CTD-processing/allCTD/hex2test/SBE19plus_5028_Sep-2014/align/2018-03-27-CookInlet-Tran9-cast023_5028.cnv
* Sea-Bird SBE19plus Data File:
* FileName = P:\My Documents\kasitsna\Research-KBL\Oceanography-AK\CTD-Data-ALL-to-2017-02\2018-CTD-KachemakBay-CookInlet\2018-03-27-CookInlet-Tran9-HomerSpit\2018-03-27-CookInlet-Tran9-cast023.hex
* Software Version 1.59
* Temperature SN =  5028
* Conductivity SN =  5028
* System UpLoad Time = Mar 28 2018 11:08:50
** Cook Inlet LTM Transect 9 Homer Spit Line north to south
** Date: 2018-03-27
** Station: (eg. 9-01): to add
** Start time (AKDT): to add
** Depth (ft): to add
** Comment:
** Comment:
# nquan = 17
# nvalues = 746                         
# units = specified
# name 0 = scan: Scan Count
# name 1 = timeJ: Julian Days
# name 2 = timeH: Time, Elapsed [hours]
# name 3 = timeM: Time, Elapsed [minutes]
# name 4 = timeS: Time, Elapsed [seconds]
# name 5 = prdM: Pressure, Strain Gauge [db]
# name 6 = specc: Specific Conductance [uS/cm]
# name 7 = sal00: Salinity, Practical [PSU]
# name 8 = tv290C: Temperature [ITS-90, deg C]
# name 9 = depSM: Depth [salt water, m], lat = 59.00
# name 10 = sbeox0Mg/L: Oxygen, SBE 43 [mg/l]
# name 11 = oxsolMg/L: Oxygen Saturation, Garcia & Gordon [mg/l]
# name 12 = potemp090C: Potential Temperature [ITS-90, deg C]
# name 13 = sigma-é00: Density [sigma-theta, kg/m^3]
# name 14 = n2satMg/L: Nitrogen Saturation [mg/l]
# name 15 = par: PAR/Irradiance, Biospherical/Licor [umol photons/m^2/sec]
# name 16 = flag:  0.000e+00
# span 0 =          1,        746       
# span 1 =  86.432431,  86.434586       
# span 2 =    0.00000,    0.05174       
# span 3 =     0.0000,     3.1042       
# span 4 =      0.000,    186.250       
# span 5 =      0.325,     91.938       
# span 6 =  50880.333,  51446.777       
# span 7 =    31.1875,    31.7429       
# span 8 =     3.0257,     4.0260       
# span 9 =      0.322,     91.058       
# span 10 =     8.8178,    10.8613      
# span 11 =   10.57704,   10.87585      
# span 12 =     3.0317,     4.0201      
# span 13 =    24.8311,    25.1943      
# span 14 =   16.54656,   16.98588      
# span 15 = 3.7490e-02, 1.4480e+02      
# span 16 = 0.0000e+00, 0.0000e+00      
# interval = seconds: 0.25
# start_time = Mar 27 2018 10:22:42 [Instrument's time stamp, header]
# bad_flag = -9.990e-29
*END*
[from data line 341]
        342  86.433417    0.02368     1.4208     85.250     11.408  51297.794    31.5322     3.4072     11.301    10.5688   10.75405     3.4164    25.0830   16.80560 7.2064e+00 0.0000e+00
        343  86.433420    0.02375     1.4250     85.500     11.622  51297.371    31.5331     3.4123     11.513    10.5688   10.75261     3.4204    25.0833   16.80352 6.8938e+00 0.0000e+00
        344  86.433423    0.02382     1.4292     85.750     11.835  51296.338    31.5335     3.4170     11.724    10.5684   10.75133     3.4236    25.0831   16.80167 6.5975e+00 0.0000e+00
        345  86.433426    0.02389     1.4333     86.000     12.047  51294.906    31.5334     3.4211     11.934    10.5676   10.75027     3.4259    25.0827   16.80013 6.3193e+00 0.0000e+00
        346  86.433429    0.02396     1.4375     86.250     12.256  51293.487    31.5332     3.4243     12.141    10.5663   10.74944     3.4274    25.0822   16.79894 6.0598e+00 0.0000e+00
        347  86.433432    0.02403     1.4417     86.500     12.461  51292.552    31.5330     3.4266     12.344    10.5643   10.74883     3.4284    25.0819   16.79807 5.8175e+00 0.0000e+00
        348  86.433435    0.02410     1.4458     86.750     12.665  51292.170    31.5331     3.4282     12.546    10.5621   10.74841     3.4290    25.0818   16.79746 5.5898e+00 0.0000e+00
        349  86.433437    0.02417     1.4500     87.000     12.868  51292.174    31.5332     3.4292     12.747    10.5598   10.74813     3.4293    25.0818   16.79705 5.3745e+00 0.0000e+00
        350  86.433440    0.02424     1.4542     87.250     13.072  51292.441    31.5334     3.4298     12.949    10.5574   10.74796     3.4293    25.0820   16.79680 5.1701e+00 0.0000e+00
        351  86.433443    0.02431     1.4583     87.500     13.279  51292.954    31.5337     3.4300     13.154    10.5552   10.74787     3.4292    25.0822   16.79667 4.9660e+00 0.0000e+00
        352  86.433446    0.02438     1.4625     87.750     13.488  51293.652    31.5341     3.4301     13.362    10.5537   10.74783     3.4290    25.0825   16.79660 4.7518e+00 0.0000e+00
        353  86.433449    0.02444     1.4667     88.000     13.699  51294.402    31.5345     3.4300     13.571    10.5527   10.74783     3.4288    25.0828   16.79659 4.5372e+00 0.0000e+00
        354  86.433452    0.02451     1.4708     88.250     13.909  51295.088    31.5348     3.4298     13.779    10.5522   10.74784     3.4285    25.0831   16.79660 4.3334e+00 0.0000e+00
        355  86.433455    0.02458     1.4750     88.500     14.117  51295.727    31.5351     3.4296     13.985    10.5523   10.74788     3.4282    25.0833   16.79665 4.1416e+00 0.0000e+00
        356  86.433458    0.02465     1.4792     88.750     14.322  51296.420    31.5354     3.4294     14.188    10.5525   10.74793     3.4279    25.0836   16.79672 3.9617e+00 0.0000e+00
        357  86.433461    0.02472     1.4833     89.000     14.524  51297.206    31.5358     3.4291     14.388    10.5527   10.74798     3.4276    25.0839   16.79679 3.7928e+00 0.0000e+00
        358  86.433464    0.02479     1.4875     89.250     14.724  51298.026    31.5361     3.4288     14.586    10.5529   10.74803     3.4274    25.0842   16.79686 3.6331e+00 0.0000e+00
        359  86.433466    0.02486     1.4917     89.500     14.923  51298.803    31.5365     3.4285     14.783    10.5531   10.74808     3.4273    25.0846   16.79691 3.4808e+00 0.0000e+00
        360  86.433469    0.02493     1.4958     89.750     15.124  51299.495    31.5368     3.4283     14.982    10.5533   10.74811     3.4271    25.0848   16.79695 3.3339e+00 0.0000e+00
        361  86.433472    0.02500     1.5000     90.000     15.327  51300.116    31.5371     3.4282     15.183    10.5537   10.74813     3.4271    25.0851   16.79698 3.1918e+00 0.0000e+00
        362  86.433475    0.02507     1.5042     90.250     15.533  51300.716    31.5374     3.4281     15.387    10.5544   10.74813     3.4271    25.0853   16.79698 3.0541e+00 0.0000e+00
        363  86.433478    0.02514     1.5083     90.500     15.741  51301.319    31.5376     3.4280     15.594    10.5555   10.74813     3.4272    25.0855   16.79697 2.9213e+00 0.0000e+00
        364  86.433481    0.02521     1.5125     90.750     15.950  51301.912    31.5379     3.4280     15.801    10.5569   10.74810     3.4273    25.0858   16.79693 2.7942e+00 0.0000e+00
        365  86.433484    0.02528     1.5167     91.000     16.159  51302.512    31.5383     3.4281     16.007    10.5585   10.74805     3.4276    25.0860   16.79685 2.6731e+00 0.0000e+00
        366  86.433487    0.02535     1.5208     91.250     16.367  51303.150    31.5386     3.4283     16.213    10.5600   10.74798     3.4280    25.0863   16.79674 2.5577e+00 0.0000e+00
        367  86.433490    0.02542     1.5250     91.500     16.574  51303.859    31.5391     3.4285     16.419    10.5614   10.74787     3.4285    25.0866   16.79658 2.4476e+00 0.0000e+00
        368  86.433492    0.02549     1.5292     91.750     16.782  51304.652    31.5396     3.4290     16.624    10.5627   10.74772     3.4293    25.0870   16.79635 2.3420e+00 0.0000e+00
        369  86.433495    0.02556     1.5333     92.000     16.991  51305.516    31.5403     3.4295     16.831    10.5638   10.74753     3.4302    25.0875   16.79606 2.2404e+00 0.0000e+00
        370  86.433498    0.02562     1.5375     92.250     17.200  51306.478    31.5410     3.4303     17.039    10.5652   10.74728     3.4314    25.0880   16.79569 2.1432e+00 0.0000e+00
        371  86.433501    0.02569     1.5417     92.500     17.410  51307.637    31.5419     3.4312     17.247    10.5669   10.74696     3.4330    25.0886   16.79521 2.0505e+00 0.0000e+00
        372  86.433504    0.02576     1.5458     92.750     17.618  51309.086    31.5431     3.4324     17.453    10.5690   10.74655     3.4350    25.0895   16.79460 1.9626e+00 0.0000e+00
        373  86.433507    0.02583     1.5500     93.000     17.825  51310.883    31.5446     3.4340     17.658    10.5716   10.74603     3.4375    25.0905   16.79383 1.8792e+00 0.0000e+00
        374  86.433510    0.02590     1.5542     93.250     18.030  51313.123    31.5465     3.4360     17.860    10.5745   10.74536     3.4408    25.0919   16.79283 1.8000e+00 0.0000e+00
        375  86.433513    0.02597     1.5583     93.500     18.234  51315.787    31.5488     3.4386     18.063    10.5775   10.74451     3.4447    25.0935   16.79156 1.7242e+00 0.0000e+00
        376  86.433516    0.02604     1.5625     93.750     18.439  51318.271    31.5512     3.4418     18.266    10.5808   10.74347     3.4490    25.0951   16.79003 1.6507e+00 0.0000e+00
        377  86.433519    0.02611     1.5667     94.000     18.648  51319.734    31.5531     3.4458     18.473    10.5844   10.74230     3.4535    25.0963   16.78829 1.5789e+00 0.0000e+00
        378  86.433521    0.02618     1.5708     94.250     18.862  51319.877    31.5542     3.4501     18.684    10.5882   10.74106     3.4577    25.0968   16.78649 1.5087e+00 0.0000e+00
        379  86.433524    0.02625     1.5750     94.500     19.079  51318.700    31.5544     3.4546     18.900    10.5920   10.73985     3.4614    25.0965   16.78475 1.4404e+00 0.0000e+00
        380  86.433527    0.02632     1.5792     94.750     19.299  51316.446    31.5539     3.4588     19.118    10.5955   10.73878     3.4643    25.0957   16.78320 1.3747e+00 0.0000e+00
        381  86.433530    0.02639     1.5833     95.000     19.519  51313.734    31.5528     3.4625     19.335    10.5985   10.73788     3.4665    25.0946   16.78193 1.3123e+00 0.0000e+00
        382  86.433533    0.02646     1.5875     95.250     19.736  51311.197    31.5517     3.4655     19.551    10.6007   10.73718     3.4681    25.0934   16.78093 1.2537e+00 0.0000e+00
        383  86.433536    0.02653     1.5917     95.500     19.950  51309.265    31.5509     3.4677     19.762    10.6017   10.73666     3.4694    25.0925   16.78019 1.1987e+00 0.0000e+00
        384  86.433539    0.02660     1.5958     95.750     20.160  51308.086    31.5504     3.4693     19.970    10.6013   10.73625     3.4705    25.0920   16.77962 1.1469e+00 0.0000e+00
        385  86.433542    0.02667     1.6000     96.000     20.368  51307.556    31.5502     3.4706     20.176    10.5999   10.73593     3.4715    25.0918   16.77915 1.0976e+00 0.0000e+00
        386  86.433545    0.02674     1.6042     96.250     20.576  51307.411    31.5503     3.4717     20.383    10.5979   10.73564     3.4724    25.0917   16.77873 1.0503e+00 0.0000e+00
        387  86.433547    0.02681     1.6083     96.500     20.786  51307.335    31.5504     3.4727     20.591    10.5957   10.73537     3.4733    25.0917   16.77833 1.0044e+00 0.0000e+00
        388  86.433550    0.02688     1.6125     96.750     20.999  51307.254    31.5505     3.4737     20.801    10.5936   10.73511     3.4742    25.0917   16.77796 9.6005e-01 0.0000e+00
        389  86.433553    0.02694     1.6167     97.000     21.213  51307.252    31.5506     3.4746     21.013    10.5919   10.73486     3.4751    25.0917   16.77760 9.1741e-01 0.0000e+00
        390  86.433556    0.02701     1.6208     97.250     21.427  51307.300    31.5507     3.4755     21.225    10.5911   10.73461     3.4759    25.0918   16.77724 8.7681e-01 0.0000e+00
        391  86.433559    0.02708     1.6250     97.500     21.639  51307.220    31.5508     3.4763     21.436    10.5911   10.73437     3.4766    25.0917   16.77689 8.3843e-01 0.0000e+00
        392  86.433562    0.02715     1.6292     97.750     21.850  51306.655    31.5505     3.4772     21.644    10.5919   10.73416     3.4771    25.0914   16.77660 8.0221e-01 0.0000e+00
        393  86.433565    0.02722     1.6333     98.000     22.058  51305.832    31.5501     3.4779     21.850    10.5933   10.73401     3.4776    25.0910   16.77638 7.6787e-01 0.0000e+00
        394  86.433568    0.02729     1.6375     98.250     22.265  51305.856    31.5501     3.4785     22.056    10.5949   10.73387     3.4784    25.0910   16.77618 7.3503e-01 0.0000e+00
        395  86.433571    0.02736     1.6417     98.500     22.473  51306.932    31.5509     3.4789     22.262    10.5967   10.73369     3.4794    25.0915   16.77590 7.0336e-01 0.0000e+00
        396  86.433573    0.02743     1.6458     98.750     22.684  51307.945    31.5516     3.4797     22.471    10.5985   10.73344     3.4805    25.0921   16.77553 6.7270e-01 0.0000e+00
        397  86.433576    0.02750     1.6500     99.000     22.897  51308.240    31.5520     3.4807     22.682    10.6001   10.73314     3.4816    25.0923   16.77509 6.4319e-01 0.0000e+00
        398  86.433579    0.02757     1.6542     99.250     23.111  51308.110    31.5520     3.4819     22.893    10.6013   10.73283     3.4828    25.0922   16.77464 6.1502e-01 0.0000e+00
        399  86.433582    0.02764     1.6583     99.500     23.323  51307.826    31.5520     3.4830     23.103    10.6019   10.73252     3.4838    25.0921   16.77420 5.8838e-01 0.0000e+00
        400  86.433585    0.02771     1.6625     99.750     23.532  51307.268    31.5518     3.4841     23.310    10.6020   10.73224     3.4846    25.0919   16.77379 5.6335e-01 0.0000e+00
        401  86.433588    0.02778     1.6667    100.000     23.737  51306.419    31.5514     3.4852     23.513    10.6017   10.73199     3.4853    25.0915   16.77345 5.3984e-01 0.0000e+00
        402  86.433591    0.02785     1.6708    100.250     23.939  51305.465    31.5509     3.4861     23.714    10.6011   10.73180     3.4857    25.0910   16.77318 5.1761e-01 0.0000e+00
        403  86.433594    0.02792     1.6750    100.500     24.140  51304.554    31.5503     3.4867     23.913    10.6002   10.73166     3.4860    25.0905   16.77299 4.9632e-01 0.0000e+00
        404  86.433597    0.02799     1.6792    100.750     24.343  51303.753    31.5498     3.4872     24.113    10.5990   10.73158     3.4861    25.0900   16.77288 4.7572e-01 0.0000e+00
        405  86.433600    0.02806     1.6833    101.000     24.548  51303.090    31.5493     3.4874     24.316    10.5977   10.73155     3.4860    25.0896   16.77284 4.5569e-01 0.0000e+00
        406  86.433602    0.02813     1.6875    101.250     24.755  51302.612    31.5489     3.4875     24.522    10.5963   10.73155     3.4859    25.0892   16.77286 4.3628e-01 0.0000e+00
        407  86.433605    0.02819     1.6917    101.500     24.965  51302.366    31.5486     3.4875     24.730    10.5950   10.73158     3.4858    25.0890   16.77290 4.1762e-01 0.0000e+00
        408  86.433608    0.02826     1.6958    101.750     25.174  51302.364    31.5485     3.4874     24.937    10.5937   10.73162     3.4857    25.0889   16.77296 3.9988e-01 0.0000e+00
        409  86.433611    0.02833     1.7000    102.000     25.381  51302.503    31.5484     3.4873     25.142    10.5921   10.73165     3.4856    25.0889   16.77300 3.8318e-01 0.0000e+00
        410  86.433614    0.02840     1.7042    102.250     25.584  51302.632    31.5484     3.4872     25.344    10.5905   10.73168     3.4855    25.0889   16.77304 3.6751e-01 0.0000e+00
        411  86.433617    0.02847     1.7083    102.500     25.784  51302.721    31.5483     3.4871     25.542    10.5890   10.73171     3.4854    25.0888   16.77308 3.5272e-01 0.0000e+00
        412  86.433620    0.02854     1.7125    102.750     25.983  51302.841    31.5483     3.4870     25.739    10.5878   10.73173     3.4853    25.0888   16.77312 3.3860e-01 0.0000e+00
        413  86.433623    0.02861     1.7167    103.000     26.183  51303.052    31.5483     3.4869     25.937    10.5871   10.73175     3.4853    25.0888   16.77315 3.2494e-01 0.0000e+00
        414  86.433626    0.02868     1.7208    103.250     26.387  51303.351    31.5484     3.4869     26.138    10.5869   10.73176     3.4852    25.0889   16.77316 3.1161e-01 0.0000e+00
        415  86.433628    0.02875     1.7250    103.500     26.595  51303.658    31.5485     3.4868     26.344    10.5871   10.73177     3.4852    25.0890   16.77317 2.9858e-01 0.0000e+00
        416  86.433631    0.02882     1.7292    103.750     26.806  51303.903    31.5486     3.4868     26.554    10.5878   10.73177     3.4852    25.0890   16.77316 2.8595e-01 0.0000e+00
        417  86.433634    0.02889     1.7333    104.000     27.019  51304.091    31.5486     3.4868     26.765    10.5887   10.73176     3.4852    25.0890   16.77316 2.7383e-01 0.0000e+00
        418  86.433637    0.02896     1.7375    104.250     27.232  51304.201    31.5486     3.4869     26.975    10.5896   10.73176     3.4852    25.0890   16.77316 2.6232e-01 0.0000e+00
        419  86.433640    0.02903     1.7417    104.500     27.442  51304.272    31.5485     3.4869     27.184    10.5904   10.73177     3.4852    25.0890   16.77316 2.5150e-01 0.0000e+00
        420  86.433643    0.02910     1.7458    104.750     27.650  51304.415    31.5485     3.4868     27.390    10.5907   10.73177     3.4852    25.0890   16.77317 2.4138e-01 0.0000e+00
        421  86.433646    0.02917     1.7500    105.000     27.858  51304.650    31.5485     3.4868     27.596    10.5906   10.73177     3.4853    25.0890   16.77316 2.3180e-01 0.0000e+00
        422  86.433649    0.02924     1.7542    105.250     28.066  51304.937    31.5486     3.4869     27.802    10.5903   10.73175     3.4853    25.0891   16.77314 2.2259e-01 0.0000e+00
        423  86.433652    0.02931     1.7583    105.500     28.277  51305.248    31.5487     3.4869     28.011    10.5900   10.73173     3.4855    25.0892   16.77311 2.1371e-01 0.0000e+00
        424  86.433655    0.02937     1.7625    105.750     28.490  51305.575    31.5489     3.4870     28.221    10.5897   10.73169     3.4856    25.0893   16.77306 2.0516e-01 0.0000e+00
        425  86.433657    0.02944     1.7667    106.000     28.702  51305.898    31.5490     3.4871     28.432    10.5894   10.73165     3.4858    25.0894   16.77299 1.9696e-01 0.0000e+00
