CTD-processing/Workspace/ADFG-BobDeCino/2007/microcat/CTD/sbe37_0714.asc
* Sea-Bird SBE37 Data File:
* FileName = C:\OTF\CTD\2005\sbe37_0714.asc
* Software Version 1.26
* Temperature SN = 2970
* Conductivity SN = 2970
* System UpLoad Time = Jul 14 2005 13:15:05
* ds
* SBE37-SM V 2.3  SERIAL NO. 2970    07-14-2004  13:14:46
*END*
[from data line 642]
 11.2557, 3.40820,    4.376, 07-14-2004, 08:24:33
 11.2536, 3.40834,    4.248, 07-14-2004, 08:24:43
 11.2544, 3.40844,    4.278, 07-14-2004, 08:24:53
 11.2583, 3.40826,    4.626, 07-14-2004, 08:25:03
 11.2521, 3.40833,    4.181, 07-14-2004, 08:25:13
 11.2523, 3.40861,    4.297, 07-14-2004, 08:25:23
 11.2498, 3.40883,    4.333, 07-14-2004, 08:25:33
 11.2484, 3.40869,    4.449, 07-14-2004, 08:25:43
 11.2423, 3.40846,    4.162, 07-14-2004, 08:25:53
 11.2314, 3.40838,    4.065, 07-14-2004, 08:26:03
 11.2381, 3.40742,    4.492, 07-14-2004, 08:26:13
 11.2350, 3.40708,    4.413, 07-14-2004, 08:26:23
 11.2343, 3.40689,    4.400, 07-14-2004, 08:26:33
 11.2547, 3.40657,    4.468, 07-14-2004, 08:26:43
 11.2444, 3.40688,    4.187, 07-14-2004, 08:26:53
 11.2423, 3.40711,    3.820, 07-14-2004, 08:27:03
 11.2659, 3.40719,    4.413, 07-14-2004, 08:27:13
 11.2889, 3.40789,    4.529, 07-14-2004, 08:27:23
 11.2695, 3.40656,    4.651, 07-14-2004, 08:27:33
 11.2587, 3.40595,    4.272, 07-14-2004, 08:27:43
 11.2498, 3.40529,    4.413, 07-14-2004, 08:27:53
 11.2863, 3.40674,    4.260, 07-14-2004, 08:28:03
 11.2822, 3.40630,    4.455, 07-14-2004, 08:28:13
 11.3010, 3.40684,    4.651, 07-14-2004, 08:28:23
 11.2890, 3.40653,    4.407, 07-14-2004, 08:28:33
 11.2897, 3.40662,    4.187, 07-14-2004, 08:28:43
 11.2853, 3.40649,    4.486, 07-14-2004, 08:28:53
 11.3010, 3.40689,    4.370, 07-14-2004, 08:29:03
 11.3023, 3.40677,    4.480, 07-14-2004, 08:29:13
 11.3070, 3.40708,    4.455, 07-14-2004, 08:29:23
 11.2818, 3.40624,    4.248, 07-14-2004, 08:29:33
 11.3130, 3.40709,    4.083, 07-14-2004, 08:29:43
 11.3049, 3.40666,    4.407, 07-14-2004, 08:29:53
 11.3058, 3.40663,    3.875, 07-14-2004, 08:30:03
 11.2754, 3.40564,    4.229, 07-14-2004, 08:30:13
 11.2579, 3.40473,    4.352, 07-14-2004, 08:30:23
 11.2559, 3.40476,    4.358, 07-14-2004, 08:30:33
 11.2478, 3.40446,    4.376, 07-14-2004, 08:30:43
 11.2480, 3.40410,    4.498, 07-14-2004, 08:30:53
 11.2595, 3.40405,    4.571, 07-14-2004, 08:31:03
 11.2643, 3.40417,    4.535, 07-14-2004, 08:31:13
 11.2735, 3.40455,    4.559, 07-14-2004, 08:31:23
 11.2559, 3.40410,    4.480, 07-14-2004, 08:31:33
 11.2976, 3.40485,    4.315, 07-14-2004, 08:31:43
 11.3025, 3.40492,    4.260, 07-14-2004, 08:31:53
 11.2838, 3.40500,    4.315, 07-14-2004, 08:32:03
 11.3004, 3.40529,    4.694, 07-14-2004, 08:32:13
 11.2814, 3.40503,    4.498, 07-14-2004, 08:32:23
 11.2931, 3.40492,    4.468, 07-14-2004, 08:32:33
 11.3111, 3.40571,    4.327, 07-14-2004, 08:32:43
 11.3112, 3.40530,    4.559, 07-14-2004, 08:32:53
 11.3179, 3.40541,    4.315, 07-14-2004, 08:33:03
 11.3275, 3.40547,    4.419, 07-14-2004, 08:33:13
 11.3227, 3.40528,    4.529, 07-14-2004, 08:33:23
 11.3221, 3.40515,    4.071, 07-14-2004, 08:33:33
 11.3117, 3.40510,    4.608, 07-14-2004, 08:33:43
 11.3318, 3.40577,    4.718, 07-14-2004, 08:33:53
 11.3261, 3.40566,    4.651, 07-14-2004, 08:34:03
 11.3129, 3.40549,    4.266, 07-14-2004, 08:34:13
 11.2970, 3.40509,    4.565, 07-14-2004, 08:34:23
 11.2234, 3.40244,    7.258, 07-14-2004, 08:34:33
 11.0019, 3.40321,    9.517, 07-14-2004, 08:34:43
 11.0363, 3.40240,    9.053, 07-14-2004, 08:34:53
 11.0259, 3.40562,    8.864, 07-14-2004, 08:35:03
 11.0304, 3.40341,    8.772, 07-14-2004, 08:35:13
 11.0636, 3.40263,    8.668, 07-14-2004, 08:35:23
 11.0573, 3.40249,    8.693, 07-14-2004, 08:35:33
 11.1638, 3.40608,    6.971, 07-14-2004, 08:35:43
 11.2297, 3.40741,    5.933, 07-14-2004, 08:35:53
 11.2216, 3.40799,    5.939, 07-14-2004, 08:36:03
 11.2251, 3.41711,    6.104, 07-14-2004, 08:36:13
 11.2447, 3.41446,    5.878, 07-14-2004, 08:36:23
 11.2509, 3.41349,    5.823, 07-14-2004, 08:36:33
 11.2727, 3.41309,    5.542, 07-14-2004, 08:36:43
 11.2401, 3.41657,    5.634, 07-14-2004, 08:36:53
 11.2021, 3.42266,    5.707, 07-14-2004, 08:37:03
 11.2492, 3.41823,    5.811, 07-14-2004, 08:37:13
 11.2395, 3.42109,    5.719, 07-14-2004, 08:37:23
 11.1754, 3.43008,    5.713, 07-14-2004, 08:37:33
 11.1783, 3.42998,    5.915, 07-14-2004, 08:37:43
 11.1928, 3.42897,    5.963, 07-14-2004, 08:37:53
 11.1267, 3.43426,    5.878, 07-14-2004, 08:38:03
 11.1267, 3.43447,    5.939, 07-14-2004, 08:38:13
 11.1465, 3.43292,    5.768, 07-14-2004, 08:38:23
 11.1048, 3.43657,    5.573, 07-14-2004, 08:38:33
 11.0643, 3.43913,    5.652, 07-14-2004, 08:38:43
 11.0972, 3.43774,    6.672, 07-14-2004, 08:38:53
 11.0726, 3.43910,    7.295, 07-14-2004, 08:39:03
 11.0308, 3.44155,    7.612, 07-14-2004, 08:39:13
 11.1048, 3.43740,    6.391, 07-14-2004, 08:39:23
 11.1568, 3.43468,    4.932, 07-14-2004, 08:39:33
 11.1944, 3.43283,    3.332, 07-14-2004, 08:39:43
 11.0384, 3.44212,    3.350, 07-14-2004, 08:39:53
 10.9461, 3.44582,    3.466, 07-14-2004, 08:40:03
 11.0412, 3.44111,    3.479, 07-14-2004, 08:40:13
 11.0519, 3.44110,    3.472, 07-14-2004, 08:40:23
 10.9954, 3.44332,    3.393, 07-14-2004, 08:40:33
 10.8763, 3.44519,    3.326, 07-14-2004, 08:40:43
 10.9373, 3.44465,    3.717, 07-14-2004, 08:40:53
 11.0191, 3.44233,    3.778, 07-14-2004, 08:41:03
 11.0249, 3.44251,    3.869, 07-14-2004, 08:41:13
 11.0376, 3.44244,    3.796, 07-14-2004, 08:41:23
 11.0436, 3.44230,    3.875, 07-14-2004, 08:41:33
 11.0511, 3.44210,    3.906, 07-14-2004, 08:41:43
 11.0609, 3.44197,    3.997, 07-14-2004, 08:41:53
 11.0604, 3.44217,    3.808, 07-14-2004, 08:42:03
 11.0715, 3.44121,    3.808, 07-14-2004, 08:42:13
 11.0780, 3.44087,    3.955, 07-14-2004, 08:42:23
 11.0371, 3.44390,    3.888, 07-14-2004, 08:42:33
 10.9471, 3.44439,    4.156, 07-14-2004, 08:42:43
 10.8581, 3.44510,    4.291, 07-14-2004, 08:42:53
 10.8703, 3.44501,    4.242, 07-14-2004, 08:43:03
 10.9037, 3.44516,    4.181, 07-14-2004, 08:43:13
 10.8969, 3.44526,    4.327, 07-14-2004, 08:43:23
 10.9069, 3.44501,    4.303, 07-14-2004, 08:43:33
 10.8984, 3.44514,    4.437, 07-14-2004, 08:43:43
 10.9412, 3.44579,    4.358, 07-14-2004, 08:43:53
 10.9361, 3.44617,    4.291, 07-14-2004, 08:44:03
 10.9926, 3.44603,    4.175, 07-14-2004, 08:44:13
 10.9740, 3.44586,    4.242, 07-14-2004, 08:44:23
 11.0004, 3.44560,    4.462, 07-14-2004, 08:44:33
 10.9747, 3.44511,    4.651, 07-14-2004, 08:44:43
 10.9704, 3.44500,    4.510, 07-14-2004, 08:44:53
 11.0004, 3.44482,    4.425, 07-14-2004, 08:45:03
 11.0187, 3.44494,    4.321, 07-14-2004, 08:45:13
 10.9998, 3.44472,    4.382, 07-14-2004, 08:45:23
 11.0082, 3.44455,    4.187, 07-14-2004, 08:45:33
 10.8953, 3.44637,    3.955, 07-14-2004, 08:45:43
 10.8680, 3.44649,    4.175, 07-14-2004, 08:45:53
 10.8857, 3.44624,    4.071, 07-14-2004, 08:46:03
 10.8806, 3.44648,    4.504, 07-14-2004, 08:46:13
 10.8837, 3.44659,    4.278, 07-14-2004, 08:46:23
 10.9039, 3.44646,    4.040, 07-14-2004, 08:46:33
 10.8930, 3.44667,    4.199, 07-14-2004, 08:46:43
 10.9021, 3.44661,    4.156, 07-14-2004, 08:46:53
 10.9092, 3.44670,    4.284, 07-14-2004, 08:47:03
 10.9005, 3.44685,    4.620, 07-14-2004, 08:47:13
 10.9017, 3.44685,    4.370, 07-14-2004, 08:47:23
 10.9200, 3.44669,    4.315, 07-14-2004, 08:47:33
 10.9097, 3.44665,    4.254, 07-14-2004, 08:47:43
 10.9138, 3.44676,    4.120, 07-14-2004, 08:47:53
 10.9138, 3.44711,    4.376, 07-14-2004, 08:48:03
 10.9132, 3.44754,    4.382, 07-14-2004, 08:48:13
 10.9131, 3.44753,    4.504, 07-14-2004, 08:48:23
 10.9218, 3.44709,    4.291, 07-14-2004, 08:48:33
 10.9245, 3.44706,    4.236, 07-14-2004, 08:48:43
 10.9255, 3.44722,    4.376, 07-14-2004, 08:48:53
 10.9243, 3.44722,    4.321, 07-14-2004, 08:49:03
 10.9213, 3.44734,    4.236, 07-14-2004, 08:49:13
 10.9367, 3.44704,    4.675, 07-14-2004, 08:49:23
 10.9282, 3.44701,    4.718, 07-14-2004, 08:49:33
 10.9379, 3.44689,    4.706, 07-14-2004, 08:49:43
 10.9161, 3.44808,    4.437, 07-14-2004, 08:49:53
 10.9316, 3.44745,    4.504, 07-14-2004, 08:50:03
 10.9313, 3.44729,    4.126, 07-14-2004, 08:50:13
 10.9200, 3.44740,    4.632, 07-14-2004, 08:50:23
 10.9153, 3.44779,    4.309, 07-14-2004, 08:50:33
 10.9212, 3.44749,    4.455, 07-14-2004, 08:50:43
 10.9209, 3.44724,    4.675, 07-14-2004, 08:50:53
 10.9351, 3.44685,    4.394, 07-14-2004, 08:51:03
 10.9383, 3.44675,    4.498, 07-14-2004, 08:51:13
 10.9229, 3.44750,    4.468, 07-14-2004, 08:51:23
 10.9144, 3.44818,    4.474, 07-14-2004, 08:51:33
 10.9395, 3.44715,    4.669, 07-14-2004, 08:51:43
 10.9269, 3.44749,    4.614, 07-14-2004, 08:51:53
 10.9205, 3.44820,    4.486, 07-14-2004, 08:52:03
 10.9324, 3.44781,    4.400, 07-14-2004, 08:52:13
 10.9314, 3.44784,    4.468, 07-14-2004, 08:52:23
 10.9335, 3.44780,    4.346, 07-14-2004, 08:52:33
 10.9350, 3.44770,    4.474, 07-14-2004, 08:52:43
 10.9462, 3.44749,    4.504, 07-14-2004, 08:52:53
 10.9445, 3.44747,    4.211, 07-14-2004, 08:53:03
 10.9485, 3.44727,    4.437, 07-14-2004, 08:53:13
 10.9312, 3.44812,    4.248, 07-14-2004, 08:53:23
 10.9357, 3.44802,    4.187, 07-14-2004, 08:53:33
 10.9380, 3.44776,    4.571, 07-14-2004, 08:53:43
 10.9370, 3.44795,    4.669, 07-14-2004, 08:53:53
 10.9320, 3.44789,    4.370, 07-14-2004, 08:54:03
 10.9368, 3.44764,    4.462, 07-14-2004, 08:54:13
 10.9428, 3.44752,    4.419, 07-14-2004, 08:54:23
 10.9485, 3.44748,    4.584, 07-14-2004, 08:54:33
 10.9550, 3.44719,    4.516, 07-14-2004, 08:54:43
 10.9258, 3.44812,    4.504, 07-14-2004, 08:54:53
 10.9191, 3.44795,    4.632, 07-14-2004, 08:55:03
 10.9161, 3.44828,    4.565, 07-14-2004, 08:55:13
 10.9220, 3.44824,    4.132, 07-14-2004, 08:55:23
 10.9254, 3.44824,    4.217, 07-14-2004, 08:55:33
 10.9138, 3.44799,    4.327, 07-14-2004, 08:55:43
 10.9037, 3.44773,    4.260, 07-14-2004, 08:55:53
 10.9275, 3.44758,    4.242, 07-14-2004, 08:56:03
 10.9326, 3.44765,    4.144, 07-14-2004, 08:56:13
 10.9436, 3.44752,    4.315, 07-14-2004, 08:56:23
 10.9136, 3.44762,    4.431, 07-14-2004, 08:56:33
 10.9233, 3.44766,    4.339, 07-14-2004, 08:56:43
 10.9262, 3.44773,    4.394, 07-14-2004, 08:56:53
 10.9160, 3.44766,    4.547, 07-14-2004, 08:57:03
 10.9374, 3.44757,    4.486, 07-14-2004, 08:57:13
 10.9292, 3.44745,    4.364, 07-14-2004, 08:57:23
 10.9093, 3.44723,    4.309, 07-14-2004, 08:57:33
 10.9129, 3.44741,    4.565, 07-14-2004, 08:57:43
 10.9200, 3.44743,    4.278, 07-14-2004, 08:57:53
 10.9189, 3.44742,    4.486, 07-14-2004, 08:58:03
 10.9234, 3.44737,    4.095, 07-14-2004, 08:58:13
 10.9246, 3.44739,    4.040, 07-14-2004, 08:58:23
 10.9344, 3.44740,    4.309, 07-14-2004, 08:58:33
 10.9371, 3.44744,    4.175, 07-14-2004, 08:58:43
 10.9415, 3.44758,    4.248, 07-14-2004, 08:58:53
 10.9384, 3.44768,    4.107, 07-14-2004, 08:59:03
 10.9424, 3.44775,    4.407, 07-14-2004, 08:59:13
 10.9335, 3.44764,    4.413, 07-14-2004, 08:59:23
 10.9309, 3.44759,    4.297, 07-14-2004, 08:59:33
 10.9399, 3.44760,    4.205, 07-14-2004, 08:59:43
 10.9424, 3.44754,    4.632, 07-14-2004, 08:59:53
 10.9477, 3.44753,    4.614, 07-14-2004, 09:00:03
 10.9253, 3.44751,    4.486, 07-14-2004, 09:00:13
 10.9486, 3.44768,    4.486, 07-14-2004, 09:00:23
 10.9565, 3.44765,    4.083, 07-14-2004, 09:00:33
 10.9657, 3.44797,    4.120, 07-14-2004, 09:00:43
 10.9312, 3.44758,    4.150, 07-14-2004, 09:00:53
 10.9383, 3.44763,    4.443, 07-14-2004, 09:01:03
 10.9368, 3.44758,    4.327, 07-14-2004, 09:01:13
 10.9429, 3.44759,    4.376, 07-14-2004, 09:01:23
 10.9424, 3.44770,    4.578, 07-14-2004, 09:01:33
 10.9491, 3.44754,    4.425, 07-14-2004, 09:01:43
 10.9514, 3.44763,    4.376, 07-14-2004, 09:01:53
 10.9546, 3.44750,    4.449, 07-14-2004, 09:02:03
 10.9505, 3.44744,    4.535, 07-14-2004, 09:02:13
 10.9579, 3.44742,    4.364, 07-14-2004, 09:02:23
 10.9514, 3.44740,    4.388, 07-14-2004, 09:02:33
 10.9595, 3.44754,    4.547, 07-14-2004, 09:02:43
 10.9576, 3.44747,    4.315, 07-14-2004, 09:02:53
 10.9612, 3.44748,    4.425, 07-14-2004, 09:03:03
 10.9611, 3.44734,    4.504, 07-14-2004, 09:03:13
 10.9659, 3.44762,    4.333, 07-14-2004, 09:03:23
 10.9307, 3.44793,    4.474, 07-14-2004, 09:03:33
 10.9299, 3.44796,    4.437, 07-14-2004, 09:03:43
 10.9320, 3.44784,    4.205, 07-14-2004, 09:03:53
 10.9244, 3.44789,    4.425, 07-14-2004, 09:04:03
 10.9304, 3.44792,    4.480, 07-14-2004, 09:04:13
 10.9327, 3.44810,    4.608, 07-14-2004, 09:04:23
 10.9319, 3.44790,    4.077, 07-14-2004, 09:04:33
 10.9270, 3.44786,    4.535, 07-14-2004, 09:04:43
 10.9282, 3.44767,    4.529, 07-14-2004, 09:04:53
 10.9289, 3.44767,    4.394, 07-14-2004, 09:05:03
 10.9287, 3.44779,    4.358, 07-14-2004, 09:05:13
 10.9304, 3.44762,    4.468, 07-14-2004, 09:05:23
 10.9300, 3.44763,    4.626, 07-14-2004, 09:05:33
 10.9271, 3.44746,    4.510, 07-14-2004, 09:05:43
 10.9277, 3.44741,    4.578, 07-14-2004, 09:05:53
 10.9332, 3.44763,    4.382, 07-14-2004, 09:06:03
 10.9311, 3.44755,    4.364, 07-14-2004, 09:06:13
 10.9339, 3.44779,    4.474, 07-14-2004, 09:06:23
 10.9314, 3.44767,    4.400, 07-14-2004, 09:06:33
 10.9255, 3.44726,    4.291, 07-14-2004, 09:06:43
 10.9259, 3.44717,    4.407, 07-14-2004, 09:06:53
 10.9347, 3.44707,    4.462, 07-14-2004, 09:07:03
 10.9467, 3.44769,    4.400, 07-14-2004, 09:07:13
 10.9482, 3.44798,    4.242, 07-14-2004, 09:07:23
 10.9459, 3.44774,    4.553, 07-14-2004, 09:07:33
 10.9369, 3.44728,    4.443, 07-14-2004, 09:07:43
 10.9464, 3.44763,    4.626, 07-14-2004, 09:07:53
 10.9407, 3.44753,    4.437, 07-14-2004, 09:08:03
 10.9406, 3.44720,    4.321, 07-14-2004, 09:08:13
 10.9402, 3.44715,    4.468, 07-14-2004, 09:08:23
 10.9403, 3.44709,    4.413, 07-14-2004, 09:08:33
 10.9418, 3.44714,    4.236, 07-14-2004, 09:08:43
 10.9478, 3.44739,    4.584, 07-14-2004, 09:08:53
 10.9438, 3.44720,    4.614, 07-14-2004, 09:09:03
 10.9460, 3.44712,    4.352, 07-14-2004, 09:09:13
 10.9446, 3.44718,    4.419, 07-14-2004, 09:09:23
 10.9475, 3.44724,    4.529, 07-14-2004, 09:09:33
 10.9500, 3.44730,    4.413, 07-14-2004, 09:09:43
 10.9539, 3.44737,    4.614, 07-14-2004, 09:09:53
 10.9477, 3.44736,    4.590, 07-14-2004, 09:10:03
 10.9475, 3.44745,    4.645, 07-14-2004, 09:10:13
 10.9433, 3.44766,    4.486, 07-14-2004, 09:10:23
 10.9367, 3.44765,    4.571, 07-14-2004, 09:10:33
 10.9359, 3.44769,    4.284, 07-14-2004, 09:10:43
 10.9395, 3.44764,    4.492, 07-14-2004, 09:10:53
 10.9490, 3.44761,    4.364, 07-14-2004, 09:11:03
 10.9588, 3.44764,    4.468, 07-14-2004, 09:11:13
 10.9540, 3.44781,    4.645, 07-14-2004, 09:11:23
 10.9604, 3.44796,    4.126, 07-14-2004, 09:11:33
 10.9544, 3.44781,    4.388, 07-14-2004, 09:11:43
 10.9581, 3.44771,    4.419, 07-14-2004, 09:11:53
 10.9584, 3.44772,    4.559, 07-14-2004, 09:12:03
 10.9552, 3.44772,    4.504, 07-14-2004, 09:12:13
 10.9591, 3.44786,    4.217, 07-14-2004, 09:12:23
 10.9486, 3.44794,    4.559, 07-14-2004, 09:12:33
 10.9478, 3.44796,    4.449, 07-14-2004, 09:12:43
 10.9579, 3.44803,    4.486, 07-14-2004, 09:12:53
 10.9567, 3.44801,    4.352, 07-14-2004, 09:13:03
 10.9559, 3.44803,    4.407, 07-14-2004, 09:13:13
 10.9448, 3.44792,    4.358, 07-14-2004, 09:13:23
 10.9469, 3.44787,    4.584, 07-14-2004, 09:13:33
 10.9522, 3.44775,    4.309, 07-14-2004, 09:13:43
 10.9585, 3.44786,    4.217, 07-14-2004, 09:13:53
 10.9489, 3.44781,    4.346, 07-14-2004, 09:14:03
 10.9690, 3.44749,    4.437, 07-14-2004, 09:14:13
 10.9733, 3.44745,    4.339, 07-14-2004, 09:14:23
 10.9469, 3.44770,    4.297, 07-14-2004, 09:14:33
 10.9391, 3.44763,    4.364, 07-14-2004, 09:14:43
 10.9721, 3.44754,    3.949, 07-14-2004, 09:14:53
 10.9683, 3.44752,    4.437, 07-14-2004, 09:15:03
 10.9617, 3.44753,    4.565, 07-14-2004, 09:15:13
 10.9591, 3.44752,    4.694, 07-14-2004, 09:15:23
 10.9547, 3.44750,    4.370, 07-14-2004, 09:15:33
 10.9342, 3.44736,    4.321, 07-14-2004, 09:15:43
 10.9548, 3.44734,    4.584, 07-14-2004, 09:15:53
 10.9687, 3.44729,    4.333, 07-14-2004, 09:16:03
 10.9591, 3.44731,    4.248, 07-14-2004, 09:16:13
 10.9595, 3.44723,    4.333, 07-14-2004, 09:16:23
 10.9533, 3.44716,    4.370, 07-14-2004, 09:16:33
 10.9601, 3.44703,    4.516, 07-14-2004, 09:16:43
 10.9594, 3.44738,    4.370, 07-14-2004, 09:16:53
 10.9498, 3.44708,    4.205, 07-14-2004, 09:17:03
 10.9517, 3.44721,    4.535, 07-14-2004, 09:17:13
 10.9503, 3.44700,    4.284, 07-14-2004, 09:17:23
 10.9457, 3.44704,    4.333, 07-14-2004, 09:17:33
