CTD-processing/Workspace/ADFG-BobDeCino/2007/microcat/CTD/sbe37_0703.asc
* Sea-Bird SBE37 Data File:
* FileName = C:\OTF\CTD\2005\sbe37_0703.asc
* Software Version 1.26
* Temperature SN = 2970
* Conductivity SN = 2970
* System UpLoad Time = Jul 03 2005 15:02:59
* ds
* SBE37-SM V 2.3  SERIAL NO. 2970    07-03-2004  15:02:14
*END*
[from data line 322]
 10.1851, 3.42938,    4.425, 07-03-2004, 13:22:03
 10.1736, 3.42842,    4.852, 07-03-2004, 13:22:13
 10.1734, 3.42863,    4.871, 07-03-2004, 13:22:23
 10.1732, 3.42844,    4.742, 07-03-2004, 13:22:33
 10.1709, 3.42837,    4.651, 07-03-2004, 13:22:43
 10.1705, 3.42820,    4.858, 07-03-2004, 13:22:53
 10.1722, 3.42825,    4.376, 07-03-2004, 13:23:03
 10.1749, 3.42843,    4.926, 07-03-2004, 13:23:13
 10.1772, 3.42854,    4.578, 07-03-2004, 13:23:23
 10.1786, 3.42874,    5.090, 07-03-2004, 13:23:33
 10.1736, 3.42848,    5.060, 07-03-2004, 13:23:43
 10.1765, 3.42853,    4.834, 07-03-2004, 13:23:53
 10.1754, 3.42854,    4.596, 07-03-2004, 13:24:03
 10.1760, 3.42865,    4.871, 07-03-2004, 13:24:13
 10.1790, 3.42875,    5.011, 07-03-2004, 13:24:23
 10.1769, 3.42860,    5.121, 07-03-2004, 13:24:33
 10.1771, 3.42860,    5.200, 07-03-2004, 13:24:43
 10.1789, 3.42868,    5.274, 07-03-2004, 13:24:53
 10.1837, 3.42906,    5.011, 07-03-2004, 13:25:03
 10.1854, 3.42922,    4.468, 07-03-2004, 13:25:13
 10.1831, 3.42914,    4.596, 07-03-2004, 13:25:23
 10.1747, 3.42822,    4.810, 07-03-2004, 13:25:33
 10.1700, 3.42773,    4.773, 07-03-2004, 13:25:43
 10.1877, 3.42942,    4.950, 07-03-2004, 13:25:53
 10.1972, 3.43075,    4.938, 07-03-2004, 13:26:03
 10.1832, 3.42929,    5.011, 07-03-2004, 13:26:13
 10.1854, 3.42939,    5.023, 07-03-2004, 13:26:23
 10.1859, 3.42928,    4.694, 07-03-2004, 13:26:33
 10.1864, 3.42947,    4.846, 07-03-2004, 13:26:43
 10.1776, 3.42867,    4.565, 07-03-2004, 13:26:53
 10.1854, 3.42919,    4.858, 07-03-2004, 13:27:03
 10.1891, 3.42951,    4.883, 07-03-2004, 13:27:13
 10.1839, 3.42884,    4.565, 07-03-2004, 13:27:23
 10.1922, 3.42975,    4.932, 07-03-2004, 13:27:33
 10.2112, 3.43154,    4.944, 07-03-2004, 13:27:43
 10.2209, 3.43291,    4.687, 07-03-2004, 13:27:53
 10.1994, 3.43065,    4.425, 07-03-2004, 13:28:03
 10.2038, 3.43107,    4.541, 07-03-2004, 13:28:13
 10.1967, 3.43037,    4.584, 07-03-2004, 13:28:23
 10.2427, 3.43418,    4.687, 07-03-2004, 13:28:33
 10.2400, 3.43468,    4.284, 07-03-2004, 13:28:43
 10.2314, 3.43459,    4.761, 07-03-2004, 13:28:53
 10.2241, 3.43378,    4.632, 07-03-2004, 13:29:03
 10.2524, 3.43677,    4.687, 07-03-2004, 13:29:13
 10.2468, 3.43630,    4.834, 07-03-2004, 13:29:23
 10.2496, 3.43626,    4.871, 07-03-2004, 13:29:33
 10.2415, 3.43578,    5.176, 07-03-2004, 13:29:43
 10.2513, 3.43640,    4.718, 07-03-2004, 13:29:53
 10.2820, 3.43824,    5.023, 07-03-2004, 13:30:03
 10.2638, 3.43740,    4.614, 07-03-2004, 13:30:13
 10.2566, 3.43710,    4.675, 07-03-2004, 13:30:23
 10.2587, 3.43731,    4.779, 07-03-2004, 13:30:33
 10.2590, 3.43717,    5.035, 07-03-2004, 13:30:43
 10.2616, 3.43754,    5.011, 07-03-2004, 13:30:53
 10.2510, 3.43729,    5.017, 07-03-2004, 13:31:03
 10.2475, 3.43662,    4.834, 07-03-2004, 13:31:13
 10.2533, 3.43689,    4.706, 07-03-2004, 13:31:23
 10.2486, 3.43661,    4.919, 07-03-2004, 13:31:33
 10.2531, 3.43684,    4.657, 07-03-2004, 13:31:43
 10.2537, 3.43716,    4.639, 07-03-2004, 13:31:53
 10.2506, 3.43658,    4.547, 07-03-2004, 13:32:03
 10.2455, 3.43610,    4.877, 07-03-2004, 13:32:13
 10.2468, 3.43625,    4.761, 07-03-2004, 13:32:23
 10.2457, 3.43625,    5.023, 07-03-2004, 13:32:33
 10.2450, 3.43614,    4.864, 07-03-2004, 13:32:43
 10.2459, 3.43618,    4.541, 07-03-2004, 13:32:53
 10.2445, 3.43609,    4.663, 07-03-2004, 13:33:03
 10.2452, 3.43607,    5.035, 07-03-2004, 13:33:13
 10.2378, 3.43552,    5.237, 07-03-2004, 13:33:23
 10.2371, 3.43543,    4.846, 07-03-2004, 13:33:33
 10.2337, 3.43528,    5.274, 07-03-2004, 13:33:43
 10.2362, 3.43519,    4.895, 07-03-2004, 13:33:53
 10.2498, 3.43581,    5.103, 07-03-2004, 13:34:03
 10.2557, 3.43625,    5.194, 07-03-2004, 13:34:13
 10.2500, 3.43668,    4.864, 07-03-2004, 13:34:23
 10.2558, 3.43636,    5.048, 07-03-2004, 13:34:33
 10.2539, 3.43658,    4.492, 07-03-2004, 13:34:43
 10.2524, 3.43637,    4.926, 07-03-2004, 13:34:53
 10.2495, 3.43626,    5.133, 07-03-2004, 13:35:03
 10.2447, 3.43578,    4.443, 07-03-2004, 13:35:13
 10.2417, 3.43566,    4.712, 07-03-2004, 13:35:23
 10.2388, 3.43534,    4.877, 07-03-2004, 13:35:33
 10.2291, 3.43475,    4.932, 07-03-2004, 13:35:43
 10.2237, 3.43427,    4.883, 07-03-2004, 13:35:53
 10.2270, 3.43409,    4.974, 07-03-2004, 13:36:03
 10.2293, 3.43388,    4.694, 07-03-2004, 13:36:13
 10.2263, 3.43406,    4.736, 07-03-2004, 13:36:23
 10.2269, 3.43405,    4.462, 07-03-2004, 13:36:33
 10.2229, 3.43362,    4.736, 07-03-2004, 13:36:43
 10.2226, 3.43366,    5.121, 07-03-2004, 13:36:53
 10.2228, 3.43367,    4.791, 07-03-2004, 13:37:03
 10.2220, 3.43358,    4.785, 07-03-2004, 13:37:13
 10.2228, 3.43360,    5.005, 07-03-2004, 13:37:23
 10.2238, 3.43363,    4.871, 07-03-2004, 13:37:33
 10.2249, 3.43377,    4.932, 07-03-2004, 13:37:43
 10.2249, 3.43374,    5.109, 07-03-2004, 13:37:53
 10.2254, 3.43380,    4.596, 07-03-2004, 13:38:03
 10.2256, 3.43377,    4.755, 07-03-2004, 13:38:13
 10.2302, 3.43383,    4.932, 07-03-2004, 13:38:23
 10.2396, 3.43456,    4.730, 07-03-2004, 13:38:33
 10.2360, 3.43449,    4.791, 07-03-2004, 13:38:43
 10.2375, 3.43487,    4.840, 07-03-2004, 13:38:53
 10.2398, 3.43527,    4.926, 07-03-2004, 13:39:03
 10.2561, 3.43653,    5.005, 07-03-2004, 13:39:13
 10.2544, 3.43666,    4.993, 07-03-2004, 13:39:23
 10.2287, 3.43441,    4.492, 07-03-2004, 13:39:33
 10.2260, 3.43392,    4.541, 07-03-2004, 13:39:43
 10.2250, 3.43408,    4.864, 07-03-2004, 13:39:53
 10.2300, 3.43448,    5.066, 07-03-2004, 13:40:03
 10.2305, 3.43454,    4.797, 07-03-2004, 13:40:13
 10.2357, 3.43466,    4.724, 07-03-2004, 13:40:23
 10.2379, 3.43474,    4.663, 07-03-2004, 13:40:33
 10.2290, 3.43453,    4.901, 07-03-2004, 13:40:43
 10.2306, 3.43450,    5.023, 07-03-2004, 13:40:53
 10.2266, 3.43420,    4.993, 07-03-2004, 13:41:03
 10.2277, 3.43394,    5.225, 07-03-2004, 13:41:13
 10.2321, 3.43406,    4.852, 07-03-2004, 13:41:23
 10.2302, 3.43416,    4.742, 07-03-2004, 13:41:33
 10.2262, 3.43377,    4.822, 07-03-2004, 13:41:43
 10.2293, 3.43403,    4.571, 07-03-2004, 13:41:53
 10.2330, 3.43423,    4.724, 07-03-2004, 13:42:03
 10.2346, 3.43394,    4.559, 07-03-2004, 13:42:13
 10.2206, 3.43330,    5.078, 07-03-2004, 13:42:23
 10.2272, 3.43369,    4.614, 07-03-2004, 13:42:33
 10.2272, 3.43361,    4.761, 07-03-2004, 13:42:43
 10.2244, 3.43337,    5.072, 07-03-2004, 13:42:53
 10.2258, 3.43341,    5.048, 07-03-2004, 13:43:03
 10.2288, 3.43377,    4.987, 07-03-2004, 13:43:13
 10.2179, 3.43276,    4.529, 07-03-2004, 13:43:23
 10.2223, 3.43337,    5.103, 07-03-2004, 13:43:33
 10.2225, 3.43333,    5.090, 07-03-2004, 13:43:43
 10.2271, 3.43347,    3.924, 07-03-2004, 13:43:53
 10.2462, 3.43512,    4.413, 07-03-2004, 13:44:03
 10.2334, 3.43438,    5.182, 07-03-2004, 13:44:13
 10.2309, 3.43431,    4.840, 07-03-2004, 13:44:23
 10.2361, 3.43442,    4.926, 07-03-2004, 13:44:33
 10.2373, 3.43450,    4.779, 07-03-2004, 13:44:43
 10.2361, 3.43450,    4.785, 07-03-2004, 13:44:53
 10.2274, 3.43405,    5.035, 07-03-2004, 13:45:03
 10.2306, 3.43399,    4.803, 07-03-2004, 13:45:13
 10.2295, 3.43389,    4.187, 07-03-2004, 13:45:23
 10.2209, 3.43327,    5.023, 07-03-2004, 13:45:33
 10.2215, 3.43337,    4.932, 07-03-2004, 13:45:43
 10.2240, 3.43344,    5.023, 07-03-2004, 13:45:53
 10.2253, 3.43361,    5.103, 07-03-2004, 13:46:03
 10.2238, 3.43342,    5.084, 07-03-2004, 13:46:13
 10.2233, 3.43341,    5.164, 07-03-2004, 13:46:23
 10.2233, 3.43342,    4.913, 07-03-2004, 13:46:33
 10.2233, 3.43344,    5.786, 07-03-2004, 13:46:43
 10.2223, 3.43333,    4.779, 07-03-2004, 13:46:53
 10.2260, 3.43350,    4.016, 07-03-2004, 13:47:03
 10.2292, 3.43376,    4.797, 07-03-2004, 13:47:13
 10.2285, 3.43381,    4.376, 07-03-2004, 13:47:23
 10.2294, 3.43389,    6.202, 07-03-2004, 13:47:33
 10.2249, 3.43374,    6.898, 07-03-2004, 13:47:43
 10.2222, 3.43345,    6.940, 07-03-2004, 13:47:53
 10.2218, 3.43340,    7.667, 07-03-2004, 13:48:03
 10.2237, 3.43352,    7.832, 07-03-2004, 13:48:13
 10.2190, 3.43322,    8.131, 07-03-2004, 13:48:23
 10.2239, 3.43356,    7.594, 07-03-2004, 13:48:33
 10.2245, 3.43384,    7.917, 07-03-2004, 13:48:43
 10.2569, 3.43711,    8.809, 07-03-2004, 13:48:53
 10.2122, 3.43193,    8.290, 07-03-2004, 13:49:03
 10.2002, 3.43070,    8.461, 07-03-2004, 13:49:13
 10.1897, 3.42952,    8.467, 07-03-2004, 13:49:23
 10.1899, 3.42950,    7.997, 07-03-2004, 13:49:33
 10.1817, 3.42852,    8.430, 07-03-2004, 13:49:43
 10.1874, 3.42921,    8.632, 07-03-2004, 13:49:53
 10.1981, 3.43015,    8.363, 07-03-2004, 13:50:03
 10.1872, 3.42951,    8.314, 07-03-2004, 13:50:13
 10.1846, 3.42921,    8.021, 07-03-2004, 13:50:23
 10.1888, 3.42956,    7.972, 07-03-2004, 13:50:33
 10.1888, 3.42954,    8.485, 07-03-2004, 13:50:43
 10.1499, 3.42658,    8.174, 07-03-2004, 13:50:53
 10.1625, 3.42715,    7.887, 07-03-2004, 13:51:03
 10.1856, 3.42946,    6.440, 07-03-2004, 13:51:13
 10.1952, 3.43163,    6.220, 07-03-2004, 13:51:23
 10.1987, 3.43174,    5.951, 07-03-2004, 13:51:33
 10.1907, 3.43108,    6.147, 07-03-2004, 13:51:43
 10.1869, 3.43193,    5.994, 07-03-2004, 13:51:53
 10.1811, 3.43145,    6.092, 07-03-2004, 13:52:03
 10.1738, 3.43055,    6.409, 07-03-2004, 13:52:13
 10.1734, 3.43090,    6.269, 07-03-2004, 13:52:23
 10.1400, 3.42787,    6.653, 07-03-2004, 13:52:33
 10.1445, 3.43032,    6.501, 07-03-2004, 13:52:43
 10.1985, 3.43098,    5.811, 07-03-2004, 13:52:53
 10.1216, 3.42531,    5.396, 07-03-2004, 13:53:03
 10.1295, 3.42727,    5.432, 07-03-2004, 13:53:13
 10.1418, 3.42971,    5.426, 07-03-2004, 13:53:23
 10.1336, 3.42820,    5.286, 07-03-2004, 13:53:33
 10.1361, 3.42862,    5.487, 07-03-2004, 13:53:43
 10.1292, 3.42831,    5.274, 07-03-2004, 13:53:53
 10.1248, 3.42791,    5.365, 07-03-2004, 13:54:03
 10.1097, 3.42697,    5.261, 07-03-2004, 13:54:13
 10.1331, 3.42840,    5.426, 07-03-2004, 13:54:23
 10.1131, 3.42737,    5.365, 07-03-2004, 13:54:33
 10.1422, 3.43044,    5.304, 07-03-2004, 13:54:43
 10.1404, 3.42984,    5.255, 07-03-2004, 13:54:53
 10.1363, 3.42972,    5.335, 07-03-2004, 13:55:03
 10.1436, 3.43288,    5.329, 07-03-2004, 13:55:13
 10.0727, 3.42535,    5.310, 07-03-2004, 13:55:23
 10.1449, 3.43152,    5.365, 07-03-2004, 13:55:33
 10.1283, 3.43004,    5.200, 07-03-2004, 13:55:43
 10.1207, 3.42986,    5.371, 07-03-2004, 13:55:53
 10.1661, 3.43347,    5.170, 07-03-2004, 13:56:03
 10.1292, 3.43045,    5.249, 07-03-2004, 13:56:13
 10.1327, 3.43141,    5.243, 07-03-2004, 13:56:23
 10.1320, 3.43027,    5.316, 07-03-2004, 13:56:33
 10.1360, 3.43063,    5.347, 07-03-2004, 13:56:43
 10.1221, 3.42959,    5.255, 07-03-2004, 13:56:53
 10.1316, 3.43106,    5.261, 07-03-2004, 13:57:03
 10.1453, 3.43400,    5.506, 07-03-2004, 13:57:13
 10.1535, 3.43304,    5.365, 07-03-2004, 13:57:23
 10.1334, 3.43131,    5.316, 07-03-2004, 13:57:33
 10.1098, 3.42901,    5.219, 07-03-2004, 13:57:43
 10.1349, 3.43217,    5.280, 07-03-2004, 13:57:53
 10.1255, 3.43083,    5.274, 07-03-2004, 13:58:03
 10.0995, 3.42926,    5.139, 07-03-2004, 13:58:13
 10.1182, 3.43036,    5.298, 07-03-2004, 13:58:23
 10.1222, 3.43052,    5.219, 07-03-2004, 13:58:33
 10.1066, 3.42938,    5.182, 07-03-2004, 13:58:43
 10.1046, 3.42935,    5.243, 07-03-2004, 13:58:53
 10.1055, 3.42980,    5.231, 07-03-2004, 13:59:03
 10.1064, 3.42949,    5.335, 07-03-2004, 13:59:13
 10.1183, 3.43035,    5.457, 07-03-2004, 13:59:23
 10.1139, 3.43011,    5.341, 07-03-2004, 13:59:33
 10.1138, 3.43052,    5.133, 07-03-2004, 13:59:43
 10.1065, 3.43048,    4.956, 07-03-2004, 13:59:53
 10.1341, 3.43334,    5.255, 07-03-2004, 14:00:03
 10.1344, 3.43383,    5.426, 07-03-2004, 14:00:13
 10.1448, 3.43569,    5.225, 07-03-2004, 14:00:23
 10.1483, 3.43576,    5.475, 07-03-2004, 14:00:33
 10.1353, 3.43526,    5.170, 07-03-2004, 14:00:43
 10.1499, 3.43821,    5.261, 07-03-2004, 14:00:53
 10.1404, 3.43598,    5.347, 07-03-2004, 14:01:03
 10.1382, 3.43656,    5.188, 07-03-2004, 14:01:13
 10.1292, 3.43532,    5.353, 07-03-2004, 14:01:23
 10.1386, 3.43565,    5.145, 07-03-2004, 14:01:33
 10.1326, 3.43517,    5.524, 07-03-2004, 14:01:43
 10.1333, 3.43494,    5.481, 07-03-2004, 14:01:53
 10.1291, 3.43444,    5.353, 07-03-2004, 14:02:03
 10.1207, 3.43483,    5.402, 07-03-2004, 14:02:13
 10.1154, 3.43439,    5.261, 07-03-2004, 14:02:23
 10.1161, 3.43422,    5.359, 07-03-2004, 14:02:33
 10.1163, 3.43406,    5.225, 07-03-2004, 14:02:43
 10.1136, 3.43401,    5.383, 07-03-2004, 14:02:53
 10.1118, 3.43391,    5.292, 07-03-2004, 14:03:03
 10.1232, 3.43539,    5.298, 07-03-2004, 14:03:13
 10.1146, 3.43487,    5.561, 07-03-2004, 14:03:23
 10.1294, 3.43734,    5.677, 07-03-2004, 14:03:33
 10.1186, 3.43644,    5.933, 07-03-2004, 14:03:43
 10.1230, 3.43639,    5.805, 07-03-2004, 14:03:53
 10.1207, 3.43732,    5.780, 07-03-2004, 14:04:03
 10.1047, 3.43452,    5.805, 07-03-2004, 14:04:13
 10.1244, 3.43714,    5.994, 07-03-2004, 14:04:23
 10.1196, 3.43609,    5.780, 07-03-2004, 14:04:33
 10.0905, 3.43282,    5.023, 07-03-2004, 14:04:43
 10.0866, 3.43365,    5.243, 07-03-2004, 14:04:53
 10.0876, 3.43330,    4.974, 07-03-2004, 14:05:03
 10.0609, 3.43163,    4.901, 07-03-2004, 14:05:13
 10.1121, 3.43555,    5.200, 07-03-2004, 14:05:23
 10.0965, 3.43439,    5.194, 07-03-2004, 14:05:33
 10.1015, 3.43521,    4.877, 07-03-2004, 14:05:43
 10.0928, 3.43508,    4.944, 07-03-2004, 14:05:53
 10.1095, 3.43586,    4.968, 07-03-2004, 14:06:03
 10.0617, 3.43143,    5.042, 07-03-2004, 14:06:13
 10.0767, 3.43304,    5.042, 07-03-2004, 14:06:23
 10.0673, 3.43238,    5.066, 07-03-2004, 14:06:33
 10.0553, 3.43103,    5.029, 07-03-2004, 14:06:43
 10.0818, 3.43385,    5.048, 07-03-2004, 14:06:53
 10.0535, 3.43136,    4.932, 07-03-2004, 14:07:03
 10.0642, 3.43235,    5.090, 07-03-2004, 14:07:13
 10.0700, 3.43331,    4.895, 07-03-2004, 14:07:23
 10.0481, 3.43164,    4.987, 07-03-2004, 14:07:33
 10.0616, 3.43310,    4.901, 07-03-2004, 14:07:43
 10.0559, 3.43264,    4.834, 07-03-2004, 14:07:53
 10.0048, 3.42797,    4.919, 07-03-2004, 14:08:03
 10.0061, 3.42819,    4.712, 07-03-2004, 14:08:13
 10.0049, 3.42834,    5.151, 07-03-2004, 14:08:23
  9.9901, 3.42767,    5.023, 07-03-2004, 14:08:33
 10.0370, 3.43131,    4.907, 07-03-2004, 14:08:43
 10.0253, 3.43013,    5.200, 07-03-2004, 14:08:53
 10.0079, 3.42931,    4.828, 07-03-2004, 14:09:03
 10.0107, 3.42960,    5.078, 07-03-2004, 14:09:13
 10.0365, 3.43132,    5.072, 07-03-2004, 14:09:23
 10.0417, 3.43235,    5.078, 07-03-2004, 14:09:33
 10.0192, 3.43082,    4.883, 07-03-2004, 14:09:43
 10.0206, 3.43142,    4.919, 07-03-2004, 14:09:53
 10.0332, 3.43360,    5.188, 07-03-2004, 14:10:03
 10.0028, 3.43018,    4.987, 07-03-2004, 14:10:13
  9.9946, 3.42947,    4.748, 07-03-2004, 14:10:23
 10.0033, 3.43094,    5.005, 07-03-2004, 14:10:33
 10.0122, 3.43050,    4.980, 07-03-2004, 14:10:43
  9.9510, 3.42529,    4.999, 07-03-2004, 14:10:53
  9.9902, 3.42859,    5.042, 07-03-2004, 14:11:03
  9.9559, 3.42639,    4.901, 07-03-2004, 14:11:13
  9.9747, 3.42797,    4.877, 07-03-2004, 14:11:23
  9.9850, 3.42889,    5.011, 07-03-2004, 14:11:33
  9.9752, 3.42860,    4.956, 07-03-2004, 14:11:43
  9.9584, 3.42724,    5.005, 07-03-2004, 14:11:53
  9.9463, 3.42628,    4.834, 07-03-2004, 14:12:03
  9.9694, 3.42843,    5.115, 07-03-2004, 14:12:13
  9.9269, 3.42628,    4.834, 07-03-2004, 14:12:23
  9.9836, 3.42911,    4.962, 07-03-2004, 14:12:33
  9.9705, 3.42826,    4.907, 07-03-2004, 14:12:43
  9.9534, 3.42807,    5.170, 07-03-2004, 14:12:53
  9.9652, 3.42949,    4.895, 07-03-2004, 14:13:03
  9.9206, 3.42592,    5.206, 07-03-2004, 14:13:13
  9.9326, 3.42775,    4.987, 07-03-2004, 14:13:23
  9.9052, 3.42561,    5.139, 07-03-2004, 14:13:33
  9.9102, 3.42609,    4.962, 07-03-2004, 14:13:43
  9.9138, 3.42654,    4.895, 07-03-2004, 14:13:53
  9.9259, 3.42751,    5.066, 07-03-2004, 14:14:03
  9.8989, 3.42586,    4.816, 07-03-2004, 14:14:13
  9.9458, 3.42920,    4.932, 07-03-2004, 14:14:23
  9.9076, 3.42700,    5.042, 07-03-2004, 14:14:33
  9.8638, 3.42337,    4.834, 07-03-2004, 14:14:43
  9.8661, 3.42275,    4.883, 07-03-2004, 14:14:53
  9.8371, 3.42133,    4.742, 07-03-2004, 14:15:03
