CTD-processing/Workspace/ADFG-BobDeCino/2007/microcat/CTD/sbe37_0707.asc
* Sea-Bird SBE37 Data File:
* FileName = C:\OTF\CTD\2005\sbe37_0707.asc
* Software Version 1.26
* Temperature SN = 2970
* Conductivity SN = 2970
* System UpLoad Time = Jul 07 2005 21:32:38
* ds
* SBE37-SM V 2.3  SERIAL NO. 2970    07-07-2004  21:32:05
*END*
[from data line 2882]
 11.1411, 3.32119,    4.425, 07-07-2004, 20:17:16
 11.1331, 3.32141,    4.510, 07-07-2004, 20:17:26
 11.1114, 3.32317,    4.498, 07-07-2004, 20:17:36
 11.0855, 3.32353,    4.669, 07-07-2004, 20:17:46
 11.0859, 3.32391,    4.584, 07-07-2004, 20:17:56
 11.0808, 3.32347,    4.535, 07-07-2004, 20:18:06
 11.0719, 3.32376,    4.596, 07-07-2004, 20:18:16
 11.0831, 3.32385,    4.871, 07-07-2004, 20:18:26
 11.0407, 3.32483,    4.828, 07-07-2004, 20:18:36
 11.0774, 3.32441,    4.382, 07-07-2004, 20:18:46
 11.0596, 3.32376,    4.352, 07-07-2004, 20:18:56
 11.1075, 3.32262,    4.596, 07-07-2004, 20:19:06
 11.1495, 3.32074,    4.687, 07-07-2004, 20:19:16
 11.1443, 3.32109,    4.608, 07-07-2004, 20:19:26
 11.1627, 3.32032,    4.779, 07-07-2004, 20:19:36
 11.1869, 3.31960,    4.773, 07-07-2004, 20:19:46
 11.1248, 3.31997,    4.584, 07-07-2004, 20:19:56
 11.0946, 3.32318,    4.394, 07-07-2004, 20:20:06
 11.0686, 3.32384,    4.425, 07-07-2004, 20:20:16
 11.1323, 3.32225,    4.730, 07-07-2004, 20:20:26
 11.1991, 3.32015,    4.645, 07-07-2004, 20:20:36
 11.1255, 3.32212,    4.431, 07-07-2004, 20:20:46
 11.1311, 3.32243,    4.626, 07-07-2004, 20:20:56
 11.0557, 3.32370,    4.578, 07-07-2004, 20:21:06
 11.0875, 3.32397,    4.816, 07-07-2004, 20:21:16
 11.0958, 3.32365,    4.822, 07-07-2004, 20:21:26
 11.0997, 3.32310,    4.669, 07-07-2004, 20:21:36
 11.1152, 3.32248,    4.681, 07-07-2004, 20:21:46
 11.0901, 3.32353,    4.663, 07-07-2004, 20:21:56
 11.2500, 3.31867,    4.553, 07-07-2004, 20:22:06
 11.2195, 3.31857,    4.700, 07-07-2004, 20:22:16
 11.3120, 3.32005,    4.394, 07-07-2004, 20:22:26
 11.2144, 3.31944,    4.455, 07-07-2004, 20:22:36
 11.1501, 3.32245,    4.706, 07-07-2004, 20:22:46
 11.1483, 3.32214,    4.498, 07-07-2004, 20:22:56
 11.1431, 3.32263,    4.547, 07-07-2004, 20:23:06
 11.1520, 3.32211,    4.547, 07-07-2004, 20:23:16
 11.1612, 3.32092,    4.669, 07-07-2004, 20:23:26
 11.1622, 3.32067,    4.608, 07-07-2004, 20:23:36
 11.2101, 3.31907,    4.462, 07-07-2004, 20:23:46
 11.1435, 3.32251,    4.700, 07-07-2004, 20:23:56
 11.1413, 3.32268,    4.687, 07-07-2004, 20:24:06
 11.1387, 3.32258,    4.639, 07-07-2004, 20:24:16
 11.1353, 3.32280,    4.492, 07-07-2004, 20:24:26
 11.1422, 3.32271,    4.663, 07-07-2004, 20:24:36
 11.1422, 3.32263,    4.529, 07-07-2004, 20:24:46
 11.1643, 3.32164,    4.791, 07-07-2004, 20:24:56
 11.1556, 3.32201,    4.578, 07-07-2004, 20:25:06
 11.1494, 3.32225,    4.474, 07-07-2004, 20:25:16
 11.1726, 3.32152,    4.205, 07-07-2004, 20:25:26
 11.1640, 3.32154,    4.669, 07-07-2004, 20:25:36
 11.1606, 3.32209,    4.926, 07-07-2004, 20:25:46
 11.4569, 3.31805,    4.529, 07-07-2004, 20:25:56
 11.4821, 3.31971,    4.046, 07-07-2004, 20:26:06
 11.2678, 3.31946,    3.949, 07-07-2004, 20:26:16
 11.2086, 3.31999,    4.455, 07-07-2004, 20:26:26
 11.1865, 3.32111,    4.596, 07-07-2004, 20:26:36
 11.4043, 3.31678,    4.596, 07-07-2004, 20:26:46
 11.2648, 3.31790,    4.364, 07-07-2004, 20:26:56
 11.2897, 3.31717,    4.455, 07-07-2004, 20:27:06
 11.6615, 3.32213,    4.071, 07-07-2004, 20:27:16
 11.3959, 3.31717,    4.767, 07-07-2004, 20:27:26
 11.3176, 3.31836,    4.993, 07-07-2004, 20:27:36
 11.2114, 3.31949,    4.346, 07-07-2004, 20:27:46
 11.5154, 3.31776,    3.582, 07-07-2004, 20:27:56
 11.8203, 3.32586,    3.008, 07-07-2004, 20:28:06
 11.8050, 3.32734,    2.984, 07-07-2004, 20:28:16
 11.9119, 3.33166,    2.825, 07-07-2004, 20:28:26
 11.8618, 3.33214,    2.673, 07-07-2004, 20:28:36
 11.9189, 3.33417,    1.158, 07-07-2004, 20:28:46
 11.9311, 3.33498,    1.799, 07-07-2004, 20:28:56
 11.3376, 3.32168,    5.493, 07-07-2004, 20:29:06
 10.8792, 3.33581,    6.415, 07-07-2004, 20:29:16
 10.5698, 3.34682,    7.252, 07-07-2004, 20:29:26
 10.6133, 3.34494,    6.965, 07-07-2004, 20:29:36
 10.6598, 3.34107,    6.879, 07-07-2004, 20:29:46
 10.9270, 3.32974,    5.603, 07-07-2004, 20:29:56
 10.4275, 3.34489,    8.980, 07-07-2004, 20:30:06
 10.3651, 3.34488,   10.079, 07-07-2004, 20:30:16
 10.3624, 3.34467,   10.268, 07-07-2004, 20:30:26
 10.4139, 3.34380,    8.113, 07-07-2004, 20:30:36
 10.5185, 3.34322,    7.099, 07-07-2004, 20:30:46
 10.5679, 3.34222,    6.745, 07-07-2004, 20:30:56
 10.6289, 3.33977,    6.745, 07-07-2004, 20:31:06
 10.6226, 3.33994,    6.904, 07-07-2004, 20:31:16
 10.6118, 3.34103,    6.965, 07-07-2004, 20:31:26
 10.6187, 3.33995,    7.093, 07-07-2004, 20:31:36
 10.6606, 3.33835,    7.130, 07-07-2004, 20:31:46
 10.6535, 3.33851,    7.276, 07-07-2004, 20:31:56
 10.6623, 3.33825,    7.429, 07-07-2004, 20:32:06
 10.6150, 3.33995,    7.246, 07-07-2004, 20:32:16
 11.1038, 3.32058,    5.561, 07-07-2004, 20:32:26
 11.1144, 3.32093,    5.151, 07-07-2004, 20:32:36
 11.0912, 3.32138,    4.987, 07-07-2004, 20:32:46
 11.4745, 3.32519,    5.005, 07-07-2004, 20:32:56
 11.3770, 3.32185,    4.877, 07-07-2004, 20:33:06
 11.1018, 3.32139,    5.151, 07-07-2004, 20:33:16
 11.1177, 3.32053,    4.864, 07-07-2004, 20:33:26
 11.0849, 3.32109,    4.779, 07-07-2004, 20:33:36
 11.3590, 3.32344,    4.706, 07-07-2004, 20:33:46
 11.2346, 3.32195,    5.225, 07-07-2004, 20:33:56
 11.2495, 3.32196,    5.048, 07-07-2004, 20:34:06
 11.1817, 3.32088,    4.871, 07-07-2004, 20:34:16
 11.0983, 3.32106,    5.133, 07-07-2004, 20:34:26
 11.0311, 3.32378,    4.926, 07-07-2004, 20:34:36
 11.3603, 3.32344,    4.938, 07-07-2004, 20:34:46
 11.1260, 3.32022,    5.042, 07-07-2004, 20:34:56
 11.4549, 3.32344,    5.109, 07-07-2004, 20:35:06
 10.9900, 3.32351,    5.304, 07-07-2004, 20:35:16
 10.9055, 3.32630,    5.274, 07-07-2004, 20:35:26
 10.9657, 3.32450,    5.035, 07-07-2004, 20:35:36
 10.8972, 3.32706,    5.170, 07-07-2004, 20:35:46
 11.3539, 3.32665,    4.993, 07-07-2004, 20:35:56
 11.0150, 3.32340,    5.188, 07-07-2004, 20:36:06
 11.1982, 3.32514,    5.194, 07-07-2004, 20:36:16
 11.2389, 3.32393,    4.913, 07-07-2004, 20:36:26
 11.1701, 3.32329,    4.993, 07-07-2004, 20:36:36
 11.2681, 3.32421,    5.084, 07-07-2004, 20:36:46
 11.3373, 3.32517,    5.023, 07-07-2004, 20:36:56
 11.3852, 3.32663,    5.090, 07-07-2004, 20:37:06
 11.3297, 3.32672,    5.042, 07-07-2004, 20:37:16
 11.4543, 3.32764,    5.158, 07-07-2004, 20:37:26
 11.2692, 3.32698,    5.261, 07-07-2004, 20:37:36
 10.9103, 3.32845,    5.109, 07-07-2004, 20:37:46
 10.8445, 3.32795,    5.072, 07-07-2004, 20:37:56
 10.8718, 3.32766,    5.066, 07-07-2004, 20:38:06
 10.9414, 3.32729,    5.017, 07-07-2004, 20:38:16
 10.7553, 3.33053,    5.383, 07-07-2004, 20:38:26
 10.7965, 3.32933,    4.761, 07-07-2004, 20:38:36
 10.7202, 3.33108,    5.383, 07-07-2004, 20:38:46
 10.7347, 3.33078,    5.219, 07-07-2004, 20:38:56
 11.1540, 3.32966,    5.011, 07-07-2004, 20:39:06
 11.3540, 3.32988,    4.895, 07-07-2004, 20:39:16
 10.6877, 3.33152,    5.402, 07-07-2004, 20:39:26
 11.1990, 3.33013,    4.852, 07-07-2004, 20:39:36
 10.6769, 3.33107,    5.329, 07-07-2004, 20:39:46
 10.6686, 3.33085,    5.090, 07-07-2004, 20:39:56
 10.6626, 3.33063,    5.133, 07-07-2004, 20:40:06
 10.6735, 3.33098,    4.999, 07-07-2004, 20:40:16
 10.6763, 3.33077,    5.109, 07-07-2004, 20:40:26
 10.6897, 3.33096,    4.956, 07-07-2004, 20:40:36
 11.0330, 3.32810,    4.999, 07-07-2004, 20:40:46
 10.9129, 3.32849,    5.133, 07-07-2004, 20:40:56
 10.7630, 3.32981,    5.225, 07-07-2004, 20:41:06
 10.8486, 3.32502,    4.883, 07-07-2004, 20:41:16
 11.0582, 3.32490,    4.895, 07-07-2004, 20:41:26
 11.0215, 3.32592,    4.993, 07-07-2004, 20:41:36
 10.8257, 3.32555,    4.974, 07-07-2004, 20:41:46
 10.9728, 3.32568,    4.871, 07-07-2004, 20:41:56
 11.1378, 3.32872,    5.103, 07-07-2004, 20:42:06
 10.8134, 3.32648,    4.932, 07-07-2004, 20:42:16
 10.9366, 3.32790,    5.054, 07-07-2004, 20:42:26
 11.3294, 3.32883,    4.895, 07-07-2004, 20:42:36
 11.2769, 3.32811,    5.225, 07-07-2004, 20:42:46
 11.1788, 3.32647,    5.225, 07-07-2004, 20:42:56
 11.2661, 3.32787,    4.846, 07-07-2004, 20:43:06
 11.2218, 3.32741,    4.932, 07-07-2004, 20:43:16
 10.7995, 3.32598,    5.359, 07-07-2004, 20:43:26
 10.8009, 3.32560,    5.292, 07-07-2004, 20:43:36
 10.8107, 3.32515,    5.066, 07-07-2004, 20:43:46
 10.8737, 3.32527,    5.249, 07-07-2004, 20:43:56
 11.2289, 3.32881,    4.883, 07-07-2004, 20:44:06
 11.1912, 3.32767,    5.158, 07-07-2004, 20:44:16
 11.1158, 3.32697,    4.797, 07-07-2004, 20:44:26
 11.1822, 3.32910,    5.194, 07-07-2004, 20:44:36
 11.2784, 3.33124,    5.042, 07-07-2004, 20:44:46
 11.3337, 3.33052,    5.042, 07-07-2004, 20:44:56
 11.0413, 3.32787,    5.084, 07-07-2004, 20:45:06
 11.3140, 3.33155,    4.852, 07-07-2004, 20:45:16
 11.4281, 3.33251,    5.127, 07-07-2004, 20:45:26
 11.4835, 3.33604,    4.694, 07-07-2004, 20:45:36
 11.3717, 3.33379,    5.121, 07-07-2004, 20:45:46
 11.4077, 3.33407,    5.164, 07-07-2004, 20:45:56
 11.4829, 3.33553,    4.651, 07-07-2004, 20:46:06
 11.3424, 3.33348,    5.164, 07-07-2004, 20:46:16
 11.5003, 3.33744,    5.078, 07-07-2004, 20:46:26
 11.4905, 3.33697,    4.944, 07-07-2004, 20:46:36
 11.2686, 3.33506,    5.151, 07-07-2004, 20:46:46
 11.4252, 3.33488,    5.121, 07-07-2004, 20:46:56
 11.5333, 3.34072,    4.913, 07-07-2004, 20:47:06
 11.4843, 3.33817,    4.974, 07-07-2004, 20:47:16
 11.3857, 3.33657,    4.999, 07-07-2004, 20:47:26
 11.6475, 3.34352,    4.358, 07-07-2004, 20:47:36
 11.4523, 3.33801,    5.048, 07-07-2004, 20:47:46
 11.3529, 3.33536,    5.347, 07-07-2004, 20:47:56
 11.4786, 3.33845,    4.919, 07-07-2004, 20:48:06
 11.3902, 3.33753,    5.005, 07-07-2004, 20:48:16
 10.9007, 3.33017,    5.176, 07-07-2004, 20:48:26
 11.5844, 3.33991,    4.840, 07-07-2004, 20:48:36
 11.3505, 3.33853,    4.950, 07-07-2004, 20:48:46
 11.2456, 3.33533,    4.761, 07-07-2004, 20:48:56
 10.8925, 3.32775,    5.170, 07-07-2004, 20:49:06
 10.8887, 3.32742,    4.828, 07-07-2004, 20:49:16
 11.3869, 3.33690,    4.810, 07-07-2004, 20:49:26
 10.9204, 3.32739,    5.249, 07-07-2004, 20:49:36
 11.4954, 3.34171,    4.516, 07-07-2004, 20:49:46
 11.3486, 3.33889,    5.274, 07-07-2004, 20:49:56
 11.2657, 3.33499,    4.852, 07-07-2004, 20:50:06
 11.3968, 3.34168,    4.980, 07-07-2004, 20:50:16
 11.3508, 3.34106,    4.889, 07-07-2004, 20:50:26
 11.4122, 3.34582,    5.115, 07-07-2004, 20:50:36
 11.4103, 3.34446,    5.261, 07-07-2004, 20:50:46
 11.4283, 3.34488,    5.029, 07-07-2004, 20:50:56
 11.3224, 3.34337,    4.993, 07-07-2004, 20:51:06
 11.2185, 3.33991,    4.968, 07-07-2004, 20:51:16
 11.3430, 3.34424,    5.225, 07-07-2004, 20:51:26
 11.3110, 3.34155,    5.127, 07-07-2004, 20:51:36
 11.4670, 3.34574,    5.017, 07-07-2004, 20:51:46
 11.3938, 3.34331,    5.090, 07-07-2004, 20:51:56
 11.4587, 3.34947,    4.962, 07-07-2004, 20:52:06
 11.6745, 3.35834,    5.090, 07-07-2004, 20:52:16
 11.6085, 3.35510,    4.718, 07-07-2004, 20:52:26
 11.5708, 3.35397,    4.968, 07-07-2004, 20:52:36
 11.5567, 3.35427,    4.974, 07-07-2004, 20:52:46
 11.5617, 3.35524,    5.054, 07-07-2004, 20:52:56
 11.4204, 3.34854,    4.932, 07-07-2004, 20:53:06
 11.4294, 3.35028,    5.145, 07-07-2004, 20:53:16
 11.4264, 3.35071,    5.096, 07-07-2004, 20:53:26
 11.0385, 3.33333,    5.396, 07-07-2004, 20:53:36
 10.9262, 3.33159,    5.048, 07-07-2004, 20:53:46
 10.8817, 3.32851,    4.956, 07-07-2004, 20:53:56
 10.9095, 3.32853,    5.109, 07-07-2004, 20:54:06
 11.0911, 3.33740,    4.913, 07-07-2004, 20:54:16
 11.0362, 3.33446,    4.974, 07-07-2004, 20:54:26
 10.9373, 3.33132,    5.194, 07-07-2004, 20:54:36
 11.0501, 3.33692,    4.938, 07-07-2004, 20:54:46
 11.3112, 3.34551,    4.974, 07-07-2004, 20:54:56
 11.1881, 3.34078,    5.243, 07-07-2004, 20:55:06
 10.9668, 3.33272,    5.066, 07-07-2004, 20:55:16
 11.1792, 3.34047,    5.072, 07-07-2004, 20:55:26
 11.1468, 3.33927,    5.151, 07-07-2004, 20:55:36
 11.2813, 3.34450,    4.748, 07-07-2004, 20:55:46
 11.2178, 3.34247,    4.999, 07-07-2004, 20:55:56
 11.3040, 3.34525,    5.103, 07-07-2004, 20:56:06
 11.2474, 3.34329,    4.932, 07-07-2004, 20:56:16
 11.0941, 3.33990,    5.139, 07-07-2004, 20:56:26
 11.2825, 3.34498,    5.011, 07-07-2004, 20:56:36
 11.1703, 3.34193,    5.170, 07-07-2004, 20:56:46
 11.2407, 3.34385,    5.249, 07-07-2004, 20:56:56
 11.1400, 3.34025,    5.109, 07-07-2004, 20:57:06
 11.1321, 3.33878,    5.054, 07-07-2004, 20:57:16
 11.1729, 3.34061,    5.188, 07-07-2004, 20:57:26
 11.1844, 3.34150,    5.310, 07-07-2004, 20:57:36
 11.2289, 3.34222,    5.231, 07-07-2004, 20:57:46
 11.1048, 3.33959,    5.432, 07-07-2004, 20:57:56
 11.0782, 3.33976,    6.513, 07-07-2004, 20:58:06
 11.0853, 3.34038,    6.898, 07-07-2004, 20:58:16
 11.0935, 3.34091,    7.337, 07-07-2004, 20:58:26
 11.0751, 3.34099,    8.339, 07-07-2004, 20:58:36
 11.0842, 3.34125,    7.441, 07-07-2004, 20:58:46
 11.1160, 3.34104,    5.457, 07-07-2004, 20:58:56
 11.2544, 3.34307,    4.584, 07-07-2004, 20:59:06
 11.2819, 3.34375,    4.248, 07-07-2004, 20:59:16
 11.2812, 3.34421,    3.967, 07-07-2004, 20:59:26
 11.2792, 3.34331,    3.344, 07-07-2004, 20:59:36
 11.1988, 3.34140,    4.578, 07-07-2004, 20:59:46
 11.2962, 3.34376,    4.113, 07-07-2004, 20:59:56
 11.3718, 3.34681,    3.460, 07-07-2004, 21:00:06
 11.3274, 3.34562,    3.350, 07-07-2004, 21:00:16
 11.2942, 3.34338,    3.106, 07-07-2004, 21:00:26
 11.3910, 3.34704,    2.898, 07-07-2004, 21:00:36
 11.3338, 3.34593,    3.674, 07-07-2004, 21:00:46
 11.1458, 3.34076,    3.869, 07-07-2004, 21:00:56
 11.1932, 3.34137,    3.668, 07-07-2004, 21:01:06
 11.2724, 3.34223,    3.643, 07-07-2004, 21:01:16
 11.2032, 3.34152,    3.643, 07-07-2004, 21:01:26
 11.2465, 3.34271,    3.228, 07-07-2004, 21:01:36
 11.2011, 3.34032,    3.961, 07-07-2004, 21:01:46
 11.1531, 3.33815,    3.961, 07-07-2004, 21:01:56
 11.2584, 3.34033,    3.888, 07-07-2004, 21:02:06
 11.2329, 3.34050,    3.735, 07-07-2004, 21:02:16
 11.2180, 3.34136,    3.869, 07-07-2004, 21:02:26
 11.2219, 3.34175,    3.985, 07-07-2004, 21:02:36
 11.1961, 3.34072,    3.991, 07-07-2004, 21:02:46
 11.1723, 3.33952,    3.857, 07-07-2004, 21:02:56
 11.1723, 3.33971,    3.680, 07-07-2004, 21:03:06
 11.1755, 3.33897,    3.686, 07-07-2004, 21:03:16
 11.1828, 3.33961,    3.759, 07-07-2004, 21:03:26
 11.1562, 3.33802,    4.089, 07-07-2004, 21:03:36
 11.1738, 3.33819,    3.955, 07-07-2004, 21:03:46
 11.1637, 3.33731,    4.443, 07-07-2004, 21:03:56
 11.1473, 3.33715,    4.346, 07-07-2004, 21:04:06
 11.1646, 3.33739,    3.955, 07-07-2004, 21:04:16
 11.1602, 3.33921,    4.181, 07-07-2004, 21:04:26
 11.1910, 3.34012,    4.266, 07-07-2004, 21:04:36
 11.1922, 3.34078,    4.132, 07-07-2004, 21:04:46
 11.1923, 3.33991,    4.004, 07-07-2004, 21:04:56
 11.1909, 3.34077,    4.333, 07-07-2004, 21:05:06
 11.1830, 3.34090,    4.620, 07-07-2004, 21:05:16
 11.2071, 3.34089,    4.394, 07-07-2004, 21:05:26
 11.2351, 3.34122,    4.620, 07-07-2004, 21:05:36
 11.2538, 3.34191,    4.516, 07-07-2004, 21:05:46
 11.2479, 3.34223,    4.339, 07-07-2004, 21:05:56
 11.2138, 3.34214,    4.254, 07-07-2004, 21:06:06
 11.2117, 3.34273,    4.352, 07-07-2004, 21:06:16
 11.2801, 3.34393,    4.742, 07-07-2004, 21:06:26
 11.2128, 3.34341,    4.529, 07-07-2004, 21:06:36
 11.2240, 3.34323,    4.266, 07-07-2004, 21:06:46
 11.2163, 3.34294,    4.162, 07-07-2004, 21:06:56
 11.2098, 3.34322,    4.376, 07-07-2004, 21:07:06
 11.2087, 3.34314,    4.046, 07-07-2004, 21:07:16
 11.2735, 3.34381,    4.229, 07-07-2004, 21:07:26
 11.3362, 3.34533,    4.034, 07-07-2004, 21:07:36
 11.2920, 3.34437,    4.217, 07-07-2004, 21:07:46
 11.2162, 3.34336,    4.242, 07-07-2004, 21:07:56
 11.2189, 3.34268,    4.266, 07-07-2004, 21:08:06
 11.2878, 3.34432,    4.748, 07-07-2004, 21:08:16
 11.2321, 3.34386,    4.358, 07-07-2004, 21:08:26
 11.2368, 3.34369,    4.547, 07-07-2004, 21:08:36
 11.2470, 3.34381,    4.651, 07-07-2004, 21:08:46
 11.2105, 3.34341,    4.571, 07-07-2004, 21:08:56
 11.2287, 3.34343,    4.840, 07-07-2004, 21:09:06
 11.2236, 3.34311,    4.675, 07-07-2004, 21:09:16
 11.2285, 3.34319,    4.309, 07-07-2004, 21:09:26
 11.2197, 3.34317,    4.254, 07-07-2004, 21:09:36
 11.2565, 3.34362,    4.315, 07-07-2004, 21:09:46
 11.2743, 3.34459,    4.535, 07-07-2004, 21:09:56
 11.3149, 3.34565,    4.993, 07-07-2004, 21:10:06
 11.3257, 3.34622,    4.523, 07-07-2004, 21:10:16
