CTD-processing/Workspace/ADFG-BobDeCino/2007/microcat/CTD/sbe37_0724.asc
* Sea-Bird SBE37 Data File:
* FileName = C:\OTF\CTD\2005\sbe37_0724.asc
* Software Version 1.26
* Temperature SN = 2970
* Conductivity SN = 2970
* System UpLoad Time = Jul 24 2005 14:23:52
* ds
* SBE37-SM V 2.3  SERIAL NO. 2970    07-24-2004  14:23:31
*END*
[from data line 1602]
 11.3491, 3.43507,    4.510, 07-24-2004, 10:28:47
 11.3239, 3.43628,    4.596, 07-24-2004, 10:28:57
 11.3236, 3.43603,    4.846, 07-24-2004, 10:29:07
 11.3490, 3.43476,    4.968, 07-24-2004, 10:29:17
 11.3218, 3.43621,    4.926, 07-24-2004, 10:29:27
 11.2790, 3.43701,    4.993, 07-24-2004, 10:29:37
 11.2794, 3.43807,    4.901, 07-24-2004, 10:29:47
 11.2678, 3.43831,    4.840, 07-24-2004, 10:29:57
 11.2751, 3.43764,    5.042, 07-24-2004, 10:30:07
 11.2833, 3.43763,    5.090, 07-24-2004, 10:30:17
 11.3556, 3.43479,    5.023, 07-24-2004, 10:30:27
 11.3235, 3.43580,    5.005, 07-24-2004, 10:30:37
 11.3291, 3.43654,    4.962, 07-24-2004, 10:30:47
 11.3559, 3.43475,    4.993, 07-24-2004, 10:30:57
 11.3385, 3.43528,    4.907, 07-24-2004, 10:31:07
 11.3581, 3.43472,    4.864, 07-24-2004, 10:31:17
 11.3396, 3.43541,    4.974, 07-24-2004, 10:31:27
 11.3080, 3.43672,    5.072, 07-24-2004, 10:31:37
 11.3220, 3.43626,    4.907, 07-24-2004, 10:31:47
 11.2998, 3.43735,    4.919, 07-24-2004, 10:31:57
 11.3360, 3.43553,    4.877, 07-24-2004, 10:32:07
 11.3250, 3.43594,    4.871, 07-24-2004, 10:32:17
 11.3220, 3.43624,    4.987, 07-24-2004, 10:32:27
 11.3387, 3.43615,    4.864, 07-24-2004, 10:32:37
 11.3347, 3.43644,    4.956, 07-24-2004, 10:32:47
 11.3190, 3.43656,    4.962, 07-24-2004, 10:32:57
 11.3106, 3.43645,    4.864, 07-24-2004, 10:33:07
 11.3245, 3.43599,    4.834, 07-24-2004, 10:33:17
 11.3410, 3.43555,    4.822, 07-24-2004, 10:33:27
 11.3021, 3.43706,    4.883, 07-24-2004, 10:33:37
 11.2753, 3.43807,    5.023, 07-24-2004, 10:33:47
 11.2966, 3.43733,    4.864, 07-24-2004, 10:33:57
 11.2859, 3.43760,    5.035, 07-24-2004, 10:34:07
 11.2671, 3.43804,    4.828, 07-24-2004, 10:34:17
 11.2460, 3.43843,    4.926, 07-24-2004, 10:34:27
 11.2253, 3.43965,    4.956, 07-24-2004, 10:34:37
 11.2218, 3.43969,    5.151, 07-24-2004, 10:34:47
 11.2227, 3.43952,    4.980, 07-24-2004, 10:34:57
 11.2164, 3.43946,    4.999, 07-24-2004, 10:35:07
 11.2018, 3.43984,    4.993, 07-24-2004, 10:35:17
 11.1974, 3.43993,    5.011, 07-24-2004, 10:35:27
 11.2034, 3.43977,    5.042, 07-24-2004, 10:35:37
 11.2105, 3.43959,    4.993, 07-24-2004, 10:35:47
 11.2174, 3.43915,    4.950, 07-24-2004, 10:35:57
 11.2051, 3.43948,    4.932, 07-24-2004, 10:36:07
 11.2154, 3.43931,    4.974, 07-24-2004, 10:36:17
 11.1868, 3.43990,    4.944, 07-24-2004, 10:36:27
 11.1673, 3.44047,    4.999, 07-24-2004, 10:36:37
 11.1987, 3.43940,    5.060, 07-24-2004, 10:36:47
 11.1732, 3.44019,    5.023, 07-24-2004, 10:36:57
 11.2437, 3.43938,    4.968, 07-24-2004, 10:37:07
 11.2080, 3.43936,    4.907, 07-24-2004, 10:37:17
 11.2129, 3.43934,    4.864, 07-24-2004, 10:37:27
 11.1973, 3.43964,    4.956, 07-24-2004, 10:37:37
 11.2645, 3.43809,    4.968, 07-24-2004, 10:37:47
 11.2416, 3.43718,    4.803, 07-24-2004, 10:37:57
 11.2173, 3.43916,    4.950, 07-24-2004, 10:38:07
 11.2044, 3.43970,    5.017, 07-24-2004, 10:38:17
 11.1989, 3.43990,    5.054, 07-24-2004, 10:38:27
 11.1946, 3.43983,    4.883, 07-24-2004, 10:38:37
 11.1959, 3.43966,    4.895, 07-24-2004, 10:38:47
 11.2173, 3.43922,    4.919, 07-24-2004, 10:38:57
 11.2233, 3.43905,    4.974, 07-24-2004, 10:39:07
 11.2180, 3.43909,    4.889, 07-24-2004, 10:39:17
 11.2218, 3.43905,    4.852, 07-24-2004, 10:39:27
 11.2011, 3.43952,    4.913, 07-24-2004, 10:39:37
 11.2196, 3.43953,    5.011, 07-24-2004, 10:39:47
 11.2083, 3.43932,    4.950, 07-24-2004, 10:39:57
 11.2276, 3.43890,    4.913, 07-24-2004, 10:40:07
 11.2148, 3.43900,    4.913, 07-24-2004, 10:40:17
 11.1721, 3.44025,    4.926, 07-24-2004, 10:40:27
 11.2653, 3.43797,    4.016, 07-24-2004, 10:40:37
 11.2545, 3.43861,    3.814, 07-24-2004, 10:40:47
 11.3138, 3.43659,    3.979, 07-24-2004, 10:40:57
 11.2366, 3.43807,    4.352, 07-24-2004, 10:41:07
 11.2969, 3.43722,    4.730, 07-24-2004, 10:41:17
 11.3048, 3.43709,    4.492, 07-24-2004, 10:41:27
 11.2739, 3.43744,    4.675, 07-24-2004, 10:41:37
 11.2165, 3.43878,    4.883, 07-24-2004, 10:41:47
 11.2150, 3.43928,    4.938, 07-24-2004, 10:41:57
 11.2245, 3.43923,    4.950, 07-24-2004, 10:42:07
 11.2155, 3.43922,    4.816, 07-24-2004, 10:42:17
 11.1688, 3.44029,    4.956, 07-24-2004, 10:42:27
 11.1630, 3.44112,    4.926, 07-24-2004, 10:42:37
 11.1735, 3.44032,    4.974, 07-24-2004, 10:42:47
 11.1932, 3.43963,    4.840, 07-24-2004, 10:42:57
 11.1561, 3.44082,    4.944, 07-24-2004, 10:43:07
 11.1238, 3.44141,    4.938, 07-24-2004, 10:43:17
 11.1255, 3.44139,    4.889, 07-24-2004, 10:43:27
 11.1194, 3.44169,    4.974, 07-24-2004, 10:43:37
 11.1819, 3.43953,    4.980, 07-24-2004, 10:43:47
 11.1553, 3.44052,    4.987, 07-24-2004, 10:43:57
 11.1635, 3.44063,    5.017, 07-24-2004, 10:44:07
 11.2064, 3.43930,    5.017, 07-24-2004, 10:44:17
 11.1433, 3.44109,    5.103, 07-24-2004, 10:44:27
 11.2692, 3.43664,    4.871, 07-24-2004, 10:44:37
 11.2407, 3.43932,    4.883, 07-24-2004, 10:44:47
 11.2209, 3.43902,    4.889, 07-24-2004, 10:44:57
 11.1825, 3.44097,    4.810, 07-24-2004, 10:45:07
 11.2041, 3.43827,    4.907, 07-24-2004, 10:45:17
 11.3569, 3.43491,    4.974, 07-24-2004, 10:45:27
 11.1389, 3.44094,    4.895, 07-24-2004, 10:45:37
 11.2403, 3.43861,    4.816, 07-24-2004, 10:45:47
 11.2437, 3.43802,    4.944, 07-24-2004, 10:45:57
 11.2779, 3.43724,    4.938, 07-24-2004, 10:46:07
 11.3336, 3.43572,    4.883, 07-24-2004, 10:46:17
 11.3541, 3.43498,    4.907, 07-24-2004, 10:46:27
 11.3513, 3.43520,    4.834, 07-24-2004, 10:46:37
 11.3542, 3.43497,    4.779, 07-24-2004, 10:46:47
 11.3573, 3.43481,    4.877, 07-24-2004, 10:46:57
 11.3572, 3.43483,    4.748, 07-24-2004, 10:47:07
 11.3586, 3.43469,    4.828, 07-24-2004, 10:47:17
 11.3589, 3.43502,    4.913, 07-24-2004, 10:47:27
 11.3633, 3.43461,    4.871, 07-24-2004, 10:47:37
 11.3279, 3.43610,    4.834, 07-24-2004, 10:47:47
 11.2289, 3.43961,    4.974, 07-24-2004, 10:47:57
 11.0973, 3.44255,    4.883, 07-24-2004, 10:48:07
 11.2028, 3.43963,    4.974, 07-24-2004, 10:48:17
 11.2496, 3.43837,    4.956, 07-24-2004, 10:48:27
 11.1688, 3.44053,    4.944, 07-24-2004, 10:48:37
 11.1717, 3.44046,    4.980, 07-24-2004, 10:48:47
 11.1798, 3.44020,    4.932, 07-24-2004, 10:48:57
 11.1905, 3.44018,    4.797, 07-24-2004, 10:49:07
 11.2334, 3.43860,    4.864, 07-24-2004, 10:49:17
 11.3023, 3.43610,    4.822, 07-24-2004, 10:49:27
 11.3843, 3.43321,    4.718, 07-24-2004, 10:49:37
 11.3901, 3.43312,    4.828, 07-24-2004, 10:49:47
 11.3902, 3.43302,    4.694, 07-24-2004, 10:49:57
 11.3931, 3.43290,    4.932, 07-24-2004, 10:50:07
 11.3965, 3.43256,    4.822, 07-24-2004, 10:50:17
 11.3441, 3.43445,    4.968, 07-24-2004, 10:50:27
 11.3499, 3.43491,    5.023, 07-24-2004, 10:50:37
 11.3389, 3.43487,    4.901, 07-24-2004, 10:50:47
 11.3211, 3.43575,    4.932, 07-24-2004, 10:50:57
 11.3517, 3.43418,    4.907, 07-24-2004, 10:51:07
 11.2690, 3.43783,    5.060, 07-24-2004, 10:51:17
 11.2684, 3.43752,    4.822, 07-24-2004, 10:51:27
 11.2779, 3.43706,    4.901, 07-24-2004, 10:51:37
 11.2261, 3.43909,    5.048, 07-24-2004, 10:51:47
 11.2608, 3.43778,    4.871, 07-24-2004, 10:51:57
 11.1985, 3.43935,    5.042, 07-24-2004, 10:52:07
 11.2235, 3.43952,    4.993, 07-24-2004, 10:52:17
 11.2098, 3.43926,    5.042, 07-24-2004, 10:52:27
 11.2070, 3.43946,    5.066, 07-24-2004, 10:52:37
 11.2285, 3.43883,    5.084, 07-24-2004, 10:52:47
 11.2188, 3.43875,    5.103, 07-24-2004, 10:52:57
 11.2210, 3.43880,    4.968, 07-24-2004, 10:53:07
 11.2075, 3.43929,    4.932, 07-24-2004, 10:53:17
 11.1739, 3.44064,    5.011, 07-24-2004, 10:53:27
 11.1742, 3.44058,    4.919, 07-24-2004, 10:53:37
 11.1740, 3.44021,    4.926, 07-24-2004, 10:53:47
 11.1852, 3.43968,    5.066, 07-24-2004, 10:53:57
 11.1656, 3.43917,    4.938, 07-24-2004, 10:54:07
 11.0817, 3.44282,    5.060, 07-24-2004, 10:54:17
 11.1330, 3.44133,    4.944, 07-24-2004, 10:54:27
 11.1713, 3.43996,    4.968, 07-24-2004, 10:54:37
 11.1615, 3.44019,    4.999, 07-24-2004, 10:54:47
 11.1068, 3.44148,    4.864, 07-24-2004, 10:54:57
 11.1566, 3.44027,    4.785, 07-24-2004, 10:55:07
 11.1391, 3.44146,    4.919, 07-24-2004, 10:55:17
 11.1663, 3.43987,    4.926, 07-24-2004, 10:55:27
 11.2166, 3.43830,    4.944, 07-24-2004, 10:55:37
 11.2054, 3.43858,    4.889, 07-24-2004, 10:55:47
 11.2243, 3.43840,    4.797, 07-24-2004, 10:55:57
 11.2301, 3.43804,    4.950, 07-24-2004, 10:56:07
 11.3269, 3.43415,    4.993, 07-24-2004, 10:56:17
 11.3809, 3.43233,    4.883, 07-24-2004, 10:56:27
 11.3866, 3.43254,    5.060, 07-24-2004, 10:56:37
 11.3686, 3.43291,    5.060, 07-24-2004, 10:56:47
 11.3760, 3.43268,    4.987, 07-24-2004, 10:56:57
 11.3998, 3.43203,    5.115, 07-24-2004, 10:57:07
 11.4031, 3.43212,    5.158, 07-24-2004, 10:57:17
 11.4175, 3.43165,    5.005, 07-24-2004, 10:57:27
 11.3780, 3.43295,    4.980, 07-24-2004, 10:57:37
 11.3612, 3.43333,    4.938, 07-24-2004, 10:57:47
 11.4284, 3.43165,    4.999, 07-24-2004, 10:57:57
 11.4361, 3.43165,    4.926, 07-24-2004, 10:58:07
 11.4460, 3.43196,    4.980, 07-24-2004, 10:58:17
 11.4455, 3.43191,    4.871, 07-24-2004, 10:58:27
 11.4393, 3.43216,    4.810, 07-24-2004, 10:58:37
 11.4324, 3.43223,    5.011, 07-24-2004, 10:58:47
 11.4283, 3.43248,    4.938, 07-24-2004, 10:58:57
 11.3869, 3.43338,    5.029, 07-24-2004, 10:59:07
 11.4004, 3.43324,    5.029, 07-24-2004, 10:59:17
 11.3530, 3.43444,    4.987, 07-24-2004, 10:59:27
 11.3719, 3.43415,    5.090, 07-24-2004, 10:59:37
 11.3608, 3.43435,    5.176, 07-24-2004, 10:59:47
 11.3155, 3.43535,    5.023, 07-24-2004, 10:59:57
 11.2864, 3.43669,    5.133, 07-24-2004, 11:00:07
 11.2486, 3.43875,    5.029, 07-24-2004, 11:00:17
 11.2325, 3.43925,    4.956, 07-24-2004, 11:00:27
 11.1910, 3.43971,    5.090, 07-24-2004, 11:00:37
 11.1608, 3.44084,    5.023, 07-24-2004, 11:00:47
 11.1880, 3.44064,    4.919, 07-24-2004, 11:00:57
 11.1636, 3.44038,    4.907, 07-24-2004, 11:01:07
 11.1498, 3.44058,    4.871, 07-24-2004, 11:01:17
 11.1461, 3.44036,    5.017, 07-24-2004, 11:01:27
 11.1796, 3.43913,    4.913, 07-24-2004, 11:01:37
 11.2594, 3.43652,    4.962, 07-24-2004, 11:01:47
 11.3355, 3.43409,    5.023, 07-24-2004, 11:01:57
 11.3558, 3.43350,    5.011, 07-24-2004, 11:02:07
 11.3647, 3.43323,    5.017, 07-24-2004, 11:02:17
 11.3863, 3.43297,    4.993, 07-24-2004, 11:02:27
 11.3752, 3.43326,    5.072, 07-24-2004, 11:02:37
 11.3442, 3.43424,    4.944, 07-24-2004, 11:02:47
 11.3596, 3.43379,    4.993, 07-24-2004, 11:02:57
 11.3579, 3.43356,    4.871, 07-24-2004, 11:03:07
 11.4695, 3.43176,    3.143, 07-24-2004, 11:03:17
 11.4402, 3.43248,    3.588, 07-24-2004, 11:03:27
 11.3838, 3.43381,    3.491, 07-24-2004, 11:03:37
 11.2872, 3.43620,    3.387, 07-24-2004, 11:03:47
 11.3969, 3.43266,    3.350, 07-24-2004, 11:03:57
 11.2947, 3.43652,    5.029, 07-24-2004, 11:04:07
 11.1006, 3.44220,    6.861, 07-24-2004, 11:04:17
 11.0082, 3.44531,    6.690, 07-24-2004, 11:04:27
 11.0266, 3.44445,    6.666, 07-24-2004, 11:04:37
 11.0062, 3.44634,    6.501, 07-24-2004, 11:04:47
 11.0925, 3.44185,    6.531, 07-24-2004, 11:04:57
 11.0699, 3.44275,    6.574, 07-24-2004, 11:05:07
 11.0717, 3.44265,    6.562, 07-24-2004, 11:05:17
 11.0912, 3.44183,    6.598, 07-24-2004, 11:05:27
 11.1531, 3.44009,    6.257, 07-24-2004, 11:05:37
 11.3597, 3.43488,    4.883, 07-24-2004, 11:05:47
 11.2479, 3.43776,    5.151, 07-24-2004, 11:05:57
 11.4016, 3.43484,    5.011, 07-24-2004, 11:06:07
 11.4096, 3.43330,    5.267, 07-24-2004, 11:06:17
 11.4293, 3.43381,    5.090, 07-24-2004, 11:06:27
 11.3456, 3.43528,    5.127, 07-24-2004, 11:06:37
 11.2323, 3.43893,    5.096, 07-24-2004, 11:06:47
 11.3907, 3.43383,    5.035, 07-24-2004, 11:06:57
 11.3221, 3.43602,    5.084, 07-24-2004, 11:07:07
 11.2638, 3.43789,    5.249, 07-24-2004, 11:07:17
 11.2778, 3.43769,    5.292, 07-24-2004, 11:07:27
 11.2531, 3.43831,    5.170, 07-24-2004, 11:07:37
 11.2808, 3.43713,    5.200, 07-24-2004, 11:07:47
 11.2813, 3.43699,    5.103, 07-24-2004, 11:07:57
 11.4601, 3.43065,    4.712, 07-24-2004, 11:08:07
 11.4142, 3.43264,    5.042, 07-24-2004, 11:08:17
 11.4024, 3.43298,    4.938, 07-24-2004, 11:08:27
 11.3597, 3.43452,    5.194, 07-24-2004, 11:08:37
 11.3760, 3.43386,    5.194, 07-24-2004, 11:08:47
 11.2564, 3.43799,    5.182, 07-24-2004, 11:08:57
 11.2760, 3.43759,    5.072, 07-24-2004, 11:09:07
 11.2422, 3.43910,    5.310, 07-24-2004, 11:09:17
 11.2985, 3.43669,    5.200, 07-24-2004, 11:09:27
 11.3059, 3.43621,    5.164, 07-24-2004, 11:09:37
 11.3432, 3.43483,    5.170, 07-24-2004, 11:09:47
 11.3308, 3.43531,    5.219, 07-24-2004, 11:09:57
 11.3168, 3.43687,    5.182, 07-24-2004, 11:10:07
 11.3421, 3.43434,    5.231, 07-24-2004, 11:10:17
 11.3320, 3.43533,    5.127, 07-24-2004, 11:10:27
 11.2268, 3.43999,    5.115, 07-24-2004, 11:10:37
 11.3196, 3.43645,    4.883, 07-24-2004, 11:10:47
 11.4337, 3.43289,    4.864, 07-24-2004, 11:10:57
 11.4286, 3.43133,    4.773, 07-24-2004, 11:11:07
 11.4359, 3.43089,    4.846, 07-24-2004, 11:11:17
 11.3530, 3.43630,    4.864, 07-24-2004, 11:11:27
 11.3169, 3.43616,    5.048, 07-24-2004, 11:11:37
 11.2895, 3.43815,    5.145, 07-24-2004, 11:11:47
 11.3392, 3.43634,    5.145, 07-24-2004, 11:11:57
 11.3738, 3.43480,    5.084, 07-24-2004, 11:12:07
 11.4125, 3.43168,    4.968, 07-24-2004, 11:12:17
 11.3539, 3.43522,    4.785, 07-24-2004, 11:12:27
 11.3600, 3.43656,    5.017, 07-24-2004, 11:12:37
 11.3672, 3.43510,    5.017, 07-24-2004, 11:12:47
 11.3632, 3.43720,    4.919, 07-24-2004, 11:12:57
 11.3633, 3.43546,    4.974, 07-24-2004, 11:13:07
 11.3197, 3.43767,    5.170, 07-24-2004, 11:13:17
 11.3002, 3.43954,    5.200, 07-24-2004, 11:13:27
 11.3277, 3.43734,    5.200, 07-24-2004, 11:13:37
 11.2800, 3.43851,    5.170, 07-24-2004, 11:13:47
 11.3374, 3.43547,    5.005, 07-24-2004, 11:13:57
 11.3596, 3.43543,    4.944, 07-24-2004, 11:14:07
 11.4158, 3.43558,    4.852, 07-24-2004, 11:14:17
 11.4607, 3.43636,    4.889, 07-24-2004, 11:14:27
 11.3912, 3.43574,    4.828, 07-24-2004, 11:14:37
 11.3837, 3.43611,    5.225, 07-24-2004, 11:14:47
 11.4516, 3.43507,    5.042, 07-24-2004, 11:14:57
 11.4891, 3.43550,    4.926, 07-24-2004, 11:15:07
 11.4133, 3.43634,    4.987, 07-24-2004, 11:15:17
 11.3855, 3.43668,    4.895, 07-24-2004, 11:15:27
 11.4207, 3.43655,    4.736, 07-24-2004, 11:15:37
 11.4461, 3.43695,    4.950, 07-24-2004, 11:15:47
 11.4240, 3.43751,    4.993, 07-24-2004, 11:15:57
 11.4641, 3.43847,    4.944, 07-24-2004, 11:16:07
 11.4468, 3.43915,    4.913, 07-24-2004, 11:16:17
 11.3628, 3.43886,    4.944, 07-24-2004, 11:16:27
 11.3415, 3.43926,    5.042, 07-24-2004, 11:16:37
 11.4170, 3.43933,    4.852, 07-24-2004, 11:16:47
 11.5546, 3.43889,    4.755, 07-24-2004, 11:16:57
 11.4298, 3.43978,    4.852, 07-24-2004, 11:17:07
 11.5866, 3.43792,    4.810, 07-24-2004, 11:17:17
 11.6983, 3.43008,    4.797, 07-24-2004, 11:17:27
 11.5923, 3.43756,    4.767, 07-24-2004, 11:17:37
 11.6102, 3.43717,    4.791, 07-24-2004, 11:17:47
 11.5986, 3.43819,    4.730, 07-24-2004, 11:17:57
 11.6102, 3.43731,    4.858, 07-24-2004, 11:18:07
 11.6432, 3.43339,    4.889, 07-24-2004, 11:18:17
 11.5737, 3.43910,    4.755, 07-24-2004, 11:18:27
 11.6106, 3.43850,    4.767, 07-24-2004, 11:18:37
 11.5847, 3.43911,    4.816, 07-24-2004, 11:18:47
 11.6057, 3.43595,    4.822, 07-24-2004, 11:18:57
 11.5920, 3.43606,    5.023, 07-24-2004, 11:19:07
 11.5444, 3.43808,    4.944, 07-24-2004, 11:19:17
 11.4895, 3.43920,    5.121, 07-24-2004, 11:19:27
 11.4984, 3.43982,    4.956, 07-24-2004, 11:19:37
 11.5835, 3.43178,    4.956, 07-24-2004, 11:19:47
 11.6377, 3.42601,    4.944, 07-24-2004, 11:19:57
 11.5631, 3.43099,    4.816, 07-24-2004, 11:20:07
 11.6114, 3.42698,    4.840, 07-24-2004, 11:20:17
 11.5980, 3.42842,    4.980, 07-24-2004, 11:20:27
 11.6103, 3.42852,    4.816, 07-24-2004, 11:20:37
 11.5688, 3.43131,    4.871, 07-24-2004, 11:20:47
 11.5786, 3.43185,    4.871, 07-24-2004, 11:20:57
 11.6287, 3.42882,    4.840, 07-24-2004, 11:21:07
 11.6711, 3.42286,    4.858, 07-24-2004, 11:21:17
 11.7010, 3.41561,    4.742, 07-24-2004, 11:21:27
 11.7185, 3.40889,    4.944, 07-24-2004, 11:21:37
 11.7009, 3.41382,    4.913, 07-24-2004, 11:21:47
