CTD-processing/allCTD/CNV/2012_07-30_t6_s24_cast094_4141.cnv
* Sea-Bird SBE19plus Data File:
* FileName = C:\Documents and Settings\kris.holderied.local\My Documents\2012-07-EVOS-CookInlet-Ocean\2012-07-CookInlet-Tran6-Douglas\2012-07-31-CookInlet-Tran6-cast094.hex
* Software Version 1.54
* Temperature SN =  4141
* Conductivity SN =  4141
* System UpLoad Time = Jul 31 2012 08:28:51
** Cook Inlet LTM Transect 6 (Douglas line)  East to West
** Date:  2012-07-30
** Station:  6-24
** Start time (AKDT-24 hr): 2320
** Depth (m): 168
** Comment: Light wind Swell from SE now. 506-0.8knots C06 215T
# nquan = 27
# nvalues = 146                         
# units = specified
# name 0 = scan: Scan Count
# name 1 = timeJ: Julian Days
# name 2 = timeH: Time, Elapsed [hours]
# name 3 = timeM: Time, Elapsed [minutes]
# name 4 = timeS: Time, Elapsed [seconds]
# name 5 = prdM: Pressure, Strain Gauge [db]
# name 6 = specc: Specific Conductance [uS/cm]
# name 7 = sal00: Salinity, Practical [PSU]
# name 8 = tv290C: Temperature [ITS-90, deg C]
# name 9 = depSM: Depth [salt water, m], lat = 59.00
# name 10 = potemp090C: Potential Temperature [ITS-90, deg C]
# name 11 = sigma-é00: Density [sigma-theta, kg/m^3]
# name 12 = sbeox0ML/L: Oxygen, SBE 43 [ml/l]
# name 13 = sbeox0Mg/L: Oxygen, SBE 43 [mg/l]
# name 14 = sbeox0PS: Oxygen, SBE 43 [% saturation]
# name 15 = sbox0Mm/Kg: Oxygen, SBE 43 [umol/kg]
# name 16 = sbeox0Mm/L: Oxygen, SBE 43 [umol/l]
# name 17 = sbox0dV/dT: Oxygen, SBE 43 [dov/dt]
# name 18 = oxsolML/L: Oxygen Saturation, Garcia & Gordon [ml/l]
# name 19 = oxsolMg/L: Oxygen Saturation, Garcia & Gordon [mg/l]
# name 20 = oxsolMm/Kg: Oxygen Saturation, Garcia & Gordon [umol/kg]
# name 21 = n2satMg/L: Nitrogen Saturation [mg/l]
# name 22 = par: PAR/Irradiance, Biospherical/Licor
# name 23 = wetStar: Fluorescence, WET Labs WETstar [mg/m^3]
# name 24 = CStarAt0: Beam Attenuation, WET Labs C-Star [1/m]
# name 25 = CStarTr0: Beam Transmission, WET Labs C-Star [%]
# name 26 = flag: flag
# span 0 =         14,       1044       
# span 1 = 212.970997, 212.973980       
# span 2 =    0.00088,    0.07245       
# span 3 =     0.0528,     4.3470       
# span 4 =      3.166,    260.818       
# span 5 =      1.004,    147.406       
# span 6 =  48843.367,  51830.254       
# span 7 =    31.0370,    32.3178       
# span 8 =     5.5153,     9.9818       
# span 9 =      1.000,    146.000       
# span 10 =     5.4945,     9.9803      
# span 11 =    23.8642,    25.4925      
# span 12 =     5.4344,     6.8416      
# span 13 =     7.7662,     9.7772      
# span 14 =     76.392,    105.594      
# span 15 =    236.662,    298.414      
# span 16 =    242.696,    305.544      
# span 17 =   -0.02723,    0.00807      
# span 18 =    6.47909,    7.11363      
# span 19 =    9.25927,   10.16609      
# span 20 =  282.60088,  309.79722      
# span 21 =   14.65055,   15.94373      
# span 22 = 4.0889e-02, 1.5454e-01      
# span 23 =    -0.0960,     8.3727      
# span 24 =     0.1081,     1.5992      
# span 25 =    70.1463,    97.3350      
# span 26 = 0.0000e+00, 0.0000e+00      
# interval = meters: 1                  
# start_time = Jul 30 2012 23:18:11 [Instrument's time stamp, header]
# bad_flag = -9.990e-29
*END*
[from data line 108]
        823 212.973340    0.05711     3.4270    205.621    110.064  51168.609    32.1120     6.6940    109.000     6.6592    25.1856     5.7954     8.2821     83.634    252.462    258.820   -0.01102    6.92937    9.90276  301.86311   15.56640 4.1875e-02     0.1634     0.1613    96.0496 0.0000e+00
        829 212.973356    0.05748     3.4491    206.945    111.071  51212.063    32.1338     6.6517    110.000     6.6330    25.2083     5.7494     8.2164     82.902    250.454    256.768   -0.01287    6.93517    9.91105  302.10901   15.57804 4.2068e-02     0.1506     0.1729    95.7698 0.0000e+00
        833 212.973368    0.05777     3.4662    207.972    112.070  51228.177    32.1418     6.6372    111.000     6.6245    25.2164     5.7383     8.2006     82.718    249.970    256.273   -0.01098    6.93715    9.91388  302.19294   15.58201 4.1890e-02     0.1415     0.1789    95.6264 0.0000e+00
        840 212.973388    0.05827     3.4961    209.764    113.089  51234.056    32.1442     6.6305    112.000     6.6194    25.2192     5.7596     8.2310     83.014    250.896    257.224   -0.00338    6.93811    9.91526  302.23401   15.58396 4.1899e-02     0.1345     0.1798    95.6024 0.0000e+00
        847 212.973408    0.05874     3.5243    211.456    114.100  51234.431    32.1423     6.6221    113.000     6.6081    25.2188     5.7521     8.2204     82.889    250.571    256.890   -0.00284    6.93955    9.91731  302.29676   15.58696 4.1866e-02     0.1361     0.1823    95.5444 0.0000e+00
        852 212.973423    0.05909     3.5455    212.727    115.113  51233.156    32.1383     6.6081    114.000     6.5873    25.2175     5.7576     8.2282     82.938    250.808    257.134   -0.00146    6.94199    9.92080  302.40337   15.59206 4.2028e-02     0.1282     0.1836    95.5124 0.0000e+00
        856 212.973435    0.05938     3.5631    213.784    116.111  51244.495    32.1415     6.5857    115.000     6.5600    25.2229     5.7520     8.2202     82.817    250.566    256.885   -0.00198    6.94545    9.92574  302.55274   15.59917 4.1981e-02     0.1389     0.1885    95.3977 0.0000e+00
        864 212.973459    0.05995     3.5970    215.821    117.138  51282.075    32.1535     6.5139    116.000     6.4868    25.2415     5.7409     8.2043     82.525    250.075    256.387   -0.00333    6.95650    9.94153  303.02833   15.62180 4.1958e-02     0.1280     0.1932    95.2852 0.0000e+00
        870 212.973474    0.06034     3.6200    217.198    118.150  51311.242    32.1666     6.4786    117.000     6.4584    25.2562     5.7224     8.1778     82.199    249.265    255.561   -0.00466    6.96161    9.94884  303.24655   15.63215 4.2281e-02     0.1383     0.1959    95.2206 0.0000e+00
        872 212.973482    0.06051     3.6304    217.822    119.138  51318.663    32.1689     6.4663    118.000     6.4423    25.2596     5.7190     8.1732     82.130    249.123    255.416   -0.00461    6.96350    9.95154  303.32817   15.63603 4.1932e-02     0.1299     0.1981    95.1694 0.0000e+00
        878 212.973497    0.06087     3.6525    219.152    120.151  51342.349    32.1681     6.3789    119.000     6.3352    25.2699     5.7161     8.1689     81.920    248.990    255.282   -0.00455    6.97773    9.97187  303.94457   15.66542 4.1977e-02     0.1234     0.1998    95.1282 0.0000e+00
        885 212.973519    0.06141     3.6842    221.054    121.177  51433.117    32.2117     6.2820    120.000     6.2632    25.3166     5.6849     8.1243     81.311    247.619    253.887   -0.00697    6.99151    9.99156  304.53085   15.69319 4.2037e-02     0.1222     0.2142    94.7868 0.0000e+00
        889 212.973531    0.06169     3.7012    222.070    122.174  51450.595    32.2203     6.2660    121.000     6.2487    25.3252     5.6781     8.1145     81.188    247.318    253.581   -0.00609    6.99370    9.99469  304.62387   15.69759 4.1853e-02     0.1218     0.2282    94.4542 0.0000e+00
        894 212.973546    0.06204     3.7226    223.359    123.187  51453.952    32.2175     6.2425    122.000     6.2138    25.3260     5.6711     8.1045     81.042    247.013    253.269   -0.00489    6.99768   10.00039  304.79711   15.70586 4.2045e-02     0.1252     0.2432    94.1010 0.0000e+00
        900 212.973563    0.06245     3.7469    224.816    124.199  51479.149    32.2219     6.1785    123.000     6.1433    25.3374     5.6421     8.0632     80.510    245.751    251.978   -0.00729    7.00794   10.01505  305.24067   15.72699 4.2078e-02     0.1269     0.2547    93.8314 0.0000e+00
        906 212.973578    0.06282     3.7692    226.153    125.207  51523.237    32.2393     6.1142    124.000     6.0886    25.3590     5.6128     8.0213     79.982    244.471    250.670   -0.00865    7.01770   10.02899  305.65922   15.74687 4.2139e-02     0.1258     0.2654    93.5816 0.0000e+00
        912 212.973595    0.06323     3.7939    227.635    126.218  51554.936    32.2551     6.0856    125.000     6.0720    25.3749     5.5890     7.9872     79.596    243.427    249.604   -0.00835    7.02166   10.03466  305.82714   15.75481 4.2015e-02     0.1279     0.2732    93.3992 0.0000e+00
        917 212.973612    0.06364     3.8184    229.104    127.230  51560.246    32.2568     6.0786    126.000     6.0664    25.3772     5.5914     7.9907     79.619    243.533    249.713   -0.00481    7.02274   10.03620  305.87347   15.75701 4.2057e-02     0.1235     0.2770    93.3089 0.0000e+00
        923 212.973627    0.06401     3.8403    230.416    128.238  51563.904    32.2581     6.0746    127.000     6.0631    25.3787     5.5911     7.9903     79.608    243.520    249.700   -0.00305    7.02334   10.03706  305.89907   15.75822 4.2112e-02     0.1254     0.2775    93.2979 0.0000e+00
        929 212.973645    0.06442     3.8651    231.904    129.247  51564.894    32.2576     6.0710    128.000     6.0589    25.3788     5.5839     7.9800     79.499    243.207    249.379   -0.00271    7.02394   10.03792  305.92537   15.75948 4.2068e-02     0.1218     0.2778    93.2912 0.0000e+00
        935 212.973664    0.06488     3.8926    233.557    130.264  51568.301    32.2585     6.0663    129.000     6.0545    25.3801     5.5744     7.9663     79.354    242.788    248.950   -0.00280    7.02468   10.03897  305.95693   15.76098 4.2167e-02     0.1222     0.2779    93.2876 0.0000e+00
        940 212.973678    0.06522     3.9133    234.798    131.264  51552.571    32.2441     6.0514    130.000     6.0206    25.3706     5.5882     7.9861     79.516    243.395    249.570   -0.00059    7.02781   10.04344  306.09619   15.76768 4.2092e-02     0.1231     0.2800    93.2402 0.0000e+00
        947 212.973697    0.06568     3.9405    236.433    132.282  51592.917    32.2559     5.9734    131.000     5.9450    25.3893     5.5794     7.9735     79.251    243.006    249.175   -0.00224    7.04013   10.06104  306.62702   15.79293 4.2152e-02     0.1223     0.2834    93.1601 0.0000e+00
        952 212.973713    0.06607     3.9641    237.843    133.287  51627.993    32.2731     5.9404    132.000     5.9253    25.4068     5.5529     7.9356     78.822    241.847    247.991   -0.00506    7.04478   10.06770  306.82452   15.80227 4.2227e-02     0.1171     0.2833    93.1632 0.0000e+00
        959 212.973732    0.06651     3.9905    239.431    134.298  51637.026    32.2771     5.9319    133.000     5.9198    25.4111     5.5490     7.9301     78.754    241.677    247.819   -0.00349    7.04600   10.06945  306.87656   15.80473 4.2170e-02     0.1159     0.2811    93.2133 0.0000e+00
        965 212.973750    0.06694     4.0166    240.998    135.314  51633.532    32.2729     5.9254    134.000     5.9075    25.4085     5.5447     7.9239     78.679    241.491    247.627   -0.00263    7.04728   10.07128  306.93311   15.80745 4.2185e-02     0.1138     0.2867    93.0827 0.0000e+00
        970 212.973763    0.06726     4.0356    242.135    136.311  51642.107    32.2745     5.9065    135.000     5.8883    25.4121     5.5429     7.9214     78.619    241.411    247.546   -0.00224    7.05033   10.07564  307.06484   15.81372 4.2133e-02     0.1112     0.2942    92.9097 0.0000e+00
        979 212.973790    0.06790     4.0738    244.427    137.334  51650.742    32.2751     5.8827    136.000     5.8625    25.4154     5.5329     7.9070     78.434    240.974    247.099   -0.00223    7.05425   10.08123  307.23427   15.82179 4.2133e-02     0.1145     0.2887    93.0356 0.0000e+00
        985 212.973808    0.06833     4.1001    246.006    138.338  51667.406    32.2799     5.8518    137.000     5.8329    25.4229     5.5322     7.9061     78.369    240.943    247.068   -0.00183    7.05915   10.08822  307.44531   15.83182 4.2255e-02     0.1108     0.2886    93.0397 0.0000e+00
        991 212.973826    0.06878     4.1267    247.602    139.349  51676.522    32.2797     5.8227    138.000     5.7992    25.4262     5.5291     7.9017     78.272    240.808    246.931   -0.00180    7.06399   10.09515  307.65526   15.84183 4.2185e-02     0.1136     0.2974    92.8337 0.0000e+00
        999 212.973847    0.06928     4.1568    249.406    140.358  51705.835    32.2931     5.7916    139.000     5.7775    25.4405     5.5125     7.8779     77.986    240.079    246.186   -0.00309    7.06853   10.10164  307.84890   15.85101 4.2196e-02     0.1116     0.3090    92.5660 0.0000e+00
       1007 212.973871    0.06985     4.1909    251.456    141.372  51711.072    32.2929     5.7753    140.000     5.7595    25.4423     5.4936     7.8509     77.689    239.257    245.344   -0.00367    7.07127   10.10555  307.96729   15.85665 4.2287e-02     0.1149     0.3166    92.3894 0.0000e+00
       1013 212.973890    0.07029     4.2174    253.044    142.380  51711.467    32.2898     5.7617    141.000     5.7403    25.4415     5.4939     7.8513     77.666    239.269    245.356   -0.00234    7.07368   10.10900  308.07267   15.86168 4.2280e-02     0.1141     0.3288    92.1099 0.0000e+00
       1019 212.973907    0.07070     4.2424    254.542    143.391  51726.394    32.2921     5.7253    142.000     5.7024    25.4476     5.4889     7.8441     77.530    239.049    245.133   -0.00246    7.07965   10.11752  308.33070   15.87396 4.2265e-02     0.1136     0.3333    92.0057 0.0000e+00
       1025 212.973924    0.07112     4.2670    256.019    144.397  51731.567    32.2874     5.6879    143.000     5.6544    25.4483     5.4826     7.8352     77.372    238.778    244.855   -0.00268    7.08610   10.12675  308.61175   15.88737 4.2274e-02     0.1182     0.3415    91.8164 0.0000e+00
       1034 212.973949    0.07173     4.3038    258.228    145.414  51782.858    32.3040     5.6000    144.000     5.5733    25.4717     5.4579     7.7999     76.871    237.696    243.751   -0.00467    7.10005   10.14669  309.21226   15.91591 4.2293e-02     0.1153     0.3693    91.1817 0.0000e+00
       1040 212.973967    0.07215     4.3294    259.761    146.422  51797.081    32.3038     5.5549    145.000     5.5237    25.4768     5.4432     7.7789     76.583    237.055    243.094   -0.00498    7.10765   10.15754  309.54131   15.93160 4.2347e-02     0.1153     0.4071    90.3227 0.0000e+00
       1044 212.973980    0.07245     4.3470    260.818    147.406  51830.254    32.3178     5.5153    146.000     5.4945    25.4925     5.4344     7.7662     76.392    236.662    242.696   -0.00499    7.11363   10.16609  309.79722   15.94373 4.2523e-02     0.1122     0.4409    89.5627 0.0000e+00
