CTD-processing/allCTD/CNV/2012_10-28_t6_s02_cast027_4141.cnv
* Sea-Bird SBE19plus Data File:
* FileName = C:\Documents and Settings\kris.holderied.local\My Documents\2012-10-CookInlet-Ocean-LTM\2012-10-28-EVOSTC-CookInletOcean-Tran6-Douglas\2012-10-28-CookInletOcean-Tran6-cast027.hex
* Software Version 1.54
* Temperature SN =  4141
* Conductivity SN =  4141
* System UpLoad Time = Oct 28 2012 19:55:46
** Cook Inlet EVOSTC Transect 6 Douglas line west to east
** Date:   28 Oct 2012
** Station:  6-02
** Start time (AKDT-24 hr):  1843
** Depth (m):  49
** Comment:
# nquan = 27
# nvalues = 41                          
# units = specified
# name 0 = scan: Scan Count
# name 1 = timeJ: Julian Days
# name 2 = timeH: Time, Elapsed [hours]
# name 3 = timeM: Time, Elapsed [minutes]
# name 4 = timeS: Time, Elapsed [seconds]
# name 5 = prdM: Pressure, Strain Gauge [db]
# name 6 = specc: Specific Conductance [uS/cm]
# name 7 = sal00: Salinity, Practical [PSU]
# name 8 = tv290C: Temperature [ITS-90, deg C]
# name 9 = depSM: Depth [salt water, m], lat = 59.00
# name 10 = potemp090C: Potential Temperature [ITS-90, deg C]
# name 11 = sigma-é00: Density [sigma-theta, kg/m^3]
# name 12 = sbeox0ML/L: Oxygen, SBE 43 [ml/l]
# name 13 = sbeox0Mg/L: Oxygen, SBE 43 [mg/l]
# name 14 = sbeox0PS: Oxygen, SBE 43 [% saturation]
# name 15 = sbox0Mm/Kg: Oxygen, SBE 43 [umol/kg]
# name 16 = sbeox0Mm/L: Oxygen, SBE 43 [umol/l]
# name 17 = sbox0dV/dT: Oxygen, SBE 43 [dov/dt]
# name 18 = oxsolML/L: Oxygen Saturation, Garcia & Gordon [ml/l]
# name 19 = oxsolMg/L: Oxygen Saturation, Garcia & Gordon [mg/l]
# name 20 = oxsolMm/Kg: Oxygen Saturation, Garcia & Gordon [umol/kg]
# name 21 = n2satMg/L: Nitrogen Saturation [mg/l]
# name 22 = par: PAR/Irradiance, Biospherical/Licor
# name 23 = wetStar: Fluorescence, WET Labs WETstar [mg/m^3]
# name 24 = CStarAt0: Beam Attenuation, WET Labs C-Star [1/m]
# name 25 = CStarTr0: Beam Transmission, WET Labs C-Star [%]
# name 26 = flag: flag
# span 0 =         54,        535       
# span 1 = 302.780097, 302.781488       
# span 2 =    0.00371,    0.03710       
# span 3 =     0.2227,     2.2263       
# span 4 =     13.361,    133.579       
# span 5 =      1.006,     41.383       
# span 6 =  48737.892,  48906.280       
# span 7 =    30.6773,    30.7801       
# span 8 =     7.6613,     7.9386       
# span 9 =      1.000,     41.000       
# span 10 =     7.7907,     7.9356      
# span 11 =    23.8921,    23.9711      
# span 12 =     5.7635,     6.2791      
# span 13 =     8.2366,     8.9735      
# span 14 =     84.756,     91.822      
# span 15 =    251.392,    273.862      
# span 16 =    257.399,    280.425      
# span 17 =   -0.00711,    0.01803      
# span 18 =    6.79353,    6.83895      
# span 19 =    9.70864,    9.77355      
# span 20 =  296.29684,  298.27912      
# span 21 =   15.30627,   15.40109      
# span 22 = 3.6382e-02, 8.6434e-01      
# span 23 =     0.1414,     0.9140      
# span 24 =     0.2233,     0.7378      
# span 25 =    85.0500,    94.3788      
# span 26 = 0.0000e+00, 0.0000e+00      
# interval = meters: 1                  
# start_time = Oct 28 2012 18:43:07 [Instrument's time stamp, header]
# bad_flag = -9.990e-29
*END*
         54 302.780097    0.00371     0.2227     13.361      1.006  48864.216    30.7246     7.6613      1.000     7.7907    23.9647     6.2791     8.9735     91.822    273.862    280.425    0.01803    6.83895    9.77355  298.27912   15.40109 8.6434e-01     0.1414     0.7378    85.0500 0.0000e+00
        309 302.780834    0.02140     1.2843     77.059      2.022  48737.892    30.6773     7.9205      2.000     7.9139    23.8921     5.7635     8.2366     84.756    251.392    257.399   -0.00711    6.80065    9.71880  296.62979   15.32258 4.3409e-01     0.8599     0.2233    94.3788 0.0000e+00
        361 302.780982    0.02497     1.4979     89.876      3.028  48822.095    30.7360     7.9238      3.000     7.9244    23.9377     5.8654     8.3822     86.287    255.824    261.948    0.00012    6.79753    9.71436  296.48089   15.31523 3.3559e-01     0.7588     0.2571    93.7746 0.0000e+00
        367 302.781002    0.02545     1.5270     91.621      4.041  48825.486    30.7383     7.9263      4.000     7.9262    23.9391     5.8688     8.3871     86.343    255.973    262.101    0.00048    6.79704    9.71366  296.45901   15.31418 2.6753e-01     0.8044     0.2619    93.6629 0.0000e+00
        372 302.781017    0.02578     1.5469     92.816      5.045  48825.613    30.7380     7.9269      5.000     7.9269    23.9388     5.8606     8.3753     86.223    255.614    261.732   -0.00091    6.79697    9.71355  296.45596   15.31404 2.2586e-01     0.7682     0.2620    93.6599 0.0000e+00
        377 302.781031    0.02613     1.5680     94.078      6.058  48835.874    30.7450     7.9287      6.000     7.9288    23.9441     5.8705     8.3896     86.377    256.047    262.178    0.00058    6.79638    9.71272  296.42890   15.31272 2.0719e-01     0.7756     0.2595    93.7180 0.0000e+00
        382 302.781045    0.02647     1.5882     95.293      7.067  48831.164    30.7413     7.9288      7.000     7.9274    23.9412     5.8715     8.3910     86.389    256.090    262.221    0.00048    6.79655    9.71294  296.43652   15.31309 1.9877e-01     0.8178     0.2660    93.5674 0.0000e+00
        387 302.781058    0.02679     1.6074     96.446      8.079  48833.308    30.7422     7.9281      8.000     7.9275    23.9420     5.8739     8.3944     86.424    256.195    262.329    0.00047    6.79660    9.71303  296.43889   15.31320 2.0627e-01     0.6914     0.2579    93.7548 0.0000e+00
        391 302.781069    0.02705     1.6230     97.379      9.082  48834.192    30.7425     7.9284      9.000     7.9279    23.9422     5.8811     8.4047     86.531    256.508    262.649    0.00116    6.79655    9.71294  296.43636   15.31308 1.7914e-01     0.8442     0.2589    93.7330 0.0000e+00
        395 302.781081    0.02733     1.6400     98.402     10.100  48834.325    30.7422     7.9290     10.000     7.9280    23.9419     5.8749     8.3957     86.439    256.234    262.368    0.00016    6.79647    9.71282  296.43292   15.31292 1.6204e-01     0.7472     0.2609    93.6861 0.0000e+00
        398 302.781092    0.02759     1.6553     99.319     11.100  48829.059    30.7380     7.9283     11.000     7.9259    23.9387     5.8683     8.3863     86.339    255.948    262.075   -0.00114    6.79676    9.71325  296.44663   15.31359 1.5248e-01     0.7108     0.2593    93.7237 0.0000e+00
        403 302.781104    0.02789     1.6734    100.407     12.112  48835.056    30.7414     7.9264     12.000     7.9249    23.9417     5.8711     8.3905     86.379    256.074    262.205   -0.00059    6.79690    9.71345  296.45188   15.31383 1.4375e-01     0.7271     0.2593    93.7242 0.0000e+00
        407 302.781118    0.02822     1.6936    101.614     13.125  48853.981    30.7541     7.9264     13.000     7.9270    23.9517     5.8779     8.4000     86.486    256.364    262.505    0.00058    6.79634    9.71265  296.42464   15.31247 1.3133e-01     0.6588     0.2609    93.6857 0.0000e+00
        412 302.781130    0.02852     1.7111    102.665     14.136  48862.580    30.7602     7.9299     14.000     7.9289    23.9560     5.8685     8.3867     86.358    255.956    262.087   -0.00061    6.79553    9.71150  296.38838   15.31072 1.2070e-01     0.7986     0.2621    93.6575 0.0000e+00
        415 302.781141    0.02878     1.7270    103.623     15.136  48868.409    30.7640     7.9308     15.000     7.9298    23.9589     5.8593     8.3736     86.227    255.554    261.677   -0.00200    6.79521    9.71103  296.37336   15.30999 1.1128e-01     0.6854     0.2635    93.6246 0.0000e+00
        420 302.781156    0.02913     1.7477    104.863     16.154  48859.640    30.7574     7.9307     16.000     7.9286    23.9537     5.8647     8.3812     86.302    255.789    261.916   -0.00072    6.79554    9.71150  296.38888   15.31076 1.0211e-01     0.8919     0.2595    93.7176 0.0000e+00
        425 302.781169    0.02944     1.7666    105.995     17.164  48861.361    30.7580     7.9297     17.000     7.9283    23.9543     5.8664     8.3838     86.327    255.867    261.995   -0.00031    6.79565    9.71166  296.39388   15.31099 9.2988e-02     0.7529     0.2631    93.6346 0.0000e+00
        429 302.781181    0.02972     1.7832    106.993     18.164  48865.350    30.7605     7.9302     18.000     7.9287    23.9562     5.8676     8.3854     86.346    255.916    262.047   -0.00016    6.79546    9.71139  296.38507   15.31056 8.5975e-02     0.8204     0.2610    93.6844 0.0000e+00
        434 302.781196    0.03010     1.8057    108.342     19.185  48870.424    30.7637     7.9311     19.000     7.9300    23.9586     5.8672     8.3847     86.343    255.897    262.028   -0.00012    6.79519    9.71100  296.37226   15.30994 7.9630e-02     0.7235     0.2593    93.7228 0.0000e+00
        439 302.781209    0.03041     1.8242    109.451     20.193  48869.983    30.7631     7.9322     20.000     7.9300    23.9580     5.8651     8.3819     86.315    255.809    261.938   -0.00053    6.79504    9.71080  296.36646   15.30966 7.3269e-02     0.7474     0.2576    93.7626 0.0000e+00
        443 302.781220    0.03066     1.8397    110.384     21.197  48872.482    30.7643     7.9321     21.000     7.9305    23.9590     5.8632     8.3791     86.287    255.724    261.850   -0.00064    6.79500    9.71073  296.36389   15.30954 6.9175e-02     0.9140     0.2606    93.6940 0.0000e+00
        447 302.781232    0.03096     1.8575    111.450     22.208  48870.577    30.7627     7.9325     22.000     7.9301    23.9576     5.8617     8.3769     86.264    255.656    261.781   -0.00079    6.79501    9.71075  296.36512   15.30960 6.4395e-02     0.7901     0.2584    93.7436 0.0000e+00
        451 302.781245    0.03128     1.8769    112.615     23.218  48873.283    30.7640     7.9320     23.000     7.9301    23.9588     5.8622     8.3776     86.272    255.681    261.806   -0.00052    6.79504    9.71078  296.36569   15.30962 6.0200e-02     0.6792     0.2660    93.5680 0.0000e+00
        456 302.781260    0.03163     1.8976    113.857     24.226  48868.268    30.7602     7.9323     24.000     7.9297    23.9557     5.8639     8.3800     86.295    255.753    261.880   -0.00018    6.79516    9.71096  296.37202   15.30994 5.6816e-02     0.7773     0.2632    93.6321 0.0000e+00
        462 302.781276    0.03200     1.9204    115.224     25.246  48870.632    30.7613     7.9318     25.000     7.9299    23.9567     5.8584     8.3721     86.213    255.513    261.634   -0.00100    6.79518    9.71100  296.37291   15.30997 5.4004e-02     0.7712     0.2633    93.6308 0.0000e+00
        466 302.781287    0.03228     1.9368    116.206     26.243  48872.354    30.7621     7.9328     26.000     7.9308    23.9572     5.8634     8.3793     86.289    255.729    261.856   -0.00020    6.79500    9.71072  296.36446   15.30957 5.0914e-02     0.8322     0.2638    93.6170 0.0000e+00
        471 302.781301    0.03262     1.9572    117.432     27.255  48875.499    30.7641     7.9342     27.000     7.9321    23.9586     5.8674     8.3851     86.352    255.907    262.038    0.00044    6.79469    9.71029  296.35067   15.30891 4.8824e-02     0.8620     0.2650    93.5896 0.0000e+00
        476 302.781317    0.03300     1.9798    118.786     28.271  48876.429    30.7645     7.9352     28.000     7.9327    23.9588     5.8620     8.3774     86.275    255.670    261.795   -0.00048    6.79451    9.71003  296.34280   15.30853 4.6783e-02     0.7602     0.2577    93.7606 0.0000e+00
        480 302.781329    0.03329     1.9977    119.862     29.274  48877.009    30.7646     7.9359     29.000     7.9340    23.9587     5.8654     8.3822     86.327    255.820    261.950   -0.00015    6.79441    9.70989  296.33830   15.30831 4.5234e-02     0.8076     0.2600    93.7064 0.0000e+00
        485 302.781343    0.03362     2.0173    121.036     30.283  48878.317    30.7653     7.9376     30.000     7.9351    23.9591     5.8671     8.3848     86.356    255.896    262.028    0.00033    6.79411    9.70946  296.32515   15.30768 4.3505e-02     0.7523     0.2610    93.6832 0.0000e+00
        491 302.781359    0.03400     2.0396    122.377     31.295  48877.378    30.7643     7.9383     31.000     7.9355    23.9582     5.8629     8.3787     86.295    255.711    261.838   -0.00055    6.79404    9.70936  296.32234   15.30755 4.2283e-02     0.7049     0.2612    93.6786 0.0000e+00
        495 302.781373    0.03434     2.0602    123.614     32.313  48879.230    30.7652     7.9385     32.000     7.9356    23.9589     5.8628     8.3786     86.295    255.706    261.833   -0.00041    6.79397    9.70926  296.31915   15.30740 4.1481e-02     0.6720     0.2590    93.7301 0.0000e+00
        499 302.781383    0.03458     2.0751    124.506     33.312  48880.463    30.7656     7.9386     33.000     7.9355    23.9593     5.8588     8.3729     86.237    255.535    261.657   -0.00075    6.79394    9.70921  296.31764   15.30733 3.9885e-02     0.8238     0.2579    93.7566 0.0000e+00
        504 302.781396    0.03490     2.0942    125.653     34.317  48878.598    30.7638     7.9380     34.000     7.9343    23.9579     5.8593     8.3736     86.242    255.557    261.679   -0.00072    6.79412    9.70947  296.32593   15.30773 3.9249e-02     0.8840     0.2584    93.7442 0.0000e+00
        510 302.781415    0.03534     2.1205    127.227     35.343  48882.635    30.7659     7.9367     35.000     7.9330    23.9598     5.8618     8.3770     86.275    255.660    261.785   -0.00012    6.79421    9.70962  296.32974   15.30790 3.8500e-02     0.7712     0.2591    93.7282 0.0000e+00
        514 302.781426    0.03561     2.1370    128.217     36.340  48893.154    30.7727     7.9360     36.000     7.9325    23.9652     5.8576     8.3711     86.217    255.478    261.601   -0.00072    6.79404    9.70936  296.32041   15.30742 3.7820e-02     0.6772     0.2610    93.6845 0.0000e+00
        518 302.781439    0.03592     2.1555    129.328     37.349  48897.001    30.7750     7.9360     37.000     7.9326    23.9670     5.8520     8.3632     86.137    255.236    261.353   -0.00131    6.79392    9.70920  296.31495   15.30715 3.7156e-02     0.7871     0.2598    93.7118 0.0000e+00
        524 302.781454    0.03629     2.1772    130.634     38.370  48897.380    30.7748     7.9365     38.000     7.9329    23.9668     5.8572     8.3705     86.213    255.460    261.582   -0.00025    6.79386    9.70911  296.31226   15.30703 3.6751e-02     0.7307     0.2564    93.7902 0.0000e+00
        527 302.781465    0.03656     2.1933    131.599     39.370  48890.937    30.7699     7.9362     39.000     7.9324    23.9630     5.8615     8.3767     86.274    255.650    261.777    0.00033    6.79412    9.70948  296.32463   15.30763 3.6497e-02     0.8055     0.2573    93.7697 0.0000e+00
        531 302.781477    0.03682     2.2094    132.561     40.380  48906.280    30.7801     7.9366     40.000     7.9334    23.9711     5.8623     8.3779     86.292    255.683    261.813    0.00035    6.79360    9.70874  296.29954   15.30640 3.6395e-02     0.7539     0.2578    93.7572 0.0000e+00
        535 302.781488    0.03710     2.2263    133.579     41.383  48905.177    30.7791     7.9374     41.000     7.9334    23.9701     5.8535     8.3653     86.163    255.299    261.419   -0.00086    6.79353    9.70864  296.29684   15.30627 3.6382e-02     0.7157     0.2594    93.7217 0.0000e+00
