CTD-processing/allCTD/CNV/2012_04-10_t9_s04_cast288_5028.cnv
* Sea-Bird SBE19plus Data File:
* FileName = C:\Documents and Settings\glenn.seaman\My Documents\KHolderied-files\CTD-DATA-FILES\2011-KBay-CTD\2012-04-10-HomerSpit-CTD\2012-04-10-HomerSpit-cast288.hex
* Software Version 1.59
* Temperature SN =  5028
* Conductivity SN =  5028
* System UpLoad Time = Apr 29 2012 20:51:36
** Cruise: Homer Spit Transect
** Date: 2012-04-10
** Station: 04
** Start time (AKDT): 1825
** Depth (feet): 314
# nquan = 26
# nvalues = 86                          
# units = specified
# name 0 = scan: Scan Count
# name 1 = timeJ: Julian Days
# name 2 = timeH: Time, Elapsed [hours]
# name 3 = timeM: Time, Elapsed [minutes]
# name 4 = timeS: Time, Elapsed [seconds]
# name 5 = prdM: Pressure, Strain Gauge [db]
# name 6 = specc: Specific Conductance [uS/cm]
# name 7 = sal00: Salinity, Practical [PSU]
# name 8 = tv290C: Temperature [ITS-90, deg C]
# name 9 = depSM: Depth [salt water, m], lat = 59.00
# name 10 = potemp090C: Potential Temperature [ITS-90, deg C]
# name 11 = sigma-é00: Density [sigma-theta, kg/m^3]
# name 12 = sbeox0ML/L: Oxygen, SBE 43 [ml/l]
# name 13 = sbeox0Mg/L: Oxygen, SBE 43 [mg/l]
# name 14 = sbeox0PS: Oxygen, SBE 43 [% saturation]
# name 15 = sbox0Mm/Kg: Oxygen, SBE 43 [umol/kg]
# name 16 = sbeox0Mm/L: Oxygen, SBE 43 [umol/l]
# name 17 = sbox0dV/dT: Oxygen, SBE 43 [dov/dt]
# name 18 = oxsolML/L: Oxygen Saturation, Garcia & Gordon [ml/l]
# name 19 = oxsolMg/L: Oxygen Saturation, Garcia & Gordon [mg/l]
# name 20 = oxsolMm/Kg: Oxygen Saturation, Garcia & Gordon [umol/kg]
# name 21 = n2satMg/L: Nitrogen Saturation [mg/l]
# name 22 = par: PAR/Irradiance, Biospherical/Licor [umol photons/m^2/sec]
# name 23 = flECO-AFL: Fluorescence, WET Labs ECO-AFL/FL [mg/m^3]
# name 24 = upoly0: Upoly 0, ECO-FLNTUS
# name 25 = flag: flag
# span 0 =        370,        592       
# span 1 = 102.102583, 102.103225       
# span 2 =    0.02560,    0.04101       
# span 3 =     1.5358,     2.4610       
# span 4 =     92.147,    147.658       
# span 5 =      1.010,     86.829       
# span 6 =  51282.902,  51966.658       
# span 7 =    31.4803,    31.8160       
# span 8 =     2.9082,     3.2225       
# span 9 =      1.000,     86.000       
# span 10 =     2.9040,     3.2148      
# span 11 =    25.0577,    25.3521      
# span 12 =     6.8665,     7.5374      
# span 13 =     9.8533,    10.7688      
# span 14 =     90.347,     99.573      
# span 15 =    299.123,    328.326      
# span 16 =    306.655,    336.623      
# span 17 =   -0.00576,    0.00978      
# span 18 =    7.55960,    7.60537      
# span 19 =   10.80706,   10.86787      
# span 20 =  329.35933,  331.26893      
# span 21 =   16.88300,   16.96583      
# span 22 = 3.7490e-02, 3.4334e+02      
# span 23 =     0.2093,     0.6867      
# span 24 =  0.9356063,  1.3967256      
# span 25 = 0.0000e+00, 0.0000e+00      
# interval = meters: 1                  
# start_time = Apr 11 2012 02:26:11 [Instrument's time stamp, header]
# bad_flag = -9.990e-29
*END*
[from data line 56]
        515 102.103003    0.03567     2.1406    128.435     57.546  51796.077    31.7525     3.0459     57.000     3.0368    25.2899     7.4979    10.7172     98.904    326.599    334.859   -0.00120    7.58104   10.83435  330.21803   16.91788 4.0676e-02     0.4613  1.0166423 0.0000e+00
        517 102.103010    0.03585     2.1513    129.075     58.556  51799.526    31.7523     3.0384     58.000     3.0285    25.2904     7.4951    10.7118     98.850    326.473    334.729   -0.00129    7.58229   10.83638  330.27241   16.92082 4.0007e-02     0.4476  1.0196352 0.0000e+00
        520 102.103018    0.03603     2.1619    129.715     59.565  51802.624    31.7516     3.0297     59.000     3.0180    25.2905     7.4924    10.7068     98.792    326.356    334.609   -0.00139    7.58398   10.83879  330.34662   16.92431 3.9426e-02     0.4408  1.0156560 0.0000e+00
        522 102.103025    0.03621     2.1726    130.356     60.575  51808.940    31.7525     3.0189     60.000     3.0067    25.2921     7.4883    10.7014     98.709    326.181    334.430   -0.00154    7.58632   10.84162  330.44825   16.92837 3.8935e-02     0.4298  1.0158119 0.0000e+00
        525 102.103032    0.03639     2.1833    130.996     61.585  51820.957    31.7572     3.0080     61.000     2.9971    25.2968     7.4828    10.6952     98.615    325.935    334.181   -0.00172    7.58785   10.84421  330.51163   16.93204 3.8534e-02     0.4141  1.0272156 0.0000e+00
        528 102.103040    0.03657     2.1939    131.636     62.595  51827.320    31.7584     2.9986     62.000     2.9851    25.2986     7.4802    10.6907     98.574    325.824    334.068   -0.00175    7.58841   10.84665  330.53519   16.93554 3.8202e-02     0.4023  1.0463157 0.0000e+00
        530 102.103047    0.03675     2.2046    132.276     63.604  51826.153    31.7534     2.9847     63.000     2.9655    25.2957     7.4832    10.6881     98.573    325.957    334.200   -0.00160    7.59157   10.85077  330.67619   16.94157 3.7936e-02     0.3983  1.0691333 0.0000e+00
        533 102.103055    0.03692     2.2153    132.917     64.614  51834.350    31.7530     2.9643     64.000     2.9448    25.2971     7.4806    10.6812     98.468    325.846    334.088   -0.00175    7.59705   10.85629  330.91496   16.94956 3.7735e-02     0.3835  1.1112470 0.0000e+00
        535 102.103062    0.03710     2.2260    133.558     65.624  51850.039    31.7578     2.9445     65.000     2.9290    25.3025     7.4646    10.6661     98.198    325.144    333.370   -0.00244    7.60158   10.86128  331.10923   16.95667 3.7621e-02     0.3486  1.1880850 0.0000e+00
        538 102.103069    0.03728     2.2367    134.200     66.633  51865.270    31.7638     2.9305     66.000     2.9194    25.3085     7.4481    10.6505     97.949    324.420    332.631   -0.00304    7.60404   10.86462  331.21369   16.96140 3.7562e-02     0.3214  1.2483044 0.0000e+00
        540 102.103077    0.03746     2.2474    134.842     67.643  51878.165    31.7695     2.9213     67.000     2.9137    25.3138     7.4397    10.6400     97.824    324.052    332.256   -0.00319    7.60517   10.86668  331.26096   16.96427 3.7527e-02     0.3030  1.2830316 0.0000e+00
        543 102.103084    0.03764     2.2581    135.484     68.653  51887.955    31.7743     2.9166     68.000     2.9108    25.3181     7.4398    10.6358     97.822    324.055    332.260   -0.00293    7.60537   10.86758  331.26893   16.96549 3.7510e-02     0.2911  1.2913662 0.0000e+00
        546 102.103092    0.03782     2.2688    136.127     69.663  51897.289    31.7795     2.9141     69.000     2.9092    25.3224     7.4403    10.6332     97.831    324.077    332.283   -0.00262    7.60524   10.86787  331.26238   16.96583 3.7500e-02     0.2880  1.2734722 0.0000e+00
        548 102.103099    0.03800     2.2795    136.770     70.673  51909.019    31.7865     2.9129     70.000     2.9082    25.3281     7.4373    10.6298     97.797    323.944    332.149   -0.00249    7.60477   10.86769  331.23988   16.96545 3.7495e-02     0.2903  1.2653006 0.0000e+00
        551 102.103107    0.03817     2.2902    137.414     71.683  51922.052    31.7945     2.9119     71.000     2.9068    25.3346     7.4358    10.6273     97.785    323.878    332.083   -0.00233    7.60427   10.86737  331.21512   16.96486 3.7492e-02     0.2917  1.2572595 0.0000e+00
        553 102.103114    0.03835     2.3010    138.058     72.693  51934.167    31.8018     2.9105     72.000     2.9054    25.3406     7.4372    10.6260     97.805    323.936    332.144   -0.00207    7.60410   10.86720  331.20556   16.96449 3.7491e-02     0.2872  1.2332147 0.0000e+00
        556 102.103121    0.03853     2.3117    138.700     73.702  51942.596    31.8067     2.9092     73.000     2.9046    25.3445     7.4366    10.6229     97.796    323.908    332.118   -0.00190    7.60417   10.86718  331.20715   16.96438 3.7491e-02     0.2849  1.2458582 0.0000e+00
        558 102.103129    0.03871     2.3224    139.343     74.712  51947.874    31.8095     2.9085     74.000     2.9041    25.3469     7.4305    10.6162     97.716    323.645    331.849   -0.00198    7.60421   10.86718  331.20800   16.96432 3.7490e-02     0.2793  1.2624966 0.0000e+00
        561 102.103137    0.03889     2.3331    139.987     75.722  51950.637    31.8107     2.9082     75.000     2.9040    25.3479     7.4221    10.6074     97.605    323.278    331.473   -0.00216    7.60421   10.86716  331.20803   16.96428 3.7490e-02     0.2696  1.2725989 0.0000e+00
        564 102.103144    0.03907     2.3438    140.630     76.731  51951.933    31.8111     2.9082     76.000     2.9041    25.3482     7.4150    10.5992     97.512    322.967    331.154   -0.00228    7.60422   10.86714  331.20859   16.96424 3.7490e-02     0.2666  1.2824124 0.0000e+00
        566 102.103151    0.03925     2.3546    141.275     77.741  51952.443    31.8110     2.9084     77.000     2.9043    25.3481     7.4103    10.5929     97.450    322.761    330.942   -0.00227    7.60420   10.86710  331.20829   16.96418 3.7490e-02     0.2619  1.2816887 0.0000e+00
        569 102.103159    0.03942     2.3654    141.920     78.751  51953.283    31.8111     2.9087     78.000     2.9046    25.3482     7.4073    10.5882     97.412    322.631    330.809   -0.00219    7.60410   10.86700  331.20385   16.96403 3.7490e-02     0.2536  1.2720574 0.0000e+00
        571 102.103166    0.03960     2.3761    142.567     79.761  51954.585    31.8115     2.9090     79.000     2.9048    25.3485     7.4053    10.5850     97.386    322.542    330.719   -0.00209    7.60399   10.86688  331.19871   16.96386 3.7490e-02     0.2536  1.2796740 0.0000e+00
        574 102.103174    0.03978     2.3869    143.215     80.770  51956.371    31.8123     2.9092     80.000     2.9048    25.3490     7.4037    10.5830     97.367    322.473    330.648   -0.00197    7.60390   10.86678  331.19454   16.96371 3.7490e-02     0.2641  1.2916505 0.0000e+00
        576 102.103181    0.03996     2.3977    143.866     81.780  51958.035    31.8129     2.9093     81.000     2.9047    25.3495     7.4023    10.5818     97.348    322.412    330.585   -0.00187    7.60387   10.86672  331.19314   16.96361 3.7490e-02     0.2784  1.3081789 0.0000e+00
        579 102.103189    0.04015     2.4087    144.525     82.790  51959.561    31.8134     2.9093     82.000     2.9047    25.3499     7.4032    10.5829     97.362    322.455    330.629   -0.00168    7.60386   10.86669  331.19264   16.96355 3.7490e-02     0.2834  1.3437827 0.0000e+00
        582 102.103196    0.04034     2.4199    145.197     83.800  51961.299    31.8140     2.9092     83.000     2.9045    25.3504     7.4074    10.5864     97.416    322.635    330.814   -0.00138    7.60383   10.86665  331.19149   16.96348 3.7490e-02     0.2848  1.3824962 0.0000e+00
        585 102.103205    0.04053     2.4316    145.896     84.810  51963.400    31.8149     2.9091     84.000     2.9044    25.3512     7.4117    10.5901     97.473    322.820    331.004   -0.00108    7.60379   10.86661  331.18939   16.96341 3.7490e-02     0.2844  1.3967256 0.0000e+00
        588 102.103214    0.04074     2.4443    146.658     85.820  51965.273    31.8156     2.9090     85.000     2.9042    25.3517     7.4134    10.5923     97.496    322.896    331.082   -0.00092    7.60379   10.86659  331.18896   16.96337 3.7490e-02     0.2824  1.3911681 0.0000e+00
        592 102.103225    0.04101     2.4610    147.658     86.829  51966.658    31.8160     2.9090     86.000     2.9042    25.3521     7.4121    10.5920     97.479    322.838    331.023   -0.00088    7.60378   10.86657  331.18855   16.96334 3.7490e-02     0.2781  1.3904173 0.0000e+00
