CTD-processing/allCTD/CNV/2012_03-14_t9_s01_cast274_5028.cnv
* Sea-Bird SBE19plus Data File:
* FileName = C:\Documents and Settings\glenn.seaman\My Documents\KHolderied-files\CTD-DATA-FILES\2011-KBay-CTD\2012-03-14-HomerSpit-CTD\2012-03-14-HomerSpit-cast274.hex
* Software Version 1.59
* Temperature SN =  5028
* Conductivity SN =  5028
* System UpLoad Time = Apr 29 2012 19:31:42
** Cruise: Homer Spit Transect
** Date: 2012-03-14
** Station: 01
** Start time (AKDT): 1403
** Depth (feet): 204
# nquan = 26
# nvalues = 53                          
# units = specified
# name 0 = scan: Scan Count
# name 1 = timeJ: Julian Days
# name 2 = timeH: Time, Elapsed [hours]
# name 3 = timeM: Time, Elapsed [minutes]
# name 4 = timeS: Time, Elapsed [seconds]
# name 5 = prdM: Pressure, Strain Gauge [db]
# name 6 = specc: Specific Conductance [uS/cm]
# name 7 = sal00: Salinity, Practical [PSU]
# name 8 = tv290C: Temperature [ITS-90, deg C]
# name 9 = depSM: Depth [salt water, m], lat = 59.00
# name 10 = potemp090C: Potential Temperature [ITS-90, deg C]
# name 11 = sigma-é00: Density [sigma-theta, kg/m^3]
# name 12 = sbeox0ML/L: Oxygen, SBE 43 [ml/l]
# name 13 = sbeox0Mg/L: Oxygen, SBE 43 [mg/l]
# name 14 = sbeox0PS: Oxygen, SBE 43 [% saturation]
# name 15 = sbox0Mm/Kg: Oxygen, SBE 43 [umol/kg]
# name 16 = sbeox0Mm/L: Oxygen, SBE 43 [umol/l]
# name 17 = sbox0dV/dT: Oxygen, SBE 43 [dov/dt]
# name 18 = oxsolML/L: Oxygen Saturation, Garcia & Gordon [ml/l]
# name 19 = oxsolMg/L: Oxygen Saturation, Garcia & Gordon [mg/l]
# name 20 = oxsolMm/Kg: Oxygen Saturation, Garcia & Gordon [umol/kg]
# name 21 = n2satMg/L: Nitrogen Saturation [mg/l]
# name 22 = par: PAR/Irradiance, Biospherical/Licor [umol photons/m^2/sec]
# name 23 = flECO-AFL: Fluorescence, WET Labs ECO-AFL/FL [mg/m^3]
# name 24 = upoly0: Upoly 0, ECO-FLNTUS
# name 25 = flag: flag
# span 0 =        395,        533       
# span 1 =  74.921407,  74.921806       
# span 2 =    0.02738,    0.03694       
# span 3 =     1.6431,     2.2165       
# span 4 =     98.586,    132.989       
# span 5 =      1.010,     53.507       
# span 6 =  52067.807,  52136.112       
# span 7 =    31.6605,    31.7309       
# span 8 =     1.9420,     2.1413       
# span 9 =      1.000,     53.000       
# span 10 =     1.9419,     2.1392      
# span 11 =    25.3001,    25.3440      
# span 12 =     6.7244,     7.4540      
# span 13 =     9.6315,    10.6408      
# span 14 =     86.217,     95.995      
# span 15 =    292.901,    324.667      
# span 16 =    300.311,    332.893      
# span 17 =   -0.00153,    0.01195      
# span 18 =    7.75552,    7.80014      
# span 19 =   11.08407,   11.14499      
# span 20 =  337.80047,  339.75688      
# span 21 =   17.27861,   17.36758      
# span 22 = 4.1023e-02, 1.6725e+02      
# span 23 =     0.1483,     0.3427      
# span 24 =  1.2165759,  1.3483758      
# span 25 = 0.0000e+00, 0.0000e+00      
# interval = meters: 1                  
# start_time = Mar 14 2012 22:05:11 [Instrument's time stamp, header]
# bad_flag = -9.990e-29
*END*
        395  74.921407    0.02738     1.6431     98.586      1.010  52067.807    31.6619     1.9578      1.000     1.9566    25.3010     6.7877     9.6933     87.072    295.657    303.137    0.00115    7.79549   11.14092  339.55555   17.36180 1.6725e+02     0.1483  1.2171347 0.0000e+00
        400  74.921420    0.02770     1.6618     99.706      2.019  52068.145    31.6606     1.9545      2.000     1.9516    25.3001     6.7559     9.6599     86.656    294.272    301.717   -0.00028    7.79621   11.14195  339.58733   17.36332 1.2648e+02     0.1629  1.2774139 0.0000e+00
        403  74.921429    0.02791     1.6742    100.449      3.028  52070.714    31.6605     1.9502      3.000     1.9471    25.3004     6.7361     9.6406     86.389    293.412    300.836   -0.00110    7.79741   11.14316  339.63986   17.36505 9.8603e+01     0.1822  1.3216322 0.0000e+00
        405  74.921436    0.02809     1.6851    101.107      4.038  52074.975    31.6616     1.9463      4.000     1.9436    25.3016     6.7249     9.6315     86.235    292.926    300.338   -0.00153    7.79850   11.14420  339.68702   17.36654 7.8680e+01     0.2039  1.3483758 0.0000e+00
        408  74.921444    0.02826     1.6956    101.734      5.047  52079.797    31.6635     1.9434      5.000     1.9419    25.3033     6.7244     9.6352     86.217    292.901    300.311   -0.00151    7.79944   11.14488  339.72738   17.36748 6.4314e+01     0.2328  1.3434726 0.0000e+00
        410  74.921451    0.02843     1.7060    102.357      6.057  52086.591    31.6670     1.9420      6.000     1.9433    25.3063     6.7331     9.6516     86.321    293.282    300.704   -0.00112    7.80014   11.14499  339.75688   17.36758 5.2972e+01     0.2572  1.3138500 0.0000e+00
        413  74.921458    0.02861     1.7164    102.984      7.066  52095.982    31.6736     1.9447      7.000     1.9504    25.3113     6.7533     9.6842     86.588    294.160    301.606   -0.00029    7.79950   11.14374  339.72683   17.36567 4.4003e+01     0.2631  1.2995600 0.0000e+00
        415  74.921465    0.02878     1.7268    103.607      8.075  52104.656    31.6812     1.9528      8.000     1.9626    25.3168     6.7863     9.7332     87.040    295.591    303.076    0.00101    7.79675   11.14086  339.60321   17.36138 3.6416e+01     0.2637  1.2974286 0.0000e+00
        418  74.921473    0.02895     1.7370    104.221      9.085  52104.489    31.6843     1.9654      9.000     1.9751    25.3184     6.8429     9.8036     87.810    298.054    305.602    0.00311    7.79286   11.13705  339.43376   17.35584 2.9995e+01     0.2806  1.2911271 0.0000e+00
        420  74.921480    0.02912     1.7472    104.833     10.094  52099.828    31.6843     1.9778     10.000     1.9851    25.3175     6.9153     9.8879     88.777    301.214    308.840    0.00568    7.78965   11.13357  339.29482   17.35081 2.4442e+01     0.2974  1.2893062 0.0000e+00
        423  74.921486    0.02929     1.7576    105.455     11.104  52094.064    31.6825     1.9870     11.000     1.9917    25.3155     6.9882     9.9751     89.731    304.387    312.092    0.00803    7.78798   11.13109  339.22372   17.34728 1.9753e+01     0.3091  1.2958338 0.0000e+00
        425  74.921494    0.02947     1.7681    106.089     12.114  52091.869    31.6824     1.9935     12.000     1.9970    25.3150     7.0459    10.0543     90.484    306.901    314.670    0.00954    7.78689   11.12927  339.17601   17.34464 1.5818e+01     0.3191  1.2981618 0.0000e+00
        428  74.921502    0.02965     1.7789    106.736     13.123  52089.073    31.6815     1.9985     13.000     2.0002    25.3139     7.0915    10.1243     91.080    308.887    316.706    0.01034    7.78600   11.12795  339.13824   17.34276 1.2748e+01     0.3256  1.2996010 0.0000e+00
        431  74.921509    0.02983     1.7899    107.394     14.133  52086.986    31.6804     2.0014     14.000     2.0017    25.3128     7.1374    10.1909     91.672    310.885    318.754    0.01101    7.78572   11.12721  339.12633   17.34170 1.0363e+01     0.3284  1.3020207 0.0000e+00
        433  74.921517    0.03002     1.8009    108.057     15.142  52086.690    31.6801     2.0027     15.000     2.0025    25.3125     7.1850    10.2542     92.284    312.958    320.880    0.01168    7.78573   11.12687  339.12673   17.34121 8.5672e+00     0.3213  1.3019308 0.0000e+00
        436  74.921525    0.03020     1.8120    108.719     16.152  52087.295    31.6801     2.0034     16.000     2.0031    25.3124     7.2228    10.3075     92.769    314.605    322.569    0.01195    7.78574   11.12666  339.12697   17.34091 7.1529e+00     0.3188  1.2977302 0.0000e+00
        439  74.921533    0.03039     1.8230    109.379     17.162  52088.374    31.6805     2.0041     17.000     2.0040    25.3127     7.2483    10.3509     93.099    315.716    323.708    0.01169    7.78562   11.12644  339.12171   17.34058 5.9365e+00     0.3219  1.2940583 0.0000e+00
        441  74.921539    0.03057     1.8340    110.038     18.171  52089.163    31.6807     2.0050     18.000     2.0046    25.3129     7.2733    10.3901     93.424    316.807    324.827    0.01139    7.78535   11.12617  339.10993   17.34019 4.9273e+00     0.3235  1.2984291 0.0000e+00
        444  74.921547    0.03075     1.8450    110.698     19.181  52089.586    31.6807     2.0056     19.000     2.0049    25.3127     7.3035    10.4288     93.813    318.121    326.174    0.01136    7.78521   11.12600  339.10349   17.33995 4.0978e+00     0.3229  1.2977644 0.0000e+00
        446  74.921555    0.03093     1.8560    111.359     20.190  52090.093    31.6806     2.0059     20.000     2.0048    25.3127     7.3300    10.4630     94.153    319.275    327.357    0.01120    7.78517   11.12593  339.10248   17.33986 3.3912e+00     0.3201  1.2943514 0.0000e+00
        449  74.921563    0.03112     1.8670    112.023     21.200  52090.875    31.6805     2.0057     21.000     2.0045    25.3126     7.3469    10.4884     94.368    320.011    328.111    0.01067    7.78537   11.12599  339.11076   17.33994 2.8136e+00     0.3150  1.2891620 0.0000e+00
        452  74.921570    0.03130     1.8781    112.688     22.209  52092.557    31.6810     2.0056     22.000     2.0047    25.3131     7.3551    10.5059     94.473    320.370    328.479    0.00987    7.78544   11.12597  339.11384   17.33992 2.3432e+00     0.3143  1.2892082 0.0000e+00
        454  74.921578    0.03149     1.8892    113.353     23.218  52093.903    31.6814     2.0059     23.000     2.0053    25.3134     7.3636    10.5214     94.581    320.738    328.857    0.00910    7.78545   11.12586  339.11405   17.33974 1.9471e+00     0.3177  1.2956673 0.0000e+00
        457  74.921586    0.03167     1.9003    114.017     24.228  52095.840    31.6824     2.0067     24.000     2.0066    25.3141     7.3740    10.5365     94.717    321.194    329.325    0.00854    7.78534   11.12556  339.10918   17.33929 1.6260e+00     0.3218  1.3000998 0.0000e+00
        460  74.921593    0.03186     1.9113    114.680     25.237  52098.010    31.6838     2.0083     25.000     2.0089    25.3151     7.3836    10.5504     94.841    321.610    329.750    0.00800    7.78522   11.12501  339.10407   17.33849 1.3636e+00     0.3213  1.2935093 0.0000e+00
        462  74.921601    0.03204     1.9223    115.340     26.247  52102.373    31.6869     2.0107     26.000     2.0130    25.3174     7.3921    10.5633     94.954    321.980    330.131    0.00746    7.78492   11.12408  339.09040   17.33709 1.1404e+00     0.3169  1.2931635 0.0000e+00
        465  74.921609    0.03222     1.9333    115.996     27.257  52109.108    31.6924     2.0157     27.000     2.0203    25.3214     7.4012    10.5760     95.086    322.375    330.538    0.00706    7.78370   11.12225  339.03526   17.33435 9.5735e-01     0.3135  1.2922662 0.0000e+00
        468  74.921616    0.03240     1.9441    116.646     28.266  52114.202    31.6975     2.0237     28.000     2.0298    25.3250     7.4086    10.5877     95.204    322.699    330.870    0.00668    7.78184   11.11963  338.95379   17.33049 8.0300e-01     0.3144  1.2840773 0.0000e+00
        470  74.921623    0.03258     1.9549    117.293     29.276  52120.487    31.7041     2.0336     29.000     2.0422    25.3296     7.4173    10.5997     95.340    323.077    331.260    0.00637    7.77993   11.11634  338.86926   17.32562 6.7606e-01     0.3182  1.2749060 0.0000e+00
        473  74.921631    0.03276     1.9656    117.935     30.286  52132.890    31.7160     2.0476     30.000     2.0605    25.3381     7.4259    10.6113     95.499    323.441    331.638    0.00618    7.77582   11.11148  338.68451   17.31841 5.7253e-01     0.3183  1.2697533 0.0000e+00
        475  74.921639    0.03294     1.9762    118.572     31.295  52135.594    31.7227     2.0661     31.000     2.0780    25.3421     7.4340    10.6222     95.675    323.793    332.001    0.00607    7.77002   11.10578  338.43007   17.31007 4.8593e-01     0.3151  1.2642231 0.0000e+00
        478  74.921646    0.03311     1.9868    119.205     32.304  52126.853    31.7209     2.0822     32.000     2.0887    25.3396     7.4457    10.6334     95.872    324.306    332.524    0.00604    7.76628   11.10141  338.26982   17.30381 4.1839e-01     0.3157  1.2469652 0.0000e+00
        480  74.921653    0.03328     1.9973    119.836     33.314  52120.262    31.7188     2.0919     33.000     2.0946    25.3372     7.4540    10.6408     95.995    324.667    332.893    0.00584    7.76493   11.09884  338.21267   17.30013 3.6749e-01     0.3225  1.2350743 0.0000e+00
        483  74.921661    0.03346     2.0077    120.464     34.324  52117.846    31.7182     2.0971     34.000     2.0980    25.3363     7.4507    10.6395     95.958    324.526    332.748    0.00515    7.76452   11.09744  338.19518   17.29813 3.3129e-01     0.3281  1.2361852 0.0000e+00
        485  74.921668    0.03364     2.0182    121.090     35.333  52117.170    31.7181     2.1002     35.000     2.1003    25.3360     7.4419    10.6333     95.847    324.142    332.355    0.00427    7.76429   11.09656  338.18501   17.29684 2.9717e-01     0.3252  1.2426824 0.0000e+00
        488  74.921675    0.03381     2.0286    121.716     36.343  52117.362    31.7183     2.1024     36.000     2.1020    25.3360     7.4350    10.6268     95.762    323.841    332.046    0.00355    7.76402   11.09593  338.17323   17.29593 2.6410e-01     0.3198  1.2461807 0.0000e+00
        490  74.921682    0.03399     2.0390    122.340     37.352  52117.838    31.7186     2.1041     37.000     2.1035    25.3361     7.4295    10.6213     95.695    323.603    331.802    0.00297    7.76371   11.09543  338.15942   17.29520 2.3008e-01     0.3153  1.2459030 0.0000e+00
        493  74.921690    0.03416     2.0494    122.963     38.362  52117.768    31.7184     2.1055     38.000     2.1042    25.3359     7.4267    10.6183     95.662    323.479    331.675    0.00252    7.76342   11.09506  338.14703   17.29468 1.9672e-01     0.3155  1.2397637 0.0000e+00
        495  74.921697    0.03433     2.0597    123.583     39.372  52117.518    31.7179     2.1061     39.000     2.1042    25.3354     7.4283    10.6185     95.682    323.548    331.745    0.00229    7.76341   11.09493  338.14729   17.29451 1.6724e-01     0.3212  1.2302922 0.0000e+00
        498  74.921703    0.03450     2.0700    124.200     40.382  52118.189    31.7177     2.1060     40.000     2.1040    25.3353     7.4309    10.6203     95.715    323.663    331.863    0.00213    7.76359   11.09495  338.15467   17.29453 1.4284e-01     0.3226  1.2228880 0.0000e+00
        500  74.921711    0.03467     2.0803    124.817     41.391  52119.446    31.7181     2.1060     41.000     2.1042    25.3356     7.4321    10.6219     95.730    323.718    331.920    0.00194    7.76368   11.09495  338.15837   17.29452 1.2251e-01     0.3135  1.2196753 0.0000e+00
        503  74.921718    0.03484     2.0906    125.433     42.401  52120.801    31.7185     2.1062     42.000     2.1046    25.3359     7.4321    10.6232     95.730    323.717    331.919    0.00171    7.76361   11.09484  338.15542   17.29437 1.0578e-01     0.3100  1.2179661 0.0000e+00
        505  74.921725    0.03501     2.1008    126.049     43.410  52121.782    31.7188     2.1068     43.000     2.1053    25.3361     7.4347    10.6261     95.766    323.830    332.035    0.00160    7.76344   11.09466  338.14808   17.29410 9.2664e-02     0.3148  1.2172613 0.0000e+00
        508  74.921732    0.03519     2.1111    126.666     44.420  52122.577    31.7190     2.1075     44.000     2.1059    25.3362     7.4393    10.6300     95.826    324.028    332.238    0.00158    7.76332   11.09445  338.14259   17.29380 8.1901e-02     0.3094  1.2207406 0.0000e+00
        510  74.921739    0.03536     2.1214    127.282     45.430  52123.580    31.7193     2.1082     45.000     2.1068    25.3364     7.4433    10.6332     95.878    324.202    332.416    0.00157    7.76326   11.09422  338.14032   17.29346 7.3274e-02     0.3019  1.2214624 0.0000e+00
        513  74.921747    0.03553     2.1316    127.898     46.440  52125.155    31.7201     2.1092     46.000     2.1082    25.3370     7.4432    10.6335     95.878    324.199    332.413    0.00139    7.76321   11.09389  338.13775   17.29298 6.6108e-02     0.3001  1.2189784 0.0000e+00
        515  74.921754    0.03569     2.1419    128.516     47.449  52127.473    31.7216     2.1108     47.000     2.1108    25.3381     7.4393    10.6313     95.830    324.031    332.240    0.00109    7.76303   11.09332  338.12971   17.29211 6.0271e-02     0.3004  1.2165759 0.0000e+00
        518  74.921761    0.03587     2.1523    129.137     48.459  52131.083    31.7243     2.1137     48.000     2.1152    25.3401     7.4359    10.6290     95.793    323.881    332.088    0.00081    7.76248   11.09231  338.10531   17.29061 5.5358e-02     0.3013  1.2230455 0.0000e+00
        520  74.921768    0.03605     2.1628    129.770     49.469  52135.697    31.7284     2.1190     49.000     2.1225    25.3430     7.4346    10.6284     95.795    323.821    332.028    0.00069    7.76090   11.09050  338.03424   17.28794 5.1345e-02     0.3040  1.2419807 0.0000e+00
        523  74.921776    0.03623     2.1737    130.422     50.478  52136.112    31.7304     2.1268     50.000     2.1297    25.3440     7.4381    10.6310     95.871    323.974    332.186    0.00080    7.75843   11.08816  337.92625   17.28452 4.8050e-02     0.3102  1.2542847 0.0000e+00
        525  74.921783    0.03642     2.1851    131.106     51.488  52131.968    31.7292     2.1339     51.000     2.1343    25.3425     7.4436    10.6347     95.963    324.214    332.430    0.00097    7.75680   11.08627  337.85656   17.28181 4.5219e-02     0.3182  1.2602055 0.0000e+00
        529  74.921793    0.03664     2.1983    131.898     52.498  52130.947    31.7292     2.1380     52.000     2.1371    25.3422     7.4452    10.6358     95.989    324.283    332.501    0.00092    7.75629   11.08514  337.83483   17.28019 4.2954e-02     0.3293  1.2653485 0.0000e+00
        533  74.921806    0.03694     2.2165    132.989     53.507  52132.890    31.7309     2.1413     53.000     2.1392    25.3434     7.4347    10.6298     95.863    323.826    332.032    0.00037    7.75552   11.08407  337.80047   17.27861 4.1023e-02     0.3427  1.2729364 0.0000e+00
