CTD-processing/allCTD/CNV/2012_08-15_alongbay_s08_inner-cast013_5028.cnv
* Sea-Bird SBE19plus Data File:
* FileName = C:\Documents and Settings\kris.holderied.local\My Documents\2012-08-15-KBay-along-bay-inner\2012-08-15-Kbay-along-bay-inner-cast013.hex
* Software Version 1.54
* Temperature SN =  5028
* Conductivity SN =  5028
* System UpLoad Time = Aug 23 2012 21:24:49
** Kachemak Bay - Along-bay CTD survey, inner bay
** Date:  2012-08-15
** Station:  KB-08
** Start time (AKDT-24 hr): 1017
** Depth (ft): 253
** Comment:None
# nquan = 26
# nvalues = 68                          
# units = specified
# name 0 = scan: Scan Count
# name 1 = timeJ: Julian Days
# name 2 = timeH: Time, Elapsed [hours]
# name 3 = timeM: Time, Elapsed [minutes]
# name 4 = timeS: Time, Elapsed [seconds]
# name 5 = prdM: Pressure, Strain Gauge [db]
# name 6 = specc: Specific Conductance [uS/cm]
# name 7 = sal00: Salinity, Practical [PSU]
# name 8 = tv290C: Temperature [ITS-90, deg C]
# name 9 = depSM: Depth [salt water, m], lat = 59.00
# name 10 = potemp090C: Potential Temperature [ITS-90, deg C]
# name 11 = sigma-é00: Density [sigma-theta, kg/m^3]
# name 12 = sbeox0ML/L: Oxygen, SBE 43 [ml/l]
# name 13 = sbeox0Mg/L: Oxygen, SBE 43 [mg/l]
# name 14 = sbeox0PS: Oxygen, SBE 43 [% saturation]
# name 15 = sbox0Mm/Kg: Oxygen, SBE 43 [umol/kg]
# name 16 = sbeox0Mm/L: Oxygen, SBE 43 [umol/l]
# name 17 = sbox0dV/dT: Oxygen, SBE 43 [dov/dt]
# name 18 = oxsolML/L: Oxygen Saturation, Garcia & Gordon [ml/l]
# name 19 = oxsolMg/L: Oxygen Saturation, Garcia & Gordon [mg/l]
# name 20 = oxsolMm/Kg: Oxygen Saturation, Garcia & Gordon [umol/kg]
# name 21 = n2satMg/L: Nitrogen Saturation [mg/l]
# name 22 = par: PAR/Irradiance, Biospherical/Licor [umol photons/m^2/sec]
# name 23 = flECO-AFL: Fluorescence, WET Labs ECO-AFL/FL [mg/m^3]
# name 24 = upoly0: Upoly 0, ECO-FLNTUS
# name 25 = flag: flag
# span 0 =        296,        521       
# span 1 = 228.429060, 228.429711       
# span 2 =    0.02051,    0.03611       
# span 3 =     1.2305,     2.1672       
# span 4 =     73.829,    130.025       
# span 5 =      1.009,     68.654       
# span 6 =  42589.767,  49399.273       
# span 7 =    26.9304,    31.1954       
# span 8 =     8.4850,    12.8449       
# span 9 =      1.000,     68.000       
# span 10 =     8.4788,    12.8394      
# span 11 =    20.1796,    24.2184      
# span 12 =     6.1134,     6.8338      
# span 13 =     8.7828,     9.6621      
# span 14 =     92.050,    104.302      
# span 15 =    266.856,    298.180      
# span 16 =    273.026,    305.197      
# span 17 =   -0.02299,    0.02292      
# span 18 =    6.23048,    6.69210      
# span 19 =    8.93505,    9.56325      
# span 20 =  272.62854,  291.80184      
# span 21 =   14.23676,   15.08935      
# span 22 = 5.8606e-02, 7.8562e+01      
# span 23 =     0.1276,     5.5811      
# span 24 =  0.5744956,  1.0580972      
# span 25 = 0.0000e+00, 0.0000e+00      
# interval = meters: 1                  
# start_time = Aug 15 2012 10:16:37 [Instrument's time stamp, header]
# bad_flag = -9.990e-29
*END*
        296 228.429060    0.02051     1.2305     73.829      1.009  42589.767    26.9304    12.8449      1.000    12.8394    20.1796     6.1979     8.8622     99.076    271.336    276.798    0.00974    6.25572    8.93797  273.86791   14.24540 7.8562e+01     1.0917  0.9838698 0.0000e+00
        303 228.429079    0.02095     1.2574     75.442      2.019  43023.932    27.2272    12.7745      2.000    12.7180    20.4213     6.1784     8.8437     98.931    270.439    275.926    0.00569    6.24519    8.93505  273.36392   14.23676 5.6394e+01     1.0722  1.0224926 0.0000e+00
        307 228.429092    0.02125     1.2753     76.517      3.028  43703.285    27.6854    12.5914      3.000    12.3805    20.8078     6.1941     8.8584     99.420    271.038    276.630    0.00637    6.23048    8.94479  272.62854   14.24414 4.2603e+01     1.1199  1.0378488 0.0000e+00
        311 228.429102    0.02152     1.2908     77.450      4.038  44664.847    28.3105    12.0659      4.000    11.5958    21.3844     6.2244     8.8820     99.234    272.219    277.984    0.00469    6.27373    9.01083  274.37084   14.33089 3.3329e+01     1.4644  1.0489679 0.0000e+00
        314 228.429113    0.02176     1.3056     78.338      5.048  46032.444    29.1832    11.1757      5.000    10.7133    22.2159     6.1747     8.8708     96.578    269.740    275.759   -0.00642    6.39625    9.13419  279.41448   14.49719 2.6105e+01     2.3019  0.9933096 0.0000e+00
        318 228.429123    0.02200     1.3201     79.208      6.056  47116.498    29.8670    10.4324      6.000    10.1573    22.8736     6.1134     8.8931     94.193    266.856    273.026   -0.01658    6.49137    9.24112  283.35088   14.64231 1.9999e+01     3.8650  0.9458172 0.0000e+00
        321 228.429133    0.02224     1.3343     80.057      7.066  47713.595    30.2398    10.0055      7.000     9.8679    23.2351     6.3100     9.1004     96.610    275.355    281.803   -0.00604    6.53113    9.30430  285.00568   14.72847 1.5096e+01     5.3089  0.8920242 0.0000e+00
        325 228.429142    0.02247     1.3480     80.879      8.076  47970.152    30.3980     9.8125      8.000     9.7370    23.3902     6.6387     9.4048    101.470    289.679    296.484    0.01461    6.54229    9.33368  285.47367   14.76874 1.1470e+01     5.5811  0.8500343 0.0000e+00
        328 228.429151    0.02269     1.3615     81.691      9.085  48108.588    30.4821     9.7024      9.000     9.6508    23.4738     6.8077     9.5983    103.971    297.045    304.030    0.02292    6.54755    9.35092  285.69603   14.79250 8.6883e+00     5.3749  0.8230812 0.0000e+00
        331 228.429161    0.02292     1.3751     82.503     10.095  48205.386    30.5400     9.6219     10.000     9.5707    23.5320     6.8338     9.6621    104.302    298.180    305.197    0.02093    6.55195    9.36388  285.88257   14.81044 6.5839e+00     5.0924  0.8145016 0.0000e+00
        334 228.429170    0.02314     1.3883     83.299     11.104  48305.415    30.5993     9.5384     11.000     9.4708    23.5914     6.7831     9.6292    103.411    295.954    302.931    0.01409    6.55946    9.37750  286.19815   14.82930 5.0723e+00     4.6356  0.8056614 0.0000e+00
        337 228.429179    0.02335     1.4012     84.069     12.114  48436.009    30.6769     9.4334     12.000     9.3597    23.6685     6.7143     9.5482    102.151    292.926    299.858    0.00683    6.57302    9.39460  286.76514   14.85291 4.0082e+00     3.7869  0.7743304 0.0000e+00
        340 228.429188    0.02356     1.4138     84.826     13.123  48570.032    30.7562     9.3250     13.000     9.2571    23.7473     6.6290     9.4339    100.639    289.183    296.053   -0.00013    6.58716    9.41235  287.35578   14.87743 3.2572e+00     2.4323  0.6981829 0.0000e+00
        343 228.429197    0.02377     1.4262     85.572     14.133  48685.752    30.8241     9.2279     14.000     9.1687    23.8153     6.5101     9.2873     98.653    283.975    290.741   -0.00776    6.59919    9.42852  287.86065   14.89982 2.7127e+00     1.4855  0.6183533 0.0000e+00
        346 228.429205    0.02398     1.4385     86.313     15.142  48783.190    30.8808     9.1446     15.000     9.0928    23.8725     6.3714     9.1263     96.409    277.910    284.548   -0.01547    6.60893    9.44250  288.26973   14.91923 2.2958e+00     0.9757  0.5791223 0.0000e+00
        349 228.429214    0.02419     1.4509     87.056     16.151  48866.133    30.9285     9.0716     16.000     9.0269    23.9210     6.2550     8.9839     94.519    272.820    279.349   -0.02082    6.61790    9.45494  288.64729   14.93653 1.9596e+00     0.6825  0.5744956 0.0000e+00
        352 228.429223    0.02439     1.4635     87.810     17.161  48936.311    30.9688     9.0095     17.000     8.9757    23.9620     6.1757     8.8773     93.211    269.347    275.804   -0.02299    6.62554    9.46553  288.96837   14.95125 1.6785e+00     0.5319  0.6023192 0.0000e+00
        355 228.429231    0.02460     1.4763     88.576     18.171  48986.512    30.9971     8.9625     18.000     8.9359    23.9913     6.1343     8.8122     92.514    267.539    273.961   -0.02245    6.63080    9.47370  289.19063   14.96267 1.4379e+00     0.4549  0.6660406 0.0000e+00
        358 228.429240    0.02481     1.4889     89.333     19.180  49023.581    31.0176     8.9267     19.000     8.9062    24.0128     6.1245     8.7852     92.305    267.103    273.518   -0.02001    6.63505    9.48003  289.37056   14.97153 1.2317e+00     0.3988  0.7393689 0.0000e+00
        361 228.429249    0.02502     1.5014     90.082     20.190  49050.723    31.0326     8.9004     20.000     8.8851    24.0285     6.1307     8.7828     92.358    267.371    273.797   -0.01692    6.63800    9.48465  289.49506   14.97799 1.0549e+00     0.3714  0.7443911 0.0000e+00
        364 228.429257    0.02523     1.5138     90.828     21.200  49070.674    31.0435     8.8817     21.000     8.8696    24.0398     6.1407     8.7942     92.481    267.803    274.242   -0.01398    6.63991    9.48794  289.57637   14.98260 9.0609e-01     0.3616  0.7436138 0.0000e+00
        367 228.429266    0.02544     1.5263     91.577     22.209  49087.249    31.0526     8.8673     22.000     8.8569    24.0492     6.1585     8.8190     92.729    268.577    275.036   -0.01110    6.64136    9.49043  289.63720   14.98605 7.8062e-01     0.3596  0.7458434 0.0000e+00
        370 228.429275    0.02565     1.5389     92.331     23.218  49102.520    31.0612     8.8555     23.000     8.8461    24.0577     6.1963     8.8604     93.283    270.227    276.729   -0.00745    6.64255    9.49241  289.68669   14.98880 6.7407e-01     0.3580  0.7206293 0.0000e+00
        373 228.429283    0.02585     1.5514     93.086     24.227  49116.909    31.0694     8.8452     24.000     8.8368    24.0657     6.2373     8.9060     93.885    272.013    278.559   -0.00397    6.64361    9.49408  289.73047   14.99108 5.8291e-01     0.3514  0.7087941 0.0000e+00
        376 228.429292    0.02607     1.5641     93.847     25.237  49128.609    31.0760     8.8366     25.000     8.8292    24.0721     6.2657     8.9436     94.299    273.245    279.823   -0.00179    6.64444    9.49551  289.76464   14.99305 5.0451e-01     0.3293  0.7062562 0.0000e+00
        379 228.429301    0.02628     1.5770     94.618     26.247  49136.378    31.0799     8.8290     26.000     8.8205    24.0763     6.2846     8.9714     94.575    274.072    280.671   -0.00048    6.64509    9.49688  289.79229   14.99499 4.3864e-01     0.3243  0.6922726 0.0000e+00
        383 228.429310    0.02650     1.5899     95.391     27.256  49144.251    31.0836     8.8194     27.000     8.8089    24.0807     6.2977     8.9918     94.755    274.641    281.254    0.00025    6.64626    9.49869  289.84269   14.99754 3.8179e-01     0.3115  0.6840763 0.0000e+00
        386 228.429319    0.02671     1.6027     96.159     28.266  49155.028    31.0890     8.8073     28.000     8.7954    24.0867     6.3066     9.0060     94.865    275.027    281.651    0.00061    6.64789    9.50093  289.91232   15.00071 3.3311e-01     0.2792  0.6838425 0.0000e+00
        389 228.429328    0.02692     1.6151     96.903     29.276  49168.220    31.0958     8.7934     29.000     8.7799    24.0941     6.3117     9.0148     94.916    275.250    281.882    0.00068    6.64980    9.50346  289.99356   15.00427 2.9214e-01     0.2456  0.6884640 0.0000e+00
        392 228.429336    0.02712     1.6273     97.637     30.286  49184.199    31.1043     8.7781     30.000     8.7654    24.1032     6.3144     9.0196     94.925    275.365    282.003    0.00057    6.65207    9.50620  290.08893   15.00811 2.5696e-01     0.2217  0.7139862 0.0000e+00
        395 228.429345    0.02733     1.6398     98.385     31.295  49198.885    31.1122     8.7641     31.000     8.7527    24.1114     6.3154     9.0214     94.914    275.406    282.046    0.00039    6.65383    9.50867  290.16340   15.01157 2.2654e-01     0.2091  0.7704529 0.0000e+00
        398 228.429354    0.02754     1.6524     99.145     32.305  49211.254    31.1187     8.7518     32.000     8.7411    24.1183     6.3152     9.0204     94.890    275.394    282.036    0.00019    6.65530    9.51090  290.22562   15.01469 2.0034e-01     0.2071  0.8049920 0.0000e+00
        401 228.429363    0.02776     1.6655     99.932     33.314  49222.582    31.1245     8.7402     33.000     8.7297    24.1247     6.3129     9.0160     94.837    275.293    281.934   -0.00007    6.65660    9.51301  290.28079   15.01766 1.7785e-01     0.2185  0.8006662 0.0000e+00
        404 228.429372    0.02800     1.6796    100.773     34.324  49233.544    31.1300     8.7279     34.000     8.7160    24.1308     6.3054     9.0057     94.704    274.963    281.598   -0.00058    6.65801    9.51531  290.34086   15.02091 1.5862e-01     0.2440  0.7894091 0.0000e+00
        408 228.429383    0.02824     1.6946    101.675     35.333  49246.644    31.1364     8.7122     35.000     8.6995    24.1382     6.2902     8.9881     94.445    274.299    280.919   -0.00148    6.66019    9.51824  290.43379   15.02506 1.4248e-01     0.2462  0.7916306 0.0000e+00
        411 228.429393    0.02848     1.7092    102.549     36.343  49259.552    31.1428     8.6963     36.000     8.6834    24.1455     6.2751     8.9699     94.187    273.639    280.246   -0.00228    6.66240    9.52125  290.52792   15.02932 1.2873e-01     0.2100  0.8017785 0.0000e+00
        415 228.429403    0.02872     1.7234    103.402     37.353  49271.930    31.1487     8.6807     37.000     8.6685    24.1525     6.2670     8.9555     94.034    273.283    279.884   -0.00255    6.66462    9.52420  290.62234   15.03350 1.1712e-01     0.2114  0.8290108 0.0000e+00
        418 228.429413    0.02897     1.7381    104.284     38.362  49283.343    31.1542     8.6663     38.000     8.6552    24.1590     6.2561     8.9394     93.846    272.808    279.399   -0.00283    6.66639    9.52694  290.69792   15.03739 1.0722e-01     0.2119  0.8612255 0.0000e+00
        422 228.429423    0.02923     1.7535    105.209     39.372  49290.850    31.1570     8.6525     39.000     8.6397    24.1632     6.2412     8.9205     93.601    272.155    278.731   -0.00330    6.66781    9.52970  290.75895   15.04134 9.8915e-02     0.2083  0.8698643 0.0000e+00
        425 228.429434    0.02947     1.7683    106.099     40.381  49297.612    31.1587     8.6347     40.000     8.6181    24.1672     6.2290     8.9042     93.379    271.622    278.185   -0.00362    6.67063    9.53341  290.88137   15.04670 9.2044e-02     0.1953  0.8917159 0.0000e+00
        429 228.429444    0.02971     1.7825    106.952     41.391  49310.781    31.1644     8.6132     41.000     8.5985    24.1748     6.2205     8.8912     93.195    271.250    277.806   -0.00377    6.67471    9.53768  291.05683   15.05278 8.6212e-02     0.1832  0.9236979 0.0000e+00
        432 228.429453    0.02994     1.7961    107.768     42.401  49327.434    31.1732     8.5972     42.000     8.5875    24.1841     6.2136     8.8801     93.062    270.949    277.502   -0.00374    6.67694    9.54054  291.15013   15.05678 8.1271e-02     0.1801  0.9512155 0.0000e+00
        435 228.429463    0.03016     1.8093    108.557     43.410  49338.583    31.1794     8.5895     43.000     8.5829    24.1902     6.2063     8.8695     92.945    270.629    277.176   -0.00365    6.67741    9.54180  291.16876   15.05853 7.7138e-02     0.1627  0.9846392 0.0000e+00
        438 228.429471    0.03037     1.8221    109.326     44.420  49343.367    31.1819     8.5864     44.000     8.5809    24.1926     6.1975     8.8586     92.812    270.240    276.778   -0.00363    6.67744    9.54232  291.16981   15.05923 7.3823e-02     0.1599  1.0039174 0.0000e+00
        441 228.429480    0.03058     1.8348    110.088     45.429  49345.402    31.1827     8.5851     45.000     8.5800    24.1934     6.1870     8.8485     92.657    269.788    276.315   -0.00374    6.67743    9.54255  291.16946   15.05956 7.1299e-02     0.1732  1.0104128 0.0000e+00
        444 228.429489    0.03079     1.8475    110.849     46.439  49346.630    31.1831     8.5843     46.000     8.5793    24.1938     6.1846     8.8446     92.619    269.680    276.204   -0.00344    6.67746    9.54269  291.17094   15.05977 6.9439e-02     0.1732  1.0217697 0.0000e+00
        447 228.429498    0.03100     1.8602    111.611     47.449  49347.467    31.1831     8.5839     47.000     8.5789    24.1939     6.1880     8.8462     92.670    269.829    276.358   -0.00277    6.67749    9.54279  291.17211   15.05990 6.7987e-02     0.1675  1.0375959 0.0000e+00
        450 228.429506    0.03121     1.8728    112.370     48.459  49348.011    31.1830     8.5835     48.000     8.5784    24.1939     6.1915     8.8498     92.722    269.981    276.513   -0.00220    6.67750    9.54287  291.17263   15.06001 6.6758e-02     0.1654  1.0580972 0.0000e+00
        454 228.429516    0.03143     1.8855    113.130     49.469  49348.306    31.1827     8.5830     49.000     8.5775    24.1937     6.1953     8.8543     92.778    270.146    276.682   -0.00173    6.67754    9.54299  291.17433   15.06020 6.5779e-02     0.1637  1.0440564 0.0000e+00
        457 228.429524    0.03164     1.8983    113.897     50.478  49348.814    31.1824     8.5820     50.000     8.5760    24.1937     6.2006     8.8596     92.856    270.380    276.921   -0.00123    6.67769    9.54322  291.18082   15.06054 6.4865e-02     0.1596  1.0414544 0.0000e+00
        460 228.429533    0.03186     1.9113    114.676     51.488  49349.591    31.1823     8.5804     51.000     8.5739    24.1939     6.2049     8.8636     92.916    270.565    277.111   -0.00084    6.67795    9.54358  291.19246   15.06105 6.4035e-02     0.1593  1.0428108 0.0000e+00
        463 228.429543    0.03207     1.9245    115.473     52.497  49350.945    31.1825     8.5782     52.000     8.5714    24.1944     6.2045     8.8637     92.906    270.548    277.094   -0.00077    6.67832    9.54404  291.20799   15.06172 6.3302e-02     0.1676  1.0325178 0.0000e+00
        466 228.429552    0.03230     1.9382    116.290     53.507  49352.889    31.1830     8.5756     53.000     8.5688    24.1952     6.2016     8.8610     92.856    270.418    276.961   -0.00089    6.67868    9.54455  291.22353   15.06245 6.2666e-02     0.1723  1.0148300 0.0000e+00
        470 228.429562    0.03254     1.9521    117.125     54.517  49354.486    31.1833     8.5730     54.000     8.5657    24.1958     6.1965     8.8562     92.777    270.199    276.737   -0.00106    6.67893    9.54510  291.23458   15.06323 6.2126e-02     0.1611  1.0148331 0.0000e+00
        473 228.429572    0.03277     1.9662    117.975     55.526  49355.625    31.1832     8.5696     55.000     8.5611    24.1962     6.1924     8.8523     92.709    270.016    276.549   -0.00122    6.67929    9.54584  291.25000   15.06431 6.1711e-02     0.1777  1.0162754 0.0000e+00
