CTD-processing/allCTD/CNV/2012_07-30_t6_s15_cast085_4141.cnv
* Sea-Bird SBE19plus Data File:
* FileName = C:\Documents and Settings\kris.holderied.local\My Documents\2012-07-EVOS-CookInlet-Ocean\2012-07-CookInlet-Tran6-Douglas\2012-07-31-CookInlet-Tran6-cast085.hex
* Software Version 1.54
* Temperature SN =  4141
* Conductivity SN =  4141
* System UpLoad Time = Jul 31 2012 08:16:24
** Cook Inlet LTM Transect 6 (Douglas line)  East to West
** Date:  2012-07-30
** Station:  6-15
** Start time (AKDT-24 hr): 2005
** Depth (m): 150
** Comment:
# nquan = 27
# nvalues = 137                         
# units = specified
# name 0 = scan: Scan Count
# name 1 = timeJ: Julian Days
# name 2 = timeH: Time, Elapsed [hours]
# name 3 = timeM: Time, Elapsed [minutes]
# name 4 = timeS: Time, Elapsed [seconds]
# name 5 = prdM: Pressure, Strain Gauge [db]
# name 6 = specc: Specific Conductance [uS/cm]
# name 7 = sal00: Salinity, Practical [PSU]
# name 8 = tv290C: Temperature [ITS-90, deg C]
# name 9 = depSM: Depth [salt water, m], lat = 59.00
# name 10 = potemp090C: Potential Temperature [ITS-90, deg C]
# name 11 = sigma-é00: Density [sigma-theta, kg/m^3]
# name 12 = sbeox0ML/L: Oxygen, SBE 43 [ml/l]
# name 13 = sbeox0Mg/L: Oxygen, SBE 43 [mg/l]
# name 14 = sbeox0PS: Oxygen, SBE 43 [% saturation]
# name 15 = sbox0Mm/Kg: Oxygen, SBE 43 [umol/kg]
# name 16 = sbeox0Mm/L: Oxygen, SBE 43 [umol/l]
# name 17 = sbox0dV/dT: Oxygen, SBE 43 [dov/dt]
# name 18 = oxsolML/L: Oxygen Saturation, Garcia & Gordon [ml/l]
# name 19 = oxsolMg/L: Oxygen Saturation, Garcia & Gordon [mg/l]
# name 20 = oxsolMm/Kg: Oxygen Saturation, Garcia & Gordon [umol/kg]
# name 21 = n2satMg/L: Nitrogen Saturation [mg/l]
# name 22 = par: PAR/Irradiance, Biospherical/Licor
# name 23 = wetStar: Fluorescence, WET Labs WETstar [mg/m^3]
# name 24 = CStarAt0: Beam Attenuation, WET Labs C-Star [1/m]
# name 25 = CStarTr0: Beam Transmission, WET Labs C-Star [%]
# name 26 = flag: flag
# span 0 =         38,        950       
# span 1 = 212.837677, 212.840317       
# span 2 =    0.00258,    0.06591       
# span 3 =     0.1545,     3.9553       
# span 4 =      9.268,    237.314       
# span 5 =      1.009,    138.330       
# span 6 =  49530.080,  51483.420       
# span 7 =    31.4319,    32.2289       
# span 8 =     6.2336,     9.3433       
# span 9 =      1.000,    137.000       
# span 10 =     6.2242,     9.3404      
# span 11 =    24.2786,    25.3363      
# span 12 =     5.5492,     6.6124      
# span 13 =     7.9303,     9.4498      
# span 14 =     79.371,    100.789      
# span 15 =    241.945,    288.309      
# span 16 =    247.826,    295.308      
# span 17 =   -0.03972,    0.10531      
# span 18 =    6.55385,    6.99861      
# span 19 =    9.36611,   10.00171      
# span 20 =  285.75357,  304.83460      
# span 21 =   14.79984,   15.70760      
# span 22 = 4.2908e-02, 6.8490e+01      
# span 23 =     0.1305,     4.8081      
# span 24 =     0.0875,     0.5530      
# span 25 =    87.1522,    97.8375      
# span 26 = 0.0000e+00, 0.0000e+00      
# interval = meters: 1                  
# start_time = Jul 30 2012 20:06:06 [Instrument's time stamp, header]
# bad_flag = -9.990e-29
*END*
         38 212.837677    0.00258     0.1545      9.268      1.009  49649.997    31.5100     9.2445      1.000     9.2416    24.3488     6.0111     8.5905     91.550    262.074    268.455   -0.03972    6.56592    9.38335  286.26369   14.82401 6.8490e+01     0.1596     0.5530    87.1522 0.0000e+00
        196 212.838134    0.01355     0.8128     48.766      1.994  49582.317    31.4693     9.2982      2.000     9.3012    24.3086     5.5492     7.9303     84.593    241.945    247.826    0.00505    6.55983    9.37466  286.00961   14.81203 6.0525e+01     4.8081     0.4740    88.8074 0.0000e+00
        256 212.838308    0.01773     1.0640     63.840      3.023  49566.595    31.4621     9.3292      3.000     9.3325    24.2981     6.0937     8.7084     92.953    265.687    272.143    0.06453    6.55563    9.36866  285.82953   14.80345 4.3156e+01     3.4358     0.5072    88.0922 0.0000e+00
        267 212.838340    0.01849     1.1092     66.554      4.042  49556.160    31.4562     9.3433      4.000     9.3404    24.2913     6.5691     9.3878    100.232    286.416    293.373    0.10531    6.55385    9.36611  285.75357   14.79984 4.0261e+01     3.6538     0.5035    88.1727 0.0000e+00
        272 212.838354    0.01882     1.1290     67.742      5.052  49530.080    31.4319     9.3038      5.000     9.2521    24.2786     6.6124     9.4498    100.789    288.309    295.308    0.06959    6.56060    9.37576  286.05156   14.81419 3.4416e+01     3.9268     0.4962    88.3341 0.0000e+00
        276 212.838364    0.01908     1.1447     68.683      6.063  49588.451    31.4601     9.2129      6.000     9.1622    24.3148     6.5745     9.3956    100.029    286.648    293.617    0.04118    6.57264    9.39295  286.56608   14.83867 2.7055e+01     4.0084     0.4404    89.5741 0.0000e+00
        279 212.838374    0.01931     1.1582     69.489      7.056  49632.288    31.4786     9.1271      7.000     9.0800    24.3425     6.5055     9.2970     98.801    283.629    290.532    0.01806    6.58438    9.40973  287.07039   14.86271 2.1071e+01     3.7704     0.3949    90.5987 0.0000e+00
        284 212.838389    0.01966     1.1799     70.794      8.073  49725.806    31.5346     9.0605      8.000     9.0571    24.3965     6.4202     9.1751     97.397    279.896    286.725   -0.00284    6.59174    9.42027  287.37637   14.87711 1.9731e+01     3.2398     0.3694    91.1792 0.0000e+00
        290 212.838406    0.02007     1.2039     72.236      9.108  49725.816    31.5336     9.0570      9.000     9.0489    24.3964     6.3896     9.1313     96.924    278.561    285.356   -0.00622    6.59229    9.42104  287.40018   14.87825 1.8913e+01     3.0786     0.3506    91.6065 0.0000e+00
        292 212.838412    0.02024     1.2144     72.861     10.090  49707.786    31.5187     9.0440     10.000     9.0198    24.3867     6.3913     9.1338     96.913    278.640    285.435   -0.00493    6.59484    9.42468  287.51391   14.88374 1.5876e+01     2.8498     0.3403    91.8457 0.0000e+00
        295 212.838421    0.02044     1.2264     73.584     11.090  49740.179    31.5372     9.0169     11.000     9.0090    24.4053     6.3814     9.1197     96.718    278.205    284.995   -0.00556    6.59803    9.42924  287.64764   14.89006 1.3300e+01     2.6713     0.3278    92.1327 0.0000e+00
        300 212.838435    0.02076     1.2456     74.735     12.112  49751.008    31.5431     9.0084     12.000     9.0042    24.4113     6.3951     9.1393     96.910    278.800    285.606   -0.00242    6.59903    9.43067  287.68973   14.89205 1.1871e+01     2.3581     0.3312    92.0530 0.0000e+00
        305 212.838449    0.02111     1.2667     76.003     13.127  49745.682    31.5365     8.9913     13.000     8.9752    24.4088     6.3904     9.1324     96.797    278.592    285.392   -0.00216    6.60181    9.43465  287.81159   14.89790 1.0687e+01     2.4101     0.3230    92.2433 0.0000e+00
        309 212.838461    0.02139     1.2835     77.008     14.133  49770.312    31.5493     8.9620     14.000     8.9531    24.4232     6.3839     9.1231     96.642    278.304    285.101   -0.00291    6.60558    9.44003  287.97194   14.90551 9.5724e+00     2.3887     0.3171    92.3773 0.0000e+00
        313 212.838471    0.02166     1.2992     77.952     15.145  49784.066    31.5570     8.9516     15.000     8.9482    24.4309     6.3826     9.1215     96.609    278.253    285.050   -0.00283    6.60677    9.44174  288.02193   14.90787 8.4566e+00     2.1814     0.3090    92.5668 0.0000e+00
        316 212.838482    0.02189     1.3136     78.819     16.149  49780.195    31.5530     8.9461     16.000     8.9354    24.4286     6.3877     9.1287     96.670    278.474    285.276   -0.00139    6.60775    9.44313  288.06512   14.90995 7.4524e+00     2.2514     0.3060    92.6349 0.0000e+00
        320 212.838493    0.02216     1.3296     79.776     17.158  49787.466    31.5548     8.9259     17.000     8.9136    24.4331     6.3829     9.1217     96.554    278.259    285.058   -0.00188    6.61066    9.44731  288.19097   14.91596 6.6171e+00     2.2004     0.3009    92.7535 0.0000e+00
        324 212.838505    0.02246     1.3478     80.867     18.172  49798.496    31.5588     8.9029     18.000     8.8885    24.4398     6.3743     9.1095     96.378    277.884    284.676   -0.00318    6.61388    9.45189  288.32916   14.92255 5.9064e+00     2.1772     0.2949    92.8920 0.0000e+00
        329 212.838518    0.02276     1.3657     81.944     19.182  49812.486    31.5644     8.8768     19.000     8.8626    24.4481     6.3689     9.1018     96.243    277.645    284.434   -0.00329    6.61748    9.45704  288.48375   14.92991 5.2361e+00     2.0970     0.2869    93.0786 0.0000e+00
        333 212.838529    0.02305     1.3825     82.947     20.190  49825.195    31.5692     8.8514     20.000     8.8377    24.4558     6.3687     9.1015     96.189    277.638    284.427   -0.00296    6.62103    9.46211  288.63636   14.93719 4.6326e+00     2.0699     0.2835    93.1585 0.0000e+00
        337 212.838541    0.02331     1.3990     83.939     21.201  49835.971    31.5731     8.8295     21.000     8.8156    24.4622     6.3643     9.0951     96.078    277.441    284.228   -0.00297    6.62412    9.46653  288.76909   14.94351 4.1101e+00     2.2124     0.2748    93.3611 0.0000e+00
        340 212.838551    0.02357     1.4146     84.874     22.207  49826.248    31.5613     8.7980     22.000     8.7649    24.4577     6.3547     9.0815     95.858    277.025    283.801   -0.00412    6.62927    9.47389  288.99501   14.95435 3.6696e+00     1.8662     0.2671    93.5403 0.0000e+00
        345 212.838564    0.02386     1.4313     85.876     23.213  49867.873    31.5818     8.7411     23.000     8.7204    24.4823     6.3439     9.0660     95.587    276.547    283.318   -0.00540    6.63683    9.48469  289.31759   14.96969 3.3018e+00     1.8776     0.2570    93.7757 0.0000e+00
        349 212.838577    0.02419     1.4512     87.074     24.235  49891.575    31.5917     8.6985     24.000     8.6792    24.4965     6.3240     9.0376     95.201    275.676    282.429   -0.00673    6.64272    9.49312  289.57065   14.98174 2.9717e+00     1.7311     0.2489    93.9656 0.0000e+00
        353 212.838588    0.02445     1.4672     88.030     25.237  49918.728    31.6059     8.6683     25.000     8.6539    24.5121     6.3035     9.0083     94.838    274.778    281.513   -0.00842    6.64660    9.49866  289.73516   14.98954 2.6132e+00     1.5845     0.2422    94.1267 0.0000e+00
        357 212.838600    0.02473     1.4837     89.022     26.240  49942.910    31.6193     8.6472     26.000     8.6385    24.5258     6.2994     9.0024     94.738    274.594    281.329   -0.00687    6.64918    9.50234  289.84360   14.99467 2.3292e+00     1.5951     0.2351    94.2910 0.0000e+00
        363 212.838616    0.02512     1.5071     90.426     27.263  49953.820    31.6251     8.6376     27.000     8.6306    24.5318     6.2990     9.0019     94.717    274.578    281.314   -0.00416    6.65034    9.50401  289.89287   14.99700 2.1033e+00     1.4138     0.2332    94.3379 0.0000e+00
        367 212.838629    0.02543     1.5254     91.522     28.270  49967.317    31.6321     8.6240     28.000     8.6149    24.5393     6.2983     9.0008     94.681    274.543    281.280   -0.00315    6.65208    9.50648  289.96616   15.00047 1.8802e+00     1.5388     0.2295    94.4239 0.0000e+00
        371 212.838639    0.02567     1.5402     92.413     29.275  49981.270    31.6398     8.6133     29.000     8.6044    24.5470     6.2997     9.0029     94.685    274.605    281.345   -0.00231    6.65333    9.50827  290.01851   15.00295 1.6964e+00     1.4498     0.2311    94.3860 0.0000e+00
        374 212.838650    0.02592     1.5552     93.314     30.284  49994.495    31.6472     8.6031     30.000     8.5967    24.5543     6.3020     9.0060     94.701    274.699    281.444   -0.00156    6.65454    9.51000  290.06917   15.00534 1.5204e+00     1.4736     0.2295    94.4250 0.0000e+00
        378 212.838661    0.02619     1.5716     94.297     31.289  50001.369    31.6507     8.5971     31.000     8.5898    24.5579     6.3098     9.0174     94.810    275.044    281.798   -0.00034    6.65529    9.51107  290.10089   15.00684 1.3686e+00     1.4166     0.2295    94.4237 0.0000e+00
        383 212.838676    0.02655     1.5930     95.579     32.307  50011.514    31.6558     8.5872     32.000     8.5815    24.5634     6.3088     9.0159     94.776    274.995    281.750   -0.00018    6.65652    9.51284  290.15329   15.00932 1.2370e+00     1.2700     0.2274    94.4728 0.0000e+00
        388 212.838689    0.02688     1.6129     96.773     33.332  50004.141    31.6485     8.5759     33.000     8.5569    24.5594     6.2910     8.9905     94.480    274.221    280.956   -0.00305    6.65854    9.51573  290.24251   15.01361 1.1079e+00     1.2874     0.2277    94.4693 0.0000e+00
        392 212.838700    0.02713     1.6277     97.659     34.312  50028.228    31.6621     8.5566     34.000     8.5519    24.5729     6.2934     8.9939     94.483    274.321    281.062   -0.00249    6.66084    9.51901  290.33859   15.01815 9.9393e-01     1.3614     0.2192    94.6680 0.0000e+00
        397 212.838714    0.02747     1.6484     98.904     35.344  50030.292    31.6629     8.5550     35.000     8.5516    24.5738     6.2979     9.0004     94.549    274.521    281.267   -0.00082    6.66105    9.51930  290.34748   15.01856 8.8724e-01     1.2042     0.2189    94.6769 0.0000e+00
        400 212.838724    0.02772     1.6628     99.768     36.347  50029.901    31.6621     8.5551     36.000     8.5502    24.5733     6.2993     9.0022     94.568    274.576    281.324   -0.00070    6.66106    9.51933  290.34829   15.01861 7.9461e-01     1.1812     0.2203    94.6416 0.0000e+00
        403 212.838733    0.02793     1.6754    100.521     37.341  50028.028    31.6600     8.5524     37.000     8.5449    24.5719     6.3063     9.0123     94.667    274.885    281.640    0.00028    6.66155    9.52002  290.36996   15.01966 7.1493e-01     1.1771     0.2187    94.6800 0.0000e+00
        408 212.838747    0.02827     1.6960    101.761     38.358  50034.356    31.6629     8.5449     38.000     8.5382    24.5753     6.2983     9.0008     94.532    274.533    281.280   -0.00083    6.66255    9.52146  290.41269   15.02168 6.5467e-01     1.2321     0.2167    94.7267 0.0000e+00
        414 212.838766    0.02871     1.7226    103.356     39.391  50034.202    31.6603     8.5319     39.000     8.5212    24.5752     6.2867     8.9844     94.330    274.030    280.764   -0.00233    6.66459    9.52436  290.50134   15.02593 5.8899e-01     1.1531     0.2127    94.8217 0.0000e+00
        417 212.838774    0.02891     1.7347    104.083     40.377  50040.968    31.6633     8.5226     40.000     8.5131    24.5790     6.2843     8.9807     94.275    273.920    280.653   -0.00240    6.66587    9.52620  290.55648   15.02855 5.2567e-01     1.0856     0.2068    94.9609 0.0000e+00
        421 212.838785    0.02918     1.7505    105.033     41.379  50049.244    31.6671     8.5126     41.000     8.5039    24.5835     6.2882     8.9864     94.315    274.092    280.830   -0.00156    6.66721    9.52810  290.61314   15.03124 4.7824e-01     1.2044     0.2062    94.9753 0.0000e+00
        429 212.838807    0.02969     1.7818    106.908     42.411  50054.577    31.6688     8.5020     42.000     8.4910    24.5864     6.2764     8.9696     94.117    273.577    280.303   -0.00228    6.66871    9.53025  290.67769   15.03432 4.3827e-01     1.1357     0.2038    95.0318 0.0000e+00
        433 212.838820    0.03002     1.8011    108.065     43.413  50068.053    31.6736     8.4746     43.000     8.4590    24.5942     6.2625     8.9498     93.854    272.971    279.684   -0.00398    6.67261    9.53583  290.84580   15.04233 3.9272e-01     1.0571     0.1988    95.1506 0.0000e+00
        437 212.838831    0.03027     1.8163    108.981     44.413  50081.197    31.6796     8.4564     44.000     8.4421    24.6016     6.2622     8.9493     93.814    272.953    279.669   -0.00347    6.67508    9.53935  290.95116   15.04734 3.5539e-01     1.1327     0.1907    95.3436 0.0000e+00
        443 212.838847    0.03067     1.8402    110.409     45.427  50102.246    31.6896     8.4274     45.000     8.4110    24.6137     6.2716     8.9627     93.900    273.360    280.088   -0.00135    6.67901    9.54497  291.11893   15.05531 3.2555e-01     1.0694     0.1840    95.5051 0.0000e+00
        449 212.838867    0.03113     1.8680    112.082     46.447  50171.900    31.7306     8.3793     46.000     8.3568    24.6530     6.2569     8.9417     93.604    272.710    279.434   -0.00310    6.68445    9.55274  291.34483   15.06593 2.9669e-01     0.8817     0.1677    95.8951 0.0000e+00
        453 212.838878    0.03142     1.8853    113.120     47.449  50217.858    31.7580     8.3508     47.000     8.3416    24.6786     6.2387     8.9157     93.288    271.909    278.619   -0.00525    6.68755    9.55717  291.47247   15.07192 2.7174e-01     0.8499     0.1464    96.4057 0.0000e+00
        457 212.838890    0.03170     1.9020    114.121     48.457  50224.884    31.7612     8.3423     48.000     8.3350    24.6823     6.2427     8.9215     93.333    272.085    278.801   -0.00354    6.68869    9.55881  291.52144   15.07425 2.5077e-01     0.6494     0.1407    96.5428 0.0000e+00
        462 212.838903    0.03200     1.9199    115.195     49.467  50234.600    31.7671     8.3392     49.000     8.3327    24.6874     6.2484     8.9296     93.415    272.331    279.055   -0.00151    6.68889    9.55910  291.52892   15.07458 2.3223e-01     0.5729     0.1393    96.5775 0.0000e+00
        466 212.838916    0.03232     1.9393    116.360     50.477  50248.067    31.7755     8.3356     50.000     8.3320    24.6946     6.2425     8.9211     93.323    272.069    278.787   -0.00187    6.68907    9.55935  291.53450   15.07481 2.1484e-01     0.5423     0.1364    96.6469 0.0000e+00
        471 212.838930    0.03266     1.9595    117.569     51.487  50261.207    31.7847     8.3385     51.000     8.3319    24.7014     6.2456     8.9256     93.382    272.205    278.928   -0.00083    6.68824    9.55816  291.49614   15.07295 1.9927e-01     0.4969     0.1333    96.7227 0.0000e+00
        477 212.838946    0.03304     1.9820    118.923     52.493  50289.074    31.8028     8.3320     52.000     8.3251    24.7165     6.2420     8.9204     93.325    272.044    278.768   -0.00100    6.68842    9.55842  291.49994   15.07305 1.8563e-01     0.5231     0.1281    96.8472 0.0000e+00
        484 212.838966    0.03352     2.0112    120.672     53.518  50336.250    31.8351     8.3298     53.000     8.3262    24.7421     6.2417     8.9199     93.335    272.020    278.751   -0.00058    6.68735    9.55690  291.44621   15.07036 1.7306e-01     0.4643     0.1202    97.0395 0.0000e+00
