CTD-processing/allCTD/CNV/2012_07-30_t7_s23_cast059_4141.cnv
* Sea-Bird SBE19plus Data File:
* FileName = C:\Documents and Settings\kris.holderied.local\My Documents\2012-07-EVOS-CookInlet-Ocean\2012-07-CookInlet-Tran7-Augustine\2012-07-30-CookInlet-Tran7-cast059.hex
* Software Version 1.54
* Temperature SN =  4141
* Conductivity SN =  4141
* System UpLoad Time = Jul 31 2012 07:46:47
** Cook Inlet LTM Transect 7 -partial, East to West
** Date:  2012-07-30
** Station:  7-23
** Start time (AKDT-24 hr): 0654
** Depth (m): 48
** Comment: Good coffee! Secchi=8.5 Compromised by high waves.
# nquan = 27
# nvalues = 45                          
# units = specified
# name 0 = scan: Scan Count
# name 1 = timeJ: Julian Days
# name 2 = timeH: Time, Elapsed [hours]
# name 3 = timeM: Time, Elapsed [minutes]
# name 4 = timeS: Time, Elapsed [seconds]
# name 5 = prdM: Pressure, Strain Gauge [db]
# name 6 = specc: Specific Conductance [uS/cm]
# name 7 = sal00: Salinity, Practical [PSU]
# name 8 = tv290C: Temperature [ITS-90, deg C]
# name 9 = depSM: Depth [salt water, m], lat = 59.00
# name 10 = potemp090C: Potential Temperature [ITS-90, deg C]
# name 11 = sigma-é00: Density [sigma-theta, kg/m^3]
# name 12 = sbeox0ML/L: Oxygen, SBE 43 [ml/l]
# name 13 = sbeox0Mg/L: Oxygen, SBE 43 [mg/l]
# name 14 = sbeox0PS: Oxygen, SBE 43 [% saturation]
# name 15 = sbox0Mm/Kg: Oxygen, SBE 43 [umol/kg]
# name 16 = sbeox0Mm/L: Oxygen, SBE 43 [umol/l]
# name 17 = sbox0dV/dT: Oxygen, SBE 43 [dov/dt]
# name 18 = oxsolML/L: Oxygen Saturation, Garcia & Gordon [ml/l]
# name 19 = oxsolMg/L: Oxygen Saturation, Garcia & Gordon [mg/l]
# name 20 = oxsolMm/Kg: Oxygen Saturation, Garcia & Gordon [umol/kg]
# name 21 = n2satMg/L: Nitrogen Saturation [mg/l]
# name 22 = par: PAR/Irradiance, Biospherical/Licor
# name 23 = wetStar: Fluorescence, WET Labs WETstar [mg/m^3]
# name 24 = CStarAt0: Beam Attenuation, WET Labs C-Star [1/m]
# name 25 = CStarTr0: Beam Transmission, WET Labs C-Star [%]
# name 26 = flag: flag
# span 0 =        121,        539       
# span 1 = 212.287546, 212.288757       
# span 2 =    0.00833,    0.03738       
# span 3 =     0.4997,     2.2431       
# span 4 =     29.980,    134.584       
# span 5 =      1.008,     45.428       
# span 6 =  48844.462,  48931.098       
# span 7 =    30.9727,    30.9889       
# span 8 =     9.2408,     9.4900       
# span 9 =      1.000,     45.000       
# span 10 =     9.2388,     9.3867      
# span 11 =    23.8970,    23.9424      
# span 12 =     6.3156,     6.3628      
# span 13 =     9.0256,     9.0930      
# span 14 =     95.862,     97.105      
# span 15 =    275.463,    277.529      
# span 16 =    282.054,    284.159      
# span 17 =   -0.00391,    0.00283      
# span 18 =    6.55282,    6.58881      
# span 19 =    9.36464,    9.41607      
# span 20 =  285.81956,  287.37966      
# span 21 =   14.80492,   14.87954      
# span 22 = 7.1770e-02, 4.8373e+00      
# span 23 =     0.7679,     2.1989      
# span 24 =     0.2480,     0.6081      
# span 25 =    86.5307,    93.9888      
# span 26 = 0.0000e+00, 0.0000e+00      
# interval = meters: 1                  
# start_time = Jul 30 2012 06:53:34 [Instrument's time stamp, header]
# bad_flag = -9.990e-29
*END*
        121 212.287546    0.00833     0.4997     29.980      1.008  48844.462    30.9811     9.4900      1.000     9.3867    23.8970     6.3628     9.0930     97.105    277.529    284.159   -0.00391    6.55282    9.36464  285.81956   14.80492 4.8373e+00     0.7679     0.6081    86.5307 0.0000e+00
        301 212.288066    0.02081     1.2487     74.924      2.020  48886.644    30.9727     9.2438      2.000     9.2450    23.9289     6.3218     9.0345     95.947    275.734    282.331    0.00283    6.58881    9.41607  287.37966   14.87954 3.9897e+00     1.9605     0.2574    93.7516 0.0000e+00
        304 212.288075    0.02101     1.2607     75.643      3.028  48886.745    30.9729     9.2474      3.000     9.2470    23.9285     6.3278     9.0431     96.047    275.996    282.601    0.00229    6.58827    9.41530  287.35623   14.87843 3.1644e+00     1.8731     0.2611    93.6800 0.0000e+00
        309 212.288090    0.02139     1.2836     77.015      4.036  48887.778    30.9731     9.2474      4.000     9.2469    23.9287     6.3206     9.0328     95.937    275.681    282.277    0.00035    6.58826    9.41529  287.35578   14.87840 2.6251e+00     1.7914     0.2587    93.7366 0.0000e+00
        315 212.288108    0.02181     1.3088     78.531      5.047  48890.684    30.9747     9.2472      5.000     9.2465    23.9300     6.3156     9.0256     95.862    275.463    282.054   -0.00075    6.58822    9.41523  287.35373   14.87829 2.1613e+00     1.7304     0.2528    93.8748 0.0000e+00
        321 212.288125    0.02222     1.3330     79.982      6.058  48892.401    30.9755     9.2469      6.000     9.2462    23.9307     6.3188     9.0302     95.910    275.601    282.196    0.00001    6.58823    9.41524  287.35388   14.87830 1.8067e+00     1.8619     0.2550    93.8235 0.0000e+00
        326 212.288139    0.02257     1.3541     81.246      7.065  48893.018    30.9755     9.2469      7.000     9.2462    23.9307     6.3267     9.0414     96.029    275.946    282.549    0.00093    6.58824    9.41526  287.35428   14.87832 1.5139e+00     1.8960     0.2480    93.9888 0.0000e+00
        331 212.288155    0.02295     1.3765     82.592      8.075  48893.192    30.9752     9.2470      8.000     9.2461    23.9305     6.3207     9.0329     95.940    275.685    282.282   -0.00028    6.58824    9.41525  287.35413   14.87831 1.3171e+00     2.1989     0.2520    93.8931 0.0000e+00
        337 212.288170    0.02331     1.3989     83.932      9.088  48892.903    30.9745     9.2470      9.000     9.2460    23.9300     6.3205     9.0326     95.935    275.675    282.273   -0.00040    6.58827    9.41529  287.35553   14.87839 1.1400e+00     1.7873     0.2545    93.8352 0.0000e+00
        342 212.288185    0.02365     1.4190     85.140     10.091  48893.045    30.9742     9.2470     10.000     9.2460    23.9298     6.3252     9.0393     96.006    275.880    282.482    0.00032    6.58827    9.41530  287.35581   14.87840 9.9418e-01     1.7973     0.2528    93.8750 0.0000e+00
        347 212.288201    0.02406     1.4433     86.598     11.105  48892.035    30.9730     9.2469     11.000     9.2456    23.9289     6.3208     9.0331     95.940    275.692    282.289   -0.00051    6.58834    9.41540  287.35904   14.87856 8.8519e-01     1.7608     0.2538    93.8530 0.0000e+00
        353 212.288217    0.02443     1.4656     87.939     12.116  48892.845    30.9732     9.2469     12.000     9.2458    23.9290     6.3243     9.0380     95.992    275.842    282.443    0.00015    6.58833    9.41539  287.35873   14.87854 7.7203e-01     1.8045     0.2554    93.8140 0.0000e+00
        357 212.288231    0.02475     1.4853     89.120     13.120  48893.464    30.9732     9.2472     13.000     9.2458    23.9290     6.3211     9.0334     95.944    275.701    282.299   -0.00050    6.58829    9.41533  287.35697   14.87846 6.7671e-01     1.8562     0.2519    93.8971 0.0000e+00
        363 212.288246    0.02513     1.5077     90.459     14.133  48894.810    30.9737     9.2473     14.000     9.2456    23.9295     6.3160     9.0262     95.868    275.481    282.073   -0.00106    6.58826    9.41529  287.35547   14.87839 5.9524e-01     1.8447     0.2518    93.8980 0.0000e+00
        368 212.288262    0.02551     1.5304     91.822     15.141  48906.241    30.9811     9.2453     15.000     9.2426    23.9355     6.3161     9.0262     95.868    275.481    282.075   -0.00084    6.58824    9.41525  287.35291   14.87823 5.2317e-01     1.7627     0.2501    93.9388 0.0000e+00
        374 212.288278    0.02590     1.5539     93.236     16.153  48914.518    30.9861     9.2427     16.000     9.2402    23.9398     6.3308     9.0474     96.091    276.125    282.735    0.00151    6.58841    9.41549  287.35876   14.87849 4.6018e-01     1.8397     0.2563    93.7937 0.0000e+00
        379 212.288294    0.02626     1.5758     94.545     17.163  48914.981    30.9859     9.2420     17.000     9.2403    23.9398     6.3295     9.0455     96.069    276.067    282.675    0.00057    6.58850    9.41562  287.36307   14.87870 4.0385e-01     1.7521     0.2562    93.7968 0.0000e+00
        384 212.288307    0.02660     1.5959     95.752     18.170  48919.265    30.9884     9.2411     18.000     9.2390    23.9419     6.3368     9.0560     96.180    276.387    283.004    0.00125    6.58853    9.41567  287.36383   14.87873 3.5515e-01     1.7756     0.2566    93.7873 0.0000e+00
        389 212.288321    0.02693     1.6156     96.934     19.182  48920.740    30.9889     9.2408     19.000     9.2388    23.9424     6.3338     9.0515     96.133    276.251    282.866    0.00028    6.58857    9.41572  287.36515   14.87879 3.1202e-01     1.8276     0.2599    93.7113 0.0000e+00
        393 212.288334    0.02725     1.6350     98.102     20.185  48920.652    30.9885     9.2409     20.000     9.2389    23.9420     6.3340     9.0520     96.137    276.265    282.880    0.00005    6.58855    9.41570  287.36486   14.87878 2.7640e-01     1.8561     0.2579    93.7575 0.0000e+00
        400 212.288353    0.02770     1.6616     99.697     21.204  48920.909    30.9882     9.2411     21.000     9.2389    23.9418     6.3356     9.0541     96.160    276.330    282.946    0.00013    6.58854    9.41569  287.36446   14.87875 2.4536e-01     1.8264     0.2634    93.6264 0.0000e+00
        405 212.288367    0.02803     1.6816    100.894     22.209  48921.612    30.9883     9.2412     22.000     9.2389    23.9419     6.3324     9.0496     96.112    276.191    282.804   -0.00052    6.58853    9.41566  287.36358   14.87871 2.1737e-01     1.7294     0.2667    93.5513 0.0000e+00
        409 212.288381    0.02836     1.7019    102.113     23.215  48921.931    30.9881     9.2413     23.000     9.2389    23.9417     6.3384     9.0582     96.203    276.452    283.071    0.00031    6.58853    9.41566  287.36351   14.87872 1.9501e-01     1.8296     0.2598    93.7118 0.0000e+00
        415 212.288398    0.02877     1.7264    103.586     24.229  48920.613    30.9868     9.2414     24.000     9.2389    23.9407     6.3365     9.0554     96.173    276.369    282.985   -0.00005    6.58856    9.41572  287.36539   14.87881 1.7521e-01     1.7703     0.2624    93.6510 0.0000e+00
        421 212.288415    0.02919     1.7510    105.061     25.236  48922.821    30.9879     9.2416     25.000     9.2392    23.9415     6.3257     9.0401     96.012    275.902    282.507   -0.00160    6.58849    9.41560  287.36193   14.87864 1.5862e-01     1.7789     0.2576    93.7615 0.0000e+00
        427 212.288433    0.02961     1.7767    106.601     26.249  48921.687    30.9868     9.2424     26.000     9.2400    23.9406     6.3199     9.0317     95.924    275.646    282.244   -0.00172    6.58841    9.41550  287.35880   14.87850 1.4456e-01     1.7980     0.2572    93.7721 0.0000e+00
        433 212.288448    0.02997     1.7982    107.893     27.257  48920.587    30.9857     9.2432     27.000     9.2405    23.9396     6.3307     9.0472     96.090    276.119    282.729    0.00013    6.58834    9.41540  287.35601   14.87836 1.3255e-01     1.8390     0.2545    93.8345 0.0000e+00
        437 212.288462    0.03031     1.8187    109.122     28.264  48920.112    30.9850     9.2436     28.000     9.2410    23.9390     6.3453     9.0681     96.311    276.756    283.382    0.00216    6.58832    9.41537  287.35549   14.87834 1.2269e-01     1.8201     0.2544    93.8369 0.0000e+00
        443 212.288479    0.03072     1.8434    110.607     29.276  48919.736    30.9844     9.2444     29.000     9.2413    23.9384     6.3416     9.0628     96.256    276.594    283.215    0.00066    6.58823    9.41524  287.35143   14.87815 1.1442e-01     1.8583     0.2558    93.8044 0.0000e+00
        449 212.288496    0.03114     1.8683    112.098     30.286  48921.691    30.9853     9.2441     30.000     9.2405    23.9392     6.3328     9.0502     96.123    276.212    282.824   -0.00089    6.58824    9.41525  287.35173   14.87816 1.0710e-01     1.7538     0.2569    93.7790 0.0000e+00
        455 212.288513    0.03154     1.8920    113.518     31.295  48924.182    30.9865     9.2433     31.000     9.2400    23.9403     6.3308     9.0474     96.092    276.124    282.734   -0.00098    6.58830    9.41534  287.35424   14.87828 1.0153e-01     1.7047     0.2572    93.7726 0.0000e+00
        461 212.288529    0.03192     1.9155    114.930     32.307  48923.883    30.9859     9.2435     32.000     9.2402    23.9398     6.3367     9.0558     96.181    276.380    282.996    0.00010    6.58830    9.41533  287.35410   14.87827 9.6473e-02     1.8190     0.2561    93.7973 0.0000e+00
        465 212.288543    0.03225     1.9353    116.118     33.312  48925.198    30.9863     9.2435     33.000     9.2397    23.9402     6.3371     9.0563     96.187    276.398    283.015    0.00025    6.58827    9.41529  287.35291   14.87822 9.2284e-02     1.8192     0.2545    93.8352 0.0000e+00
        471 212.288560    0.03266     1.9595    117.569     34.323  48926.572    30.9868     9.2429     34.000     9.2395    23.9407     6.3314     9.0481     96.100    276.147    282.759   -0.00086    6.58834    9.41539  287.35550   14.87833 8.8799e-02     1.7848     0.2569    93.7805 0.0000e+00
        478 212.288579    0.03312     1.9869    119.214     35.335  48927.008    30.9867     9.2432     35.000     9.2396    23.9405     6.3319     9.0489     96.108    276.170    282.782   -0.00051    6.58830    9.41534  287.35393   14.87826 8.5779e-02     1.7688     0.2572    93.7736 0.0000e+00
        483 212.288594    0.03348     2.0088    120.528     36.343  48925.814    30.9856     9.2438     36.000     9.2403    23.9395     6.3318     9.0487     96.107    276.166    282.777   -0.00023    6.58826    9.41528  287.35259   14.87820 8.3130e-02     1.8770     0.2609    93.6868 0.0000e+00
        488 212.288609    0.03385     2.0312    121.872     37.349  48926.191    30.9855     9.2442     37.000     9.2404    23.9394     6.3278     9.0430     96.047    275.991    282.598   -0.00091    6.58822    9.41522  287.35081   14.87812 8.1074e-02     1.7633     0.2552    93.8181 0.0000e+00
        495 212.288630    0.03434     2.0602    123.610     38.362  48925.966    30.9849     9.2446     38.000     9.2406    23.9390     6.3313     9.0481     96.102    276.147    282.758   -0.00005    6.58817    9.41515  287.34887   14.87803 7.9183e-02     1.8230     0.2564    93.7913 0.0000e+00
        503 212.288651    0.03485     2.0913    125.478     39.374  48926.938    30.9852     9.2446     39.000     9.2405    23.9392     6.3225     9.0354     95.967    275.760    282.362   -0.00127    6.58816    9.41514  287.34840   14.87801 7.7620e-02     1.7237     0.2569    93.7786 0.0000e+00
        509 212.288670    0.03531     2.1182    127.093     40.382  48928.324    30.9857     9.2445     40.000     9.2403    23.9396     6.3250     9.0390     96.005    275.869    282.473   -0.00052    6.58816    9.41514  287.34803   14.87799 7.6221e-02     1.7539     0.2564    93.7904 0.0000e+00
        515 212.288687    0.03570     2.1424    128.541     41.389  48928.718    30.9856     9.2446     41.000     9.2405    23.9395     6.3302     9.0465     96.086    276.099    282.708    0.00039    6.58814    9.41511  287.34735   14.87796 7.5092e-02     1.8337     0.2562    93.7953 0.0000e+00
        522 212.288705    0.03615     2.1689    130.132     42.401  48928.690    30.9852     9.2450     42.000     9.2407    23.9391     6.3314     9.0482     96.104    276.149    282.760    0.00024    6.58810    9.41506  287.34579   14.87788 7.4108e-02     1.8629     0.2526    93.8802 0.0000e+00
        527 212.288722    0.03656     2.1933    131.599     43.411  48929.730    30.9855     9.2451     43.000     9.2404    23.9394     6.3306     9.0471     96.092    276.115    282.725   -0.00013    6.58808    9.41503  287.34489   14.87784 7.3194e-02     1.7583     0.2528    93.8760 0.0000e+00
        533 212.288739    0.03695     2.2171    133.027     44.419  48930.709    30.9857     9.2450     44.000     9.2404    23.9396     6.3326     9.0499     96.122    276.203    282.815    0.00017    6.58809    9.41504  287.34510   14.87785 7.2476e-02     1.7496     0.2538    93.8525 0.0000e+00
        539 212.288757    0.03738     2.2431    134.584     45.428  48931.098    30.9856     9.2451     45.000     9.2404    23.9395     6.3253     9.0395     96.012    275.884    282.488   -0.00106    6.58807    9.41501  287.34447   14.87782 7.1770e-02     1.9154     0.2585    93.7426 0.0000e+00
