CTD-processing/allCTD/CNV/2012_05-02_t4_s01_cast001_5028.cnv
* Sea-Bird SBE19plus Data File:
* FileName = C:\Documents and Settings\glenn.seaman\My Documents\KHolderied-files\CTD-DATA-FILES\2012-05-LTM-LowerCookInlet-CTD\Transect4-2012-05-02\2012-05-02-LTM-Tran4-001.hex
* Software Version 1.59
* Temperature SN =  5028
* Conductivity SN =  5028
* System UpLoad Time = May 02 2012 16:14:21
** LTM Transect4-Barabara Pt to Bluff Pt
** Date: 2012-05-02
** Station:4-1
** Start time (AKDT-24hr):1316
** Depth (m):18
# nquan = 26
# nvalues = 18                          
# units = specified
# name 0 = scan: Scan Count
# name 1 = timeJ: Julian Days
# name 2 = timeH: Time, Elapsed [hours]
# name 3 = timeM: Time, Elapsed [minutes]
# name 4 = timeS: Time, Elapsed [seconds]
# name 5 = prdM: Pressure, Strain Gauge [db]
# name 6 = specc: Specific Conductance [uS/cm]
# name 7 = sal00: Salinity, Practical [PSU]
# name 8 = tv290C: Temperature [ITS-90, deg C]
# name 9 = depSM: Depth [salt water, m], lat = 59.00
# name 10 = potemp090C: Potential Temperature [ITS-90, deg C]
# name 11 = sigma-é00: Density [sigma-theta, kg/m^3]
# name 12 = sbeox0ML/L: Oxygen, SBE 43 [ml/l]
# name 13 = sbeox0Mg/L: Oxygen, SBE 43 [mg/l]
# name 14 = sbeox0PS: Oxygen, SBE 43 [% saturation]
# name 15 = sbox0Mm/Kg: Oxygen, SBE 43 [umol/kg]
# name 16 = sbeox0Mm/L: Oxygen, SBE 43 [umol/l]
# name 17 = sbox0dV/dT: Oxygen, SBE 43 [dov/dt]
# name 18 = oxsolML/L: Oxygen Saturation, Garcia & Gordon [ml/l]
# name 19 = oxsolMg/L: Oxygen Saturation, Garcia & Gordon [mg/l]
# name 20 = oxsolMm/Kg: Oxygen Saturation, Garcia & Gordon [umol/kg]
# name 21 = n2satMg/L: Nitrogen Saturation [mg/l]
# name 22 = par: PAR/Irradiance, Biospherical/Licor [umol photons/m^2/sec]
# name 23 = flECO-AFL: Fluorescence, WET Labs ECO-AFL/FL [mg/m^3]
# name 24 = upoly0: Upoly 0, ECO-FLNTUS
# name 25 = flag: flag
# span 0 =        295,        390       
# span 1 = 123.553084, 123.553360       
# span 2 =    0.02042,    0.02702       
# span 3 =     1.2252,     1.6208       
# span 4 =     73.514,     97.247       
# span 5 =      1.009,     18.171       
# span 6 =  50777.120,  51056.548       
# span 7 =    31.5634,    31.6986       
# span 8 =     4.8219,     5.0436       
# span 9 =      1.000,     18.000       
# span 10 =     4.8203,     5.0309      
# span 11 =    24.9469,    25.0779      
# span 12 =     7.4405,     7.8146      
# span 13 =    10.6470,    11.1696      
# span 14 =    102.627,    107.600      
# span 15 =    324.165,    340.458      
# span 16 =    332.291,    348.995      
# span 17 =    0.00196,    0.03641      
# span 18 =    7.22864,    7.26249      
# span 19 =   10.33278,   10.37843      
# span 20 =  314.97613,  316.40854      
# span 21 =   16.19665,   16.26042      
# span 22 = 1.5821e+00, 6.1995e+02      
# span 23 =     1.4862,     4.6620      
# span 24 =  1.1492062,  1.5276493      
# span 25 = 0.0000e+00, 0.0000e+00      
# interval = meters: 1                  
# start_time = May 02 2012 13:15:13 [Instrument's time stamp, header]
# bad_flag = -9.990e-29
*END*
        295 123.553084    0.02042     1.2252     73.514      1.009  50777.120    31.5634     5.0436      1.000     5.0309    24.9469     7.6350    10.8212    105.622    332.684    340.981    0.03641    7.22864   10.33278  314.97613   16.19665 6.1995e+02     1.4862  1.4794449 0.0000e+00
        304 123.553109    0.02101     1.2609     75.652      2.019  50865.623    31.6099     4.9797      2.000     4.9665    24.9907     7.5885    10.8273    104.818    330.638    338.902    0.02253    7.23968   10.34539  315.44054   16.21412 4.3061e+02     1.6416  1.4739779 0.0000e+00
        311 123.553132    0.02155     1.2928     77.565      3.028  50929.286    31.6446     4.9403      3.000     4.9331    25.0224     7.5427    10.7752    104.115    328.633    336.856    0.01350    7.24454   10.35272  315.64318   16.22415 2.7363e+02     1.9235  1.4557022 0.0000e+00
        317 123.553147    0.02191     1.3149     78.891      4.038  50968.350    31.6669     4.9218      4.000     4.9156    25.0421     7.5010    10.7251    103.510    326.808    334.992    0.00854    7.24663   10.35578  315.72727   16.22821 1.7935e+02     2.4413  1.5276493 0.0000e+00
        322 123.553162    0.02226     1.3356     80.135      5.047  50997.921    31.6839     4.9085      5.000     4.9044    25.0569     7.4788    10.6901    103.185    325.839    334.005    0.00564    7.24800   10.35790  315.78208   16.23100 1.1401e+02     3.0203  1.5233359 0.0000e+00
        326 123.553174    0.02258     1.3546     81.276      6.057  51011.073    31.6907     4.9006      6.000     4.8972    25.0632     7.4556    10.6619    102.849    324.825    332.967    0.00346    7.24904   10.35941  315.82620   16.23306 7.2222e+01     3.5095  1.4844879 0.0000e+00
        331 123.553188    0.02290     1.3739     82.434      7.066  51018.782    31.6942     4.8949      7.000     4.8929    25.0666     7.4405    10.6470    102.627    324.165    332.291    0.00199    7.24997   10.36057  315.86582   16.23469 4.7856e+01     4.1441  1.3994450 0.0000e+00
        336 123.553203    0.02325     1.3951     83.707      8.076  51022.984    31.6960     4.8924      8.000     4.8915    25.0683     7.4510    10.6595    102.770    324.621    332.759    0.00196    7.25010   10.36106  315.87056   16.23536 3.2318e+01     4.5327  1.3642419 0.0000e+00
        341 123.553217    0.02359     1.4152     84.913      9.085  51023.557    31.6957     4.8913      9.000     4.8897    25.0682     7.4704    10.6923    103.038    325.465    333.625    0.00237    7.25005   10.36135  315.86890   16.23579 2.2257e+01     4.6620  1.3687710 0.0000e+00
        345 123.553230    0.02390     1.4341     86.048     10.094  51022.297    31.6937     4.8883     10.000     4.8857    25.0669     7.5249    10.7559    103.779    327.843    336.061    0.00416    7.25087   10.36225  315.90531   16.23712 1.5921e+01     4.6558  1.4144835 0.0000e+00
        350 123.553244    0.02424     1.4544     87.266     11.104  51024.630    31.6939     4.8844     11.000     4.8827    25.0675     7.5790    10.8255    104.515    330.199    338.476    0.00572    7.25152   10.36318  315.93284   16.23846 1.1506e+01     4.5453  1.3591859 0.0000e+00
        355 123.553259    0.02460     1.4762     88.573     12.114  51022.530    31.6913     4.8811     12.000     4.8770    25.0658     7.6154    10.8859    105.016    331.789    340.106    0.00602    7.25168   10.36420  315.94068   16.23998 8.2839e+00     4.4791  1.3197519 0.0000e+00
        361 123.553275    0.02498     1.4990     89.938     13.124  51021.539    31.6876     4.8698     13.000     4.8638    25.0641     7.6698    10.9566    105.727    334.157    342.532    0.00685    7.25433   10.36727  316.05721   16.24448 6.1689e+00     4.4507  1.3267242 0.0000e+00
        367 123.553293    0.02541     1.5247     91.480     14.134  51028.819    31.6887     4.8546     14.000     4.8498    25.0666     7.7177    11.0211    106.342    336.242    344.670    0.00707    7.25736   10.37098  316.18801   16.24982 4.7341e+00     4.4290  1.3012304 0.0000e+00
        372 123.553308    0.02578     1.5468     92.807     15.142  51034.873    31.6906     4.8463     15.000     4.8420    25.0690     7.7292    11.0542    106.488    336.745    345.187    0.00592    7.25827   10.37291  316.22713   16.25256 3.5806e+00     4.2713  1.2160294 0.0000e+00
        377 123.553322    0.02611     1.5664     93.982     16.152  51041.112    31.6926     4.8381     16.000     4.8333    25.0714     7.7704    11.1029    107.034    338.539    347.027    0.00641    7.25974   10.37481  316.29034   16.25529 2.7032e+00     4.2694  1.2091045 0.0000e+00
        383 123.553338    0.02651     1.5902     95.411     17.161  51049.232    31.6957     4.8291     17.000     4.8256    25.0748     7.8119    11.1513    107.583    340.347    348.881    0.00665    7.26136   10.37685  316.35954   16.25818 2.0724e+00     4.1678  1.1803393 0.0000e+00
        390 123.553360    0.02702     1.6208     97.247     18.171  51056.548    31.6986     4.8219     18.000     4.8203    25.0779     7.8146    11.1696    107.600    340.458    348.995    0.00465    7.26249   10.37843  316.40854   16.26042 1.5821e+00     3.8363  1.1492062 0.0000e+00
