CTD-processing/allCTD/CNV/2012_07-29_t3_s09_cast049_4141.cnv
* Sea-Bird SBE19plus Data File:
* FileName = C:\Documents and Settings\kris.holderied.local\My Documents\2012-07-EVOS-CookInlet-Ocean\2012-07-29-Tran3-CookInlet-LTM-cast049.hex
* Software Version 1.54
* Temperature SN =  4141
* Conductivity SN =  4141
* System UpLoad Time = Jul 29 2012 20:27:11
** Cook Inlet LTM Transect 3 from Anchor Pt west
** Date:  2012-07-29
** Station:  3-09
** Start time (AKDT-24 hr): 1646
** Depth (m): 71
** Secchi depth = 3m.  CTD time 1 hr later than AKDT.
# nquan = 27
# nvalues = 54                          
# units = specified
# name 0 = scan: Scan Count
# name 1 = timeJ: Julian Days
# name 2 = timeH: Time, Elapsed [hours]
# name 3 = timeM: Time, Elapsed [minutes]
# name 4 = timeS: Time, Elapsed [seconds]
# name 5 = prdM: Pressure, Strain Gauge [db]
# name 6 = specc: Specific Conductance [uS/cm]
# name 7 = sal00: Salinity, Practical [PSU]
# name 8 = tv290C: Temperature [ITS-90, deg C]
# name 9 = depSM: Depth [salt water, m], lat = 59.00
# name 10 = potemp090C: Potential Temperature [ITS-90, deg C]
# name 11 = sigma-é00: Density [sigma-theta, kg/m^3]
# name 12 = sbeox0ML/L: Oxygen, SBE 43 [ml/l]
# name 13 = sbeox0Mg/L: Oxygen, SBE 43 [mg/l]
# name 14 = sbeox0PS: Oxygen, SBE 43 [% saturation]
# name 15 = sbox0Mm/Kg: Oxygen, SBE 43 [umol/kg]
# name 16 = sbeox0Mm/L: Oxygen, SBE 43 [umol/l]
# name 17 = sbox0dV/dT: Oxygen, SBE 43 [dov/dt]
# name 18 = oxsolML/L: Oxygen Saturation, Garcia & Gordon [ml/l]
# name 19 = oxsolMg/L: Oxygen Saturation, Garcia & Gordon [mg/l]
# name 20 = oxsolMm/Kg: Oxygen Saturation, Garcia & Gordon [umol/kg]
# name 21 = n2satMg/L: Nitrogen Saturation [mg/l]
# name 22 = par: PAR/Irradiance, Biospherical/Licor
# name 23 = wetStar: Fluorescence, WET Labs WETstar [mg/m^3]
# name 24 = CStarAt0: Beam Attenuation, WET Labs C-Star [1/m]
# name 25 = CStarTr0: Beam Transmission, WET Labs C-Star [%]
# name 26 = flag: flag
# span 0 =        115,        582       
# span 1 = 211.741973, 211.743324       
# span 2 =    0.00791,    0.04034       
# span 3 =     0.4750,     2.4200       
# span 4 =     28.498,    145.201       
# span 5 =      1.007,     54.513       
# span 6 =  44495.013,  48786.267       
# span 7 =    28.1455,    30.9112       
# span 8 =     9.4764,    11.4809       
# span 9 =      1.000,     54.000       
# span 10 =     9.4717,    11.4572      
# span 11 =    21.3654,    23.8454      
# span 12 =     6.1443,     6.5242      
# span 13 =     8.7808,     9.3237      
# span 14 =     96.089,    102.115      
# span 15 =    268.662,    285.273      
# span 16 =    274.402,    291.368      
# span 17 =   -0.01225,    0.05563      
# span 18 =    6.38897,    6.55780      
# span 19 =    9.13047,    9.37176      
# span 20 =  279.36260,  286.05178      
# span 21 =   14.50749,   14.81635      
# span 22 = 4.9337e-02, 1.4379e+02      
# span 23 =     0.6285,     2.5483      
# span 24 =     0.3674,     1.0714      
# span 25 =    76.3378,    91.2250      
# span 26 = 0.0000e+00, 0.0000e+00      
# interval = meters: 1                  
# start_time = Jul 29 2012 17:47:58 [Instrument's time stamp, header]
# bad_flag = -9.990e-29
*END*
        115 211.741973    0.00791     0.4750     28.498      1.007  44495.013    28.1455    11.4419      1.000    11.4557    21.3693     6.1443     8.7808     96.089    268.662    274.402    0.03010    6.39451    9.13839  279.60415   14.51907 1.4379e+02     0.6285     1.0714    76.3378 0.0000e+00
        307 211.742530    0.02128     1.2770     76.619      2.020  44497.338    28.1490    11.4809      2.000    11.4572    21.3654     6.5242     9.3237    102.115    285.273    291.368    0.05563    6.38897    9.13047  279.36260   14.50749 1.0146e+02     1.6755     0.9919    78.0506 0.0000e+00
        297 211.742501    0.02059     1.2351     74.107      3.028  44700.243    28.2831    11.4005      3.000    11.3837    21.4832     6.4316     9.1913    100.579    281.194    287.234    0.01867    6.39458    9.13850  279.57583   14.51716 7.0748e+01     1.5904     0.9961    77.9559 0.0000e+00
        302 211.742515    0.02092     1.2553     75.317      4.038  44719.371    28.2947    11.3851      4.000    11.3723    21.4949     6.4321     9.1921    100.561    281.214    287.259    0.00948    6.39624    9.14087  279.64516   14.52043 4.9753e+01     1.6611     0.9984    77.9112 0.0000e+00
        307 211.742529    0.02126     1.2756     76.535      5.045  45327.527    28.7062    11.2409      5.000    11.0877    21.8390     6.4326     9.1928    100.519    281.141    287.281    0.00652    6.39942    9.14541  279.68989   14.52090 3.7016e+01     1.8116     0.9936    78.0055 0.0000e+00
        313 211.742545    0.02164     1.2982     77.890      6.058  45985.168    29.1350    10.9248      6.000    10.8505    22.2256     6.4077     9.1573     99.720    279.948    286.171   -0.00487    6.42572    9.18299  280.73308   14.56910 2.8017e+01     1.9737     0.9495    78.8695 0.0000e+00
        318 211.742560    0.02199     1.3197     79.180      7.067  46815.566    29.6803    10.5826      7.000    10.3771    22.7067     6.4420     9.2063     99.859    281.314    287.701   -0.00004    6.45119    9.21940  281.71330   14.61379 2.1289e+01     2.3329     0.8794    80.2662 0.0000e+00
        322 211.742574    0.02232     1.3396     80.374      8.073  47363.751    30.0259    10.2392      8.000    10.1930    23.0324     6.3957     9.1401     98.620    279.202    285.632   -0.01225    6.48531    9.26816  283.11306   14.67937 1.7291e+01     2.4409     0.7396    83.1255 0.0000e+00
        328 211.742590    0.02273     1.3635     81.813      9.084  47531.698    30.1328    10.1470      9.000    10.1208    23.1306     6.4049     9.1532     98.628    279.574    286.041   -0.00707    6.49392    9.28047  283.46196   14.69562 1.4620e+01     2.1737     0.6631    84.7240 0.0000e+00
        335 211.742610    0.02319     1.3911     83.468     10.098  47701.208    30.2414    10.0635     10.000    10.0416    23.2289     6.4401     9.2035     99.058    281.083    287.612    0.00035    6.50128    9.29098  283.75589   14.70924 1.2114e+01     2.1773     0.6226    85.5866 0.0000e+00
        340 211.742626    0.02357     1.4142     84.851     11.102  47861.202    30.3449     9.9928     11.000     9.9637    23.3209     6.4526     9.2214     99.163    281.606    288.173    0.00117    6.50704    9.29922  283.98193   14.71964 1.0020e+01     2.3115     0.5955    86.1686 0.0000e+00
        347 211.742645    0.02404     1.4424     86.543     12.113  47984.099    30.4225     9.9252     12.000     9.9121    23.3923     6.4575     9.2284     99.141    281.801    288.393    0.00028    6.51347    9.30840  284.24242   14.73178 8.5434e+00     2.3745     0.5657    86.8133 0.0000e+00
        354 211.742665    0.02452     1.4713     88.276     13.125  48035.097    30.4543     9.8959     13.000     9.8887    23.4219     6.4619     9.2348     99.166    281.986    288.591    0.00029    6.51632    9.31249  284.35896   14.73723 7.1557e+00     2.3485     0.5414    87.3415 0.0000e+00
        360 211.742681    0.02491     1.4947     89.682     14.132  48065.961    30.4734     9.8784     14.000     9.8706    23.4395     6.4613     9.2339     99.130    281.954    288.563   -0.00032    6.51804    9.31492  284.42850   14.74047 5.9982e+00     2.2740     0.5324    87.5370 0.0000e+00
        365 211.742698    0.02530     1.5181     91.086     15.141  48091.994    30.4893     9.8626     15.000     9.8592    23.4545     6.4601     9.2321     99.086    281.894    288.505   -0.00071    6.51963    9.31721  284.49418   14.74355 5.0891e+00     2.3811     0.5285    87.6231 0.0000e+00
        371 211.742714    0.02570     1.5421     92.529     16.153  48095.517    30.4911     9.8608     16.000     9.8550    23.4563     6.4635     9.2369     99.135    282.042    288.658    0.00007    6.51981    9.31746  284.50148   14.74389 4.2604e+00     2.3563     0.5258    87.6825 0.0000e+00
        377 211.742730    0.02608     1.5646     93.877     17.161  48122.640    30.5078     9.8449     17.000     9.8388    23.4718     6.4538     9.2231     98.963    281.616    288.227   -0.00157    6.52140    9.31973  284.56632   14.74692 3.5619e+00     2.3157     0.5253    87.6927 0.0000e+00
        382 211.742746    0.02645     1.5871     95.229     18.171  48137.176    30.5164     9.8358     18.000     9.8319    23.4800     6.4518     9.2202     98.919    281.526    288.137   -0.00157    6.52234    9.32107  284.60518   14.74875 3.0127e+00     2.2999     0.5131    87.9606 0.0000e+00
        387 211.742761    0.02681     1.6086     96.518     19.191  48133.383    30.5134     9.8361     19.000     9.8270    23.4776     6.4577     9.2287     99.008    281.787    288.402   -0.00022    6.52242    9.32119  284.60936   14.74896 2.5394e+00     2.4594     0.5096    88.0376 0.0000e+00
        391 211.742772    0.02708     1.6251     97.505     20.178  48148.671    30.5221     9.8231     20.000     9.8295    23.4865     6.4629     9.2361     99.064    282.008    288.631    0.00031    6.52391    9.32333  284.67233   14.75194 2.1315e+00     2.2334     0.5128    87.9674 0.0000e+00
        396 211.742786    0.02743     1.6458     98.749     21.201  48133.754    30.5125     9.8333     21.000     9.8046    23.4774     6.4611     9.2336     99.053    281.934    288.553    0.00014    6.52286    9.32182  284.62857   14.74988 1.7897e+00     2.5483     0.5145    87.9308 0.0000e+00
        401 211.742800    0.02776     1.6657     99.942     22.211  48247.851    30.5819     9.7512     22.000     9.7273    23.5446     6.4456     9.2113     98.681    281.237    287.859   -0.00325    6.53175    9.33452  284.99782   14.76726 1.4976e+00     2.3383     0.4928    88.4097 0.0000e+00
        405 211.742813    0.02807     1.6843    101.055     23.214  48287.405    30.6055     9.7210     23.000     9.7104    23.5678     6.4280     9.1862     98.360    280.462    287.072   -0.00532    6.53509    9.33930  285.13708   14.77382 1.2682e+00     1.8703     0.4751    88.8015 0.0000e+00
        411 211.742829    0.02845     1.7070    102.422     24.228  48343.815    30.6407     9.6898     24.000     9.6730    23.6003     6.4076     9.1570     98.003    279.564    286.161   -0.00631    6.53811    9.34361  285.25954   14.77953 1.0863e+00     1.8338     0.4631    89.0684 0.0000e+00
        416 211.742844    0.02883     1.7296    103.774     25.242  48408.948    30.6817     9.6565     25.000     9.6441    23.6376     6.3926     9.1357     97.729    278.902    285.495   -0.00633    6.54119    9.34802  285.38372   14.78531 8.9918e-01     1.8106     0.4502    89.3560 0.0000e+00
        420 211.742857    0.02913     1.7476    104.856     26.246  48444.680    30.7041     9.6380     26.000     9.6315    23.6580     6.4006     9.1470     97.824    279.243    285.849   -0.00348    6.54292    9.35049  285.45350   14.78855 7.5669e-01     1.8535     0.4467    89.4334 0.0000e+00
        425 211.742871    0.02945     1.7671    106.028     27.252  48454.175    30.7096     9.6326     27.000     9.6269    23.6632     6.4061     9.1549     97.900    279.481    286.094   -0.00133    6.54345    9.35125  285.47542   14.78958 6.5870e-01     1.6983     0.4332    89.7352 0.0000e+00
        431 211.742888    0.02986     1.7914    107.487     28.268  48523.214    30.7539     9.6036     28.000     9.5835    23.7024     6.3997     9.1458     97.768    279.192    285.810   -0.00182    6.54578    9.35458  285.56614   14.79374 5.6253e-01     1.6565     0.4282    89.8478 0.0000e+00
        436 211.742902    0.03021     1.8128    108.768     29.277  48568.577    30.7817     9.5747     29.000     9.5718    23.7286     6.3861     9.1264     97.516    278.593    285.203   -0.00358    6.54879    9.35888  285.69011   14.79955 4.7526e-01     1.9207     0.4090    90.2816 0.0000e+00
        441 211.742916    0.03054     1.8326    109.956     30.283  48571.463    30.7833     9.5749     30.000     9.5656    23.7298     6.3883     9.1295     97.551    278.689    285.302   -0.00218    6.54868    9.35873  285.68517   14.79931 4.0215e-01     1.8021     0.4105    90.2467 0.0000e+00
        446 211.742932    0.03093     1.8559    111.356     31.295  48593.527    30.7966     9.5617     31.000     9.5573    23.7424     6.3907     9.1329     97.567    278.789    285.408   -0.00104    6.55005    9.36068  285.74107   14.80192 3.4572e-01     1.7426     0.4070    90.3247 0.0000e+00
        452 211.742949    0.03133     1.8799    112.795     32.305  48650.679    30.8333     9.5385     32.000     9.5188    23.7747     6.3818     9.1203     97.405    278.395    285.013   -0.00193    6.55184    9.36324  285.81044   14.80509 2.9733e-01     1.6819     0.4043    90.3865 0.0000e+00
        458 211.742966    0.03173     1.9036    114.213     33.316  48706.316    30.8678     9.5061     33.000     9.4981    23.8066     6.3723     9.1067     97.212    277.972    284.590   -0.00331    6.55509    9.36789  285.94317   14.81131 2.5379e-01     1.4903     0.3935    90.6304 0.0000e+00
        463 211.742980    0.03207     1.9246    115.476     34.321  48735.666    30.8862     9.4932     34.000     9.4824    23.8231     6.3707     9.1044     97.171    277.895    284.515   -0.00213    6.55617    9.36942  285.98537   14.81325 2.1914e-01     1.5147     0.3881    90.7529 0.0000e+00
        469 211.742997    0.03248     1.9487    116.921     35.333  48762.932    30.9031     9.4783     35.000     9.4741    23.8386     6.3754     9.1110     97.220    278.094    284.724   -0.00096    6.55762    9.37149  286.04429   14.81599 1.9042e-01     1.6496     0.3799    90.9394 0.0000e+00
        475 211.743014    0.03291     1.9741    118.448     36.345  48763.666    30.9030     9.4775     36.000     9.4731    23.8387     6.3632     9.0937     97.034    277.565    284.181   -0.00222    6.55774    9.37167  286.04968   14.81625 1.6354e-01     1.6439     0.3759    91.0307 0.0000e+00
        480 211.743030    0.03327     1.9961    119.767     37.352  48767.736    30.9053     9.4764     37.000     9.4725    23.8407     6.3766     9.1128     97.237    278.148    284.780    0.00032    6.55780    9.37176  286.05178   14.81635 1.4287e-01     1.5571     0.3763    91.0206 0.0000e+00
        486 211.743046    0.03365     2.0189    121.136     38.361  48769.004    30.9058     9.4765     38.000     9.4724    23.8411     6.3774     9.1139     97.249    278.181    284.813    0.00035    6.55777    9.37171  286.05043   14.81628 1.2624e-01     1.9852     0.3755    91.0392 0.0000e+00
        491 211.743061    0.03403     2.0419    122.517     39.374  48769.894    30.9060     9.4766     39.000     9.4725    23.8412     6.3725     9.1070     97.176    277.970    284.597   -0.00075    6.55775    9.37168  286.04929   14.81622 1.1273e-01     1.6871     0.3775    90.9937 0.0000e+00
        496 211.743076    0.03439     2.0634    123.804     40.379  48771.958    30.9070     9.4768     40.000     9.4726    23.8420     6.3836     9.1228     97.345    278.452    285.091    0.00095    6.55767    9.37156  286.04551   14.81604 1.0005e-01     1.6950     0.3783    90.9757 0.0000e+00
        502 211.743094    0.03481     2.0888    125.328     41.392  48773.198    30.9075     9.4771     41.000     9.4728    23.8424     6.3839     9.1231     97.350    278.462    285.102    0.00054    6.55761    9.37148  286.04298   14.81592 9.1643e-02     1.7410     0.3742    91.0689 0.0000e+00
        508 211.743111    0.03521     2.1127    126.762     42.402  48776.163    30.9092     9.4775     42.000     9.4733    23.8437     6.3861     9.1264     97.387    278.563    285.205    0.00041    6.55748    9.37129  286.03672   14.81561 8.4504e-02     1.7114     0.3719    91.1223 0.0000e+00
        513 211.743126    0.03559     2.1353    128.117     43.408  48776.646    30.9092     9.4781     43.000     9.4735    23.8436     6.3874     9.1282     97.407    278.616    285.259    0.00026    6.55739    9.37117  286.03307   14.81543 7.6321e-02     1.5667     0.3728    91.1007 0.0000e+00
        520 211.743145    0.03603     2.1620    129.722     44.420  48777.030    30.9090     9.4781     44.000     9.4734    23.8435     6.3818     9.1202     97.322    278.373    285.011   -0.00059    6.55740    9.37117  286.03328   14.81545 7.0902e-02     1.6348     0.3702    91.1603 0.0000e+00
        526 211.743163    0.03647     2.1879    131.273     45.430  48777.287    30.9088     9.4780     45.000     9.4732    23.8433     6.3850     9.1248     97.370    278.512    285.152   -0.00002    6.55743    9.37122  286.03474   14.81552 6.6685e-02     1.9146     0.3747    91.0583 0.0000e+00
        532 211.743180    0.03688     2.2131    132.785     46.440  48778.122    30.9090     9.4780     46.000     9.4732    23.8434     6.3842     9.1237     97.359    278.480    285.120   -0.00013    6.55741    9.37120  286.03403   14.81548 6.2436e-02     1.8719     0.3724    91.1097 0.0000e+00
        538 211.743198    0.03731     2.2386    134.316     47.449  48778.352    30.9087     9.4781     47.000     9.4730    23.8433     6.3838     9.1231     97.352    278.460    285.099   -0.00035    6.55741    9.37119  286.03391   14.81548 6.0015e-02     1.7888     0.3690    91.1872 0.0000e+00
        544 211.743216    0.03773     2.2638    135.828     48.460  48778.749    30.9085     9.4779     48.000     9.4728    23.8432     6.3810     9.1191     97.309    278.340    284.976   -0.00061    6.55745    9.37125  286.03575   14.81556 5.7538e-02     1.6713     0.3674    91.2250 0.0000e+00
        550 211.743232    0.03813     2.2879    137.273     49.467  48780.016    30.9090     9.4780     49.000     9.4728    23.8435     6.3804     9.1182     97.301    278.313    284.949   -0.00048    6.55742    9.37120  286.03405   14.81548 5.5221e-02     1.6629     0.3732    91.0920 0.0000e+00
        557 211.743251    0.03858     2.3149    138.894     50.478  48781.654    30.9098     9.4783     50.000     9.4733    23.8441     6.3799     9.1175     97.294    278.291    284.927   -0.00047    6.55733    9.37108  286.03034   14.81530 5.3391e-02     1.5466     0.3738    91.0778 0.0000e+00
        563 211.743270    0.03904     2.3421    140.527     51.490  48782.054    30.9097     9.4791     51.000     9.4735    23.8440     6.3806     9.1184     97.306    278.319    284.955   -0.00025    6.55723    9.37094  286.02601   14.81510 5.2147e-02     1.6808     0.3704    91.1576 0.0000e+00
        569 211.743286    0.03941     2.3647    141.883     52.494  48782.976    30.9099     9.4787     52.000     9.4729    23.8442     6.3886     9.1300     97.428    278.672    285.316    0.00079    6.55728    9.37100  286.02782   14.81519 5.1004e-02     1.6576     0.3799    90.9407 0.0000e+00
        575 211.743304    0.03986     2.3918    143.506     53.507  48784.532    30.9105     9.4780     53.000     9.4722    23.8448     6.3868     9.1274     97.399    278.592    285.235    0.00018    6.55735    9.37111  286.03089   14.81533 4.9864e-02     1.6183     0.3787    90.9663 0.0000e+00
