CTD-processing/allCTD/CNV/2012_07-02_subbays_kbaya_cast148_5028.cnv
* Sea-Bird SBE19plus Data File:
* FileName = C:\Documents and Settings\kris.holderied.local\My Documents\CTD-data-upload-2012-07-28\CTD5028-upload-2012-07-28-cast148.hex
* Software Version 1.54
* Temperature SN =  5028
* Conductivity SN =  5028
* System UpLoad Time = Jul 28 2012 11:56:11
** Kachemak Bay - CTD data - upload all 2012-07-28
** Date:  2012-07-02   xxxx Tide (x of 2 lines)
** Station:  Kasitisna Bay A
** Start time (AKDT-24 hr):0818
** Depth (ft):150
** Comments: At mouth
# nquan = 26
# nvalues = 40                          
# units = specified
# name 0 = scan: Scan Count
# name 1 = timeJ: Julian Days
# name 2 = timeH: Time, Elapsed [hours]
# name 3 = timeM: Time, Elapsed [minutes]
# name 4 = timeS: Time, Elapsed [seconds]
# name 5 = prdM: Pressure, Strain Gauge [db]
# name 6 = specc: Specific Conductance [uS/cm]
# name 7 = sal00: Salinity, Practical [PSU]
# name 8 = tv290C: Temperature [ITS-90, deg C]
# name 9 = depSM: Depth [salt water, m], lat = 59.00
# name 10 = potemp090C: Potential Temperature [ITS-90, deg C]
# name 11 = sigma-é00: Density [sigma-theta, kg/m^3]
# name 12 = sbeox0ML/L: Oxygen, SBE 43 [ml/l]
# name 13 = sbeox0Mg/L: Oxygen, SBE 43 [mg/l]
# name 14 = sbeox0PS: Oxygen, SBE 43 [% saturation]
# name 15 = sbox0Mm/Kg: Oxygen, SBE 43 [umol/kg]
# name 16 = sbeox0Mm/L: Oxygen, SBE 43 [umol/l]
# name 17 = sbox0dV/dT: Oxygen, SBE 43 [dov/dt]
# name 18 = oxsolML/L: Oxygen Saturation, Garcia & Gordon [ml/l]
# name 19 = oxsolMg/L: Oxygen Saturation, Garcia & Gordon [mg/l]
# name 20 = oxsolMm/Kg: Oxygen Saturation, Garcia & Gordon [umol/kg]
# name 21 = n2satMg/L: Nitrogen Saturation [mg/l]
# name 22 = par: PAR/Irradiance, Biospherical/Licor [umol photons/m^2/sec]
# name 23 = flECO-AFL: Fluorescence, WET Labs ECO-AFL/FL [mg/m^3]
# name 24 = upoly0: Upoly 0, ECO-FLNTUS
# name 25 = flag: flag
# span 0 =        321,        489       
# span 1 = 184.347348, 184.347834       
# span 2 =    0.02219,    0.03386       
# span 3 =     1.3318,     2.0313       
# span 4 =     79.907,    121.875       
# span 5 =      1.009,     40.381       
# span 6 =  47757.541,  50168.791       
# span 7 =    30.1851,    31.5906       
# span 8 =     7.5025,     9.2708       
# span 9 =      1.000,     40.000       
# span 10 =     7.4930,     9.2673      
# span 11 =    23.3095,    24.6673      
# span 12 =     6.9029,     7.5473      
# span 13 =     9.9167,    10.7888      
# span 14 =    102.424,    114.062      
# span 15 =    300.915,    329.390      
# span 16 =    308.283,    337.060      
# span 17 =   -0.02024,    0.02697      
# span 18 =    6.61678,    6.82490      
# span 19 =    9.45832,    9.75353      
# span 20 =  288.78104,  297.46265      
# span 21 =   14.95274,   15.35867      
# span 22 = 1.0393e-01, 3.7138e+02      
# span 23 =     1.1282,     2.9784      
# span 24 =  0.5828915,  0.8969275      
# span 25 = 0.0000e+00, 0.0000e+00      
# interval = meters: 1                  
# start_time = Jul 02 2012 08:18:51 [Instrument's time stamp, header]
# bad_flag = -9.990e-29
*END*
        321 184.347348    0.02219     1.3318     79.907      1.009  47757.541    30.1851     9.2708      1.000     9.2673    23.3095     7.5473    10.7888    114.062    329.390    337.060    0.02697    6.61678    9.45832  288.78104   14.95274 3.7138e+02     1.5913  0.8924191 0.0000e+00
        327 184.347367    0.02264     1.3585     81.510      2.019  47953.955    30.3092     9.1751      2.000     9.1221    23.4209     7.5301    10.7127    113.703    328.615    336.296    0.01826    6.62270    9.47098  289.01460   14.96920 2.4333e+02     1.6833  0.8969275 0.0000e+00
        331 184.347378    0.02291     1.3743     82.456      3.029  48174.919    30.4480     9.0619      3.000     8.9783    23.5465     7.4404    10.6000    112.174    324.658    332.289    0.00951    6.63315    9.48645  289.43259   14.98950 1.6425e+02     1.8970  0.8763381 0.0000e+00
        334 184.347386    0.02311     1.3868     83.205      4.038  48410.852    30.5948     8.9322      4.000     8.8268    23.6808     7.3183    10.4705    110.113    319.286    326.835   -0.00035    6.64643    9.50498  289.97293   15.01410 1.1788e+02     2.1960  0.8670460 0.0000e+00
        337 184.347395    0.02330     1.3981     83.889      5.048  48667.701    30.7537     8.7869      5.000     8.6612    23.8268     7.2401    10.3665    108.681    315.828    323.344   -0.00644    6.66204    9.52617  290.61007   15.04237 8.6139e+01     2.5259  0.8690917 0.0000e+00
        339 184.347402    0.02348     1.4090     84.538      6.057  48952.534    30.9290     8.6220      6.000     8.4879    23.9884     7.2008    10.2874    107.765    314.054    321.588   -0.00908    6.68219    9.55061  291.43447   15.07509 6.4201e+01     2.8611  0.8747606 0.0000e+00
        342 184.347409    0.02366     1.4195     85.172      7.067  49235.475    31.1021     8.4533      7.000     8.3398    24.1488     7.1415    10.2026    106.509    311.408    318.941   -0.01272    6.70539    9.57611  292.38825   15.10936 4.8091e+01     2.9784  0.8465190 0.0000e+00
        344 184.347417    0.02383     1.4300     85.798      8.076  49460.390    31.2390     8.3184      8.000     8.2415    24.2758     7.0647    10.1120    105.096    308.012    315.509   -0.01667    6.72230    9.59664  293.08370   15.13701 3.6616e+01     2.8952  0.8031343 0.0000e+00
        347 184.347424    0.02401     1.4405     86.428      9.085  49615.507    31.3332     8.2253      9.000     8.1765    24.3632     6.9942    10.0289    103.906    304.914    312.359   -0.01942    6.73136    9.61089  293.45580   15.15619 2.7851e+01     2.8243  0.7758235 0.0000e+00
        349 184.347431    0.02419     1.4510     87.060     10.095  49708.260    31.3892     8.1681     10.000     8.1361    24.4153     6.9447     9.9670    103.104    302.749    310.152   -0.02024    6.73573    9.61976  293.63726   15.16818 2.1437e+01     2.8484  0.7676042 0.0000e+00
        352 184.347438    0.02436     1.4615     87.692     11.104  49766.271    31.4239     8.1323     11.000     8.1112    24.4478     6.9143     9.9300    102.613    301.417    308.793   -0.01977    6.73830    9.62535  293.74390   15.17574 1.6681e+01     2.9076  0.7706458 0.0000e+00
        354 184.347446    0.02453     1.4720     88.323     12.113  49808.200    31.4491     8.1079     12.000     8.0943    24.4711     6.9029     9.9167    102.424    300.915    308.283   -0.01828    6.73957    9.62906  293.79514   15.18073 1.2922e+01     2.9040  0.7753986 0.0000e+00
        357 184.347453    0.02471     1.4826     88.956     13.123  49835.091    31.4652     8.0928     13.000     8.0814    24.4858     6.9238     9.9361    102.732    301.824    309.217   -0.01511    6.73970    9.63132  293.79789   15.18376 1.0122e+01     2.8044  0.7623145 0.0000e+00
        359 184.347460    0.02489     1.4932     89.594     14.133  49852.525    31.4749     8.0798     14.000     8.0656    24.4953     6.9667     9.9790    103.361    303.692    311.132   -0.01093    6.74012    9.63354  293.81526   15.18682 7.9387e+00     2.7070  0.7412877 0.0000e+00
        362 184.347468    0.02507     1.5040     90.238     15.142  49865.373    31.4808     8.0627     15.000     8.0449    24.5024     7.0185    10.0355    104.092    305.947    313.444   -0.00681    6.74248    9.63691  293.91732   15.19160 6.2820e+00     2.6449  0.7223917 0.0000e+00
        365 184.347476    0.02525     1.5148     90.884     16.151  49877.753    31.4856     8.0414     16.000     8.0226    24.5092     7.0678    10.0938    104.764    308.097    315.647   -0.00342    6.74632    9.64125  294.08333   15.19781 4.9840e+00     2.5538  0.7221235 0.0000e+00
        367 184.347483    0.02543     1.5255     91.532     17.161  49893.291    31.4926     8.0195     17.000     8.0029    24.5179     7.1103    10.1471    105.337    309.945    317.544   -0.00083    6.74995    9.64559  294.23877   15.20399 3.9910e+00     2.4527  0.7264709 0.0000e+00
        370 184.347490    0.02560     1.5363     92.179     18.170  49907.564    31.4991     8.0006     18.000     7.9853    24.5257     7.1421    10.1905    105.767    311.333    318.968    0.00088    6.75268    9.64930  294.35633   15.20926 3.2250e+00     2.3750  0.7241298 0.0000e+00
        372 184.347498    0.02578     1.5471     92.828     19.180  49924.439    31.5077     7.9831     19.000     7.9694    24.5350     7.1649    10.2247    106.063    312.322    319.983    0.00189    6.75529    9.65260  294.46778   15.21391 2.6001e+00     2.3049  0.7231529 0.0000e+00
        375 184.347506    0.02596     1.5579     93.475     20.190  49947.794    31.5212     7.9683     20.000     7.9574    24.5477     7.1801    10.2497    106.262    312.982    320.664    0.00235    6.75700    9.65499  294.53835   15.21716 2.1163e+00     2.1663  0.7224775 0.0000e+00
        377 184.347513    0.02614     1.5687     94.120     21.199  49974.835    31.5379     7.9570     21.000     7.9479    24.5624     7.1929    10.2693    106.443    313.533    321.235    0.00268    6.75750    9.65640  294.55429   15.21894 1.7298e+00     1.9694  0.7176910 0.0000e+00
        380 184.347520    0.02632     1.5794     94.766     22.209  50000.248    31.5538     7.9481     22.000     7.9398    24.5762     7.2026    10.2831    106.584    313.950    321.667    0.00286    6.75764    9.65736  294.55550   15.22008 1.4278e+00     1.8199  0.6951446 0.0000e+00
        383 184.347528    0.02650     1.5902     95.410     23.218  50018.892    31.5652     7.9402     23.000     7.9320    24.5861     7.2070    10.2911    106.644    314.140    321.865    0.00272    6.75796    9.65836  294.56697   15.22136 1.1838e+00     1.7069  0.6625830 0.0000e+00
        385 184.347536    0.02668     1.6008     96.049     24.228  50031.123    31.5720     7.9324     24.000     7.9222    24.5927     7.2051    10.2934    106.610    314.056    321.781    0.00222    6.75842    9.65966  294.58510   15.22312 9.9113e-01     1.6665  0.6339535 0.0000e+00
        388 184.347543    0.02686     1.6112     96.673     25.237  50038.638    31.5752     7.9223     25.000     7.9088    24.5966     7.2038    10.2944    106.569    313.999    321.722    0.00172    6.75976    9.66166  294.64312   15.22597 8.3328e-01     1.6856  0.6087532 0.0000e+00
        390 184.347549    0.02702     1.6212     97.275     26.247  50045.032    31.5770     7.9089     26.000     7.8949    24.5999     7.2055    10.2960    106.554    314.071    321.798    0.00140    6.76228    9.66450  294.75199   15.23005 7.0601e-01     1.6555  0.5895498 0.0000e+00
        393 184.347557    0.02719     1.6315     97.887     27.256  50050.175    31.5780     7.8949     27.000     7.8811    24.6027     7.2060    10.2967    106.523    314.089    321.817    0.00108    6.76467    9.66750  294.85548   15.23438 5.9757e-01     1.6067  0.5828915 0.0000e+00
        395 184.347564    0.02737     1.6421     98.528     28.266  50054.382    31.5782     7.8806     28.000     7.8669    24.6048     7.2035    10.2960    106.451    313.983    321.709    0.00062    6.76697    9.67064  294.95530   15.23891 5.0791e-01     1.5423  0.5900838 0.0000e+00
        398 184.347571    0.02755     1.6531     99.189     29.276  50058.452    31.5782     7.8662     29.000     7.8528    24.6069     7.2034    10.2968    106.415    313.978    321.705    0.00031    6.76921    9.67380  295.05245   15.24349 4.3399e-01     1.4745  0.6013153 0.0000e+00
        400 184.347579    0.02774     1.6643     99.858     30.285  50062.636    31.5784     7.8521     30.000     7.8391    24.6091     7.2059    10.2994    106.421    314.087    321.817    0.00023    6.77121    9.67688  295.13863   15.24795 3.7089e-01     1.4540  0.6226361 0.0000e+00
        403 184.347587    0.02793     1.6755    100.531     31.294  50064.619    31.5771     7.8383     31.000     7.8238    24.6100     7.2104    10.3034    106.458    314.281    322.016    0.00028    6.77302    9.67999  295.21742   15.25247 3.1914e-01     1.4489  0.6385286 0.0000e+00
        406 184.347595    0.02811     1.6867    101.204     32.305  50066.022    31.5750     7.8223     32.000     7.8056    24.6107     7.2150    10.3069    106.487    314.483    322.222    0.00030    6.77551    9.68365  295.32641   15.25779 2.7654e-01     1.4103  0.6310661 0.0000e+00
        409 184.347603    0.02830     1.6979    101.876     33.314  50068.263    31.5731     7.8037     33.000     7.7851    24.6118     7.2158    10.3074    106.448    314.518    322.258    0.00010    6.77873    9.68786  295.46690   15.26391 2.4017e-01     1.3762  0.6322662 0.0000e+00
        411 184.347611    0.02848     1.7092    102.550     34.324  50075.616    31.5745     7.7830     34.000     7.7652    24.6158     7.2108    10.3038    106.319    314.300    322.036   -0.00044    6.78226    9.69236  295.61914   15.27042 2.1011e-01     1.3336  0.6400482 0.0000e+00
        414 184.347619    0.02867     1.7205    103.229     35.333  50084.943    31.5774     7.7639     35.000     7.7469    24.6208     7.2056    10.2996    106.210    314.070    321.803   -0.00088    6.78433    9.69639  295.70679   15.27620 1.8522e-01     1.2842  0.6536497 0.0000e+00
        417 184.347626    0.02887     1.7320    103.919     36.343  50087.709    31.5757     7.7444     36.000     7.7221    24.6221     7.2067    10.2983    106.203    314.116    321.851   -0.00089    6.78579    9.70080  295.76990   15.28261 1.6415e-01     1.2452  0.6831414 0.0000e+00
        420 184.347635    0.02907     1.7440    104.639     37.353  50081.424    31.5659     7.7143     37.000     7.6783    24.6186     7.2125    10.2977    106.218    314.374    322.111   -0.00074    6.79031    9.70808  295.97106   15.29330 1.4625e-01     1.2375  0.7086461 0.0000e+00
        423 184.347644    0.02929     1.7573    105.436     38.362  50086.657    31.5601     7.6591     38.000     7.6165    24.6217     7.2099    10.2883    105.990    314.258    321.991   -0.00142    6.80244    9.72070  296.50040   15.31164 1.3094e-01     1.2379  0.7423254 0.0000e+00
        446 184.347712    0.03092     1.8549    111.296     39.372  50140.114    31.5822     7.5697     39.000     7.5503    24.6514     7.1592    10.2307    105.018    312.036    319.728   -0.00258    6.81710    9.73912  297.12715   15.33795 1.1664e-01     1.2479  0.8141249 0.0000e+00
        489 184.347834    0.03386     2.0313    121.875     40.381  50168.791    31.5906     7.5025     40.000     7.4930    24.6673     7.1278    10.1876    104.438    310.665    318.327   -0.00103    6.82490    9.75353  297.46265   15.35867 1.0393e-01     1.1282  0.8670791 0.0000e+00
