CTD-processing/allCTD/CNV/2012_09-21_t9_s08_repeat5_cast185_4141.cnv
* Sea-Bird SBE19plus Data File:
* FileName = C:\Documents and Settings\kris.holderied.local\My Documents\2012-CTD-DATA-new-files\2012-09-21-CTD-HomerSpit-tide-time-series-KBRRctd\2012-09-21-CTD-HomerSpit-tide-repeat5\2012-09-21-HomerSpit-tide-repeat5-cast185.hex
* Software Version 1.54
* Temperature SN =  4141
* Conductivity SN =  4141
* System UpLoad Time = Oct 11 2012 19:40:10
** Kachemak Bay Homer Spit Line - Tidal repeat5
** Date:  2012-09-21
** Station: 9-08
** Start time (AKDT-24 hr): 1611
** Depth (ft): 320
** Comment:
# nquan = 27
# nvalues = 93                          
# units = specified
# name 0 = scan: Scan Count
# name 1 = timeJ: Julian Days
# name 2 = timeH: Time, Elapsed [hours]
# name 3 = timeM: Time, Elapsed [minutes]
# name 4 = timeS: Time, Elapsed [seconds]
# name 5 = prdM: Pressure, Strain Gauge [db]
# name 6 = specc: Specific Conductance [uS/cm]
# name 7 = sal00: Salinity, Practical [PSU]
# name 8 = tv290C: Temperature [ITS-90, deg C]
# name 9 = depSM: Depth [salt water, m], lat = 59.00
# name 10 = potemp090C: Potential Temperature [ITS-90, deg C]
# name 11 = sigma-é00: Density [sigma-theta, kg/m^3]
# name 12 = sbeox0ML/L: Oxygen, SBE 43 [ml/l]
# name 13 = sbeox0Mg/L: Oxygen, SBE 43 [mg/l]
# name 14 = sbeox0PS: Oxygen, SBE 43 [% saturation]
# name 15 = sbox0Mm/Kg: Oxygen, SBE 43 [umol/kg]
# name 16 = sbeox0Mm/L: Oxygen, SBE 43 [umol/l]
# name 17 = sbox0dV/dT: Oxygen, SBE 43 [dov/dt]
# name 18 = oxsolML/L: Oxygen Saturation, Garcia & Gordon [ml/l]
# name 19 = oxsolMg/L: Oxygen Saturation, Garcia & Gordon [mg/l]
# name 20 = oxsolMm/Kg: Oxygen Saturation, Garcia & Gordon [umol/kg]
# name 21 = n2satMg/L: Nitrogen Saturation [mg/l]
# name 22 = par: PAR/Irradiance, Biospherical/Licor
# name 23 = wetStar: Fluorescence, WET Labs WETstar [mg/m^3]
# name 24 = CStarAt0: Beam Attenuation, WET Labs C-Star [1/m]
# name 25 = CStarTr0: Beam Transmission, WET Labs C-Star [%]
# name 26 = flag: flag
# span 0 =        106,        639       
# span 1 = 265.674424, 265.675967       
# span 2 =    0.00728,    0.04432       
# span 3 =     0.4369,     2.6593       
# span 4 =     26.214,    159.559       
# span 5 =      1.009,     93.896       
# span 6 =  40410.687,  48679.581       
# span 7 =    25.1050,    30.8134       
# span 8 =     9.3164,     9.7327       
# span 9 =      1.000,     93.000       
# span 10 =     9.3170,     9.7242      
# span 11 =    19.3381,    23.7771      
# span 12 =     2.5127,     6.1856      
# span 13 =     3.5909,     8.8398      
# span 14 =     38.255,     92.998      
# span 15 =    109.611,    270.555      
# span 16 =    112.218,    276.248      
# span 17 =   -0.22500,    0.02367      
# span 18 =    6.54972,    6.83155      
# span 19 =    9.36019,    9.76296      
# span 20 =  285.78517,  299.30766      
# span 21 =   14.80507,   15.47378      
# span 22 = 6.3158e-02, 9.6241e+01      
# span 23 =     0.4714,     2.8104      
# span 24 =     0.6926,     3.9184      
# span 25 =    38.3043,    84.1003      
# span 26 = 0.0000e+00, 0.0000e+00      
# interval = meters: 1                  
# start_time = Sep 21 2012 16:10:44 [Instrument's time stamp, header]
# bad_flag = -9.990e-29
*END*
[from data line 54]
        506 265.675582    0.03509     2.1052    126.311     55.531  48466.204    30.6924     9.5265     55.000     9.5131    23.6669     5.5006     7.8609     83.857    239.978    245.658   -0.00474    6.55953    9.37422  286.17553   14.82313 6.3771e-02     0.7723     0.7974    81.9274 0.0000e+00
        509 265.675591    0.03531     2.1187    127.124     56.535  48482.360    30.7022     9.5179     56.000     9.5086    23.6760     5.4701     7.8174     83.382    238.647    244.297   -0.00776    6.56037    9.37542  286.20984   14.82474 6.3304e-02     0.7217     0.8484    80.8887 0.0000e+00
        513 265.675601    0.03553     2.1319    127.917     57.555  48494.882    30.7100     9.5127     57.000     9.5051    23.6828     5.4381     7.7715     82.887    237.244    242.863   -0.01082    6.56078    9.37601  286.22583   14.82546 6.3309e-02     0.6536     0.8536    80.7841 0.0000e+00
        515 265.675609    0.03572     2.1432    128.590     58.542  48506.169    30.7172     9.5108     58.000     9.5022    23.6888     5.4210     7.7472     82.628    236.500    242.103   -0.01143    6.56075    9.37597  286.22270   14.82528 6.3787e-02     0.6534     0.8608    80.6384 0.0000e+00
        519 265.675619    0.03597     2.1585    129.509     59.567  48510.322    30.7190     9.5056     59.000     9.4962    23.6910     5.4197     7.7453     82.599    236.441    242.043   -0.00845    6.56144    9.37695  286.25230   14.82669 6.3649e-02     0.6100     0.8611    80.6347 0.0000e+00
        523 265.675630    0.03623     2.1736    130.420     60.584  48514.058    30.7205     9.5004     60.000     9.4925    23.6930     5.4147     7.7381     82.513    236.222    241.819   -0.00631    6.56211    9.37792  286.28111   14.82807 6.3996e-02     0.5405     0.8465    80.9265 0.0000e+00
        526 265.675638    0.03643     2.1859    131.153     61.571  48516.072    30.7212     9.4983     61.000     9.4905    23.6939     5.4056     7.7253     82.374    235.830    241.418   -0.00631    6.56241    9.37834  286.29372   14.82867 6.3969e-02     0.5787     0.8865    80.1211 0.0000e+00
        530 265.675650    0.03672     2.2031    132.184     62.601  48522.087    30.7247     9.4961     62.000     9.4890    23.6970     5.3951     7.7102     82.210    235.369    240.946   -0.00572    6.56257    9.37857  286.29994   14.82895 6.3659e-02     0.5576     0.8848    80.1573 0.0000e+00
        533 265.675661    0.03697     2.2184    133.105     63.605  48524.874    30.7262     9.4958     63.000     9.4892    23.6982     5.3874     7.6991     82.093    235.030    240.600   -0.00533    6.56255    9.37854  286.29851   14.82887 6.3723e-02     0.5930     0.8673    80.5080 0.0000e+00
        537 265.675671    0.03721     2.2327    133.962     64.619  48527.211    30.7275     9.4961     64.000     9.4891    23.6992     5.3898     7.7025     82.131    235.136    240.708   -0.00365    6.56246    9.37842  286.29465   14.82869 6.3874e-02     0.6180     0.8723    80.4077 0.0000e+00
        540 265.675680    0.03743     2.2459    134.752     65.610  48532.997    30.7311     9.4961     65.000     9.4897    23.7021     5.3927     7.7067     82.178    235.264    240.840   -0.00209    6.56230    9.37819  286.28676   14.82830 6.3492e-02     0.5830     0.8629    80.5961 0.0000e+00
        544 265.675692    0.03773     2.2637    135.824     66.644  48541.178    30.7367     9.4975     66.000     9.4909    23.7062     5.3918     7.7054     82.168    235.220    240.796   -0.00152    6.56187    9.37756  286.26670   14.82732 6.3934e-02     0.6120     0.8315    81.2306 0.0000e+00
        548 265.675702    0.03796     2.2773    136.637     67.635  48545.865    30.7395     9.4978     67.000     9.4899    23.7084     5.3946     7.7094     82.213    235.344    240.924   -0.00092    6.56170    9.37732  286.25889   14.82693 6.3632e-02     0.6041     0.8339    81.1816 0.0000e+00
        551 265.675713    0.03821     2.2929    137.575     68.657  48550.145    30.7419     9.4961     68.000     9.4880    23.7105     5.4026     7.7208     82.333    235.690    241.278    0.00044    6.56184    9.37753  286.26440   14.82718 6.3853e-02     0.5941     0.8325    81.2106 0.0000e+00
        555 265.675722    0.03845     2.3074    138.445     69.664  48553.357    30.7435     9.4948     69.000     9.4863    23.7120     5.4041     7.7229     82.354    235.755    241.346    0.00059    6.56197    9.37771  286.26945   14.82741 6.3784e-02     0.6197     0.8261    81.3401 0.0000e+00
        558 265.675732    0.03868     2.3208    139.248     70.666  48561.549    30.7485     9.4921     70.000     9.4811    23.7164     5.4050     7.7243     82.366    235.795    241.388    0.00032    6.56215    9.37797  286.27617   14.82772 6.4013e-02     0.5241     0.8343    81.1747 0.0000e+00
        562 265.675744    0.03896     2.3373    140.237     71.686  48573.128    30.7554     9.4861     71.000     9.4766    23.7227     5.4004     7.7177     82.289    235.594    241.183   -0.00041    6.56273    9.37879  286.29955   14.82881 6.3940e-02     0.5546     0.8474    80.9079 0.0000e+00
        566 265.675754    0.03921     2.3523    141.137     72.700  48579.232    30.7589     9.4831     72.000     9.4743    23.7259     5.3967     7.7125     82.230    235.432    241.018   -0.00108    6.56301    9.37920  286.31095   14.82934 6.3942e-02     0.5573     0.8541    80.7735 0.0000e+00
        568 265.675762    0.03940     2.3639    141.835     73.690  48584.030    30.7616     9.4816     73.000     9.4726    23.7283     5.3960     7.7113     82.216    235.397    240.983   -0.00106    6.56311    9.37935  286.31495   14.82952 6.3654e-02     0.5098     0.8830    80.1923 0.0000e+00
        572 265.675773    0.03965     2.3793    142.760     74.709  48591.294    30.7660     9.4793     74.000     9.4689    23.7321     5.3905     7.7035     82.131    235.158    240.739   -0.00148    6.56326    9.37955  286.32024   14.82976 6.4118e-02     0.5077     0.8934    79.9841 0.0000e+00
        576 265.675784    0.03993     2.3959    143.754     75.732  48608.209    30.7764     9.4713     75.000     9.4533    23.7414     5.3781     7.6858     81.933    234.614    240.184   -0.00290    6.56398    9.38059  286.34905   14.83109 6.3910e-02     0.5169     0.9229    79.3993 0.0000e+00
        579 265.675793    0.04013     2.4078    144.466     76.726  48626.783    30.7874     9.4587     76.000     9.4469    23.7519     5.3711     7.6758     81.810    234.308    239.873   -0.00359    6.56536    9.38256  286.40626   14.83378 6.4110e-02     0.5418     1.0962    76.0350 0.0000e+00
        582 265.675802    0.04037     2.4222    145.330     77.733  48634.965    30.7919     9.4529     77.000     9.4417    23.7565     5.3581     7.6572     81.603    233.739    239.291   -0.00442    6.56601    9.38349  286.43344   14.83506 6.4082e-02     0.5399     1.1723    74.5964 0.0000e+00
        587 265.675815    0.04067     2.4400    146.397     78.768  48643.021    30.7963     9.4465     78.000     9.4351    23.7609     5.3352     7.6246     81.245    232.740    238.271   -0.00627    6.56674    9.38453  286.46414   14.83651 6.4061e-02     0.5192     1.1973    74.1331 0.0000e+00
        590 265.675824    0.04087     2.4523    147.138     79.756  48648.542    30.7994     9.4434     79.000     9.4356    23.7638     5.3219     7.6054     81.038    232.157    237.674   -0.00691    6.56707    9.38499  286.47752   14.83714 6.3858e-02     0.4852     1.2872    72.4846 0.0000e+00
        593 265.675833    0.04110     2.4664    147.981     80.772  48646.879    30.7979     9.4447     80.000     9.4360    23.7625     5.3154     7.5962     80.942    231.877    237.387   -0.00622    6.56693    9.38480  286.47187   14.83688 6.4225e-02     0.5102     1.2790    72.6334 0.0000e+00
        596 265.675843    0.04135     2.4812    148.871     81.775  48647.675    30.7980     9.4446     81.000     9.4355    23.7626     5.3152     7.5959     80.938    231.865    237.375   -0.00445    6.56696    9.38484  286.47299   14.83693 6.4102e-02     0.4863     1.2675    72.8413 0.0000e+00
        600 265.675855    0.04163     2.4977    149.865     82.806  48649.364    30.7986     9.4431     82.000     9.4327    23.7633     5.3111     7.5901     80.874    231.688    237.193   -0.00341    6.56714    9.38509  286.48064   14.83729 6.4536e-02     0.5191     1.2624    72.9351 0.0000e+00
        603 265.675863    0.04183     2.5093    150.560     83.799  48652.794    30.8003     9.4413     83.000     9.4325    23.7650     5.3103     7.5889     80.858    231.650    237.156   -0.00333    6.56733    9.38537  286.48848   14.83766 6.4398e-02     0.4791     1.3296    71.7210 0.0000e+00
        606 265.675871    0.04202     2.5214    151.284     84.808  48653.152    30.8002     9.4412     84.000     9.4314    23.7648     5.3214     7.6048     81.028    232.136    237.653   -0.00088    6.56735    9.38540  286.48955   14.83771 6.4222e-02     0.5555     1.3508    71.3409 0.0000e+00
        609 265.675881    0.04224     2.5344    152.061     85.819  48655.482    30.8012     9.4397     85.000     9.4300    23.7659     5.3188     7.6012     80.987    232.025    237.539   -0.00041    6.56753    9.38566  286.49704   14.83806 6.4265e-02     0.6388     1.3720    70.9636 0.0000e+00
        613 265.675890    0.04248     2.5486    152.914     86.821  48657.333    30.8019     9.4388     86.000     9.4293    23.7666     5.3134     7.5934     80.904    231.789    237.298   -0.00161    6.56763    9.38579  286.50098   14.83825 6.4141e-02     0.5240     1.3783    70.8528 0.0000e+00
        617 265.675902    0.04276     2.5654    153.926     87.853  48658.877    30.8025     9.4382     87.000     9.4288    23.7672     5.3053     7.5818     80.779    231.434    236.935   -0.00230    6.56768    9.38587  286.50334   14.83836 6.4172e-02     0.5292     1.3714    70.9744 0.0000e+00
        620 265.675910    0.04297     2.5778    154.669     88.842  48660.136    30.8029     9.4380     88.000     9.4286    23.7676     5.3013     7.5760     80.717    231.257    236.754   -0.00239    6.56769    9.38590  286.50371   14.83838 6.4297e-02     0.5183     1.4120    70.2595 0.0000e+00
        623 265.675921    0.04322     2.5934    155.602     89.856  48661.749    30.8037     9.4381     89.000     9.4286    23.7681     5.2982     7.5716     80.671    231.124    236.617   -0.00217    6.56766    9.38585  286.50219   14.83830 6.4296e-02     0.5247     1.4317    69.9131 0.0000e+00
        628 265.675934    0.04351     2.6106    156.635     90.886  48662.805    30.8039     9.4379     90.000     9.4266    23.7685     5.2994     7.5734     80.688    231.173    236.668   -0.00161    6.56768    9.38588  286.50287   14.83833 6.4333e-02     0.5008     1.4118    70.2623 0.0000e+00
        630 265.675941    0.04370     2.6219    157.312     91.872  48671.439    30.8092     9.4349     91.000     9.4221    23.7730     5.2998     7.5740     80.693    231.194    236.691   -0.00089    6.56790    9.38618  286.51089   14.83870 6.3926e-02     0.4975     1.5801    67.3764 0.0000e+00
        634 265.675952    0.04395     2.6372    158.229     92.878  48678.000    30.8128     9.4311     92.000     9.4208    23.7765     5.3228     7.6068     81.037    232.194    237.714    0.00094    6.56828    9.38674  286.52694   14.83945 6.4175e-02     0.5670     1.7697    64.2513 0.0000e+00
        639 265.675967    0.04432     2.6593    159.559     93.896  48679.581    30.8134     9.4303     93.000     9.4205    23.7771     2.5127     3.5909     38.255    109.611    112.218   -0.22500    6.56838    9.38687  286.53099   14.83964 6.3735e-02     0.4714     1.7943    63.8525 0.0000e+00
