CTD-processing/allCTD/CNV/2012_10-28_t6_s11_cast018_4141.cnv
* Sea-Bird SBE19plus Data File:
* FileName = C:\Documents and Settings\kris.holderied.local\My Documents\2012-10-CookInlet-Ocean-LTM\2012-10-28-EVOSTC-CookInletOcean-Tran6-Douglas\2012-10-28-CookInletOcean-Tran6-cast018.hex
* Software Version 1.54
* Temperature SN =  4141
* Conductivity SN =  4141
* System UpLoad Time = Oct 28 2012 19:45:34
** Cook Inlet EVOSTC Transect 6 Douglas line west to east
** Date:   28 Oct 2012
** Station:  6-11
** Start time (AKDT-24 hr):  1453
** Depth (m):  118
** Comment:Seas picking up-more white caps.
# nquan = 27
# nvalues = 89                          
# units = specified
# name 0 = scan: Scan Count
# name 1 = timeJ: Julian Days
# name 2 = timeH: Time, Elapsed [hours]
# name 3 = timeM: Time, Elapsed [minutes]
# name 4 = timeS: Time, Elapsed [seconds]
# name 5 = prdM: Pressure, Strain Gauge [db]
# name 6 = specc: Specific Conductance [uS/cm]
# name 7 = sal00: Salinity, Practical [PSU]
# name 8 = tv290C: Temperature [ITS-90, deg C]
# name 9 = depSM: Depth [salt water, m], lat = 59.00
# name 10 = potemp090C: Potential Temperature [ITS-90, deg C]
# name 11 = sigma-é00: Density [sigma-theta, kg/m^3]
# name 12 = sbeox0ML/L: Oxygen, SBE 43 [ml/l]
# name 13 = sbeox0Mg/L: Oxygen, SBE 43 [mg/l]
# name 14 = sbeox0PS: Oxygen, SBE 43 [% saturation]
# name 15 = sbox0Mm/Kg: Oxygen, SBE 43 [umol/kg]
# name 16 = sbeox0Mm/L: Oxygen, SBE 43 [umol/l]
# name 17 = sbox0dV/dT: Oxygen, SBE 43 [dov/dt]
# name 18 = oxsolML/L: Oxygen Saturation, Garcia & Gordon [ml/l]
# name 19 = oxsolMg/L: Oxygen Saturation, Garcia & Gordon [mg/l]
# name 20 = oxsolMm/Kg: Oxygen Saturation, Garcia & Gordon [umol/kg]
# name 21 = n2satMg/L: Nitrogen Saturation [mg/l]
# name 22 = par: PAR/Irradiance, Biospherical/Licor
# name 23 = wetStar: Fluorescence, WET Labs WETstar [mg/m^3]
# name 24 = CStarAt0: Beam Attenuation, WET Labs C-Star [1/m]
# name 25 = CStarTr0: Beam Transmission, WET Labs C-Star [%]
# name 26 = flag: flag
# span 0 =         40,        793       
# span 1 = 302.620090, 302.622269       
# span 2 =    0.00270,    0.05500       
# span 3 =     0.1622,     3.3001       
# span 4 =      9.733,    198.006       
# span 5 =      0.987,     89.811       
# span 6 =  49343.714,  51252.204       
# span 7 =    31.1386,    32.2718       
# span 8 =     7.2005,     8.2061       
# span 9 =      1.000,     89.000       
# span 10 =     7.1861,     8.1812      
# span 11 =    24.2190,    25.2445      
# span 12 =     5.1164,     6.8602      
# span 13 =     7.3118,     9.8040      
# span 14 =     74.782,    101.156      
# span 15 =    222.870,    299.098      
# span 16 =    228.496,    306.379      
# span 17 =   -0.02854,    0.01334      
# span 18 =    6.73518,    6.84169      
# span 19 =    9.62524,    9.77747      
# span 20 =  293.67534,  298.02661      
# span 21 =   15.17952,   15.38274      
# span 22 = 5.5707e-02, 4.5655e+01      
# span 23 =     0.0888,     1.0272      
# span 24 =    -0.6189,     4.5703      
# span 25 =    34.5190,   106.0201      
# span 26 = 0.0000e+00, 0.0000e+00      
# interval = meters: 1                  
# start_time = Oct 28 2012 14:52:46 [Instrument's time stamp, header]
# bad_flag = -9.990e-29
*END*
[from data line 54]
        633 302.621805    0.04387     2.6319    157.916     55.546  51080.884    32.2230     7.5151     55.000     7.5132    25.1626     5.2874     7.5563     77.816    230.341    236.137   -0.00180    6.79479    9.71042  296.00671   15.28654 6.5938e-01     0.4259     0.2216    94.6113 0.0000e+00
        635 302.621810    0.04401     2.6407    158.443     56.522  51088.718    32.2285     7.5185     56.000     7.5135    25.1667     5.2883     7.5575     77.838    230.379    236.177   -0.00128    6.79402    9.70933  295.97225   15.28487 6.0503e-01     0.4208     0.2212    94.6202 0.0000e+00
        641 302.621830    0.04447     2.6684    160.105     57.554  51092.566    32.2307     7.5175     57.000     7.5116    25.1684     5.2862     7.5546     77.807    230.287    236.084   -0.00096    6.79407    9.70941  295.97394   15.28494 5.6187e-01     0.3791     0.2179    94.6982 0.0000e+00
        646 302.621844    0.04482     2.6894    161.362     58.570  51095.218    32.2318     7.5163     58.000     7.5102    25.1695     5.2750     7.5385     77.640    229.798    235.582   -0.00226    6.79419    9.70959  295.97917   15.28518 5.1399e-01     0.3460     0.2203    94.6412 0.0000e+00
        649 302.621851    0.04498     2.6988    161.927     59.546  51097.575    32.2327     7.5150     59.000     7.5067    25.1704     5.2713     7.5333     77.585    229.639    235.419   -0.00260    6.79435    9.70980  295.98561   15.28549 4.7189e-01     0.3934     0.2203    94.6423 0.0000e+00
        657 302.621874    0.04553     2.7318    163.906     60.585  51110.352    32.2403     7.5094     60.000     7.5029    25.1771     5.2665     7.5264     77.507    229.425    235.201   -0.00188    6.79489    9.71058  296.00745   15.28650 4.3564e-01     0.3870     0.2185    94.6836 0.0000e+00
        661 302.621886    0.04582     2.7491    164.948     61.587  51116.564    32.2439     7.5081     61.000     7.5015    25.1802     5.2572     7.5131     77.369    229.020    234.787   -0.00274    6.79493    9.71065  296.00836   15.28653 3.9995e-01     0.4016     0.2205    94.6358 0.0000e+00
        665 302.621898    0.04610     2.7663    165.981     62.582  51118.158    32.2442     7.5059     62.000     7.4984    25.1807     5.2548     7.5096     77.330    228.914    234.678   -0.00242    6.79526    9.71110  296.02224   15.28719 3.6539e-01     0.4055     0.2187    94.6786 0.0000e+00
        673 302.621920    0.04665     2.7986    167.919     63.630  51121.392    32.2451     7.5009     63.000     7.4922    25.1821     5.2519     7.5054     77.279    228.787    234.548   -0.00155    6.79600    9.71217  296.05425   15.28872 3.4648e-01     0.3655     0.2183    94.6897 0.0000e+00
        675 302.621927    0.04680     2.8078    168.466     64.607  51124.770    32.2465     7.4979     64.000     7.4909    25.1837     5.2497     7.5023     77.242    228.691    234.449   -0.00176    6.79642    9.71275  296.07160   15.28954 3.1320e-01     0.3417     0.2213    94.6175 0.0000e+00
        680 302.621942    0.04717     2.8304    169.824     65.621  51125.780    32.2465     7.4965     65.000     7.4890    25.1838     5.2496     7.5022     77.238    228.687    234.446   -0.00133    6.79661    9.71304  296.08038   15.28996 2.9153e-01     0.3805     0.2184    94.6867 0.0000e+00
        687 302.621961    0.04761     2.8566    171.398     66.651  51123.233    32.2435     7.4923     66.000     7.4819    25.1821     5.2400     7.4886     77.089    228.273    234.021   -0.00188    6.79741    9.71417  296.11533   15.29164 2.6502e-01     0.3930     0.2202    94.6440 0.0000e+00
        689 302.621967    0.04776     2.8657    171.939     67.637  51131.127    32.2477     7.4874     67.000     7.4801    25.1861     5.2411     7.4901     77.099    228.318    234.068   -0.00193    6.79796    9.71497  296.13877   15.29274 2.4531e-01     0.3721     0.2217    94.6099 0.0000e+00
        696 302.621987    0.04824     2.8942    173.653     68.651  51132.387    32.2478     7.4851     68.000     7.4771    25.1865     5.2369     7.4840     77.032    228.133    233.879   -0.00179    6.79833    9.71550  296.15449   15.29349 1.9970e-01     0.3735     0.2204    94.6385 0.0000e+00
        702 302.622004    0.04865     2.9193    175.157     69.671  51132.096    32.2465     7.4816     69.000     7.4711    25.1859     5.2274     7.4704     76.885    227.719    233.454   -0.00274    6.79894    9.71635  296.18068   15.29474 2.0819e-01     0.3663     0.2220    94.5999 0.0000e+00
        705 302.622013    0.04886     2.9313    175.875     70.656  51137.242    32.2485     7.4750     70.000     7.4620    25.1884     5.2346     7.4807     76.981    228.032    233.776   -0.00145    6.79987    9.71769  296.22059   15.29664 1.9707e-01     0.3498     0.2214    94.6152 0.0000e+00
        711 302.622032    0.04931     2.9588    177.526     71.684  51153.545    32.2571     7.4617     71.000     7.4546    25.1971     5.2256     7.4680     76.830    227.642    233.377   -0.00181    6.80155    9.72009  296.29134   15.29999 1.3130e-01     0.3774     0.2195    94.6602 0.0000e+00
        717 302.622050    0.04974     2.9847    179.080     72.710  51154.021    32.2570     7.4615     72.000     7.4543    25.1970     5.2124     7.4491     76.636    227.067    232.788   -0.00288    6.80158    9.72015  296.29313   15.30007 1.7233e-01     0.3308     0.2193    94.6653 0.0000e+00
        720 302.622057    0.04993     2.9957    179.745     73.694  51155.007    32.2570     7.4608     73.000     7.4529    25.1972     5.2149     7.4526     76.670    227.173    232.897   -0.00209    6.80168    9.72029  296.29729   15.30027 1.5724e-01     0.3138     0.2237    94.5598 0.0000e+00
        725 302.622072    0.05030     3.0177    181.059     74.707  51155.725    32.2565     7.4577     74.000     7.4489    25.1972     5.2168     7.4553     76.693    227.256    232.983   -0.00119    6.80220    9.72103  296.31991   15.30135 1.4572e-01     0.3383     0.2213    94.6175 0.0000e+00
        732 302.622093    0.05078     3.0469    182.817     75.740  51160.363    32.2584     7.4523     75.000     7.4436    25.1994     5.2127     7.4494     76.624    227.076    232.797   -0.00136    6.80296    9.72211  296.35228   15.30289 1.3488e-01     0.3640     0.2232    94.5734 0.0000e+00
        735 302.622101    0.05097     3.0581    183.488     76.720  51162.526    32.2590     7.4499     76.000     7.4412    25.2003     5.2150     7.4529     76.655    227.179    232.905   -0.00078    6.80331    9.72261  296.36721   15.30360 1.2544e-01     0.3385     0.2228    94.5818 0.0000e+00
        741 302.622117    0.05137     3.0824    184.946     77.740  51164.248    32.2594     7.4479     77.000     7.4388    25.2008     5.2121     7.4486     76.607    227.049    232.771   -0.00086    6.80360    9.72302  296.37960   15.30419 1.1881e-01     0.3454     0.2234    94.5696 0.0000e+00
        746 302.622134    0.05177     3.1060    186.361     78.765  51163.184    32.2573     7.4425     78.000     7.4303    25.1999     5.1984     7.4290     76.395    226.452    232.158   -0.00250    6.80453    9.72435  296.42056   15.30616 1.1117e-01     0.3358     0.2255    94.5185 0.0000e+00
        749 302.622141    0.05194     3.1164    186.985     79.743  51157.935    32.2518     7.4343     79.000     7.4159    25.1967     5.1974     7.4277     76.366    226.414    232.119   -0.00257    6.80604    9.72652  296.48753   15.30938 1.0342e-01     0.3298     0.2272    94.4789 0.0000e+00
        754 302.622157    0.05232     3.1392    188.352     80.775  51171.497    32.2559     7.4064     80.000     7.3896    25.2038     5.2019     7.4340     76.384    226.605    232.317   -0.00136    6.81020    9.73247  296.66669   15.31791 5.5707e-02     0.3221     0.2283    94.4528 0.0000e+00
        759 302.622171    0.05266     3.1593    189.557     81.790  51184.510    32.2605     7.3836     81.000     7.3674    25.2107     5.1865     7.4122     76.122    225.938    231.634   -0.00313    6.81355    9.73724  296.81029   15.32474 9.2141e-02     0.3174     0.2318    94.3708 0.0000e+00
        762 302.622180    0.05287     3.1718    190.309     82.779  51182.737    32.2560     7.3675     82.000     7.3469    25.2093     5.1842     7.4087     76.056    225.832    231.526   -0.00329    6.81626    9.74112  296.92874   15.33041 8.5283e-02     0.3813     0.2353    94.2859 0.0000e+00
        768 302.622196    0.05325     3.1950    191.699     83.799  51201.864    32.2636     7.3371     83.000     7.3220    25.2194     5.1740     7.3942     75.858    225.387    231.071   -0.00352    6.82068    9.74743  297.11819   15.33942 8.0864e-02     0.3303     0.2365    94.2590 0.0000e+00
        774 302.622214    0.05368     3.2208    193.246     84.822  51209.266    32.2643     7.3140     84.000     7.2984    25.2231     5.1505     7.3604     75.472    224.357    230.017   -0.00531    6.82425    9.75254  297.27293   15.34680 7.6344e-02     0.2989     0.2426    94.1155 0.0000e+00
        777 302.622223    0.05392     3.2351    194.104     85.842  51212.745    32.2643     7.3029     85.000     7.2804    25.2246     5.1413     7.3474     75.320    223.962    229.610   -0.00527    6.82599    9.75502  297.34809   15.35039 7.2193e-02     0.3878     0.2462    94.0310 0.0000e+00
        781 302.622234    0.05416     3.2496    194.978     86.815  51222.089    32.2663     7.2803     86.000     7.2630    25.2293     5.1379     7.3425     75.232    223.811    229.458   -0.00474    6.82945    9.75996  297.49731   15.35750 6.8813e-02     0.3202     0.2462    94.0308 0.0000e+00
        787 302.622250    0.05456     3.2738    196.430     87.860  51230.161    32.2665     7.2517     87.000     7.2337    25.2334     5.1289     7.3297     75.051    223.418    229.056   -0.00420    6.83390    9.76633  297.69031   15.36671 6.5269e-02     0.3242     0.2484    93.9781 0.0000e+00
        790 302.622259    0.05477     3.2863    197.176     88.849  51218.609    32.2550     7.2354     88.000     7.2051    25.2266     5.1253     7.3247     74.966    223.267    228.899   -0.00416    6.83696    9.77070  297.82566   15.37322 6.2102e-02     0.3214     0.2547    93.8296 0.0000e+00
        793 302.622269    0.05500     3.3001    198.006     89.811  51252.204    32.2718     7.2005     89.000     7.1861    25.2445     5.1164     7.3118     74.782    222.870    228.496   -0.00452    6.84169    9.77747  298.02661   15.38274 5.9095e-02     0.2992     0.2613    93.6751 0.0000e+00
