CTD-processing/allCTD/CNV/2012_10-29_t4_s05_cast068_4141.cnv
* Sea-Bird SBE19plus Data File:
* FileName = C:\Documents and Settings\kris.holderied.local\My Documents\2012-CTD-DATA-new-files\2012-10-CookInlet-LTM\2012-10-29-LTM-CookInlet-Tran4-Barabara\2012-10-29-CookInlet-Tran4-Barabara-cast068.hex
* Software Version 1.54
* Temperature SN =  4141
* Conductivity SN =  4141
* System UpLoad Time = Nov 20 2012 18:46:33
** Cook Inlet EVOSTC Transect 4 Barabara north to south
** Date:  29 Oct 2012
** Station:  4-05
** Start time (AKDT-24 hr):  1644
** Depth (m):  86
** Comment:
# nquan = 27
# nvalues = 68                          
# units = specified
# name 0 = scan: Scan Count
# name 1 = timeJ: Julian Days
# name 2 = timeH: Time, Elapsed [hours]
# name 3 = timeM: Time, Elapsed [minutes]
# name 4 = timeS: Time, Elapsed [seconds]
# name 5 = prdM: Pressure, Strain Gauge [db]
# name 6 = specc: Specific Conductance [uS/cm]
# name 7 = sal00: Salinity, Practical [PSU]
# name 8 = tv290C: Temperature [ITS-90, deg C]
# name 9 = depSM: Depth [salt water, m], lat = 59.00
# name 10 = potemp090C: Potential Temperature [ITS-90, deg C]
# name 11 = sigma-é00: Density [sigma-theta, kg/m^3]
# name 12 = sbeox0ML/L: Oxygen, SBE 43 [ml/l]
# name 13 = sbeox0Mg/L: Oxygen, SBE 43 [mg/l]
# name 14 = sbeox0PS: Oxygen, SBE 43 [% saturation]
# name 15 = sbox0Mm/Kg: Oxygen, SBE 43 [umol/kg]
# name 16 = sbeox0Mm/L: Oxygen, SBE 43 [umol/l]
# name 17 = sbox0dV/dT: Oxygen, SBE 43 [dov/dt]
# name 18 = oxsolML/L: Oxygen Saturation, Garcia & Gordon [ml/l]
# name 19 = oxsolMg/L: Oxygen Saturation, Garcia & Gordon [mg/l]
# name 20 = oxsolMm/Kg: Oxygen Saturation, Garcia & Gordon [umol/kg]
# name 21 = n2satMg/L: Nitrogen Saturation [mg/l]
# name 22 = par: PAR/Irradiance, Biospherical/Licor
# name 23 = wetStar: Fluorescence, WET Labs WETstar [mg/m^3]
# name 24 = CStarAt0: Beam Attenuation, WET Labs C-Star [1/m]
# name 25 = CStarTr0: Beam Transmission, WET Labs C-Star [%]
# name 26 = flag: flag
# span 0 =        138,        743       
# span 1 = 303.697167, 303.698919       
# span 2 =    0.00951,    0.05156       
# span 3 =     0.5711,     3.0934       
# span 4 =     34.264,    185.601       
# span 5 =      1.000,     68.638       
# span 6 =  49359.197,  49704.163       
# span 7 =    31.0584,    31.2461       
# span 8 =     7.1895,     7.8237       
# span 9 =      1.000,     68.000       
# span 10 =     7.4776,     7.8177      
# span 11 =    24.2369,    24.4373      
# span 12 =     5.4586,     6.0776      
# span 13 =     7.8010,     8.6856      
# span 14 =     79.852,     88.199      
# span 15 =    238.015,    264.964      
# span 16 =    243.783,    271.429      
# span 17 =   -0.02253,    0.00187      
# span 18 =    6.79083,    6.89113      
# span 19 =    9.70478,    9.84811      
# span 20 =  296.07100,  300.42766      
# span 21 =   15.29363,   15.50141      
# span 22 = 1.4004e-01, 2.0015e+02      
# span 23 =     0.1614,     0.7984      
# span 24 =     0.2696,     5.7344      
# span 25 =    34.7636,    93.4824      
# span 26 = 0.0000e+00, 0.0000e+00      
# interval = meters: 1                  
# start_time = Oct 29 2012 16:43:21 [Instrument's time stamp, header]
# bad_flag = -9.990e-29
*END*
[from data line 54]
        683 303.698744    0.04736     2.8418    170.507     55.517  49572.591    31.2116     7.7691     55.000     7.7653    24.3331     5.8445     8.3524     85.944    254.814    261.015   -0.00005    6.80037    9.71842  296.49024   15.31374 3.8413e-01     0.5595     0.2825    93.1818 0.0000e+00
        690 303.698766    0.04788     2.8726    172.358     56.541  49576.903    31.2150     7.7746     56.000     7.7715    24.3350     5.8375     8.3425     85.854    254.513    260.707   -0.00076    6.79937    9.71699  296.44602   15.31161 3.5442e-01     0.5882     0.2792    93.2589 0.0000e+00
        696 303.698782    0.04825     2.8954    173.722     57.554  49587.312    31.2233     7.7833     57.000     7.7830    24.3403     5.8267     8.3268     85.716    254.035    260.218   -0.00191    6.79765    9.71452  296.36929   15.30792 3.2576e-01     0.5421     0.3000    92.7748 0.0000e+00
        699 303.698792    0.04850     2.9102    174.610     58.560  49584.403    31.2221     7.7912     58.000     7.7888    24.3382     5.8257     8.3255     85.717    253.994    260.176   -0.00125    6.79648    9.71286  296.31912   15.30553 2.9333e-01     0.4986     0.3116    92.5032 0.0000e+00
        702 303.698800    0.04871     2.9228    175.371     59.564  49593.778    31.2289     7.7966     59.000     7.7965    24.3430     5.8281     8.3290     85.766    254.099    260.285   -0.00086    6.79535    9.71123  296.26818   15.30307 2.7499e-01     0.4959     0.3313    92.0525 0.0000e+00
        706 303.698810    0.04894     2.9361    176.165     60.566  49602.325    31.2361     7.8067     60.000     7.8083    24.3472     5.8318     8.3343     85.844    254.259    260.449    0.00013    6.79347    9.70854  296.18495   15.29907 2.5184e-01     0.5033     0.3680    91.2099 0.0000e+00
        711 303.698826    0.04933     2.9598    177.587     61.581  49600.788    31.2368     7.8205     61.000     7.8165    24.3458     5.8115     8.3052     85.573    253.374    259.542   -0.00205    6.79131    9.70546  296.09121   15.29459 2.3390e-01     0.5137     0.4062    90.3439 0.0000e+00
        719 303.698847    0.04983     2.9900    179.398     62.608  49599.491    31.2360     7.8237     62.000     7.8177    24.3447     5.7821     8.2633     85.147    252.095    258.232   -0.00472    6.79083    9.70478  296.07100   15.29363 2.1194e-01     0.4840     0.4189    90.0558 0.0000e+00
        722 303.698857    0.05007     3.0042    180.253     63.593  49598.782    31.2348     7.8227     63.000     7.8161    24.3440     5.7882     8.2718     85.232    252.355    258.498   -0.00295    6.79105    9.70509  296.08068   15.29409 1.9791e-01     0.4954     0.4234    89.9562 0.0000e+00
        728 303.698873    0.05046     3.0277    181.660     64.634  49600.709    31.2357     7.8224     64.000     7.8161    24.3447     5.7895     8.2738     85.252    252.416    258.560   -0.00152    6.79105    9.70509  296.08041   15.29408 1.8286e-01     0.4514     0.4200    90.0321 0.0000e+00
        731 303.698882    0.05067     3.0405    182.430     65.631  49598.860    31.2337     7.8211     65.000     7.8125    24.3434     5.7910     8.2759     85.271    252.482    258.627   -0.00110    6.79135    9.70551  296.09366   15.29472 1.6966e-01     0.4563     0.4291    89.8283 0.0000e+00
        733 303.698890    0.05086     3.0519    183.113     66.614  49602.466    31.2353     7.8178     66.000     7.8100    24.3451     5.7914     8.2765     85.271    252.499    258.646   -0.00090    6.79178    9.70614  296.11205   15.29559 1.5817e-01     0.4609     0.4580    89.1820 0.0000e+00
        739 303.698905    0.05122     3.0730    184.379     67.647  49605.703    31.2367     7.8155     67.000     7.8090    24.3465     5.7941     8.2803     85.306    252.613    258.763   -0.00034    6.79208    9.70656  296.12459   15.29619 1.4816e-01     0.4870     0.4765    88.7706 0.0000e+00
        743 303.698919    0.05156     3.0934    185.601     68.638  49607.968    31.2378     7.8152     68.000     7.8089    24.3474     5.7907     8.2754     85.257    252.465    258.612   -0.00083    6.79207    9.70656  296.12416   15.29615 1.4004e-01     0.4590     0.4698    88.9182 0.0000e+00
