CTD-processing/allCTD/CNV/2012_06-05a_t9_s01a_cast032_4141.cnv
* Sea-Bird SBE19plus Data File:
* FileName = C:\Documents and Settings\kris.holderied.local\My Documents\2012-KBRR-CTD-Kachemak-Bay\2012-KBRR-CTD-cast032.hex
* Software Version 1.54
* Temperature SN =  4141
* Conductivity SN =  4141
* System UpLoad Time = Jul 24 2012 21:54:45
** Kachemak Bay - Homer Spit Line CTD Survey
** Date:  2012-xx-xx   xxxx Tide (x of 2 lines)
** Station: 9-01
** Start time (AKDT-24 hr): 15:43
** Depth (m): 67.1
** Comments:  CTD time set wrong by 1 hour
# nquan = 27
# nvalues = 60                          
# units = specified
# name 0 = scan: Scan Count
# name 1 = timeJ: Julian Days
# name 2 = timeH: Time, Elapsed [hours]
# name 3 = timeM: Time, Elapsed [minutes]
# name 4 = timeS: Time, Elapsed [seconds]
# name 5 = prdM: Pressure, Strain Gauge [db]
# name 6 = specc: Specific Conductance [uS/cm]
# name 7 = sal00: Salinity, Practical [PSU]
# name 8 = tv290C: Temperature [ITS-90, deg C]
# name 9 = depSM: Depth [salt water, m], lat = 59.00
# name 10 = potemp090C: Potential Temperature [ITS-90, deg C]
# name 11 = sigma-é00: Density [sigma-theta, kg/m^3]
# name 12 = sbeox0ML/L: Oxygen, SBE 43 [ml/l]
# name 13 = sbeox0Mg/L: Oxygen, SBE 43 [mg/l]
# name 14 = sbeox0PS: Oxygen, SBE 43 [% saturation]
# name 15 = sbox0Mm/Kg: Oxygen, SBE 43 [umol/kg]
# name 16 = sbeox0Mm/L: Oxygen, SBE 43 [umol/l]
# name 17 = sbox0dV/dT: Oxygen, SBE 43 [dov/dt]
# name 18 = oxsolML/L: Oxygen Saturation, Garcia & Gordon [ml/l]
# name 19 = oxsolMg/L: Oxygen Saturation, Garcia & Gordon [mg/l]
# name 20 = oxsolMm/Kg: Oxygen Saturation, Garcia & Gordon [umol/kg]
# name 21 = n2satMg/L: Nitrogen Saturation [mg/l]
# name 22 = par: PAR/Irradiance, Biospherical/Licor
# name 23 = wetStar: Fluorescence, WET Labs WETstar [mg/m^3]
# name 24 = CStarAt0: Beam Attenuation, WET Labs C-Star [1/m]
# name 25 = CStarTr0: Beam Transmission, WET Labs C-Star [%]
# name 26 = flag: flag
# span 0 =        463,        791       
# span 1 = 157.698083, 157.699033       
# span 2 =    0.03206,    0.05484       
# span 3 =     1.9235,     3.2902       
# span 4 =    115.409,    197.411       
# span 5 =      1.017,     60.552       
# span 6 =  48984.352,  51115.936       
# span 7 =    30.7058,    31.6954       
# span 8 =     4.7173,     7.3313       
# span 9 =      1.000,     60.000       
# span 10 =     4.7130,     7.1658      
# span 11 =    24.0331,    25.0866      
# span 12 =     7.0169,     8.0169      
# span 13 =    10.0279,    11.4570      
# span 14 =     96.432,    115.434      
# span 15 =    305.710,    349.608      
# span 16 =    313.376,    358.038      
# span 17 =   -0.04093,    0.02797      
# span 18 =    6.88921,    7.28071      
# span 19 =    9.84536,   10.40486      
# span 20 =  300.44876,  317.19955      
# span 21 =   15.50443,   16.29869      
# span 22 = 5.0374e-02, 6.2559e+02      
# span 23 =     0.3780,     5.3684      
# span 24 =     0.5741,     5.6680      
# span 25 =    36.3969,    86.6306      
# span 26 = 0.0000e+00, 0.0000e+00      
# interval = meters: 1                  
# start_time = Jun 05 2012 16:43:19 [Instrument's time stamp, header]
# bad_flag = -9.990e-29
*END*
        463 157.698083    0.03206     1.9235    115.409      1.017  48998.871    30.7652     7.3313      1.000     7.1658    24.0407     7.1090    10.1594    103.152    310.033    317.486    0.00701    6.88921    9.84536  300.44876   15.50443 6.2559e+02     0.6542     5.6680    36.3969 0.0000e+00
        643 157.698606    0.04459     2.6752    160.512      2.034  48984.352    30.7058     7.0368      2.000     6.8776    24.0331     8.0098    11.4467    115.434    349.320    357.715    0.02797    6.93858    9.91592  302.60441   15.60749 5.6262e+02     1.5517     1.1412    76.7104 0.0000e+00
        651 157.698629    0.04517     2.7101    162.608      3.025  49137.767    30.7713     6.8026      3.000     6.3621    24.1147     8.0169    11.4570    114.967    349.608    358.038    0.01629    6.97335    9.96561  304.09635   15.67836 3.2771e+02     1.3762     0.9916    78.0457 0.0000e+00
        654 157.698637    0.04536     2.7214    163.282      4.035  49918.004    31.2119     6.2527      4.000     6.0628    24.5302     7.9239    11.3240    112.511    345.407    353.879   -0.00800    7.04274   10.06478  306.99821   15.81486 3.0744e+02     1.3838     0.8533    80.7882 0.0000e+00
        657 157.698646    0.04555     2.7327    163.964      5.056  50232.555    31.3887     6.0408      5.000     5.9830    24.6952     7.7945    11.1391    110.255    339.711    348.100   -0.02965    7.06955   10.10309  308.11685   15.86744 2.2924e+02     1.7965     0.7975    81.9297 0.0000e+00
        659 157.698653    0.04570     2.7424    164.545      6.058  50326.303    31.4409     5.9776      6.000     5.9530    24.7440     7.7089    11.0169    108.921    335.969    344.282   -0.03727    7.07761   10.11463  308.45385   15.88329 1.6628e+02     2.0539     0.7770    82.3479 0.0000e+00
        661 157.698658    0.04586     2.7518    165.110      7.067  50366.607    31.4629     5.9505      7.000     5.9382    24.7647     7.6429    10.9225    107.934    333.086    341.334   -0.03963    7.08109   10.11958  308.59891   15.89010 1.2397e+02     2.3918     0.7375    83.1641 0.0000e+00
        664 157.698665    0.04602     2.7610    165.661      8.074  50355.245    31.4521     5.9376      8.000     5.9124    24.7576     7.5890    10.8456    107.133    330.739    338.927   -0.04093    7.08374   10.12337  308.71674   15.89576 9.0195e+01     2.1024     0.7465    82.9742 0.0000e+00
        666 157.698672    0.04617     2.7704    166.223      9.083  50381.618    31.4649     5.9122      9.000     5.8942    24.7708     7.5617    10.8064    106.693    329.543    337.707   -0.03822    7.08740   10.12859  308.87197   15.90310 7.0387e+01     2.7042     0.7480    82.9437 0.0000e+00
        668 157.698679    0.04634     2.7802    166.810     10.095  50399.732    31.4730     5.8918     10.000     5.8830    24.7795     7.5486    10.7877    106.463    328.971    337.122   -0.03325    7.09040   10.13289  309.00051   15.90920 5.6106e+01     2.8526     0.7404    83.1019 0.0000e+00
        671 157.698685    0.04650     2.7901    167.405     11.105  50420.474    31.4849     5.8822     11.000     5.8846    24.7901     7.5390    10.7740    106.312    328.549    336.694   -0.02817    7.09145   10.13439  309.04305   15.91117 4.4415e+01     3.6128     0.7589    82.7194 0.0000e+00
        673 157.698692    0.04667     2.8000    167.997     12.112  50424.590    31.4883     5.8872     12.000     5.8891    24.7922     7.5308    10.7624    106.210    328.191    336.327   -0.02379    7.09045   10.13297  308.99881   15.90906 3.4816e+01     4.7708     0.7465    82.9755 0.0000e+00
        675 157.698699    0.04684     2.8100    168.599     13.120  50376.653    31.4551     5.8895     13.000     5.8562    24.7657     7.5358    10.7694    106.264    328.417    336.550   -0.01936    7.09161   10.13462  309.05743   15.91198 2.6775e+01     5.1027     0.7344    83.2265 0.0000e+00
        678 157.698706    0.04700     2.8205    169.231     14.130  50384.698    31.4519     5.8472     14.000     5.8163    24.7682     7.5504    10.7903    106.361    329.051    337.201   -0.01428    7.09885   10.14498  309.37249   15.92700 2.0269e+01     4.6060     0.7534    82.8333 0.0000e+00
        681 157.698714    0.04719     2.8315    169.893     15.142  50445.192    31.4859     5.8105     15.000     5.7950    24.7993     7.5574    10.8003    106.391    329.344    337.512   -0.01061    7.10340   10.15147  309.56090   15.93583 1.5123e+01     4.4784     0.7646    82.5995 0.0000e+00
        683 157.698722    0.04737     2.8425    170.552     16.153  50495.746    31.5166     5.7917     16.000     5.7789    24.8258     7.5372    10.7714    106.082    328.459    336.613   -0.01071    7.10511   10.15391  309.62730   15.93888 1.1509e+01     5.2988     0.7444    83.0194 0.0000e+00
        686 157.698729    0.04756     2.8534    171.201     17.164  50523.479    31.5327     5.7791     17.000     5.7746    24.8401     7.5107    10.7335    105.688    327.297    335.427   -0.01225    7.10644   10.15581  309.68109   15.94137 9.0457e+00     4.7652     0.7034    83.8741 0.0000e+00
        688 157.698737    0.04773     2.8639    171.834     18.170  50534.833    31.5394     5.7755     18.000     5.7752    24.8457     7.4890    10.7025    105.378    326.348    334.456   -0.01306    7.10674   10.15624  309.69235   15.94188 7.1513e+00     5.3684     0.7017    83.9109 0.0000e+00
        691 157.698744    0.04791     2.8743    172.460     19.182  50557.962    31.5553     5.7777     19.000     5.7803    24.8581     7.4756    10.6835    105.207    325.764    333.862   -0.01217    7.10562   10.15464  309.63997   15.93932 5.6712e+00     4.4936     0.6803    84.3625 0.0000e+00
        693 157.698751    0.04808     2.8845    173.070     20.187  50560.904    31.5579     5.7828     20.000     5.7843    24.8595     7.4674    10.6716    105.105    325.403    333.492   -0.01090    7.10466   10.15325  309.59715   15.93727 4.5007e+00     4.1329     0.6638    84.7088 0.0000e+00
        696 157.698758    0.04825     2.8949    173.694     21.200  50552.267    31.5521     5.7860     21.000     5.7841    24.8545     7.4611    10.6627    105.022    325.135    333.216   -0.00959    7.10439   10.15287  309.58707   15.93682 3.5741e+00     3.9075     0.6554    84.8867 0.0000e+00
        698 157.698765    0.04842     2.9051    174.307     22.210  50553.506    31.5524     5.7855     22.000     5.7838    24.8548     7.4598    10.6608    105.002    325.074    333.154   -0.00813    7.10445   10.15297  309.59004   15.93695 2.8429e+00     4.3391     0.6486    85.0328 0.0000e+00
        701 157.698772    0.04859     2.9153    174.916     23.219  50557.693    31.5547     5.7856     23.000     5.7839    24.8568     7.4626    10.6648    105.043    325.198    333.280   -0.00640    7.10432   10.15278  309.58381   15.93665 2.2303e+00     3.8118     0.6533    84.9315 0.0000e+00
        703 157.698779    0.04876     2.9254    175.526     24.227  50556.478    31.5534     5.7853     24.000     5.7824    24.8557     7.4710    10.6769    105.160    325.566    333.657   -0.00412    7.10444   10.15295  309.58921   15.93691 1.7715e+00     3.7515     0.6488    85.0270 0.0000e+00
        706 157.698787    0.04893     2.9358    176.149     25.238  50567.363    31.5601     5.7843     25.000     5.7781    24.8612     7.4760    10.6839    105.231    325.777    333.876   -0.00260    7.10429   10.15274  309.58088   15.93649 1.3943e+00     3.1571     0.6458    85.0897 0.0000e+00
        708 157.698794    0.04911     2.9461    176.769     26.249  50537.218    31.5363     5.7709     26.000     5.7281    24.8439     7.4728    10.6794    105.138    325.647    333.738   -0.00271    7.10764   10.15754  309.73238   15.94380 1.1448e+00     3.4284     0.6298    85.4315 0.0000e+00
        710 157.698800    0.04927     2.9562    177.372     27.256  50586.602    31.5598     5.7209     27.000     5.6921    24.8683     7.4641    10.6670    104.907    325.258    333.346   -0.00414    7.11494   10.16796  310.04297   15.95850 9.3586e-01     3.9721     0.5956    86.1672 0.0000e+00
        713 157.698808    0.04944     2.9663    177.978     28.265  50611.480    31.5703     5.6899     28.000     5.6679    24.8802     7.4439    10.6381    104.555    324.375    332.446   -0.00658    7.11967   10.17471  310.24528   15.96809 7.5828e-01     3.4744     0.5762    86.5843 0.0000e+00
        715 157.698815    0.04961     2.9765    178.592     29.275  50626.195    31.5752     5.6660     29.000     5.6481    24.8869     7.4196    10.6034    104.158    323.315    331.362   -0.00901    7.12346   10.18013  310.40852   15.97585 6.1639e-01     3.4728     0.5830    86.4369 0.0000e+00
        718 157.698822    0.04978     2.9868    179.207     30.285  50647.503    31.5858     5.6482     30.000     5.6392    24.8973     7.3940    10.5668    103.762    322.196    330.217   -0.01101    7.12596   10.18371  310.51441   15.98085 5.0709e-01     2.8173     0.5807    86.4865 0.0000e+00
        720 157.698829    0.04995     2.9970    179.823     31.295  50659.666    31.5922     5.6409     31.000     5.6365    24.9032     7.3704    10.5329    103.415    321.160    329.158   -0.01222    7.12688   10.18502  310.55244   15.98263 4.1936e-01     2.8444     0.5832    86.4325 0.0000e+00
        723 157.698836    0.05012     3.0073    180.441     32.305  50659.821    31.5913     5.6383     32.000     5.6330    24.9029     7.3581    10.5155    103.238    320.630    328.614   -0.01190    7.12736   10.18571  310.57358   15.98364 3.5161e-01     2.6240     0.5813    86.4738 0.0000e+00
        725 157.698843    0.05029     3.0176    181.053     33.314  50661.916    31.5916     5.6349     33.000     5.6297    24.9035     7.3495    10.5033    103.110    320.257    328.233   -0.01078    7.12792   10.18651  310.59804   15.98482 2.9387e-01     2.9395     0.5899    86.2887 0.0000e+00
        728 157.698850    0.05047     3.0278    181.665     34.324  50665.700    31.5931     5.6317     34.000     5.6272    24.9050     7.3396    10.4891    102.964    319.823    327.789   -0.00992    7.12839   10.18718  310.61812   15.98577 2.4523e-01     2.7064     0.5842    86.4104 0.0000e+00
        730 157.698857    0.05063     3.0380    182.280     35.334  50668.126    31.5938     5.6297     35.000     5.6258    24.9058     7.3351    10.4827    102.895    319.627    327.587   -0.00903    7.12871   10.18763  310.63142   15.98640 2.0430e-01     2.7002     0.5775    86.5572 0.0000e+00
        733 157.698865    0.05080     3.0482    182.892     36.343  50663.195    31.5897     5.6284     36.000     5.6194    24.9028     7.3363    10.4844    102.907    319.679    327.640   -0.00737    7.12911   10.18821  310.64988   15.98729 1.7532e-01     2.7607     0.5741    86.6306 0.0000e+00
        735 157.698872    0.05097     3.0583    183.500     37.352  50663.676    31.5879     5.6206     37.000     5.6106    24.9023     7.3416    10.4919    102.961    319.911    327.877   -0.00546    7.13051   10.19021  310.71113   15.99021 1.5098e-01     2.4844     0.5776    86.5549 0.0000e+00
        737 157.698878    0.05114     3.0685    184.109     38.362  50631.607    31.5636     5.6120     38.000     5.5561    24.8840     7.3443    10.4957    102.961    320.034    327.998   -0.00442    7.13311   10.19392  310.82990   15.99597 1.3276e-01     2.3707     0.5930    86.2232 0.0000e+00
        740 157.698886    0.05131     3.0786    184.718     39.372  50371.951    31.3653     5.5187     39.000     5.2505    24.7378     7.3506    10.5048    102.686    320.354    328.279   -0.00535    7.15838   10.23005  311.97582   16.05136 1.1798e-01     2.4225     0.6122    85.8099 0.0000e+00
        742 157.698893    0.05148     3.0888    185.327     40.382  50471.553    31.3611     5.1711     40.000     4.9156    24.7731     7.3259    10.4694    101.496    319.266    327.175   -0.01271    7.21808   10.31536  314.56667   16.17473 1.0549e-01     2.5403     0.7278    83.3716 0.0000e+00
        745 157.698900    0.05165     3.0990    185.939     41.392  50931.973    31.6102     4.8601     41.000     4.7997    25.0040     7.2471    10.3569     99.825    315.763    323.658   -0.02553    7.25986   10.37506  316.31596   16.25697 9.4923e-02     3.0914     0.8549    80.7528 0.0000e+00
        747 157.698907    0.05182     3.1091    186.545     42.400  51027.605    31.6618     4.7997     42.000     4.7819    25.0514     7.1550    10.2253     98.447    311.735    319.543   -0.03465    7.26787   10.38653  316.65083   16.27270 8.6873e-02     2.1557     0.9099    79.6554 0.0000e+00
        750 157.698914    0.05198     3.1193    187.155     43.410  51042.952    31.6681     4.7829     43.000     4.7641    25.0582     7.0892    10.1312     97.507    308.864    316.604   -0.03669    7.27050   10.39027  316.76312   16.27801 8.0545e-02     1.1801     0.9255    79.3453 0.0000e+00
        752 157.698921    0.05215     3.1294    187.766     44.420  51051.187    31.6689     4.7631     44.000     4.7436    25.0608     7.0444    10.0672     96.845    306.914    314.605   -0.03582    7.27392   10.39516  316.91117   16.28507 7.6325e-02     0.9493     0.9161    79.5308 0.0000e+00
        755 157.698928    0.05233     3.1396    188.377     45.429  51083.392    31.6862     4.7437     45.000     4.7401    25.0766     7.0173    10.0284     96.438    305.727    313.393   -0.03339    7.27648   10.39881  317.01768   16.29006 7.3294e-02     0.6548     0.9115    79.6233 0.0000e+00
        757 157.698935    0.05250     3.1498    188.990     46.439  51083.290    31.6856     4.7437     46.000     4.7376    25.0761     7.0169    10.0279     96.432    305.710    313.376   -0.02753    7.27652   10.39888  317.01990   16.29017 7.0757e-02     0.6945     0.9272    79.3098 0.0000e+00
        759 157.698942    0.05267     3.1601    189.604     47.450  51073.254    31.6773     4.7394     47.000     4.7266    25.0699     7.0261    10.0411     96.544    306.113    313.787   -0.02123    7.27766   10.40050  317.07131   16.29265 6.8262e-02     0.7778     0.9215    79.4244 0.0000e+00
        762 157.698950    0.05284     3.1703    190.216     48.459  51087.998    31.6845     4.7288     48.000     4.7204    25.0768     7.0327    10.0505     96.614    306.399    314.082   -0.01640    7.27916   10.40266  317.13493   16.29565 6.6795e-02     0.6200     0.9048    79.7546 0.0000e+00
        764 157.698956    0.05301     3.1804    190.826     49.469  51094.989    31.6875     4.7229     49.000     4.7162    25.0798     7.0310    10.0480     96.579    306.322    314.004   -0.01357    7.28004   10.40392  317.17254   16.29743 6.5561e-02     0.7871     0.9047    79.7577 0.0000e+00
        767 157.698963    0.05317     3.1906    191.437     50.478  51100.279    31.6898     4.7189     50.000     4.7138    25.0820     7.0447    10.0674     96.758    306.913    314.613   -0.00999    7.28065   10.40478  317.19788   16.29862 7.1124e-02     0.3795     0.9305    79.2444 0.0000e+00
        769 157.698971    0.05334     3.2008    192.049     51.487  51107.013    31.6936     4.7175     51.000     4.7144    25.0851     7.0418    10.0635     96.718    306.792    314.487   -0.00788    7.28071   10.40486  317.19955   16.29869 1.9848e-01     0.4599     0.9246    79.3615 0.0000e+00
        772 157.698978    0.05351     3.2110    192.660     52.497  51110.255    31.6954     4.7181     52.000     4.7161    25.0866     7.0451    10.0681     96.767    306.932    314.632   -0.00594    7.28050   10.40456  317.18985   16.29821 1.3702e-01     0.5202     0.9587    78.6904 0.0000e+00
        774 157.698984    0.05369     3.2212    193.270     53.509  51109.867    31.6951     4.7202     53.000     4.7171    25.0862     7.0448    10.0677     96.766    306.920    314.620   -0.00527    7.28017   10.40409  317.17547   16.29754 1.0310e-01     0.3780     1.0739    76.4544 0.0000e+00
