CTD-processing/allCTD/CNV/2012_09-21_t9_s08_repeat4_cast176_4141.cnv
* Sea-Bird SBE19plus Data File:
* FileName = C:\Documents and Settings\kris.holderied.local\My Documents\2012-CTD-DATA-new-files\2012-09-21-CTD-HomerSpit-tide-time-series-KBRRctd\2012-09-21-CTD-HomerSpit-tide-repeat4\2012-09-21-HomerSpit-tide-repeat4-cast176.hex
* Software Version 1.54
* Temperature SN =  4141
* Conductivity SN =  4141
* System UpLoad Time = Oct 11 2012 19:20:17
** Kachemak Bay Homer Spit Line - Tidal repeat4
** Date:  2012-09-21
** Station: 9-08
** Start time (AKDT-24 hr): 1456
** Depth (ft): 315
** Comment:
# nquan = 27
# nvalues = 92                          
# units = specified
# name 0 = scan: Scan Count
# name 1 = timeJ: Julian Days
# name 2 = timeH: Time, Elapsed [hours]
# name 3 = timeM: Time, Elapsed [minutes]
# name 4 = timeS: Time, Elapsed [seconds]
# name 5 = prdM: Pressure, Strain Gauge [db]
# name 6 = specc: Specific Conductance [uS/cm]
# name 7 = sal00: Salinity, Practical [PSU]
# name 8 = tv290C: Temperature [ITS-90, deg C]
# name 9 = depSM: Depth [salt water, m], lat = 59.00
# name 10 = potemp090C: Potential Temperature [ITS-90, deg C]
# name 11 = sigma-é00: Density [sigma-theta, kg/m^3]
# name 12 = sbeox0ML/L: Oxygen, SBE 43 [ml/l]
# name 13 = sbeox0Mg/L: Oxygen, SBE 43 [mg/l]
# name 14 = sbeox0PS: Oxygen, SBE 43 [% saturation]
# name 15 = sbox0Mm/Kg: Oxygen, SBE 43 [umol/kg]
# name 16 = sbeox0Mm/L: Oxygen, SBE 43 [umol/l]
# name 17 = sbox0dV/dT: Oxygen, SBE 43 [dov/dt]
# name 18 = oxsolML/L: Oxygen Saturation, Garcia & Gordon [ml/l]
# name 19 = oxsolMg/L: Oxygen Saturation, Garcia & Gordon [mg/l]
# name 20 = oxsolMm/Kg: Oxygen Saturation, Garcia & Gordon [umol/kg]
# name 21 = n2satMg/L: Nitrogen Saturation [mg/l]
# name 22 = par: PAR/Irradiance, Biospherical/Licor
# name 23 = wetStar: Fluorescence, WET Labs WETstar [mg/m^3]
# name 24 = CStarAt0: Beam Attenuation, WET Labs C-Star [1/m]
# name 25 = CStarTr0: Beam Transmission, WET Labs C-Star [%]
# name 26 = flag: flag
# span 0 =        208,        702       
# span 1 = 265.622565, 265.623995       
# span 2 =    0.01434,    0.04867       
# span 3 =     0.8604,     2.9200       
# span 4 =     51.626,    175.202       
# span 5 =      1.007,     92.883       
# span 6 =  39656.601,  48630.677       
# span 7 =    24.5841,    30.7820       
# span 8 =     9.2205,     9.7526       
# span 9 =      1.000,     92.000       
# span 10 =     9.2378,     9.7495      
# span 11 =    18.9455,    23.7497      
# span 12 =     5.3017,     6.3130      
# span 13 =     7.5767,     9.0219      
# span 14 =     80.732,     93.350      
# span 15 =    231.282,    276.428      
# span 16 =    236.775,    281.939      
# span 17 =   -0.02048,    0.01288      
# span 18 =    6.55342,    6.86964      
# span 19 =    9.36549,    9.81741      
# span 20 =  285.98325,  301.09592      
# span 21 =   14.81520,   15.56136      
# span 22 = 6.6043e-02, 5.0041e+01      
# span 23 =     0.4724,     2.8609      
# span 24 =     0.6406,     3.9903      
# span 25 =    37.4669,    85.2010      
# span 26 = 0.0000e+00, 0.0000e+00      
# interval = meters: 1                  
# start_time = Sep 21 2012 14:55:38 [Instrument's time stamp, header]
# bad_flag = -9.990e-29
*END*
        208 265.622565    0.01434     0.8604     51.626      1.007  39656.601    24.5841     9.2205      1.000     9.2378    18.9455     5.9274     8.4708     86.334    259.779    264.715   -0.00080    6.86964    9.81741  301.09592   15.56136 5.0041e+01     0.8276     3.9903    37.4669 0.0000e+00
        378 265.623058    0.02615     1.5690     94.141      2.021  41555.211    25.8990     9.4010      2.000     9.4307    19.9452     6.3130     9.0219     93.050    276.428    281.939    0.00131    6.78385    9.69480  297.04179   15.36223 2.2448e+01     1.4935     2.7395    50.2313 0.0000e+00
        371 265.623039    0.02571     1.5428     92.567      3.028  41738.311    26.0291     9.4377      3.000     9.4450    20.0413     6.1882     8.8436     91.370    270.935    276.365   -0.00976    6.77269    9.67885  296.52541   15.33702 1.2176e+01     1.7124     2.5253    53.1873 0.0000e+00
        376 265.623053    0.02606     1.5635     93.809      4.039  43298.832    27.1102     9.4932      4.000     9.5535    20.8761     6.1042     8.7235     90.872    267.039    272.614   -0.01246    6.71742    9.59986  293.86529   15.20541 6.9222e+00     1.8184     2.0428    60.0363 0.0000e+00
        381 265.623067    0.02640     1.5838     95.030      5.048  44291.819    27.8126     9.6311      5.000     9.6564    21.4031     6.1730     8.8219     92.596    269.910    275.687    0.00766    6.66664    9.52730  291.49355   15.08917 4.3796e+00     1.8555     1.5825    67.3489 0.0000e+00
        386 265.623081    0.02673     1.6033     96.199      6.055  44410.904    27.8991     9.6684      6.000     9.6759    21.4650     6.2147     8.8814     93.350    271.716    277.549    0.01288    6.65742    9.51412  291.07261   15.06869 3.0713e+00     2.0295     1.3980    70.5108 0.0000e+00
        390 265.623094    0.02703     1.6222     97.330      7.067  44765.671    28.1481     9.6940      7.000     9.7074    21.6551     6.1977     8.8572     93.297    270.924    276.791    0.00730    6.64301    9.49353  290.38848   15.03497 2.1562e+00     2.2233     1.1405    75.2147 0.0000e+00
        395 265.623108    0.02735     1.6412     98.473      8.080  44881.294    28.2308     9.7184      8.000     9.7212    21.7159     6.1902     8.8464     93.284    270.579    276.455    0.00430    6.63590    9.48336  290.06026   15.01893 1.5314e+00     2.4095     1.0517    76.8769 0.0000e+00
        399 265.623120    0.02765     1.6592     99.550      9.081  45274.043    28.5049     9.7298      9.000     9.7374    21.9279     6.1752     8.8250     93.245    269.867    275.785    0.00226    6.62256    9.46430  289.41731   14.98707 1.1493e+00     2.5514     1.0624    76.6767 0.0000e+00
        404 265.623134    0.02798     1.6786    100.719     10.099  45970.844    28.9922     9.7482     10.000     9.7495    22.3050     6.1373     8.7708     93.001    268.112    274.092   -0.00072    6.59918    9.43089  288.28914   14.93113 8.5877e-01     2.5063     0.9622    78.6182 0.0000e+00
        408 265.623146    0.02828     1.6970    101.818     11.102  46245.203    29.1839     9.7526     11.000     9.7480    22.4538     6.0886     8.7012     92.385    265.946    271.917   -0.00594    6.59043    9.41838  287.86496   14.91006 6.6046e-01     2.8609     0.8874    80.1035 0.0000e+00
        413 265.623159    0.02859     1.7154    102.926     12.118  46508.879    29.3655     9.7347     12.000     9.7212    22.5982     6.0122     8.5921     91.298    262.573    268.507   -0.01388    6.58534    9.41111  287.60199   14.89675 5.1103e-01     2.5555     0.9098    79.6592 0.0000e+00
        416 265.623169    0.02885     1.7307    103.843     13.119  46645.400    29.4581     9.7150     13.000     9.7046    22.6736     5.9548     8.5100     90.439    260.045    265.942   -0.01814    6.58430    9.40962  287.53526   14.89317 3.9758e-01     2.6697     0.9706    78.4560 0.0000e+00
        421 265.623182    0.02915     1.7487    104.924     14.139  46724.926    29.5114     9.6991     14.000     9.6952    22.7176     5.8940     8.4232     89.515    257.380    263.227   -0.02048    6.58436    9.40971  287.52562   14.89250 3.0869e-01     2.2901     0.9822    78.2277 0.0000e+00
        424 265.623193    0.02940     1.7641    105.848     15.140  46760.645    29.5355     9.6953     15.000     9.6919    22.7370     5.8565     8.3695     88.951    255.734    261.550   -0.02001    6.58389    9.40904  287.49972   14.89116 2.3794e-01     2.0419     1.0308    77.2834 0.0000e+00
        428 265.623204    0.02967     1.7803    106.820     16.152  46847.532    29.5954     9.6918     16.000     9.6880    22.7843     5.8440     8.3516     88.789    255.178    260.993   -0.01549    6.58186    9.40614  287.39790   14.88605 1.8910e-01     1.9926     1.0310    77.2792 0.0000e+00
        432 265.623216    0.02994     1.7966    107.797     17.166  46945.538    29.6632     9.6885     17.000     9.6876    22.8377     5.8293     8.3306     88.597    254.522    260.335   -0.01160    6.57949    9.40274  287.27896   14.88008 1.5377e-01     2.0676     1.0282    77.3338 0.0000e+00
        436 265.623225    0.03019     1.8112    108.671     18.167  47037.972    29.7274     9.6888     18.000     9.6846    22.8878     5.8077     8.2998     88.307    253.569    259.373   -0.01123    6.57673    9.39880  287.14454   14.87339 1.2646e-01     1.8423     1.0434    77.0399 0.0000e+00
        439 265.623236    0.03045     1.8269    109.617     19.184  47115.464    29.7808     9.6848     19.000     9.6811    22.9301     5.7770     8.2559     87.862    252.218    258.001   -0.01170    6.57504    9.39639  287.05916   14.86909 1.1153e-01     1.6843     1.0016    77.8503 0.0000e+00
        443 265.623247    0.03069     1.8415    110.493     20.184  47192.591    29.8340     9.6817     20.000     9.6773    22.9721     5.7616     8.2338     87.651    251.532    257.311   -0.01094    6.57326    9.39384  286.96932   14.86458 9.7068e-02     1.8038     1.0440    77.0289 0.0000e+00
        447 265.623258    0.03097     1.8583    111.496     21.202  47277.989    29.8928     9.6774     21.000     9.6726    23.0186     5.7571     8.2274     87.608    251.325    257.110   -0.00780    6.57140    9.39119  286.87527   14.85985 8.9426e-02     1.5384     0.9527    78.8057 0.0000e+00
        451 265.623269    0.03123     1.8736    112.414     22.206  47390.867    29.9708     9.6723     22.000     9.6665    23.0803     5.7607     8.2325     87.696    251.466    257.269   -0.00466    6.56884    9.38754  286.74651   14.85336 8.2824e-02     1.5666     0.9743    78.3827 0.0000e+00
        455 265.623279    0.03150     1.8896    113.375     23.220  47521.530    30.0611     9.6661     23.000     9.6613    23.1518     5.7465     8.2123     87.519    250.829    256.636   -0.00429    6.56593    9.38337  286.59900   14.84595 7.9586e-02     1.5933     0.9480    78.9011 0.0000e+00
        458 265.623291    0.03176     1.9052    114.314     24.228  47580.729    30.1018     9.6625     24.000     9.6594    23.1840     5.7177     8.1711     87.097    249.565    255.352   -0.00712    6.56474    9.38166  286.53791   14.84286 7.4955e-02     1.4897     0.9051    79.7489 0.0000e+00
        462 265.623302    0.03201     1.9205    115.233     25.236  47610.772    30.1224     9.6618     25.000     9.6591    23.2002     5.6983     8.1434     86.811    248.714    254.484   -0.00815    6.56396    9.38055  286.49963   14.84094 7.2823e-02     1.4970     0.9275    79.3058 0.0000e+00
        466 265.623312    0.03226     1.9358    116.150     26.248  47670.605    30.1638     9.6617     26.000     9.6579    23.2327     5.6969     8.1414     86.813    248.647    254.423   -0.00581    6.56224    9.37809  286.41539   14.83675 7.1760e-02     1.2688     0.9257    79.3410 0.0000e+00
        469 265.623322    0.03251     1.9506    117.036     27.253  47780.064    30.2397     9.6584     27.000     9.6529    23.2924     5.6905     8.1323     86.752    248.354    254.139   -0.00468    6.55953    9.37422  286.28017   14.82998 7.0846e-02     1.2664     0.8962    79.9293 0.0000e+00
        473 265.623333    0.03279     1.9671    118.026     28.270  47808.636    30.2589     9.6542     28.000     9.6506    23.3080     5.6810     8.1187     86.609    247.935    253.714   -0.00433    6.55931    9.37392  286.26676   14.82926 6.9714e-02     1.3259     0.8384    81.0914 0.0000e+00
        477 265.623344    0.03303     1.9818    118.907     29.275  47824.167    30.2692     9.6532     29.000     9.6495    23.3163     5.6667     8.0982     86.395    247.307    253.073   -0.00528    6.55902    9.37351  286.25178   14.82849 7.0042e-02     1.1410     0.8535    80.7876 0.0000e+00
        480 265.623354    0.03328     1.9970    119.817     30.284  47834.001    30.2756     9.6524     30.000     9.6490    23.3214     5.6663     8.0977     86.391    247.290    253.056   -0.00416    6.55887    9.37329  286.24373   14.82808 6.8935e-02     1.1291     0.8399    81.0603 0.0000e+00
        484 265.623365    0.03355     2.0132    120.793     31.299  47840.179    30.2795     9.6522     31.000     9.6486    23.3244     5.6695     8.1022     86.441    247.427    253.198   -0.00203    6.55874    9.37309  286.23704   14.82775 6.7937e-02     1.3328     0.7930    82.0158 0.0000e+00
        488 265.623376    0.03379     2.0276    121.656     32.305  47843.730    30.2815     9.6523     32.000     9.6496    23.3261     5.6588     8.0870     86.280    246.961    252.722   -0.00302    6.55864    9.37295  286.23225   14.82751 6.7572e-02     1.2399     0.8389    81.0808 0.0000e+00
        491 265.623386    0.03404     2.0423    122.536     33.309  47843.573    30.2812     9.6538     33.000     9.6508    23.3256     5.6580     8.0859     86.271    246.929    252.689   -0.00258    6.55844    9.37266  286.22350   14.82709 6.7920e-02     1.1467     0.8402    81.0549 0.0000e+00
        495 265.623397    0.03432     2.0587    123.521     34.329  47844.883    30.2818     9.6547     34.000     9.6508    23.3260     5.6631     8.0930     86.349    247.146    252.911   -0.00103    6.55828    9.37244  286.21667   14.82676 6.7442e-02     1.2033     0.8106    81.6570 0.0000e+00
        499 265.623408    0.03456     2.0741    124.444     35.330  47848.333    30.2838     9.6544     35.000     9.6516    23.3276     5.6651     8.0959     86.381    247.234    253.000   -0.00043    6.55823    9.37237  286.21399   14.82664 6.7453e-02     1.0967     0.8094    81.6810 0.0000e+00
        502 265.623418    0.03482     2.0896    125.374     36.345  47914.465    30.3303     9.6585     36.000     9.6570    23.3632     5.6597     8.0882     86.332    246.991    252.761   -0.00070    6.55568    9.36872  286.09262   14.82064 6.6825e-02     1.1308     0.7987    81.8994 0.0000e+00
        506 265.623429    0.03507     2.1041    126.243     37.355  47986.091    30.3803     9.6596     37.000     9.6510    23.4020     5.6548     8.0813     86.288    246.768    252.543   -0.00123    6.55342    9.36549  285.98325   14.81520 6.7123e-02     1.2187     0.7985    81.9046 0.0000e+00
        509 265.623439    0.03531     2.1182    127.090     38.359  48005.675    30.3925     9.6516     38.000     9.6430    23.4129     5.6608     8.0900     86.372    247.032    252.816   -0.00030    6.55406    9.36641  286.00796   14.81634 6.6043e-02     1.1092     0.8118    81.6324 0.0000e+00
        513 265.623449    0.03556     2.1333    127.998     39.375  48020.413    30.4014     9.6440     39.000     9.6375    23.4211     5.6671     8.0988     86.457    247.300    253.092    0.00069    6.55478    9.36743  286.03700   14.81769 6.6171e-02     1.0400     0.8026    81.8209 0.0000e+00
        516 265.623459    0.03579     2.1474    128.842     40.383  48046.475    30.4188     9.6397     40.000     9.6297    23.4353     5.6601     8.0888     86.352    246.991    252.780   -0.00031    6.55468    9.36728  286.02841   14.81721 6.6406e-02     0.9989     0.8075    81.7190 0.0000e+00
        520 265.623468    0.03601     2.1606    129.633     41.389  48073.184    30.4358     9.6295     41.000     9.6155    23.4502     5.6430     8.0645     86.082    246.244    252.018   -0.00285    6.55545    9.36839  286.05803   14.81856 6.6832e-02     0.9082     0.8518    80.8210 0.0000e+00
        523 265.623478    0.03626     2.1756    130.538     42.399  48190.067    30.5147     9.6087     42.000     9.5915    23.5151     5.6249     8.0385     85.809    245.436    251.208   -0.00474    6.55513    9.36793  286.02592   14.81669 6.6492e-02     0.9836     0.7953    81.9739 0.0000e+00
        527 265.623489    0.03652     2.1909    131.457     43.415  48255.291    30.5575     9.5883     43.000     9.5781    23.5517     5.5961     7.9974     85.355    244.172    249.922   -0.00730    6.55626    9.36956  286.06545   14.81841 6.6847e-02     0.9525     0.7354    83.2068 0.0000e+00
        530 265.623499    0.03675     2.2050    132.303     44.414  48299.016    30.5866     9.5794     44.000     9.5696    23.5759     5.5570     7.9414     84.758    242.458    248.174   -0.01111    6.55633    9.36965  286.06135   14.81810 6.6751e-02     0.8241     0.7255    83.4130 0.0000e+00
        534 265.623511    0.03702     2.2215    133.293     45.439  48360.882    30.6283     9.5694     45.000     9.5591    23.6100     5.5205     7.8893     84.205    240.859    246.545   -0.01313    6.55602    9.36920  286.03835   14.81683 6.6916e-02     0.8622     0.6625    84.7364 0.0000e+00
        538 265.623520    0.03726     2.2355    134.130     46.435  48392.182    30.6488     9.5609     46.000     9.5523    23.6273     5.5138     7.8797     84.098    240.561    246.244   -0.01100    6.55638    9.36973  286.04945   14.81728 6.6758e-02     0.8000     0.7049    83.8443 0.0000e+00
        541 265.623531    0.03753     2.2516    135.095     47.453  48409.377    30.6596     9.5544     47.000     9.5468    23.6368     5.5190     7.8873     84.172    240.790    246.481   -0.00673    6.55687    9.37043  286.06830   14.81813 6.6430e-02     0.7013     0.6694    84.5917 0.0000e+00
        545 265.623542    0.03778     2.2665    135.989     48.460  48418.385    30.6649     9.5503     48.000     9.5417    23.6416     5.5115     7.8764     84.050    240.454    246.139   -0.00555    6.55725    9.37096  286.08303   14.81882 6.7285e-02     0.7292     0.6944    84.0653 0.0000e+00
        548 265.623551    0.03801     2.2806    136.837     49.463  48441.089    30.6795     9.5425     49.000     9.5315    23.6542     5.5092     7.8733     84.011    240.357    246.043   -0.00483    6.55776    9.37169  286.10198   14.81966 6.6448e-02     0.7178     0.7025    83.8931 0.0000e+00
        552 265.623563    0.03828     2.2968    137.806     50.481  48463.739    30.6936     9.5329     50.000     9.5252    23.6668     5.4980     7.8572     83.830    239.865    245.542   -0.00453    6.55855    9.37282  286.13288   14.82108 6.6639e-02     0.6643     0.6898    84.1612 0.0000e+00
        556 265.623573    0.03853     2.3120    138.718     51.487  48471.392    30.6982     9.5298     51.000     9.5232    23.6708     5.4742     7.8231     83.463    238.824    244.477   -0.00691    6.55881    9.37319  286.14305   14.82156 6.6257e-02     0.7243     0.7099    83.7379 0.0000e+00
        560 265.623584    0.03879     2.3273    139.639     52.496  48473.483    30.6990     9.5273     52.000     9.5203    23.6718     5.4673     7.8133     83.354    238.522    244.168   -0.00638    6.55913    9.37366  286.15724   14.82223 6.6469e-02     0.6289     0.6725    84.5243 0.0000e+00
        563 265.623595    0.03905     2.3431    140.583     53.509  48478.734    30.7019     9.5251     53.000     9.5188    23.6745     5.4720     7.8200     83.423    238.727    244.379   -0.00372    6.55932    9.37393  286.16456   14.82257 6.6387e-02     0.6603     0.6566    84.8608 0.0000e+00
