CTD-processing/allCTD/CNV/2012_04-26_t9_s04_cast298_5028.cnv
* Sea-Bird SBE19plus Data File:
* FileName = C:\Documents and Settings\glenn.seaman\My Documents\KHolderied-files\CTD-DATA-FILES\2011-KBay-CTD\2012-04-26-HomerSpit-CTD\2012-04-26-HomerSpit-cast298.hex
* Software Version 1.59
* Temperature SN =  5028
* Conductivity SN =  5028
* System UpLoad Time = Apr 29 2012 21:22:14
** Cruise: Homer Spit Transect
** Date: 04-26
** Station: 04
** Start time (AKDT): 18:40
** Depth (m): 95.7
# nquan = 26
# nvalues = 88                          
# units = specified
# name 0 = scan: Scan Count
# name 1 = timeJ: Julian Days
# name 2 = timeH: Time, Elapsed [hours]
# name 3 = timeM: Time, Elapsed [minutes]
# name 4 = timeS: Time, Elapsed [seconds]
# name 5 = prdM: Pressure, Strain Gauge [db]
# name 6 = specc: Specific Conductance [uS/cm]
# name 7 = sal00: Salinity, Practical [PSU]
# name 8 = tv290C: Temperature [ITS-90, deg C]
# name 9 = depSM: Depth [salt water, m], lat = 59.00
# name 10 = potemp090C: Potential Temperature [ITS-90, deg C]
# name 11 = sigma-é00: Density [sigma-theta, kg/m^3]
# name 12 = sbeox0ML/L: Oxygen, SBE 43 [ml/l]
# name 13 = sbeox0Mg/L: Oxygen, SBE 43 [mg/l]
# name 14 = sbeox0PS: Oxygen, SBE 43 [% saturation]
# name 15 = sbox0Mm/Kg: Oxygen, SBE 43 [umol/kg]
# name 16 = sbeox0Mm/L: Oxygen, SBE 43 [umol/l]
# name 17 = sbox0dV/dT: Oxygen, SBE 43 [dov/dt]
# name 18 = oxsolML/L: Oxygen Saturation, Garcia & Gordon [ml/l]
# name 19 = oxsolMg/L: Oxygen Saturation, Garcia & Gordon [mg/l]
# name 20 = oxsolMm/Kg: Oxygen Saturation, Garcia & Gordon [umol/kg]
# name 21 = n2satMg/L: Nitrogen Saturation [mg/l]
# name 22 = par: PAR/Irradiance, Biospherical/Licor [umol photons/m^2/sec]
# name 23 = flECO-AFL: Fluorescence, WET Labs ECO-AFL/FL [mg/m^3]
# name 24 = upoly0: Upoly 0, ECO-FLNTUS
# name 25 = flag: flag
# span 0 =        328,        571       
# span 1 = 118.112925, 118.113629       
# span 2 =    0.02271,    0.03960       
# span 3 =     1.3624,     2.3765       
# span 4 =     81.742,    142.587       
# span 5 =      1.010,     88.849       
# span 6 =  49360.882,  51817.940       
# span 7 =    30.7623,    31.7955       
# span 8 =     3.2147,     5.9058       
# span 9 =      1.000,     88.000       
# span 10 =     3.2088,     5.8433      
# span 11 =    24.2162,    25.3100      
# span 12 =     7.3941,     8.4979      
# span 13 =    10.5756,    12.1027      
# span 14 =     97.964,    119.611      
# span 15 =    322.069,    370.553      
# span 16 =    330.221,    379.518      
# span 17 =   -0.02514,    0.00564      
# span 18 =    7.10470,    7.54786      
# span 19 =   10.17785,   10.78598      
# span 20 =  309.80054,  328.76605      
# span 21 =   15.98553,   16.84736      
# span 22 = 3.9696e-02, 3.3060e+02      
# span 23 =     0.3753,     5.4944      
# span 24 =  0.9360202,  1.6887442      
# span 25 = 0.0000e+00, 0.0000e+00      
# interval = meters: 1                  
# start_time = Apr 27 2012 02:41:15 [Instrument's time stamp, header]
# bad_flag = -9.990e-29
*END*
        328 118.112925    0.02271     1.3624     81.742      1.010  49360.882    30.7623     5.9058      1.000     5.8433    24.2162     8.4979    12.1027    119.611    370.553    379.518    0.00564    7.10470   10.17785  309.80054   15.98553 3.3060e+02     3.3635  1.3772691 0.0000e+00
        333 118.112939    0.02305     1.3826     82.957      2.019  49436.012    30.7657     5.6667      2.000     5.4951    24.2458     8.4461    12.0123    118.220    368.293    377.202    0.00017    7.14509   10.23591  311.56296   16.06942 2.0182e+02     4.0914  1.3967768 0.0000e+00
        336 118.112948    0.02326     1.3959     83.754      3.029  49612.626    30.8268     5.3712      3.000     5.1400    24.3267     8.3258    11.8800    115.642    363.022    371.830   -0.00861    7.20099   10.30420  313.97709   16.16716 1.2992e+02     5.0933  1.4118060 0.0000e+00
        339 118.112957    0.02346     1.4077     84.462      4.038  49882.286    30.9431     5.0419      4.000     4.8329    24.4544     8.2075    11.7491    112.913    357.803    366.547   -0.01695    7.27041   10.37755  316.94933   16.27132 8.7002e+01     5.4944  1.3858202 0.0000e+00
        342 118.112965    0.02365     1.4190     85.139      5.047  50164.549    31.0777     4.7646      5.000     4.6216    24.5906     8.1036    11.6349    110.720    353.206    361.908   -0.02283    7.31976   10.43715  319.03948   16.35527 5.8310e+01     5.4127  1.3281042 0.0000e+00
        344 118.112973    0.02383     1.4301     85.803      6.056  50350.749    31.1658     4.5830      6.000     4.4796    24.6795     8.0718    11.5695    109.943    351.789    360.486   -0.02343    7.34199   10.47643  319.98224   16.41062 3.9892e+01     5.1945  1.2894696 0.0000e+00
        347 118.112980    0.02402     1.4412     86.470      7.066  50472.249    31.2193     4.4496      7.000     4.3569    24.7355     8.0868    11.5334    109.902    352.433    361.156   -0.02078    7.35833   10.50631  320.68621   16.45292 2.7871e+01     5.0430  1.2873031 0.0000e+00
        350 118.112988    0.02421     1.4524     87.143      8.075  50594.560    31.2750     4.3263      8.000     4.2493    24.7921     8.0535    11.4713    109.165    350.965    359.669   -0.02050    7.37757   10.53361  321.50921   16.49147 1.9300e+01     4.9397  1.3016884 0.0000e+00
        352 118.112996    0.02440     1.4637     87.824      9.085  50714.175    31.3336     4.2264      9.000     4.1724    24.8487     7.9519    11.3695    107.573    346.516    355.133   -0.02337    7.39224   10.55490  322.12818   16.52127 1.3635e+01     4.8194  1.3240393 0.0000e+00
        355 118.113003    0.02458     1.4751     88.508     10.095  50805.260    31.3794     4.1571     10.000     4.1153    24.8919     7.8649    11.2747    106.285    342.710    351.244   -0.02514    7.39985   10.56936  322.44717   16.54141 9.8338e+00     4.6319  1.3117701 0.0000e+00
        358 118.113011    0.02477     1.4865     89.188     11.105  50881.619    31.4185     4.1032     11.000     4.0672    24.9282     7.8218    11.2117    105.627    340.822    349.321   -0.02455    7.40517   10.58038  322.66801   16.55668 7.1870e+00     4.3844  1.2877643 0.0000e+00
        360 118.113019    0.02496     1.4978     89.867     12.114  50944.932    31.4501     4.0556     12.000     4.0186    24.9579     7.7956    11.1684    105.199    339.673    348.152   -0.02320    7.41043   10.59039  322.88988   16.57063 5.2427e+00     4.1474  1.2674323 0.0000e+00
        363 118.113027    0.02515     1.5090     90.540     13.123  51003.987    31.4782     4.0062     13.000     3.9671    24.9850     7.7827    11.1438    104.912    339.104    347.577   -0.02158    7.41839   10.60112  323.22904   16.58567 3.9022e+00     3.8882  1.2463402 0.0000e+00
        366 118.113035    0.02534     1.5201     91.206     14.133  51066.194    31.5082     3.9564     14.000     3.9249    25.0137     7.7789    11.1328    104.730    338.926    347.407   -0.01983    7.42765   10.61183  323.62130   16.60065 2.9595e+00     3.6158  1.2188215 0.0000e+00
        368 118.113042    0.02552     1.5312     91.870     15.142  51116.967    31.5328     3.9166     15.000     3.8947    25.0370     7.7821    11.1305    104.681    339.053    347.546   -0.01788    7.43409   10.62038  323.89297   16.61258 2.2395e+00     3.3330  1.1903068 0.0000e+00
        371 118.113050    0.02570     1.5423     92.536     16.152  51148.408    31.5474     3.8899     16.000     3.8745    25.0511     7.7900    11.1342    104.739    339.397    347.902   -0.01575    7.43755   10.62625  324.04048   16.62083 1.7154e+00     3.0299  1.1638088 0.0000e+00
        374 118.113058    0.02589     1.5535     93.209     17.161  51167.651    31.5556     3.8717     17.000     3.8597    25.0593     7.7939    11.1375    104.761    339.564    348.075   -0.01393    7.43968   10.63041  324.13163   16.62670 1.3285e+00     2.8803  1.1578837 0.0000e+00
        377 118.113066    0.02608     1.5648     93.886     18.170  51180.548    31.5604     3.8572     18.000     3.8467    25.0645     7.7906    11.1381    104.691    339.420    347.928   -0.01260    7.44149   10.63382  324.21014   16.63155 1.0253e+00     2.8194  1.1666309 0.0000e+00
        379 118.113074    0.02627     1.5759     94.556     19.180  51190.971    31.5640     3.8450     19.000     3.8354    25.0685     7.7886    11.1412    104.640    339.332    347.838   -0.01143    7.44322   10.63674  324.28498   16.63570 8.0068e-01     2.7755  1.1746879 0.0000e+00
        382 118.113081    0.02645     1.5869     95.215     20.190  51200.213    31.5671     3.8339     20.000     3.8232    25.0720     7.7981    11.1528    104.746    339.749    348.267   -0.00994    7.44482   10.63940  324.35421   16.63949 6.3191e-01     2.6915  1.1668630 0.0000e+00
        384 118.113088    0.02663     1.5979     95.872     21.199  51211.696    31.5714     3.8214     21.000     3.8096    25.0767     7.8152    11.1700    104.941    340.489    349.026   -0.00826    7.44721   10.64233  324.45862   16.64365 4.9689e-01     2.6156  1.1623466 0.0000e+00
        387 118.113096    0.02682     1.6088     96.527     22.209  51233.429    31.5824     3.8078     22.000     3.7973    25.0866     7.8309    11.1878    105.116    341.175    349.731   -0.00682    7.44980   10.64508  324.56834   16.64745 3.9465e-01     2.5533  1.1661399 0.0000e+00
        390 118.113104    0.02699     1.6197     97.181     23.219  51265.788    31.6011     3.7964     23.000     3.7885    25.1026     7.8415    11.2024    105.242    341.629    350.203   -0.00574    7.45098   10.64671  324.61322   16.64949 3.1721e-01     2.5013  1.1669501 0.0000e+00
        392 118.113112    0.02717     1.6306     97.834     24.228  51302.040    31.6233     3.7883     24.000     3.7820    25.1210     7.8516    11.2151    105.383    342.058    350.653   -0.00471    7.45055   10.64724  324.58636   16.64989 2.5557e-01     2.4199  1.1471686 0.0000e+00
        395 118.113119    0.02736     1.6414     98.485     25.238  51330.937    31.6409     3.7820     25.000     3.7762    25.1357     7.8620    11.2251    105.526    342.506    351.117   -0.00377    7.45027   10.64760  324.56907   16.65012 2.0912e-01     2.3258  1.1185193 0.0000e+00
        398 118.113127    0.02754     1.6522     99.134     26.247  51357.271    31.6570     3.7767     26.000     3.7721    25.1490     7.8667    11.2291    105.605    342.700    351.323   -0.00312    7.44912   10.64783  324.51192   16.65019 1.7276e-01     2.2080  1.0878546 0.0000e+00
        400 118.113134    0.02772     1.6630     99.779     27.256  51361.219    31.6579     3.7718     27.000     3.7577    25.1502     7.8653    11.2252    105.608    342.645    351.266   -0.00281    7.44770   10.64905  324.45127   16.65194 1.4506e-01     2.0359  1.0658413 0.0000e+00
        403 118.113141    0.02790     1.6739    100.432     28.267  51351.074    31.6455     3.7516     28.000     3.7232    25.1421     7.8616    11.2132    105.471    342.494    351.101   -0.00293    7.45386   10.65523  324.72965   16.66106 1.2360e-01     1.8956  1.0533083 0.0000e+00
        405 118.113149    0.02809     1.6849    101.094     29.276  51366.404    31.6466     3.7156     29.000     3.6899    25.1463     7.8408    11.1869    105.019    341.586    350.168   -0.00400    7.46616   10.66457  325.26591   16.67454 1.0618e-01     1.7652  1.0598645 0.0000e+00
        408 118.113157    0.02826     1.6961    101.765     30.286  51414.659    31.6719     3.6871     30.000     3.6836    25.1690     7.7913    11.1426    104.250    339.415    347.958   -0.00608    7.47367   10.67018  325.57984   16.68222 9.2717e-02     1.5957  1.0916892 0.0000e+00
        411 118.113165    0.02845     1.7074    102.441     31.295  51453.828    31.6989     3.6904     31.000     3.7070    25.1902     7.7513    11.1055    103.759    337.662    346.171   -0.00718    7.47047   10.66737  325.43061   16.67771 8.2304e-02     1.5468  1.1171179 0.0000e+00
        413 118.113172    0.02864     1.7186    103.118     32.304  51477.929    31.7213     3.7170     32.000     3.7461    25.2056     7.7397    11.0895    103.740    337.152    345.656   -0.00657    7.46071   10.65880  324.99797   16.66497 7.3856e-02     1.5646  1.1143507 0.0000e+00
        416 118.113181    0.02883     1.7299    103.794     33.314  51470.311    31.7259     3.7587     33.000     3.7822    25.2054     7.7531    11.0957    104.093    337.738    346.255   -0.00475    7.44833   10.64756  324.46070   16.64867 6.7298e-02     1.6346  1.0740786 0.0000e+00
        419 118.113189    0.02902     1.7411    104.467     34.324  51450.309    31.7194     3.7898     34.000     3.8022    25.1974     7.7738    11.1117    104.451    338.646    347.177   -0.00307    7.44259   10.63992  324.21757   16.63775 6.2249e-02     1.6974  1.0352416 0.0000e+00
        422 118.113196    0.02921     1.7523    105.139     35.334  51443.467    31.7189     3.8088     35.000     3.8171    25.1952     7.7862    11.1259    104.647    339.185    347.729   -0.00206    7.44038   10.63502  324.12206   16.63068 5.8185e-02     1.7300  1.0072216 0.0000e+00
        424 118.113204    0.02939     1.7635    105.808     36.343  51443.423    31.7218     3.8229     36.000     3.8304    25.1962     7.7903    11.1370    104.736    339.363    347.914   -0.00161    7.43802   10.63114  324.01734   16.62503 5.5052e-02     1.7348  0.9899552 0.0000e+00
        427 118.113212    0.02957     1.7745    106.473     37.352  51439.915    31.7220     3.8354     37.000     3.8396    25.1952     7.8032    11.1526    104.951    339.926    348.491   -0.00083    7.43510   10.62787  323.89013   16.62031 5.2601e-02     1.7177  0.9779641 0.0000e+00
        430 118.113219    0.02976     1.7856    107.136     38.363  51433.066    31.7188     3.8438     38.000     3.8428    25.1919     7.8221    11.1705    105.232    340.751    349.336    0.00015    7.43324   10.62591  323.81059   16.61753 5.0537e-02     1.7075  0.9488732 0.0000e+00
        432 118.113227    0.02994     1.7966    107.796     39.371  51426.154    31.7139     3.8448     39.000     3.8379    25.1879     7.8344    11.1828    105.395    341.285    349.881    0.00068    7.43330   10.62602  323.81551   16.61777 4.8866e-02     1.6841  0.9360202 0.0000e+00
        435 118.113234    0.03013     1.8076    108.458     40.381  51422.433    31.7091     3.8377     40.000     3.8262    25.1848     7.8359    11.1855    105.389    341.356    349.952    0.00056    7.43527   10.62820  323.90237   16.62098 4.7537e-02     1.6433  0.9367496 0.0000e+00
        437 118.113242    0.03031     1.8187    109.122     41.391  51422.352    31.7055     3.8255     41.000     3.8107    25.1831     7.8301    11.1806    105.270    341.104    349.693    0.00009    7.43814   10.63163  324.02788   16.62600 4.6420e-02     1.5957  0.9381859 0.0000e+00
        440 118.113250    0.03050     1.8298    109.790     42.401  51425.906    31.7034     3.8090     42.000     3.7923    25.1829     7.8196    11.1695    105.084    340.646    349.224   -0.00057    7.44131   10.63607  324.16545   16.63245 4.5514e-02     1.5740  0.9506811 0.0000e+00
        443 118.113258    0.03068     1.8410    110.462     43.410  51426.848    31.6987     3.7892     43.000     3.7677    25.1810     7.8080    11.1554    104.875    340.140    348.704   -0.00122    7.44499   10.64157  324.32718   16.64046 4.4783e-02     1.5476  0.9691175 0.0000e+00
        446 118.113266    0.03087     1.8523    111.137     44.420  51429.310    31.6935     3.7633     44.000     3.7377    25.1793     7.7993    11.1411    104.671    339.764    348.317   -0.00180    7.45123   10.64870  324.60178   16.65085 4.4164e-02     1.4882  0.9780523 0.0000e+00
        448 118.113273    0.03106     1.8636    111.814     45.430  51447.082    31.6975     3.7327     45.000     3.7109    25.1853     7.7848    11.1226    104.370    339.133    347.671   -0.00258    7.45890   10.65641  324.93357   16.66191 4.3662e-02     1.4012  0.9835484 0.0000e+00
        451 118.113281    0.03125     1.8749    112.491     46.439  51475.749    31.7107     3.7092     46.000     3.6969    25.1980     7.7640    11.1009    104.027    338.218    346.739   -0.00347    7.46342   10.66157  325.12406   16.66915 4.3267e-02     1.3463  1.0075866 0.0000e+00
        454 118.113289    0.03144     1.8862    113.171     47.449  51501.209    31.7250     3.6989     47.000     3.6944    25.2104     7.7509    11.0844    103.851    337.642    346.156   -0.00375    7.46353   10.66325  325.12213   16.67133 4.2931e-02     1.3217  1.0307231 0.0000e+00
        456 118.113297    0.03163     1.8975    113.851     48.459  51512.871    31.7320     3.6974     48.000     3.6948    25.2161     7.7477    11.0743    103.831    337.499    346.012   -0.00345    7.46186   10.66313  325.04832   16.67105 4.2624e-02     1.2948  1.0156521 0.0000e+00
        459 118.113305    0.03182     1.9089    114.533     49.468  51516.259    31.7339     3.6979     49.000     3.6944    25.2176     7.7468    11.0662    103.830    337.460    345.970   -0.00308    7.46104   10.66285  325.01334   16.67061 4.2359e-02     1.2413  0.9792041 0.0000e+00
        462 118.113313    0.03200     1.9203    115.220     50.478  51518.634    31.7349     3.6973     50.000     3.6932    25.2184     7.7369    11.0530    103.697    337.029    345.529   -0.00315    7.46103   10.66294  325.01267   16.67073 4.2127e-02     1.2100  0.9612464 0.0000e+00
        465 118.113321    0.03220     1.9319    115.916     51.487  51520.161    31.7351     3.6958     51.000     3.6911    25.2187     7.7205    11.0359    103.476    336.318    344.799   -0.00353    7.46120   10.66329  325.02042   16.67124 4.1920e-02     1.2042  0.9578426 0.0000e+00
        467 118.113329    0.03239     1.9436    116.618     52.497  51521.157    31.7347     3.6936     52.000     3.6878    25.2186     7.7063    11.0205    103.280    335.698    344.164   -0.00381    7.46157   10.66393  325.03642   16.67216 4.1785e-02     1.2018  0.9540752 0.0000e+00
        470 118.113337    0.03259     1.9554    117.323     53.507  51522.170    31.7340     3.6900     53.000     3.6831    25.2183     7.7016    11.0117    103.211    335.494    343.955   -0.00368    7.46201   10.66491  325.05584   16.67360 4.1720e-02     1.1947  0.9633683 0.0000e+00
        473 118.113345    0.03279     1.9671    118.029     54.517  51521.519    31.7316     3.6844     54.000     3.6748    25.2169     7.7050    11.0081    103.245    335.642    344.106   -0.00318    7.46282   10.66654  325.09175   16.67599 4.1664e-02     1.1894  0.9733109 0.0000e+00
        476 118.113353    0.03298     1.9789    118.731     55.526  51521.415    31.7286     3.6748     55.000     3.6618    25.2155     7.7013    11.0006    103.167    335.478    343.937   -0.00307    7.46480   10.66927  325.17914   16.67997 4.1540e-02     1.1812  0.9690384 0.0000e+00
