CTD-processing/allCTD/CNV/2012_09-21_t9_s09_repeat3_cast165_4141.cnv
* Sea-Bird SBE19plus Data File:
* FileName = C:\Documents and Settings\kris.holderied.local\My Documents\2012-CTD-DATA-new-files\2012-09-21-CTD-HomerSpit-tide-time-series-KBRRctd\2012-09-21-CTD-HomerSpit-tide-repeat3\2012-09-21-HomerSpit-tide-repeat3-cast165.hex
* Software Version 1.54
* Temperature SN =  4141
* Conductivity SN =  4141
* System UpLoad Time = Oct 11 2012 18:51:32
** Kachemak Bay Homer Spit Line - Tidal repeat3
** Date:  2012-09-21
** Station: 9-09
** Start time (AKDT-24 hr): 1236
** Depth (ft): 270
** Comment:Starting to get short period, westerly swell.
# nquan = 27
# nvalues = 81                          
# units = specified
# name 0 = scan: Scan Count
# name 1 = timeJ: Julian Days
# name 2 = timeH: Time, Elapsed [hours]
# name 3 = timeM: Time, Elapsed [minutes]
# name 4 = timeS: Time, Elapsed [seconds]
# name 5 = prdM: Pressure, Strain Gauge [db]
# name 6 = specc: Specific Conductance [uS/cm]
# name 7 = sal00: Salinity, Practical [PSU]
# name 8 = tv290C: Temperature [ITS-90, deg C]
# name 9 = depSM: Depth [salt water, m], lat = 59.00
# name 10 = potemp090C: Potential Temperature [ITS-90, deg C]
# name 11 = sigma-é00: Density [sigma-theta, kg/m^3]
# name 12 = sbeox0ML/L: Oxygen, SBE 43 [ml/l]
# name 13 = sbeox0Mg/L: Oxygen, SBE 43 [mg/l]
# name 14 = sbeox0PS: Oxygen, SBE 43 [% saturation]
# name 15 = sbox0Mm/Kg: Oxygen, SBE 43 [umol/kg]
# name 16 = sbeox0Mm/L: Oxygen, SBE 43 [umol/l]
# name 17 = sbox0dV/dT: Oxygen, SBE 43 [dov/dt]
# name 18 = oxsolML/L: Oxygen Saturation, Garcia & Gordon [ml/l]
# name 19 = oxsolMg/L: Oxygen Saturation, Garcia & Gordon [mg/l]
# name 20 = oxsolMm/Kg: Oxygen Saturation, Garcia & Gordon [umol/kg]
# name 21 = n2satMg/L: Nitrogen Saturation [mg/l]
# name 22 = par: PAR/Irradiance, Biospherical/Licor
# name 23 = wetStar: Fluorescence, WET Labs WETstar [mg/m^3]
# name 24 = CStarAt0: Beam Attenuation, WET Labs C-Star [1/m]
# name 25 = CStarTr0: Beam Transmission, WET Labs C-Star [%]
# name 26 = flag: flag
# span 0 =        310,        741       
# span 1 = 265.525663, 265.526911       
# span 2 =    0.02147,    0.05142       
# span 3 =     1.2883,     3.0853       
# span 4 =     77.295,    185.116       
# span 5 =      1.012,     81.765       
# span 6 =  39891.743,  48484.883       
# span 7 =    24.7597,    30.6926       
# span 8 =     9.3535,     9.7297       
# span 9 =      1.000,     81.000       
# span 10 =     9.3631,     9.7307      
# span 11 =    19.0635,    23.6698      
# span 12 =     5.3731,     6.1219      
# span 13 =     7.6787,     8.7488      
# span 14 =     81.899,     91.912      
# span 15 =    234.416,    267.653      
# span 16 =    239.963,    273.404      
# span 17 =   -0.01930,    0.02655      
# span 18 =    6.55627,    6.84150      
# span 19 =    9.36956,    9.77719      
# span 20 =  286.08769,  299.82849      
# span 21 =   14.81986,   15.50012      
# span 22 = 6.3950e-02, 1.4335e+02      
# span 23 =     0.5987,     2.3831      
# span 24 =     0.6258,     4.2949      
# span 25 =    39.3202,    85.5171      
# span 26 = 0.0000e+00, 0.0000e+00      
# interval = meters: 1                  
# start_time = Sep 21 2012 12:35:40 [Instrument's time stamp, header]
# bad_flag = -9.990e-29
*END*
[from data line 54]
        645 265.526631    0.04469     2.6818    160.910     55.531  48385.916    30.6385     9.5454     55.000     9.5367    23.6219     5.4162     7.7403     82.575    236.304    241.887   -0.00492    6.55906    9.37356  286.16792   14.82299 6.4113e-02     0.8273     0.7149    83.6327 0.0000e+00
        648 265.526641    0.04494     2.6962    161.771     56.531  48397.123    30.6456     9.5417     56.000     9.5351    23.6279     5.4171     7.7416     82.587    236.343    241.927   -0.00331    6.55930    9.37389  286.17647   14.82337 6.4288e-02     0.7710     0.7223    83.4788 0.0000e+00
        652 265.526652    0.04521     2.7125    162.749     57.548  48409.100    30.6533     9.5400     57.000     9.5299    23.6343     5.4177     7.7424     82.596    236.368    241.954   -0.00229    6.55922    9.37379  286.17157   14.82310 6.4440e-02     0.7819     0.7256    83.4097 0.0000e+00
        656 265.526663    0.04548     2.7283    163.697     58.557  48436.872    30.6711     9.5305     58.000     9.5211    23.6497     5.4128     7.7355     82.514    236.151    241.736   -0.00218    6.55985    9.37469  286.19457   14.82413 6.4086e-02     0.7743     0.7327    83.2633 0.0000e+00
        659 265.526673    0.04572     2.7434    164.601     59.566  48447.016    30.6772     9.5256     59.000     9.5180    23.6552     5.4025     7.7207     82.351    235.699    241.275   -0.00324    6.56030    9.37532  286.21248   14.82496 6.4321e-02     0.7220     0.7490    82.9234 0.0000e+00
        663 265.526684    0.04597     2.7586    165.518     60.577  48450.813    30.6792     9.5238     60.000     9.5173    23.6570     5.3940     7.7085     82.218    235.325    240.892   -0.00365    6.56046    9.37556  286.21932   14.82528 6.4478e-02     0.7311     0.7505    82.8919 0.0000e+00
        667 265.526695    0.04622     2.7734    166.403     61.581  48452.767    30.6801     9.5236     61.000     9.5167    23.6579     5.3858     7.6969     82.096    234.973    240.532   -0.00383    6.56047    9.37557  286.21940   14.82528 6.4763e-02     0.7624     0.7546    82.8081 0.0000e+00
        670 265.526705    0.04648     2.7890    167.339     62.598  48454.354    30.6807     9.5232     62.000     9.5168    23.6585     5.3834     7.6935     82.058    234.868    240.425   -0.00319    6.56049    9.37560  286.22011   14.82531 6.4789e-02     0.7241     0.7611    82.6747 0.0000e+00
        674 265.526715    0.04672     2.8032    168.194     63.599  48455.148    30.6809     9.5236     63.000     9.5165    23.6586     5.3870     7.6986     82.114    235.024    240.584   -0.00191    6.56042    9.37550  286.21706   14.82517 6.4971e-02     0.7278     0.7591    82.7153 0.0000e+00
        677 265.526726    0.04698     2.8186    169.117     64.618  48456.955    30.6816     9.5226     64.000     9.5151    23.6593     5.3900     7.7029     82.158    235.155    240.719   -0.00085    6.56054    9.37567  286.22200   14.82540 6.4825e-02     0.6937     0.7630    82.6343 0.0000e+00
        681 265.526736    0.04721     2.8326    169.959     65.619  48457.963    30.6819     9.5217     65.000     9.5147    23.6596     5.3878     7.6999     82.124    235.062    240.624   -0.00096    6.56067    9.37584  286.22728   14.82565 6.4184e-02     0.6812     0.7701    82.4879 0.0000e+00
        685 265.526747    0.04747     2.8485    170.908     66.636  48460.389    30.6831     9.5218     66.000     9.5149    23.6605     5.3810     7.6900     82.020    234.762    240.316   -0.00169    6.56060    9.37576  286.22451   14.82552 6.4476e-02     0.6643     0.7694    82.5019 0.0000e+00
        688 265.526757    0.04773     2.8635    171.810     67.641  48462.192    30.6840     9.5224     67.000     9.5155    23.6612     5.3789     7.6870     81.989    234.668    240.221   -0.00178    6.56049    9.37559  286.21898   14.82525 6.4420e-02     0.7267     0.7748    82.3902 0.0000e+00
        692 265.526768    0.04798     2.8788    172.730     68.652  48462.637    30.6839     9.5226     68.000     9.5153    23.6611     5.3839     7.6941     82.066    234.887    240.444   -0.00066    6.56044    9.37553  286.21715   14.82516 6.4638e-02     0.6630     0.7732    82.4251 0.0000e+00
        696 265.526779    0.04825     2.8949    173.693     69.664  48463.996    30.6845     9.5225     69.000     9.5147    23.6616     5.3846     7.6952     82.078    234.920    240.479   -0.00023    6.56044    9.37552  286.21690   14.82515 6.5076e-02     0.6560     0.7494    82.9140 0.0000e+00
        699 265.526789    0.04850     2.9099    174.594     70.671  48466.000    30.6853     9.5214     70.000     9.5129    23.6624     5.3877     7.6997     82.123    235.056    240.618    0.00002    6.56057    9.37571  286.22229   14.82540 6.4226e-02     0.6810     0.7515    82.8731 0.0000e+00
        703 265.526800    0.04876     2.9255    175.529     71.684  48468.400    30.6864     9.5201     71.000     9.5124    23.6634     5.3874     7.6990     82.115    235.036    240.598   -0.00001    6.56072    9.37592  286.22846   14.82569 6.4822e-02     0.6761     0.7649    82.5946 0.0000e+00
        707 265.526810    0.04901     2.9407    176.439     72.692  48469.240    30.6865     9.5199     72.000     9.5117    23.6636     5.3847     7.6952     82.075    234.920    240.479   -0.00054    6.56073    9.37595  286.22907   14.82572 6.5062e-02     0.6625     0.7660    82.5736 0.0000e+00
        710 265.526821    0.04926     2.9555    177.331     73.702  48470.261    30.6868     9.5191     73.000     9.5113    23.6639     5.3824     7.6920     82.039    234.821    240.378   -0.00080    6.56084    9.37609  286.23359   14.82594 6.4925e-02     0.5987     0.7658    82.5775 0.0000e+00
        714 265.526831    0.04950     2.9702    178.213     74.710  48470.952    30.6868     9.5194     74.000     9.5121    23.6640     5.3761     7.6830     81.943    234.548    240.098   -0.00147    6.56080    9.37604  286.23196   14.82586 6.4811e-02     0.7377     0.7755    82.3763 0.0000e+00
        718 265.526842    0.04976     2.9857    179.139     75.722  48470.916    30.6864     9.5201     75.000     9.5116    23.6636     5.3731     7.6787     81.899    234.416    239.963   -0.00179    6.56070    9.37590  286.22788   14.82566 6.4872e-02     0.7064     0.7709    82.4700 0.0000e+00
        721 265.526853    0.05001     3.0007    180.042     76.735  48472.087    30.6867     9.5191     76.000     9.5101    23.6640     5.3743     7.6804     81.915    234.467    240.016   -0.00107    6.56084    9.37610  286.23372   14.82594 6.4525e-02     0.7459     0.7681    82.5281 0.0000e+00
        725 265.526862    0.05025     3.0148    180.887     77.736  48471.399    30.6856     9.5174     77.000     9.5078    23.6633     5.3813     7.6905     82.019    234.775    240.331   -0.00006    6.56115    9.37653  286.24721   14.82659 6.4704e-02     0.6928     0.7863    82.1531 0.0000e+00
        728 265.526873    0.05052     3.0309    181.854     78.752  48473.287    30.6862     9.5154     78.000     9.5066    23.6642     5.3815     7.6907     82.017    234.780    240.337    0.00009    6.56139    9.37689  286.25784   14.82710 6.4682e-02     0.6923     0.7949    81.9776 0.0000e+00
        732 265.526884    0.05077     3.0463    182.777     79.762  48474.480    30.6865     9.5148     79.000     9.5064    23.6646     5.3819     7.6914     82.024    234.801    240.358   -0.00015    6.56147    9.37700  286.26094   14.82725 6.4676e-02     0.6688     0.8117    81.6328 0.0000e+00
        736 265.526896    0.05106     3.0636    183.818     80.768  48477.729    30.6884     9.5143     80.000     9.5049    23.6661     5.3782     7.6860     81.967    234.639    240.193   -0.00058    6.56146    9.37699  286.26023   14.82721 6.4656e-02     0.7376     0.8114    81.6408 0.0000e+00
        741 265.526911    0.05142     3.0853    185.116     81.765  48484.883    30.6926     9.5115     81.000     9.5023    23.6698     5.3849     7.6956     82.067    234.930    240.491   -0.00019    6.56168    9.37730  286.26881   14.82759 6.4334e-02     0.6724     0.8029    81.8121 0.0000e+00
