CTD-processing/allCTD/CNV/2012_06-25_subbays_halibutb_cast127_5028.cnv
* Sea-Bird SBE19plus Data File:
* FileName = C:\Documents and Settings\glenn.seaman\My Documents\KHolderied-files\CTD-DATA-FILES\2012-CTD-KachemakBay\2012-06-25-CTD-KachemakBay-subbays\2012-06-25-KBay-subbays-cast127.hex
* Software Version 1.59
* Temperature SN =  5028
* Conductivity SN =  5028
* System UpLoad Time = Jun 27 2012 00:43:43
** KachemakBay-Subbay-Survey
** Date: 2012-06-25
** Station: Halibut Cove B - in east part of outer cove
** Start time (AKDT-24hr): 1955
** Depth (ft): 171
** Lat: 59d 35.876m N
** Long: 151d 10.897m W
** Flat water. Light wind. Rain.  Descent rate slowed with some jerking of line.
# nquan = 26
# nvalues = 50                          
# units = specified
# name 0 = scan: Scan Count
# name 1 = timeJ: Julian Days
# name 2 = timeH: Time, Elapsed [hours]
# name 3 = timeM: Time, Elapsed [minutes]
# name 4 = timeS: Time, Elapsed [seconds]
# name 5 = prdM: Pressure, Strain Gauge [db]
# name 6 = specc: Specific Conductance [uS/cm]
# name 7 = sal00: Salinity, Practical [PSU]
# name 8 = tv290C: Temperature [ITS-90, deg C]
# name 9 = depSM: Depth [salt water, m], lat = 59.00
# name 10 = potemp090C: Potential Temperature [ITS-90, deg C]
# name 11 = sigma-é00: Density [sigma-theta, kg/m^3]
# name 12 = sbeox0ML/L: Oxygen, SBE 43 [ml/l]
# name 13 = sbeox0Mg/L: Oxygen, SBE 43 [mg/l]
# name 14 = sbeox0PS: Oxygen, SBE 43 [% saturation]
# name 15 = sbox0Mm/Kg: Oxygen, SBE 43 [umol/kg]
# name 16 = sbeox0Mm/L: Oxygen, SBE 43 [umol/l]
# name 17 = sbox0dV/dT: Oxygen, SBE 43 [dov/dt]
# name 18 = oxsolML/L: Oxygen Saturation, Garcia & Gordon [ml/l]
# name 19 = oxsolMg/L: Oxygen Saturation, Garcia & Gordon [mg/l]
# name 20 = oxsolMm/Kg: Oxygen Saturation, Garcia & Gordon [umol/kg]
# name 21 = n2satMg/L: Nitrogen Saturation [mg/l]
# name 22 = par: PAR/Irradiance, Biospherical/Licor [umol photons/m^2/sec]
# name 23 = flECO-AFL: Fluorescence, WET Labs ECO-AFL/FL [mg/m^3]
# name 24 = upoly0: Upoly 0, ECO-FLNTUS
# name 25 = flag: flag
# span 0 =        400,        555       
# span 1 = 177.831489, 177.831938       
# span 2 =    0.02769,    0.03845       
# span 3 =     1.6610,     2.3076       
# span 4 =     99.660,    138.458       
# span 5 =      1.009,     50.478       
# span 6 =  41583.949,  50593.464       
# span 7 =    26.1263,    31.4617       
# span 8 =     5.2733,    11.5542       
# span 9 =      1.000,     50.000       
# span 10 =     5.2711,    11.5548      
# span 11 =    19.7846,    24.8418      
# span 12 =     6.1306,     7.6460      
# span 13 =     8.8333,    10.8745      
# span 14 =     85.194,    111.593      
# span 15 =    267.159,    333.398      
# span 16 =    273.796,    341.468      
# span 17 =   -0.02175,    0.01117      
# span 18 =    6.40232,    7.19621      
# span 19 =    9.18789,   10.28327      
# span 20 =  280.06741,  313.59231      
# span 21 =   14.59937,   16.12673      
# span 22 = 4.6833e-02, 1.5766e+01      
# span 23 =     0.7002,     7.1873      
# span 24 =  0.8418917,  5.4818411      
# span 25 = 0.0000e+00, 0.0000e+00      
# interval = meters: 1                  
# start_time = Jun 25 2012 19:55:41 [Instrument's time stamp, header]
# bad_flag = -9.990e-29
*END*
        400 177.831489    0.02769     1.6610     99.660      1.009  41583.949    26.1263    11.5542      1.000    11.5548    19.7846     7.1301    10.1939    110.262    312.277    318.429    0.00243    6.46645    9.23343  283.21273   14.68759 1.5766e+01     7.1873  5.3204221 0.0000e+00
        406 177.831508    0.02813     1.6878    101.266      2.019  42284.093    26.6103    11.5308      2.000    11.5151    20.1637     7.1429    10.1657    110.808    312.735    319.001    0.00401    6.44612    9.21008  282.22834   14.64631 9.0910e+00     6.9611  5.4818411 0.0000e+00
        410 177.831520    0.02842     1.7051    102.306      3.029  43055.258    27.1419    11.4880      3.000    11.4225    20.5827     7.0445    10.0743    109.797    308.290    314.607   -0.00085    6.41588    9.18789  280.77934   14.60603 5.0619e+00     5.9514  5.1402644 0.0000e+00
        414 177.831530    0.02865     1.7188    103.128      4.038  43834.791    27.6688    11.3314      4.000    11.1320    21.0173     6.9967    10.0090    109.287    306.067    312.471   -0.00331    6.40232    9.18878  280.06741   14.59937 3.1836e+00     4.5570  4.3633524 0.0000e+00
        417 177.831538    0.02886     1.7316    103.893      5.047  44692.255    28.2305    10.9784      5.000    10.6473    21.5118     6.9637     9.9584    108.324    304.461    310.999   -0.00601    6.42968    9.22689  281.10961   14.64628 2.0857e+00     3.5856  3.4988066 0.0000e+00
        420 177.831547    0.02907     1.7441    104.646      6.057  45556.890    28.7793    10.4675      6.000    10.1068    22.0220     6.8761     9.8961    105.869    300.456    307.086   -0.01478    6.49669    9.29795  283.87378   14.74120 1.3919e+00     3.0453  2.7010871 0.0000e+00
        423 177.831556    0.02928     1.7565    105.387      7.066  46320.384    29.2534     9.9445      7.000     9.6296    22.4750     6.8131     9.8826    103.816    297.557    304.270   -0.02175    6.56338    9.37672  286.65181   14.84838 9.6496e-01     2.6983  2.1697395 0.0000e+00
        425 177.831563    0.02947     1.7687    106.120      8.075  46955.964    29.6428     9.4892      8.000     9.1943    22.8500     6.8953     9.9872    104.291    301.044    307.945   -0.01809    6.61106    9.44761  288.63371   14.94533 6.7805e-01     2.4872  1.8706293 0.0000e+00
        428 177.831572    0.02968     1.7808    106.849      9.085  47508.947    29.9737     9.0598      9.000     8.7705    23.1740     7.1387    10.2190    107.179    311.568    318.812   -0.00415    6.65948    9.51783  290.65667   15.04211 4.9020e-01     2.4704  1.6976092 0.0000e+00
        431 177.831581    0.02988     1.7931    107.587     10.094  47985.834    30.2497     8.6416     10.000     8.3782    23.4519     7.3536    10.4588    109.556    320.866    328.415    0.00622    6.71160    9.59014  292.85105   15.14269 3.6367e-01     2.7323  1.5237362 0.0000e+00
        434 177.831590    0.03010     1.8058    108.348     11.104  48367.687    30.4587     8.2429     11.000     7.9808    23.6733     7.5032    10.6553    110.925    327.334    335.093    0.01024    6.76381    9.66345  295.07758   15.24570 2.7603e-01     2.9307  1.3569022 0.0000e+00
        438 177.831599    0.03032     1.8188    109.128     12.114  48749.438    30.6650     7.8485     12.000     7.6280    23.8907     7.6122    10.7945    111.593    332.009    339.958    0.01117    6.82113    9.73709  297.50892   15.34917 2.1783e-01     2.6249  1.2100414 0.0000e+00
        441 177.831608    0.03053     1.8316    109.894     13.123  49050.451    30.8240     7.5271     13.000     7.3419    24.0598     7.6452    10.8588    111.391    333.398    341.436    0.00866    6.86350    9.79832  299.30791   15.43536 1.7570e-01     2.3465  1.0801770 0.0000e+00
        444 177.831616    0.03073     1.8439    110.637     14.133  49281.876    30.9416     7.2604     14.000     7.1065    24.1883     7.6460    10.8745    110.807    333.389    341.468    0.00516    6.90043    9.85061  300.88215   15.50922 1.4475e-01     2.1676  0.9831269 0.0000e+00
        446 177.831624    0.03093     1.8562    111.372     15.142  49459.727    31.0281     7.0393     15.000     6.9168    24.2858     7.6194    10.8533    109.927    332.202    340.282    0.00114    6.93153    9.89501  302.21169   15.57214 1.2154e-01     2.0101  0.9189525 0.0000e+00
        449 177.831633    0.03114     1.8685    112.110     16.152  49587.628    31.0869     6.8652     16.000     6.7690    24.3548     7.5674    10.8019    108.802    329.913    337.956   -0.00328    6.95530    9.93088  303.23025   15.62313 1.0433e-01     1.8167  0.8941906 0.0000e+00
        452 177.831642    0.03135     1.8808    112.847     17.162  49680.155    31.1273     6.7301     17.000     6.6491    24.4039     7.5135    10.7416    107.769    327.555    335.555   -0.00668    6.97204    9.95926  303.94708   15.66356 9.1391e-02     1.6360  0.8564646 0.0000e+00
        455 177.831650    0.03155     1.8928    113.571     18.171  49738.897    31.1473     6.6160     18.000     6.5366    24.4342     7.4681    10.6867    106.879    325.573    333.530   -0.00908    6.98763    9.98433  304.62313   15.69950 8.1484e-02     1.5082  0.8418917 0.0000e+00
        458 177.831658    0.03175     1.9047    114.285     19.181  49798.569    31.1683     6.5056     19.000     6.4303    24.4646     7.4366    10.6443    106.168    324.189    332.121   -0.01055    7.00465   10.00860  305.35683   15.73429 7.3744e-02     1.3937  0.8559280 0.0000e+00
        461 177.831667    0.03194     1.9166    114.998     20.190  49859.227    31.1907     6.4012     20.000     6.3269    24.4953     7.4221    10.6160    105.729    323.546    331.470   -0.01091    7.01997   10.03150  306.01639   15.76705 6.7684e-02     1.2685  0.8628534 0.0000e+00
        464 177.831675    0.03214     1.9287    115.719     21.199  49927.343    31.2180     6.2967     21.000     6.2234    24.5296     7.4200    10.5958    105.468    323.441    331.375   -0.01047    7.03534   10.05422  306.67534   15.79947 6.2918e-02     1.2050  0.8530612 0.0000e+00
        467 177.831683    0.03234     1.9406    116.439     22.209  49991.849    31.2428     6.1934     22.000     6.1157    24.5617     7.4104    10.5686    105.105    323.014    330.948   -0.01037    7.05058   10.07691  307.33046   15.83190 5.9210e-02     1.1409  0.8573661 0.0000e+00
        470 177.831692    0.03254     1.9525    117.151     23.218  50055.357    31.2656     6.0845     23.000     6.0085    24.5928     7.3851    10.5252    104.456    321.904    329.819   -0.01127    7.07021   10.10116  308.17761   15.86660 5.6444e-02     1.0463  0.8834339 0.0000e+00
        472 177.831699    0.03274     1.9644    117.864     24.228  50130.932    31.2973     5.9798     24.000     5.9202    24.6304     7.3372    10.4609    103.505    319.800    327.679   -0.01311    7.08889   10.12390  308.97729   15.89898 5.4573e-02     0.9322  0.9068102 0.0000e+00
        475 177.831708    0.03294     1.9765    118.589     25.238  50196.546    31.3266     5.8995     25.000     5.8573    24.6631     7.2648    10.3741    102.323    316.634    324.449   -0.01559    7.09998   10.14102  309.44859   15.92327 5.3915e-02     0.8730  0.8740003 0.0000e+00
        478 177.831717    0.03315     1.9889    119.335     26.247  50236.190    31.3423     5.8416     26.000     5.8051    24.6823     7.1881    10.2787    101.153    313.283    321.019   -0.01763    7.10617   10.15379  309.71375   15.94148 5.3752e-02     0.8443  0.8566733 0.0000e+00
        481 177.831726    0.03336     2.0016    120.096     27.256  50259.880    31.3477     5.7885     27.000     5.7484    24.6928     7.1196    10.1880    100.085    310.301    317.963   -0.01900    7.11365   10.16612  310.04010   15.95922 5.3450e-02     0.8307  0.8700209 0.0000e+00
        484 177.831734    0.03357     2.0144    120.866     28.266  50292.074    31.3579     5.7304     28.000     5.6942    24.7077     7.0640    10.1095     99.151    307.872    315.477   -0.01968    7.12458   10.17939  310.51192   15.97825 5.2934e-02     0.8275  0.9256117 0.0000e+00
        488 177.831744    0.03379     2.0272    121.634     29.276  50327.352    31.3720     5.6810     29.000     5.6535    24.7245     7.0196    10.0428     98.414    305.931    313.496   -0.01963    7.13274   10.19031  310.86117   15.99381 5.2334e-02     0.8302  1.0534599 0.0000e+00
        491 177.831752    0.03400     2.0400    122.398     30.285  50354.425    31.3828     5.6439     30.000     5.6227    24.7373     6.9832     9.9852     97.831    304.340    311.869   -0.01902    7.13801   10.19851  311.08689   16.00549 5.1721e-02     0.8365  1.1629523 0.0000e+00
        494 177.831761    0.03421     2.0526    123.158     31.295  50374.192    31.3904     5.6162     31.000     5.5989    24.7465     6.9448     9.9310     97.243    302.664    310.154   -0.01849    7.14175   10.20468  311.24738   16.01429 5.1137e-02     0.8241  1.0880094 0.0000e+00
        497 177.831770    0.03442     2.0651    123.908     32.304  50388.625    31.3954     5.5945     32.000     5.5790    24.7530     6.9050     9.8806     96.645    300.929    308.378   -0.01815    7.14470   10.20961  311.37449   16.02132 5.0626e-02     0.7957  1.0354010 0.0000e+00
        500 177.831779    0.03462     2.0775    124.650     33.314  50400.474    31.3993     5.5756     33.000     5.5613    24.7583     6.8774     9.8416     96.221    299.723    307.144   -0.01734    7.14752   10.21391  311.49590   16.02749 5.0208e-02     0.7636  1.0445026 0.0000e+00
        503 177.831787    0.03483     2.0898    125.390     34.324  50411.440    31.4030     5.5586     34.000     5.5454    24.7631     6.8626     9.8141     95.981    299.078    306.484   -0.01597    7.15001   10.21776  311.60274   16.03299 4.9840e-02     0.7406  1.0764690 0.0000e+00
        506 177.831796    0.03504     2.1023    126.139     35.333  50420.644    31.4056     5.5428     35.000     5.5292    24.7670     6.8520     9.7914     95.802    298.614    306.010   -0.01451    7.15229   10.22141  311.70117   16.03822 4.9505e-02     0.7305  1.0912607 0.0000e+00
        509 177.831804    0.03525     2.1149    126.897     36.343  50430.051    31.4082     5.5262     36.000     5.5121    24.7710     6.8384     9.7671     95.576    298.022    305.404   -0.01336    7.15499   10.22526  311.81775   16.04374 4.9195e-02     0.7172  1.1006389 0.0000e+00
        512 177.831813    0.03546     2.1276    127.658     37.352  50440.394    31.4114     5.5091     37.000     5.4951    24.7754     6.8178     9.7373     95.251    297.124    304.485   -0.01270    7.15778   10.22919  311.93825   16.04938 4.8915e-02     0.7032  1.1315836 0.0000e+00
        515 177.831822    0.03567     2.1404    128.422     38.363  50450.167    31.4142     5.4921     38.000     5.4776    24.7795     6.7930     9.7024     94.867    296.042    303.378   -0.01233    7.16059   10.23315  312.05946   16.05505 4.8657e-02     0.7002  1.1869360 0.0000e+00
        518 177.831831    0.03588     2.1531    129.189     39.372  50461.498    31.4179     5.4744     39.000     5.4609    24.7845     6.7673     9.6635     94.466    294.918    302.227   -0.01207    7.16372   10.23717  312.19412   16.06081 4.8427e-02     0.7078  1.2566094 0.0000e+00
        521 177.831840    0.03610     2.1660    129.961     40.381  50473.223    31.4222     5.4586     40.000     5.4470    24.7897     6.7347     9.6177     93.979    293.496    300.773   -0.01209    7.16618   10.24072  312.29943   16.06586 4.8230e-02     0.7109  1.3077136 0.0000e+00
        524 177.831849    0.03632     2.1789    130.734     41.391  50481.740    31.4250     5.4458     41.000     5.4347    24.7933     6.6947     9.5653     93.402    291.751    298.985   -0.01244    7.16757   10.24365  312.35852   16.07005 4.8047e-02     0.7091  1.3503289 0.0000e+00
        527 177.831858    0.03653     2.1916    131.498     42.401  50485.722    31.4246     5.4330     42.000     5.4178    24.7945     6.6584     9.5131     92.879    290.169    297.363   -0.01262    7.16885   10.24681  312.41490   16.07463 4.7896e-02     0.7014  1.4049200 0.0000e+00
        530 177.831866    0.03674     2.2043    132.255     43.410  50491.000    31.4237     5.4134     43.000     5.3924    24.7960     6.6223     9.4598     92.332    288.596    295.751   -0.01279    7.17228   10.25165  312.56489   16.08164 4.7761e-02     0.7077  1.4945127 0.0000e+00
        533 177.831875    0.03694     2.2168    133.010     44.419  50504.353    31.4267     5.3858     44.000     5.3626    24.8014     6.5876     9.4045     91.777    287.083    294.203   -0.01304    7.17787   10.25817  312.80657   16.09102 4.7617e-02     0.7183  1.6400282 0.0000e+00
        536 177.831884    0.03715     2.2294    133.763     45.430  50523.990    31.4336     5.3564     45.000     5.3355    24.8102     6.5511     9.3430     91.198    285.490    292.573   -0.01329    7.18345   10.26485  313.04619   16.10057 4.7485e-02     0.7112  1.8476636 0.0000e+00
        539 177.831892    0.03737     2.2420    134.520     46.439  50543.480    31.4413     5.3309     46.000     5.3136    24.8191     6.4977     9.2648     90.400    283.158    290.186   -0.01416    7.18770   10.27057  313.22824   16.10871 4.7352e-02     0.7058  2.0839364 0.0000e+00
        542 177.831901    0.03758     2.2549    135.291     47.449  50559.143    31.4472     5.3102     47.000     5.2956    24.8261     6.4188     9.1648     89.263    279.718    286.662   -0.01606    7.19093   10.27522  313.36660   16.11533 4.7224e-02     0.7090  2.2902156 0.0000e+00
        545 177.831911    0.03781     2.2684    136.102     48.458  50572.690    31.4526     5.2936     48.000     5.2825    24.8323     6.3214     9.0506     87.875    275.472    282.313   -0.01847    7.19364   10.27891  313.48287   16.12057 4.7112e-02     0.7186  2.4792115 0.0000e+00
        549 177.831922    0.03807     2.2844    137.061     49.468  50584.352    31.4576     5.2816     49.000     5.2748    24.8375     6.2245     8.9388     86.508    271.249    277.987   -0.02024    7.19534   10.28150  313.55531   16.12425 4.6988e-02     0.7236  2.7214044 0.0000e+00
        555 177.831938    0.03845     2.3076    138.458     50.478  50593.464    31.4617     5.2733     50.000     5.2711    24.8418     6.1306     8.8333     85.194    267.159    273.796   -0.02083    7.19621   10.28327  313.59231   16.12673 4.6833e-02     0.7267  2.9519440 0.0000e+00
