CTD-processing/allCTD/CNV/2012_09-21_t9_s08_repeat1_cast145_4141.cnv
* Sea-Bird SBE19plus Data File:
* FileName = C:\Documents and Settings\kris.holderied.local\My Documents\2012-CTD-DATA-new-files\2012-09-21-CTD-HomerSpit-tide-time-series-KBRRctd\2012-09-21-HomerSpit-repeat1-cast145.hex
* Software Version 1.54
* Temperature SN =  4141
* Conductivity SN =  4141
* System UpLoad Time = Oct 11 2012 18:00:36
** Kachemak Bay Homer Spit Line - Tidal repeat 1
** Date:  2012-09-21
** Station: 9-08
** Start time (AKDT-24 hr): 0953
** Depth (ft): 315
** Comment:Still turbid
# nquan = 27
# nvalues = 93                          
# units = specified
# name 0 = scan: Scan Count
# name 1 = timeJ: Julian Days
# name 2 = timeH: Time, Elapsed [hours]
# name 3 = timeM: Time, Elapsed [minutes]
# name 4 = timeS: Time, Elapsed [seconds]
# name 5 = prdM: Pressure, Strain Gauge [db]
# name 6 = specc: Specific Conductance [uS/cm]
# name 7 = sal00: Salinity, Practical [PSU]
# name 8 = tv290C: Temperature [ITS-90, deg C]
# name 9 = depSM: Depth [salt water, m], lat = 59.00
# name 10 = potemp090C: Potential Temperature [ITS-90, deg C]
# name 11 = sigma-é00: Density [sigma-theta, kg/m^3]
# name 12 = sbeox0ML/L: Oxygen, SBE 43 [ml/l]
# name 13 = sbeox0Mg/L: Oxygen, SBE 43 [mg/l]
# name 14 = sbeox0PS: Oxygen, SBE 43 [% saturation]
# name 15 = sbox0Mm/Kg: Oxygen, SBE 43 [umol/kg]
# name 16 = sbeox0Mm/L: Oxygen, SBE 43 [umol/l]
# name 17 = sbox0dV/dT: Oxygen, SBE 43 [dov/dt]
# name 18 = oxsolML/L: Oxygen Saturation, Garcia & Gordon [ml/l]
# name 19 = oxsolMg/L: Oxygen Saturation, Garcia & Gordon [mg/l]
# name 20 = oxsolMm/Kg: Oxygen Saturation, Garcia & Gordon [umol/kg]
# name 21 = n2satMg/L: Nitrogen Saturation [mg/l]
# name 22 = par: PAR/Irradiance, Biospherical/Licor
# name 23 = wetStar: Fluorescence, WET Labs WETstar [mg/m^3]
# name 24 = CStarAt0: Beam Attenuation, WET Labs C-Star [1/m]
# name 25 = CStarTr0: Beam Transmission, WET Labs C-Star [%]
# name 26 = flag: flag
# span 0 =        255,        613       
# span 1 = 265.412667, 265.413704       
# span 2 =    0.01763,    0.04250       
# span 3 =     1.0577,     2.5501       
# span 4 =     63.464,    153.007       
# span 5 =      1.014,     93.889       
# span 6 =  42535.020,  48718.243       
# span 7 =    26.5816,    30.8384       
# span 8 =     9.4136,     9.7180       
# span 9 =      1.000,     93.000       
# span 10 =     9.4012,     9.7138      
# span 11 =    20.4673,    23.7991      
# span 12 =     5.2764,     5.8840      
# span 13 =     7.5406,     8.4088      
# span 14 =     80.323,     88.965      
# span 15 =    230.170,    257.433      
# span 16 =    235.646,    262.780      
# span 17 =   -0.01537,    0.01499      
# span 18 =    6.55548,    6.74373      
# span 19 =    9.36843,    9.63746      
# span 20 =  286.03713,  295.13449      
# span 21 =   14.81716,   15.26826      
# span 22 = 5.7020e-02, 2.2804e+02      
# span 23 =     0.4802,     2.0333      
# span 24 =     0.6185,     2.6680      
# span 25 =    51.3243,    85.6744      
# span 26 = 0.0000e+00, 0.0000e+00      
# interval = meters: 1                  
# start_time = Sep 21 2012 09:53:11 [Instrument's time stamp, header]
# bad_flag = -9.990e-29
*END*
[from data line 54]
        481 265.413323    0.03336     2.0021    120.125     55.521  48516.754    30.7255     9.5082     55.000     9.5021    23.6956     5.4216     7.7480     82.636    236.523    242.127   -0.00244    6.56080    9.37603  286.22286   14.82526 5.7999e-02     0.6343     0.6546    84.9042 0.0000e+00
        485 265.413334    0.03364     2.0184    121.103     56.544  48517.571    30.7257     9.5080     56.000     9.5022    23.6958     5.4110     7.7329     82.475    236.062    241.656   -0.00325    6.56080    9.37604  286.22313   14.82527 5.8227e-02     0.6107     0.6458    85.0917 0.0000e+00
        489 265.413344    0.03386     2.0317    121.905     57.538  48517.006    30.7249     9.5083     57.000     9.5021    23.6952     5.4053     7.7248     82.390    235.817    241.405   -0.00337    6.56079    9.37604  286.22310   14.82527 5.7933e-02     0.6403     0.6528    84.9426 0.0000e+00
        492 265.413354    0.03412     2.0471    122.825     58.561  48516.113    30.7237     9.5079     58.000     9.5000    23.6943     5.4071     7.7272     82.413    235.889    241.478   -0.00239    6.56091    9.37618  286.22777   14.82550 5.8260e-02     0.6425     0.6651    84.6826 0.0000e+00
        496 265.413364    0.03435     2.0608    123.651     59.564  48517.487    30.7239     9.5045     59.000     9.4974    23.6949     5.4109     7.7327     82.466    236.058    241.652   -0.00119    6.56139    9.37688  286.24887   14.82651 5.8566e-02     0.5975     0.6766    84.4378 0.0000e+00
        499 265.413374    0.03457     2.0746    124.473     60.571  48519.676    30.7249     9.5039     60.000     9.4975    23.6959     5.4132     7.7360     82.501    236.160    241.757   -0.00061    6.56143    9.37694  286.25048   14.82658 5.8572e-02     0.6171     0.6853    84.2559 0.0000e+00
        503 265.413384    0.03483     2.0897    125.380     61.585  48515.713    30.7215     9.5022     61.000     9.4935    23.6935     5.4109     7.7327     82.460    236.058    241.651   -0.00077    6.56182    9.37750  286.26828   14.82745 5.8630e-02     0.6288     0.6775    84.4205 0.0000e+00
        506 265.413394    0.03507     2.1041    126.247     62.595  48519.429    30.7233     9.4992     62.000     9.4924    23.6954     5.4109     7.7326     82.455    236.055    241.648   -0.00085    6.56218    9.37802  286.28355   14.82818 5.8883e-02     0.5704     0.7010    83.9261 0.0000e+00
        510 265.413405    0.03532     2.1189    127.136     63.602  48521.115    30.7240     9.4992     63.000     9.4925    23.6960     5.4067     7.7267     82.392    235.875    241.464   -0.00104    6.56215    9.37796  286.28176   14.82808 5.8386e-02     0.6974     0.6857    84.2455 0.0000e+00
        513 265.413415    0.03558     2.1346    128.077     64.625  48523.252    30.7250     9.4984     64.000     9.4890    23.6969     5.3986     7.7152     82.268    235.522    241.103   -0.00216    6.56223    9.37809  286.28510   14.82824 5.8642e-02     0.6031     0.6894    84.1691 0.0000e+00
        516 265.413424    0.03579     2.1474    128.843     65.613  48528.750    30.7280     9.4950     65.000     9.4867    23.6998     5.3997     7.7167     82.279    235.567    241.150   -0.00170    6.56259    9.37861  286.30022   14.82895 5.8749e-02     0.5570     0.7127    83.6795 0.0000e+00
        520 265.413436    0.03607     2.1642    129.853     66.645  48533.593    30.7307     9.4927     66.000     9.4843    23.7023     5.3923     7.7061     82.165    235.245    240.821   -0.00195    6.56282    9.37892  286.30921   14.82937 5.9073e-02     0.5933     0.7064    83.8126 0.0000e+00
        524 265.413445    0.03629     2.1775    130.648     67.633  48541.083    30.7351     9.4902     67.000     9.4807    23.7062     5.3824     7.6920     82.011    234.811    240.378   -0.00325    6.56300    9.37918  286.31611   14.82968 5.8800e-02     0.6213     0.7465    82.9768 0.0000e+00
        527 265.413456    0.03656     2.1937    131.620     68.662  48547.620    30.7388     9.4865     68.000     9.4787    23.7096     5.3853     7.6962     82.052    234.939    240.510   -0.00213    6.56337    9.37970  286.33107   14.83038 5.8626e-02     0.6498     0.7474    82.9567 0.0000e+00
        531 265.413466    0.03679     2.2074    132.442     69.660  48549.186    30.7395     9.4859     69.000     9.4785    23.7102     5.3816     7.6909     81.995    234.779    240.345   -0.00171    6.56343    9.37980  286.33375   14.83051 5.9031e-02     0.6904     0.7673    82.5446 0.0000e+00
        534 265.413476    0.03703     2.2220    133.320     70.674  48550.601    30.7400     9.4858     70.000     9.4783    23.7107     5.3727     7.6781     81.858    234.387    239.944   -0.00287    6.56342    9.37979  286.33323   14.83048 5.8890e-02     0.6017     0.7713    82.4636 0.0000e+00
        538 265.413486    0.03727     2.2365    134.193     71.684  48552.990    30.7412     9.4857     71.000     9.4779    23.7117     5.3698     7.6740     81.814    234.260    239.815   -0.00250    6.56338    9.37973  286.33121   14.83038 5.9164e-02     0.6237     0.7920    82.0381 0.0000e+00
        541 265.413495    0.03750     2.2499    134.991     72.682  48555.739    30.7427     9.4854     72.000     9.4776    23.7129     5.3682     7.6717     81.791    234.192    239.745   -0.00214    6.56336    9.37970  286.32992   14.83031 5.8923e-02     0.5580     0.8068    81.7339 0.0000e+00
        545 265.413506    0.03776     2.2654    135.928     73.714  48558.184    30.7440     9.4854     73.000     9.4775    23.7139     5.3726     7.6780     81.858    234.382    239.940   -0.00110    6.56332    9.37963  286.32777   14.83020 5.9052e-02     0.5768     0.7997    81.8801 0.0000e+00
        548 265.413515    0.03796     2.2774    136.644     74.709  48561.959    30.7462     9.4853     74.000     9.4769    23.7157     5.3736     7.6794     81.874    234.423    239.983   -0.00060    6.56324    9.37953  286.32387   14.83001 5.8891e-02     0.6212     0.8187    81.4923 0.0000e+00
        551 265.413523    0.03817     2.2902    137.414     75.717  48566.460    30.7488     9.4845     75.000     9.4756    23.7179     5.3760     7.6828     81.911    234.529    240.091   -0.00036    6.56324    9.37953  286.32319   14.82997 5.9021e-02     0.5828     0.8183    81.5006 0.0000e+00
        554 265.413534    0.03842     2.3055    138.330     76.732  48571.612    30.7518     9.4832     76.000     9.4749    23.7204     5.3772     7.6846     81.928    234.580    240.145    0.00004    6.56329    9.37960  286.32482   14.83003 5.9226e-02     0.5808     0.8070    81.7297 0.0000e+00
        558 265.413545    0.03868     2.3207    139.241     77.744  48577.278    30.7554     9.4830     77.000     9.4739    23.7233     5.3763     7.6833     81.917    234.543    240.106   -0.00033    6.56318    9.37944  286.31926   14.82975 5.9327e-02     0.5686     0.8163    81.5403 0.0000e+00
        561 265.413554    0.03892     2.3351    140.107     78.748  48589.933    30.7636     9.4810     78.000     9.4708    23.7300     5.3722     7.6775     81.855    234.363    239.925   -0.00072    6.56312    9.37934  286.31452   14.82949 5.9131e-02     0.5723     0.8314    81.2332 0.0000e+00
        565 265.413565    0.03918     2.3505    141.032     79.767  48602.657    30.7717     9.4775     79.000     9.4671    23.7368     5.3715     7.6764     81.841    234.329    239.890   -0.00102    6.56330    9.37960  286.32050   14.82975 5.8682e-02     0.5663     0.8390    81.0775 0.0000e+00
        568 265.413575    0.03941     2.3643    141.858     80.766  48608.349    30.7749     9.4748     80.000     9.4652    23.7398     5.3722     7.6774     81.849    234.357    239.922   -0.00056    6.56355    9.37997  286.33077   14.83022 5.9255e-02     0.5100     0.8626    80.6033 0.0000e+00
        572 265.413585    0.03966     2.3798    142.791     81.786  48612.228    30.7770     9.4730     81.000     9.4626    23.7417     5.3693     7.6732     81.802    234.230    239.792   -0.00097    6.56372    9.38022  286.33765   14.83054 5.9636e-02     0.5973     0.8734    80.3843 0.0000e+00
        576 265.413596    0.03991     2.3945    143.667     82.791  48620.483    30.7817     9.4688     82.000     9.4569    23.7461     5.3725     7.6779     81.846    234.372    239.937   -0.00049    6.56412    9.38079  286.35387   14.83130 5.9281e-02     0.5581     0.9721    78.4271 0.0000e+00
        579 265.413605    0.04014     2.4085    144.512     83.804  48626.863    30.7851     9.4636     83.000     9.4507    23.7496     5.3741     7.6801     81.863    234.438    240.006   -0.00013    6.56473    9.38166  286.37964   14.83252 5.9264e-02     0.5065     1.0199    77.4943 0.0000e+00
        582 265.413615    0.04036     2.4215    145.293     84.808  48630.246    30.7860     9.4565     84.000     9.4421    23.7515     5.3643     7.6663     81.702    234.014    239.572   -0.00141    6.56573    9.38308  286.42241   14.83456 5.9341e-02     0.5712     1.0465    76.9810 0.0000e+00
        585 265.413624    0.04059     2.4353    146.119     85.820  48638.548    30.7905     9.4489     85.000     9.4377    23.7562     5.3462     7.6402     81.415    233.222    238.762   -0.00380    6.56664    9.38438  286.46076   14.83638 5.9412e-02     0.5114     1.0748    76.4367 0.0000e+00
        589 265.413633    0.04081     2.4488    146.930     86.828  48641.886    30.7921     9.4461     86.000     9.4362    23.7578     5.3241     7.6086     81.074    232.256    237.773   -0.00609    6.56699    9.38487  286.47551   14.83707 5.9506e-02     0.5297     1.0958    76.0365 0.0000e+00
        592 265.413643    0.04105     2.4631    147.789     87.839  48644.323    30.7931     9.4448     87.000     9.4330    23.7589     5.3055     7.5821     80.789    231.446    236.945   -0.00750    6.56712    9.38507  286.48104   14.83733 5.9265e-02     0.5766     1.0939    76.0732 0.0000e+00
        596 265.413654    0.04129     2.4775    148.650     88.853  48659.258    30.8024     9.4390     88.000     9.4253    23.7671     5.3025     7.5777     80.737    231.311    236.809   -0.00601    6.56758    9.38573  286.49891   14.83815 5.9602e-02     0.5912     1.1871    74.3266 0.0000e+00
        599 265.413663    0.04152     2.4910    149.458     89.858  48676.888    30.8134     9.4321     89.000     9.4181    23.7767     5.2982     7.5717     80.666    231.123    236.618   -0.00508    6.56812    9.38649  286.51976   14.83910 5.9418e-02     0.5742     1.3251    71.8056 0.0000e+00
        602 265.413673    0.04175     2.5050    150.301     90.868  48689.508    30.8210     9.4255     90.000     9.4142    23.7837     5.2845     7.5521     80.450    230.525    236.007   -0.00554    6.56875    9.38740  286.54525   14.84029 5.9451e-02     0.6002     1.4558    69.4908 0.0000e+00
        606 265.413683    0.04199     2.5196    151.173     91.879  48700.351    30.8278     9.4220     91.000     9.4103    23.7896     5.2764     7.5406     80.323    230.170    235.646   -0.00550    6.56898    9.38772  286.55334   14.84065 5.8956e-02     0.5642     1.5595    67.7158 0.0000e+00
        609 265.413692    0.04223     2.5338    152.026     92.884  48707.668    30.8320     9.4188     92.000     9.4068    23.7934     5.2787     7.5437     80.354    230.266    235.745   -0.00377    6.56925    9.38812  286.56454   14.84117 5.8626e-02     0.4802     1.6522    66.1652 0.0000e+00
        613 265.413704    0.04250     2.5501    153.007     93.889  48718.243    30.8384     9.4136     93.000     9.4012    23.7991     5.2829     7.5498     80.413    230.450    235.934   -0.00210    6.56975    9.38884  286.58473   14.84211 5.8811e-02     0.6023     1.7986    63.7914 0.0000e+00
