CTD-processing/allCTD/CNV/2012_07-30_t6_s16_cast086_4141.cnv
* Sea-Bird SBE19plus Data File:
* FileName = C:\Documents and Settings\kris.holderied.local\My Documents\2012-07-EVOS-CookInlet-Ocean\2012-07-CookInlet-Tran6-Douglas\2012-07-31-CookInlet-Tran6-cast086.hex
* Software Version 1.54
* Temperature SN =  4141
* Conductivity SN =  4141
* System UpLoad Time = Jul 31 2012 08:17:47
** Cook Inlet LTM Transect 6 (Douglas line)  East to West
** Date:  2012-07-30
** Station:  6-16
** Start time (AKDT-24 hr): 2028
** Depth (m): 154
** Comment:
# nquan = 27
# nvalues = 142                         
# units = specified
# name 0 = scan: Scan Count
# name 1 = timeJ: Julian Days
# name 2 = timeH: Time, Elapsed [hours]
# name 3 = timeM: Time, Elapsed [minutes]
# name 4 = timeS: Time, Elapsed [seconds]
# name 5 = prdM: Pressure, Strain Gauge [db]
# name 6 = specc: Specific Conductance [uS/cm]
# name 7 = sal00: Salinity, Practical [PSU]
# name 8 = tv290C: Temperature [ITS-90, deg C]
# name 9 = depSM: Depth [salt water, m], lat = 59.00
# name 10 = potemp090C: Potential Temperature [ITS-90, deg C]
# name 11 = sigma-é00: Density [sigma-theta, kg/m^3]
# name 12 = sbeox0ML/L: Oxygen, SBE 43 [ml/l]
# name 13 = sbeox0Mg/L: Oxygen, SBE 43 [mg/l]
# name 14 = sbeox0PS: Oxygen, SBE 43 [% saturation]
# name 15 = sbox0Mm/Kg: Oxygen, SBE 43 [umol/kg]
# name 16 = sbeox0Mm/L: Oxygen, SBE 43 [umol/l]
# name 17 = sbox0dV/dT: Oxygen, SBE 43 [dov/dt]
# name 18 = oxsolML/L: Oxygen Saturation, Garcia & Gordon [ml/l]
# name 19 = oxsolMg/L: Oxygen Saturation, Garcia & Gordon [mg/l]
# name 20 = oxsolMm/Kg: Oxygen Saturation, Garcia & Gordon [umol/kg]
# name 21 = n2satMg/L: Nitrogen Saturation [mg/l]
# name 22 = par: PAR/Irradiance, Biospherical/Licor
# name 23 = wetStar: Fluorescence, WET Labs WETstar [mg/m^3]
# name 24 = CStarAt0: Beam Attenuation, WET Labs C-Star [1/m]
# name 25 = CStarTr0: Beam Transmission, WET Labs C-Star [%]
# name 26 = flag: flag
# span 0 =         32,       1003       
# span 1 = 212.852902, 212.855713       
# span 2 =    0.00214,    0.06961       
# span 3 =     0.1288,     4.1765       
# span 4 =      7.725,    250.590       
# span 5 =      1.001,    143.380       
# span 6 =  49454.857,  51476.353       
# span 7 =    31.4190,    32.2161       
# span 8 =     6.2051,     9.6163       
# span 9 =      1.000,    142.000       
# span 10 =     6.1928,     9.6066      
# span 11 =    24.2212,    25.3297      
# span 12 =     5.6036,     6.8800      
# span 13 =     8.0082,     9.8322      
# span 14 =     80.030,    105.587      
# span 15 =    244.078,    299.995      
# span 16 =    250.259,    307.261      
# span 17 =   -0.03198,    0.04884      
# span 18 =    6.51592,    7.00387      
# span 19 =    9.31190,   10.00923      
# span 20 =  284.11927,  305.06558      
# span 21 =   14.72184,   15.71866      
# span 22 = 4.2734e-02, 4.9116e+01      
# span 23 =     0.1283,     8.4611      
# span 24 =     0.1028,    10.3248      
# span 25 =    14.3379,    97.4626      
# span 26 = 0.0000e+00, 0.0000e+00      
# interval = meters: 1                  
# start_time = Jul 30 2012 20:28:03 [Instrument's time stamp, header]
# bad_flag = -9.990e-29
*END*
[from data line 54]
        512 212.854290    0.03547     2.1277    127.662     55.530  50188.291    31.7294     8.3224     55.000     8.3092    24.6604     6.2460     8.9261     93.320    272.233    278.946   -0.00107    6.69308    9.56508  291.71886   15.08381 7.5171e-02     0.7646     0.1536    96.2331 0.0000e+00
        516 212.854302    0.03573     2.1442    128.650     56.533  50219.830    31.7485     8.3067     56.000     8.2907    24.6778     6.2346     8.9098     93.128    271.729    278.436   -0.00234    6.69460    9.56725  291.78017   15.08666 7.1862e-02     0.6478     0.1542    96.2202 0.0000e+00
        520 212.854315    0.03606     2.1637    129.825     57.542  50259.578    31.7732     8.2892     57.000     8.2810    24.6997     6.2236     8.8942     92.943    271.248    277.948   -0.00351    6.69617    9.56950  291.84254   15.08954 6.9160e-02     0.6126     0.1408    96.5420 0.0000e+00
        526 212.854332    0.03646     2.1873    131.235     58.568  50284.587    31.7896     8.2848     58.000     8.2818    24.7132     6.2283     8.9010     93.015    271.452    278.160   -0.00128    6.69611    9.56942  291.83639   15.08918 6.6396e-02     0.4691     0.1364    96.6455 0.0000e+00
        529 212.854341    0.03670     2.2019    132.114     59.565  50322.050    31.8165     8.2917     59.000     8.2849    24.7332     6.2216     8.8913     92.944    271.150    277.856   -0.00171    6.69390    9.56625  291.73401   15.08418 6.3759e-02     0.4397     0.1281    96.8478 0.0000e+00
        533 212.854352    0.03695     2.2172    133.029     60.563  50359.541    31.8412     8.2845     60.000     8.2708    24.7537     6.2306     8.9041     93.078    271.537    278.258   -0.00036    6.69391    9.56628  291.72888   15.08384 6.2113e-02     0.4213     0.1196    97.0541 0.0000e+00
        540 212.854372    0.03742     2.2455    134.728     61.590  50383.088    31.8543     8.2654     61.000     8.2575    24.7668     6.2383     8.9151     93.161    271.868    278.601    0.00058    6.69622    9.56957  291.82576   15.08841 6.0332e-02     0.3031     0.1185    97.0802 0.0000e+00
        545 212.854387    0.03779     2.2673    136.039     62.603  50374.184    31.8468     8.2602     62.000     8.2429    24.7616     6.2315     8.9054     93.044    271.574    278.298   -0.00086    6.69734    9.57118  291.87614   15.09085 5.9093e-02     0.2295     0.1198    97.0498 0.0000e+00
        548 212.854396    0.03801     2.2807    136.843     63.601  50381.159    31.8479     8.2390     63.000     8.2198    24.7657     6.2343     8.9094     93.042    271.694    278.422   -0.00075    6.70047    9.57565  292.01148   15.09731 5.7313e-02     0.2246     0.1237    96.9561 0.0000e+00
        552 212.854408    0.03829     2.2973    137.840     64.604  50408.268    31.8634     8.2192     64.000     8.2071    24.7806     6.2217     8.8915     92.824    271.144    277.863   -0.00233    6.70280    9.57897  292.10850   15.10188 5.6132e-02     0.2162     0.1241    96.9449 0.0000e+00
        559 212.854427    0.03876     2.3254    139.522     65.630  50419.243    31.8678     8.2016     65.000     8.1873    24.7867     6.2004     8.8610     92.471    270.213    276.910   -0.00423    6.70527    9.58250  292.21421   15.10691 5.5081e-02     0.2011     0.1205    97.0309 0.0000e+00
        564 212.854442    0.03911     2.3464    140.782     66.636  50436.465    31.8754     8.1758     66.000     8.1616    24.7964     6.1904     8.8468     92.273    269.777    276.466   -0.00438    6.70885    9.58762  292.36749   15.11420 5.4028e-02     0.1822     0.1225    96.9832 0.0000e+00
        568 212.854454    0.03940     2.3639    141.834     67.642  50467.436    31.8951     8.1663     67.000     8.1595    24.8133     6.1874     8.8425     92.220    269.639    276.329   -0.00373    6.70942    9.58843  292.38754   15.11508 5.2923e-02     0.2045     0.1219    96.9982 0.0000e+00
        573 212.854467    0.03970     2.3822    142.932     68.650  50473.633    31.8981     8.1608     68.000     8.1484    24.8165     6.1908     8.8472     92.260    269.784    276.479   -0.00208    6.71013    9.58944  292.41748   15.11650 5.2167e-02     0.1820     0.1179    97.0944 0.0000e+00
        578 212.854482    0.04008     2.4047    144.281     69.662  50483.559    31.9025     8.1470     69.000     8.1355    24.8219     6.1904     8.8467     92.228    269.767    276.463   -0.00157    6.71204    9.59218  292.49936   15.12039 5.1481e-02     0.1809     0.1133    97.2085 0.0000e+00
        584 212.854499    0.04048     2.4288    145.729     70.681  50494.364    31.9075     8.1338     70.000     8.1233    24.8277     6.1797     8.8313     92.043    269.296    275.982   -0.00251    6.71382    9.59472  292.57532   15.12399 5.0807e-02     0.1974     0.1135    97.2029 0.0000e+00
        588 212.854510    0.04074     2.4447    146.681     71.686  50489.455    31.9017     8.1221     71.000     8.1034    24.8249     6.1737     8.8229     91.928    269.040    275.718   -0.00298    6.71583    9.59759  292.66359   15.12823 5.0396e-02     0.2049     0.1127    97.2210 0.0000e+00
        591 212.854520    0.04099     2.4593    147.555     72.682  50511.517    31.9140     8.1053     72.000     8.0944    24.8370     6.1724     8.8210     91.881    268.979    275.660   -0.00271    6.71785    9.60047  292.74809   15.13222 4.9651e-02     0.1941     0.1116    97.2478 0.0000e+00
        598 212.854539    0.04143     2.4855    149.129     73.703  50519.523    31.9181     8.0985     73.000     8.0905    24.8412     6.1761     8.8263     91.925    269.141    275.827   -0.00123    6.71870    9.60169  292.78405   15.13392 4.8987e-02     0.1984     0.1081    97.3334 0.0000e+00
        604 212.854556    0.04185     2.5109    150.656     74.722  50521.928    31.9188     8.0949     74.000     8.0851    24.8422     6.1683     8.8152     91.801    268.800    275.478   -0.00191    6.71923    9.60244  292.80655   15.13499 4.8454e-02     0.2214     0.1091    97.3106 0.0000e+00
        607 212.854566    0.04207     2.5246    151.475     75.718  50529.446    31.9231     8.0914     75.000     8.0839    24.8461     6.1664     8.8125     91.769    268.716    275.392   -0.00173    6.71957    9.60293  292.82034   15.13563 4.7649e-02     0.1957     0.1083    97.3293 0.0000e+00
        611 212.854577    0.04235     2.5410    152.462     76.721  50528.000    31.9213     8.0895     76.000     8.0765    24.8450     6.1682     8.8149     91.789    268.792    275.470   -0.00123    6.71992    9.60344  292.83622   15.13640 4.7646e-02     0.1957     0.1076    97.3466 0.0000e+00
        618 212.854599    0.04287     2.5718    154.309     77.746  50528.491    31.9162     8.0583     77.000     8.0359    24.8454     6.1633     8.8080     91.649    268.581    275.254   -0.00170    6.72489    9.61054  293.05263   15.14676 4.7291e-02     0.2016     0.1028    97.4626 0.0000e+00
        624 212.854615    0.04327     2.5962    155.772     78.752  50532.918    31.9102     8.0047     78.000     7.9777    24.8485     6.1668     8.8130     91.587    268.733    275.410   -0.00148    6.73332    9.62259  293.41911   15.16428 4.6936e-02     0.2007     0.1046    97.4189 0.0000e+00
        629 212.854630    0.04360     2.6160    156.962     79.765  50560.142    31.9221     7.9629     79.000     7.9459    24.8637     6.1501     8.7891     91.259    267.999    274.663   -0.00383    6.73916    9.63095  293.66951   15.17619 4.6814e-02     0.2006     0.1065    97.3725 0.0000e+00
        633 212.854642    0.04391     2.6344    158.064     80.761  50564.246    31.9210     7.9417     80.000     7.9223    24.8660     6.1411     8.7762     91.081    267.607    274.262   -0.00430    6.74246    9.63565  293.81230   15.18301 4.6347e-02     0.2169     0.1099    97.2904 0.0000e+00
        646 212.854678    0.04476     2.6856    161.137     81.811  50586.296    31.9316     7.9145     81.000     7.9017    24.8781     6.1211     8.7477     90.735    266.734    273.370   -0.00367    6.74615    9.64093  293.96990   15.19049 4.5897e-02     0.2110     0.1091    97.3097 0.0000e+00
        648 212.854684    0.04491     2.6944    161.665     82.793  50602.418    31.9413     7.9083     82.000     7.8996    24.8867     6.1256     8.7541     90.794    266.926    273.569   -0.00276    6.74668    9.64168  293.99035   15.19143 4.6240e-02     0.2069     0.1113    97.2553 0.0000e+00
        650 212.854691    0.04509     2.7054    162.325     83.780  50599.280    31.9384     7.9060     83.000     7.8929    24.8847     6.1387     8.7728     90.981    267.496    274.152   -0.00065    6.74715    9.64235  294.01123   15.19244 4.5515e-02     0.2011     0.1091    97.3088 0.0000e+00
        659 212.854716    0.04568     2.7412    164.471     84.818  50600.058    31.9365     7.8943     84.000     7.8775    24.8850     6.1295     8.7597     90.821    267.098    273.745   -0.00164    6.74902    9.64503  294.09286   15.19634 4.5452e-02     0.2115     0.1080    97.3361 0.0000e+00
        664 212.854732    0.04607     2.7644    165.863     85.820  50602.512    31.9338     7.8705     85.000     7.8516    24.8863     6.1209     8.7474     90.643    266.722    273.360   -0.00282    6.75279    9.65042  294.25693   15.20419 4.5300e-02     0.2146     0.1082    97.3314 0.0000e+00
        669 212.854745    0.04637     2.7823    166.939     86.825  50613.755    31.9382     7.8518     86.000     7.8318    24.8923     6.1216     8.7485     90.617    266.753    273.393   -0.00213    6.75548    9.65425  294.37208   15.20967 4.5070e-02     0.2016     0.1082    97.3311 0.0000e+00
        674 212.854761    0.04677     2.8060    168.357     87.841  50613.837    31.9286     7.7960     87.000     7.7555    24.8927     6.1066     8.7270     90.276    266.101    272.724   -0.00399    6.76446    9.66710  294.76359   15.22840 4.4942e-02     0.2066     0.1087    97.3186 0.0000e+00
        680 212.854777    0.04714     2.8284    169.707     88.852  50642.981    31.9327     7.7002     88.000     7.6405    24.9093     6.0896     8.7027     89.831    265.354    271.963   -0.00615    6.77904    9.68792  295.39369   15.25846 4.4813e-02     0.1914     0.1112    97.2591 0.0000e+00
        684 212.854790    0.04745     2.8473    170.838     89.860  50733.448    31.9768     7.5887     89.000     7.5598    24.9595     6.0613     8.6623     89.212    264.107    270.699   -0.00937    6.79432    9.70975  296.04484   15.28936 4.4757e-02     0.1862     0.1129    97.2176 0.0000e+00
        689 212.854802    0.04775     2.8648    171.886     90.866  50750.750    31.9824     7.5529     90.000     7.5224    24.9688     6.0321     8.6204     88.712    262.829    269.392   -0.01092    6.79962    9.71733  296.27337   15.30025 4.4648e-02     0.1690     0.1135    97.2015 0.0000e+00
        694 212.854817    0.04812     2.8872    173.230     91.877  50780.777    31.9918     7.4879     91.000     7.4628    24.9852     6.0017     8.5770     88.139    261.500    268.034   -0.01146    6.80931    9.73118  296.69091   15.32013 4.4559e-02     0.1410     0.1164    97.1317 0.0000e+00
        700 212.854835    0.04854     2.9124    174.743     92.891  50814.990    32.0098     7.4563     92.000     7.4456    25.0037     5.9895     8.5597     87.908    260.968    267.493   -0.00843    6.81342    9.73706  296.86447   15.32835 4.4411e-02     0.1419     0.1187    97.0739 0.0000e+00
        706 212.854851    0.04893     2.9357    176.141     93.899  50815.784    32.0088     7.4496     93.000     7.4362    25.0038     5.9922     8.5635     87.933    261.084    267.612   -0.00485    6.81451    9.73861  296.91176   15.33061 4.4348e-02     0.1402     0.1212    97.0160 0.0000e+00
        711 212.854867    0.04931     2.9581    177.487     94.915  50814.533    32.0045     7.4326     94.000     7.4122    25.0028     5.9895     8.5595     87.856    260.965    267.488   -0.00335    6.81736    9.74269  297.03650   15.33658 4.4231e-02     0.1400     0.1238    96.9536 0.0000e+00
        715 212.854878    0.04957     2.9745    178.469     95.919  50826.792    32.0086     7.4094     95.000     7.3835    25.0092     5.9826     8.5498     87.711    260.664    267.183   -0.00396    6.82079    9.74760  297.18438   15.34362 4.4116e-02     0.1296     0.1232    96.9645 0.0000e+00
        719 212.854890    0.04986     2.9917    179.502     96.922  50794.710    31.9715     7.3273     96.000     7.2554    24.9912     5.9856     8.5540     87.568    260.797    267.314   -0.00359    6.83530    9.76832  297.82158   15.37418 4.4008e-02     0.1298     0.1287    96.8336 0.0000e+00
        727 212.854912    0.05039     3.0230    181.379     97.940  50927.520    32.0400     7.1918     97.000     7.1721    25.0634     5.9383     8.4864     86.646    258.720    265.204   -0.00863    6.85349    9.79433  298.59330   15.41072 4.3951e-02     0.1362     0.1375    96.6201 0.0000e+00
        733 212.854931    0.05085     3.0509    183.054     98.961  50941.573    32.0451     7.1677     98.000     7.1503    25.0706     5.9144     8.4523     86.253    257.678    264.138   -0.00784    6.85706    9.79942  298.74637   15.41801 4.3941e-02     0.1288     0.1404    96.5510 0.0000e+00
        737 212.854941    0.05108     3.0651    183.905     99.957  50946.163    32.0453     7.1536     99.000     7.1340    25.0727     5.9076     8.4425     86.126    257.380    263.833   -0.00676    6.85926    9.80256  298.84172   15.42255 4.4055e-02     0.1283     0.1424    96.5010 0.0000e+00
        740 212.854951    0.05133     3.0796    184.776    100.960  50955.304    32.0478     7.1343    100.000     7.1162    25.0772     5.9054     8.4395     86.058    257.284    263.736   -0.00578    6.86220    9.80677  298.96869   15.42860 4.3785e-02     0.1304     0.1436    96.4728 0.0000e+00
        746 212.854968    0.05175     3.1049    186.295    101.974  50971.388    32.0550     7.1148    101.000     7.1015    25.0856     5.9069     8.4416     86.044    257.347    263.803   -0.00348    6.86496    9.81071  299.08616   15.43418 4.3655e-02     0.1334     0.1463    96.4087 0.0000e+00
        756 212.854998    0.05245     3.1473    188.835    103.007  50976.048    32.0566     7.1081    102.000     7.0948    25.0877     5.9045     8.4381     85.997    257.241    263.695   -0.00141    6.86594    9.81212  299.12858   15.43619 4.3579e-02     0.1367     0.1445    96.4501 0.0000e+00
        759 212.855007    0.05265     3.1591    189.547    103.997  50964.270    32.0460     7.0973    103.000     7.0724    25.0809     5.9008     8.4328     85.915    257.081    263.529   -0.00204    6.86812    9.81523  299.22529   15.44085 4.3464e-02     0.1406     0.1441    96.4615 0.0000e+00
        763 212.855019    0.05295     3.1768    190.609    104.998  50988.560    32.0577     7.0701    104.000     7.0527    25.0936     5.8972     8.4277     85.816    256.921    263.369   -0.00228    6.87189    9.82062  299.38604   15.44847 4.3323e-02     0.1417     0.1441    96.4607 0.0000e+00
        771 212.855041    0.05348     3.2092    192.550    106.034  51001.696    32.0626     7.0493    105.000     7.0274    25.1002     5.8866     8.4125     85.623    256.457    262.894   -0.00268    6.87498    9.82503  299.51850   15.45476 4.3276e-02     0.1504     0.1433    96.4820 0.0000e+00
        775 212.855052    0.05374     3.2246    193.477    107.027  50990.652    32.0422     6.9812    106.000     6.9203    25.0932     5.8822     8.4062     85.414    256.267    262.698   -0.00347    6.88669    9.84176  300.03068   15.47929 4.3226e-02     0.1535     0.1433    96.4817 0.0000e+00
        780 212.855067    0.05410     3.2460    194.761    108.033  51087.547    32.0937     6.8961    107.000     6.8724    25.1450     5.8543     8.3663     84.871    255.038    261.451   -0.00666    6.89789    9.85778  300.50363   15.50164 4.3229e-02     0.1626     0.1453    96.4335 0.0000e+00
