CTD-processing/allCTD/CNV/2012_07-21_t9_s08_cast193_5028.cnv
* Sea-Bird SBE19plus Data File:
* FileName = C:\Documents and Settings\kris.holderied.local\My Documents\CTD-data-upload-2012-07-28\CTD5028-upload-2012-07-28-cast193.hex
* Software Version 1.54
* Temperature SN =  5028
* Conductivity SN =  5028
* System UpLoad Time = Jul 28 2012 12:41:40
** Kachemak Bay - CTD data - upload all 2012-07-28
** Date:  2012-07-21   High Tide (x of 2 lines)
** Station: 9-08
** Start time (AKDT-24 hr): 1744
** Depth (ft): 309
** Comments:  Still very turbid. Glacial silt with oil on top
# nquan = 26
# nvalues = 8                           
# units = specified
# name 0 = scan: Scan Count
# name 1 = timeJ: Julian Days
# name 2 = timeH: Time, Elapsed [hours]
# name 3 = timeM: Time, Elapsed [minutes]
# name 4 = timeS: Time, Elapsed [seconds]
# name 5 = prdM: Pressure, Strain Gauge [db]
# name 6 = specc: Specific Conductance [uS/cm]
# name 7 = sal00: Salinity, Practical [PSU]
# name 8 = tv290C: Temperature [ITS-90, deg C]
# name 9 = depSM: Depth [salt water, m], lat = 59.00
# name 10 = potemp090C: Potential Temperature [ITS-90, deg C]
# name 11 = sigma-é00: Density [sigma-theta, kg/m^3]
# name 12 = sbeox0ML/L: Oxygen, SBE 43 [ml/l]
# name 13 = sbeox0Mg/L: Oxygen, SBE 43 [mg/l]
# name 14 = sbeox0PS: Oxygen, SBE 43 [% saturation]
# name 15 = sbox0Mm/Kg: Oxygen, SBE 43 [umol/kg]
# name 16 = sbeox0Mm/L: Oxygen, SBE 43 [umol/l]
# name 17 = sbox0dV/dT: Oxygen, SBE 43 [dov/dt]
# name 18 = oxsolML/L: Oxygen Saturation, Garcia & Gordon [ml/l]
# name 19 = oxsolMg/L: Oxygen Saturation, Garcia & Gordon [mg/l]
# name 20 = oxsolMm/Kg: Oxygen Saturation, Garcia & Gordon [umol/kg]
# name 21 = n2satMg/L: Nitrogen Saturation [mg/l]
# name 22 = par: PAR/Irradiance, Biospherical/Licor [umol photons/m^2/sec]
# name 23 = flECO-AFL: Fluorescence, WET Labs ECO-AFL/FL [mg/m^3]
# name 24 = upoly0: Upoly 0, ECO-FLNTUS
# name 25 = flag: flag
# span 0 =         91,        211       
# span 1 = 203.740562, 210.286041       
# span 2 =    0.00627,    0.01455       
# span 3 =     0.3763,     0.8730       
# span 4 =     22.577,     52.380       
# span 5 =      1.009,      9.086       
# span 6 =  37576.747,  45748.818       
# span 7 =    23.4318,    28.7758       
# span 8 =    10.0559,    10.5244       
# span 9 =      1.000,      9.000       
# span 10 =    10.0866,    10.5352      
# span 11 =    17.8587,    22.0664      
# span 12 =     5.6798,     6.2053      
# span 13 =     8.0620,     8.7187      
# span 14 =     85.270,     93.749      
# span 15 =    248.970,    271.233      
# span 16 =    253.658,    277.130      
# span 17 =    0.00494,    0.01415      
# span 18 =    6.56507,    6.82247      
# span 19 =    9.38634,    9.72658      
# span 20 =  287.15434,  298.24161      
# span 21 =   14.88862,   15.41756      
# span 22 = 1.8004e+01, 3.9538e+01      
# span 23 =     3.6696,     5.4123      
# span 24 =  5.4164358,  8.3899853      
# span 25 = 0.0000e+00, 0.0000e+00      
# interval = meters: 1                  
# start_time = Jul 21 2012 17:46:02 [Instrument's time stamp, header]
# bad_flag = -9.990e-29
*END*
         91 203.740562    0.00627     0.3763     22.577      1.009  37576.747    23.4318    10.5244      1.000    10.5352    17.8587     5.6798     8.0620     85.270    248.970    253.658    0.01410    6.66337    9.61471  292.09982   15.28779 3.9538e+01     3.6696  8.3899853 0.0000e+00
        195 203.740863    0.01348     0.8091     48.544      2.019  43770.673    27.5323    10.3885      2.000    10.3616    21.0669     5.7399     8.2091     87.429    251.063    256.346    0.00494    6.56507    9.38634  287.15434   14.88862 1.9708e+01     5.4123  6.9533721 0.0000e+00
        199 203.740873    0.01372     0.8233     49.401      3.028  43845.547    27.5774    10.3270      3.000    10.2771    21.1116     5.7735     8.2721     87.831    252.524    257.845    0.00537    6.57279    9.39667  287.48541   14.90296 1.9682e+01     5.3432  6.9793355 0.0000e+00
        200 203.740878    0.01385     0.8311     49.864      4.038  43938.816    27.6357    10.2807      4.000    10.2047    21.1640     5.8028     8.3128     88.197    253.787    259.151    0.00587    6.57755    9.40300  287.67988   14.91124 1.9572e+01     5.2144  6.6245724 0.0000e+00
        202 203.740882    0.01394     0.8364     50.182      5.048  44041.805    27.7011    10.2374      5.000    10.1292    21.2214     5.8403     8.3491     88.678    255.398    260.825    0.00672    6.58261    9.40830  287.87389   14.91791 1.9309e+01     5.0606  6.3293909 0.0000e+00
        203 203.740884    0.01401     0.8405     50.427      6.058  44146.343    27.7674    10.1932      6.000    10.0866    21.2797     5.8905     8.3845     89.312    257.555    263.068    0.00798    6.59018    9.41370  288.16833   14.92471 1.8991e+01     4.8887  6.1055623 0.0000e+00
        211 210.286041    0.01455     0.8730     52.380      8.077  45748.818    28.7758    10.4386      8.000 -9.990e-29    22.0664     6.2053     8.7187     93.749    271.233    277.130    0.01162    6.82247    9.72658  298.24161   15.41756 1.9000e+01     4.6674  5.9065123 0.0000e+00
        206 203.740893    0.01421     0.8523     51.138      9.086  44448.737    27.9582    10.0559      9.000 -9.990e-29    21.4490     6.1155     8.4928     92.116    267.239    273.116    0.01415    6.62752    9.43144  289.65477   14.94749 1.8004e+01     4.2254  5.4164358 0.0000e+00
