CTD-processing/allCTD/CNV/2012_06-05a_t9_s06a_cast037_4141.cnv
* Sea-Bird SBE19plus Data File:
* FileName = C:\Documents and Settings\kris.holderied.local\My Documents\2012-KBRR-CTD-Kachemak-Bay\2012-KBRR-CTD-cast037.hex
* Software Version 1.54
* Temperature SN =  4141
* Conductivity SN =  4141
* System UpLoad Time = Jul 24 2012 22:01:23
** Kachemak Bay - Homer Spit Line CTD Survey
** Date:  2012-xx-xx   xxxx Tide (x of 2 lines)
** Station: 9-06
** Start time (AKDT-24 hr): 16:42
** Depth (m): 103
** Comments: CTD time set wrong by 1 hour
# nquan = 27
# nvalues = 102                         
# units = specified
# name 0 = scan: Scan Count
# name 1 = timeJ: Julian Days
# name 2 = timeH: Time, Elapsed [hours]
# name 3 = timeM: Time, Elapsed [minutes]
# name 4 = timeS: Time, Elapsed [seconds]
# name 5 = prdM: Pressure, Strain Gauge [db]
# name 6 = specc: Specific Conductance [uS/cm]
# name 7 = sal00: Salinity, Practical [PSU]
# name 8 = tv290C: Temperature [ITS-90, deg C]
# name 9 = depSM: Depth [salt water, m], lat = 59.00
# name 10 = potemp090C: Potential Temperature [ITS-90, deg C]
# name 11 = sigma-é00: Density [sigma-theta, kg/m^3]
# name 12 = sbeox0ML/L: Oxygen, SBE 43 [ml/l]
# name 13 = sbeox0Mg/L: Oxygen, SBE 43 [mg/l]
# name 14 = sbeox0PS: Oxygen, SBE 43 [% saturation]
# name 15 = sbox0Mm/Kg: Oxygen, SBE 43 [umol/kg]
# name 16 = sbeox0Mm/L: Oxygen, SBE 43 [umol/l]
# name 17 = sbox0dV/dT: Oxygen, SBE 43 [dov/dt]
# name 18 = oxsolML/L: Oxygen Saturation, Garcia & Gordon [ml/l]
# name 19 = oxsolMg/L: Oxygen Saturation, Garcia & Gordon [mg/l]
# name 20 = oxsolMm/Kg: Oxygen Saturation, Garcia & Gordon [umol/kg]
# name 21 = n2satMg/L: Nitrogen Saturation [mg/l]
# name 22 = par: PAR/Irradiance, Biospherical/Licor
# name 23 = wetStar: Fluorescence, WET Labs WETstar [mg/m^3]
# name 24 = CStarAt0: Beam Attenuation, WET Labs C-Star [1/m]
# name 25 = CStarTr0: Beam Transmission, WET Labs C-Star [%]
# name 26 = flag: flag
# span 0 =        135,        669       
# span 1 = 157.738259, 157.739803       
# span 2 =    0.00933,    0.04640       
# span 3 =     0.5599,     2.7837       
# span 4 =     33.597,    167.025       
# span 5 =      1.004,    102.948       
# span 6 =  48632.214,  51231.483       
# span 7 =    30.5294,    31.7306       
# span 8 =     4.6115,     7.7290       
# span 9 =      1.000,    102.000       
# span 10 =     4.6040,     7.7258      
# span 11 =    23.8392,    25.1258      
# span 12 =     5.7369,     8.5011      
# span 13 =     8.1986,    12.1489      
# span 14 =     83.997,    124.413      
# span 15 =    250.222,    370.783      
# span 16 =    256.210,    379.659      
# span 17 =   -0.04899,    0.01958      
# span 18 =    6.82985,    7.29758      
# span 19 =    9.76055,   10.42896      
# span 20 =  297.89324,  317.92174      
# span 21 =   15.38282,   16.33291      
# span 22 = 3.6518e-02, 2.9226e+02      
# span 23 =     0.1724,    11.1559      
# span 24 =     0.4572,     3.0067      
# span 25 =    56.7888,    89.1984      
# span 26 = 0.0000e+00, 0.0000e+00      
# interval = meters: 1                  
# start_time = Jun 05 2012 17:42:32 [Instrument's time stamp, header]
# bad_flag = -9.990e-29
*END*
        135 157.738259    0.00933     0.5599     33.597      1.004  48797.539    30.6894     7.7290      1.000     7.7258    23.9280     5.7369     8.1986     83.997    250.222    256.210    0.00751    6.82985    9.76055  297.89324   15.38282 1.4683e+02     0.1724     3.0067    56.7888 0.0000e+00
        345 157.738865    0.02386     1.4317     85.900      2.032  48822.429    30.7022     7.7033      2.000     7.6772    23.9417     8.5011    12.1489    124.413    370.783    379.659    0.01958    6.83328    9.76544  298.03881   15.38972 2.9226e+02     3.1945     0.6108    80.0111 0.0000e+00
        405 157.739039    0.02805     1.6831    100.985      3.038  48833.681    30.7004     7.6449      3.000     7.5945    23.9482     8.3898    11.9899    122.614    365.924    374.687    0.00700    6.84249    9.77860  298.43846   15.40880 1.9950e+02     2.1992     1.1973    74.1338 0.0000e+00
        398 157.739018    0.02756     1.6533     99.199      4.042  48857.712    30.7065     7.5809      4.000     7.4852    23.9617     8.3419    11.9215    121.740    363.832    372.551    0.00326    6.85225    9.79256  298.86037   15.42891 1.2285e+02     2.4185     1.2310    73.5102 0.0000e+00
        400 157.739026    0.02772     1.6633     99.799      5.044  48632.214    30.5294     7.4571      5.000     7.1039    23.8392     8.3698    11.9613    121.660    365.092    373.795    0.00228    6.87970    9.83179  300.09365   15.48847 8.3129e+01     3.1871     1.2350    73.4366 0.0000e+00
        403 157.739033    0.02790     1.6738    100.427      6.055  49054.613    30.7514     7.0317      6.000     6.8006    24.0696     8.3415    11.9208    120.242    363.773    372.529   -0.00841    6.93738    9.91422  302.54137   15.60430 5.9695e+01     3.8831     1.2090    73.9160 0.0000e+00
        405 157.739040    0.02808     1.6845    101.073      7.067  49458.467    30.9840     6.7579      7.000     6.7015    24.2879     8.2767    11.8283    118.736    360.874    369.639   -0.02257    6.97075    9.96191  303.93195   15.66964 4.3724e+01     5.1035     1.1715    74.6131 0.0000e+00
        408 157.739048    0.02825     1.6952    101.715      8.076  49554.548    31.0392     6.6956      8.000     6.6845    24.3392     8.2288    11.7599    117.920    358.767    367.500   -0.02786    6.97831    9.97271  304.24629   15.68440 3.1536e+01     7.3131     1.1417    75.1687 0.0000e+00
        410 157.739055    0.02843     1.7059    102.355      9.085  49569.228    31.0468     6.6839      9.000     6.6818    24.3467     8.2255    11.7549    117.846    358.618    367.350   -0.02234    6.97985    9.97490  304.31113   15.68747 2.3638e+01     9.6960     1.1438    75.1299 0.0000e+00
        413 157.739062    0.02861     1.7167    103.000     10.094  49587.426    31.0589     6.6833     10.000     6.6840    24.3563     8.2152    11.7403    117.706    358.166    366.890   -0.01909    6.97940    9.97426  304.28874   15.68634 1.7784e+01    11.1559     1.1347    75.3010 0.0000e+00
        416 157.739070    0.02879     1.7275    103.649     11.104  49590.535    31.0608     6.6852     11.000     6.6725    24.3576     8.2122    11.7360    117.670    358.035    366.756   -0.01564    6.97902    9.97370  304.27124   15.68550 1.2802e+01    10.3700     1.1380    75.2382 0.0000e+00
        418 157.739078    0.02898     1.7385    104.309     12.113  49612.140    31.0724     6.6684     12.000     6.6332    24.3689     8.2179    11.7441    117.714    358.279    367.009   -0.01195    6.98119    9.97682  304.36298   15.68983 9.3606e+00    10.8391     1.1052    75.8594 0.0000e+00
        421 157.739086    0.02916     1.7496    104.977     13.123  49674.036    31.1047     6.6124     13.000     6.5528    24.4015     8.2249    11.7542    117.687    358.573    367.323   -0.00935    6.98878    9.98768  304.68457   15.70503 6.9841e+00    10.6368     1.0769    76.3982 0.0000e+00
        424 157.739093    0.02935     1.7607    105.644     14.132  49749.073    31.1422     6.5343     14.000     6.4783    24.4407     8.2149    11.7400    117.360    358.125    366.878   -0.00970    6.99977   10.00339  305.15208   15.72717 5.2878e+00    10.9482     1.0024    77.8336 0.0000e+00
        426 157.739101    0.02952     1.7717    106.304     15.142  49845.632    31.1962     6.4662     15.000     6.4323    24.4917     8.1683    11.6733    116.550    356.076    364.796   -0.01443    7.00841   10.01572  305.51301   15.74415 4.1259e+00    10.4115     0.9643    78.5777 0.0000e+00
        429 157.739109    0.02971     1.7827    106.960     16.152  49913.062    31.2355     6.4285     16.000     6.3974    24.5273     8.0838    11.5525    115.273    352.378    361.021   -0.02264    7.01275   10.02193  305.69186   15.75250 3.2548e+00     9.5735     0.9157    79.5398 0.0000e+00
        431 157.739116    0.02989     1.7934    107.606     17.162  49983.605    31.2762     6.3872     17.000     6.3470    24.5646     7.9941    11.4243    113.914    348.456    357.016   -0.03085    7.01763   10.02889  305.89324   15.76194 2.6073e+00     8.6318     0.9057    79.7408 0.0000e+00
        434 157.739123    0.03007     1.8040    108.240     18.170  50054.435    31.3166     6.3430     18.000     6.3270    24.6019     7.9270    11.3285    112.872    345.520    354.021   -0.03518    7.02302   10.03659  306.11671   15.77242 2.0441e+00     9.1153     0.8441    80.9746 0.0000e+00
        436 157.739130    0.03024     1.8146    108.874     19.180  50079.297    31.3301     6.3260     19.000     6.3157    24.6147     7.8814    11.2633    112.188    343.528    351.984   -0.03481    7.02518   10.03969  306.20751   15.77670 1.5859e+00     8.0225     0.8267    81.3282 0.0000e+00
        439 157.739138    0.03042     1.8251    109.506     20.191  50096.574    31.3397     6.3156     20.000     6.3099    24.6235     7.8485    11.2164    111.700    342.093    350.517   -0.03224    7.02643   10.04148  306.25930   15.77913 1.2599e+00     8.1363     0.7972    81.9309 0.0000e+00
        442 157.739145    0.03059     1.8354    110.126     21.199  50108.891    31.3469     6.3112     21.000     6.3093    24.6298     7.8243    11.1817    111.350    341.033    349.431   -0.02940    7.02681   10.04201  306.27371   15.77978 9.9419e-01     8.0000     0.8107    81.6563 0.0000e+00
        444 157.739152    0.03076     1.8457    110.744     22.209  50116.645    31.3516     6.3104     22.000     6.3021    24.6336     7.8172    11.1716    111.250    340.724    349.117   -0.02496    7.02675   10.04192  306.26993   15.77958 7.5804e-01     7.9616     0.8044    81.7847 0.0000e+00
        446 157.739159    0.03093     1.8561    111.364     23.219  50137.547    31.3640     6.3016     23.000     6.2905    24.6444     7.8247    11.1822    111.343    341.047    349.453   -0.01925    7.02760   10.04314  306.30391   15.78115 5.9019e-01     7.4612     0.8060    81.7507 0.0000e+00
        449 157.739167    0.03110     1.8663    111.980     24.227  50160.152    31.3770     6.2901     24.000     6.2765    24.6561     7.8343    11.1960    111.459    341.461    349.881   -0.01416    7.02888   10.04497  306.35624   15.78359 4.6214e-01     7.5057     0.8021    81.8307 0.0000e+00
        451 157.739173    0.03128     1.8767    112.600     25.236  50190.783    31.3949     6.2751     25.000     6.2441    24.6721     7.8368    11.1995    111.467    341.562    349.990   -0.01100    7.03051   10.04730  306.42232   15.78666 3.5644e-01     7.0815     0.7958    81.9598 0.0000e+00
        454 157.739181    0.03145     1.8871    113.224     26.248  50249.284    31.4278     6.2373     26.000     6.2037    24.7026     7.8287    11.1879    111.278    341.200    349.629   -0.01024    7.03523   10.05404  306.61883   15.79590 2.8050e-01     6.7480     0.7451    83.0061 0.0000e+00
        456 157.739188    0.03162     1.8973    113.839     27.256  50306.142    31.4596     6.1998     27.000     6.1710    24.7323     7.8135    11.1661    110.987    340.526    348.948   -0.01085    7.03992   10.06074  306.81449   15.80510 2.2649e-01     7.9541     0.7151    83.6305 0.0000e+00
        459 157.739195    0.03180     1.9076    114.457     28.268  50277.063    31.4309     6.1575     28.000     6.0615    24.7148     7.7831    11.1228    110.426    339.209    347.592   -0.01330    7.04825   10.07264  307.18269   15.82276 1.8490e-01     7.4344     0.6888    84.1811 0.0000e+00
        461 157.739202    0.03196     1.9178    115.065     29.274  50246.502    31.3860     6.0360     29.000     5.8795    24.6939     7.7395    11.0604    109.463    337.315    345.645   -0.01869    7.07049   10.10443  308.15816   15.86941 1.5192e-01     5.6207     0.6346    85.3312 0.0000e+00
        464 157.739209    0.03213     1.9281    115.685     30.289  50462.119    31.4970     5.8444     30.000     5.7670    24.8043     7.6648    10.9536    107.996    334.022    342.308   -0.02785    7.09718   10.14257  309.28827   15.92281 1.3040e-01     5.7480     0.5380    87.4140 0.0000e+00
        466 157.739216    0.03230     1.9382    116.291     31.294  50575.581    31.5588     5.7632     31.000     5.7335    24.8626     7.5683    10.8159    106.478    329.802    338.002   -0.03674    7.10790   10.15790  309.73789   15.94397 1.1366e-01     5.6446     0.5150    87.9192 0.0000e+00
        469 157.739224    0.03247     1.9482    116.896     32.303  50599.618    31.5687     5.7322     32.000     5.6981    24.8741     7.4578    10.6580    104.853    324.984    333.066   -0.04434    7.11264   10.16466  309.94068   15.95359 1.0084e-01     4.6852     0.5062    88.1143 0.0000e+00
        471 157.739230    0.03264     1.9583    117.500     33.314  50587.455    31.5514     5.6905     33.000     5.6468    24.8653     7.3707    10.5335    103.515    321.190    329.177   -0.04870    7.12045   10.17584  310.28415   15.97002 8.7559e-02     3.1826     0.5047    88.1467 0.0000e+00
        473 157.739237    0.03281     1.9684    118.106     34.322  50618.279    31.5624     5.6418     34.000     5.6065    24.8796     7.3112    10.4484    102.568    318.588    326.514   -0.04899    7.12813   10.18681  310.61442   15.98571 7.7279e-02     2.7525     0.5045    88.1515 0.0000e+00
        476 157.739245    0.03298     1.9786    118.715     35.334  50656.121    31.5804     5.6044     35.000     5.5802    24.8982     7.2809    10.4051    102.065    317.266    325.165   -0.04438    7.13359   10.19462  310.84684   15.99671 6.9104e-02     2.3614     0.5070    88.0972 0.0000e+00
        478 157.739251    0.03315     1.9887    119.320     36.343  50669.149    31.5837     5.5789     36.000     5.5576    24.9037     7.2640    10.3809    101.769    316.527    324.410   -0.03855    7.13775   10.20058  311.02661   16.00526 6.3295e-02     1.8215     0.5157    87.9055 0.0000e+00
        481 157.739258    0.03331     1.9988    119.927     37.352  50695.211    31.5967     5.5566     37.000     5.5447    24.9165     7.2496    10.3605    101.523    315.899    323.769   -0.03328    7.14091   10.20506  311.15981   16.01155 5.8371e-02     2.3988     0.5142    87.9375 0.0000e+00
        483 157.739265    0.03348     2.0089    120.537     38.362  50700.902    31.5980     5.5460     38.000     5.5357    24.9188     7.2472    10.3571    101.465    315.795    323.664   -0.02768    7.14264   10.20755  311.23487   16.01512 5.4603e-02     1.9256     0.5180    87.8528 0.0000e+00
        486 157.739273    0.03365     2.0191    121.148     39.372  50703.782    31.5976     5.5371     39.000     5.5256    24.9195     7.2461    10.3553    101.426    315.741    323.609   -0.02252    7.14417   10.20973  311.30103   16.01827 5.1215e-02     1.7701     0.5181    87.8500 0.0000e+00
        488 157.739280    0.03382     2.0294    121.763     40.382  50718.103    31.6047     5.5263     40.000     5.5137    24.9264     7.2451    10.3540    101.392    315.698    323.567   -0.01842    7.14567   10.21186  311.36412   16.02124 4.8799e-02     1.9342     0.5174    87.8666 0.0000e+00
        491 157.739287    0.03400     2.0397    122.379     41.392  50753.765    31.6266     5.5148     41.000     5.5054    24.9449     7.2362    10.3413    101.255    315.306    323.171   -0.01585    7.14657   10.21316  311.39790   16.02277 4.6800e-02     2.5807     0.4962    88.3334 0.0000e+00
        493 157.739294    0.03417     2.0498    122.989     42.400  50760.040    31.6289     5.5075     42.000     5.4994    24.9476     7.2329    10.3366    101.193    315.160    323.022   -0.01366    7.14769   10.21476  311.44591   16.02504 4.5576e-02     2.0437     0.4788    88.7190 0.0000e+00
        495 157.739301    0.03434     2.0601    123.606     43.411  50767.587    31.6324     5.5017     43.000     5.4960    24.9511     7.2276    10.3290    101.107    314.929    322.787   -0.01173    7.14851   10.21592  311.48044   16.02667 4.3758e-02     1.6861     0.4728    88.8527 0.0000e+00
        498 157.739308    0.03450     2.0703    124.220     44.420  50768.306    31.6317     5.4985     44.000     5.4912    24.9509     7.2092    10.3028    100.841    314.128    321.965   -0.01142    7.14908   10.21674  311.50546   16.02787 4.2687e-02     1.5793     0.4779    88.7392 0.0000e+00
        500 157.739315    0.03467     2.0805    124.833     45.430  50769.236    31.6309     5.4935     45.000     5.4837    24.9508     7.1951    10.2825    100.631    313.510    321.333   -0.01163    7.14996   10.21799  311.54363   16.02969 4.1910e-02     1.4796     0.4698    88.9198 0.0000e+00
        503 157.739322    0.03484     2.0908    125.444     46.440  50769.852    31.6292     5.4858     46.000     5.4760    24.9503     7.1927    10.2791    100.578    313.406    321.227   -0.01041    7.15135   10.21999  311.60445   16.03259 4.0001e-02     1.4758     0.4572    89.1984 0.0000e+00
        505 157.739330    0.03502     2.1009    126.056     47.448  50764.507    31.6233     5.4774     47.000     5.4477    24.9467     7.2000    10.2895    100.656    313.725    321.551   -0.00755    7.15305   10.22243  311.67993   16.03621 4.6112e-02     1.6923     0.4629    89.0715 0.0000e+00
        508 157.739336    0.03519     2.1112    126.674     48.458  50724.597    31.5878     5.4410     48.000     5.3891    24.9227     7.2043    10.2958    100.606    313.924    321.747   -0.00624    7.16095   10.23371  312.03111   16.05308 2.1824e-01     1.4096     0.4725    88.8594 0.0000e+00
        510 157.739344    0.03536     2.1216    127.293     49.470  50778.296    31.6127     5.3850     49.000     5.3509    24.9487     7.1998    10.2892    100.426    313.716    321.544   -0.00656    7.16928   10.24562  312.38642   16.06989 1.1975e-01     1.2120     0.4869    88.5381 0.0000e+00
        513 157.739351    0.03553     2.1317    127.904     50.478  50811.042    31.6271     5.3483     50.000     5.3225    24.9642     7.1765    10.2560    100.023    312.696    320.503   -0.00865    7.17486   10.25359  312.62449   16.08117 8.5406e-02     1.3123     0.4952    88.3584 0.0000e+00
        515 157.739358    0.03569     2.1420    128.518     51.487  50741.859    31.5719     5.3144     51.000     5.2389    24.9243     7.1606    10.2332     99.684    312.016    319.793   -0.01039    7.18330   10.26564  313.00437   16.09949 6.9063e-02     1.0743     0.5171    87.8724 0.0000e+00
        518 157.739365    0.03587     2.1522    129.133     52.498  50716.703    31.5344     5.2211     52.000     5.1383    24.9051     7.1477    10.2147     99.259    311.459    319.216   -0.01215    7.20108   10.29106  313.78527   16.13683 6.0958e-02     1.3599     0.5489    87.1767 0.0000e+00
        520 157.739372    0.03604     2.1625    129.753     53.509  50808.932    31.5783     5.1310     53.000     5.0819    24.9496     7.1292    10.1884     98.819    310.641    318.392   -0.01365    7.21446   10.31019  314.35489   16.16376 5.7689e-02     1.1100     0.5879    86.3299 0.0000e+00
