CTD-processing/allCTD/CNV/2012_07-29_t3_s13_cast045_4141.cnv
* Sea-Bird SBE19plus Data File:
* FileName = C:\Documents and Settings\kris.holderied.local\My Documents\2012-07-EVOS-CookInlet-Ocean\2012-07-29-Tran3-CookInlet-LTM-cast045.hex
* Software Version 1.54
* Temperature SN =  4141
* Conductivity SN =  4141
* System UpLoad Time = Jul 29 2012 20:19:20
** Cook Inlet LTM Transect 3 from Anchor Pt west
** Date:  2012-07-29
** Station:  3-13
** Start time (AKDT-24 hr): 1445 (CTD time 1 hr later than AKDT.)
** Depth (m): 35
** Zooplankton sample with bongo, 333 um net to 50 m.  Phytoplankton surface grab and vertical tow to 10 m. Water grab for OA at 10 m.
# nquan = 27
# nvalues = 34                          
# units = specified
# name 0 = scan: Scan Count
# name 1 = timeJ: Julian Days
# name 2 = timeH: Time, Elapsed [hours]
# name 3 = timeM: Time, Elapsed [minutes]
# name 4 = timeS: Time, Elapsed [seconds]
# name 5 = prdM: Pressure, Strain Gauge [db]
# name 6 = specc: Specific Conductance [uS/cm]
# name 7 = sal00: Salinity, Practical [PSU]
# name 8 = tv290C: Temperature [ITS-90, deg C]
# name 9 = depSM: Depth [salt water, m], lat = 59.00
# name 10 = potemp090C: Potential Temperature [ITS-90, deg C]
# name 11 = sigma-é00: Density [sigma-theta, kg/m^3]
# name 12 = sbeox0ML/L: Oxygen, SBE 43 [ml/l]
# name 13 = sbeox0Mg/L: Oxygen, SBE 43 [mg/l]
# name 14 = sbeox0PS: Oxygen, SBE 43 [% saturation]
# name 15 = sbox0Mm/Kg: Oxygen, SBE 43 [umol/kg]
# name 16 = sbeox0Mm/L: Oxygen, SBE 43 [umol/l]
# name 17 = sbox0dV/dT: Oxygen, SBE 43 [dov/dt]
# name 18 = oxsolML/L: Oxygen Saturation, Garcia & Gordon [ml/l]
# name 19 = oxsolMg/L: Oxygen Saturation, Garcia & Gordon [mg/l]
# name 20 = oxsolMm/Kg: Oxygen Saturation, Garcia & Gordon [umol/kg]
# name 21 = n2satMg/L: Nitrogen Saturation [mg/l]
# name 22 = par: PAR/Irradiance, Biospherical/Licor
# name 23 = wetStar: Fluorescence, WET Labs WETstar [mg/m^3]
# name 24 = CStarAt0: Beam Attenuation, WET Labs C-Star [1/m]
# name 25 = CStarTr0: Beam Transmission, WET Labs C-Star [%]
# name 26 = flag: flag
# span 0 =        128,        484       
# span 1 = 211.656778, 211.657810       
# span 2 =    0.00879,    0.03355       
# span 3 =     0.5271,     2.0129       
# span 4 =     31.628,    120.772       
# span 5 =      1.003,     34.317       
# span 6 =  48877.031,  49114.741       
# span 7 =    31.0509,    31.1749       
# span 8 =     9.6510,     9.8518       
# span 9 =      1.000,     34.000       
# span 10 =     9.6484,     9.7880      
# span 11 =    23.8942,    24.0234      
# span 12 =     5.9038,     6.9641      
# span 13 =     8.4372,     9.9523      
# span 14 =     90.851,    106.872      
# span 15 =    257.515,    303.728      
# span 16 =    263.666,    311.016      
# span 17 =   -0.00338,    0.01475      
# span 18 =    6.49796,    6.52130      
# span 19 =    9.28623,    9.31960      
# span 20 =  283.42935,  284.40933      
# span 21 =   14.69035,   14.73671      
# span 22 = 1.4971e-01, 1.3615e+02      
# span 23 =     1.1289,     3.3140      
# span 24 =     0.3802,     2.3898      
# span 25 =    64.9346,    90.1322      
# span 26 = 0.0000e+00, 0.0000e+00      
# interval = meters: 1                  
# start_time = Jul 29 2012 15:45:14 [Instrument's time stamp, header]
# bad_flag = -9.990e-29
*END*
        128 211.656778    0.00879     0.5271     31.628      1.003  48877.031    31.0509     9.8518      1.000     9.7880    23.8942     5.9038     8.4372     90.851    257.515    263.666    0.01475    6.49796    9.28623  283.42935   14.69035 1.3615e+02     1.1289     2.3898    64.9346 0.0000e+00
        338 211.657388    0.02344     1.4060     84.359      2.020  49050.378    31.1473     9.6930      2.000     9.6955    23.9947     6.9641     9.9523    106.872    303.728    311.016    0.00421    6.51640    9.31258  284.20277   14.72694 1.2017e+02     2.4905     0.3802    90.1322 0.0000e+00
        335 211.657379    0.02320     1.3923     83.539      3.028  49043.745    31.1433     9.7000      3.000     9.6997    23.9905     6.9136     9.8802    106.109    301.527    308.761    0.00185    6.51556    9.31139  284.16771   14.72528 8.3649e+01     2.6367     0.4605    89.1258 0.0000e+00
        340 211.657393    0.02354     1.4122     84.734      4.039  49043.650    31.1427     9.6997      4.000     9.6981    23.9902     6.9002     9.8610    105.900    300.941    308.160   -0.00132    6.51564    9.31150  284.17137   14.72546 6.3198e+01     2.9825     0.4609    89.1172 0.0000e+00
        345 211.657406    0.02386     1.4313     85.878      5.047  49046.029    31.1437     9.6969      5.000     9.6963    23.9914     6.9231     9.8938    106.248    301.942    309.186    0.00198    6.51600    9.31201  284.18663   14.72618 4.8807e+01     2.7243     0.4613    89.1078 0.0000e+00
        349 211.657420    0.02418     1.4508     87.047      6.054  49046.672    31.1438     9.6975      6.000     9.6974    23.9913     6.9334     9.9086    106.408    302.392    309.647    0.00337    6.51590    9.31188  284.18240   14.72598 3.7732e+01     2.9079     0.4539    89.2727 0.0000e+00
        354 211.657434    0.02453     1.4717     88.304      7.068  49044.834    31.1421     9.6983      7.000     9.6964    23.9900     6.9248     9.8963    106.277    302.019    309.264    0.00012    6.51587    9.31183  284.18121   14.72593 2.9854e+01     3.0267     0.4529    89.2950 0.0000e+00
        359 211.657448    0.02485     1.4914     89.482      8.076  49047.430    31.1431     9.6954      8.000     9.6942    23.9913     6.9420     9.9207    106.533    302.764    310.029    0.00251    6.51623    9.31234  284.19642   14.72665 2.3840e+01     2.9408     0.4560    89.2258 0.0000e+00
        364 211.657461    0.02518     1.5108     90.650      9.084  49048.919    31.1436     9.6944      9.000     9.6923    23.9918     6.9368     9.9133    106.452    302.538    309.796    0.00092    6.51635    9.31252  284.20182   14.72691 1.9416e+01     3.0517     0.4562    89.2222 0.0000e+00
        368 211.657475    0.02552     1.5312     91.873     10.097  49050.944    31.1443     9.6918     10.000     9.6874    23.9927     6.9209     9.8907    106.203    301.846    309.089   -0.00204    6.51671    9.31302  284.21697   14.72763 1.5839e+01     2.7498     0.4505    89.3501 0.0000e+00
        373 211.657488    0.02582     1.5494     92.962     11.104  49061.033    31.1495     9.6802     11.000     9.6722    23.9987     6.9151     9.8824    106.091    301.592    308.830   -0.00247    6.51815    9.31509  284.27833   14.73055 1.2844e+01     2.9857     0.4501    89.3568 0.0000e+00
        377 211.657501    0.02613     1.5677     94.062     12.110  49073.363    31.1567     9.6721     12.000     9.6695    24.0056     6.9127     9.8790    106.039    301.485    308.723   -0.00238    6.51902    9.31632  284.31402   14.73222 1.0610e+01     3.0202     0.4506    89.3463 0.0000e+00
        383 211.657516    0.02650     1.5900     95.399     13.126  49084.509    31.1631     9.6640     13.000     9.6583    24.0118     6.9112     9.8768    106.002    301.416    308.654   -0.00174    6.51990    9.31759  284.35100   14.73397 8.9067e+00     2.7792     0.4465    89.4378 0.0000e+00
        387 211.657529    0.02682     1.6089     96.531     14.136  49092.719    31.1676     9.6582     14.000     9.6565    24.0164     6.9123     9.8783    106.007    301.461    308.700   -0.00117    6.52055    9.31851  284.37778   14.73523 7.3023e+00     2.7143     0.4454    89.4627 0.0000e+00
        391 211.657541    0.02709     1.6253     97.519     15.137  49097.350    31.1701     9.6554     15.000     9.6515    24.0188     6.9159     9.8835    106.059    301.620    308.864   -0.00059    6.52084    9.31893  284.38995   14.73580 5.9821e+00     2.8635     0.4576    89.1920 0.0000e+00
        396 211.657555    0.02743     1.6460     98.760     16.152  49104.081    31.1738     9.6511     16.000     9.6492    24.0224     6.9230     9.8936    106.159    301.927    309.180    0.00069    6.52130    9.31960  284.40933   14.73671 5.0012e+00     2.7464     0.4421    89.5365 0.0000e+00
        401 211.657570    0.02780     1.6680    100.082     17.165  49104.273    31.1735     9.6512     17.000     9.6497    24.0222     6.9056     9.8688    105.893    301.169    308.404   -0.00198    6.52130    9.31959  284.40924   14.73671 4.1257e+00     3.1638     0.4447    89.4797 0.0000e+00
        406 211.657583    0.02809     1.6855    101.128     18.170  49104.583    31.1735     9.6522     18.000     9.6506    24.0220     6.8941     9.8524    105.719    300.668    307.891   -0.00338    6.52118    9.31941  284.40367   14.73644 3.3725e+00     2.9520     0.4455    89.4600 0.0000e+00
        410 211.657595    0.02839     1.7037    102.221     19.177  49103.255    31.1723     9.6535     19.000     9.6522    24.0209     6.8981     9.8581    105.783    300.842    308.069   -0.00188    6.52103    9.31920  284.39756   14.73616 2.7902e+00     3.3140     0.4459    89.4521 0.0000e+00
        415 211.657609    0.02874     1.7243    103.455     20.190  49101.677    31.1710     9.6551     20.000     9.6531    24.0196     6.9180     9.8865    106.091    301.712    308.959    0.00158    6.52086    9.31896  284.39067   14.73583 2.3138e+00     2.7313     0.4441    89.4910 0.0000e+00
        420 211.657624    0.02908     1.7447    104.684     21.199  49101.881    31.1707     9.6554     21.000     9.6535    24.0194     6.9262     9.8983    106.217    302.070    309.325    0.00222    6.52081    9.31890  284.38870   14.73574 1.9107e+00     3.0789     0.4407    89.5685 0.0000e+00
        425 211.657638    0.02941     1.7646    105.879     22.210  49101.908    31.1704     9.6562     22.000     9.6537    24.0190     6.9181     9.8866    106.094    301.715    308.961    0.00011    6.52071    9.31875  284.38440   14.73553 1.5603e+00     2.9822     0.4422    89.5333 0.0000e+00
        429 211.657651    0.02973     1.7841    107.043     23.216  49104.094    31.1714     9.6550     23.000     9.6508    24.0200     6.9179     9.8863    106.089    301.706    308.953   -0.00032    6.52085    9.31895  284.39015   14.73580 1.2872e+00     2.8422     0.4459    89.4522 0.0000e+00
        434 211.657666    0.03010     1.8057    108.345     24.227  49109.583    31.1743     9.6515     24.000     9.6485    24.0228     6.9195     9.8887    106.107    301.776    309.025   -0.00011    6.52123    9.31948  284.40571   14.73654 1.0721e+00     2.9541     0.4395    89.5941 0.0000e+00
        440 211.657681    0.03047     1.8279    109.674     25.240  49111.057    31.1749     9.6510     25.000     9.6484    24.0234     6.9197     9.8890    106.110    301.784    309.034   -0.00009    6.52127    9.31955  284.40750   14.73662 8.8317e-01     3.1158     0.4397    89.5904 0.0000e+00
        444 211.657695    0.03079     1.8478    110.865     26.247  49110.970    31.1744     9.6514     26.000     9.6486    24.0230     6.9174     9.8857    106.076    301.685    308.932   -0.00052    6.52124    9.31950  284.40615   14.73656 7.2579e-01     2.8193     0.4350    89.6957 0.0000e+00
        449 211.657708    0.03111     1.8668    112.008     27.256  49110.855    31.1740     9.6517     27.000     9.6490    24.0226     6.9154     9.8829    106.046    301.599    308.843   -0.00071    6.52122    9.31947  284.40534   14.73652 6.0143e-01     2.9680     0.4429    89.5176 0.0000e+00
        454 211.657723    0.03145     1.8872    113.230     28.263  49111.156    31.1738     9.6522     28.000     9.6492    24.0224     6.9068     9.8705    105.914    301.220    308.456   -0.00176    6.52115    9.31938  284.40246   14.73638 5.0177e-01     2.8562     0.4354    89.6867 0.0000e+00
        460 211.657739    0.03185     1.9110    114.658     29.280  49111.770    31.1738     9.6523     29.000     9.6492    24.0224     6.9050     9.8680    105.886    301.143    308.377   -0.00133    6.52113    9.31935  284.40156   14.73634 4.1722e-01     2.8407     0.4403    89.5751 0.0000e+00
        464 211.657753    0.03216     1.9300    115.797     30.287  49112.544    31.1740     9.6523     30.000     9.6490    24.0225     6.9079     9.8720    105.929    301.266    308.503   -0.00083    6.52113    9.31934  284.40145   14.73634 3.4063e-01     2.7280     0.4356    89.6826 0.0000e+00
        469 211.657765    0.03247     1.9480    116.879     31.289  49112.966    31.1738     9.6523     31.000     9.6489    24.0224     6.9206     9.8902    106.125    301.823    309.073    0.00128    6.52114    9.31936  284.40194   14.73636 2.8556e-01     3.2462     0.4393    89.6000 0.0000e+00
        474 211.657781    0.03286     1.9716    118.295     32.307  49113.781    31.1740     9.6525     32.000     9.6489    24.0226     6.9159     9.8835    106.053    301.616    308.862    0.00007    6.52111    9.31932  284.40066   14.73630 2.4034e-01     2.9811     0.4410    89.5602 0.0000e+00
        479 211.657796    0.03322     1.9934    119.604     33.314  49114.250    31.1739     9.6525     33.000     9.6489    24.0225     6.9106     9.8759    105.972    301.385    308.624   -0.00088    6.52111    9.31932  284.40072   14.73630 2.0007e-01     2.8709     0.4406    89.5704 0.0000e+00
        484 211.657810    0.03355     2.0129    120.772     34.317  49114.741    31.1739     9.6525     34.000     9.6489    24.0225     6.9064     9.8700    105.909    301.206    308.442   -0.00123    6.52110    9.31930  284.40029   14.73628 1.4971e-01     2.7428     0.4293    89.8240 0.0000e+00
