CTD-processing/allCTD/CNV/2012_04-26_t9_s01_cast295_5028.cnv
* Sea-Bird SBE19plus Data File:
* FileName = C:\Documents and Settings\glenn.seaman\My Documents\KHolderied-files\CTD-DATA-FILES\2011-KBay-CTD\2012-04-26-HomerSpit-CTD\2012-04-26-HomerSpit-cast295.hex
* Software Version 1.59
* Temperature SN =  5028
* Conductivity SN =  5028
* System UpLoad Time = Apr 29 2012 21:17:27
** Cruise: Homer Spit Transect
** Date: 04-26
** Station: 01
** Start time (AKDT): 18:00
** Depth (m): 62.8
# nquan = 26
# nvalues = 58                          
# units = specified
# name 0 = scan: Scan Count
# name 1 = timeJ: Julian Days
# name 2 = timeH: Time, Elapsed [hours]
# name 3 = timeM: Time, Elapsed [minutes]
# name 4 = timeS: Time, Elapsed [seconds]
# name 5 = prdM: Pressure, Strain Gauge [db]
# name 6 = specc: Specific Conductance [uS/cm]
# name 7 = sal00: Salinity, Practical [PSU]
# name 8 = tv290C: Temperature [ITS-90, deg C]
# name 9 = depSM: Depth [salt water, m], lat = 59.00
# name 10 = potemp090C: Potential Temperature [ITS-90, deg C]
# name 11 = sigma-é00: Density [sigma-theta, kg/m^3]
# name 12 = sbeox0ML/L: Oxygen, SBE 43 [ml/l]
# name 13 = sbeox0Mg/L: Oxygen, SBE 43 [mg/l]
# name 14 = sbeox0PS: Oxygen, SBE 43 [% saturation]
# name 15 = sbox0Mm/Kg: Oxygen, SBE 43 [umol/kg]
# name 16 = sbeox0Mm/L: Oxygen, SBE 43 [umol/l]
# name 17 = sbox0dV/dT: Oxygen, SBE 43 [dov/dt]
# name 18 = oxsolML/L: Oxygen Saturation, Garcia & Gordon [ml/l]
# name 19 = oxsolMg/L: Oxygen Saturation, Garcia & Gordon [mg/l]
# name 20 = oxsolMm/Kg: Oxygen Saturation, Garcia & Gordon [umol/kg]
# name 21 = n2satMg/L: Nitrogen Saturation [mg/l]
# name 22 = par: PAR/Irradiance, Biospherical/Licor [umol photons/m^2/sec]
# name 23 = flECO-AFL: Fluorescence, WET Labs ECO-AFL/FL [mg/m^3]
# name 24 = upoly0: Upoly 0, ECO-FLNTUS
# name 25 = flag: flag
# span 0 =        332,        489       
# span 1 = 118.086583, 118.087038       
# span 2 =    0.02298,    0.03391       
# span 3 =     1.3786,     2.0345       
# span 4 =     82.718,    122.071       
# span 5 =      1.009,     58.556       
# span 6 =  49359.854,  51399.792       
# span 7 =    30.8125,    31.6985       
# span 8 =     3.8954,     6.1961       
# span 9 =      1.000,     58.000       
# span 10 =     3.8899,     6.0898      
# span 11 =    24.2220,    25.1710      
# span 12 =     7.5861,     8.3133      
# span 13 =    10.8937,    11.8202      
# span 14 =    102.470,    118.014      
# span 15 =    330.519,    362.497      
# span 16 =    338.797,    371.270      
# span 17 =   -0.03589,    0.00573      
# span 18 =    7.04430,    7.42794      
# span 19 =   10.10587,   10.61397      
# span 20 =  307.16416,  323.58631      
# span 21 =   15.88056,   16.60061      
# span 22 = 6.2484e-02, 1.3084e+02      
# span 23 =     1.9564,     4.2758      
# span 24 =  0.9454854,  1.2384011      
# span 25 = 0.0000e+00, 0.0000e+00      
# interval = meters: 1                  
# start_time = Apr 27 2012 02:03:18 [Instrument's time stamp, header]
# bad_flag = -9.990e-29
*END*
        332 118.086583    0.02298     1.3786     82.718      1.009  49359.854    30.8141     6.1961      1.000     6.0898    24.2220     8.3133    11.8202    118.014    362.497    371.270    0.00573    7.04430   10.10587  307.16416   15.88056 1.3084e+02     2.4042  1.1977146 0.0000e+00
        337 118.086596    0.02332     1.3994     83.964      2.019  49491.909    30.8125     5.7424      2.000     5.3893    24.2716     8.2385    11.6843    115.789    359.266    367.933   -0.00230    7.11794   10.21662  310.39745   16.04070 8.4777e+01     2.7015  1.2384011 0.0000e+00
        340 118.086606    0.02354     1.4125     84.751      3.029  49933.975    30.9937     5.1461      3.000     4.7957    24.4809     8.0632    11.4871    111.185    351.522    360.103   -0.01694    7.25672   10.35040  316.35656   16.23117 6.8379e+01     3.3492  1.2042443 0.0000e+00
        343 118.086614    0.02374     1.4244     85.465      4.038  50439.502    31.2429     4.6829      4.000     4.4718    24.7282     7.8006    11.2600    106.287    339.945    348.376   -0.03196    7.34211   10.44778  319.95924   16.36788 5.8180e+01     3.9797  1.1495157 0.0000e+00
        346 118.086622    0.02393     1.4359     86.153      5.047  50758.943    31.4018     4.4026      5.000     4.2852    24.8839     7.7056    11.1394    104.455    335.747    344.132   -0.03589    7.37760   10.50643  321.45441   16.45008 4.9837e+01     4.2758  1.1144909 0.0000e+00
        348 118.086630    0.02412     1.4471     86.824      6.057  50926.826    31.4845     4.2550      6.000     4.1890    24.9649     7.8023    11.1426    105.576    339.942    348.450   -0.02804    7.39029   10.53754  321.99153   16.49369 4.1264e+01     4.2607  1.0951727 0.0000e+00
        351 118.086638    0.02431     1.4581     87.486      7.066  51014.192    31.5268     4.1768      7.000     4.1390    25.0066     7.8138    11.1162    105.658    340.435    348.962   -0.02408    7.39538   10.55419  322.20772   16.51706 3.3004e+01     4.1633  1.0984177 0.0000e+00
        354 118.086645    0.02448     1.4690     88.142      8.076  51065.556    31.5511     4.1297      8.000     4.1086    25.0308     7.7253    11.0361    104.431    336.581    345.014   -0.02532    7.39762   10.56430  322.30213   16.53129 2.5690e+01     4.0450  1.0971825 0.0000e+00
        356 118.086652    0.02466     1.4799     88.792      9.085  51088.133    31.5605     4.1043      9.000     4.0884    25.0409     7.6317    10.9518    103.155    332.500    340.831   -0.02695    7.39827   10.57005  322.33141   16.53943 1.9733e+01     3.8897  1.0796918 0.0000e+00
        359 118.086660    0.02484     1.4906     89.437     10.095  51098.423    31.5626     4.0846     10.000     4.0681    25.0445     7.5908    10.9058    102.576    330.719    339.004   -0.02615    7.40017   10.57489  322.41573   16.54639 1.5108e+01     3.7628  1.0633940 0.0000e+00
        361 118.086668    0.02502     1.5014     90.080     11.104  51109.209    31.5648     4.0642     11.000     4.0469    25.0482     7.5861    10.8937    102.470    330.519    338.797   -0.02379    7.40333   10.57994  322.55354   16.55367 1.1415e+01     3.7307  1.0574742 0.0000e+00
        364 118.086675    0.02520     1.5121     90.723     12.114  51123.373    31.5689     4.0429     12.000     4.0255    25.0536     7.6094    10.9144    102.729    331.528    339.833   -0.02050    7.40719   10.58514  322.72047   16.56110 8.6522e+00     3.7030  1.0522169 0.0000e+00
        366 118.086682    0.02538     1.5227     91.363     13.123  51140.568    31.5751     4.0217     13.000     4.0051    25.0606     7.6517    10.9572    103.246    333.370    341.724   -0.01672    7.41111   10.59015  322.88950   16.56823 6.5329e+00     3.5738  1.0376783 0.0000e+00
        369 118.086690    0.02556     1.5332     91.995     14.133  51162.068    31.5846     4.0022     14.000     3.9884    25.0700     7.7058    11.0134    103.927    335.726    344.143   -0.01278    7.41459   10.59449  323.03741   16.57435 4.9713e+00     3.4308  1.0350736 0.0000e+00
        372 118.086697    0.02573     1.5438     92.625     15.143  51183.174    31.5947     3.9863     15.000     3.9762    25.0795     7.7550    11.0684    104.554    337.862    346.336   -0.00936    7.41712   10.59787  323.14352   16.57907 3.7789e+00     3.2645  1.0379656 0.0000e+00
        374 118.086704    0.02590     1.5543     93.255     16.151  51200.700    31.6036     3.9754     16.000     3.9688    25.0877     7.7884    11.1124    104.985    339.315    347.830   -0.00696    7.41858   10.60006  323.20430   16.58209 2.8986e+00     3.0945  1.0272378 0.0000e+00
        377 118.086712    0.02608     1.5648     93.887     17.161  51212.778    31.6098     3.9688     17.000     3.9652    25.0932     7.8097    11.1458    105.262    340.244    348.783   -0.00532    7.41933   10.60133  323.23564   16.58382 2.2211e+00     2.9875  1.0121104 0.0000e+00
        379 118.086719    0.02626     1.5753     94.520     18.171  51221.915    31.6148     3.9661     18.000     3.9654    25.0975     7.8223    11.1697    105.431    340.791    349.344   -0.00423    7.41938   10.60165  323.23643   16.58420 1.7166e+00     2.9230  1.0035005 0.0000e+00
        382 118.086726    0.02643     1.5859     95.156     19.180  51228.578    31.6190     3.9669     19.000     3.9677    25.1008     7.8312    11.1889    105.563    341.179    349.743   -0.00339    7.41855   10.60115  323.19923   16.58341 1.3242e+00     2.8844  1.0090296 0.0000e+00
        384 118.086733    0.02661     1.5965     95.791     20.190  51231.521    31.6212     3.9695     20.000     3.9704    25.1023     7.8396    11.2066    105.687    341.541    350.114   -0.00267    7.41771   10.60031  323.16253   16.58217 1.0282e+00     2.8976  1.0041424 0.0000e+00
        387 118.086741    0.02679     1.6071     96.424     21.199  51235.319    31.6239     3.9723     21.000     3.9734    25.1041     7.8505    11.2264    105.845    342.019    350.605   -0.00193    7.41702   10.59940  323.13229   16.58081 7.9521e-01     2.9188  0.9893406 0.0000e+00
        389 118.086749    0.02696     1.6177     97.060     22.209  51240.164    31.6274     3.9755     22.000     3.9765    25.1067     7.8694    11.2519    106.113    342.841    351.449   -0.00095    7.41611   10.59832  323.09212   16.57919 6.1872e-01     2.8789  0.9788869 0.0000e+00
        392 118.086755    0.02714     1.6284     97.702     23.218  51246.034    31.6317     3.9785     23.000     3.9791    25.1098     7.8947    11.2819    106.466    343.942    352.579    0.00024    7.41531   10.59724  323.05598   16.57755 4.8615e-01     2.8470  0.9775114 0.0000e+00
        394 118.086763    0.02732     1.6393     98.355     24.228  51253.848    31.6371     3.9814     24.000     3.9820    25.1139     7.9192    11.3116    106.809    345.005    353.671    0.00131    7.41439   10.59611  323.01387   16.57584 3.8204e-01     2.8122  0.9705055 0.0000e+00
        397 118.086771    0.02751     1.6503     99.020     25.237  51258.607    31.6406     3.9842     25.000     3.9843    25.1163     7.9393    11.3379    107.091    345.883    354.571    0.00205    7.41363   10.59513  322.98022   16.57436 3.0471e-01     2.7634  0.9565407 0.0000e+00
        400 118.086779    0.02769     1.6616     99.693     26.247  51262.094    31.6430     3.9864     26.000     3.9861    25.1180     7.9538    11.3586    107.292    346.513    355.217    0.00245    7.41323   10.59439  322.96286   16.57325 2.4607e-01     2.7100  0.9703401 0.0000e+00
        402 118.086786    0.02788     1.6727    100.364     27.256  51266.415    31.6459     3.9883     27.000     3.9878    25.1202     7.9628    11.3740    107.420    346.903    355.616    0.00256    7.41277   10.59369  322.94197   16.57220 1.9940e-01     2.6807  0.9926726 0.0000e+00
        405 118.086794    0.02807     1.6837    101.025     28.266  51271.567    31.6492     3.9899     28.000     3.9888    25.1227     7.9686    11.3854    107.505    347.156    355.877    0.00251    7.41229   10.59305  322.92022   16.57121 1.6431e-01     2.7000  1.0000563 0.0000e+00
        408 118.086802    0.02824     1.6946    101.677     29.276  51277.281    31.6529     3.9909     29.000     3.9899    25.1255     7.9753    11.3958    107.599    347.444    356.175    0.00249    7.41199   10.59254  322.90623   16.57042 1.3794e-01     2.7469  0.9933931 0.0000e+00
        410 118.086809    0.02842     1.7055    102.328     30.285  51281.860    31.6558     3.9922     30.000     3.9913    25.1277     7.9824    11.4057    107.703    347.756    356.496    0.00250    7.41153   10.59199  322.88472   16.56959 1.1704e-01     2.7426  1.0158228 0.0000e+00
        413 118.086817    0.02861     1.7164    102.984     31.295  51283.595    31.6568     3.9936     31.000     3.9921    25.1283     7.9887    11.4145    107.794    348.030    356.775    0.00249    7.41110   10.59155  322.86652   16.56892 1.0148e-01     2.7072  1.0638699 0.0000e+00
        416 118.086825    0.02879     1.7275    103.650     32.304  51285.070    31.6575     3.9941     32.000     3.9921    25.1288     7.9927    11.4218    107.848    348.203    356.953    0.00235    7.41108   10.59136  322.86576   16.56865 8.9613e-02     2.6812  1.0988356 0.0000e+00
        418 118.086833    0.02898     1.7388    104.327     33.314  51286.494    31.6579     3.9942     33.000     3.9921    25.1292     7.9961    11.4286    107.893    348.353    357.107    0.00217    7.41117   10.59130  322.86915   16.56855 8.0962e-02     2.6649  1.0759562 0.0000e+00
        421 118.086840    0.02917     1.7502    105.014     34.324  51287.766    31.6583     3.9943     34.000     3.9926    25.1295     8.0039    11.4374    107.997    348.692    357.455    0.00220    7.41123   10.59124  322.87219   16.56845 7.4682e-02     2.6829  1.0696344 0.0000e+00
        424 118.086848    0.02936     1.7617    105.702     35.333  51288.711    31.6586     3.9951     35.000     3.9937    25.1297     8.0099    11.4453    108.080    348.950    357.720    0.00219    7.41105   10.59102  322.86374   16.56812 7.0058e-02     2.6911  1.0798301 0.0000e+00
        427 118.086857    0.02955     1.7731    106.388     36.343  51288.570    31.6582     3.9963     36.000     3.9948    25.1293     8.0131    11.4515    108.125    349.091    357.863    0.00204    7.41086   10.59074  322.85602   16.56773 6.6575e-02     2.6321  1.0695667 0.0000e+00
        429 118.086864    0.02974     1.7845    107.069     37.353  51288.725    31.6582     3.9976     37.000     3.9965    25.1291     8.0162    11.4576    108.170    349.227    358.003    0.00190    7.41074   10.59042  322.85060   16.56727 6.4226e-02     2.6588  1.0848655 0.0000e+00
        432 118.086872    0.02993     1.7958    107.747     38.362  51289.230    31.6585     3.9996     38.000     3.9993    25.1291     8.0232    11.4656    108.271    349.534    358.317    0.00195    7.41029   10.58988  322.83115   16.56648 6.2885e-02     2.7012  1.0894856 0.0000e+00
        435 118.086880    0.03012     1.8071    108.428     39.372  51287.787    31.6577     4.0026     39.000     4.0020    25.1283     8.0286    11.4729    108.355    349.768    358.557    0.00197    7.40955   10.58916  322.79882   16.56546 6.2516e-02     2.7335  1.0856791 0.0000e+00
        437 118.086888    0.03031     1.8185    109.110     40.381  51285.729    31.6564     4.0053     40.000     4.0037    25.1270     8.0321    11.4793    108.410    349.918    358.710    0.00188    7.40893   10.58855  322.77272   16.56461 6.2498e-02     2.7969  1.1056666 0.0000e+00
        440 118.086895    0.03050     1.8298    109.790     41.391  51285.154    31.6558     4.0065     41.000     4.0036    25.1264     8.0373    11.4864    108.485    350.148    358.946    0.00184    7.40866   10.58829  322.76176   16.56423 6.2484e-02     2.8347  1.1189590 0.0000e+00
        443 118.086904    0.03068     1.8411    110.467     42.400  51287.036    31.6564     4.0060     42.000     4.0016    25.1270     8.0454    11.4945    108.595    350.502    359.308    0.00195    7.40865   10.58838  322.76101   16.56435 6.2495e-02     2.8257  1.1241925 0.0000e+00
        446 118.086912    0.03087     1.8524    111.145     43.410  51291.469    31.6585     4.0037     43.000     3.9972    25.1288     8.0507    11.5003    108.662    350.731    359.543    0.00192    7.40885   10.58882  322.76970   16.56496 6.2538e-02     2.7905  1.1324904 0.0000e+00
        448 118.086919    0.03106     1.8636    111.818     44.420  51300.630    31.6629     3.9982     44.000     3.9894    25.1328     8.0527    11.5026    108.676    350.820    359.636    0.00171    7.40986   10.58992  322.81227   16.56647 6.2564e-02     2.7571  1.1430422 0.0000e+00
        451 118.086927    0.03125     1.8747    112.484     45.429  51314.902    31.6702     3.9903     45.000     3.9827    25.1395     8.0520    11.5014    108.642    350.786    359.604    0.00137    7.41152   10.59143  322.88113   16.56853 6.2631e-02     2.6826  1.1426479 0.0000e+00
        454 118.086935    0.03143     1.8857    113.146     46.439  51327.555    31.6769     3.9842     46.000     3.9783    25.1453     8.0498    11.4973    108.599    350.686    359.505    0.00102    7.41242   10.59252  322.91811   16.57001 6.2801e-02     2.5764  1.1383362 0.0000e+00
        456 118.086942    0.03162     1.8967    113.805     47.449  51336.723    31.6817     3.9805     47.000     3.9751    25.1495     8.0461    11.4895    108.545    350.522    359.338    0.00070    7.41264   10.59315  322.92620   16.57083 6.3037e-02     2.4849  1.1525812 0.0000e+00
        459 118.086950    0.03180     1.9078    114.467     48.459  51343.995    31.6855     3.9776     48.000     3.9722    25.1528     8.0363    11.4754    108.411    350.092    358.899    0.00018    7.41278   10.59364  322.93134   16.57148 6.3537e-02     2.3961  1.1406280 0.0000e+00
        462 118.086958    0.03198     1.9189    115.134     49.468  51350.020    31.6884     3.9747     49.000     3.9692    25.1553     8.0191    11.4551    108.177    349.344    358.132   -0.00063    7.41295   10.59418  322.93850   16.57220 6.4289e-02     2.3423  1.1024462 0.0000e+00
        464 118.086966    0.03217     1.9301    115.807     50.478  51354.467    31.6901     3.9714     50.000     3.9649    25.1570     7.9990    11.4311    107.901    348.468    357.234   -0.00149    7.41323   10.59490  322.95018   16.57321 6.5140e-02     2.3224  1.0413963 0.0000e+00
        467 118.086973    0.03235     1.9414    116.482     51.488  51358.198    31.6910     3.9666     51.000     3.9584    25.1582     7.9808    11.4076    107.646    347.674    356.421   -0.00219    7.41388   10.59606  322.97838   16.57488 6.6062e-02     2.2837  0.9961393 0.0000e+00
        470 118.086981    0.03254     1.9526    117.156     52.497  51362.460    31.6917     3.9598     52.000     3.9498    25.1595     7.9660    11.3862    107.431    347.034    355.765   -0.00270    7.41508   10.59777  323.02999   16.57734 6.7188e-02     2.2371  0.9626627 0.0000e+00
        472 118.086989    0.03273     1.9639    117.834     53.508  51366.658    31.6919     3.9506     53.000     3.9395    25.1605     7.9525    11.3661    107.222    346.445    355.161   -0.00311    7.41695   10.60014  323.11138   16.58076 6.8844e-02     2.1751  0.9454854 0.0000e+00
        475 118.086997    0.03293     1.9754    118.522     54.517  51371.656    31.6921     3.9398     54.000     3.9277    25.1617     7.9368    11.3457    106.977    345.759    354.460   -0.00358    7.41919   10.60295  323.20882   16.58481 7.1769e-02     2.0959  0.9619082 0.0000e+00
        478 118.087005    0.03312     1.9873    119.237     55.527  51378.881    31.6936     3.9275     55.000     3.9159    25.1640     7.9228    11.3267    106.751    345.147    353.832   -0.00395    7.42177   10.60601  323.32019   16.58920 7.6831e-02     2.0116  1.0073452 0.0000e+00
