CTD-processing/allCTD/CNV/2012_07-30_t6_s22_cast092_4141.cnv
* Sea-Bird SBE19plus Data File:
* FileName = C:\Documents and Settings\kris.holderied.local\My Documents\2012-07-EVOS-CookInlet-Ocean\2012-07-CookInlet-Tran6-Douglas\2012-07-31-CookInlet-Tran6-cast092.hex
* Software Version 1.54
* Temperature SN =  4141
* Conductivity SN =  4141
* System UpLoad Time = Jul 31 2012 08:25:55
** Cook Inlet LTM Transect 6 (Douglas line)  East to West
** Date:  2012-07-30
** Station:  6-22
** Start time (AKDT-24 hr): 2237
** Depth (m): 166
** Comment: 506-0.3kts C06 235T Seas continuing to calm down, sunset.
# nquan = 27
# nvalues = 152                         
# units = specified
# name 0 = scan: Scan Count
# name 1 = timeJ: Julian Days
# name 2 = timeH: Time, Elapsed [hours]
# name 3 = timeM: Time, Elapsed [minutes]
# name 4 = timeS: Time, Elapsed [seconds]
# name 5 = prdM: Pressure, Strain Gauge [db]
# name 6 = specc: Specific Conductance [uS/cm]
# name 7 = sal00: Salinity, Practical [PSU]
# name 8 = tv290C: Temperature [ITS-90, deg C]
# name 9 = depSM: Depth [salt water, m], lat = 59.00
# name 10 = potemp090C: Potential Temperature [ITS-90, deg C]
# name 11 = sigma-é00: Density [sigma-theta, kg/m^3]
# name 12 = sbeox0ML/L: Oxygen, SBE 43 [ml/l]
# name 13 = sbeox0Mg/L: Oxygen, SBE 43 [mg/l]
# name 14 = sbeox0PS: Oxygen, SBE 43 [% saturation]
# name 15 = sbox0Mm/Kg: Oxygen, SBE 43 [umol/kg]
# name 16 = sbeox0Mm/L: Oxygen, SBE 43 [umol/l]
# name 17 = sbox0dV/dT: Oxygen, SBE 43 [dov/dt]
# name 18 = oxsolML/L: Oxygen Saturation, Garcia & Gordon [ml/l]
# name 19 = oxsolMg/L: Oxygen Saturation, Garcia & Gordon [mg/l]
# name 20 = oxsolMm/Kg: Oxygen Saturation, Garcia & Gordon [umol/kg]
# name 21 = n2satMg/L: Nitrogen Saturation [mg/l]
# name 22 = par: PAR/Irradiance, Biospherical/Licor
# name 23 = wetStar: Fluorescence, WET Labs WETstar [mg/m^3]
# name 24 = CStarAt0: Beam Attenuation, WET Labs C-Star [1/m]
# name 25 = CStarTr0: Beam Transmission, WET Labs C-Star [%]
# name 26 = flag: flag
# span 0 =         32,       1107       
# span 1 = 212.942058, 212.945166       
# span 2 =    0.00218,    0.07678       
# span 3 =     0.1305,     4.6065       
# span 4 =      7.827,    276.391       
# span 5 =      1.019,    153.473       
# span 6 =  47965.355,  51689.561       
# span 7 =    30.4790,    32.2870       
# span 8 =     5.8423,    10.4857       
# span 9 =      1.000,    152.000       
# span 10 =     5.8308,    10.4855      
# span 11 =    23.3458,    25.4297      
# span 12 =     5.5078,     7.0049      
# span 13 =     7.8712,    10.0107      
# span 14 =     78.018,    108.911      
# span 15 =    239.876,    305.702      
# span 16 =    245.977,    312.839      
# span 17 =   -0.05684,    0.01616      
# span 18 =    6.43175,    7.06040      
# span 19 =    9.19162,   10.09002      
# span 20 =  280.68895,  307.49798      
# span 21 =   14.56152,   15.83431      
# span 22 = 4.1895e-02, 4.1694e+00      
# span 23 =     0.1180,     7.4010      
# span 24 =     0.1069,     1.0756      
# span 25 =    76.5832,    97.3635      
# span 26 = 0.0000e+00, 0.0000e+00      
# interval = meters: 1                  
# start_time = Jul 30 2012 22:36:26 [Instrument's time stamp, header]
# bad_flag = -9.990e-29
*END*
[from data line 108]
        842 212.944401    0.05840     3.5043    210.261    110.053  51239.701    32.1467     6.6158    109.000     6.6029    25.2230     5.7350     8.1959     82.633    249.824    256.125   -0.00207    6.94036    9.91847  302.33092   15.58857 4.2105e-02     0.1262     0.2228    94.5830 0.0000e+00
        850 212.944423    0.05894     3.5365    212.189    111.070  51246.684    32.1482     6.6001    110.000     6.5844    25.2262     5.7273     8.1849     82.493    249.489    255.783   -0.00213    6.94283    9.92200  302.43744   15.59364 4.2073e-02     0.1204     0.2221    94.5972 0.0000e+00
        856 212.944442    0.05939     3.5633    213.797    112.081  51262.724    32.1555     6.5823    111.000     6.5702    25.2342     5.7278     8.1856     82.470    249.508    255.804   -0.00146    6.94536    9.92562  302.54541   15.59876 4.2147e-02     0.1224     0.2155    94.7560 0.0000e+00
        861 212.944456    0.05973     3.5839    215.035    113.086  51265.347    32.1555     6.5757    112.000     6.5623    25.2352     5.7366     8.1981     82.583    249.888    256.193   -0.00010    6.94642    9.92714  302.59138   15.60095 4.2096e-02     0.1238     0.2144    94.7798 0.0000e+00
        867 212.944474    0.06015     3.6089    216.535    114.094  51272.331    32.1579     6.5651    113.000     6.5526    25.2384     5.7312     8.1905     82.487    249.655    255.956   -0.00079    6.94802    9.92942  302.65992   15.60421 4.2134e-02     0.1289     0.2195    94.6618 0.0000e+00
        876 212.944501    0.06079     3.6475    218.849    115.112  51279.821    32.1604     6.5532    114.000     6.5407    25.2419     5.7257     8.1826     82.386    249.414    255.709   -0.00111    6.94983    9.93200  302.73774   15.60791 4.2118e-02     0.1201     0.2160    94.7418 0.0000e+00
        882 212.944517    0.06119     3.6715    220.287    116.122  51283.064    32.1606     6.5450    115.000     6.5308    25.2431     5.7179     8.1715     82.258    249.073    255.361   -0.00173    6.95115    9.93388  302.79465   15.61062 4.2327e-02     0.1215     0.2198    94.6536 0.0000e+00
        887 212.944531    0.06152     3.6909    221.451    117.120  51285.379    32.1584     6.5276    116.000     6.5084    25.2436     5.7174     8.1707     82.217    249.052    255.339   -0.00159    6.95406    9.93804  302.92139   15.61668 4.2235e-02     0.1239     0.2242    94.5489 0.0000e+00
        896 212.944557    0.06213     3.7281    223.687    118.144  51309.957    32.1681     6.4914    117.000     6.4712    25.2559     5.6881     8.1290     81.733    247.776    254.033   -0.00417    6.95948    9.94579  303.15389   15.62772 4.2195e-02     0.1243     0.2309    94.3910 0.0000e+00
        901 212.944573    0.06253     3.7520    225.121    119.146  51346.985    32.1879     6.4621    118.000     6.4483    25.2751     5.6783     8.1149     81.547    247.344    253.595   -0.00440    6.96331    9.95127  303.31523   15.63534 4.2222e-02     0.1237     0.1967    95.2005 0.0000e+00
        908 212.944591    0.06296     3.7776    226.658    120.158  51355.613    32.1893     6.4413    119.000     6.4207    25.2789     5.7495     8.2165     82.528    250.439    256.770    0.00477    6.96661    9.95598  303.45771   15.64213 4.2171e-02     0.1356     0.1690    95.8632 0.0000e+00
        914 212.944608    0.06337     3.8023    228.138    121.175  51363.805    32.1879     6.4068    120.000     6.3769    25.2821     5.7787     8.2583     82.880    251.713    258.076    0.00590    6.97228    9.96408  303.70371   15.65386 4.2289e-02     0.1398     0.1537    96.2311 0.0000e+00
        918 212.944620    0.06366     3.8194    229.166    122.168  51389.803    32.1981     6.3688    121.000     6.3432    25.2950     5.7697     8.2455     82.684    251.317    257.674    0.00221    6.97798    9.97224  303.94841   15.66549 4.2245e-02     0.1438     0.1498    96.3237 0.0000e+00
        927 212.944646    0.06428     3.8569    231.411    123.202  51422.655    32.2114     6.3222    122.000     6.3042    25.3113     5.7431     8.2074     82.220    250.153    256.484   -0.00244    6.98496    9.98221  304.24750   15.67969 4.2201e-02     0.1449     0.1630    96.0080 0.0000e+00
        931 212.944658    0.06457     3.8742    232.451    124.199  51435.800    32.2171     6.3067    123.000     6.2926    25.3177     5.7244     8.1807     81.926    249.337    255.650   -0.00445    6.98722    9.98545  304.34410   15.68427 4.2254e-02     0.1416     0.1706    95.8242 0.0000e+00
        934 212.944668    0.06482     3.8894    233.363    125.198  51421.517    32.2046     6.2965    124.000     6.2666    25.3092     5.7228     8.1784     81.877    249.270    255.579   -0.00395    6.98947    9.98865  304.44440   15.68910 4.2271e-02     0.1556     0.1801    95.5958 0.0000e+00
        941 212.944686    0.06526     3.9152    234.911    126.219  51455.215    32.2150     6.2326    125.000     6.2064    25.3253     5.7123     8.1635     81.611    248.811    255.112   -0.00419    6.99941   10.00286  304.87270   15.70948 4.2286e-02     0.1375     0.1983    95.1630 0.0000e+00
        947 212.944704    0.06567     3.9402    236.411    127.233  51481.783    32.2251     6.1923    126.000     6.1685    25.3382     5.6792     8.1161     81.067    247.366    253.634   -0.00685    7.00555   10.01163  305.13640   15.72200 4.2214e-02     0.1260     0.2280    94.4596 0.0000e+00
        951 212.944716    0.06596     3.9580    237.481    128.235  51505.223    32.2357     6.1665    127.000     6.1498    25.3498     5.6612     8.0904     80.767    246.577    252.829   -0.00732    7.00928   10.01697  305.29539   15.72954 4.2245e-02     0.1282     0.2360    94.2699 0.0000e+00
        957 212.944734    0.06639     3.9831    238.983    129.247  51517.746    32.2418     6.1556    128.000     6.1431    25.3559     5.6563     8.0833     80.679    246.361    252.608   -0.00511    7.01080   10.01913  305.35952   15.73258 4.2284e-02     0.1256     0.2443    94.0751 0.0000e+00
        963 212.944752    0.06684     4.0104    240.622    130.268  51513.584    32.2370     6.1484    129.000     6.1298    25.3530     5.6503     8.0749     80.578    246.103    252.342   -0.00361    7.01219   10.02111  305.42079   15.73552 4.2346e-02     0.1301     0.2517    93.9010 0.0000e+00
        967 212.944764    0.06710     4.0261    241.566    131.264  51522.526    32.2387     6.1283    130.000     6.1088    25.3569     5.6465     8.0693     80.486    245.934    252.171   -0.00342    7.01541   10.02573  305.56026   15.74216 4.2533e-02     0.1492     0.2664    93.5572 0.0000e+00
        973 212.944781    0.06753     4.0517    243.102    132.274  51537.524    32.2446     6.1085    131.000     6.0914    25.3640     5.6333     8.0505     80.264    245.357    251.580   -0.00379    7.01839   10.02999  305.68801   15.74822 4.2411e-02     0.1288     0.2875    93.0633 0.0000e+00
        981 212.944804    0.06809     4.0851    245.108    133.298  51539.292    32.2407     6.0847    132.000     6.0604    25.3638     5.6007     8.0039     79.754    243.940    250.127   -0.00581    7.02248   10.03583  305.86618   15.75673 4.2441e-02     0.1327     0.3018    92.7320 0.0000e+00
        985 212.944816    0.06835     4.1012    246.074    134.294  51558.442    32.2488     6.0613    133.000     6.0413    25.3730     5.6008     8.0041     79.716    243.942    250.131   -0.00465    7.02596   10.04081  306.01510   15.76379 4.2510e-02     0.1375     0.3156    92.4147 0.0000e+00
        990 212.944830    0.06871     4.1224    247.342    135.305  51573.823    32.2552     6.0425    134.000     6.0265    25.3803     5.5985     8.0008     79.651    243.840    250.028   -0.00345    7.02876   10.04480  306.13449   15.76946 4.2380e-02     0.1312     0.3379    91.9014 0.0000e+00
        997 212.944851    0.06920     4.1519    249.114    136.322  51582.313    32.2572     6.0256    135.000     6.0090    25.3840     5.5875     7.9850     79.464    243.358    249.535   -0.00326    7.03144   10.04864  306.25044   15.77498 4.2391e-02     0.1377     0.3347    91.9742 0.0000e+00
       1003 212.944867    0.06958     4.1752    250.513    137.329  51589.961    32.2585     6.0081    136.000     5.9907    25.3872     5.5755     7.9680     79.263    242.838    249.003   -0.00370    7.03427   10.05268  306.37273   15.78080 4.2440e-02     0.1306     0.3433    91.7763 0.0000e+00
       1009 212.944884    0.06999     4.1992    251.951    138.336  51601.410    32.2625     5.9911    137.000     5.9751    25.3924     5.5729     7.9642     79.195    242.722    248.886   -0.00282    7.03690   10.05644  306.48563   15.78616 4.2418e-02     0.1305     0.3502    91.6178 0.0000e+00
       1016 212.944904    0.07047     4.2282    253.694    139.358  51606.416    32.2620     5.9744    138.000     5.9554    25.3941     5.5716     7.9623     79.145    242.663    248.825   -0.00192    7.03968   10.06041  306.60616   15.79191 4.2515e-02     0.1221     0.3617    91.3529 0.0000e+00
       1020 212.944916    0.07076     4.2461    254.765    140.355  51616.340    32.2649     5.9566    139.000     5.9381    25.3985     5.5684     7.9577     79.068    242.523    248.682   -0.00203    7.04248   10.06440  306.72667   15.79764 4.2530e-02     0.1253     0.3794    90.9508 0.0000e+00
       1028 212.944939    0.07132     4.2790    256.740    141.367  51629.615    32.2701     5.9393    140.000     5.9231    25.4047     5.5553     7.9391     78.854    241.954    248.101   -0.00254    7.04511   10.06817  306.83949   15.80300 4.2485e-02     0.1218     0.3960    90.5749 0.0000e+00
       1037 212.944965    0.07193     4.3159    258.956    142.385  51628.535    32.2651     5.9208    141.000     5.8969    25.4030     5.5417     7.9196     78.623    241.360    247.492   -0.00281    7.04842   10.07289  306.98404   15.80990 4.2585e-02     0.1242     0.4138    90.1734 0.0000e+00
       1041 212.944978    0.07225     4.3352    260.112    143.385  51652.426    32.2756     5.8933    142.000     5.8759    25.4146     5.5364     7.9121     78.503    241.126    247.254   -0.00298    7.05247   10.07868  307.15696   15.81811 4.2425e-02     0.1201     0.4416    89.5491 0.0000e+00
       1047 212.944996    0.07267     4.3604    261.624    144.398  51661.198    32.2759     5.8679    143.000     5.8484    25.4179     5.5368     7.9126     78.462    241.144    247.273   -0.00215    7.05667   10.08468  307.33869   15.82676 4.2520e-02     0.1260     0.4649    89.0270 0.0000e+00
       1056 212.945020    0.07326     4.3956    263.736    145.411  51679.406    32.2847     5.8517    144.000     5.8391    25.4268     5.5253     7.8962     78.274    240.641    246.760   -0.00237    7.05894   10.08793  307.43523   15.83132 4.2535e-02     0.1232     0.4799    88.6943 0.0000e+00
       1063 212.945041    0.07376     4.4256    265.539    146.427  51681.965    32.2852     5.8478    145.000     5.8355    25.4277     5.5282     7.9004     78.309    240.770    246.893   -0.00098    7.05956   10.08882  307.46213   15.83260 4.2616e-02     0.1180     0.4913    88.4409 0.0000e+00
       1067 212.945053    0.07405     4.4431    266.588    147.425  51684.354    32.2863     5.8476    146.000     5.8358    25.4286     5.5253     7.8962     78.267    240.641    246.759   -0.00107    7.05956   10.08881  307.46155   15.83257 4.2705e-02     0.1200     0.4993    88.2661 0.0000e+00
       1074 212.945072    0.07451     4.4705    268.233    148.440  51684.154    32.2855     5.8466    147.000     5.8341    25.4281     5.5224     7.8921     78.224    240.515    246.631   -0.00102    7.05976   10.08910  307.47052   15.83301 4.2540e-02     0.1265     0.5016    88.2157 0.0000e+00
       1081 212.945094    0.07502     4.5015    270.088    149.450  51685.951    32.2858     5.8445    148.000     5.8323    25.4286     5.5147     7.8811     78.112    240.181    246.288   -0.00149    7.06008   10.08957  307.48456   15.83367 4.2603e-02     0.1261     0.5022    88.2019 0.0000e+00
       1088 212.945114    0.07551     4.5302    271.815    150.461  51687.541    32.2863     5.8438    149.000     5.8314    25.4290     5.5144     7.8806     78.105    240.165    246.272   -0.00088    7.06018   10.08971  307.48851   15.83386 4.2624e-02     0.1243     0.5096    88.0382 0.0000e+00
       1095 212.945133    0.07597     4.5584    273.503    151.473  51689.561    32.2869     5.8423    150.000     5.8308    25.4297     5.5127     7.8782     78.080    240.093    246.198   -0.00073    7.06040   10.09002  307.49798   15.83431 4.2637e-02     0.1366     0.5237    87.7291 0.0000e+00
       1101 212.945150    0.07638     4.5825    274.949    152.481  51689.372    32.2870     5.8461    151.000     5.8348    25.4294     5.5123     7.8775     78.080    240.073    246.177   -0.00056    7.05976   10.08911  307.47028   15.83299 4.2596e-02     0.1234     0.5363    87.4524 0.0000e+00
       1107 212.945166    0.07678     4.6065    276.391    153.473  51686.961    32.2853     5.8476    152.000     5.8346    25.4277     5.5078     7.8712     78.018    239.876    245.977   -0.00051    7.05958   10.08885  307.46269   15.83263 4.2620e-02     0.1216     0.5457    87.2461 0.0000e+00
