CTD-processing/allCTD/CNV/2012_07-31_t6_s27_cast097_4141.cnv
* Sea-Bird SBE19plus Data File:
* FileName = C:\Documents and Settings\kris.holderied.local\My Documents\2012-07-EVOS-CookInlet-Ocean\2012-07-CookInlet-Tran6-Douglas\2012-07-31-CookInlet-Tran6-cast097.hex
* Software Version 1.54
* Temperature SN =  4141
* Conductivity SN =  4141
* System UpLoad Time = Jul 31 2012 08:33:08
** Cook Inlet LTM Transect 6 (Douglas line)  East to West
** Date:  2012-07-31
** Station:  6-27
** Start time (AKDT-24 hr): 024
** Depth (m): 149
** Comment: S06=1.4km
# nquan = 27
# nvalues = 126                         
# units = specified
# name 0 = scan: Scan Count
# name 1 = timeJ: Julian Days
# name 2 = timeH: Time, Elapsed [hours]
# name 3 = timeM: Time, Elapsed [minutes]
# name 4 = timeS: Time, Elapsed [seconds]
# name 5 = prdM: Pressure, Strain Gauge [db]
# name 6 = specc: Specific Conductance [uS/cm]
# name 7 = sal00: Salinity, Practical [PSU]
# name 8 = tv290C: Temperature [ITS-90, deg C]
# name 9 = depSM: Depth [salt water, m], lat = 59.00
# name 10 = potemp090C: Potential Temperature [ITS-90, deg C]
# name 11 = sigma-é00: Density [sigma-theta, kg/m^3]
# name 12 = sbeox0ML/L: Oxygen, SBE 43 [ml/l]
# name 13 = sbeox0Mg/L: Oxygen, SBE 43 [mg/l]
# name 14 = sbeox0PS: Oxygen, SBE 43 [% saturation]
# name 15 = sbox0Mm/Kg: Oxygen, SBE 43 [umol/kg]
# name 16 = sbeox0Mm/L: Oxygen, SBE 43 [umol/l]
# name 17 = sbox0dV/dT: Oxygen, SBE 43 [dov/dt]
# name 18 = oxsolML/L: Oxygen Saturation, Garcia & Gordon [ml/l]
# name 19 = oxsolMg/L: Oxygen Saturation, Garcia & Gordon [mg/l]
# name 20 = oxsolMm/Kg: Oxygen Saturation, Garcia & Gordon [umol/kg]
# name 21 = n2satMg/L: Nitrogen Saturation [mg/l]
# name 22 = par: PAR/Irradiance, Biospherical/Licor
# name 23 = wetStar: Fluorescence, WET Labs WETstar [mg/m^3]
# name 24 = CStarAt0: Beam Attenuation, WET Labs C-Star [1/m]
# name 25 = CStarTr0: Beam Transmission, WET Labs C-Star [%]
# name 26 = flag: flag
# span 0 =         21,        974       
# span 1 = 213.016551, 213.019308       
# span 2 =    0.00140,    0.06756       
# span 3 =     0.0841,     4.0535       
# span 4 =      5.048,    243.210       
# span 5 =      0.998,    127.206       
# span 6 =  47444.584,  51242.502       
# span 7 =    30.1115,    32.1395       
# span 8 =     6.6024,    10.5035       
# span 9 =      1.000,    126.000       
# span 10 =     6.5826,    10.4999      
# span 11 =    23.0602,    25.2186      
# span 12 =     5.6392,     6.9194      
# span 13 =     8.0590,     9.8884      
# span 14 =     81.254,    107.383      
# span 15 =    245.652,    302.049      
# span 16 =    251.846,    309.018      
# span 17 =   -0.04232,    0.02328      
# span 18 =    6.44356,    6.94308      
# span 19 =    9.20850,    9.92236      
# span 20 =  281.27974,  302.45154      
# span 21 =   14.59120,   15.59437      
# span 22 = 4.3397e-02, 5.0580e-02      
# span 23 =    -0.5562,     9.9829      
# span 24 =     0.1406,     0.9838      
# span 25 =    77.2370,    96.5448      
# span 26 = 0.0000e+00, 0.0000e+00      
# interval = meters: 1                  
# start_time = Jul 31 2012 00:23:45 [Instrument's time stamp, header]
# bad_flag = -9.990e-29
*END*
         21 213.016551    0.00140     0.0841      5.048      0.998  47491.071    30.1417    10.4422      1.000    10.4547    23.0890     6.0394     8.6309     93.607    263.633    269.719    0.01168    6.45184    9.22031  281.63578   14.60821 4.7550e-02    -0.5562     0.9838    77.2370 0.0000e+00
        261 213.017245    0.01804     1.0823     64.941      2.017  47476.026    30.1357    10.4841      2.000    10.4872    23.0775     6.4034     9.1510     99.339    279.523    285.974    0.01019    6.44621    9.21228  281.39394   14.59666 4.8474e-02     9.9829     0.6161    85.6181 0.0000e+00
        392 213.017624    0.02715     1.6289     97.737      3.035  47470.983    30.1341    10.5035      3.000    10.4999    23.0731     6.9194     9.8884    107.383    302.049    309.018    0.00139    6.44356    9.20850  281.27974   14.59120 4.9766e-02     6.4117     0.6496    85.0148 0.0000e+00
        392 213.017626    0.02718     1.6309     97.854      4.037  47470.435    30.1323    10.4948      4.000    10.4908    23.0731     6.9041     9.8667    107.126    301.384    308.338    0.00023    6.44486    9.21035  281.33611   14.59391 5.0580e-02     6.7720     0.6198    85.6456 0.0000e+00
        396 213.017637    0.02746     1.6473     98.839      5.042  47444.584    30.1115    10.4751      5.000    10.4246    23.0602     6.9158     9.8833    107.247    301.898    308.860    0.00109    6.44848    9.21552  281.49762   14.60172 4.8965e-02     6.9820     0.6124    85.8047 0.0000e+00
        401 213.017652    0.02781     1.6685    100.109      6.058  47539.676    30.1645    10.3591      6.000    10.3394    23.1207     6.8511     9.7910    106.012    299.057    305.971   -0.00860    6.46260    9.23570  282.09735   14.63021 4.8590e-02     6.6360     0.6219    85.6019 0.0000e+00
        406 213.017666    0.02815     1.6888    101.327      7.066  47574.242    30.1852    10.3320      7.000    10.3303    23.1413     6.6151     9.4537    102.314    288.750    295.432   -0.04007    6.46556    9.23992  282.22066   14.63602 4.7074e-02     6.3749     0.6204    85.6323 0.0000e+00
        411 213.017679    0.02847     1.7084    102.505      8.076  47574.533    30.1848    10.3297      8.000    10.3248    23.1413     6.5135     9.3084    100.737    284.314    290.894   -0.04232    6.46590    9.24042  282.23584   14.63675 4.6001e-02     5.8004     0.6232    85.5740 0.0000e+00
        416 213.017693    0.02880     1.7277    103.661      9.086  47579.309    30.1846    10.3033      9.000    10.2639    23.1456     6.5191     9.3164    100.765    284.557    291.143   -0.02526    6.46962    9.24574  282.39715   14.64447 4.5760e-02     5.3649     0.5937    86.2072 0.0000e+00
        420 213.017705    0.02910     1.7458    104.746     10.096  47650.968    30.2257    10.2283     10.000    10.2088    23.1899     6.5115     9.3056    100.510    284.215    290.806   -0.01822    6.47854    9.25848  282.77405   14.66234 4.5453e-02     5.3454     0.5623    86.8861 0.0000e+00
        424 213.017718    0.02939     1.7637    105.823     11.100  47683.683    30.2450    10.2005     11.000    10.1962    23.2095     6.4759     9.2548     99.912    282.655    289.216   -0.01719    6.48166    9.26295  282.90517   14.66853 4.5113e-02     4.5865     0.5513    87.1259 0.0000e+00
        430 213.017734    0.02979     1.7875    107.250     12.114  47688.015    30.2469    10.1936     12.000    10.1890    23.2121     6.4488     9.2159     99.478    281.468    288.002   -0.01383    6.48257    9.26424  282.94392   14.67038 4.4805e-02     4.0187     0.5477    87.2047 0.0000e+00
        435 213.017750    0.03017     1.8104    108.621     13.129  47688.675    30.2450    10.1771     13.000    10.1586    23.2133     6.4543     9.2239     99.527    281.710    288.249   -0.00738    6.48500    9.26771  283.04946   14.67544 4.4750e-02     4.0784     0.5452    87.2582 0.0000e+00
        439 213.017762    0.03045     1.8268    109.609     14.132  47723.767    30.2644    10.1362     14.000    10.0901    23.2350     6.4579     9.2290     99.506    281.861    288.410   -0.00482    6.48999    9.27485  283.26136   14.68549 4.4577e-02     4.0054     0.5469    87.2202 0.0000e+00
        443 213.017773    0.03072     1.8432    110.590     15.137  47795.479    30.2994    10.0123     15.000     9.9071    23.2823     6.4303     9.1894     98.833    280.640    287.174   -0.00864    6.50617    9.29798  283.95454   14.71851 4.4248e-02     3.4836     0.5442    87.2811 0.0000e+00
        448 213.017787    0.03105     1.8632    111.789     16.151  47999.837    30.4159     9.7965     16.000     9.7525    23.4078     6.3680     9.1006     97.487    277.893    284.398   -0.01822    6.53219    9.33515  285.05501   14.77067 4.4250e-02     3.1701     0.5338    87.5076 0.0000e+00
        453 213.017802    0.03141     1.8846    113.074     17.164  48087.444    30.4674     9.7200     17.000     9.7025    23.4602     6.3465     9.0698     97.026    276.938    283.436   -0.01556    6.54104    9.34780  285.42658   14.78822 4.4107e-02     2.6976     0.5306    87.5766 0.0000e+00
        458 213.017815    0.03173     1.9033    114.201     18.170  48119.242    30.4854     9.6895     18.000     9.6750    23.4791     6.3356     9.0542     96.805    276.456    282.947   -0.01160    6.54468    9.35299  285.58009   14.79549 4.4203e-02     2.1042     0.5386    87.4025 0.0000e+00
        463 213.017829    0.03205     1.9229    115.376     19.180  48142.305    30.4963     9.6508     19.000     9.6214    23.4937     6.3096     9.0171     96.333    275.320    281.788   -0.01185    6.54981    9.36034  285.80020   14.80597 4.4114e-02     1.9957     0.5262    87.6738 0.0000e+00
        467 213.017842    0.03237     1.9425    116.550     20.193  48198.059    30.5288     9.6017     20.000     9.5977    23.5267     6.3133     9.0223     96.304    275.470    281.951   -0.00794    6.55554    9.36852  286.04074   14.81735 4.4202e-02     1.7126     0.5305    87.5801 0.0000e+00
        471 213.017854    0.03267     1.9602    117.609     21.197  48196.276    30.5269     9.6008     21.000     9.5920    23.5255     6.3191     9.0306     96.390    275.724    282.211   -0.00429    6.55575    9.36881  286.05008   14.81780 4.4205e-02     1.6784     0.5317    87.5531 0.0000e+00
        476 213.017868    0.03301     1.9804    118.822     22.205  48207.326    30.5296     9.5643     22.000     9.5340    23.5333     6.3128     9.0216     96.218    275.448    281.930   -0.00406    6.56093    9.37622  286.27414   14.82850 4.4225e-02     1.4429     0.5355    87.4702 0.0000e+00
        482 213.017885    0.03340     2.0042    120.251     23.229  48263.260    30.5590     9.4915     23.000     9.4771    23.5676     6.2988     9.0016     95.869    274.828    281.305   -0.00542    6.57024    9.38953  286.67067   14.84734 4.4241e-02     1.4800     0.5215    87.7768 0.0000e+00
        486 213.017896    0.03366     2.0197    121.185     24.232  48278.367    30.5669     9.4737     24.000     9.4678    23.5766     6.2908     8.9902     95.714    274.477    280.948   -0.00551    6.57250    9.39275  286.76661   14.85189 4.4354e-02     1.3115     0.5235    87.7339 0.0000e+00
        489 213.017905    0.03388     2.0327    121.964     25.234  48284.858    30.5704     9.4689     25.000     9.4643    23.5801     6.2952     8.9965     95.773    274.668    281.145   -0.00381    6.57304    9.39353  286.78932   14.85296 4.4212e-02     0.9528     0.5321    87.5454 0.0000e+00
        492 213.017915    0.03413     2.0476    122.858     26.238  48287.911    30.5714     9.4640     26.000     9.4565    23.5817     6.3021     9.0063     95.868    274.968    281.451   -0.00160    6.57371    9.39449  286.81823   14.85434 4.4158e-02     0.8873     0.5258    87.6835 0.0000e+00
        498 213.017931    0.03452     2.0713    124.278     27.255  48301.936    30.5787     9.4471     27.000     9.4388    23.5900     6.2915     8.9912     95.676    274.504    280.979   -0.00256    6.57587    9.39758  286.91028   14.85871 4.4102e-02     0.9201     0.5214    87.7791 0.0000e+00
        505 213.017950    0.03497     2.0981    125.885     28.279  48314.478    30.5855     9.4357     28.000     9.4308    23.5972     6.2757     8.9686     95.415    273.811    280.272   -0.00371    6.57725    9.39954  286.96803   14.86145 4.4273e-02     0.8485     0.5158    87.9022 0.0000e+00
        508 213.017960    0.03521     2.1122    126.733     29.279  48314.604    30.5847     9.4318     29.000     9.4258    23.5971     6.2764     8.9696     95.417    273.841    280.303   -0.00294    6.57783    9.40038  286.99367   14.86268 4.4288e-02     0.8912     0.5474    87.2102 0.0000e+00
        511 213.017969    0.03541     2.1247    127.480     30.278  48318.999    30.5868     9.4278     30.000     9.4236    23.5995     6.2781     8.9720     95.435    273.915    280.379   -0.00195    6.57833    9.40109  287.01475   14.86367 4.4212e-02     0.8904     0.5603    86.9297 0.0000e+00
        515 213.017980    0.03568     2.1407    128.443     31.286  48332.599    30.5952     9.4219     31.000     9.4080    23.6069     6.2824     8.9782     95.495    274.103    280.574   -0.00103    6.57883    9.40182  287.03480   14.86460 4.4017e-02     0.7701     0.5618    86.8963 0.0000e+00
        521 213.017997    0.03610     2.1663    129.980     32.306  48381.462    30.6251     9.3922     32.000     9.3850    23.6349     6.2783     8.9724     95.388    273.916    280.390   -0.00142    6.58189    9.40619  287.16042   14.87048 4.3994e-02     0.7513     0.5450    87.2618 0.0000e+00
        526 213.018013    0.03649     2.1894    131.367     33.318  48402.084    30.6380     9.3832     33.000     9.3761    23.6463     6.2831     8.9793     95.450    274.125    280.606   -0.00058    6.58266    9.40728  287.19056   14.87188 4.4001e-02     0.7198     0.5078    88.0778 0.0000e+00
        531 213.018026    0.03679     2.2071    132.424     34.323  48410.873    30.6430     9.3779     34.000     9.3738    23.6512     6.2897     8.9886     95.541    274.407    280.898    0.00068    6.58323    9.40809  287.21409   14.87298 4.3946e-02     0.7130     0.5072    88.0917 0.0000e+00
        535 213.018038    0.03708     2.2249    133.493     35.331  48414.817    30.6453     9.3775     35.000     9.3740    23.6530     6.2899     8.9890     95.546    274.418    280.909    0.00035    6.58319    9.40803  287.21161   14.87285 4.4155e-02     0.6913     0.5044    88.1531 0.0000e+00
        540 213.018052    0.03740     2.2439    134.633     36.342  48437.895    30.6611     9.3780     36.000     9.3714    23.6653     6.2798     8.9745     95.403    273.973    280.457   -0.00113    6.58244    9.40697  287.17594   14.87108 4.3935e-02     0.7263     0.5024    88.1963 0.0000e+00
        544 213.018065    0.03774     2.2642    135.853     37.351  48499.060    30.7026     9.3700     37.000     9.3639    23.6989     6.2789     8.9732     95.398    273.926    280.418   -0.00121    6.58186    9.40613  287.14081   14.86924 4.4021e-02     0.7444     0.4638    89.0514 0.0000e+00
        550 213.018080    0.03810     2.2859    137.152     38.361  48526.232    30.7203     9.3632     38.000     9.3579    23.7138     6.3067     9.0129     95.816    275.133    281.657    0.00296    6.58209    9.40646  287.14653   14.86944 4.3997e-02     0.7496     0.4186    90.0645 0.0000e+00
        555 213.018096    0.03848     2.3089    138.536     39.374  48577.616    30.7561     9.3643     39.000     9.3600    23.7416     6.3062     9.0122     95.833    275.102    281.634    0.00163    6.58041    9.40407  287.06588   14.86543 4.3972e-02     0.8265     0.4037    90.3997 0.0000e+00
        560 213.018111    0.03882     2.3289    139.733     40.388  48635.630    30.7958     9.3600     40.000     9.3522    23.7733     6.3251     9.0392     96.135    275.917    282.477    0.00354    6.57935    9.40256  287.01069   14.86263 4.3963e-02     0.9136     0.3874    90.7690 0.0000e+00
        564 213.018121    0.03907     2.3441    140.648     41.389  48731.749    30.8624     9.3568     41.000     9.3501    23.8259     6.3350     9.0534     96.321    276.338    282.922    0.00423    6.57700    9.39919  286.89324   14.85675 4.4211e-02     0.8980     0.3793    90.9522 0.0000e+00
        568 213.018133    0.03934     2.3604    141.626     42.397  48810.449    30.9160     9.3473     42.000     9.3384    23.8693     6.3544     9.0812     96.629    277.173    283.790    0.00537    6.57611    9.39793  286.84245   14.85410 4.4026e-02     1.1593     0.3720    91.1178 0.0000e+00
        573 213.018147    0.03969     2.3815    142.893     43.407  48989.249    31.0390     9.3316     43.000     9.3377    23.9678     6.3802     9.1179     97.064    278.270    284.939    0.00711    6.57319    9.39374  286.68735   14.84619 4.4010e-02     1.3314     0.3519    91.5780 0.0000e+00
        579 213.018167    0.04017     2.4103    144.615     44.425  49083.580    31.1124     9.3876     44.000     9.3515    24.0165     6.4109     9.1619     97.699    279.597    286.312    0.00852    6.56194    9.37767  286.18307   14.82178 4.3958e-02     1.6647     0.3648    91.2841 0.0000e+00
        584 213.018181    0.04051     2.4305    145.833     45.437  49160.908    31.1516     9.2794     45.000     9.3001    24.0640     6.4474     9.2140     98.045    281.176    287.942    0.00873    6.57602    9.39779  286.78391   14.85035 4.4108e-02     2.1428     0.3379    91.8991 0.0000e+00
        588 213.018191    0.04074     2.4448    146.686     46.437  49360.314    31.3016     9.3543     46.000     9.4535    24.1695     6.4216     9.1771     97.909    280.021    286.789    0.00494    6.55878    9.37316  286.00270   14.81239 4.3813e-02     2.1860     0.3773    91.0016 0.0000e+00
        591 213.018201    0.04099     2.4598    147.588     47.439  49360.969    31.3261     9.5358     47.000     9.6246    24.1601     6.4170     9.1705     98.247    279.822    286.583    0.00499    6.53151    9.33418  284.81592   14.75554 4.3993e-02     1.8580     0.4573    89.1978 0.0000e+00
        598 213.018219    0.04143     2.4860    149.159     48.458  49234.981    31.2595     9.7063     48.000     9.6953    24.0810     6.5583     9.3725    100.745    286.007    292.894    0.02328    6.50981    9.30317  283.89153   14.71161 4.4023e-02     2.7770     0.5354    87.4726 0.0000e+00
        605 213.018240    0.04192     2.5150    150.898     49.479  49247.927    31.2601     9.6440     49.000     9.6152    24.0914     6.6300     9.4750    101.708    289.132    296.097    0.02002    6.51873    9.31590  284.27736   14.73006 4.3994e-02     4.4432     0.5278    87.6383 0.0000e+00
        608 213.018250    0.04216     2.5297    151.781     50.485  49285.915    31.2817     9.6086     50.000     9.5994    24.1139     6.5901     9.4178    101.030    287.380    294.311    0.00720    6.52289    9.32185  284.45283   14.73836 4.4440e-02     4.3821     0.5131    87.9609 0.0000e+00
        611 213.018258    0.04237     2.5420    152.521     51.486  49298.256    31.2895     9.6053     51.000     9.6025    24.1206     6.5773     9.3996    100.831    286.822    293.740    0.00250    6.52303    9.32207  284.45754   14.73856 4.3860e-02     4.7883     0.5249    87.7024 0.0000e+00
        614 213.018268    0.04259     2.5555    153.332     52.489  49296.938    31.2887     9.6095     52.000     9.6038    24.1193     6.5835     9.4083    100.935    287.092    294.016    0.00246    6.52248    9.32127  284.43336   14.73740 4.3965e-02     4.2739     0.5211    87.7854 0.0000e+00
        619 213.018280    0.04290     2.5740    154.438     53.503  49297.549    31.2886     9.6085     53.000     9.6023    24.1194     6.5759     9.3976    100.817    286.763    293.679    0.00077    6.52261    9.32146  284.43927   14.73769 4.4043e-02     4.1717     0.5192    87.8275 0.0000e+00
