CTD-processing/allCTD/CNV/2012_08-15_alongbay_s06_outer_cast116_4141.cnv
* Sea-Bird SBE19plus Data File:
* FileName = C:\Documents and Settings\kris.holderied.local\My Documents\2012-08-15-CTD-KBay-along-bay-outer\2012-08-15-KBay-along-bay-outer-cast116.hex
* Software Version 1.54
* Temperature SN =  4141
* Conductivity SN =  4141
* System UpLoad Time = Aug 23 2012 22:57:26
** Kachemak Bay Along Outer Bay CTD
** Date:  2012-08-15
** Station:  KB-06
** Start time (AKDT-24 hr): 1118
** Depth (ft): 240
** Comment:Homer 9.06 fathometer still not working. 85s. Phytoplankton. Same as Tran 9.06
# nquan = 27
# nvalues = 86                          
# units = specified
# name 0 = scan: Scan Count
# name 1 = timeJ: Julian Days
# name 2 = timeH: Time, Elapsed [hours]
# name 3 = timeM: Time, Elapsed [minutes]
# name 4 = timeS: Time, Elapsed [seconds]
# name 5 = prdM: Pressure, Strain Gauge [db]
# name 6 = specc: Specific Conductance [uS/cm]
# name 7 = sal00: Salinity, Practical [PSU]
# name 8 = tv290C: Temperature [ITS-90, deg C]
# name 9 = depSM: Depth [salt water, m], lat = 59.00
# name 10 = potemp090C: Potential Temperature [ITS-90, deg C]
# name 11 = sigma-é00: Density [sigma-theta, kg/m^3]
# name 12 = sbeox0ML/L: Oxygen, SBE 43 [ml/l]
# name 13 = sbeox0Mg/L: Oxygen, SBE 43 [mg/l]
# name 14 = sbeox0PS: Oxygen, SBE 43 [% saturation]
# name 15 = sbox0Mm/Kg: Oxygen, SBE 43 [umol/kg]
# name 16 = sbeox0Mm/L: Oxygen, SBE 43 [umol/l]
# name 17 = sbox0dV/dT: Oxygen, SBE 43 [dov/dt]
# name 18 = oxsolML/L: Oxygen Saturation, Garcia & Gordon [ml/l]
# name 19 = oxsolMg/L: Oxygen Saturation, Garcia & Gordon [mg/l]
# name 20 = oxsolMm/Kg: Oxygen Saturation, Garcia & Gordon [umol/kg]
# name 21 = n2satMg/L: Nitrogen Saturation [mg/l]
# name 22 = par: PAR/Irradiance, Biospherical/Licor
# name 23 = wetStar: Fluorescence, WET Labs WETstar [mg/m^3]
# name 24 = CStarAt0: Beam Attenuation, WET Labs C-Star [1/m]
# name 25 = CStarTr0: Beam Transmission, WET Labs C-Star [%]
# name 26 = flag: flag
# span 0 =         59,        609       
# span 1 = 228.480203, 228.481794       
# span 2 =    0.00403,    0.04222       
# span 3 =     0.2417,     2.5332       
# span 4 =     14.504,    151.991       
# span 5 =      1.019,     86.774       
# span 6 =  39180.301,  49488.636       
# span 7 =    24.5735,    31.2362       
# span 8 =     8.3922,    12.9903       
# span 9 =      1.000,     86.000       
# span 10 =     8.3733,    12.8457      
# span 11 =    18.3340,    24.2642      
# span 12 =     5.8029,     7.0627      
# span 13 =     8.2930,    10.0934      
# span 14 =     86.560,    109.331      
# span 15 =    253.020,    308.351      
# span 16 =    259.160,    315.423      
# span 17 =   -0.06352,    0.01459      
# span 18 =    6.30646,    6.70402      
# span 19 =    9.01256,    9.58070      
# span 20 =  275.95423,  292.30850      
# span 21 =   14.34731,   15.11399      
# span 22 = 4.7905e-02, 1.1848e+02      
# span 23 =     0.2538,     6.7644      
# span 24 =     0.2930,     1.6335      
# span 25 =    66.4061,    92.9355      
# span 26 = 0.0000e+00, 0.0000e+00      
# interval = meters: 1                  
# start_time = Aug 15 2012 11:31:15 [Instrument's time stamp, header]
# bad_flag = -9.990e-29
*END*
         59 228.480203    0.00403     0.2417     14.504      1.019  39180.301    24.5735    12.9903      1.000    12.8457    18.3340     6.5214     9.3198    103.072    285.999    291.248    0.01459    6.32765    9.04285  277.50693   14.43319 1.1848e+02     0.3557     1.1907    72.4901 0.0000e+00
        337 228.481006    0.02332     1.3992     83.951      2.014  43298.212    27.3826    12.3170      2.000    12.0992    20.6247     6.8896     9.8460    109.244    301.474    307.690   -0.00250    6.30646    9.01256  275.95423   14.34731 1.0937e+02     1.9639     1.0729    76.5321 0.0000e+00
        366 228.481090    0.02532     1.5188     91.130      3.038  44677.508    28.3002    11.7544      3.000    11.4692    21.4351     6.8221     9.7495    107.510    298.281    304.675   -0.02305    6.34564    9.06855  277.44892   14.41522 6.9688e+01     2.2731     1.0938    76.0748 0.0000e+00
        368 228.481098    0.02552     1.5311     91.868      4.038  45167.076    28.6114    11.4167      4.000    11.2122    21.7353     6.8127     9.7361    106.798    297.784    304.256   -0.02693    6.37911    9.11638  278.83043   14.48013 4.8376e+01     2.6428     1.1030    75.9004 0.0000e+00
        371 228.481105    0.02568     1.5413     92.479      5.047  45619.888    28.9040    11.1674      5.000    10.9894    22.0050     6.8443     9.7812    106.916    299.086    305.667   -0.02196    6.40155    9.14845  279.73739   14.52237 3.4696e+01     3.0986     1.1851    74.3603 0.0000e+00
        373 228.481112    0.02586     1.5516     93.092      6.054  46020.296    29.1630    10.9567      6.000    10.7196    22.2419     6.9432     9.9226    108.147    303.338    310.085   -0.00596    6.42014    9.17503  280.48508   14.55711 2.5276e+01     3.7103     1.2037    74.0137 0.0000e+00
        376 228.481120    0.02603     1.5622     93.731      7.065  46569.401    29.5152    10.6510      7.000    10.4120    22.5670     7.0501    10.0753    109.331    307.909    314.857    0.01022    6.44836    9.21535  281.62830   14.61040 1.8481e+01     4.8238     1.1450    75.1117 0.0000e+00
        379 228.481127    0.02622     1.5732     94.395      8.069  47192.938    29.9144    10.3136      8.000    10.0036    22.9333     7.0627    10.0934    109.004    308.351    315.423    0.00898    6.47942    9.25974  282.88313   14.66882 1.4070e+01     5.9111     1.0258    77.3874 0.0000e+00
        382 228.481136    0.02643     1.5857     95.145      9.090  47818.611    30.3025     9.8866      9.000     9.7240    23.3048     6.9714     9.9628    106.860    304.253    311.343   -0.01333    6.52407    9.32354  284.72903   14.75554 1.1028e+01     6.7644     0.8570    80.7285 0.0000e+00
        384 228.481144    0.02662     1.5972     95.836     10.100  48122.730    30.4893     9.6745     10.000     9.6014    23.4844     6.8505     9.7901    104.642    298.926    305.945   -0.03429    6.54668    9.35586  285.66597   14.79958 8.8404e+00     6.7019     0.7010    83.9322 0.0000e+00
        387 228.481151    0.02680     1.6075     96.451     11.108  48252.160    30.5695     9.5936     11.000     9.5427    23.5597     6.7377     9.6288    102.787    293.978    300.904   -0.04553    6.55500    9.36775  286.00813   14.81562 7.2546e+00     5.6205     0.6065    85.9330 0.0000e+00
        389 228.481158    0.02696     1.6177     97.062     12.174  48347.395    30.6291     9.5410     12.000     9.4689    23.6146     6.6188     9.4588    100.893    288.772    295.591   -0.05444    6.56010    9.37504  286.21503   14.82527 5.9742e+00     4.4768     0.5560    87.0224 0.0000e+00
        391 228.481163    0.02709     1.6256     97.537     13.095  48443.157    30.6875     9.4764     13.000     9.4444    23.6703     6.5091     9.3021     99.118    283.976    290.698   -0.06352    6.56701    9.38491  286.50102   14.83870 4.9773e+00     3.6890     0.5224    87.7568 0.0000e+00
        394 228.481171    0.02728     1.6368     98.208     14.123  48509.294    30.7287     9.4394     14.000     9.4031    23.7082     6.4598     9.2317     98.314    281.816    288.497   -0.06079    6.57064    9.39010  286.64902   14.84561 4.2053e+00     3.1370     0.4863    88.5521 0.0000e+00
        397 228.481180    0.02748     1.6488     98.929     15.149  48707.218    30.8575     9.3665     15.000     9.2664    23.8202     6.4622     9.2352     98.273    281.889    288.604   -0.04567    6.57581    9.39748  286.84282   14.85435 3.5213e+00     2.6855     0.4486    89.3930 0.0000e+00
        399 228.481187    0.02766     1.6594     99.567     16.148  48896.476    30.9734     9.2432     16.000     9.1897    23.9299     6.4543     9.2238     97.957    281.513    288.248   -0.03661    6.58887    9.41616  287.38206   14.87965 3.0126e+00     2.5256     0.3758    91.0350 0.0000e+00
        402 228.481195    0.02784     1.6703    100.218     17.160  48999.402    31.0372     9.1834     17.000     9.1685    23.9889     6.3987     9.1444     97.025    279.072    285.767   -0.03656    6.59490    9.42478  287.62875   14.89119 2.5831e+00     2.3137     0.3474    91.6820 0.0000e+00
        405 228.481203    0.02803     1.6815    100.889     18.175  49041.200    31.0640     9.1677     18.000     9.1678    24.0123     6.3155     9.0254     95.746    275.434    282.047   -0.04055    6.59607    9.42643  287.67254   14.89317 2.2112e+00     1.9797     0.3343    91.9812 0.0000e+00
        407 228.481210    0.02820     1.6921    101.525     19.179  49053.644    31.0727     9.1708     19.000     9.1712    24.0186     6.2412     8.9194     94.633    272.197    278.735   -0.04341    6.59524    9.42526  287.63469   14.89133 1.9096e+00     1.8824     0.3246    92.2060 0.0000e+00
        410 228.481217    0.02838     1.7030    102.181     20.187  49049.278    31.0695     9.1731     20.000     9.1712    24.0159     6.2151     8.8820     94.239    271.056    277.566   -0.03917    6.59504    9.42498  287.62711   14.89098 1.6463e+00     1.5682     0.3200    92.3110 0.0000e+00
        412 228.481225    0.02857     1.7145    102.872     21.203  49050.219    31.0698     9.1734     21.000     9.1710    24.0159     6.2124     8.8783     94.200    270.942    277.448   -0.03024    6.59497    9.42488  287.62389   14.89083 1.4226e+00     1.5012     0.3169    92.3841 0.0000e+00
        415 228.481233    0.02876     1.7253    103.520     22.211  49043.564    31.0645     9.1719     22.000     9.1613    24.0121     6.2226     8.8928     94.348    271.387    277.903   -0.02170    6.59544    9.42554  287.64539   14.89188 1.2240e+00     1.3498     0.3192    92.3309 0.0000e+00
        418 228.481240    0.02893     1.7357    104.145     23.213  49051.106    31.0678     9.1611     23.000     9.1517    24.0163     6.2325     8.9068     94.477    271.817    278.344   -0.01575    6.59688    9.42760  287.70683   14.89480 1.0683e+00     1.2607     0.3159    92.4069 0.0000e+00
        420 228.481248    0.02912     1.7469    104.811     24.228  49060.351    31.0728     9.1526     24.000     9.1455    24.0215     6.2359     8.9119     94.515    271.965    278.499   -0.01116    6.59790    9.42906  287.75012   14.89684 9.2048e-01     1.1641     0.3045    92.6720 0.0000e+00
        423 228.481256    0.02930     1.7579    105.476     25.238  49061.622    31.0723     9.1465     25.000     9.1388    24.0222     6.2241     8.8949     94.321    271.448    277.968   -0.01016    6.59883    9.43038  287.79025   14.89877 8.0710e-01     1.1230     0.3046    92.6687 0.0000e+00
        426 228.481263    0.02948     1.7689    106.136     26.249  49066.263    31.0743     9.1399     26.000     9.1296    24.0247     6.2136     8.8798     94.149    270.989    277.498   -0.01003    6.59971    9.43165  287.82817   14.90057 7.0689e-01     1.1336     0.2990    92.7980 0.0000e+00
        428 228.481270    0.02966     1.7798    106.790     27.254  49046.084    31.0578     9.1259     27.000     9.0996    24.0140     6.2130     8.8791     94.102    270.968    277.475   -0.00842    6.60246    9.43558  287.95109   14.90652 6.1295e-01     1.0140     0.3131    92.4709 0.0000e+00
        431 228.481279    0.02985     1.7913    107.476     28.269  49068.841    31.0692     9.0967     28.000     9.0821    24.0275     6.2020     8.8633     93.881    270.483    276.982   -0.00799    6.60627    9.44102  288.11344   14.91423 5.4058e-01     1.1002     0.2972    92.8396 0.0000e+00
        434 228.481287    0.03004     1.8022    108.132     29.276  49077.950    31.0731     9.0817     29.000     9.0702    24.0328     6.1814     8.8339     93.541    269.584    276.063   -0.00967    6.60829    9.44391  288.19999   14.91835 4.7010e-01     0.9986     0.2959    92.8697 0.0000e+00
        436 228.481294    0.03022     1.8133    108.799     30.276  49101.455    31.0879     9.0721     30.000     9.0665    24.0458     6.1636     8.8084     93.260    268.803    275.267   -0.01073    6.60909    9.44506  288.23136   14.91979 4.1723e-01     0.8246     0.2930    92.9355 0.0000e+00
        439 228.481303    0.03044     1.8265    109.587     31.300  49095.212    31.0823     9.0665     31.000     9.0527    24.0422     6.1553     8.7965     93.118    268.440    274.894   -0.00945    6.61014    9.44654  288.27790   14.92203 3.6397e-01     0.7936     0.2965    92.8550 0.0000e+00
        442 228.481312    0.03064     1.8388    110.329     32.300  49092.003    31.0772     9.0493     32.000     9.0344    24.0410     6.1557     8.7971     93.087    268.460    274.914   -0.00748    6.61288    9.45048  288.39822   14.92781 3.2027e-01     0.6677     0.3011    92.7482 0.0000e+00
        445 228.481320    0.03086     1.8516    111.098     33.323  49107.875    31.0857     9.0338     33.000     9.0277    24.0501     6.1535     8.7940     93.026    268.363    274.818   -0.00606    6.61481    9.45323  288.47966   14.93166 2.8196e-01     0.6736     0.2988    92.8006 0.0000e+00
        448 228.481328    0.03104     1.8625    111.752     34.325  49107.766    31.0847     9.0305     34.000     9.0230    24.0498     6.1500     8.7890     92.966    268.209    274.660   -0.00540    6.61535    9.45399  288.50292   14.93278 2.4816e-01     0.6534     0.3009    92.7531 0.0000e+00
        451 228.481336    0.03122     1.8730    112.384     35.321  49132.799    31.1012     9.0256     35.000     9.0242    24.0634     6.1476     8.7856     92.930    268.103    274.554   -0.00480    6.61535    9.45400  288.49941   14.93254 2.1877e-01     0.6578     0.3076    92.5972 0.0000e+00
        453 228.481344    0.03142     1.8854    113.123     36.348  49160.908    31.1209     9.0283     36.000     9.0226    24.0784     6.1441     8.7805     92.894    267.943    274.395   -0.00395    6.61412    9.45224  288.44142   14.92969 1.9750e-01     0.6447     0.3130    92.4735 0.0000e+00
        456 228.481352    0.03162     1.8969    113.812     37.356  49163.404    31.1217     9.0248     37.000     9.0175    24.0795     6.1461     8.7834     92.918    268.032    274.486   -0.00298    6.61460    9.45293  288.46224   14.93069 1.7215e-01     0.5961     0.3197    92.3188 0.0000e+00
        459 228.481360    0.03180     1.9077    114.465     38.360  49168.965    31.1245     9.0205     38.000     9.0141    24.0824     6.1419     8.7774     92.847    267.847    274.298   -0.00283    6.61511    9.45366  288.48351   14.93169 1.5702e-01     0.5888     0.3266    92.1602 0.0000e+00
        462 228.481368    0.03198     1.9192    115.149     39.371  49171.091    31.1251     9.0172     39.000     9.0073    24.0835     6.1347     8.7671     92.731    267.533    273.976   -0.00336    6.61558    9.45432  288.50361   14.93265 1.4035e-01     0.5533     0.3292    92.1001 0.0000e+00
        464 228.481375    0.03217     1.9305    115.832     40.385  49176.549    31.1272     9.0076     40.000     8.9931    24.0866     6.1254     8.7538     92.572    267.127    273.562   -0.00432    6.61689    9.45620  288.56017   14.93535 1.2540e-01     0.5368     0.3311    92.0563 0.0000e+00
        467 228.481383    0.03235     1.9413    116.481     41.388  49193.268    31.1369     8.9962     41.000     8.9887    24.0959     6.1147     8.7386     92.394    266.660    273.086   -0.00506    6.61816    9.45802  288.61287   14.93782 1.1422e-01     0.5326     0.3335    92.0006 0.0000e+00
        470 228.481391    0.03254     1.9527    117.160     42.402  49199.399    31.1403     8.9927     42.000     8.9869    24.0991     6.1096     8.7311     92.309    266.430    272.851   -0.00508    6.61855    9.45857  288.62874   14.93857 1.0442e-01     0.5076     0.3345    91.9758 0.0000e+00
        472 228.481399    0.03273     1.9640    117.837     43.410  49198.904    31.1392     8.9908     43.000     8.9810    24.0986     6.1069     8.7274     92.265    266.317    272.735   -0.00448    6.61887    9.45903  288.64276   14.93925 9.5076e-02     0.4769     0.3348    91.9711 0.0000e+00
        475 228.481406    0.03292     1.9753    118.515     44.417  49195.561    31.1352     8.9820     44.000     8.9644    24.0968     6.1071     8.7275     92.246    266.323    272.740   -0.00366    6.62033    9.46111  288.70677   14.94232 8.8876e-02     0.4636     0.3362    91.9397 0.0000e+00
        478 228.481415    0.03312     1.9873    119.237     45.433  49214.293    31.1454     8.9643     45.000     8.9526    24.1074     6.1037     8.7228     92.166    266.174    272.591   -0.00349    6.62251    9.46424  288.79918   14.94669 8.3375e-02     0.4443     0.3430    91.7825 0.0000e+00
        481 228.481423    0.03331     1.9988    119.929     46.438  49189.482    31.1253     8.9481     46.000     8.9072    24.0942     6.0980     8.7147     92.035    265.930    272.337   -0.00394    6.62577    9.46889  288.94504   14.95375 7.7585e-02     0.4698     0.3506    91.6077 0.0000e+00
        484 228.481431    0.03351     2.0105    120.633     47.449  49231.478    31.1469     8.8961     47.000     8.8677    24.1190     6.0869     8.6987     91.773    265.437    271.839   -0.00542    6.63252    9.47854  289.23245   14.96739 7.2377e-02     0.4336     0.3694    91.1772 0.0000e+00
        486 228.481439    0.03371     2.0225    121.350     48.459  49252.723    31.1566     8.8625     48.000     8.8376    24.1316     6.0752     8.6819     91.533    264.922    271.315   -0.00676    6.63709    9.48506  289.42784   14.97669 6.8829e-02     0.4253     0.3878    90.7606 0.0000e+00
        489 228.481448    0.03391     2.0343    122.059     49.469  49268.761    31.1636     8.8357     49.000     8.8116    24.1412     6.0634     8.6652     91.305    264.406    270.790   -0.00744    6.64077    9.49032  289.58566   14.98420 6.5799e-02     0.3965     0.3972    90.5479 0.0000e+00
        492 228.481455    0.03410     2.0459    122.753     50.477  49282.178    31.1687     8.8084     50.000     8.7845    24.1493     6.0533     8.6508     91.102    263.968    270.342   -0.00773    6.64460    9.49581  289.75084   14.99208 6.3009e-02     0.3675     0.4087    90.2883 0.0000e+00
        495 228.481463    0.03430     2.0575    123.452     51.489  49302.819    31.1792     8.7841     51.000     8.7676    24.1612     6.0431     8.6362     90.904    263.518    269.884   -0.00787    6.64775    9.50031  289.88478   14.99843 6.0657e-02     0.3502     0.4230    89.9659 0.0000e+00
        498 228.481472    0.03448     2.0692    124.152     52.494  49313.076    31.1838     8.7693     52.000     8.7550    24.1670     6.0322     8.6206     90.713    263.040    269.397   -0.00800    6.64976    9.50317  289.97051   15.00251 5.8752e-02     0.3293     0.4345    89.7061 0.0000e+00
        501 228.481480    0.03469     2.0815    124.891     53.512  49320.937    31.1869     8.7561     53.000     8.7430    24.1714     6.0225     8.6069     90.543    262.620    268.967   -0.00775    6.65159    9.50579  290.04905   15.00625 5.7412e-02     0.3039     0.4418    89.5422 0.0000e+00
