CTD-processing/allCTD/CNV/2012_10-28_t7_s23_cast029_4141.cnv
* Sea-Bird SBE19plus Data File:
* FileName = C:\Documents and Settings\kris.holderied.local\My Documents\2012-CTD-DATA-new-files\2012-10-CookInlet-Ocean-LTM\2012-10-28-and-29-EVOSTC-CookInletOcean-Tran7-Augustine\2012-10-28-and-29-CookInletOcean-Tran7-cast029.hex
* Software Version 1.54
* Temperature SN =  4141
* Conductivity SN =  4141
* System UpLoad Time = Oct 29 2012 03:25:29
** Cook Inlet EVOSTC Transect 7 Augustine line east to west
** Date:   28-29 Oct 2012
** Station:  7-23
** Start time (AKDT-24 hr):  2001
** Depth (m):  49
** Comment:1st station on transect 7. Still very clear water though more difficult to tell w/dark.
# nquan = 27
# nvalues = 44                          
# units = specified
# name 0 = scan: Scan Count
# name 1 = timeJ: Julian Days
# name 2 = timeH: Time, Elapsed [hours]
# name 3 = timeM: Time, Elapsed [minutes]
# name 4 = timeS: Time, Elapsed [seconds]
# name 5 = prdM: Pressure, Strain Gauge [db]
# name 6 = specc: Specific Conductance [uS/cm]
# name 7 = sal00: Salinity, Practical [PSU]
# name 8 = tv290C: Temperature [ITS-90, deg C]
# name 9 = depSM: Depth [salt water, m], lat = 59.00
# name 10 = potemp090C: Potential Temperature [ITS-90, deg C]
# name 11 = sigma-é00: Density [sigma-theta, kg/m^3]
# name 12 = sbeox0ML/L: Oxygen, SBE 43 [ml/l]
# name 13 = sbeox0Mg/L: Oxygen, SBE 43 [mg/l]
# name 14 = sbeox0PS: Oxygen, SBE 43 [% saturation]
# name 15 = sbox0Mm/Kg: Oxygen, SBE 43 [umol/kg]
# name 16 = sbeox0Mm/L: Oxygen, SBE 43 [umol/l]
# name 17 = sbox0dV/dT: Oxygen, SBE 43 [dov/dt]
# name 18 = oxsolML/L: Oxygen Saturation, Garcia & Gordon [ml/l]
# name 19 = oxsolMg/L: Oxygen Saturation, Garcia & Gordon [mg/l]
# name 20 = oxsolMm/Kg: Oxygen Saturation, Garcia & Gordon [umol/kg]
# name 21 = n2satMg/L: Nitrogen Saturation [mg/l]
# name 22 = par: PAR/Irradiance, Biospherical/Licor
# name 23 = wetStar: Fluorescence, WET Labs WETstar [mg/m^3]
# name 24 = CStarAt0: Beam Attenuation, WET Labs C-Star [1/m]
# name 25 = CStarTr0: Beam Transmission, WET Labs C-Star [%]
# name 26 = flag: flag
# span 0 =         61,        677       
# span 1 = 302.834478, 302.836263       
# span 2 =    0.00414,    0.04698       
# span 3 =     0.2485,     2.8187       
# span 4 =     14.909,    169.118       
# span 5 =      1.010,     44.399       
# span 6 =  49029.480,  49054.643       
# span 7 =    30.8445,    30.8755       
# span 8 =     7.7273,     7.7661       
# span 9 =      1.000,     44.000       
# span 10 =     7.7275,     7.7560      
# span 11 =    24.0499,    24.0690      
# span 12 =     5.4409,     6.5146      
# span 13 =     7.7756,     9.3101      
# span 14 =     79.775,     95.581      
# span 15 =    237.281,    284.107      
# span 16 =    242.991,    290.944      
# span 17 =   -0.02444,    0.00123      
# span 18 =    6.81582,    6.82295      
# span 19 =    9.74049,    9.75068      
# span 20 =  297.24087,  297.55535      
# span 21 =   15.35093,   15.36605      
# span 22 = 9.3755e-02, 1.8682e+00      
# span 23 =     0.0869,     1.2918      
# span 24 =     0.1872,     0.9189      
# span 25 =    80.2556,    95.1069      
# span 26 = 0.0000e+00, 0.0000e+00      
# interval = meters: 1                  
# start_time = Oct 28 2012 20:01:24 [Instrument's time stamp, header]
# bad_flag = -9.990e-29
*END*
         61 302.834478    0.00414     0.2485     14.909      1.010  49054.643    30.8755     7.7661      1.000     7.7560    24.0690     6.5146     9.3101     95.581    284.107    290.944   -0.01571    6.81582    9.74049  297.24087   15.35093 1.7734e+00     0.0869     0.9189    80.2556 0.0000e+00
        249 302.835025    0.01726     1.0353     62.118      2.017  49040.362    30.8601     7.7432      2.000     7.7405    24.0601     5.4409     7.7756     79.775    237.281    242.991   -0.02444    6.82003    9.74650  297.42624   15.35984 1.8682e+00     1.2918     0.1872    95.1069 0.0000e+00
        398 302.835454    0.02757     1.6540     99.238      3.028  49030.088    30.8502     7.7273      3.000     7.7280    24.0545     5.8921     8.4204     86.356    256.959    263.140   -0.00001    6.82295    9.75068  297.55535   15.36605 1.5761e+00     0.7399     0.2775    93.2970 0.0000e+00
        401 302.835462    0.02775     1.6649     99.895      4.033  49029.480    30.8495     7.7286      4.000     7.7284    24.0538     5.8885     8.4153     86.307    256.805    262.982   -0.00043    6.82277    9.75042  297.54778   15.36569 8.6574e-01     0.8273     0.2763    93.3254 0.0000e+00
        408 302.835482    0.02823     1.6940    101.642      5.066  49029.938    30.8495     7.7291      5.000     7.7292    24.0537     5.8899     8.4172     86.327    256.863    263.041   -0.00033    6.82269    9.75030  297.54435   15.36552 3.5115e-01     0.7490     0.2736    93.3901 0.0000e+00
        411 302.835491    0.02844     1.7064    102.384      6.044  49031.702    30.8505     7.7309      6.000     7.7307    24.0543     5.8906     8.4182     86.342    256.894    263.073   -0.00002    6.82237    9.74985  297.53003   15.36484 5.5120e-01     0.8426     0.2731    93.3988 0.0000e+00
        417 302.835508    0.02887     1.7322    103.929      7.069  49030.944    30.8494     7.7298      7.000     7.7289    24.0536     5.8894     8.4166     86.323    256.844    263.022   -0.00026    6.82259    9.75015  297.53974   15.36530 3.0458e-01     0.7293     0.2734    93.3933 0.0000e+00
        422 302.835525    0.02926     1.7557    105.341      8.069  49032.329    30.8500     7.7304      8.000     7.7300    24.0540     5.8813     8.4050     86.205    256.490    262.659   -0.00132    6.82246    9.74999  297.53439   15.36504 1.9761e-01     0.7413     0.2733    93.3963 0.0000e+00
        429 302.835543    0.02970     1.7823    106.941      9.090  49031.792    30.8491     7.7299      9.000     7.7286    24.0533     5.8833     8.4078     86.233    256.577    262.749   -0.00056    6.82259    9.75017  297.54002   15.36532 1.7107e-01     0.7384     0.2713    93.4433 0.0000e+00
        434 302.835560    0.03010     1.8060    108.363     10.091  49033.970    30.8502     7.7302     10.000     7.7298    24.0542     5.8875     8.4138     86.295    256.758    262.934    0.00007    6.82249    9.75003  297.53571   15.36511 1.5111e-01     0.8006     0.2715    93.4389 0.0000e+00
        442 302.835581    0.03061     1.8367    110.204     11.107  49032.812    30.8492     7.7318     11.000     7.7306    24.0532     5.8914     8.4193     86.354    256.928    263.108    0.00043    6.82229    9.74973  297.52703   15.36470 1.4047e-01     0.8132     0.2705    93.4620 0.0000e+00
        448 302.835598    0.03101     1.8610    111.657     12.111  49033.589    30.8492     7.7313     12.000     7.7302    24.0533     5.8873     8.4135     86.293    256.750    262.925   -0.00034    6.82237    9.74985  297.53070   15.36487 1.0983e-01     0.7518     0.2726    93.4108 0.0000e+00
        456 302.835622    0.03160     1.8960    113.760     13.124  49033.566    30.8488     7.7315     13.000     7.7302    24.0530     5.8888     8.4157     86.316    256.816    262.994   -0.00012    6.82236    9.74983  297.52994   15.36484 1.0897e-01     0.7190     0.2739    93.3809 0.0000e+00
        464 302.835646    0.03216     1.9298    115.787     14.129  49036.027    30.8501     7.7321     14.000     7.7316    24.0539     5.8708     8.3900     86.054    256.032    262.190   -0.00220    6.82220    9.74960  297.52253   15.36448 1.0467e-01     0.7894     0.2718    93.4314 0.0000e+00
        474 302.835674    0.03285     1.9711    118.264     15.149  49035.316    30.8496     7.7346     15.000     7.7331    24.0532     5.8827     8.4071     86.235    256.553    262.724    0.00041    6.82184    9.74909  297.50739   15.36376 9.9780e-02     0.7880     0.2724    93.4157 0.0000e+00
        484 302.835704    0.03356     2.0135    120.812     16.153  49035.990    30.8497     7.7350     16.000     7.7333    24.0532     5.8815     8.4052     86.217    256.498    262.668    0.00018    6.82176    9.74898  297.50392   15.36359 1.0066e-01     0.8315     0.2711    93.4472 0.0000e+00
        495 302.835735    0.03430     2.0582    123.489     17.166  49035.831    30.8491     7.7347     17.000     7.7325    24.0528     5.8905     8.4181     86.347    256.889    263.068    0.00105    6.82184    9.74909  297.50757   15.36377 9.7931e-02     0.8103     0.2724    93.4158 0.0000e+00
        502 302.835755    0.03480     2.0880    125.279     18.172  49037.297    30.8495     7.7340     18.000     7.7322    24.0533     5.8899     8.4172     86.337    256.862    263.040    0.00024    6.82194    9.74923  297.51148   15.36395 9.9745e-02     0.7065     0.2739    93.3823 0.0000e+00
        508 302.835773    0.03523     2.1135    126.813     19.179  49038.129    30.8498     7.7349     19.000     7.7333    24.0533     5.8867     8.4127     86.293    256.725    262.900   -0.00030    6.82179    9.74901  297.50478   15.36363 9.8047e-02     0.7421     0.2716    93.4346 0.0000e+00
        516 302.835795    0.03573     2.1440    128.638     20.186  49037.076    30.8488     7.7356     20.000     7.7331    24.0524     5.8817     8.4056     86.221    256.509    262.678   -0.00111    6.82172    9.74893  297.50257   15.36353 9.7382e-02     0.7295     0.2739    93.3826 0.0000e+00
        525 302.835821    0.03639     2.1832    130.991     21.196  49038.504    30.8492     7.7349     21.000     7.7326    24.0529     5.8877     8.4141     86.307    256.769    262.945   -0.00016    6.82181    9.74906  297.50639   15.36371 9.8652e-02     0.8454     0.2733    93.3957 0.0000e+00
        533 302.835846    0.03697     2.2185    133.109     22.202  49038.901    30.8489     7.7346     22.000     7.7323    24.0528     5.8872     8.4134     86.299    256.747    262.922   -0.00030    6.82185    9.74911  297.50819   15.36380 9.8778e-02     0.8639     0.2734    93.3932 0.0000e+00
        544 302.835878    0.03773     2.2638    135.830     23.236  49039.220    30.8487     7.7345     23.000     7.7319    24.0526     5.8738     8.3943     86.101    256.161    262.323   -0.00205    6.82189    9.74916  297.50976   15.36388 9.8924e-02     0.9162     0.2726    93.4132 0.0000e+00
        547 302.835885    0.03791     2.2742    136.450     24.203  49040.140    30.8488     7.7339     24.000     7.7313    24.0528     5.8738     8.3942     86.101    256.160    262.321   -0.00201    6.82197    9.74928  297.51320   15.36404 1.0041e-01     0.7571     0.2742    93.3753 0.0000e+00
        555 302.835908    0.03845     2.3068    138.408     25.258  49042.066    30.8498     7.7345     25.000     7.7324    24.0535     5.8875     8.4139     86.304    256.761    262.937    0.00064    6.82185    9.74911  297.50782   15.36378 9.9596e-02     0.7804     0.2704    93.4624 0.0000e+00
        558 302.835918    0.03871     2.3224    139.346     26.252  49042.281    30.8496     7.7351     26.000     7.7326    24.0533     5.8752     8.3964     86.125    256.224    262.387   -0.00149    6.82177    9.74898  297.50402   15.36360 9.9892e-02     0.8280     0.2766    93.3179 0.0000e+00
        561 302.835927    0.03891     2.3344    140.064     27.236  49042.775    30.8494     7.7350     27.000     7.7327    24.0532     5.8761     8.3974     86.136    256.260    262.424   -0.00138    6.82177    9.74899  297.50440   15.36362 9.9751e-02     0.7562     0.2735    93.3910 0.0000e+00
        568 302.835946    0.03938     2.3628    141.768     28.281  49042.921    30.8492     7.7357     28.000     7.7331    24.0529     5.8924     8.4209     86.378    256.974    263.155    0.00123    6.82168    9.74886  297.50025   15.36342 9.8018e-02     0.8002     0.2695    93.4848 0.0000e+00
        572 302.835958    0.03966     2.3795    142.770     29.270  49044.629    30.8499     7.7355     29.000     7.7330    24.0535     5.8907     8.4185     86.354    256.903    263.082    0.00057    6.82167    9.74885  297.50005   15.36341 9.6503e-02     0.7664     0.2718    93.4309 0.0000e+00
        577 302.835973    0.04001     2.4006    144.036     30.282  49044.897    30.8498     7.7360     30.000     7.7333    24.0533     5.8887     8.4156     86.325    256.813    262.991    0.00000    6.82161    9.74877  297.49737   15.36328 9.7954e-02     0.7866     0.2706    93.4601 0.0000e+00
        583 302.835990    0.04043     2.4254    145.526     31.309  49044.014    30.8487     7.7362     31.000     7.7329    24.0525     5.8858     8.4114     86.282    256.688    262.862   -0.00043    6.82162    9.74879  297.49822   15.36333 9.6729e-02     0.7111     0.2728    93.4072 0.0000e+00
        586 302.835999    0.04064     2.4383    146.295     32.297  49045.642    30.8494     7.7357     32.000     7.7329    24.0531     5.8843     8.4092     86.258    256.619    262.792   -0.00070    6.82168    9.74886  297.50039   15.36343 9.6911e-02     0.7797     0.2731    93.4012 0.0000e+00
        592 302.836016    0.04105     2.4633    147.797     33.308  49044.715    30.8482     7.7356     33.000     7.7320    24.0522     5.8810     8.4046     86.210    256.478    262.646   -0.00088    6.82173    9.74894  297.50308   15.36356 9.3755e-02     0.7796     0.2706    93.4590 0.0000e+00
        601 302.836041    0.04165     2.4988    149.930     34.324  49044.700    30.8474     7.7334     34.000     7.7297    24.0519     5.8727     8.3927     86.083    256.115    262.274   -0.00167    6.82213    9.74950  297.52019   15.36438 9.6759e-02     0.8375     0.2719    93.4299 0.0000e+00
        610 302.836068    0.04230     2.5381    152.284     35.333  49045.672    30.8474     7.7316     35.000     7.7281    24.0521     5.8883     8.4149     86.308    256.793    262.970    0.00092    6.82241    9.74991  297.53251   15.36497 9.5708e-02     0.8695     0.2717    93.4351 0.0000e+00
        619 302.836094    0.04292     2.5750    154.497     36.341  49048.283    30.8488     7.7317     36.000     7.7288    24.0532     5.8949     8.4243     86.406    257.081    263.265    0.00092    6.82233    9.74979  297.52872   15.36478 9.5645e-02     0.7407     0.2727    93.4083 0.0000e+00
        627 302.836117    0.04347     2.6081    156.484     37.351  49047.855    30.8481     7.7321     37.000     7.7286    24.0526     5.8864     8.4123     86.282    256.713    262.888   -0.00057    6.82230    9.74975  297.52758   15.36473 9.3994e-02     0.8240     0.2709    93.4512 0.0000e+00
        636 302.836142    0.04408     2.6447    158.679     38.369  49048.639    30.8483     7.7326     38.000     7.7292    24.0527     5.8737     8.3942     86.098    256.161    262.323   -0.00177    6.82221    9.74962  297.52387   15.36455 9.3926e-02     0.7813     0.2724    93.4166 0.0000e+00
        643 302.836163    0.04458     2.6748    160.488     39.368  49044.783    30.8451     7.7325     39.000     7.7283    24.0503     5.8785     8.4009     86.165    256.366    262.532   -0.00059    6.82236    9.74983  297.53079   15.36490 9.7858e-02     0.7903     0.2711    93.4459 0.0000e+00
        652 302.836188    0.04519     2.7114    162.687     40.382  49047.344    30.8463     7.7320     40.000     7.7289    24.0513     5.8806     8.4040     86.196    256.460    262.628   -0.00045    6.82237    9.74986  297.53128   15.36491 9.4133e-02     0.7723     0.2739    93.3801 0.0000e+00
        659 302.836208    0.04567     2.7402    164.409     41.392  49046.683    30.8456     7.7331     41.000     7.7291    24.0506     5.8830     8.4074     86.233    256.565    262.737    0.00010    6.82224    9.74966  297.52555   15.36465 9.7685e-02     0.8453     0.2717    93.4328 0.0000e+00
        665 302.836228    0.04613     2.7676    166.057     42.400  49045.956    30.8445     7.7319     42.000     7.7275    24.0499     5.8815     8.4053     86.208    256.501    262.670   -0.00035    6.82248    9.75000  297.53623   15.36516 1.0579e-01     0.8938     0.2712    93.4432 0.0000e+00
        672 302.836247    0.04660     2.7961    167.767     43.415  49048.289    30.8456     7.7314     43.000     7.7277    24.0509     5.8830     8.4075     86.230    256.566    262.736 6.3073e-07    6.82251    9.75005  297.53737   15.36520 1.0814e-01     0.7843     0.2721    93.4234 0.0000e+00
        677 302.836263    0.04698     2.8187    169.118     44.399  49051.003    30.8472     7.7326     44.000     7.7296    24.0520     5.8832     8.4076     86.235    256.571    262.743    0.00007    6.82225    9.74967  297.52546   15.36464 1.2980e-01     0.8166     0.2750    93.3560 0.0000e+00
