CTD-processing/allCTD/CNV/2012_04-26_t9_s05_cast299_5028.cnv
* Sea-Bird SBE19plus Data File:
* FileName = C:\Documents and Settings\glenn.seaman\My Documents\KHolderied-files\CTD-DATA-FILES\2011-KBay-CTD\2012-04-26-HomerSpit-CTD\2012-04-26-HomerSpit-cast299.hex
* Software Version 1.59
* Temperature SN =  5028
* Conductivity SN =  5028
* System UpLoad Time = Apr 29 2012 21:23:46
** Cruise: Homer Spit Transect
** Date: 04-26
** Station: 05-10 (all appended on one cast number)
** Start time S05 (AKDT): 18:49
** Start time S06 (AKDT): 19:10
** Start time S07 (AKDT): 19:19
** Start time S08 (AKDT): 19:29
** Start time S09 (AKDT): 19:38
** Start time S10 (AKDT): 19:56
** Depth (m) S05: 97.2
** Depth (m) S06: 101.5
** Depth (m) S07: 101.5
** Depth (m) S08: 94.2
** Depth (m) S09: 82.9
** Depth (m) S10: 61.6
# nquan = 26
# nvalues = 91                          
# units = specified
# name 0 = scan: Scan Count
# name 1 = timeJ: Julian Days
# name 2 = timeH: Time, Elapsed [hours]
# name 3 = timeM: Time, Elapsed [minutes]
# name 4 = timeS: Time, Elapsed [seconds]
# name 5 = prdM: Pressure, Strain Gauge [db]
# name 6 = specc: Specific Conductance [uS/cm]
# name 7 = sal00: Salinity, Practical [PSU]
# name 8 = tv290C: Temperature [ITS-90, deg C]
# name 9 = depSM: Depth [salt water, m], lat = 59.00
# name 10 = potemp090C: Potential Temperature [ITS-90, deg C]
# name 11 = sigma-é00: Density [sigma-theta, kg/m^3]
# name 12 = sbeox0ML/L: Oxygen, SBE 43 [ml/l]
# name 13 = sbeox0Mg/L: Oxygen, SBE 43 [mg/l]
# name 14 = sbeox0PS: Oxygen, SBE 43 [% saturation]
# name 15 = sbox0Mm/Kg: Oxygen, SBE 43 [umol/kg]
# name 16 = sbeox0Mm/L: Oxygen, SBE 43 [umol/l]
# name 17 = sbox0dV/dT: Oxygen, SBE 43 [dov/dt]
# name 18 = oxsolML/L: Oxygen Saturation, Garcia & Gordon [ml/l]
# name 19 = oxsolMg/L: Oxygen Saturation, Garcia & Gordon [mg/l]
# name 20 = oxsolMm/Kg: Oxygen Saturation, Garcia & Gordon [umol/kg]
# name 21 = n2satMg/L: Nitrogen Saturation [mg/l]
# name 22 = par: PAR/Irradiance, Biospherical/Licor [umol photons/m^2/sec]
# name 23 = flECO-AFL: Fluorescence, WET Labs ECO-AFL/FL [mg/m^3]
# name 24 = upoly0: Upoly 0, ECO-FLNTUS
# name 25 = flag: flag
# span 0 =        290,       3868       
# span 1 = 118.118995, 118.129348       
# span 2 =    0.02004,    0.26853       
# span 3 =     1.2026,    16.1116       
# span 4 =     72.158,    966.698       
# span 5 =      1.009,     91.879       
# span 6 =  49589.296,  51830.559       
# span 7 =    30.8431,    31.7967       
# span 8 =     3.1926,     5.5114       
# span 9 =      1.000,     91.000       
# span 10 =     3.1875,     5.4806      
# span 11 =    24.3254,    25.3128      
# span 12 =     7.3811,     8.3057      
# span 13 =    10.5497,    11.8488      
# span 14 =     97.742,    115.733      
# span 15 =    321.498,    362.124      
# span 16 =    329.637,    370.932      
# span 17 =   -0.01815,    0.01205      
# span 18 =    7.17655,    7.55152      
# span 19 =   10.26761,   10.79177      
# span 20 =  312.89427,  328.92485      
# span 21 =   16.11404,   16.85571      
# span 22 = 3.7943e-02, 3.3250e+02      
# span 23 =     0.3154,     5.2427      
# span 24 =  0.8606154,  1.5517657      
# span 25 = 0.0000e+00, 0.0000e+00      
# interval = meters: 1                  
# start_time = Apr 27 2012 02:50:09 [Instrument's time stamp, header]
# bad_flag = -9.990e-29
*END*
[from data line 56]
        439 118.119426    0.03041     1.8243    109.455     57.546  51501.731    31.7328     3.7500     57.000     3.7458    25.2119     7.7207    11.0357    103.608    336.329    344.809   -0.00208    7.45184   10.64933  324.61493   16.65111 4.0064e-02     1.3192  0.9502437 0.0000e+00
        442 118.119435    0.03059     1.8356    110.135     58.556  51503.734    31.7335     3.7491     58.000     3.7449    25.2125     7.7118    11.0248    103.489    335.940    344.409   -0.00228    7.45184   10.64950  324.61481   16.65135 3.9976e-02     1.3267  0.9644275 0.0000e+00
        444 118.119442    0.03078     1.8470    110.821     59.566  51505.407    31.7339     3.7483     59.000     3.7439    25.2129     7.7063    11.0168    103.417    335.702    344.166   -0.00231    7.45172   10.64967  324.60898   16.65159 3.9899e-02     1.2741  0.9490561 0.0000e+00
        447 118.119450    0.03097     1.8585    111.512     60.576  51506.165    31.7336     3.7471     60.000     3.7413    25.2128     7.7066    11.0122    103.425    335.713    344.178   -0.00209    7.45142   10.65002  324.59573   16.65209 3.9826e-02     1.2220  0.9357209 0.0000e+00
        450 118.119458    0.03117     1.8701    112.208     61.585  51504.857    31.7313     3.7436     61.000     3.7345    25.2113     7.7072    11.0069    103.433    335.738    344.203   -0.00184    7.45140   10.65110  324.59541   16.65369 3.9755e-02     1.1894  0.9323375 0.0000e+00
        453 118.119467    0.03136     1.8818    112.908     62.595  51501.759    31.7266     3.7350     62.000     3.7201    25.2083     7.6973    10.9944    103.286    335.307    343.760   -0.00209    7.45236   10.65370  324.63829   16.65752 3.9678e-02     1.1529  0.9159149 0.0000e+00
        455 118.119474    0.03156     1.8935    113.610     63.605  51498.216    31.7197     3.7190     63.000     3.6965    25.2043     7.6838    10.9780    103.070    334.719    343.155   -0.00261    7.45485   10.65838  324.74819   16.66440 3.9598e-02     1.0830  0.8925603 0.0000e+00
        458 118.119483    0.03176     1.9052    114.314     64.614  51495.078    31.7100     3.6912     64.000     3.6586    25.1992     7.6755    10.9614    102.889    334.360    342.785   -0.00293    7.45994   10.66635  324.97212   16.67606 3.9521e-02     1.0061  0.8676794 0.0000e+00
        461 118.119491    0.03195     1.9170    115.019     65.624  51495.964    31.6994     3.6479     65.000     3.6043    25.1947     7.6650    10.9399    102.623    333.907    342.316   -0.00344    7.46908   10.67847  325.37339   16.69374 3.9461e-02     0.9609  0.8606154 0.0000e+00
        464 118.119499    0.03214     1.9287    115.724     66.634  51508.382    31.6927     3.5897     66.000     3.5398    25.1947     7.6406    10.9068    102.110    332.848    341.229   -0.00466    7.48283   10.69425  325.97504   16.71663 3.9403e-02     0.8853  0.8791591 0.0000e+00
        467 118.119507    0.03234     1.9405    116.428     67.643  51546.057    31.7018     3.5261     67.000     3.4837    25.2077     7.6014    10.8630    101.391    331.133    339.477   -0.00642    7.49723   10.71033  326.59516   16.73969 3.9348e-02     0.7610  0.9282523 0.0000e+00
        470 118.119516    0.03254     1.9522    117.131     68.653  51590.393    31.7181     3.4734     68.000     3.4429    25.2254     7.5581    10.8176    100.686    329.236    337.542   -0.00804    7.50661   10.72302  326.99471   16.75774 3.9299e-02     0.6553  0.9727523 0.0000e+00
        472 118.119524    0.03273     1.9638    117.831     69.663  51619.740    31.7284     3.4376     69.000     3.4129    25.2368     7.5358    10.7865    100.329    328.265    336.552   -0.00842    7.51113   10.73170  327.18804   16.77011 3.9254e-02     0.6059  0.9994488 0.0000e+00
        475 118.119531    0.03293     1.9755    118.528     70.673  51638.703    31.7336     3.4094     70.000     3.3859    25.2435     7.5336    10.7705    100.248    328.168    336.452   -0.00777    7.51504   10.73880  327.35737   16.78027 3.9199e-02     0.5764  1.0366508 0.0000e+00
        478 118.119540    0.03312     1.9870    119.219     71.683  51655.269    31.7376     3.3829     71.000     3.3594    25.2490     7.5256    10.7546    100.083    327.815    336.092   -0.00742    7.51934   10.74552  327.54328   16.78992 3.9149e-02     0.5608  1.0759473 0.0000e+00
        481 118.119548    0.03331     1.9985    119.910     72.692  51670.452    31.7405     3.3563     72.000     3.3334    25.2537     7.5131    10.7372     99.848    327.272    335.536   -0.00738    7.52457   10.75235  327.76993   16.79973 3.9103e-02     0.5452  1.1044405 0.0000e+00
        483 118.119555    0.03350     2.0101    120.605     73.703  51688.485    31.7456     3.3307     73.000     3.3114    25.2600     7.5004    10.7196     99.611    326.716    334.969   -0.00733    7.52968   10.75876  327.99039   16.80888 3.9054e-02     0.5236  1.1219786 0.0000e+00
        486 118.119564    0.03370     2.0217    121.305     74.711  51704.975    31.7511     3.3106     74.000     3.2956    25.2662     7.4863    10.7019     99.379    326.098    334.339   -0.00728    7.53312   10.76370  328.13741   16.81593 3.9014e-02     0.4895  1.1326938 0.0000e+00
        489 118.119572    0.03389     2.0335    122.009     75.721  51715.941    31.7543     3.2964     75.000     3.2839    25.2700     7.4740    10.6865     99.189    325.563    333.790   -0.00710    7.53518   10.76724  328.22608   16.82099 3.8987e-02     0.4490  1.1414253 0.0000e+00
        492 118.119580    0.03409     2.0453    122.716     76.731  51724.189    31.7566     3.2854     76.000     3.2745    25.2728     7.4676    10.6756     99.083    325.283    333.504   -0.00668    7.53667   10.76998  328.29032   16.82490 3.8953e-02     0.4246  1.1601827 0.0000e+00
        495 118.119588    0.03429     2.0571    123.428     77.741  51730.028    31.7577     3.2764     77.000     3.2654    25.2744     7.4637    10.6671     99.016    325.113    333.330   -0.00617    7.53789   10.77231  328.34366   16.82824 3.8917e-02     0.4170  1.1840688 0.0000e+00
        498 118.119597    0.03448     2.0690    124.140     78.751  51735.735    31.7587     3.2672     78.000     3.2555    25.2760     7.4584    10.6587     98.925    324.883    333.093   -0.00576    7.53946   10.77469  328.41175   16.83167 3.8882e-02     0.4221  1.1954344 0.0000e+00
        500 118.119605    0.03468     2.0808    124.848     79.761  51744.241    31.7613     3.2571     79.000     3.2451    25.2790     7.4503    10.6495     98.793    324.527    332.730   -0.00555    7.54133   10.77717  328.49230   16.83522 3.8856e-02     0.4348  1.2096691 0.0000e+00
        503 118.119613    0.03488     2.0926    125.554     80.771  51755.504    31.7657     3.2466     80.000     3.2352    25.2834     7.4464    10.6427     98.714    324.355    332.556   -0.00524    7.54340   10.77964  328.58070   16.83870 3.8839e-02     0.4307  1.2254643 0.0000e+00
        506 118.119621    0.03507     2.1043    126.258     81.780  51767.867    31.7712     3.2377     81.000     3.2286    25.2886     7.4437    10.6368     98.657    324.236    332.436   -0.00485    7.54504   10.78163  328.64971   16.84148 3.8850e-02     0.4033  1.2444654 0.0000e+00
        509 118.119630    0.03527     2.1161    126.964     82.790  51776.311    31.7750     3.2321     82.000     3.2250    25.2921     7.4361    10.6288     98.547    323.905    332.098   -0.00468    7.54577   10.78283  328.68054   16.84315 3.8825e-02     0.3878  1.2739333 0.0000e+00
        512 118.119637    0.03547     2.1279    127.672     83.801  51781.642    31.7773     3.2291     83.000     3.2232    25.2941     7.4311    10.6227     98.477    323.686    331.874   -0.00443    7.54606   10.78346  328.69273   16.84402 3.8762e-02     0.3579  1.2904512 0.0000e+00
        515 118.119646    0.03566     2.1397    128.380     84.811  51785.333    31.7789     3.2277     84.000     3.2226    25.2956     7.4300    10.6191     98.461    323.637    331.824   -0.00401    7.54611   10.78373  328.69427   16.84438 3.8720e-02     0.3340  1.3065614 0.0000e+00
        517 118.119654    0.03586     2.1515    129.092     85.820  51787.679    31.7799     3.2276     85.000     3.2229    25.2964     7.4296    10.6164     98.458    323.619    331.806   -0.00360    7.54593   10.78368  328.68662   16.84430 3.8687e-02     0.3331  1.3187477 0.0000e+00
        520 118.119662    0.03606     2.1637    129.823     86.830  51789.231    31.7806     3.2281     86.000     3.2234    25.2968     7.4263    10.6120     98.418    323.476    331.659   -0.00332    7.54568   10.78350  328.67560   16.84402 3.8650e-02     0.3450  1.3128589 0.0000e+00
        523 118.119671    0.03627     2.1765    130.588     87.839  51790.770    31.7812     3.2285     87.000     3.2237    25.2974     7.4219    10.6066     98.361    323.285    331.463   -0.00314    7.54555   10.78332  328.67003   16.84375 3.8618e-02     0.3544  1.2896089 0.0000e+00
        527 118.119681    0.03651     2.1906    131.438     88.849  51793.625    31.7828     3.2291     88.000     3.2242    25.2986     7.4191    10.6011     98.326    323.160    331.335   -0.00286    7.54537   10.78308  328.66146   16.84338 3.8586e-02     0.3595  1.2846362 0.0000e+00
       1160 118.121513    0.08049     4.8292    289.754     89.859  51805.714    31.7880     3.2196     89.000     3.2147    25.3035     7.4031    10.5808     98.095    322.464    330.623   -0.00293    7.54692   10.78522  328.72730   16.84639 3.8204e-02     0.3510  1.3592780 0.0000e+00
       3151 118.127276    0.21878    13.1267    787.601     90.870  51826.814    31.7958     3.1971     90.000     3.1920    25.3117     7.3871    10.5565     97.832    321.762    329.907   -0.00301    7.55076   10.79064  328.89229   16.85409 3.7943e-02     0.3403  1.5125941 0.0000e+00
       3868 118.129348    0.26853    16.1116    966.698     91.879  51830.559    31.7967     3.1926     91.000     3.1875    25.3128     7.3811    10.5497     97.742    321.498    329.637   -0.00284    7.55152   10.79177  328.92485   16.85571 3.8123e-02     0.3154  1.5517657 0.0000e+00
