CTD-processing/allCTD/CNV/2012_07-31_t6_s28_cast098_4141.cnv
* Sea-Bird SBE19plus Data File:
* FileName = C:\Documents and Settings\kris.holderied.local\My Documents\2012-07-EVOS-CookInlet-Ocean\2012-07-CookInlet-Tran6-Douglas\2012-07-31-CookInlet-Tran6-cast098.hex
* Software Version 1.54
* Temperature SN =  4141
* Conductivity SN =  4141
* System UpLoad Time = Jul 31 2012 08:34:26
** Cook Inlet LTM Transect 6 (Douglas line)  East to West
** Date:  2012-07-31
** Station:  6-28
** Start time (AKDT-24 hr): 0039
** Depth (m): 44.4
** Comment: Last one! Upon the shelf
# nquan = 27
# nvalues = 41                          
# units = specified
# name 0 = scan: Scan Count
# name 1 = timeJ: Julian Days
# name 2 = timeH: Time, Elapsed [hours]
# name 3 = timeM: Time, Elapsed [minutes]
# name 4 = timeS: Time, Elapsed [seconds]
# name 5 = prdM: Pressure, Strain Gauge [db]
# name 6 = specc: Specific Conductance [uS/cm]
# name 7 = sal00: Salinity, Practical [PSU]
# name 8 = tv290C: Temperature [ITS-90, deg C]
# name 9 = depSM: Depth [salt water, m], lat = 59.00
# name 10 = potemp090C: Potential Temperature [ITS-90, deg C]
# name 11 = sigma-é00: Density [sigma-theta, kg/m^3]
# name 12 = sbeox0ML/L: Oxygen, SBE 43 [ml/l]
# name 13 = sbeox0Mg/L: Oxygen, SBE 43 [mg/l]
# name 14 = sbeox0PS: Oxygen, SBE 43 [% saturation]
# name 15 = sbox0Mm/Kg: Oxygen, SBE 43 [umol/kg]
# name 16 = sbeox0Mm/L: Oxygen, SBE 43 [umol/l]
# name 17 = sbox0dV/dT: Oxygen, SBE 43 [dov/dt]
# name 18 = oxsolML/L: Oxygen Saturation, Garcia & Gordon [ml/l]
# name 19 = oxsolMg/L: Oxygen Saturation, Garcia & Gordon [mg/l]
# name 20 = oxsolMm/Kg: Oxygen Saturation, Garcia & Gordon [umol/kg]
# name 21 = n2satMg/L: Nitrogen Saturation [mg/l]
# name 22 = par: PAR/Irradiance, Biospherical/Licor
# name 23 = wetStar: Fluorescence, WET Labs WETstar [mg/m^3]
# name 24 = CStarAt0: Beam Attenuation, WET Labs C-Star [1/m]
# name 25 = CStarTr0: Beam Transmission, WET Labs C-Star [%]
# name 26 = flag: flag
# span 0 =        373,        520       
# span 1 = 213.028958, 213.029383       
# span 2 =    0.02583,    0.03603       
# span 3 =     1.5503,     2.1617       
# span 4 =     93.018,    129.701       
# span 5 =      1.011,     41.345       
# span 6 =  47572.724,  48397.688       
# span 7 =    30.1845,    30.6421       
# span 8 =     9.4636,    10.3281       
# span 9 =      1.000,     41.000       
# span 10 =     9.4560,    10.3293      
# span 11 =    23.1413,    23.6372      
# span 12 =     6.2722,     6.7150      
# span 13 =     8.9636,     9.5964      
# span 14 =     95.471,    103.749      
# span 15 =    273.652,    293.100      
# span 16 =    280.118,    299.892      
# span 17 =   -0.01410,    0.00061      
# span 18 =    6.46614,    6.57077      
# span 19 =    9.24076,    9.39029      
# span 20 =  282.24649,  286.67459      
# span 21 =   14.63726,   14.84719      
# span 22 = 4.4533e-02, 5.1933e-02      
# span 23 =     0.9310,     5.5886      
# span 24 =     0.6144,     0.9312      
# span 25 =    79.2319,    85.7616      
# span 26 = 0.0000e+00, 0.0000e+00      
# interval = meters: 1                  
# start_time = Jul 31 2012 00:40:09 [Instrument's time stamp, header]
# bad_flag = -9.990e-29
*END*
        373 213.028958    0.02583     1.5503     93.018      1.011  47605.898    30.2053    10.2923      1.000    10.2915    23.1633     6.7063     9.5840    103.647    292.724    299.505   -0.00012    6.47033    9.24676  282.42333   14.64564 4.5932e-02     5.3216     0.6772    84.4262 0.0000e+00
        378 213.028974    0.02620     1.5719     94.311      2.026  47607.708    30.2063    10.2935      2.000    10.2948    23.1639     6.6928     9.5648    103.442    292.135    298.902   -0.00247    6.47012    9.24645  282.41380   14.64517 4.8227e-02     5.3417     0.6624    84.7402 0.0000e+00
        382 213.028984    0.02646     1.5877     95.265      3.022  47599.816    30.2012    10.3009      3.000    10.3118    23.1588     6.6967     9.5703    103.515    292.306    299.075   -0.00120    6.46929    9.24525  282.37874   14.64352 5.1933e-02     5.5886     0.6680    84.6201 0.0000e+00
        388 213.029001    0.02686     1.6115     96.690      4.038  47574.906    30.1864    10.3271      4.000    10.3293    23.1429     6.7035     9.5800    103.670    292.608    299.380    0.00061    6.46622    9.24087  282.24914   14.63738 5.1283e-02     5.3144     0.6335    85.3523 0.0000e+00
        393 213.029017    0.02724     1.6347     98.084      5.062  47572.724    30.1845    10.3281      5.000    10.3225    23.1413     6.7036     9.5801    103.672    292.612    299.383    0.00060    6.46614    9.24076  282.24649   14.63726 5.0557e-02     4.9976     0.6144    85.7616 0.0000e+00
        396 213.029026    0.02746     1.6477     98.860      6.055  47575.172    30.1847    10.3184      6.000    10.2961    23.1431     6.7035     9.5800    103.649    292.609    299.380   -0.00036    6.46751    9.24271  282.30533   14.64008 5.1218e-02     4.6125     0.6737    84.4987 0.0000e+00
        400 213.029036    0.02771     1.6623     99.739      7.054  47611.318    30.2055    10.2827      7.000    10.2718    23.1652     6.7142     9.5954    103.749    293.070    299.859    0.00050    6.47167    9.24868  282.48139   14.64842 4.8878e-02     5.2826     0.6608    84.7723 0.0000e+00
        406 213.029053    0.02810     1.6861    101.167      8.083  47625.283    30.2121    10.2582      8.000    10.2424    23.1743     6.7150     9.5964    103.708    293.100    299.892    0.00011    6.47488    9.25324  282.61837   14.65494 4.7008e-02     5.3917     0.6717    84.5421 0.0000e+00
        410 213.029065    0.02840     1.7042    102.252      9.094  47655.739    30.2287    10.2210      9.000    10.2079    23.1934     6.6934     9.5655    103.301    292.149    298.925   -0.00365    6.47946    9.25979  282.81304   14.66419 4.6030e-02     5.4995     0.6610    84.7686 0.0000e+00
        413 213.029074    0.02861     1.7167    103.005     10.097  47675.437    30.2402    10.2048     10.000    10.1981    23.2050     6.6619     9.5204    102.786    290.770    297.518   -0.00770    6.48125    9.26236  282.88844   14.66775 4.5768e-02     5.1252     0.6665    84.6520 0.0000e+00
        416 213.029083    0.02882     1.7289    103.734     11.099  47675.924    30.2391    10.1958     11.000    10.1775    23.2056     6.6310     9.4763    102.290    289.424    296.140   -0.01132    6.48258    9.26425  282.94601   14.67051 4.4986e-02     4.8020     0.6813    84.3396 0.0000e+00
        419 213.029092    0.02904     1.7423    104.539     12.113  47692.386    30.2465    10.1641     12.000    10.1394    23.2165     6.6170     9.4565    102.009    288.813    295.518   -0.01157    6.48677    9.27023  283.12571   14.67908 4.5500e-02     4.7020     0.6742    84.4895 0.0000e+00
        423 213.029102    0.02928     1.7564    105.387     13.120  47727.455    30.2668    10.1312     13.000    10.1203    23.2377     6.5986     9.4300    101.663    288.000    294.692   -0.01104    6.49060    9.27571  283.28723   14.68672 4.5601e-02     4.7146     0.6532    84.9353 0.0000e+00
        426 213.029113    0.02953     1.7720    106.319     14.130  47741.498    30.2743    10.1155     14.000    10.1072    23.2462     6.5701     9.3894    101.196    286.757    293.423   -0.01236    6.49251    9.27844  283.36816   14.69056 4.5382e-02     4.0300     0.6476    85.0527 0.0000e+00
        430 213.029124    0.02982     1.7893    107.356     15.142  47753.076    30.2804    10.1022     15.000    10.0946    23.2531     6.5434     9.3512    100.758    285.588    292.229   -0.01233    6.49415    9.28079  283.43787   14.69387 4.5420e-02     3.6779     0.6269    85.4944 0.0000e+00
        435 213.029137    0.03011     1.8066    108.399     16.157  47763.892    30.2864    10.0915     16.000    10.0874    23.2594     6.5211     9.3193    100.395    284.614    291.233   -0.01172    6.49542    9.28261  283.49185   14.69643 4.5269e-02     3.6926     0.6291    85.4462 0.0000e+00
        438 213.029147    0.03036     1.8217    109.301     17.164  47767.368    30.2880    10.0882     17.000    10.0840    23.2613     6.5103     9.3040    100.223    284.141    290.751   -0.00996    6.49583    9.28319  283.50889   14.69724 4.5174e-02     3.2212     0.6353    85.3159 0.0000e+00
        441 213.029156    0.03058     1.8349    110.096     18.173  47766.520    30.2863    10.0826     18.000    10.0601    23.2609     6.5066     9.2986    100.153    283.981    290.587   -0.00808    6.49669    9.28442  283.54666   14.69905 4.5862e-02     3.1420     0.6558    84.8780 0.0000e+00
        444 213.029165    0.03079     1.8477    110.861     19.174  47803.167    30.3060    10.0358     19.000     9.9917    23.2838     6.5058     9.2974    100.050    283.938    290.549   -0.00675    6.50255    9.29279  283.79578   14.71089 4.5332e-02     2.8590     0.6611    84.7671 0.0000e+00
        448 213.029175    0.03105     1.8630    111.778     20.185  47879.445    30.3510     9.9689     20.000     9.9413    23.3297     6.4880     9.2721     99.660    283.151    289.757   -0.00815    6.51021    9.30375  284.11763   14.72611 4.5254e-02     3.2206     0.6925    84.1025 0.0000e+00
        453 213.029189    0.03136     1.8813    112.876     21.202  47937.819    30.3851     9.9154     21.000     9.8956    23.3648     6.4476     9.2142     98.943    281.373    287.947   -0.01195    6.51642    9.31262  284.37896   14.73846 4.5113e-02     3.1264     0.7111    83.7132 0.0000e+00
        456 213.029199    0.03163     1.8975    113.850     22.213  47970.734    30.4038     9.8839     22.000     9.8636    23.3846     6.4118     9.1630     98.337    279.805    286.348   -0.01410    6.52017    9.31796  284.53659   14.74592 4.5065e-02     2.7222     0.7640    82.6139 0.0000e+00
        460 213.029209    0.03185     1.9112    114.671     23.220  47996.007    30.4172     9.8522     23.000     9.8274    23.4001     6.3948     9.1387     98.017    279.059    285.590   -0.01367    6.52414    9.32364  284.70583   14.75397 4.5068e-02     2.8177     0.8142    81.5833 0.0000e+00
        463 213.029218    0.03207     1.9242    115.454     24.226  48024.721    30.4329     9.8191     24.000     9.8021    23.4175     6.3883     9.1295     97.857    278.773    285.301   -0.01169    6.52823    9.32950  284.87964   14.76221 4.5415e-02     2.4414     0.8529    80.7987 0.0000e+00
        466 213.029228    0.03230     1.9379    116.274     25.236  48045.927    30.4447     9.7981     25.000     9.7893    23.4302     6.3754     9.1111     97.622    278.208    284.726   -0.01031    6.53075    9.33310  284.98599   14.76725 4.5006e-02     2.2166     0.8717    80.4186 0.0000e+00
        470 213.029238    0.03255     1.9529    117.174     26.245  48051.664    30.4466     9.7840     26.000     9.7671    23.4339     6.3621     9.0921     97.389    277.626    284.132   -0.00986    6.53270    9.33588  285.06987   14.77126 4.4669e-02     1.9268     0.8702    80.4482 0.0000e+00
        473 213.029249    0.03281     1.9683    118.099     27.263  48092.250    30.4703     9.7495     27.000     9.7159    23.4579     6.3500     9.0748     97.144    277.092    283.592   -0.00892    6.53667    9.34156  285.23666   14.77913 4.5011e-02     2.0775     0.8606    80.6430 0.0000e+00
        477 213.029258    0.03303     1.9813    118.879     28.277  48148.885    30.5036     9.7012     28.000     9.6846    23.4915     6.3312     9.0479     96.774    276.259    282.749   -0.01010    6.54223    9.34949  285.46956   14.79014 4.5235e-02     2.0219     0.8880    80.0922 0.0000e+00
        479 213.029265    0.03320     1.9918    119.509     29.273  48163.138    30.5110     9.6845     29.000     9.6639    23.5000     6.3257     9.0401     96.659    276.020    282.506   -0.00971    6.54432    9.35249  285.55871   14.79436 4.4893e-02     2.1121     0.9155    79.5420 0.0000e+00
        482 213.029273    0.03338     2.0032    120.194     30.273  48185.082    30.5224     9.6562     30.000     9.6277    23.5133     6.3206     9.0328     96.529    275.795    282.280   -0.00858    6.54792    9.35764  285.71232   14.80167 4.4757e-02     1.6109     0.9199    79.4567 0.0000e+00
        486 213.029285    0.03367     2.0204    121.222     31.291  48234.617    30.5510     9.6117     31.000     9.5933    23.5428     6.3163     9.0267     96.387    275.599    282.088   -0.00712    6.55316    9.36512  285.93264   14.81208 4.4878e-02     1.5501     0.8973    79.9077 0.0000e+00
        490 213.029298    0.03399     2.0396    122.375     32.321  48266.382    30.5689     9.5803     32.000     9.5673    23.5616     6.3036     9.0084     96.135    275.036    281.516   -0.00681    6.55695    9.37053  286.09243   14.81966 4.4986e-02     1.4715     0.8636    80.5813 0.0000e+00
        493 213.029306    0.03419     2.0513    123.074     33.324  48280.040    30.5765     9.5681     33.000     9.5577    23.5695     6.2980     9.0004     96.029    274.791    281.268   -0.00639    6.55840    9.37260  286.15359   14.82255 4.4817e-02     1.2556     0.8988    79.8746 0.0000e+00
        496 213.029313    0.03435     2.0608    123.649     34.317  48287.843    30.5806     9.5604     34.000     9.5478    23.5740     6.2935     8.9940     95.947    274.594    281.068   -0.00589    6.55933    9.37395  286.19312   14.82442 4.5126e-02     1.2000     0.9274    79.3063 0.0000e+00
        498 213.029320    0.03451     2.0710    124.262     35.324  48297.287    30.5853     9.5488     35.000     9.5356    23.5794     6.2917     8.9915     95.898    274.515    280.988   -0.00539    6.56082    9.37606  286.25640   14.82743 4.4922e-02     1.1713     0.9312    79.2319 0.0000e+00
        501 213.029329    0.03472     2.0835    125.013     36.332  48310.483    30.5923     9.5357     36.000     9.5191    23.5871     6.2924     8.9924     95.885    274.542    281.017   -0.00431    6.56242    9.37836  286.32421   14.83065 4.4934e-02     1.3641     0.9099    79.6550 0.0000e+00
        505 213.029340    0.03501     2.1006    126.034     37.351  48339.762    30.6093     9.5112     37.000     9.5018    23.6042     6.2897     8.9886     95.802    274.419    280.897   -0.00350    6.56524    9.38240  286.44269   14.83624 4.4931e-02     1.1594     0.8796    80.2613 0.0000e+00
        509 213.029353    0.03531     2.1185    127.109     38.363  48350.048    30.6152     9.5042     38.000     9.4988    23.6099     6.2837     8.9800     95.700    274.156    280.628   -0.00349    6.56601    9.38348  286.47436   14.83773 4.4998e-02     0.9310     0.8533    80.7888 0.0000e+00
        513 213.029364    0.03558     2.1349    128.093     39.378  48359.036    30.6196     9.4931     39.000     9.4738    23.6150     6.2767     8.9701     95.573    273.851    280.318   -0.00341    6.56746    9.38555  286.53608   14.84066 4.5100e-02     1.0897     0.8397    81.0643 0.0000e+00
        517 213.029374    0.03580     2.1482    128.895     40.383  48385.929    30.6354     9.4727     40.000     9.4628    23.6306     6.2722     8.9636     95.471    273.652    280.118   -0.00384    6.56974    9.38882  286.63138   14.84516 4.5014e-02     1.0099     0.8499    80.8568 0.0000e+00
        520 213.029383    0.03603     2.1617    129.701     41.345  48397.688    30.6421     9.4636     41.000     9.4560    23.6372     6.2784     8.9725     95.551    273.917    280.393   -0.00238    6.57077    9.39029  286.67459   14.84719 4.4533e-02     0.9403     0.8697    80.4565 0.0000e+00
