CTD-processing/allCTD/CNV/2012_05-03_t6_s12_cast056_5028.cnv
* Sea-Bird SBE19plus Data File:
* FileName = C:\Documents and Settings\glenn.seaman\My Documents\KHolderied-files\CTD-DATA-FILES\2012-05-LTM-LowerCookInlet-CTD\Transect6-2012-05-Douglas\2012-05-03-04-LTM-Tran6-cast056.hex
* Software Version 1.59
* Temperature SN =  5028
* Conductivity SN =  5028
* System UpLoad Time = May 31 2012 02:30:06
** LTM Transect6- Pt Adam to Cape Douglas
** Date:  05-03
** Station: 6-12
** Start time (AKDT-24hr): 20:46
** Depth (m): 140
** check sta no, add time/z from log
# nquan = 26
# nvalues = 132                         
# units = specified
# name 0 = scan: Scan Count
# name 1 = timeJ: Julian Days
# name 2 = timeH: Time, Elapsed [hours]
# name 3 = timeM: Time, Elapsed [minutes]
# name 4 = timeS: Time, Elapsed [seconds]
# name 5 = prdM: Pressure, Strain Gauge [db]
# name 6 = specc: Specific Conductance [uS/cm]
# name 7 = sal00: Salinity, Practical [PSU]
# name 8 = tv290C: Temperature [ITS-90, deg C]
# name 9 = depSM: Depth [salt water, m], lat = 59.00
# name 10 = potemp090C: Potential Temperature [ITS-90, deg C]
# name 11 = sigma-é00: Density [sigma-theta, kg/m^3]
# name 12 = sbeox0ML/L: Oxygen, SBE 43 [ml/l]
# name 13 = sbeox0Mg/L: Oxygen, SBE 43 [mg/l]
# name 14 = sbeox0PS: Oxygen, SBE 43 [% saturation]
# name 15 = sbox0Mm/Kg: Oxygen, SBE 43 [umol/kg]
# name 16 = sbeox0Mm/L: Oxygen, SBE 43 [umol/l]
# name 17 = sbox0dV/dT: Oxygen, SBE 43 [dov/dt]
# name 18 = oxsolML/L: Oxygen Saturation, Garcia & Gordon [ml/l]
# name 19 = oxsolMg/L: Oxygen Saturation, Garcia & Gordon [mg/l]
# name 20 = oxsolMm/Kg: Oxygen Saturation, Garcia & Gordon [umol/kg]
# name 21 = n2satMg/L: Nitrogen Saturation [mg/l]
# name 22 = par: PAR/Irradiance, Biospherical/Licor [umol photons/m^2/sec]
# name 23 = flECO-AFL: Fluorescence, WET Labs ECO-AFL/FL [mg/m^3]
# name 24 = upoly0: Upoly 0, ECO-FLNTUS
# name 25 = flag: flag
# span 0 =          9,        818       
# span 1 = 124.865347, 124.867687       
# span 2 =    0.00055,    0.05672       
# span 3 =     0.0331,     3.4028       
# span 4 =      1.986,    204.169       
# span 5 =      1.009,    133.289       
# span 6 =  47922.061,  51743.485       
# span 7 =    29.7204,    32.1139       
# span 8 =     4.5781,     4.8252       
# span 9 =      1.000,    132.000       
# span 10 =     4.6292,     4.8158      
# span 11 =    23.5294,    25.4077      
# span 12 =     6.3668,     7.6650      
# span 13 =     9.1699,    10.9410      
# span 14 =     86.715,    105.218      
# span 15 =    277.586,    333.914      
# span 16 =    284.339,    342.321      
# span 17 =   -0.00394,    0.01535      
# span 18 =    7.24140,    7.34462      
# span 19 =   10.34874,   10.59849      
# span 20 =  315.38743,  320.23117      
# span 21 =   16.21083,   16.61686      
# span 22 = 3.7490e-02, 2.2221e+01      
# span 23 =     0.4922,     3.7494      
# span 24 =  0.4044525,  3.3518266      
# span 25 = 0.0000e+00, 0.0000e+00      
# interval = meters: 1                  
# start_time = May 03 2012 20:46:04 [Instrument's time stamp, header]
# bad_flag = -9.990e-29
*END*
[from data line 112]
        745 124.867477    0.05167     3.0997    185.982    114.098  51713.179    32.1013     4.8193    113.000     4.8113    25.3982     7.2022    10.2969     99.435    313.682    321.649   -0.00193    7.24312   10.35109  315.46528   16.21443 3.7490e-02     0.5184  0.5556390 0.0000e+00
        749 124.867488    0.05193     3.1158    186.951    115.108  51714.885    32.1021     4.8197    114.000     4.8116    25.3987     7.1998    10.2951     99.404    313.577    321.542   -0.00180    7.24295   10.35094  315.45777   16.21420 3.7490e-02     0.5198  0.5336516 0.0000e+00
        753 124.867499    0.05220     3.1320    187.920    116.118  51715.663    32.1022     4.8200    115.000     4.8117    25.3988     7.2080    10.3020     99.518    313.935    321.908   -0.00120    7.24289   10.35086  315.45550   16.21409 3.7490e-02     0.5201  0.5420252 0.0000e+00
        757 124.867511    0.05249     3.1494    188.965    117.128  51716.179    32.1020     4.8201    116.000     4.8117    25.3987     7.2163    10.3100     99.632    314.296    322.279   -0.00066    7.24292   10.35085  315.45691   16.21408 3.7491e-02     0.5216  0.5055910 0.0000e+00
        761 124.867523    0.05278     3.1668    190.009    118.138  51717.243    32.1023     4.8201    117.000     4.8118    25.3989     7.2182    10.3133     99.659    314.380    322.365   -0.00049    7.24292   10.35081  315.45650   16.21402 3.7493e-02     0.5188  0.4993797 0.0000e+00
        764 124.867533    0.05302     3.1810    190.861    119.148  51718.713    32.1028     4.8203    118.000     4.8119    25.3993     7.2168    10.3128     99.641    314.320    322.303   -0.00052    7.24284   10.35073  315.45274   16.21388 3.7496e-02     0.5226  0.5232862 0.0000e+00
        768 124.867542    0.05323     3.1942    191.652    120.158  51719.927    32.1032     4.8206    119.000     4.8121    25.3996     7.2153    10.3119     99.621    314.254    322.236   -0.00056    7.24276   10.35064  315.44926   16.21375 3.7505e-02     0.5292  0.5448782 0.0000e+00
        771 124.867553    0.05349     3.2093    192.559    121.168  51721.065    32.1036     4.8208    120.000     4.8122    25.3998     7.2149    10.3117     99.616    314.237    322.218   -0.00054    7.24272   10.35056  315.44761   16.21363 3.7526e-02     0.5302  0.5802278 0.0000e+00
        775 124.867565    0.05378     3.2268    193.610    122.178  51722.712    32.1042     4.8210    121.000     4.8125    25.4004     7.2175    10.3130     99.653    314.351    322.335   -0.00036    7.24264   10.35044  315.44392   16.21346 3.7593e-02     0.5159  0.5442693 0.0000e+00
        779 124.867575    0.05404     3.2421    194.528    123.188  51724.163    32.1048     4.8214    122.000     4.8127    25.4008     7.2170    10.3121     99.647    314.324    322.307   -0.00036    7.24253   10.35032  315.43907   16.21327 3.7741e-02     0.5023  0.5304348 0.0000e+00
        782 124.867585    0.05427     3.2560    195.359    124.198  51725.278    32.1051     4.8217    123.000     4.8129    25.4010     7.2139    10.3093     99.606    314.193    322.174   -0.00048    7.24249   10.35024  315.43698   16.21314 3.7762e-02     0.4922  0.5156902 0.0000e+00
        786 124.867596    0.05453     3.2719    196.312    125.208  51726.762    32.1057     4.8219    124.000     4.8131    25.4015     7.2113    10.3062     99.570    314.077    322.055   -0.00057    7.24242   10.35013  315.43424   16.21298 3.7605e-02     0.4979  0.5097993 0.0000e+00
        790 124.867608    0.05482     3.2892    197.354    126.218  51728.561    32.1065     4.8222    125.000     4.8134    25.4021     7.2114    10.3043     99.573    314.083    322.061   -0.00049    7.24233   10.35000  315.42967   16.21277 3.7529e-02     0.5026  0.5138013 0.0000e+00
        794 124.867619    0.05508     3.3045    198.272    127.229  51730.140    32.1071     4.8226    126.000     4.8136    25.4025     7.2086    10.3007     99.535    313.958    321.934   -0.00058    7.24226   10.34987  315.42671   16.21258 3.7505e-02     0.5107  0.5063977 0.0000e+00
        797 124.867628    0.05531     3.3187    199.125    128.238  51732.366    32.1082     4.8229    127.000     4.8140    25.4034     7.2064    10.2963     99.506    313.864    321.838   -0.00064    7.24215   10.34971  315.42136   16.21233 3.7497e-02     0.5029  0.5271788 0.0000e+00
        801 124.867640    0.05558     3.3344    200.063    129.249  51734.850    32.1096     4.8235    128.000     4.8145    25.4044     7.1987    10.2879     99.403    313.530    321.495   -0.00088    7.24195   10.34948  315.41231   16.21197 3.7492e-02     0.5074  0.5291866 0.0000e+00
        805 124.867651    0.05585     3.3510    201.060    130.258  51736.931    32.1107     4.8240    129.000     4.8148    25.4052     7.1900    10.2793     99.285    313.151    321.107   -0.00117    7.24179   10.34928  315.40559   16.21166 3.7491e-02     0.5354  0.5096815 0.0000e+00
        809 124.867662    0.05611     3.3667    202.005    131.268  51738.588    32.1114     4.8244    130.000     4.8151    25.4057     7.1892    10.2768     99.274    313.114    321.069   -0.00107    7.24173   10.34914  315.40266   16.21145 3.7490e-02     0.5205  0.4931295 0.0000e+00
        813 124.867673    0.05637     3.3824    202.943    132.279  51741.050    32.1127     4.8247    131.000     4.8155    25.4067     7.1910    10.2780     99.300    313.190    321.146   -0.00087    7.24159   10.34895  315.39616   16.21116 3.7490e-02     0.5096  0.4925587 0.0000e+00
        818 124.867687    0.05672     3.4028    204.169    133.289  51743.485    32.1139     4.8252    132.000     4.8158    25.4077     7.1952    10.2818     99.362    313.375    321.338   -0.00055    7.24140   10.34874  315.38743   16.21083 3.7490e-02     0.5191  0.5268213 0.0000e+00
