CTD-processing/allCTD/CNV/2012_06-27_t9_s04_cast143_5028.cnv
* Sea-Bird SBE19plus Data File:
* FileName = C:\Documents and Settings\glenn.seaman\My Documents\KHolderied-files\CTD-DATA-FILES\2012-CTD-KachemakBay\2012-06-27-CTD-HomerSpit\2012-06-27-HomerSpit-cast143.hex
* Software Version 1.59
* Temperature SN =  5028
* Conductivity SN =  5028
* System UpLoad Time = Jun 30 2012 12:10:20
** Homer Spit Transect, near neap, high tide
** Date: 2012-06-27
** Station: 04
** Start time (AKDT-24hr): 0929
** Depth (ft): 309
** Surface water is less turbid than earlier stations.
# nquan = 26
# nvalues = 85                          
# units = specified
# name 0 = scan: Scan Count
# name 1 = timeJ: Julian Days
# name 2 = timeH: Time, Elapsed [hours]
# name 3 = timeM: Time, Elapsed [minutes]
# name 4 = timeS: Time, Elapsed [seconds]
# name 5 = prdM: Pressure, Strain Gauge [db]
# name 6 = specc: Specific Conductance [uS/cm]
# name 7 = sal00: Salinity, Practical [PSU]
# name 8 = tv290C: Temperature [ITS-90, deg C]
# name 9 = depSM: Depth [salt water, m], lat = 59.00
# name 10 = potemp090C: Potential Temperature [ITS-90, deg C]
# name 11 = sigma-é00: Density [sigma-theta, kg/m^3]
# name 12 = sbeox0ML/L: Oxygen, SBE 43 [ml/l]
# name 13 = sbeox0Mg/L: Oxygen, SBE 43 [mg/l]
# name 14 = sbeox0PS: Oxygen, SBE 43 [% saturation]
# name 15 = sbox0Mm/Kg: Oxygen, SBE 43 [umol/kg]
# name 16 = sbeox0Mm/L: Oxygen, SBE 43 [umol/l]
# name 17 = sbox0dV/dT: Oxygen, SBE 43 [dov/dt]
# name 18 = oxsolML/L: Oxygen Saturation, Garcia & Gordon [ml/l]
# name 19 = oxsolMg/L: Oxygen Saturation, Garcia & Gordon [mg/l]
# name 20 = oxsolMm/Kg: Oxygen Saturation, Garcia & Gordon [umol/kg]
# name 21 = n2satMg/L: Nitrogen Saturation [mg/l]
# name 22 = par: PAR/Irradiance, Biospherical/Licor [umol photons/m^2/sec]
# name 23 = flECO-AFL: Fluorescence, WET Labs ECO-AFL/FL [mg/m^3]
# name 24 = upoly0: Upoly 0, ECO-FLNTUS
# name 25 = flag: flag
# span 0 =        329,        567       
# span 1 = 179.396239, 179.396926       
# span 2 =    0.02280,    0.03931       
# span 3 =     1.3674,     2.3585       
# span 4 =     82.043,    141.512       
# span 5 =      1.009,     85.819       
# span 6 =  43786.826,  50786.663       
# span 7 =    27.6729,    31.6476       
# span 8 =     5.6111,    11.7013       
# span 9 =      1.000,     85.000       
# span 10 =     5.6060,    11.7093      
# span 11 =    20.9581,    24.9509      
# span 12 =     5.9024,     7.3774      
# span 13 =     8.5683,    10.5243      
# span 14 =     92.686,    109.936      
# span 15 =    258.232,    321.556      
# span 16 =    263.606,    329.477      
# span 17 =   -0.00896,    0.06820      
# span 18 =    6.36922,    7.12959      
# span 19 =    9.11488,   10.18845      
# span 20 =  278.64619,  310.65654      
# span 21 =   14.49191,   15.98672      
# span 22 = 4.8202e-02, 6.0633e+01      
# span 23 =     0.2709,     4.9412      
# span 24 =  0.5263813,  2.5884882      
# span 25 = 0.0000e+00, 0.0000e+00      
# interval = meters: 1                  
# start_time = Jun 27 2012 09:29:13 [Instrument's time stamp, header]
# bad_flag = -9.990e-29
*END*
        329 179.396239    0.02280     1.3674     82.043      1.009  43786.826    27.6729    11.7013      1.000    11.7093    20.9581     5.9024     8.5683     92.686    258.232    263.606    0.02369    6.36922    9.11488  278.64619   14.49191 6.0633e+01     1.0711  2.5884882 0.0000e+00
        336 179.396258    0.02324     1.3947     83.680      2.019  44761.500    28.3225    11.3858      2.000    11.1837    21.5154     6.7676     9.4727    106.161    295.910    302.240    0.06820    6.37472    9.13993  278.73342   14.51858 4.5237e+01     1.2595  2.4340550 0.0000e+00
        339 179.396268    0.02350     1.4103     84.617      3.028  45611.201    28.8726    10.9538      3.000    10.6328    22.0152     6.9133     9.7180    107.742    302.110    308.746    0.06235    6.41724    9.19385  280.43204   14.58867 3.5037e+01     1.6818  2.1944477 0.0000e+00
        342 179.396277    0.02371     1.4226     85.355      4.038  46395.531    29.3700    10.4742      4.000    10.1734    22.4813     6.8109     9.7287    105.159    297.456    304.172    0.04099    6.47758    9.26093  282.89970   14.67862 2.8225e+01     2.6605  1.9543063 0.0000e+00
        345 179.396286    0.02390     1.4342     86.050      5.047  46948.539    29.7108    10.0680      5.000     9.8054    22.8125     6.7553     9.7536    103.508    294.932    301.690    0.02636    6.52651    9.32326  284.94409   14.76394 2.2762e+01     3.7751  1.8488060 0.0000e+00
        348 179.396293    0.02409     1.4454     86.723      6.057  47363.851    29.9601     9.7256      6.000     9.5026    23.0613     6.8553     9.8770    104.410    299.235    306.161    0.02477    6.56545    9.37873  286.58073   14.84065 1.8059e+01     4.6783  1.7457882 0.0000e+00
        351 179.396301    0.02428     1.4564     87.384      7.066  47688.974    30.1508     9.4344      7.000     9.2155    23.2555     7.0353    10.0572    106.718    307.048    314.197    0.02998    6.59192    9.42777  287.69715   14.90887 1.3921e+01     4.9412  1.6283888 0.0000e+00
        353 179.396308    0.02445     1.4673     88.037      8.076  47969.252    30.3071     9.1399      8.000     8.8500    23.4225     7.2278    10.2434    109.160    315.427    322.796    0.03569    6.62099    9.48036  288.94335   14.98272 1.0636e+01     4.7446  1.5088480 0.0000e+00
        356 179.396316    0.02463     1.4781     88.687      9.085  48366.589    30.5292     8.7432      9.000     8.4103    23.6553     7.3468    10.3638    109.936    320.544    328.110    0.03449    6.68325    9.55131  291.59012   15.08212 8.2135e+00     4.1642  1.3653077 0.0000e+00
        358 179.396323    0.02482     1.4890     89.340     10.095  48875.974    30.8229     8.3110     10.000     8.0568    23.9487     7.3363    10.3897    108.601    319.956    327.640    0.02486    6.75631    9.62597  294.65852   15.18577 6.3787e+00     3.0796  1.1273406 0.0000e+00
        361 179.396331    0.02500     1.5000     90.000     11.104  49295.076    31.0692     7.9971     11.000     7.8557    24.1873     7.2375    10.3431    106.466    315.556    323.224    0.01246    6.79852    9.67848  296.41684   15.25805 5.0709e+00     2.1610  0.9359423 0.0000e+00
        364 179.396339    0.02518     1.5110     90.660     12.113  49566.513    31.2323     7.8198     12.000     7.7581    24.3408     7.1958    10.3125    105.618    313.698    321.361    0.00657    6.81316    9.70666  297.01948   15.29636 4.0688e+00     1.5240  0.8100453 0.0000e+00
        366 179.396346    0.02537     1.5222     91.331     13.123  49741.996    31.3439     7.7476     13.000     7.7351    24.4389     7.2155    10.3133    105.931    314.537    322.242    0.00695    6.81148    9.71519  296.92669   15.30699 3.2992e+00     1.3627  0.7798412 0.0000e+00
        369 179.396354    0.02556     1.5334     92.007     14.132  49859.655    31.4251     7.7401     14.000     7.7482    24.5039     7.2038    10.3060    105.928    314.011    321.720    0.00616    6.80060    9.71150  296.43718   15.30042 2.6984e+00     1.4216  0.7698748 0.0000e+00
        372 179.396362    0.02574     1.5445     92.669     15.142  49927.304    31.4744     7.7531     15.000     7.7623    24.5409     7.1881    10.3016    105.849    313.325    321.022    0.00491    6.79093    9.70538  296.01122   15.29081 2.2076e+00     1.5732  0.7557362 0.0000e+00
        374 179.396370    0.02592     1.5553     93.316     16.152  49968.829    31.5052     7.7661     16.000     7.7687    24.5634     7.2010    10.3189    106.127    313.882    321.595    0.00518    6.78520    9.70052  295.75821   15.28329 1.8236e+00     1.7020  0.7394415 0.0000e+00
        377 179.396377    0.02610     1.5659     93.953     17.161  49998.038    31.5257     7.7688     17.000     7.7601    24.5791     7.2369    10.3557    106.692    315.442    323.198    0.00654    6.78296    9.69860  295.65733   15.28019 1.5221e+00     1.6947  0.7089107 0.0000e+00
        379 179.396384    0.02627     1.5765     94.588     18.170  50021.185    31.5398     7.7589     18.000     7.7423    24.5917     7.2785    10.3988    107.277    317.254    325.057    0.00792    6.78476    9.69987  295.73334   15.28181 1.2718e+00     1.6354  0.6692621 0.0000e+00
        382 179.396392    0.02645     1.5870     95.221     19.180  50041.498    31.5505     7.7397     19.000     7.7211    24.6027     7.3134    10.4387    107.733    318.770    326.615    0.00866    6.78841    9.70342  295.88936   15.28679 1.0707e+00     1.5394  0.6228156 0.0000e+00
        384 179.396399    0.02663     1.5976     95.854     20.190  50055.348    31.5562     7.7183     20.000     7.6971    24.6102     7.3380    10.4703    108.037    319.841    327.713    0.00873    6.79204    9.70780  296.04618   15.29304 9.0311e-01     1.4755  0.6035828 0.0000e+00
        387 179.396406    0.02681     1.6081     96.487     21.199  50066.813    31.5597     7.6935     21.000     7.6708    24.6164     7.3519    10.4914    108.168    320.449    328.337    0.00816    6.79677    9.71307  296.25225   15.30061 7.6588e-01     1.4269  0.6018069 0.0000e+00
        389 179.396413    0.02697     1.6187     97.121     22.208  50086.935    31.5690     7.6674     22.000     7.6492    24.6274     7.3569    10.5038    108.168    320.663    328.560    0.00712    6.80140    9.71825  296.44959   15.30797 6.5029e-01     1.3781  0.6066340 0.0000e+00
        392 179.396421    0.02715     1.6293     97.758     23.218  50107.730    31.5799     7.6480     23.000     7.6342    24.6386     7.3568    10.5102    108.139    320.653    328.556    0.00603    6.80313    9.72186  296.51960   15.31303 5.5495e-01     1.3391  0.6169437 0.0000e+00
        395 179.396428    0.02733     1.6399     98.395     24.228  50117.096    31.5836     7.6334     24.000     7.6171    24.6435     7.3615    10.5168    108.201    320.855    328.764    0.00544    6.80349    9.72486  296.53499   15.31729 4.7468e-01     1.3121  0.6241372 0.0000e+00
        397 179.396435    0.02751     1.6505     99.032     25.237  50118.124    31.5806     7.6142     25.000     7.5888    24.6439     7.3712    10.5232    108.307    321.283    329.199    0.00512    6.80587    9.72931  296.64091   15.32380 4.0865e-01     1.2888  0.6199187 0.0000e+00
        400 179.396443    0.02769     1.6611     99.669     26.247  50121.788    31.5778     7.5840     26.000     7.5516    24.6458     7.3774    10.5243    108.298    321.556    329.477    0.00448    6.81217    9.73622  296.91760   15.33383 3.5249e-01     1.2462  0.5992541 0.0000e+00
        402 179.396451    0.02787     1.6719    100.315     27.256  50154.323    31.5938     7.5467     27.000     7.5219    24.6635     7.3628    10.5105    107.990    320.904    328.822    0.00283    6.81798    9.74350  297.15968   15.34411 3.0571e-01     1.1930  0.5971104 0.0000e+00
        405 179.396458    0.02805     1.6829    100.977     28.266  50166.729    31.5971     7.5172     28.000     7.4861    24.6701     7.3417    10.4895    107.648    319.983    327.879    0.00106    6.82011    9.74987  297.25066   15.35328 2.6676e-01     1.1394  0.5960080 0.0000e+00
        408 179.396466    0.02823     1.6942    101.650     29.275  50166.308    31.5898     7.4779     29.000     7.4366    24.6698     7.3322    10.4711    107.406    319.571    327.454   -0.00007    6.82662    9.75910  297.53767   15.36675 2.3336e-01     1.1020  0.5693457 0.0000e+00
        410 179.396474    0.02842     1.7056    102.334     30.285  50173.946    31.5856     7.4242     30.000     7.3797    24.6738     7.3199    10.4480    107.057    319.038    326.907   -0.00128    6.83744    9.77138  298.00957   15.38457 2.0566e-01     1.0279  0.5745658 0.0000e+00
        413 179.396482    0.02862     1.7171    103.026     31.295  50196.650    31.5914     7.3677     31.000     7.3293    24.6860     7.2876    10.4123    106.420    317.625    325.463   -0.00349    6.84797    9.78365  298.46366   15.40224 1.8255e-01     0.9113  0.6089868 0.0000e+00
        416 179.396490    0.02881     1.7288    103.726     32.304  50223.749    31.6018     7.3202     32.000     7.2908    24.7006     7.2558    10.3755    105.838    316.235    324.046   -0.00529    6.85565    9.79365  298.79275   15.41655 1.6304e-01     0.8218  0.6213346 0.0000e+00
        419 179.396498    0.02901     1.7406    104.436     33.314  50248.708    31.6127     7.2850     33.000     7.2635    24.7140     7.2292    10.3434    105.378    315.068    322.855   -0.00635    6.86028    9.80086  298.98972   15.42681 1.4649e-01     0.7596  0.6054107 0.0000e+00
        422 179.396507    0.02921     1.7525    105.151     34.323  50267.794    31.6213     7.2600     34.000     7.2440    24.7241     7.2124    10.3208    105.089    314.334    322.107   -0.00669    6.86319    9.80591  299.11337   15.43398 1.3256e-01     0.7316  0.6049822 0.0000e+00
        424 179.396514    0.02940     1.7645    105.868     35.333  50282.278    31.6278     7.2420     35.000     7.2302    24.7317     7.2064    10.3080    104.972    314.071    321.839   -0.00631    6.86508    9.80954  299.19349   15.43914 1.2064e-01     0.7157  0.6034281 0.0000e+00
        427 179.396523    0.02960     1.7765    106.588     36.343  50290.084    31.6308     7.2301     36.000     7.2200    24.7356     7.2055    10.3024    104.946    314.027    321.796   -0.00559    6.86585    9.81204  299.22564   15.44270 1.1066e-01     0.6938  0.5878047 0.0000e+00
        430 179.396532    0.02981     1.7886    107.313     37.353  50290.414    31.6288     7.2199     37.000     7.2073    24.7354     7.2041    10.2996    104.919    313.968    321.735   -0.00499    6.86630    9.81446  299.24584   15.44624 1.0221e-01     0.6672  0.5850020 0.0000e+00
        433 179.396539    0.03001     1.8007    108.041     38.363  50283.868    31.6212     7.2051     38.000     7.1857    24.7314     7.2057    10.3002    104.916    314.038    321.806   -0.00438    6.86801    9.81831  299.32202   15.45192 9.4979e-02     0.6428  0.5450170 0.0000e+00
        436 179.396548    0.03021     1.8127    108.764     39.372  50273.407    31.6091     7.1799     39.000     7.1515    24.7253     7.2102    10.3029    104.914    314.238    322.007   -0.00384    6.87247    9.82478  299.51983   15.46147 8.8787e-02     0.6245  0.5263813 0.0000e+00
        439 179.396557    0.03041     1.8246    109.473     40.381  50266.817    31.5975     7.1425     40.000     7.1077    24.7212     7.2120    10.3041    104.818    314.320    322.087   -0.00369    6.88050    9.83400  299.87288   15.47498 8.3425e-02     0.6131  0.5405879 0.0000e+00
        442 179.396564    0.03060     1.8361    110.165     41.391  50275.931    31.5960     7.0997     41.000     7.0689    24.7256     7.2067    10.3018    104.604    314.084    321.849   -0.00404    6.88949    9.84379  300.26168   15.48918 7.8795e-02     0.6001  0.5627762 0.0000e+00
        444 179.396572    0.03079     1.8475    110.851     42.401  50292.074    31.6004     7.0632     42.000     7.0401    24.7339     7.2000    10.3002    104.414    313.792    321.554   -0.00433    6.89570    9.85179  300.52792   15.50068 7.4711e-02     0.5772  0.5953679 0.0000e+00
        447 179.396580    0.03098     1.8589    111.536     43.411  50302.172    31.6025     7.0377     43.000     7.0190    24.7390     7.2037    10.3069    104.418    313.949    321.717   -0.00391    6.89892    9.85743  300.66636   15.50881 7.1218e-02     0.5721  0.6191413 0.0000e+00
        450 179.396588    0.03117     1.8704    112.223     44.420  50306.778    31.6017     7.0177     44.000     7.0009    24.7410     7.2217    10.3241    104.637    314.736    322.523   -0.00271    6.90174    9.86202  300.78947   15.51546 6.8252e-02     0.5764  0.6425073 0.0000e+00
        453 179.396596    0.03137     1.8819    112.914     45.430  50312.098    31.6019     7.0006     45.000     6.9859    24.7434     7.2400    10.3427    104.865    315.531    323.338   -0.00158    6.90411    9.86589  300.89181   15.52105 6.5681e-02     0.5669  0.6798109 0.0000e+00
        455 179.396604    0.03156     1.8934    113.604     46.439  50314.809    31.6007     6.9860     46.000     6.9714    24.7444     7.2521    10.3577    105.010    316.058    323.878   -0.00086    6.90610    9.86929  300.97891   15.52599 6.3422e-02     0.5677  0.7090763 0.0000e+00
        458 179.396613    0.03175     1.9049    114.295     47.449  50317.203    31.5993     6.9714     47.000     6.9568    24.7453     7.2590    10.3678    105.073    316.361    324.189   -0.00058    6.90861    9.87271  301.08820   15.53095 6.1488e-02     0.5778  0.7027503 0.0000e+00
        461 179.396620    0.03194     1.9164    114.986     48.459  50323.224    31.6006     6.9574     48.000     6.9441    24.7481     7.2607    10.3731    105.062    316.429    324.260   -0.00056    6.91080    9.87583  301.18261   15.53545 5.9847e-02     0.5790  0.6806996 0.0000e+00
        464 179.396628    0.03213     1.9280    115.678     49.469  50327.773    31.6011     6.9451     49.000     6.9320    24.7501     7.2624    10.3771    105.062    316.504    324.338   -0.00057    6.91245    9.87859  301.25388   15.53943 5.8435e-02     0.5656  0.6747566 0.0000e+00
        466 179.396636    0.03232     1.9395    116.370     50.478  50330.904    31.6007     6.9330     50.000     6.9191    24.7513     7.2657    10.3808    105.084    316.649    324.487   -0.00047    6.91422    9.88139  301.33092   15.54349 5.7206e-02     0.5432  0.6629048 0.0000e+00
        469 179.396644    0.03252     1.9511    117.064     51.488  50334.041    31.6001     6.9198     51.000     6.9053    24.7526     7.2687    10.3831    105.093    316.776    324.617   -0.00041    6.91634    9.88443  301.42295   15.54790 5.6147e-02     0.5232  0.6556914 0.0000e+00
        472 179.396652    0.03271     1.9626    117.754     52.498  50338.158    31.6000     6.9059     52.000     6.8907    24.7543     7.2682    10.3821    105.054    316.757    324.598   -0.00054    6.91854    9.88763  301.51797   15.55253 5.5233e-02     0.5183  0.6658548 0.0000e+00
        475 179.396660    0.03290     1.9740    118.439     53.507  50341.762    31.5994     6.8912     53.000     6.8748    24.7558     7.2645    10.3776    104.966    316.598    324.434   -0.00082    6.92086    9.89104  301.61915   15.55747 5.4418e-02     0.5156  0.6758392 0.0000e+00
        477 179.396668    0.03309     1.9853    119.118     54.517  50346.932    31.5996     6.8752     54.000     6.8583    24.7581     7.2591    10.3708    104.848    316.357    324.189   -0.00121    6.92341    9.89467  301.72919   15.56272 5.3691e-02     0.5100  0.6740111 0.0000e+00
        480 179.396675    0.03327     1.9965    119.788     55.527  50352.195    31.5999     6.8589     55.000     6.8412    24.7604     7.2509    10.3617    104.697    315.997    323.822   -0.00164    6.92558    9.89838  301.82246   15.56808 5.3047e-02     0.5015  0.6617742 0.0000e+00
