CTD-processing/allCTD/CNV/2012_05-03_t6_s03_cast047_5028.cnv
* Sea-Bird SBE19plus Data File:
* FileName = C:\Documents and Settings\glenn.seaman\My Documents\KHolderied-files\CTD-DATA-FILES\2012-05-LTM-LowerCookInlet-CTD\Transect6-2012-05-Douglas\2012-05-03-04-LTM-Tran6-cast047.hex
* Software Version 1.59
* Temperature SN =  5028
* Conductivity SN =  5028
* System UpLoad Time = May 31 2012 02:10:52
** LTM Transect6- Pt Adam to Cape Douglas
** Date: 05-03
** Station: 6-03
** Start time (AKDT-24hr): 18:01
** Depth (m): 98.2
** check sta number, add time/depth from log
# nquan = 26
# nvalues = 93                          
# units = specified
# name 0 = scan: Scan Count
# name 1 = timeJ: Julian Days
# name 2 = timeH: Time, Elapsed [hours]
# name 3 = timeM: Time, Elapsed [minutes]
# name 4 = timeS: Time, Elapsed [seconds]
# name 5 = prdM: Pressure, Strain Gauge [db]
# name 6 = specc: Specific Conductance [uS/cm]
# name 7 = sal00: Salinity, Practical [PSU]
# name 8 = tv290C: Temperature [ITS-90, deg C]
# name 9 = depSM: Depth [salt water, m], lat = 59.00
# name 10 = potemp090C: Potential Temperature [ITS-90, deg C]
# name 11 = sigma-é00: Density [sigma-theta, kg/m^3]
# name 12 = sbeox0ML/L: Oxygen, SBE 43 [ml/l]
# name 13 = sbeox0Mg/L: Oxygen, SBE 43 [mg/l]
# name 14 = sbeox0PS: Oxygen, SBE 43 [% saturation]
# name 15 = sbox0Mm/Kg: Oxygen, SBE 43 [umol/kg]
# name 16 = sbeox0Mm/L: Oxygen, SBE 43 [umol/l]
# name 17 = sbox0dV/dT: Oxygen, SBE 43 [dov/dt]
# name 18 = oxsolML/L: Oxygen Saturation, Garcia & Gordon [ml/l]
# name 19 = oxsolMg/L: Oxygen Saturation, Garcia & Gordon [mg/l]
# name 20 = oxsolMm/Kg: Oxygen Saturation, Garcia & Gordon [umol/kg]
# name 21 = n2satMg/L: Nitrogen Saturation [mg/l]
# name 22 = par: PAR/Irradiance, Biospherical/Licor [umol photons/m^2/sec]
# name 23 = flECO-AFL: Fluorescence, WET Labs ECO-AFL/FL [mg/m^3]
# name 24 = upoly0: Upoly 0, ECO-FLNTUS
# name 25 = flag: flag
# span 0 =        287,        585       
# span 1 = 124.750421, 124.751284       
# span 2 =    0.01983,    0.04054       
# span 3 =     1.1899,     2.4319       
# span 4 =     71.396,    145.915       
# span 5 =      2.019,     94.910       
# span 6 =  51252.758,  51376.054       
# span 7 =    31.8199,    31.8526       
# span 8 =     4.7002,     4.7254       
# span 9 =      2.000,     94.000       
# span 10 =     4.6935,     4.7252      
# span 11 =    25.1841,    25.2134      
# span 12 =     6.7521,     7.7233      
# span 13 =     9.6061,    11.0290      
# span 14 =     92.838,    106.172      
# span 15 =    294.142,    336.444      
# span 16 =    301.550,    344.921      
# span 17 =   -0.00095,    0.02689      
# span 18 =    7.27307,    7.27605      
# span 19 =   10.39407,   10.39812      
# span 20 =  316.83607,  316.95659      
# span 21 =   16.28105,   16.28639      
# span 22 = 3.7638e-02, 8.2784e+01      
# span 23 =     1.7848,     2.2551      
# span 24 =  0.5812405,  0.7015311      
# span 25 = 0.0000e+00, 0.0000e+00      
# interval = meters: 1                  
# start_time = May 03 2012 17:59:25 [Instrument's time stamp, header]
# bad_flag = -9.990e-29
*END*
[from data line 56]
        460 124.750922    0.03185     1.9110    114.658     58.556  51335.262    31.8441     4.7065     58.000     4.7023    25.2058     7.6919    10.9884    105.726    335.073    343.519    0.00036    7.27527   10.39711  316.92552   16.28506 4.3560e-02     1.9815  0.6463637 0.0000e+00
        463 124.750933    0.03210     1.9260    115.563     59.566  51336.262    31.8442     4.7064     59.000     4.7021    25.2059     7.6908    10.9896    105.711    335.024    343.469    0.00022    7.27529   10.39713  316.92594   16.28507 4.2845e-02     1.9665  0.6587609 0.0000e+00
        467 124.750942    0.03234     1.9408    116.446     60.575  51337.371    31.8445     4.7062     60.000     4.7018    25.2061     7.6906    10.9901    105.709    335.020    343.464    0.00013    7.27532   10.39715  316.92730   16.28511 4.2234e-02     1.9720  0.6522241 0.0000e+00
        470 124.750952    0.03258     1.9546    117.277     61.585  51338.491    31.8447     4.7061     61.000     4.7017    25.2063     7.6920    10.9907    105.727    335.079    343.525    0.00013    7.27533   10.39717  316.92786   16.28513 4.1717e-02     1.9646  0.6493784 0.0000e+00
        473 124.750962    0.03279     1.9675    118.050     62.595  51339.498    31.8449     4.7060     62.000     4.7015    25.2065     7.6888    10.9886    105.683    334.939    343.382   -0.00005    7.27533   10.39717  316.92743   16.28513 4.1277e-02     1.9223  0.6553114 0.0000e+00
        476 124.750970    0.03300     1.9800    118.802     63.604  51340.548    31.8451     4.7059     63.000     4.7013    25.2066     7.6860    10.9871    105.645    334.819    343.258   -0.00025    7.27534   10.39719  316.92792   16.28515 4.0891e-02     1.8920  0.6531372 0.0000e+00
        479 124.750979    0.03321     1.9929    119.577     64.614  51341.538    31.8453     4.7058     64.000     4.7011    25.2068     7.6894    10.9891    105.691    334.965    343.408   -0.00012    7.27535   10.39720  316.92836   16.28517 4.0550e-02     1.8929  0.6410588 0.0000e+00
        483 124.750989    0.03344     2.0067    120.404     65.624  51342.585    31.8454     4.7057     65.000     4.7010    25.2070     7.6925    10.9913    105.734    335.101    343.548    0.00000    7.27535   10.39722  316.92842   16.28519 4.0240e-02     1.8719  0.6094292 0.0000e+00
        486 124.750998    0.03368     2.0211    121.264     66.634  51343.752    31.8457     4.7055     66.000     4.7007    25.2072     7.6929    10.9910    105.738    335.116    343.563   -0.00003    7.27538   10.39725  316.92971   16.28523 3.9973e-02     1.9118  0.6128297 0.0000e+00
        489 124.751008    0.03392     2.0353    122.120     67.643  51344.857    31.8459     4.7054     67.000     4.7006    25.2073     7.6888    10.9873    105.682    334.940    343.383   -0.00022    7.27540   10.39727  316.93046   16.28526 3.9735e-02     1.9479  0.6188852 0.0000e+00
        493 124.751018    0.03416     2.0494    122.967     68.653  51345.884    31.8461     4.7052     68.000     4.7003    25.2075     7.6836    10.9827    105.610    334.710    343.147   -0.00049    7.27539   10.39728  316.93003   16.28527 3.9523e-02     1.9472  0.6080271 0.0000e+00
        496 124.751028    0.03439     2.0634    123.802     69.663  51347.079    31.8463     4.7051     69.000     4.6999    25.2078     7.6814    10.9805    105.581    334.619    343.055   -0.00056    7.27540   10.39731  316.93044   16.28531 3.9338e-02     1.9360  0.6136499 0.0000e+00
        499 124.751037    0.03461     2.0769    124.613     70.673  51348.573    31.8468     4.7046     70.000     4.6993    25.2082     7.6827    10.9816    105.597    334.671    343.107   -0.00049    7.27545   10.39738  316.93265   16.28540 3.9175e-02     1.9126  0.6421102 0.0000e+00
        503 124.751046    0.03483     2.0901    125.405     71.683  51350.261    31.8473     4.7041     71.000     4.6988    25.2087     7.6858    10.9848    105.640    334.809    343.249   -0.00034    7.27554   10.39747  316.93606   16.28553 3.9034e-02     1.8965  0.6556674 0.0000e+00
        506 124.751055    0.03506     2.1034    126.205     72.692  51351.808    31.8478     4.7036     72.000     4.6983    25.2091     7.6899    10.9889    105.694    334.986    343.431   -0.00016    7.27562   10.39756  316.93915   16.28565 3.8908e-02     1.8995  0.6557087 0.0000e+00
        509 124.751065    0.03529     2.1173    127.038     73.702  51353.253    31.8482     4.7032     73.000     4.6979    25.2094     7.6951    10.9929    105.765    335.213    343.664    0.00005    7.27568   10.39764  316.94208   16.28575 3.8795e-02     1.8943  0.6325968 0.0000e+00
        513 124.751075    0.03553     2.1317    127.903     74.712  51354.400    31.8484     4.7030     74.000     4.6978    25.2097     7.6937    10.9917    105.745    335.153    343.602   -0.00003    7.27574   10.39769  316.94422   16.28582 3.8701e-02     1.9196  0.6024592 0.0000e+00
        516 124.751085    0.03577     2.1462    128.775     75.722  51354.876    31.8483     4.7031     75.000     4.6981    25.2096     7.6867    10.9866    105.650    334.848    343.290   -0.00039    7.27571   10.39765  316.94298   16.28578 3.8620e-02     1.9002  0.6043847 0.0000e+00
        520 124.751096    0.03601     2.1606    129.638     76.731  51354.623    31.8477     4.7037     76.000     4.6987    25.2091     7.6835    10.9834    105.607    334.708    343.145   -0.00052    7.27558   10.39755  316.93774   16.28563 3.8533e-02     1.9116  0.6092567 0.0000e+00
        523 124.751105    0.03625     2.1749    130.494     77.742  51354.616    31.8473     4.7042     77.000     4.6985    25.2087     7.6825    10.9832    105.595    334.665    343.100   -0.00054    7.27543   10.39746  316.93129   16.28550 3.8449e-02     1.9574  0.5906961 0.0000e+00
        526 124.751115    0.03649     2.1891    131.348     78.751  51356.504    31.8480     4.7036     78.000     4.6976    25.2093     7.6887    10.9881    105.679    334.935    343.379   -0.00026    7.27558   10.39756  316.93757   16.28564 3.8374e-02     2.0066  0.5850427 0.0000e+00
        530 124.751125    0.03673     2.2036    132.216     79.761  51358.568    31.8488     4.7029     79.000     4.6972    25.2100     7.6947    10.9931    105.758    335.194    343.644    0.00002    7.27576   10.39769  316.94485   16.28582 3.8297e-02     1.9483  0.6088501 0.0000e+00
        533 124.751135    0.03697     2.2186    133.117     80.770  51359.440    31.8488     4.7028     80.000     4.6971    25.2100     7.6942    10.9937    105.751    335.173    343.623   -0.00005    7.27573   10.39770  316.94375   16.28583 3.8221e-02     1.8891  0.6301313 0.0000e+00
        537 124.751147    0.03723     2.2342    134.049     81.780  51360.018    31.8487     4.7029     81.000     4.6975    25.2100     7.6924    10.9919    105.727    335.096    343.544   -0.00016    7.27575   10.39768  316.94464   16.28581 3.8165e-02     1.8985  0.6177122 0.0000e+00
        541 124.751157    0.03750     2.2501    135.005     82.790  51359.407    31.8480     4.7037     82.000     4.6984    25.2093     7.6884    10.9883    105.674    334.921    343.363   -0.00035    7.27559   10.39754  316.93790   16.28561 3.8124e-02     1.8746  0.6050903 0.0000e+00
        545 124.751169    0.03777     2.2662    135.973     83.800  51358.765    31.8472     4.7046     83.000     4.6987    25.2086     7.6859    10.9857    105.643    334.812    343.252   -0.00044    7.27538   10.39737  316.92921   16.28538 3.8076e-02     1.8627  0.6027762 0.0000e+00
        549 124.751180    0.03804     2.2821    136.926     84.810  51360.171    31.8477     4.7043     84.000     4.6978    25.2090     7.6889    10.9863    105.683    334.941    343.384   -0.00030    7.27541   10.39741  316.93040   16.28543 3.8023e-02     1.9389  0.6114729 0.0000e+00
        552 124.751190    0.03829     2.2974    137.846     85.820  51363.052    31.8489     4.7032     85.000     4.6967    25.2101     7.6873    10.9841    105.658    334.873    343.315   -0.00035    7.27565   10.39760  316.94033   16.28569 3.7978e-02     1.9295  0.6405826 0.0000e+00
        556 124.751201    0.03854     2.3124    138.743     86.830  51365.231    31.8497     4.7024     86.000     4.6961    25.2108     7.6820    10.9791    105.584    334.644    343.081   -0.00058    7.27576   10.39774  316.94516   16.28587 3.7938e-02     1.8610  0.6155625 0.0000e+00
        559 124.751211    0.03878     2.3271    139.624     87.839  51366.641    31.8501     4.7021     87.000     4.6957    25.2112     7.6780    10.9752    105.529    334.470    342.902   -0.00073    7.27576   10.39779  316.94490   16.28594 3.7890e-02     1.8452  0.5870344 0.0000e+00
        563 124.751221    0.03903     2.3415    140.492     88.849  51368.162    31.8506     4.7017     88.000     4.6952    25.2116     7.6788    10.9747    105.539    334.501    342.935   -0.00065    7.27580   10.39785  316.94665   16.28602 3.7846e-02     1.8553  0.5997057 0.0000e+00
        566 124.751231    0.03927     2.3558    141.346     89.860  51369.635    31.8510     4.7014     89.000     4.6949    25.2120     7.6807    10.9751    105.564    334.583    343.019   -0.00051    7.27587   10.39791  316.94925   16.28610 3.7816e-02     1.8488  0.6344161 0.0000e+00
        570 124.751240    0.03950     2.3699    142.195     90.869  51370.705    31.8512     4.7012     90.000     4.6948    25.2122     7.6786    10.9736    105.536    334.495    342.928   -0.00057    7.27587   10.39793  316.94934   16.28612 3.7793e-02     1.8229  0.6422037 0.0000e+00
        573 124.751250    0.03973     2.3839    143.036     91.879  51371.616    31.8513     4.7012     91.000     4.6947    25.2123     7.6774    10.9721    105.518    334.439    342.871   -0.00060    7.27585   10.39793  316.94829   16.28612 3.7759e-02     1.8130  0.5968480 0.0000e+00
        576 124.751260    0.03996     2.3976    143.856     92.889  51372.764    31.8515     4.7010     92.000     4.6943    25.2125     7.6778    10.9714    105.525    334.459    342.892   -0.00054    7.27586   10.39796  316.94892   16.28616 3.7712e-02     1.7936  0.5812405 0.0000e+00
        580 124.751270    0.04021     2.4124    144.743     93.899  51374.283    31.8520     4.7006     93.000     4.6938    25.2129     7.6749    10.9688    105.483    334.332    342.762   -0.00065    7.27594   10.39803  316.95203   16.28625 3.7674e-02     1.7940  0.6048122 0.0000e+00
        585 124.751284    0.04054     2.4319    145.915     94.910  51376.054    31.8526     4.7002     94.000     4.6935    25.2134     7.6713    10.9657    105.432    334.177    342.602   -0.00079    7.27605   10.39812  316.95659   16.28639 3.7638e-02     1.7848  0.6038766 0.0000e+00
