CTD-processing/allCTD/CNV/2012_10-29_t9_s06_cast078_4141.cnv
* Sea-Bird SBE19plus Data File:
* FileName = C:\Documents and Settings\kris.holderied.local\My Documents\2012-CTD-DATA-new-files\2012-10-CookInlet-LTM\2012-10-29-LTM-CookInlet-Tran9-SpitLine\2012-10-29-CookInlet-Tran9-SpitLine-cast078.hex
* Software Version 1.54
* Temperature SN =  4141
* Conductivity SN =  4141
* System UpLoad Time = Nov 20 2012 20:53:10
** Cook Inlet EVOSTC Transect 9 Spit Line south to north
** Date:  29 Oct 2012
** Station:  9-06
** Start time (AKDT-24 hr): 2006
** Depth (m): 97
** Comment:Sample from flow meter side. Other quite dangled FLow meter start 106856 end 107301
# nquan = 27
# nvalues = 57                          
# units = specified
# name 0 = scan: Scan Count
# name 1 = timeJ: Julian Days
# name 2 = timeH: Time, Elapsed [hours]
# name 3 = timeM: Time, Elapsed [minutes]
# name 4 = timeS: Time, Elapsed [seconds]
# name 5 = prdM: Pressure, Strain Gauge [db]
# name 6 = specc: Specific Conductance [uS/cm]
# name 7 = sal00: Salinity, Practical [PSU]
# name 8 = tv290C: Temperature [ITS-90, deg C]
# name 9 = depSM: Depth [salt water, m], lat = 59.00
# name 10 = potemp090C: Potential Temperature [ITS-90, deg C]
# name 11 = sigma-é00: Density [sigma-theta, kg/m^3]
# name 12 = sbeox0ML/L: Oxygen, SBE 43 [ml/l]
# name 13 = sbeox0Mg/L: Oxygen, SBE 43 [mg/l]
# name 14 = sbeox0PS: Oxygen, SBE 43 [% saturation]
# name 15 = sbox0Mm/Kg: Oxygen, SBE 43 [umol/kg]
# name 16 = sbeox0Mm/L: Oxygen, SBE 43 [umol/l]
# name 17 = sbox0dV/dT: Oxygen, SBE 43 [dov/dt]
# name 18 = oxsolML/L: Oxygen Saturation, Garcia & Gordon [ml/l]
# name 19 = oxsolMg/L: Oxygen Saturation, Garcia & Gordon [mg/l]
# name 20 = oxsolMm/Kg: Oxygen Saturation, Garcia & Gordon [umol/kg]
# name 21 = n2satMg/L: Nitrogen Saturation [mg/l]
# name 22 = par: PAR/Irradiance, Biospherical/Licor
# name 23 = wetStar: Fluorescence, WET Labs WETstar [mg/m^3]
# name 24 = CStarAt0: Beam Attenuation, WET Labs C-Star [1/m]
# name 25 = CStarTr0: Beam Transmission, WET Labs C-Star [%]
# name 26 = flag: flag
# span 0 =        100,        805       
# span 1 = 303.838053, 303.840094       
# span 2 =    0.00689,    0.05584       
# span 3 =     0.4134,     3.3512       
# span 4 =     24.806,    201.066       
# span 5 =      1.009,     57.508       
# span 6 =  49019.000,  49468.595       
# span 7 =    30.7386,    31.1552       
# span 8 =     6.9353,     7.8765       
# span 9 =      1.000,     57.000       
# span 10 =     7.0128,     7.8724      
# span 11 =    24.0525,    24.2739      
# span 12 =     5.5473,     5.9626      
# span 13 =     7.9277,     8.5212      
# span 14 =     80.065,     86.336      
# span 15 =    241.926,    260.020      
# span 16 =    247.745,    266.291      
# span 17 =   -0.01317,    0.00981      
# span 18 =    6.78628,    6.94842      
# span 19 =    9.69827,    9.92998      
# span 20 =  295.89303,  302.99506      
# span 21 =   15.28546,   15.62557      
# span 22 = 3.6478e-02, 1.0103e+00      
# span 23 =     0.1845,     0.8448      
# span 24 =     0.5002,     1.1440      
# span 25 =    75.5220,    88.2464      
# span 26 = 0.0000e+00, 0.0000e+00      
# interval = meters: 1                  
# start_time = Oct 29 2012 20:06:23 [Instrument's time stamp, header]
# bad_flag = -9.990e-29
*END*
        100 303.838053    0.00689     0.4134     24.806      1.009  49208.852    30.8406     6.9353      1.000     7.0128    24.1524     5.6723     8.1063     81.636    247.348    253.324    0.00981    6.94842    9.92998  302.99506   15.62557 4.7553e-01     0.1845     1.1440    75.5220 0.0000e+00
        257 303.838506    0.01776     1.0656     63.937      2.022  49019.000    30.7386     7.0863      2.000     7.0806    24.0525     5.5473     7.9277     80.065    241.926    247.745   -0.01317    6.92916    9.90247  302.18848   15.58752 1.0103e+00     0.8448     0.7430    82.9897 0.0000e+00
        417 303.838972    0.02892     1.7353    104.121      3.030  49082.725    30.7868     7.1149      3.000     7.1032    24.0867     5.9556     8.5111     86.033    259.720    265.976   -0.00031    6.92237    9.89277  301.88188   15.57271 5.8288e-01     0.6975     0.7744    82.3984 0.0000e+00
        416 303.838966    0.02879     1.7273    103.640      4.038  49102.653    30.7972     7.0974      4.000     7.0980    24.0972     5.9527     8.5070     85.963    259.591    265.847    0.00111    6.92469    9.89608  301.98007   15.57734 2.7165e-01     0.7147     0.7785    82.3138 0.0000e+00
        422 303.838984    0.02924     1.7541    105.248      5.046  49160.030    30.8407     7.1220      5.000     7.1518    24.1283     5.9559     8.5115     86.082    259.722    265.989    0.00139    6.91879    9.88764  301.71343   15.56445 1.5795e-01     0.7146     0.7715    82.4584 0.0000e+00
        428 303.839002    0.02964     1.7785    106.710      6.056  49139.356    30.8391     7.2007      6.000     7.2119    24.1167     5.9626     8.5212     86.336    260.020    266.291    0.00307    6.90632    9.86983  301.17309   15.53868 1.2024e-01     0.7169     0.7664    82.5641 0.0000e+00
        434 303.839020    0.03009     1.8051    108.304      7.065  49144.110    30.8481     7.2376      7.000     7.2460    24.1189     5.9305     8.4753     85.948    258.618    264.856   -0.00152    6.90004    9.86086  300.89871   15.52556 8.9919e-02     0.6824     0.7608    82.6793 0.0000e+00
        441 303.839038    0.03053     1.8318    109.911      8.077  49186.457    30.8837     7.2773      8.000     7.3014    24.1416     5.9087     8.4442     85.732    257.664    263.885   -0.00277    6.89214    9.84955  300.54713   15.50865 6.8320e-02     0.6693     0.7462    82.9819 0.0000e+00
        446 303.839055    0.03092     1.8552    111.312      9.083  49190.351    30.8961     7.3388      9.000     7.3552    24.1433     5.8962     8.4264     85.679    257.120    263.328   -0.00217    6.88183    9.83483  300.09730   15.48714 6.1346e-02     0.6761     0.7350    83.2145 0.0000e+00
        453 303.839073    0.03136     1.8814    112.883     10.093  49195.323    30.9079     7.3918     10.000     7.4009    24.1454     5.8711     8.3904     85.424    256.022    262.204   -0.00327    6.87294    9.82212  299.70890   15.46856 5.1683e-02     0.6320     0.7194    83.5407 0.0000e+00
        459 303.839092    0.03183     1.9094    114.562     11.109  49195.624    30.9119     7.4173     11.000     7.4227    24.1451     5.8344     8.3380     84.942    254.422    260.565   -0.00582    6.86873    9.81611  299.52545   15.45979 4.6785e-02     0.6193     0.7131    83.6709 0.0000e+00
        465 303.839108    0.03221     1.9325    115.951     12.108  49204.226    30.9201     7.4341     12.000     7.4399    24.1494     5.8376     8.3426     85.026    254.562    260.709   -0.00300    6.86571    9.81179  299.39259   15.45342 4.5643e-02     0.5940     0.7046    83.8500 0.0000e+00
        473 303.839132    0.03278     1.9667    117.999     13.127  49221.880    30.9376     7.4689     13.000     7.4767    24.1585     5.8357     8.3397     85.075    254.473    260.621   -0.00102    6.85945    9.80284  299.11683   15.44019 4.2767e-02     0.5924     0.6941    84.0690 0.0000e+00
        480 303.839151    0.03324     1.9942    119.652     14.132  49240.917    30.9552     7.4979     14.000     7.5097    24.1684     5.8314     8.3337     85.079    254.285    260.431   -0.00064    6.85411    9.79521  298.88105   15.42887 4.1276e-02     0.5608     0.6814    84.3375 0.0000e+00
        487 303.839174    0.03378     2.0270    121.617     15.142  49241.664    30.9625     7.5430     15.000     7.5452    24.1681     5.8210     8.3187     85.018    253.828    259.962   -0.00085    6.84671    9.78463  298.55838   15.41345 4.0340e-02     0.5590     0.6643    84.6982 0.0000e+00
        495 303.839196    0.03431     2.0585    123.507     16.155  49247.500    30.9668     7.5469     16.000     7.5534    24.1709     5.8025     8.2924     84.759    253.023    259.140   -0.00256    6.84590    9.78349  298.52261   15.41172 3.9494e-02     0.5385     0.6640    84.7057 0.0000e+00
        500 303.839211    0.03468     2.0807    124.841     17.156  49272.944    30.9889     7.5767     17.000     7.5880    24.1842     5.8049     8.2958     84.863    253.124    259.245   -0.00095    6.84025    9.77541  298.27220   15.39969 3.9212e-02     0.5348     0.6503    84.9953 0.0000e+00
        509 303.839235    0.03526     2.1156    126.935     18.172  49287.553    31.0078     7.6336     18.000     7.6409    24.1913     5.7930     8.2788     84.811    252.606    258.717   -0.00079    6.83052    9.76149  297.84571   15.37925 3.8524e-02     0.5339     0.6297    85.4343 0.0000e+00
        517 303.839259    0.03583     2.1502    129.014     19.183  49282.249    31.0073     7.6559     19.000     7.6567    24.1878     5.7715     8.2480     84.538    251.666    257.754   -0.00268    6.82706    9.75656  297.69602   15.37212 3.8104e-02     0.5137     0.6258    85.5184 0.0000e+00
        523 303.839276    0.03622     2.1734    130.405     20.186  49281.134    31.0068     7.6609     20.000     7.6600    24.1868     5.7677     8.2426     84.492    251.502    257.585   -0.00189    6.82631    9.75548  297.66346   15.37056 3.7957e-02     0.4836     0.6240    85.5553 0.0000e+00
        531 303.839299    0.03679     2.2074    132.444     21.200  49282.257    31.0075     7.6631     21.000     7.6614    24.1871     5.7691     8.2446     84.518    251.564    257.649   -0.00100    6.82592    9.75493  297.64652   15.36975 3.7359e-02     0.4868     0.6192    85.6587 0.0000e+00
        539 303.839322    0.03734     2.2402    134.414     22.207  49284.326    31.0086     7.6637     22.000     7.6623    24.1878     5.7726     8.2497     84.571    251.717    257.806   -0.00032    6.82579    9.75473  297.64033   15.36945 3.7348e-02     0.4803     0.6224    85.5903 0.0000e+00
        546 303.839342    0.03783     2.2697    136.184     23.219  49287.014    31.0105     7.6666     23.000     7.6653    24.1889     5.7723     8.2493     84.573    251.705    257.793   -0.00018    6.82525    9.75397  297.61671   15.36831 3.7148e-02     0.4821     0.6279    85.4737 0.0000e+00
        554 303.839366    0.03840     2.3043    138.261     24.228  49289.440    31.0123     7.6699     24.000     7.6686    24.1899     5.7728     8.2499     84.587    251.724    257.813   -0.00005    6.82467    9.75313  297.59090   15.36708 3.6963e-02     0.4780     0.6196    85.6504 0.0000e+00
        561 303.839387    0.03889     2.3332    139.992     25.239  49292.925    31.0148     7.6738     25.000     7.6732    24.1914     5.7670     8.2417     84.512    251.472    257.556   -0.00092    6.82394    9.75210  297.55889   15.36555 3.7096e-02     0.4783     0.6241    85.5550 0.0000e+00
        568 303.839406    0.03935     2.3612    141.671     26.244  49297.211    31.0183     7.6791     26.000     7.6787    24.1933     5.7747     8.2526     84.636    251.806    257.898    0.00038    6.82296    9.75069  297.51543   15.36345 3.6762e-02     0.4706     0.6165    85.7149 0.0000e+00
        576 303.839431    0.03995     2.3968    143.808     27.256  49298.049    31.0192     7.6840     27.000     7.6826    24.1935     5.7727     8.2498     84.617    251.720    257.810   -0.00013    6.82216    9.74955  297.48052   15.36178 3.6710e-02     0.4677     0.6117    85.8209 0.0000e+00
        584 303.839453    0.04048     2.4288    145.731     28.267  49304.569    31.0245     7.6916     28.000     7.6908    24.1965     5.7746     8.2524     84.662    251.800    257.892    0.00018    6.82072    9.74750  297.41719   15.35874 3.6681e-02     0.4781     0.6137    85.7763 0.0000e+00
        591 303.839473    0.04097     2.4586    147.515     29.276  49304.994    31.0249     7.6952     29.000     7.6937    24.1964     5.7662     8.2405     84.547    251.435    257.519   -0.00098    6.82016    9.74669  297.39239   15.35755 3.6801e-02     0.4860     0.6139    85.7710 0.0000e+00
        597 303.839491    0.04140     2.4841    149.049     30.280  49311.393    31.0299     7.7015     30.000     7.7008    24.1995     5.7664     8.2406     84.563    251.439    257.524   -0.00051    6.81896    9.74498  297.33943   15.35500 3.6558e-02     0.4613     0.6031    86.0054 0.0000e+00
        610 303.839528    0.04228     2.5372    152.229     31.311  49310.524    31.0302     7.7101     31.000     7.7075    24.1985     5.7615     8.2336     84.508    251.227    257.306   -0.00028    6.81761    9.74303  297.28038   15.35219 3.6509e-02     0.4647     0.5978    86.1182 0.0000e+00
        614 303.839539    0.04254     2.5523    153.139     32.304  49314.966    31.0330     7.7109     32.000     7.7097    24.2007     5.7615     8.2337     84.512    251.228    257.307   -0.00036    6.81735    9.74268  297.26872   15.35162 3.6478e-02     0.4552     0.6105    85.8458 0.0000e+00
        621 303.839560    0.04304     2.5825    154.949     33.308  49321.821    31.0381     7.7158     33.000     7.7148    24.2040     5.7640     8.2373     84.561    251.336    257.420   -0.00019    6.81636    9.74126  297.22462   15.34949 3.6635e-02     0.4682     0.5914    86.2572 0.0000e+00
        631 303.839588    0.04374     2.6242    157.453     34.328  49323.479    31.0396     7.7204     34.000     7.7180    24.2045     5.7464     8.2122     84.313    250.570    256.634   -0.00274    6.81559    9.74016  297.19094   15.34788 3.6701e-02     0.4613     0.5837    86.4224 0.0000e+00
        635 303.839602    0.04406     2.6432    158.591     35.330  49329.089    31.0434     7.7227     35.000     7.7219    24.2072     5.7550     8.2245     84.446    250.945    257.020   -0.00071    6.81505    9.73939  297.16657   15.34670 3.6653e-02     0.4484     0.5898    86.2889 0.0000e+00
        644 303.839628    0.04468     2.6808    160.848     36.344  49334.754    31.0489     7.7354     36.000     7.7334    24.2098     5.7655     8.2395     84.627    251.401    257.487    0.00072    6.81284    9.73623  297.06938   15.34204 3.6633e-02     0.4627     0.5695    86.7286 0.0000e+00
        653 303.839653    0.04527     2.7163    162.976     37.355  49345.396    31.0574     7.7449     37.000     7.7449    24.2152     5.7539     8.2229     84.480    250.895    256.970   -0.00149    6.81098    9.73357  296.98678   15.33807 3.6514e-02     0.4508     0.5628    86.8755 0.0000e+00
        658 303.839668    0.04565     2.7389    164.332     38.359  49354.273    31.0649     7.7556     38.000     7.7555    24.2196     5.7613     8.2335     84.614    251.217    257.302    0.00008    6.80899    9.73073  296.89874   15.33383 3.6537e-02     0.4566     0.5451    87.2611 0.0000e+00
        668 303.839696    0.04630     2.7782    166.695     39.374  49365.202    31.0739     7.7675     39.000     7.7658    24.2250     5.7591     8.2304     84.609    251.120    257.203    0.00001    6.80674    9.72751  296.79897   15.32903 3.6491e-02     0.4461     0.5282    87.6292 0.0000e+00
        677 303.839723    0.04697     2.8185    169.108     40.393  49364.268    31.0735     7.7719     40.000     7.7682    24.2241     5.7631     8.2360     84.676    251.292    257.380    0.00057    6.80607    9.72656  296.77012   15.32766 3.6576e-02     0.4337     0.5327    87.5314 0.0000e+00
        681 303.839733    0.04721     2.8324    169.946     41.381  49363.752    31.0726     7.7716     41.000     7.7677    24.2235     5.7634     8.2365     84.679    251.305    257.392    0.00032    6.80616    9.72669  296.77445   15.32787 3.6761e-02     0.4425     0.5289    87.6133 0.0000e+00
        692 303.839765    0.04797     2.8782    172.694     42.401  49369.247    31.0763     7.7729     42.000     7.7700    24.2261     5.7668     8.2413     84.733    251.452    257.544    0.00034    6.80580    9.72617  296.75770   15.32706 3.6624e-02     0.4358     0.5232    87.7393 0.0000e+00
        700 303.839789    0.04854     2.9123    174.740     43.414  49369.467    31.0764     7.7756     43.000     7.7717    24.2259     5.7651     8.2390     84.714    251.380    257.470   -0.00002    6.80538    9.72556  296.73931   15.32617 3.6754e-02     0.4512     0.5208    87.7921 0.0000e+00
        705 303.839803    0.04888     2.9328    175.965     44.416  49380.943    31.0843     7.7778     44.000     7.7762    24.2318     5.7649     8.2386     84.719    251.368    257.459   -0.00031    6.80468    9.72457  296.70725   15.32461 3.6621e-02     0.4350     0.5207    87.7945 0.0000e+00
        715 303.839832    0.04958     2.9748    178.490     45.435  49392.308    31.0931     7.7860     45.000     7.7839    24.2376     5.7654     8.2392     84.747    251.387    257.480   -0.00002    6.80303    9.72221  296.63363   15.32107 3.6527e-02     0.4357     0.5002    88.2464 0.0000e+00
        723 303.839854    0.05011     3.0068    180.409     46.433  49401.034    31.0998     7.7928     46.000     7.7907    24.2419     5.7619     8.2343     84.714    251.236    257.327   -0.00052    6.80166    9.72026  296.57280   15.31814 3.6638e-02     0.4205     0.5006    88.2347 0.0000e+00
        731 303.839877    0.05066     3.0398    182.390     47.455  49419.098    31.1137     7.8036     47.000     7.8055    24.2514     5.7562     8.2263     84.659    250.987    257.074   -0.00071    6.79937    9.71698  296.47020   15.31318 3.6613e-02     0.4214     0.5102    88.0267 0.0000e+00
        736 303.839894    0.05107     3.0642    183.852     48.452  49424.151    31.1194     7.8203     48.000     7.8189    24.2535     5.7573     8.2277     84.709    251.031    257.119   -0.00001    6.79654    9.71293  296.34587   15.30722 3.6548e-02     0.4117     0.5127    87.9696 0.0000e+00
        749 303.839929    0.05191     3.1149    186.895     49.476  49437.821    31.1316     7.8400     49.000     7.8381    24.2603     5.7366     8.1982     84.449    250.128    256.197   -0.00162    6.79294    9.70779  296.18718   15.29960 3.6558e-02     0.3963     0.5314    87.5595 0.0000e+00
        754 303.839944    0.05227     3.1363    188.177     50.478  49439.808    31.1334     7.8454     50.000     7.8421    24.2610     5.7349     8.1958     84.435    250.054    256.120   -0.00142    6.79205    9.70651  296.14793   15.29772 3.6697e-02     0.3931     0.5426    87.3138 0.0000e+00
        760 303.839963    0.05273     3.1637    189.822     51.484  49445.218    31.1375     7.8501     51.000     7.8471    24.2636     5.7459     8.2114     84.609    250.531    256.611    0.00050    6.79113    9.70520  296.10721   15.29576 3.6683e-02     0.4037     0.5392    87.3889 0.0000e+00
        772 303.839996    0.05351     3.2110    192.662     52.504  49447.941    31.1397     7.8546     52.000     7.8514    24.2647     5.7384     8.2007     84.508    250.204    256.276   -0.00077    6.79034    9.70407  296.07230   15.29408 3.6792e-02     0.4030     0.5495    87.1628 0.0000e+00
        776 303.840009    0.05383     3.2300    193.801     53.507  49449.992    31.1411     7.8576     53.000     7.8535    24.2654     5.7417     8.2055     84.564    250.349    256.424    0.00018    6.78981    9.70332  296.04914   15.29297 3.6700e-02     0.3901     0.5531    87.0850 0.0000e+00
