CTD-processing/allCTD/CNV/2012_08-03_t9_s06_cast006_5028.cnv
* Sea-Bird SBE19plus Data File:
* FileName = C:\Documents and Settings\kris.holderied.local\My Documents\2012-08-03-CTD-HomerSpit\2012-08-03-KachemakBay-HomerSpit-cast006.hex
* Software Version 1.54
* Temperature SN =  5028
* Conductivity SN =  5028
* System UpLoad Time = Aug 15 2012 01:13:51
** Kachemak Bay Homer Spit CTD Survey Mckeon Flat to Spit
** Date:  2012-08-03
** Station:  9-06
** Start time (AKDT-24 hr): 1609
** Depth (m): 333
** Comment:None
# nquan = 26
# nvalues = 94                          
# units = specified
# name 0 = scan: Scan Count
# name 1 = timeJ: Julian Days
# name 2 = timeH: Time, Elapsed [hours]
# name 3 = timeM: Time, Elapsed [minutes]
# name 4 = timeS: Time, Elapsed [seconds]
# name 5 = prdM: Pressure, Strain Gauge [db]
# name 6 = specc: Specific Conductance [uS/cm]
# name 7 = sal00: Salinity, Practical [PSU]
# name 8 = tv290C: Temperature [ITS-90, deg C]
# name 9 = depSM: Depth [salt water, m], lat = 59.00
# name 10 = potemp090C: Potential Temperature [ITS-90, deg C]
# name 11 = sigma-é00: Density [sigma-theta, kg/m^3]
# name 12 = sbeox0ML/L: Oxygen, SBE 43 [ml/l]
# name 13 = sbeox0Mg/L: Oxygen, SBE 43 [mg/l]
# name 14 = sbeox0PS: Oxygen, SBE 43 [% saturation]
# name 15 = sbox0Mm/Kg: Oxygen, SBE 43 [umol/kg]
# name 16 = sbeox0Mm/L: Oxygen, SBE 43 [umol/l]
# name 17 = sbox0dV/dT: Oxygen, SBE 43 [dov/dt]
# name 18 = oxsolML/L: Oxygen Saturation, Garcia & Gordon [ml/l]
# name 19 = oxsolMg/L: Oxygen Saturation, Garcia & Gordon [mg/l]
# name 20 = oxsolMm/Kg: Oxygen Saturation, Garcia & Gordon [umol/kg]
# name 21 = n2satMg/L: Nitrogen Saturation [mg/l]
# name 22 = par: PAR/Irradiance, Biospherical/Licor [umol photons/m^2/sec]
# name 23 = flECO-AFL: Fluorescence, WET Labs ECO-AFL/FL [mg/m^3]
# name 24 = upoly0: Upoly 0, ECO-FLNTUS
# name 25 = flag: flag
# span 0 =        317,        631       
# span 1 = 216.673587, 216.674496       
# span 2 =    0.02191,    0.04372       
# span 3 =     1.3147,     2.6234       
# span 4 =     78.880,    157.401       
# span 5 =      1.010,     94.908       
# span 6 =  44832.298,  49833.492       
# span 7 =    28.3315,    31.3787       
# span 8 =     7.7861,    10.9438       
# span 9 =      1.000,     94.000       
# span 10 =     7.7767,    10.9279      
# span 11 =    21.5980,    24.4623      
# span 12 =     5.6160,     7.4867      
# span 13 =     8.5171,    10.3267      
# span 14 =     86.432,    115.836      
# span 15 =    245.320,    327.237      
# span 16 =    250.813,    334.359      
# span 17 =   -0.08370,    0.04146      
# span 18 =    6.45291,    6.79381      
# span 19 =    9.22619,    9.70405      
# span 20 =  282.11248,  296.16468      
# span 21 =   14.64389,   15.29036      
# span 22 = 5.9067e-02, 5.3705e+02      
# span 23 =     0.2330,     2.7755      
# span 24 =  0.7175695,  3.3153117      
# span 25 = 0.0000e+00, 0.0000e+00      
# interval = meters: 1                  
# start_time = Aug 03 2012 16:08:39 [Instrument's time stamp, header]
# bad_flag = -9.990e-29
*END*
        317 216.673587    0.02191     1.3147     78.880      1.010  44832.298    28.3315    10.9438      1.000    10.9279    21.5980     7.0585    10.3267    109.377    308.587    315.235    0.01915    6.45291    9.22619  282.11248   14.64389 5.3705e+02     1.9761  2.3475728 0.0000e+00
        323 216.673605    0.02236     1.3419     80.512      2.018  45405.827    28.7073    10.7118      2.000    10.5812    21.9284     7.4867    10.1110    115.836    327.237    334.359    0.04146    6.46517    9.25087  282.57446   14.67405 3.2810e+02     2.1728  2.3412866 0.0000e+00
        328 216.673620    0.02271     1.3626     81.757      3.028  46324.977    29.3072    10.3217      3.000    10.1337    22.4588     5.6160     8.6417     86.432    245.320    250.813   -0.08370    6.50127    9.29440  283.96885   14.72822 1.9831e+02     2.6324  2.1105846 0.0000e+00
        332 216.673632    0.02300     1.3799     82.792      4.038  47115.684    29.8188     9.9579      4.000     9.8297    22.9159     5.7858     8.5171     88.441    252.580    258.396   -0.06271    6.54088    9.33812  285.54274   14.78395 1.3268e+02     2.7755  1.7338511 0.0000e+00
        336 216.673642    0.02324     1.3949     83.691      5.047  47573.354    30.1142     9.7472      5.000     9.6756    23.1799     6.1741     8.7588     94.123    269.462    275.736   -0.02649    6.55910    9.36360  286.26514   14.81646 9.1932e+01     2.4113  1.4282647 0.0000e+00
        339 216.673652    0.02348     1.4087     84.523      6.057  47814.577    30.2698     9.6389      6.000     9.6008    23.3185     6.2585     8.8758     95.318    273.120    279.507   -0.01651    6.56584    9.37652  286.53025   14.83285 6.5502e+01     2.1750  1.2547128 0.0000e+00
        342 216.673661    0.02370     1.4222     85.332      7.066  47947.271    30.3557     9.5832      7.000     9.5623    23.3943     6.2569     8.9153     95.261    273.036    279.434   -0.01395    6.56820    9.38283  286.61927   14.84071 4.7914e+01     2.1744  1.1900524 0.0000e+00
        346 216.673671    0.02393     1.4360     86.158      8.076  48018.899    30.4020     9.5551      8.000     9.5448    23.4349     6.2502     8.9330     95.142    272.733    279.131   -0.01223    6.56927    9.38584  286.65885   14.84437 3.5916e+01     2.1311  1.1738040 0.0000e+00
        349 216.673681    0.02417     1.4500     86.998      9.085  48058.648    30.4278     9.5417      9.000     9.5372    23.4571     6.2593     8.9574     95.282    273.132    279.543   -0.00975    6.56926    9.38704  286.65500   14.84573 2.6972e+01     2.0279  1.1582202 0.0000e+00
        352 216.673690    0.02440     1.4641     87.849     10.095  48076.451    30.4393     9.5368     10.000     9.5346    23.4669     6.2882     8.9975     95.726    274.393    280.834   -0.00649    6.56903    9.38736  286.64407   14.84600 2.0535e+01     1.9831  1.1491256 0.0000e+00
        356 216.673700    0.02463     1.4782     88.690     11.104  48084.341    30.4442     9.5352     11.000     9.5338    23.4710     6.3259     9.0477     96.301    276.035    282.514   -0.00319    6.56890    9.38739  286.63882   14.84598 1.5732e+01     1.9567  1.1457100 0.0000e+00
        359 216.673709    0.02486     1.4918     89.511     12.113  48090.509    30.4480     9.5348     12.000     9.5334    23.4741     6.3649     9.1025     96.897    277.736    284.255   -0.00037    6.56873    9.38724  286.63138   14.84571 1.2080e+01     1.9012  1.1428060 0.0000e+00
        362 216.673719    0.02509     1.5055     90.329     13.123  48098.517    30.4532     9.5345     13.000     9.5327    23.4782     6.4115     9.1641     97.611    279.772    286.340    0.00240    6.56850    9.38699  286.62067   14.84526 9.2890e+00     1.8813  1.1309189 0.0000e+00
        366 216.673729    0.02533     1.5196     91.177     14.132  48111.352    30.4617     9.5336     14.000     9.5307    23.4849     6.4647     9.2301     98.423    282.089    288.713    0.00514    6.56827    9.38667  286.60970   14.84468 7.2036e+00     1.8861  1.1180357 0.0000e+00
        369 216.673739    0.02558     1.5346     92.074     15.142  48136.287    30.4783     9.5305     15.000     9.5263    23.4985     6.5056     9.2879     99.050    283.871    290.540    0.00668    6.56802    9.38631  286.59497   14.84390 5.6211e+00     1.8756  1.1202036 0.0000e+00
        373 216.673750    0.02583     1.5499     92.994     16.152  48171.157    30.5017     9.5254     16.000     9.5202    23.5175     6.5353     9.3361     99.503    285.162    291.865    0.00719    6.56795    9.38595  286.58743   14.84302 4.3756e+00     1.8697  1.1196166 0.0000e+00
        376 216.673760    0.02607     1.5644     93.863     17.161  48222.857    30.5367     9.5186     17.000     9.5113    23.5460     6.5621     9.3778     99.917    286.325    293.062    0.00748    6.56752    9.38525  286.56249   14.84148 3.4463e+00     1.8628  1.1259490 0.0000e+00
        380 216.673769    0.02630     1.5781     94.688     18.170  48297.913    30.5877     9.5088     18.000     9.4985    23.5873     6.5916     9.4186    100.379    287.604    294.382    0.00797    6.56674    9.38420  286.51828   14.83918 2.7290e+00     1.8489  1.1102401 0.0000e+00
        383 216.673779    0.02653     1.5915     95.491     19.180  48408.364    30.6630     9.4944     19.000     9.4796    23.6483     6.6222     9.4579    100.872    288.917    295.747    0.00856    6.56496    9.38265  286.42124   14.83581 2.1747e+00     1.7821  1.0731050 0.0000e+00
        386 216.673788    0.02674     1.6041     96.244     20.190  48534.030    30.7481     9.4743     20.000     9.4565    23.7180     6.6452     9.4895    101.243    289.897    296.774    0.00873    6.56364    9.38169  286.33822   14.83312 1.7587e+00     1.6489  1.0059159 0.0000e+00
        389 216.673795    0.02693     1.6159     96.952     21.199  48634.861    30.8156     9.4521     21.000     9.4346    23.7742     6.6636     9.5144    101.514    290.680    297.595    0.00846    6.56423    9.38221  286.34549   14.83285 1.4449e+00     1.5029  0.9083499 0.0000e+00
        392 216.673804    0.02712     1.6275     97.648     22.209  48707.071    30.8631     9.4316     22.000     9.4163    23.8145     6.6816     9.5343    101.767    291.457    298.402    0.00823    6.56562    9.38361  286.39560   14.83417 1.1991e+00     1.3787  0.8337529 0.0000e+00
        394 216.673812    0.02732     1.6395     98.366     23.218  48759.839    30.8974     9.4134     23.000     9.3994    23.8441     6.6886     9.5444    101.854    291.752    298.712    0.00744    6.56685    9.38531  286.44282   14.83611 9.9582e-01     1.3176  0.8028625 0.0000e+00
        398 216.673821    0.02754     1.6521     99.125     24.228  48800.593    30.9232     9.3953     24.000     9.3791    23.8671     6.6811     9.5415    101.723    291.424    298.380    0.00573    6.56800    9.38750  286.48848   14.83890 8.3651e-01     1.2921  0.7814554 0.0000e+00
        401 216.673830    0.02776     1.6652     99.915     25.238  48842.068    30.9488     9.3726     25.000     9.3514    23.8907     6.6749     9.5350    101.604    291.146    298.102    0.00430    6.56958    9.39067  286.55144   14.84309 7.0933e-01     1.2482  0.7810254 0.0000e+00
        404 216.673839    0.02798     1.6784    100.705     26.247  48885.005    30.9744     9.3413     26.000     9.3121    23.9155     6.6685     9.5261    101.455    290.859    297.815    0.00301    6.57286    9.39565  286.68731   14.84993 6.0538e-01     1.1777  0.7732132 0.0000e+00
        407 216.673848    0.02819     1.6914    101.482     27.257  48926.590    30.9974     9.2992     27.000     9.2682    23.9401     6.6577     9.5135    101.192    290.381    297.334    0.00147    6.57930    9.40302  286.96067   14.86026 5.1714e-01     1.0844  0.7430682 0.0000e+00
        410 216.673857    0.02840     1.7039    102.233     28.266  48959.575    31.0145     9.2577     28.000     9.2304    23.9599     6.6433     9.4995    100.872    289.747    296.691   -0.00007    6.58588    9.41064  287.24211   14.87103 4.4381e-01     0.9866  0.7203382 0.0000e+00
        413 216.673866    0.02860     1.7162    102.972     29.276  48987.166    31.0288     9.2231     29.000     9.2014    23.9764     6.6350     9.4906    100.667    289.381    296.320   -0.00101    6.59105    9.41700  287.46326   14.88005 3.8131e-01     0.9354  0.7350740 0.0000e+00
        416 216.673874    0.02881     1.7284    103.707     30.285  49013.115    31.0431     9.1977     30.000     9.1835    23.9915     6.6362     9.4895    100.637    289.426    296.372   -0.00109    6.59420    9.42144  287.59542   14.88625 3.2808e-01     0.9278  0.7458685 0.0000e+00
        419 216.673882    0.02901     1.7407    104.443     31.295  49030.826    31.0531     9.1829     31.000     9.1732    24.0017     6.6401     9.4924    100.681    289.594    296.547   -0.00081    6.59518    9.42392  287.63578   14.88970 2.8353e-01     0.9425  0.7466541 0.0000e+00
        422 216.673891    0.02922     1.7532    105.191     32.304  49040.915    31.0585     9.1737     32.000     9.1647    24.0073     6.6446     9.4972    100.744    289.793    296.751   -0.00050    6.59556    9.42553  287.65170   14.89194 2.4654e-01     0.9665  0.7437287 0.0000e+00
        425 216.673900    0.02943     1.7659    105.954     33.314  49049.792    31.0631     9.1650     33.000     9.1546    24.0122     6.6496     9.5031    100.813    290.008    296.972   -0.00020    6.59597    9.42706  287.66897   14.89409 2.1577e-01     0.9785  0.7454938 0.0000e+00
        428 216.673909    0.02964     1.7788    106.726     34.324  49060.701    31.0688     9.1535     34.000     9.1385    24.0184     6.6557     9.5094    100.896    290.272    297.243    0.00008    6.59658    9.42913  287.69410   14.89701 1.9020e-01     0.9625  0.7486074 0.0000e+00
        431 216.673918    0.02986     1.7919    107.514     35.334  49074.897    31.0755     9.1336     35.000     9.1098    24.0268     6.6623     9.5146    100.965    290.557    297.537    0.00030    6.59858    9.43289  287.77928   14.90236 1.6896e-01     0.9163  0.7245832 0.0000e+00
        434 216.673928    0.03010     1.8057    108.341     36.343  49097.517    31.0859     9.0968     36.000     9.0662    24.0405     6.6640     9.5134    100.904    290.625    297.611    0.00002    6.60424    9.43999  288.02203   14.91249 1.5149e-01     0.8615  0.7175695 0.0000e+00
        438 216.673938    0.03034     1.8202    109.212     37.352  49127.750    31.1000     9.0492     37.000     9.0164    24.0589     6.6524     9.5010    100.621    290.115    297.094   -0.00107    6.61134    9.44913  288.32593   14.92551 1.3668e-01     0.8144  0.7319360 0.0000e+00
        441 216.673948    0.03059     1.8354    110.125     38.362  49159.378    31.1142     8.9951     38.000     8.9601    24.0782     6.6343     9.4810    100.225    289.321    296.286   -0.00247    6.61938    9.45967  288.67147   14.94056 1.2443e-01     0.7667  0.7472698 0.0000e+00
        445 216.673958    0.03084     1.8505    111.030     39.372  49197.186    31.1325     8.9397     39.000     8.9088    24.1010     6.6173     9.4612     99.841    288.575    295.531   -0.00354    6.62790    9.47022  289.03573   14.95557 1.1410e-01     0.7296  0.7848672 0.0000e+00
        449 216.673969    0.03108     1.8646    111.877     40.382  49231.218    31.1500     8.8974     40.000     8.8742    24.1211     6.6037     9.4471     99.548    287.974    294.922   -0.00419    6.63371    9.47809  289.28250   14.96671 1.0555e-01     0.6918  0.8282831 0.0000e+00
        452 216.673978    0.03130     1.8781    112.685     41.391  49254.429    31.1618     8.8687     41.000     8.8505    24.1346     6.6036     9.4443     99.498    287.966    294.917   -0.00385    6.63693    9.48343  289.41876   14.97426 9.8368e-02     0.6447  0.8376732 0.0000e+00
        455 216.673987    0.03152     1.8912    113.474     42.401  49270.138    31.1693     8.8472     42.000     8.8310    24.1437     6.6124     9.4486     99.594    288.347    295.309   -0.00295    6.63933    9.48753  289.52180   14.98008 9.2321e-02     0.6275  0.8484421 0.0000e+00
        458 216.673996    0.03174     1.9043    114.255     43.410  49282.632    31.1750     8.8289     43.000     8.8139    24.1510     6.6160     9.4510     99.614    288.503    295.471   -0.00240    6.64161    9.49105  289.61901   14.98508 8.7331e-02     0.6158  0.8341729 0.0000e+00
        461 216.674006    0.03196     1.9174    115.045     44.421  49293.461    31.1798     8.8123     44.000     8.7982    24.1572     6.6121     9.4489     99.523    288.334    295.300   -0.00243    6.64387    9.49428  289.71629   14.98969 8.3185e-02     0.5846  0.8499469 0.0000e+00
        464 216.674014    0.03218     1.9308    115.849     45.429  49303.843    31.1845     8.7976     45.000     8.7852    24.1632     6.6097     9.4466     99.456    288.225    295.190   -0.00237    6.64586    9.49711  289.80112   14.99372 7.9814e-02     0.5531  0.8760790 0.0000e+00
        468 216.674024    0.03240     1.9440    116.641     46.439  49311.719    31.1878     8.7857     46.000     8.7740    24.1676     6.6079     9.4450     99.408    288.146    295.110   -0.00223    6.64725    9.49943  289.86047   14.99704 7.6969e-02     0.5406  0.8733216 0.0000e+00
        471 216.674033    0.03262     1.9571    117.423     47.449  49317.747    31.1900     8.7747     47.000     8.7625    24.1710     6.6085     9.4452     99.396    288.169    295.133   -0.00202    6.64862    9.50164  289.91984   15.00019 7.4559e-02     0.5326  0.8786311 0.0000e+00
        474 216.674042    0.03284     1.9702    118.215     48.458  49324.281    31.1925     8.7629     48.000     8.7504    24.1747     6.6131     9.4473     99.440    288.370    295.341   -0.00159    6.65031    9.50400  289.99251   15.00358 7.2540e-02     0.5174  0.9020928 0.0000e+00
        477 216.674051    0.03307     1.9840    119.037     49.468  49331.282    31.1952     8.7504     49.000     8.7378    24.1786     6.6141     9.4462     99.430    288.413    295.387   -0.00137    6.65202    9.50648  290.06566   15.00713 7.0836e-02     0.5164  0.8920034 0.0000e+00
        481 216.674061    0.03330     1.9980    119.881     50.478  49338.226    31.1977     8.7373     50.000     8.7243    24.1826     6.6051     9.4374     99.266    288.018    294.983   -0.00179    6.65395    9.50912  290.14886   15.01092 6.9440e-02     0.4971  0.8814112 0.0000e+00
        484 216.674071    0.03353     2.0119    120.712     51.488  49345.907    31.2008     8.7244     51.000     8.7116    24.1870     6.5960     9.4276     99.103    287.622    294.579   -0.00220    6.65575    9.51168  290.22597   15.01457 6.8288e-02     0.4838  0.9081977 0.0000e+00
        487 216.674080    0.03376     2.0256    121.536     52.497  49353.235    31.2037     8.7120     52.000     8.6993    24.1911     6.5921     9.4200     99.018    287.450    294.404   -0.00223    6.65747    9.51416  290.29959   15.01812 6.7306e-02     0.4557  0.9371893 0.0000e+00
        490 216.674090    0.03399     2.0393    122.361     53.507  49359.780    31.2061     8.7000     53.000     8.6872    24.1948     6.5847     9.4109     98.885    287.125    294.073   -0.00239    6.65892    9.51655  290.36201   15.02155 6.6474e-02     0.4364  0.9327515 0.0000e+00
        494 216.674099    0.03422     2.0529    123.172     54.517  49364.333    31.2070     8.6875     54.000     8.6726    24.1974     6.5764     9.4024     98.736    286.763    293.702   -0.00265    6.66058    9.51917  290.43390   15.02534 6.5760e-02     0.4306  0.9177227 0.0000e+00
        497 216.674109    0.03444     2.0662    123.970     55.526  49370.261    31.2084     8.6721     55.000     8.6558    24.2008     6.5765     9.3989     98.702    286.768    293.707   -0.00247    6.66301    9.52235  290.53922   15.02991 6.5133e-02     0.4227  0.9130385 0.0000e+00
