CTD-processing/allCTD/CNV/2012_07-30_t7_s16_cast066_4141.cnv
* Sea-Bird SBE19plus Data File:
* FileName = C:\Documents and Settings\kris.holderied.local\My Documents\2012-07-EVOS-CookInlet-Ocean\2012-07-CookInlet-Tran7-Augustine\2012-07-30-CookInlet-Tran7-cast066.hex
* Software Version 1.54
* Temperature SN =  4141
* Conductivity SN =  4141
* System UpLoad Time = Jul 31 2012 07:53:34
** Cook Inlet LTM Transect 7 -partial, East to West
** Date:  2012-07-30
** Station:  7-16
** Start time (AKDT-24 hr): 0858
** Depth (m): 83.2
** Comment: None
# nquan = 27
# nvalues = 79                          
# units = specified
# name 0 = scan: Scan Count
# name 1 = timeJ: Julian Days
# name 2 = timeH: Time, Elapsed [hours]
# name 3 = timeM: Time, Elapsed [minutes]
# name 4 = timeS: Time, Elapsed [seconds]
# name 5 = prdM: Pressure, Strain Gauge [db]
# name 6 = specc: Specific Conductance [uS/cm]
# name 7 = sal00: Salinity, Practical [PSU]
# name 8 = tv290C: Temperature [ITS-90, deg C]
# name 9 = depSM: Depth [salt water, m], lat = 59.00
# name 10 = potemp090C: Potential Temperature [ITS-90, deg C]
# name 11 = sigma-é00: Density [sigma-theta, kg/m^3]
# name 12 = sbeox0ML/L: Oxygen, SBE 43 [ml/l]
# name 13 = sbeox0Mg/L: Oxygen, SBE 43 [mg/l]
# name 14 = sbeox0PS: Oxygen, SBE 43 [% saturation]
# name 15 = sbox0Mm/Kg: Oxygen, SBE 43 [umol/kg]
# name 16 = sbeox0Mm/L: Oxygen, SBE 43 [umol/l]
# name 17 = sbox0dV/dT: Oxygen, SBE 43 [dov/dt]
# name 18 = oxsolML/L: Oxygen Saturation, Garcia & Gordon [ml/l]
# name 19 = oxsolMg/L: Oxygen Saturation, Garcia & Gordon [mg/l]
# name 20 = oxsolMm/Kg: Oxygen Saturation, Garcia & Gordon [umol/kg]
# name 21 = n2satMg/L: Nitrogen Saturation [mg/l]
# name 22 = par: PAR/Irradiance, Biospherical/Licor
# name 23 = wetStar: Fluorescence, WET Labs WETstar [mg/m^3]
# name 24 = CStarAt0: Beam Attenuation, WET Labs C-Star [1/m]
# name 25 = CStarTr0: Beam Transmission, WET Labs C-Star [%]
# name 26 = flag: flag
# span 0 =         26,        619       
# span 1 = 212.373728, 212.375447       
# span 2 =    0.00170,    0.04295       
# span 3 =     0.1022,     2.5767       
# span 4 =      6.134,    154.602       
# span 5 =      1.010,     79.755       
# span 6 =  48888.884,  49243.422       
# span 7 =    30.9970,    31.1891       
# span 8 =     9.2184,     9.2825       
# span 9 =      1.000,     79.000       
# span 10 =     9.2140,     9.2465      
# span 11 =    23.9422,    24.1025      
# span 12 =     5.9395,     6.6035      
# span 13 =     8.4881,     9.4370      
# span 14 =     90.249,    100.314      
# span 15 =    259.017,    287.973      
# span 16 =    265.256,    294.912      
# span 17 =   -0.00432,    0.04922      
# span 18 =    6.58120,    6.58337      
# span 19 =    9.40520,    9.40829      
# span 20 =  287.00363,  287.12136      
# span 21 =   14.86075,   14.86711      
# span 22 = 4.1403e-02, 1.9592e+01      
# span 23 =     0.1868,     4.1331      
# span 24 =     0.3144,     8.0001      
# span 25 =    22.8586,    92.4413      
# span 26 = 0.0000e+00, 0.0000e+00      
# interval = meters: 1                  
# start_time = Jul 30 2012 08:58:04 [Instrument's time stamp, header]
# bad_flag = -9.990e-29
*END*
[from data line 54]
        504 212.375113    0.03494     2.0964    125.786     55.520  49228.399    31.1867     9.2205     55.000     9.2145    24.1006     6.5149     9.3103     98.963    284.107    290.954   -0.00105    6.58312    9.40794  287.08325   14.86451 4.3897e-02     3.5584     0.3452    91.7315 0.0000e+00
        507 212.375122    0.03515     2.1087    126.520     56.523  49230.294    31.1876     9.2203     56.000     9.2146    24.1013     6.5191     9.3164     99.028    284.292    291.144   -0.00032    6.58311    9.40793  287.08280   14.86449 4.3332e-02     3.3410     0.3394    91.8649 0.0000e+00
        514 212.375140    0.03560     2.1359    128.154     57.542  49230.032    31.1870     9.2208     57.000     9.2148    24.1009     6.5156     9.3114     98.975    284.138    290.986   -0.00058    6.58307    9.40787  287.08121   14.86442 4.2961e-02     3.2910     0.3435    91.7720 0.0000e+00
        522 212.375165    0.03618     2.1709    130.254     58.566  49230.771    31.1871     9.2208     58.000     9.2147    24.1010     6.5130     9.3078     98.937    284.029    290.874   -0.00045    6.58307    9.40786  287.08101   14.86441 4.2742e-02     2.9723     0.3391    91.8723 0.0000e+00
        526 212.375175    0.03643     2.1855    131.131     59.563  49230.518    31.1865     9.2209     59.000     9.2146    24.1005     6.5105     9.3042     98.897    283.916    290.759   -0.00052    6.58308    9.40787  287.08122   14.86442 4.2486e-02     2.8094     0.3470    91.6908 0.0000e+00
        529 212.375185    0.03667     2.2003    132.016     60.566  49231.804    31.1870     9.2207     60.000     9.2144    24.1009     6.5056     9.2971     98.822    283.699    290.537   -0.00134    6.58308    9.40787  287.08120   14.86442 4.2371e-02     3.2572     0.3425    91.7952 0.0000e+00
        534 212.375201    0.03704     2.2226    133.357     61.588  49232.663    31.1871     9.2207     61.000     9.2142    24.1011     6.5117     9.3058     98.915    283.968    290.812   -0.00017    6.58309    9.40789  287.08175   14.86445 4.2109e-02     3.2940     0.3408    91.8340 0.0000e+00
        539 212.375215    0.03738     2.2426    134.554     62.601  49232.491    31.1865     9.2206     62.000     9.2142    24.1006     6.5182     9.3152     99.014    284.253    291.104    0.00071    6.58312    9.40794  287.08326   14.86452 4.2025e-02     2.9712     0.3328    92.0163 0.0000e+00
        543 212.375226    0.03764     2.2581    135.485     63.593  49233.260    31.1867     9.2208     63.000     9.2143    24.1007     6.5198     9.3175     99.039    284.322    291.174    0.00073    6.58307    9.40787  287.08129   14.86442 4.1867e-02     3.2476     0.3461    91.7109 0.0000e+00
        550 212.375247    0.03815     2.2893    137.359     64.628  49234.755    31.1874     9.2212     64.000     9.2147    24.1012     6.5191     9.3164     99.028    284.288    291.140    0.00008    6.58299    9.40775  287.07746   14.86424 4.1789e-02     3.2731     0.3258    92.1767 0.0000e+00
        555 212.375259    0.03845     2.3070    138.418     65.648  49236.269    31.1881     9.2217     65.000     9.2154    24.1016     6.5248     9.3246     99.117    284.538    291.396    0.00076    6.58290    9.40762  287.07329   14.86403 4.1969e-02     3.1780     0.3441    91.7575 0.0000e+00
        557 212.375265    0.03858     2.3150    138.902     66.634  49236.971    31.1882     9.2223     66.000     9.2154    24.1018     6.5276     9.3287     99.163    284.665    291.525    0.00098    6.58280    9.40748  287.06902   14.86383 4.1538e-02     2.8632     0.3542    91.5256 0.0000e+00
        559 212.375271    0.03872     2.3233    139.399     67.617  49237.537    31.1882     9.2225     67.000     9.2153    24.1016     6.5267     9.3272     99.146    284.620    291.479    0.00081    6.58278    9.40746  287.06816   14.86380 4.1706e-02     3.4696     0.3669    91.2370 0.0000e+00
        565 212.375291    0.03919     2.3514    141.086     68.647  49237.051    31.1874     9.2225     68.000     9.2153    24.1011     6.5177     9.3144     99.011    284.229    291.078   -0.00077    6.58280    9.40748  287.06933   14.86385 4.1435e-02     2.8745     0.3449    91.7393 0.0000e+00
        574 212.375315    0.03978     2.3869    143.217     69.676  49236.759    31.1868     9.2223     69.000     9.2147    24.1006     6.5061     9.2979     98.834    283.726    290.564   -0.00194    6.58287    9.40757  287.07209   14.86399 4.1411e-02     3.0661     0.3399    91.8544 0.0000e+00
        576 212.375321    0.03992     2.3954    143.726     70.662  49237.510    31.1867     9.2219     70.000     9.2143    24.1008     6.5052     9.2966     98.820    283.687    290.523   -0.00181    6.58292    9.40766  287.07446   14.86410 4.1624e-02     3.2428     0.3541    91.5295 0.0000e+00
        579 212.375331    0.04017     2.4099    144.591     71.672  49238.870    31.1872     9.2217     71.000     9.2142    24.1012     6.5138     9.3089     98.950    284.060    290.906   -0.00045    6.58293    9.40766  287.07479   14.86411 4.1482e-02     3.0452     0.3419    91.8076 0.0000e+00
        585 212.375347    0.04055     2.4331    145.984     72.691  49239.367    31.1872     9.2218     72.000     9.2143    24.1011     6.5088     9.3017     98.874    283.841    290.682   -0.00077    6.58291    9.40764  287.07425   14.86409 4.1455e-02     3.0699     0.3427    91.7900 0.0000e+00
        591 212.375365    0.04097     2.4582    147.494     73.707  49239.994    31.1872     9.2220     73.000     9.2143    24.1012     6.5038     9.2946     98.800    283.626    290.462   -0.00120    6.58288    9.40759  287.07266   14.86401 4.1439e-02     3.4662     0.3442    91.7534 0.0000e+00
        595 212.375377    0.04128     2.4771    148.624     74.712  49241.897    31.1881     9.2220     74.000     9.2143    24.1019     6.5183     9.3152     99.019    284.254    291.105    0.00089    6.58284    9.40754  287.07059   14.86391 4.1440e-02     3.4882     0.3491    91.6423 0.0000e+00
        600 212.375390    0.04159     2.4954    149.724     75.720  49241.339    31.1873     9.2222     75.000     9.2143    24.1012     6.5194     9.3170     99.037    284.306    291.159    0.00104    6.58285    9.40755  287.07124   14.86395 4.1408e-02     3.2573     0.3450    91.7360 0.0000e+00
        605 212.375404    0.04192     2.5153    150.919     76.731  49241.568    31.1871     9.2221     76.000     9.2140    24.1010     6.5102     9.3037     98.897    283.903    290.746   -0.00085    6.58288    9.40759  287.07248   14.86400 4.1403e-02     2.7447     0.3409    91.8298 0.0000e+00
        610 212.375418    0.04226     2.5357    152.140     77.745  49242.381    31.1872     9.2221     77.000     9.2141    24.1012     6.5138     9.3090     98.952    284.063    290.909   -0.00025    6.58287    9.40758  287.07220   14.86399 4.1477e-02     3.2731     0.3333    92.0058 0.0000e+00
        614 212.375430    0.04256     2.5534    153.206     78.750  49242.362    31.1868     9.2223     78.000     9.2142    24.1008     6.5173     9.3140     99.006    284.217    291.067    0.00046    6.58285    9.40755  287.07153   14.86396 4.1403e-02     2.9666     0.3348    91.9714 0.0000e+00
        619 212.375447    0.04295     2.5767    154.602     79.755  49243.422    31.1872     9.2224     79.000     9.2141    24.1011     6.5121     9.3064     98.925    283.984    290.828   -0.00062    6.58283    9.40752  287.07046   14.86391 4.1494e-02     2.8976     0.3426    91.7914 0.0000e+00
