CTD-processing/allCTD/CNV/2012_05-31a_t9_s09a_cast010_4141.cnv
* Sea-Bird SBE19plus Data File:
* FileName = C:\Documents and Settings\kris.holderied.local\My Documents\2012-KBRR-CTD-Kachemak-Bay\2012-KBRR-CTD-cast010.hex
* Software Version 1.54
* Temperature SN =  4141
* Conductivity SN =  4141
* System UpLoad Time = Jul 24 2012 20:06:39
** Kachemak Bay - Homer Spit Line CTD Survey
** Date:  2012-xx-xx   xxxx Tide (x of 2 lines)
** Station: 9-9
** Start time (AKDT-24 hr): 12:57
** Depth (m): 82.9
** Comments: CTD time set wrong by 1 hour
# nquan = 27
# nvalues = 76                          
# units = specified
# name 0 = scan: Scan Count
# name 1 = timeJ: Julian Days
# name 2 = timeH: Time, Elapsed [hours]
# name 3 = timeM: Time, Elapsed [minutes]
# name 4 = timeS: Time, Elapsed [seconds]
# name 5 = prdM: Pressure, Strain Gauge [db]
# name 6 = specc: Specific Conductance [uS/cm]
# name 7 = sal00: Salinity, Practical [PSU]
# name 8 = tv290C: Temperature [ITS-90, deg C]
# name 9 = depSM: Depth [salt water, m], lat = 59.00
# name 10 = potemp090C: Potential Temperature [ITS-90, deg C]
# name 11 = sigma-é00: Density [sigma-theta, kg/m^3]
# name 12 = sbeox0ML/L: Oxygen, SBE 43 [ml/l]
# name 13 = sbeox0Mg/L: Oxygen, SBE 43 [mg/l]
# name 14 = sbeox0PS: Oxygen, SBE 43 [% saturation]
# name 15 = sbox0Mm/Kg: Oxygen, SBE 43 [umol/kg]
# name 16 = sbeox0Mm/L: Oxygen, SBE 43 [umol/l]
# name 17 = sbox0dV/dT: Oxygen, SBE 43 [dov/dt]
# name 18 = oxsolML/L: Oxygen Saturation, Garcia & Gordon [ml/l]
# name 19 = oxsolMg/L: Oxygen Saturation, Garcia & Gordon [mg/l]
# name 20 = oxsolMm/Kg: Oxygen Saturation, Garcia & Gordon [umol/kg]
# name 21 = n2satMg/L: Nitrogen Saturation [mg/l]
# name 22 = par: PAR/Irradiance, Biospherical/Licor
# name 23 = wetStar: Fluorescence, WET Labs WETstar [mg/m^3]
# name 24 = CStarAt0: Beam Attenuation, WET Labs C-Star [1/m]
# name 25 = CStarTr0: Beam Transmission, WET Labs C-Star [%]
# name 26 = flag: flag
# span 0 =        211,        589       
# span 1 = 152.584417, 152.585509       
# span 2 =    0.01460,    0.04082       
# span 3 =     0.8763,     2.4497       
# span 4 =     52.574,    146.982       
# span 5 =      1.024,     76.723       
# span 6 =  47323.568,  51232.948       
# span 7 =    29.7623,    31.7164       
# span 8 =     4.4926,     8.4101       
# span 9 =      1.000,     76.000       
# span 10 =     4.4883,     8.3879      
# span 11 =    23.1092,    25.1267      
# span 12 =     7.0275,     8.0613      
# span 13 =    10.0430,    11.5203      
# span 14 =     96.927,    115.110      
# span 15 =    306.759,    351.371      
# span 16 =    313.849,    360.016      
# span 17 =   -0.05275,    0.02664      
# span 18 =    6.76400,    7.31917      
# span 19 =    9.66644,   10.45983      
# span 20 =  295.24932,  318.86211      
# span 21 =   15.26029,   16.37771      
# span 22 = 4.1369e-02, 2.6801e+02      
# span 23 =     0.1928,     8.1933      
# span 24 =     0.4579,     1.2153      
# span 25 =    74.3002,    89.1820      
# span 26 = 0.0000e+00, 0.0000e+00      
# interval = meters: 1                  
# start_time = May 31 2012 14:00:41 [Instrument's time stamp, header]
# bad_flag = -9.990e-29
*END*
        211 152.584417    0.01460     0.8763     52.574      1.024  47323.568    29.7623     8.3867      1.000     8.3879    23.1092     7.0275    10.0430    103.828    306.759    313.849    0.01462    6.76939    9.67414  295.49309   15.27209 2.6801e+02     1.4106     1.2153    74.3002 0.0000e+00
        339 152.584787    0.02350     1.4098     84.590      2.033  47377.648    29.8024     8.4101      2.000     8.3794    23.1374     7.7572    11.0857    114.682    338.598    346.432    0.02664    6.76400    9.66644  295.24932   15.26029 1.5437e+02     1.7085     1.0192    77.5104 0.0000e+00
        343 152.584796    0.02373     1.4236     85.418      3.030  47488.672    29.8732     8.3680      3.000     8.0812    23.1988     7.7485    11.0734    114.499    338.203    346.049    0.01798    6.76733    9.67119  295.37660   15.26608 1.0136e+02     1.6614     1.0350    77.2011 0.0000e+00
        345 152.584803    0.02390     1.4339     86.032      4.040  47890.376    30.0934     7.9680      4.000     7.6321    23.4274     7.7223    11.0359    113.244    336.983    344.877    0.00490    6.81929    9.74544  297.57786   15.37023 7.3015e+01     1.9309     1.0293    77.3108 0.0000e+00
        348 152.584811    0.02407     1.4438     86.625      5.050  48389.501    30.3838     7.6020      5.000     7.4884    23.7055     7.6894    10.9888    112.034    335.456    343.407   -0.01029    6.86340    9.80849  299.42145   15.45701 5.4956e+01     2.0868     1.0097    77.6924 0.0000e+00
        350 152.584817    0.02423     1.4535     87.208      6.056  48399.871    30.3649     7.4402      6.000     7.1576    23.7122     7.7721    11.1072    112.805    339.064    347.104   -0.00661    6.88981    9.84623  300.57166   15.51195 4.2379e+01     2.8585     1.0023    77.8371 0.0000e+00
        352 152.584824    0.02439     1.4633     87.800      7.064  48685.762    30.5058     7.0934      7.000     6.8129    23.8685     7.9082    11.3015    113.970    344.944    353.178    0.00794    6.93866    9.91604  302.65652   15.61080 3.2553e+01     4.9377     0.9317    79.2243 0.0000e+00
        355 152.584831    0.02455     1.4734     88.404      8.074  49244.622    30.8347     6.7535      8.000     6.6468    24.1710     8.0001    11.4330    114.643    348.854    357.286    0.01585    6.97834    9.97274  304.29718   15.68767 2.5054e+01     6.2733     0.8559    80.7368 0.0000e+00
        357 152.584838    0.02473     1.4837     89.019      9.086  49769.379    31.1773     6.6381      9.000     6.5969    24.4554     8.0114    11.4490    114.755    349.246    357.787    0.01184    6.98129    9.97696  304.34144   15.68837 1.9425e+01     7.3308     0.8113    81.6429 0.0000e+00
        360 152.584846    0.02490     1.4938     89.628     10.098  49918.662    31.2717     6.5903     10.000     6.3799    24.5357     8.0402    11.4902    115.110    350.475    359.074    0.01245    6.98470    9.98182  304.46626   15.69394 1.4671e+01     7.5436     0.8001    81.8709 0.0000e+00
        362 152.584852    0.02506     1.5037     90.220     11.104  50053.636    31.3187     6.3406     11.000     6.1590    24.6037     8.0613    11.5203    114.778    351.371    360.016    0.00913    7.02334   10.03705  306.13041   15.77307 1.1438e+01     7.3081     0.7182    83.5678 0.0000e+00
        364 152.584859    0.02523     1.5136     90.814     12.113  50326.822    31.4684     6.1342     12.000     6.0345    24.7470     8.0601    11.5188    114.323    351.273    359.966    0.00227    7.05035   10.07566  307.26480   15.82652 9.1566e+00     7.9003     0.6336    85.3535 0.0000e+00
        367 152.584866    0.02540     1.5235     91.411     13.123  50469.132    31.5438     6.0168     13.000     5.9524    24.8207     8.0102    11.4473    113.358    349.070    357.734   -0.00644    7.06626   10.09838  307.93576   15.85818 7.4020e+00     8.1933     0.5838    86.4202 0.0000e+00
        369 152.584873    0.02556     1.5335     92.012     14.133  50487.447    31.5408     5.9387     14.000     5.8617    24.8276     7.9172    11.3143    111.833    345.012    353.577   -0.01755    7.07940   10.11718  308.50689   15.88540 6.0223e+00     7.0548     0.5428    87.3093 0.0000e+00
        371 152.584879    0.02572     1.5436     92.614     15.142  50530.103    31.5517     5.8466     15.000     5.7659    24.8471     7.7884    11.1304    109.784    339.397    347.830   -0.03336    7.09425   10.13839  309.14776   15.91589 4.9432e+00     5.5399     0.5300    87.5899 0.0000e+00
        374 152.584887    0.02589     1.5536     93.218     16.151  50473.798    31.4911     5.7395     16.000     5.5984    24.8117     7.6819    10.9781    107.967    334.767    343.073   -0.04439    7.11508   10.16817  310.06640   15.95990 4.0732e+00     5.1235     0.4868    88.5433 0.0000e+00
        376 152.584894    0.02606     1.5638     93.825     17.160  50677.697    31.5961     5.5655     17.000     5.4960    24.9148     7.5893    10.8459    106.302    330.698    338.937   -0.05106    7.13943   10.20297  311.09627   16.00852 3.3747e+00     4.5406     0.4702    88.9101 0.0000e+00
        379 152.584901    0.02623     1.5739     94.437     18.170  50835.046    31.6870     5.4816     18.000     5.4848    24.9963     7.5183    10.7444    105.162    327.580    335.769   -0.05275    7.14931   10.21709  311.50223   16.02748 2.8139e+00     4.3464     0.4761    88.7785 0.0000e+00
        381 152.584908    0.02641     1.5843     95.057     19.181  50833.575    31.6868     5.4880     19.000     5.4869    24.9955     7.4538    10.6522    104.274    324.766    332.884   -0.05063    7.14824   10.21556  311.45555   16.02526 2.3612e+00     3.4407     0.4772    88.7553 0.0000e+00
        384 152.584915    0.02658     1.5946     95.676     20.190  50797.567    31.6612     5.4866     20.000     5.4534    24.9754     7.3940    10.5667    103.417    322.169    330.215   -0.04770    7.14969   10.21762  311.52458   16.02865 1.9719e+00     2.1256     0.4853    88.5735 0.0000e+00
        386 152.584922    0.02675     1.6048     96.291     21.196  50724.207    31.6001     5.4382     21.000     5.3526    24.9325     7.3430    10.4938    102.543    319.960    327.937   -0.04672    7.16083   10.23355  312.02342   16.05266 1.6478e+00     2.0678     0.5032    88.1806 0.0000e+00
        389 152.584930    0.02692     1.6151     96.903     22.263  50726.245    31.5789     5.3319     22.000     5.2028    24.9278     7.3096    10.4461    101.805    318.505    326.444   -0.04447    7.17996   10.26088  312.85810   16.09249 1.3681e+00     2.6487     0.5004    88.2406 0.0000e+00
        390 152.584934    0.02703     1.6218     97.312     23.178  50834.940    31.6313     5.2272     23.000     5.1676    24.9808     7.2631    10.3797    100.941    316.465    324.371   -0.04497    7.19539   10.28294  313.51450   16.12353 1.1627e+00     1.9552     0.4947    88.3659 0.0000e+00
        393 152.584941    0.02719     1.6317     97.902     24.235  50885.748    31.6517     5.1608     24.000     5.1252    25.0044     7.2250    10.3252    100.267    314.797    322.668   -0.04436    7.20580   10.29780  313.96050   16.14469 8.9735e-01     1.7820     0.4933    88.3980 0.0000e+00
        395 152.584948    0.02737     1.6420     98.518     25.238  50914.151    31.6622     5.1205     25.000     5.0979    25.0169     7.2138    10.3092    100.022    314.306    322.168   -0.03907    7.21223   10.30700  314.23687   16.15780 7.7575e-01     1.5751     0.4903    88.4636 0.0000e+00
        398 152.584956    0.02754     1.6522     99.132     26.248  50951.108    31.6820     5.0968     26.000     5.0913    25.0353     7.2256    10.3261    100.142    314.812    322.694   -0.02973    7.21536   10.31146  314.36750   16.16393 7.6844e-01     1.4442     0.4845    88.5936 0.0000e+00
        400 152.584962    0.02771     1.6624     99.742     27.256  50955.004    31.6834     5.0931     27.000     5.0890    25.0368     7.2281    10.3297    100.169    314.922    322.807   -0.02385    7.21593   10.31227  314.39167   16.16508 5.9767e-01     0.9991     0.4843    88.5977 0.0000e+00
        402 152.584969    0.02788     1.6726    100.356     28.268  50952.695    31.6807     5.0904     28.000     5.0846    25.0350     7.2324    10.3358    100.219    315.109    322.997   -0.01896    7.21653   10.31313  314.41845   16.16637 4.8999e-01     0.9883     0.4841    88.6021 0.0000e+00
        405 152.584977    0.02805     1.6827    100.965     29.276  50946.412    31.6749     5.0859     29.000     5.0760    25.0309     7.2409    10.3480    100.323    315.483    323.380   -0.01439    7.21758   10.31464  314.46573   16.16863 4.1010e-01     1.0235     0.4833    88.6187 0.0000e+00
        407 152.584984    0.02821     1.6929    101.577     30.286  50942.727    31.6697     5.0754     30.000     5.0649    25.0278     7.2450    10.3539    100.352    315.662    323.562   -0.01119    7.21963   10.31758  314.55618   16.17297 3.4319e-01     1.0268     0.4776    88.7458 0.0000e+00
        410 152.584990    0.02838     1.7031    102.184     31.294  50952.806    31.6740     5.0652     31.000     5.0638    25.0323     7.2468    10.3564    100.354    315.738    323.641   -0.00910    7.22118   10.31979  314.62213   16.17609 2.8797e-01     0.9080     0.4737    88.8335 0.0000e+00
        412 152.584998    0.02855     1.7132    102.794     32.303  50971.048    31.6866     5.0683     32.000     5.0726    25.0421     7.2501    10.3612    100.417    315.880    323.790   -0.00713    7.22004   10.31816  314.56982   16.17355 2.4600e-01     0.8084     0.4619    89.0960 0.0000e+00
        415 152.585005    0.02873     1.7235    103.412     33.314  50958.422    31.6790     5.0758     33.000     5.0765    25.0353     7.2593    10.3743    100.558    316.285    324.202   -0.00452    7.21911   10.31681  314.53072   16.17172 2.1284e-01     0.6647     0.4659    89.0040 0.0000e+00
        417 152.585012    0.02890     1.7338    104.030     34.324  50960.890    31.6811     5.0801     34.000     5.0805    25.0365     7.2618    10.3778    100.603    316.390    324.311   -0.00303    7.21827   10.31564  314.49428   16.16997 1.8258e-01     0.8502     0.4688    88.9418 0.0000e+00
        420 152.585019    0.02907     1.7442    104.651     35.334  50943.935    31.6696     5.0833     35.000     5.0648    25.0271     7.2628    10.3795    100.619    316.443    324.362   -0.00252    7.21827   10.31563  314.49711   16.17016 1.5762e-01     0.7090     0.4698    88.9186 0.0000e+00
        422 152.585026    0.02925     1.7545    105.270     36.343  50912.663    31.6422     5.0581     36.000     5.0350    25.0082     7.2614    10.3772    100.518    316.381    324.293   -0.00277    7.22396   10.32376  314.75077   16.18235 1.3708e-01     0.8245     0.4635    89.0574 0.0000e+00
        425 152.585034    0.02941     1.7648    105.886     37.352  50975.125    31.6802     5.0374     37.000     5.0381    25.0405     7.2567    10.3705    100.428    316.167    324.084   -0.00321    7.22569   10.32624  314.81651   16.18532 1.2085e-01     0.7698     0.4649    89.0281 0.0000e+00
        427 152.585041    0.02958     1.7752    106.511     38.362  50965.270    31.6738     5.0409     38.000     5.0381    25.0349     7.2536    10.3661    100.391    316.034    323.946   -0.00325    7.22540   10.32583  314.80543   16.18481 1.0644e-01     0.6326     0.4666    88.9894 0.0000e+00
        430 152.585048    0.02976     1.7856    107.138     39.373  50973.743    31.6791     5.0410     39.000     5.0428    25.0392     7.2509    10.3622    100.355    315.913    323.823   -0.00283    7.22513   10.32543  314.79210   16.18416 9.3156e-02     0.5997     0.4640    89.0468 0.0000e+00
        432 152.585055    0.02993     1.7960    107.757     40.380  50992.421    31.6934     5.0501     40.000     5.0543    25.0495     7.2462    10.3555    100.323    315.707    323.615   -0.00276    7.22285   10.32219  314.68983   16.17923 8.4744e-02     0.8046     0.4725    88.8596 0.0000e+00
        435 152.585063    0.03011     1.8065    108.391     41.390  50926.261    31.6488     5.0564     41.000     5.0307    25.0136     7.2503    10.3613    100.365    315.895    323.798   -0.00219    7.22393   10.32372  314.74766   16.18217 7.5642e-02     0.6487     0.4813    88.6615 0.0000e+00
        437 152.585070    0.03029     1.8173    109.041     42.402  50947.766    31.6576     5.0306     42.000     5.0086    25.0233     7.2542    10.3670    100.364    316.065    323.975   -0.00160    7.22798   10.32950  314.92095   16.19038 9.0245e-02     0.7042     0.4719    88.8713 0.0000e+00
        440 152.585077    0.03047     1.8281    109.686     43.410  50948.724    31.6517     5.0030     43.000     4.9766    25.0216     7.2507    10.3620    100.245    315.914    323.819   -0.00221    7.23302   10.33671  315.14122   16.20089 6.3786e-02     0.6581     0.4704    88.9057 0.0000e+00
        442 152.585085    0.03064     1.8389    110.332     44.421  50955.263    31.6490     4.9723     44.000     4.9482    25.0229     7.2442    10.3526    100.077    315.624    323.521   -0.00340    7.23850   10.34453  315.37926   16.21223 5.7339e-02     0.7229     0.4640    89.0485 0.0000e+00
        445 152.585092    0.03082     1.8494    110.965     45.430  51000.737    31.6749     4.9498     45.000     4.9479    25.0457     7.2362    10.3413     99.932    315.272    323.169   -0.00425    7.24113   10.34829  315.48698   16.21726 5.5885e-02     0.5710     0.4619    89.0949 0.0000e+00
        447 152.585099    0.03100     1.8599    111.594     46.442  51008.079    31.6803     4.9534     46.000     4.9549    25.0496     7.2337    10.3376     99.909    315.157    323.052   -0.00396    7.24022   10.34700  315.44653   16.21531 5.4138e-02     0.5525     0.4579    89.1820 0.0000e+00
        450 152.585107    0.03117     1.8703    112.218     47.449  51000.939    31.6760     4.9589     47.000     4.9565    25.0456     7.2326    10.3361     99.905    315.115    323.007   -0.00327    7.23949   10.34596  315.41572   16.21386 5.2109e-02     0.5847     0.4591    89.1560 0.0000e+00
        452 152.585114    0.03135     1.8808    112.850     48.459  50995.211    31.6718     4.9599     48.000     4.9544    25.0422     7.2318    10.3350     99.893    315.082    322.972   -0.00273    7.23952   10.34600  315.41811   16.21399 5.0141e-02     0.5803     0.4673    88.9729 0.0000e+00
        455 152.585121    0.03153     1.8914    113.484     49.469  50997.627    31.6724     4.9576     49.000     4.9531    25.0430     7.2335    10.3373     99.911    315.154    323.046   -0.00227    7.23990   10.34654  315.43450   16.21476 4.9258e-02     0.4746     0.4823    88.6404 0.0000e+00
        457 152.585128    0.03170     1.9020    114.118     50.478  50999.934    31.6733     4.9566     50.000     4.9531    25.0438     7.2334    10.3372     99.908    315.150    323.042   -0.00188    7.24002   10.34671  315.43936   16.21500 4.8409e-02     0.5058     0.4846    88.5898 0.0000e+00
        460 152.585136    0.03188     1.9126    114.756     51.488  51003.571    31.6755     4.9570     51.000     4.9545    25.0454     7.2291    10.3311     99.852    314.963    322.852   -0.00201    7.23983   10.34645  315.43083   16.21458 4.7221e-02     0.5981     0.4889    88.4945 0.0000e+00
        463 152.585144    0.03205     1.9233    115.397     52.496  51002.000    31.6742     4.9586     52.000     4.9547    25.0443     7.2264    10.3272     99.816    314.844    322.728   -0.00215    7.23963   10.34617  315.42267   16.21421 4.5552e-02     0.5815     0.4927    88.4122 0.0000e+00
        465 152.585151    0.03223     1.9340    116.041     53.507  51001.255    31.6732     4.9584     53.000     4.9535    25.0434     7.2244    10.3244     99.788    314.757    322.640   -0.00204    7.23972   10.34628  315.42647   16.21438 4.5247e-02     0.5288     0.4983    88.2864 0.0000e+00
