CTD-processing/allCTD/CNV/2012_05-03_t6_s19_cast063_5028.cnv
* Sea-Bird SBE19plus Data File:
* FileName = C:\Documents and Settings\glenn.seaman\My Documents\KHolderied-files\CTD-DATA-FILES\2012-05-LTM-LowerCookInlet-CTD\Transect6-2012-05-Douglas\2012-05-03-04-LTM-Tran6-cast063.hex
* Software Version 1.59
* Temperature SN =  5028
* Conductivity SN =  5028
* System UpLoad Time = May 31 2012 02:48:14
** LTM Transect6- Pt Adam to Cape Douglas
** Date: 05-03
** Station: 6-19
** Start time (AKDT-24hr): 22:54
** Depth (m): 180
** check sta no, add time/z from log
# nquan = 26
# nvalues = 165                         
# units = specified
# name 0 = scan: Scan Count
# name 1 = timeJ: Julian Days
# name 2 = timeH: Time, Elapsed [hours]
# name 3 = timeM: Time, Elapsed [minutes]
# name 4 = timeS: Time, Elapsed [seconds]
# name 5 = prdM: Pressure, Strain Gauge [db]
# name 6 = specc: Specific Conductance [uS/cm]
# name 7 = sal00: Salinity, Practical [PSU]
# name 8 = tv290C: Temperature [ITS-90, deg C]
# name 9 = depSM: Depth [salt water, m], lat = 59.00
# name 10 = potemp090C: Potential Temperature [ITS-90, deg C]
# name 11 = sigma-é00: Density [sigma-theta, kg/m^3]
# name 12 = sbeox0ML/L: Oxygen, SBE 43 [ml/l]
# name 13 = sbeox0Mg/L: Oxygen, SBE 43 [mg/l]
# name 14 = sbeox0PS: Oxygen, SBE 43 [% saturation]
# name 15 = sbox0Mm/Kg: Oxygen, SBE 43 [umol/kg]
# name 16 = sbeox0Mm/L: Oxygen, SBE 43 [umol/l]
# name 17 = sbox0dV/dT: Oxygen, SBE 43 [dov/dt]
# name 18 = oxsolML/L: Oxygen Saturation, Garcia & Gordon [ml/l]
# name 19 = oxsolMg/L: Oxygen Saturation, Garcia & Gordon [mg/l]
# name 20 = oxsolMm/Kg: Oxygen Saturation, Garcia & Gordon [umol/kg]
# name 21 = n2satMg/L: Nitrogen Saturation [mg/l]
# name 22 = par: PAR/Irradiance, Biospherical/Licor [umol photons/m^2/sec]
# name 23 = flECO-AFL: Fluorescence, WET Labs ECO-AFL/FL [mg/m^3]
# name 24 = upoly0: Upoly 0, ECO-FLNTUS
# name 25 = flag: flag
# span 0 =        112,       1121       
# span 1 = 124.955147, 124.958067       
# span 2 =    0.00770,    0.07778       
# span 3 =     0.4623,     4.6667       
# span 4 =     27.737,    280.000       
# span 5 =      1.009,    166.625       
# span 6 =  39876.484,  52348.609       
# span 7 =    24.6368,    32.4706       
# span 8 =     4.5020,     4.8691       
# span 9 =      1.000,    165.000       
# span 10 =     4.5909,     4.8621      
# span 11 =    19.5018,    25.7103      
# span 12 =     6.2958,     7.5115      
# span 13 =     9.1806,    10.7318      
# span 14 =     83.430,    103.415      
# span 15 =    275.378,    327.188      
# span 16 =    281.169,    335.465      
# span 17 =   -0.00877,    0.01186      
# span 18 =    7.22916,    7.56437      
# span 19 =   10.33133,   11.01580      
# span 20 =  314.82898,  330.94750      
# span 21 =   16.18399,   17.31669      
# span 22 = 3.7490e-02, 2.2123e-01      
# span 23 =     0.2151,     2.0811      
# span 24 =  0.2873193,  7.2205634      
# span 25 = 0.0000e+00, 0.0000e+00      
# interval = meters: 1                  
# start_time = May 03 2012 22:54:57 [Instrument's time stamp, header]
# bad_flag = -9.990e-29
*END*
[from data line 56]
        575 124.956486    0.03984     2.3906    143.439     57.546  51631.839    32.0736     4.8197     57.000     4.8205    25.3757     7.4704    10.6749    103.122    325.373    333.630   -0.00045    7.24430   10.35291  315.52320   16.21751 3.7490e-02     1.2051  0.4697010 0.0000e+00
        581 124.956503    0.04025     2.4148    144.886     58.555  51651.975    32.0898     4.8324     58.000     4.8316    25.3872     7.4642    10.6660    103.082    325.099    333.353   -0.00049    7.24106   10.34863  315.37903   16.21107 3.7490e-02     1.2293  0.4705814 0.0000e+00
        585 124.956517    0.04059     2.4352    146.111     59.565  51666.830    32.1012     4.8399     59.000     4.8378    25.3955     7.4558    10.6559    102.991    324.729    332.975   -0.00072    7.23929   10.34598  315.29939   16.20706 3.7490e-02     1.2677  0.4755669 0.0000e+00
        590 124.956530    0.04089     2.4535    147.213     60.575  51680.886    32.1114     4.8443     60.000     4.8418    25.4030     7.4520    10.6485    102.955    324.561    332.806   -0.00075    7.23812   10.34419  315.24621   16.20430 3.7490e-02     1.2586  0.4658271 0.0000e+00
        595 124.956544    0.04123     2.4740    148.439     61.584  51694.206    32.1210     4.8485     61.000     4.8456    25.4102     7.4436    10.6375    102.856    324.194    332.432   -0.00094    7.23694   10.34248  315.19238   16.20169 3.7490e-02     1.2249  0.4609508 0.0000e+00
        600 124.956559    0.04158     2.4947    149.682     62.594  51705.774    32.1291     4.8517     62.000     4.8481    25.4163     7.4346    10.6260    102.746    323.799    332.029   -0.00114    7.23589   10.34111  315.14489   16.19957 3.7490e-02     1.1985  0.4531670 0.0000e+00
        604 124.956572    0.04191     2.5145    150.873     63.604  51713.162    32.1341     4.8534     63.000     4.8490    25.4201     7.4294    10.6177    102.682    323.575    331.801   -0.00115    7.23543   10.34036  315.12338   16.19841 3.7490e-02     1.1442  0.4458743 0.0000e+00
        609 124.956586    0.04223     2.5337    152.020     64.614  51717.771    32.1368     4.8537     64.000     4.8492    25.4222     7.4216    10.6098    102.574    323.232    331.450   -0.00133    7.23537   10.34009  315.12038   16.19797 3.7490e-02     1.1264  0.4520056 0.0000e+00
        614 124.956599    0.04254     2.5522    153.133     65.624  51721.622    32.1390     4.8541     65.000     4.8498    25.4240     7.4230    10.6090    102.596    323.293    331.512   -0.00107    7.23526   10.33984  315.11516   16.19757 3.7490e-02     1.1402  0.4530656 0.0000e+00
        618 124.956612    0.04285     2.5710    154.258     66.634  51725.447    32.1414     4.8550     66.000     4.8507    25.4257     7.4235    10.6095    102.606    323.313    331.534   -0.00088    7.23498   10.33945  315.10237   16.19698 3.7490e-02     1.1517  0.4463633 0.0000e+00
        622 124.956624    0.04315     2.5892    155.350     67.644  51729.513    32.1439     4.8562     67.000     4.8519    25.4276     7.4262    10.6111    102.647    323.428    331.653   -0.00063    7.23465   10.33899  315.08779   16.19627 3.7490e-02     1.1387  0.4461044 0.0000e+00
        627 124.956637    0.04344     2.6066    156.398     68.653  51734.189    32.1469     4.8575     68.000     4.8532    25.4299     7.4261    10.6103    102.652    323.424    331.649   -0.00054    7.23423   10.33846  315.06860   16.19545 3.7490e-02     1.0562  0.4403222 0.0000e+00
        631 124.956649    0.04375     2.6248    157.490     69.663  51739.626    32.1504     4.8586     69.000     4.8540    25.4325     7.4214    10.6054    102.592    323.219    331.439   -0.00067    7.23387   10.33793  315.05228   16.19464 3.7490e-02     1.0161  0.4320782 0.0000e+00
        635 124.956662    0.04406     2.6436    158.615     70.673  51747.550    32.1555     4.8594     70.000     4.8545    25.4365     7.4184    10.6002    102.557    323.088    331.306   -0.00070    7.23346   10.33740  315.03269   16.19379 3.7490e-02     1.0584  0.4281410 0.0000e+00
        640 124.956675    0.04436     2.6618    159.709     71.683  51754.587    32.1600     4.8598     71.000     4.8547    25.4400     7.4123    10.5927    102.477    322.819    331.032   -0.00085    7.23315   10.33698  315.01823   16.19311 3.7490e-02     1.0991  0.4403496 0.0000e+00
        644 124.956687    0.04466     2.6797    160.783     72.692  51760.207    32.1633     4.8599     72.000     4.8546    25.4427     7.4039    10.5847    102.363    322.457    330.661   -0.00112    7.23309   10.33673  315.01488   16.19270 3.7490e-02     1.0631  0.4564276 0.0000e+00
        648 124.956700    0.04496     2.6978    161.866     73.702  51768.455    32.1685     4.8599     73.000     4.8548    25.4468     7.4048    10.5836    102.377    322.492    330.699   -0.00092    7.23284   10.33636  315.00288   16.19207 3.7490e-02     1.0663  0.4385221 0.0000e+00
        653 124.956712    0.04525     2.7146    162.876     74.712  51777.933    32.1746     4.8603     74.000     4.8552    25.4516     7.4089    10.5853    102.441    322.669    330.882   -0.00061    7.23233   10.33583  314.97892   16.19122 3.7490e-02     1.0354  0.4398344 0.0000e+00
        656 124.956723    0.04551     2.7304    163.824     75.722  51782.908    32.1776     4.8608     75.000     4.8555    25.4539     7.4082    10.5827    102.435    322.637    330.849   -0.00055    7.23209   10.33550  314.96786   16.19070 3.7490e-02     1.0114  0.4533046 0.0000e+00
        660 124.956734    0.04577     2.7466    164.798     76.731  51785.495    32.1790     4.8612     76.000     4.8557    25.4550     7.3974    10.5734    102.286    322.164    330.364   -0.00097    7.23202   10.33533  314.96445   16.19042 3.7490e-02     1.0258  0.4537842 0.0000e+00
        664 124.956746    0.04605     2.7632    165.793     77.741  51787.473    32.1799     4.8614     77.000     4.8558    25.4557     7.3903    10.5671    102.189    321.857    330.049   -0.00119    7.23198   10.33521  314.96266   16.19024 3.7490e-02     1.0641  0.4484720 0.0000e+00
        668 124.956756    0.04632     2.7793    166.760     78.751  51789.600    32.1809     4.8616     78.000     4.8560    25.4565     7.3943    10.5692    102.246    322.034    330.231   -0.00088    7.23190   10.33509  314.95918   16.19004 3.7490e-02     1.0707  0.4587817 0.0000e+00
        672 124.956767    0.04658     2.7949    167.691     79.761  51792.276    32.1823     4.8618     79.000     4.8562    25.4576     7.4002    10.5742    102.329    322.289    330.494   -0.00050    7.23180   10.33493  314.95429   16.18979 3.7490e-02     1.0180  0.4690273 0.0000e+00
        676 124.956779    0.04685     2.8110    168.660     80.771  51796.670    32.1848     4.8620     80.000     4.8561    25.4596     7.4023    10.5767    102.360    322.377    330.585   -0.00036    7.23163   10.33471  314.94632   16.18944 3.7490e-02     0.9944  0.4576369 0.0000e+00
        680 124.956791    0.04714     2.8287    169.720     81.781  51802.876    32.1886     4.8618     81.000     4.8559    25.4626     7.4017    10.5767    102.355    322.354    330.562   -0.00035    7.23143   10.33448  314.93640   16.18904 3.7490e-02     1.0131  0.4606437 0.0000e+00
        685 124.956805    0.04747     2.8485    170.911     82.790  51807.791    32.1914     4.8617     82.000     4.8558    25.4648     7.4005    10.5751    102.340    322.301    330.508   -0.00037    7.23134   10.33432  314.93201   16.18876 3.7490e-02     1.0117  0.4444458 0.0000e+00
        690 124.956819    0.04783     2.8699    172.195     83.800  51810.958    32.1931     4.8619     83.000     4.8560    25.4661     7.3985    10.5713    102.313    322.213    330.418   -0.00041    7.23125   10.33416  314.92772   16.18851 3.7490e-02     1.0380  0.4335650 0.0000e+00
        695 124.956833    0.04817     2.8902    173.414     84.810  51813.431    32.1944     4.8623     84.000     4.8565    25.4671     7.3922    10.5634    102.227    321.938    330.137   -0.00063    7.23114   10.33396  314.92243   16.18820 3.7490e-02     1.0462  0.4374061 0.0000e+00
        699 124.956847    0.04850     2.9101    174.608     85.820  51816.174    32.1960     4.8631     85.000     4.8574    25.4683     7.3843    10.5540    102.121    321.591    329.781   -0.00090    7.23092   10.33366  314.91274   16.18773 3.7490e-02     0.9982  0.4330770 0.0000e+00
        704 124.956861    0.04883     2.9300    175.798     86.830  51818.642    32.1975     4.8644     86.000     4.8587    25.4694     7.3793    10.5468    102.057    321.375    329.560   -0.00096    7.23058   10.33324  314.89749   16.18711 3.7490e-02     0.9791  0.4281252 0.0000e+00
        709 124.956874    0.04914     2.9485    176.909     87.840  51820.043    32.1982     4.8656     87.000     4.8597    25.4698     7.3757    10.5419    102.010    321.215    329.396   -0.00097    7.23031   10.33288  314.88544   16.18658 3.7490e-02     1.0003  0.4408715 0.0000e+00
        713 124.956887    0.04944     2.9667    178.000     88.849  51821.236    32.1988     4.8665     88.000     4.8605    25.4701     7.3732    10.5395    101.979    321.108    329.287   -0.00095    7.23014   10.33262  314.87778   16.18619 3.7490e-02     1.0065  0.4729710 0.0000e+00
        717 124.956899    0.04975     2.9852    179.114     89.859  51822.287    32.1991     4.8673     89.000     4.8611    25.4704     7.3741    10.5410    101.993    321.147    329.327   -0.00077    7.22999   10.33241  314.87136   16.18588 3.7490e-02     1.0152  0.4805777 0.0000e+00
        722 124.956912    0.05005     3.0028    180.167     90.869  51823.127    32.1993     4.8678     90.000     4.8615    25.4705     7.3805    10.5469    102.083    321.426    329.613   -0.00042    7.22989   10.33226  314.86690   16.18566 3.7490e-02     1.0128  0.4426555 0.0000e+00
        726 124.956923    0.05033     3.0197    181.182     91.880  51823.812    32.1994     4.8682     91.000     4.8617    25.4705     7.3855    10.5519    102.154    321.646    329.839   -0.00013    7.22983   10.33217  314.86449   16.18553 3.7490e-02     0.9825  0.4222191 0.0000e+00
        730 124.956937    0.05064     3.0385    182.308     92.889  51824.615    32.1995     4.8684     92.000     4.8618    25.4705     7.3854    10.5523    102.153    321.641    329.833   -0.00016    7.22979   10.33210  314.86274   16.18543 3.7490e-02     1.0277  0.4319910 0.0000e+00
        735 124.956950    0.05096     3.0579    183.475     93.899  51825.766    32.1998     4.8686     93.000     4.8619    25.4708     7.3819    10.5489    102.105    321.488    329.677   -0.00031    7.22975   10.33204  314.86061   16.18533 3.7490e-02     1.0743  0.4249405 0.0000e+00
        740 124.956964    0.05130     3.0777    184.661     94.909  51826.933    32.2001     4.8686     94.000     4.8618    25.4711     7.3773    10.5442    102.042    321.289    329.473   -0.00048    7.22973   10.33200  314.85978   16.18527 3.7490e-02     1.0269  0.4196645 0.0000e+00
        745 124.956978    0.05164     3.0980    185.877     95.919  51828.047    32.2004     4.8687     95.000     4.8619    25.4713     7.3735    10.5413    101.988    321.119    329.299   -0.00063    7.22971   10.33196  314.85888   16.18522 3.7490e-02     1.0159  0.4210889 0.0000e+00
        749 124.956992    0.05197     3.1185    187.110     96.929  51829.008    32.2006     4.8689     96.000     4.8620    25.4714     7.3812    10.5462    102.095    321.454    329.642   -0.00020    7.22966   10.33192  314.85674   16.18514 3.7490e-02     1.0289  0.4416006 0.0000e+00
        755 124.957008    0.05236     3.1417    188.505     97.938  51829.664    32.2006     4.8691     97.000     4.8621    25.4714     7.3785    10.5453    102.058    321.338    329.523   -0.00031    7.22964   10.33187  314.85588   16.18507 3.7490e-02     1.0690  0.4504841 0.0000e+00
        761 124.957024    0.05275     3.1650    189.898     98.949  51831.152    32.2011     4.8691     98.000     4.8620    25.4718     7.3794    10.5459    102.072    321.376    329.563   -0.00024    7.22958   10.33182  314.85324   16.18499 3.7490e-02     1.0458  0.4456311 0.0000e+00
        765 124.957038    0.05309     3.1851    191.108     99.959  51832.477    32.2015     4.8691     99.000     4.8618    25.4721     7.3812    10.5467    102.097    321.455    329.644   -0.00016    7.22958   10.33181  314.85293   16.18497 3.7490e-02     1.0062  0.4511156 0.0000e+00
        770 124.957052    0.05341     3.2047    192.280    100.968  51833.922    32.2019     4.8688    100.000     4.8615    25.4725     7.3790    10.5442    102.067    321.360    329.546   -0.00025    7.22960   10.33183  314.85392   16.18499 3.7490e-02     1.0106  0.4385478 0.0000e+00
        775 124.957065    0.05373     3.2239    193.431    101.978  51835.287    32.2023     4.8686    101.000     4.8611    25.4729     7.3747    10.5395    102.007    321.172    329.353   -0.00045    7.22961   10.33185  314.85424   16.18503 3.7490e-02     1.0251  0.4483120 0.0000e+00
        779 124.957079    0.05405     3.2430    194.580    102.988  51836.685    32.2027     4.8683    102.000     4.8607    25.4732     7.3723    10.5355    101.972    321.067    329.245   -0.00050    7.22966   10.33192  314.85619   16.18511 3.7490e-02     1.0084  0.4569910 0.0000e+00
        785 124.957095    0.05444     3.2662    195.972    103.998  51838.229    32.2032     4.8678    103.000     4.8602    25.4736     7.3680    10.5314    101.912    320.880    329.054   -0.00063    7.22974   10.33200  314.85939   16.18522 3.7490e-02     1.0374  0.4479070 0.0000e+00
        792 124.957114    0.05490     3.2942    197.651    105.008  51839.788    32.2037     4.8675    104.000     4.8598    25.4741     7.3704    10.5320    101.946    320.987    329.163   -0.00039    7.22977   10.33205  314.86071   16.18529 3.7490e-02     1.0745  0.4522512 0.0000e+00
        798 124.957131    0.05532     3.3192    199.150    106.018  51841.261    32.2041     4.8672    105.000     4.8595    25.4745     7.3669    10.5301    101.897    320.833    329.006   -0.00049    7.22978   10.33208  314.86085   16.18532 3.7490e-02     1.0312  0.4477719 0.0000e+00
        804 124.957149    0.05575     3.3448    200.686    107.028  51842.911    32.2047     4.8669    106.000     4.8591    25.4750     7.3721    10.5344    101.969    321.061    329.240   -0.00019    7.22981   10.33212  314.86245   16.18538 3.7490e-02     0.9401  0.4288197 0.0000e+00
        810 124.957166    0.05615     3.3691    202.143    108.038  51845.247    32.2057     4.8664    107.000     4.8585    25.4758     7.3731    10.5350    101.981    321.102    329.282   -0.00014    7.22985   10.33216  314.86375   16.18542 3.7492e-02     0.8920  0.4329066 0.0000e+00
        815 124.957181    0.05652     3.3909    203.452    109.048  51848.619    32.2074     4.8660    108.000     4.8580    25.4772     7.3706    10.5310    101.946    320.991    329.169   -0.00027    7.22987   10.33216  314.86453   16.18539 3.7496e-02     0.8725  0.4411010 0.0000e+00
        821 124.957198    0.05692     3.4150    204.900    110.058  51853.688    32.2104     4.8658    109.000     4.8578    25.4796     7.3624    10.5207    101.835    320.635    328.805   -0.00057    7.22976   10.33200  314.85900   16.18512 3.7517e-02     0.8831  0.4475549 0.0000e+00
        826 124.957214    0.05729     3.4378    206.268    111.068  51860.215    32.2144     4.8659    110.000     4.8580    25.4827     7.3531    10.5086    101.709    320.228    328.388   -0.00088    7.22951   10.33171  314.84681   16.18462 3.7515e-02     0.8921  0.4270772 0.0000e+00
        831 124.957229    0.05766     3.4593    207.558    112.078  51864.917    32.2171     4.8661    111.000     4.8581    25.4849     7.3465    10.4983    101.621    319.941    328.094   -0.00100    7.22930   10.33145  314.83683   16.18421 3.7501e-02     0.8480  0.4328622 0.0000e+00
