CTD-processing/allCTD/CNV/2012_03-14_t9_s02_cast275_5028.cnv
* Sea-Bird SBE19plus Data File:
* FileName = C:\Documents and Settings\glenn.seaman\My Documents\KHolderied-files\CTD-DATA-FILES\2011-KBay-CTD\2012-03-14-HomerSpit-CTD\2012-03-14-HomerSpit-cast275.hex
* Software Version 1.59
* Temperature SN =  5028
* Conductivity SN =  5028
* System UpLoad Time = Apr 29 2012 19:34:11
** Cruise: Homer Spit Transect
** Date: 2012-03-14
** Station: 02
** Start time (AKDT): 1411
** Depth (feet): 244
# nquan = 26
# nvalues = 66                          
# units = specified
# name 0 = scan: Scan Count
# name 1 = timeJ: Julian Days
# name 2 = timeH: Time, Elapsed [hours]
# name 3 = timeM: Time, Elapsed [minutes]
# name 4 = timeS: Time, Elapsed [seconds]
# name 5 = prdM: Pressure, Strain Gauge [db]
# name 6 = specc: Specific Conductance [uS/cm]
# name 7 = sal00: Salinity, Practical [PSU]
# name 8 = tv290C: Temperature [ITS-90, deg C]
# name 9 = depSM: Depth [salt water, m], lat = 59.00
# name 10 = potemp090C: Potential Temperature [ITS-90, deg C]
# name 11 = sigma-é00: Density [sigma-theta, kg/m^3]
# name 12 = sbeox0ML/L: Oxygen, SBE 43 [ml/l]
# name 13 = sbeox0Mg/L: Oxygen, SBE 43 [mg/l]
# name 14 = sbeox0PS: Oxygen, SBE 43 [% saturation]
# name 15 = sbox0Mm/Kg: Oxygen, SBE 43 [umol/kg]
# name 16 = sbeox0Mm/L: Oxygen, SBE 43 [umol/l]
# name 17 = sbox0dV/dT: Oxygen, SBE 43 [dov/dt]
# name 18 = oxsolML/L: Oxygen Saturation, Garcia & Gordon [ml/l]
# name 19 = oxsolMg/L: Oxygen Saturation, Garcia & Gordon [mg/l]
# name 20 = oxsolMm/Kg: Oxygen Saturation, Garcia & Gordon [umol/kg]
# name 21 = n2satMg/L: Nitrogen Saturation [mg/l]
# name 22 = par: PAR/Irradiance, Biospherical/Licor [umol photons/m^2/sec]
# name 23 = flECO-AFL: Fluorescence, WET Labs ECO-AFL/FL [mg/m^3]
# name 24 = upoly0: Upoly 0, ECO-FLNTUS
# name 25 = flag: flag
# span 0 =        371,        541       
# span 1 =  74.926799,  74.927292       
# span 2 =    0.02567,    0.03750       
# span 3 =     1.5400,     2.2498       
# span 4 =     92.400,    134.984       
# span 5 =      1.009,     66.632       
# span 6 =  52070.156,  52164.213       
# span 7 =    31.6450,    31.7418       
# span 8 =     1.8393,     2.1800       
# span 9 =      1.000,     66.000       
# span 10 =     1.8386,     2.1767      
# span 11 =    25.2920,    25.3524      
# span 12 =     4.8444,     8.4801      
# span 13 =     8.1514,    10.8511      
# span 14 =     62.024,    108.621      
# span 15 =    211.011,    369.376      
# span 16 =    216.349,    378.720      
# span 17 =   -0.08602,    0.05653      
# span 18 =    7.74778,    7.81987      
# span 19 =   11.07250,   11.17491      
# span 20 =  337.46136,  340.61643      
# span 21 =   17.26176,   17.41094      
# span 22 = 3.7491e-02, 3.1644e+02      
# span 23 =     0.1363,     0.3430      
# span 24 =  1.2106739,  1.4802628      
# span 25 = 0.0000e+00, 0.0000e+00      
# interval = meters: 1                  
# start_time = Mar 14 2012 22:13:03 [Instrument's time stamp, header]
# bad_flag = -9.990e-29
*END*
[from data line 56]
        515  74.927216    0.03568     2.1411    128.464     57.546  52139.998    31.7398     2.1631     57.000     2.1637    25.3489     7.4445    10.6361     96.054    324.254    332.473    0.00083    7.75040   11.07730  337.57576   17.26871 3.8229e-02     0.3246  1.2285231 0.0000e+00
        517  74.927223    0.03585     2.1514    129.084     58.555  52138.400    31.7393     2.1672     58.000     2.1666    25.3483     7.4417    10.6338     96.023    324.134    332.349    0.00061    7.75001   11.07620  337.55926   17.26711 3.7883e-02     0.3241  1.2282215 0.0000e+00
        520  74.927230    0.03603     2.1618    129.705     59.565  52138.461    31.7396     2.1700     59.000     2.1692    25.3483     7.4393    10.6311     95.995    324.025    332.238    0.00044    7.74969   11.07538  337.54474   17.26593 3.7703e-02     0.3242  1.2324756 0.0000e+00
        522  74.927238    0.03620     2.1722    130.331     60.575  52138.780    31.7401     2.1726     60.000     2.1716    25.3485     7.4355    10.6278     95.952    323.860    332.070    0.00023    7.74920   11.07462  337.52316   17.26483 3.7603e-02     0.3244  1.2250841 0.0000e+00
        525  74.927245    0.03638     2.1827    130.962     61.585  52138.553    31.7401     2.1750     61.000     2.1734    25.3483     7.4334    10.6258     95.930    323.766    331.973    0.00009    7.74870   11.07397  337.50197   17.26389 3.7550e-02     0.3240  1.2214370 0.0000e+00
        527  74.927252    0.03656     2.1934    131.603     62.595  52138.176    31.7399     2.1768     62.000     2.1747    25.3480     7.4338    10.6257     95.939    323.782    331.990    0.00007    7.74837   11.07347  337.48751   17.26317 3.7521e-02     0.3225  1.2227663 0.0000e+00
        530  74.927260    0.03674     2.2044    132.262     63.604  52138.216    31.7396     2.1780     63.000     2.1755    25.3477     7.4354    10.6269     95.963    323.855    332.064    0.00010    7.74820   11.07315  337.48035   17.26271 3.7506e-02     0.3177  1.2218201 0.0000e+00
        533  74.927268    0.03693     2.2161    132.963     64.614  52138.749    31.7397     2.1788     64.000     2.1761    25.3477     7.4372    10.6287     95.988    323.935    332.146    0.00012    7.74810   11.07292  337.47600   17.26238 3.7498e-02     0.3148  1.2244962 0.0000e+00
        536  74.927278    0.03716     2.2300    133.799     65.624  52139.802    31.7400     2.1795     65.000     2.1765    25.3480     7.4396    10.6310     96.020    324.037    332.251    0.00015    7.74797   11.07272  337.47048   17.26209 3.7494e-02     0.3189  1.2308833 0.0000e+00
        541  74.927292    0.03750     2.2498    134.984     66.632  52141.893    31.7410     2.1800     66.000     2.1767    25.3487     7.4418    10.6332     96.050    324.132    332.348    0.00017    7.74778   11.07250  337.46136   17.26176 3.7491e-02     0.3315  1.2328655 0.0000e+00
