CTD-processing/allCTD/CNV/2012_02-14_t9_s09_cast272_5028.cnv
* Sea-Bird SBE19plus Data File:
* FileName = C:\Documents and Settings\glenn.seaman\My Documents\KHolderied-files\CTD-DATA-FILES\2011-KBay-CTD\2012-02-14-HomerSpit-CTD\2012-02-14-HomerSpit-cast272.hex
* Software Version 1.59
* Temperature SN =  5028
* Conductivity SN =  5028
* System UpLoad Time = Apr 29 2012 19:20:54
** Cruise:Homer Spit Transect
** Station: 09
** Date:2012-02-14
** Start time (AK local):1333
** Depth (feet): 253
# nquan = 26
# nvalues = 69                          
# units = specified
# name 0 = scan: Scan Count
# name 1 = timeJ: Julian Days
# name 2 = timeH: Time, Elapsed [hours]
# name 3 = timeM: Time, Elapsed [minutes]
# name 4 = timeS: Time, Elapsed [seconds]
# name 5 = prdM: Pressure, Strain Gauge [db]
# name 6 = specc: Specific Conductance [uS/cm]
# name 7 = sal00: Salinity, Practical [PSU]
# name 8 = tv290C: Temperature [ITS-90, deg C]
# name 9 = depSM: Depth [salt water, m], lat = 59.00
# name 10 = potemp090C: Potential Temperature [ITS-90, deg C]
# name 11 = sigma-é00: Density [sigma-theta, kg/m^3]
# name 12 = sbeox0ML/L: Oxygen, SBE 43 [ml/l]
# name 13 = sbeox0Mg/L: Oxygen, SBE 43 [mg/l]
# name 14 = sbeox0PS: Oxygen, SBE 43 [% saturation]
# name 15 = sbox0Mm/Kg: Oxygen, SBE 43 [umol/kg]
# name 16 = sbeox0Mm/L: Oxygen, SBE 43 [umol/l]
# name 17 = sbox0dV/dT: Oxygen, SBE 43 [dov/dt]
# name 18 = oxsolML/L: Oxygen Saturation, Garcia & Gordon [ml/l]
# name 19 = oxsolMg/L: Oxygen Saturation, Garcia & Gordon [mg/l]
# name 20 = oxsolMm/Kg: Oxygen Saturation, Garcia & Gordon [umol/kg]
# name 21 = n2satMg/L: Nitrogen Saturation [mg/l]
# name 22 = par: PAR/Irradiance, Biospherical/Licor [umol photons/m^2/sec]
# name 23 = flECO-AFL: Fluorescence, WET Labs ECO-AFL/FL [mg/m^3]
# name 24 = upoly0: Upoly 0, ECO-FLNTUS
# name 25 = flag: flag
# span 0 =        350,        561       
# span 1 =  45.941403,  45.942013       
# span 2 =    0.02423,    0.03889       
# span 3 =     1.4536,     2.3327       
# span 4 =     87.213,    139.963       
# span 5 =      1.009,     69.664       
# span 6 =  52202.240,  52328.038       
# span 7 =    31.3589,    31.6079       
# span 8 =     0.5131,     1.5788       
# span 9 =      1.000,     69.000       
# span 10 =     0.5166,     1.5784      
# span 11 =    25.1440,    25.2917      
# span 12 =     6.9581,     7.5450      
# span 13 =     9.9551,    10.7758      
# span 14 =     86.089,     94.728      
# span 15 =    303.114,    328.680      
# span 16 =    310.748,    336.962      
# span 17 =   -0.00078,    0.00963      
# span 18 =    7.87539,    8.11007      
# span 19 =   11.25350,   11.58647      
# span 20 =  343.04229,  353.31452      
# span 21 =   17.52524,   18.00961      
# span 22 = 3.7490e-02, 3.9735e+01      
# span 23 =     0.2026,     0.2851      
# span 24 =  1.3081827,  1.7205514      
# span 25 = 0.0000e+00, 0.0000e+00      
# interval = meters: 1                  
# start_time = Feb 14 2012 22:34:10 [Instrument's time stamp, header]
# bad_flag = -9.990e-29
*END*
[from data line 56]
        488  45.941804    0.03384     2.0304    121.823     57.546  52282.425    31.5515     1.2258     57.000     1.2414    25.2600     7.4952    10.7123     94.285    326.491    334.739    0.00077    7.94959   11.35959  346.28171   17.67911 3.7490e-02     0.2231  1.4363919 0.0000e+00
        491  45.941810    0.03401     2.0406    122.433     58.555  52282.545    31.5579     1.2477     58.000     1.2653    25.2639     7.4995    10.7144     94.395    326.678    334.931    0.00099    7.94496   11.35271  346.07864   17.66907 3.7490e-02     0.2094  1.4257696 0.0000e+00
        493  45.941818    0.03418     2.0507    123.045     59.565  52284.076    31.5663     1.2728     59.000     1.2930    25.2691     7.4995    10.7140     94.466    326.671    334.927    0.00111    7.93887   11.34475  345.81043   17.65744 3.7490e-02     0.2096  1.4121189 0.0000e+00
        496  45.941825    0.03435     2.0610    123.659     60.575  52277.495    31.5701     1.3008     60.000     1.3197    25.2705     7.4974    10.7117     94.520    326.580    334.833    0.00115    7.93211   11.33629  345.51615   17.64518 3.7490e-02     0.2216  1.4042735 0.0000e+00
        498  45.941832    0.03452     2.0713    124.275     61.585  52269.226    31.5722     1.3268     61.000     1.3443    25.2706     7.4957    10.7083     94.557    326.507    334.756    0.00113    7.92713   11.32855  345.30071   17.63399 3.7490e-02     0.2343  1.4003821 0.0000e+00
        501  45.941839    0.03469     2.0816    124.895     62.594  52267.128    31.5780     1.3516     62.000     1.3704    25.2737     7.4928    10.7032     94.576    326.382    334.630    0.00108    7.92259   11.32089  345.10207   17.62284 3.7490e-02     0.2385  1.3920514 0.0000e+00
        503  45.941846    0.03487     2.0920    125.520     63.604  52268.070    31.5865     1.3788     63.000     1.4006    25.2789     7.4843    10.6942     94.533    326.009    334.249    0.00085    7.91717   11.31235  344.86342   17.61037 3.7490e-02     0.2378  1.3851798 0.0000e+00
        506  45.941854    0.03504     2.1026    126.155     64.614  52272.182    31.5985     1.4102     64.000     1.4369    25.2866     7.4743    10.6840     94.493    325.568    333.801    0.00062    7.90992   11.30233  344.54346   17.59572 3.7490e-02     0.2333  1.3752669 0.0000e+00
        508  45.941861    0.03523     2.1135    126.808     65.624  52269.010    31.6079     1.4492     65.000     1.4762    25.2917     7.4676    10.6758     94.533    325.273    333.502    0.00065    7.89946   11.29034  344.08435   17.57825 3.7490e-02     0.2218  1.3529700 0.0000e+00
        511  45.941869    0.03542     2.1251    127.505     66.633  52250.812    31.6076     1.4893     66.000     1.5102    25.2889     7.4699    10.6717     94.674    325.378    333.607    0.00098    7.89015   11.27877  343.68229   17.56159 3.7490e-02     0.2118  1.3312244 0.0000e+00
        514  45.941879    0.03565     2.1390    128.343     67.643  52234.450    31.6078     1.5270     67.000     1.5420    25.2866     7.4662    10.6617     94.728    325.218    333.443    0.00105    7.88183   11.26789  343.32003   17.54588 3.7490e-02     0.2172  1.3202208 0.0000e+00
        531  45.941926    0.03677     2.2065    132.387     68.653  52209.392    31.6005     1.5594     68.000     1.5628    25.2787     7.4211    10.6039     94.214    323.255    331.427   -0.00006    7.87683   11.25914  343.10611   17.53338 3.7490e-02     0.2441  1.3081827 0.0000e+00
        561  45.942013    0.03889     2.3327    139.963     69.664  52202.240    31.6011     1.5788     69.000     1.5784    25.2782     7.3704    10.5333     93.588    321.048    329.164   -0.00078    7.87539   11.25350  343.04229   17.52524 3.7490e-02     0.2851  1.3655713 0.0000e+00
