CTD-processing/allCTD/CNV/2012_10-29_t4_s02_cast071_4141.cnv
* Sea-Bird SBE19plus Data File:
* FileName = C:\Documents and Settings\kris.holderied.local\My Documents\2012-CTD-DATA-new-files\2012-10-CookInlet-LTM\2012-10-29-LTM-CookInlet-Tran4-Barabara\2012-10-29-CookInlet-Tran4-Barabara-cast071.hex
* Software Version 1.54
* Temperature SN =  4141
* Conductivity SN =  4141
* System UpLoad Time = Nov 20 2012 18:49:44
** Cook Inlet EVOSTC Transect 4 Barabara north to south
** Date:  29 Oct 2012
** Station:  4-02
** Start time (AKDT-24 hr):  1729
** Depth (m):  103
** Comment:Decreased winds +waves in lee of land. 3-4 ft waves from west.
# nquan = 27
# nvalues = 84                          
# units = specified
# name 0 = scan: Scan Count
# name 1 = timeJ: Julian Days
# name 2 = timeH: Time, Elapsed [hours]
# name 3 = timeM: Time, Elapsed [minutes]
# name 4 = timeS: Time, Elapsed [seconds]
# name 5 = prdM: Pressure, Strain Gauge [db]
# name 6 = specc: Specific Conductance [uS/cm]
# name 7 = sal00: Salinity, Practical [PSU]
# name 8 = tv290C: Temperature [ITS-90, deg C]
# name 9 = depSM: Depth [salt water, m], lat = 59.00
# name 10 = potemp090C: Potential Temperature [ITS-90, deg C]
# name 11 = sigma-é00: Density [sigma-theta, kg/m^3]
# name 12 = sbeox0ML/L: Oxygen, SBE 43 [ml/l]
# name 13 = sbeox0Mg/L: Oxygen, SBE 43 [mg/l]
# name 14 = sbeox0PS: Oxygen, SBE 43 [% saturation]
# name 15 = sbox0Mm/Kg: Oxygen, SBE 43 [umol/kg]
# name 16 = sbeox0Mm/L: Oxygen, SBE 43 [umol/l]
# name 17 = sbox0dV/dT: Oxygen, SBE 43 [dov/dt]
# name 18 = oxsolML/L: Oxygen Saturation, Garcia & Gordon [ml/l]
# name 19 = oxsolMg/L: Oxygen Saturation, Garcia & Gordon [mg/l]
# name 20 = oxsolMm/Kg: Oxygen Saturation, Garcia & Gordon [umol/kg]
# name 21 = n2satMg/L: Nitrogen Saturation [mg/l]
# name 22 = par: PAR/Irradiance, Biospherical/Licor
# name 23 = wetStar: Fluorescence, WET Labs WETstar [mg/m^3]
# name 24 = CStarAt0: Beam Attenuation, WET Labs C-Star [1/m]
# name 25 = CStarTr0: Beam Transmission, WET Labs C-Star [%]
# name 26 = flag: flag
# span 0 =        142,        796       
# span 1 = 303.728685, 303.730575       
# span 2 =    0.00982,    0.05519       
# span 3 =     0.5895,     3.3111       
# span 4 =     35.371,    198.668       
# span 5 =      1.009,     84.771       
# span 6 =  49176.855,  49404.462       
# span 7 =    30.9122,    31.0513       
# span 8 =     7.4513,     7.7056       
# span 9 =      1.000,     84.000       
# span 10 =     7.5362,     7.7051      
# span 11 =    24.1406,    24.2336      
# span 12 =     5.7049,     6.0114      
# span 13 =     8.1530,     8.5909      
# span 14 =     83.562,     87.588      
# span 15 =    248.775,    262.144      
# span 16 =    254.783,    268.470      
# span 17 =   -0.00277,    0.01151      
# span 18 =    6.81873,    6.86364      
# span 19 =    9.74466,    9.80882      
# span 20 =  297.32884,  299.30679      
# span 21 =   15.35448,   15.44935      
# span 22 = 4.0663e-02, 2.6581e+01      
# span 23 =     0.1761,     0.9421      
# span 24 =     0.2630,     0.3524      
# span 25 =    91.7426,    93.6361      
# span 26 = 0.0000e+00, 0.0000e+00      
# interval = meters: 1                  
# start_time = Oct 29 2012 17:28:43 [Instrument's time stamp, header]
# bad_flag = -9.990e-29
*END*
[from data line 54]
        645 303.730138    0.04469     2.6814    160.883     55.529  49359.719    31.0412     7.6325     55.000     7.6261    24.2181     5.9023     8.4350     86.428    257.365    263.598    0.00107    6.82920    9.75960  297.78029   15.37600 8.6388e-02     0.7716     0.2821    93.1914 0.0000e+00
        651 303.730155    0.04511     2.7064    162.382     56.533  49363.044    31.0424     7.6281     56.000     7.6228    24.2196     5.8955     8.4253     86.321    257.067    263.293   -0.00038    6.82983    9.76051  297.80751   15.37730 8.0617e-02     0.8432     0.2820    93.1925 0.0000e+00
        658 303.730175    0.04559     2.7356    164.133     57.562  49360.067    31.0398     7.6279     57.000     7.6200    24.2177     5.8968     8.4271     86.338    257.125    263.352 1.2969e-07    6.82998    9.76073  297.81459   15.37764 7.6298e-02     0.8103     0.2860    93.1002 0.0000e+00
        661 303.730185    0.04582     2.7496    164.978     58.559  49357.661    31.0367     7.6217     58.000     7.6116    24.2160     5.8903     8.4178     86.228    256.840    263.059   -0.00118    6.83109    9.76230  297.86301   15.37997 7.1217e-02     0.8329     0.2873    93.0695 0.0000e+00
        664 303.730194    0.04605     2.7632    165.791     59.554  49363.493    31.0392     7.6151     59.000     7.6088    24.2189     5.8880     8.4145     86.183    256.741    262.958   -0.00139    6.83201    9.76363  297.90279   15.38186 6.7065e-02     0.8485     0.2897    93.0144 0.0000e+00
        670 303.730210    0.04644     2.7861    167.168     60.569  49374.788    31.0478     7.6223     60.000     7.6224    24.2248     5.8940     8.4231     86.290    257.000    263.226   -0.00013    6.83049    9.76145  297.83473   15.37857 6.3933e-02     0.8342     0.2815    93.2029 0.0000e+00
        679 303.730238    0.04711     2.8270    169.618     61.609  49370.727    31.0466     7.6348     61.000     7.6349    24.2221     5.8987     8.4299     86.383    257.207    263.437    0.00054    6.82859    9.75874  297.75265   15.37466 6.0583e-02     0.7094     0.2789    93.2657 0.0000e+00
        682 303.730246    0.04729     2.8377    170.264     62.588  49375.595    31.0513     7.6462     62.000     7.6470    24.2243     5.9008     8.4327     86.437    257.295    263.528    0.00082    6.82661    9.75589  297.66535   15.37047 5.8232e-02     0.8018     0.2856    93.1088 0.0000e+00
        686 303.730257    0.04756     2.8536    171.215     63.596  49363.858    31.0439     7.6536     63.000     7.6492    24.2174     5.8997     8.4313     86.433    257.251    263.481    0.00053    6.82579    9.75473  297.63179   15.36891 5.6184e-02     0.8257     0.2848    93.1277 0.0000e+00
        691 303.730272    0.04793     2.8754    172.523     64.620  49363.482    31.0437     7.6572     64.000     7.6529    24.2169     5.8993     8.4307     86.433    257.234    263.463    0.00020    6.82524    9.75395  297.60801   15.36777 5.4408e-02     0.8285     0.2828    93.1748 0.0000e+00
        695 303.730285    0.04823     2.8937    173.622     65.612  49362.305    31.0431     7.6613     65.000     7.6557    24.2158     5.8929     8.4215     86.347    256.953    263.175   -0.00069    6.82462    9.75307  297.58157   15.36651 5.2661e-02     0.8131     0.2804    93.2283 0.0000e+00
        705 303.730314    0.04892     2.9353    176.120     66.663  49349.961    31.0326     7.6521     66.000     7.6373    24.2088     5.8848     8.4099     86.205    256.602    262.814   -0.00148    6.82652    9.75578  297.66634   15.37060 5.1090e-02     0.7061     0.2838    93.1503 0.0000e+00
        708 303.730321    0.04911     2.9464    176.785     67.651  49361.100    31.0377     7.6389     67.000     7.6296    24.2147     5.8844     8.4095     86.176    256.585    262.797   -0.00154    6.82836    9.75842  297.74503   15.37434 4.9522e-02     0.7442     0.2923    92.9520 0.0000e+00
        710 303.730328    0.04927     2.9560    177.360     68.635  49375.181    31.0465     7.6350     68.000     7.6332    24.2220     5.8875     8.4137     86.217    256.714    262.932   -0.00113    6.82857    9.75871  297.75173   15.37463 4.8659e-02     0.7722     0.2951    92.8894 0.0000e+00
        716 303.730344    0.04964     2.9787    178.721     69.659  49373.832    31.0460     7.6409     69.000     7.6387    24.2210     5.8958     8.4256     86.351    257.077    263.304    0.00023    6.82768    9.75744  297.71315   15.37278 4.7336e-02     0.7782     0.2866    93.0845 0.0000e+00
        722 303.730362    0.05008     3.0045    180.270     70.686  49367.228    31.0425     7.6500     70.000     7.6439    24.2170     5.8962     8.4262     86.373    257.097    263.323   -0.00003    6.82641    9.75561  297.65898   15.37021 4.6485e-02     0.8295     0.2872    93.0718 0.0000e+00
        727 303.730376    0.05043     3.0256    181.535     71.676  49367.910    31.0423     7.6489     71.000     7.6422    24.2170     5.8962     8.4262     86.371    257.097    263.323   -0.00014    6.82659    9.75587  297.66672   15.37058 4.5661e-02     0.7484     0.2856    93.1082 0.0000e+00
        736 303.730402    0.05103     3.0619    183.712     72.714  49368.791    31.0430     7.6521     72.000     7.6469    24.2171     5.8853     8.4107     86.219    256.624    262.838   -0.00157    6.82606    9.75512  297.64366   15.36948 4.4902e-02     0.6988     0.2840    93.1466 0.0000e+00
        738 303.730408    0.05119     3.0713    184.279     73.691  49366.903    31.0415     7.6536     73.000     7.6450    24.2157     5.8874     8.4138     86.252    256.719    262.936   -0.00078    6.82589    9.75489  297.63689   15.36916 4.4184e-02     0.7863     0.2883    93.0469 0.0000e+00
        746 303.730431    0.05172     3.1032    186.194     74.717  49362.904    31.0374     7.6487     74.000     7.6370    24.2132     5.8929     8.4216     86.321    256.958    263.179   -0.00011    6.82684    9.75623  297.67868   15.37117 4.3740e-02     0.8430     0.2849    93.1249 0.0000e+00
        752 303.730449    0.05216     3.1295    187.769     75.714  49343.897    31.0214     7.6342     75.000     7.6090    24.2026     5.8879     8.4145     86.209    256.743    262.957   -0.00123    6.82983    9.76050  297.81207   15.37761 4.3384e-02     0.7428     0.2906    92.9919 0.0000e+00
        760 303.730472    0.05272     3.1632    189.794     76.738  49365.753    31.0324     7.6105     76.000     7.5956    24.2144     5.8956     8.4255     86.282    257.075    263.300   -0.00029    6.83302    9.76506  297.94786   15.38404 4.2302e-02     0.8630     0.2891    93.0283 0.0000e+00
        765 303.730486    0.05307     3.1839    191.037     77.748  49363.793    31.0287     7.5995     77.000     7.5850    24.2132     5.8962     8.4263     86.268    257.102    263.327   -0.00032    6.83490    9.76776  298.03045   15.38799 4.2685e-02     0.8235     0.3002    92.7684 0.0000e+00
        768 303.730494    0.05323     3.1942    191.653     78.736  49395.663    31.0491     7.5911     78.000     7.5914    24.2303     5.8941     8.4233     86.231    257.004    263.231   -0.00091    6.83530    9.76832  298.04287   15.38851 4.2123e-02     0.9243     0.3118    92.5016 0.0000e+00
        774 303.730511    0.05365     3.2190    193.137     79.768  49389.041    31.0459     7.6022     79.000     7.5923    24.2262     5.8938     8.4228     86.247    256.992    263.219   -0.00084    6.83372    9.76608  297.97529   15.38529 4.1634e-02     0.7632     0.2949    92.8918 0.0000e+00
        780 303.730529    0.05408     3.2448    194.686     80.715  49363.883    31.0267     7.5948     80.000     7.5789    24.2122     5.8919     8.4201     86.193    256.912    263.133   -0.00132    6.83574    9.76895  298.06710   15.38976 4.1785e-02     0.8078     0.3051    92.6557 0.0000e+00
        784 303.730540    0.05435     3.2609    195.656     81.768  49378.361    31.0336     7.5784     81.000     7.5678    24.2199     5.9052     8.4391     86.359    257.490    263.726    0.00026    6.83798    9.77216  298.16277   15.39429 4.1336e-02     0.8037     0.3053    92.6502 0.0000e+00
        789 303.730557    0.05475     3.2854    197.122     82.811  49372.477    31.0288     7.5763     82.000     7.5617    24.2163     5.9095     8.4453     86.415    257.679    263.919    0.00052    6.83852    9.77293  298.18746   15.39549 4.1108e-02     0.8805     0.3022    92.7241 0.0000e+00
        792 303.730565    0.05495     3.2971    197.825     83.796  49404.462    31.0486     7.5641     83.000     7.5600    24.2336     5.9059     8.4402     86.350    257.519    263.759   -0.00006    6.83956    9.77440  298.22709   15.39729 4.0688e-02     0.8709     0.3089    92.5676 0.0000e+00
        796 303.730575    0.05519     3.3111    198.668     84.771  49353.023    31.0110     7.5560     84.000     7.5362    24.2052     5.9043     8.4379     86.289    257.454    263.686   -0.00092    6.84250    9.77862  298.36414   15.40399 4.0663e-02     0.9089     0.3225    92.2561 0.0000e+00
