CTD-processing/allCTD/CNV/2012_05-31a_t4_s10a_cast081_5028.cnv
* Sea-Bird SBE19plus Data File:
* FileName = C:\Documents and Settings\glenn.seaman\My Documents\KHolderied-files\CTD-DATA-FILES\2012-05-LTM-LowerCookInlet-CTD\Transect4-2012-05-31-Barabara\2012-05-31-Tran4-Barabara-cast081.hex
* Software Version 1.59
* Temperature SN =  5028
* Conductivity SN =  5028
* System UpLoad Time = May 31 2012 15:29:43
** LTM Transect4- Barabara to Bluff Pt
** Date: 2012-05-31
** Station:4-10a
** Start time (AKDT-24hr):1246
** Depth (ft):75.5
** Station set at 10 fathom chart contour along line. Surface and bottom water samples taken
# nquan = 26
# nvalues = 20                          
# units = specified
# name 0 = scan: Scan Count
# name 1 = timeJ: Julian Days
# name 2 = timeH: Time, Elapsed [hours]
# name 3 = timeM: Time, Elapsed [minutes]
# name 4 = timeS: Time, Elapsed [seconds]
# name 5 = prdM: Pressure, Strain Gauge [db]
# name 6 = specc: Specific Conductance [uS/cm]
# name 7 = sal00: Salinity, Practical [PSU]
# name 8 = tv290C: Temperature [ITS-90, deg C]
# name 9 = depSM: Depth [salt water, m], lat = 59.00
# name 10 = potemp090C: Potential Temperature [ITS-90, deg C]
# name 11 = sigma-é00: Density [sigma-theta, kg/m^3]
# name 12 = sbeox0ML/L: Oxygen, SBE 43 [ml/l]
# name 13 = sbeox0Mg/L: Oxygen, SBE 43 [mg/l]
# name 14 = sbeox0PS: Oxygen, SBE 43 [% saturation]
# name 15 = sbox0Mm/Kg: Oxygen, SBE 43 [umol/kg]
# name 16 = sbeox0Mm/L: Oxygen, SBE 43 [umol/l]
# name 17 = sbox0dV/dT: Oxygen, SBE 43 [dov/dt]
# name 18 = oxsolML/L: Oxygen Saturation, Garcia & Gordon [ml/l]
# name 19 = oxsolMg/L: Oxygen Saturation, Garcia & Gordon [mg/l]
# name 20 = oxsolMm/Kg: Oxygen Saturation, Garcia & Gordon [umol/kg]
# name 21 = n2satMg/L: Nitrogen Saturation [mg/l]
# name 22 = par: PAR/Irradiance, Biospherical/Licor [umol photons/m^2/sec]
# name 23 = flECO-AFL: Fluorescence, WET Labs ECO-AFL/FL [mg/m^3]
# name 24 = upoly0: Upoly 0, ECO-FLNTUS
# name 25 = flag: flag
# span 0 =        350,        710       
# span 1 = 152.530731, 152.531774       
# span 2 =    0.02421,    0.04925       
# span 3 =     1.4522,     2.9549       
# span 4 =     87.130,    177.293       
# span 5 =      1.010,     20.190       
# span 6 =  46485.482,  50650.211       
# span 7 =    29.1916,    31.6590       
# span 8 =     5.9726,     8.0420       
# span 9 =      1.000,     20.000       
# span 10 =     5.9711,     8.0427      
# span 11 =    22.7187,    24.9166      
# span 12 =     6.4975,     7.8708      
# span 13 =     9.3394,    11.2253      
# span 14 =     95.217,    113.313      
# span 15 =    283.591,    343.025      
# span 16 =    290.177,    351.510      
# span 17 =   -0.01909,    0.00658      
# span 18 =    6.80688,    7.06832      
# span 19 =    9.72977,   10.10131      
# span 20 =  297.04323,  307.99745      
# span 21 =   15.34772,   15.86061      
# span 22 = 9.5449e-01, 1.8591e+02      
# span 23 =     1.7831,     8.5607      
# span 24 =  0.7491774,  1.4516681      
# span 25 = 0.0000e+00, 0.0000e+00      
# interval = meters: 1                  
# start_time = May 31 2012 12:42:48 [Instrument's time stamp, header]
# bad_flag = -9.990e-29
*END*
        350 152.530731    0.02421     1.4522     87.130      1.010  46485.482    29.1916     7.9732      1.000     7.9899    22.7187     6.4975     9.3394     95.217    283.591    290.177   -0.00026    6.82636    9.80747  297.95359   15.47618 1.8591e+02     1.7831  1.3772588 0.0000e+00
        594 152.531438    0.04117     2.4705    148.230      2.019  47782.452    30.0294     8.0406      2.000     8.0427    23.3673     7.5335    10.7856    110.602    328.768    336.447   -0.00236    6.81131    9.73326  297.24975   15.35354 1.3436e+02     2.2924  1.3862947 0.0000e+00
        598 152.531449    0.04144     2.4865    149.188      3.028  47855.520    30.0810     8.0420      3.000     8.0367    23.4075     7.5511    10.7972    110.934    329.521    337.233    0.00015    6.80688    9.72977  297.04323   15.34772 8.7567e+01     3.2159  1.4331192 0.0000e+00
        606 152.531473    0.04201     2.5208    151.249      4.038  47994.248    30.1688     7.9887      4.000     7.9567    23.4837     7.6050    10.8686    111.693    331.857    339.641    0.00252    6.80884    9.73605  297.11376   15.35544 6.0281e+01     4.4296  1.4516681 0.0000e+00
        614 152.531495    0.04255     2.5530    153.183      5.048  48395.664    30.4120     7.7625      5.000     7.6439    23.7055     7.6644    10.9294    112.207    334.382    342.290    0.00337    6.83068    9.77105  298.01060   15.40233 4.2834e+01     6.0321  1.4208941 0.0000e+00
        620 152.531514    0.04301     2.5804    154.823      6.057  49118.531    30.8481     7.3509      6.000     7.2439    24.1036     7.5929    10.8977    110.257    331.103    339.097   -0.00452    6.88678    9.83550  300.31205   15.48883 3.0378e+01     8.0579  1.2886315 0.0000e+00
        627 152.531533    0.04345     2.6071    156.424      7.066  49608.634    31.1419     7.0696      7.000     7.0134    24.3718     7.6923    11.0106    111.209    335.352    343.537   -0.00063    6.91689    9.88016  301.54867   15.54888 2.1597e+01     8.5607  1.0696277 0.0000e+00
        633 152.531551    0.04389     2.6334    158.007      8.075  49878.276    31.3002     6.9041      8.000     6.8506    24.5180     7.8552    11.1865    113.313    342.416    350.814    0.00658    6.93230    9.90763  302.18490   15.58616 1.5641e+01     8.1401  1.0109312 0.0000e+00
        639 152.531569    0.04433     2.6598    159.590      9.085  50103.598    31.4267     6.7375      9.000     6.6843    24.6390     7.8631    11.2253    113.091    342.721    351.168    0.00393    6.95299    9.93768  303.05102   15.62762 1.1462e+01     8.1275  0.9053437 0.0000e+00
        646 152.531587    0.04476     2.6858    161.149     10.094  50273.107    31.5133     6.5687     10.000     6.5115    24.7286     7.8708    11.2219    112.820    343.025    351.510    0.00184    6.97646    9.97104  304.04751   15.67452 8.5430e+00     7.2766  0.7851791 0.0000e+00
        652 152.531606    0.04521     2.7126    162.753     11.104  50398.674    31.5673     6.3927     11.000     6.3420    24.7933     7.8062    11.1279    111.457    340.187    348.624   -0.00312    7.00390   10.00844  305.22414   15.72775 6.5516e+00     6.0061  0.7491774 0.0000e+00
        659 152.531625    0.04566     2.7398    164.389     12.113  50476.465    31.5908     6.2335     12.000     6.1820    24.8314     7.6565    10.9354    108.937    333.658    341.942   -0.01054    7.02860   10.04417  306.29269   15.77905 5.1029e+00     4.9333  0.7578983 0.0000e+00
        665 152.531644    0.04612     2.7670    166.020     13.123  50566.985    31.6248     6.0858     13.000     6.0556    24.8762     7.4952    10.7178    106.247    326.611    334.739   -0.01643    7.05464   10.07669  307.41123   15.82552 4.0580e+00     3.6292  0.8025325 0.0000e+00
        672 152.531665    0.04662     2.7969    167.817     14.133  50621.899    31.6482     6.0128     14.000     6.0003    24.9036     7.3389    10.5066    103.897    319.790    327.755   -0.01909    7.06368   10.09238  307.79774   15.84784 3.2863e+00     2.6122  0.7987401 0.0000e+00
        679 152.531685    0.04710     2.8262    169.575     15.142  50643.604    31.6571     5.9839     15.000     5.9791    24.9141     7.2341    10.3748    102.363    315.221    323.075   -0.01858    7.06708   10.09860  307.94326   15.85670 2.6595e+00     2.2172  0.8014993 0.0000e+00
        685 152.531702    0.04752     2.8513    171.076     16.152  50649.208    31.6590     5.9760     16.000     5.9737    24.9165     7.2529    10.3801    102.618    316.043    323.917   -0.01321    7.06793   10.10036  307.97959   15.85919 2.1625e+00     2.1498  0.8053007 0.0000e+00
        691 152.531719    0.04791     2.8745    172.472     17.161  50650.211    31.6588     5.9741     17.000     5.9725    24.9166     7.2948    10.4278    103.209    317.868    325.787   -0.00817    7.06805   10.10083  307.98524   15.85989 1.7604e+00     2.0969  0.8064462 0.0000e+00
        697 152.531735    0.04830     2.8980    173.877     18.171  50649.845    31.6580     5.9737     18.000     5.9720    24.9160     7.3371    10.4826    103.806    319.706    327.672   -0.00435    7.06806   10.10098  307.98557   15.86012 1.4385e+00     2.1149  0.7994223 0.0000e+00
        703 152.531753    0.04873     2.9240    175.442     19.180  50649.675    31.6572     5.9729     19.000     5.9712    24.9155     7.3733    10.5337    104.315    321.284    329.290   -0.00162    7.06828   10.10122  307.99537   15.86048 1.1749e+00     2.1174  0.8459765 0.0000e+00
        710 152.531774    0.04925     2.9549    177.293     20.190  50649.869    31.6568     5.9726     20.000     5.9711    24.9153     7.4082    10.5804    104.808    322.805    330.848    0.00041    7.06832   10.10131  307.99745   15.86061 9.5449e-01     2.0411  1.1280909 0.0000e+00
