CTD-processing/allCTD/CNV/2012_07-30_t7_s12_cast068_4141.cnv
* Sea-Bird SBE19plus Data File:
* FileName = C:\Documents and Settings\kris.holderied.local\My Documents\2012-07-EVOS-CookInlet-Ocean\2012-07-CookInlet-Tran7-Augustine\2012-07-30-CookInlet-Tran7-cast068.hex
* Software Version 1.54
* Temperature SN =  4141
* Conductivity SN =  4141
* System UpLoad Time = Jul 31 2012 07:55:24
** Cook Inlet LTM Transect 7 -partial, East to West
** Date:  2012-07-30
** Station:  7-12
** Start time (AKDT-24 hr): 1003
** Depth (m): 70
** Comment: SOG 1 Km
# nquan = 27
# nvalues = 64                          
# units = specified
# name 0 = scan: Scan Count
# name 1 = timeJ: Julian Days
# name 2 = timeH: Time, Elapsed [hours]
# name 3 = timeM: Time, Elapsed [minutes]
# name 4 = timeS: Time, Elapsed [seconds]
# name 5 = prdM: Pressure, Strain Gauge [db]
# name 6 = specc: Specific Conductance [uS/cm]
# name 7 = sal00: Salinity, Practical [PSU]
# name 8 = tv290C: Temperature [ITS-90, deg C]
# name 9 = depSM: Depth [salt water, m], lat = 59.00
# name 10 = potemp090C: Potential Temperature [ITS-90, deg C]
# name 11 = sigma-é00: Density [sigma-theta, kg/m^3]
# name 12 = sbeox0ML/L: Oxygen, SBE 43 [ml/l]
# name 13 = sbeox0Mg/L: Oxygen, SBE 43 [mg/l]
# name 14 = sbeox0PS: Oxygen, SBE 43 [% saturation]
# name 15 = sbox0Mm/Kg: Oxygen, SBE 43 [umol/kg]
# name 16 = sbeox0Mm/L: Oxygen, SBE 43 [umol/l]
# name 17 = sbox0dV/dT: Oxygen, SBE 43 [dov/dt]
# name 18 = oxsolML/L: Oxygen Saturation, Garcia & Gordon [ml/l]
# name 19 = oxsolMg/L: Oxygen Saturation, Garcia & Gordon [mg/l]
# name 20 = oxsolMm/Kg: Oxygen Saturation, Garcia & Gordon [umol/kg]
# name 21 = n2satMg/L: Nitrogen Saturation [mg/l]
# name 22 = par: PAR/Irradiance, Biospherical/Licor
# name 23 = wetStar: Fluorescence, WET Labs WETstar [mg/m^3]
# name 24 = CStarAt0: Beam Attenuation, WET Labs C-Star [1/m]
# name 25 = CStarTr0: Beam Transmission, WET Labs C-Star [%]
# name 26 = flag: flag
# span 0 =         24,        539       
# span 1 = 212.420148, 212.421638       
# span 2 =    0.00160,    0.03735       
# span 3 =     0.0959,     2.2412       
# span 4 =      5.753,    134.474       
# span 5 =      1.006,     64.598       
# span 6 =  48686.959,  49160.426       
# span 7 =    30.9008,    31.1504       
# span 8 =     9.3326,     9.6753       
# span 9 =      1.000,     64.000       
# span 10 =     9.3259,     9.6756      
# span 11 =    23.8061,    24.0550      
# span 12 =     6.2924,     6.9537      
# span 13 =     8.9925,     9.9375      
# span 14 =     96.357,    106.567      
# span 15 =    274.491,    303.305      
# span 16 =    281.020,    310.552      
# span 17 =   -0.00759,    0.09015      
# span 18 =    6.52464,    6.56832      
# span 19 =    9.32436,    9.38679      
# span 20 =  284.59052,  286.45053      
# span 21 =   14.74603,   14.83442      
# span 22 = 4.0951e-02, 1.1741e+02      
# span 23 =     0.1598,    11.6107      
# span 24 =     0.5096,     4.6122      
# span 25 =    48.9369,    88.0394      
# span 26 = 0.0000e+00, 0.0000e+00      
# interval = meters: 1                  
# start_time = Jul 30 2012 10:04:55 [Instrument's time stamp, header]
# bad_flag = -9.990e-29
*END*
         24 212.420148    0.00160     0.0959      5.753      1.006  48686.959    30.9008     9.6708      1.000     9.6670    23.8061     6.2924     8.9925     96.357    274.491    281.020    0.01230    6.53036    9.33254  284.87003   14.75986 1.1741e+02     0.1598     4.6122    48.9369 0.0000e+00
        114 212.420408    0.00784     0.4706     28.233      2.010  48880.330    31.0228     9.6639      2.000     9.6653    23.9022     6.3369     9.0560     97.105    276.397    283.004    0.03714    6.52575    9.32595  284.63611   14.74817 9.3805e+01     6.0343     0.5713    83.2285 0.0000e+00
        261 212.420835    0.01809     1.0852     65.114      3.027  48866.721    31.0148     9.6705      3.000     9.6727    23.8949     6.9537     9.9375    106.567    303.305    310.552    0.09015    6.52518    9.32513  284.61356   14.74712 6.0420e+01     8.0097     0.8080    81.7094 0.0000e+00
        278 212.420883    0.01926     1.1555     69.331      4.044  48864.326    31.0133     9.6747      4.000     9.6756    23.8931     6.9220     9.8923    106.091    301.924    309.138    0.04835    6.52464    9.32436  284.59052   14.74603 4.5357e+01     8.0067     0.7982    81.9106 0.0000e+00
        282 212.420894    0.01951     1.1709     70.252      5.047  48857.910    31.0084     9.6753      5.000     9.6706    23.8892     6.8733     9.8226    105.341    299.798    306.960    0.02403    6.52477    9.32455  284.59751   14.74638 3.3885e+01     7.5841     0.7965    81.9447 0.0000e+00
        286 212.420905    0.01976     1.1858     71.146      6.055  48862.756    31.0105     9.6681      6.000     9.6638    23.8920     6.8530     9.7936    105.015    298.913    306.054    0.01314    6.52570    9.32588  284.63722   14.74827 2.6086e+01     8.0269     0.7833    82.2163 0.0000e+00
        290 212.420916    0.02004     1.2022     72.132      7.063  48872.761    31.0162     9.6616      7.000     9.6591    23.8975     6.8398     9.7748    104.802    298.336    305.465    0.00620    6.52641    9.32690  284.66669   14.74965 2.0017e+01     8.9950     0.7728    82.4310 0.0000e+00
        294 212.420929    0.02034     1.2204     73.224      8.076  48883.491    31.0230     9.6591      8.000     9.6571    23.9033     6.8386     9.7730    104.782    298.282    305.412    0.00361    6.52649    9.32701  284.66854   14.74972 1.4278e+01    10.0854     0.7863    82.1531 0.0000e+00
        298 212.420941    0.02063     1.2381     74.283      9.090  48889.470    31.0266     9.6575      9.000     9.6570    23.9063     6.8246     9.7531    104.567    297.672    304.788    0.00051    6.52656    9.32710  284.67054   14.74980 1.0438e+01    11.6107     0.7842    82.1979 0.0000e+00
        302 212.420952    0.02089     1.2536     75.214     10.096  48890.622    31.0271     9.6585     10.000     9.6572    23.9066     6.8073     9.7282    104.304    296.913    304.011   -0.00268    6.52639    9.32687  284.66333   14.74945 8.0021e+00    10.4646     0.7801    82.2819 0.0000e+00
        305 212.420962    0.02114     1.2686     76.119     11.099  48895.065    31.0297     9.6577     11.000     9.6555    23.9088     6.8016     9.7201    104.216    296.664    303.756   -0.00300    6.52640    9.32687  284.66289   14.74942 6.3180e+00    10.0347     0.7700    82.4889 0.0000e+00
        310 212.420974    0.02144     1.2866     77.195     12.112  48899.388    31.0320     9.6553     12.000     9.6536    23.9109     6.8009     9.7191    104.201    296.635    303.727   -0.00225    6.52665    9.32723  284.67339   14.74992 5.0560e+00    11.4479     0.7802    82.2797 0.0000e+00
        314 212.420987    0.02175     1.3052     78.309     13.129  48901.538    31.0331     9.6553     13.000     9.6544    23.9118     6.8050     9.7250    104.265    296.813    303.910   -0.00096    6.52659    9.32716  284.67075   14.74979 3.9621e+00    11.0804     0.7667    82.5594 0.0000e+00
        318 212.420997    0.02199     1.3198     79.188     14.138  48904.474    31.0348     9.6560     14.000     9.6541    23.9130     6.8045     9.7243    104.261    296.792    303.889   -0.00063    6.52644    9.32693  284.66345   14.74943 3.0296e+00    11.0908     0.7688    82.5145 0.0000e+00
        321 212.421006    0.02220     1.3322     79.933     15.137  48905.225    31.0349     9.6556     15.000     9.6536    23.9132     6.7988     9.7163    104.173    296.546    303.637   -0.00139    6.52648    9.32699  284.66530   14.74952 2.2872e+00    11.3424     0.7693    82.5035 0.0000e+00
        324 212.421017    0.02245     1.3469     80.813     16.139  48907.750    31.0360     9.6541     16.000     9.6506    23.9143     6.7965     9.7129    104.134    296.442    303.531   -0.00172    6.52666    9.32725  284.67284   14.74987 1.7370e+00    11.0754     0.7631    82.6328 0.0000e+00
        330 212.421033    0.02286     1.3716     82.295     17.170  48912.637    31.0382     9.6480     17.000     9.6429    23.9171     6.7907     9.7045    104.033    296.187    303.271   -0.00181    6.52745    9.32838  284.70646   14.75147 1.3955e+00     9.9050     0.7674    82.5441 0.0000e+00
        335 212.421046    0.02317     1.3900     83.403     18.181  48914.822    31.0383     9.6397     18.000     9.6291    23.9184     6.7850     9.6966    103.929    295.944    303.023   -0.00222    6.52862    9.33005  284.75724   14.75390 1.1349e+00     9.8166     0.7592    82.7128 0.0000e+00
        337 212.421054    0.02336     1.4016     84.097     19.178  48928.517    31.0458     9.6268     19.000     9.6200    23.9263     6.7836     9.6945    103.881    295.878    302.957   -0.00232    6.53017    9.33227  284.82246   14.75699 8.9878e-01    10.6038     0.7650    82.5936 0.0000e+00
        340 212.421063    0.02357     1.4145     84.873     20.181  48935.796    31.0497     9.6210     20.000     9.6150    23.9304     6.7833     9.6940    103.865    295.861    302.941   -0.00207    6.53084    9.33323  284.85088   14.75833 7.1699e-01    10.7247     0.7451    83.0035 0.0000e+00
        345 212.421075    0.02387     1.4322     85.934     21.193  48944.411    31.0544     9.6139     21.000     9.6087    23.9352     6.7725     9.6786    103.688    295.391    302.461   -0.00284    6.53166    9.33439  284.88501   14.75995 5.5463e-01     9.3000     0.7300    83.3181 0.0000e+00
        351 212.421093    0.02429     1.4570     87.422     22.219  48951.820    31.0578     9.6032     22.000     9.5964    23.9395     6.7487     9.6446    103.301    294.351    301.398   -0.00521    6.53307    9.33640  284.94524   14.76281 4.1562e-01     9.1659     0.7012    83.9200 0.0000e+00
        355 212.421104    0.02455     1.4733     88.397     23.223  48957.109    31.0601     9.5959     23.000     9.5898    23.9425     6.7399     9.6321    103.151    293.967    301.006   -0.00519    6.53402    9.33776  284.98596   14.76475 3.3061e-01     8.7757     0.7104    83.7273 0.0000e+00
        358 212.421113    0.02478     1.4867     89.201     24.224  48961.798    31.0623     9.5902     24.000     9.5848    23.9451     6.7434     9.6370    103.193    294.119    301.162   -0.00365    6.53476    9.33881  285.01729   14.76624 2.7617e-01     8.6622     0.7271    83.3800 0.0000e+00
        362 212.421124    0.02504     1.5023     90.138     25.231  48965.483    31.0639     9.5853     25.000     9.5802    23.9471     6.7454     9.6399    103.215    294.206    301.252   -0.00212    6.53538    9.33971  285.04418   14.76752 2.3082e-01     8.8608     0.7177    83.5757 0.0000e+00
        367 212.421140    0.02541     1.5244     91.464     26.249  48969.846    31.0654     9.5779     26.000     9.5724    23.9496     6.7377     9.6288    103.080    293.868    300.906   -0.00253    6.53638    9.34115  285.08724   14.76957 1.8387e-01     8.9260     0.7064    83.8123 0.0000e+00
        372 212.421154    0.02575     1.5452     92.715     27.265  48974.599    31.0677     9.5731     27.000     9.5689    23.9521     6.7307     9.6188    102.963    293.561    300.592   -0.00276    6.53698    9.34200  285.11262   14.77077 1.4324e-01     8.7994     0.6931    84.0911 0.0000e+00
        375 212.421164    0.02599     1.5596     93.576     28.269  48970.374    31.0640     9.5699     28.000     9.5580    23.9497     6.7353     9.6253    103.024    293.761    300.797   -0.00177    6.53760    9.34289  285.14017   14.77211 1.1878e-01     8.7999     0.7055    83.8300 0.0000e+00
        378 212.421173    0.02621     1.5728     94.368     29.273  48971.460    31.0615     9.5490     29.000     9.5249    23.9511     6.7429     9.6363    103.092    294.095    301.139   -0.00050    6.54073    9.34736  285.27621   14.77863 1.0285e-01     8.8113     0.6740    84.4944 0.0000e+00
        382 212.421183    0.02646     1.5876     95.257     30.277  49003.337    31.0789     9.5141     30.000     9.4980    23.9702     6.7349     9.6249    102.901    293.740    300.781   -0.00189    6.54503    9.35350  285.45855   14.78728 8.9877e-02     7.9992     0.6532    84.9338 0.0000e+00
        387 212.421199    0.02684     1.6103     96.618     31.301  49025.675    31.0907     9.4877     31.000     9.4690    23.9836     6.7078     9.5861    102.435    292.553    299.570   -0.00545    6.54835    9.35824  285.59950   14.79397 7.9162e-02     8.0358     0.6285    85.4610 0.0000e+00
        393 212.421214    0.02719     1.6318     97.907     32.306  49061.612    31.1089     9.4381     32.000     9.4263    24.0056     6.6888     9.5590    102.045    291.719    298.722   -0.00672    6.55475    9.36740  285.87275   14.80695 7.0264e-02     7.6787     0.5994    86.0840 0.0000e+00
        396 212.421224    0.02744     1.6463     98.780     33.325  49070.118    31.1132     9.4289     33.000     9.4185    24.0104     6.6828     9.5504    101.935    291.456    298.454   -0.00640    6.55591    9.36905  285.92191   14.80929 6.4123e-02     7.1765     0.6014    86.0395 0.0000e+00
        399 212.421232    0.02763     1.6575     99.451     34.317  49070.298    31.1112     9.4162     34.000     9.3970    24.0109     6.6798     9.5460    101.860    291.323    298.318   -0.00538    6.55783    9.37180  286.00557   14.81330 5.9085e-02     6.5447     0.5909    86.2676 0.0000e+00
        402 212.421241    0.02784     1.6703    100.220     35.322  49088.587    31.1205     9.3929     35.000     9.3793    24.0219     6.6757     9.5403    101.751    291.142    298.137   -0.00527    6.56082    9.37607  286.13283   14.81934 5.5085e-02     6.6656     0.5669    86.7875 0.0000e+00
        410 212.421264    0.02839     1.7035    102.210     36.345  49106.837    31.1311     9.3794     36.000     9.3745    24.0322     6.6433     9.4940    101.234    289.727    296.691   -0.00642    6.56233    9.37823  286.19577   14.82231 5.2078e-02     6.3871     0.5585    86.9684 0.0000e+00
        417 212.421284    0.02887     1.7320    103.919     37.370  49110.379    31.1327     9.3759     37.000     9.3736    24.0340     6.6348     9.4818    101.097    289.358    296.312   -0.00429    6.56278    9.37887  286.21488   14.82322 4.9849e-02     5.4985     0.5677    86.7675 0.0000e+00
        419 212.421292    0.02906     1.7437    104.622     38.367  49106.121    31.1298     9.3798     38.000     9.3716    24.0312     6.6451     9.4967    101.262    289.809    296.774   -0.00146    6.56235    9.37825  286.19670   14.82236 4.8231e-02     6.1408     0.5644    86.8417 0.0000e+00
        422 212.421298    0.02922     1.7531    105.186     39.361  49095.704    31.1214     9.3753     39.000     9.3576    24.0253     6.6549     9.5105    101.395    290.236    297.208    0.00015    6.56335    9.37967  286.24200   14.82456 4.6751e-02     5.8912     0.5775    86.5552 0.0000e+00
        425 212.421307    0.02942     1.7651    105.907     40.357  49116.803    31.1335     9.3581     40.000     9.3482    24.0375     6.6594     9.5169    101.432    290.426    297.407    0.00062    6.56533    9.38251  286.32511   14.82849 4.5298e-02     6.1436     0.5643    86.8428 0.0000e+00
        436 212.421340    0.03021     1.8127    108.762     41.415  49128.236    31.1403     9.3517     41.000     9.3493    24.0438     6.5975     9.4285    100.481    287.727    294.645   -0.00759    6.56598    9.38344  286.35142   14.82972 4.4607e-02     6.2307     0.5393    87.3867 0.0000e+00
        439 212.421347    0.03039     1.8230    109.379     42.402  49126.311    31.1388     9.3543     42.000     9.3498    24.0423     6.6232     9.4651    100.876    288.846    295.791   -0.00209    6.56564    9.38297  286.33756   14.82906 4.3865e-02     5.9999     0.5548    87.0483 0.0000e+00
        442 212.421356    0.03060     1.8358    110.145     43.405  49125.577    31.1377     9.3531     43.000     9.3474    24.0416     6.6393     9.4882    101.119    289.552    296.513    0.00092    6.56588    9.38330  286.34795   14.82956 4.3176e-02     5.8873     0.5535    87.0776 0.0000e+00
        446 212.421368    0.03087     1.8526    111.159     44.409  49128.430    31.1392     9.3523     44.000     9.3478    24.0428     6.6483     9.5011    101.254    289.941    296.912    0.00182    6.56593    9.38337  286.34991   14.82965 4.2717e-02     5.9201     0.5502    87.1485 0.0000e+00
        453 212.421388    0.03137     1.8820    112.922     45.443  49129.351    31.1390     9.3498     45.000     9.3422    24.0432     6.6459     9.4976    101.212    289.836    296.805    0.00057    6.56629    9.38389  286.36563   14.83040 4.2333e-02     5.0064     0.5529    87.0916 0.0000e+00
        457 212.421399    0.03165     1.8986    113.915     46.444  49134.780    31.1419     9.3457     46.000     9.3407    24.0461     6.6292     9.4738    100.950    289.108    296.060   -0.00217    6.56678    9.38458  286.38589   14.83136 4.2123e-02     5.4710     0.5394    87.3844 0.0000e+00
        460 212.421409    0.03188     1.9128    114.767     47.438  49136.704    31.1428     9.3454     47.000     9.3403    24.0468     6.6323     9.4782    100.998    289.243    296.198   -0.00156    6.56678    9.38458  286.38568   14.83135 4.1743e-02     5.2490     0.5381    87.4133 0.0000e+00
        466 212.421427    0.03230     1.9383    116.298     48.464  49137.736    31.1430     9.3454     48.000     9.3401    24.0470     6.6301     9.4751    100.964    289.146    296.099   -0.00110    6.56677    9.38458  286.38543   14.83133 4.1624e-02     5.7044     0.5414    87.3409 0.0000e+00
        471 212.421442    0.03267     1.9599    117.594     49.482  49139.193    31.1435     9.3446     49.000     9.3393    24.0476     6.6225     9.4642    100.846    288.815    295.760   -0.00172    6.56688    9.38473  286.38975   14.83154 4.1537e-02     6.0402     0.5625    86.8812 0.0000e+00
        474 212.421450    0.03285     1.9710    118.262     50.473  49140.218    31.1439     9.3447     50.000     9.3394    24.0478     6.6201     9.4608    100.812    288.712    295.655   -0.00182    6.56685    9.38467  286.38805   14.83146 4.1434e-02     5.6744     0.5491    87.1727 0.0000e+00
        477 212.421459    0.03308     1.9845    119.069     51.474  49141.957    31.1446     9.3445     51.000     9.3387    24.0484     6.6250     9.4678    100.885    288.924    295.873   -0.00109    6.56684    9.38467  286.38797   14.83145 4.1177e-02     5.5236     0.5413    87.3438 0.0000e+00
        484 212.421479    0.03355     2.0130    120.781     52.501  49143.619    31.1453     9.3441     52.000     9.3388    24.0491     6.6242     9.4666    100.872    288.887    295.834   -0.00056    6.56687    9.38472  286.38893   14.83149 4.1141e-02     5.3809     0.5337    87.5105 0.0000e+00
        490 212.421495    0.03395     2.0368    122.210     53.521  49142.765    31.1444     9.3444     53.000     9.3384    24.0483     6.6159     9.4547    100.746    288.524    295.462   -0.00168    6.56687    9.38471  286.38896   14.83150 4.1079e-02     5.3276     0.5436    87.2922 0.0000e+00
