CTD-processing/allCTD/CNV/2012_09-21_t9_s09_repeat4_cast175_4141.cnv
* Sea-Bird SBE19plus Data File:
* FileName = C:\Documents and Settings\kris.holderied.local\My Documents\2012-CTD-DATA-new-files\2012-09-21-CTD-HomerSpit-tide-time-series-KBRRctd\2012-09-21-CTD-HomerSpit-tide-repeat4\2012-09-21-HomerSpit-tide-repeat4-cast175.hex
* Software Version 1.54
* Temperature SN =  4141
* Conductivity SN =  4141
* System UpLoad Time = Oct 11 2012 19:18:39
** Kachemak Bay Homer Spit Line - Tidal repeat4
** Date:  2012-09-21
** Station: 9-09
** Start time (AKDT-24 hr): 1447
** Depth (ft): 271
** Comment:
# nquan = 27
# nvalues = 80                          
# units = specified
# name 0 = scan: Scan Count
# name 1 = timeJ: Julian Days
# name 2 = timeH: Time, Elapsed [hours]
# name 3 = timeM: Time, Elapsed [minutes]
# name 4 = timeS: Time, Elapsed [seconds]
# name 5 = prdM: Pressure, Strain Gauge [db]
# name 6 = specc: Specific Conductance [uS/cm]
# name 7 = sal00: Salinity, Practical [PSU]
# name 8 = tv290C: Temperature [ITS-90, deg C]
# name 9 = depSM: Depth [salt water, m], lat = 59.00
# name 10 = potemp090C: Potential Temperature [ITS-90, deg C]
# name 11 = sigma-é00: Density [sigma-theta, kg/m^3]
# name 12 = sbeox0ML/L: Oxygen, SBE 43 [ml/l]
# name 13 = sbeox0Mg/L: Oxygen, SBE 43 [mg/l]
# name 14 = sbeox0PS: Oxygen, SBE 43 [% saturation]
# name 15 = sbox0Mm/Kg: Oxygen, SBE 43 [umol/kg]
# name 16 = sbeox0Mm/L: Oxygen, SBE 43 [umol/l]
# name 17 = sbox0dV/dT: Oxygen, SBE 43 [dov/dt]
# name 18 = oxsolML/L: Oxygen Saturation, Garcia & Gordon [ml/l]
# name 19 = oxsolMg/L: Oxygen Saturation, Garcia & Gordon [mg/l]
# name 20 = oxsolMm/Kg: Oxygen Saturation, Garcia & Gordon [umol/kg]
# name 21 = n2satMg/L: Nitrogen Saturation [mg/l]
# name 22 = par: PAR/Irradiance, Biospherical/Licor
# name 23 = wetStar: Fluorescence, WET Labs WETstar [mg/m^3]
# name 24 = CStarAt0: Beam Attenuation, WET Labs C-Star [1/m]
# name 25 = CStarTr0: Beam Transmission, WET Labs C-Star [%]
# name 26 = flag: flag
# span 0 =        231,        603       
# span 1 = 265.616823, 265.617899       
# span 2 =    0.01597,    0.04182       
# span 3 =     0.9585,     2.5087       
# span 4 =     57.509,    150.522       
# span 5 =      1.014,     80.765       
# span 6 =  38822.278,  48515.426       
# span 7 =    23.9984,    30.7129       
# span 8 =     9.0663,     9.7366       
# span 9 =      1.000,     80.000       
# span 10 =     9.0568,     9.7350      
# span 11 =    18.5100,    23.6875      
# span 12 =     5.3977,     6.4502      
# span 13 =     7.7138,     9.2179      
# span 14 =     82.249,     94.332      
# span 15 =    235.484,    282.564      
# span 16 =    241.061,    288.064      
# span 17 =   -0.02237,    0.00540      
# span 18 =    6.55597,    6.91950      
# span 19 =    9.36913,    9.88866      
# span 20 =  286.06023,  303.40898      
# span 21 =   14.81821,   15.67425      
# span 22 = 6.6464e-02, 6.5799e+01      
# span 23 =     0.6217,     2.7033      
# span 24 =     0.6232,     3.9264      
# span 25 =    37.6231,    85.5734      
# span 26 = 0.0000e+00, 0.0000e+00      
# interval = meters: 1                  
# start_time = Sep 21 2012 14:47:16 [Instrument's time stamp, header]
# bad_flag = -9.990e-29
*END*
        231 265.616823    0.01597     0.9585     57.509      1.014  38822.278    23.9984     9.0663      1.000     9.0568    18.5100     6.3842     9.1236     92.265    279.935    285.118    0.00229    6.91950    9.88866  303.40898   15.67425 6.5799e+01     0.9243     3.9264    37.6231 0.0000e+00
        327 265.617100    0.02262     1.3572     81.431      2.024  40630.625    25.2353     9.1127      2.000     9.2099    19.4684     6.4502     9.2179     94.063    282.564    288.064    0.00305    6.85733    9.79980  300.40007   15.52537 2.3500e+01     1.3246     3.7677    39.0209 0.0000e+00
        329 265.617105    0.02275     1.3650     81.900      3.024  41612.766    25.9261     9.2833      3.000     9.3369    19.9832     6.4152     9.1680     94.332    280.891    286.504    0.00540    6.80067    9.71884  297.76768   15.39677 1.0596e+01     1.4714     3.4335    42.4049 0.0000e+00
        333 265.617118    0.02305     1.3828     82.966      4.043  43574.778    27.2922     9.4167      4.000     9.4971    21.0294     6.2963     8.9980     93.680    275.401    281.192   -0.00174    6.72101    9.60499  293.97804   15.21004 5.2918e+00     1.7903     2.8110    49.5543 0.0000e+00
        336 265.617128    0.02329     1.3978     83.868      5.044  44118.173    27.6813     9.5356      5.000     9.5763    21.3152     6.1865     8.8410     92.521    270.521    276.287   -0.01217    6.68646    9.55562  292.38507   15.13231 3.1979e+00     1.5802     2.4154    54.6912 0.0000e+00
        340 265.617139    0.02356     1.4138     84.826      6.059  44684.327    28.0840     9.6252      6.000     9.6672    21.6156     6.0643     8.6665     91.111    265.102    270.832   -0.02217    6.65591    9.51197  290.96370   15.06272 2.0175e+00     1.6784     1.7125    65.2812 0.0000e+00
        344 265.617150    0.02382     1.4293     85.757      7.063  44937.101    28.2669     9.6918      7.000     9.7029    21.7481     6.0125     8.5925     90.574    262.804    268.520   -0.02237    6.63827    9.48676  290.15493   15.02331 1.3911e+00     1.8671     1.4218    70.0858 0.0000e+00
        348 265.617161    0.02410     1.4456     86.734      8.078  45074.454    28.3642     9.7104      8.000     9.7163    21.8211     6.0528     8.6501     91.275    264.547    270.319   -0.00894    6.63140    9.47693  289.83360   15.00755 9.8993e-01     2.0821     1.4262    70.0127 0.0000e+00
        352 265.617172    0.02435     1.4608     87.645      9.083  45306.040    28.5263     9.7222      9.000     9.7235    21.9458     6.0955     8.7111     92.039    266.379    272.225    0.00166    6.62276    9.46459  289.42105   14.98716 7.0530e-01     2.2595     1.2176    73.7634 0.0000e+00
        355 265.617183    0.02461     1.4768     88.606     10.098  45896.768    28.9382     9.7272     10.000     9.7320    22.2661     6.1059     8.7260     92.450    266.751    272.690    0.00540    6.60453    9.43854  288.53412   14.94307 5.3503e-01     2.3951     1.0391    77.1320 0.0000e+00
        359 265.617193    0.02486     1.4916     89.498     11.103  46334.195    29.2441     9.7366     11.000     9.7350    22.5032     6.0873     8.6994     92.369    265.876    271.860    0.00365    6.59020    9.41806  287.84106   14.90867 4.0457e-01     2.7033     0.9763    78.3435 0.0000e+00
        363 265.617204    0.02511     1.5064     90.383     12.110  46391.193    29.2833     9.7351     12.000     9.7329    22.5341     6.0308     8.6188     91.533    263.404    269.340   -0.00478    6.58876    9.41600  287.76953   14.90509 3.1679e-01     2.5982     0.9804    78.2628 0.0000e+00
        366 265.617215    0.02538     1.5226     91.355     13.127  46438.962    29.3161     9.7341     13.000     9.7325    22.5599     5.9531     8.5076     90.369    260.000    265.865   -0.01498    6.58752    9.41423  287.70819   14.90203 2.4703e-01     2.3463     1.0413    77.0823 0.0000e+00
        370 265.617225    0.02562     1.5373     92.237     14.128  46478.620    29.3434     9.7334     14.000     9.7311    22.5812     5.9190     8.4588     89.866    258.504    264.342   -0.01647    6.58646    9.41271  287.65585   14.89941 1.9432e-01     2.3774     1.1084    75.7960 0.0000e+00
        374 265.617237    0.02589     1.5537     93.225     15.144  46514.150    29.3675     9.7309     15.000     9.7266    22.6004     5.9158     8.4542     89.826    258.357    264.197   -0.01160    6.58582    9.41180  287.62217   14.89770 1.5492e-01     2.2080     1.1220    75.5419 0.0000e+00
        378 265.617247    0.02616     1.5696     94.176     16.154  46612.033    29.4348     9.7244     16.000     9.7156    22.6539     5.9211     8.4618     89.932    258.578    264.435   -0.00680    6.58393    9.40909  287.52462   14.89276 1.2645e-01     2.2878     1.2140    73.8271 0.0000e+00
        381 265.617258    0.02641     1.5843     95.058     17.162  46828.456    29.5842     9.7126     17.000     9.7050    22.7723     5.9086     8.4440     89.806    258.003    263.879   -0.00557    6.57931    9.40249  287.28976   14.88092 1.0761e-01     2.2450     1.2501    73.1600 0.0000e+00
        385 265.617268    0.02665     1.5991     95.945     18.172  46934.699    29.6565     9.6997     18.000     9.6902    22.8308     5.8853     8.4107     89.468    256.971    262.838   -0.00718    6.57813    9.40081  287.22173   14.87737 9.5330e-02     2.2520     1.2699    72.7977 0.0000e+00
        388 265.617277    0.02689     1.6132     96.791     19.203  47118.302    29.7832     9.6887     19.000     9.6789    22.9314     5.8455     8.3538     88.914    255.208    261.060   -0.01009    6.57439    9.39545  287.02986   14.86768 8.6554e-02     1.9670     1.3472    71.4066 0.0000e+00
        391 265.617285    0.02706     1.6237     97.421     20.172  47204.863    29.8423     9.6796     20.000     9.6771    22.9789     5.7989     8.2872     88.221    253.163    258.980   -0.01452    6.57320    9.39376  286.96526   14.86435 8.1132e-02     1.7502     1.3038    72.1874 0.0000e+00
        394 265.617295    0.02729     1.6374     98.246     21.196  47287.871    29.9000     9.6791     21.000     9.6706    23.0239     5.7488     8.2156     87.490    250.962    256.741   -0.01846    6.57084    9.39038  286.84917   14.85856 7.7277e-02     1.8207     1.2277    73.5719 0.0000e+00
        398 265.617305    0.02755     1.6529     99.174     22.210  47364.614    29.9514     9.6646     22.000     9.6537    23.0664     5.7310     8.1902     87.219    250.175    255.946   -0.01591    6.57077    9.39029  286.83456   14.85766 7.4095e-02     1.6293     1.1654    74.7247 0.0000e+00
        401 265.617316    0.02780     1.6677    100.064     23.217  47571.834    30.0945     9.6506     23.000     9.6434    23.1802     5.7245     8.1808     87.172    249.861    255.653   -0.01160    6.56676    9.38456  286.62751   14.84717 7.2009e-02     1.7074     1.1798    74.4595 0.0000e+00
        405 265.617326    0.02805     1.6827    100.961     24.228  47768.279    30.2310     9.6442     24.000     9.6400    23.2878     5.7051     8.1531     86.942    248.991    254.789   -0.00971    6.56195    9.37768  286.38731   14.83513 7.1126e-02     1.3328     1.0450    77.0168 0.0000e+00
        408 265.617336    0.02829     1.6975    101.849     25.243  47814.113    30.2623     9.6416     25.000     9.6383    23.3127     5.6701     8.1032     86.422    247.459    253.228   -0.01173    6.56100    9.37631  286.33867   14.83268 6.9878e-02     1.3575     0.9307    79.2357 0.0000e+00
        412 265.617346    0.02851     1.7108    102.645     26.240  47833.095    30.2751     9.6406     26.000     9.6370    23.3227     5.6458     8.0684     86.056    246.394    252.141   -0.01260    6.56059    9.37574  286.31830   14.83165 6.9040e-02     1.4490     0.9365    79.1283 0.0000e+00
        415 265.617356    0.02877     1.7263    103.580     27.262  47841.055    30.2801     9.6393     27.000     9.6362    23.3269     5.6351     8.0532     85.894    245.929    251.666   -0.01055    6.56059    9.37573  286.31687   14.83157 6.9208e-02     1.2516     0.9098    79.6574 0.0000e+00
        419 265.617366    0.02900     1.7398    104.388     28.262  47843.569    30.2815     9.6392     28.000     9.6359    23.3280     5.6319     8.0485     85.845    245.787    251.521   -0.00811    6.56054    9.37567  286.31467   14.83145 6.8727e-02     1.1864     0.9455    78.9489 0.0000e+00
        422 265.617375    0.02924     1.7539    105.235     29.272  47850.212    30.2856     9.6389     29.000     9.6352    23.3314     5.6342     8.0519     85.882    245.887    251.624   -0.00560    6.56041    9.37547  286.30780   14.83110 6.7887e-02     1.1262     0.9758    78.3537 0.0000e+00
        426 265.617386    0.02948     1.7690    106.141     30.287  47855.180    30.2886     9.6380     30.000     9.6348    23.3338     5.6365     8.0551     85.916    245.984    251.724   -0.00351    6.56041    9.37548  286.30707   14.83106 6.7694e-02     1.1717     0.9671    78.5255 0.0000e+00
        429 265.617396    0.02973     1.7840    107.038     31.295  47862.488    30.2933     9.6384     31.000     9.6355    23.3374     5.6403     8.0606     85.978    246.151    251.896   -0.00199    6.56014    9.37510  286.29455   14.83044 6.7828e-02     1.1554     0.9272    79.3121 0.0000e+00
        433 265.617407    0.02998     1.7990    107.939     32.304  47869.016    30.2976     9.6392     32.000     9.6362    23.3407     5.6363     8.0548     85.920    245.974    251.716   -0.00174    6.55985    9.37469  286.28117   14.82978 6.7173e-02     1.2060     0.9238    79.3791 0.0000e+00
        436 265.617417    0.03024     1.8142    108.855     33.312  47869.167    30.2974     9.6400     33.000     9.6366    23.3404     5.6322     8.0490     85.859    245.796    251.533   -0.00215    6.55975    9.37454  286.27671   14.82958 6.7313e-02     1.0671     0.9439    78.9798 0.0000e+00
        440 265.617429    0.03050     1.8299    109.797     34.329  47885.607    30.3085     9.6405     34.000     9.6383    23.3491     5.6327     8.0498     85.876    245.818    251.558   -0.00135    6.55920    9.37376  286.25024   14.82826 6.7271e-02     1.2218     0.9090    79.6725 0.0000e+00
        444 265.617438    0.03073     1.8441    110.648     35.327  47965.060    30.3641     9.6421     35.000     9.6373    23.3921     5.6345     8.0523     85.937    245.888    251.640   -0.00057    6.55663    9.37009  286.12610   14.82210 6.7173e-02     1.0866     0.8411    81.0383 0.0000e+00
        447 265.617449    0.03100     1.8602    111.614     36.350  47991.078    30.3816     9.6394     36.000     9.6332    23.4063     5.6351     8.0531     85.949    245.908    251.664   -0.00017    6.55629    9.36960  286.10723   14.82113 6.6850e-02     1.1592     0.8183    81.5009 0.0000e+00
        451 265.617459    0.03123     1.8741    112.444     37.344  48010.107    30.3941     9.6359     37.000     9.6314    23.4165     5.6258     8.0398     85.807    245.498    251.247   -0.00143    6.55628    9.36957  286.10372   14.82091 6.7097e-02     1.2096     0.8446    80.9646 0.0000e+00
        455 265.617470    0.03150     1.8901    113.408     38.370  48031.947    30.4087     9.6337     38.000     9.6252    23.4283     5.6179     8.0286     85.692    245.154    250.898   -0.00244    6.55597    9.36913  286.08696   14.82005 6.7098e-02     1.0754     0.7935    82.0063 0.0000e+00
        458 265.617480    0.03173     1.9035    114.212     39.372  48054.832    30.4233     9.6259     39.000     9.6160    23.4410     5.6159     8.0255     85.654    245.059    250.803   -0.00223    6.55648    9.36986  286.10577   14.82089 6.6464e-02     0.9403     0.8184    81.4974 0.0000e+00
        461 265.617488    0.03194     1.9165    114.988     40.374  48089.056    30.4457     9.6169     40.000     9.6060    23.4600     5.6159     8.0257     85.650    245.057    250.806   -0.00182    6.55683    9.37036  286.11564   14.82127 6.6780e-02     0.9149     0.8039    81.7938 0.0000e+00
        465 265.617499    0.03219     1.9315    115.888     41.393  48136.530    30.4773     9.6062     41.000     9.5988    23.4862     5.6047     8.0098     85.477    244.566    250.310   -0.00255    6.55704    9.37067  286.11784   14.82124 6.7016e-02     0.8997     0.7776    82.3333 0.0000e+00
        468 265.617509    0.03243     1.9459    116.756     42.405  48167.445    30.4980     9.6018     42.000     9.5938    23.5031     5.5768     7.9698     85.054    243.342    249.061   -0.00588    6.55683    9.37036  286.10354   14.82047 6.7110e-02     0.9360     0.7684    82.5241 0.0000e+00
        471 265.617518    0.03266     1.9594    117.561     43.404  48237.198    30.5454     9.5931     43.000     9.5804    23.5415     5.5573     7.9419     84.765    242.479    248.186   -0.00755    6.55607    9.36929  286.06023   14.81821 6.7207e-02     0.9440     0.7463    82.9803 0.0000e+00
        475 265.617529    0.03292     1.9749    118.491     44.428  48286.130    30.5775     9.5792     44.000     9.5697    23.5688     5.5430     7.9216     84.540    241.852    247.552   -0.00729    6.55674    9.37023  286.08118   14.81909 6.7207e-02     0.8358     0.7181    83.5674 0.0000e+00
        478 265.617539    0.03314     1.9884    119.302     45.421  48324.737    30.6032     9.5716     45.000     9.5617    23.5900     5.5250     7.8958     84.264    241.059    246.746   -0.00792    6.55676    9.37027  286.07623   14.81874 6.7049e-02     0.8515     0.7124    83.6862 0.0000e+00
        482 265.617549    0.03340     2.0042    120.251     46.443  48373.805    30.6360     9.5619     46.000     9.5520    23.6172     5.5126     7.8779     84.074    240.509    246.190   -0.00767    6.55678    9.37031  286.06980   14.81830 6.7074e-02     0.7792     0.6459    85.0891 0.0000e+00
        485 265.617559    0.03364     2.0185    121.113     47.447  48393.643    30.6485     9.5539     47.000     9.5451    23.6282     5.5049     7.8670     83.949    240.173    245.847   -0.00656    6.55741    9.37119  286.09389   14.81941 6.7259e-02     0.7901     0.6482    85.0390 0.0000e+00
        489 265.617570    0.03390     2.0338    122.026     48.458  48405.983    30.6560     9.5480     48.000     9.5410    23.6349     5.4958     7.8542     83.805    239.779    245.446   -0.00610    6.55795    9.37197  286.11569   14.82042 6.7197e-02     0.8391     0.6326    85.3732 0.0000e+00
        493 265.617581    0.03416     2.0495    122.972     49.475  48412.551    30.6597     9.5449     49.000     9.5388    23.6384     5.4905     7.8465     83.719    239.543    245.206   -0.00502    6.55824    9.37237  286.12708   14.82094 6.7317e-02     0.7030     0.6232    85.5734 0.0000e+00
        496 265.617590    0.03439     2.0634    123.802     50.471  48417.529    30.6626     9.5435     50.000     9.5373    23.6409     5.4834     7.8364     83.610    239.234    244.890   -0.00470    6.55832    9.37248  286.12991   14.82107 6.7085e-02     0.7329     0.6532    84.9347 0.0000e+00
        500 265.617602    0.03466     2.0799    124.795     51.494  48421.709    30.6649     9.5421     51.000     9.5359    23.6429     5.4786     7.8294     83.535    239.021    244.672   -0.00404    6.55843    9.37264  286.13409   14.82126 6.7251e-02     0.8195     0.6263    85.5069 0.0000e+00
        504 265.617612    0.03490     2.0941    125.644     52.495  48423.680    30.6657     9.5406     52.000     9.5332    23.6438     5.4742     7.8232     83.466    238.831    244.477   -0.00355    6.55860    9.37291  286.14175   14.82162 6.6978e-02     0.6969     0.6288    85.4543 0.0000e+00
        507 265.617622    0.03515     2.1091    126.544     53.505  48427.990    30.6679     9.5371     53.000     9.5298    23.6460     5.4727     7.8210     83.438    238.766    244.412   -0.00297    6.55902    9.37350  286.15932   14.82246 6.7083e-02     0.7251     0.6302    85.4245 0.0000e+00
