CTD-processing/allCTD/CNV/2012_09-21_t9_s09_repeat1_cast144_4141.cnv
* Sea-Bird SBE19plus Data File:
* FileName = C:\Documents and Settings\kris.holderied.local\My Documents\2012-CTD-DATA-new-files\2012-09-21-CTD-HomerSpit-tide-time-series-KBRRctd\2012-09-21-HomerSpit-repeat1-cast144.hex
* Software Version 1.54
* Temperature SN =  4141
* Conductivity SN =  4141
* System UpLoad Time = Oct 11 2012 17:59:11
** Kachemak Bay Homer Spit Line - Tidal repeat 1
** Date:  2012-09-21
** Station: 9-09
** Start time (AKDT-24 hr): 0944
** Depth (ft): 275
** Comment:
# nquan = 27
# nvalues = 82                          
# units = specified
# name 0 = scan: Scan Count
# name 1 = timeJ: Julian Days
# name 2 = timeH: Time, Elapsed [hours]
# name 3 = timeM: Time, Elapsed [minutes]
# name 4 = timeS: Time, Elapsed [seconds]
# name 5 = prdM: Pressure, Strain Gauge [db]
# name 6 = specc: Specific Conductance [uS/cm]
# name 7 = sal00: Salinity, Practical [PSU]
# name 8 = tv290C: Temperature [ITS-90, deg C]
# name 9 = depSM: Depth [salt water, m], lat = 59.00
# name 10 = potemp090C: Potential Temperature [ITS-90, deg C]
# name 11 = sigma-é00: Density [sigma-theta, kg/m^3]
# name 12 = sbeox0ML/L: Oxygen, SBE 43 [ml/l]
# name 13 = sbeox0Mg/L: Oxygen, SBE 43 [mg/l]
# name 14 = sbeox0PS: Oxygen, SBE 43 [% saturation]
# name 15 = sbox0Mm/Kg: Oxygen, SBE 43 [umol/kg]
# name 16 = sbeox0Mm/L: Oxygen, SBE 43 [umol/l]
# name 17 = sbox0dV/dT: Oxygen, SBE 43 [dov/dt]
# name 18 = oxsolML/L: Oxygen Saturation, Garcia & Gordon [ml/l]
# name 19 = oxsolMg/L: Oxygen Saturation, Garcia & Gordon [mg/l]
# name 20 = oxsolMm/Kg: Oxygen Saturation, Garcia & Gordon [umol/kg]
# name 21 = n2satMg/L: Nitrogen Saturation [mg/l]
# name 22 = par: PAR/Irradiance, Biospherical/Licor
# name 23 = wetStar: Fluorescence, WET Labs WETstar [mg/m^3]
# name 24 = CStarAt0: Beam Attenuation, WET Labs C-Star [1/m]
# name 25 = CStarTr0: Beam Transmission, WET Labs C-Star [%]
# name 26 = flag: flag
# span 0 =        154,        651       
# span 1 = 265.406069, 265.407505       
# span 2 =    0.01065,    0.04511       
# span 3 =     0.6390,     2.7067       
# span 4 =     38.341,    162.405       
# span 5 =      1.002,     82.731       
# span 6 =  42191.875,  48679.537       
# span 7 =    26.3354,    30.8177       
# span 8 =     9.4025,     9.6817       
# span 9 =      1.000,     82.000       
# span 10 =     9.4151,     9.6794      
# span 11 =    20.2852,    23.7807      
# span 12 =     5.2844,     5.8718      
# span 13 =     7.5519,     8.3914      
# span 14 =     80.453,     89.034      
# span 15 =    230.519,    256.443      
# span 16 =    236.000,    262.236      
# span 17 =   -0.01916,    0.01513      
# span 18 =    6.55692,    6.76457      
# span 19 =    9.37050,    9.66724      
# span 20 =  286.11463,  296.09792      
# span 21 =   14.82070,   15.31531      
# span 22 = 5.0980e-02, 2.2568e+02      
# span 23 =     0.4677,     2.0219      
# span 24 =     0.6812,     3.3190      
# span 25 =    44.2175,    84.3404      
# span 26 = 0.0000e+00, 0.0000e+00      
# interval = meters: 1                  
# start_time = Sep 21 2012 09:44:06 [Instrument's time stamp, header]
# bad_flag = -9.990e-29
*END*
[from data line 54]
        548 265.407207    0.03796     2.2773    136.639     55.522  48499.975    30.7125     9.4987     55.000     9.4918    23.6870     5.3890     7.7014     82.115    235.104    240.673   -0.00180    6.56270    9.37877  286.30872   14.82942 5.1331e-02     0.6697     0.8194    81.4762 0.0000e+00
        552 265.407218    0.03824     2.2946    137.674     56.539  48504.669    30.7152     9.4970     56.000     9.4906    23.6893     5.3939     7.7085     82.189    235.319    240.894   -0.00076    6.56284    9.37897  286.31412   14.82967 5.1299e-02     0.6715     0.7870    82.1405 0.0000e+00
        556 265.407230    0.03851     2.3105    138.631     57.548  48509.778    30.7183     9.4963     57.000     9.4893    23.6918     5.3937     7.7081     82.186    235.308    240.883   -0.00033    6.56282    9.37892  286.31212   14.82956 5.1395e-02     0.6340     0.8016    81.8418 0.0000e+00
        559 265.407240    0.03876     2.3254    139.525     58.546  48520.705    30.7253     9.4948     58.000     9.4882    23.6976     5.3886     7.7007     82.108    235.080    240.651   -0.00121    6.56274    9.37881  286.30721   14.82930 5.1377e-02     0.6385     0.7953    81.9715 0.0000e+00
        564 265.407253    0.03907     2.3442    140.654     59.581  48530.184    30.7315     9.4946     59.000     9.4883    23.7024     5.3862     7.6975     82.076    234.979    240.549   -0.00118    6.56250    9.37847  286.29532   14.82870 5.1353e-02     0.6548     0.7786    82.3120 0.0000e+00
        567 265.407263    0.03930     2.3580    141.480     60.562  48530.820    30.7315     9.4946     60.000     9.4883    23.7025     5.3925     7.7064     82.171    235.252    240.829   -0.00028    6.56250    9.37847  286.29539   14.82871 5.1321e-02     0.6603     0.7912    82.0539 0.0000e+00
        571 265.407275    0.03961     2.3767    142.600     61.600  48530.426    30.7309     9.4949     61.000     9.4885    23.7020     5.4023     7.7203     82.320    235.678    241.264    0.00137    6.56249    9.37845  286.29484   14.82868 5.1614e-02     0.6220     0.7771    82.3431 0.0000e+00
        575 265.407285    0.03983     2.3901    143.407     62.582  48530.590    30.7306     9.4951     62.000     9.4885    23.7017     5.3987     7.7154     82.267    235.526    241.108    0.00047    6.56246    9.37842  286.29399   14.82864 5.1301e-02     0.6624     0.8112    81.6456 0.0000e+00
        579 265.407297    0.04013     2.4078    144.468     63.617  48531.478    30.7308     9.4951     63.000     9.4887    23.7019     5.3932     7.7075     82.184    235.286    240.862   -0.00068    6.56244    9.37838  286.29298   14.82859 5.1776e-02     0.5550     0.7727    82.4356 0.0000e+00
        582 265.407307    0.04037     2.4222    145.329     64.609  48532.279    30.7309     9.4955     64.000     9.4885    23.7020     5.3849     7.6957     82.057    234.924    240.492   -0.00162    6.56239    9.37832  286.29085   14.82849 5.1535e-02     0.5897     0.7964    81.9478 0.0000e+00
        586 265.407318    0.04064     2.4383    146.298     65.627  48536.847    30.7337     9.4949     65.000     9.4875    23.7042     5.3878     7.6996     82.101    235.046    240.618   -0.00121    6.56236    9.37827  286.28879   14.82838 5.1537e-02     0.6035     0.8098    81.6748 0.0000e+00
        590 265.407329    0.04089     2.4536    147.214     66.634  48544.484    30.7385     9.4938     66.000     9.4854    23.7081     5.3970     7.7129     82.242    235.449    241.032    0.00066    6.56232    9.37822  286.28622   14.82824 5.1515e-02     0.6177     0.8708    80.4382 0.0000e+00
        594 265.407340    0.04115     2.4690    148.138     67.636  48554.574    30.7448     9.4913     67.000     9.4833    23.7135     5.3901     7.7029     82.135    235.143    240.719   -0.00034    6.56241    9.37834  286.28853   14.82832 5.1510e-02     0.6298     0.8893    80.0666 0.0000e+00
        598 265.407352    0.04146     2.4875    149.247     68.668  48563.614    30.7505     9.4898     68.000     9.4821    23.7183     5.3803     7.6890     81.988    234.720    240.286   -0.00192    6.56240    9.37833  286.28658   14.82820 5.1571e-02     0.5652     0.8496    80.8646 0.0000e+00
        601 265.407361    0.04168     2.5003    150.019     69.651  48570.063    30.7546     9.4894     69.000     9.4812    23.7214     5.3788     7.6869     81.966    234.651    240.217   -0.00180    6.56228    9.37816  286.28041   14.82790 5.1527e-02     0.6519     0.8717    80.4187 0.0000e+00
        605 265.407373    0.04196     2.5174    151.043     70.679  48577.241    30.7588     9.4867     70.000     9.4780    23.7253     5.3852     7.6960     82.060    234.928    240.501   -0.00047    6.56249    9.37845  286.28855   14.82827 5.1719e-02     0.6387     0.8149    81.5695 0.0000e+00
        609 265.407383    0.04220     2.5321    151.927     71.676  48582.612    30.7619     9.4851     71.000     9.4766    23.7280     5.3886     7.7008     82.111    235.076    240.653    0.00008    6.56259    9.37860  286.29207   14.82843 5.1699e-02     0.6184     0.8319    81.2233 0.0000e+00
        612 265.407394    0.04246     2.5476    152.853     72.695  48588.667    30.7654     9.4821     72.000     9.4713    23.7311     5.3900     7.7029     82.129    235.139    240.719    0.00019    6.56288    9.37901  286.30395   14.82898 5.1699e-02     0.5265     0.8513    80.8305 0.0000e+00
        616 265.407404    0.04270     2.5622    153.730     73.698  48594.682    30.7685     9.4771     73.000     9.4666    23.7344     5.3852     7.6959     82.048    234.925    240.501   -0.00047    6.56348    9.37988  286.32932   14.83018 5.1689e-02     0.5540     0.8969    79.9149 0.0000e+00
        620 265.407415    0.04297     2.5781    154.684     74.714  48601.947    30.7724     9.4710     74.000     9.4573    23.7384     5.3747     7.6810     81.879    234.469    240.035   -0.00214    6.56420    9.38089  286.35931   14.83160 5.1673e-02     0.5497     0.9431    78.9960 0.0000e+00
        623 265.407426    0.04322     2.5935    155.607     75.720  48615.728    30.7799     9.4580     75.000     9.4423    23.7463     5.3647     7.6668     81.708    234.032    239.589   -0.00313    6.56576    9.38313  286.42539   14.83472 5.1692e-02     0.5421     1.0426    77.0585 0.0000e+00
        627 265.407436    0.04348     2.6089    156.532     76.735  48634.740    30.7912     9.4456     76.000     9.4347    23.7571     5.3468     7.6411     81.418    233.248    238.788   -0.00474    6.56709    9.38502  286.48027   14.83730 5.1819e-02     0.5682     1.1437    75.1304 0.0000e+00
        631 265.407447    0.04372     2.6234    157.402     77.741  48643.866    30.7966     9.4416     77.000     9.4306    23.7619     5.3233     7.6075     81.056    232.221    237.739   -0.00695    6.56744    9.38552  286.49409   14.83794 5.1700e-02     0.5767     1.2063    73.9656 0.0000e+00
        634 265.407457    0.04397     2.6378    158.269     78.747  48660.360    30.8070     9.4356     78.000     9.4242    23.7710     5.3063     7.5831     80.791    231.476    236.979   -0.00779    6.56789    9.38617  286.51122   14.83872 5.1891e-02     0.5532     1.3665    71.0620 0.0000e+00
        638 265.407468    0.04423     2.6537    159.220     79.762  48666.302    30.8102     9.4317     79.000     9.4229    23.7741     5.2929     7.5641     80.582    230.892    236.382   -0.00733    6.56830    9.38676  286.52847   14.83953 5.1714e-02     0.5751     1.4566    69.4774 0.0000e+00
        642 265.407479    0.04448     2.6693    160.157     80.768  48669.994    30.8123     9.4308     80.000     9.4218    23.7759     5.2844     7.5519     80.453    230.519    236.000   -0.00655    6.56836    9.38683  286.53022   14.83961 5.1805e-02     0.4677     1.4659    69.3180 0.0000e+00
        646 265.407491    0.04479     2.6872    161.233     81.777  48672.647    30.8136     9.4298     81.000     9.4205    23.7770     5.2889     7.5583     80.520    230.716    236.202   -0.00373    6.56843    9.38695  286.53345   14.83975 5.1918e-02     0.5104     1.5117    68.5293 0.0000e+00
        651 265.407505    0.04511     2.7067    162.405     82.731  48679.537    30.8177     9.4280     82.000     9.4181    23.7807     5.2883     7.5573     80.507    230.688    236.173   -0.00236    6.56855    9.38712  286.53733   14.83993 5.1946e-02     0.5130     1.6111    66.8395 0.0000e+00
