CTD-processing/allCTD/CNV/2012_05-31b_t9_s03b_cast019_4141.cnv
* Sea-Bird SBE19plus Data File:
* FileName = C:\Documents and Settings\kris.holderied.local\My Documents\2012-KBRR-CTD-Kachemak-Bay\2012-KBRR-CTD-cast019.hex
* Software Version 1.54
* Temperature SN =  4141
* Conductivity SN =  4141
* System UpLoad Time = Jul 24 2012 20:17:26
** Kachemak Bay - Homer Spit Line CTD Survey
** Date:  2012-xx-xx   xxxx Tide (x of 2 lines)
** Station: 9-3
** Start time (AKDT-24 hr): 18:03
** Depth (m): 91.4
** Comments: CTD time set wrong by 1 hour
# nquan = 27
# nvalues = 84                          
# units = specified
# name 0 = scan: Scan Count
# name 1 = timeJ: Julian Days
# name 2 = timeH: Time, Elapsed [hours]
# name 3 = timeM: Time, Elapsed [minutes]
# name 4 = timeS: Time, Elapsed [seconds]
# name 5 = prdM: Pressure, Strain Gauge [db]
# name 6 = specc: Specific Conductance [uS/cm]
# name 7 = sal00: Salinity, Practical [PSU]
# name 8 = tv290C: Temperature [ITS-90, deg C]
# name 9 = depSM: Depth [salt water, m], lat = 59.00
# name 10 = potemp090C: Potential Temperature [ITS-90, deg C]
# name 11 = sigma-é00: Density [sigma-theta, kg/m^3]
# name 12 = sbeox0ML/L: Oxygen, SBE 43 [ml/l]
# name 13 = sbeox0Mg/L: Oxygen, SBE 43 [mg/l]
# name 14 = sbeox0PS: Oxygen, SBE 43 [% saturation]
# name 15 = sbox0Mm/Kg: Oxygen, SBE 43 [umol/kg]
# name 16 = sbeox0Mm/L: Oxygen, SBE 43 [umol/l]
# name 17 = sbox0dV/dT: Oxygen, SBE 43 [dov/dt]
# name 18 = oxsolML/L: Oxygen Saturation, Garcia & Gordon [ml/l]
# name 19 = oxsolMg/L: Oxygen Saturation, Garcia & Gordon [mg/l]
# name 20 = oxsolMm/Kg: Oxygen Saturation, Garcia & Gordon [umol/kg]
# name 21 = n2satMg/L: Nitrogen Saturation [mg/l]
# name 22 = par: PAR/Irradiance, Biospherical/Licor
# name 23 = wetStar: Fluorescence, WET Labs WETstar [mg/m^3]
# name 24 = CStarAt0: Beam Attenuation, WET Labs C-Star [1/m]
# name 25 = CStarTr0: Beam Transmission, WET Labs C-Star [%]
# name 26 = flag: flag
# span 0 =        174,        568       
# span 1 = 152.797354, 152.798494       
# span 2 =    0.01205,    0.03940       
# span 3 =     0.7229,     2.3638       
# span 4 =     43.371,    141.825       
# span 5 =      1.014,     84.808       
# span 6 =  47181.120,  51181.847       
# span 7 =    29.5981,    31.6974       
# span 8 =     4.5786,     7.9401       
# span 9 =      1.000,     84.000       
# span 10 =     4.5728,     7.7063      
# span 11 =    23.0429,    25.1027      
# span 12 =     6.5214,     7.9951      
# span 13 =     9.3198,    11.4259      
# span 14 =     95.158,    112.527      
# span 15 =    284.680,    348.474      
# span 16 =    291.246,    357.065      
# span 17 =   -0.04971,    0.03544      
# span 18 =    6.84568,    7.30676      
# span 19 =    9.78316,   10.44208      
# span 20 =  298.84198,  318.33809      
# span 21 =   15.43261,   16.35301      
# span 22 = 3.2041e-02, 1.2396e+02      
# span 23 =     0.2242,     7.1330      
# span 24 =     0.3158,     2.1264      
# span 25 =    64.0203,    92.4101      
# span 26 = 0.0000e+00, 0.0000e+00      
# interval = meters: 1                  
# start_time = May 31 2012 19:07:28 [Instrument's time stamp, header]
# bad_flag = -9.990e-29
*END*
        174 152.797354    0.01205     0.7229     43.371      1.014  47255.634    29.6320     7.8576      1.000     7.7063    23.0803     6.5214     9.3198     95.158    284.680    291.246    0.02492    6.85708    9.79945  299.32530   15.45552 1.2396e+02     1.6561     2.1264    64.0203 0.0000e+00
        324 152.797785    0.02240     1.3443     80.657      2.027  47181.120    29.5981     7.9401      2.000     7.0295    23.0429     7.6089    10.8739    111.146    332.158    339.812    0.00420    6.84568    9.78316  298.84198   15.43261 7.9537e+01     3.5750     1.1292    74.9949 0.0000e+00
        318 152.797769    0.02202     1.3215     79.291      3.032  48837.092    30.5663     6.8225      3.000     6.3386    23.9508     7.4198    10.6036    106.310    323.616    331.366   -0.02739    6.97955    9.97448  304.41571   15.69443 5.7979e+01     3.3821     0.8927    80.0053 0.0000e+00
        321 152.797777    0.02219     1.3313     79.877      4.040  49616.164    31.0126     6.3037      4.000     6.1664    24.3669     7.3507    10.5048    104.359    320.472    328.281   -0.04971    7.04361   10.06602  307.08491   15.81981 4.3724e+01     3.3326     0.7623    82.6486 0.0000e+00
        323 152.797783    0.02235     1.3409     80.455      5.047  49822.558    31.1254     6.1455      5.000     6.0781    24.4750     7.4514    10.6487    105.476    324.827    332.777   -0.03836    7.06450   10.09588  307.96313   15.86119 3.3244e+01     3.2333     0.7612    82.6708 0.0000e+00
        325 152.797789    0.02251     1.3506     81.035      6.056  49903.741    31.1659     6.0659      6.000     5.9876    24.5163     7.7273    11.0432    109.207    336.845    345.103    0.00525    7.07582   10.11205  308.44387   15.88394 2.5820e+01     4.1487     0.7439    83.0300 0.0000e+00
        327 152.797796    0.02267     1.3603     81.621      7.065  50002.574    31.2162     5.9748      7.000     5.9043    24.5670     7.9227    11.3224    111.767    345.344    353.828    0.03263    7.08863   10.13037  308.98747   15.90963 1.9616e+01     5.6402     0.7574    82.7502 0.0000e+00
        330 152.797804    0.02284     1.3704     82.222      8.075  50068.011    31.2443     5.8894      8.000     5.8002    24.5993     7.9912    11.4202    112.527    348.318    356.886    0.03544    7.10157   10.14885  309.54152   15.93590 1.5135e+01     5.9134     0.7474    82.9563 0.0000e+00
        332 152.797810    0.02301     1.3804     82.825      9.087  50171.590    31.2937     5.7794      9.000     5.6825    24.6512     7.9951    11.4259    112.328    348.474    357.065    0.02759    7.11770   10.17190  310.22889   15.96844 1.1763e+01     5.8500     0.7090    83.7571 0.0000e+00
        335 152.797817    0.02317     1.3903     83.416     10.091  50317.907    31.3717     5.6655     10.000     5.6024    24.7259     7.9560    11.3698    111.534    346.738    355.312    0.01535    7.13318   10.19403  310.88116   15.99919 9.2612e+00     7.1330     0.6576    84.8399 0.0000e+00
        337 152.797824    0.02334     1.4005     84.029     11.105  50433.534    31.4364     5.5933     11.000     5.5504    24.7853     7.8786    11.2594    110.310    343.351    351.861    0.00120    7.14233   10.20710  311.26164   16.01705 7.4031e+00     6.5456     0.6330    85.3646 0.0000e+00
        340 152.797832    0.02351     1.4107     84.644     12.114  50595.356    31.5371     5.5425     12.000     5.5342    24.8708     7.7863    11.1273    108.958    339.297    347.736   -0.01172    7.14613   10.21254  311.40145   16.02330 6.0826e+00     5.3821     0.5745    86.6224 0.0000e+00
        342 152.797839    0.02368     1.4210     85.261     13.121  50680.606    31.5945     5.5380     13.000     5.5585    24.9167     7.6987    11.0023    107.762    335.468    343.827   -0.02091    7.14417   10.20974  311.30198   16.01833 5.0603e+00     5.9031     0.5148    87.9244 0.0000e+00
        345 152.797846    0.02386     1.4315     85.889     14.134  50803.724    31.6850     5.5679     14.000     5.5936    24.9849     7.6222    10.8928    106.831    332.109    340.406   -0.02614    7.13478   10.19631  310.87198   15.99747 4.2433e+00     5.3521     0.4689    88.9393 0.0000e+00
        347 152.797853    0.02403     1.4418     86.511     15.142  50742.768    31.6477     5.5937     15.000     5.5839    24.9524     7.5710    10.8197    106.152    329.890    338.121   -0.02732    7.13221   10.19264  310.76995   15.99277 3.6418e+00     3.7922     0.3821    90.8907 0.0000e+00
        350 152.797861    0.02421     1.4521     87.128     16.151  50757.441    31.6550     5.5819     16.000     5.5717    24.9595     7.5118    10.7350    105.297    327.306    335.476   -0.02911    7.13386   10.19500  310.83983   15.99606 3.1365e+00     2.8757     0.3402    91.8480 0.0000e+00
        352 152.797867    0.02438     1.4625     87.750     17.161  50768.520    31.6601     5.5715     17.000     5.5643    24.9647     7.4494    10.6460    104.401    324.589    332.692   -0.03187    7.13538   10.19716  310.90434   15.99912 2.7556e+00     2.4021     0.3297    92.0880 0.0000e+00
        355 152.797875    0.02455     1.4729     88.376     18.173  50780.882    31.6666     5.5644     18.000     5.5602    24.9708     7.4008    10.5765    103.707    322.468    330.520   -0.03263    7.13627   10.19844  310.94127   16.00085 2.3873e+00     1.9210     0.3298    92.0860 0.0000e+00
        357 152.797882    0.02472     1.4830     88.983     19.180  50715.603    31.6196     5.5570     19.000     5.4947    24.9344     7.3792    10.5455    103.353    321.534    329.552   -0.02983    7.13974   10.20341  311.10377   16.00878 2.0566e+00     2.0627     0.3200    92.3103 0.0000e+00
        359 152.797889    0.02489     1.4932     89.592     20.189  50650.414    31.5569     5.4727     20.000     5.3654    24.8944     7.3658    10.5263    102.915    320.962    328.952   -0.02746    7.15704   10.22812  311.86947   16.04550 1.7915e+00     1.6520     0.3158    92.4101 0.0000e+00
        362 152.797896    0.02506     1.5036     90.215     21.199  50737.990    31.5905     5.3463     21.000     5.2741    24.9353     7.3419    10.4924    102.299    319.913    327.890   -0.02734    7.17695   10.25658  312.72494   16.08611 1.5440e+00     1.3650     0.3319    92.0379 0.0000e+00
        364 152.797903    0.02524     1.5140     90.840     22.208  50863.337    31.6586     5.2618     22.000     5.2446    24.9986     7.3035    10.4375    101.606    318.221    326.176   -0.02828    7.18811   10.27254  313.19183   16.10805 1.3163e+00     1.1243     0.3489    91.6473 0.0000e+00
        367 152.797911    0.02541     1.5245     91.469     23.218  50883.235    31.6681     5.2438     23.000     5.2292    25.0081     7.2733    10.3943    101.148    316.900    324.825   -0.02738    7.19075   10.27631  313.30406   16.11336 1.1427e+00     0.8202     0.3561    91.4825 0.0000e+00
        369 152.797918    0.02558     1.5351     92.106     24.230  50774.055    31.5887     5.2261     24.000     5.1545    24.9473     7.2630    10.3796    100.909    316.473    324.368   -0.02442    7.19760   10.28610  313.62100   16.12878 9.7932e-01     1.0151     0.3834    90.8611 0.0000e+00
        372 152.797925    0.02575     1.5455     92.729     25.237  50795.032    31.5839     5.1375     25.000     5.0754    24.9531     7.2565    10.3703    100.602    316.187    324.077   -0.02182    7.21308   10.30820  314.29332   16.16080 8.4008e-01     0.8069     0.3980    90.5292 0.0000e+00
        374 152.797932    0.02593     1.5559     93.353     26.249  50930.930    31.6616     5.0667     26.000     5.0614    25.0224     7.2422    10.3498    100.287    315.542    323.437   -0.02056    7.22153   10.32029  314.64077   16.17702 7.1578e-01     0.7053     0.4178    90.0832 0.0000e+00
        377 152.797940    0.02610     1.5661     93.964     27.256  50866.129    31.6145     5.0573     27.000     5.0165    24.9862     7.2461    10.3554    100.286    315.721    323.611   -0.01749    7.22542   10.32584  314.82096   16.18579 6.8479e-01     0.6630     0.4188    90.0584 0.0000e+00
        379 152.797946    0.02627     1.5763     94.576     28.265  50859.081    31.5981     5.0055     28.000     4.9621    24.9787     7.2539    10.3665    100.258    316.063    323.959   -0.01377    7.23519   10.33981  315.24891   16.20623 6.6189e-01     0.7402     0.4345    89.7083 0.0000e+00
        382 152.797953    0.02644     1.5865     95.191     29.277  50940.314    31.6424     4.9542     29.000     4.9495    25.0194     7.2553    10.3685    100.184    316.112    324.020   -0.01166    7.24191   10.34942  315.52967   16.21942 5.1798e-01     0.7234     0.4506    89.3445 0.0000e+00
        384 152.797961    0.02662     1.5968     95.807     30.283  50958.092    31.6540     4.9540     30.000     4.9527    25.0286     7.2472    10.3569    100.079    315.755    323.658   -0.01084    7.24140   10.34868  315.50432   16.21816 4.1170e-01     0.6291     0.4537    89.2784 0.0000e+00
        387 152.797968    0.02679     1.6073     96.436     31.305  50921.949    31.6276     4.9492     31.000     4.9288    25.0083     7.2440    10.3524    100.007    315.622    323.516   -0.00921    7.24352   10.35172  315.60304   16.22298 3.4176e-01     0.8113     0.4528    89.2984 0.0000e+00
        389 152.797975    0.02694     1.6170     97.019     32.374  50921.334    31.6223     4.9293     32.000     4.9087    25.0062     7.2421    10.3498     99.930    315.547    323.438   -0.00825    7.24722   10.35701  315.76506   16.23071 2.9002e-01     0.7500     0.4593    89.1501 0.0000e+00
        391 152.797979    0.02705     1.6234     97.404     33.251  50952.713    31.6398     4.9129     33.000     4.9086    25.0218     7.2380    10.3439     99.845    315.359    323.249   -0.00811    7.24922   10.35986  315.84714   16.23453 2.4519e-01     0.7806     0.4642    89.0446 0.0000e+00
        393 152.797987    0.02723     1.6341     98.043     34.330  50962.652    31.6457     4.9112     34.000     4.9096    25.0267     7.2358    10.3408     99.816    315.264    323.154   -0.00705    7.24924   10.35989  315.84643   16.23449 2.1459e-01     0.8320     0.4663    88.9965 0.0000e+00
        396 152.797994    0.02741     1.6446     98.675     35.333  50954.347    31.6398     4.9122     35.000     4.9065    25.0219     7.2347    10.3392     99.797    315.216    323.103   -0.00590    7.24936   10.36006  315.85319   16.23483 1.8552e-01     0.9918     0.4673    88.9750 0.0000e+00
        398 152.798001    0.02759     1.6552     99.312     36.344  50954.220    31.6383     4.9081     36.000     4.9008    25.0211     7.2366    10.3419     99.814    315.299    323.187   -0.00464    7.25014   10.36118  315.88733   16.23646 1.5804e-01     0.8827     0.4676    88.9684 0.0000e+00
        401 152.798008    0.02776     1.6656     99.935     37.353  50957.606    31.6388     4.9020     37.000     4.8937    25.0222     7.2373    10.3428     99.808    315.328    323.219   -0.00394    7.25118   10.36266  315.93216   16.23859 1.3960e-01     0.6460     0.4713    88.8858 0.0000e+00
        403 152.798016    0.02793     1.6759    100.551     38.360  50948.899    31.6306     4.8939     38.000     4.8801    25.0165     7.2356    10.3405     99.761    315.259    323.145   -0.00354    7.25299   10.36525  316.01294   16.24247 1.2506e-01     0.6456     0.4648    89.0304 0.0000e+00
        406 152.798023    0.02811     1.6864    101.184     39.372  50951.969    31.6289     4.8788     39.000     4.8655    25.0168     7.2329    10.3366     99.686    315.137    323.020   -0.00361    7.25568   10.36909  316.13013   16.24806 1.1117e-01     0.7868     0.4743    88.8201 0.0000e+00
        408 152.798030    0.02828     1.6969    101.817     40.382  50965.499    31.6350     4.8664     40.000     4.8574    25.0229     7.2272    10.3284     99.582    314.886    322.766   -0.00388    7.25754   10.37176  316.20940   16.25180 9.9058e-02     0.7427     0.4815    88.6594 0.0000e+00
        411 152.798037    0.02846     1.7075    102.448     41.390  50986.260    31.6473     4.8603     41.000     4.8620    25.0334     7.2211    10.3197     99.491    314.617    322.493   -0.00408    7.25800   10.37241  316.22622   16.25255 9.1253e-02     0.7642     0.4808    88.6756 0.0000e+00
        413 152.798045    0.02864     1.7182    103.091     42.403  50960.293    31.6306     4.8676     42.000     4.8557    25.0194     7.2196    10.3175     99.477    314.558    322.428   -0.00372    7.25757   10.37179  316.21152   16.25191 8.4028e-02     0.7363     0.4784    88.7282 0.0000e+00
        416 152.798053    0.02881     1.7287    103.720     43.410  50969.118    31.6337     4.8564     43.000     4.8478    25.0230     7.2206    10.3190     99.467    314.601    322.473   -0.00307    7.25935   10.37434  316.28801   16.25555 7.7260e-02     0.6918     0.4822    88.6421 0.0000e+00
        418 152.798059    0.02899     1.7393    104.359     44.420  50986.065    31.6436     4.8506     44.000     4.8426    25.0315     7.2218    10.3208     99.476    314.651    322.527   -0.00247    7.25989   10.37511  316.30905   16.25651 7.0801e-02     0.5912     0.4827    88.6322 0.0000e+00
        421 152.798067    0.02917     1.7500    104.997     45.430  50952.727    31.6175     4.8380     45.000     4.8214    25.0122     7.2210    10.3196     99.417    314.621    322.491   -0.00247    7.26335   10.38005  316.46585   16.26408 6.7921e-02     0.7287     0.4985    88.2836 0.0000e+00
        423 152.798074    0.02934     1.7604    105.623     46.435  51009.236    31.6530     4.8255     46.000     4.8195    25.0416     7.2133    10.3084     99.304    314.273    322.143   -0.00305    7.26381   10.38070  316.47639   16.26443 6.3904e-02     0.7062     0.4970    88.3160 0.0000e+00
        426 152.798082    0.02952     1.7712    106.274     47.449  50984.454    31.6345     4.8210     47.000     4.8072    25.0274     7.2089    10.3023     99.222    314.089    321.951   -0.00340    7.26549   10.38312  316.55453   16.26823 6.0066e-02     0.7517     0.5064    88.1085 0.0000e+00
        429 152.798089    0.02970     1.7822    106.934     48.460  50940.134    31.5985     4.7978     48.000     4.7580    25.0013     7.2070    10.2995     99.115    314.013    321.863   -0.00357    7.27131   10.39142  316.81557   16.28080 4.8094e-02     0.6042     0.5247    87.7064 0.0000e+00
        431 152.798097    0.02989     1.7932    107.590     49.468  50975.666    31.6122     4.7518     49.000     4.7160    25.0170     7.1977    10.2862     98.888    313.605    321.451   -0.00486    7.27868   10.40195  317.13195   16.29580 4.6095e-02     0.5880     0.5362    87.4557 0.0000e+00
        434 152.798105    0.03007     1.8041    108.243     50.478  50973.563    31.6001     4.7067     50.000     4.6574    25.0123     7.1850    10.2681     98.598    313.051    320.882   -0.00642    7.28717   10.41409  317.50334   16.31352 4.4774e-02     0.7230     0.5503    87.1476 0.0000e+00
        437 152.798112    0.03025     1.8150    108.902     51.487  50987.558    31.5956     4.6459     51.000     4.5934    25.0150     7.1674    10.2430     98.210    312.285    320.097   -0.00849    7.29808   10.42968  317.97791   16.33612 4.3056e-02     0.6067     0.5634    86.8623 0.0000e+00
        439 152.798120    0.03044     1.8260    109.563     52.498  51078.205    31.6441     4.5875     52.000     4.5728    25.0595     7.1462    10.2127     97.814    311.350    319.153   -0.01042    7.30597   10.44096  318.30803   16.35163 5.2653e-02     0.6489     0.5850    86.3942 0.0000e+00
        442 152.798128    0.03061     1.8368    110.210     53.507  51104.860    31.6598     4.5786     53.000     4.5747    25.0729     7.1273    10.1855     97.543    310.517    318.303   -0.01101    7.30676   10.44208  318.33809   16.35301 4.6030e-02     0.5947     0.5869    86.3534 0.0000e+00
