CTD-processing/allCTD/CNV/2012_07-31_t6_s26_cast096_4141.cnv
* Sea-Bird SBE19plus Data File:
* FileName = C:\Documents and Settings\kris.holderied.local\My Documents\2012-07-EVOS-CookInlet-Ocean\2012-07-CookInlet-Tran6-Douglas\2012-07-31-CookInlet-Tran6-cast096.hex
* Software Version 1.54
* Temperature SN =  4141
* Conductivity SN =  4141
* System UpLoad Time = Jul 31 2012 08:31:45
** Cook Inlet LTM Transect 6 (Douglas line)  East to West
** Date:  2012-07-31
** Station:  6-26
** Start time (AKDT-24 hr): 0007
** Depth (m): 171
** Comment: 50-1.4 kts, C06 188
# nquan = 27
# nvalues = 133                         
# units = specified
# name 0 = scan: Scan Count
# name 1 = timeJ: Julian Days
# name 2 = timeH: Time, Elapsed [hours]
# name 3 = timeM: Time, Elapsed [minutes]
# name 4 = timeS: Time, Elapsed [seconds]
# name 5 = prdM: Pressure, Strain Gauge [db]
# name 6 = specc: Specific Conductance [uS/cm]
# name 7 = sal00: Salinity, Practical [PSU]
# name 8 = tv290C: Temperature [ITS-90, deg C]
# name 9 = depSM: Depth [salt water, m], lat = 59.00
# name 10 = potemp090C: Potential Temperature [ITS-90, deg C]
# name 11 = sigma-é00: Density [sigma-theta, kg/m^3]
# name 12 = sbeox0ML/L: Oxygen, SBE 43 [ml/l]
# name 13 = sbeox0Mg/L: Oxygen, SBE 43 [mg/l]
# name 14 = sbeox0PS: Oxygen, SBE 43 [% saturation]
# name 15 = sbox0Mm/Kg: Oxygen, SBE 43 [umol/kg]
# name 16 = sbeox0Mm/L: Oxygen, SBE 43 [umol/l]
# name 17 = sbox0dV/dT: Oxygen, SBE 43 [dov/dt]
# name 18 = oxsolML/L: Oxygen Saturation, Garcia & Gordon [ml/l]
# name 19 = oxsolMg/L: Oxygen Saturation, Garcia & Gordon [mg/l]
# name 20 = oxsolMm/Kg: Oxygen Saturation, Garcia & Gordon [umol/kg]
# name 21 = n2satMg/L: Nitrogen Saturation [mg/l]
# name 22 = par: PAR/Irradiance, Biospherical/Licor
# name 23 = wetStar: Fluorescence, WET Labs WETstar [mg/m^3]
# name 24 = CStarAt0: Beam Attenuation, WET Labs C-Star [1/m]
# name 25 = CStarTr0: Beam Transmission, WET Labs C-Star [%]
# name 26 = flag: flag
# span 0 =        339,       1009       
# span 1 = 213.004544, 213.006481       
# span 2 =    0.02348,    0.07000       
# span 3 =     1.4091,     4.1999       
# span 4 =     84.547,    251.995       
# span 5 =      1.027,    134.296       
# span 6 =  47581.631,  51535.412       
# span 7 =    30.1884,    32.2288       
# span 8 =     6.0254,    10.3083       
# span 9 =      1.000,    133.000       
# span 10 =     5.9831,    10.3079      
# span 11 =    23.1486,    25.3591      
# span 12 =     5.5022,     6.6513      
# span 13 =     7.8632,     9.5055      
# span 14 =     78.235,    102.819      
# span 15 =    239.651,    290.330      
# span 16 =    245.728,    297.050      
# span 17 =   -0.04586,    0.01879      
# span 18 =    6.46870,    7.03297      
# span 19 =    9.24441,   10.05081      
# span 20 =  282.35549,  306.32421      
# span 21 =   14.64245,   15.77862      
# span 22 = 4.2512e-02, 5.7916e-02      
# span 23 =     0.1752,     4.3479      
# span 24 =     0.1223,     0.6119      
# span 25 =    85.9417,    96.9895      
# span 26 = 0.0000e+00, 0.0000e+00      
# interval = meters: 1                  
# start_time = Jul 31 2012 00:05:08 [Instrument's time stamp, header]
# bad_flag = -9.990e-29
*END*
[from data line 108]
        868 213.006074    0.06024     3.6141    216.844    110.057  50857.059    31.9709     7.1107    109.000     7.0383    25.0200     5.7424     8.2065     83.595    250.197    256.457   -0.01532    6.86941    9.81707  299.29935   15.44469 4.3020e-02     0.2408     0.3062    92.6299 0.0000e+00
        877 213.006099    0.06081     3.6486    218.914    111.073  51044.652    32.0612     6.8891    110.000     6.8620    25.1203     5.6845     8.1238     82.379    247.650    253.871   -0.01587    6.90047    9.86146  300.62332   15.50748 4.3100e-02     0.2203     0.3091    92.5644 0.0000e+00
        882 213.006115    0.06121     3.6725    220.348    112.086  51068.111    32.0722     6.8628    111.000     6.8419    25.1325     5.6332     8.0504     81.591    245.410    251.578   -0.01614    6.90418    9.86675  300.78114   15.51496 4.3067e-02     0.2053     0.3057    92.6426 0.0000e+00
        886 213.006124    0.06143     3.6856    221.135    113.076  51085.530    32.0812     6.8480    112.000     6.8341    25.1414     5.6399     8.0600     81.665    245.701    251.878   -0.01183    6.90612    9.86953  300.86302   15.51883 4.3041e-02     0.2128     0.3043    92.6740 0.0000e+00
        892 213.006142    0.06185     3.7112    222.672    114.094  51094.076    32.0852     6.8399    113.000     6.8287    25.1456     5.6499     8.0742     81.796    246.134    252.323   -0.00587    6.90724    9.87114  300.91078   15.52109 4.3044e-02     0.2096     0.3009    92.7538 0.0000e+00
        900 213.006165    0.06241     3.7448    224.688    115.114  51097.177    32.0865     6.8379    114.000     6.8283    25.1470     5.6474     8.0707     81.757    246.025    252.211   -0.00310    6.90750    9.87151  300.92152   15.52160 4.3093e-02     0.2103     0.3015    92.7385 0.0000e+00
        905 213.006180    0.06275     3.7650    225.902    116.122  51096.095    32.0854     6.8389    115.000     6.8275    25.1461     5.6553     8.0819     81.873    246.368    252.564   -0.00110    6.90738    9.87133  300.91656   15.52137 4.2988e-02     0.2090     0.2995    92.7866 0.0000e+00
        909 213.006191    0.06303     3.7819    226.915    117.122  51096.959    32.0846     6.8336    116.000     6.8199    25.1461     5.6559     8.0829     81.872    246.399    252.594   -0.00066    6.90827    9.87261  300.95552   15.52323 4.3101e-02     0.2074     0.2993    92.7906 0.0000e+00
        914 213.006208    0.06343     3.8058    228.346    118.140  51104.743    32.0883     6.8268    117.000     6.8158    25.1499     5.6533     8.0791     81.823    246.283    252.476   -0.00102    6.90919    9.87392  300.99443   15.52507 4.3114e-02     0.2060     0.2985    92.8085 0.0000e+00
        920 213.006223    0.06379     3.8276    229.658    119.147  51105.929    32.0885     6.8260    118.000     6.8154    25.1502     5.6559     8.0829     81.860    246.399    252.595   -0.00021    6.90931    9.87409  300.99963   15.52532 4.3057e-02     0.2059     0.3012    92.7447 0.0000e+00
        926 213.006241    0.06424     3.8540    231.241    120.157  51107.320    32.0892     6.8268    119.000     6.8170    25.1506     5.6541     8.0803     81.835    246.318    252.514   -0.00043    6.90915    9.87386  300.99239   15.52497 4.3186e-02     0.2043     0.2986    92.8053 0.0000e+00
        933 213.006261    0.06471     3.8825    232.950    121.180  51104.884    32.0873     6.8288    120.000     6.8170    25.1489     5.6450     8.0673     81.706    245.922    252.107   -0.00145    6.90891    9.87353  300.98259   15.52451 4.3073e-02     0.2048     0.2987    92.8053 0.0000e+00
        936 213.006270    0.06493     3.8960    233.758    122.171  50946.380    31.9732     6.8097    121.000     6.6293    25.0614     5.6560     8.0829     81.767    246.418    252.594   -0.00075    6.91718    9.88533  301.36815   15.54336 4.3112e-02     0.2045     0.3055    92.6480 0.0000e+00
        941 213.006285    0.06528     3.9167    234.999    123.182  51237.388    32.0982     6.4029    122.000     6.3029    25.2119     5.6302     8.0462     80.697    245.262    251.446   -0.00825    6.97707    9.97093  303.93319   15.66516 4.3164e-02     0.2033     0.4107    90.2429 0.0000e+00
        948 213.006304    0.06574     3.9447    236.684    124.204  51438.479    32.2061     6.2412    123.000     6.2225    25.3172     5.5594     7.9449     79.438    242.151    248.281   -0.01433    6.99843   10.00146  304.83238   15.70759 4.3230e-02     0.1953     0.3881    90.7533 0.0000e+00
        953 213.006319    0.06609     3.9656    237.938    125.202  51451.861    32.2120     6.2267    124.000     6.2127    25.3236     5.5260     7.8972     78.937    240.696    246.791   -0.01351    7.00052   10.00445  304.92182   15.71183 4.3172e-02     0.1851     0.3865    90.7901 0.0000e+00
        961 213.006342    0.06667     3.9998    239.987    126.226  51459.498    32.2150     6.2174    125.000     6.2069    25.3272     5.5241     7.8944     78.894    240.612    246.706   -0.00637    7.00191   10.00643  304.98091   15.71464 4.3190e-02     0.1924     0.3770    91.0052 0.0000e+00
        966 213.006357    0.06702     4.0214    241.283    127.231  51445.907    32.2046     6.2146    126.000     6.1906    25.3193     5.5306     7.9038     78.977    240.898    246.998   -0.00337    7.00284   10.00776  305.02387   15.71672 4.3173e-02     0.1817     0.3787    90.9682 0.0000e+00
        971 213.006370    0.06733     4.0396    242.377    128.229  51468.781    32.2137     6.1832    127.000     6.1640    25.3304     5.5311     7.9045     78.931    240.917    247.020   -0.00267    7.00757   10.01451  305.22645   15.72634 4.3242e-02     0.1891     0.3710    91.1414 0.0000e+00
        979 213.006393    0.06789     4.0732    244.392    129.255  51487.929    32.2229     6.1646    128.000     6.1515    25.3399     5.5172     7.8847     78.703    240.310    246.400   -0.00303    7.01018   10.01826  305.33774   15.73161 4.3196e-02     0.1855     0.3569    91.4647 0.0000e+00
        984 213.006409    0.06825     4.0952    245.711    130.255  51489.485    32.2203     6.1484    129.000     6.1298    25.3398     5.5183     7.8862     78.687    240.357    246.448   -0.00206    7.01298   10.02224  305.45923   15.73741 4.3332e-02     0.1773     0.3625    91.3364 0.0000e+00
        990 213.006426    0.06867     4.1202    247.214    131.269  51503.955    32.2259     6.1289    130.000     6.1132    25.3467     5.5189     7.8871     78.663    240.382    246.475   -0.00147    7.01591   10.02643  305.58482   15.74338 4.3204e-02     0.1812     0.3569    91.4638 0.0000e+00
        996 213.006445    0.06912     4.1467    248.804    132.278  51512.952    32.2288     6.1144    131.000     6.0987    25.3508     5.5083     7.8718     78.485    239.915    245.997   -0.00226    7.01815   10.02964  305.68137   15.74797 4.3262e-02     0.1752     0.3562    91.4785 0.0000e+00
       1003 213.006463    0.06955     4.1732    250.390    133.289  51511.974    32.2235     6.0932    132.000     6.0656    25.3491     5.5073     7.8704     78.430    239.875    245.955   -0.00185    7.02189   10.03498  305.84462   15.75577 4.3343e-02     0.1781     0.3497    91.6292 0.0000e+00
       1009 213.006481    0.07000     4.1999    251.995    134.296  51535.412    32.2256     6.0254    133.000     5.9831    25.3591     5.5022     7.8632     78.235    239.651    245.728   -0.00240    7.03297   10.05081  306.32421   15.77862 4.3242e-02     0.1823     0.3362    91.9370 0.0000e+00
