CTD-processing/allCTD/CNV/2012_05-02_t4_s06_cast006_5028.cnv
* Sea-Bird SBE19plus Data File:
* FileName = C:\Documents and Settings\glenn.seaman\My Documents\KHolderied-files\CTD-DATA-FILES\2012-05-LTM-LowerCookInlet-CTD\Transect4-2012-05-02\2012-05-02-LTM-Tran4-006.hex
* Software Version 1.59
* Temperature SN =  5028
* Conductivity SN =  5028
* System UpLoad Time = May 02 2012 16:23:29
** LTM Transect4-Barabara Pt to Bluff Pt
** Date: 2012-05-02
** Station:4-6
** Start time (AKDT-24hr):1444
** Depth (m):61
# nquan = 26
# nvalues = 60                          
# units = specified
# name 0 = scan: Scan Count
# name 1 = timeJ: Julian Days
# name 2 = timeH: Time, Elapsed [hours]
# name 3 = timeM: Time, Elapsed [minutes]
# name 4 = timeS: Time, Elapsed [seconds]
# name 5 = prdM: Pressure, Strain Gauge [db]
# name 6 = specc: Specific Conductance [uS/cm]
# name 7 = sal00: Salinity, Practical [PSU]
# name 8 = tv290C: Temperature [ITS-90, deg C]
# name 9 = depSM: Depth [salt water, m], lat = 59.00
# name 10 = potemp090C: Potential Temperature [ITS-90, deg C]
# name 11 = sigma-é00: Density [sigma-theta, kg/m^3]
# name 12 = sbeox0ML/L: Oxygen, SBE 43 [ml/l]
# name 13 = sbeox0Mg/L: Oxygen, SBE 43 [mg/l]
# name 14 = sbeox0PS: Oxygen, SBE 43 [% saturation]
# name 15 = sbox0Mm/Kg: Oxygen, SBE 43 [umol/kg]
# name 16 = sbeox0Mm/L: Oxygen, SBE 43 [umol/l]
# name 17 = sbox0dV/dT: Oxygen, SBE 43 [dov/dt]
# name 18 = oxsolML/L: Oxygen Saturation, Garcia & Gordon [ml/l]
# name 19 = oxsolMg/L: Oxygen Saturation, Garcia & Gordon [mg/l]
# name 20 = oxsolMm/Kg: Oxygen Saturation, Garcia & Gordon [umol/kg]
# name 21 = n2satMg/L: Nitrogen Saturation [mg/l]
# name 22 = par: PAR/Irradiance, Biospherical/Licor [umol photons/m^2/sec]
# name 23 = flECO-AFL: Fluorescence, WET Labs ECO-AFL/FL [mg/m^3]
# name 24 = upoly0: Upoly 0, ECO-FLNTUS
# name 25 = flag: flag
# span 0 =        279,        508       
# span 1 = 123.613051, 123.613711       
# span 2 =    0.01934,    0.03519       
# span 3 =     1.1603,     2.1111       
# span 4 =     69.618,    126.665       
# span 5 =      2.019,     61.585       
# span 6 =  50823.331,  51553.179       
# span 7 =    31.6111,    31.7824       
# span 8 =     3.7002,     5.1984       
# span 9 =      2.000,     61.000       
# span 10 =     3.6968,     5.1965      
# span 11 =    24.9780,    25.2366      
# span 12 =     7.5183,     8.8207      
# span 13 =    10.7482,    12.5494      
# span 14 =    100.781,    122.376      
# span 15 =    327.504,    384.327      
# span 16 =    335.768,    393.933      
# span 17 =   -0.02972,    0.03889      
# span 18 =    7.20062,    7.46010      
# span 19 =   10.29022,   10.66065      
# span 20 =  313.74203,  324.96803      
# span 21 =   16.13411,   16.66710      
# span 22 = 3.7490e-02, 8.5484e+01      
# span 23 =     0.3301,    14.9975      
# span 24 =  0.6505329,  1.5247117      
# span 25 = 0.0000e+00, 0.0000e+00      
# interval = meters: 1                  
# start_time = May 02 2012 14:41:38 [Instrument's time stamp, header]
# bad_flag = -9.990e-29
*END*
        279 123.613051    0.01934     1.1603     69.618      2.019  50823.331    31.6276     5.1984      2.000     5.1965    24.9809     8.8118    12.5397    122.376    383.945    393.536    0.03889    7.20062   10.29022  313.74203   16.13411 8.5484e+01     7.1382  1.3484906 0.0000e+00
        283 123.613062    0.01960     1.1763     70.580      3.028  50827.649    31.6294     5.1952      3.000     5.1950    24.9827     8.7579    12.5166    121.619    381.592    391.126    0.02973    7.20112   10.29086  313.76275   16.13502 5.2230e+01     7.7053  1.3419416 0.0000e+00
        286 123.613070    0.01980     1.1882     71.291      4.038  50827.499    31.6288     5.1953      4.000     5.1940    24.9822     8.7319    12.4955    121.266    380.465    389.970    0.02461    7.20069   10.29090  313.74461   16.13508 3.2028e+01     9.0620  1.3451583 0.0000e+00
        289 123.613079    0.02001     1.2005     72.031      5.048  50826.831    31.6275     5.1935      5.000     5.1910    24.9814     8.7367    12.4931    121.325    380.668    390.178    0.02154    7.20104   10.29141  313.76036   16.13584 1.9109e+01    10.9655  1.3507458 0.0000e+00
        292 123.613088    0.02022     1.2134     72.802      6.057  50828.306    31.6273     5.1902      6.000     5.1871    24.9816     8.7377    12.4942    121.331    380.716    390.227    0.01868    7.20157   10.29226  313.78317   16.13706 1.1225e+01    12.5083  1.3576954 0.0000e+00
        296 123.613099    0.02049     1.2293     73.756      7.066  50828.808    31.6259     5.1839      7.000     5.1787    24.9811     8.7440    12.5047    121.402    380.990    390.508    0.01574    7.20253   10.29389  313.82534   16.13944 6.6939e+00    13.9491  1.4061730 0.0000e+00
        301 123.613115    0.02086     1.2520     75.122      8.076  50831.844    31.6242     5.1686      8.000     5.1600    24.9815     8.7786    12.5359    121.848    382.499    392.055    0.01359    7.20463   10.29778  313.91630   16.14508 4.1653e+00    14.8397  1.5134626 0.0000e+00
        308 123.613133    0.02131     1.2784     76.704      9.085  50830.306    31.6147     5.1316      9.000     5.1093    24.9780     8.7762    12.5404    121.716    382.396    391.947    0.00967    7.21044   10.30754  314.17199   16.15935 2.8584e+00    14.9975  1.5247117 0.0000e+00
        312 123.613145    0.02161     1.2963     77.779     10.095  50841.678    31.6111     5.0802     10.000     5.0510    24.9808     8.7634    12.5345    121.365    381.837    391.374    0.00659    7.22067   10.32048  314.61669   16.17810 1.9951e+00    14.8207  1.4612983 0.0000e+00
        315 123.613155    0.02184     1.3102     78.613     11.104  50859.279    31.6123     5.0321     11.000     5.0023    24.9870     8.7943    12.5494    121.638    383.180    392.753    0.00630    7.22987   10.33228  315.01538   16.19514 1.4433e+00    13.8344  1.3950796 0.0000e+00
        319 123.613166    0.02209     1.3254     79.524     12.114  50881.152    31.6156     4.9800     12.000     4.9518    24.9952     8.8207    12.5436    121.844    384.327    393.933    0.00608    7.23933   10.34494  315.42491   16.21338 1.0569e+00    12.5564  1.3332105 0.0000e+00
        324 123.613179    0.02241     1.3449     80.693     13.123  50911.832    31.6230     4.9193     13.000     4.8952    25.0076     8.7213    12.4185    120.308    379.992    389.494    0.00016    7.24925   10.35947  315.85252   16.23426 7.8694e-01    11.1195  1.2913154 0.0000e+00
        329 123.613194    0.02276     1.3657     81.942     14.132  50939.686    31.6285     4.8595     14.000     4.8299    25.0184     8.5176    12.1910    117.360    371.114    380.397   -0.00938    7.25775   10.37399  316.22106   16.25514 5.9828e-01    10.1242  1.2490695 0.0000e+00
        333 123.613206    0.02306     1.3835     83.009     15.142  50979.193    31.6409     4.7951     15.000     4.7580    25.0350     8.3905    12.0256    115.455    365.569    374.720   -0.01415    7.26740   10.38919  316.63571   16.27689 4.5743e-01     9.1360  1.1770348 0.0000e+00
        337 123.613217    0.02331     1.3986     83.913     16.151  51020.505    31.6530     4.7246     16.000     4.6714    25.0520     8.3420    11.9358    114.629    363.451    372.553   -0.01488    7.27745   10.40602  317.06979   16.30101 3.5958e-01     8.1411  1.1468968 0.0000e+00
        340 123.613226    0.02354     1.4124     84.745     17.161  51074.810    31.6690     4.6322     17.000     4.5654    25.0742     8.3173    11.8701    114.023    362.367    371.450   -0.01477    7.29452   10.42811  317.80719   16.33265 2.8618e-01     7.2939  1.1140448 0.0000e+00
        343 123.613236    0.02378     1.4270     85.618     18.171  51152.554    31.6956     4.5166     18.000     4.4510    25.1072     8.2688    11.7809    113.006    360.243    369.287   -0.01589    7.31733   10.45536  318.78874   16.37160 2.3061e-01     6.3616  1.0394016 0.0000e+00
        348 123.613249    0.02409     1.4450     86.702     19.180  51248.978    31.7320     4.3891     19.000     4.3436    25.1491     8.1494    11.6103    111.012    355.019    363.950   -0.01931    7.34117   10.48505  319.81167   16.41388 1.9085e-01     4.7990  0.8979034 0.0000e+00
        353 123.613263    0.02443     1.4659     87.955     20.190  51325.115    31.7625     4.2975     20.000     4.2752    25.1825     7.9305    11.3405    107.822    345.475    354.178   -0.02533    7.35529   10.50612  320.41548   16.44384 1.6340e-01     3.1801  0.7961247 0.0000e+00
        357 123.613276    0.02473     1.4839     89.035     21.199  51358.730    31.7758     4.2580     21.000     4.2467    25.1970     7.7356    11.1085    105.106    336.980    345.472   -0.02965    7.35984   10.51521  320.61043   16.45674 1.4237e-01     2.4404  0.7325046 0.0000e+00
        361 123.613286    0.02498     1.4990     89.942     22.209  51371.680    31.7804     4.2420     22.000     4.2343    25.2023     7.6392    10.9816    103.775    332.781    341.169   -0.02972    7.36138   10.51897  320.67669   16.46209 1.2519e-01     2.1943  0.6978175 0.0000e+00
        364 123.613297    0.02523     1.5137     90.823     23.218  51378.164    31.7819     4.2317     23.000     4.2249    25.2046     7.6215    10.9364    103.518    332.009    340.378   -0.02641    7.36255   10.52147  320.72727   16.46569 1.1064e-01     2.0569  0.6988356 0.0000e+00
        368 123.613307    0.02549     1.5293     91.757     24.228  51382.856    31.7824     4.2221     24.000     4.2149    25.2059     7.6376    10.9347    103.720    332.709    341.095   -0.02179    7.36367   10.52391  320.77592   16.46920 9.8370e-02     1.9531  0.6695782 0.0000e+00
        372 123.613320    0.02577     1.5466     92.794     25.238  51384.762    31.7801     4.2092     25.000     4.1987    25.2054     7.6623    10.9542    104.030    333.786    342.199   -0.01714    7.36548   10.52735  320.85515   16.47420 8.8779e-02     1.8515  0.6564894 0.0000e+00
        377 123.613332    0.02609     1.5652     93.914     26.247  51387.082    31.7759     4.1867     26.000     4.1719    25.2043     7.6862    10.9803    104.287    334.829    343.267   -0.01319    7.37023   10.53342  321.06303   16.48304 8.1511e-02     1.6840  0.6515404 0.0000e+00
        381 123.613345    0.02640     1.5837     95.023     27.256  51399.566    31.7773     4.1585     27.000     4.1451    25.2081     7.6919    10.9975    104.289    335.071    343.519   -0.01086    7.37555   10.54053  321.29209   16.49329 7.5053e-02     1.6031  0.6505329 0.0000e+00
        386 123.613358    0.02671     1.6021     96.126     28.266  51405.487    31.7747     4.1327     28.000     4.1169    25.2085     7.7137    11.0250    104.538    336.025    344.497   -0.00825    7.37891   10.54733  321.43785   16.50315 6.8727e-02     1.6229  0.6605240 0.0000e+00
        390 123.613371    0.02700     1.6203     97.220     29.276  51399.520    31.7617     4.0975     29.000     4.0706    25.2017     7.7500    11.0581    104.947    337.609    346.117   -0.00548    7.38469   10.55732  321.69304   16.51778 6.3068e-02     1.6088  0.6574704 0.0000e+00
        394 123.613383    0.02729     1.6374     98.246     30.285  51398.658    31.7469     4.0403     30.000     4.0043    25.1955     7.7553    11.0627    104.835    337.843    346.353   -0.00489    7.39766   10.57309  322.26254   16.54079 5.8711e-02     1.5403  0.6674728 0.0000e+00
        398 123.613394    0.02756     1.6537     99.220     31.295  51422.565    31.7471     3.9751     31.000     3.9444    25.2018     7.7322    11.0376    104.318    336.831    345.319   -0.00581    7.41213   10.58989  322.88965   16.56506 5.5594e-02     1.3250  0.6967853 0.0000e+00
        402 123.613405    0.02784     1.6700    100.202     32.304  51452.640    31.7548     3.9244     32.000     3.9044    25.2129     7.7003    10.9972    103.760    335.437    343.895   -0.00670    7.42126   10.60244  323.28179   16.58304 5.3136e-02     1.0434  0.7157590 0.0000e+00
        406 123.613417    0.02813     1.6878    101.265     33.314  51471.058    31.7589     3.8912     33.000     3.8771    25.2192     7.6563    10.9429    103.101    333.517    341.929   -0.00764    7.42599   10.61074  323.48602   16.59497 5.0931e-02     0.8915  0.7269141 0.0000e+00
        411 123.613431    0.02844     1.7066    102.397     34.324  51482.284    31.7599     3.8662     34.000     3.8549    25.2224     7.6159    10.8889    102.504    331.755    340.123   -0.00817    7.42982   10.61715  323.65204   16.60421 4.8851e-02     0.8137  0.7529513 0.0000e+00
        415 123.613442    0.02873     1.7238    103.428     35.333  51488.770    31.7595     3.8484     35.000     3.8383    25.2237     7.5847    10.8473    102.045    330.399    338.733   -0.00829    7.43272   10.62180  323.77818   16.61093 4.6978e-02     0.7727  0.7854945 0.0000e+00
        418 123.613453    0.02897     1.7382    104.293     36.343  51492.453    31.7582     3.8350     36.000     3.8250    25.2240     7.5635    10.8206    101.728    329.476    337.787   -0.00819    7.43505   10.62537  323.87946   16.61611 4.5439e-02     0.7563  0.7972698 0.0000e+00
        421 123.613462    0.02920     1.7517    105.103     37.352  51496.134    31.7572     3.8228     37.000     3.8126    25.2244     7.5552    10.8077    101.589    329.113    337.415   -0.00763    7.43701   10.62863  323.96463   16.62083 4.4355e-02     0.7302  0.7940745 0.0000e+00
        425 123.613472    0.02944     1.7664    105.983     38.362  51496.829    31.7536     3.8085     38.000     3.7962    25.2229     7.5580    10.8048    101.593    329.236    337.541   -0.00659    7.43945   10.63258  324.07152   16.62658 4.3188e-02     0.7001  0.7934357 0.0000e+00
        429 123.613484    0.02971     1.7826    106.958     39.372  51499.248    31.7498     3.7882     39.000     3.7741    25.2218     7.5648    10.8060    101.628    329.530    337.842   -0.00546    7.44360   10.63815  324.25269   16.63469 4.2205e-02     0.6581  0.8167545 0.0000e+00
        433 123.613494    0.02998     1.7986    107.914     40.382  51502.747    31.7460     3.7654     40.000     3.7497    25.2209     7.5600    10.7999    101.499    329.322    337.627   -0.00505    7.44827   10.64436  324.45738   16.64371 4.1403e-02     0.5744  0.8393325 0.0000e+00
        436 123.613505    0.03023     1.8137    108.821     41.391  51512.840    31.7466     3.7419     41.000     3.7291    25.2235     7.5499    10.7888    101.291    328.881    337.176   -0.00501    7.45364   10.65043  324.69026   16.65247 4.0631e-02     0.5255  0.8888783 0.0000e+00
        440 123.613516    0.03049     1.8289    109.734     42.401  51526.099    31.7510     3.7249     42.000     3.7171    25.2286     7.5403    10.7775    101.123    328.463    336.750   -0.00487    7.45656   10.65455  324.81462   16.65834 3.9901e-02     0.4710  0.9601552 0.0000e+00
        444 123.613526    0.03074     1.8445    110.670     43.410  51533.261    31.7532     3.7165     43.000     3.7109    25.2311     7.5338    10.7681    101.026    328.177    336.458   -0.00447    7.45728   10.65660  324.84524   16.66127 3.9266e-02     0.3905  1.0109497 0.0000e+00
        447 123.613537    0.03099     1.8596    111.574     44.420  51535.230    31.7528     3.7113     44.000     3.7055    25.2313     7.5290    10.7609    100.953    327.969    336.244   -0.00409    7.45789   10.65798  324.87220   16.66327 3.8776e-02     0.3596  1.0374314 0.0000e+00
        451 123.613546    0.03122     1.8729    112.375     45.430  51537.670    31.7527     3.7064     45.000     3.7009    25.2317     7.5257    10.7556    100.894    327.825    336.097   -0.00377    7.45898   10.65928  324.92034   16.66514 3.8408e-02     0.3648  1.0503211 0.0000e+00
        453 123.613554    0.03141     1.8848    113.088     46.440  51541.159    31.7537     3.7028     46.000     3.6982    25.2328     7.5205    10.7507    100.816    327.602    335.868   -0.00363    7.45968   10.66014  324.95010   16.66638 3.8115e-02     0.3693  1.0614427 0.0000e+00
        456 123.613563    0.03162     1.8969    113.817     47.449  51544.145    31.7546     3.7006     47.000     3.6968    25.2338     7.5183    10.7482    100.781    327.504    335.768   -0.00338    7.46010   10.66065  324.96803   16.66710 3.7863e-02     0.3457  1.0657535 0.0000e+00
        460 123.613574    0.03188     1.9129    114.772     48.459  51548.282    31.7568     3.7002     48.000     3.6979    25.2356     7.5196    10.7497    100.801    327.558    335.824   -0.00286    7.45986   10.66059  324.95643   16.66698 3.7660e-02     0.3433  1.0390493 0.0000e+00
        466 123.613590    0.03226     1.9355    116.131     49.468  51548.949    31.7572     3.7020     49.000     3.6997    25.2358     7.5295    10.7583    100.940    327.990    336.267   -0.00186    7.45933   10.66008  324.93383   16.66623 3.7538e-02     0.3301  1.0290012 0.0000e+00
        470 123.613603    0.03258     1.9546    117.278     50.478  51549.546    31.7575     3.7038     50.000     3.7015    25.2358     7.5302    10.7609    100.954    328.019    336.297   -0.00151    7.45898   10.65958  324.91828   16.66551 3.7506e-02     0.3375  1.0474781 0.0000e+00
        474 123.613613    0.03282     1.9692    118.151     51.488  51550.879    31.7583     3.7052     51.000     3.7031    25.2363     7.5300    10.7621    100.956    328.013    336.291   -0.00133    7.45868   10.65916  324.90547   16.66488 3.7496e-02     0.3513  1.0463386 0.0000e+00
        477 123.613622    0.03304     1.9820    118.917     52.498  51551.769    31.7588     3.7069     52.000     3.7046    25.2366     7.5310    10.7638    100.976    328.058    336.337   -0.00116    7.45826   10.65870  324.88663   16.66422 3.7493e-02     0.3571  1.0707170 0.0000e+00
        480 123.613630    0.03324     1.9947    119.684     53.508  51551.805    31.7587     3.7083     53.000     3.7055    25.2363     7.5352    10.7672    101.035    328.238    336.521   -0.00088    7.45797   10.65835  324.87416   16.66371 3.7491e-02     0.3575  1.1117456 0.0000e+00
        483 123.613640    0.03348     2.0090    120.541     54.517  51552.040    31.7585     3.7091     54.000     3.7060    25.2361     7.5382    10.7694    101.078    328.371    336.657   -0.00064    7.45786   10.65814  324.86944   16.66342 3.7491e-02     0.3579  1.1396502 0.0000e+00
        487 123.613652    0.03376     2.0257    121.542     55.526  51552.425    31.7584     3.7095     55.000     3.7061    25.2360     7.5347    10.7667    101.031    328.217    336.500   -0.00071    7.45784   10.65805  324.86881   16.66329 3.7490e-02     0.3682  1.1810646 0.0000e+00
        491 123.613664    0.03405     2.0430    122.582     56.536  51552.837    31.7581     3.7096     56.000     3.7062    25.2358     7.5295    10.7621    100.962    327.994    336.272   -0.00085    7.45783   10.65803  324.86850   16.66325 3.7490e-02     0.3586  1.2175208 0.0000e+00
