CTD-processing/allCTD/CNV/2012_07-30_t6_s05_cast075_4141.cnv
* Sea-Bird SBE19plus Data File:
* FileName = C:\Documents and Settings\kris.holderied.local\My Documents\2012-07-EVOS-CookInlet-Ocean\2012-07-CookInlet-Tran6-Douglas\2012-07-31-CookInlet-Tran6-cast075.hex
* Software Version 1.54
* Temperature SN =  4141
* Conductivity SN =  4141
* System UpLoad Time = Jul 31 2012 08:05:00
** Cook Inlet LTM Transect 6 (Douglas line)  East to West
** Date:  2012-07-30
** Station:  6-05
** Start time (AKDT-24 hr): 1603
** Depth (m): 104
** Comment: Tow time 78sec
# nquan = 27
# nvalues = 92                          
# units = specified
# name 0 = scan: Scan Count
# name 1 = timeJ: Julian Days
# name 2 = timeH: Time, Elapsed [hours]
# name 3 = timeM: Time, Elapsed [minutes]
# name 4 = timeS: Time, Elapsed [seconds]
# name 5 = prdM: Pressure, Strain Gauge [db]
# name 6 = specc: Specific Conductance [uS/cm]
# name 7 = sal00: Salinity, Practical [PSU]
# name 8 = tv290C: Temperature [ITS-90, deg C]
# name 9 = depSM: Depth [salt water, m], lat = 59.00
# name 10 = potemp090C: Potential Temperature [ITS-90, deg C]
# name 11 = sigma-é00: Density [sigma-theta, kg/m^3]
# name 12 = sbeox0ML/L: Oxygen, SBE 43 [ml/l]
# name 13 = sbeox0Mg/L: Oxygen, SBE 43 [mg/l]
# name 14 = sbeox0PS: Oxygen, SBE 43 [% saturation]
# name 15 = sbox0Mm/Kg: Oxygen, SBE 43 [umol/kg]
# name 16 = sbeox0Mm/L: Oxygen, SBE 43 [umol/l]
# name 17 = sbox0dV/dT: Oxygen, SBE 43 [dov/dt]
# name 18 = oxsolML/L: Oxygen Saturation, Garcia & Gordon [ml/l]
# name 19 = oxsolMg/L: Oxygen Saturation, Garcia & Gordon [mg/l]
# name 20 = oxsolMm/Kg: Oxygen Saturation, Garcia & Gordon [umol/kg]
# name 21 = n2satMg/L: Nitrogen Saturation [mg/l]
# name 22 = par: PAR/Irradiance, Biospherical/Licor
# name 23 = wetStar: Fluorescence, WET Labs WETstar [mg/m^3]
# name 24 = CStarAt0: Beam Attenuation, WET Labs C-Star [1/m]
# name 25 = CStarTr0: Beam Transmission, WET Labs C-Star [%]
# name 26 = flag: flag
# span 0 =         34,        717       
# span 1 = 212.670083, 212.672061       
# span 2 =    0.00227,    0.04974       
# span 3 =     0.1365,     2.9847       
# span 4 =      8.189,    179.084       
# span 5 =      1.007,     92.869       
# span 6 =  47895.092,  50663.507       
# span 7 =    30.3680,    31.9253       
# span 8 =     7.5810,    10.0190       
# span 9 =      1.000,     92.000       
# span 10 =     7.5723,    10.0189      
# span 11 =    23.3354,    24.9201      
# span 12 =     5.9359,     6.5164      
# span 13 =     8.4830,     9.3127      
# span 14 =     87.321,    100.231      
# span 15 =    258.652,    284.384      
# span 16 =    265.098,    291.025      
# span 17 =   -0.01248,    0.07065      
# span 18 =    6.50141,    6.79780      
# span 19 =    9.29117,    9.71474      
# span 20 =  283.72750,  296.20830      
# span 21 =   14.70728,   15.29738      
# span 22 = 4.4698e-02, 5.9877e+01      
# span 23 =     0.1131,     2.8759      
# span 24 =     0.1387,     2.9622      
# span 25 =    48.1659,    96.5932      
# span 26 = 0.0000e+00, 0.0000e+00      
# interval = meters: 1                  
# start_time = Jul 30 2012 16:04:47 [Instrument's time stamp, header]
# bad_flag = -9.990e-29
*END*
         34 212.670083    0.00227     0.1365      8.189      1.007  47895.092    30.3680    10.0142      1.000     9.9949    23.3354     6.3959     9.1403     98.356    279.121    285.637    0.00013    6.50277    9.29311  283.78771   14.71024 4.3479e+01     0.1131     2.9622    48.1659 0.0000e+00
        122 212.670339    0.00842     0.5050     30.299      2.008  47945.675    30.4095    10.0051      2.000    10.0003    23.3692     6.0176     8.5998     92.541    262.611    268.747    0.01145    6.50261    9.29288  283.77497   14.70947 5.9877e+01     1.9161     0.7510    83.7797 0.0000e+00
        270 212.670768    0.01870     1.1219     67.314      3.016  47929.135    30.3981    10.0102      3.000    10.0134    23.3594     6.0771     8.6847     93.459    265.207    271.402    0.02069    6.50237    9.29252  283.76693   14.70913 5.0774e+01     2.5585     0.4401    89.5880 0.0000e+00
        283 212.670805    0.01961     1.1765     70.589      4.030  47920.964    30.3926    10.0161      4.000    10.0181    23.3543     6.3710     9.1048     97.989    278.035    284.529    0.06443    6.50174    9.29164  283.74125   14.70793 3.9851e+01     2.6768     0.4282    89.8480 0.0000e+00
        287 212.670816    0.01987     1.1923     71.538      5.045  47917.932    30.3904    10.0190      5.000    10.0189    23.3521     6.5164     9.3127    100.231    284.384    291.025    0.07065    6.50141    9.29117  283.72750   14.70728 3.4690e+01     2.7877     0.4323    89.7553 0.0000e+00
        291 212.670828    0.02016     1.2094     72.561      6.055  47921.818    30.3923    10.0155      6.000     9.9953    23.3542     6.4977     9.2858     99.936    283.563    290.185    0.04346    6.50184    9.29177  283.74524   14.70812 2.9834e+01     2.8759     0.4392    89.6036 0.0000e+00
        296 212.670842    0.02049     1.2290     73.738      7.062  47991.105    30.4298     9.9281      7.000     9.8706    23.3975     6.4615     9.2342     99.214    281.976    288.573    0.01966    6.51274    9.30735  284.20914   14.73016 2.5498e+01     2.8415     0.3874    90.7708 0.0000e+00
        301 212.670858    0.02086     1.2519     75.116      8.087  48122.941    30.5052     9.7925      8.000     9.7483    23.4780     6.3939     9.1375     97.930    279.001    285.551   -0.00111    6.52902    9.33062  284.89723   14.76276 2.1372e+01     2.7559     0.3414    91.8186 0.0000e+00
        305 212.670868    0.02110     1.2660     75.959      9.094  48177.679    30.5326     9.7083      9.000     9.6158    23.5128     6.3668     9.0989     97.353    277.813    284.344   -0.00684    6.54000    9.34631  285.36631   14.78508 1.8289e+01     2.5085     0.3178    92.3640 0.0000e+00
        307 212.670875    0.02128     1.2771     76.623     10.088  48313.421    30.6118     9.5848     10.000     9.5147    23.5941     6.3511     9.0762     96.896    277.097    283.635   -0.00958    6.55449    9.36702  285.97628   14.81393 1.5876e+01     2.3669     0.2958    92.8738 0.0000e+00
        311 212.670884    0.02150     1.2897     77.384     11.092  48454.672    30.6991     9.4961     11.000     9.4709    23.6761     6.3368     9.0558     96.543    276.453    282.999   -0.01117    6.56366    9.38013  286.35338   14.83159 1.4430e+01     2.2718     0.2802    93.2351 0.0000e+00
        315 212.670898    0.02182     1.3094     78.565     12.116  48509.017    30.7322     9.4608     12.000     9.4586    23.7075     6.2995     9.0027     95.922    274.823    281.338   -0.01248    6.56739    9.38546  286.50724   14.83882 1.3009e+01     1.9819     0.2693    93.4898 0.0000e+00
        320 212.670911    0.02214     1.3284     79.702     13.129  48528.581    30.7458     9.4634     13.000     9.4670    23.7177     6.2909     8.9904     95.805    274.445    280.954   -0.00997    6.56642    9.38407  286.46213   14.83661 1.1120e+01     1.7724     0.2732    93.3973 0.0000e+00
        323 212.670921    0.02238     1.3430     80.579     14.125  48527.649    30.7458     9.4716     14.000     9.4725    23.7166     6.3117     9.0200     96.138    275.350    281.879   -0.00378    6.56523    9.38238  286.41087   14.83416 9.5248e+00     1.7377     0.2751    93.3532 0.0000e+00
        328 212.670935    0.02272     1.3630     81.780     15.144  48523.743    30.7432     9.4758     15.000     9.4740    23.7138     6.3293     9.0452     96.414    276.119    282.667    0.00027    6.56474    9.38167  286.38996   14.83317 8.6989e+00     1.7717     0.2719    93.4296 0.0000e+00
        333 212.670948    0.02303     1.3814     82.882     16.163  48525.649    30.7440     9.4748     16.000     9.4740    23.7146     6.3314     9.0483     96.445    276.213    282.763    0.00063    6.56485    9.38182  286.39440   14.83338 7.7082e+00     1.7825     0.2754    93.3460 0.0000e+00
        336 212.670957    0.02323     1.3938     83.630     17.157  48530.930    30.7476     9.4772     17.000     9.4795    23.7170     6.3316     9.0485     96.455    276.219    282.771    0.00015    6.56434    9.38110  286.37163   14.83227 6.7747e+00     1.7302     0.2757    93.3401 0.0000e+00
        339 212.670966    0.02346     1.4078     84.469     18.162  48545.931    30.7588     9.4855     18.000     9.4912    23.7246     6.3390     9.0591     96.592    276.540    283.101    0.00122    6.56267    9.37871  286.29671   14.82865 5.9723e+00     1.7654     0.2754    93.3455 0.0000e+00
        343 212.670978    0.02375     1.4252     85.509     19.190  48539.975    30.7560     9.4993     19.000     9.4983    23.7202     6.3370     9.0563     96.591    276.457    283.015    0.00118    6.56079    9.37602  286.21573   14.82479 5.2406e+00     1.7799     0.2800    93.2410 0.0000e+00
        346 212.670988    0.02398     1.4388     86.329     20.184  48540.609    30.7560     9.4992     20.000     9.4991    23.7202     6.3342     9.0523     96.546    276.333    282.887   -0.00011    6.56080    9.37603  286.21612   14.82481 4.4608e+00     1.8346     0.2837    93.1514 0.0000e+00
        352 212.671003    0.02435     1.4612     87.671     21.194  48550.510    30.7634     9.5060     21.000     9.5055    23.7250     6.3407     9.0615     96.665    276.614    283.177    0.00077    6.55950    9.37419  286.15828   14.82201 3.9492e+00     1.9100     0.2812    93.2118 0.0000e+00
        359 212.671023    0.02484     1.4903     89.421     22.233  48550.412    30.7631     9.5079     22.000     9.5060    23.7245     6.3374     9.0568     96.619    276.471    283.031   -0.00038    6.55922    9.37379  286.14631   14.82144 3.4672e+00     1.9308     0.2884    93.0438 0.0000e+00
        361 212.671030    0.02499     1.4996     89.977     23.220  48553.409    30.7649     9.5083     23.000     9.5049    23.7258     6.3412     9.0623     96.679    276.637    283.200    0.00020    6.55910    9.37361  286.14051   14.82115 3.0103e+00     1.9161     0.2872    93.0718 0.0000e+00
        363 212.671037    0.02517     1.5101     90.605     24.211  48588.245    30.7887     9.5072     24.000     9.4932    23.7447     6.3432     9.0651     96.720    276.717    283.288    0.00055    6.55827    9.37241  286.09889   14.81906 2.6497e+00     1.8839     0.2900    93.0049 0.0000e+00
        367 212.671048    0.02542     1.5253     91.515     25.229  48649.044    30.8268     9.4746     25.000     9.4417    23.7795     6.3453     9.0681     96.708    276.800    283.383    0.00031    6.56138    9.37687  286.22492   14.82494 2.3317e+00     1.8851     0.2977    92.8269 0.0000e+00
        372 212.671062    0.02575     1.5454     92.723     26.257  48735.787    30.8779     9.4037     26.000     9.3822    23.8304     6.3306     9.0470     96.362    276.142    282.723   -0.00303    6.56951    9.38848  286.56531   14.84100 1.9979e+00     1.9403     0.3040    92.6829 0.0000e+00
        375 212.671072    0.02600     1.5601     93.604     27.251  48770.946    30.8981     9.3733     27.000     9.3472    23.8510     6.3251     9.0393     96.227    275.899    282.479   -0.00366    6.57307    9.39358  286.71515   14.84808 1.7076e+00     2.0664     0.3112    92.5139 0.0000e+00
        381 212.671088    0.02639     1.5831     94.983     28.265  48852.598    30.9462     9.3074     28.000     9.2874    23.8988     6.3159     9.0261     95.977    275.485    282.069   -0.00435    6.58065    9.40441  287.03211   14.86304 1.5280e+00     2.2735     0.3071    92.6108 0.0000e+00
        387 212.671106    0.02683     1.6098     96.586     29.310  48899.813    30.9728     9.2622     29.000     9.2353    23.9267     6.3095     9.0169     95.800    275.198    281.783   -0.00367    6.58612    9.41222  287.26272   14.87395 1.3407e+00     2.2446     0.3022    92.7233 0.0000e+00
        389 212.671112    0.02696     1.6181     97.085     30.289  48931.308    30.9910     9.2363     30.000     9.2111    23.9449     6.3038     9.0088     95.669    274.945    281.528   -0.00416    6.58913    9.41653  287.38922   14.87993 1.1592e+00     2.2575     0.2921    92.9603 0.0000e+00
        391 212.671118    0.02710     1.6264     97.586     31.274  48954.053    31.0035     9.2142     31.000     9.1947    23.9581     6.3025     9.0069     95.611    274.883    281.468   -0.00460    6.59183    9.42038  287.50308   14.88533 1.0087e+00     2.2191     0.2823    93.1840 0.0000e+00
        395 212.671128    0.02734     1.6407     98.440     32.293  48977.241    31.0157     9.1874     32.000     9.1687    23.9717     6.3063     9.0124     95.620    275.049    281.643   -0.00336    6.59524    9.42526  287.64798   14.89220 8.8406e-01     2.0902     0.2752    93.3509 0.0000e+00
        400 212.671142    0.02768     1.6608     99.649     33.319  49008.558    31.0321     9.1502     33.000     9.1291    23.9903     6.2971     8.9992     95.410    274.639    281.228   -0.00374    6.59999    9.43204  287.84963   14.90177 7.7429e-01     1.9368     0.2764    93.3215 0.0000e+00
        404 212.671155    0.02801     1.6802    100.811     34.319  49052.138    31.0551     9.0982     34.000     9.0660    24.0163     6.2798     8.9745     95.053    273.878    280.455   -0.00571    6.60663    9.44154  288.13247   14.91520 6.8373e-01     1.8751     0.2689    93.4976 0.0000e+00
        410 212.671172    0.02839     1.7037    102.220     35.341  49110.286    31.0858     9.0282     35.000     8.9977    24.0509     6.2608     8.9473     94.636    273.041    279.607   -0.00704    6.61564    9.45440  288.51510   14.93336 6.1226e-01     1.8520     0.2585    93.7413 0.0000e+00
        414 212.671184    0.02869     1.7214    103.284     36.348  49159.050    31.1104     8.9633     36.000     8.9307    24.0800     6.2557     8.9400     94.438    272.810    279.379   -0.00643    6.62415    9.46658  288.87822   14.95062 5.4166e-01     1.7161     0.2430    94.1057 0.0000e+00
        417 212.671193    0.02892     1.7351    104.106     37.349  49193.132    31.1259     8.9070     37.000     8.8573    24.1008     6.2458     8.9258     94.179    272.372    278.937   -0.00702    6.63182    9.47754  289.20705   14.96626 4.7880e-01     1.5947     0.2311    94.3868 0.0000e+00
        421 212.671204    0.02918     1.7507    105.043     38.357  49259.156    31.1585     8.8141     38.000     8.7478    24.1403     6.2297     8.9029     93.762    271.663    278.220   -0.00869    6.64420    9.49523  289.73570   14.99139 4.2672e-01     1.4913     0.2199    94.6509 0.0000e+00
        426 212.671217    0.02950     1.7700    106.198     39.368  49383.523    31.2273     8.6894     39.000     8.6591    24.2128     6.1971     8.8563     93.053    270.222    276.764   -0.01185    6.65979    9.51751  290.39490   15.02261 3.8016e-01     1.3577     0.2073    94.9496 0.0000e+00
        432 212.671235    0.02993     1.7956    107.734     40.383  49457.864    31.2671     8.6081     40.000     8.5795    24.2560     6.1649     8.8102     92.424    268.803    275.323   -0.01199    6.67022    9.53241  290.83732   15.04358 3.4120e-01     1.1763     0.1993    95.1401 0.0000e+00
        438 212.671252    0.03032     1.8192    109.152     41.392  49514.753    31.2976     8.5477     41.000     8.5190    24.2889     6.1622     8.8065     92.278    268.681    275.207   -0.00804    6.67795    9.54346  291.16509   15.05911 3.0637e-01     1.0443     0.1926    95.2997 0.0000e+00
        443 212.671266    0.03067     1.8405    110.428     42.400  49596.958    31.3460     8.4888     42.000     8.4673    24.3354     6.1451     8.7820     91.928    267.921    274.441   -0.00781    6.68467    9.55307  291.44499   15.07229 2.7797e-01     1.0174     0.1883    95.4015 0.0000e+00
        448 212.671281    0.03102     1.8614    111.681     43.421  49647.343    31.3758     8.4553     43.000     8.4465    24.3637     6.1376     8.7712     91.765    267.587    274.106   -0.00644    6.68842    9.55841  291.60020   15.07958 2.4958e-01     0.9564     0.1841    95.5010 0.0000e+00
        451 212.671291    0.03126     1.8759    112.552     44.415  49661.703    31.3842     8.4470     44.000     8.4367    24.3715     6.1372     8.7706     91.746    267.564    274.086   -0.00483    6.68930    9.55968  291.63663   15.08129 2.2533e-01     0.9450     0.1842    95.5009 0.0000e+00
        456 212.671304    0.03158     1.8949    113.692     45.422  49696.163    31.4052     8.4294     45.000     8.4177    24.3906     6.1421     8.7777     91.796    267.775    274.306   -0.00282    6.69103    9.56216  291.70683   15.08455 2.0489e-01     0.8829     0.1834    95.5186 0.0000e+00
        463 212.671324    0.03205     1.9233    115.400     46.451  49725.274    31.4222     8.4095     46.000     8.3965    24.4068     6.1312     8.7620     91.601    267.293    273.817   -0.00316    6.69330    9.56539  291.80071   15.08897 1.8597e-01     0.8546     0.1800    95.5986 0.0000e+00
        466 212.671335    0.03232     1.9394    116.363     47.447  49750.101    31.4360     8.3892     47.000     8.3772    24.4207     6.1322     8.7635     91.583    267.335    273.863   -0.00249    6.69575    9.56890  291.90380   15.09383 1.6879e-01     0.8505     0.1817    95.5601 0.0000e+00
        471 212.671347    0.03261     1.9564    117.382     48.456  49774.508    31.4508     8.3768     48.000     8.3657    24.4341     6.1355     8.7683     91.616    267.477    274.013   -0.00151    6.69699    9.57067  291.95390   15.09617 1.5512e-01     0.8112     0.1806    95.5839 0.0000e+00
        475 212.671360    0.03292     1.9751    118.503     49.474  49806.431    31.4702     8.3603     49.000     8.3479    24.4517     6.1326     8.7640     91.549    267.342    273.879   -0.00146    6.69860    9.57298  292.01959   15.09923 1.4225e-01     0.8552     0.1788    95.6302 0.0000e+00
        479 212.671371    0.03317     1.9905    119.428     50.477  49822.891    31.4798     8.3504     50.000     8.3447    24.4607     6.1304     8.7609     91.502    267.246    273.782   -0.00179    6.69970    9.57454  292.06461   15.10134 1.3099e-01     0.8506     0.1811    95.5730 0.0000e+00
        483 212.671383    0.03346     2.0077    120.461     51.482  49826.546    31.4818     8.3499     51.000     8.3447    24.4623     6.1292     8.7593     91.485    267.194    273.730   -0.00135    6.69970    9.57454  292.06398   15.10130 1.2088e-01     0.8202     0.1813    95.5675 0.0000e+00
        488 212.671398    0.03384     2.0304    121.822     52.500  49829.956    31.4837     8.3496     52.000     8.3440    24.4639     6.1335     8.7654     91.549    267.379    273.920   -0.00042    6.69966    9.57448  292.06184   15.10119 1.1172e-01     0.8331     0.1808    95.5817 0.0000e+00
        493 212.671413    0.03420     2.0519    123.114     53.506  49833.211    31.4852     8.3475     53.000     8.3411    24.4654     6.1282     8.7579     91.467    267.150    273.686   -0.00097    6.69991    9.57485  292.07249   15.10169 1.0335e-01     0.8672     0.1816    95.5624 0.0000e+00
