CTD-processing/allCTD/CNV/2012_10-29_t3_s14_cast059_4141.cnv
* Sea-Bird SBE19plus Data File:
* FileName = C:\Documents and Settings\kris.holderied.local\My Documents\2012-CTD-DATA-new-files\2012-10-CookInlet-LTM\2012-10-29-LTM-CookInlet-Tran3-AnchorPt\2012-10-29-CookInlet-Tran3-cast059.hex
* Software Version 1.54
* Temperature SN =  4141
* Conductivity SN =  4141
* System UpLoad Time = Nov 20 2012 18:26:32
** Cook Inlet EVOSTC Transect 3 Anchor Pt west to east
** Date:  29 Oct 2012
** Station:  3-14
** Start time (AKDT-24 hr):  1258
** Depth (m):  34
** Comment:
# nquan = 27
# nvalues = 30                          
# units = specified
# name 0 = scan: Scan Count
# name 1 = timeJ: Julian Days
# name 2 = timeH: Time, Elapsed [hours]
# name 3 = timeM: Time, Elapsed [minutes]
# name 4 = timeS: Time, Elapsed [seconds]
# name 5 = prdM: Pressure, Strain Gauge [db]
# name 6 = specc: Specific Conductance [uS/cm]
# name 7 = sal00: Salinity, Practical [PSU]
# name 8 = tv290C: Temperature [ITS-90, deg C]
# name 9 = depSM: Depth [salt water, m], lat = 59.00
# name 10 = potemp090C: Potential Temperature [ITS-90, deg C]
# name 11 = sigma-é00: Density [sigma-theta, kg/m^3]
# name 12 = sbeox0ML/L: Oxygen, SBE 43 [ml/l]
# name 13 = sbeox0Mg/L: Oxygen, SBE 43 [mg/l]
# name 14 = sbeox0PS: Oxygen, SBE 43 [% saturation]
# name 15 = sbox0Mm/Kg: Oxygen, SBE 43 [umol/kg]
# name 16 = sbeox0Mm/L: Oxygen, SBE 43 [umol/l]
# name 17 = sbox0dV/dT: Oxygen, SBE 43 [dov/dt]
# name 18 = oxsolML/L: Oxygen Saturation, Garcia & Gordon [ml/l]
# name 19 = oxsolMg/L: Oxygen Saturation, Garcia & Gordon [mg/l]
# name 20 = oxsolMm/Kg: Oxygen Saturation, Garcia & Gordon [umol/kg]
# name 21 = n2satMg/L: Nitrogen Saturation [mg/l]
# name 22 = par: PAR/Irradiance, Biospherical/Licor
# name 23 = wetStar: Fluorescence, WET Labs WETstar [mg/m^3]
# name 24 = CStarAt0: Beam Attenuation, WET Labs C-Star [1/m]
# name 25 = CStarTr0: Beam Transmission, WET Labs C-Star [%]
# name 26 = flag: flag
# span 0 =        119,        513       
# span 1 = 303.540898, 303.542038       
# span 2 =    0.00822,    0.03559       
# span 3 =     0.4933,     2.1350       
# span 4 =     29.600,    128.098       
# span 5 =      1.028,     30.233       
# span 6 =  48671.634,  48839.420       
# span 7 =    30.4490,    30.5557       
# span 8 =     6.6117,     6.8655       
# span 9 =      1.000,     30.000       
# span 10 =     6.7249,     6.8648      
# span 11 =    23.8609,    23.9499      
# span 12 =     5.9187,     6.8666      
# span 13 =     8.4584,     9.8131      
# span 14 =     84.822,     98.150      
# span 15 =    258.152,    299.506      
# span 16 =    264.329,    306.661      
# span 17 =   -0.00175,    0.05749      
# span 18 =    6.97306,    7.01530      
# span 19 =    9.96520,   10.02557      
# span 20 =  304.13694,  305.97435      
# span 21 =   15.68119,   15.76887      
# span 22 = 1.6481e-01, 5.7866e+01      
# span 23 =     0.1836,     0.8166      
# span 24 =     0.7267,     0.9501      
# span 25 =    78.6537,    83.3879      
# span 26 = 0.0000e+00, 0.0000e+00      
# interval = meters: 1                  
# start_time = Oct 29 2012 12:58:24 [Instrument's time stamp, header]
# bad_flag = -9.990e-29
*END*
        119 303.540898    0.00822     0.4933     29.600      1.028  48839.420    30.5316     6.6117      1.000     6.7249    23.9499     6.6183     9.4583     94.344    288.660    295.574    0.02320    7.01530   10.02557  305.97435   15.76887 5.7866e+01     0.1845     0.9501    78.6537 0.0000e+00
        122 303.540907    0.00842     0.5051     30.303      2.031  48724.515    30.4758     6.7459      2.000     6.7792    23.8892     6.8666     9.8131     98.150    299.506    306.661    0.05749    6.99607    9.99809  305.15447   15.73002 5.0401e+01     0.1836     0.7926    81.9464 0.0000e+00
        211 303.541163    0.01457     0.8742     52.454      3.016  48671.634    30.4490     6.8035      3.000     6.7743    23.8609     6.5242     9.3237     93.355    284.579    291.369    0.03434    6.98795    9.98649  304.80909   15.71367 4.1290e+01     0.3284     0.7659    82.5458 0.0000e+00
        401 303.541712    0.02777     1.6661     99.967      4.042  48811.153    30.5555     6.8644      4.000     6.8642    23.9371     5.9204     8.4608     84.902    258.223    264.404    0.00026    6.97321    9.96541  304.14311   15.68148 3.2310e+01     0.6437     0.7267    83.3879 0.0000e+00
        404 303.541721    0.02798     1.6784    100.705      5.046  48811.126    30.5548     6.8630      5.000     6.8622    23.9367     5.9308     8.4758     85.048    258.679    264.872    0.00068    6.97348    9.96580  304.15498   15.68205 2.6466e+01     0.6616     0.7317    83.2840 0.0000e+00
        410 303.541738    0.02837     1.7024    102.142      6.057  48812.791    30.5557     6.8636      6.000     6.8636    23.9372     5.9401     8.4890     85.183    259.082    265.283    0.00147    6.97332    9.96557  304.14783   15.68170 2.8988e+01     0.6633     0.7291    83.3384 0.0000e+00
        415 303.541754    0.02877     1.7263    103.580      7.078  48812.763    30.5554     6.8651      7.000     6.8648    23.9369     5.9376     8.4853     85.149    258.973    265.171    0.00054    6.97309    9.96524  304.13811   15.68124 2.2489e+01     0.6611     0.7412    83.0863 0.0000e+00
        418 303.541763    0.02899     1.7395    104.369      8.073  48812.914    30.5551     6.8652      8.000     6.8647    23.9366     5.9332     8.4791     85.087    258.784    264.978   -0.00033    6.97308    9.96523  304.13763   15.68122 2.2491e+01     0.7069     0.7582    82.7317 0.0000e+00
        422 303.541774    0.02924     1.7544    105.263      9.081  48812.815    30.5546     6.8655      9.000     6.8644    23.9362     5.9341     8.4804     85.101    258.823    265.018   -0.00030    6.97306    9.96520  304.13694   15.68119 2.1473e+01     0.7411     0.7558    82.7822 0.0000e+00
        426 303.541785    0.02952     1.7714    106.284     10.094  48813.818    30.5548     6.8651     10.000     6.8642    23.9364     5.9345     8.4810     85.106    258.840    265.036   -0.00017    6.97312    9.96529  304.13947   15.68131 1.6065e+01     0.7573     0.7492    82.9198 0.0000e+00
        430 303.541797    0.02980     1.7882    107.291     11.110  48813.196    30.5538     6.8649     11.000     6.8630    23.9357     5.9315     8.4767     85.062    258.709    264.902   -0.00063    6.97320    9.96539  304.14304   15.68148 1.2256e+01     0.7864     0.7433    83.0433 0.0000e+00
        434 303.541807    0.03004     1.8026    108.156     12.111  48811.230    30.5517     6.8630     12.000     6.8608    23.9343     5.9319     8.4772     85.061    258.723    264.916   -0.00067    6.97361    9.96598  304.16138   15.68237 1.0892e+01     0.7711     0.7521    82.8601 0.0000e+00
        437 303.541818    0.03031     1.8186    109.119     13.120  48814.734    30.5534     6.8615     13.000     6.8605    23.9358     5.9353     8.4822     85.109    258.876    265.072   -0.00006    6.97375    9.96619  304.16738   15.68265 9.3679e+00     0.8097     0.7472    82.9601 0.0000e+00
        442 303.541831    0.03062     1.8370    110.222     14.138  48806.530    30.5471     6.8606     14.000     6.8569    23.9310     5.9278     8.4714     84.996    258.548    264.735   -0.00100    6.97419    9.96682  304.18796   15.68365 7.4642e+00     0.8166     0.7516    82.8700 0.0000e+00
        446 303.541842    0.03087     1.8523    111.138     15.143  48793.245    30.5364     6.8542     15.000     6.8470    23.9234     5.9268     8.4701     84.964    258.508    264.693   -0.00126    6.97572    9.96900  304.25679   15.68698 6.0196e+00     0.7812     0.7778    82.3288 0.0000e+00
        449 303.541852    0.03112     1.8673    112.040     16.146  48795.199    30.5357     6.8449     16.000     6.8418    23.9241     5.9217     8.4628     84.872    258.286    264.465   -0.00168    6.97727    9.97122  304.32419   15.69019 4.7811e+00     0.7756     0.8017    81.8373 0.0000e+00
        454 303.541866    0.03145     1.8871    113.224     17.159  48813.728    30.5484     6.8467     17.000     6.8484    23.9338     5.9225     8.4638     84.893    258.314    264.497   -0.00124    6.97639    9.96997  304.28315   15.68818 3.8474e+00     0.7834     0.8120    81.6282 0.0000e+00
        459 303.541881    0.03181     1.9083    114.498     18.180  48803.277    30.5414     6.8509     18.000     6.8471    23.9278     5.9315     8.4767     85.027    258.710    264.901    0.00043    6.97603    9.96944  304.26879   15.68753 2.8791e+00     0.7713     0.7895    82.0875 0.0000e+00
        463 303.541891    0.03205     1.9230    115.377     19.172  48795.948    30.5351     6.8464     19.000     6.8418    23.9234     5.9309     8.4758     85.005    258.684    264.872    0.00021    6.97705    9.97091  304.31490   15.68975 2.2290e+00     0.7810     0.7934    82.0085 0.0000e+00
        468 303.541906    0.03241     1.9446    116.675     20.190  48800.107    30.5367     6.8413     20.000     6.8392    23.9253     5.9187     8.4584     84.822    258.152    264.329   -0.00166    6.97781    9.97198  304.34718   15.69129 1.9110e+00     0.7914     0.8059    81.7519 0.0000e+00
        473 303.541920    0.03276     1.9652    117.914     21.216  48802.766    30.5380     6.8412     21.000     6.8399    23.9264     5.9346     8.4812     85.050    258.847    265.040    0.00084    6.97777    9.97192  304.34486   15.69117 1.5246e+00     0.7760     0.8306    81.2490 0.0000e+00
        475 303.541928    0.03294     1.9765    118.588     22.211  48806.444    30.5402     6.8421     22.000     6.8410    23.9281     5.9398     8.4886     85.127    259.073    265.271    0.00137    6.97751    9.97156  304.33362   15.69063 1.1207e+00     0.7588     0.8436    80.9843 0.0000e+00
        478 303.541936    0.03312     1.9870    119.218     23.206  48804.730    30.5387     6.8430     23.000     6.8411    23.9268     5.9401     8.4890     85.132    259.084    265.283    0.00114    6.97743    9.97145  304.33062   15.69049 8.3754e-01     0.7688     0.8430    80.9988 0.0000e+00
        481 303.541945    0.03335     2.0014    120.085     24.210  48806.552    30.5396     6.8433     24.000     6.8418    23.9274     5.9403     8.4894     85.138    259.097    265.297    0.00072    6.97734    9.97132  304.32619   15.69028 6.6223e-01     0.7863     0.8230    81.4052 0.0000e+00
        490 303.541972    0.03399     2.0394    122.364     25.260  48807.692    30.5403     6.8450     25.000     6.8430    23.9277     5.9318     8.4771     85.019    258.724    264.915   -0.00071    6.97703    9.97088  304.31287   15.68964 5.8302e-01     0.7620     0.8065    81.7398 0.0000e+00
        493 303.541980    0.03419     2.0514    123.081     26.259  48807.876    30.5400     6.8452     26.000     6.8431    23.9274     5.9350     8.4817     85.065    258.864    265.058   -0.00050    6.97702    9.97086  304.31234   15.68961 4.4798e-01     0.7790     0.8310    81.2429 0.0000e+00
        496 303.541987    0.03435     2.0609    123.658     27.246  48807.882    30.5395     6.8454     27.000     6.8433    23.9271     5.9375     8.4853     85.101    258.972    265.168    0.00009    6.97699    9.97083  304.31145   15.68957 3.5027e-01     0.7571     0.8438    80.9817 0.0000e+00
        498 303.541995    0.03454     2.0729    124.374     28.245  48809.102    30.5399     6.8457     28.000     6.8434    23.9274     5.9426     8.4927     85.176    259.197    265.399    0.00059    6.97694    9.97074  304.30861   15.68944 2.7155e-01     0.7830     0.8381    81.0961 0.0000e+00
        507 303.542020    0.03516     2.1094    126.567     29.281  48806.971    30.5378     6.8443     29.000     6.8409    23.9259     5.9274     8.4708     84.953    258.531    264.717   -0.00162    6.97727    9.97121  304.32359   15.69016 2.1514e-01     0.7753     0.8468    80.9227 0.0000e+00
        513 303.542038    0.03559     2.1350    128.098     30.233  48805.503    30.5358     6.8418     30.000     6.8391    23.9247     5.9261     8.4691     84.929    258.476    264.660   -0.00175    6.97776    9.97192  304.34542   15.69121 1.6481e-01     0.7698     0.9219    79.4129 0.0000e+00
