CTD-processing/allCTD/CNV/2012_09-21_t9_s08_repeat3_cast166_4141.cnv
* Sea-Bird SBE19plus Data File:
* FileName = C:\Documents and Settings\kris.holderied.local\My Documents\2012-CTD-DATA-new-files\2012-09-21-CTD-HomerSpit-tide-time-series-KBRRctd\2012-09-21-CTD-HomerSpit-tide-repeat3\2012-09-21-HomerSpit-tide-repeat3-cast166.hex
* Software Version 1.54
* Temperature SN =  4141
* Conductivity SN =  4141
* System UpLoad Time = Oct 11 2012 18:53:06
** Kachemak Bay Homer Spit Line - Tidal repeat3
** Date:  2012-09-21
** Station: 9-08
** Start time (AKDT-24 hr): 1243
** Depth (ft): 305
** Comment:
# nquan = 27
# nvalues = 91                          
# units = specified
# name 0 = scan: Scan Count
# name 1 = timeJ: Julian Days
# name 2 = timeH: Time, Elapsed [hours]
# name 3 = timeM: Time, Elapsed [minutes]
# name 4 = timeS: Time, Elapsed [seconds]
# name 5 = prdM: Pressure, Strain Gauge [db]
# name 6 = specc: Specific Conductance [uS/cm]
# name 7 = sal00: Salinity, Practical [PSU]
# name 8 = tv290C: Temperature [ITS-90, deg C]
# name 9 = depSM: Depth [salt water, m], lat = 59.00
# name 10 = potemp090C: Potential Temperature [ITS-90, deg C]
# name 11 = sigma-é00: Density [sigma-theta, kg/m^3]
# name 12 = sbeox0ML/L: Oxygen, SBE 43 [ml/l]
# name 13 = sbeox0Mg/L: Oxygen, SBE 43 [mg/l]
# name 14 = sbeox0PS: Oxygen, SBE 43 [% saturation]
# name 15 = sbox0Mm/Kg: Oxygen, SBE 43 [umol/kg]
# name 16 = sbeox0Mm/L: Oxygen, SBE 43 [umol/l]
# name 17 = sbox0dV/dT: Oxygen, SBE 43 [dov/dt]
# name 18 = oxsolML/L: Oxygen Saturation, Garcia & Gordon [ml/l]
# name 19 = oxsolMg/L: Oxygen Saturation, Garcia & Gordon [mg/l]
# name 20 = oxsolMm/Kg: Oxygen Saturation, Garcia & Gordon [umol/kg]
# name 21 = n2satMg/L: Nitrogen Saturation [mg/l]
# name 22 = par: PAR/Irradiance, Biospherical/Licor
# name 23 = wetStar: Fluorescence, WET Labs WETstar [mg/m^3]
# name 24 = CStarAt0: Beam Attenuation, WET Labs C-Star [1/m]
# name 25 = CStarTr0: Beam Transmission, WET Labs C-Star [%]
# name 26 = flag: flag
# span 0 =        312,        673       
# span 1 = 265.530830, 265.531875       
# span 2 =    0.02161,    0.04667       
# span 3 =     1.2961,     2.7998       
# span 4 =     77.768,    167.986       
# span 5 =      1.016,     91.873       
# span 6 =  41266.845,  48610.825       
# span 7 =    25.7033,    30.7692       
# span 8 =     9.4163,     9.7408       
# span 9 =      1.000,     91.000       
# span 10 =     9.4254,     9.7403      
# span 11 =    19.7905,    23.7388      
# span 12 =     5.2990,     6.1873      
# span 13 =     7.5728,     8.8423      
# span 14 =     80.700,     93.162      
# span 15 =    231.166,    270.457      
# span 16 =    236.653,    276.324      
# span 17 =   -0.01652,    0.02010      
# span 18 =    6.55579,    6.79011      
# span 19 =    9.36888,    9.70375      
# span 20 =  286.07973,  297.36122      
# span 21 =   14.81956,   15.37831      
# span 22 = 6.6147e-02, 1.5753e+02      
# span 23 =     0.5485,     2.6629      
# span 24 =     0.5397,     2.9048      
# span 25 =    48.3756,    87.3801      
# span 26 = 0.0000e+00, 0.0000e+00      
# interval = meters: 1                  
# start_time = Sep 21 2012 12:43:06 [Instrument's time stamp, header]
# bad_flag = -9.990e-29
*END*
        312 265.530830    0.02161     1.2961     77.768      1.016  41266.845    25.7033     9.4163      1.000     9.4254    19.7905     6.1070     8.7275     89.939    267.443    272.736   -0.00033    6.79011    9.70375  297.36122   15.37831 1.5753e+02     1.3861     2.5678    52.6090 0.0000e+00
        317 265.530846    0.02195     1.3174     79.043      2.021  42341.880    26.4465     9.4547      2.000     9.4808    20.3642     6.0927     8.7071     90.236    266.669    272.100    0.00158    6.75195    9.64921  295.52400   15.28743 7.4408e+01     1.4095     2.9048    48.3756 0.0000e+00
        322 265.530859    0.02228     1.3368     80.208      3.028  43614.141    27.3345     9.5457      3.000     9.5955    21.0432     6.1141     8.7377     91.258    267.429    273.056    0.00952    6.69991    9.57484  293.05129   15.16559 3.9210e+01     1.5975     2.5550    53.0018 0.0000e+00
        327 265.530873    0.02261     1.3564     81.383      4.040  44197.858    27.7490     9.6415      4.000     9.6548    21.3520     6.1831     8.8362     92.729    270.362    276.134    0.02010    6.66782    9.52898  291.55952   15.09258 2.5785e+01     1.9606     1.6076    66.9178 0.0000e+00
        331 265.530885    0.02291     1.3746     82.477      5.045  44831.671    28.1927     9.6751      5.000     9.6969    21.6927     6.1873     8.8423     93.127    270.457    276.324    0.01732    6.64391    9.49481  290.41717   15.03615 1.8361e+01     2.1056     1.3049    72.1999 0.0000e+00
        336 265.530899    0.02323     1.3942     83.650      6.062  45758.223    28.8427     9.7235      6.000     9.7332    22.1921     6.1572     8.7993     93.162    269.011    274.981    0.01056    6.60913    9.44511  288.75547   14.95404 1.3657e+01     2.4964     0.9582    78.6996 0.0000e+00
        340 265.530911    0.02352     1.4114     84.682      7.063  46170.105    29.1316     9.7408      7.000     9.7403    22.4148     6.1125     8.7354     92.694    267.001    272.986    0.00350    6.59436    9.42399  288.04738   14.91900 1.0272e+01     2.4542     0.9065    79.7213 0.0000e+00
        344 265.530924    0.02383     1.4300     85.801      8.077  46290.024    29.2146     9.7376      8.000     9.7344    22.4800     6.0211     8.6047     91.349    262.990    268.901   -0.01044    6.59131    9.41964  287.89595   14.91142 7.8785e+00     2.6569     0.8745    80.3643 0.0000e+00
        349 265.530936    0.02414     1.4483     86.895      9.081  46295.852    29.2178     9.7336      9.000     9.7316    22.4831     5.9582     8.5148     90.388    260.241    266.091   -0.01652    6.59176    9.42028  287.91456   14.91230 5.9304e+00     2.6629     0.8790    80.2730 0.0000e+00
        353 265.530950    0.02447     1.4684     88.106     10.101  46439.566    29.3174     9.7305     10.000     9.7276    22.5613     5.9356     8.4826     90.097    259.236    265.085   -0.01310    6.58799    9.41490  287.72829   14.90298 4.5341e+00     2.3561     0.8684    80.4843 0.0000e+00
        357 265.530962    0.02475     1.4852     89.110     11.096  46687.533    29.4893     9.7226     11.000     9.7120    22.6966     5.9233     8.4651     89.994    258.664    264.535   -0.00978    6.58188    9.40616  287.42309   14.88768 3.4509e+00     2.3723     0.9349    79.1582 0.0000e+00
        362 265.530976    0.02509     1.5054     90.325     12.121  46841.259    29.5943     9.7056     12.000     9.7021    22.7813     5.8988     8.4299     89.648    257.571    263.438   -0.00874    6.57991    9.40336  287.31350   14.88202 2.6164e+00     2.4265     0.9047    79.7574 0.0000e+00
        366 265.530988    0.02538     1.5223     91.339     13.119  47183.882    29.8330     9.6998     13.000     9.6940    22.9684     5.8447     8.3526     88.952    255.165    261.026   -0.01223    6.57066    9.39014  286.85711   14.85921 1.9712e+00     2.1435     0.9188    79.4792 0.0000e+00
        371 265.531001    0.02568     1.5410     92.460     14.134  47315.383    29.9238     9.6929     14.000     9.6908    23.0403     5.7943     8.2806     88.222    252.944    258.772   -0.01487    6.56783    9.38608  286.71328   14.85197 1.5308e+00     1.9554     0.8180    81.5068 0.0000e+00
        375 265.531013    0.02598     1.5590     93.539     15.138  47331.881    29.9349     9.6924     15.000     9.6910    23.0491     5.7688     8.2441     87.839    251.829    257.633   -0.01360    6.56746    9.38555  286.69450   14.85102 1.2011e+00     1.8426     0.8042    81.7875 0.0000e+00
        380 265.531027    0.02632     1.5789     94.736     16.156  47358.346    29.9530     9.6929     16.000     9.6915    23.0631     5.7659     8.2400     87.806    251.698    257.503   -0.00885    6.56661    9.38434  286.65362   14.84899 9.4128e-01     1.7828     0.7512    82.8795 0.0000e+00
        384 265.531040    0.02661     1.5967     95.802     17.161  47400.737    29.9824     9.6934     17.000     9.6913    23.0860     5.7704     8.2464     87.892    251.890    257.705   -0.00491    6.56529    9.38245  286.58960   14.84581 7.4006e-01     1.7110     0.7570    82.7592 0.0000e+00
        388 265.531051    0.02691     1.6143     96.856     18.189  47422.189    29.9969     9.6927     18.000     9.6899    23.0975     5.7755     8.2539     87.978    252.113    257.937   -0.00226    6.56478    9.38173  286.56419   14.84454 5.9274e-01     1.7414     0.6753    84.4652 0.0000e+00
        392 265.531061    0.02713     1.6283     97.696     19.167  47528.061    30.0704     9.6905     19.000     9.6850    23.1551     5.7598     8.2314     87.776    251.412    257.234   -0.00336    6.56201    9.37777  286.42698   14.83768 4.8043e-01     1.6947     0.6970    84.0119 0.0000e+00
        396 265.531073    0.02742     1.6450     98.698     20.189  47652.063    30.1561     9.6832     20.000     9.6769    23.2231     5.7446     8.2098     87.579    250.735    256.558   -0.00442    6.55944    9.37410  286.29603   14.83107 3.8519e-01     1.9188     0.8003    81.8637 0.0000e+00
        400 265.531086    0.02773     1.6640     99.837     21.198  47723.572    30.2046     9.6737     21.000     9.6686    23.2625     5.7280     8.1860     87.334    250.000    255.815   -0.00490    6.55879    9.37317  286.25658   14.82898 3.1347e-01     1.6258     0.7802    82.2823 0.0000e+00
        405 265.531100    0.02806     1.6836    101.016     22.214  47738.014    30.2137     9.6692     22.000     9.6666    23.2704     5.6955     8.1395     86.835    248.579    254.363   -0.00768    6.55905    9.37353  286.26546   14.82938 2.5379e-01     1.4199     0.7610    82.6764 0.0000e+00
        409 265.531111    0.02834     1.7004    102.027     23.217  47743.958    30.2174     9.6687     23.000     9.6660    23.2733     5.6838     8.1228     86.657    248.067    253.840   -0.00731    6.55895    9.37340  286.26073   14.82913 2.1006e-01     1.4921     0.7677    82.5411 0.0000e+00
        413 265.531124    0.02864     1.7182    103.093     24.233  47750.502    30.2214     9.6679     24.000     9.6647    23.2766     5.6807     8.1184     86.612    247.933    253.704   -0.00519    6.55891    9.37334  286.25782   14.82898 1.7666e-01     1.3248     0.7507    82.8888 0.0000e+00
        417 265.531134    0.02889     1.7333    103.999     25.239  47752.153    30.2221     9.6672     25.000     9.6642    23.2773     5.6818     8.1197     86.625    247.973    253.745   -0.00363    6.55900    9.37346  286.26130   14.82914 1.5013e-01     1.2354     0.7488    82.9269 0.0000e+00
        420 265.531144    0.02913     1.7477    104.863     26.243  47761.770    30.2283     9.6663     26.000     9.6625    23.2822     5.6814     8.1193     86.621    247.957    253.730   -0.00255    6.55886    9.37326  286.25393   14.82876 1.3223e-01     1.3151     0.7342    83.2324 0.0000e+00
        424 265.531156    0.02940     1.7639    105.837     27.257  47765.769    30.2306     9.6650     27.000     9.6620    23.2842     5.6778     8.1141     86.566    247.802    253.572   -0.00235    6.55894    9.37339  286.25729   14.82892 1.1847e-01     1.3064     0.6910    84.1353 0.0000e+00
        428 265.531167    0.02967     1.7801    106.808     28.269  47768.806    30.2322     9.6647     28.000     9.6615    23.2856     5.6754     8.1107     86.529    247.694    253.462   -0.00207    6.55891    9.37334  286.25544   14.82882 1.0746e-01     1.2545     0.6830    84.3022 0.0000e+00
        432 265.531177    0.02991     1.7949    107.692     29.272  47773.022    30.2347     9.6643     29.000     9.6607    23.2876     5.6792     8.1161     86.588    247.860    253.632   -0.00117    6.55886    9.37327  286.25254   14.82868 9.8371e-02     1.2939     0.7046    83.8506 0.0000e+00
        436 265.531188    0.03018     1.8105    108.627     30.285  47784.077    30.2419     9.6631     30.000     9.6590    23.2934     5.6854     8.1250     86.684    248.129    253.910    0.00019    6.55874    9.37309  286.24572   14.82832 9.1771e-02     1.4886     0.6562    84.8708 0.0000e+00
        439 265.531199    0.03044     1.8262    109.571     31.292  47791.080    30.2463     9.6620     31.000     9.6579    23.2970     5.6826     8.1210     86.642    248.007    253.785   -0.00026    6.55872    9.37307  286.24402   14.82822 8.6713e-02     1.3752     0.6419    85.1741 0.0000e+00
        443 265.531210    0.03072     1.8431    110.588     32.309  47808.039    30.2575     9.6602     32.000     9.6559    23.3061     5.6830     8.1215     86.651    248.022    253.802   -0.00034    6.55849    9.37274  286.23125   14.82756 8.3089e-02     1.3007     0.6274    85.4824 0.0000e+00
        447 265.531221    0.03098     1.8588    111.527     33.312  47813.363    30.2607     9.6589     33.000     9.6550    23.3088     5.6800     8.1173     86.605    247.892    253.670   -0.00055    6.55855    9.37282  286.23301   14.82764 7.9821e-02     1.3785     0.6159    85.7318 0.0000e+00
        451 265.531233    0.03125     1.8753    112.516     34.324  47833.068    30.2739     9.6576     34.000     9.6526    23.3193     5.6710     8.1045     86.473    247.498    253.270   -0.00178    6.55819    9.37231  286.21436   14.82669 7.7271e-02     1.3724     0.6105    85.8450 0.0000e+00
        455 265.531244    0.03153     1.8919    113.517     35.333  47861.596    30.2931     9.6547     35.000     9.6488    23.3348     5.6657     8.0969     86.397    247.262    253.032   -0.00205    6.55779    9.37175  286.19293   14.82558 7.5264e-02     1.2516     0.5906    86.2742 0.0000e+00
        459 265.531256    0.03181     1.9087    114.523     36.344  47908.170    30.3247     9.6497     36.000     9.6429    23.3603     5.6585     8.0865     86.293    246.936    252.705   -0.00237    6.55719    9.37089  286.15951   14.82386 7.3683e-02     1.1231     0.5749    86.6142 0.0000e+00
        463 265.531267    0.03208     1.9251    115.509     37.353  47990.586    30.3813     9.6429     37.000     9.6349    23.4054     5.6465     8.0693     86.129    246.403    252.171   -0.00321    6.55579    9.36888  286.08567   14.82010 7.2210e-02     1.2094     0.5560    87.0233 0.0000e+00
        467 265.531279    0.03236     1.9414    116.484     38.363  48023.609    30.4032     9.6363     38.000     9.6300    23.4236     5.6377     8.0569     85.996    246.018    251.780   -0.00362    6.55583    9.36893  286.08232   14.81985 7.1445e-02     1.1775     0.5397    87.3801 0.0000e+00
        471 265.531289    0.03261     1.9563    117.379     39.372  48045.022    30.4172     9.6320     39.000     9.6254    23.4353     5.6287     8.0439     85.857    245.620    251.377   -0.00388    6.55584    9.36896  286.07973   14.81967 7.0651e-02     1.1799     0.5460    87.2415 0.0000e+00
        474 265.531300    0.03286     1.9715    118.289     40.380  48058.405    30.4257     9.6281     40.000     9.6222    23.4425     5.6141     8.0230     85.631    244.979    250.722   -0.00480    6.55606    9.36927  286.08724   14.81999 7.0195e-02     1.1072     0.5520    87.1094 0.0000e+00
        478 265.531311    0.03313     1.9876    119.255     41.395  48073.550    30.4355     9.6252     41.000     9.6184    23.4507     5.6015     8.0051     85.440    244.430    250.162   -0.00543    6.55607    9.36928  286.08524   14.81985 6.9344e-02     1.1478     0.5473    87.2108 0.0000e+00
        482 265.531321    0.03338     2.0028    120.170     42.399  48105.406    30.4567     9.6190     42.000     9.6061    23.4682     5.5954     7.9964     85.347    244.161    249.891   -0.00473    6.55608    9.36930  286.08075   14.81956 6.9164e-02     1.1109     0.5657    86.8110 0.0000e+00
        485 265.531332    0.03364     2.0182    121.091     43.411  48157.546    30.4909     9.6044     43.000     9.5954    23.4972     5.5882     7.9862     85.229    243.842    249.572   -0.00429    6.55674    9.37024  286.10156   14.82041 6.8652e-02     1.0293     0.5947    86.1842 0.0000e+00
        489 265.531343    0.03390     2.0338    122.026     44.417  48179.915    30.5053     9.5972     44.000     9.5900    23.5096     5.5671     7.9560     84.901    242.916    248.627   -0.00594    6.55718    9.37087  286.11731   14.82111 6.8390e-02     1.0361     0.6119    85.8144 0.0000e+00
        493 265.531354    0.03418     2.0506    123.037     45.435  48195.334    30.5151     9.5925     45.000     9.5858    23.5180     5.5354     7.9106     84.413    241.529    247.209   -0.00865    6.55745    9.37126  286.12666   14.82151 6.7937e-02     0.9724     0.6002    86.0658 0.0000e+00
        497 265.531366    0.03443     2.0660    123.960     46.436  48209.359    30.5242     9.5896     46.000     9.5839    23.5255     5.5200     7.8887     84.179    240.858    246.523   -0.00885    6.55749    9.37131  286.12622   14.82146 6.7919e-02     0.8693     0.6169    85.7077 0.0000e+00
        501 265.531377    0.03471     2.0827    124.965     47.451  48221.600    30.5321     9.5879     47.000     9.5815    23.5320     5.5182     7.8861     84.153    240.781    246.446   -0.00613    6.55739    9.37117  286.12031   14.82114 6.7844e-02     0.8966     0.6095    85.8659 0.0000e+00
        505 265.531388    0.03498     2.0989    125.934     48.457  48233.634    30.5398     9.5856     48.000     9.5796    23.5384     5.5161     7.8830     84.120    240.684    246.350   -0.00461    6.55741    9.37119  286.11890   14.82105 6.7688e-02     0.8276     0.6072    85.9173 0.0000e+00
        509 265.531399    0.03525     2.1152    126.910     49.468  48242.116    30.5451     9.5839     49.000     9.5770    23.5428     5.5235     7.8937     84.233    241.007    246.681   -0.00218    6.55743    9.37122  286.11872   14.82101 6.7824e-02     0.8986     0.6196    85.6500 0.0000e+00
        513 265.531411    0.03553     2.1320    127.918     50.478  48256.081    30.5541     9.5805     50.000     9.5741    23.5503     5.5163     7.8833     84.121    240.688    246.356   -0.00232    6.55754    9.37138  286.12149   14.82111 6.7325e-02     0.9090     0.6248    85.5388 0.0000e+00
        517 265.531423    0.03582     2.1493    128.957     51.489  48263.510    30.5587     9.5789     51.000     9.5724    23.5542     5.5125     7.8780     84.064    240.527    246.192   -0.00233    6.55758    9.37144  286.12228   14.82113 6.7040e-02     0.8478     0.6308    85.4104 0.0000e+00
        521 265.531434    0.03609     2.1657    129.943     52.499  48270.626    30.5630     9.5769     52.000     9.5712    23.5579     5.5011     7.8616     83.887    240.024    245.679   -0.00308    6.55768    9.37158  286.12567   14.82127 6.6992e-02     0.8607     0.6336    85.3488 0.0000e+00
        525 265.531446    0.03636     2.1817    130.900     53.503  48278.406    30.5681     9.5773     53.000     9.5704    23.5618     5.4965     7.8551     83.821    239.823    245.473   -0.00313    6.55742    9.37121  286.11301   14.82064 6.6856e-02     0.9034     0.6279    85.4728 0.0000e+00
