CTD-processing/allCTD/CNV/2012_07-29_t3_s02_cast057_4141.cnv
* Sea-Bird SBE19plus Data File:
* FileName = C:\Documents and Settings\kris.holderied.local\My Documents\2012-07-EVOS-CookInlet-Ocean\2012-07-29-Tran3-CookInlet-LTM-cast057.hex
* Software Version 1.54
* Temperature SN =  4141
* Conductivity SN =  4141
* System UpLoad Time = Jul 29 2012 20:42:42
** Cook Inlet LTM Transect 3 from Anchor Pt west
** Date:  2012-07-29
** Station:  3-02
** Start time (AKDT-24 hr): 1921
** Depth (m): 40
** Secchi depth=1.8m  Rain.  Flat seas.
# nquan = 27
# nvalues = 26                          
# units = specified
# name 0 = scan: Scan Count
# name 1 = timeJ: Julian Days
# name 2 = timeH: Time, Elapsed [hours]
# name 3 = timeM: Time, Elapsed [minutes]
# name 4 = timeS: Time, Elapsed [seconds]
# name 5 = prdM: Pressure, Strain Gauge [db]
# name 6 = specc: Specific Conductance [uS/cm]
# name 7 = sal00: Salinity, Practical [PSU]
# name 8 = tv290C: Temperature [ITS-90, deg C]
# name 9 = depSM: Depth [salt water, m], lat = 59.00
# name 10 = potemp090C: Potential Temperature [ITS-90, deg C]
# name 11 = sigma-é00: Density [sigma-theta, kg/m^3]
# name 12 = sbeox0ML/L: Oxygen, SBE 43 [ml/l]
# name 13 = sbeox0Mg/L: Oxygen, SBE 43 [mg/l]
# name 14 = sbeox0PS: Oxygen, SBE 43 [% saturation]
# name 15 = sbox0Mm/Kg: Oxygen, SBE 43 [umol/kg]
# name 16 = sbeox0Mm/L: Oxygen, SBE 43 [umol/l]
# name 17 = sbox0dV/dT: Oxygen, SBE 43 [dov/dt]
# name 18 = oxsolML/L: Oxygen Saturation, Garcia & Gordon [ml/l]
# name 19 = oxsolMg/L: Oxygen Saturation, Garcia & Gordon [mg/l]
# name 20 = oxsolMm/Kg: Oxygen Saturation, Garcia & Gordon [umol/kg]
# name 21 = n2satMg/L: Nitrogen Saturation [mg/l]
# name 22 = par: PAR/Irradiance, Biospherical/Licor
# name 23 = wetStar: Fluorescence, WET Labs WETstar [mg/m^3]
# name 24 = CStarAt0: Beam Attenuation, WET Labs C-Star [1/m]
# name 25 = CStarTr0: Beam Transmission, WET Labs C-Star [%]
# name 26 = flag: flag
# span 0 =         75,        453       
# span 1 = 211.848535, 211.849630       
# span 2 =    0.00513,    0.03139       
# span 3 =     0.3078,     1.8831       
# span 4 =     18.470,    112.991       
# span 5 =      1.005,     26.155       
# span 6 =  44099.337,  46676.920       
# span 7 =    27.8223,    29.5485       
# span 8 =    10.3375,    10.9596       
# span 9 =      1.000,     26.000       
# span 10 =    10.3345,    10.9614      
# span 11 =    21.1998,    22.6449      
# span 12 =     5.7035,     6.5113      
# span 13 =     8.1509,     9.3053      
# span 14 =     88.095,    100.959      
# span 15 =    249.428,    284.521      
# span 16 =    254.719,    290.796      
# span 17 =   -0.01440,    0.00595      
# span 18 =    6.44939,    6.49119      
# span 19 =    9.21683,    9.27654      
# span 20 =  281.81257,  283.47708      
# span 21 =   14.62171,   14.69873      
# span 22 = 4.4024e-02, 2.5943e+01      
# span 23 =     0.4396,     2.6124      
# span 24 =     1.5753,     3.3672      
# span 25 =    43.0482,    67.4482      
# span 26 = 0.0000e+00, 0.0000e+00      
# interval = meters: 1                  
# start_time = Jul 29 2012 20:21:35 [Instrument's time stamp, header]
# bad_flag = -9.990e-29
*END*
         75 211.848535    0.00513     0.3078     18.470      1.005  44099.337    27.8223    10.9596      1.000    10.9614    21.1998     5.7035     8.1509     88.095    249.428    254.719    0.00595    6.47466    9.25294  283.15567   14.69041 2.5943e+01     0.4396     3.0581    51.8618 0.0000e+00
        341 211.849306    0.02361     1.4167     85.003      2.018  45665.622    28.9018    10.8234      2.000    10.8099    22.0613     6.5113     9.3053    100.959    284.521    290.796   -0.00014    6.44939    9.21683  281.81257   14.62171 1.3594e+01     2.6124     1.7909    63.6265 0.0000e+00
        339 211.849299    0.02344     1.4065     84.392      3.030  45802.043    28.9918    10.7737      3.000    10.7487    22.1396     6.4688     9.2446    100.250    282.640    288.897   -0.00231    6.45265    9.22148  281.93342   14.62713 8.2146e+00     2.5554     1.6992    65.3918 0.0000e+00
        344 211.849313    0.02380     1.4281     85.689      4.039  45938.210    29.0799    10.7081      4.000    10.7075    22.2190     6.4407     9.2044     99.729    281.389    287.641   -0.00623    6.45822    9.22944  282.15496   14.63737 4.9346e+00     2.3542     1.5954    67.1134 0.0000e+00
        349 211.849328    0.02415     1.4487     86.923      5.046  45821.291    29.0008    10.7385      5.000    10.7458    22.1525     6.4302     9.1894     99.581    280.948    287.171   -0.00575    6.45723    9.22802  282.12964   14.63649 3.1451e+00     2.0810     1.6495    66.2111 0.0000e+00
        354 211.849343    0.02452     1.4714     88.284      6.057  45802.454    28.9879    10.7444      6.000    10.7445    22.1414     6.4444     9.2098     99.807    281.575    287.810   -0.00122    6.45692    9.22759  282.11961   14.63606 2.0538e+00     2.0718     1.6309    66.5160 0.0000e+00
        360 211.849359    0.02490     1.4938     89.631      7.069  45851.040    29.0207    10.7365      7.000    10.7090    22.1683     6.4548     9.2245     99.970    282.017    288.269    0.00091    6.45668    9.22724  282.10151   14.63506 1.3334e+00     2.1243     1.6453    66.2775 0.0000e+00
        364 211.849372    0.02522     1.5130     90.782      8.073  46074.641    29.1683    10.6558      8.000    10.6033    22.2964     6.4462     9.2122     99.756    281.608    287.887   -0.00114    6.46194    9.23476  282.29607   14.64377 8.6341e-01     2.0972     1.6335    66.4750 0.0000e+00
        369 211.849387    0.02557     1.5342     92.049      9.087  46339.919    29.3403    10.5313      9.000    10.4970    22.4509     6.3989     9.1447     98.865    279.499    285.775   -0.00865    6.47236    9.24964  282.70835   14.66280 6.3820e-01     1.9229     1.5810    67.3523 0.0000e+00
        374 211.849401    0.02589     1.5537     93.222     10.097  46441.061    29.4041    10.4707     10.000    10.4632    22.5105     6.3463     9.0696     97.964    277.189    283.429   -0.01440    6.47827    9.25809  282.95018   14.67411 4.3679e-01     1.5726     1.5753    67.4482 0.0000e+00
        378 211.849414    0.02621     1.5724     94.341     11.099  46478.223    29.4278    10.4531     11.000    10.4410    22.5318     6.3339     9.0517     97.748    276.636    282.870   -0.01160    6.47977    9.26024  283.00996   14.67687 2.9372e-01     1.1573     1.6015    67.0073 0.0000e+00
        384 211.849430    0.02661     1.5962     95.774     12.122  46535.067    29.4642    10.4257     12.000    10.4148    22.5646     6.3314     9.0482     97.674    276.520    282.760   -0.00717    6.48214    9.26363  283.10430   14.68124 2.1829e-01     0.9706     1.6331    66.4801 0.0000e+00
        388 211.849443    0.02691     1.6142     96.853     13.146  46584.166    29.4954    10.4005     13.000    10.3736    22.5931     6.3350     9.0534     97.697    276.672    282.923   -0.00391    6.48441    9.26688  283.19565   14.68548 1.5080e-01     0.9331     1.8754    62.5765 0.0000e+00
        392 211.849452    0.02713     1.6278     97.670     14.116  46635.581    29.5271    10.3654     14.000    10.3543    22.6235     6.3184     9.0296     97.385    275.936    282.179   -0.00580    6.48807    9.27210  283.34688   14.69259 9.7410e-02     0.9315     2.4362    54.4780 0.0000e+00
        397 211.849469    0.02753     1.6516     99.094     15.146  46658.314    29.5407    10.3486     15.000    10.3447    22.6369     6.3149     9.0247     97.305    275.782    282.026   -0.00431    6.48988    9.27469  283.42223   14.69614 6.8838e-02     0.9202     2.6989    50.9412 0.0000e+00
        402 211.849482    0.02786     1.6713    100.277     16.153  46663.463    29.5435    10.3447     16.000    10.3431    22.6397     6.3272     9.0422     97.487    276.317    282.573   -0.00104    6.49033    9.27533  283.44101   14.69702 5.5885e-02     0.9619     3.0075    47.1657 0.0000e+00
        406 211.849495    0.02815     1.6887    101.322     17.158  46662.539    29.5426    10.3454     17.000    10.3436    22.6389     6.3321     9.0492     97.563    276.533    282.793    0.00020    6.49026    9.27524  283.43850   14.69691 5.0672e-02     0.9666     3.1130    45.9216 0.0000e+00
        411 211.849509    0.02848     1.7092    102.550     18.171  46664.667    29.5435    10.3443     18.000    10.3411    22.6398     6.3325     9.0498     97.568    276.550    282.811    0.00003    6.49038    9.27540  283.44320   14.69713 4.8340e-02     0.9100     3.0258    46.9326 0.0000e+00
        416 211.849523    0.02883     1.7300    103.801     19.181  46666.385    29.5442    10.3432     19.000    10.3419    22.6405     6.3285     9.0441     97.503    276.372    282.630   -0.00067    6.49052    9.27559  283.44891   14.69740 4.6967e-02     0.9187     3.0419    46.7454 0.0000e+00
        421 211.849537    0.02917     1.7499    104.994     20.189  46665.939    29.5435    10.3435     20.000    10.3407    22.6400     6.3254     9.0396     97.456    276.237    282.492   -0.00097    6.49049    9.27556  283.44798   14.69736 4.6350e-02     0.9386     2.9822    47.4484 0.0000e+00
        426 211.849552    0.02951     1.7711    106.265     21.201  46668.073    29.5445    10.3426     21.000    10.3396    22.6409     6.3269     9.0417     97.477    276.301    282.557   -0.00062    6.49058    9.27569  283.45162   14.69753 4.6266e-02     0.9174     3.0110    47.1084 0.0000e+00
        431 211.849565    0.02984     1.7903    107.421     22.208  46669.562    29.5450    10.3413     22.000    10.3389    22.6415     6.3329     9.0503     97.568    276.567    282.829    0.00057    6.49075    9.27592  283.45877   14.69787 4.5844e-02     0.9453     3.1309    45.7166 0.0000e+00
        435 211.849579    0.03017     1.8102    108.613     23.216  46671.044    29.5456    10.3413     23.000    10.3378    22.6419     6.3332     9.0508     97.574    276.578    282.841    0.00021    6.49071    9.27587  283.45703   14.69778 4.6031e-02     0.9637     3.0742    46.3737 0.0000e+00
        441 211.849595    0.03056     1.8335    110.012     24.228  46673.850    29.5470    10.3397     24.000    10.3370    22.6434     6.3295     9.0455     97.514    276.418    282.677   -0.00051    6.49089    9.27613  283.46448   14.69813 4.5945e-02     0.9354     2.9427    47.9216 0.0000e+00
        447 211.849611    0.03094     1.8568    111.407     25.232  46676.920    29.5485    10.3377     25.000    10.3345    22.6449     6.3248     9.0387     97.438    276.210    282.465   -0.00102    6.49111    9.27644  283.47356   14.69857 4.5662e-02     0.9807     3.1405    45.6198 0.0000e+00
        453 211.849630    0.03139     1.8831    112.991     26.155  46676.280    29.5478    10.3375     26.000 -9.990e-29    22.6442     6.3138     9.0229     97.265    275.726    281.970   -0.00264    6.49119    9.27654  283.47708   14.69873 4.4024e-02     0.7596     3.3672    43.0482 0.0000e+00
