CTD-processing/allCTD/CNV/2012_09-21_t9_s06_repeat4_cast178_4141.cnv
* Sea-Bird SBE19plus Data File:
* FileName = C:\Documents and Settings\kris.holderied.local\My Documents\2012-CTD-DATA-new-files\2012-09-21-CTD-HomerSpit-tide-time-series-KBRRctd\2012-09-21-CTD-HomerSpit-tide-repeat4\2012-09-21-HomerSpit-tide-repeat4-cast178.hex
* Software Version 1.54
* Temperature SN =  4141
* Conductivity SN =  4141
* System UpLoad Time = Oct 11 2012 19:24:41
** Kachemak Bay Homer Spit Line - Tidal repeat4
** Date:  2012-09-21
** Station: 9-06
** Start time (AKDT-24 hr): 1511
** Depth (ft): not available
** Comment:Depth sounder not working. Secchi disk=66 inches. Raining harder. ~1 ft chop. Drift to SW.
# nquan = 27
# nvalues = 99                          
# units = specified
# name 0 = scan: Scan Count
# name 1 = timeJ: Julian Days
# name 2 = timeH: Time, Elapsed [hours]
# name 3 = timeM: Time, Elapsed [minutes]
# name 4 = timeS: Time, Elapsed [seconds]
# name 5 = prdM: Pressure, Strain Gauge [db]
# name 6 = specc: Specific Conductance [uS/cm]
# name 7 = sal00: Salinity, Practical [PSU]
# name 8 = tv290C: Temperature [ITS-90, deg C]
# name 9 = depSM: Depth [salt water, m], lat = 59.00
# name 10 = potemp090C: Potential Temperature [ITS-90, deg C]
# name 11 = sigma-é00: Density [sigma-theta, kg/m^3]
# name 12 = sbeox0ML/L: Oxygen, SBE 43 [ml/l]
# name 13 = sbeox0Mg/L: Oxygen, SBE 43 [mg/l]
# name 14 = sbeox0PS: Oxygen, SBE 43 [% saturation]
# name 15 = sbox0Mm/Kg: Oxygen, SBE 43 [umol/kg]
# name 16 = sbeox0Mm/L: Oxygen, SBE 43 [umol/l]
# name 17 = sbox0dV/dT: Oxygen, SBE 43 [dov/dt]
# name 18 = oxsolML/L: Oxygen Saturation, Garcia & Gordon [ml/l]
# name 19 = oxsolMg/L: Oxygen Saturation, Garcia & Gordon [mg/l]
# name 20 = oxsolMm/Kg: Oxygen Saturation, Garcia & Gordon [umol/kg]
# name 21 = n2satMg/L: Nitrogen Saturation [mg/l]
# name 22 = par: PAR/Irradiance, Biospherical/Licor
# name 23 = wetStar: Fluorescence, WET Labs WETstar [mg/m^3]
# name 24 = CStarAt0: Beam Attenuation, WET Labs C-Star [1/m]
# name 25 = CStarTr0: Beam Transmission, WET Labs C-Star [%]
# name 26 = flag: flag
# span 0 =        341,        807       
# span 1 = 265.633369, 265.634716       
# span 2 =    0.02364,    0.05594       
# span 3 =     1.4182,     3.3568       
# span 4 =     85.093,    201.407       
# span 5 =      1.007,     99.927       
# span 6 =  39316.528,  48708.536       
# span 7 =    24.3632,    30.8301       
# span 8 =     9.3237,     9.7670       
# span 9 =      1.000,     99.000       
# span 10 =     9.3102,     9.7629      
# span 11 =    18.7591,    23.7923      
# span 12 =     5.2748,     6.3349      
# span 13 =     7.5383,     9.0532      
# span 14 =     80.292,     94.630      
# span 15 =    230.102,    277.495      
# span 16 =    235.577,    282.915      
# span 17 =   -0.01927,    0.01042      
# span 18 =    6.54602,    6.86334      
# span 19 =    9.35492,    9.80840      
# span 20 =  285.62813,  300.87483      
# span 21 =   14.79763,   15.55178      
# span 22 = 6.5684e-02, 1.0076e+02      
# span 23 =     0.4545,     3.2239      
# span 24 =     0.6100,     4.8646      
# span 25 =    41.7501,    85.8550      
# span 26 = 0.0000e+00, 0.0000e+00      
# interval = meters: 1                  
# start_time = Sep 21 2012 15:10:38 [Instrument's time stamp, header]
# bad_flag = -9.990e-29
*END*
[from data line 54]
        650 265.634261    0.04504     2.7026    162.158     55.532  48452.901    30.6886     9.5686     55.000     9.5503    23.6573     5.5592     7.9448     84.827    242.537    248.275   -0.00634    6.55360    9.36575  285.91975   14.81092 6.6055e-02     0.8439     0.6773    84.4254 0.0000e+00
        653 265.634272    0.04530     2.7177    163.065     56.535  48483.687    30.7067     9.5453     56.000     9.5304    23.6752     5.5474     7.9277     84.612    242.015    247.745   -0.00628    6.55620    9.36947  286.02829   14.81603 6.6066e-02     0.8097     0.7678    82.5377 0.0000e+00
        657 265.634283    0.04556     2.7336    164.018     57.545  48500.991    30.7169     9.5331     57.000     9.5245    23.6850     5.5158     7.8827     84.114    240.639    246.337   -0.00871    6.55754    9.37138  286.08382   14.81865 6.5857e-02     0.7166     0.7899    82.0808 0.0000e+00
        661 265.634294    0.04583     2.7498    164.989     58.558  48510.277    30.7224     9.5284     58.000     9.5194    23.6900     5.4790     7.8300     83.546    239.028    244.690   -0.01174    6.55798    9.37202  286.10177   14.81948 6.6260e-02     0.5884     0.8323    81.2167 0.0000e+00
        664 265.634304    0.04607     2.7644    165.864     59.563  48516.632    30.7258     9.5236     59.000     9.5145    23.6935     5.4632     7.8075     83.300    238.341    243.988   -0.01102    6.55854    9.37280  286.12485   14.82057 6.5931e-02     0.5860     0.8299    81.2643 0.0000e+00
        668 265.634314    0.04633     2.7796    166.777     60.580  48523.289    30.7293     9.5185     60.000     9.5096    23.6971     5.4599     7.8027     83.241    238.193    243.838   -0.00842    6.55913    9.37365  286.14984   14.82175 6.5979e-02     0.6595     0.8456    80.9447 0.0000e+00
        672 265.634325    0.04657     2.7943    167.659     61.582  48528.672    30.7320     9.5130     61.000     9.5024    23.7000     5.4605     7.8037     83.242    238.222    243.868   -0.00583    6.55980    9.37462  286.17853   14.82311 6.5684e-02     0.5496     0.8911    80.0299 0.0000e+00
        675 265.634335    0.04684     2.8100    168.599     62.597  48537.211    30.7366     9.5057     62.000     9.4961    23.7048     5.4545     7.7950     83.139    237.956    243.597   -0.00490    6.56068    9.37587  286.21543   14.82486 6.5869e-02     0.6385     0.9180    79.4940 0.0000e+00
        679 265.634346    0.04707     2.8246    169.478     63.599  48543.475    30.7400     9.5015     63.000     9.4945    23.7081     5.4454     7.7822     82.996    237.563    243.195   -0.00496    6.56114    9.37652  286.23426   14.82575 6.5939e-02     0.6496     0.9604    78.6567 0.0000e+00
        683 265.634357    0.04734     2.8407    170.445     64.620  48544.119    30.7399     9.5003     64.000     9.4917    23.7082     5.4432     7.7789     82.959    237.463    243.093   -0.00398    6.56132    9.37678  286.24221   14.82612 6.5966e-02     0.6430     0.9512    78.8356 0.0000e+00
        686 265.634366    0.04758     2.8548    171.289     65.619  48548.229    30.7419     9.4971     65.000     9.4885    23.7103     5.4412     7.7760     82.923    237.376    243.003   -0.00310    6.56170    9.37732  286.25808   14.82688 6.6048e-02     0.6101     0.9746    78.3777 0.0000e+00
        690 265.634378    0.04784     2.8705    172.231     66.634  48551.685    30.7436     9.4947     66.000     9.4872    23.7121     5.4337     7.7653     82.806    237.050    242.670   -0.00327    6.56198    9.37773  286.26994   14.82744 6.5969e-02     0.6249     0.9735    78.3982 0.0000e+00
        694 265.634389    0.04811     2.8865    173.187     67.644  48553.645    30.7445     9.4939     67.000     9.4864    23.7129     5.4258     7.7540     82.685    236.705    242.318   -0.00344    6.56204    9.37782  286.27255   14.82756 6.5988e-02     0.5761     0.9824    78.2224 0.0000e+00
        697 265.634399    0.04836     2.9020    174.119     68.655  48555.814    30.7455     9.4929     68.000     9.4849    23.7138     5.4147     7.7382     82.514    236.220    241.821   -0.00402    6.56215    9.37797  286.27708   14.82778 6.6180e-02     0.6096     1.0071    77.7415 0.0000e+00
        701 265.634410    0.04861     2.9169    175.013     69.661  48558.447    30.7467     9.4915     69.000     9.4815    23.7150     5.4052     7.7245     82.367    235.803    241.395   -0.00439    6.56230    9.37819  286.28333   14.82806 6.5802e-02     0.6551     1.0103    77.6810 0.0000e+00
        705 265.634420    0.04886     2.9316    175.898     70.672  48566.440    30.7512     9.4865     70.000     9.4770    23.7193     5.4028     7.7211     82.324    235.697    241.288   -0.00377    6.56285    9.37897  286.30589   14.82913 6.5903e-02     0.6631     1.0332    77.2379 0.0000e+00
        708 265.634431    0.04912     2.9469    176.815     71.681  48569.835    30.7529     9.4844     71.000     9.4762    23.7210     5.4070     7.7272     82.386    235.882    241.478   -0.00209    6.56307    9.37928  286.31519   14.82957 6.6101e-02     0.6983     1.0433    77.0412 0.0000e+00
        712 265.634442    0.04938     2.9627    177.762     72.697  48574.476    30.7555     9.4825     72.000     9.4722    23.7233     5.4019     7.7198     82.305    235.658    241.247   -0.00203    6.56324    9.37952  286.32172   14.82987 6.5805e-02     0.6950     1.0391    77.1222 0.0000e+00
        716 265.634452    0.04962     2.9773    178.636     73.698  48580.857    30.7590     9.4788     73.000     9.4703    23.7267     5.3926     7.7066     82.159    235.251    240.833   -0.00303    6.56363    9.38008  286.33777   14.83062 6.6129e-02     0.5893     1.0985    75.9861 0.0000e+00
        719 265.634463    0.04989     2.9933    179.596     74.715  48584.958    30.7613     9.4771     74.000     9.4678    23.7287     5.3930     7.7072     82.163    235.269    240.852   -0.00224    6.56379    9.38031  286.34429   14.83092 6.5864e-02     0.6102     1.0760    76.4148 0.0000e+00
        723 265.634473    0.05013     3.0080    180.480     75.724  48589.810    30.7640     9.4748     75.000     9.4656    23.7312     5.3896     7.7023     82.109    235.120    240.700   -0.00197    6.56401    9.38063  286.35323   14.83134 6.6002e-02     0.5998     1.0861    76.2216 0.0000e+00
        726 265.634483    0.05037     3.0219    181.314     76.728  48593.356    30.7658     9.4731     76.000     9.4643    23.7329     5.3877     7.6996     82.078    235.037    240.615   -0.00207    6.56417    9.38085  286.35969   14.83164 6.5912e-02     0.5565     1.1298    75.3957 0.0000e+00
        730 265.634494    0.05062     3.0373    182.237     77.741  48596.378    30.7673     9.4717     77.000     9.4627    23.7343     5.3921     7.7059     82.142    235.227    240.811   -0.00087    6.56431    9.38105  286.36528   14.83191 6.5972e-02     0.5664     1.0966    76.0229 0.0000e+00
        734 265.634504    0.05088     3.0528    183.170     78.754  48599.699    30.7690     9.4703     78.000     9.4610    23.7359     5.3860     7.6970     82.047    234.958    240.535   -0.00120    6.56444    9.38125  286.37083   14.83216 6.6308e-02     0.5551     1.0968    76.0213 0.0000e+00
        737 265.634515    0.05113     3.0677    184.064     79.762  48605.191    30.7721     9.4680     79.000     9.4574    23.7387     5.3758     7.6825     81.890    234.516    240.083   -0.00263    6.56465    9.38154  286.37907   14.83254 6.6274e-02     0.5393     1.0841    76.2613 0.0000e+00
        741 265.634525    0.05138     3.0826    184.954     80.774  48612.124    30.7761     9.4645     80.000     9.4536    23.7424     5.3748     7.6811     81.870    234.471    240.037   -0.00229    6.56499    9.38202  286.39261   14.83318 6.6137e-02     0.5767     1.1112    75.7459 0.0000e+00
        744 265.634535    0.05161     3.0966    185.798     81.775  48622.259    30.7822     9.4594     81.000     9.4480    23.7480     5.3767     7.6838     81.893    234.551    240.121   -0.00145    6.56547    9.38271  286.41220   14.83409 6.6197e-02     0.5682     1.1649    74.7364 0.0000e+00
        748 265.634546    0.05188     3.1129    186.776     82.800  48629.278    30.7861     9.4553     82.000     9.4459    23.7517     5.3719     7.6769     81.815    234.341    239.907   -0.00155    6.56591    9.38335  286.43034   14.83494 6.6284e-02     0.5259     1.1693    74.6537 0.0000e+00
        751 265.634556    0.05211     3.1269    187.616     83.797  48633.280    30.7883     9.4536     83.000     9.4422    23.7537     5.3580     7.6570     81.601    233.735    239.287   -0.00319    6.56605    9.38354  286.43578   14.83519 6.6260e-02     0.5476     1.2246    73.6283 0.0000e+00
        755 265.634566    0.05236     3.1416    188.497     84.814  48644.051    30.7947     9.4484     84.000     9.4369    23.7595     5.3446     7.6380     81.392    233.153    238.692   -0.00444    6.56654    9.38423  286.45532   14.83610 6.6133e-02     0.5361     1.2732    72.7401 0.0000e+00
        758 265.634576    0.05259     3.1555    189.328     85.823  48651.236    30.7988     9.4443     85.000     9.4320    23.7633     5.3431     7.6358     81.364    233.085    238.624   -0.00386    6.56696    9.38484  286.47268   14.83691 6.6128e-02     0.5091     1.3071    72.1249 0.0000e+00
        761 265.634584    0.05280     3.1680    190.082     86.826  48661.384    30.8048     9.4394     86.000     9.4285    23.7689     5.3414     7.6334     81.331    233.007    238.545   -0.00300    6.56743    9.38551  286.49173   14.83779 6.6091e-02     0.5078     1.3651    71.0869 0.0000e+00
        765 265.634594    0.05304     3.1823    190.937     87.836  48668.536    30.8090     9.4360     87.000     9.4242    23.7726     5.3360     7.6257     81.246    232.773    238.307   -0.00303    6.56773    9.38595  286.50405   14.83837 6.6387e-02     0.5721     1.3765    70.8844 0.0000e+00
        768 265.634605    0.05329     3.1974    191.844     88.864  48675.699    30.8131     9.4320     88.000     9.4214    23.7764     5.3281     7.6144     81.121    232.427    237.953   -0.00331    6.56815    9.38654  286.52106   14.83917 6.6319e-02     0.6044     1.4459    69.6678 0.0000e+00
        771 265.634612    0.05348     3.2087    192.523     89.848  48680.961    30.8160     9.4300     89.000     9.4166    23.7791     5.3188     7.6011     80.977    232.020    237.537   -0.00407    6.56830    9.38676  286.52696   14.83943 6.5812e-02     0.4933     1.5391    68.0611 0.0000e+00
        775 265.634623    0.05372     3.2234    193.404     90.870  48693.600    30.8236     9.4232     90.000     9.4115    23.7861     5.3135     7.5936     80.888    231.789    237.302   -0.00390    6.56898    9.38773  286.55457   14.84073 6.6190e-02     0.4740     1.6519    66.1694 0.0000e+00
        778 265.634634    0.05397     3.2383    194.301     91.936  48698.617    30.8262     9.4199     91.000     9.4091    23.7888     5.2936     7.5650     80.580    230.919    236.412   -0.00484    6.56934    9.38826  286.56995   14.84145 6.6179e-02     0.4545     1.8102    63.5911 0.0000e+00
        780 265.634639    0.05413     3.2478    194.867     92.868  48701.075    30.8274     9.4190     92.000     9.4086    23.7898     5.2975     7.5707     80.639    231.088    236.585   -0.00465    6.56942    9.38836  286.57296   14.84159 6.6389e-02     0.5833     1.8753    62.5737 0.0000e+00
        784 265.634650    0.05437     3.2619    195.712     93.898  48704.307    30.8291     9.4180     93.000     9.4075    23.7913     5.2979     7.5712     80.644    231.105    236.604   -0.00302    6.56950    9.38848  286.57600   14.84174 6.6278e-02     0.5340     1.9220    61.8492 0.0000e+00
        787 265.634659    0.05460     3.2762    196.570     94.910  48705.246    30.8292     9.4170     94.000     9.4066    23.7915     5.2933     7.5646     80.572    230.905    236.398   -0.00293    6.56963    9.38866  286.58170   14.84200 6.6362e-02     0.5780     2.0441    59.9924 0.0000e+00
        791 265.634669    0.05484     3.2904    197.425     95.920  48706.900    30.8299     9.4164     95.000     9.4065    23.7922     5.2833     7.5505     80.420    230.470    235.953   -0.00342    6.56968    9.38874  286.58364   14.84210 6.6389e-02     0.5263     2.0859    59.3660 0.0000e+00
        794 265.634679    0.05507     3.3040    198.240     96.927  48707.768    30.8301     9.4166     96.000     9.4065    23.7923     5.2748     7.5383     80.292    230.102    235.577   -0.00409    6.56967    9.38871  286.58291   14.84206 6.6570e-02     0.6189     2.1842    57.9262 0.0000e+00
        797 265.634688    0.05530     3.3180    199.081     97.935  48707.557    30.8296     9.4169     97.000     9.4065    23.7918     5.2814     7.5477     80.391    230.386    235.868   -0.00232    6.56965    9.38870  286.58235   14.84203 6.6515e-02     0.5876     2.2793    56.5644 0.0000e+00
        801 265.634700    0.05558     3.3347    200.083     98.943  48708.461    30.8298     9.4169     98.000     9.4066    23.7921     5.2900     7.5600     80.522    230.762    236.252   -0.00026    6.56963    9.38866  286.58138   14.84199 6.6338e-02     0.6237     2.1683    58.1586 0.0000e+00
        807 265.634716    0.05594     3.3568    201.407     99.927  48708.536    30.8294     9.4173     99.000     9.4063    23.7917     5.2960     7.5684     80.613    231.020    236.516    0.00037    6.56959    9.38860  286.57960   14.84190 6.6356e-02     0.5415     2.2203    57.3991 0.0000e+00
