CTD-processing/allCTD/CNV/2012_02-14_t9_s07_cast270_5028.cnv
* Sea-Bird SBE19plus Data File:
* FileName = C:\Documents and Settings\glenn.seaman\My Documents\KHolderied-files\CTD-DATA-FILES\2011-KBay-CTD\2012-02-14-HomerSpit-CTD\2012-02-14-HomerSpit-cast270.hex
* Software Version 1.59
* Temperature SN =  5028
* Conductivity SN =  5028
* System UpLoad Time = Apr 29 2012 19:16:34
** Cruise:Homer Spit Transect
** Station: 07
** Date:2012-02-14
** Start time (AK local):1316
** Depth (feet): 319
# nquan = 26
# nvalues = 87                          
# units = specified
# name 0 = scan: Scan Count
# name 1 = timeJ: Julian Days
# name 2 = timeH: Time, Elapsed [hours]
# name 3 = timeM: Time, Elapsed [minutes]
# name 4 = timeS: Time, Elapsed [seconds]
# name 5 = prdM: Pressure, Strain Gauge [db]
# name 6 = specc: Specific Conductance [uS/cm]
# name 7 = sal00: Salinity, Practical [PSU]
# name 8 = tv290C: Temperature [ITS-90, deg C]
# name 9 = depSM: Depth [salt water, m], lat = 59.00
# name 10 = potemp090C: Potential Temperature [ITS-90, deg C]
# name 11 = sigma-é00: Density [sigma-theta, kg/m^3]
# name 12 = sbeox0ML/L: Oxygen, SBE 43 [ml/l]
# name 13 = sbeox0Mg/L: Oxygen, SBE 43 [mg/l]
# name 14 = sbeox0PS: Oxygen, SBE 43 [% saturation]
# name 15 = sbox0Mm/Kg: Oxygen, SBE 43 [umol/kg]
# name 16 = sbeox0Mm/L: Oxygen, SBE 43 [umol/l]
# name 17 = sbox0dV/dT: Oxygen, SBE 43 [dov/dt]
# name 18 = oxsolML/L: Oxygen Saturation, Garcia & Gordon [ml/l]
# name 19 = oxsolMg/L: Oxygen Saturation, Garcia & Gordon [mg/l]
# name 20 = oxsolMm/Kg: Oxygen Saturation, Garcia & Gordon [umol/kg]
# name 21 = n2satMg/L: Nitrogen Saturation [mg/l]
# name 22 = par: PAR/Irradiance, Biospherical/Licor [umol photons/m^2/sec]
# name 23 = flECO-AFL: Fluorescence, WET Labs ECO-AFL/FL [mg/m^3]
# name 24 = upoly0: Upoly 0, ECO-FLNTUS
# name 25 = flag: flag
# span 0 =        331,        593       
# span 1 =  45.930122,  45.930879       
# span 2 =    0.02293,    0.04109       
# span 3 =     1.3753,     2.4655       
# span 4 =     82.516,    147.929       
# span 5 =      1.010,     87.840       
# span 6 =  52232.824,  52384.470       
# span 7 =    31.3275,    31.5919       
# span 8 =     0.3913,     1.4297       
# span 9 =      1.000,     87.000       
# span 10 =     0.3955,     1.4269      
# span 11 =    25.1246,    25.2836      
# span 12 =     6.9866,     7.4362      
# span 13 =    10.0080,    10.6189      
# span 14 =     86.040,     94.073      
# span 15 =    304.352,    323.912      
# span 16 =    312.025,    332.099      
# span 17 =   -0.00087,    0.00722      
# span 18 =    7.90464,    8.13741      
# span 19 =   11.29763,   11.62591      
# span 20 =  344.31862,  354.51235      
# span 21 =   17.58914,   18.06702      
# span 22 = 3.7490e-02, 3.4547e+01      
# span 23 =     0.1833,     0.2840      
# span 24 =  1.3433821,  1.8029017      
# span 25 = 0.0000e+00, 0.0000e+00      
# interval = meters: 1                  
# start_time = Feb 14 2012 22:18:00 [Instrument's time stamp, header]
# bad_flag = -9.990e-29
*END*
[from data line 56]
        513  45.930647    0.03554     2.1325    127.950     57.546  52246.383    31.5747     1.3762     57.000     1.3759    25.2696     7.4098    10.5890     93.583    322.763    330.919    0.00045    7.91783   11.31401  344.89545   17.61297 3.7490e-02     0.2229  1.3660476 0.0000e+00
        516  45.930656    0.03574     2.1443    128.660     58.556  52252.407    31.5793     1.3798     58.000     1.3823    25.2730     7.4117    10.5936     93.617    322.847    331.007    0.00044    7.91702   11.31259  344.85860   17.61085 3.7490e-02     0.2246  1.3751364 0.0000e+00
        518  45.930664    0.03593     2.1561    129.365     59.565  52258.021    31.5848     1.3871     59.000     1.3926    25.2769     7.4171    10.6000     93.709    323.081    331.248    0.00063    7.91502   11.31006  344.76930   17.60710 3.7490e-02     0.2217  1.3850991 0.0000e+00
        521  45.930672    0.03613     2.1677    130.065     60.575  52259.563    31.5888     1.3986     60.000     1.4053    25.2795     7.4226    10.6066     93.818    323.321    331.495    0.00085    7.91170   11.30641  344.62379   17.60177 3.7490e-02     0.2215  1.4017796 0.0000e+00
        524  45.930680    0.03632     2.1793    130.758     61.584  52256.672    31.5903     1.4113     61.000     1.4167    25.2799     7.4272    10.6123     93.919    323.520    331.700    0.00103    7.90816   11.30262  344.46947   17.59628 3.7490e-02     0.2253  1.4233010 0.0000e+00
        527  45.930688    0.03651     2.1907    131.441     62.594  52250.721    31.5889     1.4215     62.000     1.4237    25.2782     7.4334    10.6173     94.025    323.788    331.973    0.00121    7.90571   11.29977  344.36412   17.59219 3.7490e-02     0.2270  1.4476890 0.0000e+00
        529  45.930695    0.03670     2.2019    132.114     63.604  52246.079    31.5872     1.4278     63.000     1.4268    25.2764     7.4362    10.6189     94.073    323.912    332.099    0.00122    7.90464   11.29812  344.31862   17.58984 3.7490e-02     0.2314  1.4730708 0.0000e+00
        532  45.930703    0.03688     2.2129    132.774     64.614  52244.818    31.5864     1.4297     64.000     1.4269    25.2756     7.4307    10.6141     94.003    323.675    331.855    0.00089    7.90471   11.29763  344.32171   17.58914 3.7490e-02     0.2352  1.5045951 0.0000e+00
        535  45.930711    0.03706     2.2237    133.425     65.624  52245.671    31.5864     1.4296     65.000     1.4261    25.2756     7.4209    10.6057     93.875    323.243    331.413    0.00038    7.90495   11.29763  344.33207   17.58915 3.7490e-02     0.2334  1.5454622 0.0000e+00
        537  45.930718    0.03724     2.2345    134.068     66.633  52246.408    31.5860     1.4286     66.000     1.4244    25.2754     7.4133    10.5983     93.779    322.917    331.079    0.00002    7.90513   11.29794  344.33944   17.58960 3.7490e-02     0.2240  1.5666057 0.0000e+00
        540  45.930725    0.03742     2.2451    134.704     67.643  52246.508    31.5849     1.4266     67.000     1.4210    25.2746     7.4110    10.5943     93.745    322.814    330.974   -0.00012    7.90540   11.29861  344.35164   17.59059 3.7490e-02     0.2210  1.5612969 0.0000e+00
        542  45.930733    0.03759     2.2556    135.334     68.653  52246.197    31.5830     1.4230     68.000     1.4154    25.2733     7.4110    10.5922     93.738    322.819    330.978   -0.00018    7.90617   11.29981  344.38574   17.59234 3.7490e-02     0.2222  1.5479808 0.0000e+00
        545  45.930741    0.03777     2.2660    135.959     69.663  52247.141    31.5812     1.4169     69.000     1.4074    25.2723     7.4120    10.5910     93.731    322.865    331.024   -0.00021    7.90776   11.30173  344.45608   17.59514 3.7490e-02     0.2178  1.5462297 0.0000e+00
        547  45.930748    0.03794     2.2764    136.581     70.672  52250.926    31.5806     1.4087     70.000     1.3989    25.2723     7.4093    10.5879     93.671    322.746    330.902   -0.00039    7.90999   11.30413  344.55313   17.59861 3.7490e-02     0.2094  1.5537311 0.0000e+00
        550  45.930754    0.03811     2.2866    137.198     71.683  52257.292    31.5818     1.4005     71.000     1.3917    25.2738     7.4045    10.5839     93.587    322.537    330.688   -0.00065    7.91199   11.30643  344.63931   17.60192 3.7490e-02     0.2008  1.5707985 0.0000e+00
        552  45.930762    0.03828     2.2968    137.812     72.692  52263.683    31.5833     1.3935     72.000     1.3861    25.2755     7.4000    10.5807     93.512    322.336    330.484   -0.00085    7.91340   11.30832  344.69975   17.60461 3.7490e-02     0.2002  1.5890660 0.0000e+00
        555  45.930769    0.03845     2.3070    138.422     73.702  52268.531    31.5844     1.3883     73.000     1.3818    25.2766     7.3999    10.5807     93.501    322.333    330.481   -0.00087    7.91426   11.30976  344.73674   17.60667 3.7490e-02     0.2022  1.6065996 0.0000e+00
        557  45.930776    0.03862     2.3172    139.030     74.713  52271.930    31.5849     1.3843     74.000     1.3782    25.2773     7.4052    10.5847     93.561    322.565    330.718   -0.00067    7.91482   11.31088  344.76089   17.60827 3.7490e-02     0.2027  1.6255851 0.0000e+00
        560  45.930783    0.03879     2.3273    139.637     75.722  52274.068    31.5846     1.3808     75.000     1.3745    25.2773     7.4121    10.5898     93.642    322.861    331.023   -0.00040    7.91532   11.31190  344.78285   17.60976 3.7490e-02     0.2030  1.6322482 0.0000e+00
        562  45.930790    0.03896     2.3374    140.241     76.731  52275.347    31.5837     1.3769     76.000     1.3698    25.2768     7.4151    10.5927     93.670    322.997    331.162   -0.00030    7.91625   11.31311  344.82400   17.61152 3.7490e-02     0.2054  1.6363365 0.0000e+00
        564  45.930797    0.03913     2.3474    140.846     77.741  52278.755    31.5840     1.3723     77.000     1.3656    25.2773     7.4136    10.5925     93.636    322.932    331.095   -0.00040    7.91755   11.31443  344.88048   17.61342 3.7490e-02     0.2134  1.6487206 0.0000e+00
        567  45.930804    0.03930     2.3575    141.450     78.751  52283.736    31.5856     1.3684     78.000     1.3632    25.2788     7.4087    10.5904     93.562    322.714    330.872   -0.00062    7.91846   11.31542  344.91932   17.61481 3.7490e-02     0.2232  1.6792313 0.0000e+00
        569  45.930811    0.03946     2.3676    142.053     79.761  52288.119    31.5873     1.3663     79.000     1.3626    25.2803     7.4072    10.5904     93.540    322.649    330.806   -0.00069    7.91876   11.31590  344.93133   17.61548 3.7490e-02     0.2248  1.7094313 0.0000e+00
        572  45.930818    0.03962     2.3776    142.656     80.770  52290.835    31.5885     1.3659     80.000     1.3629    25.2812     7.4108    10.5937     93.587    322.802    330.963   -0.00054    7.91852   11.31593  344.92095   17.61550 3.7490e-02     0.2150  1.7326902 0.0000e+00
        574  45.930825    0.03979     2.3877    143.263     81.781  52291.448    31.5885     1.3665     81.000     1.3635    25.2813     7.4169    10.5991     93.669    323.073    331.241   -0.00028    7.91827   11.31575  344.91036   17.61524 3.7490e-02     0.2146  1.7286434 0.0000e+00
        576  45.930831    0.03996     2.3979    143.873     82.790  52292.470    31.5888     1.3671     82.000     1.3645    25.2815     7.4208    10.6036     93.718    323.240    331.412   -0.00015    7.91819   11.31554  344.90667   17.61493 3.7490e-02     0.2215  1.7193171 0.0000e+00
        579  45.930839    0.04014     2.4083    144.495     83.801  52293.846    31.5896     1.3683     83.000     1.3663    25.2820     7.4237    10.6074     93.758    323.368    331.543   -0.00006    7.91800   11.31514  344.89832   17.61434 3.7490e-02     0.2225  1.7360041 0.0000e+00
        582  45.930847    0.04032     2.4189    145.135     84.810  52295.625    31.5908     1.3703     84.000     1.3693    25.2829     7.4276    10.6108     93.812    323.535    331.715    0.00006    7.91751   11.31444  344.87625   17.61332 3.7490e-02     0.2195  1.7497633 0.0000e+00
        584  45.930854    0.04051     2.4303    145.818     85.820  52296.409    31.5919     1.3740     85.000     1.3736    25.2836     7.4265    10.6110     93.812    323.489    331.668    0.00005    7.91638   11.31330  344.82653   17.61166 3.7490e-02     0.2158  1.7546071 0.0000e+00
        588  45.930864    0.04073     2.4440    146.640     86.830  52293.268    31.5908     1.3789     86.000     1.3767    25.2824     7.4242    10.6098     93.799    323.385    331.562   -0.00005    7.91491   11.31197  344.76319   17.60975 3.7490e-02     0.2183  1.7452729 0.0000e+00
        593  45.930879    0.04109     2.4655    147.929     87.840  52288.474    31.5878     1.3814     87.000     1.3769    25.2798     7.4310    10.6107     93.881    323.684    331.865    0.00018    7.91528   11.31149  344.78126   17.60911 3.7490e-02     0.2272  1.7315055 0.0000e+00
