CTD-processing/allCTD/CNV/2012_10-29_t9_s03_cast075_4141.cnv
* Sea-Bird SBE19plus Data File:
* FileName = C:\Documents and Settings\kris.holderied.local\My Documents\2012-CTD-DATA-new-files\2012-10-CookInlet-LTM\2012-10-29-LTM-CookInlet-Tran9-SpitLine\2012-10-29-CookInlet-Tran9-SpitLine-cast075.hex
* Software Version 1.54
* Temperature SN =  4141
* Conductivity SN =  4141
* System UpLoad Time = Nov 20 2012 20:49:56
** Cook Inlet EVOSTC Transect 9 Spit Line south to north
** Date:  29 Oct 2012
** Station: 9-03
** Start time (AKDT-24 hr):  1939
** Depth (m): 86
** Comment:R6 Area-Debris in water. We were set south into conversion
# nquan = 27
# nvalues = 60                          
# units = specified
# name 0 = scan: Scan Count
# name 1 = timeJ: Julian Days
# name 2 = timeH: Time, Elapsed [hours]
# name 3 = timeM: Time, Elapsed [minutes]
# name 4 = timeS: Time, Elapsed [seconds]
# name 5 = prdM: Pressure, Strain Gauge [db]
# name 6 = specc: Specific Conductance [uS/cm]
# name 7 = sal00: Salinity, Practical [PSU]
# name 8 = tv290C: Temperature [ITS-90, deg C]
# name 9 = depSM: Depth [salt water, m], lat = 59.00
# name 10 = potemp090C: Potential Temperature [ITS-90, deg C]
# name 11 = sigma-é00: Density [sigma-theta, kg/m^3]
# name 12 = sbeox0ML/L: Oxygen, SBE 43 [ml/l]
# name 13 = sbeox0Mg/L: Oxygen, SBE 43 [mg/l]
# name 14 = sbeox0PS: Oxygen, SBE 43 [% saturation]
# name 15 = sbox0Mm/Kg: Oxygen, SBE 43 [umol/kg]
# name 16 = sbeox0Mm/L: Oxygen, SBE 43 [umol/l]
# name 17 = sbox0dV/dT: Oxygen, SBE 43 [dov/dt]
# name 18 = oxsolML/L: Oxygen Saturation, Garcia & Gordon [ml/l]
# name 19 = oxsolMg/L: Oxygen Saturation, Garcia & Gordon [mg/l]
# name 20 = oxsolMm/Kg: Oxygen Saturation, Garcia & Gordon [umol/kg]
# name 21 = n2satMg/L: Nitrogen Saturation [mg/l]
# name 22 = par: PAR/Irradiance, Biospherical/Licor
# name 23 = wetStar: Fluorescence, WET Labs WETstar [mg/m^3]
# name 24 = CStarAt0: Beam Attenuation, WET Labs C-Star [1/m]
# name 25 = CStarTr0: Beam Transmission, WET Labs C-Star [%]
# name 26 = flag: flag
# span 0 =         26,        711       
# span 1 = 303.818371, 303.820352       
# span 2 =    0.00174,    0.04929       
# span 3 =     0.1044,     2.9573       
# span 4 =      6.260,    177.439       
# span 5 =      0.988,     60.562       
# span 6 =  49205.841,  49945.332       
# span 7 =    30.8712,    31.3819       
# span 8 =     7.0083,     7.8211       
# span 9 =      1.000,     60.000       
# span 10 =     7.1383,     7.8160      
# span 11 =    24.1529,    24.5682      
# span 12 =     5.1246,     6.0156      
# span 13 =     7.3236,     8.5968      
# span 14 =     74.103,     87.317      
# span 15 =    223.470,    262.315      
# span 16 =    228.867,    268.654      
# span 17 =   -0.00704,    0.00922      
# span 18 =    6.79530,    6.91853      
# span 19 =    9.71116,    9.88726      
# span 20 =  296.28613,  301.69375      
# span 21 =   15.30427,   15.56338      
# span 22 = 3.6358e-02, 7.3200e-01      
# span 23 =     0.0975,     0.7448      
# span 24 =    -0.0917,    10.8386      
# span 25 =     2.5973,    89.2074      
# span 26 = 0.0000e+00, 0.0000e+00      
# interval = meters: 1                  
# start_time = Oct 29 2012 19:38:21 [Instrument's time stamp, header]
# bad_flag = -9.990e-29
*END*
         26 303.818371    0.00174     0.1044      6.260      0.988  49945.332    31.3819     7.0083      1.000     7.3882    24.5682     5.9186     8.4583     85.609    257.996    264.325    0.00616    6.91340    9.87994  301.35737   15.54522 3.7294e-02     0.0975    10.8386     2.5973 0.0000e+00
        324 303.819235    0.02245     1.3474     80.845      2.017  49205.841    30.8712     7.1151      2.000     7.1383    24.1529     5.1246     7.3236     74.103    223.470    228.867    0.00922    6.91853    9.88726  301.69375   15.56338 7.3200e-01     0.7448    -0.0917    89.2074 0.0000e+00
        367 303.819357    0.02542     1.5249     91.496      3.030  49225.140    30.9151     7.2900      3.000     7.3043    24.1646     6.0156     8.5968     87.317    262.315    268.654    0.00071    6.88869    9.84462  300.38984   15.50101 4.0389e-01     0.6741     0.7783    82.3191 0.0000e+00
        366 303.819354    0.02532     1.5192     91.150      4.054  49317.196    30.9865     7.3377      4.000     7.3827    24.2143     5.9288     8.4729     86.201    258.522    264.782    0.00179    6.87794    9.82927  299.90697   15.47768 2.5779e-01     0.6538     0.7755    82.3755 0.0000e+00
        368 303.819361    0.02550     1.5299     91.797      5.036  49425.991    31.0718     7.3984      5.000     7.4815    24.2732     5.9155     8.4538     86.175    257.924    264.184    0.00088    6.86452    9.81008  299.30450   15.44859 2.3478e-01     0.6472     0.7709    82.4697 0.0000e+00
        375 303.819379    0.02595     1.5568     93.410      6.054  49385.624    31.0657     7.5361      6.000     7.5639    24.2499     5.8857     8.4113     86.008    256.634    262.857   -0.00154    6.84318    9.77958  298.38057   15.40453 1.4392e-01     0.6197     0.7342    83.2305 0.0000e+00
        381 303.819399    0.02642     1.5850     95.097      7.074  49341.958    31.0418     7.5782      7.000     7.5778    24.2254     5.8385     8.3438     85.387    254.579    260.747   -0.00704    6.83765    9.77170  298.14705   15.39349 1.0136e-01     0.5447     0.7407    83.0955 0.0000e+00
        385 303.819409    0.02664     1.5982     95.890      8.062  49311.260    31.0193     7.5745      8.000     7.5646    24.2082     5.8349     8.3386     85.314    254.426    260.585   -0.00627    6.83923    9.77394  298.22060   15.39710 9.2170e-02     0.5242     0.7531    82.8396 0.0000e+00
        390 303.819423    0.02699     1.6193     97.158      9.083  49344.261    31.0397     7.5615      9.000     7.5687    24.2261     5.8373     8.3421     85.337    254.528    260.695   -0.00377    6.84035    9.77556  298.26454   15.39911 6.8916e-02     0.5336     0.7279    83.3628 0.0000e+00
        396 303.819441    0.02741     1.6445     98.671     10.095  49380.913    31.0721     7.6067     10.000     7.6200    24.2454     5.8358     8.3400     85.421    254.458    260.628   -0.00150    6.83184    9.76338  297.88754   15.38098 5.2492e-02     0.5247     0.7248    83.4251 0.0000e+00
        401 303.819457    0.02781     1.6686    100.119     11.103  49359.848    31.0599     7.6250     11.000     7.6262    24.2333     5.8358     8.3399     85.449    254.460    260.626   -0.00062    6.82952    9.76007  297.79002   15.37638 4.8204e-02     0.5314     0.7124    83.6865 0.0000e+00
        408 303.819475    0.02823     1.6941    101.649     12.122  49356.669    31.0583     7.6313     12.000     7.6300    24.2312     5.8298     8.3313     85.372    254.196    260.356   -0.00112    6.82863    9.75879  297.75154   15.37455 4.3396e-02     0.4966     0.7198    83.5314 0.0000e+00
        411 303.819486    0.02850     1.7102    102.612     13.120  49363.673    31.0630     7.6328     13.000     7.6332    24.2346     5.8286     8.3296     85.361    254.146    260.305   -0.00096    6.82818    9.75815  297.73101   15.37356 4.2296e-02     0.5278     0.7281    83.3577 0.0000e+00
        416 303.819499    0.02881     1.7288    103.725     14.127  49360.756    31.0608     7.6351     14.000     7.6333    24.2327     5.8273     8.3279     85.346    254.091    260.248   -0.00089    6.82791    9.75777  297.71997   15.37304 3.9190e-02     0.5232     0.7184    83.5603 0.0000e+00
        423 303.819520    0.02932     1.7591    105.548     15.148  49350.800    31.0520     7.6255     15.000     7.6193    24.2270     5.8204     8.3180     85.221    253.791    259.940   -0.00145    6.82981    9.76049  297.80464   15.37711 3.6487e-02     0.4922     0.7109    83.7166 0.0000e+00
        428 303.819535    0.02968     1.7808    106.847     16.166  49352.344    31.0507     7.6144     16.000     7.6110    24.2276     5.8141     8.3089     85.105    253.513    259.655   -0.00228    6.83159    9.76303  297.88198   15.38081 3.6358e-02     0.4927     0.7307    83.3053 0.0000e+00
        431 303.819543    0.02987     1.7921    107.527     17.151  49365.058    31.0589     7.6133     17.000     7.6148    24.2342     5.8236     8.3225     85.247    253.927    260.082   -0.00054    6.83140    9.76276  297.87179   15.38029 3.6383e-02     0.5106     0.7513    82.8769 0.0000e+00
        437 303.819561    0.03030     1.8178    109.069     18.166  49361.251    31.0567     7.6186     18.000     7.6176    24.2317     5.8325     8.3352     85.387    254.317    260.480    0.00066    6.83067    9.76171  297.84050   15.37880 3.6382e-02     0.5032     0.7232    83.4610 0.0000e+00
        445 303.819584    0.03085     1.8514    111.084     19.189  49367.169    31.0609     7.6216     19.000     7.6221    24.2347     5.8245     8.3237     85.277    253.966    260.121   -0.00068    6.83003    9.76079  297.81168   15.37742 3.6382e-02     0.4944     0.7337    83.2419 0.0000e+00
        449 303.819594    0.03109     1.8657    111.944     20.181  49365.780    31.0601     7.6250     20.000     7.6250    24.2335     5.8287     8.3299     85.346    254.151    260.311   -0.00025    6.82953    9.76008  297.79036   15.37640 3.6382e-02     0.5021     0.7444    83.0182 0.0000e+00
        453 303.819607    0.03141     1.8846    113.073     21.200  49362.803    31.0580     7.6281     21.000     7.6247    24.2315     5.8333     8.3364     85.418    254.352    260.515    0.00058    6.82914    9.75952  297.77395   15.37563 3.6382e-02     0.5045     0.7276    83.3677 0.0000e+00
        459 303.819623    0.03179     1.9076    114.458     22.204  49368.676    31.0616     7.6276     22.000     7.6271    24.2344     5.8293     8.3307     85.360    254.176    260.336   -0.00021    6.82905    9.75939  297.76900   15.37537 3.6382e-02     0.4956     0.7214    83.4980 0.0000e+00
        467 303.819646    0.03235     1.9410    116.459     23.235  49375.009    31.0665     7.6337     23.000     7.6351    24.2374     5.8215     8.3195     85.261    253.836    259.988   -0.00104    6.82789    9.75774  297.71752   15.37290 3.6382e-02     0.5042     0.7259    83.4045 0.0000e+00
        470 303.819657    0.03259     1.9551    117.304     24.230  49396.142    31.0823     7.6429     24.000     7.6550    24.2486     5.8256     8.3255     85.349    254.016    260.175   -0.00014    6.82574    9.75467  297.62091   15.36822 3.6382e-02     0.4991     0.7503    82.8959 0.0000e+00
        474 303.819666    0.03284     1.9700    118.198     25.225  49395.377    31.0856     7.6695     25.000     7.6741    24.2475     5.8288     8.3299     85.448    254.152    260.315    0.00075    6.82146    9.74854  297.43401   15.35929 3.6382e-02     0.5036     0.7523    82.8560 0.0000e+00
        480 303.819685    0.03326     1.9957    119.745     26.249  49376.436    31.0724     7.6730     26.000     7.6701    24.2368     5.8107     8.3041     85.182    253.365    259.506   -0.00169    6.82150    9.74861  297.43917   15.35959 3.6382e-02     0.4932     0.7220    83.4850 0.0000e+00
        486 303.819702    0.03369     2.0212    121.271     27.257  49373.443    31.0706     7.6771     27.000     7.6700    24.2347     5.7939     8.2801     84.943    252.635    258.757   -0.00311    6.82093    9.74779  297.41484   15.35843 3.6382e-02     0.4864     0.7282    83.3559 0.0000e+00
        492 303.819720    0.03411     2.0465    122.793     28.269  49368.465    31.0639     7.6604     28.000     7.6557    24.2318     5.7923     8.2778     84.884    252.565    258.685   -0.00238    6.82383    9.75194  297.54225   15.36454 3.6382e-02     0.4960     0.7250    83.4231 0.0000e+00
        497 303.819734    0.03445     2.0668    124.007     29.277  49373.542    31.0665     7.6572     29.000     7.6544    24.2343     5.8027     8.2925     85.030    253.015    259.146   -0.00030    6.82420    9.75247  297.55783   15.36528 3.6382e-02     0.5185     0.7402    83.1068 0.0000e+00
        502 303.819748    0.03478     2.0869    125.213     30.279  49385.872    31.0753     7.6610     30.000     7.6618    24.2407     5.8083     8.3007     85.126    253.260    259.399    0.00059    6.82322    9.75107  297.51326   15.36311 3.6382e-02     0.5124     0.7336    83.2422 0.0000e+00
        510 303.819771    0.03533     2.1195    127.169     31.295  49407.361    31.0938     7.6859     31.000     7.6894    24.2518     5.8066     8.2983     85.160    253.184    259.324    0.00046    6.81852    9.74435  297.30498   15.35310 3.6382e-02     0.5009     0.7366    83.1807 0.0000e+00
        518 303.819795    0.03591     2.1548    129.289     32.311  49394.587    31.0860     7.6951     32.000     7.6914    24.2444     5.8022     8.2918     85.108    252.991    259.125   -0.00030    6.81744    9.74281  297.26020   15.35100 3.6382e-02     0.5538     0.7350    83.2143 0.0000e+00
        523 303.819809    0.03625     2.1750    130.501     33.315  49397.963    31.0879     7.6952     33.000     7.6926    24.2459     5.8007     8.2897     85.087    252.925    259.058   -0.00060    6.81735    9.74267  297.25560   15.35077 3.6382e-02     0.4469     0.7674    82.5426 0.0000e+00
        529 303.819827    0.03668     2.2007    132.041     34.317  49396.213    31.0861     7.6947     34.000     7.6914    24.2446     5.8012     8.2905     85.093    252.948    259.081   -0.00025    6.81750    9.74289  297.26257   15.35111 3.6382e-02     0.4735     0.7509    82.8852 0.0000e+00
        538 303.819851    0.03727     2.2361    134.168     35.342  49397.968    31.0868     7.6943     35.000     7.6916    24.2452     5.7996     8.2882     85.068    252.878    259.010   -0.00026    6.81753    9.74293  297.26373   15.35116 3.6382e-02     0.4738     0.7543    82.8131 0.0000e+00
        541 303.819862    0.03753     2.2519    135.117     36.334  49397.958    31.0866     7.6955     36.000     7.6921    24.2449     5.7973     8.2850     85.038    252.781    258.910   -0.00063    6.81737    9.74270  297.25679   15.35083 3.6382e-02     0.4643     0.7707    82.4764 0.0000e+00
        550 303.819886    0.03810     2.2864    137.181     37.354  49397.981    31.0861     7.6952     37.000     7.6917    24.2446     5.8007     8.2899     85.087    252.930    259.062   -0.00014    6.81743    9.74280  297.25967   15.35097 3.6382e-02     0.4684     0.7357    83.2005 0.0000e+00
        557 303.819906    0.03858     2.3148    138.889     38.363  49398.188    31.0857     7.6947     38.000     7.6908    24.2443     5.7998     8.2885     85.072    252.887    259.018   -0.00034    6.81752    9.74292  297.26352   15.35115 3.6382e-02     0.4795     0.7509    82.8839 0.0000e+00
        562 303.819921    0.03895     2.3367    140.203     39.374  49398.315    31.0852     7.6937     39.000     7.6898    24.2441     5.7998     8.2885     85.070    252.889    259.019   -0.00023    6.81770    9.74317  297.27142   15.35154 3.6382e-02     0.4610     0.7459    82.9881 0.0000e+00
        568 303.819940    0.03939     2.3635    141.809     40.378  49397.901    31.0843     7.6927     40.000     7.6885    24.2435     5.7955     8.2824     85.005    252.702    258.828   -0.00074    6.81790    9.74346  297.28036   15.35196 3.6382e-02     0.4710     0.7378    83.1579 0.0000e+00
        577 303.819964    0.03997     2.3979    143.877     41.397  49399.068    31.0844     7.6913     41.000     7.6874    24.2438     5.7964     8.2836     85.015    252.740    258.867   -0.00032    6.81812    9.74377  297.28957   15.35240 3.6382e-02     0.5290     0.7468    82.9685 0.0000e+00
        582 303.819979    0.04032     2.4192    145.154     42.398  49400.631    31.0850     7.6910     42.000     7.6873    24.2443     5.8005     8.2895     85.075    252.918    259.050    0.00020    6.81813    9.74380  297.29022   15.35243 3.6382e-02     0.4915     0.7594    82.7093 0.0000e+00
        588 303.819997    0.04075     2.4452    146.713     43.411  49401.254    31.0852     7.6923     43.000     7.6886    24.2443     5.8001     8.2890     85.072    252.902    259.033    0.00007    6.81792    9.74349  297.28083   15.35199 3.6382e-02     0.4715     0.7403    83.1048 0.0000e+00
        594 303.820014    0.04118     2.4708    148.246     44.419  49405.379    31.0878     7.6935     44.000     7.6906    24.2462     5.7961     8.2831     85.016    252.723    258.851   -0.00061    6.81761    9.74305  297.26698   15.35131 3.6382e-02     0.4796     0.7550    82.7999 0.0000e+00
        602 303.820039    0.04176     2.5059    150.353     45.435  49405.971    31.0881     7.6954     45.000     7.6914    24.2462     5.8041     8.2946     85.137    253.074    259.210    0.00067    6.81731    9.74261  297.25361   15.35067 3.6382e-02     0.4703     0.7421    83.0676 0.0000e+00
        609 303.820057    0.04220     2.5322    151.931     46.447  49406.915    31.0884     7.6960     46.000     7.6919    24.2463     5.8039     8.2944     85.136    253.067    259.203    0.00030    6.81719    9.74244  297.24840   15.35042 3.6382e-02     0.4694     0.7778    82.3285 0.0000e+00
        612 303.820067    0.04245     2.5470    152.822     47.435  49407.025    31.0880     7.6962     47.000     7.6918    24.2460     5.8053     8.2963     85.156    253.125    259.263   -0.00003    6.81718    9.74243  297.24803   15.35041 3.6382e-02     0.4805     0.7903    82.0714 0.0000e+00
        623 303.820097    0.04317     2.5903    155.418     48.462  49418.616    31.0957     7.6963     48.000     7.6967    24.2521     5.7940     8.2802     84.996    252.634    258.761   -0.00157    6.81683    9.74193  297.23111   15.34957 3.6382e-02     0.4652     0.7442    83.0242 0.0000e+00
        629 303.820117    0.04363     2.6178    157.066     49.466  49436.749    31.1106     7.7134     49.000     7.7173    24.2614     5.7961     8.2832     85.067    252.721    258.853   -0.00053    6.81350    9.73717  297.08311   15.34244 3.6382e-02     0.4722     0.7739    82.4092 0.0000e+00
        635 303.820132    0.04402     2.6408    158.449     50.483  49430.024    31.1086     7.7330     50.000     7.7298    24.2572     5.8111     8.3047     85.326    253.378    259.525    0.00195    6.81055    9.73295  296.95557   15.33636 3.6382e-02     0.4574     0.7706    82.4775 0.0000e+00
        642 303.820154    0.04452     2.6713    160.276     51.486  49433.563    31.1108     7.7342     51.000     7.7323    24.2588     5.7978     8.2857     85.133    252.798    258.930   -0.00024    6.81027    9.73256  296.94334   15.33577 3.6382e-02     0.4504     0.7708    82.4730 0.0000e+00
        651 303.820179    0.04514     2.7086    162.514     52.506  49450.389    31.1235     7.7429     52.000     7.7465    24.2675     5.7868     8.2699     84.995    252.314    258.438   -0.00148    6.80834    9.72981  296.85686   15.33159 3.6382e-02     0.4517     0.7944    81.9879 0.0000e+00
        656 303.820194    0.04549     2.7294    163.763     53.499  49452.864    31.1272     7.7581     53.000     7.7588    24.2684     5.7896     8.2739     85.068    252.436    258.562   -0.00054    6.80582    9.72620  296.74653   15.32631 3.6382e-02     0.4425     0.7899    82.0832 0.0000e+00
