CTD-processing/allCTD/CNV/2012_09-21_t9_s01_repeat3_cast173_4141.cnv
* Sea-Bird SBE19plus Data File:
* FileName = C:\Documents and Settings\kris.holderied.local\My Documents\2012-CTD-DATA-new-files\2012-09-21-CTD-HomerSpit-tide-time-series-KBRRctd\2012-09-21-CTD-HomerSpit-tide-repeat3\2012-09-21-HomerSpit-tide-repeat3-cast173.hex
* Software Version 1.54
* Temperature SN =  4141
* Conductivity SN =  4141
* System UpLoad Time = Oct 11 2012 19:12:24
** Kachemak Bay Homer Spit Line - Tidal repeat3
** Date:  2012-09-21
** Station: 9-01
** Start time (AKDT-24 hr): 1341
** Depth (ft): 210
** Comment:Phytoplankton sample. Sfc 20 liter bucket, filtered. Fathometer not working well.
# nquan = 27
# nvalues = 59                          
# units = specified
# name 0 = scan: Scan Count
# name 1 = timeJ: Julian Days
# name 2 = timeH: Time, Elapsed [hours]
# name 3 = timeM: Time, Elapsed [minutes]
# name 4 = timeS: Time, Elapsed [seconds]
# name 5 = prdM: Pressure, Strain Gauge [db]
# name 6 = specc: Specific Conductance [uS/cm]
# name 7 = sal00: Salinity, Practical [PSU]
# name 8 = tv290C: Temperature [ITS-90, deg C]
# name 9 = depSM: Depth [salt water, m], lat = 59.00
# name 10 = potemp090C: Potential Temperature [ITS-90, deg C]
# name 11 = sigma-é00: Density [sigma-theta, kg/m^3]
# name 12 = sbeox0ML/L: Oxygen, SBE 43 [ml/l]
# name 13 = sbeox0Mg/L: Oxygen, SBE 43 [mg/l]
# name 14 = sbeox0PS: Oxygen, SBE 43 [% saturation]
# name 15 = sbox0Mm/Kg: Oxygen, SBE 43 [umol/kg]
# name 16 = sbeox0Mm/L: Oxygen, SBE 43 [umol/l]
# name 17 = sbox0dV/dT: Oxygen, SBE 43 [dov/dt]
# name 18 = oxsolML/L: Oxygen Saturation, Garcia & Gordon [ml/l]
# name 19 = oxsolMg/L: Oxygen Saturation, Garcia & Gordon [mg/l]
# name 20 = oxsolMm/Kg: Oxygen Saturation, Garcia & Gordon [umol/kg]
# name 21 = n2satMg/L: Nitrogen Saturation [mg/l]
# name 22 = par: PAR/Irradiance, Biospherical/Licor
# name 23 = wetStar: Fluorescence, WET Labs WETstar [mg/m^3]
# name 24 = CStarAt0: Beam Attenuation, WET Labs C-Star [1/m]
# name 25 = CStarTr0: Beam Transmission, WET Labs C-Star [%]
# name 26 = flag: flag
# span 0 =        301,        604       
# span 1 = 265.570764, 265.571642       
# span 2 =    0.02084,    0.04190       
# span 3 =     1.2504,     2.5138       
# span 4 =     75.026,    150.827       
# span 5 =      1.007,     59.558       
# span 6 =  40056.892,  48380.711       
# span 7 =    24.8468,    30.6382       
# span 8 =     9.0154,     9.6603       
# span 9 =      1.000,     59.000       
# span 10 =     9.0697,     9.6578      
# span 11 =    19.1797,    23.6157      
# span 12 =     5.5901,     6.2907      
# span 13 =     7.9888,     8.9900      
# span 14 =     85.299,     93.142      
# span 15 =    243.894,    275.224      
# span 16 =    249.654,    280.941      
# span 17 =   -0.02214,    0.00757      
# span 18 =    6.54855,    6.89026      
# span 19 =    9.35853,    9.84687      
# span 20 =  285.73352,  301.93700      
# span 21 =   14.80259,   15.60041      
# span 22 = 6.6448e-02, 3.6286e+01      
# span 23 =     0.8173,     2.1584      
# span 24 =     0.7535,    13.0419      
# span 25 =     5.0453,    82.8329      
# span 26 = 0.0000e+00, 0.0000e+00      
# interval = meters: 1                  
# start_time = Sep 21 2012 13:40:39 [Instrument's time stamp, header]
# bad_flag = -9.990e-29
*END*
        301 265.570764    0.02084     1.2504     75.026      1.007  40056.892    24.8468     9.0154      1.000     9.0697    19.1797     6.2631     8.9505     90.930    274.440    279.708   -0.00072    6.89026    9.84687  301.93700   15.60041 3.6286e+01     1.2116    13.0419     5.0453 0.0000e+00
        385 265.571006    0.02664     1.5982     95.893      2.022  43086.007    26.9416     9.2998      2.000     9.3760    20.7730     6.2907     8.9900     93.142    275.224    280.941    0.00757    6.75381    9.65187  295.48668   15.28356 2.1901e+00     1.4359     8.2884    14.1930 0.0000e+00
        389 265.571019    0.02696     1.6177     97.063      3.028  43345.560    27.1424     9.4906      3.000     9.5508    20.9015     6.1940     8.8519     92.221    270.962    276.625   -0.00327    6.71641    9.59842  293.81375   15.20282 8.3426e-01     1.6237     3.8053    40.6273 0.0000e+00
        395 265.571035    0.02735     1.6408     98.451      4.037  43818.850    27.4820     9.6021      4.000     9.6003    21.1498     6.1518     8.7916     92.023    269.051    274.741   -0.00473    6.68514    9.55373  292.37453   15.13264 4.4104e-01     1.5743     1.9227    62.0757 0.0000e+00
        400 265.571051    0.02773     1.6639     99.832      5.052  44682.988    28.0811     9.6045      5.000     9.6317    21.6166     6.1495     8.7882     92.348    268.825    274.636    0.00096    6.65909    9.51650  291.10221   15.06935 3.0617e-01     1.6727     1.4979    68.8240 0.0000e+00
        405 265.571065    0.02806     1.6837    101.022      6.055  45586.960    28.7146     9.6498      6.000     9.6273    22.1036     6.0869     8.6988     91.873    265.963    271.841   -0.00370    6.62537    9.46832  289.49024   14.98968 2.2989e-01     1.7589     1.3426    71.5093 0.0000e+00
        410 265.571079    0.02841     1.7048    102.290      7.066  45740.943    28.8159     9.6026      7.000     9.5972    22.1899     6.0186     8.6011     90.805    262.953    268.788   -0.01132    6.62799    9.47206  289.58012   14.99356 1.6709e-01     2.1584     1.5197    68.3892 0.0000e+00
        416 265.571095    0.02879     1.7271    103.628      8.077  45754.707    28.8240     9.5937      8.000     9.5870    22.1976     5.9071     8.4418     89.110    258.080    263.809   -0.02214    6.62895    9.47343  289.61985   14.99543 1.2742e-01     1.8229     1.5941    67.1362 0.0000e+00
        420 265.571109    0.02913     1.7476    104.854      9.084  45787.427    28.8445     9.5782      9.000     9.5724    22.2160     5.8715     8.3910     88.555    256.523    262.221   -0.01901    6.63036    9.47544  289.67638   14.99805 1.0341e-01     1.7931     1.7271    64.9374 0.0000e+00
        426 265.571125    0.02949     1.7697    106.179     10.099  46101.607    29.0611     9.5608     10.000     9.5598    22.3876     5.8562     8.3691     88.414    255.812    261.540   -0.01225    6.62369    9.46591  289.33637   14.98090 8.8017e-02     1.6337     1.8314    63.2655 0.0000e+00
        430 265.571137    0.02979     1.7878    107.266     11.103  46655.040    29.4486     9.5753     11.000     9.5842    22.6878     5.8217     8.3197     88.139    254.227    259.995   -0.01059    6.60508    9.43932  288.43896   14.93642 7.9888e-02     1.5517     1.5213    68.3987 0.0000e+00
        434 265.571150    0.03008     1.8050    108.303     12.114  46765.218    29.5271     9.5904     12.000     9.5894    22.7467     5.8025     8.2924     87.922    253.376    259.140   -0.00887    6.59954    9.43139  288.18003   14.92372 7.5391e-02     1.5011     1.3786    70.8502 0.0000e+00
        438 265.571161    0.03038     1.8227    109.363     13.122  46785.323    29.5406     9.5896     13.000     9.5883    22.7574     5.7605     8.2324     87.293    251.541    257.266   -0.01153    6.59907    9.43074  288.15709   14.92256 7.2928e-02     1.4559     1.3591    71.1929 0.0000e+00
        443 265.571174    0.03068     1.8408    110.448     14.133  46841.882    29.5801     9.5926     14.000     9.5939    22.7877     5.7466     8.2125     87.110    250.926    256.644   -0.00996    6.59697    9.42773  288.05641   14.91759 7.0767e-02     1.5544     1.3795    70.8330 0.0000e+00
        447 265.571186    0.03097     1.8585    111.511     15.142  46846.460    29.5834     9.5965     15.000     9.5954    22.7897     5.7507     8.2182     87.180    251.100    256.823   -0.00584    6.59627    9.42672  288.02517   14.91608 6.9625e-02     1.3435     1.3802    70.8192 0.0000e+00
        451 265.571199    0.03127     1.8762    112.571     16.150  46875.966    29.6037     9.5978     16.000     9.5994    22.8054     5.7552     8.2247     87.263    251.295    257.026   -0.00304    6.59521    9.42521  287.97443   14.91358 6.8658e-02     1.4510     1.3423    71.4923 0.0000e+00
        456 265.571211    0.03157     1.8943    113.660     17.163  46918.769    29.6343     9.6059     17.000     9.6063    22.8280     5.7557     8.2254     87.304    251.312    257.049   -0.00169    6.59274    9.42168  287.86024   14.90799 6.8172e-02     1.3791     1.2975    72.2991 0.0000e+00
        460 265.571223    0.03186     1.9113    114.676     18.171  46913.546    29.6305     9.6090     18.000     9.6071    22.8246     5.7651     8.2389     87.450    251.723    257.469    0.00016    6.59244    9.42126  287.84836   14.90743 6.8065e-02     1.4524     1.2639    72.9083 0.0000e+00
        464 265.571235    0.03212     1.9275    115.652     19.179  46902.853    29.6227     9.6092     19.000     9.6074    22.8185     5.7665     8.2408     87.467    251.787    257.532    0.00039    6.59274    9.42168  287.86303   14.90817 6.7242e-02     1.3978     1.3004    72.2463 0.0000e+00
        468 265.571246    0.03241     1.9446    116.679     20.192  46892.842    29.6153     9.6088     20.000     9.6073    22.8128     5.7632     8.2361     87.412    251.642    257.383   -0.00044    6.59312    9.42222  287.88115   14.90907 6.7521e-02     1.5036     1.3001    72.2523 0.0000e+00
        472 265.571258    0.03268     1.9605    117.631     21.202  47001.360    29.6916     9.6151     21.000     9.6212    22.8713     5.7651     8.2388     87.496    251.712    257.468    0.00014    6.58897    9.41629  287.68342   14.89930 6.6760e-02     1.4003     1.3122    72.0328 0.0000e+00
        475 265.571267    0.03293     1.9755    118.532     22.204  47097.134    29.7598     9.6285     22.000     9.6343    22.9225     5.7699     8.2457     87.633    251.909    257.683    0.00146    6.58412    9.40936  287.45755   14.88822 6.6819e-02     1.4608     1.2933    72.3750 0.0000e+00
        479 265.571280    0.03321     1.9928    119.568     23.222  47306.356    29.9082     9.6483     23.000     9.6541    23.0353     5.7654     8.2392     87.686    251.682    257.479    0.00136    6.57497    9.39629  287.02639   14.86700 6.6655e-02     1.4303     1.2945    72.3528 0.0000e+00
        483 265.571291    0.03347     2.0086    120.514     24.230  47334.066    29.9287     9.6603     24.000     9.6578    23.0494     5.7611     8.2330     87.655    251.491    257.288    0.00072    6.57235    9.39255  286.90842   14.86128 6.6741e-02     1.3851     1.3618    71.1469 0.0000e+00
        486 265.571300    0.03371     2.0224    121.341     25.235  47385.508    29.9642     9.6594     25.000     9.6541    23.0772     5.7518     8.2199     87.533    251.082    256.876   -0.00079    6.57099    9.39061  286.84112   14.85792 6.6772e-02     1.5189     1.4063    70.3582 0.0000e+00
        490 265.571310    0.03395     2.0367    122.200     26.250  47512.848    30.0524     9.6546     26.000     9.6518    23.1468     5.7444     8.2093     87.461    250.741    256.545   -0.00149    6.56797    9.38628  286.68939   14.85031 6.6448e-02     1.4064     1.4572    69.4713 0.0000e+00
        493 265.571319    0.03417     2.0502    123.012     27.256  47579.079    30.0985     9.6555     27.000     9.6525    23.1827     5.7373     8.1992     87.381    250.422    256.228   -0.00184    6.56589    9.38332  286.58887   14.84531 6.7357e-02     1.5462     1.1860    74.3637 0.0000e+00
        496 265.571329    0.03439     2.0636    123.815     28.264  47641.742    30.1419     9.6543     28.000     9.6481    23.2167     5.7244     8.1807     87.205    249.850    255.651   -0.00305    6.56422    9.38093  286.50658   14.84120 6.6721e-02     1.3778     0.9531    78.7902 0.0000e+00
        500 265.571339    0.03463     2.0778    124.670     29.276  47686.518    30.1722     9.6492     29.000     9.6445    23.2412     5.7069     8.1557     86.947    249.082    254.870   -0.00471    6.56370    9.38018  286.47660   14.83964 6.7231e-02     1.4107     0.9007    79.8385 0.0000e+00
        503 265.571348    0.03487     2.0923    125.540     30.283  47768.856    30.2292     9.6473     30.000     9.6448    23.2860     5.6861     8.1261     86.658    248.163    253.941   -0.00622    6.56157    9.37714  286.37109   14.83437 6.7395e-02     1.3444     0.8731    80.3897 0.0000e+00
        507 265.571359    0.03511     2.1068    126.409     31.297  47911.195    30.3288     9.6483     31.000     9.6441    23.3635     5.6724     8.1065     86.507    247.547    253.331   -0.00625    6.55723    9.37093  286.15996   14.82386 6.7070e-02     1.2689     0.8973    79.9057 0.0000e+00
        510 265.571369    0.03535     2.1206    127.239     32.301  48011.267    30.3983     9.6460     32.000     9.6402    23.4181     5.6626     8.0925     86.391    247.106    252.893   -0.00556    6.55462    9.36721  286.03127   14.81743 6.6926e-02     1.2176     0.8928    79.9941 0.0000e+00
        513 265.571378    0.03559     2.1354    128.121     33.314  48052.601    30.4265     9.6434     33.000     9.6399    23.4406     5.6603     8.0891     86.367    247.000    252.789   -0.00449    6.55381    9.36606  285.98948   14.81531 6.6922e-02     1.1875     0.9336    79.1843 0.0000e+00
        517 265.571389    0.03583     2.1502    129.015     34.325  48067.887    30.4367     9.6428     34.000     9.6374    23.4487     5.6574     8.0849     86.325    246.867    252.656   -0.00330    6.55347    9.36557  285.97243   14.81446 6.6886e-02     1.1144     0.9701    78.4638 0.0000e+00
        521 265.571399    0.03608     2.1650    129.903     35.331  48093.673    30.4541     9.6405     35.000     9.6360    23.4627     5.6479     8.0713     86.186    246.451    252.233   -0.00373    6.55308    9.36500  285.95135   14.81338 6.6775e-02     1.0222     0.9581    78.7001 0.0000e+00
        524 265.571410    0.03634     2.1804    130.823     36.345  48119.423    30.4716     9.6393     36.000     9.6343    23.4765     5.6401     8.0604     86.077    246.112    251.890   -0.00392    6.55250    9.36419  285.92250   14.81193 6.6914e-02     0.9708     0.9237    79.3823 0.0000e+00
        528 265.571420    0.03658     2.1949    131.692     37.353  48148.079    30.4910     9.6369     37.000     9.6316    23.4920     5.6469     8.0700     86.185    246.402    252.190   -0.00209    6.55203    9.36351  285.89777   14.81067 6.7063e-02     1.0260     0.9076    79.7000 0.0000e+00
        531 265.571430    0.03682     2.2091    132.546     38.360  48161.005    30.4994     9.6352     38.000     9.6312    23.4989     5.6559     8.0828     86.324    246.793    252.592    0.00016    6.55194    9.36338  285.89145   14.81033 6.6958e-02     1.0530     0.9401    79.0547 0.0000e+00
        535 265.571440    0.03707     2.2243    133.458     39.375  48183.680    30.5150     9.6357     39.000     9.6330    23.5111     5.6475     8.0709     86.206    246.424    252.218   -0.00080    6.55119    9.36231  285.85570   14.80856 6.7487e-02     0.9358     0.9297    79.2615 0.0000e+00
        538 265.571451    0.03731     2.2384    134.304     40.384  48209.903    30.5335     9.6391     40.000     9.6377    23.5249     5.6371     8.0560     86.064    245.968    251.754   -0.00238    6.54994    9.36052  285.79700   14.80567 6.6847e-02     0.9763     0.8391    81.0796 0.0000e+00
        541 265.571459    0.03752     2.2513    135.075     41.389  48212.073    30.5350     9.6431     41.000     9.6398    23.5255     5.6416     8.0623     86.141    246.162    251.954   -0.00141    6.54929    9.35958  285.76812   14.80430 6.7451e-02     0.9624     0.7890    82.0989 0.0000e+00
        545 265.571469    0.03775     2.2651    135.908     42.399  48215.264    30.5370     9.6444     42.000     9.6402    23.5269     5.6611     8.0902     86.442    247.013    252.824    0.00162    6.54900    9.35918  285.75568   14.80369 6.7212e-02     0.9126     0.8166    81.5344 0.0000e+00
        548 265.571479    0.03799     2.2794    136.766     43.415  48222.696    30.5419     9.6450     43.000     9.6403    23.5306     5.6744     8.1095     86.650    247.596    253.421    0.00348    6.54873    9.35878  285.74247   14.80303 6.7144e-02     1.0193     0.8278    81.3056 0.0000e+00
        551 265.571488    0.03820     2.2925    137.548     44.417  48229.676    30.5463     9.6449     44.000     9.6399    23.5340     5.6789     8.1158     86.721    247.791    253.622    0.00313    6.54855    9.35853  285.73352   14.80259 6.6871e-02     0.9767     0.8016    81.8420 0.0000e+00
        555 265.571498    0.03844     2.3063    138.377     45.429  48231.981    30.5475     9.6443     45.000     9.6385    23.5351     5.6778     8.1142     86.703    247.741    253.571    0.00207    6.54859    9.35858  285.73499   14.80265 6.6729e-02     0.9594     0.7837    82.2071 0.0000e+00
        558 265.571507    0.03867     2.3200    139.199     46.442  48238.177    30.5512     9.6425     46.000     9.6365    23.5383     5.6781     8.1145     86.706    247.752    253.584    0.00132    6.54870    9.35874  285.73887   14.80282 6.7075e-02     0.8561     0.7902    82.0735 0.0000e+00
        561 265.571516    0.03889     2.3333    139.998     47.443  48245.947    30.5561     9.6412     47.000     9.6355    23.5423     5.6765     8.1122     86.680    247.677    253.508    0.00080    6.54867    9.35871  285.73683   14.80271 6.7356e-02     1.0333     0.7697    82.4957 0.0000e+00
        565 265.571527    0.03915     2.3486    140.916     48.461  48247.444    30.5564     9.6389     48.000     9.6315    23.5429     5.6676     8.0996     86.542    247.294    253.116   -0.00099    6.54899    9.35917  285.75054   14.80336 6.6797e-02     0.8657     0.7535    82.8329 0.0000e+00
        568 265.571537    0.03938     2.3629    141.775     49.472  48256.767    30.5621     9.6360     49.000     9.6313    23.5479     5.6695     8.1023     86.568    247.374    253.199   -0.00077    6.54917    9.35941  285.75680   14.80365 6.7292e-02     0.9713     0.7941    81.9942 0.0000e+00
        571 265.571546    0.03961     2.3765    142.590     50.475  48264.275    30.5670     9.6360     50.000     9.6289    23.5517     5.6645     8.0951     86.494    247.153    252.974   -0.00100    6.54897    9.35914  285.74717   14.80316 6.7178e-02     0.9250     0.7603    82.6892 0.0000e+00
        575 265.571557    0.03986     2.3915    143.492     51.489  48272.093    30.5716     9.6326     51.000     9.6247    23.5559     5.6578     8.0856     86.388    246.863    252.678   -0.00210    6.54927    9.35957  285.75916   14.80371 6.6879e-02     0.8581     0.7723    82.4419 0.0000e+00
        579 265.571567    0.04011     2.4063    144.378     52.498  48275.854    30.5734     9.6292     52.000     9.6227    23.5578     5.6549     8.0814     86.339    246.735    252.547   -0.00190    6.54968    9.36014  285.77630   14.80453 6.7082e-02     0.9128     0.8046    81.7785 0.0000e+00
        582 265.571577    0.04035     2.4207    145.242     53.510  48279.276    30.5752     9.6280     53.000     9.6219    23.5594     5.6482     8.0718     86.235    246.442    252.249   -0.00246    6.54978    9.36030  285.78047   14.80472 6.7035e-02     0.9947     0.8232    81.3996 0.0000e+00
