CTD-processing/allCTD/CNV/2012_03-14_t9_s10_cast283_5028.cnv
* Sea-Bird SBE19plus Data File:
* FileName = C:\Documents and Settings\glenn.seaman\My Documents\KHolderied-files\CTD-DATA-FILES\2011-KBay-CTD\2012-03-14-HomerSpit-CTD\2012-03-14-HomerSpit-cast283.hex
* Software Version 1.59
* Temperature SN =  5028
* Conductivity SN =  5028
* System UpLoad Time = Apr 29 2012 19:53:32
** Cruise: Homer Spit Transect
** Date: 2012-03-14
** Station: 10
** Start time (AKDT): 1525
** Depth (feet): 197
# nquan = 26
# nvalues = 53                          
# units = specified
# name 0 = scan: Scan Count
# name 1 = timeJ: Julian Days
# name 2 = timeH: Time, Elapsed [hours]
# name 3 = timeM: Time, Elapsed [minutes]
# name 4 = timeS: Time, Elapsed [seconds]
# name 5 = prdM: Pressure, Strain Gauge [db]
# name 6 = specc: Specific Conductance [uS/cm]
# name 7 = sal00: Salinity, Practical [PSU]
# name 8 = tv290C: Temperature [ITS-90, deg C]
# name 9 = depSM: Depth [salt water, m], lat = 59.00
# name 10 = potemp090C: Potential Temperature [ITS-90, deg C]
# name 11 = sigma-é00: Density [sigma-theta, kg/m^3]
# name 12 = sbeox0ML/L: Oxygen, SBE 43 [ml/l]
# name 13 = sbeox0Mg/L: Oxygen, SBE 43 [mg/l]
# name 14 = sbeox0PS: Oxygen, SBE 43 [% saturation]
# name 15 = sbox0Mm/Kg: Oxygen, SBE 43 [umol/kg]
# name 16 = sbeox0Mm/L: Oxygen, SBE 43 [umol/l]
# name 17 = sbox0dV/dT: Oxygen, SBE 43 [dov/dt]
# name 18 = oxsolML/L: Oxygen Saturation, Garcia & Gordon [ml/l]
# name 19 = oxsolMg/L: Oxygen Saturation, Garcia & Gordon [mg/l]
# name 20 = oxsolMm/Kg: Oxygen Saturation, Garcia & Gordon [umol/kg]
# name 21 = n2satMg/L: Nitrogen Saturation [mg/l]
# name 22 = par: PAR/Irradiance, Biospherical/Licor [umol photons/m^2/sec]
# name 23 = flECO-AFL: Fluorescence, WET Labs ECO-AFL/FL [mg/m^3]
# name 24 = upoly0: Upoly 0, ECO-FLNTUS
# name 25 = flag: flag
# span 0 =        388,        522       
# span 1 =  74.978655,  74.979042       
# span 2 =    0.02687,    0.03619       
# span 3 =     1.6124,     2.1714       
# span 4 =     96.742,    130.284       
# span 5 =      1.010,     53.507       
# span 6 =  52273.466,  52999.871       
# span 7 =    31.1613,    31.6564       
# span 8 =    -1.0551,     1.5314       
# span 9 =      1.000,     53.000       
# span 10 =    -1.0380,     1.5426      
# span 11 =    25.0442,    25.3253      
# span 12 =     7.2445,     7.6737      
# span 13 =    10.3794,    10.9466      
# span 14 =     85.621,     96.367      
# span 15 =    315.628,    334.266      
# span 16 =    323.538,    342.706      
# span 17 =   -0.00019,    0.01307      
# span 18 =    7.87412,    8.46934      
# span 19 =   11.26286,   12.09403      
# span 20 =  342.96820,  369.00475      
# span 21 =   17.53780,   18.74479      
# span 22 = 3.7490e-02, 1.2483e+02      
# span 23 =     0.1942,     0.4521      
# span 24 =  1.4807186,  5.1219610      
# span 25 = 0.0000e+00, 0.0000e+00      
# interval = meters: 1                  
# start_time = Mar 14 2012 23:27:39 [Instrument's time stamp, header]
# bad_flag = -9.990e-29
*END*
        388  74.978655    0.02687     1.6124     96.742      1.010  52862.206    31.1613    -1.0551      1.000    -1.0380    25.0442     7.2900    10.4147     86.075    317.622    325.572    0.00126    8.46934   12.09403  369.00475   18.74479 1.2483e+02     0.1942  5.1161973 0.0000e+00
        393  74.978668    0.02721     1.6326     97.958      2.019  52906.253    31.2118    -0.9959      2.000    -0.9428    25.0832     7.2445    10.3794     85.621    315.628    323.538   -0.00019    8.46114   12.07079  368.63586   18.71041 7.0705e+01     0.3597  5.1219610 0.0000e+00
        396  74.978679    0.02746     1.6479     98.873      3.028  52965.493    31.2962    -0.8731      3.000    -0.7621    25.1476     7.2504    10.3888     85.973    315.859    323.801    0.00074    8.43359   12.02441  367.40638   18.64207 4.4437e+01     0.4264  4.8919495 0.0000e+00
        399  74.978687    0.02766     1.6597     99.584      4.037  52999.871    31.3810    -0.7058      4.000    -0.5471    25.2108     7.2611    10.4133     86.617    316.293    324.280    0.00245    8.38371   11.96393  365.19536   18.55343 2.8802e+01     0.4521  4.6147009 0.0000e+00
        402  74.978695    0.02784     1.6703    100.216      5.047  52949.873    31.4235    -0.5033      5.000    -0.3401    25.2382     7.3023    10.4613     87.778    318.073    326.119    0.00544    8.32016   11.89617  362.41078   18.45500 1.9500e+01     0.4471  4.1461863 0.0000e+00
        404  74.978702    0.02801     1.6804    100.823      6.056  52826.641    31.4154    -0.3063      6.000    -0.1758    25.2245     7.3883    10.5321     89.406    321.835    329.962    0.00965    8.26487   11.83475  360.01669   18.36660 1.3376e+01     0.4206  3.5551270 0.0000e+00
        407  74.978709    0.02817     1.6905    101.428      7.066  52692.212    31.3848    -0.1484      7.000    -0.0614    25.1939     7.4698    10.5935     90.782    325.406    333.603    0.01307    8.22882   11.78772  358.46919   18.29933 9.1411e+00     0.3889  3.0809371 0.0000e+00
        409  74.978715    0.02834     1.7006    102.037      8.075  52596.005    31.3576    -0.0482      8.000     0.0054    25.1681     7.4741    10.5981     90.997    325.604    333.792    0.01290    8.21363   11.75866  357.82185   18.25790 6.3944e+00     0.3593  2.7336929 0.0000e+00
        412  74.978723    0.02851     1.7109    102.653      9.085  52542.619    31.3455     0.0163      9.000     0.0529    25.1558     7.4042    10.5491     90.216    322.566    330.674    0.00971    8.20729   11.73952  357.55030   18.23051 4.4442e+00     0.3422  2.5500219 0.0000e+00
        414  74.978730    0.02869     1.7213    103.278     10.095  52523.100    31.3483     0.0614     10.000     0.0939    25.1563     7.3121    10.4790     89.142    318.550    326.560    0.00576    8.20279   11.72527  357.35257   18.20993 3.1410e+00     0.3366  2.4868205 0.0000e+00
        417  74.978737    0.02886     1.7318    103.908     11.103  52519.524    31.3600     0.1027     11.000     0.1392    25.1640     7.2534    10.4305     88.486    315.988    323.938    0.00322    8.19726   11.71156  357.10716   18.18995 2.2149e+00     0.3343  2.4518262 0.0000e+00
        419  74.978744    0.02904     1.7424    104.542     12.114  52530.837    31.3840     0.1514     12.000     0.1983    25.1812     7.2501    10.4272     88.572    315.835    323.790    0.00302    8.18571   11.69461  356.59230   18.16511 1.5843e+00     0.3361  2.4237832 0.0000e+00
        422  74.978752    0.02922     1.7530    105.177     13.123  52528.163    31.4028     0.2120     13.000     0.2630    25.1936     7.2893    10.4629     89.238    317.537    325.541    0.00452    8.16865   11.67450  355.84134   18.13578 1.1274e+00     0.3541  2.4272900 0.0000e+00
        424  74.978760    0.02939     1.7635    105.812     14.133  52500.227    31.4060     0.2761     14.000     0.3184    25.1933     7.3593    10.5290     90.283    320.585    328.664    0.00705    8.15150   11.65465  355.09678   18.10711 8.1304e-01     0.3673  2.4643433 0.0000e+00
        427  74.978766    0.02957     1.7741    106.447     15.142  52470.456    31.4037     0.3278     15.000     0.3603    25.1890     7.4281    10.5989     91.253    323.585    331.737    0.00920    8.14016   11.63907  354.60661   18.08468 5.9417e-01     0.3642  2.5167978 0.0000e+00
        429  74.978774    0.02974     1.7847    107.084     16.152  52444.716    31.4004     0.3691     16.000     0.3925    25.1844     7.4753    10.6549     91.923    325.647    333.847    0.01032    8.13223   11.62675  354.26449   18.06698 4.2931e-01     0.3670  2.5716788 0.0000e+00
        432  74.978782    0.02992     1.7954    107.724     17.161  52429.618    31.4001     0.3989     17.000     0.4182    25.1827     7.4970    10.6907     92.239    326.594    334.816    0.01029    8.12784   11.61773  354.07484   18.05398 3.1475e-01     0.3674  2.5962524 0.0000e+00
        434  74.978789    0.03010     1.8061    108.367     18.171  52427.152    31.4066     0.4245     18.000     0.4446    25.1868     7.4996    10.7110     92.326    326.702    334.931    0.00959    8.12294   11.60943  353.85731   18.04190 2.3180e-01     0.3644  2.5935939 0.0000e+00
        437  74.978796    0.03028     1.8169    109.012     19.180  52417.768    31.4088     0.4509     19.000     0.4685    25.1873     7.4997    10.7276     92.395    326.708    334.937    0.00882    8.11699   11.60126  353.59884   18.03007 1.7436e-01     0.3628  2.5634229 0.0000e+00
        440  74.978804    0.03046     1.8277    109.659     20.190  52408.942    31.4103     0.4742     20.000     0.4895    25.1874     7.5250    10.7560     92.757    327.811    336.067    0.00889    8.11262   11.59406  353.40952   18.01967 1.3266e-01     0.3540  2.5046737 0.0000e+00
        442  74.978812    0.03064     1.8385    110.308     21.200  52406.955    31.4154     0.4950     21.000     0.5117    25.1905     7.5567    10.7876     93.184    329.194    337.485    0.00931    8.10952   11.58740  353.27412   18.00997 1.0358e-01     0.3466  2.4589928 0.0000e+00
        445  74.978819    0.03082     1.8493    110.956     22.209  52414.156    31.4277     0.5190     22.000     0.5419    25.1992     7.5675    10.8072     93.376    329.656    337.964    0.00899    8.10433   11.57914  353.04288   17.99785 8.3190e-02     0.3509  2.4544172 0.0000e+00
        447  74.978826    0.03100     1.8600    111.603     23.218  52417.385    31.4398     0.5502     23.000     0.5773    25.2073     7.5699    10.8212     93.502    329.756    338.071    0.00845    8.09596   11.56880  352.67313   17.98273 6.7904e-02     0.3440  2.4393069 0.0000e+00
        450  74.978834    0.03118     1.8708    112.248     24.228  52406.949    31.4444     0.5861     24.000     0.6111    25.2092     7.5852    10.8403     93.801    330.425    338.756    0.00848    8.08658   11.55761  352.26515   17.96652 5.7371e-02     0.3374  2.4184629 0.0000e+00
        453  74.978842    0.03136     1.8815    112.890     25.238  52390.675    31.4440     0.6188     25.000     0.6395    25.2072     7.6071    10.8614     94.146    331.383    339.734    0.00867    8.08014   11.54781  351.98857   17.95241 4.9843e-02     0.3463  2.3997174 0.0000e+00
        455  74.978848    0.03154     1.8921    113.525     26.247  52391.478    31.4533     0.6468     26.000     0.6712    25.2132     7.6169    10.8744     94.328    331.802    340.168    0.00842    8.07492   11.53868  351.75710   17.93906 4.4814e-02     0.3474  2.3639482 0.0000e+00
        458  74.978856    0.03171     1.9026    114.155     27.256  52390.827    31.4631     0.6792     27.000     0.7062    25.2194     7.6135    10.8789     94.382    331.653    340.020    0.00778    8.06669   11.52819  351.39482   17.92378 4.1467e-02     0.3408  2.3223629 0.0000e+00
        460  74.978863    0.03188     1.9130    114.777     28.266  52382.548    31.4685     0.7139     28.000     0.7384    25.2220     7.6130    10.8835     94.492    331.632    340.000    0.00735    8.05683   11.51735  350.96268   17.90805 3.9647e-02     0.3318  2.2752888 0.0000e+00
        463  74.978871    0.03205     1.9232    115.394     29.276  52359.876    31.4632     0.7448     29.000     0.7594    25.2161     7.6255    10.8937     94.736    332.179    340.556    0.00736    8.04924   11.50856  350.63713   17.89546 3.8639e-02     0.3319  2.2373837 0.0000e+00
        465  74.978877    0.03222     1.9334    116.003     30.285  52341.838    31.4565     0.7622     30.000     0.7691    25.2098     7.6379    10.9019     94.909    332.723    341.109    0.00723    8.04765   11.50389  350.57317   17.88885 3.8125e-02     0.3359  2.2115621 0.0000e+00
        467  74.978884    0.03239     1.9434    116.607     31.295  52340.457    31.4581     0.7716     31.000     0.7786    25.2106     7.6357    10.9007     94.876    332.629    341.012    0.00652    8.04812   11.50097  350.59292   17.88461 3.7835e-02     0.3416  2.2035341 0.0000e+00
        470  74.978891    0.03256     1.9534    117.203     32.305  52347.098    31.4654     0.7820     32.000     0.7931    25.2159     7.6193    10.8907     94.687    331.910    340.279    0.00536    8.04685   11.49729  350.53451   17.87918 3.7683e-02     0.3531  2.2065933 0.0000e+00
        472  74.978898    0.03272     1.9633    117.796     33.314  52353.781    31.4741     0.7970     33.000     0.8123    25.2221     7.6066    10.8827     94.567    331.351    339.708    0.00447    8.04356   11.49212  350.38821   17.87157 3.7596e-02     0.3561  2.2023683 0.0000e+00
        475  74.978905    0.03289     1.9731    118.386     34.323  52355.445    31.4811     0.8166     34.000     0.8346    25.2267     7.6073    10.8831     94.623    331.383    339.741    0.00416    8.03960   11.48576  350.21602   17.86227 3.7547e-02     0.3454  2.1834597 0.0000e+00
        477  74.978912    0.03305     1.9829    118.976     35.333  52364.229    31.4940     0.8402     35.000     0.8657    25.2358     7.6173    10.8910     94.799    331.813    340.185    0.00429    8.03512   11.47769  350.01694   17.85042 3.7522e-02     0.3362  2.1668051 0.0000e+00
        479  74.978919    0.03321     1.9928    119.566     36.343  52379.234    31.5140     0.8727     36.000     0.9078    25.2501     7.6224    10.8990     94.968    332.031    340.418    0.00439    8.02636   11.46646  349.62647   17.83388 3.7507e-02     0.3319  2.1443681 0.0000e+00
        482  74.978926    0.03337     2.0026    120.155     37.353  52377.002    31.5259     0.9157     37.000     0.9529    25.2573     7.6295    10.9096     95.198    332.339    340.736    0.00463    8.01442   11.45279  349.10364   17.81397 3.7500e-02     0.3330  2.1065429 0.0000e+00
        484  74.978932    0.03354     2.0124    120.743     38.362  52364.498    31.5317     0.9608     38.000     0.9948    25.2594     7.6480    10.9258     95.565    333.141    341.557    0.00527    8.00293   11.43899  348.60319   17.79397 3.7495e-02     0.3316  2.0607376 0.0000e+00
        486  74.978939    0.03370     2.0221    121.329     39.372  52345.309    31.5317     1.0018     39.000     1.0297    25.2570     7.6671    10.9408     95.905    333.976    342.410    0.00584    7.99443   11.42690  348.23739   17.77653 3.7493e-02     0.3287  2.0133876 0.0000e+00
        489  74.978946    0.03387     2.0319    121.914     40.382  52334.564    31.5350     1.0362     40.000     1.0625    25.2578     7.6737    10.9466     96.054    334.266    342.706    0.00582    7.98894   11.41650  347.99947   17.76147 3.7491e-02     0.3293  1.9831188 0.0000e+00
        491  74.978953    0.03403     2.0416    122.498     41.391  52339.654    31.5486     1.0697     41.000     1.1016    25.2668     7.6587    10.9381     95.946    333.611    342.041    0.00503    7.98234   11.40560  347.70564   17.74551 3.7491e-02     0.3278  1.9629997 0.0000e+00
        493  74.978959    0.03419     2.0514    123.083     42.400  52339.050    31.5604     1.1095     42.000     1.1438    25.2740     7.6404    10.9265     95.835    332.808    341.221    0.00423    7.97250   11.39297  347.27297   17.72710 3.7491e-02     0.3185  1.9402308 0.0000e+00
        496  74.978966    0.03436     2.0611    123.669     43.410  52328.918    31.5666     1.1517     43.000     1.1847    25.2765     7.6361    10.9217     95.899    332.619    341.027    0.00397    7.96261   11.38010  346.84289   17.70843 3.7490e-02     0.3089  1.8896998 0.0000e+00
        498  74.978973    0.03451     2.0710    124.259     44.420  52319.294    31.5726     1.1925     44.000     1.2241    25.2789     7.6457    10.9246     96.128    333.034    341.453    0.00429    7.95358   11.36769  346.44884   17.69043 3.7490e-02     0.3078  1.8363541 0.0000e+00
        500  74.978980    0.03468     2.0808    124.851     45.430  52308.882    31.5775     1.2318     45.000     1.2611    25.2805     7.6520    10.9258     96.313    333.312    341.739    0.00448    7.94500   11.35581  346.07452   17.67322 3.7490e-02     0.3152  1.7999192 0.0000e+00
        503  74.978986    0.03484     2.0908    125.444     46.440  52296.209    31.5802     1.2688     46.000     1.2946    25.2804     7.6492    10.9207     96.367    333.189    341.611    0.00426    7.93757   11.34483  345.75246   17.65732 3.7490e-02     0.3182  1.7695718 0.0000e+00
        505  74.978993    0.03501     2.1007    126.040     47.449  52290.794    31.5864     1.3017     47.000     1.3278    25.2834     7.6370    10.9083     96.284    332.659    341.067    0.00367    7.93171   11.33477  345.49623   17.64272 3.7490e-02     0.3159  1.7362177 0.0000e+00
        508  74.979001    0.03518     2.1107    126.642     48.459  52293.003    31.5980     1.3358     48.000     1.3650    25.2906     7.6184    10.8919     96.141    331.846    340.239    0.00290    7.92425   11.32397  345.16664   17.62694 3.7490e-02     0.3174  1.7041488 0.0000e+00
        510  74.979008    0.03535     2.1209    127.252     49.469  52287.878    31.6059     1.3740     49.000     1.4020    25.2947     7.6058    10.8790     96.095    331.293    339.674    0.00245    7.91490   11.31224  344.75786   17.60989 3.7490e-02     0.3173  1.6615436 0.0000e+00
        513  74.979015    0.03553     2.1313    127.877     50.478  52277.556    31.6101     1.4114     50.000     1.4356    25.2958     7.6059    10.8736     96.194    331.298    339.678    0.00248    7.90676   11.30110  344.40502   17.59375 3.7490e-02     0.3148  1.6157609 0.0000e+00
        515  74.979022    0.03570     2.1422    128.535     51.488  52273.466    31.6175     1.4458     51.000     1.4677    25.2995     7.6089    10.8707     96.317    331.430    339.812    0.00261    7.89986   11.29059  344.10396   17.57845 3.7490e-02     0.3176  1.5728927 0.0000e+00
        518  74.979031    0.03591     2.1546    129.275     52.498  52281.889    31.6337     1.4817     52.000     1.5045    25.3102     7.6014    10.8624     96.327    331.099    339.479    0.00236    7.89122   11.27895  343.72208   17.56139 3.7490e-02     0.3177  1.5318739 0.0000e+00
        522  74.979042    0.03619     2.1714    130.284     53.507  52293.814    31.6564     1.5314     53.000     1.5426    25.3253     7.5842    10.8486     96.318    330.340    338.709    0.00198    7.87412   11.26286  342.96820   17.53780 3.7490e-02     0.3140  1.4807186 0.0000e+00
