CTD-processing/allCTD/CNV/2012_06-25_subbays_tutkab_cast121_5028.cnv
* Sea-Bird SBE19plus Data File:
* FileName = C:\Documents and Settings\glenn.seaman\My Documents\KHolderied-files\CTD-DATA-FILES\2012-CTD-KachemakBay\2012-06-25-CTD-KachemakBay-subbays\2012-06-25-KBay-subbays-cast121.hex
* Software Version 1.59
* Temperature SN =  5028
* Conductivity SN =  5028
* System UpLoad Time = Jun 27 2012 00:26:02
** KachemakBay-Subbay-Survey
** Date: 2012-06-25
** Station: Tutka Bay B - in deep hole
** Start time (AKDT-24hr): 1733
** Depth (ft): 502
** Lat: 59d 27.479m N
** Long: 151d 25.345m W
** Secchi disk depth 3 m. Vertical phytoplankton tow to 3.75 m.  Phytoplankton surface water grab, filtered 10 liters. Lots of crab zoea in vertical tow.
# nquan = 26
# nvalues = 141                         
# units = specified
# name 0 = scan: Scan Count
# name 1 = timeJ: Julian Days
# name 2 = timeH: Time, Elapsed [hours]
# name 3 = timeM: Time, Elapsed [minutes]
# name 4 = timeS: Time, Elapsed [seconds]
# name 5 = prdM: Pressure, Strain Gauge [db]
# name 6 = specc: Specific Conductance [uS/cm]
# name 7 = sal00: Salinity, Practical [PSU]
# name 8 = tv290C: Temperature [ITS-90, deg C]
# name 9 = depSM: Depth [salt water, m], lat = 59.00
# name 10 = potemp090C: Potential Temperature [ITS-90, deg C]
# name 11 = sigma-é00: Density [sigma-theta, kg/m^3]
# name 12 = sbeox0ML/L: Oxygen, SBE 43 [ml/l]
# name 13 = sbeox0Mg/L: Oxygen, SBE 43 [mg/l]
# name 14 = sbeox0PS: Oxygen, SBE 43 [% saturation]
# name 15 = sbox0Mm/Kg: Oxygen, SBE 43 [umol/kg]
# name 16 = sbeox0Mm/L: Oxygen, SBE 43 [umol/l]
# name 17 = sbox0dV/dT: Oxygen, SBE 43 [dov/dt]
# name 18 = oxsolML/L: Oxygen Saturation, Garcia & Gordon [ml/l]
# name 19 = oxsolMg/L: Oxygen Saturation, Garcia & Gordon [mg/l]
# name 20 = oxsolMm/Kg: Oxygen Saturation, Garcia & Gordon [umol/kg]
# name 21 = n2satMg/L: Nitrogen Saturation [mg/l]
# name 22 = par: PAR/Irradiance, Biospherical/Licor [umol photons/m^2/sec]
# name 23 = flECO-AFL: Fluorescence, WET Labs ECO-AFL/FL [mg/m^3]
# name 24 = upoly0: Upoly 0, ECO-FLNTUS
# name 25 = flag: flag
# span 0 =        376,        754       
# span 1 = 177.732901, 177.733997       
# span 2 =    0.02601,    0.05232       
# span 3 =     1.5607,     3.1394       
# span 4 =     93.644,    188.363       
# span 5 =      1.009,    142.379       
# span 6 =  38635.400,  50809.886       
# span 7 =    23.9594,    31.5600       
# span 8 =     5.2417,     9.9107       
# span 9 =      1.000,    141.000       
# span 10 =     5.2316,     9.8691      
# span 11 =    18.3614,    24.9237      
# span 12 =     6.9632,     8.3280      
# span 13 =     9.9516,    11.7033      
# span 14 =     96.763,    122.579      
# span 15 =    303.412,    363.078      
# span 16 =    310.973,    371.929      
# span 17 =   -0.01916,    0.03008      
# span 18 =    6.65360,    7.19639      
# span 19 =    9.56812,   10.28425      
# span 20 =  290.87640,  313.57540      
# span 21 =   15.14243,   16.12656      
# span 22 = 4.5434e-02, 1.1246e+02      
# span 23 =     0.3278,     6.2438      
# span 24 =  0.8108758,  1.6497057      
# span 25 = 0.0000e+00, 0.0000e+00      
# interval = meters: 1                  
# start_time = Jun 25 2012 17:33:49 [Instrument's time stamp, header]
# bad_flag = -9.990e-29
*END*
[from data line 112]
        676 177.733769    0.04686     2.8114    168.684    114.098  50778.321    31.5578     5.2719    113.000     5.2619    24.9184     7.0094    10.0177     97.471    305.430    313.040   -0.00183    7.19128   10.27699  313.35414   16.11612 4.6333e-02     0.3566  1.0671853 0.0000e+00
        678 177.733777    0.04704     2.8226    169.355    115.108  50779.839    31.5578     5.2700    114.000     5.2601    24.9188     7.0068    10.0151     97.430    305.315    312.924   -0.00179    7.19164   10.27747  313.37004   16.11680 4.6296e-02     0.3549  1.0689497 0.0000e+00
        681 177.733785    0.04723     2.8338    170.027    116.118  50781.616    31.5583     5.2682    115.000     5.2586    24.9192     7.0067    10.0139     97.423    305.308    312.916   -0.00168    7.19194   10.27787  313.38287   16.11737 4.6257e-02     0.3484  1.0914365 0.0000e+00
        684 177.733793    0.04742     2.8450    170.701    117.128  50783.067    31.5585     5.2670    116.000     5.2575    24.9196     7.0070    10.0133     97.426    305.324    312.933   -0.00149    7.19211   10.27816  313.39002   16.11779 4.6233e-02     0.3414  1.0990656 0.0000e+00
        686 177.733800    0.04760     2.8562    171.374    118.138  50784.185    31.5586     5.2660    117.000     5.2565    24.9197     7.0059    10.0119     97.409    305.276    312.883   -0.00142    7.19224   10.27840  313.39574   16.11814 4.6220e-02     0.3380  1.1083284 0.0000e+00
        689 177.733809    0.04779     2.8675    172.048    119.148  50785.160    31.5586     5.2650    118.000     5.2554    24.9198     7.0047    10.0104     97.391    305.223    312.828   -0.00137    7.19235   10.27863  313.40042   16.11846 4.6197e-02     0.3415  1.1192683 0.0000e+00
        692 177.733816    0.04798     2.8787    172.722    120.158  50786.041    31.5584     5.2640    119.000     5.2542    24.9199     7.0044    10.0092     97.385    305.212    312.818   -0.00126    7.19251   10.27888  313.40742   16.11884 4.6150e-02     0.3528  1.1220169 0.0000e+00
        695 177.733824    0.04817     2.8900    173.397    121.169  50787.041    31.5584     5.2628    120.000     5.2529    24.9200     7.0026    10.0072     97.357    305.133    312.737   -0.00124    7.19273   10.27918  313.41670   16.11927 4.6092e-02     0.3604  1.1041262 0.0000e+00
        697 177.733832    0.04835     2.9012    174.071    122.179  50787.976    31.5583     5.2615    121.000     5.2513    24.9200     7.0001    10.0049     97.319    305.024    312.625   -0.00127    7.19294   10.27952  313.42608   16.11975 4.6046e-02     0.3708  1.0869506 0.0000e+00
        700 177.733840    0.04854     2.9124    174.745    123.189  50788.887    31.5581     5.2600    122.000     5.2495    24.9201     6.9986    10.0032     97.295    304.959    312.559   -0.00125    7.19319   10.27990  313.43707   16.12031 4.5993e-02     0.3828  1.0989039 0.0000e+00
        703 177.733847    0.04873     2.9237    175.421    124.199  50790.049    31.5580     5.2580    123.000     5.2474    24.9202     6.9988    10.0029     97.292    304.965    312.565   -0.00117    7.19358   10.28037  313.45403   16.12100 4.5956e-02     0.3922  1.1277324 0.0000e+00
        705 177.733855    0.04892     2.9349    176.097    125.208  50791.687    31.5582     5.2560    124.000     5.2452    24.9206     7.0006    10.0036     97.312    305.044    312.647   -0.00101    7.19398   10.28087  313.47145   16.12171 4.5929e-02     0.3986  1.1503053 0.0000e+00
        708 177.733863    0.04911     2.9462    176.773    126.218  50793.336    31.5584     5.2541    125.000     5.2435    24.9210     7.0015    10.0036     97.320    305.082    312.685   -0.00089    7.19431   10.28131  313.48546   16.12235 4.5894e-02     0.3946  1.1491562 0.0000e+00
        711 177.733871    0.04930     2.9575    177.450    127.228  50794.880    31.5586     5.2525    126.000     5.2419    24.9214     7.0001    10.0018     97.298    305.025    312.627   -0.00090    7.19455   10.28170  313.49590   16.12291 4.5857e-02     0.3734  1.1168391 0.0000e+00
        714 177.733879    0.04948     2.9688    178.127    128.238  50796.123    31.5587     5.2510    127.000     5.2402    24.9216     6.9973     9.9985     97.255    304.900    312.499   -0.00098    7.19478   10.28206  313.50561   16.12343 4.5828e-02     0.3522  1.1097913 0.0000e+00
        716 177.733887    0.04967     2.9801    178.804    129.248  50797.333    31.5587     5.2494    128.000     5.2386    24.9218     6.9944     9.9946     97.211    304.774    312.370   -0.00105    7.19510   10.28246  313.51968   16.12401 4.5790e-02     0.3502  1.1134635 0.0000e+00
        719 177.733895    0.04985     2.9913    179.480    130.258  50798.997    31.5591     5.2478    129.000     5.2372    24.9223     6.9903     9.9898     97.150    304.595    312.187   -0.00117    7.19537   10.28281  313.53105   16.12451 4.5750e-02     0.3587  1.1190624 0.0000e+00
        722 177.733902    0.05004     3.0026    180.156    131.268  50800.340    31.5592     5.2466    130.000     5.2360    24.9225     6.9876     9.9854     97.111    304.478    312.066   -0.00121    7.19552   10.28309  313.53792   16.12491 4.5705e-02     0.3637  1.1300069 0.0000e+00
        724 177.733910    0.05023     3.0139    180.832    132.279  50801.331    31.5592     5.2455    131.000     5.2349    24.9226     6.9835     9.9803     97.051    304.300    311.884   -0.00129    7.19570   10.28337  313.54562   16.12530 4.5673e-02     0.3589  1.1351960 0.0000e+00
        727 177.733918    0.05042     3.0251    181.508    133.289  50802.529    31.5593     5.2444    132.000     5.2337    24.9228     6.9793     9.9752     96.990    304.117    311.696   -0.00139    7.19593   10.28364  313.55541   16.12570 4.5644e-02     0.3518  1.1350463 0.0000e+00
        730 177.733926    0.05061     3.0364    182.185    134.299  50803.698    31.5594     5.2434    133.000     5.2328    24.9230     6.9765     9.9710     96.948    303.993    311.570   -0.00142    7.19609   10.28387  313.56232   16.12602 4.5624e-02     0.3552  1.1462259 0.0000e+00
        732 177.733933    0.05079     3.0477    182.863    135.309  50804.769    31.5595     5.2426    134.000     5.2320    24.9231     6.9743     9.9675     96.916    303.899    311.472   -0.00140    7.19625   10.28406  313.56910   16.12631 4.5610e-02     0.3664  1.1838795 0.0000e+00
        735 177.733942    0.05098     3.0591    183.543    136.319  50805.963    31.5597     5.2420    135.000     5.2316    24.9234     6.9717     9.9642     96.878    303.785    311.357   -0.00140    7.19637   10.28421  313.57489   16.12651 4.5592e-02     0.3614  1.1997427 0.0000e+00
        738 177.733950    0.05117     3.0705    184.228    137.330  50807.113    31.5600     5.2417    136.000     5.2316    24.9237     6.9693     9.9614     96.845    303.682    311.251   -0.00139    7.19639   10.28425  313.57540   16.12656 4.5557e-02     0.3527  1.1960759 0.0000e+00
        741 177.733957    0.05137     3.0820    184.919    138.339  50807.807    31.5600     5.2419    137.000     5.2319    24.9237     6.9685     9.9597     96.835    303.647    311.215   -0.00130    7.19632   10.28420  313.57218   16.12649 4.5523e-02     0.3587  1.1910640 0.0000e+00
        743 177.733965    0.05156     3.0937    185.624    139.349  50808.306    31.5599     5.2422    138.000     5.2321    24.9236     6.9688     9.9588     96.839    303.657    311.226   -0.00119    7.19625   10.28413  313.56917   16.12640 4.5493e-02     0.3367  1.1681203 0.0000e+00
        746 177.733974    0.05177     3.1061    186.369    140.359  50808.949    31.5599     5.2426    139.000     5.2324    24.9236     6.9688     9.9576     96.840    303.657    311.225   -0.00106    7.19614   10.28403  313.56461   16.12625 4.5465e-02     0.3278  1.1774337 0.0000e+00
        750 177.733983    0.05200     3.1200    187.202    141.369  50809.434    31.5598     5.2430    140.000     5.2327    24.9235     6.9644     9.9539     96.780    303.465    311.028   -0.00115    7.19606   10.28394  313.56123   16.12612 4.5440e-02     0.3327  1.1897715 0.0000e+00
        754 177.733997    0.05232     3.1394    188.363    142.379  50809.886    31.5597     5.2432    141.000     5.2328    24.9233     6.9632     9.9516     96.763    303.412    310.973   -0.00104    7.19605   10.28389  313.56035   16.12605 4.5434e-02     0.3561  1.1545220 0.0000e+00
