CTD-processing/allCTD/CNV/2012_06-25_subbays_tutkaa_cast120_5028.cnv
* Sea-Bird SBE19plus Data File:
* FileName = C:\Documents and Settings\glenn.seaman\My Documents\KHolderied-files\CTD-DATA-FILES\2012-CTD-KachemakBay\2012-06-25-CTD-KachemakBay-subbays\2012-06-25-KBay-subbays-cast120.hex
* Software Version 1.59
* Temperature SN =  5028
* Conductivity SN =  5028
* System UpLoad Time = Jun 27 2012 00:22:45
** KachemakBay-Subbay-Survey
** Date: 2012-06-25
** Station: Tutka Bay A - near mouth
** Start time (AKDT-24hr): 1716
** Depth (ft): 85
** Lat: 59d 28.928m N
** Long: 151d 29.082m W
** Flat water - sheltered. Wind Soutwest 5 kts. Rain.  Secchi disk depth 3.5 m. Phytoplankton vertical tow 4.25 m.  Phytoplankton surface water grab, filtered 10 liters. Air temp 9 deg C.
# nquan = 26
# nvalues = 26                          
# units = specified
# name 0 = scan: Scan Count
# name 1 = timeJ: Julian Days
# name 2 = timeH: Time, Elapsed [hours]
# name 3 = timeM: Time, Elapsed [minutes]
# name 4 = timeS: Time, Elapsed [seconds]
# name 5 = prdM: Pressure, Strain Gauge [db]
# name 6 = specc: Specific Conductance [uS/cm]
# name 7 = sal00: Salinity, Practical [PSU]
# name 8 = tv290C: Temperature [ITS-90, deg C]
# name 9 = depSM: Depth [salt water, m], lat = 59.00
# name 10 = potemp090C: Potential Temperature [ITS-90, deg C]
# name 11 = sigma-é00: Density [sigma-theta, kg/m^3]
# name 12 = sbeox0ML/L: Oxygen, SBE 43 [ml/l]
# name 13 = sbeox0Mg/L: Oxygen, SBE 43 [mg/l]
# name 14 = sbeox0PS: Oxygen, SBE 43 [% saturation]
# name 15 = sbox0Mm/Kg: Oxygen, SBE 43 [umol/kg]
# name 16 = sbeox0Mm/L: Oxygen, SBE 43 [umol/l]
# name 17 = sbox0dV/dT: Oxygen, SBE 43 [dov/dt]
# name 18 = oxsolML/L: Oxygen Saturation, Garcia & Gordon [ml/l]
# name 19 = oxsolMg/L: Oxygen Saturation, Garcia & Gordon [mg/l]
# name 20 = oxsolMm/Kg: Oxygen Saturation, Garcia & Gordon [umol/kg]
# name 21 = n2satMg/L: Nitrogen Saturation [mg/l]
# name 22 = par: PAR/Irradiance, Biospherical/Licor [umol photons/m^2/sec]
# name 23 = flECO-AFL: Fluorescence, WET Labs ECO-AFL/FL [mg/m^3]
# name 24 = upoly0: Upoly 0, ECO-FLNTUS
# name 25 = flag: flag
# span 0 =        382,        450       
# span 1 = 177.722005, 177.722203       
# span 2 =    0.02647,    0.03120       
# span 3 =     1.5879,     1.8723       
# span 4 =     95.273,    112.339       
# span 5 =      1.010,     26.248       
# span 6 =  46049.522,  50141.759       
# span 7 =    29.0369,    31.5573       
# span 8 =     7.3756,     9.6337       
# span 9 =      1.000,     26.000       
# span 10 =     7.3710,     9.5927      
# span 11 =    22.3574,    24.6578      
# span 12 =     7.2614,     8.0450      
# span 13 =    10.3963,    11.4383      
# span 14 =    106.234,    121.149      
# span 15 =    316.492,    350.733      
# span 16 =    324.293,    359.286      
# span 17 =   -0.02406,    0.02405      
# span 18 =    6.61033,    6.84941      
# span 19 =    9.45216,    9.78406      
# span 20 =  288.65178,  298.53295      
# span 21 =   14.96131,   15.40339      
# span 22 = 2.5342e-01, 1.2477e+02      
# span 23 =     1.3416,     7.7328      
# span 24 =  0.7905190,  1.0997947      
# span 25 = 0.0000e+00, 0.0000e+00      
# interval = meters: 1                  
# start_time = Jun 25 2012 17:18:06 [Instrument's time stamp, header]
# bad_flag = -9.990e-29
*END*
        382 177.722005    0.02647     1.5879     95.273      1.010  46049.522    29.0369     9.6337      1.000     9.5927    22.3574     8.0108    11.4383    121.149    349.988    357.762    0.02405    6.61236    9.45216  288.89180   14.96131 1.2477e+02     3.7367  1.0272735 0.0000e+00
        388 177.722021    0.02684     1.6106     96.634      2.019  46911.920    29.6116     9.4223      2.000     9.2804    22.8383     7.9775    11.3610    120.686    348.355    356.277    0.01635    6.61033    9.46170  288.65178   14.96637 8.7219e+01     3.8104  1.0843657 0.0000e+00
        391 177.722031    0.02707     1.6243     97.460      3.028  47672.048    30.1093     9.1703      3.000     8.9832    23.2653     7.8549    11.2519    118.540    342.820    350.799    0.00573    6.62673    9.48453  289.21704   14.99185 6.2440e+01     4.4446  1.0997947 0.0000e+00
        394 177.722039    0.02727     1.6360     98.163      4.038  48301.478    30.5131     8.9052      4.000     8.7108    23.6208     7.7449    11.1657    116.382    337.876    345.886   -0.00455    6.65503    9.51601  290.32947   15.03130 4.4996e+01     5.5576  1.0746293 0.0000e+00
        396 177.722047    0.02744     1.6467     98.803      5.047  48763.401    30.8023     8.6647      5.000     8.5171    23.8828     7.7412    11.1611    115.773    337.613    345.718   -0.00728    6.68649    9.54949  291.61763   15.07539 3.2879e+01     6.8409  1.0647622 0.0000e+00
        399 177.722053    0.02762     1.6570     99.419      6.056  49072.906    30.9931     8.4873      6.000     8.3728    24.0584     7.8209    11.2206    116.643    341.044    349.283   -0.00357    6.70490    9.57566  292.37794   15.11038 2.3920e+01     7.6850  1.0628220 0.0000e+00
        401 177.722060    0.02779     1.6671    100.024      7.065  49278.255    31.1165     8.3512      7.000     8.2442    24.1749     7.9353    11.3082    118.114    346.004    354.391    0.00228    6.71818    9.59732  292.93450   15.13985 1.7601e+01     7.7328  1.0512596 0.0000e+00
        404 177.722068    0.02796     1.6771    100.627      8.076  49447.565    31.2155     8.2235      8.000     8.1321    24.2710     8.0322    11.3776    119.260    350.202    358.718    0.00678    6.73492    9.61876  293.64121   15.16939 1.2930e+01     7.2357  1.0165726 0.0000e+00
        406 177.722075    0.02812     1.6871    101.228      9.085  49581.769    31.2931     8.1191      9.000     8.0523    24.3469     8.0450    11.3797    119.217    350.733    359.286    0.00626    6.74810    9.63656  294.19486   15.19397 9.6570e+00     6.5023  0.9781556 0.0000e+00
        408 177.722081    0.02828     1.6971    101.829     10.094  49677.010    31.3474     8.0416     10.000     7.9882    24.4006     7.9822    11.3165    118.162    347.986    356.487    0.00177    6.75544    9.65000  294.50316   15.21261 7.2221e+00     5.7285  0.9421923 0.0000e+00
        411 177.722088    0.02845     1.7072    102.432     11.104  49745.467    31.3851     7.9785     11.000     7.9247    24.4392     7.8704    11.2047    116.406    343.101    351.490   -0.00502    6.76125    9.66142  294.75032   15.22856 5.4098e+00     5.3075  0.9234537 0.0000e+00
        413 177.722095    0.02862     1.7173    103.036     12.113  49809.378    31.4194     7.9151     12.000     7.8654    24.4751     7.7450    11.0688    114.404    337.625    345.892   -0.01212    6.77005    9.67316  295.12395   15.24502 4.1543e+00     4.7797  0.8928605 0.0000e+00
        416 177.722103    0.02879     1.7273    103.637     13.123  49867.718    31.4506     7.8577     13.000     7.8173    24.5077     7.6345    10.9386    112.644    332.794    340.955   -0.01768    6.77765    9.68380  295.44432   15.25993 3.2117e+00     4.1037  0.8524349 0.0000e+00
        418 177.722109    0.02896     1.7372    104.233     14.132  49906.197    31.4697     7.8118     14.000     7.7736    24.5292     7.5586    10.8314    111.444    329.482    337.568   -0.02040    6.78253    9.69268  295.65215   15.27250 2.5188e+00     3.6543  0.8373649 0.0000e+00
        420 177.722116    0.02912     1.7471    104.827     15.142  49934.590    31.4821     7.7680     15.000     7.7263    24.5450     7.4986    10.7396    110.478    326.865    334.890   -0.02177    6.78758    9.70155  295.86987   15.28514 1.9829e+00     3.3357  0.8310944 0.0000e+00
        423 177.722123    0.02929     1.7570    105.418     16.152  49959.186    31.4911     7.7203     16.000     7.6736    24.5587     7.4427    10.6574    109.539    324.424    332.390   -0.02280    6.79466    9.71151  296.17626   15.29942 1.5704e+00     3.0804  0.8271096 0.0000e+00
        425 177.722130    0.02944     1.7668    106.009     17.161  49990.498    31.5038     7.6673     17.000     7.6224    24.5761     7.3889    10.5849    108.607    322.073    329.989   -0.02380    6.80344    9.72247  296.55330   15.31508 1.2695e+00     2.8083  0.8132295 0.0000e+00
        427 177.722136    0.02961     1.7766    106.596     18.171  50019.075    31.5150     7.6167     18.000     7.5737    24.5919     7.3466    10.5249    107.860    320.226    328.102   -0.02406    6.81136    9.73297  296.89373   15.33010 1.0303e+00     2.4634  0.7954319 0.0000e+00
        430 177.722143    0.02977     1.7863    107.181     19.180  50045.436    31.5251     7.5685     19.000     7.5290    24.6064     7.3162    10.4775    107.288    318.894    326.741   -0.02356    6.81923    9.74306  297.23254   15.34454 8.3743e-01     2.1262  0.7905190 0.0000e+00
        432 177.722150    0.02993     1.7961    107.767     20.190  50071.527    31.5357     7.5255     20.000     7.4930    24.6207     7.2885    10.4401    106.773    317.684    325.506   -0.02286    6.82622    9.75194  297.53235   15.35723 6.8765e-01     1.8909  0.7982301 0.0000e+00
        434 177.722157    0.03010     1.8059    108.357     21.200  50096.351    31.5467     7.4901     21.000     7.4660    24.6342     7.2680    10.4127    106.392    316.783    324.588   -0.02186    6.83134    9.75913  297.75073   15.36745 5.6513e-01     1.6911  0.8093073 0.0000e+00
        437 177.722164    0.03027     1.8160    108.960     22.209  50113.685    31.5540     7.4645     22.000     7.4462    24.6435     7.2614    10.3994    106.250    316.492    324.293   -0.02002    6.83425    9.76435  297.87463   15.37490 4.6773e-01     1.5510  0.8124718 0.0000e+00
        439 177.722171    0.03044     1.8264    109.585     23.218  50123.724    31.5573     7.4446     23.000     7.4291    24.6487     7.2625    10.3963    106.234    316.540    324.343   -0.01771    6.83635    9.76859  297.96564   15.38099 3.8919e-01     1.4646  0.8151733 0.0000e+00
        442 177.722179    0.03063     1.8377    110.263     24.228  50128.523    31.5571     7.4267     24.000     7.4118    24.6511     7.2662    10.4021    106.251    316.700    324.508   -0.01547    6.83868    9.77260  298.06683   15.38679 3.3054e-01     1.4278  0.8250923 0.0000e+00
        445 177.722189    0.03086     1.8517    111.103     25.238  50131.296    31.5550     7.4055     25.000     7.3913    24.6524     7.2912    10.4277    106.556    317.793    325.628   -0.01221    6.84264    9.77749  298.24053   15.39390 2.8948e-01     1.3838  0.8457613 0.0000e+00
        450 177.722203    0.03120     1.8723    112.339     26.248  50141.759    31.5570     7.3756     26.000     7.3710    24.6578     7.3674    10.4868    107.564    321.111    329.029   -0.00611    6.84941    9.78406  298.53295   15.40339 2.5342e-01     1.3416  0.8622443 0.0000e+00
