CTD-processing/allCTD/CNV/2012_05-03_t6_s27_cast071_5028.cnv
* Sea-Bird SBE19plus Data File:
* FileName = C:\Documents and Settings\glenn.seaman\My Documents\KHolderied-files\CTD-DATA-FILES\2012-05-LTM-LowerCookInlet-CTD\Transect6-2012-05-Douglas\2012-05-03-04-LTM-Tran6-cast071.hex
* Software Version 1.59
* Temperature SN =  5028
* Conductivity SN =  5028
* System UpLoad Time = May 31 2012 03:21:41
** LTM Transect6- Pt Adam to Cape Douglas
** Date: 05-03
** Station: 6-27
** Start time (AKDT-24hr): 01:43
** Depth (m): 54
** check on sta no, add time/z from log
# nquan = 26
# nvalues = 49                          
# units = specified
# name 0 = scan: Scan Count
# name 1 = timeJ: Julian Days
# name 2 = timeH: Time, Elapsed [hours]
# name 3 = timeM: Time, Elapsed [minutes]
# name 4 = timeS: Time, Elapsed [seconds]
# name 5 = prdM: Pressure, Strain Gauge [db]
# name 6 = specc: Specific Conductance [uS/cm]
# name 7 = sal00: Salinity, Practical [PSU]
# name 8 = tv290C: Temperature [ITS-90, deg C]
# name 9 = depSM: Depth [salt water, m], lat = 59.00
# name 10 = potemp090C: Potential Temperature [ITS-90, deg C]
# name 11 = sigma-é00: Density [sigma-theta, kg/m^3]
# name 12 = sbeox0ML/L: Oxygen, SBE 43 [ml/l]
# name 13 = sbeox0Mg/L: Oxygen, SBE 43 [mg/l]
# name 14 = sbeox0PS: Oxygen, SBE 43 [% saturation]
# name 15 = sbox0Mm/Kg: Oxygen, SBE 43 [umol/kg]
# name 16 = sbeox0Mm/L: Oxygen, SBE 43 [umol/l]
# name 17 = sbox0dV/dT: Oxygen, SBE 43 [dov/dt]
# name 18 = oxsolML/L: Oxygen Saturation, Garcia & Gordon [ml/l]
# name 19 = oxsolMg/L: Oxygen Saturation, Garcia & Gordon [mg/l]
# name 20 = oxsolMm/Kg: Oxygen Saturation, Garcia & Gordon [umol/kg]
# name 21 = n2satMg/L: Nitrogen Saturation [mg/l]
# name 22 = par: PAR/Irradiance, Biospherical/Licor [umol photons/m^2/sec]
# name 23 = flECO-AFL: Fluorescence, WET Labs ECO-AFL/FL [mg/m^3]
# name 24 = upoly0: Upoly 0, ECO-FLNTUS
# name 25 = flag: flag
# span 0 =        113,        624       
# span 1 = 125.071969, 125.073447       
# span 2 =    0.00780,    0.04329       
# span 3 =     0.4679,     2.5978       
# span 4 =     28.072,    155.867       
# span 5 =      1.009,     49.468       
# span 6 =  41279.840,  51195.593       
# span 7 =    25.3649,    31.5305       
# span 8 =     3.7573,     4.2347       
# span 9 =      1.000,     49.000       
# span 10 =     3.7475,     4.2309      
# span 11 =    20.1186,    25.0502      
# span 12 =     6.3954,     7.6655      
# span 13 =     9.3283,    10.9490      
# span 14 =     84.293,    103.000      
# span 15 =    279.480,    334.144      
# span 16 =    285.617,    342.342      
# span 17 =   -0.00119,    0.02224      
# span 18 =    7.42733,    7.59611      
# span 19 =   10.61464,   11.08378      
# span 20 =  323.88157,  331.99228      
# span 21 =   16.62185,   17.39874      
# span 22 = 3.7490e-02, 1.1666e-01      
# span 23 =     1.3586,     3.8215      
# span 24 =  1.4137179,  2.2359358      
# span 25 = 0.0000e+00, 0.0000e+00      
# interval = meters: 1                  
# start_time = May 04 2012 01:43:10 [Instrument's time stamp, header]
# bad_flag = -9.990e-29
*END*
        113 125.071969    0.00780     0.4679     28.072      1.009  41279.840    25.3649     4.0127      1.000     4.0967    20.1186     6.3954     9.3283     84.293    279.480    285.617    0.00506    7.59611   11.08378  331.99228   17.39874 1.1666e-01     1.7636  1.4137179 0.0000e+00
        299 125.072507    0.02073     1.2436     74.616      2.019  48746.863    30.0372     4.2249      2.000     4.2309    23.8187     7.3781    10.5146     99.197    321.788    329.505    0.02224    7.44044   10.65137  324.51908   16.68313 4.9591e-02     3.5152  2.0631844 0.0000e+00
        323 125.072574    0.02234     1.3405     80.429      3.028  49428.021    30.4631     4.2347      3.000     4.2301    24.1569     7.4339    10.6148    100.088    324.167    331.997    0.01595    7.42733   10.61464  323.88157   16.62185 5.4176e-02     3.6246  2.1298741 0.0000e+00
        330 125.072595    0.02285     1.3707     82.240      4.037  49494.772    30.5039     4.2167      4.000     4.2094    24.1911     7.4031    10.5782     99.660    322.818    330.625    0.01015    7.42847   10.61636  323.92114   16.62366 5.3263e-02     3.8215  2.1237570 0.0000e+00
        337 125.072617    0.02336     1.4019     84.114      5.047  49596.099    30.5658     4.1875      5.000     4.1801    24.2430     7.3700    10.5333     99.180    321.352    329.144    0.00583    7.43094   10.61949  324.00974   16.62716 4.9007e-02     3.6624  2.0850090 0.0000e+00
        347 125.072645    0.02404     1.4422     86.533      6.057  49676.944    30.6143     4.1607      6.000     4.1576    24.2840     7.3300    10.4806     98.609    319.595    327.358    0.00203    7.43344   10.62295  324.10566   16.63137 4.4692e-02     3.4542  2.1199664 0.0000e+00
        354 125.072666    0.02454     1.4725     88.353      7.066  49697.152    30.6254     4.1516      7.000     4.1490    24.2938     7.3186    10.4702     98.442    319.098    326.850    0.00094    7.43450   10.62450  324.14936   16.63343 4.2397e-02     3.2696  2.0894860 0.0000e+00
        362 125.072687    0.02505     1.5031     90.186      8.075  49710.558    30.6327     4.1455      8.000     4.1435    24.3001     7.3462    10.5076     98.804    320.298    328.081    0.00170    7.43516   10.62558  324.17711   16.63487 4.0652e-02     3.3620  2.0555961 0.0000e+00
        368 125.072706    0.02550     1.5298     91.787      9.085  49724.280    30.6403     4.1404      9.000     4.1377    24.3067     7.3948    10.5739     99.451    322.416    330.251    0.00315    7.43560   10.62635  324.19451   16.63585 3.9434e-02     3.2320  2.0938578 0.0000e+00
        375 125.072724    0.02594     1.5565     93.389     10.094  49752.534    30.6570     4.1313     10.000     4.1255    24.3208     7.4659    10.6605    100.399    325.516    333.430    0.00522    7.43630   10.62751  324.22299   16.63726 3.8519e-02     3.1480  2.0420735 0.0000e+00
        381 125.072743    0.02639     1.5834     95.006     11.104  49845.399    30.7140     4.1065     11.000     4.0935    24.3683     7.5029    10.7175    100.876    327.110    335.079    0.00531    7.43769   10.62986  324.26746   16.63972 3.7891e-02     3.1024  2.0549068 0.0000e+00
        388 125.072762    0.02684     1.6104     96.627     12.114  49975.254    30.7928     4.0676     12.000     4.0585    24.4347     7.5282    10.7577    101.163    328.190    336.212    0.00475    7.44167   10.63430  324.41488   16.64484 3.7594e-02     3.2816  2.1632672 0.0000e+00
        395 125.072784    0.02737     1.6425     98.551     13.123  50043.249    30.8337     4.0462     13.000     4.0432    24.4691     7.5594    10.8033    101.559    329.541    337.606    0.00448    7.44339   10.63691  324.48037   16.64794 3.7505e-02     3.4748  2.2106365 0.0000e+00
        403 125.072807    0.02793     1.6753    100.518     14.133  50066.299    30.8476     4.0409     14.000     4.0395    24.4807     7.5898    10.8515    101.966    330.863    338.963    0.00428    7.44353   10.63731  324.48461   16.64828 3.7492e-02     3.4562  2.2359358 0.0000e+00
        411 125.072829    0.02846     1.7076    102.456     15.142  50099.804    30.8693     4.0383     15.000     4.0356    24.4982     7.6441    10.9172    102.709    333.221    341.383    0.00515    7.44246   10.63640  324.43321   16.64662 3.7490e-02     3.3914  2.1704879 0.0000e+00
        420 125.072857    0.02912     1.7470    104.820     16.152  50174.057    30.9147     4.0185     16.000     4.0086    24.5361     7.6655    10.9480    102.985    334.144    342.342    0.00408    7.44333   10.63828  324.45941   16.64859 3.7490e-02     3.4449  2.1280619 0.0000e+00
        428 125.072878    0.02963     1.7779    106.676     17.161  50261.741    30.9645     3.9786     17.000     3.9653    24.5795     7.6480    10.9356    102.677    333.363    341.558    0.00194    7.44857   10.64508  324.67241   16.65759 3.7490e-02     3.2786  2.1186591 0.0000e+00
        437 125.072904    0.03026     1.8157    108.940     18.170  50362.254    31.0200     3.9260     18.000     3.9142    24.6285     7.6606    10.9424    102.748    333.902    342.125    0.00142    7.45579   10.65479  324.97197   16.67070 3.7490e-02     3.1797  2.0111598 0.0000e+00
        445 125.072928    0.03082     1.8496    110.973     19.180  50454.570    31.0722     3.8836     19.000     3.8737    24.6740     7.6425    10.9239    102.430    333.095    341.314    0.00000    7.46125   10.66208  325.19491   16.68038 3.7490e-02     2.8439  2.0330763 0.0000e+00
        453 125.072952    0.03141     1.8843    113.056     20.190  50522.612    31.1123     3.8597     20.000     3.8565    24.7080     7.6370    10.9135    102.325    332.843    341.068   -0.00035    7.46344   10.66544  325.27925   16.68456 3.7490e-02     2.6728  1.9123299 0.0000e+00
        461 125.072975    0.03195     1.9168    115.007     21.199  50545.782    31.1266     3.8555     21.000     3.8538    24.7198     7.6296    10.9029    102.231    332.520    340.740   -0.00056    7.46312   10.66549  325.26233   16.68441 3.7490e-02     2.5062  1.9415148 0.0000e+00
        470 125.072999    0.03254     1.9524    117.145     22.209  50558.066    31.1341     3.8542     22.000     3.8527    24.7259     7.6179    10.8867    102.075    332.003    340.212   -0.00086    7.46294   10.66529  325.25252   16.68400 3.7490e-02     2.3745  1.9506847 0.0000e+00
        477 125.073020    0.03304     1.9825    118.951     23.219  50562.631    31.1366     3.8540     23.000     3.8526    24.7279     7.6048    10.8750    101.901    331.433    339.628   -0.00119    7.46288   10.66514  325.24966   16.68375 3.7490e-02     2.3766  1.9456087 0.0000e+00
        484 125.073042    0.03356     2.0140    120.840     24.228  50573.750    31.1436     3.8537     24.000     3.8520    24.7335     7.6232    10.8939    102.151    332.234    340.451   -0.00015    7.46265   10.66473  325.23820   16.68303 3.7490e-02     2.3065  1.9139339 0.0000e+00
        491 125.073061    0.03402     2.0411    122.464     25.237  50596.935    31.1587     3.8529     25.000     3.8511    24.7456     7.6378    10.9106    102.352    332.868    341.104    0.00044    7.46226   10.66385  325.21853   16.68151 3.7490e-02     2.2643  1.9325863 0.0000e+00
        497 125.073080    0.03447     2.0685    124.107     26.247  50652.659    31.1960     3.8525     26.000     3.8515    24.7753     7.6367    10.9115    102.362    332.809    341.054    0.00032    7.46048   10.66126  325.13026   16.67716 3.7490e-02     2.3131  1.9573847 0.0000e+00
        503 125.073097    0.03488     2.0929    125.572     27.257  50711.959    31.2366     3.8561     27.000     3.8563    24.8073     7.6308    10.9048    102.328    332.538    340.790    0.00009    7.45719   10.65741  324.97421   16.67092 3.7490e-02     2.0944  1.9487153 0.0000e+00
        509 125.073114    0.03530     2.1178    127.070     28.266  50737.629    31.2550     3.8621     28.000     3.8631    24.8213     7.6297    10.8977    102.336    332.490    340.743    0.00009    7.45559   10.65451  324.90174   16.66644 3.7490e-02     1.9375  1.9908612 0.0000e+00
        514 125.073129    0.03565     2.1389    128.331     29.276  50750.362    31.2652     3.8707     29.000     3.8731    24.8287     7.6062    10.8773    102.053    331.463    339.693   -0.00083    7.45318   10.65153  324.79380   16.66196 3.7490e-02     1.8892  2.0595064 0.0000e+00
        519 125.073143    0.03599     2.1596    129.574     30.285  50752.477    31.2683     3.8794     30.000     3.8799    24.8303     7.6071    10.8743    102.091    331.501    339.733   -0.00062    7.45130   10.64906  324.71227   16.65834 3.7490e-02     1.8487  2.0262166 0.0000e+00
        525 125.073160    0.03639     2.1831    130.988     31.295  50755.059    31.2709     3.8852     31.000     3.8846    24.8318     7.6106    10.8769    102.150    331.652    339.887   -0.00032    7.45038   10.64735  324.67237   16.65584 3.7490e-02     1.8910  2.0090762 0.0000e+00
        530 125.073174    0.03675     2.2048    132.291     32.305  50762.793    31.2766     3.8891     32.000     3.8896    24.8360     7.6099    10.8801    102.145    331.621    339.856   -0.00033    7.45001   10.64592  324.65525   16.65367 3.7490e-02     1.8079  2.0655037 0.0000e+00
        535 125.073189    0.03708     2.2249    133.493     33.315  50783.388    31.2921     3.8976     33.000     3.9011    24.8476     7.6219    10.8940    102.344    332.140    340.393    0.00028    7.44729   10.64259  324.53156   16.64861 3.7490e-02     1.7325  2.0809717 0.0000e+00
        540 125.073203    0.03744     2.2462    134.774     34.324  50795.847    31.3032     3.9108     34.000     3.9119    24.8552     7.6415    10.9122    102.660    332.990    341.268    0.00118    7.44345   10.63837  324.36196   16.64232 3.7490e-02     1.7280  2.0263257 0.0000e+00
        545 125.073218    0.03779     2.2673    136.037     35.333  50800.799    31.3077     3.9173     35.000     3.9168    24.8581     7.6368    10.9112    102.611    332.786    341.058    0.00080    7.44247   10.63635  324.31849   16.63934 3.7490e-02     1.7316  1.9989380 0.0000e+00
        550 125.073232    0.03813     2.2877    137.260     36.343  50805.372    31.3112     3.9214     36.000     3.9204    24.8605     7.6271    10.9045    102.492    332.362    340.625    0.00021    7.44159   10.63504  324.27949   16.63739 3.7490e-02     1.6871  2.0160531 0.0000e+00
        555 125.073247    0.03849     2.3096    138.574     37.353  50807.702    31.3130     3.9243     37.000     3.9225    24.8617     7.6341    10.9093    102.594    332.670    340.941    0.00044    7.44103   10.63416  324.25488   16.63610 3.7490e-02     1.6670  2.0134272 0.0000e+00
        561 125.073263    0.03886     2.3318    139.907     38.362  50810.406    31.3146     3.9254     38.000     3.9231    24.8629     7.6336    10.9125    102.591    332.647    340.917    0.00031    7.44081   10.63375  324.24549   16.63548 3.7490e-02     1.6727  1.9585453 0.0000e+00
        566 125.073279    0.03926     2.3554    141.323     39.372  50817.255    31.3187     3.9253     39.000     3.9226    24.8662     7.6439    10.9258    102.730    333.092    341.374    0.00060    7.44073   10.63348  324.24118   16.63501 3.7490e-02     1.6737  1.9714751 0.0000e+00
        572 125.073295    0.03963     2.3781    142.687     40.381  50834.004    31.3294     3.9242     40.000     3.9206    24.8747     7.6617    10.9441    102.978    333.868    342.173    0.00120    7.44017   10.63299  324.21366   16.63414 3.7490e-02     1.6623  1.9863258 0.0000e+00
        577 125.073310    0.04001     2.4005    144.031     41.391  50855.179    31.3423     3.9203     41.000     3.9155    24.8854     7.6635    10.9490    103.000    333.941    342.251    0.00097    7.44026   10.63308  324.21417   16.63406 3.7490e-02     1.7077  1.9888967 0.0000e+00
        582 125.073326    0.04038     2.4227    145.360     42.401  50880.888    31.3577     3.9137     42.000     3.9076    24.8983     7.6609    10.9466    102.960    333.826    342.137    0.00061    7.44070   10.63369  324.22978   16.63468 3.7490e-02     1.7278  1.9647470 0.0000e+00
        588 125.073341    0.04074     2.4443    146.658     43.411  50917.929    31.3800     3.9035     43.000     3.8960    24.9169     7.6542    10.9404    102.861    333.529    341.839    0.00013    7.44137   10.63474  324.25279   16.63583 3.7490e-02     1.6492  1.9400722 0.0000e+00
        593 125.073357    0.04113     2.4679    148.073     44.420  50967.093    31.4093     3.8883     44.000     3.8789    24.9417     7.6559    10.9390    102.866    333.594    341.914    0.00007    7.44264   10.63660  324.30048   16.63804 3.7490e-02     1.5633  1.9329133 0.0000e+00
        600 125.073376    0.04157     2.4938    149.627     45.430  51032.383    31.4479     3.8662     45.000     3.8553    24.9744     7.6492    10.9308    102.747    333.289    341.613   -0.00034    7.44466   10.63957  324.37687   16.64169 3.7490e-02     1.5664  1.9030889 0.0000e+00
        606 125.073393    0.04199     2.5193    151.160     46.439  51091.530    31.4814     3.8406     46.000     3.8283    25.0034     7.6403    10.9204    102.590    332.894    341.218   -0.00080    7.44747   10.64382  324.48955   16.64728 3.7490e-02     1.6155  1.9184677 0.0000e+00
        611 125.073408    0.04236     2.5414    152.485     47.449  51131.315    31.5016     3.8143     47.000     3.8010    25.0220     7.6384    10.9162    102.506    332.801    341.129   -0.00094    7.45162   10.64922  324.66517   16.65475 3.7490e-02     1.4221  1.9434146 0.0000e+00
        617 125.073426    0.04278     2.5668    154.010     48.458  51168.519    31.5193     3.7850     48.000     3.7741    25.0388     7.6332    10.9114    102.370    332.567    340.894   -0.00119    7.45640   10.65557  324.86779   16.66363 3.7490e-02     1.3763  1.9132762 0.0000e+00
        624 125.073447    0.04329     2.5978    155.867     49.468  51195.593    31.5305     3.7573     49.000     3.7475    25.0502     7.6401    10.9170    102.400    332.869    341.208   -0.00084    7.46109   10.66202  325.06906   16.67276 3.7490e-02     1.3586  1.9162316 0.0000e+00
