CTD-processing/allCTD/CNV/2012_08-15_t4_s08_cast130_4141.cnv
* Sea-Bird SBE19plus Data File:
* FileName = C:\Documents and Settings\kris.holderied.local\My Documents\2012-08-15-CTD-KBay-Transect4\2012-08-15-CookInlet-Tran4-cast130.hex
* Software Version 1.54
* Temperature SN =  4141
* Conductivity SN =  4141
* System UpLoad Time = Aug 23 2012 23:17:08
** Cook Inlet LTM Transect 4 Barabara Pt to Bluff Pt
** Date:  2012-08-15
** Station:  4-08
** Start time (AKDT-24 hr): 1543
** Depth (m): 31
** Comment:
# nquan = 27
# nvalues = 31                          
# units = specified
# name 0 = scan: Scan Count
# name 1 = timeJ: Julian Days
# name 2 = timeH: Time, Elapsed [hours]
# name 3 = timeM: Time, Elapsed [minutes]
# name 4 = timeS: Time, Elapsed [seconds]
# name 5 = prdM: Pressure, Strain Gauge [db]
# name 6 = specc: Specific Conductance [uS/cm]
# name 7 = sal00: Salinity, Practical [PSU]
# name 8 = tv290C: Temperature [ITS-90, deg C]
# name 9 = depSM: Depth [salt water, m], lat = 59.00
# name 10 = potemp090C: Potential Temperature [ITS-90, deg C]
# name 11 = sigma-é00: Density [sigma-theta, kg/m^3]
# name 12 = sbeox0ML/L: Oxygen, SBE 43 [ml/l]
# name 13 = sbeox0Mg/L: Oxygen, SBE 43 [mg/l]
# name 14 = sbeox0PS: Oxygen, SBE 43 [% saturation]
# name 15 = sbox0Mm/Kg: Oxygen, SBE 43 [umol/kg]
# name 16 = sbeox0Mm/L: Oxygen, SBE 43 [umol/l]
# name 17 = sbox0dV/dT: Oxygen, SBE 43 [dov/dt]
# name 18 = oxsolML/L: Oxygen Saturation, Garcia & Gordon [ml/l]
# name 19 = oxsolMg/L: Oxygen Saturation, Garcia & Gordon [mg/l]
# name 20 = oxsolMm/Kg: Oxygen Saturation, Garcia & Gordon [umol/kg]
# name 21 = n2satMg/L: Nitrogen Saturation [mg/l]
# name 22 = par: PAR/Irradiance, Biospherical/Licor
# name 23 = wetStar: Fluorescence, WET Labs WETstar [mg/m^3]
# name 24 = CStarAt0: Beam Attenuation, WET Labs C-Star [1/m]
# name 25 = CStarTr0: Beam Transmission, WET Labs C-Star [%]
# name 26 = flag: flag
# span 0 =         96,        363       
# span 1 = 228.657046, 228.657819       
# span 2 =    0.00660,    0.02515       
# span 3 =     0.3962,     1.5087       
# span 4 =     23.770,     90.521       
# span 5 =      1.004,     31.245       
# span 6 =  45067.155,  49267.558       
# span 7 =    28.6222,    31.1861       
# span 8 =     8.9463,    12.2939       
# span 9 =      1.000,     31.000       
# span 10 =     8.9443,    12.3114      
# span 11 =    21.5912,    24.1421      
# span 12 =     5.4366,     8.6228      
# span 13 =     7.7694,    12.3229      
# span 14 =     82.199,    132.881      
# span 15 =    237.081,    376.160      
# span 16 =    242.798,    385.098      
# span 17 =   -0.30333,    0.11094      
# span 18 =    6.22743,    6.62344      
# span 19 =    8.89962,    9.46555      
# span 20 =  272.06563,  288.82965      
# span 21 =   14.15254,   14.94799      
# span 22 = 5.2688e-01, 3.0216e+02      
# span 23 =     0.6057,    10.7623      
# span 24 =     0.5652,     1.2972      
# span 25 =    73.4127,    86.8236      
# span 26 = 0.0000e+00, 0.0000e+00      
# interval = meters: 1                  
# start_time = Aug 15 2012 15:45:45 [Instrument's time stamp, header]
# bad_flag = -9.990e-29
*END*
         96 228.657046    0.00660     0.3962     23.770      1.004  45067.155    28.6222    12.2776      1.000    12.3114    21.5912     5.9308     8.4758     94.734    259.270    264.872    0.03858    6.26278    8.95014  273.78441   14.23831 3.0216e+02     0.6281     1.2972    73.4127 0.0000e+00
        264 228.657531    0.01825     1.0950     65.701      2.021  46264.881    29.4671    12.2939      2.000    12.1789    22.2426     7.4862    10.6985    120.230    327.053    334.332    0.11094    6.22743    8.89962  272.06563   14.15254 2.5999e+02     1.2277     0.7517    83.0267 0.0000e+00
        283 228.657587    0.01958     1.1751     70.506      3.033  46516.315    29.6221    12.0544      3.000    11.9612    22.4063     7.5500    10.7896    120.744    329.793    337.183    0.05107    6.25291    8.93603  273.13498   14.20319 1.8419e+02     1.2241     0.7452    83.0039 0.0000e+00
        287 228.657597    0.01983     1.1900     71.398      4.040  46469.554    29.5696    11.8536      4.000    11.5726    22.4017     7.6181    10.8871    121.275    332.773    340.227    0.03763    6.28171    8.97719  274.39406   14.26374 1.4455e+02     1.3359     0.7619    82.6569 0.0000e+00
        290 228.657607    0.02007     1.2043     72.256      5.046  47166.723    30.0006    11.2539      5.000    10.7487    22.8418     7.6596    10.9464    120.713    334.440    342.080    0.02446    6.34540    9.06821  277.05703   14.38958 1.1426e+02     1.6550     0.8051    81.7702 0.0000e+00
        294 228.657618    0.02032     1.2189     73.137      6.059  48202.831    30.6433    10.4624      6.000    10.2251    23.4763     7.6703    10.9616    119.316    334.697    342.554   -0.00100    6.42845    9.18690  280.50941   14.55227 9.3186e+01     2.0275     0.7751    82.3909 0.0000e+00
        297 228.657626    0.02054     1.2322     73.933      7.076  48538.115    30.8439    10.1657      7.000    10.0902    23.6817     7.9777    11.4009    123.456    348.042    356.284    0.02931    6.46182    9.23460  281.90910   14.61845 7.6865e+01     2.6712     0.6520    84.9664 0.0000e+00
        299 228.657634    0.02071     1.2430     74.579      8.073  48631.559    30.8979    10.0717      8.000    10.0343    23.7392     8.3388    11.9170    128.827    363.775    372.411    0.08063    6.47285    9.25035  282.37417   14.64048 6.3562e+01     2.7368     0.5919    86.2467 0.0000e+00
        302 228.657642    0.02089     1.2535     75.213      9.086  48656.102    30.9092    10.0269      9.000     9.9733    23.7553     8.5667    12.2426    132.227    373.710    382.588    0.10504    6.47872    9.25874  282.62578   14.65247 5.2697e+01     2.7258     0.5886    86.3171 0.0000e+00
        304 228.657649    0.02106     1.2639     75.834     10.096  48656.556    30.9002     9.9561     10.000     9.8768    23.7598     8.6228    12.3229    132.881    376.160    385.098    0.09242    6.48915    9.27365  283.07947   14.67421 4.3711e+01     2.6777     0.5735    86.6418 0.0000e+00
        307 228.657656    0.02124     1.2743     76.457     11.102  48743.376    30.9496     9.8654     11.000     9.8189    23.8130     8.6049    12.2972    132.383    375.355    384.293    0.06590    6.50000    9.28917  283.53863   14.69597 3.6165e+01     2.8742     0.5774    86.5575 0.0000e+00
        309 228.657663    0.02142     1.2851     77.109     12.114  48786.392    30.9723     9.8087     12.000     9.7343    23.8398     8.5893    12.2749    131.997    374.664    383.596    0.04406    6.50716    9.29938  283.84292   14.71044 2.9748e+01     2.9810     0.6014    86.0409 0.0000e+00
        312 228.657671    0.02160     1.2960     77.762     13.121  48731.831    30.9185     9.6928     13.000     9.5340    23.8164     8.5812    12.2634    131.492    374.320    383.235    0.02980    6.52602    9.32634  284.67226   14.75032 2.4604e+01     3.3412     0.5652    86.8236 0.0000e+00
        315 228.657679    0.02179     1.3074     78.445     14.131  48865.651    30.9841     9.4784     14.000     9.3415    23.9015     8.4922    12.1362    129.570    370.408    379.261    0.00655    6.55421    9.36662  285.87810   14.80772 1.8865e+01     3.6018     0.6575    84.8679 0.0000e+00
        318 228.657687    0.02198     1.3192     79.150     15.147  48988.330    31.0451     9.2927     15.000     9.1720    23.9782     8.2549    11.7973    125.482    360.034    368.667   -0.03198    6.57860    9.40147  286.92037   14.85729 1.2404e+01     3.5407     0.9033    79.7776 0.0000e+00
        320 228.657694    0.02216     1.3298     79.790     16.153  49060.559    31.0748     9.1414     16.000     9.0576    24.0247     7.6577    10.9436    116.037    333.969    341.992   -0.10483    6.59947    9.43129  287.81726   14.90005 9.8945e+00     4.6476     0.7237    83.4577 0.0000e+00
        323 228.657702    0.02234     1.3405     80.429     17.153  49173.430    31.1419     9.0566     17.000     9.0304    24.0902     6.7544     9.6527    102.203    294.556    301.652   -0.21466    6.60907    9.44502  288.21778   14.91892 8.2875e+00    10.7623     0.6522    84.9587 0.0000e+00
        326 228.657710    0.02254     1.3526     81.158     18.177  49208.031    31.1617     9.0276     18.000     9.0204    24.1101     5.8985     8.4295     89.203    257.225    263.427   -0.30140    6.61248    9.44989  288.36078   14.92567 6.8053e+00     8.5833     0.6504    84.9931 0.0000e+00
        328 228.657718    0.02273     1.3637     81.824     19.186  49211.980    31.1631     9.0212     19.000     9.0158    24.1123     5.4995     7.8594     83.158    239.827    245.610   -0.30333    6.61336    9.45114  288.39850   14.92747 5.5346e+00     4.4508     0.6534    84.9294 0.0000e+00
        331 228.657725    0.02290     1.3740     82.443     20.185  49215.100    31.1643     9.0167     20.000     9.0113    24.1139     5.4366     7.7694     82.199    237.081    242.798   -0.25142    6.61397    9.45203  288.42497   14.92873 4.5494e+00     1.9269     0.6525    84.9480 0.0000e+00
        333 228.657732    0.02309     1.3852     83.112     21.197  49218.913    31.1660     9.0126     21.000     9.0087    24.1158     5.4888     7.8440     82.982    239.358    245.131   -0.18428    6.61451    9.45278  288.44748   14.92979 3.7071e+00     0.9973     0.6530    84.9369 0.0000e+00
        336 228.657741    0.02327     1.3966     83.794     22.213  49217.015    31.1637     9.0097     22.000     9.0030    24.1145     5.5805     7.9750     84.361    243.355    249.223   -0.12543    6.61503    9.45354  288.47090   14.93093 3.0164e+00     0.8835     0.6559    84.8766 0.0000e+00
        339 228.657748    0.02345     1.4074     84.443     23.217  49221.982    31.1661     9.0044     23.000     8.9989    24.1172     5.6474     8.0707     85.364    246.274    252.213   -0.08592    6.61571    9.45452  288.50001   14.93231 2.4707e+00     0.8425     0.6533    84.9317 0.0000e+00
        341 228.657756    0.02364     1.4184     85.102     24.224  49224.090    31.1665     9.0005     24.000     8.9952    24.1181     5.6933     8.1363     86.050    248.275    254.264   -0.05759    6.61627    9.45531  288.52391   14.93345 2.0108e+00     0.7257     0.6537    84.9240 0.0000e+00
        344 228.657763    0.02383     1.4298     85.788     25.242  49224.721    31.1660     8.9966     25.000     8.9888    24.1183     5.7226     8.1783     86.486    249.554    255.573   -0.03906    6.61686    9.45616  288.54985   14.93469 1.6354e+00     0.8385     0.6511    84.9774 0.0000e+00
        347 228.657771    0.02401     1.4406     86.433     26.250  49228.470    31.1672     8.9895     26.000     8.9785    24.1203     5.7535     8.2223     86.939    250.899    256.950   -0.02560    6.61786    9.45759  288.59274   14.93674 1.3185e+00     0.6806     0.6907    84.1411 0.0000e+00
        349 228.657779    0.02418     1.4508     87.049     27.246  49232.335    31.1679     8.9785     27.000     8.9654    24.1226     5.7663     8.2406     87.111    251.457    257.523   -0.01747    6.61945    9.45986  288.66128   14.94000 1.0923e+00     0.7108     0.6632    84.7205 0.0000e+00
        352 228.657787    0.02439     1.4630     87.781     28.272  49247.580    31.1764     8.9658     28.000     8.9595    24.1312     5.7827     8.2640     87.339    252.169    258.253   -0.01097    6.62097    9.46202  288.72506   14.94302 9.0273e-01     0.6197     0.6532    84.9345 0.0000e+00
        355 228.657795    0.02457     1.4744     88.465     29.270  49247.731    31.1753     8.9603     29.000     8.9512    24.1312     5.7951     8.2818     87.515    252.712    258.810   -0.00673    6.62183    9.46326  288.76281   14.94483 7.3963e-01     0.6441     0.6507    84.9858 0.0000e+00
        358 228.657805    0.02480     1.4883     89.301     30.272  49257.478    31.1805     8.9517     30.000     8.9461    24.1366     5.8100     8.3030     87.726    253.359    259.475   -0.00283    6.62287    9.46473  288.80634   14.94689 6.2161e-01     0.6239     0.6488    85.0277 0.0000e+00
        363 228.657819    0.02515     1.5087     90.521     31.245  49267.558    31.1861     8.9463     31.000     8.9443    24.1421     5.8307     8.3326     88.031    254.258    260.397    0.00127    6.62344    9.46555  288.82965   14.94799 5.2688e-01     0.6057     0.6317    85.3932 0.0000e+00
