CTD-processing/allCTD/CNV/2012_06-05b_t4_s03b_cast106_5028.cnv
* Sea-Bird SBE19plus Data File:
* FileName = C:\Documents and Settings\glenn.seaman\My Documents\KHolderied-files\CTD-DATA-FILES\2012-CTD-KachemakBay\2012-06-05b-CTD-Tran4-Barabara-to-BluffPt\2012-06-05b-Tran4-Barabara-cast106.hex
* Software Version 1.59
* Temperature SN =  5028
* Conductivity SN =  5028
* System UpLoad Time = Jun 26 2012 23:46:34
** LTM-Transect4-BarabaraPt-to-BluffPt
** Date: 2012-06-05 High tide (2 of 2 lines)
** Station: 4-03b
** Start time (AKDT-24hr): 1555
** Depth (ft): 371
** Wind increasing from west. 1-2 ft seas.
# nquan = 26
# nvalues = 109                         
# units = specified
# name 0 = scan: Scan Count
# name 1 = timeJ: Julian Days
# name 2 = timeH: Time, Elapsed [hours]
# name 3 = timeM: Time, Elapsed [minutes]
# name 4 = timeS: Time, Elapsed [seconds]
# name 5 = prdM: Pressure, Strain Gauge [db]
# name 6 = specc: Specific Conductance [uS/cm]
# name 7 = sal00: Salinity, Practical [PSU]
# name 8 = tv290C: Temperature [ITS-90, deg C]
# name 9 = depSM: Depth [salt water, m], lat = 59.00
# name 10 = potemp090C: Potential Temperature [ITS-90, deg C]
# name 11 = sigma-é00: Density [sigma-theta, kg/m^3]
# name 12 = sbeox0ML/L: Oxygen, SBE 43 [ml/l]
# name 13 = sbeox0Mg/L: Oxygen, SBE 43 [mg/l]
# name 14 = sbeox0PS: Oxygen, SBE 43 [% saturation]
# name 15 = sbox0Mm/Kg: Oxygen, SBE 43 [umol/kg]
# name 16 = sbeox0Mm/L: Oxygen, SBE 43 [umol/l]
# name 17 = sbox0dV/dT: Oxygen, SBE 43 [dov/dt]
# name 18 = oxsolML/L: Oxygen Saturation, Garcia & Gordon [ml/l]
# name 19 = oxsolMg/L: Oxygen Saturation, Garcia & Gordon [mg/l]
# name 20 = oxsolMm/Kg: Oxygen Saturation, Garcia & Gordon [umol/kg]
# name 21 = n2satMg/L: Nitrogen Saturation [mg/l]
# name 22 = par: PAR/Irradiance, Biospherical/Licor [umol photons/m^2/sec]
# name 23 = flECO-AFL: Fluorescence, WET Labs ECO-AFL/FL [mg/m^3]
# name 24 = upoly0: Upoly 0, ECO-FLNTUS
# name 25 = flag: flag
# span 0 =        262,        718       
# span 1 = 157.664980, 157.666300       
# span 2 =    0.01812,    0.04981       
# span 3 =     1.0873,     2.9886       
# span 4 =     65.236,    179.317       
# span 5 =      1.009,    110.058       
# span 6 =  46478.708,  51156.429       
# span 7 =    29.1695,    31.7591       
# span 8 =     4.9550,     6.9565       
# span 9 =      1.000,    109.000       
# span 10 =     4.9468,     6.9177      
# span 11 =    22.8401,    25.1069      
# span 12 =     6.6062,     7.9661      
# span 13 =     9.5248,    11.3655      
# span 14 =     95.090,    113.331      
# span 15 =    288.071,    347.120      
# span 16 =    295.032,    355.767      
# span 17 =   -0.01534,    0.00687      
# span 18 =    6.93691,    7.23659      
# span 19 =    9.91451,   10.34174      
# span 20 =  302.29632,  315.27109      
# span 21 =   15.58859,   16.20658      
# span 22 = 4.3877e-02, 7.5092e+02      
# span 23 =     0.4237,    11.3344      
# span 24 =  0.6023720,  1.4686301      
# span 25 = 0.0000e+00, 0.0000e+00      
# interval = meters: 1                  
# start_time = Jun 05 2012 15:56:29 [Instrument's time stamp, header]
# bad_flag = -9.990e-29
*END*
[from data line 56]
        560 157.665843    0.03885     2.3308    139.851     57.545  51076.685    31.7416     5.0440     57.000     5.0335    25.0885     7.3836    10.5591    102.236    321.683    329.754   -0.00695    7.22218   10.32037  314.64833   16.17584 4.6395e-02     0.6046  1.1415921 0.0000e+00
        563 157.665852    0.03906     2.3433    140.601     58.556  51083.341    31.7437     5.0352     58.000     5.0264    25.0912     7.3845    10.5566    102.229    321.718    329.791   -0.00617    7.22348   10.32240  314.70426   16.17874 4.6147e-02     0.6007  1.1651372 0.0000e+00
        566 157.665860    0.03927     2.3561    141.365     59.565  51087.840    31.7449     5.0285     59.000     5.0209    25.0928     7.3840    10.5559    102.209    321.699    329.771   -0.00542    7.22444   10.32395  314.74549   16.18096 4.5945e-02     0.5973  1.1877663 0.0000e+00
        569 157.665869    0.03947     2.3684    142.104     60.575  51091.579    31.7460     5.0239     60.000     5.0171    25.0942     7.3853    10.5577    102.220    321.754    329.829   -0.00479    7.22495   10.32502  314.76720   16.18249 4.5755e-02     0.5918  1.1940969 0.0000e+00
        572 157.665878    0.03968     2.3808    142.849     61.584  51092.526    31.7454     5.0202     61.000     5.0125    25.0941     7.3918    10.5629    102.302    322.034    330.114   -0.00396    7.22537   10.32598  314.78591   16.18389 4.5605e-02     0.6032  1.2210396 0.0000e+00
        575 157.665886    0.03988     2.3931    143.585     62.595  51094.311    31.7450     5.0152     62.000     5.0071    25.0944     7.3975    10.5676    102.367    322.284    330.370   -0.00326    7.22643   10.32723  314.83212   16.18570 4.5467e-02     0.5985  1.2331212 0.0000e+00
        578 157.665895    0.04009     2.4053    144.320     63.604  51097.939    31.7459     5.0102     63.000     5.0028    25.0956     7.3966    10.5679    102.341    322.244    330.331   -0.00296    7.22741   10.32843  314.87396   16.18741 4.5338e-02     0.5955  1.2479417 0.0000e+00
        581 157.665904    0.04031     2.4183    145.096     64.614  51101.086    31.7467     5.0061     64.000     4.9992    25.0967     7.3927    10.5658    102.280    322.074    330.157   -0.00283    7.22794   10.32938  314.89634   16.18878 4.5232e-02     0.6076  1.2731594 0.0000e+00
        584 157.665913    0.04052     2.4310    145.860     65.624  51102.225    31.7461     5.0025     65.000     4.9949    25.0967     7.3917    10.5650    102.257    322.031    330.112   -0.00258    7.22848   10.33029  314.92073   16.19010 4.5138e-02     0.6206  1.2858785 0.0000e+00
        587 157.665921    0.04073     2.4436    146.616     66.633  51105.109    31.7467     4.9984     66.000     4.9911    25.0976     7.3940    10.5661    102.279    322.129    330.214   -0.00223    7.22921   10.33128  314.95199   16.19152 4.5082e-02     0.5599  1.2569514 0.0000e+00
        591 157.665931    0.04094     2.4565    147.393     67.643  51106.902    31.7467     4.9947     67.000     4.9868    25.0980     7.3961    10.5666    102.301    322.220    330.307   -0.00191    7.22967   10.33221  314.97207   16.19287 4.5062e-02     0.5544  1.2541124 0.0000e+00
        594 157.665939    0.04115     2.4691    148.147     68.653  51108.285    31.7461     4.9899     68.000     4.9810    25.0980     7.3949    10.5643    102.272    322.169    330.254   -0.00178    7.23057   10.33342  315.01146   16.19463 4.5055e-02     0.5488  1.2509625 0.0000e+00
        597 157.665948    0.04136     2.4816    148.898     69.663  51111.682    31.7466     4.9839     69.000     4.9750    25.0991     7.3888    10.5583    102.170    321.903    329.982   -0.00193    7.23184   10.33487  315.06654   16.19671 4.5006e-02     0.5549  1.2665841 0.0000e+00
        600 157.665957    0.04157     2.4943    149.656     70.673  51116.356    31.7481     4.9782     70.000     4.9703    25.1009     7.3830    10.5519    102.074    321.650    329.724   -0.00206    7.23296   10.33618  315.11456   16.19858 4.4943e-02     0.5730  1.3073148 0.0000e+00
        603 157.665965    0.04178     2.5068    150.408     71.682  51120.443    31.7495     4.9742     71.000     4.9673    25.1024     7.3793    10.5465    102.015    321.489    329.559   -0.00203    7.23357   10.33706  315.14028   16.19983 4.4872e-02     0.5763  1.3492633 0.0000e+00
        606 157.665974    0.04199     2.5194    151.165     72.692  51123.318    31.7505     4.9718     72.000     4.9656    25.1035     7.3751    10.5415    101.952    321.305    329.371   -0.00201    7.23386   10.33760  315.15233   16.20059 4.4809e-02     0.5730  1.3806315 0.0000e+00
        609 157.665983    0.04220     2.5323    151.938     73.702  51125.235    31.7510     4.9704     73.000     4.9647    25.1041     7.3709    10.5374    101.892    321.120    329.182   -0.00200    7.23396   10.33789  315.15675   16.20101 4.4761e-02     0.5592  1.4064231 0.0000e+00
        612 157.665992    0.04242     2.5450    152.701     74.712  51126.216    31.7511     4.9697     74.000     4.9639    25.1042     7.3709    10.5370    101.893    321.125    329.186   -0.00180    7.23397   10.33806  315.15752   16.20125 4.4721e-02     0.5347  1.3765840 0.0000e+00
        615 157.666000    0.04263     2.5576    153.457     75.722  51127.133    31.7510     4.9690     75.000     4.9630    25.1042     7.3749    10.5397    101.946    321.297    329.362   -0.00145    7.23410   10.33826  315.16312   16.20153 4.4679e-02     0.4970  1.3418534 0.0000e+00
        618 157.666010    0.04284     2.5705    154.227     76.731  51128.421    31.7512     4.9681     76.000     4.9621    25.1045     7.3797    10.5428    102.010    321.507    329.578   -0.00108    7.23427   10.33846  315.17040   16.20183 4.4635e-02     0.4734  1.3373954 0.0000e+00
        621 157.666019    0.04306     2.5833    154.997     77.741  51129.510    31.7513     4.9674     77.000     4.9613    25.1046     7.3783    10.5420    101.990    321.448    329.517   -0.00102    7.23440   10.33864  315.17605   16.20208 4.4588e-02     0.5226  1.3386535 0.0000e+00
        624 157.666027    0.04326     2.5959    155.752     78.751  51130.597    31.7514     4.9668     78.000     4.9608    25.1048     7.3746    10.5391    101.936    321.284    329.349   -0.00112    7.23452   10.33878  315.18119   16.20228 4.4556e-02     0.5445  1.3598551 0.0000e+00
        627 157.666036    0.04347     2.6086    156.517     79.761  51131.678    31.7516     4.9665     79.000     4.9606    25.1050     7.3730    10.5366    101.914    321.214    329.278   -0.00109    7.23455   10.33884  315.18220   16.20237 4.4529e-02     0.5416  1.3714193 0.0000e+00
        630 157.666045    0.04369     2.6211    157.269     80.771  51132.346    31.7515     4.9664     80.000     4.9604    25.1050     7.3711    10.5342    101.888    321.133    329.195   -0.00108    7.23453   10.33887  315.18155   16.20241 4.4490e-02     0.5289  1.3819011 0.0000e+00
        633 157.666053    0.04389     2.6334    158.002     81.780  51133.051    31.7515     4.9663     81.000     4.9602    25.1049     7.3695    10.5319    101.866    321.063    329.124   -0.00106    7.23457   10.33891  315.18318   16.20247 4.4455e-02     0.5233  1.3945474 0.0000e+00
        636 157.666062    0.04410     2.6460    158.757     82.790  51133.905    31.7516     4.9661     82.000     4.9601    25.1050     7.3682    10.5297    101.846    321.003    329.062   -0.00103    7.23458   10.33893  315.18365   16.20250 4.4429e-02     0.5446  1.3815894 0.0000e+00
        639 157.666071    0.04431     2.6586    159.515     83.800  51134.557    31.7515     4.9661     83.000     4.9599    25.1050     7.3657    10.5270    101.813    320.897    328.953   -0.00104    7.23459   10.33894  315.18386   16.20252 4.4394e-02     0.5656  1.3621530 0.0000e+00
        642 157.666079    0.04451     2.6709    160.252     84.810  51135.396    31.7515     4.9659     84.000     4.9597    25.1050     7.3635    10.5248    101.781    320.798    328.852   -0.00107    7.23464   10.33898  315.18636   16.20257 4.4365e-02     0.6331  1.3683576 0.0000e+00
        645 157.666088    0.04472     2.6833    160.999     85.820  51136.465    31.7518     4.9659     85.000     4.9598    25.1052     7.3627    10.5241    101.769    320.764    328.817   -0.00102    7.23468   10.33898  315.18797   16.20256 4.4337e-02     0.6517  1.3780622 0.0000e+00
        648 157.666097    0.04493     2.6958    161.745     86.829  51137.433    31.7520     4.9662     86.000     4.9604    25.1054     7.3628    10.5248    101.772    320.769    328.822   -0.00092    7.23460   10.33888  315.18420   16.20241 4.4312e-02     0.6009  1.3832722 0.0000e+00
        651 157.666105    0.04514     2.7082    162.489     87.840  51137.968    31.7521     4.9670     87.000     4.9611    25.1054     7.3657    10.5278    101.814    320.894    328.950   -0.00074    7.23441   10.33870  315.17570   16.20215 4.4294e-02     0.5569  1.4004843 0.0000e+00
        654 157.666114    0.04535     2.7210    163.258     88.849  51138.192    31.7519     4.9677     88.000     4.9616    25.1051     7.3720    10.5330    101.904    321.170    329.233   -0.00039    7.23425   10.33853  315.16936   16.20192 4.4270e-02     0.5296  1.3859163 0.0000e+00
        657 157.666123    0.04556     2.7336    164.019     89.859  51138.454    31.7517     4.9682     89.000     4.9618    25.1049     7.3754    10.5358    101.953    321.317    329.384   -0.00020    7.23413   10.33841  315.16391   16.20175 4.4246e-02     0.5157  1.3582064 0.0000e+00
        660 157.666131    0.04577     2.7462    164.771     90.870  51138.719    31.7514     4.9683     90.000     4.9616    25.1047     7.3725    10.5342    101.914    321.194    329.257   -0.00033    7.23410   10.33840  315.16295   16.20173 4.4231e-02     0.5182  1.3599962 0.0000e+00
        663 157.666140    0.04598     2.7589    165.536     91.879  51139.283    31.7512     4.9680     91.000     4.9608    25.1046     7.3678    10.5308    101.848    320.991    329.049   -0.00055    7.23418   10.33850  315.16637   16.20188 4.4206e-02     0.5359  1.3757664 0.0000e+00
        666 157.666150    0.04619     2.7716    166.297     92.889  51140.197    31.7512     4.9672     92.000     4.9597    25.1046     7.3674    10.5296    101.840    320.972    329.031   -0.00056    7.23433   10.33871  315.17265   16.20218 4.4172e-02     0.5537  1.3648327 0.0000e+00
        669 157.666158    0.04641     2.7843    167.055     93.899  51141.243    31.7511     4.9659     93.000     4.9579    25.1047     7.3686    10.5292    101.854    321.024    329.083   -0.00048    7.23453   10.33901  315.18169   16.20262 4.4138e-02     0.5500  1.3633917 0.0000e+00
        672 157.666167    0.04662     2.7971    167.824     94.909  51142.715    31.7512     4.9640     94.000     4.9558    25.1051     7.3679    10.5276    101.837    320.990    329.048   -0.00051    7.23497   10.33947  315.20057   16.20329 4.4105e-02     0.5303  1.3708422 0.0000e+00
        675 157.666176    0.04683     2.8094    168.563     95.919  51145.051    31.7519     4.9620     95.000     4.9542    25.1058     7.3645    10.5242    101.783    320.842    328.896   -0.00066    7.23544   10.33992  315.22079   16.20393 4.4074e-02     0.5186  1.3975082 0.0000e+00
        678 157.666184    0.04702     2.8215    169.287     96.929  51147.333    31.7527     4.9609     96.000     4.9537    25.1066     7.3605    10.5205    101.727    320.670    328.721   -0.00082    7.23558   10.34013  315.22656   16.20422 4.4061e-02     0.5154  1.4387351 0.0000e+00
        681 157.666192    0.04723     2.8336    170.019     97.939  51148.453    31.7529     4.9608     97.000     4.9538    25.1068     7.3594    10.5184    101.712    320.619    328.669   -0.00082    7.23550   10.34015  315.22302   16.20424 4.4034e-02     0.5077  1.4661735 0.0000e+00
        684 157.666201    0.04742     2.8455    170.731     98.948  51149.174    31.7530     4.9609     98.000     4.9538    25.1068     7.3600    10.5176    101.722    320.649    328.700   -0.00072    7.23545   10.34013  315.22085   16.20421 4.4004e-02     0.4849  1.4571161 0.0000e+00
        687 157.666209    0.04762     2.8574    171.444     99.959  51149.966    31.7531     4.9611     99.000     4.9541    25.1069     7.3574    10.5155    101.686    320.534    328.581   -0.00078    7.23540   10.34007  315.21872   16.20413 4.3974e-02     0.4749  1.4404765 0.0000e+00
        690 157.666217    0.04783     2.8694    172.163    100.968  51150.570    31.7530     4.9614    100.000     4.9544    25.1068     7.3554    10.5141    101.660    320.447    328.492   -0.00083    7.23531   10.33999  315.21513   16.20401 4.3950e-02     0.5054  1.4193930 0.0000e+00
        692 157.666225    0.04802     2.8812    172.874    101.978  51151.091    31.7530     4.9617    101.000     4.9545    25.1068     7.3566    10.5148    101.678    320.500    328.547   -0.00072    7.23524   10.33992  315.21156   16.20390 4.3933e-02     0.5536  1.3994413 0.0000e+00
        695 157.666234    0.04822     2.8931    173.585    102.988  51151.454    31.7528     4.9620    102.000     4.9546    25.1066     7.3594    10.5170    101.717    320.621    328.671   -0.00054    7.23515   10.33986  315.20792   16.20382 4.3922e-02     0.5464  1.4077814 0.0000e+00
        698 157.666242    0.04841     2.9051    174.303    103.998  51151.725    31.7525     4.9621    103.000     4.9542    25.1064     7.3615    10.5189    101.747    320.712    328.764   -0.00042    7.23512   10.33988  315.20663   16.20385 4.3899e-02     0.5191  1.4062202 0.0000e+00
        701 157.666250    0.04861     2.9168    175.011    105.009  51152.168    31.7522     4.9615    104.000     4.9533    25.1062     7.3624    10.5197    101.758    320.753    328.806   -0.00037    7.23520   10.34003  315.21022   16.20407 4.3877e-02     0.5045  1.4061835 0.0000e+00
        704 157.666259    0.04882     2.9290    175.739    106.018  51152.606    31.7517     4.9604    105.000     4.9515    25.1059     7.3609    10.5187    101.734    320.688    328.739   -0.00044    7.23547   10.34034  315.22233   16.20453 4.3901e-02     0.5131  1.4172215 0.0000e+00
        707 157.666267    0.04903     2.9414    176.485    107.028  51153.831    31.7517     4.9586    106.000     4.9497    25.1061     7.3592    10.5171    101.704    320.614    328.662   -0.00054    7.23595   10.34080  315.24289   16.20519 4.3966e-02     0.5498  1.4283597 0.0000e+00
        710 157.666276    0.04924     2.9542    177.251    108.038  51155.797    31.7522     4.9570    107.000     4.9486    25.1067     7.3584    10.5158    101.688    320.578    328.626   -0.00056    7.23623   10.34115  315.25500   16.20570 4.4052e-02     0.4986  1.4427435 0.0000e+00
        713 157.666286    0.04948     2.9686    178.117    109.048  51156.429    31.7519     4.9562    108.000     4.9478    25.1066     7.3568    10.5141    101.665    320.506    328.554   -0.00060    7.23627   10.34137  315.25690   16.20601 4.4049e-02     0.4710  1.4686301 0.0000e+00
        718 157.666300    0.04981     2.9886    179.317    110.058  51155.378    31.7505     4.9550    109.000     4.9468    25.1056     7.3564    10.5126    101.656    320.493    328.539   -0.00057    7.23659   10.34174  315.27109   16.20658 4.4008e-02     0.4237  1.4643353 0.0000e+00
