CTD-processing/allCTD/CNV/2012_07-30_t6_s04_cast074_4141.cnv
* Sea-Bird SBE19plus Data File:
* FileName = C:\Documents and Settings\kris.holderied.local\My Documents\2012-07-EVOS-CookInlet-Ocean\2012-07-CookInlet-Tran6-Douglas\2012-07-31-CookInlet-Tran6-cast074.hex
* Software Version 1.54
* Temperature SN =  4141
* Conductivity SN =  4141
* System UpLoad Time = Jul 31 2012 08:03:56
** Cook Inlet LTM Transect 6 (Douglas line)  East to West
** Date:  2012-07-30
** Station:  6-04
** Start time (AKDT-24 hr): 1541
** Depth (m): 106
** Comment:
# nquan = 27
# nvalues = 93                          
# units = specified
# name 0 = scan: Scan Count
# name 1 = timeJ: Julian Days
# name 2 = timeH: Time, Elapsed [hours]
# name 3 = timeM: Time, Elapsed [minutes]
# name 4 = timeS: Time, Elapsed [seconds]
# name 5 = prdM: Pressure, Strain Gauge [db]
# name 6 = specc: Specific Conductance [uS/cm]
# name 7 = sal00: Salinity, Practical [PSU]
# name 8 = tv290C: Temperature [ITS-90, deg C]
# name 9 = depSM: Depth [salt water, m], lat = 59.00
# name 10 = potemp090C: Potential Temperature [ITS-90, deg C]
# name 11 = sigma-é00: Density [sigma-theta, kg/m^3]
# name 12 = sbeox0ML/L: Oxygen, SBE 43 [ml/l]
# name 13 = sbeox0Mg/L: Oxygen, SBE 43 [mg/l]
# name 14 = sbeox0PS: Oxygen, SBE 43 [% saturation]
# name 15 = sbox0Mm/Kg: Oxygen, SBE 43 [umol/kg]
# name 16 = sbeox0Mm/L: Oxygen, SBE 43 [umol/l]
# name 17 = sbox0dV/dT: Oxygen, SBE 43 [dov/dt]
# name 18 = oxsolML/L: Oxygen Saturation, Garcia & Gordon [ml/l]
# name 19 = oxsolMg/L: Oxygen Saturation, Garcia & Gordon [mg/l]
# name 20 = oxsolMm/Kg: Oxygen Saturation, Garcia & Gordon [umol/kg]
# name 21 = n2satMg/L: Nitrogen Saturation [mg/l]
# name 22 = par: PAR/Irradiance, Biospherical/Licor
# name 23 = wetStar: Fluorescence, WET Labs WETstar [mg/m^3]
# name 24 = CStarAt0: Beam Attenuation, WET Labs C-Star [1/m]
# name 25 = CStarTr0: Beam Transmission, WET Labs C-Star [%]
# name 26 = flag: flag
# span 0 =         33,        737       
# span 1 = 212.654075, 212.656112       
# span 2 =    0.00225,    0.05114       
# span 3 =     0.1347,     3.0682       
# span 4 =      8.083,    184.093       
# span 5 =      1.016,     93.863       
# span 6 =  47735.298,  50284.457       
# span 7 =    30.2650,    31.7144       
# span 8 =     7.9103,    10.0174       
# span 9 =      1.000,     93.000       
# span 10 =     7.8825,    10.0161      
# span 11 =    23.2585,    24.7085      
# span 12 =     5.8007,     6.5611      
# span 13 =     8.2897,     9.3765      
# span 14 =     88.901,    100.852      
# span 15 =    253.171,    286.354      
# span 16 =    259.058,    293.019      
# span 17 =   -0.01274,    0.07759      
# span 18 =    6.50566,    6.75636      
# span 19 =    9.29724,    9.65551      
# span 20 =  283.93353,  294.46355      
# span 21 =   14.71752,   15.21495      
# span 22 = 4.4743e-02, 8.0591e+01      
# span 23 =     0.2685,     3.4535      
# span 24 =     0.1526,     4.1914      
# span 25 =    49.7472,    96.2553      
# span 26 = 0.0000e+00, 0.0000e+00      
# interval = meters: 1                  
# start_time = Jul 30 2012 15:41:44 [Instrument's time stamp, header]
# bad_flag = -9.990e-29
*END*
[from data line 54]
        504 212.655437    0.03494     2.0964    125.781     55.527  49197.207    31.0934     8.7144     55.000     8.7057    24.1045     6.1211     8.7478     91.884    266.936    273.370   -0.00332    6.66183    9.52043  290.51488   15.02889 6.1272e-02     1.3846     0.2369    94.2496 0.0000e+00
        509 212.655450    0.03526     2.1153    126.919     56.530  49202.262    31.0961     8.7119     56.000     8.7063    24.1070     6.1243     8.7523     91.929    267.076    273.514   -0.00228    6.66208    9.52079  290.52508   15.02936 5.8787e-02     1.3919     0.2392    94.1945 0.0000e+00
        515 212.655468    0.03567     2.1404    128.423     57.556  49203.297    31.0964     8.7124     57.000     8.7062    24.1072     6.1343     8.7666     92.079    267.511    273.960    0.00024    6.66201    9.52067  290.52153   15.02919 5.6994e-02     1.3522     0.2366    94.2553 0.0000e+00
        519 212.655479    0.03594     2.1568    129.410     58.558  49238.713    31.1150     8.6720     58.000     8.6060    24.1276     6.1316     8.7627     91.966    267.385    273.836   -0.00066    6.66724    9.52816  290.74411   15.03975 5.5709e-02     1.3513     0.2381    94.2197 0.0000e+00
        522 212.655490    0.03620     2.1721    130.324     59.563  49367.294    31.1901     8.5735     59.000     8.5297    24.2011     6.1020     8.7205     91.366    266.079    272.519   -0.00572    6.67874    9.54458  291.22441   15.06239 5.4381e-02     1.3607     0.2227    94.5846 0.0000e+00
        526 212.655501    0.03648     2.1888    131.329     60.573  49442.879    31.2347     8.5201     60.000     8.5103    24.2440     6.0825     8.6926     90.991    265.217    271.646   -0.00815    6.68481    9.55326  291.47706   15.07427 5.2778e-02     1.2970     0.2128    94.8172 0.0000e+00
        531 212.655515    0.03681     2.2088    132.526     61.580  49446.230    31.2363     8.5180     61.000     8.5060    24.2456     6.0911     8.7049     91.116    265.592    272.031   -0.00427    6.68506    9.55361  291.48734   15.07476 5.1767e-02     1.1747     0.2150    94.7687 0.0000e+00
        537 212.655533    0.03724     2.2346    134.074     62.600  49474.295    31.2526     8.4986     62.000     8.5009    24.2611     6.1041     8.7233     91.280    266.153    272.610   -0.00071    6.68726    9.55676  291.57876   15.07906 5.0847e-02     1.1162     0.2088    94.9133 0.0000e+00
        542 212.655547    0.03757     2.2540    135.238     63.603  49497.316    31.2649     8.4755     63.000     8.4283    24.2741     6.0961     8.7119     91.119    265.798    272.251   -0.00189    6.69022    9.56099  291.70437   15.08501 4.9837e-02     1.1002     0.1975    95.1828 0.0000e+00
        547 212.655562    0.03793     2.2758    136.546     64.613  49595.001    31.3223     8.4058     64.000     8.3882    24.3294     6.0854     8.6966     90.851    265.318    271.773   -0.00351    6.69821    9.57242  292.03708   15.10067 4.9404e-02     1.0921     0.1957    95.2246 0.0000e+00
        553 212.655578    0.03831     2.2989    137.937     65.628  49622.265    31.3381     8.3873     65.000     8.3944    24.3446     6.0699     8.6745     90.592    264.639    271.082   -0.00448    6.70030    9.57540  292.12390   15.10475 4.8753e-02     0.9962     0.1924    95.3028 0.0000e+00
        557 212.655591    0.03862     2.3174    139.042     66.632  49567.876    31.3060     8.4292     66.000     8.4373    24.3132     6.0768     8.6843     90.760    264.946    271.388   -0.00177    6.69539    9.56838  291.91839   15.09507 4.8109e-02     0.9667     0.1989    95.1505 0.0000e+00
        562 212.655606    0.03899     2.3390    140.341     67.639  49552.447    31.2961     8.4379     67.000     8.4144    24.3042     6.0944     8.7095     91.036    265.718    272.176    0.00128    6.69450    9.56711  291.88242   15.09339 4.7879e-02     0.9638     0.1982    95.1653 0.0000e+00
        570 212.655627    0.03949     2.3694    142.161     68.660  49609.210    31.3293     8.3977     68.000     8.3867    24.3361     6.0833     8.6936     90.807    265.224    271.678   -0.00135    6.69912    9.57371  292.07472   15.10243 4.7469e-02     0.9922     0.1921    95.3097 0.0000e+00
        574 212.655641    0.03982     2.3893    143.359     69.661  49684.652    31.3722     8.3356     69.000     8.2931    24.3788     6.0688     8.6729     90.489    264.581    271.031   -0.00346    6.70663    9.58444  292.38990   15.11732 4.7045e-02     0.9831     0.1855    95.4678 0.0000e+00
        580 212.655656    0.04018     2.4106    144.638     70.672  49753.149    31.4125     8.2887     70.000     8.2786    24.4172     6.0558     8.6543     90.223    264.004    270.450   -0.00487    6.71197    9.59207  292.61160   15.12774 4.6725e-02     0.9399     0.1811    95.5727 0.0000e+00
        585 212.655671    0.04054     2.4324    145.945     71.685  49768.832    31.4210     8.2755     71.000     8.2410    24.4258     6.0523     8.6493     90.149    263.849    270.294   -0.00349    6.71358    9.59438  292.67956   15.13095 4.6699e-02     0.8128     0.1812    95.5729 0.0000e+00
        590 212.655686    0.04091     2.4546    147.279     72.688  49884.487    31.4889     8.1939     72.000     8.1757    24.4908     6.0512     8.6478     90.008    263.788    270.248   -0.00340    6.72300    9.60784  293.07181   15.14940 4.6387e-02     0.8149     0.1763    95.6882 0.0000e+00
        598 212.655709    0.04147     2.4879    149.273     73.707  49828.755    31.4558     8.2349     73.000     8.2532    24.4590     6.0491     8.6448     90.040    263.702    270.152   -0.00143    6.71822    9.60100  292.87219   15.14001 4.6118e-02     0.7190     0.1795    95.6106 0.0000e+00
        604 212.655725    0.04185     2.5109    150.651     74.714  49764.581    31.4173     8.2789     74.000     8.2577    24.4224     6.0684     8.6723     90.394    264.551    271.012    0.00233    6.71324    9.59389  292.66584   15.13032 4.5544e-02     0.7072     0.1799    95.6021 0.0000e+00
        608 212.655738    0.04216     2.5296    151.779     75.720  49852.267    31.4685     8.2158     75.000     8.1738    24.4716     6.0580     8.6575     90.142    264.088    270.551   -0.00038    6.72056    9.60435  292.97066   15.14466 4.5711e-02     0.7501     0.1701    95.8381 0.0000e+00
        615 212.655757    0.04261     2.5567    153.400     76.725  49935.093    31.5173     8.1604     76.000     8.1624    24.5179     6.0397     8.6314     89.786    263.280    269.735   -0.00335    6.72684    9.61333  293.23129   15.15691 4.5524e-02     0.7805     0.1714    95.8066 0.0000e+00
        626 212.655789    0.04339     2.6034    156.207     77.745  49897.892    31.4948     8.1860     77.000     8.1849    24.4966     6.0424     8.6352     89.863    263.400    269.852   -0.00026    6.72394    9.60918  293.11093   15.15125 4.5348e-02     0.6669     0.1766    95.6821 0.0000e+00
        630 212.655803    0.04371     2.6229    157.373     78.751  49895.813    31.4931     8.1869     78.000     8.1743    24.4952     6.0469     8.6416     89.932    263.598    270.054    0.00029    6.72388    9.60909  293.10862   15.15115 4.5343e-02     0.6844     0.1715    95.8038 0.0000e+00
        636 212.655819    0.04411     2.6464    158.783     79.757  49910.678    31.5015     8.1767     79.000     8.1700    24.5032     6.0547     8.6527     90.032    263.935    270.402    0.00100    6.72506    9.61078  293.15781   15.15346 4.5222e-02     0.7151     0.1700    95.8386 0.0000e+00
        644 212.655843    0.04468     2.6808    160.848     80.770  49901.698    31.4959     8.1846     80.000     8.1803    24.4978     6.0390     8.6304     89.812    263.255    269.704   -0.00132    6.72411    9.60942  293.11791   15.15158 4.5182e-02     0.7230     0.1707    95.8229 0.0000e+00
        654 212.655870    0.04532     2.7191    163.145     81.788  49888.594    31.4877     8.1937     81.000     8.1777    24.4900     6.0564     8.6552     90.084    264.013    270.479    0.00184    6.72308    9.60795  293.07517   15.14957 4.4909e-02     0.6892     0.1692    95.8577 0.0000e+00
        658 212.655883    0.04563     2.7378    164.268     82.787  49912.499    31.5016     8.1780     82.000     8.1726    24.5032     6.0468     8.6414     89.916    263.589    270.048   -0.00028    6.72486    9.61050  293.14909   15.15305 4.5061e-02     0.7014     0.1692    95.8590 0.0000e+00
        664 212.655901    0.04606     2.7639    165.834     83.797  49953.109    31.5251     8.1493     83.000     8.1256    24.5257     6.0515     8.6483     89.943    263.793    270.262   -0.00012    6.72820    9.61527  293.28829   15.15960 4.4994e-02     0.7228     0.1646    95.9679 0.0000e+00
        674 212.655928    0.04673     2.8037    168.220     84.813  50044.305    31.5781     8.0838     84.000     8.0609    24.5767     6.0282     8.6149     89.494    262.762    269.219   -0.00351    6.73583    9.62618  293.60648   15.17457 4.4974e-02     0.6723     0.1603    96.0714 0.0000e+00
        681 212.655949    0.04722     2.8331    169.984     85.824  50091.149    31.6053     8.0512     85.000     8.0468    24.6027     6.0257     8.6113     89.407    262.646    269.108   -0.00251    6.73962    9.63159  293.76406   15.18199 4.4925e-02     0.6110     0.1608    96.0596 0.0000e+00
        686 212.655963    0.04757     2.8539    171.235     86.827  50068.946    31.5919     8.0677     86.000     8.0630    24.5899     6.0267     8.6127     89.447    262.692    269.152   -0.00133    6.73769    9.62883  293.68346   15.17820 4.4867e-02     0.5982     0.1587    96.1079 0.0000e+00
        692 212.655981    0.04799     2.8792    172.753     87.838  50073.837    31.5942     8.0636     87.000     8.0511    24.5923     6.0263     8.6122     89.435    262.676    269.136   -0.00089    6.73821    9.62958  293.70574   15.17925 4.4865e-02     0.5922     0.1583    96.1189 0.0000e+00
        702 212.656009    0.04865     2.9191    175.148     88.856  50064.458    31.5884     8.0716     88.000     8.0619    24.5867     6.0274     8.6138     89.464    262.724    269.184   -0.00035    6.73725    9.62820  293.66538   15.17735 4.4857e-02     0.6431     0.1598    96.0835 0.0000e+00
        708 212.656027    0.04911     2.9466    176.795     89.862  50062.188    31.5863     8.0712     89.000     8.0433    24.5850     6.0272     8.6136     89.460    262.719    269.178   -0.00012    6.73739    9.62841  293.67204   15.17767 4.4930e-02     0.5955     0.1591    96.0999 0.0000e+00
        712 212.656040    0.04941     2.9644    177.862     90.861  50134.679    31.6285     8.0203     90.000     8.0059    24.6254     6.0200     8.6031     89.273    262.390    268.851   -0.00172    6.74331    9.63686  293.91829   15.18926 4.4808e-02     0.6136     0.1560    96.1762 0.0000e+00
        719 212.656060    0.04989     2.9937    179.622     91.877  50134.650    31.6281     8.0209     91.000     8.0047    24.6251     6.0171     8.5991     89.232    262.267    268.725   -0.00139    6.74323    9.63675  293.91509   15.18911 4.4743e-02     0.5727     0.1581    96.1251 0.0000e+00
        732 212.656096    0.05075     3.0450    182.702     92.900  50251.481    31.6957     7.9354     92.000     7.9152    24.6902     6.0038     8.5800     88.901    261.669    268.129   -0.00335    6.75334    9.65120  294.33693   15.20898 4.4832e-02     0.5438     0.1526    96.2553 0.0000e+00
        737 212.656112    0.05114     3.0682    184.093     93.863  50284.457    31.7144     7.9103     93.000     7.8825    24.7085     6.0226     8.6070     89.141    262.488    268.974   -0.00005    6.75636    9.65551  294.46355   15.21495 4.4992e-02     0.5473     0.1531    96.2452 0.0000e+00
