CTD-processing/allCTD/CNV/2012_06-05a_t4_s05a_cast098_5028.cnv
* Sea-Bird SBE19plus Data File:
* FileName = C:\Documents and Settings\glenn.seaman\My Documents\KHolderied-files\CTD-DATA-FILES\2012-May-Jun-KachemakBay\Transect4-2012-06-05a-Barabara-to-Bluff\Tran4-2012-06-05a-Barabara-cast098.hex
* Software Version 1.59
* Temperature SN =  5028
* Conductivity SN =  5028
* System UpLoad Time = Jun 05 2012 14:00:22
** LTM Transect4- Barabara Pt to Bluff Pt
** Date: 2012-06-05  Low tide (1 of 2 lines)
** Station:4-05a
** Start time (AKDT-24hr):1024
** Depth (ft):246
** Wind starting to increase.  Less than 1 ft seas.
# nquan = 26
# nvalues = 72                          
# units = specified
# name 0 = scan: Scan Count
# name 1 = timeJ: Julian Days
# name 2 = timeH: Time, Elapsed [hours]
# name 3 = timeM: Time, Elapsed [minutes]
# name 4 = timeS: Time, Elapsed [seconds]
# name 5 = prdM: Pressure, Strain Gauge [db]
# name 6 = specc: Specific Conductance [uS/cm]
# name 7 = sal00: Salinity, Practical [PSU]
# name 8 = tv290C: Temperature [ITS-90, deg C]
# name 9 = depSM: Depth [salt water, m], lat = 59.00
# name 10 = potemp090C: Potential Temperature [ITS-90, deg C]
# name 11 = sigma-é00: Density [sigma-theta, kg/m^3]
# name 12 = sbeox0ML/L: Oxygen, SBE 43 [ml/l]
# name 13 = sbeox0Mg/L: Oxygen, SBE 43 [mg/l]
# name 14 = sbeox0PS: Oxygen, SBE 43 [% saturation]
# name 15 = sbox0Mm/Kg: Oxygen, SBE 43 [umol/kg]
# name 16 = sbeox0Mm/L: Oxygen, SBE 43 [umol/l]
# name 17 = sbox0dV/dT: Oxygen, SBE 43 [dov/dt]
# name 18 = oxsolML/L: Oxygen Saturation, Garcia & Gordon [ml/l]
# name 19 = oxsolMg/L: Oxygen Saturation, Garcia & Gordon [mg/l]
# name 20 = oxsolMm/Kg: Oxygen Saturation, Garcia & Gordon [umol/kg]
# name 21 = n2satMg/L: Nitrogen Saturation [mg/l]
# name 22 = par: PAR/Irradiance, Biospherical/Licor [umol photons/m^2/sec]
# name 23 = flECO-AFL: Fluorescence, WET Labs ECO-AFL/FL [mg/m^3]
# name 24 = upoly0: Upoly 0, ECO-FLNTUS
# name 25 = flag: flag
# span 0 =        299,        547       
# span 1 = 157.434451, 157.435169       
# span 2 =    0.02072,    0.03794       
# span 3 =     1.2434,     2.2764       
# span 4 =     74.606,    136.581       
# span 5 =      1.010,     72.692       
# span 6 =  50283.935,  50986.464       
# span 7 =    31.5509,    31.7520       
# span 8 =     5.4195,     6.7480       
# span 9 =      1.000,     72.000       
# span 10 =     5.4135,     6.7277      
# span 11 =    24.7410,    25.0552      
# span 12 =     7.0653,     7.5000      
# span 13 =    10.1149,    10.7103      
# span 14 =    101.294,    106.869      
# span 15 =    307.907,    326.774      
# span 16 =    315.535,    334.950      
# span 17 =   -0.00405,    0.03084      
# span 18 =    6.94412,    7.15694      
# span 19 =    9.92658,   10.22773      
# span 20 =  302.63636,  311.81605      
# span 21 =   15.60953,   16.04181      
# span 22 = 4.4157e-02, 5.2978e+02      
# span 23 =     0.5364,     5.2596      
# span 24 =  0.3943899,  1.5836903      
# span 25 = 0.0000e+00, 0.0000e+00      
# interval = meters: 1                  
# start_time = Jun 05 2012 10:24:22 [Instrument's time stamp, header]
# bad_flag = -9.990e-29
*END*
[from data line 56]
        495 157.435018    0.03434     2.0603    123.617     57.546  50938.512    31.7488     5.5278     57.000     5.5186    25.0402     7.4522    10.6500    104.400    324.686    332.816   -0.00187    7.13818   10.20170  311.00343   16.00424 7.5411e-02     0.8847  0.9129646 0.0000e+00
        499 157.435029    0.03457     2.0745    124.468     58.556  50939.275    31.7470     5.5190     58.000     5.5076    25.0398     7.4427    10.6374    104.244    324.271    332.391   -0.00217    7.13973   10.20394  311.07155   16.00751 6.9491e-02     0.8449  0.9270800 0.0000e+00
        502 157.435039    0.03481     2.0886    125.313     59.565  50942.700    31.7464     5.5069     59.000     5.4950    25.0407     7.4333    10.6255    104.072    323.861    331.970   -0.00248    7.14243   10.20691  311.18924   16.01182 6.4529e-02     0.7688  0.9442748 0.0000e+00
        506 157.435048    0.03504     2.1024    126.147     60.575  50950.742    31.7491     5.4958     60.000     5.4865    25.0442     7.4259    10.6166    103.940    323.538    331.642   -0.00263    7.14445   10.20942  311.27505   16.01540 6.0532e-02     0.6640  0.9654266 0.0000e+00
        509 157.435058    0.03527     2.1160    126.963     61.585  50955.300    31.7504     5.4889     61.000     5.4805    25.0459     7.4236    10.6122    103.895    323.436    331.537   -0.00247    7.14523   10.21102  311.30832   16.01770 5.7219e-02     0.6438  0.9797359 0.0000e+00
        512 157.435067    0.03549     2.1294    127.765     62.595  50957.386    31.7501     5.4831     62.000     5.4745    25.0464     7.4255    10.6112    103.911    323.517    331.620   -0.00213    7.14593   10.21243  311.33899   16.01973 5.4462e-02     0.6539  0.9852621 0.0000e+00
        515 157.435076    0.03571     2.1427    128.564     63.605  50958.825    31.7493     5.4768     63.000     5.4673    25.0465     7.4250    10.6095    103.892    323.498    331.600   -0.00192    7.14687   10.21401  311.38017   16.02203 5.2177e-02     0.6944  0.9897552 0.0000e+00
        518 157.435085    0.03593     2.1561    129.369     64.614  50960.109    31.7480     5.4687     64.000     5.4578    25.0464     7.4209    10.6057    103.814    323.320    331.418   -0.00197    7.14829   10.21605  311.44237   16.02501 5.0324e-02     0.6751  1.0091812 0.0000e+00
        522 157.435094    0.03616     2.1696    130.175     65.623  50962.506    31.7470     5.4585     65.000     5.4468    25.0469     7.4212    10.6035    103.787    323.334    331.432   -0.00184    7.15045   10.21858  311.53672   16.02868 4.8764e-02     0.6387  1.0569862 0.0000e+00
        525 157.435104    0.03638     2.1830    130.978     66.633  50968.612    31.7486     5.4481     66.000     5.4380    25.0492     7.4178    10.5989    103.708    323.184    331.279   -0.00186    7.15255   10.22102  311.62706   16.03218 4.7450e-02     0.6210  1.1273948 0.0000e+00
        528 157.435113    0.03661     2.1964    131.785     67.643  50974.121    31.7503     5.4406     67.000     5.4323    25.0515     7.4109    10.5921    103.596    322.880    330.968   -0.00207    7.15365   10.22272  311.67394   16.03460 4.6356e-02     0.5802  1.1984923 0.0000e+00
        531 157.435123    0.03684     2.2103    132.617     68.653  50976.929    31.7508     5.4357     68.000     5.4279    25.0524     7.4072    10.5866    103.537    322.722    330.808   -0.00200    7.15417   10.22387  311.69635   16.03625 4.5547e-02     0.5841  1.2414613 0.0000e+00
        535 157.435133    0.03707     2.2247    133.481     69.663  50978.603    31.7505     5.4311     69.000     5.4230    25.0527     7.4034    10.5817    103.472    322.552    330.634   -0.00197    7.15492   10.22501  311.72906   16.03791 4.5041e-02     0.5364  1.2768973 0.0000e+00
        538 157.435143    0.03732     2.2395    134.370     70.673  50981.212    31.7508     5.4263     70.000     5.4187    25.0535     7.3986    10.5778    103.393    322.346    330.422   -0.00197    7.15584   10.22616  311.76902   16.03957 4.5114e-02     0.5381  1.3771065 0.0000e+00
        542 157.435154    0.03759     2.2554    135.326     71.683  50984.034    31.7514     5.4225     71.000     5.4156    25.0544     7.4009    10.5798    103.416    322.447    330.526   -0.00167    7.15649   10.22704  311.79658   16.04084 4.5594e-02     0.5560  1.5039540 0.0000e+00
        547 157.435169    0.03794     2.2764    136.581     72.692  50986.464    31.7520     5.4195     72.000     5.4135    25.0552     7.4092    10.5883    103.524    322.806    330.894   -0.00104    7.15694   10.22773  311.81605   16.04181 4.4157e-02     0.6274  1.5836903 0.0000e+00
