CTD-processing/allCTD/CNV/2012_05-31a_t4_s09a_cast080.hex_5028.cnv
* Sea-Bird SBE19plus Data File:
* FileName = C:\Documents and Settings\glenn.seaman\My Documents\KHolderied-files\CTD-DATA-FILES\2012-05-LTM-LowerCookInlet-CTD\Transect4-2012-05-31-Barabara\2012-05-31-Tran4-Barabara-cast080.hex
* Software Version 1.59
* Temperature SN =  5028
* Conductivity SN =  5028
* System UpLoad Time = May 31 2012 15:28:19
** LTM Transect4- Barabara to Bluff Pt
** Date: 2012-05-31
** Station:4-09a
** Start time (AKDT-24hr):1235
** Depth (ft):95.1
** much more turbid than station 4-03
# nquan = 26
# nvalues = 27                          
# units = specified
# name 0 = scan: Scan Count
# name 1 = timeJ: Julian Days
# name 2 = timeH: Time, Elapsed [hours]
# name 3 = timeM: Time, Elapsed [minutes]
# name 4 = timeS: Time, Elapsed [seconds]
# name 5 = prdM: Pressure, Strain Gauge [db]
# name 6 = specc: Specific Conductance [uS/cm]
# name 7 = sal00: Salinity, Practical [PSU]
# name 8 = tv290C: Temperature [ITS-90, deg C]
# name 9 = depSM: Depth [salt water, m], lat = 59.00
# name 10 = potemp090C: Potential Temperature [ITS-90, deg C]
# name 11 = sigma-é00: Density [sigma-theta, kg/m^3]
# name 12 = sbeox0ML/L: Oxygen, SBE 43 [ml/l]
# name 13 = sbeox0Mg/L: Oxygen, SBE 43 [mg/l]
# name 14 = sbeox0PS: Oxygen, SBE 43 [% saturation]
# name 15 = sbox0Mm/Kg: Oxygen, SBE 43 [umol/kg]
# name 16 = sbeox0Mm/L: Oxygen, SBE 43 [umol/l]
# name 17 = sbox0dV/dT: Oxygen, SBE 43 [dov/dt]
# name 18 = oxsolML/L: Oxygen Saturation, Garcia & Gordon [ml/l]
# name 19 = oxsolMg/L: Oxygen Saturation, Garcia & Gordon [mg/l]
# name 20 = oxsolMm/Kg: Oxygen Saturation, Garcia & Gordon [umol/kg]
# name 21 = n2satMg/L: Nitrogen Saturation [mg/l]
# name 22 = par: PAR/Irradiance, Biospherical/Licor [umol photons/m^2/sec]
# name 23 = flECO-AFL: Fluorescence, WET Labs ECO-AFL/FL [mg/m^3]
# name 24 = upoly0: Upoly 0, ECO-FLNTUS
# name 25 = flag: flag
# span 0 =        168,        516       
# span 1 = 152.523714, 152.524718       
# span 2 =    0.01162,    0.03573       
# span 3 =     0.6974,     2.1439       
# span 4 =     41.846,    128.633       
# span 5 =      1.010,     27.256       
# span 6 =  47627.952,  50746.146       
# span 7 =    29.9159,    31.6889       
# span 8 =     5.8099,     7.9603       
# span 9 =      1.000,     27.000       
# span 10 =     5.8078,     7.9636      
# span 11 =    23.2893,    24.9598      
# span 12 =     6.5510,     8.5737      
# span 13 =     9.4019,    12.1382      
# span 14 =     96.036,    123.404      
# span 15 =    285.896,    373.756      
# span 16 =    292.567,    382.902      
# span 17 =   -0.02350,    0.03464      
# span 18 =    6.81464,    7.09401      
# span 19 =    9.74797,   10.13803      
# span 20 =  297.33061,  309.10375      
# span 21 =   15.37039,   15.91321      
# span 22 = 2.4339e-01, 1.7844e+02      
# span 23 =     0.9402,    13.9277      
# span 24 =  0.5426947,  1.4539201      
# span 25 = 0.0000e+00, 0.0000e+00      
# interval = meters: 1                  
# start_time = May 31 2012 12:33:27 [Instrument's time stamp, header]
# bad_flag = -9.990e-29
*END*
        168 152.523714    0.01162     0.6974     41.846      1.010  47627.952    29.9159     7.9603      1.000     7.9636    23.2893     6.5510     9.4019     96.036    285.896    292.567    0.00882    6.82420    9.75879  297.82461   15.39246 1.7844e+02     2.0294  1.3776656 0.0000e+00
        387 152.524347    0.02683     1.6098     96.588      2.019  48228.420    30.3175     7.8926      2.000     7.8233    23.6136     7.7268    11.0331    113.383    337.131    345.080   -0.00110    6.81464    9.74797  297.33061   15.37039 1.4133e+02     3.3447  1.4300375 0.0000e+00
        383 152.524336    0.02656     1.5935     95.607      3.028  48498.433    30.4656     7.6419      3.000     7.5186    23.7639     7.6404    10.9281    111.530    333.317    341.218   -0.00423    6.85074    9.79461  298.86867   15.43563 9.1179e+01     5.2056  1.4504298 0.0000e+00
        389 152.524351    0.02691     1.6146     96.879      4.037  49016.096    30.7734     7.3218      4.000     7.2283    24.0487     7.5697    10.9044    109.728    330.115    338.062   -0.00972    6.89877    9.84687  300.85560   15.50647 5.8759e+01     8.4903  1.4539201 0.0000e+00
        393 152.524365    0.02725     1.6354     98.123      5.047  49428.596    31.0287     7.1348      5.000     7.0740    24.2743     7.6533    11.0820    110.775    333.676    341.794   -0.00500    6.90855    9.87267  301.20805   15.53981 3.9322e+01    10.2847  1.3238461 0.0000e+00
        399 152.524380    0.02762     1.6569     99.415      6.057  49630.146    31.1416     6.9782      6.000     6.9229    24.3836     8.1365    11.6054    117.405    354.719    363.376    0.01838    6.92973    9.90104  302.10923   15.57910 2.6689e+01    11.7710  1.1936300 0.0000e+00
        404 152.524396    0.02801     1.6802    100.812      7.066  49774.659    31.2185     6.8451      7.000     6.8079    24.4613     8.5737    12.0884    123.404    373.756    382.902    0.03464    6.94747    9.92651  302.86285   15.61474 1.7779e+01    13.8177  1.1454381 0.0000e+00
        410 152.524412    0.02838     1.7032    102.193      8.075  49873.964    31.2693     6.7451      8.000     6.7047    24.5141     8.5703    12.1382    123.143    373.598    382.750    0.02578    6.95979    9.94619  303.39086   15.64242 1.1767e+01    13.9277  1.1132317 0.0000e+00
        415 152.524427    0.02876     1.7255    103.530      9.085  50026.784    31.3556     6.6380      9.000     6.5994    24.5958     8.3551    11.9091    119.791    364.188    373.138    0.00814    6.97480    9.96527  304.02189   15.66866 7.9159e+00    12.7596  1.0121524 0.0000e+00
        421 152.524444    0.02915     1.7490    104.937     10.095  50265.238    31.5020     6.5358     10.000     6.5012    24.7240     8.1156    11.5803    116.234    353.691    362.442   -0.00578    6.98218    9.97935  304.29407   15.68671 5.6770e+00     8.2250  0.7822297 0.0000e+00
        426 152.524460    0.02954     1.7728    106.365     11.104  50396.610    31.5749     6.4399     11.000     6.4025    24.7934     7.8030    11.2018    111.573    340.047    348.482   -0.01987    6.99375    9.99685  304.78074   15.71088 4.3578e+00     5.4396  0.6597231 0.0000e+00
        432 152.524476    0.02994     1.7963    107.778     12.113  50470.284    31.6053     6.3323     12.000     6.2948    24.8308     7.6505    10.9707    109.105    333.395    341.675   -0.02350    7.01223   10.02000  305.57778   15.74387 3.4581e+00     4.9208  0.6325406 0.0000e+00
        438 152.524493    0.03034     1.8203    109.219     13.123  50537.327    31.6334     6.2372     13.000     6.2122    24.8646     7.5814    10.8375    107.882    330.369    338.585   -0.02179    7.02754   10.04041  306.23418   15.77294 2.7983e+00     4.1921  0.5908352 0.0000e+00
        443 152.524509    0.03072     1.8431    110.587     14.132  50579.369    31.6510     6.1792     14.000     6.1626    24.8856     7.4999    10.7200    106.601    326.811    334.945   -0.02091    7.03544   10.05286  306.57275   15.79066 2.3196e+00     3.5251  0.5600485 0.0000e+00
        449 152.524525    0.03109     1.8656    111.937     15.142  50605.269    31.6612     6.1414     15.000     6.1287    24.8983     7.4062    10.6112    105.192    322.725    330.761   -0.02090    7.04066   10.06108  306.79652   15.80237 1.9487e+00     3.2404  0.5483886 0.0000e+00
        455 152.524542    0.03150     1.8898    113.388     16.151  50623.143    31.6671     6.1103     16.000     6.0982    24.9067     7.3842    10.5693    104.820    321.764    329.779   -0.01711    7.04465   10.06805  306.96791   15.81236 1.6363e+00     3.1184  0.5453741 0.0000e+00
        460 152.524557    0.03187     1.9120    114.718     17.161  50631.647    31.6663     6.0786     17.000     6.0603    24.9100     7.3926    10.5732    104.881    322.128    330.153   -0.01313    7.04854   10.07559  307.13641   15.82328 1.3753e+00     2.9186  0.5426947 0.0000e+00
        465 152.524573    0.03224     1.9346    116.076     18.171  50635.310    31.6574     6.0221     18.000     5.9895    24.9097     7.4264    10.5980    105.211    323.602    331.661   -0.00898    7.05856   10.08956  307.57595   15.84362 1.1608e+00     2.7049  0.5624930 0.0000e+00
        471 152.524588    0.03261     1.9565    117.388     19.180  50670.620    31.6654     5.9409     19.000     5.9147    24.9258     7.4138    10.5861    104.788    323.050    331.102   -0.00840    7.07510   10.10831  308.28983   15.87060 9.8116e-01     2.2548  0.6575765 0.0000e+00
        476 152.524603    0.03299     1.9789    118.736     20.189  50705.658    31.6785     5.8867     20.000     5.8726    24.9425     7.3840    10.5525    104.250    321.742    329.768   -0.00831    7.08296   10.12031  308.62577   15.88773 8.2575e-01     1.8615  0.7455676 0.0000e+00
        481 152.524619    0.03336     2.0017    120.102     21.199  50719.906    31.6818     5.8561     21.000     5.8450    24.9488     7.3584    10.5198    103.831    320.631    328.630   -0.00784    7.08700   10.12737  308.80128   15.89788 6.9379e-01     1.5967  0.8043864 0.0000e+00
        487 152.524634    0.03373     2.0236    121.417     22.209  50730.676    31.6841     5.8327     22.000     5.8241    24.9534     7.3414    10.4975    103.530    319.881    327.864   -0.00715    7.09103   10.13280  308.97548   15.90570 5.8236e-01     1.3594  0.8433217 0.0000e+00
        492 152.524650    0.03410     2.0458    122.747     23.219  50740.896    31.6878     5.8180     23.000     5.8134    24.9580     7.3365    10.4888    103.430    319.668    327.647   -0.00594    7.09319   10.13608  309.06778   15.91038 4.8919e-01     1.1230  0.8770330 0.0000e+00
        497 152.524665    0.03447     2.0680    124.083     24.228  50744.764    31.6888     5.8122     24.000     5.8093    24.9595     7.3379    10.4905    103.440    319.727    327.708   -0.00460    7.09379   10.13739  309.09374   15.91225 4.1014e-01     1.0358  0.8790058 0.0000e+00
        503 152.524681    0.03484     2.0905    125.431     25.238  50746.146    31.6889     5.8104     25.000     5.8082    24.9598     7.3474    10.5025    103.573    320.145    328.135   -0.00320    7.09393   10.13780  309.09969   15.91285 3.4420e-01     0.9989  0.9064260 0.0000e+00
        508 152.524697    0.03524     2.1142    126.852     26.247  50746.146    31.6883     5.8100     26.000     5.8079    24.9594     7.3628    10.5209    103.790    320.817    328.824   -0.00179    7.09396   10.13794  309.10112   15.91306 2.8906e-01     1.0178  0.8647546 0.0000e+00
        516 152.524718    0.03573     2.1439    128.633     27.256  50745.496    31.6874     5.8099     27.000     5.8078    24.9587     7.3773    10.5380    103.993    321.447    329.471   -0.00064    7.09401   10.13803  309.10375   15.91321 2.4339e-01     0.9402  0.8854371 0.0000e+00
