CTD-processing/allCTD/CNV/2012_10-28_t7_s10_cast038_4141.cnv
* Sea-Bird SBE19plus Data File:
* FileName = C:\Documents and Settings\kris.holderied.local\My Documents\2012-CTD-DATA-new-files\2012-10-CookInlet-Ocean-LTM\2012-10-28-and-29-EVOSTC-CookInletOcean-Tran7-Augustine\2012-10-28-and-29-CookInletOcean-Tran7-cast038.hex
* Software Version 1.54
* Temperature SN =  4141
* Conductivity SN =  4141
* System UpLoad Time = Oct 29 2012 03:35:07
** Cook Inlet EVOSTC Transect 7 Augustine line east to west
** Date:   28-29 Oct 2012
** Station:  7-10
** Start time (AKDT-24 hr):  2352
** Depth (m): 78
** Comment:Flow m start 094367 end 098497. Best plankton tow ever!. Seas 1-2 feet. Winds light
# nquan = 27
# nvalues = 60                          
# units = specified
# name 0 = scan: Scan Count
# name 1 = timeJ: Julian Days
# name 2 = timeH: Time, Elapsed [hours]
# name 3 = timeM: Time, Elapsed [minutes]
# name 4 = timeS: Time, Elapsed [seconds]
# name 5 = prdM: Pressure, Strain Gauge [db]
# name 6 = specc: Specific Conductance [uS/cm]
# name 7 = sal00: Salinity, Practical [PSU]
# name 8 = tv290C: Temperature [ITS-90, deg C]
# name 9 = depSM: Depth [salt water, m], lat = 59.00
# name 10 = potemp090C: Potential Temperature [ITS-90, deg C]
# name 11 = sigma-é00: Density [sigma-theta, kg/m^3]
# name 12 = sbeox0ML/L: Oxygen, SBE 43 [ml/l]
# name 13 = sbeox0Mg/L: Oxygen, SBE 43 [mg/l]
# name 14 = sbeox0PS: Oxygen, SBE 43 [% saturation]
# name 15 = sbox0Mm/Kg: Oxygen, SBE 43 [umol/kg]
# name 16 = sbeox0Mm/L: Oxygen, SBE 43 [umol/l]
# name 17 = sbox0dV/dT: Oxygen, SBE 43 [dov/dt]
# name 18 = oxsolML/L: Oxygen Saturation, Garcia & Gordon [ml/l]
# name 19 = oxsolMg/L: Oxygen Saturation, Garcia & Gordon [mg/l]
# name 20 = oxsolMm/Kg: Oxygen Saturation, Garcia & Gordon [umol/kg]
# name 21 = n2satMg/L: Nitrogen Saturation [mg/l]
# name 22 = par: PAR/Irradiance, Biospherical/Licor
# name 23 = wetStar: Fluorescence, WET Labs WETstar [mg/m^3]
# name 24 = CStarAt0: Beam Attenuation, WET Labs C-Star [1/m]
# name 25 = CStarTr0: Beam Transmission, WET Labs C-Star [%]
# name 26 = flag: flag
# span 0 =        104,        742       
# span 1 = 302.995135, 302.996983       
# span 2 =    0.00712,    0.05149       
# span 3 =     0.4276,     3.0894       
# span 4 =     25.656,    185.362       
# span 5 =      1.024,     60.568       
# span 6 =  45504.081,  48709.514       
# span 7 =    28.2911,    30.6243       
# span 8 =     6.9067,     7.8725       
# span 9 =      1.000,     60.000       
# span 10 =     6.9438,     7.8673      
# span 11 =    22.1455,    23.8579      
# span 12 =     5.9062,     6.6972      
# span 13 =     8.4405,     9.5710      
# span 14 =     86.722,     94.737      
# span 15 =    257.624,    292.606      
# span 16 =    263.770,    299.096      
# span 17 =   -0.00790,    0.01511      
# span 18 =    6.81044,    7.06925      
# span 19 =    9.73281,   10.10266      
# span 20 =  297.06704,  308.86197      
# span 21 =   15.34368,   15.91568      
# span 22 = 3.6382e-02, 3.0027e-01      
# span 23 =     0.1863,     0.6821      
# span 24 =     0.3388,     1.0852      
# span 25 =    76.2387,    91.8784      
# span 26 = 0.0000e+00, 0.0000e+00      
# interval = meters: 1                  
# start_time = Oct 28 2012 23:52:34 [Instrument's time stamp, header]
# bad_flag = -9.990e-29
*END*
        104 302.995135    0.00712     0.4276     25.656      1.024  45564.147    28.3259     6.9067      1.000     6.9438    22.1778     6.6972     9.5710     94.737    292.606    299.096    0.01511    7.06925   10.10266  308.86197   15.91568 6.1429e-02     0.1863     0.8628    79.5334 0.0000e+00
        111 302.995157    0.00765     0.4592     27.551      2.009  45504.081    28.2911     6.9477      2.000     6.9552    22.1455     6.4214     9.1768     90.901    280.566    286.779   -0.00790    7.06416   10.09539  308.65004   15.90573 3.0027e-01     0.1884     0.8808    79.9394 0.0000e+00
        393 302.995972    0.02721     1.6327     97.963      3.021  45594.207    28.3603     6.9965      3.000     6.9965    22.1938     6.3202     9.0322     89.610    276.131    282.259    0.00051    7.05295   10.07937  308.14560   15.88140 1.5582e-01     0.6054     0.8780    80.2822 0.0000e+00
        418 302.996044    0.02896     1.7373    104.239      4.041  45606.855    28.3696     7.0032      4.000     7.0066    22.2004     6.3073     9.0138     89.447    275.566    281.684   -0.00036    7.05142   10.07718  308.07683   15.87809 9.5794e-02     0.6363     0.8612    80.6298 0.0000e+00
        425 302.996065    0.02944     1.7667    105.999      5.044  45600.019    28.3656     7.0106      5.000     7.0093    22.1963     6.3069     9.0133     89.456    275.553    281.670   -0.00020    7.05039   10.07572  308.03326   15.87603 8.0867e-02     0.6336     0.8652    80.5499 0.0000e+00
        433 302.996089    0.03003     1.8018    108.111      6.063  45601.021    28.3655     7.0086      6.000     7.0072    22.1966     6.3068     9.0130     89.448    275.544    281.660   -0.00024    7.05073   10.07619  308.04772   15.87672 5.6629e-02     0.6380     0.8567    80.7213 0.0000e+00
        439 302.996104    0.03040     1.8235    109.412      7.063  45614.564    28.3748     7.0112      7.000     7.0172    22.2035     6.3063     9.0123     89.453    275.521    281.638   -0.00018    7.04986   10.07496  308.00807   15.87479 5.3732e-02     0.6514     0.8745    80.3609 0.0000e+00
        445 302.996124    0.03085     1.8515    111.089      8.079  45608.642    28.3728     7.0274      8.000     7.0297    22.2000     6.3131     9.0220     89.581    275.818    281.941    0.00079    7.04730   10.07130  307.89713   15.86951 4.6331e-02     0.6328     0.8631    80.5917 0.0000e+00
        451 302.996139    0.03124     1.8743    112.456      9.083  45623.195    28.3843     7.0397      9.000     7.0469    22.2074     6.3135     9.0226     89.619    275.834    281.960    0.00072    7.04474   10.06764  307.78323   15.86404 4.3438e-02     0.6244     0.8813    80.2260 0.0000e+00
        457 302.996157    0.03166     1.8994    113.967     10.092  45637.497    28.3979     7.0672     10.000     7.0740    22.2148     6.3061     9.0120     89.580    275.509    281.629    0.00003    7.03962   10.06032  307.55718   15.85321 4.0522e-02     0.6255     0.8690    80.4721 0.0000e+00
        464 302.996178    0.03214     1.9288    115.731     11.107  45688.793    28.4370     7.0957     11.000     7.1115    22.2421     6.2900     8.9890     89.434    274.799    280.911   -0.00131    7.03315   10.05107  307.26635   15.83918 3.7169e-02     0.6270     0.8601    80.6528 0.0000e+00
        470 302.996195    0.03257     1.9541    117.248     12.112  45737.376    28.4775     7.1448     12.000     7.1520    22.2677     6.2783     8.9722     89.392    274.279    280.387   -0.00114    7.02328   10.03697  306.82746   15.81810 3.6382e-02     0.6080     0.8478    80.9010 0.0000e+00
        476 302.996213    0.03301     1.9805    118.829     13.142  45761.694    28.4968     7.1639     13.000     7.1645    22.2805     6.2555     8.9398     89.119    273.283    279.371   -0.00293    7.01928   10.03125  306.64877   15.80950 3.6382e-02     0.5855     0.8565    80.7243 0.0000e+00
        479 302.996221    0.03320     1.9923    119.536     14.123  45782.629    28.5107     7.1636     14.000     7.1563    22.2914     6.2441     8.9234     88.965    272.782    278.863   -0.00390    7.01869   10.03041  306.61978   15.80806 3.6382e-02     0.5451     0.9045    79.7621 0.0000e+00
        484 302.996236    0.03356     2.0137    120.823     15.137  45806.754    28.5248     7.1503     15.000     7.1418    22.3042     6.2440     8.9233     88.943    272.773    278.857   -0.00280    7.02021   10.03258  306.68237   15.81099 3.6382e-02     0.5528     0.9057    79.7390 0.0000e+00
        491 302.996256    0.03404     2.0424    122.542     16.149  45854.335    28.5523     7.1191     16.000     7.1119    22.3297     6.2262     8.8979     88.641    271.990    278.064   -0.00390    7.02403   10.03804  306.84141   15.81845 3.6382e-02     0.5461     0.9490    78.8811 0.0000e+00
        499 302.996279    0.03457     2.0744    124.464     17.168  45870.895    28.5614     7.1078     17.000     7.1045    22.3384     6.2119     8.8775     88.420    271.363    277.425   -0.00371    7.02544   10.04006  306.90057   15.82123 3.6382e-02     0.5468     0.9525    78.8117 0.0000e+00
        504 302.996292    0.03491     2.0945    125.671     18.174  45884.107    28.5691     7.1017     18.000     7.0922    22.3452     6.2119     8.8774     88.412    271.359    277.423   -0.00255    7.02608   10.04097  306.92628   15.82242 3.6382e-02     0.5414     0.9959    77.9601 0.0000e+00
        507 302.996302    0.03515     2.1087    126.523     19.181  45921.019    28.5916     7.0853     19.000     7.0721    22.3648     6.2096     8.8741     88.359    271.253    277.320   -0.00225    7.02771   10.04331  306.99186   15.82546 3.6382e-02     0.5270     1.0370    77.1637 0.0000e+00
        510 302.996312    0.03536     2.1217    127.300     20.195  45937.811    28.6003     7.0702     20.000     7.0615    22.3737     6.2089     8.8731     88.323    271.220    277.288   -0.00223    7.02979   10.04628  307.08003   15.82962 3.6382e-02     0.5362     1.0765    76.4043 0.0000e+00
        513 302.996320    0.03557     2.1345    128.068     21.185  45948.964    28.6054     7.0564     21.000     7.0472    22.3794     6.2051     8.8677     88.243    271.052    277.118   -0.00236    7.03179   10.04914  307.16576   15.83368 3.6382e-02     0.5479     1.0852    76.2387 0.0000e+00
        519 302.996337    0.03598     2.1590    129.537     22.207  45999.275    28.6385     7.0499     22.000     7.0492    22.4062     6.2069     8.8703     88.275    271.125    277.200   -0.00132    7.03134   10.04849  307.13773   15.83221 3.6382e-02     0.5742     1.0364    77.1758 0.0000e+00
        526 302.996356    0.03644     2.1861    131.168     23.228  46019.066    28.6525     7.0551     23.000     7.0558    22.4166     6.1985     8.8582     88.174    270.754    276.824   -0.00168    7.02983   10.04632  307.06861   15.82885 3.6382e-02     0.5469     1.0309    77.2802 0.0000e+00
        529 302.996367    0.03670     2.2020    132.120     24.229  46065.629    28.6853     7.0626     24.000     7.0740    22.4413     6.1869     8.8416     88.042    270.240    276.305   -0.00235    7.02710   10.04243  306.94217   15.82269 3.6382e-02     0.5412     1.0597    76.7263 0.0000e+00
        533 302.996378    0.03695     2.2173    133.037     25.234  46118.544    28.7259     7.0924     25.000     7.1073    22.4696     6.1797     8.8313     88.025    269.918    275.983   -0.00209    7.02037   10.03281  306.63973   15.80811 3.6382e-02     0.5546     1.0532    76.8506 0.0000e+00
        537 302.996390    0.03724     2.2343    134.058     26.255  46163.414    28.7619     7.1286     26.000     7.1472    22.4933     6.1788     8.8301     88.107    269.874    275.945   -0.00085    7.01282   10.02201  306.30251   15.79189 3.6382e-02     0.5188     1.0284    77.3290 0.0000e+00
        541 302.996399    0.03747     2.2480    134.883     27.257  46308.260    28.8675     7.1694     27.000     7.2232    22.5712     6.1807     8.8328     88.280    269.937    276.030    0.00059    7.00132   10.00560  305.77743   15.76642 3.6382e-02     0.5361     1.0138    77.6124 0.0000e+00
        544 302.996408    0.03769     2.2615    135.692     28.253  46454.803    28.9830     7.2666     28.000     7.3259    22.6496     6.1825     8.8354     88.571    269.996    276.112    0.00299    6.98033    9.97559  304.83711   15.72111 3.6382e-02     0.5338     0.9463    78.9362 0.0000e+00
        551 302.996428    0.03816     2.2898    137.388     29.274  46371.205    28.9397     7.3624     29.000     7.3645    22.6034     6.1639     8.8089     88.475    269.197    275.282    0.00095    6.96685    9.95633  304.26229   15.69389 3.6382e-02     0.5049     0.8125    81.6188 0.0000e+00
        560 302.996455    0.03880     2.3281    139.688     30.286  46393.647    28.9575     7.3803     30.000     7.3804    22.6151     6.1471     8.7847     88.280    268.456    274.527   -0.00080    6.96316    9.95105  304.09760   15.68596 3.6382e-02     0.4703     0.7798    82.2874 0.0000e+00
        566 302.996474    0.03927     2.3557    141.343     31.314  46421.561    28.9775     7.3880     31.000     7.3908    22.6297     6.1343     8.7665     88.123    267.893    273.956   -0.00230    6.96103    9.94802  304.00057   15.68125 3.6382e-02     0.4335     0.7770    82.3448 0.0000e+00
        569 302.996482    0.03945     2.3671    142.027     32.310  46419.500    28.9764     7.3934     32.000     7.3956    22.6282     6.1264     8.7553     88.021    267.552    273.606   -0.00251    6.96020    9.94682  303.96423   15.67952 3.6382e-02     0.4282     0.8062    81.7453 0.0000e+00
        572 302.996489    0.03963     2.3782    142.695     33.297  46505.978    29.0377     7.4067     33.000     7.4201    22.6747     6.1345     8.7668     88.198    267.890    273.965   -0.00087    6.95528    9.93980  303.73590   15.66838 3.6382e-02     0.4400     0.8042    81.7860 0.0000e+00
        577 302.996504    0.03998     2.3987    143.920     34.320  46546.142    29.0698     7.4387     34.000     7.4447    22.6957     6.1435     8.7797     88.413    268.282    274.371    0.00132    6.94869    9.93038  303.44171   15.65422 3.6382e-02     0.4577     0.7474    82.9600 0.0000e+00
        583 302.996521    0.04040     2.4236    145.414     35.332  46619.622    29.1243     7.4660     35.000     7.4722    22.7349     6.1279     8.7574     88.275    267.589    273.673   -0.00020    6.94185    9.92060  303.13138   15.63919 3.6382e-02     0.4656     0.7001    83.9451 0.0000e+00
        590 302.996543    0.04093     2.4556    147.338     36.348  46650.040    29.1483     7.4887     36.000     7.4878    22.7508     6.1242     8.7520     88.281    267.421    273.505   -0.00033    6.93714    9.91386  302.92071   15.62904 3.6382e-02     0.4645     0.6624    84.7379 0.0000e+00
        596 302.996559    0.04130     2.4781    148.684     37.358  46654.783    29.1517     7.4924     37.000     7.4940    22.7531     6.1302     8.7606     88.378    267.684    273.775    0.00055    6.93639    9.91280  302.88752   15.62745 3.6382e-02     0.4538     0.6883    84.1924 0.0000e+00
        599 302.996569    0.04155     2.4930    149.582     38.350  46833.040    29.2775     7.5132     38.000     7.5314    22.8491     6.1275     8.7568     88.453    267.539    273.652    0.00077    6.92736    9.89989  302.46491   15.60677 3.6382e-02     0.4373     0.6729    84.5178 0.0000e+00
        605 302.996586    0.04195     2.5171    151.024     39.376  46857.883    29.3008     7.5560     39.000     7.5562    22.8617     6.1244     8.7524     88.509    267.402    273.515    0.00114    6.91949    9.88865  302.11771   15.59012 3.6382e-02     0.4366     0.6158    85.7294 0.0000e+00
        610 302.996601    0.04232     2.5392    152.354     40.376  46881.502    29.3180     7.5647     40.000     7.5644    22.8742     6.1004     8.7182     88.191    266.354    272.446   -0.00224    6.91734    9.88556  302.01979   15.58537 3.6382e-02     0.4540     0.6166    85.7142 0.0000e+00
        618 302.996622    0.04282     2.5691    154.145     41.394  46974.589    29.3850     7.5851     41.000     7.5891    22.9241     6.0963     8.7122     88.210    266.158    272.259   -0.00088    6.91107    9.87661  301.73149   15.57135 3.6382e-02     0.4345     0.5861    86.3714 0.0000e+00
        624 302.996640    0.04324     2.5946    155.678     42.403  47021.806    29.4202     7.6051     42.000     7.6084    22.9491     6.0689     8.6730     87.874    264.955    271.036   -0.00358    6.90631    9.86980  301.51613   15.56093 3.6382e-02     0.4388     0.5862    86.3692 0.0000e+00
        629 302.996654    0.04358     2.6150    156.898     43.407  47067.244    29.4540     7.6232     43.000     7.6263    22.9732     6.0749     8.6816     88.017    265.212    271.304   -0.00105    6.90191    9.86351  301.31688   15.55128 3.6382e-02     0.4346     0.5797    86.5080 0.0000e+00
        635 302.996674    0.04406     2.6435    158.608     44.422  47097.386    29.4771     7.6413     44.000     7.6404    22.9890     6.0724     8.6781     88.032    265.100    271.195   -0.00047    6.89800    9.85793  301.14165   15.54283 3.6382e-02     0.4340     0.5475    87.2089 0.0000e+00
        642 302.996692    0.04448     2.6692    160.152     45.430  47187.606    29.5414     7.6561     45.000     7.6645    23.0374     6.0514     8.6481     87.794    264.171    270.256   -0.00249    6.89277    9.85045  300.89905   15.53099 3.6382e-02     0.4215     0.5519    87.1124 0.0000e+00
        648 302.996709    0.04490     2.6940    161.642     46.438  47254.555    29.5919     7.6860     46.000     7.6884    23.0730     6.0512     8.6479     87.881    264.155    270.250   -0.00088    6.88577    9.84046  300.58327   15.51572 3.6382e-02     0.4226     0.5177    87.8616 0.0000e+00
        654 302.996728    0.04535     2.7211    163.263     47.452  47327.709    29.6451     7.7055     47.000     7.7059    23.1122     6.0430     8.6361     87.831    263.786    269.883   -0.00097    6.88030    9.83263  300.33270   15.50354 3.6382e-02     0.4503     0.5075    88.0845 0.0000e+00
        659 302.996742    0.04569     2.7416    164.498     48.449  47399.888    29.6949     7.7076     48.000     7.6963    23.1511     6.0372     8.6277     87.778    263.519    269.619   -0.00116    6.87775    9.82898  300.20988   15.49748 3.6382e-02     0.4518     0.4782    88.7318 0.0000e+00
        671 302.996777    0.04654     2.7921    167.527     49.491  47452.741    29.7281     7.6881     49.000     7.6813    23.1797     6.0192     8.6021     87.498    262.730    268.821   -0.00244    6.87932    9.83123  300.26995   15.50021 3.6382e-02     0.4358     0.4404    89.5741 0.0000e+00
        673 302.996783    0.04670     2.8017    168.102     50.475  47547.264    29.7921     7.6819     50.000     7.6689    23.2309     6.0311     8.6191     87.694    263.235    269.349   -0.00016    6.87741    9.82851  300.17198   15.49527 3.6382e-02     0.4074     0.4677    88.9652 0.0000e+00
        678 302.996797    0.04701     2.8207    169.245     51.479  47713.297    29.9062     7.6777     51.000     7.6742    23.3209     6.0344     8.6237     87.799    263.354    269.495    0.00067    6.87294    9.82212  299.95056   15.48423 3.6382e-02     0.4620     0.4027    90.4268 0.0000e+00
        686 302.996820    0.04757     2.8543    171.259     52.504  47834.119    29.9908     7.6860     52.000     7.6852    23.3862     6.0603     8.6609     88.242    264.470    270.655    0.00381    6.86784    9.81483  299.70878   15.47235 3.6382e-02     0.5002     0.3568    91.4655 0.0000e+00
        693 302.996840    0.04806     2.8837    173.019     53.506  47916.340    30.0490     7.6967     53.000     7.6952    23.4305     6.0692     8.6734     88.426    264.844    271.049    0.00331    6.86355    9.80871  299.50872   15.46257 3.6382e-02     0.5899     0.3421    91.8035 0.0000e+00
