CTD-processing/allCTD/CNV/2012_09-21_t9_s08_repeat2_cast156_4141.cnv
* Sea-Bird SBE19plus Data File:
* FileName = C:\Documents and Settings\kris.holderied.local\My Documents\2012-CTD-DATA-new-files\2012-09-21-CTD-HomerSpit-tide-time-series-KBRRctd\2012-09-21-CTD-HomerSpit-tide-repeat2\2012-09-21-HomerSpit-tide-repeat2156.hex
* Software Version 1.54
* Temperature SN =  4141
* Conductivity SN =  4141
* System UpLoad Time = Oct 11 2012 18:23:14
** Kachemak Bay Homer Spit Line - Tidal repeat2
** Date:  2012-09-21
** Station: 9-08
** Start time (AKDT-24 hr): 1119
** Depth (ft): 302
** Comment:
# nquan = 27
# nvalues = 92                          
# units = specified
# name 0 = scan: Scan Count
# name 1 = timeJ: Julian Days
# name 2 = timeH: Time, Elapsed [hours]
# name 3 = timeM: Time, Elapsed [minutes]
# name 4 = timeS: Time, Elapsed [seconds]
# name 5 = prdM: Pressure, Strain Gauge [db]
# name 6 = specc: Specific Conductance [uS/cm]
# name 7 = sal00: Salinity, Practical [PSU]
# name 8 = tv290C: Temperature [ITS-90, deg C]
# name 9 = depSM: Depth [salt water, m], lat = 59.00
# name 10 = potemp090C: Potential Temperature [ITS-90, deg C]
# name 11 = sigma-é00: Density [sigma-theta, kg/m^3]
# name 12 = sbeox0ML/L: Oxygen, SBE 43 [ml/l]
# name 13 = sbeox0Mg/L: Oxygen, SBE 43 [mg/l]
# name 14 = sbeox0PS: Oxygen, SBE 43 [% saturation]
# name 15 = sbox0Mm/Kg: Oxygen, SBE 43 [umol/kg]
# name 16 = sbeox0Mm/L: Oxygen, SBE 43 [umol/l]
# name 17 = sbox0dV/dT: Oxygen, SBE 43 [dov/dt]
# name 18 = oxsolML/L: Oxygen Saturation, Garcia & Gordon [ml/l]
# name 19 = oxsolMg/L: Oxygen Saturation, Garcia & Gordon [mg/l]
# name 20 = oxsolMm/Kg: Oxygen Saturation, Garcia & Gordon [umol/kg]
# name 21 = n2satMg/L: Nitrogen Saturation [mg/l]
# name 22 = par: PAR/Irradiance, Biospherical/Licor
# name 23 = wetStar: Fluorescence, WET Labs WETstar [mg/m^3]
# name 24 = CStarAt0: Beam Attenuation, WET Labs C-Star [1/m]
# name 25 = CStarTr0: Beam Transmission, WET Labs C-Star [%]
# name 26 = flag: flag
# span 0 =        231,        653       
# span 1 = 265.472391, 265.473612       
# span 2 =    0.01598,    0.04531       
# span 3 =     0.9588,     2.7184       
# span 4 =     57.526,    163.102       
# span 5 =      1.017,     92.867       
# span 6 =  40338.524,  48652.160       
# span 7 =    25.0329,    30.7957       
# span 8 =     9.0889,     9.6889       
# span 9 =      1.000,     92.000       
# span 10 =     9.0912,     9.6878      
# span 11 =    19.3139,    23.7620      
# span 12 =     5.3002,     6.3639      
# span 13 =     7.5744,     9.0946      
# span 14 =     80.698,     92.990      
# span 15 =    231.212,    278.826      
# span 16 =    236.706,    284.210      
# span 17 =   -0.02371,    0.00502      
# span 18 =    6.55624,    6.86993      
# span 19 =    9.36952,    9.81782      
# span 20 =  286.08972,  300.99781      
# span 21 =   14.82003,   15.55475      
# span 22 = 6.8575e-02, 1.5820e+02      
# span 23 =     0.4833,     1.9064      
# span 24 =     0.6077,     5.1196      
# span 25 =    27.8172,    85.9050      
# span 26 = 0.0000e+00, 0.0000e+00      
# interval = meters: 1                  
# start_time = Sep 21 2012 11:19:17 [Instrument's time stamp, header]
# bad_flag = -9.990e-29
*END*
        231 265.472391    0.01598     0.9588     57.526      1.017  40386.531    25.0675     9.1073      1.000     9.0980    19.3382     6.3297     9.0458     92.195    277.322    282.686    0.00502    6.86550    9.81149  300.79572   15.54496 1.5820e+02     0.8693     4.6482    31.1701 0.0000e+00
        287 265.472552    0.01987     1.1921     71.527      2.021  40338.524    25.0329     9.0889      2.000     9.0912    19.3139     6.3639     9.0946     92.634    278.826    284.210    0.00497    6.86993    9.81782  300.99781   15.55475 2.8267e+01     1.0329     5.1196    27.8172 0.0000e+00
        292 265.472565    0.02018     1.2107     72.644      3.026  40488.279    25.1361     9.1004      3.000     9.1158    19.3928     6.3596     9.0884     92.656    278.613    284.017    0.00334    6.86360    9.80876  300.69670   15.53995 1.2991e+01     1.3278     4.8508    29.7592 0.0000e+00
        297 265.472580    0.02052     1.2313     73.877      4.038  40994.149    25.4888     9.1661      4.000     9.2024    19.6588     6.3462     9.0694     92.810    277.957    283.422    0.00294    6.83785    9.77197  299.49074   15.48088 6.6763e+00     1.4454     3.9976    36.9597 0.0000e+00
        301 265.472594    0.02086     1.2518     75.108      5.048  41525.334    25.8620     9.2534      5.000     9.2861    19.9376     6.3309     9.0474     92.990    277.208    282.735    0.00354    6.80804    9.72938  298.10385   15.41309 3.6113e+00     1.4333     3.2217    44.7539 0.0000e+00
        306 265.472608    0.02121     1.2724     76.344      6.054  42398.315    26.4685     9.3136      6.000     9.3432    20.4020     6.2945     8.9955     92.944    275.495    281.115    0.00170    6.77236    9.67838  296.40649   15.32948 2.0587e+00     1.4299     3.1970    44.9947 0.0000e+00
        312 265.472624    0.02159     1.2952     77.709      7.072  43421.981    27.1856     9.4200      7.000     9.4569    20.9458     6.2162     8.8835     92.433    271.919    277.615   -0.00329    6.72510    9.61085  294.18114   15.22019 1.0299e+00     1.5147     3.2132    44.7878 0.0000e+00
        316 265.472637    0.02190     1.3142     78.855      8.071  44664.734    28.0551     9.4922      8.000     9.5325    21.6133     6.0934     8.7081     91.259    266.376    272.132   -0.01283    6.67693    9.54199  291.88364   15.10680 5.7652e-01     1.5427     2.9708    47.6194 0.0000e+00
        322 265.472653    0.02229     1.3377     80.260      9.090  46722.992    29.5031     9.6258      9.000     9.6557    22.7224     5.9814     8.5481     90.691    261.197    267.132   -0.01248    6.59540    9.42548  288.00614   14.91550 3.3357e-01     1.6235     1.9497    61.5091 0.0000e+00
        327 265.472667    0.02262     1.3569     81.412     10.093  46813.730    29.5714     9.6689     10.000     9.6730    22.7691     5.8833     8.4079     89.328    256.900    262.749   -0.01957    6.58621    9.41236  287.59212   14.89543 2.3707e-01     1.5390     1.7122    65.1973 0.0000e+00
        332 265.472681    0.02296     1.3775     82.653     11.105  46838.412    29.5894     9.6782     11.000     9.6801    22.7817     5.8032     8.2933     88.140    253.399    259.172   -0.02371    6.58409    9.40932  287.49579   14.89075 1.7931e-01     1.6351     1.5129    68.5246 0.0000e+00
        337 265.472696    0.02330     1.3982     83.893     12.115  46860.659    29.6055     9.6858     12.000     9.6863    22.7930     5.7989     8.2872     88.098    253.206    258.978   -0.01488    6.58232    9.40679  287.41514   14.88683 1.4069e-01     1.7511     1.3944    70.5679 0.0000e+00
        341 265.472709    0.02363     1.4177     85.060     13.124  46822.645    29.5788     9.6880     13.000     9.6867    22.7719     5.8128     8.3071     88.298    253.819    259.599   -0.00731    6.58311    9.40793  287.45599   14.88889 1.1569e-01     1.6108     1.4335    69.8829 0.0000e+00
        345 265.472721    0.02392     1.4350     86.098     14.134  46823.355    29.5789     9.6886     14.000     9.6878    22.7719     5.8276     8.3281     88.524    254.464    260.258   -0.00266    6.58302    9.40780  287.45206   14.88870 1.0002e-01     1.7007     1.5724    67.5069 0.0000e+00
        349 265.472732    0.02419     1.4514     87.087     15.140  46861.386    29.6052     9.6889     15.000     9.6850    22.7923     5.8295     8.3309     88.568    254.543    260.345   -0.00123    6.58188    9.40616  287.39625   14.88593 8.9515e-02     1.7714     1.5868    67.2596 0.0000e+00
        354 265.472745    0.02450     1.4699     88.193     16.154  46896.508    29.6287     9.6840     16.000     9.6807    22.8115     5.8209     8.3186     88.442    254.162    259.960   -0.00194    6.58158    9.40575  287.37810   14.88496 8.2993e-02     1.9064     1.4830    69.0208 0.0000e+00
        358 265.472757    0.02478     1.4867     89.204     17.164  46934.983    29.6547     9.6802     17.000     9.6765    22.8324     5.8087     8.3011     88.263    253.623    259.414   -0.00315    6.58104    9.40496  287.34835   14.88343 7.8971e-02     1.8483     1.6270    66.5868 0.0000e+00
        362 265.472768    0.02504     1.5021     90.127     18.167  46976.474    29.6831     9.6784     18.000     9.6768    22.8549     5.7976     8.2854     88.108    253.136    258.922   -0.00371    6.58011    9.40363  287.30141   14.88107 7.5736e-02     1.7185     1.6512    66.1819 0.0000e+00
        366 265.472780    0.02532     1.5192     91.151     19.181  47070.328    29.7486     9.6803     19.000     9.6806    22.9057     5.7866     8.2696     87.982    252.644    258.431   -0.00381    6.57706    9.39928  287.15408   14.87376 7.3577e-02     1.6061     1.4434    69.7168 0.0000e+00
        370 265.472791    0.02561     1.5364     92.186     20.190  47241.754    29.8688     9.6849     20.000     9.6842    22.9986     5.7752     8.2534     87.886    252.124    257.922   -0.00347    6.57132    9.39108  286.87734   14.86004 7.2434e-02     1.5437     1.1720    74.6141 0.0000e+00
        374 265.472804    0.02589     1.5537     93.220     21.202  47358.446    29.9504     9.6874     21.000     9.6856    23.0620     5.7654     8.2393     87.786    251.678    257.482   -0.00351    6.56752    9.38564  286.69374   14.85093 7.1152e-02     1.5317     1.0689    76.5489 0.0000e+00
        378 265.472814    0.02616     1.5696     94.176     22.206  47543.982    30.0801     9.6881     22.000     9.6851    23.1630     5.7512     8.2190     87.645    251.033    256.847   -0.00343    6.56195    9.37769  286.42234   14.83742 7.0441e-02     1.5171     0.8964    79.9496 0.0000e+00
        382 265.472827    0.02646     1.5873     95.238     23.218  47627.755    30.1380     9.6854     23.000     9.6809    23.2087     5.7396     8.2025     87.496    250.518    256.332   -0.00404    6.55989    9.37474  286.31974   14.83228 6.9912e-02     1.5798     0.6846    84.2730 0.0000e+00
        386 265.472839    0.02675     1.6047     96.285     24.229  47654.572    30.1560     9.6820     24.000     9.6788    23.2233     5.7376     8.1995     87.468    250.424    256.240   -0.00292    6.55962    9.37435  286.30378   14.83144 6.9487e-02     1.5522     0.6441    85.1270 0.0000e+00
        390 265.472849    0.02700     1.6200     97.203     25.246  47665.523    30.1632     9.6810     25.000     9.6780    23.2290     5.7286     8.1867     87.332    250.029    255.838   -0.00317    6.55946    9.37413  286.29528   14.83101 6.9726e-02     1.3622     0.6318    85.3904 0.0000e+00
        393 265.472859    0.02721     1.6329     97.977     26.238  47682.448    30.1746     9.6808     26.000     9.6782    23.2380     5.7164     8.1693     87.153    249.496    255.294   -0.00428    6.55901    9.37349  286.27321   14.82991 6.9893e-02     1.3896     0.6316    85.3931 0.0000e+00
        397 265.472870    0.02750     1.6499     98.992     27.261  47703.749    30.1890     9.6801     27.000     9.6748    23.2494     5.7134     8.1651     87.115    249.365    255.162   -0.00365    6.55851    9.37277  286.24803   14.82865 6.9465e-02     1.2363     0.6227    85.5839 0.0000e+00
        401 265.472881    0.02777     1.6659     99.953     28.262  47733.222    30.2086     9.6751     28.000     9.6685    23.2655     5.7090     8.1588     87.049    249.168    254.965   -0.00283    6.55841    9.37262  286.23906   14.82814 6.9604e-02     1.4094     0.6548    84.9000 0.0000e+00
        405 265.472894    0.02807     1.6843    101.057     29.281  47749.982    30.2191     9.6691     29.000     9.6653    23.2747     5.6958     8.1399     86.842    248.589    254.375   -0.00388    6.55883    9.37322  286.25488   14.82885 6.9519e-02     1.2627     0.6724    84.5264 0.0000e+00
        409 265.472905    0.02833     1.6998    101.990     30.280  47763.035    30.2278     9.6679     30.000     9.6623    23.2816     5.6920     8.1345     86.787    248.424    254.208   -0.00356    6.55864    9.37296  286.24475   14.82833 6.9426e-02     1.2903     0.7393    83.1246 0.0000e+00
        413 265.472917    0.02862     1.7170    103.021     31.296  47774.732    30.2351     9.6644     31.000     9.6602    23.2879     5.6922     8.1346     86.786    248.427    254.213   -0.00221    6.55884    9.37324  286.25160   14.82863 6.9508e-02     1.2196     0.7268    83.3848 0.0000e+00
        417 265.472929    0.02890     1.7341    104.048     32.302  47783.113    30.2403     9.6624     32.000     9.6585    23.2923     5.6890     8.1301     86.737    248.287    254.070   -0.00219    6.55892    9.37335  286.25364   14.82870 6.9398e-02     1.2255     0.7312    83.2957 0.0000e+00
        421 265.472941    0.02920     1.7519    105.116     33.315  47789.515    30.2443     9.6614     33.000     9.6571    23.2955     5.6872     8.1275     86.709    248.208    253.989   -0.00158    6.55888    9.37330  286.25138   14.82858 6.9503e-02     1.2607     0.7240    83.4429 0.0000e+00
        426 265.472953    0.02948     1.7692    106.150     34.324  47798.662    30.2500     9.6598     34.000     9.6550    23.3004     5.6770     8.1130     86.554    247.762    253.535   -0.00263    6.55887    9.37328  286.24957   14.82847 6.9329e-02     1.2797     0.7626    82.6422 0.0000e+00
        430 265.472965    0.02977     1.7862    107.172     35.331  47834.311    30.2742     9.6560     35.000     9.6494    23.3198     5.6718     8.1056     86.481    247.530    253.303   -0.00258    6.55841    9.37262  286.22388   14.82714 6.9437e-02     1.2606     0.7723    82.4436 0.0000e+00
        434 265.472978    0.03007     1.8044    108.263     36.345  47866.841    30.2960     9.6511     36.000     9.6445    23.3375     5.6658     8.0970     86.392    247.263    253.034   -0.00256    6.55820    9.37233  286.21003   14.82639 6.9272e-02     1.1304     0.7763    82.3617 0.0000e+00
        438 265.472989    0.03036     1.8215    109.288     37.351  47898.261    30.3168     9.6453     37.000     9.6400    23.3547     5.6588     8.0869     86.286    246.952    252.720   -0.00271    6.55816    9.37227  286.20338   14.82599 6.9031e-02     1.1581     0.7752    82.3833 0.0000e+00
        442 265.473001    0.03064     1.8388    110.326     38.365  47906.888    30.3222     9.6433     38.000     9.6389    23.3593     5.6459     8.0685     86.088    246.390    252.145   -0.00366    6.55822    9.37235  286.20444   14.82602 6.8873e-02     1.2238     0.7426    83.0578 0.0000e+00
        446 265.473013    0.03091     1.8548    111.289     39.371  47914.301    30.3268     9.6424     39.000     9.6371    23.3631     5.6387     8.0584     85.981    246.077    251.827   -0.00390    6.55816    9.37227  286.20094   14.82584 6.8784e-02     1.1244     0.7612    82.6709 0.0000e+00
        450 265.473024    0.03118     1.8711    112.263     40.384  47942.344    30.3458     9.6400     40.000     9.6281    23.3783     5.6426     8.0639     86.045    246.243    252.000   -0.00204    6.55771    9.37163  286.17716   14.82462 6.8942e-02     1.2508     0.7751    82.3854 0.0000e+00
        454 265.473035    0.03145     1.8871    113.226     41.390  48090.967    30.4472     9.6207     41.000     9.6065    23.4605     5.6387     8.0583     86.005    246.052    251.825   -0.00170    6.55624    9.36952  286.08972   14.82003 6.8717e-02     1.1867     0.7574    82.7533 0.0000e+00
        458 265.473047    0.03173     1.9037    114.223     42.404  48155.761    30.4901     9.6043     42.000     9.5952    23.4966     5.6238     8.0371     85.772    245.395    251.160   -0.00298    6.55679    9.37031  286.10386   14.82053 6.8842e-02     1.2557     0.7234    83.4564 0.0000e+00
        462 265.473057    0.03199     1.9192    115.154     43.407  48189.410    30.5123     9.5966     43.000     9.5881    23.5152     5.5787     7.9725     85.080    243.418    249.142   -0.00841    6.55697    9.37056  286.10622   14.82055 6.8599e-02     1.0698     0.6776    84.4179 0.0000e+00
        466 265.473069    0.03227     1.9362    116.171     44.422  48228.117    30.5379     9.5878     44.000     9.5796    23.5365     5.5417     7.9197     84.515    241.804    247.495   -0.01173    6.55716    9.37084  286.10885   14.82057 6.8746e-02     0.9881     0.6425    85.1599 0.0000e+00
        470 265.473081    0.03254     1.9525    117.151     45.426  48250.034    30.5522     9.5824     45.000     9.5760    23.5485     5.5363     7.9118     84.428    241.560    247.249   -0.00899    6.55734    9.37109  286.11338   14.82072 6.8758e-02     0.9454     0.6386    85.2428 0.0000e+00
        474 265.473092    0.03284     1.9700    118.202     46.443  48259.734    30.5583     9.5800     46.000     9.5748    23.5537     5.5255     7.8965     84.263    241.089    246.767   -0.00711    6.55744    9.37124  286.11626   14.82084 6.8739e-02     0.9349     0.6318    85.3891 0.0000e+00
        478 265.473104    0.03310     1.9862    119.169     47.446  48262.021    30.5594     9.5796     47.000     9.5744    23.5546     5.5152     7.8818     84.106    240.641    246.310   -0.00675    6.55744    9.37123  286.11585   14.82082 6.8611e-02     0.9209     0.6456    85.0946 0.0000e+00
        482 265.473116    0.03339     2.0038    120.227     48.459  48263.875    30.5603     9.5795     48.000     9.5742    23.5553     5.5170     7.8844     84.134    240.720    246.391   -0.00422    6.55742    9.37122  286.11510   14.82078 6.8684e-02     0.8737     0.6367    85.2864 0.0000e+00
        486 265.473129    0.03369     2.0216    121.297     49.469  48270.996    30.5647     9.5787     49.000     9.5725    23.5590     5.5176     7.8853     84.145    240.747    246.419   -0.00259    6.55736    9.37112  286.11096   14.82056 6.8652e-02     0.8641     0.6232    85.5726 0.0000e+00
        490 265.473140    0.03398     2.0386    122.315     50.477  48279.407    30.5700     9.5767     50.000     9.5692    23.5633     5.5160     7.8829     84.118    240.673    246.345   -0.00219    6.55743    9.37121  286.11272   14.82062 6.8611e-02     0.8341     0.6387    85.2410 0.0000e+00
        494 265.473152    0.03427     2.0560    123.358     51.487  48300.362    30.5835     9.5712     51.000     9.5624    23.5749     5.5156     7.8823     84.109    240.652    246.326   -0.00152    6.55764    9.37151  286.11873   14.82086 6.8738e-02     0.7828     0.6585    84.8215 0.0000e+00
        499 265.473165    0.03456     2.0738    124.427     52.497  48322.468    30.5978     9.5639     52.000     9.5560    23.5870     5.5027     7.8638     83.906    240.086    245.749   -0.00265    6.55810    9.37218  286.13545   14.82160 6.8587e-02     0.9294     0.6912    84.1313 0.0000e+00
        503 265.473177    0.03486     2.0915    125.488     53.509  48337.714    30.6075     9.5606     53.000     9.5544    23.5953     5.4820     7.8343     83.590    239.182    244.826   -0.00500    6.55816    9.37228  286.13629   14.82160 6.8679e-02     0.7134     0.6895    84.1669 0.0000e+00
