CTD-processing/allCTD/CNV/2012_07-21_t9_s06_cast191_5028.cnv
* Sea-Bird SBE19plus Data File:
* FileName = C:\Documents and Settings\kris.holderied.local\My Documents\CTD-data-upload-2012-07-28\CTD5028-upload-2012-07-28-cast191.hex
* Software Version 1.54
* Temperature SN =  5028
* Conductivity SN =  5028
* System UpLoad Time = Jul 28 2012 12:39:11
** Kachemak Bay - CTD data - upload all 2012-07-28
** Date:  2012-07-21   High Tide (x of 2 lines)
** Station:  9-06
** Start time (AKDT-24 hr):1724
** Depth (ft):333
** Comments: On front line again. Very turbid water, across front. Glacial silt. Strong curent pull CTD under boat.
# nquan = 26
# nvalues = 86                          
# units = specified
# name 0 = scan: Scan Count
# name 1 = timeJ: Julian Days
# name 2 = timeH: Time, Elapsed [hours]
# name 3 = timeM: Time, Elapsed [minutes]
# name 4 = timeS: Time, Elapsed [seconds]
# name 5 = prdM: Pressure, Strain Gauge [db]
# name 6 = specc: Specific Conductance [uS/cm]
# name 7 = sal00: Salinity, Practical [PSU]
# name 8 = tv290C: Temperature [ITS-90, deg C]
# name 9 = depSM: Depth [salt water, m], lat = 59.00
# name 10 = potemp090C: Potential Temperature [ITS-90, deg C]
# name 11 = sigma-é00: Density [sigma-theta, kg/m^3]
# name 12 = sbeox0ML/L: Oxygen, SBE 43 [ml/l]
# name 13 = sbeox0Mg/L: Oxygen, SBE 43 [mg/l]
# name 14 = sbeox0PS: Oxygen, SBE 43 [% saturation]
# name 15 = sbox0Mm/Kg: Oxygen, SBE 43 [umol/kg]
# name 16 = sbeox0Mm/L: Oxygen, SBE 43 [umol/l]
# name 17 = sbox0dV/dT: Oxygen, SBE 43 [dov/dt]
# name 18 = oxsolML/L: Oxygen Saturation, Garcia & Gordon [ml/l]
# name 19 = oxsolMg/L: Oxygen Saturation, Garcia & Gordon [mg/l]
# name 20 = oxsolMm/Kg: Oxygen Saturation, Garcia & Gordon [umol/kg]
# name 21 = n2satMg/L: Nitrogen Saturation [mg/l]
# name 22 = par: PAR/Irradiance, Biospherical/Licor [umol photons/m^2/sec]
# name 23 = flECO-AFL: Fluorescence, WET Labs ECO-AFL/FL [mg/m^3]
# name 24 = upoly0: Upoly 0, ECO-FLNTUS
# name 25 = flag: flag
# span 0 =        210,        626       
# span 1 = 203.727028, 203.728230       
# span 2 =    0.01450,    0.04338       
# span 3 =     0.8701,     2.6033       
# span 4 =     52.205,    156.191       
# span 5 =      1.009,     86.830       
# span 6 =  38612.581,  50068.657       
# span 7 =    24.0834,    31.4640       
# span 8 =     7.2780,    10.2930       
# span 9 =      1.000,     86.000       
# span 10 =     7.2685,    10.2806      
# span 11 =    18.4021,    24.5969      
# span 12 =     6.2276,     7.7065      
# span 13 =     8.9775,    10.8746      
# span 14 =     93.244,    117.871      
# span 15 =    272.883,    336.080      
# span 16 =    278.126,    344.171      
# span 17 =   -0.02618,    0.03380      
# span 18 =    6.50301,    6.86860      
# span 19 =    9.30600,    9.81210      
# span 20 =  283.64399,  299.38605      
# span 21 =   14.71964,   15.44543      
# span 22 = 5.3647e-02, 5.2056e+01      
# span 23 =     0.3586,    10.0590      
# span 24 =  0.6032795,  12.026768      
# span 25 = 0.0000e+00, 0.0000e+00      
# interval = meters: 1                  
# start_time = Jul 21 2012 17:26:03 [Instrument's time stamp, header]
# bad_flag = -9.990e-29
*END*
        210 203.727028    0.01450     0.8701     52.205      1.009  38612.581    24.0834    10.2930      1.000    10.2806    18.4021     6.2276     8.9775     93.244    272.883    278.126    0.00422    6.69890    9.62170  293.64427   15.28715 5.2056e+01     3.1174  12.026768 0.0000e+00
        427 203.727655    0.02956     1.7734    106.403      2.019  46235.617    29.2108    10.1405      2.000    10.0784    22.4129     7.0595    10.0696    107.963    308.430    315.277   -0.00195    6.53514    9.33579  285.49903   14.78936 1.5113e+01     5.0108  6.3088826 0.0000e+00
        412 203.727614    0.02856     1.7140    102.840      3.028  46698.315    29.5332     9.9947      3.000     9.9117    22.6880     6.8994     9.8767    105.570    301.261    308.125   -0.00533    6.53535    9.34732  285.36588   14.80167 9.7529e+00     5.0568  5.2073299 0.0000e+00
        415 203.727622    0.02876     1.7259    103.551      4.038  47239.128    29.8981     9.8830      4.000     9.8317    22.9902     6.8433     9.8266    104.618    298.714    305.622   -0.00844    6.54131    9.34841  285.53152   14.79773 6.3890e+00     5.4386  3.5360814 0.0000e+00
        418 203.727629    0.02895     1.7367    104.200      5.047  47527.947    30.0930     9.8242      5.000     9.7966    23.1514     6.8240     9.8145    104.264    297.843    304.759   -0.00921    6.54490    9.34882  285.66137   14.79538 4.4129e+00     5.8755  2.4522064 0.0000e+00
        420 203.727637    0.02912     1.7470    104.824      6.057  47753.981    30.2472     9.7921      6.000     9.7802    23.2768     6.8439     9.8382    104.574    298.691    305.648   -0.00712    6.54456    9.34620  285.62810   14.78924 3.0307e+00     6.2020  1.9684751 0.0000e+00
        423 203.727644    0.02929     1.7572    105.430      7.066  47974.773    30.4001     9.7786      7.000     9.7770    23.3982     6.8891     9.8910    105.343    300.634    307.665   -0.00322    6.53968    9.33981  285.38882   14.77767 2.0810e+00     6.4170  1.8392040 0.0000e+00
        425 203.727651    0.02945     1.7671    106.025      8.075  48227.528    30.5772     9.7787      8.000     9.7813    23.5364     6.9419     9.9658    106.326    302.892    310.024    0.00102    6.52901    9.32919  284.87915   14.75960 1.4543e+00     6.6820  1.8428259 0.0000e+00
        427 203.727657    0.02961     1.7770    106.618      9.085  48482.982    30.7569     9.7830      9.000     9.7836    23.6759     7.0002    10.0573    107.427    305.384    312.627    0.00525    6.51635    9.31755  284.27805   14.74003 1.0013e+00     7.2404  1.8541936 0.0000e+00
        430 203.727665    0.02978     1.7869    107.215     10.094  48690.562    30.9026     9.7836     10.000     9.7716    23.7894     7.0837    10.1782    108.879    308.987    316.357    0.01017    6.50612    9.30874  283.79522   14.72505 6.9059e-01     8.1448  1.8228355 0.0000e+00
        432 203.727672    0.02995     1.7970    107.820     11.104  48830.597    30.9987     9.7689     11.000     9.7342    23.8668     7.2086    10.3328    110.848    314.417    321.934    0.01653    6.50301    9.30600  283.64399   14.71964 4.7001e-01     9.3842  1.7000550 0.0000e+00
        435 203.727679    0.03012     1.8072    108.434     12.113  48934.953    31.0663     9.7278     12.000     9.6728    23.9261     7.3694    10.5128    113.231    321.418    329.115    0.02396    6.50810    9.31038  283.85512   14.72497 3.1743e-01    10.0590  1.5313719 0.0000e+00
        437 203.727686    0.03029     1.8176    109.053     13.123  49027.965    31.1225     9.6603     13.000     9.6000    23.9808     7.5353    10.6884    115.591    328.638    336.525    0.03047    6.51870    9.32087  284.30185   14.73932 2.2392e-01     9.7627  1.3386099 0.0000e+00
        440 203.727693    0.03047     1.8279    109.670     14.132  49103.520    31.1657     9.5877     14.000     9.5290    24.0260     7.6600    10.8206    117.314    334.063    342.096    0.03380    6.52938    9.33320  284.75494   14.75653 1.6296e-01     8.7743  1.0966234 0.0000e+00
        442 203.727700    0.03063     1.8381    110.283     15.143  49158.823    31.1950     9.5182     15.000     9.4612    24.0598     7.7065    10.8746    117.871    336.080    344.171    0.03224    6.53809    9.34577  285.12585   14.77432 1.2583e-01     7.8547  0.9598026 0.0000e+00
        445 203.727707    0.03080     1.8482    110.896     16.152  49197.826    31.2130     9.4503     16.000     9.3886    24.0845     7.6775    10.8544    117.294    334.810    342.878    0.02627    6.54562    9.35874  285.44892   14.79283 1.0128e-01     7.0177  0.8796072 0.0000e+00
        447 203.727714    0.03097     1.8584    111.504     17.161  49220.023    31.2180     9.3754     17.000     9.2983    24.1002     7.5872    10.7666    115.756    330.871    338.846    0.01704    6.55478    9.37400  285.84679   14.81487 8.6986e-02     6.3668  0.8133993 0.0000e+00
        449 203.727721    0.03114     1.8685    112.110     18.171  49234.673    31.2152     9.2826     18.000     9.1888    24.1125     7.4812    10.6474    113.878    326.250    334.112    0.00734    6.56992    9.39346  286.50846   14.84311 7.9297e-02     5.5945  0.7579653 0.0000e+00
        452 203.727728    0.03131     1.8786    112.716     19.180  49272.058    31.2257     9.1707     19.000     9.0773    24.1379     7.3690    10.5085    111.829    321.348    329.100   -0.00171    6.59005    9.41620  287.37874   14.87589 7.8531e-02     4.7204  0.7139213 0.0000e+00
        454 203.727735    0.03148     1.8887    113.322     20.190  49326.904    31.2485     9.0605     20.000     8.9813    24.1728     7.2494    10.3594    109.702    316.120    323.761   -0.00999    6.60879    9.43787  288.18322   14.90692 8.1949e-02     3.6784  0.6623837 0.0000e+00
        457 203.727742    0.03165     1.8988    113.929     21.199  49386.164    31.2765     8.9670     21.000     8.9086    24.2091     7.1234    10.2072    107.561    310.610    318.133   -0.01739    6.62298    9.45578  288.78829   14.93246 8.3966e-02     2.9032  0.6240853 0.0000e+00
        459 203.727749    0.03182     1.9089    114.537     22.209  49435.920    31.3020     8.9021     22.000     8.8630    24.2389     7.0081    10.0692    105.694    305.570    312.982   -0.02279    6.63072    9.46786  289.11579   14.94958 8.3195e-02     2.4364  0.6032795 0.0000e+00
        462 203.727757    0.03198     1.9191    115.144     23.218  49471.151    31.3202     8.8587     23.000     8.8328    24.2597     6.9172     9.9586    104.259    301.605    308.926   -0.02594    6.63476    9.47589  289.28681   14.96092 8.1265e-02     2.2774  0.6035166 0.0000e+00
        464 203.727763    0.03215     1.9292    115.753     24.228  49493.953    31.3319     8.8315     24.000     8.8132    24.2730     6.8672     9.8907    103.471    299.418    306.689   -0.02618    6.63681    9.48090  289.37327   14.96801 7.8808e-02     2.2769  0.6143073 0.0000e+00
        466 203.727770    0.03232     1.9394    116.365     25.238  49510.499    31.3404     8.8126     25.000     8.7987    24.2825     6.8543     9.8620    103.257    298.854    306.113   -0.02412    6.63807    9.48437  289.42675   14.97290 7.6287e-02     2.2972  0.6263640 0.0000e+00
        469 203.727778    0.03249     1.9496    116.979     26.247  49523.112    31.3468     8.7991     26.000     8.7866    24.2897     6.8748     9.8711    103.554    299.749    307.031   -0.02022    6.63890    9.48684  289.46132   14.97638 7.3895e-02     2.2709  0.6306396 0.0000e+00
        471 203.727785    0.03267     1.9599    117.596     27.257  49533.992    31.3523     8.7871     27.000     8.7738    24.2958     6.9107     9.9021    104.082    301.313    308.634   -0.01574    6.63972    9.48904  289.49596   14.97947 7.1685e-02     2.2558  0.6322254 0.0000e+00
        474 203.727792    0.03284     1.9702    118.214     28.266  49544.563    31.3574     8.7738     28.000     8.7592    24.3018     6.9496     9.9449    104.642    303.006    310.371   -0.01164    6.64128    9.49155  289.56204   14.98303 6.9708e-02     2.2986  0.6349034 0.0000e+00
        476 203.727799    0.03301     1.9806    118.834     29.276  49554.710    31.3619     8.7591     29.000     8.7444    24.3076     6.9856     9.9918    105.153    304.573    311.977   -0.00824    6.64321    9.49437  289.64450   14.98705 6.7902e-02     2.4031  0.6451882 0.0000e+00
        479 203.727806    0.03318     1.9909    119.456     30.286  49561.119    31.3638     8.7445     30.000     8.7289    24.3113     7.0244    10.0433    105.711    306.264    313.711   -0.00517    6.64488    9.49737  289.71600   14.99136 6.6308e-02     2.4798  0.6576098 0.0000e+00
        481 203.727813    0.03335     2.0013    120.079     31.294  49563.217    31.3626     8.7288     31.000     8.7099    24.3127     7.0690    10.0985    106.356    308.207    315.701   -0.00211    6.64652    9.50080  289.78695   14.99635 6.4979e-02     2.5137  0.6690222 0.0000e+00
        484 203.727820    0.03353     2.0118    120.705     32.305  49561.862    31.3582     8.7083     32.000     8.6829    24.3122     7.1158    10.1528    107.023    310.249    317.791    0.00071    6.64884    9.50544  289.88875   15.00313 6.3905e-02     2.4799  0.6751851 0.0000e+00
        486 203.727828    0.03370     2.0222    121.331     33.314  49557.286    31.3503     8.6799     33.000     8.6444    24.3104     7.1554    10.1986    107.554    311.977    319.559    0.00273    6.65280    9.51198  290.06355   15.01271 6.3019e-02     2.4596  0.6872448 0.0000e+00
        489 203.727835    0.03388     2.0326    121.957     34.324  49556.107    31.3429     8.6380     34.000     8.5924    24.3108     7.1776    10.2274    107.773    312.945    320.550    0.00332    6.65986    9.52137  290.37284   15.02644 6.2290e-02     2.4963  0.7178209 0.0000e+00
        491 203.727842    0.03405     2.0430    122.583     35.333  49562.337    31.3389     8.5845     35.000     8.5316    24.3156     7.1829    10.2393    107.698    313.180    320.791    0.00265    6.66958    9.53306  290.79636   15.04343 6.1662e-02     2.5459  0.7593621 0.0000e+00
        494 203.727850    0.03423     2.0535    123.209     36.343  49585.149    31.3453     8.5229     36.000     8.4730    24.3297     7.1722    10.2353    107.356    312.705    320.311    0.00101    6.68078    9.54585  291.27887   15.06185 6.1095e-02     2.5757  0.8015294 0.0000e+00
        496 203.727857    0.03440     2.0639    123.834     37.352  49615.497    31.3576     8.4657     37.000     8.4233    24.3478     7.1533    10.2229    106.926    311.873    319.467   -0.00087    6.68999    9.55738  291.67309   15.07836 6.0579e-02     2.5765  0.8408668 0.0000e+00
        499 203.727864    0.03457     2.0743    124.457     38.362  49642.644    31.3692     8.4189     38.000     8.3851    24.3638     7.1421    10.2130    106.651    311.379    318.967   -0.00203    6.69673    9.56670  291.96108   15.09167 6.0116e-02     2.5097  0.8600904 0.0000e+00
        501 203.727871    0.03474     2.0846    125.080     39.371  49664.830    31.3788     8.3824     39.000     8.3557    24.3767     7.1446    10.2098    106.614    311.481    319.077   -0.00207    6.70131    9.57397  292.15675   15.10204 5.9715e-02     2.4424  0.8698088 0.0000e+00
        504 203.727878    0.03492     2.0950    125.701     40.381  49678.919    31.3840     8.3546     40.000     8.3314    24.3848     7.1474    10.2065    106.603    311.604    319.203   -0.00184    6.70470    9.57962  292.30309   15.11015 5.9356e-02     2.3796  0.8731772 0.0000e+00
        506 203.727886    0.03509     2.1054    126.322     41.391  49691.178    31.3886     8.3310     41.000     8.3115    24.3919     7.1409    10.1972    106.455    311.316    318.911   -0.00218    6.70790    9.58443  292.44078   15.11705 5.9029e-02     2.2701  0.8684375 0.0000e+00
        509 203.727893    0.03526     2.1157    126.943     42.400  49702.144    31.3930     8.3125     42.000     8.2964    24.3980     7.1290    10.1830    106.244    310.797    318.382   -0.00280    6.71003    9.58815  292.53162   15.12237 5.8737e-02     2.1592  0.8629474 0.0000e+00
        511 203.727900    0.03544     2.1261    127.565     43.410  49708.763    31.3949     8.2979     43.000     8.2829    24.4017     7.1183    10.1672    106.063    310.329    317.902   -0.00321    6.71134    9.59117  292.58764   15.12671 5.8493e-02     2.0599  0.8575993 0.0000e+00
        514 203.727907    0.03561     2.1364    128.187     44.420  49711.779    31.3946     8.2845     44.000     8.2676    24.4033     7.1058    10.1488    105.860    309.788    317.349   -0.00360    6.71248    9.59410  292.63754   15.13095 5.8298e-02     2.0020  0.8512751 0.0000e+00
        516 203.727915    0.03578     2.1468    128.809     45.430  49711.493    31.3914     8.2681     45.000     8.2460    24.4033     7.0902    10.1267    105.594    309.104    316.647   -0.00421    6.71454    9.59784  292.72824   15.13642 5.8125e-02     1.9465  0.8382345 0.0000e+00
        519 203.727922    0.03595     2.1572    129.430     46.439  49713.153    31.3887     8.2457     46.000     8.2189    24.4044     7.0719    10.1015    105.265    308.309    315.832   -0.00499    6.71823    9.60288  292.88929   15.14375 5.7948e-02     1.8403  0.8119485 0.0000e+00
        521 203.727929    0.03612     2.1675    130.052     47.450  49719.277    31.3881     8.2176     47.000     8.1877    24.4081     7.0527    10.0738    104.907    307.470    314.975   -0.00578    6.72285    9.60902  293.08956   15.15265 5.7758e-02     1.6593  0.7860851 0.0000e+00
        524 203.727936    0.03630     2.1779    130.674     48.459  49725.767    31.3874     8.1858     48.000     8.1533    24.4120     7.0307    10.0433    104.494    306.512    313.993   -0.00667    6.72838    9.61596  293.32988   15.16272 5.7572e-02     1.5190  0.7746500 0.0000e+00
        526 203.727944    0.03647     2.1883    131.297     49.468  49739.488    31.3912     8.1514     49.000     8.1212    24.4199     7.0039    10.0094    104.005    305.339    312.795   -0.00774    6.73426    9.62321  293.58266   15.17315 5.7407e-02     1.4196  0.7746758 0.0000e+00
        529 203.727950    0.03665     2.1986    131.919     50.478  49753.302    31.3955     8.1200     50.000     8.0923    24.4279     6.9770     9.9756    103.533    304.158    311.589   -0.00869    6.73887    9.62977  293.78101   15.18257 5.7252e-02     1.2982  0.7640913 0.0000e+00
        531 203.727957    0.03682     2.2090    132.540     51.488  49763.162    31.3976     8.0919     51.000     8.0647    24.4335     6.9553     9.9455    103.152    303.213    310.622   -0.00916    6.74275    9.63577  293.94836   15.19123 5.7101e-02     1.1857  0.7531153 0.0000e+00
        534 203.727965    0.03699     2.2194    133.163     52.499  49770.343    31.3978     8.0641     52.000     8.0363    24.4377     6.9367     9.9185    102.812    302.405    309.795   -0.00937    6.74703    9.64182  294.13504   15.19998 5.6955e-02     1.1095  0.7511224 0.0000e+00
        536 203.727972    0.03716     2.2298    133.787     53.508  49780.734    31.4002     8.0360     53.000     8.0103    24.4435     6.9162     9.8931    102.437    301.508    308.878   -0.00969    6.75171    9.64781  294.33697   15.20863 5.6821e-02     1.0470  0.7485633 0.0000e+00
        539 203.727979    0.03734     2.2402    134.413     54.518  49791.861    31.4035     8.0105     54.000     7.9880    24.4498     6.8982     9.8720    102.111    300.719    308.072   -0.00985    6.75557    9.65316  294.50237   15.21632 5.6699e-02     1.0068  0.7447132 0.0000e+00
        541 203.727986    0.03751     2.2507    135.040     55.526  49800.657    31.4059     7.9894     55.000     7.9689    24.4547     6.8898     9.8598    101.947    300.355    307.702   -0.00940    6.75829    9.65765  294.61946   15.22278 5.6609e-02     0.9791  0.7396287 0.0000e+00
