CTD-processing/allCTD/CNV/2012_05-02_t3_s05_cast022_5028.cnv
* Sea-Bird SBE19plus Data File:
* FileName = C:\Documents and Settings\glenn.seaman\My Documents\KHolderied-files\CTD-DATA-FILES\2012-05-LTM-LowerCookInlet-CTD\Transect3-2012-05-02-AnchPt\2012-05-02-Transect3-AnchorPt022.hex
* Software Version 1.59
* Temperature SN =  5028
* Conductivity SN =  5028
* System UpLoad Time = May 03 2012 00:38:21
** LTM Transect3-AnchorPt
** Date: 2012-05-02
** Station:3-5
** Start time (AKDT-24hr):2302
** Depth (m, not incl. transducer):25
# nquan = 26
# nvalues = 25                          
# units = specified
# name 0 = scan: Scan Count
# name 1 = timeJ: Julian Days
# name 2 = timeH: Time, Elapsed [hours]
# name 3 = timeM: Time, Elapsed [minutes]
# name 4 = timeS: Time, Elapsed [seconds]
# name 5 = prdM: Pressure, Strain Gauge [db]
# name 6 = specc: Specific Conductance [uS/cm]
# name 7 = sal00: Salinity, Practical [PSU]
# name 8 = tv290C: Temperature [ITS-90, deg C]
# name 9 = depSM: Depth [salt water, m], lat = 59.00
# name 10 = potemp090C: Potential Temperature [ITS-90, deg C]
# name 11 = sigma-é00: Density [sigma-theta, kg/m^3]
# name 12 = sbeox0ML/L: Oxygen, SBE 43 [ml/l]
# name 13 = sbeox0Mg/L: Oxygen, SBE 43 [mg/l]
# name 14 = sbeox0PS: Oxygen, SBE 43 [% saturation]
# name 15 = sbox0Mm/Kg: Oxygen, SBE 43 [umol/kg]
# name 16 = sbeox0Mm/L: Oxygen, SBE 43 [umol/l]
# name 17 = sbox0dV/dT: Oxygen, SBE 43 [dov/dt]
# name 18 = oxsolML/L: Oxygen Saturation, Garcia & Gordon [ml/l]
# name 19 = oxsolMg/L: Oxygen Saturation, Garcia & Gordon [mg/l]
# name 20 = oxsolMm/Kg: Oxygen Saturation, Garcia & Gordon [umol/kg]
# name 21 = n2satMg/L: Nitrogen Saturation [mg/l]
# name 22 = par: PAR/Irradiance, Biospherical/Licor [umol photons/m^2/sec]
# name 23 = flECO-AFL: Fluorescence, WET Labs ECO-AFL/FL [mg/m^3]
# name 24 = upoly0: Upoly 0, ECO-FLNTUS
# name 25 = flag: flag
# span 0 =        133,        421       
# span 1 = 123.959491, 123.960323       
# span 2 =    0.00918,    0.02915       
# span 3 =     0.5507,     1.7489       
# span 4 =     33.044,    104.937       
# span 5 =      1.010,     25.237       
# span 6 =  43468.645,  50318.103       
# span 7 =    26.6153,    30.8686       
# span 8 =     3.1214,     3.4580       
# span 9 =      1.000,     25.000       
# span 10 =     3.2207,     3.4548      
# span 11 =    21.1750,    24.5508      
# span 12 =     6.4804,     7.6256      
# span 13 =     9.4423,    10.8907      
# span 14 =     84.069,    100.910      
# span 15 =    282.984,    332.436      
# span 16 =    289.416,    340.561      
# span 17 =    0.00347,    0.01235      
# span 18 =    7.55386,    7.71732      
# span 19 =   10.78718,   11.23976      
# span 20 =  329.28907,  337.02840      
# span 21 =   16.86389,   17.60277      
# span 22 = 3.7490e-02, 5.2915e-02      
# span 23 =     0.2963,     0.4599      
# span 24 =  11.420331,  18.057965      
# span 25 = 0.0000e+00, 0.0000e+00      
# interval = meters: 1                  
# start_time = May 02 2012 23:01:07 [Instrument's time stamp, header]
# bad_flag = -9.990e-29
*END*
        133 123.959491    0.00918     0.5507     33.044      1.010  43468.645    26.6153     3.1214      1.000     3.2207    21.1750     6.4804     9.4423     84.069    282.984    289.416    0.00468    7.71732   11.23976  337.02840   17.60277 5.2915e-02     0.2963  11.420331 0.0000e+00
        316 123.960019    0.02186     1.3113     78.675      2.019  50318.103    30.8686     3.4580      2.000     3.4545    24.5508     7.0121    10.0131     92.817    305.674    313.159    0.01235    7.55386   10.78718  329.28907   16.86389 3.8466e-02     0.4087  13.448040 0.0000e+00
        315 123.960016    0.02178     1.3070     78.418      3.029  50069.019    30.7137     3.4465      3.000     3.4464    24.4278     6.9512     9.9490     91.952    303.037    310.440    0.00771    7.55959   10.80347  329.56062   16.89053 3.8184e-02     0.4241  14.565563 0.0000e+00
        321 123.960035    0.02223     1.3340     80.039      4.038  50070.869    30.7145     3.4467      4.000     3.4466    24.4284     6.9614     9.9470     92.087    303.482    310.895    0.00615    7.55956   10.80335  329.55957   16.89033 3.9270e-02     0.4289  14.714040 0.0000e+00
        327 123.960053    0.02266     1.3594     81.563      5.047  50071.947    30.7149     3.4473      5.000     3.4473    24.4287     6.9537     9.9423     91.987    303.148    310.553    0.00440    7.55943   10.80317  329.55388   16.89007 4.3961e-02     0.4393  15.415481 0.0000e+00
        332 123.960068    0.02302     1.3811     82.869      6.057  50073.105    30.7154     3.4480      6.000     3.4479    24.4290     6.9548     9.9481     92.003    303.193    310.600    0.00347    7.55925   10.80294  329.54553   16.88973 4.5434e-02     0.4326  15.305427 0.0000e+00
        338 123.960084    0.02340     1.4039     84.236      7.066  50074.035    30.7156     3.4486      7.000     3.4483    24.4291     6.9778     9.9769     92.309    304.196    311.627    0.00363    7.55913   10.80276  329.54005   16.88948 4.3457e-02     0.4313  15.345330 0.0000e+00
        344 123.960100    0.02379     1.4272     85.632      8.075  50074.204    30.7153     3.4491      8.000     3.4489    24.4289     7.0079    10.0192     92.708    305.508    312.971    0.00398    7.55908   10.80266  329.53799   16.88932 4.1228e-02     0.4202  15.427960 0.0000e+00
        349 123.960115    0.02414     1.4485     86.909      9.086  50074.103    30.7149     3.4497      9.000     3.4495    24.4285     7.0373    10.0664     93.099    306.792    314.286    0.00435    7.55897   10.80252  329.53402   16.88912 3.9722e-02     0.4181  15.465821 0.0000e+00
        353 123.960127    0.02444     1.4664     87.986     10.095  50075.272    30.7153     3.4503     10.000     3.4498    24.4288     7.0722    10.1223     93.561    308.312    315.843    0.00491    7.55885   10.80236  329.52824   16.88889 3.8985e-02     0.4250  15.430339 0.0000e+00
        357 123.960139    0.02472     1.4835     89.007     11.104  50076.379    30.7157     3.4507     11.000     3.4502    24.4290     7.1335    10.2004     94.374    310.986    318.583    0.00656    7.55878   10.80222  329.52515   16.88869 3.8770e-02     0.4246  15.631712 0.0000e+00
        361 123.960150    0.02500     1.5001     90.004     12.114  50078.027    30.7164     3.4511     12.000     3.4506    24.4295     7.1963    10.2833     95.205    313.721    321.385    0.00805    7.55869   10.80205  329.52124   16.88844 3.8498e-02     0.4257  15.760362 0.0000e+00
        365 123.960162    0.02528     1.5167     91.002     13.123  50081.576    30.7184     3.4515     13.000     3.4509    24.4311     7.2554    10.3646     95.988    316.297    324.024    0.00915    7.55854   10.80180  329.51436   16.88803 3.8016e-02     0.4268  15.761631 0.0000e+00
        369 123.960174    0.02557     1.5340     92.041     14.133  50088.434    30.7226     3.4521     14.000     3.4515    24.4345     7.3141    10.4438     96.772    318.856    326.648    0.01003    7.55811   10.80133  329.49396   16.88729 3.7687e-02     0.4266  15.977680 0.0000e+00
        374 123.960187    0.02587     1.5525     93.149     15.142  50093.443    30.7257     3.4527     15.000     3.4521    24.4368     7.3616    10.5137     97.404    320.928    328.770    0.01018    7.55781   10.80092  329.48034   16.88664 3.7551e-02     0.4242  16.670192 0.0000e+00
        378 123.960201    0.02621     1.5723     94.340     16.152  50097.581    30.7281     3.4534     16.000     3.4529    24.4387     7.4067    10.5764     98.003    322.892    330.783    0.01006    7.55761   10.80058  329.47099   16.88610 3.7508e-02     0.4347  16.824324 0.0000e+00
        383 123.960215    0.02655     1.5926     95.559     17.161  50100.794    30.7301     3.4543     17.000     3.4536    24.4402     7.4364    10.6223     98.400    324.184    332.107    0.00936    7.55727   10.80019  329.45572   16.88551 3.7495e-02     0.4281  17.058891 0.0000e+00
        388 123.960228    0.02687     1.6120     96.719     18.171  50101.853    30.7304     3.4549     18.000     3.4540    24.4404     7.4520    10.6563     98.608    324.869    332.808    0.00819    7.55717   10.80001  329.45119   16.88524 3.7492e-02     0.4445  17.703005 0.0000e+00
        392 123.960241    0.02718     1.6311     97.866     19.180  50102.802    30.7306     3.4552     19.000     3.4541    24.4405     7.4931    10.7052     99.153    326.660    334.644    0.00833    7.55713   10.79992  329.44962   16.88511 3.7491e-02     0.4399  17.992723 0.0000e+00
        397 123.960256    0.02752     1.6512     99.072     20.190  50103.687    30.7307     3.4554     20.000     3.4543    24.4406     7.5274    10.7505     99.607    328.153    336.174    0.00811    7.55709   10.79984  329.44764   16.88500 3.7490e-02     0.4498  17.937259 0.0000e+00
        402 123.960269    0.02786     1.6715    100.287     21.199  50104.539    30.7309     3.4556     21.000     3.4543    24.4407     7.5471    10.7815     99.869    329.014    337.056    0.00734    7.55705   10.79980  329.44609   16.88493 3.7490e-02     0.4599  17.947317 0.0000e+00
        407 123.960283    0.02817     1.6901    101.406     22.209  50105.323    30.7309     3.4556     22.000     3.4543    24.4408     7.5574    10.8023    100.004    329.462    337.514    0.00641    7.55707   10.79979  329.44712   16.88492 3.7490e-02     0.4526  17.941229 0.0000e+00
        411 123.960295    0.02847     1.7081    102.485     23.218  50106.669    30.7313     3.4557     23.000     3.4545    24.4411     7.5730    10.8266    100.212    330.143    338.212    0.00588    7.55702   10.79972  329.44443   16.88482 3.7490e-02     0.4546  17.859235 0.0000e+00
        415 123.960308    0.02878     1.7269    103.615     24.228  50107.925    30.7317     3.4559     24.000     3.4546    24.4414     7.6017    10.8601    100.593    331.394    339.493    0.00596    7.55694   10.79963  329.44072   16.88468 3.7490e-02     0.4362  17.983872 0.0000e+00
        421 123.960323    0.02915     1.7489    104.937     25.237  50109.361    30.7322     3.4562     25.000     3.4548    24.4418     7.6256    10.8907    100.910    332.436    340.561    0.00568    7.55687   10.79954  329.43780   16.88454 3.7490e-02     0.4360  18.057965 0.0000e+00
