CTD-processing/allCTD/CNV/2012_07-02_subbays_jbaya_cast149_5028.cnv
* Sea-Bird SBE19plus Data File:
* FileName = C:\Documents and Settings\kris.holderied.local\My Documents\CTD-data-upload-2012-07-28\CTD5028-upload-2012-07-28-cast149.hex
* Software Version 1.54
* Temperature SN =  5028
* Conductivity SN =  5028
* System UpLoad Time = Jul 28 2012 11:57:03
** Kachemak Bay - CTD data - upload all 2012-07-28
** Date:  2012-07-02   xxxx Tide (x of 2 lines)
** Station: Jakolof A
** Start time (AKDT-24 hr): 0825
** Depth (ft):36
** Comments:  At mouth
# nquan = 26
# nvalues = 9                           
# units = specified
# name 0 = scan: Scan Count
# name 1 = timeJ: Julian Days
# name 2 = timeH: Time, Elapsed [hours]
# name 3 = timeM: Time, Elapsed [minutes]
# name 4 = timeS: Time, Elapsed [seconds]
# name 5 = prdM: Pressure, Strain Gauge [db]
# name 6 = specc: Specific Conductance [uS/cm]
# name 7 = sal00: Salinity, Practical [PSU]
# name 8 = tv290C: Temperature [ITS-90, deg C]
# name 9 = depSM: Depth [salt water, m], lat = 59.00
# name 10 = potemp090C: Potential Temperature [ITS-90, deg C]
# name 11 = sigma-é00: Density [sigma-theta, kg/m^3]
# name 12 = sbeox0ML/L: Oxygen, SBE 43 [ml/l]
# name 13 = sbeox0Mg/L: Oxygen, SBE 43 [mg/l]
# name 14 = sbeox0PS: Oxygen, SBE 43 [% saturation]
# name 15 = sbox0Mm/Kg: Oxygen, SBE 43 [umol/kg]
# name 16 = sbeox0Mm/L: Oxygen, SBE 43 [umol/l]
# name 17 = sbox0dV/dT: Oxygen, SBE 43 [dov/dt]
# name 18 = oxsolML/L: Oxygen Saturation, Garcia & Gordon [ml/l]
# name 19 = oxsolMg/L: Oxygen Saturation, Garcia & Gordon [mg/l]
# name 20 = oxsolMm/Kg: Oxygen Saturation, Garcia & Gordon [umol/kg]
# name 21 = n2satMg/L: Nitrogen Saturation [mg/l]
# name 22 = par: PAR/Irradiance, Biospherical/Licor [umol photons/m^2/sec]
# name 23 = flECO-AFL: Fluorescence, WET Labs ECO-AFL/FL [mg/m^3]
# name 24 = upoly0: Upoly 0, ECO-FLNTUS
# name 25 = flag: flag
# span 0 =        330,        358       
# span 1 = 184.352284, 184.352364       
# span 2 =    0.02287,    0.02478       
# span 3 =     1.3718,     1.4870       
# span 4 =     82.311,     89.219       
# span 5 =      1.010,      9.085       
# span 6 =  47961.204,  49436.021       
# span 7 =    30.3005,    31.2375       
# span 8 =     8.4207,     9.0669       
# span 9 =      1.000,      9.000       
# span 10 =     8.3895,     9.0586      
# span 11 =    23.4306,    24.2599      
# span 12 =     5.7138,     8.2608      
# span 13 =     9.0416,    10.8590      
# span 14 =     85.858,    124.382      
# span 15 =    249.213,    360.452      
# span 16 =    255.179,    368.926      
# span 17 =   -0.08984,    0.06805      
# span 18 =    6.64169,    6.70396      
# span 19 =    9.49429,    9.57452      
# span 20 =  289.79882,  292.29979      
# span 21 =   15.00232,   15.10501      
# span 22 = 1.4800e+01, 2.2598e+02      
# span 23 =     1.3921,     4.7358      
# span 24 =  0.8689559,  1.0043492      
# span 25 = 0.0000e+00, 0.0000e+00      
# interval = meters: 1                  
# start_time = Jul 02 2012 08:25:55 [Instrument's time stamp, header]
# bad_flag = -9.990e-29
*END*
        330 184.352284    0.02287     1.3718     82.311      1.010  47961.204    30.3005     9.0669      1.000     9.0586    23.4306     7.2115    10.4989    108.548    314.706    322.067    0.01201    6.64357    9.49429  289.92111   15.00313 2.2598e+02     1.3921  0.9710243 0.0000e+00
        336 184.352301    0.02328     1.3967     83.803      2.019  48245.351    30.4905     9.0051      2.000     8.9604    23.5885     8.2608    10.8590    124.382    360.452    368.926    0.06805    6.64169    9.49574  289.79882   15.00232 1.5206e+02     1.5383  1.0043492 0.0000e+00
        340 184.352311    0.02352     1.4112     84.672      3.028  48575.745    30.7086     8.9123      3.000     8.8485    23.7729     6.4482     9.6051     97.048    281.300    287.980   -0.03739    6.64567    9.50206  289.90035   15.00815 1.0551e+02     2.1585  0.9707953 0.0000e+00
        343 184.352320    0.02374     1.4241     85.448      4.038  48826.086    30.8700     8.8160      4.000     8.7628    23.9136     5.7138     9.0416     85.858    249.213    255.179   -0.08984    6.65537    9.51260  290.27612   15.02096 7.5629e+01     3.2350  0.9178415 0.0000e+00
        346 184.352328    0.02394     1.4364     86.182      5.047  48992.702    30.9754     8.7395      5.000     8.6859    24.0076     6.4643     9.4479     97.033    281.918    288.694   -0.03307    6.66149    9.52240  290.52022   15.03355 5.4481e+01     4.0970  0.8996297 0.0000e+00
        349 184.352337    0.02414     1.4483     86.897      6.057  49123.793    31.0555     8.6616      6.000     8.6019    24.0819     7.0060     9.9082    105.028    305.525    312.888    0.00450    6.67012    9.53411  290.87865   15.04928 3.9467e+01     4.5790  0.8982746 0.0000e+00
        351 184.352345    0.02434     1.4601     87.606      7.066  49247.461    31.1295     8.5777      7.000     8.5221    24.1522     7.2696    10.2318    108.801    316.997    324.659    0.01960    6.68132    9.54749  291.34603   15.06753 2.8293e+01     4.7358  0.8981083 0.0000e+00
        354 184.352353    0.02453     1.4722     88.333      8.076  49354.055    31.1922     8.4991      8.000     8.4496    24.2129     7.3783    10.4264    110.268    321.717    329.514    0.02273    6.69112    9.56047  291.75442   15.08535 2.0325e+01     4.6645  0.8843757 0.0000e+00
        358 184.352364    0.02478     1.4870     89.219      9.085  49436.021    31.2375     8.4207      9.000     8.3895    24.2599     7.4306    10.5424    110.837    323.980    331.849    0.02107    6.70396    9.57452  292.29979   15.10501 1.4800e+01     4.6080  0.8689559 0.0000e+00
