CTD-processing/allCTD/CNV/2012_10-29_t9_s01_cast073_4141.cnv
* Sea-Bird SBE19plus Data File:
* FileName = C:\Documents and Settings\kris.holderied.local\My Documents\2012-CTD-DATA-new-files\2012-10-CookInlet-LTM\2012-10-29-LTM-CookInlet-Tran9-SpitLine\2012-10-29-CookInlet-Tran9-SpitLine-cast073.hex
* Software Version 1.54
* Temperature SN =  4141
* Conductivity SN =  4141
* System UpLoad Time = Nov 20 2012 20:47:56
** Cook Inlet EVOSTC Transect 9 Spit Line south to north
** Date:  29 Oct 2012
** Station:  9-01
** Start time (AKDT-24 hr): 1909
** Depth (m): 60
** Comment:Seas lower 2-4 feet Flow meter start 103976 end 106869
# nquan = 27
# nvalues = 52                          
# units = specified
# name 0 = scan: Scan Count
# name 1 = timeJ: Julian Days
# name 2 = timeH: Time, Elapsed [hours]
# name 3 = timeM: Time, Elapsed [minutes]
# name 4 = timeS: Time, Elapsed [seconds]
# name 5 = prdM: Pressure, Strain Gauge [db]
# name 6 = specc: Specific Conductance [uS/cm]
# name 7 = sal00: Salinity, Practical [PSU]
# name 8 = tv290C: Temperature [ITS-90, deg C]
# name 9 = depSM: Depth [salt water, m], lat = 59.00
# name 10 = potemp090C: Potential Temperature [ITS-90, deg C]
# name 11 = sigma-é00: Density [sigma-theta, kg/m^3]
# name 12 = sbeox0ML/L: Oxygen, SBE 43 [ml/l]
# name 13 = sbeox0Mg/L: Oxygen, SBE 43 [mg/l]
# name 14 = sbeox0PS: Oxygen, SBE 43 [% saturation]
# name 15 = sbox0Mm/Kg: Oxygen, SBE 43 [umol/kg]
# name 16 = sbeox0Mm/L: Oxygen, SBE 43 [umol/l]
# name 17 = sbox0dV/dT: Oxygen, SBE 43 [dov/dt]
# name 18 = oxsolML/L: Oxygen Saturation, Garcia & Gordon [ml/l]
# name 19 = oxsolMg/L: Oxygen Saturation, Garcia & Gordon [mg/l]
# name 20 = oxsolMm/Kg: Oxygen Saturation, Garcia & Gordon [umol/kg]
# name 21 = n2satMg/L: Nitrogen Saturation [mg/l]
# name 22 = par: PAR/Irradiance, Biospherical/Licor
# name 23 = wetStar: Fluorescence, WET Labs WETstar [mg/m^3]
# name 24 = CStarAt0: Beam Attenuation, WET Labs C-Star [1/m]
# name 25 = CStarTr0: Beam Transmission, WET Labs C-Star [%]
# name 26 = flag: flag
# span 0 =         87,        709       
# span 1 = 303.798942, 303.800740       
# span 2 =    0.00599,    0.04916       
# span 3 =     0.3594,     2.9493       
# span 4 =     21.565,    176.960       
# span 5 =      1.001,     52.484       
# span 6 =  49246.398,  49898.067       
# span 7 =    30.9449,    31.3156       
# span 8 =     6.7883,     7.7878       
# span 9 =      1.000,     52.000       
# span 10 =     7.2141,     7.7841      
# span 11 =    24.1770,    24.5439      
# span 12 =     5.7610,     6.9451      
# span 13 =     8.2331,     9.9253      
# span 14 =     84.680,     99.917      
# span 15 =    251.191,    302.756      
# span 16 =    257.288,    310.171      
# span 17 =   -0.00758,    0.02559      
# span 18 =    6.80085,    6.95245      
# span 19 =    9.71909,    9.93574      
# span 20 =  296.52871,  303.07095      
# span 21 =   15.31588,   15.62717      
# span 22 = 3.3211e-02, 2.5250e-01      
# span 23 =     0.2094,     0.6235      
# span 24 =     0.6812,     9.8929      
# span 25 =    14.4950,    84.3402      
# span 26 = 0.0000e+00, 0.0000e+00      
# interval = meters: 1                  
# start_time = Oct 29 2012 19:10:07 [Instrument's time stamp, header]
# bad_flag = -9.990e-29
*END*
         87 303.798942    0.00599     0.3594     21.565      1.001  49898.067    31.3156     6.7883      1.000     7.2141    24.5439     6.9451     9.9253     99.917    302.756    310.171    0.02559    6.95245    9.93574  303.07095   15.62717 3.3211e-02     0.2094     9.8929    14.4950 0.0000e+00
         94 303.798962    0.00649     0.3892     23.355      2.019  49246.398    30.9449     7.3706      2.000     7.4391    24.1770     6.8090     9.7308     99.042    296.912    304.090    0.01029    6.87484    9.82483  299.78362   15.47196 1.6787e-01     0.2103     1.6484    73.6720 0.0000e+00
        357 303.799722    0.02471     1.4824     88.944      3.036  49251.923    30.9700     7.5113      3.000     7.5109    24.1780     5.9174     8.4566     86.366    258.031    264.270   -0.00758    6.85135    9.79127  298.75795   15.42294 2.4262e-01     0.5380     0.7201    83.5261 0.0000e+00
        407 303.799867    0.02819     1.6914    101.483      4.034  49297.883    31.0041     7.5272      4.000     7.5304    24.2027     5.8455     8.3538     85.368    254.889    261.058    0.00083    6.84732    9.78551  298.57507   15.41407 2.5250e-01     0.6011     0.7251    83.4211 0.0000e+00
        415 303.799890    0.02874     1.7244    103.464      5.046  49291.757    31.0003     7.5326      5.000     7.5330    24.1990     5.8328     8.3356     85.192    254.337    260.492   -0.00047    6.84665    9.78454  298.54671   15.41273 1.5091e-01     0.6194     0.7131    83.6706 0.0000e+00
        421 303.799908    0.02919     1.7515    105.089      6.070  49342.521    31.0364     7.5397      6.000     7.5607    24.2263     5.8160     8.3116     84.980    253.599    259.743   -0.00201    6.84391    9.78063  298.41936   15.40651 8.3158e-02     0.6084     0.7168    83.5939 0.0000e+00
        425 303.799918    0.02941     1.7649    105.893      7.054  49371.757    31.0625     7.5783      7.000     7.6036    24.2416     5.8091     8.3017     84.969    253.293    259.433   -0.00219    6.83670    9.77033  298.10071   15.39119 9.2929e-02     0.6235     0.7161    83.6071 0.0000e+00
        432 303.799941    0.02996     1.7975    107.850      8.081  49421.841    31.1139     7.6834      8.000     7.7062    24.2676     5.8073     8.2992     85.176    253.210    259.355    0.00017    6.81804    9.74365  297.27929   15.35179 5.7721e-02     0.5600     0.6817    84.3321 0.0000e+00
        438 303.799957    0.03037     1.8221    109.327      9.083  49408.700    31.1131     7.7383      9.000     7.7421    24.2595     5.7823     8.2634     84.914    252.120    258.236   -0.00237    6.80953    9.73150  296.91080   15.33420 5.0734e-02     0.5182     0.6983    83.9816 0.0000e+00
        443 303.799971    0.03070     1.8422    110.531     10.096  49406.984    31.1132     7.7489     10.000     7.7492    24.2580     5.7665     8.2409     84.704    251.434    257.534   -0.00370    6.80788    9.72914  296.83911   15.33078 4.5457e-02     0.4862     0.7011    83.9223 0.0000e+00
        448 303.799985    0.03102     1.8615    111.689     11.107  49404.046    31.1108     7.7497     11.000     7.7489    24.2561     5.7736     8.2511     84.808    251.743    257.849   -0.00156    6.80785    9.72910  296.83838   15.33076 3.9607e-02     0.4766     0.6956    84.0384 0.0000e+00
        453 303.800000    0.03140     1.8842    113.050     12.110  49406.988    31.1127     7.7514     12.000     7.7509    24.2573     5.7745     8.2523     84.825    251.780    257.887   -0.00083    6.80752    9.72863  296.82366   15.33005 3.7560e-02     0.4714     0.6928    84.0984 0.0000e+00
        461 303.800022    0.03191     1.9148    114.890     13.132  49402.049    31.1087     7.7511     13.000     7.7469    24.2542     5.7685     8.2437     84.734    251.520    257.620   -0.00131    6.80773    9.72894  296.83401   15.33056 3.6373e-02     0.4755     0.6949    84.0517 0.0000e+00
        464 303.800033    0.03218     1.9311    115.868     14.125  49408.766    31.1121     7.7456     14.000     7.7451    24.2577     5.7706     8.2468     84.757    251.613    257.716   -0.00081    6.80844    9.72994  296.86373   15.33196 3.6382e-02     0.4566     0.7096    83.7435 0.0000e+00
        470 303.800048    0.03254     1.9523    117.135     15.150  49416.843    31.1180     7.7504     15.000     7.7512    24.2617     5.7811     8.2618     84.923    252.068    258.184    0.00074    6.80743    9.72849  296.81830   15.32977 3.6382e-02     0.4638     0.6882    84.1935 0.0000e+00
        473 303.800059    0.03280     1.9680    118.082     16.151  49411.839    31.1145     7.7531     16.000     7.7519    24.2586     5.7904     8.2750     85.063    252.473    258.597    0.00186    6.80716    9.72811  296.80755   15.32927 3.6382e-02     0.4711     0.7063    83.8129 0.0000e+00
        478 303.800073    0.03313     1.9879    119.274     17.151  49413.492    31.1153     7.7539     17.000     7.7528    24.2592     5.7852     8.2677     84.989    252.249    258.368    0.00058    6.80701    9.72790  296.80093   15.32895 3.6382e-02     0.4643     0.6920    84.1142 0.0000e+00
        487 303.800097    0.03372     2.0235    121.407     18.182  49408.100    31.1111     7.7540     18.000     7.7495    24.2559     5.7708     8.2471     84.776    251.621    257.724   -0.00151    6.80717    9.72814  296.80910   15.32936 3.6382e-02     0.4448     0.6812    84.3402 0.0000e+00
        491 303.800109    0.03400     2.0400    122.402     19.180  49406.156    31.1082     7.7469     19.000     7.7432    24.2545     5.7653     8.2392     84.680    251.383    257.480   -0.00220    6.80841    9.72990  296.86333   15.33196 3.6382e-02     0.4608     0.7022    83.8998 0.0000e+00
        495 303.800121    0.03429     2.0575    123.450     20.186  49413.660    31.1128     7.7456     20.000     7.7449    24.2583     5.7786     8.2583     84.875    251.963    258.075    0.00002    6.80841    9.72990  296.86222   15.33189 3.6382e-02     0.4783     0.7022    83.9006 0.0000e+00
        500 303.800135    0.03464     2.0783    124.696     21.196  49415.683    31.1143     7.7491     21.000     7.7478    24.2591     5.7846     8.2668     84.970    252.221    258.340    0.00089    6.80780    9.72903  296.83542   15.33060 3.6382e-02     0.4698     0.6883    84.1905 0.0000e+00
        506 303.800152    0.03505     2.1029    126.173     22.209  49409.609    31.1095     7.7486     22.000     7.7451    24.2554     5.7884     8.2722     85.023    252.389    258.512    0.00082    6.80810    9.72945  296.84927   15.33128 3.6382e-02     0.4692     0.6827    84.3088 0.0000e+00
        512 303.800172    0.03551     2.1305    127.832     23.219  49406.079    31.1058     7.7434     23.000     7.7391    24.2532     5.7849     8.2672     84.959    252.236    258.354   -0.00010    6.80906    9.73083  296.89209   15.33334 3.6382e-02     0.4734     0.6869    84.2199 0.0000e+00
        518 303.800188    0.03591     2.1547    129.281     24.247  49402.489    31.1017     7.7366     24.000     7.7330    24.2510     5.7730     8.2503     84.769    251.720    257.824   -0.00172    6.81030    9.73260  296.94662   15.33596 3.6382e-02     0.4577     0.6973    84.0043 0.0000e+00
        521 303.800197    0.03612     2.1670    130.021     25.223  49408.580    31.1054     7.7355     25.000     7.7332    24.2540     5.7732     8.2504     84.770    251.723    257.828   -0.00182    6.81031    9.73261  296.94630   15.33593 3.6382e-02     0.4613     0.7296    83.3281 0.0000e+00
        528 303.800218    0.03661     2.1966    131.798     26.250  49406.906    31.1035     7.7340     26.000     7.7316    24.2527     5.7762     8.2547     84.811    251.855    257.963   -0.00078    6.81061    9.73305  296.95990   15.33659 3.6382e-02     0.4807     0.7014    83.9171 0.0000e+00
        534 303.800234    0.03701     2.2208    133.246     27.251  49409.191    31.1046     7.7342     27.000     7.7328    24.2536     5.7760     8.2544     84.810    251.848    257.957   -0.00081    6.81054    9.73295  296.95643   15.33642 3.6382e-02     0.4853     0.7134    83.6634 0.0000e+00
        541 303.800254    0.03748     2.2486    134.915     28.265  49412.982    31.1075     7.7378     28.000     7.7365    24.2553     5.7837     8.2655     84.932    252.184    258.301    0.00042    6.80985    9.73196  296.92599   15.33496 3.6382e-02     0.4831     0.6928    84.0990 0.0000e+00
        548 303.800274    0.03797     2.2778    136.668     29.276  49414.893    31.1088     7.7410     29.000     7.7388    24.2560     5.7741     8.2517     84.797    251.764    257.871   -0.00113    6.80930    9.73117  296.90157   15.33378 3.6382e-02     0.4684     0.7031    83.8809 0.0000e+00
        553 303.800290    0.03835     2.3010    138.061     30.283  49412.475    31.1066     7.7403     30.000     7.7371    24.2543     5.7745     8.2523     84.800    251.780    257.887   -0.00078    6.80950    9.73145  296.91080   15.33424 3.6382e-02     0.4680     0.6959    84.0309 0.0000e+00
        560 303.800310    0.03882     2.3294    139.764     31.292  49413.423    31.1067     7.7400     31.000     7.7370    24.2545     5.7790     8.2588     84.866    251.978    258.089    0.00004    6.80956    9.73153  296.91331   15.33435 3.6382e-02     0.4648     0.6897    84.1627 0.0000e+00
        568 303.800332    0.03935     2.3607    141.641     32.311  49418.191    31.1097     7.7409     32.000     7.7393    24.2567     5.7761     8.2547     84.827    251.851    257.960   -0.00033    6.80928    9.73114  296.90054   15.33373 3.6382e-02     0.4691     0.6885    84.1883 0.0000e+00
        572 303.800345    0.03968     2.3810    142.857     33.314  49414.703    31.1074     7.7444     33.000     7.7406    24.2545     5.7720     8.2489     84.773    251.676    257.781   -0.00090    6.80884    9.73051  296.88186   15.33285 3.6382e-02     0.4623     0.6996    83.9544 0.0000e+00
        579 303.800364    0.04013     2.4075    144.449     34.322  49415.478    31.1071     7.7419     34.000     7.7385    24.2546     5.7729     8.2501     84.781    251.714    257.819   -0.00030    6.80924    9.73108  296.89935   15.33368 3.6382e-02     0.4738     0.6950    84.0516 0.0000e+00
        586 303.800386    0.04066     2.4393    146.360     35.339  49418.973    31.1092     7.7426     35.000     7.7400    24.2561     5.7757     8.2540     84.824    251.833    257.941   -0.00002    6.80904    9.73080  296.89022   15.33324 3.6382e-02     0.4790     0.6972    84.0051 0.0000e+00
        592 303.800402    0.04103     2.4618    147.706     36.335  49419.744    31.1094     7.7432     36.000     7.7403    24.2562     5.7801     8.2604     84.891    252.028    258.141    0.00030    6.80894    9.73065  296.88582   15.33303 3.6382e-02     0.4742     0.6984    83.9802 0.0000e+00
        600 303.800426    0.04162     2.4970    149.822     37.361  49417.066    31.1072     7.7440     37.000     7.7393    24.2544     5.7837     8.2655     84.943    252.183    258.300    0.00029    6.80892    9.73061  296.88511   15.33301 3.6382e-02     0.4760     0.6935    84.0810 0.0000e+00
        604 303.800438    0.04189     2.5132    150.792     38.347  49414.805    31.1047     7.7410     38.000     7.7361    24.2529     5.7839     8.2657     84.939    252.192    258.308    0.00021    6.80947    9.73142  296.91019   15.33421 3.6382e-02     0.4630     0.7107    83.7209 0.0000e+00
        613 303.800465    0.04253     2.5520    153.121     39.376  49434.853    31.1183     7.7413     39.000     7.7447    24.2635     5.7804     8.2608     84.896    252.039    258.154   -0.00023    6.80883    9.73050  296.87900   15.33267 3.6382e-02     0.4694     0.6864    84.2317 0.0000e+00
        621 303.800487    0.04308     2.5851    155.103     40.385  49427.018    31.1141     7.7522     40.000     7.7494    24.2587     5.7787     8.2583     84.890    251.964    258.077   -0.00023    6.80732    9.72834  296.81462   15.32961 3.6382e-02     0.4591     0.6919    84.1154 0.0000e+00
        629 303.800508    0.04358     2.6148    156.889     41.401  49457.121    31.1353     7.7562     41.000     7.7636    24.2748     5.7806     8.2610     84.936    252.042    258.161    0.00014    6.80577    9.72612  296.74222   15.32607 3.6382e-02     0.4408     0.7021    83.9015 0.0000e+00
        632 303.800518    0.04382     2.6290    157.739     42.384  49446.776    31.1302     7.7720     42.000     7.7712    24.2686     5.7803     8.2606     84.960    252.029    258.145    0.00016    6.80353    9.72294  296.64679   15.32154 3.6382e-02     0.4670     0.7554    82.7914 0.0000e+00
        642 303.800547    0.04450     2.6701    160.209     43.411  49442.047    31.1271     7.7764     43.000     7.7727    24.2656     5.7766     8.2554     84.913    251.872    257.984   -0.00048    6.80300    9.72216  296.62404   15.32047 3.6382e-02     0.4328     0.7232    83.4596 0.0000e+00
        651 303.800572    0.04512     2.7071    162.425     44.428  49443.313    31.1279     7.7783     44.000     7.7743    24.2660     5.7754     8.2536     84.899    251.818    257.930   -0.00038    6.80266    9.72168  296.60935   15.31976 3.6382e-02     0.4615     0.7196    83.5356 0.0000e+00
        655 303.800585    0.04544     2.7260    163.559     45.431  49441.394    31.1259     7.7775     45.000     7.7731    24.2646     5.7738     8.2513     84.872    251.748    257.857   -0.00070    6.80289    9.72200  296.61935   15.32025 3.6382e-02     0.4487     0.7473    82.9600 0.0000e+00
        662 303.800605    0.04591     2.7544    165.265     46.437  49449.089    31.1311     7.7790     46.000     7.7764    24.2684     5.7752     8.2533     84.898    251.808    257.919   -0.00030    6.80242    9.72134  296.59831   15.31922 3.6382e-02     0.4421     0.7465    82.9777 0.0000e+00
        672 303.800635    0.04662     2.7971    167.828     47.454  49446.820    31.1295     7.7823     47.000     7.7775    24.2668     5.7689     8.2443     84.812    251.535    257.638   -0.00108    6.80197    9.72070  296.57914   15.31831 3.6382e-02     0.4511     0.7410    83.0894 0.0000e+00
        678 303.800650    0.04699     2.8196    169.177     48.455  49445.332    31.1277     7.7799     48.000     7.7748    24.2656     5.7744     8.2523     84.888    251.777    257.887   -0.00006    6.80243    9.72135  296.59926   15.31928 3.6382e-02     0.4451     0.7539    82.8222 0.0000e+00
        686 303.800674    0.04756     2.8539    171.231     49.476  49442.995    31.1252     7.7773     49.000     7.7720    24.2640     5.7616     8.2339     84.693    251.218    257.313   -0.00161    6.80295    9.72209  296.62230   15.32039 3.6382e-02     0.4424     0.7382    83.1474 0.0000e+00
        692 303.800690    0.04796     2.8774    172.643     50.474  49447.360    31.1280     7.7782     50.000     7.7740    24.2661     5.7662     8.2405     84.764    251.417    257.518   -0.00060    6.80267    9.72170  296.60979   15.31979 3.6382e-02     0.4450     0.7556    82.7868 0.0000e+00
        701 303.800718    0.04863     2.9176    175.057     51.490  49451.986    31.1313     7.7817     51.000     7.7781    24.2682     5.7723     8.2492     84.861    251.682    257.790    0.00027    6.80200    9.72074  296.57989   15.31835 3.6382e-02     0.4600     0.7321    83.2743 0.0000e+00
        709 303.800740    0.04916     2.9493    176.960     52.484  49457.786    31.1359     7.7878     52.000     7.7841    24.2710     5.7610     8.2331     84.711    251.191    257.288   -0.00124    6.80085    9.71909  296.52871   15.31588 3.6382e-02     0.4367     0.7393    83.1263 0.0000e+00
