CTD-processing/allCTD/CNV/2012_10-29_t3_s06_cast051_4141.cnv
* Sea-Bird SBE19plus Data File:
* FileName = C:\Documents and Settings\kris.holderied.local\My Documents\2012-CTD-DATA-new-files\2012-10-CookInlet-LTM\2012-10-29-LTM-CookInlet-Tran3-AnchorPt\2012-10-29-CookInlet-Tran3-cast051.hex
* Software Version 1.54
* Temperature SN =  4141
* Conductivity SN =  4141
* System UpLoad Time = Nov 20 2012 18:19:57
** Cook Inlet EVOSTC Transect 3 Anchor Pt west to east
** Date:  29 Oct 2012
** Station:  3-06
** Start time (AKDT-24 hr):  1009
** Depth (m):  49
** Comment:Large waves continue. Winds increased to 15-20 kts from SE with higher gusts. Sees 5-6ft and steep w/ opposing tide.
# nquan = 27
# nvalues = 43                          
# units = specified
# name 0 = scan: Scan Count
# name 1 = timeJ: Julian Days
# name 2 = timeH: Time, Elapsed [hours]
# name 3 = timeM: Time, Elapsed [minutes]
# name 4 = timeS: Time, Elapsed [seconds]
# name 5 = prdM: Pressure, Strain Gauge [db]
# name 6 = specc: Specific Conductance [uS/cm]
# name 7 = sal00: Salinity, Practical [PSU]
# name 8 = tv290C: Temperature [ITS-90, deg C]
# name 9 = depSM: Depth [salt water, m], lat = 59.00
# name 10 = potemp090C: Potential Temperature [ITS-90, deg C]
# name 11 = sigma-é00: Density [sigma-theta, kg/m^3]
# name 12 = sbeox0ML/L: Oxygen, SBE 43 [ml/l]
# name 13 = sbeox0Mg/L: Oxygen, SBE 43 [mg/l]
# name 14 = sbeox0PS: Oxygen, SBE 43 [% saturation]
# name 15 = sbox0Mm/Kg: Oxygen, SBE 43 [umol/kg]
# name 16 = sbeox0Mm/L: Oxygen, SBE 43 [umol/l]
# name 17 = sbox0dV/dT: Oxygen, SBE 43 [dov/dt]
# name 18 = oxsolML/L: Oxygen Saturation, Garcia & Gordon [ml/l]
# name 19 = oxsolMg/L: Oxygen Saturation, Garcia & Gordon [mg/l]
# name 20 = oxsolMm/Kg: Oxygen Saturation, Garcia & Gordon [umol/kg]
# name 21 = n2satMg/L: Nitrogen Saturation [mg/l]
# name 22 = par: PAR/Irradiance, Biospherical/Licor
# name 23 = wetStar: Fluorescence, WET Labs WETstar [mg/m^3]
# name 24 = CStarAt0: Beam Attenuation, WET Labs C-Star [1/m]
# name 25 = CStarTr0: Beam Transmission, WET Labs C-Star [%]
# name 26 = flag: flag
# span 0 =         94,        620       
# span 1 = 303.422722, 303.424244       
# span 2 =    0.00644,    0.04297       
# span 3 =     0.3862,     2.5779       
# span 4 =     23.169,    154.673       
# span 5 =      0.989,     43.370       
# span 6 =  45722.025,  48083.080       
# span 7 =    28.4408,    30.1278       
# span 8 =     6.3687,     7.4339       
# span 9 =      1.000,     43.000       
# span 10 =     6.7650,     7.4301      
# span 11 =    22.2632,    23.5273      
# span 12 =     5.7533,     6.8942      
# span 13 =     8.2221,     9.8525      
# span 14 =     81.511,     96.637      
# span 15 =    251.346,    301.087      
# span 16 =    256.943,    307.897      
# span 17 =   -0.04601,    0.01233      
# span 18 =    6.90147,    7.13587      
# span 19 =    9.86289,   10.19788      
# span 20 =  301.13468,  311.63719      
# span 21 =   15.53980,   16.04570      
# span 22 = 3.6382e-02, 1.1431e+01      
# span 23 =     0.1503,     0.7613      
# span 24 =     1.7638,     7.8247      
# span 25 =    19.8639,    64.3934      
# span 26 = 0.0000e+00, 0.0000e+00      
# interval = meters: 1                  
# start_time = Oct 29 2012 10:08:20 [Instrument's time stamp, header]
# bad_flag = -9.990e-29
*END*
         94 303.422722    0.00644     0.3862     23.169      0.989  46420.861    28.8333     6.3687      1.000     6.7650    22.6407     6.8942     9.8525     96.637    301.087    307.897    0.01233    7.13587   10.19788  311.63719   16.04570 1.1431e+01     0.1503     7.8247    21.6442 0.0000e+00
        179 303.422968    0.01235     0.7409     44.457      2.009  45722.025    28.4408     6.9467      2.000     6.9821    22.2632     5.7533     8.2221     81.511    251.346    256.943   -0.04601    7.05751   10.08589  308.32449   15.88958 1.0252e+01     0.4066     2.6742    53.8279 0.0000e+00
        409 303.423635    0.02835     1.7010    102.061      3.048  45776.907    28.4932     7.0455      3.000     7.0426    22.2924     6.2482     8.9293     88.766    272.959    279.044    0.00833    7.03876   10.05909  307.49608   15.84989 6.2134e+00     0.4970     2.2885    56.4367 0.0000e+00
        389 303.423576    0.02695     1.6170     97.016      4.107  45776.583    28.4911     7.0361      4.000     7.0417    22.2919     6.1823     8.8350     87.810    270.076    276.097    0.00112    7.04040   10.06144  307.56795   15.85333 3.7974e+00     0.4748     2.4875    53.6899 0.0000e+00
        392 303.423584    0.02714     1.6287     97.723      5.022  45812.275    28.5169     7.0470      5.000     7.0551    22.3108     6.1859     8.8402     87.900    270.232    276.261    0.00136    7.03742   10.05718  307.43202   15.84674 2.2515e+00     0.4849     2.3910    55.0332 0.0000e+00
        401 303.423610    0.02776     1.6657     99.944      6.074  45846.713    28.5444     7.0744      6.000     7.0766    22.3290     6.1721     8.8206     87.776    269.628    275.649   -0.00106    7.03169   10.04898  307.17606   15.83443 1.0074e+00     0.4798     2.3204    55.9933 0.0000e+00
        404 303.423620    0.02799     1.6790    100.738      7.064  45846.905    28.5446     7.0778      7.000     7.0793    22.3288     6.1784     8.8296     87.872    269.901    275.927   -0.00053    7.03111   10.04815  307.15095   15.83323 7.1317e-01     0.4781     2.4666    53.9759 0.0000e+00
        407 303.423629    0.02822     1.6932    101.589      8.072  45873.102    28.5630     7.0834      8.000     7.0867    22.3426     6.1801     8.8320     87.919    269.971    276.003    0.00046    7.02935   10.04564  307.06987   15.82929 4.7969e-01     0.4839     2.4502    54.1963 0.0000e+00
        411 303.423641    0.02850     1.7103    102.620      9.073  45925.927    28.6007     7.0947      9.000     7.1003    22.3707     6.1633     8.8080     87.725    269.231    275.254   -0.00168    7.02577   10.04052  306.90506   15.82128 2.5610e-01     0.4840     2.3413    55.7035 0.0000e+00
        422 303.423671    0.02923     1.7536    105.216     10.131  45961.082    28.6268     7.1104     10.000     7.1158    22.3893     6.1524     8.7925     87.618    268.752    274.770   -0.00151    7.02200   10.03514  306.73480   15.81305 1.4225e-01     0.4395     2.2484    57.0106 0.0000e+00
        424 303.423678    0.02938     1.7628    105.771     11.116  46154.667    28.7611     7.1201     11.000     7.1542    22.4936     6.1311     8.7620     87.410    267.793    273.817   -0.00341    7.01423   10.02403  306.36424   15.79482 9.2889e-02     0.4534     2.5156    53.2956 0.0000e+00
        426 303.423684    0.02953     1.7718    106.308     12.084  46310.031    28.8737     7.1603     12.000     7.1913    22.5771     6.1345     8.7668     87.604    267.917    273.965   -0.00179    7.00253   10.00730  305.82800   15.76880 6.3009e-02     0.4833     2.4916    53.6403 0.0000e+00
        433 303.423704    0.03000     1.8000    107.999     13.127  46378.183    28.9290     7.2163     13.000     7.2204    22.6134     6.1211     8.7477     87.558    267.324    273.369   -0.00150    6.99092    9.99073  305.31056   15.74390 4.7144e-02     0.4576     2.0830    59.4200 0.0000e+00
        438 303.423719    0.03037     1.8218    109.308     14.133  46415.517    28.9558     7.2263     14.000     7.2299    22.6333     6.0949     8.7102     87.219    266.174    272.199   -0.00447    6.98806    9.98664  305.17965   15.73755 3.8137e-02     0.4580     2.2500    56.9773 0.0000e+00
        443 303.423731    0.03066     1.8398    110.390     15.134  46510.627    29.0233     7.2424     15.000     7.2481    22.6843     6.0987     8.7156     87.344    266.326    272.367   -0.00203    6.98237    9.97850  304.91586   15.72469 3.6570e-02     0.4746     2.0902    59.3384 0.0000e+00
        449 303.423751    0.03113     1.8681    112.087     16.172  46618.546    29.1006     7.2640     16.000     7.2695    22.7423     6.0788     8.6872     87.148    265.443    271.480   -0.00277    6.97535    9.96847  304.59190   15.70892 3.6382e-02     0.4549     1.9489    61.4439 0.0000e+00
        452 303.423760    0.03135     1.8811    112.865     17.150  46733.412    29.1813     7.2761     17.000     7.2874    22.8041     6.0735     8.6796     87.141    265.194    271.241   -0.00244    6.96971    9.96041  304.32722   15.69597 3.6382e-02     0.4565     2.1641    58.2184 0.0000e+00
        459 303.423779    0.03181     1.9089    114.533     18.178  46875.459    29.2840     7.3092     18.000     7.3132    22.8805     6.0603     8.6609     87.078    264.602    270.657   -0.00185    6.95971    9.94612  303.86778   15.67364 3.6382e-02     0.4733     1.8370    63.1884 0.0000e+00
        465 303.423795    0.03219     1.9318    115.909     19.189  47086.048    29.4310     7.3222     19.000     7.3353    22.9944     6.0413     8.6337     86.915    263.741    269.805   -0.00284    6.95089    9.93353  303.44948   15.65308 3.6382e-02     0.4632     2.0416    60.0203 0.0000e+00
        468 303.423804    0.03241     1.9447    116.682     20.167  47349.171    29.6169     7.3512     20.000     7.3671    23.1366     6.0400     8.6318     87.059    263.647    269.747   -0.00110    6.93782    9.91483  302.83629   15.62306 3.6382e-02     0.4791     1.9108    62.0378 0.0000e+00
        478 303.423835    0.03316     1.9894    119.361     21.234  47567.290    29.7735     7.3906     21.000     7.3964    23.2545     5.9970     8.5704     86.608    261.743    267.829   -0.00408    6.92439    9.89565  302.21545   15.59281 3.6382e-02     0.5133     1.7638    64.3934 0.0000e+00
        480 303.423840    0.03326     1.9959    119.756     22.207  47706.354    29.8711     7.4024     22.000     7.4061    23.3297     6.0054     8.5823     86.807    262.086    268.201   -0.00183    6.91810    9.88666  301.91877   15.57825 3.6382e-02     0.4722     2.4475    54.2562 0.0000e+00
        487 303.423860    0.03377     2.0259    121.556     23.215  47664.680    29.8426     7.4076     23.000     7.4060    23.3067     5.9936     8.5655     86.632    261.580    267.677   -0.00230    6.91855    9.88729  301.94502   15.57962 3.6382e-02     0.5189     2.3467    55.6620 0.0000e+00
        494 303.423880    0.03425     2.0546    123.275     24.230  47635.440    29.8220     7.4074     24.000     7.4043    23.2905     5.9812     8.5477     86.439    261.039    267.120   -0.00305    6.91953    9.88870  301.99271   15.58199 3.6382e-02     0.5293     2.5227    53.2300 0.0000e+00
        497 303.423888    0.03442     2.0652    123.912     25.207  47669.155    29.8448     7.4069     25.000     7.4066    23.3084     5.9906     8.5612     86.587    261.446    267.541   -0.00119    6.91857    9.88733  301.94555   15.57964 3.6382e-02     0.5167     2.5349    53.0634 0.0000e+00
        509 303.423923    0.03527     2.1159    126.956     26.274  47710.004    29.8737     7.4134     26.000     7.4116    23.3303     5.9670     8.5275     86.275    260.412    266.487   -0.00321    6.91623    9.88398  301.83698   15.57435 3.6382e-02     0.5287     1.9003    62.1257 0.0000e+00
        511 303.423930    0.03544     2.1261    127.565     27.250  47831.552    29.9579     7.4166     27.000     7.4185    23.3960     5.9775     8.5425     86.482    260.853    266.955   -0.00060    6.91190    9.87780  301.62865   15.56406 3.6382e-02     0.5517     2.5662    52.6358 0.0000e+00
        515 303.423942    0.03572     2.1434    128.603     28.258  47826.562    29.9548     7.4218     28.000     7.4199    23.3929     5.9793     8.5451     86.517    260.933    267.038   -0.00004    6.91122    9.87682  301.59970   15.56269 3.6382e-02     0.5162     2.4276    54.5679 0.0000e+00
        523 303.423963    0.03623     2.1738    130.426     29.278  47815.114    29.9466     7.4227     29.000     7.4198    23.3863     5.9708     8.5328     86.390    260.561    266.655   -0.00110    6.91145    9.87716  301.61192   15.56330 3.6382e-02     0.5705     2.0647    59.6751 0.0000e+00
        529 303.423982    0.03669     2.2012    132.069     30.299  47861.590    29.9783     7.4226     30.000     7.4218    23.4113     5.9688     8.5300     86.378    260.467    266.565   -0.00085    6.91004    9.87514  301.54295   15.55989 3.6382e-02     0.5338     2.6085    52.1111 0.0000e+00
        532 303.423991    0.03690     2.2144    132.865     31.288  47910.189    30.0120     7.4257     31.000     7.4246    23.4374     5.9723     8.5350     86.455    260.614    266.722    0.00004    6.90801    9.87225  301.44694   15.55517 3.6382e-02     0.5456     3.0633    46.5396 0.0000e+00
        543 303.424023    0.03767     2.2599    135.591     32.285  47927.462    30.0239     7.4283     32.000     7.4259    23.4464     5.9605     8.5181     86.295    260.096    266.194   -0.00133    6.90707    9.87088  301.40267   15.55301 3.6382e-02     0.5966     3.4733    41.9681 0.0000e+00
        558 303.424065    0.03867     2.3200    139.203     33.304  47925.525    30.0222     7.4285     33.000     7.4261    23.4450     5.9646     8.5241     86.355    260.277    266.379   -0.00080    6.90711    9.87095  301.40511   15.55313 3.6382e-02     0.6091     3.0338    46.9351 0.0000e+00
        567 303.424090    0.03928     2.3568    141.406     34.325  48033.872    30.0972     7.4312     34.000     7.4289    23.5036     5.9637     8.5228     86.390    260.225    266.341   -0.00026    6.90328    9.86548  301.22083   15.54403 3.6382e-02     0.6118     3.7511    39.2196 0.0000e+00
        573 303.424109    0.03973     2.3839    143.036     35.317  48036.425    30.0988     7.4325     35.000     7.4295    23.5047     5.9545     8.5096     86.259    259.821    265.928   -0.00152    6.90301    9.86508  301.20857   15.54344 3.6382e-02     0.6686     4.1818    35.1870 0.0000e+00
        585 303.424145    0.04058     2.4342    146.055     36.370  48032.735    30.0957     7.4322     36.000     7.4293    23.5023     5.9621     8.5205     86.367    260.153    266.268    0.00006    6.90320    9.86536  301.21761   15.54388 3.6382e-02     0.6784     4.5661    32.3593 0.0000e+00
        587 303.424148    0.04066     2.4397    146.381     37.328  48038.602    30.0995     7.4326     37.000     7.4295    23.5052     5.9614     8.5194     86.359    260.121    266.236   -0.00054    6.90295    9.86501  301.20593   15.54332 3.6382e-02     0.6840     5.8225    23.3064 0.0000e+00
        597 303.424179    0.04142     2.4851    149.109     38.368  48046.539    30.1045     7.4330     38.000     7.4297    23.5091     5.9603     8.5178     86.347    260.071    266.185   -0.00059    6.90267    9.86462  301.19275   15.54266 3.6382e-02     0.7178     5.2855    26.8472 0.0000e+00
        601 303.424189    0.04165     2.4991    149.945     39.372  48045.131    30.1031     7.4331     39.000     7.4297    23.5081     5.9635     8.5224     86.393    260.213    266.330   -0.00016    6.90270    9.86465  301.19420   15.54273 3.6382e-02     0.6905     6.0307    22.2253 0.0000e+00
        603 303.424196    0.04183     2.5094    150.568     40.344  48043.146    30.1013     7.4332     40.000     7.4297    23.5066     5.9712     8.5335     86.505    260.551    266.675    0.00067    6.90277    9.86475  301.19771   15.54291 3.6382e-02     0.7453     6.1812    21.3186 0.0000e+00
        613 303.424225    0.04251     2.5504    153.024     41.407  48064.702    30.1159     7.4333     41.000     7.4298    23.5180     5.9589     8.5158     86.334    260.009    266.124   -0.00122    6.90210    9.86380  301.16511   15.54130 3.6382e-02     0.7613     4.9171    29.6647 0.0000e+00
        616 303.424234    0.04273     2.5639    153.835     42.394  48080.352    30.1264     7.4336     42.000     7.4301    23.5263     5.9553     8.5109     86.290    259.854    265.967   -0.00182    6.90158    9.86305  301.13995   15.54005 3.6382e-02     0.7026     6.4779    19.8639 0.0000e+00
        620 303.424244    0.04297     2.5779    154.673     43.370  48083.080    30.1278     7.4339     43.000     7.4300    23.5273     5.9611     8.5190     86.374    260.104    266.224   -0.00063    6.90147    9.86289  301.13468   15.53980 3.6382e-02     0.7286     6.1263    21.8829 0.0000e+00
