CTD-processing/allCTD/CNV/2012_09-21_t9_s09_repeat6_cast192_4141.cnv
* Sea-Bird SBE19plus Data File:
* FileName = C:\Documents and Settings\kris.holderied.local\My Documents\2012-CTD-DATA-new-files\2012-09-21-CTD-HomerSpit-tide-time-series-KBRRctd\2012-09-21-CTD-HomerSpit-tide-repeat6\2012-09-21-HomerSpit-tide-repeat6-LTM-cast192.hex
* Software Version 1.54
* Temperature SN =  4141
* Conductivity SN =  4141
* System UpLoad Time = Oct 11 2012 21:45:09
** Kachemak Bay Homer Spit Line - Tidal repeat6 & LTM line
** Date:  2012-09-21
** Station: 9-09
** Start time (AKDT-24 hr): 1800
** Depth (ft): 280
** Comment:Raining.
# nquan = 27
# nvalues = 83                          
# units = specified
# name 0 = scan: Scan Count
# name 1 = timeJ: Julian Days
# name 2 = timeH: Time, Elapsed [hours]
# name 3 = timeM: Time, Elapsed [minutes]
# name 4 = timeS: Time, Elapsed [seconds]
# name 5 = prdM: Pressure, Strain Gauge [db]
# name 6 = specc: Specific Conductance [uS/cm]
# name 7 = sal00: Salinity, Practical [PSU]
# name 8 = tv290C: Temperature [ITS-90, deg C]
# name 9 = depSM: Depth [salt water, m], lat = 59.00
# name 10 = potemp090C: Potential Temperature [ITS-90, deg C]
# name 11 = sigma-é00: Density [sigma-theta, kg/m^3]
# name 12 = sbeox0ML/L: Oxygen, SBE 43 [ml/l]
# name 13 = sbeox0Mg/L: Oxygen, SBE 43 [mg/l]
# name 14 = sbeox0PS: Oxygen, SBE 43 [% saturation]
# name 15 = sbox0Mm/Kg: Oxygen, SBE 43 [umol/kg]
# name 16 = sbeox0Mm/L: Oxygen, SBE 43 [umol/l]
# name 17 = sbox0dV/dT: Oxygen, SBE 43 [dov/dt]
# name 18 = oxsolML/L: Oxygen Saturation, Garcia & Gordon [ml/l]
# name 19 = oxsolMg/L: Oxygen Saturation, Garcia & Gordon [mg/l]
# name 20 = oxsolMm/Kg: Oxygen Saturation, Garcia & Gordon [umol/kg]
# name 21 = n2satMg/L: Nitrogen Saturation [mg/l]
# name 22 = par: PAR/Irradiance, Biospherical/Licor
# name 23 = wetStar: Fluorescence, WET Labs WETstar [mg/m^3]
# name 24 = CStarAt0: Beam Attenuation, WET Labs C-Star [1/m]
# name 25 = CStarTr0: Beam Transmission, WET Labs C-Star [%]
# name 26 = flag: flag
# span 0 =         98,        560       
# span 1 = 265.750523, 265.751860       
# span 2 =    0.00671,    0.03879       
# span 3 =     0.4024,     2.3272       
# span 4 =     24.145,    139.630       
# span 5 =      1.003,     83.772       
# span 6 =  40107.866,  48712.301       
# span 7 =    24.9211,    30.8392       
# span 8 =     9.4114,     9.7091       
# span 9 =      1.000,     83.000       
# span 10 =     9.4030,     9.7063      
# span 11 =    19.1683,    23.7999      
# span 12 =     5.2834,     6.2580      
# span 13 =     7.5505,     8.9432      
# span 14 =     80.417,     93.843      
# span 15 =    230.471,    273.629      
# span 16 =    235.956,    279.480      
# span 17 =   -0.02400,    0.01488      
# span 18 =    6.55510,    6.81092      
# span 19 =    9.36789,    9.73349      
# span 20 =  286.00862,  298.45675      
# span 21 =   14.81558,   15.43396      
# span 22 = 6.0269e-02, 5.7355e+01      
# span 23 =     0.4859,     2.1121      
# span 24 =     0.8819,     9.1603      
# span 25 =    26.9040,    80.2140      
# span 26 = 0.0000e+00, 0.0000e+00      
# interval = meters: 1                  
# start_time = Sep 21 2012 18:00:21 [Instrument's time stamp, header]
# bad_flag = -9.990e-29
*END*
         98 265.750523    0.00671     0.4024     24.145      1.003  40107.866    24.9211     9.5050      1.000     9.4687    19.1683     6.1749     8.8246     90.641    270.597    275.772   -0.00380    6.81092    9.73349  298.45675   15.43396 5.7355e+01     0.7515     9.1603    26.9040 0.0000e+00
        316 265.751156    0.02191     1.3142     78.853      2.016  44233.498    27.7547     9.4835      2.000     9.5667    21.3799     6.2580     8.9432     93.527    273.629    279.480    0.01028    6.69098    9.56208  292.56323   15.14051 2.6629e+01     1.4376     2.4226    48.8623 0.0000e+00
        301 265.751109    0.02079     1.2480     74.879      3.044  44385.513    27.8759     9.6096      3.000     9.6222    21.4558     6.2566     8.9413     93.843    273.552    279.421    0.01488    6.66711    9.52795  291.49835   15.08913 1.6103e+01     1.3966     2.2118    57.4530 0.0000e+00
        303 265.751117    0.02098     1.2587     75.522      4.025  45013.014    28.3132     9.6247      4.000     9.6475    21.7944     6.1559     8.7973     92.622    269.056    274.920    0.00054    6.64617    9.49804  290.48693   15.03898 1.0765e+01     1.7030     2.1010    59.1379 0.0000e+00
        307 265.751128    0.02123     1.2737     76.424      5.050  45673.016    28.7768     9.6658      5.000     9.6797    22.1496     6.0172     8.5990     90.888    262.901    268.725   -0.01780    6.62037    9.46117  289.25870   14.97836 7.5018e+00     2.1121     1.9396    61.5845 0.0000e+00
        310 265.751138    0.02148     1.2884     77.306      6.056  45915.868    28.9482     9.6864      6.000     9.6885    22.2802     5.9354     8.4823     89.793    259.298    265.074   -0.02400    6.61008    9.44647  288.77246   14.95441 5.0053e+00     1.9807     1.6905    65.5283 0.0000e+00
        314 265.751148    0.02172     1.3031     78.187      7.066  46241.676    29.1752     9.6874      7.000     9.6839    22.4571     5.8812     8.4047     89.104    256.884    262.652   -0.02397    6.60030    9.43249  288.29526   14.93067 3.5784e+00     1.7956     1.5935    67.1409 0.0000e+00
        317 265.751158    0.02194     1.3169     79.016      8.092  46420.371    29.2991     9.6838      8.000     9.6824    22.5543     5.8600     8.3744     88.846    255.932    261.705   -0.02027    6.59558    9.42574  288.06135   14.91898 2.5846e+00     1.6112     1.5032    68.6732 0.0000e+00
        319 265.751164    0.02211     1.3267     79.603      9.057  46497.444    29.3525     9.6834      9.000     9.6827    22.5961     5.8577     8.3714     88.843    255.828    261.609   -0.01613    6.59337    9.42259  287.95328   14.91359 1.8616e+00     1.6978     1.5040    68.6605 0.0000e+00
        323 265.751176    0.02239     1.3435     80.612     10.104  46608.498    29.4298     9.6842     10.000     9.6839    22.6563     5.8459     8.3544     88.710    255.296    261.080   -0.01162    6.58998    9.41773  287.78814   14.90538 1.3841e+00     1.9708     1.4472    69.6426 0.0000e+00
        327 265.751186    0.02264     1.3581     81.485     11.129  46961.308    29.6763     9.6858     11.000     9.6869    22.8482     5.8227     8.3213     88.502    254.236    260.045   -0.01026    6.57931    9.40250  287.26864   14.87954 9.7356e-01     1.6993     1.4269    69.9964 0.0000e+00
        329 265.751192    0.02278     1.3667     82.002     12.088  47138.478    29.8004     9.6892     12.000     9.6951    22.9445     5.8163     8.3121     88.480    253.930    259.757   -0.00898    6.57359    9.39432  286.99154   14.86578 7.3645e-01     1.8050     1.3765    70.8847 0.0000e+00
        333 265.751204    0.02305     1.3830     82.977     13.131  47239.327    29.8721     9.7023     13.000     9.7043    22.9985     5.8084     8.3008     88.426    253.571    259.403   -0.00648    6.56865    9.38726  286.76077   14.85445 5.7027e-01     1.7951     1.2606    72.9713 0.0000e+00
        336 265.751213    0.02328     1.3968     83.810     14.143  47262.831    29.8887     9.7064     14.000     9.7062    23.0108     5.7928     8.2784     88.206    252.885    258.705   -0.00663    6.56735    9.38540  286.70072   14.85151 4.3330e-01     1.6477     1.1613    74.8048 0.0000e+00
        339 265.751220    0.02346     1.4076     84.455     15.117  47369.902    29.9636     9.7091     15.000     9.7063    23.0688     5.7775     8.2567     88.021    252.207    258.024   -0.00723    6.56380    9.38034  286.52963   14.84303 3.4532e-01     1.6753     1.1466    75.0771 0.0000e+00
        343 265.751233    0.02375     1.4250     85.497     16.173  47525.867    30.0708     9.6954     16.000     9.6797    23.1546     5.7679     8.2429     87.908    251.766    257.594   -0.00631    6.56128    9.37672  286.39521   14.83616 2.7518e-01     1.6206     1.1172    75.6321 0.0000e+00
        346 265.751240    0.02395     1.4367     86.201     17.172  47546.705    30.0830     9.6794     17.000     9.6768    23.1666     5.7758     8.2540     88.003    252.102    257.942   -0.00376    6.56310    9.37932  286.47115   14.83975 2.1076e-01     1.4249     1.3139    72.0052 0.0000e+00
        348 265.751248    0.02413     1.4475     86.850     18.146  47556.091    30.0891     9.6793     18.000     9.6771    23.1714     5.7301     8.1889     87.311    250.110    255.905   -0.00806    6.56285    9.37896  286.45908   14.83914 1.6538e-01     1.4707     1.4248    70.0346 0.0000e+00
        353 265.751262    0.02444     1.4665     87.988     19.210  47583.579    30.1079     9.6788     19.000     9.6740    23.1862     5.6623     8.0919     86.287    247.145    252.876   -0.01604    6.56212    9.37792  286.42306   14.83734 1.3582e-01     1.2681     1.3968    70.5262 0.0000e+00
        355 265.751268    0.02461     1.4770     88.620     20.195  47617.091    30.1304     9.6741     20.000     9.6673    23.2046     5.6550     8.0815     86.180    246.825    252.553   -0.01374    6.56186    9.37755  286.40639   14.83646 1.1008e-01     1.3157     1.4212    70.0955 0.0000e+00
        358 265.751276    0.02478     1.4872     89.229     21.172  47649.442    30.1521     9.6694     21.000     9.6714    23.2222     5.6492     8.0732     86.095    246.567    252.293   -0.01174    6.56162    9.37721  286.39145   14.83565 9.6091e-02     1.3476     1.4062    70.3605 0.0000e+00
        362 265.751289    0.02510     1.5059     90.353     22.219  47752.881    30.2263     9.6869     22.000     9.6911    23.2774     5.6479     8.0714     86.150    246.499    252.237   -0.00725    6.55595    9.36911  286.12856   14.82278 8.7385e-02     1.3203     1.2636    72.9177 0.0000e+00
        366 265.751299    0.02534     1.5204     91.223     23.240  47766.951    30.2362     9.6897     23.000     9.6737    23.2846     5.6779     8.1143     86.617    247.804    253.574   -0.00127    6.55513    9.36794  286.09077   14.82093 8.1949e-02     1.1731     1.0234    77.4317 0.0000e+00
        368 265.751305    0.02550     1.5296     91.773     24.207  47806.820    30.2618     9.6747     24.000     9.6622    23.3070     5.7057     8.1540     87.027    249.012    254.815    0.00322    6.55623    9.36951  286.13233   14.82282 7.5527e-02     1.3210     1.0322    77.2573 0.0000e+00
        372 265.751316    0.02574     1.5444     92.664     25.235  47878.748    30.3101     9.6613     25.000     9.6545    23.3469     5.7203     8.1749     87.251    249.639    255.467    0.00538    6.55612    9.36935  286.11639   14.82185 7.2268e-02     1.1823     1.0122    77.6447 0.0000e+00
        376 265.751327    0.02601     1.5604     93.627     26.272  47910.827    30.3313     9.6537     26.000     9.6454    23.3646     5.6851     8.1245     86.710    248.096    253.893   -0.00102    6.55635    9.36967  286.12128   14.82201 7.0067e-02     1.0666     0.9642    78.5814 0.0000e+00
        378 265.751333    0.02616     1.5697     94.179     27.248  47928.086    30.3423     9.6477     27.000     9.6361    23.3740     5.6573     8.0849     86.282    246.884    252.655   -0.00609    6.55675    9.37025  286.13606   14.82267 6.7208e-02     1.0644     1.0150    77.5881 0.0000e+00
        381 265.751343    0.02639     1.5836     95.013     28.255  47964.642    30.3657     9.6340     28.000     9.6247    23.3946     5.6443     8.0662     86.070    246.311    252.073   -0.00708    6.55775    9.37167  286.17390   14.82438 6.5946e-02     1.1485     1.0396    77.1130 0.0000e+00
        385 265.751354    0.02668     1.6004     96.024     29.302  48024.616    30.4058     9.6218     29.000     9.6112    23.4278     5.6238     8.0371     85.759    245.412    251.161   -0.00722    6.55781    9.37176  286.16750   14.82391 6.5435e-02     1.0535     1.0411    77.0870 0.0000e+00
        387 265.751361    0.02683     1.6094     96.565     30.254  48057.658    30.4276     9.6140     30.000     9.6070    23.4459     5.6059     8.0114     85.482    244.625    250.359   -0.00885    6.55802    9.37207  286.17164   14.82402 6.3586e-02     1.0359     1.1169    75.6401 0.0000e+00
        391 265.751371    0.02706     1.6241     97.444     31.311  48090.868    30.4497     9.6084     31.000     9.6017    23.4642     5.5722     7.9631     84.968    243.147    248.852   -0.01113    6.55791    9.37191  286.16175   14.82346 6.3649e-02     0.9969     1.1062    75.8398 0.0000e+00
        394 265.751379    0.02726     1.6359     98.155     32.303  48128.847    30.4753     9.6029     32.000     9.5951    23.4850     5.5516     7.9338     84.660    242.246    247.935   -0.01200    6.55761    9.37148  286.14286   14.82245 6.2517e-02     0.9676     1.1150    75.6727 0.0000e+00
        396 265.751387    0.02746     1.6477     98.862     33.299  48187.961    30.5156     9.5975     33.000     9.5925    23.5174     5.5523     7.9348     84.681    242.269    247.966   -0.00948    6.55671    9.37019  286.09435   14.81997 6.2000e-02     0.9758     1.1256    75.4750 0.0000e+00
        400 265.751399    0.02774     1.6642     99.851     34.345  48246.468    30.5561     9.5960     34.000     9.5889    23.5492     5.5563     7.9405     84.762    242.434    248.144   -0.00514    6.55522    9.36806  286.02038   14.81626 6.2301e-02     0.8084     1.0406    77.0950 0.0000e+00
        403 265.751406    0.02793     1.6755    100.531     35.325  48289.027    30.5846     9.5885     35.000     9.5723    23.5727     5.5452     7.9247     84.595    241.948    247.652   -0.00539    6.55510    9.36789  286.00862   14.81558 6.1669e-02     0.7711     0.9462    78.9337 0.0000e+00
        406 265.751416    0.02816     1.6895    101.369     36.341  48328.336    30.6092     9.5686     36.000     9.5579    23.5951     5.5396     7.9167     84.484    241.697    247.399   -0.00537    6.55694    9.37052  286.08283   14.81903 6.1511e-02     0.9118     0.9093    79.6668 0.0000e+00
        410 265.751426    0.02839     1.7038    102.227     37.365  48348.785    30.6219     9.5595     37.000     9.5536    23.6065     5.5234     7.8934     84.227    240.984    246.673   -0.00561    6.55772    9.37163  286.11350   14.82045 6.1098e-02     0.8844     0.8951    79.9491 0.0000e+00
        413 265.751434    0.02858     1.7149    102.896     38.346  48353.833    30.6247     9.5569     38.000     9.5510    23.6090     5.4961     7.8546     83.809    239.797    245.459   -0.00859    6.55798    9.37200  286.12418   14.82095 6.0853e-02     0.8236     0.9182    79.4886 0.0000e+00
        416 265.751445    0.02884     1.7302    103.814     39.385  48364.183    30.6312     9.5541     39.000     9.5503    23.6145     5.4786     7.8294     83.539    239.029    244.673   -0.00960    6.55809    9.37217  286.12758   14.82108 6.1159e-02     0.7916     0.9192    79.4696 0.0000e+00
        419 265.751453    0.02905     1.7428    104.567     40.396  48367.353    30.6331     9.5547     40.000     9.5502    23.6160     5.4813     7.8334     83.583    239.150    244.798   -0.00646    6.55795    9.37197  286.12115   14.82077 6.0748e-02     0.6916     0.9107    79.6393 0.0000e+00
        422 265.751460    0.02922     1.7528    105.167     41.366  48372.224    30.6360     9.5544     41.000     9.5493    23.6183     5.4835     7.8364     83.616    239.240    244.891   -0.00492    6.55786    9.37184  286.11653   14.82053 6.0825e-02     0.7450     0.9234    79.3859 0.0000e+00
        426 265.751473    0.02951     1.7709    106.256     42.427  48377.000    30.6387     9.5527     42.000     9.5470    23.6207     5.4775     7.8279     83.525    238.981    244.626   -0.00378    6.55799    9.37203  286.12149   14.82076 6.0865e-02     0.7311     0.8819    80.2140 0.0000e+00
        429 265.751481    0.02971     1.7829    106.977     43.421  48382.047    30.6416     9.5507     43.000     9.5402    23.6231     5.4756     7.8251     83.493    238.897    244.542   -0.00374    6.55815    9.37225  286.12780   14.82105 6.2140e-02     0.6703     0.9211    79.4325 0.0000e+00
        431 265.751487    0.02987     1.7920    107.519     44.390  48398.620    30.6519     9.5434     44.000     9.5302    23.6324     5.4825     7.8349     83.590    239.194    244.846   -0.00216    6.55879    9.37317  286.15327   14.82223 6.0582e-02     0.7060     0.9667    78.5313 0.0000e+00
        435 265.751500    0.03016     1.8097    108.581     45.445  48434.643    30.6746     9.5269     45.000     9.5160    23.6528     5.4719     7.8199     83.411    238.729    244.376   -0.00245    6.56022    9.37522  286.21002   14.82486 6.0622e-02     0.7468     0.9460    78.9395 0.0000e+00
        438 265.751508    0.03037     1.8221    109.324     46.441  48450.827    30.6844     9.5183     46.000     9.5092    23.6618     5.4479     7.7855     83.034    237.680    243.303   -0.00566    6.56105    9.37639  286.24341   14.82641 6.0269e-02     0.7156     1.0208    77.4801 0.0000e+00
        441 265.751517    0.03057     1.8342    110.050     47.434  48469.226    30.6962     9.5128     47.000     9.5053    23.6718     5.4326     7.7637     82.796    237.009    242.619   -0.00705    6.56136    9.37684  286.25418   14.82687 6.0649e-02     0.6979     1.0705    76.5207 0.0000e+00
        445 265.751529    0.03084     1.8508    111.045     48.481  48492.657    30.7116     9.5086     48.000     9.5008    23.6847     5.4242     7.7516     82.668    236.636    242.240   -0.00610    6.56132    9.37678  286.24889   14.82656 6.1145e-02     0.6865     1.0466    76.9793 0.0000e+00
        448 265.751536    0.03103     1.8617    111.700     49.467  48502.450    30.7176     9.5050     49.000     9.4977    23.6899     5.4191     7.7445     82.589    236.416    242.018   -0.00545    6.56158    9.37715  286.25857   14.82700 6.0952e-02     0.6487     1.0810    76.3224 0.0000e+00
        451 265.751544    0.03123     1.8736    112.413     50.463  48511.533    30.7233     9.5024     50.000     9.4958    23.6947     5.4174     7.7420     82.560    236.340    241.940   -0.00472    6.56172    9.37735  286.26339   14.82720 6.0720e-02     0.6571     1.1256    75.4738 0.0000e+00
        455 265.751556    0.03150     1.8898    113.388     51.503  48519.442    30.7280     9.5000     51.000     9.4931    23.6988     5.4173     7.7419     82.556    236.334    241.935   -0.00318    6.56186    9.37756  286.26868   14.82744 6.0927e-02     0.6614     1.1086    75.7958 0.0000e+00
        457 265.751563    0.03170     1.9017    114.103     52.497  48523.811    30.7304     9.4980     52.000     9.4913    23.7010     5.4161     7.7402     82.538    236.285    241.886   -0.00267    6.56206    9.37784  286.27640   14.82780 6.1178e-02     0.6456     1.1341    75.3126 0.0000e+00
        460 265.751572    0.03191     1.9144    114.866     53.490  48531.936    30.7356     9.4970     53.000     9.4917    23.7052     5.4175     7.7422     82.559    236.345    241.947   -0.00197    6.56198    9.37773  286.27186   14.82757 6.0894e-02     0.6177     1.1550    74.9192 0.0000e+00
