CTD-processing/allCTD/CNV/2012_09-21_t9_s07_repeat3_cast167_4141.cnv
* Sea-Bird SBE19plus Data File:
* FileName = C:\Documents and Settings\kris.holderied.local\My Documents\2012-CTD-DATA-new-files\2012-09-21-CTD-HomerSpit-tide-time-series-KBRRctd\2012-09-21-CTD-HomerSpit-tide-repeat3\2012-09-21-HomerSpit-tide-repeat3-cast167.hex
* Software Version 1.54
* Temperature SN =  4141
* Conductivity SN =  4141
* System UpLoad Time = Oct 11 2012 18:54:59
** Kachemak Bay Homer Spit Line - Tidal repeat3
** Date:  2012-09-21
** Station: 9-07
** Start time (AKDT-24 hr): 1250
** Depth (ft): 340
** Comment:
# nquan = 27
# nvalues = 97                          
# units = specified
# name 0 = scan: Scan Count
# name 1 = timeJ: Julian Days
# name 2 = timeH: Time, Elapsed [hours]
# name 3 = timeM: Time, Elapsed [minutes]
# name 4 = timeS: Time, Elapsed [seconds]
# name 5 = prdM: Pressure, Strain Gauge [db]
# name 6 = specc: Specific Conductance [uS/cm]
# name 7 = sal00: Salinity, Practical [PSU]
# name 8 = tv290C: Temperature [ITS-90, deg C]
# name 9 = depSM: Depth [salt water, m], lat = 59.00
# name 10 = potemp090C: Potential Temperature [ITS-90, deg C]
# name 11 = sigma-é00: Density [sigma-theta, kg/m^3]
# name 12 = sbeox0ML/L: Oxygen, SBE 43 [ml/l]
# name 13 = sbeox0Mg/L: Oxygen, SBE 43 [mg/l]
# name 14 = sbeox0PS: Oxygen, SBE 43 [% saturation]
# name 15 = sbox0Mm/Kg: Oxygen, SBE 43 [umol/kg]
# name 16 = sbeox0Mm/L: Oxygen, SBE 43 [umol/l]
# name 17 = sbox0dV/dT: Oxygen, SBE 43 [dov/dt]
# name 18 = oxsolML/L: Oxygen Saturation, Garcia & Gordon [ml/l]
# name 19 = oxsolMg/L: Oxygen Saturation, Garcia & Gordon [mg/l]
# name 20 = oxsolMm/Kg: Oxygen Saturation, Garcia & Gordon [umol/kg]
# name 21 = n2satMg/L: Nitrogen Saturation [mg/l]
# name 22 = par: PAR/Irradiance, Biospherical/Licor
# name 23 = wetStar: Fluorescence, WET Labs WETstar [mg/m^3]
# name 24 = CStarAt0: Beam Attenuation, WET Labs C-Star [1/m]
# name 25 = CStarTr0: Beam Transmission, WET Labs C-Star [%]
# name 26 = flag: flag
# span 0 =        272,        730       
# span 1 = 265.535760, 265.537085       
# span 2 =    0.01879,    0.05061       
# span 3 =     1.1275,     3.0363       
# span 4 =     67.651,    182.177       
# span 5 =      1.014,     97.913       
# span 6 =  41175.114,  48652.886       
# span 7 =    25.6380,    30.7937       
# span 8 =     9.3945,     9.7373       
# span 9 =      1.000,     97.000       
# span 10 =     9.3850,     9.7402      
# span 11 =    19.7408,    23.7609      
# span 12 =    -1.2467,     6.2287      
# span 13 =    -1.7817,     8.9013      
# span 14 =    -18.980,     94.102      
# span 15 =    -54.386,    272.329      
# span 16 =    -55.679,    278.170      
# span 17 =   -0.52401,    0.01841      
# span 18 =    6.55340,    6.79428      
# span 19 =    9.36546,    9.70971      
# span 20 =  285.96000,  297.55764      
# span 21 =   14.81370,   15.38796      
# span 22 = 6.4671e-02, 1.3158e+02      
# span 23 =     0.4717,     2.5150      
# span 24 =     0.4866,     3.8978      
# span 25 =    43.3486,    88.5456      
# span 26 = 0.0000e+00, 0.0000e+00      
# interval = meters: 1                  
# start_time = Sep 21 2012 12:50:22 [Instrument's time stamp, header]
# bad_flag = -9.990e-29
*END*
        272 265.535760    0.01879     1.1275     67.651      1.014  41175.114    25.6380     9.4072      1.000     9.4053    19.7408     6.0965     8.7126     89.734    266.999    272.272   -0.00011    6.79428    9.70971  297.55764   15.38796 1.3158e+02     1.2846     3.8978    43.3486 0.0000e+00
        340 265.535958    0.02355     1.4134     84.803      2.020  41893.834    26.1317     9.3945      2.000     9.3850    20.1275     6.1820     8.8347     91.251    270.642    276.088    0.00250    6.77475    9.68179  296.59069   15.33970 5.8167e+01     1.6183     3.1954    44.5892 0.0000e+00
        342 265.535962    0.02365     1.4189     85.132      3.031  42835.825    26.7810     9.4043      3.000     9.4598    20.6325     6.1997     8.8600     91.917    271.283    276.881    0.00794    6.74503    9.63932  295.14363   15.26785 2.6584e+01     1.8034     2.8730    48.8079 0.0000e+00
        346 265.535976    0.02399     1.4392     86.349      4.036  44366.845    27.8585     9.5737      4.000     9.6447    21.4476     6.2287     8.9013     93.339    272.329    278.170    0.01725    6.67319    9.53665  291.76679   15.10203 1.6530e+01     2.0421     1.8138    63.5817 0.0000e+00
        351 265.535991    0.02434     1.4600     87.602      5.050  45626.847    28.7505     9.7143      5.000     9.7308    22.1217     6.2243     8.8951     94.102    271.960    277.976    0.01841    6.61438    9.45260  289.00465   14.96633 1.1644e+01     2.0163     1.0466    76.8617 0.0000e+00
        356 265.536004    0.02465     1.4794     88.761      6.055  46139.735    29.1104     9.7373      6.000     9.7402    22.3988     6.1593     8.8023     93.382    269.048    275.074    0.00562    6.59577    9.42601  288.11363   14.92226 8.9217e+00     2.5150     0.9325    79.2081 0.0000e+00
        361 265.536018    0.02499     1.4993     89.958      7.066  46578.762    29.4162     9.7332      7.000     9.7199    22.6379     6.0391     8.6304     91.731    263.734    269.705   -0.01189    6.58343    9.40837  287.50720   14.89200 6.7796e+00     2.4398     0.8889    80.0763 0.0000e+00
        366 265.536032    0.02534     1.5201     91.203      8.074  47100.157    29.7766     9.7012      8.000     9.6913    22.9240     5.9431     8.4933     90.419    259.472    265.420   -0.01937    6.57285    9.39326  286.96504   14.86460 5.1390e+00     2.4224     0.8540    80.7796 0.0000e+00
        371 265.536047    0.02569     1.5418     92.507      9.089  47174.597    29.8265     9.6865      9.000     9.6845    22.9653     5.8474     8.3564     88.962    255.281    261.144   -0.02463    6.57287    9.39330  286.95457   14.86390 3.9651e+00     2.4183     0.7770    82.3447 0.0000e+00
        376 265.536061    0.02601     1.5606     93.637     10.093  47227.188    29.8628     9.6853     10.000     9.6862    22.9938     5.7908     8.2757     88.120    252.805    258.618   -0.02404    6.57152    9.39137  286.88754   14.86055 3.1231e+00     2.1166     0.7970    81.9345 0.0000e+00
        380 265.536075    0.02635     1.5811     94.869     11.105  47349.016    29.9481     9.6893     11.000     9.6871    23.0598     5.7816     8.2625     88.035    252.385    258.205   -0.01576    6.56733    9.38539  286.68644   14.85059 2.4436e+00     1.8333     0.7249    83.4231 0.0000e+00
        385 265.536089    0.02669     1.6009     96.056     12.112  47390.343    29.9764     9.6871     12.000     9.6853    23.0822     5.7881     8.2717     88.146    252.663    258.495   -0.00837    6.56646    9.38412  286.64176   14.84834 1.9178e+00     1.7165     0.6968    84.0143 0.0000e+00
        390 265.536101    0.02698     1.6189     97.131     13.123  47422.961    29.9987     9.6855     13.000     9.6837    23.0999     5.7722     8.2491     87.914    251.967    257.787   -0.00754    6.56575    9.38312  286.60611   14.84654 1.5465e+00     1.6863     0.6577    84.8393 0.0000e+00
        394 265.536114    0.02729     1.6373     98.236     14.131  47480.359    30.0386     9.6864     14.000     9.6850    23.1309     5.7717     8.2484     87.931    251.939    257.766   -0.00511    6.56395    9.38054  286.51838   14.84218 1.2530e+00     1.7251     0.6349    85.3220 0.0000e+00
        399 265.536128    0.02764     1.6581     99.487     15.143  47581.948    30.1092     9.6846     15.000     9.6815    23.1862     5.7656     8.2397     87.875    251.658    257.493   -0.00347    6.56123    9.37665  286.38414   14.83547 1.0180e+00     1.7619     0.5997    86.0782 0.0000e+00
        404 265.536142    0.02798     1.6783    100.699     16.153  47625.699    30.1391     9.6819     16.000     9.6797    23.2100     5.7514     8.2194     87.670    251.033    256.860   -0.00394    6.56035    9.37540  286.33947   14.83321 8.3668e-01     1.5889     0.6004    86.0618 0.0000e+00
        409 265.536156    0.02830     1.6982    101.890     17.162  47661.017    30.1633     9.6809     17.000     9.6782    23.2291     5.7412     8.2047     87.524    250.580    256.401   -0.00404    6.55948    9.37415  286.29590   14.83104 6.8247e-01     1.4465     0.6345    85.3358 0.0000e+00
        413 265.536170    0.02862     1.7174    103.045     18.171  47702.220    30.1914     9.6782     18.000     9.6750    23.2514     5.7357     8.1970     87.452    250.338    256.159   -0.00327    6.55869    9.37302  286.25520   14.82898 5.6141e-01     1.4500     0.6337    85.3475 0.0000e+00
        418 265.536182    0.02893     1.7360    104.159     19.181  47725.973    30.2073     9.6757     19.000     9.6721    23.2643     5.7373     8.1992     87.480    250.402    256.226   -0.00198    6.55837    9.37257  286.23798   14.82808 4.5814e-01     1.3976     0.6663    84.6569 0.0000e+00
        422 265.536195    0.02924     1.7545    105.273     20.187  47781.277    30.2451     9.6711     20.000     9.6660    23.2945     5.7299     8.1886     87.380    250.071    255.896   -0.00206    6.55745    9.37125  286.18897   14.82559 3.7518e-01     1.4871     0.6659    84.6641 0.0000e+00
        427 265.536210    0.02960     1.7760    106.557     21.202  47836.663    30.2827     9.6638     21.000     9.6592    23.3249     5.7178     8.1712     87.202    249.535    255.355   -0.00297    6.55693    9.37052  286.15802   14.82395 3.0818e-01     1.3981     0.6213    85.6127 0.0000e+00
        432 265.536223    0.02990     1.7943    107.657     22.213  47847.914    30.2896     9.6598     22.000     9.6569    23.3310     5.7084     8.1579     87.056    249.124    254.937   -0.00333    6.55720    9.37090  286.16821   14.82442 2.5718e-01     1.3447     0.6193    85.6554 0.0000e+00
        436 265.536234    0.03018     1.8106    108.633     23.213  47848.662    30.2896     9.6592     23.000     9.6568    23.3311     5.6959     8.1399     86.863    248.577    254.377   -0.00412    6.55730    9.37103  286.17209   14.82460 2.1816e-01     1.3494     0.6260    85.5114 0.0000e+00
        440 265.536247    0.03049     1.8291    109.744     24.233  47849.237    30.2896     9.6592     24.000     9.6566    23.3312     5.6845     8.1238     86.691    248.085    253.873   -0.00445    6.55729    9.37102  286.17164   14.82458 1.8688e-01     1.2602     0.6097    85.8631 0.0000e+00
        444 265.536258    0.03074     1.8443    110.660     25.238  47850.072    30.2898     9.6592     25.000     9.6567    23.3313     5.6855     8.1252     86.706    248.126    253.915   -0.00319    6.55728    9.37101  286.17135   14.82456 1.6106e-01     1.3228     0.6217    85.6058 0.0000e+00
        447 265.536268    0.03099     1.8594    111.561     26.239  47850.109    30.2894     9.6595     26.000     9.6566    23.3311     5.6895     8.1308     86.766    248.299    254.092   -0.00164    6.55726    9.37098  286.17053   14.82453 1.4069e-01     1.1612     0.6392    85.2308 0.0000e+00
        452 265.536281    0.03130     1.8777    112.664     27.266  47855.803    30.2929     9.6588     27.000     9.6554    23.3338     5.6924     8.1349     86.811    248.424    254.221   -0.00070    6.55721    9.37091  286.16765   14.82437 1.2466e-01     1.2065     0.6147    85.7559 0.0000e+00
        455 265.536291    0.03154     1.8922    113.534     28.263  47858.691    30.2944     9.6581     28.000     9.6548    23.3351     5.6899     8.1314     86.772    248.317    254.111   -0.00080    6.55724    9.37096  286.16891   14.82444 1.1248e-01     1.3529     0.6284    85.4624 0.0000e+00
        459 265.536301    0.03180     1.9077    114.459     29.274  47861.718    30.2961     9.6574     29.000     9.6539    23.3365     5.6879     8.1285     86.740    248.226    254.019   -0.00108    6.55729    9.37102  286.17021   14.82448 1.0305e-01     1.2149     0.6147    85.7553 0.0000e+00
        463 265.536313    0.03206     1.9240    115.438     30.289  47863.755    30.2970     9.6567     30.000     9.6533    23.3374     5.6843     8.1234     86.685    248.070    253.859   -0.00125    6.55735    9.37111  286.17253   14.82459 1.2883e-01     1.2591     0.5931    86.2210 0.0000e+00
        466 265.536323    0.03231     1.9390    116.337     31.288  47863.746    30.2965     9.6567     31.000     9.6534    23.3371     5.6798     8.1171     86.617    247.876    253.662   -0.00169    6.55737    9.37113  286.17359   14.82465 1.9667e-01     1.2762     0.6071    85.9188 0.0000e+00
        471 265.536336    0.03261     1.9566    117.393     32.310  47864.348    30.2966     9.6570     32.000     9.6533    23.3370     5.6816     8.1197     86.646    247.955    253.742   -0.00107    6.55732    9.37107  286.17153   14.82455 9.6994e-02     1.1716     0.5982    86.1117 0.0000e+00
        474 265.536346    0.03287     1.9722    118.329     33.311  47891.370    30.3149     9.6549     33.000     9.6480    23.3517     5.6836     8.1225     86.683    248.042    253.834   -0.00035    6.55685    9.37039  286.14677   14.82329 8.3593e-02     1.2481     0.5944    86.1908 0.0000e+00
        478 265.536358    0.03315     1.9891    119.346     34.327  47924.925    30.3372     9.6486     34.000     9.6424    23.3700     5.6802     8.1175     86.630    247.883    253.676   -0.00081    6.55682    9.37035  286.14036   14.82289 7.9614e-02     1.2141     0.5838    86.4189 0.0000e+00
        482 265.536369    0.03342     2.0052    120.310     35.329  47976.593    30.3723     9.6430     35.000     9.6366    23.3984     5.6755     8.1108     86.568    247.673    253.468   -0.00117    6.55615    9.36939  286.10325   14.82097 7.7589e-02     1.1660     0.5650    86.8275 0.0000e+00
        487 265.536382    0.03372     2.0231    121.388     36.349  48001.278    30.3887     9.6388     36.000     9.6343    23.4119     5.6614     8.0907     86.354    247.054    252.838   -0.00271    6.55608    9.36929  286.09654   14.82059 7.5925e-02     1.1644     0.5445    87.2727 0.0000e+00
        490 265.536393    0.03398     2.0386    122.319     37.350  48028.608    30.4073     9.6378     37.000     9.6332    23.4266     5.6440     8.0658     86.096    246.288    252.058   -0.00448    6.55543    9.36836  286.06405   14.81896 7.4658e-02     1.1136     0.5349    87.4818 0.0000e+00
        494 265.536404    0.03427     2.0558    123.345     38.364  48055.790    30.4258     9.6365     38.000     9.6318    23.4412     5.6372     8.0561     86.000    245.991    251.757   -0.00427    6.55484    9.36752  286.03414   14.81746 1.3946e-01     1.1208     0.5146    87.9268 0.0000e+00
        498 265.536416    0.03453     2.0721    124.325     39.373  48093.006    30.4513     9.6349     39.000     9.6293    23.4614     5.6400     8.0601     86.054    246.106    251.880   -0.00240    6.55400    9.36630  285.99131   14.81530 7.3736e-02     0.9867     0.5024    88.1968 0.0000e+00
        502 265.536427    0.03479     2.0877    125.263     40.379  48130.938    30.4771     9.6316     40.000     9.6254    23.4821     5.6369     8.0556     86.014    245.966    251.742   -0.00187    6.55340    9.36546  285.96000   14.81370 2.1017e-01     1.1386     0.4976    88.3030 0.0000e+00
        506 265.536438    0.03507     2.1042    126.252     41.399  48141.448    30.4836     9.6285     41.000     9.6237    23.4877     5.6222     8.0348     85.788    245.326    251.088   -0.00341    6.55356    9.36569  285.96523   14.81392 1.1388e-01     1.0015     0.4876    88.5225 0.0000e+00
        509 265.536448    0.03531     2.1182    127.092     42.392  48147.789    30.4874     9.6273     42.000     9.6207    23.4909     5.6173     8.0277     85.713    245.111    250.870   -0.00364    6.55358    9.36572  285.96529   14.81391 7.2376e-02     1.1043     0.5017    88.2111 0.0000e+00
        514 265.536460    0.03559     2.1357    128.139     43.416  48158.465    30.4940     9.6230     43.000     9.6171    23.4967     5.6148     8.0241     85.671    245.000    250.756   -0.00266    6.55392    9.36621  285.97869   14.81452 7.0081e-02     0.9610     0.4866    88.5456 0.0000e+00
        517 265.536471    0.03585     2.1510    129.058     44.417  48166.179    30.4987     9.6206     44.000     9.6142    23.5007     5.6046     8.0094     85.512    244.552    250.299   -0.00337    6.55407    9.36642  285.98392   14.81476 6.9633e-02     0.9636     0.4960    88.3370 0.0000e+00
        521 265.536482    0.03613     2.1677    130.065     45.431  48196.264    30.5189     9.6164     45.000     9.6083    23.5171     5.5979     8.0000     85.414    244.258    250.002   -0.00347    6.55382    9.36606  285.96852   14.81393 6.9478e-02     0.9476     0.4924    88.4182 0.0000e+00
        525 265.536494    0.03641     2.1848    131.086     46.439  48220.565    30.5347     9.6104     46.000     9.6033    23.5304     5.6003     8.0033     85.447    244.359    250.108   -0.00210    6.55403    9.36637  285.97386   14.81413 7.0614e-02     0.9838     0.4951    88.3584 0.0000e+00
        529 265.536506    0.03670     2.2016    132.097     47.449  48233.976    30.5431     9.6060     47.000     9.5995    23.5378     5.5964     7.9978     85.385    244.187    249.935   -0.00184    6.55431    9.36677  285.98417   14.81459 1.9217e-01     0.8697     0.5158    87.9010 0.0000e+00
        533 265.536517    0.03697     2.2185    133.110     48.459  48237.081    30.5446     9.6042     48.000     9.5989    23.5393     5.5839     7.9800     85.192    243.643    249.379   -0.00316    6.55450    9.36704  285.99213   14.81496 1.3063e-01     0.9335     0.5064    88.1101 0.0000e+00
        538 265.536530    0.03726     2.2357    134.139     49.467  48240.970    30.5469     9.6034     49.000     9.5973    23.5411     5.5859     7.9828     85.222    243.729    249.466   -0.00228    6.55453    9.36707  285.99245   14.81496 1.0658e-01     0.8155     0.5075    88.0842 0.0000e+00
        542 265.536541    0.03756     2.2535    135.208     50.481  48246.821    30.5503     9.6016     50.000     9.5957    23.5441     5.5848     7.9812     85.202    243.678    249.415   -0.00123    6.55465    9.36726  285.99730   14.81519 6.4878e-02     0.8908     0.5090    88.0511 0.0000e+00
        546 265.536553    0.03784     2.2700    136.198     51.486  48251.971    30.5533     9.6002     51.000     9.5924    23.5467     5.5748     7.9669     85.049    243.241    248.968   -0.00263    6.55472    9.36736  285.99959   14.81529 6.8091e-02     0.9114     0.5160    87.8979 0.0000e+00
        550 265.536565    0.03813     2.2876    137.257     52.498  48261.868    30.5593     9.5956     52.000     9.5888    23.5521     5.5763     7.9690     85.067    243.306    249.036   -0.00165    6.55513    9.36794  286.01603   14.81605 6.8194e-02     0.8823     0.5145    87.9296 0.0000e+00
        554 265.536577    0.03840     2.3044    138.261     53.506  48266.230    30.5616     9.5933     53.000     9.5846    23.5543     5.5658     7.9540     84.904    242.847    248.567   -0.00254    6.55537    9.36828  286.02565   14.81650 6.8349e-02     0.8568     0.5300    87.5897 0.0000e+00
