CTD-processing/allCTD/CNV/2012_10-29_t9_s10_cast082_4141.cnv
* Sea-Bird SBE19plus Data File:
* FileName = C:\Documents and Settings\kris.holderied.local\My Documents\2012-CTD-DATA-new-files\2012-10-CookInlet-LTM\2012-10-29-LTM-CookInlet-Tran9-SpitLine\2012-10-29-CookInlet-Tran9-SpitLine-cast082.hex
* Software Version 1.54
* Temperature SN =  4141
* Conductivity SN =  4141
* System UpLoad Time = Nov 20 2012 20:57:31
** Cook Inlet EVOSTC Transect 9 Spit Line south to north
** Date:  29 Oct 2012
** Station: 9-10
** Start time (AKDT-24 hr): 2054
** Depth (m): 55
** Comment:40m zoop tow. Last station of line 9
# nquan = 27
# nvalues = 46                          
# units = specified
# name 0 = scan: Scan Count
# name 1 = timeJ: Julian Days
# name 2 = timeH: Time, Elapsed [hours]
# name 3 = timeM: Time, Elapsed [minutes]
# name 4 = timeS: Time, Elapsed [seconds]
# name 5 = prdM: Pressure, Strain Gauge [db]
# name 6 = specc: Specific Conductance [uS/cm]
# name 7 = sal00: Salinity, Practical [PSU]
# name 8 = tv290C: Temperature [ITS-90, deg C]
# name 9 = depSM: Depth [salt water, m], lat = 59.00
# name 10 = potemp090C: Potential Temperature [ITS-90, deg C]
# name 11 = sigma-é00: Density [sigma-theta, kg/m^3]
# name 12 = sbeox0ML/L: Oxygen, SBE 43 [ml/l]
# name 13 = sbeox0Mg/L: Oxygen, SBE 43 [mg/l]
# name 14 = sbeox0PS: Oxygen, SBE 43 [% saturation]
# name 15 = sbox0Mm/Kg: Oxygen, SBE 43 [umol/kg]
# name 16 = sbeox0Mm/L: Oxygen, SBE 43 [umol/l]
# name 17 = sbox0dV/dT: Oxygen, SBE 43 [dov/dt]
# name 18 = oxsolML/L: Oxygen Saturation, Garcia & Gordon [ml/l]
# name 19 = oxsolMg/L: Oxygen Saturation, Garcia & Gordon [mg/l]
# name 20 = oxsolMm/Kg: Oxygen Saturation, Garcia & Gordon [umol/kg]
# name 21 = n2satMg/L: Nitrogen Saturation [mg/l]
# name 22 = par: PAR/Irradiance, Biospherical/Licor
# name 23 = wetStar: Fluorescence, WET Labs WETstar [mg/m^3]
# name 24 = CStarAt0: Beam Attenuation, WET Labs C-Star [1/m]
# name 25 = CStarTr0: Beam Transmission, WET Labs C-Star [%]
# name 26 = flag: flag
# span 0 =         83,        627       
# span 1 = 303.870770, 303.872345       
# span 2 =    0.00570,    0.04349       
# span 3 =     0.3420,     2.6095       
# span 4 =     20.523,    156.572       
# span 5 =      1.004,     46.427       
# span 6 =  49223.270,  49436.539       
# span 7 =    30.8738,    31.1030       
# span 8 =     7.0281,     7.7180       
# span 9 =      1.000,     46.000       
# span 10 =     7.1197,     7.7163      
# span 11 =    24.1647,    24.2663      
# span 12 =     5.5998,     5.9727      
# span 13 =     8.0027,     8.5356      
# span 14 =     81.029,     86.155      
# span 15 =    244.183,    260.450      
# span 16 =    250.086,    266.742      
# span 17 =   -0.00592,    0.00362      
# span 18 =    6.81370,    6.93260      
# span 19 =    9.73746,    9.90738      
# span 20 =  297.09690,  302.30694      
# span 21 =   15.34319,   15.59262      
# span 22 = 4.3583e-02, 1.8860e-01      
# span 23 =     0.1658,     0.5404      
# span 24 =     1.2722,     2.8541      
# span 25 =    53.5829,    72.7572      
# span 26 = 0.0000e+00, 0.0000e+00      
# interval = meters: 1                  
# start_time = Oct 29 2012 20:53:34 [Instrument's time stamp, header]
# bad_flag = -9.990e-29
*END*
         83 303.870770    0.00570     0.3420     20.523      1.004  49223.270    30.8738     7.0281      1.000     7.1197    24.1665     5.9727     8.5356     86.155    260.450    266.742    0.00362    6.93260    9.90738  302.30694   15.59262 1.3219e-01     0.1658     2.8541    53.5829 0.0000e+00
        299 303.871394    0.02067     1.2400     74.400      2.019  49250.723    30.9099     7.1492      2.000     7.1760    24.1791     5.5998     8.0027     81.029    244.183    250.086    0.00136    6.91135    9.87700  301.37392   15.54797 1.8860e-01     0.5063     1.5011    69.0307 0.0000e+00
        395 303.871672    0.02736     1.6415     98.488      3.039  49239.698    30.9120     7.2118      3.000     7.2101    24.1726     5.9182     8.4578     85.755    258.071    264.308   -0.00057    6.90125    9.86258  300.93559   15.52706 9.4163e-02     0.5209     1.4569    69.4739 0.0000e+00
        391 303.871662    0.02710     1.6261     97.566      4.037  49243.265    30.9138     7.2103      4.000     7.2121    24.1741     5.8871     8.4132     85.303    256.712    262.918   -0.00021    6.90141    9.86281  300.94195   15.52735 8.5227e-02     0.5227     1.4954    68.8071 0.0000e+00
        395 303.871674    0.02739     1.6437     98.624      5.043  49251.583    30.9195     7.2127      5.000     7.2175    24.1783     5.8865     8.4124     85.302    256.684    262.891   -0.00012    6.90076    9.86188  300.91260   15.52593 7.9714e-02     0.5213     1.5031    68.6757 0.0000e+00
        401 303.871690    0.02778     1.6664     99.983      6.057  49269.032    30.9361     7.2419      6.000     7.2539    24.1875     5.8869     8.4130     85.374    256.700    262.909    0.00028    6.89539    9.85420  300.67546   15.51455 6.3950e-02     0.5175     1.4748    69.1628 0.0000e+00
        406 303.871705    0.02815     1.6891    101.346      7.066  49249.282    30.9255     7.2634      7.000     7.2611    24.1763     5.8871     8.4132     85.414    256.712    262.918    0.00056    6.89245    9.84999  300.55047   15.50863 5.6936e-02     0.5229     1.4855    68.9778 0.0000e+00
        412 303.871721    0.02852     1.7111    102.667      8.075  49247.511    30.9225     7.2554      8.000     7.2557    24.1751     5.8836     8.4083     85.346    256.560    262.763   -0.00031    6.89384    9.85200  300.61183   15.51157 5.2554e-02     0.5144     1.4918    68.8701 0.0000e+00
        417 303.871737    0.02891     1.7346    104.074      9.089  49274.377    30.9432     7.2701      9.000     7.2809    24.1894     5.8742     8.3948     85.250    256.145    262.341   -0.00122    6.89057    9.84732  300.46496   15.50448 4.8829e-02     0.5233     1.4842    68.9998 0.0000e+00
        422 303.871750    0.02923     1.7536    105.214     10.096  49256.970    30.9339     7.2902     10.000     7.2875    24.1794     5.8770     8.3988     85.324    256.270    262.466   -0.00014    6.88781    9.84338  300.34771   15.49892 4.7219e-02     0.5404     1.4981    68.7621 0.0000e+00
        426 303.871762    0.02952     1.7714    106.286     11.103  49250.597    30.9282     7.2854     11.000     7.2805    24.1756     5.8709     8.3901     85.223    256.005    262.193   -0.00099    6.88884    9.84485  300.39352   15.50114 4.6144e-02     0.5162     1.5118    68.5258 0.0000e+00
        431 303.871777    0.02986     1.7914    107.487     12.109  49260.764    30.9334     7.2766     12.000     7.2780    24.1809     5.8658     8.3828     85.136    255.782    261.967   -0.00156    6.88999    9.84648  300.44198   15.50343 4.5643e-02     0.5025     1.5073    68.6027 0.0000e+00
        437 303.871794    0.03029     1.8173    109.037     13.127  49250.059    30.9260     7.2797     13.000     7.2752    24.1747     5.8769     8.3987     85.298    256.267    262.462    0.00034    6.88984    9.84627  300.43737   15.50324 4.4918e-02     0.5095     1.4796    69.0809 0.0000e+00
        442 303.871809    0.03063     1.8380    110.277     14.139  49261.206    30.9325     7.2750     14.000     7.2761    24.1804     5.8781     8.4004     85.310    256.319    262.517    0.00034    6.89029    9.84691  300.45496   15.50405 4.4559e-02     0.5135     1.4846    68.9946 0.0000e+00
        446 303.871820    0.03089     1.8537    111.225     15.136  49268.386    30.9384     7.2827     15.000     7.2851    24.1840     5.8743     8.3951     85.274    256.154    262.349   -0.00017    6.88882    9.84481  300.38991   15.50092 4.4213e-02     0.5080     1.5107    68.5455 0.0000e+00
        451 303.871835    0.03126     1.8759    112.551     16.150  49252.174    30.9270     7.2846     16.000     7.2800    24.1748     5.8761     8.3975     85.296    256.232    262.426   -0.00002    6.88902    9.84509  300.40139   15.50152 4.4095e-02     0.5162     1.4761    69.1414 0.0000e+00
        458 303.871854    0.03171     1.9022    114.130     17.162  49251.198    30.9241     7.2742     17.000     7.2698    24.1739     5.8726     8.3925     85.223    256.077    262.268   -0.00078    6.89080    9.84765  300.47945   15.50525 4.3972e-02     0.5075     1.4728    69.1968 0.0000e+00
        463 303.871870    0.03211     1.9270    115.620     18.177  49271.257    30.9374     7.2732     18.000     7.2790    24.1845     5.8756     8.3968     85.272    256.207    262.403   -0.00003    6.89036    9.84701  300.45704   15.50413 4.3995e-02     0.5303     1.4876    68.9430 0.0000e+00
        468 303.871883    0.03241     1.9445    116.670     19.175  49313.532    30.9708     7.3002     19.000     7.3218    24.2072     5.8734     8.3937     85.313    256.107    262.306    0.00005    6.88455    9.83872  300.19728   15.49160 4.3802e-02     0.5243     1.5301    68.2142 0.0000e+00
        474 303.871901    0.03285     1.9706    118.238     20.188  49236.289    30.9171     7.3031     20.000     7.2854    24.1647     5.8702     8.3892     85.243    255.980    262.166   -0.00055    6.88654    9.84155  300.29622   15.49654 4.3809e-02     0.5211     1.4845    68.9986 0.0000e+00
        481 303.871921    0.03332     1.9994    119.966     21.203  49259.221    30.9250     7.2570     21.000     7.2572    24.1769     5.8680     8.3859     85.123    255.876    262.062   -0.00137    6.89348    9.85148  300.59552   15.51078 4.3869e-02     0.5313     1.4760    69.1434 0.0000e+00
        486 303.871935    0.03366     2.0198    121.186     22.206  49267.931    30.9324     7.2679     22.000     7.2693    24.1813     5.8809     8.4045     85.337    256.442    262.643    0.00084    6.89142    9.84852  300.50409   15.50639 4.3875e-02     0.5237     1.5075    68.6008 0.0000e+00
        491 303.871950    0.03403     2.0418    122.509     23.220  49261.949    30.9286     7.2730     23.000     7.2708    24.1777     5.8855     8.4110     85.412    256.643    262.849    0.00125    6.89077    9.84761  300.47718   15.50513 4.3842e-02     0.5128     1.4966    68.7876 0.0000e+00
        496 303.871965    0.03439     2.0636    123.818     24.223  49273.311    30.9361     7.2731     24.000     7.2767    24.1835     5.8808     8.4043     85.348    256.436    262.638    0.00009    6.89042    9.84710  300.45996   15.50428 4.3831e-02     0.5241     1.4923    68.8618 0.0000e+00
        504 303.871989    0.03496     2.0979    125.875     25.243  49269.520    30.9373     7.2990     25.000     7.2969    24.1811     5.8762     8.3977     85.333    256.237    262.433   -0.00016    6.88626    9.84116  300.27943   15.49566 4.3910e-02     0.5198     1.4514    69.5680 0.0000e+00
        510 303.872005    0.03535     2.1211    127.268     26.254  49373.987    31.0093     7.2981     26.000     7.3568    24.2378     5.8647     8.3813     85.204    255.722    261.919   -0.00121    6.88317    9.83673  300.12790   15.48814 4.3737e-02     0.5178     1.4929    68.8528 0.0000e+00
        513 303.872015    0.03559     2.1354    128.121     27.250  49422.896    31.0677     7.4477     27.000     7.4943    24.2636     5.8653     8.3821     85.538    255.740    261.946    0.00121    6.85696    9.79928  298.97749   15.43301 4.3755e-02     0.5125     1.5533    67.8196 0.0000e+00
        519 303.872031    0.03598     2.1587    129.520     28.263  49343.484    31.0236     7.5189     28.000     7.5269    24.2194     5.8452     8.3533     85.359    254.872    261.045   -0.00016    6.84775    9.78612  298.58883   15.41465 4.3789e-02     0.4857     1.5379    68.0816 0.0000e+00
        526 303.872053    0.03649     2.1894    131.365     29.279  49326.427    31.0142     7.5367     29.000     7.5341    24.2097     5.7951     8.2818     84.657    252.692    258.809   -0.00592    6.84539    9.78274  298.48855   15.40991 4.3678e-02     0.4856     1.4737    69.1833 0.0000e+00
        532 303.872069    0.03688     2.2130    132.777     30.285  49322.633    31.0103     7.5316     30.000     7.5278    24.2073     5.7964     8.2837     84.665    252.750    258.869   -0.00356    6.84636    9.78413  298.53165   15.41197 4.3583e-02     0.4672     1.4746    69.1669 0.0000e+00
        538 303.872085    0.03726     2.2358    134.145     31.297  49330.894    31.0156     7.5317     31.000     7.5314    24.2114     5.7945     8.2809     84.640    252.665    258.782   -0.00234    6.84611    9.78377  298.51950   15.41138 4.3815e-02     0.4746     1.4908    68.8875 0.0000e+00
        542 303.872099    0.03759     2.2552    135.313     32.304  49353.578    31.0329     7.5435     32.000     7.5504    24.2234     5.7967     8.2840     84.704    252.756    258.878   -0.00116    6.84347    9.78001  298.40113   15.40566 4.3788e-02     0.4906     1.4743    69.1717 0.0000e+00
        547 303.872113    0.03794     2.2762    136.569     33.309  49351.697    31.0347     7.5655     33.000     7.5679    24.2219     5.8016     8.2911     84.820    252.973    259.101    0.00028    6.83995    9.77498  298.24810   15.39835 4.3764e-02     0.4772     1.4101    70.2924 0.0000e+00
        554 303.872133    0.03841     2.3050    138.303     34.326  49338.722    31.0262     7.5716     34.000     7.5667    24.2144     5.7876     8.2711     84.622    252.364    258.475   -0.00145    6.83938    9.77415  298.22526   15.39730 4.3883e-02     0.4601     1.3705    70.9899 0.0000e+00
        560 303.872151    0.03885     2.3307    139.844     35.332  49349.738    31.0332     7.5706     35.000     7.5717    24.2201     5.7805     8.2610     84.521    252.055    258.159   -0.00189    6.83921    9.77392  298.21638   15.39684 4.4014e-02     0.4457     1.3694    71.0103 0.0000e+00
        567 303.872169    0.03929     2.3574    141.441     36.347  49363.887    31.0461     7.5917     36.000     7.5947    24.2272     5.7925     8.2780     84.744    252.575    258.694    0.00078    6.83534    9.76839  298.04572   15.38864 4.3966e-02     0.4689     1.3698    71.0035 0.0000e+00
        572 303.872184    0.03963     2.3782    142.694     37.350  49436.539    31.1030     7.6331     37.000     7.6611    24.2663     5.7928     8.2786     84.860    252.581    258.710    0.00133    6.82635    9.75554  297.64220   15.36915 4.3960e-02     0.4350     1.3648    71.0917 0.0000e+00
        578 303.872201    0.04005     2.4029    144.175     38.359  49370.183    31.0627     7.6727     38.000     7.6662    24.2293     5.7805     8.2609     84.733    252.049    258.156   -0.00015    6.82197    9.74927  297.46167   15.36071 4.4061e-02     0.4362     1.3254    71.7974 0.0000e+00
        585 303.872223    0.04058     2.4350    146.098     39.375  49372.797    31.0642     7.6737     39.000     7.6647    24.2303     5.7574     8.2279     84.398    251.043    257.126   -0.00291    6.82175    9.74896  297.45194   15.36024 4.3794e-02     0.4132     1.2935    72.3706 0.0000e+00
        592 303.872241    0.04102     2.4611    147.665     40.381  49388.936    31.0705     7.6462     40.000     7.6536    24.2391     5.7528     8.2213     84.281    250.841    256.922   -0.00263    6.82575    9.75467  297.62374   15.36841 4.4020e-02     0.4233     1.2988    72.2750 0.0000e+00
        597 303.872258    0.04142     2.4851    149.103     41.395  49405.418    31.0888     7.6910     41.000     7.6940    24.2473     5.7682     8.2433     84.603    251.509    257.607    0.00102    6.81797    9.74355  297.28195   15.35202 4.4054e-02     0.4289     1.3043    72.1757 0.0000e+00
        602 303.872272    0.04176     2.5055    150.332     42.396  49382.116    31.0728     7.6955     42.000     7.6882    24.2341     5.7625     8.2352     84.519    251.265    257.355    0.00011    6.81798    9.74358  297.28667   15.35232 4.4115e-02     0.4158     1.3192    71.9073 0.0000e+00
        609 303.872292    0.04224     2.5344    152.063     43.412  49382.779    31.0710     7.6839     43.000     7.6790    24.2343     5.7525     8.2209     84.350    250.829    256.907   -0.00144    6.81986    9.74626  297.36824   15.35621 4.4136e-02     0.4076     1.2914    72.4083 0.0000e+00
        616 303.872311    0.04268     2.5608    153.651     44.418  49399.198    31.0829     7.6896     44.000     7.6903    24.2429     5.7514     8.2193     84.351    250.778    256.857   -0.00092    6.81844    9.74422  297.30377   15.35309 4.4063e-02     0.4053     1.2835    72.5517 0.0000e+00
        622 303.872330    0.04314     2.5887    155.323     45.435  49407.780    31.0909     7.7049     45.000     7.7064    24.2470     5.7523     8.2206     84.398    250.816    256.898   -0.00004    6.81570    9.74031  297.18333   15.34731 4.4155e-02     0.4127     1.2722    72.7572 0.0000e+00
        627 303.872345    0.04349     2.6095    156.572     46.427  49404.486    31.0902     7.7180     46.000     7.7163    24.2448     5.7478     8.2142     84.357    250.621    256.698   -0.00077    6.81370    9.73746  297.09690   15.34319 4.4128e-02     0.4418     1.2965    72.3157 0.0000e+00
