CTD-processing/allCTD/CNV/2012_10-28_t6_s09_cast020_4141.cnv
* Sea-Bird SBE19plus Data File:
* FileName = C:\Documents and Settings\kris.holderied.local\My Documents\2012-10-CookInlet-Ocean-LTM\2012-10-28-EVOSTC-CookInletOcean-Tran6-Douglas\2012-10-28-CookInletOcean-Tran6-cast020.hex
* Software Version 1.54
* Temperature SN =  4141
* Conductivity SN =  4141
* System UpLoad Time = Oct 28 2012 19:47:49
** Cook Inlet EVOSTC Transect 6 Douglas line west to east
** Date:   28 Oct 2012
** Station:  6-09
** Start time (AKDT-24 hr):  1557
** Depth (m):  115
** Comment:
# nquan = 27
# nvalues = 105                         
# units = specified
# name 0 = scan: Scan Count
# name 1 = timeJ: Julian Days
# name 2 = timeH: Time, Elapsed [hours]
# name 3 = timeM: Time, Elapsed [minutes]
# name 4 = timeS: Time, Elapsed [seconds]
# name 5 = prdM: Pressure, Strain Gauge [db]
# name 6 = specc: Specific Conductance [uS/cm]
# name 7 = sal00: Salinity, Practical [PSU]
# name 8 = tv290C: Temperature [ITS-90, deg C]
# name 9 = depSM: Depth [salt water, m], lat = 59.00
# name 10 = potemp090C: Potential Temperature [ITS-90, deg C]
# name 11 = sigma-é00: Density [sigma-theta, kg/m^3]
# name 12 = sbeox0ML/L: Oxygen, SBE 43 [ml/l]
# name 13 = sbeox0Mg/L: Oxygen, SBE 43 [mg/l]
# name 14 = sbeox0PS: Oxygen, SBE 43 [% saturation]
# name 15 = sbox0Mm/Kg: Oxygen, SBE 43 [umol/kg]
# name 16 = sbeox0Mm/L: Oxygen, SBE 43 [umol/l]
# name 17 = sbox0dV/dT: Oxygen, SBE 43 [dov/dt]
# name 18 = oxsolML/L: Oxygen Saturation, Garcia & Gordon [ml/l]
# name 19 = oxsolMg/L: Oxygen Saturation, Garcia & Gordon [mg/l]
# name 20 = oxsolMm/Kg: Oxygen Saturation, Garcia & Gordon [umol/kg]
# name 21 = n2satMg/L: Nitrogen Saturation [mg/l]
# name 22 = par: PAR/Irradiance, Biospherical/Licor
# name 23 = wetStar: Fluorescence, WET Labs WETstar [mg/m^3]
# name 24 = CStarAt0: Beam Attenuation, WET Labs C-Star [1/m]
# name 25 = CStarTr0: Beam Transmission, WET Labs C-Star [%]
# name 26 = flag: flag
# span 0 =        108,       1063       
# span 1 = 302.664951, 302.667714       
# span 2 =    0.00743,    0.07377       
# span 3 =     0.4460,     4.4261       
# span 4 =     26.759,    265.561       
# span 5 =      1.006,    105.979       
# span 6 =  48742.290,  51125.309       
# span 7 =    30.7568,    32.2377       
# span 8 =     7.1149,     8.7435       
# span 9 =      1.000,    105.000       
# span 10 =     7.5418,     8.7335      
# span 11 =    23.8818,    25.1698      
# span 12 =     5.2657,     6.5202      
# span 13 =     7.5252,     9.3180      
# span 14 =     77.567,     94.579      
# span 15 =    229.392,    284.196      
# span 16 =    235.166,    291.193      
# span 17 =   -0.01791,    0.00883      
# span 18 =    6.64886,    6.89417      
# span 19 =    9.50189,    9.85245      
# span 20 =  289.90591,  300.49560      
# span 21 =   14.99880,   15.50388      
# span 22 = 3.6934e-02, 1.0609e+02      
# span 23 =     0.2154,     1.4620      
# span 24 =     0.2197,     8.5231      
# span 25 =    19.8085,    94.6557      
# span 26 = 0.0000e+00, 0.0000e+00      
# interval = meters: 1                  
# start_time = Oct 28 2012 15:57:05 [Instrument's time stamp, header]
# bad_flag = -9.990e-29
*END*
[from data line 54]
        723 302.666730    0.05014     3.0083    180.500     55.518  51055.325    32.2151     7.5737     55.000     7.5680    25.1484     5.3175     7.5993     78.359    231.655    237.480   -0.00053    6.78606    9.69796  295.63088   15.26863 4.6282e-01     0.4380     0.2221    94.6004 0.0000e+00
        730 302.666750    0.05060     3.0360    182.160     56.549  51056.679    32.2154     7.5729     56.000     7.5680    25.1487     5.3165     7.5979     78.344    231.613    237.438   -0.00056    6.78616    9.69810  295.63492   15.26883 3.8500e-01     0.3767     0.2211    94.6210 0.0000e+00
        732 302.666756    0.05077     3.0464    182.782     57.530  51057.646    32.2156     7.5729     57.000     7.5665    25.1489     5.3162     7.5974     78.339    231.596    237.421   -0.00061    6.78614    9.69808  295.63442   15.26880 3.5191e-01     0.3762     0.2226    94.5871 0.0000e+00
        741 302.666781    0.05136     3.0815    184.891     58.555  51060.788    32.2171     7.5713     58.000     7.5667    25.1503     5.3083     7.5860     78.220    231.251    237.067   -0.00128    6.78635    9.69837  295.64281   15.26919 3.2048e-01     0.4540     0.2208    94.6301 0.0000e+00
        749 302.666805    0.05194     3.1163    186.978     59.564  51054.949    32.2132     7.5749     59.000     7.5701    25.1467     5.3069     7.5840     78.204    231.190    237.004   -0.00041    6.78594    9.69778  295.62615   15.26841 3.2370e-01     0.3797     0.2199    94.6508 0.0000e+00
        754 302.666821    0.05230     3.1382    188.295     60.575  51055.502    32.2132     7.5757     60.000     7.5696    25.1467     5.3150     7.5957     78.325    231.547    237.369    0.00065    6.78583    9.69762  295.62113   15.26817 3.0124e-01     0.4190     0.2207    94.6311 0.0000e+00
        759 302.666836    0.05267     3.1603    189.619     61.591  51058.621    32.2147     7.5741     61.000     7.5680    25.1480     5.3151     7.5957     78.324    231.549    237.372    0.00042    6.78600    9.69787  295.62841   15.26852 2.7956e-01     0.4257     0.2219    94.6043 0.0000e+00
        763 302.666847    0.05294     3.1763    190.578     62.591  51060.665    32.2155     7.5736     62.000     7.5679    25.1488     5.3096     7.5880     78.243    231.311    237.128   -0.00054    6.78604    9.69793  295.62991   15.26858 2.5820e-01     0.4084     0.2214    94.6158 0.0000e+00
        768 302.666860    0.05326     3.1955    191.729     63.597  51062.180    32.2161     7.5732     63.000     7.5664    25.1493     5.3071     7.5844     78.205    231.200    237.015   -0.00083    6.78609    9.69801  295.63191   15.26868 2.0925e-01     0.3898     0.2205    94.6372 0.0000e+00
        777 302.666885    0.05386     3.2316    193.897     64.621  51068.593    32.2196     7.5699     64.000     7.5627    25.1525     5.3048     7.5811     78.167    231.098    236.911   -0.00065    6.78644    9.69850  295.64602   15.26933 2.1479e-01     0.3803     0.2206    94.6356 0.0000e+00
        782 302.666902    0.05426     3.2554    195.326     65.619  51074.793    32.2229     7.5667     65.000     7.5598    25.1555     5.3020     7.5771     78.122    230.977    236.787   -0.00077    6.78680    9.69902  295.66097   15.27004 1.9900e-01     0.3699     0.2231    94.5759 0.0000e+00
        791 302.666928    0.05488     3.2931    197.584     66.654  51081.348    32.2266     7.5645     66.000     7.5576    25.1588     5.2894     7.5590     77.933    230.423    236.221   -0.00192    6.78696    9.69925  295.66711   15.27032 1.8600e-01     0.3842     0.2204    94.6399 0.0000e+00
        795 302.666939    0.05514     3.3084    198.506     67.652  51084.244    32.2279     7.5635     67.000     7.5568    25.1600     5.2835     7.5507     77.847    230.172    235.962   -0.00254    6.78707    9.69940  295.67148   15.27051 1.7293e-01     0.3542     0.2245    94.5442 0.0000e+00
        797 302.666945    0.05531     3.3184    199.104     68.643  51084.962    32.2280     7.5631     68.000     7.5566    25.1601     5.2883     7.5575     77.917    230.380    236.176   -0.00158    6.78713    9.69948  295.67376   15.27063 1.5999e-01     0.4227     0.2249    94.5329 0.0000e+00
        806 302.666971    0.05591     3.3543    201.260     69.659  51087.373    32.2289     7.5614     69.000     7.5536    25.1611     5.2904     7.5606     77.945    230.472    236.271   -0.00059    6.78735    9.69981  295.68338   15.27108 1.4831e-01     0.3397     0.2238    94.5582 0.0000e+00
        813 302.666991    0.05638     3.3827    202.961     70.656  51091.336    32.2308     7.5590     70.000     7.5518    25.1629     5.2909     7.5613     77.949    230.493    236.293   -0.00035    6.78765    9.70023  295.69568   15.27166 1.3677e-01     0.3859     0.2239    94.5553 0.0000e+00
        825 302.667026    0.05724     3.4346    206.078     71.699  51094.047    32.2321     7.5585     71.000     7.5518    25.1641     5.2877     7.5566     77.901    230.350    236.147   -0.00059    6.78766    9.70024  295.69579   15.27166 1.2728e-01     0.3546     0.2226    94.5866 0.0000e+00
        829 302.667036    0.05748     3.4489    206.931     72.682  51093.871    32.2316     7.5586     72.000     7.5519    25.1636     5.2837     7.5509     77.842    230.177    235.968   -0.00108    6.78766    9.70024  295.69601   15.27167 8.9748e-02     0.3858     0.2225    94.5889 0.0000e+00
        836 302.667059    0.05802     3.4812    208.871     73.707  51094.755    32.2317     7.5583     73.000     7.5514    25.1637     5.2816     7.5479     77.811    230.085    235.875   -0.00085    6.78770    9.70030  295.69776   15.27176 9.9134e-02     0.3822     0.2201    94.6478 0.0000e+00
        843 302.667077    0.05846     3.5075    210.451     74.708  51095.527    32.2318     7.5584     74.000     7.5516    25.1638     5.2920     7.5629     77.965    230.540    236.342    0.00073    6.78768    9.70027  295.69698   15.27172 1.0286e-01     0.4110     0.2225    94.5880 0.0000e+00
        851 302.667101    0.05903     3.5420    212.522     75.724  51096.192    32.2318     7.5584     75.000     7.5512    25.1638     5.2844     7.5519     77.852    230.207    235.999   -0.00054    6.78768    9.70027  295.69688   15.27172 8.2432e-02     0.3924     0.2202    94.6451 0.0000e+00
        859 302.667125    0.05961     3.5766    214.595     76.743  51097.986    32.2323     7.5572     76.000     7.5493    25.1645     5.2863     7.5546     77.879    230.290    236.085    0.00017    6.78785    9.70052  295.70401   15.27205 9.0765e-02     0.3353     0.2197    94.6557 0.0000e+00
        863 302.667136    0.05988     3.5926    215.554     77.728  51100.498    32.2334     7.5560     77.000     7.5489    25.1655     5.2889     7.5583     77.915    230.403    236.201    0.00032    6.78799    9.70072  295.70994   15.27234 8.5671e-02     0.3754     0.2242    94.5483 0.0000e+00
        872 302.667161    0.06047     3.6281    217.685     78.757  51100.121    32.2327     7.5562     78.000     7.5486    25.1649     5.2888     7.5582     77.915    230.400    236.199    0.00004    6.78797    9.70069  295.70934   15.27231 8.1053e-02     0.3481     0.2216    94.6118 0.0000e+00
        878 302.667180    0.06093     3.6559    219.357     79.755  51102.480    32.2336     7.5546     79.000     7.5465    25.1659     5.2832     7.5502     77.828    230.153    235.946   -0.00074    6.78820    9.70101  295.71889   15.27276 6.9995e-02     0.3643     0.2222    94.5954 0.0000e+00
        889 302.667212    0.06170     3.7019    222.114     80.786  51104.621    32.2345     7.5537     80.000     7.5463    25.1667     5.2868     7.5555     77.883    230.316    236.112    0.00001    6.78829    9.70114  295.72262   15.27293 7.2737e-02     0.4006     0.2243    94.5461 0.0000e+00
        893 302.667221    0.06192     3.7155    222.930     81.767  51105.514    32.2347     7.5540     81.000     7.5462    25.1669     5.2911     7.5614     77.944    230.497    236.298    0.00061    6.78824    9.70107  295.72036   15.27282 6.8333e-02     0.3732     0.2240    94.5547 0.0000e+00
        901 302.667246    0.06253     3.7518    225.105     82.800  51106.161    32.2348     7.5542     82.000     7.5471    25.1669     5.2811     7.5472     77.798    230.064    235.854   -0.00086    6.78819    9.70101  295.71853   15.27274 6.5402e-02     0.3515     0.2216    94.6107 0.0000e+00
        908 302.667267    0.06302     3.7811    226.867     83.799  51105.060    32.2337     7.5555     83.000     7.5476    25.1658     5.2822     7.5488     77.817    230.113    235.904   -0.00051    6.78804    9.70079  295.71221   15.27244 6.2539e-02     0.3879     0.2209    94.6274 0.0000e+00
        918 302.667294    0.06367     3.8201    229.209     84.806  51106.867    32.2343     7.5543     84.000     7.5461    25.1665     5.2849     7.5527     77.854    230.229    236.023   -0.00017    6.78821    9.70103  295.71919   15.27277 5.9860e-02     0.4174     0.2225    94.5906 0.0000e+00
        927 302.667320    0.06431     3.8582    231.490     85.837  51108.681    32.2350     7.5531     85.000     7.5446    25.1672     5.2846     7.5523     77.849    230.217    236.011   -0.00017    6.78836    9.70125  295.72548   15.27307 5.7259e-02     0.3864     0.2238    94.5598 0.0000e+00
        931 302.667331    0.06457     3.8741    232.446     86.827  51110.884    32.2358     7.5520     86.000     7.5430    25.1680     5.2917     7.5624     77.951    230.526    236.328    0.00069    6.78850    9.70144  295.73124   15.27334 5.4848e-02     0.3835     0.2248    94.5364 0.0000e+00
        939 302.667355    0.06514     3.9082    234.492     87.844  51113.320    32.2368     7.5507     87.000     7.5424    25.1690     5.2840     7.5514     77.836    230.191    235.985   -0.00038    6.78865    9.70166  295.73758   15.27364 5.3027e-02     0.3717     0.2248    94.5338 0.0000e+00
        945 302.667373    0.06557     3.9338    236.027     88.843  51113.815    32.2367     7.5509     88.000     7.5427    25.1690     5.2726     7.5350     77.668    229.691    235.473   -0.00160    6.78863    9.70163  295.73669   15.27360 5.1358e-02     0.3719     0.2241    94.5514 0.0000e+00
        954 302.667399    0.06619     3.9715    238.290     89.857  51114.537    32.2368     7.5510     89.000     7.5426    25.1690     5.2720     7.5342     77.659    229.665    235.446   -0.00134    6.78860    9.70159  295.73552   15.27354 4.9639e-02     0.3603     0.2241    94.5506 0.0000e+00
        961 302.667418    0.06666     3.9993    239.956     90.864  51115.895    32.2372     7.5508     90.000     7.5421    25.1694     5.2751     7.5387     77.705    229.801    235.586   -0.00049    6.78862    9.70162  295.73621   15.27358 4.8254e-02     0.3637     0.2246    94.5391 0.0000e+00
        967 302.667436    0.06707     4.0242    241.449     91.877  51116.409    32.2371     7.5505     91.000     7.5420    25.1693     5.2784     7.5433     77.752    229.944    235.732    0.00007    6.78867    9.70168  295.73833   15.27368 4.6948e-02     0.3645     0.2237    94.5616 0.0000e+00
        974 302.667457    0.06759     4.0554    243.324     92.891  51117.643    32.2375     7.5505     92.000     7.5418    25.1697     5.2742     7.5374     77.692    229.764    235.547   -0.00055    6.78866    9.70167  295.73797   15.27366 4.5860e-02     0.3902     0.2213    94.6167 0.0000e+00
        980 302.667474    0.06799     4.0793    244.759     93.898  51117.791    32.2371     7.5505     93.000     7.5419    25.1694     5.2755     7.5392     77.710    229.818    235.602   -0.00034    6.78866    9.70167  295.73799   15.27366 4.4770e-02     0.3644     0.2223    94.5935 0.0000e+00
        987 302.667494    0.06846     4.1078    246.466     94.906  51118.882    32.2375     7.5507     94.000     7.5419    25.1696     5.2721     7.5344     77.661    229.673    235.454   -0.00056    6.78862    9.70161  295.73597   15.27356 4.3838e-02     0.3574     0.2212    94.6201 0.0000e+00
        996 302.667519    0.06907     4.1442    248.651     95.926  51119.814    32.2377     7.5508     95.000     7.5419    25.1698     5.2657     7.5252     77.567    229.392    235.166   -0.00109    6.78860    9.70159  295.73532   15.27353 4.2889e-02     0.3593     0.2238    94.5587 0.0000e+00
       1002 302.667536    0.06948     4.1688    250.129     96.926  51120.011    32.2374     7.5512     96.000     7.5423    25.1695     5.2740     7.5371     77.690    229.754    235.537    0.00026    6.78855    9.70152  295.73327   15.27343 4.0196e-02     0.3880     0.2242    94.5483 0.0000e+00
       1010 302.667560    0.07004     4.2024    252.142     97.951  51120.130    32.2371     7.5515     97.000     7.5422    25.1692     5.2683     7.5289     77.607    229.507    235.283   -0.00070    6.78852    9.70148  295.73204   15.27337 4.1579e-02     0.3526     0.2235    94.5669 0.0000e+00
       1013 302.667570    0.07031     4.2183    253.096     98.942  51121.276    32.2374     7.5514     98.000     7.5423    25.1695     5.2710     7.5327     77.645    229.622    235.402   -0.00028    6.78853    9.70148  295.73201   15.27338 4.0676e-02     0.3783     0.2239    94.5555 0.0000e+00
       1022 302.667594    0.07088     4.2526    255.157     99.961  51121.258    32.2370     7.5519     99.000     7.5428    25.1691     5.2710     7.5329     77.647    229.625    235.405    0.00002    6.78844    9.70137  295.72871   15.27322 4.0102e-02     0.3811     0.2220    94.6015 0.0000e+00
       1030 302.667617    0.07143     4.2856    257.135    100.963  51121.809    32.2370     7.5522    100.000     7.5428    25.1691     5.2735     7.5363     77.683    229.731    235.513   -0.00003    6.78840    9.70131  295.72698   15.27313 3.9595e-02     0.3536     0.2226    94.5881 0.0000e+00
       1039 302.667646    0.07210     4.3262    259.573    101.989  51122.942    32.2373     7.5524    101.000     7.5430    25.1693     5.2739     7.5368     77.689    229.746    235.529   -0.00018    6.78836    9.70125  295.72497   15.27304 3.9097e-02     0.4269     0.2240    94.5529 0.0000e+00
       1043 302.667656    0.07237     4.3421    260.527    102.983  51123.087    32.2370     7.5527    102.000     7.5431    25.1691     5.2748     7.5381     77.703    229.787    235.570   -0.00017    6.78834    9.70122  295.72431   15.27301 3.8629e-02     0.3878     0.2271    94.4802 0.0000e+00
       1049 302.667672    0.07275     4.3649    261.893    103.992  51123.705    32.2370     7.5528    103.000     7.5431    25.1691     5.2762     7.5402     77.724    229.850    235.635    0.00001    6.78831    9.70118  295.72290   15.27294 3.8244e-02     0.3892     0.2228    94.5823 0.0000e+00
       1058 302.667698    0.07337     4.4021    264.125    105.014  51124.988    32.2374     7.5527    104.000     7.5429    25.1694     5.2776     7.5422     77.746    229.913    235.699    0.00008    6.78832    9.70118  295.72307   15.27295 3.6934e-02     0.3850     0.2221    94.5992 0.0000e+00
       1063 302.667714    0.07377     4.4261    265.561    105.979  51125.309    32.2371     7.5526    105.000     7.5426    25.1693     5.2733     7.5360     77.681    229.723    235.504   -0.00052    6.78834    9.70122  295.72408   15.27300 3.7809e-02     0.4011     0.2275    94.4717 0.0000e+00
