CTD-processing/allCTD/CNV/2012_07-02_t9_s02_cast165_5028.cnv
* Sea-Bird SBE19plus Data File:
* FileName = C:\Documents and Settings\kris.holderied.local\My Documents\CTD-data-upload-2012-07-28\CTD5028-upload-2012-07-28-cast165.hex
* Software Version 1.54
* Temperature SN =  5028
* Conductivity SN =  5028
* System UpLoad Time = Jul 28 2012 12:10:06
** Kachemak Bay - CTD data - upload all 2012-07-28
** Date:  2012-07-02   xxxx Tide (x of 2 lines)
** Station:  9.02
** Start time (AKDT-24 hr): 1416
** Depth (ft):248
** Comments: Small knot caused delay in cast.
# nquan = 26
# nvalues = 65                          
# units = specified
# name 0 = scan: Scan Count
# name 1 = timeJ: Julian Days
# name 2 = timeH: Time, Elapsed [hours]
# name 3 = timeM: Time, Elapsed [minutes]
# name 4 = timeS: Time, Elapsed [seconds]
# name 5 = prdM: Pressure, Strain Gauge [db]
# name 6 = specc: Specific Conductance [uS/cm]
# name 7 = sal00: Salinity, Practical [PSU]
# name 8 = tv290C: Temperature [ITS-90, deg C]
# name 9 = depSM: Depth [salt water, m], lat = 59.00
# name 10 = potemp090C: Potential Temperature [ITS-90, deg C]
# name 11 = sigma-é00: Density [sigma-theta, kg/m^3]
# name 12 = sbeox0ML/L: Oxygen, SBE 43 [ml/l]
# name 13 = sbeox0Mg/L: Oxygen, SBE 43 [mg/l]
# name 14 = sbeox0PS: Oxygen, SBE 43 [% saturation]
# name 15 = sbox0Mm/Kg: Oxygen, SBE 43 [umol/kg]
# name 16 = sbeox0Mm/L: Oxygen, SBE 43 [umol/l]
# name 17 = sbox0dV/dT: Oxygen, SBE 43 [dov/dt]
# name 18 = oxsolML/L: Oxygen Saturation, Garcia & Gordon [ml/l]
# name 19 = oxsolMg/L: Oxygen Saturation, Garcia & Gordon [mg/l]
# name 20 = oxsolMm/Kg: Oxygen Saturation, Garcia & Gordon [umol/kg]
# name 21 = n2satMg/L: Nitrogen Saturation [mg/l]
# name 22 = par: PAR/Irradiance, Biospherical/Licor [umol photons/m^2/sec]
# name 23 = flECO-AFL: Fluorescence, WET Labs ECO-AFL/FL [mg/m^3]
# name 24 = upoly0: Upoly 0, ECO-FLNTUS
# name 25 = flag: flag
# span 0 =        319,        503       
# span 1 = 184.596499, 184.597031       
# span 2 =    0.02207,    0.03486       
# span 3 =     1.3243,     2.0917       
# span 4 =     79.458,    125.502       
# span 5 =      1.009,     65.624       
# span 6 =  45013.013,  50238.977       
# span 7 =    28.5083,    31.5606       
# span 8 =     6.7052,    11.4560       
# span 9 =      1.000,     65.000       
# span 10 =     6.6556,    11.4558      
# span 11 =    21.6485,    24.6954      
# span 12 =     6.5632,     7.1965      
# span 13 =     9.5249,    10.2735      
# span 14 =     98.322,    112.377      
# span 15 =    286.397,    313.664      
# span 16 =    293.112,    321.399      
# span 17 =   -0.03104,    0.05022      
# span 18 =    6.37764,    6.96379      
# span 19 =    9.11462,    9.94348      
# span 20 =  278.79030,  303.52065      
# span 21 =   14.47911,   15.63563      
# span 22 = 5.8767e-02, 2.4645e+02      
# span 23 =     0.4264,     2.3130      
# span 24 =  0.6636561,  1.5014567      
# span 25 = 0.0000e+00, 0.0000e+00      
# interval = meters: 1                  
# start_time = Jul 02 2012 14:17:38 [Instrument's time stamp, header]
# bad_flag = -9.990e-29
*END*
        319 184.596499    0.02207     1.3243     79.458      1.009  45013.013    28.5083    11.4560      1.000    11.4558    21.6485     7.1670    10.0924    112.377    313.297    320.079    0.05022    6.37764    9.11462  278.79030   14.47911 2.4645e+02     1.2732  1.5014567 0.0000e+00
        326 184.596520    0.02259     1.3554     81.324      2.019  45049.551    28.5289    11.4140      2.000    11.3887    21.6713     7.0787    10.0708    110.975    309.437    316.136    0.02869    6.37867    9.12188  278.83450   14.48933 1.8266e+02     1.3034  1.4695633 0.0000e+00
        331 184.596534    0.02294     1.3759     82.554      3.029  45128.516    28.5741    11.3277      3.000    11.2448    21.7207     6.9441     9.9492    108.843    303.551    310.124    0.01216    6.38001    9.13670  278.89238   14.51016 1.3422e+02     1.4719  1.4629463 0.0000e+00
        335 184.596544    0.02317     1.3902     83.411      4.038  45307.255    28.6772    11.1335      4.000    10.9295    21.8326     6.9468     9.9080    108.696    303.658    310.242    0.00941    6.39134    9.16992  279.38005   14.55684 1.0322e+02     1.7528  1.4736446 0.0000e+00
        338 184.596553    0.02338     1.4029     84.172      5.047  45679.705    28.8964    10.7681      5.000    10.3861    22.0627     6.9297     9.8528    107.803    302.863    309.480    0.00464    6.42965    9.23107  281.00606   14.64229 8.0650e+01     2.0649  1.4808657 0.0000e+00
        341 184.596562    0.02358     1.4150     84.898      6.057  46318.881    29.2785    10.2011      6.000     9.7140    22.4517     6.8548     9.7571    105.339    299.454    306.135   -0.00545    6.51040    9.32398  284.40275   14.77137 6.2407e+01     2.3130  1.4596214 0.0000e+00
        343 184.596569    0.02378     1.4265     85.592      7.066  47141.739    29.7736     9.5342      7.000     9.1039    22.9430     6.6758     9.6112    101.065    291.445    298.139   -0.02162    6.60820    9.43190  288.49102   14.92044 4.9002e+01     2.2806  1.3745903 0.0000e+00
        346 184.596577    0.02396     1.4378     86.267      8.076  47873.061    30.2121     8.9712      8.000     8.6012    23.3718     6.5632     9.5249     98.322    286.397    293.112   -0.03104    6.67643    9.52336  291.33539   15.04638 3.9101e+01     2.1260  1.2341722 0.0000e+00
        349 184.596585    0.02415     1.4491     86.946      9.085  48520.258    30.5973     8.4847      9.000     8.1799    23.7459     6.6411     9.5679     98.600    289.678    296.591   -0.02654    6.73526    9.60323  293.78644   15.15624 3.1456e+01     1.8566  1.1146208 0.0000e+00
        352 184.596593    0.02435     1.4605     87.632     10.094  49064.985    30.9187     8.0745     10.000     7.8460    24.0576     6.7747     9.6622     99.834    295.411    302.557   -0.01788    6.78566    9.67158  295.89008   15.25034 2.5409e+01     1.4954  1.0232338 0.0000e+00
        354 184.596601    0.02453     1.4718     88.308     11.104  49449.181    31.1427     7.7809     11.000     7.6337    24.2753     6.8412     9.7304    100.300    298.249    305.527   -0.01339    6.82066    9.72144  297.35471   15.31910 2.0849e+01     1.1451  0.9438566 0.0000e+00
        357 184.596609    0.02471     1.4828     88.966     12.114  49672.791    31.2715     7.6048     12.000     7.5112    24.4013     6.8478     9.7570    100.154    298.511    305.822   -0.01225    6.83725    9.75189  298.05175   15.36120 1.7268e+01     0.9119  0.9018269 0.0000e+00
        359 184.596616    0.02489     1.4936     89.613     13.123  49814.846    31.3522     7.4884     13.000     7.4253    24.4809     6.8453     9.7691     99.979    298.388    305.710   -0.01146    6.84669    9.77237  298.45084   15.38962 1.4264e+01     0.7885  0.8952043 0.0000e+00
        362 184.596623    0.02507     1.5042     90.251     14.133  49905.493    31.4030     7.4127     14.000     7.3672    24.5314     6.8397     9.7736     99.803    298.135    305.459   -0.01072    6.85310    9.78588  298.72197   15.40838 1.1841e+01     0.7133  0.9063252 0.0000e+00
        365 184.596631    0.02525     1.5147     90.881     15.142  49971.203    31.4396     7.3581     15.000     7.3238    24.5677     6.8322     9.7769     99.624    297.804    305.126   -0.01018    6.85800    9.79567  298.92815   15.42198 9.8292e+00     0.6665  0.8983460 0.0000e+00
        367 184.596638    0.02542     1.5251     91.509     16.152  50018.970    31.4659     7.3181     16.000     7.2910    24.5938     6.8389     9.7900     99.659    298.086    305.422   -0.00904    6.86222    9.80292  299.10623   15.43207 8.1906e+00     0.6302  0.8849547 0.0000e+00
        370 184.596645    0.02559     1.5356     92.136     17.161  50057.790    31.4872     7.2866     17.000     7.2683    24.6149     6.8600     9.8141     99.912    299.004    306.368   -0.00711    6.86602    9.80858  299.26636   15.43994 6.8133e+00     0.5960  0.8811455 0.0000e+00
        372 184.596652    0.02576     1.5460     92.763     18.171  50083.592    31.5015     7.2671     18.000     7.2562    24.6288     6.8831     9.8436    100.222    300.009    307.401   -0.00516    6.86786    9.81204  299.34307   15.44472 5.6872e+00     0.5899  0.8780768 0.0000e+00
        375 184.596660    0.02594     1.5565     93.390     19.181  50098.541    31.5096     7.2560     19.000     7.2488    24.6367     6.9052     9.8753    100.536    300.969    308.386   -0.00346    6.86837    9.81400  299.36394   15.44743 4.7416e+00     0.5862  0.8806091 0.0000e+00
        377 184.596667    0.02612     1.5670     94.020     20.190  50106.542    31.5136     7.2495     20.000     7.2438    24.6407     6.9337     9.9120    100.945    302.209    309.657   -0.00164    6.86870    9.81521  299.37843   15.44912 3.9674e+00     0.5726  0.8893193 0.0000e+00
        380 184.596674    0.02629     1.5775     94.649     21.199  50111.291    31.5157     7.2449     21.000     7.2405    24.6429     6.9652     9.9510    101.398    303.581    311.063    0.00019    6.86913    9.81611  299.39643   15.45038 3.3151e+00     0.5667  0.8856307 0.0000e+00
        382 184.596681    0.02647     1.5879     95.276     22.209  50113.057    31.5160     7.2419     22.000     7.2383    24.6436     6.9935     9.9877    101.804    304.815    312.327    0.00164    6.86953    9.81675  299.41431   15.45131 2.7822e+00     0.5674  0.8817211 0.0000e+00
        385 184.596689    0.02664     1.5983     95.898     23.219  50114.737    31.5164     7.2400     23.000     7.2370    24.6442     7.0147    10.0195    102.107    305.739    313.274    0.00257    6.86985    9.81718  299.42844   15.45191 2.3398e+00     0.5758  0.8846658 0.0000e+00
        387 184.596696    0.02681     1.6085     96.510     24.228  50117.552    31.5177     7.2392     24.000     7.2371    24.6454     7.0307    10.0470    102.340    306.437    313.990    0.00308    6.86988    9.81728  299.42923   15.45204 1.9799e+00     0.6011  0.8812575 0.0000e+00
        389 184.596702    0.02697     1.6184     97.105     25.238  50120.224    31.5192     7.2395     25.000     7.2380    24.6465     7.0499    10.0750    102.625    307.275    314.848    0.00366    6.86956    9.81710  299.41458   15.45177 1.6718e+00     0.6233  0.8778047 0.0000e+00
        392 184.596709    0.02714     1.6284     97.706     26.247  50120.946    31.5194     7.2405     26.000     7.2388    24.6465     7.0752    10.1048    102.998    308.377    315.977    0.00456    6.86922    9.81685  299.40014   15.45140 1.4102e+00     0.6350  0.8746270 0.0000e+00
        394 184.596717    0.02731     1.6389     98.335     27.256  50121.038    31.5192     7.2414     27.000     7.2392    24.6463     7.0988    10.1327    103.346    309.409    317.035    0.00531    6.86905    9.81668  299.39254   15.45114 1.1843e+00     0.6414  0.8696828 0.0000e+00
        397 184.596725    0.02750     1.6498     98.987     28.266  50121.358    31.5190     7.2419     28.000     7.2394    24.6460     7.1127    10.1529    103.547    310.011    317.652    0.00541    6.86900    9.81658  299.39089   15.45101 9.9507e-01     0.6389  0.8731408 0.0000e+00
        400 184.596732    0.02768     1.6609     99.654     29.276  50121.809    31.5188     7.2421     29.000     7.2393    24.6459     7.1193    10.1660    103.643    310.298    317.946    0.00503    6.86902    9.81654  299.39149   15.45096 8.3490e-01     0.6304  0.8807459 0.0000e+00
        402 184.596740    0.02787     1.6723    100.336     30.286  50122.485    31.5188     7.2421     30.000     7.2394    24.6459     7.1197    10.1734    103.648    310.318    317.966    0.00440    6.86910    9.81654  299.39530   15.45096 7.0235e-01     0.6183  0.8877410 0.0000e+00
        405 184.596749    0.02807     1.6840    101.042     31.295  50123.345    31.5190     7.2423     31.000     7.2401    24.6461     7.1223    10.1808    103.686    310.432    318.083    0.00386    6.86915    9.81648  299.39742   15.45085 5.9226e-01     0.6147  0.8835338 0.0000e+00
        408 184.596757    0.02827     1.6967    101.800     32.305  50124.166    31.5193     7.2433     32.000     7.2417    24.6462     7.1319    10.1923    103.827    310.852    318.513    0.00373    6.86904    9.81622  299.39241   15.45048 4.9911e-01     0.6172  0.8798915 0.0000e+00
        412 184.596768    0.02853     1.7121    102.725     33.314  50124.907    31.5199     7.2464     33.000     7.2457    24.6462     7.1442    10.2059    104.014    311.386    319.061    0.00375    6.86849    9.81549  299.36856   15.44941 4.2264e-01     0.6179  0.8845090 0.0000e+00
        417 184.596782    0.02887     1.7323    103.935     34.324  50124.179    31.5200     7.2525     34.000     7.2524    24.6455     7.1505    10.2151    104.122    311.662    319.343    0.00330    6.86745    9.81409  299.32328   15.44740 3.5889e-01     0.6509  0.9498669 0.0000e+00
        421 184.596794    0.02918     1.7505    105.033     35.333  50124.161    31.5207     7.2593     35.000     7.2597    24.6451     7.1463    10.2160    104.079    311.477    319.154    0.00248    6.86619    9.81253  299.26838   15.44512 3.0666e-01     0.6720  0.9487403 0.0000e+00
        424 184.596804    0.02940     1.7641    105.848     36.343  50122.752    31.5202     7.2649     36.000     7.2641    24.6440     7.1445    10.2184    104.070    311.401    319.075    0.00196    6.86513    9.81131  299.22274   15.44338 2.6488e-01     0.6740  0.9033733 0.0000e+00
        427 184.596812    0.02960     1.7761    106.563     37.352  50121.963    31.5197     7.2681     37.000     7.2660    24.6433     7.1548    10.2287    104.225    311.848    319.532    0.00216    6.86470    9.81061  299.20463   15.44236 2.3080e-01     0.6630  0.8788479 0.0000e+00
        430 184.596820    0.02979     1.7874    107.241     38.362  50123.015    31.5203     7.2697     38.000     7.2674    24.6435     7.1685    10.2416    104.424    312.446    320.145    0.00257    6.86480    9.81021  299.20909   15.44178 2.0249e-01     0.6603  0.8640050 0.0000e+00
        433 184.596828    0.02997     1.7984    107.903     39.372  50127.423    31.5231     7.2714     39.000     7.2705    24.6455     7.1779    10.2516    104.564    312.857    320.567    0.00275    6.86464    9.80964  299.20124   15.44090 1.7825e-01     0.6629  0.8486669 0.0000e+00
        435 184.596835    0.03016     1.8093    108.557     40.382  50133.200    31.5274     7.2752     40.000     7.2752    24.6483     7.1799    10.2562    104.607    312.937    320.650    0.00255    6.86363    9.80852  299.15576   15.43923 1.5819e-01     0.6505  0.8464619 0.0000e+00
        438 184.596843    0.03034     1.8201    109.209     41.391  50136.782    31.5302     7.2799     41.000     7.2793    24.6499     7.1796    10.2581    104.619    312.926    320.640    0.00222    6.86261    9.80728  299.11128   15.43738 1.4163e-01     0.6430  0.8383550 0.0000e+00
        440 184.596850    0.03052     1.8310    109.862     42.400  50141.307    31.5336     7.2840     42.000     7.2835    24.6521     7.1813    10.2598    104.653    313.002    320.717    0.00201    6.86198    9.80614  299.08369   15.43568 1.2753e-01     0.6435  0.8220797 0.0000e+00
        443 184.596858    0.03069     1.8420    110.517     43.411  50147.584    31.5383     7.2886     43.000     7.2885    24.6551     7.1809    10.2596    104.659    312.983    320.699    0.00178    6.86123    9.80482  299.04978   15.43369 1.1606e-01     0.6505  0.8092580 0.0000e+00
        446 184.596865    0.03088     1.8529    111.175     44.420  50156.100    31.5447     7.2940     44.000     7.2960    24.6594     7.1765    10.2568    104.607    312.791    320.503    0.00133    6.86045    9.80319  299.01456   15.43124 1.0674e-01     0.6602  0.8059976 0.0000e+00
        448 184.596873    0.03106     1.8639    111.833     45.429  50170.810    31.5559     7.3023     45.000     7.3079    24.6672     7.1705    10.2539    104.558    312.523    320.234    0.00091    6.85794    9.80058  298.90078   15.42730 9.8832e-02     0.6647  0.7877378 0.0000e+00
        451 184.596881    0.03125     1.8749    112.491     46.440  50175.228    31.5606     7.3148     46.000     7.3167    24.6692     7.1717    10.2562    104.636    312.573    320.286    0.00098    6.85396    9.79747  298.72634   15.42272 9.2429e-02     0.6570  0.7370482 0.0000e+00
        454 184.596888    0.03143     1.8858    113.148     47.449  50168.743    31.5569     7.3222     47.000     7.3158    24.6653     7.1838    10.2651    104.841    313.107    320.830    0.00153    6.85216    9.79605  298.65083   15.42072 8.7118e-02     0.6406  0.6906953 0.0000e+00
        456 184.596896    0.03162     1.8967    113.804     48.459  50162.411    31.5513     7.3182     48.000     7.3045    24.6615     7.1965    10.2735    105.005    313.664    321.399    0.00198    6.85355    9.79731  298.71392   15.42263 8.2746e-02     0.6207  0.6673114 0.0000e+00
        459 184.596903    0.03180     1.9076    114.458     49.468  50162.165    31.5484     7.3049     49.000     7.2882    24.6610     7.1962    10.2727    104.950    313.649    321.383    0.00155    6.85682    9.80049  298.85661   15.42727 7.9119e-02     0.6125  0.6636561 0.0000e+00
        461 184.596911    0.03197     1.9185    115.112     50.478  50165.489    31.5476     7.2889     50.000     7.2713    24.6625     7.1863    10.2643    104.756    313.215    320.938    0.00062    6.86002    9.80414  298.99529   15.43258 7.5975e-02     0.6166  0.6815291 0.0000e+00
        464 184.596918    0.03215     1.9294    115.764     51.488  50172.030    31.5488     7.2722     51.000     7.2545    24.6657     7.1720    10.2518    104.510    312.589    320.300   -0.00042    6.86246    9.80782  299.09915   15.43788 7.3328e-02     0.6158  0.7011111 0.0000e+00
        467 184.596926    0.03234     1.9403    116.416     52.498  50170.679    31.5444     7.2549     52.000     7.2331    24.6646     7.1643    10.2422    104.349    312.254    319.954   -0.00108    6.86562    9.81202  299.23967   15.44401 7.1060e-02     0.6052  0.7227290 0.0000e+00
        469 184.596934    0.03252     1.9512    117.070     53.507  50181.043    31.5475     7.2333     53.000     7.2152    24.6699     7.1614    10.2359    104.244    312.130    319.830   -0.00137    6.86987    9.81670  299.42154   15.45074 6.9132e-02     0.5947  0.7460242 0.0000e+00
        472 184.596941    0.03270     1.9620    117.722     54.517  50189.244    31.5499     7.2169     54.000     7.2010    24.6740     7.1564    10.2295    104.140    311.906    319.603   -0.00164    6.87190    9.82022  299.50829   15.45580 6.7503e-02     0.6109  0.7491004 0.0000e+00
        474 184.596948    0.03288     1.9729    118.373     55.527  50193.937    31.5502     7.2027     55.000     7.1870    24.6762     7.1528    10.2246    104.064    311.748    319.442   -0.00181    6.87343    9.82342  299.57414   15.46043 6.6059e-02     0.6225  0.7417159 0.0000e+00
