CTD-processing/allCTD/CNV/2012_06-27_t9_s03_cast144_5028.cnv
* Sea-Bird SBE19plus Data File:
* FileName = C:\Documents and Settings\glenn.seaman\My Documents\KHolderied-files\CTD-DATA-FILES\2012-CTD-KachemakBay\2012-06-27-CTD-HomerSpit\2012-06-27-HomerSpit-cast144.hex
* Software Version 1.59
* Temperature SN =  5028
* Conductivity SN =  5028
* System UpLoad Time = Jun 30 2012 12:11:59
** Homer Spit Transect, near neap, high tide
** Date: 2012-06-27
** Station: 03
** Start time (AKDT-24hr): 0937
** Depth (ft): 305
** Clear water.
# nquan = 26
# nvalues = 84                          
# units = specified
# name 0 = scan: Scan Count
# name 1 = timeJ: Julian Days
# name 2 = timeH: Time, Elapsed [hours]
# name 3 = timeM: Time, Elapsed [minutes]
# name 4 = timeS: Time, Elapsed [seconds]
# name 5 = prdM: Pressure, Strain Gauge [db]
# name 6 = specc: Specific Conductance [uS/cm]
# name 7 = sal00: Salinity, Practical [PSU]
# name 8 = tv290C: Temperature [ITS-90, deg C]
# name 9 = depSM: Depth [salt water, m], lat = 59.00
# name 10 = potemp090C: Potential Temperature [ITS-90, deg C]
# name 11 = sigma-é00: Density [sigma-theta, kg/m^3]
# name 12 = sbeox0ML/L: Oxygen, SBE 43 [ml/l]
# name 13 = sbeox0Mg/L: Oxygen, SBE 43 [mg/l]
# name 14 = sbeox0PS: Oxygen, SBE 43 [% saturation]
# name 15 = sbox0Mm/Kg: Oxygen, SBE 43 [umol/kg]
# name 16 = sbeox0Mm/L: Oxygen, SBE 43 [umol/l]
# name 17 = sbox0dV/dT: Oxygen, SBE 43 [dov/dt]
# name 18 = oxsolML/L: Oxygen Saturation, Garcia & Gordon [ml/l]
# name 19 = oxsolMg/L: Oxygen Saturation, Garcia & Gordon [mg/l]
# name 20 = oxsolMm/Kg: Oxygen Saturation, Garcia & Gordon [umol/kg]
# name 21 = n2satMg/L: Nitrogen Saturation [mg/l]
# name 22 = par: PAR/Irradiance, Biospherical/Licor [umol photons/m^2/sec]
# name 23 = flECO-AFL: Fluorescence, WET Labs ECO-AFL/FL [mg/m^3]
# name 24 = upoly0: Upoly 0, ECO-FLNTUS
# name 25 = flag: flag
# span 0 =        272,        516       
# span 1 = 179.401558, 179.402267       
# span 2 =    0.01879,    0.03578       
# span 3 =     1.1274,     2.1474       
# span 4 =     67.643,    128.842       
# span 5 =      1.010,     84.810       
# span 6 =  44266.579,  50688.836       
# span 7 =    28.0062,    31.6271       
# span 8 =     5.8419,    11.6678       
# span 9 =      1.000,     84.000       
# span 10 =     5.8339,    11.6616      
# span 11 =    21.2226,    24.9078      
# span 12 =     6.0528,     7.3092      
# span 13 =     8.7158,    10.4370      
# span 14 =     95.135,    107.166      
# span 15 =    264.695,    318.566      
# span 16 =    270.318,    326.431      
# span 17 =   -0.00751,    0.06424      
# span 18 =    6.36349,    7.09251      
# span 19 =    9.10197,   10.13445      
# span 20 =  278.27892,  309.05360      
# span 21 =   14.46820,   15.90899      
# span 22 = 4.8661e-02, 5.6040e+01      
# span 23 =     0.3299,     4.7187      
# span 24 =  0.5955803,  1.8426592      
# span 25 = 0.0000e+00, 0.0000e+00      
# interval = meters: 1                  
# start_time = Jun 27 2012 09:37:07 [Instrument's time stamp, header]
# bad_flag = -9.990e-29
*END*
[from data line 56]
        438 179.402041    0.03037     1.8222    109.335     57.546  50315.787    31.5823     6.9079     57.000     6.8670    24.7402     7.2284    10.3319    104.486    315.026    322.819   -0.00294    6.91807    9.88837  301.50265   15.55387 5.5600e-02     0.5191  0.7025697 0.0000e+00
        441 179.402049    0.03056     1.8338    110.030     58.555  50325.259    31.5795     6.8581     58.000     6.8147    24.7445     7.2154    10.3178    104.194    314.457    322.240   -0.00372    6.92502    9.89996  301.80131   15.57067 5.4793e-02     0.5018  0.6568838 0.0000e+00
        444 179.402057    0.03075     1.8454    110.726     59.565  50319.069    31.5646     6.8018     59.000     6.7451    24.7399     7.2144    10.3106    104.050    314.417    322.195   -0.00386    6.93358    9.91387  302.17913   15.59104 5.4101e-02     0.5041  0.6405037 0.0000e+00
        447 179.402065    0.03095     1.8571    111.423     60.575  50319.709    31.5509     6.7267     60.000     6.6585    24.7388     7.2163    10.3041    103.868    314.504    322.281   -0.00401    6.94763    9.93205  302.79394   15.61755 5.3476e-02     0.5066  0.6428258 0.0000e+00
        449 179.402073    0.03114     1.8687    112.120     61.585  50336.527    31.5460     6.6380     61.000     6.5663    24.7462     7.2069    10.2902    103.470    314.091    321.859   -0.00490    6.96524    9.95285  303.56030   15.64771 5.2904e-02     0.4972  0.6725185 0.0000e+00
        452 179.402081    0.03134     1.8803    112.818     62.594  50378.617    31.5580     6.5469     62.000     6.4883    24.7672     7.1823    10.2667    102.862    313.010    320.761   -0.00650    6.98251    9.97316  304.30267   15.67688 5.2413e-02     0.4728  0.6943576 0.0000e+00
        455 179.402089    0.03153     1.8919    113.517     63.604  50420.324    31.5734     6.4767     63.000     6.4326    24.7882     7.1600    10.2454    102.393    312.025    319.762   -0.00751    6.99266    9.98844  304.73598   15.69873 5.1992e-02     0.4536  0.7053271 0.0000e+00
        458 179.402098    0.03173     1.9036    114.213     64.614  50443.808    31.5796     6.4246     64.000     6.3859    24.7995     7.1567    10.2367    102.251    311.880    319.616   -0.00721    6.99917   10.00016  305.01691   15.71559 5.1611e-02     0.4419  0.7154303 0.0000e+00
        461 179.402105    0.03192     1.9152    114.910     65.624  50459.072    31.5811     6.3786     65.000     6.3411    24.8065     7.1618    10.2351    102.228    312.103    319.845   -0.00641    7.00568   10.01076  305.29999   15.73091 5.1272e-02     0.4342  0.7304463 0.0000e+00
        463 179.402113    0.03211     1.9268    115.605     66.633  50474.202    31.5827     6.3341     66.000     6.2985    24.8133     7.1610    10.2318    102.115    312.071    319.815   -0.00601    7.01275   10.02106  305.60585   15.74576 5.0969e-02     0.4314  0.7479606 0.0000e+00
        466 179.402122    0.03230     1.9383    116.297     67.643  50489.628    31.5851     6.2928     67.000     6.2589    24.8203     7.1563    10.2263    101.959    311.861    319.602   -0.00589    7.01877   10.03056  305.86592   15.75946 5.0690e-02     0.4296  0.7672057 0.0000e+00
        469 179.402130    0.03250     1.9497    116.985     68.653  50498.213    31.5831     6.2533     68.000     6.2156    24.8236     7.1563    10.2215    101.874    311.857    319.598   -0.00553    7.02458   10.03998  306.11912   15.77311 5.0447e-02     0.4230  0.7898361 0.0000e+00
        472 179.402137    0.03269     1.9611    117.666     69.663  50508.428    31.5811     6.2085     69.000     6.1677    24.8275     7.1540    10.2133    101.723    311.761    319.499   -0.00537    7.03284   10.05065  306.47924   15.78857 5.0251e-02     0.4063  0.8067531 0.0000e+00
        474 179.402145    0.03288     1.9724    118.344     70.673  50528.385    31.5853     6.1610     70.000     6.1235    24.8365     7.1391    10.1965    101.381    311.107    318.833   -0.00589    7.04188   10.06155  306.86942   15.80427 5.0075e-02     0.3868  0.8178635 0.0000e+00
        477 179.402153    0.03307     1.9837    119.020     71.682  50551.902    31.5931     6.1192     71.000     6.0885    24.8478     7.1142    10.1736    100.927    310.016    317.720   -0.00684    7.04885   10.07089  307.16811   15.81764 4.9905e-02     0.3816  0.8252054 0.0000e+00
        480 179.402161    0.03325     1.9949    119.697     72.692  50569.335    31.5984     6.0868     72.000     6.0607    24.8559     7.0981    10.1568    100.633    309.313    317.002   -0.00717    7.05345   10.07819  307.36633   15.82812 4.9753e-02     0.3820  0.8275490 0.0000e+00
        482 179.402168    0.03343     2.0062    120.373     73.702  50583.676    31.6026     6.0599     73.000     6.0369    24.8624     7.0955    10.1498    100.550    309.195    316.884   -0.00670    7.05668   10.08427  307.50437   15.83684 4.9625e-02     0.3696  0.8208961 0.0000e+00
        485 179.402177    0.03362     2.0175    121.051     74.712  50589.001    31.6013     6.0365     74.000     6.0104    24.8642     7.1034    10.1509    100.624    309.540    317.237   -0.00570    7.05931   10.08991  307.61976   15.84501 4.9516e-02     0.3613  0.8140148 0.0000e+00
        488 179.402185    0.03382     2.0289    121.733     75.721  50592.128    31.5973     6.0075     75.000     5.9760    24.8646     7.1102    10.1512    100.648    309.836    317.538   -0.00492    7.06440   10.09703  307.84296   15.85537 4.9419e-02     0.3587  0.8161406 0.0000e+00
        491 179.402192    0.03401     2.0403    122.416     76.731  50603.676    31.5978     5.9721     76.000     5.9396    24.8692     7.1017    10.1418    100.426    309.466    317.161   -0.00505    7.07155   10.10542  308.15338   15.86748 4.9326e-02     0.3586  0.8304896 0.0000e+00
        493 179.402200    0.03420     2.0517    123.101     77.741  50623.385    31.6039     5.9361     77.000     5.9083    24.8783     7.0835    10.1261    100.069    308.669    316.348   -0.00573    7.07864   10.11358  308.45845   15.87918 4.9230e-02     0.3583  0.8595794 0.0000e+00
        496 179.402208    0.03439     2.0632    123.790     78.751  50644.152    31.6121     5.9076     78.000     5.8867    24.8882     7.0692    10.1127     99.801    308.042    315.710   -0.00608    7.08328   10.11980  308.65647   15.88805 4.9136e-02     0.3560  0.8845064 0.0000e+00
        499 179.402216    0.03458     2.0747    124.484     79.760  50659.030    31.6182     5.8888     79.000     5.8732    24.8953     7.0674    10.1082     99.742    307.960    315.628   -0.00564    7.08564   10.12386  308.75709   15.89382 4.9046e-02     0.3480  0.8990778 0.0000e+00
        502 179.402224    0.03477     2.0864    125.187     80.770  50668.334    31.6218     5.8767     80.000     5.8642    24.8995     7.0731    10.1099     99.804    308.207    315.883   -0.00478    7.08692   10.12650  308.81178   15.89759 4.8963e-02     0.3362  0.9044907 0.0000e+00
        505 179.402233    0.03497     2.0984    125.905     81.780  50674.459    31.6239     5.8685     81.000     5.8579    24.9022     7.0770    10.1119     99.850    308.380    316.060   -0.00404    7.08764   10.12830  308.84219   15.90015 4.8873e-02     0.3299  0.9112572 0.0000e+00
        508 179.402241    0.03518     2.1109    126.656     82.790  50676.896    31.6239     5.8623     82.000     5.8512    24.9029     7.0773    10.1118     99.846    308.392    316.072   -0.00356    7.08822   10.12979  308.86805   15.90231 4.8769e-02     0.3349  0.9110698 0.0000e+00
        511 179.402251    0.03543     2.1254    127.524     83.800  50679.749    31.6237     5.8541     83.000     5.8424    24.9037     7.0750    10.1091     99.792    308.293    315.971   -0.00325    7.08979   10.13177  308.93690   15.90518 4.8676e-02     0.3400  0.9095834 0.0000e+00
        516 179.402267    0.03578     2.1474    128.842     84.810  50688.836    31.6271     5.8419     84.000     5.8339    24.9078     7.0682    10.1017     99.657    307.995    315.667   -0.00301    7.09251   10.13445  309.05360   15.90899 4.8661e-02     0.3523  0.9088469 0.0000e+00
