CTD-processing/allCTD/CNV/2012_06-05a_t9_s09a_cast040_4141.cnv
* Sea-Bird SBE19plus Data File:
* FileName = C:\Documents and Settings\kris.holderied.local\My Documents\2012-KBRR-CTD-Kachemak-Bay\2012-KBRR-CTD-cast040.hex
* Software Version 1.54
* Temperature SN =  4141
* Conductivity SN =  4141
* System UpLoad Time = Jul 24 2012 22:05:36
** Kachemak Bay - Homer Spit Line CTD Survey
** Date:  2012-xx-xx   xxxx Tide (x of 2 lines)
** Station: 9-09
** Start time (AKDT-24 hr): 17:27
** Depth (m): 82.9
** Comments:  CTD time set wrong by 1 hour
# nquan = 27
# nvalues = 75                          
# units = specified
# name 0 = scan: Scan Count
# name 1 = timeJ: Julian Days
# name 2 = timeH: Time, Elapsed [hours]
# name 3 = timeM: Time, Elapsed [minutes]
# name 4 = timeS: Time, Elapsed [seconds]
# name 5 = prdM: Pressure, Strain Gauge [db]
# name 6 = specc: Specific Conductance [uS/cm]
# name 7 = sal00: Salinity, Practical [PSU]
# name 8 = tv290C: Temperature [ITS-90, deg C]
# name 9 = depSM: Depth [salt water, m], lat = 59.00
# name 10 = potemp090C: Potential Temperature [ITS-90, deg C]
# name 11 = sigma-é00: Density [sigma-theta, kg/m^3]
# name 12 = sbeox0ML/L: Oxygen, SBE 43 [ml/l]
# name 13 = sbeox0Mg/L: Oxygen, SBE 43 [mg/l]
# name 14 = sbeox0PS: Oxygen, SBE 43 [% saturation]
# name 15 = sbox0Mm/Kg: Oxygen, SBE 43 [umol/kg]
# name 16 = sbeox0Mm/L: Oxygen, SBE 43 [umol/l]
# name 17 = sbox0dV/dT: Oxygen, SBE 43 [dov/dt]
# name 18 = oxsolML/L: Oxygen Saturation, Garcia & Gordon [ml/l]
# name 19 = oxsolMg/L: Oxygen Saturation, Garcia & Gordon [mg/l]
# name 20 = oxsolMm/Kg: Oxygen Saturation, Garcia & Gordon [umol/kg]
# name 21 = n2satMg/L: Nitrogen Saturation [mg/l]
# name 22 = par: PAR/Irradiance, Biospherical/Licor
# name 23 = wetStar: Fluorescence, WET Labs WETstar [mg/m^3]
# name 24 = CStarAt0: Beam Attenuation, WET Labs C-Star [1/m]
# name 25 = CStarTr0: Beam Transmission, WET Labs C-Star [%]
# name 26 = flag: flag
# span 0 =        166,        733       
# span 1 = 157.769449, 157.771088       
# span 2 =    0.01149,    0.05083       
# span 3 =     0.6889,     3.0502       
# span 4 =     41.335,    183.012       
# span 5 =      0.999,     75.710       
# span 6 =  49166.617,  50967.830       
# span 7 =    30.8687,    31.6682       
# span 8 =     5.0045,     7.2439       
# span 9 =      1.000,     75.000       
# span 10 =     4.9985,     7.2463      
# span 11 =    24.1342,    25.0216      
# span 12 =     5.5879,     8.6689      
# span 13 =     7.9857,    12.3887      
# span 14 =     80.994,    123.956      
# span 15 =    243.675,    377.894      
# span 16 =    249.556,    387.153      
# span 17 =   -0.10486,    0.05878      
# span 18 =    6.89819,    7.23288      
# span 19 =    9.85822,   10.33651      
# span 20 =  300.81445,  315.13573      
# span 21 =   15.52145,   16.20065      
# span 22 = 3.6349e-02, 2.2012e+02      
# span 23 =     0.6521,    16.5890      
# span 24 =     0.5323,     1.3836      
# span 25 =    69.6718,    87.5383      
# span 26 = 0.0000e+00, 0.0000e+00      
# interval = meters: 1                  
# start_time = Jun 05 2012 18:27:19 [Instrument's time stamp, header]
# bad_flag = -9.990e-29
*END*
[from data line 54]
        534 157.770512    0.03702     2.2215    133.290     55.527  50736.383    31.5397     5.1886     55.000     5.1630    24.9128     7.3187    10.4591    101.558    318.907    326.851   -0.00708    7.20641   10.29866  314.01500   16.14774 3.9136e-01     3.2848     1.1165    75.6439 0.0000e+00
        537 157.770520    0.03720     2.2319    133.913     56.534  50740.697    31.5358     5.1590     56.000     5.1330    24.9130     7.2710    10.3910    100.823    316.832    324.725   -0.01229    7.21167   10.30619  314.24422   16.15866 4.5713e-01     3.3771     1.1291    75.4088 0.0000e+00
        539 157.770528    0.03737     2.2424    134.546     57.548  50767.799    31.5483     5.1324     57.000     5.1105    24.9258     7.2173    10.3143    100.023    314.486    322.325   -0.01640    7.21566   10.31190  314.41430   16.16671 4.4173e-01     2.4321     1.1302    75.3868 0.0000e+00
        542 157.770534    0.03755     2.2528    135.169     58.556  50791.237    31.5592     5.1105     58.000     5.0964    24.9368     7.1548    10.2249     99.112    311.758    319.531   -0.02203    7.21893   10.31657  314.55334   16.17329 4.4220e-01     2.0078     1.1061    75.8403 0.0000e+00
        544 157.770541    0.03772     2.2632    135.790     59.562  50808.978    31.5686     5.0995     59.000     5.0935    24.9454     7.1218    10.1778     98.635    310.320    318.062   -0.02290    7.22036   10.31863  314.61338   16.17611 4.6634e-01     2.0475     1.1055    75.8522 0.0000e+00
        547 157.770549    0.03790     2.2738    136.432     60.578  50856.045    31.6002     5.0983     60.000     5.1022    24.9706     7.1105    10.1617     98.496    309.819    317.555   -0.02001    7.21903   10.31672  314.54764   16.17284 4.2271e-01     1.8816     1.0817    76.3073 0.0000e+00
        549 157.770556    0.03807     2.2844    137.061     61.581  50843.122    31.5928     5.1075     61.000     5.1026    24.9638     7.1124    10.1643     98.539    309.903    317.639   -0.01570    7.21782   10.31498  314.49653   16.17044 3.4908e-01     1.8891     0.9910    78.0556 0.0000e+00
        552 157.770564    0.03825     2.2955    137.730     62.594  50853.202    31.5987     5.1052     62.000     5.0989    24.9687     7.1101    10.1610     98.506    309.799    317.535   -0.01267    7.21792   10.31513  314.49973   16.17058 3.4579e-01     1.6460     0.8737    80.3800 0.0000e+00
        555 157.770572    0.03844     2.3067    138.402     63.607  50878.514    31.6152     5.1034     63.000     5.1095    24.9820     7.1098    10.1606     98.509    309.786    317.524   -0.01023    7.21743   10.31443  314.47443   16.16930 4.1284e-01     1.7710     0.8490    80.8763 0.0000e+00
        557 157.770579    0.03862     2.3172    139.034     64.615  50866.053    31.6082     5.1128     64.000     5.0992    24.9755     7.1137    10.1663     98.581    309.960    317.701   -0.00765    7.21615   10.31260  314.42050   16.16676 4.0175e-01     1.4214     0.8229    81.4099 0.0000e+00
        560 157.770586    0.03879     2.3275    139.647     65.623  50899.488    31.6282     5.1015     65.000     5.0997    24.9926     7.1105    10.1615     98.522    309.811    317.554   -0.00633    7.21714   10.31401  314.45811   16.16847 4.7108e-02     1.1881     0.7295    83.3298 0.0000e+00
        562 157.770593    0.03896     2.3377    140.261     66.633  50923.303    31.6451     5.1061     66.000     5.1116    25.0054     7.1043    10.1529     98.459    309.539    317.280   -0.00601    7.21553   10.31171  314.38429   16.16489 5.1121e-02     1.1930     0.6764    84.4435 0.0000e+00
        565 157.770601    0.03914     2.3480    140.882     67.645  50919.160    31.6447     5.1201     67.000     5.1128    25.0036     7.0998    10.1463     98.428    309.341    317.076   -0.00537    7.21314   10.30829  314.28060   16.15996 4.7381e-02     1.0487     0.6213    85.6136 0.0000e+00
        567 157.770608    0.03931     2.3583    141.495     68.653  50901.439    31.6303     5.1115     68.000     5.0846    24.9930     7.0980    10.1439     98.375    309.270    316.999   -0.00461    7.21531   10.31141  314.37866   16.16468 4.7769e-02     1.3131     0.5701    86.7177 0.0000e+00
        569 157.770614    0.03947     2.3685    142.109     69.663  50933.130    31.6459     5.0853     69.000     5.0720    25.0083     7.0909    10.1336     98.224    308.952    316.678   -0.00508    7.21908   10.31678  314.53789   16.17220 4.8251e-02     1.1017     0.5417    87.3333 0.0000e+00
        572 157.770622    0.03964     2.3788    142.729     70.671  50940.414    31.6484     5.0757     70.000     5.0639    25.0113     7.0877    10.1291     98.160    308.815    316.539   -0.00509    7.22062   10.31899  314.60409   16.17534 3.7088e-02     1.2719     0.5372    87.4324 0.0000e+00
        574 157.770629    0.03982     2.3894    143.363     71.683  50959.283    31.6589     5.0672     71.000     5.0721    25.0207     7.0841    10.1239     98.097    308.654    316.377   -0.00458    7.22159   10.32036  314.64354   16.17717 3.6349e-02     0.8695     0.5323    87.5383 0.0000e+00
        577 157.770637    0.04000     2.4000    144.000     72.691  50959.942    31.6624     5.0831     72.000     5.0802    25.0216     7.0799    10.1178     98.077    308.468    316.186   -0.00403    7.21866   10.31620  314.51593   16.17108 3.9180e-02     0.9578     0.5367    87.4447 0.0000e+00
        580 157.770644    0.04019     2.4111    144.664     73.692  50924.751    31.6364     5.0768     73.000     5.0544    25.0017     7.0767    10.1133     98.001    308.335    316.044   -0.00391    7.22100   10.31953  314.62378   16.17632 4.1885e-02     0.8907     0.5394    87.3846 0.0000e+00
        603 157.770711    0.04179     2.5072    150.432     74.701  50937.850    31.6375     5.0428     74.000     5.0235    25.0063     7.0710    10.1052     97.844    308.087    315.791   -0.00325    7.22682   10.32785  314.87611   16.18833 5.0571e-02     0.7571     0.5425    87.3159 0.0000e+00
        733 157.771088    0.05083     3.0502    183.012     75.710  50967.830    31.6494     5.0045     75.000     4.9985    25.0199     7.0382    10.0584     97.309    306.656    314.329   -0.00129    7.23288   10.33651  315.13573   16.20065 7.7292e-02     0.8485     0.5503    87.1465 0.0000e+00
