CTD-processing/allCTD/CNV/2012_08-15_subbays_halibuta_inner_cast021_5028.cnv
* Sea-Bird SBE19plus Data File:
* FileName = C:\Documents and Settings\kris.holderied.local\My Documents\2012-08-15-KBay-inner-subbays\2012-08-15-KBay-inner-subbays-cast021.hex
* Software Version 1.54
* Temperature SN =  5028
* Conductivity SN =  5028
* System UpLoad Time = Aug 23 2012 21:42:07
** Kachemak Bay Sub-bay CTD survey , inner bays
** Date:  2012-08-15
** Station: Halibut Cove A
** Start time (AKDT-24 hr): 1230
** Depth (ft): 232
** Comment:None
# nquan = 26
# nvalues = 64                          
# units = specified
# name 0 = scan: Scan Count
# name 1 = timeJ: Julian Days
# name 2 = timeH: Time, Elapsed [hours]
# name 3 = timeM: Time, Elapsed [minutes]
# name 4 = timeS: Time, Elapsed [seconds]
# name 5 = prdM: Pressure, Strain Gauge [db]
# name 6 = specc: Specific Conductance [uS/cm]
# name 7 = sal00: Salinity, Practical [PSU]
# name 8 = tv290C: Temperature [ITS-90, deg C]
# name 9 = depSM: Depth [salt water, m], lat = 59.00
# name 10 = potemp090C: Potential Temperature [ITS-90, deg C]
# name 11 = sigma-é00: Density [sigma-theta, kg/m^3]
# name 12 = sbeox0ML/L: Oxygen, SBE 43 [ml/l]
# name 13 = sbeox0Mg/L: Oxygen, SBE 43 [mg/l]
# name 14 = sbeox0PS: Oxygen, SBE 43 [% saturation]
# name 15 = sbox0Mm/Kg: Oxygen, SBE 43 [umol/kg]
# name 16 = sbeox0Mm/L: Oxygen, SBE 43 [umol/l]
# name 17 = sbox0dV/dT: Oxygen, SBE 43 [dov/dt]
# name 18 = oxsolML/L: Oxygen Saturation, Garcia & Gordon [ml/l]
# name 19 = oxsolMg/L: Oxygen Saturation, Garcia & Gordon [mg/l]
# name 20 = oxsolMm/Kg: Oxygen Saturation, Garcia & Gordon [umol/kg]
# name 21 = n2satMg/L: Nitrogen Saturation [mg/l]
# name 22 = par: PAR/Irradiance, Biospherical/Licor [umol photons/m^2/sec]
# name 23 = flECO-AFL: Fluorescence, WET Labs ECO-AFL/FL [mg/m^3]
# name 24 = upoly0: Upoly 0, ECO-FLNTUS
# name 25 = flag: flag
# span 0 =        299,        501       
# span 1 = 228.521083, 228.521667       
# span 2 =    0.02071,    0.03471       
# span 3 =     1.2428,     2.0830       
# span 4 =     74.568,    124.978       
# span 5 =      1.010,     64.614       
# span 6 =  42667.774,  49361.116       
# span 7 =    27.0117,    31.1802       
# span 8 =     8.5502,    13.2049       
# span 9 =      1.000,     64.000       
# span 10 =     8.5432,    13.1715      
# span 11 =    20.1756,    24.1969      
# span 12 =     6.1522,     6.8477      
# span 13 =     8.8034,     9.6256      
# span 14 =     92.057,    104.786      
# span 15 =    268.264,    298.815      
# span 16 =    274.756,    305.820      
# span 17 =   -0.01780,    0.01545      
# span 18 =    6.19856,    6.68303      
# span 19 =    8.86629,    9.55017      
# span 20 =  271.36306,  291.41237      
# span 21 =   14.13982,   15.07062      
# span 22 = 6.8366e-02, 1.6043e+02      
# span 23 =     0.1263,     3.6282      
# span 24 =  0.6590581,  4.1492652      
# span 25 = 0.0000e+00, 0.0000e+00      
# interval = meters: 1                  
# start_time = Aug 15 2012 12:29:07 [Instrument's time stamp, header]
# bad_flag = -9.990e-29
*END*
[from data line 56]
        478 228.521599    0.03309     1.9856    119.135     57.546  49304.863    31.1531     8.6130     57.000     8.5963    24.1663     6.2451     8.9215     93.563    272.328    278.909   -0.00211    6.67481    9.53840  291.06328   15.05400 7.1332e-02     0.1599  0.8178029 0.0000e+00
        481 228.521608    0.03330     1.9981    119.887     58.556  49316.584    31.1586     8.5971     58.000     8.5823    24.1729     6.2378     8.9115     93.421    272.007    278.582   -0.00239    6.67710    9.54148  291.16097   15.05838 7.0814e-02     0.1365  0.8466413 0.0000e+00
        484 228.521616    0.03351     2.0107    120.643     59.565  49326.956    31.1635     8.5841     59.000     8.5712    24.1787     6.2304     8.8996     93.285    271.680    278.249   -0.00260    6.67884    9.54395  291.23481   15.06188 7.0335e-02     0.1321  0.8910194 0.0000e+00
        487 228.521625    0.03372     2.0233    121.401     60.576  49336.419    31.1682     8.5741     60.000     8.5630    24.1839     6.2193     8.8840     93.102    271.195    277.754   -0.00292    6.68006    9.54581  291.28653   15.06449 6.9898e-02     0.1270  0.8997338 0.0000e+00
        490 228.521634    0.03394     2.0361    122.167     61.585  49343.995    31.1720     8.5669     61.000     8.5570    24.1879     6.2026     8.8644     92.843    270.466    277.008   -0.00351    6.68080    9.54712  291.31775   15.06634 6.9483e-02     0.1263  0.8998900 0.0000e+00
        493 228.521643    0.03416     2.0493    122.955     62.595  49349.989    31.1749     8.5611     62.000     8.5517    24.1911     6.1872     8.8446     92.603    269.792    276.319   -0.00396    6.68140    9.54816  291.34296   15.06781 6.9100e-02     0.1386  0.9221623 0.0000e+00
        496 228.521653    0.03440     2.0638    123.828     63.605  49355.311    31.1774     8.5558     63.000     8.5468    24.1938     6.1736     8.8258     92.390    269.200    275.714   -0.00413    6.68214    9.54916  291.37437   15.06921 6.8734e-02     0.1488  0.9720718 0.0000e+00
        501 228.521667    0.03471     2.0830    124.978     64.614  49361.116    31.1802     8.5502     64.000     8.5432    24.1969     6.1522     8.8034     92.057    268.264    274.756   -0.00459    6.68303    9.55017  291.41237   15.07062 6.8366e-02     0.1430  1.0301644 0.0000e+00
