CTD-processing/allCTD/CNV/2012_08-31_t9_s10_cast142_4141.cnv
* Sea-Bird SBE19plus Data File:
* FileName = C:\Documents and Settings\kris.holderied.local\My Documents\2012-CTD-DATA-new-files\2012-08-31-CTD-HomerSpitLine-LTM\2012-08-31-HomerSpitLine-cast142.hex
* Software Version 1.54
* Temperature SN =  4141
* Conductivity SN =  4141
* System UpLoad Time = Sep 20 2012 17:47:39
** Kachemak Bay Homer Spit Line - LTM
** Date:  2012-08-31
** Station:  9-10
** Start time (AKDT-24 hr): 16:35
** Depth (m): 62.8
** Comment:
# nquan = 27
# nvalues = 56                          
# units = specified
# name 0 = scan: Scan Count
# name 1 = timeJ: Julian Days
# name 2 = timeH: Time, Elapsed [hours]
# name 3 = timeM: Time, Elapsed [minutes]
# name 4 = timeS: Time, Elapsed [seconds]
# name 5 = prdM: Pressure, Strain Gauge [db]
# name 6 = specc: Specific Conductance [uS/cm]
# name 7 = sal00: Salinity, Practical [PSU]
# name 8 = tv290C: Temperature [ITS-90, deg C]
# name 9 = depSM: Depth [salt water, m], lat = 59.00
# name 10 = potemp090C: Potential Temperature [ITS-90, deg C]
# name 11 = sigma-é00: Density [sigma-theta, kg/m^3]
# name 12 = sbeox0ML/L: Oxygen, SBE 43 [ml/l]
# name 13 = sbeox0Mg/L: Oxygen, SBE 43 [mg/l]
# name 14 = sbeox0PS: Oxygen, SBE 43 [% saturation]
# name 15 = sbox0Mm/Kg: Oxygen, SBE 43 [umol/kg]
# name 16 = sbeox0Mm/L: Oxygen, SBE 43 [umol/l]
# name 17 = sbox0dV/dT: Oxygen, SBE 43 [dov/dt]
# name 18 = oxsolML/L: Oxygen Saturation, Garcia & Gordon [ml/l]
# name 19 = oxsolMg/L: Oxygen Saturation, Garcia & Gordon [mg/l]
# name 20 = oxsolMm/Kg: Oxygen Saturation, Garcia & Gordon [umol/kg]
# name 21 = n2satMg/L: Nitrogen Saturation [mg/l]
# name 22 = par: PAR/Irradiance, Biospherical/Licor
# name 23 = wetStar: Fluorescence, WET Labs WETstar [mg/m^3]
# name 24 = CStarAt0: Beam Attenuation, WET Labs C-Star [1/m]
# name 25 = CStarTr0: Beam Transmission, WET Labs C-Star [%]
# name 26 = flag: flag
# span 0 =        219,        510       
# span 1 = 244.691671, 244.692515       
# span 2 =    0.01512,    0.03536       
# span 3 =     0.9071,     2.1217       
# span 4 =     54.427,    127.300       
# span 5 =      1.014,     56.509       
# span 6 =  44294.541,  49135.556       
# span 7 =    27.9464,    31.0997       
# span 8 =     9.0568,    10.8415       
# span 9 =      1.000,     56.000       
# span 10 =     9.0514,    10.8392      
# span 11 =    21.3158,    24.0577      
# span 12 =     5.3661,     6.4553      
# span 13 =     7.6688,     9.2252      
# span 14 =     81.172,     99.766      
# span 15 =    234.025,    281.979      
# span 16 =    239.654,    288.292      
# span 17 =   -0.06718,    0.03353      
# span 18 =    6.46056,    6.61083      
# span 19 =    9.23278,    9.44754      
# span 20 =  282.31889,  288.30459      
# span 21 =   14.64634,   14.92325      
# span 22 = 4.6043e-02, 5.9342e+01      
# span 23 =     0.2280,     9.8204      
# span 24 =     0.7638,     1.6173      
# span 25 =    67.0731,    82.6165      
# span 26 = 0.0000e+00, 0.0000e+00      
# interval = meters: 1                  
# start_time = Aug 31 2012 16:35:06 [Instrument's time stamp, header]
# bad_flag = -9.990e-29
*END*
        219 244.691671    0.01512     0.9071     54.427      1.014  44294.541    27.9464    10.8415      1.000    10.8392    21.3158     6.3296     9.0457     97.588    276.782    282.682    0.03353    6.48619    9.26941  283.62763   14.71248 5.9342e+01     5.6045     1.6173    67.0731 0.0000e+00
        286 244.691868    0.01982     1.1894     71.366      2.030  45059.949    28.4783    10.8276      2.000    10.8174    21.7314     6.4237     9.1802     99.343    280.783    286.884    0.01815    6.46620    9.24085  282.63830   14.66297 3.2026e+01     8.0730     1.4582    69.4208 0.0000e+00
        285 244.691865    0.01975     1.1851     71.105      3.032  45237.316    28.6008    10.8157      3.000    10.7962    21.8286     6.4053     9.1538     99.110    279.949    286.060    0.01085    6.46284    9.23604  282.46450   14.65415 1.9635e+01     8.4845     1.4772    69.1211 0.0000e+00
        288 244.691873    0.01996     1.1977     71.862      4.042  45536.135    28.8051    10.7721      4.000    10.6510    21.9947     6.4290     9.1876     99.511    280.938    287.116    0.01059    6.46056    9.23278  282.31889   14.64634 1.4211e+01     8.7998     1.4194    70.1289 0.0000e+00
        291 244.691882    0.02016     1.2094     72.565      5.045  46223.242    29.2642    10.5677      5.000    10.3459    22.3855     6.4553     9.2252     99.766    281.979    288.292    0.01205    6.47038    9.24683  282.64035   14.65985 1.0565e+01     9.8204     1.2024    74.0394 0.0000e+00
        294 244.691890    0.02036     1.2216     73.296      6.054  46813.968    29.6424    10.2513      6.000    10.1528    22.7317     6.3884     9.1297     98.292    278.965    285.306   -0.00171    6.49947    9.28841  283.81504   14.71451 8.1014e+00     9.5134     1.0604    76.7102 0.0000e+00
        297 244.691899    0.02059     1.2353     74.115      7.063  47141.758    29.8558    10.1136      7.000    10.0085    22.9202     6.1646     8.8099     94.692    269.144    275.313   -0.03569    6.51020    9.30372  284.23087   14.73353 6.3221e+00     8.4519     0.9847    78.1827 0.0000e+00
        301 244.691911    0.02085     1.2510     75.058      8.079  47576.599    30.1381     9.9268      8.000     9.8582    23.1703     5.9259     8.4688     90.818    258.659    264.652   -0.06357    6.52512    9.32505  284.81276   14.76021 4.9748e+00     5.9047     0.8732    80.3926 0.0000e+00
        305 244.691920    0.02109     1.2657     75.940      9.087  47801.992    30.2825     9.8172      9.000     9.7897    23.3003     5.7942     8.2805     88.667    252.878    258.769   -0.06718    6.53480    9.33889  285.19933   14.77811 3.8841e+00     4.6458     0.8068    81.7340 0.0000e+00
        308 244.691930    0.02132     1.2793     76.759     10.095  47874.892    30.3285     9.7790     10.000     9.7538    23.3423     5.7372     8.1990     87.746    250.379    256.223   -0.05789    6.53838    9.34399  285.34344   14.78481 3.0585e+00     3.4204     0.7853    82.1756 0.0000e+00
        311 244.691940    0.02155     1.2926     77.555     11.101  47981.273    30.3973     9.7352     11.000     9.7002    23.4029     5.7147     8.1669     87.356    249.382    255.218   -0.04582    6.54179    9.34888  285.47569   14.79085 2.4004e+00     2.7351     0.7931    82.0142 0.0000e+00
        314 244.691948    0.02177     1.3060     78.360     12.114  48070.194    30.4533     9.6881     12.000     9.6784    23.4541     5.7111     8.1618     87.242    249.213    255.058   -0.03439    6.54623    9.35522  285.65494   14.79920 1.8845e+00     2.3576     0.8031    81.8089 0.0000e+00
        318 244.691958    0.02199     1.3194     79.163     13.122  48098.674    30.4718     9.6793     13.000     9.6608    23.4700     5.7146     8.1668     87.290    249.363    255.215   -0.02450    6.54672    9.35591  285.67162   14.79993 1.4766e+00     2.0738     0.8024    81.8252 0.0000e+00
        321 244.691968    0.02222     1.3332     79.993     14.132  48156.241    30.5080     9.6495     14.000     9.6318    23.5030     5.7151     8.1675     87.260    249.375    255.236   -0.01711    6.54950    9.35990  285.78411   14.80516 1.1448e+00     2.1604     0.8004    81.8659 0.0000e+00
        324 244.691977    0.02245     1.3473     80.838     15.143  48196.156    30.5330     9.6291     15.000     9.6238    23.5257     5.7099     8.1601     87.156    249.143    255.005   -0.01339    6.55140    9.36261  285.86050   14.80871 8.9719e-01     1.9257     0.8102    81.6655 0.0000e+00
        328 244.691987    0.02269     1.3615     81.690     16.151  48211.677    30.5430     9.6248     16.000     9.6265    23.5342     5.7019     8.1486     87.031    248.792    254.647   -0.01057    6.55160    9.36290  285.86686   14.80897 7.0415e-01     1.7340     0.8034    81.8029 0.0000e+00
        331 244.691997    0.02294     1.3759     82.554     17.162  48197.630    30.5337     9.6331     17.000     9.6359    23.5257     5.6977     8.1427     86.978    248.613    254.463   -0.00828    6.55078    9.36171  285.83330   14.80740 5.5528e-01     1.8826     0.7851    82.1788 0.0000e+00
        335 244.692007    0.02317     1.3901     83.409     18.171  48208.156    30.5409     9.6347     18.000     9.6293    23.5310     5.7021     8.1489     87.052    248.803    254.657   -0.00524    6.55026    9.36097  285.80914   14.80622 4.3928e-01     1.7018     0.7741    82.4050 0.0000e+00
        338 244.692017    0.02340     1.4044     84.266     19.180  48225.190    30.5517     9.6290     19.000     9.6201    23.5404     5.7047     8.1526     87.087    248.914    254.773   -0.00328    6.55064    9.36150  285.82263   14.80682 3.4594e-01     1.5589     0.7638    82.6165 0.0000e+00
        342 244.692027    0.02365     1.4188     85.129     20.190  48241.400    30.5613     9.6185     20.000     9.6106    23.5495     5.6996     8.1453     86.994    248.688    254.545   -0.00315    6.55175    9.36310  285.86876   14.80899 2.7452e-01     1.7477     0.7711    82.4673 0.0000e+00
        345 244.692037    0.02389     1.4331     85.984     21.200  48262.687    30.5745     9.6077     21.000     9.6000    23.5615     5.6930     8.1357     86.879    248.394    254.246   -0.00349    6.55274    9.36453  285.90906   14.81086 2.2074e-01     1.5759     0.7854    82.1744 0.0000e+00
        348 244.692047    0.02412     1.4473     86.836     22.209  48318.696    30.6116     9.5939     22.000     9.5720    23.5927     5.6897     8.1310     86.823    248.243    254.099   -0.00320    6.55318    9.36515  285.91937   14.81120 1.7886e-01     1.6269     0.7854    82.1735 0.0000e+00
        352 244.692056    0.02436     1.4614     87.684     23.219  48384.254    30.6529     9.5605     23.000     9.5536    23.6301     5.6759     8.1115     86.573    247.637    253.489   -0.00425    6.55628    9.36957  286.04394   14.81699 1.4601e-01     1.5994     0.7802    82.2808 0.0000e+00
        355 244.692066    0.02459     1.4754     88.522     24.228  48384.494    30.6522     9.5568     24.000     9.5542    23.6303     5.6577     8.0855     86.287    246.841    252.674   -0.00635    6.55683    9.37035  286.06786   14.81814 1.2027e-01     1.5385     0.7861    82.1589 0.0000e+00
        358 244.692076    0.02482     1.4894     89.363     25.239  48405.237    30.6657     9.5526     25.000     9.5417    23.6415     5.6525     8.0780     86.207    246.611    252.441   -0.00561    6.55687    9.37041  286.06648   14.81802 1.0195e-01     1.3662     0.7790    82.3036 0.0000e+00
        362 244.692085    0.02504     1.5026     90.156     26.247  48437.248    30.6860     9.5391     26.000     9.5303    23.6595     5.6503     8.0749     86.160    246.511    252.344   -0.00456    6.55797    9.37200  286.10985   14.82001 8.8191e-02     1.2296     0.7809    82.2655 0.0000e+00
        365 244.692094    0.02526     1.5155     90.931     27.257  48453.991    30.6963     9.5309     27.000     9.5248    23.6688     5.6480     8.0716     86.115    246.409    252.242   -0.00392    6.55873    9.37307  286.13998   14.82140 7.7418e-02     1.3223     0.7857    82.1675 0.0000e+00
        368 244.692103    0.02548     1.5284     91.702     28.265  48463.885    30.7023     9.5262     28.000     9.5216    23.6742     5.6461     8.0689     86.080    246.325    252.157   -0.00325    6.55916    9.37369  286.15743   14.82222 6.9658e-02     1.3184     0.7847    82.1878 0.0000e+00
        371 244.692112    0.02568     1.5413     92.477     29.276  48469.833    30.7056     9.5238     29.000     9.5095    23.6772     5.6437     8.0655     86.041    246.220    252.050   -0.00287    6.55936    9.37399  286.16554   14.82260 6.4560e-02     1.3543     0.7897    82.0835 0.0000e+00
        374 244.692121    0.02590     1.5542     93.253     30.286  48520.708    30.7376     9.4980     30.000     9.4428    23.7063     5.6398     8.0598     85.949    246.041    251.874   -0.00297    6.56175    9.37741  286.26180   14.82707 6.0266e-02     1.2527     0.8065    81.7416 0.0000e+00
        377 244.692131    0.02612     1.5674     94.042     31.294  48664.698    30.8271     9.4125     31.000     9.3702    23.7895     5.6279     8.0429     85.656    245.503    251.343   -0.00459    6.57039    9.38974  286.61504   14.84359 5.6491e-02     1.1317     0.8762    80.3296 0.0000e+00
        380 244.692139    0.02635     1.5808     94.849     32.303  48770.575    30.8933     9.3550     32.000     9.3186    23.8501     5.5922     7.9918     85.040    243.930    249.747   -0.00905    6.57595    9.39770  286.84108   14.85413 5.4022e-02     1.1431     0.9062    79.7290 0.0000e+00
        384 244.692149    0.02658     1.5946     95.676     33.313  48853.529    30.9443     9.3048     33.000     9.2824    23.8979     5.5556     7.9395     84.418    242.322    248.114   -0.01290    6.58112    9.40507  287.05264   14.86403 5.1949e-02     0.9402     0.9242    79.3704 0.0000e+00
        387 244.692159    0.02682     1.6087     96.520     34.331  48903.553    30.9750     9.2748     34.000     9.2612    23.9265     5.5279     7.8999     83.956    241.105    246.875   -0.01397    6.58418    9.40945  287.17841   14.86992 5.0605e-02     0.7293     0.9281    79.2930 0.0000e+00
        390 244.692166    0.02700     1.6200     97.198     35.324  48922.280    30.9859     9.2613     35.000     9.2506    23.9371     5.5044     7.8663     83.581    240.081    245.828   -0.01426    6.58569    9.41161  287.24123   14.87288 4.9616e-02     0.5704     0.9282    79.2904 0.0000e+00
        393 244.692176    0.02721     1.6329     97.973     36.344  48936.016    30.9939     9.2523     36.000     9.2453    23.9448     5.4889     7.8440     83.332    239.398    245.131   -0.01356    6.58667    9.41301  287.28172   14.87478 4.8806e-02     0.4469     0.9369    79.1190 0.0000e+00
        396 244.692186    0.02746     1.6474     98.842     37.352  48945.989    30.9996     9.2460     37.000     9.2380    23.9502     5.4873     7.8419     83.301    239.330    245.063   -0.01008    6.58735    9.41399  287.31010   14.87611 4.8194e-02     0.4234     0.9413    79.0322 0.0000e+00
        400 244.692196    0.02770     1.6619     99.713     38.364  48954.036    31.0039     9.2393     38.000     9.2298    23.9547     5.4891     7.8445     83.318    239.407    245.142   -0.00693    6.58815    9.41512  287.34332   14.87769 4.7744e-02     0.4005     0.9525    78.8108 0.0000e+00
        403 244.692206    0.02793     1.6758    100.550     39.370  48962.317    31.0080     9.2298     39.000     9.2210    23.9593     5.4882     7.8431     83.289    239.369    245.104   -0.00511    6.58935    9.41685  287.39490   14.88014 4.7381e-02     0.3835     0.9874    78.1264 0.0000e+00
        407 244.692215    0.02817     1.6899    101.396     40.381  48971.011    31.0124     9.2203     40.000     9.2048    23.9642     5.4805     7.8322     83.157    239.031    244.759   -0.00497    6.59055    9.41856  287.44585   14.88256 4.6998e-02     0.3723     1.0276    77.3459 0.0000e+00
        410 244.692225    0.02840     1.7042    102.251     41.390  48983.242    31.0162     9.1890     41.000     9.1378    23.9720     5.4806     7.8323     83.103    239.032    244.762   -0.00426    6.59498    9.42488  287.63640   14.89165 4.6778e-02     0.3376     1.0781    76.3762 0.0000e+00
        414 244.692236    0.02865     1.7188    103.127     42.400  49064.422    31.0628     9.1162     42.000     9.0917    24.0196     5.4760     7.8257     82.923    238.820    244.556   -0.00429    6.60367    9.43730  288.00211   14.90894 4.6657e-02     0.3579     1.1449    75.1102 0.0000e+00
        417 244.692245    0.02890     1.7339    104.036     43.411  49102.777    31.0858     9.0913     43.000     9.0936    24.0414     5.4362     7.7690     82.288    237.084    242.783   -0.00867    6.60635    9.44113  288.11293   14.91414 4.6651e-02     0.3303     1.1100    75.7665 0.0000e+00
        421 244.692256    0.02915     1.7487    104.919     44.423  49091.399    31.0795     9.1063     44.000     9.1032    24.0342     5.3978     7.7140     81.730    235.408    241.065   -0.01218    6.60441    9.43836  288.03031   14.91022 4.6421e-02     0.2940     1.1075    75.8144 0.0000e+00
        424 244.692266    0.02937     1.7623    105.741     45.430  49084.204    31.0732     9.1005     45.000     9.0865    24.0303     5.3910     7.7043     81.614    235.114    240.764   -0.01038    6.60553    9.43997  288.08042   14.91264 4.6170e-02     0.2689     1.1193    75.5922 0.0000e+00
        427 244.692275    0.02959     1.7758    106.547     46.439  49101.262    31.0831     9.0887     46.000     9.0838    24.0397     5.3955     7.7107     81.666    235.308    240.964   -0.00709    6.60685    9.44185  288.13520   14.91521 4.6062e-02     0.2623     1.1816    74.4230 0.0000e+00
        430 244.692284    0.02982     1.7891    107.349     47.449  49101.539    31.0827     9.0880     47.000     9.0822    24.0397     5.3950     7.7099     81.656    235.284    240.940   -0.00515    6.60697    9.44202  288.14058   14.91548 4.6192e-02     0.2557     1.2080    73.9339 0.0000e+00
        434 244.692294    0.03004     1.8025    108.150     48.457  49103.316    31.0834     9.0875     48.000     9.0832    24.0403     5.3899     7.7026     81.577    235.060    240.711   -0.00453    6.60702    9.44208  288.14230   14.91556 4.6471e-02     0.2720     1.2326    73.4820 0.0000e+00
        437 244.692303    0.03027     1.8160    108.962     49.468  49099.326    31.0803     9.0877     49.000     9.0748    24.0378     5.3869     7.6984     81.533    234.933    240.580   -0.00394    6.60711    9.44222  288.14726   14.91581 4.6345e-02     0.2556     1.2486    73.1861 0.0000e+00
        440 244.692312    0.03050     1.8298    109.786     50.479  49113.707    31.0880     9.0734     50.000     9.0626    24.0460     5.3903     7.7033     81.561    235.077    240.730   -0.00272    6.60888    9.44475  288.22181   14.91934 4.6437e-02     0.2598     1.3034    72.1918 0.0000e+00
        443 244.692322    0.03072     1.8434    110.607     51.489  49122.561    31.0927     9.0659     51.000     9.0561    24.0508     5.3907     7.7039     81.556    235.095    240.748   -0.00194    6.60980    9.44606  288.26062   14.92117 4.6284e-02     0.2566     1.3354    71.6156 0.0000e+00
        447 244.692331    0.03094     1.8567    111.404     52.500  49131.043    31.0972     9.0588     52.000     9.0517    24.0555     5.3867     7.6981     81.486    234.919    240.570   -0.00210    6.61062    9.44725  288.29563   14.92283 4.6084e-02     0.2465     1.3461    71.4249 0.0000e+00
        450 244.692340    0.03116     1.8695    112.167     53.507  49135.556    31.0997     9.0568     53.000     9.0547    24.0577     5.3777     7.6852     81.346    234.523    240.166   -0.00289    6.61082    9.44753  288.30358   14.92320 4.6112e-02     0.2448     1.3762    70.8901 0.0000e+00
