CTD-processing/allCTD/CNV/2012_08-15_subbays_sadieb_outer_cast118_4141.cnv
* Sea-Bird SBE19plus Data File:
* FileName = C:\Documents and Settings\kris.holderied.local\My Documents\2012-08-15-CTD-KBay-outer-subbays\2012-08-15-KBay-outer-subbays-cast118.hex
* Software Version 1.54
* Temperature SN =  4141
* Conductivity SN =  4141
* System UpLoad Time = Aug 23 2012 23:03:42
** Kachemak Bay Outer Subbays
** Date:  2012-08-15
** Station:  Sadie B
** Start time (AKDT-24 hr): 12:44
** Depth (m): 36
** Comment:
# nquan = 27
# nvalues = 37                          
# units = specified
# name 0 = scan: Scan Count
# name 1 = timeJ: Julian Days
# name 2 = timeH: Time, Elapsed [hours]
# name 3 = timeM: Time, Elapsed [minutes]
# name 4 = timeS: Time, Elapsed [seconds]
# name 5 = prdM: Pressure, Strain Gauge [db]
# name 6 = specc: Specific Conductance [uS/cm]
# name 7 = sal00: Salinity, Practical [PSU]
# name 8 = tv290C: Temperature [ITS-90, deg C]
# name 9 = depSM: Depth [salt water, m], lat = 59.00
# name 10 = potemp090C: Potential Temperature [ITS-90, deg C]
# name 11 = sigma-é00: Density [sigma-theta, kg/m^3]
# name 12 = sbeox0ML/L: Oxygen, SBE 43 [ml/l]
# name 13 = sbeox0Mg/L: Oxygen, SBE 43 [mg/l]
# name 14 = sbeox0PS: Oxygen, SBE 43 [% saturation]
# name 15 = sbox0Mm/Kg: Oxygen, SBE 43 [umol/kg]
# name 16 = sbeox0Mm/L: Oxygen, SBE 43 [umol/l]
# name 17 = sbox0dV/dT: Oxygen, SBE 43 [dov/dt]
# name 18 = oxsolML/L: Oxygen Saturation, Garcia & Gordon [ml/l]
# name 19 = oxsolMg/L: Oxygen Saturation, Garcia & Gordon [mg/l]
# name 20 = oxsolMm/Kg: Oxygen Saturation, Garcia & Gordon [umol/kg]
# name 21 = n2satMg/L: Nitrogen Saturation [mg/l]
# name 22 = par: PAR/Irradiance, Biospherical/Licor
# name 23 = wetStar: Fluorescence, WET Labs WETstar [mg/m^3]
# name 24 = CStarAt0: Beam Attenuation, WET Labs C-Star [1/m]
# name 25 = CStarTr0: Beam Transmission, WET Labs C-Star [%]
# name 26 = flag: flag
# span 0 =         75,        497       
# span 1 = 228.531105, 228.532326       
# span 2 =    0.00513,    0.03445       
# span 3 =     0.3079,     2.0666       
# span 4 =     18.472,    123.999       
# span 5 =      1.009,     37.327       
# span 6 =  43774.884,  49202.463       
# span 7 =    27.8313,    31.1377       
# span 8 =     8.9327,    13.7883       
# span 9 =      1.000,     37.000       
# span 10 =     8.8999,    13.7867      
# span 11 =    20.6964,    24.1048      
# span 12 =     5.7628,     7.7146      
# span 13 =     8.2356,    11.0250      
# span 14 =     87.947,    118.826      
# span 15 =    252.147,    336.528      
# span 16 =    257.366,    344.535      
# span 17 =   -0.06632,    0.04408      
# span 18 =    6.09174,    6.62815      
# span 19 =    8.70571,    9.47228      
# span 20 =  266.49629,  289.04882      
# span 21 =   13.89097,   14.95872      
# span 22 = 3.4389e-01, 1.8178e+02      
# span 23 =     0.5955,     5.8012      
# span 24 =     0.3673,     1.1090      
# span 25 =    78.4386,    91.2265      
# span 26 = 0.0000e+00, 0.0000e+00      
# interval = meters: 1                  
# start_time = Aug 15 2012 12:44:29 [Instrument's time stamp, header]
# bad_flag = -9.990e-29
*END*
         75 228.531105    0.00513     0.3079     18.472      1.009  43774.884    27.8313    13.7883      1.000    13.7867    20.6964     5.7628     8.2356     94.504    252.147    257.366    0.01270    6.09816    8.71489  266.82176   13.90745 1.8178e+02     0.8813     1.1090    78.4386 0.0000e+00
        350 228.531902    0.02427     1.4560     87.362      2.019  44085.206    28.0485    13.7740      2.000    13.7429    20.8667     7.0251    10.0396    115.323    307.327    313.741   -0.00246    6.09174    8.70571  266.49629   13.89097 1.6560e+02     4.3719     0.7893    82.1994 0.0000e+00
        367 228.531950    0.02541     1.5244     91.465      3.041  44687.833    28.4596    13.5875      3.000    13.1682    21.2201     7.0733    10.1085    115.963    309.329    315.893   -0.00250    6.09966    8.71703  266.75052   13.90155 1.1608e+02     5.0398     0.8015    81.8433 0.0000e+00
        370 228.531960    0.02564     1.5388     92.326      4.038  46162.966    29.4211    12.6018      4.000    11.5852    22.1499     7.0207    10.0334    113.441    306.752    313.547   -0.02123    6.18912    8.84488  270.41640   14.07363 9.0971e+01     5.8012     0.8525    80.8054 0.0000e+00
        374 228.531970    0.02588     1.5529     93.177      5.045  47653.314    30.3147    10.9809      5.000    10.4536    23.1330     7.0598    10.0890    110.824    308.159    315.287   -0.04706    6.37004    9.10343  278.05368   14.43604 7.7559e+01     5.5637     0.7185    83.5644 0.0000e+00
        377 228.531980    0.02613     1.5676     94.058      6.058  48519.744    30.8439    10.2655      6.000    10.1392    23.6655     7.3505    10.5045    114.002    320.682    328.271   -0.00890    6.44765    9.21434  281.29545   14.58910 6.4896e+01     4.6016     0.6622    84.7444 0.0000e+00
        381 228.531990    0.02637     1.5820     94.923      7.065  48662.752    30.9208    10.0757      7.000     9.9903    23.7564     7.6668    10.9567    118.474    334.454    342.400    0.04408    6.47133    9.24818  282.30321   14.63699 5.4590e+01     4.0584     0.6884    84.2177 0.0000e+00
        384 228.532000    0.02661     1.5967     95.803      8.075  48709.848    30.9345     9.9233      8.000     9.8205    23.7919     7.7146    11.0250    118.826    336.528    344.535    0.04021    6.49239    9.27828  283.21207   14.68042 4.5266e+01     4.2830     0.5514    87.1178 0.0000e+00
        388 228.532011    0.02687     1.6121     96.728      9.094  48820.489    30.9895     9.7467      9.000     9.6863    23.8632     7.5105    10.7332    115.273    327.599    335.417   -0.00495    6.51531    9.31103  284.19211   14.72707 3.7520e+01     4.3395     0.5193    87.8250 0.0000e+00
        391 228.532021    0.02711     1.6269     97.612     10.081  48881.085    31.0212     9.6651     10.000     9.6375    23.9010     7.2754    10.3972    111.489    317.335    324.920   -0.04173    6.52570    9.32588  284.63480   14.74812 3.0935e+01     4.8635     0.5245    87.7104 0.0000e+00
        396 228.532034    0.02742     1.6454     98.723     11.105  48908.382    31.0334     9.6146     11.000     9.5963    23.9185     7.1425    10.2074    109.339    311.532    318.984   -0.04885    6.53244    9.33551  284.92381   14.76189 2.5367e+01     5.1837     0.5203    87.8023 0.0000e+00
        400 228.532047    0.02773     1.6635     99.811     12.114  48907.807    31.0275     9.5757     12.000     9.5463    23.9201     7.0621    10.0924    108.011    308.024    315.392   -0.04351    6.53830    9.34389  285.17916   14.77412 2.0884e+01     5.5909     0.4884    88.5080 0.0000e+00
        404 228.532058    0.02802     1.6809    100.856     13.124  48896.551    31.0092     9.4996     13.000     9.4400    23.9177     7.0010    10.0051    106.885    305.362    312.665   -0.03926    6.55006    9.36069  285.69256   14.79874 1.7348e+01     5.1973     0.4467    89.4335 0.0000e+00
        409 228.532071    0.02830     1.6980    101.881     14.133  48928.820    31.0145     9.3726     14.000     9.3135    23.9418     6.9467     9.9276    105.762    302.986    310.240   -0.03563    6.56827    9.38671  286.47982   14.83636 1.4607e+01     4.9124     0.4047    90.3778 0.0000e+00
        413 228.532082    0.02858     1.7150    102.900     15.142  49004.835    31.0544     9.2754     15.000     9.2456    23.9881     6.7801     9.6894    103.030    295.705    302.800   -0.04691    6.58072    9.40451  287.01009   14.86155 1.2367e+01     3.4781     0.4150    90.1450 0.0000e+00
        417 228.532094    0.02887     1.7319    103.915     16.153  49049.064    31.0784     9.2268     16.000     9.2168    24.0144     6.5523     9.3638     99.476    285.763    292.625   -0.06570    6.58680    9.41320  287.26812   14.87379 1.0423e+01     2.7039     0.4366    89.6631 0.0000e+00
        420 228.532105    0.02913     1.7479    104.874     17.160  49059.713    31.0841     9.2164     17.000     9.2135    24.0205     6.4130     9.1649     97.343    279.687    286.405   -0.06632    6.58808    9.41503  287.32216   14.87635 8.8287e+00     2.5883     0.3980    90.5280 0.0000e+00
        424 228.532116    0.02940     1.7638    105.829     18.170  49060.449    31.0840     9.2151     18.000     9.2100    24.0206     6.3504     9.0753     96.389    276.956    283.609   -0.05528    6.58828    9.41532  287.33081   14.87676 7.5267e+00     2.4395     0.3816    90.9024 0.0000e+00
        428 228.532128    0.02967     1.7801    106.807     19.180  49046.610    31.0716     9.1989     19.000     9.1777    24.0134     6.3396     9.0599     96.183    276.485    283.125   -0.03953    6.59117    9.41943  287.45858   14.88291 6.4340e+00     2.3110     0.3673    91.2265 0.0000e+00
        432 228.532139    0.02995     1.7969    107.812     20.189  49060.534    31.0758     9.1611     20.000     9.1391    24.0225     6.3230     9.0362     95.853    275.759    282.384   -0.02865    6.59654    9.42711  287.69036   14.89398 5.5050e+00     1.9475     0.3877    90.7622 0.0000e+00
        436 228.532151    0.03023     1.8138    108.827     21.201  49086.004    31.0881     9.1239     21.000     9.1109    24.0380     6.2651     8.9534     94.905    273.232    279.799   -0.02743    6.60146    9.43415  287.90091   14.90399 4.7134e+00     1.4498     0.3706    91.1513 0.0000e+00
        440 228.532162    0.03050     1.8298    109.790     22.208  49091.738    31.0892     9.1063     22.000     9.0990    24.0416     6.1959     8.8546     93.822    270.215    276.711   -0.02895    6.60400    9.43777  288.01042   14.90922 4.0446e+00     1.3240     0.3698    91.1690 0.0000e+00
        444 228.532173    0.03077     1.8463    110.775     23.221  49107.627    31.0990     9.0988     23.000     9.0946    24.0502     6.1372     8.7708     92.923    267.652    274.090   -0.02842    6.60468    9.43875  288.03766   14.91048 3.4618e+00     1.3676     0.3731    91.0944 0.0000e+00
        448 228.532184    0.03103     1.8617    111.699     24.226  49101.309    31.0934     9.0940     24.000     9.0818    24.0466     6.1054     8.7252     92.427    266.263    272.666   -0.02471    6.60563    9.44011  288.08017   14.91254 2.9579e+00     1.3590     0.3750    91.0520 0.0000e+00
        452 228.532195    0.03129     1.8776    112.658     25.236  49099.256    31.0885     9.0726     25.000     9.0518    24.0462     6.0933     8.7080     92.198    265.739    272.128   -0.01908    6.60898    9.44490  288.22631   14.91954 2.5416e+00     1.6296     0.3718    91.1240 0.0000e+00
        456 228.532207    0.03158     1.8944    113.663     26.250  49111.177    31.0910     9.0334     26.000     9.0136    24.0541     6.0655     8.6681     91.697    264.519    270.882   -0.01674    6.61465    9.45299  288.47111   14.93124 2.1788e+00     1.2050     0.3751    91.0486 0.0000e+00
        459 228.532217    0.03183     1.9099    114.594     27.254  49143.449    31.1098     9.0087     27.000     9.0011    24.0725     6.0076     8.5854     90.784    261.991    268.298   -0.01998    6.61748    9.45704  288.58962   14.93682 1.8771e+00     1.1518     0.3806    90.9230 0.0000e+00
        463 228.532229    0.03210     1.9263    115.580     28.267  49148.693    31.1119     9.0006     28.000     8.9943    24.0754     5.9393     8.4879     89.737    259.015    265.251   -0.02346    6.61859    9.45863  288.63723   14.93909 1.6192e+00     0.9577     0.3807    90.9219 0.0000e+00
        467 228.532240    0.03238     1.9427    116.562     29.277  49145.299    31.1079     8.9926     29.000     8.9824    24.0737     5.8919     8.4202     89.003    256.948    263.133   -0.02336    6.61995    9.46056  288.69680   14.94195 1.3907e+00     0.6888     0.3851    90.8222 0.0000e+00
        471 228.532251    0.03264     1.9585    117.511     30.284  49153.871    31.1116     8.9793     30.000     8.9720    24.0785     5.8875     8.4138     88.912    256.755    262.937   -0.01754    6.62174    9.46312  288.77337   14.94559 1.1939e+00     0.5955     0.3936    90.6263 0.0000e+00
        475 228.532262    0.03291     1.9743    118.456     31.298  49153.774    31.1100     8.9706     31.000     8.9614    24.0786     5.8941     8.4232     88.992    257.038    263.227   -0.01068    6.62309    9.46507  288.83263   14.94843 1.0183e+00     0.6444     0.4056    90.3572 0.0000e+00
        478 228.532272    0.03315     1.9887    119.325     32.304  49156.502    31.1098     8.9590     32.000     8.9483    24.0801     5.8861     8.4117     88.848    256.690    262.871   -0.00909    6.62482    9.46753  288.90735   14.95201 8.7738e-01     0.6279     0.4114    90.2251 0.0000e+00
        482 228.532283    0.03339     2.0035    120.209     33.314  49167.276    31.1152     8.9466     33.000     8.9385    24.0863     5.8772     8.3990     88.693    256.299    262.473   -0.00785    6.62641    9.46980  288.97501   14.95522 7.4655e-01     0.5989     0.4210    90.0093 0.0000e+00
        485 228.532293    0.03364     2.0183    121.101     34.323  49174.980    31.1192     8.9399     34.000     8.9344    24.0905     5.8717     8.3912     88.599    256.061    262.230   -0.00663    6.62724    9.47098  289.01000   14.95687 6.3674e-01     0.6067     0.4348    89.6989 0.0000e+00
        489 228.532303    0.03389     2.0333    122.000     35.333  49187.230    31.1269     8.9364     35.000     8.9337    24.0970     5.8544     8.3666     88.336    255.305    261.457   -0.00658    6.62743    9.47126  289.01653   14.95716 5.4337e-01     0.7432     0.4648    89.0306 0.0000e+00
        493 228.532314    0.03415     2.0490    122.940     36.338  49202.463    31.1377     8.9406     36.000     8.9351    24.1048     5.8276     8.3283     87.947    254.138    260.264   -0.00856    6.62634    9.46971  288.96692   14.95473 4.6461e-01     0.6601     0.4596    89.1457 0.0000e+00
        497 228.532326    0.03445     2.0666    123.999     37.327  49183.052    31.1225     8.9327     37.000     8.8999    24.0943     6.1454     8.7823     92.717    267.995    274.452    0.01895    6.62815    9.47228  289.04882   14.95872 3.4389e-01     0.8058     0.4417    89.5457 0.0000e+00
