CTD-processing/allCTD/CNV/2012_10-28_t6_s26_cast003_4141.cnv
* Sea-Bird SBE19plus Data File:
* FileName = C:\Documents and Settings\kris.holderied.local\My Documents\2012-10-CookInlet-Ocean-LTM\2012-10-28-EVOSTC-CookInletOcean-Tran6-Douglas\2012-10-28-CookInletOcean-Tran6-cast003.hex
* Software Version 1.54
* Temperature SN =  4141
* Conductivity SN =  4141
* System UpLoad Time = Oct 28 2012 19:23:29
** Cook Inlet EVOSTC Transect 6 Douglas line west to east
** Date:   28 Oct 2012
** Station:  6-26
** Start time (AKDT-24 hr):  0825
** Depth (m):  155
** Comment:Short CTD cast due to angle.
# nquan = 27
# nvalues = 52                          
# units = specified
# name 0 = scan: Scan Count
# name 1 = timeJ: Julian Days
# name 2 = timeH: Time, Elapsed [hours]
# name 3 = timeM: Time, Elapsed [minutes]
# name 4 = timeS: Time, Elapsed [seconds]
# name 5 = prdM: Pressure, Strain Gauge [db]
# name 6 = specc: Specific Conductance [uS/cm]
# name 7 = sal00: Salinity, Practical [PSU]
# name 8 = tv290C: Temperature [ITS-90, deg C]
# name 9 = depSM: Depth [salt water, m], lat = 59.00
# name 10 = potemp090C: Potential Temperature [ITS-90, deg C]
# name 11 = sigma-é00: Density [sigma-theta, kg/m^3]
# name 12 = sbeox0ML/L: Oxygen, SBE 43 [ml/l]
# name 13 = sbeox0Mg/L: Oxygen, SBE 43 [mg/l]
# name 14 = sbeox0PS: Oxygen, SBE 43 [% saturation]
# name 15 = sbox0Mm/Kg: Oxygen, SBE 43 [umol/kg]
# name 16 = sbeox0Mm/L: Oxygen, SBE 43 [umol/l]
# name 17 = sbox0dV/dT: Oxygen, SBE 43 [dov/dt]
# name 18 = oxsolML/L: Oxygen Saturation, Garcia & Gordon [ml/l]
# name 19 = oxsolMg/L: Oxygen Saturation, Garcia & Gordon [mg/l]
# name 20 = oxsolMm/Kg: Oxygen Saturation, Garcia & Gordon [umol/kg]
# name 21 = n2satMg/L: Nitrogen Saturation [mg/l]
# name 22 = par: PAR/Irradiance, Biospherical/Licor
# name 23 = wetStar: Fluorescence, WET Labs WETstar [mg/m^3]
# name 24 = CStarAt0: Beam Attenuation, WET Labs C-Star [1/m]
# name 25 = CStarTr0: Beam Transmission, WET Labs C-Star [%]
# name 26 = flag: flag
# span 0 =        171,        861       
# span 1 = 302.351326, 302.353323       
# span 2 =    0.01183,    0.05975       
# span 3 =     0.7097,     3.5850       
# span 4 =     42.584,    215.098       
# span 5 =      1.008,     52.496       
# span 6 =  46697.192,  49105.686       
# span 7 =    29.0943,    30.9168       
# span 8 =     6.8371,     7.9542       
# span 9 =      1.000,     52.000       
# span 10 =     6.9127,     7.9497      
# span 11 =    22.7906,    24.0759      
# span 12 =     5.8493,     6.3048      
# span 13 =     8.3592,     9.0101      
# span 14 =     83.024,     90.105      
# span 15 =    255.411,    275.290      
# span 16 =    261.230,    281.571      
# span 17 =   -0.00225,    0.01246      
# span 18 =    6.78485,    7.04514      
# span 19 =    9.69621,   10.06821      
# span 20 =  295.88720,  307.62565      
# span 21 =   15.28616,   15.85354      
# span 22 = 6.7124e-02, 1.5844e+00      
# span 23 =     0.5407,     1.3062      
# span 24 =     0.2094,     0.7310      
# span 25 =    82.7313,    94.8994      
# span 26 = 0.0000e+00, 0.0000e+00      
# interval = meters: 1                  
# start_time = Oct 28 2012 08:25:12 [Instrument's time stamp, header]
# bad_flag = -9.990e-29
*END*
        171 302.351326    0.01183     0.7097     42.584      1.008  46697.192    29.0943     6.8371      1.000     6.9127    22.7906     5.8493     8.3592     83.024    255.411    261.230    0.01246    7.04514   10.06821  307.62565   15.85354 1.5844e+00     0.5407     0.7310    82.7313 0.0000e+00
        354 302.351856    0.02453     1.4719     88.313      2.029  46745.884    29.1572     7.0272      2.000     7.0219    22.8166     6.3048     9.0101     89.924    275.290    281.571    0.00060    7.01108   10.01953  306.12986   15.78200 7.1554e-02     0.8296     0.6639    84.7447 0.0000e+00
        346 302.351832    0.02398     1.4388     86.331      3.017  46807.005    29.1986     7.0258      3.000     7.0473    22.8493     6.2785     8.9727     89.574    274.136    280.400    0.00178    7.00940   10.01714  306.04709   15.77788 2.3404e-01     0.7702     0.6723    84.5290 0.0000e+00
        354 302.351855    0.02450     1.4704     88.226      4.046  46832.210    29.2240     7.0783      4.000     7.0880    22.8627     6.2747     8.9672     89.643    273.965    280.228    0.00130    6.99972   10.00329  305.61997   15.75741 1.0391e-01     0.7517     0.6565    84.8652 0.0000e+00
        358 302.351867    0.02482     1.4894     89.363      5.054  46973.557    29.3248     7.1024      5.000     7.1200    22.9389     6.2614     8.9481     89.560    273.361    279.631   -0.00009    6.99117    9.99108  305.22428   15.73813 1.0526e-01     0.7286     0.6508    84.9852 0.0000e+00
        362 302.351877    0.02504     1.5024     90.145      6.045  47140.983    29.4444     7.1316      6.000     7.1503    23.0293     6.2582     8.9436     89.646    273.200    279.491    0.00041    6.98097    9.97651  304.75202   15.71512 1.0835e-01     0.7519     0.6213    85.6143 0.0000e+00
        367 302.351892    0.02542     1.5247     91.484      7.071  47313.314    29.5701     7.1761      7.000     7.1875    23.1222     6.2611     8.9477     89.855    273.301    279.620    0.00198    6.96804    9.95802  304.15966   15.68635 8.2803e-02     0.7669     0.5593    86.9501 0.0000e+00
        372 302.351906    0.02573     1.5439     92.634      8.085  47453.330    29.6709     7.2047      8.000     7.2188    23.1980     6.2549     8.9389     89.885    273.011    279.345    0.00142    6.95882    9.94486  303.73513   15.66569 7.8074e-02     0.7823     0.5411    87.3456 0.0000e+00
        375 302.351915    0.02596     1.5576     93.458      9.075  47641.035    29.8049     7.2335      9.000     7.2488    23.2994     6.2543     8.9381     90.015    272.959    279.319    0.00200    6.94809    9.92952  303.23665   15.64137 7.9723e-02     0.8299     0.5073    88.0915 0.0000e+00
        380 302.351929    0.02630     1.5779     94.676     10.105  47849.743    29.9536     7.2634     10.000     7.2657    23.4124     6.2502     8.9321     90.105    272.747    279.132    0.00219    6.93654    9.91300  302.69884   15.61511 7.3084e-02     0.8441     0.4377    89.6343 0.0000e+00
        383 302.351940    0.02656     1.5933     95.595     11.104  47999.774    30.0586     7.2736     11.000     7.2840    23.4937     6.2358     8.9116     89.981    272.098    278.491    0.00028    6.93013    9.90385  302.39519   15.60019 7.1145e-02     0.8840     0.4031    90.4127 0.0000e+00
        387 302.351950    0.02682     1.6089     96.531     12.118  48108.561    30.1373     7.2970     12.000     7.3159    23.5524     6.2293     8.9022     89.981    271.796    278.197   -0.00005    6.92282    9.89340  302.05879   15.58382 6.9890e-02     0.9431     0.3696    91.1740 0.0000e+00
        391 302.351963    0.02710     1.6260     97.559     13.112  48195.729    30.2037     7.3372     13.000     7.3481    23.5994     6.2241     8.8949     90.030    271.561    277.969    0.00034    6.91340    9.87994  301.63387   15.56329 6.9046e-02     0.9923     0.3417    91.8123 0.0000e+00
        397 302.351979    0.02750     1.6502     99.014     14.134  48218.361    30.2231     7.3631     14.000     7.3661    23.6112     6.2050     8.8675     89.817    270.720    277.112   -0.00154    6.90840    9.87279  301.41241   15.55265 9.6295e-02     0.8049     0.3252    92.1921 0.0000e+00
        403 302.351996    0.02790     1.6740    100.441     15.138  48237.089    30.2372     7.3724     15.000     7.3756    23.6210     6.1945     8.8525     89.693    270.262    276.645   -0.00218    6.90628    9.86977  301.31722   15.54805 1.0013e-01     0.9234     0.3211    92.2874 0.0000e+00
        410 302.352018    0.02842     1.7055    102.328     16.156  48327.426    30.3040     7.4012     16.000     7.4103    23.6697     6.1890     8.8447     89.713    270.011    276.402   -0.00091    6.89870    9.85893  300.97181   15.53129 8.6162e-02     0.9188     0.3095    92.5534 0.0000e+00
        416 302.352034    0.02882     1.7292    103.755     17.162  48403.782    30.3613     7.4313     17.000     7.4453    23.7108     6.1800     8.8318     89.677    269.604    275.997   -0.00097    6.89134    9.84841  300.63873   15.51517 7.5922e-02     0.9008     0.2931    92.9331 0.0000e+00
        422 302.352050    0.02921     1.7526    105.156     18.167  48436.244    30.3882     7.4611     18.000     7.4660    23.7279     6.1827     8.8357     89.794    269.719    276.119    0.00018    6.88541    9.83994  300.37522   15.50249 7.9780e-02     0.9074     0.2807    93.2225 0.0000e+00
        429 302.352072    0.02973     1.7838    107.028     19.181  48530.923    30.4582     7.4910     19.000     7.5029    23.7790     6.1584     8.8009     89.543    268.644    275.032   -0.00203    6.87754    9.82870  300.01699   15.48511 8.4868e-02     0.9032     0.2641    93.6117 0.0000e+00
        437 302.352094    0.03027     1.8159    108.955     20.188  48579.236    30.4972     7.5274     20.000     7.5299    23.8047     6.1454     8.7823     89.451    268.069    274.450   -0.00183    6.87004    9.81798  299.68224   15.46898 8.6013e-02     0.8325     0.2474    94.0022 0.0000e+00
        446 302.352121    0.03091     1.8546    111.276     21.204  48600.995    30.5137     7.5390     21.000     7.5406    23.8161     6.1320     8.7633     89.291    267.486    273.856   -0.00200    6.86748    9.81432  299.56722   15.46342 8.4654e-02     0.9558     0.2429    94.1081 0.0000e+00
        452 302.352138    0.03131     1.8787    112.719     22.203  48664.696    30.5603     7.5566     22.000     7.5593    23.8504     6.1301     8.7605     89.325    267.391    273.769   -0.00108    6.86262    9.80737  299.34508   15.45263 9.5275e-02     1.1061     0.2321    94.3633 0.0000e+00
        461 302.352164    0.03193     1.9159    114.957     23.218  48705.533    30.5903     7.5692     23.000     7.5695    23.8723     6.1270     8.7561     89.324    267.252    273.632   -0.00044    6.85930    9.80262  299.19389   15.44530 9.7624e-02     0.8480     0.2175    94.7065 0.0000e+00
        472 302.352197    0.03273     1.9635    117.811     24.236  48756.066    30.6306     7.6048     24.000     7.6180    23.8991     6.1243     8.7522     89.381    267.126    273.510    0.00061    6.85189    9.79204  298.86287   15.42934 9.2384e-02     0.8282     0.2112    94.8551 0.0000e+00
        479 302.352217    0.03320     1.9917    119.501     25.237  48755.627    30.6366     7.6470     25.000     7.6521    23.8981     6.1133     8.7365     89.310    266.647    273.019   -0.00033    6.84502    9.78222  298.56355   15.41503 9.0178e-02     0.8658     0.2094    94.8994 0.0000e+00
        489 302.352247    0.03392     2.0350    122.099     26.249  48766.604    30.6480     7.6736     26.000     7.6751    23.9034     6.1047     8.7242     89.245    266.269    272.634   -0.00073    6.84036    9.77555  298.35838   15.40520 8.3696e-02     1.1456     0.2111    94.8603 0.0000e+00
        499 302.352274    0.03456     2.0741    124.443     27.246  48772.939    30.6534     7.6829     27.000     7.6831    23.9064     6.1038     8.7229     89.254    266.229    272.594   -0.00024    6.83865    9.77312  298.28328   15.40159 8.3875e-02     0.9906     0.2140    94.7901 0.0000e+00
        509 302.352302    0.03526     2.1155    126.932     28.267  48781.547    30.6607     7.6939     28.000     7.6926    23.9107     6.0987     8.7158     89.208    266.011    272.371   -0.00060    6.83661    9.77021  298.19325   15.39727 8.1376e-02     0.9070     0.2213    94.6177 0.0000e+00
        520 302.352335    0.03604     2.1626    129.754     29.283  48784.994    30.6632     7.6974     29.000     7.6959    23.9121     6.0977     8.7143     89.201    265.964    272.324    0.00003    6.83595    9.76926  298.16382   15.39585 8.0524e-02     0.9338     0.2127    94.8216 0.0000e+00
        526 302.352353    0.03647     2.1879    131.272     30.275  48794.099    30.6699     7.7029     30.000     7.7026    23.9167     6.1059     8.7260     89.336    266.322    272.691    0.00125    6.83479    9.76760  298.11185   15.39334 8.0276e-02     1.0164     0.2134    94.8050 0.0000e+00
        539 302.352389    0.03734     2.2406    134.436     31.295  48793.292    30.6697     7.7078     31.000     7.7052    23.9159     6.0958     8.7115     89.197    265.879    272.237   -0.00049    6.83403    9.76652  298.07911   15.39178 6.9293e-02     1.0697     0.2154    94.7579 0.0000e+00
        549 302.352419    0.03806     2.2837    137.020     32.314  48813.723    30.6842     7.7120     32.000     7.7151    23.9266     6.0770     8.6847     88.940    265.057    271.399   -0.00225    6.83274    9.76467  298.01961   15.38889 7.9589e-02     0.8799     0.2136    94.7993 0.0000e+00
        555 302.352437    0.03848     2.3090    138.542     33.307  48831.604    30.6986     7.7275     33.000     7.7276    23.9359     6.0876     8.6999     89.135    265.519    271.875   -0.00006    6.82967    9.76029  297.88305   15.38231 7.8814e-02     0.8852     0.2158    94.7476 0.0000e+00
        566 302.352468    0.03924     2.3541    141.244     34.325  48836.444    30.7025     7.7340     34.000     7.7315    23.9381     6.0898     8.7030     89.183    265.615    271.973   -0.00011    6.82849    9.75859  297.83083   15.37980 8.2864e-02     0.9749     0.2143    94.7831 0.0000e+00
        578 302.352503    0.04008     2.4046    144.275     35.338  48905.073    30.7508     7.7404     35.000     7.7576    23.9752     6.0966     8.7126     89.323    265.899    272.273    0.00079    6.82533    9.75407  297.68202   15.37250 7.8533e-02     0.9827     0.2130    94.8154 0.0000e+00
        583 302.352516    0.04040     2.4236    145.419     36.338  48938.662    30.7808     7.7848     36.000     7.7917    23.9926     6.0966     8.7127     89.431    265.895    272.274    0.00123    6.81709    9.74230  297.31770   15.35499 7.6691e-02     0.9398     0.2121    94.8351 0.0000e+00
        590 302.352539    0.04092     2.4552    147.313     37.359  48969.675    30.8071     7.8178     37.000     7.8233    24.0087     6.0743     8.6808     89.187    264.919    271.279   -0.00166    6.81080    9.73331  297.03893   15.34158 7.1305e-02     0.9695     0.2166    94.7309 0.0000e+00
        597 302.352558    0.04138     2.4830    148.980     38.360  48962.706    30.8039     7.8304     38.000     7.8272    24.0044     6.0759     8.6831     89.234    264.988    271.349   -0.00075    6.80899    9.73072  296.96082   15.33787 6.8115e-02     1.0268     0.2159    94.7454 0.0000e+00
        606 302.352584    0.04201     2.5210    151.257     39.373  48981.711    30.8171     7.8334     39.000     7.8340    24.0143     6.0737     8.6798     89.214    264.887    271.248   -0.00050    6.80793    9.72921  296.91196   15.33548 6.7124e-02     1.0637     0.2155    94.7555 0.0000e+00
        614 302.352607    0.04258     2.5548    153.288     40.382  49003.198    30.8348     7.8535     40.000     7.8555    24.0255     6.0698     8.6743     89.208    264.715    271.075   -0.00038    6.80404    9.72365  296.73905   15.32715 6.7222e-02     1.0178     0.2166    94.7294 0.0000e+00
        621 302.352629    0.04309     2.5853    155.119     41.392  49014.406    30.8454     7.8746     41.000     7.8737    24.0309     6.0734     8.6796     89.311    264.875    271.240    0.00065    6.80030    9.71830  296.57425   15.31924 6.7509e-02     1.0364     0.2147    94.7753 0.0000e+00
        629 302.352650    0.04359     2.6155    156.933     42.399  49014.473    30.8460     7.8807     42.000     7.8779    24.0305     6.0620     8.6632     89.155    264.374    270.728   -0.00097    6.79933    9.71692  296.53227   15.31724 6.7234e-02     0.9744     0.2134    94.8056 0.0000e+00
        640 302.352681    0.04434     2.6606    159.633     43.410  49018.534    30.8492     7.8859     43.000     7.8825    24.0323     6.0571     8.6563     89.097    264.165    270.513   -0.00081    6.79838    9.71558  296.49064   15.31524 6.7190e-02     1.0977     0.2160    94.7419 0.0000e+00
        652 302.352718    0.04523     2.7136    162.819     44.420  49023.903    30.8527     7.8876     44.000     7.8840    24.0349     6.0563     8.6551     89.090    264.127    270.475   -0.00066    6.79796    9.71496  296.47105   15.31429 6.8129e-02     1.0648     0.2165    94.7328 0.0000e+00
        666 302.352758    0.04618     2.7711    166.264     45.429  49034.793    30.8606     7.8922     45.000     7.8915    24.0404     6.0558     8.6543     89.096    264.102    270.451   -0.00003    6.79691    9.71346  296.42366   15.31199 6.9072e-02     1.0298     0.2156    94.7529 0.0000e+00
        679 302.352795    0.04707     2.8241    169.446     46.428  49072.731    30.8896     7.9115     46.000     7.9148    24.0605     6.0531     8.6505     89.112    263.978    270.330    0.00024    6.79264    9.70735  296.23154   15.30271 6.9834e-02     1.3062     0.2295    94.4232 0.0000e+00
        703 302.352866    0.04877     2.9266    175.593     47.450  49073.872    30.8925     7.9277     47.000     7.9251    24.0605     6.0367     8.6271     88.906    263.265    269.600   -0.00120    6.79000    9.70359  296.11676   15.29722 6.8846e-02     1.0216     0.2177    94.7040 0.0000e+00
        736 302.352961    0.05106     3.0634    183.803     48.459  49092.936    30.9082     7.9461     48.000     7.9423    24.0702     6.0206     8.6041     88.715    262.561    268.881   -0.00133    6.78647    9.69854  295.95987   15.28967 6.9738e-02     1.0581     0.2199    94.6506 0.0000e+00
        775 302.353072    0.05372     3.2231    193.386     49.467  49098.670    30.9124     7.9500     49.000     7.9455    24.0729     6.0172     8.5992     88.675    262.409    268.727   -0.00120    6.78569    9.69743  295.92507   15.28799 7.0054e-02     1.0848     0.2173    94.7134 0.0000e+00
        808 302.353167    0.05601     3.3606    201.634     50.478  49102.504    30.9149     7.9519     50.000     7.9474    24.0747     6.0221     8.6063     88.753    262.626    268.949   -0.00064    6.78527    9.69683  295.90624   15.28708 6.9604e-02     1.0623     0.2213    94.6187 0.0000e+00
        830 302.353232    0.05757     3.4546    207.274     51.488  49105.276    30.9168     7.9542     51.000     7.9497    24.0759     6.0267     8.6126     88.824    262.821    269.149    0.00029    6.78485    9.69621  295.88720   15.28616 6.7267e-02     1.2465     0.2177    94.7048 0.0000e+00
        861 302.353323    0.05975     3.5850    215.098     52.496  49105.686    30.9164     7.9533     52.000     7.9481    24.0757     6.0296     8.6170     88.868    262.956    269.286    0.00067    6.78500    9.69644  295.89435   15.28650 7.5386e-02     0.9779     0.2143    94.7829 0.0000e+00
