CTD-processing/allCTD/CNV/2012_06-05b_t9_s09b_cast030_4141.cnv
* Sea-Bird SBE19plus Data File:
* FileName = C:\Documents and Settings\kris.holderied.local\My Documents\2012-KBRR-CTD-Kachemak-Bay\2012-KBRR-CTD-cast030.hex
* Software Version 1.54
* Temperature SN =  4141
* Conductivity SN =  4141
* System UpLoad Time = Jul 24 2012 21:52:44
** Kachemak Bay - Homer Spit Line CTD Survey
** Date:  2012-xx-xx   xxxx Tide (x of 2 lines)
** Station: 9-09
** Start time (AKDT-24 hr): 10:51
** Depth (m): 75.6
** Comments:  CTD time set wrong by 1 hour
# nquan = 27
# nvalues = 69                          
# units = specified
# name 0 = scan: Scan Count
# name 1 = timeJ: Julian Days
# name 2 = timeH: Time, Elapsed [hours]
# name 3 = timeM: Time, Elapsed [minutes]
# name 4 = timeS: Time, Elapsed [seconds]
# name 5 = prdM: Pressure, Strain Gauge [db]
# name 6 = specc: Specific Conductance [uS/cm]
# name 7 = sal00: Salinity, Practical [PSU]
# name 8 = tv290C: Temperature [ITS-90, deg C]
# name 9 = depSM: Depth [salt water, m], lat = 59.00
# name 10 = potemp090C: Potential Temperature [ITS-90, deg C]
# name 11 = sigma-é00: Density [sigma-theta, kg/m^3]
# name 12 = sbeox0ML/L: Oxygen, SBE 43 [ml/l]
# name 13 = sbeox0Mg/L: Oxygen, SBE 43 [mg/l]
# name 14 = sbeox0PS: Oxygen, SBE 43 [% saturation]
# name 15 = sbox0Mm/Kg: Oxygen, SBE 43 [umol/kg]
# name 16 = sbeox0Mm/L: Oxygen, SBE 43 [umol/l]
# name 17 = sbox0dV/dT: Oxygen, SBE 43 [dov/dt]
# name 18 = oxsolML/L: Oxygen Saturation, Garcia & Gordon [ml/l]
# name 19 = oxsolMg/L: Oxygen Saturation, Garcia & Gordon [mg/l]
# name 20 = oxsolMm/Kg: Oxygen Saturation, Garcia & Gordon [umol/kg]
# name 21 = n2satMg/L: Nitrogen Saturation [mg/l]
# name 22 = par: PAR/Irradiance, Biospherical/Licor
# name 23 = wetStar: Fluorescence, WET Labs WETstar [mg/m^3]
# name 24 = CStarAt0: Beam Attenuation, WET Labs C-Star [1/m]
# name 25 = CStarTr0: Beam Transmission, WET Labs C-Star [%]
# name 26 = flag: flag
# span 0 =        173,        516       
# span 1 = 157.494722, 157.495715       
# span 2 =    0.01195,    0.03574       
# span 3 =     0.7170,     2.1452       
# span 4 =     43.022,    128.710       
# span 5 =      1.016,     69.636       
# span 6 =  49433.047,  50891.556       
# span 7 =    30.9710,    31.5643       
# span 8 =     4.8412,     6.9155       
# span 9 =      1.000,     69.000       
# span 10 =     4.8355,     6.9071      
# span 11 =    24.2781,    24.9699      
# span 12 =     6.5940,     8.3667      
# span 13 =     9.4235,    11.9567      
# span 14 =     94.924,    120.215      
# span 15 =    287.507,    364.787      
# span 16 =    294.488,    373.653      
# span 17 =   -0.05559,    0.03977      
# span 18 =    6.94474,    7.26539      
# span 19 =    9.92473,   10.38296      
# span 20 =  302.80091,  316.56749      
# span 21 =   15.61566,   16.26914      
# span 22 = 3.6638e-02, 7.9976e+02      
# span 23 =     1.1312,     8.4203      
# span 24 =     1.0500,     1.9319      
# span 25 =    63.3419,    76.9117      
# span 26 = 0.0000e+00, 0.0000e+00      
# interval = meters: 1                  
# start_time = Jun 05 2012 11:51:41 [Instrument's time stamp, header]
# bad_flag = -9.990e-29
*END*
        173 157.494722    0.01195     0.7170     43.022      1.016  49433.047    30.9973     6.9155      1.000     6.9071    24.2781     6.5940     9.4235     94.924    287.507    294.488    0.01784    6.94474    9.92473  302.80091   15.61566 7.9976e+02     1.1312     1.9319    63.3419 0.0000e+00
        354 157.495246    0.02454     1.4720     88.322      2.035  49493.105    31.0204     6.8150      2.000     6.8057    24.3092     8.3667    11.9567    120.215    364.787    373.653    0.03977    6.95986    9.94633  303.45054   15.64654 6.2392e+02     2.9816     1.1392    75.1436 0.0000e+00
        353 157.495242    0.02443     1.4657     87.940      3.037  49505.634    31.0270     6.8058      3.000     6.8010    24.3157     8.2956    11.8554    119.172    361.690    370.484    0.02524    6.96104    9.94802  303.50009   15.64888 1.8734e+02     2.8667     1.1815    74.4256 0.0000e+00
        355 157.495249    0.02458     1.4750     88.502      4.038  49509.449    31.0284     6.8008      4.000     6.7955    24.3173     8.2890    11.8459    119.065    361.400    370.189    0.01889    6.96178    9.94907  303.53194   15.65039 1.4567e+02     2.9941     1.2017    74.0511 0.0000e+00
        357 157.495256    0.02474     1.4844     89.067      5.047  49507.665    31.0256     6.7952      5.000     6.7858    24.3159     8.2856    11.8410    118.998    361.252    370.037    0.01438    6.96281    9.95055  303.57709   15.65255 1.0290e+02     3.2697     1.2219    73.6776 0.0000e+00
        360 157.495262    0.02490     1.4939     89.635      6.055  49513.488    31.0274     6.7852      6.000     6.7754    24.3186     8.2824    11.8363    118.926    361.110    369.892    0.01087    6.96434    9.95274  303.64345   15.65571 7.0002e+01     3.7368     1.2131    73.8386 0.0000e+00
        362 157.495269    0.02506     1.5037     90.219      7.065  49528.932    31.0361     6.7760      7.000     6.7740    24.3266     8.2725    11.8220    118.764    360.672    369.445    0.00713    6.96544    9.95432  303.68893   15.65785 4.7418e+01     3.4914     1.2153    73.7999 0.0000e+00
        364 157.495276    0.02523     1.5135     90.808      8.078  49528.515    31.0352     6.7750      8.000     6.7716    24.3260     8.2657    11.8125    118.664    360.380    369.146    0.00435    6.96565    9.95460  303.69790   15.65828 3.2295e+01     4.2456     1.2019    74.0488 0.0000e+00
        367 157.495283    0.02539     1.5232     91.391      9.083  49526.186    31.0326     6.7720      9.000     6.7644    24.3244     8.2650    11.8115    118.643    360.349    369.115    0.00290    6.96624    9.95546  303.72462   15.65955 2.2559e+01     5.3459     1.2104    73.8900 0.0000e+00
        369 157.495289    0.02556     1.5333     91.995     10.094  49531.263    31.0342     6.7637     10.000     6.7591    24.3267     8.2694    11.8179    118.685    360.541    369.312    0.00258    6.96750    9.95725  303.77855   15.66213 1.6175e+01     6.6355     1.1952    74.1710 0.0000e+00
        371 157.495296    0.02572     1.5435     92.611     11.103  49533.837    31.0348     6.7599     11.000     6.7611    24.3277     8.2699    11.8185    118.683    360.562    369.334    0.00200    6.96808    9.95807  303.80334   15.66330 1.1545e+01     6.3113     1.1972    74.1347 0.0000e+00
        374 157.495304    0.02589     1.5538     93.228     12.116  49526.155    31.0294     6.7620     12.000     6.7598    24.3232     8.2680    11.8159    118.658    360.484    369.252    0.00123    6.96801    9.95797  303.80174   15.66325 8.2239e+00     6.5954     1.2085    73.9248 0.0000e+00
        376 157.495311    0.02606     1.5638     93.830     13.122  49566.985    31.0569     6.7604     13.000     6.7906    24.3451     8.2632    11.8089    118.605    360.262    369.033    0.00031    6.96701    9.95655  303.75154   15.66074 5.8360e+00     7.7989     1.2106    73.8862 0.0000e+00
        379 157.495317    0.02623     1.5740     94.441     14.133  49587.294    31.0773     6.7986     14.000     6.8382    24.3562     8.2578    11.8012    118.649    360.024    368.793    0.00017    6.95990    9.94639  303.43836   15.64573 4.0624e+00     7.2032     1.2178    73.7529 0.0000e+00
        381 157.495325    0.02641     1.5843     95.057     15.139  49532.633    31.0468     6.8433     15.000     6.8538    24.3266     8.2664    11.8136    118.873    360.414    369.181    0.00173    6.95407    9.93806  303.19308   15.63416 2.8902e+00     7.6616     1.2238    73.6427 0.0000e+00
        384 157.495333    0.02659     1.5951     95.709     16.150  49483.505    31.0137     6.8519     16.000     6.8263    24.2994     8.2976    11.8581    119.318    361.782    370.573    0.00508    6.95423    9.93828  303.20795   15.63501 2.0832e+00     8.4203     1.2061    73.9695 0.0000e+00
        386 157.495340    0.02677     1.6060     96.357     17.160  49469.215    30.9972     6.8168     17.000     6.7548    24.2909     8.3338    11.9098    119.728    363.361    372.188    0.00807    6.96062    9.94743  303.48937   15.64848 1.5003e+00     7.1123     1.2138    73.8275 0.0000e+00
        389 157.495347    0.02694     1.6164     96.982     18.236  49564.460    31.0495     6.7412     18.000     6.7820    24.3417     8.3515    11.9352    119.813    364.116    372.979    0.00816    6.97045    9.96147  303.90270   15.66798 1.1181e+00     7.9834     1.2104    73.8877 0.0000e+00
        390 157.495351    0.02704     1.6227     97.362     19.132  49452.545    30.9779     6.7779     19.000     6.6706    24.2807     8.3480    11.9301    119.808    363.984    372.821    0.00662    6.96781    9.95770  303.80576   15.66366 8.3644e-01     7.9409     1.2103    73.8916 0.0000e+00
        393 157.495358    0.02721     1.6325     97.949     20.201  49545.123    31.0196     6.6532     20.000     6.6101    24.3292     8.3104    11.8762    118.955    362.322    371.137   -0.00049    6.98607    9.98380  304.58788   15.70077 6.2269e-01     6.7480     1.1993    74.0938 0.0000e+00
        395 157.495365    0.02737     1.6424     98.542     21.199  49671.043    31.1003     6.6198     21.000     6.6387    24.3971     8.2591    11.8032    118.194    360.069    368.853   -0.00900    6.98780    9.98628  304.64295   15.70306 4.5019e-01     6.8070     1.1891    74.2844 0.0000e+00
        398 157.495372    0.02754     1.6525     99.148     22.206  49659.292    31.0961     6.6446     22.000     6.6621    24.3907     8.2039    11.7243    117.469    357.665    366.388   -0.01496    6.98396    9.98078  304.47731   15.69518 3.3648e-01     6.7816     1.1862    74.3374 0.0000e+00
        400 157.495379    0.02771     1.6627     99.762     23.221  49588.502    31.0488     6.6568     23.000     6.6171    24.3518     8.1760    11.6844    117.065    356.460    365.140   -0.01573    6.98416    9.98107  304.49754   15.69635 2.5744e-01     6.2860     1.1971    74.1341 0.0000e+00
        402 157.495386    0.02788     1.6726    100.354     24.227  49488.927    30.9710     6.6100     24.000     6.4735    24.2965     8.1603    11.6620    116.653    355.796    364.440   -0.01689    6.99536    9.99707  305.00231   15.72072 1.8714e-01     7.1099     1.1952    74.1717 0.0000e+00
        405 157.495393    0.02804     1.6824    100.946     25.236  49714.231    31.0978     6.4509     25.000     6.4312    24.4161     8.1340    11.6243    115.943    354.606    363.264   -0.01911    7.01547   10.02582  305.84373   15.76032 1.4492e-01     6.4656     1.1563    74.8945 0.0000e+00
        407 157.495400    0.02821     1.6926    101.554     26.246  49574.517    30.9903     6.3948     26.000     6.1892    24.3384     8.1058    11.5840    115.309    353.403    362.005   -0.02176    7.02968   10.04610  306.48584   15.79136 2.1177e-01     7.1472     1.1496    75.0213 0.0000e+00
        410 157.495407    0.02838     1.7031    102.185     27.256  49847.737    31.1332     6.1505     27.000     6.0594    24.4806     8.0160    11.4557    113.490    349.442    357.996   -0.03159    7.06334   10.09422  307.91107   15.85869 1.8967e-01     7.1358     1.1261    75.4636 0.0000e+00
        412 157.495415    0.02856     1.7138    102.828     28.268  49958.466    31.1885     6.0414     28.000     5.9898    24.5374     7.9013    11.2917    111.619    344.420    352.871   -0.04272    7.07884   10.11637  308.56956   15.88983 1.2974e-01     6.4127     1.1261    75.4633 0.0000e+00
        415 157.495422    0.02874     1.7243    103.460     29.276  50042.933    31.2359     5.9869     29.000     5.9781    24.5813     7.7676    11.1006    109.624    338.577    346.900   -0.05285    7.08568   10.12615  308.85451   15.90321 9.5908e-02     5.9252     1.1196    75.5859 0.0000e+00
        417 157.495429    0.02892     1.7348    104.091     30.285  50059.891    31.2462     5.9820     30.000     5.9856    24.5900     7.6706    10.9621    108.251    334.351    342.573   -0.05559    7.08600   10.12661  308.86583   15.90371 7.9594e-02     5.6002     1.1122    75.7256 0.0000e+00
        420 157.495437    0.02909     1.7453    104.719     31.295  50054.163    31.2434     5.9904     31.000     5.9945    24.5868     7.6085    10.8733    107.392    331.641    339.795   -0.05360    7.08475   10.12481  308.81197   15.90115 7.0116e-02     4.8756     1.1190    75.5984 0.0000e+00
        422 157.495444    0.02927     1.7558    105.349     32.305  50040.699    31.2351     5.9980     32.000     5.9948    24.5794     7.5913    10.8486    107.162    330.892    339.025   -0.04535    7.08388   10.12357  308.77625   15.89949 6.5473e-02     5.5400     1.1045    75.8712 0.0000e+00
        425 157.495451    0.02943     1.7663    105.977     33.314  50041.057    31.2345     5.9962     33.000     5.9865    24.5791     7.6014    10.8632    107.301    331.337    339.481   -0.03538    7.08420   10.12403  308.79048   15.90017 6.2537e-02     5.1188     1.1224    75.5331 0.0000e+00
        427 157.495458    0.02961     1.7768    106.608     34.324  49976.627    31.1878     5.9868     34.000     5.8987    24.5434     7.6267    10.8993    107.600    332.449    340.609   -0.02534    7.08797   10.12942  308.96582   15.90872 5.8812e-02     4.9173     1.1107    75.7547 0.0000e+00
        430 157.495466    0.02979     1.7874    107.242     35.333  50086.254    31.2425     5.8818     35.000     5.8283    24.5990     7.6341    10.9098    107.477    332.751    340.936   -0.02000    7.10293   10.15081  309.60134   15.93876 5.6082e-02     5.2868     1.1046    75.8707 0.0000e+00
        432 157.495473    0.02996     1.7979    107.875     36.344  50189.482    31.3019     5.8235     36.000     5.8225    24.6527     7.6199    10.8895    107.172    332.114    340.302   -0.01878    7.10991   10.16076  309.88861   15.95220 5.5085e-02     5.1546     1.0928    76.0945 0.0000e+00
        435 157.495480    0.03014     1.8082    108.493     37.354  50195.667    31.3067     5.8285     37.000     5.8365    24.6558     7.5857    10.8407    106.708    330.625    338.776   -0.01935    7.10884   10.15924  309.84130   15.94994 5.3505e-02     5.1124     1.0823    76.2943 0.0000e+00
        437 157.495487    0.03031     1.8184    109.101     38.363  50180.601    31.2983     5.8413     38.000     5.8426    24.6478     7.5729    10.8225    106.555    330.073    338.208   -0.01750    7.10709   10.15675  309.76774   15.94646 5.2811e-02     4.7317     1.0779    76.3789 0.0000e+00
        440 157.495494    0.03048     1.8284    109.702     39.372  50166.552    31.2886     5.8437     39.000     5.8335    24.6399     7.5641    10.8099    106.430    329.691    337.815   -0.01545    7.10715   10.15684  309.77278   15.94674 5.1475e-02     4.5220     1.0865    76.2141 0.0000e+00
        442 157.495501    0.03064     1.8383    110.299     40.381  50176.322    31.2931     5.8351     40.000     5.8291    24.6445     7.5673    10.8145    106.456    329.829    337.958   -0.01232    7.10838   10.15859  309.82484   15.94920 5.0694e-02     4.5155     1.0807    76.3243 0.0000e+00
        445 157.495508    0.03080     1.8483    110.900     41.391  50187.526    31.2998     5.8317     41.000     5.8319    24.6502     7.5657    10.8122    106.430    329.755    337.884   -0.01033    7.10864   10.15895  309.83423   15.94963 5.0567e-02     4.1948     1.0731    76.4709 0.0000e+00
        447 157.495515    0.03097     1.8584    111.506     42.400  50187.969    31.3003     5.8354     42.000     5.8408    24.6501     7.5696    10.8176    106.493    329.923    338.056   -0.00774    7.10800   10.15803  309.80618   15.94828 5.0733e-02     4.6670     1.0780    76.3762 0.0000e+00
        449 157.495522    0.03114     1.8687    112.119     43.408  50204.051    31.3134     5.8479     43.000     5.8636    24.6590     7.5656    10.8120    106.479    329.749    337.879   -0.00639    7.10528   10.15416  309.68528   15.94248 4.9379e-02     4.6423     1.0850    76.2433 0.0000e+00
        452 157.495530    0.03132     1.8791    112.745     44.420  50039.813    31.1975     5.8373     44.000     5.6863    24.5687     7.5690    10.8170    106.418    329.928    338.034   -0.00549    7.11253   10.16453  310.02876   15.95931 4.9660e-02     4.4296     1.0786    76.3657 0.0000e+00
        454 157.495536    0.03149     1.8895    113.372     45.431  50228.127    31.2887     5.6449     45.000     5.5362    24.6630     7.5565    10.7990    105.824    329.351    337.474   -0.00864    7.14061   10.20465  311.22406   16.01586 4.9388e-02     4.1169     1.0500    76.9117 0.0000e+00
        457 157.495544    0.03167     1.8999    113.991     46.440  50391.935    31.3772     5.5265     46.000     5.4911    24.7465     7.5181    10.7440    105.053    327.648    335.755   -0.01411    7.15646   10.22730  311.88953   16.04719 4.9503e-02     4.7738     1.0570    76.7768 0.0000e+00
        459 157.495551    0.03184     1.9101    114.607     47.449  50468.728    31.4229     5.4936     47.000     5.4999    24.7863     7.4647    10.6678    104.258    325.313    333.376   -0.01914    7.15986   10.23216  312.02546   16.05349 4.9484e-02     4.4505     1.0585    76.7485 0.0000e+00
        462 157.495558    0.03200     1.9204    115.227     48.458  50444.092    31.4075     5.5036     48.000     5.4944    24.7730     7.4179    10.6010    103.618    323.277    331.286   -0.02114    7.15891   10.23079  311.98787   16.05176 4.5014e-02     3.6578     1.0577    76.7633 0.0000e+00
        464 157.495565    0.03218     1.9308    115.848     49.469  50436.308    31.3999     5.4951     49.000     5.4756    24.7680     7.3787    10.5449    103.044    321.567    329.533   -0.02256    7.16073   10.23338  312.06835   16.05562 3.6638e-02     3.3022     1.0572    76.7753 0.0000e+00
        467 157.495573    0.03235     1.9411    116.468     50.478  50455.401    31.4089     5.4769     50.000     5.4553    24.7772     7.3566    10.5135    102.699    320.608    328.552   -0.02179    7.16337   10.23717  312.18095   16.06095 3.7039e-02     3.1733     1.0627    76.6695 0.0000e+00
        469 157.495580    0.03252     1.9515    117.087     51.487  50442.702    31.3948     5.4532     51.000     5.4139    24.7687     7.3501    10.5039    102.539    320.319    328.253   -0.01911    7.16808   10.24390  312.38878   16.07090 3.9264e-02     3.0579     1.0573    76.7733 0.0000e+00
        472 157.495587    0.03270     1.9618    117.707     52.498  50490.464    31.4183     5.4103     52.000     5.3772    24.7921     7.3440    10.4953    102.366    320.048    327.983   -0.01674    7.17427   10.25275  312.65149   16.08331 4.1201e-02     3.5188     1.0670    76.5881 0.0000e+00
        474 157.495594    0.03287     1.9721    118.328     53.507  50504.554    31.4201     5.3749     53.000     5.3311    24.7976     7.3340    10.4811    102.143    319.611    327.536   -0.01548    7.18021   10.26124  312.90881   16.09556 4.2306e-02     3.6769     1.0653    76.6180 0.0000e+00
