CTD-processing/allCTD/CNV/2012_10-28_t6_s03_cast026_4141.cnv
* Sea-Bird SBE19plus Data File:
* FileName = C:\Documents and Settings\kris.holderied.local\My Documents\2012-10-CookInlet-Ocean-LTM\2012-10-28-EVOSTC-CookInletOcean-Tran6-Douglas\2012-10-28-CookInletOcean-Tran6-cast026.hex
* Software Version 1.54
* Temperature SN =  4141
* Conductivity SN =  4141
* System UpLoad Time = Oct 28 2012 19:54:49
** Cook Inlet EVOSTC Transect 6 Douglas line west to east
** Date:   28 Oct 2012
** Station:  6-03
** Start time (AKDT-24 hr):  1828
** Depth (m):  102
** Comment:
# nquan = 27
# nvalues = 80                          
# units = specified
# name 0 = scan: Scan Count
# name 1 = timeJ: Julian Days
# name 2 = timeH: Time, Elapsed [hours]
# name 3 = timeM: Time, Elapsed [minutes]
# name 4 = timeS: Time, Elapsed [seconds]
# name 5 = prdM: Pressure, Strain Gauge [db]
# name 6 = specc: Specific Conductance [uS/cm]
# name 7 = sal00: Salinity, Practical [PSU]
# name 8 = tv290C: Temperature [ITS-90, deg C]
# name 9 = depSM: Depth [salt water, m], lat = 59.00
# name 10 = potemp090C: Potential Temperature [ITS-90, deg C]
# name 11 = sigma-é00: Density [sigma-theta, kg/m^3]
# name 12 = sbeox0ML/L: Oxygen, SBE 43 [ml/l]
# name 13 = sbeox0Mg/L: Oxygen, SBE 43 [mg/l]
# name 14 = sbeox0PS: Oxygen, SBE 43 [% saturation]
# name 15 = sbox0Mm/Kg: Oxygen, SBE 43 [umol/kg]
# name 16 = sbeox0Mm/L: Oxygen, SBE 43 [umol/l]
# name 17 = sbox0dV/dT: Oxygen, SBE 43 [dov/dt]
# name 18 = oxsolML/L: Oxygen Saturation, Garcia & Gordon [ml/l]
# name 19 = oxsolMg/L: Oxygen Saturation, Garcia & Gordon [mg/l]
# name 20 = oxsolMm/Kg: Oxygen Saturation, Garcia & Gordon [umol/kg]
# name 21 = n2satMg/L: Nitrogen Saturation [mg/l]
# name 22 = par: PAR/Irradiance, Biospherical/Licor
# name 23 = wetStar: Fluorescence, WET Labs WETstar [mg/m^3]
# name 24 = CStarAt0: Beam Attenuation, WET Labs C-Star [1/m]
# name 25 = CStarTr0: Beam Transmission, WET Labs C-Star [%]
# name 26 = flag: flag
# span 0 =        157,        756       
# span 1 = 302.770244, 302.771976       
# span 2 =    0.01086,    0.05242       
# span 3 =     0.6516,     3.1455       
# span 4 =     39.096,    188.732       
# span 5 =      1.012,     80.773       
# span 6 =  48119.843,  49788.574       
# span 7 =    30.2049,    31.3974       
# span 8 =     7.3457,     8.1565       
# span 9 =      1.000,     80.000       
# span 10 =     7.5187,     8.1596      
# span 11 =    23.5580,    24.4383      
# span 12 =     5.6021,     6.4587      
# span 13 =     8.0059,     9.2302      
# span 14 =     83.026,     94.022      
# span 15 =    244.219,    281.810      
# span 16 =    250.187,    288.449      
# span 17 =   -0.00784,    0.03626      
# span 18 =    6.74733,    6.90492      
# span 19 =    9.64261,    9.86782      
# span 20 =  294.14732,  301.22550      
# span 21 =   15.20114,   15.54319      
# span 22 = 3.6380e-02, 2.2382e+00      
# span 23 =     0.1595,     1.2752      
# span 24 =     0.2232,     3.2804      
# span 25 =    50.9551,    94.5710      
# span 26 = 0.0000e+00, 0.0000e+00      
# interval = meters: 1                  
# start_time = Oct 28 2012 18:28:30 [Instrument's time stamp, header]
# bad_flag = -9.990e-29
*END*
[from data line 54]
        638 302.771636    0.04426     2.6556    159.335     55.522  49168.459    30.9903     8.1565     55.000     8.1596    24.1050     5.7651     8.2388     85.401    251.408    257.468   -0.00565    6.75056    9.64722  294.38388   15.21409 3.6380e-02     0.5627     0.2255    94.5185 0.0000e+00
        643 302.771649    0.04456     2.6739    160.432     56.530  49163.986    30.9865     8.1552     56.000     8.1428    24.1022     5.7661     8.2405     85.413    251.457    257.517   -0.00378    6.75092    9.64773  294.40021   15.21489 3.6382e-02     0.7077     0.2285    94.4476 0.0000e+00
        648 302.771665    0.04495     2.6970    161.817     57.561  49184.914    30.9973     8.1333     57.000     8.1225    24.1138     5.7485     8.2151     85.115    250.682    256.727   -0.00462    6.75379    9.65183  294.52205   15.22066 3.6382e-02     0.6296     0.2288    94.4417 0.0000e+00
        651 302.771673    0.04517     2.7103    162.616     58.560  49193.551    31.0018     8.1260     58.000     8.1132    24.1183     5.7346     8.1953     84.898    250.075    256.107   -0.00593    6.75473    9.65318  294.56170   15.22254 3.6382e-02     0.7235     0.2284    94.4493 0.0000e+00
        654 302.771682    0.04538     2.7223    163.340     59.550  49207.978    31.0096     8.1149     59.000     8.1027    24.1262     5.7378     8.1999     84.928    250.213    256.249   -0.00466    6.75605    9.65508  294.61746   15.22517 3.6382e-02     0.6220     0.2334    94.3342 0.0000e+00
        660 302.771698    0.04575     2.7451    164.705     60.577  49219.564    31.0159     8.1057     60.000     8.0994    24.1324     5.7469     8.2129     85.048    250.608    256.656   -0.00165    6.75721    9.65673  294.66596   15.22746 3.6382e-02     0.6553     0.2294    94.4265 0.0000e+00
        665 302.771714    0.04613     2.7676    166.058     61.595  49232.907    31.0247     8.1049     61.000     8.0975    24.1394     5.7314     8.1907     84.822    249.932    255.964   -0.00310    6.75693    9.65633  294.65182   15.22674 3.6382e-02     0.5927     0.2290    94.4361 0.0000e+00
        668 302.771723    0.04635     2.7812    166.874     62.589  49399.671    31.1396     8.0980     62.000     8.0826    24.2305     5.7266     8.1840     84.803    249.701    255.753   -0.00274    6.75295    9.65063  294.45173   15.21672 3.6382e-02     0.6834     0.2302    94.4063 0.0000e+00
        673 302.771736    0.04666     2.7996    167.978     63.597  49518.203    31.2195     8.0822     63.000     8.0725    24.2954     5.7146     8.1669     84.639    249.164    255.218   -0.00304    6.75184    9.64906  294.38511   15.21322 3.6382e-02     0.6052     0.2263    94.4989 0.0000e+00
        679 302.771754    0.04709     2.8258    169.548     64.635  49562.547    31.2489     8.0748     64.000     8.0686    24.3195     5.6692     8.1018     83.967    247.174    253.185   -0.00745    6.75167    9.64881  294.37056   15.21240 3.6382e-02     0.5980     0.2290    94.4367 0.0000e+00
        682 302.771763    0.04731     2.8385    170.308     65.625  49571.827    31.2549     8.0748     65.000     8.0681    24.3243     5.6555     8.0822     83.767    246.576    252.574   -0.00784    6.75142    9.64844  294.35812   15.21178 3.6382e-02     0.6303     0.2268    94.4876 0.0000e+00
        686 302.771775    0.04760     2.8560    171.362     66.622  49583.322    31.2624     8.0738     66.000     8.0667    24.3303     5.6456     8.0681     83.623    246.144    252.133   -0.00654    6.75124    9.64820  294.34892   15.21131 3.6382e-02     0.5857     0.2248    94.5340 0.0000e+00
        694 302.771797    0.04813     2.8878    173.267     67.669  49615.861    31.2843     8.0716     67.000     8.0639    24.3478     5.6519     8.0772     83.725    246.416    252.416   -0.00208    6.75061    9.64729  294.31623   15.20966 3.6382e-02     0.4530     0.2250    94.5307 0.0000e+00
        696 302.771804    0.04829     2.8976    173.857     68.652  49648.857    31.3067     8.0700     68.000     8.0622    24.3655     5.6492     8.0734     83.694    246.295    252.297   -0.00205    6.74987    9.64624  294.27875   15.20778 3.6382e-02     0.5224     0.2237    94.5609 0.0000e+00
        700 302.771814    0.04853     2.9121    174.727     69.647  49652.863    31.3088     8.0686     69.000     8.0616    24.3674     5.6456     8.0682     83.639    246.135    252.133   -0.00206    6.74998    9.64639  294.28316   15.20798 3.6382e-02     0.5403     0.2254    94.5215 0.0000e+00
        707 302.771835    0.04904     2.9423    176.538     70.691  49655.716    31.3102     8.0678     70.000     8.0612    24.3686     5.6256     8.0395     83.342    245.262    251.239   -0.00355    6.75005    9.64650  294.28569   15.20810 3.6382e-02     0.5458     0.2239    94.5548 0.0000e+00
        711 302.771845    0.04929     2.9570    177.419     71.689  49669.434    31.3194     8.0682     71.000     8.0605    24.3759     5.6253     8.0392     83.343    245.249    251.226   -0.00261    6.74959    9.64583  294.26337   15.20699 3.6382e-02     0.5260     0.2264    94.4978 0.0000e+00
        714 302.771854    0.04949     2.9693    178.155     72.673  49692.978    31.3352     8.0670     72.000     8.0595    24.3885     5.6217     8.0340     83.296    245.087    251.064   -0.00240    6.74908    9.64511  294.23779   15.20571 3.6382e-02     0.5978     0.2274    94.4736 0.0000e+00
        721 302.771874    0.04998     2.9991    179.947     73.710  49693.553    31.3351     8.0663     73.000     8.0595    24.3884     5.6219     8.0343     83.298    245.099    251.076   -0.00135    6.74918    9.64524  294.24205   15.20592 3.6382e-02     0.4732     0.2244    94.5454 0.0000e+00
        726 302.771888    0.05032     3.0191    181.148     74.717  49686.963    31.3301     8.0670     74.000     8.0601    24.3845     5.6200     8.0315     83.268    245.015    250.990   -0.00124    6.74930    9.64543  294.24883   15.20626 3.6382e-02     0.5274     0.2232    94.5710 0.0000e+00
        729 302.771898    0.05056     3.0331    181.987     75.710  49710.553    31.3462     8.0674     75.000     8.0579    24.3970     5.6271     8.0417     83.382    245.320    251.305   -0.00016    6.74854    9.64434  294.21165   15.20442 3.6382e-02     0.5142     0.2239    94.5556 0.0000e+00
        734 302.771912    0.05087     3.0527    183.161     76.730  49778.084    31.3921     8.0618     76.000     8.0533    24.4338     5.6295     8.0451     83.433    245.418    251.414    0.00050    6.74736    9.64266  294.15005   15.20129 3.6382e-02     0.4517     0.2243    94.5456 0.0000e+00
        739 302.771926    0.05123     3.0737    184.423     77.744  49772.307    31.3874     8.0604     77.000     8.0535    24.4304     5.6220     8.0345     83.318    245.094    251.082   -0.00070    6.74778    9.64326  294.16930   15.20222 3.6382e-02     0.5389     0.2250    94.5304 0.0000e+00
        743 302.771939    0.05154     3.0922    185.532     78.748  49774.495    31.3885     8.0612     78.000     8.0534    24.4312     5.6088     8.0155     83.122    244.515    250.489   -0.00236    6.74762    9.64302  294.16180   15.20186 3.6382e-02     0.4843     0.2252    94.5257 0.0000e+00
        748 302.771954    0.05189     3.1138    186.826     79.755  49780.350    31.3922     8.0607     79.000     8.0531    24.4341     5.6060     8.0116     83.082    244.393    250.364   -0.00191    6.74754    9.64290  294.15754   15.20165 3.6382e-02     0.4621     0.2237    94.5607 0.0000e+00
        756 302.771976    0.05242     3.1455    188.732     80.773  49788.574    31.3974     8.0605     80.000     8.0524    24.4383     5.6021     8.0059     83.026    244.219    250.187   -0.00136    6.74733    9.64261  294.14732   15.20114 3.6382e-02     0.5159     0.2236    94.5632 0.0000e+00
