CTD-processing/allCTD/CNV/2012_06-05b_t4_s09b_cast112_5028.cnv
* Sea-Bird SBE19plus Data File:
* FileName = C:\Documents and Settings\glenn.seaman\My Documents\KHolderied-files\CTD-DATA-FILES\2012-CTD-KachemakBay\2012-06-05b-CTD-Tran4-Barabara-to-BluffPt\2012-06-05b-Tran4-Barabara-cast112.hex
* Software Version 1.59
* Temperature SN =  5028
* Conductivity SN =  5028
* System UpLoad Time = Jun 26 2012 23:57:50
** LTM-Transect4-BarabaraPt-to-BluffPt
** Date: 2012-06-05 High tide (2 of 2 lines)
** Station: 4-09b
** Start time (AKDT-24hr): 1723
** Depth (ft): 98
# nquan = 26
# nvalues = 28                          
# units = specified
# name 0 = scan: Scan Count
# name 1 = timeJ: Julian Days
# name 2 = timeH: Time, Elapsed [hours]
# name 3 = timeM: Time, Elapsed [minutes]
# name 4 = timeS: Time, Elapsed [seconds]
# name 5 = prdM: Pressure, Strain Gauge [db]
# name 6 = specc: Specific Conductance [uS/cm]
# name 7 = sal00: Salinity, Practical [PSU]
# name 8 = tv290C: Temperature [ITS-90, deg C]
# name 9 = depSM: Depth [salt water, m], lat = 59.00
# name 10 = potemp090C: Potential Temperature [ITS-90, deg C]
# name 11 = sigma-é00: Density [sigma-theta, kg/m^3]
# name 12 = sbeox0ML/L: Oxygen, SBE 43 [ml/l]
# name 13 = sbeox0Mg/L: Oxygen, SBE 43 [mg/l]
# name 14 = sbeox0PS: Oxygen, SBE 43 [% saturation]
# name 15 = sbox0Mm/Kg: Oxygen, SBE 43 [umol/kg]
# name 16 = sbeox0Mm/L: Oxygen, SBE 43 [umol/l]
# name 17 = sbox0dV/dT: Oxygen, SBE 43 [dov/dt]
# name 18 = oxsolML/L: Oxygen Saturation, Garcia & Gordon [ml/l]
# name 19 = oxsolMg/L: Oxygen Saturation, Garcia & Gordon [mg/l]
# name 20 = oxsolMm/Kg: Oxygen Saturation, Garcia & Gordon [umol/kg]
# name 21 = n2satMg/L: Nitrogen Saturation [mg/l]
# name 22 = par: PAR/Irradiance, Biospherical/Licor [umol photons/m^2/sec]
# name 23 = flECO-AFL: Fluorescence, WET Labs ECO-AFL/FL [mg/m^3]
# name 24 = upoly0: Upoly 0, ECO-FLNTUS
# name 25 = flag: flag
# span 0 =        224,        435       
# span 1 = 157.724614, 157.725225       
# span 2 =    0.01547,    0.03012       
# span 3 =     0.9280,     1.8072       
# span 4 =     55.682,    108.431       
# span 5 =      1.009,     28.266       
# span 6 =  44616.040,  50561.187       
# span 7 =    28.1177,    31.6679       
# span 8 =     6.3590,     8.0058       
# span 9 =      1.000,     28.000       
# span 10 =     6.3573,     8.0013      
# span 11 =    21.8713,    24.8769      
# span 12 =     7.0460,     8.1877      
# span 13 =    10.1550,    11.6575      
# span 14 =    103.574,    120.795      
# span 15 =    307.549,    357.006      
# span 16 =    314.677,    365.661      
# span 17 =   -0.01898,    0.00821      
# span 18 =    6.77993,    7.00429      
# span 19 =    9.71664,   10.00957      
# span 20 =  295.62904,  305.21873      
# span 21 =   15.31272,   15.72781      
# span 22 = 3.7200e-01, 4.6902e+02      
# span 23 =     1.9670,     9.1706      
# span 24 =  0.6098080,  5.2234472      
# span 25 = 0.0000e+00, 0.0000e+00      
# interval = meters: 1                  
# start_time = Jun 05 2012 17:22:31 [Instrument's time stamp, header]
# bad_flag = -9.990e-29
*END*
        224 157.724614    0.01547     0.9280     55.682      1.009  44616.040    28.1177     8.0058      1.000     8.0013    21.8713     7.0460    10.1550    103.574    307.549    314.677    0.00821    6.82624    9.88518  298.06026   15.61171 4.6902e+02     1.9670  5.2234472 0.0000e+00
        339 157.724949    0.02349     1.4097     84.581      2.019  49398.230    31.1268     7.8099      2.000     7.6016    24.2588     8.1877    11.6575    120.795    357.006    365.661    0.00723    6.77993    9.71664  295.62904   15.31272 3.3004e+02     2.6850  1.0562723 0.0000e+00
        347 157.724971    0.02403     1.4419     86.515      3.028  49813.932    31.3293     7.3393      3.000     7.1096    24.4819     8.0912    11.5604    117.814    352.725    361.354   -0.00676    6.86935    9.80820  299.45779   15.44180 2.3463e+02     3.6343  0.8125403 0.0000e+00
        351 157.724982    0.02429     1.4570     87.419      4.038  50105.553    31.4673     6.9589      4.000     6.8183    24.6413     7.9301    11.4136    114.352    345.627    354.156   -0.01898    6.93548    9.88512  302.27793   15.55094 1.6531e+02     5.0929  0.6963985 0.0000e+00
        354 157.724992    0.02453     1.4717     88.302      5.047  50293.047    31.5617     6.7532      5.000     6.6835    24.7427     7.9571    11.3901    114.341    346.767    355.361   -0.01670    6.95920    9.92572  303.28042   15.60820 1.1824e+02     6.7883  0.6516263 0.0000e+00
        358 157.725002    0.02477     1.4866     89.195      6.057  50392.152    31.6113     6.6448      6.000     6.6100    24.7960     8.0025    11.3847    114.871    348.735    357.392   -0.01176    6.96654    9.94714  303.58865   15.63840 8.4141e+01     8.3069  0.6378382 0.0000e+00
        361 157.725012    0.02501     1.5006     90.034      7.066  50426.625    31.6251     6.5897      7.000     6.5602    24.8141     7.9389    11.3142    113.900    345.964    354.552   -0.01311    6.97012    9.95884  303.74583   15.65512 6.0164e+01     9.1706  0.6355982 0.0000e+00
        365 157.725022    0.02525     1.5151     90.908      8.075  50450.260    31.6320     6.5401      8.000     6.5147    24.8259     7.8343    11.2035    112.273    341.403    349.879   -0.01694    6.97794    9.96982  304.08507   15.67089 4.3716e+01     9.1601  0.6254099 0.0000e+00
        368 157.725033    0.02550     1.5299     91.795      9.085  50475.807    31.6418     6.4991      9.000     6.4818    24.8388     7.7573    11.1052    111.070    338.046    346.444   -0.01857    6.98424    9.97868  304.35520   15.68354 3.2362e+01     8.1620  0.6098080 0.0000e+00
        372 157.725042    0.02573     1.5438     92.626     10.095  50491.560    31.6476     6.4739     10.000     6.4606    24.8466     7.7059    11.0349    110.285    335.802    344.147   -0.01869    6.98727    9.98412  304.48527   15.69133 2.4439e+01     7.6155  0.6215993 0.0000e+00
        375 157.725052    0.02597     1.5584     93.502     11.104  50503.209    31.6513     6.4529     11.000     6.4412    24.8521     7.6711    10.9827    109.745    334.282    342.591   -0.01771    6.98994    9.98874  304.60053   15.69796 1.8519e+01     7.2526  0.6170621 0.0000e+00
        378 157.725062    0.02621     1.5725     94.352     12.113  50512.452    31.6540     6.4349     12.000     6.4240    24.8564     7.6465    10.9519    109.350    333.211    341.494   -0.01648    6.99275    9.99278  304.72178   15.70375 1.4232e+01     7.1496  0.6220824 0.0000e+00
        382 157.725071    0.02645     1.5867     95.203     13.123  50522.326    31.6573     6.4186     13.000     6.4095    24.8611     7.6475    10.9462    109.324    333.251    341.536   -0.01422    6.99528    9.99633  304.83044   15.70883 1.0996e+01     6.7856  0.6218830 0.0000e+00
        385 157.725082    0.02669     1.6012     96.075     14.132  50529.744    31.6595     6.4053     14.000     6.3973    24.8645     7.6614    10.9582    109.491    333.858    342.159   -0.01142    6.99730    9.99931  304.91767   15.71310 8.5678e+00     6.4072  0.6260508 0.0000e+00
        389 157.725092    0.02692     1.6154     96.923     15.142  50536.258    31.6614     6.3943     15.000     6.3878    24.8674     7.6794    10.9781    109.721    334.643    342.965   -0.00900    6.99906   10.00174  304.99375   15.71659 6.7117e+00     6.2486  0.6244953 0.0000e+00
        392 157.725101    0.02716     1.6296     97.777     16.151  50541.881    31.6633     6.3859     16.000     6.3810    24.8699     7.7012    11.0019    110.013    335.591    343.937   -0.00655    7.00024   10.00357  305.04419   15.71920 5.2737e+00     6.2958  0.6366816 0.0000e+00
        395 157.725111    0.02739     1.6436     98.618     17.161  50545.436    31.6642     6.3803     17.000     6.3759    24.8714     7.7060    11.0183    110.070    335.795    344.147   -0.00539    7.00092   10.00483  305.07318   15.72100 4.1860e+00     6.2168  0.6459358 0.0000e+00
        399 157.725121    0.02763     1.6578     99.469     18.171  50547.885    31.6645     6.3753     18.000     6.3707    24.8722     7.7214    11.0423    110.280    336.468    344.837   -0.00400    7.00157   10.00597  305.10165   15.72264 3.3273e+00     5.9641  0.6484981 0.0000e+00
        402 157.725131    0.02787     1.6719    100.317     19.180  50550.263    31.6647     6.3700     19.000     6.3651    24.8730     7.7541    11.0772    110.732    337.892    346.296   -0.00183    7.00253   10.00720  305.14338   15.72442 2.6472e+00     5.6779  0.6626886 0.0000e+00
        406 157.725141    0.02810     1.6861    101.166     20.190  50554.237    31.6660     6.3648     20.000     6.3609    24.8747     7.7795    11.1071    111.081    338.999    347.432   -0.00035    7.00348   10.00832  305.18395   15.72603 2.1247e+00     5.2792  0.6791604 0.0000e+00
        409 157.725151    0.02834     1.7003    102.019     21.199  50556.974    31.6668     6.3615     21.000     6.3584    24.8758     7.7933    11.1258    111.270    339.601    348.049    0.00035    7.00398   10.00906  305.20538   15.72708 1.7049e+00     4.8861  0.6808771 0.0000e+00
        412 157.725160    0.02857     1.7142    102.851     22.209  50558.916    31.6673     6.3597     22.000     6.3573    24.8765     7.7908    11.1308    111.230    339.493    347.939    0.00016    7.00422   10.00944  305.21584   15.72763 1.3742e+00     4.7813  0.6853370 0.0000e+00
        416 157.725170    0.02881     1.7283    103.698     23.218  50560.317    31.6677     6.3590     23.000     6.3573    24.8768     7.7848    11.1330    111.143    339.231    347.670   -0.00025    7.00429   10.00957  305.21873   15.72781 1.1071e+00     4.9228  0.6807695 0.0000e+00
        419 157.725180    0.02904     1.7421    104.524     24.228  50561.187    31.6679     6.3596     24.000     6.3582    24.8769     7.7893    11.1434    111.211    339.428    347.872   -0.00008    7.00406   10.00943  305.20868   15.72759 8.9095e-01     5.0794  0.6737166 0.0000e+00
        422 157.725189    0.02927     1.7562    105.375     25.238  50560.765    31.6674     6.3607     25.000     6.3590    24.8764     7.8098    11.1678    111.509    340.320    348.786    0.00087    7.00378   10.00919  305.19665   15.72726 7.2020e-01     5.1569  0.6742115 0.0000e+00
        426 157.725200    0.02951     1.7709    106.252     26.247  50560.501    31.6668     6.3613     26.000     6.3593    24.8759     7.8354    11.1992    111.876    341.437    349.930    0.00198    7.00371   10.00907  305.19369   15.72710 5.8034e-01     5.0071  0.6779810 0.0000e+00
        430 157.725210    0.02977     1.7865    107.187     27.257  50560.729    31.6665     6.3616     27.000     6.3593    24.8756     7.8571    11.2326    112.184    342.380    350.896    0.00269    7.00372   10.00905  305.19412   15.72707 4.6722e-01     4.7144  0.6798418 0.0000e+00
        435 157.725225    0.03012     1.8072    108.431     28.266  50561.183    31.6664     6.3615     28.000     6.3590    24.8755     7.8984    11.2913    112.774    344.180    352.742    0.00392    7.00375   10.00908  305.19550   15.72712 3.7200e-01     4.4790  0.6870697 0.0000e+00
