CTD-processing/allCTD/CNV/2012_02-14_t9_s05_cast268_5028.cnv
* Sea-Bird SBE19plus Data File:
* FileName = C:\Documents and Settings\glenn.seaman\My Documents\KHolderied-files\CTD-DATA-FILES\2011-KBay-CTD\2012-02-14-HomerSpit-CTD\2012-02-14-HomerSpit-cast268.hex
* Software Version 1.59
* Temperature SN =  5028
* Conductivity SN =  5028
* System UpLoad Time = Apr 29 2012 19:12:26
** Cruise:Homer Spit Transect
** Station: 05
** Date:2012-02-14
** Start time (AK local):1301
** Depth (feet): 309
# nquan = 26
# nvalues = 83                          
# units = specified
# name 0 = scan: Scan Count
# name 1 = timeJ: Julian Days
# name 2 = timeH: Time, Elapsed [hours]
# name 3 = timeM: Time, Elapsed [minutes]
# name 4 = timeS: Time, Elapsed [seconds]
# name 5 = prdM: Pressure, Strain Gauge [db]
# name 6 = specc: Specific Conductance [uS/cm]
# name 7 = sal00: Salinity, Practical [PSU]
# name 8 = tv290C: Temperature [ITS-90, deg C]
# name 9 = depSM: Depth [salt water, m], lat = 59.00
# name 10 = potemp090C: Potential Temperature [ITS-90, deg C]
# name 11 = sigma-é00: Density [sigma-theta, kg/m^3]
# name 12 = sbeox0ML/L: Oxygen, SBE 43 [ml/l]
# name 13 = sbeox0Mg/L: Oxygen, SBE 43 [mg/l]
# name 14 = sbeox0PS: Oxygen, SBE 43 [% saturation]
# name 15 = sbox0Mm/Kg: Oxygen, SBE 43 [umol/kg]
# name 16 = sbeox0Mm/L: Oxygen, SBE 43 [umol/l]
# name 17 = sbox0dV/dT: Oxygen, SBE 43 [dov/dt]
# name 18 = oxsolML/L: Oxygen Saturation, Garcia & Gordon [ml/l]
# name 19 = oxsolMg/L: Oxygen Saturation, Garcia & Gordon [mg/l]
# name 20 = oxsolMm/Kg: Oxygen Saturation, Garcia & Gordon [umol/kg]
# name 21 = n2satMg/L: Nitrogen Saturation [mg/l]
# name 22 = par: PAR/Irradiance, Biospherical/Licor [umol photons/m^2/sec]
# name 23 = flECO-AFL: Fluorescence, WET Labs ECO-AFL/FL [mg/m^3]
# name 24 = upoly0: Upoly 0, ECO-FLNTUS
# name 25 = flag: flag
# span 0 =        368,        574       
# span 1 =  45.919245,  45.919841       
# span 2 =    0.02547,    0.03980       
# span 3 =     1.5278,     2.3880       
# span 4 =     91.672,    143.281       
# span 5 =      1.010,     83.800       
# span 6 =  52182.250,  52423.082       
# span 7 =    31.3159,    31.6390       
# span 8 =     0.2970,     1.4598       
# span 9 =      1.000,     83.000       
# span 10 =     0.2994,     1.4806      
# span 11 =    25.1198,    25.3204      
# span 12 =     6.9791,     7.5476      
# span 13 =    10.0042,    10.7731      
# span 14 =     85.832,     94.654      
# span 15 =    304.026,    328.772      
# span 16 =    311.686,    337.074      
# span 17 =   -0.00135,    0.00742      
# span 18 =    7.89262,    8.15689      
# span 19 =   11.28578,   11.65550      
# span 20 =  343.78369,  355.36144      
# span 21 =   17.57136,   18.10989      
# span 22 = 3.7490e-02, 4.8142e+01      
# span 23 =     0.1846,     0.2942      
# span 24 =  1.3771299,  1.7271582      
# span 25 = 0.0000e+00, 0.0000e+00      
# interval = meters: 1                  
# start_time = Feb 14 2012 22:02:11 [Instrument's time stamp, header]
# bad_flag = -9.990e-29
*END*
[from data line 56]
        508  45.919651    0.03522     2.1134    126.803     57.546  52283.843    31.5486     1.2136     57.000     1.2017    25.2584     7.4211    10.6127     93.328    323.262    331.427   -0.00112    7.95166   11.36336  346.37149   17.68458 3.7490e-02     0.2250  1.4502392 0.0000e+00
        511  45.919658    0.03539     2.1235    127.410     58.557  52291.238    31.5493     1.2021     58.000     1.1906    25.2597     7.4162    10.6091     93.246    323.044    331.205   -0.00135    7.95330   11.36670  346.44221   17.68939 3.7490e-02     0.2248  1.4663487 0.0000e+00
        513  45.919664    0.03556     2.1336    128.017     59.566  52292.885    31.5462     1.1907     59.000     1.1765    25.2580     7.4229    10.6134     93.313    323.341    331.508   -0.00109    7.95485   11.37026  346.51039   17.69458 3.7490e-02     0.2202  1.4826239 0.0000e+00
        516  45.919672    0.03573     2.1438    128.626     60.576  52291.886    31.5403     1.1760     60.000     1.1566    25.2540     7.4339    10.6211     93.415    323.821    331.998   -0.00072    7.95789   11.37502  346.64554   17.70156 3.7490e-02     0.2109  1.4980363 0.0000e+00
        518  45.919679    0.03590     2.1539    129.235     61.585  52294.415    31.5346     1.1546     61.000     1.1321    25.2508     7.4390    10.6257     93.407    324.046    332.226   -0.00070    7.96413   11.38174  346.92048   17.71135 3.7490e-02     0.2094  1.4905668 0.0000e+00
        520  45.919686    0.03607     2.1641    129.844     62.595  52311.054    31.5374     1.1303     62.000     1.1116    25.2545     7.4357    10.6257     93.288    323.900    332.079   -0.00102    7.97069   11.38863  347.20381   17.72123 3.7490e-02     0.2123  1.4716945 0.0000e+00
        523  45.919693    0.03624     2.1742    130.454     63.604  52328.569    31.5425     1.1115     63.000     1.0977    25.2596     7.4310    10.6251     93.184    323.691    331.868   -0.00131    7.97454   11.39374  347.36803   17.72851 3.7490e-02     0.2121  1.4658130 0.0000e+00
        525  45.919700    0.03641     2.1844    131.063     64.614  52341.557    31.5463     1.0982     64.000     1.0879    25.2634     7.4314    10.6281     93.164    323.707    331.885   -0.00131    7.97667   11.39733  347.45933   17.73363 3.7490e-02     0.2087  1.4680372 0.0000e+00
        528  45.919707    0.03658     2.1946    131.673     65.624  52350.673    31.5489     1.0888     65.000     1.0805    25.2660     7.4389    10.6361     93.241    324.031    332.217   -0.00103    7.97804   11.39990  347.51824   17.73729 3.7490e-02     0.2060  1.4714228 0.0000e+00
        530  45.919714    0.03675     2.2047    132.283     66.634  52357.851    31.5509     1.0821     66.000     1.0753    25.2680     7.4502    10.6477     93.371    324.524    332.724   -0.00062    7.97912   11.40170  347.56517   17.73984 3.7490e-02     0.2079  1.4674355 0.0000e+00
        533  45.919721    0.03691     2.2149    132.892     67.643  52364.899    31.5535     1.0772     67.000     1.0720    25.2704     7.4633    10.6602     93.527    325.096    333.311   -0.00015    7.97989   11.40294  347.59775   17.74159 3.7490e-02     0.2040  1.4674451 0.0000e+00
        535  45.919728    0.03708     2.2250    133.501     68.653  52370.891    31.5560     1.0744     68.000     1.0707    25.2726     7.4702    10.6684     93.612    325.398    333.622    0.00009    7.98008   11.40353  347.60527   17.74241 3.7490e-02     0.1942  1.4778114 0.0000e+00
        537  45.919735    0.03725     2.2351    134.109     69.663  52374.823    31.5577     1.0733     69.000     1.0704    25.2741     7.4726    10.6725     93.644    325.501    333.728    0.00014    7.97987   11.40372  347.59515   17.74265 3.7490e-02     0.1976  1.4941638 0.0000e+00
        540  45.919742    0.03742     2.2453    134.717     70.673  52376.188    31.5580     1.0730     70.000     1.0695    25.2743     7.4697    10.6724     93.609    325.374    333.598    0.00001    7.97966   11.40378  347.58637   17.74274 3.7490e-02     0.2016  1.5081794 0.0000e+00
        542  45.919749    0.03759     2.2554    135.326     71.683  52376.445    31.5573     1.0721     71.000     1.0673    25.2737     7.4686    10.6720     93.589    325.328    333.549   -0.00009    7.98024   11.40413  347.61320   17.74326 3.7490e-02     0.2034  1.5173401 0.0000e+00
        545  45.919756    0.03776     2.2656    135.934     72.693  52379.501    31.5580     1.0697     72.000     1.0656    25.2745     7.4684    10.6714     93.565    325.323    333.543   -0.00019    7.98215   11.40478  347.69764   17.74417 3.7490e-02     0.2062  1.5107400 0.0000e+00
        547  45.919763    0.03793     2.2757    136.541     73.702  52392.825    31.5661     1.0691     73.000     1.0722    25.2810     7.4636    10.6687     93.483    325.107    333.324   -0.00041    7.98392   11.40432  347.77203   17.74337 3.7490e-02     0.2053  1.5088179 0.0000e+00
        550  45.919770    0.03810     2.2858    137.148     74.712  52411.371    31.5804     1.0772     74.000     1.0917    25.2920     7.4584    10.6668     93.436    324.876    333.093   -0.00060    7.98242   11.40083  347.70052   17.73810 3.7490e-02     0.1948  1.5289340 0.0000e+00
        552  45.919777    0.03826     2.2960    137.758     75.721  52423.082    31.5950     1.1004     75.000     1.1246    25.3024     7.4585    10.6698     93.516    324.876    333.098   -0.00036    7.97566   11.39289  347.40042   17.72640 3.7490e-02     0.1860  1.5490255 0.0000e+00
        554  45.919784    0.03843     2.3062    138.371     76.731  52422.018    31.6046     1.1344     76.000     1.1631    25.3082     7.4688    10.6800     93.760    325.319    333.556    0.00034    7.96589   11.38213  346.97246   17.71072 3.7490e-02     0.1846  1.5697035 0.0000e+00
        557  45.919792    0.03861     2.3165    138.989     77.741  52406.464    31.6062     1.1736     77.000     1.2005    25.3071     7.4884    10.6957     94.120    326.178    334.434    0.00131    7.95630   11.37056  346.55730   17.69399 3.7490e-02     0.1906  1.5995476 0.0000e+00
        559  45.919798    0.03878     2.3269    139.613     78.751  52390.895    31.6072     1.2109     78.000     1.2358    25.3057     7.5054    10.7084     94.425    326.917    335.190    0.00213    7.94854   11.35958  346.22096   17.67814 3.7490e-02     0.1994  1.6353955 0.0000e+00
        562  45.919806    0.03896     2.3374    140.245     79.761  52378.997    31.6099     1.2464     79.000     1.2712    25.3058     7.5040    10.7079     94.484    326.858    335.129    0.00215    7.94212   11.34903  345.94243   17.66288 3.7490e-02     0.2047  1.6638296 0.0000e+00
        565  45.919814    0.03914     2.3481    140.889     80.771  52372.421    31.6165     1.2826     80.000     1.3111    25.3088     7.4893    10.6969     94.374    326.220    334.474    0.00162    7.93585   11.33796  345.66840   17.64680 3.7490e-02     0.1993  1.6710599 0.0000e+00
        567  45.919821    0.03933     2.3593    141.557     81.781  52374.938    31.6315     1.3269     81.000     1.3653    25.3181     7.4714    10.6814     94.265    325.432    333.674    0.00112    7.92594   11.32394  345.22917   17.62633 3.7490e-02     0.1986  1.6680018 0.0000e+00
        570  45.919829    0.03952     2.3713    142.280     82.791  52358.029    31.6390     1.3887     82.000     1.4268    25.3204     7.4602    10.6695     94.326    324.941    333.173    0.00114    7.90896   11.30541  344.48747   17.59947 3.7490e-02     0.2000  1.6798938 0.0000e+00
        574  45.919841    0.03980     2.3880    143.281     83.800  52307.521    31.6269     1.4598     83.000     1.4806    25.3063     7.4707    10.6646     94.654    325.405    333.640    0.00193    7.89262   11.28578  343.78369   17.57136 3.7490e-02     0.1973  1.7200336 0.0000e+00
