CTD-processing/allCTD/CNV/2012_09-21_t9_s03_repeat2_cast161_4141.cnv
* Sea-Bird SBE19plus Data File:
* FileName = C:\Documents and Settings\kris.holderied.local\My Documents\2012-CTD-DATA-new-files\2012-09-21-CTD-HomerSpit-tide-time-series-KBRRctd\2012-09-21-CTD-HomerSpit-tide-repeat2\2012-09-21-HomerSpit-tide-repeat2161.hex
* Software Version 1.54
* Temperature SN =  4141
* Conductivity SN =  4141
* System UpLoad Time = Oct 11 2012 18:33:54
** Kachemak Bay Homer Spit Line - Tidal repeat2
** Date:  2012-09-21
** Station: 9-03
** Start time (AKDT-24 hr): 1159
** Depth (ft): 310
** Comment:Brown turbid water
# nquan = 27
# nvalues = 89                          
# units = specified
# name 0 = scan: Scan Count
# name 1 = timeJ: Julian Days
# name 2 = timeH: Time, Elapsed [hours]
# name 3 = timeM: Time, Elapsed [minutes]
# name 4 = timeS: Time, Elapsed [seconds]
# name 5 = prdM: Pressure, Strain Gauge [db]
# name 6 = specc: Specific Conductance [uS/cm]
# name 7 = sal00: Salinity, Practical [PSU]
# name 8 = tv290C: Temperature [ITS-90, deg C]
# name 9 = depSM: Depth [salt water, m], lat = 59.00
# name 10 = potemp090C: Potential Temperature [ITS-90, deg C]
# name 11 = sigma-é00: Density [sigma-theta, kg/m^3]
# name 12 = sbeox0ML/L: Oxygen, SBE 43 [ml/l]
# name 13 = sbeox0Mg/L: Oxygen, SBE 43 [mg/l]
# name 14 = sbeox0PS: Oxygen, SBE 43 [% saturation]
# name 15 = sbox0Mm/Kg: Oxygen, SBE 43 [umol/kg]
# name 16 = sbeox0Mm/L: Oxygen, SBE 43 [umol/l]
# name 17 = sbox0dV/dT: Oxygen, SBE 43 [dov/dt]
# name 18 = oxsolML/L: Oxygen Saturation, Garcia & Gordon [ml/l]
# name 19 = oxsolMg/L: Oxygen Saturation, Garcia & Gordon [mg/l]
# name 20 = oxsolMm/Kg: Oxygen Saturation, Garcia & Gordon [umol/kg]
# name 21 = n2satMg/L: Nitrogen Saturation [mg/l]
# name 22 = par: PAR/Irradiance, Biospherical/Licor
# name 23 = wetStar: Fluorescence, WET Labs WETstar [mg/m^3]
# name 24 = CStarAt0: Beam Attenuation, WET Labs C-Star [1/m]
# name 25 = CStarTr0: Beam Transmission, WET Labs C-Star [%]
# name 26 = flag: flag
# span 0 =        298,        623       
# span 1 = 265.500525, 265.501463       
# span 2 =    0.02065,    0.04317       
# span 3 =     1.2387,     2.5900       
# span 4 =     74.324,    155.402       
# span 5 =      1.015,     89.829       
# span 6 =  43639.174,  48754.475       
# span 7 =    27.3469,    30.8623       
# span 8 =     9.3901,     9.6574       
# span 9 =      1.000,     89.000       
# span 10 =     9.3749,     9.6566      
# span 11 =    21.0600,    23.8215      
# span 12 =     5.2918,     5.9363      
# span 13 =     7.5624,     8.4836      
# span 14 =     80.518,     88.762      
# span 15 =    230.832,    259.648      
# span 16 =    236.330,    265.116      
# span 17 =   -0.01414,    0.00410      
# span 18 =    6.54909,    6.70654      
# span 19 =    9.35931,    9.58431      
# span 20 =  285.75912,  293.33628      
# span 21 =   14.80385,   15.17915      
# span 22 = 6.5999e-02, 3.7066e+02      
# span 23 =     0.4685,     1.6882      
# span 24 =     0.5838,     4.6232      
# span 25 =    31.4822,    86.4202      
# span 26 = 0.0000e+00, 0.0000e+00      
# interval = meters: 1                  
# start_time = Sep 21 2012 11:59:31 [Instrument's time stamp, header]
# bad_flag = -9.990e-29
*END*
        298 265.500525    0.02065     1.2387     74.324      1.015  43639.174    27.3469     9.4974      1.000     9.4712    21.0600     5.9363     8.4836     88.515    259.648    265.116   -0.00036    6.70654    9.58431  293.33628   15.17915 3.7066e+02     0.5959     4.6232    31.4822 0.0000e+00
        304 265.500541    0.02105     1.2633     75.796      2.029  44318.103    27.8091     9.4324      2.000     9.4332    21.4303     5.8992     8.4304     88.095    257.927    263.455   -0.00467    6.69633    9.56971  292.78346   15.15081 7.1373e+01     0.5960     4.6015    31.6523 0.0000e+00
        308 265.500553    0.02133     1.2795     76.771      3.026  45152.655    28.3901     9.4509      3.000     9.4708    21.8807     5.8961     8.4261     88.416    257.681    263.319   -0.00046    6.66860    9.53010  291.44291   15.08435 3.2902e+01     0.8465     3.6354    40.4326 0.0000e+00
        312 265.500565    0.02162     1.2972     77.829      4.048  45627.780    28.7255     9.4968      4.000     9.5083    22.1356     5.9004     8.4323     88.762    257.806    263.512    0.00329    6.64743    9.49984  290.44492   15.03527 1.5751e+01     1.2169     2.6500    51.5179 0.0000e+00
        316 265.500575    0.02185     1.3110     78.658      5.036  45641.485    28.7362     9.5093      5.000     9.5098    22.1420     5.8780     8.4002     88.455    256.824    262.510    0.00015    6.64513    9.49655  290.34267   15.03033 9.5752e+00     1.5832     2.2784    56.5774 0.0000e+00
        320 265.500587    0.02215     1.3291     79.749      6.073  45888.575    28.9085     9.5146      6.000     9.5212    22.2757     5.8286     8.3296     87.820    254.631    260.303   -0.00641    6.63700    9.48493  289.94931   15.01083 5.9876e+00     1.5220     2.0571    59.7844 0.0000e+00
        323 265.500596    0.02236     1.3416     80.497      7.050  46089.856    29.0496     9.5250      7.000     9.5359    22.3842     5.8059     8.2972     87.578    253.614    259.291   -0.00755    6.62942    9.47411  289.58791   14.99297 3.8005e+00     1.5048     1.9386    61.5956 0.0000e+00
        328 265.500610    0.02268     1.3607     81.644      8.084  47297.273    29.8997     9.5820      8.000     9.6234    23.0387     5.7793     8.2592     87.765    252.292    258.105   -0.00347    6.58498    9.41059  287.46239   14.88788 2.4857e+00     1.4376     1.2873    72.6155 0.0000e+00
        331 265.500620    0.02294     1.3764     82.585      9.082  47456.791    30.0184     9.6406      9.000     9.6471    23.1222     5.7771     8.2560     87.913    252.173    258.004   -0.00112    6.57143    9.39123  286.84741   14.85799 1.8685e+00     1.3707     0.9250    79.3847 0.0000e+00
        335 265.500631    0.02319     1.3917     83.499     10.096  47507.050    30.0545     9.6511     10.000     9.6520    23.1487     5.7607     8.2326     87.703    251.452    257.273   -0.00163    6.56839    9.38688  286.70727   14.85114 1.5064e+00     1.6833     0.8021    81.8299 0.0000e+00
        339 265.500641    0.02345     1.4074     84.441     11.104  47641.682    30.1490     9.6550     11.000     9.6553    23.2218     5.7300     8.1887     87.297    250.093    255.901   -0.00599    6.56383    9.38037  286.48802   14.84028 1.2173e+00     1.5906     0.7103    83.7311 0.0000e+00
        343 265.500653    0.02372     1.4230     85.379     12.114  47644.342    30.1507     9.6573     12.000     9.6566    23.2228     5.7264     8.1835     87.246    249.935    255.739   -0.00487    6.56343    9.37980  286.47019   14.83943 9.6912e-01     1.6882     0.6870    84.2182 0.0000e+00
        346 265.500664    0.02398     1.4389     86.336     13.122  47675.900    30.1724     9.6574     13.000     9.6545    23.2398     5.7292     8.1875     87.301    250.053    255.864   -0.00280    6.56250    9.37847  286.42472   14.83716 7.8310e-01     1.5576     0.6757    84.4581 0.0000e+00
        350 265.500675    0.02426     1.4552     87.313     14.135  47722.538    30.2044     9.6545     14.000     9.6517    23.2652     5.7189     8.1729     87.158    249.600    255.407   -0.00311    6.56157    9.37715  286.37733   14.83476 6.4101e-01     1.4416     0.6620    84.7483 0.0000e+00
        354 265.500686    0.02450     1.4703     88.220     15.137  47840.378    30.2863     9.6523     15.000     9.6502    23.3295     5.7099     8.1601     87.062    249.193    255.006   -0.00351    6.55843    9.37265  286.22218   14.82701 5.2156e-01     1.6867     0.6714    84.5474 0.0000e+00
        358 265.500697    0.02479     1.4873     89.239     16.154  47865.155    30.3032     9.6519     16.000     9.6504    23.3427     5.7023     8.1491     86.955    248.856    254.666   -0.00307    6.55777    9.37172  286.18968   14.82539 4.2338e-01     1.3642     0.6730    84.5152 0.0000e+00
        362 265.500709    0.02507     1.5041     90.247     17.161  47857.548    30.2974     9.6519     17.000     9.6500    23.3383     5.6905     8.1323     86.772    248.342    254.138   -0.00407    6.55802    9.37207  286.20162   14.82598 3.4711e-01     1.3350     0.6731    84.5116 0.0000e+00
        366 265.500720    0.02535     1.5207     91.245     18.175  47855.131    30.2953     9.6519     18.000     9.6500    23.3366     5.6911     8.1332     86.779    248.369    254.165   -0.00279    6.55812    9.37220  286.20642   14.82622 2.8482e-01     1.3506     0.6777    84.4158 0.0000e+00
        369 265.500730    0.02559     1.5352     92.114     19.177  47861.175    30.2993     9.6524     19.000     9.6516    23.3396     5.6884     8.1294     86.742    248.251    254.046   -0.00218    6.55787    9.37186  286.19498   14.82566 2.3674e-01     1.2877     0.6834    84.2956 0.0000e+00
        373 265.500742    0.02585     1.5509     93.054     20.188  47872.232    30.3069     9.6551     20.000     9.6537    23.3452     5.6797     8.1169     86.618    247.868    253.655   -0.00297    6.55716    9.37085  286.16255   14.82408 2.0009e-01     1.1897     0.6709    84.5601 0.0000e+00
        377 265.500753    0.02613     1.5677     94.063     21.201  47881.194    30.3130     9.6564     21.000     9.6541    23.3497     5.6848     8.1242     86.702    248.092    253.885   -0.00134    6.55672    9.37021  286.14179   14.82305 1.7123e-01     1.1942     0.6742    84.4904 0.0000e+00
        381 265.500765    0.02640     1.5841     95.043     22.206  47903.531    30.3282     9.6562     22.000     9.6536    23.3617     5.6890     8.1301     86.774    248.270    254.071   -0.00031    6.55611    9.36934  286.11178   14.82156 1.4658e-01     1.2028     0.6823    84.3190 0.0000e+00
        385 265.500776    0.02670     1.6017     96.100     23.221  47902.898    30.3273     9.6561     23.000     9.6537    23.3610     5.6948     8.1385     86.863    248.526    254.331    0.00065    6.55617    9.36942  286.11444   14.82169 1.2788e-01     1.1295     0.6849    84.2632 0.0000e+00
        389 265.500788    0.02696     1.6175     97.051     24.280  47898.495    30.3237     9.6566     24.000     9.6538    23.3582     5.6878     8.1285     86.753    248.219    254.017   -0.00035    6.55623    9.36952  286.11838   14.82189 1.1367e-01     1.1707     0.6954    84.0417 0.0000e+00
        391 265.500794    0.02711     1.6270     97.623     25.218  47919.158    30.3379     9.6564     25.000     9.6531    23.3693     5.6868     8.1271     86.746    248.174    253.973   -0.00096    6.55568    9.36872  286.09076   14.82051 1.0354e-01     1.2403     0.7038    83.8655 0.0000e+00
        395 265.500804    0.02736     1.6414     98.484     26.243  47971.716    30.3742     9.6552     26.000     9.6516    23.3978     5.6883     8.1291     86.786    248.229    254.037   -0.00033    6.55431    9.36677  286.02340   14.81714 9.5407e-02     1.2126     0.7212    83.5021 0.0000e+00
        399 265.500815    0.02763     1.6577     99.459     27.257  47990.814    30.3870     9.6543     27.000     9.6518    23.4080     5.6870     8.1272     86.772    248.170    253.980   -0.00035    6.55389    9.36617  286.00200   14.81607 8.9154e-02     1.1809     0.7090    83.7570 0.0000e+00
        403 265.500827    0.02789     1.6735    100.410     28.267  47990.566    30.3866     9.6549     28.000     9.6518    23.4075     5.6784     8.1150     86.643    247.798    253.598   -0.00142    6.55384    9.36609  285.99990   14.81597 8.3778e-02     1.1177     0.7067    83.8055 0.0000e+00
        406 265.500837    0.02814     1.6885    101.309     29.278  47987.813    30.3842     9.6548     29.000     9.6519    23.4057     5.6708     8.1043     86.526    247.469    253.262   -0.00252    6.55395    9.36625  286.00502   14.81623 8.0383e-02     1.1090     0.7224    83.4754 0.0000e+00
        410 265.500847    0.02837     1.7025    102.151     30.282  48022.393    30.4081     9.6552     30.000     9.6514    23.4243     5.6780     8.1144     86.649    247.776    253.580   -0.00096    6.55289    9.36474  285.95392   14.81369 7.7496e-02     1.1365     0.7303    83.3111 0.0000e+00
        413 265.500857    0.02863     1.7179    103.075     31.291  48046.606    30.4246     9.6542     31.000     9.6502    23.4373     5.6868     8.1270     86.790    248.155    253.972    0.00077    6.55234    9.36394  285.92597   14.81229 7.5235e-02     1.0207     0.7342    83.2314 0.0000e+00
        417 265.500869    0.02891     1.7347    104.079     32.309  48059.506    30.4330     9.6528     32.000     9.6474    23.4442     5.6862     8.1261     86.783    248.128    253.946    0.00050    6.55217    9.36372  285.91720   14.81183 7.3489e-02     1.0486     0.7234    83.4559 0.0000e+00
        421 265.500880    0.02916     1.7496    104.978     33.314  48096.651    30.4580     9.6482     33.000     9.6403    23.4645     5.6769     8.1129     86.648    247.721    253.534   -0.00090    6.55179    9.36316  285.89464   14.81065 7.1996e-02     1.1998     0.7605    82.6857 0.0000e+00
        424 265.500889    0.02941     1.7646    105.874     34.320  48109.620    30.4660     9.6425     34.000     9.6387    23.4716     5.6656     8.0968     86.469    247.226    253.029   -0.00257    6.55229    9.36388  285.91434   14.81156 7.0853e-02     1.1974     0.7062    83.8153 0.0000e+00
        428 265.500901    0.02968     1.7810    106.858     35.336  48106.477    30.4632     9.6405     35.000     9.6334    23.4697     5.6602     8.0889     86.379    246.986    252.782   -0.00284    6.55269    9.36446  285.93252   14.81244 7.0105e-02     1.0115     0.6899    84.1592 0.0000e+00
        432 265.500912    0.02995     1.7970    107.822     36.344  48112.337    30.4662     9.6358     36.000     9.6313    23.4729     5.6555     8.0822     86.300    246.781    252.573   -0.00262    6.55324    9.36523  285.95539   14.81352 6.9660e-02     1.0301     0.6617    84.7544 0.0000e+00
        436 265.500923    0.03022     1.8130    108.778     37.352  48118.218    30.4698     9.6348     37.000     9.6325    23.4758     5.6493     8.0733     86.206    246.508    252.296   -0.00294    6.55324    9.36523  285.95440   14.81346 6.8958e-02     0.9699     0.6759    84.4540 0.0000e+00
        440 265.500935    0.03049     1.8289    109.735     38.362  48144.783    30.4885     9.6389     38.000     9.6376    23.4899     5.6507     8.0754     86.246    246.569    252.360   -0.00183    6.55186    9.36325  285.89015   14.81031 6.8662e-02     0.9895     0.6679    84.6229 0.0000e+00
        444 265.500945    0.03073     1.8442    110.650     39.386  48140.283    30.4855     9.6434     39.000     9.6410    23.4867     5.6556     8.0825     86.328    246.784    252.580   -0.00050    6.55132    9.36249  285.86776   14.80925 6.8080e-02     0.9863     0.6978    83.9945 0.0000e+00
        447 265.500954    0.03094     1.8564    111.382     40.366  48140.745    30.4857     9.6457     40.000     9.6419    23.4866     5.6592     8.0874     86.386    246.935    252.735    0.00006    6.55098    9.36200  285.85299   14.80854 6.7962e-02     0.9088     0.7603    82.6903 0.0000e+00
        451 265.500966    0.03123     1.8737    112.424     41.407  48140.247    30.4849     9.6458     41.000     9.6402    23.4860     5.6610     8.0901     86.414    247.017    252.818    0.00032    6.55102    9.36206  285.85473   14.80863 6.7767e-02     0.9204     0.7182    83.5646 0.0000e+00
        454 265.500974    0.03144     1.8862    113.170     42.394  48142.700    30.4861     9.6444     42.000     9.6398    23.4871     5.6615     8.0908     86.419    247.038    252.841    0.00012    6.55116    9.36227  285.86093   14.80892 6.7423e-02     0.9305     0.7593    82.7106 0.0000e+00
        457 265.500985    0.03169     1.9010    114.059     43.410  48144.652    30.4870     9.6441     43.000     9.6390    23.4879     5.6644     8.0951     86.464    247.168    252.974    0.00037    6.55117    9.36227  285.86082   14.80892 6.7691e-02     1.1184     0.7161    83.6105 0.0000e+00
        461 265.500995    0.03194     1.9167    115.001     44.418  48146.988    30.4881     9.6433     44.000     9.6383    23.4889     5.6684     8.1007     86.524    247.341    253.151    0.00069    6.55123    9.36236  285.86336   14.80904 6.7440e-02     1.0195     0.7003    83.9401 0.0000e+00
        465 265.501007    0.03221     1.9329    115.975     45.432  48147.820    30.4882     9.6426     45.000     9.6372    23.4891     5.6726     8.1066     86.586    247.523    253.337    0.00102    6.55134    9.36253  285.86843   14.80928 6.7407e-02     0.8972     0.6973    84.0030 0.0000e+00
        469 265.501018    0.03247     1.9481    116.887     46.446  48149.000    30.4885     9.6417     46.000     9.6355    23.4895     5.6717     8.1055     86.572    247.488    253.301    0.00060    6.55145    9.36267  285.87253   14.80947 6.7034e-02     1.1230     0.6870    84.2180 0.0000e+00
        472 265.501027    0.03271     1.9628    117.768     47.442  48132.078    30.4756     9.6371     47.000     9.6274    23.4802     5.6639     8.0942     86.436    247.146    252.949   -0.00093    6.55267    9.36441  285.92833   14.81219 6.7304e-02     1.0149     0.7101    83.7363 0.0000e+00
        476 265.501040    0.03302     1.9808    118.845     48.470  48130.922    30.4731     9.6271     48.000     9.6190    23.4797     5.6566     8.0838     86.304    246.826    252.621   -0.00190    6.55421    9.36663  285.99600   14.81544 6.7280e-02     0.9418     0.6733    84.5077 0.0000e+00
        480 265.501049    0.03323     1.9942    119.652     49.462  48139.534    30.4783     9.6235     49.000     9.6170    23.4844     5.6425     8.0637     86.085    246.210    251.993   -0.00344    6.55451    9.36705  286.00761   14.81597 6.7158e-02     0.9721     0.6936    84.0812 0.0000e+00
        483 265.501060    0.03350     2.0099    120.595     50.477  48146.846    30.4827     9.6218     50.000     9.6164    23.4882     5.6301     8.0460     85.895    245.670    251.439   -0.00448    6.55457    9.36714  286.00922   14.81603 6.7099e-02     1.0552     0.6666    84.6490 0.0000e+00
        487 265.501072    0.03378     2.0268    121.607     51.491  48155.697    30.4886     9.6219     51.000     9.6163    23.4927     5.6262     8.0405     85.840    245.500    251.268   -0.00363    6.55430    9.36675  285.99619   14.81538 6.7314e-02     0.9691     0.6481    85.0426 0.0000e+00
        491 265.501082    0.03404     2.0423    122.537     52.500  48165.780    30.4952     9.6218     52.000     9.6175    23.4980     5.6244     8.0378     85.815    245.418    251.186   -0.00285    6.55405    9.36639  285.98354   14.81475 6.7511e-02     1.0113     0.6608    84.7740 0.0000e+00
        495 265.501093    0.03428     2.0566    123.397     53.503  48168.991    30.4974     9.6245     53.000     9.6201    23.4993     5.6228     8.0356     85.798    245.349    251.115   -0.00226    6.55356    9.36570  285.96225   14.81373 6.7895e-02     0.8902     0.6598    84.7930 0.0000e+00
