CTD-processing/allCTD/CNV/2012_04-26_t9_s02_cast296_5028.cnv
* Sea-Bird SBE19plus Data File:
* FileName = C:\Documents and Settings\glenn.seaman\My Documents\KHolderied-files\CTD-DATA-FILES\2011-KBay-CTD\2012-04-26-HomerSpit-CTD\2012-04-26-HomerSpit-cast296.hex
* Software Version 1.59
* Temperature SN =  5028
* Conductivity SN =  5028
* System UpLoad Time = Apr 29 2012 21:18:52
** Cruise: Homer Spit Transect
** Date: 04-26
** Station: 02
** Start time (AKDT): 18:21
** Depth (m): 76.2
# nquan = 26
# nvalues = 69                          
# units = specified
# name 0 = scan: Scan Count
# name 1 = timeJ: Julian Days
# name 2 = timeH: Time, Elapsed [hours]
# name 3 = timeM: Time, Elapsed [minutes]
# name 4 = timeS: Time, Elapsed [seconds]
# name 5 = prdM: Pressure, Strain Gauge [db]
# name 6 = specc: Specific Conductance [uS/cm]
# name 7 = sal00: Salinity, Practical [PSU]
# name 8 = tv290C: Temperature [ITS-90, deg C]
# name 9 = depSM: Depth [salt water, m], lat = 59.00
# name 10 = potemp090C: Potential Temperature [ITS-90, deg C]
# name 11 = sigma-é00: Density [sigma-theta, kg/m^3]
# name 12 = sbeox0ML/L: Oxygen, SBE 43 [ml/l]
# name 13 = sbeox0Mg/L: Oxygen, SBE 43 [mg/l]
# name 14 = sbeox0PS: Oxygen, SBE 43 [% saturation]
# name 15 = sbox0Mm/Kg: Oxygen, SBE 43 [umol/kg]
# name 16 = sbeox0Mm/L: Oxygen, SBE 43 [umol/l]
# name 17 = sbox0dV/dT: Oxygen, SBE 43 [dov/dt]
# name 18 = oxsolML/L: Oxygen Saturation, Garcia & Gordon [ml/l]
# name 19 = oxsolMg/L: Oxygen Saturation, Garcia & Gordon [mg/l]
# name 20 = oxsolMm/Kg: Oxygen Saturation, Garcia & Gordon [umol/kg]
# name 21 = n2satMg/L: Nitrogen Saturation [mg/l]
# name 22 = par: PAR/Irradiance, Biospherical/Licor [umol photons/m^2/sec]
# name 23 = flECO-AFL: Fluorescence, WET Labs ECO-AFL/FL [mg/m^3]
# name 24 = upoly0: Upoly 0, ECO-FLNTUS
# name 25 = flag: flag
# span 0 =        291,        490       
# span 1 = 118.100157, 118.100733       
# span 2 =    0.02017,    0.03398       
# span 3 =     1.2101,     2.0390       
# span 4 =     72.606,    122.338       
# span 5 =      1.010,     69.663       
# span 6 =  50669.384,  51432.413       
# span 7 =    31.3575,    31.7060       
# span 8 =     3.7539,     4.4443       
# span 9 =      1.000,     69.000       
# span 10 =     3.7530,     4.4289      
# span 11 =    24.8462,    25.1745      
# span 12 =     7.6376,     7.9492      
# span 13 =    10.9315,    11.3470      
# span 14 =    103.149,    107.661      
# span 15 =    332.765,    346.303      
# span 16 =    341.095,    355.015      
# span 17 =   -0.00581,    0.00950      
# span 18 =    7.33967,    7.45686      
# span 19 =   10.49736,   10.65408      
# span 20 =  319.84642,  324.85563      
# span 21 =   16.43777,   16.65928      
# span 22 = 4.5678e-02, 4.3825e+02      
# span 23 =     1.6189,     4.5776      
# span 24 =  0.9372195,  1.2104857      
# span 25 = 0.0000e+00, 0.0000e+00      
# interval = meters: 1                  
# start_time = Apr 27 2012 02:23:01 [Instrument's time stamp, header]
# bad_flag = -9.990e-29
*END*
[from data line 56]
        455 118.100632    0.03155     1.8929    113.572     57.546  51387.076    31.6989     3.9306     57.000     3.9279    25.1680     7.9082    11.3027    106.572    344.511    353.182    0.00003    7.42062   10.60482  323.26889   16.58740 4.6462e-02     2.0565  0.9766903 0.0000e+00
        458 118.100639    0.03174     1.9041    114.249     58.556  51389.287    31.7002     3.9318     58.000     3.9288    25.1689     7.9083    11.3016    106.576    344.511    353.182   -0.00001    7.42028   10.60441  323.25423   16.58678 4.6326e-02     2.0507  0.9765763 0.0000e+00
        461 118.100647    0.03192     1.9154    114.926     59.566  51392.705    31.7022     3.9328     59.000     3.9293    25.1705     7.9082    11.3002    106.581    344.509    353.181   -0.00003    7.41992   10.60403  323.23741   16.58621 4.6208e-02     2.0107  0.9826008 0.0000e+00
        463 118.100655    0.03211     1.9267    115.604     60.576  51396.161    31.7041     3.9331     60.000     3.9291    25.1720     7.9068    11.2978    106.565    344.445    353.116   -0.00011    7.41966   10.60379  323.22573   16.58582 4.6113e-02     1.9882  0.9846683 0.0000e+00
        466 118.100663    0.03230     1.9380    116.281     61.585  51398.815    31.7054     3.9328     61.000     3.9283    25.1730     7.9044    11.2944    106.533    344.341    353.010   -0.00025    7.41964   10.60378  323.22449   16.58579 4.6049e-02     1.9773  0.9745364 0.0000e+00
        469 118.100671    0.03249     1.9494    116.961     62.595  51400.727    31.7060     3.9319     62.000     3.9266    25.1735     7.9007    11.2895    106.483    344.181    352.846   -0.00041    7.41969   10.60399  323.22662   16.58608 4.5994e-02     1.9692  0.9600796 0.0000e+00
        472 118.100679    0.03268     1.9607    117.643     63.604  51402.158    31.7060     3.9301     63.000     3.9239    25.1737     7.8955    11.2836    106.411    343.952    352.611   -0.00064    7.41982   10.60444  323.23203   16.58673 4.5953e-02     1.9636  0.9546433 0.0000e+00
        474 118.100687    0.03287     1.9722    118.329     64.615  51403.347    31.7055     3.9268     64.000     3.9190    25.1736     7.8903    11.2778    106.337    343.727    352.381   -0.00086    7.42007   10.60532  323.24277   16.58801 4.5927e-02     1.9655  0.9585069 0.0000e+00
        477 118.100695    0.03307     1.9837    119.025     65.624  51403.668    31.7038     3.9210     65.000     3.9099    25.1728     7.8898    11.2741    106.323    343.703    352.356   -0.00086    7.42051   10.60696  323.26191   16.59041 4.5907e-02     1.9876  0.9662171 0.0000e+00
        480 118.100703    0.03326     1.9956    119.734     66.633  51402.185    31.6995     3.9097     66.000     3.8918    25.1705     7.8897    11.2698    106.300    343.701    352.353   -0.00086    7.42203   10.61021  323.32966   16.59517 4.5876e-02     2.0034  0.9672811 0.0000e+00
        483 118.100712    0.03346     2.0078    120.471     67.644  51402.520    31.6938     3.8875     67.000     3.8616    25.1680     7.8843    11.2607    106.161    343.469    352.112   -0.00122    7.42672   10.61639  323.53549   16.60419 4.5818e-02     1.9603  0.9632532 0.0000e+00
        486 118.100721    0.03369     2.0212    121.273     68.653  51412.240    31.6912     3.8516     68.000     3.8222    25.1693     7.8681    11.2436    105.823    342.765    351.391   -0.00217    7.43520   10.62590  323.90453   16.61797 4.5752e-02     1.8618  1.0012804 0.0000e+00
        490 118.100733    0.03398     2.0390    122.338     69.663  51432.413    31.6916     3.7994     69.000     3.7788    25.1745     7.8426    11.2191    105.279    341.649    350.250   -0.00365    7.44933   10.63944  324.51785   16.63750 4.5678e-02     1.6189  1.0145448 0.0000e+00
