CTD-processing/allCTD/CNV/2012_10-29_t4_s06_cast067_4141.cnv
* Sea-Bird SBE19plus Data File:
* FileName = C:\Documents and Settings\kris.holderied.local\My Documents\2012-CTD-DATA-new-files\2012-10-CookInlet-LTM\2012-10-29-LTM-CookInlet-Tran4-Barabara\2012-10-29-CookInlet-Tran4-Barabara-cast067.hex
* Software Version 1.54
* Temperature SN =  4141
* Conductivity SN =  4141
* System UpLoad Time = Nov 20 2012 18:45:43
** Cook Inlet EVOSTC Transect 4 Barabara north to south
** Date:  29 Oct 2012
** Station:  4-06
** Start time (AKDT-24 hr):  1633
** Depth (m):  66
** Comment:
# nquan = 27
# nvalues = 46                          
# units = specified
# name 0 = scan: Scan Count
# name 1 = timeJ: Julian Days
# name 2 = timeH: Time, Elapsed [hours]
# name 3 = timeM: Time, Elapsed [minutes]
# name 4 = timeS: Time, Elapsed [seconds]
# name 5 = prdM: Pressure, Strain Gauge [db]
# name 6 = specc: Specific Conductance [uS/cm]
# name 7 = sal00: Salinity, Practical [PSU]
# name 8 = tv290C: Temperature [ITS-90, deg C]
# name 9 = depSM: Depth [salt water, m], lat = 59.00
# name 10 = potemp090C: Potential Temperature [ITS-90, deg C]
# name 11 = sigma-é00: Density [sigma-theta, kg/m^3]
# name 12 = sbeox0ML/L: Oxygen, SBE 43 [ml/l]
# name 13 = sbeox0Mg/L: Oxygen, SBE 43 [mg/l]
# name 14 = sbeox0PS: Oxygen, SBE 43 [% saturation]
# name 15 = sbox0Mm/Kg: Oxygen, SBE 43 [umol/kg]
# name 16 = sbeox0Mm/L: Oxygen, SBE 43 [umol/l]
# name 17 = sbox0dV/dT: Oxygen, SBE 43 [dov/dt]
# name 18 = oxsolML/L: Oxygen Saturation, Garcia & Gordon [ml/l]
# name 19 = oxsolMg/L: Oxygen Saturation, Garcia & Gordon [mg/l]
# name 20 = oxsolMm/Kg: Oxygen Saturation, Garcia & Gordon [umol/kg]
# name 21 = n2satMg/L: Nitrogen Saturation [mg/l]
# name 22 = par: PAR/Irradiance, Biospherical/Licor
# name 23 = wetStar: Fluorescence, WET Labs WETstar [mg/m^3]
# name 24 = CStarAt0: Beam Attenuation, WET Labs C-Star [1/m]
# name 25 = CStarTr0: Beam Transmission, WET Labs C-Star [%]
# name 26 = flag: flag
# span 0 =         89,        640       
# span 1 = 303.688564, 303.690159       
# span 2 =    0.00609,    0.04439       
# span 3 =     0.3657,     2.6635       
# span 4 =     21.941,    159.804       
# span 5 =      1.011,     46.323       
# span 6 =  49446.827,  49660.846       
# span 7 =    31.1250,    31.2545       
# span 8 =     7.3924,     7.7430       
# span 9 =      1.000,     46.000       
# span 10 =     7.5744,     7.7382      
# span 11 =    24.2853,    24.4169      
# span 12 =     5.7451,     6.4139      
# span 13 =     8.2104,     9.1662      
# span 14 =     84.288,     93.527      
# span 15 =    250.485,    279.630      
# span 16 =    256.579,    286.446      
# span 17 =   -0.00858,    0.02621      
# span 18 =    6.80401,    6.85876      
# span 19 =    9.72361,    9.80185      
# span 20 =  296.64565,  299.02330      
# span 21 =   15.32112,   15.43439      
# span 22 = 4.8472e-01, 1.7051e+02      
# span 23 =     0.1774,     0.7696      
# span 24 =     0.3484,     3.2285      
# span 25 =    69.2840,    91.6596      
# span 26 = 0.0000e+00, 0.0000e+00      
# interval = meters: 1                  
# start_time = Oct 29 2012 16:31:10 [Instrument's time stamp, header]
# bad_flag = -9.990e-29
*END*
         89 303.688564    0.00609     0.3657     21.941      1.011  49660.846    31.2545     7.3924      1.000     7.5744    24.4169     6.4139     9.1662     93.527    279.630    286.446    0.02621    6.85876    9.80185  299.02330   15.43439 1.7051e+02     0.1774     3.2285    69.2840 0.0000e+00
        111 303.688628    0.00764     0.4585     27.507      2.003  49446.827    31.1250     7.6170      2.000     7.6344    24.2853     5.8588     8.3728     85.803    255.452    261.655   -0.00858    6.82803    9.75793  297.71092   15.37233 1.2250e+02     0.2664     0.6626    88.7444 0.0000e+00
        385 303.689420    0.02665     1.5988     95.931      3.024  49521.311    31.1842     7.6749      3.000     7.6745    24.3239     5.7451     8.2104     84.288    250.485    256.579   -0.00078    6.81622    9.74105  297.18354   15.34693 1.1852e+02     0.5965     0.3520    91.5709 0.0000e+00
        399 303.689461    0.02763     1.6576     99.454      4.031  49520.223    31.1832     7.6762      4.000     7.6758    24.3229     5.8915     8.4195     86.435    256.864    263.112    0.00043    6.81606    9.74083  297.17694   15.34662 7.5036e+01     0.5709     0.3531    91.5511 0.0000e+00
        406 303.689482    0.02813     1.6879    101.276      5.054  49522.243    31.1842     7.6768      5.000     7.6768    24.3237     5.8971     8.4275     86.519    257.108    263.362    0.00075    6.81592    9.74062  297.17055   15.34631 6.2748e+01     0.6709     0.3530    91.5541 0.0000e+00
        411 303.689496    0.02846     1.7076    102.454      6.061  49522.805    31.1844     7.6782      6.000     7.6775    24.3237     5.8891     8.4160     86.404    256.760    263.005   -0.00086    6.81570    9.74032  297.16113   15.34586 6.4188e+01     0.6044     0.3590    91.4167 0.0000e+00
        414 303.689506    0.02870     1.7220    103.317      7.059  49521.942    31.1833     7.6778      7.000     7.6768    24.3229     5.8946     8.4240     86.484    257.001    263.252    0.00000    6.81580    9.74046  297.16562   15.34608 5.2291e+01     0.6250     0.3592    91.4113 0.0000e+00
        418 303.689518    0.02899     1.7395    104.372      8.076  49523.613    31.1839     7.6774      8.000     7.6765    24.3234     5.8927     8.4213     86.457    256.921    263.171   -0.00017    6.81584    9.74052  297.16741   15.34616 3.9213e+01     0.6739     0.3562    91.4803 0.0000e+00
        426 303.689540    0.02952     1.7709    106.256      9.092  49523.891    31.1837     7.6773      9.000     7.6761    24.3232     5.8901     8.4175     86.417    256.804    263.051   -0.00053    6.81587    9.74056  297.16854   15.34622 3.3374e+01     0.6849     0.3541    91.5273 0.0000e+00
        433 303.689559    0.02998     1.7988    107.932     10.106  49523.081    31.1828     7.6780     10.000     7.6760    24.3225     5.8897     8.4169     86.412    256.788    263.034   -0.00047    6.81580    9.74046  297.16568   15.34609 3.3909e+01     0.7001     0.3598    91.3967 0.0000e+00
        435 303.689567    0.03016     1.8095    108.567     11.089  49525.823    31.1841     7.6768     11.000     7.6761    24.3237     5.8911     8.4190     86.432    256.851    263.099   -0.00038    6.81591    9.74063  297.17067   15.34632 3.0280e+01     0.5843     0.3614    91.3627 0.0000e+00
        439 303.689578    0.03043     1.8253    109.519     12.107  49525.830    31.1837     7.6778     12.000     7.6768    24.3233     5.8974     8.4280     86.526    257.126    263.380    0.00044    6.81578    9.74043  297.16455   15.34602 2.5901e+01     0.6305     0.3580    91.4399 0.0000e+00
        444 303.689592    0.03077     1.8462    110.773     13.127  49522.117    31.1805     7.6761     13.000     7.6741    24.3209     5.8935     8.4224     86.464    256.955    263.205   -0.00019    6.81619    9.74101  297.18309   15.34693 2.1019e+01     0.6648     0.3494    91.6366 0.0000e+00
        448 303.689605    0.03106     1.8640    111.839     14.135  49524.194    31.1813     7.6753     14.000     7.6736    24.3217     5.8906     8.4183     86.421    256.831    263.077   -0.00083    6.81628    9.74115  297.18721   15.34712 1.7811e+01     0.7696     0.3526    91.5618 0.0000e+00
        455 303.689625    0.03155     1.8932    113.591     15.146  49523.193    31.1799     7.6740     15.000     7.6719    24.3209     5.8915     8.4195     86.429    256.866    263.113   -0.00051    6.81655    9.74153  297.19898   15.34769 1.6881e+01     0.7013     0.3540    91.5298 0.0000e+00
        462 303.689645    0.03204     1.9225    115.352     16.172  49524.732    31.1801     7.6718     16.000     7.6704    24.3214     5.8893     8.4165     86.394    256.772    263.018   -0.00073    6.81687    9.74198  297.21276   15.34834 1.6065e+01     0.7195     0.3602    91.3877 0.0000e+00
        465 303.689652    0.03220     1.9324    115.941     17.156  49526.811    31.1812     7.6720     17.000     7.6707    24.3221     5.8952     8.4248     86.480    257.027    263.278    0.00003    6.81680    9.74189  297.20968   15.34819 1.4031e+01     0.7400     0.3599    91.3972 0.0000e+00
        467 303.689660    0.03239     1.9436    116.617     18.148  49525.156    31.1796     7.6722     18.000     7.6702    24.3209     5.9051     8.4390     86.625    257.460    263.722    0.00135    6.81684    9.74194  297.21154   15.34829 1.1724e+01     0.6765     0.3580    91.4374 0.0000e+00
        474 303.689678    0.03283     1.9694    118.161     19.189  49532.597    31.1844     7.6722     19.000     7.6727    24.3247     5.8969     8.4273     86.508    257.104    263.357   -0.00004    6.81662    9.74163  297.20097   15.34776 9.3700e+00     0.6906     0.3484    91.6596 0.0000e+00
        479 303.689692    0.03316     1.9899    119.393     20.178  49541.836    31.1918     7.6810     20.000     7.6819    24.3293     5.8890     8.4160     86.413    256.757    263.003   -0.00143    6.81493    9.73922  297.12591   15.34415 8.7139e+00     0.6638     0.3593    91.4106 0.0000e+00
        493 303.689733    0.03416     2.0495    122.966     21.237  49539.484    31.1901     7.6836     21.000     7.6831    24.3276     5.8734     8.3936     86.188    256.074    262.304   -0.00241    6.81458    9.73874  297.11163   15.34347 8.4993e+00     0.7284     0.3673    91.2269 0.0000e+00
        493 303.689733    0.03415     2.0487    122.923     22.213  49541.519    31.1913     7.6851     22.000     7.6835    24.3284     5.8820     8.4059     86.319    256.453    262.692   -0.00163    6.81432    9.73833  297.09948   15.34289 7.3051e+00     0.6653     0.3772    91.0008 0.0000e+00
        494 303.689738    0.03427     2.0558    123.348     23.197  49534.972    31.1864     7.6855     23.000     7.6824    24.3244     5.8898     8.4171     86.431    256.792    263.039   -0.00031    6.81446    9.73854  297.10689   15.34326 6.2926e+00     0.6974     0.3770    91.0052 0.0000e+00
        503 303.689762    0.03485     2.0908    125.446     24.213  49552.666    31.1991     7.6910     24.000     7.6940    24.3337     5.8897     8.4169     86.447    256.784    263.032   -0.00056    6.81304    9.73653  297.04248   15.34014 5.5698e+00     0.7087     0.3715    91.1309 0.0000e+00
        512 303.689789    0.03550     2.1301    127.806     25.239  49568.317    31.2135     7.7156     25.000     7.7169    24.3416     5.8828     8.4070     86.402    256.480    262.724   -0.00075    6.80858    9.73014  296.84539   15.33067 5.1950e+00     0.6673     0.3808    90.9182 0.0000e+00
        519 303.689810    0.03599     2.1597    129.583     26.263  49550.048    31.2012     7.7205     26.000     7.7130    24.3313     5.8481     8.3576     85.896    254.974    261.177   -0.00511    6.80838    9.72985  296.83957   15.33044 4.3901e+00     0.5715     0.3812    90.9103 0.0000e+00
        522 303.689818    0.03619     2.1712    130.273     27.256  49563.148    31.2089     7.7142     27.000     7.7130    24.3382     5.8575     8.3711     86.027    255.384    261.600   -0.00297    6.80901    9.73076  296.86540   15.33165 3.7846e+00     0.5399     0.3860    90.8016 0.0000e+00
        527 303.689832    0.03653     2.1917    131.501     28.255  49567.427    31.2121     7.7186     28.000     7.7178    24.3401     5.8633     8.3792     86.121    255.631    261.853   -0.00114    6.80818    9.72957  296.82849   15.32988 3.4194e+00     0.5979     0.3858    90.8050 0.0000e+00
        540 303.689869    0.03742     2.2451    134.709     29.285  49560.973    31.2075     7.7210     29.000     7.7166    24.3362     5.8463     8.3550     85.875    254.895    261.098   -0.00233    6.80801    9.72933  296.82235   15.32960 3.1549e+00     0.6225     0.3839    90.8493 0.0000e+00
        544 303.689881    0.03772     2.2628    135.769     30.284  49560.409    31.2060     7.7171     30.000     7.7129    24.3356     5.8584     8.3723     86.044    255.421    261.637   -0.00026    6.80869    9.73029  296.85186   15.33101 2.8428e+00     0.5597     0.3804    90.9272 0.0000e+00
        549 303.689896    0.03805     2.2827    136.963     31.302  49557.063    31.2022     7.7108     31.000     7.7086    24.3335     5.8663     8.3835     86.144    255.764    261.987    0.00084    6.80983    9.73192  296.90218   15.33343 2.4239e+00     0.5798     0.3748    91.0567 0.0000e+00
        552 303.689906    0.03829     2.2979    137.871     32.296  49591.149    31.2274     7.7226     32.000     7.7286    24.3517     5.8643     8.3806     86.152    255.672    261.898    0.00047    6.80688    9.72772  296.76862   15.32695 2.1217e+00     0.5629     0.3900    90.7091 0.0000e+00
        560 303.689926    0.03879     2.3271    139.627     33.315  49575.815    31.2186     7.7365     33.000     7.7335    24.3428     5.8559     8.3686     86.051    255.307    261.522   -0.00060    6.80511    9.72519  296.69410   15.32344 1.9665e+00     0.5617     0.3899    90.7117 0.0000e+00
        567 303.689949    0.03932     2.3594    141.566     34.320  49574.229    31.2169     7.7363     34.000     7.7324    24.3415     5.8385     8.3438     85.795    254.552    260.748   -0.00231    6.80522    9.72534  296.69904   15.32368 1.7785e+00     0.5722     0.3894    90.7230 0.0000e+00
        575 303.689972    0.03987     2.3926    143.555     35.349  49577.249    31.2182     7.7340     35.000     7.7315    24.3429     5.8433     8.3507     85.863    254.764    260.966   -0.00048    6.80551    9.72576  296.71129   15.32426 1.5229e+00     0.5811     0.3937    90.6266 0.0000e+00
        579 303.689982    0.04011     2.4067    144.405     36.355  49580.697    31.2206     7.7365     36.000     7.7340    24.3444     5.8420     8.3488     85.848    254.702    260.903   -0.00061    6.80503    9.72506  296.68968   15.32321 1.3072e+00     0.5711     0.4048    90.3748 0.0000e+00
        581 303.689989    0.04030     2.4176    145.055     37.334  49579.840    31.2197     7.7377     37.000     7.7346    24.3436     5.8428     8.3500     85.863    254.740    260.941   -0.00051    6.80488    9.72485  296.68340   15.32292 1.1981e+00     0.5672     0.4125    90.2017 0.0000e+00
        593 303.690022    0.04109     2.4653    147.918     38.353  49580.963    31.2202     7.7383     38.000     7.7354    24.3439     5.8436     8.3510     85.874    254.771    260.973   -0.00047    6.80477    9.72469  296.67868   15.32269 1.2086e+00     0.5797     0.3912    90.6830 0.0000e+00
        602 303.690049    0.04174     2.5044    150.265     39.390  49582.723    31.2214     7.7414     39.000     7.7382    24.3444     5.8357     8.3398     85.767    254.431    260.625   -0.00117    6.80424    9.72394  296.65554   15.32158 1.0509e+00     0.5149     0.3967    90.5582 0.0000e+00
        605 303.690059    0.04196     2.5174    151.044     40.382  49580.783    31.2197     7.7419     40.000     7.7370    24.3431     5.8401     8.3462     85.831    254.623    260.821   -0.00071    6.80422    9.72391  296.65496   15.32156 9.2877e-01     0.5143     0.4083    90.2951 0.0000e+00
        609 303.690068    0.04219     2.5317    151.905     41.372  49578.387    31.2171     7.7390     41.000     7.7346    24.3414     5.8454     8.3537     85.901    254.852    261.055    0.00042    6.80479    9.72473  296.68039   15.32279 8.4658e-01     0.5123     0.4032    90.4107 0.0000e+00
        620 303.690100    0.04297     2.5783    154.696     42.406  49584.598    31.2212     7.7405     42.000     7.7372    24.3444     5.8375     8.3423     85.790    254.506    260.701   -0.00083    6.80437    9.72413  296.66132   15.32186 7.7007e-01     0.6234     0.4004    90.4761 0.0000e+00
        628 303.690123    0.04351     2.6109    156.655     43.422  49583.826    31.2206     7.7430     43.000     7.7380    24.3437     5.8423     8.3493     85.866    254.718    260.918   -0.00002    6.80401    9.72361  296.64565   15.32112 6.6465e-01     0.5855     0.4023    90.4322 0.0000e+00
        633 303.690139    0.04389     2.6332    157.995     44.434  49578.507    31.2161     7.7406     44.000     7.7345    24.3404     5.8435     8.3510     85.877    254.771    260.972   -0.00007    6.80459    9.72444  296.67187   15.32238 5.7465e-01     0.5433     0.3982    90.5241 0.0000e+00
        636 303.690147    0.04408     2.6444    158.661     45.400  49581.553    31.2175     7.7388     45.000     7.7342    24.3418     5.8470     8.3560     85.925    254.923    261.128    0.00024    6.80480    9.72474  296.68075   15.32281 5.1645e-01     0.5754     0.4012    90.4559 0.0000e+00
        640 303.690159    0.04439     2.6635    159.804     46.323  49577.739    31.2141     7.7380     46.000 -9.990e-29    24.3393     5.8515     8.3624     85.987    255.122    261.330    0.00059    6.80508    9.72518  296.69419   15.32347 4.8472e-01     0.5437     0.3832    90.8620 0.0000e+00
