CTD-processing/allCTD/CNV/2012_08-31_t9_s02_cast134_4141.cnv
* Sea-Bird SBE19plus Data File:
* FileName = C:\Documents and Settings\kris.holderied.local\My Documents\2012-CTD-DATA-new-files\2012-08-31-CTD-HomerSpitLine-LTM\2012-08-31-HomerSpitLine-cast134.hex
* Software Version 1.54
* Temperature SN =  4141
* Conductivity SN =  4141
* System UpLoad Time = Sep 20 2012 17:37:35
** Kachemak Bay Homer Spit Line - LTM
** Date:  2012-08-31
** Station:  9-2
** Start time (AKDT-24 hr): 15:15
** Depth (m): 78
** Comment:
# nquan = 27
# nvalues = 69                          
# units = specified
# name 0 = scan: Scan Count
# name 1 = timeJ: Julian Days
# name 2 = timeH: Time, Elapsed [hours]
# name 3 = timeM: Time, Elapsed [minutes]
# name 4 = timeS: Time, Elapsed [seconds]
# name 5 = prdM: Pressure, Strain Gauge [db]
# name 6 = specc: Specific Conductance [uS/cm]
# name 7 = sal00: Salinity, Practical [PSU]
# name 8 = tv290C: Temperature [ITS-90, deg C]
# name 9 = depSM: Depth [salt water, m], lat = 59.00
# name 10 = potemp090C: Potential Temperature [ITS-90, deg C]
# name 11 = sigma-é00: Density [sigma-theta, kg/m^3]
# name 12 = sbeox0ML/L: Oxygen, SBE 43 [ml/l]
# name 13 = sbeox0Mg/L: Oxygen, SBE 43 [mg/l]
# name 14 = sbeox0PS: Oxygen, SBE 43 [% saturation]
# name 15 = sbox0Mm/Kg: Oxygen, SBE 43 [umol/kg]
# name 16 = sbeox0Mm/L: Oxygen, SBE 43 [umol/l]
# name 17 = sbox0dV/dT: Oxygen, SBE 43 [dov/dt]
# name 18 = oxsolML/L: Oxygen Saturation, Garcia & Gordon [ml/l]
# name 19 = oxsolMg/L: Oxygen Saturation, Garcia & Gordon [mg/l]
# name 20 = oxsolMm/Kg: Oxygen Saturation, Garcia & Gordon [umol/kg]
# name 21 = n2satMg/L: Nitrogen Saturation [mg/l]
# name 22 = par: PAR/Irradiance, Biospherical/Licor
# name 23 = wetStar: Fluorescence, WET Labs WETstar [mg/m^3]
# name 24 = CStarAt0: Beam Attenuation, WET Labs C-Star [1/m]
# name 25 = CStarTr0: Beam Transmission, WET Labs C-Star [%]
# name 26 = flag: flag
# span 0 =         84,        526       
# span 1 = 244.635007, 244.636288       
# span 2 =    0.00574,    0.03646       
# span 3 =     0.3444,     2.1874       
# span 4 =     20.665,    131.244       
# span 5 =      1.010,     69.649       
# span 6 =  43580.807,  49189.580       
# span 7 =    27.4561,    31.1264       
# span 8 =     9.0265,    10.9171       
# span 9 =      1.000,     69.000       
# span 10 =     9.0181,    10.9471      
# span 11 =    20.9225,    24.0835      
# span 12 =     5.3754,     6.6793      
# span 13 =     7.6820,     9.5455      
# span 14 =     81.271,    103.381      
# span 15 =    234.421,    291.824      
# span 16 =    240.067,    298.300      
# span 17 =   -0.11012,    0.00083      
# span 18 =    6.46084,    6.61414      
# span 19 =    9.23319,    9.45227      
# span 20 =  282.27524,  288.44099      
# span 21 =   14.64325,   14.92966      
# span 22 = 4.6143e-02, 9.8306e+01      
# span 23 =     0.1971,     8.2556      
# span 24 =     0.5315,     2.3480      
# span 25 =    56.0060,    87.5579      
# span 26 = 0.0000e+00, 0.0000e+00      
# interval = meters: 1                  
# start_time = Aug 31 2012 15:14:04 [Instrument's time stamp, header]
# bad_flag = -9.990e-29
*END*
[from data line 54]
        459 244.636093    0.03179     1.9074    114.443     55.526  49046.949    31.0567     9.2017     55.000     9.1968    24.0020     5.5098     7.8741     83.591    240.300    246.068   -0.00136    6.59140    9.41976  287.47180   14.88362 4.6762e-02     0.2556     0.7066    83.8087 0.0000e+00
        461 244.636100    0.03196     1.9178    115.068     56.537  49047.527    31.0568     9.2027     56.000     9.1957    24.0018     5.5137     7.8796     83.651    240.469    246.241   -0.00029    6.59125    9.41955  287.46526   14.88331 4.6414e-02     0.2274     0.6939    84.0743 0.0000e+00
        464 244.636107    0.03213     1.9282    115.690     57.545  49052.172    31.0594     9.2012     57.000     9.1940    24.0042     5.5129     7.8785     83.639    240.435    246.207   -0.00038    6.59136    9.41972  287.46980   14.88352 4.6529e-02     0.2410     0.6892    84.1716 0.0000e+00
        466 244.636115    0.03231     1.9386    116.313     58.555  49057.385    31.0624     9.1998     58.000     9.1929    24.0068     5.5083     7.8719     83.567    240.234    246.001   -0.00101    6.59143    9.41981  287.47207   14.88361 4.6560e-02     0.2432     0.6989    83.9670 0.0000e+00
        469 244.636122    0.03248     1.9490    116.939     59.565  49056.409    31.0610     9.1975     59.000     9.1800    24.0061     5.5057     7.8682     83.523    240.121    245.885   -0.00151    6.59184    9.42039  287.48975   14.88446 4.6443e-02     0.2447     0.7153    83.6247 0.0000e+00
        471 244.636129    0.03266     1.9594    117.567     60.575  49057.371    31.0591     9.1820     60.000     9.1549    24.0070     5.5102     7.8746     83.561    240.316    246.085   -0.00112    6.59419    9.42375  287.59216   14.88937 4.6577e-02     0.2539     0.7635    82.6258 0.0000e+00
        474 244.636136    0.03284     1.9700    118.197     61.585  49078.475    31.0699     9.1556     61.000     9.1251    24.0194     5.5136     7.8794     83.568    240.459    246.234   -0.00060    6.59759    9.42862  287.73717   14.89625 4.6565e-02     0.2171     0.8172    81.5230 0.0000e+00
        476 244.636144    0.03301     1.9804    118.827     62.594  49104.913    31.0837     9.1247     62.000     9.0917    24.0350     5.5040     7.8657     83.374    240.039    245.808   -0.00187    6.60154    9.43426  287.90488   14.90421 4.6295e-02     0.2148     0.8890    80.0711 0.0000e+00
        479 244.636152    0.03318     1.9910    119.459     63.605  49133.022    31.0984     9.0918     63.000     9.0658    24.0516     5.4850     7.8385     83.033    239.204    244.958   -0.00490    6.60574    9.44026  288.08332   14.91268 4.6387e-02     0.2213     1.0063    77.7666 0.0000e+00
        481 244.636158    0.03336     2.0015    120.091     64.614  49161.214    31.1145     9.0685     64.000     9.0548    24.0677     5.4611     7.8044     82.637    238.160    243.890   -0.00792    6.60848    9.44418  288.19827   14.91810 4.6341e-02     0.2080     1.1339    75.3204 0.0000e+00
        484 244.636166    0.03353     2.0121    120.724     65.624  49164.814    31.1153     9.0592     65.000     9.0451    24.0698     5.4369     7.7700     82.256    237.107    242.815   -0.01005    6.60981    9.44608  288.25589   14.92086 4.6291e-02     0.2077     1.1870    74.3239 0.0000e+00
        486 244.636173    0.03371     2.0227    121.360     66.634  49175.475    31.1211     9.0501     66.000     9.0411    24.0758     5.4188     7.7439     81.968    236.313    242.002   -0.01114    6.61090    9.44763  288.30172   14.92303 4.6393e-02     0.2022     1.2234    73.6500 0.0000e+00
        489 244.636181    0.03389     2.0333    121.997     67.641  49175.276    31.1201     9.0469     67.000     9.0348    24.0754     5.4102     7.7318     81.832    235.940    241.621   -0.01035    6.61141    9.44836  288.32390   14.92409 4.6369e-02     0.2199     1.2525    73.1159 0.0000e+00
        492 244.636188    0.03408     2.0447    122.682     68.637  49178.778    31.1211     9.0396     68.000     9.0265    24.0773     5.4039     7.7227     81.723    235.663    241.338   -0.00894    6.61245    9.44985  288.36897   14.92624 4.6336e-02     0.2146     1.2724    72.7520 0.0000e+00
        526 244.636288    0.03646     2.1874    131.244     69.649  49189.580    31.1264     9.0265     69.000     9.0181    24.0835     5.3754     7.6820     81.271    234.421    240.067   -0.00350    6.61414    9.45227  288.44099   14.92966 4.6143e-02     0.1971     1.1979    74.1274 0.0000e+00
