CTD-processing/allCTD/CNV/2012_08-15_t9_s09_cast034_5028.cnv
* Sea-Bird SBE19plus Data File:
* FileName = C:\Documents and Settings\kris.holderied.local\My Documents\2012-08-15-CTD-HomerSpit\2012-08-15-HomerSpitLine-cast034.hex
* Software Version 1.54
* Temperature SN =  5028
* Conductivity SN =  5028
* System UpLoad Time = Aug 23 2012 22:02:09
** Kachemak Bay Homer Spit Line CTD
** Date:  2012-08-15
** Station: 9-09
** Start time (AKDT-24 hr): 1539
** Depth (ft): 272
** Comment:None
# nquan = 26
# nvalues = 78                          
# units = specified
# name 0 = scan: Scan Count
# name 1 = timeJ: Julian Days
# name 2 = timeH: Time, Elapsed [hours]
# name 3 = timeM: Time, Elapsed [minutes]
# name 4 = timeS: Time, Elapsed [seconds]
# name 5 = prdM: Pressure, Strain Gauge [db]
# name 6 = specc: Specific Conductance [uS/cm]
# name 7 = sal00: Salinity, Practical [PSU]
# name 8 = tv290C: Temperature [ITS-90, deg C]
# name 9 = depSM: Depth [salt water, m], lat = 59.00
# name 10 = potemp090C: Potential Temperature [ITS-90, deg C]
# name 11 = sigma-é00: Density [sigma-theta, kg/m^3]
# name 12 = sbeox0ML/L: Oxygen, SBE 43 [ml/l]
# name 13 = sbeox0Mg/L: Oxygen, SBE 43 [mg/l]
# name 14 = sbeox0PS: Oxygen, SBE 43 [% saturation]
# name 15 = sbox0Mm/Kg: Oxygen, SBE 43 [umol/kg]
# name 16 = sbeox0Mm/L: Oxygen, SBE 43 [umol/l]
# name 17 = sbox0dV/dT: Oxygen, SBE 43 [dov/dt]
# name 18 = oxsolML/L: Oxygen Saturation, Garcia & Gordon [ml/l]
# name 19 = oxsolMg/L: Oxygen Saturation, Garcia & Gordon [mg/l]
# name 20 = oxsolMm/Kg: Oxygen Saturation, Garcia & Gordon [umol/kg]
# name 21 = n2satMg/L: Nitrogen Saturation [mg/l]
# name 22 = par: PAR/Irradiance, Biospherical/Licor [umol photons/m^2/sec]
# name 23 = flECO-AFL: Fluorescence, WET Labs ECO-AFL/FL [mg/m^3]
# name 24 = upoly0: Upoly 0, ECO-FLNTUS
# name 25 = flag: flag
# span 0 =        163,        626       
# span 1 = 228.652229, 228.653567       
# span 2 =    0.01128,    0.04336       
# span 3 =     0.6770,     2.6022       
# span 4 =     40.619,    156.132       
# span 5 =      1.009,     78.751       
# span 6 =  38459.429,  49468.246       
# span 7 =    24.2290,    31.2302       
# span 8 =     8.4243,    12.2402       
# span 9 =      1.000,     78.000       
# span 10 =     8.4158,    12.1987      
# span 11 =    18.2023,    24.2547      
# span 12 =     5.7397,     6.5621      
# span 13 =     8.3017,     9.3471      
# span 14 =     89.700,    103.239      
# span 15 =    251.503,    286.922      
# span 16 =    256.334,    293.065      
# span 17 =   -0.01987,    0.00146      
# span 18 =    6.35655,    6.69970      
# span 19 =    9.09601,    9.57414      
# span 20 =  277.92698,  292.12313      
# span 21 =   14.45274,   15.10458      
# span 22 = 5.8821e-02, 1.9983e+02      
# span 23 =     0.1574,     4.0503      
# span 24 =  0.6065317,  2.5130118      
# span 25 = 0.0000e+00, 0.0000e+00      
# interval = meters: 1                  
# start_time = Aug 15 2012 15:38:32 [Instrument's time stamp, header]
# bad_flag = -9.990e-29
*END*
[from data line 56]
        559 228.653373    0.03872     2.3230    139.379     57.545  49323.401    31.1722     8.6549     57.000     8.6433    24.1751     6.1673     8.8120     92.504    268.931    275.433   -0.00149    6.66707    9.52827  290.72319   15.03904 6.2345e-02     0.2468  1.5135011 0.0000e+00
        562 228.653381    0.03893     2.3355    140.131     58.555  49326.858    31.1729     8.6458     58.000     8.6324    24.1770     6.1608     8.8032     92.388    268.647    275.142   -0.00175    6.66839    9.53016  290.78079   15.04177 6.1845e-02     0.2527  1.5373295 0.0000e+00
        565 228.653390    0.03914     2.3481    140.884     59.565  49333.442    31.1753     8.6342     59.000     8.6209    24.1806     6.1533     8.7933     92.247    268.319    274.807   -0.00207    6.67051    9.53249  290.87167   15.04511 6.1423e-02     0.2569  1.5503084 0.0000e+00
        568 228.653399    0.03935     2.3607    141.640     60.575  49342.082    31.1794     8.6237     60.000     8.6126    24.1854     6.1457     8.7832     92.110    267.985    274.467   -0.00234    6.67212    9.53449  290.94015   15.04794 6.1067e-02     0.2416  1.5716556 0.0000e+00
        571 228.653408    0.03955     2.3734    142.401     61.585  49348.062    31.1821     8.6166     61.000     8.6070    24.1886     6.1395     8.7736     92.007    267.715    274.192   -0.00243    6.67288    9.53585  290.97204   15.04987 6.0775e-02     0.2273  1.5871844 0.0000e+00
        574 228.653416    0.03977     2.3863    143.176     62.594  49352.117    31.1838     8.6116     62.000     8.6020    24.1906     6.1308     8.7629     91.876    267.335    273.802   -0.00259    6.67294    9.53682  290.97410   15.05123 6.0530e-02     0.2324  1.5846283 0.0000e+00
        577 228.653426    0.03999     2.3993    143.960     63.604  49351.849    31.1823     8.6054     63.000     8.5907    24.1904     6.1243     8.7537     91.772    267.052    273.511   -0.00267    6.67340    9.53823  290.99574   15.05331 6.0314e-02     0.2389  1.5794852 0.0000e+00
        580 228.653435    0.04021     2.4125    144.751     64.614  49358.069    31.1841     8.5911     64.000     8.5739    24.1939     6.1208     8.7462     91.679    266.897    273.353   -0.00262    6.67633    9.54118  291.12255   15.05756 6.0132e-02     0.2265  1.5794518 0.0000e+00
        583 228.653443    0.04043     2.4256    145.537     65.624  49371.920    31.1910     8.5751     65.000     8.5621    24.2017     6.1141     8.7371     91.539    266.603    273.055   -0.00280    6.67924    9.54418  291.24525   15.06179 5.9976e-02     0.2002  1.6005659 0.0000e+00
        586 228.653453    0.04065     2.4387    146.319     66.634  49380.412    31.1952     8.5660     66.000     8.5552    24.2063     6.1071     8.7278     91.423    266.296    272.742   -0.00288    6.68004    9.54588  291.27913   15.06419 5.9825e-02     0.1847  1.6112372 0.0000e+00
        589 228.653462    0.04086     2.4517    147.103     67.644  49384.515    31.1966     8.5596     67.000     8.5495    24.2084     6.0995     8.7184     91.300    265.967    272.405   -0.00292    6.68077    9.54716  291.31075   15.06601 5.9692e-02     0.1713  1.5427779 0.0000e+00
        593 228.653471    0.04108     2.4649    147.896     68.653  49388.896    31.1986     8.5553     68.000     8.5457    24.2106     6.0914     8.7101     91.181    265.610    272.041   -0.00299    6.68056    9.54797  291.30067   15.06715 5.9589e-02     0.1753  1.5242328 0.0000e+00
        596 228.653480    0.04130     2.4781    148.683     69.663  49386.639    31.1957     8.5498     69.000     8.5337    24.2092     6.0921     8.7076     91.194    265.641    272.071   -0.00257    6.68030    9.54932  291.29102   15.06916 5.9488e-02     0.1863  1.5116732 0.0000e+00
        599 228.653489    0.04152     2.4909    149.454     70.673  49385.582    31.1922     8.5332     70.000     8.5077    24.2088     6.0974     8.7075     91.236    265.875    272.310   -0.00205    6.68312    9.55309  291.41571   15.07468 5.9400e-02     0.1901  1.5102841 0.0000e+00
        602 228.653498    0.04173     2.5036    150.213     71.683  49398.672    31.1965     8.5038     71.000     8.4764    24.2166     6.0974     8.7020     91.153    265.871    272.308   -0.00205    6.68916    9.55914  291.67587   15.08337 5.9314e-02     0.1874  1.5723354 0.0000e+00
        605 228.653507    0.04193     2.5161    150.965     72.692  49421.528    31.2077     8.4747     72.000     8.4537    24.2296     6.0851     8.6859     90.901    265.331    271.760   -0.00270    6.69421    9.56469  291.89036   15.09124 5.9240e-02     0.1819  1.7343114 0.0000e+00
        608 228.653516    0.04214     2.5286    151.714     73.702  49439.129    31.2167     8.4556     73.000     8.4402    24.2395     6.0622     8.6607     90.527    264.330    270.739   -0.00374    6.69658    9.56824  291.99002   15.09624 5.9159e-02     0.1699  1.9872267 0.0000e+00
        611 228.653524    0.04235     2.5411    152.463     74.712  49449.985    31.2222     8.4445     74.000     8.4324    24.2455     6.0366     8.6329     90.132    263.212    269.594   -0.00473    6.69753    9.57030  292.03033   15.09913 5.9081e-02     0.1660  2.1626746 0.0000e+00
        614 228.653533    0.04256     2.5537    153.223     75.721  49456.526    31.2254     8.4378     75.000     8.4271    24.2489     6.0164     8.6101     89.824    262.331    268.693   -0.00529    6.69799    9.57154  292.04965   15.10088 5.9011e-02     0.1690  2.2577560 0.0000e+00
        617 228.653542    0.04278     2.5668    154.007     76.731  49461.035    31.2274     8.4329     76.000     8.4228    24.2512     6.0086     8.5979     89.700    261.988    268.342   -0.00507    6.69844    9.57245  292.06888   15.10219 5.8944e-02     0.1662  2.3379345 0.0000e+00
        621 228.653552    0.04303     2.5815    154.888     77.741  49464.881    31.2290     8.4286     77.000     8.4191    24.2531     6.0120     8.5963     89.744    262.138    268.495   -0.00413    6.69900    9.57328  292.09291   15.10336 5.8877e-02     0.1574  2.4264132 0.0000e+00
        626 228.653567    0.04336     2.6022    156.132     78.751  49468.246    31.2302     8.4243     78.000     8.4158    24.2547     6.0199     8.6003     89.853    262.482    268.849   -0.00288    6.69970    9.57414  292.12313   15.10458 5.8821e-02     0.1689  2.5130118 0.0000e+00
