CTD-processing/allCTD/CNV/2012_07-30_t6_s23_cast093_4141.cnv
* Sea-Bird SBE19plus Data File:
* FileName = C:\Documents and Settings\kris.holderied.local\My Documents\2012-07-EVOS-CookInlet-Ocean\2012-07-CookInlet-Tran6-Douglas\2012-07-31-CookInlet-Tran6-cast093.hex
* Software Version 1.54
* Temperature SN =  4141
* Conductivity SN =  4141
* System UpLoad Time = Jul 31 2012 08:27:27
** Cook Inlet LTM Transect 6 (Douglas line)  East to West
** Date:  2012-07-30
** Station:  6-23
** Start time (AKDT-24 hr): 2259
** Depth (m): 166
** Comment: 506-1.0knots C06 225T
# nquan = 27
# nvalues = 146                         
# units = specified
# name 0 = scan: Scan Count
# name 1 = timeJ: Julian Days
# name 2 = timeH: Time, Elapsed [hours]
# name 3 = timeM: Time, Elapsed [minutes]
# name 4 = timeS: Time, Elapsed [seconds]
# name 5 = prdM: Pressure, Strain Gauge [db]
# name 6 = specc: Specific Conductance [uS/cm]
# name 7 = sal00: Salinity, Practical [PSU]
# name 8 = tv290C: Temperature [ITS-90, deg C]
# name 9 = depSM: Depth [salt water, m], lat = 59.00
# name 10 = potemp090C: Potential Temperature [ITS-90, deg C]
# name 11 = sigma-é00: Density [sigma-theta, kg/m^3]
# name 12 = sbeox0ML/L: Oxygen, SBE 43 [ml/l]
# name 13 = sbeox0Mg/L: Oxygen, SBE 43 [mg/l]
# name 14 = sbeox0PS: Oxygen, SBE 43 [% saturation]
# name 15 = sbox0Mm/Kg: Oxygen, SBE 43 [umol/kg]
# name 16 = sbeox0Mm/L: Oxygen, SBE 43 [umol/l]
# name 17 = sbox0dV/dT: Oxygen, SBE 43 [dov/dt]
# name 18 = oxsolML/L: Oxygen Saturation, Garcia & Gordon [ml/l]
# name 19 = oxsolMg/L: Oxygen Saturation, Garcia & Gordon [mg/l]
# name 20 = oxsolMm/Kg: Oxygen Saturation, Garcia & Gordon [umol/kg]
# name 21 = n2satMg/L: Nitrogen Saturation [mg/l]
# name 22 = par: PAR/Irradiance, Biospherical/Licor
# name 23 = wetStar: Fluorescence, WET Labs WETstar [mg/m^3]
# name 24 = CStarAt0: Beam Attenuation, WET Labs C-Star [1/m]
# name 25 = CStarTr0: Beam Transmission, WET Labs C-Star [%]
# name 26 = flag: flag
# span 0 =        284,       1061       
# span 1 = 212.957799, 212.960047       
# span 2 =    0.01968,    0.07363       
# span 3 =     1.1807,     4.4180       
# span 4 =     70.841,    265.081       
# span 5 =      1.022,    147.430       
# span 6 =  48166.865,  51732.423       
# span 7 =    30.6201,    32.2964       
# span 8 =     5.7351,    10.4611       
# span 9 =      1.000,    146.000       
# span 10 =     5.7209,    10.4584      
# span 11 =    23.4584,    25.4498      
# span 12 =     5.4927,     7.3235      
# span 13 =     7.8497,    10.4661      
# span 14 =     77.606,    113.870      
# span 15 =    239.221,    319.567      
# span 16 =    245.309,    327.068      
# span 17 =   -0.04040,    0.00793      
# span 18 =    6.42954,    7.07781      
# span 19 =    9.18845,   10.11489      
# span 20 =  280.56163,  308.25004      
# span 21 =   14.55487,   15.87011      
# span 22 = 4.1738e-02, 4.6744e-01      
# span 23 =     0.1130,     9.4837      
# span 24 =     0.1136,     0.9889      
# span 25 =    78.0981,    97.1991      
# span 26 = 0.0000e+00, 0.0000e+00      
# interval = meters: 1                  
# start_time = Jul 30 2012 22:58:03 [Instrument's time stamp, header]
# bad_flag = -9.990e-29
*END*
[from data line 54]
        534 212.958520    0.03698     2.2191    133.149     55.537  50304.434    31.7814     8.1354     55.000     8.1245    24.7284     6.1327     8.7642     91.273    267.277    273.887   -0.00277    6.71908    9.60223  292.83268   15.13680 4.2713e-02     0.3640     0.1264    96.8903 0.0000e+00
        537 212.958529    0.03720     2.2320    133.920     56.534  50306.688    31.7809     8.1250     56.000     8.1084    24.7295     6.1425     8.7780     91.395    267.697    274.318   -0.00106    6.72068    9.60452  292.90207   15.14011 4.2587e-02     0.3564     0.1265    96.8864 0.0000e+00
        541 212.958541    0.03747     2.2482    134.890     57.531  50327.066    31.7913     8.1030     57.000     8.0883    24.7408     6.1425     8.7783     91.358    267.702    274.325   -0.00092    6.72357    9.60866  293.02492   15.14594 4.2502e-02     0.3673     0.1285    96.8392 0.0000e+00
        550 212.958568    0.03812     2.2875    137.251     58.574  50354.220    31.8065     8.0823     58.000     8.0721    24.7558     6.1227     8.7498     91.028    266.832    273.437   -0.00288    6.72605    9.61221  293.12893   15.15084 4.2472e-02     0.3663     0.1280    96.8508 0.0000e+00
        553 212.958577    0.03836     2.3019    138.115     59.570  50371.198    31.8167     8.0745     59.000     8.0642    24.7650     6.1215     8.7482     91.002    266.780    273.386   -0.00280    6.72679    9.61326  293.15857   15.15221 4.2834e-02     0.3594     0.1261    96.8978 0.0000e+00
        556 212.958586    0.03857     2.3141    138.847     60.564  50389.102    31.8279     8.0686     60.000     8.0603    24.7745     6.1275     8.7568     91.085    267.037    273.653   -0.00132    6.72719    9.61384  293.17334   15.15287 4.2556e-02     0.3605     0.1278    96.8572 0.0000e+00
        561 212.958600    0.03889     2.3334    140.003     61.577  50399.128    31.8339     8.0652     61.000     8.0589    24.7798     6.1252     8.7535     91.048    266.936    273.550   -0.00118    6.72745    9.61420  293.18294   15.15331 4.2457e-02     0.3759     0.1272    96.8694 0.0000e+00
        569 212.958621    0.03941     2.3647    141.881     62.603  50401.293    31.8349     8.0647     62.000     8.0587    24.7806     6.1167     8.7414     90.922    266.567    273.173   -0.00161    6.72748    9.61424  293.18394   15.15335 4.2534e-02     0.3840     0.1277    96.8575 0.0000e+00
        573 212.958635    0.03973     2.3841    143.048     63.605  50405.480    31.8374     8.0649     63.000     8.0590    24.7825     6.1158     8.7401     90.909    266.526    273.131   -0.00147    6.72734    9.61405  293.17741   15.15303 4.2544e-02     0.3641     0.1279    96.8533 0.0000e+00
        578 212.958648    0.04004     2.4026    144.156     64.615  50409.737    31.8400     8.0654     64.000     8.0599    24.7845     6.1320     8.7632     91.153    267.230    273.853    0.00114    6.72715    9.61377  293.16832   15.15259 4.2425e-02     0.3689     0.1275    96.8619 0.0000e+00
        582 212.958660    0.04035     2.4208    145.248     65.621  50423.296    31.8495     8.0680     65.000     8.0634    24.7916     6.1318     8.7629     91.160    267.218    273.843    0.00096    6.72635    9.61262  293.13146   15.15078 4.2496e-02     0.3788     0.1276    96.8617 0.0000e+00
        587 212.958676    0.04073     2.4437    146.623     66.631  50430.082    31.8545     8.0722     66.000     8.0668    24.7949     6.1272     8.7564     91.104    267.019    273.640   -0.00004    6.72548    9.61138  293.09264   15.14891 4.2467e-02     0.3731     0.1280    96.8506 0.0000e+00
        594 212.958695    0.04118     2.4706    148.236     67.652  50434.772    31.8576     8.0742     67.000     8.0671    24.7971     6.1228     8.7501     91.044    266.826    273.443   -0.00057    6.72505    9.61076  293.07304   15.14796 4.2482e-02     0.3667     0.1255    96.9105 0.0000e+00
        598 212.958707    0.04146     2.4875    149.248     68.653  50444.053    31.8634     8.0722     68.000     8.0636    24.8019     6.1192     8.7450     90.992    266.673    273.286   -0.00104    6.72509    9.61083  293.07370   15.14798 4.2579e-02     0.3554     0.1249    96.9245 0.0000e+00
        602 212.958718    0.04174     2.5040    150.239     69.654  50453.689    31.8688     8.0669     69.000     8.0550    24.8069     6.1184     8.7438     90.971    266.633    273.247   -0.00103    6.72568    9.61167  293.09786   15.14910 4.2516e-02     0.3596     0.1256    96.9084 0.0000e+00
        609 212.958738    0.04220     2.5324    151.942     70.674  50469.513    31.8769     8.0512     70.000     8.0413    24.8156     6.1226     8.7498     91.005    266.812    273.433   -0.00033    6.72769    9.61454  293.18315   15.15315 4.2492e-02     0.3537     0.1238    96.9540 0.0000e+00
        615 212.958757    0.04266     2.5594    153.561     71.689  50475.414    31.8789     8.0405     71.000     8.0281    24.8186     6.1141     8.7377     90.859    266.444    273.057   -0.00157    6.72924    9.61676  293.24982   15.15632 4.2494e-02     0.3279     0.1242    96.9434 0.0000e+00
        619 212.958768    0.04294     2.5764    154.585     72.688  50471.221    31.8728     8.0239     72.000     8.0002    24.8163     6.1153     8.7395     90.839    266.498    273.111   -0.00120    6.73204    9.62076  293.37245   15.16220 4.2582e-02     0.3290     0.1236    96.9552 0.0000e+00
        625 212.958784    0.04332     2.5992    155.950     73.701  50499.246    31.8847     7.9788     73.000     7.9594    24.8321     6.1005     8.7182     90.534    265.847    272.448   -0.00328    6.73838    9.62982  293.64442   15.17514 4.2543e-02     0.3301     0.1238    96.9529 0.0000e+00
        630 212.958801    0.04371     2.6229    157.374     74.711  50519.906    31.8940     7.9495     74.000     7.9306    24.8436     6.0886     8.7012     90.303    265.326    271.918   -0.00399    6.74245    9.63564  293.81839   15.18341 4.2289e-02     0.3213     0.1240    96.9485 0.0000e+00
        637 212.958818    0.04414     2.6481    158.884     75.722  50535.701    31.8972     7.9041     75.000     7.8795    24.8526     6.0849     8.6960     90.157    265.163    271.753   -0.00344    6.74927    9.64538  294.11290   15.19746 4.2323e-02     0.3171     0.1224    96.9864 0.0000e+00
        642 212.958835    0.04453     2.6721    160.327     76.743  50545.905    31.8959     7.8553     76.000     7.8137    24.8585     6.0722     8.6778     89.868    264.608    271.186   -0.00438    6.75680    9.65615  294.43943   15.21305 4.2362e-02     0.3131     0.1216    97.0065 0.0000e+00
        645 212.958844    0.04475     2.6849    161.091     77.744  50537.685    31.8785     7.7870     77.000     7.7178    24.8545     6.0580     8.6574     89.507    263.986    270.547   -0.00638    6.76805    9.67222  294.93086   15.23659 4.2544e-02     0.3163     0.1185    97.0807 0.0000e+00
        649 212.958853    0.04497     2.6981    161.888     78.738  50591.095    31.8992     7.6891     78.000     7.6357    24.8844     6.0410     8.6333     89.072    263.243    269.794   -0.00885    6.78222    9.69248  295.53983   15.26557 4.2202e-02     0.3035     0.1170    97.1168 0.0000e+00
        656 212.958873    0.04546     2.7276    163.655     79.763  50680.500    31.9475     7.6072     79.000     7.5933    24.9338     6.0088     8.5873     88.459    261.827    268.355   -0.00934    6.79277    9.70754  295.98483   15.28662 4.2161e-02     0.2743     0.1145    97.1776 0.0000e+00
        662 212.958893    0.04592     2.7551    165.304     80.784  50677.718    31.9419     7.5884     80.000     7.5660    24.9320     5.9944     8.5665     88.205    261.196    267.708   -0.00748    6.79591    9.71204  296.12254   15.29321 4.2281e-02     0.2272     0.1159    97.1444 0.0000e+00
        665 212.958901    0.04613     2.7676    166.056     81.778  50685.792    31.9427     7.5624     81.000     7.5354    24.9363     6.0020     8.5774     88.266    261.527    268.048   -0.00505    6.79992    9.71776  296.29564   15.30147 4.1738e-02     0.2195     0.1149    97.1703 0.0000e+00
        669 212.958911    0.04636     2.7816    166.893     82.779  50708.201    31.9528     7.5323     82.000     7.5088    24.9483     6.0086     8.5869     88.307    261.811    268.343   -0.00306    6.80415    9.72381  296.47673   15.31007 4.2094e-02     0.2072     0.1139    97.1929 0.0000e+00
        674 212.958926    0.04672     2.8032    168.191     83.803  50736.410    31.9666     7.5002     83.000     7.4856    24.9636     5.9957     8.5686     88.063    261.250    267.771   -0.00398    6.80851    9.73005  296.66240   15.31888 4.2125e-02     0.1944     0.1140    97.1893 0.0000e+00
        679 212.958942    0.04711     2.8268    169.605     84.806  50750.152    31.9724     7.4810     84.000     7.4684    24.9709     5.9877     8.5571     87.910    260.899    267.414   -0.00372    6.81124    9.73395  296.77929   15.32443 4.2032e-02     0.1722     0.1418    96.5290 0.0000e+00
        687 212.958963    0.04762     2.8572    171.434     85.830  50760.177    31.9769     7.4690     85.000     7.4590    24.9761     5.9796     8.5455     87.768    260.541    267.049   -0.00292    6.81291    9.73632  296.85023   15.32780 4.2138e-02     0.1666     0.1324    96.7474 0.0000e+00
        691 212.958975    0.04791     2.8743    172.455     86.833  50762.877    31.9775     7.4640     86.000     7.4539    24.9772     5.9764     8.5408     87.712    260.402    266.906   -0.00273    6.81367    9.73741  296.88319   15.32937 4.2137e-02     0.1691     0.1151    97.1641 0.0000e+00
        694 212.958985    0.04815     2.8888    173.327     87.834  50767.901    31.9802     7.4619     87.000     7.4533    24.9796     5.9802     8.5463     87.766    260.568    267.077   -0.00163    6.81387    9.73770  296.89115   15.32974 4.2042e-02     0.1809     0.1145    97.1786 0.0000e+00
        699 212.958999    0.04847     2.9085    174.509     88.846  50767.357    31.9788     7.4586     88.000     7.4474    24.9790     5.9822     8.5491     87.786    260.652    267.163   -0.00091    6.81445    9.73853  296.91679   15.33097 4.2049e-02     0.1765     0.1144    97.1804 0.0000e+00
        705 212.959016    0.04888     2.9329    175.973     89.865  50774.009    31.9817     7.4509     89.000     7.4418    24.9823     5.9835     8.5510     87.793    260.712    267.225   -0.00052    6.81553    9.74007  296.96254   15.33314 4.2086e-02     0.1744     0.1136    97.1991 0.0000e+00
        709 212.959029    0.04919     2.9514    177.087     90.868  50773.091    31.9802     7.4484     90.000     7.4370    24.9814     5.9835     8.5510     87.786    260.710    267.222   -0.00054    6.81598    9.74073  296.98289   15.33412 4.2034e-02     0.1592     0.1157    97.1498 0.0000e+00
        714 212.959043    0.04953     2.9722    178.329     91.876  50777.070    31.9809     7.4392     91.000     7.4271    24.9833     5.9783     8.5436     87.692    260.483    266.990   -0.00113    6.81738    9.74272  297.04304   15.33699 4.1970e-02     0.1562     0.1139    97.1937 0.0000e+00
        720 212.959060    0.04995     2.9969    179.811     92.893  50784.502    31.9842     7.4308     92.000     7.4203    24.9870     5.9733     8.5365     87.605    260.267    266.770   -0.00154    6.81854    9.74438  297.09259   15.33933 4.2000e-02     0.1658     0.1141    97.1868 0.0000e+00
        725 212.959074    0.05028     3.0168    181.006     93.898  50780.491    31.9795     7.4225     93.000     7.4065    24.9845     5.9644     8.5237     87.454    259.877    266.371   -0.00220    6.82005    9.74653  297.15892   15.34252 4.2074e-02     0.1764     0.1177    97.0994 0.0000e+00
        730 212.959088    0.05062     3.0373    182.241     94.908  50782.489    31.9764     7.3992     94.000     7.3713    24.9853     5.9602     8.5176     87.343    259.693    266.181   -0.00249    6.82383    9.75193  297.32341   15.35038 4.1901e-02     0.1751     0.1148    97.1707 0.0000e+00
        735 212.959104    0.05099     3.0597    183.583     95.918  50810.160    31.9846     7.3374     95.000     7.3052    25.0001     5.9494     8.5023     87.067    259.220    265.700   -0.00376    6.83312    9.76520  297.72383   15.36946 4.1970e-02     0.1682     0.1167    97.1245 0.0000e+00
        741 212.959121    0.05140     3.0841    185.047     96.929  50852.517    32.0028     7.2751     96.000     7.2479    25.0229     5.9390     8.4874     86.801    258.759    265.234   -0.00443    6.84206    9.77799  298.10708   15.38767 4.1984e-02     0.1591     0.1163    97.1338 0.0000e+00
        747 212.959138    0.05180     3.1080    186.481     97.939  50883.714    32.0154     7.2252     97.000     7.2058    25.0395     5.9211     8.4619     86.449    257.979    264.438   -0.00548    6.84935    9.78839  298.41949   15.40253 4.1946e-02     0.1576     0.1225    96.9840 0.0000e+00
        752 212.959153    0.05217     3.1304    187.826     98.950  50901.595    32.0237     7.2047     98.000     7.1908    25.0489     5.9011     8.4333     86.120    257.103    263.543   -0.00620    6.85219    9.79248  298.54093   15.40829 4.2081e-02     0.1541     0.1185    97.0810 0.0000e+00
        757 212.959167    0.05250     3.1502    189.013     99.958  50900.770    32.0202     7.1906     99.000     7.1723    25.0480     5.8869     8.4130     85.883    256.485    262.909   -0.00607    6.85456    9.79585  298.64432   15.41324 4.2014e-02     0.1527     0.1177    97.1003 0.0000e+00
        762 212.959182    0.05287     3.1718    190.305    100.966  50913.824    32.0243     7.1650    100.000     7.1478    25.0546     5.8782     8.4006     85.708    256.105    262.521   -0.00533    6.85841    9.80135  298.80988   15.42112 4.2001e-02     0.1568     0.1184    97.0833 0.0000e+00
        768 212.959199    0.05328     3.1972    191.833    101.982  50916.385    32.0208     7.1378    101.000     7.1096    25.0556     5.8650     8.3817     85.460    255.531    261.933   -0.00487    6.86286    9.80772  299.00380   15.43039 4.1979e-02     0.1527     0.1205    97.0335 0.0000e+00
        774 212.959215    0.05365     3.2191    193.145    102.984  50955.688    32.0384     7.0853    102.000     7.0646    25.0764     5.8421     8.3489     85.032    254.524    260.907   -0.00664    6.87037    9.81845  299.32477   15.44563 4.1948e-02     0.1552     0.1252    96.9181 0.0000e+00
        779 212.959231    0.05406     3.2434    194.607    104.008  50978.587    32.0494     7.0603    103.000     7.0435    25.0884     5.8246     8.3240     84.736    253.760    260.127   -0.00635    6.87382    9.82338  299.47146   15.45258 4.2042e-02     0.1557     0.1266    96.8833 0.0000e+00
        783 212.959243    0.05434     3.2601    195.603    105.013  50975.530    32.0432     7.0401    104.000     7.0132    25.0862     5.8235     8.3224     84.678    253.715    260.079   -0.00524    6.87729    9.82834  299.62354   15.45986 4.2039e-02     0.1450     0.1325    96.7419 0.0000e+00
        787 212.959253    0.05458     3.2747    196.480    106.005  50997.308    32.0525     7.0104    105.000     6.9868    25.0975     5.8351     8.3390     84.794    254.217    260.597   -0.00283    6.88158    9.83446  299.80689   15.46857 4.1984e-02     0.1455     0.1377    96.6174 0.0000e+00
        797 212.959281    0.05526     3.3156    198.935    107.037  51019.694    32.0617     6.9770    106.000     6.9564    25.1091     5.8217     8.3198     84.538    253.628    259.996   -0.00282    6.88647    9.84146  300.01669   15.47854 4.2010e-02     0.1390     0.1426    96.4974 0.0000e+00
        802 212.959297    0.05563     3.3375    200.250    108.037  51039.133    32.0709     6.9561    107.000     6.9389    25.1192     5.8070     8.2988     84.290    252.986    259.341   -0.00420    6.88938    9.84561  300.14045   15.48440 4.2133e-02     0.1370     0.1404    96.5512 0.0000e+00
