CTD-processing/allCTD/CNV/2012_09-21_t9_s04_repeat4_cast180_4141.cnv
* Sea-Bird SBE19plus Data File:
* FileName = C:\Documents and Settings\kris.holderied.local\My Documents\2012-CTD-DATA-new-files\2012-09-21-CTD-HomerSpit-tide-time-series-KBRRctd\2012-09-21-CTD-HomerSpit-tide-repeat4\2012-09-21-HomerSpit-tide-repeat4-cast180.hex
* Software Version 1.54
* Temperature SN =  4141
* Conductivity SN =  4141
* System UpLoad Time = Oct 11 2012 19:27:45
** Kachemak Bay Homer Spit Line - Tidal repeat4
** Date:  2012-09-21
** Station: 9-04
** Start time (AKDT-24 hr): 1529
** Depth (ft): 315
** Comment:Drift to west.
# nquan = 27
# nvalues = 92                          
# units = specified
# name 0 = scan: Scan Count
# name 1 = timeJ: Julian Days
# name 2 = timeH: Time, Elapsed [hours]
# name 3 = timeM: Time, Elapsed [minutes]
# name 4 = timeS: Time, Elapsed [seconds]
# name 5 = prdM: Pressure, Strain Gauge [db]
# name 6 = specc: Specific Conductance [uS/cm]
# name 7 = sal00: Salinity, Practical [PSU]
# name 8 = tv290C: Temperature [ITS-90, deg C]
# name 9 = depSM: Depth [salt water, m], lat = 59.00
# name 10 = potemp090C: Potential Temperature [ITS-90, deg C]
# name 11 = sigma-é00: Density [sigma-theta, kg/m^3]
# name 12 = sbeox0ML/L: Oxygen, SBE 43 [ml/l]
# name 13 = sbeox0Mg/L: Oxygen, SBE 43 [mg/l]
# name 14 = sbeox0PS: Oxygen, SBE 43 [% saturation]
# name 15 = sbox0Mm/Kg: Oxygen, SBE 43 [umol/kg]
# name 16 = sbeox0Mm/L: Oxygen, SBE 43 [umol/l]
# name 17 = sbox0dV/dT: Oxygen, SBE 43 [dov/dt]
# name 18 = oxsolML/L: Oxygen Saturation, Garcia & Gordon [ml/l]
# name 19 = oxsolMg/L: Oxygen Saturation, Garcia & Gordon [mg/l]
# name 20 = oxsolMm/Kg: Oxygen Saturation, Garcia & Gordon [umol/kg]
# name 21 = n2satMg/L: Nitrogen Saturation [mg/l]
# name 22 = par: PAR/Irradiance, Biospherical/Licor
# name 23 = wetStar: Fluorescence, WET Labs WETstar [mg/m^3]
# name 24 = CStarAt0: Beam Attenuation, WET Labs C-Star [1/m]
# name 25 = CStarTr0: Beam Transmission, WET Labs C-Star [%]
# name 26 = flag: flag
# span 0 =        151,        649       
# span 1 = 265.645539, 265.646979       
# span 2 =    0.01044,    0.04500       
# span 3 =     0.6263,     2.6998       
# span 4 =     37.579,    161.987       
# span 5 =      1.010,     92.881       
# span 6 =  40325.494,  48818.909       
# span 7 =    25.0740,    30.9015       
# span 8 =     9.3546,     9.7108       
# span 9 =      1.000,     92.000       
# span 10 =     9.3447,     9.7237      
# span 11 =    19.2812,    23.8576      
# span 12 =     5.2276,     6.4610      
# span 13 =     7.4707,     9.2335      
# span 14 =     79.499,     95.748      
# span 15 =    228.024,    282.862      
# span 16 =    233.463,    288.552      
# span 17 =   -0.04573,    0.00509      
# span 18 =    6.54230,    6.79805      
# span 19 =    9.34960,    9.71508      
# span 20 =  285.46860,  297.85905      
# span 21 =   14.79002,   15.40476      
# span 22 = 6.6674e-02, 9.1429e+01      
# span 23 =     0.4884,     2.8406      
# span 24 =     0.5644,     2.7926      
# span 25 =    49.7551,    86.8414      
# span 26 = 0.0000e+00, 0.0000e+00      
# interval = meters: 1                  
# start_time = Sep 21 2012 15:28:57 [Instrument's time stamp, header]
# bad_flag = -9.990e-29
*END*
[from data line 54]
        520 265.646607    0.03605     2.1633    129.798     55.526  48367.828    30.6345     9.6117     55.000     9.6065    23.6082     5.6009     8.0042     85.515    244.367    250.136   -0.00489    6.54964    9.36008  285.76040   14.80352 6.7152e-02     0.8081     0.8396    81.0666 0.0000e+00
        524 265.646617    0.03631     2.1785    130.712     56.534  48370.006    30.6357     9.6126     56.000     9.6063    23.6091     5.6039     8.0086     85.563    244.499    250.271   -0.00280    6.54946    9.35982  285.75225   14.80312 6.7224e-02     0.8699     0.8004    81.8644 0.0000e+00
        528 265.646628    0.03658     2.1948    131.689     57.549  48375.833    30.6393     9.6121     57.000     9.6058    23.6120     5.6032     8.0075     85.552    244.466    250.238   -0.00207    6.54939    9.35973  285.74861   14.80294 6.7263e-02     0.8083     0.7710    82.4689 0.0000e+00
        531 265.646639    0.03683     2.2097    132.584     58.554  48382.743    30.6437     9.6122     58.000     9.6060    23.6155     5.6042     8.0089     85.570    244.506    250.280   -0.00151    6.54917    9.35942  285.73811   14.80242 6.8070e-02     0.8205     0.7691    82.5084 0.0000e+00
        535 265.646649    0.03707     2.2247    133.480     59.570  48390.010    30.6483     9.6116     59.000     9.6035    23.6192     5.6177     8.0283     85.780    245.099    250.889    0.00063    6.54907    9.35927  285.73248   14.80213 6.7076e-02     0.8981     0.7553    82.7948 0.0000e+00
        538 265.646659    0.03731     2.2387    134.323     60.573  48395.165    30.6512     9.6090     60.000     9.6018    23.6218     5.6243     8.0377     85.876    245.385    251.181    0.00176    6.54933    9.35965  285.74339   14.80263 6.7219e-02     0.8357     0.7769    82.3477 0.0000e+00
        542 265.646669    0.03756     2.2534    135.203     61.590  48397.897    30.6526     9.6080     61.000     9.6002    23.6230     5.6154     8.0249     85.738    244.995    250.782   -0.00007    6.54940    9.35976  285.74635   14.80277 6.7342e-02     0.7796     0.7772    82.3416 0.0000e+00
        545 265.646678    0.03777     2.2664    135.981     62.592  48401.808    30.6546     9.6056     62.000     9.5969    23.6251     5.6092     8.0162     85.642    244.729    250.511   -0.00132    6.54968    9.36014  285.75751   14.80330 6.7156e-02     0.7686     0.8273    81.3175 0.0000e+00
        548 265.646688    0.03801     2.2801    136.807     63.605  48405.676    30.6565     9.6028     63.000     9.5946    23.6271     5.6092     8.0162     85.637    244.727    250.509   -0.00121    6.55001    9.36061  285.77115   14.80395 6.8186e-02     0.8019     0.8197    81.4712 0.0000e+00
        551 265.646697    0.03822     2.2936    137.616     64.611  48409.403    30.6583     9.5999     64.000     9.5898    23.6289     5.6027     8.0068     85.533    244.441    250.217   -0.00172    6.55035    9.36110  285.78581   14.80464 6.7365e-02     0.7661     0.8367    81.1276 0.0000e+00
        555 265.646707    0.03846     2.3078    138.468     65.628  48419.242    30.6639     9.5933     65.000     9.5812    23.6344     5.5941     7.9946     85.393    244.065    249.833   -0.00273    6.55107    9.36213  285.81559   14.80604 6.7142e-02     0.7508     0.8345    81.1707 0.0000e+00
        558 265.646716    0.03869     2.3214    139.284     66.637  48430.294    30.6703     9.5858     66.000     9.5753    23.6405     5.5853     7.9819     85.247    243.676    249.437   -0.00343    6.55187    9.36329  285.84924   14.80762 6.7639e-02     0.7994     0.8653    80.5495 0.0000e+00
        561 265.646725    0.03890     2.3341    140.046     67.639  48438.721    30.6751     9.5802     67.000     9.5681    23.6452     5.5766     7.9696     85.107    243.300    249.053   -0.00408    6.55248    9.36415  285.87414   14.80880 6.6865e-02     0.7671     0.8980    79.8916 0.0000e+00
        565 265.646735    0.03915     2.3486    140.918     68.653  48449.855    30.6813     9.5713     68.000     9.5599    23.6514     5.5679     7.9571     84.961    242.916    248.661   -0.00435    6.55350    9.36561  285.91712   14.81082 6.7416e-02     0.7639     0.8848    80.1557 0.0000e+00
        568 265.646745    0.03939     2.3631    141.788     69.670  48458.352    30.6860     9.5650     69.000     9.5543    23.6561     5.5567     7.9411     84.780    242.426    248.161   -0.00481    6.55422    9.36664  285.94717   14.81224 6.7627e-02     0.7718     0.9208    79.4391 0.0000e+00
        571 265.646754    0.03959     2.3756    142.534     70.668  48464.414    30.6892     9.5599     70.000     9.5462    23.6594     5.5444     7.9236     84.585    241.891    247.614   -0.00556    6.55483    9.36751  285.97275   14.81345 6.7878e-02     0.6998     1.0005    77.8712 0.0000e+00
        574 265.646763    0.03982     2.3895    143.369     71.680  48479.556    30.6978     9.5477     71.000     9.5319    23.6681     5.5286     7.9010     84.327    241.201    246.909   -0.00647    6.55624    9.36952  286.03174   14.81624 6.7290e-02     0.6766     1.0596    76.7305 0.0000e+00
        578 265.646774    0.04007     2.4044    144.263     72.698  48498.113    30.7087     9.5340     72.000     9.5207    23.6787     5.5106     7.8752     84.032    240.410    246.103   -0.00737    6.55776    9.37171  286.09556   14.81925 6.7101e-02     0.5931     1.1434    75.1395 0.0000e+00
        581 265.646783    0.04029     2.4174    145.047     73.700  48508.646    30.7147     9.5266     73.000     9.5169    23.6846     5.4906     7.8465     83.716    239.535    245.208   -0.00850    6.55857    9.37285  286.12876   14.82081 6.7014e-02     0.7270     1.2198    73.7163 0.0000e+00
        585 265.646793    0.04053     2.4315    145.891     74.711  48513.524    30.7172     9.5233     74.000     9.5135    23.6871     5.4743     7.8233     83.463    238.824    244.481   -0.00882    6.55895    9.37340  286.14467   14.82156 6.7148e-02     0.7041     1.2441    73.2705 0.0000e+00
        588 265.646803    0.04075     2.4454    146.722     75.727  48518.689    30.7200     9.5203     75.000     9.5096    23.6897     5.4647     7.8096     83.313    238.406    244.054   -0.00793    6.55926    9.37384  286.15766   14.82217 6.6674e-02     0.5942     1.3061    72.1482 0.0000e+00
        591 265.646811    0.04096     2.4578    147.468     76.724  48525.972    30.7241     9.5155     76.000     9.5025    23.6937     5.4607     7.8039     83.245    238.230    243.875   -0.00673    6.55978    9.37459  286.17919   14.82319 6.6956e-02     0.6864     1.4015    70.4424 0.0000e+00
        594 265.646821    0.04121     2.4726    148.358     77.747  48536.831    30.7304     9.5084     77.000     9.4990    23.6997     5.4611     7.8045     83.242    238.248    243.894   -0.00477    6.56054    9.37566  286.21042   14.82465 6.7089e-02     0.6515     1.3572    71.2285 0.0000e+00
        598 265.646830    0.04143     2.4857    149.145     78.749  48543.408    30.7343     9.5060     78.000     9.4876    23.7031     5.4498     7.7883     83.067    237.752    243.388   -0.00491    6.56074    9.37596  286.21842   14.82501 6.6925e-02     0.6072     1.4101    70.2945 0.0000e+00
        601 265.646839    0.04165     2.4991    149.945     79.758  48576.980    30.7549     9.4875     79.000     9.4653    23.7222     5.4382     7.7718     82.868    237.244    242.872   -0.00583    6.56254    9.37852  286.29160   14.82844 6.7252e-02     0.6924     1.5273    68.2665 0.0000e+00
        604 265.646850    0.04189     2.5136    150.819     80.768  48614.406    30.7779     9.4656     80.000     9.4487    23.7436     5.4203     7.7462     82.567    236.456    242.071   -0.00667    6.56475    9.38168  286.38202   14.83266 6.7136e-02     0.5614     1.6946    65.4746 0.0000e+00
        608 265.646861    0.04215     2.5293    151.756     81.781  48637.508    30.7919     9.4521     81.000     9.4407    23.7567     5.3903     7.7033     82.093    235.145    240.731   -0.00927    6.56612    9.38365  286.43815   14.83529 6.7061e-02     0.6404     1.8077    63.6427 0.0000e+00
        612 265.646871    0.04242     2.5451    152.707     82.794  48649.153    30.7989     9.4466     82.000     9.4332    23.7630     5.3673     7.6704     81.736    234.140    239.704   -0.01002    6.56663    9.38437  286.45835   14.83623 6.7390e-02     0.5577     1.9046    62.1195 0.0000e+00
        615 265.646882    0.04266     2.5597    153.583     83.796  48664.884    30.8083     9.4378     83.000     9.4236    23.7718     5.3549     7.6528     81.537    233.598    239.151   -0.00902    6.56750    9.38562  286.49429   14.83791 6.7151e-02     0.5172     2.0717    59.5806 0.0000e+00
        619 265.646892    0.04293     2.5757    154.541     84.816  48682.828    30.8192     9.4278     84.000     9.4152    23.7818     5.3419     7.6341     81.326    233.028    238.569   -0.00824    6.56849    9.38704  286.53466   14.83980 6.7081e-02     0.4884     2.1507    58.4101 0.0000e+00
        623 265.646903    0.04318     2.5907    155.440     85.817  48695.295    30.8267     9.4218     85.000     9.4099    23.7887     5.3290     7.6156     81.123    232.462    237.992   -0.00768    6.56905    9.38783  286.55683   14.84082 6.7222e-02     0.5537     2.2149    57.4810 0.0000e+00
        627 265.646915    0.04344     2.6067    156.402     86.833  48707.177    30.8339     9.4164     86.000     9.4020    23.7951     5.3205     7.6036     80.988    232.090    237.613   -0.00678    6.56953    9.38851  286.57615   14.84172 6.7322e-02     0.5449     2.2155    57.4729 0.0000e+00
        630 265.646924    0.04369     2.6213    157.276     87.837  48736.822    30.8526     9.4040     87.000     9.3797    23.8117     5.3173     7.5989     80.926    231.948    237.471   -0.00529    6.57054    9.38996  286.61562   14.84353 6.7377e-02     0.5278     2.2996    56.2750 0.0000e+00
        634 265.646935    0.04395     2.6368    158.208     88.850  48779.533    30.8788     9.3785     88.000     9.3633    23.8360     5.3056     7.5823     80.717    231.433    236.950   -0.00531    6.57313    9.39366  286.72170   14.84849 6.7005e-02     0.5667     2.3760    55.2109 0.0000e+00
        638 265.646946    0.04421     2.6523    159.140     89.864  48797.748    30.8897     9.3681     89.000     9.3515    23.8463     5.2792     7.5445     80.303    230.279    235.770   -0.00785    6.57419    9.39517  286.76481   14.85051 6.7234e-02     0.5474     2.5054    53.4645 0.0000e+00
        641 265.646955    0.04443     2.6658    159.948     90.862  48813.875    30.8992     9.3581     90.000     9.3464    23.8553     5.2598     7.5167     79.992    229.426    234.900   -0.00860    6.57525    9.39669  286.80882   14.85258 6.8241e-02     0.5050     2.7128    50.7608 0.0000e+00
        645 265.646966    0.04469     2.6814    160.884     91.877  48818.308    30.9015     9.3551     91.000     9.3452    23.8576     5.2366     7.4836     79.637    228.418    233.868   -0.00942    6.57558    9.39716  286.82254   14.85322 6.7288e-02     0.4985     2.7926    49.7551 0.0000e+00
        649 265.646979    0.04500     2.6998    161.987     92.881  48818.909    30.9015     9.3546     92.000     9.3447    23.8576     5.2276     7.4707     79.499    228.024    233.463   -0.00781    6.57566    9.39727  286.82579   14.85338 6.7203e-02     0.4917     2.7597    50.1621 0.0000e+00
