CTD-processing/allCTD/CNV/2012_05-03_t6_s09_cast053_5028.cnv
* Sea-Bird SBE19plus Data File:
* FileName = C:\Documents and Settings\glenn.seaman\My Documents\KHolderied-files\CTD-DATA-FILES\2012-05-LTM-LowerCookInlet-CTD\Transect6-2012-05-Douglas\2012-05-03-04-LTM-Tran6-cast053.hex
* Software Version 1.59
* Temperature SN =  5028
* Conductivity SN =  5028
* System UpLoad Time = May 31 2012 02:21:11
** LTM Transect6- Pt Adam to Cape Douglas
** Date: 05-03
** Station: 6-09
** Start time (AKDT-24hr): 19:49
** Depth (m): 126
** check sta no, add time/z from log
# nquan = 26
# nvalues = 95                          
# units = specified
# name 0 = scan: Scan Count
# name 1 = timeJ: Julian Days
# name 2 = timeH: Time, Elapsed [hours]
# name 3 = timeM: Time, Elapsed [minutes]
# name 4 = timeS: Time, Elapsed [seconds]
# name 5 = prdM: Pressure, Strain Gauge [db]
# name 6 = specc: Specific Conductance [uS/cm]
# name 7 = sal00: Salinity, Practical [PSU]
# name 8 = tv290C: Temperature [ITS-90, deg C]
# name 9 = depSM: Depth [salt water, m], lat = 59.00
# name 10 = potemp090C: Potential Temperature [ITS-90, deg C]
# name 11 = sigma-é00: Density [sigma-theta, kg/m^3]
# name 12 = sbeox0ML/L: Oxygen, SBE 43 [ml/l]
# name 13 = sbeox0Mg/L: Oxygen, SBE 43 [mg/l]
# name 14 = sbeox0PS: Oxygen, SBE 43 [% saturation]
# name 15 = sbox0Mm/Kg: Oxygen, SBE 43 [umol/kg]
# name 16 = sbeox0Mm/L: Oxygen, SBE 43 [umol/l]
# name 17 = sbox0dV/dT: Oxygen, SBE 43 [dov/dt]
# name 18 = oxsolML/L: Oxygen Saturation, Garcia & Gordon [ml/l]
# name 19 = oxsolMg/L: Oxygen Saturation, Garcia & Gordon [mg/l]
# name 20 = oxsolMm/Kg: Oxygen Saturation, Garcia & Gordon [umol/kg]
# name 21 = n2satMg/L: Nitrogen Saturation [mg/l]
# name 22 = par: PAR/Irradiance, Biospherical/Licor [umol photons/m^2/sec]
# name 23 = flECO-AFL: Fluorescence, WET Labs ECO-AFL/FL [mg/m^3]
# name 24 = upoly0: Upoly 0, ECO-FLNTUS
# name 25 = flag: flag
# span 0 =         75,        591       
# span 1 = 124.826048, 124.827542       
# span 2 =    0.00515,    0.04100       
# span 3 =     0.3089,     2.4600       
# span 4 =     18.533,    147.599       
# span 5 =      1.009,     95.918       
# span 6 =  50587.495,  51520.395       
# span 7 =    31.3717,    31.9544       
# span 8 =     4.6408,     4.7148       
# span 9 =      1.000,     95.000       
# span 10 =     4.6371,     4.7092      
# span 11 =    24.8344,    25.2927      
# span 12 =     5.8191,     7.7038      
# span 13 =     8.3906,    11.0078      
# span 14 =     79.864,    105.806      
# span 15 =    253.523,    335.599      
# span 16 =    259.883,    344.053      
# span 17 =   -0.00595,    0.02548      
# span 18 =    7.26815,    7.28937      
# span 19 =   10.38733,   10.44067      
# span 20 =  316.58764,  317.55039      
# span 21 =   16.26915,   16.35631      
# span 22 = 3.7490e-02, 3.8103e+01      
# span 23 =     0.5497,     0.8110      
# span 24 =  0.4416844,  1.0532387      
# span 25 = 0.0000e+00, 0.0000e+00      
# interval = meters: 1                  
# start_time = May 03 2012 19:49:12 [Instrument's time stamp, header]
# bad_flag = -9.990e-29
*END*
[from data line 56]
        474 124.827203    0.03287     1.9721    118.327     57.546  51286.219    31.7962     4.6411     57.000     4.6371    25.1746     7.7003    11.0028    105.641    335.450    343.896    0.00038    7.28907   10.41684  317.53609   16.31433 7.8934e-02     0.6949  0.4645509 0.0000e+00
        477 124.827211    0.03305     1.9829    118.975     58.556  51287.990    31.7969     4.6411     58.000     4.6371    25.1752     7.7012    11.0025    105.655    335.489    343.935    0.00034    7.28905   10.41678  317.53466   16.31422 7.3768e-02     0.6899  0.4617156 0.0000e+00
        479 124.827217    0.03322     1.9935    119.609     59.565  51289.576    31.7975     4.6412     59.000     4.6371    25.1757     7.6993    10.9999    105.629    335.405    343.849    0.00019    7.28901   10.41672  317.53316   16.31412 6.9200e-02     0.6792  0.4557710 0.0000e+00
        482 124.827225    0.03340     2.0042    120.250     60.575  51291.077    31.7981     4.6414     60.000     4.6372    25.1761     7.6929    10.9947    105.541    335.125    343.563   -0.00015    7.28898   10.41664  317.53138   16.31401 6.5254e-02     0.6728  0.4562292 0.0000e+00
        485 124.827233    0.03359     2.0153    120.919     61.585  51292.707    31.7988     4.6416     61.000     4.6375    25.1766     7.6872    10.9901    105.464    334.880    343.310   -0.00045    7.28891   10.41654  317.52839   16.31385 6.1840e-02     0.6880  0.4645560 0.0000e+00
        487 124.827241    0.03378     2.0269    121.615     62.594  51294.334    31.7995     4.6419     62.000     4.6378    25.1771     7.6869    10.9889    105.462    334.867    343.297   -0.00048    7.28881   10.41641  317.52387   16.31364 5.8760e-02     0.7059  0.4720405 0.0000e+00
        490 124.827249    0.03398     2.0389    122.335     63.605  51295.910    31.8001     4.6423     63.000     4.6382    25.1777     7.6902    10.9907    105.509    335.008    343.443   -0.00030    7.28871   10.41625  317.51924   16.31341 5.6043e-02     0.7089  0.4756034 0.0000e+00
        493 124.827258    0.03419     2.0512    123.070     64.615  51297.803    31.8010     4.6428     64.000     4.6387    25.1783     7.6919    10.9927    105.534    335.084    343.521   -0.00023    7.28860   10.41606  317.51433   16.31313 5.3644e-02     0.7028  0.4863128 0.0000e+00
        496 124.827267    0.03439     2.0634    123.806     65.624  51299.848    31.8020     4.6434     65.000     4.6394    25.1791     7.6937    10.9948    105.560    335.163    343.602   -0.00015    7.28847   10.41584  317.50868   16.31278 5.1519e-02     0.7096  0.4750785 0.0000e+00
        499 124.827274    0.03459     2.0753    124.519     66.633  51302.231    31.8034     4.6442     66.000     4.6403    25.1800     7.6968    10.9970    105.604    335.295    343.737   -0.00004    7.28835   10.41555  317.50307   16.31235 4.9634e-02     0.7182  0.4577527 0.0000e+00
        502 124.827282    0.03478     2.0867    125.200     67.644  51305.464    31.8053     4.6453     67.000     4.6419    25.1814     7.6968    10.9970    105.607    335.296    343.739   -0.00005    7.28815   10.41513  317.49411   16.31171 4.7983e-02     0.7044  0.4617425 0.0000e+00
        504 124.827290    0.03496     2.0976    125.859     68.653  51309.515    31.8079     4.6470     68.000     4.6441    25.1834     7.6931    10.9948    105.562    335.137    343.576   -0.00022    7.28784   10.41453  317.47984   16.31081 4.6515e-02     0.6833  0.4580667 0.0000e+00
        507 124.827297    0.03514     2.1084    126.506     69.662  51314.780    31.8117     4.6496     69.000     4.6476    25.1861     7.6886    10.9924    105.507    334.937    343.373   -0.00044    7.28724   10.41363  317.45264   16.30943 4.5242e-02     0.6769  0.4581525 0.0000e+00
        510 124.827305    0.03532     2.1192    127.153     70.672  51320.237    31.8158     4.6534     70.000     4.6524    25.1890     7.6901    10.9939    105.541    335.000    343.439   -0.00037    7.28631   10.41238  317.41103   16.30758 4.4130e-02     0.6853  0.4615241 0.0000e+00
        512 124.827313    0.03551     2.1301    127.806     71.683  51324.348    31.8193     4.6588     71.000     4.6586    25.1912     7.6966    10.9987    105.650    335.284    343.730   -0.00001    7.28500   10.41079  317.35325   16.30522 4.3159e-02     0.7057  0.4630002 0.0000e+00
        515 124.827320    0.03568     2.1411    128.466     72.692  51326.421    31.8217     4.6652     72.000     4.6649    25.1924     7.6995    11.0021    105.713    335.409    343.859    0.00019    7.28337   10.40901  317.28142   16.30259 4.2292e-02     0.7179  0.4710041 0.0000e+00
        518 124.827328    0.03587     2.1522    129.130     73.702  51325.358    31.8219     4.6715     73.000     4.6697    25.1919     7.7009    11.0045    105.752    335.469    343.920    0.00025    7.28195   10.40742  317.22039   16.30030 4.1480e-02     0.7302  0.4758924 0.0000e+00
        520 124.827336    0.03606     2.1635    129.811     74.712  51323.600    31.8211     4.6757     74.000     4.6723    25.1909     7.7029    11.0067    105.789    335.557    344.010    0.00029    7.28131   10.40642  317.19337   16.29887 4.0743e-02     0.7543  0.4736700 0.0000e+00
        523 124.827344    0.03626     2.1756    130.534     75.722  51322.997    31.8207     4.6780     75.000     4.6736    25.1904     7.7038    11.0078    105.806    335.599    344.053    0.00028    7.28112   10.40587  317.18489   16.29808 4.0128e-02     0.7717  0.4768689 0.0000e+00
        526 124.827353    0.03648     2.1886    131.313     76.731  51323.128    31.8206     4.6793     76.000     4.6743    25.1901     7.7027    11.0074    105.791    335.549    344.002    0.00015    7.28102   10.40556  317.18051   16.29763 3.9596e-02     0.7960  0.4782702 0.0000e+00
        529 124.827362    0.03670     2.2019    132.113     77.741  51323.634    31.8206     4.6797     77.000     4.6743    25.1900     7.7036    11.0070    105.805    335.593    344.046    0.00013    7.28102   10.40545  317.18068   16.29747 3.9100e-02     0.8013  0.4691478 0.0000e+00
        533 124.827372    0.03692     2.2152    132.910     78.751  51324.452    31.8206     4.6797     78.000     4.6740    25.1901     7.7005    11.0039    105.761    335.456    343.906   -0.00005    7.28109   10.40544  317.18407   16.29747 3.8666e-02     0.7958  0.4572508 0.0000e+00
        536 124.827381    0.03714     2.2286    133.719     79.761  51325.958    31.8211     4.6794     79.000     4.6738    25.1905     7.6949    10.9993    105.682    335.213    343.657   -0.00036    7.28124   10.40548  317.19018   16.29751 3.8294e-02     0.8050  0.4514818 0.0000e+00
        539 124.827390    0.03737     2.2424    134.541     80.770  51328.713    31.8225     4.6794     80.000     4.6742    25.1916     7.6944    10.9978    105.674    335.189    343.632   -0.00040    7.28129   10.40539  317.19204   16.29736 3.7980e-02     0.7998  0.4556297 0.0000e+00
        542 124.827400    0.03760     2.2561    135.367     81.780  51333.041    31.8252     4.6805     81.000     4.6757    25.1936     7.6966    10.9983    105.710    335.285    343.732   -0.00027    7.28089   10.40494  317.17394   16.29667 3.7742e-02     0.7973  0.4617405 0.0000e+00
        546 124.827410    0.03784     2.2701    136.208     82.790  51338.110    31.8285     4.6820     82.000     4.6765    25.1961     7.6986    10.9979    105.745    335.371    343.820   -0.00017    7.28035   10.40433  317.15045   16.29574 3.7600e-02     0.7859  0.4711806 0.0000e+00
        549 124.827420    0.03808     2.2847    137.081     83.800  51347.821    31.8347     4.6823     83.000     4.6761    25.2010     7.6958    10.9926    105.708    335.249    343.696   -0.00027    7.28028   10.40382  317.14654   16.29489 3.7537e-02     0.7749  0.4633939 0.0000e+00
        553 124.827430    0.03833     2.2997    137.983     84.810  51369.996    31.8493     4.6817     84.000     4.6770    25.2126     7.6867    10.9810    105.583    334.849    343.290   -0.00068    7.28029   10.40295  317.14346   16.29341 3.7508e-02     0.7586  0.4619530 0.0000e+00
        557 124.827441    0.03858     2.3150    138.903     85.820  51405.185    31.8738     4.6857     85.000     4.6838    25.2317     7.6763    10.9649    105.477    334.385    342.823   -0.00097    7.27775   10.40025  317.02413   16.28910 3.7497e-02     0.7033  0.4775254 0.0000e+00
        560 124.827452    0.03883     2.3301    139.803     86.830  51429.458    31.8916     4.6932     86.000     4.6907    25.2451     7.6687    10.9455    105.414    334.051    342.485   -0.00105    7.27485   10.39711  316.89372   16.28428 3.7493e-02     0.6569  0.4734857 0.0000e+00
        563 124.827461    0.03906     2.3436    140.618     87.840  51443.816    31.9022     4.6984     87.000     4.6947    25.2529     7.6459    10.9124    105.120    333.052    341.463   -0.00180    7.27347   10.39507  316.83168   16.28116 3.7491e-02     0.6355  0.4747358 0.0000e+00
        567 124.827470    0.03928     2.3565    141.392     88.850  51456.383    31.9111     4.7020     88.000     4.6975    25.2596     7.6059    10.8666    104.585    331.310    339.678   -0.00331    7.27241   10.39355  316.78321   16.27883 3.7490e-02     0.6184  0.4722190 0.0000e+00
        570 124.827479    0.03949     2.3699    142.193     89.859  51465.545    31.9175     4.7047     89.000     4.6995    25.2644     7.5648    10.8177    104.031    329.518    337.843   -0.00473    7.27168   10.39243  316.75014   16.27711 3.7490e-02     0.5952  0.4538064 0.0000e+00
        573 124.827489    0.03974     2.3842    143.054     90.870  51471.656    31.9216     4.7065     90.000     4.7007    25.2675     7.5320    10.7730    103.585    328.089    336.380   -0.00556    7.27133   10.39170  316.73428   16.27599 3.7490e-02     0.5761  0.4425562 0.0000e+00
        577 124.827499    0.03997     2.3982    143.889     91.879  51476.759    31.9248     4.7073     91.000     4.7012    25.2699     7.5076    10.7392    103.251    327.027    335.291   -0.00590    7.27122   10.39127  316.72910   16.27531 3.7490e-02     0.5808  0.4484944 0.0000e+00
        580 124.827508    0.04018     2.4109    144.651     92.889  51483.356    31.9289     4.7079     92.000     4.7018    25.2731     7.4910    10.7166    103.025    326.304    334.550   -0.00595    7.27108   10.39085  316.72247   16.27463 3.7490e-02     0.5908  0.4717006 0.0000e+00
        583 124.827516    0.04040     2.4237    145.424     93.899  51493.716    31.9357     4.7087     93.000     4.7030    25.2785     7.4813    10.7023    102.898    325.879    334.116   -0.00566    7.27066   10.39016  316.70240   16.27354 3.7490e-02     0.6028  0.4756779 0.0000e+00
        586 124.827527    0.04065     2.4389    146.335     94.909  51508.844    31.9461     4.7108     94.000     4.7058    25.2864     7.4816    10.6975    102.917    325.887    334.128   -0.00482    7.26955   10.38892  316.65077   16.27157 3.7490e-02     0.5747  0.4746495 0.0000e+00
        591 124.827542    0.04100     2.4600    147.599     95.918  51520.395    31.9544     4.7148     95.000     4.7092    25.2927     7.4881    10.6989    103.027    326.171    334.422   -0.00353    7.26815   10.38733  316.58764   16.26915 3.7490e-02     0.5497  0.4520842 0.0000e+00
