CTD-processing/allCTD/CNV/2012_06-05b_t4_s08b_cast111_5028.cnv
* Sea-Bird SBE19plus Data File:
* FileName = C:\Documents and Settings\glenn.seaman\My Documents\KHolderied-files\CTD-DATA-FILES\2012-CTD-KachemakBay\2012-06-05b-CTD-Tran4-Barabara-to-BluffPt\2012-06-05b-Tran4-Barabara-cast111.hex
* Software Version 1.59
* Temperature SN =  5028
* Conductivity SN =  5028
* System UpLoad Time = Jun 26 2012 23:56:28
** LTM-Transect4-BarabaraPt-to-BluffPt
** Date: 2012-06-05 High tide (2 of 2 lines)
** Station: 4-08b
** Start time (AKDT-24hr): 1711
** Depth (ft): 107
** West wind 10 kts.  Seas 2-3 ft.
# nquan = 26
# nvalues = 31                          
# units = specified
# name 0 = scan: Scan Count
# name 1 = timeJ: Julian Days
# name 2 = timeH: Time, Elapsed [hours]
# name 3 = timeM: Time, Elapsed [minutes]
# name 4 = timeS: Time, Elapsed [seconds]
# name 5 = prdM: Pressure, Strain Gauge [db]
# name 6 = specc: Specific Conductance [uS/cm]
# name 7 = sal00: Salinity, Practical [PSU]
# name 8 = tv290C: Temperature [ITS-90, deg C]
# name 9 = depSM: Depth [salt water, m], lat = 59.00
# name 10 = potemp090C: Potential Temperature [ITS-90, deg C]
# name 11 = sigma-é00: Density [sigma-theta, kg/m^3]
# name 12 = sbeox0ML/L: Oxygen, SBE 43 [ml/l]
# name 13 = sbeox0Mg/L: Oxygen, SBE 43 [mg/l]
# name 14 = sbeox0PS: Oxygen, SBE 43 [% saturation]
# name 15 = sbox0Mm/Kg: Oxygen, SBE 43 [umol/kg]
# name 16 = sbeox0Mm/L: Oxygen, SBE 43 [umol/l]
# name 17 = sbox0dV/dT: Oxygen, SBE 43 [dov/dt]
# name 18 = oxsolML/L: Oxygen Saturation, Garcia & Gordon [ml/l]
# name 19 = oxsolMg/L: Oxygen Saturation, Garcia & Gordon [mg/l]
# name 20 = oxsolMm/Kg: Oxygen Saturation, Garcia & Gordon [umol/kg]
# name 21 = n2satMg/L: Nitrogen Saturation [mg/l]
# name 22 = par: PAR/Irradiance, Biospherical/Licor [umol photons/m^2/sec]
# name 23 = flECO-AFL: Fluorescence, WET Labs ECO-AFL/FL [mg/m^3]
# name 24 = upoly0: Upoly 0, ECO-FLNTUS
# name 25 = flag: flag
# span 0 =        388,        494       
# span 1 = 157.717346, 157.717653       
# span 2 =    0.02688,    0.03423       
# span 3 =     1.6131,     2.0534       
# span 4 =     96.789,    123.205       
# span 5 =      1.008,     31.294       
# span 6 =  50024.534,  50769.593       
# span 7 =    31.4712,    31.7197       
# span 8 =     5.8984,     7.8233       
# span 9 =      1.000,     31.000       
# span 10 =     5.8959,     7.8233      
# span 11 =    24.5987,    24.9738      
# span 12 =     7.3281,     8.0550      
# span 13 =    10.5128,    11.5021      
# span 14 =    103.651,    118.944      
# span 15 =    319.304,    351.079      
# span 16 =    327.274,    359.738      
# span 17 =   -0.02357,    0.01581      
# span 18 =    6.77216,    7.07775      
# span 19 =    9.67921,   10.11473      
# span 20 =  295.16410,  308.39029      
# span 21 =   15.25034,   15.87901      
# span 22 = 3.1600e-01, 4.5435e+02      
# span 23 =     2.4008,     9.2336      
# span 24 =  0.5796959,  0.7896312      
# span 25 = 0.0000e+00, 0.0000e+00      
# interval = meters: 1                  
# start_time = Jun 05 2012 17:11:22 [Instrument's time stamp, header]
# bad_flag = -9.990e-29
*END*
        388 157.717346    0.02688     1.6131     96.789      1.008  50140.814    31.6417     7.8233      1.000     7.8233    24.6624     8.0550    11.5021    118.944    351.079    359.738    0.01581    6.77216    9.67921  295.16410   15.25034 4.5435e+02     3.2595  0.6520618 0.0000e+00
        394 157.717364    0.02728     1.6369     98.211      2.019  50122.609    31.6230     7.7899      2.000     7.7689    24.6523     8.0205    11.4629    118.390    349.579    358.198    0.01027    6.77470    9.68782  295.27788   15.26309 3.1097e+02     3.4396  0.5851467 0.0000e+00
        398 157.717376    0.02758     1.6545     99.273      3.029  50103.383    31.6002     7.7366      3.000     7.6907    24.6418     7.9995    11.4364    117.981    348.662    357.255    0.00655    6.78035    9.70117  295.52617   15.28276 2.1885e+02     4.3238  0.6428304 0.0000e+00
        402 157.717386    0.02783     1.6694    100.166      4.038  50069.357    31.5598     7.6397      4.000     7.5485    24.6232     7.9975    11.4223    117.751    348.583    357.167    0.00459    6.79195    9.72540  296.03920   15.31845 1.5910e+02     5.7553  0.6458874 0.0000e+00
        405 157.717396    0.02806     1.6833    100.998      5.047  50024.534    31.4991     7.4682      5.000     7.3141    24.5987     7.9918    11.4030    117.154    348.360    356.917    0.00170    6.82203    9.76774  297.36725   15.38065 1.1718e+02     7.2487  0.6458917 0.0000e+00
        408 157.717406    0.02829     1.6974    101.846      6.057  50053.742    31.4712     7.1893      6.000     7.0119    24.6141     7.9582    11.3607    115.685    346.894    355.417   -0.00379    6.87995    9.83243  299.89114   15.47467 8.7695e+01     8.4359  0.6465559 0.0000e+00
        412 157.717415    0.02852     1.7113    102.675      7.066  50186.747    31.5138     6.9050      7.000     6.7613    24.6851     7.8839    11.2990    113.744    343.617    352.096   -0.01048    6.93188    9.89423  302.12126   15.56341 6.5694e+01     8.3835  0.6365781 0.0000e+00
        415 157.717425    0.02875     1.7248    103.488      8.076  50316.372    31.5636     6.6803      8.000     6.5725    24.7536     7.8691    11.2760    112.930    342.944    351.434   -0.01254    6.96822    9.94234  303.68199   15.63221 4.9500e+01     7.9251  0.6137330 0.0000e+00
        418 157.717434    0.02898     1.7385    104.311      9.085  50446.011    31.6236     6.5164      9.000     6.4577    24.8219     7.9227    11.2940    113.307    345.250    353.829   -0.00939    6.99228    9.97611  304.70415   15.68011 3.7696e+01     7.7532  0.5909874 0.0000e+00
        422 157.717444    0.02921     1.7523    105.137     10.095  50522.917    31.6620     6.4365     10.000     6.4085    24.8624     7.9145    11.2741    113.092    344.880    353.463   -0.00851    6.99828    9.99204  304.95370   15.70254 2.8922e+01     8.0118  0.5796959 0.0000e+00
        425 157.717453    0.02943     1.7660    105.958     11.104  50555.175    31.6767     6.3969     11.000     6.3776    24.8790     7.8426    11.2107    112.058    341.741    350.249   -0.01082    6.99863   10.00021  304.96699   15.71413 2.2092e+01     8.4078  0.5806505 0.0000e+00
        428 157.717462    0.02966     1.7795    106.769     12.114  50562.984    31.6760     6.3662     12.000     6.3401    24.8823     7.7776    11.1510    111.116    338.913    347.348   -0.01281    6.99957   10.00739  305.00922   15.72453 1.6750e+01     8.9314  0.5876014 0.0000e+00
        431 157.717472    0.02989     1.7933    107.601     13.123  50556.924    31.6620     6.3171     13.000     6.2708    24.8773     7.7835    11.1368    111.089    339.177    347.613   -0.01127    7.00655   10.01982  305.31863   15.74270 1.2794e+01     9.2336  0.5975253 0.0000e+00
        435 157.717482    0.03012     1.8072    108.429     14.132  50561.235    31.6489     6.2352     14.000     6.1739    24.8770     7.8168    11.1390    111.289    340.628    349.096   -0.00884    7.02386   10.03994  306.07641   15.77200 9.8423e+00     8.5243  0.6218429 0.0000e+00
        438 157.717491    0.03035     1.8207    109.241     15.142  50600.251    31.6569     6.1383     15.000     6.0847    24.8952     7.8144    11.1102    110.937    340.514    348.989   -0.00868    7.04405   10.06218  306.94768   15.80405 7.6848e+00     6.7760  0.6596620 0.0000e+00
        441 157.717501    0.03057     1.8341    110.048     16.152  50651.134    31.6762     6.0582     16.000     6.0228    24.9202     7.7550    11.0262    109.878    337.917    346.339   -0.01098    7.05795   10.07980  307.54239   15.82920 6.1176e+00     4.8247  0.7268373 0.0000e+00
        444 157.717510    0.03079     1.8476    110.856     17.161  50688.100    31.6919     6.0098     17.000     5.9882    24.9384     7.6250    10.8804    107.943    332.244    340.532   -0.01592    7.06402   10.09018  307.80091   15.84396 4.9614e+00     3.4513  0.7737232 0.0000e+00
        448 157.717519    0.03102     1.8611    111.667     18.170  50711.008    31.7016     5.9803     18.000     5.9668    24.9496     7.4779    10.7205    105.815    325.835    333.966   -0.02110    7.06705   10.09650  307.93018   15.85295 4.0406e+00     2.9161  0.7896312 0.0000e+00
        451 157.717529    0.03124     1.8746    112.474     19.180  50724.614    31.7069     5.9622     19.000     5.9529    24.9560     7.3734    10.5958    104.311    321.280    329.298   -0.02357    7.06880   10.10043  308.00476   15.85855 3.2945e+00     2.7571  0.7867937 0.0000e+00
        454 157.717539    0.03148     1.8884    113.307     20.190  50733.241    31.7101     5.9500     20.000     5.9428    24.9600     7.3281    10.5259    103.651    319.304    327.274   -0.02259    7.07006   10.10312  308.05884   15.86238 2.6960e+00     2.7177  0.7764878 0.0000e+00
        457 157.717547    0.03170     1.9021    114.124     21.199  50738.145    31.7113     5.9412     21.000     5.9343    24.9619     7.3307    10.5128    103.672    319.415    327.388   -0.01941    7.07106   10.10512  308.10239   15.86525 2.2209e+00     2.6930  0.7784813 0.0000e+00
        461 157.717557    0.03192     1.9155    114.928     22.209  50742.300    31.7120     5.9327     22.000     5.9251    24.9636     7.3552    10.5297    104.000    320.483    328.483   -0.01562    7.07231   10.10710  308.15691   15.86812 1.8286e+00     2.7053  0.7766029 0.0000e+00
        464 157.717567    0.03215     1.9293    115.758     23.218  50747.163    31.7129     5.9230     23.000     5.9152    24.9655     7.3870    10.5613    104.423    321.869    329.905   -0.01186    7.07411   10.10935  308.23517   15.87135 1.5039e+00     2.5701  0.7793929 0.0000e+00
        467 157.717576    0.03238     1.9427    116.564     24.228  50754.236    31.7156     5.9139     24.000     5.9079    24.9686     7.4150    10.5954    104.793    323.086    331.154   -0.00891    7.07581   10.11134  308.30758   15.87419 1.2375e+00     2.5797  0.7774671 0.0000e+00
        470 157.717585    0.03260     1.9560    117.363     25.238  50759.502    31.7176     5.9082     25.000     5.9037    24.9709     7.4388    10.6271    105.119    324.122    332.216   -0.00660    7.07656   10.11255  308.33957   15.87590 1.0245e+00     2.5431  0.7790110 0.0000e+00
        474 157.717595    0.03284     1.9701    118.204     26.247  50762.933    31.7187     5.9045     26.000     5.9011    24.9723     7.4617    10.6573    105.437    325.123    333.242   -0.00456    7.07700   10.11335  308.35811   15.87703 8.4706e-01     2.5500  0.7776876 0.0000e+00
        477 157.717604    0.03307     1.9838    119.027     27.257  50765.028    31.7193     5.9026     27.000     5.8998    24.9730     7.4754    10.6798    105.627    325.716    333.850   -0.00323    7.07718   10.11377  308.36573   15.87764 6.9947e-01     2.6139  0.7781083 0.0000e+00
        480 157.717614    0.03329     1.9979    119.874     28.266  50766.161    31.7194     5.9016     28.000     5.8989    24.9732     7.4844    10.6991    105.754    326.109    334.253   -0.00240    7.07720   10.11399  308.36679   15.87794 5.8050e-01     2.6655  0.7830481 0.0000e+00
        484 157.717625    0.03355     2.0131    120.788     29.276  50766.706    31.7192     5.9007     29.000     5.8978    24.9731     7.4991    10.7245    105.959    326.749    334.908   -0.00137    7.07734   10.11422  308.37304   15.87829 4.8154e-01     2.5919  0.7852514 0.0000e+00
        488 157.717636    0.03383     2.0297    121.784     30.285  50768.010    31.7193     5.8996     30.000     5.8967    24.9734     7.5178    10.7612    106.220    327.564    335.744   -0.00034    7.07758   10.11449  308.38324   15.87868 3.9680e-01     2.4468  0.7825841 0.0000e+00
        494 157.717653    0.03423     2.0534    123.205     31.294  50769.593    31.7197     5.8984     31.000     5.8959    24.9738     7.6044    10.8571    107.441    331.337    339.613    0.00346    7.07775   10.11473  308.39029   15.87901 3.1600e-01     2.4008  0.7886728 0.0000e+00
