CTD-processing/allCTD/CNV/2012_07-02_subbays_sadieb_cast155_5028.cnv
* Sea-Bird SBE19plus Data File:
* FileName = C:\Documents and Settings\kris.holderied.local\My Documents\CTD-data-upload-2012-07-28\CTD5028-upload-2012-07-28-cast155.hex
* Software Version 1.54
* Temperature SN =  5028
* Conductivity SN =  5028
* System UpLoad Time = Jul 28 2012 12:01:50
** Kachemak Bay - CTD data - upload all 2012-07-28
** Date:  2012-07-02   xxxx Tide (x of 2 lines)
** Station:  Sadie B
** Start time (AKDT-24 hr):1011
** Depth (ft):106
** Comments: None
# nquan = 26
# nvalues = 25                          
# units = specified
# name 0 = scan: Scan Count
# name 1 = timeJ: Julian Days
# name 2 = timeH: Time, Elapsed [hours]
# name 3 = timeM: Time, Elapsed [minutes]
# name 4 = timeS: Time, Elapsed [seconds]
# name 5 = prdM: Pressure, Strain Gauge [db]
# name 6 = specc: Specific Conductance [uS/cm]
# name 7 = sal00: Salinity, Practical [PSU]
# name 8 = tv290C: Temperature [ITS-90, deg C]
# name 9 = depSM: Depth [salt water, m], lat = 59.00
# name 10 = potemp090C: Potential Temperature [ITS-90, deg C]
# name 11 = sigma-é00: Density [sigma-theta, kg/m^3]
# name 12 = sbeox0ML/L: Oxygen, SBE 43 [ml/l]
# name 13 = sbeox0Mg/L: Oxygen, SBE 43 [mg/l]
# name 14 = sbeox0PS: Oxygen, SBE 43 [% saturation]
# name 15 = sbox0Mm/Kg: Oxygen, SBE 43 [umol/kg]
# name 16 = sbeox0Mm/L: Oxygen, SBE 43 [umol/l]
# name 17 = sbox0dV/dT: Oxygen, SBE 43 [dov/dt]
# name 18 = oxsolML/L: Oxygen Saturation, Garcia & Gordon [ml/l]
# name 19 = oxsolMg/L: Oxygen Saturation, Garcia & Gordon [mg/l]
# name 20 = oxsolMm/Kg: Oxygen Saturation, Garcia & Gordon [umol/kg]
# name 21 = n2satMg/L: Nitrogen Saturation [mg/l]
# name 22 = par: PAR/Irradiance, Biospherical/Licor [umol photons/m^2/sec]
# name 23 = flECO-AFL: Fluorescence, WET Labs ECO-AFL/FL [mg/m^3]
# name 24 = upoly0: Upoly 0, ECO-FLNTUS
# name 25 = flag: flag
# span 0 =        273,        339       
# span 1 = 184.425936, 184.426129       
# span 2 =    0.01886,    0.02349       
# span 3 =     1.1313,     1.4095       
# span 4 =     67.877,     84.571       
# span 5 =      1.009,     25.238       
# span 6 =  43728.473,  50092.026       
# span 7 =    27.5595,    31.4763       
# span 8 =     7.1051,    10.9315       
# span 9 =      1.000,     25.000       
# span 10 =     7.0917,    10.8823      
# span 11 =    21.0002,    24.6306      
# span 12 =     7.4406,     8.3029      
# span 13 =    10.6464,    11.7232      
# span 14 =    107.920,    123.091      
# span 15 =    324.309,    361.997      
# span 16 =    332.298,    370.808      
# span 17 =   -0.01718,    0.08601      
# span 18 =    6.47501,    6.89458      
# span 19 =    9.27425,    9.85028      
# span 20 =  283.08565,  300.50921      
# span 21 =   14.72532,   15.50043      
# span 22 = 2.1330e+00, 1.4830e+02      
# span 23 =     0.6494,     2.1565      
# span 24 =  0.5759704,  1.1369375      
# span 25 = 0.0000e+00, 0.0000e+00      
# interval = meters: 1                  
# start_time = Jul 02 2012 10:12:13 [Instrument's time stamp, header]
# bad_flag = -9.990e-29
*END*
        273 184.425936    0.01886     1.1313     67.877      1.009  43728.473    27.5595    10.9315      1.000    10.8823    21.0002     7.9865    11.1821    123.091    349.419    356.678    0.08601    6.48827    9.27425  283.86955   14.72532 1.4830e+02     1.2853  1.1369375 0.0000e+00
        278 184.425951    0.01923     1.1535     69.208      2.019  44986.071    28.4040    10.6368      2.000    10.4038    21.7043     7.9202    11.2233    122.325    346.271    353.716    0.06083    6.47501    9.28454  283.08565   14.72748 1.0950e+02     1.3079  1.0861395 0.0000e+00
        281 184.425961    0.01944     1.1668     70.006      3.028  46196.891    29.2011    10.2109      3.000     9.8581    22.3929     7.7977    11.1289    119.962    340.618    348.246    0.04098    6.50143    9.32437  283.98903   14.77323 8.8700e+01     1.4154  1.0441860 0.0000e+00
        284 184.425968    0.01963     1.1782     70.693      4.038  47174.724    29.8261     9.7224      4.000     9.3755    22.9572     7.6444    11.0284    116.552    333.695    341.397    0.02064    6.56032    9.38772  286.36989   14.85566 7.8649e+01     1.5004  0.9371996 0.0000e+00
        286 184.425976    0.01982     1.1891     71.344      5.048  47933.835    30.3004     9.2737      5.000     8.9622    23.3970     7.5565    10.9936    114.232    329.704    337.473    0.00640    6.61556    9.45253  288.64747   14.94245 7.2163e+01     1.4757  0.8081678 0.0000e+00
        289 184.425984    0.01999     1.1996     71.976      6.057  48479.459    30.6308     8.8890      6.000     8.6264    23.7137     7.6659    11.1051    115.018    334.375    342.358    0.00665    6.66427    9.51343  290.68716   15.02570 6.5410e+01     1.4726  0.7508865 0.0000e+00
        291 184.425991    0.02017     1.2100     72.600      7.066  48878.910    30.8653     8.5661      7.000     8.3565    23.9455     7.9073    11.3157    117.894    344.838    353.141    0.01627    6.70610    9.56765  292.45445   15.10067 5.7522e+01     1.5395  0.7377426 0.0000e+00
        294 184.425998    0.02034     1.2203     73.221      8.075  49161.502    31.0269     8.3161      8.000     8.1577    24.1089     8.1367    11.5287    120.772    354.793    363.385    0.02550    6.73650    9.61125  293.73951   15.16136 4.9245e+01     1.7104  0.7180473 0.0000e+00
        296 184.426005    0.02052     1.2307     73.841      9.084  49351.076    31.1310     8.1244      9.000     7.9983    24.2183     8.2758    11.6753    122.448    360.833    369.598    0.02924    6.75835    9.64613  294.67067   15.21029 4.1359e+01     1.8683  0.6988402 0.0000e+00
        299 184.426013    0.02068     1.2410     74.462     10.094  49479.888    31.1978     7.9729     10.000     7.8711    24.2925     8.3029    11.7232    122.514    361.997    370.808    0.02633    6.77716    9.67490  295.47574   15.25093 3.4320e+01     1.9991  0.6882626 0.0000e+00
        301 184.426020    0.02085     1.2514     75.085     11.103  49571.126    31.2422     7.8495     11.000     7.7703    24.3449     8.2547    11.6934    121.510    359.885    368.657    0.01946    6.79364    9.69907  296.18476   15.28524 2.8188e+01     2.1419  0.6929668 0.0000e+00
        304 184.426027    0.02103     1.2618     75.709     12.113  49633.793    31.2708     7.7551     12.000     7.6949    24.3806     8.1640    11.6060    119.945    355.924    364.603    0.01114    6.80663    9.71800  296.74723   15.31220 2.3089e+01     2.1565  0.6904519 0.0000e+00
        306 184.426034    0.02120     1.2723     76.336     13.123  49708.870    31.3113     7.6825     13.000     7.6352    24.4226     8.0562    11.4894    118.243    351.207    359.790    0.00330    6.81339    9.73144  297.02700   15.33103 1.8839e+01     2.0805  0.6768939 0.0000e+00
        309 184.426042    0.02138     1.2828     76.966     14.133  49766.579    31.3420     7.6258     14.000     7.5855    24.4546     7.9425    11.3604    116.482    346.241    354.713   -0.00375    6.81879    9.74202  297.25316   15.34588 1.5410e+01     2.0184  0.6565604 0.0000e+00
        311 184.426048    0.02156     1.2932     77.595     15.142  49807.525    31.3623     7.5773     15.000     7.5403    24.4772     7.8399    11.2386    114.887    341.761    350.131   -0.00952    6.82411    9.75151  297.48002   15.35929 1.2593e+01     1.9721  0.6445410 0.0000e+00
        314 184.426056    0.02173     1.3037     78.223     16.152  49836.824    31.3749     7.5327     16.000     7.4947    24.4933     7.7674    11.1411    113.734    338.595    346.891   -0.01292    6.82947    9.76064  297.71071   15.37231 1.0340e+01     1.9163  0.6419041 0.0000e+00
        316 184.426063    0.02190     1.3142     78.852     17.161  49861.973    31.3844     7.4866     17.000     7.4456    24.5071     7.7223    11.0679    112.970    336.628    344.879   -0.01439    6.83577    9.77031  297.98230   15.38616 8.5040e+00     1.8178  0.6377692 0.0000e+00
        319 184.426070    0.02208     1.3247     79.483     18.170  49886.725    31.3928     7.4363     18.000     7.3920    24.5205     7.6948    11.0140    112.441    335.425    343.650   -0.01472    6.84346    9.78102  298.31464   15.40153 7.0441e+00     1.6783  0.6370785 0.0000e+00
        321 184.426077    0.02225     1.3353     80.117     19.180  49915.269    31.4032     7.3820     19.000     7.3374    24.5360     7.6718    10.9681    111.960    334.418    342.623   -0.01476    6.85228    9.79253  298.69460   15.41802 5.8519e+00     1.4963  0.6338726 0.0000e+00
        324 184.426085    0.02243     1.3459     80.756     20.189  49945.835    31.4149     7.3277     20.000     7.2845    24.5526     7.6442    10.9226    111.419    333.208    341.390   -0.01499    6.86082    9.80400  299.06116   15.43444 4.9049e+00     1.2749  0.6076616 0.0000e+00
        327 184.426093    0.02261     1.3567     81.400     21.199  49975.962    31.4263     7.2745     21.000     7.2340    24.5687     7.6116    10.8744    110.806    331.783    339.933   -0.01545    6.86933    9.81524  299.42716   15.45052 4.1260e+00     1.0387  0.5812030 0.0000e+00
        329 184.426100    0.02280     1.3676     82.056     22.209  50006.772    31.4390     7.2249     22.000     7.1896    24.5852     7.5736    10.8225    110.130    330.119    338.236   -0.01605    6.87702    9.82561  299.75735   15.46533 3.4894e+00     0.8795  0.5759704 0.0000e+00
        332 184.426108    0.02299     1.3790     82.740     23.218  50034.014    31.4499     7.1807     23.000     7.1511    24.5998     7.5314    10.7673    109.406    328.275    336.351   -0.01668    6.88394    9.83489  300.05482   15.47858 2.9581e+00     0.7997  0.5911207 0.0000e+00
        335 184.426117    0.02319     1.3915     83.488     24.228  50063.675    31.4634     7.1418     24.000     7.1203    24.6156     7.4853    10.7095    108.650    326.262    334.294   -0.01718    6.88942    9.84280  300.28794   15.48981 2.5059e+00     0.7142  0.5987529 0.0000e+00
        339 184.426129    0.02349     1.4095     84.571     25.238  50092.026    31.4763     7.1051     25.000     7.0917    24.6306     7.4406    10.6464    107.920    324.309    332.298   -0.01657    6.89458    9.85028  300.50921   15.50043 2.1330e+00     0.6494  0.6483001 0.0000e+00
