CTD-processing/allCTD/CNV/2012_10-29_t9_s05_cast077_4141.cnv
* Sea-Bird SBE19plus Data File:
* FileName = C:\Documents and Settings\kris.holderied.local\My Documents\2012-CTD-DATA-new-files\2012-10-CookInlet-LTM\2012-10-29-LTM-CookInlet-Tran9-SpitLine\2012-10-29-CookInlet-Tran9-SpitLine-cast077.hex
* Software Version 1.54
* Temperature SN =  4141
* Conductivity SN =  4141
* System UpLoad Time = Nov 20 2012 20:52:06
** Cook Inlet EVOSTC Transect 9 Spit Line south to north
** Date:  29 Oct 2012
** Station:  9-05
** Start time (AKDT-24 hr): 1957
** Depth (m): 94
** Comment:None
# nquan = 27
# nvalues = 58                          
# units = specified
# name 0 = scan: Scan Count
# name 1 = timeJ: Julian Days
# name 2 = timeH: Time, Elapsed [hours]
# name 3 = timeM: Time, Elapsed [minutes]
# name 4 = timeS: Time, Elapsed [seconds]
# name 5 = prdM: Pressure, Strain Gauge [db]
# name 6 = specc: Specific Conductance [uS/cm]
# name 7 = sal00: Salinity, Practical [PSU]
# name 8 = tv290C: Temperature [ITS-90, deg C]
# name 9 = depSM: Depth [salt water, m], lat = 59.00
# name 10 = potemp090C: Potential Temperature [ITS-90, deg C]
# name 11 = sigma-é00: Density [sigma-theta, kg/m^3]
# name 12 = sbeox0ML/L: Oxygen, SBE 43 [ml/l]
# name 13 = sbeox0Mg/L: Oxygen, SBE 43 [mg/l]
# name 14 = sbeox0PS: Oxygen, SBE 43 [% saturation]
# name 15 = sbox0Mm/Kg: Oxygen, SBE 43 [umol/kg]
# name 16 = sbeox0Mm/L: Oxygen, SBE 43 [umol/l]
# name 17 = sbox0dV/dT: Oxygen, SBE 43 [dov/dt]
# name 18 = oxsolML/L: Oxygen Saturation, Garcia & Gordon [ml/l]
# name 19 = oxsolMg/L: Oxygen Saturation, Garcia & Gordon [mg/l]
# name 20 = oxsolMm/Kg: Oxygen Saturation, Garcia & Gordon [umol/kg]
# name 21 = n2satMg/L: Nitrogen Saturation [mg/l]
# name 22 = par: PAR/Irradiance, Biospherical/Licor
# name 23 = wetStar: Fluorescence, WET Labs WETstar [mg/m^3]
# name 24 = CStarAt0: Beam Attenuation, WET Labs C-Star [1/m]
# name 25 = CStarTr0: Beam Transmission, WET Labs C-Star [%]
# name 26 = flag: flag
# span 0 =        122,        784       
# span 1 = 303.831865, 303.833783       
# span 2 =    0.00838,    0.05441       
# span 3 =     0.5026,     3.2644       
# span 4 =     30.157,    195.865       
# span 5 =      1.013,     58.533       
# span 6 =  49097.337,  49446.124       
# span 7 =    30.7694,    31.1336       
# span 8 =     6.7237,     7.8417       
# span 9 =      1.000,     58.000       
# span 10 =     6.8695,     7.8362      
# span 11 =    24.0942,    24.2618      
# span 12 =     5.2676,     6.0032      
# span 13 =     7.5279,     8.5791      
# span 14 =     75.700,     86.564      
# span 15 =    229.715,    261.791      
# span 16 =    235.251,    268.100      
# span 17 =   -0.00866,    0.00375      
# span 18 =    6.79260,    6.98533      
# span 19 =    9.70730,    9.98273      
# span 20 =  296.17175,  304.61179      
# span 21 =   15.29886,   15.70283      
# span 22 = 3.6381e-02, 5.5621e-01      
# span 23 =     0.2032,     0.7101      
# span 24 =     0.5280,     2.0053      
# span 25 =    63.1717,    87.6337      
# span 26 = 0.0000e+00, 0.0000e+00      
# interval = meters: 1                  
# start_time = Oct 29 2012 19:57:23 [Instrument's time stamp, header]
# bad_flag = -9.990e-29
*END*
        122 303.831865    0.00838     0.5026     30.157      1.013  49188.221    30.7935     6.7237      1.000     6.8695    24.1419     5.6001     8.0031     80.171    244.206    250.101    0.00375    6.98533    9.98273  304.61179   15.70283 1.0169e-01     0.2032     2.0053    63.1717 0.0000e+00
        234 303.832192    0.01621     0.9728     58.368      2.013  49111.786    30.7694     6.8922      2.000     6.9459    24.1017     5.2676     7.5279     75.700    229.715    235.251   -0.00311    6.95896    9.94504  303.47275   15.64863 5.5621e-01     0.6677     0.9180    80.0580 0.0000e+00
        397 303.832663    0.02753     1.6520     99.119      3.028  49109.471    30.7919     7.0355      3.000     7.0419    24.1011     6.0032     8.5791     86.564    261.791    268.100    0.00290    6.93484    9.91057  302.42115   15.59840 3.2888e-01     0.7074     0.7922    82.0323 0.0000e+00
        402 303.832676    0.02783     1.6694    100.166      4.043  49097.337    30.7857     7.0513      4.000     7.0528    24.0942     5.9871     8.5562     86.361    261.093    267.384    0.00149    6.93260    9.90737  302.32537   15.59386 1.1134e-01     0.7101     0.7917    82.0437 0.0000e+00
        407 303.832690    0.02816     1.6897    101.384      5.054  49110.091    30.7957     7.0605      5.000     7.0662    24.1008     5.9765     8.5410     86.233    260.627    266.909   -0.00025    6.93066    9.90461  302.23914   15.58970 1.4500e-01     0.6916     0.8004    81.8664 0.0000e+00
        410 303.832700    0.02842     1.7051    102.308      6.047  49122.470    30.8066     7.0767      6.000     7.0848    24.1073     5.9720     8.5345     86.206    260.430    266.708   -0.00072    6.92758    9.90021  302.10302   15.58317 1.1784e-01     0.6983     0.8021    81.8313 0.0000e+00
        417 303.832719    0.02887     1.7320    103.917      7.071  49106.062    30.7964     7.0866      7.000     7.0873    24.0980     5.9713     8.5336     86.210    260.402    266.677   -0.00039    6.92646    9.89860  302.05655   15.58100 6.5160e-02     0.7031     0.7858    82.1646 0.0000e+00
        422 303.832733    0.02922     1.7531    105.186      8.082  49109.792    30.7998     7.0942      8.000     7.0956    24.0997     5.9634     8.5223     86.113    260.060    266.327   -0.00135    6.92508    9.89663  301.99608   15.57810 6.6768e-02     0.7075     0.7993    81.8872 0.0000e+00
        425 303.832744    0.02946     1.7675    106.052      9.069  49112.493    30.8019     7.0983      9.000     7.1002    24.1009     5.9702     8.5320     86.220    260.352    266.627   -0.00019    6.92433    9.89555  301.96286   15.57650 6.1925e-02     0.6957     0.8017    81.8383 0.0000e+00
        433 303.832767    0.03002     1.8009    108.054     10.121  49136.649    30.8198     7.1080     10.000     7.1208    24.1137     5.9680     8.5288     86.218    260.252    266.528   -0.00024    6.92197    9.89219  301.85629   15.57136 4.6707e-02     0.6859     0.7842    82.1978 0.0000e+00
        437 303.832777    0.03025     1.8148    108.889     11.117  49124.022    30.8144     7.1306     11.000     7.1374    24.1065     5.9639     8.5230     86.200    260.076    266.347   -0.00058    6.91862    9.88739  301.71217   15.56450 4.8235e-02     0.6982     0.8081    81.7074 0.0000e+00
        439 303.832783    0.03039     1.8233    109.402     12.088  49135.354    30.8232     7.1386     12.000     7.1465    24.1124     5.9661     8.5262     86.254    260.173    266.446   -0.00011    6.91693    9.88498  301.63684   15.56087 4.7807e-02     0.6893     0.8198    81.4681 0.0000e+00
        446 303.832804    0.03090     1.8541    111.249     13.126  49144.580    30.8332     7.1628     13.000     7.1721    24.1171     5.9489     8.5015     86.058    259.420    265.677   -0.00170    6.91262    9.87884  301.44785   15.55181 4.1869e-02     0.6905     0.7924    82.0298 0.0000e+00
        452 303.832820    0.03130     1.8781    112.686     14.139  49149.180    30.8400     7.1877     14.000     7.2026    24.1193     5.9367     8.4841     85.935    258.888    265.133   -0.00232    6.90834    9.87271  301.26032   15.54284 4.0253e-02     0.6614     0.7959    81.9572 0.0000e+00
        455 303.832829    0.03150     1.8896    113.375     15.127  49216.603    30.8926     7.2238     15.000     7.2598    24.1557     5.9365     8.4838     86.033    258.871    265.124   -0.00091    6.90022    9.86110  300.89522   15.52521 4.0012e-02     0.6770     0.7918    82.0397 0.0000e+00
        459 303.832842    0.03182     1.9089    114.536     16.152  49187.687    30.8838     7.2944     16.000     7.3078    24.1395     5.9296     8.4741     86.069    258.576    264.818   -0.00015    6.88943    9.84568  300.42960   15.50304 3.8610e-02     0.6765     0.7683    82.5237 0.0000e+00
        464 303.832857    0.03217     1.9302    115.812     17.159  49164.146    30.8703     7.3147     17.000     7.3239    24.1262     5.9002     8.4319     85.672    257.293    263.500   -0.00353    6.88682    9.84195  300.31955   15.49785 3.7875e-02     0.6631     0.7565    82.7678 0.0000e+00
        471 303.832875    0.03262     1.9568    117.411     18.173  49359.975    31.0297     7.4584     18.000     7.5212    24.2323     5.8856     8.4112     85.834    256.634    262.852   -0.00094    6.85699    9.79932  298.98800   15.43367 3.7322e-02     0.6443     0.6989    83.9715 0.0000e+00
        476 303.832891    0.03299     1.9793    118.755     19.191  49365.120    31.0574     7.6091     19.000     7.6476    24.2336     5.8631     8.3791     85.818    255.654    261.850   -0.00028    6.83212    9.76378  297.90328   15.38180 3.7038e-02     0.6049     0.6613    84.7624 0.0000e+00
        479 303.832899    0.03320     1.9920    119.523     20.185  49325.497    31.0381     7.6635     20.000     7.6741    24.2110     5.8305     8.3324     85.435    254.236    260.392   -0.00408    6.82450    9.75289  297.57751   15.36633 3.6998e-02     0.5757     0.6459    85.0885 0.0000e+00
        482 303.832909    0.03343     2.0061    120.363     21.190  49308.820    31.0286     7.6788     21.000     7.6793    24.2014     5.7976     8.2854     84.978    252.805    258.923   -0.00719    6.82255    9.75010  297.49519   15.36244 3.6794e-02     0.5313     0.6409    85.1950 0.0000e+00
        488 303.832925    0.03382     2.0289    121.733     22.206  49305.971    31.0267     7.6823     22.000     7.6802    24.1995     5.7643     8.2379     84.495    251.353    257.436   -0.00866    6.82209    9.74944  297.47572   15.36152 3.6483e-02     0.5025     0.6232    85.5731 0.0000e+00
        495 303.832945    0.03429     2.0573    123.437     23.223  49309.844    31.0289     7.6824     23.000     7.6810    24.2012     5.7663     8.2407     84.526    251.439    257.525   -0.00433    6.82197    9.74928  297.47005   15.36125 3.6387e-02     0.4741     0.6247    85.5419 0.0000e+00
        499 303.832958    0.03459     2.0758    124.547     24.235  49311.120    31.0296     7.6838     24.000     7.6817    24.2016     5.7725     8.2495     84.619    251.707    257.799   -0.00194    6.82171    9.74891  297.45886   15.36071 3.6394e-02     0.4835     0.6356    85.3081 0.0000e+00
        503 303.832968    0.03483     2.0901    125.407     25.234  49319.355    31.0351     7.6849     25.000     7.6851    24.2057     5.7717     8.2483     84.613    251.672    257.764   -0.00152    6.82130    9.74832  297.43963   15.35977 3.6408e-02     0.4649     0.6453    85.1006 0.0000e+00
        507 303.832979    0.03511     2.1068    126.406     26.238  49321.949    31.0372     7.6899     26.000     7.6891    24.2068     5.7675     8.2423     84.562    251.487    257.575   -0.00158    6.82044    9.74709  297.40166   15.35795 3.6390e-02     0.4774     0.6371    85.2758 0.0000e+00
        513 303.832997    0.03553     2.1314    127.885     27.266  49322.158    31.0375     7.6934     27.000     7.6913    24.2064     5.7573     8.2277     84.419    251.043    257.120   -0.00212    6.81988    9.74630  297.37753   15.35679 3.6383e-02     0.4644     0.6233    85.5698 0.0000e+00
        517 303.833008    0.03581     2.1488    128.927     28.265  49327.628    31.0411     7.6951     28.000     7.6949    24.2091     5.7586     8.2296     84.443    251.099    257.178   -0.00162    6.81945    9.74567  297.35784   15.35584 3.6382e-02     0.4632     0.6331    85.3613 0.0000e+00
        522 303.833023    0.03616     2.1696    130.175     29.272  49326.806    31.0409     7.7000     29.000     7.6985    24.2083     5.7699     8.2458     84.619    251.595    257.685    0.00046    6.81870    9.74460  297.32512   15.35428 3.6382e-02     0.4632     0.6219    85.6014 0.0000e+00
        528 303.833041    0.03659     2.1954    131.726     30.300  49335.223    31.0470     7.7044     30.000     7.7062    24.2125     5.7664     8.2408     84.580    251.441    257.529   -0.00005    6.81774    9.74322  297.28198   15.35219 3.6382e-02     0.4683     0.6150    85.7486 0.0000e+00
        531 303.833051    0.03682     2.2093    132.555     31.290  49330.311    31.0444     7.7125     31.000     7.7110    24.2094     5.7595     8.2310     84.492    251.139    257.219   -0.00115    6.81658    9.74157  297.23267   15.34985 3.6382e-02     0.4656     0.6227    85.5846 0.0000e+00
        536 303.833063    0.03713     2.2279    133.676     32.297  49335.181    31.0483     7.7183     32.000     7.7177    24.2116     5.7689     8.2444     84.644    251.549    257.640    0.00036    6.81552    9.74006  297.18593   15.34761 3.6381e-02     0.4777     0.6038    85.9907 0.0000e+00
        542 303.833081    0.03756     2.2535    135.211     33.338  49340.392    31.0525     7.7248     33.000     7.7255    24.2140     5.7601     8.2318     84.530    251.166    257.247   -0.00073    6.81433    9.73837  297.13323   15.34507 3.6386e-02     0.4588     0.5917    86.2497 0.0000e+00
        545 303.833089    0.03775     2.2652    135.910     34.317  49341.961    31.0541     7.7305     34.000     7.7311    24.2144     5.7574     8.2278     84.501    251.044    257.123   -0.00141    6.81337    9.73699  297.09117   15.34306 3.6624e-02     0.4576     0.6099    85.8569 0.0000e+00
        551 303.833108    0.03822     2.2930    137.581     35.331  49348.342    31.0593     7.7386     35.000     7.7402    24.2175     5.7644     8.2379     84.623    251.350    257.437   -0.00000    6.81188    9.73486  297.02546   15.33990 3.6397e-02     0.4567     0.5812    86.4782 0.0000e+00
        559 303.833130    0.03873     2.3240    139.441     36.347  49370.274    31.0764     7.7528     36.000     7.7574    24.2290     5.7648     8.2386     84.667    251.368    257.460    0.00014    6.80892    9.73063  296.89285   15.33350 3.6382e-02     0.4467     0.5717    86.6820 0.0000e+00
        563 303.833141    0.03900     2.3401    140.406     37.345  49363.958    31.0734     7.7645     37.000     7.7642    24.2250     5.7611     8.2332     84.632    251.206    257.292   -0.00040    6.80722    9.72820  296.81991   15.33003 3.6382e-02     0.4473     0.5608    86.9171 0.0000e+00
        568 303.833156    0.03936     2.3613    141.677     38.366  49361.920    31.0725     7.7697     38.000     7.7669    24.2235     5.7643     8.2378     84.689    251.346    257.435    0.00017    6.80646    9.72712  296.78740   15.32848 3.6382e-02     0.4413     0.5457    87.2464 0.0000e+00
        573 303.833171    0.03970     2.3823    142.939     39.362  49362.681    31.0728     7.7713     39.000     7.7680    24.2236     5.7676     8.2425     84.741    251.490    257.581    0.00042    6.80619    9.72673  296.77539   15.32791 3.6382e-02     0.4474     0.5451    87.2604 0.0000e+00
        587 303.833213    0.04071     2.4427    146.564     40.398  49364.841    31.0739     7.7719     40.000     7.7687    24.2245     5.7498     8.2170     84.481    250.712    256.785   -0.00175    6.80605    9.72653  296.76921   15.32761 3.6382e-02     0.4305     0.5402    87.3681 0.0000e+00
        591 303.833222    0.04095     2.4570    147.423     41.388  49366.316    31.0746     7.7727     41.000     7.7693    24.2249     5.7437     8.2083     84.393    250.446    256.514   -0.00216    6.80590    9.72631  296.76239   15.32728 3.6382e-02     0.4364     0.5661    86.8032 0.0000e+00
        595 303.833234    0.04123     2.4735    148.412     42.382  49370.173    31.0770     7.7740     42.000     7.7707    24.2266     5.7470     8.2130     84.445    250.588    256.659   -0.00140    6.80559    9.72587  296.74844   15.32661 3.6382e-02     0.4422     0.5557    87.0310 0.0000e+00
        611 303.833281    0.04236     2.5416    152.496     43.417  49374.951    31.0802     7.7756     43.000     7.7717    24.2289     5.7572     8.2276     84.601    251.035    257.118    0.00022    6.80520    9.72532  296.73091   15.32576 3.6382e-02     0.4298     0.5314    87.5609 0.0000e+00
        617 303.833299    0.04278     2.5667    154.005     44.416  49380.799    31.0838     7.7753     44.000     7.7709    24.2318     5.7530     8.2216     84.540    250.850    256.929   -0.00059    6.80508    9.72514  296.72471   15.32545 3.6382e-02     0.4357     0.5524    87.1024 0.0000e+00
        624 303.833320    0.04328     2.5969    155.811     45.431  49383.163    31.0850     7.7751     45.000     7.7709    24.2327     5.7580     8.2288     84.614    251.070    257.154    0.00037    6.80508    9.72514  296.72430   15.32543 3.6382e-02     0.4303     0.5461    87.2387 0.0000e+00
        640 303.833364    0.04434     2.6607    159.644     46.445  49384.522    31.0856     7.7762     46.000     7.7725    24.2331     5.7590     8.2302     84.629    251.111    257.196    0.00065    6.80487    9.72484  296.71526   15.32499 3.6382e-02     0.4365     0.5486    87.1837 0.0000e+00
        649 303.833393    0.04503     2.7019    162.114     47.446  49396.250    31.0942     7.7815     47.000     7.7789    24.2391     5.7568     8.2270     84.613    251.013    257.097    0.00009    6.80366    9.72311  296.66063   15.32235 3.6382e-02     0.4305     0.5565    87.0117 0.0000e+00
        666 303.833441    0.04621     2.7723    166.340     48.455  49408.473    31.1036     7.7899     48.000     7.7871    24.2453     5.7552     8.2247     84.611    250.942    257.026   -0.00040    6.80194    9.72066  296.58405   15.31866 3.6382e-02     0.4246     0.5427    87.3133 0.0000e+00
        681 303.833483    0.04720     2.8318    169.909     49.469  49416.011    31.1096     7.7975     49.000     7.7949    24.2490     5.7547     8.2240     84.621    250.918    257.002    0.00017    6.80050    9.71859  296.51992   15.31557 3.6382e-02     0.4268     0.5338    87.5068 0.0000e+00
        697 303.833531    0.04836     2.9016    174.095     50.480  49424.425    31.1171     7.8104     50.000     7.8079    24.2531     5.7456     8.2110     84.516    250.521    256.597   -0.00081    6.79817    9.71527  296.41728   15.31064 3.6382e-02     0.4145     0.5299    87.5933 0.0000e+00
        710 303.833567    0.04921     2.9528    177.165     51.489  49428.065    31.1205     7.8188     51.000     7.8151    24.2546     5.7427     8.2069     84.492    250.396    256.470   -0.00067    6.79672    9.71319  296.35353   15.30758 3.6382e-02     0.4129     0.5280    87.6337 0.0000e+00
        719 303.833594    0.04987     2.9924    179.546     52.495  49433.656    31.1248     7.8241     52.000     7.8213    24.2573     5.7381     8.2003     84.437    250.193    256.263   -0.00077    6.79572    9.71176  296.30899   15.30544 3.6382e-02     0.4269     0.5387    87.3990 0.0000e+00
        734 303.833638    0.05092     3.0552    183.310     53.513  49432.463    31.1245     7.8303     53.000     7.8254    24.2562     5.7431     8.2075     84.523    250.414    256.489   -0.00027    6.79476    9.71039  296.26770   15.30347 3.6382e-02     0.4019     0.5335    87.5135 0.0000e+00
