CTD-processing/allCTD/CNV/2012_09-21_t9_s08_repeat6_cast193_4141.cnv
* Sea-Bird SBE19plus Data File:
* FileName = C:\Documents and Settings\kris.holderied.local\My Documents\2012-CTD-DATA-new-files\2012-09-21-CTD-HomerSpit-tide-time-series-KBRRctd\2012-09-21-CTD-HomerSpit-tide-repeat6\2012-09-21-HomerSpit-tide-repeat6-LTM-cast193.hex
* Software Version 1.54
* Temperature SN =  4141
* Conductivity SN =  4141
* System UpLoad Time = Oct 11 2012 21:47:01
** Kachemak Bay Homer Spit Line - Tidal repeat6 & LTM line
** Date:  2012-09-21
** Station: 9-08
** Start time (AKDT-24 hr): 1807
** Depth (ft): 320
** Comment:
# nquan = 27
# nvalues = 94                          
# units = specified
# name 0 = scan: Scan Count
# name 1 = timeJ: Julian Days
# name 2 = timeH: Time, Elapsed [hours]
# name 3 = timeM: Time, Elapsed [minutes]
# name 4 = timeS: Time, Elapsed [seconds]
# name 5 = prdM: Pressure, Strain Gauge [db]
# name 6 = specc: Specific Conductance [uS/cm]
# name 7 = sal00: Salinity, Practical [PSU]
# name 8 = tv290C: Temperature [ITS-90, deg C]
# name 9 = depSM: Depth [salt water, m], lat = 59.00
# name 10 = potemp090C: Potential Temperature [ITS-90, deg C]
# name 11 = sigma-é00: Density [sigma-theta, kg/m^3]
# name 12 = sbeox0ML/L: Oxygen, SBE 43 [ml/l]
# name 13 = sbeox0Mg/L: Oxygen, SBE 43 [mg/l]
# name 14 = sbeox0PS: Oxygen, SBE 43 [% saturation]
# name 15 = sbox0Mm/Kg: Oxygen, SBE 43 [umol/kg]
# name 16 = sbeox0Mm/L: Oxygen, SBE 43 [umol/l]
# name 17 = sbox0dV/dT: Oxygen, SBE 43 [dov/dt]
# name 18 = oxsolML/L: Oxygen Saturation, Garcia & Gordon [ml/l]
# name 19 = oxsolMg/L: Oxygen Saturation, Garcia & Gordon [mg/l]
# name 20 = oxsolMm/Kg: Oxygen Saturation, Garcia & Gordon [umol/kg]
# name 21 = n2satMg/L: Nitrogen Saturation [mg/l]
# name 22 = par: PAR/Irradiance, Biospherical/Licor
# name 23 = wetStar: Fluorescence, WET Labs WETstar [mg/m^3]
# name 24 = CStarAt0: Beam Attenuation, WET Labs C-Star [1/m]
# name 25 = CStarTr0: Beam Transmission, WET Labs C-Star [%]
# name 26 = flag: flag
# span 0 =        159,        612       
# span 1 = 265.755249, 265.756559       
# span 2 =    0.01099,    0.04240       
# span 3 =     0.6593,     2.5442       
# span 4 =     39.560,    152.655       
# span 5 =      1.024,     94.903       
# span 6 =  39436.003,  48784.926       
# span 7 =    24.4463,    30.8793       
# span 8 =     9.3650,     9.7129       
# span 9 =      1.000,     94.000       
# span 10 =     9.3636,     9.7106      
# span 11 =    18.8174,    23.8374      
# span 12 =     5.2256,     6.5369      
# span 13 =     7.4678,     9.3418      
# span 14 =     79.491,     96.916      
# span 15 =    227.940,    286.056      
# span 16 =    233.374,    291.937      
# span 17 =   -0.01680,    0.15962      
# span 18 =    6.54762,    6.85274      
# span 19 =    9.35720,    9.79325      
# span 20 =  285.69619,  300.39087      
# span 21 =   14.80085,   15.52831      
# span 22 = 6.1427e-02, 7.1776e+01      
# span 23 =     0.4574,     2.2035      
# span 24 =     0.8282,     4.3001      
# span 25 =    35.7446,    81.2976      
# span 26 = 0.0000e+00, 0.0000e+00      
# interval = meters: 1                  
# start_time = Sep 21 2012 18:06:54 [Instrument's time stamp, header]
# bad_flag = -9.990e-29
*END*
        159 265.755249    0.01099     0.6593     39.560      1.024  39436.003    24.4463     9.3678      1.000     9.3639    18.8174     5.9573     8.5136     86.934    261.141    266.055    0.09675    6.85274    9.79325  300.39087   15.52831 7.1776e+01     0.6715     4.3001    35.7446 0.0000e+00
        264 265.755552    0.01825     1.0948     65.691      2.016  40487.642    25.1644     9.3650      2.000     9.3974    19.3776     6.4697     9.2459     94.849    283.443    288.938    0.15962    6.82159    9.74874  298.86141   15.45222 3.6173e+01     1.1847     3.4177    42.9238 0.0000e+00
        283 265.755608    0.01958     1.1749     70.497      3.020  42702.388    26.6941     9.4314      3.000     9.5073    20.5607     6.5369     9.3418     96.916    286.056    291.937    0.13844    6.74489    9.63912  295.15973   15.26899 1.7969e+01     1.3735     3.0231    46.9967 0.0000e+00
        288 265.755621    0.01990     1.1940     71.638      4.047  44773.085    28.1441     9.6058      4.000     9.6348    21.6654     6.3698     9.1030     95.696    278.440    284.473    0.07513    6.65620    9.51238  290.96195   15.06239 9.9738e+00     1.5273     2.7203    50.6655 0.0000e+00
        291 265.755631    0.02015     1.2087     72.522      5.054  44852.011    28.2028     9.6419      5.000     9.6479    21.7057     6.2291     8.9019     93.693    272.280    278.189    0.03310    6.64835    9.50117  290.60768   15.04521 6.9079e+00     1.7167     2.0252    60.2833 0.0000e+00
        294 265.755640    0.02036     1.2215     73.291      6.044  45354.871    28.5537     9.6552      6.000     9.6674    21.9774     6.0864     8.6981     91.780    265.975    271.820    0.00457    6.63144    9.47699  289.79128   15.00474 4.7659e+00     2.2035     1.8646    62.7519 0.0000e+00
        299 265.755653    0.02068     1.2406     74.439      7.077  45913.680    28.9458     9.6831      7.000     9.6856    22.2789     5.9618     8.5200     90.184    260.450    266.253   -0.01429    6.61066    9.44730  288.79796   14.95564 3.3479e+00     2.0312     1.7153    65.1264 0.0000e+00
        302 265.755664    0.02092     1.2557     75.340      8.080  46093.889    29.0713     9.6844      8.000     9.6794    22.3765     5.9155     8.4538     89.559    258.403    264.186   -0.01575    6.60515    9.43942  288.52959   14.94230 2.3173e+00     1.8722     1.6017    67.0023 0.0000e+00
        306 265.755673    0.02115     1.2689     76.134      9.073  46249.656    29.1792     9.6805      9.000     9.6812    22.4612     5.8792     8.4019     89.062    256.794    262.563   -0.01680    6.60115    9.43370  288.33091   14.93236 1.6625e+00     1.9542     1.5504    67.8688 0.0000e+00
        310 265.755686    0.02146     1.2872     77.233     10.111  46490.468    29.3476     9.6857     10.000     9.6870    22.5918     5.8380     8.3431     88.546    254.966    260.727   -0.01564    6.59324    9.42240  287.94900   14.91341 1.2148e+00     1.7811     1.4867    68.9599 0.0000e+00
        313 265.755694    0.02166     1.2996     77.978     11.095  47127.745    29.7931     9.6887     11.000     9.6908    22.9389     5.8168     8.3128     88.483    253.954    259.780   -0.01297    6.57396    9.39485  287.00946   14.86666 8.9089e-01     1.7557     1.3883    70.6804 0.0000e+00
        317 265.755705    0.02191     1.3149     78.895     12.114  47321.906    29.9294     9.6943     12.000     9.6960    23.0444     5.8083     8.3006     88.441    253.555    259.398   -0.00889    6.56739    9.38547  286.69328   14.85099 6.8938e-01     1.7852     1.2433    73.2851 0.0000e+00
        320 265.755716    0.02217     1.3303     79.815     13.126  47400.890    29.9851     9.7004     13.000     9.7017    23.0869     5.7801     8.2602     88.054    252.312    258.138   -0.00954    6.56417    9.38087  286.54078   14.84348 5.3610e-01     1.6777     1.1436    75.1322 0.0000e+00
        324 265.755725    0.02241     1.3448     80.685     14.126  47494.053    30.0507     9.7063     14.000     9.7096    23.1371     5.7504     8.2179     87.651    251.007    256.814   -0.01112    6.56055    9.37568  286.36830   14.83495 4.1849e-01     1.6189     1.1004    75.9507 0.0000e+00
        328 265.755737    0.02269     1.3614     81.685     15.150  47522.798    30.0712     9.7129     15.000     9.7106    23.1521     5.7504     8.2180     87.677    251.005    256.816   -0.00756    6.55873    9.37308  286.28492   14.83088 3.3230e-01     1.4899     1.0811    76.3163 0.0000e+00
        331 265.755747    0.02292     1.3751     82.506     16.147  47567.564    30.1020     9.7117     16.000     9.7071    23.1764     5.7397     8.2025     87.526    250.525    256.332   -0.00652    6.55761    9.37148  286.22897   14.82808 2.6483e-01     1.4938     1.1064    75.8361 0.0000e+00
        335 265.755757    0.02317     1.3902     83.410     17.165  47600.263    30.1237     9.7051     17.000     9.6991    23.1944     5.7507     8.2183     87.694    251.003    256.825   -0.00394    6.55765    9.37154  286.22594   14.82785 2.1407e-01     1.4349     1.0723    76.4857 0.0000e+00
        338 265.755767    0.02340     1.4043     84.256     18.164  47631.174    30.1442     9.6991     18.000     9.6925    23.2114     5.7590     8.2301     87.820    251.360    257.194   -0.00066    6.55764    9.37152  286.22063   14.82752 1.7386e-01     1.3203     1.0710    76.5095 0.0000e+00
        342 265.755777    0.02366     1.4199     85.191     19.187  47755.210    30.2295     9.6891     19.000     9.6834    23.2794     5.7398     8.2028     87.557    250.508    256.340   -0.00301    6.55550    9.36847  286.10835   14.82180 1.4295e-01     1.3891     1.0413    77.0816 0.0000e+00
        345 265.755787    0.02390     1.4339     86.036     20.183  47770.746    30.2396     9.6859     20.000     9.6837    23.2879     5.7298     8.1884     87.404    250.068    255.892   -0.00391    6.55553    9.36853  286.10760   14.82172 1.2266e-01     1.3666     1.0222    77.4506 0.0000e+00
        349 265.755799    0.02418     1.4506     87.034     21.211  47780.515    30.2461     9.6865     21.000     9.6852    23.2929     5.7155     8.1679     87.190    249.441    255.251   -0.00468    6.55518    9.36801  286.09054   14.82088 1.0837e-01     1.2082     0.9887    78.1006 0.0000e+00
        352 265.755808    0.02440     1.4641     87.844     22.202  47783.254    30.2478     9.6878     22.000     9.6859    23.2940     5.7112     8.1619     87.129    249.255    255.062   -0.00440    6.55491    9.36762  286.07819   14.82028 9.6680e-02     1.2309     0.9866    78.1421 0.0000e+00
        356 265.755820    0.02468     1.4812     88.872     23.222  47789.104    30.2516     9.6886     23.000     9.6866    23.2968     5.7186     8.1724     87.244    249.577    255.391   -0.00193    6.55465    9.36725  286.06623   14.81969 8.8576e-02     1.3282     0.9817    78.2371 0.0000e+00
        360 265.755831    0.02495     1.4971     89.824     24.246  47817.101    30.2709     9.6900     24.000     9.6875    23.3118     5.7179     8.1714     87.247    249.544    255.360   -0.00106    6.55365    9.36581  286.01801   14.81731 8.1940e-02     1.1851     0.9832    78.2074 0.0000e+00
        363 265.755838    0.02512     1.5073     90.437     25.221  47889.209    30.3211     9.6897     25.000     9.6846    23.3509     5.7173     8.1705     87.266    249.506    255.332   -0.00107    6.55156    9.36284  285.91625   14.81224 7.6794e-02     1.2302     0.9885    78.1056 0.0000e+00
        367 265.755851    0.02542     1.5251     91.504     26.250  47961.601    30.3707     9.6839     26.000     9.6783    23.3906     5.7238     8.1798     87.381    249.780    255.622    0.00031    6.55031    9.36106  285.85080   14.80891 7.3732e-02     1.2577     0.9291    79.2741 0.0000e+00
        371 265.755862    0.02569     1.5419     92.517     27.275  48002.436    30.3983     9.6790     27.000     9.6761    23.4130     5.7250     8.1816     87.407    249.830    255.680    0.00057    6.54986    9.36041  285.82499   14.80756 7.2361e-02     1.1478     0.9192    79.4693 0.0000e+00
        373 265.755869    0.02586     1.5516     93.096     28.245  48035.838    30.4215     9.6793     28.000     9.6750    23.4309     5.7215     8.1765     87.366    249.671    255.521   -0.00011    6.54884    9.35895  285.77536   14.80510 6.8321e-02     1.2040     0.9574    78.7141 0.0000e+00
        377 265.755881    0.02613     1.5680     94.078     29.277  48057.941    30.4362     9.6772     29.000     9.6737    23.4428     5.7258     8.1828     87.438    249.859    255.717    0.00025    6.54852    9.35848  285.75773   14.80420 6.7212e-02     1.1069     0.9245    79.3643 0.0000e+00
        381 265.755891    0.02640     1.5840     95.040     30.291  48065.445    30.4410     9.6767     30.000     9.6733    23.4466     5.7227     8.1784     87.392    249.723    255.578    0.00001    6.54839    9.35831  285.75119   14.80386 6.6416e-02     1.0675     0.8932    79.9889 0.0000e+00
        385 265.755902    0.02665     1.5987     95.922     31.286  48083.666    30.4533     9.6761     31.000     9.6718    23.4564     5.7202     8.1748     87.358    249.610    255.465   -0.00069    6.54797    9.35771  285.73027   14.80281 6.5101e-02     1.0651     0.8992    79.8687 0.0000e+00
        390 265.755915    0.02698     1.6190     97.138     32.414  48107.317    30.4692     9.6736     32.000     9.6460    23.4692     5.7226     8.1782     87.399    249.710    255.571    0.00006    6.54765    9.35725  285.71258   14.80189 6.5487e-02     1.1951     0.8672    80.5088 0.0000e+00
        391 265.755919    0.02707     1.6242     97.453     33.276  48204.702    30.5347     9.6548     33.000     9.6424    23.5233     5.7180     8.1716     87.330    249.498    255.366   -0.00063    6.54762    9.35720  285.69619   14.80085 6.3487e-02     1.0331     0.9259    79.3372 0.0000e+00
        395 265.755931    0.02733     1.6401     98.406     34.326  48220.926    30.5436     9.6383     34.000     9.6253    23.5328     5.6936     8.1367     86.930    248.428    254.275   -0.00385    6.54962    9.36005  285.78056   14.80485 6.3620e-02     1.1788     0.8840    80.1720 0.0000e+00
        399 265.755943    0.02762     1.6574     99.445     35.336  48248.175    30.5601     9.6209     35.000     9.6144    23.5485     5.6500     8.0743     86.240    246.521    252.327   -0.00928    6.55144    9.36266  285.85571   14.80838 6.3353e-02     1.0375     0.8752    80.3494 0.0000e+00
        402 265.755953    0.02787     1.6719    100.311     36.336  48265.043    30.5708     9.6162     36.000     9.6039    23.5576     5.6177     8.0282     85.745    245.112    250.886   -0.01141    6.55167    9.36299  285.86332   14.80870 6.2740e-02     1.0130     0.9070    79.7127 0.0000e+00
        407 265.755965    0.02816     1.6897    101.380     37.362  48293.978    30.5883     9.5974     37.000     9.5883    23.5742     5.5865     7.9837     85.242    243.747    249.493   -0.01242    6.55366    9.36582  285.94512   14.81254 6.2974e-02     0.8834     0.8800    80.2509 0.0000e+00
        410 265.755974    0.02839     1.7033    102.200     38.366  48312.647    30.6001     9.5905     38.000     9.5830    23.5846     5.5666     7.9553     84.933    242.878    248.606   -0.01189    6.55415    9.36654  285.96405   14.81339 6.2761e-02     0.9059     0.8930    79.9935 0.0000e+00
        413 265.755983    0.02859     1.7152    102.915     39.360  48319.567    30.6039     9.5855     39.000     9.5781    23.5883     5.5526     7.9352     84.712    242.265    247.980   -0.01138    6.55472    9.36735  285.98769   14.81451 6.1870e-02     0.8308     0.9232    79.3900 0.0000e+00
        416 265.755994    0.02885     1.7312    103.873     40.385  48337.453    30.6153     9.5796     40.000     9.5712    23.5982     5.5444     7.9235     84.582    241.905    247.614   -0.00923    6.55509    9.36788  286.00113   14.81510 6.2131e-02     0.8226     0.9097    79.6587 0.0000e+00
        420 265.756004    0.02910     1.7461    104.766     41.396  48368.559    30.6358     9.5722     41.000     9.5658    23.6153     5.5327     7.9067     84.399    241.387    247.088   -0.00786    6.55530    9.36819  286.00571   14.81524 6.2666e-02     0.6988     0.8828    80.1951 0.0000e+00
        423 265.756014    0.02933     1.7596    105.575     42.397  48383.222    30.6453     9.5696     42.000     9.5640    23.6232     5.5181     7.8860     84.178    240.751    246.438   -0.00811    6.55527    9.36814  286.00213   14.81503 6.1980e-02     0.8299     0.8863    80.1245 0.0000e+00
        427 265.756023    0.02957     1.7741    106.446     43.410  48395.690    30.6534     9.5677     43.000     9.5611    23.6297     5.5096     7.8738     84.050    240.379    246.059   -0.00711    6.55521    9.36805  285.99757   14.81478 6.1427e-02     0.7861     0.8751    80.3499 0.0000e+00
        431 265.756035    0.02983     1.7896    107.377     44.416  48408.302    30.6613     9.5636     44.000     9.5557    23.6366     5.5069     7.8698     84.004    240.256    245.934   -0.00550    6.55546    9.36841  286.00679   14.81519 6.2188e-02     0.7040     0.8454    80.9501 0.0000e+00
        434 265.756046    0.03010     1.8059    108.354     45.434  48429.455    30.6747     9.5557     45.000     9.5434    23.6483     5.5018     7.8626     83.919    240.034    245.710   -0.00436    6.55605    9.36925  286.02897   14.81619 6.2111e-02     0.6378     0.8282    81.2976 0.0000e+00
        438 265.756056    0.03034     1.8201    109.207     46.431  48460.553    30.6943     9.5423     46.000     9.5306    23.6658     5.4931     7.8502     83.773    239.651    245.322   -0.00467    6.55716    9.37083  286.07234   14.81819 6.2232e-02     0.6174     0.8518    80.8198 0.0000e+00
        442 265.756068    0.03062     1.8374    110.245     47.462  48480.074    30.7062     9.5306     47.000     9.5225    23.6769     5.4858     7.8398     83.646    239.330    244.997   -0.00432    6.55835    9.37254  286.12148   14.82049 6.2392e-02     0.6841     0.8469    80.9174 0.0000e+00
        445 265.756076    0.03084     1.8505    111.027     48.450  48497.613    30.7172     9.5250     48.000     9.5158    23.6864     5.4704     7.8177     83.406    238.653    244.305   -0.00529    6.55869    9.37302  286.13341   14.82102 6.2404e-02     0.7099     0.8791    80.2708 0.0000e+00
        449 265.756088    0.03110     1.8663    111.980     49.468  48507.360    30.7229     9.5191     49.000     9.5121    23.6918     5.4543     7.7947     83.154    237.951    243.588   -0.00632    6.55931    9.37390  286.15898   14.82221 6.2214e-02     0.6481     0.8826    80.1997 0.0000e+00
        453 265.756099    0.03138     1.8825    112.953     50.482  48514.301    30.7269     9.5155     50.000     9.5081    23.6955     5.4507     7.7896     83.094    237.794    243.428   -0.00513    6.55967    9.37442  286.17373   14.82290 6.2617e-02     0.6215     0.8623    80.6067 0.0000e+00
        456 265.756109    0.03162     1.8968    113.808     51.485  48522.324    30.7317     9.5124     51.000     9.5057    23.6998     5.4404     7.7750     82.935    237.346    242.971   -0.00472    6.55991    9.37476  286.18307   14.82333 6.2497e-02     0.5645     0.8784    80.2854 0.0000e+00
        460 265.756120    0.03188     1.9126    114.755     52.493  48528.267    30.7351     9.5101     52.000     9.5033    23.7028     5.4191     7.7445     82.607    236.415    242.018   -0.00662    6.56010    9.37504  286.19069   14.82368 6.2244e-02     0.5828     0.8697    80.4601 0.0000e+00
        464 265.756132    0.03217     1.9301    115.808     53.522  48532.956    30.7377     9.5076     53.000     9.5005    23.7052     5.4164     7.7405     82.562    236.293    241.895   -0.00523    6.56035    9.37540  286.20102   14.82416 6.2884e-02     0.5755     0.8565    80.7246 0.0000e+00
