CTD-processing/allCTD/CNV/2012_06-05b_t9_s08b_cast029_4141.cnv
* Sea-Bird SBE19plus Data File:
* FileName = C:\Documents and Settings\kris.holderied.local\My Documents\2012-KBRR-CTD-Kachemak-Bay\2012-KBRR-CTD-cast029.hex
* Software Version 1.54
* Temperature SN =  4141
* Conductivity SN =  4141
* System UpLoad Time = Jul 24 2012 21:51:36
** Kachemak Bay - Homer Spit Line CTD Survey
** Date:  2012-xx-xx   xxxx Tide (x of 2 lines)
** Station: 9-08
** Start time (AKDT-24 hr): 10:42
** Depth (m): 87.2
** Comments: CTD time set wrong by 1 hour
# nquan = 27
# nvalues = 83                          
# units = specified
# name 0 = scan: Scan Count
# name 1 = timeJ: Julian Days
# name 2 = timeH: Time, Elapsed [hours]
# name 3 = timeM: Time, Elapsed [minutes]
# name 4 = timeS: Time, Elapsed [seconds]
# name 5 = prdM: Pressure, Strain Gauge [db]
# name 6 = specc: Specific Conductance [uS/cm]
# name 7 = sal00: Salinity, Practical [PSU]
# name 8 = tv290C: Temperature [ITS-90, deg C]
# name 9 = depSM: Depth [salt water, m], lat = 59.00
# name 10 = potemp090C: Potential Temperature [ITS-90, deg C]
# name 11 = sigma-é00: Density [sigma-theta, kg/m^3]
# name 12 = sbeox0ML/L: Oxygen, SBE 43 [ml/l]
# name 13 = sbeox0Mg/L: Oxygen, SBE 43 [mg/l]
# name 14 = sbeox0PS: Oxygen, SBE 43 [% saturation]
# name 15 = sbox0Mm/Kg: Oxygen, SBE 43 [umol/kg]
# name 16 = sbeox0Mm/L: Oxygen, SBE 43 [umol/l]
# name 17 = sbox0dV/dT: Oxygen, SBE 43 [dov/dt]
# name 18 = oxsolML/L: Oxygen Saturation, Garcia & Gordon [ml/l]
# name 19 = oxsolMg/L: Oxygen Saturation, Garcia & Gordon [mg/l]
# name 20 = oxsolMm/Kg: Oxygen Saturation, Garcia & Gordon [umol/kg]
# name 21 = n2satMg/L: Nitrogen Saturation [mg/l]
# name 22 = par: PAR/Irradiance, Biospherical/Licor
# name 23 = wetStar: Fluorescence, WET Labs WETstar [mg/m^3]
# name 24 = CStarAt0: Beam Attenuation, WET Labs C-Star [1/m]
# name 25 = CStarTr0: Beam Transmission, WET Labs C-Star [%]
# name 26 = flag: flag
# span 0 =         21,        475       
# span 1 = 157.488404, 157.489717       
# span 2 =    0.00141,    0.03294       
# span 3 =     0.0845,     1.9764       
# span 4 =      5.069,    118.586       
# span 5 =      1.002,     83.780       
# span 6 =  48512.962,  50999.769       
# span 7 =    30.4275,    31.5883       
# span 8 =     4.6403,     7.2473       
# span 9 =      1.000,     83.000       
# span 10 =     4.6344,     7.2930      
# span 11 =    23.7869,    25.0093      
# span 12 =     5.8386,     8.3036      
# span 13 =     8.3440,    11.8668      
# span 14 =     84.384,    118.815      
# span 15 =    254.701,    362.057      
# span 16 =    260.754,    370.844      
# span 17 =   -0.04984,    0.05327      
# span 18 =    6.91823,    7.30008      
# span 19 =    9.88685,   10.43254      
# span 20 =  301.79727,  318.07007      
# span 21 =   15.57015,   16.34060      
# span 22 = 3.6324e-02, 4.4150e+02      
# span 23 =     0.3540,    11.3814      
# span 24 =     0.9561,    12.6952      
# span 25 =     8.5919,    78.7383      
# span 26 = 0.0000e+00, 0.0000e+00      
# interval = meters: 1                  
# start_time = Jun 05 2012 11:43:13 [Instrument's time stamp, header]
# bad_flag = -9.990e-29
*END*
[from data line 54]
        402 157.489506    0.02787     1.6720    100.318     55.527  50170.470    31.2853     5.8523     55.000     5.7970    24.6364     7.7386    11.0593    108.906    337.300    345.609   -0.01630    7.10587   10.15499  309.71763   15.94413 4.3959e-02     6.3674     1.0198    77.4969 0.0000e+00
        405 157.489513    0.02804     1.6823    100.936     56.536  50235.292    31.3172     5.7894     56.000     5.7505    24.6689     7.6746    10.9676    107.865    334.493    342.745   -0.02270    7.11492   10.16793  310.10226   15.96231 4.5066e-02     6.2735     0.9919    78.0381 0.0000e+00
        407 157.489521    0.02821     1.6926    101.555     57.546  50241.638    31.3116     5.7416     57.000     5.6698    24.6700     7.6072    10.8713    106.794    331.555    339.735   -0.02817    7.12322   10.17980  310.46392   15.97958 4.5309e-02     4.8903     0.9924    78.0277 0.0000e+00
        410 157.489527    0.02838     1.7029    102.174     58.554  50269.133    31.3129     5.6556     58.000     5.5572    24.6811     7.5536    10.7948    105.827    329.217    337.342   -0.03173    7.13765   10.20042  311.08958   16.00936 4.4450e-02     5.0803     0.9828    78.2150 0.0000e+00
        412 157.489535    0.02855     1.7133    102.799     59.566  50330.084    31.3296     5.5330     59.000     5.4045    24.7082     7.5032    10.7229    104.829    327.014    335.094   -0.03410    7.15763   10.22898  311.95224   16.05038 4.3855e-02     4.1815     0.9702    78.4625 0.0000e+00
        415 157.489542    0.02873     1.7237    103.422     60.574  50393.378    31.3407     5.3762     60.000     5.2096    24.7345     7.4458    10.6409    103.648    324.505    332.531   -0.03740    7.18379   10.26637  313.08457   16.10425 4.4608e-02     4.0954     0.9561    78.7383 0.0000e+00
        417 157.489550    0.02890     1.7342    104.052     61.585  50608.190    31.4477     5.1841     61.000     5.0975    24.8405     7.3665    10.5276    102.149    321.017    328.991   -0.04283    7.21160   10.30610  314.26365   16.15995 4.4337e-02     3.6222     0.9576    78.7119 0.0000e+00
        420 157.489556    0.02908     1.7447    104.682     62.593  50735.021    31.5138     5.0869     62.000     5.0455    24.9033     7.2742    10.3956    100.678    316.971    324.866   -0.04776    7.22518   10.32552  314.83639   16.18694 4.4492e-02     3.1034     0.9636    78.5915 0.0000e+00
        422 157.489564    0.02926     1.7553    105.317     63.605  50769.390    31.5268     5.0409     63.000     5.0139    24.9188     7.1907    10.2763     99.422    313.328    321.137   -0.04984    7.23250   10.33596  315.15013   16.20183 4.4603e-02     2.2227     0.9768    78.3330 0.0000e+00
        425 157.489571    0.02943     1.7658    105.949     64.613  50809.207    31.5491     5.0197     64.000     5.0104    24.9388     7.1299    10.1894     98.547    310.676    318.423   -0.04838    7.23509   10.33967  315.25730   16.20684 4.4224e-02     2.0309     0.9899    78.0762 0.0000e+00
        427 157.489579    0.02960     1.7765    106.587     65.624  50814.428    31.5511     5.0143     65.000     5.0067    24.9409     7.0937    10.1376     98.035    309.098    316.806   -0.04389    7.23593   10.34088  315.29302   16.20853 4.4071e-02     1.8244     0.9940    77.9982 0.0000e+00
        430 157.489586    0.02978     1.7871    107.226     66.633  50813.147    31.5488     5.0101     66.000     4.9995    24.9395     7.0820    10.1209     97.861    308.586    316.282   -0.03693    7.23678   10.34208  315.33026   16.21031 4.4438e-02     1.8438     1.0071    77.7420 0.0000e+00
        432 157.489593    0.02996     1.7978    107.867     67.643  50815.174    31.5481     5.0024     67.000     4.9911    24.9398     7.0780    10.1152     97.788    308.413    316.104   -0.03009    7.23813   10.34402  315.38925   16.21312 4.4081e-02     1.6407     1.0177    77.5365 0.0000e+00
        435 157.489601    0.03014     1.8085    108.507     68.653  50822.361    31.5507     4.9941     68.000     4.9849    24.9428     7.0864    10.1272     97.886    308.778    316.480   -0.02362    7.23945   10.34589  315.44578   16.21580 4.4029e-02     1.7258     1.0221    77.4515 0.0000e+00
        438 157.489608    0.03032     1.8190    109.142     69.663  50829.262    31.5538     4.9892     69.000     4.9831    24.9458     7.0965    10.1415     98.015    309.214    316.928   -0.01766    7.24014   10.34688  315.47501   16.21718 4.3961e-02     1.8176     1.0430    77.0472 0.0000e+00
        440 157.489615    0.03050     1.8296    109.777     70.673  50832.255    31.5552     4.9883     70.000     4.9823    24.9470     7.1026    10.1504     98.099    309.483    317.204   -0.01323    7.24024   10.34702  315.47879   16.21736 4.4517e-02     1.5641     1.0403    77.0984 0.0000e+00
        443 157.489623    0.03067     1.8403    110.417     71.683  50816.851    31.5438     4.9867     71.000     4.9671    24.9382     7.1027    10.1505     98.090    309.490    317.207   -0.01073    7.24107   10.34821  315.51761   16.21925 4.4204e-02     1.6642     1.0430    77.0476 0.0000e+00
        445 157.489631    0.03085     1.8509    111.054     72.691  50823.904    31.5434     4.9647     72.000     4.9489    24.9402     7.1043    10.1527     98.058    309.554    317.275   -0.00883    7.24492   10.35371  315.68478   16.22721 4.6119e-02     1.4255     1.0613    76.6961 0.0000e+00
        448 157.489637    0.03102     1.8616    111.695     73.702  50841.763    31.5539     4.9590     73.000     4.9400    24.9492     7.1055    10.1545     98.069    309.606    317.331   -0.00726    7.24538   10.35437  315.70222   16.22799 4.4492e-02     1.4646     1.0598    76.7244 0.0000e+00
        450 157.489645    0.03120     1.8722    112.335     74.712  50777.113    31.5044     4.9374     74.000     4.8774    24.9122     7.1089    10.1593     98.032    309.765    317.482   -0.00597    7.25156   10.36319  315.98248   16.24153 4.3114e-02     1.2816     1.0715    76.4999 0.0000e+00
        453 157.489653    0.03138     1.8829    112.974     75.721  50801.155    31.5051     4.8673     75.000     4.7974    24.9202     7.1034    10.1515     97.793    309.525    317.238   -0.00651    7.26372   10.38059  316.51044   16.26666 4.3302e-02     1.5647     1.1192    75.5942 0.0000e+00
        455 157.489660    0.03156     1.8936    113.614     76.731  50815.735    31.4959     4.7827     76.000     4.7137    24.9219     7.0849    10.1250     97.334    308.718    316.412   -0.00911    7.27896   10.40236  317.17387   16.29827 4.3338e-02     1.4727     1.2118    73.8660 0.0000e+00
        458 157.489667    0.03174     1.9043    114.259     77.741  50938.348    31.5637     4.7113     77.000     4.6955    24.9830     7.0457    10.0690     96.673    306.992    314.662   -0.01294    7.28816   10.41550  317.55562   16.31617 4.3202e-02     1.4240     1.3079    72.1098 0.0000e+00
        461 157.489675    0.03192     1.9151    114.905     78.751  50951.296    31.5696     4.7007     78.000     4.6889    24.9889     7.0057    10.0119     96.104    305.248    312.876   -0.01588    7.28973   10.41775  317.62229   16.31932 4.3433e-02     1.0708     1.3535    71.2919 0.0000e+00
        463 157.489683    0.03209     1.9259    115.552     79.762  50948.497    31.5654     4.6925     79.000     4.6722    24.9864     6.9782     9.9724     95.704    304.045    311.642   -0.01655    7.29136   10.42009  317.69435   16.32276 4.2735e-02     1.1235     1.3702    70.9958 0.0000e+00
        466 157.489690    0.03228     1.9366    116.199     80.771  50941.621    31.5548     4.6684     80.000     4.6457    24.9805     6.9694     9.9599     95.522    303.667    311.253   -0.01510    7.29612   10.42689  317.90340   16.33275 4.2796e-02     0.9679     1.3970    70.5219 0.0000e+00
        468 157.489697    0.03246     1.9475    116.851     81.777  50974.238    31.5722     4.6486     81.000     4.6368    24.9963     6.9582     9.9439     95.335    303.175    310.754   -0.01368    7.29874   10.43063  318.01271   16.33787 4.2672e-02     0.8457     1.4387    69.7914 0.0000e+00
        471 157.489706    0.03266     1.9593    117.559     82.779  50981.247    31.5746     4.6403     82.000     4.6344    24.9991     6.9514     9.9343     95.224    302.879    310.451   -0.01188    7.30008   10.43254  318.07007   16.34060 4.2413e-02     0.8835     1.4459    69.6654 0.0000e+00
        475 157.489717    0.03294     1.9764    118.586     83.780  50999.769    31.5883     4.6467     83.000     4.6513    25.0093     6.9396     9.9175     95.085    302.363    309.925   -0.00954    7.29830   10.43000  317.98917   16.33669 3.8782e-02     1.2412     1.4097    70.2988 0.0000e+00
