CTD-processing/allCTD/CNV/2012_05-03_t6_s23_cast067_5028.cnv
* Sea-Bird SBE19plus Data File:
* FileName = C:\Documents and Settings\glenn.seaman\My Documents\KHolderied-files\CTD-DATA-FILES\2012-05-LTM-LowerCookInlet-CTD\Transect6-2012-05-Douglas\2012-05-03-04-LTM-Tran6-cast067.hex
* Software Version 1.59
* Temperature SN =  5028
* Conductivity SN =  5028
* System UpLoad Time = May 31 2012 02:59:05
** LTM Transect6- Pt Adam to Cape Douglas
** Date: 05-03
** Station: 6-23
** Start time (AKDT-24hr): 00:18
** Depth (m): 166
** check sta no, add time/z from log
# nquan = 26
# nvalues = 155                         
# units = specified
# name 0 = scan: Scan Count
# name 1 = timeJ: Julian Days
# name 2 = timeH: Time, Elapsed [hours]
# name 3 = timeM: Time, Elapsed [minutes]
# name 4 = timeS: Time, Elapsed [seconds]
# name 5 = prdM: Pressure, Strain Gauge [db]
# name 6 = specc: Specific Conductance [uS/cm]
# name 7 = sal00: Salinity, Practical [PSU]
# name 8 = tv290C: Temperature [ITS-90, deg C]
# name 9 = depSM: Depth [salt water, m], lat = 59.00
# name 10 = potemp090C: Potential Temperature [ITS-90, deg C]
# name 11 = sigma-é00: Density [sigma-theta, kg/m^3]
# name 12 = sbeox0ML/L: Oxygen, SBE 43 [ml/l]
# name 13 = sbeox0Mg/L: Oxygen, SBE 43 [mg/l]
# name 14 = sbeox0PS: Oxygen, SBE 43 [% saturation]
# name 15 = sbox0Mm/Kg: Oxygen, SBE 43 [umol/kg]
# name 16 = sbeox0Mm/L: Oxygen, SBE 43 [umol/l]
# name 17 = sbox0dV/dT: Oxygen, SBE 43 [dov/dt]
# name 18 = oxsolML/L: Oxygen Saturation, Garcia & Gordon [ml/l]
# name 19 = oxsolMg/L: Oxygen Saturation, Garcia & Gordon [mg/l]
# name 20 = oxsolMm/Kg: Oxygen Saturation, Garcia & Gordon [umol/kg]
# name 21 = n2satMg/L: Nitrogen Saturation [mg/l]
# name 22 = par: PAR/Irradiance, Biospherical/Licor [umol photons/m^2/sec]
# name 23 = flECO-AFL: Fluorescence, WET Labs ECO-AFL/FL [mg/m^3]
# name 24 = upoly0: Upoly 0, ECO-FLNTUS
# name 25 = flag: flag
# span 0 =        307,       1052       
# span 1 = 125.013745, 125.015898       
# span 2 =    0.02127,    0.07296       
# span 3 =     1.2761,     4.3777       
# span 4 =     76.566,    262.660       
# span 5 =      2.019,    157.533       
# span 6 =  50999.434,  52146.822       
# span 7 =    31.5431,    32.3538       
# span 8 =     4.2715,     4.9808       
# span 9 =      2.000,    156.000       
# span 10 =     4.2798,     4.9710      
# span 11 =    25.0108,    25.6098      
# span 12 =     7.0538,     7.5527      
# span 13 =    10.0895,    10.7853      
# span 14 =     96.796,    104.487      
# span 15 =    307.159,    328.976      
# span 16 =    315.024,    337.304      
# span 17 =   -0.00831,    0.02314      
# span 18 =    7.20922,    7.36982      
# span 19 =   10.30402,   10.52827      
# span 20 =  313.96847,  321.10923      
# span 21 =   16.14479,   16.47939      
# span 22 = 3.7490e-02, 4.8578e-02      
# span 23 =     0.5205,     3.1147      
# span 24 =  0.4301177,  1.1763023      
# span 25 = 0.0000e+00, 0.0000e+00      
# interval = meters: 1                  
# start_time = May 04 2012 00:18:31 [Instrument's time stamp, header]
# bad_flag = -9.990e-29
*END*
[from data line 56]
        539 125.014416    0.03736     2.2418    134.510     58.556  51529.831    31.9869     4.7477     58.000     4.7487    25.3146     7.5090    10.7328    103.417    327.070    335.350    0.00097    7.26084   10.37686  316.26263   16.25349 3.7490e-02     0.8715  0.4313010 0.0000e+00
        544 125.014430    0.03771     2.2626    135.754     59.565  51527.476    31.9873     4.7589     59.000     4.7579    25.3138     7.5210    10.7471    103.611    327.595    335.888    0.00135    7.25886   10.37404  316.17729   16.24942 3.7490e-02     0.9077  0.4393487 0.0000e+00
        549 125.014446    0.03808     2.2850    137.100     60.575  51527.622    31.9887     4.7668     60.000     4.7650    25.3140     7.5322    10.7591    103.785    328.086    336.391    0.00157    7.25761   10.37199  316.12244   16.24644 3.7490e-02     0.9568  0.4357147 0.0000e+00
        555 125.014462    0.03846     2.3078    138.468     61.585  51528.743    31.9904     4.7735     61.000     4.7715    25.3147     7.5270    10.7576    103.729    327.855    336.155    0.00102    7.25638   10.37020  316.06857   16.24382 3.7490e-02     0.9887  0.4333640 0.0000e+00
        561 125.014478    0.03887     2.3320    139.919     62.595  51527.963    31.9908     4.7798     62.000     4.7766    25.3144     7.5256    10.7580    103.728    327.794    336.092    0.00073    7.25509   10.36861  316.01279   16.24152 3.7490e-02     0.9472  0.4312130 0.0000e+00
        567 125.014497    0.03931     2.3583    141.501     63.604  51527.204    31.9903     4.7822     63.000     4.7778    25.3138     7.5354    10.7701    103.868    328.222    336.530    0.00092    7.25478   10.36802  315.99973   16.24067 3.7490e-02     0.9607  0.4319367 0.0000e+00
        573 125.014514    0.03971     2.3830    142.982     64.614  51528.314    31.9905     4.7820     64.000     4.7771    25.3139     7.5527    10.7853    104.104    328.976    337.304    0.00143    7.25495   10.36807  316.00674   16.24075 3.7490e-02     0.9188  0.4490596 0.0000e+00
        579 125.014530    0.04012     2.4073    144.436     65.624  51530.459    31.9914     4.7812     65.000     4.7762    25.3147     7.5390    10.7781    103.915    328.380    336.693    0.00046    7.25500   10.36820  316.00862   16.24092 3.7490e-02     0.8844  0.4547856 0.0000e+00
        584 125.014546    0.04049     2.4290    145.741     66.633  51531.808    31.9915     4.7800     66.000     4.7744    25.3149     7.5484    10.7816    104.041    328.788    337.111    0.00070    7.25520   10.36850  316.01738   16.24135 3.7490e-02     0.9003  0.4644003 0.0000e+00
        589 125.014560    0.04083     2.4503    147.018     67.643  51533.813    31.9918     4.7777     67.000     4.7721    25.3155     7.5370    10.7723    103.876    328.289    336.600    0.00003    7.25571   10.36903  316.03950   16.24211 3.7490e-02     0.9274  0.4604089 0.0000e+00
        594 125.014575    0.04119     2.4712    148.270     68.653  51536.367    31.9928     4.7763     68.000     4.7713    25.3164     7.5324    10.7646    103.810    328.091    336.396   -0.00023    7.25595   10.36932  316.04923   16.24251 3.7490e-02     0.8768  0.4545665 0.0000e+00
        598 125.014587    0.04149     2.4891    149.346     69.663  51538.253    31.9936     4.7763     69.000     4.7715    25.3170     7.5258    10.7585    103.720    327.803    336.102   -0.00055    7.25584   10.36928  316.04436   16.24245 3.7490e-02     0.8677  0.4600180 0.0000e+00
        602 125.014599    0.04176     2.5053    150.318     70.673  51539.171    31.9938     4.7767     70.000     4.7715    25.3171     7.5297    10.7585    103.778    327.974    336.277   -0.00031    7.25560   10.36918  316.03406   16.24229 3.7490e-02     0.8535  0.4549836 0.0000e+00
        606 125.014610    0.04204     2.5225    151.349     71.683  51539.261    31.9932     4.7760     71.000     4.7699    25.3167     7.5256    10.7540    103.719    327.795    336.094   -0.00046    7.25575   10.36938  316.04107   16.24260 3.7490e-02     0.8172  0.4445969 0.0000e+00
        611 125.014624    0.04235     2.5411    152.465     72.693  51540.972    31.9934     4.7736     72.000     4.7676    25.3171     7.5213    10.7483    103.649    327.606    335.900   -0.00070    7.25646   10.36996  316.07144   16.24343 3.7490e-02     0.7829  0.4355870 0.0000e+00
        615 125.014635    0.04264     2.5581    153.488     73.703  51544.198    31.9948     4.7725     73.000     4.7674    25.3184     7.5192    10.7430    103.619    327.514    335.806   -0.00063    7.25655   10.37013  316.07482   16.24364 3.7490e-02     0.8006  0.4414437 0.0000e+00
        619 125.014646    0.04291     2.5742    154.450     74.712  51545.588    31.9954     4.7730     74.000     4.7680    25.3188     7.5062    10.7325    103.444    326.950    335.229   -0.00119    7.25632   10.36997  316.06484   16.24341 3.7490e-02     0.8018  0.4381656 0.0000e+00
        623 125.014659    0.04319     2.5915    155.493     75.722  51546.477    31.9956     4.7736     75.000     4.7685    25.3189     7.5075    10.7311    103.464    327.007    335.286   -0.00098    7.25617   10.36979  316.05799   16.24314 3.7490e-02     0.8247  0.4363242 0.0000e+00
        627 125.014671    0.04350     2.6100    156.602     76.732  51547.355    31.9958     4.7742     76.000     4.7689    25.3191     7.5089    10.7322    103.483    327.065    335.346   -0.00077    7.25610   10.36964  316.05545   16.24292 3.7490e-02     0.8476  0.4340644 0.0000e+00
        632 125.014685    0.04382     2.6293    157.756     77.742  51549.619    31.9970     4.7749     77.000     4.7701    25.3200     7.5105    10.7355    103.508    327.138    335.421   -0.00060    7.25601   10.36937  316.05083   16.24252 3.7490e-02     0.8784  0.4487993 0.0000e+00
        637 125.014698    0.04415     2.6487    158.922     78.751  51551.926    31.9986     4.7770     78.000     4.7725    25.3210     7.5183    10.7434    103.622    327.472    335.764   -0.00018    7.25546   10.36874  316.02681   16.24158 3.7490e-02     0.9361  0.4524665 0.0000e+00
        641 125.014711    0.04445     2.6673    160.040     79.761  51553.347    31.9996     4.7795     79.000     4.7749    25.3215     7.5232    10.7493    103.697    327.688    335.986    0.00008    7.25497   10.36806  316.00550   16.24058 3.7490e-02     0.8555  0.4524276 0.0000e+00
        646 125.014724    0.04477     2.6864    161.181     80.770  51555.591    32.0012     4.7820     80.000     4.7775    25.3225     7.5226    10.7512    103.695    327.663    335.960    0.00000    7.25454   10.36733  315.98645   16.23950 3.7490e-02     0.7683  0.4517182 0.0000e+00
        650 125.014737    0.04508     2.7049    162.295     81.781  51558.726    32.0036     4.7852     81.000     4.7810    25.3241     7.5271    10.7551    103.767    327.855    336.159    0.00019    7.25382   10.36636  315.95455   16.23807 3.7490e-02     0.7528  0.4605717 0.0000e+00
        654 125.014748    0.04536     2.7213    163.280     82.790  51561.458    32.0058     4.7885     82.000     4.7841    25.3254     7.5284    10.7559    103.797    327.914    336.218    0.00023    7.25303   10.36538  315.91963   16.23661 3.7490e-02     0.7784  0.4559122 0.0000e+00
        658 125.014760    0.04562     2.7371    164.226     83.800  51563.899    32.0075     4.7912     83.000     4.7865    25.3266     7.5259    10.7530    103.769    327.804    336.106    0.00007    7.25253   10.36457  315.89763   16.23541 3.7490e-02     0.8167  0.4519931 0.0000e+00
        662 125.014771    0.04589     2.7537    165.224     84.811  51568.475    32.0107     4.7938     84.000     4.7896    25.3288     7.5187    10.7464    103.676    327.490    335.785   -0.00028    7.25208   10.36371  315.87700   16.23413 3.7490e-02     0.8379  0.4617796 0.0000e+00
        666 125.014783    0.04618     2.7708    166.246     85.820  51573.095    32.0143     4.7977     85.000     4.7940    25.3312     7.5148    10.7419    103.637    327.322    335.614   -0.00042    7.25116   10.36249  315.83617   16.23230 3.7490e-02     0.8208  0.4621899 0.0000e+00
        670 125.014794    0.04645     2.7866    167.197     86.830  51576.023    32.0168     4.8023     86.000     4.7989    25.3328     7.5173    10.7416    103.682    327.425    335.720   -0.00024    7.25030   10.36117  315.79808   16.23036 3.7490e-02     0.8154  0.4611257 0.0000e+00
        673 125.014804    0.04670     2.8019    168.114     87.840  51578.764    32.0194     4.8078     87.000     4.8051    25.3343     7.5123    10.7382    103.629    327.209    335.499   -0.00040    7.24920   10.35963  315.74987   16.22809 3.7490e-02     0.8217  0.4595385 0.0000e+00
        677 125.014816    0.04696     2.8179    169.072     88.850  51580.169    32.0215     4.8149     88.000     4.8123    25.3352     7.5121    10.7383    103.649    327.198    335.488   -0.00035    7.24759   10.35772  315.67939   16.22530 3.7490e-02     0.8318  0.4594001 0.0000e+00
        682 125.014828    0.04726     2.8355    170.128     89.859  51578.784    32.0217     4.8220     89.000     4.8180    25.3345     7.5191    10.7432    103.765    327.507    335.804    0.00006    7.24628   10.35595  315.62304   16.22274 3.7490e-02     0.8217  0.4645302 0.0000e+00
        686 125.014841    0.04757     2.8539    171.234     90.869  51579.584    32.0228     4.8269     90.000     4.8226    25.3349     7.5186    10.7438    103.766    327.483    335.780    0.00002    7.24568   10.35465  315.59667   16.22084 3.7490e-02     0.8088  0.4755093 0.0000e+00
        690 125.014853    0.04787     2.8721    172.324     91.879  51583.403    32.0261     4.8322     91.000     4.8289    25.3370     7.5154    10.7424    103.734    327.342    335.635   -0.00013    7.24482   10.35311  315.55860   16.21856 3.7490e-02     0.8390  0.4630573 0.0000e+00
        696 125.014869    0.04823     2.8941    173.648     92.889  51589.784    32.0322     4.8421     92.000     4.8403    25.3408     7.5197    10.7464    103.820    327.532    335.831    0.00011    7.24305   10.35022  315.48052   16.21429 3.7490e-02     0.8276  0.4564044 0.0000e+00
        702 125.014886    0.04866     2.9195    175.167     93.899  51607.931    32.0484     4.8612     93.000     4.8659    25.3516     7.5220    10.7497    103.898    327.628    335.934    0.00031    7.23984   10.34438  315.33714   16.20559 3.7490e-02     0.7815  0.4597188 0.0000e+00
        707 125.014902    0.04903     2.9418    176.507     94.909  51624.831    32.0679     4.8987     94.000     4.9055    25.3630     7.5214    10.7532    104.029    327.597    335.907    0.00060    7.23013   10.33374  314.90905   16.18991 3.7490e-02     0.8661  0.4554543 0.0000e+00
        714 125.014922    0.04951     2.9705    178.227     95.919  51614.897    32.0687     4.9352     95.000     4.9316    25.3598     7.5402    10.7720    104.389    328.417    336.745    0.00154    7.22318   10.32463  314.60903   16.17674 3.7490e-02     0.8577  0.4520945 0.0000e+00
        719 125.014936    0.04986     2.9917    179.502     96.928  51613.646    32.0683     4.9394     96.000     4.9321    25.3590     7.5477    10.7793    104.487    328.744    337.079    0.00149    7.22351   10.32363  314.62400   16.17530 3.7490e-02     0.8499  0.4885320 0.0000e+00
        723 125.014948    0.05014     3.0081    180.486     97.938  51619.646    32.0718     4.9388     97.000     4.9322    25.3618     7.5385    10.7731    104.355    328.341    336.668    0.00083    7.22385   10.32352  314.63701   16.17510 3.7490e-02     0.8524  0.4568595 0.0000e+00
        727 125.014960    0.05043     3.0255    181.532     98.949  51622.907    32.0738     4.9396     98.000     4.9326    25.3633     7.5316    10.7663    104.265    328.040    336.360    0.00029    7.22347   10.32318  314.62014   16.17457 3.7490e-02     0.8562  0.4646906 0.0000e+00
        731 125.014972    0.05072     3.0432    182.590     99.958  51625.258    32.0749     4.9398     99.000     4.9325    25.3642     7.5342    10.7650    104.303    328.156    336.479    0.00034    7.22344   10.32307  314.61852   16.17439 3.7490e-02     0.8651  0.4633216 0.0000e+00
        735 125.014984    0.05099     3.0595    183.571    100.968  51627.169    32.0757     4.9397    100.000     4.9321    25.3648     7.5322    10.7603    104.276    328.068    336.390    0.00015    7.22340   10.32305  314.61691   16.17434 3.7490e-02     0.9001  0.4584473 0.0000e+00
        740 125.014996    0.05129     3.0776    184.659    101.978  51629.600    32.0767     4.9390    101.000     4.9312    25.3657     7.5208    10.7475    104.116    327.570    335.879   -0.00038    7.22352   10.32315  314.62179   16.17448 3.7490e-02     0.9147  0.4557535 0.0000e+00
        745 125.015010    0.05164     3.0984    185.902    102.988  51632.539    32.0780     4.9380    102.000     4.9299    25.3669     7.5020    10.7328    103.855    326.749    335.037   -0.00122    7.22349   10.32329  314.62000   16.17465 3.7490e-02     0.8872  0.4544226 0.0000e+00
        750 125.015025    0.05198     3.1188    187.130    103.998  51634.376    32.0783     4.9357    103.000     4.9268    25.3673     7.5181    10.7445    104.073    327.453    335.758   -0.00035    7.22390   10.32384  314.63786   16.17545 3.7490e-02     0.8696  0.4438826 0.0000e+00
        755 125.015041    0.05237     3.1421    188.526    105.008  51636.688    32.0784     4.9315    104.000     4.9222    25.3679     7.5300    10.7587    104.226    327.971    336.291    0.00015    7.22472   10.32489  314.67327   16.17695 3.7490e-02     0.8877  0.4472578 0.0000e+00
        761 125.015059    0.05280     3.1677    190.065    106.018  51640.219    32.0792     4.9262    105.000     4.9168    25.3690     7.5378    10.7646    104.320    328.306    336.635    0.00040    7.22562   10.32614  314.71227   16.17875 3.7490e-02     0.9118  0.4565288 0.0000e+00
        768 125.015078    0.05326     3.1956    191.738    107.028  51644.572    32.0802     4.9201    106.000     4.9101    25.3706     7.5198    10.7454    104.060    327.524    335.834   -0.00054    7.22643   10.32757  314.74727   16.18080 3.7490e-02     0.8999  0.4571649 0.0000e+00
        775 125.015098    0.05374     3.2245    193.468    108.038  51648.684    32.0804     4.9101    107.000     4.8976    25.3718     7.4987    10.7206    103.745    326.605    334.892   -0.00139    7.22799   10.33003  314.81500   16.18435 3.7490e-02     0.9282  0.4449583 0.0000e+00
        781 125.015117    0.05420     3.2517    195.101    109.048  51665.200    32.0871     4.8917    108.000     4.8786    25.3791     7.4943    10.7089    103.634    326.414    334.697   -0.00142    7.23153   10.33413  314.96663   16.19017 3.7490e-02     1.0044  0.4593237 0.0000e+00
        789 125.015138    0.05469     3.2815    196.890    110.058  51688.114    32.0992     4.8778    109.000     4.8689    25.3902     7.4796    10.6916    103.401    325.766    334.037   -0.00178    7.23354   10.33674  315.05042   16.19374 3.7490e-02     1.2560  0.4755085 0.0000e+00
        795 125.015155    0.05512     3.3070    198.421    111.068  51698.846    32.1060     4.8770    110.000     4.8690    25.3956     7.4736    10.6833    103.329    325.502    333.768   -0.00161    7.23277   10.33646  315.01531   16.19323 3.7490e-02     1.4401  0.4965649 0.0000e+00
        802 125.015176    0.05562     3.3372    200.233    112.078  51704.127    32.1090     4.8765    111.000     4.8686    25.3981     7.4773    10.6859    103.379    325.666    333.937   -0.00105    7.23290   10.33637  315.02024   16.19305 3.7490e-02     1.5067  0.4964804 0.0000e+00
        809 125.015197    0.05612     3.3671    202.028    113.088  51710.282    32.1131     4.8783    112.000     4.8714    25.4012     7.4794    10.6884    103.413    325.755    334.028   -0.00069    7.23251   10.33564  315.00265   16.19192 3.7490e-02     1.5112  0.5065779 0.0000e+00
