CTD-processing/allCTD/CNV/2012_10-28_t6_s10_cast019_4141.cnv
* Sea-Bird SBE19plus Data File:
* FileName = C:\Documents and Settings\kris.holderied.local\My Documents\2012-10-CookInlet-Ocean-LTM\2012-10-28-EVOSTC-CookInletOcean-Tran6-Douglas\2012-10-28-CookInletOcean-Tran6-cast019.hex
* Software Version 1.54
* Temperature SN =  4141
* Conductivity SN =  4141
* System UpLoad Time = Oct 28 2012 19:46:47
** Cook Inlet EVOSTC Transect 6 Douglas line west to east
** Date:   28 Oct 2012
** Station:  6-10
** Start time (AKDT-24 hr):  1535
** Depth (m):  73
** Comment:
# nquan = 27
# nvalues = 89                          
# units = specified
# name 0 = scan: Scan Count
# name 1 = timeJ: Julian Days
# name 2 = timeH: Time, Elapsed [hours]
# name 3 = timeM: Time, Elapsed [minutes]
# name 4 = timeS: Time, Elapsed [seconds]
# name 5 = prdM: Pressure, Strain Gauge [db]
# name 6 = specc: Specific Conductance [uS/cm]
# name 7 = sal00: Salinity, Practical [PSU]
# name 8 = tv290C: Temperature [ITS-90, deg C]
# name 9 = depSM: Depth [salt water, m], lat = 59.00
# name 10 = potemp090C: Potential Temperature [ITS-90, deg C]
# name 11 = sigma-é00: Density [sigma-theta, kg/m^3]
# name 12 = sbeox0ML/L: Oxygen, SBE 43 [ml/l]
# name 13 = sbeox0Mg/L: Oxygen, SBE 43 [mg/l]
# name 14 = sbeox0PS: Oxygen, SBE 43 [% saturation]
# name 15 = sbox0Mm/Kg: Oxygen, SBE 43 [umol/kg]
# name 16 = sbeox0Mm/L: Oxygen, SBE 43 [umol/l]
# name 17 = sbox0dV/dT: Oxygen, SBE 43 [dov/dt]
# name 18 = oxsolML/L: Oxygen Saturation, Garcia & Gordon [ml/l]
# name 19 = oxsolMg/L: Oxygen Saturation, Garcia & Gordon [mg/l]
# name 20 = oxsolMm/Kg: Oxygen Saturation, Garcia & Gordon [umol/kg]
# name 21 = n2satMg/L: Nitrogen Saturation [mg/l]
# name 22 = par: PAR/Irradiance, Biospherical/Licor
# name 23 = wetStar: Fluorescence, WET Labs WETstar [mg/m^3]
# name 24 = CStarAt0: Beam Attenuation, WET Labs C-Star [1/m]
# name 25 = CStarTr0: Beam Transmission, WET Labs C-Star [%]
# name 26 = flag: flag
# span 0 =         96,        788       
# span 1 = 302.649845, 302.651848       
# span 2 =    0.00657,    0.05463       
# span 3 =     0.3938,     3.2785       
# span 4 =     23.629,    196.704       
# span 5 =      1.010,     89.771       
# span 6 =  48426.346,  51221.642       
# span 7 =    30.4929,    32.2704       
# span 8 =     7.2453,     8.2724       
# span 9 =      1.000,     89.000       
# span 10 =     7.2393,     8.2710      
# span 11 =    23.7189,    25.2298      
# span 12 =     5.1497,     6.7681      
# span 13 =     7.3594,     9.6722      
# span 14 =     75.406,     99.864      
# span 15 =    224.326,    295.260      
# span 16 =    229.986,    302.262      
# span 17 =   -0.02084,    0.02541      
# span 18 =    6.73265,    6.83594      
# span 19 =    9.62163,    9.76924      
# span 20 =  293.57016,  297.78421      
# span 21 =   15.17457,   15.37129      
# span 22 = 4.2479e-02, 4.1208e+01      
# span 23 =     0.1731,     1.5759      
# span 24 =     0.2257,     1.2924      
# span 25 =    74.3166,    94.5135      
# span 26 = 0.0000e+00, 0.0000e+00      
# interval = meters: 1                  
# start_time = Oct 28 2012 15:35:23 [Instrument's time stamp, header]
# bad_flag = -9.990e-29
*END*
[from data line 54]
        627 302.651383    0.04346     2.6079    156.474     55.545  51145.455    32.2265     7.2752     55.000     7.2630    25.1983     5.2301     7.4743     76.552    227.834    233.575   -0.00274    6.83201    9.76363  297.61819   15.36343 5.0568e-01     0.5304     0.2427    94.1129 0.0000e+00
        630 302.651393    0.04371     2.6225    157.353     56.531  51157.004    32.2317     7.2618     56.000     7.2519    25.2043     5.2209     7.4613     76.399    227.436    233.168   -0.00343    6.83388    9.76630  297.69769   15.36720 4.6109e-01     0.4373     0.2455    94.0463 0.0000e+00
        636 302.651410    0.04412     2.6471    158.825     57.541  51165.337    32.2360     7.2558     57.000     7.2500    25.2085     5.2040     7.4370     76.142    226.696    232.411   -0.00421    6.83462    9.76736  297.72887   15.36867 4.2425e-01     0.3846     0.2425    94.1164 0.0000e+00
        643 302.651428    0.04455     2.6732    160.392     58.570  51166.891    32.2365     7.2546     58.000     7.2485    25.2090     5.1876     7.4137     75.900    225.983    231.680   -0.00498    6.83480    9.76762  297.73650   15.36903 3.9455e-01     0.3671     0.2452    94.0540 0.0000e+00
        645 302.651436    0.04473     2.6840    161.040     59.566  51169.359    32.2376     7.2538     59.000     7.2477    25.2100     5.1919     7.4198     75.962    226.168    231.870   -0.00350    6.83487    9.76772  297.73946   15.36918 3.6167e-01     0.3628     0.2475    93.9982 0.0000e+00
        648 302.651443    0.04491     2.6947    161.683     60.542  51172.966    32.2394     7.2528     60.000     7.2464    25.2116     5.2026     7.4350     76.118    226.634    232.348   -0.00127    6.83494    9.76782  297.74210   15.36929 3.3171e-01     0.3643     0.2477    93.9954 0.0000e+00
        656 302.651467    0.04550     2.7299    163.792     61.613  51175.344    32.2404     7.2515     61.000     7.2458    25.2125     5.1887     7.4151     75.911    226.026    231.725   -0.00219    6.83511    9.76805  297.74900   15.36961 3.0497e-01     0.4469     0.2429    94.1092 0.0000e+00
        659 302.651475    0.04568     2.7409    164.457     62.593  51180.788    32.2437     7.2513     62.000     7.2452    25.2152     5.1824     7.4060     75.820    225.750    231.442   -0.00283    6.83500    9.76790  297.74348   15.36934 2.7448e-01     0.3604     0.2463    94.0271 0.0000e+00
        663 302.651488    0.04598     2.7590    165.538     63.589  51181.993    32.2438     7.2497     63.000     7.2430    25.2155     5.1823     7.4061     75.818    225.750    231.442   -0.00207    6.83523    9.76822  297.75333   15.36981 2.5122e-01     0.3874     0.2440    94.0817 0.0000e+00
        672 302.651512    0.04657     2.7939    167.635     64.636  51183.423    32.2435     7.2453     64.000     7.2393    25.2159     5.1790     7.4014     75.762    225.607    231.295   -0.00147    6.83594    9.76924  297.78421   15.37129 2.3064e-01     0.3483     0.2507    93.9249 0.0000e+00
        674 302.651519    0.04675     2.8047    168.284     65.612  51201.638    32.2561     7.2471     65.000     7.2487    25.2255     5.1799     7.4026     75.785    225.645    231.337   -0.00130    6.83509    9.76802  297.74425   15.36933 2.1187e-01     0.4290     0.2490    93.9640 0.0000e+00
        681 302.651539    0.04721     2.8325    169.951     66.640  51194.960    32.2538     7.2632     66.000     7.2587    25.2215     5.1789     7.4013     75.797    225.602    231.292   -0.00074    6.83266    9.76456  297.63983   15.36435 1.9787e-01     0.3518     0.2408    94.1573 0.0000e+00
        686 302.651553    0.04755     2.8530    171.180     67.655  51187.975    32.2485     7.2632     67.000     7.2565    25.2173     5.1699     7.3884     75.663    225.212    230.891   -0.00169    6.83291    9.76492  297.65208   15.36496 1.8498e-01     0.3786     0.2434    94.0986 0.0000e+00
        688 302.651561    0.04774     2.8643    171.857     68.635  51190.412    32.2495     7.2625     68.000     7.2559    25.2183     5.1683     7.3860     75.639    225.139    230.817   -0.00178    6.83298    9.76501  297.65441   15.36507 1.6947e-01     0.3552     0.2439    94.0840 0.0000e+00
        694 302.651577    0.04813     2.8881    173.283     69.662  51191.114    32.2495     7.2620     69.000     7.2555    25.2184     5.1767     7.3980     75.759    225.504    231.191   -0.00030    6.83305    9.76512  297.65775   15.36522 1.3390e-01     0.3605     0.2425    94.1178 0.0000e+00
        700 302.651593    0.04852     2.9111    174.668     70.689  51202.252    32.2568     7.2617     70.000     7.2596    25.2241     5.1806     7.4035     75.819    225.672    231.365    0.00017    6.83278    9.76471  297.64370   15.36452 1.4425e-01     0.3421     0.2449    94.0616 0.0000e+00
        702 302.651600    0.04869     2.9213    175.279     71.674  51208.922    32.2620     7.2675     71.000     7.2652    25.2274     5.1862     7.4116     75.914    225.915    231.615    0.00075    6.83165    9.76311  297.59365   15.36212 1.3129e-01     0.3666     0.2446    94.0666 0.0000e+00
        709 302.651619    0.04914     2.9481    176.888     72.691  51202.478    32.2586     7.2769     72.000     7.2710    25.2235     5.1714     7.3905     75.713    225.274    230.956   -0.00095    6.83031    9.76119  297.53649   15.35940 1.2240e-01     0.3421     0.2418    94.1343 0.0000e+00
        715 302.651637    0.04955     2.9734    178.406     73.707  51202.494    32.2589     7.2812     73.000     7.2737    25.2232     5.1503     7.3603     75.411    224.354    230.013   -0.00335    6.82962    9.76021  297.50671   15.35798 1.1369e-01     0.3088     0.2418    94.1366 0.0000e+00
        718 302.651648    0.04982     2.9894    179.362     74.698  51207.426    32.2618     7.2803     74.000     7.2745    25.2256     5.1499     7.3597     75.406    224.336    229.995   -0.00271    6.82963    9.76022  297.50651   15.35796 1.0617e-01     0.3158     0.2408    94.1567 0.0000e+00
        725 302.651668    0.05030     3.0180    181.079     75.739  51206.146    32.2609     7.2835     75.000     7.2756    25.2245     5.1587     7.3723     75.539    224.719    230.388   -0.00033    6.82918    9.75957  297.48704   15.35703 1.0040e-01     0.3153     0.2681    93.5219 0.0000e+00
        729 302.651678    0.05055     3.0330    181.979     76.731  51204.332    32.2587     7.2804     76.000     7.2725    25.2232     5.1588     7.3724     75.534    224.723    230.392   -0.00027    6.82975    9.76040  297.51255   15.35826 9.4013e-02     0.3252     0.2439    94.0858 0.0000e+00
        732 302.651688    0.05079     3.0479    182.872     77.730  51206.632    32.2595     7.2789     77.000     7.2716    25.2241     5.1579     7.3712     75.519    224.684    230.352   -0.00051    6.82996    9.76069  297.52127   15.35867 8.8224e-02     0.3085     0.2413    94.1451 0.0000e+00
        738 302.651703    0.05116     3.0699    184.194     78.759  51217.593    32.2671     7.2811     78.000     7.2796    25.2297     5.1638     7.3796     75.612    224.940    230.615    0.00040    6.82928    9.75972  297.49011   15.35716 8.2954e-02     0.3067     0.2377    94.2293 0.0000e+00
        742 302.651715    0.05144     3.0863    185.178     79.763  51218.189    32.2696     7.2954     79.000     7.2916    25.2298     5.1566     7.3693     75.534    224.628    230.295   -0.00043    6.82692    9.75636  297.38749   15.35225 7.7830e-02     0.3201     0.2377    94.2313 0.0000e+00
        745 302.651725    0.05169     3.1011    186.066     80.756  51210.571    32.2645     7.2995     80.000     7.2922    25.2252     5.1514     7.3619     75.462    224.401    230.061   -0.00108    6.82651    9.75577  297.37076   15.35147 7.3138e-02     0.3360     0.2375    94.2345 0.0000e+00
        752 302.651743    0.05211     3.1272    187.632     81.797  51213.284    32.2661     7.3005     81.000     7.2939    25.2263     5.1517     7.3623     75.468    224.413    230.074   -0.00072    6.82628    9.75544  297.36059   15.35098 4.2479e-02     0.2975     0.2353    94.2869 0.0000e+00
        755 302.651754    0.05238     3.1427    188.560     82.790  51213.897    32.2664     7.3019     82.000     7.2950    25.2263     5.1552     7.3674     75.523    224.566    230.232   -0.00010    6.82604    9.75509  297.34986   15.35047 6.6197e-02     0.3352     0.2368    94.2529 0.0000e+00
        761 302.651770    0.05277     3.1661    189.964     83.799  51214.404    32.2662     7.3022     83.000     7.2944    25.2262     5.1600     7.3742     75.593    224.775    230.445    0.00039    6.82601    9.75505  297.34870   15.35041 6.2196e-02     0.3259     0.2374    94.2393 0.0000e+00
        767 302.651788    0.05319     3.1915    191.491     84.818  51209.087    32.2621     7.3020     84.000     7.2919    25.2230     5.1571     7.3698     75.547    224.645    230.312   -0.00034    6.82623    9.75536  297.35894   15.35092 5.9519e-02     0.2965     0.2371    94.2452 0.0000e+00
        770 302.651798    0.05343     3.2058    192.347     85.808  51219.213    32.2683     7.3002     85.000     7.2938    25.2282     5.1560     7.3684     75.531    224.599    230.265   -0.00046    6.82624    9.75537  297.35796   15.35085 5.7033e-02     0.3573     0.2391    94.1967 0.0000e+00
        776 302.651813    0.05379     3.2273    193.639     86.847  51221.642    32.2704     7.3048     86.000     7.3004    25.2292     5.1509     7.3612     75.467    224.380    230.041   -0.00092    6.82541    9.75419  297.32162   15.34910 5.4945e-02     0.3177     0.2363    94.2632 0.0000e+00
        779 302.651823    0.05403     3.2415    194.491     87.819  51218.761    32.2691     7.3116     87.000     7.3049    25.2272     5.1497     7.3594     75.460    224.326    229.986   -0.00081    6.82440    9.75275  297.27814   15.34703 5.2740e-02     0.3051     0.2361    94.2687 0.0000e+00
        782 302.651832    0.05426     3.2554    195.327     88.829  51215.581    32.2666     7.3130     88.000     7.3041    25.2251     5.1537     7.3651     75.519    224.500    230.163   -0.00025    6.82431    9.75262  297.27494   15.34689 5.0760e-02     0.3101     0.2367    94.2534 0.0000e+00
        788 302.651848    0.05463     3.2785    196.704     89.771  51219.629    32.2684     7.3102     89.000 -9.990e-29    25.2269     5.1638     7.3795     75.663    224.939    230.614    0.00097    6.82465    9.75310  297.28933   15.34757 4.8975e-02     0.2883     0.2339    94.3211 0.0000e+00
