CTD-processing/allCTD/CNV/2012_10-29_t3_s04_cast049_4141.cnv
* Sea-Bird SBE19plus Data File:
* FileName = C:\Documents and Settings\kris.holderied.local\My Documents\2012-CTD-DATA-new-files\2012-10-CookInlet-LTM\2012-10-29-LTM-CookInlet-Tran3-AnchorPt\2012-10-29-CookInlet-Tran3-cast049.hex
* Software Version 1.54
* Temperature SN =  4141
* Conductivity SN =  4141
* System UpLoad Time = Nov 20 2012 18:18:40
** Cook Inlet EVOSTC Transect 3 Anchor Pt west to east
** Date:  29 Oct 2012
** Station:  3-04
** Start time (AKDT-24 hr):  0930
** Depth (m):  27
** Comment:0936 Sunrise! Set to south ~1.8kts No OA hear or on this line.
# nquan = 27
# nvalues = 24                          
# units = specified
# name 0 = scan: Scan Count
# name 1 = timeJ: Julian Days
# name 2 = timeH: Time, Elapsed [hours]
# name 3 = timeM: Time, Elapsed [minutes]
# name 4 = timeS: Time, Elapsed [seconds]
# name 5 = prdM: Pressure, Strain Gauge [db]
# name 6 = specc: Specific Conductance [uS/cm]
# name 7 = sal00: Salinity, Practical [PSU]
# name 8 = tv290C: Temperature [ITS-90, deg C]
# name 9 = depSM: Depth [salt water, m], lat = 59.00
# name 10 = potemp090C: Potential Temperature [ITS-90, deg C]
# name 11 = sigma-é00: Density [sigma-theta, kg/m^3]
# name 12 = sbeox0ML/L: Oxygen, SBE 43 [ml/l]
# name 13 = sbeox0Mg/L: Oxygen, SBE 43 [mg/l]
# name 14 = sbeox0PS: Oxygen, SBE 43 [% saturation]
# name 15 = sbox0Mm/Kg: Oxygen, SBE 43 [umol/kg]
# name 16 = sbeox0Mm/L: Oxygen, SBE 43 [umol/l]
# name 17 = sbox0dV/dT: Oxygen, SBE 43 [dov/dt]
# name 18 = oxsolML/L: Oxygen Saturation, Garcia & Gordon [ml/l]
# name 19 = oxsolMg/L: Oxygen Saturation, Garcia & Gordon [mg/l]
# name 20 = oxsolMm/Kg: Oxygen Saturation, Garcia & Gordon [umol/kg]
# name 21 = n2satMg/L: Nitrogen Saturation [mg/l]
# name 22 = par: PAR/Irradiance, Biospherical/Licor
# name 23 = wetStar: Fluorescence, WET Labs WETstar [mg/m^3]
# name 24 = CStarAt0: Beam Attenuation, WET Labs C-Star [1/m]
# name 25 = CStarTr0: Beam Transmission, WET Labs C-Star [%]
# name 26 = flag: flag
# span 0 =         93,        474       
# span 1 = 303.396043, 303.397143       
# span 2 =    0.00641,    0.03285       
# span 3 =     0.3847,     1.9708       
# span 4 =     23.081,    118.254       
# span 5 =      1.007,     24.222       
# span 6 =  45400.728,  45839.964       
# span 7 =    28.2160,    28.5531       
# span 8 =     6.7805,     7.2028       
# span 9 =      1.000,     24.000       
# span 10 =     6.8699,     7.2010      
# span 11 =    22.0898,    22.3199      
# span 12 =     6.0825,     6.2169      
# span 13 =     8.6925,     8.8845      
# span 14 =     85.727,     88.122      
# span 15 =    265.770,    271.631      
# span 16 =    271.644,    277.645      
# span 17 =   -0.00220,    0.03291      
# span 18 =    7.01040,    7.09545      
# span 19 =   10.01857,   10.14011      
# span 20 =  306.24915,  310.03044      
# span 21 =   15.79022,   15.97180      
# span 22 = 3.6382e-02, 5.4789e+00      
# span 23 =     0.1720,     0.7251      
# span 24 =     1.9841,     7.1468      
# span 25 =    16.7298,    60.4866      
# span 26 = 0.0000e+00, 0.0000e+00      
# interval = meters: 1                  
# start_time = Oct 29 2012 09:29:55 [Instrument's time stamp, header]
# bad_flag = -9.990e-29
*END*
         93 303.396043    0.00641     0.3847     23.081      1.007  45428.236    28.2160     6.7805      1.000     6.8699    22.1066     6.0825     8.6925     85.727    265.770    271.644    0.01065    7.09545   10.14011  310.03044   15.97180 5.4789e+00     0.1720     3.9185    41.4184 0.0000e+00
        299 303.396637    0.02069     1.2412     74.469      2.023  45400.728    28.2265     6.9874      2.000     6.9842    22.0898     6.1818     8.8344     87.554    270.112    276.079    0.03291    7.06064   10.09035  308.51290   15.89947 3.0370e+00     0.4255     1.9841    60.4866 0.0000e+00
        352 303.396792    0.02440     1.4642     87.854      3.027  45494.735    28.2932     7.0040      3.000     7.0291    22.1402     6.2169     8.8845     88.122    271.631    277.645    0.02019    7.05483   10.08206  308.24408   15.88638 1.7122e+00     0.4945     2.1425    58.5306 0.0000e+00
        361 303.396817    0.02501     1.5004     90.024      4.040  45671.101    28.4308     7.1147      4.000     7.1404    22.2347     6.1942     8.8521     88.106    270.614    276.631    0.01006    7.03035   10.04706  307.14592   15.83347 9.2979e-01     0.5058     2.2257    57.3297 0.0000e+00
        367 303.396835    0.02542     1.5253     91.517      5.042  45676.069    28.4404     7.1579      5.000     7.1619    22.2369     6.1621     8.8063     87.744    269.215    275.201    0.00281    7.02285   10.03636  306.81792   15.81780 4.9416e-01     0.4737     2.4801    53.8067 0.0000e+00
        375 303.396857    0.02594     1.5569     93.412      6.066  45701.845    28.4593     7.1689      6.000     7.1701    22.2504     6.1314     8.7624     87.340    267.869    273.829   -0.00220    7.02019   10.03256  306.69777   15.81199 2.6118e-01     0.5033     2.5403    53.0251 0.0000e+00
        379 303.396870    0.02626     1.5756     94.539      7.057  45724.446    28.4751     7.1729      7.000     7.1743    22.2622     6.1381     8.7720     87.453    268.160    274.130   -0.00056    7.01881   10.03058  306.63381   15.80888 1.4139e-01     0.4914     2.8968    48.4878 0.0000e+00
        387 303.396892    0.02679     1.6071     96.428      8.097  45746.395    28.4906     7.1784      8.000     7.1789    22.2737     6.1371     8.7705     87.457    268.109    274.081   -0.00020    7.01720   10.02829  306.56010   15.80530 8.0819e-02     0.4992     2.6934    51.0484 0.0000e+00
        390 303.396901    0.02702     1.6213     97.278      9.057  45769.800    28.5067     7.1814      9.000     7.1820    22.2861     6.1317     8.7627     87.396    267.870    273.840   -0.00090    7.01598   10.02653  306.50276   15.80250 5.6137e-02     0.4957     3.3012    43.9122 0.0000e+00
        397 303.396920    0.02747     1.6481     98.887     10.096  45767.816    28.5053     7.1834     10.000     7.1828    22.2846     6.1309     8.7616     87.387    267.835    273.804   -0.00063    7.01571   10.02616  306.49170   15.80198 4.2372e-02     0.4954     2.9412    48.0169 0.0000e+00
        402 303.396937    0.02787     1.6723    100.335     11.105  45803.663    28.5299     7.1861     11.000     7.1881    22.3036     6.1302     8.7606     87.397    267.800    273.773   -0.00036    7.01414   10.02392  306.41747   15.79834 3.7637e-02     0.5127     3.5248    41.4843 0.0000e+00
        407 303.396950    0.02818     1.6911    101.465     12.109  45818.319    28.5405     7.1924     12.000     7.1927    22.3112     6.1343     8.7664     87.475    267.976    273.955    0.00029    7.01264   10.02175  306.34921   15.79504 3.6413e-02     0.5044     4.2836    34.3604 0.0000e+00
        413 303.396967    0.02859     1.7157    102.945     13.129  45830.567    28.5491     7.1966     13.000     7.1970    22.3175     6.1302     8.7606     87.429    267.796    273.773   -0.00027    7.01156   10.02022  306.30047   15.79268 3.6383e-02     0.5205     4.4966    32.5062 0.0000e+00
        417 303.396980    0.02892     1.7353    104.118     14.127  45830.629    28.5491     7.1989     14.000     7.1979    22.3172     6.1297     8.7598     87.426    267.773    273.748   -0.00026    7.01119   10.01969  306.28418   15.79191 3.6382e-02     0.5705     5.8480    23.3096 0.0000e+00
        423 303.396998    0.02934     1.7603    105.617     15.144  45829.473    28.5479     7.1990     15.000     7.1975    22.3162     6.1271     8.7563     87.390    267.663    273.637   -0.00056    7.01123   10.01974  306.28619   15.79201 3.6382e-02     0.6451     5.4603    25.6645 0.0000e+00
        429 303.397014    0.02971     1.7830    106.980     16.154  45828.852    28.5470     7.1987     16.000     7.1971    22.3156     6.1244     8.7523     87.350    267.544    273.514   -0.00085    7.01131   10.01987  306.29026   15.79220 3.6382e-02     0.6719     6.1230    21.6596 0.0000e+00
        434 303.397028    0.03006     1.8039    108.231     17.158  45830.013    28.5473     7.1983     17.000     7.1969    22.3159     6.1217     8.7486     87.312    267.429    273.397   -0.00083    7.01135   10.01993  306.29199   15.79228 3.6382e-02     0.6590     5.7286    24.0053 0.0000e+00
        440 303.397046    0.03049     1.8292    109.754     18.175  45831.805    28.5482     7.1988     18.000     7.1973    22.3165     6.1143     8.7379     87.207    267.103    273.065   -0.00163    7.01125   10.01977  306.28700   15.79204 3.6382e-02     0.6406     5.6629    24.3421 0.0000e+00
        445 303.397059    0.03080     1.8482    110.892     19.177  45833.809    28.5491     7.1992     19.000     7.1981    22.3173     6.1269     8.7560     87.388    267.653    273.627    0.00043    7.01113   10.01961  306.28180   15.79179 3.6382e-02     0.6483     6.1169    21.6928 0.0000e+00
        450 303.397075    0.03119     1.8712    112.271     20.189  45837.333    28.5515     7.2010     20.000     7.1999    22.3188     6.1298     8.7601     87.434    267.780    273.757    0.00066    7.01073   10.01905  306.26402   15.79093 3.6382e-02     0.6588     6.5454    19.4835 0.0000e+00
        456 303.397092    0.03159     1.8955    113.731     21.202  45839.964    28.5531     7.2026     21.000     7.2010    22.3199     6.1213     8.7479     87.316    267.407    273.376   -0.00067    7.01040   10.01857  306.24915   15.79022 3.6382e-02     0.6874     6.6610    18.9456 0.0000e+00
        461 303.397106    0.03194     1.9166    114.998     22.207  45837.995    28.5513     7.2028     22.000     7.2007    22.3185     6.1151     8.7391     87.229    267.139    273.101   -0.00140    7.01044   10.01862  306.25119   15.79032 3.6382e-02     0.6938     6.7920    18.3074 0.0000e+00
        467 303.397124    0.03235     1.9411    116.466     23.215  45831.611    28.5463     7.2016     23.000     7.1991    22.3148     6.1200     8.7461     87.293    267.354    273.320   -0.00035    7.01088   10.01925  306.27148   15.79131 3.6382e-02     0.6955     6.9924    17.4364 0.0000e+00
        474 303.397143    0.03285     1.9708    118.254     24.222  45829.562    28.5441     7.1999     24.000     7.1981    22.3135     6.1127     8.7356     87.185    267.038    272.995   -0.00116    7.01123   10.01975  306.28709   15.79208 3.6382e-02     0.7251     7.1468    16.7298 0.0000e+00
