CTD-processing/allCTD/CNV/2012_08-31_t9_s08_cast140_4141.cnv
* Sea-Bird SBE19plus Data File:
* FileName = C:\Documents and Settings\kris.holderied.local\My Documents\2012-CTD-DATA-new-files\2012-08-31-CTD-HomerSpitLine-LTM\2012-08-31-HomerSpitLine-cast140.hex
* Software Version 1.54
* Temperature SN =  4141
* Conductivity SN =  4141
* System UpLoad Time = Sep 20 2012 17:45:16
** Kachemak Bay Homer Spit Line - LTM
** Date:  2012-08-31
** Station:  9-8
** Start time (AKDT-24 hr): 16:17
** Depth (m): 72.5
** Comment:
# nquan = 27
# nvalues = 88                          
# units = specified
# name 0 = scan: Scan Count
# name 1 = timeJ: Julian Days
# name 2 = timeH: Time, Elapsed [hours]
# name 3 = timeM: Time, Elapsed [minutes]
# name 4 = timeS: Time, Elapsed [seconds]
# name 5 = prdM: Pressure, Strain Gauge [db]
# name 6 = specc: Specific Conductance [uS/cm]
# name 7 = sal00: Salinity, Practical [PSU]
# name 8 = tv290C: Temperature [ITS-90, deg C]
# name 9 = depSM: Depth [salt water, m], lat = 59.00
# name 10 = potemp090C: Potential Temperature [ITS-90, deg C]
# name 11 = sigma-é00: Density [sigma-theta, kg/m^3]
# name 12 = sbeox0ML/L: Oxygen, SBE 43 [ml/l]
# name 13 = sbeox0Mg/L: Oxygen, SBE 43 [mg/l]
# name 14 = sbeox0PS: Oxygen, SBE 43 [% saturation]
# name 15 = sbox0Mm/Kg: Oxygen, SBE 43 [umol/kg]
# name 16 = sbeox0Mm/L: Oxygen, SBE 43 [umol/l]
# name 17 = sbox0dV/dT: Oxygen, SBE 43 [dov/dt]
# name 18 = oxsolML/L: Oxygen Saturation, Garcia & Gordon [ml/l]
# name 19 = oxsolMg/L: Oxygen Saturation, Garcia & Gordon [mg/l]
# name 20 = oxsolMm/Kg: Oxygen Saturation, Garcia & Gordon [umol/kg]
# name 21 = n2satMg/L: Nitrogen Saturation [mg/l]
# name 22 = par: PAR/Irradiance, Biospherical/Licor
# name 23 = wetStar: Fluorescence, WET Labs WETstar [mg/m^3]
# name 24 = CStarAt0: Beam Attenuation, WET Labs C-Star [1/m]
# name 25 = CStarTr0: Beam Transmission, WET Labs C-Star [%]
# name 26 = flag: flag
# span 0 =        146,        540       
# span 1 = 244.678568, 244.679708       
# span 2 =    0.01007,    0.03743       
# span 3 =     0.6040,     2.2456       
# span 4 =     36.241,    134.735       
# span 5 =      1.017,     88.815       
# span 6 =  45613.339,  49259.137       
# span 7 =    28.8519,    31.1532       
# span 8 =     8.9292,    10.7020       
# span 9 =      1.000,     88.000       
# span 10 =     8.9204,    10.7016      
# span 11 =    22.0441,    24.1196      
# span 12 =     5.2616,     6.6117      
# span 13 =     7.5195,     9.4489      
# span 14 =     79.400,    102.238      
# span 15 =    229.453,    288.903      
# span 16 =    234.986,    295.280      
# span 17 =   -0.05653,    0.06198      
# span 18 =    6.46694,    6.62736      
# span 19 =    9.24190,    9.47118      
# span 20 =  282.57651,  289.00754      
# span 21 =   14.65830,   14.95662      
# span 22 = 4.6499e-02, 7.1631e+01      
# span 23 =     0.1893,     8.2774      
# span 24 =     0.4391,     3.2732      
# span 25 =    53.3590,    89.6039      
# span 26 = 0.0000e+00, 0.0000e+00      
# interval = meters: 1                  
# start_time = Aug 31 2012 16:16:32 [Instrument's time stamp, header]
# bad_flag = -9.990e-29
*END*
        146 244.678568    0.01007     0.6040     36.241      1.017  45613.339    28.8519    10.6926      1.000    10.7016    22.0441     5.9603     8.5179     92.130    260.447    266.188    0.04470    6.46973    9.24590  282.70582   14.66466 7.1631e+01     3.7253     3.2732    53.3590 0.0000e+00
        287 244.678975    0.01984     1.1904     71.424      2.026  45665.847    28.8893    10.7020      2.000    10.6920    22.0717     6.6117     9.4489    102.238    288.903    295.280    0.06198    6.46694    9.24190  282.57651   14.65833 4.0726e+01     7.9684     1.0802    75.2084 0.0000e+00
        282 244.678961    0.01951     1.1708     70.245      3.029  45683.944    28.9003    10.6899      3.000    10.6872    22.0823     6.5214     9.3198    100.823    284.955    291.247    0.03260    6.46817    9.24366  282.62746   14.66072 2.7779e+01     7.8961     1.1894    74.2799 0.0000e+00
        287 244.678977    0.01989     1.1935     71.612      4.029  45763.388    28.9545    10.6796      4.000    10.6285    22.1261     6.4513     9.2196     99.752    281.879    288.116    0.01147    6.46740    9.24255  282.58148   14.65830 1.9952e+01     8.2392     1.1761    74.5265 0.0000e+00
        300 244.679013    0.02077     1.2463     74.777      5.052  46528.615    29.4686    10.4808      5.000    10.2972    22.5588     6.3309     9.0475     97.786    276.499    282.736   -0.00872    6.47421    9.25229  282.75926   14.66470 1.4451e+01     7.7942     1.0664    76.6087 0.0000e+00
        304 244.679024    0.02102     1.2610     75.663      6.060  46920.203    29.7149    10.2346      6.000    10.1515    22.7909     6.3037     9.0086     96.997    275.248    281.521   -0.01134    6.49886    9.28751  283.77146   14.71213 1.0994e+01     8.2774     0.9132    79.5964 0.0000e+00
        307 244.679033    0.02123     1.2736     76.416      7.067  47244.061    29.9261    10.1013      7.000    10.0128    22.9770     6.1753     8.8251     94.874    269.595    275.790   -0.02769    6.50903    9.30205  284.16384   14.73004 8.4276e+00     7.6442     0.8232    81.4047 0.0000e+00
        310 244.679041    0.02143     1.2859     77.157      8.074  47538.992    30.1184     9.9816      8.000     9.9085    23.1461     6.0188     8.6014     92.341    262.719    268.800   -0.04666    6.51809    9.31500  284.51228   14.74592 6.7021e+00     6.1821     0.7420    83.0723 0.0000e+00
        313 244.679050    0.02165     1.2987     77.923      9.084  47961.747    30.4000     9.8599      9.000     9.7718    23.3852     5.8883     8.4151     90.261    256.966    262.975   -0.05653    6.52377    9.32311  284.69364   14.75345 5.3895e+00     5.2096     0.6725    84.5278 0.0000e+00
        316 244.679059    0.02186     1.3117     78.703     10.094  48205.196    30.5554     9.7386     10.000     9.6976    23.5257     5.8084     8.3009     88.887    253.444    259.407   -0.05535    6.53467    9.33869  285.13037   14.77370 4.4326e+00     3.8595     0.5781    86.5469 0.0000e+00
        319 244.679068    0.02208     1.3249     79.493     11.098  48312.943    30.6236     9.6821     11.000     9.6569    23.5878     5.7456     8.2110     87.853    250.684    256.597   -0.05051    6.53995    9.34623  285.34318   14.78360 3.7034e+00     3.3765     0.5269    87.6589 0.0000e+00
        323 244.679079    0.02234     1.3407     80.441     12.120  48401.911    30.6799     9.6380     12.000     9.6195    23.6389     5.6901     8.1317     86.953    248.253    254.121   -0.04319    6.54392    9.35192  285.50256   14.79099 3.1207e+00     2.1256     0.5102    88.0260 0.0000e+00
        326 244.679089    0.02257     1.3544     81.265     13.125  48446.566    30.7077     9.6127     13.000     9.6004    23.6645     5.6692     8.1019     86.599    247.333    253.186   -0.03495    6.54641    9.35548  285.60430   14.79575 2.5866e+00     1.5128     0.5137    87.9483 0.0000e+00
        329 244.679097    0.02278     1.3667     82.000     14.134  48491.998    30.7371     9.5965     14.000     9.5796    23.6900     5.6573     8.0848     86.403    246.806    252.653   -0.02762    6.54751    9.35705  285.64493   14.79757 2.1711e+00     1.2629     0.4971    88.3141 0.0000e+00
        332 244.679106    0.02298     1.3786     82.719     15.141  48545.904    30.7716     9.5742     15.000     9.5578    23.7206     5.6502     8.0747     86.272    246.490    252.337   -0.02215    6.54928    9.35958  285.71382   14.80072 1.8133e+00     1.2562     0.4751    88.8002 0.0000e+00
        335 244.679114    0.02318     1.3908     83.448     16.150  48574.294    30.7884     9.5535     16.000     9.5398    23.7370     5.6519     8.0771     86.268    246.563    252.415   -0.01680    6.55156    9.36284  285.80884   14.80520 1.5474e+00     1.0935     0.4604    89.1289 0.0000e+00
        338 244.679122    0.02338     1.4032     84.193     17.161  48605.461    30.8077     9.5365     17.000     9.5228    23.7547     5.6545     8.0808     86.285    246.670    252.529   -0.01208    6.55322    9.36521  285.87586   14.80833 1.3096e+00     1.0069     0.4513    89.3294 0.0000e+00
        341 244.679131    0.02360     1.4159     84.952     18.171  48641.958    30.8300     9.5145     18.000     9.4871    23.7756     5.6510     8.0759     86.204    246.515    252.375   -0.00947    6.55545    9.36839  285.96740   14.81261 1.1084e+00     0.9259     0.4391    89.6039 0.0000e+00
        344 244.679141    0.02381     1.4285     85.713     19.180  48703.281    30.8677     9.4765     19.000     9.4564    23.8110     5.6423     8.0634     86.019    246.126    251.986   -0.00881    6.55938    9.37401  286.12880   14.82017 9.4521e-01     0.8147     0.4431    89.5143 0.0000e+00
        347 244.679149    0.02402     1.4413     86.480     20.191  48831.565    30.9544     9.4539     20.000     9.4559    23.8823     5.6291     8.0444     85.823    245.530    251.393   -0.00851    6.55898    9.37345  286.09164   14.81804 8.0137e-01     0.7526     0.5034    88.1789 0.0000e+00
        350 244.679158    0.02424     1.4540     87.242     21.200  48865.932    30.9795     9.4636     21.000     9.4705    23.9003     5.6216     8.0338     85.740    245.199    251.059   -0.00737    6.55654    9.36995  285.98013   14.81262 6.6060e-01     0.7125     0.6077    85.9055 0.0000e+00
        353 244.679167    0.02444     1.4666     87.997     22.210  48862.821    30.9784     9.4751     22.000     9.4715    23.8977     5.6190     8.0302     85.723    245.089    250.946   -0.00569    6.55491    9.36762  285.90954   14.80925 5.4340e-01     0.5569     0.6066    85.9298 0.0000e+00
        356 244.679175    0.02465     1.4790     88.739     23.219  48865.291    30.9793     9.4721     23.000     9.4518    23.8989     5.6156     8.0251     85.664    244.935    250.789   -0.00485    6.55531    9.36819  285.92684   14.81007 4.5991e-01     0.4488     0.5579    86.9822 0.0000e+00
        359 244.679184    0.02485     1.4912     89.471     24.230  48837.594    30.9543     9.4332     24.000     9.3810    23.8854     5.6205     8.0323     85.652    245.157    251.012   -0.00389    6.56200    9.37776  286.22238   14.82430 3.9234e-01     0.3732     0.5299    87.5925 0.0000e+00
        362 244.679192    0.02505     1.5028     90.169     25.241  48892.883    30.9842     9.3698     25.000     9.3446    23.9187     5.6235     8.0365     85.595    245.278    251.146   -0.00332    6.56995    9.38911  286.55972   14.84030 3.2815e-01     0.3673     0.5815    86.4710 0.0000e+00
        364 244.679199    0.02523     1.5139     90.831     26.245  48927.198    31.0042     9.3424     26.000     9.3345    23.9386     5.6099     8.0171     85.346    244.680    250.538   -0.00467    6.57309    9.39361  286.69140   14.84652 2.7573e-01     0.3157     0.6084    85.8917 0.0000e+00
        367 244.679207    0.02542     1.5252     91.513     27.256  48934.537    31.0082     9.3364     27.000     9.3323    23.9427     5.5873     7.9848     84.994    243.695    249.530   -0.00722    6.57379    9.39460  286.72058   14.84791 2.3024e-01     0.3128     0.6156    85.7373 0.0000e+00
        370 244.679215    0.02561     1.5368     92.207     28.265  48935.686    31.0082     9.3349     28.000     9.3312    23.9431     5.5693     7.9592     84.718    242.911    248.728   -0.00868    6.57401    9.39491  286.72983   14.84834 1.9467e-01     0.3166     0.6177    85.6900 0.0000e+00
        373 244.679224    0.02580     1.5484     92.906     29.276  48936.773    31.0085     9.3340     29.000     9.3304    23.9433     5.5609     7.9470     84.587    242.542    248.350   -0.00813    6.57413    9.39510  286.73544   14.84861 1.6567e-01     0.2972     0.6215    85.6102 0.0000e+00
        375 244.679231    0.02600     1.5600     93.600     30.284  48938.022    31.0088     9.3334     30.000     9.3299    23.9437     5.5570     7.9414     84.527    242.372    248.174   -0.00690    6.57420    9.39518  286.73816   14.84874 1.4113e-01     0.2889     0.6261    85.5109 0.0000e+00
        378 244.679240    0.02620     1.5718     94.306     31.294  48938.549    31.0087     9.3329     31.000     9.3288    23.9438     5.5588     7.9440     84.552    242.447    248.253   -0.00518    6.57428    9.39531  286.74190   14.84892 1.2265e-01     0.2800     0.6291    85.4474 0.0000e+00
        381 244.679248    0.02640     1.5837     95.021     32.306  48939.741    31.0090     9.3319     32.000     9.3284    23.9441     5.5584     7.9435     84.545    242.431    248.235   -0.00385    6.57441    9.39549  286.74729   14.84918 1.0683e-01     0.2919     0.6281    85.4692 0.0000e+00
        384 244.679256    0.02659     1.5954     95.727     33.312  48940.879    31.0093     9.3318     33.000     9.3282    23.9445     5.5579     7.9429     84.540    242.414    248.219   -0.00315    6.57441    9.39549  286.74708   14.84916 9.5477e-02     0.4575     0.6277    85.4774 0.0000e+00
        387 244.679264    0.02679     1.6074     96.442     34.331  48940.149    31.0084     9.3316     34.000     9.3268    23.9438     5.5590     7.9444     84.554    242.461    248.265   -0.00231    6.57449    9.39559  286.75047   14.84933 8.4791e-02     0.3453     0.6242    85.5519 0.0000e+00
        389 244.679271    0.02695     1.6173     97.039     35.336  48940.833    31.0082     9.3302     35.000     9.3255    23.9439     5.5614     7.9477     84.586    242.562    248.369   -0.00160    6.57470    9.39590  286.75988   14.84978 7.6779e-02     0.2770     0.6212    85.6169 0.0000e+00
        391 244.679278    0.02711     1.6267     97.599     36.335  48941.290    31.0080     9.3292     36.000     9.3247    23.9439     5.5599     7.9458     84.564    242.503    248.310   -0.00141    6.57485    9.39612  286.76650   14.85010 7.1623e-02     0.2453     0.6187    85.6684 0.0000e+00
        394 244.679285    0.02730     1.6381     98.287     37.350  48940.807    31.0071     9.3282     37.000     9.3218    23.9433     5.5564     7.9407     84.508    242.348    248.150   -0.00172    6.57502    9.39638  286.77445   14.85048 6.6679e-02     0.2609     0.6209    85.6216 0.0000e+00
        397 244.679294    0.02750     1.6498     98.986     38.362  48927.674    30.9966     9.3220     38.000     9.2998    23.9361     5.5575     7.9421     84.507    242.395    248.197   -0.00170    6.57638    9.39831  286.83555   14.85345 6.2710e-02     0.2837     0.6191    85.6622 0.0000e+00
        400 244.679302    0.02769     1.6613     99.679     39.371  48915.069    30.9830     9.2900     39.000     9.2411    23.9304     5.5602     7.9461     84.482    242.516    248.320   -0.00131    6.58162    9.40580  287.06572   14.86450 5.9691e-02     0.2864     0.5796    86.5132 0.0000e+00
        402 244.679309    0.02788     1.6728    100.370     40.385  48965.132    31.0091     9.2266     40.000     9.1928    23.9607     5.5503     7.9321     84.227    242.079    247.880   -0.00295    6.58979    9.41747  287.41328   14.88102 5.7323e-02     0.3077     0.5223    87.7598 0.0000e+00
        405 244.679318    0.02807     1.6841    101.045     41.390  49008.567    31.0342     9.1906     41.000     9.1769    23.9859     5.5276     7.8995     83.828    241.081    246.864   -0.00654    6.59397    9.42344  287.58851   14.88929 5.5628e-02     0.3045     0.5095    88.0410 0.0000e+00
        408 244.679326    0.02826     1.6955    101.732     42.401  49025.354    31.0442     9.1802     42.000     9.1736    23.9953     5.4998     7.8597     83.392    239.863    245.619   -0.00919    6.59508    9.42502  287.63436   14.89143 5.4583e-02     0.2498     0.5180    87.8524 0.0000e+00
        411 244.679333    0.02845     1.7071    102.423     43.410  49030.479    31.0470     9.1777     43.000     9.1704    23.9979     5.4725     7.8207     82.975    238.673    244.401   -0.01130    6.59533    9.42538  287.64442   14.89191 5.2913e-02     0.2563     0.5218    87.7711 0.0000e+00
        413 244.679341    0.02864     1.7186    103.116     44.420  49031.563    31.0467     9.1735     44.000     9.1592    23.9983     5.4528     7.7926     82.669    237.816    243.523   -0.01231    6.59596    9.42629  287.67202   14.89322 5.1833e-02     0.2254     0.5295    87.6001 0.0000e+00
        416 244.679350    0.02884     1.7302    103.809     45.431  49049.844    31.0572     9.1597     45.000     9.1469    24.0087     5.4523     7.7919     82.643    237.792    243.501   -0.00994    6.59752    9.42853  287.73734   14.89631 5.0742e-02     0.2415     0.5527    87.0930 0.0000e+00
        419 244.679358    0.02903     1.7417    104.500     46.439  49059.900    31.0625     9.1499     46.000     9.1371    24.0143     5.4508     7.7897     82.604    237.723    243.432   -0.00775    6.59873    9.43026  287.78856   14.89873 5.0247e-02     0.2287     0.5875    86.3416 0.0000e+00
        422 244.679365    0.02923     1.7533    105.200     47.449  49068.650    31.0667     9.1390     47.000     9.1292    24.0193     5.4537     7.7938     82.629    237.847    243.560   -0.00592    6.60016    9.43228  287.84906   14.90161 4.9809e-02     0.2207     0.6614    84.7618 0.0000e+00
        425 244.679374    0.02941     1.7650    105.903     48.460  49074.284    31.0694     9.1329     48.000     9.1256    24.0224     5.4538     7.7939     82.621    237.851    243.564   -0.00447    6.60093    9.43339  287.88192   14.90317 4.8961e-02     0.2387     0.7025    83.8935 0.0000e+00
        427 244.679382    0.02961     1.7767    106.604     49.469  49075.519    31.0694     9.1298     49.000     9.1228    24.0228     5.4511     7.7901     82.574    237.734    243.445   -0.00380    6.60139    9.43405  287.90212   14.90413 4.8647e-02     0.2248     0.7339    83.2374 0.0000e+00
        430 244.679390    0.02981     1.7884    107.304     50.478  49078.044    31.0704     9.1275     50.000     9.1210    24.0240     5.4427     7.7782     82.445    237.369    243.072   -0.00419    6.60169    9.43447  287.91446   14.90471 4.8404e-02     0.2113     0.7523    82.8556 0.0000e+00
        433 244.679398    0.03000     1.8001    108.008     51.488  49080.426    31.0714     9.1257     51.000     9.1202    24.0251     5.4370     7.7700     82.356    237.122    242.819   -0.00423    6.60192    9.43480  287.92416   14.90518 4.7978e-02     0.2388     0.7741    82.4059 0.0000e+00
        436 244.679406    0.03020     1.8118    108.707     52.498  49080.604    31.0711     9.1257     52.000     9.1201    24.0249     5.4338     7.7654     82.307    236.980    242.673   -0.00388    6.60192    9.43480  287.92449   14.90520 4.7522e-02     0.2138     0.7810    82.2628 0.0000e+00
        439 244.679415    0.03039     1.8234    109.404     53.507  49080.672    31.0707     9.1255     53.000     9.1195    24.0246     5.4322     7.7631     82.281    236.909    242.600   -0.00325    6.60198    9.43487  287.92662   14.90530 4.7520e-02     0.2319     0.7910    82.0573 0.0000e+00
