CTD-processing/allCTD/CNV/2012_09-21_t9_s10_repeat3_cast164_4141.cnv
* Sea-Bird SBE19plus Data File:
* FileName = C:\Documents and Settings\kris.holderied.local\My Documents\2012-CTD-DATA-new-files\2012-09-21-CTD-HomerSpit-tide-time-series-KBRRctd\2012-09-21-CTD-HomerSpit-tide-repeat3\2012-09-21-HomerSpit-tide-repeat3-cast164.hex
* Software Version 1.54
* Temperature SN =  4141
* Conductivity SN =  4141
* System UpLoad Time = Oct 11 2012 18:49:18
** Kachemak Bay Homer Spit Line - Tidal repeat3
** Date:  2012-09-21
** Station: 9-10
** Start time (AKDT-24 hr): 1228
** Depth (ft): 202
** Comment:Phytoplankton sample, surface 20 liter bucket filtered.  Increasing clouds.
# nquan = 27
# nvalues = 59                          
# units = specified
# name 0 = scan: Scan Count
# name 1 = timeJ: Julian Days
# name 2 = timeH: Time, Elapsed [hours]
# name 3 = timeM: Time, Elapsed [minutes]
# name 4 = timeS: Time, Elapsed [seconds]
# name 5 = prdM: Pressure, Strain Gauge [db]
# name 6 = specc: Specific Conductance [uS/cm]
# name 7 = sal00: Salinity, Practical [PSU]
# name 8 = tv290C: Temperature [ITS-90, deg C]
# name 9 = depSM: Depth [salt water, m], lat = 59.00
# name 10 = potemp090C: Potential Temperature [ITS-90, deg C]
# name 11 = sigma-é00: Density [sigma-theta, kg/m^3]
# name 12 = sbeox0ML/L: Oxygen, SBE 43 [ml/l]
# name 13 = sbeox0Mg/L: Oxygen, SBE 43 [mg/l]
# name 14 = sbeox0PS: Oxygen, SBE 43 [% saturation]
# name 15 = sbox0Mm/Kg: Oxygen, SBE 43 [umol/kg]
# name 16 = sbeox0Mm/L: Oxygen, SBE 43 [umol/l]
# name 17 = sbox0dV/dT: Oxygen, SBE 43 [dov/dt]
# name 18 = oxsolML/L: Oxygen Saturation, Garcia & Gordon [ml/l]
# name 19 = oxsolMg/L: Oxygen Saturation, Garcia & Gordon [mg/l]
# name 20 = oxsolMm/Kg: Oxygen Saturation, Garcia & Gordon [umol/kg]
# name 21 = n2satMg/L: Nitrogen Saturation [mg/l]
# name 22 = par: PAR/Irradiance, Biospherical/Licor
# name 23 = wetStar: Fluorescence, WET Labs WETstar [mg/m^3]
# name 24 = CStarAt0: Beam Attenuation, WET Labs C-Star [1/m]
# name 25 = CStarTr0: Beam Transmission, WET Labs C-Star [%]
# name 26 = flag: flag
# span 0 =        219,        553       
# span 1 = 265.519821, 265.520785       
# span 2 =    0.01515,    0.03829       
# span 3 =     0.9091,     2.2981       
# span 4 =     54.547,    137.883       
# span 5 =      1.011,     59.469       
# span 6 =  39219.822,  48379.168       
# span 7 =    24.2731,    30.6304       
# span 8 =     9.0960,     9.7408       
# span 9 =      1.000,     59.000       
# span 10 =     9.1326,     9.7413      
# span 11 =    18.7203,    23.6177      
# span 12 =     5.4041,     6.3920      
# span 13 =     7.7230,     9.1348      
# span 14 =     82.363,     92.599      
# span 15 =    235.781,    280.223      
# span 16 =    241.350,    285.467      
# span 17 =   -0.02399,    0.00915      
# span 18 =    6.55758,    6.90268      
# span 19 =    9.37144,    9.86462      
# span 20 =  286.13580,  302.60995      
# span 21 =   14.82201,   15.63495      
# span 22 = 6.2213e-02, 1.2240e+02      
# span 23 =     0.4386,     2.7083      
# span 24 =     0.8223,     5.9983      
# span 25 =    22.5334,    81.4195      
# span 26 = 0.0000e+00, 0.0000e+00      
# interval = meters: 1                  
# start_time = Sep 21 2012 12:27:38 [Instrument's time stamp, header]
# bad_flag = -9.990e-29
*END*
        219 265.519821    0.01515     0.9091     54.547      1.011  39219.822    24.2731     9.0960      1.000     9.1326    18.7203     6.3920     9.1348     92.599    280.223    285.467    0.00098    6.90268    9.86462  302.60995   15.63495 1.2240e+02     0.4386     5.9983    22.5334 0.0000e+00
        312 265.520091    0.02162     1.2971     77.828      2.019  41804.690    26.0563     9.2585      2.000     9.3583    20.0883     6.2697     8.9600     92.216    274.490    280.004    0.00182    6.79886    9.71625  297.65826   15.39099 4.2496e+01     0.5546     5.5703    24.9274 0.0000e+00
        324 265.520124    0.02241     1.3449     80.696      3.029  43406.327    27.1875     9.5154      3.000     9.5870    20.9329     6.1111     8.7334     91.061    267.326    272.921   -0.00759    6.71081    9.59041  293.55977   15.19049 1.4990e+01     1.1079     3.7740    39.5097 0.0000e+00
        329 265.520138    0.02277     1.3658     81.951      4.039  44487.632    27.9505     9.6443      4.000     9.6613    21.5086     5.9288     8.4728     89.036    259.204    264.779   -0.02399    6.65880    9.51609  291.12044   15.07076 8.6262e+00     1.5353     2.3855    55.3483 0.0000e+00
        333 265.520152    0.02309     1.3852     83.113      5.046  44692.289    28.0953     9.6718      5.000     9.6816    21.6173     5.8963     8.4263     88.685    257.755    263.327   -0.01983    6.64853    9.50142  290.64071   15.04724 6.0166e+00     1.6646     1.6994    65.4004 0.0000e+00
        338 265.520166    0.02341     1.4051     84.304      6.058  45623.402    28.7480     9.7186      6.000     9.7413    22.1192     5.9482     8.5006     89.936    259.899    265.648   -0.00105    6.61386    9.45187  288.98306   14.96531 4.2089e+00     1.8382     1.5600    67.7084 0.0000e+00
        343 265.520179    0.02374     1.4243     85.460      7.064  46075.494    29.0656     9.7408      7.000     9.7326    22.3634     5.9986     8.5726     90.928    262.039    267.899    0.00915    6.59715    9.42798  288.18387   14.92580 3.0229e+00     2.0732     1.4991    68.7443 0.0000e+00
        348 265.520193    0.02408     1.4446     86.675      8.076  46236.699    29.1765     9.7304      8.000     9.7320    22.4514     5.9854     8.5537     90.771    261.439    267.309    0.00507    6.59396    9.42343  288.01994   14.91750 2.1484e+00     2.7083     1.5608    67.6942 0.0000e+00
        353 265.520207    0.02443     1.4655     87.931      9.087  46264.666    29.1960     9.7333      9.000     9.7313    22.4662     5.9180     8.4574     89.766    258.491    264.299   -0.00665    6.59272    9.42165  287.96142   14.91462 1.5211e+00     2.2770     1.5170    68.4402 0.0000e+00
        357 265.520221    0.02475     1.4851     89.103     10.095  46267.341    29.1971     9.7304     10.000     9.7276    22.4675     5.9000     8.4317     89.487    257.702    263.492   -0.00735    6.59311    9.42221  287.97827   14.91542 1.0842e+00     2.1500     1.4897    68.9060 0.0000e+00
        362 265.520234    0.02507     1.5041     90.247     11.103  46273.671    29.2008     9.7281     11.000     9.7265    22.4708     5.8990     8.4303     89.470    257.658    263.448   -0.00466    6.59328    9.42245  287.98455   14.91572 7.7514e-01     2.2445     1.5398    68.0486 0.0000e+00
        367 265.520248    0.02541     1.5243     91.456     12.115  46273.898    29.2003     9.7254     12.000     9.7190    22.4708     5.8918     8.4200     89.356    257.347    263.129   -0.00410    6.59369    9.42305  288.00265   14.91658 5.4577e-01     2.3376     1.5376    68.0872 0.0000e+00
        372 265.520262    0.02573     1.5439     92.632     13.123  46286.720    29.2070     9.7108     13.000     9.7039    22.4784     5.8907     8.4184     89.313    257.295    263.078   -0.00282    6.59554    9.42569  288.08130   14.92031 3.8090e-01     2.1239     1.6266    66.5886 0.0000e+00
        376 265.520276    0.02605     1.5633     93.797     14.132  46320.699    29.2294     9.7025     14.000     9.6993    22.4971     5.8680     8.3860     88.966    256.300    262.066   -0.00483    6.59579    9.42604  288.08684   14.92048 2.6645e-01     1.8112     1.8054    63.6820 0.0000e+00
        381 265.520289    0.02639     1.5833     94.996     15.144  46866.335    29.6097     9.6967     15.000     9.6918    22.7947     5.8329     8.3358     88.638    254.693    260.498   -0.00626    6.58057    9.40428  287.33830   14.88314 1.8986e-01     1.6521     1.8240    63.3885 0.0000e+00
        386 265.520303    0.02671     1.6026     96.155     16.152  47274.370    29.8936     9.6871     16.000     9.6801    23.0176     5.8014     8.2907     88.302    253.260    259.090   -0.00680    6.56995    9.38911  286.81212   14.85682 1.4500e-01     1.5283     1.6132    66.8245 0.0000e+00
        390 265.520315    0.02701     1.6205     97.229     17.162  47381.590    29.9669     9.6763     17.000     9.6711    23.0766     5.7385     8.2009     87.364    250.500    256.280   -0.01255    6.56843    9.38693  286.72903   14.85254 1.1730e-01     1.5721     1.5305    68.2096 0.0000e+00
        394 265.520327    0.02730     1.6382     98.291     18.169  47419.566    29.9923     9.6705     18.000     9.6676    23.0973     5.6794     8.1164     86.468    247.916    253.642   -0.01784    6.56820    9.38661  286.71338   14.85169 9.9670e-02     1.5584     1.4718    69.2160 0.0000e+00
        399 265.520340    0.02761     1.6565     99.389     19.179  47426.218    29.9964     9.6691     19.000     9.6671    23.1008     5.6718     8.1055     86.352    247.582    253.302   -0.01272    6.56822    9.38665  286.71347   14.85168 8.8262e-02     1.5519     1.4458    69.6682 0.0000e+00
        403 265.520353    0.02792     1.6750    100.500     20.190  47428.715    29.9978     9.6694     20.000     9.6674    23.1018     5.6784     8.1151     86.455    247.874    253.600   -0.00722    6.56812    9.38650  286.70882   14.85145 8.0308e-02     1.4376     1.4368    69.8239 0.0000e+00
        407 265.520366    0.02822     1.6935    101.611     21.197  47428.557    29.9973     9.6697     21.000     9.6675    23.1014     5.6840     8.1229     86.539    248.113    253.845   -0.00383    6.56810    9.38647  286.70800   14.85142 7.5145e-02     1.6018     1.4448    69.6844 0.0000e+00
        412 265.520380    0.02856     1.7138    102.826     22.209  47428.115    29.9966     9.6698     22.000     9.6675    23.1008     5.6915     8.1338     86.653    248.443    254.183   -0.00120    6.56811    9.38649  286.70869   14.85145 7.0739e-02     1.4221     1.4167    70.1759 0.0000e+00
        417 265.520394    0.02890     1.7340    104.041     23.221  47475.410    30.0293     9.6697     23.000     9.6655    23.1264     5.6747     8.1098     86.416    247.705    253.434   -0.00274    6.56676    9.38455  286.64236   14.84815 6.8353e-02     1.4390     1.3979    70.5075 0.0000e+00
        422 265.520407    0.02921     1.7521    105.128     24.232  47617.371    30.1277     9.6642     24.000     9.6571    23.2040     5.6526     8.0781     86.123    246.718    252.443   -0.00501    6.56340    9.37975  286.47388   14.83969 6.7030e-02     1.4905     1.3142    71.9968 0.0000e+00
        425 265.520418    0.02945     1.7674    106.043     25.238  47680.399    30.1703     9.6549     25.000     9.6462    23.2387     5.6605     8.0893     86.249    247.054    252.796   -0.00253    6.56295    9.37911  286.44454   14.83811 6.5899e-02     1.4233     1.3046    72.1691 0.0000e+00
        429 265.520427    0.02970     1.7822    106.933     26.246  47739.473    30.2099     9.6444     26.000     9.6365    23.2713     5.6555     8.0822     86.174    246.827    252.571   -0.00180    6.56280    9.37889  286.42890   14.83721 6.5483e-02     1.4788     1.2577    73.0210 0.0000e+00
        432 265.520438    0.02996     1.7974    107.847     27.258  47780.620    30.2373     9.6360     27.000     9.6303    23.2940     5.6272     8.0418     85.743    245.590    251.311   -0.00540    6.56285    9.37898  286.42509   14.83692 6.4616e-02     1.2942     1.2367    73.4068 0.0000e+00
        436 265.520448    0.03020     1.8122    108.729     28.266  47798.265    30.2487     9.6320     28.000     9.6278    23.3036     5.6035     8.0080     85.381    244.555    250.254   -0.00764    6.56296    9.37913  286.42719   14.83696 6.3485e-02     1.3424     1.2412    73.3221 0.0000e+00
        440 265.520459    0.03046     1.8272    109.632     29.273  47820.783    30.2638     9.6297     29.000     9.6253    23.3157     5.5902     7.9889     85.181    243.969    249.657   -0.00751    6.56265    9.37869  286.41035   14.83610 6.3058e-02     1.2803     1.2142    73.8203 0.0000e+00
        443 265.520470    0.03072     1.8434    110.604     30.291  47830.982    30.2703     9.6279     30.000     9.6245    23.3212     5.5857     7.9825     85.113    243.772    249.458   -0.00590    6.56263    9.37866  286.40786   14.83596 7.6157e-02     1.1137     1.1862    74.3386 0.0000e+00
        447 265.520480    0.03096     1.8576    111.457     31.290  47831.324    30.2702     9.6276     31.000     9.6244    23.3210     5.5833     7.9790     85.076    243.666    249.348   -0.00456    6.56269    9.37873  286.41015   14.83606 6.3827e-02     1.1307     1.1980    74.1195 0.0000e+00
        451 265.520491    0.03122     1.8735    112.408     32.305  47833.176    30.2711     9.6278     32.000     9.6242    23.3218     5.5838     7.9797     85.084    243.687    249.370   -0.00327    6.56263    9.37866  286.40768   14.83594 6.4078e-02     1.2497     1.1739    74.5667 0.0000e+00
        454 265.520502    0.03149     1.8896    113.374     33.315  47837.533    30.2736     9.6275     33.000     9.6237    23.3238     5.5899     7.9884     85.178    243.952    249.642   -0.00135    6.56257    9.37856  286.40413   14.83576 8.5881e-02     1.1590     1.1704    74.6332 0.0000e+00
        458 265.520513    0.03175     1.9050    114.298     34.322  47842.099    30.2763     9.6271     34.000     9.6232    23.3261     5.5849     7.9814     85.103    243.736    249.422   -0.00152    6.56251    9.37848  286.40102   14.83560 6.5475e-02     1.2425     1.1574    74.8750 0.0000e+00
        462 265.520524    0.03201     1.9211    115.263     35.330  47851.943    30.2828     9.6266     35.000     9.6223    23.3312     5.5817     7.9769     85.057    243.598    249.281   -0.00177    6.56229    9.37818  286.39048   14.83507 7.2607e-02     1.2288     1.1649    74.7354 0.0000e+00
        466 265.520535    0.03230     1.9380    116.281     36.347  47877.568    30.3002     9.6252     36.000     9.6200    23.3450     5.5884     7.9864     85.166    243.885    249.579   -0.00035    6.56177    9.37743  286.36354   14.83371 8.2693e-02     1.0973     1.1586    74.8522 0.0000e+00
        470 265.520546    0.03256     1.9533    117.200     37.351  47924.797    30.3325     9.6224     37.000     9.6156    23.3707     5.5891     7.9874     85.189    243.910    249.610    0.00021    6.56082    9.37606  286.31468   14.83125 6.4741e-02     1.2496     1.1683    74.6708 0.0000e+00
        474 265.520557    0.03282     1.9691    118.147     38.363  48006.411    30.3885     9.6164     38.000     9.6088    23.4153     5.5775     7.9708     85.031    243.392    249.091   -0.00137    6.55933    9.37393  286.23708   14.82731 6.3404e-02     1.1320     1.1071    75.8258 0.0000e+00
        477 265.520568    0.03308     1.9847    119.080     39.371  48041.676    30.4122     9.6109     39.000     9.6051    23.4346     5.5673     7.9563     84.879    242.944    248.637   -0.00260    6.55913    9.37365  286.22312   14.82654 9.6558e-02     1.1958     1.0705    76.5221 0.0000e+00
        481 265.520579    0.03333     2.0003    120.018     40.384  48062.908    30.4263     9.6084     40.000     9.6029    23.4461     5.5536     7.9367     84.673    242.343    248.025   -0.00366    6.55889    9.37332  286.20974   14.82585 7.3951e-02     1.1307     1.0615    76.6933 0.0000e+00
        485 265.520589    0.03359     2.0153    120.921     41.392  48094.569    30.4479     9.6060     41.000     9.5993    23.4633     5.5424     7.9206     84.509    241.849    247.524   -0.00450    6.55833    9.37251  286.18026   14.82435 6.2906e-02     1.0627     1.0428    77.0514 0.0000e+00
        488 265.520600    0.03384     2.0301    121.806     42.400  48134.201    30.4746     9.6014     42.000     9.5941    23.4849     5.5374     7.9135     84.438    241.626    247.300   -0.00385    6.55786    9.37184  286.15384   14.82298 6.2554e-02     1.0116     0.9867    78.1437 0.0000e+00
        492 265.520610    0.03409     2.0451    122.704     43.413  48171.317    30.4996     9.5961     43.000     9.5869    23.5052     5.5289     7.9014     84.314    241.252    246.922   -0.00393    6.55758    9.37144  286.13580   14.82201 6.2213e-02     1.0199     0.9190    79.4742 0.0000e+00
        495 265.520620    0.03432     2.0594    123.562     44.416  48197.304    30.5165     9.5889     44.000     9.5820    23.5196     5.5207     7.8896     84.183    240.887    246.552   -0.00413    6.55791    9.37191  286.14617   14.82244 6.2218e-02     0.9778     0.8941    79.9699 0.0000e+00
        499 265.520631    0.03458     2.0752    124.510     45.431  48210.665    30.5250     9.5855     45.000     9.5789    23.5268     5.5030     7.8642     83.912    240.112    245.761   -0.00526    6.55804    9.37209  286.14990   14.82258 6.2514e-02     0.9240     0.8727    80.3971 0.0000e+00
        503 265.520641    0.03484     2.0907    125.441     46.440  48224.725    30.5340     9.5822     46.000     9.5758    23.5343     5.4909     7.8470     83.726    239.584    245.223   -0.00590    6.55813    9.37222  286.15179   14.82264 6.2418e-02     0.9868     0.8726    80.4005 0.0000e+00
        506 265.520652    0.03510     2.1059    126.356     47.448  48246.821    30.5487     9.5790     47.000     9.5704    23.5463     5.4861     7.8402     83.655    239.372    245.008   -0.00474    6.55798    9.37201  286.14185   14.82211 6.2505e-02     0.9011     0.8688    80.4765 0.0000e+00
        510 265.520664    0.03537     2.1219    127.316     48.461  48279.607    30.5703     9.5718     48.000     9.5633    23.5644     5.4813     7.8333     83.580    239.158    244.794   -0.00407    6.55811    9.37220  286.14257   14.82205 6.2550e-02     0.8943     0.8544    80.7680 0.0000e+00
        514 265.520674    0.03561     2.1368    128.207     49.468  48302.546    30.5852     9.5658     49.000     9.5578    23.5769     5.4657     7.8110     83.339    238.474    244.097   -0.00481    6.55836    9.37256  286.14986   14.82234 6.2535e-02     0.9054     0.8409    81.0417 0.0000e+00
        517 265.520684    0.03586     2.1515    129.091     50.474  48310.859    30.5902     9.5621     50.000     9.5559    23.5814     5.4531     7.7931     83.144    237.927    243.537   -0.00583    6.55869    9.37302  286.16276   14.82294 6.2627e-02     0.8718     0.8415    81.0279 0.0000e+00
        521 265.520695    0.03614     2.1682    130.094     51.493  48314.380    30.5921     9.5610     51.000     9.5548    23.5831     5.4488     7.7869     83.076    237.737    243.343   -0.00445    6.55877    9.37313  286.16605   14.82309 6.2712e-02     0.8172     0.8223    81.4195 0.0000e+00
        525 265.520706    0.03638     2.1829    130.975     52.493  48323.386    30.5978     9.5594     52.000     9.5520    23.5878     5.4430     7.7785     82.989    237.482    243.084   -0.00418    6.55875    9.37312  286.16405   14.82297 6.2826e-02     0.9177     0.8400    81.0590 0.0000e+00
        529 265.520717    0.03665     2.1988    131.928     53.509  48334.756    30.6048     9.5561     53.000     9.5482    23.5939     5.4431     7.7788     82.988    237.486    243.090   -0.00302    6.55894    9.37337  286.17022   14.82324 6.2520e-02     0.8674     0.8491    80.8732 0.0000e+00
