CTD-processing/allCTD/CNV/2012_10-28_t6_s27_cast002_4141.cnv
* Sea-Bird SBE19plus Data File:
* FileName = C:\Documents and Settings\kris.holderied.local\My Documents\2012-10-CookInlet-Ocean-LTM\2012-10-28-EVOSTC-CookInletOcean-Tran6-Douglas\2012-10-28-CookInletOcean-Tran6-cast002.hex
* Software Version 1.54
* Temperature SN =  4141
* Conductivity SN =  4141
* System UpLoad Time = Oct 28 2012 19:22:24
** Cook Inlet EVOSTC Transect 6 Douglas line west to east
** Date:   28 Oct 2012
** Station:  6-27
** Start time (AKDT-24 hr):  0808
** Depth (m):  151
** Comment:
# nquan = 27
# nvalues = 77                          
# units = specified
# name 0 = scan: Scan Count
# name 1 = timeJ: Julian Days
# name 2 = timeH: Time, Elapsed [hours]
# name 3 = timeM: Time, Elapsed [minutes]
# name 4 = timeS: Time, Elapsed [seconds]
# name 5 = prdM: Pressure, Strain Gauge [db]
# name 6 = specc: Specific Conductance [uS/cm]
# name 7 = sal00: Salinity, Practical [PSU]
# name 8 = tv290C: Temperature [ITS-90, deg C]
# name 9 = depSM: Depth [salt water, m], lat = 59.00
# name 10 = potemp090C: Potential Temperature [ITS-90, deg C]
# name 11 = sigma-é00: Density [sigma-theta, kg/m^3]
# name 12 = sbeox0ML/L: Oxygen, SBE 43 [ml/l]
# name 13 = sbeox0Mg/L: Oxygen, SBE 43 [mg/l]
# name 14 = sbeox0PS: Oxygen, SBE 43 [% saturation]
# name 15 = sbox0Mm/Kg: Oxygen, SBE 43 [umol/kg]
# name 16 = sbeox0Mm/L: Oxygen, SBE 43 [umol/l]
# name 17 = sbox0dV/dT: Oxygen, SBE 43 [dov/dt]
# name 18 = oxsolML/L: Oxygen Saturation, Garcia & Gordon [ml/l]
# name 19 = oxsolMg/L: Oxygen Saturation, Garcia & Gordon [mg/l]
# name 20 = oxsolMm/Kg: Oxygen Saturation, Garcia & Gordon [umol/kg]
# name 21 = n2satMg/L: Nitrogen Saturation [mg/l]
# name 22 = par: PAR/Irradiance, Biospherical/Licor
# name 23 = wetStar: Fluorescence, WET Labs WETstar [mg/m^3]
# name 24 = CStarAt0: Beam Attenuation, WET Labs C-Star [1/m]
# name 25 = CStarTr0: Beam Transmission, WET Labs C-Star [%]
# name 26 = flag: flag
# span 0 =         77,        809       
# span 1 = 302.339537, 302.341655       
# span 2 =    0.00528,    0.05612       
# span 3 =     0.3170,     3.3673       
# span 4 =     19.021,    202.036       
# span 5 =      1.005,     77.729       
# span 6 =  46465.648,  49967.625       
# span 7 =    28.8354,    31.5619       
# span 8 =     5.9460,     8.3343       
# span 9 =      1.000,     77.000       
# span 10 =     6.0842,     8.3255      
# span 11 =    22.6571,    24.5322      
# span 12 =     5.4894,     6.4299      
# span 13 =     7.8449,     9.1890      
# span 14 =     81.893,     90.240      
# span 15 =    239.289,    280.787      
# span 16 =    245.159,    287.159      
# span 17 =   -0.00793,    0.00269      
# span 18 =    6.70242,    7.20685      
# span 19 =    9.57843,   10.29930      
# span 20 =  292.16801,  314.71978      
# span 21 =   15.10604,   16.19245      
# span 22 = 7.0087e-02, 1.4618e+00      
# span 23 =     0.2724,     1.2892      
# span 24 =     0.2024,     4.2067      
# span 25 =    43.9897,    95.0661      
# span 26 = 0.0000e+00, 0.0000e+00      
# interval = meters: 1                  
# start_time = Oct 28 2012 08:08:37 [Instrument's time stamp, header]
# bad_flag = -9.990e-29
*END*
[from data line 54]
        664 302.341235    0.04603     2.7617    165.703     55.532  49056.200    30.8917     8.0248     55.000     8.0289    24.0463     5.9679     8.5287     88.086    260.268    266.526   -0.00426    6.77508    9.68227  295.47012   15.26635 7.9697e-02     0.8925     0.2024    95.0661 0.0000e+00
        669 302.341250    0.04638     2.7826    166.958     56.536  49092.550    30.9213     8.0550     56.000     8.0631    24.0653     5.9439     8.4944     87.808    259.215    265.453   -0.00541    6.76914    9.67378  295.20549   15.25360 8.0214e-02     0.8353     0.2038    95.0339 0.0000e+00
        673 302.341263    0.04670     2.8020    168.122     57.547  49133.600    30.9542     8.0860     57.000     8.0906    24.0868     5.9382     8.4862     87.804    258.961    265.198   -0.00321    6.76294    9.66492  294.92899   15.24027 8.0793e-02     0.8529     0.2093    94.9017 0.0000e+00
        678 302.341276    0.04701     2.8209    169.253     58.551  49149.587    30.9675     8.1029     58.000     8.1007    24.0948     5.9119     8.4487     87.457    257.813    264.025   -0.00516    6.75976    9.66037  294.78786   15.23348 8.0887e-02     0.8834     0.2140    94.7906 0.0000e+00
        684 302.341294    0.04744     2.8467    170.803     59.568  49194.546    31.0004     8.1157     59.000     8.1166    24.1188     5.8945     8.4237     87.243    257.047    263.246   -0.00486    6.75634    9.65550  294.63226   15.22591 8.1232e-02     0.7772     0.2243    94.5472 0.0000e+00
        689 302.341309    0.04781     2.8687    172.121     60.572  49236.726    31.0323     8.1341     60.000     8.1336    24.1412     5.8983     8.4293     87.355    257.209    263.419   -0.00208    6.75214    9.64948  294.44237   15.21672 8.0257e-02     0.7281     0.2441    94.0803 0.0000e+00
        696 302.341327    0.04824     2.8945    173.672     61.586  49288.629    31.0704     8.1492     61.000     8.1479    24.1689     5.8711     8.3904     87.003    256.017    262.205   -0.00383    6.74815    9.64378  294.26045   15.20787 7.9747e-02     0.7365     0.2678    93.5241 0.0000e+00
        702 302.341344    0.04865     2.9188    175.129     62.599  49340.272    31.1080     8.1622     62.000     8.1598    24.1966     5.8284     8.3294     86.417    254.148    260.297   -0.00758    6.74451    9.63859  294.09403   15.19977 7.9936e-02     0.6439     0.2949    92.8936 0.0000e+00
        708 302.341362    0.04909     2.9452    176.709     63.603  49386.869    31.1414     8.1710     63.000     8.1685    24.2215     5.8120     8.3059     86.210    253.425    259.564   -0.00608    6.74171    9.63457  293.96424   15.19344 7.9983e-02     0.6286     0.3328    92.0180 0.0000e+00
        716 302.341385    0.04963     2.9777    178.662     64.618  49442.265    31.1816     8.1830     64.000     8.1821    24.2513     5.7826     8.2639     85.820    252.138    258.252   -0.00600    6.73812    9.62945  293.79933   15.18540 7.9255e-02     0.5754     0.3677    91.2186 0.0000e+00
        721 302.341400    0.04999     2.9996    179.977     65.615  49473.401    31.2040     8.1901     65.000     8.1850    24.2679     5.7647     8.2383     85.580    251.351    257.450   -0.00563    6.73605    9.62649  293.70431   15.18077 7.9679e-02     0.5759     0.4361    89.6714 0.0000e+00
        730 302.341426    0.05061     3.0363    182.179     66.636  49488.743    31.2153     8.1968     66.000     8.1962    24.2758     5.7302     8.1890     85.086    249.845    255.911   -0.00625    6.73455    9.62434  293.63649   15.17749 8.0210e-02     0.5773     0.4549    89.2489 0.0000e+00
        737 302.341446    0.05108     3.0651    183.907     67.646  49503.021    31.2273     8.2128     67.000     8.2066    24.2829     5.7410     8.2044     85.285    250.314    256.392   -0.00177    6.73157    9.62009  293.50485   15.17115 7.9933e-02     0.5595     0.3822    90.8863 0.0000e+00
        742 302.341461    0.05147     3.0881    185.285     68.647  49541.143    31.2529     8.2091     68.000     8.2048    24.3035     5.7269     8.1843     85.083    249.696    255.765   -0.00287    6.73102    9.61930  293.47479   15.16961 7.9223e-02     0.4666     0.4376    89.6370 0.0000e+00
        750 302.341485    0.05202     3.1215    187.288     69.665  49590.758    31.2890     8.2210     69.000     8.2244    24.3301     5.7076     8.1567     84.838    248.846    254.900   -0.00349    6.72763    9.61445  293.31922   15.16204 8.0225e-02     0.4735     0.4097    90.2654 0.0000e+00
        757 302.341504    0.05248     3.1487    188.924     70.665  49648.984    31.3329     8.2445     70.000     8.2465    24.3612     5.6936     8.1366     84.699    248.227    254.274   -0.00328    6.72214    9.60661  293.07127   15.15002 7.9873e-02     0.4604     0.3829    90.8723 0.0000e+00
        765 302.341528    0.05306     3.1839    191.033     71.689  49733.370    31.3946     8.2645     71.000     8.2635    24.4066     5.6558     8.0827     84.209    246.572    252.590   -0.00522    6.71643    9.59844  292.80886   15.13724 8.0549e-02     0.4255     0.3801    90.9344 0.0000e+00
        771 302.341546    0.05349     3.2094    192.565     72.689  49769.594    31.4225     8.2846     72.000     8.2870    24.4257     5.6228     8.0355     83.770    245.126    251.114   -0.00691    6.71215    9.59233  292.61726   15.12797 8.0491e-02     0.4482     0.3422    91.8031 0.0000e+00
        779 302.341568    0.05403     3.2416    194.498     73.705  49789.876    31.4402     8.3097     73.000     8.3135    24.4358     5.5802     7.9746     83.191    243.265    249.210   -0.00793    6.70758    9.58582  292.41544   15.11826 8.1338e-02     0.3745     0.2833    93.1637 0.0000e+00
        786 302.341587    0.05449     3.2692    196.151     74.712  49794.258    31.4457     8.3288     74.000     8.3241    24.4374     5.5665     7.9550     83.025    242.666    248.596   -0.00596    6.70446    9.58134  292.27842   15.11169 7.9415e-02     0.3389     0.2470    94.0117 0.0000e+00
        792 302.341607    0.05496     3.2975    197.852     75.720  49831.893    31.4724     8.3343     75.000     8.3255    24.4576     5.5578     7.9426     82.921    242.284    248.210   -0.00402    6.70246    9.57848  292.18552   15.10715 7.8476e-02     0.3099     0.2355    94.2826 0.0000e+00
        801 302.341633    0.05557     3.3344    200.062     76.732  49934.048    31.5405     8.3149     76.000     8.3010    24.5138     5.5245     7.8951     82.426    240.822    246.725   -0.00549    6.70242    9.57843  292.16801   15.10604 8.0322e-02     0.3044     0.2350    94.2947 0.0000e+00
        809 302.341655    0.05612     3.3673    202.036     77.729  49967.625    31.5619     8.3036     77.000     8.2963    24.5322     5.4894     7.8449     81.893    239.289    245.159   -0.00710    6.70319    9.57953  292.19628   15.10730 7.9973e-02     0.3155     0.2335    94.3303 0.0000e+00
