CTD-processing/allCTD/CNV/2012_09-21_t9_s06_repeat6_cast195_4141.cnv
* Sea-Bird SBE19plus Data File:
* FileName = C:\Documents and Settings\kris.holderied.local\My Documents\2012-CTD-DATA-new-files\2012-09-21-CTD-HomerSpit-tide-time-series-KBRRctd\2012-09-21-CTD-HomerSpit-tide-repeat6\2012-09-21-HomerSpit-tide-repeat6-LTM-cast195.hex
* Software Version 1.54
* Temperature SN =  4141
* Conductivity SN =  4141
* System UpLoad Time = Oct 11 2012 22:09:20
** Kachemak Bay Homer Spit Line - Tidal repeat6 & LTM line
** Date:  2012-09-21
** Station: 9-06
** Start time (AKDT-24 hr): 1821
** Depth (ft): 345
** Comment:Phytoplankton, 20 liter surface bucket, filtered. Zooplankton vertical bongo tow, 50 m. Secchi depth 88 inches. Scattered large debris with more to south.
# nquan = 27
# nvalues = 102                         
# units = specified
# name 0 = scan: Scan Count
# name 1 = timeJ: Julian Days
# name 2 = timeH: Time, Elapsed [hours]
# name 3 = timeM: Time, Elapsed [minutes]
# name 4 = timeS: Time, Elapsed [seconds]
# name 5 = prdM: Pressure, Strain Gauge [db]
# name 6 = specc: Specific Conductance [uS/cm]
# name 7 = sal00: Salinity, Practical [PSU]
# name 8 = tv290C: Temperature [ITS-90, deg C]
# name 9 = depSM: Depth [salt water, m], lat = 59.00
# name 10 = potemp090C: Potential Temperature [ITS-90, deg C]
# name 11 = sigma-é00: Density [sigma-theta, kg/m^3]
# name 12 = sbeox0ML/L: Oxygen, SBE 43 [ml/l]
# name 13 = sbeox0Mg/L: Oxygen, SBE 43 [mg/l]
# name 14 = sbeox0PS: Oxygen, SBE 43 [% saturation]
# name 15 = sbox0Mm/Kg: Oxygen, SBE 43 [umol/kg]
# name 16 = sbeox0Mm/L: Oxygen, SBE 43 [umol/l]
# name 17 = sbox0dV/dT: Oxygen, SBE 43 [dov/dt]
# name 18 = oxsolML/L: Oxygen Saturation, Garcia & Gordon [ml/l]
# name 19 = oxsolMg/L: Oxygen Saturation, Garcia & Gordon [mg/l]
# name 20 = oxsolMm/Kg: Oxygen Saturation, Garcia & Gordon [umol/kg]
# name 21 = n2satMg/L: Nitrogen Saturation [mg/l]
# name 22 = par: PAR/Irradiance, Biospherical/Licor
# name 23 = wetStar: Fluorescence, WET Labs WETstar [mg/m^3]
# name 24 = CStarAt0: Beam Attenuation, WET Labs C-Star [1/m]
# name 25 = CStarTr0: Beam Transmission, WET Labs C-Star [%]
# name 26 = flag: flag
# span 0 =        155,        652       
# span 1 = 265.765306, 265.766746       
# span 2 =    0.01067,    0.04523       
# span 3 =     0.6399,     2.7136       
# span 4 =     38.396,    162.810       
# span 5 =      1.004,    102.939       
# span 6 =  40654.195,  48863.251       
# span 7 =    25.2946,    30.9257       
# span 8 =     9.3347,     9.7015       
# span 9 =      1.000,    102.000       
# span 10 =     9.3242,     9.6987      
# span 11 =    19.4519,    23.8798      
# span 12 =     5.1999,     6.3725      
# span 13 =     7.4312,     9.1068      
# span 14 =     79.055,     95.151      
# span 15 =    226.809,    278.893      
# span 16 =    232.226,    284.593      
# span 17 =   -0.02642,    0.01000      
# span 18 =    6.54519,    6.78690      
# span 19 =    9.35374,    9.69915      
# span 20 =  285.57306,  297.31784      
# span 21 =   14.79456,   15.37797      
# span 22 = 6.5206e-02, 3.7846e+01      
# span 23 =     0.3844,     2.6708      
# span 24 =     0.7643,     5.0016      
# span 25 =    42.9419,    82.6075      
# span 26 = 0.0000e+00, 0.0000e+00      
# interval = meters: 1                  
# start_time = Sep 21 2012 18:21:24 [Instrument's time stamp, header]
# bad_flag = -9.990e-29
*END*
        155 265.765306    0.01067     0.6399     38.396      1.004  40654.195    25.2946     9.5542      1.000     9.5532    19.4519     5.7909     8.2758     85.331    253.683    258.622    0.01000    6.78690    9.69915  297.31784   15.37797 3.7846e+01     1.2112     5.0016    42.9419 0.0000e+00
        292 265.765702    0.02019     1.2111     72.668      2.015  42486.648    26.5612     9.5816      2.000     9.6228    20.4350     6.3725     9.1068     94.719    278.893    284.593    0.00319    6.72796    9.61494  294.45483   15.23588 2.5560e+01     1.5793     2.0682    60.7676 0.0000e+00
        302 265.765731    0.02088     1.2531     75.188      3.026  44615.512    28.0408     9.6517      3.000     9.6717    21.5779     6.3312     9.0479     95.151    276.780    282.752    0.00249    6.65387    9.50904  290.88536   15.05916 1.5900e+01     1.5848     1.7998    63.7759 0.0000e+00
        306 265.765745    0.02120     1.2722     76.330      4.045  45064.194    28.3572     9.6981      4.000     9.6912    21.8175     6.2222     8.8921     93.798    271.947    277.881   -0.00980    6.63350    9.47994  289.92683   15.01203 1.0811e+01     2.0677     1.5999    67.0555 0.0000e+00
        310 265.765754    0.02145     1.2867     77.200      5.040  45344.001    28.5500     9.6858      5.000     9.6861    21.9698     6.1220     8.7489     92.379    267.530    273.408   -0.02211    6.62708    9.47077  289.60319   14.99577 7.6137e+00     2.4688     1.4965    68.7906 0.0000e+00
        314 265.765768    0.02175     1.3051     78.308      6.057  45416.131    28.5998     9.6852      6.000     9.6827    22.0087     6.0458     8.6401     91.258    264.193    270.008   -0.02487    6.62505    9.46786  289.50309   14.99077 5.3506e+00     2.6708     1.4906    68.8907 0.0000e+00
        319 265.765780    0.02205     1.3230     79.382      7.072  45506.877    28.6622     9.6822      7.000     9.6833    22.0578     5.9717     8.5340     90.167    260.939    266.695   -0.02642    6.62284    9.46471  289.39288   14.98525 3.6737e+00     2.3482     1.5666    67.6005 0.0000e+00
        322 265.765790    0.02229     1.3374     80.246      8.071  45673.241    28.7782     9.6867      8.000     9.6884    22.1476     5.9373     8.4850     89.725    259.416    265.161   -0.02387    6.61725    9.45672  289.12316   14.97188 2.5509e+00     2.0616     1.6215    66.6737 0.0000e+00
        326 265.765802    0.02258     1.3548     81.287      9.088  45861.600    28.9097     9.6910      9.000     9.6911    22.2495     5.9189     8.4587     89.531    258.586    264.339   -0.01730    6.61104    9.44782  288.82258   14.95697 1.8361e+00     2.0953     1.5766    67.4252 0.0000e+00
        330 265.765813    0.02285     1.3709     82.254     10.090  46219.171    29.1585     9.6891     10.000     9.6835    22.4438     5.8963     8.4264     89.327    257.548    263.329   -0.01374    6.60076    9.43314  288.31882   14.93186 1.2967e+00     1.9676     1.5559    67.7748 0.0000e+00
        334 265.765825    0.02314     1.3880     83.281     11.112  46975.193    29.6856     9.6825     11.000     9.6824    22.8561     5.8614     8.3765     89.086    255.919    261.768   -0.01124    6.57941    9.40264  287.27064   14.87959 9.3019e-01     1.8330     1.4681    69.2835 0.0000e+00
        338 265.765836    0.02340     1.4041     84.245     12.107  47305.817    29.9166     9.6822     12.000     9.6800    23.0363     5.8293     8.3307     88.730    254.474    260.336   -0.01077    6.56969    9.38874  286.79564   14.85593 7.2770e-01     1.8785     1.1791    74.4858 0.0000e+00
        343 265.765850    0.02372     1.4230     85.382     13.130  47439.219    30.0095     9.6812     13.000     9.6808    23.1090     5.7698     8.2456     87.875    251.858    257.679   -0.01454    6.56592    9.38336  286.61074   14.84671 5.6652e-01     1.7612     1.0222    77.4513 0.0000e+00
        346 265.765860    0.02399     1.4390     86.342     14.131  47475.355    30.0348     9.6841     14.000     9.6837    23.1282     5.7347     8.1954     87.359    250.319    256.109   -0.01560    6.56443    9.38123  286.54024   14.84324 4.5253e-01     1.6351     0.9609    78.6451 0.0000e+00
        350 265.765872    0.02426     1.4553     87.319     15.157  47508.840    30.0580     9.6854     15.000     9.6833    23.1462     5.7290     8.1873     87.288    250.068    255.855   -0.01154    6.56328    9.37958  286.48476   14.84050 3.5539e-01     1.6963     0.9339    79.1797 0.0000e+00
        353 265.765880    0.02445     1.4668     88.008     16.146  47533.509    30.0748     9.6850     16.000     9.6831    23.1594     5.7349     8.1957     87.387    250.322    256.119   -0.00772    6.56261    9.37863  286.45209   14.83886 2.9938e-01     1.5057     0.9656    78.5544 0.0000e+00
        356 265.765889    0.02467     1.4802     88.810     17.156  47572.941    30.1021     9.6850     17.000     9.6835    23.1806     5.7333     8.1934     87.379    250.249    256.050   -0.00545    6.56147    9.37700  286.39640   14.83609 2.7694e-01     1.4124     0.9778    78.3138 0.0000e+00
        360 265.765900    0.02493     1.4956     89.734     18.183  47608.753    30.1269     9.6859     18.000     9.6845    23.1998     5.7257     8.1826     87.278    249.912    255.710   -0.00483    6.56030    9.37533  286.33998   14.83329 2.5933e-01     1.5011     0.9697    78.4745 0.0000e+00
        363 265.765908    0.02513     1.5075     90.450     19.184  47625.526    30.1383     9.6870     19.000     9.6871    23.2086     5.7209     8.1757     87.214    249.699    255.494   -0.00438    6.55965    9.37439  286.30879   14.83175 1.8845e-01     1.3850     0.9860    78.1546 0.0000e+00
        366 265.765916    0.02532     1.5190     91.141     20.172  47641.851    30.1498     9.6904     20.000     9.6904    23.2170     5.7171     8.1704     87.169    249.533    255.327   -0.00394    6.55867    9.37300  286.26403   14.82956 1.6568e-01     1.4472     0.9776    78.3171 0.0000e+00
        370 265.765929    0.02562     1.5370     92.219     21.210  47650.247    30.1557     9.6941     21.000     9.6927    23.2211     5.7251     8.1818     87.301    249.882    255.684   -0.00160    6.55788    9.37187  286.22852   14.82784 2.1991e-01     1.3617     0.9153    79.5462 0.0000e+00
        373 265.765939    0.02586     1.5519     93.115     22.211  47656.299    30.1598     9.6959     22.000     9.6941    23.2240     5.7287     8.1869     87.362    250.038    255.844   -0.00021    6.55745    9.37125  286.20880   14.82689 1.9519e-01     1.3384     0.8988    79.8746 0.0000e+00
        377 265.765948    0.02610     1.5658     93.947     23.215  47662.846    30.1641     9.6968     23.000     9.6951    23.2273     5.7340     8.1945     87.447    250.268    256.082    0.00027    6.55714    9.37081  286.19432   14.82618 1.8778e-01     1.4035     0.9120    79.6118 0.0000e+00
        380 265.765959    0.02635     1.5808     94.846     24.234  47674.767    30.1722     9.6984     24.000     9.6966    23.2335     5.7386     8.2011     87.525    250.468    256.287    0.00110    6.55658    9.37001  286.16825   14.82490 1.7516e-01     1.3172     0.8846    80.1584 0.0000e+00
        384 265.765968    0.02657     1.5938     95.627     25.235  47682.167    30.1771     9.6995     25.000     9.6975    23.2370     5.7420     8.2060     87.582    250.616    256.440    0.00106    6.55621    9.36947  286.15090   14.82405 1.7080e-01     1.3323     0.8801    80.2486 0.0000e+00
        387 265.765978    0.02680     1.6077     96.463     26.252  47687.923    30.1809     9.7009     26.000     9.6987    23.2398     5.7472     8.2133     87.666    250.840    256.670    0.00152    6.55584    9.36896  286.13426   14.82324 1.6961e-01     1.3582     0.8733    80.3852 0.0000e+00
        390 265.765986    0.02699     1.6195     97.172     27.254  47725.633    30.2070     9.7015     27.000     9.6975    23.2601     5.7443     8.2092     87.637    250.708    256.540    0.00105    6.55466    9.36726  286.07685   14.82039 1.6287e-01     1.3198     0.8739    80.3734 0.0000e+00
        393 265.765994    0.02719     1.6314     97.882     28.272  47773.463    30.2400     9.6999     28.000     9.6936    23.2860     5.7375     8.1994     87.547    250.405    256.236   -0.00027    6.55351    9.36563  286.01981   14.81753 1.5779e-01     1.1875     0.9052    79.7468 0.0000e+00
        396 265.766004    0.02743     1.6460     98.757     29.269  47831.688    30.2796     9.6938     29.000     9.6858    23.3180     5.7333     8.1935     87.495    250.216    256.050   -0.00096    6.55272    9.36450  285.97618   14.81527 1.5730e-01     1.4244     0.9303    79.2506 0.0000e+00
        400 265.766016    0.02772     1.6631     99.785     30.304  47951.961    30.3621     9.6820     30.000     9.6700    23.3842     5.7222     8.1776     87.349    249.715    255.554   -0.00179    6.55094    9.36195  285.88009   14.81034 1.5380e-01     1.2148     0.9221    79.4121 0.0000e+00
        403 265.766023    0.02790     1.6740    100.437     31.275  47997.272    30.3920     9.6705     31.000     9.6604    23.4094     5.7026     8.1496     87.045    248.855    254.680   -0.00428    6.55135    9.36253  285.89086   14.81074 1.0841e-01     1.2613     0.9593    78.6764 0.0000e+00
        407 265.766037    0.02821     1.6928    101.568     32.314  48028.716    30.4123     9.6604     32.000     9.6569    23.4269     5.6731     8.1074     86.587    247.561    253.361   -0.00729    6.55195    9.36339  285.91209   14.81167 1.5388e-01     1.1787     0.9364    79.1279 0.0000e+00
        411 265.766047    0.02847     1.7081    102.489     33.320  48052.115    30.4284     9.6606     33.000     9.6572    23.4393     5.6484     8.0721     86.219    246.481    252.259   -0.00853    6.55124    9.36237  285.87738   14.80995 1.2476e-01     1.1362     0.9568    78.7271 0.0000e+00
        414 265.766056    0.02869     1.7214    103.284     34.312  48101.855    30.4629     9.6604     34.000     9.6564    23.4663     5.6441     8.0660     86.172    246.288    252.067   -0.00752    6.54982    9.36035  285.80819   14.80650 1.0530e-01     1.0428     0.9822    78.2270 0.0000e+00
        418 265.766069    0.02899     1.7391    104.345     35.343  48185.363    30.5211     9.6611     35.000     9.6594    23.5117     5.6611     8.0903     86.465    247.017    252.825   -0.00212    6.54727    9.35671  285.68435   14.80034 1.2514e-01     1.1001     0.9339    79.1814 0.0000e+00
        422 265.766078    0.02922     1.7532    105.194     36.343  48203.253    30.5337     9.6647     36.000     9.6622    23.5209     5.6738     8.1085     86.673    247.570    253.393    0.00039    6.54623    9.35522  285.63626   14.79799 1.2536e-01     0.9899     0.8609    80.6362 0.0000e+00
        425 265.766089    0.02946     1.7678    106.069     37.344  48221.534    30.5463     9.6663     37.000     9.6616    23.5306     5.7013     8.1477     87.103    248.766    254.620    0.00405    6.54547    9.35413  285.60030   14.79622 1.3044e-01     1.0762     0.8193    81.4798 0.0000e+00
        430 265.766102    0.02977     1.7864    107.184     38.373  48242.388    30.5603     9.6641     38.000     9.6581    23.5419     5.7156     8.1682     87.326    249.390    255.261    0.00533    6.54519    9.35374  285.58533   14.79545 1.2631e-01     1.0429     0.7680    82.5312 0.0000e+00
        433 265.766111    0.03001     1.8005    108.030     39.372  48256.147    30.5690     9.6603     39.000     9.6531    23.5493     5.7066     8.1552     87.184    248.991    254.855    0.00218    6.54538    9.35400  285.59094   14.79568 1.0184e-01     1.0357     0.7888    82.1043 0.0000e+00
        436 265.766121    0.03024     1.8143    108.860     40.377  48272.956    30.5799     9.6565     40.000     9.6511    23.5584     5.6919     8.1343     86.959    248.351    254.202   -0.00054    6.54548    9.35414  285.59284   14.79572 1.3017e-01     0.9634     0.7961    81.9530 0.0000e+00
        440 265.766131    0.03050     1.8295    109.770     41.400  48285.953    30.5884     9.6547     41.000     9.6484    23.5653     5.6795     8.1166     86.773    247.809    253.649   -0.00258    6.54536    9.35397  285.58573   14.79535 1.2209e-01     0.9605     0.7765    82.3569 0.0000e+00
        443 265.766141    0.03071     1.8428    110.566     42.391  48310.978    30.6051     9.6510     42.000     9.6440    23.5789     5.6689     8.1014     86.611    247.341    253.173   -0.00334    6.54520    9.35375  285.57505   14.79477 1.3041e-01     0.9511     0.7818    82.2476 0.0000e+00
        447 265.766153    0.03099     1.8597    111.583     43.419  48331.544    30.6185     9.6467     43.000     9.6409    23.5901     5.6514     8.0764     86.343    246.575    252.391   -0.00489    6.54526    9.35384  285.57468   14.79470 1.2607e-01     0.9541     0.7807    82.2696 0.0000e+00
        451 265.766162    0.03123     1.8738    112.426     44.412  48335.962    30.6211     9.6451     44.000     9.6397    23.5924     5.6469     8.0700     86.272    246.377    252.189   -0.00465    6.54539    9.35401  285.57953   14.79492 1.2272e-01     0.9188     0.7968    81.9399 0.0000e+00
        454 265.766173    0.03148     1.8889    113.335     45.434  48345.777    30.6273     9.6440     45.000     9.6382    23.5975     5.6481     8.0718     86.293    246.431    252.246   -0.00288    6.54527    9.35386  285.57326   14.79460 1.1492e-01     0.9344     0.7934    82.0082 0.0000e+00
        458 265.766182    0.03172     1.9029    114.171     46.432  48356.922    30.6344     9.6416     46.000     9.6310    23.6034     5.6392     8.0590     86.157    246.039    251.846   -0.00340    6.54531    9.35390  285.57306   14.79456 1.2037e-01     0.8972     0.7873    82.1324 0.0000e+00
        462 265.766194    0.03200     1.9200    115.198     47.461  48374.962    30.6450     9.6277     47.000     9.6154    23.6138     5.6340     8.0516     86.057    245.811    251.615   -0.00343    6.54689    9.35616  285.63914   14.79768 1.1925e-01     0.9955     0.7643    82.6075 0.0000e+00
        465 265.766204    0.03221     1.9330    115.981     48.455  48391.040    30.6546     9.6182     48.000     9.6091    23.6228     5.6221     8.0345     85.861    245.287    251.081   -0.00407    6.54787    9.35755  285.67903   14.79954 7.6840e-02     0.9296     0.7765    82.3554 0.0000e+00
        469 265.766214    0.03248     1.9490    116.939     49.468  48405.252    30.6632     9.6117     49.000     9.6042    23.6306     5.6010     8.0043     85.531    244.363    250.138   -0.00608    6.54842    9.35835  285.70129   14.80057 8.8057e-02     0.8939     0.7741    82.4054 0.0000e+00
        473 265.766226    0.03277     1.9658    117.949     50.478  48413.813    30.6683     9.6076     50.000     9.5993    23.6353     5.5878     7.9854     85.325    243.786    249.548   -0.00631    6.54880    9.35890  285.71678   14.80129 9.7417e-02     0.8286     0.7732    82.4245 0.0000e+00
        476 265.766236    0.03300     1.9798    118.787     51.491  48423.997    30.6744     9.6027     51.000     9.5947    23.6408     5.5864     7.9834     85.298    243.724    249.486   -0.00495    6.54927    9.35956  285.73512   14.80215 1.0886e-01     0.8306     0.8069    81.7320 0.0000e+00
        479 265.766245    0.03322     1.9930    119.579     52.489  48429.264    30.6772     9.5988     52.000     9.5903    23.6436     5.5832     7.9789     85.244    243.585    249.345   -0.00403    6.54969    9.36017  285.75325   14.80300 1.2196e-01     0.7979     0.8311    81.2402 0.0000e+00
        484 265.766258    0.03351     2.0110    120.659     53.516  48434.455    30.6795     9.5915     53.000     9.5819    23.6465     5.5799     7.9743     85.181    243.442    249.199   -0.00340    6.55066    9.36155  285.79438   14.80496 1.2032e-01     0.7641     0.8306    81.2496 0.0000e+00
