CTD-processing/allCTD/CNV/2012_06-05a_t9_s05a_cast036_4141.cnv
* Sea-Bird SBE19plus Data File:
* FileName = C:\Documents and Settings\kris.holderied.local\My Documents\2012-KBRR-CTD-Kachemak-Bay\2012-KBRR-CTD-cast036.hex
* Software Version 1.54
* Temperature SN =  4141
* Conductivity SN =  4141
* System UpLoad Time = Jul 24 2012 22:00:05
** Kachemak Bay - Homer Spit Line CTD Survey
** Date:  2012-xx-xx   xxxx Tide (x of 2 lines)
** Station: 9-05
** Start time (AKDT-24 hr): 16:31
** Depth (m): 97.2
** Comments:  CTD time set wrong by 1 hour
# nquan = 27
# nvalues = 88                          
# units = specified
# name 0 = scan: Scan Count
# name 1 = timeJ: Julian Days
# name 2 = timeH: Time, Elapsed [hours]
# name 3 = timeM: Time, Elapsed [minutes]
# name 4 = timeS: Time, Elapsed [seconds]
# name 5 = prdM: Pressure, Strain Gauge [db]
# name 6 = specc: Specific Conductance [uS/cm]
# name 7 = sal00: Salinity, Practical [PSU]
# name 8 = tv290C: Temperature [ITS-90, deg C]
# name 9 = depSM: Depth [salt water, m], lat = 59.00
# name 10 = potemp090C: Potential Temperature [ITS-90, deg C]
# name 11 = sigma-é00: Density [sigma-theta, kg/m^3]
# name 12 = sbeox0ML/L: Oxygen, SBE 43 [ml/l]
# name 13 = sbeox0Mg/L: Oxygen, SBE 43 [mg/l]
# name 14 = sbeox0PS: Oxygen, SBE 43 [% saturation]
# name 15 = sbox0Mm/Kg: Oxygen, SBE 43 [umol/kg]
# name 16 = sbeox0Mm/L: Oxygen, SBE 43 [umol/l]
# name 17 = sbox0dV/dT: Oxygen, SBE 43 [dov/dt]
# name 18 = oxsolML/L: Oxygen Saturation, Garcia & Gordon [ml/l]
# name 19 = oxsolMg/L: Oxygen Saturation, Garcia & Gordon [mg/l]
# name 20 = oxsolMm/Kg: Oxygen Saturation, Garcia & Gordon [umol/kg]
# name 21 = n2satMg/L: Nitrogen Saturation [mg/l]
# name 22 = par: PAR/Irradiance, Biospherical/Licor
# name 23 = wetStar: Fluorescence, WET Labs WETstar [mg/m^3]
# name 24 = CStarAt0: Beam Attenuation, WET Labs C-Star [1/m]
# name 25 = CStarTr0: Beam Transmission, WET Labs C-Star [%]
# name 26 = flag: flag
# span 0 =        107,        693       
# span 1 = 157.731695, 157.733392       
# span 2 =    0.00735,    0.04807       
# span 3 =     0.4411,     2.8845       
# span 4 =     26.463,    173.069       
# span 5 =      1.005,     88.835       
# span 6 =  48578.138,  51101.781       
# span 7 =    30.5008,    31.6781       
# span 8 =     4.7413,     7.6518       
# span 9 =      1.000,     88.000       
# span 10 =     4.7346,     7.6430      
# span 11 =    23.8096,    25.0701      
# span 12 =     6.1760,     8.3681      
# span 13 =     8.8262,    11.9588      
# span 14 =     90.101,    121.843      
# span 15 =    269.360,    365.027      
# span 16 =    275.822,    373.717      
# span 17 =   -0.04237,    0.03499      
# span 18 =    6.83674,    7.27736      
# span 19 =    9.77039,   10.40007      
# span 20 =  298.16393,  317.05827      
# span 21 =   15.39528,   16.29204      
# span 22 = 4.4703e-02, 6.0683e+02      
# span 23 =    -0.1331,     9.5518      
# span 24 =     0.0228,     9.2624      
# span 25 =    26.2458,    89.7605      
# span 26 = 0.0000e+00, 0.0000e+00      
# interval = meters: 1                  
# start_time = Jun 05 2012 17:33:12 [Instrument's time stamp, header]
# bad_flag = -9.990e-29
*END*
[from data line 54]
        518 157.732886    0.03592     2.1551    129.306     55.526  50885.584    31.6071     5.0248     55.000     5.0059    24.9840     7.1038    10.1519     98.234    309.520    317.252   -0.01704    7.23142   10.33442  315.08319   16.19831 4.8487e-02     1.1518     0.6130    85.7901 0.0000e+00
        521 157.732893    0.03609     2.1655    129.927     56.538  50921.095    31.6275     5.0085     56.000     5.0050    25.0020     7.0964    10.1416     98.109    309.196    316.928   -0.01519    7.23323   10.33700  315.15657   16.20173 4.8507e-02     0.7852     0.6175    85.6970 0.0000e+00
        523 157.732899    0.03626     2.1757    130.543     57.546  50924.737    31.6298     5.0098     57.000     5.0079    25.0036     7.0892    10.1311     98.012    308.880    316.602   -0.01310    7.23292   10.33658  315.14267   16.20106 4.7771e-02     1.0256     0.6279    85.4730 0.0000e+00
        526 157.732907    0.03643     2.1860    131.160     58.554  50927.335    31.6317     5.0128     58.000     5.0131    25.0049     7.0854    10.1257     97.969    308.713    316.433   -0.01111    7.23230   10.33569  315.11535   16.19974 4.7829e-02     1.0009     0.6308    85.4095 0.0000e+00
        528 157.732914    0.03661     2.1964    131.782     59.565  50934.134    31.6372     5.0192     59.000     5.0214    25.0086     7.0889    10.1308     98.036    308.868    316.593   -0.00878    7.23093   10.33373  315.05429   16.19681 4.7261e-02     1.0647     0.6321    85.3836 0.0000e+00
        531 157.732921    0.03678     2.2068    132.406     60.574  50930.841    31.6362     5.0272     60.000     5.0277    25.0068     7.0969    10.1421     98.164    309.214    316.946   -0.00585    7.22958   10.33180  314.99609   16.19404 4.7211e-02     0.9666     0.6246    85.5438 0.0000e+00
        533 157.732928    0.03695     2.2172    133.032     61.584  50928.216    31.6352     5.0330     61.000     5.0314    25.0055     7.1001    10.1467     98.221    309.354    317.088   -0.00412    7.22865   10.33045  314.95555   16.19212 4.7146e-02     0.9178     0.6288    85.4544 0.0000e+00
        536 157.732936    0.03712     2.2277    133.659     62.595  50934.535    31.6398     5.0366     62.000     5.0373    25.0088     7.0994    10.1458     98.224    309.325    317.061   -0.00336    7.22778   10.32923  314.91698   16.19027 4.6886e-02     1.0552     0.6343    85.3344 0.0000e+00
        538 157.732943    0.03730     2.2381    134.285     63.603  50939.302    31.6441     5.0433     63.000     5.0448    25.0114     7.1031    10.1510     98.293    309.481    317.221   -0.00238    7.22642   10.32728  314.85711   16.18740 4.6838e-02     1.2391     0.6359    85.3024 0.0000e+00
        541 157.732950    0.03748     2.2486    134.915     64.615  50940.533    31.6461     5.0512     64.000     5.0504    25.0122     7.1071    10.1566     98.368    309.654    317.399   -0.00130    7.22496   10.32519  314.79324   16.18435 4.6696e-02     1.0154     0.6250    85.5352 0.0000e+00
        543 157.732958    0.03765     2.2591    135.544     65.625  50930.922    31.6398     5.0546     65.000     5.0474    25.0068     7.1115    10.1631     98.434    309.851    317.599   -0.00049    7.22469   10.32480  314.78286   16.18388 4.6946e-02     0.9234     0.6193    85.6558 0.0000e+00
        546 157.732965    0.03783     2.2696    136.173     66.634  50945.150    31.6484     5.0517     66.000     5.0488    25.0139     7.1092    10.1597     98.400    309.748    317.496   -0.00060    7.22477   10.32493  314.78449   16.18393 4.6547e-02     0.7481     0.6275    85.4806 0.0000e+00
        548 157.732973    0.03801     2.2801    136.807     67.644  50959.342    31.6584     5.0552     67.000     5.0584    25.0215     7.1058    10.1549     98.368    309.598    317.344   -0.00097    7.22367   10.32334  314.73363   16.18147 4.6334e-02     0.8871     0.6298    85.4326 0.0000e+00
        551 157.732979    0.03817     2.2907    137.441     68.654  50967.543    31.6661     5.0666     68.000     5.0623    25.0263     7.1030    10.1509     98.361    309.474    317.219   -0.00105    7.22134   10.32003  314.63128   16.17656 4.6073e-02     0.8245     0.6240    85.5565 0.0000e+00
        553 157.732987    0.03835     2.3012    138.071     69.662  50911.759    31.6270     5.0656     69.000     5.0165    24.9955     7.1036    10.1517     98.341    309.509    317.246   -0.00096    7.22341   10.32296  314.73034   16.18143 4.6658e-02     1.1534     0.6174    85.6986 0.0000e+00
        556 157.732994    0.03853     2.3117    138.703     70.672  50842.608    31.5645     4.9987     70.000     4.8997    24.9533     7.1020    10.1495     98.121    309.454    317.175   -0.00238    7.23800   10.34383  315.37954   16.21259 4.6154e-02     1.1270     0.6276    85.4776 0.0000e+00
        558 157.733002    0.03870     2.3223    139.336     71.683  50937.943    31.6032     4.8783     71.000     4.8186    24.9968     7.0835    10.1231     97.610    308.636    316.350   -0.00604    7.25702   10.37101  316.19481   16.25124 4.6005e-02     0.9396     0.6541    84.9155 0.0000e+00
        561 157.733009    0.03888     2.3328    139.969     72.693  51023.671    31.6479     4.8161     72.000     4.7936    25.0387     7.0632    10.0940     97.213    307.736    315.441   -0.00908    7.26570   10.38340  316.55973   16.26843 4.6008e-02     0.7212     0.6735    84.5030 0.0000e+00
        563 157.733016    0.03906     2.3434    140.604     73.702  51057.450    31.6661     4.7961     73.000     4.7873    25.0554     7.0429    10.0650     96.899    306.847    314.536   -0.01035    7.26830   10.38713  316.66807   16.27350 4.5900e-02     0.6024     0.6605    84.7791 0.0000e+00
        566 157.733024    0.03924     2.3541    141.244     74.713  51061.801    31.6677     4.7918     74.000     4.7837    25.0570     7.0322    10.0497     96.742    306.382    314.059   -0.00982    7.26897   10.38810  316.69686   16.27487 4.5977e-02     0.5942     0.6518    84.9636 0.0000e+00
        568 157.733031    0.03941     2.3645    141.870     75.720  51062.074    31.6664     4.7882     75.000     4.7784    25.0565     7.0263    10.0413     96.652    306.124    313.795   -0.00904    7.26966   10.38908  316.72700   16.27631 4.5575e-02     0.5081     0.6497    85.0081 0.0000e+00
        571 157.733038    0.03958     2.3751    142.508     76.732  51065.915    31.6674     4.7826     76.000     4.7732    25.0578     7.0234    10.0371     96.600    305.997    313.665   -0.00768    7.27060   10.39041  316.76756   16.27824 4.5670e-02     0.7753     0.6416    85.1799 0.0000e+00
        574 157.733046    0.03976     2.3858    143.148     77.742  51069.709    31.6684     4.7776     77.000     4.7688    25.0590     7.0256    10.0403     96.619    306.093    313.763   -0.00623    7.27142   10.39159  316.80307   16.27992 4.6021e-02     0.4757     0.6427    85.1566 0.0000e+00
        576 157.733053    0.03994     2.3964    143.784     78.751  51073.135    31.6693     4.7735     78.000     4.7653    25.0603     7.0305    10.0472     96.677    306.304    313.980   -0.00464    7.27209   10.39255  316.83171   16.28128 4.5739e-02     0.5447     0.6413    85.1872 0.0000e+00
        579 157.733060    0.04012     2.4070    144.421     79.760  51071.501    31.6669     4.7703     79.000     4.7600    25.0588     7.0360    10.0552     96.744    306.548    314.230   -0.00307    7.27278   10.39352  316.86201   16.28274 4.5235e-02     0.5296     0.6387    85.2429 0.0000e+00
        581 157.733068    0.04030     2.4177    145.061     80.771  51074.009    31.6668     4.7642     80.000     4.7537    25.0593     7.0359    10.0550     96.728    306.540    314.222   -0.00266    7.27384   10.39504  316.90811   16.28493 4.5569e-02     0.4916     0.6283    85.4645 0.0000e+00
        584 157.733075    0.04048     2.4283    145.698     81.780  51081.152    31.6699     4.7583     81.000     4.7485    25.0623     7.0396    10.0602     96.768    306.701    314.388   -0.00205    7.27472   10.39632  316.94590   16.28671 4.5639e-02     0.5008     0.6292    85.4440 0.0000e+00
        586 157.733083    0.04065     2.4390    146.339     82.791  51090.628    31.6748     4.7533     82.000     4.7459    25.0669     7.0438    10.0663     96.818    306.883    314.576   -0.00122    7.27535   10.39719  316.97150   16.28792 4.5980e-02     0.5041     0.6284    85.4619 0.0000e+00
        589 157.733090    0.04082     2.4496    146.978     83.800  51093.416    31.6759     4.7515     83.000     4.7445    25.0678     7.0439    10.0666     96.816    306.891    314.584   -0.00099    7.27562   10.39759  316.98313   16.28846 4.5749e-02     0.4267     0.6230    85.5786 0.0000e+00
        591 157.733097    0.04100     2.4603    147.620     84.809  51094.173    31.6755     4.7501     84.000     4.7426    25.0678     7.0406    10.0617     96.766    306.743    314.433   -0.00131    7.27588   10.39797  316.99464   16.28901 4.5838e-02     0.4848     0.6242    85.5501 0.0000e+00
        594 157.733105    0.04118     2.4711    148.264     85.816  51097.250    31.6768     4.7484     85.000     4.7416    25.0689     7.0426    10.0646     96.791    306.831    314.524   -0.00115    7.27613   10.39831  317.00475   16.28949 4.5589e-02     0.4053     0.6276    85.4788 0.0000e+00
        597 157.733114    0.04140     2.4838    149.027     86.814  51100.284    31.6781     4.7470     86.000     4.7397    25.0701     7.0445    10.0673     96.813    306.911    314.605   -0.00067    7.27631   10.39858  317.01240   16.28985 4.5254e-02     0.3881     0.6283    85.4636 0.0000e+00
        623 157.733188    0.04318     2.5906    155.438     87.840  51101.063    31.6775     4.7441     87.000     4.7367    25.0699     7.0257    10.0404     96.549    306.094    313.768   -0.00152    7.27683   10.39932  317.03535   16.29095 4.5285e-02     0.3859     0.5964    86.1492 0.0000e+00
        693 157.733392    0.04807     2.8845    173.069     88.835  51101.781    31.6768     4.7413     88.000     4.7346    25.0697     6.9919     9.9921     96.078    304.622    312.259   -0.00197    7.27736   10.40007  317.05827   16.29204 4.4703e-02     0.4291     0.5964    86.1473 0.0000e+00
