CTD-processing/allCTD/CNV/2012_08-03_t9_s07_cast007_5028.cnv
* Sea-Bird SBE19plus Data File:
* FileName = C:\Documents and Settings\kris.holderied.local\My Documents\2012-08-03-CTD-HomerSpit\2012-08-03-KachemakBay-HomerSpit-cast007.hex
* Software Version 1.54
* Temperature SN =  5028
* Conductivity SN =  5028
* System UpLoad Time = Aug 15 2012 01:15:13
** Kachemak Bay Homer Spit CTD Survey Mckeon Flat to Spit
** Date:  2012-08-03
** Station: 9-07
** Start time (AKDT-24 hr): 1619
** Depth (ft): 333
** Comment:None
# nquan = 26
# nvalues = 92                          
# units = specified
# name 0 = scan: Scan Count
# name 1 = timeJ: Julian Days
# name 2 = timeH: Time, Elapsed [hours]
# name 3 = timeM: Time, Elapsed [minutes]
# name 4 = timeS: Time, Elapsed [seconds]
# name 5 = prdM: Pressure, Strain Gauge [db]
# name 6 = specc: Specific Conductance [uS/cm]
# name 7 = sal00: Salinity, Practical [PSU]
# name 8 = tv290C: Temperature [ITS-90, deg C]
# name 9 = depSM: Depth [salt water, m], lat = 59.00
# name 10 = potemp090C: Potential Temperature [ITS-90, deg C]
# name 11 = sigma-é00: Density [sigma-theta, kg/m^3]
# name 12 = sbeox0ML/L: Oxygen, SBE 43 [ml/l]
# name 13 = sbeox0Mg/L: Oxygen, SBE 43 [mg/l]
# name 14 = sbeox0PS: Oxygen, SBE 43 [% saturation]
# name 15 = sbox0Mm/Kg: Oxygen, SBE 43 [umol/kg]
# name 16 = sbeox0Mm/L: Oxygen, SBE 43 [umol/l]
# name 17 = sbox0dV/dT: Oxygen, SBE 43 [dov/dt]
# name 18 = oxsolML/L: Oxygen Saturation, Garcia & Gordon [ml/l]
# name 19 = oxsolMg/L: Oxygen Saturation, Garcia & Gordon [mg/l]
# name 20 = oxsolMm/Kg: Oxygen Saturation, Garcia & Gordon [umol/kg]
# name 21 = n2satMg/L: Nitrogen Saturation [mg/l]
# name 22 = par: PAR/Irradiance, Biospherical/Licor [umol photons/m^2/sec]
# name 23 = flECO-AFL: Fluorescence, WET Labs ECO-AFL/FL [mg/m^3]
# name 24 = upoly0: Upoly 0, ECO-FLNTUS
# name 25 = flag: flag
# span 0 =        122,        606       
# span 1 = 216.679829, 216.681230       
# span 2 =    0.00840,    0.04201       
# span 3 =     0.5040,     2.5205       
# span 4 =     30.241,    151.232       
# span 5 =      1.009,     92.890       
# span 6 =  43524.632,  49847.803       
# span 7 =    27.4726,    31.3821       
# span 8 =     7.7400,    10.8025       
# span 9 =      1.000,     92.000       
# span 10 =     7.7159,    10.7943      
# span 11 =    20.9554,    24.4714      
# span 12 =     5.3823,     6.7974      
# span 13 =     7.7475,     9.6981      
# span 14 =     83.080,    104.939      
# span 15 =    235.302,    297.038      
# span 16 =    240.374,    303.571      
# span 17 =   -0.01522,    0.01082      
# span 18 =    6.47744,    6.80032      
# span 19 =    9.25947,    9.71405      
# span 20 =  283.05468,  296.44566      
# span 21 =   14.68390,   15.30478      
# span 22 = 5.8356e-02, 3.7557e+02      
# span 23 =     0.2552,     3.9563      
# span 24 =  0.6703522,  4.3335055      
# span 25 = 0.0000e+00, 0.0000e+00      
# interval = meters: 1                  
# start_time = Aug 03 2012 16:18:27 [Instrument's time stamp, header]
# bad_flag = -9.990e-29
*END*
        122 216.679829    0.00840     0.5040     30.241      1.009  43524.632    27.4726    10.8025      1.000    10.7943    20.9554     5.3823     7.7475     83.080    235.302    240.374    0.00308    6.47874    9.30933  283.24596   14.77948 3.7557e+02     2.0412  2.1822327 0.0000e+00
        322 216.680409    0.02231     1.3385     80.312      2.019  45668.051    28.8775    10.6172      2.000    10.5628    22.0764     6.7974     9.6981    104.939    297.038    303.571    0.01082    6.47744    9.25947  283.05468   14.68390 3.7369e+02     2.7612  2.2410179 0.0000e+00
        316 216.680392    0.02190     1.3141     78.845      3.028  45853.919    28.9965    10.4821      3.000    10.4081    22.1911     6.6692     9.5226    102.730    291.395    297.846    0.00377    6.49202    9.28000  283.65315   14.71203 2.1842e+02     2.9212  2.0877668 0.0000e+00
        320 216.680403    0.02217     1.3302     79.810      4.038  46216.640    29.2328    10.3285      4.000    10.2209    22.4000     6.6291     9.4553    101.952    289.588    296.056   -0.00034    6.50227    9.29718  284.04642   14.73340 1.3714e+02     3.4493  1.9291160 0.0000e+00
        324 216.680414    0.02242     1.3455     80.728      5.047  46724.580    29.5641    10.1191      5.000     9.9964    22.6918     6.5744     9.3712    100.819    287.089    293.613   -0.00445    6.52128    9.32017  284.76933   14.76176 8.7934e+01     3.9563  1.7659462 0.0000e+00
        328 216.680424    0.02268     1.3606     81.633      6.057  47155.478    29.8421     9.9187      6.000     9.8452    22.9406     6.4623     9.2519     98.749    282.114    288.606   -0.01195    6.54434    9.34456  285.69525   14.79296 5.9366e+01     3.6340  1.4962515 0.0000e+00
        331 216.680435    0.02293     1.3758     82.547      7.066  47420.849    30.0140     9.8043      7.000     9.7608    23.0929     6.3847     9.1571     97.450    278.694    285.142   -0.01522    6.55187    9.35774  285.98988   14.80948 4.1875e+01     3.0475  1.3264790 0.0000e+00
        335 216.680445    0.02318     1.3911     83.463      8.076  47613.511    30.1399     9.7318      8.000     9.7006    23.2026     6.3497     9.1018     96.870    277.142    283.577   -0.01482    6.55486    9.36508  286.09702   14.81823 2.9969e+01     2.7689  1.2487166 0.0000e+00
        338 216.680455    0.02343     1.4060     84.362      9.085  47772.843    30.2447     9.6792      9.000     9.6513    23.2927     6.3366     9.0793     96.637    276.549    282.991   -0.01319    6.55712    9.36963  286.17464   14.82324 2.2104e+01     2.6344  1.2204347 0.0000e+00
        342 216.680466    0.02368     1.4207     85.244     10.095  47931.024    30.3493     9.6317     10.000     9.6030    23.3818     6.3419     9.0815     96.686    276.758    283.228   -0.01077    6.55925    9.37312  286.24443   14.82673 1.6434e+01     2.4299  1.2022328 0.0000e+00
        345 216.680476    0.02392     1.4352     86.114     11.104  48102.166    30.4630     9.5848     11.000     9.5600    23.4779     6.3614     9.1034     96.949    277.581    284.100   -0.00795    6.56162    9.37599  286.31815   14.82917 1.2480e+01     2.1835  1.1702968 0.0000e+00
        349 216.680486    0.02416     1.4494     86.961     12.114  48258.140    30.5672     9.5473     12.000     9.5290    23.5653     6.3823     9.1345     97.254    278.467    285.033   -0.00546    6.56248    9.37747  286.32904   14.82973 9.6665e+00     1.9530  1.1244127 0.0000e+00
        352 216.680495    0.02438     1.4629     87.772     13.123  48382.461    30.6507     9.5209     13.000     9.5062    23.6345     6.4118     9.1763     97.706    279.735    286.350   -0.00293    6.56230    9.37789  286.30216   14.82908 7.6091e+00     1.7864  1.0668746 0.0000e+00
        355 216.680504    0.02459     1.4759     88.552     14.133  48482.936    30.7182     9.5006     14.000     9.4873    23.6904     6.4565     9.2302     98.391    281.668    288.345    0.00012    6.56204    9.37803  286.27511   14.82826 6.0559e+00     1.6974  0.9945353 0.0000e+00
        358 216.680513    0.02481     1.4886     89.316     15.142  48561.116    30.7704     9.4832     15.000     9.4723    23.7339     6.5031     9.2861     99.096    283.695    290.432    0.00288    6.56250    9.37848  286.28337   14.82813 4.8336e+00     1.6113  0.9394276 0.0000e+00
        361 216.680522    0.02502     1.5013     90.079     16.152  48623.210    30.8118     9.4695     16.000     9.4596    23.7684     6.5422     9.3352     99.690    285.389    292.174    0.00477    6.56254    9.37882  286.27668   14.82801 3.8711e+00     1.5463  0.8925857 0.0000e+00
        364 216.680531    0.02524     1.5142     90.855     17.161  48675.974    30.8468     9.4567     17.000     9.4459    23.7977     6.5701     9.3729    100.115    286.602    293.424    0.00573    6.56261    9.37938  286.27189   14.82827 3.1316e+00     1.4785  0.8644346 0.0000e+00
        368 216.680540    0.02546     1.5273     91.637     18.171  48719.575    30.8750     9.4423     18.000     9.4299    23.8221     6.5820     9.3944    100.284    287.111    293.952    0.00551    6.56342    9.38066  286.30059   14.82971 2.5858e+00     1.4110  0.8410014 0.0000e+00
        371 216.680549    0.02567     1.5403     92.419     19.180  48758.252    30.8995     9.4252     19.000     9.4107    23.8439     6.5846     9.4063    100.300    287.218    294.068    0.00467    6.56494    9.38272  286.36095   14.83233 2.1494e+00     1.3635  0.8009805 0.0000e+00
        374 216.680558    0.02589     1.5534     93.205     20.190  48790.726    30.9193     9.4056     20.000     9.3918    23.8624     6.5891     9.4167    100.327    287.407    294.267    0.00394    6.56756    9.38558  286.47035   14.83617 1.7868e+00     1.3300  0.7709179 0.0000e+00
        377 216.680567    0.02611     1.5667     94.002     21.199  48817.453    30.9353     9.3878     21.000     9.3769    23.8777     6.5955     9.4279    100.390    287.685    294.556    0.00350    6.56984    9.38832  286.56560   14.83990 1.4845e+00     1.2910  0.7462574 0.0000e+00
        380 216.680577    0.02634     1.5801     94.808     22.208  48838.681    30.9480     9.3744     22.000     9.3649    23.8897     6.6039     9.4412    100.500    288.048    294.930    0.00327    6.57105    9.39035  286.61550   14.84266 1.2344e+00     1.2294  0.7261499 0.0000e+00
        383 216.680585    0.02656     1.5933     95.597     23.218  48856.734    30.9587     9.3632     23.000     9.3538    23.8999     6.6180     9.4583    100.702    288.663    295.562    0.00346    6.57192    9.39201  286.65104   14.84490 1.0325e+00     1.2054  0.7248988 0.0000e+00
        386 216.680594    0.02677     1.6058     96.345     24.228  48874.417    30.9693     9.3528     24.000     9.3419    23.9098     6.6328     9.4754    100.918    289.307    296.224    0.00376    6.57253    9.39356  286.67520   14.84698 8.7181e-01     1.1968  0.7264177 0.0000e+00
        389 216.680603    0.02696     1.6175     97.047     25.237  48892.865    30.9802     9.3405     25.000     9.3257    23.9202     6.6427     9.4882    101.059    289.735    296.664    0.00374    6.57318    9.39547  286.70088   14.84959 7.4262e-01     1.1408  0.7175928 0.0000e+00
        392 216.680610    0.02715     1.6289     97.735     26.247  48912.565    30.9912     9.3224     26.000     9.3004    23.9316     6.6514     9.4978    101.164    290.109    297.051    0.00359    6.57482    9.39857  286.76985   14.85391 6.3464e-01     1.0963  0.7101573 0.0000e+00
        395 216.680618    0.02735     1.6408     98.450     27.257  48937.466    31.0042     9.2927     27.000     9.2633    23.9464     6.6564     9.5024    101.172    290.325    297.275    0.00310    6.57936    9.40396  286.96402   14.86151 5.4251e-01     1.0598  0.6780584 0.0000e+00
        398 216.680627    0.02755     1.6531     99.189     28.266  48973.340    31.0237     9.2536     28.000     9.2278    23.9677     6.6511     9.4983    100.983    290.087    297.039    0.00190    6.58640    9.41095  287.26324   14.87134 4.6410e-01     1.0159  0.6703522 0.0000e+00
        401 216.680636    0.02777     1.6658     99.949     29.275  49011.001    31.0453     9.2216     29.000     9.2062    23.9896     6.6375     9.4877    100.707    289.484    296.431    0.00045    6.59088    9.41632  287.45032   14.87879 3.9748e-01     0.9794  0.6866649 0.0000e+00
        404 216.680645    0.02798     1.6787    100.723     30.285  49034.696    31.0592     9.2046     30.000     9.1949    24.0031     6.6283     9.4794    100.555    289.080    296.021   -0.00035    6.59175    9.41903  287.48482   14.88251 3.4177e-01     0.9680  0.7134908 0.0000e+00
        407 216.680654    0.02819     1.6917    101.501     31.295  49045.056    31.0648     9.1949     31.000     9.1857    24.0089     6.6277     9.4779    100.542    289.051    295.992   -0.00041    6.59193    9.42070  287.49213   14.88486 2.9575e-01     0.9672  0.7348714 0.0000e+00
        410 216.680663    0.02841     1.7046    102.279     32.304  49049.763    31.0663     9.1854     32.000     9.1741    24.0116     6.6312     9.4817    100.586    289.203    296.148   -0.00024    6.59254    9.42260  287.51881   14.88757 2.5747e-01     0.9527  0.7287053 0.0000e+00
        413 216.680672    0.02863     1.7176    103.056     33.314  49052.502    31.0660     9.1721     33.000     9.1561    24.0134     6.6398     9.4904    100.697    289.580    296.533    0.00014    6.59380    9.42541  287.57358   14.89166 2.2512e-01     0.9200  0.7040777 0.0000e+00
        416 216.680681    0.02884     1.7306    103.836     34.324  49055.499    31.0647     9.1509     34.000     9.1263    24.0156     6.6509     9.5007    100.832    290.067    297.032    0.00062    6.59606    9.42994  287.67299   14.89823 1.9774e-01     0.9178  0.7179769 0.0000e+00
        420 216.680690    0.02907     1.7438    104.629     35.333  49064.079    31.0649     9.1117     35.000     9.0726    24.0218     6.6587     9.5072    100.860    290.408    297.380    0.00060    6.60201    9.43816  287.93291   14.91014 1.7493e-01     0.9254  0.7376534 0.0000e+00
        423 216.680699    0.02929     1.7573    105.439     36.343  49099.583    31.0809     9.0507     36.000     9.0072    24.0436     6.6590     9.5055    100.698    290.413    297.393   -0.00010    6.61293    9.45001  288.40178   14.92707 1.5527e-01     0.9175  0.7673472 0.0000e+00
        426 216.680709    0.02951     1.7710    106.258     37.353  49154.764    31.1104     8.9882     37.000     8.9569    24.0763     6.6436     9.4919    100.313    289.726    296.704   -0.00161    6.62293    9.46136  288.82406   14.94306 1.3850e-01     0.8798  0.8212961 0.0000e+00
        429 216.680719    0.02975     1.7848    107.090     38.362  49193.157    31.1312     8.9477     38.000     8.9259    24.0988     6.6264     9.4755     99.989    288.968    295.933   -0.00272    6.62711    9.46862  288.99970   14.95327 1.2488e-01     0.8201  0.8539526 0.0000e+00
        433 216.680728    0.02998     1.7987    107.925     39.372  49216.198    31.1430     8.9191     39.000     8.8987    24.1123     6.6212     9.4671     99.873    288.739    295.701   -0.00281    6.62960    9.47394  289.10595   14.96079 1.1364e-01     0.7654  0.8579333 0.0000e+00
        436 216.680738    0.03021     1.8126    108.754     40.382  49235.824    31.1524     8.8918     40.000     8.8703    24.1238     6.6198     9.4633     99.803    288.677    295.641   -0.00266    6.63292    9.47914  289.24818   14.96817 1.0442e-01     0.7434  0.8580342 0.0000e+00
        439 216.680748    0.03044     1.8262    109.573     41.391  49256.896    31.1627     8.8634     41.000     8.8428    24.1362     6.6192     9.4618     99.731    288.645    295.612   -0.00257    6.63702    9.48451  289.42379   14.97581 9.6965e-02     0.7378  0.8578721 0.0000e+00
        443 216.680757    0.03066     1.8396    110.378     42.401  49275.859    31.1720     8.8381     42.000     8.8199    24.1473     6.6211     9.4630     99.707    288.723    295.696   -0.00234    6.64052    9.48929  289.57265   14.98258 9.1021e-02     0.6743  0.8696945 0.0000e+00
        446 216.680766    0.03088     1.8529    111.176     43.410  49291.211    31.1792     8.8166     43.000     8.8003    24.1561     6.6252     9.4653     99.725    288.902    295.881   -0.00196    6.64343    9.49341  289.69716   14.98845 8.6058e-02     0.6122  0.9108553 0.0000e+00
        449 216.680775    0.03110     1.8661    111.964     44.420  49303.842    31.1850     8.7984     44.000     8.7840    24.1634     6.6255     9.4646     99.692    288.912    295.894   -0.00180    6.64593    9.49692  289.80403   14.99343 8.1899e-02     0.5728  0.9247259 0.0000e+00
        452 216.680784    0.03132     1.8791    112.748     45.430  49314.596    31.1900     8.7834     45.000     8.7714    24.1696     6.6206     9.4599     99.587    288.697    295.675   -0.00198    6.64807    9.49979  289.89560   14.99752 7.8446e-02     0.5543  0.9041911 0.0000e+00
        455 216.680793    0.03154     1.8922    113.531     46.439  49323.443    31.1942     8.7727     46.000     8.7635    24.1745     6.6146     9.4539     99.476    288.435    295.408   -0.00215    6.64944    9.50182  289.95401   15.00039 7.5577e-02     0.5578  0.9075027 0.0000e+00
        458 216.680802    0.03175     1.9050    114.299     47.449  49328.731    31.1965     8.7665     47.000     8.7590    24.1773     6.6096     9.4488     99.392    288.214    295.183   -0.00221    6.65001    9.50300  289.97808   15.00207 7.3186e-02     0.5518  0.9049978 0.0000e+00
        461 216.680811    0.03196     1.9176    115.053     48.459  49331.497    31.1975     8.7627     48.000     8.7557    24.1786     6.6077     9.4466     99.360    288.131    295.098   -0.00208    6.65024    9.50373  289.98790   15.00312 7.1192e-02     0.5204  0.8766659 0.0000e+00
        464 216.680820    0.03216     1.9300    115.801     49.468  49332.941    31.1976     8.7597     49.000     8.7522    24.1792     6.6094     9.4475     99.383    288.208    295.177   -0.00174    6.65044    9.50438  289.99693   15.00405 6.9530e-02     0.5214  0.8653046 0.0000e+00
        467 216.680828    0.03237     1.9424    116.542     50.478  49334.110    31.1975     8.7558     50.000     8.7471    24.1797     6.6123     9.4500     99.419    288.330    295.302   -0.00140    6.65082    9.50520  290.01357   15.00525 6.8152e-02     0.5458  0.8770426 0.0000e+00
        470 216.680836    0.03258     1.9547    117.281     51.488  49335.854    31.1974     8.7502     51.000     8.7398    24.1805     6.6160     9.4530     99.467    288.495    295.471   -0.00107    6.65146    9.50640  290.04108   15.00698 6.7009e-02     0.5311  0.8846380 0.0000e+00
        473 216.680845    0.03279     1.9670    118.018     52.497  49338.350    31.1976     8.7420     52.000     8.7291    24.1819     6.6181     9.4542     99.485    288.586    295.565   -0.00087    6.65235    9.50813  290.07946   15.00949 6.6037e-02     0.5034  0.8907614 0.0000e+00
        476 216.680854    0.03299     1.9793    118.756     53.506  49341.320    31.1974     8.7300     53.000     8.7130    24.1836     6.6168     9.4523     99.447    288.527    295.505   -0.00092    6.65355    9.51069  290.13144   15.01319 6.5200e-02     0.4882  0.9219730 0.0000e+00
        479 216.680862    0.03319     1.9916    119.498     54.517  49343.609    31.1959     8.7111     54.000     8.6858    24.1852     6.6135     9.4476     99.364    288.388    295.362   -0.00115    6.65590    9.51483  290.23433   15.01922 6.4480e-02     0.4824  0.9423729 0.0000e+00
        482 216.680871    0.03340     2.0042    120.252     55.526  49351.330    31.1962     8.6790     55.000     8.6461    24.1901     6.6113     9.4408     99.248    288.288    295.260   -0.00146    6.66139    9.52165  290.47303   15.02908 6.3857e-02     0.4705  0.9484780 0.0000e+00
