CTD-processing/allCTD/CNV/2012_08-31_t9_s09_cast141_4141.cnv
* Sea-Bird SBE19plus Data File:
* FileName = C:\Documents and Settings\kris.holderied.local\My Documents\2012-CTD-DATA-new-files\2012-08-31-CTD-HomerSpitLine-LTM\2012-08-31-HomerSpitLine-cast141.hex
* Software Version 1.54
* Temperature SN =  4141
* Conductivity SN =  4141
* System UpLoad Time = Sep 20 2012 17:46:31
** Kachemak Bay Homer Spit Line - LTM
** Date:  2012-08-31
** Station:  9-9
** Start time (AKDT-24 hr): 16:25
** Depth (m): 78.6
** Comment:
# nquan = 27
# nvalues = 72                          
# units = specified
# name 0 = scan: Scan Count
# name 1 = timeJ: Julian Days
# name 2 = timeH: Time, Elapsed [hours]
# name 3 = timeM: Time, Elapsed [minutes]
# name 4 = timeS: Time, Elapsed [seconds]
# name 5 = prdM: Pressure, Strain Gauge [db]
# name 6 = specc: Specific Conductance [uS/cm]
# name 7 = sal00: Salinity, Practical [PSU]
# name 8 = tv290C: Temperature [ITS-90, deg C]
# name 9 = depSM: Depth [salt water, m], lat = 59.00
# name 10 = potemp090C: Potential Temperature [ITS-90, deg C]
# name 11 = sigma-é00: Density [sigma-theta, kg/m^3]
# name 12 = sbeox0ML/L: Oxygen, SBE 43 [ml/l]
# name 13 = sbeox0Mg/L: Oxygen, SBE 43 [mg/l]
# name 14 = sbeox0PS: Oxygen, SBE 43 [% saturation]
# name 15 = sbox0Mm/Kg: Oxygen, SBE 43 [umol/kg]
# name 16 = sbeox0Mm/L: Oxygen, SBE 43 [umol/l]
# name 17 = sbox0dV/dT: Oxygen, SBE 43 [dov/dt]
# name 18 = oxsolML/L: Oxygen Saturation, Garcia & Gordon [ml/l]
# name 19 = oxsolMg/L: Oxygen Saturation, Garcia & Gordon [mg/l]
# name 20 = oxsolMm/Kg: Oxygen Saturation, Garcia & Gordon [umol/kg]
# name 21 = n2satMg/L: Nitrogen Saturation [mg/l]
# name 22 = par: PAR/Irradiance, Biospherical/Licor
# name 23 = wetStar: Fluorescence, WET Labs WETstar [mg/m^3]
# name 24 = CStarAt0: Beam Attenuation, WET Labs C-Star [1/m]
# name 25 = CStarTr0: Beam Transmission, WET Labs C-Star [%]
# name 26 = flag: flag
# span 0 =        270,        520       
# span 1 = 244.685198, 244.685923       
# span 2 =    0.01865,    0.03603       
# span 3 =     1.1188,     2.1618       
# span 4 =     67.127,    129.710       
# span 5 =      1.008,     72.674       
# span 6 =  45939.313,  49213.696       
# span 7 =    29.0724,    31.1344       
# span 8 =     8.9726,    10.6196       
# span 9 =      1.000,     72.000       
# span 10 =     8.9621,    10.5942      
# span 11 =    22.2277,    24.0980      
# span 12 =     5.3114,     6.5375      
# span 13 =     7.5904,     9.3427      
# span 14 =     80.210,    101.028      
# span 15 =    231.623,    285.616      
# span 16 =    237.204,    291.966      
# span 17 =   -0.05198,    0.10149      
# span 18 =    6.47099,    6.62176      
# span 19 =    9.24769,    9.46315      
# span 20 =  282.71026,  288.76878      
# span 21 =   14.66398,   14.94529      
# span 22 = 4.6786e-02, 6.7663e+01      
# span 23 =     0.1973,     7.9192      
# span 24 =     0.4763,     1.6222      
# span 25 =    66.6617,    88.7759      
# span 26 = 0.0000e+00, 0.0000e+00      
# interval = meters: 1                  
# start_time = Aug 31 2012 16:25:34 [Instrument's time stamp, header]
# bad_flag = -9.990e-29
*END*
        270 244.685198    0.01865     1.1188     67.127      1.008  45939.313    29.0724    10.6196      1.000    10.5942    22.2277     6.5375     9.3427    101.028    285.616    291.966    0.10149    6.47099    9.24769  282.71026   14.66398 6.7663e+01     6.9981     1.1245    75.4888 0.0000e+00
        282 244.685235    0.01952     1.1712     70.273      2.040  46174.592    29.2288    10.5461      2.000    10.5286    22.3616     6.3410     9.0620     97.933    276.996    283.190    0.00444    6.47488    9.25324  282.84309   14.66970 3.8955e+01     7.1057     1.0176    77.5359 0.0000e+00
        284 244.685241    0.01968     1.1810     70.858      3.032  46235.947    29.2684    10.5180      3.000    10.5038    22.3969     6.3262     9.0408     97.669    276.341    282.531    0.00317    6.47721    9.25659  282.93563   14.67396 2.5887e+01     7.5406     1.0008    77.8638 0.0000e+00
        287 244.685250    0.01988     1.1928     71.567      4.037  46303.065    29.3130    10.5000      4.000    10.4528    22.4346     6.3108     9.0189     97.421    275.658    281.843   -0.00030    6.47791    9.25758  282.95544   14.67473 1.9317e+01     7.9192     1.0050    77.7816 0.0000e+00
        290 244.685258    0.02008     1.2048     72.285      5.048  46530.287    29.4624    10.4141      5.000    10.3522    22.5649     6.2889     8.9875     96.993    274.666    280.863   -0.00395    6.48386    9.26608  283.17920   14.68482 1.4415e+01     7.0405     0.9733    78.4035 0.0000e+00
        293 244.685266    0.02028     1.2166     72.993      6.057  46767.434    29.6190    10.3319      6.000    10.2347    22.7003     6.2415     8.9197     96.186    272.558    278.745   -0.01071    6.48901    9.27345  283.36680   14.69316 1.1045e+01     7.2151     0.9085    79.6825 0.0000e+00
        296 244.685274    0.02048     1.2284     73.706      7.064  47132.667    29.8586    10.1915      7.000    10.1227    22.9098     6.1654     8.8109     94.866    269.178    275.345   -0.02054    6.49900    9.28772  283.74472   14.71027 8.5984e+00     6.9133     0.8313    81.2379 0.0000e+00
        299 244.685283    0.02068     1.2407     74.441      8.076  47498.217    30.1022    10.0848      8.000     9.9615    23.1169     6.0628     8.6643     93.216    264.648    270.765   -0.03152    6.50404    9.29494  283.90759   14.71706 6.7270e+00     5.9523     0.7984    81.9065 0.0000e+00
        302 244.685291    0.02088     1.2528     75.168      9.086  47889.597    30.3548     9.9046      9.000     9.8034    23.3427     5.9534     8.5079     91.320    259.812    265.876   -0.04226    6.51926    9.31667  284.50874   14.74479 5.3594e+00     5.0743     0.6824    84.3220 0.0000e+00
        305 244.685300    0.02108     1.2647     75.883     10.094  48134.438    30.5091     9.7662     10.000     9.7171    23.4853     5.8518     8.3627     89.577    255.343    261.339   -0.04993    6.53262    9.33577  285.05234   14.77016 4.3446e+00     4.0448     0.5939    86.2029 0.0000e+00
        307 244.685308    0.02128     1.2766     76.598     11.103  48245.081    30.5785     9.7026     11.000     9.6810    23.5494     5.7665     8.2410     88.189    251.609    257.533   -0.05198    6.53888    9.34473  285.30775   14.78209 3.5668e+00     3.4801     0.5485    87.1855 0.0000e+00
        310 244.685316    0.02148     1.2886     77.314     12.117  48303.475    30.6156     9.6760     12.000     9.6586    23.5827     5.7068     8.1556     87.245    248.994    254.866   -0.04903    6.54114    9.34795  285.39706   14.78621 2.9392e+00     2.6485     0.5160    87.8961 0.0000e+00
        313 244.685324    0.02167     1.3001     78.004     13.125  48362.747    30.6540     9.6532     13.000     9.6313    23.6162     5.6779     8.1144     86.782    247.728    253.578   -0.04252    6.54283    9.35036  285.46133   14.78912 2.4241e+00     2.1138     0.4966    88.3238 0.0000e+00
        316 244.685332    0.02186     1.3115     78.688     14.131  48430.000    30.6969     9.6236     14.000     9.5967    23.6545     5.6716     8.1053     86.651    247.441    253.294   -0.03385    6.54529    9.35388  285.55797   14.79358 2.0439e+00     2.0096     0.4897    88.4763 0.0000e+00
        319 244.685340    0.02205     1.3232     79.390     15.144  48509.416    30.7477     9.5880     15.000     9.5637    23.6998     5.6676     8.0996     86.550    247.254    253.114   -0.02599    6.54829    9.35817  285.67649   14.79904 1.6994e+00     1.7124     0.4878    88.5212 0.0000e+00
        321 244.685348    0.02224     1.3347     80.083     16.151  48569.873    30.7858     9.5576     16.000     9.5279    23.7343     5.6640     8.0945     86.459    247.089    252.954   -0.02045    6.55109    9.36216  285.78850   14.80424 1.4252e+00     1.3075     0.4763    88.7759 0.0000e+00
        324 244.685356    0.02244     1.3464     80.786     17.161  48690.894    30.8647     9.5132     17.000     9.4802    23.8029     5.6449     8.0672     86.128    246.242    252.104   -0.01829    6.55418    9.36657  285.90421   14.80945 1.2031e+00     1.2746     0.4790    88.7136 0.0000e+00
        327 244.685365    0.02264     1.3582     81.493     18.169  48770.405    30.9151     9.4754     18.000     9.4569    23.8482     5.6333     8.0505     85.906    245.723    251.583   -0.01639    6.55755    9.37138  286.03830   14.81566 1.0026e+00     1.0727     0.5340    87.5038 0.0000e+00
        330 244.685373    0.02284     1.3705     82.232     19.180  48796.070    30.9296     9.4518     19.000     9.4397    23.8632     5.6223     8.0348     85.701    245.240    251.092   -0.01417    6.56035    9.37539  286.15639   14.82125 8.2790e-01     0.8424     0.5827    86.4446 0.0000e+00
        333 244.685382    0.02306     1.3831     82.987     20.190  48786.495    30.9201     9.4341     20.000     9.4090    23.8587     5.6129     8.0214     85.519    244.829    250.670   -0.01232    6.56331    9.37963  286.28713   14.82753 6.6705e-01     0.6510     0.6483    85.0384 0.0000e+00
        336 244.685391    0.02326     1.3959     83.755     21.197  48849.052    30.9605     9.4101     21.000     9.4174    23.8939     5.5965     7.9979     85.246    244.105    249.938   -0.01156    6.56509    9.38217  286.35488   14.83061 5.3744e-01     0.5107     0.7169    83.5926 0.0000e+00
        339 244.685400    0.02349     1.4093     84.557     22.210  48784.831    30.9148     9.4094     22.000     9.3726    23.8584     5.5840     7.9802     85.030    243.571    249.382   -0.01081    6.56713    9.38507  286.45363   14.83552 4.2657e-01     0.4699     0.7129    83.6773 0.0000e+00
        342 244.685409    0.02370     1.4223     85.339     23.218  48854.732    30.9577     9.3666     23.000     9.3692    23.8986     5.5773     7.9705     84.871    243.269    249.083   -0.00949    6.57154    9.39139  286.63470   14.84399 3.4186e-01     0.5124     0.8126    81.6136 0.0000e+00
        345 244.685418    0.02392     1.4352     86.112     24.230  48833.988    30.9435     9.3719     24.000     9.3542    23.8866     5.5659     7.9542     84.699    242.774    248.573   -0.00868    6.57137    9.39114  286.63056   14.84385 2.7423e-01     0.4253     0.7980    81.9133 0.0000e+00
        348 244.685426    0.02413     1.4475     86.849     25.240  48833.584    30.9391     9.3441     25.000     9.3159    23.8875     5.5573     7.9420     84.515    242.402    248.192   -0.00828    6.57559    9.39717  286.81468   14.85268 2.1194e-01     0.4399     0.8451    80.9564 0.0000e+00
        351 244.685435    0.02432     1.4592     87.551     26.241  48877.305    30.9655     9.3157     26.000     9.3130    23.9126     5.5514     7.9334     84.385    242.135    247.925   -0.00780    6.57862    9.40150  286.93964   14.85854 1.7092e-01     0.4542     0.9257    79.3385 0.0000e+00
        355 244.685445    0.02457     1.4745     88.472     27.241  48876.456    30.9636     9.3090     27.000     9.2988    23.9122     5.5378     7.9141     84.166    241.544    247.320   -0.00737    6.57967    9.40301  286.98583   14.86076 1.3868e-01     0.4395     0.9288    79.2790 0.0000e+00
        365 244.685475    0.02528     1.5166     90.994     28.279  48883.377    30.9663     9.2963     28.000     9.2864    23.9163     5.5165     7.8836     83.819    240.612    246.366   -0.00501    6.58141    9.40550  287.06053   14.86432 1.1302e-01     0.4239     0.9095    79.6632 0.0000e+00
        369 244.685485    0.02554     1.5325     91.949     29.279  48895.820    30.9730     9.2846     29.000     9.2741    23.9234     5.5196     7.8880     83.848    240.745    246.505   -0.00306    6.58282    9.40752  287.12026   14.86715 9.4112e-02     0.4098     0.9634    78.5964 0.0000e+00
        372 244.685496    0.02577     1.5466     92.797     30.284  48905.027    30.9772     9.2704     30.000     9.2567    23.9288     5.5132     7.8790     83.727    240.466    246.220   -0.00313    6.58474    9.41024  287.20177   14.87104 8.0657e-02     0.4196     0.9920    78.0367 0.0000e+00
        376 244.685505    0.02601     1.5608     93.648     31.295  48928.648    30.9915     9.2566     31.000     9.2495    23.9420     5.5078     7.8713     83.628    240.229    245.980   -0.00368    6.58614    9.41225  287.25935   14.87372 7.1307e-02     0.4206     1.0037    77.8100 0.0000e+00
        379 244.685515    0.02625     1.5747     94.484     32.304  48939.334    30.9978     9.2516     32.000     9.2508    23.9479     5.5036     7.8653     83.558    240.044    245.792   -0.00309    6.58660    9.41291  287.27799   14.87459 6.4694e-02     0.3957     1.0000    77.8797 0.0000e+00
        382 244.685525    0.02648     1.5886     95.314     33.314  48934.860    30.9947     9.2553     33.000     9.2440    23.9450     5.4968     7.8555     83.460    239.747    245.487   -0.00338    6.58619    9.41232  287.26071   14.87377 6.0055e-02     0.3805     1.0005    77.8702 0.0000e+00
        386 244.685534    0.02671     1.6022     96.133     34.322  48959.381    31.0093     9.2379     34.000     9.2248    23.9589     5.4931     7.8502     83.379    239.583    245.323   -0.00333    6.58812    9.41508  287.34105   14.87756 5.6789e-02     0.3500     0.9960    77.9579 0.0000e+00
        389 244.685543    0.02693     1.6158     96.946     35.390  48976.419    31.0189     9.2244     35.000     9.2157    23.9686     5.4898     7.8454     83.309    239.435    245.173   -0.00321    6.58967    9.41730  287.40630   14.88063 5.3928e-02     0.3377     1.0010    77.8591 0.0000e+00
        391 244.685549    0.02707     1.6243     97.456     36.322  48976.376    31.0178     9.2203     36.000     9.2156    23.9684     5.4866     7.8408     83.252    239.296    245.031   -0.00328    6.59034    9.41824  287.43479   14.88200 5.2379e-02     0.3432     1.0460    76.9900 0.0000e+00
        394 244.685558    0.02727     1.6363     98.175     37.347  48984.350    31.0230     9.2197     37.000     9.2155    23.9725     5.4842     7.8374     83.218    239.191    244.925   -0.00295    6.59020    9.41805  287.42777   14.88164 5.1161e-02     0.3220     1.0658    76.6101 0.0000e+00
        397 244.685566    0.02748     1.6490     98.940     38.361  48987.565    31.0247     9.2190     38.000     9.2117    23.9740     5.4842     7.8375     83.217    239.191    244.925   -0.00232    6.59022    9.41810  287.42875   14.88168 5.0021e-02     0.2948     1.0146    77.5976 0.0000e+00
        400 244.685576    0.02771     1.6625     99.747     39.371  48996.434    31.0296     9.2127     39.000     9.2057    23.9788     5.4830     7.8357     83.189    239.136    244.869   -0.00196    6.59093    9.41911  287.45830   14.88307 4.9253e-02     0.3356     0.9945    77.9860 0.0000e+00
        403 244.685585    0.02794     1.6760    100.560     40.383  49002.482    31.0330     9.2097     40.000     9.2079    23.9819     5.4817     7.8338     83.167    239.078    244.811   -0.00182    6.59123    9.41952  287.47019   14.88363 4.8801e-02     0.2912     0.9595    78.6726 0.0000e+00
        406 244.685594    0.02815     1.6888    101.328     41.390  48997.771    31.0298     9.2134     41.000     9.2094    23.9789     5.4878     7.8427     83.265    239.347    245.087   -0.00075    6.59084    9.41897  287.45406   14.88287 4.8389e-02     0.2976     0.9536    78.7894 0.0000e+00
        409 244.685603    0.02836     1.7018    102.110     42.402  48999.572    31.0306     9.2132     42.000     9.2080    23.9796     5.4908     7.8469     83.310    239.475    245.218    0.00023    6.59082    9.41894  287.45299   14.88282 4.8132e-02     0.2948     0.9527    78.8062 0.0000e+00
        413 244.685612    0.02858     1.7148    102.888     43.410  49002.933    31.0325     9.2131     43.000     9.2096    23.9811     5.4897     7.8453     83.293    239.427    245.168   -0.00022    6.59077    9.41886  287.45027   14.88268 4.7483e-02     0.2500     0.9194    79.4650 0.0000e+00
        416 244.685621    0.02880     1.7279    103.671     44.419  49007.737    31.0357     9.2152     44.000     9.2122    23.9833     5.4936     7.8510     83.359    239.599    245.345    0.00023    6.59032    9.41822  287.43012   14.88171 4.7604e-02     0.2685     0.8708    80.4382 0.0000e+00
        419 244.685631    0.02902     1.7411    104.469     45.428  49005.487    31.0341     9.2178     45.000     9.2131    23.9816     5.5006     7.8610     83.470    239.905    245.659    0.00113    6.59001    9.41777  287.41685   14.88108 4.7524e-02     0.2554     0.8311    81.2399 0.0000e+00
        422 244.685640    0.02925     1.7546    105.278     46.443  49004.058    31.0325     9.2170     46.000     9.2066    23.9806     5.5031     7.8646     83.505    240.015    245.770    0.00132    6.59018    9.41802  287.42469   14.88146 4.7611e-02     0.2578     0.8274    81.3142 0.0000e+00
        425 244.685648    0.02945     1.7674    106.043     47.447  49001.474    31.0287     9.2048     47.000     9.1869    23.9794     5.5036     7.8653     83.488    240.038    245.794    0.00071    6.59213    9.42081  287.51034   14.88557 4.7736e-02     0.2767     0.9304    79.2534 0.0000e+00
        428 244.685658    0.02967     1.7803    106.818     48.458  49025.074    31.0426     9.1890     48.000     9.1815    23.9927     5.4981     7.8575     83.384    239.795    245.549   -0.00052    6.59387    9.42331  287.58237   14.88896 4.7933e-02     0.2446     1.0099    77.6869 0.0000e+00
        431 244.685667    0.02989     1.7932    107.594     49.466  49026.978    31.0428     9.1841     49.000     9.1749    23.9937     5.4872     7.8417     83.207    239.315    245.058   -0.00208    6.59457    9.42428  287.61223   14.89039 4.7606e-02     0.2386     0.9969    77.9392 0.0000e+00
        435 244.685676    0.03011     1.8066    108.394     50.479  49035.862    31.0476     9.1762     50.000     9.1672    23.9987     5.4799     7.8314     83.086    238.998    244.734   -0.00298    6.59552    9.42566  287.65265   14.89230 4.7118e-02     0.2589     0.9607    78.6487 0.0000e+00
        438 244.685685    0.03033     1.8198    109.185     51.489  49040.946    31.0503     9.1736     51.000     9.1701    24.0012     5.4735     7.8223     82.985    238.720    244.449   -0.00313    6.59579    9.42605  287.66375   14.89282 4.6935e-02     0.2577     0.9894    78.0866 0.0000e+00
        441 244.685694    0.03055     1.8328    109.966     52.496  49040.723    31.0502     9.1773     52.000     9.1757    24.0006     5.4663     7.8119     82.882    238.403    244.125   -0.00352    6.59524    9.42526  287.63989   14.89168 4.6909e-02     0.2331     0.9955    77.9686 0.0000e+00
        444 244.685703    0.03076     1.8457    110.743     53.509  49032.288    31.0445     9.1811     53.000     9.1694    23.9955     5.4649     7.8098     82.864    238.340    244.059   -0.00306    6.59493    9.42480  287.62757   14.89111 4.7743e-02     0.2576     0.9723    78.4225 0.0000e+00
