CTD-processing/allCTD/CNV/2012_07-21_t9_s07_cast192_5028.cnv
* Sea-Bird SBE19plus Data File:
* FileName = C:\Documents and Settings\kris.holderied.local\My Documents\CTD-data-upload-2012-07-28\CTD5028-upload-2012-07-28-cast192.hex
* Software Version 1.54
* Temperature SN =  5028
* Conductivity SN =  5028
* System UpLoad Time = Jul 28 2012 12:40:28
** Kachemak Bay - CTD data - upload all 2012-07-28
** Date:  2012-07-21   High Tide (x of 2 lines)
** Station: 9-07
** Start time (AKDT-24 hr):1734
** Depth (ft):328
** Comments: Crossed front line again.Still in glacier sitl. Oil still on surface
# nquan = 26
# nvalues = 90                          
# units = specified
# name 0 = scan: Scan Count
# name 1 = timeJ: Julian Days
# name 2 = timeH: Time, Elapsed [hours]
# name 3 = timeM: Time, Elapsed [minutes]
# name 4 = timeS: Time, Elapsed [seconds]
# name 5 = prdM: Pressure, Strain Gauge [db]
# name 6 = specc: Specific Conductance [uS/cm]
# name 7 = sal00: Salinity, Practical [PSU]
# name 8 = tv290C: Temperature [ITS-90, deg C]
# name 9 = depSM: Depth [salt water, m], lat = 59.00
# name 10 = potemp090C: Potential Temperature [ITS-90, deg C]
# name 11 = sigma-é00: Density [sigma-theta, kg/m^3]
# name 12 = sbeox0ML/L: Oxygen, SBE 43 [ml/l]
# name 13 = sbeox0Mg/L: Oxygen, SBE 43 [mg/l]
# name 14 = sbeox0PS: Oxygen, SBE 43 [% saturation]
# name 15 = sbox0Mm/Kg: Oxygen, SBE 43 [umol/kg]
# name 16 = sbeox0Mm/L: Oxygen, SBE 43 [umol/l]
# name 17 = sbox0dV/dT: Oxygen, SBE 43 [dov/dt]
# name 18 = oxsolML/L: Oxygen Saturation, Garcia & Gordon [ml/l]
# name 19 = oxsolMg/L: Oxygen Saturation, Garcia & Gordon [mg/l]
# name 20 = oxsolMm/Kg: Oxygen Saturation, Garcia & Gordon [umol/kg]
# name 21 = n2satMg/L: Nitrogen Saturation [mg/l]
# name 22 = par: PAR/Irradiance, Biospherical/Licor [umol photons/m^2/sec]
# name 23 = flECO-AFL: Fluorescence, WET Labs ECO-AFL/FL [mg/m^3]
# name 24 = upoly0: Upoly 0, ECO-FLNTUS
# name 25 = flag: flag
# span 0 =        184,        546       
# span 1 = 203.734093, 203.735140       
# span 2 =    0.01268,    0.03782       
# span 3 =     0.7609,     2.2688       
# span 4 =     45.654,    136.126       
# span 5 =      1.009,     90.870       
# span 6 =  40053.964,  50122.893       
# span 7 =    25.1912,    31.4773       
# span 8 =     7.1602,    10.1856       
# span 9 =      1.000,     90.000       
# span 10 =     7.1487,    10.1792      
# span 11 =    19.2790,    24.6249      
# span 12 =     6.1653,     7.5468      
# span 13 =     8.8681,    10.6406      
# span 14 =     93.155,    115.329      
# span 15 =    269.796,    329.113      
# span 16 =    275.343,    337.042      
# span 17 =   -0.01942,    0.03421      
# span 18 =    6.50500,    6.88568      
# span 19 =    9.31288,    9.83770      
# span 20 =  283.73910,  300.12304      
# span 21 =   14.73053,   15.48223      
# span 22 = 5.2077e-02, 4.3095e+01      
# span 23 =     0.3374,     9.5164      
# span 24 =  0.6442117,  5.2702249      
# span 25 = 0.0000e+00, 0.0000e+00      
# interval = meters: 1                  
# start_time = Jul 21 2012 17:36:20 [Instrument's time stamp, header]
# bad_flag = -9.990e-29
*END*
        184 203.734093    0.01268     0.7609     45.654      1.009  40053.964    25.1912    10.1856      1.000    10.1792    19.2790     6.1653     8.8681     93.155    269.796    275.343    0.01594    6.63165    9.58404  290.29423   15.21811 4.3095e+01     3.5605  5.2702249 0.0000e+00
        335 203.734531    0.02318     1.3910     83.460      2.019  46744.216    29.5308    10.0109      2.000     9.9786    22.6827     7.0396    10.0400    107.457    307.511    314.390    0.02098    6.54834    9.34210  286.03066   14.79319 2.2969e+01     5.4043  3.9736292 0.0000e+00
        322 203.734495    0.02232     1.3394     80.362      3.028  46652.289    29.4945     9.9416      3.000     9.8737    22.6663     6.8708     9.8243    104.928    300.063    306.848    0.01183    6.54809    9.36056  285.97036   14.82146 1.3877e+01     5.1308  3.7721215 0.0000e+00
        325 203.734503    0.02251     1.3508     81.050      4.038  47197.309    29.8643     9.8459      4.000     9.7891    22.9697     6.8155     9.7742    104.073    297.534    304.382    0.00670    6.54884    9.35811  285.88978   14.81230 9.0541e+00     5.2257  3.0748645 0.0000e+00
        328 203.734510    0.02269     1.3615     81.692      5.047  47584.371    30.1267     9.7759      5.000     9.7452    23.1854     6.7767     9.7456    103.415    295.781    302.648    0.00278    6.55298    9.35677  286.01547   14.80640 6.0360e+00     5.4156  2.4192269 0.0000e+00
        330 203.734518    0.02287     1.3718     82.305      6.057  47924.441    30.3609     9.7433      6.000     9.7372    23.3733     6.7706     9.7544    103.393    295.465    302.376    0.00187    6.54855    9.34945  285.77446   14.79225 4.1427e+00     5.7925  1.9285529 0.0000e+00
        333 203.734524    0.02304     1.3819     82.912      7.067  48285.093    30.6133     9.7389      7.000     9.7530    23.5708     6.7970     9.8015    104.050    296.543    303.553    0.00393    6.53257    9.33525  285.00777   14.76785 2.8038e+00     6.2520  1.7262701 0.0000e+00
        335 203.734531    0.02320     1.3920     83.522      8.076  48568.445    30.8141     9.7560      8.000     9.7547    23.7248     6.8706     9.9001    105.503    299.703    306.840    0.00889    6.51243    9.31970  284.08025   14.74229 1.9072e+00     7.2423  1.6308776 0.0000e+00
        338 203.734539    0.02337     1.4023     84.138      9.086  48746.476    30.9384     9.7530      9.000     9.7186    23.8222     6.9927    10.0442    107.496    305.009    312.291    0.01561    6.50500    9.31288  283.73910   14.73053 1.2720e+00     8.5369  1.5487468 0.0000e+00
        340 203.734546    0.02354     1.4127     84.764     10.095  48875.271    31.0224     9.7064     10.000     9.6482    23.8952     7.1538    10.2235    109.859    312.026    319.489    0.02296    6.51158    9.31741  284.01346   14.73581 8.5693e-01     9.3265  1.5051799 0.0000e+00
        343 203.734553    0.02372     1.4232     85.395     11.104  48994.329    31.0962     9.6332     11.000     9.5685    23.9644     7.3243    10.4071    112.277    319.440    327.103    0.02960    6.52319    9.32803  284.50156   14.75009 5.7666e-01     9.5164  1.4118345 0.0000e+00
        345 203.734560    0.02390     1.4338     86.029     12.113  49091.447    31.1535     9.5529     12.000     9.4892    24.0219     7.4671    10.5561    114.276    325.651    333.483    0.03393    6.53418    9.34113  284.96404   14.76821 4.0285e-01     8.7614  1.2094082 0.0000e+00
        348 203.734568    0.02408     1.4444     86.664     13.123  49164.360    31.1938     9.4739     13.000     9.4102    24.0659     7.5468    10.6406    115.329    329.113    337.042    0.03421    6.54377    9.35500  285.37026   14.78771 2.8805e-01     7.3726  1.0165176 0.0000e+00
        350 203.734576    0.02425     1.4550     87.300     14.132  49206.898    31.2126     9.3936     14.000     9.3201    24.0931     7.5291    10.6306    114.886    328.334    336.250    0.02852    6.55368    9.37052  285.79846   14.80991 2.1610e-01     6.5507  0.8931004 0.0000e+00
        353 203.734582    0.02443     1.4657     87.939     15.142  49234.755    31.2187     9.2980     15.000     9.2135    24.1128     7.4371    10.5403    113.211    324.321    332.138    0.01845    6.56957    9.39001  286.49119   14.83806 1.6992e-01     5.9704  0.8100791 0.0000e+00
        355 203.734590    0.02460     1.4764     88.581     16.152  49280.656    31.2359     9.1912     16.000     9.1128    24.1428     7.3139    10.4088    111.007    318.940    326.637    0.00721    6.58913    9.41122  287.33625   14.86853 1.3696e-01     5.1296  0.7598930 0.0000e+00
        358 203.734598    0.02478     1.4871     89.226     17.162  49348.470    31.2700     9.0962     17.000     9.0425    24.1842     7.1709    10.2501    108.575    312.686    320.249   -0.00344    6.60481    9.42901  288.00435   14.89378 1.1497e-01     4.2375  0.7164207 0.0000e+00
        360 203.734605    0.02496     1.4979     89.874     18.171  49414.736    31.3072     9.0315     18.000     9.0044    24.2233     7.0274    10.0910    106.280    306.417    313.845   -0.01230    6.61236    9.44027  288.31829   14.90952 9.9195e-02     3.3461  0.6679206 0.0000e+00
        363 203.734612    0.02515     1.5087     90.525     19.180  49458.752    31.3336     9.0018     19.000     8.9899    24.2485     6.9111     9.9616    104.518    301.339    308.651   -0.01797    6.61239    9.44487  288.31232   14.91579 8.7711e-02     2.9033  0.6442117 0.0000e+00
        366 203.734620    0.02533     1.5196     91.176     20.190  49476.848    31.3443     8.9903     20.000     8.9800    24.2586     6.8525     9.8904    103.665    298.779    306.031   -0.01942    6.61022    9.44662  288.21662   14.91816 7.9028e-02     3.0879  0.6753237 0.0000e+00
        368 203.734628    0.02551     1.5305     91.827     21.199  49482.533    31.3463     8.9796     21.000     8.9621    24.2619     6.8514     9.8754    103.668    298.735    305.985   -0.01732    6.60898    9.44877  288.16422   14.92124 7.2082e-02     3.4160  0.7166491 0.0000e+00
        371 203.734635    0.02568     1.5413     92.478     22.209  49480.384    31.3413     8.9574     22.000     8.9249    24.2613     6.9101     9.9185    104.519    301.300    308.609   -0.01204    6.61135    9.45375  288.27011   14.92854 6.6748e-02     3.7256  0.7551985 0.0000e+00
        374 203.734643    0.02587     1.5521     93.125     23.218  49481.949    31.3361     8.9169     23.000     8.8733    24.2635     6.9890     9.9862    105.589    304.737    312.128   -0.00620    6.61894    9.46261  288.60211   14.94145 6.2539e-02     3.8741  0.7875000 0.0000e+00
        376 203.734650    0.02605     1.5628     93.770     24.228  49495.778    31.3378     8.8635     24.000     8.8190    24.2728     7.0483    10.0480    106.327    307.320    314.779   -0.00237    6.62882    9.47379  289.02870   14.95762 5.9382e-02     3.7791  0.7955807 0.0000e+00
        379 203.734658    0.02623     1.5735     94.411     25.238  49512.093    31.3410     8.8098     25.000     8.7686    24.2835     7.0853    10.0926    106.736    308.928    316.429   -0.00047    6.63808    9.48497  289.42916   14.97376 5.7000e-02     3.4573  0.7829371 0.0000e+00
        381 203.734664    0.02640     1.5841     95.045     26.247  49534.471    31.3494     8.7623     26.000     8.7284    24.2972     7.1011    10.1157    106.874    309.613    317.138    0.00017    6.64444    9.49454  289.69930   14.98748 5.5410e-02     2.9390  0.7430031 0.0000e+00
        384 203.734672    0.02658     1.5946     95.673     27.257  49547.042    31.3521     8.7235     27.000     8.6888    24.3051     7.0999    10.1206    106.804    309.554    317.081   -0.00006    6.64758    9.50260  289.83326   14.99913 5.4389e-02     2.5765  0.7086202 0.0000e+00
        386 203.734679    0.02675     1.6048     96.290     28.266  49539.128    31.3400     8.6816     28.000     8.6305    24.3019     7.0836    10.1096    106.475    308.846    316.350   -0.00131    6.65280    9.51229  290.06664   15.01333 5.4090e-02     2.5074  0.6990030 0.0000e+00
        389 203.734687    0.02691     1.6149     96.892     29.275  49539.026    31.3307     8.6220     29.000     8.5611    24.3035     7.0637    10.0928    105.990    307.982    315.461   -0.00302    6.66452    9.52557  290.58009   15.03271 5.4610e-02     2.6376  0.7326355 0.0000e+00
        391 203.734693    0.02707     1.6245     97.473     30.286  49561.501    31.3362     8.5555     30.000     8.5029    24.3177     7.0398    10.0749    105.422    306.937    314.398   -0.00495    6.67781    9.53945  291.15285   15.05271 5.6533e-02     2.7190  0.7848476 0.0000e+00
        393 203.734700    0.02724     1.6343     98.062     31.295  49590.134    31.3474     8.4982     31.000     8.4612    24.3349     7.0257    10.0650    105.053    306.312    313.768   -0.00607    6.68783    9.55102  291.58232   15.06931 5.9088e-02     2.7193  0.8218901 0.0000e+00
        396 203.734707    0.02741     1.6445     98.670     32.305  49618.013    31.3604     8.4571     32.000     8.4352    24.3511     7.0297    10.0692    105.032    306.483    313.949   -0.00569    6.69297    9.55904  291.79919   15.08072 6.0589e-02     2.6521  0.8410378 0.0000e+00
        398 203.734714    0.02758     1.6549     99.292     33.314  49631.638    31.3662     8.4352     33.000     8.4199    24.3590     7.0547    10.0898    105.387    307.568    315.062   -0.00374    6.69409    9.56336  291.84667   15.08689 6.0767e-02     2.6099  0.8511164 0.0000e+00
        401 203.734721    0.02776     1.6654     99.921     34.324  49637.252    31.3675     8.4203     34.000     8.4069    24.3622     7.0812    10.1141    105.767    308.721    316.243   -0.00181    6.69505    9.56648  291.88922   15.09139 6.0400e-02     2.6088  0.8576201 0.0000e+00
        403 203.734729    0.02793     1.6759    100.553     35.333  49641.964    31.3684     8.4079     35.000     8.3957    24.3648     7.0992    10.1336    106.014    309.508    317.049   -0.00064    6.69643    9.56909  291.94855   15.09514 5.9759e-02     2.6324  0.8568141 0.0000e+00
        406 203.734736    0.02811     1.6864    101.184     36.343  49646.048    31.3692     8.3970     36.000     8.3855    24.3670     7.1079    10.1456    106.124    309.890    317.441   -0.00013    6.69774    9.57138  292.00564   15.09845 5.9068e-02     2.5835  0.8602463 0.0000e+00
        408 203.734743    0.02828     1.6969    101.813     37.352  49649.492    31.3697     8.3871     37.000     8.3757    24.3689     7.1088    10.1497    106.117    309.928    317.480   -0.00016    6.69902    9.57348  292.06110   15.10148 5.8428e-02     2.5212  0.8583210 0.0000e+00
        411 203.734750    0.02845     1.7073    102.438     38.362  49652.397    31.3698     8.3775     38.000     8.3658    24.3704     7.1058    10.1490    106.052    309.798    317.349   -0.00043    6.70037    9.57555  292.11953   15.10449 5.7854e-02     2.5016  0.8443938 0.0000e+00
        413 203.734758    0.02863     1.7177    103.060     39.372  49656.242    31.3706     8.3676     39.000     8.3551    24.3724     7.1012    10.1451    105.962    309.594    317.140   -0.00078    6.70165    9.57764  292.17467   15.10748 5.7386e-02     2.5131  0.8466017 0.0000e+00
        416 203.734765    0.02880     1.7280    103.681     40.381  49658.910    31.3703     8.3568     40.000     8.3426    24.3738     7.0985    10.1406    105.895    309.479    317.022   -0.00102    6.70343    9.57999  292.25266   15.11089 5.6988e-02     2.5130  0.8528237 0.0000e+00
        418 203.734772    0.02897     1.7383    104.301     41.392  49665.975    31.3730     8.3443     41.000     8.3318    24.3777     7.0937    10.1339    105.786    309.267    316.805   -0.00132    6.70569    9.58251  292.34928   15.11451 5.6651e-02     2.4499  0.8412171 0.0000e+00
        421 203.734779    0.02915     1.7486    104.918     42.402  49673.180    31.3760     8.3341     42.000     8.3234    24.3816     7.0858    10.1248    105.647    308.919    316.451   -0.00174    6.70709    9.58454  292.40847   15.11740 5.6360e-02     2.3834  0.8349615 0.0000e+00
        423 203.734786    0.02932     1.7589    105.532     43.410  49677.467    31.3774     8.3262     43.000     8.3160    24.3838     7.0764    10.1148    105.493    308.508    316.032   -0.00218    6.70789    9.58615  292.44314   15.11971 5.6110e-02     2.3221  0.8359432 0.0000e+00
        426 203.734794    0.02948     1.7691    106.145     44.419  49680.799    31.3782     8.3190     44.000     8.3084    24.3855     7.0690    10.1059    105.372    308.181    315.697   -0.00245    6.70854    9.58767  292.47072   15.12190 5.5903e-02     2.2725  0.8437039 0.0000e+00
        428 203.734800    0.02965     1.7793    106.758     45.430  49682.709    31.3778     8.3110     45.000     8.2983    24.3864     7.0643    10.0996    105.293    307.980    315.491   -0.00253    6.70919    9.58941  292.49896   15.12442 5.5725e-02     2.2309  0.8437032 0.0000e+00
        430 203.734807    0.02982     1.7896    107.372     46.440  49683.743    31.3765     8.3006     46.000     8.2840    24.3868     7.0637    10.0961    105.269    307.956    315.466   -0.00240    6.71017    9.59173  292.54189   15.12781 5.5552e-02     2.2030  0.8396225 0.0000e+00
        433 203.734815    0.03000     1.7998    107.986     47.449  49684.867    31.3744     8.2849     47.000     8.2625    24.3876     7.0642    10.0934    105.247    307.978    315.488   -0.00222    6.71201    9.59529  292.62271   15.13298 5.5411e-02     2.2119  0.8422785 0.0000e+00
        435 203.734822    0.03017     1.8100    108.600     48.459  49687.321    31.3723     8.2627     48.000     8.2331    24.3890     7.0656    10.0903    105.226    308.036    315.549   -0.00210    6.71469    9.60024  292.73877   15.14019 5.5308e-02     2.2024  0.8545037 0.0000e+00
        438 203.734829    0.03034     1.8202    109.213     49.468  49688.940    31.3680     8.2306     49.000     8.1898    24.3903     7.0664    10.0840    105.170    308.069    315.582   -0.00210    6.71896    9.60749  292.92529   15.15074 5.5221e-02     2.1558  0.8584522 0.0000e+00
        440 203.734836    0.03051     1.8304    109.826     50.477  49691.928    31.3626     8.1854     50.000     8.1314    24.3926     7.0624    10.0708    105.000    307.897    315.405   -0.00246    6.72614    9.61764  293.23880   15.16553 5.5154e-02     2.0500  0.8377954 0.0000e+00
        443 203.734843    0.03067     1.8407    110.438     51.488  49697.936    31.3570     8.1251     51.000     8.0589    24.3969     7.0482    10.0467    104.613    307.284    314.776   -0.00359    6.73764    9.63113  293.74159   15.18514 5.5122e-02     1.8679  0.8158927 0.0000e+00
        445 203.734850    0.03084     1.8508    111.049     52.498  49728.178    31.3660     8.0506     52.000     7.9914    24.4146     7.0145    10.0053    103.874    305.806    313.269   -0.00587    6.75304    9.64683  294.40605   15.20772 5.5050e-02     1.5307  0.7982244 0.0000e+00
        448 203.734857    0.03101     1.8609    111.658     53.506  49772.725    31.3866     7.9860     53.000     7.9454    24.4399     6.9637     9.9517    102.953    303.574    310.997   -0.00870    6.76402    9.65963  294.87222   15.22595 5.4944e-02     1.1723  0.7904776 0.0000e+00
        450 203.734864    0.03119     1.8712    112.269     54.517  49802.426    31.4005     7.9452     54.000     7.9174    24.4566     6.9150     9.8986    102.163    301.449    308.825   -0.01083    6.76869    9.66769  295.07005   15.23740 5.4828e-02     0.9832  0.7850398 0.0000e+00
        453 203.734872    0.03136     1.8814    112.882     55.526  49820.040    31.4080     7.9183     55.000     7.8980    24.4664     6.8819     9.8566    101.636    300.000    307.343   -0.01168    6.77106    9.67309  295.17112   15.24509 5.4708e-02     0.8820  0.7792210 0.0000e+00
