CTD-processing/allCTD/CNV/2012_05-31b_t9_s04b_cast018_4141.cnv
* Sea-Bird SBE19plus Data File:
* FileName = C:\Documents and Settings\kris.holderied.local\My Documents\2012-KBRR-CTD-Kachemak-Bay\2012-KBRR-CTD-cast018.hex
* Software Version 1.54
* Temperature SN =  4141
* Conductivity SN =  4141
* System UpLoad Time = Jul 24 2012 20:16:12
** Kachemak Bay - Homer Spit Line CTD Survey
** Date:  2012-xx-xx   xxxx Tide (x of 2 lines)
** Station: 9-4
** Start time (AKDT-24 hr): 17:55
** Depth (m): 91.4
** Comments:CTD time set wrong by 1 hour
# nquan = 27
# nvalues = 80                          
# units = specified
# name 0 = scan: Scan Count
# name 1 = timeJ: Julian Days
# name 2 = timeH: Time, Elapsed [hours]
# name 3 = timeM: Time, Elapsed [minutes]
# name 4 = timeS: Time, Elapsed [seconds]
# name 5 = prdM: Pressure, Strain Gauge [db]
# name 6 = specc: Specific Conductance [uS/cm]
# name 7 = sal00: Salinity, Practical [PSU]
# name 8 = tv290C: Temperature [ITS-90, deg C]
# name 9 = depSM: Depth [salt water, m], lat = 59.00
# name 10 = potemp090C: Potential Temperature [ITS-90, deg C]
# name 11 = sigma-é00: Density [sigma-theta, kg/m^3]
# name 12 = sbeox0ML/L: Oxygen, SBE 43 [ml/l]
# name 13 = sbeox0Mg/L: Oxygen, SBE 43 [mg/l]
# name 14 = sbeox0PS: Oxygen, SBE 43 [% saturation]
# name 15 = sbox0Mm/Kg: Oxygen, SBE 43 [umol/kg]
# name 16 = sbeox0Mm/L: Oxygen, SBE 43 [umol/l]
# name 17 = sbox0dV/dT: Oxygen, SBE 43 [dov/dt]
# name 18 = oxsolML/L: Oxygen Saturation, Garcia & Gordon [ml/l]
# name 19 = oxsolMg/L: Oxygen Saturation, Garcia & Gordon [mg/l]
# name 20 = oxsolMm/Kg: Oxygen Saturation, Garcia & Gordon [umol/kg]
# name 21 = n2satMg/L: Nitrogen Saturation [mg/l]
# name 22 = par: PAR/Irradiance, Biospherical/Licor
# name 23 = wetStar: Fluorescence, WET Labs WETstar [mg/m^3]
# name 24 = CStarAt0: Beam Attenuation, WET Labs C-Star [1/m]
# name 25 = CStarTr0: Beam Transmission, WET Labs C-Star [%]
# name 26 = flag: flag
# span 0 =        258,        537       
# span 1 = 152.792062, 152.792869       
# span 2 =    0.01782,    0.03719       
# span 3 =     1.0693,     2.2314       
# span 4 =     64.155,    133.883       
# span 5 =      1.023,     80.752       
# span 6 =  46708.300,  51149.761       
# span 7 =    29.3104,    31.7050       
# span 8 =     4.5987,     8.2296       
# span 9 =      1.000,     80.000       
# span 10 =     4.5940,     8.0844      
# span 11 =    22.7776,    25.0893      
# span 12 =     7.1280,     8.0160      
# span 13 =    10.1868,    11.4556      
# span 14 =     97.613,    112.928      
# span 15 =    310.550,    349.390      
# span 16 =    318.340,    357.995      
# span 17 =   -0.05541,    0.02224      
# span 18 =    6.81348,    7.30243      
# span 19 =    9.73715,   10.43591      
# span 20 =  297.51319,  318.14773      
# span 21 =   15.37039,   16.34394      
# span 22 = 3.9815e-02, 1.1966e+02      
# span 23 =     0.3097,     8.1670      
# span 24 =     0.3140,     1.4002      
# span 25 =    70.5987,    92.4501      
# span 26 = 0.0000e+00, 0.0000e+00      
# interval = meters: 1                  
# start_time = May 31 2012 18:59:30 [Instrument's time stamp, header]
# bad_flag = -9.990e-29
*END*
[from data line 54]
        455 152.792633    0.03153     1.8914    113.485     55.525  51070.357    31.6676     4.7228     55.000     4.7280    25.0641     7.1578    10.2291     98.306    311.849    319.666   -0.00558    7.28105   10.40535  317.22087   16.29981 4.3012e-02     0.3778     0.4924    88.4173 0.0000e+00
        458 152.792641    0.03171     1.9023    114.136     56.537  51038.127    31.6475     4.7338     56.000     4.7228    25.0469     7.1667    10.2419     98.442    312.243    320.064   -0.00360    7.28010   10.40399  317.18471   16.29817 4.2944e-02     0.3606     0.4786    88.7234 0.0000e+00
        460 152.792648    0.03189     1.9131    114.789     57.546  51036.215    31.6434     4.7239     57.000     4.7094    25.0449     7.1732    10.2512     98.505    312.528    320.355   -0.00199    7.28203   10.40675  317.26962   16.30223 4.3362e-02     0.3151     0.4841    88.6010 0.0000e+00
        463 152.792655    0.03206     1.9240    115.440     58.556  51053.595    31.6520     4.7111     58.000     4.7042    25.0530     7.1743    10.2528     98.496    312.574    320.404   -0.00175    7.28386   10.40936  317.34662   16.30585 4.2138e-02     0.3519     0.4949    88.3621 0.0000e+00
        465 152.792663    0.03224     1.9348    116.088     59.565  51062.389    31.6569     4.7083     59.000     4.7039    25.0571     7.1693    10.2457     98.424    312.356    320.182   -0.00213    7.28410   10.40971  317.35596   16.30628 4.1356e-02     0.3182     0.5039    88.1637 0.0000e+00
        468 152.792671    0.03243     1.9458    116.745     60.576  51055.442    31.6514     4.7074     60.000     4.6992    25.0529     7.1663    10.2414     98.376    312.225    320.047   -0.00224    7.28453   10.41034  317.37633   16.30727 4.1268e-02     0.4507     0.5072    88.0909 0.0000e+00
        471 152.792678    0.03261     1.9567    117.399     61.582  51057.400    31.6511     4.7018     61.000     4.6939    25.0532     7.1631    10.2368     98.320    312.086    319.905   -0.00242    7.28553   10.41175  317.41921   16.30932 4.1132e-02     0.4170     0.5087    88.0586 0.0000e+00
        473 152.792686    0.03280     1.9677    118.061     62.595  51056.962    31.6493     4.6975     62.000     4.6866    25.0523     7.1596    10.2317     98.260    311.933    319.748   -0.00250    7.28637   10.41295  317.45642   16.31109 4.0761e-02     0.3782     0.5105    88.0183 0.0000e+00
        476 152.792694    0.03298     1.9786    118.717     63.605  51059.909    31.6486     4.6876     63.000     4.6778    25.0527     7.1571    10.2282     98.201    311.822    319.634   -0.00265    7.28814   10.41549  317.53351   16.31477 4.0553e-02     0.3358     0.5127    87.9699 0.0000e+00
        479 152.792702    0.03316     1.9896    119.378     64.616  51068.967    31.6528     4.6811     64.000     4.6743    25.0568     7.1552    10.2255     98.163    311.741    319.551   -0.00258    7.28908   10.41683  317.57314   16.31663 4.0438e-02     0.4974     0.5199    87.8094 0.0000e+00
        481 152.792708    0.03334     2.0006    120.038     65.622  51069.465    31.6519     4.6778     65.000     4.6700    25.0564     7.1576    10.2289     98.188    311.846    319.660   -0.00207    7.28970   10.41771  317.60014   16.31792 4.0594e-02     0.5324     0.5244    87.7149 0.0000e+00
        484 152.792716    0.03353     2.0118    120.708     66.634  51072.926    31.6529     4.6738     66.000     4.6670    25.0576     7.1579    10.2294     98.184    311.860    319.674   -0.00168    7.29036   10.41865  317.62835   16.31926 4.0091e-02     0.5256     0.5243    87.7154 0.0000e+00
        486 152.792724    0.03371     2.0228    121.368     67.643  51077.893    31.6552     4.6710     67.000     4.6659    25.0597     7.1561    10.2268     98.153    311.779    319.591   -0.00162    7.29075   10.41920  317.64474   16.32003 4.0420e-02     0.4920     0.5268    87.6599 0.0000e+00
        489 152.792732    0.03390     2.0338    122.030     68.653  51076.850    31.6538     4.6704     68.000     4.6634    25.0587     7.1543    10.2241     98.127    311.700    319.512   -0.00175    7.29091   10.41944  317.65218   16.32039 4.0723e-02     0.4618     0.5259    87.6812 0.0000e+00
        492 152.792739    0.03408     2.0449    122.693     69.663  51074.930    31.6510     4.6661     69.000     4.6552    25.0569     7.1549    10.2252     98.124    311.730    319.540   -0.00152    7.29181   10.42072  317.69162   16.32228 4.0450e-02     0.4320     0.5310    87.5682 0.0000e+00
        494 152.792747    0.03427     2.0559    123.352     70.672  51084.014    31.6550     4.6581     70.000     4.6508    25.0609     7.1561    10.2267     98.122    311.778    319.591   -0.00131    7.29300   10.42243  317.74258   16.32469 4.0649e-02     0.5089     0.5386    87.4024 0.0000e+00
        497 152.792755    0.03445     2.0670    124.018     71.684  51095.291    31.6617     4.6558     71.000     4.6523    25.0665     7.1558    10.2263     98.117    311.761    319.575   -0.00123    7.29309   10.42256  317.74471   16.32476 4.0273e-02     0.3694     0.5348    87.4866 0.0000e+00
        500 152.792762    0.03463     2.0780    124.678     72.692  51094.023    31.6607     4.6576     72.000     4.6528    25.0655     7.1550    10.2252     98.111    311.728    319.542   -0.00113    7.29282   10.42217  317.73303   16.32421 3.9815e-02     0.3097     0.5401    87.3700 0.0000e+00
        502 152.792770    0.03482     2.0891    125.342     73.702  51082.931    31.6526     4.6578     73.000     4.6432    25.0592     7.1560    10.2266     98.119    311.774    319.586   -0.00094    7.29318   10.42268  317.75080   16.32508 4.2037e-02     0.3398     0.5426    87.3148 0.0000e+00
        505 152.792778    0.03500     2.1001    126.005     74.712  51080.489    31.6474     4.6436     74.000     4.6247    25.0563     7.1528    10.2220     98.038    311.634    319.443   -0.00136    7.29594   10.42662  317.87185   16.33087 4.0975e-02     0.3615     0.5526    87.0970 0.0000e+00
        508 152.792785    0.03519     2.1111    126.668     75.722  51100.160    31.6567     4.6277     75.000     4.6159    25.0655     7.1496    10.2175     97.963    311.493    319.301   -0.00194    7.29827   10.42996  317.97077   16.33554 4.0784e-02     0.3410     0.5594    86.9502 0.0000e+00
        510 152.792793    0.03537     2.1222    127.334     76.732  51103.658    31.6567     4.6194     76.000     4.6071    25.0664     7.1463    10.2127     97.897    311.347    319.153   -0.00230    7.29974   10.43205  318.03411   16.33856 4.0247e-02     0.3881     0.5680    86.7627 0.0000e+00
        513 152.792801    0.03556     2.1333    128.000     77.741  51110.410    31.6588     4.6104     77.000     4.5991    25.0690     7.1543    10.2242     97.988    311.697    319.512   -0.00141    7.30122   10.43416  318.09798   16.34158 3.9883e-02     0.3910     0.5732    86.6501 0.0000e+00
        516 152.792809    0.03574     2.1445    128.670     78.751  51119.128    31.6625     4.6027     78.000     4.5940    25.0727     7.1425    10.2074     97.811    311.183    318.984   -0.00199    7.30238   10.43584  318.14773   16.34394 4.1985e-02     0.3307     0.5787    86.5299 0.0000e+00
        518 152.792816    0.03593     2.1557    129.345     79.753  51140.281    31.6757     4.5987     79.000     4.5988    25.0835     7.1280    10.1868     97.613    310.550    318.340   -0.00387    7.30243   10.43591  318.14632   16.34382 4.1672e-02     0.3286     0.5775    86.5546 0.0000e+00
        537 152.792869    0.03719     2.2314    133.883     80.752  51149.761    31.6847     4.6121     80.000     4.6115    25.0893     7.1349    10.1964     97.743    310.844    318.643   -0.00148    7.29965   10.43193  318.02335   16.33793 7.9756e-02     0.3242     0.5474    87.2104 0.0000e+00
