CTD-processing/allCTD/CNV/2012_07-02_subbays_halibutc_cast163_5028.cnv
* Sea-Bird SBE19plus Data File:
* FileName = C:\Documents and Settings\kris.holderied.local\My Documents\CTD-data-upload-2012-07-28\CTD5028-upload-2012-07-28-cast163.hex
* Software Version 1.54
* Temperature SN =  5028
* Conductivity SN =  5028
* System UpLoad Time = Jul 28 2012 12:07:54
** Kachemak Bay - CTD data - upload all 2012-07-28
** Date:  2012-07-02   xxxx Tide (x of 2 lines)
** Station: Halibut C
** Start time (AKDT-24 hr):1329
** Depth (ft):234
** Comments: None
# nquan = 26
# nvalues = 58                          
# units = specified
# name 0 = scan: Scan Count
# name 1 = timeJ: Julian Days
# name 2 = timeH: Time, Elapsed [hours]
# name 3 = timeM: Time, Elapsed [minutes]
# name 4 = timeS: Time, Elapsed [seconds]
# name 5 = prdM: Pressure, Strain Gauge [db]
# name 6 = specc: Specific Conductance [uS/cm]
# name 7 = sal00: Salinity, Practical [PSU]
# name 8 = tv290C: Temperature [ITS-90, deg C]
# name 9 = depSM: Depth [salt water, m], lat = 59.00
# name 10 = potemp090C: Potential Temperature [ITS-90, deg C]
# name 11 = sigma-é00: Density [sigma-theta, kg/m^3]
# name 12 = sbeox0ML/L: Oxygen, SBE 43 [ml/l]
# name 13 = sbeox0Mg/L: Oxygen, SBE 43 [mg/l]
# name 14 = sbeox0PS: Oxygen, SBE 43 [% saturation]
# name 15 = sbox0Mm/Kg: Oxygen, SBE 43 [umol/kg]
# name 16 = sbeox0Mm/L: Oxygen, SBE 43 [umol/l]
# name 17 = sbox0dV/dT: Oxygen, SBE 43 [dov/dt]
# name 18 = oxsolML/L: Oxygen Saturation, Garcia & Gordon [ml/l]
# name 19 = oxsolMg/L: Oxygen Saturation, Garcia & Gordon [mg/l]
# name 20 = oxsolMm/Kg: Oxygen Saturation, Garcia & Gordon [umol/kg]
# name 21 = n2satMg/L: Nitrogen Saturation [mg/l]
# name 22 = par: PAR/Irradiance, Biospherical/Licor [umol photons/m^2/sec]
# name 23 = flECO-AFL: Fluorescence, WET Labs ECO-AFL/FL [mg/m^3]
# name 24 = upoly0: Upoly 0, ECO-FLNTUS
# name 25 = flag: flag
# span 0 =        280,        434       
# span 1 = 184.563668, 184.564113       
# span 2 =    0.01940,    0.03008       
# span 3 =     1.1643,     1.8049       
# span 4 =     69.860,    108.299       
# span 5 =      1.010,     58.556       
# span 6 =  41765.310,  51127.219       
# span 7 =    26.3039,    31.3861       
# span 8 =     3.3823,    12.1815       
# span 9 =      1.000,     58.000       
# span 10 =     3.3811,    12.1671      
# span 11 =    19.8143,    24.9690      
# span 12 =     5.2174,     7.3351      
# span 13 =     7.5707,    10.3638      
# span 14 =     69.181,    115.286      
# span 15 =    227.333,    321.228      
# span 16 =    233.009,    327.587      
# span 17 =   -0.03518,    0.08744      
# span 18 =    6.36247,    7.54160      
# span 19 =    9.09998,   10.77135      
# span 20 =  278.63281,  328.60100      
# span 21 =   14.49060,   16.83301      
# span 22 = 5.7704e-02, 1.9385e+02      
# span 23 =     0.1146,     2.5030      
# span 24 =  0.5797063,  1.7907780      
# span 25 = 0.0000e+00, 0.0000e+00      
# interval = meters: 1                  
# start_time = Jul 02 2012 13:30:31 [Instrument's time stamp, header]
# bad_flag = -9.990e-29
*END*
        280 184.563668    0.01940     1.1643     69.860      1.010  41765.310    26.3039    12.1815      1.000    12.1671    19.8143     7.3351    10.3630    115.286    321.228    327.587    0.08744    6.36247    9.09998  278.63281   14.49060 1.9385e+02     1.7506  1.7045782 0.0000e+00
        286 184.563685    0.01982     1.1892     71.351      2.018  41884.266    26.3752    12.0467      2.000    11.9665    19.8930     7.2446    10.2973    113.588    317.248    323.545    0.05492    6.37815    9.12217  279.30331   14.52186 1.3145e+02     1.8217  1.7836027 0.0000e+00
        290 184.563694    0.02005     1.2028     72.166      3.028  42033.726    26.4675    11.9088      3.000    11.8260    19.9882     7.1333    10.1898    111.504    312.337    318.575    0.03677    6.39769    9.14382  280.12589   14.55199 9.0505e+01     2.0534  1.7907780 0.0000e+00
        292 184.563702    0.02024     1.2143     72.857      4.037  42164.224    26.5483    11.7948      4.000    11.7074    20.0705     7.0207    10.0898    109.509    307.383    313.547    0.02141    6.41131    9.16151  280.70056   14.57654 6.3275e+01     2.2967  1.7653652 0.0000e+00
        295 184.563709    0.02041     1.2247     73.479      5.047  42310.822    26.6408    11.6872      5.000    11.6068    20.1607     6.9840    10.0423    108.714    305.743    311.906    0.01407    6.42429    9.17732  281.24036   14.59816 4.5861e+01     2.4838  1.7506700 0.0000e+00
        297 184.563716    0.02058     1.2346     74.079      6.056  42459.411    26.7356    11.5929      6.000    11.5274    20.2503     6.9941    10.0334    108.703    306.154    312.357    0.01197    6.43415    9.19039  281.64334   14.61576 3.3275e+01     2.5030  1.7438636 0.0000e+00
        300 184.563723    0.02074     1.2444     74.667      7.066  42589.514    26.8192    11.5169      7.000    11.4584    20.3280     7.0085    10.0396    108.818    306.761    312.998    0.01075    6.44055    9.20057  281.90401   14.62932 2.3991e+01     2.4387  1.7346575 0.0000e+00
        302 184.563730    0.02090     1.2541     75.248      8.076  42718.905    26.9029    11.4505      8.000    11.3957    20.4042     7.0222    10.0557    108.940    307.344    313.613    0.00975    6.44594    9.20883  282.12008   14.64008 1.7574e+01     2.3697  1.7127382 0.0000e+00
        304 184.563736    0.02106     1.2638     75.827      9.085  42857.870    26.9937    11.3885      9.000    11.3394    20.4851     7.0393    10.0793    109.127    308.062    314.373    0.00922    6.45053    9.21584  282.29739   14.64893 1.2777e+01     2.2590  1.6789273 0.0000e+00
        307 184.563743    0.02122     1.2734     76.406     10.094  42993.800    27.0829    11.3330     10.000    11.2903    20.5636     7.0582    10.1098    109.358    308.865    315.217    0.00886    6.45416    9.22170  282.43396   14.65609 9.2137e+00     2.1356  1.6416722 0.0000e+00
        309 184.563750    0.02139     1.2831     76.987     11.104  43123.517    27.1684    11.2853     11.000    11.2426    20.6380     7.0921    10.1541    109.855    310.332    316.733    0.00956    6.45589    9.22621  282.49322   14.66138 6.7522e+00     2.0509  1.6153678 0.0000e+00
        311 184.563757    0.02155     1.2929     77.575     12.113  43266.292    27.2628    11.2364     12.000    11.1863    20.7194     7.1413    10.2097    110.607    312.464    318.930    0.01135    6.45643    9.23047  282.49765   14.66616 4.9095e+00     1.9974  1.5920380 0.0000e+00
        314 184.563764    0.02172     1.3029     78.175     13.123  43430.818    27.3713    11.1781     13.000    11.1095    20.8133     7.1971    10.2700    111.471    314.878    321.421    0.01353    6.45649    9.23582  282.47766   14.67230 3.5410e+00     1.9733  1.5595416 0.0000e+00
        316 184.563770    0.02188     1.3131     78.788     14.133  43629.720    27.5007    11.0895     14.000    10.9790    20.9284     7.2474    10.3233    112.191    317.049    323.669    0.01485    6.45990    9.24609  282.59846   14.68527 2.6031e+00     1.9669  1.4868314 0.0000e+00
        319 184.563778    0.02205     1.3234     79.407     15.141  43876.103    27.6581    10.9511     15.000    10.8025    21.0734     7.2814    10.3592    112.492    318.491    325.189    0.01432    6.47291    9.26477  283.12617   14.71004 1.9206e+00     1.8834  1.4134312 0.0000e+00
        321 184.563785    0.02223     1.3339     80.032     16.151  44162.714    27.8382    10.7640     16.000    10.5947    21.2439     7.2777    10.3638    112.081    318.272    325.021    0.01085    6.49339    9.29208  283.97335   14.74700 1.4489e+00     1.6771  1.3450088 0.0000e+00
        324 184.563792    0.02241     1.3444     80.663     17.161  44473.381    28.0317    10.5508     17.000    10.3426    21.4287     7.2520    10.3475    111.343    317.099    323.875    0.00607    6.51345    9.32412  284.80415   14.79060 1.1026e+00     1.4958  1.3000824 0.0000e+00
        326 184.563800    0.02258     1.3549     81.296     18.171  44852.054    28.2654    10.2806     18.000    10.0264    21.6535     7.2330    10.3255    110.575    316.198    323.026    0.00190    6.54163    9.36577  285.97242   14.84756 8.5630e-01     1.3270  1.2563802 0.0000e+00
        329 184.563807    0.02276     1.3655     81.932     19.180  45291.840    28.5336     9.9508     19.000     9.6580    21.9140     7.2107    10.2976    109.603    315.135    322.027   -0.00223    6.57946    9.41817  287.54864   14.91952 6.7815e-01     1.1633  1.2027976 0.0000e+00
        331 184.563815    0.02294     1.3762     82.568     20.190  45772.675    28.8237     9.5774     20.000     9.2553    22.1976     7.1809    10.2646    108.393    313.741    320.699   -0.00692    6.62566    9.47882  289.47946   15.00313 5.3957e-01     1.0152  1.1292506 0.0000e+00
        334 184.563822    0.02311     1.3868     83.205     21.199  46281.565    29.1269     9.1703     21.000     8.8562    22.4958     7.1476    10.2318    107.014    312.177    319.209   -0.01156    6.67992    9.54653  291.75126   15.09671 4.3925e-01     0.8829  1.0453562 0.0000e+00
        336 184.563829    0.02329     1.3973     83.839     22.209  46758.398    29.4073     8.7763     22.000     8.4936    22.7732     7.1224    10.2082    105.808    310.984    318.087   -0.01508    6.73202    9.61357  293.93693   15.18962 3.6340e-01     0.7299  0.9533262 0.0000e+00
        339 184.563837    0.02346     1.4078     84.469     23.218  47152.552    29.6340     8.4291     23.000     8.1810    23.0009     7.1238    10.2058    105.135    310.972    318.146   -0.01613    6.77611    9.67466  295.79567   15.27470 3.0679e-01     0.5281  0.8680029 0.0000e+00
        341 184.563844    0.02364     1.4183     85.096     24.228  47476.552    29.8158     8.1237     24.000     7.9004    23.1866     7.1506    10.2212    104.942    312.090    319.346   -0.01504    6.81400    9.73006  297.39983   15.35218 2.6221e-01     0.3567  0.7846999 0.0000e+00
        344 184.563851    0.02381     1.4287     85.721     25.238  47748.020    29.9638     7.8502     25.000     7.6473    23.3407     7.1779    10.2377    104.800    313.240    320.565   -0.01368    6.84933    9.78119  298.90110   15.42396 2.2751e-01     0.2682  0.7199724 0.0000e+00
        346 184.563858    0.02399     1.4392     86.350     26.247  47989.256    30.0929     7.5997     26.000     7.4188    23.4761     7.1834    10.2397    104.384    313.439    320.810   -0.01346    6.88186    9.82890  300.28148   15.49106 1.9950e-01     0.2167  0.6674605 0.0000e+00
        349 184.563866    0.02417     1.4498     86.989     27.256  48191.002    30.1969     7.3739     27.000     7.2040    23.5880     7.1677    10.2236    103.736    312.725    320.111   -0.01425    6.90987    9.87316  301.47486   15.55353 1.7716e-01     0.1951  0.6346916 0.0000e+00
        352 184.563873    0.02435     1.4605     87.633     28.266  48369.377    30.2852     7.1586     28.000     6.9876    23.6857     7.1462    10.1976    103.030    311.759    319.149   -0.01515    6.93625    9.91646  302.60059   15.61485 1.5841e-01     0.1886  0.6170802 0.0000e+00
        354 184.563880    0.02452     1.4714     88.282     29.276  48529.892    30.3587     6.9369     29.000     6.7444    23.7719     7.1225    10.1638    102.256    310.707    318.092   -0.01610    6.96580    9.96269  303.87029   15.68060 1.4291e-01     0.1876  0.6218411 0.0000e+00
        357 184.563888    0.02470     1.4822     88.932     30.286  48710.450    30.4396     6.6850     30.000     6.4803    23.8671     7.0908    10.1203    101.220    309.296    316.676   -0.01777    7.00598   10.01591  305.59521   15.75635 1.3020e-01     0.1844  0.6183415 0.0000e+00
        359 184.563896    0.02488     1.4930     89.582     31.295  48908.630    30.5295     6.4216     31.000     6.2227    23.9705     7.0494    10.0687    100.007    307.457    314.828   -0.01995    7.04952   10.07161  307.46047   15.83552 1.1933e-01     0.1752  0.6103288 0.0000e+00
        362 184.563903    0.02506     1.5039     90.232     32.305  49107.583    30.6206     6.1699     32.000     5.9914    24.0727     7.0069    10.0142     98.840    305.570    312.931   -0.02181    7.08976   10.12501  309.18002   15.91133 1.1034e-01     0.1569  0.6038305 0.0000e+00
        365 184.563911    0.02525     1.5147     90.880     33.314  49283.858    30.6997     5.9438     33.000     5.7841    24.1620     6.9719     9.9621     97.874    304.011    311.363   -0.02270    7.12366   10.17352  310.63071   15.98025 1.0270e-01     0.1419  0.5908138 0.0000e+00
        367 184.563918    0.02543     1.5255     91.527     34.323  49434.133    30.7643     5.7424     34.000     5.5948    24.2364     6.9386     9.9100     97.002    302.542    309.879   -0.02306    7.15346   10.21754  311.90939   16.04287 9.6314e-02     0.1334  0.5797063 0.0000e+00
        370 184.563926    0.02560     1.5362     92.174     35.333  49570.867    30.8215     5.5557     35.000     5.4181    24.3030     6.9016     9.8545     96.102    300.911    308.227   -0.02349    7.18188   10.25882  313.12956   16.10164 9.0798e-02     0.1359  0.5822089 0.0000e+00
        372 184.563933    0.02578     1.5470     92.820     36.343  49699.490    30.8751     5.3834     36.000     5.2568    24.3646     6.8587     9.7930     95.154    299.018    306.307   -0.02403    7.20830   10.29717  314.26160   16.15625 8.6129e-02     0.1380  0.6006550 0.0000e+00
        375 184.563941    0.02596     1.5578     93.466     37.352  49812.723    30.9202     5.2252     37.000     5.1048    24.4176     6.8141     9.7271     94.219    297.061    304.317   -0.02448    7.23250   10.33295  315.30184   16.20725 8.2217e-02     0.1377  0.6161485 0.0000e+00
        377 184.563948    0.02614     1.5685     94.112     38.362  49920.818    30.9625     5.0737     38.000     4.9597    24.4676     6.7644     9.6555     93.228    294.881    302.099   -0.02501    7.25608   10.36744  316.31449   16.25641 7.8839e-02     0.1375  0.6239079 0.0000e+00
        380 184.563955    0.02632     1.5792     94.754     39.372  50017.844    30.9984     4.9312     39.000     4.8186    24.5113     6.7085     9.5770     92.173    292.435    299.604   -0.02573    7.27854   10.40040  317.28167   16.30347 7.5997e-02     0.1370  0.6209064 0.0000e+00
        383 184.563963    0.02650     1.5899     95.390     40.381  50112.110    31.0326     4.7915     40.000     4.6811    24.5530     6.6509     9.4945     91.085    289.911    297.029   -0.02653    7.30220   10.43295  318.30153   16.34996 7.3544e-02     0.1353  0.6367193 0.0000e+00
        385 184.563970    0.02668     1.6004     96.024     41.391  50215.246    31.0735     4.6572     41.000     4.5595    24.5993     6.5883     9.4059     89.952    287.170    294.236   -0.02734    7.32466   10.46383  319.26275   16.39393 7.1456e-02     0.1310  0.6667619 0.0000e+00
        388 184.563978    0.02685     1.6108     96.650     42.400  50304.289    31.1079     4.5394     42.000     4.4484    24.6386     6.5174     9.3119     88.779    284.065    291.067   -0.02828    7.34150   10.49118  319.98265   16.43288 6.9653e-02     0.1316  0.6634326 0.0000e+00
        390 184.563984    0.02701     1.6210     97.258     43.410  50367.486    31.1263     4.4309     43.000     4.3313    24.6640     6.4440     9.2183     87.585    280.861    287.789   -0.02923    7.35772   10.51746  320.68601   16.47056 6.8130e-02     0.1394  0.6569343 0.0000e+00
        393 184.563992    0.02719     1.6313     97.878     44.420  50436.097    31.1453     4.3102     44.000     4.2039    24.6910     6.3766     9.1287     86.410    277.919    284.778   -0.03003    7.37975   10.54696  321.64164   16.51286 6.6836e-02     0.1414  0.6582826 0.0000e+00
        395 184.563999    0.02737     1.6421     98.524     45.430  50529.818    31.1783     4.1776     45.000     4.0792    24.7302     6.3266     9.0486     85.441    275.730    282.548   -0.02999    7.40500   10.57862  322.72640   16.55806 6.5715e-02     0.1343  0.6702362 0.0000e+00
        398 184.564007    0.02755     1.6531     99.185     46.439  50622.442    31.2122     4.0542     46.000     3.9675    24.7690     6.2900     8.9737     84.690    274.120    280.910   -0.02906    7.42727   10.60800  323.68358   16.59995 6.4614e-02     0.1325  0.6924695 0.0000e+00
        400 184.564014    0.02774     1.6642     99.852     47.449  50711.506    31.2464     3.9436     47.000     3.8729    24.8067     6.2441     8.8890     83.851    272.108    278.860   -0.02843    7.44685   10.63415  324.52280   16.63716 6.3586e-02     0.1225  0.7238842 0.0000e+00
        403 184.564022    0.02793     1.6754    100.522     48.459  50787.028    31.2765     3.8557     48.000     3.8016    24.8389     6.1685     8.7785     82.678    268.806    275.486   -0.02888    7.46112   10.65481  325.13388   16.66650 6.2675e-02     0.1146  0.7566185 0.0000e+00
        406 184.564030    0.02811     1.6866    101.194     49.469  50843.730    31.2990     3.7908     49.000     3.7498    24.8629     6.0606     8.6396     81.130    264.098    270.668   -0.03051    7.47048   10.67008  325.53412   16.68820 6.1879e-02     0.1211  0.7780542 0.0000e+00
        408 184.564037    0.02829     1.6978    101.866     50.477  50885.136    31.3147     3.7407     50.000     3.7079    24.8800     5.9369     8.4868     79.403    258.703    265.141   -0.03261    7.47705   10.68202  325.81567   16.70519 6.1176e-02     0.1222  0.7912751 0.0000e+00
        411 184.564045    0.02848     1.7090    102.539     51.487  50913.357    31.3238     3.7014     51.000     3.6715    24.8909     5.8132     8.3340     77.698    253.311    259.617   -0.03447    7.48190   10.69165  326.02479   16.71894 6.0553e-02     0.1261  0.8036937 0.0000e+00
        414 184.564054    0.02867     1.7202    103.212     52.497  50933.070    31.3278     3.6650     52.000     3.6318    24.8973     5.7128     8.2020     76.308    248.936    255.135   -0.03518    7.48667   10.70089  326.23179   16.73222 5.9996e-02     0.1339  0.8178366 0.0000e+00
        417 184.564062    0.02886     1.7314    103.884     53.507  50950.837    31.3293     3.6241     53.000     3.5838    24.9023     5.6419     8.0952     75.292    245.849    251.970   -0.03462    7.49362   10.71156  326.53509   16.74760 5.9497e-02     0.1357  0.8336775 0.0000e+00
        419 184.564069    0.02905     1.7427    104.563     54.517  50978.721    31.3350     3.5730     54.000     3.5294    24.9114     5.5950     8.0116     74.558    243.801    249.873   -0.03308    7.50428   10.72461  326.99751   16.76635 5.9071e-02     0.1314  0.8654986 0.0000e+00
        422 184.564077    0.02924     1.7544    105.265     55.527  51019.471    31.3483     3.5171     55.000     3.4785    24.9270     5.5532     7.9352     73.887    241.975    248.007   -0.03138    7.51594   10.73839  327.49866   16.78603 5.8719e-02     0.1333  0.9245624 0.0000e+00
