CTD-processing/allCTD/CNV/2012_10-28_t7_s04_cast042_4141.cnv
* Sea-Bird SBE19plus Data File:
* FileName = C:\Documents and Settings\kris.holderied.local\My Documents\2012-CTD-DATA-new-files\2012-10-CookInlet-Ocean-LTM\2012-10-28-and-29-EVOSTC-CookInletOcean-Tran7-Augustine\2012-10-28-and-29-CookInletOcean-Tran7-cast042.hex
* Software Version 1.54
* Temperature SN =  4141
* Conductivity SN =  4141
* System UpLoad Time = Oct 29 2012 03:38:59
** Cook Inlet EVOSTC Transect 7 Augustine line east to west
** Date:   28-29 Oct 2012
** Station:  7-04
** Start time (AKDT-24 hr): 0149
** Depth (m): 53
** Comment:Drifting North about 1.8knots aft ceeo sample only et 40m since depth was just over 50m. Flow m start 098468 end 103185
# nquan = 27
# nvalues = 48                          
# units = specified
# name 0 = scan: Scan Count
# name 1 = timeJ: Julian Days
# name 2 = timeH: Time, Elapsed [hours]
# name 3 = timeM: Time, Elapsed [minutes]
# name 4 = timeS: Time, Elapsed [seconds]
# name 5 = prdM: Pressure, Strain Gauge [db]
# name 6 = specc: Specific Conductance [uS/cm]
# name 7 = sal00: Salinity, Practical [PSU]
# name 8 = tv290C: Temperature [ITS-90, deg C]
# name 9 = depSM: Depth [salt water, m], lat = 59.00
# name 10 = potemp090C: Potential Temperature [ITS-90, deg C]
# name 11 = sigma-é00: Density [sigma-theta, kg/m^3]
# name 12 = sbeox0ML/L: Oxygen, SBE 43 [ml/l]
# name 13 = sbeox0Mg/L: Oxygen, SBE 43 [mg/l]
# name 14 = sbeox0PS: Oxygen, SBE 43 [% saturation]
# name 15 = sbox0Mm/Kg: Oxygen, SBE 43 [umol/kg]
# name 16 = sbeox0Mm/L: Oxygen, SBE 43 [umol/l]
# name 17 = sbox0dV/dT: Oxygen, SBE 43 [dov/dt]
# name 18 = oxsolML/L: Oxygen Saturation, Garcia & Gordon [ml/l]
# name 19 = oxsolMg/L: Oxygen Saturation, Garcia & Gordon [mg/l]
# name 20 = oxsolMm/Kg: Oxygen Saturation, Garcia & Gordon [umol/kg]
# name 21 = n2satMg/L: Nitrogen Saturation [mg/l]
# name 22 = par: PAR/Irradiance, Biospherical/Licor
# name 23 = wetStar: Fluorescence, WET Labs WETstar [mg/m^3]
# name 24 = CStarAt0: Beam Attenuation, WET Labs C-Star [1/m]
# name 25 = CStarTr0: Beam Transmission, WET Labs C-Star [%]
# name 26 = flag: flag
# span 0 =         86,        664       
# span 1 = 303.076311, 303.077981       
# span 2 =    0.00591,    0.04601       
# span 3 =     0.3544,     2.7606       
# span 4 =     21.266,    165.632       
# span 5 =      1.007,     48.423       
# span 6 =  45756.415,  49060.226       
# span 7 =    28.4351,    30.8816       
# span 8 =     6.5396,     7.9255       
# span 9 =      1.000,     48.000       
# span 10 =     6.6595,     7.9215      
# span 11 =    22.2811,    24.0532      
# span 12 =     5.7818,     6.4619      
# span 13 =     8.2628,     9.2347      
# span 14 =     83.190,     90.695      
# span 15 =    252.150,    282.289      
# span 16 =    258.215,    288.587      
# span 17 =   -0.00982,    0.00873      
# span 18 =    6.79126,    7.12497      
# span 19 =    9.70539,   10.18230      
# span 20 =  296.17572,  311.25759      
# span 21 =   15.30010,   16.02928      
# span 22 = 3.5876e-02, 8.1551e-01      
# span 23 =     0.2245,     1.0209      
# span 24 =     0.2887,     2.0302      
# span 25 =    66.5279,    93.0369      
# span 26 = 0.0000e+00, 0.0000e+00      
# interval = meters: 1                  
# start_time = Oct 29 2012 01:49:32 [Instrument's time stamp, header]
# bad_flag = -9.990e-29
*END*
         86 303.076311    0.00591     0.3544     21.266      1.007  45818.609    28.4454     6.5396      1.000     6.6595    22.3157     6.4619     9.2347     90.695    282.289    288.587    0.00873    7.12497   10.18230  311.25759   16.02928 3.5401e-01     0.2245     2.0302    66.5279 0.0000e+00
        292 303.076908    0.02024     1.2143     72.860      2.012  45756.415    28.4351     6.7635      2.000     6.7695    22.2811     5.8955     8.4253     83.190    257.557    263.295   -0.00818    7.08785   10.12924  309.64391   15.95247 8.1551e-01     0.7278     0.7704    81.6871 0.0000e+00
        411 303.077251    0.02847     1.7080    102.482      3.029  45838.831    28.4999     6.8167      3.000     6.8410    22.3257     6.3150     9.0247     89.244    275.867    282.026    0.00050    7.07605   10.11239  309.11538   15.92702 1.9708e-01     0.6089     0.8628    80.5977 0.0000e+00
        418 303.077271    0.02895     1.7368    104.208      4.040  46205.093    28.7789     6.9937      4.000     7.0825    22.5233     6.3017     9.0056     89.588    275.232    281.431    0.00268    7.03404   10.05234  307.22048   15.83556 2.1804e-01     0.6446     0.8529    80.7977 0.0000e+00
        424 303.077290    0.02941     1.7644    105.866      5.046  46272.046    28.8654     7.2559      5.000     7.2982    22.5583     6.2669     8.9560     89.687    273.704    279.879    0.00248    6.98744    9.98574  305.17458   15.73768 1.1366e-01     0.6180     0.7639    82.6190 0.0000e+00
        431 303.077310    0.02989     1.7936    107.616      6.059  46263.207    28.8707     7.3330      6.000     7.3504    22.5526     6.1630     8.8075     88.361    269.167    275.238   -0.00982    6.97475    9.96762  304.62233   15.71134 8.4150e-02     0.6000     0.7393    83.1257 0.0000e+00
        437 303.077327    0.03030     1.8178    109.067      7.063  46318.180    28.9166     7.3888      7.000     7.3983    22.5816     6.1484     8.7867     88.292    268.524    274.588   -0.00661    6.96366    9.95177  304.12959   15.68765 6.6131e-02     0.5933     0.7032    83.8793 0.0000e+00
        444 303.077348    0.03079     1.8478    110.869      8.084  46333.156    28.9300     7.4117      8.000     7.4139    22.5892     6.1378     8.7716     88.194    268.058    274.114   -0.00398    6.95938    9.94565  303.94004   15.67856 4.7453e-02     0.5628     0.6677    84.6254 0.0000e+00
        449 303.077361    0.03110     1.8663    111.976      9.082  46393.751    28.9733     7.4244      9.000     7.4354    22.6215     6.1327     8.7642     88.172    267.827    273.885   -0.00298    6.95539    9.93994  303.75617   15.66962 5.0759e-02     0.5134     0.6775    84.4209 0.0000e+00
        455 303.077379    0.03154     1.8923    113.538     10.095  46476.554    29.0337     7.4488     10.000     7.4489    22.6657     6.1215     8.7483     88.096    267.327    273.386   -0.00236    6.94871    9.93041  303.45155   15.65484 4.2963e-02     0.5101     0.6472    85.0620 0.0000e+00
        462 303.077398    0.03198     1.9190    115.141     11.121  46522.153    29.0645     7.4476     11.000     7.4456    22.6902     6.1157     8.7400     88.028    267.069    273.128   -0.00194    6.94751    9.92869  303.39190   15.65186 3.8667e-02     0.5117     0.6606    84.7757 0.0000e+00
        465 303.077407    0.03221     1.9326    115.957     12.099  46519.662    29.0609     7.4380     12.000     7.4201    22.6886     6.1076     8.7284     87.890    266.716    272.767   -0.00255    6.94921    9.93111  303.46623   15.65542 3.8948e-02     0.5368     0.6813    84.3385 0.0000e+00
        472 303.077428    0.03272     1.9633    117.798     13.136  46549.271    29.0720     7.3792     13.000     7.3671    22.7049     6.1290     8.7589     88.084    267.644    273.720    0.00002    6.95813    9.94386  303.85108   15.67372 3.5876e-02     0.5839     0.6804    84.3578 0.0000e+00
        476 303.077440    0.03302     1.9807    118.844     14.132  46583.981    29.0915     7.3533     14.000     7.3421    22.7236     6.1468     8.7844     88.298    268.416    274.515    0.00176    6.96139    9.94852  303.98809   15.68018 3.6382e-02     0.6520     0.7137    83.6586 0.0000e+00
        481 303.077455    0.03336     2.0015    120.089     15.140  46701.999    29.1714     7.3466     15.000     7.3468    22.7872     6.1594     8.8024     88.512    268.951    275.079    0.00281    6.95884    9.94488  303.85769   15.67362 3.6382e-02     0.6778     0.6977    83.9940 0.0000e+00
        488 303.077473    0.03379     2.0272    121.633     16.152  46867.678    29.2868     7.3560     16.000     7.3652    22.8766     6.1732     8.8222     88.798    269.531    275.697    0.00412    6.95205    9.93517  303.53471   15.65774 3.6382e-02     0.6437     0.6692    84.5939 0.0000e+00
        494 303.077490    0.03421     2.0523    123.139     17.165  47150.003    29.4891     7.4064     17.000     7.4295    23.0290     6.1619     8.8060     88.855    268.996    275.191    0.00252    6.93480    9.91051  302.73617   15.61882 3.6382e-02     0.7750     0.6095    85.8666 0.0000e+00
        498 303.077504    0.03454     2.0729    124.372     18.180  47360.261    29.6435     7.4670     18.000     7.4871    23.1423     6.1607     8.8043     89.052    268.914    275.138    0.00302    6.91813    9.88670  301.97521   15.58189 3.6382e-02     0.8974     0.5632    86.8651 0.0000e+00
        502 303.077513    0.03476     2.0856    125.135     19.166  47437.615    29.7008     7.4937     19.000     7.5037    23.1838     6.1587     8.8014     89.111    268.815    275.048    0.00307    6.91130    9.87695  301.66501   15.56686 3.6382e-02     0.7734     0.5272    87.6512 0.0000e+00
        507 303.077528    0.03513     2.1076    126.458     20.193  47525.998    29.7662     7.5235     20.000     7.5310    23.2312     6.1428     8.7786     88.979    268.107    274.335    0.00065    6.90360    9.86593  301.31493   15.54989 3.6382e-02     0.7855     0.4907    88.4553 0.0000e+00
        511 303.077542    0.03545     2.1265    127.593     21.206  47645.155    29.8516     7.5451     21.000     7.5587    23.2954     6.1302     8.7606     88.891    267.542    273.774   -0.00055    6.89633    9.85554  300.97866   15.53349 3.6382e-02     0.8276     0.4666    88.9889 0.0000e+00
        515 303.077552    0.03569     2.1417    128.500     22.200  47808.882    29.9700     7.5797     22.000     7.6043    23.3837     6.1241     8.7519     88.941    267.252    273.502   -0.00015    6.88552    9.84010  300.48116   15.50927 3.6382e-02     0.7627     0.4488    89.3858 0.0000e+00
        520 303.077567    0.03605     2.1633    129.799     23.222  47911.128    30.0502     7.6422     23.000     7.6555    23.4383     6.1247     8.7528     89.124    267.266    273.530    0.00133    6.87207    9.82088  299.87812   15.48017 3.6382e-02     0.8114     0.4118    90.2168 0.0000e+00
        525 303.077580    0.03638     2.1825    130.950     24.232  48021.217    30.1323     7.6819     24.000     7.7041    23.4974     6.1161     8.7405     89.128    266.875    273.145    0.00112    6.86216    9.80671  299.42829   15.45837 3.6382e-02     0.8413     0.3792    90.9539 0.0000e+00
        529 303.077592    0.03665     2.1987    131.920     25.226  48085.895    30.1836     7.7265     25.000     7.7407    23.5317     6.1102     8.7322     89.163    266.611    272.885    0.00062    6.85286    9.79342  299.01241   15.43832 3.6382e-02     0.9260     0.3633    91.3178 0.0000e+00
        535 303.077611    0.03710     2.2262    133.574     26.261  48187.905    30.2600     7.7650     26.000     7.7691    23.5864     6.1106     8.7328     89.293    266.613    272.901    0.00158    6.84340    9.77990  298.58383   15.41755 3.6382e-02     0.9221     0.3353    91.9596 0.0000e+00
        539 303.077623    0.03738     2.2431    134.588     27.246  48298.687    30.3394     7.7838     27.000     7.7912    23.6462     6.0961     8.7120     89.165    265.964    272.253   -0.00033    6.83693    9.77066  298.28413   15.40293 3.6382e-02     1.0209     0.3142    92.4476 0.0000e+00
        545 303.077640    0.03781     2.2682    136.092     28.278  48329.040    30.3633     7.8047     28.000     7.8054    23.6621     6.0734     8.6795     88.889    264.970    271.240   -0.00240    6.83259    9.76446  298.09013   15.39357 3.6382e-02     0.9188     0.2980    92.8200 0.0000e+00
        549 303.077651    0.03807     2.2843    137.060     29.273  48383.789    30.4023     7.8131     29.000     7.8186    23.6915     6.0532     8.6505     88.631    264.077    270.334   -0.00424    6.82956    9.76013  297.94942   15.38669 3.6382e-02     0.9984     0.2940    92.9140 0.0000e+00
        553 303.077663    0.03836     2.3019    138.114     30.277  48524.935    30.5035     7.8358     30.000     7.8439    23.7678     6.0421     8.6347     88.574    263.575    269.840   -0.00366    6.82152    9.74863  297.57627   15.36848 3.6382e-02     0.6921     0.2887    93.0369 0.0000e+00
        561 303.077684    0.03887     2.3320    139.918     31.301  48614.818    30.5700     7.8644     31.000     7.8652    23.8161     6.0199     8.6031     88.346    262.597    268.852   -0.00352    6.81411    9.73805  297.23925   15.35212 3.6382e-02     0.8232     0.2919    92.9620 0.0000e+00
        566 303.077699    0.03923     2.3533    141.199     32.293  48701.816    30.6319     7.8760     32.000     7.8787    23.8630     6.0022     8.5777     88.143    261.809    268.056   -0.00415    6.80956    9.73153  297.02676   15.34172 3.6382e-02     0.9398     0.3149    92.4293 0.0000e+00
        576 303.077729    0.03992     2.3953    143.716     33.346  48771.641    30.6823     7.8906     33.000     7.8918    23.9006     5.9436     8.4940     87.341    259.246    265.442   -0.00749    6.80505    9.72511  296.81964   15.33163 3.6382e-02     0.6264     0.3425    91.7931 0.0000e+00
        578 303.077734    0.04007     2.4041    144.248     34.307  48849.560    30.7372     7.8973     34.000     7.9017    23.9427     5.9350     8.4817     87.260    258.861    265.058   -0.00767    6.80158    9.72013  296.65571   15.32358 3.6382e-02     0.7125     0.3698    91.1695 0.0000e+00
        583 303.077749    0.04042     2.4252    145.511     35.334  48873.805    30.7556     7.9100     35.000     7.9083    23.9554     5.9313     8.4763     87.240    258.692    264.890   -0.00478    6.79881    9.71618  296.53124   15.31756 3.6382e-02     0.7710     0.3919    90.6652 0.0000e+00
        588 303.077763    0.04076     2.4458    146.748     36.338  48913.082    30.7832     7.9141     36.000     7.9136    23.9765     5.8999     8.4315     86.802    257.318    263.488   -0.00692    6.79694    9.71351  296.44386   15.31327 3.6382e-02     0.7807     0.4105    90.2463 0.0000e+00
        594 303.077779    0.04115     2.4690    148.140     37.350  48932.191    30.7969     7.9197     37.000     7.9172    23.9865     5.8712     8.3906     86.399    256.066    262.209   -0.00752    6.79548    9.71141  296.37690   15.31002 3.6382e-02     0.7186     0.4162    90.1179 0.0000e+00
        600 303.077799    0.04163     2.4975    149.852     38.362  48956.198    30.8137     7.9229     38.000     7.9205    23.9992     5.8424     8.3493     85.990    254.804    260.919   -0.00740    6.79423    9.70963  296.31879   15.30718 3.6382e-02     0.8030     0.4212    90.0056 0.0000e+00
        607 303.077817    0.04206     2.5240    151.439     39.376  48981.223    30.8311     7.9252     39.000     7.9213    24.0126     5.8412     8.3476     85.987    254.748    260.866   -0.00399    6.79310    9.70803  296.26590   15.30458 3.6382e-02     0.6039     0.4476    89.4145 0.0000e+00
        612 303.077833    0.04245     2.5467    152.803     40.378  48990.763    30.8372     7.9246     40.000     7.9208    24.0174     5.8390     8.3445     85.958    254.654    260.770   -0.00268    6.79293    9.70777  296.25677   15.30412 3.6382e-02     0.6385     0.4576    89.1913 0.0000e+00
        618 303.077850    0.04286     2.5713    154.280     41.394  49013.630    30.8528     7.9250     41.000     7.9215    24.0296     5.8300     8.3317     85.834    254.259    260.368   -0.00267    6.79219    9.70671  296.22087   15.30235 3.6382e-02     0.6338     0.4726    88.8549 0.0000e+00
        624 303.077867    0.04325     2.5952    155.713     42.402  49039.615    30.8705     7.9255     42.000     7.9213    24.0435     5.8250     8.3245     85.771    254.036    260.144   -0.00211    6.79132    9.70547  296.17903   15.30028 3.6382e-02     0.6490     0.4903    88.4650 0.0000e+00
        630 303.077884    0.04365     2.6190    157.142     43.405  49045.920    30.8743     7.9248     43.000     7.9196    24.0466     5.8063     8.2978     85.497    253.219    259.309   -0.00359    6.79126    9.70539  296.17572   15.30010 3.6382e-02     0.6213     0.5113    88.0014 0.0000e+00
        637 303.077904    0.04414     2.6482    158.894     44.419  49053.533    30.8787     7.9211     44.000     7.9165    24.0505     5.7924     8.2779     85.287    252.612    258.688   -0.00366    6.79164    9.70593  296.19094   15.30081 3.6382e-02     0.5880     0.5227    87.7511 0.0000e+00
        645 303.077928    0.04472     2.6837    161.022     45.437  49058.147    30.8811     7.9192     45.000     7.9144    24.0527     5.7835     8.2653     85.154    252.227    258.294   -0.00256    6.79181    9.70618  296.19806   15.30114 3.6382e-02     0.5513     0.5398    87.3768 0.0000e+00
        650 303.077943    0.04508     2.7050    162.299     46.429  49059.659    30.8816     7.9184     46.000     7.9150    24.0532     5.7818     8.2628     85.128    252.150    258.215   -0.00211    6.79192    9.70634  296.20267   15.30136 3.6382e-02     0.5435     0.5658    86.8100 0.0000e+00
        659 303.077970    0.04571     2.7425    164.548     47.459  49056.427    30.8792     7.9206     47.000     7.9148    24.0511     5.7899     8.2744     85.250    252.503    258.576   -0.00021    6.79169    9.70599  296.19288   15.30090 3.6382e-02     0.5913     0.5430    87.3078 0.0000e+00
        664 303.077981    0.04601     2.7606    165.632     48.423  49060.226    30.8810     7.9174     48.000     7.9106    24.0529     5.7951     8.2818     85.321    252.730    258.809    0.00016    6.79208    9.70656  296.20966   15.30171 3.6382e-02     0.7061     0.5947    86.1820 0.0000e+00
