CTD-processing/allCTD/CNV/2012_08-26_t9_s05_cast040_5028.cnv
* Sea-Bird SBE19plus Data File:
* FileName = C:\Documents and Settings\kris.holderied.local\My Documents\2012-CTD-DATA-new-files\2012-08-26-CTD-HomerSpit\2012-08-26-KBay-HomerSpitLine-cast040.hex
* Software Version 1.54
* Temperature SN =  5028
* Conductivity SN =  5028
* System UpLoad Time = Aug 26 2012 13:54:02
** Kachemak Bay Homer Spit CTD Mckeon Flat to Spit
** Date:  2012-08-26
** Station: 9-05
** Start time (AKDT-24 hr): 1129
** Depth (ft): 314
** Comment:None
# nquan = 26
# nvalues = 53                          
# units = specified
# name 0 = scan: Scan Count
# name 1 = timeJ: Julian Days
# name 2 = timeH: Time, Elapsed [hours]
# name 3 = timeM: Time, Elapsed [minutes]
# name 4 = timeS: Time, Elapsed [seconds]
# name 5 = prdM: Pressure, Strain Gauge [db]
# name 6 = specc: Specific Conductance [uS/cm]
# name 7 = sal00: Salinity, Practical [PSU]
# name 8 = tv290C: Temperature [ITS-90, deg C]
# name 9 = depSM: Depth [salt water, m], lat = 59.00
# name 10 = potemp090C: Potential Temperature [ITS-90, deg C]
# name 11 = sigma-é00: Density [sigma-theta, kg/m^3]
# name 12 = sbeox0ML/L: Oxygen, SBE 43 [ml/l]
# name 13 = sbeox0Mg/L: Oxygen, SBE 43 [mg/l]
# name 14 = sbeox0PS: Oxygen, SBE 43 [% saturation]
# name 15 = sbox0Mm/Kg: Oxygen, SBE 43 [umol/kg]
# name 16 = sbeox0Mm/L: Oxygen, SBE 43 [umol/l]
# name 17 = sbox0dV/dT: Oxygen, SBE 43 [dov/dt]
# name 18 = oxsolML/L: Oxygen Saturation, Garcia & Gordon [ml/l]
# name 19 = oxsolMg/L: Oxygen Saturation, Garcia & Gordon [mg/l]
# name 20 = oxsolMm/Kg: Oxygen Saturation, Garcia & Gordon [umol/kg]
# name 21 = n2satMg/L: Nitrogen Saturation [mg/l]
# name 22 = par: PAR/Irradiance, Biospherical/Licor [umol photons/m^2/sec]
# name 23 = flECO-AFL: Fluorescence, WET Labs ECO-AFL/FL [mg/m^3]
# name 24 = upoly0: Upoly 0, ECO-FLNTUS
# name 25 = flag: flag
# span 0 =        238,        454       
# span 1 = 239.478997, 239.479620       
# span 2 =    0.01649,    0.03143       
# span 3 =     0.9890,     1.8856       
# span 4 =     59.339,    113.137       
# span 5 =      1.010,     53.507       
# span 6 =  41936.844,  48991.515       
# span 7 =    26.3734,    31.0183       
# span 8 =     9.1990,    11.5772       
# span 9 =      1.000,     53.000       
# span 10 =     9.1932,    11.5645      
# span 11 =    19.9722,    23.9723      
# span 12 =     5.4151,     6.7791      
# span 13 =     7.9366,     9.4840      
# span 14 =     84.000,    105.247      
# span 15 =    237.145,    296.263      
# span 16 =    241.835,    302.756      
# span 17 =   -0.02723,    0.05814      
# span 18 =    6.42762,    6.59355      
# span 19 =    9.19367,    9.42267      
# span 20 =  281.13807,  287.57392      
# span 21 =   14.60608,   14.88841      
# span 22 = 8.9349e-02, 4.9102e+01      
# span 23 =     0.1481,     3.6425      
# span 24 =  0.3779232,  3.4153650      
# span 25 = 0.0000e+00, 0.0000e+00      
# interval = meters: 1                  
# start_time = Aug 26 2012 11:28:46 [Instrument's time stamp, header]
# bad_flag = -9.990e-29
*END*
        238 239.478997    0.01649     0.9890     59.339      1.010  41936.844    26.3734    11.5772      1.000    11.5645    19.9722     5.4151     7.9366     84.000    237.145    241.835   -0.00860    6.44617    9.21449  282.28927   14.65631 4.9102e+01     2.5341  3.4153650 0.0000e+00
        247 239.479023    0.01710     1.0262     61.569      2.019  43879.506    27.7000    11.2928      2.000    11.1921    21.0493     6.1553     8.8077     95.759    269.219    274.896    0.03356    6.42762    9.19367  281.13807   14.60608 3.1156e+01     3.1703  2.0817335 0.0000e+00
        254 239.479043    0.01759     1.0553     63.317      3.028  45289.344    28.6510    10.9491      3.000    10.8662    21.8454     6.7791     9.4840    105.247    296.263    302.756    0.05814    6.44108    9.20650  281.49040   14.61048 2.0577e+01     3.6425  1.2404151 0.0000e+00
        261 239.479062    0.01805     1.0830     64.978      4.038  46198.602    29.2588    10.6775      4.000    10.5741    22.3631     6.6432     9.3896    102.980    290.203    296.685    0.03112    6.45127    9.22518  281.81664   14.62849 1.5636e+01     2.9724  0.8677180 0.0000e+00
        267 239.479080    0.01848     1.1088     66.528      5.047  47082.527    29.8401    10.3342      5.000    10.2344    22.8720     6.2337     8.9188     96.201    272.164    278.398   -0.00356    6.48040    9.26005  282.93148   14.67037 1.3155e+01     1.3140  0.6885216 0.0000e+00
        273 239.479097    0.01890     1.1337     68.021      6.056  47728.880    30.2614    10.0587      6.000     9.9720    23.2451     5.9207     8.5115     91.067    258.402    264.418   -0.02222    6.50176    9.29089  283.76127   14.70879 1.1397e+01     0.7518  0.5962981 0.0000e+00
        279 239.479113    0.01928     1.1567     69.401      7.067  48132.949    30.5209     9.8603      7.000     9.8199    23.4793     5.7527     8.2752     88.196    251.010    256.917   -0.02723    6.52276    9.31585  284.60847   14.74110 1.0027e+01     0.5366  0.4936618 0.0000e+00
        284 239.479128    0.01963     1.1780     70.681      8.076  48283.191    30.6169     9.7859      8.000     9.7714    23.5661     5.6991     8.1808     87.298    248.657    254.521   -0.02409    6.52831    9.32533  284.83676   14.75340 8.8551e+00     0.4657  0.4429723 0.0000e+00
        289 239.479142    0.01997     1.1981     71.887      9.086  48374.285    30.6778     9.7632      9.000     9.7661    23.6172     5.6956     8.1610     87.240    248.496    254.366   -0.01869    6.52868    9.32631  284.84187   14.75391 7.8027e+00     0.4492  0.4283011 0.0000e+00
        293 239.479156    0.02030     1.2178     73.067     10.095  48446.590    30.7306     9.7822     10.000     9.7938    23.6555     5.7167     8.1852     87.669    249.403    255.306   -0.01288    6.52076    9.31925  284.48406   14.74287 6.9089e+00     0.4182  0.4246472 0.0000e+00
        299 239.479171    0.02067     1.2402     74.415     11.104  48478.334    30.7555     9.8053     11.000     9.8055    23.6712     5.7713     8.2460     88.576    251.787    257.747   -0.00618    6.51564    9.31302  284.26037   14.73348 6.1395e+00     0.3911  0.4116824 0.0000e+00
        303 239.479184    0.02098     1.2590     75.537     12.114  48514.692    30.7807     9.8064     12.000     9.8067    23.6908     5.7976     8.2908     88.980    252.931    258.923   -0.00335    6.51570    9.31129  284.25704   14.73059 5.4483e+00     0.3688  0.3850319 0.0000e+00
        307 239.479196    0.02126     1.2757     76.543     13.123  48552.444    30.8074     9.8108     13.000     9.8112    23.7109     5.8360     8.3398     89.602    254.596    260.634   -0.00036    6.51325    9.30881  284.14356   14.72659 4.8453e+00     0.3505  0.3848248 0.0000e+00
        311 239.479208    0.02155     1.2928     77.565     14.133  48578.999    30.8259     9.8123     14.000     9.8079    23.7251     5.8766     8.3896     90.242    256.367    262.449    0.00223    6.51205    9.30739  284.08837   14.72425 4.3140e+00     0.3359  0.3779232 0.0000e+00
        316 239.479221    0.02184     1.3106     78.634     15.143  48612.824    30.8483     9.8049     15.000     9.7985    23.7438     5.9024     8.4274     90.632    257.488    263.602    0.00327    6.51256    9.30757  284.10514   14.72418 3.8439e+00     0.3203  0.3845899 0.0000e+00
        320 239.479233    0.02215     1.3289     79.735     16.152  48648.127    30.8713     9.7936     16.000     9.7846    23.7635     5.9173     8.4527     90.857    258.131    264.266    0.00340    6.51274    9.30850  284.10687   14.72517 3.4350e+00     0.3194  0.3825311 0.0000e+00
        324 239.479246    0.02246     1.3479     80.871     17.161  48674.665    30.8871     9.7744     17.000     9.7613    23.7789     5.9300     8.4735     91.018    258.681    264.832    0.00321    6.51515    9.31149  284.20835   14.72927 3.0716e+00     0.2843  0.3850488 0.0000e+00
        329 239.479259    0.02278     1.3669     82.013     18.171  48701.143    30.9021     9.7491     18.000     9.7367    23.7947     5.9404     8.4927     91.129    259.129    265.295    0.00286    6.51857    9.31577  284.35268   14.73525 2.7500e+00     0.2862  0.3865067 0.0000e+00
        333 239.479272    0.02309     1.3852     83.109     19.180  48721.169    30.9128     9.7262     19.000     9.7125    23.8067     5.9602     8.5176     91.399    259.994    266.184    0.00318    6.52108    9.31983  284.45937   14.74098 2.4628e+00     0.2901  0.3996903 0.0000e+00
        337 239.479284    0.02336     1.4020     84.118     20.190  48737.294    30.9205     9.7013     20.000     9.6854    23.8167     5.9778     8.5406     91.620    260.759    266.969    0.00341    6.52456    9.32447  284.60895   14.74758 2.2037e+00     0.2715  0.4069931 0.0000e+00
        341 239.479294    0.02362     1.4172     85.034     21.199  48754.287    30.9288     9.6765     21.000     9.6621    23.8272     5.9866     8.5572     91.702    261.140    267.362    0.00302    6.52833    9.32908  284.76989   14.75414 1.9663e+00     0.2396  0.4169457 0.0000e+00
        345 239.479305    0.02387     1.4319     85.915     22.208  48770.308    30.9370     9.6563     22.000     9.6440    23.8368     6.0003     8.5760     91.878    261.734    267.974    0.00309    6.53073    9.33272  284.87159   14.75929 1.7531e+00     0.2237  0.4388340 0.0000e+00
        348 239.479314    0.02411     1.4465     86.788     23.218  48782.970    30.9433     9.6393     23.000     9.6265    23.8444     6.0147     8.5955     92.076    262.361    268.618    0.00328    6.53238    9.33585  284.94160   14.76373 1.5638e+00     0.2343  0.4635743 0.0000e+00
        352 239.479325    0.02436     1.4614     87.686     24.228  48793.765    30.9479     9.6198     24.000     9.6043    23.8512     6.0296     8.6154     92.272    263.010    269.283    0.00340    6.53465    9.33959  285.03849   14.76908 1.4035e+00     0.2570  0.4747738 0.0000e+00
        356 239.479336    0.02462     1.4772     88.634     25.238  48802.192    30.9501     9.5940     25.000     9.5753    23.8569     6.0456     8.6348     92.465    263.704    269.996    0.00346    6.53825    9.34476  285.19449   14.77655 1.2647e+00     0.2547  0.4637359 0.0000e+00
        359 239.479347    0.02488     1.4930     89.578     26.247  48811.498    30.9520     9.5620     26.000     9.5412    23.8635     6.0550     8.6476     92.534    264.114    270.416    0.00307    6.54353    9.35125  285.42397   14.78592 1.1381e+00     0.2325  0.4892586 0.0000e+00
        363 239.479358    0.02514     1.5084     90.502     27.257  48831.374    30.9613     9.5297     27.000     9.5119    23.8759     6.0554     8.6527     92.475    264.127    270.434    0.00222    6.54817    9.35738  285.62092   14.79466 1.0216e+00     0.2340  0.5312701 0.0000e+00
        367 239.479368    0.02539     1.5230     91.378     28.266  48845.153    30.9672     9.5043     28.000     9.4865    23.8845     6.0554     8.6563     92.436    264.123    270.432    0.00160    6.55091    9.36226  285.73805   14.80164 9.1462e-01     0.2178  0.5073346 0.0000e+00
        370 239.479378    0.02561     1.5370     92.219     29.276  48852.050    30.9683     9.4787     29.000     9.4581    23.8893     6.0608     8.6631     92.467    264.361    270.676    0.00138    6.55459    9.36750  285.89818   14.80922 8.1691e-01     0.2102  0.5150706 0.0000e+00
        373 239.479387    0.02584     1.5508     93.049     30.286  48862.257    30.9712     9.4499     30.000     9.4309    23.8962     6.0682     8.6717     92.511    264.682    271.007    0.00127    6.55946    9.37329  286.10848   14.81756 7.2840e-01     0.2043  0.5195632 0.0000e+00
        377 239.479397    0.02608     1.5650     93.898     31.295  48874.369    30.9760     9.4251     31.000     9.4101    23.9038     6.0743     8.6800     92.556    264.945    271.279    0.00116    6.56285    9.37814  286.25370   14.82452 6.4998e-01     0.2051  0.5352596 0.0000e+00
        380 239.479407    0.02633     1.5797     94.783     32.304  48881.456    30.9779     9.4052     32.000     9.3908    23.9084     6.0816     8.6883     92.637    265.261    271.604    0.00122    6.56500    9.38216  286.34609   14.83032 5.7995e-01     0.1972  0.5431903 0.0000e+00
        384 239.479418    0.02658     1.5946     95.678     33.314  48883.561    30.9761     9.3844     33.000     9.3678    23.9103     6.0856     8.6931     92.652    265.437    271.783    0.00105    6.56823    9.38657  286.48781   14.83675 5.1845e-01     0.1913  0.5307277 0.0000e+00
        387 239.479427    0.02682     1.6090     96.541     34.323  48893.019    30.9794     9.3623     34.000     9.3482    23.9163     6.0824     8.6929     92.550    265.298    271.643    0.00045    6.57208    9.39098  286.65341   14.84308 4.6407e-01     0.1978  0.4993169 0.0000e+00
        390 239.479437    0.02704     1.6225     97.351     35.333  48904.281    30.9849     9.3473     35.000     9.3372    23.9229     6.0803     8.6931     92.489    265.202    271.547    0.00004    6.57409    9.39377  286.73874   14.84704 4.1659e-01     0.2031  0.4867677 0.0000e+00
        394 239.479446    0.02727     1.6361     98.165     36.343  48912.913    30.9893     9.3380     36.000     9.3308    23.9278     6.0838     8.6977     92.527    265.350    271.700    0.00011    6.57506    9.39542  286.78000   14.84938 3.7408e-01     0.1925  0.4825199 0.0000e+00
        397 239.479456    0.02750     1.6500     99.003     37.353  48920.678    30.9936     9.3330     37.000     9.3279    23.9320     6.0913     8.7061     92.640    265.679    272.038    0.00046    6.57526    9.39621  286.78744   14.85044 3.3616e-01     0.1835  0.4846648 0.0000e+00
        401 239.479466    0.02775     1.6647     99.880     38.362  48925.507    30.9963     9.3313     38.000     9.3258    23.9344     6.1000     8.7158     92.779    266.058    272.427    0.00089    6.57476    9.39639  286.76493   14.85067 3.0299e-01     0.1808  0.4940126 0.0000e+00
        404 239.479476    0.02799     1.6795    100.767     39.372  48926.059    30.9959     9.3279     39.000     9.3196    23.9346     6.1058     8.7235     92.864    266.313    272.687    0.00103    6.57508    9.39713  286.77888   14.85174 2.7353e-01     0.1756  0.4935159 0.0000e+00
        408 239.479487    0.02823     1.6941    101.646     40.381  48928.012    30.9958     9.3203     40.000     9.3113    23.9358     6.1098     8.7286     92.905    266.483    272.862    0.00096    6.57636    9.39871  286.83455   14.85404 2.4762e-01     0.1723  0.4920359 0.0000e+00
        411 239.479497    0.02847     1.7086    102.514     41.391  48927.685    30.9939     9.3117     41.000     9.3009    23.9357     6.1129     8.7312     92.934    266.622    273.004    0.00088    6.57768    9.40063  286.89232   14.85684 2.2445e-01     0.1671  0.5114835 0.0000e+00
        414 239.479506    0.02871     1.7229    103.373     42.401  48928.355    30.9924     9.3001     42.000     9.2886    23.9363     6.1096     8.7279     92.853    266.475    272.854    0.00041    6.57981    9.40312  286.98570   14.86048 2.0387e-01     0.1757  0.5316341 0.0000e+00
        418 239.479517    0.02895     1.7371    104.223     43.411  48933.235    30.9938     9.2884     43.000     9.2784    23.9392     6.1037     8.7215     92.736    266.218    272.591   -0.00018    6.58182    9.40548  287.07217   14.86388 1.8536e-01     0.1878  0.5603151 0.0000e+00
        421 239.479526    0.02919     1.7509    105.055     44.420  48939.580    30.9967     9.2798     44.000     9.2713    23.9428     6.0989     8.7146     92.649    266.008    272.378   -0.00054    6.58282    9.40710  287.11424   14.86618 1.6884e-01     0.1798  0.5857119 0.0000e+00
        424 239.479535    0.02941     1.7645    105.870     45.430  48944.948    30.9992     9.2737     45.000     9.2651    23.9457     6.0916     8.7061     92.531    265.689    272.051   -0.00094    6.58330    9.40822  287.13439   14.86777 1.5459e-01     0.1747  0.6014177 0.0000e+00
        428 239.479545    0.02963     1.7781    106.688     46.440  48950.514    31.0018     9.2671     46.000     9.2576    23.9488     6.0840     8.6980     92.407    265.354    271.709   -0.00132    6.58389    9.40943  287.15944   14.86948 1.4211e-01     0.1719  0.5962568 0.0000e+00
        431 239.479554    0.02986     1.7919    107.511     47.449  48955.656    31.0039     9.2592     47.000     9.2481    23.9517     6.0808     8.6934     92.347    265.214    271.567   -0.00142    6.58466    9.41095  287.19214   14.87165 1.3123e-01     0.1655  0.5809614 0.0000e+00
        434 239.479564    0.03010     1.8057    108.340     48.459  48958.655    31.0040     9.2475     48.000     9.2324    23.9535     6.0849     8.6934     92.386    265.397    271.753   -0.00110    6.58641    9.41341  287.26852   14.87522 1.2188e-01     0.1797  0.5803377 0.0000e+00
        438 239.479574    0.03033     1.8199    109.191     49.469  48966.488    31.0066     9.2298     49.000     9.2148    23.9584     6.0853     8.6901     92.344    265.408    271.767   -0.00107    6.58979    9.41694  287.41464   14.88029 1.1360e-01     0.1903  0.5967025 0.0000e+00
        441 239.479584    0.03058     1.8346    110.075     50.478  48978.190    31.0122     9.2142     50.000     9.2032    23.9652     6.0741     8.6783     92.140    264.919    271.269   -0.00169    6.59225    9.41987  287.51900   14.88445 1.0632e-01     0.1824  0.6225853 0.0000e+00
        445 239.479595    0.03082     1.8496    110.974     51.488  48985.811    31.0159     9.2053     51.000     9.1974    23.9695     6.0593     8.6635     91.903    264.272    270.607   -0.00236    6.59314    9.42149  287.55674   14.88673 9.9878e-02     0.1687  0.6434594 0.0000e+00
        449 239.479606    0.03109     1.8656    111.935     52.498  48989.540    31.0176     9.2012     52.000     9.1946    23.9714     6.0515     8.6537     91.780    263.929    270.257   -0.00249    6.59340    9.42226  287.56748   14.88782 9.4269e-02     0.1481  0.6490885 0.0000e+00
        454 239.479620    0.03143     1.8856    113.137     53.507  48991.515    31.0183     9.1990     53.000     9.1932    23.9723     6.0532     8.6515     91.805    264.006    270.334   -0.00192    6.59355    9.42267  287.57392   14.88841 8.9349e-02     0.1542  0.6477609 0.0000e+00
