CTD-processing/allCTD/CNV/2012_07-30_t7_s20_cast062_4141.cnv
* Sea-Bird SBE19plus Data File:
* FileName = C:\Documents and Settings\kris.holderied.local\My Documents\2012-07-EVOS-CookInlet-Ocean\2012-07-CookInlet-Tran7-Augustine\2012-07-30-CookInlet-Tran7-cast062.hex
* Software Version 1.54
* Temperature SN =  4141
* Conductivity SN =  4141
* System UpLoad Time = Jul 31 2012 07:49:28
** Cook Inlet LTM Transect 7 -partial, East to West
** Date:  2012-07-30
** Station:  7-20
** Start time (AKDT-24 hr): 0730
** Depth (m): 80
** Comment: Flow m start 024615 end 028323. lots of current. Surface phyto plankton tow 10m. Zoo pl 50m. Tow rate 50m ZP-147 sec. Secchi 5-7m.
# nquan = 27
# nvalues = 69                          
# units = specified
# name 0 = scan: Scan Count
# name 1 = timeJ: Julian Days
# name 2 = timeH: Time, Elapsed [hours]
# name 3 = timeM: Time, Elapsed [minutes]
# name 4 = timeS: Time, Elapsed [seconds]
# name 5 = prdM: Pressure, Strain Gauge [db]
# name 6 = specc: Specific Conductance [uS/cm]
# name 7 = sal00: Salinity, Practical [PSU]
# name 8 = tv290C: Temperature [ITS-90, deg C]
# name 9 = depSM: Depth [salt water, m], lat = 59.00
# name 10 = potemp090C: Potential Temperature [ITS-90, deg C]
# name 11 = sigma-é00: Density [sigma-theta, kg/m^3]
# name 12 = sbeox0ML/L: Oxygen, SBE 43 [ml/l]
# name 13 = sbeox0Mg/L: Oxygen, SBE 43 [mg/l]
# name 14 = sbeox0PS: Oxygen, SBE 43 [% saturation]
# name 15 = sbox0Mm/Kg: Oxygen, SBE 43 [umol/kg]
# name 16 = sbeox0Mm/L: Oxygen, SBE 43 [umol/l]
# name 17 = sbox0dV/dT: Oxygen, SBE 43 [dov/dt]
# name 18 = oxsolML/L: Oxygen Saturation, Garcia & Gordon [ml/l]
# name 19 = oxsolMg/L: Oxygen Saturation, Garcia & Gordon [mg/l]
# name 20 = oxsolMm/Kg: Oxygen Saturation, Garcia & Gordon [umol/kg]
# name 21 = n2satMg/L: Nitrogen Saturation [mg/l]
# name 22 = par: PAR/Irradiance, Biospherical/Licor
# name 23 = wetStar: Fluorescence, WET Labs WETstar [mg/m^3]
# name 24 = CStarAt0: Beam Attenuation, WET Labs C-Star [1/m]
# name 25 = CStarTr0: Beam Transmission, WET Labs C-Star [%]
# name 26 = flag: flag
# span 0 =         26,        701       
# span 1 = 212.313082, 212.315034       
# span 2 =    0.00175,    0.04859       
# span 3 =     0.1049,     2.9151       
# span 4 =      6.292,    174.911       
# span 5 =      1.004,     69.596       
# span 6 =  49240.567,  49354.128       
# span 7 =    31.1870,    31.2284       
# span 8 =     8.9139,     8.9926       
# span 9 =      1.000,     69.000       
# span 10 =     8.9089,     8.9905      
# span 11 =    24.1350,    24.1800      
# span 12 =     6.0700,     6.3486      
# span 13 =     8.6747,     9.0727      
# span 14 =     91.741,     95.908      
# span 15 =    264.700,    276.840      
# span 16 =    271.088,    283.526      
# span 17 =   -0.00185,    0.00197      
# span 18 =    6.61618,    6.62640      
# span 19 =    9.45519,    9.46980      
# span 20 =  288.51132,  288.94842      
# span 21 =   14.93269,   14.95349      
# span 22 = 4.5451e-02, 6.6832e+00      
# span 23 =     0.4085,     1.7528      
# span 24 =     0.2432,     0.2914      
# span 25 =    91.7326,    94.1009      
# span 26 = 0.0000e+00, 0.0000e+00      
# interval = meters: 1                  
# start_time = Jul 30 2012 07:30:44 [Instrument's time stamp, header]
# bad_flag = -9.990e-29
*END*
[from data line 54]
        610 212.314771    0.04227     2.5364    152.184     55.527  49343.569    31.2255     8.9201     55.000     8.9146    24.1769     6.3273     9.0424     95.498    275.909    282.579   -0.00098    6.62560    9.46865  288.91426   14.95187 4.8393e-02     1.4218     0.2542    93.8437 0.0000e+00
        616 212.314790    0.04273     2.5638    153.829     56.537  49344.429    31.2257     8.9204     56.000     8.9145    24.1771     6.3304     9.0468     95.545    276.041    282.715   -0.00024    6.62555    9.46857  288.91207   14.95176 4.8020e-02     1.3229     0.2543    93.8398 0.0000e+00
        622 212.314807    0.04316     2.5894    155.364     57.544  49345.805    31.2261     8.9199     57.000     8.9140    24.1776     6.3320     9.0491     95.569    276.113    282.789    0.00006    6.62562    9.46866  288.91467   14.95189 4.7551e-02     1.3901     0.2521    93.8935 0.0000e+00
        631 212.314831    0.04372     2.6235    157.411     58.557  49346.591    31.2262     8.9195     58.000     8.9133    24.1777     6.3325     9.0498     95.575    276.133    282.809   -0.00009    6.62567    9.46875  288.91710   14.95200 4.7120e-02     1.3618     0.2459    94.0383 0.0000e+00
        638 212.314851    0.04421     2.6527    159.163     59.569  49348.322    31.2269     8.9185     59.000     8.9124    24.1784     6.3362     9.0551     95.630    276.295    282.975    0.00042    6.62578    9.46890  288.92173   14.95222 4.6945e-02     1.3414     0.2476    93.9992 0.0000e+00
        643 212.314866    0.04456     2.6737    160.420     60.571  49349.322    31.2270     8.9179     60.000     8.9113    24.1786     6.3355     9.0541     95.618    276.265    282.945   -0.00005    6.62587    9.46902  288.92541   14.95240 4.6615e-02     1.4724     0.2457    94.0432 0.0000e+00
        649 212.314886    0.04503     2.7020    162.122     61.582  49351.097    31.2278     8.9175     61.000     8.9114    24.1792     6.3296     9.0457     95.529    276.009    282.682   -0.00081    6.62590    9.46907  288.92656   14.95245 4.6344e-02     1.3593     0.2473    94.0052 0.0000e+00
        658 212.314911    0.04564     2.7382    164.293     62.599  49350.446    31.2270     8.9184     62.000     8.9120    24.1785     6.3293     9.0452     95.525    275.992    282.666   -0.00041    6.62580    9.46893  288.92238   14.95225 4.6189e-02     1.4496     0.2432    94.1009 0.0000e+00
        664 212.314927    0.04602     2.7613    165.680     63.605  49351.758    31.2275     8.9183     63.000     8.9119    24.1789     6.3329     9.0504     95.580    276.151    282.828    0.00012    6.62579    9.46891  288.92177   14.95222 4.6039e-02     1.3629     0.2480    93.9883 0.0000e+00
        669 212.314942    0.04639     2.7833    166.997     64.610  49351.630    31.2270     8.9186     64.000     8.9120    24.1786     6.3299     9.0460     95.534    276.019    282.692   -0.00036    6.62577    9.46889  288.92147   14.95221 4.5799e-02     1.3961     0.2456    94.0443 0.0000e+00
        677 212.314966    0.04697     2.8181    169.086     65.626  49352.355    31.2271     8.9190     65.000     8.9124    24.1785     6.3291     9.0449     95.523    275.984    282.657   -0.00033    6.62570    9.46879  288.91814   14.95205 4.5675e-02     1.3383     0.2437    94.0892 0.0000e+00
        685 212.314987    0.04747     2.8483    170.896     66.632  49352.652    31.2269     8.9191     66.000     8.9123    24.1784     6.3322     9.0493     95.570    276.119    282.795    0.00017    6.62570    9.46879  288.91821   14.95206 4.5599e-02     1.4662     0.2439    94.0834 0.0000e+00
        692 212.315008    0.04797     2.8781    172.688     67.648  49353.404    31.2270     8.9191     67.000     8.9123    24.1785     6.3182     9.0294     95.360    275.511    282.172   -0.00183    6.62569    9.46877  288.91756   14.95202 4.5537e-02     1.2798     0.2474    94.0025 0.0000e+00
        697 212.315022    0.04832     2.8992    173.951     68.654  49354.069    31.2270     8.9192     68.000     8.9122    24.1785     6.3297     9.0458     95.533    276.013    282.686    0.00022    6.62567    9.46875  288.91695   14.95199 4.5539e-02     1.4262     0.2472    94.0064 0.0000e+00
        701 212.315034    0.04859     2.9151    174.911     69.596  49354.128    31.2268     8.9195     69.000     8.9119    24.1783     6.3407     9.0614     95.699    276.487    283.172    0.00197    6.62564    9.46868  288.91533   14.95192 4.5451e-02     1.7528     0.2434    94.0979 0.0000e+00
