CTD-processing/allCTD/CNV/2012_10-29_t3_s09_cast054_4141.cnv
* Sea-Bird SBE19plus Data File:
* FileName = C:\Documents and Settings\kris.holderied.local\My Documents\2012-CTD-DATA-new-files\2012-10-CookInlet-LTM\2012-10-29-LTM-CookInlet-Tran3-AnchorPt\2012-10-29-CookInlet-Tran3-cast054.hex
* Software Version 1.54
* Temperature SN =  4141
* Conductivity SN =  4141
* System UpLoad Time = Nov 20 2012 18:22:49
** Cook Inlet EVOSTC Transect 3 Anchor Pt west to east
** Date:  29 Oct 2012
** Station:  3-09
** Start time (AKDT-24 hr):  1112
** Depth (m):  69
** Comment:
# nquan = 27
# nvalues = 50                          
# units = specified
# name 0 = scan: Scan Count
# name 1 = timeJ: Julian Days
# name 2 = timeH: Time, Elapsed [hours]
# name 3 = timeM: Time, Elapsed [minutes]
# name 4 = timeS: Time, Elapsed [seconds]
# name 5 = prdM: Pressure, Strain Gauge [db]
# name 6 = specc: Specific Conductance [uS/cm]
# name 7 = sal00: Salinity, Practical [PSU]
# name 8 = tv290C: Temperature [ITS-90, deg C]
# name 9 = depSM: Depth [salt water, m], lat = 59.00
# name 10 = potemp090C: Potential Temperature [ITS-90, deg C]
# name 11 = sigma-é00: Density [sigma-theta, kg/m^3]
# name 12 = sbeox0ML/L: Oxygen, SBE 43 [ml/l]
# name 13 = sbeox0Mg/L: Oxygen, SBE 43 [mg/l]
# name 14 = sbeox0PS: Oxygen, SBE 43 [% saturation]
# name 15 = sbox0Mm/Kg: Oxygen, SBE 43 [umol/kg]
# name 16 = sbeox0Mm/L: Oxygen, SBE 43 [umol/l]
# name 17 = sbox0dV/dT: Oxygen, SBE 43 [dov/dt]
# name 18 = oxsolML/L: Oxygen Saturation, Garcia & Gordon [ml/l]
# name 19 = oxsolMg/L: Oxygen Saturation, Garcia & Gordon [mg/l]
# name 20 = oxsolMm/Kg: Oxygen Saturation, Garcia & Gordon [umol/kg]
# name 21 = n2satMg/L: Nitrogen Saturation [mg/l]
# name 22 = par: PAR/Irradiance, Biospherical/Licor
# name 23 = wetStar: Fluorescence, WET Labs WETstar [mg/m^3]
# name 24 = CStarAt0: Beam Attenuation, WET Labs C-Star [1/m]
# name 25 = CStarTr0: Beam Transmission, WET Labs C-Star [%]
# name 26 = flag: flag
# span 0 =         92,        662       
# span 1 = 303.467185, 303.468835       
# span 2 =    0.00633,    0.04593       
# span 3 =     0.3799,     2.7558       
# span 4 =     22.792,    165.346       
# span 5 =      1.007,     50.471       
# span 6 =  46781.435,  49271.306       
# span 7 =    29.1644,    30.9291       
# span 8 =     5.5254,     7.3550       
# span 9 =      1.000,     50.000       
# span 10 =     6.5869,     7.3537      
# span 11 =    22.8355,    24.1734      
# span 12 =     5.9963,     6.9924      
# span 13 =     8.5693,     9.9929      
# span 14 =     87.080,     97.130      
# span 15 =    261.477,    304.940      
# span 16 =    267.797,    312.283      
# span 17 =   -0.01012,    0.00476      
# span 18 =    6.88463,    7.19890      
# span 19 =    9.83883,   10.28795      
# span 20 =  300.21601,  313.94301      
# span 21 =   15.49268,   16.14876      
# span 22 = 4.1170e-02, 5.0848e+01      
# span 23 =     0.1738,     0.7422      
# span 24 =     0.4247,    13.7372      
# span 25 =     5.3278,    89.9254      
# span 26 = 0.0000e+00, 0.0000e+00      
# interval = meters: 1                  
# start_time = Oct 29 2012 11:12:22 [Instrument's time stamp, header]
# bad_flag = -9.990e-29
*END*
         92 303.467185    0.00633     0.3799     22.792      1.007  49069.439    30.4674     5.5254      1.000     6.5869    24.0272     6.9924     9.9929     97.130    304.940    312.283    0.00476    7.19890   10.28795  313.94301   16.14876 9.5695e+00     0.1738    13.7372     5.3278 0.0000e+00
        170 303.467409    0.01171     0.7023     42.138      1.999  46817.931    29.1644     6.7961      2.000     6.9433    22.8505     6.2061     8.8692     88.012    270.965    277.166   -0.01012    7.04860   10.07316  307.75515   15.85942 3.0078e+01     0.3200     4.5480    48.0297 0.0000e+00
        400 303.468076    0.02772     1.6633     99.799      3.036  46781.435    29.1879     7.0685      3.000     7.0889    22.8355     6.2180     8.8861     88.791    271.496    277.696    0.00148    7.00297   10.00794  305.77006   15.76472 5.0848e+01     0.4397     1.7117    64.5579 0.0000e+00
        398 303.468069    0.02755     1.6531     99.188      4.027  47200.053    29.4849     7.1238      4.000     7.1509    23.0620     6.2042     8.8664     88.880    270.833    277.080    0.00176    6.98039    9.97568  304.71703   15.71328 3.3980e+01     0.4407     1.5274    68.3216 0.0000e+00
        406 303.468092    0.02811     1.6865    101.193      5.054  47582.652    29.7620     7.2074      5.000     7.2159    23.2691     6.1592     8.8020     88.566    268.812    275.066   -0.00163    6.95424    9.93830  303.51364   15.65476 1.7003e+01     0.5093     1.1806    74.4200 0.0000e+00
        411 303.468109    0.02850     1.7103    102.621      6.061  47716.415    29.8577     7.2299      6.000     7.2376    23.3414     6.1211     8.7476     88.120    267.131    273.365   -0.00484    6.94626    9.92690  303.14425   15.63674 1.5334e+01     0.5140     1.1385    75.2305 0.0000e+00
        416 303.468122    0.02882     1.7293    103.757      7.062  47904.883    29.9913     7.2526      7.000     7.2650    23.4435     6.1075     8.7282     88.048    266.513    272.761   -0.00404    6.93654    9.91301  302.68984   15.61452 1.1937e+01     0.5339     1.0775    76.3888 0.0000e+00
        422 303.468141    0.02927     1.7562    105.372      8.075  48124.769    30.1495     7.2922      8.000     7.3006    23.5626     6.0878     8.7001     87.935    265.622    271.880   -0.00308    6.92303    9.89370  302.06508   15.58407 8.2992e+00     0.5034     0.9341    79.1802 0.0000e+00
        429 303.468161    0.02973     1.7842    107.049      9.093  48414.440    30.3545     7.3207      9.000     7.3328    23.7200     6.0364     8.6266     87.367    263.338    269.584   -0.00687    6.90920    9.87393  301.41518   15.55223 6.3454e+00     0.4954     0.8258    81.3517 0.0000e+00
        433 303.468171    0.03000     1.8003    108.016     10.088  48610.550    30.4935     7.3416     10.000     7.3464    23.8264     6.0342     8.6235     87.458    263.216    269.488   -0.00412    6.89958    9.86019  300.96441   15.53016 5.4938e+00     0.5158     0.7280    83.3653 0.0000e+00
        439 303.468187    0.03039     1.8231    109.388     11.101  48710.670    30.5641     7.3514     11.000     7.3515    23.8806     6.0302     8.6178     87.459    263.027    269.308   -0.00242    6.89483    9.85341  300.74131   15.51922 4.4335e+00     0.5369     0.6410    85.1951 0.0000e+00
        445 303.468206    0.03083     1.8499    110.992     12.122  48811.622    30.6341     7.3540     12.000     7.3537    23.9354     6.0139     8.5945     87.268    262.302    268.580   -0.00304    6.89126    9.84829  300.56922   15.51072 3.0693e+00     0.6341     0.5883    86.3213 0.0000e+00
        449 303.468218    0.03112     1.8674    112.045     13.119  48843.933    30.6563     7.3550     13.000     7.3536    23.9526     6.0073     8.5852     87.189    262.013    268.290   -0.00284    6.89009    9.84662  300.51321   15.50797 2.9932e+00     0.5829     0.5804    86.4924 0.0000e+00
        454 303.468232    0.03147     1.8881    113.289     14.135  48897.223    30.6926     7.3541     14.000     7.3525    23.9814     6.0099     8.5887     87.244    262.117    268.403   -0.00149    6.88859    9.84449  300.43953   15.50430 2.7033e+00     0.6072     0.5496    87.1626 0.0000e+00
        460 303.468251    0.03191     1.9145    114.872     15.139  48912.209    30.7025     7.3531     15.000     7.3516    23.9892     6.0080     8.5861     87.221    262.032    268.318   -0.00106    6.88831    9.84408  300.42474   15.50355 1.9896e+00     0.6401     0.5342    87.4983 0.0000e+00
        469 303.468276    0.03251     1.9505    117.030     16.165  48926.097    30.7116     7.3526     16.000     7.3510    23.9965     6.0037     8.5799     87.162    261.842    268.126   -0.00104    6.88797    9.84360  300.40807   15.50272 1.7920e+00     0.6590     0.5352    87.4767 0.0000e+00
        472 303.468285    0.03274     1.9643    117.858     17.158  48943.068    30.7228     7.3521     17.000     7.3499    24.0054     6.0125     8.5925     87.296    262.223    268.519    0.00041    6.88755    9.84300  300.38698   15.50167 1.5443e+00     0.6494     0.5554    87.0358 0.0000e+00
        477 303.468298    0.03305     1.9827    118.961     18.158  48984.103    30.7506     7.3501     18.000     7.3475    24.0275     6.0183     8.6008     87.392    262.473    268.779    0.00107    6.88662    9.84167  300.33992   15.49931 1.2018e+00     0.6204     0.5202    87.8060 0.0000e+00
        486 303.468326    0.03371     2.0225    121.351     19.190  49009.126    30.7672     7.3482     19.000     7.3458    24.0408     5.9965     8.5696     87.080    261.516    267.803   -0.00207    6.88616    9.84102  300.31642   15.49812 1.0014e+00     0.6700     0.5038    88.1655 0.0000e+00
        492 303.468342    0.03409     2.0451    122.708     20.190  49043.921    30.7906     7.3459     20.000     7.3433    24.0595     6.0094     8.5880     87.276    262.074    268.379    0.00027    6.88548    9.84003  300.28069   15.49632 9.0077e-01     0.6837     0.4800    88.6921 0.0000e+00
        498 303.468358    0.03449     2.0696    124.173     21.192  49066.162    30.8051     7.3433     21.000     7.3402    24.0713     6.0082     8.5862     87.261    262.016    268.323    0.00003    6.88523    9.83968  300.26644   15.49558 7.2536e-01     0.6469     0.4758    88.7845 0.0000e+00
        510 303.468394    0.03534     2.1202    127.212     22.214  49097.180    30.8255     7.3389     22.000     7.3356    24.0879     6.0055     8.5825     87.226    261.899    268.207    0.00008    6.88501    9.83938  300.25233   15.49483 6.1815e-01     0.6776     0.4612    89.1097 0.0000e+00
        521 303.468427    0.03613     2.1675    130.049     23.223  49124.007    30.8430     7.3346     23.000     7.3320    24.1022     6.0031     8.5790     87.192    261.789    268.098    0.00001    6.88490    9.83922  300.24316   15.49432 5.5210e-01     0.6644     0.4582    89.1781 0.0000e+00
        532 303.468457    0.03687     2.2119    132.716     24.217  49132.287    30.8480     7.3330     24.000     7.3305    24.1064     6.0044     8.5810     87.212    261.847    268.160    0.00046    6.88493    9.83926  300.24322   15.49429 4.5784e-01     0.6942     0.4699    88.9171 0.0000e+00
        545 303.468495    0.03776     2.2657    135.942     25.229  49142.830    30.8546     7.3312     25.000     7.3285    24.1118     6.0075     8.5853     87.256    261.978    268.295    0.00093    6.88490    9.83921  300.24040   15.49414 3.9114e-01     0.6809     0.4705    88.9026 0.0000e+00
        558 303.468534    0.03869     2.3217    139.300     26.249  49139.193    30.8517     7.3316     26.000     7.3294    24.1095     6.0007     8.5756     87.157    261.682    267.991   -0.00031    6.88497    9.83931  300.24411   15.49433 3.5196e-01     0.7000     0.4770    88.7561 0.0000e+00
        563 303.468547    0.03902     2.3413    140.477     27.248  49149.228    30.8581     7.3308     27.000     7.3275    24.1146     6.0036     8.5798     87.201    261.809    268.123    0.00006    6.88482    9.83909  300.23589   15.49391 2.8910e-01     0.6853     0.4599    89.1398 0.0000e+00
        571 303.468570    0.03957     2.3741    142.445     28.271  49162.204    30.8662     7.3280     28.000     7.3250    24.1214     6.0054     8.5823     87.226    261.885    268.202    0.00013    6.88489    9.83921  300.23733   15.49394 2.2876e-01     0.6908     0.4434    89.5068 0.0000e+00
        577 303.468588    0.03999     2.3993    143.957     29.275  49187.739    30.8830     7.3249     29.000     7.3205    24.1350     6.0057     8.5827     87.234    261.894    268.215   -0.00001    6.88463    9.83883  300.22188   15.49314 1.9823e-01     0.6881     0.4482    89.3988 0.0000e+00
        582 303.468603    0.04037     2.4218    145.307     30.292  49198.469    30.8894     7.3217     30.000     7.3186    24.1405     6.0112     8.5906     87.310    262.130    268.458    0.00062    6.88484    9.83912  300.22906   15.49345 1.6700e-01     0.6836     0.4487    89.3878 0.0000e+00
        586 303.468615    0.04064     2.4383    146.296     31.300  49204.045    30.8927     7.3211     31.000     7.3170    24.1432     6.0045     8.5810     87.212    261.836    268.157   -0.00039    6.88477    9.83903  300.22567   15.49327 1.4238e-01     0.7218     0.4719    88.8734 0.0000e+00
        590 303.468625    0.04088     2.4530    147.182     32.293  49227.364    30.9079     7.3175     32.000     7.3127    24.1556     6.0013     8.5764     87.168    261.694    268.016   -0.00098    6.88468    9.83889  300.21766   15.49283 1.1816e-01     0.6947     0.4627    89.0774 0.0000e+00
        596 303.468644    0.04135     2.4807    148.841     33.318  49237.471    30.9139     7.3140     33.000     7.3110    24.1608     6.0089     8.5873     87.276    262.026    268.356    0.00026    6.88495    9.83928  300.22812   15.49331 9.3052e-02     0.6869     0.4266    89.8838 0.0000e+00
        602 303.468661    0.04176     2.5051    150.306     34.339  49241.444    30.9161     7.3137     34.000     7.3103    24.1626     6.0111     8.5904     87.308    262.123    268.456    0.00033    6.88492    9.83922  300.22595   15.49320 8.0501e-02     0.6914     0.4434    89.5079 0.0000e+00
        605 303.468669    0.04194     2.5167    151.001     35.338  49242.834    30.9166     7.3134     35.000     7.3102    24.1630     6.0104     8.5894     87.298    262.093    268.425    0.00016    6.88493    9.83925  300.22640   15.49322 7.1898e-02     0.6980     0.4784    88.7286 0.0000e+00
        608 303.468677    0.04213     2.5277    151.663     36.340  49240.512    30.9145     7.3135     36.000     7.3108    24.1614     6.0088     8.5873     87.275    262.025    268.356   -0.00024    6.88500    9.83935  300.23013   15.49341 6.4479e-02     0.7422     0.4833    88.6192 0.0000e+00
        611 303.468685    0.04233     2.5401    152.409     37.334  49237.596    30.9122     7.3143     37.000     7.3114    24.1595     6.0087     8.5871     87.273    262.020    268.350   -0.00038    6.88498    9.83933  300.22999   15.49341 5.9511e-02     0.7282     0.4764    88.7716 0.0000e+00
        617 303.468704    0.04279     2.5671    154.024     38.374  49237.620    30.9119     7.3153     38.000     7.3115    24.1591     6.0069     8.5845     87.249    261.941    268.269   -0.00045    6.88484    9.83913  300.22396   15.49311 5.4728e-02     0.6911     0.4247    89.9254 0.0000e+00
        621 303.468716    0.04308     2.5846    155.077     39.385  49239.002    30.9123     7.3143     39.000     7.3114    24.1596     6.0075     8.5853     87.255    261.965    268.294   -0.00029    6.88498    9.83933  300.22986   15.49340 5.0215e-02     0.6742     0.4680    88.9583 0.0000e+00
        624 303.468723    0.04325     2.5950    155.701     40.367  49238.604    30.9116     7.3151     40.000     7.3116    24.1590     6.0078     8.5857     87.261    261.979    268.309   -0.00039    6.88487    9.83918  300.22556   15.49319 4.7578e-02     0.7090     0.4870    88.5373 0.0000e+00
        628 303.468735    0.04352     2.6114    156.681     41.390  49242.819    30.9141     7.3150     41.000     7.3108    24.1610     6.0111     8.5904     87.309    262.121    268.455    0.00008    6.88479    9.83906  300.22122   15.49298 4.6044e-02     0.6740     0.4602    89.1324 0.0000e+00
        632 303.468746    0.04380     2.6282    157.691     42.415  49247.943    30.9171     7.3139     42.000     7.3097    24.1634     6.0095     8.5883     87.287    262.054    268.386   -0.00019    6.88482    9.83910  300.22185   15.49299 4.4227e-02     0.6997     0.4625    89.0802 0.0000e+00
        635 303.468755    0.04400     2.6398    158.390     43.412  49250.528    30.9183     7.3134     43.000     7.3092    24.1644     6.0081     8.5861     87.264    261.989    268.320   -0.00057    6.88486    9.83915  300.22300   15.49305 4.2493e-02     0.7221     0.4866    88.5469 0.0000e+00
        637 303.468763    0.04420     2.6516    159.095     44.398  49252.733    30.9193     7.3132     44.000     7.3090    24.1654     6.0100     8.5888     87.293    262.072    268.405   -0.00028    6.88483    9.83912  300.22180   15.49299 4.1666e-02     0.6860     0.4822    88.6437 0.0000e+00
        645 303.468784    0.04469     2.6818    160.905     45.448  49256.309    30.9213     7.3126     45.000     7.3083    24.1669     6.0067     8.5842     87.245    261.929    268.259   -0.00052    6.88484    9.83913  300.22164   15.49297 4.2927e-02     0.6781     0.4262    89.8921 0.0000e+00
        648 303.468794    0.04495     2.6972    161.830     46.453  49258.136    30.9220     7.3123     46.000     7.3081    24.1676     5.9968     8.5700     87.101    261.498    267.818   -0.00192    6.88487    9.83917  300.22240   15.49300 4.2653e-02     0.7103     0.4732    88.8416 0.0000e+00
        651 303.468801    0.04511     2.7064    162.386     47.442  49260.389    30.9232     7.3124     47.000     7.3079    24.1686     5.9963     8.5693     87.095    261.477    267.797   -0.00191    6.88480    9.83906  300.21923   15.49285 4.1501e-02     0.6882     0.4983    88.2874 0.0000e+00
        653 303.468809    0.04529     2.7175    163.049     48.445  49261.503    30.9235     7.3122     48.000     7.3077    24.1688     6.0035     8.5797     87.200    261.792    268.119   -0.00077    6.88480    9.83908  300.21956   15.49286 4.1170e-02     0.6913     0.4876    88.5244 0.0000e+00
        657 303.468820    0.04557     2.7340    164.039     49.462  49268.149    30.9275     7.3114     49.000     7.3064    24.1720     6.0123     8.5922     87.328    262.173    268.510    0.00073    6.88475    9.83899  300.21601   15.49268 4.1835e-02     0.6948     0.4562    89.2209 0.0000e+00
        662 303.468835    0.04593     2.7558    165.346     50.471  49271.306    30.9291     7.3105     50.000     7.3060    24.1734     6.0030     8.5789     87.192    261.766    268.093   -0.00077    6.88482    9.83910  300.21893   15.49281 4.2428e-02     0.7357     0.4379    89.6324 0.0000e+00
