CTD-processing/allCTD/CNV/2012_06-05b_t9_s01b_cast022_4141.cnv
* Sea-Bird SBE19plus Data File:
* FileName = C:\Documents and Settings\kris.holderied.local\My Documents\2012-KBRR-CTD-Kachemak-Bay\2012-KBRR-CTD-cast022.hex
* Software Version 1.54
* Temperature SN =  4141
* Conductivity SN =  4141
* System UpLoad Time = Jul 24 2012 20:20:45
** Kachemak Bay - Homer Spit Line CTD Survey
** Date:  2012-xx-xx   xxxx Tide (x of 2 lines)
** Station: 9-01
** Start time (AKDT-24 hr): 09:15
** Depth (m): 59.4
** Comments:  CTD time set wrong by 1 hour
# nquan = 27
# nvalues = 54                          
# units = specified
# name 0 = scan: Scan Count
# name 1 = timeJ: Julian Days
# name 2 = timeH: Time, Elapsed [hours]
# name 3 = timeM: Time, Elapsed [minutes]
# name 4 = timeS: Time, Elapsed [seconds]
# name 5 = prdM: Pressure, Strain Gauge [db]
# name 6 = specc: Specific Conductance [uS/cm]
# name 7 = sal00: Salinity, Practical [PSU]
# name 8 = tv290C: Temperature [ITS-90, deg C]
# name 9 = depSM: Depth [salt water, m], lat = 59.00
# name 10 = potemp090C: Potential Temperature [ITS-90, deg C]
# name 11 = sigma-é00: Density [sigma-theta, kg/m^3]
# name 12 = sbeox0ML/L: Oxygen, SBE 43 [ml/l]
# name 13 = sbeox0Mg/L: Oxygen, SBE 43 [mg/l]
# name 14 = sbeox0PS: Oxygen, SBE 43 [% saturation]
# name 15 = sbox0Mm/Kg: Oxygen, SBE 43 [umol/kg]
# name 16 = sbeox0Mm/L: Oxygen, SBE 43 [umol/l]
# name 17 = sbox0dV/dT: Oxygen, SBE 43 [dov/dt]
# name 18 = oxsolML/L: Oxygen Saturation, Garcia & Gordon [ml/l]
# name 19 = oxsolMg/L: Oxygen Saturation, Garcia & Gordon [mg/l]
# name 20 = oxsolMm/Kg: Oxygen Saturation, Garcia & Gordon [umol/kg]
# name 21 = n2satMg/L: Nitrogen Saturation [mg/l]
# name 22 = par: PAR/Irradiance, Biospherical/Licor
# name 23 = wetStar: Fluorescence, WET Labs WETstar [mg/m^3]
# name 24 = CStarAt0: Beam Attenuation, WET Labs C-Star [1/m]
# name 25 = CStarTr0: Beam Transmission, WET Labs C-Star [%]
# name 26 = flag: flag
# span 0 =        357,        645       
# span 1 = 157.429398, 157.430231       
# span 2 =    0.02474,    0.04471       
# span 3 =     1.4843,     2.6828       
# span 4 =     89.058,    160.967       
# span 5 =      1.015,     54.495       
# span 6 =  47370.539,  50999.349       
# span 7 =    29.5186,    31.6209       
# span 8 =     4.7098,     6.6045       
# span 9 =      1.000,     54.000       
# span 10 =     4.7071,     6.4959      
# span 11 =    23.1531,    25.0273      
# span 12 =     7.0312,     7.9889      
# span 13 =    10.0483,    11.4169      
# span 14 =     96.517,    113.103      
# span 15 =    306.347,    348.704      
# span 16 =    314.014,    356.782      
# span 17 =   -0.03525,    0.00325      
# span 18 =    7.06362,    7.28605      
# span 19 =   10.09462,   10.41249      
# span 20 =  308.32284,  317.45192      
# span 21 =   15.88499,   16.31103      
# span 22 = 5.3797e-02, 1.3243e+02      
# span 23 =     0.7251,     4.4479      
# span 24 =     0.8068,     1.5080      
# span 25 =    68.5930,    81.7336      
# span 26 = 0.0000e+00, 0.0000e+00      
# interval = meters: 1                  
# start_time = Jun 05 2012 10:16:51 [Instrument's time stamp, header]
# bad_flag = -9.990e-29
*END*
        357 157.429398    0.02474     1.4843     89.058      1.015  47370.539    29.5186     6.6045      1.000     6.4959    23.1531     7.9889    11.4169    113.103    348.704    356.782    0.00325    7.06362   10.09462  308.32284   15.88499 7.4145e+01     1.1843     0.9087    79.6825 0.0000e+00
        437 157.429631    0.03030     1.8179    109.076      2.022  48642.932    30.3326     6.2528      2.000     6.2056    23.8367     7.9430    11.3513    112.128    346.476    354.734   -0.02385    7.08383   10.12351  308.99853   15.91380 1.0249e+02     1.4212     0.8365    81.1303 0.0000e+00
        441 157.429642    0.03058     1.8350    110.097      3.029  48951.306    30.5313     6.1796      3.000     6.1749    24.0022     7.7745    11.1107    109.706    339.073    347.211   -0.03525    7.08669   10.12758  309.07287   15.91651 1.3243e+02     1.4782     0.8478    80.9005 0.0000e+00
        446 157.429656    0.03092     1.8551    111.306      4.040  48991.001    30.5550     6.1622      4.000     6.1467    24.0229     7.7221    11.0356    108.938    336.777    344.867   -0.02988    7.08847   10.13013  309.14426   15.91982 1.1285e+02     1.7828     0.8330    81.2004 0.0000e+00
        466 157.429714    0.03230     1.9381    116.288      5.040  49174.005    30.6672     6.0893      5.000     6.0530    24.1201     7.7153    11.0259    108.737    336.448    344.564   -0.01312    7.09535   10.13997  309.41526   15.93227 8.9139e+01     2.5368     0.8331    81.1991 0.0000e+00
        508 157.429836    0.03523     2.1139    126.834      6.055  49863.660    31.0939     5.8366      6.000     5.7874    24.4866     7.6148    10.8823    106.988    331.948    340.076   -0.00840    7.11757   10.17173  310.27326   15.97138 6.9881e+01     3.3097     0.8343    81.1743 0.0000e+00
        523 157.429878    0.03623     2.1739    130.432      7.071  50137.877    31.2535     5.6882      7.000     5.6798    24.6298     7.4829    10.6937    104.876    326.151    334.184   -0.01356    7.13497   10.19658  310.98812   16.00477 5.2725e+01     3.5878     0.8068    81.7336 0.0000e+00
        530 157.429899    0.03673     2.2038    132.228      8.085  50187.202    31.2802     5.6543      8.000     5.6275    24.6550     7.4735    10.6804    104.679    325.737    333.768   -0.00811    7.13943   10.20296  311.17513   16.01357 3.8604e+01     4.4479     0.8420    81.0175 0.0000e+00
        533 157.429908    0.03696     2.2181    133.087      9.086  50233.017    31.3008     5.6015      9.000     5.5660    24.6772     7.4741    10.6811    104.570    325.751    333.789   -0.00658    7.14736   10.21430  311.51408   16.02963 2.8468e+01     3.8097     0.8610    80.6349 0.0000e+00
        537 157.429918    0.03720     2.2321    133.928     10.092  50285.561    31.3251     5.5450     10.000     5.5120    24.7029     7.4576    10.6577    104.217    325.027    333.056   -0.00806    7.15580   10.22635  311.87382   16.04665 2.1470e+01     4.2422     0.8649    80.5555 0.0000e+00
        540 157.429929    0.03745     2.2471    134.828     11.110  50333.592    31.3456     5.4854     11.000     5.4457    24.7259     7.4352    10.6257    103.773    324.045    332.058   -0.00959    7.16494   10.23941  312.26515   16.06521 1.6201e+01     4.2633     0.8666    80.5218 0.0000e+00
        543 157.429937    0.03767     2.2600    135.603     12.124  50361.096    31.3515     5.4241     12.000     5.3425    24.7375     7.4044    10.5816    103.196    322.698    330.681   -0.01223    7.17511   10.25395  312.70500   16.08614 1.2036e+01     3.1659     0.8730    80.3916 0.0000e+00
        546 157.429945    0.03784     2.2703    136.219     13.126  50448.638    31.3904     5.3223     13.000     5.2408    24.7795     7.3734    10.5373    102.542    321.334    329.296   -0.01563    7.19066   10.27617  313.36960   16.11761 9.1362e+00     3.5545     0.8933    79.9848 0.0000e+00
        548 157.429952    0.03800     2.2800    136.799     14.134  50577.982    31.4600     5.2317     14.000     5.1986    24.8446     7.3412    10.4913    101.921    319.911    327.859   -0.01858    7.20285   10.29359  313.88083   16.14167 6.9335e+00     2.9806     0.9186    79.4821 0.0000e+00
        550 157.429958    0.03815     2.2895    137.369     15.142  50628.905    31.4867     5.1948     15.000     5.1799    24.8699     7.3098    10.4464    101.414    318.534    326.456   -0.02023    7.20789   10.30079  314.09283   16.15166 5.2133e+00     3.0595     0.9178    79.4980 0.0000e+00
        553 157.429964    0.03831     2.2989    137.937     16.153  50652.200    31.4990     5.1793     16.000     5.1717    24.8812     7.2817    10.4062    100.995    317.305    325.200   -0.02059    7.20997   10.30378  314.18001   16.15576 3.9277e+00     3.0654     0.8963    79.9257 0.0000e+00
        555 157.429971    0.03847     2.3084    138.502     17.161  50655.683    31.4993     5.1718     17.000     5.1636    24.8824     7.2561    10.3696    100.622    316.186    324.054   -0.02028    7.21124   10.30557  314.23482   16.15836 3.0079e+00     2.5591     0.9102    79.6485 0.0000e+00
        557 157.429978    0.03863     2.3178    139.068     18.171  50667.552    31.5053     5.1641     18.000     5.1589    24.8880     7.2343    10.3385    100.305    315.239    323.084   -0.01983    7.21226   10.30704  314.27787   16.16039 2.2837e+00     2.3357     0.9301    79.2525 0.0000e+00
        560 157.429985    0.03879     2.3273    139.634     19.182  50670.656    31.5060     5.1597     19.000     5.1540    24.8891     7.2247    10.3248    100.162    314.820    322.655   -0.01805    7.21300   10.30809  314.30963   16.16189 1.7240e+00     2.7331     0.9237    79.3798 0.0000e+00
        562 157.429990    0.03895     2.3366    140.200     20.189  50677.512    31.5092     5.1548     20.000     5.1508    24.8922     7.2223    10.3213    100.119    314.712    322.545   -0.01530    7.21369   10.30907  314.33863   16.16326 1.3040e+00     2.0611     0.9143    79.5678 0.0000e+00
        564 157.429997    0.03911     2.3462    140.772     21.199  50679.015    31.5091     5.1516     21.000     5.1478    24.8924     7.2280    10.3295    100.191    314.962    322.801   -0.01200    7.21424   10.30987  314.36279   16.16441 1.0055e+00     2.5687     0.9235    79.3828 0.0000e+00
        566 157.430004    0.03927     2.3557    141.345     22.210  50685.748    31.5128     5.1495     22.000     5.1490    24.8955     7.2298    10.3322    100.214    315.043    322.886   -0.00960    7.21444   10.31016  314.37051   16.16476 7.6396e-01     3.3563     0.9206    79.4392 0.0000e+00
        569 157.430011    0.03942     2.3653    141.915     23.218  50681.693    31.5098     5.1510     23.000     5.1478    24.8931     7.2307    10.3333    100.227    315.079    322.923   -0.00771    7.21432   10.30998  314.36598   16.16456 5.8168e-01     3.0607     0.9250    79.3544 0.0000e+00
        571 157.430017    0.03958     2.3749    142.494     24.227  50686.520    31.5122     5.1490     24.000     5.1452    24.8952     7.2303    10.3328    100.218    315.061    322.905   -0.00653    7.21454   10.31029  314.37493   16.16498 4.4620e-01     2.8233     0.9155    79.5425 0.0000e+00
        573 157.430024    0.03974     2.3847    143.083     25.237  50693.197    31.5158     5.1468     25.000     5.1431    24.8983     7.2370    10.3424    100.308    315.352    323.204   -0.00486    7.21475   10.31061  314.38343   16.16537 3.4404e-01     2.3492     0.9073    79.7070 0.0000e+00
        576 157.430031    0.03991     2.3946    143.673     26.247  50702.707    31.5214     5.1447     26.000     5.1315    24.9029     7.2393    10.3457    100.339    315.449    323.305   -0.00347    7.21485   10.31075  314.38610   16.16548 2.6767e-01     2.2234     0.9079    79.6927 0.0000e+00
        578 157.430038    0.04007     2.4043    144.261     27.257  50720.096    31.5299     5.1304     27.000     5.1187    24.9112     7.2391    10.3453    100.307    315.440    323.298   -0.00298    7.21689   10.31367  314.47276   16.16957 2.1481e-01     2.0623     0.8664    80.5250 0.0000e+00
        580 157.430044    0.04024     2.4141    144.844     28.267  50736.509    31.5385     5.1206     28.000     5.1209    24.9191     7.2316    10.3348    100.187    315.112    322.965   -0.00366    7.21818   10.31550  314.52614   16.17207 1.7401e-01     2.0008     0.8692    80.4686 0.0000e+00
        583 157.430051    0.04040     2.4237    145.426     29.274  50772.951    31.5637     5.1235     29.000     5.1468    24.9388     7.2245    10.3246    100.112    314.795    322.647   -0.00392    7.21647   10.31306  314.44589   16.16815 1.4360e-01     2.5417     0.8622    80.6091 0.0000e+00
        585 157.430058    0.04056     2.4336    146.017     30.285  50733.910    31.5423     5.1511     30.000     5.1547    24.9188     7.2293    10.3314    100.230    315.011    322.860   -0.00268    7.21275   10.30774  314.28955   16.16079 1.2114e-01     1.8894     0.8402    81.0544 0.0000e+00
        587 157.430065    0.04072     2.4435    146.611     31.296  50722.989    31.5353     5.1559     31.000     5.1613    24.9127     7.2367    10.3420    100.340    315.336    323.191   -0.00101    7.21223   10.30700  314.26909   16.15986 1.0298e-01     1.9299     0.8564    80.7279 0.0000e+00
        590 157.430072    0.04089     2.4535    147.210     32.304  50735.382    31.5455     5.1660     32.000     5.1673    24.9197     7.2405    10.3473    100.422    315.498    323.360   -0.00015    7.21002   10.30384  314.17056   16.15511 8.9895e-02     1.8971     0.8547    80.7612 0.0000e+00
        592 157.430079    0.04106     2.4636    147.813     33.313  50655.999    31.4910     5.1689     33.000     5.0922    24.8763     7.2448    10.3534    100.451    315.696    323.551    0.00006    7.21216   10.30690  314.27699   16.16040 8.1891e-02     1.9685     0.8368    81.1237 0.0000e+00
        595 157.430086    0.04123     2.4736    148.415     34.324  50608.247    31.4388     5.0797     34.000     4.9693    24.8446     7.2462    10.3557    100.224    315.772    323.617   -0.00125    7.23005   10.33247  315.06657   16.19821 7.4562e-02     2.1555     0.9089    79.6751 0.0000e+00
        597 157.430093    0.04139     2.4835    149.013     35.333  50776.573    31.5291     4.9643     35.000     4.9233    24.9286     7.2308    10.3335     99.794    315.070    322.925   -0.00492    7.24567   10.35479  315.72116   16.22899 6.9073e-02     2.0755     1.0072    77.7419 0.0000e+00
        599 157.430099    0.04156     2.4937    149.620     36.343  50835.057    31.5593     4.9209     36.000     4.8993    24.9572     7.2017    10.2921     99.311    313.800    321.632   -0.00863    7.25174   10.36348  315.97714   16.24105 6.5202e-02     2.3575     1.0668    76.5899 0.0000e+00
        602 157.430107    0.04173     2.5038    150.225     37.352  50834.302    31.5527     4.8955     37.000     4.8635    24.9547     7.1686    10.2447     98.789    312.356    320.151   -0.01145    7.25649   10.37025  316.18464   16.25095 6.2262e-02     1.5868     1.1283    75.4241 0.0000e+00
        604 157.430114    0.04190     2.5140    150.838     38.362  50864.282    31.5650     4.8595     38.000     4.8333    24.9682     7.1297    10.1890     98.176    310.656    318.412   -0.01475    7.26219   10.37839  316.42842   16.26251 5.9875e-02     1.3324     1.1822    74.4142 0.0000e+00
        607 157.430121    0.04207     2.5243    151.460     39.372  50889.512    31.5757     4.8319     39.000     4.8098    24.9796     7.0999    10.1464     97.708    309.354    317.081   -0.01665    7.26645   10.38449  316.61084   16.27114 5.8249e-02     1.3205     1.2026    74.0348 0.0000e+00
        609 157.430128    0.04224     2.5346    152.077     40.380  50905.236    31.5806     4.8075     40.000     4.7858    24.9861     7.0814    10.1200     97.399    308.545    316.255   -0.01646    7.27048   10.39024  316.78423   16.27938 5.7169e-02     1.2861     1.2117    73.8646 0.0000e+00
        612 157.430135    0.04242     2.5450    152.701     41.391  50914.293    31.5811     4.7836     41.000     4.7620    24.9890     7.0738    10.1092     97.239    308.213    315.915   -0.01485    7.27464   10.39618  316.96480   16.28797 5.6259e-02     1.0434     1.2367    73.4051 0.0000e+00
        614 157.430143    0.04259     2.5554    153.325     42.400  50928.481    31.5852     4.7607     42.000     4.7420    24.9947     7.0663    10.0986     97.087    307.888    315.583   -0.01341    7.27845   10.40163  317.12886   16.29577 5.5587e-02     0.9290     1.3031    72.1988 0.0000e+00
        617 157.430150    0.04277     2.5658    153.947     43.410  50942.228    31.5900     4.7418     43.000     4.7246    25.0005     7.0590    10.0881     96.945    307.567    315.256   -0.01212    7.28152   10.40602  317.26096   16.30203 5.5042e-02     0.7633     1.3983    70.4998 0.0000e+00
        619 157.430157    0.04294     2.5762    154.570     44.421  50961.752    31.5989     4.7240     44.000     4.7129    25.0094     7.0482    10.0727     96.760    307.093    314.773   -0.01129    7.28421   10.40985  317.37517   16.30743 5.4896e-02     0.8976     1.4590    69.4371 0.0000e+00
        622 157.430164    0.04311     2.5865    155.190     45.429  50973.919    31.6047     4.7148     45.000     4.7074    25.0150     7.0507    10.0762     96.777    307.199    314.883   -0.00963    7.28552   10.41174  317.43088   16.31006 5.4649e-02     0.7270     1.4890    68.9181 0.0000e+00
        624 157.430172    0.04328     2.5969    155.815     46.440  50986.781    31.6119     4.7098     46.000     4.7071    25.0212     7.0453    10.0686     96.696    306.965    314.646   -0.00808    7.28605   10.41249  317.45192   16.31103 5.4859e-02     0.8357     1.5080    68.5930 0.0000e+00
        627 157.430179    0.04345     2.6072    156.434     47.449  50995.563    31.6175     4.7104     47.000     4.7102    25.0257     7.0380    10.0578     96.599    306.640    314.312   -0.00739    7.28566   10.41195  317.43378   16.31015 5.4468e-02     0.8355     1.4936    68.8401 0.0000e+00
        629 157.430186    0.04363     2.6176    157.054     48.458  50997.448    31.6192     4.7144     48.000     4.7139    25.0266     7.0312    10.0483     96.517    306.347    314.014   -0.00717    7.28489   10.41083  317.39962   16.30851 5.4427e-02     0.7505     1.4531    69.5400 0.0000e+00
        632 157.430193    0.04380     2.6280    157.678     49.466  50995.514    31.6182     4.7178     49.000     4.7160    25.0254     7.0337    10.0519     96.559    306.457    314.125   -0.00555    7.28434   10.41006  317.37621   16.30740 5.4632e-02     0.7251     1.4206    70.1064 0.0000e+00
        634 157.430201    0.04398     2.6385    158.309     50.480  50999.349    31.6209     4.7207     50.000     4.7202    25.0273     7.0374    10.0571     96.618    306.617    314.290   -0.00399    7.28369   10.40911  317.34715   16.30601 5.4311e-02     0.8158     1.4119    70.2590 0.0000e+00
        637 157.430207    0.04415     2.6487    158.926     51.488  50990.586    31.6152     4.7239     51.000     4.7194    25.0223     7.0407    10.0619     96.668    306.763    314.439   -0.00283    7.28341   10.40872  317.33655   16.30552 5.3797e-02     0.8367     1.4150    70.2058 0.0000e+00
        639 157.430215    0.04432     2.6592    159.549     52.498  50988.827    31.6132     4.7224     52.000     4.7167    25.0209     7.0451    10.0683     96.724    306.958    314.639   -0.00190    7.28377   10.40925  317.35296   16.30631 5.4300e-02     0.9076     1.4172    70.1672 0.0000e+00
        642 157.430222    0.04449     2.6697    160.180     53.497  50996.280    31.6174     4.7207     53.000     4.7168    25.0245     7.0470    10.0709     96.748    307.035    314.718   -0.00141    7.28387   10.40938  317.35596   16.30644 5.4093e-02     0.9068     1.4276    69.9846 0.0000e+00
