CTD-processing/allCTD/CNV/2012_07-02_t9_s05_cast168_5028.cnv
* Sea-Bird SBE19plus Data File:
* FileName = C:\Documents and Settings\kris.holderied.local\My Documents\CTD-data-upload-2012-07-28\CTD5028-upload-2012-07-28-cast168.hex
* Software Version 1.54
* Temperature SN =  5028
* Conductivity SN =  5028
* System UpLoad Time = Jul 28 2012 12:13:44
** Kachemak Bay - CTD data - upload all 2012-07-28
** Date:  2012-07-02   xxxx Tide (x of 2 lines)
** Station:  9.05
** Start time (AKDT-24 hr):1443
** Depth (ft):319
** Comments: none
# nquan = 26
# nvalues = 85                          
# units = specified
# name 0 = scan: Scan Count
# name 1 = timeJ: Julian Days
# name 2 = timeH: Time, Elapsed [hours]
# name 3 = timeM: Time, Elapsed [minutes]
# name 4 = timeS: Time, Elapsed [seconds]
# name 5 = prdM: Pressure, Strain Gauge [db]
# name 6 = specc: Specific Conductance [uS/cm]
# name 7 = sal00: Salinity, Practical [PSU]
# name 8 = tv290C: Temperature [ITS-90, deg C]
# name 9 = depSM: Depth [salt water, m], lat = 59.00
# name 10 = potemp090C: Potential Temperature [ITS-90, deg C]
# name 11 = sigma-é00: Density [sigma-theta, kg/m^3]
# name 12 = sbeox0ML/L: Oxygen, SBE 43 [ml/l]
# name 13 = sbeox0Mg/L: Oxygen, SBE 43 [mg/l]
# name 14 = sbeox0PS: Oxygen, SBE 43 [% saturation]
# name 15 = sbox0Mm/Kg: Oxygen, SBE 43 [umol/kg]
# name 16 = sbeox0Mm/L: Oxygen, SBE 43 [umol/l]
# name 17 = sbox0dV/dT: Oxygen, SBE 43 [dov/dt]
# name 18 = oxsolML/L: Oxygen Saturation, Garcia & Gordon [ml/l]
# name 19 = oxsolMg/L: Oxygen Saturation, Garcia & Gordon [mg/l]
# name 20 = oxsolMm/Kg: Oxygen Saturation, Garcia & Gordon [umol/kg]
# name 21 = n2satMg/L: Nitrogen Saturation [mg/l]
# name 22 = par: PAR/Irradiance, Biospherical/Licor [umol photons/m^2/sec]
# name 23 = flECO-AFL: Fluorescence, WET Labs ECO-AFL/FL [mg/m^3]
# name 24 = upoly0: Upoly 0, ECO-FLNTUS
# name 25 = flag: flag
# span 0 =        256,        484       
# span 1 = 184.614997, 184.615657       
# span 2 =    0.01769,    0.03354       
# span 3 =     1.0610,     2.0126       
# span 4 =     63.659,    120.755       
# span 5 =      1.010,     85.820       
# span 6 =  45629.598,  50604.877       
# span 7 =    28.8993,    31.5820       
# span 8 =     5.8795,    11.0376       
# span 9 =      1.000,     85.000       
# span 10 =     5.8627,    11.0534      
# span 11 =    22.0236,    24.8631      
# span 12 =     5.7612,     7.3007      
# span 13 =     8.5404,    10.4259      
# span 14 =     89.773,    110.348      
# span 15 =    251.746,    318.217      
# span 16 =    257.290,    326.053      
# span 17 =   -0.01315,    0.06125      
# span 18 =    6.41789,    7.09055      
# span 19 =    9.17426,   10.12891      
# span 20 =  280.44594,  308.97997      
# span 21 =   14.55994,   15.90179      
# span 22 = 5.1482e-02, 1.7913e+02      
# span 23 =     0.2028,     3.4065      
# span 24 =  0.5874619,  1.7482447      
# span 25 = 0.0000e+00, 0.0000e+00      
# interval = meters: 1                  
# start_time = Jul 02 2012 14:44:32 [Instrument's time stamp, header]
# bad_flag = -9.990e-29
*END*
        256 184.614997    0.01769     1.0610     63.659      1.010  45629.598    28.8993    11.0376      1.000    11.0534    22.0236     5.7612     8.5404     89.773    251.746    257.290   -0.00219    6.41789    9.17426  280.44594   14.55994 1.7913e+02     1.4925  1.6356872 0.0000e+00
        263 184.615018    0.01822     1.0934     65.601      2.019  45757.716    28.9764    10.9274      2.000    10.8645    22.1014     6.8959     9.6813    107.355    301.325    307.971    0.06001    6.42334    9.19204  280.67642   14.58458 1.3008e+02     1.6818  1.7482447 0.0000e+00
        267 184.615030    0.01850     1.1101     66.603      3.028  45935.531    29.0819    10.7611      3.000    10.6248    22.2107     7.1041     9.9782    110.348    310.402    317.270    0.06125    6.43808    9.21946  281.29958   14.62280 9.7817e+01     1.9984  1.7168257 0.0000e+00
        271 184.615040    0.01872     1.1231     67.387      4.038  46183.439    29.2296    10.5384      4.000    10.3362    22.3618     7.0746    10.0296    109.514    309.072    315.950    0.04731    6.46025    9.25600  282.23335   14.67360 7.4580e+01     2.5370  1.6751383 0.0000e+00
        273 184.615047    0.01891     1.1346     68.077      5.047  46519.857    29.4300    10.2459      5.000     9.9468    22.5647     7.0334    10.0162    108.407    307.226    314.112    0.03510    6.48853    9.30406  283.42383   14.74029 5.7637e+01     3.0614  1.6452575 0.0000e+00
        276 184.615055    0.01910     1.1456     68.736      6.057  47028.358    29.7330     9.8203      6.000     9.4061    22.8679     7.0255     9.9936    107.402    306.790    313.762    0.02595    6.54286    9.37393  285.70794   14.83704 4.4942e+01     3.3940  1.5687929 0.0000e+00
        279 184.615063    0.01928     1.1564     69.385      7.066  47728.894    30.1538     9.2773      7.000     8.8763    23.2806     6.9712     9.9384    105.232    304.248    311.337    0.01384    6.62693    9.46172  289.21564   14.95795 3.4971e+01     3.4065  1.4157974 0.0000e+00
        281 184.615070    0.01945     1.1672     70.030      8.075  48393.932    30.5527     8.7805      8.000     8.4950    23.6679     6.8417     9.8502    102.155    298.447    305.552   -0.00077    6.69913    9.54208  292.22300   15.06836 2.7646e+01     3.1165  1.2288026 0.0000e+00
        284 184.615077    0.01963     1.1779     70.675      9.085  48879.562    30.8429     8.4221      9.000     8.2379    23.9486     6.7780     9.8109    100.557    295.583    302.705   -0.00875    6.74096    9.60037  293.96672   15.14839 2.2010e+01     2.5520  1.0522195 0.0000e+00
        286 184.615085    0.01981     1.1887     71.322     10.095  49199.254    31.0344     8.1980     10.000     8.0827    24.1318     6.8731     9.8759    101.670    299.684    306.951   -0.00422    6.76019    9.63642  294.76266   15.19769 1.7810e+01     2.0255  0.8977278 0.0000e+00
        289 184.615092    0.01999     1.1995     71.969     11.104  49401.177    31.1556     8.0619     11.000     7.9846    24.2467     6.9941     9.9713    103.327    304.942    312.360    0.00284    6.76891    9.65813  295.12136   15.22728 1.4600e+01     1.6938  0.8137633 0.0000e+00
        291 184.615099    0.02017     1.2103     72.619     12.113  49549.007    31.2444     7.9652     12.000     7.9095    24.3304     7.0538    10.0356    104.118    307.524    315.021    0.00580    6.77473    9.67346  295.35923   15.24812 1.1962e+01     1.4467  0.7635310 0.0000e+00
        294 184.615107    0.02036     1.2212     73.270     13.123  49653.438    31.3065     7.8962     13.000     7.8524    24.3890     7.0642    10.0643    104.193    307.968    315.489    0.00539    6.77996    9.68455  295.57373   15.26323 9.8864e+00     1.3027  0.7264228 0.0000e+00
        297 184.615115    0.02054     1.2320     73.923     14.132  49722.686    31.3464     7.8437     14.000     7.8105    24.4278     7.0587    10.0739    104.028    307.716    315.241    0.00404    6.78537    9.69352  295.80126   15.27561 8.2443e+00     1.2077  0.7141360 0.0000e+00
        299 184.615122    0.02071     1.2430     74.578     15.142  49768.473    31.3715     7.8028     15.000     7.7767    24.4533     7.0537    10.0788    103.888    307.494    315.019    0.00290    6.78973    9.70089  295.98643   15.28589 6.8695e+00     1.1386  0.7286541 0.0000e+00
        302 184.615130    0.02090     1.2539     75.232     16.151  49795.736    31.3852     7.7714     16.000     7.7495    24.4685     7.0540    10.0843    103.835    307.505    315.032    0.00222    6.79350    9.70693  296.14836   15.29443 5.7568e+00     1.1116  0.7618061 0.0000e+00
        305 184.615138    0.02108     1.2648     75.886     17.161  49813.985    31.3933     7.7451     17.000     7.7262    24.4785     7.0598    10.0930    103.866    307.758    315.292    0.00198    6.79709    9.71222  296.30358   15.30195 4.8194e+00     1.0822  0.7770195 0.0000e+00
        307 184.615145    0.02126     1.2756     76.538     18.170  49829.162    31.3999     7.7232     18.000     7.7076    24.4868     7.0668    10.1038    103.920    308.060    315.604    0.00186    6.80023    9.71663  296.43899   15.30823 4.0409e+00     1.0464  0.7763235 0.0000e+00
        310 184.615152    0.02144     1.2865     77.189     19.179  49842.253    31.4058     7.7057     19.000     7.6920    24.4939     7.0758    10.1173    104.012    308.451    316.006    0.00189    6.80284    9.72013  296.55200   15.31321 3.3958e+00     1.0118  0.7698405 0.0000e+00
        312 184.615160    0.02162     1.2973     77.837     20.189  49859.053    31.4146     7.6905     20.000     7.6806    24.5029     7.0877    10.1337    104.147    308.966    316.536    0.00208    6.80544    9.72293  296.66296   15.31713 2.8467e+00     0.9863  0.7739246 0.0000e+00
        315 184.615168    0.02180     1.3081     78.484     21.199  49882.860    31.4293     7.6814     21.000     7.6790    24.5157     7.1019    10.1531    104.339    309.579    317.170    0.00246    6.80655    9.72402  296.70613   15.31848 2.4005e+00     0.9646  0.7840362 0.0000e+00
        318 184.615176    0.02198     1.3188     79.130     22.209  49905.436    31.4447     7.6817     22.000     7.6859    24.5277     7.1165    10.1742    104.576    310.211    317.822    0.00297    6.80510    9.72298  296.63762   15.31674 2.0265e+00     0.9519  0.7886675 0.0000e+00
        320 184.615182    0.02216     1.3296     79.774     23.218  49915.814    31.4528     7.6900     23.000     7.6954    24.5330     7.1338    10.1978    104.870    310.968    318.598    0.00363    6.80260    9.72061  296.52861   15.31317 1.7162e+00     0.9633  0.7821141 0.0000e+00
        323 184.615190    0.02234     1.3403     80.416     24.228  49924.624    31.4601     7.6998     24.000     7.7061    24.5374     7.1528    10.2231    105.179    311.792    319.442    0.00431    6.80061    9.71798  296.44187   15.30926 1.4516e+00     0.9684  0.7665693 0.0000e+00
        325 184.615198    0.02252     1.3510     81.058     25.238  49937.126    31.4702     7.7111     25.000     7.7183    24.5438     7.1704    10.2485    105.477    312.555    320.227    0.00485    6.79803    9.71483  296.32745   15.30455 1.2306e+00     0.9691  0.7439637 0.0000e+00
        328 184.615205    0.02270     1.3616     81.698     26.247  49948.459    31.4796     7.7227     26.000     7.7273    24.5495     7.1885    10.2748    105.781    313.348    321.038    0.00532    6.79567    9.71167  296.22454   15.29983 1.0454e+00     1.0222  0.7415016 0.0000e+00
        330 184.615212    0.02287     1.3723     82.336     27.257  49968.744    31.4947     7.7317     27.000     7.7363    24.5602     7.2092    10.3024    106.112    314.247    321.962    0.00586    6.79396    9.70873  296.14700   15.29534 8.8555e-01     1.0641  0.7496477 0.0000e+00
        333 184.615220    0.02305     1.3829     82.973     28.266  50000.703    31.5181     7.7412     28.000     7.7478    24.5773     7.2287    10.3296    106.449    315.088    322.834    0.00636    6.79081    9.70513  296.00126   15.28977 7.5355e-01     1.0802  0.7467203 0.0000e+00
        335 184.615227    0.02322     1.3935     83.609     29.276  50025.655    31.5370     7.7531     29.000     7.7568    24.5905     7.2483    10.3564    106.804    315.935    323.708    0.00685    6.78650    9.70132  295.80809   15.28396 6.4257e-01     1.0798  0.7118664 0.0000e+00
        338 184.615234    0.02340     1.4041     84.244     30.285  50033.930    31.5434     7.7600     30.000     7.7549    24.5946     7.2715    10.3834    107.180    316.951    324.747    0.00738    6.78441    9.69938  295.71777   15.28106 5.5127e-01     1.0871  0.6741658 0.0000e+00
        341 184.615242    0.02358     1.4146     84.877     31.294  50039.002    31.5460     7.7563     31.000     7.7437    24.5971     7.2912    10.4058    107.447    317.808    325.624    0.00752    6.78580    9.70004  295.77993   15.28197 4.7415e-01     1.0893  0.6397297 0.0000e+00
        343 184.615249    0.02375     1.4252     85.510     32.304  50054.965    31.5546     7.7440     32.000     7.7318    24.6056     7.2993    10.4187    107.524    318.160    325.988    0.00689    6.78855    9.70221  295.89636   15.28497 4.1009e-01     1.0550  0.6224836 0.0000e+00
        346 184.615257    0.02393     1.4357     86.143     33.313  50072.459    31.5645     7.7327     33.000     7.7210    24.6149     7.2998    10.4240    107.516    318.175    326.009    0.00594    6.78952    9.70408  295.93395   15.28752 3.5554e-01     1.0235  0.6223466 0.0000e+00
        348 184.615263    0.02411     1.4463     86.779     34.323  50080.892    31.5681     7.7212     34.000     7.7053    24.6193     7.3007    10.4259    107.518    318.217    326.053    0.00516    6.79026    9.70642  295.96533   15.29085 3.1013e-01     1.0023  0.6248553 0.0000e+00
        351 184.615271    0.02429     1.4569     87.416     35.333  50087.648    31.5696     7.7047     35.000     7.6840    24.6228     7.2994    10.4239    107.472    318.154    325.989    0.00435    6.79184    9.70997  296.03264   15.29597 2.7133e-01     0.9927  0.6183031 0.0000e+00
        353 184.615279    0.02446     1.4676     88.055     36.343  50089.598    31.5667     7.6813     36.000     7.6520    24.6237     7.2928    10.4170    107.346    317.871    325.701    0.00330    6.79380    9.71537  296.11725   15.30383 2.3870e-01     0.9787  0.6133763 0.0000e+00
        356 184.615286    0.02463     1.4782     88.692     37.352  50080.352    31.5537     7.6446     37.000     7.5977    24.6186     7.2889    10.4085    107.225    317.702    325.524    0.00237    6.79780    9.72438  296.29390   15.31708 2.1143e-01     0.9492  0.6013787 0.0000e+00
        358 184.615293    0.02481     1.4888     89.329     38.362  50065.487    31.5333     7.5876     38.000     7.5176    24.6104     7.2866    10.3974    107.059    317.601    325.417    0.00146    6.80616    9.73839  296.66195   15.33767 1.8778e-01     0.9128  0.5874619 0.0000e+00
        361 184.615301    0.02499     1.4994     89.967     39.372  50044.783    31.5034     7.4981     39.000     7.4011    24.5990     7.2773    10.3773    106.658    317.206    325.003   -0.00016    6.82314    9.76034  297.41051   15.36988 1.6803e-01     0.8688  0.6007705 0.0000e+00
        363 184.615308    0.02517     1.5101     90.607     40.381  50049.678    31.4858     7.3765     40.000     7.2716    24.6017     7.2533    10.3434    105.918    316.161    323.932   -0.00284    6.84830    9.78872  298.50728   15.41122 1.5105e-01     0.7898  0.6293394 0.0000e+00
        366 184.615315    0.02535     1.5208     91.251     41.391  50085.025    31.4881     7.2478     41.000     7.1523    24.6208     7.2059    10.2922    104.873    314.084    321.816   -0.00637    6.87133    9.81752  299.50003   15.45284 1.3656e-01     0.6609  0.6679271 0.0000e+00
        369 184.615323    0.02553     1.5316     91.895     42.400  50112.483    31.4865     7.1301     42.000     7.0396    24.6352     7.1587    10.2386    103.896    312.020    319.706   -0.00941    6.89039    9.84421  300.32725   15.49149 1.2393e-01     0.5951  0.6915483 0.0000e+00
        371 184.615330    0.02570     1.5423     92.540     43.410  50143.654    31.4884     7.0192     43.000     6.9341    24.6514     7.1236    10.1920    103.116    310.486    318.138   -0.01119    6.90846    9.86926  301.11061   15.52770 1.1313e-01     0.5649  0.7101490 0.0000e+00
        374 184.615338    0.02588     1.5531     93.184     44.420  50180.273    31.4952     6.9155     44.000     6.8366    24.6703     7.0954    10.1530    102.446    309.253    316.879   -0.01233    6.92611    9.89246  301.87539   15.56115 1.0401e-01     0.5406  0.7324684 0.0000e+00
        376 184.615345    0.02606     1.5638     93.827     45.429  50234.258    31.5153     6.8199     45.000     6.7583    24.6985     7.0701    10.1200    101.844    308.138    315.749   -0.01315    6.94215    9.91298  302.56287   15.59053 9.6102e-02     0.5161  0.7610639 0.0000e+00
        379 184.615353    0.02624     1.5745     94.467     46.439  50286.224    31.5383     6.7492     46.000     6.7047    24.7258     7.0544    10.0972    101.485    307.442    315.048   -0.01304    6.95120    9.92771  302.94574   15.61146 8.9571e-02     0.4783  0.7709583 0.0000e+00
        381 184.615360    0.02642     1.5850     95.103     47.449  50319.458    31.5519     6.6988     47.000     6.6617    24.7430     7.0507    10.0848    101.366    307.278    314.885   -0.01207    6.95568    9.93838  303.13567   15.62668 8.4081e-02     0.4304  0.7615252 0.0000e+00
        384 184.615367    0.02659     1.5955     95.730     48.459  50333.021    31.5532     6.6571     48.000     6.6162    24.7494     7.0548    10.0785    101.366    307.459    315.070   -0.01069    6.95983    9.94793  303.31706   15.64047 7.9554e-02     0.3928  0.7359896 0.0000e+00
        386 184.615374    0.02677     1.6057     96.345     49.469  50338.715    31.5484     6.6113     49.000     6.5613    24.7514     7.0530    10.0693    101.239    307.384    314.991   -0.00988    6.96680    9.95882  303.62297   15.65629 7.5749e-02     0.3537  0.7142395 0.0000e+00
        389 184.615381    0.02693     1.6157     96.940     50.478  50346.950    31.5436     6.5567     50.000     6.5017    24.7545     7.0393    10.0530    100.876    306.787    314.377   -0.01003    6.97827    9.97179  304.12518   15.67514 7.2497e-02     0.3173  0.7049298 0.0000e+00
        391 184.615388    0.02709     1.6254     97.522     51.488  50377.265    31.5537     6.4999     51.000     6.4594    24.7696     7.0114    10.0299    100.305    305.559    313.127   -0.01103    6.99011    9.98431  304.63270   15.69307 6.9779e-02     0.2932  0.7048799 0.0000e+00
        393 184.615395    0.02725     1.6354     98.124     52.497  50402.930    31.5631     6.4575     52.000     6.4291    24.7824     6.9914    10.0128     99.927    304.684    312.237   -0.01140    6.99656    9.99353  304.90795   15.70626 6.7425e-02     0.2757  0.7047989 0.0000e+00
        396 184.615402    0.02743     1.6458     98.746     53.507  50418.730    31.5683     6.4289     53.000     6.4076    24.7901     6.9956    10.0116     99.938    304.865    312.424   -0.01024    6.99996    9.99985  305.05425   15.71532 6.5409e-02     0.2632  0.7039200 0.0000e+00
        399 184.615410    0.02761     1.6564     99.383     54.516  50430.092    31.5718     6.4079     54.000     6.3916    24.7955     7.0111    10.0192    100.127    305.541    313.118   -0.00838    7.00229   10.00450  305.15464   15.72198 6.3639e-02     0.2595  0.7080089 0.0000e+00
        401 184.615417    0.02779     1.6672    100.033     55.526  50437.149    31.5734     6.3931     55.000     6.3793    24.7986     7.0176    10.0244    100.196    305.821    313.406   -0.00714    7.00388   10.00785  305.22362   15.72681 6.2126e-02     0.2723  0.7328165 0.0000e+00
