CTD-processing/allCTD/CNV/2012_10-12_t9_s02_cast202_4141.cnv
* Sea-Bird SBE19plus Data File:
* FileName = C:\Documents and Settings\kris.holderied.local\My Documents\2012-CTD-DATA-new-files\2012-10-12-CTD-HomerSpit\2012-10-12-HomerSpitLine-cast202.hex
* Software Version 1.54
* Temperature SN =  4141
* Conductivity SN =  4141
* System UpLoad Time = Oct 26 2012 15:13:26
** Kachemak Bay Homer Spit Line
** Date:  2012-10-12
** Station:9-02
** Start time (AKDT-24 hr):1255
** Depth (ft):250
** Comment:Started initial cast then line caught.  Pulled up and restarted cast from surface.
# nquan = 27
# nvalues = 71                          
# units = specified
# name 0 = scan: Scan Count
# name 1 = timeJ: Julian Days
# name 2 = timeH: Time, Elapsed [hours]
# name 3 = timeM: Time, Elapsed [minutes]
# name 4 = timeS: Time, Elapsed [seconds]
# name 5 = prdM: Pressure, Strain Gauge [db]
# name 6 = specc: Specific Conductance [uS/cm]
# name 7 = sal00: Salinity, Practical [PSU]
# name 8 = tv290C: Temperature [ITS-90, deg C]
# name 9 = depSM: Depth [salt water, m], lat = 59.00
# name 10 = potemp090C: Potential Temperature [ITS-90, deg C]
# name 11 = sigma-é00: Density [sigma-theta, kg/m^3]
# name 12 = sbeox0ML/L: Oxygen, SBE 43 [ml/l]
# name 13 = sbeox0Mg/L: Oxygen, SBE 43 [mg/l]
# name 14 = sbeox0PS: Oxygen, SBE 43 [% saturation]
# name 15 = sbox0Mm/Kg: Oxygen, SBE 43 [umol/kg]
# name 16 = sbeox0Mm/L: Oxygen, SBE 43 [umol/l]
# name 17 = sbox0dV/dT: Oxygen, SBE 43 [dov/dt]
# name 18 = oxsolML/L: Oxygen Saturation, Garcia & Gordon [ml/l]
# name 19 = oxsolMg/L: Oxygen Saturation, Garcia & Gordon [mg/l]
# name 20 = oxsolMm/Kg: Oxygen Saturation, Garcia & Gordon [umol/kg]
# name 21 = n2satMg/L: Nitrogen Saturation [mg/l]
# name 22 = par: PAR/Irradiance, Biospherical/Licor
# name 23 = wetStar: Fluorescence, WET Labs WETstar [mg/m^3]
# name 24 = CStarAt0: Beam Attenuation, WET Labs C-Star [1/m]
# name 25 = CStarTr0: Beam Transmission, WET Labs C-Star [%]
# name 26 = flag: flag
# span 0 =        403,       1370       
# span 1 = 286.539519, 286.542318       
# span 2 =    0.02791,    0.09506       
# span 3 =     1.6743,     5.7036       
# span 4 =    100.459,    342.214       
# span 5 =      1.029,     71.654       
# span 6 =  44179.527,  47727.833       
# span 7 =    27.6219,    30.1716       
# span 8 =     8.6741,     9.5516       
# span 9 =      1.000,     71.000       
# span 10 =     8.7336,     9.5442      
# span 11 =    21.3939,    23.2568      
# span 12 =     5.2852,     6.1221      
# span 13 =     7.5529,     8.7492      
# span 14 =     80.346,     90.456      
# span 15 =    230.669,    267.688      
# span 16 =    236.033,    273.415      
# span 17 =   -0.01424,    0.00487      
# span 18 =    6.57790,    6.81949      
# span 19 =    9.40049,    9.74574      
# span 20 =  287.09247,  298.17953      
# span 21 =   14.86910,   15.40926      
# span 22 = 4.0707e-02, 3.1421e+02      
# span 23 =     0.1854,     1.5959      
# span 24 =     0.2879,     1.3131      
# span 25 =    72.0142,    93.0557      
# span 26 = 0.0000e+00, 0.0000e+00      
# interval = meters: 1                  
# start_time = Oct 12 2012 12:55:14 [Instrument's time stamp, header]
# bad_flag = -9.990e-29
*END*
[from data line 54]
       1321 286.542177    0.09169     5.5011    330.064     55.527  47315.533    29.8784     9.4656     55.000     9.4621    23.0409     5.6125     8.0209     85.002    245.010    250.656   -0.00237    6.60286    9.43615  288.24253   14.92527 1.1129e-01     0.3375     0.5062    88.1109 0.0000e+00
       1324 286.542186    0.09190     5.5139    330.832     56.539  47348.537    29.9014     9.4690     56.000     9.4674    23.0584     5.5939     7.9943     84.739    244.195    249.827   -0.00415    6.60139    9.43405  288.17322   14.92186 9.9257e-02     0.3405     0.5385    87.4043 0.0000e+00
       1327 286.542194    0.09210     5.5261    331.564     57.546  47468.713    29.9863     9.4780     57.000     9.4833    23.1232     5.5781     7.9716     84.561    243.485    249.116   -0.00541    6.59646    9.42700  287.93990   14.91036 8.7726e-02     0.3088     0.6129    85.7940 0.0000e+00
       1330 286.542203    0.09230     5.5383    332.301     58.555  47482.968    29.9978     9.4928     58.000     9.4903    23.1298     5.5618     7.9484     84.349    242.775    248.391   -0.00576    6.59382    9.42324  287.82287   14.90472 7.7728e-02     0.3266     0.7353    83.2070 0.0000e+00
       1333 286.542212    0.09251     5.5508    333.047     59.565  47480.139    29.9959     9.4970     59.000     9.4920    23.1278     5.5229     7.8927     83.765    241.076    246.651   -0.00933    6.59328    9.42246  287.79986   14.90363 6.9147e-02     0.3300     0.7955    81.9653 0.0000e+00
       1336 286.542219    0.09272     5.5633    333.796     60.576  47516.515    30.0213     9.5001     60.000     9.4988    23.1472     5.4779     7.8285     83.103    239.111    244.646   -0.01408    6.59177    9.42028  287.72798   14.90009 6.2961e-02     0.2844     0.8171    81.5228 0.0000e+00
       1339 286.542229    0.09293     5.5758    334.551     61.585  47528.398    30.0301     9.5073     61.000     9.5032    23.1530     5.4567     7.7981     82.798    238.180    243.694   -0.01424    6.59032    9.41823  287.66353   14.89697 5.7648e-02     0.2728     0.9489    78.8840 0.0000e+00
       1342 286.542238    0.09314     5.5884    335.302     62.595  47530.274    30.0314     9.5101     62.000     9.5053    23.1536     5.4456     7.7824     82.637    237.699    243.203   -0.01185    6.58986    9.41758  287.64326   14.89599 5.3104e-02     0.2524     1.0662    76.5988 0.0000e+00
       1345 286.542245    0.09334     5.6008    336.046     63.603  47554.710    30.0484     9.5133     63.000     9.5095    23.1664     5.4304     7.7605     82.419    237.029    242.519   -0.01098    6.58868    9.41589  287.58807   14.89329 4.9447e-02     0.2678     1.1650    74.7366 0.0000e+00
       1348 286.542255    0.09356     5.6137    336.820     64.612  47578.956    30.0657     9.5179     64.000     9.5147    23.1791     5.4186     7.7438     82.258    236.513    241.995   -0.00988    6.58729    9.41389  287.52367   14.89014 4.6833e-02     0.2418     1.2648    72.8901 0.0000e+00
       1351 286.542264    0.09378     5.6270    337.622     65.625  47589.788    30.0734     9.5229     65.000     9.5180    23.1844     5.4017     7.7196     82.015    235.774    241.241   -0.00931    6.58623    9.41239  287.47608   14.88784 4.5360e-02     0.2472     1.1880    74.3071 0.0000e+00
       1355 286.542273    0.09400     5.6398    338.385     66.635  47603.370    30.0829     9.5262     66.000     9.5208    23.1914     5.3830     7.6929     81.743    234.958    240.407   -0.00975    6.58533    9.41111  287.43516   14.88584 4.3855e-02     0.2401     1.1410    75.1843 0.0000e+00
       1358 286.542282    0.09421     5.6524    339.145     67.642  47625.537    30.0983     9.5284     67.000     9.5262    23.2030     5.3726     7.6780     81.597    234.499    239.941   -0.00893    6.58437    9.40973  287.38987   14.88361 4.2951e-02     0.2472     1.1014    75.9326 0.0000e+00
       1361 286.542291    0.09443     5.6656    339.934     68.654  47720.309    30.1656     9.5387     68.000     9.5396    23.2540     5.3660     7.6685     81.549    234.197    239.643   -0.00707    6.58002    9.40350  287.18540   14.87357 4.2226e-02     0.2268     1.0816    76.3069 0.0000e+00
       1364 286.542299    0.09464     5.6783    340.701     69.664  47727.161    30.1713     9.5492     69.000     9.5437    23.2568     5.3541     7.6515     81.390    233.678    239.113   -0.00639    6.57825    9.40098  287.10748   14.86982 4.1580e-02     0.2306     1.1444    75.1241 0.0000e+00
       1367 286.542308    0.09484     5.6905    341.433     70.670  47727.833    30.1716     9.5514     70.000     9.5441    23.2568     5.3240     7.6086     80.939    232.368    237.772   -0.00871    6.57792    9.40052  287.09329   14.86914 4.1289e-02     0.2106     1.2476    73.2089 0.0000e+00
       1370 286.542318    0.09506     5.7036    342.214     71.654  47727.721    30.1713     9.5516     71.000     9.5442    23.2564     5.2852     7.5529     80.346    230.669    236.033   -0.01269    6.57790    9.40049  287.09247   14.86910 4.0707e-02     0.1854     1.3067    72.1318 0.0000e+00
