CTD-processing/allCTD/CNV/2012_06-25_subbays_halibuta_cast128_5028.cnv
* Sea-Bird SBE19plus Data File:
* FileName = C:\Documents and Settings\glenn.seaman\My Documents\KHolderied-files\CTD-DATA-FILES\2012-CTD-KachemakBay\2012-06-25-CTD-KachemakBay-subbays\2012-06-25-KBay-subbays-cast128.hex
* Software Version 1.59
* Temperature SN =  5028
* Conductivity SN =  5028
* System UpLoad Time = Jun 27 2012 00:45:38
** KachemakBay-Subbay-Survey
** Date: 2012-06-25
** Station: Halibut Cove A - near mouth on east side
** Start time (AKDT-24hr): 2007
** Depth (ft): 234
** Lat: 59d 36.505m N
** Long: 151d 14.615m W
** Winds southwesterly 10 kts. Seas westerly 1 ft. Rain.
# nquan = 26
# nvalues = 66                          
# units = specified
# name 0 = scan: Scan Count
# name 1 = timeJ: Julian Days
# name 2 = timeH: Time, Elapsed [hours]
# name 3 = timeM: Time, Elapsed [minutes]
# name 4 = timeS: Time, Elapsed [seconds]
# name 5 = prdM: Pressure, Strain Gauge [db]
# name 6 = specc: Specific Conductance [uS/cm]
# name 7 = sal00: Salinity, Practical [PSU]
# name 8 = tv290C: Temperature [ITS-90, deg C]
# name 9 = depSM: Depth [salt water, m], lat = 59.00
# name 10 = potemp090C: Potential Temperature [ITS-90, deg C]
# name 11 = sigma-é00: Density [sigma-theta, kg/m^3]
# name 12 = sbeox0ML/L: Oxygen, SBE 43 [ml/l]
# name 13 = sbeox0Mg/L: Oxygen, SBE 43 [mg/l]
# name 14 = sbeox0PS: Oxygen, SBE 43 [% saturation]
# name 15 = sbox0Mm/Kg: Oxygen, SBE 43 [umol/kg]
# name 16 = sbeox0Mm/L: Oxygen, SBE 43 [umol/l]
# name 17 = sbox0dV/dT: Oxygen, SBE 43 [dov/dt]
# name 18 = oxsolML/L: Oxygen Saturation, Garcia & Gordon [ml/l]
# name 19 = oxsolMg/L: Oxygen Saturation, Garcia & Gordon [mg/l]
# name 20 = oxsolMm/Kg: Oxygen Saturation, Garcia & Gordon [umol/kg]
# name 21 = n2satMg/L: Nitrogen Saturation [mg/l]
# name 22 = par: PAR/Irradiance, Biospherical/Licor [umol photons/m^2/sec]
# name 23 = flECO-AFL: Fluorescence, WET Labs ECO-AFL/FL [mg/m^3]
# name 24 = upoly0: Upoly 0, ECO-FLNTUS
# name 25 = flag: flag
# span 0 =        340,        508       
# span 1 = 177.839755, 177.840240       
# span 2 =    0.02356,    0.03522       
# span 3 =     1.4140,     2.1128       
# span 4 =     84.839,    126.769       
# span 5 =      1.009,     66.633       
# span 6 =  43913.711,  50595.247       
# span 7 =    27.7690,    31.5026       
# span 8 =     5.5023,    11.7869       
# span 9 =      1.000,     66.000       
# span 10 =     5.4955,    11.7823      
# span 11 =    21.0178,    24.8485      
# span 12 =     6.6930,     7.7062      
# span 13 =     9.7121,    10.8867      
# span 14 =     97.177,    112.537      
# span 15 =    292.376,    336.037      
# span 16 =    298.911,    344.157      
# span 17 =   -0.01291,    0.06097      
# span 18 =    6.36010,    7.15505      
# span 19 =    9.09265,   10.22462      
# span 20 =  278.17969,  311.79665      
# span 21 =   14.45814,   16.04131      
# span 22 = 4.6838e-02, 2.0009e+01      
# span 23 =     0.4305,     4.2744      
# span 24 =  0.8419010,  2.1699910      
# span 25 = 0.0000e+00, 0.0000e+00      
# interval = meters: 1                  
# start_time = Jun 25 2012 20:07:50 [Instrument's time stamp, header]
# bad_flag = -9.990e-29
*END*
[from data line 56]
        484 177.840170    0.03352     2.0112    120.675     57.546  50562.839    31.4944     5.5501     57.000     5.5413    24.8366     6.9724     9.9645     97.558    303.843    311.390   -0.00463    7.14698   10.21358  311.44852   16.02548 4.7470e-02     0.4573  1.2310795 0.0000e+00
        486 177.840177    0.03369     2.0215    121.293     58.556  50567.338    31.4959     5.5448     58.000     5.5362    24.8384     6.9677     9.9578     97.480    303.635    311.176   -0.00445    7.14784   10.21479  311.48543   16.02720 4.7381e-02     0.4428  1.2410681 0.0000e+00
        489 177.840184    0.03387     2.0319    121.911     59.566  50571.412    31.4972     5.5398     59.000     5.5317    24.8400     6.9624     9.9510     97.395    303.401    310.938   -0.00427    7.14859   10.21590  311.51792   16.02879 4.7308e-02     0.4349  1.2436913 0.0000e+00
        491 177.840191    0.03404     2.0422    122.531     60.575  50574.502    31.4980     5.5355     60.000     5.5275    24.8411     6.9558     9.9444     97.295    303.115    310.645   -0.00420    7.14918   10.21689  311.54289   16.03021 4.7253e-02     0.4327  1.2486263 0.0000e+00
        494 177.840199    0.03421     2.0526    123.153     61.584  50576.920    31.4984     5.5313     61.000     5.5229    24.8418     6.9534     9.9406     97.253    303.010    310.537   -0.00396    7.14975   10.21789  311.56784   16.03164 4.7194e-02     0.4315  1.2631782 0.0000e+00
        496 177.840206    0.03439     2.0630    123.782     62.595  50579.333    31.4985     5.5266     62.000     5.5175    24.8425     6.9538     9.9392     97.250    303.030    310.557   -0.00357    7.15049   10.21901  311.60019   16.03327 4.7126e-02     0.4305  1.2635701 0.0000e+00
        499 177.840213    0.03456     2.0737    124.425     63.604  50582.520    31.4991     5.5208     63.000     5.5112    24.8436     6.9537     9.9380     97.233    303.023    310.552   -0.00326    7.15155   10.22037  311.64618   16.03522 4.7058e-02     0.4360  1.2648977 0.0000e+00
        501 177.840221    0.03475     2.0848    125.091     64.614  50586.675    31.5001     5.5144     64.000     5.5050    24.8452     6.9523     9.9367     97.197    302.965    310.493   -0.00305    7.15281   10.22186  311.70038   16.03736 4.6993e-02     0.4494  1.2830060 0.0000e+00
        504 177.840229    0.03495     2.0969    125.812     65.624  50591.104    31.5014     5.5081     65.000     5.4997    24.8469     6.9524     9.9362     97.181    302.964    310.492   -0.00278    7.15399   10.22330  311.75096   16.03942 4.6922e-02     0.4553  1.3136714 0.0000e+00
        508 177.840240    0.03522     2.1128    126.769     66.633  50595.247    31.5026     5.5023     66.000     5.4955    24.8485     6.9531     9.9362     97.177    302.994    310.523   -0.00241    7.15505   10.22462  311.79665   16.04131 4.6838e-02     0.4556  1.3132837 0.0000e+00
