CTD-processing/allCTD/CNV/2012_09-21_t9_s02_repeat1_cast151_4141.cnv
* Sea-Bird SBE19plus Data File:
* FileName = C:\Documents and Settings\kris.holderied.local\My Documents\2012-CTD-DATA-new-files\2012-09-21-CTD-HomerSpit-tide-time-series-KBRRctd\2012-09-21-HomerSpit-repeat1-cast151.hex
* Software Version 1.54
* Temperature SN =  4141
* Conductivity SN =  4141
* System UpLoad Time = Oct 11 2012 18:12:39
** Kachemak Bay Homer Spit Line - Tidal repeat 1
** Date:  2012-09-21
** Station: 9-02
** Start time (AKDT-24 hr): 1043
** Depth (ft): 240
** Comment:Slightly less turbid >1 m visibility.  Still lots of debris.
# nquan = 27
# nvalues = 70                          
# units = specified
# name 0 = scan: Scan Count
# name 1 = timeJ: Julian Days
# name 2 = timeH: Time, Elapsed [hours]
# name 3 = timeM: Time, Elapsed [minutes]
# name 4 = timeS: Time, Elapsed [seconds]
# name 5 = prdM: Pressure, Strain Gauge [db]
# name 6 = specc: Specific Conductance [uS/cm]
# name 7 = sal00: Salinity, Practical [PSU]
# name 8 = tv290C: Temperature [ITS-90, deg C]
# name 9 = depSM: Depth [salt water, m], lat = 59.00
# name 10 = potemp090C: Potential Temperature [ITS-90, deg C]
# name 11 = sigma-é00: Density [sigma-theta, kg/m^3]
# name 12 = sbeox0ML/L: Oxygen, SBE 43 [ml/l]
# name 13 = sbeox0Mg/L: Oxygen, SBE 43 [mg/l]
# name 14 = sbeox0PS: Oxygen, SBE 43 [% saturation]
# name 15 = sbox0Mm/Kg: Oxygen, SBE 43 [umol/kg]
# name 16 = sbeox0Mm/L: Oxygen, SBE 43 [umol/l]
# name 17 = sbox0dV/dT: Oxygen, SBE 43 [dov/dt]
# name 18 = oxsolML/L: Oxygen Saturation, Garcia & Gordon [ml/l]
# name 19 = oxsolMg/L: Oxygen Saturation, Garcia & Gordon [mg/l]
# name 20 = oxsolMm/Kg: Oxygen Saturation, Garcia & Gordon [umol/kg]
# name 21 = n2satMg/L: Nitrogen Saturation [mg/l]
# name 22 = par: PAR/Irradiance, Biospherical/Licor
# name 23 = wetStar: Fluorescence, WET Labs WETstar [mg/m^3]
# name 24 = CStarAt0: Beam Attenuation, WET Labs C-Star [1/m]
# name 25 = CStarTr0: Beam Transmission, WET Labs C-Star [%]
# name 26 = flag: flag
# span 0 =        313,        635       
# span 1 = 265.447627, 265.448559       
# span 2 =    0.02166,    0.04404       
# span 3 =     1.2996,     2.6424       
# span 4 =     77.974,    158.544       
# span 5 =      1.012,     70.620       
# span 6 =  45786.520,  48746.712       
# span 7 =    28.8496,    30.8643       
# span 8 =     9.3841,     9.6722       
# span 9 =      1.000,     70.000       
# span 10 =     9.3747,     9.6761      
# span 11 =    22.2147,    23.8235      
# span 12 =     5.2621,     5.9200      
# span 13 =     7.5200,     8.4602      
# span 14 =     80.059,     90.012      
# span 15 =    229.537,    258.458      
# span 16 =    235.005,    264.384      
# span 17 =   -0.02312,    0.00280      
# span 18 =    6.54736,    6.62522      
# span 19 =    9.35684,    9.46810      
# span 20 =  285.67193,  289.45092      
# span 21 =   14.79946,   14.98724      
# span 22 = 6.4056e-02, 1.1174e+02      
# span 23 =     0.4448,     1.5136      
# span 24 =     0.5813,     2.1578      
# span 25 =    60.2978,    86.4649      
# span 26 = 0.0000e+00, 0.0000e+00      
# interval = meters: 1                  
# start_time = Sep 21 2012 10:43:17 [Instrument's time stamp, header]
# bad_flag = -9.990e-29
*END*
        313 265.447627    0.02166     1.2996     77.974      1.012  45786.520    28.8496     9.6110      1.000     9.6267    22.2147     5.9043     8.4379     89.120    257.956    263.687    0.00022    6.62522    9.46810  289.45092   14.98724 1.1174e+02     1.1540     2.1578    60.2978 0.0000e+00
        377 265.447811    0.02608     1.5649     93.893      2.017  47109.188    29.7819     9.6722      2.000     9.6761    22.9326     5.9200     8.4602     90.012    258.458    264.384    0.00094    6.57684    9.39895  287.13678   14.87280 1.0827e+02     1.3963     1.0819    76.1621 0.0000e+00
        380 265.447820    0.02630     1.5780     94.680      3.033  47622.419    30.1404     9.6678      3.000     9.6598    23.2129     5.8539     8.3659     89.206    255.507    261.438   -0.00549    6.56234    9.37824  286.42522   14.83731 8.2299e+01     1.5128     0.7724    82.4093 0.0000e+00
        385 265.447835    0.02665     1.5986     95.913      4.039  47709.360    30.1991     9.6530      4.000     9.6501    23.2611     5.7246     8.1811     87.239    249.851    255.663   -0.02110    6.56202    9.37778  286.39789   14.83576 6.9079e+01     1.4694     0.7131    83.6695 0.0000e+00
        389 265.447847    0.02694     1.6166     96.997      5.041  47715.868    30.2030     9.6510      5.000     9.6509    23.2645     5.6617     8.0912     86.278    247.103    252.853   -0.02312    6.56214    9.37796  286.40225   14.83595 5.4865e+01     1.5090     0.7158    83.6155 0.0000e+00
        394 265.447861    0.02727     1.6364     98.185      6.065  47716.312    30.2030     9.6514      6.000     9.6487    23.2644     5.6463     8.0692     86.045    246.434    252.166   -0.01726    6.56208    9.37787  286.39963   14.83583 4.3445e+01     1.2153     0.7064    83.8107 0.0000e+00
        399 265.447875    0.02761     1.6564     99.384      7.066  47716.719    30.2024     9.6481      7.000     9.6476    23.2645     5.6756     8.1110     86.484    247.709    253.472   -0.00649    6.56256    9.37856  286.42076   14.83684 3.4333e+01     1.3693     0.7189    83.5493 0.0000e+00
        403 265.447889    0.02795     1.6765    100.591      8.070  47722.427    30.2059     9.6484      8.000     9.6470    23.2673     5.6750     8.1101     86.478    247.683    253.446   -0.00376    6.56238    9.37830  286.41187   14.83640 2.6534e+01     1.5136     0.7160    83.6119 0.0000e+00
        408 265.447903    0.02829     1.6976    101.857      9.087  47729.255    30.2103     9.6477      9.000     9.6461    23.2708     5.6787     8.1154     86.535    247.842    253.610   -0.00204    6.56231    9.37819  286.40763   14.83618 2.1379e+01     1.4758     0.7161    83.6089 0.0000e+00
        413 265.447917    0.02862     1.7175    103.049     10.092  47747.080    30.2221     9.6452     10.000     9.6426    23.2804     5.6755     8.1109     86.488    247.703    253.469   -0.00161    6.56217    9.37800  286.39922   14.83573 1.6815e+01     1.4426     0.7263    83.3951 0.0000e+00
        418 265.447931    0.02897     1.7379    104.272     11.108  47768.867    30.2366     9.6424     11.000     9.6411    23.2922     5.6631     8.0931     86.302    247.158    252.914   -0.00282    6.56196    9.37770  286.38663   14.83507 1.3202e+01     1.4513     0.7121    83.6916 0.0000e+00
        422 265.447944    0.02927     1.7559    105.352     12.106  47784.388    30.2469     9.6416     12.000     9.6376    23.3004     5.6599     8.0886     86.257    247.014    252.770   -0.00244    6.56165    9.37726  286.37077   14.83427 1.0409e+01     1.4642     0.7414    83.0823 0.0000e+00
        428 265.447959    0.02963     1.7780    106.679     13.132  47806.470    30.2613     9.6359     13.000     9.6347    23.3125     5.6583     8.0863     86.231    246.944    252.701   -0.00161    6.56186    9.37756  286.37656   14.83449 8.4143e+00     1.3859     0.7262    83.3986 0.0000e+00
        432 265.447973    0.02996     1.7976    107.858     14.132  47822.428    30.2724     9.6386     14.000     9.6384    23.3208     5.6484     8.0720     86.090    246.507    252.255   -0.00237    6.56100    9.37633  286.33675   14.83254 6.6569e+00     1.3927     0.7341    83.2336 0.0000e+00
        437 265.447986    0.03029     1.8171    109.027     15.137  47830.738    30.2781     9.6407     15.000     9.6389    23.3249     5.6503     8.0749     86.128    246.594    252.346   -0.00144    6.56046    9.37555  286.31179   14.83132 5.2489e+00     1.4644     0.7719    82.4516 0.0000e+00
        442 265.448001    0.03063     1.8378    110.266     16.157  47837.830    30.2826     9.6401     16.000     9.6388    23.3285     5.6544     8.0807     86.190    246.767    252.524   -0.00013    6.56036    9.37541  286.30646   14.83105 4.1941e+00     1.4235     0.7617    82.6613 0.0000e+00
        446 265.448013    0.03091     1.8549    111.292     17.168  47844.392    30.2870     9.6421     17.000     9.6418    23.3316     5.6518     8.0771     86.159    246.658    252.413   -0.00060    6.55988    9.37472  286.28467   14.82999 3.3063e+00     1.3774     0.7919    82.0392 0.0000e+00
        450 265.448023    0.03115     1.8688    112.127     18.170  47855.713    30.2948     9.6444     18.000     9.6430    23.3374     5.6474     8.0707     86.099    246.460    252.213   -0.00093    6.55922    9.37378  286.25453   14.82852 2.5885e+00     1.3820     0.8310    81.2420 0.0000e+00
        453 265.448032    0.03138     1.8828    112.967     19.178  47864.885    30.3009     9.6453     19.000     9.6435    23.3421     5.6472     8.0704     86.100    246.450    252.203   -0.00111    6.55884    9.37324  286.23629   14.82763 2.0598e+00     1.2612     0.8416    81.0272 0.0000e+00
        456 265.448042    0.03163     1.8975    113.848     20.189  47867.264    30.3022     9.6457     20.000     9.6436    23.3431     5.6522     8.0777     86.180    246.673    252.431    0.00002    6.55872    9.37306  286.23097   14.82736 1.6375e+00     1.3846     0.8198    81.4682 0.0000e+00
        460 265.448053    0.03189     1.9134    114.806     21.205  47873.648    30.3063     9.6459     21.000     9.6439    23.3462     5.6544     8.0807     86.215    246.764    252.526    0.00024    6.55852    9.37278  286.22142   14.82689 1.3134e+00     1.2632     0.8048    81.7749 0.0000e+00
        464 265.448063    0.03213     1.9277    115.661     22.205  47882.438    30.3121     9.6465     22.000     9.6447    23.3507     5.6553     8.0820     86.233    246.804    252.568    0.00029    6.55818    9.37229  286.20513   14.82609 1.0295e+00     1.2746     0.8291    81.2820 0.0000e+00
        467 265.448073    0.03237     1.9422    116.534     23.218  47887.549    30.3154     9.6474     23.000     9.6444    23.3532     5.6563     8.0834     86.251    246.844    252.608    0.00023    6.55791    9.37191  286.19293   14.82550 8.2047e-01     1.2851     0.8427    81.0034 0.0000e+00
        471 265.448083    0.03261     1.9565    117.393     24.227  47904.595    30.3267     9.6450     24.000     9.6386    23.3624     5.6561     8.0831     86.250    246.834    252.601    0.00015    6.55778    9.37172  286.18468   14.82505 6.5457e-01     1.4895     0.8382    81.0957 0.0000e+00
        474 265.448093    0.03284     1.9705    118.230     25.233  47912.805    30.3314     9.6398     25.000     9.6370    23.3668     5.6517     8.0767     86.174    246.638    252.401   -0.00065    6.55834    9.37252  286.20765   14.82614 5.1902e-01     1.2265     0.8423    81.0114 0.0000e+00
        478 265.448104    0.03310     1.9857    119.144     26.258  47925.455    30.3397     9.6388     26.000     9.6337    23.3735     5.6380     8.0574     85.971    246.046    251.796   -0.00237    6.55815    9.37225  286.19727   14.82560 4.1104e-01     1.1957     0.8327    81.2056 0.0000e+00
        481 265.448113    0.03331     1.9987    119.919     27.249  47931.192    30.3431     9.6368     27.000     9.6335    23.3764     5.6307     8.0468     85.855    245.720    251.464   -0.00329    6.55829    9.37245  286.20260   14.82584 3.3532e-01     1.2365     0.8361    81.1382 0.0000e+00
        484 265.448123    0.03356     2.0139    120.836     28.276  47942.012    30.3499     9.6344     28.000     9.6263    23.3822     5.6331     8.0503     85.892    245.827    251.575   -0.00216    6.55835    9.37253  286.20361   14.82586 2.6957e-01     1.1328     0.8242    81.3795 0.0000e+00
        487 265.448132    0.03378     2.0269    121.614     29.271  47949.670    30.3540     9.6276     29.000     9.6226    23.3864     5.6345     8.0522     85.902    245.885    251.636   -0.00141    6.55916    9.37369  286.23788   14.82748 2.2203e-01     1.2937     0.8322    81.2172 0.0000e+00
        491 265.448142    0.03402     2.0413    122.477     30.284  47962.205    30.3621     9.6252     30.000     9.6222    23.3931     5.6283     8.0434     85.809    245.615    251.361   -0.00184    6.55916    9.37370  286.23636   14.82738 1.8505e-01     1.1651     0.8242    81.3794 0.0000e+00
        495 265.448153    0.03429     2.0569    123.415     31.299  47974.436    30.3703     9.6259     31.000     9.6230    23.3994     5.6177     8.0282     85.652    245.148    250.885   -0.00295    6.55872    9.37306  286.21488   14.82632 1.5578e-01     1.1388     0.7935    82.0053 0.0000e+00
        498 265.448163    0.03451     2.0710    124.261     32.304  47975.429    30.3707     9.6267     32.000     9.6232    23.3996     5.6172     8.0276     85.647    245.129    250.866   -0.00250    6.55858    9.37286  286.20883   14.82603 1.3349e-01     1.2077     0.8184    81.4978 0.0000e+00
        502 265.448173    0.03476     2.0857    125.139     33.315  47969.415    30.3660     9.6263     33.000     9.6224    23.3960     5.6210     8.0330     85.702    245.296    251.034   -0.00124    6.55884    9.37324  286.22120   14.82664 1.1817e-01     1.1839     0.8169    81.5278 0.0000e+00
        505 265.448183    0.03500     2.1000    126.000     34.324  47969.583    30.3656     9.6259     34.000     9.6222    23.3959     5.6176     8.0280     85.648    245.145    250.880   -0.00128    6.55892    9.37335  286.22482   14.82682 1.0697e-01     1.1660     0.8087    81.6971 0.0000e+00
        509 265.448193    0.03525     2.1146    126.875     35.332  47977.732    30.3709     9.6259     35.000     9.6222    23.4000     5.6150     8.0243     85.611    245.029    250.763   -0.00156    6.55869    9.37302  286.21363   14.82626 9.7547e-02     1.1203     0.8044    81.7821 0.0000e+00
        512 265.448203    0.03550     2.1297    127.780     36.347  48026.275    30.4046     9.6260     36.000     9.6222    23.4263     5.6119     8.0200     85.583    244.891    250.629   -0.00130    6.55726    9.37098  286.14380   14.82278 9.0061e-02     1.0636     0.7965    81.9452 0.0000e+00
        515 265.448213    0.03572     2.1435    128.610     37.348  48085.092    30.4455     9.6265     37.000     9.6245    23.4582     5.6091     8.0159     85.564    244.761    250.502   -0.00142    6.55545    9.36840  286.05620   14.81843 8.5374e-02     1.1967     0.8109    81.6507 0.0000e+00
        519 265.448223    0.03598     2.1591    129.546     38.369  48123.479    30.4726     9.6311     38.000     9.6311    23.4786     5.6166     8.0267     85.702    245.083    250.837    0.00020    6.55366    9.36583  285.97206   14.81430 8.1500e-02     1.0751     0.8149    81.5690 0.0000e+00
        522 265.448233    0.03621     2.1724    130.341     39.368  48124.620    30.4737     9.6364     39.000     9.6331    23.4786     5.6211     8.0331     85.781    245.281    251.039    0.00090    6.55284    9.36466  285.93627   14.81258 7.8565e-02     1.1665     0.8289    81.2832 0.0000e+00
        526 265.448243    0.03645     2.1867    131.203     40.385  48128.018    30.4757     9.6373     40.000     9.6339    23.4801     5.6330     8.0501     85.965    245.799    251.570    0.00206    6.55262    9.36436  285.92664   14.81211 7.6233e-02     1.0907     0.8273    81.3152 0.0000e+00
        529 265.448252    0.03667     2.2002    132.013     41.389  48154.624    30.4943     9.6397     41.000     9.6382    23.4942     5.6383     8.0578     86.062    246.029    251.809    0.00280    6.55150    9.36275  285.87353   14.80949 7.4316e-02     0.9777     0.8238    81.3897 0.0000e+00
        532 265.448262    0.03690     2.2140    132.842     42.398  48156.796    30.4958     9.6431     42.000     9.6381    23.4949     5.6402     8.0604     86.097    246.109    251.891    0.00206    6.55095    9.36195  285.84912   14.80832 7.2575e-02     1.0593     0.8369    81.1211 0.0000e+00
        536 265.448272    0.03714     2.2286    133.716     43.413  48165.121    30.5010     9.6416     43.000     9.6356    23.4993     5.6426     8.0638     86.134    246.212    251.998    0.00180    6.55095    9.36195  285.84782   14.80824 7.1625e-02     1.0178     0.8535    80.7860 0.0000e+00
        539 265.448282    0.03737     2.2425    134.551     44.416  48182.250    30.5124     9.6393     44.000     9.6326    23.5085     5.6402     8.0603     86.099    246.104    251.889    0.00094    6.55079    9.36174  285.83882   14.80776 7.1116e-02     0.9823     0.8791    80.2686 0.0000e+00
        543 265.448293    0.03764     2.2581    135.486     45.435  48215.979    30.5351     9.6355     45.000     9.6289    23.5268     5.6324     8.0492     85.985    245.757    251.539   -0.00058    6.55039    9.36116  285.81587   14.80658 7.0060e-02     1.0342     0.8672    80.5094 0.0000e+00
        546 265.448302    0.03787     2.2717    136.304     46.437  48238.357    30.5501     9.6332     46.000     9.6278    23.5389     5.6290     8.0443     85.937    245.608    251.389   -0.00114    6.55008    9.36072  285.79917   14.80571 6.9599e-02     1.0004     0.8501    80.8532 0.0000e+00
        550 265.448312    0.03811     2.2867    137.200     47.448  48244.998    30.5543     9.6327     47.000     9.6280    23.5423     5.6281     8.0431     85.925    245.568    251.350   -0.00098    6.54998    9.36057  285.79373   14.80544 6.9310e-02     0.8925     0.8287    81.2872 0.0000e+00
        553 265.448323    0.03836     2.3021    138.125     48.461  48249.732    30.5573     9.6333     48.000     9.6281    23.5445     5.6204     8.0321     85.810    245.232    251.006   -0.00165    6.54976    9.36027  285.78381   14.80496 6.8495e-02     0.8453     0.7915    82.0483 0.0000e+00
        557 265.448333    0.03861     2.3169    139.014     49.467  48254.007    30.5598     9.6332     49.000     9.6282    23.5466     5.6199     8.0314     85.805    245.211    250.985   -0.00169    6.54966    9.36012  285.77875   14.80470 6.8600e-02     0.9088     0.7930    82.0153 0.0000e+00
        561 265.448345    0.03888     2.3327    139.962     50.479  48261.828    30.5650     9.6340     50.000     9.6302    23.5505     5.6280     8.0430     85.933    245.564    251.348    0.00004    6.54933    9.35965  285.76331   14.80394 6.8486e-02     0.9470     0.7674    82.5439 0.0000e+00
        564 265.448354    0.03912     2.3469    140.815     51.486  48265.544    30.5675     9.6364     51.000     9.6312    23.5521     5.6231     8.0360     85.864    245.351    251.129   -0.00039    6.54890    9.35903  285.74392   14.80300 6.8437e-02     0.8815     0.7371    83.1726 0.0000e+00
        568 265.448365    0.03937     2.3623    141.740     52.496  48278.179    30.5761     9.6373     52.000     9.6343    23.5586     5.6232     8.0361     85.871    245.350    251.130   -0.00085    6.54840    9.35831  285.72028   14.80184 6.8385e-02     0.8149     0.7124    83.6881 0.0000e+00
        572 265.448376    0.03962     2.3777    142.660     53.512  48299.819    30.5912     9.6401     53.000     9.6310    23.5700     5.6355     8.0537     86.073    245.885    251.681    0.00141    6.54736    9.35684  285.67193   14.79946 6.8254e-02     0.8632     0.6226    85.5901 0.0000e+00
