CTD-processing/allCTD/CNV/2013_06-06_alongbay_skb08_inner_cast164_5028.cnv
* Sea-Bird SBE19plus Data File:
* FileName = C:\Documents and Settings\kbayadmin\My Documents\CTD data\2013-06-06 Kachemak Bay all bay inner bay\2013-06-06 Kachemak Bay All Bay Inner Bay cast164.hex
* Software Version 1.59
* Temperature SN =  5028
* Conductivity SN =  5028
* System UpLoad Time = Jun 18 2013 15:54:25
** Kachemak Bay All Bay Inner Bay
** 2013-06-06
** Station: KB-08
** N': 59 36.778
** W': 151 17.698
** Start Time: 1236
** Depth(ft): 265
# nquan = 27
# nvalues = 74                          
# units = specified
# name 0 = scan: Scan Count
# name 1 = timeJ: Julian Days
# name 2 = timeH: Time, Elapsed [hours]
# name 3 = timeM: Time, Elapsed [minutes]
# name 4 = timeS: Time, Elapsed [seconds]
# name 5 = prdM: Pressure, Strain Gauge [db]
# name 6 = specc: Specific Conductance [uS/cm]
# name 7 = sal00: Salinity, Practical [PSU]
# name 8 = tv290C: Temperature [ITS-90, deg C]
# name 9 = depSM: Depth [salt water, m], lat = 59.00
# name 10 = potemp090C: Potential Temperature [ITS-90, deg C]
# name 11 = sigma-é00: Density [sigma-theta, kg/m^3]
# name 12 = sbeox0ML/L: Oxygen, SBE 43 [ml/l]
# name 13 = sbeox0Mg/L: Oxygen, SBE 43 [mg/l]
# name 14 = sbeox0PS: Oxygen, SBE 43 [% saturation]
# name 15 = sbox0Mm/Kg: Oxygen, SBE 43 [umol/kg]
# name 16 = sbeox0Mm/L: Oxygen, SBE 43 [umol/l]
# name 17 = sbox0dV/dT: Oxygen, SBE 43 [dov/dt]
# name 18 = oxsolML/L: Oxygen Saturation, Garcia & Gordon [ml/l]
# name 19 = oxsolMg/L: Oxygen Saturation, Garcia & Gordon [mg/l]
# name 20 = oxsolMm/Kg: Oxygen Saturation, Garcia & Gordon [umol/kg]
# name 21 = potemp090C: Potential Temperature [ITS-90, deg C]
# name 22 = n2satMg/L: Nitrogen Saturation [mg/l]
# name 23 = par: PAR/Irradiance, Biospherical/Licor
# name 24 = flECO-AFL: Fluorescence, WET Labs ECO-AFL/FL [mg/m^3]
# name 25 = turbWETntu0: Turbidity, WET Labs ECO [NTU]
# name 26 = flag: flag
# span 0 =        291,        636       
# span 1 = 157.526707, 157.527705       
# span 2 =    0.02014,    0.04410       
# span 3 =     1.2085,     2.6459       
# span 4 =     72.512,    158.754       
# span 5 =      1.009,     74.712       
# span 6 =  45464.715,  51218.482       
# span 7 =    28.7254,    31.7716       
# span 8 =     4.7761,    10.4746       
# span 9 =      1.000,     74.000       
# span 10 =     4.7707,    10.3938      
# span 11 =    21.9818,    25.1411      
# span 12 =     8.0267,     8.8993      
# span 13 =    11.4710,    12.7179      
# span 14 =    110.996,    130.011      
# span 15 =    349.740,    388.061      
# span 16 =    358.474,    397.442      
# span 17 =   -0.02436,    0.03059      
# span 18 =    6.50562,    7.26665      
# span 19 =    9.29718,   10.38477      
# span 20 =  284.29183,  316.56961      
# span 21 =     4.7708,    10.4746      
# span 22 =   14.74108,   16.26839      
# span 23 = 4.2407e-02, 6.9353e+01      
# span 24 =     0.3433,     6.2183      
# span 25 =     0.5144,     1.5406      
# span 26 = 0.0000e+00, 0.0000e+00      
# interval = meters: 1                  
# start_time = Jun 06 2013 12:37:15 [Instrument's time stamp, header]
# bad_flag = -9.990e-29
*END*
[from data line 54]
        561 157.527487    0.03886     2.3317    139.903     55.526  51149.864    31.7395     4.8008     55.000     4.7947    25.1129     8.1021    11.5788    111.540    352.978    361.842   -0.00090    7.26392   10.38086  316.45930     4.7969   16.26327 4.5029e-02     0.3939     0.9408 0.0000e+00
        564 157.527498    0.03912     2.3467    140.804     56.537  51153.978    31.7411     4.7973     56.000     4.7921    25.1145     8.0993    11.5746    111.492    352.852    361.713   -0.00096    7.26443   10.38159  316.48112     4.7934   16.26431 4.4771e-02     0.3807     0.9284 0.0000e+00
        568 157.527508    0.03936     2.3614    141.685     57.546  51156.512    31.7418     4.7951     57.000     4.7893    25.1153     8.0960    11.5700    111.442    352.708    361.566   -0.00100    7.26478   10.38210  316.49609     4.7911   16.26501 4.4549e-02     0.3814     0.9255 0.0000e+00
        571 157.527518    0.03960     2.3761    142.563     58.556  51160.452    31.7432     4.7914     58.000     4.7851    25.1168     8.0911    11.5630    111.365    352.495    361.348   -0.00113    7.26537   10.38294  316.52122     4.7873   16.26621 4.4352e-02     0.3779     0.9330 0.0000e+00
        575 157.527528    0.03984     2.3907    143.443     59.565  51165.805    31.7456     4.7880     59.000     4.7828    25.1191     8.0908    11.5625    111.353    352.479    361.333   -0.00107    7.26583   10.38360  316.54090     4.7839   16.26713 4.4184e-02     0.3795     0.9447 0.0000e+00
        578 157.527539    0.04009     2.4054    144.322     60.575  51169.231    31.7471     4.7866     60.000     4.7820    25.1205     8.0969    11.5712    111.435    352.745    361.606   -0.00073    7.26602   10.38387  316.54841     4.7823   16.26749 4.4035e-02     0.3847     0.9589 0.0000e+00
        582 157.527549    0.04034     2.4203    145.220     61.585  51171.860    31.7484     4.7862     61.000     4.7822    25.1214     8.0999    11.5756    111.477    352.878    361.743   -0.00051    7.26601   10.38386  316.54786     4.7819   16.26745 4.3922e-02     0.3805     0.9693 0.0000e+00
        586 157.527560    0.04060     2.4361    146.167     62.594  51173.237    31.7490     4.7870     62.000     4.7831    25.1219     8.0978    11.5725    111.450    352.784    361.647   -0.00056    7.26585   10.38362  316.54063     4.7826   16.26710 4.3839e-02     0.3767     0.9727 0.0000e+00
        590 157.527571    0.04087     2.4526    147.154     63.604  51173.665    31.7490     4.7879     63.000     4.7836    25.1218     8.0968    11.5712    111.440    352.744    361.605   -0.00054    7.26568   10.38339  316.53358     4.7835   16.26677 4.3729e-02     0.3711     0.9920 0.0000e+00
        594 157.527583    0.04115     2.4692    148.154     64.614  51173.679    31.7485     4.7879     64.000     4.7829    25.1214     8.0932    11.5660    111.389    352.585    361.442   -0.00063    7.26572   10.38344  316.53528     4.7834   16.26685 4.3698e-02     0.3769     1.0002 0.0000e+00
        598 157.527594    0.04143     2.4858    149.145     65.624  51174.796    31.7486     4.7869     65.000     4.7819    25.1216     8.0907    11.5625    111.352    352.476    361.331   -0.00071    7.26588   10.38367  316.54230     4.7824   16.26719 4.3609e-02     0.3843     1.0023 0.0000e+00
        602 157.527606    0.04171     2.5023    150.141     66.633  51177.805    31.7500     4.7867     66.000     4.7826    25.1228     8.0978    11.5726    111.451    352.786    361.649   -0.00035    7.26586   10.38363  316.54066     4.7820   16.26710 4.3501e-02     0.3834     0.9838 0.0000e+00
        606 157.527618    0.04199     2.5193    151.159     67.643  51179.297    31.7509     4.7883     67.000     4.7839    25.1233     8.0933    11.5661    111.393    352.586    361.445   -0.00046    7.26554   10.38318  316.52668     4.7835   16.26643 4.3469e-02     0.3767     0.9629 0.0000e+00
        610 157.527629    0.04228     2.5368    152.206     68.653  51180.602    31.7514     4.7884     68.000     4.7823    25.1237     8.0839    11.5527    111.264    352.177    361.025   -0.00082    7.26548   10.38311  316.52438     4.7836   16.26632 4.3411e-02     0.3762     0.9862 0.0000e+00
        614 157.527642    0.04257     2.5542    153.253     69.663  51190.681    31.7570     4.7847     69.000     4.7776    25.1285     8.0894    11.5605    111.334    352.415    361.270   -0.00055    7.26586   10.38364  316.53929     4.7798   16.26701 4.3352e-02     0.3663     1.0218 0.0000e+00
        618 157.527654    0.04286     2.5715    154.292     70.673  51201.635    31.7630     4.7807     70.000     4.7744    25.1338     8.0950    11.5685    111.404    352.658    361.521   -0.00028    7.26628   10.38424  316.55567     4.7757   16.26777 4.3296e-02     0.3598     1.0472 0.0000e+00
        622 157.527666    0.04315     2.5891    155.345     71.682  51207.735    31.7663     4.7785     71.000     4.7729    25.1366     8.0793    11.5461    111.185    351.974    360.821   -0.00084    7.26650   10.38455  316.56441     4.7734   16.26817 4.3186e-02     0.3433     1.0932 0.0000e+00
        627 157.527679    0.04345     2.6071    156.425     72.693  51211.390    31.7681     4.7775     72.000     4.7720    25.1381     8.0656    11.5265    110.996    351.375    360.208   -0.00139    7.26657   10.38466  316.56724     4.7725   16.26830 4.3049e-02     0.3607     1.1308 0.0000e+00
        631 157.527691    0.04376     2.6255    157.528     73.702  51215.308    31.7701     4.7767     73.000     4.7712    25.1398     8.0835    11.5522    111.243    352.159    361.012   -0.00047    7.26662   10.38472  316.56859     4.7715   16.26835 4.2815e-02     0.3598     1.1516 0.0000e+00
        636 157.527705    0.04410     2.6459    158.754     74.712  51218.482    31.7716     4.7761     74.000     4.7707    25.1411     8.0789    11.5455    111.177    351.954    360.803   -0.00057    7.26665   10.38477  316.56961     4.7708   16.26839 4.2407e-02     0.3520     1.1868 0.0000e+00
