CTD-processing/allCTD/CNV/2013_07-05_t9andtutka_s10_cast204_5028.cnv
* Sea-Bird SBE19plus Data File:
* FileName = C:\Documents and Settings\kbayadmin\My Documents\CTD data\2013-07-05 Kachemak Bay Homer Spit Line and Tutka Bay\2013-07-05 Kachemak Bay Homer Spit Line and Tutka Bay cast204.hex
* Software Version 1.59
* Temperature SN =  5028
* Conductivity SN =  5028
* System UpLoad Time = Jul 06 2013 11:48:46
** Kachemak Bay Homer Spit Line and Tutka Bay
** 2013-07-05
** Station:
** N':59 35.771
** W':-151 24.343
** Start Time:1430
** Depth(ft):204
# nquan = 27
# nvalues = 57                          
# units = specified
# name 0 = scan: Scan Count
# name 1 = timeJ: Julian Days
# name 2 = timeH: Time, Elapsed [hours]
# name 3 = timeM: Time, Elapsed [minutes]
# name 4 = timeS: Time, Elapsed [seconds]
# name 5 = prdM: Pressure, Strain Gauge [db]
# name 6 = specc: Specific Conductance [uS/cm]
# name 7 = sal00: Salinity, Practical [PSU]
# name 8 = tv290C: Temperature [ITS-90, deg C]
# name 9 = depSM: Depth [salt water, m], lat = 59.00
# name 10 = potemp090C: Potential Temperature [ITS-90, deg C]
# name 11 = sigma-é00: Density [sigma-theta, kg/m^3]
# name 12 = sbeox0ML/L: Oxygen, SBE 43 [ml/l]
# name 13 = sbeox0Mg/L: Oxygen, SBE 43 [mg/l]
# name 14 = sbeox0PS: Oxygen, SBE 43 [% saturation]
# name 15 = sbox0Mm/Kg: Oxygen, SBE 43 [umol/kg]
# name 16 = sbeox0Mm/L: Oxygen, SBE 43 [umol/l]
# name 17 = sbox0dV/dT: Oxygen, SBE 43 [dov/dt]
# name 18 = oxsolML/L: Oxygen Saturation, Garcia & Gordon [ml/l]
# name 19 = oxsolMg/L: Oxygen Saturation, Garcia & Gordon [mg/l]
# name 20 = oxsolMm/Kg: Oxygen Saturation, Garcia & Gordon [umol/kg]
# name 21 = potemp090C: Potential Temperature [ITS-90, deg C]
# name 22 = n2satMg/L: Nitrogen Saturation [mg/l]
# name 23 = par: PAR/Irradiance, Biospherical/Licor
# name 24 = flECO-AFL: Fluorescence, WET Labs ECO-AFL/FL [mg/m^3]
# name 25 = turbWETntu0: Turbidity, WET Labs ECO [NTU]
# name 26 = flag: flag
# span 0 =        407,        700       
# span 1 = 186.607470, 186.608319       
# span 2 =    0.02816,    0.04855       
# span 3 =     1.6899,     2.9130       
# span 4 =    101.396,    174.778       
# span 5 =      1.009,     57.546       
# span 6 =  41526.614,  50682.794       
# span 7 =    26.0163,    31.6860       
# span 8 =     6.0293,    10.7628       
# span 9 =      1.000,     57.000       
# span 10 =     6.0153,    10.7617      
# span 11 =    19.8292,    24.9215      
# span 12 =     7.2576,     8.0657      
# span 13 =    10.3718,    11.5267      
# span 14 =    107.976,    117.455      
# span 15 =    317.352,    351.607      
# span 16 =    324.124,    360.216      
# span 17 =   -0.01149,    0.02130      
# span 18 =    6.57754,    7.05813      
# span 19 =    9.39997,   10.08679      
# span 20 =  288.04151,  307.55177      
# span 21 =     6.0247,    10.7628      
# span 22 =   14.93164,   15.83935      
# span 23 = 5.4209e-02, 1.1844e+02      
# span 24 =     0.1799,     3.3910      
# span 25 =     0.4677,     2.2807      
# span 26 = 0.0000e+00, 0.0000e+00      
# interval = meters: 1                  
# start_time = Jul 05 2013 14:33:04 [Instrument's time stamp, header]
# bad_flag = -9.990e-29
*END*
        407 186.607470    0.02816     1.6899    101.396      1.009  41526.614    26.0163    10.7628      1.000    10.7617    19.8292     7.5160    10.7410    114.267    329.136    335.663    0.00307    6.57754    9.39997  288.04151    10.7628   14.93164 1.1844e+02     1.3091     2.2807 0.0000e+00
        417 186.607499    0.02887     1.7320    103.921      2.019  41658.026    26.1033    10.7252      2.000    10.7034    19.9027     7.4249    10.6108    112.852    325.123    331.593   -0.00243    6.57933    9.40252  288.09877    10.7250   14.93401 7.0274e+01     1.4328     2.0598 0.0000e+00
        426 186.607527    0.02954     1.7727    106.360      3.028  44285.533    27.8363     9.9230      3.000     9.5545    21.3757     7.2576    10.3718    109.619    317.352    324.124   -0.01149    6.62363    9.46583  289.61731     9.9227   14.99937 4.7651e+01     1.6621     1.9223 0.0000e+00
        437 186.607558    0.03028     1.8165    108.992      4.038  47947.847    30.1697     8.2322      4.000     8.0961    23.4497     7.3166    10.4561    107.976    319.268    326.758   -0.01076    6.77555    9.68294  295.66164     8.2319   15.27844 3.4745e+01     2.8281     1.1943 0.0000e+00
        446 186.607584    0.03090     1.8539    111.232      5.047  48751.894    30.6738     7.8446      5.000     7.7910    23.8999     7.9966    11.4280    117.378    348.794    357.130    0.02130    6.81259    9.73587  297.14855     7.8441   15.34735 2.6077e+01     3.3910     0.8528 0.0000e+00
        454 186.607606    0.03144     1.8865    113.190      6.057  48915.386    30.7528     7.6260      6.000     7.5875    23.9919     8.0375    11.4863    117.455    350.543    358.953    0.01455    6.84311    9.77948  298.45268     7.6255   15.40926 2.0206e+01     2.5867     0.7114 0.0000e+00
        460 186.607624    0.03187     1.9121    114.726      7.067  49037.576    30.8240     7.5424      7.000     7.5210    24.0592     7.9197    11.3181    115.567    345.387    353.697    0.00468    6.85301    9.79363  298.86495     7.5418   15.42864 1.5845e+01     2.2144     0.7189 0.0000e+00
        465 186.607640    0.03225     1.9348    116.089      8.076  49201.803    30.9253     7.4653      8.000     7.4280    24.1492     7.9096    11.3036    115.290    344.912    353.241    0.00260    6.86059    9.80446  299.16906     7.4645   15.44273 1.2463e+01     2.1222     0.7386 0.0000e+00
        471 186.607656    0.03263     1.9578    117.467      9.086  49409.433    31.0561     7.3844      9.000     7.3802    24.2628     7.9095    11.3035    115.174    344.871    353.238    0.00147    6.86743    9.81425  299.43435     7.3836   15.45485 1.0000e+01     1.9024     0.6971 0.0000e+00
        476 186.607671    0.03298     1.9788    118.726     10.095  49612.773    31.1999     7.4010     10.000     7.4202    24.3736     7.9460    11.3556    115.859    346.425    354.869    0.00315    6.85836    9.80129  299.00673     7.4001   15.43386 8.0485e+00     1.8397     0.6238 0.0000e+00
        480 186.607682    0.03325     1.9952    119.714     11.105  49613.642    31.1973     7.3860     11.000     7.2789    24.3736     8.0333    11.4804    117.088    350.231    358.767    0.00649    6.86089    9.80490  299.11662     7.3850   15.43911 6.5920e+00     1.6425     0.6016 0.0000e+00
        483 186.607692    0.03350     2.0098    120.590     12.113  49820.695    31.3094     7.1982     12.000     7.1449    24.4868     8.0657    11.5267    117.142    351.607    360.216    0.00583    6.88547    9.84003  300.15531     7.1971   15.48820 5.5000e+00     1.4139     0.5569 0.0000e+00
        487 186.607704    0.03378     2.0267    121.604     13.123  49972.404    31.4015     7.1215     13.000     7.0940    24.5695     8.0335    11.4808    116.540    350.174    358.778    0.00267    6.89343    9.85140  300.47806     7.1204   15.50322 4.6169e+00     1.1653     0.4956 0.0000e+00
        492 186.607717    0.03411     2.0465    122.787     14.132  50023.544    31.4245     7.0514     14.000     7.0256    24.5968     7.9838    11.4096    115.649    347.997    356.557   -0.00059    6.90354    9.86585  300.91066     7.0502   15.52377 3.8905e+00     0.9907     0.4677 0.0000e+00
        498 186.607733    0.03448     2.0689    124.136     15.141  50106.971    31.4749     7.0100     15.000     7.0015    24.6419     7.9250    11.3257    114.725    345.421    353.933   -0.00349    6.90784    9.87200  301.08500     7.0087   15.53188 3.3003e+00     0.8995     0.4882 0.0000e+00
        504 186.607752    0.03492     2.0955    125.730     16.152  50204.802    31.5374     6.9812     16.000     6.9671    24.6949     7.9203    11.3188    114.627    345.194    353.719   -0.00291    6.90959    9.87449  301.14552     6.9798   15.53451 2.7948e+00     0.8236     0.5047 0.0000e+00
        508 186.607764    0.03524     2.1144    126.864     17.161  50263.815    31.5726     6.9506     17.000     6.9346    24.7266     7.9314    11.3348    114.734    345.670    354.216   -0.00213    6.91287    9.87918  301.27915     6.9491   15.54074 2.3833e+00     0.6829     0.4878 0.0000e+00
        513 186.607777    0.03553     2.1317    127.902     18.170  50291.026    31.5857     6.9206     18.000     6.9065    24.7408     7.9544    11.3677    114.997    346.667    355.244   -0.00094    6.91707    9.88518  301.45770     6.9191   15.54920 2.0416e+00     0.5500     0.4956 0.0000e+00
        517 186.607788    0.03581     2.1490    128.937     19.180  50314.683    31.5979     6.8988     19.000     6.8924    24.7532     7.9626    11.3793    115.066    347.018    355.608   -0.00059    6.92000    9.88938  301.58224     6.8971   15.55509 1.7496e+00     0.4878     0.5127 0.0000e+00
        521 186.607801    0.03610     2.1661    129.968     20.190  50326.152    31.6040     6.8912     20.000     6.8876    24.7591     7.9716    11.3922    115.181    347.410    356.012   -0.00021    6.92093    9.89070  301.62087     6.8895   15.55691 1.4961e+00     0.4991     0.5714 0.0000e+00
        525 186.607812    0.03638     2.1829    130.975     21.199  50331.748    31.6068     6.8875     21.000     6.8832    24.7617     7.9911    11.4201    115.455    348.260    356.883    0.00062    6.92140    9.89137  301.64043     6.8857   15.55783 1.2796e+00     0.5699     0.7169 0.0000e+00
        529 186.607824    0.03666     2.1996    131.978     22.209  50336.578    31.6085     6.8813     22.000     6.8746    24.7640     8.0089    11.4454    115.696    349.032    357.676    0.00127    6.92231    9.89268  301.67982     6.8794   15.55970 1.0938e+00     0.5260     0.6114 0.0000e+00
        533 186.607836    0.03694     2.2168    133.007     23.219  50344.371    31.6119     6.8722     23.000     6.8673    24.7678     8.0109    11.4484    115.703    349.118    357.765    0.00102    6.92362    9.89454  301.73538     6.8702   15.56234 9.3769e-01     0.4888     0.5554 0.0000e+00
        537 186.607848    0.03724     2.2344    134.065     24.229  50349.717    31.6141     6.8665     24.000     6.8597    24.7703     8.0171    11.4572    115.780    349.390    358.044    0.00100    6.92444    9.89571  301.77051     6.8644   15.56400 8.0371e-01     0.4485     0.5473 0.0000e+00
        542 186.607862    0.03757     2.2540    135.242     25.238  50351.533    31.6112     6.8457     25.000     6.8169    24.7707     8.0252    11.4688    115.839    349.742    358.405    0.00097    6.92790    9.90067  301.92157     6.8435   15.57122 6.9021e-01     0.4339     0.5508 0.0000e+00
        547 186.607876    0.03791     2.2745    136.470     26.247  50386.107    31.6173     6.7493     26.000     6.6954    24.7879     8.0057    11.4409    115.304    348.885    357.533   -0.00084    6.94312    9.92241  302.57933     6.7471   15.60256 5.9237e-01     0.4217     0.5754 0.0000e+00
        552 186.607891    0.03826     2.2957    137.741     27.256  50493.348    31.6729     6.6476     27.000     6.6324    24.8447     7.9378    11.3440    114.099    345.911    354.505   -0.00445    6.95697    9.94220  303.16612     6.6453   15.63031 5.0948e-01     0.3391     0.5871 0.0000e+00
        557 186.607905    0.03861     2.3170    139.018     28.266  50518.239    31.6860     6.6271     28.000     6.6231    24.8577     7.9041    11.2958    113.571    344.438    353.000   -0.00524    6.95966    9.94605  303.27970     6.6247   15.63567 4.4049e-01     0.2916     0.5801 0.0000e+00
        562 186.607920    0.03898     2.3385    140.309     29.276  50519.691    31.6860     6.6242     29.000     6.6207    24.8580     7.9107    11.3052    113.658    344.725    353.294   -0.00395    6.96013    9.94672  303.29993     6.6218   15.63664 3.8310e-01     0.2808     0.5578 0.0000e+00
        568 186.607937    0.03937     2.3622    141.733     30.285  50519.215    31.6845     6.6205     30.000     6.6156    24.8574     7.9323    11.3361    113.957    345.665    354.257   -0.00214    6.96082    9.94770  303.33002     6.6179   15.63808 3.3318e-01     0.2834     0.5526 0.0000e+00
        574 186.607955    0.03980     2.3882    143.294     31.295  50523.002    31.6851     6.6120     31.000     6.6061    24.8589     7.9414    11.3491    114.065    346.060    354.663   -0.00131    6.96216    9.94962  303.38802     6.6093   15.64084 2.9137e-01     0.2700     0.5519 0.0000e+00
        582 186.607977    0.04033     2.4197    145.180     32.304  50517.396    31.6773     6.5934     32.000     6.5755    24.8551     7.9382    11.3445    113.964    345.921    354.519   -0.00124    6.96553    9.95444  303.53608     6.5906   15.64793 2.5626e-01     0.2508     0.5287 0.0000e+00
        588 186.607994    0.04075     2.4449    146.692     33.314  50524.832    31.6704     6.5307     33.000     6.5088    24.8576     7.9169    11.3142    113.489    344.996    353.572   -0.00238    6.97601    9.96941  303.99186     6.5279   15.66969 2.2627e-01     0.2397     0.5876 0.0000e+00
        593 186.608009    0.04112     2.4671    148.028     34.324  50552.754    31.6822     6.4924     34.000     6.4822    24.8717     7.8985    11.2877    113.131    344.185    352.745   -0.00303    6.98168    9.97752  304.23506     6.4896   15.68124 2.0029e-01     0.2509     0.6068 0.0000e+00
        599 186.608025    0.04150     2.4896    149.378     35.333  50559.230    31.6828     6.4743     35.000     6.4647    24.8745     7.8995    11.2891    113.098    344.227    352.789   -0.00251    6.98460    9.98169  304.36145     6.4713   15.68726 1.7765e-01     0.2701     0.6128 0.0000e+00
        604 186.608040    0.04186     2.5115    150.693     36.343  50563.601    31.6820     6.4560     36.000     6.4457    24.8761     7.8986    11.2878    113.037    344.189    352.750   -0.00219    6.98761    9.98599  304.49203     6.4530   15.69349 1.5811e-01     0.2726     0.6197 0.0000e+00
        609 186.608055    0.04221     2.5329    151.976     37.352  50567.125    31.6804     6.4368     37.000     6.4240    24.8773     7.8908    11.2767    112.874    343.849    352.403   -0.00225    6.99082    9.99058  304.63156     6.4337   15.70015 1.4126e-01     0.2515     0.6279 0.0000e+00
        614 186.608069    0.04254     2.5525    153.148     38.362  50563.861    31.6725     6.4092     38.000     6.3883    24.8745     7.8867    11.2709    112.737    343.672    352.221   -0.00230    6.99568    9.99753  304.84440     6.4060   15.71032 1.2675e-01     0.2431     0.6646 0.0000e+00
        618 186.608082    0.04287     2.5718    154.307     39.372  50576.877    31.6736     6.3702     39.000     6.3510    24.8803     7.8862    11.2701    112.627    343.648    352.197   -0.00221    7.00202   10.00658  305.11846     6.3669   15.72339 1.1451e-01     0.2167     0.7155 0.0000e+00
        623 186.608096    0.04320     2.5920    155.520     40.381  50585.137    31.6715     6.3310     40.000     6.3124    24.8834     7.8660    11.2413    112.235    342.765    351.295   -0.00297    7.00850   10.01585  305.40035     6.3277   15.73683 1.0425e-01     0.2137     0.7197 0.0000e+00
        628 186.608110    0.04353     2.6119    156.712     41.391  50598.205    31.6738     6.2981     41.000     6.2844    24.8894     7.8409    11.2054    111.793    341.671    350.175   -0.00380    7.01379   10.02340  305.62873     6.2947   15.74771 9.5808e-02     0.2249     0.7127 0.0000e+00
        633 186.608124    0.04386     2.6313    157.876     42.401  50606.080    31.6747     6.2767     42.000     6.2643    24.8928     7.8336    11.1950    111.633    341.350    349.847   -0.00361    7.01726   10.02836  305.77896     6.2732   15.75486 8.8547e-02     0.2176     0.7239 0.0000e+00
        637 186.608137    0.04418     2.6506    159.038     43.410  50602.811    31.6668     6.2495     43.000     6.2330    24.8898     7.8305    11.1905    111.512    341.216    349.709   -0.00330    7.02209   10.03527  305.99061     6.2460   15.76498 8.2606e-02     0.2121     0.7119 0.0000e+00
        642 186.608152    0.04453     2.6721    160.325     44.420  50628.957    31.6813     6.2330     44.000     6.2305    24.9033     7.8209    11.1767    111.343    340.792    349.279   -0.00319    7.02413   10.03818  306.07517     6.2294   15.76896 7.7888e-02     0.2114     0.6760 0.0000e+00
        648 186.608167    0.04491     2.6944    161.665     45.430  50615.873    31.6712     6.2305     45.000     6.2186    24.8957     7.8336    11.1950    111.511    341.352    349.850   -0.00203    7.02501   10.03944  306.11590     6.2268   15.77093 7.3748e-02     0.2188     0.7484 0.0000e+00
        653 186.608182    0.04525     2.7148    162.888     46.439  50610.549    31.6626     6.2070     46.000     6.1886    24.8917     7.8339    11.1954    111.447    341.366    349.863   -0.00182    7.02928   10.04554  306.30312     6.2032   15.77990 7.0376e-02     0.2159     0.8119 0.0000e+00
        657 186.608196    0.04558     2.7351    164.105     47.449  50620.923    31.6624     6.1710     47.000     6.1563    24.8960     7.8249    11.1824    111.224    340.968    349.457   -0.00217    7.03523   10.05403  306.56086     6.1671   15.79218 6.7561e-02     0.2080     0.6807 0.0000e+00
        662 186.608210    0.04593     2.7562    165.371     48.459  50643.692    31.6742     6.1533     48.000     6.1493    24.9075     7.8137    11.1664    111.027    340.478    348.958   -0.00238    7.03758   10.05741  306.66018     6.1494   15.79686 6.5280e-02     0.1926     0.6014 0.0000e+00
        667 186.608224    0.04626     2.7758    166.550     49.468  50647.564    31.6767     6.1545     49.000     6.1503    24.9093     7.8109    11.1626    110.993    340.357    348.835   -0.00207    7.03727   10.05696  306.64602     6.1505   15.79618 6.3300e-02     0.2006     0.6388 0.0000e+00
        672 186.608237    0.04657     2.7940    167.639     50.478  50647.874    31.6762     6.1534     50.000     6.1470    24.9090     7.8153    11.1688    111.052    340.547    349.030   -0.00156    7.03748   10.05725  306.65511     6.1493   15.79662 6.1537e-02     0.1981     0.6937 0.0000e+00
        676 186.608249    0.04687     2.8121    168.725     51.488  50638.685    31.6672     6.1423     51.000     6.1241    24.9033     7.8163    11.1702    111.031    340.592    349.074   -0.00137    7.03972   10.06046  306.75448     6.1382   15.80139 6.0032e-02     0.1972     0.7875 0.0000e+00
        680 186.608262    0.04717     2.8301    169.808     52.497  50648.902    31.6670     6.1073     52.000     6.0891    24.9074     7.8047    11.1537    110.776    340.088    348.558   -0.00190    7.04550   10.06873  307.00550     6.1031   15.81335 5.8635e-02     0.2196     1.0513 0.0000e+00
        684 186.608274    0.04746     2.8476    170.853     53.507  50669.871    31.6764     6.0832     53.000     6.0737    24.9177     7.7847    11.1252    110.437    339.213    347.665   -0.00269    7.04905   10.07380  307.15687     6.0789   15.82052 5.7407e-02     0.2235     1.2678 0.0000e+00
