CTD-processing/allCTD/CNV/2013_09-25_t9_s10_cast100_5028.cnv
* Sea-Bird SBE19plus Data File:
* FileName = C:\Users\kris.holderied\Documents\kasitsna\Research-Projects-and-Data\Oceanography-AK\CTD-CookInlet-GulfWatchAK\2013-09-25-CookInlet-Tran9-HomerSpit\2013-09-25-CookInlet-Tran9-HomerSpit-cast100.hex
* Software Version 1.59
* Temperature SN =  5028
* Conductivity SN =  5028
* System UpLoad Time = Apr 09 2014 19:51:13
** Cook Inlet LTM Homer Spit Line - Monthly
** Date: 2013-09-25
** Station: 9-10
** Start time: 13:34
** Depth (m): 67.1
** CoComment:
** Comment:
# nquan = 27
# nvalues = 60                          
# units = specified
# name 0 = scan: Scan Count
# name 1 = timeJ: Julian Days
# name 2 = timeH: Time, Elapsed [hours]
# name 3 = timeM: Time, Elapsed [minutes]
# name 4 = timeS: Time, Elapsed [seconds]
# name 5 = prdM: Pressure, Strain Gauge [db]
# name 6 = specc: Specific Conductance [uS/cm]
# name 7 = sal00: Salinity, Practical [PSU]
# name 8 = tv290C: Temperature [ITS-90, deg C]
# name 9 = depSM: Depth [salt water, m], lat = 59.00
# name 10 = potemp090C: Potential Temperature [ITS-90, deg C]
# name 11 = sigma-é00: Density [sigma-theta, kg/m^3]
# name 12 = sbeox0ML/L: Oxygen, SBE 43 [ml/l]
# name 13 = sbeox0Mg/L: Oxygen, SBE 43 [mg/l]
# name 14 = sbeox0PS: Oxygen, SBE 43 [% saturation]
# name 15 = sbox0Mm/Kg: Oxygen, SBE 43 [umol/kg]
# name 16 = sbeox0Mm/L: Oxygen, SBE 43 [umol/l]
# name 17 = sbox0dV/dT: Oxygen, SBE 43 [dov/dt]
# name 18 = oxsolML/L: Oxygen Saturation, Garcia & Gordon [ml/l]
# name 19 = oxsolMg/L: Oxygen Saturation, Garcia & Gordon [mg/l]
# name 20 = oxsolMm/Kg: Oxygen Saturation, Garcia & Gordon [umol/kg]
# name 21 = potemp090C: Potential Temperature [ITS-90, deg C]
# name 22 = n2satMg/L: Nitrogen Saturation [mg/l]
# name 23 = par: PAR/Irradiance, Biospherical/Licor
# name 24 = flECO-AFL: Fluorescence, WET Labs ECO-AFL/FL [mg/m^3]
# name 25 = turbWETntu0: Turbidity, WET Labs ECO [NTU]
# name 26 = flag: flag
# span 0 =        239,        533       
# span 1 = 268.567379, 268.568227       
# span 2 =    0.01655,    0.03692       
# span 3 =     0.9931,     2.2148       
# span 4 =     59.589,    132.886       
# span 5 =      1.010,     60.575       
# span 6 =  47019.625,  49109.640       
# span 7 =    29.6867,    31.0097       
# span 8 =     8.5760,     9.4264       
# span 9 =      1.000,     60.000       
# span 10 =     8.5713,     9.4218      
# span 11 =    22.8991,    24.0595      
# span 12 =     5.8644,     6.3439      
# span 13 =     8.3808,     9.0662      
# span 14 =     88.660,     94.898      
# span 15 =    255.991,    276.667      
# span 16 =    261.902,    283.321      
# span 17 =   -0.00034,    0.02493      
# span 18 =    6.60145,    6.68616      
# span 19 =    9.43414,    9.55520      
# span 20 =  288.14250,  291.58892      
# span 21 =     8.5701,     9.4256      
# span 22 =   14.91979,   15.08053      
# span 23 = 7.9032e-02, 1.4087e+02      
# span 24 =     0.3328,     0.7778      
# span 25 =     0.6339,     1.2359      
# span 26 = 0.0000e+00, 0.0000e+00      
# interval = meters: 1                  
# start_time = Sep 25 2013 13:36:02 [Instrument's time stamp, header]
# bad_flag = -9.990e-29
*END*
        239 268.567379    0.01655     0.9931     59.589      1.010  47019.625    29.6867     9.4085      1.000     9.4039    22.8991     6.1013     8.7193     92.174    266.382    272.482    0.02493    6.61942    9.45982  289.00540     9.4083   14.96251 1.4087e+02     0.7091     1.2359 0.0000e+00
        283 268.567506    0.01958     1.1750     70.503      2.019  47223.217    29.8233     9.3676      2.000     9.3672    23.0121     5.9445     8.4953     89.802    259.509    265.481    0.01653    6.61958    9.46004  288.98025     9.3674   14.96074 9.2281e+01     0.7253     1.1775 0.0000e+00
        292 268.567533    0.02023     1.2136     72.815      3.028  47325.162    29.8945     9.3699      3.000     9.3711    23.0674     5.8936     8.4225     89.078    257.274    263.208    0.00908    6.61621    9.45523  288.81775     9.3696   14.95268 6.4087e+01     0.7719     1.1266 0.0000e+00
        300 268.567555    0.02077     1.2460     74.762      4.038  47373.614    29.9283     9.3719      4.000     9.3700    23.0935     5.8644     8.3808     88.660    255.991    261.902    0.00462    6.61449    9.45276  288.73511     9.3714   14.94860 4.7564e+01     0.7778     1.1073 0.0000e+00
        307 268.567574    0.02123     1.2738     76.427      5.047  47406.175    29.9503     9.3693      5.000     9.3708    23.1110     5.8666     8.3840     88.701    256.083    262.002    0.00331    6.61392    9.45195  288.70545     9.3688   14.94709 3.5957e+01     0.7177     1.0681 0.0000e+00
        313 268.567593    0.02168     1.3008     78.050      6.057  47450.347    29.9826     9.3836      6.000     9.3913    23.1341     5.8702     8.3892     88.802    256.237    262.166    0.00267    6.61045    9.44700  288.54750     9.3830   14.93941 2.7245e+01     0.6744     1.0627 0.0000e+00
        320 268.567612    0.02212     1.3272     79.632      7.066  47499.009    30.0201     9.4137      7.000     9.4207    23.1587     5.8897     8.4171     89.179    257.083    263.037    0.00307    6.60444    9.43841  288.27807     9.4130   14.92638 2.1254e+01     0.6434     1.0271 0.0000e+00
        325 268.567628    0.02251     1.3505     81.032      8.076  47535.098    30.0466     9.4264      8.000     9.4218    23.1775     5.9253     8.4677     89.756    258.626    264.621    0.00419    6.60145    9.43414  288.14250     9.4256   14.91979 1.6627e+01     0.6252     1.0027 0.0000e+00
        330 268.567643    0.02288     1.3724     82.344      9.086  47549.632    30.0537     9.4057      9.000     9.3872    23.1862     5.9486     8.5010     90.072    259.642    265.662    0.00422    6.60418    9.43804  288.25918     9.4048   14.92534 1.2922e+01     0.5910     0.9981 0.0000e+00
        335 268.567656    0.02321     1.3924     83.542     10.094  47599.624    30.0828     9.3630     10.000     9.3495    23.2155     5.9779     8.5430     90.447    260.914    266.971    0.00444    6.60922    9.44523  288.47071     9.3619   14.93533 1.0278e+01     0.5592     0.9914 0.0000e+00
        340 268.567670    0.02352     1.4114     84.682     11.105  47692.733    30.1443     9.3391     11.000     9.3242    23.2674     6.0075     8.5853     90.883    262.193    268.294    0.00494    6.61010    9.44649  288.49439     9.3379   14.93620 8.1044e+00     0.5367     0.9878 0.0000e+00
        344 268.567683    0.02384     1.4301     85.808     12.113  47788.528    30.2060     9.3006     12.000     9.2821    23.3214     6.0263     8.6122     91.127    263.002    269.136    0.00472    6.61312    9.45080  288.61094     9.2994   14.94153 6.4646e+00     0.4764     0.9815 0.0000e+00
        349 268.567696    0.02415     1.4490     86.937     13.123  47869.112    30.2579     9.2689     13.000     9.2576    23.3667     6.0415     8.6340     91.324    263.656    269.817    0.00427    6.61557    9.45430  288.70507     9.2676   14.94581 5.1562e+00     0.4444     1.0010 0.0000e+00
        353 268.567708    0.02443     1.4657     87.944     14.133  47928.719    30.2967     9.2500     14.000     9.2430    23.4000     6.0662     8.6692     91.680    264.722    270.916    0.00467    6.61669    9.45591  288.74480     9.2485   14.94755 4.1440e+00     0.4349     1.0280 0.0000e+00
        357 268.567719    0.02470     1.4821     88.925     15.142  47949.783    30.3099     9.2414     15.000     9.2370    23.4116     6.0815     8.6910     91.902    265.386    271.599    0.00451    6.61737    9.45689  288.77151     9.2399   14.94878 3.3481e+00     0.4203     1.0275 0.0000e+00
        361 268.567730    0.02497     1.4983     89.895     16.151  47972.494    30.3244     9.2345     16.000     9.2261    23.4241     6.0992     8.7164     92.164    266.156    272.391    0.00454    6.61778    9.45748  288.78575     9.2328   14.94940 2.7136e+00     0.4158     1.0342 0.0000e+00
        365 268.567742    0.02527     1.5158     90.951     17.161  48021.007    30.3557     9.2177     17.000     9.2029    23.4512     6.1289     8.7589     92.597    267.446    273.718    0.00501    6.61891    9.45909  288.82727     9.2160   14.95125 2.1942e+00     0.4255     0.9953 0.0000e+00
        369 268.567755    0.02556     1.5336     92.014     18.171  48123.621    30.4219     9.1783     18.000     9.1461    23.5089     6.1568     8.7987     92.977    268.648    274.964    0.00531    6.62190    9.46336  288.94131     9.1764   14.95643 1.7775e+00     0.4363     0.9427 0.0000e+00
        373 268.567767    0.02585     1.5514     93.086     19.181  48261.299    30.5091     9.1129     19.000     9.0882    23.5870     6.1679     8.8145     93.061    269.111    275.458    0.00450    6.62781    9.47179  289.17704     9.1110   14.96734 1.4618e+00     0.4457     0.8868 0.0000e+00
        378 268.567781    0.02618     1.5707     94.240     20.190  48341.530    30.5593     9.0715     20.000     9.0613    23.6325     6.1733     8.8223     93.087    269.335    275.700    0.00355    6.63178    9.47748  289.33753     9.0694   14.97481 1.2190e+00     0.4696     0.8384 0.0000e+00
        382 268.567793    0.02649     1.5893     95.358     21.199  48376.148    30.5812     9.0572     21.000     9.0505    23.6517     6.1850     8.8389     93.246    269.840    276.222    0.00328    6.63296    9.47916  289.38353     9.0550   14.97691 1.0195e+00     0.4497     0.7967 0.0000e+00
        387 268.567806    0.02680     1.6075     96.452     22.209  48411.051    30.6034     9.0440     22.000     9.0237    23.6711     6.2008     8.8616     93.471    270.525    276.929    0.00333    6.63395    9.48058  289.42134     9.0418   14.97864 8.5118e-01     0.4219     0.7873 0.0000e+00
        391 268.567819    0.02710     1.6260     97.560     23.219  48522.660    30.6725     8.9818     23.000     8.9411    23.7346     6.2041     8.8663     93.433    270.652    277.076    0.00256    6.64020    9.48951  289.67603     8.9795   14.99052 7.1414e-01     0.3799     0.7513 0.0000e+00
        396 268.567832    0.02741     1.6445     98.669     24.228  48629.711    30.7374     8.9119     24.000     8.8988    23.7959     6.1849     8.8389     93.038    269.800    276.220    0.00062    6.64777    9.50033  289.98876     8.9095   15.00520 6.0340e-01     0.3465     0.7226 0.0000e+00
        400 268.567843    0.02768     1.6609     99.654     25.237  48653.238    30.7514     8.8973     25.000     8.8929    23.8091     6.1912     8.8478     93.109    270.067    276.497    0.00056    6.64933    9.50256  290.05326     8.8948   15.00822 5.1246e-01     0.3386     0.7500 0.0000e+00
        403 268.567854    0.02795     1.6768    100.606     26.247  48660.488    30.7557     8.8945     26.000     8.8907    23.8129     6.2188     8.8873     93.522    271.272    277.732    0.00183    6.64957    9.50290  290.06258     8.8919   15.00865 4.3656e-01     0.3393     0.7475 0.0000e+00
        407 268.567865    0.02820     1.6919    101.515     27.257  48664.606    30.7579     8.8928     27.000     8.8901    23.8149     6.2369     8.9133     93.793    272.064    278.543    0.00244    6.64973    9.50313  290.06898     8.8901   15.00895 3.7320e-01     0.3431     0.7257 0.0000e+00
        411 268.567875    0.02845     1.7070    102.418     28.266  48665.241    30.7580     8.8934     28.000     8.8907    23.8149     6.2515     8.9339     94.012    272.695    279.190    0.00271    6.64964    9.50300  290.06494     8.8905   15.00875 3.2126e-01     0.3547     0.6981 0.0000e+00
        414 268.567886    0.02870     1.7223    103.336     29.276  48670.048    30.7608     8.8928     29.000     8.8881    23.8172     6.2642     8.9521     94.204    273.251    279.759    0.00288    6.64961    9.50295  290.06276     8.8899   15.00864 2.7880e-01     0.3568     0.6921 0.0000e+00
        418 268.567896    0.02896     1.7377    104.263     30.285  48677.796    30.7653     8.8891     30.000     8.8835    23.8212     6.2725     8.9640     94.324    273.611    280.129    0.00274    6.64995    9.50344  290.07669     8.8861   15.00928 2.4329e-01     0.3599     0.7056 0.0000e+00
        422 268.567908    0.02923     1.7537    105.221     31.296  48685.825    30.7699     8.8843     31.000     8.8785    23.8255     6.2829     8.9789     94.473    274.066    280.595    0.00270    6.65048    9.50419  290.09847     8.8812   15.01031 2.1436e-01     0.3632     0.7154 0.0000e+00
        426 268.567920    0.02951     1.7711    106.265     32.304  48696.271    30.7759     8.8786     32.000     8.8724    23.8312     6.2888     8.9874     94.554    274.323    280.861    0.00244    6.65106    9.50504  290.12265     8.8754   15.01144 1.9063e-01     0.3634     0.7230 0.0000e+00
        431 268.567933    0.02983     1.7899    107.392     33.314  48709.514    30.7838     8.8719     33.000     8.8652    23.8384     6.2890     8.9875     94.546    274.325    280.864    0.00187    6.65173    9.50598  290.14942     8.8685   15.01269 1.7087e-01     0.3627     0.7049 0.0000e+00
        435 268.567945    0.03013     1.8076    108.458     34.324  48723.023    30.7919     8.8652     34.000     8.8583    23.8457     6.2904     8.9896     94.558    274.386    280.929    0.00149    6.65236    9.50690  290.17520     8.8618   15.01389 1.5480e-01     0.3603     0.7045 0.0000e+00
        439 268.567956    0.03040     1.8238    109.429     35.333  48739.047    30.8016     8.8576     35.000     8.8488    23.8544     6.2915     8.9911     94.565    274.431    280.977    0.00120    6.65308    9.50793  290.20410     8.8540   15.01523 1.4166e-01     0.3510     0.6996 0.0000e+00
        442 268.567967    0.03065     1.8388    110.331     36.343  48757.901    30.8130     8.8477     36.000     8.8368    23.8648     6.2940     8.9947     94.588    274.536    281.087    0.00102    6.65407    9.50933  290.24418     8.8440   15.01710 1.3108e-01     0.3604     0.6910 0.0000e+00
        446 268.567977    0.03089     1.8533    111.198     37.353  48782.692    30.8280     8.8342     37.000     8.8188    23.8786     6.2961     8.9977     94.601    274.626    281.183    0.00087    6.65543    9.51127  290.29936     8.8305   15.01967 1.2230e-01     0.3580     0.6876 0.0000e+00
        449 268.567986    0.03112     1.8673    112.040     38.362  48819.196    30.8501     8.8129     38.000     8.7926    23.8992     6.2967     8.9986     94.578    274.646    281.209    0.00061    6.65764    9.51444  290.39035     8.8090   15.02393 1.1510e-01     0.3468     0.6843 0.0000e+00
        452 268.567996    0.03135     1.8811    112.866     39.372  48855.602    30.8716     8.7875     39.000     8.7711    23.9198     6.2932     8.9937     94.486    274.490    281.056    0.00017    6.66050    9.51853  290.50924     8.7835   15.02952 1.0946e-01     0.3363     0.6674 0.0000e+00
        456 268.568006    0.03159     1.8952    113.711     40.382  48880.392    30.8855     8.7669     40.000     8.7486    23.9339     6.2910     8.9904     94.417    274.388    280.955   -0.00017    6.66298    9.52206  290.61306     8.7629   15.03442 1.0469e-01     0.3328     0.6392 0.0000e+00
        459 268.568016    0.03183     1.9093    114.557     41.391  48908.600    30.9012     8.7414     41.000     8.7187    23.9499     6.2972     8.9993     94.466    274.655    281.233   -0.00004    6.66611    9.52653  290.74511     8.7373   15.04067 1.0056e-01     0.3540     0.6339 0.0000e+00
        463 268.568026    0.03206     1.9236    115.418     42.401  48944.343    30.9212     8.7092     42.000     8.6852    23.9702     6.3030     9.0076     94.497    274.902    281.492    0.00005    6.67006    9.53218  290.91154     8.7049   15.04854 9.7215e-02     0.3629     0.6473 0.0000e+00
        466 268.568035    0.03230     1.9382    116.292     43.410  48981.686    30.9419     8.6745     43.000     8.6513    23.9917     6.3039     9.0090     94.450    274.938    281.534   -0.00017    6.67435    9.53831  291.09260     8.6702   15.05710 9.4497e-02     0.3601     0.6414 0.0000e+00
        470 268.568046    0.03255     1.9532    117.191     44.420  49018.315    30.9624     8.6417     44.000     8.6212    24.0125     6.3049     9.0104     94.408    274.976    281.579   -0.00034    6.67836    9.54405  291.26188     8.6374   15.06511 9.2206e-02     0.3603     0.6392 0.0000e+00
        473 268.568057    0.03281     1.9685    118.112     45.429  49049.671    30.9800     8.6153     45.000     8.6021    24.0303     6.3115     9.0197     94.461    275.255    281.869   -0.00018    6.68156    9.54861  291.39612     8.6109   15.07144 9.0203e-02     0.3753     0.6598 0.0000e+00
        477 268.568067    0.03307     1.9840    119.042     46.439  49066.794    30.9895     8.6011     46.000     8.5924    24.0398     6.3185     9.0298     94.542    275.561    282.185    0.00008    6.68328    9.55107  291.46842     8.5965   15.07486 8.8472e-02     0.3901     0.6835 0.0000e+00
        481 268.568078    0.03331     1.9991    119.947     47.448  49074.745    30.9938     8.5949     47.000     8.5889    24.0441     6.3246     9.0384     94.622    275.823    282.455    0.00029    6.68402    9.55213  291.49952     8.5903   15.07633 8.6961e-02     0.3809     0.6997 0.0000e+00
        484 268.568088    0.03357     2.0143    120.856     48.459  49077.571    30.9951     8.5933     48.000     8.5879    24.0453     6.3324     9.0495     94.736    276.163    282.803    0.00057    6.68422    9.55241  291.50767     8.5885   15.07671 8.5694e-02     0.3764     0.6996 0.0000e+00
        488 268.568100    0.03383     2.0300    121.798     49.468  49079.509    30.9958     8.5923     49.000     8.5867    24.0461     6.3395     9.0599     94.842    276.476    283.124    0.00080    6.68433    9.55258  291.51249     8.5874   15.07694 8.4561e-02     0.3753     0.6846 0.0000e+00
        492 268.568110    0.03410     2.0456    122.735     50.478  49082.215    30.9971     8.5910     50.000     8.5855    24.0473     6.3424     9.0639     94.883    276.600    283.252    0.00076    6.68447    9.55277  291.51817     8.5860   15.07721 8.3621e-02     0.3891     0.6604 0.0000e+00
        496 268.568121    0.03436     2.0612    123.673     51.487  49084.454    30.9981     8.5903     51.000     8.5852    24.0482     6.3426     9.0642     94.885    276.608    283.260    0.00061    6.68453    9.55285  291.52022     8.5853   15.07730 8.2839e-02     0.3859     0.6485 0.0000e+00
        500 268.568133    0.03463     2.0778    124.668     52.497  49085.884    30.9987     8.5902     52.000     8.5849    24.0487     6.3414     9.0625     94.867    276.556    283.206    0.00040    6.68450    9.55283  291.51934     8.5851   15.07726 8.2167e-02     0.3814     0.6629 0.0000e+00
        504 268.568144    0.03490     2.0941    125.646     53.507  49087.020    30.9990     8.5901     53.000     8.5850    24.0490     6.3408     9.0617     94.858    276.531    283.182    0.00025    6.68452    9.55284  291.51959     8.5848   15.07727 8.1560e-02     0.3624     0.7075 0.0000e+00
