CTD-processing/allCTD/CNV/2013_04-19_t6_s01_cast081_5028.cnv
* Sea-Bird SBE19plus Data File:
* FileName = C:\Documents and Settings\kris.holderied.local\My Documents\2012-2013-CTD-DATA-new-files\2013-04-EVOSTC-CookInlet-Ocean\2013-04-19-CookInlet-Tran6-Douglas\2013-04-19-CookInlet-Tran6-cast081.hex
* Software Version 1.54
* Temperature SN =  5028
* Conductivity SN =  5028
* System UpLoad Time = Apr 19 2013 22:49:23
** Cook Inlet LTM Transect 6 (Douglas line) West to East
** Date:  2013-04-19
** Station:  6-1
** Start time (AKDT-24 hr):  20:50
** Depth (m): 33
** Comment:  CTD time set wrong
** Comment:
# nquan = 27
# nvalues = 31                          
# units = specified
# name 0 = scan: Scan Count
# name 1 = timeJ: Julian Days
# name 2 = timeH: Time, Elapsed [hours]
# name 3 = timeM: Time, Elapsed [minutes]
# name 4 = timeS: Time, Elapsed [seconds]
# name 5 = prdM: Pressure, Strain Gauge [db]
# name 6 = specc: Specific Conductance [uS/cm]
# name 7 = sal00: Salinity, Practical [PSU]
# name 8 = tv290C: Temperature [ITS-90, deg C]
# name 9 = depSM: Depth [salt water, m], lat = 59.00
# name 10 = potemp090C: Potential Temperature [ITS-90, deg C]
# name 11 = sigma-é00: Density [sigma-theta, kg/m^3]
# name 12 = sbeox0ML/L: Oxygen, SBE 43 [ml/l]
# name 13 = sbeox0Mg/L: Oxygen, SBE 43 [mg/l]
# name 14 = sbeox0PS: Oxygen, SBE 43 [% saturation]
# name 15 = sbox0Mm/Kg: Oxygen, SBE 43 [umol/kg]
# name 16 = sbeox0Mm/L: Oxygen, SBE 43 [umol/l]
# name 17 = sbox0dV/dT: Oxygen, SBE 43 [dov/dt]
# name 18 = oxsolML/L: Oxygen Saturation, Garcia & Gordon [ml/l]
# name 19 = oxsolMg/L: Oxygen Saturation, Garcia & Gordon [mg/l]
# name 20 = oxsolMm/Kg: Oxygen Saturation, Garcia & Gordon [umol/kg]
# name 21 = potemp090C: Potential Temperature [ITS-90, deg C]
# name 22 = n2satMg/L: Nitrogen Saturation [mg/l]
# name 23 = par: PAR/Irradiance, Biospherical/Licor
# name 24 = flECO-AFL: Fluorescence, WET Labs ECO-AFL/FL [mg/m^3]
# name 25 = turbWETntu0: Turbidity, WET Labs ECO [NTU]
# name 26 = flag: flag
# span 0 =        133,        562       
# span 1 = 109.868935, 109.870177       
# span 2 =    0.00916,    0.03898       
# span 3 =     0.5495,     2.3385       
# span 4 =     32.969,    140.309       
# span 5 =      1.010,     31.295       
# span 6 =  48284.942,  51749.422       
# span 7 =    29.8353,    32.0363       
# span 8 =     3.9301,     4.2431       
# span 9 =      1.000,     31.000       
# span 10 =     3.9283,     4.2387      
# span 11 =    23.6686,    25.4055      
# span 12 =     6.9659,     8.1333      
# span 13 =     9.9549,    11.6233      
# span 14 =     93.020,    109.754      
# span 15 =    303.995,    354.260      
# span 16 =    311.095,    363.233      
# span 17 =   -0.00068,    0.00662      
# span 18 =    7.34681,    7.49283      
# span 19 =   10.49932,   10.70800      
# span 20 =  319.97015,  327.01229      
# span 21 =     3.9283,     4.2430      
# span 22 =   16.42913,   16.77275      
# span 23 = 6.3776e-01, 2.5917e+01      
# span 24 =     0.8448,     1.3463      
# span 25 =     0.3464,     0.7547      
# span 26 = 0.0000e+00, 0.0000e+00      
# interval = meters: 1                  
# start_time = Apr 19 2013 20:50:43 [Instrument's time stamp, header]
# bad_flag = -9.990e-29
*END*
        133 109.868935    0.00916     0.5495     32.969      1.010  48284.942    29.8353     4.1101      1.000     4.1576    23.6686     6.9659     9.9549     93.020    303.995    311.095    0.00344    7.49283   10.70800  327.01229     4.1101   16.77275 2.1299e+01     0.8448     0.7547 0.0000e+00
        391 109.869681    0.02706     1.6240     97.441      2.018  51749.422    32.0363     4.2431      2.000     4.2387    25.4055     7.6837    10.9807    104.566    334.648    343.153    0.00574    7.34681   10.49932  319.97015     4.2430   16.42913 2.5917e+01     1.1587     0.3464 0.0000e+00
        378 109.869645    0.02621     1.5726     94.356      3.028  51523.918    31.8918     4.2314      3.000     4.2287    25.2917     7.6346    10.9106    103.775    332.550    340.961    0.00443    7.35691   10.51376  320.45478     4.2313   16.45276 2.0160e+01     1.1558     0.3722 0.0000e+00
        384 109.869660    0.02657     1.5941     95.644      4.038  51516.613    31.8835     4.2200      4.000     4.2036    25.2863     7.6421    10.9213    103.842    332.878    341.296    0.00370    7.35937   10.51728  320.56373     4.2197   16.45798 1.5931e+01     1.1672     0.3827 0.0000e+00
        390 109.869678    0.02698     1.6190     97.140      5.047  51504.980    31.8534     4.1288      5.000     4.0696    25.2713     7.6321    10.9070    103.456    332.447    340.849    0.00176    7.37721   10.54277  321.34544     4.1284   16.49528 1.3417e+01     1.2332     0.3878 0.0000e+00
        394 109.869691    0.02731     1.6384     98.306      6.056  51582.317    31.8792     4.0177      6.000     3.9956    25.3026     7.5999    10.8610    102.759    331.036    339.412   -0.00068    7.39589   10.56946  322.14901     4.0173   16.53339 1.1497e+01     1.3033     0.3898 0.0000e+00
        399 109.869704    0.02762     1.6573     99.437      7.066  51610.982    31.8880     3.9751      7.000     3.9607    25.3138     7.6364    10.9131    103.150    332.618    341.038    0.00039    7.40312   10.57980  322.46084     3.9746   16.54819 9.8342e+00     1.3463     0.3925 0.0000e+00
        404 109.869718    0.02796     1.6775    100.647      8.075  51635.280    31.8978     3.9489      8.000     3.9427    25.3240     7.6749    10.9681    103.611    334.294    342.759    0.00160    7.40735   10.58583  322.64148     3.9485   16.55674 8.5317e+00     1.3299     0.3873 0.0000e+00
        409 109.869734    0.02834     1.7006    102.034      9.086  51647.177    31.9028     3.9385      9.000     3.9368    25.3291     7.6559    10.9411    103.333    333.469    341.915    0.00051    7.40899   10.58818  322.71153     3.9379   16.56005 7.5830e+00     1.2384     0.3799 0.0000e+00
        415 109.869750    0.02873     1.7239    103.432     10.094  51649.432    31.9034     3.9367     10.000     3.9359    25.3297     7.6323    10.9073    103.009    332.435    340.856   -0.00058    7.40927   10.58860  322.72379     3.9360   16.56063 6.8679e+00     1.2253     0.3861 0.0000e+00
        419 109.869764    0.02905     1.7429    104.575     11.104  51650.198    31.9034     3.9365     11.000     3.9359    25.3297     7.6572    10.9430    103.346    333.523    341.971    0.00035    7.40931   10.58864  322.72513     3.9358   16.56070 6.0867e+00     1.2336     0.4054 0.0000e+00
        423 109.869775    0.02934     1.7604    105.621     12.113  51650.807    31.9034     3.9368     12.000     3.9362    25.3297     7.7230    11.0370    104.235    336.391    344.912    0.00271    7.40925   10.58856  322.72265     3.9360   16.56058 5.4600e+00     1.2359     0.4176 0.0000e+00
        429 109.869790    0.02969     1.7813    106.879     13.123  51650.414    31.9026     3.9367     13.000     3.9354    25.3291     7.8076    11.1578    105.375    340.074    348.688    0.00534    7.40931   10.58865  322.72557     3.9359   16.56072 4.9623e+00     1.2128     0.3977 0.0000e+00
        435 109.869809    0.03014     1.8085    108.512     14.133  51652.055    31.9027     3.9349     14.000     3.9340    25.3294     7.8377    11.2007    105.776    341.381    350.029    0.00512    7.40964   10.58911  322.73953     3.9340   16.56138 4.3704e+00     1.2016     0.3789 0.0000e+00
        440 109.869824    0.03051     1.8305    109.832     15.142  51653.117    31.9032     3.9360     15.000     3.9355    25.3296     7.8586    11.2308    106.063    342.296    350.966    0.00479    7.40942   10.58880  322.73006     3.9350   16.56093 3.9664e+00     1.1979     0.3792 0.0000e+00
        445 109.869837    0.03081     1.8490    110.942     16.152  51652.621    31.9025     3.9365     16.000     3.9353    25.3290     7.9109    11.3055    106.769    344.575    353.302    0.00586    7.40936   10.58871  322.72752     3.9355   16.56081 3.5277e+00     1.1641     0.3817 0.0000e+00
        450 109.869851    0.03116     1.8695    112.167     17.161  51652.938    31.9020     3.9357     17.000     3.9341    25.3287     7.9607    11.3767    107.439    346.744    355.526    0.00662    7.40951   10.58894  322.73441     3.9347   16.56114 3.1220e+00     1.1504     0.3722 0.0000e+00
        455 109.869868    0.03156     1.8934    113.601     18.171  51653.735    31.9015     3.9335     18.000     3.9312    25.3285     7.9911    11.4201    107.843    348.068    356.884    0.00624    7.40996   10.58956  322.75367     3.9324   16.56206 2.8097e+00     1.1640     0.3761 0.0000e+00
        461 109.869885    0.03196     1.9179    115.076     19.181  51656.604    31.9022     3.9307     19.000     3.9292    25.3294     8.0168    11.4568    108.183    349.187    358.032    0.00577    7.41042   10.59023  322.77378     3.9295   16.56302 2.4948e+00     1.1102     0.3722 0.0000e+00
        466 109.869900    0.03231     1.9388    116.326     20.191  51658.041    31.9026     3.9305     20.000     3.9295    25.3298     8.0093    11.4461    108.082    348.859    357.696    0.00433    7.41044   10.59026  322.77451     3.9292   16.56305 2.2014e+00     1.0637     0.3709 0.0000e+00
        471 109.869913    0.03263     1.9579    117.476     21.199  51658.844    31.9030     3.9317     21.000     3.9309    25.3299     8.0200    11.4614    108.229    349.326    358.175    0.00392    7.41021   10.58993  322.76434     3.9303   16.56256 1.9662e+00     1.0542     0.3671 0.0000e+00
        476 109.869928    0.03300     1.9796    118.778     22.209  51658.165    31.9021     3.9321     22.000     3.9305    25.3292     8.0503    11.5047    108.639    350.646    359.528    0.00421    7.41017   10.58987  322.76283     3.9307   16.56249 1.7575e+00     1.0835     0.3653 0.0000e+00
        482 109.869945    0.03341     2.0047    120.284     23.219  51659.374    31.9023     3.9318     23.000     3.9303    25.3294     8.0828    11.5512    109.077    352.062    360.980    0.00443    7.41022   10.58994  322.76488     3.9304   16.56259 1.5680e+00     1.0944     0.3761 0.0000e+00
        487 109.869960    0.03375     2.0252    121.515     24.228  51659.999    31.9022     3.9315     24.000     3.9299    25.3293     8.0817    11.5495    109.061    352.012    360.929    0.00353    7.41028   10.59003  322.76762     3.9300   16.56272 1.3936e+00     1.0535     0.3876 0.0000e+00
        491 109.869972    0.03405     2.0428    122.566     25.237  51660.841    31.9022     3.9315     25.000     3.9298    25.3293     8.0861    11.5558    109.120    352.203    361.124    0.00305    7.41027   10.59002  322.76733     3.9300   16.56271 1.2459e+00     1.0409     0.3832 0.0000e+00
        496 109.869986    0.03437     2.0624    123.741     26.247  51661.584    31.9021     3.9310     26.000     3.9292    25.3293     8.0987    11.5739    109.289    352.753    361.688    0.00292    7.41036   10.59015  322.77130     3.9294   16.56290 1.1123e+00     1.0623     0.3764 0.0000e+00
        502 109.870004    0.03482     2.0895    125.369     27.256  51662.893    31.9025     3.9311     27.000     3.9296    25.3296     8.1113    11.5919    109.460    353.303    362.252    0.00264    7.41033   10.59009  322.76942     3.9294   16.56280 9.9331e-01     1.0065     0.3681 0.0000e+00
        521 109.870058    0.03612     2.1669    130.016     28.266  51663.122    31.9020     3.9306     28.000     3.9287    25.3293     8.1198    11.6039    109.572    353.670    362.629    0.00153    7.41044   10.59026  322.77461     3.9289   16.56305 8.9238e-01     1.0322     0.3703 0.0000e+00
        535 109.870097    0.03706     2.2236    133.416     29.276  51664.154    31.9021     3.9301     29.000     3.9283    25.3294     8.1176    11.6009    109.542    353.578    362.533    0.00072    7.41054   10.59040  322.77868     3.9283   16.56325 7.9750e-01     0.9949     0.3732 0.0000e+00
        547 109.870132    0.03789     2.2735    136.407     30.285  51664.730    31.9020     3.9304     30.000     3.9285    25.3293     8.1236    11.6094    109.623    353.838    362.800    0.00060    7.41047   10.59031  322.77608     3.9285   16.56313 7.1107e-01     0.9928     0.3677 0.0000e+00
        562 109.870177    0.03898     2.3385    140.309     31.295  51665.398    31.9020     3.9304     31.000     3.9283    25.3293     8.1333    11.6233    109.754    354.260    363.233    0.00053    7.41050   10.59034  322.77719     3.9284   16.56318 6.3776e-01     0.9642     0.3787 0.0000e+00
