CTD-processing/allCTD/CNV/2013_07-22_t9_s04_cast081_5028.cnv
* Sea-Bird SBE19plus Data File:
* FileName = C:\Users\kris.holderied\Documents\kasitsna\Research-Projects-and-Data\Oceanography-AK\CTD-CookInlet-GulfWatchAK\2013-07-EVOSTC-CookInlet-Ocean\2013-07-22-CookInlet-Tran9-HomerSpit\2013-07-22-CookInlet-Tran9-HomerSpit-cast081.hex
* Software Version 1.59
* Temperature SN =  5028
* Conductivity SN =  5028
* System UpLoad Time = Apr 09 2014 19:19:42
** Cook Inlet LTM  Transect 9 (Homer Spit)  south to north
** Date: 2013-07-22
** Station: 9-04
** Start time: 09:26
** Depth (m): 89
** Comment:  CTD instrument time is AK Daylight.
** Comment:
# nquan = 27
# nvalues = 89                          
# units = specified
# name 0 = scan: Scan Count
# name 1 = timeJ: Julian Days
# name 2 = timeH: Time, Elapsed [hours]
# name 3 = timeM: Time, Elapsed [minutes]
# name 4 = timeS: Time, Elapsed [seconds]
# name 5 = prdM: Pressure, Strain Gauge [db]
# name 6 = specc: Specific Conductance [uS/cm]
# name 7 = sal00: Salinity, Practical [PSU]
# name 8 = tv290C: Temperature [ITS-90, deg C]
# name 9 = depSM: Depth [salt water, m], lat = 59.00
# name 10 = potemp090C: Potential Temperature [ITS-90, deg C]
# name 11 = sigma-é00: Density [sigma-theta, kg/m^3]
# name 12 = sbeox0ML/L: Oxygen, SBE 43 [ml/l]
# name 13 = sbeox0Mg/L: Oxygen, SBE 43 [mg/l]
# name 14 = sbeox0PS: Oxygen, SBE 43 [% saturation]
# name 15 = sbox0Mm/Kg: Oxygen, SBE 43 [umol/kg]
# name 16 = sbeox0Mm/L: Oxygen, SBE 43 [umol/l]
# name 17 = sbox0dV/dT: Oxygen, SBE 43 [dov/dt]
# name 18 = oxsolML/L: Oxygen Saturation, Garcia & Gordon [ml/l]
# name 19 = oxsolMg/L: Oxygen Saturation, Garcia & Gordon [mg/l]
# name 20 = oxsolMm/Kg: Oxygen Saturation, Garcia & Gordon [umol/kg]
# name 21 = potemp090C: Potential Temperature [ITS-90, deg C]
# name 22 = n2satMg/L: Nitrogen Saturation [mg/l]
# name 23 = par: PAR/Irradiance, Biospherical/Licor
# name 24 = flECO-AFL: Fluorescence, WET Labs ECO-AFL/FL [mg/m^3]
# name 25 = turbWETntu0: Turbidity, WET Labs ECO [NTU]
# name 26 = flag: flag
# span 0 =        189,        676       
# span 1 = 203.394339, 203.395750       
# span 2 =    0.01302,    0.04690       
# span 3 =     0.7814,     2.8137       
# span 4 =     46.884,    168.823       
# span 5 =      1.009,     89.860       
# span 6 =  33831.910,  50561.293       
# span 7 =    21.0343,    31.6505       
# span 8 =     6.4307,    13.8488       
# span 9 =      1.000,     89.000       
# span 10 =     6.4221,    13.8272      
# span 11 =    15.4628,    24.8550      
# span 12 =     5.6618,     7.8853      
# span 13 =     8.0912,    11.2689      
# span 14 =     89.087,    123.377      
# span 15 =    248.995,    344.462      
# span 16 =    252.854,    352.157      
# span 17 =   -0.01393,    0.03618      
# span 18 =    6.20249,    6.99319      
# span 19 =    8.86397,    9.99396      
# span 20 =  271.69503,  304.74152      
# span 21 =     6.4232,    13.8485      
# span 22 =   14.14381,   15.70552      
# span 23 = 5.4334e-02, 4.0601e+01      
# span 24 =     0.7247,     1.8131      
# span 25 =     0.4670,     3.0103      
# span 26 = 0.0000e+00, 0.0000e+00      
# interval = meters: 1                  
# start_time = Jul 22 2013 09:27:04 [Instrument's time stamp, header]
# bad_flag = -9.990e-29
*END*
[from data line 54]
        560 203.395414    0.03882     2.3292    139.749     55.527  50366.905    31.6202     6.9152     55.000     6.9178    24.7691     7.4688    10.6737    107.988    325.496    333.558   -0.00197    6.91636    9.88417  301.41875     6.9104   15.54721 5.7734e-02     0.9042     0.7722 0.0000e+00
        563 203.395423    0.03904     2.3420    140.518     56.536  50342.119    31.6039     6.9228     56.000     6.9101    24.7553     7.4848    10.6965    108.227    326.197    334.272   -0.00096    6.91589    9.88350  301.40224     6.9179   15.54649 5.7111e-02     0.9161     0.8190 0.0000e+00
        566 203.395431    0.03925     2.3545    141.272     57.546  50339.997    31.5996     6.9096     57.000     6.8960    24.7536     7.4917    10.7064    108.289    326.497    334.579   -0.00060    6.91821    9.88681  301.50374     6.9046   15.55134 5.6636e-02     0.9014     0.8128 0.0000e+00
        569 203.395441    0.03946     2.3678    142.065     58.555  50355.957    31.6082     6.8982     58.000     6.8938    24.7619     7.4822    10.6927    108.129    326.078    334.153   -0.00107    6.91964    9.88886  301.56370     6.8931   15.55417 5.6333e-02     0.8568     0.7654 0.0000e+00
        573 203.395450    0.03970     2.3821    142.928     59.566  50372.345    31.6201     6.9041     59.000     6.9099    24.7705     7.4713    10.6772    107.995    325.601    333.667   -0.00140    6.91815    9.88672  301.49617     6.8989   15.55090 5.6165e-02     0.9010     0.7946 0.0000e+00
        576 203.395461    0.03995     2.3969    143.815     60.575  50367.235    31.6197     6.9241     60.000     6.9261    24.7675     7.4723    10.6787    108.060    325.647    333.713   -0.00106    6.91496    9.88217  301.35817     6.9189   15.54432 5.5867e-02     0.9442     0.8703 0.0000e+00
        580 203.395471    0.04019     2.4115    144.693     61.585  50356.725    31.6138     6.9347     61.000     6.9305    24.7616     7.4836    10.6948    108.245    326.141    334.218   -0.00035    6.91355    9.88015  301.29849     6.9293   15.54150 5.5576e-02     0.9554     0.9126 0.0000e+00
        583 203.395481    0.04043     2.4259    145.552     62.595  50348.927    31.6081     6.9356     62.000     6.9257    24.7570     7.4897    10.7036    108.333    326.412    334.493   -0.00001    6.91366    9.88031  301.30476     6.9301   15.54182 5.5363e-02     0.9526     0.9390 0.0000e+00
        587 203.395491    0.04067     2.4401    146.407     63.605  50342.922    31.6016     6.9255     63.000     6.9108    24.7532     7.4824    10.6931    108.196    326.092    334.164   -0.00045    6.91557    9.88304  301.38887     6.9200   15.54586 5.5235e-02     0.9450     0.9506 0.0000e+00
        590 203.395501    0.04090     2.4540    147.241     64.614  50341.136    31.5970     6.9094     64.000     6.8906    24.7518     7.4747    10.6821    108.041    325.757    333.820   -0.00094    6.91835    9.88702  301.51075     6.9037   15.55169 5.5096e-02     0.9326     0.9318 0.0000e+00
        593 203.395510    0.04113     2.4676    148.056     65.624  50345.110    31.5954     6.8872     65.000     6.8674    24.7533     7.4708    10.6766    107.929    325.586    333.646   -0.00122    6.92197    9.89219  301.66795     6.8815   15.55919 5.4951e-02     0.9258     0.9266 0.0000e+00
        597 203.395520    0.04136     2.4816    148.893     66.634  50357.114    31.5993     6.8652     66.000     6.8483    24.7593     7.4639    10.6666    107.776    325.281    333.335   -0.00156    6.92531    9.89696  301.81164     6.8595   15.56603 5.4868e-02     0.8953     0.8304 0.0000e+00
        600 203.395530    0.04161     2.4965    149.792     67.644  50365.060    31.6009     6.8457     67.000     6.8305    24.7630     7.4520    10.6497    107.559    324.767    332.809   -0.00204    6.92837    9.90133  301.94392     6.8399   15.57233 5.4871e-02     0.9000     0.7803 0.0000e+00
        604 203.395541    0.04187     2.5120    150.718     68.652  50368.801    31.6000     6.8290     68.000     6.8120    24.7646     7.4381    10.6298    107.315    324.157    332.185   -0.00253    6.93109    9.90523  302.06219     6.8230   15.57798 5.4843e-02     0.9140     0.7981 0.0000e+00
        607 203.395551    0.04211     2.5269    151.615     69.663  50356.942    31.5869     6.8045     69.000     6.7730    24.7574     7.4260    10.6124    107.070    323.631    331.644   -0.00293    6.93563    9.91171  302.26208     6.7985   15.58757 5.4723e-02     0.9063     0.8244 0.0000e+00
        611 203.395561    0.04235     2.5409    152.456     70.672  50329.201    31.5579     6.7533     70.000     6.6954    24.7411     7.4112    10.5913    106.710    322.993    330.984   -0.00364    6.94519    9.92538  302.68371     6.7472   15.60778 5.4633e-02     0.8945     0.8331 0.0000e+00
        614 203.395570    0.04258     2.5545    153.271     71.682  50363.360    31.5658     6.6686     71.000     6.6247    24.7581     7.3858    10.5550    106.140    321.878    329.847   -0.00493    6.95850    9.94439  303.25858     6.6625   15.63516 5.4658e-02     0.9306     0.8406 0.0000e+00
        617 203.395580    0.04281     2.5682    154.093     72.692  50424.529    31.5989     6.6203     72.000     6.6020    24.7903     7.3531    10.5083    105.576    320.445    328.389   -0.00611    6.96478    9.95337  303.52265     6.6141   15.64762 5.4644e-02     0.9729     0.8851 0.0000e+00
        621 203.395589    0.04304     2.5824    154.942     73.702  50448.418    31.6118     6.6031     73.000     6.5907    24.8027     7.3350    10.4824    105.282    319.652    327.580   -0.00623    6.96697    9.95650  303.61434     6.5969   15.65194 5.4551e-02     0.9577     0.8858 0.0000e+00
        624 203.395600    0.04328     2.5970    155.820     74.712  50460.751    31.6181     6.5930     74.000     6.5820    24.8090     7.3265    10.4702    105.140    319.278    327.199   -0.00578    6.96831    9.95841  303.67105     6.5867   15.65462 5.4492e-02     0.9498     0.9168 0.0000e+00
        628 203.395610    0.04352     2.6114    156.685     75.722  50470.394    31.6229     6.5853     75.000     6.5745    24.8137     7.3248    10.4678    105.100    319.203    327.124   -0.00511    6.96933    9.95988  303.71432     6.5789   15.65666 5.4491e-02     0.9714     0.9925 0.0000e+00
        631 203.395619    0.04375     2.6249    157.494     76.732  50475.598    31.6247     6.5779     76.000     6.5653    24.8161     7.3271    10.4711    105.117    319.303    327.227   -0.00437    6.97045    9.96147  303.76219     6.5714   15.65894 5.4481e-02     0.9896     1.0522 0.0000e+00
        634 203.395628    0.04396     2.6378    158.267     77.741  50477.606    31.6237     6.5679     77.000     6.5528    24.8166     7.3275    10.4717    105.097    319.321    327.246   -0.00387    6.97211    9.96385  303.83447     6.5613   15.66239 5.4414e-02     1.0091     1.0901 0.0000e+00
        637 203.395637    0.04418     2.6509    159.053     78.751  50481.259    31.6232     6.5541     78.000     6.5384    24.8179     7.3235    10.4661    105.007    319.149    327.070   -0.00365    6.97438    9.96709  303.93282     6.5475   15.66707 5.4354e-02     0.9965     1.1017 0.0000e+00
        641 203.395647    0.04441     2.6647    159.883     79.761  50486.791    31.6239     6.5399     79.000     6.5246    24.8203     7.3156    10.4548    104.859    318.803    326.716   -0.00363    6.97666    9.97034  304.03131     6.5332   15.67177 5.4334e-02     0.9781     1.1054 0.0000e+00
        644 203.395657    0.04465     2.6791    160.745     80.770  50486.592    31.6204     6.5242     80.000     6.5063    24.8195     7.3061    10.4411    104.681    318.387    326.288   -0.00369    6.97936    9.97420  304.14944     6.5174   15.67741 5.4351e-02     0.9729     1.1032 0.0000e+00
        647 203.395667    0.04489     2.6935    161.612     81.781  50495.514    31.6227     6.5059     81.000     6.4913    24.8237     7.3000    10.4325    104.552    318.124    326.021   -0.00360    6.98222    9.97829  304.27272     6.4991   15.68328 5.4391e-02     0.9881     1.1081 0.0000e+00
        651 203.395677    0.04513     2.7079    162.474     82.790  50503.752    31.6258     6.4940     82.000     6.4819    24.8275     7.2965    10.4274    104.474    317.966    325.861   -0.00336    6.98403    9.98088  304.35046     6.4870   15.68698 5.4422e-02     1.0201     1.1407 0.0000e+00
        654 203.395687    0.04537     2.7222    163.334     83.801  50506.919    31.6258     6.4850     83.000     6.4726    24.8287     7.2951    10.4254    104.432    317.904    325.797   -0.00304    6.98548    9.98295  304.41340     6.4780   15.68997 5.4421e-02     1.0320     1.1808 0.0000e+00
        658 203.395696    0.04560     2.7364    164.182     84.810  50511.685    31.6269     6.4760     84.000     6.4640    24.8308     7.2946    10.4247    104.404    317.883    325.776   -0.00273    6.98690    9.98497  304.47445     6.4690   15.69288 5.4387e-02     1.0317     1.2344 0.0000e+00
        661 203.395706    0.04584     2.7503    165.020     85.820  50517.413    31.6290     6.4680     85.000     6.4567    24.8334     7.2934    10.4230    104.368    317.829    325.722   -0.00248    6.98811    9.98671  304.52662     6.4608   15.69537 5.4351e-02     1.0360     1.2363 0.0000e+00
        664 203.395716    0.04607     2.7646    165.874     86.829  50522.927    31.6310     6.4613     86.000     6.4494    24.8358     7.2856    10.4118    104.242    317.489    325.375   -0.00253    6.98911    9.98814  304.56946     6.4540   15.69740 5.4371e-02     1.0777     1.2823 0.0000e+00
        668 203.395726    0.04633     2.7796    166.774     87.840  50530.399    31.6340     6.4520     87.000     6.4374    24.8394     7.2775    10.4001    104.105    317.132    325.009   -0.00263    6.99048    9.99009  304.62797     6.4447   15.70017 5.4483e-02     1.2034     1.4973 0.0000e+00
        672 203.395738    0.04659     2.7953    167.720     88.850  50547.064    31.6427     6.4389     88.000     6.4269    24.8478     7.2732    10.3942    104.019    316.947    324.823   -0.00251    6.99221    9.99257  304.70106     6.4316   15.70362 5.4642e-02     1.4742     2.0312 0.0000e+00
        676 203.395750    0.04690     2.8137    168.823     89.860  50561.293    31.6505     6.4307     89.000     6.4221    24.8550     7.2612    10.3769    103.832    316.419    324.284   -0.00269    6.99319    9.99396  304.74152     6.4232   15.70552 5.4747e-02     1.8131     2.8518 0.0000e+00
