CTD-processing/allCTD/CNV/2013_04-20_t7_s06_cast087_5028.cnv
* Sea-Bird SBE19plus Data File:
* FileName = C:\Documents and Settings\kris.holderied.local\My Documents\2012-2013-CTD-DATA-new-files\2013-04-EVOSTC-CookInlet-Ocean\2013-04-CookInlet-Tran7-Augustine\2013-04-20-CookInlet-Trans7-Cast087.hex
* Software Version 1.54
* Temperature SN =  5028
* Conductivity SN =  5028
* System UpLoad Time = Apr 20 2013 14:52:38
** Cook Inlet LTM Tran7 Augustine to Flat Island
** Date:  2013-04-20
** Station:  7-06
** Start time (AKDT-24 hr):  0806
** Depth (m): 55
** Comment:
** Comment:
# nquan = 27
# nvalues = 56                          
# units = specified
# name 0 = scan: Scan Count
# name 1 = timeJ: Julian Days
# name 2 = timeH: Time, Elapsed [hours]
# name 3 = timeM: Time, Elapsed [minutes]
# name 4 = timeS: Time, Elapsed [seconds]
# name 5 = prdM: Pressure, Strain Gauge [db]
# name 6 = specc: Specific Conductance [uS/cm]
# name 7 = sal00: Salinity, Practical [PSU]
# name 8 = tv290C: Temperature [ITS-90, deg C]
# name 9 = depSM: Depth [salt water, m], lat = 59.00
# name 10 = potemp090C: Potential Temperature [ITS-90, deg C]
# name 11 = sigma-é00: Density [sigma-theta, kg/m^3]
# name 12 = sbeox0ML/L: Oxygen, SBE 43 [ml/l]
# name 13 = sbeox0Mg/L: Oxygen, SBE 43 [mg/l]
# name 14 = sbeox0PS: Oxygen, SBE 43 [% saturation]
# name 15 = sbox0Mm/Kg: Oxygen, SBE 43 [umol/kg]
# name 16 = sbeox0Mm/L: Oxygen, SBE 43 [umol/l]
# name 17 = sbox0dV/dT: Oxygen, SBE 43 [dov/dt]
# name 18 = oxsolML/L: Oxygen Saturation, Garcia & Gordon [ml/l]
# name 19 = oxsolMg/L: Oxygen Saturation, Garcia & Gordon [mg/l]
# name 20 = oxsolMm/Kg: Oxygen Saturation, Garcia & Gordon [umol/kg]
# name 21 = potemp090C: Potential Temperature [ITS-90, deg C]
# name 22 = n2satMg/L: Nitrogen Saturation [mg/l]
# name 23 = par: PAR/Irradiance, Biospherical/Licor
# name 24 = flECO-AFL: Fluorescence, WET Labs ECO-AFL/FL [mg/m^3]
# name 25 = turbWETntu0: Turbidity, WET Labs ECO [NTU]
# name 26 = flag: flag
# span 0 =        317,        562       
# span 1 = 110.340173, 110.340883       
# span 2 =    0.02195,    0.03897       
# span 3 =     1.3174,     2.3380       
# span 4 =     79.042,    140.278       
# span 5 =      1.010,     56.536       
# span 6 =  51522.740,  52105.465       
# span 7 =    31.3909,    31.9951       
# span 8 =     2.2809,     3.2155       
# span 9 =      1.000,     56.000       
# span 10 =     2.2806,     3.2126      
# span 11 =    25.0611,    25.4717      
# span 12 =     7.5851,     8.3765      
# span 13 =    10.8400,    11.9708      
# span 14 =     97.968,    110.700      
# span 15 =    330.471,    364.817      
# span 16 =    338.753,    374.093      
# span 17 =   -0.00277,    0.01179      
# span 18 =    7.53714,    7.74677      
# span 19 =   10.77133,   11.07092      
# span 20 =  328.24915,  337.51251      
# span 21 =     2.2809,     3.2122      
# span 22 =   16.82296,   17.26534      
# span 23 = 3.7912e-02, 4.3516e+01      
# span 24 =     0.5765,     1.2264      
# span 25 =     0.7915,     1.9491      
# span 26 = 0.0000e+00, 0.0000e+00      
# interval = meters: 1                  
# start_time = Apr 20 2013 08:08:32 [Instrument's time stamp, header]
# bad_flag = -9.990e-29
*END*
        317 110.340173    0.02195     1.3174     79.042      1.010  51525.657    31.3909     2.2809      1.000     2.2806    25.0611     7.6373    10.9144     98.586    332.740    341.080    0.01179    7.74677   11.07092  337.51251     2.2809   17.26534 4.3516e+01     0.5765     1.5570 0.0000e+00
        325 110.340196    0.02248     1.3490     80.942      2.019  51530.702    31.3968     2.2916      2.000     2.2958    25.0650     7.5999    10.8610     98.134    331.112    339.411    0.00774    7.74440   11.06751  337.40765     2.2915   17.26034 3.0894e+01     0.6234     1.7170 0.0000e+00
        330 110.340210    0.02282     1.3693     82.158      3.029  51522.740    31.3936     2.3011      3.000     2.3018    25.0617     7.5900    10.8469     98.028    330.682    338.970    0.00607    7.74270   11.06509  337.33490     2.3010   17.25690 2.0921e+01     0.7111     1.7992 0.0000e+00
        334 110.340222    0.02310     1.3860     83.159      4.039  51522.910    31.3935     2.3024      4.000     2.3031    25.0616     7.5851    10.8400     97.968    330.471    338.753    0.00495    7.74247   11.06475  337.32456     2.3022   17.25640 1.5735e+01     0.7987     1.8333 0.0000e+00
        338 110.340235    0.02342     1.4053     84.319      5.048  51524.569    31.3949     2.3052      5.000     2.3068    25.0625     7.5952    10.8544     98.107    330.911    339.204    0.00443    7.74183   11.06385  337.29665     2.3050   17.25507 1.2198e+01     0.8051     1.7562 0.0000e+00
        343 110.340250    0.02378     1.4270     85.618      6.056  51523.125    31.3947     2.3098      6.000     2.3107    25.0620     7.6106    10.8763     98.316    331.579    339.889    0.00412    7.74095   11.06259  337.25839     2.3095   17.25326 9.9522e+00     0.8185     1.6458 0.0000e+00
        348 110.340263    0.02409     1.4452     86.715      7.066  51522.992    31.3947     2.3120      7.000     2.3124    25.0618     7.6345    10.9104     98.630    332.618    340.954    0.00420    7.74051   11.06197  337.23944     2.3117   17.25236 8.1480e+00     0.8374     1.7663 0.0000e+00
        352 110.340274    0.02435     1.4607     87.640      8.076  51524.075    31.3951     2.3131      8.000     2.3134    25.0621     7.6900    10.9898     99.350    335.039    343.436    0.00545    7.74028   11.06163  337.22914     2.3127   17.25187 6.7258e+00     0.8454     1.8754 0.0000e+00
        355 110.340284    0.02460     1.4760     88.558      9.085  51523.571    31.3946     2.3142      9.000     2.3140    25.0616     7.7594    11.0890    100.250    338.063    346.535    0.00707    7.74009   11.06137  337.22122     2.3138   17.25149 5.6031e+00     0.8533     1.8569 0.0000e+00
        359 110.340296    0.02489     1.4936     89.615     10.094  51526.128    31.3961     2.3152     10.000     2.3160    25.0627     7.8248    11.1824    101.097    340.911    349.456    0.00823    7.73982   11.06098  337.20919     2.3147   17.25092 4.6687e+00     0.8584     1.7613 0.0000e+00
        365 110.340311    0.02525     1.5147     90.882     11.104  51526.461    31.3967     2.3182     11.000     2.3188    25.0629     7.8766    11.2565    101.776    343.171    351.771    0.00845    7.73920   11.06009  337.18190     2.3177   17.24962 3.8783e+00     0.8579     1.7086 0.0000e+00
        369 110.340325    0.02559     1.5352     92.110     12.114  51527.910    31.3979     2.3211     12.000     2.3218    25.0637     7.9252    11.3259    102.411    345.285    353.939    0.00856    7.73858   11.05921  337.15467     2.3205   17.24833 3.1799e+00     0.8655     1.8087 0.0000e+00
        374 110.340338    0.02587     1.5526     93.155     13.123  51528.220    31.3983     2.3238     13.000     2.3240    25.0639     7.9795    11.4035    103.120    347.651    356.365    0.00905    7.73804   11.05844  337.13131     2.3231   17.24721 2.5820e+00     0.8710     1.9491 0.0000e+00
        377 110.340348    0.02614     1.5684     94.102     14.133  51528.962    31.3987     2.3254     14.000     2.3257    25.0640     8.0398    11.4897    103.905    350.279    359.058    0.00983    7.73771   11.05795  337.11645     2.3247   17.24650 2.0906e+00     0.8836     1.9277 0.0000e+00
        382 110.340361    0.02643     1.5854     95.126     15.142  51529.060    31.3989     2.3276     15.000     2.3276    25.0640     8.0914    11.5634    104.577    352.526    361.362    0.01014    7.73726   11.05732  337.09706     2.3269   17.24558 1.6876e+00     0.8892     1.7775 0.0000e+00
        386 110.340374    0.02677     1.6062     96.373     16.151  51529.418    31.3990     2.3290     16.000     2.3291    25.0640     8.1244    11.6106    105.008    353.965    362.837    0.00940    7.73698   11.05692  337.08481     2.3282   17.24500 1.3683e+00     0.9037     1.7261 0.0000e+00
        391 110.340388    0.02708     1.6252     97.514     17.161  51531.482    31.4007     2.3323     17.000     2.3330    25.0652     8.1584    11.6592    105.457    355.445    364.355    0.00896    7.73624   11.05587  337.05238     2.3315   17.24346 1.1118e+00     0.9141     1.7429 0.0000e+00
        395 110.340399    0.02736     1.6416     98.497     18.171  51530.874    31.4005     2.3348     18.000     2.3348    25.0648     8.1865    11.6994    105.827    356.671    365.610    0.00864    7.73577   11.05519  337.03171     2.3339   17.24248 8.8859e-01     0.9122     1.7986 0.0000e+00
        399 110.340410    0.02762     1.6572     99.431     19.180  51533.884    31.4026     2.3368     19.000     2.3381    25.0663     8.2107    11.7339    106.146    357.724    366.691    0.00821    7.73526   11.05447  337.00940     2.3359   17.24141 7.1111e-01     0.9168     1.7832 0.0000e+00
        403 110.340422    0.02792     1.6748    100.486     20.190  51537.019    31.4058     2.3429     20.000     2.3453    25.0685     8.2499    11.7900    106.673    359.433    368.443    0.00831    7.73389   11.05251  336.94885     2.3420   17.23852 5.7165e-01     0.9513     1.6956 0.0000e+00
        408 110.340437    0.02826     1.6958    101.751     21.199  51539.823    31.4095     2.3513     21.000     2.3548    25.0708     8.2687    11.8168    106.940    360.247    369.278    0.00748    7.73207   11.04991  336.86877     2.3503   17.23471 4.5774e-01     0.9573     1.6496 0.0000e+00
        413 110.340451    0.02861     1.7166    102.997     22.209  51537.350    31.4104     2.3623     22.000     2.3626    25.0707     8.2764    11.8278    107.070    360.584    369.624    0.00644    7.72990   11.04680  336.77409     2.3612   17.23021 3.6752e-01     0.9541     1.6491 0.0000e+00
        417 110.340464    0.02891     1.7346    104.074     23.218  51529.266    31.4040     2.3608     23.000     2.3521    25.0657     8.2843    11.8390    107.163    360.928    369.975    0.00564    7.73052   11.04769  336.80278     2.3597   17.23160 2.9573e-01     0.9618     1.6510 0.0000e+00
        421 110.340475    0.02918     1.7509    105.053     24.228  51549.099    31.4119     2.3433     24.000     2.3343    25.0733     8.2900    11.8473    107.196    361.176    370.232    0.00485    7.73350   11.05194  336.93012     2.3422   17.23761 2.3757e-01     0.9625     1.6648 0.0000e+00
        425 110.340487    0.02946     1.7680    106.078     25.237  51593.258    31.4381     2.3328     25.000     2.3332    25.0950     8.2963    11.8562    107.267    361.439    370.510    0.00424    7.73417   11.05290  336.95223     2.3316   17.23856 1.9125e-01     0.9637     1.6345 0.0000e+00
        430 110.340501    0.02980     1.7884    107.301     26.247  51609.765    31.4502     2.3382     26.000     2.3388    25.1043     8.3172    11.8861    107.562    362.350    371.447    0.00420    7.73248   11.05049  336.87547     2.3369   17.23486 1.5379e-01     0.9796     1.5863 0.0000e+00
        435 110.340516    0.03017     1.8102    108.610     27.257  51617.637    31.4559     2.3416     27.000     2.3408    25.1086     8.3377    11.9154    107.841    363.241    372.361    0.00413    7.73151   11.04909  336.83164     2.3403   17.23276 1.2357e-01     1.0395     1.5526 0.0000e+00
        440 110.340530    0.03049     1.8292    109.750     28.266  51643.637    31.4738     2.3452     28.000     2.3499    25.1227     8.3339    11.9100    107.815    363.072    372.193    0.00334    7.72985   11.04672  336.75485     2.3438   17.22904 1.0276e-01     1.0486     1.5512 0.0000e+00
        444 110.340541    0.03076     1.8459    110.754     29.276  51690.904    31.5096     2.3615     29.000     2.3750    25.1501     8.3403    11.9191    107.967    363.337    372.476    0.00319    7.72481   11.03952  336.52604     2.3600   17.21804 8.5744e-02     1.0539     1.5410 0.0000e+00
        448 110.340553    0.03104     1.8626    111.758     30.285  51714.338    31.5330     2.3904     30.000     2.3995    25.1667     8.3574    11.9434    108.285    364.076    373.238    0.00355    7.71794   11.02971  336.22171     2.3889   17.20349 7.2653e-02     1.0624     1.4898 0.0000e+00
        452 110.340565    0.03135     1.8811    112.864     31.295  51721.397    31.5425     2.4093     31.000     2.4125    25.1728     8.3612    11.9489    108.393    364.241    373.410    0.00327    7.71377   11.02376  336.03809     2.4078   17.19474 6.1877e-02     1.0624     1.4445 0.0000e+00
        457 110.340580    0.03169     1.9011    114.064     32.304  51754.353    31.5681     2.4233     32.000     2.4340    25.1922     8.3527    11.9368    108.340    363.864    373.031    0.00253    7.70973   11.01797  335.85531     2.4216   17.18596 5.4072e-02     1.0554     1.4204 0.0000e+00
        462 110.340593    0.03200     1.9204    115.221     33.315  51812.164    31.6171     2.4616     33.000     2.4824    25.2285     8.3479    11.9300    108.418    363.642    372.817    0.00228    7.69973   11.00369  335.40821     2.4599   17.16453 4.8218e-02     1.0631     1.4119 0.0000e+00
        466 110.340605    0.03230     1.9379    116.273     34.323  51852.423    31.6574     2.5108     34.000     2.5331    25.2569     8.3521    11.9360    108.638    363.817    373.006    0.00250    7.68810   10.98707  334.89237     2.5091   17.13988 4.3425e-02     1.0674     1.3729 0.0000e+00
        470 110.340617    0.03259     1.9551    117.304     35.333  51880.422    31.6892     2.5592     35.000     2.5772    25.2786     8.3555    11.9409    108.837    363.956    373.157    0.00266    7.67712   10.97137  334.40674     2.5574   17.11669 3.9735e-02     1.0590     1.3013 0.0000e+00
        475 110.340630    0.03290     1.9740    118.440     36.343  51879.435    31.6981     2.5959     36.000     2.6024    25.2829     8.3497    11.9325    108.867    363.702    372.897    0.00232    7.66959   10.96061  334.07736     2.5940   17.10101 3.8177e-02     1.0700     1.2527 0.0000e+00
        480 110.340645    0.03326     1.9954    119.725     37.352  51904.477    31.7204     2.6175     37.000     2.6308    25.2990     8.3234    11.8950    108.600    362.553    371.724    0.00117    7.66429   10.95304  333.84122     2.6155   17.08971 3.7930e-02     1.0899     1.2080 0.0000e+00
        485 110.340659    0.03360     2.0159    120.954     38.363  51974.886    31.7815     2.6689     38.000     2.7030    25.3437     8.3106    11.8767    108.618    361.978    371.152    0.00092    7.65126   10.93441  333.25898     2.6668   17.06181 3.7913e-02     1.0980     1.2007 0.0000e+00
        489 110.340671    0.03389     2.0331    121.983     39.372  51970.307    31.7979     2.7419     39.000     2.7671    25.3510     8.3389    11.9171    109.199    363.208    372.416    0.00234    7.63645   10.91325  332.61187     2.7398   17.03101 3.7912e-02     1.1222     1.1659 0.0000e+00
        493 110.340682    0.03415     2.0487    122.921     40.381  51942.257    31.7902     2.7851     40.000     2.7961    25.3414     8.3546    11.9396    109.517    363.896    373.118    0.00292    7.62862   10.90206  332.27387     2.7829   17.01499 3.7912e-02     1.1447     1.0844 0.0000e+00
        497 110.340694    0.03442     2.0654    123.926     41.391  51928.259    31.7863     2.8074     41.000     2.8116    25.3365     8.3434    11.9236    109.428    363.409    372.616    0.00226    7.62458   10.89629  332.09967     2.8052   17.00673 3.7912e-02     1.1590     1.0215 0.0000e+00
        501 110.340707    0.03474     2.0847    125.083     42.401  51926.849    31.7886     2.8214     42.000     2.8260    25.3372     8.3198    11.8899    109.158    362.382    371.563    0.00112    7.62181   10.89233  331.97876     2.8191   17.00098 3.7912e-02     1.1659     1.0086 0.0000e+00
        506 110.340721    0.03508     2.1048    126.287     43.410  51959.828    31.8173     2.8467     43.000     2.8691    25.3580     8.3131    11.8802    109.160    362.080    371.262    0.00087    7.61551   10.88333  331.69758     2.8444   16.98750 3.7912e-02     1.1834     1.0167 0.0000e+00
        511 110.340734    0.03539     2.1230    127.381     44.420  52039.310    31.8900     2.9190     44.000     2.9694    25.4100     8.3265    11.8994    109.587    362.647    371.861    0.00183    7.59809   10.85842  330.92183     2.9165   16.95036 3.7912e-02     1.1812     1.0032 0.0000e+00
        514 110.340745    0.03566     2.1395    128.373     45.430  52053.878    31.9268     3.0215     45.000     3.0539    25.4309     8.3627    11.9511    110.372    364.215    373.477    0.00369    7.57684   10.82807  329.99002     3.0190   16.90594 3.7912e-02     1.1946     0.9335 0.0000e+00
        518 110.340756    0.03593     2.1560    129.358     46.440  52035.529    31.9280     3.0744     46.000     3.0805    25.4274     8.3765    11.9708    110.700    364.817    374.093    0.00419    7.56683   10.81375  329.55472     3.0719   16.88525 3.7912e-02     1.2238     0.8652 0.0000e+00
        523 110.340769    0.03622     2.1733    130.400     47.450  52068.364    31.9537     3.0896     47.000     3.0983    25.4466     8.3199    11.8900    110.013    362.348    371.568    0.00171    7.56265   10.80779  329.36678     3.0869   16.87622 3.7912e-02     1.2264     0.8052 0.0000e+00
        527 110.340781    0.03652     2.1913    131.479     48.459  52105.465    31.9867     3.1211     48.000     3.1377    25.4702     8.2593    11.8034    109.322    359.699    368.860   -0.00056    7.55506   10.79693  329.02862     3.1183   16.86002 3.7912e-02     1.1933     0.8119 0.0000e+00
        531 110.340793    0.03681     2.2084    132.505     49.469  52100.546    31.9926     3.1577     49.000     3.1698    25.4717     8.2344    11.7678    109.094    358.612    367.746   -0.00107    7.54791   10.78673  328.71692     3.1549   16.84518 3.7912e-02     1.1530     0.7977 0.0000e+00
        535 110.340805    0.03708     2.2252    133.515     50.478  52094.104    31.9951     3.1857     50.000     3.1929    25.4713     8.2016    11.7209    108.738    357.186    366.284   -0.00189    7.54255   10.77906  328.48356     3.1828   16.83408 3.7912e-02     1.1542     0.7915 0.0000e+00
        539 110.340816    0.03737     2.2422    134.535     51.488  52084.699    31.9928     3.2034     51.000     3.2047    25.4680     8.1740    11.6815    108.418    355.986    365.052   -0.00251    7.53937   10.77452  328.34609     3.2004   16.82756 3.7912e-02     1.1793     0.7999 0.0000e+00
        543 110.340828    0.03766     2.2595    135.570     52.497  52080.332    31.9911     3.2103     52.000     3.2087    25.4661     8.1563    11.6562    108.200    355.215    364.260   -0.00274    7.53818   10.77282  328.29477     3.2072   16.82513 3.7912e-02     1.1831     0.8029 0.0000e+00
        548 110.340841    0.03797     2.2779    136.677     53.507  52079.883    31.9910     3.2129     53.000     3.2102    25.4657     8.1436    11.6381    108.039    354.663    363.695   -0.00277    7.53770   10.77213  328.27391     3.2098   16.82414 3.7912e-02     1.1842     0.8045 0.0000e+00
