CTD-processing/allCTD/CNV/2013_09-25_t9_s06_cast104_5028.cnv
* Sea-Bird SBE19plus Data File:
* FileName = C:\Users\kris.holderied\Documents\kasitsna\Research-Projects-and-Data\Oceanography-AK\CTD-CookInlet-GulfWatchAK\2013-09-25-CookInlet-Tran9-HomerSpit\2013-09-25-CookInlet-Tran9-HomerSpit-cast104.hex
* Software Version 1.59
* Temperature SN =  5028
* Conductivity SN =  5028
* System UpLoad Time = Apr 09 2014 19:56:46
** Cook Inlet LTM Homer Spit Line - Monthly
** Date: 2013-09-25
** Station: 9-06
** Start time: 14:19
** Depth (m): 98.8
** CoComment:
** Comment:
# nquan = 27
# nvalues = 90                          
# units = specified
# name 0 = scan: Scan Count
# name 1 = timeJ: Julian Days
# name 2 = timeH: Time, Elapsed [hours]
# name 3 = timeM: Time, Elapsed [minutes]
# name 4 = timeS: Time, Elapsed [seconds]
# name 5 = prdM: Pressure, Strain Gauge [db]
# name 6 = specc: Specific Conductance [uS/cm]
# name 7 = sal00: Salinity, Practical [PSU]
# name 8 = tv290C: Temperature [ITS-90, deg C]
# name 9 = depSM: Depth [salt water, m], lat = 59.00
# name 10 = potemp090C: Potential Temperature [ITS-90, deg C]
# name 11 = sigma-é00: Density [sigma-theta, kg/m^3]
# name 12 = sbeox0ML/L: Oxygen, SBE 43 [ml/l]
# name 13 = sbeox0Mg/L: Oxygen, SBE 43 [mg/l]
# name 14 = sbeox0PS: Oxygen, SBE 43 [% saturation]
# name 15 = sbox0Mm/Kg: Oxygen, SBE 43 [umol/kg]
# name 16 = sbeox0Mm/L: Oxygen, SBE 43 [umol/l]
# name 17 = sbox0dV/dT: Oxygen, SBE 43 [dov/dt]
# name 18 = oxsolML/L: Oxygen Saturation, Garcia & Gordon [ml/l]
# name 19 = oxsolMg/L: Oxygen Saturation, Garcia & Gordon [mg/l]
# name 20 = oxsolMm/Kg: Oxygen Saturation, Garcia & Gordon [umol/kg]
# name 21 = potemp090C: Potential Temperature [ITS-90, deg C]
# name 22 = n2satMg/L: Nitrogen Saturation [mg/l]
# name 23 = par: PAR/Irradiance, Biospherical/Licor
# name 24 = flECO-AFL: Fluorescence, WET Labs ECO-AFL/FL [mg/m^3]
# name 25 = turbWETntu0: Turbidity, WET Labs ECO [NTU]
# name 26 = flag: flag
# span 0 =        432,        820       
# span 1 = 268.598607, 268.599730       
# span 2 =    0.02990,    0.05686       
# span 3 =     1.7939,     3.4112       
# span 4 =    107.634,    204.673       
# span 5 =      1.009,     90.869       
# span 6 =  47325.029,  49228.100       
# span 7 =    29.9074,    31.0685       
# span 8 =     8.5017,     9.4649       
# span 9 =      1.000,     90.000       
# span 10 =     8.4928,     9.4646      
# span 11 =    23.0627,    24.1168      
# span 12 =     5.7266,     6.3566      
# span 13 =     8.1839,     9.0843      
# span 14 =     86.834,     95.091      
# span 15 =    249.906,    277.222      
# span 16 =    255.749,    283.889      
# span 17 =   -0.00662,    0.00550      
# span 18 =    6.59383,    6.69478      
# span 19 =    9.42324,    9.56752      
# span 20 =  287.76002,  291.94802      
# span 21 =     8.4929,     9.4648      
# span 22 =   14.90059,   15.09746      
# span 23 = 5.0232e-02, 1.1803e+02      
# span 24 =     0.3035,     0.7415      
# span 25 =     0.4616,     1.1263      
# span 26 = 0.0000e+00, 0.0000e+00      
# interval = meters: 1                  
# start_time = Sep 25 2013 14:20:12 [Instrument's time stamp, header]
# bad_flag = -9.990e-29
*END*
[from data line 54]
        676 268.599314    0.04688     2.8125    168.750     55.526  49090.456    31.0002     8.5878     55.000     8.5723    24.0503     6.3566     9.0843     95.091    277.222    283.889    0.00051    6.68481    9.55327  291.53234     8.5823   15.07787 6.1675e-02     0.3964     0.4628 0.0000e+00
        680 268.599325    0.04713     2.8281    169.684     56.536  49110.905    31.0118     8.5723     56.000     8.5636    24.0617     6.3502     9.0751     94.969    276.938    283.602   -0.00001    6.68664    9.55587  291.60864     8.5667   15.08147 6.0270e-02     0.3953     0.4834 0.0000e+00
        684 268.599336    0.04740     2.8441    170.648     57.546  49117.834    31.0156     8.5681     57.000     8.5617    24.0652     6.3487     9.0730     94.941    276.873    283.536   -0.00021    6.68709    9.55653  291.62745     8.5625   15.08235 5.9044e-02     0.3983     0.5023 0.0000e+00
        687 268.599347    0.04767     2.8603    171.617     58.555  49121.744    31.0178     8.5668     58.000     8.5605    24.0671     6.3543     9.0809     95.021    277.112    283.782    0.00008    6.68720    9.55668  291.63169     8.5611   15.08255 5.8036e-02     0.4045     0.5171 0.0000e+00
        691 268.599359    0.04795     2.8770    172.623     59.565  49127.405    31.0211     8.5659     59.000     8.5595    24.0699     6.3504     9.0753     94.963    276.942    283.608   -0.00014    6.68720    9.55667  291.63068     8.5600   15.08249 5.7120e-02     0.3853     0.5297 0.0000e+00
        696 268.599371    0.04824     2.8943    173.660     60.575  49132.248    31.0239     8.5651     60.000     8.5591    24.0723     6.3502     9.0750     94.960    276.932    283.598   -0.00020    6.68718    9.55666  291.62954     8.5591   15.08242 5.6311e-02     0.3703     0.5412 0.0000e+00
        700 268.599383    0.04853     2.9116    174.698     61.585  49135.485    31.0258     8.5653     61.000     8.5595    24.0737     6.3499     9.0747     94.958    276.921    283.587   -0.00018    6.68708    9.55650  291.62436     8.5593   15.08217 5.5547e-02     0.3617     0.5655 0.0000e+00
        704 268.599395    0.04882     2.9295    175.768     62.595  49138.242    31.0273     8.5658     62.000     8.5597    24.0749     6.3420     9.0633     94.842    276.575    283.233   -0.00055    6.68694    9.55630  291.61795     8.5596   15.08185 5.4921e-02     0.3556     0.5928 0.0000e+00
        708 268.599408    0.04912     2.9470    176.820     63.604  49139.762    31.0280     8.5658     63.000     8.5591    24.0753     6.3365     9.0555     94.760    276.335    282.987   -0.00080    6.68691    9.55626  291.61653     8.5596   15.08178 5.4368e-02     0.3380     0.6227 0.0000e+00
        712 268.599419    0.04940     2.9642    177.850     64.614  49140.859    31.0282     8.5648     64.000     8.5580    24.0757     6.3390     9.0590     94.795    276.443    283.098   -0.00055    6.68704    9.55645  291.62220     8.5586   15.08206 5.3835e-02     0.3318     0.6591 0.0000e+00
        716 268.599431    0.04968     2.9808    178.849     65.624  49141.830    31.0282     8.5636     65.000     8.5562    24.0759     6.3393     9.0595     94.797    276.458    283.114   -0.00050    6.68722    9.55671  291.63003     8.5572   15.08243 5.3392e-02     0.3602     0.6799 0.0000e+00
        720 268.599443    0.04996     2.9974    179.841     66.634  49143.042    31.0284     8.5615     66.000     8.5536    24.0763     6.3399     9.0604     94.802    276.484    283.141   -0.00042    6.68753    9.55715  291.64354     8.5550   15.08307 5.2998e-02     0.3615     0.6884 0.0000e+00
        724 268.599454    0.05023     3.0140    180.838     67.643  49145.159    31.0290     8.5590     67.000     8.5512    24.0772     6.3381     9.0578     94.770    276.405    283.060   -0.00049    6.68788    9.55765  291.65857     8.5523   15.08379 5.2567e-02     0.3573     0.6889 0.0000e+00
        728 268.599466    0.05051     3.0304    181.823     68.653  49147.160    31.0297     8.5569     68.000     8.5490    24.0781     6.3352     9.0537     94.723    276.278    282.931   -0.00058    6.68818    9.55808  291.67139     8.5501   15.08440 5.2250e-02     0.3513     0.6726 0.0000e+00
        732 268.599477    0.05078     3.0468    182.810     69.663  49150.135    31.0310     8.5548     69.000     8.5468    24.0795     6.3302     9.0465     94.645    276.061    282.708   -0.00080    6.68843    9.55844  291.68196     8.5479   15.08490 5.1995e-02     0.3495     0.6458 0.0000e+00
        736 268.599489    0.05106     3.0639    183.832     70.672  49154.925    31.0336     8.5526     70.000     8.5443    24.0818     6.3354     9.0540     94.719    276.287    282.940   -0.00047    6.68866    9.55877  291.69108     8.5456   15.08532 5.1825e-02     0.3491     0.6446 0.0000e+00
        741 268.599501    0.05136     3.0815    184.891     71.682  49160.494    31.0366     8.5500     71.000     8.5420    24.0846     6.3446     9.0671     94.853    276.687    283.351    0.00003    6.68892    9.55913  291.70159     8.5429   15.08581 5.1627e-02     0.3489     0.6831 0.0000e+00
        745 268.599514    0.05166     3.0995    185.971     72.692  49163.682    31.0382     8.5486     72.000     8.5412    24.0860     6.3460     9.0690     94.871    276.745    283.411    0.00008    6.68905    9.55932  291.70681     8.5415   15.08605 5.1465e-02     0.3449     0.7245 0.0000e+00
        749 268.599526    0.05195     3.1168    187.011     73.702  49164.895    31.0386     8.5483     73.000     8.5407    24.0864     6.3382     9.0579     94.754    276.406    283.064   -0.00035    6.68908    9.55937  291.70823     8.5410   15.08612 5.1309e-02     0.3319     0.7158 0.0000e+00
        753 268.599538    0.05223     3.1340    188.040     74.712  49166.772    31.0394     8.5474     74.000     8.5390    24.0871     6.3338     9.0516     94.687    276.215    282.869   -0.00056    6.68918    9.55951  291.71249     8.5400   15.08633 5.1174e-02     0.3368     0.7235 0.0000e+00
        757 268.599550    0.05252     3.1511    189.068     75.721  49170.287    31.0410     8.5451     75.000     8.5360    24.0888     6.3290     9.0449     94.612    276.007    282.656   -0.00073    6.68947    9.55992  291.72426     8.5375   15.08688 5.1071e-02     0.3434     0.7320 0.0000e+00
        761 268.599561    0.05281     3.1683    190.096     76.731  49174.355    31.0430     8.5422     76.000     8.5335    24.0908     6.3279     9.0433     94.591    275.957    282.605   -0.00074    6.68981    9.56040  291.73843     8.5346   15.08755 5.0973e-02     0.3280     0.7348 0.0000e+00
        765 268.599573    0.05308     3.1850    191.101     77.741  49177.017    31.0441     8.5401     77.000     8.5311    24.0920     6.3326     9.0500     94.657    276.162    282.815   -0.00042    6.69009    9.56081  291.75038     8.5323   15.08811 5.0857e-02     0.3179     0.7544 0.0000e+00
        769 268.599584    0.05336     3.2020    192.123     78.751  49178.523    31.0443     8.5373     78.000     8.5273    24.0926     6.3321     9.0492     94.643    276.137    282.791   -0.00041    6.69049    9.56138  291.76797     8.5295   15.08895 5.0773e-02     0.3274     0.7732 0.0000e+00
        774 268.599597    0.05367     3.2200    193.199     79.761  49181.848    31.0455     8.5321     79.000     8.5217    24.0942     6.3302     9.0464     94.604    276.054    282.705   -0.00051    6.69122    9.56243  291.79925     8.5242   15.09044 5.0720e-02     0.3218     0.7655 0.0000e+00
        778 268.599609    0.05396     3.2377    194.263     80.771  49187.566    31.0483     8.5275     80.000     8.5182    24.0972     6.3293     9.0451     94.583    276.014    282.665   -0.00052    6.69179    9.56323  291.82304     8.5196   15.09156 5.0653e-02     0.3088     0.7378 0.0000e+00
        782 268.599621    0.05425     3.2547    195.285     81.781  49191.123    31.0501     8.5254     81.000     8.5166    24.0989     6.3328     9.0502     94.632    276.168    282.822   -0.00032    6.69203    9.56358  291.83315     8.5174   15.09204 5.0618e-02     0.3113     0.7222 0.0000e+00
        786 268.599633    0.05453     3.2718    196.308     82.791  49194.274    31.0516     8.5239     82.000     8.5151    24.1003     6.3370     9.0562     94.692    276.349    283.009   -0.00008    6.69218    9.56379  291.83920     8.5158   15.09233 5.0559e-02     0.3073     0.7085 0.0000e+00
        790 268.599645    0.05481     3.2887    197.323     83.800  49196.728    31.0527     8.5229     83.000     8.5142    24.1013     6.3336     9.0514     94.641    276.204    282.861   -0.00027    6.69229    9.56395  291.84380     8.5146   15.09254 5.0495e-02     0.3085     0.7130 0.0000e+00
        794 268.599656    0.05509     3.3051    198.306     84.810  49199.464    31.0541     8.5218     84.000     8.5121    24.1025     6.3324     9.0496     94.621    276.149    282.805   -0.00034    6.69239    9.56409  291.84767     8.5135   15.09272 5.0456e-02     0.3178     0.7474 0.0000e+00
        798 268.599668    0.05536     3.3215    199.291     85.820  49206.117    31.0577     8.5185     85.000     8.5076    24.1060     6.3297     9.0457     94.575    276.028    282.681   -0.00045    6.69273    9.56459  291.86184     8.5101   15.09338 5.0427e-02     0.3223     0.7814 0.0000e+00
        802 268.599679    0.05563     3.3380    200.278     86.830  49213.450    31.0618     8.5141     86.000     8.5038    24.1098     6.3245     9.0383     94.490    275.800    282.450   -0.00070    6.69322    9.56528  291.88201     8.5055   15.09433 5.0383e-02     0.3126     0.8507 0.0000e+00
        806 268.599691    0.05591     3.3545    201.272     87.840  49217.671    31.0639     8.5111     87.000     8.5012    24.1119     6.3223     9.0352     94.453    275.706    282.354   -0.00074    6.69359    9.56580  291.89722     8.5024   15.09505 5.0319e-02     0.3066     0.9331 0.0000e+00
        810 268.599702    0.05618     3.3709    202.254     88.850  49219.998    31.0647     8.5087     88.000     8.4985    24.1129     6.3201     9.0321     94.416    275.610    282.256   -0.00077    6.69390    9.56625  291.91075     8.5000   15.09569 5.0314e-02     0.3113     0.9704 0.0000e+00
        814 268.599714    0.05647     3.3882    203.290     89.859  49222.992    31.0659     8.5055     89.000     8.4952    24.1143     6.3184     9.0297     94.385    275.537    282.181   -0.00076    6.69433    9.56688  291.92939     8.4967   15.09658 5.0271e-02     0.3085     0.9879 0.0000e+00
        820 268.599730    0.05686     3.4112    204.673     90.869  49228.100    31.0685     8.5017     90.000     8.4928    24.1168     6.3114     9.0196     94.272    275.225    281.863   -0.00096    6.69478    9.56752  291.94802     8.4929   15.09746 5.0232e-02     0.3035     1.0488 0.0000e+00
