CTD-processing/allCTD/CNV/2013_07-22_t9_s05_cast082_5028.cnv
* Sea-Bird SBE19plus Data File:
* FileName = C:\Users\kris.holderied\Documents\kasitsna\Research-Projects-and-Data\Oceanography-AK\CTD-CookInlet-GulfWatchAK\2013-07-EVOSTC-CookInlet-Ocean\2013-07-22-CookInlet-Tran9-HomerSpit\2013-07-22-CookInlet-Tran9-HomerSpit-cast082.hex
* Software Version 1.59
* Temperature SN =  5028
* Conductivity SN =  5028
* System UpLoad Time = Apr 09 2014 19:20:33
** Cook Inlet LTM  Transect 9 (Homer Spit)  south to north
** Date: 2013-07-22
** Station: 9-05
** Start time: 09:34
** Depth (m): 91
** Comment:  CTD instrument time is AK Daylight.
** Comment:
# nquan = 27
# nvalues = 89                          
# units = specified
# name 0 = scan: Scan Count
# name 1 = timeJ: Julian Days
# name 2 = timeH: Time, Elapsed [hours]
# name 3 = timeM: Time, Elapsed [minutes]
# name 4 = timeS: Time, Elapsed [seconds]
# name 5 = prdM: Pressure, Strain Gauge [db]
# name 6 = specc: Specific Conductance [uS/cm]
# name 7 = sal00: Salinity, Practical [PSU]
# name 8 = tv290C: Temperature [ITS-90, deg C]
# name 9 = depSM: Depth [salt water, m], lat = 59.00
# name 10 = potemp090C: Potential Temperature [ITS-90, deg C]
# name 11 = sigma-é00: Density [sigma-theta, kg/m^3]
# name 12 = sbeox0ML/L: Oxygen, SBE 43 [ml/l]
# name 13 = sbeox0Mg/L: Oxygen, SBE 43 [mg/l]
# name 14 = sbeox0PS: Oxygen, SBE 43 [% saturation]
# name 15 = sbox0Mm/Kg: Oxygen, SBE 43 [umol/kg]
# name 16 = sbeox0Mm/L: Oxygen, SBE 43 [umol/l]
# name 17 = sbox0dV/dT: Oxygen, SBE 43 [dov/dt]
# name 18 = oxsolML/L: Oxygen Saturation, Garcia & Gordon [ml/l]
# name 19 = oxsolMg/L: Oxygen Saturation, Garcia & Gordon [mg/l]
# name 20 = oxsolMm/Kg: Oxygen Saturation, Garcia & Gordon [umol/kg]
# name 21 = potemp090C: Potential Temperature [ITS-90, deg C]
# name 22 = n2satMg/L: Nitrogen Saturation [mg/l]
# name 23 = par: PAR/Irradiance, Biospherical/Licor
# name 24 = flECO-AFL: Fluorescence, WET Labs ECO-AFL/FL [mg/m^3]
# name 25 = turbWETntu0: Turbidity, WET Labs ECO [NTU]
# name 26 = flag: flag
# span 0 =        224,        604       
# span 1 = 203.399825, 203.400922       
# span 2 =    0.01552,    0.04186       
# span 3 =     0.9310,     2.5112       
# span 4 =     55.861,    150.669       
# span 5 =      1.009,     89.858       
# span 6 =  32627.954,  50488.928       
# span 7 =    20.1758,    31.6108       
# span 8 =     6.4868,    13.9685       
# span 9 =      1.000,     89.000       
# span 10 =     6.4687,    13.9233      
# span 11 =    14.8105,    24.8168      
# span 12 =     6.1992,     7.9406      
# span 13 =     8.8593,    11.3479      
# span 14 =     96.876,    122.385      
# span 15 =    272.820,    346.339      
# span 16 =    276.858,    354.627      
# span 17 =   -0.01411,    0.05079      
# span 18 =    6.20883,    6.98588      
# span 19 =    8.87304,    9.98351      
# span 20 =  271.81736,  304.43423      
# span 21 =     6.4793,    13.9683      
# span 22 =   14.15075,   15.69103      
# span 23 = 5.3169e-02, 3.2547e+02      
# span 24 =     0.7040,     1.6034      
# span 25 =     0.3161,     2.9879      
# span 26 = 0.0000e+00, 0.0000e+00      
# interval = meters: 1                  
# start_time = Jul 22 2013 09:34:49 [Instrument's time stamp, header]
# bad_flag = -9.990e-29
*END*
[from data line 54]
        484 203.400576    0.03355     2.0130    120.777     55.526  50239.796    31.5637     7.0964     55.000     7.0930    24.7009     7.6036    10.8663    110.356    331.391    339.576   -0.00311    6.89007    9.84659  300.29277     7.0914   15.49373 7.3859e-02     0.7326     0.4360 0.0000e+00
        487 203.400586    0.03378     2.0267    121.603     56.535  50237.601    31.5620     7.0982     56.000     7.0929    24.6994     7.6107    10.8766    110.463    331.704    339.896   -0.00240    6.88986    9.84630  300.28429     7.0932   15.49334 7.1024e-02     0.7080     0.4205 0.0000e+00
        491 203.400595    0.03401     2.0407    122.440     57.546  50237.752    31.5616     7.0973     57.000     7.0908    24.6991     7.6195    10.8890    110.587    332.083    340.285   -0.00167    6.89002    9.84652  300.29127     7.0922   15.49367 6.8634e-02     0.7047     0.4103 0.0000e+00
        494 203.400605    0.03425     2.0548    123.287     58.556  50242.245    31.5637     7.0945     58.000     7.0856    24.7011     7.6247    10.8964    110.658    332.311    340.520   -0.00124    6.89036    9.84702  300.30584     7.0894   15.49435 6.6560e-02     0.7090     0.4083 0.0000e+00
        498 203.400615    0.03448     2.0690    124.138     59.566  50246.309    31.5645     7.0851     59.000     7.0668    24.7030     7.6273    10.9002    110.672    332.423    340.635   -0.00103    6.89183    9.84912  300.36919     7.0798   15.49737 6.4748e-02     0.7040     0.4093 0.0000e+00
        501 203.400625    0.03472     2.0832    124.991     60.575  50256.523    31.5666     7.0596     60.000     7.0352    24.7081     7.6193    10.8887    110.492    332.072    340.277   -0.00144    6.89578    9.85477  300.53996     7.0543   15.50551 6.3213e-02     0.7060     0.4234 0.0000e+00
        504 203.400635    0.03496     2.0975    125.848     61.584  50280.802    31.5777     7.0293     61.000     7.0106    24.7208     7.5893    10.8460    109.989    330.764    338.940   -0.00281    6.90010    9.86093  300.72438     7.0239   15.51426 6.1880e-02     0.7137     0.4858 0.0000e+00
        508 203.400645    0.03520     2.1120    126.718     62.595  50296.705    31.5845     7.0079     62.000     6.9931    24.7290     7.5568    10.7994    109.467    329.341    337.485   -0.00413    6.90320    9.86537  300.85707     7.0024   15.52056 6.0706e-02     0.7698     0.5934 0.0000e+00
        511 203.400655    0.03545     2.1266    127.594     63.604  50306.341    31.5881     6.9927     63.000     6.9797    24.7338     7.5280    10.7583    109.016    328.088    336.203   -0.00495    6.90546    9.86859  300.95419     6.9871   15.52518 5.9662e-02     0.8334     0.6395 0.0000e+00
        515 203.400665    0.03568     2.1413    128.476     64.615  50311.618    31.5890     6.9798     64.000     6.9664    24.7362     7.5034    10.7232    108.628    327.014    335.103   -0.00552    6.90747    9.87147  301.04099     6.9742   15.52932 5.8642e-02     0.8074     0.5942 0.0000e+00
        518 203.400675    0.03593     2.1561    129.365     65.624  50313.235    31.5870     6.9649     65.000     6.9479    24.7366     7.4945    10.7104    108.460    326.626    334.706   -0.00526    6.90993    9.87499  301.14817     6.9592   15.53444 5.7890e-02     0.7566     0.5586 0.0000e+00
        522 203.400686    0.03618     2.1710    130.260     66.634  50309.901    31.5803     6.9426     66.000     6.9175    24.7343     7.4878    10.7009    108.303    326.336    334.407   -0.00494    6.91380    9.88051  301.31746     6.9368   15.54254 5.7242e-02     0.7270     0.5547 0.0000e+00
        526 203.400696    0.03643     2.1855    131.130     67.643  50311.012    31.5740     6.9055     67.000     6.8747    24.7341     7.4721    10.6784    107.978    325.649    333.703   -0.00523    6.92002    9.88940  301.58860     6.8996   15.55550 5.6695e-02     0.7176     0.5826 0.0000e+00
        529 203.400706    0.03667     2.1998    131.989     68.653  50328.841    31.5785     6.8636     68.000     6.8375    24.7430     7.4508    10.6479    107.569    324.718    332.753   -0.00579    6.92654    9.89871  301.86979     6.8577   15.56889 5.6176e-02     0.7447     0.6497 0.0000e+00
        533 203.400716    0.03691     2.2148    132.888     69.663  50348.515    31.5858     6.8307     69.000     6.8120    24.7531     7.4347    10.6249    107.260    324.012    332.033   -0.00595    6.93147    9.90575  302.08171     6.8247   15.57896 5.5735e-02     0.7816     0.6456 0.0000e+00
        536 203.400727    0.03717     2.2306    133.836     70.673  50362.512    31.5913     6.8101     70.000     6.7969    24.7601     7.4277    10.6150    107.112    323.707    331.722   -0.00551    6.93452    9.91012  302.21269     6.8040   15.58519 5.5408e-02     0.8260     0.6776 0.0000e+00
        540 203.400738    0.03744     2.2462    134.769     71.683  50366.624    31.5914     6.7974     71.000     6.7841    24.7618     7.4259    10.6124    107.054    323.627    331.641   -0.00484    6.93655    9.91303  302.30092     6.7913   15.58940 5.5065e-02     0.8548     0.7292 0.0000e+00
        544 203.400748    0.03768     2.2608    135.646     72.692  50370.649    31.5914     6.7845     72.000     6.7705    24.7635     7.4200    10.6040    106.937    323.370    331.378   -0.00449    6.93863    9.91600  302.39111     6.7783   15.59370 5.4750e-02     0.8645     0.7384 0.0000e+00
        547 203.400758    0.03792     2.2749    136.494     73.702  50375.913    31.5922     6.7713     73.000     6.7566    24.7659     7.4117    10.5920    106.785    323.005    331.005   -0.00436    6.94071    9.91897  302.48097     6.7650   15.59798 5.4394e-02     0.8336     0.7203 0.0000e+00
        550 203.400768    0.03815     2.2890    137.343     74.712  50375.758    31.5888     6.7556     74.000     6.7353    24.7652     7.4061    10.5842    106.665    322.765    330.759   -0.00414    6.94339    9.92281  302.59806     6.7492   15.60358 5.4228e-02     0.7851     0.6993 0.0000e+00
        554 203.400778    0.03839     2.3036    138.215     75.721  50374.660    31.5827     6.7286     75.000     6.7019    24.7638     7.4023    10.5787    106.539    322.599    330.587   -0.00395    6.94802    9.92942  302.80022     6.7222   15.61324 5.4068e-02     0.7932     0.7080 0.0000e+00
        557 203.400788    0.03864     2.3182    139.092     76.732  50388.708    31.5857     6.6940     76.000     6.6712    24.7706     7.3925    10.5646    106.313    322.167    330.147   -0.00407    6.95346    9.93720  303.03553     6.6875   15.62445 5.3919e-02     0.8489     0.7603 0.0000e+00
        561 203.400798    0.03888     2.3326    139.957     77.741  50403.219    31.5905     6.6678     77.000     6.6496    24.7777     7.3744    10.5387    105.992    321.377    329.340   -0.00451    6.95748    9.94294  303.20834     6.6612   15.63267 5.3775e-02     0.8774     0.8426 0.0000e+00
        564 203.400808    0.03911     2.3466    140.798     78.751  50412.487    31.5930     6.6492     78.000     6.6332    24.7821     7.3590    10.5166    105.726    320.703    328.651   -0.00475    6.96037    9.94707  303.33296     6.6425   15.63860 5.3668e-02     0.8921     0.8738 0.0000e+00
        567 203.400817    0.03934     2.3604    141.621     79.761  50412.088    31.5893     6.6333     79.000     6.6136    24.7813     7.3468    10.4993    105.509    320.172    328.106   -0.00479    6.96311    9.95098  303.45261     6.6265   15.64432 5.3583e-02     0.9134     0.9086 0.0000e+00
        571 203.400827    0.03957     2.3742    142.449     80.771  50404.525    31.5793     6.6094     80.000     6.5829    24.7763     7.3335    10.4804    105.255    319.599    327.518   -0.00493    6.96745    9.95719  303.64334     6.6025   15.65346 5.3553e-02     0.9778     0.9858 0.0000e+00
        574 203.400837    0.03980     2.3883    143.301     81.780  50417.465    31.5818     6.5769     81.000     6.5562    24.7825     7.3198    10.4607    104.979    318.995    326.901   -0.00512    6.97260    9.96453  303.86556     6.5700   15.66404 5.3545e-02     1.1153     1.1165 0.0000e+00
        578 203.400847    0.04005     2.4031    144.187     82.790  50432.343    31.5876     6.5557     82.000     6.5422    24.7898     7.3111    10.4482    104.807    318.614    326.512   -0.00496    6.97577    9.96906  304.00134     6.5487   15.67049 5.3548e-02     1.3111     1.3192 0.0000e+00
        581 203.400857    0.04031     2.4183    145.099     83.800  50449.035    31.5975     6.5484     83.000     6.5440    24.7985     7.3017    10.4349    104.662    318.203    326.094   -0.00465    6.97650    9.97011  304.03074     6.5414   15.67185 5.3464e-02     1.4228     1.4649 0.0000e+00
        585 203.400868    0.04056     2.4334    146.007     84.810  50460.976    31.6066     6.5557     84.000     6.5558    24.8047     7.2897    10.4178    104.515    317.681    325.561   -0.00446    6.97488    9.96781  303.95877     6.5486   15.66838 5.3330e-02     1.4311     1.5358 0.0000e+00
        589 203.400879    0.04080     2.4482    146.890     85.820  50449.846    31.6002     6.5654     85.000     6.5565    24.7985     7.2919    10.4209    104.565    317.776    325.657   -0.00369    6.97360    9.96597  303.90466     6.5582   15.66583 5.3169e-02     1.3161     1.4640 0.0000e+00
        592 203.400888    0.04104     2.4626    147.758     86.830  50443.270    31.5942     6.5599     86.000     6.5440    24.7944     7.3024    10.4358    104.697    318.233    326.123   -0.00277    6.97478    9.96766  303.95723     6.5526   15.66836 5.3262e-02     1.2913     1.4197 0.0000e+00
        596 203.400899    0.04129     2.4774    148.643     87.840  50450.981    31.5960     6.5435     87.000     6.5253    24.7979     7.3102    10.4469    104.770    318.571    326.471   -0.00215    6.97735    9.97133  304.06806     6.5362   15.67364 5.3218e-02     1.3138     1.4067 0.0000e+00
        599 203.400909    0.04155     2.4929    149.576     88.849  50463.020    31.5998     6.5214     88.000     6.4984    24.8037     7.3092    10.4456    104.705    318.529    326.430   -0.00203    6.98078    9.97623  304.21568     6.5139   15.68066 5.3249e-02     1.3401     1.4810 0.0000e+00
        604 203.400922    0.04186     2.5112    150.669     89.858  50488.928    31.6108     6.4868     89.000     6.4687    24.8168     7.3008    10.4336    104.509    318.159    326.054   -0.00233    6.98588    9.98351  304.43423     6.4793   15.69103 5.3662e-02     1.6034     1.9739 0.0000e+00
