CTD-processing/allCTD/CNV/2013_07-09_t9andtutka_s09extra_cast218_5028.cnv
* Sea-Bird SBE19plus Data File:
* FileName = C:\Documents and Settings\kbayadmin\My Documents\CTD data\2013-07-09 Kachemak Bay Homer Spit Line and Tutka Bay\2013-07-09 Kachemak Bay Homer Spit Line and Tutka Bay cast218.hex
* Software Version 1.59
* Temperature SN =  5028
* Conductivity SN =  5028
* System UpLoad Time = Jul 10 2013 11:08:40
** Kachemak Bay Homer Spit Line and Tutka Bay
** 2013-07-05
** Station: 9 extra
** N': 59 34.167
** W': -151 21.431
** Start Time: 1710
** Depth(ft): 210
# nquan = 27
# nvalues = 54                          
# units = specified
# name 0 = scan: Scan Count
# name 1 = timeJ: Julian Days
# name 2 = timeH: Time, Elapsed [hours]
# name 3 = timeM: Time, Elapsed [minutes]
# name 4 = timeS: Time, Elapsed [seconds]
# name 5 = prdM: Pressure, Strain Gauge [db]
# name 6 = specc: Specific Conductance [uS/cm]
# name 7 = sal00: Salinity, Practical [PSU]
# name 8 = tv290C: Temperature [ITS-90, deg C]
# name 9 = depSM: Depth [salt water, m], lat = 59.00
# name 10 = potemp090C: Potential Temperature [ITS-90, deg C]
# name 11 = sigma-é00: Density [sigma-theta, kg/m^3]
# name 12 = sbeox0ML/L: Oxygen, SBE 43 [ml/l]
# name 13 = sbeox0Mg/L: Oxygen, SBE 43 [mg/l]
# name 14 = sbeox0PS: Oxygen, SBE 43 [% saturation]
# name 15 = sbox0Mm/Kg: Oxygen, SBE 43 [umol/kg]
# name 16 = sbeox0Mm/L: Oxygen, SBE 43 [umol/l]
# name 17 = sbox0dV/dT: Oxygen, SBE 43 [dov/dt]
# name 18 = oxsolML/L: Oxygen Saturation, Garcia & Gordon [ml/l]
# name 19 = oxsolMg/L: Oxygen Saturation, Garcia & Gordon [mg/l]
# name 20 = oxsolMm/Kg: Oxygen Saturation, Garcia & Gordon [umol/kg]
# name 21 = potemp090C: Potential Temperature [ITS-90, deg C]
# name 22 = n2satMg/L: Nitrogen Saturation [mg/l]
# name 23 = par: PAR/Irradiance, Biospherical/Licor
# name 24 = flECO-AFL: Fluorescence, WET Labs ECO-AFL/FL [mg/m^3]
# name 25 = turbWETntu0: Turbidity, WET Labs ECO [NTU]
# name 26 = flag: flag
# span 0 =        180,        617       
# span 1 = 190.716016, 190.717279       
# span 2 =    0.01244,    0.04278       
# span 3 =     0.7462,     2.5667       
# span 4 =     44.773,    154.001       
# span 5 =      1.009,     54.517       
# span 6 =  38446.155,  50474.749       
# span 7 =    23.9333,    31.7017       
# span 8 =     6.9487,    11.0578       
# span 9 =      1.000,     54.000       
# span 10 =     6.9419,    11.0174      
# span 11 =    18.1670,    24.8289      
# span 12 =     6.1395,     8.5770      
# span 13 =     8.7739,    12.2574      
# span 14 =     92.776,    130.293      
# span 15 =    269.225,    375.171      
# span 16 =    274.189,    383.049      
# span 17 =   -0.04870,    0.04825      
# span 18 =    6.57991,    6.90730      
# span 19 =    9.40335,    9.87122      
# span 20 =  287.94345,  301.00638      
# span 21 =     6.9440,    11.0577      
# span 22 =   14.92140,   15.52721      
# span 23 = 7.2936e-02, 6.8462e+01      
# span 24 =     0.2571,     2.3269      
# span 25 =     0.6441,     6.2770      
# span 26 = 0.0000e+00, 0.0000e+00      
# interval = meters: 1                  
# start_time = Jul 09 2013 17:10:19 [Instrument's time stamp, header]
# bad_flag = -9.990e-29
*END*
        180 190.716016    0.01244     0.7462     44.773      1.009  38446.155    23.9333    11.0578      1.000    11.0174    18.1670     6.1395     8.7739     92.776    269.225    274.189   -0.00696    6.62239    9.46405  290.48218    11.0577   15.05716 6.8462e+01     1.0658     6.2770 0.0000e+00
        406 190.716670    0.02814     1.6884    101.303      2.019  42812.408    26.8792    10.4954      2.000    10.4364    20.5421     7.7189    11.0311    117.299    337.798    344.727    0.00021    6.57991    9.40335  287.94345    10.4952   14.92335 3.6994e+01     1.3542     2.7056 0.0000e+00
        401 190.716654    0.02776     1.6654     99.923      3.028  43619.514    27.4215    10.3167      3.000    10.2576    20.9923     8.5770    12.2574    130.293    375.171    383.049    0.04825    6.58295    9.40769  287.94968    10.3164   14.92140 3.4558e+01     1.5535     1.7583 0.0000e+00
        406 190.716671    0.02816     1.6895    101.368      4.038  43868.243    27.5763    10.1511      4.000    10.0923    21.1389     6.9069     9.8706    104.670    302.078    308.463   -0.04870    6.60044    9.43269  288.67327    10.1507   14.95535 3.2092e+01     1.9149     1.4185 0.0000e+00
        412 190.716687    0.02854     1.7127    102.764      5.047  44230.036    27.8048     9.9517      5.000     9.7653    21.3478     7.0887    10.1304    107.071    309.960    316.581   -0.03221    6.61994    9.46055  289.46649     9.9512   14.99232 2.8421e+01     2.2188     1.3283 0.0000e+00
        417 190.716702    0.02892     1.7350    104.101      6.056  46255.314    29.1092     9.1138      6.000     8.6687    22.4917     7.5711    10.8198    113.216    330.688    338.123   -0.00106    6.68858    9.55866  292.13933     9.1132   15.11461 2.2697e+01     2.3269     1.2909 0.0000e+00
        423 190.716718    0.02928     1.7565    105.392      7.066  48482.598    30.5152     8.0548      7.000     7.8030    23.7457     7.3247    10.4678    107.934    319.537    327.122   -0.01847    6.78745    9.69995  296.09566     8.0542   15.29774 1.7402e+01     2.1253     1.1267 0.0000e+00
        428 190.716732    0.02962     1.7771    106.627      8.076  49337.265    31.0445     7.6221      8.000     7.5467    24.2214     7.2802    10.4042    106.582    317.445    325.134   -0.01936    6.83076    9.76183  297.84695     7.6214   15.37915 1.4247e+01     1.5452     1.0740 0.0000e+00
        432 190.716746    0.02995     1.7971    107.828      9.085  49703.835    31.2746     7.4676      9.000     7.4036    24.4234     7.3142    10.4527    106.862    318.864    326.652   -0.01436    6.84456    9.78156  298.39010     7.4668   15.40413 1.0869e+01     1.1899     1.0950 0.0000e+00
        437 190.716758    0.03026     1.8156    108.934     10.095  49983.549    31.4484     7.3432     10.000     7.3100    24.5767     7.3375    10.4860    107.018    319.831    327.692   -0.01117    6.85627    9.79830  298.85606     7.3424   15.42565 8.7697e+00     0.9786     1.0323 0.0000e+00
        442 190.716773    0.03061     1.8365    110.190     11.104  50085.674    31.5099     7.2880     11.000     7.2811    24.6325     7.3740    10.5383    107.459    321.408    329.324   -0.00741    6.86219    9.80676  299.09787     7.2870   15.43694 7.1951e+00     0.7713     1.1019 0.0000e+00
        448 190.716791    0.03103     1.8622    111.733     12.113  50098.271    31.5164     7.2774     12.000     7.2758    24.6391     7.3999    10.5752    107.814    322.531    330.478   -0.00442    6.86358    9.80874  299.15651     7.2763   15.43972 5.7431e+00     0.6966     1.0177 0.0000e+00
        453 190.716807    0.03142     1.8850    113.099     13.123  50092.693    31.5120     7.2772     13.000     7.2766    24.6357     7.4608    10.6623    108.699    325.190    333.201   -0.00082    6.86379    9.80904  299.16671     7.2761   15.44022 4.7862e+00     0.6724     0.8855 0.0000e+00
        459 190.716824    0.03183     1.9098    114.588     14.132  50090.335    31.5099     7.2775     14.000     7.2749    24.6340     7.5316    10.7635    109.729    328.277    336.363    0.00262    6.86385    9.80913  299.16991     7.2762   15.44038 3.9200e+00     0.6673     0.8554 0.0000e+00
        464 190.716837    0.03214     1.9288    115.730     15.142  50094.807    31.5120     7.2743     15.000     7.2712    24.6361     7.5637    10.8093    110.189    329.671    337.794    0.00346    6.86426    9.80971  299.18691     7.2729   15.44118 3.1642e+00     0.7021     0.8818 0.0000e+00
        468 190.716848    0.03241     1.9446    116.678     16.152  50098.745    31.5137     7.2710     16.000     7.2694    24.6379     7.6197    10.8894    110.999    332.116    340.298    0.00533    6.86470    9.81034  299.20557     7.2695   15.44206 2.5814e+00     0.7117     0.8969 0.0000e+00
        471 190.716859    0.03267     1.9600    117.598     17.161  50086.945    31.5055     7.2734     17.000     7.2750    24.6310     7.6854    10.9833    111.956    334.980    343.231    0.00752    6.86469    9.81033  299.20735     7.2719   15.44219 2.1083e+00     0.6881     0.8696 0.0000e+00
        476 190.716871    0.03296     1.9773    118.636     18.171  50078.062    31.4996     7.2783     18.000     7.2761    24.6258     7.7134    11.0232    112.371    336.200    344.478    0.00757    6.86418    9.80960  299.18670     7.2767   15.44123 1.7274e+00     0.6706     0.8890 0.0000e+00
        480 190.716884    0.03327     1.9964    119.782     19.180  50115.347    31.5238     7.2702     19.000     7.2550    24.6459     7.7258    11.0409    112.549    336.734    345.033    0.00653    6.86437    9.80988  299.18895     7.2685   15.44123 1.4190e+00     0.6791     0.8936 0.0000e+00
        485 190.716897    0.03359     2.0156    120.936     20.189  50220.846    31.5912     7.2372     20.000     7.2258    24.7034     7.7379    11.0583    112.690    337.245    345.576    0.00566    6.86653    9.81297  299.26654     7.2355   15.44465 1.1938e+00     0.6255     0.7760 0.0000e+00
        489 190.716911    0.03392     2.0350    122.099     21.199  50277.309    31.6263     7.2153     21.000     7.1967    24.7339     7.7288    11.0452    112.527    336.837    345.168    0.00394    6.86841    9.81565  299.33936     7.2135   15.44799 1.0110e+00     0.4931     0.7074 0.0000e+00
        494 190.716924    0.03425     2.0547    123.280     22.209  50315.258    31.6440     7.1677     22.000     7.1452    24.7542     7.7107    11.0194    112.154    336.042    344.361    0.00195    6.87513    9.82524  299.62615     7.1658   15.46160 8.6123e-01     0.4184     0.6839 0.0000e+00
        499 190.716939    0.03458     2.0747    124.484     23.218  50343.031    31.6555     7.1252     23.000     7.1085    24.7689     7.6803    10.9759    111.611    334.712    343.002   -0.00023    6.88134    9.83412  299.89264     7.1232   15.47427 7.3436e-01     0.3666     0.7025 0.0000e+00
        503 190.716951    0.03489     2.0932    125.593     24.228  50364.993    31.6652     7.0958     24.000     7.0854    24.7805     7.6671    10.9570    111.350    334.133    342.413   -0.00110    6.88557    9.84017  300.07357     7.0937   15.48285 6.2413e-01     0.3585     0.7015 0.0000e+00
        507 190.716963    0.03517     2.1102    126.614     25.237  50376.248    31.6699     7.0804     25.000     7.0734    24.7862     7.6676    10.9577    111.321    334.154    342.435   -0.00108    6.88780    9.84335  300.16898     7.0782   15.48739 5.3068e-01     0.3490     0.7417 0.0000e+00
        511 190.716974    0.03545     2.1268    127.609     26.247  50395.308    31.6819     7.0755     26.000     7.0790    24.7962     7.6808    10.9766    111.509    334.724    343.024   -0.00039    6.88804    9.84370  300.17662     7.0731   15.48771 4.5229e-01     0.3298     0.7241 0.0000e+00
        516 190.716988    0.03575     2.1453    128.715     27.257  50400.610    31.6881     7.0929     27.000     7.0977    24.7989     7.7028    11.0082    111.879    335.685    344.010    0.00080    6.88499    9.83934  300.04289     7.0905   15.48130 3.8755e-01     0.3032     0.6832 0.0000e+00
        520 190.717000    0.03605     2.1629    129.773     28.266  50390.933    31.6829     7.1042     28.000     7.1040    24.7933     7.7212    11.0345    112.172    336.489    344.831    0.00157    6.88343    9.83711  299.97646     7.1017   15.47815 3.3292e-01     0.3016     0.6441 0.0000e+00
        524 190.717011    0.03633     2.1797    130.784     29.276  50389.489    31.6822     7.1085     29.000     7.1071    24.7922     7.7289    11.0454    112.293    336.822    345.173    0.00164    6.88278    9.83618  299.94856     7.1060   15.47682 2.8863e-01     0.3315     0.6788 0.0000e+00
        529 190.717024    0.03664     2.1980    131.877     30.286  50389.361    31.6819     7.1100     30.000     7.1059    24.7918     7.7366    11.0564    112.409    337.160    345.519    0.00164    6.88256    9.83587  299.93922     7.1073   15.47638 2.5160e-01     0.3245     0.6925 0.0000e+00
        533 190.717037    0.03694     2.2164    132.986     31.294  50395.902    31.6853     7.1057     31.000     7.1006    24.7950     7.7440    11.0670    112.508    337.480    345.848    0.00160    6.88310    9.83664  299.96165     7.1029   15.47744 2.2048e-01     0.3048     0.7006 0.0000e+00
        537 190.717049    0.03723     2.2341    134.045     32.304  50400.928    31.6875     7.1012     32.000     7.0957    24.7973     7.7461    11.0700    112.529    337.572    345.943    0.00133    6.88370    9.83750  299.98749     7.0983   15.47866 1.9479e-01     0.2870     0.6884 0.0000e+00
        542 190.717062    0.03754     2.2521    135.127     33.315  50401.911    31.6865     7.0945     33.000     7.0856    24.7974     7.7400    11.0612    112.421    337.303    345.667    0.00073    6.88480    9.83907  300.03529     7.0916   15.48095 1.7366e-01     0.2762     0.6710 0.0000e+00
        546 190.717074    0.03783     2.2699    136.196     34.324  50402.977    31.6840     7.0783     34.000     7.0654    24.7977     7.7253    11.0402    112.164    336.661    345.010   -0.00027    6.88748    9.84291  300.15210     7.0754   15.48653 1.5614e-01     0.2870     0.7214 0.0000e+00
        550 190.717085    0.03811     2.2868    137.210     35.333  50423.971    31.6955     7.0639     35.000     7.0627    24.8087     7.7168    11.0281    112.012    336.289    344.632   -0.00080    6.88925    9.84542  300.22566     7.0608   15.48999 1.4168e-01     0.3219     0.6881 0.0000e+00
        554 190.717097    0.03839     2.3034    138.207     36.342  50422.223    31.6947     7.0686     36.000     7.0660    24.8075     7.7211    11.0343    112.086    336.478    344.825   -0.00049    6.88854    9.84441  300.19517     7.0655   15.48854 1.2994e-01     0.3085     0.7105 0.0000e+00
        558 190.717108    0.03866     2.3195    139.168     37.352  50419.377    31.6922     7.0680     37.000     7.0624    24.8055     7.7315    11.0491    112.233    336.930    345.289    0.00001    6.88875    9.84472  300.20503     7.0647   15.48902 1.2030e-01     0.2944     0.6512 0.0000e+00
        561 190.717119    0.03891     2.3344    140.063     38.362  50420.418    31.6917     7.0635     38.000     7.0566    24.8057     7.7397    11.0608    112.341    337.289    345.655    0.00032    6.88949    9.84576  300.23697     7.0602   15.49055 1.1204e-01     0.2858     0.6451 0.0000e+00
        565 190.717129    0.03914     2.3484    140.904     39.372  50416.342    31.6870     7.0556     39.000     7.0435    24.8031     7.7433    11.0659    112.369    337.447    345.816    0.00033    6.89096    9.84788  300.30202     7.0522   15.49367 1.0542e-01     0.2836     0.6793 0.0000e+00
        568 190.717138    0.03937     2.3624    141.742     40.382  50415.002    31.6827     7.0397     40.000     7.0250    24.8019     7.7395    11.0605    112.269    337.282    345.647   -0.00005    6.89369    9.85177  300.42131     7.0361   15.49937 9.9886e-02     0.2853     0.6800 0.0000e+00
        571 190.717148    0.03961     2.3768    142.608     41.392  50428.091    31.6886     7.0234     41.000     7.0153    24.8086     7.7296    11.0464    112.089    336.849    345.206   -0.00070    6.89601    9.85509  300.52017     7.0198   15.50407 9.5259e-02     0.2977     0.7091 0.0000e+00
        575 190.717159    0.03986     2.3915    143.489     42.401  50431.295    31.6891     7.0167     42.000     7.0083    24.8099     7.7324    11.0504    112.112    336.969    345.329   -0.00063    6.89705    9.85657  300.56521     7.0130   15.50621 9.1198e-02     0.2996     0.7320 0.0000e+00
        578 190.717168    0.04009     2.4054    144.324     43.410  50423.134    31.6812     7.0069     43.000     6.9908    24.8050     7.7416    11.0635    112.214    337.371    345.739   -0.00021    6.89896    9.85931  300.65010     7.0031   15.51030 8.7847e-02     0.2806     0.7153 0.0000e+00
        582 190.717178    0.04032     2.4191    145.148     44.420  50432.797    31.6838     6.9863     44.000     6.9720    24.8098     7.7338    11.0524    112.050    337.031    345.392   -0.00069    6.90213    9.86383  300.78650     6.9824   15.51679 8.5140e-02     0.2720     0.7436 0.0000e+00
        585 190.717187    0.04055     2.4325    145.948     45.430  50447.884    31.6913     6.9720     45.000     6.9640    24.8175     7.7173    11.0289    111.780    336.310    344.656   -0.00152    6.90406    9.86660  300.86869     6.9680   15.52068 8.2812e-02     0.2836     0.7570 0.0000e+00
        588 190.717196    0.04076     2.4455    146.733     46.439  50455.206    31.6950     6.9667     46.000     6.9616    24.8212     7.7143    11.0245    111.724    336.175    344.520   -0.00163    6.90474    9.86757  300.89734     6.9626   15.52203 8.0812e-02     0.2863     0.7772 0.0000e+00
        591 190.717205    0.04098     2.4590    147.540     47.449  50457.710    31.6960     6.9654     47.000     6.9611    24.8222     7.7278    11.0438    111.917    336.763    345.123   -0.00084    6.90490    9.86779  300.90370     6.9613   15.52233 7.9164e-02     0.2808     0.8054 0.0000e+00
        594 190.717215    0.04121     2.4728    148.365     48.458  50457.139    31.6952     6.9652     48.000     6.9602    24.8215     7.7387    11.0594    112.075    337.240    345.611   -0.00023    6.90498    9.86790  300.90740     6.9610   15.52251 7.7838e-02     0.2738     0.8219 0.0000e+00
        598 190.717224    0.04144     2.4864    149.184     49.468  50457.632    31.6948     6.9637     49.000     6.9581    24.8214     7.7396    11.0607    112.083    337.280    345.652   -0.00019    6.90523    9.86826  300.91837     6.9594   15.52303 7.6660e-02     0.2688     0.8342 0.0000e+00
        601 190.717234    0.04168     2.5004    150.026     50.477  50460.627    31.6960     6.9618     50.000     6.9568    24.8226     7.7379    11.0582    112.054    337.204    345.574   -0.00031    6.90547    9.86861  300.92871     6.9574   15.52352 7.5659e-02     0.2593     0.8170 0.0000e+00
        605 190.717244    0.04191     2.5148    150.889     51.488  50462.731    31.6969     6.9609     51.000     6.9558    24.8234     7.7358    11.0552    112.022    337.111    345.480   -0.00041    6.90559    9.86878  300.93335     6.9564   15.52374 7.4816e-02     0.2571     0.8118 0.0000e+00
        608 190.717254    0.04215     2.5289    151.732     52.497  50464.784    31.6977     6.9598     52.000     6.9543    24.8242     7.7347    11.0536    112.004    337.063    345.430   -0.00046    6.90572    9.86897  300.93903     6.9552   15.52401 7.4126e-02     0.2624     0.8285 0.0000e+00
        612 190.717265    0.04240     2.5441    152.647     53.507  50466.831    31.6982     6.9575     53.000     6.9498    24.8250     7.7373    11.0574    112.036    337.177    345.548   -0.00034    6.90607    9.86946  300.95375     6.9528   15.52471 7.3508e-02     0.2648     0.8478 0.0000e+00
