CTD-processing/allCTD/CNV/2013_01-04_t9_s04_cast004_5028.cnv
* Sea-Bird SBE19plus Data File:
* FileName = C:\Documents and Settings\kris.holderied.local\My Documents\2012-2013-CTD-DATA-new-files\2013-01-04-CTD-HomerSpitLine\2013-01-04-HomerSpitLine-cast004.hex
* Software Version 1.54
* Temperature SN =  5028
* Conductivity SN =  5028
* System UpLoad Time = Feb 11 2013 18:51:08
** Kachemak Bay Spit Line South to North
** Date:  4 Jan 2013
** Station:  9-04
** Start time (AKDT-24 hr):  16:57
** Depth (m):  82
** Comment: After wave buoy rescue.
** Comment: CTD time set wrong by 2 hours
# nquan = 27
# nvalues = 81                          
# units = specified
# name 0 = scan: Scan Count
# name 1 = timeJ: Julian Days
# name 2 = timeH: Time, Elapsed [hours]
# name 3 = timeM: Time, Elapsed [minutes]
# name 4 = timeS: Time, Elapsed [seconds]
# name 5 = prdM: Pressure, Strain Gauge [db]
# name 6 = specc: Specific Conductance [uS/cm]
# name 7 = sal00: Salinity, Practical [PSU]
# name 8 = tv290C: Temperature [ITS-90, deg C]
# name 9 = depSM: Depth [salt water, m], lat = 59.00
# name 10 = potemp090C: Potential Temperature [ITS-90, deg C]
# name 11 = sigma-é00: Density [sigma-theta, kg/m^3]
# name 12 = sbeox0ML/L: Oxygen, SBE 43 [ml/l]
# name 13 = sbeox0Mg/L: Oxygen, SBE 43 [mg/l]
# name 14 = sbeox0PS: Oxygen, SBE 43 [% saturation]
# name 15 = sbox0Mm/Kg: Oxygen, SBE 43 [umol/kg]
# name 16 = sbeox0Mm/L: Oxygen, SBE 43 [umol/l]
# name 17 = sbox0dV/dT: Oxygen, SBE 43 [dov/dt]
# name 18 = oxsolML/L: Oxygen Saturation, Garcia & Gordon [ml/l]
# name 19 = oxsolMg/L: Oxygen Saturation, Garcia & Gordon [mg/l]
# name 20 = oxsolMm/Kg: Oxygen Saturation, Garcia & Gordon [umol/kg]
# name 21 = potemp090C: Potential Temperature [ITS-90, deg C]
# name 22 = n2satMg/L: Nitrogen Saturation [mg/l]
# name 23 = par: PAR/Irradiance, Biospherical/Licor
# name 24 = flECO-AFL: Fluorescence, WET Labs ECO-AFL/FL [mg/m^3]
# name 25 = turbWETntu0: Turbidity, WET Labs ECO [NTU]
# name 26 = flag: flag
# span 0 =        329,        899       
# span 1 =   4.790835,   4.792483       
# span 2 =    0.02282,    0.06236       
# span 3 =     1.3688,     3.7420       
# span 4 =     82.125,    224.519       
# span 5 =      1.009,     81.781       
# span 6 =  49971.058,  51182.355       
# span 7 =    30.4400,    31.7183       
# span 8 =     2.6223,     4.6648       
# span 9 =      1.000,     81.000       
# span 10 =     2.6279,     4.6589      
# span 11 =    24.2760,    25.1105      
# span 12 =     7.0055,     7.4134      
# span 13 =    10.0116,    10.5945      
# span 14 =     92.907,    101.187      
# span 15 =    305.320,    322.985      
# span 16 =    312.868,    331.081      
# span 17 =   -0.00051,    0.01983      
# span 18 =    7.28874,    7.73075      
# span 19 =   10.41634,   11.04801      
# span 20 =  317.54149,  337.07236      
# span 21 =     2.6222,     4.6591      
# span 22 =   16.31487,   17.24826      
# span 23 = 3.7912e-02, 2.0668e+00      
# span 24 =     0.1433,     0.5635      
# span 25 =     0.7865,     1.9099      
# span 26 = 0.0000e+00, 0.0000e+00      
# interval = meters: 1                  
# start_time = Jan 04 2013 18:57:26 [Instrument's time stamp, header]
# bad_flag = -9.990e-29
*END*
        329   4.790835    0.02282     1.3688     82.125      1.009  49971.058    30.4400     2.6223      1.000     2.6279    24.2760     7.2149    10.3109     93.328    314.583    322.221    0.01983    7.73075   11.04801  337.07236     2.6222   17.24826 2.0668e+00     0.2450     1.7973 0.0000e+00
        336   4.790853    0.02325     1.3949     83.695      2.019  50203.636    30.6149     2.6955      2.000     2.7397    24.4100     7.1607    10.2333     92.907    312.176    319.796    0.01435    7.70739   11.01464  336.01026     2.6954   17.19713 6.3148e-01     0.2511     1.9099 0.0000e+00
        342   4.790871    0.02367     1.4202     85.213      3.028  50291.335    30.7061     2.8207      3.000     2.8370    24.4731     7.1690    10.2452     93.365    312.520    320.168    0.01252    7.67849   10.97334  334.72976     2.8206   17.13597 2.3608e-01     0.2295     1.7412 0.0000e+00
        347   4.790886    0.02403     1.4418     86.510      4.038  50445.012    30.8231     2.8749      4.000     2.9190    24.5622     7.1408    10.2049     93.197    311.262    318.907    0.00973    7.66199   10.94976  333.98144     2.8747   17.09996 1.7949e-01     0.2120     1.5998 0.0000e+00
        353   4.790904    0.02447     1.4683     88.101      5.047  50655.422    31.0096     3.0500      5.000     3.1225    24.6968     7.1302    10.1897     93.585    310.758    318.434    0.00857    7.61900   10.88832  332.06393     3.0497   17.00814 1.0649e-01     0.2196     1.4309 0.0000e+00
        359   4.790919    0.02484     1.4903     89.418      6.057  50707.118    31.0949     3.2500      6.000     3.3223    24.7481     7.1540    10.2238     94.421    311.783    319.499    0.00928    7.57690   10.82814  330.21190     3.2496   16.91982 8.5283e-02     0.2138     1.3430 0.0000e+00
        364   4.790936    0.02524     1.5144     90.862      7.066  50647.110    31.0989     3.4299      7.000     3.4624    24.7359     7.1375    10.2002     94.624    311.066    318.760    0.00804    7.54301   10.77971  328.73883     3.4295   16.84981 6.8697e-02     0.1868     1.2709 0.0000e+00
        370   4.790953    0.02564     1.5384     92.301      8.076  50596.084    31.0792     3.4918      8.000     3.4979    24.7149     7.0655    10.0974     93.802    307.938    315.548    0.00414    7.53247   10.76465  328.28663     3.4914   16.82841 5.8417e-02     0.1851     1.2280 0.0000e+00
        376   4.790969    0.02604     1.5627     93.761      9.086  50608.014    31.0925     3.5150      9.000     3.5248    24.7234     7.0055    10.0116     93.066    305.320    312.868    0.00122    7.52750   10.75754  328.06702     3.5145   16.81792 5.1238e-02     0.1961     1.2235 0.0000e+00
        382   4.790987    0.02646     1.5875     95.250     10.095  50610.566    31.1009     3.5443     10.000     3.5510    24.7275     7.0071    10.0138     93.160    305.386    312.938    0.00117    7.52164   10.74917  327.81038     3.5437   16.80569 4.6152e-02     0.1903     1.2515 0.0000e+00
        388   4.791004    0.02687     1.6119     96.716     11.104  50620.336    31.1122     3.5655     11.000     3.5722    24.7346     7.0322    10.0497     93.549    306.478    314.058    0.00191    7.51715   10.74276  327.61257     3.5648   16.79624 4.3117e-02     0.1763     1.2814 0.0000e+00
        395   4.791023    0.02734     1.6402     98.413     12.113  50634.763    31.1269     3.5877     12.000     3.5934    24.7443     7.0693    10.1027     94.104    308.091    315.715    0.00288    7.51228   10.73580  327.39726     3.5870   16.78595 4.2301e-02     0.1992     1.2684 0.0000e+00
        402   4.791044    0.02784     1.6704    100.227     13.123  50676.992    31.1629     3.6198     13.000     3.6315    24.7701     7.0994    10.1458     94.602    309.397    317.061    0.00341    7.50453   10.72472  327.05125     3.6190   16.76936 7.2985e-02     0.2003     1.2500 0.0000e+00
        410   4.791067    0.02838     1.7030    102.181     14.132  50704.622    31.1924     3.6661     14.000     3.6723    24.7894     7.1375    10.2003     95.238    311.053    318.763    0.00410    7.49449   10.71038  326.60770     3.6653   16.74816 5.5704e-02     0.1983     1.2253 0.0000e+00
        417   4.791088    0.02889     1.7330    103.982     15.142  50700.405    31.1919     3.6779     15.000     3.6782    24.7880     7.1562    10.2269     95.514    311.866    319.596    0.00373    7.49234   10.70731  326.51449     3.6770   16.74373 4.4401e-02     0.1942     1.1915 0.0000e+00
        425   4.791110    0.02942     1.7653    105.918     16.152  50735.589    31.2185     3.6910     16.000     3.6968    24.8079     7.1782    10.2584     95.855    312.819    320.579    0.00354    7.48858   10.70194  326.34427     3.6900   16.73553 4.2020e-02     0.2003     1.1302 0.0000e+00
        432   4.791132    0.02994     1.7962    107.774     17.162  50766.099    31.2450     3.7167     17.000     3.7228    24.8267     7.2231    10.3225     96.533    314.769    322.583    0.00435    7.48253   10.69328  326.07422     3.7157   16.72259 4.0546e-02     0.2072     1.1146 0.0000e+00
        439   4.791153    0.03045     1.8270    109.620     18.171  50809.446    31.2826     3.7524     18.000     3.7627    24.8533     7.2477    10.3577     96.972    315.834    323.683    0.00432    7.47407   10.68120  325.69735     3.7513   16.70452 3.9504e-02     0.1828     1.0865 0.0000e+00
        447   4.791176    0.03099     1.8595    111.569     19.180  50839.581    31.3131     3.7963     19.000     3.8109    24.8736     7.2684    10.3872     97.372    316.728    324.606    0.00414    7.46449   10.66750  325.27338     3.7951   16.68424 3.8602e-02     0.1730     1.0924 0.0000e+00
        455   4.791197    0.03150     1.8899    113.394     20.190  50841.605    31.3269     3.8501     20.000     3.8562    24.8796     7.2917    10.4206     97.823    317.743    325.648    0.00423    7.45397   10.65247  324.81323     3.8488   16.66231 3.8048e-02     0.1839     1.0754 0.0000e+00
        463   4.791220    0.03205     1.9231    115.387     21.199  50837.383    31.3289     3.8723     21.000     3.8750    24.8791     7.2965    10.4274     97.941    317.951    325.861    0.00329    7.44982   10.64654  324.63258     3.8710   16.65372 3.7915e-02     0.1906     1.0862 0.0000e+00
        470   4.791242    0.03258     1.9550    117.297     22.209  50839.572    31.3332     3.8861     22.000     3.8893    24.8812     7.3184    10.4587     98.272    318.904    326.838    0.00322    7.44708   10.64262  324.51239     3.8848   16.64799 3.7912e-02     0.1853     1.1142 0.0000e+00
        478   4.791264    0.03310     1.9862    119.171     23.218  50852.571    31.3472     3.9097     23.000     3.9181    24.8901     7.3356    10.4834     98.570    319.654    327.611    0.00310    7.44209   10.63549  324.29216     3.9083   16.63746 3.7912e-02     0.1652     1.1273 0.0000e+00
        486   4.791286    0.03365     2.0188    121.126     24.228  50875.678    31.3749     3.9621     24.000     3.9759    24.9072     7.3612    10.5199     99.058    320.761    328.750    0.00349    7.43118   10.61990  323.81128     3.9606   16.61448 3.7912e-02     0.1662     1.0821 0.0000e+00
        493   4.791308    0.03416     2.0497    122.980     25.237  50875.674    31.3844     4.0043     25.000     4.0116    24.9108     7.3677    10.5292     99.254    321.043    329.040    0.00306    7.42305   10.60828  323.45573     4.0027   16.59754 3.7912e-02     0.1644     1.0993 0.0000e+00
        501   4.791330    0.03469     2.0815    124.889     26.247  50892.878    31.4038     4.0392     26.000     4.0480    24.9229     7.3646    10.5248     99.310    320.905    328.903    0.00233    7.41576   10.59786  323.13421     4.0376   16.58217 3.7912e-02     0.1613     1.0802 0.0000e+00
        508   4.791350    0.03519     2.1115    126.693     27.257  50905.843    31.4221     4.0810     27.000     4.0899    24.9334     7.3805    10.5474     99.638    321.594    329.612    0.00258    7.40730   10.58576  322.76212     4.0793   16.56440 3.7912e-02     0.1647     1.0710 0.0000e+00
        515   4.791372    0.03571     2.1429    128.574     28.266  50910.696    31.4326     4.1138     28.000     4.1179    24.9386     7.3792    10.5457     99.708    321.538    329.557    0.00204    7.40086   10.57657  322.48027     4.1120   16.55096 3.7912e-02     0.1674     1.0466 0.0000e+00
        522   4.791393    0.03620     2.1721    130.325     29.276  50924.940    31.4478     4.1394     29.000     4.1457    24.9482     7.3760    10.5411     99.737    321.394    329.413    0.00157    7.39549   10.56889  322.24304     4.1375   16.53962 3.7912e-02     0.1731     1.0385 0.0000e+00
        530   4.791414    0.03672     2.2033    132.198     30.285  50929.160    31.4568     4.1677     30.000     4.1737    24.9527     7.3832    10.5513     99.908    321.705    329.732    0.00158    7.38994   10.56096  321.99974     4.1658   16.52801 3.7912e-02     0.1765     0.9970 0.0000e+00
        537   4.791434    0.03720     2.2319    133.917     31.295  50941.424    31.4716     4.1975     31.000     4.2036    24.9615     7.3842    10.5528    100.005    321.748    329.779    0.00141    7.38386   10.55227  321.73228     4.1955   16.51523 3.7912e-02     0.1584     0.9866 0.0000e+00
        544   4.791455    0.03771     2.2624    135.746     32.305  50944.353    31.4789     4.2224     32.000     4.2261    24.9649     7.3841    10.5526    100.068    321.740    329.772    0.00118    7.37902   10.54536  321.52032     4.2203   16.50511 3.7912e-02     0.1744     0.9599 0.0000e+00
        551   4.791476    0.03821     2.2925    137.550     33.314  50966.220    31.4993     4.2481     33.000     4.2567    24.9786     7.3903    10.5614    100.229    322.006    330.049    0.00126    7.37341   10.53734  321.27161     4.2459   16.49321 3.7912e-02     0.1771     0.9061 0.0000e+00
        558   4.791497    0.03871     2.3225    139.353     34.324  50982.998    31.5194     4.2877     34.000     4.2933    24.9906     7.4010    10.5768    100.484    322.469    330.528    0.00160    7.36533   10.52579  320.91572     4.2855   16.47619 3.7912e-02     0.1677     0.9124 0.0000e+00
        565   4.791517    0.03920     2.3518    141.109     35.333  50985.636    31.5255     4.3083     35.000     4.3106    24.9934     7.3945    10.5674    100.450    322.184    330.237    0.00107    7.36135   10.52010  320.74136     4.3060   16.46788 3.7912e-02     0.1540     0.9167 0.0000e+00
        573   4.791538    0.03969     2.3813    142.879     36.343  50993.004    31.5340     4.3257     36.000     4.3276    24.9985     7.3941    10.5669    100.493    322.166    330.220    0.00087    7.35783   10.51507  320.58645     4.3233   16.46048 3.7912e-02     0.1631     0.8616 0.0000e+00
        579   4.791557    0.04015     2.4091    144.543     37.352  51018.266    31.5546     4.3421     37.000     4.3475    25.0132     7.3945    10.5675    100.553    322.180    330.239    0.00077    7.35387   10.50941  320.40923     4.3397   16.45196 3.7912e-02     0.1745     0.8626 0.0000e+00
        586   4.791577    0.04062     2.4372    146.233     38.362  51026.546    31.5649     4.3644     38.000     4.3651    25.0191     7.4011    10.5768    100.703    322.463    330.530    0.00096    7.34940   10.50302  320.21254     4.3618   16.44257 3.7912e-02     0.1449     0.8115 0.0000e+00
        593   4.791596    0.04108     2.4649    147.896     39.372  51027.567    31.5667     4.3716     39.000     4.3707    25.0198     7.3938    10.5664    100.622    322.145    330.205    0.00048    7.34803   10.50107  320.15288     4.3690   16.43972 3.7912e-02     0.1502     0.7982 0.0000e+00
        599   4.791615    0.04155     2.4929    149.572     40.381  51038.319    31.5758     4.3813     40.000     4.3821    25.0261     7.3952    10.5684    100.671    322.205    330.268    0.00045    7.34585   10.49796  320.05613     4.3786   16.43508 3.7912e-02     0.1532     0.8103 0.0000e+00
        606   4.791634    0.04200     2.5200    151.199     41.391  51041.790    31.5791     4.3876     41.000     4.3822    25.0281     7.3963    10.5699    100.704    322.250    330.315    0.00041    7.34456   10.49611  319.99896     4.3849   16.43234 3.7912e-02     0.1609     0.7983 0.0000e+00
        612   4.791652    0.04244     2.5462    152.775     42.400  51088.880    31.6117     4.3913     42.000     4.3983    25.0536     7.3956    10.5691    100.726    322.216    330.288    0.00032    7.34230   10.49288  319.89280     4.3884   16.42716 3.7912e-02     0.1522     0.8103 0.0000e+00
        619   4.791672    0.04290     2.5740    154.439     43.411  51117.217    31.6408     4.4362     43.000     4.4499    25.0722     7.4096    10.5891    101.047    322.819    330.913    0.00109    7.33287   10.47941  319.47609     4.4334   16.40722 3.7912e-02     0.1433     0.8260 0.0000e+00
        625   4.791690    0.04332     2.5995    155.973     44.420  51101.133    31.6379     4.4736     44.000     4.4768    25.0661     7.4134    10.5945    101.187    322.985    331.081    0.00123    7.32640   10.47017  319.19630     4.4706   16.39392 3.7912e-02     0.1674     0.8270 0.0000e+00
        632   4.791710    0.04382     2.6290    157.742     45.430  51095.027    31.6372     4.4910     45.000     4.4902    25.0638     7.3895    10.5603    100.903    321.945    330.014    0.00008    7.32336   10.46582  319.06427     4.4879   16.38764 3.7912e-02     0.1700     0.8181 0.0000e+00
        638   4.791727    0.04424     2.6541    159.247     46.440  51096.708    31.6396     4.4984     46.000     4.4984    25.0649     7.3835    10.5517    100.840    321.683    329.745   -0.00014    7.32193   10.46377  319.00163     4.4952   16.38465 3.7912e-02     0.1612     0.8159 0.0000e+00
        645   4.791747    0.04471     2.6830    160.981     47.449  51101.382    31.6457     4.5134     47.000     4.5150    25.0682     7.3867    10.5564    100.926    321.824    329.892    0.00011    7.31897   10.45954  318.87168     4.5102   16.37845 3.7912e-02     0.1628     0.8098 0.0000e+00
        651   4.791766    0.04516     2.7093    162.559     48.459  51096.626    31.6442     4.5236     48.000     4.5224    25.0661     7.3827    10.5507    100.896    321.651    329.713   -0.00003    7.31724   10.45706  318.79684     4.5203   16.37489 3.7912e-02     0.1484     0.8313 0.0000e+00
        658   4.791786    0.04564     2.7386    164.313     49.469  51098.624    31.6470     4.5320     49.000     4.5312    25.0674     7.3766    10.5420    100.834    321.384    329.440   -0.00022    7.31563   10.45476  318.72627     4.5286   16.37152 3.7912e-02     0.1527     0.8028 0.0000e+00
        665   4.791806    0.04612     2.7671    166.027     50.478  51098.189    31.6478     4.5391     50.000     4.5371    25.0673     7.3739    10.5380    100.815    321.265    329.318   -0.00025    7.31432   10.45289  318.66910     4.5357   16.36880 3.7912e-02     0.1589     0.8384 0.0000e+00
        672   4.791825    0.04659     2.7951    167.708     51.487  51098.855    31.6487     4.5430     51.000     4.5399    25.0676     7.3771    10.5426    100.869    321.405    329.462   -0.00008    7.31359   10.45184  318.63720     4.5396   16.36727 3.7912e-02     0.2402     0.7865 0.0000e+00
        679   4.791846    0.04709     2.8255    169.527     52.497  51100.090    31.6488     4.5421     52.000     4.5376    25.0678     7.3830    10.5510    100.946    321.659    329.722    0.00012    7.31375   10.45208  318.64426     4.5386   16.36761 3.7912e-02     0.5030     0.8012 0.0000e+00
        686   4.791867    0.04760     2.8557    171.340     53.507  51104.194    31.6504     4.5391     53.000     4.5349    25.0694     7.3818    10.5493    100.924    321.607    329.670   -0.00001    7.31420   10.45272  318.66321     4.5355   16.36851 3.7912e-02     0.5290     0.8433 0.0000e+00
