CTD-processing/allCTD/CNV/2013_07-19_t3_s15_cast038_5028.cnv
* Sea-Bird SBE19plus Data File:
* FileName = C:\Documents and Settings\kris.holderied.local\My Documents\2012-2013-CTD-DATA-new-files\2013-07-CookInlet-EVOSTC-LTM\2013-07-19-CookInlet-Tran3-AnchorPt\2013-07-19-CookInlet-Tran3-AnchorPt-cast038.hex
* Software Version 1.54
* Temperature SN =  5028
* Conductivity SN =  5028
* System UpLoad Time = Jul 19 2013 17:48:25
** Cook Inlet LTM Ocean - Tran3 - Anchor Pt Line
** Date: 2013-07-19
** Station: 3-15
** Start time (AKDT-24 hr): 15:14
** Depth (m): 19
** Comment:
** Comment:
# nquan = 27
# nvalues = 21                          
# units = specified
# name 0 = scan: Scan Count
# name 1 = timeJ: Julian Days
# name 2 = timeH: Time, Elapsed [hours]
# name 3 = timeM: Time, Elapsed [minutes]
# name 4 = timeS: Time, Elapsed [seconds]
# name 5 = prdM: Pressure, Strain Gauge [db]
# name 6 = specc: Specific Conductance [uS/cm]
# name 7 = sal00: Salinity, Practical [PSU]
# name 8 = tv290C: Temperature [ITS-90, deg C]
# name 9 = depSM: Depth [salt water, m], lat = 59.00
# name 10 = potemp090C: Potential Temperature [ITS-90, deg C]
# name 11 = sigma-é00: Density [sigma-theta, kg/m^3]
# name 12 = sbeox0ML/L: Oxygen, SBE 43 [ml/l]
# name 13 = sbeox0Mg/L: Oxygen, SBE 43 [mg/l]
# name 14 = sbeox0PS: Oxygen, SBE 43 [% saturation]
# name 15 = sbox0Mm/Kg: Oxygen, SBE 43 [umol/kg]
# name 16 = sbeox0Mm/L: Oxygen, SBE 43 [umol/l]
# name 17 = sbox0dV/dT: Oxygen, SBE 43 [dov/dt]
# name 18 = oxsolML/L: Oxygen Saturation, Garcia & Gordon [ml/l]
# name 19 = oxsolMg/L: Oxygen Saturation, Garcia & Gordon [mg/l]
# name 20 = oxsolMm/Kg: Oxygen Saturation, Garcia & Gordon [umol/kg]
# name 21 = potemp090C: Potential Temperature [ITS-90, deg C]
# name 22 = n2satMg/L: Nitrogen Saturation [mg/l]
# name 23 = par: PAR/Irradiance, Biospherical/Licor
# name 24 = flECO-AFL: Fluorescence, WET Labs ECO-AFL/FL [mg/m^3]
# name 25 = turbWETntu0: Turbidity, WET Labs ECO [NTU]
# name 26 = flag: flag
# span 0 =         40,        376       
# span 1 = 200.635681, 200.636652       
# span 2 =    0.00273,    0.02605       
# span 3 =     0.1641,     1.5634       
# span 4 =      9.848,     93.799       
# span 5 =      1.010,     21.199       
# span 6 =  48212.449,  50002.340       
# span 7 =    30.6059,    31.7608       
# span 8 =     9.3068,     9.4843       
# span 9 =      1.000,     21.000       
# span 10 =     9.3044,     9.4499      
# span 11 =    23.6079,    24.5331      
# span 12 =     5.4353,     7.3847      
# span 13 =     7.7676,    10.5535      
# span 14 =     82.698,    112.827      
# span 15 =    237.177,    321.905      
# span 16 =    242.740,    329.803      
# span 17 =   -0.00171,    0.01450      
# span 18 =    6.53567,    6.57227      
# span 19 =    9.34013,    9.39243      
# span 20 =  284.92281,  286.78899      
# span 21 =     9.3046,     9.4842      
# span 22 =   14.75929,   14.85293      
# span 23 = 1.0888e+01, 1.0005e+02      
# span 24 =     0.3098,     1.5197      
# span 25 =     0.4851,     3.4754      
# span 26 = 0.0000e+00, 0.0000e+00      
# interval = meters: 1                  
# start_time = Jul 19 2013 15:15:13 [Instrument's time stamp, header]
# bad_flag = -9.990e-29
*END*
         40 200.635681    0.00273     0.1641      9.848      1.010  48212.449    30.6059     9.4843      1.000     9.4499    23.6079     5.4353     7.7676     82.698    237.177    242.740   -0.00171    6.57227    9.39243  286.78899     9.4842   14.85293 1.0005e+02     0.3098     3.4754 0.0000e+00
        183 200.636094    0.01265     0.7588     45.530      2.019  49828.824    31.6664     9.4099      2.000     9.4089    24.4454     6.0547     8.6527     92.641    263.950    270.401    0.00324    6.53567    9.34013  284.92281     9.4096   14.75929 7.0265e+01     0.8948     1.3260 0.0000e+00
        313 200.636470    0.02168     1.3011     78.063      3.028  49981.749    31.7600     9.3710      3.000     9.3700    24.5244     6.7858     9.6977    103.808    295.803    303.057    0.00817    6.53701    9.34203  284.95422     9.3707   14.76039 5.7897e+01     1.0971     0.4944 0.0000e+00
        306 200.636449    0.02116     1.2695     76.168      4.038  49979.318    31.7583     9.3720      4.000     9.3702    24.5229     6.6587     9.5159    101.861    290.257    297.375    0.00288    6.53695    9.34195  284.95228     9.3716   14.76031 4.6774e+01     1.1103     0.5661 0.0000e+00
        309 200.636458    0.02139     1.2834     77.005      5.047  49983.536    31.7607     9.3708      5.000     9.3717    24.5250     6.6758     9.5404    102.124    291.005    298.142    0.00296    6.53701    9.34204  284.95441     9.3703   14.76040 3.8380e+01     1.2279     0.5750 0.0000e+00
        312 200.636468    0.02163     1.2979     77.875      6.057  49983.731    31.7608     9.3737      6.000     9.3742    24.5246     6.7398     9.6319    103.110    293.797    301.002    0.00584    6.53659    9.34144  284.93617     9.3731   14.75953 3.2884e+01     1.3903     0.5961 0.0000e+00
        316 200.636479    0.02189     1.3134     78.804      7.066  49979.403    31.7574     9.3747      7.000     9.3711    24.5218     6.8085     9.7300    104.160    296.790    304.067    0.00847    6.53660    9.34145  284.93702     9.3739   14.75958 3.0410e+01     1.4474     0.5673 0.0000e+00
        320 200.636489    0.02212     1.3272     79.635      8.075  49978.074    31.7553     9.3690      8.000     9.3633    24.5210     6.8613     9.8056    104.954    299.095    306.429    0.00985    6.53750    9.34274  284.97678     9.3682   14.76149 2.9370e+01     1.4535     0.5385 0.0000e+00
        323 200.636498    0.02233     1.3399     80.395      9.085  49979.512    31.7548     9.3614      9.000     9.3549    24.5219     6.9210     9.8908    105.847    301.692    309.091    0.01137    6.53863    9.34436  285.02589     9.3604   14.76384 2.7923e+01     1.4658     0.5459 0.0000e+00
        326 200.636508    0.02257     1.3543     81.258     10.094  49983.170    31.7556     9.3520     10.000     9.3469    24.5241     7.0002    10.0040    107.038    305.146    312.629    0.01361    6.53996    9.34625  285.08300     9.3509   14.76657 2.7736e+01     1.4765     0.5607 0.0000e+00
        331 200.636521    0.02290     1.3735     82.411     11.103  49986.708    31.7567     9.3450     11.000     9.3402    24.5260     7.0696    10.1032    108.083    308.172    315.730    0.01430    6.54091    9.34762  285.12423     9.3438   14.76854 3.2284e+01     1.5197     0.5470 0.0000e+00
        335 200.636534    0.02321     1.3926     83.558     12.113  49984.181    31.7531     9.3344     12.000     9.3263    24.5248     7.1081    10.1582    108.644    309.851    317.449    0.01307    6.54259    9.35002  285.19775     9.3332   14.77207 3.4557e+01     1.4981     0.5335 0.0000e+00
        338 200.636543    0.02343     1.4062     84.371     13.123  49992.100    31.7567     9.3242     13.000     9.3200    24.5294     7.1441    10.2095    109.170    311.414    319.053    0.01268    6.54392    9.35191  285.25416     9.3229   14.77475 3.1349e+01     1.4293     0.5160 0.0000e+00
        342 200.636553    0.02365     1.4190     85.141     14.133  49993.801    31.7570     9.3203     14.000     9.3161    24.5302     7.2060    10.2980    110.107    314.113    321.818    0.01393    6.54448    9.35271  285.27842     9.3188   14.77591 2.6977e+01     1.3684     0.4965 0.0000e+00
        346 200.636566    0.02397     1.4381     86.286     15.142  49997.880    31.7589     9.3160     15.000     9.3139    24.5323     7.2733    10.3942    111.126    317.045    324.823    0.01450    6.54502    9.35349  285.30149     9.3144   14.77701 2.4838e+01     1.3205     0.4851 0.0000e+00
        352 200.636582    0.02435     1.4610     87.657     16.152  49999.653    31.7596     9.3156     16.000     9.3144    24.5330     7.2838    10.4093    111.288    317.505    325.294    0.01137    6.54504    9.35352  285.30224     9.3140   14.77704 2.3715e+01     1.3129     0.4973 0.0000e+00
        355 200.636592    0.02459     1.4756     88.535     17.161  50000.010    31.7596     9.3167     17.000     9.3153    24.5328     7.2828    10.4079    111.275    317.462    325.250    0.00927    6.54488    9.35329  285.29550     9.3149   14.77672 2.0714e+01     1.3380     0.5415 0.0000e+00
        359 200.636602    0.02483     1.4898     89.390     18.170  49998.902    31.7584     9.3168     18.000     9.3140    24.5318     7.3189    10.4593    111.824    319.033    326.859    0.00943    6.54492    9.35335  285.29739     9.3149   14.77682 1.7762e+01     1.3474     0.5616 0.0000e+00
        365 200.636620    0.02527     1.5160     90.959     19.179  50000.483    31.7588     9.3148     19.000     9.3124    24.5324     7.3847    10.5535    112.827    321.905    329.803    0.01009    6.54520    9.35374  285.30924     9.3128   14.77738 1.5473e+01     1.3087     0.5208 0.0000e+00
        371 200.636637    0.02567     1.5404     92.422     20.189  49999.510    31.7574     9.3128     20.000     9.3086    24.5317     7.3768    10.5422    112.699    321.560    329.448    0.00700    6.54556    9.35425  285.32488     9.3107   14.77813 1.3069e+01     1.2737     0.5210 0.0000e+00
        376 200.636652    0.02605     1.5634     93.799     21.199  50002.340    31.7580     9.3068     21.000     9.3044    24.5331     7.3815    10.5488    112.755    321.761    329.654    0.00540    6.54640    9.35546  285.36115     9.3046   14.77987 1.0888e+01     1.1882     0.4870 0.0000e+00
