CTD-processing/allCTD/CNV/2013_07-09_t9andtutka_s07_cast225_5028.cnv
* Sea-Bird SBE19plus Data File:
* FileName = C:\Documents and Settings\kbayadmin\My Documents\CTD data\2013-07-09 Kachemak Bay Homer Spit Line and Tutka Bay\2013-07-09 Kachemak Bay Homer Spit Line and Tutka Bay cast225.hex
* Software Version 1.59
* Temperature SN =  5028
* Conductivity SN =  5028
* System UpLoad Time = Jul 10 2013 11:17:53
** Kachemak Bay Homer Spit Line and Tutka Bay
** 2013-07-05
** Station: 9.07
** N': 59 35.159
** W': -151 23.366
** Start Time: 1838
** Depth(ft): 324
# nquan = 27
# nvalues = 97                          
# units = specified
# name 0 = scan: Scan Count
# name 1 = timeJ: Julian Days
# name 2 = timeH: Time, Elapsed [hours]
# name 3 = timeM: Time, Elapsed [minutes]
# name 4 = timeS: Time, Elapsed [seconds]
# name 5 = prdM: Pressure, Strain Gauge [db]
# name 6 = specc: Specific Conductance [uS/cm]
# name 7 = sal00: Salinity, Practical [PSU]
# name 8 = tv290C: Temperature [ITS-90, deg C]
# name 9 = depSM: Depth [salt water, m], lat = 59.00
# name 10 = potemp090C: Potential Temperature [ITS-90, deg C]
# name 11 = sigma-é00: Density [sigma-theta, kg/m^3]
# name 12 = sbeox0ML/L: Oxygen, SBE 43 [ml/l]
# name 13 = sbeox0Mg/L: Oxygen, SBE 43 [mg/l]
# name 14 = sbeox0PS: Oxygen, SBE 43 [% saturation]
# name 15 = sbox0Mm/Kg: Oxygen, SBE 43 [umol/kg]
# name 16 = sbeox0Mm/L: Oxygen, SBE 43 [umol/l]
# name 17 = sbox0dV/dT: Oxygen, SBE 43 [dov/dt]
# name 18 = oxsolML/L: Oxygen Saturation, Garcia & Gordon [ml/l]
# name 19 = oxsolMg/L: Oxygen Saturation, Garcia & Gordon [mg/l]
# name 20 = oxsolMm/Kg: Oxygen Saturation, Garcia & Gordon [umol/kg]
# name 21 = potemp090C: Potential Temperature [ITS-90, deg C]
# name 22 = n2satMg/L: Nitrogen Saturation [mg/l]
# name 23 = par: PAR/Irradiance, Biospherical/Licor
# name 24 = flECO-AFL: Fluorescence, WET Labs ECO-AFL/FL [mg/m^3]
# name 25 = turbWETntu0: Turbidity, WET Labs ECO [NTU]
# name 26 = flag: flag
# span 0 =        304,        681       
# span 1 = 190.777475, 190.778564       
# span 2 =    0.02105,    0.04719       
# span 3 =     1.2632,     2.8322       
# span 4 =     75.789,    169.934       
# span 5 =      1.010,     97.940       
# span 6 =  45619.820,  50801.557       
# span 7 =    28.7709,    31.7251       
# span 8 =     5.9751,     9.9166       
# span 9 =      1.000,     97.000       
# span 10 =     5.9682,     9.8436      
# span 11 =    22.1062,    24.9696      
# span 12 =     7.5682,     8.1643      
# span 13 =    10.8158,    11.6676      
# span 14 =    107.128,    119.850      
# span 15 =    329.766,    355.913      
# span 16 =    337.999,    364.617      
# span 17 =   -0.01006,    0.01552      
# span 18 =    6.58396,    7.06470      
# span 19 =    9.40913,   10.09616      
# span 20 =  287.68007,  307.82342      
# span 21 =     5.9672,     9.9165      
# span 22 =   14.90293,   15.85209      
# span 23 = 4.7852e-02, 4.9993e+02      
# span 24 =     0.1532,     3.6681      
# span 25 =     0.4224,     1.6977      
# span 26 = 0.0000e+00, 0.0000e+00      
# interval = meters: 1                  
# start_time = Jul 09 2013 18:38:18 [Instrument's time stamp, header]
# bad_flag = -9.990e-29
*END*
        304 190.777475    0.02105     1.2632     75.789      1.010  45619.820    28.7709     9.9166      1.000     9.8436    22.1062     7.7680    11.1012    117.979    339.414    346.918    0.01552    6.58396    9.40913  287.68007     9.9165   14.90293 4.9993e+02     1.0303     1.4927 0.0000e+00
        313 190.777499    0.02165     1.2987     77.920      2.018  46052.257    29.0236     9.5113      2.000     9.4173    22.3658     7.6728    10.9652    115.686    335.171    342.667    0.00310    6.63260    9.47865  289.73194     9.5111   14.99996 3.0552e+02     1.2756     1.3984 0.0000e+00
        319 190.777516    0.02206     1.3237     79.420      3.028  46393.370    29.2292     9.2554      3.000     9.1464    22.5651     7.6640    10.9527    115.047    334.724    342.277   -0.00024    6.66163    9.52013  290.94302     9.2551   15.05698 1.8083e+02     1.5850     1.3105 0.0000e+00
        324 190.777532    0.02244     1.3463     80.775      4.037  46853.466    29.5100     8.9504      4.000     8.8396    22.8300     7.7453    11.0688    115.687    338.184    345.905    0.00190    6.69503    9.56787  292.32616     8.9500   15.12190 1.2323e+02     2.0487     1.2192 0.0000e+00
        329 190.777545    0.02276     1.3655     81.930      5.047  47385.165    29.8402     8.6579      5.000     8.4494    23.1310     7.7937    11.1380    115.897    340.199    348.069    0.00203    6.72479    9.61040  293.53898     8.6575   15.17846 8.6762e+01     2.6962     1.1553 0.0000e+00
        333 190.777558    0.02307     1.3840     83.040      6.057  48294.410    30.4034     8.1713      6.000     7.9972    23.6419     7.7861    11.1271    114.940    339.695    347.725   -0.00141    6.77429    9.68114  295.55207     8.1707   15.27226 5.9605e+01     3.2341     1.0827 0.0000e+00
        337 190.777571    0.02336     1.4019     84.117      7.066  48795.981    30.7096     7.8842      7.000     7.8305    23.9225     7.7623    11.0931    114.071    338.565    346.665   -0.00464    6.80489    9.72487  296.80597     7.8835   15.33085 4.3647e+01     3.5832     0.9378 0.0000e+00
        342 190.777583    0.02367     1.4200     85.202      8.076  49065.333    30.8824     7.7900      8.000     7.7665    24.0712     7.9025    11.2935    116.013    344.630    352.927    0.00221    6.81177    9.73470  297.06302     7.7893   15.34242 3.2888e+01     3.6681     0.8149 0.0000e+00
        346 190.777596    0.02396     1.4377     86.261      9.085  49486.207    31.1695     7.7523      9.000     7.7451    24.3018     8.0513    11.5061    118.318    351.040    359.571    0.00929    6.80485    9.72480  296.69441     7.7514   15.32365 2.4594e+01     3.4021     0.7330 0.0000e+00
        350 190.777608    0.02425     1.4549     87.292     10.094  49667.684    31.2926     7.7339     10.000     7.6969    24.4010     8.1422    11.6360    119.699    354.969    363.631    0.01214    6.80223    9.72106  296.55143     7.7330   15.31632 1.9493e+01     2.7072     0.5985 0.0000e+00
        354 190.777619    0.02451     1.4708     88.245     11.104  49769.200    31.3500     7.6539     11.000     7.6009    24.4571     8.1643    11.6676    119.850    355.913    364.617    0.01075    6.81211    9.73518  296.96571     7.6528   15.33586 1.6117e+01     1.9337     0.4811 0.0000e+00
        358 190.777629    0.02477     1.4863     89.176     12.114  49903.886    31.4298     7.5698     12.000     7.5453    24.5314     8.0886    11.5594    118.573    352.587    361.237    0.00486    6.82163    9.74879  297.35920     7.5687   15.35431 1.3364e+01     1.4818     0.4437 0.0000e+00
        361 190.777640    0.02503     1.5016     90.097     13.123  50048.484    31.5242     7.5335     13.000     7.5182    24.6106     7.9701    11.3901    116.811    347.396    355.945   -0.00174    6.82307    9.75084  297.39888     7.5323   15.35582 1.1083e+01     1.2350     0.4523 0.0000e+00
        365 190.777650    0.02528     1.5166     90.994     14.132  50165.444    31.6014     7.5099     14.000     7.4968    24.6745     7.8888    11.2738    115.615    343.826    352.310   -0.00565    6.82329    9.75116  297.39017     7.5087   15.35509 9.3907e+00     0.9849     0.4526 0.0000e+00
        370 190.777666    0.02564     1.5387     92.323     15.142  50227.231    31.6388     7.4780     15.000     7.4643    24.7082     7.8339    11.1954    114.756    341.426    349.862   -0.00706    6.82661    9.75592  297.52530     7.4766   15.36138 8.1904e+00     0.7100     0.4477 0.0000e+00
        376 190.777682    0.02604     1.5625     93.752     16.151  50232.542    31.6337     7.4287     16.000     7.3918    24.7110     7.7405    11.0618    113.255    337.351    345.688   -0.01006    6.83455    9.76726  297.87058     7.4272   15.37788 6.9218e+00     0.6006     0.4375 0.0000e+00
        380 190.777694    0.02633     1.5797     94.779     17.161  50262.941    31.6416     7.3528     17.000     7.3150    24.7274     7.7196    11.0321    112.760    336.440    344.759   -0.01000    6.84609    9.78375  298.36853     7.3513   15.40161 5.9102e+00     0.5396     0.4224 0.0000e+00
        384 190.777706    0.02661     1.5964     95.784     18.170  50282.009    31.6411     7.2746     18.000     7.2263    24.7375     7.7406    11.0621    112.863    337.350    345.695   -0.00801    6.85841    9.80136  298.90254     7.2730   15.42709 5.0745e+00     0.4822     0.4280 0.0000e+00
        388 190.777717    0.02688     1.6128     96.770     19.180  50342.537    31.6680     7.1887     19.000     7.1603    24.7703     7.7582    11.0874    112.917    338.110    346.484   -0.00644    6.87074    9.81898  299.43042     7.1870   15.45216 4.3659e+00     0.4368     0.4543 0.0000e+00
        392 190.777728    0.02714     1.6285     97.711     20.190  50391.377    31.6943     7.1465     20.000     7.1379    24.7966     7.7650    11.0969    112.925    338.392    346.784   -0.00546    6.87622    9.82681  299.66144     7.1447   15.46308 3.7607e+00     0.4056     0.4731 0.0000e+00
        395 190.777738    0.02739     1.6435     98.608     21.199  50410.333    31.7056     7.1381     21.000     7.1356    24.8066     7.7905    11.1334    113.283    339.501    347.923   -0.00355    6.87704    9.82798  299.69412     7.1362   15.46459 3.2425e+00     0.3626     0.4715 0.0000e+00
        399 190.777749    0.02764     1.6582     99.490     22.209  50414.674    31.7079     7.1368     22.000     7.1323    24.8086     7.8141    11.1672    113.625    340.532    348.980   -0.00188    6.87714    9.82812  299.69791     7.1348   15.46476 2.7937e+00     0.3260     0.4716 0.0000e+00
        403 190.777759    0.02789     1.6733    100.395     23.219  50429.180    31.7169     7.1329     23.000     7.1305    24.8162     7.8193    11.1746    113.696    340.754    349.209   -0.00134    6.87735    9.82843  299.70513     7.1308   15.46507 2.4127e+00     0.3143     0.4891 0.0000e+00
        406 190.777770    0.02814     1.6886    101.319     24.228  50433.661    31.7192     7.1309     24.000     7.1210    24.8183     7.8118    11.1638    113.583    340.425    348.873   -0.00152    6.87756    9.82872  299.71344     7.1288   15.46545 2.0861e+00     0.2955     0.5206 0.0000e+00
        410 190.777781    0.02841     1.7045    102.268     25.238  50435.448    31.7168     7.1126     25.000     7.0980    24.8188     7.7938    11.1381    113.273    339.641    348.070   -0.00224    6.88057    9.83302  299.84439     7.1104   15.47171 1.8028e+00     0.2725     0.5214 0.0000e+00
        414 190.777792    0.02867     1.7203    103.216     26.247  50436.208    31.7125     7.0879     26.000     7.0702    24.8187     7.7611    11.0914    112.730    338.217    346.612   -0.00364    6.88468    9.83890  300.02372     7.0856   15.48029 1.5527e+00     0.2556     0.5192 0.0000e+00
        418 190.777803    0.02893     1.7355    104.128     27.256  50447.659    31.7154     7.0615     27.000     7.0459    24.8245     7.7342    11.0529    112.273    337.042    345.409   -0.00463    6.88874    9.84469  300.19877     7.0591   15.48862 1.3390e+00     0.2621     0.5225 0.0000e+00
        421 190.777813    0.02919     1.7509    105.054     28.267  50435.936    31.7016     7.0322     28.000     7.0012    24.8175     7.7327    11.0508    112.165    336.979    345.342   -0.00433    6.89402    9.85224  300.43091     7.0297   15.49975 1.1595e+00     0.2699     0.5304 0.0000e+00
        425 190.777824    0.02944     1.7667    106.005     29.276  50423.027    31.6812     6.9708     29.000     6.9224    24.8096     7.7339    11.0525    112.009    337.033    345.395   -0.00407    6.90472    9.86754  300.89975     6.9683   15.52220 1.0034e+00     0.2719     0.5479 0.0000e+00
        429 190.777835    0.02970     1.7822    106.930     30.285  50427.476    31.6680     6.8817     30.000     6.8264    24.8108     7.7168    11.0280    111.521    336.287    344.631   -0.00501    6.91956    9.88874  301.54601     6.8791   15.55307 8.6624e-01     0.2806     0.5793 0.0000e+00
        432 190.777845    0.02995     1.7972    107.832     31.295  50460.304    31.6742     6.7917     31.000     6.7486    24.8273     7.7004    11.0046    111.058    335.568    343.899   -0.00577    6.93371    9.90896  302.15765     6.7890   15.58222 7.4408e-01     0.2733     0.6201 0.0000e+00
        436 190.777856    0.03021     1.8127    108.759     32.304  50496.387    31.6861     6.7214     32.000     6.6953    24.8457     7.6910    10.9912    110.750    335.152    343.479   -0.00593    6.94445    9.92431  302.62017     6.7187   15.60423 6.3492e-01     0.2556     0.6464 0.0000e+00
        440 190.777867    0.03047     1.8281    109.686     33.315  50525.968    31.6997     6.6857     33.000     6.6736    24.8610     7.7031    11.0085    110.842    335.674    344.019   -0.00483    6.94958    9.93165  302.83938     6.6829   15.61462 5.4252e-01     0.2428     0.6583 0.0000e+00
        443 190.777877    0.03071     1.8430    110.582     34.324  50531.775    31.7005     6.6707     34.000     6.6597    24.8636     7.7259    11.0410    111.133    336.667    345.038   -0.00321    6.95195    9.93504  302.94195     6.6678   15.61951 4.6667e-01     0.2185     0.6501 0.0000e+00
        447 190.777888    0.03096     1.8580    111.480     35.333  50526.392    31.6935     6.6550     35.000     6.6382    24.8600     7.7433    11.0659    111.337    337.426    345.814   -0.00209    6.95482    9.93913  303.06786     6.6520   15.62554 4.0162e-01     0.2147     0.6704 0.0000e+00
        451 190.777898    0.03122     1.8734    112.402     36.343  50531.520    31.6918     6.6290     36.000     6.6137    24.8621     7.7465    11.0705    111.315    337.566    345.958   -0.00181    6.95910    9.94525  303.25391     6.6259   15.63442 3.4562e-01     0.2192     0.7334 0.0000e+00
        454 190.777909    0.03148     1.8886    113.317     37.353  50542.706    31.6956     6.6101     37.000     6.5997    24.8675     7.7375    11.0576    111.139    337.171    345.556   -0.00214    6.96197    9.94936  303.37760     6.6069   15.64030 2.9704e-01     0.2291     0.7592 0.0000e+00
        458 190.777920    0.03174     1.9041    114.248     38.362  50548.876    31.6971     6.5975     38.000     6.5898    24.8703     7.7354    11.0547    111.078    337.081    345.464   -0.00206    6.96395    9.95218  303.46262     6.5943   15.64435 2.5536e-01     0.2274     0.7422 0.0000e+00
        462 190.777930    0.03200     1.9201    115.206     39.371  50552.097    31.6974     6.5896     39.000     6.5826    24.8715     7.7338    11.0524    111.035    337.011    345.393   -0.00189    6.96521    9.95397  303.51708     6.5864   15.64695 2.2092e-01     0.2116     0.7165 0.0000e+00
        466 190.777942    0.03227     1.9361    116.166     40.381  50553.382    31.6965     6.5822     40.000     6.5747    24.8717     7.7352    11.0543    111.035    337.071    345.454   -0.00165    6.96646    9.95576  303.57161     6.5788   15.64955 1.9279e-01     0.2121     0.7047 0.0000e+00
        469 190.777952    0.03253     1.9515    117.093     41.391  50555.248    31.6958     6.5745     41.000     6.5665    24.8722     7.7442    11.0673    111.144    337.464    345.857   -0.00111    6.96774    9.95759  303.62721     6.5710   15.65220 1.6922e-01     0.2364     0.7216 0.0000e+00
        473 190.777963    0.03278     1.9665    117.987     42.400  50557.523    31.6955     6.5666     42.000     6.5583    24.8729     7.7469    11.0712    111.163    337.583    345.980   -0.00088    6.96902    9.95943  303.68296     6.5630   15.65486 1.4900e-01     0.2426     0.7399 0.0000e+00
        476 190.777973    0.03302     1.9811    118.869     43.410  50550.824    31.6884     6.5560     43.000     6.5400    24.8687     7.7426    11.0649    111.067    337.392    345.783   -0.00109    6.97106    9.96234  303.77309     6.5524   15.65919 1.3199e-01     0.2279     0.7246 0.0000e+00
        480 190.777983    0.03326     1.9958    119.747     44.420  50540.212    31.6757     6.5299     44.000     6.5041    24.8620     7.7336    11.0521    110.862    337.004    345.382   -0.00158    6.97588    9.96924  303.98539     6.5263   15.66937 1.1780e-01     0.2121     0.7225 0.0000e+00
        484 190.777994    0.03351     2.0107    120.644     45.429  50561.241    31.6830     6.4936     45.000     6.4772    24.8724     7.7186    11.0306    110.558    336.346    344.711   -0.00236    6.98146    9.97720  304.22506     6.4898   15.68076 1.0604e-01     0.2102     0.7116 0.0000e+00
        487 190.778005    0.03378     2.0268    121.608     46.440  50575.511    31.6887     6.4734     46.000     6.4632    24.8794     7.7135    11.0233    110.437    336.120    344.483   -0.00244    6.98448    9.98152  304.35487     6.4695   15.68693 9.6414e-02     0.2032     0.7199 0.0000e+00
        492 190.778017    0.03407     2.0442    122.654     47.449  50585.142    31.6930     6.4631     47.000     6.4578    24.8841     7.7167    11.0280    110.461    336.262    344.630   -0.00198    6.98596    9.98363  304.41769     6.4591   15.68991 8.8511e-02     0.1836     0.7130 0.0000e+00
        496 190.778030    0.03439     2.0632    123.791     48.459  50586.689    31.6932     6.4611     48.000     6.4562    24.8845     7.7253    11.0402    110.578    336.634    345.010   -0.00131    6.98627    9.98408  304.43123     6.4570   15.69054 8.1969e-02     0.1898     0.6943 0.0000e+00
        500 190.778042    0.03467     2.0805    124.829     49.469  50586.317    31.6921     6.4592     49.000     6.4537    24.8839     7.7342    11.0529    110.700    337.022    345.408   -0.00073    6.98663    9.98459  304.44682     6.4551   15.69130 7.6572e-02     0.1840     0.6914 0.0000e+00
        504 190.778054    0.03495     2.0973    125.839     50.478  50585.755    31.6906     6.4557     50.000     6.4488    24.8832     7.7293    11.0460    110.621    336.811    345.193   -0.00087    6.98727    9.98551  304.47523     6.4515   15.69266 7.2066e-02     0.1841     0.6966 0.0000e+00
        508 190.778065    0.03522     2.1134    126.802     51.488  50584.187    31.6880     6.4500     51.000     6.4402    24.8818     7.7276    11.0436    110.580    336.740    345.118   -0.00092    6.98831    9.98700  304.52110     6.4457   15.69486 6.8415e-02     0.1970     0.6968 0.0000e+00
        512 190.778076    0.03548     2.1285    127.713     52.497  50578.547    31.6813     6.4379     52.000     6.4219    24.8781     7.7287    11.0450    110.558    336.783    345.161   -0.00088    6.99060    9.99027  304.62174     6.4335   15.69968 6.5368e-02     0.2022     0.7004 0.0000e+00
        515 190.778085    0.03572     2.1432    128.593     53.507  50580.391    31.6780     6.4160     53.000     6.3975    24.8782     7.7217    11.0350    110.399    336.479    344.849   -0.00126    6.99433    9.99559  304.78423     6.4115   15.70744 6.2879e-02     0.2021     0.7176 0.0000e+00
