CTD-processing/allCTD/CNV/2013_08-30_t9_s07_cast094_5028.cnv
* Sea-Bird SBE19plus Data File:
* FileName = C:\Users\kris.holderied\Documents\kasitsna\Research-Projects-and-Data\Oceanography-AK\CTD-Data-ALL-to-2013-06-17\2013-CTD-KachBay-CookInlet\2013-08-30-CTD-HomerSpitLine-Tran9-LTM\2013-08-30-CookInlet-Tran9-HomerSpit-cast094.hex
* Software Version 1.59
* Temperature SN =  5028
* Conductivity SN =  5028
* System UpLoad Time = Apr 02 2014 16:12:37
** Cook Inlet LTM Transect 9 (Homer Spit) monthly
** Date: 30 Aug 2013
** Station: 9-07
** Start time: 12:28
** Depth (m): 98.3
** Comment:  CTD instrument time is AK Daylight time
** Comment:
# nquan = 27
# nvalues = 92                          
# units = specified
# name 0 = scan: Scan Count
# name 1 = timeJ: Julian Days
# name 2 = timeH: Time, Elapsed [hours]
# name 3 = timeM: Time, Elapsed [minutes]
# name 4 = timeS: Time, Elapsed [seconds]
# name 5 = prdM: Pressure, Strain Gauge [db]
# name 6 = specc: Specific Conductance [uS/cm]
# name 7 = sal00: Salinity, Practical [PSU]
# name 8 = tv290C: Temperature [ITS-90, deg C]
# name 9 = depSM: Depth [salt water, m], lat = 59.00
# name 10 = potemp090C: Potential Temperature [ITS-90, deg C]
# name 11 = sigma-é00: Density [sigma-theta, kg/m^3]
# name 12 = sbeox0ML/L: Oxygen, SBE 43 [ml/l]
# name 13 = sbeox0Mg/L: Oxygen, SBE 43 [mg/l]
# name 14 = sbeox0PS: Oxygen, SBE 43 [% saturation]
# name 15 = sbox0Mm/Kg: Oxygen, SBE 43 [umol/kg]
# name 16 = sbeox0Mm/L: Oxygen, SBE 43 [umol/l]
# name 17 = sbox0dV/dT: Oxygen, SBE 43 [dov/dt]
# name 18 = oxsolML/L: Oxygen Saturation, Garcia & Gordon [ml/l]
# name 19 = oxsolMg/L: Oxygen Saturation, Garcia & Gordon [mg/l]
# name 20 = oxsolMm/Kg: Oxygen Saturation, Garcia & Gordon [umol/kg]
# name 21 = potemp090C: Potential Temperature [ITS-90, deg C]
# name 22 = n2satMg/L: Nitrogen Saturation [mg/l]
# name 23 = par: PAR/Irradiance, Biospherical/Licor
# name 24 = flECO-AFL: Fluorescence, WET Labs ECO-AFL/FL [mg/m^3]
# name 25 = turbWETntu0: Turbidity, WET Labs ECO [NTU]
# name 26 = flag: flag
# span 0 =        340,        596       
# span 1 = 242.520866, 242.521605       
# span 2 =    0.02356,    0.04130       
# span 3 =     1.4135,     2.4779       
# span 4 =     84.810,    148.674       
# span 5 =      1.009,     92.889       
# span 6 =  44102.142,  49300.961       
# span 7 =    27.8573,    31.2084       
# span 8 =     9.1251,    11.3134       
# span 9 =      1.000,     92.000       
# span 10 =     9.1147,    11.3049      
# span 11 =    21.1677,    24.1329      
# span 12 =     6.2274,     6.7400      
# span 13 =     8.8996,     9.6321      
# span 14 =     95.498,    104.921      
# span 15 =    271.685,    294.769      
# span 16 =    278.116,    301.008      
# span 17 =   -0.02050,    0.00602      
# span 18 =    6.40669,    6.59617      
# span 19 =    9.15580,    9.42659      
# span 20 =  280.07092,  287.64332      
# span 21 =     9.1155,    11.3133      
# span 22 =   14.54032,   14.89121      
# span 23 = 5.7545e-02, 1.9080e+02      
# span 24 =     0.1469,     2.1060      
# span 25 =     0.4309,     2.5416      
# span 26 = 0.0000e+00, 0.0000e+00      
# interval = meters: 1                  
# start_time = Aug 30 2013 12:28:38 [Instrument's time stamp, header]
# bad_flag = -9.990e-29
*END*
        340 242.520866    0.02356     1.4135     84.810      1.009  44102.142    27.8573    11.3134      1.000    11.3049    21.1677     6.7400     9.6321    104.921    294.769    301.008    0.00179    6.42389    9.18039  280.94412    11.3133   14.58441 1.9080e+02     0.9247     2.5416 0.0000e+00
        345 242.520881    0.02392     1.4353     86.118      2.019  44457.159    28.1039    11.2994      2.000    11.2944    21.3614     6.7169     9.5992    104.694    293.704    299.978    0.00046    6.41581    9.16883  280.53736    11.2992   14.56392 1.1868e+02     1.1846     1.6741 0.0000e+00
        349 242.520892    0.02419     1.4513     87.076      3.028  44907.013    28.4157    11.2738      3.000    11.2029    21.6078     6.7065     9.5843    104.681    293.178    299.513    0.00025    6.40669    9.15580  280.07092    11.2735   14.54032 8.4955e+01     1.4210     1.3970 0.0000e+00
        353 242.520902    0.02442     1.4652     87.912      4.037  45434.696    28.7689    11.1151      4.000    10.9340    21.9090     6.6916     9.5630    104.326    292.440    298.847   -0.00091    6.41431    9.16669  280.32125    11.1146   14.55086 6.3465e+01     1.6349     1.2548 0.0000e+00
        356 242.520911    0.02464     1.4788     88.725      5.047  46128.800    29.2242    10.8163      5.000    10.6451    22.3130     6.6298     9.4746    102.995    289.624    296.085   -0.00546    6.43726    9.19948  281.21290    10.8158   14.59169 4.7027e+01     1.8784     1.1894 0.0000e+00
        359 242.520921    0.02488     1.4927     89.560      6.057  46673.941    29.5778    10.5506      6.000    10.4476    22.6323     6.5462     9.3553    101.339    285.886    292.355   -0.01104    6.45989    9.23183  282.11374    10.5500   14.63338 3.4595e+01     2.1060     1.2164 0.0000e+00
        363 242.520931    0.02512     1.5069     90.412      7.066  47088.458    29.8493    10.3813      7.000    10.2722    22.8716     6.5335     9.3371    100.944    285.265    291.789   -0.01103    6.47252    9.24988  282.59926    10.3805   14.65550 2.5897e+01     2.0950     1.2657 0.0000e+00
        366 242.520940    0.02535     1.5206     91.233      8.076  47578.008    30.1710    10.1939      8.000    10.0691    23.1528     6.5350     9.3392    100.762    285.250    291.854   -0.00959    6.48571    9.26872  283.09698    10.1931   14.67801 1.9883e+01     1.8326     1.0885 0.0000e+00
        369 242.520949    0.02556     1.5336     92.016      9.085  48005.532    30.4485    10.0055      9.000     9.9138    23.3996     6.4725     9.2498     99.564    282.451    289.059   -0.01210    6.50094    9.29050  283.69368    10.0045   14.70542 1.5780e+01     1.3911     0.8877 0.0000e+00
        372 242.520958    0.02576     1.5460     92.763     10.094  48261.746    30.6130     9.8814     10.000     9.8303    23.5478     6.3635     9.0940     97.724    277.654    284.192   -0.01693    6.51179    9.30599  284.12564     9.8803   14.72542 1.2937e+01     1.0232     0.7571 0.0000e+00
        375 242.520966    0.02596     1.5579     93.474     11.103  48388.947    30.6940     9.8168     11.000     9.7858    23.6214     6.2715     8.9626     96.225    273.621    280.084   -0.02022    6.51764    9.31435  284.36043     9.8156   14.73632 1.0807e+01     0.8095     0.6879 0.0000e+00
        378 242.520974    0.02615     1.5693     94.157     12.113  48473.052    30.7478     9.7771     12.000     9.7519    23.6697     6.2274     8.8996     95.498    271.685    278.116   -0.02050    6.52107    9.31926  284.49680     9.7758   14.74262 9.0621e+00     0.6817     0.6344 0.0000e+00
        380 242.520982    0.02634     1.5802     94.815     13.123  48545.485    30.7944     9.7469     13.000     9.7296    23.7109     6.2361     8.9121     95.596    272.055    278.506   -0.01769    6.52345    9.32267  284.58944     9.7455   14.74686 7.6843e+00     0.6034     0.6043 0.0000e+00
        383 242.520989    0.02652     1.5912     95.471     14.133  48594.794    30.8263     9.7285     14.000     9.7203    23.7388     6.2737     8.9658     96.153    273.687    280.185   -0.01353    6.52475    9.32452  284.63819     9.7271   14.74907 6.5897e+00     0.5166     0.5831 0.0000e+00
        386 242.520997    0.02671     1.6023     96.136     15.143  48631.828    30.8508     9.7203     15.000     9.7183    23.7593     6.3179     9.0289     96.827    275.607    282.155   -0.00933    6.52491    9.32475  284.63963     9.7187   14.74904 5.6551e+00     0.4557     0.5638 0.0000e+00
        388 242.521005    0.02689     1.6134     96.801     16.152  48666.219    30.8747     9.7203     16.000     9.7204    23.7778     6.3600     9.0890     97.487    277.440    284.037   -0.00571    6.52390    9.32330  284.59038     9.7187   14.74659 4.8755e+00     0.4105     0.5525 0.0000e+00
        391 242.521012    0.02707     1.6241     97.445     17.161  48683.796    30.8869     9.7226     17.000     9.7220    23.7871     6.3971     9.1420     98.068    279.053    285.692   -0.00295    6.52307    9.32211  284.55137     9.7208   14.74467 4.2351e+00     0.3656     0.5519 0.0000e+00
        393 242.521019    0.02724     1.6346     98.078     18.171  48694.885    30.8944     9.7243     18.000     9.7239    23.7927     6.4319     9.1918     98.611    280.572    287.247   -0.00063    6.52251    9.32132  284.52558     9.7223   14.74341 3.6833e+00     0.3380     0.5342 0.0000e+00
        396 242.521027    0.02742     1.6452     98.711     19.180  48705.735    30.9020     9.7267     19.000     9.7280    23.7982     6.4620     9.2348     99.082    281.883    288.592    0.00114    6.52185    9.32038  284.49528     9.7246   14.74193 3.2181e+00     0.3205     0.5070 0.0000e+00
        398 242.521034    0.02760     1.6558     99.349     20.190  48714.947    30.9086     9.7314     20.000     9.7345    23.8027     6.4887     9.2730     99.507    283.049    289.786    0.00250    6.52089    9.31901  284.45239     9.7292   14.73985 2.8147e+00     0.3024     0.4825 0.0000e+00
        401 242.521042    0.02778     1.6666     99.998     21.199  48720.376    30.9130     9.7386     21.000     9.7427    23.8050     6.5161     9.3121     99.945    284.241    291.008    0.00369    6.51967    9.31727  284.39863     9.7363   14.73726 2.4717e+00     0.2932     0.4732 0.0000e+00
        404 242.521049    0.02796     1.6775    100.647     22.209  48723.229    30.9157     9.7470     22.000     9.7502    23.8057     6.5444     9.3525    100.400    285.477    292.273    0.00483    6.51835    9.31538  284.34088     9.7447   14.73448 2.1742e+00     0.2915     0.4685 0.0000e+00
        406 242.521057    0.02814     1.6882    101.292     23.218  48726.712    30.9185     9.7539     23.000     9.7538    23.8068     6.5687     9.3874    100.791    286.541    293.363    0.00562    6.51725    9.31381  284.29253     9.7514   14.73216 1.9188e+00     0.2950     0.4447 0.0000e+00
        409 242.521064    0.02831     1.6990    101.939     24.227  48727.466    30.9189     9.7557     24.000     9.7475    23.8069     6.5887     9.4159    101.101    287.409    294.252    0.00599    6.51698    9.31341  284.28033     9.7531   14.73158 1.6982e+00     0.2970     0.4309 0.0000e+00
        411 242.521072    0.02850     1.7098    102.591     25.237  48722.580    30.9140     9.7476     25.000     9.7263    23.8044     6.6047     9.4387    101.324    288.105    294.963    0.00602    6.51834    9.31537  284.34074     9.7449   14.73449 1.5003e+00     0.2944     0.4310 0.0000e+00
        414 242.521079    0.02868     1.7207    103.244     26.247  48731.739    30.9167     9.7219     26.000     9.6950    23.8106     6.6133     9.4510    101.400    288.478    295.347    0.00552    6.52191    9.32047  284.49479     9.7191   14.74184 1.3256e+00     0.2798     0.4414 0.0000e+00
        417 242.521087    0.02886     1.7316    103.899     27.257  48757.616    30.9304     9.6907     27.000     9.6694    23.8263     6.6091     9.4452    101.277    288.296    295.165    0.00438    6.52582    9.32605  284.66085     9.6878   14.74973 1.1667e+00     0.2632     0.4567 0.0000e+00
        419 242.521095    0.02904     1.7425    104.553     28.266  48774.277    30.9387     9.6673     28.000     9.6476    23.8365     6.5955     9.4256    101.021    287.696    294.553    0.00284    6.52884    9.33036  284.78949     9.6643   14.75585 1.0264e+00     0.2477     0.4774 0.0000e+00
        422 242.521102    0.02923     1.7535    105.208     29.275  48785.698    30.9435     9.6452     29.000     9.6241    23.8437     6.5845     9.4100    100.807    287.218    294.066    0.00161    6.53182    9.33462  284.91750     9.6421   14.76195 9.0277e-01     0.2372     0.5011 0.0000e+00
        424 242.521109    0.02940     1.7644    105.861     30.286  48799.120    30.9494     9.6219     30.000     9.5998    23.8521     6.5795     9.4028    100.683    286.997    293.842    0.00088    6.53493    9.33906  285.05090     9.6186   14.76830 7.9119e-01     0.2290     0.5228 0.0000e+00
        427 242.521117    0.02958     1.7752    106.514     31.295  48817.651    30.9589     9.5975     31.000     9.5782    23.8633     6.5766     9.3985    100.589    286.863    293.709    0.00037    6.53804    9.34351  285.18329     9.5942   14.77460 6.9224e-01     0.2212     0.5436 0.0000e+00
        430 242.521125    0.02977     1.7862    107.174     32.304  48839.252    30.9711     9.5785     32.000     9.5671    23.8760     6.5765     9.3985    100.554    286.857    293.706    0.00011    6.54026    9.34669  285.27698     9.5751   14.77903 6.0561e-01     0.2028     0.5689 0.0000e+00
        432 242.521132    0.02995     1.7973    107.839     33.314  48853.540    30.9795     9.5686     33.000     9.5622    23.8840     6.5797     9.4031    100.587    286.997    293.852    0.00014    6.54134    9.34824  285.32188     9.5651   14.78115 5.2829e-01     0.1934     0.5905 0.0000e+00
        435 242.521140    0.03014     1.8084    108.506     34.324  48860.983    30.9838     9.5650     34.000     9.5589    23.8880     6.5837     9.4087    100.642    287.167    294.027    0.00029    6.54168    9.34871  285.33518     9.5614   14.78176 4.6229e-01     0.2016     0.6012 0.0000e+00
        438 242.521148    0.03033     1.8197    109.183     35.333  48866.810    30.9870     9.5615     35.000     9.5542    23.8910     6.5839     9.4091    100.640    287.175    294.036    0.00022    6.54205    9.34924  285.35052     9.5578   14.78249 4.0603e-01     0.2025     0.5908 0.0000e+00
        441 242.521156    0.03053     1.8312    109.875     36.344  48872.867    30.9902     9.5566     36.000     9.5474    23.8943     6.5859     9.4120    100.662    287.264    294.128    0.00017    6.54264    9.35009  285.37541     9.5527   14.78366 3.5661e-01     0.2016     0.5798 0.0000e+00
        443 242.521164    0.03071     1.8430    110.581     37.352  48880.629    30.9942     9.5487     37.000     9.5372    23.8987     6.5942     9.4237    100.773    287.622    294.496    0.00047    6.54359    9.35145  285.41565     9.5448   14.78557 3.1410e-01     0.2067     0.5836 0.0000e+00
        446 242.521172    0.03091     1.8548    111.286     38.362  48889.878    30.9988     9.5380     38.000     9.5250    23.9041     6.6005     9.4327    100.848    287.894    294.776    0.00069    6.54495    9.35339  285.47343     9.5339   14.78832 2.7782e-01     0.2246     0.6085 0.0000e+00
        449 242.521180    0.03110     1.8663    111.978     39.371  48897.149    31.0018     9.5247     39.000     9.5072    23.9085     6.6013     9.4339    100.833    287.930    294.813    0.00049    6.54674    9.35595  285.55055     9.5205   14.79199 2.4616e-01     0.2262     0.6399 0.0000e+00
        452 242.521188    0.03130     1.8777    112.665     40.381  48909.973    31.0079     9.5056     40.000     9.4863    23.9162     6.6015     9.4342    100.798    287.937    294.824    0.00026    6.54925    9.35953  285.65752     9.5013   14.79708 2.1802e-01     0.2122     0.6679 0.0000e+00
        454 242.521196    0.03149     1.8891    113.347     41.391  48928.365    31.0177     9.4853     41.000     9.4695    23.9271     6.6005     9.4328    100.744    287.892    294.780   -0.00001    6.55178    9.36315  285.76494     9.4809   14.80217 1.9324e-01     0.1991     0.6841 0.0000e+00
        457 242.521204    0.03168     1.9004    114.021     42.401  48944.623    31.0267     9.4708     42.000     9.4596    23.9365     6.5979     9.4290    100.677    287.772    294.660   -0.00031    6.55349    9.36559  285.83684     9.4664   14.80557 1.7210e-01     0.1936     0.6868 0.0000e+00
        460 242.521211    0.03186     1.9116    114.696     43.411  48955.026    31.0325     9.4623     43.000     9.4525    23.9423     6.5958     9.4260    100.630    287.680    294.567   -0.00048    6.55447    9.36699  285.87802     9.4578   14.80752 1.5428e-01     0.1972     0.6797 0.0000e+00
        462 242.521219    0.03204     1.9228    115.371     44.420  48963.883    31.0374     9.4554     44.000     9.4462    23.9472     6.5939     9.4234    100.589    287.596    294.483   -0.00061    6.55527    9.36814  285.91170     9.4507   14.80911 1.3914e-01     0.1895     0.6740 0.0000e+00
        465 242.521228    0.03223     1.9341    116.045     45.429  48970.965    31.0412     9.4494     45.000     9.4394    23.9511     6.5953     9.4254    100.600    287.657    294.547   -0.00058    6.55598    9.36915  285.94139     9.4447   14.81052 1.2671e-01     0.1789     0.6706 0.0000e+00
        468 242.521235    0.03242     1.9454    116.721     46.439  48978.553    31.0450     9.4420     46.000     9.4310    23.9554     6.6003     9.4325    100.662    287.873    294.768   -0.00034    6.55689    9.37044  285.97971     9.4372   14.81233 1.1607e-01     0.1832     0.6706 0.0000e+00
        471 242.521243    0.03261     1.9566    117.393     47.449  48987.632    31.0499     9.4339     47.000     9.4241    23.9604     6.6054     9.4398    100.725    288.095    294.997   -0.00010    6.55787    9.37184  286.02118     9.4289   14.81429 1.0705e-01     0.1924     0.6800 0.0000e+00
        473 242.521251    0.03280     1.9677    118.064     48.459  48994.932    31.0538     9.4279     48.000     9.4199    23.9644     6.6066     9.4415    100.733    288.146    295.051   -0.00009    6.55856    9.37284  286.05048     9.4228   14.81568 9.9669e-02     0.1969     0.6913 0.0000e+00
        476 242.521259    0.03299     1.9791    118.744     49.468  48998.789    31.0556     9.4242     49.000     9.4163    23.9664     6.6044     9.4384    100.692    288.049    294.953   -0.00025    6.55902    9.37350  286.06985     9.4190   14.81660 9.3432e-02     0.1883     0.6966 0.0000e+00
        479 242.521266    0.03317     1.9905    119.428     50.478  49002.425    31.0572     9.4205     50.000     9.4119    23.9683     6.6022     9.4351    100.650    287.950    294.852   -0.00043    6.55948    9.37416  286.08947     9.4152   14.81753 8.8042e-02     0.1882     0.7054 0.0000e+00
        481 242.521274    0.03336     2.0018    120.106     51.488  49007.571    31.0598     9.4159     51.000     9.4061    23.9710     6.6023     9.4354    100.645    287.958    294.860   -0.00045    6.56004    9.37496  286.11310     9.4106   14.81865 8.3266e-02     0.1901     0.7087 0.0000e+00
        484 242.521282    0.03355     2.0130    120.780     52.498  49015.210    31.0639     9.4099     52.000     9.3993    23.9752     6.6032     9.4367    100.648    287.997    294.901   -0.00041    6.56075    9.37597  286.14270     9.4044   14.82005 7.9429e-02     0.1868     0.7030 0.0000e+00
        487 242.521290    0.03374     2.0242    121.450     53.507  49023.621    31.0685     9.4032     53.000     9.3928    23.9799     6.6030     9.4364    100.632    287.984    294.890   -0.00046    6.56152    9.37707  286.17515     9.3976   14.82158 7.6406e-02     0.1728     0.7093 0.0000e+00
