CTD-processing/allCTD/CNV/2013_11-06_t6_s14_cast143_5028.cnv
* Sea-Bird SBE19plus Data File:
* FileName = C:\Users\kris.holderied\Documents\kasitsna\Research-Projects-and-Data\Oceanography-AK\CTD-CookInlet-GulfWatchAK\2013-10-11-EVOSTC-CookInlet-Ocean\2013-11-06-CookInlet-Tran6-Douglas\2013-11-06-CookInlet-Tran6-cast143.hex
* Software Version 1.59
* Temperature SN =  5028
* Conductivity SN =  5028
* System UpLoad Time = Feb 14 2014 17:22:17
** Cook Inlet Transect 6 (Douglas) east to west
** Date: 2013-11-06
** Station: 6-14
** Start time: 12:32
** Depth (m): 138
** Comment:  CTD instrument time is AK Daylight time *1 hour off*
** Comment:
# nquan = 27
# nvalues = 113                         
# units = specified
# name 0 = scan: Scan Count
# name 1 = timeJ: Julian Days
# name 2 = timeH: Time, Elapsed [hours]
# name 3 = timeM: Time, Elapsed [minutes]
# name 4 = timeS: Time, Elapsed [seconds]
# name 5 = prdM: Pressure, Strain Gauge [db]
# name 6 = specc: Specific Conductance [uS/cm]
# name 7 = sal00: Salinity, Practical [PSU]
# name 8 = tv290C: Temperature [ITS-90, deg C]
# name 9 = depSM: Depth [salt water, m], lat = 59.00
# name 10 = potemp090C: Potential Temperature [ITS-90, deg C]
# name 11 = sigma-é00: Density [sigma-theta, kg/m^3]
# name 12 = sbeox0ML/L: Oxygen, SBE 43 [ml/l]
# name 13 = sbeox0Mg/L: Oxygen, SBE 43 [mg/l]
# name 14 = sbeox0PS: Oxygen, SBE 43 [% saturation]
# name 15 = sbox0Mm/Kg: Oxygen, SBE 43 [umol/kg]
# name 16 = sbeox0Mm/L: Oxygen, SBE 43 [umol/l]
# name 17 = sbox0dV/dT: Oxygen, SBE 43 [dov/dt]
# name 18 = oxsolML/L: Oxygen Saturation, Garcia & Gordon [ml/l]
# name 19 = oxsolMg/L: Oxygen Saturation, Garcia & Gordon [mg/l]
# name 20 = oxsolMm/Kg: Oxygen Saturation, Garcia & Gordon [umol/kg]
# name 21 = potemp090C: Potential Temperature [ITS-90, deg C]
# name 22 = n2satMg/L: Nitrogen Saturation [mg/l]
# name 23 = par: PAR/Irradiance, Biospherical/Licor
# name 24 = flECO-AFL: Fluorescence, WET Labs ECO-AFL/FL [mg/m^3]
# name 25 = turbWETntu0: Turbidity, WET Labs ECO [NTU]
# name 26 = flag: flag
# span 0 =         56,        715       
# span 1 = 310.563562, 310.565469       
# span 2 =    0.00381,    0.04958       
# span 3 =     0.2286,     2.9752       
# span 4 =     13.715,    178.511       
# span 5 =      1.009,    114.099       
# span 6 =  44069.470,  51313.620       
# span 7 =    27.7442,    32.2905       
# span 8 =     7.1285,     8.4778       
# span 9 =      1.000,    113.000       
# span 10 =     7.1169,     8.4769      
# span 11 =    21.5854,    25.2692      
# span 12 =     5.8705,     6.6745      
# span 13 =     8.3894,     9.5386      
# span 14 =     85.672,     98.802      
# span 15 =    255.709,    291.009      
# span 16 =    262.171,    298.084      
# span 17 =   -0.00727,    0.01678      
# span 18 =    6.70670,    6.95109      
# span 19 =    9.58456,    9.93381      
# span 20 =  292.41857,  304.05141      
# span 21 =     7.1182,     8.4775      
# span 22 =   15.11973,   15.68862      
# span 23 = 3.9529e-02, 6.2727e+01      
# span 24 =    -0.0055,     0.3787      
# span 25 =     0.3635,     3.3523      
# span 26 = 0.0000e+00, 0.0000e+00      
# interval = meters: 1                  
# start_time = Nov 06 2013 13:31:18 [Instrument's time stamp, header]
# bad_flag = -9.990e-29
*END*
         56 310.563562    0.00381     0.2286     13.715      1.009  44069.470    27.7442     7.9170      1.000     8.1312    21.5854     6.4781     9.2579     93.224    283.354    289.312    0.00369    6.95109    9.93381  304.05141     7.9169   15.68862 6.2727e+01    -0.0055     3.3523 0.0000e+00
        164 310.563876    0.01135     0.6810     40.858      2.019  49357.811    31.1294     8.3825      2.000     8.3510    24.1822     5.9864     8.5551     89.270    261.007    267.351    0.00269    6.70670    9.58456  292.41857     8.3824   15.11973 6.2535e+01     0.3769     0.5813 0.0000e+00
        319 310.564324    0.02211     1.3265     79.588      3.028  48832.146    30.8260     8.4778      3.000     8.4769    23.9293     6.1522     8.7922     91.702    268.338    274.759    0.01678    6.70892    9.58772  292.61794     8.4775   15.13043 5.2074e+01     0.3344     0.3635 0.0000e+00
        312 310.564304    0.02163     1.2979     77.873      4.039  48815.481    30.8121     8.4637      4.000     8.4614    23.9204     6.1225     8.7497     91.223    267.046    273.434    0.01069    6.71168    9.59166  292.74114     8.4633   15.13637 4.4035e+01     0.3543     0.4053 0.0000e+00
        317 310.564317    0.02195     1.3172     79.033      5.047  48823.414    30.8170     8.4623      5.000     8.4646    23.9245     6.1190     8.7447     91.170    266.891    273.276    0.00819    6.71168    9.59166  292.74001     8.4618   15.13629 3.7612e+01     0.3653     0.3955 0.0000e+00
        321 310.564330    0.02223     1.3341     80.047      6.056  48825.143    30.8187     8.4689      6.000     8.4710    23.9249     6.1478     8.7858     91.613    268.144    274.559    0.00799    6.71060    9.59012  292.69272     8.4684   15.13403 3.1509e+01     0.3723     0.4075 0.0000e+00
        325 310.564339    0.02248     1.3488     80.928      7.066  48826.043    30.8195     8.4729      7.000     8.4732    23.9249     6.1958     8.8544     92.338    270.239    276.704    0.00906    6.70997    9.58921  292.66514     8.4722   15.13271 2.6291e+01     0.3729     0.4126 0.0000e+00
        328 310.564350    0.02274     1.3642     81.854      8.076  48827.594    30.8203     8.4741      8.000     8.4734    23.9254     6.2477     8.9286     93.115    272.503    279.023    0.01011    6.70974    9.58889  292.65521     8.4733   15.13223 2.3290e+01     0.3648     0.4103 0.0000e+00
        333 310.564364    0.02307     1.3840     83.037      9.086  48828.771    30.8208     8.4746      9.000     8.4739    23.9257     6.2922     8.9923     93.779    274.447    281.013    0.01015    6.70966    9.58878  292.65162     8.4737   15.13206 2.2045e+01     0.3511     0.4081 0.0000e+00
        337 310.564376    0.02336     1.4020     84.121     10.095  48831.977    30.8226     8.4749     10.000     8.4729    23.9271     6.3204     9.0324     94.200    275.672    282.268    0.00943    6.70952    9.58858  292.64511     8.4739   15.13174 2.0582e+01     0.3574     0.4082 0.0000e+00
        340 310.564385    0.02356     1.4138     84.831     11.105  48843.314    30.8299     8.4730     11.000     8.4686    23.9331     6.3653     9.0967     94.871    277.632    284.277    0.01024    6.70950    9.58855  292.64271     8.4718   15.13160 1.8598e+01     0.3599     0.4106 0.0000e+00
        343 310.564392    0.02374     1.4244     85.467     12.114  48858.954    30.8397     8.4685     12.000     8.4626    23.9414     6.4322     9.1922     95.863    280.543    287.260    0.01229    6.70975    9.58891  292.65101     8.4673   15.13195 1.6716e+01     0.3514     0.4114 0.0000e+00
        346 310.564401    0.02395     1.4369     86.214     13.123  48883.720    30.8554     8.4610     13.000     8.4520    23.9549     6.5007     9.2901     96.877    283.530    290.322    0.01415    6.71020    9.58956  292.66687     8.4597   15.13265 1.5163e+01     0.3470     0.4085 0.0000e+00
        350 310.564413    0.02424     1.4544     87.264     14.133  48946.749    30.8961     8.4406     14.000     8.4209    23.9897     6.5264     9.3269     97.242    284.641    291.469    0.01282    6.71151    9.59142  292.71389     8.4392   15.13473 1.3966e+01     0.3437     0.4071 0.0000e+00
        354 310.564425    0.02453     1.4722     88.333     15.142  49069.571    30.9746     8.3937     15.000     8.3575    24.0580     6.4954     9.2826     96.726    283.269    290.082    0.00855    6.71519    9.59667  292.85476     8.3922   15.14113 1.2830e+01     0.3538     0.4255 0.0000e+00
        357 310.564434    0.02475     1.4853     89.120     16.152  49170.456    31.0365     8.3391     16.000     8.3051    24.1145     6.4843     9.2667     96.482    282.771    289.590    0.00619    6.72075    9.60463  293.08134     8.3375   15.15170 1.1579e+01     0.3551     0.4217 0.0000e+00
        360 310.564443    0.02495     1.4973     89.838     17.161  49245.274    31.0815     8.2930     17.000     8.2609    24.1564     6.4991     9.2879     96.630    283.405    290.251    0.00578    6.72576    9.61179  293.28795     8.2914   15.16138 1.0376e+01     0.3440     0.4171 0.0000e+00
        364 310.564452    0.02518     1.5107     90.642     18.170  49310.750    31.1198     8.2460     18.000     8.2181    24.1931     6.5078     9.3003     96.680    283.771    290.637    0.00510    6.73124    9.61962  293.51616     8.2443   15.17213 9.2834e+00     0.3339     0.4174 0.0000e+00
        367 310.564463    0.02543     1.5258     91.549     19.180  49364.948    31.1505     8.2021     19.000     8.1839    24.2236     6.4998     9.2889     96.485    283.416    290.281    0.00358    6.73658    9.62725  293.74022     8.2002   15.18270 8.3662e+00     0.3301     0.4154 0.0000e+00
        371 310.564473    0.02568     1.5413     92.480     20.190  49398.445    31.1695     8.1759     20.000     8.1685    24.2422     6.4907     9.2759     96.305    283.014    289.875    0.00224    6.73972    9.63174  293.87189     8.1740   15.18891 7.6049e+00     0.3078     0.4142 0.0000e+00
        374 310.564483    0.02593     1.5559     93.355     21.199  49408.229    31.1747     8.1682     21.000     8.1639    24.2474     6.5000     9.2892     96.430    283.419    290.292    0.00219    6.74067    9.63310  293.91182     8.1662   15.19079 6.8782e+00     0.2923     0.4138 0.0000e+00
        378 310.564493    0.02616     1.5697     94.183     22.209  49411.507    31.1760     8.1647     22.000     8.1604    24.2490     6.5222     9.3208     96.752    284.385    291.281    0.00285    6.74115    9.63378  293.93236     8.1626   15.19177 6.1675e+00     0.3033     0.4148 0.0000e+00
        381 310.564502    0.02639     1.5832     94.991     23.218  49414.228    31.1769     8.1611     23.000     8.1562    24.2502     6.5479     9.3576     97.126    285.505    292.428    0.00364    6.74165    9.63450  293.95387     8.1589   15.19279 5.5051e+00     0.3147     0.4277 0.0000e+00
        384 310.564511    0.02661     1.5964     95.784     24.228  49417.837    31.1783     8.1569     24.000     8.1521    24.2519     6.5702     9.3894     97.448    286.475    293.424    0.00418    6.74223    9.63533  293.97866     8.1546   15.19397 4.9382e+00     0.3150     0.4350 0.0000e+00
        388 310.564522    0.02685     1.6108     96.650     25.237  49421.833    31.1801     8.1531     25.000     8.1481    24.2539     6.5906     9.4186     97.744    287.366    294.336    0.00445    6.74273    9.63603  293.99971     8.1507   15.19497 4.4690e+00     0.3045     0.4272 0.0000e+00
        392 310.564533    0.02714     1.6285     97.710     26.247  49425.900    31.1812     8.1449     26.000     8.1336    24.2560     6.6070     9.4421     97.969    288.079    295.067    0.00433    6.74395    9.63777  294.05210     8.1424   15.19746 4.0462e+00     0.2988     0.4210 0.0000e+00
        396 310.564545    0.02740     1.6441     98.648     27.257  49442.046    31.1893     8.1270     27.000     8.1152    24.2649     6.6100     9.4463     97.979    288.207    295.201    0.00360    6.74631    9.64115  294.15270     8.1244   15.20223 3.6147e+00     0.3129     0.4209 0.0000e+00
        398 310.564553    0.02760     1.6559     99.356     28.266  49454.985    31.1960     8.1145     28.000     8.1024    24.2719     6.6125     9.4499     97.992    288.314    295.312    0.00308    6.74794    9.64348  294.22143     8.1118   15.20549 3.2212e+00     0.3212     0.4125 0.0000e+00
        401 310.564561    0.02780     1.6680    100.081     29.276  49469.473    31.2035     8.1008     29.000     8.0883    24.2797     6.6268     9.4704     98.180    288.940    295.956    0.00318    6.74970    9.64601  294.29637     8.0979   15.20903 2.8977e+00     0.3277     0.4187 0.0000e+00
        406 310.564574    0.02811     1.6863    101.180     30.285  49493.542    31.2168     8.0809     30.000     8.0689    24.2930     6.6580     9.5150     98.606    290.294    297.347    0.00390    6.75216    9.64951  294.39958     8.0780   15.21391 2.6333e+00     0.3271     0.4221 0.0000e+00
        410 310.564587    0.02843     1.7059    102.355     31.295  49527.602    31.2359     8.0536     31.000     8.0217    24.3119     6.6745     9.5386     98.802    291.009    298.084    0.00372    6.75549    9.65427  294.53955     8.0506   15.22052 2.3707e+00     0.3267     0.4069 0.0000e+00
        413 310.564596    0.02864     1.7186    103.113     32.304  49592.571    31.2733     8.0054     32.000     7.9460    24.3481     6.6722     9.5353     98.685    290.900    297.983    0.00280    6.76123    9.66248  294.77935     8.0024   15.23181 2.1227e+00     0.3372     0.4086 0.0000e+00
        416 310.564604    0.02882     1.7293    103.761     33.314  49705.597    31.3400     7.9307     33.000     7.8661    24.4110     6.6590     9.5164     98.365    290.306    297.393    0.00138    6.76976    9.67466  295.13296     7.9276   15.24842 1.9101e+00     0.3435     0.4156 0.0000e+00
        419 310.564612    0.02902     1.7410    104.458     34.324  49837.385    31.4187     7.8490     34.000     7.8058    24.4842     6.6396     9.4886     97.946    289.437    296.524   -0.00029    6.77887    9.68768  295.50888     7.8458   15.26604 1.7272e+00     0.3334     0.4096 0.0000e+00
        422 310.564621    0.02925     1.7545    105.269     35.333  49930.933    31.4744     7.7916     35.000     7.7721    24.5359     6.6255     9.4685     97.645    288.807    295.893   -0.00141    6.78524    9.69679  295.77187     7.7883   15.27837 1.5610e+00     0.3331     0.4091 0.0000e+00
        426 310.564633    0.02952     1.7712    106.270     36.343  49980.562    31.5041     7.7638     36.000     7.7503    24.5632     6.6269     9.4704     97.623    288.861    295.956   -0.00129    6.78821    9.70103  295.89345     7.7604   15.28405 1.4126e+00     0.3466     0.4056 0.0000e+00
        431 310.564647    0.02985     1.7911    107.469     37.353  50017.531    31.5260     7.7427     37.000     7.7350    24.5834     6.6150     9.4535     97.415    288.335    295.424   -0.00167    6.79050    9.70431  295.98744     7.7392   15.28845 1.2740e+00     0.3535     0.3973 0.0000e+00
        435 310.564658    0.03011     1.8067    108.400     38.363  50029.561    31.5329     7.7359     38.000     7.7282    24.5897     6.5960     9.4263     97.125    287.508    294.577   -0.00243    6.79125    9.70538  296.01823     7.7323   15.28989 1.1370e+00     0.3595     0.4080 0.0000e+00
        437 310.564664    0.03029     1.8171    109.023     39.372  50042.535    31.5405     7.7298     39.000     7.7166    24.5965     6.5893     9.4168     97.018    287.215    294.279   -0.00254    6.79185    9.70624  296.04264     7.7261   15.29102 1.0197e+00     0.3578     0.4215 0.0000e+00
        440 310.564672    0.03046     1.8272    109.630     40.382  50067.044    31.5552     7.7177     40.000     7.6961    24.6097     6.5845     9.4099     96.929    287.000    294.063   -0.00260    6.79308    9.70798  296.09188     7.7140   15.29331 9.1889e-01     0.3491     0.4313 0.0000e+00
        442 310.564680    0.03066     1.8395    110.372     41.392  50124.028    31.5894     7.6872     41.000     7.6549    24.6410     6.5787     9.4016     96.799    286.739    293.804   -0.00271    6.79628    9.71256  296.22246     7.6834   15.29941 8.3547e-01     0.3451     0.4305 0.0000e+00
        447 310.564694    0.03100     1.8602    111.613     42.401  50244.333    31.6615     7.6176     42.000     7.5884    24.7072     6.5479     9.3576     96.238    285.377    292.428   -0.00386    6.80387    9.72341  296.53412     7.6137   15.31399 7.6375e-01     0.3615     0.4143 0.0000e+00
        452 310.564708    0.03132     1.8792    112.753     43.410  50336.918    31.7165     7.5618     43.000     7.5388    24.7581     6.4957     9.2830     95.385    283.090    290.099   -0.00587    6.81008    9.73229  296.79033     7.5578   15.32600 6.8747e-01     0.3696     0.3934 0.0000e+00
        455 310.564716    0.03152     1.8909    113.452     44.420  50378.137    31.7405     7.5360     44.000     7.5185    24.7805     6.4703     9.2467     94.970    281.976    288.963   -0.00662    6.81303    9.73651  296.91256     7.5318   15.33174 6.1906e-01     0.3698     0.4015 0.0000e+00
        457 310.564723    0.03168     1.9007    114.045     45.429  50402.563    31.7545     7.5205     45.000     7.5046    24.7936     6.4597     9.2315     94.788    281.510    288.490   -0.00657    6.81481    9.73906  296.98654     7.5163   15.33521 5.6138e-01     0.3662     0.3987 0.0000e+00
        460 310.564730    0.03186     1.9117    114.702     46.440  50425.183    31.7673     7.5059     46.000     7.4928    24.8057     6.4527     9.2216     94.663    281.202    288.178   -0.00625    6.81652    9.74148  297.05701     7.5016   15.33852 5.1105e-01     0.3600     0.3898 0.0000e+00
        464 310.564741    0.03213     1.9277    115.661     47.449  50448.602    31.7806     7.4907     47.000     7.4797    24.8183     6.4463     9.2123     94.544    280.918    287.890   -0.00564    6.81830    9.74403  297.13084     7.4863   15.34199 4.6676e-01     0.3621     0.3935 0.0000e+00
        469 310.564756    0.03249     1.9492    116.954     48.458  50475.289    31.7959     7.4736     48.000     7.4620    24.8327     6.4461     9.2121     94.514    280.907    287.883   -0.00451    6.82028    9.74686  297.21306     7.4691   15.34585 4.2377e-01     0.3787     0.4036 0.0000e+00
        473 310.564767    0.03275     1.9648    117.887     49.468  50495.606    31.8075     7.4608     49.000     7.4487    24.8436     6.4455     9.2113     94.485    280.880    287.858   -0.00390    6.82177    9.74898  297.27459     7.4562   15.34874 3.8314e-01     0.3736     0.3973 0.0000e+00
        475 310.564775    0.03295     1.9767    118.598     50.478  50513.448    31.8177     7.4498     50.000     7.4323    24.8530     6.4479     9.2146     94.502    280.980    287.963   -0.00340    6.82302    9.75077  297.32644     7.4453   15.35117 3.4736e-01     0.3721     0.3979 0.0000e+00
        478 310.564783    0.03313     1.9876    119.256     51.488  50543.117    31.8348     7.4320     51.000     7.4088    24.8690     6.4477     9.2145     94.472    280.969    287.957   -0.00308    6.82504    9.75366  297.40977     7.4273   15.35508 3.1679e-01     0.3715     0.3940 0.0000e+00
        481 310.564792    0.03333     2.0000    120.000     52.498  50590.110    31.8623     7.4037     52.000     7.3799    24.8945     6.4391     9.2022     94.302    280.588    287.573   -0.00323    6.82822    9.75821  297.54122     7.3989   15.36124 2.9008e-01     0.3687     0.3889 0.0000e+00
        485 310.564803    0.03361     2.0165    120.988     53.507  50642.634    31.8929     7.3707     53.000     7.3544    24.9230     6.4205     9.1755     93.976    279.766    286.739   -0.00374    6.83201    9.76363  297.69816     7.3659   15.36860 2.6705e-01     0.3630     0.3828 0.0000e+00
