CTD-processing/allCTD/CNV/2013_04-20_t7_s03_cast084_5028.cnv
* Sea-Bird SBE19plus Data File:
* FileName = C:\Documents and Settings\kris.holderied.local\My Documents\2012-2013-CTD-DATA-new-files\2013-04-EVOSTC-CookInlet-Ocean\2013-04-CookInlet-Tran7-Augustine\2013-04-20-CookInlet-Trans7-Cast084.hex
* Software Version 1.54
* Temperature SN =  5028
* Conductivity SN =  5028
* System UpLoad Time = Apr 20 2013 14:50:26
** Cook Inlet LTM Tran7 Augustine to Flat Island
** Date:  2013-04-20
** Station:  7-03
** Start time (AKDT-24 hr):  0700
** Depth (m): 42.6
** Comment:
** Comment:
# nquan = 27
# nvalues = 43                          
# units = specified
# name 0 = scan: Scan Count
# name 1 = timeJ: Julian Days
# name 2 = timeH: Time, Elapsed [hours]
# name 3 = timeM: Time, Elapsed [minutes]
# name 4 = timeS: Time, Elapsed [seconds]
# name 5 = prdM: Pressure, Strain Gauge [db]
# name 6 = specc: Specific Conductance [uS/cm]
# name 7 = sal00: Salinity, Practical [PSU]
# name 8 = tv290C: Temperature [ITS-90, deg C]
# name 9 = depSM: Depth [salt water, m], lat = 59.00
# name 10 = potemp090C: Potential Temperature [ITS-90, deg C]
# name 11 = sigma-é00: Density [sigma-theta, kg/m^3]
# name 12 = sbeox0ML/L: Oxygen, SBE 43 [ml/l]
# name 13 = sbeox0Mg/L: Oxygen, SBE 43 [mg/l]
# name 14 = sbeox0PS: Oxygen, SBE 43 [% saturation]
# name 15 = sbox0Mm/Kg: Oxygen, SBE 43 [umol/kg]
# name 16 = sbeox0Mm/L: Oxygen, SBE 43 [umol/l]
# name 17 = sbox0dV/dT: Oxygen, SBE 43 [dov/dt]
# name 18 = oxsolML/L: Oxygen Saturation, Garcia & Gordon [ml/l]
# name 19 = oxsolMg/L: Oxygen Saturation, Garcia & Gordon [mg/l]
# name 20 = oxsolMm/Kg: Oxygen Saturation, Garcia & Gordon [umol/kg]
# name 21 = potemp090C: Potential Temperature [ITS-90, deg C]
# name 22 = n2satMg/L: Nitrogen Saturation [mg/l]
# name 23 = par: PAR/Irradiance, Biospherical/Licor
# name 24 = flECO-AFL: Fluorescence, WET Labs ECO-AFL/FL [mg/m^3]
# name 25 = turbWETntu0: Turbidity, WET Labs ECO [NTU]
# name 26 = flag: flag
# span 0 =         69,        451       
# span 1 = 110.293311, 110.294415       
# span 2 =    0.00473,    0.03123       
# span 3 =     0.2841,     1.8738       
# span 4 =     17.044,    112.426       
# span 5 =      1.010,     43.410       
# span 6 =  49659.267,  51947.837       
# span 7 =    30.1255,    31.5872       
# span 8 =     1.8278,     2.0828       
# span 9 =      1.000,     43.000       
# span 10 =     1.8792,     2.0808      
# span 11 =    24.0771,    25.2374      
# span 12 =     7.5537,     8.4608      
# span 13 =    10.7950,    12.0915      
# span 14 =     95.482,    108.764      
# span 15 =    329.495,    368.584      
# span 16 =    337.349,    377.862      
# span 17 =    0.00088,    0.01282      
# span 18 =    7.77919,    7.91293      
# span 19 =   11.11725,   11.30837      
# span 20 =  338.88833,  345.16708      
# span 21 =     1.8277,     2.0806      
# span 22 =   17.33017,   17.63326      
# span 23 = 3.7912e-02, 1.0126e+01      
# span 24 =     0.3743,     0.7050      
# span 25 =     1.4867,     1.7161      
# span 26 = 0.0000e+00, 0.0000e+00      
# interval = meters: 1                  
# start_time = Apr 20 2013 07:02:05 [Instrument's time stamp, header]
# bad_flag = -9.990e-29
*END*
         69 110.293311    0.00473     0.2841     17.044      1.010  49659.267    30.1255     1.8278      1.000     1.8792    24.0771     7.5537    10.7950     95.482    329.495    337.349    0.01077    7.91293   11.30837  345.16708     1.8277   17.63326 1.0126e+01     0.3743     1.5867 0.0000e+00
        326 110.294054    0.02258     1.3548     81.286      2.019  51947.837    31.5872     2.0149      2.000     2.0096    25.2374     7.7452    11.0687     99.447    337.380    345.900    0.01047    7.78767   11.12936  339.22788     2.0148   17.34602 7.5453e+00     0.5997     1.4867 0.0000e+00
        311 110.294011    0.02154     1.2925     77.549      3.028  51763.184    31.4693     2.0014      3.000     2.0024    25.1438     7.7044    11.0104     98.807    335.640    344.079    0.00733    7.79749   11.14339  339.69471     2.0012   17.36860 5.5546e+00     0.6957     1.5034 0.0000e+00
        315 110.294023    0.02183     1.3095     78.572      4.038  51757.975    31.4653     2.0014      4.000     1.9989    25.1405     7.6974    11.0004     98.714    335.336    343.767    0.00598    7.79769   11.14368  339.70440     2.0012   17.36909 4.0211e+00     0.6974     1.5304 0.0000e+00
        319 110.294033    0.02207     1.3245     79.470      5.047  51761.324    31.4657     1.9971      5.000     1.9955    25.1412     7.6923    10.9931     98.638    335.113    343.538    0.00492    7.79851   11.14485  339.74012     1.9969   17.37078 3.0509e+00     0.7042     1.5528 0.0000e+00
        322 110.294043    0.02232     1.3390     80.340      6.056  51767.656    31.4691     1.9960      6.000     1.9968    25.1440     7.7007    11.0050     98.745    335.478    343.912    0.00450    7.79855   11.14492  339.74107     1.9957   17.37081 2.3722e+00     0.7050     1.5452 0.0000e+00
        326 110.294054    0.02256     1.3535     81.209      7.067  51766.747    31.4685     1.9980      7.000     1.9978    25.1434     7.7312    11.0487     99.142    336.808    345.276    0.00489    7.79819   11.14440  339.72554     1.9976   17.37007 1.8647e+00     0.6928     1.5278 0.0000e+00
        329 110.294063    0.02280     1.3678     82.067      8.076  51772.233    31.4718     1.9985      8.000     2.0027    25.1460     7.7814    11.1203     99.788    338.992    347.516    0.00594    7.79792   11.14400  339.71249     1.9981   17.36944 1.4792e+00     0.6761     1.5150 0.0000e+00
        333 110.294073    0.02304     1.3822     82.932      9.085  51790.730    31.4876     2.0120      9.000     2.0257    25.1577     7.8499    11.2182    100.712    341.973    350.576    0.00754    7.79441   11.13898  339.55563     2.0116   17.36193 1.1880e+00     0.6878     1.5031 0.0000e+00
        336 110.294084    0.02328     1.3970     83.821     10.094  51780.996    31.4872     2.0352     10.000     2.0437    25.1558     7.9333    11.3375    101.842    345.607    354.302    0.00954    7.78984   11.13246  339.35749     2.0348   17.35253 9.5714e-01     0.6770     1.5114 0.0000e+00
        340 110.294093    0.02352     1.4116     84.695     11.104  51775.616    31.4873     2.0495     11.000     2.0545    25.1548     7.9976    11.4294    102.705    348.410    357.174    0.01061    7.78702   11.12844  339.23504     2.0490   17.34672 7.6720e-01     0.6589     1.5327 0.0000e+00
        343 110.294103    0.02375     1.4253     85.517     12.114  51774.606    31.4885     2.0580     12.000     2.0616    25.1552     8.0537    11.5096    103.448    350.854    359.679    0.01124    7.78527   11.12594  339.15870     2.0575   17.34309 6.1290e-01     0.6512     1.5640 0.0000e+00
        346 110.294113    0.02398     1.4384     86.305     13.123  51773.961    31.4894     2.0645     13.000     2.0670    25.1555     8.1190    11.6028    104.304    353.697    362.595    0.01217    7.78396   11.12407  339.10171     2.0638   17.34038 4.8735e-01     0.6529     1.5971 0.0000e+00
        349 110.294121    0.02420     1.4519     87.117     14.133  51772.773    31.4894     2.0691     14.000     2.0708    25.1552     8.1802    11.6902    105.102    356.361    365.325    0.01282    7.78304   11.12275  339.06163     2.0685   17.33848 3.8886e-01     0.6599     1.6087 0.0000e+00
        353 110.294132    0.02444     1.4663     87.976     15.142  51772.459    31.4898     2.0730     15.000     2.0738    25.1551     8.2197    11.7468    105.621    358.084    367.092    0.01260    7.78228   11.12165  339.02823     2.0722   17.33689 3.0938e-01     0.6468     1.6108 0.0000e+00
        356 110.294142    0.02468     1.4811     88.869     16.151  51771.932    31.4896     2.0754     16.000     2.0753    25.1548     8.2417    11.7782    105.910    359.042    368.074    0.01166    7.78180   11.12096  339.00745     2.0746   17.33591 2.4717e-01     0.6499     1.6167 0.0000e+00
        360 110.294152    0.02493     1.4958     89.746     17.161  51771.785    31.4892     2.0765     17.000     2.0758    25.1545     8.2626    11.8080    106.181    359.953    369.008    0.01084    7.78162   11.12071  338.99962     2.0757   17.33554 1.9712e-01     0.6602     1.6210 0.0000e+00
        363 110.294162    0.02516     1.5098     90.589     18.171  51772.779    31.4894     2.0766     18.000     2.0759    25.1547     8.2844    11.8393    106.462    360.903    369.982    0.01019    7.78157   11.12064  338.99763     2.0757   17.33545 1.5829e-01     0.6539     1.6161 0.0000e+00
        367 110.294171    0.02539     1.5234     91.406     19.181  51775.760    31.4910     2.0771     19.000     2.0770    25.1559     8.3118    11.8784    106.817    362.097    371.206    0.00984    7.78139   11.12038  338.98913     2.0762   17.33504 1.2746e-01     0.6352     1.6170 0.0000e+00
        370 110.294181    0.02562     1.5370     92.220     20.190  51778.244    31.4925     2.0785     20.000     2.0784    25.1570     8.3450    11.9258    107.248    363.540    372.686    0.00975    7.78102   11.11986  338.97300     2.0775   17.33427 1.0299e-01     0.6194     1.6299 0.0000e+00
        373 110.294191    0.02584     1.5509     93.051     21.200  51778.851    31.4928     2.0799     21.000     2.0792    25.1571     8.3735    11.9666    107.619    364.783    373.961    0.00954    7.78074   11.11946  338.96076     2.0788   17.33368 8.4028e-02     0.6136     1.6372 0.0000e+00
        377 110.294200    0.02609     1.5652     93.914     22.209  51779.146    31.4925     2.0801     22.000     2.0782    25.1569     8.3852    11.9833    107.769    365.293    374.483    0.00871    7.78073   11.11944  338.95998     2.0790   17.33365 6.9733e-02     0.5963     1.6291 0.0000e+00
        380 110.294210    0.02633     1.5798     94.788     23.218  51780.309    31.4923     2.0784     23.000     2.0759    25.1568     8.3924    11.9935    107.856    365.606    374.803    0.00776    7.78107   11.11994  338.97536     2.0773   17.33437 5.8791e-02     0.5981     1.6183 0.0000e+00
        384 110.294221    0.02657     1.5942     95.650     24.228  51784.325    31.4938     2.0763     24.000     2.0744    25.1582     8.3982    12.0018    107.926    365.858    375.062    0.00693    7.78139   11.12039  338.98871     2.0752   17.33500 5.0910e-02     0.5994     1.6240 0.0000e+00
        387 110.294230    0.02680     1.6078     96.468     25.237  51788.124    31.4955     2.0752     25.000     2.0732    25.1596     8.4014    12.0064    107.966    365.997    375.206    0.00616    7.78153   11.12059  338.99410     2.0740   17.33525 4.5377e-02     0.5941     1.6409 0.0000e+00
        390 110.294238    0.02700     1.6200     97.197     26.247  51792.178    31.4973     2.0739     26.000     2.0720    25.1612     8.4088    12.0170    108.059    366.320    375.538    0.00568    7.78168   11.12080  339.00010     2.0727   17.33553 4.2698e-02     0.5962     1.6579 0.0000e+00
        393 110.294247    0.02721     1.6325     97.948     27.257  51795.301    31.4986     2.0731     27.000     2.0717    25.1623     8.4198    12.0328    108.199    366.800    376.029    0.00538    7.78177   11.12092  339.00365     2.0718   17.33570 4.6932e-02     0.5953     1.6653 0.0000e+00
        396 110.294256    0.02744     1.6463     98.778     28.266  51800.037    31.5013     2.0732     28.000     2.0725    25.1644     8.4298    12.0470    108.329    367.232    376.474    0.00504    7.78161   11.12071  338.99626     2.0718   17.33533 7.9339e-02     0.5774     1.6539 0.0000e+00
        400 110.294267    0.02768     1.6609     99.656     29.276  51806.129    31.5053     2.0748     29.000     2.0744    25.1675     8.4324    12.0508    108.371    367.346    376.591    0.00446    7.78109   11.11995  338.97235     2.0734   17.33418 9.7178e-02     0.5893     1.6553 0.0000e+00
        403 110.294277    0.02794     1.6760    100.560     30.285  51807.409    31.5061     2.0763     30.000     2.0753    25.1681     8.4391    12.0602    108.461    367.635    376.887    0.00406    7.78073   11.11944  338.95662     2.0749   17.33343 5.6343e-02     0.5983     1.6437 0.0000e+00
        407 110.294288    0.02818     1.6910    101.463     31.295  51807.442    31.5057     2.0769     31.000     2.0753    25.1677     8.4445    12.0680    108.531    367.870    377.128    0.00369    7.78065   11.11932  338.95306     2.0754   17.33326 4.4209e-02     0.5901     1.6343 0.0000e+00
        410 110.294298    0.02843     1.7057    102.340     32.304  51809.289    31.5064     2.0769     32.000     2.0755    25.1683     8.4386    12.0596    108.457    367.616    376.868    0.00299    7.78061   11.11926  338.95099     2.0753   17.33316 4.1218e-02     0.5841     1.6456 0.0000e+00
        414 110.294308    0.02867     1.7200    103.198     33.314  51811.956    31.5078     2.0773     33.000     2.0762    25.1694     8.4330    12.0517    108.388    367.373    376.620    0.00237    7.78044   11.11903  338.94350     2.0758   17.33280 3.9939e-02     0.5704     1.6473 0.0000e+00
        417 110.294318    0.02890     1.7342    104.052     34.324  51813.242    31.5084     2.0781     34.000     2.0768    25.1698     8.4387    12.0598    108.463    367.619    376.873    0.00221    7.78026   11.11877  338.93563     2.0765   17.33243 3.8906e-02     0.5667     1.6451 0.0000e+00
        421 110.294328    0.02914     1.7485    104.910     35.333  51814.175    31.5086     2.0786     35.000     2.0772    25.1699     8.4431    12.0659    108.520    367.808    377.066    0.00207    7.78015   11.11861  338.93056     2.0770   17.33218 3.8175e-02     0.5721     1.6553 0.0000e+00
        424 110.294337    0.02938     1.7628    105.769     36.343  51815.505    31.5090     2.0790     36.000     2.0777    25.1702     8.4415    12.0639    108.503    367.744    377.001    0.00172    7.78003   11.11845  338.92565     2.0773   17.33195 3.7955e-02     0.5615     1.6521 0.0000e+00
        428 110.294348    0.02962     1.7773    106.637     37.353  51817.253    31.5099     2.0798     37.000     2.0785    25.1709     8.4432    12.0661    108.526    367.814    377.072    0.00152    7.77985   11.11818  338.91710     2.0780   17.33154 3.7920e-02     0.5578     1.6594 0.0000e+00
        431 110.294358    0.02987     1.7921    107.524     38.362  51818.392    31.5104     2.0807     38.000     2.0793    25.1712     8.4444    12.0678    108.544    367.865    377.125    0.00133    7.77965   11.11790  338.90854     2.0789   17.33114 3.7913e-02     0.5695     1.6990 0.0000e+00
        435 110.294368    0.03012     1.8070    108.417     39.371  51820.055    31.5112     2.0814     39.000     2.0800    25.1718     8.4471    12.0718    108.582    367.984    377.247    0.00122    7.77946   11.11762  338.89978     2.0796   17.33072 3.7912e-02     0.5743     1.7161 0.0000e+00
        438 110.294378    0.03036     1.8215    109.288     40.381  51820.646    31.5113     2.0821     40.000     2.0804    25.1718     8.4494    12.0749    108.612    368.082    377.346    0.00110    7.77932   11.11743  338.89391     2.0802   17.33044 3.7912e-02     0.5587     1.6807 0.0000e+00
        442 110.294388    0.03059     1.8357    110.140     41.391  51821.262    31.5112     2.0824     41.000     2.0805    25.1717     8.4512    12.0776    108.638    368.164    377.431    0.00100    7.77926   11.11735  338.89143     2.0805   17.33032 3.7912e-02     0.5349     1.7002 0.0000e+00
        445 110.294399    0.03085     1.8511    111.066     42.401  51822.174    31.5113     2.0825     42.000     2.0806    25.1719     8.4528    12.0800    108.659    368.235    377.504    0.00088    7.77923   11.11729  338.88985     2.0806   17.33024 3.7912e-02     0.5381     1.6705 0.0000e+00
        451 110.294415    0.03123     1.8738    112.426     43.410  51822.826    31.5113     2.0828     43.000     2.0808    25.1717     8.4608    12.0915    108.764    368.584    377.862    0.00095    7.77919   11.11725  338.88833     2.0806   17.33017 3.7912e-02     0.5576     1.6403 0.0000e+00
