CTD-processing/allCTD/CNV/2013_11-08_t3_s15_cast154_5028.cnv
* Sea-Bird SBE19plus Data File:
* FileName = C:\Users\kris.holderied\Documents\kasitsna\Research-Projects-and-Data\Oceanography-AK\CTD-CookInlet-GulfWatchAK\2013-10-11-EVOSTC-CookInlet-Ocean\2013-11-08-CookInlet-Tran3-AnchorPt\2013-11-08-CookInlet-Tran3-cast154.hex
* Software Version 1.59
* Temperature SN =  5028
* Conductivity SN =  5028
* System UpLoad Time = Feb 14 2014 16:47:08
** Cook Inlet Transect 3 (Anchor Pt) east to west
** Date: 2013-11-08
** Station: 3-15
** Start time: 11:20
** Depth (m): 17
** Comment:  CTD instrument time is AK Daylight time - 1 hr off
** Comment:
# nquan = 27
# nvalues = 18                          
# units = specified
# name 0 = scan: Scan Count
# name 1 = timeJ: Julian Days
# name 2 = timeH: Time, Elapsed [hours]
# name 3 = timeM: Time, Elapsed [minutes]
# name 4 = timeS: Time, Elapsed [seconds]
# name 5 = prdM: Pressure, Strain Gauge [db]
# name 6 = specc: Specific Conductance [uS/cm]
# name 7 = sal00: Salinity, Practical [PSU]
# name 8 = tv290C: Temperature [ITS-90, deg C]
# name 9 = depSM: Depth [salt water, m], lat = 59.00
# name 10 = potemp090C: Potential Temperature [ITS-90, deg C]
# name 11 = sigma-é00: Density [sigma-theta, kg/m^3]
# name 12 = sbeox0ML/L: Oxygen, SBE 43 [ml/l]
# name 13 = sbeox0Mg/L: Oxygen, SBE 43 [mg/l]
# name 14 = sbeox0PS: Oxygen, SBE 43 [% saturation]
# name 15 = sbox0Mm/Kg: Oxygen, SBE 43 [umol/kg]
# name 16 = sbeox0Mm/L: Oxygen, SBE 43 [umol/l]
# name 17 = sbox0dV/dT: Oxygen, SBE 43 [dov/dt]
# name 18 = oxsolML/L: Oxygen Saturation, Garcia & Gordon [ml/l]
# name 19 = oxsolMg/L: Oxygen Saturation, Garcia & Gordon [mg/l]
# name 20 = oxsolMm/Kg: Oxygen Saturation, Garcia & Gordon [umol/kg]
# name 21 = potemp090C: Potential Temperature [ITS-90, deg C]
# name 22 = n2satMg/L: Nitrogen Saturation [mg/l]
# name 23 = par: PAR/Irradiance, Biospherical/Licor
# name 24 = flECO-AFL: Fluorescence, WET Labs ECO-AFL/FL [mg/m^3]
# name 25 = turbWETntu0: Turbidity, WET Labs ECO [NTU]
# name 26 = flag: flag
# span 0 =         69,        349       
# span 1 = 312.513738, 312.514548       
# span 2 =    0.00470,    0.02414       
# span 3 =     0.2822,     1.4483       
# span 4 =     16.932,     86.896       
# span 5 =      1.009,     18.171       
# span 6 =  46032.919,  46685.626       
# span 7 =    28.7490,    29.1853       
# span 8 =     7.3965,     7.4994       
# span 9 =      1.000,     18.000       
# span 10 =     7.4154,     7.4982      
# span 11 =    22.4489,    22.7799      
# span 12 =     6.3167,     6.9060      
# span 13 =     9.0272,     9.8694      
# span 14 =     91.046,     99.589      
# span 15 =    275.827,    301.560      
# span 16 =    282.104,    308.424      
# span 17 =    0.00246,    0.01475      
# span 18 =    6.93456,    6.97154      
# span 19 =    9.91018,    9.96303      
# span 20 =  302.80433,  304.52877      
# span 21 =     7.3964,     7.4979      
# span 22 =   15.62341,   15.70738      
# span 23 = 3.9557e-01, 3.5188e+01      
# span 24 =     0.6186,     0.7776      
# span 25 =     1.3318,     2.5136      
# span 26 = 0.0000e+00, 0.0000e+00      
# interval = meters: 1                  
# start_time = Nov 08 2013 12:19:30 [Instrument's time stamp, header]
# bad_flag = -9.990e-29
*END*
         69 312.513738    0.00470     0.2822     16.932      1.009  46032.919    28.7490     7.3965      1.000     7.4154    22.4489     6.5990     9.4306     94.647    288.259    294.712    0.00246    6.97154    9.96303  304.52877     7.3964   15.70738 3.5188e+01     0.6186     2.5136 0.0000e+00
        315 312.514450    0.02180     1.3080     78.480      2.018  46685.626    29.1853     7.4862      2.000     7.4850    22.7799     6.3230     9.0363     91.168    276.097    282.387    0.01324    6.93573    9.91185  302.84980     7.4861   15.62550 2.0098e+01     0.7748     1.3318 0.0000e+00
        302 312.514414    0.02092     1.2554     75.324      3.028  46643.835    29.1570     7.4808      3.000     7.4808    22.7583     6.3167     9.0272     91.046    275.827    282.104    0.00939    6.93798    9.91506  302.95543     7.4806   15.63066 1.5301e+01     0.7550     1.4146 0.0000e+00
        306 312.514423    0.02115     1.2690     76.143      4.038  46644.234    29.1569     7.4812      4.000     7.4811    22.7582     6.3182     9.0294     91.067    275.891    282.171    0.00797    6.93793    9.91499  302.95316     7.4809   15.63055 1.1714e+01     0.7504     1.4149 0.0000e+00
        309 312.514433    0.02140     1.2840     77.038      5.047  46645.102    29.1571     7.4818      5.000     7.4817    22.7583     6.3330     9.0505     91.282    276.539    282.832    0.00734    6.93783    9.91485  302.94887     7.4814   15.63035 8.8267e+00     0.7561     1.4660 0.0000e+00
        313 312.514443    0.02164     1.2979     77.876      6.057  46646.791    29.1580     7.4824      6.000     7.4822    22.7590     6.3507     9.0759     91.539    277.314    283.625    0.00699    6.93770    9.91467  302.94296     7.4818   15.63006 7.0748e+00     0.7458     1.4859 0.0000e+00
        315 312.514451    0.02183     1.3097     78.580      7.067  46649.455    29.1595     7.4831      7.000     7.4838    22.7601     6.3875     9.1283     92.072    278.918    285.265    0.00766    6.93752    9.91442  302.93506     7.4824   15.62968 6.0673e+00     0.7540     1.4776 0.0000e+00
        318 312.514459    0.02200     1.3202     79.214      8.076  46653.743    29.1624     7.4853      8.000     7.4868    22.7620     6.4519     9.2203     93.006    281.728    288.141    0.00970    6.93704    9.91373  302.91331     7.4846   15.62863 5.1382e+00     0.7776     1.4828 0.0000e+00
        320 312.514466    0.02218     1.3307     79.839      9.085  46654.282    29.1627     7.4882      9.000     7.4889    22.7620     6.5263     9.3267     94.085    284.976    291.464    0.01214    6.93656    9.91304  302.89228     7.4874   15.62763 4.1813e+00     0.7746     1.5356 0.0000e+00
        323 312.514473    0.02236     1.3417     80.499     10.094  46653.790    29.1623     7.4901     10.000     7.4899    22.7614     6.5988     9.4304     95.135    288.145    294.704    0.01423    6.93627    9.91262  302.87978     7.4893   15.62703 3.3111e+00     0.7575     1.5963 0.0000e+00
        326 312.514482    0.02257     1.3544     81.263     11.103  46653.460    29.1618     7.4911     11.000     7.4902    22.7608     6.6480     9.5007     95.846    290.293    296.900    0.01475    6.93614    9.91244  302.87448     7.4901   15.62678 2.6314e+00     0.7378     1.6104 0.0000e+00
        330 312.514493    0.02283     1.3696     82.174     12.114  46654.141    29.1618     7.4912     12.000     7.4904    22.7609     6.6637     9.5231     96.072    290.977    297.600    0.01308    6.93611    9.91239  302.87289     7.4902   15.62670 2.1165e+00     0.7341     1.6022 0.0000e+00
        333 312.514503    0.02308     1.3846     83.077     13.123  46656.940    29.1634     7.4918     13.000     7.4920    22.7621     6.6892     9.5596     96.444    292.092    298.741    0.01198    6.93594    9.91216  302.86535     7.4907   15.62634 1.6730e+00     0.7095     1.6646 0.0000e+00
        336 312.514512    0.02328     1.3970     83.819     14.133  46662.994    29.1676     7.4944     14.000     7.4961    22.7650     6.7347     9.6247     97.108    294.080    300.775    0.01248    6.93534    9.91130  302.83834     7.4932   15.62503 1.2833e+00     0.6924     1.7147 0.0000e+00
        339 312.514520    0.02346     1.4078     84.468     15.142  46661.957    29.1670     7.4981     15.000     7.4978    22.7640     6.7819     9.6921     97.796    296.141    302.882    0.01322    6.93479    9.91051  302.81454     7.4967   15.62390 9.6884e-01     0.6976     1.7658 0.0000e+00
        341 312.514526    0.02364     1.4186     85.118     16.151  46659.740    29.1652     7.4993     16.000     7.4977    22.7625     6.8272     9.7568     98.450    298.115    304.902    0.01383    6.93466    9.91033  302.80947     7.4979   15.62367 7.1969e-01     0.7158     1.8871 0.0000e+00
        345 312.514536    0.02386     1.4313     85.877     17.161  46661.318    29.1658     7.4991     17.000     7.4978    22.7631     6.8695     9.8172     99.060    299.964    306.793    0.01406    6.93467    9.91034  302.80954     7.4976   15.62367 5.3899e-01     0.7264     1.8845 0.0000e+00
        349 312.514548    0.02414     1.4483     86.896     18.171  46664.162    29.1674     7.4994     18.000     7.4982    22.7643     6.9060     9.8694     99.589    301.560    308.424    0.01372    6.93456    9.91018  302.80433     7.4979   15.62341 3.9557e-01     0.7261     1.7971 0.0000e+00
