CTD-processing/allCTD/CNV/2013_04-21_t4_s10_cast131_5028.cnv
* Sea-Bird SBE19plus Data File:
* FileName = C:\Documents and Settings\kris.holderied.local\My Documents\2012-2013-CTD-DATA-new-files\2013-04-EVOSTC-CookInlet-Ocean\2013-04-21-CookInlet-Tran4-Barabara\2013-04-21-CookInlet-Tran4-cast131.hex
* Software Version 1.54
* Temperature SN =  5028
* Conductivity SN =  5028
* System UpLoad Time = Apr 21 2013 12:29:27
** Cook Inlet LTM Transect 4 (Barabara) South to North
** Date:  2013-04-21
** Station:  4-10
** Start time (AKDT-24 hr):  1143
** Depth (m): 14
** Comment:Snow Flurries
** Comment:
# nquan = 27
# nvalues = 14                          
# units = specified
# name 0 = scan: Scan Count
# name 1 = timeJ: Julian Days
# name 2 = timeH: Time, Elapsed [hours]
# name 3 = timeM: Time, Elapsed [minutes]
# name 4 = timeS: Time, Elapsed [seconds]
# name 5 = prdM: Pressure, Strain Gauge [db]
# name 6 = specc: Specific Conductance [uS/cm]
# name 7 = sal00: Salinity, Practical [PSU]
# name 8 = tv290C: Temperature [ITS-90, deg C]
# name 9 = depSM: Depth [salt water, m], lat = 59.00
# name 10 = potemp090C: Potential Temperature [ITS-90, deg C]
# name 11 = sigma-é00: Density [sigma-theta, kg/m^3]
# name 12 = sbeox0ML/L: Oxygen, SBE 43 [ml/l]
# name 13 = sbeox0Mg/L: Oxygen, SBE 43 [mg/l]
# name 14 = sbeox0PS: Oxygen, SBE 43 [% saturation]
# name 15 = sbox0Mm/Kg: Oxygen, SBE 43 [umol/kg]
# name 16 = sbeox0Mm/L: Oxygen, SBE 43 [umol/l]
# name 17 = sbox0dV/dT: Oxygen, SBE 43 [dov/dt]
# name 18 = oxsolML/L: Oxygen Saturation, Garcia & Gordon [ml/l]
# name 19 = oxsolMg/L: Oxygen Saturation, Garcia & Gordon [mg/l]
# name 20 = oxsolMm/Kg: Oxygen Saturation, Garcia & Gordon [umol/kg]
# name 21 = potemp090C: Potential Temperature [ITS-90, deg C]
# name 22 = n2satMg/L: Nitrogen Saturation [mg/l]
# name 23 = par: PAR/Irradiance, Biospherical/Licor
# name 24 = flECO-AFL: Fluorescence, WET Labs ECO-AFL/FL [mg/m^3]
# name 25 = turbWETntu0: Turbidity, WET Labs ECO [NTU]
# name 26 = flag: flag
# span 0 =        104,        348       
# span 1 = 111.489893, 111.490599       
# span 2 =    0.00715,    0.02411       
# span 3 =     0.4290,     1.4465       
# span 4 =     25.739,     86.789       
# span 5 =      1.010,     14.133       
# span 6 =  49247.846,  51404.419       
# span 7 =    30.2353,    31.5213       
# span 8 =     3.0891,     3.5431       
# span 9 =      1.000,     14.000       
# span 10 =     3.0661,     3.5397      
# span 11 =    24.0503,    25.1017      
# span 12 =     7.0588,     8.1897      
# span 13 =    10.0878,    11.7039      
# span 14 =     92.867,    107.971      
# span 15 =    307.895,    356.796      
# span 16 =    315.247,    365.752      
# span 17 =    0.00282,    0.01356      
# span 18 =    7.50105,    7.60448      
# span 19 =   10.71975,   10.86757      
# span 20 =  326.80812,  331.70896      
# span 21 =     3.0883,     3.5429      
# span 22 =   16.75644,   16.99419      
# span 23 = 2.7839e+00, 3.9727e+01      
# span 24 =     0.6191,     0.8119      
# span 25 =     0.9414,     2.3496      
# span 26 = 0.0000e+00, 0.0000e+00      
# interval = meters: 1                  
# start_time = Apr 21 2013 11:45:01 [Instrument's time stamp, header]
# bad_flag = -9.990e-29
*END*
        104 111.489893    0.00715     0.4290     25.739      1.010  49247.846    30.2353     3.3767      1.000     3.4507    24.0503     7.0588    10.0878     92.867    307.895    315.247    0.00282    7.60448   10.86757  331.70896     3.3766   16.99419 3.9727e+01     0.6191     2.3496 0.0000e+00
        315 111.490504    0.02183     1.3099     78.593      2.019  51204.561    31.5046     3.5431      2.000     3.5397    25.0490     7.7149    11.0253    102.845    336.127    344.548    0.01126    7.50105   10.71975  326.80812     3.5429   16.75644 3.4688e+01     0.7703     0.9414 0.0000e+00
        313 111.490499    0.02170     1.3015     78.090      3.029  51138.730    31.4602     3.5334      3.000     3.5282    25.0144     7.6776    10.9720    102.295    334.514    342.881    0.00828    7.50535   10.72589  327.00888     3.5332   16.76614 2.5367e+01     0.7744     0.9802 0.0000e+00
        317 111.490508    0.02192     1.3154     78.922      4.038  51137.410    31.4564     3.5235      4.000     3.5092    25.0123     7.6674    10.9575    102.132    334.072    342.427    0.00670    7.50738   10.72879  327.09788     3.5233   16.77039 1.9173e+01     0.7867     0.9856 0.0000e+00
        320 111.490517    0.02213     1.3281     79.683      5.047  51132.973    31.4464     3.4978      5.000     3.4630    25.0066     7.6687    10.9594    102.078    334.131    342.486    0.00563    7.51265   10.73633  327.32952     3.4975   16.78144 1.4765e+01     0.7943     0.9843 0.0000e+00
        323 111.490526    0.02234     1.3407     80.440      6.056  51143.821    31.4387     3.4400      6.000     3.3852    25.0056     7.6874    10.9860    102.175    334.943    343.318    0.00514    7.52376   10.75220  327.81389     3.4396   16.80449 1.1621e+01     0.7912     0.9928 0.0000e+00
        326 111.490534    0.02255     1.3533     81.196      7.067  51189.336    31.4478     3.3557      7.000     3.3020    25.0202     7.7137    11.0237    102.318    336.085    344.494    0.00482    7.53897   10.77394  328.47174     3.3552   16.83572 9.3470e+00     0.7971     1.0012 0.0000e+00
        329 111.490543    0.02277     1.3658     81.951      8.076  51264.578    31.4794     3.2813      8.000     3.2523    25.0519     7.7539    11.0810    102.683    337.824    346.286    0.00508    7.55119   10.79141  328.99429     3.2808   16.86042 7.6818e+00     0.8119     1.0016 0.0000e+00
        332 111.490553    0.02298     1.3786     82.717      9.085  51312.465    31.5015     3.2430      9.000     3.2319    25.0728     7.8288    11.1882    103.594    341.083    349.634    0.00683    7.55720   10.79999  329.24909     3.2425   16.87244 6.4269e+00     0.7892     0.9927 0.0000e+00
        335 111.490561    0.02319     1.3914     83.487     10.095  51330.226    31.5094     3.2289     10.000     3.2227    25.0803     7.9326    11.3365    104.936    345.601    354.268    0.00969    7.55944   10.80320  329.34467     3.2283   16.87695 5.3998e+00     0.7713     0.9791 0.0000e+00
        338 111.490570    0.02340     1.4041     84.245     11.104  51331.728    31.5076     3.2199     11.000     3.2090    25.0797     8.0340    11.4813    106.252    350.017    358.796    0.01224    7.56121   10.80573  329.42196     3.2192   16.88062 4.5490e+00     0.7758     0.9677 0.0000e+00
        341 111.490579    0.02361     1.4168     85.009     12.114  51333.366    31.5037     3.2022     12.000     3.1817    25.0780     8.1115    11.5921    107.227    353.396    362.258    0.01356    7.56472   10.81075  329.57550     3.2016   16.88794 3.8481e+00     0.7791     0.9657 0.0000e+00
        344 111.490588    0.02384     1.4304     85.823     13.123  51338.811    31.4963     3.1617     13.000     3.1223    25.0756     8.1636    11.6665    107.802    355.666    364.584    0.01344    7.57270   10.82215  329.92395     3.1610   16.90452 3.2650e+00     0.7867     0.9687 0.0000e+00
        348 111.490599    0.02411     1.4465     86.789     14.133  51404.419    31.5213     3.0891     14.000     3.0661    25.1017     8.1897    11.7039    107.971    356.796    365.752    0.01201    7.58505   10.83981  330.45363     3.0883   16.92959 2.7839e+00     0.7976     0.9615 0.0000e+00
