CTD-processing/allCTD/CNV/2013_09-25_t9_s05_cast105_5028.cnv
* Sea-Bird SBE19plus Data File:
* FileName = C:\Users\kris.holderied\Documents\kasitsna\Research-Projects-and-Data\Oceanography-AK\CTD-CookInlet-GulfWatchAK\2013-09-25-CookInlet-Tran9-HomerSpit\2013-09-25-CookInlet-Tran9-HomerSpit-cast105.hex
* Software Version 1.59
* Temperature SN =  5028
* Conductivity SN =  5028
* System UpLoad Time = Apr 09 2014 19:58:18
** Cook Inlet LTM Homer Spit Line - Monthly
** Date: 2013-09-25
** Station: 9-05
** Start time: 14:35
** Depth (m): 94.5
** CoComment:
** Comment:
# nquan = 27
# nvalues = 88                          
# units = specified
# name 0 = scan: Scan Count
# name 1 = timeJ: Julian Days
# name 2 = timeH: Time, Elapsed [hours]
# name 3 = timeM: Time, Elapsed [minutes]
# name 4 = timeS: Time, Elapsed [seconds]
# name 5 = prdM: Pressure, Strain Gauge [db]
# name 6 = specc: Specific Conductance [uS/cm]
# name 7 = sal00: Salinity, Practical [PSU]
# name 8 = tv290C: Temperature [ITS-90, deg C]
# name 9 = depSM: Depth [salt water, m], lat = 59.00
# name 10 = potemp090C: Potential Temperature [ITS-90, deg C]
# name 11 = sigma-é00: Density [sigma-theta, kg/m^3]
# name 12 = sbeox0ML/L: Oxygen, SBE 43 [ml/l]
# name 13 = sbeox0Mg/L: Oxygen, SBE 43 [mg/l]
# name 14 = sbeox0PS: Oxygen, SBE 43 [% saturation]
# name 15 = sbox0Mm/Kg: Oxygen, SBE 43 [umol/kg]
# name 16 = sbeox0Mm/L: Oxygen, SBE 43 [umol/l]
# name 17 = sbox0dV/dT: Oxygen, SBE 43 [dov/dt]
# name 18 = oxsolML/L: Oxygen Saturation, Garcia & Gordon [ml/l]
# name 19 = oxsolMg/L: Oxygen Saturation, Garcia & Gordon [mg/l]
# name 20 = oxsolMm/Kg: Oxygen Saturation, Garcia & Gordon [umol/kg]
# name 21 = potemp090C: Potential Temperature [ITS-90, deg C]
# name 22 = n2satMg/L: Nitrogen Saturation [mg/l]
# name 23 = par: PAR/Irradiance, Biospherical/Licor
# name 24 = flECO-AFL: Fluorescence, WET Labs ECO-AFL/FL [mg/m^3]
# name 25 = turbWETntu0: Turbidity, WET Labs ECO [NTU]
# name 26 = flag: flag
# span 0 =        303,        731       
# span 1 = 268.609496, 268.610736       
# span 2 =    0.02098,    0.05072       
# span 3 =     1.2587,     3.0429       
# span 4 =     75.525,    182.575       
# span 5 =      1.009,     88.850       
# span 6 =  47170.393,  49208.200       
# span 7 =    29.8005,    31.0577       
# span 8 =     8.5170,     9.4751       
# span 9 =      1.000,     88.000       
# span 10 =     8.5080,     9.4752      
# span 11 =    22.9777,    24.1062      
# span 12 =     5.7408,     6.3488      
# span 13 =     8.2042,     9.0731      
# span 14 =     86.774,     95.036      
# span 15 =    250.526,    276.884      
# span 16 =    256.386,    283.539      
# span 17 =   -0.00833,    0.00564      
# span 18 =    6.60238,    6.69294      
# span 19 =    9.43546,    9.56488      
# span 20 =  288.16630,  291.87087      
# span 21 =     8.5083,     9.4750      
# span 22 =   14.91939,   15.09382      
# span 23 = 4.7519e-02, 9.8984e+01      
# span 24 =     0.3040,     0.9216      
# span 25 =     0.4837,     1.1779      
# span 26 = 0.0000e+00, 0.0000e+00      
# interval = meters: 1                  
# start_time = Sep 25 2013 14:36:25 [Instrument's time stamp, header]
# bad_flag = -9.990e-29
*END*
[from data line 54]
        564 268.610252    0.03911     2.3464    140.781     55.527  49118.231    31.0184     8.5793     55.000     8.5734    24.0658     6.3206     9.0328     94.545    275.646    282.279   -0.00078    6.68530    9.55396  291.54905     8.5738   15.07860 5.8426e-02     0.3464     0.6505 0.0000e+00
        568 268.610263    0.03937     2.3623    141.736     56.536  49119.877    31.0190     8.5786     56.000     8.5723    24.0664     6.3217     9.0343     94.560    275.693    282.328   -0.00063    6.68539    9.55408  291.55255     8.5730   15.07876 5.6952e-02     0.3391     0.6600 0.0000e+00
        572 268.610275    0.03965     2.3792    142.755     57.546  49122.417    31.0201     8.5771     57.000     8.5706    24.0675     6.3207     9.0329     94.543    275.649    282.283   -0.00060    6.68557    9.55434  291.56023     8.5714   15.07912 5.5724e-02     0.3401     0.6685 0.0000e+00
        577 268.610288    0.03997     2.3980    143.881     58.556  49124.635    31.0210     8.5757     58.000     8.5694    24.0684     6.3206     9.0327     94.538    275.644    282.278   -0.00056    6.68573    9.55458  291.56703     8.5699   15.07944 5.4683e-02     0.3424     0.6573 0.0000e+00
        581 268.610302    0.04030     2.4180    145.082     59.565  49126.256    31.0217     8.5749     59.000     8.5690    24.0690     6.3236     9.0370     94.582    275.774    282.412   -0.00030    6.68581    9.55470  291.57063     8.5691   15.07961 5.3732e-02     0.3450     0.6410 0.0000e+00
        586 268.610317    0.04065     2.4391    146.347     60.575  49126.849    31.0216     8.5749     60.000     8.5689    24.0690     6.3204     9.0325     94.535    275.635    282.269   -0.00044    6.68582    9.55470  291.57082     8.5690   15.07962 5.2975e-02     0.3483     0.6595 0.0000e+00
        592 268.610334    0.04106     2.4638    147.826     61.585  49127.419    31.0216     8.5750     61.000     8.5688    24.0690     6.3218     9.0345     94.555    275.696    282.331   -0.00030    6.68581    9.55469  291.57053     8.5689   15.07961 5.2279e-02     0.3589     0.6663 0.0000e+00
        598 268.610351    0.04148     2.4888    149.330     62.595  49128.097    31.0216     8.5750     62.000     8.5687    24.0690     6.3291     9.0450     94.666    276.017    282.661    0.00008    6.68581    9.55470  291.57071     8.5688   15.07962 5.1636e-02     0.3491     0.6676 0.0000e+00
        604 268.610366    0.04185     2.5109    150.653     63.605  49128.928    31.0217     8.5745     63.000     8.5676    24.0691     6.3341     9.0522     94.739    276.235    282.883    0.00028    6.68588    9.55479  291.57347     8.5682   15.07975 5.1063e-02     0.3481     0.6521 0.0000e+00
        608 268.610380    0.04218     2.5308    151.848     64.614  49131.308    31.0227     8.5728     64.000     8.5657    24.0702     6.3306     9.0471     94.684    276.081    282.726   -0.00001    6.68608    9.55508  291.58200     8.5665   15.08016 5.0556e-02     0.3521     0.6665 0.0000e+00
        613 268.610393    0.04249     2.5494    152.966     65.624  49133.897    31.0238     8.5713     65.000     8.5642    24.0713     6.3252     9.0393     94.599    275.841    282.481   -0.00031    6.68627    9.55535  291.59005     8.5648   15.08054 5.0138e-02     0.3469     0.6941 0.0000e+00
        617 268.610406    0.04280     2.5677    154.061     66.634  49135.670    31.0245     8.5703     66.000     8.5635    24.0720     6.3231     9.0362     94.566    275.749    282.387   -0.00042    6.68639    9.55552  291.59478     8.5637   15.08076 4.9787e-02     0.3559     0.6986 0.0000e+00
        622 268.610419    0.04310     2.5858    155.150     67.643  49136.524    31.0246     8.5701     67.000     8.5633    24.0721     6.3264     9.0410     94.615    275.894    282.535   -0.00021    6.68642    9.55556  291.59590     8.5634   15.08082 4.9484e-02     0.3561     0.6980 0.0000e+00
        626 268.610431    0.04340     2.6044    156.267     68.653  49137.138    31.0246     8.5700     68.000     8.5631    24.0721     6.3279     9.0433     94.639    275.962    282.605   -0.00012    6.68643    9.55558  291.59651     8.5632   15.08084 4.9221e-02     0.3604     0.6829 0.0000e+00
        631 268.610445    0.04373     2.6236    157.416     69.663  49138.089    31.0247     8.5696     69.000     8.5620    24.0723     6.3233     9.0367     94.570    275.762    282.401   -0.00035    6.68649    9.55566  291.59919     8.5626   15.08097 4.8992e-02     0.3510     0.6906 0.0000e+00
        635 268.610458    0.04406     2.6434    158.605     70.672  49140.587    31.0257     8.5675     70.000     8.5594    24.0735     6.3220     9.0348     94.546    275.705    282.342   -0.00040    6.68675    9.55603  291.61009     8.5606   15.08149 4.8807e-02     0.3503     0.6848 0.0000e+00
        640 268.610473    0.04440     2.6639    159.834     71.682  49143.788    31.0272     8.5653     71.000     8.5577    24.0750     6.3156     9.0256     94.445    275.423    282.054   -0.00066    6.68702    9.55642  291.62157     8.5582   15.08202 4.8649e-02     0.3515     0.7005 0.0000e+00
        645 268.610487    0.04475     2.6851    161.107     72.692  49145.959    31.0281     8.5639     72.000     8.5559    24.0758     6.3101     9.0178     94.362    275.185    281.810   -0.00084    6.68720    9.55668  291.62923     8.5567   15.08239 4.8513e-02     0.3507     0.7085 0.0000e+00
        651 268.610503    0.04513     2.7076    162.458     73.702  49149.133    31.0296     8.5618     73.000     8.5539    24.0773     6.3175     9.0283     94.468    275.505    282.139   -0.00035    6.68745    9.55703  291.63948     8.5545   15.08287 4.8418e-02     0.3556     0.7080 0.0000e+00
        656 268.610518    0.04550     2.7296    163.778     74.712  49151.053    31.0303     8.5608     74.000     8.5531    24.0781     6.3223     9.0352     94.538    275.716    282.354   -0.00005    6.68756    9.55720  291.64442     8.5534   15.08311 4.8266e-02     0.3286     0.7420 0.0000e+00
        661 268.610532    0.04583     2.7498    164.989     75.721  49152.449    31.0308     8.5602     75.000     8.5522    24.0786     6.3120     9.0205     94.383    275.266    281.895   -0.00057    6.68764    9.55730  291.64745     8.5527   15.08325 4.8206e-02     0.3417     0.7433 0.0000e+00
        666 268.610546    0.04617     2.7701    166.203     76.732  49154.627    31.0317     8.5588     76.000     8.5504    24.0795     6.3107     9.0186     94.362    275.210    281.837   -0.00059    6.68779    9.55753  291.65405     8.5513   15.08356 4.8141e-02     0.3310     0.7392 0.0000e+00
        671 268.610561    0.04652     2.7910    167.460     77.741  49158.310    31.0334     8.5561     77.000     8.5465    24.0812     6.3165     9.0269     94.444    275.463    282.097   -0.00022    6.68813    9.55801  291.66822     8.5485   15.08423 4.8032e-02     0.3389     0.7695 0.0000e+00
        676 268.610576    0.04687     2.8120    168.720     78.751  49165.216    31.0369     8.5503     78.000     8.5392    24.0849     6.3141     9.0235     94.397    275.355    281.987   -0.00035    6.68884    9.55903  291.69826     8.5426   15.08565 4.7962e-02     0.3269     0.7731 0.0000e+00
        681 268.610589    0.04720     2.8323    169.937     79.761  49176.595    31.0430     8.5404     79.000     8.5281    24.0911     6.3130     9.0219     94.363    275.304    281.937   -0.00044    6.69006    9.56077  291.74972     8.5326   15.08809 4.7906e-02     0.3354     0.7927 0.0000e+00
        686 268.610604    0.04756     2.8534    171.205     80.771  49188.555    31.0495     8.5310     80.000     8.5211    24.0976     6.3095     9.0169     94.295    275.151    281.782   -0.00057    6.69120    9.56240  291.79761     8.5231   15.09035 4.7859e-02     0.3426     0.8262 0.0000e+00
        692 268.610621    0.04796     2.8773    172.640     81.781  49194.169    31.0524     8.5268     81.000     8.5179    24.1005     6.2966     8.9985     94.096    274.589    281.207   -0.00112    6.69171    9.56313  291.81896     8.5187   15.09136 4.7822e-02     0.3312     0.8471 0.0000e+00
        698 268.610638    0.04837     2.9021    174.129     82.791  49197.314    31.0538     8.5243     82.000     8.5153    24.1019     6.3024     9.0068     94.179    274.842    281.467   -0.00062    6.69203    9.56358  291.83218     8.5162   15.09198 4.7736e-02     0.3276     0.8678 0.0000e+00
        703 268.610655    0.04876     2.9258    175.550     83.800  49200.043    31.0550     8.5223     83.000     8.5137    24.1032     6.3090     9.0162     94.273    275.130    281.761   -0.00020    6.69228    9.56394  291.84299     8.5140   15.09249 4.7718e-02     0.3198     0.9236 0.0000e+00
        709 268.610671    0.04916     2.9494    176.965     84.810  49201.083    31.0552     8.5218     84.000     8.5134    24.1034     6.3069     9.0132     94.240    275.037    281.665   -0.00027    6.69234    9.56402  291.84541     8.5135   15.09261 4.7676e-02     0.3046     0.9372 0.0000e+00
        714 268.610687    0.04955     2.9729    178.371     85.820  49201.769    31.0552     8.5215     85.000     8.5129    24.1035     6.2995     9.0026     94.129    274.715    281.337   -0.00061    6.69239    9.56409  291.84749     8.5131   15.09270 4.7645e-02     0.3299     0.9209 0.0000e+00
        720 268.610703    0.04992     2.9952    179.713     86.830  49202.864    31.0554     8.5210     86.000     8.5121    24.1038     6.3006     9.0041     94.144    274.759    281.382   -0.00046    6.69246    9.56419  291.85041     8.5125   15.09285 4.7600e-02     0.3291     0.8742 0.0000e+00
        725 268.610718    0.05029     3.0172    181.033     87.839  49204.657    31.0560     8.5196     87.000     8.5100    24.1045     6.3079     9.0146     94.251    275.079    281.710   -0.00007    6.69264    9.56445  291.85818     8.5110   15.09322 4.7538e-02     0.3040     0.8738 0.0000e+00
        731 268.610736    0.05072     3.0429    182.575     88.850  49208.200    31.0577     8.5170     88.000     8.5080    24.1062     6.3154     9.0253     94.360    275.408    282.047    0.00029    6.69294    9.56488  291.87087     8.5083   15.09382 4.7519e-02     0.3147     0.8886 0.0000e+00
