CTD-processing/allCTD/CNV/2013_06-06_alongbay_skb07_inner_cast163_5028.cnv
* Sea-Bird SBE19plus Data File:
* FileName = C:\Documents and Settings\kbayadmin\My Documents\CTD data\2013-06-06 Kachemak Bay all bay inner bay\2013-06-06 Kachemak Bay All Bay Inner Bay cast163.hex
* Software Version 1.59
* Temperature SN =  5028
* Conductivity SN =  5028
* System UpLoad Time = Jun 18 2013 15:52:20
** Kachemak Bay All Bay Inner Bay
** 2013-06-06
** Station: KB-07
** N': 59 35.526
** W': 151 21.011
** Start Time: 1218
** Depth(ft): 480
# nquan = 27
# nvalues = 134                         
# units = specified
# name 0 = scan: Scan Count
# name 1 = timeJ: Julian Days
# name 2 = timeH: Time, Elapsed [hours]
# name 3 = timeM: Time, Elapsed [minutes]
# name 4 = timeS: Time, Elapsed [seconds]
# name 5 = prdM: Pressure, Strain Gauge [db]
# name 6 = specc: Specific Conductance [uS/cm]
# name 7 = sal00: Salinity, Practical [PSU]
# name 8 = tv290C: Temperature [ITS-90, deg C]
# name 9 = depSM: Depth [salt water, m], lat = 59.00
# name 10 = potemp090C: Potential Temperature [ITS-90, deg C]
# name 11 = sigma-é00: Density [sigma-theta, kg/m^3]
# name 12 = sbeox0ML/L: Oxygen, SBE 43 [ml/l]
# name 13 = sbeox0Mg/L: Oxygen, SBE 43 [mg/l]
# name 14 = sbeox0PS: Oxygen, SBE 43 [% saturation]
# name 15 = sbox0Mm/Kg: Oxygen, SBE 43 [umol/kg]
# name 16 = sbeox0Mm/L: Oxygen, SBE 43 [umol/l]
# name 17 = sbox0dV/dT: Oxygen, SBE 43 [dov/dt]
# name 18 = oxsolML/L: Oxygen Saturation, Garcia & Gordon [ml/l]
# name 19 = oxsolMg/L: Oxygen Saturation, Garcia & Gordon [mg/l]
# name 20 = oxsolMm/Kg: Oxygen Saturation, Garcia & Gordon [umol/kg]
# name 21 = potemp090C: Potential Temperature [ITS-90, deg C]
# name 22 = n2satMg/L: Nitrogen Saturation [mg/l]
# name 23 = par: PAR/Irradiance, Biospherical/Licor
# name 24 = flECO-AFL: Fluorescence, WET Labs ECO-AFL/FL [mg/m^3]
# name 25 = turbWETntu0: Turbidity, WET Labs ECO [NTU]
# name 26 = flag: flag
# span 0 =        318,       1127       
# span 1 = 157.514135, 157.516475       
# span 2 =    0.02202,    0.07818       
# span 3 =     1.3212,     4.6907       
# span 4 =     79.270,    281.444       
# span 5 =      1.010,    135.309       
# span 6 =  46697.780,  51308.537       
# span 7 =    29.4320,    31.8090       
# span 8 =     4.7940,     9.1726       
# span 9 =      1.000,    134.000       
# span 10 =     4.7856,     9.1253      
# span 11 =    22.7360,    25.1686      
# span 12 =     7.1959,     9.2260      
# span 13 =    10.2837,    13.1849      
# span 14 =    106.604,    137.815      
# span 15 =    314.068,    402.800      
# span 16 =    321.370,    412.035      
# span 17 =   -0.05970,    0.05687      
# span 18 =    6.66516,    7.26205      
# span 19 =    9.52518,   10.37819      
# span 20 =  291.04871,  316.36302      
# span 21 =     4.7855,     9.1725      
# span 22 =   15.06119,   16.25845      
# span 23 = 4.3623e-02, 5.7610e+01      
# span 24 =     0.3398,     2.7505      
# span 25 =     0.6046,     1.5103      
# span 26 = 0.0000e+00, 0.0000e+00      
# interval = meters: 1                  
# start_time = Jun 06 2013 12:19:02 [Instrument's time stamp, header]
# bad_flag = -9.990e-29
*END*
[from data line 108]
        965 157.516008    0.06696     4.0179    241.076    110.058  51279.674    31.8005     4.7957    109.000     4.7880    25.1622     8.1088    11.5882    111.663    353.248    362.136   -0.00017    7.26182   10.37787  316.35288     4.7879   16.25796 4.4015e-02     0.3571     1.1397 0.0000e+00
        975 157.516035    0.06761     4.0567    243.400    111.068  51280.872    31.8008     4.7959    110.000     4.7881    25.1625     8.1086    11.5880    111.661    353.241    362.130   -0.00017    7.26178   10.37780  316.35064     4.7881   16.25786 4.4037e-02     0.3608     1.0766 0.0000e+00
        981 157.516054    0.06808     4.0847    245.081    112.078  51280.323    31.8001     4.7967    111.000     4.7892    25.1618     8.1130    11.5943    111.724    353.435    362.327   -0.00001    7.26167   10.37766  316.34646     4.7887   16.25766 4.3989e-02     0.3511     1.1014 0.0000e+00
        988 157.516073    0.06852     4.1115    246.693    113.088  51278.806    31.7989     4.7979    112.000     4.7900    25.1607     8.1270    11.6144    111.920    354.047    362.955    0.00050    7.26152   10.37743  316.33986     4.7899   16.25735 4.3999e-02     0.3572     1.0940 0.0000e+00
        995 157.516093    0.06900     4.1401    248.406    114.098  51281.954    31.8004     4.7975    113.000     4.7891    25.1620     8.1030    11.5801    111.589    353.000    361.882   -0.00056    7.26151   10.37742  316.33921     4.7894   16.25732 4.4010e-02     0.3517     1.0490 0.0000e+00
       1001 157.516111    0.06946     4.1674    250.042    115.108  51285.064    31.8019     4.7965    114.000     4.7880    25.1632     8.1008    11.5768    111.555    352.899    361.779   -0.00055    7.26162   10.37758  316.34376     4.7883   16.25753 4.3974e-02     0.3543     1.0536 0.0000e+00
       1006 157.516127    0.06982     4.1892    251.349    116.118  51288.216    31.8033     4.7954    115.000     4.7866    25.1645     8.1087    11.5882    111.664    353.246    362.136   -0.00019    7.26173   10.37774  316.34810     4.7872   16.25773 4.3953e-02     0.3438     1.0892 0.0000e+00
       1012 157.516143    0.07021     4.2122    252.734    117.128  51291.375    31.8047     4.7943    116.000     4.7858    25.1657     8.1071    11.5858    111.639    353.174    362.062   -0.00025    7.26186   10.37792  316.35330     4.7860   16.25797 4.3933e-02     0.3578     1.1056 0.0000e+00
       1019 157.516162    0.07066     4.2397    254.382    118.138  51292.892    31.8052     4.7940    117.000     4.7856    25.1662     8.1043    11.5819    111.601    353.053    361.938   -0.00033    7.26188   10.37795  316.35427     4.7857   16.25801 4.3882e-02     0.3862     1.0991 0.0000e+00
       1025 157.516182    0.07114     4.2685    256.111    119.148  51294.270    31.8056     4.7940    118.000     4.7856    25.1665     8.1079    11.5871    111.651    353.212    362.101   -0.00016    7.26188   10.37795  316.35400     4.7855   16.25800 4.3871e-02     0.3884     1.1042 0.0000e+00
       1032 157.516201    0.07161     4.2964    257.784    120.158  51293.759    31.8051     4.7952    119.000     4.7872    25.1659     8.1201    11.6044    111.821    353.742    362.644    0.00031    7.26169   10.37768  316.34584     4.7867   16.25761 4.3864e-02     0.3625     1.0892 0.0000e+00
       1039 157.516222    0.07209     4.3257    259.543    121.168  51292.093    31.8037     4.7965    120.000     4.7881    25.1647     8.1217    11.6068    111.847    353.814    362.718    0.00026    7.26152   10.37744  316.33896     4.7880   16.25729 4.3826e-02     0.3560     1.0655 0.0000e+00
       1046 157.516241    0.07257     4.3543    261.256    122.178  51291.993    31.8032     4.7966    121.000     4.7876    25.1643     8.1132    11.5945    111.728    353.440    362.334   -0.00016    7.26153   10.37745  316.33948     4.7880   16.25732 4.3840e-02     0.3641     1.0570 0.0000e+00
       1053 157.516261    0.07303     4.3818    262.909    123.188  51295.787    31.8050     4.7953    122.000     4.7864    25.1659     8.1046    11.5822    111.607    353.064    361.950   -0.00048    7.26167   10.37766  316.34522     4.7866   16.25759 4.3810e-02     0.3585     1.0624 0.0000e+00
       1060 157.516281    0.07352     4.4111    264.669    124.198  51297.632    31.8057     4.7951    123.000     4.7863    25.1665     8.1014    11.5778    111.564    352.927    361.809   -0.00052    7.26167   10.37765  316.34479     4.7863   16.25756 4.3788e-02     0.3636     1.0953 0.0000e+00
       1066 157.516299    0.07397     4.4379    266.273    125.208  51298.793    31.8060     4.7950    124.000     4.7862    25.1667     8.1082    11.5874    111.657    353.221    362.111   -0.00018    7.26168   10.37767  316.34540     4.7861   16.25759 4.3780e-02     0.3502     1.1255 0.0000e+00
       1073 157.516320    0.07445     4.4674    268.043    126.218  51298.933    31.8058     4.7958    125.000     4.7873    25.1665     8.1041    11.5816    111.603    353.044    361.929   -0.00031    7.26156   10.37749  316.33993     4.7868   16.25733 4.3799e-02     0.3398     1.1132 0.0000e+00
       1080 157.516340    0.07493     4.4956    269.737    127.229  51301.085    31.8074     4.7987    126.000     4.7916    25.1675     8.1059    11.5842    111.637    353.124    362.011   -0.00017    7.26097   10.37665  316.31398     4.7897   16.25609 4.3759e-02     0.3512     1.1311 0.0000e+00
       1086 157.516356    0.07533     4.5194    271.162    128.238  51298.854    31.8065     4.8037    127.000     4.7954    25.1662     8.1110    11.5915    111.721    353.348    362.241    0.00004    7.26013   10.37545  316.27789     4.7946   16.25437 4.3721e-02     0.3662     1.2217 0.0000e+00
       1092 157.516374    0.07576     4.5459    272.753    129.248  51297.583    31.8053     4.8044    128.000     4.7949    25.1652     8.1274    11.6149    111.947    354.061    362.972    0.00060    7.26006   10.37535  316.27525     4.7953   16.25425 4.3703e-02     0.3754     1.1748 0.0000e+00
       1099 157.516394    0.07623     4.5735    274.413    130.258  51298.959    31.8055     4.8035    129.000     4.7940    25.1655     8.1330    11.6229    112.022    354.306    363.222    0.00062    7.26022   10.37558  316.28217     4.7942   16.25458 4.3725e-02     0.4051     1.1658 0.0000e+00
       1105 157.516411    0.07664     4.5981    275.884    131.269  51300.784    31.8062     4.8029    130.000     4.7935    25.1661     8.1239    11.6098    111.894    353.905    362.811    0.00010    7.26029   10.37567  316.28463     4.7936   16.25470 4.3694e-02     0.3834     1.1493 0.0000e+00
       1110 157.516426    0.07700     4.6204    277.221    132.279  51301.806    31.8063     4.8030    131.000     4.7938    25.1662     8.1148    11.5969    111.770    353.510    362.407   -0.00031    7.26026   10.37564  316.28358     4.7936   16.25465 4.3654e-02     0.3593     1.1749 0.0000e+00
       1115 157.516442    0.07738     4.6430    278.577    133.289  51302.260    31.8061     4.8027    132.000     4.7924    25.1661     8.1146    11.5966    111.766    353.501    362.398   -0.00030    7.26033   10.37574  316.28671     4.7932   16.25480 4.3632e-02     0.3475     1.1779 0.0000e+00
       1121 157.516458    0.07777     4.6658    279.947    134.299  51306.086    31.8077     4.8001    133.000     4.7902    25.1676     8.1182    11.6017    111.810    353.659    362.560   -0.00016    7.26072   10.37629  316.30298     4.7905   16.25556 4.3623e-02     0.3577     1.2306 0.0000e+00
       1127 157.516475    0.07818     4.6907    281.444    135.309  51308.537    31.8090     4.8008    134.000     4.7931    25.1686     8.1155    11.5978    111.775    353.538    362.436   -0.00024    7.26053   10.37602  316.29440     4.7912   16.25515 4.3639e-02     0.3651     1.2310 0.0000e+00
