CTD-processing/allCTD/CNV/2013_11-08_t3_s02_cast167_5028.cnv
* Sea-Bird SBE19plus Data File:
* FileName = C:\Users\kris.holderied\Documents\kasitsna\Research-Projects-and-Data\Oceanography-AK\CTD-CookInlet-GulfWatchAK\2013-10-11-EVOSTC-CookInlet-Ocean\2013-11-08-CookInlet-Tran3-AnchorPt\2013-11-08-CookInlet-Tran3-cast167.hex
* Software Version 1.59
* Temperature SN =  5028
* Conductivity SN =  5028
* System UpLoad Time = Feb 14 2014 16:55:19
** Cook Inlet Transect 3 (Anchor Pt) east to west
** Date: 2013-11-08
** Station: 3-02
** Start time: 15:25
** Depth (m): 28
** Comment:  CTD instrument time is AK Daylight time
** Comment:
# nquan = 27
# nvalues = 28                          
# units = specified
# name 0 = scan: Scan Count
# name 1 = timeJ: Julian Days
# name 2 = timeH: Time, Elapsed [hours]
# name 3 = timeM: Time, Elapsed [minutes]
# name 4 = timeS: Time, Elapsed [seconds]
# name 5 = prdM: Pressure, Strain Gauge [db]
# name 6 = specc: Specific Conductance [uS/cm]
# name 7 = sal00: Salinity, Practical [PSU]
# name 8 = tv290C: Temperature [ITS-90, deg C]
# name 9 = depSM: Depth [salt water, m], lat = 59.00
# name 10 = potemp090C: Potential Temperature [ITS-90, deg C]
# name 11 = sigma-é00: Density [sigma-theta, kg/m^3]
# name 12 = sbeox0ML/L: Oxygen, SBE 43 [ml/l]
# name 13 = sbeox0Mg/L: Oxygen, SBE 43 [mg/l]
# name 14 = sbeox0PS: Oxygen, SBE 43 [% saturation]
# name 15 = sbox0Mm/Kg: Oxygen, SBE 43 [umol/kg]
# name 16 = sbeox0Mm/L: Oxygen, SBE 43 [umol/l]
# name 17 = sbox0dV/dT: Oxygen, SBE 43 [dov/dt]
# name 18 = oxsolML/L: Oxygen Saturation, Garcia & Gordon [ml/l]
# name 19 = oxsolMg/L: Oxygen Saturation, Garcia & Gordon [mg/l]
# name 20 = oxsolMm/Kg: Oxygen Saturation, Garcia & Gordon [umol/kg]
# name 21 = potemp090C: Potential Temperature [ITS-90, deg C]
# name 22 = n2satMg/L: Nitrogen Saturation [mg/l]
# name 23 = par: PAR/Irradiance, Biospherical/Licor
# name 24 = flECO-AFL: Fluorescence, WET Labs ECO-AFL/FL [mg/m^3]
# name 25 = turbWETntu0: Turbidity, WET Labs ECO [NTU]
# name 26 = flag: flag
# span 0 =         13,        408       
# span 1 = 312.683878, 312.685020       
# span 2 =    0.00086,    0.02828       
# span 3 =     0.0518,     1.6969       
# span 4 =      3.106,    101.813       
# span 5 =      1.010,     28.267       
# span 6 =  42680.496,  45383.899       
# span 7 =    26.4808,    28.2750       
# span 8 =     6.8901,     7.4589       
# span 9 =      1.000,     28.000       
# span 10 =     7.0133,     7.4571      
# span 11 =    20.7243,    22.0691      
# span 12 =     6.1534,     7.1508      
# span 13 =     8.7939,    10.2192      
# span 14 =     85.831,    102.421      
# span 15 =    269.305,    312.457      
# span 16 =    274.812,    319.353      
# span 17 =   -0.00259,    0.03005      
# span 18 =    6.98169,    7.16743      
# span 19 =    9.97753,   10.24297      
# span 20 =  305.06969,  313.67696      
# span 21 =     6.8900,     7.4565      
# span 22 =   15.73517,   16.15265      
# span 23 = 3.9537e-02, 7.1554e+01      
# span 24 =     0.2880,     0.6032      
# span 25 =     3.4272,    14.1638      
# span 26 = 0.0000e+00, 0.0000e+00      
# interval = meters: 1                  
# start_time = Nov 08 2013 16:24:44 [Instrument's time stamp, header]
# bad_flag = -9.990e-29
*END*
         13 312.683878    0.00086     0.0518      3.106      1.010  42680.496    26.4808     6.8901      1.000     7.0133    20.7243     6.1534     8.7939     85.831    269.305    274.812   -0.00259    7.16743   10.24297  313.67696     6.8900   16.15265 7.1554e+01     0.6032     5.7111 0.0000e+00
        292 312.684685    0.02022     1.2133     72.795      2.019  45215.853    28.1276     7.1846      2.000     7.1962    21.9879     6.6187     9.4588     94.110    289.231    295.591    0.03005    7.03277   10.05054  307.32492     7.1844   15.84328 1.4592e+01     0.3512     3.4272 0.0000e+00
        293 312.684688    0.02029     1.2174     73.043      3.028  45250.799    28.1604     7.2318      3.000     7.2630    22.0076     6.5855     9.4114     93.761    287.776    294.109    0.02239    7.02373   10.03762  306.92531     7.2315   15.82410 9.2839e+00     0.3518     3.6286 0.0000e+00
        299 312.684705    0.02070     1.2422     74.530      4.038  45307.017    28.2135     7.3323      4.000     7.3623    22.0367     6.5518     9.3632     93.531    286.297    292.606    0.01604    7.00497   10.01080  306.09661     7.3320   15.78438 5.3942e+00     0.3409     3.8351 0.0000e+00
        304 312.684720    0.02105     1.2633     75.795      5.047  45297.140    28.2157     7.3956      5.000     7.4059    22.0304     6.5245     9.3241     93.279    285.102    291.384    0.01178    6.99461    9.99600  305.64589     7.3952   15.76289 3.0899e+00     0.3158     4.1000 0.0000e+00
        308 312.684731    0.02133     1.2798     76.787      6.056  45292.315    28.2140     7.4090      6.000     7.4098    22.0273     6.5143     9.3096     93.161    284.657    290.927    0.00924    6.99253    9.99303  305.55595     7.4085   15.75860 1.8125e+00     0.3107     4.4998 0.0000e+00
        312 312.684743    0.02162     1.2971     77.823      7.066  45295.739    28.2161     7.4103      7.000     7.4090    22.0289     6.5342     9.3381     93.450    285.530    291.820    0.00839    6.99224    9.99260  305.54245     7.4097   15.75795 1.0426e+00     0.3024     5.0227 0.0000e+00
        317 312.684758    0.02198     1.3187     79.120      8.075  45297.246    28.2164     7.4088      8.000     7.4076    22.0293     6.5694     9.3883     93.950    287.067    293.390    0.00804    6.99247    9.99293  305.55243     7.4080   15.75843 6.0002e-01     0.2995     5.2237 0.0000e+00
        323 312.684774    0.02236     1.3414     80.486      9.085  45302.419    28.2194     7.4073      9.000     7.4057    22.0318     6.6098     9.4460     94.526    288.830    295.194    0.00789    6.99256    9.99307  305.55584     7.4065   15.75857 3.4332e-01     0.3068     5.2596 0.0000e+00
        327 312.684787    0.02267     1.3602     81.612     10.094  45310.400    28.2242     7.4056     10.000     7.4046    22.0358     6.6601     9.5179     95.244    291.027    297.440    0.00853    6.99261    9.99315  305.55702     7.4047   15.75861 2.0329e-01     0.3073     5.5689 0.0000e+00
        331 312.684798    0.02293     1.3757     82.542     11.104  45317.395    28.2287     7.4061     11.000     7.4064    22.0393     6.7143     9.5954     96.024    293.395    299.861    0.00957    6.99233    9.99274  305.54348     7.4052   15.75795 1.2477e-01     0.3081     5.9901 0.0000e+00
        335 312.684810    0.02321     1.3924     83.545     12.114  45323.841    28.2332     7.4091     12.000     7.4097    22.0424     6.7748     9.6819     96.899    296.038    302.563    0.01065    6.99163    9.99174  305.51203     7.4081   15.75643 7.8583e-02     0.3146     6.3638 0.0000e+00
        341 312.684826    0.02361     1.4166     84.996     13.123  45327.782    28.2359     7.4127     13.000     7.4128    22.0442     6.8277     9.7576     97.666    298.350    304.927    0.01043    6.99092    9.99073  305.48050     7.4116   15.75492 5.5900e-02     0.3011     6.6299 0.0000e+00
        346 312.684841    0.02397     1.4380     86.279     14.133  45338.780    28.2437     7.4169     14.000     7.4188    22.0497     6.8427     9.7789     97.895    299.003    305.596    0.00876    6.98989    9.98926  305.43396     7.4157   15.75267 4.7146e-02     0.2928     6.9369 0.0000e+00
        350 312.684852    0.02423     1.4538     87.227     15.142  45344.891    28.2484     7.4229     15.000     7.4240    22.0526     6.8786     9.8302     98.425    300.570    307.199    0.00883    6.98872    9.98758  305.38171     7.4216   15.75015 4.2929e-02     0.2941     7.6248 0.0000e+00
        354 312.684863    0.02448     1.4692     88.151     16.152  45344.871    28.2484     7.4266     16.000     7.4261    22.0523     6.9377     9.9147     99.279    303.154    309.840    0.01012    6.98812    9.98672  305.35559     7.4252   15.74891 4.0936e-02     0.2982     8.4008 0.0000e+00
        358 312.684876    0.02480     1.4881     89.288     17.162  45346.668    28.2496     7.4284     17.000     7.4276    22.0529     6.9834     9.9801     99.938    305.152    311.881    0.01025    6.98777    9.98622  305.34008     7.4270   15.74816 3.9992e-02     0.3060     8.8125 0.0000e+00
        364 312.684892    0.02519     1.5113     90.679     18.171  45349.283    28.2512     7.4303     18.000     7.4295    22.0539     6.9918     9.9920    100.063    305.515    312.253    0.00817    6.98739    9.98569  305.32344     7.4288   15.74736 3.9566e-02     0.2880     8.7647 0.0000e+00
        369 312.684906    0.02553     1.5318     91.905     19.180  45354.368    28.2546     7.4326     19.000     7.4326    22.0564     7.0101    10.0181    100.332    306.315    313.071    0.00720    6.98687    9.98494  305.29995     7.4309   15.74623 3.9542e-02     0.2906     9.1008 0.0000e+00
        373 312.684918    0.02581     1.5488     92.925     20.190  45361.549    28.2597     7.4367     20.000     7.4374    22.0598     7.0356    10.0546    100.711    307.430    314.212    0.00708    6.98596    9.98365  305.25921     7.4350   15.74427 3.9700e-02     0.3077     9.5797 0.0000e+00
        377 312.684930    0.02609     1.5658     93.946     21.199  45365.655    28.2628     7.4414     21.000     7.4415    22.0617     7.0621    10.0924    101.103    308.585    315.393    0.00701    6.98508    9.98237  305.21976     7.4396   15.74237 3.9639e-02     0.3068    10.3377 0.0000e+00
        381 312.684942    0.02639     1.5836     95.017     22.209  45371.769    28.2673     7.4459     22.000     7.4462    22.0646     7.0831    10.1224    101.417    309.501    316.330    0.00668    6.98413    9.98102  305.17770     7.4440   15.74035 3.9613e-02     0.3008    11.1541 0.0000e+00
        385 312.684955    0.02670     1.6019     96.115     23.218  45373.895    28.2690     7.4502     23.000     7.4493    22.0654     7.0978    10.1434    101.638    310.143    316.986    0.00605    6.98335    9.97992  305.14354     7.4483   15.73872 3.9599e-02     0.3112    12.3312 0.0000e+00
        390 312.684969    0.02705     1.6228     97.370     24.228  45373.124    28.2682     7.4517     24.000     7.4497    22.0647     7.1078    10.1577    101.785    310.581    317.434    0.00518    6.98315    9.97962  305.13473     7.4497   15.73830 3.9561e-02     0.3227    12.6383 0.0000e+00
        395 312.684984    0.02738     1.6428     98.568     25.237  45373.293    28.2679     7.4517     25.000     7.4494    22.0644     7.1167    10.1705    101.912    310.971    317.833    0.00444    6.98317    9.97966  305.13602     7.4496   15.73836 3.9561e-02     0.3256    12.4587 0.0000e+00
        399 312.684995    0.02767     1.6602     99.609     26.247  45375.562    28.2691     7.4518     26.000     7.4502    22.0653     7.1325    10.1930    102.139    311.660    318.536    0.00431    6.98310    9.97955  305.13253     7.4496   15.73819 3.9608e-02     0.3233    12.4185 0.0000e+00
        404 312.685008    0.02796     1.6771    100.626     27.257  45381.525    28.2731     7.4540     27.000     7.4537    22.0682     7.1418    10.2063    102.281    312.067    318.953    0.00397    6.98257    9.97879  305.10843     7.4517   15.73702 3.9606e-02     0.3188    13.2820 0.0000e+00
        408 312.685020    0.02828     1.6969    101.813     28.267  45383.899    28.2750     7.4589     28.000     7.4571    22.0691     7.1508    10.2192    102.421    312.457    319.353    0.00360    6.98169    9.97753  305.06969     7.4565   15.73517 3.9537e-02     0.3244    14.1638 0.0000e+00
