CTD-processing/allCTD/CNV/2013_04-19_t6_s22_cast065_5028.cnv
* Sea-Bird SBE19plus Data File:
* FileName = C:\Documents and Settings\kris.holderied.local\My Documents\2012-2013-CTD-DATA-new-files\2013-04-EVOSTC-CookInlet-Ocean\2013-04-19-CookInlet-Tran6-Douglas\2013-04-19-CookInlet-Tran6-cast065.hex
* Software Version 1.54
* Temperature SN =  5028
* Conductivity SN =  5028
* System UpLoad Time = Apr 19 2013 22:30:31
** Cook Inlet LTM Transect 6 (Douglas line) West to East
** Date:  2013-04-19
** Station:  6-22
** Start time (AKDT-24 hr):  12:33
** Depth (m): 166
** Comment:  CTD time set wrong
** Comment:
# nquan = 27
# nvalues = 152                         
# units = specified
# name 0 = scan: Scan Count
# name 1 = timeJ: Julian Days
# name 2 = timeH: Time, Elapsed [hours]
# name 3 = timeM: Time, Elapsed [minutes]
# name 4 = timeS: Time, Elapsed [seconds]
# name 5 = prdM: Pressure, Strain Gauge [db]
# name 6 = specc: Specific Conductance [uS/cm]
# name 7 = sal00: Salinity, Practical [PSU]
# name 8 = tv290C: Temperature [ITS-90, deg C]
# name 9 = depSM: Depth [salt water, m], lat = 59.00
# name 10 = potemp090C: Potential Temperature [ITS-90, deg C]
# name 11 = sigma-é00: Density [sigma-theta, kg/m^3]
# name 12 = sbeox0ML/L: Oxygen, SBE 43 [ml/l]
# name 13 = sbeox0Mg/L: Oxygen, SBE 43 [mg/l]
# name 14 = sbeox0PS: Oxygen, SBE 43 [% saturation]
# name 15 = sbox0Mm/Kg: Oxygen, SBE 43 [umol/kg]
# name 16 = sbeox0Mm/L: Oxygen, SBE 43 [umol/l]
# name 17 = sbox0dV/dT: Oxygen, SBE 43 [dov/dt]
# name 18 = oxsolML/L: Oxygen Saturation, Garcia & Gordon [ml/l]
# name 19 = oxsolMg/L: Oxygen Saturation, Garcia & Gordon [mg/l]
# name 20 = oxsolMm/Kg: Oxygen Saturation, Garcia & Gordon [umol/kg]
# name 21 = potemp090C: Potential Temperature [ITS-90, deg C]
# name 22 = n2satMg/L: Nitrogen Saturation [mg/l]
# name 23 = par: PAR/Irradiance, Biospherical/Licor
# name 24 = flECO-AFL: Fluorescence, WET Labs ECO-AFL/FL [mg/m^3]
# name 25 = turbWETntu0: Turbidity, WET Labs ECO [NTU]
# name 26 = flag: flag
# span 0 =        195,       1058       
# span 1 = 109.523814, 109.526310       
# span 2 =    0.01346,    0.07337       
# span 3 =     0.8079,     4.4022       
# span 4 =     48.475,    264.133       
# span 5 =      1.010,    153.491       
# span 6 =  52039.682,  52202.294       
# span 7 =    31.9946,    32.1208       
# span 8 =     3.2202,     3.6206       
# span 9 =      1.000,    152.000       
# span 10 =     3.2260,     3.6137      
# span 11 =    25.4670,    25.5343      
# span 12 =     6.6758,     8.0607      
# span 13 =     9.5404,    11.5196      
# span 14 =     88.602,    107.689      
# span 15 =    290.736,    351.037      
# span 16 =    298.141,    359.991      
# span 17 =   -0.00125,    0.01928      
# span 18 =    7.45580,    7.53540      
# span 19 =   10.65510,   10.76884      
# span 20 =  324.68624,  328.16927      
# span 21 =     3.2201,     3.6111      
# span 22 =   16.65308,   16.81909      
# span 23 = 3.7912e-02, 6.5770e+02      
# span 24 =     0.2188,    19.3333      
# span 25 =     0.4631,     2.0781      
# span 26 = 0.0000e+00, 0.0000e+00      
# interval = meters: 1                  
# start_time = Apr 19 2013 12:33:29 [Instrument's time stamp, header]
# bad_flag = -9.990e-29
*END*
[from data line 108]
        870 109.525766    0.06034     3.6200    217.201    110.058  52148.106    32.0904     3.5303    109.000     3.5194    25.5170     8.0123    11.4503    107.203    348.923    357.827   -0.00115    7.47392   10.68098  325.47991     3.5235   16.69094 3.7930e-02     0.2833     0.4832 0.0000e+00
        874 109.525779    0.06066     3.6395    218.370    111.067  52151.680    32.0899     3.5211    110.000     3.5100    25.5175     8.0150    11.4542    107.215    349.042    357.948   -0.00094    7.47562   10.68340  325.55371     3.5143   16.69445 3.7915e-02     0.2742     0.4889 0.0000e+00
        878 109.525789    0.06088     3.6528    219.166    112.078  52151.342    32.0872     3.5135    111.000     3.5006    25.5161     8.0085    11.4450    107.107    348.762    357.661   -0.00116    7.47716   10.68560  325.62129     3.5066   16.69767 3.7913e-02     0.2840     0.4905 0.0000e+00
        881 109.525799    0.06111     3.6668    220.009    113.088  52157.151    32.0882     3.5040    112.000     3.4925    25.5177     8.0056    11.4408    107.043    348.634    357.531   -0.00125    7.47886   10.68803  325.69472     3.4971   16.70116 3.7912e-02     0.2844     0.4945 0.0000e+00
        886 109.525813    0.06146     3.6878    221.266    114.098  52163.718    32.0896     3.4941    113.000     3.4843    25.5197     8.0077    11.4437    107.045    348.722    357.621   -0.00105    7.48061   10.69054  325.77054     3.4871   16.70476 3.7912e-02     0.2663     0.5101 0.0000e+00
        891 109.525829    0.06184     3.7102    222.612    115.109  52169.186    32.0912     3.4878    114.000     3.4798    25.5215     8.0086    11.4451    107.043    348.764    357.665   -0.00089    7.48169   10.69208  325.81690     3.4808   16.70696 3.7912e-02     0.2664     0.5183 0.0000e+00
        896 109.525841    0.06213     3.7280    223.682    116.119  52170.858    32.0914     3.4861    115.000     3.4781    25.5218     8.0097    11.4466    107.053    348.809    357.711   -0.00075    7.48199   10.69252  325.83009     3.4790   16.70758 3.7912e-02     0.2724     0.5336 0.0000e+00
        900 109.525853    0.06241     3.7446    224.674    117.128  52171.275    32.0905     3.4836    116.000     3.4750    25.5214     8.0116    11.4494    107.071    348.894    357.798   -0.00063    7.48247   10.69321  325.85121     3.4765   16.70859 3.7912e-02     0.2625     0.5172 0.0000e+00
        903 109.525863    0.06266     3.7595    225.569    118.139  52174.508    32.0916     3.4815    117.000     3.4735    25.5225     8.0113    11.4489    107.062    348.879    357.784   -0.00060    7.48282   10.69370  325.86588     3.4743   16.70928 3.7912e-02     0.2749     0.5164 0.0000e+00
        907 109.525874    0.06293     3.7756    226.537    119.148  52175.819    32.0916     3.4798    118.000     3.4717    25.5225     8.0119    11.4498    107.066    348.905    357.810   -0.00055    7.48313   10.69414  325.87926     3.4726   16.70992 3.7912e-02     0.2805     0.5202 0.0000e+00
        913 109.525890    0.06331     3.7985    227.911    120.158  52180.575    32.0940     3.4789    119.000     3.4725    25.5246     8.0111    11.4487    107.055    348.872    357.776   -0.00050    7.48316   10.69419  325.88017     3.4716   16.70995 3.7912e-02     0.2486     0.5230 0.0000e+00
        918 109.525906    0.06368     3.8207    229.245    121.168  52182.090    32.0952     3.4817    120.000     3.4757    25.5254     8.0131    11.4515    107.089    348.956    357.864   -0.00036    7.48260   10.69338  325.85522     3.4743   16.70876 3.7912e-02     0.2579     0.5179 0.0000e+00
        922 109.525917    0.06395     3.8371    230.226    122.178  52183.112    32.0963     3.4848    121.000     3.4791    25.5259     8.0126    11.4508    107.092    348.937    357.844   -0.00032    7.48197   10.69248  325.82768     3.4774   16.70745 3.7912e-02     0.2714     0.5170 0.0000e+00
        926 109.525930    0.06427     3.8562    231.370    123.188  52183.028    32.0966     3.4884    122.000     3.4828    25.5259     8.0129    11.4513    107.107    348.952    357.860   -0.00027    7.48129   10.69151  325.79817     3.4809   16.70605 3.7912e-02     0.2637     0.5115 0.0000e+00
        931 109.525943    0.06458     3.8753    232.516    124.199  52188.516    32.1014     3.4944    123.000     3.4916    25.5291     8.0108    11.4483    107.098    348.859    357.766   -0.00027    7.47996   10.68961  325.73910     3.4868   16.70321 3.7912e-02     0.2550     0.5177 0.0000e+00
        935 109.525954    0.06484     3.8905    233.431    125.208  52184.780    32.1004     3.5024    124.000     3.4976    25.5276     8.0084    11.4448    107.085    348.753    357.656   -0.00031    7.47853   10.68756  325.67707     3.4948   16.70027 3.7912e-02     0.2451     0.5225 0.0000e+00
        939 109.525967    0.06516     3.9096    234.574    126.219  52181.659    32.0989     3.5072    125.000     3.5004    25.5260     8.0092    11.4459    107.107    348.788    357.691   -0.00023    7.47772   10.68641  325.64263     3.4995   16.69864 3.7912e-02     0.2457     0.5238 0.0000e+00
        946 109.525986    0.06561     3.9366    236.198    127.228  52180.776    32.0981     3.5085    126.000     3.5008    25.5253     8.0011    11.4343    107.001    348.433    357.327   -0.00048    7.47752   10.68612  325.63414     3.5007   16.69824 3.7912e-02     0.2339     0.5291 0.0000e+00
        950 109.525998    0.06591     3.9547    237.283    128.238  52181.711    32.0983     3.5088    127.000     3.5010    25.5254     7.9939    11.4241    106.907    348.122    357.008   -0.00069    7.47745   10.68603  325.63116     3.5010   16.69810 3.7912e-02     0.2404     0.5204 0.0000e+00
        954 109.526011    0.06620     3.9720    238.320    129.248  52180.876    32.0972     3.5088    128.000     3.4996    25.5245     7.9902    11.4188    106.856    347.960    356.841   -0.00077    7.47752   10.68612  325.63430     3.5009   16.69825 3.7912e-02     0.2405     0.5288 0.0000e+00
        959 109.526024    0.06653     3.9916    239.498    130.259  52178.103    32.0933     3.5030    129.000     3.4915    25.5219     7.9923    11.4218    106.866    348.051    356.935   -0.00065    7.47876   10.68790  325.68917     3.4951   16.70088 3.7912e-02     0.2333     0.5462 0.0000e+00
        963 109.526036    0.06682     4.0090    240.538    131.269  52184.500    32.0957     3.4971    130.000     3.4879    25.5243     7.9926    11.4223    106.857    348.067    356.951   -0.00061    7.47974   10.68931  325.73143     3.4891   16.70288 3.7912e-02     0.2372     0.5468 0.0000e+00
        967 109.526047    0.06708     4.0247    241.485    132.279  52187.600    32.0968     3.4953    131.000     3.4873    25.5254     7.9930    11.4227    106.857    348.082    356.967   -0.00055    7.48002   10.68971  325.74322     3.4872   16.70343 3.7912e-02     0.2404     0.5460 0.0000e+00
        972 109.526061    0.06740     4.0440    242.637    133.289  52191.395    32.0995     3.4977    132.000     3.4917    25.5274     7.9945    11.4249    106.886    348.146    357.034   -0.00043    7.47944   10.68887  325.71721     3.4896   16.70218 3.7912e-02     0.2452     0.5431 0.0000e+00
        977 109.526077    0.06780     4.0679    244.074    134.299  52184.139    32.0949     3.5011    133.000     3.4907    25.5234     8.0045    11.4392    107.025    348.583    357.480   -0.00000    7.47905   10.68831  325.70134     3.4929   16.70145 3.7912e-02     0.2392     0.5580 0.0000e+00
        982 109.526090    0.06810     4.0857    245.142    135.309  52187.925    32.0957     3.4962    134.000     3.4873    25.5244     8.0046    11.4394    107.015    348.588    357.486   -0.00006    7.47990   10.68954  325.73816     3.4880   16.70320 3.7912e-02     0.2525     0.5498 0.0000e+00
        985 109.526100    0.06833     4.1003    246.018    136.319  52192.136    32.0979     3.4957    135.000     3.4885    25.5262     8.0003    11.4333    106.958    348.401    357.295   -0.00025    7.47989   10.68952  325.73710     3.4874   16.70314 3.7912e-02     0.2526     0.5421 0.0000e+00
        989 109.526110    0.06859     4.1154    246.923    137.329  52194.033    32.0994     3.4983    136.000     3.4917    25.5272     8.0036    11.4379    107.010    348.543    357.441   -0.00014    7.47934   10.68872  325.71284     3.4899   16.70198 3.7912e-02     0.2464     0.5323 0.0000e+00
        993 109.526123    0.06889     4.1335    248.008    138.339  52192.389    32.0985     3.5014    137.000     3.4938    25.5262     8.0099    11.4469    107.101    348.817    357.721    0.00011    7.47881   10.68796  325.68990     3.4930   16.70089 3.7912e-02     0.2395     0.5452 0.0000e+00
        998 109.526137    0.06924     4.1543    249.256    139.349  52193.932    32.0996     3.5038    138.000     3.4969    25.5269     8.0069    11.4427    107.068    348.688    357.589   -0.00003    7.47831   10.68725  325.66792     3.4953   16.69984 3.7912e-02     0.2346     0.5568 0.0000e+00
       1003 109.526151    0.06955     4.1730    250.380    140.360  52196.837    32.1023     3.5085    139.000     3.5034    25.5287     8.0053    11.4404    107.061    348.616    357.516   -0.00009    7.47730   10.68581  325.62362     3.4999   16.69772 3.7912e-02     0.2206     0.5569 0.0000e+00
       1007 109.526162    0.06983     4.1897    251.381    141.370  52197.250    32.1040     3.5158    140.000     3.5112    25.5293     8.0061    11.4416    107.093    348.653    357.554   -0.00002    7.47587   10.68376  325.56100     3.5072   16.69474 3.7912e-02     0.2353     0.5483 0.0000e+00
       1010 109.526173    0.07008     4.2050    252.302    142.379  52195.899    32.1044     3.5232    141.000     3.5179    25.5290     8.0040    11.4386    107.085    348.563    357.462   -0.00007    7.47449   10.68179  325.50083     3.5146   16.69188 3.7912e-02     0.2424     0.5416 0.0000e+00
       1014 109.526184    0.07036     4.2215    253.289    143.390  52192.577    32.1031     3.5287    142.000     3.5219    25.5274     8.0019    11.4355    107.070    348.470    357.366   -0.00013    7.47355   10.68045  325.46061     3.5200   16.68997 3.7912e-02     0.2355     0.5401 0.0000e+00
       1019 109.526198    0.07069     4.2417    254.502    144.400  52202.294    32.1112     3.5366    143.000     3.5361    25.5332     7.9950    11.4256    107.004    348.166    357.056   -0.00031    7.47169   10.67779  325.37768     3.5278   16.68600 3.7912e-02     0.2326     0.5607 0.0000e+00
       1024 109.526213    0.07106     4.2634    255.804    145.411  52199.754    32.1154     3.5621    144.000     3.5606    25.5343     7.9945    11.4249    107.067    348.144    357.034   -0.00012    7.46680   10.67080  325.16428     3.5532   16.67584 3.7912e-02     0.2335     0.5799 0.0000e+00
       1028 109.526225    0.07134     4.2802    256.811    146.420  52188.516    32.1097     3.5715    145.000     3.5649    25.5288     7.9956    11.4265    107.102    348.194    357.083   -0.00002    7.46537   10.66875  325.10354     3.5625   16.67297 3.7912e-02     0.2250     0.6061 0.0000e+00
       1032 109.526235    0.07158     4.2947    257.682    147.431  52189.975    32.1114     3.5762    146.000     3.5703    25.5298     7.9884    11.4161    107.020    347.879    356.761   -0.00028    7.46442   10.66740  325.06199     3.5672   16.67099 3.7912e-02     0.2310     0.5994 0.0000e+00
       1035 109.526245    0.07182     4.3093    258.557    148.440  52189.078    32.1117     3.5816    147.000     3.5752    25.5295     7.9838    11.4096    106.972    347.680    356.556   -0.00041    7.46342   10.66597  325.01863     3.5725   16.66893 3.7912e-02     0.2311     0.5966 0.0000e+00
       1039 109.526256    0.07209     4.3255    259.532    149.451  52190.049    32.1132     3.5870    148.000     3.5811    25.5302     7.9742    11.3959    106.859    347.262    356.128   -0.00067    7.46236   10.66446  324.97232     3.5778   16.66672 3.7912e-02     0.2352     0.5931 0.0000e+00
       1043 109.526268    0.07239     4.3437    260.620    150.460  52193.771    32.1174     3.5956    149.000     3.5922    25.5328     7.9689    11.3883    106.813    347.029    355.890   -0.00075    7.46058   10.66191  324.89396     3.5862   16.66297 3.7912e-02     0.2416     0.5937 0.0000e+00
       1049 109.526284    0.07276     4.3654    261.924    151.471  52188.466    32.1172     3.6110    150.000     3.6048    25.5312     7.9740    11.3957    106.922    347.253    356.119   -0.00034    7.45776   10.65789  324.77207     3.6015   16.65718 3.7912e-02     0.2227     0.6198 0.0000e+00
       1053 109.526297    0.07308     4.3845    263.072    152.481  52186.139    32.1163     3.6157    151.000     3.6083    25.5300     7.9708    11.3911    106.891    347.115    355.976   -0.00039    7.45695   10.65672  324.73671     3.6062   16.65550 3.7912e-02     0.2188     0.6324 0.0000e+00
       1058 109.526310    0.07337     4.4022    264.133    153.491  52191.764    32.1208     3.6206    152.000     3.6137    25.5333     7.9633    11.3804    106.807    346.788    355.642   -0.00060    7.45580   10.65510  324.68624     3.6111   16.65308 3.7912e-02     0.2247     0.6311 0.0000e+00
