CTD-processing/allCTD/CNV/2013_02-12_alongbay_skb12_cast044_5028.cnv
* Sea-Bird SBE19plus Data File:
* FileName = C:\Documents and Settings\kris.holderied.local\My Documents\2012-2013-CTD-DATA-new-files\2013-02-EVOSTC-CookInlet\2013-02-12-along-KBay-line\2012-02-12-Along-KBay-line-cast044.hex
* Software Version 1.54
* Temperature SN =  5028
* Conductivity SN =  5028
* System UpLoad Time = Mar 14 2013 23:57:10
** Kachemak Bay - along-bay transect, west to east
** Date:  12 Feb 2013
** Station: KB-11
** Start time (AKDT-24 hr): 21:37
** Depth (m): 51
** Comment: CTD time set wrong by 2 hours
** Comment: Supplement to Gulf Watch sampling
# nquan = 27
# nvalues = 43                          
# units = specified
# name 0 = scan: Scan Count
# name 1 = timeJ: Julian Days
# name 2 = timeH: Time, Elapsed [hours]
# name 3 = timeM: Time, Elapsed [minutes]
# name 4 = timeS: Time, Elapsed [seconds]
# name 5 = prdM: Pressure, Strain Gauge [db]
# name 6 = specc: Specific Conductance [uS/cm]
# name 7 = sal00: Salinity, Practical [PSU]
# name 8 = tv290C: Temperature [ITS-90, deg C]
# name 9 = depSM: Depth [salt water, m], lat = 59.00
# name 10 = potemp090C: Potential Temperature [ITS-90, deg C]
# name 11 = sigma-é00: Density [sigma-theta, kg/m^3]
# name 12 = sbeox0ML/L: Oxygen, SBE 43 [ml/l]
# name 13 = sbeox0Mg/L: Oxygen, SBE 43 [mg/l]
# name 14 = sbeox0PS: Oxygen, SBE 43 [% saturation]
# name 15 = sbox0Mm/Kg: Oxygen, SBE 43 [umol/kg]
# name 16 = sbeox0Mm/L: Oxygen, SBE 43 [umol/l]
# name 17 = sbox0dV/dT: Oxygen, SBE 43 [dov/dt]
# name 18 = oxsolML/L: Oxygen Saturation, Garcia & Gordon [ml/l]
# name 19 = oxsolMg/L: Oxygen Saturation, Garcia & Gordon [mg/l]
# name 20 = oxsolMm/Kg: Oxygen Saturation, Garcia & Gordon [umol/kg]
# name 21 = potemp090C: Potential Temperature [ITS-90, deg C]
# name 22 = n2satMg/L: Nitrogen Saturation [mg/l]
# name 23 = par: PAR/Irradiance, Biospherical/Licor
# name 24 = flECO-AFL: Fluorescence, WET Labs ECO-AFL/FL [mg/m^3]
# name 25 = turbWETntu0: Turbidity, WET Labs ECO [NTU]
# name 26 = flag: flag
# span 0 =         96,        591       
# span 1 =  43.984950,  43.986383       
# span 2 =    0.00657,    0.04098       
# span 3 =     0.3942,     2.4589       
# span 4 =     23.649,    147.533       
# span 5 =      1.009,     43.411       
# span 6 =  50486.291,  51355.793       
# span 7 =    30.9498,    31.5965       
# span 8 =     3.0623,     3.5693       
# span 9 =      1.000,     43.000       
# span 10 =     3.1512,     3.5667      
# span 11 =    24.6442,    25.1200      
# span 12 =     6.4273,     7.6674      
# span 13 =     9.1853,    10.9575      
# span 14 =     85.140,    102.253      
# span 15 =    280.021,    334.038      
# span 16 =    287.044,    342.426      
# span 17 =   -0.00025,    0.02013      
# span 18 =    7.49180,    7.62499      
# span 19 =   10.70654,   10.89688      
# span 20 =  326.38524,  332.38132      
# span 21 =     3.0623,     3.5667      
# span 22 =   16.73596,   17.02316      
# span 23 = 3.7912e-02, 1.7344e+00      
# span 24 =     0.3973,     0.5497      
# span 25 =     1.2452,     2.2534      
# span 26 = 0.0000e+00, 0.0000e+00      
# interval = meters: 1                  
# start_time = Feb 12 2013 23:37:56 [Instrument's time stamp, header]
# bad_flag = -9.990e-29
*END*
         96  43.984950    0.00657     0.3942     23.649      1.009  50486.291    30.9498     3.0623      1.000     3.1512    24.6442     6.9353     9.9113     90.973    302.316    309.732    0.00696    7.62499   10.89688  332.38132     3.0623   17.02316 1.7344e+00     0.4486     1.3483 0.0000e+00
        250  43.985395    0.01726     1.0354     62.125      2.019  51176.841    31.4107     3.2315      2.000     3.2231    25.0013     6.6502     9.5038     87.910    289.755    296.997    0.00541    7.56406   10.80980  329.57159     3.2314   16.88813 7.0111e-01     0.4570     1.2653 0.0000e+00
        333  43.985637    0.02307     1.3841     83.044      3.028  51319.982    31.5194     3.2808      3.000     3.2878    25.0837     6.4273     9.1853     85.140    280.021    287.044    0.00180    7.54922   10.78859  328.89804     3.2806   16.85568 3.6366e-01     0.4546     1.2725 0.0000e+00
        334  43.985638    0.02310     1.3858     83.148      4.038  51313.868    31.5175     3.2914      4.000     3.2928    25.0813     6.7506     9.6473     89.444    294.105    301.482    0.01240    7.54734   10.78591  328.81707     3.2912   16.85184 2.4533e-01     0.4699     1.2623 0.0000e+00
        340  43.985658    0.02356     1.4140     84.838      5.048  51312.590    31.5166     3.2932      5.000     3.2924    25.0805     7.0624    10.0929     93.578    307.689    315.406    0.02013    7.54706   10.78550  328.80508     3.2929   16.85128 1.4998e-01     0.4793     1.2650 0.0000e+00
        349  43.985682    0.02415     1.4491     86.949      6.057  51315.401    31.5173     3.2904      6.000     3.2897    25.0812     7.1433    10.2085     94.644    311.215    319.021    0.01682    7.54753   10.78618  328.82552     3.2901   16.85225 1.0110e-01     0.4667     1.2602 0.0000e+00
        358  43.985708    0.02477     1.4863     89.175      7.066  51317.392    31.5180     3.2902      7.000     3.2898    25.0819     7.1167    10.1705     94.291    310.055    317.832    0.01070    7.54755   10.78620  328.82605     3.2898   16.85227 7.3526e-02     0.4952     1.2607 0.0000e+00
        366  43.985733    0.02538     1.5228     91.368      8.075  51318.666    31.5184     3.2903      8.000     3.2901    25.0822     7.1247    10.1818     94.397    310.400    318.186    0.00761    7.54749   10.78612  328.82340     3.2899   16.85214 5.5217e-02     0.5303     1.2675 0.0000e+00
        372  43.985750    0.02578     1.5469     92.813      9.086  51319.906    31.5191     3.2919      9.000     3.2921    25.0826     7.1550    10.2251     94.803    311.722    319.540    0.00702    7.54717   10.78567  328.80933     3.2913   16.85147 4.6530e-02     0.5419     1.2789 0.0000e+00
        377  43.985765    0.02613     1.5681     94.088     10.095  51318.471    31.5180     3.2934     10.000     3.2923    25.0816     7.2051    10.2968     95.470    313.905    321.779    0.00743    7.54695   10.78535  328.80005     3.2928   16.85103 5.2785e-02     0.5497     1.2728 0.0000e+00
        382  43.985778    0.02645     1.5871     95.229     11.104  51320.464    31.5186     3.2924     11.000     3.2920    25.0821     7.2713    10.3913     96.345    316.787    324.733    0.00846    7.54710   10.78555  328.80612     3.2918   16.85132 6.2350e-02     0.5307     1.2452 0.0000e+00
        387  43.985792    0.02678     1.6064     96.386     12.114  51322.212    31.5196     3.2938     12.000     3.2941    25.0828     7.3412    10.4912     97.275    319.832    327.855    0.00951    7.54679   10.78511  328.79234     3.2931   16.85066 4.5239e-02     0.5195     1.2593 0.0000e+00
        391  43.985803    0.02705     1.6230     97.380     13.123  51320.413    31.5182     3.2949     13.000     3.2937    25.0816     7.3997    10.5749     98.053    322.386    330.472    0.01014    7.54665   10.78492  328.78676     3.2942   16.85040 3.9806e-02     0.5355     1.2537 0.0000e+00
        395  43.985815    0.02733     1.6401     98.408     14.133  51323.296    31.5194     3.2943     14.000     3.2946    25.0827     7.4542    10.6528     98.775    324.760    332.907    0.01056    7.54672   10.78501  328.78937     3.2935   16.85052 3.8126e-02     0.5404     1.2500 0.0000e+00
        399  43.985828    0.02765     1.6589     99.534     15.142  51330.225    31.5251     3.3003     15.000     3.3055    25.0867     7.4815    10.6918     99.155    325.947    334.124    0.00977    7.54530   10.78299  328.72637     3.2994   16.84750 3.7934e-02     0.5341     1.2596 0.0000e+00
        404  43.985841    0.02797     1.6777    100.662     16.152  51329.527    31.5280     3.3155     16.000     3.3211    25.0877     7.5197    10.7465     99.701    327.611    335.831    0.00955    7.54231   10.77871  328.59581     3.3146   16.84129 3.7916e-02     0.5258     1.2737 0.0000e+00
        409  43.985855    0.02830     1.6984    101.903     17.161  51323.653    31.5273     3.3303     17.000     3.3334    25.0859     7.5506    10.7907    100.147    328.961    337.213    0.00898    7.53959   10.77484  328.47819     3.3293   16.83570 3.7912e-02     0.5193     1.3202 0.0000e+00
        413  43.985869    0.02862     1.7175    103.053     18.171  51321.480    31.5276     3.3394     18.000     3.3413    25.0853     7.5593    10.8029    100.284    329.337    337.598    0.00778    7.53788   10.77239  328.40363     3.3384   16.83216 3.7912e-02     0.5122     1.3356 0.0000e+00
        419  43.985884    0.02900     1.7401    104.406     19.180  51322.820    31.5298     3.3466     19.000     3.3494    25.0865     7.5777    10.8293    100.549    330.140    338.421    0.00688    7.53642   10.77030  328.33956     3.3455   16.82910 3.7912e-02     0.5093     1.3417 0.0000e+00
        424  43.985901    0.02939     1.7636    105.819     20.189  51325.070    31.5343     3.3601     20.000     3.3636    25.0888     7.5960    10.8555    100.827    330.935    339.238    0.00616    7.53370   10.76640  328.22011     3.3589   16.82341 3.7912e-02     0.5063     1.3856 0.0000e+00
        431  43.985919    0.02983     1.7898    107.388     21.199  51344.393    31.5525     3.3826     21.000     3.3962    25.1014     7.6120    10.8783    101.108    331.628    339.952    0.00546    7.52857   10.75908  327.99292     3.3814   16.81254 3.7912e-02     0.5049     1.4247 0.0000e+00
        437  43.985937    0.03028     1.8165    108.992     22.209  51342.599    31.5631     3.4310     22.000     3.4416    25.1055     7.6387    10.9164    101.591    332.788    341.143    0.00545    7.51906   10.74549  327.57723     3.4297   16.79274 3.7912e-02     0.4915     1.5496 0.0000e+00
        443  43.985956    0.03071     1.8426    110.553     23.219  51331.597    31.5624     3.4598     23.000     3.4629    25.1025     7.6324    10.9074    101.579    332.515    340.862    0.00419    7.51374   10.73789  327.34653     3.4585   16.78178 3.7912e-02     0.4818     1.7103 0.0000e+00
        450  43.985974    0.03117     1.8701    112.206     24.228  51325.583    31.5597     3.4674     24.000     3.4667    25.0996     7.6135    10.8805    101.345    331.694    340.020    0.00255    7.51247   10.73608  327.29213     3.4660   16.77921 3.7912e-02     0.4767     1.8185 0.0000e+00
        456  43.985993    0.03162     1.8973    113.839     25.237  51326.336    31.5602     3.4695     25.000     3.4685    25.0999     7.6111    10.8770    101.319    331.590    339.913    0.00181    7.51207   10.73549  327.27431     3.4680   16.77836 3.7912e-02     0.4689     1.8450 0.0000e+00
        463  43.986013    0.03208     1.9249    115.494     26.247  51327.605    31.5610     3.4712     26.000     3.4703    25.1003     7.6225    10.8934    101.475    332.087    340.422    0.00176    7.51171   10.73498  327.25872     3.4697   16.77761 3.7912e-02     0.4702     1.8722 0.0000e+00
        470  43.986033    0.03257     1.9541    117.248     27.257  51329.931    31.5627     3.4737     27.000     3.4730    25.1014     7.6338    10.9094    101.632    332.575    340.923    0.00168    7.51118   10.73422  327.23509     3.4721   16.77648 3.7912e-02     0.4667     1.8510 0.0000e+00
        477  43.986053    0.03305     1.9832    118.990     28.266  51332.180    31.5648     3.4782     28.000     3.4778    25.1028     7.6419    10.9210    101.754    332.931    341.289    0.00155    7.51024   10.73288  327.19365     3.4765   16.77450 3.7912e-02     0.4585     1.8844 0.0000e+00
        484  43.986074    0.03356     2.0134    120.805     29.276  51334.753    31.5673     3.4832     29.000     3.4833    25.1043     7.6445    10.9247    101.802    333.041    341.402    0.00123    7.50917   10.73136  327.14695     3.4814   16.77227 3.7912e-02     0.4479     1.8983 0.0000e+00
        492  43.986096    0.03408     2.0447    122.681     30.286  51338.660    31.5713     3.4906     30.000     3.4917    25.1068     7.6503    10.9331    101.901    333.295    341.664    0.00112    7.50760   10.72911  327.07763     3.4888   16.76897 3.7912e-02     0.4591     1.8932 0.0000e+00
        499  43.986116    0.03457     2.0743    124.459     31.295  51343.501    31.5776     3.5044     31.000     3.5060    25.1106     7.6583    10.9444    102.046    333.640    342.018    0.00118    7.50473   10.72501  326.95119     3.5026   16.76293 3.7912e-02     0.4504     1.9283 0.0000e+00
        507  43.986139    0.03512     2.1074    126.444     32.304  51342.909    31.5796     3.5162     32.000     3.5177    25.1111     7.6674    10.9575    102.199    334.038    342.426    0.00122    7.50244   10.72175  326.85152     3.5143   16.75818 3.7912e-02     0.4513     1.9266 0.0000e+00
        514  43.986160    0.03561     2.1365    128.188     33.314  51333.858    31.5755     3.5262     33.000     3.5266    25.1070     7.6666    10.9564    102.211    334.006    342.392    0.00092    7.50080   10.71940  326.78133     3.5243   16.75486 3.7912e-02     0.4443     1.9672 0.0000e+00
        521  43.986179    0.03608     2.1649    129.892     34.324  51348.441    31.5874     3.5363     34.000     3.5366    25.1156     7.6646    10.9535    102.217    333.915    342.302    0.00068    7.49834   10.71589  326.67153     3.5343   16.74960 3.7912e-02     0.4305     1.9488 0.0000e+00
        528  43.986201    0.03661     2.1966    131.796     35.333  51348.616    31.5885     3.5423     35.000     3.5414    25.1159     7.6628    10.9509    102.209    333.834    342.219    0.00044    7.49718   10.71422  326.62064     3.5402   16.74717 3.7912e-02     0.4185     1.9804 0.0000e+00
        535  43.986221    0.03709     2.2256    133.536     36.343  51352.738    31.5922     3.5482     36.000     3.5485    25.1183     7.6598    10.9467    102.187    333.707    342.089    0.00024    7.49591   10.71241  326.56464     3.5460   16.74450 3.7912e-02     0.4178     2.0358 0.0000e+00
        542  43.986242    0.03758     2.2549    135.296     37.352  51354.274    31.5952     3.5580     37.000     3.5577    25.1199     7.6611    10.9485    102.231    333.762    342.146    0.00027    7.49395   10.70961  326.47892     3.5557   16.74041 3.7912e-02     0.4205     2.1042 0.0000e+00
        550  43.986264    0.03811     2.2865    137.193     38.363  51351.670    31.5940     3.5621     38.000     3.5600    25.1185     7.6556    10.9406    102.167    333.522    341.899   -0.00000    7.49325   10.70860  326.44857     3.5599   16.73897 3.7912e-02     0.4092     2.1662 0.0000e+00
        557  43.986285    0.03862     2.3175    139.053     39.372  51351.433    31.5932     3.5618     39.000     3.5592    25.1179     7.6559    10.9411    102.170    333.536    341.913   -0.00003    7.49334   10.70873  326.45289     3.5595   16.73918 3.7912e-02     0.4196     2.1415 0.0000e+00
        566  43.986310    0.03922     2.3529    141.175     40.382  51355.443    31.5958     3.5636     40.000     3.5623    25.1199     7.6605    10.9476    102.238    333.736    342.119    0.00012    7.49288   10.70807  326.43202     3.5612   16.73818 3.7912e-02     0.4104     2.1392 0.0000e+00
        575  43.986336    0.03983     2.3900    143.399     41.391  51355.657    31.5965     3.5678     41.000     3.5657    25.1200     7.6609    10.9482    102.253    333.751    342.135    0.00009    7.49208   10.70693  326.39718     3.5653   16.73652 3.7912e-02     0.4060     2.1780 0.0000e+00
        583  43.986360    0.04043     2.4255    145.532     42.401  51355.793    31.5965     3.5693     42.000     3.5667    25.1199     7.6525    10.9361    102.145    333.385    341.760   -0.00025    7.49180   10.70654  326.38524     3.5667   16.73596 3.7912e-02     0.3973     2.2377 0.0000e+00
        591  43.986383    0.04098     2.4589    147.533     43.411  51354.996    31.5952     3.5682     43.000     3.5649    25.1189     7.6558    10.9410    102.186    333.531    341.909   -0.00010    7.49207   10.70691  326.39704     3.5656   16.73652 3.7912e-02     0.4153     2.2534 0.0000e+00
