CTD-processing/allCTD/CNV/2013_07-18_t7_s08_cast016_5028.cnv
* Sea-Bird SBE19plus Data File:
* FileName = C:\Documents and Settings\kris.holderied.local\My Documents\2012-2013-CTD-DATA-new-files\2013-07-CookInlet-EVOSTC-LTM\2013-07-18-CookInlet-Tran7-Augustine\2013-07-18-CookInlet-Tran7-Augustine-cast016.hex
* Software Version 1.54
* Temperature SN =  5028
* Conductivity SN =  5028
* System UpLoad Time = Jul 18 2013 22:18:46
** Cook Inlet LTM Ocean - Tran7 Augustine Line, East to West
** Date: 2013-07-18
** Station: 7-08
** Start time (AKDT-24 hr): 17:50
** Depth (m): 73
** Comment:
** Comment:
# nquan = 27
# nvalues = 72                          
# units = specified
# name 0 = scan: Scan Count
# name 1 = timeJ: Julian Days
# name 2 = timeH: Time, Elapsed [hours]
# name 3 = timeM: Time, Elapsed [minutes]
# name 4 = timeS: Time, Elapsed [seconds]
# name 5 = prdM: Pressure, Strain Gauge [db]
# name 6 = specc: Specific Conductance [uS/cm]
# name 7 = sal00: Salinity, Practical [PSU]
# name 8 = tv290C: Temperature [ITS-90, deg C]
# name 9 = depSM: Depth [salt water, m], lat = 59.00
# name 10 = potemp090C: Potential Temperature [ITS-90, deg C]
# name 11 = sigma-é00: Density [sigma-theta, kg/m^3]
# name 12 = sbeox0ML/L: Oxygen, SBE 43 [ml/l]
# name 13 = sbeox0Mg/L: Oxygen, SBE 43 [mg/l]
# name 14 = sbeox0PS: Oxygen, SBE 43 [% saturation]
# name 15 = sbox0Mm/Kg: Oxygen, SBE 43 [umol/kg]
# name 16 = sbeox0Mm/L: Oxygen, SBE 43 [umol/l]
# name 17 = sbox0dV/dT: Oxygen, SBE 43 [dov/dt]
# name 18 = oxsolML/L: Oxygen Saturation, Garcia & Gordon [ml/l]
# name 19 = oxsolMg/L: Oxygen Saturation, Garcia & Gordon [mg/l]
# name 20 = oxsolMm/Kg: Oxygen Saturation, Garcia & Gordon [umol/kg]
# name 21 = potemp090C: Potential Temperature [ITS-90, deg C]
# name 22 = n2satMg/L: Nitrogen Saturation [mg/l]
# name 23 = par: PAR/Irradiance, Biospherical/Licor
# name 24 = flECO-AFL: Fluorescence, WET Labs ECO-AFL/FL [mg/m^3]
# name 25 = turbWETntu0: Turbidity, WET Labs ECO [NTU]
# name 26 = flag: flag
# span 0 =        164,        811       
# span 1 = 199.744119, 199.745990       
# span 2 =    0.01135,    0.05625       
# span 3 =     0.6811,     3.3751       
# span 4 =     40.866,    202.503       
# span 5 =      1.009,     72.692       
# span 6 =  43797.741,  51007.056       
# span 7 =    27.8365,    32.0280       
# span 8 =     6.7500,    12.2104       
# span 9 =      1.000,     72.000       
# span 10 =     6.7440,    12.1992      
# span 11 =    20.9979,    25.1116      
# span 12 =     5.6566,     8.9862      
# span 13 =     8.0839,    12.8422      
# span 14 =     89.784,    138.968      
# span 15 =    247.442,    392.073      
# span 16 =    252.626,    401.325      
# span 17 =   -0.05221,    0.06444      
# span 18 =    6.24782,    6.92426      
# span 19 =    8.92875,    9.89545      
# span 20 =  272.97021,  301.66209      
# span 21 =     6.7440,    12.2103      
# span 22 =   14.19627,   15.55715      
# span 23 = 5.8815e-02, 2.5651e+02      
# span 24 =     0.2282,     6.9624      
# span 25 =     0.2704,     1.0162      
# span 26 = 0.0000e+00, 0.0000e+00      
# interval = meters: 1                  
# start_time = Jul 18 2013 17:50:51 [Instrument's time stamp, header]
# bad_flag = -9.990e-29
*END*
[from data line 54]
        708 199.745692    0.04911     2.9464    176.783     55.526  50984.070    32.0248     6.7782     55.000     6.7709    25.1054     6.9325     9.9072    100.183    302.022    309.605   -0.00224    6.91984    9.88915  301.47164     6.7734   15.54808 6.6938e-02     0.3192     0.3514 0.0000e+00
        713 199.745707    0.04946     2.9678    178.071     56.537  50988.546    32.0263     6.7721     56.000     6.7662    25.1074     6.9363     9.9127    100.224    302.188    309.775   -0.00164    6.92076    9.89045  301.51084     6.7673   15.54994 6.5901e-02     0.3328     0.3552 0.0000e+00
        719 199.745722    0.04983     2.9902    179.411     57.547  50990.017    32.0265     6.7704     57.000     6.7645    25.1079     6.9370     9.9138    100.232    302.222    309.811   -0.00130    6.92103    9.89085  301.52268     6.7654   15.55051 6.4977e-02     0.3837     0.4022 0.0000e+00
        724 199.745739    0.05024     3.0141    180.844     58.555  50990.264    32.0256     6.7668     58.000     6.7598    25.1076     6.9301     9.9038    100.122    301.918    309.499   -0.00135    6.92165    9.89172  301.54953     6.7617   15.55179 6.4171e-02     0.2751     0.3632 0.0000e+00
        731 199.745758    0.05069     3.0413    182.475     59.565  50993.583    32.0264     6.7614     59.000     6.7551    25.1089     6.9269     9.8992    100.064    301.779    309.356   -0.00121    6.92247    9.89290  301.58513     6.7563   15.55349 6.3564e-02     0.2562     0.3585 0.0000e+00
        737 199.745777    0.05114     3.0684    184.106     60.575  50995.322    32.0265     6.7579     60.000     6.7515    25.1095     6.9215     9.8915     99.978    301.543    309.114   -0.00118    6.92304    9.89371  301.60949     6.7527   15.55464 6.2900e-02     0.2429     0.3522 0.0000e+00
        743 199.745792    0.05151     3.0908    185.446     61.584  50997.297    32.0269     6.7550     61.000     6.7488    25.1102     6.9165     9.8844     99.899    301.325    308.891   -0.00119    6.92347    9.89434  301.62849     6.7497   15.55555 6.2336e-02     0.2374     0.3653 0.0000e+00
        749 199.745811    0.05196     3.1176    187.056     62.594  50999.416    32.0275     6.7529     62.000     6.7471    25.1109     6.9171     9.8853     99.904    301.351    308.918   -0.00091    6.92378    9.89477  301.64156     6.7475   15.55617 6.1898e-02     0.2320     0.3623 0.0000e+00
        756 199.745830    0.05241     3.1446    188.676     63.605  51000.595    32.0276     6.7517     63.000     6.7459    25.1112     6.9150     9.8822     99.869    301.257    308.822   -0.00079    6.92397    9.89504  301.64956     6.7462   15.55655 6.1437e-02     0.2293     0.3673 0.0000e+00
        762 199.745847    0.05283     3.1697    190.180     64.614  51001.712    32.0278     6.7512     64.000     6.7455    25.1114     6.9043     9.8670     99.715    300.794    308.347   -0.00110    6.92405    9.89515  301.65301     6.7456   15.55672 6.1018e-02     0.2598     0.3862 0.0000e+00
        770 199.745870    0.05339     3.2033    192.200     65.624  51002.377    32.0278     6.7511     65.000     6.7454    25.1115     6.9106     9.8759     99.805    301.066    308.627   -0.00053    6.92405    9.89517  301.65335     6.7455   15.55673 6.0630e-02     0.2437     0.3716 0.0000e+00
        776 199.745889    0.05384     3.2303    193.818     66.633  51002.824    32.0276     6.7508     66.000     6.7447    25.1114     6.9140     9.8809     99.855    301.218    308.782   -0.00028    6.92412    9.89527  301.65638     6.7450   15.55688 6.0274e-02     0.2579     0.4431 0.0000e+00
        782 199.745905    0.05422     3.2528    195.165     67.643  51003.619    32.0275     6.7500     67.000     6.7440    25.1114     6.9146     9.8817     99.861    301.243    308.808   -0.00023    6.92426    9.89545  301.66209     6.7441   15.55715 5.9949e-02     0.2608     0.4263 0.0000e+00
        788 199.745923    0.05464     3.2787    196.719     68.653  51004.338    32.0275     6.7500     68.000     6.7440    25.1114     6.9111     9.8766     99.809    301.087    308.648   -0.00036    6.92426    9.89545  301.66203     6.7440   15.55715 5.9633e-02     0.2490     0.3952 0.0000e+00
        796 199.745945    0.05518     3.3106    198.639     69.663  51005.232    32.0277     6.7502     69.000     6.7445    25.1115     6.9032     9.8654     99.697    300.745    308.297   -0.00061    6.92420    9.89537  301.65965     6.7442   15.55704 5.9440e-02     0.2326     0.3723 0.0000e+00
        801 199.745961    0.05557     3.3340    200.038     70.673  51005.804    32.0278     6.7510     70.000     6.7452    25.1115     6.9051     9.8681     99.726    300.828    308.383   -0.00043    6.92406    9.89518  301.65385     6.7449   15.55676 5.9246e-02     0.2428     0.3860 0.0000e+00
        806 199.745974    0.05587     3.3521    201.128     71.683  51006.573    32.0280     6.7516     71.000     6.7456    25.1116     6.9033     9.8655     99.701    300.748    308.300   -0.00045    6.92396    9.89504  301.64936     6.7455   15.55654 5.9081e-02     0.2282     0.4148 0.0000e+00
        811 199.745990    0.05625     3.3751    202.503     72.692  51007.056    32.0279     6.7520     72.000     6.7458    25.1115     6.8979     9.8577     99.624    300.513    308.059   -0.00064    6.92390    9.89494  301.64650     6.7458   15.55641 5.8815e-02     0.2494     0.4338 0.0000e+00
