CTD-processing/allCTD/CNV/2013_07-09_t9andtutka_s08_cast226_5028.cnv
* Sea-Bird SBE19plus Data File:
* FileName = C:\Documents and Settings\kbayadmin\My Documents\CTD data\2013-07-09 Kachemak Bay Homer Spit Line and Tutka Bay\2013-07-09 Kachemak Bay Homer Spit Line and Tutka Bay cast226.hex
* Software Version 1.59
* Temperature SN =  5028
* Conductivity SN =  5028
* System UpLoad Time = Jul 10 2013 11:19:22
** Kachemak Bay Homer Spit Line and Tutka Bay
** 2013-07-05
** Station: 9.08
** N': 59 35.313
** W': -151 23.719
** Start Time: 1847
** Depth(ft): 305
# nquan = 27
# nvalues = 87                          
# units = specified
# name 0 = scan: Scan Count
# name 1 = timeJ: Julian Days
# name 2 = timeH: Time, Elapsed [hours]
# name 3 = timeM: Time, Elapsed [minutes]
# name 4 = timeS: Time, Elapsed [seconds]
# name 5 = prdM: Pressure, Strain Gauge [db]
# name 6 = specc: Specific Conductance [uS/cm]
# name 7 = sal00: Salinity, Practical [PSU]
# name 8 = tv290C: Temperature [ITS-90, deg C]
# name 9 = depSM: Depth [salt water, m], lat = 59.00
# name 10 = potemp090C: Potential Temperature [ITS-90, deg C]
# name 11 = sigma-é00: Density [sigma-theta, kg/m^3]
# name 12 = sbeox0ML/L: Oxygen, SBE 43 [ml/l]
# name 13 = sbeox0Mg/L: Oxygen, SBE 43 [mg/l]
# name 14 = sbeox0PS: Oxygen, SBE 43 [% saturation]
# name 15 = sbox0Mm/Kg: Oxygen, SBE 43 [umol/kg]
# name 16 = sbeox0Mm/L: Oxygen, SBE 43 [umol/l]
# name 17 = sbox0dV/dT: Oxygen, SBE 43 [dov/dt]
# name 18 = oxsolML/L: Oxygen Saturation, Garcia & Gordon [ml/l]
# name 19 = oxsolMg/L: Oxygen Saturation, Garcia & Gordon [mg/l]
# name 20 = oxsolMm/Kg: Oxygen Saturation, Garcia & Gordon [umol/kg]
# name 21 = potemp090C: Potential Temperature [ITS-90, deg C]
# name 22 = n2satMg/L: Nitrogen Saturation [mg/l]
# name 23 = par: PAR/Irradiance, Biospherical/Licor
# name 24 = flECO-AFL: Fluorescence, WET Labs ECO-AFL/FL [mg/m^3]
# name 25 = turbWETntu0: Turbidity, WET Labs ECO [NTU]
# name 26 = flag: flag
# span 0 =        246,        785       
# span 1 = 190.784668, 190.786227       
# span 2 =    0.01704,    0.05445       
# span 3 =     1.0225,     3.2667       
# span 4 =     61.351,    196.003       
# span 5 =      1.009,     87.839       
# span 6 =  45307.714,  50755.150       
# span 7 =    28.5693,    31.7129       
# span 8 =     6.0130,    10.0119       
# span 9 =      1.000,     87.000       
# span 10 =     6.0050,    10.0207      
# span 11 =    21.9341,    24.9493      
# span 12 =     6.4351,     7.8636      
# span 13 =     9.1965,    11.2379      
# span 14 =     97.820,    114.358      
# span 15 =    281.226,    342.685      
# span 16 =    287.393,    351.188      
# span 17 =   -0.00503,    0.01786      
# span 18 =    6.57895,    7.05934      
# span 19 =    9.40198,   10.08849      
# span 20 =  287.51259,  307.59568      
# span 21 =     6.0059,    10.0118      
# span 22 =   14.89576,   15.84132      
# span 23 = 4.8014e-02, 5.9647e+02      
# span 24 =     0.1697,     3.5273      
# span 25 =     0.4066,     1.9421      
# span 26 = 0.0000e+00, 0.0000e+00      
# interval = meters: 1                  
# start_time = Jul 09 2013 18:48:54 [Instrument's time stamp, header]
# bad_flag = -9.990e-29
*END*
[from data line 54]
        657 190.785856    0.04555     2.7331    163.985     55.527  50571.949    31.6938     6.5371     55.000     6.5287    24.8756     7.7382    11.0587    110.960    337.201    345.589   -0.00097    6.97390    9.96640  303.89469     6.5324   15.66497 6.3257e-02     0.1902     0.6764 0.0000e+00
        661 190.785867    0.04580     2.7480    164.882     56.536  50573.389    31.6931     6.5302     56.000     6.5213    24.8758     7.7394    11.0604    110.958    337.251    345.641   -0.00089    6.97504    9.96803  303.94443     6.5255   15.66734 6.0985e-02     0.1877     0.7034 0.0000e+00
        664 190.785878    0.04605     2.7634    165.802     57.546  50577.746    31.6944     6.5233     57.000     6.5159    24.8777     7.7422    11.0644    110.982    337.375    345.768   -0.00072    6.97611    9.96956  303.99048     6.5184   15.66953 5.9072e-02     0.1984     0.6956 0.0000e+00
        668 190.785888    0.04633     2.7795    166.770     58.556  50582.135    31.6962     6.5196     58.000     6.5143    24.8797     7.7393    11.0602    110.932    337.247    345.637   -0.00078    6.97662    9.97029  304.01218     6.5147   15.67056 5.7472e-02     0.1919     0.6773 0.0000e+00
        672 190.785900    0.04660     2.7960    167.762     59.565  50584.121    31.6972     6.5200     59.000     6.5156    24.8804     7.7324    11.0503    110.834    336.943    345.327   -0.00100    6.97652    9.97014  304.00743     6.5150   15.67033 5.6121e-02     0.1805     0.6895 0.0000e+00
        676 190.785912    0.04688     2.8128    168.768     60.575  50579.916    31.6938     6.5200     60.000     6.5116    24.8778     7.7336    11.0520    110.849    336.997    345.380   -0.00086    6.97666    9.97035  304.01459     6.5149   15.67069 5.4945e-02     0.1924     0.6958 0.0000e+00
        680 190.785924    0.04717     2.8302    169.809     61.585  50574.812    31.6878     6.5094     61.000     6.4953    24.8743     7.7373    11.0573    110.870    337.160    345.547   -0.00066    6.97865    9.97319  304.10232     6.5043   15.67489 5.3959e-02     0.2098     0.6857 0.0000e+00
        685 190.785936    0.04747     2.8482    170.894     62.594  50586.770    31.6924     6.4916     62.000     6.4818    24.8802     7.7355    11.0548    110.802    337.080    345.467   -0.00079    6.98133    9.97702  304.21746     6.4864   15.68036 5.3113e-02     0.2070     0.6875 0.0000e+00
        689 190.785949    0.04778     2.8665    171.989     63.604  50589.504    31.6920     6.4819     63.000     6.4710    24.8811     7.7234    11.0374    110.603    336.550    344.924   -0.00129    6.98294    9.97932  304.28712     6.4766   15.68368 5.2431e-02     0.2002     0.6931 0.0000e+00
        693 190.785962    0.04808     2.8847    173.083     64.614  50601.715    31.6979     6.4709     64.000     6.4655    24.8871     7.7185    11.0304    110.509    336.335    344.705   -0.00140    6.98446    9.98149  304.35155     6.4655   15.68673 5.1852e-02     0.2085     0.7223 0.0000e+00
        698 190.785974    0.04837     2.9027    174.161     65.624  50606.943    31.7016     6.4735     65.000     6.4694    24.8897     7.7087    11.0166    110.379    335.911    344.271   -0.00156    6.98386    9.98063  304.32453     6.4681   15.68543 5.1323e-02     0.2139     0.7600 0.0000e+00
        702 190.785987    0.04869     2.9213    175.279     66.634  50595.894    31.6929     6.4709     66.000     6.4583    24.8832     7.7126    11.0221    110.421    336.082    344.444   -0.00124    6.98468    9.98180  304.36226     6.4654   15.68726 5.0816e-02     0.2182     0.7558 0.0000e+00
        706 190.785999    0.04899     2.9395    176.370     67.643  50592.713    31.6869     6.4530     67.000     6.4378    24.8808     7.7144    11.0246    110.397    336.161    344.525   -0.00107    6.98788    9.98638  304.50238     6.4474   15.69396 5.0422e-02     0.2317     0.7586 0.0000e+00
        710 190.786011    0.04927     2.9562    177.371     68.653  50593.143    31.6830     6.4331     68.000     6.4162    24.8801     7.7040    11.0098    110.194    335.707    344.060   -0.00158    6.99129    9.99125  304.65129     6.4275   15.70108 5.0056e-02     0.2380     0.7978 0.0000e+00
        714 190.786023    0.04954     2.9728    178.365     69.663  50602.299    31.6845     6.4102     69.000     6.3914    24.8842     7.6942    10.9958    109.996    335.279    343.622   -0.00194    6.99497    9.99651  304.81049     6.4044   15.70867 4.9793e-02     0.2275     0.8379 0.0000e+00
        718 190.786034    0.04982     2.9890    179.343     70.673  50597.521    31.6753     6.3815     70.000     6.3550    24.8805     7.6716    10.9634    109.593    334.295    342.613   -0.00287    7.00007   10.00380  305.03374     6.3757   15.71935 4.9563e-02     0.2002     0.8251 0.0000e+00
        722 190.786046    0.05010     3.0061    180.368     71.683  50602.225    31.6696     6.3362     71.000     6.3083    24.8816     7.6477    10.9293    109.131    333.253    341.544   -0.00387    7.00776   10.01478  305.36830     6.3303   15.73532 4.9360e-02     0.1904     0.8277 0.0000e+00
        727 190.786059    0.05041     3.0245    181.470     72.692  50628.392    31.6796     6.2958     72.000     6.2785    24.8945     7.6459    10.9268    109.011    333.173    341.467   -0.00363    7.01390   10.02357  305.63228     6.2899   15.74786 4.9196e-02     0.1925     0.8324 0.0000e+00
        731 190.786071    0.05069     3.0416    182.498     73.702  50634.464    31.6789     6.2730     73.000     6.2536    24.8968     7.6562    10.9415    109.099    333.621    341.928   -0.00279    7.01768   10.02897  305.79627     6.2669   15.75567 4.9043e-02     0.1920     0.8453 0.0000e+00
        735 190.786082    0.05097     3.0584    183.506     74.712  50647.016    31.6820     6.2461     74.000     6.2289    24.9025     7.6555    10.9405    109.023    333.589    341.896   -0.00255    7.02194   10.03506  305.98031     6.2400   15.76443 4.8868e-02     0.1885     0.8899 0.0000e+00
        739 190.786094    0.05125     3.0750    184.497     75.721  50662.951    31.6887     6.2263     75.000     6.2144    24.9103     7.6442    10.9243    108.816    333.091    341.389   -0.00282    7.02488   10.03925  306.10574     6.2202   15.77038 4.8720e-02     0.1807     0.9519 0.0000e+00
        743 190.786105    0.05152     3.0911    185.468     76.732  50670.658    31.6917     6.2164     76.000     6.2067    24.9138     7.6386    10.9162    108.712    332.845    341.137   -0.00274    7.02636   10.04137  306.16940     6.2102   15.77341 4.8649e-02     0.1958     0.9317 0.0000e+00
        747 190.786117    0.05180     3.1079    186.476     77.741  50673.301    31.6916     6.2093     77.000     6.1989    24.9147     7.6445    10.9248    108.780    333.107    341.406   -0.00214    7.02755   10.04307  306.22084     6.2029   15.77586 4.8605e-02     0.1825     0.9420 0.0000e+00
        751 190.786128    0.05207     3.1248    187.485     78.751  50676.916    31.6922     6.2012     78.000     6.1910    24.9160     7.6472    10.9286    108.797    333.220    341.523   -0.00173    7.02885   10.04493  306.27709     6.1949   15.77854 4.8527e-02     0.1761     0.9664 0.0000e+00
        755 190.786139    0.05234     3.1403    188.421     79.761  50675.402    31.6891     6.1934     79.000     6.1796    24.9146     7.6400    10.9183    108.673    332.908    341.202   -0.00188    7.03029   10.04698  306.34033     6.1869   15.78157 4.8445e-02     0.1752     0.9686 0.0000e+00
        758 190.786150    0.05259     3.1553    189.320     80.771  50672.369    31.6834     6.1773     80.000     6.1572    24.9121     7.6340    10.9098    108.543    332.648    340.935   -0.00202    7.03320   10.05115  306.46804     6.1707   15.78768 4.8402e-02     0.1783     1.0011 0.0000e+00
        762 190.786160    0.05284     3.1705    190.231     81.780  50673.934    31.6789     6.1507     81.000     6.1251    24.9118     7.6192    10.8887    108.262    332.006    340.276   -0.00258    7.03780   10.05771  306.66824     6.1440   15.79724 4.8320e-02     0.1792     1.0548 0.0000e+00
        766 190.786171    0.05310     3.1859    191.155     82.791  50690.713    31.6835     6.1170     82.000     6.0957    24.9195     7.6039    10.8668    107.962    331.335    339.591   -0.00318    7.04315   10.06536  306.89913     6.1102   15.80822 4.8231e-02     0.1699     1.1167 0.0000e+00
        769 190.786181    0.05335     3.2009    192.054     83.800  50698.876    31.6837     6.0916     83.000     6.0690    24.9228     7.6000    10.8613    107.844    331.166    339.419   -0.00313    7.04733   10.07134  307.08065     6.0848   15.81687 4.8185e-02     0.1697     1.2155 0.0000e+00
        773 190.786192    0.05360     3.2162    192.973     84.810  50710.401    31.6854     6.0620     84.000     6.0397    24.9277     7.5980    10.8583    107.740    331.073    339.326   -0.00299    7.05214   10.07821  307.28863     6.0552   15.82677 4.8147e-02     0.1785     1.3541 0.0000e+00
        777 190.786203    0.05388     3.2325    193.950     85.820  50732.011    31.6945     6.0344     85.000     6.0191    24.9382     7.5862    10.8414    107.510    330.555    338.798   -0.00322    7.05629   10.08414  307.46607     6.0275   15.83519 4.8107e-02     0.2039     1.5106 0.0000e+00
        781 190.786214    0.05414     3.2482    194.893     86.830  50745.444    31.7008     6.0213     86.000     6.0101    24.9447     7.5709    10.8195    107.264    329.885    338.115   -0.00353    7.05816   10.08682  307.54586     6.0144   15.83897 4.8052e-02     0.2033     1.6347 0.0000e+00
        785 190.786227    0.05445     3.2667    196.003     87.839  50755.150    31.7054     6.0130     87.000     6.0050    24.9493     7.5666    10.8134    107.185    329.698    337.924   -0.00317    7.05934   10.08849  307.59568     6.0059   15.84132 4.8014e-02     0.1997     1.8327 0.0000e+00
