CTD-processing/allCTD/CNV/2013_06-06_alongbay_chinapootb_inner_cast177_5028.cnv
* Sea-Bird SBE19plus Data File:
* FileName = C:\Documents and Settings\kbayadmin\My Documents\CTD data\2013-06-06 Kachemak Bay all bay inner bay\2013-06-06 Kachemak Bay All Bay Inner Bay cast177.hex
* Software Version 1.59
* Temperature SN =  5028
* Conductivity SN =  5028
* System UpLoad Time = Jun 18 2013 16:07:35
** Kachemak Bay All Bay Inner Bay
** 2013-06-06
** Station: China Poot B
** N': 59 33.738
** W': 151 14.852
** Start Time: 1743
** Depth(ft): 45
# nquan = 27
# nvalues = 12                          
# units = specified
# name 0 = scan: Scan Count
# name 1 = timeJ: Julian Days
# name 2 = timeH: Time, Elapsed [hours]
# name 3 = timeM: Time, Elapsed [minutes]
# name 4 = timeS: Time, Elapsed [seconds]
# name 5 = prdM: Pressure, Strain Gauge [db]
# name 6 = specc: Specific Conductance [uS/cm]
# name 7 = sal00: Salinity, Practical [PSU]
# name 8 = tv290C: Temperature [ITS-90, deg C]
# name 9 = depSM: Depth [salt water, m], lat = 59.00
# name 10 = potemp090C: Potential Temperature [ITS-90, deg C]
# name 11 = sigma-é00: Density [sigma-theta, kg/m^3]
# name 12 = sbeox0ML/L: Oxygen, SBE 43 [ml/l]
# name 13 = sbeox0Mg/L: Oxygen, SBE 43 [mg/l]
# name 14 = sbeox0PS: Oxygen, SBE 43 [% saturation]
# name 15 = sbox0Mm/Kg: Oxygen, SBE 43 [umol/kg]
# name 16 = sbeox0Mm/L: Oxygen, SBE 43 [umol/l]
# name 17 = sbox0dV/dT: Oxygen, SBE 43 [dov/dt]
# name 18 = oxsolML/L: Oxygen Saturation, Garcia & Gordon [ml/l]
# name 19 = oxsolMg/L: Oxygen Saturation, Garcia & Gordon [mg/l]
# name 20 = oxsolMm/Kg: Oxygen Saturation, Garcia & Gordon [umol/kg]
# name 21 = potemp090C: Potential Temperature [ITS-90, deg C]
# name 22 = n2satMg/L: Nitrogen Saturation [mg/l]
# name 23 = par: PAR/Irradiance, Biospherical/Licor
# name 24 = flECO-AFL: Fluorescence, WET Labs ECO-AFL/FL [mg/m^3]
# name 25 = turbWETntu0: Turbidity, WET Labs ECO [NTU]
# name 26 = flag: flag
# span 0 =        355,        431       
# span 1 = 157.740574, 157.740793       
# span 2 =    0.02461,    0.02987       
# span 3 =     1.4768,     1.7924       
# span 4 =     88.608,    107.539       
# span 5 =      1.010,     12.114       
# span 6 =  44089.264,  49741.426       
# span 7 =    27.7525,    31.1129       
# span 8 =     6.3975,    10.3487       
# span 9 =      1.000,     12.000       
# span 10 =     6.4098,    10.3952      
# span 11 =    21.2450,    24.4346      
# span 12 =     6.0488,     8.6854      
# span 13 =     8.6444,    12.4123      
# span 14 =     86.114,    128.824      
# span 15 =    263.697,    379.019      
# span 16 =    270.141,    387.890      
# span 17 =   -0.06951,    0.00540      
# span 18 =    6.56432,    7.02348      
# span 19 =    9.38107,   10.03725      
# span 20 =  287.06401,  306.18648      
# span 21 =     6.3967,    10.3486      
# span 22 =   14.87767,   15.77659      
# span 23 = 1.2648e+00, 6.0645e+02      
# span 24 =     1.2383,     5.1807      
# span 25 =     1.6207,     6.1869      
# span 26 = 0.0000e+00, 0.0000e+00      
# interval = meters: 1                  
# start_time = Jun 06 2013 17:44:57 [Instrument's time stamp, header]
# bad_flag = -9.990e-29
*END*
        355 157.740574    0.02461     1.4768     88.608      1.010  44089.264    27.7525    10.3487      1.000    10.3952    21.2450     8.4566    12.0853    128.824    369.815    377.673    0.00245    6.56432    9.38107  287.06401    10.3486   14.87767 6.0645e+02     1.2383     1.8574 0.0000e+00
        365 157.740601    0.02526     1.5153     90.920      2.019  44619.479    28.0875    10.0546      2.000     9.8016    21.5516     8.4419    12.0643    128.053    369.063    377.015   -0.00067    6.59311    9.42221  288.23575    10.0544   14.93230 3.3642e+02     1.5673     1.9927 0.0000e+00
        371 157.740620    0.02570     1.5422     92.532      3.028  46524.533    29.2767     8.9371      3.000     8.6441    22.6486     8.1824    11.6935    122.019    357.339    365.429   -0.01981    6.70770    9.58598  292.93015     8.9368   15.15169 1.9613e+02     2.4696     1.9120 0.0000e+00
        378 157.740639    0.02617     1.5701     94.206      4.038  47518.125    29.8851     8.3151      4.000     8.2223    23.2155     8.4067    12.0140    124.077    366.923    375.443   -0.00841    6.77503    9.68219  295.70753     8.3147   15.28182 1.2267e+02     3.5163     1.8423 0.0000e+00
        384 157.740658    0.02663     1.5976     95.857      5.047  47853.085    30.0774     8.0364      5.000     7.9698    23.4055     8.6854    12.4123    127.552    379.019    387.890    0.00540    6.80937    9.73127  297.15146     8.0359   15.34995 7.5799e+01     3.7316     1.9658 0.0000e+00
        392 157.740679    0.02713     1.6277     97.660      6.057  48109.294    30.2202     7.8048      6.000     7.7397    23.5494     8.4758    12.1127    123.934    369.818    378.527   -0.00761    6.83898    9.77359  298.40171     7.8043   15.40903 4.7337e+01     3.7104     1.6209 0.0000e+00
        398 157.740696    0.02754     1.6526     99.154      7.066  48350.377    30.3542     7.5931      7.000     7.5069    23.6834     8.4583    12.0877    123.188    369.007    377.747   -0.00812    6.86617    9.81245  299.54885     7.5924   15.46321 2.9276e+01     5.1695     1.6207 0.0000e+00
        403 157.740713    0.02795     1.6769    100.612      8.076  48635.742    30.5105     7.3358      8.000     7.2357    23.8404     8.3449    11.9257    120.953    364.005    372.683   -0.01268    6.89981    9.86051  300.96993     7.3351   15.53034 1.8041e+01     5.1807     1.7486 0.0000e+00
        411 157.740735    0.02847     1.7083    102.498      9.085  49096.419    30.7637     6.9415      9.000     6.8527    24.0910     7.8327    11.1936    112.693    341.579    349.807   -0.03306    6.95129    9.93410  303.14178     6.9407   15.63288 1.0683e+01     4.6570     2.1866 0.0000e+00
        417 157.740754    0.02892     1.7354    104.121     10.095  49391.491    30.9264     6.7030     10.000     6.6404    24.2495     7.2006    10.2904    103.137    313.967    321.579   -0.05247    6.98232    9.97843  304.44761     6.7021   15.69446 6.0908e+00     3.5873     2.8027 0.0000e+00
        424 157.740772    0.02935     1.7610    105.662     11.104  49585.731    31.0292     6.5280     11.000     6.4886    24.3524     6.6249     9.4677     94.568    288.837    295.870   -0.06448    7.00606   10.01236  305.45215     6.5271   15.74193 3.2693e+00     2.9522     3.9727 0.0000e+00
        431 157.740793    0.02987     1.7924    107.539     12.114  49741.426    31.1129     6.3975     12.000     6.4098    24.4346     6.0488     8.6444     86.114    263.697    270.141   -0.06951    7.02348   10.03725  306.18648     6.3967   15.77659 1.2648e+00     1.7052     6.1869 0.0000e+00
