CTD-processing/allCTD/CNV/2013_07-09_t9andtutka_s02_cast220_5028.cnv
* Sea-Bird SBE19plus Data File:
* FileName = C:\Documents and Settings\kbayadmin\My Documents\CTD data\2013-07-09 Kachemak Bay Homer Spit Line and Tutka Bay\2013-07-09 Kachemak Bay Homer Spit Line and Tutka Bay cast220.hex
* Software Version 1.59
* Temperature SN =  5028
* Conductivity SN =  5028
* System UpLoad Time = Jul 10 2013 11:11:02
** Kachemak Bay Homer Spit Line and Tutka Bay
** 2013-07-05
** Station: 9.02
** N': 59 34.311
** W': -151 21.725
** Start Time: 1739
** Depth(ft): 245
# nquan = 27
# nvalues = 71                          
# units = specified
# name 0 = scan: Scan Count
# name 1 = timeJ: Julian Days
# name 2 = timeH: Time, Elapsed [hours]
# name 3 = timeM: Time, Elapsed [minutes]
# name 4 = timeS: Time, Elapsed [seconds]
# name 5 = prdM: Pressure, Strain Gauge [db]
# name 6 = specc: Specific Conductance [uS/cm]
# name 7 = sal00: Salinity, Practical [PSU]
# name 8 = tv290C: Temperature [ITS-90, deg C]
# name 9 = depSM: Depth [salt water, m], lat = 59.00
# name 10 = potemp090C: Potential Temperature [ITS-90, deg C]
# name 11 = sigma-é00: Density [sigma-theta, kg/m^3]
# name 12 = sbeox0ML/L: Oxygen, SBE 43 [ml/l]
# name 13 = sbeox0Mg/L: Oxygen, SBE 43 [mg/l]
# name 14 = sbeox0PS: Oxygen, SBE 43 [% saturation]
# name 15 = sbox0Mm/Kg: Oxygen, SBE 43 [umol/kg]
# name 16 = sbeox0Mm/L: Oxygen, SBE 43 [umol/l]
# name 17 = sbox0dV/dT: Oxygen, SBE 43 [dov/dt]
# name 18 = oxsolML/L: Oxygen Saturation, Garcia & Gordon [ml/l]
# name 19 = oxsolMg/L: Oxygen Saturation, Garcia & Gordon [mg/l]
# name 20 = oxsolMm/Kg: Oxygen Saturation, Garcia & Gordon [umol/kg]
# name 21 = potemp090C: Potential Temperature [ITS-90, deg C]
# name 22 = n2satMg/L: Nitrogen Saturation [mg/l]
# name 23 = par: PAR/Irradiance, Biospherical/Licor
# name 24 = flECO-AFL: Fluorescence, WET Labs ECO-AFL/FL [mg/m^3]
# name 25 = turbWETntu0: Turbidity, WET Labs ECO [NTU]
# name 26 = flag: flag
# span 0 =        180,        589       
# span 1 = 190.736410, 190.737592       
# span 2 =    0.01244,    0.04083       
# span 3 =     0.7463,     2.4496       
# span 4 =     44.776,    146.978       
# span 5 =      1.009,     71.683       
# span 6 =  44333.148,  50737.390       
# span 7 =    27.9179,    31.7280       
# span 8 =     6.1522,    10.1732       
# span 9 =      1.000,     71.000       
# span 10 =     6.1466,    10.1623      
# span 11 =    21.4018,    24.9502      
# span 12 =     6.4102,     7.7860      
# span 13 =     9.1607,    11.1271      
# span 14 =     97.397,    113.788      
# span 15 =    280.278,    339.320      
# span 16 =    286.278,    347.725      
# span 17 =   -0.01015,    0.00938      
# span 18 =    6.57264,    7.03525      
# span 19 =    9.39296,   10.05407      
# span 20 =  287.31751,  306.54572      
# span 21 =     6.1464,    10.1731      
# span 22 =   14.88788,   15.79119      
# span 23 = 5.2078e-02, 7.3202e+02      
# span 24 =     0.1821,    10.6951      
# span 25 =     0.4804,     1.4835      
# span 26 = 0.0000e+00, 0.0000e+00      
# interval = meters: 1                  
# start_time = Jul 09 2013 17:39:41 [Instrument's time stamp, header]
# bad_flag = -9.990e-29
*END*
        180 190.736410    0.01244     0.7463     44.776      1.009  44333.148    27.9179    10.1732      1.000    10.1623    21.4018     6.4102     9.1607     97.397    280.278    286.278    0.00059    6.58341    9.40836  287.86281    10.1731   14.91521 7.3202e+02    10.6951     1.4835 0.0000e+00
        298 190.736750    0.02061     1.2368     74.210      2.019  44784.337    28.2138    10.1571      2.000    10.1444    21.6342     7.0302    10.0469    106.959    307.322    313.970   -0.00333    6.57264    9.39296  287.31751    10.1569   14.88788 4.2359e+02     0.3149     1.4564 0.0000e+00
        295 190.736742    0.02042     1.2247     73.483      3.028  44765.167    28.1975    10.1236      3.000    10.0995    21.6269     6.8914     9.8485    104.760    301.254    307.769   -0.00792    6.57822    9.40094  287.56434    10.1232   14.89976 2.6992e+02     1.2495     1.4744 0.0000e+00
        299 190.736754    0.02070     1.2423     74.537      4.038  44808.865    28.2203    10.0588      4.000    10.0094    21.6548     6.9126     9.8789    104.948    302.175    308.719   -0.00609    6.58665    9.41298  287.92467    10.0584   14.91689 1.7872e+02     1.6426     1.4183 0.0000e+00
        303 190.736766    0.02100     1.2604     75.623      5.047  44912.987    28.2789     9.9390      5.000     9.8530    21.7192     7.0160    10.0266    106.276    306.675    313.336   -0.00017    6.60162    9.43437  288.56073     9.9385   14.94706 1.2067e+02     2.1684     1.4214 0.0000e+00
        308 190.736779    0.02131     1.2788     76.729      6.056  45258.041    28.4893     9.6912      6.000     9.4670    21.9213     7.1143    10.1671    107.318    310.910    317.726    0.00341    6.62907    9.47360  289.70301     9.6906   15.00078 8.3264e+01     2.5032     1.4150 0.0000e+00
        312 190.736792    0.02161     1.2967     77.799      7.066  46578.366    29.3277     9.0589      7.000     8.6238    22.6708     7.2115    10.3060    107.839    314.925    322.066    0.00431    6.68718    9.55665  292.02709     9.0582   15.10835 5.9687e+01     2.3975     1.3026 0.0000e+00
        316 190.736804    0.02190     1.3142     78.853      8.076  48480.717    30.5304     8.1746      8.000     7.8581    23.7406     7.3013    10.4344    107.873    318.515    326.079    0.00318    6.76851    9.67288  295.27023     8.1738   15.25827 4.4481e+01     1.9665     1.1072 0.0000e+00
        320 190.736815    0.02217     1.3303     79.820      9.085  49548.374    31.1965     7.6604      9.000     7.5155    24.3354     7.3615    10.5204    107.969    320.954    328.766    0.00245    6.81812    9.74378  297.26280     7.6596   15.35066 3.4999e+01     1.4987     0.8869 0.0000e+00
        324 190.736826    0.02243     1.3457     80.743     10.095  49989.882    31.4671     7.4296     10.000     7.3683    24.5797     7.4378    10.6294    108.709    324.204    332.173    0.00429    6.84190    9.77777  298.22893     7.4287   15.39566 2.8858e+01     1.1066     0.7120 0.0000e+00
        328 190.736836    0.02269     1.3610     81.662     11.104  50145.544    31.5593     7.3338     11.000     7.3024    24.6652     7.4303    10.6187    108.428    323.850    331.838    0.00300    6.85279    9.79331  298.67858     7.3327   15.41673 2.3876e+01     0.8373     0.6974 0.0000e+00
        331 190.736847    0.02294     1.3760     82.559     12.114  50203.628    31.5912     7.2858     12.000     7.2627    24.6967     7.3808    10.5480    107.610    321.684    329.629   -0.00040    6.85889    9.80204  298.93528     7.2847   15.42885 1.9301e+01     0.6910     0.7324 0.0000e+00
        335 190.736858    0.02319     1.3913     83.480     13.123  50234.201    31.6052     7.2458     13.000     7.2258    24.7131     7.4014    10.5774    107.821    322.577    330.549    0.00008    6.86455    9.81013  299.17727     7.2447   15.44034 1.5750e+01     0.5967     0.7783 0.0000e+00
        339 190.736869    0.02346     1.4080     84.478     14.133  50258.852    31.6160     7.2116     14.000     7.1997    24.7263     7.4566    10.6562    108.547    324.976    333.011    0.00241    6.86947    9.81715  299.38751     7.2104   15.45032 1.2988e+01     0.5356     0.8234 0.0000e+00
        343 190.736881    0.02374     1.4244     85.461     15.142  50280.995    31.6283     7.1959     15.000     7.1950    24.7380     7.4992    10.7172    109.138    326.832    334.916    0.00376    6.87140    9.81991  299.46817     7.1946   15.45413 1.0683e+01     0.4969     0.8896 0.0000e+00
        347 190.736893    0.02405     1.4429     86.576     16.152  50301.265    31.6433     7.2038     16.000     7.2115    24.7488     7.5823    10.8359    110.378    330.449    338.627    0.00683    6.86947    9.81716  299.38133     7.2023   15.44992 8.7487e+00     0.4912     0.8173 0.0000e+00
        352 190.736907    0.02438     1.4630     87.780     17.161  50311.884    31.6545     7.2286     17.000     7.2398    24.7543     7.6639    10.9526    111.637    334.004    342.272    0.00936    6.86505    9.81085  299.18713     7.2271   15.44061 7.2396e+00     0.4799     0.8155 0.0000e+00
        356 190.736919    0.02467     1.4804     88.823     18.171  50322.607    31.6664     7.2569     18.000     7.2673    24.7599     7.6929    10.9940    112.141    335.266    343.567    0.00938    6.86006    9.80371  298.96773     7.2552   15.43010 6.0538e+00     0.5004     0.8264 0.0000e+00
        360 190.736930    0.02493     1.4960     89.761     19.180  50322.308    31.6693     7.2780     19.000     7.2844    24.7594     7.6792    10.9744    111.998    334.668    342.955    0.00735    6.85660    9.79876  298.81720     7.2762   15.42290 5.0542e+00     0.4862     0.7795 0.0000e+00
        364 190.736941    0.02519     1.5112     90.670     20.190  50325.445    31.6735     7.2923     20.000     7.2979    24.7607     7.6747    10.9679    111.972    334.472    342.753    0.00589    6.85415    9.79528  298.71042     7.2905   15.41779 4.2476e+00     0.4551     0.7147 0.0000e+00
        368 190.736952    0.02547     1.5278     91.667     21.199  50333.931    31.6817     7.3079     21.000     7.3150    24.7650     7.7260    11.0412    112.766    336.705    345.043    0.00729    6.85134    9.79125  298.58633     7.3060   15.41184 3.5797e+00     0.4395     0.7160 0.0000e+00
        371 190.736963    0.02571     1.5431     92.586     22.209  50342.510    31.6900     7.3241     22.000     7.3309    24.7693     7.7360    11.0556    112.961    337.140    345.491    0.00691    6.84842    9.78708  298.45790     7.3221   15.40567 3.0223e+00     0.4453     0.6845 0.0000e+00
        375 190.736972    0.02595     1.5574     93.444     23.218  50358.431    31.7033     7.3401     23.000     7.3474    24.7777     7.7217    11.0351    112.803    336.513    344.851    0.00519    6.84531    9.78263  298.31991     7.3380   15.39904 2.5677e+00     0.4289     0.6648 0.0000e+00
        378 190.736983    0.02620     1.5719     94.315     24.228  50361.587    31.7078     7.3560     24.000     7.3624    24.7791     7.7403    11.0616    113.119    337.322    345.680    0.00524    6.84262    9.77879  298.20236     7.3538   15.39341 2.1934e+00     0.4251     0.6230 0.0000e+00
        382 190.736993    0.02643     1.5855     95.131     25.238  50371.141    31.7167     7.3721     25.000     7.3821    24.7840     7.7664    11.0989    113.549    338.458    346.846    0.00593    6.83969    9.77460  298.07302     7.3698   15.38721 1.8896e+00     0.4147     0.5854 0.0000e+00
        385 190.737001    0.02665     1.5988     95.925     26.247  50372.980    31.7208     7.3914     26.000     7.3985    24.7846     7.7697    11.1037    113.651    338.604    346.997    0.00542    6.83648    9.77000  297.93277     7.3891   15.38049 1.6350e+00     0.4096     0.5414 0.0000e+00
        388 190.737011    0.02688     1.6126     96.759     27.256  50361.309    31.7145     7.4050     27.000     7.4019    24.7778     7.7716    11.1065    113.710    338.690    347.082    0.00472    6.83463    9.76736  297.85435     7.4026   15.37677 1.4122e+00     0.4027     0.5013 0.0000e+00
        392 190.737021    0.02712     1.6272     97.632     28.266  50349.326    31.7047     7.3993     28.000     7.3871    24.7709     7.7785    11.1163    113.788    338.992    347.389    0.00423    6.83596    9.76928  297.91464     7.3968   15.37969 1.2226e+00     0.3793     0.4804 0.0000e+00
        395 190.737032    0.02738     1.6426     98.556     29.276  50354.054    31.7045     7.3812     29.000     7.3703    24.7732     7.7790    11.1170    113.748    339.013    347.410    0.00335    6.83882    9.77335  298.03826     7.3785   15.38559 1.0616e+00     0.3701     0.4861 0.0000e+00
        399 190.737043    0.02763     1.6579     99.475     30.285  50355.656    31.7026     7.3667     30.000     7.3540    24.7737     7.7823    11.1217    113.757    339.156    347.558    0.00275    6.84117    9.77672  298.14060     7.3640   15.39049 9.2283e-01     0.3631     0.5191 0.0000e+00
        402 190.737053    0.02788     1.6724    100.345     31.294  50354.307    31.6980     7.3476     31.000     7.3337    24.7726     7.7860    11.1271    113.759    339.320    347.725    0.00230    6.84437    9.78128  298.28023     7.3448   15.39717 8.0441e-01     0.3652     0.5294 0.0000e+00
        406 190.737063    0.02812     1.6871    101.227     32.304  50363.948    31.7013     7.3301     32.000     7.3200    24.7776     7.7842    11.1244    113.688    339.236    347.642    0.00166    6.84697    9.78501  298.39240     7.3272   15.40251 7.0002e-01     0.3655     0.5058 0.0000e+00
        410 190.737074    0.02837     1.7022    102.130     33.314  50364.880    31.6992     7.3168     33.000     7.3060    24.7778     7.7763    11.1131    113.536    338.891    347.289    0.00088    6.84916    9.78813  298.48738     7.3138   15.40704 6.0748e-01     0.3493     0.4921 0.0000e+00
        413 190.737083    0.02861     1.7169    103.011     34.323  50369.913    31.7000     7.3036     34.000     7.2940    24.7802     7.7638    11.0953    113.322    338.349    346.733   -0.00001    6.85118    9.79103  298.57507     7.3006   15.41122 5.2660e-01     0.3465     0.5017 0.0000e+00
        417 190.737094    0.02887     1.7323    103.940     35.333  50374.052    31.7003     7.2916     35.000     7.2820    24.7821     7.7573    11.0860    113.195    338.064    346.442   -0.00051    6.85307    9.79372  298.65684     7.2883   15.41513 4.5863e-01     0.3727     0.5113 0.0000e+00
        421 190.737105    0.02914     1.7479    104.876     36.343  50379.755    31.7020     7.2808     36.000     7.2729    24.7848     7.7600    11.0897    113.206    338.177    346.560   -0.00045    6.85468    9.79603  298.72646     7.2775   15.41844 4.0093e-01     0.3798     0.5132 0.0000e+00
        424 190.737115    0.02937     1.7624    105.744     37.352  50381.999    31.7017     7.2727     37.000     7.2644    24.7857     7.7687    11.1022    113.312    338.557    346.948   -0.00012    6.85597    9.79787  298.78223     7.2694   15.42110 3.5098e-01     0.3640     0.5133 0.0000e+00
        427 190.737125    0.02961     1.7770    106.620     38.362  50381.538    31.6994     7.2636     38.000     7.2524    24.7851     7.7807    11.1194    113.463    339.081    347.486    0.00035    6.85750    9.80006  298.84928     7.2602   15.42431 3.0745e-01     0.3449     0.5139 0.0000e+00
        431 190.737135    0.02986     1.7916    107.493     39.372  50374.722    31.6914     7.2479     39.000     7.2291    24.7809     7.7806    11.1193    113.415    339.080    347.482    0.00016    6.86035    9.80413  298.97431     7.2443   15.43031 2.6905e-01     0.3469     0.5218 0.0000e+00
        434 190.737145    0.03010     1.8061    108.367     40.381  50376.869    31.6876     7.2196     40.000     7.1983    24.7817     7.7688    11.1023    113.165    338.562    346.953   -0.00073    6.86498    9.81074  299.17577     7.2160   15.43994 2.3622e-01     0.3592     0.5655 0.0000e+00
        438 190.737156    0.03036     1.8217    109.299     41.391  50383.190    31.6857     7.1863     41.000     7.1651    24.7848     7.7616    11.0921    112.974    338.252    346.635   -0.00128    6.87032    9.81838  299.40779     7.1826   15.45101 2.0790e-01     0.3633     0.6293 0.0000e+00
        442 190.737167    0.03062     1.8373    110.239     42.401  50397.644    31.6899     7.1551     42.000     7.1392    24.7922     7.7527    11.0795    112.766    337.862    346.238   -0.00179    6.87506    9.82514  299.61194     7.1514   15.46074 1.8337e-01     0.3513     0.6824 0.0000e+00
        446 190.737178    0.03088     1.8529    111.175     43.410  50398.376    31.6859     7.1318     43.000     7.1104    24.7922     7.7455    11.0691    112.598    337.547    345.916   -0.00211    6.87894    9.83069  299.78108     7.1279   15.46882 1.6261e-01     0.3553     0.6697 0.0000e+00
        450 190.737189    0.03115     1.8689    112.133     44.420  50402.178    31.6815     7.0942     44.000     7.0690    24.7937     7.7427    11.0652    112.457    337.426    345.792   -0.00224    6.88509    9.83948  300.04872     7.0903   15.48161 1.4466e-01     0.3425     0.6502 0.0000e+00
        453 190.737200    0.03141     1.8845    113.068     45.430  50424.904    31.6906     7.0580     45.000     7.0418    24.8056     7.7326    11.0508    112.224    336.983    345.342   -0.00267    6.89042    9.84710  300.27754     7.0540   15.49249 1.2926e-01     0.3185     0.6869 0.0000e+00
        457 190.737211    0.03166     1.8997    113.982     46.439  50443.477    31.6997     7.0391     46.000     7.0314    24.8153     7.7286    11.0450    112.123    336.802    345.161   -0.00266    6.89302    9.85081  300.38792     7.0350   15.49771 1.1613e-01     0.3032     0.6973 0.0000e+00
        461 190.737221    0.03192     1.9151    114.907     47.449  50452.328    31.7045     7.0344     47.000     7.0311    24.8197     7.7362    11.0559    112.225    337.133    345.501   -0.00198    6.89354    9.85155  300.40915     7.0303   15.49871 1.0529e-01     0.2818     0.6670 0.0000e+00
        464 190.737232    0.03217     1.9301    115.806     48.459  50458.579    31.7088     7.0371     48.000     7.0357    24.8229     7.7455    11.0692    112.369    337.538    345.916   -0.00124    6.89291    9.85066  300.38118     7.0328   15.49735 9.6296e-02     0.2827     0.6736 0.0000e+00
        468 190.737242    0.03241     1.9449    116.696     49.469  50456.688    31.7079     7.0414     49.000     7.0377    24.8215     7.7542    11.0815    112.506    337.916    346.304   -0.00066    6.89226    9.84973  300.35309     7.0371   15.49602 8.8935e-02     0.2864     0.6737 0.0000e+00
        471 190.737252    0.03267     1.9599    117.595     50.478  50455.997    31.7070     7.0418     50.000     7.0369    24.8208     7.7606    11.0906    112.599    338.193    346.587   -0.00029    6.89224    9.84970  300.35242     7.0374   15.49599 8.3086e-02     0.2946     0.6853 0.0000e+00
        475 190.737263    0.03292     1.9747    118.484     51.488  50459.898    31.7091     7.0409     51.000     7.0355    24.8225     7.7610    11.0913    112.604    338.212    346.607   -0.00026    6.89229    9.84977  300.35391     7.0365   15.49605 7.8103e-02     0.2846     0.6733 0.0000e+00
        478 190.737273    0.03316     1.9893    119.359     52.498  50461.769    31.7094     7.0381     52.000     7.0282    24.8232     7.7578    11.0867    112.551    338.072    346.464   -0.00043    6.89272    9.85039  300.37272     7.0335   15.49695 7.4064e-02     0.2718     0.6456 0.0000e+00
        482 190.737283    0.03339     2.0035    120.213     53.507  50458.312    31.7044     7.0260     53.000     7.0062    24.8208     7.7547    11.0823    112.471    337.939    346.326   -0.00067    6.89487    9.85345  300.46689     7.0214   15.50146 7.0676e-02     0.2585     0.6247 0.0000e+00
