CTD-processing/allCTD/CNV/2013_04-20_t3_s06_cast116_5028.cnv
* Sea-Bird SBE19plus Data File:
* FileName = C:\Documents and Settings\kris.holderied.local\My Documents\2012-2013-CTD-DATA-new-files\2013-04-EVOSTC-CookInlet-Ocean\2013-04-CookInlet-Tran3-AnchorPt\2013-04-20-CookInlet-Tran3-cast116.hex
* Software Version 1.54
* Temperature SN =  5028
* Conductivity SN =  5028
* System UpLoad Time = Apr 20 2013 23:39:08
** Cook Inlet LTM Transect 3 (Anchor Pt) East to West
** Date:  2013-04-20
** Station:  3-06
** Start time (AKDT-24 hr):  2118
** Depth (m): 48
** Comment:At surface, brought upland back down briefly, nautically more terrible than other transects. Cable stopped near sfe in initial decent. Brought it back up and defended again.
** Comment:
# nquan = 27
# nvalues = 47                          
# units = specified
# name 0 = scan: Scan Count
# name 1 = timeJ: Julian Days
# name 2 = timeH: Time, Elapsed [hours]
# name 3 = timeM: Time, Elapsed [minutes]
# name 4 = timeS: Time, Elapsed [seconds]
# name 5 = prdM: Pressure, Strain Gauge [db]
# name 6 = specc: Specific Conductance [uS/cm]
# name 7 = sal00: Salinity, Practical [PSU]
# name 8 = tv290C: Temperature [ITS-90, deg C]
# name 9 = depSM: Depth [salt water, m], lat = 59.00
# name 10 = potemp090C: Potential Temperature [ITS-90, deg C]
# name 11 = sigma-é00: Density [sigma-theta, kg/m^3]
# name 12 = sbeox0ML/L: Oxygen, SBE 43 [ml/l]
# name 13 = sbeox0Mg/L: Oxygen, SBE 43 [mg/l]
# name 14 = sbeox0PS: Oxygen, SBE 43 [% saturation]
# name 15 = sbox0Mm/Kg: Oxygen, SBE 43 [umol/kg]
# name 16 = sbeox0Mm/L: Oxygen, SBE 43 [umol/l]
# name 17 = sbox0dV/dT: Oxygen, SBE 43 [dov/dt]
# name 18 = oxsolML/L: Oxygen Saturation, Garcia & Gordon [ml/l]
# name 19 = oxsolMg/L: Oxygen Saturation, Garcia & Gordon [mg/l]
# name 20 = oxsolMm/Kg: Oxygen Saturation, Garcia & Gordon [umol/kg]
# name 21 = potemp090C: Potential Temperature [ITS-90, deg C]
# name 22 = n2satMg/L: Nitrogen Saturation [mg/l]
# name 23 = par: PAR/Irradiance, Biospherical/Licor
# name 24 = flECO-AFL: Fluorescence, WET Labs ECO-AFL/FL [mg/m^3]
# name 25 = turbWETntu0: Turbidity, WET Labs ECO [NTU]
# name 26 = flag: flag
# span 0 =        192,        895       
# span 1 = 110.890403, 110.892437       
# span 2 =    0.01328,    0.06209       
# span 3 =     0.7963,     3.7249       
# span 4 =     47.781,    223.498       
# span 5 =      1.010,     47.448       
# span 6 =  49684.578,  50988.988       
# span 7 =    30.1859,    30.8388       
# span 8 =     1.5755,     2.3695       
# span 9 =      1.000,     47.000       
# span 10 =     1.5754,     2.3677      
# span 11 =    24.0913,    24.6593      
# span 12 =     7.4124,     8.6135      
# span 13 =    10.5930,    12.3095      
# span 14 =     95.115,    109.124      
# span 15 =    323.250,    375.423      
# span 16 =    331.036,    384.679      
# span 17 =   -0.00084,    0.01374      
# span 18 =    7.78604,    7.92579      
# span 19 =   11.12702,   11.32675      
# span 20 =  339.48887,  345.49032      
# span 21 =     1.5747,     2.3695      
# span 22 =   17.36314,   17.64673      
# span 23 = 3.7912e-02, 1.1984e+01      
# span 24 =     0.3469,     0.6451      
# span 25 =     3.8800,    18.9408      
# span 26 = 0.0000e+00, 0.0000e+00      
# interval = meters: 1                  
# start_time = Apr 20 2013 21:21:23 [Instrument's time stamp, header]
# bad_flag = -9.990e-29
*END*
        192 110.890403    0.01328     0.7963     47.781      1.010  49684.578    30.1859     2.3695      1.000     2.3677    24.0913     7.4124    10.5930     95.115    323.250    331.036    0.01074    7.79399   11.13839  339.89479     2.3695   17.38322 1.1984e+01     0.3469     4.6474 0.0000e+00
        357 110.890881    0.02476     1.4854     89.122      2.019  50008.446    30.3925     2.3520      2.000     2.3306    24.2577     7.8372    11.2002    100.658    341.721    350.010    0.01374    7.78604   11.12702  339.48887     2.3519   17.36314 7.3055e+00     0.3896     4.7079 0.0000e+00
        366 110.890905    0.02532     1.5192     91.152      3.029  50142.546    30.4592     2.2679      3.000     2.2680    24.3170     7.7455    11.0692     99.314    337.704    345.916    0.00495    7.79900   11.14555  340.03476     2.2678   17.38877 3.8597e+00     0.4190     4.6581 0.0000e+00
        378 110.890940    0.02617     1.5703     94.220      4.038  50155.615    30.4631     2.2520      4.000     2.2453    24.3212     7.7684    11.1018     99.570    338.698    346.935    0.00357    7.80194   11.14975  340.16152     2.2518   17.39477 2.2416e+00     0.4390     4.0419 0.0000e+00
        429 110.891088    0.02973     1.7838    107.030      5.047  50180.167    30.4776     2.2471      5.000     2.2559    24.3332     7.8141    11.1672    100.154    340.689    348.979    0.00231    7.80214   11.15004  340.16614     2.2468   17.39493 1.2931e+00     0.4419     4.1420 0.0000e+00
        544 110.891420    0.03770     2.2618    135.707      6.057  50151.497    30.4592     2.2519      6.000     2.2280    24.3181     7.8971    11.2857    101.217    344.310    352.683    0.00038    7.80219   11.15010  340.17315     2.2516   17.39534 7.1562e-01     0.4470     4.1251 0.0000e+00
        550 110.891439    0.03816     2.2895    137.370      7.067  50263.884    30.5041     2.1438      7.000     2.1260    24.3616     7.8821    11.2643    100.779    343.642    352.013   -0.00084    7.82112   11.17716  340.98435     2.1435   17.43365 4.3094e-01     0.4615     3.9760 0.0000e+00
        559 110.891463    0.03872     2.3231    139.386      8.075  50314.343    30.5264     2.1041      8.000     2.1001    24.3822     7.9280    11.3299    101.280    345.637    354.064    0.00057    7.82778   11.18668  341.26785     2.1038   17.44701 2.5967e-01     0.4979     4.1182 0.0000e+00
        566 110.891483    0.03921     2.3524    141.141      9.085  50324.363    30.5257     2.0794      9.000     2.0648    24.3832     7.9962    11.4275    102.087    348.612    357.112    0.00237    7.83274   11.19376  341.48356     2.0790   17.45725 2.8399e-01     0.4928     4.0843 0.0000e+00
        574 110.891509    0.03982     2.3892    143.353     10.095  50379.721    30.5464     2.0230     10.000     2.0163    24.4036     8.0342    11.4817    102.440    350.259    358.807    0.00243    7.84283   11.20820  341.91702     2.0225   17.47773 1.9639e-01     0.4993     3.8800 0.0000e+00
        583 110.891533    0.04040     2.4239    145.436     11.104  50396.267    30.5467     1.9865     11.000     1.9665    24.4063     8.0997    11.5753    103.180    353.114    361.732    0.00349    7.85008   11.21855  342.23201     1.9860   17.49267 8.3106e-02     0.5196     4.1088 0.0000e+00
        591 110.891558    0.04100     2.4601    147.605     12.114  50469.231    30.5667     1.8871     12.000     1.8665    24.4289     8.1408    11.6340    103.456    354.899    363.568    0.00303    7.86885   11.24537  343.04263     1.8866   17.53104 6.1566e-02     0.5369     4.1863 0.0000e+00
        601 110.891587    0.04170     2.5016    150.094     13.123  50527.140    30.5770     1.7899     13.000     1.7647    24.4435     8.1664    11.6705    103.531    356.007    364.709    0.00212    7.88779   11.27244  343.86350     1.7894   17.56994 4.7359e-02     0.5367     4.3079 0.0000e+00
        610 110.891611    0.04227     2.5364    152.185     14.132  50608.739    30.6040     1.6970     14.000     1.6775    24.4710     8.2028    11.7226    103.766    357.586    366.336    0.00200    7.90503   11.29709  344.60606     1.6964   17.60505 4.0232e-02     0.5422     4.4178 0.0000e+00
        619 110.891639    0.04294     2.5763    154.578     15.142  50729.669    30.6565     1.6029     15.000     1.5895    24.5190     8.2490    11.7887    104.139    359.583    368.400    0.00212    7.92117   11.32015  345.29332     1.6023   17.63744 3.7997e-02     0.5544     4.9597 0.0000e+00
        629 110.891665    0.04358     2.6149    156.894     16.151  50763.360    30.6706     1.5763     16.000     1.5754    24.5319     8.2868    11.8426    104.554    361.226    370.087    0.00242    7.92579   11.32675  345.49032     1.5757   17.64673 3.7912e-02     0.5600     5.3635 0.0000e+00
        637 110.891691    0.04420     2.6517    159.104     17.161  50780.986    30.6815     1.5755     17.000     1.5772    24.5408     8.3365    11.9137    105.187    363.390    372.308    0.00316    7.92537   11.32615  345.46897     1.5747   17.64567 3.7912e-02     0.5486     5.2515 0.0000e+00
        647 110.891718    0.04485     2.6911    161.468     18.171  50816.882    30.7100     1.5930     18.000     1.5941    24.5625     8.3732    11.9661    105.719    364.982    373.947    0.00341    7.92026   11.31885  345.23895     1.5922   17.63465 3.7912e-02     0.5720     5.5492 0.0000e+00
        656 110.891744    0.04548     2.7285    163.710     19.180  50811.543    30.7061     1.5937     19.000     1.5937    24.5594     8.3828    11.9798    105.839    365.400    374.374    0.00264    7.92032   11.31893  345.24262     1.5929   17.63484 3.7912e-02     0.5757     5.8079 0.0000e+00
        666 110.891772    0.04615     2.7690    166.139     20.190  50837.389    30.7262     1.6054     20.000     1.6073    24.5748     8.4127    12.0225    106.263    366.698    375.710    0.00278    7.91686   11.31399  345.08665     1.6046   17.62736 3.7912e-02     0.5776     5.7818 0.0000e+00
        675 110.891799    0.04680     2.8078    168.469     21.199  50855.856    30.7413     1.6166     21.000     1.6190    24.5862     8.4353    12.0550    106.591    367.684    376.724    0.00267    7.91378   11.30959  344.94855     1.6157   17.62075 3.7912e-02     0.5876     6.1453 0.0000e+00
        684 110.891825    0.04741     2.8444    170.661     22.208  50858.704    30.7461     1.6284     22.000     1.6264    24.5893     8.4458    12.0699    106.759    368.137    377.189    0.00228    7.91112   11.30579  344.83167     1.6275   17.61519 3.7912e-02     0.5922     6.3928 0.0000e+00
        694 110.891854    0.04812     2.8869    173.214     23.219  50851.379    30.7381     1.6194     23.000     1.6184    24.5834     8.4510    12.0773    106.794    368.365    377.421    0.00157    7.91337   11.30900  344.93161     1.6185   17.61996 3.7912e-02     0.5899     6.3294 0.0000e+00
        703 110.891881    0.04875     2.9250    175.500     24.228  50869.468    30.7517     1.6266     24.000     1.6285    24.5938     8.4816    12.1211    107.210    369.696    378.788    0.00205    7.91118   11.30586  344.83247     1.6256   17.61521 3.7912e-02     0.5728     6.3192 0.0000e+00
        712 110.891907    0.04938     2.9627    177.760     25.237  50875.339    30.7580     1.6365     25.000     1.6363    24.5982     8.5041    12.1532    107.526    370.674    379.792    0.00215    7.90885   11.30253  344.72932     1.6354   17.61029 3.7912e-02     0.5762     6.6176 0.0000e+00
        722 110.891935    0.05004     3.0026    180.156     26.247  50862.473    30.7482     1.6343     26.000     1.6310    24.5906     8.5046    12.1539    107.519    370.699    379.815    0.00141    7.90982   11.30392  344.77426     1.6332   17.61246 3.7912e-02     0.5953     6.6058 0.0000e+00
        730 110.891960    0.05066     3.0394    182.362     27.257  50890.336    30.7674     1.6381     27.000     1.6422    24.6057     8.5171    12.1718    107.703    371.239    380.374    0.00141    7.90800   11.30132  344.68986     1.6370   17.60838 3.7912e-02     0.5796     6.5561 0.0000e+00
        741 110.891991    0.05139     3.0835    185.008     28.266  50908.511    30.7866     1.6643     28.000     1.6658    24.6195     8.5415    12.2067    108.098    372.299    381.465    0.00182    7.90167   11.29228  344.40944     1.6631   17.59500 3.7912e-02     0.5861     7.7826 0.0000e+00
        750 110.892018    0.05204     3.1224    187.343     29.276  50908.164    30.7880     1.6719     29.000     1.6717    24.6202     8.5419    12.2073    108.125    372.317    381.484    0.00131    7.90006   11.28997  344.33875     1.6706   17.59164 3.7912e-02     0.6072     8.3356 0.0000e+00
        761 110.892048    0.05277     3.1663    189.978     30.286  50917.761    30.7968     1.6818     30.000     1.6831    24.6266     8.5527    12.2228    108.296    372.785    381.966    0.00124    7.89758   11.28644  344.22895     1.6805   17.58640 3.7912e-02     0.5928     8.6868 0.0000e+00
        771 110.892077    0.05345     3.2069    192.412     31.295  50916.725    30.7974     1.6881     31.000     1.6870    24.6267     8.5598    12.2328    108.403    373.093    382.281    0.00105    7.89629   11.28458  344.17235     1.6867   17.58371 3.7912e-02     0.5970     9.3546 0.0000e+00
        779 110.892102    0.05406     3.2434    194.602     32.305  50919.851    30.7996     1.6903     32.000     1.6893    24.6283     8.5614    12.2352    108.431    373.163    382.353    0.00079    7.89573   11.28378  344.14730     1.6889   17.58252 3.7912e-02     0.5995     9.6659 0.0000e+00
        789 110.892130    0.05473     3.2837    197.019     33.314  50924.331    30.8031     1.6938     33.000     1.6931    24.6308     8.5654    12.2408    108.494    373.336    382.531    0.00066    7.89481   11.28248  344.10682     1.6924   17.58058 3.7912e-02     0.6015     9.9566 0.0000e+00
        797 110.892154    0.05531     3.3184    199.102     34.324  50927.616    30.8053     1.6958     34.000     1.6942    24.6325     8.5701    12.2475    108.560    373.538    382.738    0.00060    7.89430   11.28174  344.08371     1.6943   17.57948 3.7912e-02     0.6086    10.7771 0.0000e+00
        806 110.892179    0.05591     3.3546    201.274     35.333  50927.555    30.8046     1.6953     35.000     1.6939    24.6320     8.5831    12.2662    108.724    374.107    383.323    0.00078    7.89443   11.28192  344.08948     1.6938   17.57976 3.7912e-02     0.6194    10.7017 0.0000e+00
        814 110.892202    0.05647     3.3880    203.283     36.342  50926.840    30.8036     1.6953     36.000     1.6932    24.6311     8.5902    12.2762    108.812    374.414    383.636    0.00075    7.89448   11.28201  344.09233     1.6938   17.57990 3.7912e-02     0.6123    11.1098 0.0000e+00
        821 110.892224    0.05698     3.4187    205.120     37.353  50929.259    30.8042     1.6938     37.000     1.6924    24.6318     8.5903    12.2765    108.810    374.422    383.645    0.00052    7.89477   11.28241  344.10452     1.6921   17.58047 3.7912e-02     0.6253    10.9049 0.0000e+00
        828 110.892241    0.05740     3.4442    206.652     38.362  50937.934    30.8101     1.6958     38.000     1.6946    24.6363     8.5911    12.2775    108.830    374.452    383.677    0.00042    7.89404   11.28137  344.07113     1.6942   17.57886 3.7912e-02     0.6164    10.8718 0.0000e+00
        833 110.892258    0.05781     3.4683    208.097     39.372  50940.794    30.8115     1.6961     39.000     1.6942    24.6375     8.5910    12.2774    108.831    374.449    383.675    0.00031    7.89391   11.28118  344.06500     1.6944   17.57857 3.7912e-02     0.6213    11.6781 0.0000e+00
        839 110.892275    0.05821     3.4926    209.554     40.382  50942.302    30.8119     1.6959     40.000     1.6942    24.6378     8.5985    12.2880    108.925    374.773    384.007    0.00044    7.89393   11.28122  344.06593     1.6941   17.57861 3.7912e-02     0.6197    12.0920 0.0000e+00
        844 110.892290    0.05857     3.5146    210.874     41.391  50953.463    30.8187     1.6956     41.000     1.6935    24.6433     8.6020    12.2932    108.974    374.927    384.167    0.00045    7.89361   11.28076  344.05008     1.6938   17.57783 3.7912e-02     0.6251    12.3532 0.0000e+00
        850 110.892306    0.05895     3.5369    212.216     42.401  50959.249    30.8218     1.6949     42.000     1.6929    24.6458     8.6035    12.2952    108.993    374.989    384.231    0.00038    7.89359   11.28073  344.04857     1.6931   17.57775 3.7912e-02     0.6111    13.7960 0.0000e+00
        856 110.892323    0.05937     3.5624    213.745     43.410  50960.736    30.8223     1.6947     43.000     1.6927    24.6462     8.6041    12.2961    109.001    375.016    384.258    0.00028    7.89360   11.28074  344.04863     1.6928   17.57775 3.7912e-02     0.6318    14.6572 0.0000e+00
        864 110.892346    0.05992     3.5951    215.706     44.420  50975.420    30.8312     1.6935     44.000     1.6913    24.6534     8.6135    12.3095    109.124    375.423    384.679    0.00046    7.89335   11.28039  344.03533     1.6916   17.57708 3.7912e-02     0.6235    15.2346 0.0000e+00
        874 110.892377    0.06065     3.6393    218.359     45.430  50981.104    30.8343     1.6931     45.000     1.6910    24.6559     8.6064    12.2994    109.035    375.114    384.363    0.00008    7.89327   11.28028  344.03128     1.6911   17.57688 3.7912e-02     0.6182    16.8847 0.0000e+00
        886 110.892410    0.06146     3.6873    221.237     46.439  50985.363    30.8366     1.6930     46.000     1.6911    24.6577     8.6119    12.3073    109.106    375.353    384.608    0.00019    7.89317   11.28013  344.02625     1.6910   17.57663 3.7912e-02     0.6288    17.7338 0.0000e+00
        895 110.892437    0.06209     3.7249    223.498     47.448  50988.988    30.8388     1.6938     47.000     1.6918    24.6593     8.6058    12.2983    109.032    375.081    384.330   -0.00010    7.89290   11.27973  344.01375     1.6918   17.57603 3.7912e-02     0.6451    18.9408 0.0000e+00
