CTD-processing/allCTD/CNV/2013_10-29_t4_s02_cast124_5028.cnv
* Sea-Bird SBE19plus Data File:
* FileName = C:\Users\kris.holderied\Documents\kasitsna\Research-Projects-and-Data\Oceanography-AK\CTD-CookInlet-GulfWatchAK\2013-10-11-EVOSTC-CookInlet-Ocean\2013-10-29-CookInlet-Tran4-Barabara\2013-10-29-CookInlet-Tran4-cast124.hex
* Software Version 1.59
* Temperature SN =  5028
* Conductivity SN =  5028
* System UpLoad Time = Feb 14 2014 21:25:32
** Cook Inlet Transect 4 (Barabara) north to south
** Date: 2013-10-29
** Station: 4-02
** Start time: 12:28
** Depth (m): 100
** Comment:  CTD instrument time is AK Daylight time
** Comment:
# nquan = 27
# nvalues = 99                          
# units = specified
# name 0 = scan: Scan Count
# name 1 = timeJ: Julian Days
# name 2 = timeH: Time, Elapsed [hours]
# name 3 = timeM: Time, Elapsed [minutes]
# name 4 = timeS: Time, Elapsed [seconds]
# name 5 = prdM: Pressure, Strain Gauge [db]
# name 6 = specc: Specific Conductance [uS/cm]
# name 7 = sal00: Salinity, Practical [PSU]
# name 8 = tv290C: Temperature [ITS-90, deg C]
# name 9 = depSM: Depth [salt water, m], lat = 59.00
# name 10 = potemp090C: Potential Temperature [ITS-90, deg C]
# name 11 = sigma-é00: Density [sigma-theta, kg/m^3]
# name 12 = sbeox0ML/L: Oxygen, SBE 43 [ml/l]
# name 13 = sbeox0Mg/L: Oxygen, SBE 43 [mg/l]
# name 14 = sbeox0PS: Oxygen, SBE 43 [% saturation]
# name 15 = sbox0Mm/Kg: Oxygen, SBE 43 [umol/kg]
# name 16 = sbeox0Mm/L: Oxygen, SBE 43 [umol/l]
# name 17 = sbox0dV/dT: Oxygen, SBE 43 [dov/dt]
# name 18 = oxsolML/L: Oxygen Saturation, Garcia & Gordon [ml/l]
# name 19 = oxsolMg/L: Oxygen Saturation, Garcia & Gordon [mg/l]
# name 20 = oxsolMm/Kg: Oxygen Saturation, Garcia & Gordon [umol/kg]
# name 21 = potemp090C: Potential Temperature [ITS-90, deg C]
# name 22 = n2satMg/L: Nitrogen Saturation [mg/l]
# name 23 = par: PAR/Irradiance, Biospherical/Licor
# name 24 = flECO-AFL: Fluorescence, WET Labs ECO-AFL/FL [mg/m^3]
# name 25 = turbWETntu0: Turbidity, WET Labs ECO [NTU]
# name 26 = flag: flag
# span 0 =        299,        791       
# span 1 = 302.521278, 302.522703       
# span 2 =    0.02068,    0.05487       
# span 3 =     1.2408,     3.2923       
# span 4 =     74.451,    197.540       
# span 5 =      1.010,     99.959       
# span 6 =  46304.922,  48601.245       
# span 7 =    29.1008,    30.6468       
# span 8 =     8.6415,     8.9987       
# span 9 =      1.000,     99.000       
# span 10 =     8.6310,     8.9986      
# span 11 =    22.5423,    23.7663      
# span 12 =     6.2529,     6.9381      
# span 13 =     8.9359,     9.9152      
# span 14 =     93.322,    103.788      
# span 15 =    272.773,    302.903      
# span 16 =    279.252,    309.855      
# span 17 =   -0.00653,    0.03648      
# span 18 =    6.67618,    6.74595      
# span 19 =    9.54093,    9.64063      
# span 20 =  291.24147,  294.63226      
# span 21 =     8.6317,     8.9977      
# span 22 =   15.06544,   15.23373      
# span 23 = 4.4487e-02, 6.1098e+01      
# span 24 =     0.1740,     2.5586      
# span 25 =     0.3759,     1.8661      
# span 26 = 0.0000e+00, 0.0000e+00      
# interval = meters: 1                  
# start_time = Oct 29 2013 12:29:24 [Instrument's time stamp, header]
# bad_flag = -9.990e-29
*END*
        299 302.521278    0.02068     1.2408     74.451      1.010  46304.922    29.1008     8.7304      1.000     8.7355    22.5423     6.3951     9.1393     94.800    279.310    285.607    0.03648    6.74595    9.64063  294.63226     8.7303   15.23373 6.1098e+01     2.5586     0.6155 0.0000e+00
        305 302.521295    0.02108     1.2649     75.893      2.019  46383.993    29.1587     8.7560      2.000     8.7686    22.5839     6.3406     9.0614     94.081    276.918    283.172    0.02478    6.73954    9.63149  294.34076     8.7558   15.21957 4.6090e+01     2.4913     0.6105 0.0000e+00
        310 302.521312    0.02147     1.2882     77.293      3.028  46427.521    29.1927     8.7874      3.000     8.7925    22.6059     6.3111     9.0192     93.730    275.624    281.855    0.01737    6.73329    9.62255  294.06119     8.7872   15.20608 3.4456e+01     2.3388     0.6038 0.0000e+00
        315 302.521326    0.02184     1.3103     78.616      4.038  46466.102    29.2209     8.8010      4.000     8.8075    22.6261     6.2838     8.9802     93.369    274.424    280.633    0.01197    6.73001    9.61787  293.91243     8.8007   15.19886 2.5101e+01     2.2145     0.5936 0.0000e+00
        320 302.521340    0.02216     1.3300     79.797      5.047  46536.301    29.2718     8.8198      5.000     8.8306    22.6631     6.2759     8.9688     93.322    274.068    280.279    0.00915    6.72495    9.61064  293.68081     8.8193   15.18759 1.8505e+01     2.0374     0.5847 0.0000e+00
        325 302.521353    0.02248     1.3487     80.920      6.057  46643.394    29.3499     8.8496      6.000     8.8644    22.7198     6.2908     8.9901     93.654    274.705    280.946    0.00832    6.71707    9.59936  293.32003     8.8490   15.17004 1.4435e+01     1.7782     0.5455 0.0000e+00
        330 302.521368    0.02284     1.3700     82.200      7.066  46779.665    29.4495     8.8891      7.000     8.9050    22.7920     6.3196     9.0313     94.227    275.944    282.233    0.00826    6.70680    9.58469  292.85114     8.8884   15.14723 1.1810e+01     1.4657     0.5019 0.0000e+00
        336 302.521385    0.02324     1.3946     83.676      8.075  46956.100    29.5792     8.9434      8.000     8.9621    22.8854     6.3416     9.0628     94.750    276.880    283.217    0.00777    6.69303    9.56502  292.22346     8.9425   15.11671 1.0029e+01     1.2938     0.4630 0.0000e+00
        341 302.521399    0.02358     1.4152     84.910      9.085  47014.570    29.6253     8.9864      9.000     8.9941    22.9150     6.3695     9.1026     95.286    278.088    284.460    0.00776    6.68460    9.55296  291.84663     8.9855   15.09852 8.6674e+00     1.2047     0.4224 0.0000e+00
        345 302.521412    0.02389     1.4334     86.003     10.094  47020.490    29.6306     8.9987     10.000     8.9986    22.9173     6.4030     9.1505     95.816    279.550    285.956    0.00794    6.68253    9.55001  291.75569     8.9977   15.09416 7.6033e+00     1.1294     0.4048 0.0000e+00
        350 302.521426    0.02422     1.4528     87.171     11.104  47026.819    29.6345     8.9981     11.000     8.9950    22.9205     6.4439     9.2089     96.430    281.334    287.783    0.00822    6.68244    9.54988  291.75096     8.9970   15.09391 6.6840e+00     1.0446     0.4014 0.0000e+00
        355 302.521441    0.02458     1.4748     88.489     12.114  47032.643    29.6374     8.9920     12.000     8.9887    22.9236     6.4879     9.2718     97.076    283.255    289.749    0.00839    6.68325    9.55103  291.78512     8.9908   15.09553 5.9146e+00     0.9624     0.3988 0.0000e+00
        361 302.521457    0.02497     1.4981     89.885     13.123  47037.093    29.6394     8.9872     13.000     8.9841    22.9260     6.5163     9.3125     97.494    284.499    291.021    0.00758    6.68385    9.55190  291.81100     8.9859   15.09676 5.2046e+00     0.9505     0.4172 0.0000e+00
        365 302.521471    0.02530     1.5180     91.078     14.132  47040.343    29.6407     8.9829     14.000     8.9807    22.9276     6.5624     9.3783     98.174    286.507    293.075    0.00810    6.68445    9.55274  291.83627     8.9816   15.09797 4.5988e+00     0.9228     0.4004 0.0000e+00
        369 302.521483    0.02559     1.5353     92.120     15.142  47042.577    29.6417     8.9817     15.000     8.9800    22.9286     6.6082     9.4439     98.858    288.510    295.125    0.00882    6.68459    9.55295  291.84237     8.9802   15.09825 4.0829e+00     0.9003     0.3856 0.0000e+00
        374 302.521496    0.02589     1.5536     93.215     16.152  47043.783    29.6421     8.9815     16.000     8.9798    22.9289     6.6514     9.5055     99.504    290.394    297.053    0.00916    6.68461    9.55298  291.84295     8.9799   15.09828 3.6260e+00     0.8755     0.3822 0.0000e+00
        379 302.521511    0.02627     1.5762     94.570     17.161  47045.426    29.6428     8.9815     17.000     8.9797    22.9295     6.6865     9.5557    100.028    291.925    298.619    0.00865    6.68459    9.55294  291.84183     8.9797   15.09822 3.2072e+00     0.8576     0.3793 0.0000e+00
        385 302.521528    0.02667     1.6002     96.013     18.171  47046.566    29.6432     8.9815     18.000     8.9797    22.9298     6.7034     9.5798    100.282    292.663    299.373    0.00717    6.68455    9.55289  291.84024     8.9797   15.09815 2.8091e+00     0.8591     0.3831 0.0000e+00
        390 302.521541    0.02698     1.6191     97.145     19.180  47047.321    29.6433     8.9817     19.000     8.9798    22.9299     6.7312     9.6196    100.698    293.877    300.615    0.00696    6.68453    9.55286  291.83922     8.9798   15.09809 2.4594e+00     0.8416     0.3794 0.0000e+00
        394 302.521553    0.02726     1.6358     98.148     20.190  47048.223    29.6435     8.9818     20.000     8.9798    22.9301     6.7682     9.6725    101.252    295.492    302.268    0.00751    6.68450    9.55282  291.83804     8.9798   15.09804 2.1600e+00     0.8283     0.3836 0.0000e+00
        398 302.521565    0.02756     1.6538     99.230     21.199  47049.060    29.6437     8.9819     21.000     8.9798    22.9302     6.7894     9.7027    101.570    296.418    303.215    0.00709    6.68448    9.55278  291.83673     8.9798   15.09798 1.9046e+00     0.8371     0.3859 0.0000e+00
        403 302.521581    0.02795     1.6771    100.624     22.209  47049.618    29.6437     8.9820     22.000     8.9798    22.9302     6.7918     9.7062    101.607    296.525    303.325    0.00540    6.68446    9.55276  291.83614     8.9798   15.09795 1.6766e+00     0.8307     0.3875 0.0000e+00
        409 302.521598    0.02836     1.7018    102.110     23.218  47050.263    29.6437     8.9820     23.000     8.9797    22.9303     6.8000     9.7178    101.728    296.879    303.686    0.00428    6.68446    9.55275  291.83583     8.9797   15.09793 1.4609e+00     0.8506     0.3993 0.0000e+00
        414 302.521611    0.02865     1.7190    103.141     24.228  47050.852    29.6437     8.9822     24.000     8.9798    22.9303     6.8156     9.7402    101.962    297.561    304.385    0.00420    6.68443    9.55272  291.83502     8.9797   15.09789 1.2727e+00     0.8565     0.3889 0.0000e+00
        417 302.521621    0.02891     1.7348    104.086     25.237  47051.386    29.6437     8.9823     25.000     8.9798    22.9302     6.8356     9.7687    102.261    298.433    305.276    0.00439    6.68442    9.55270  291.83423     8.9798   15.09786 1.1171e+00     0.8483     0.3888 0.0000e+00
        422 302.521635    0.02924     1.7546    105.279     26.247  47051.982    29.6437     8.9824     26.000     8.9798    22.9302     6.8633     9.8084    102.677    299.646    306.517    0.00479    6.68440    9.55267  291.83341     8.9798   15.09782 9.8467e-01     0.8437     0.3837 0.0000e+00
        428 302.521653    0.02968     1.7811    106.868     27.257  47052.872    29.6439     8.9825     27.000     8.9799    22.9304     6.8771     9.8281    102.884    300.248    307.133    0.00408    6.68437    9.55263  291.83208     8.9798   15.09775 8.6233e-01     0.8338     0.3860 0.0000e+00
        434 302.521669    0.03005     1.8030    108.182     28.266  47054.212    29.6445     8.9828     28.000     8.9801    22.9308     6.8860     9.8407    103.016    300.630    307.525    0.00348    6.68431    9.55255  291.82938     8.9800   15.09762 7.5205e-01     0.8081     0.3759 0.0000e+00
        438 302.521680    0.03032     1.8190    109.138     29.276  47056.405    29.6456     8.9832     29.000     8.9806    22.9317     6.8944     9.8528    103.145    301.003    307.905    0.00324    6.68419    9.55238  291.82382     8.9803   15.09735 6.5996e-01     0.8048     0.3864 0.0000e+00
        442 302.521692    0.03059     1.8355    110.127     30.285  47058.314    29.6467     8.9840     30.000     8.9813    22.9324     6.9063     9.8698    103.326    301.521    308.436    0.00321    6.68403    9.55215  291.81683     8.9810   15.09701 5.8267e-01     0.7974     0.3930 0.0000e+00
        447 302.521707    0.03097     1.8586    111.515     31.295  47059.472    29.6471     8.9847     31.000     8.9816    22.9327     6.9126     9.8788    103.422    301.797    308.717    0.00270    6.68391    9.55198  291.81137     8.9816   15.09675 5.1649e-01     0.7768     0.3862 0.0000e+00
        453 302.521725    0.03141     1.8843    113.059     32.304  47061.121    29.6479     8.9849     32.000     8.9818    22.9332     6.9197     9.8889    103.529    302.105    309.033    0.00225    6.68384    9.55188  291.80810     8.9817   15.09659 4.5350e-01     0.7680     0.3919 0.0000e+00
        458 302.521738    0.03172     1.9032    114.190     33.314  47064.460    29.6498     8.9852     33.000     8.9818    22.9348     6.9269     9.8992    103.638    302.418    309.354    0.00212    6.68373    9.55171  291.80274     8.9818   15.09633 3.9888e-01     0.7586     0.4057 0.0000e+00
        462 302.521750    0.03199     1.9195    115.171     34.324  47069.340    29.6528     8.9849     34.000     8.9808    22.9371     6.9298     9.9034    103.683    302.544    309.484    0.00183    6.68363    9.55157  291.79774     8.9815   15.09608 3.5358e-01     0.7389     0.4012 0.0000e+00
        466 302.521763    0.03230     1.9383    116.297     35.333  47078.496    29.6584     8.9820     35.000     8.9754    22.9419     6.9356     9.9116    103.767    302.796    309.742    0.00168    6.68383    9.55185  291.80503     8.9785   15.09640 3.1542e-01     0.7034     0.3919 0.0000e+00
        472 302.521780    0.03271     1.9623    117.741     36.343  47096.128    29.6689     8.9718     36.000     8.9646    22.9517     6.9381     9.9152    103.788    302.903    309.855    0.00129    6.68489    9.55338  291.84889     8.9682   15.09845 2.8111e-01     0.6905     0.3941 0.0000e+00
        477 302.521795    0.03309     1.9852    119.109     37.352  47112.586    29.6788     8.9635     37.000     8.9576    22.9607     6.9313     9.9055    103.673    302.603    309.550    0.00053    6.68571    9.55455  291.88215     8.9598   15.10000 2.4991e-01     0.7007     0.3848 0.0000e+00
        482 302.521808    0.03338     2.0032    120.195     38.362  47127.631    29.6883     8.9590     38.000     8.9527    22.9688     6.9354     9.9114    103.731    302.782    309.736    0.00056    6.68597    9.55493  291.89123     8.9552   15.10040 2.2281e-01     0.7300     0.3882 0.0000e+00
        486 302.521820    0.03367     2.0204    121.222     39.372  47145.367    29.6996     8.9540     39.000     8.9482    22.9783     6.9349     9.9108    103.720    302.759    309.716    0.00041    6.68624    9.55530  291.89989     8.9501   15.10077 1.9987e-01     0.7439     0.3816 0.0000e+00
        491 302.521834    0.03401     2.0408    122.446     40.382  47159.836    29.7088     8.9502     40.000     8.9451    22.9861     6.9293     9.9026    103.632    302.507    309.461   -0.00003    6.68639    9.55552  291.90461     8.9462   15.10095 1.8016e-01     0.7110     0.3812 0.0000e+00
        497 302.521851    0.03441     2.0649    123.892     41.391  47184.278    29.7248     8.9457     41.000     8.9377    22.9993     6.9340     9.9094    103.704    302.710    309.672    0.00016    6.68638    9.55551  291.90033     8.9416   15.10068 1.6248e-01     0.6716     0.3867 0.0000e+00
        502 302.521865    0.03477     2.0863    125.176     42.401  47229.092    29.7538     8.9326     42.000     8.9206    23.0240     6.9301     9.9038    103.634    302.533    309.498   -0.00013    6.68709    9.55653  291.92449     8.9284   15.10172 1.4689e-01     0.6120     0.3903 0.0000e+00
        506 302.521878    0.03507     2.1039    126.235     43.410  47276.070    29.7839     8.9156     43.000     8.9030    23.0500     6.9195     9.8887    103.456    302.063    309.026   -0.00074    6.68833    9.55829  291.97095     8.9113   15.10381 1.3380e-01     0.5507     0.3937 0.0000e+00
        510 302.521890    0.03535     2.1211    127.264     44.421  47312.192    29.8067     8.9010     44.000     8.8924    23.0700     6.9057     9.8689    103.231    301.454    308.409   -0.00139    6.68954    9.56003  292.01814     8.8965   15.10597 1.2280e-01     0.5443     0.4025 0.0000e+00
        515 302.521904    0.03569     2.1417    128.503     45.430  47331.825    29.8190     8.8939     45.000     8.8885    23.0807     6.8960     9.8550    103.077    301.026    307.974   -0.00166    6.69006    9.56077  292.03759     8.8895   15.10685 1.1311e-01     0.5313     0.4193 0.0000e+00
        521 302.521921    0.03611     2.1669    130.011     46.439  47344.784    29.8274     8.8920     46.000     8.8868    23.0875     6.9013     9.8626    103.158    301.255    308.210   -0.00101    6.68999    9.56066  292.03254     8.8874   15.10657 1.0442e-01     0.5238     0.4179 0.0000e+00
        526 302.521937    0.03647     2.1884    131.302     47.449  47359.144    29.8367     8.8896     47.000     8.8829    23.0951     6.9029     9.8648    103.183    301.323    308.282   -0.00073    6.68994    9.56060  292.02857     8.8849   15.10634 9.6531e-02     0.5033     0.4229 0.0000e+00
        530 302.521948    0.03677     2.2062    132.375     48.458  47382.471    29.8517     8.8841     48.000     8.8741    23.1078     6.9049     9.8677    103.210    301.407    308.372   -0.00055    6.69013    9.56086  292.03285     8.8792   15.10649 8.9834e-02     0.4744     0.4370 0.0000e+00
        535 302.521962    0.03709     2.2255    133.531     49.467  47449.522    29.8957     8.8670     49.000     8.8495    23.1448     6.9030     9.8652    103.173    301.316    308.290   -0.00057    6.69078    9.56179  292.05077     8.8621   15.10717 8.4196e-02     0.4497     0.4567 0.0000e+00
        541 302.521978    0.03748     2.2491    134.946     50.478  47583.581    29.9835     8.8274     50.000     8.8077    23.2192     6.8777     9.8289    102.761    300.186    307.157   -0.00176    6.69292    9.56484  292.12276     8.8224   15.11025 7.9280e-02     0.3837     0.4610 0.0000e+00
        546 302.521995    0.03787     2.2719    136.315     51.488  47686.696    30.0504     8.7943     51.000     8.7847    23.2765     6.8352     9.7682    102.094    298.316    305.260   -0.00355    6.69498    9.56780  292.19657     8.7892   15.11349 7.5059e-02     0.3453     0.4214 0.0000e+00
        551 302.522008    0.03819     2.2913    137.477     52.498  47746.000    30.0907     8.7896     52.000     8.7850    23.3087     6.8144     9.7384    101.799    297.398    304.330   -0.00385    6.69396    9.56633  292.14242     8.7844   15.11075 7.1544e-02     0.3410     0.3972 0.0000e+00
        555 302.522021    0.03850     2.3101    138.604     53.507  47825.223    30.1458     8.7911     53.000     8.7857    23.3516     6.8008     9.7191    101.636    296.794    303.724   -0.00363    6.69134    9.56259  292.01603     8.7858   15.10448 6.8484e-02     0.3285     0.3950 0.0000e+00
