CTD-processing/allCTD/CNV/2013_07-09_t9andtutka_s05_cast223_5028.cnv
* Sea-Bird SBE19plus Data File:
* FileName = C:\Documents and Settings\kbayadmin\My Documents\CTD data\2013-07-09 Kachemak Bay Homer Spit Line and Tutka Bay\2013-07-09 Kachemak Bay Homer Spit Line and Tutka Bay cast223.hex
* Software Version 1.59
* Temperature SN =  5028
* Conductivity SN =  5028
* System UpLoad Time = Jul 10 2013 11:14:58
** Kachemak Bay Homer Spit Line and Tutka Bay
** 2013-07-05
** Station: 9.05
** N': 59 34.743
** W': -151 22.787
** Start Time: 1808
** Depth(ft): 314
# nquan = 27
# nvalues = 87                          
# units = specified
# name 0 = scan: Scan Count
# name 1 = timeJ: Julian Days
# name 2 = timeH: Time, Elapsed [hours]
# name 3 = timeM: Time, Elapsed [minutes]
# name 4 = timeS: Time, Elapsed [seconds]
# name 5 = prdM: Pressure, Strain Gauge [db]
# name 6 = specc: Specific Conductance [uS/cm]
# name 7 = sal00: Salinity, Practical [PSU]
# name 8 = tv290C: Temperature [ITS-90, deg C]
# name 9 = depSM: Depth [salt water, m], lat = 59.00
# name 10 = potemp090C: Potential Temperature [ITS-90, deg C]
# name 11 = sigma-é00: Density [sigma-theta, kg/m^3]
# name 12 = sbeox0ML/L: Oxygen, SBE 43 [ml/l]
# name 13 = sbeox0Mg/L: Oxygen, SBE 43 [mg/l]
# name 14 = sbeox0PS: Oxygen, SBE 43 [% saturation]
# name 15 = sbox0Mm/Kg: Oxygen, SBE 43 [umol/kg]
# name 16 = sbeox0Mm/L: Oxygen, SBE 43 [umol/l]
# name 17 = sbox0dV/dT: Oxygen, SBE 43 [dov/dt]
# name 18 = oxsolML/L: Oxygen Saturation, Garcia & Gordon [ml/l]
# name 19 = oxsolMg/L: Oxygen Saturation, Garcia & Gordon [mg/l]
# name 20 = oxsolMm/Kg: Oxygen Saturation, Garcia & Gordon [umol/kg]
# name 21 = potemp090C: Potential Temperature [ITS-90, deg C]
# name 22 = n2satMg/L: Nitrogen Saturation [mg/l]
# name 23 = par: PAR/Irradiance, Biospherical/Licor
# name 24 = flECO-AFL: Fluorescence, WET Labs ECO-AFL/FL [mg/m^3]
# name 25 = turbWETntu0: Turbidity, WET Labs ECO [NTU]
# name 26 = flag: flag
# span 0 =        258,        726       
# span 1 = 190.756971, 190.758325       
# span 2 =    0.01785,    0.05036       
# span 3 =     1.0711,     3.0213       
# span 4 =     64.263,    181.281       
# span 5 =      1.009,     87.839       
# span 6 =  45368.224,  50831.173       
# span 7 =    28.5816,    31.7451       
# span 8 =     5.9478,     9.7820       
# span 9 =      1.000,     87.000       
# span 10 =     5.9434,     9.7845      
# span 11 =    21.9795,    24.9885      
# span 12 =     6.5815,     7.8508      
# span 13 =     9.4057,    11.2196      
# span 14 =     99.545,    114.868      
# span 15 =    287.609,    342.162      
# span 16 =    293.931,    350.618      
# span 17 =   -0.00825,    0.01513      
# span 18 =    6.61175,    7.06830      
# span 19 =    9.44885,   10.10131      
# span 20 =  288.91921,  307.97455      
# span 21 =     5.9409,     9.7819      
# span 22 =   14.96274,   15.85922      
# span 23 = 4.8995e-02, 4.9003e+02      
# span 24 =     0.1581,     2.6054      
# span 25 =     0.4421,     1.8595      
# span 26 = 0.0000e+00, 0.0000e+00      
# interval = meters: 1                  
# start_time = Jul 09 2013 18:08:58 [Instrument's time stamp, header]
# bad_flag = -9.990e-29
*END*
        258 190.756971    0.01785     1.0711     64.263      1.009  45368.224    28.5816     9.7820      1.000     9.7845    21.9795     6.5815     9.4057     99.545    287.609    293.931   -0.00180    6.61175    9.44885  288.93130     9.7819   14.96352 4.9003e+02     1.0641     1.8595 0.0000e+00
        353 190.757245    0.02443     1.4661     87.967      2.019  45445.852    28.6316     9.7668      2.000     9.7609    22.0209     6.8970     9.8565    104.315    301.384    308.021   -0.00584    6.61176    9.44887  288.91921     9.7666   14.96274 3.7940e+02     1.2345     1.3544 0.0000e+00
        360 190.757266    0.02493     1.4959     89.753      3.029  45475.216    28.6496     9.7488      3.000     9.7423    22.0376     6.8227     9.7504    103.162    298.134    304.704   -0.00825    6.61363    9.45154  288.99597     9.7485   14.96633 2.4338e+02     1.4848     1.3510 0.0000e+00
        366 190.757283    0.02535     1.5206     91.234      4.038  45532.360    28.6841     9.7077      4.000     9.6632    22.0709     6.9782     9.9726    105.438    304.918    311.648    0.00129    6.61819    9.45805  289.18563     9.7073   14.97525 1.6758e+02     2.0537     1.2994 0.0000e+00
        372 190.757301    0.02577     1.5464     92.784      5.047  45807.748    28.8517     9.5104      5.000     9.3966    22.2318     7.1436    10.2089    107.581    312.095    319.034    0.00803    6.64010    9.48936  290.09724     9.5099   15.01813 1.1510e+02     2.6054     1.2640 0.0000e+00
        379 190.757321    0.02626     1.5755     94.529      6.057  46968.793    29.5763     8.8691      6.000     8.5442    22.8934     7.3050    10.4396    108.953    318.939    326.242    0.00964    6.70472    9.58172  292.72999     8.8685   15.14090 8.1035e+01     2.3064     1.1337 0.0000e+00
        385 190.757337    0.02665     1.5989     95.933      7.066  48744.173    30.6853     7.9740      7.000     7.7769    23.8905     7.3398    10.4893    108.064    320.146    327.794    0.00404    6.79237    9.70697  296.26816     7.9734   15.30528 6.0604e+01     2.2524     0.9941 0.0000e+00
        390 190.757352    0.02700     1.6204     97.224      8.076  49484.499    31.1443     7.6033      8.000     7.5600    24.3024     7.3057    10.4406    106.979    318.533    326.274   -0.00089    6.82920    9.75962  297.75591     7.6025   15.37440 4.6686e+01     2.1294     0.8236 0.0000e+00
        395 190.757368    0.02738     1.6426     98.557      9.085  49650.162    31.2491     7.5389      9.000     7.5337    24.3936     7.4069    10.5852    108.375    322.916    330.793    0.00345    6.83454    9.76723  297.96190     7.5380   15.38381 3.6379e+01     2.0567     0.7974 0.0000e+00
        401 190.757383    0.02776     1.6655     99.930     10.095  49708.456    31.2884     7.5328     10.000     7.5305    24.4253     7.5522    10.7929    110.514    329.241    337.282    0.00929    6.83371    9.76605  297.91675     7.5319   15.38149 2.8173e+01     2.0210     0.8815 0.0000e+00
        405 190.757396    0.02807     1.6839    101.032     11.104  49819.331    31.3643     7.5269     11.000     7.5204    24.4858     7.6661    10.9557    112.222    334.186    342.369    0.01301    6.83125    9.76253  297.79176     7.5259   15.37522 2.2335e+01     1.9950     0.9068 0.0000e+00
        409 190.757408    0.02834     1.7009    102.052     12.113  49915.149    31.4284     7.5138     12.000     7.5043    24.5380     7.7328    11.0509    113.210    337.073    345.344    0.01374    6.83042    9.76135  297.74049     7.5128   15.37251 1.7925e+01     1.7217     0.7869 0.0000e+00
        414 190.757422    0.02867     1.7202    103.213     13.123  49968.982    31.4621     7.4932     13.000     7.4817    24.5672     7.8253    11.1830    114.536    341.096    349.475    0.01513    6.83214    9.76380  297.80682     7.4920   15.37554 1.4749e+01     1.3554     0.6401 0.0000e+00
        420 190.757440    0.02911     1.7464    104.785     14.132  50001.297    31.4785     7.4591     14.000     7.4469    24.5847     7.8139    11.1669    114.294    340.597    348.970    0.01051    6.83673    9.77037  298.00210     7.4579   15.38479 1.2377e+01     1.0987     0.5368 0.0000e+00
        425 190.757455    0.02946     1.7680    106.082     15.142  50015.697    31.4832     7.4299     15.000     7.4151    24.5924     7.7395    11.0605    113.132    337.349    345.645    0.00435    6.84109    9.77662  298.19025     7.4286   15.39375 1.0281e+01     1.0190     0.5702 0.0000e+00
        430 190.757469    0.02981     1.7886    107.317     16.152  50074.612    31.5188     7.4003     16.000     7.3927    24.6244     7.7346    11.0535    113.010    337.124    345.426    0.00282    6.84413    9.78095  298.31305     7.3989   15.39946 8.5248e+00     0.9359     0.5830 0.0000e+00
        435 190.757483    0.03014     1.8081    108.487     17.161  50111.516    31.5420     7.3879     17.000     7.3812    24.6444     7.7588    11.0882    113.350    338.176    346.510    0.00329    6.84504    9.78225  298.34698     7.3864   15.40098 7.0837e+00     0.8614     0.5488 0.0000e+00
        440 190.757496    0.03046     1.8272    109.631     18.171  50144.298    31.5631     7.3804     18.000     7.3817    24.6620     7.7776    11.1150    113.620    338.989    347.348    0.00342    6.84527    9.78258  298.35195     7.3788   15.40114 6.0063e+00     0.7474     0.5250 0.0000e+00
        444 190.757509    0.03078     1.8468    110.809     19.180  50148.185    31.5656     7.3815     19.000     7.3744    24.6638     7.7986    11.1450    113.932    339.901    348.285    0.00368    6.84499    9.78217  298.33901     7.3798   15.40051 5.1350e+00     0.7052     0.5227 0.0000e+00
        449 190.757523    0.03111     1.8664    111.984     20.190  50216.988    31.6131     7.3816     20.000     7.3985    24.7011     7.8003    11.1474    113.992    339.964    348.361    0.00308    6.84285    9.77912  298.23504     7.3798   15.39535 4.3556e+00     0.6653     0.5392 0.0000e+00
        454 190.757537    0.03145     1.8866    113.199     21.199  50250.403    31.6451     7.4355     21.000     7.4508    24.7190     7.8074    11.1575    114.261    340.267    348.678    0.00321    6.83297    9.76500  297.79922     7.4336   15.37443 3.6907e+00     0.6394     0.5357 0.0000e+00
        458 190.757550    0.03176     1.9054    114.325     22.209  50235.364    31.6389     7.4636     22.000     7.4639    24.7103     7.8309    11.1911    114.673    341.294    349.727    0.00389    6.82885    9.75911  297.62220     7.4616   15.36600 3.1626e+00     0.6736     0.4962 0.0000e+00
        463 190.757564    0.03209     1.9254    115.526     23.218  50237.644    31.6399     7.4634     23.000     7.4532    24.7111     7.8435    11.2092    114.859    341.844    350.292    0.00364    6.82883    9.75908  297.62097     7.4613   15.36594 2.7314e+00     0.6641     0.4529 0.0000e+00
        468 190.757578    0.03242     1.9453    116.719     24.228  50242.870    31.6370     7.4271     24.000     7.3884    24.7138     7.8508    11.2196    114.868    342.162    350.618    0.00290    6.83466    9.76741  297.87417     7.4249   15.37803 2.3565e+00     0.6469     0.4477 0.0000e+00
        473 190.757592    0.03276     1.9656    117.938     25.238  50290.264    31.6505     7.3151     25.000     7.2645    24.7396     7.8179    11.1725    114.104    340.717    349.146   -0.00008    6.85162    9.79165  298.60599     7.3129   15.41290 2.0300e+00     0.6008     0.4537 0.0000e+00
        477 190.757605    0.03309     1.9853    119.119     26.247  50396.098    31.7085     7.2255     26.000     7.2148    24.7973     7.7461    11.0699    112.866    337.568    345.939   -0.00411    6.86311    9.80807  299.08980     7.2232   15.43575 1.7452e+00     0.4692     0.4720 0.0000e+00
        482 190.757619    0.03341     2.0050    120.299     27.257  50420.363    31.7233     7.2159     27.000     7.2158    24.8102     7.7074    11.0146    112.288    335.878    344.211   -0.00524    6.86395    9.80927  299.12282     7.2135   15.43726 1.5091e+00     0.3411     0.4805 0.0000e+00
        487 190.757632    0.03372     2.0232    121.393     28.266  50425.510    31.7276     7.2228     28.000     7.2241    24.8127     7.7138    11.0238    112.402    336.156    344.498   -0.00401    6.86268    9.80745  299.06649     7.2202   15.43456 1.3093e+00     0.3249     0.4651 0.0000e+00
        491 190.757645    0.03403     2.0419    122.516     29.275  50421.323    31.7254     7.2293     29.000     7.2277    24.8101     7.7519    11.0783    112.973    337.820    346.202   -0.00151    6.86174    9.80612  299.02665     7.2267   15.43267 1.1383e+00     0.3323     0.4539 0.0000e+00
        496 190.757658    0.03435     2.0610    123.657     30.286  50422.893    31.7264     7.2317     30.000     7.2300    24.8106     7.7847    11.1251    113.457    339.247    347.664    0.00032    6.86131    9.80550  299.00767     7.2290   15.43176 9.8496e-01     0.3343     0.4642 0.0000e+00
        500 190.757672    0.03467     2.0805    124.831     31.295  50420.154    31.7242     7.2327     31.000     7.2282    24.8087     7.7998    11.1467    113.679    339.907    348.339    0.00093    6.86126    9.80542  299.00573     7.2299   15.43167 8.5835e-01     0.3378     0.4628 0.0000e+00
        506 190.757687    0.03505     2.1029    126.172     32.305  50418.613    31.7214     7.2252     32.000     7.2184    24.8075     7.7959    11.1411    113.601    339.738    348.166    0.00046    6.86257    9.80730  299.06337     7.2223   15.43444 7.5237e-01     0.3253     0.4434 0.0000e+00
        511 190.757702    0.03540     2.1240    127.437     33.314  50422.247    31.7219     7.2160     33.000     7.2094    24.8092     7.7912    11.1344    113.508    339.530    347.954   -0.00001    6.86400    9.80934  299.12526     7.2130   15.43738 6.5587e-01     0.3256     0.4421 0.0000e+00
        515 190.757714    0.03570     2.1422    128.532     34.324  50406.502    31.7077     7.2004     34.000     7.1804    24.8001     7.7895    11.1320    113.432    339.461    347.879   -0.00026    6.86709    9.81377  299.26284     7.1973   15.44401 5.7149e-01     0.3196     0.4621 0.0000e+00
        519 190.757726    0.03599     2.1593    129.558     35.334  50412.401    31.7049     7.1630     35.000     7.1424    24.8028     7.7746    11.1107    113.116    338.810    347.214   -0.00124    6.87313    9.82239  299.52511     7.1599   15.45653 4.9855e-01     0.2909     0.4821 0.0000e+00
        523 190.757737    0.03626     2.1756    130.535     36.343  50411.143    31.6970     7.1254     36.000     7.0972    24.8016     7.7568    11.0853    112.754    338.035    346.419   -0.00224    6.87944    9.83142  299.80047     7.1222   15.46970 4.3570e-01     0.2970     0.5110 0.0000e+00
        527 190.757749    0.03652     2.1912    131.474     37.353  50426.987    31.6993     7.0787     37.000     7.0530    24.8097     7.7414    11.0632    112.411    337.361    345.731   -0.00303    6.88673    9.84183  300.11557     7.0754   15.48472 3.8050e-01     0.2922     0.5508 0.0000e+00
        530 190.757759    0.03677     2.2061    132.367     38.362  50443.213    31.7035     7.0407     38.000     7.0219    24.8180     7.7310    11.0484    112.164    336.905    345.266   -0.00343    6.89258    9.85019  300.36824     7.0373   15.49676 3.3207e-01     0.2677     0.5705 0.0000e+00
        534 190.757769    0.03701     2.2210    133.260     39.372  50462.493    31.7123     7.0170     39.000     7.0076    24.8281     7.7259    11.0412    112.037    336.683    345.042   -0.00336    6.89595    9.85501  300.51206     7.0136   15.50358 2.8960e-01     0.2523     0.5710 0.0000e+00
        538 190.757781    0.03728     2.2369    134.212     40.382  50470.209    31.7154     7.0072     40.000     7.0005    24.8318     7.7266    11.0420    112.022    336.708    345.069   -0.00293    6.89736    9.85703  300.57270     7.0037   15.50646 2.5358e-01     0.2603     0.5804 0.0000e+00
        542 190.757792    0.03756     2.2537    135.223     41.391  50473.810    31.7163     7.0007     41.000     6.9918    24.8334     7.7334    11.0517    112.104    337.003    345.371   -0.00219    6.89837    9.85845  300.61565     6.9971   15.50851 2.2316e-01     0.2637     0.5924 0.0000e+00
        546 190.757804    0.03784     2.2704    136.224     42.400  50479.091    31.7173     6.9882     42.000     6.9763    24.8358     7.7403    11.0617    112.174    337.306    345.683   -0.00166    6.90032    9.86124  300.69991     6.9844   15.51252 1.9726e-01     0.2526     0.5607 0.0000e+00
        550 190.757815    0.03812     2.2873    137.239     43.410  50485.412    31.7183     6.9717     43.000     6.9600    24.8388     7.7465    11.0706    112.221    337.575    345.960   -0.00126    6.90289    9.86492  300.81119     6.9679   15.51783 1.7544e-01     0.2585     0.5683 0.0000e+00
        554 190.757827    0.03840     2.3043    138.258     44.419  50488.342    31.7170     6.9554     44.000     6.9421    24.8399     7.7482    11.0729    112.202    337.647    346.034   -0.00113    6.90555    9.86872  300.92685     6.9515   15.52334 1.5633e-01     0.2492     0.5719 0.0000e+00
        558 190.757839    0.03868     2.3210    139.259     45.430  50489.766    31.7140     6.9354     45.000     6.9203    24.8402     7.7422    11.0644    112.062    337.386    345.767   -0.00141    6.90887    9.87346  301.07142     6.9315   15.53025 1.3997e-01     0.2460     0.5766 0.0000e+00
        562 190.757851    0.03898     2.3384    140.304     46.440  50499.545    31.7163     6.9132     46.000     6.9019    24.8449     7.7325    11.0505    111.865    336.959    345.331   -0.00183    6.91230    9.87837  301.21944     6.9092   15.53731 1.2620e-01     0.2429     0.5921 0.0000e+00
        567 190.757863    0.03928     2.3564    141.381     47.449  50505.415    31.7175     6.8993     47.000     6.8889    24.8476     7.7299    11.0468    111.793    336.846    345.217   -0.00179    6.91447    9.88147  301.31316     6.8953   15.54177 1.1449e-01     0.2542     0.5552 0.0000e+00
        571 190.757875    0.03956     2.3737    142.422     48.458  50504.872    31.7139     6.8841     48.000     6.8712    24.8468     7.7381    11.0586    111.870    337.206    345.585   -0.00130    6.91707    9.88519  301.42684     6.8799   15.54721 1.0454e-01     0.2513     0.5558 0.0000e+00
        575 190.757888    0.03985     2.3913    143.481     49.468  50511.977    31.7154     6.8674     49.000     6.8567    24.8501     7.7447    11.0681    111.924    337.495    345.882   -0.00092    6.91967    9.88891  301.53944     6.8631   15.55257 9.6194e-02     0.2509     0.5658 0.0000e+00
        579 190.757900    0.04017     2.4100    144.600     50.478  50516.138    31.7153     6.8539     50.000     6.8433    24.8519     7.7451    11.0686    111.894    337.510    345.898   -0.00090    6.92184    9.89201  301.63331     6.8495   15.55705 8.8997e-02     0.2505     0.5789 0.0000e+00
        584 190.757913    0.04047     2.4280    145.680     51.488  50508.911    31.7069     6.8373     51.000     6.8159    24.8474     7.7473    11.0717    111.877    337.607    345.996   -0.00083    6.92488    9.89635  301.76692     6.8329   15.56346 8.2929e-02     0.2477     0.5876 0.0000e+00
        588 190.757926    0.04077     2.4465    146.791     52.497  50512.533    31.7006     6.7909     52.000     6.7631    24.8484     7.7444    11.0676    111.711    337.482    345.868   -0.00120    6.93261    9.90739  302.10356     6.7864   15.57954 7.7907e-02     0.2485     0.5867 0.0000e+00
        592 190.757938    0.04106     2.4639    147.834     53.507  50540.213    31.7116     6.7482     53.000     6.7311    24.8626     7.7295    11.0461    111.392    336.824    345.198   -0.00206    6.93898    9.91649  302.37683     6.7436   15.59252 7.3673e-02     0.2249     0.5850 0.0000e+00
