CTD-processing/allCTD/CNV/2013_06-19_t9_s08_cast186_5028.cnv
* Sea-Bird SBE19plus Data File:
* FileName = C:\Documents and Settings\kbayadmin\My Documents\CTD data\2013-06-19 Kachemak Bay Homer Spit Line\2013-06-06 Kachemak Bay Homer Spit Line cast186.hex
* Software Version 1.59
* Temperature SN =  5028
* Conductivity SN =  5028
* System UpLoad Time = Jun 19 2013 15:46:50
** Kachemak Bay All Bay Inner Bay
** 2013-06-06
** Station: 9-08
** N': 59 35.352
** W': 151 23.666
** Start Time: 1225
** Depth(ft): 305
# nquan = 27
# nvalues = 87                          
# units = specified
# name 0 = scan: Scan Count
# name 1 = timeJ: Julian Days
# name 2 = timeH: Time, Elapsed [hours]
# name 3 = timeM: Time, Elapsed [minutes]
# name 4 = timeS: Time, Elapsed [seconds]
# name 5 = prdM: Pressure, Strain Gauge [db]
# name 6 = specc: Specific Conductance [uS/cm]
# name 7 = sal00: Salinity, Practical [PSU]
# name 8 = tv290C: Temperature [ITS-90, deg C]
# name 9 = depSM: Depth [salt water, m], lat = 59.00
# name 10 = potemp090C: Potential Temperature [ITS-90, deg C]
# name 11 = sigma-é00: Density [sigma-theta, kg/m^3]
# name 12 = sbeox0ML/L: Oxygen, SBE 43 [ml/l]
# name 13 = sbeox0Mg/L: Oxygen, SBE 43 [mg/l]
# name 14 = sbeox0PS: Oxygen, SBE 43 [% saturation]
# name 15 = sbox0Mm/Kg: Oxygen, SBE 43 [umol/kg]
# name 16 = sbeox0Mm/L: Oxygen, SBE 43 [umol/l]
# name 17 = sbox0dV/dT: Oxygen, SBE 43 [dov/dt]
# name 18 = oxsolML/L: Oxygen Saturation, Garcia & Gordon [ml/l]
# name 19 = oxsolMg/L: Oxygen Saturation, Garcia & Gordon [mg/l]
# name 20 = oxsolMm/Kg: Oxygen Saturation, Garcia & Gordon [umol/kg]
# name 21 = potemp090C: Potential Temperature [ITS-90, deg C]
# name 22 = n2satMg/L: Nitrogen Saturation [mg/l]
# name 23 = par: PAR/Irradiance, Biospherical/Licor
# name 24 = flECO-AFL: Fluorescence, WET Labs ECO-AFL/FL [mg/m^3]
# name 25 = turbWETntu0: Turbidity, WET Labs ECO [NTU]
# name 26 = flag: flag
# span 0 =        421,        819       
# span 1 = 170.518288, 170.519439       
# span 2 =    0.02918,    0.05680       
# span 3 =     1.7506,     3.4079       
# span 4 =    105.035,    204.476       
# span 5 =      1.009,     87.840       
# span 6 =  44266.553,  51226.632       
# span 7 =    28.0626,    31.8166       
# span 8 =     4.9840,    12.3179       
# span 9 =      1.000,     87.000       
# span 10 =     4.9779,    12.2840      
# span 11 =    21.1509,    25.1548      
# span 12 =     7.5523,     9.0998      
# span 13 =    10.7929,    13.0046      
# span 14 =    108.882,    131.909      
# span 15 =    329.630,    396.580      
# span 16 =    337.283,    406.398      
# span 17 =   -0.02040,    0.02257      
# span 18 =    6.26750,    7.22836      
# span 19 =    8.95689,   10.33003      
# span 20 =  274.04542,  314.89699      
# span 21 =     4.9775,    12.3178      
# span 22 =   14.25185,   16.18860      
# span 23 = 4.3248e-02, 1.0126e+02      
# span 24 =     0.4320,     2.2051      
# span 25 =     0.4312,     2.6773      
# span 26 = 0.0000e+00, 0.0000e+00      
# interval = meters: 1                  
# start_time = Jun 19 2013 12:24:35 [Instrument's time stamp, header]
# bad_flag = -9.990e-29
*END*
[from data line 54]
        679 170.519034    0.04710     2.8261    169.569     55.526  50958.421    31.7336     5.3842     55.000     5.3670    25.0445     8.0717    11.5352    112.675    351.673    360.480   -0.00294    7.16364   10.23756  312.11156     5.3800   16.05632 4.5246e-02     0.6731     0.7068 0.0000e+00
        683 170.519046    0.04738     2.8428    170.566     56.536  50941.087    31.7142     5.3509     56.000     5.3149    25.0329     8.0573    11.5146    112.371    351.050    359.838   -0.00339    7.17026   10.24702  312.40356     5.3466   16.07029 4.4983e-02     0.5699     0.6164 0.0000e+00
        687 170.519058    0.04766     2.8598    171.588     57.546  50935.710    31.6940     5.2748     57.000     5.2254    25.0254     8.0361    11.4844    111.858    350.129    358.891   -0.00436    7.18421   10.26696  313.01377     5.2706   16.09944 4.4711e-02     0.5564     0.6109 0.0000e+00
        691 170.519069    0.04795     2.8769    172.612     58.555  50987.411    31.7112     5.1906     58.000     5.1618    25.0484     7.9925    11.4221    111.042    348.223    356.946   -0.00607    7.19782   10.28640  313.59948     5.1863   16.12726 4.4606e-02     0.5679     0.6759 0.0000e+00
        696 170.519082    0.04824     2.8948    173.688     59.565  51026.072    31.7291     5.1522     59.000     5.1411    25.0668     7.9459    11.3555    110.306    346.187    354.865   -0.00726    7.20354   10.29458  313.84318     5.1479   16.13878 4.4826e-02     0.4904     0.7000 0.0000e+00
        700 170.519095    0.04856     2.9139    174.832     60.575  51043.435    31.7385     5.1424     60.000     5.1395    25.0753     7.9277    11.3295    110.034    345.392    354.053   -0.00679    7.20479   10.29636  313.89483     5.1379   16.14121 4.5181e-02     0.4787     0.6994 0.0000e+00
        705 170.519108    0.04888     2.9326    175.953     61.584  51053.009    31.7459     5.1487     61.000     5.1485    25.0805     7.9266    11.3278    110.040    345.339    354.000   -0.00561    7.20333   10.29428  313.82986     5.1442   16.13808 4.5135e-02     0.4997     0.7127 0.0000e+00
        709 170.519121    0.04918     2.9506    177.035     62.594  51049.237    31.7441     5.1546     62.000     5.1476    25.0784     7.9370    11.3428    110.200    345.795    354.467   -0.00421    7.20240   10.29296  313.79019     5.1501   16.13620 4.5494e-02     0.5332     0.7323 0.0000e+00
        713 170.519133    0.04947     2.9686    178.113     63.604  51043.784    31.7373     5.1427     63.000     5.1263    25.0743     7.9439    11.3526    110.259    346.097    354.775   -0.00333    7.20478   10.29635  313.89495     5.1381   16.14121 4.6053e-02     0.5366     0.7461 0.0000e+00
        718 170.519145    0.04976     2.9857    179.141     64.614  51055.680    31.7398     5.1187     64.000     5.1048    25.0790     7.9450    11.3542    110.213    346.143    354.824   -0.00295    7.20879   10.30208  314.06795     5.1140   16.14944 4.6227e-02     0.4838     0.7592 0.0000e+00
        721 170.519156    0.05003     3.0021    180.124     65.624  51068.531    31.7449     5.1036     65.000     5.0957    25.0847     7.9320    11.3355    109.996    345.573    354.241   -0.00312    7.21114   10.30544  314.16863     5.0989   16.15422 4.5632e-02     0.4623     0.7789 0.0000e+00
        725 170.519168    0.05031     3.0186    181.115     66.634  51074.437    31.7476     5.0996     66.000     5.0948    25.0873     7.9134    11.3090    109.729    344.762    353.411   -0.00347    7.21171   10.30625  314.19273     5.0947   16.15535 4.3248e-02     0.4676     0.7999 0.0000e+00
        730 170.519180    0.05060     3.0356    182.137     67.643  51078.982    31.7504     5.1005     67.000     5.0969    25.0894     7.9093    11.3031    109.677    344.583    353.228   -0.00311    7.21142   10.30585  314.17962     5.0955   16.15472 4.3394e-02     0.5305     0.8361 0.0000e+00
        734 170.519192    0.05088     3.0528    183.168     68.653  51090.482    31.7588     5.1051     68.000     5.1047    25.0956     7.9096    11.3035    109.699    344.592    353.240   -0.00256    7.21021   10.30411  314.12493     5.1001   16.15208 4.6267e-02     0.5270     0.8275 0.0000e+00
        738 170.519204    0.05117     3.0703    184.220     69.663  51088.019    31.7583     5.1126     69.000     5.1078    25.0943     7.9160    11.3127    109.807    344.873    353.528   -0.00189    7.20896   10.30233  314.07081     5.1075   16.14950 4.8680e-02     0.4743     0.8218 0.0000e+00
        743 170.519218    0.05150     3.0899    185.393     70.673  51092.169    31.7606     5.1126     70.000     5.1080    25.0962     7.9268    11.3282    109.960    345.346    354.012   -0.00111    7.20884   10.30215  314.06491     5.1074   16.14921 5.0445e-02     0.4853     0.8498 0.0000e+00
        748 170.519232    0.05184     3.1107    186.640     71.682  51094.424    31.7620     5.1138     71.000     5.1080    25.0971     7.9196    11.3179    109.864    345.031    353.691   -0.00120    7.20856   10.30176  314.05262     5.1086   16.14862 5.0618e-02     0.4929     0.8874 0.0000e+00
        752 170.519246    0.05217     3.1306    187.837     72.692  51096.507    31.7624     5.1114     72.000     5.1050    25.0977     7.9246    11.3251    109.927    345.246    353.911   -0.00087    7.20895   10.30232  314.06939     5.1062   16.14942 4.9412e-02     0.5228     0.9379 0.0000e+00
        757 170.519260    0.05251     3.1508    189.047     73.702  51109.239    31.7705     5.1109     73.000     5.1077    25.1043     7.9305    11.3335    110.014    345.504    354.177   -0.00047    7.20865   10.30189  314.05449     5.1055   16.14868 4.8782e-02     0.5248     0.9343 0.0000e+00
        762 170.519273    0.05283     3.1697    190.181     74.711  51115.876    31.7758     5.1166     74.000     5.1127    25.1078     7.9289    11.3313    110.011    345.434    354.108   -0.00045    7.20742   10.30013  313.99942     5.1112   16.14604 4.8305e-02     0.4972     0.9427 0.0000e+00
        766 170.519286    0.05313     3.1880    191.280     75.722  51113.556    31.7736     5.1161     75.000     5.1053    25.1061     7.9404    11.3476    110.167    345.932    354.617    0.00003    7.20761   10.30039  314.00824     5.1106   16.14647 4.8199e-02     0.4668     0.8849 0.0000e+00
        771 170.519299    0.05344     3.2064    192.387     76.732  51115.328    31.7709     5.1003     76.000     5.0847    25.1057     7.9451    11.3544    110.189    346.140    354.830    0.00008    7.21046   10.30446  314.13239     5.0948   16.15239 4.8163e-02     0.4591     0.8651 0.0000e+00
        775 170.519311    0.05375     3.2249    193.496     77.742  51130.705    31.7767     5.0804     77.000     5.0681    25.1125     7.9394    11.3461    110.061    345.885    354.571   -0.00037    7.21362   10.30898  314.26797     5.0747   16.15882 4.8069e-02     0.4654     0.9596 0.0000e+00
        779 170.519324    0.05405     3.2430    194.581     78.751  51144.434    31.7828     5.0671     78.000     5.0559    25.1187     7.9350    11.3398    109.969    345.690    354.374   -0.00060    7.21562   10.31183  314.35321     5.0614   16.16285 4.7979e-02     0.4416     1.0019 0.0000e+00
        783 170.519336    0.05434     3.2601    195.608     79.761  51155.867    31.7875     5.0553     79.000     5.0419    25.1239     7.9185    11.3163    109.714    344.972    353.639   -0.00126    7.21742   10.31442  314.43032     5.0495   16.16650 4.8128e-02     0.4320     1.0126 0.0000e+00
        787 170.519347    0.05461     3.2767    196.599     80.771  51170.966    31.7940     5.0397     80.000     5.0270    25.1307     7.8915    11.2777    109.303    343.793    352.433   -0.00229    7.21980   10.31782  314.53200     5.0338   16.17132 4.8069e-02     0.4634     1.0417 0.0000e+00
        791 170.519359    0.05489     3.2932    197.593     81.780  51184.550    31.8003     5.0280     81.000     5.0182    25.1370     7.8796    11.2607    109.112    343.273    351.902   -0.00259    7.22150   10.32025  314.60426     5.0221   16.17473 4.7951e-02     0.4709     1.1065 0.0000e+00
        795 170.519370    0.05517     3.3103    198.619     82.790  51192.111    31.8034     5.0203     82.000     5.0106    25.1402     7.8901    11.2756    109.239    343.728    352.369   -0.00184    7.22270   10.32195  314.65515     5.0143   16.17714 4.7906e-02     0.4657     1.1612 0.0000e+00
        800 170.519383    0.05548     3.3286    199.719     83.800  51199.786    31.8065     5.0127     83.000     5.0036    25.1435     7.8957    11.2837    109.300    343.972    352.621   -0.00137    7.22386   10.32361  314.70466     5.0067   16.17949 4.7837e-02     0.4642     1.2486 0.0000e+00
        804 170.519396    0.05578     3.3467    200.803     84.809  51206.166    31.8090     5.0063     84.000     4.9974    25.1462     7.8925    11.2792    109.242    343.835    352.481   -0.00135    7.22484   10.32502  314.74674     5.0002   16.18148 4.7753e-02     0.4829     1.2850 0.0000e+00
        808 170.519408    0.05607     3.3645    201.873     85.819  51211.433    31.8108     5.0003     85.000     4.9909    25.1483     7.8901    11.2758    109.193    343.728    352.371   -0.00129    7.22579   10.32638  314.78745     4.9941   16.18341 4.7696e-02     0.4858     1.3155 0.0000e+00
        813 170.519421    0.05638     3.3830    202.980     86.830  51217.474    31.8129     4.9931     86.000     4.9837    25.1507     7.8769    11.2569    108.993    343.151    351.782   -0.00169    7.22694   10.32802  314.83689     4.9868   16.18575 4.7638e-02     0.5181     1.3318 0.0000e+00
        819 170.519439    0.05680     3.4079    204.476     87.840  51226.632    31.8166     4.9840     87.000     4.9779    25.1548     7.8702    11.2476    108.882    342.866    351.490   -0.00184    7.22836   10.33003  314.89699     4.9775   16.18860 4.7533e-02     0.5278     1.2447 0.0000e+00
