CTD-processing/allCTD/CNV/2013_04-20_t7_s07_cast088_5028.cnv
* Sea-Bird SBE19plus Data File:
* FileName = C:\Documents and Settings\kris.holderied.local\My Documents\2012-2013-CTD-DATA-new-files\2013-04-EVOSTC-CookInlet-Ocean\2013-04-CookInlet-Tran7-Augustine\2013-04-20-CookInlet-Trans7-Cast088.hex
* Software Version 1.54
* Temperature SN =  5028
* Conductivity SN =  5028
* System UpLoad Time = Apr 20 2013 14:53:23
** Cook Inlet LTM Tran7 Augustine to Flat Island
** Date:  2013-04-20
** Station:  7-07
** Start time (AKDT-24 hr):  826
** Depth (m): 60
** Comment:
** Comment:
# nquan = 27
# nvalues = 59                          
# units = specified
# name 0 = scan: Scan Count
# name 1 = timeJ: Julian Days
# name 2 = timeH: Time, Elapsed [hours]
# name 3 = timeM: Time, Elapsed [minutes]
# name 4 = timeS: Time, Elapsed [seconds]
# name 5 = prdM: Pressure, Strain Gauge [db]
# name 6 = specc: Specific Conductance [uS/cm]
# name 7 = sal00: Salinity, Practical [PSU]
# name 8 = tv290C: Temperature [ITS-90, deg C]
# name 9 = depSM: Depth [salt water, m], lat = 59.00
# name 10 = potemp090C: Potential Temperature [ITS-90, deg C]
# name 11 = sigma-é00: Density [sigma-theta, kg/m^3]
# name 12 = sbeox0ML/L: Oxygen, SBE 43 [ml/l]
# name 13 = sbeox0Mg/L: Oxygen, SBE 43 [mg/l]
# name 14 = sbeox0PS: Oxygen, SBE 43 [% saturation]
# name 15 = sbox0Mm/Kg: Oxygen, SBE 43 [umol/kg]
# name 16 = sbeox0Mm/L: Oxygen, SBE 43 [umol/l]
# name 17 = sbox0dV/dT: Oxygen, SBE 43 [dov/dt]
# name 18 = oxsolML/L: Oxygen Saturation, Garcia & Gordon [ml/l]
# name 19 = oxsolMg/L: Oxygen Saturation, Garcia & Gordon [mg/l]
# name 20 = oxsolMm/Kg: Oxygen Saturation, Garcia & Gordon [umol/kg]
# name 21 = potemp090C: Potential Temperature [ITS-90, deg C]
# name 22 = n2satMg/L: Nitrogen Saturation [mg/l]
# name 23 = par: PAR/Irradiance, Biospherical/Licor
# name 24 = flECO-AFL: Fluorescence, WET Labs ECO-AFL/FL [mg/m^3]
# name 25 = turbWETntu0: Turbidity, WET Labs ECO [NTU]
# name 26 = flag: flag
# span 0 =        219,        589       
# span 1 = 110.353883, 110.354955       
# span 2 =    0.01513,    0.04085       
# span 3 =     0.9075,     2.4511       
# span 4 =     54.452,    147.064       
# span 5 =      1.009,     59.566       
# span 6 =  49978.223,  52070.087       
# span 7 =    30.4512,    32.0002       
# span 8 =     2.3403,     3.2964       
# span 9 =      1.000,     59.000       
# span 10 =     2.3672,     3.2934      
# span 11 =    24.3047,    25.4669      
# span 12 =     7.3689,     8.2117      
# span 13 =    10.5309,    11.7353      
# span 14 =     94.624,    109.079      
# span 15 =    321.330,    357.630      
# span 16 =    329.094,    366.732      
# span 17 =   -0.00041,    0.01216      
# span 18 =    7.52197,    7.79120      
# span 19 =   10.74966,   11.13440      
# span 20 =  327.59031,  339.76282      
# span 21 =     2.3403,     3.2932      
# span 22 =   16.79163,   17.37573      
# span 23 = 3.7912e-02, 4.7927e+01      
# span 24 =     0.4415,     1.2702      
# span 25 =     0.6598,     1.5705      
# span 26 = 0.0000e+00, 0.0000e+00      
# interval = meters: 1                  
# start_time = Apr 20 2013 08:28:41 [Instrument's time stamp, header]
# bad_flag = -9.990e-29
*END*
        219 110.353883    0.01513     0.9075     54.452      1.009  49978.223    30.4512     2.3403      1.000     2.3672    24.3047     7.3689    10.5309     94.624    321.330    329.094   -0.00025    7.79120   11.13440  339.76282     2.3403   17.37573 4.7927e+01     0.4415     1.5705 0.0000e+00
        392 110.354385    0.02718     1.6306     97.834      2.019  51787.732    31.6015     2.4198      2.000     2.4290    25.2192     7.6340    10.9098     99.032    332.546    340.935    0.00027    7.70833   11.01597  335.78266     2.4197   17.18238 3.4364e+01     0.5919     1.2647 0.0000e+00
        389 110.354376    0.02696     1.6178     97.068      3.029  51743.286    31.5848     2.4545      3.000     2.4873    25.2030     7.6270    10.8997     99.016    332.247    340.620    0.00064    7.70280   11.00807  335.55002     2.4544   17.17140 2.5969e+01     0.6324     1.2519 0.0000e+00
        393 110.354387    0.02722     1.6336     98.013      4.037  51743.073    31.6011     2.5158      4.000     2.5374    25.2114     7.6485    10.9304     99.458    333.179    341.579    0.00173    7.69012   10.98994  334.99471     2.5156   17.14496 2.0230e+01     0.6855     1.2238 0.0000e+00
        397 110.354397    0.02748     1.6488     98.926      5.047  51752.954    31.6171     2.5514      5.000     2.5699    25.2215     7.6686    10.9592     99.820    334.052    342.478    0.00252    7.68240   10.97891  334.65523     2.5512   17.12878 1.6369e+01     0.7556     1.2188 0.0000e+00
        400 110.354408    0.02773     1.6637     99.820      6.056  51807.510    31.6643     2.5913      6.000     2.6163    25.2561     7.6762    10.9701    100.052    334.375    342.820    0.00276    7.67226   10.96443  334.20236     2.5910   17.10709 1.3997e+01     0.8492     1.2095 0.0000e+00
        404 110.354418    0.02798     1.6783    100.701      7.066  51821.731    31.6842     2.6307      7.000     2.6361    25.2690     7.7075    11.0148    100.572    335.733    344.217    0.00376    7.66364   10.95211  333.82280     2.6304   17.08898 1.2431e+01     0.9021     1.1857 0.0000e+00
        407 110.354427    0.02820     1.6922    101.534      8.075  51864.174    31.7144     2.6382      8.000     2.6419    25.2925     7.7518    11.0781    101.190    337.654    346.194    0.00496    7.66063   10.94781  333.68423     2.6378   17.08227 1.1141e+01     0.9177     1.1642 0.0000e+00
        410 110.354437    0.02843     1.7057    102.344      9.085  51907.996    31.7463     2.6487      9.000     2.6599    25.3172     7.8005    11.1477    101.875    339.768    348.369    0.00614    7.65694   10.94254  333.51535     2.6483   17.07413 9.9002e+00     0.9048     1.1413 0.0000e+00
        414 110.354446    0.02865     1.7192    103.153     10.095  51938.084    31.7718     2.6693     10.000     2.6869    25.3358     7.8572    11.2287    102.687    342.232    350.903    0.00758    7.65167   10.93501  333.27972     2.6688   17.06284 8.7773e+00     0.8912     1.1156 0.0000e+00
        417 110.354455    0.02887     1.7324    103.942     11.104  51976.469    31.8056     2.7002     11.000     2.7289    25.3604     7.9082    11.3016    103.457    344.443    353.178    0.00878    7.64400   10.92404  332.93743     2.6997   17.04644 7.7743e+00     0.8898     1.1075 0.0000e+00
        420 110.354464    0.02909     1.7451    104.706     12.113  52018.425    31.8465     2.7482     12.000     2.7859    25.3892     7.9539    11.3669    104.209    346.424    355.219    0.00981    7.63272   10.90792  332.43690     2.7476   17.02250 6.8299e+00     0.8808     1.1021 0.0000e+00
        423 110.354472    0.02929     1.7575    105.449     13.123  52022.097    31.8637     2.8041     13.000     2.8335    25.3984     8.0081    11.4444    105.078    348.783    357.642    0.01108    7.62120   10.89146  331.93253     2.8033   16.99848 5.9403e+00     0.8748     1.0987 0.0000e+00
        426 110.354481    0.02949     1.7697    106.182     14.133  52015.377    31.8698     2.8455     14.000     2.8669    25.3999     8.0623    11.5218    105.902    351.142    360.061    0.01216    7.61300   10.87975  331.57492     2.8448   16.98147 5.1211e+00     0.8785     1.0950 0.0000e+00
        429 110.354490    0.02970     1.7819    106.912     15.142  52028.835    31.8872     2.8779     15.000     2.8996    25.4111     8.0896    11.5610    106.360    352.332    361.286    0.01215    7.60596   10.86968  331.26446     2.8771   16.96665 4.3800e+00     0.8953     1.0828 0.0000e+00
        432 110.354498    0.02990     1.7942    107.652     16.152  52032.978    31.8983     2.9106     16.000     2.9286    25.4173     8.0970    11.5715    106.551    352.651    361.614    0.01130    7.59922   10.86005  330.96893     2.9097   16.95257 3.7426e+00     0.9068     1.0676 0.0000e+00
        435 110.354507    0.03011     1.8068    108.410     17.161  52037.050    31.9081     2.9386     17.000     2.9539    25.4228     8.1029    11.5799    106.711    352.906    361.878    0.01041    7.59342   10.85176  330.71451     2.9376   16.94044 3.2108e+00     0.9120     1.0395 0.0000e+00
        438 110.354516    0.03033     1.8198    109.186     18.170  52038.506    31.9152     2.9631     18.000     2.9750    25.4264     8.1092    11.5889    106.864    353.179    362.159    0.00959    7.58842   10.84461  330.49562     2.9621   16.93001 2.7669e+00     0.9168     0.9994 0.0000e+00
        441 110.354525    0.03054     1.8326    109.957     19.180  52037.765    31.9192     2.9821     19.000     2.9913    25.4280     8.1158    11.5983    107.003    353.463    362.451    0.00880    7.58464   10.83920  330.33006     2.9811   16.92213 2.3887e+00     0.9288     0.9713 0.0000e+00
        444 110.354533    0.03074     1.8449    110.692     20.190  52044.011    31.9270     2.9974     20.000     3.0082    25.4330     8.1238    11.6098    107.156    353.812    362.811    0.00821    7.58136   10.83451  330.18563     2.9963   16.91523 2.0640e+00     0.9448     0.9624 0.0000e+00
        447 110.354542    0.03094     1.8565    111.391     21.199  52051.255    31.9359     3.0144     21.000     3.0278    25.4386     8.1315    11.6207    107.308    354.143    363.152    0.00770    7.57769   10.82929  330.02452     3.0132   16.90754 1.7806e+00     0.9666     0.9584 0.0000e+00
        449 110.354550    0.03113     1.8678    112.067     22.209  52056.130    31.9440     3.0345     22.000     3.0502    25.4434     8.1434    11.6377    107.524    354.660    363.683    0.00745    7.57351   10.82330  329.84071     3.0332   16.89878 1.5398e+00     0.9944     0.9475 0.0000e+00
        452 110.354557    0.03132     1.8793    112.758     23.219  52053.105    31.9478     3.0584     23.000     3.0716    25.4444     8.1579    11.6584    107.783    355.290    364.330    0.00737    7.56881   10.81658  329.63541     3.0571   16.88901 1.3353e+00     1.0170     0.9191 0.0000e+00
        455 110.354566    0.03152     1.8913    113.480     24.229  52033.377    31.9387     3.0767     24.000     3.0804    25.4357     8.1701    11.6759    107.986    355.826    364.877    0.00712    7.56585   10.81236  329.50984     3.0753   16.88308 1.1614e+00     1.0362     0.8822 0.0000e+00
        458 110.354575    0.03174     1.9039    114.235     25.238  52033.930    31.9405     3.0840     25.000     3.0895    25.4364     8.1725    11.6793    108.040    355.932    364.985    0.00643    7.56439   10.81027  329.44571     3.0825   16.88002 1.0098e+00     1.0394     0.8579 0.0000e+00
        461 110.354583    0.03195     1.9169    115.013     26.247  52049.490    31.9541     3.0973     26.000     3.1107    25.4461     8.1691    11.6744    108.039    355.777    364.830    0.00560    7.56118   10.80570  329.30315     3.0959   16.87319 8.7527e-01     1.0135     0.8692 0.0000e+00
        464 110.354593    0.03216     1.9300    115.802     27.257  52035.172    31.9498     3.1197     27.000     3.1257    25.4408     8.1740    11.6815    108.162    355.996    365.053    0.00522    7.55721   10.80002  329.13201     3.1182   16.86508 7.5788e-01     1.0284     0.8435 0.0000e+00
        467 110.354602    0.03238     1.9430    116.580     28.266  52024.391    31.9446     3.1296     28.000     3.1309    25.4358     8.1772    11.6860    108.226    356.134    365.193    0.00479    7.55564   10.79777  329.06490     3.1280   16.86191 6.5699e-01     1.0523     0.8167 0.0000e+00
        470 110.354610    0.03260     1.9560    117.359     29.275  52024.783    31.9456     3.1342     29.000     3.1353    25.4362     8.1759    11.6841    108.222    356.078    365.135    0.00414    7.55471   10.79645  329.02445     3.1326   16.85999 5.7087e-01     1.0639     0.8091 0.0000e+00
        474 110.354620    0.03283     1.9694    118.163     30.285  52024.116    31.9456     3.1382     30.000     3.1385    25.4359     8.1780    11.6871    108.261    356.170    365.230    0.00371    7.55397   10.79538  328.99193     3.1365   16.85844 4.9588e-01     1.0775     0.8039 0.0000e+00
        477 110.354630    0.03305     1.9830    118.980     31.295  52023.725    31.9457     3.1415     31.000     3.1409    25.4357     8.1771    11.6859    108.259    356.133    365.191    0.00321    7.55334   10.79449  328.96505     3.1397   16.85716 4.3063e-01     1.1126     0.8009 0.0000e+00
        480 110.354638    0.03327     1.9964    119.785     32.304  52022.123    31.9445     3.1431     32.000     3.1414    25.4345     8.1774    11.6864    108.265    356.144    365.202    0.00277    7.55312   10.79416  328.95549     3.1412   16.85671 3.7586e-01     1.1498     0.8065 0.0000e+00
        483 110.354648    0.03349     2.0097    120.580     33.314  52023.752    31.9452     3.1434     33.000     3.1421    25.4351     8.1793    11.6891    108.292    356.228    365.288    0.00247    7.55302   10.79401  328.95075     3.1415   16.85648 3.2572e-01     1.1673     0.8128 0.0000e+00
        487 110.354658    0.03372     2.0233    121.397     34.324  52026.436    31.9468     3.1448     34.000     3.1444    25.4363     8.1822    11.6932    108.335    356.355    365.419    0.00223    7.55269   10.79355  328.93605     3.1428   16.85578 2.8493e-01     1.1647     0.8018 0.0000e+00
        490 110.354667    0.03396     2.0374    122.243     35.334  52029.479    31.9491     3.1478     35.000     3.1488    25.4379     8.1858    11.6983    108.393    356.510    365.578    0.00207    7.55199   10.79254  328.90518     3.1458   16.85430 2.5018e-01     1.1815     0.7889 0.0000e+00
        493 110.354677    0.03420     2.0515    123.090     36.343  52030.884    31.9509     3.1531     36.000     3.1547    25.4389     8.1882    11.7017    108.440    356.612    365.684    0.00189    7.55091   10.79101  328.85805     3.1510   16.85206 2.1960e-01     1.1855     0.7918 0.0000e+00
        497 110.354687    0.03442     2.0650    123.903     37.353  52035.744    31.9555     3.1598     37.000     3.1636    25.4419     8.1936    11.7095    108.533    356.847    365.926    0.00186    7.54942   10.78888  328.79189     3.1577   16.84889 1.9249e-01     1.1842     0.7944 0.0000e+00
        500 110.354695    0.03463     2.0782    124.692     38.362  52034.465    31.9565     3.1691     38.000     3.1716    25.4420     8.1998    11.7183    108.641    357.117    366.203    0.00191    7.54764   10.78633  328.71430     3.1669   16.84521 1.6900e-01     1.1797     0.7791 0.0000e+00
        503 110.354705    0.03486     2.0918    125.507     39.372  52027.181    31.9528     3.1758     39.000     3.1735    25.4385     8.2026    11.7223    108.693    357.239    366.326    0.00179    7.54658   10.78481  328.66925     3.1736   16.84307 1.4842e-01     1.1795     0.7581 0.0000e+00
        507 110.354715    0.03511     2.1064    126.382     40.381  52026.499    31.9514     3.1741     40.000     3.1726    25.4375     8.1996    11.7180    108.647    357.109    366.192    0.00140    7.54696   10.78536  328.68627     3.1719   16.84389 1.3072e-01     1.2054     0.7774 0.0000e+00
        510 110.354726    0.03536     2.1217    127.300     41.391  52044.393    31.9649     3.1810     41.000     3.1879    25.4476     8.1955    11.7122    108.622    356.930    366.012    0.00108    7.54499   10.78254  328.59715     3.1786   16.83960 1.1561e-01     1.2320     0.8016 0.0000e+00
        514 110.354737    0.03562     2.1370    128.222     42.401  52046.311    31.9703     3.1988     42.000     3.2061    25.4504     8.1984    11.7163    108.712    357.052    366.139    0.00113    7.54138   10.77738  328.43903     3.1964   16.83207 1.0243e-01     1.2260     0.7861 0.0000e+00
        518 110.354747    0.03587     2.1525    129.149     43.410  52042.211    31.9715     3.2159     43.000     3.2201    25.4499     8.2068    11.7284    108.871    357.421    366.518    0.00138    7.53812   10.77273  328.29745     3.2135   16.82533 9.1460e-02     1.2161     0.7613 0.0000e+00
        521 110.354758    0.03613     2.1679    130.076     44.420  52036.246    31.9696     3.2260     44.000     3.2266    25.4474     8.2117    11.7353    108.960    357.630    366.732    0.00142    7.53636   10.77021  328.22130     3.2235   16.82172 8.2312e-02     1.2206     0.7393 0.0000e+00
        525 110.354769    0.03639     2.1832    130.993     45.430  52038.919    31.9723     3.2317     45.000     3.2332    25.4492     8.2077    11.7295    108.925    357.456    366.553    0.00110    7.53514   10.76847  328.16777     3.2291   16.81917 7.4453e-02     1.2282     0.7202 0.0000e+00
        529 110.354779    0.03664     2.1984    131.902     46.440  52048.078    31.9804     3.2407     46.000     3.2452    25.4548     8.2024    11.7221    108.886    357.227    366.320    0.00079    7.53306   10.76550  328.07554     3.2380   16.81475 6.7777e-02     1.2247     0.7046 0.0000e+00
        532 110.354790    0.03689     2.2137    132.820     47.449  52050.689    31.9852     3.2543     47.000     3.2588    25.4575     8.2029    11.7227    108.931    357.244    366.339    0.00076    7.53027   10.76152  327.95322     3.2516   16.80892 6.2055e-02     1.2258     0.6932 0.0000e+00
        536 110.354801    0.03716     2.2298    133.789     48.458  52050.793    31.9883     3.2678     48.000     3.2711    25.4587     8.2054    11.7264    109.004    357.356    366.454    0.00083    7.52761   10.75770  327.83667     3.2650   16.80337 5.6907e-02     1.2245     0.6970 0.0000e+00
        540 110.354813    0.03745     2.2472    134.831     49.468  52051.998    31.9918     3.2800     49.000     3.2821    25.4605     8.2070    11.7286    109.060    357.425    366.525    0.00082    7.52517   10.75422  327.72998     3.2771   16.79829 5.2514e-02     1.2313     0.7265 0.0000e+00
        545 110.354825    0.03775     2.2650    135.900     50.479  52052.360    31.9941     3.2901     50.000     3.2900    25.4615     8.2062    11.7274    109.079    357.389    366.489    0.00071    7.52319   10.75139  327.64328     3.2871   16.79416 4.8745e-02     1.2419     0.7177 0.0000e+00
        549 110.354837    0.03804     2.2824    136.941     51.488  52050.219    31.9934     3.2948     51.000     3.2927    25.4605     8.2045    11.7250    109.068    357.314    366.411    0.00054    7.52233   10.75016  327.60616     3.2918   16.79239 4.5555e-02     1.2411     0.6740 0.0000e+00
        553 110.354849    0.03832     2.2996    137.976     52.497  52051.575    31.9941     3.2962     52.000     3.2934    25.4610     8.1974    11.7149    108.978    357.007    366.097    0.00019    7.52203   10.74973  327.59291     3.2932   16.79176 4.2781e-02     1.2460     0.6599 0.0000e+00
        557 110.354861    0.03862     2.3172    139.032     53.507  52053.522    31.9949     3.2964     53.000     3.2929    25.4616     8.1933    11.7091    108.925    356.828    365.914   -0.00005    7.52197   10.74966  327.59031     3.2932   16.79163 4.0391e-02     1.2401     0.6608 0.0000e+00
