CTD-processing/allCTD/CNV/2013_06-19_t9_s02_cast180_5028.cnv
* Sea-Bird SBE19plus Data File:
* FileName = C:\Documents and Settings\kbayadmin\My Documents\CTD data\2013-06-19 Kachemak Bay Homer Spit Line\2013-06-06 Kachemak Bay Homer Spit Line cast180.hex
* Software Version 1.59
* Temperature SN =  5028
* Conductivity SN =  5028
* System UpLoad Time = Jun 19 2013 15:38:45
** Kachemak Bay All Bay Inner Bay
** 2013-06-06
** Station: 9-02
** N': 59 34.312
** W': 151 21.767
** Start Time: 1117
** Depth(ft): 253
# nquan = 27
# nvalues = 71                          
# units = specified
# name 0 = scan: Scan Count
# name 1 = timeJ: Julian Days
# name 2 = timeH: Time, Elapsed [hours]
# name 3 = timeM: Time, Elapsed [minutes]
# name 4 = timeS: Time, Elapsed [seconds]
# name 5 = prdM: Pressure, Strain Gauge [db]
# name 6 = specc: Specific Conductance [uS/cm]
# name 7 = sal00: Salinity, Practical [PSU]
# name 8 = tv290C: Temperature [ITS-90, deg C]
# name 9 = depSM: Depth [salt water, m], lat = 59.00
# name 10 = potemp090C: Potential Temperature [ITS-90, deg C]
# name 11 = sigma-é00: Density [sigma-theta, kg/m^3]
# name 12 = sbeox0ML/L: Oxygen, SBE 43 [ml/l]
# name 13 = sbeox0Mg/L: Oxygen, SBE 43 [mg/l]
# name 14 = sbeox0PS: Oxygen, SBE 43 [% saturation]
# name 15 = sbox0Mm/Kg: Oxygen, SBE 43 [umol/kg]
# name 16 = sbeox0Mm/L: Oxygen, SBE 43 [umol/l]
# name 17 = sbox0dV/dT: Oxygen, SBE 43 [dov/dt]
# name 18 = oxsolML/L: Oxygen Saturation, Garcia & Gordon [ml/l]
# name 19 = oxsolMg/L: Oxygen Saturation, Garcia & Gordon [mg/l]
# name 20 = oxsolMm/Kg: Oxygen Saturation, Garcia & Gordon [umol/kg]
# name 21 = potemp090C: Potential Temperature [ITS-90, deg C]
# name 22 = n2satMg/L: Nitrogen Saturation [mg/l]
# name 23 = par: PAR/Irradiance, Biospherical/Licor
# name 24 = flECO-AFL: Fluorescence, WET Labs ECO-AFL/FL [mg/m^3]
# name 25 = turbWETntu0: Turbidity, WET Labs ECO [NTU]
# name 26 = flag: flag
# span 0 =        325,        686       
# span 1 = 170.470464, 170.471509       
# span 2 =    0.02252,    0.04760       
# span 3 =     1.3512,     2.8562       
# span 4 =     81.074,    171.375       
# span 5 =      1.009,     71.683       
# span 6 =  43644.093,  51132.908       
# span 7 =    27.7038,    31.7915       
# span 8 =     5.1214,    13.2807       
# span 9 =      1.000,     71.000       
# span 10 =     5.1145,    13.2692      
# span 11 =    20.6961,    25.1197      
# span 12 =     7.1181,     8.7006      
# span 13 =    10.1725,    12.4341      
# span 14 =    103.491,    124.986      
# span 15 =    310.373,    379.149      
# span 16 =    317.896,    388.570      
# span 17 =   -0.04290,    0.01379      
# span 18 =    6.16737,    7.20592      
# span 19 =    8.81378,   10.29798      
# span 20 =  269.85051,  313.93114      
# span 21 =     5.1164,    13.2806      
# span 22 =   14.05334,   16.14273      
# span 23 = 4.4985e-02, 5.1598e+01      
# span 24 =     0.5315,     1.8013      
# span 25 =     0.4238,     3.1052      
# span 26 = 0.0000e+00, 0.0000e+00      
# interval = meters: 1                  
# start_time = Jun 19 2013 11:16:07 [Instrument's time stamp, header]
# bad_flag = -9.990e-29
*END*
[from data line 54]
        607 170.471278    0.04206     2.5239    151.436     55.527  50920.153    31.7170     5.4311     55.000     5.3884    25.0260     8.0934    11.5664    113.094    352.629    361.454   -0.00697    7.15647   10.22732  311.80466     5.4269   16.04177 4.5722e-02     0.8180     0.7334 0.0000e+00
        611 170.471290    0.04234     2.5405    152.431     56.536  50968.026    31.7353     5.3630     56.000     5.3362    25.0482     8.0598    11.5183    112.454    351.154    359.950   -0.00779    7.16717   10.24260  312.26413     5.3588   16.06358 4.5562e-02     0.7778     0.7232 0.0000e+00
        615 170.471302    0.04264     2.5581    153.486     57.545  51001.693    31.7498     5.3238     57.000     5.3079    25.0641     8.0397    11.4896    112.081    350.274    359.053   -0.00766    7.17315   10.25115  312.52002     5.3196   16.07570 4.5350e-02     0.7696     0.6959 0.0000e+00
        620 170.471316    0.04296     2.5777    154.660     58.555  51019.290    31.7565     5.3005     58.000     5.2886    25.0720     8.0373    11.4861    111.990    350.167    358.946   -0.00654    7.17681   10.25639  312.67719     5.2962   16.08316 4.4985e-02     0.7079     0.6434 0.0000e+00
        625 170.471330    0.04331     2.5985    155.913     59.565  51029.638    31.7596     5.2839     59.000     5.2741    25.0764     8.0384    11.4877    111.963    350.212    358.994   -0.00536    7.17950   10.26022  312.79278     5.2795   16.08865 4.5003e-02     0.6752     0.6289 0.0000e+00
        630 170.471344    0.04365     2.6193    157.159     60.575  51032.253    31.7579     5.2694     60.000     5.2555    25.0766     8.0406    11.4908    111.953    350.307    359.092   -0.00436    7.18208   10.26391  312.90501     5.2649   16.09400 4.5237e-02     0.6523     0.6174 0.0000e+00
        635 170.471359    0.04401     2.6405    158.430     61.585  51042.686    31.7583     5.2399     61.000     5.2237    25.0802     8.0345    11.4821    111.791    350.043    358.822   -0.00397    7.18709   10.27108  313.12253     5.2354   16.10436 4.5558e-02     0.6474     0.6211 0.0000e+00
        640 170.471374    0.04436     2.6619    159.712     62.595  51064.275    31.7679     5.2176     62.000     5.2092    25.0903     8.0222    11.4645    111.567    349.501    358.270   -0.00387    7.19045   10.27586  313.26532     5.2130   16.11111 4.6430e-02     0.6832     0.6484 0.0000e+00
        645 170.471388    0.04471     2.6826    160.956     63.604  51069.782    31.7693     5.2089     63.000     5.2006    25.0924     8.0190    11.4601    111.502    349.365    358.132   -0.00335    7.19188   10.27792  313.32728     5.2042   16.11406 4.6756e-02     0.6327     0.6561 0.0000e+00
        650 170.471402    0.04504     2.7024    162.145     64.614  51074.144    31.7699     5.1999     64.000     5.1903    25.0939     8.0219    11.4641    111.519    349.490    358.260   -0.00269    7.19340   10.28009  313.39299     5.1951   16.11719 4.6970e-02     0.5951     0.7058 0.0000e+00
        654 170.471416    0.04537     2.7219    163.313     65.624  51075.384    31.7668     5.1833     65.000     5.1636    25.0932     8.0179    11.4584    111.415    349.314    358.079   -0.00252    7.19640   10.28437  313.52370     5.1785   16.12343 4.7362e-02     0.6203     0.7099 0.0000e+00
        659 170.471431    0.04573     2.7437    164.621     66.633  51104.562    31.7777     5.1431     66.000     5.1271    25.1063     8.0026    11.4364    111.104    348.640    357.394   -0.00292    7.20278   10.29348  313.79766     5.1382   16.13642 4.7736e-02     0.6451     0.7437 0.0000e+00
        665 170.471446    0.04609     2.7657    165.945     67.643  51128.231    31.7888     5.1217     67.000     5.1145    25.1175     7.9891    11.4172    110.868    348.050    356.792   -0.00305    7.20592   10.29798  313.93114     5.1167   16.14273 4.8324e-02     0.5798     0.7304 0.0000e+00
        670 170.471462    0.04648     2.7886    167.316     68.654  51132.908    31.7915     5.1214     68.000     5.1182    25.1197     7.9941    11.4244    110.939    348.269    357.017   -0.00226    7.20582   10.29784  313.92640     5.1164   16.14250 4.9346e-02     0.5594     0.7195 0.0000e+00
        676 170.471478    0.04685     2.8111    168.663     69.663  51129.179    31.7894     5.1254     69.000     5.1213    25.1175     8.0069    11.4427    111.126    348.828    357.590   -0.00128    7.20524   10.29701  313.90171     5.1203   16.14133 5.0158e-02     0.5629     0.6860 0.0000e+00
        681 170.471492    0.04719     2.8314    169.886     70.673  51127.953    31.7885     5.1277     70.000     5.1236    25.1166     8.0091    11.4458    111.162    348.923    357.687   -0.00096    7.20490   10.29652  313.88702     5.1225   16.14063 4.9950e-02     0.5428     0.6692 0.0000e+00
        686 170.471509    0.04760     2.8562    171.375     71.683  51127.487    31.7884     5.1311     71.000     5.1273    25.1161     8.0033    11.4374    111.090    348.666    357.424   -0.00098    7.20430   10.29566  313.86089     5.1259   16.13939 4.9317e-02     0.5315     0.6503 0.0000e+00
