CTD-processing/allCTD/CNV/2013_07-21_t6_s12_cast066_5028.cnv
* Sea-Bird SBE19plus Data File:
* FileName = C:\Users\kris.holderied\Documents\kasitsna\Research-Projects-and-Data\Oceanography-AK\CTD-CookInlet-GulfWatchAK\2013-07-EVOSTC-CookInlet-Ocean\2013-07-21-22-CookInlet-Tran6-Douglas\2013-07-21-22-CookInlet-Tran6-Douglas-cast066.hex
* Software Version 1.59
* Temperature SN =  5028
* Conductivity SN =  5028
* System UpLoad Time = Apr 09 2014 21:09:45
** Cook Inlet LTM Transect 6 (Douglas) west to east
** Date: 2013-07-21/22
** Station: 6-12
** Start time: 23:44
** Depth (m): 143
** CoComment:
** Comment:
# nquan = 27
# nvalues = 133                         
# units = specified
# name 0 = scan: Scan Count
# name 1 = timeJ: Julian Days
# name 2 = timeH: Time, Elapsed [hours]
# name 3 = timeM: Time, Elapsed [minutes]
# name 4 = timeS: Time, Elapsed [seconds]
# name 5 = prdM: Pressure, Strain Gauge [db]
# name 6 = specc: Specific Conductance [uS/cm]
# name 7 = sal00: Salinity, Practical [PSU]
# name 8 = tv290C: Temperature [ITS-90, deg C]
# name 9 = depSM: Depth [salt water, m], lat = 59.00
# name 10 = potemp090C: Potential Temperature [ITS-90, deg C]
# name 11 = sigma-é00: Density [sigma-theta, kg/m^3]
# name 12 = sbeox0ML/L: Oxygen, SBE 43 [ml/l]
# name 13 = sbeox0Mg/L: Oxygen, SBE 43 [mg/l]
# name 14 = sbeox0PS: Oxygen, SBE 43 [% saturation]
# name 15 = sbox0Mm/Kg: Oxygen, SBE 43 [umol/kg]
# name 16 = sbeox0Mm/L: Oxygen, SBE 43 [umol/l]
# name 17 = sbox0dV/dT: Oxygen, SBE 43 [dov/dt]
# name 18 = oxsolML/L: Oxygen Saturation, Garcia & Gordon [ml/l]
# name 19 = oxsolMg/L: Oxygen Saturation, Garcia & Gordon [mg/l]
# name 20 = oxsolMm/Kg: Oxygen Saturation, Garcia & Gordon [umol/kg]
# name 21 = potemp090C: Potential Temperature [ITS-90, deg C]
# name 22 = n2satMg/L: Nitrogen Saturation [mg/l]
# name 23 = par: PAR/Irradiance, Biospherical/Licor
# name 24 = flECO-AFL: Fluorescence, WET Labs ECO-AFL/FL [mg/m^3]
# name 25 = turbWETntu0: Turbidity, WET Labs ECO [NTU]
# name 26 = flag: flag
# span 0 =        166,       1130       
# span 1 = 202.990490, 202.993280       
# span 2 =    0.01148,    0.07843       
# span 3 =     0.6886,     4.7062       
# span 4 =     41.318,    282.373       
# span 5 =      1.009,    134.299       
# span 6 =  47738.911,  51559.597       
# span 7 =    30.3287,    32.1896       
# span 8 =     5.7629,     9.8942       
# span 9 =      1.000,    133.000       
# span 10 =     5.7521,     9.8662      
# span 11 =    23.3276,    25.3620      
# span 12 =     6.3800,     7.8759      
# span 13 =     9.1177,    11.2555      
# span 14 =     90.141,    120.620      
# span 15 =    277.885,    343.363      
# span 16 =    284.933,    351.739      
# span 17 =   -0.01189,    0.00654      
# span 18 =    6.48595,    7.07822      
# span 19 =    9.26907,   10.11549      
# span 20 =  282.80293,  308.29462      
# span 21 =     5.7524,     9.8941      
# span 22 =   14.65854,   15.87267      
# span 23 = 4.4450e-02, 5.0712e-01      
# span 24 =     0.3113,     6.4160      
# span 25 =     0.2590,     1.3068      
# span 26 = 0.0000e+00, 0.0000e+00      
# interval = meters: 1                  
# start_time = Jul 21 2013 23:45:37 [Instrument's time stamp, header]
# bad_flag = -9.990e-29
*END*
[from data line 54]
        633 202.991840    0.04389     2.6333    157.996     55.526  50555.840    31.9046     7.8072     55.000     7.8020    24.8718     7.3680    10.5295    108.932    321.068    329.053   -0.00261    6.76380    9.66615  294.74066     7.8020   15.22739 4.5090e-02     0.7955     0.3004 0.0000e+00
        639 202.991859    0.04433     2.6599    159.595     56.536  50555.819    31.9042     7.8079     56.000     7.8024    24.8714     7.3785    10.5446    109.090    321.527    329.524   -0.00150    6.76370    9.66601  294.73652     7.8026   15.22720 4.5042e-02     0.7978     0.2861 0.0000e+00
        647 202.991881    0.04485     2.6913    161.477     57.545  50552.956    31.9016     7.8067     57.000     7.7984    24.8695     7.3779    10.5437    109.075    321.500    329.496   -0.00111    6.76402    9.66646  294.75069     7.8012   15.22788 4.4918e-02     0.7769     0.2993 0.0000e+00
        650 202.991889    0.04505     2.7032    162.189     58.556  50548.497    31.8971     7.8012     58.000     7.7860    24.8668     7.3746    10.5391    109.011    321.360    329.351   -0.00125    6.76505    9.66793  294.79662     7.7957   15.23010 4.4864e-02     0.7485     0.2967 0.0000e+00
        654 202.991902    0.04537     2.7222    163.330     59.565  50542.225    31.8865     7.7661     59.000     7.7363    24.8634     7.3670    10.5282    108.804    321.029    329.011   -0.00166    6.77092    9.67633  295.05344     7.7606   15.24240 4.4953e-02     0.7768     0.2920 0.0000e+00
        663 202.991927    0.04598     2.7589    165.535     60.575  50569.422    31.8877     7.6608     60.000     7.6195    24.8790     7.3221    10.4641    107.883    319.068    327.006   -0.00383    6.78712    9.69947  295.75470     7.6552   15.27587 4.4929e-02     0.8720     0.3197 0.0000e+00
        667 202.991938    0.04623     2.7736    166.418     61.584  50602.792    31.8994     7.5950     61.000     7.5573    24.8975     7.2840    10.4096    107.169    317.403    325.305   -0.00553    6.79680    9.71331  296.17112     7.5892   15.29570 4.4856e-02     0.8307     0.2988 0.0000e+00
        674 202.991957    0.04670     2.8022    168.129     62.595  50653.171    31.9215     7.5197     62.000     7.4936    24.9252     7.2355    10.3402    106.287    315.278    323.137   -0.00666    6.80750    9.72860  296.62937     7.5140   15.31748 4.4846e-02     0.7414     0.2881 0.0000e+00
        681 202.991978    0.04719     2.8316    169.894     63.604  50643.901    31.8969     7.4162     63.000     7.3367    24.9200     7.2093    10.3028    105.636    314.140    321.968   -0.00664    6.82476    9.75327  297.38293     7.4104   15.35354 4.4781e-02     0.7104     0.2893 0.0000e+00
        685 202.991992    0.04752     2.8511    171.066     64.614  50745.570    31.9380     7.2467     64.000     7.1902    24.9753     7.1474    10.2144    104.352    311.427    319.205   -0.00924    6.84947    9.78857  298.44349     7.2409   15.40398 4.4731e-02     0.6302     0.2853 0.0000e+00
        691 202.992009    0.04794     2.8763    172.577     65.624  50833.978    31.9805     7.1395     65.000     7.1131    25.0232     7.0575    10.0860    102.815    307.496    315.190   -0.01165    6.86442    9.80995  299.08114     7.1336   15.43424 4.4679e-02     0.4731     0.2639 0.0000e+00
        696 202.992024    0.04828     2.8972    173.834     66.634  50854.464    31.9846     7.0844     66.000     7.0542    25.0337     7.0245    10.0387    102.206    306.054    313.715   -0.01107    6.87294    9.82211  299.44899     7.0785   15.45177 4.4669e-02     0.4032     0.2614 0.0000e+00
        702 202.992041    0.04871     2.9228    175.370     67.643  50899.829    32.0066     7.0329     67.000     7.0206    25.0579     6.9991    10.0024    101.729    304.938    312.579   -0.00976    6.88009    9.83234  299.75365     7.0270   15.46621 4.4680e-02     0.3856     0.2709 0.0000e+00
        708 202.992058    0.04911     2.9467    176.802     68.653  50910.260    32.0113     7.0214     68.000     7.0131    25.0632     6.9956     9.9974    101.655    304.784    312.423   -0.00768    6.88169    9.83463  299.82212     7.0154   15.46946 4.4654e-02     0.3712     0.2599 0.0000e+00
        712 202.992069    0.04937     2.9621    177.727     69.663  50910.320    32.0100     7.0167     69.000     7.0048    25.0628     6.9948     9.9963    101.632    304.752    312.391   -0.00652    6.88251    9.83579  299.85763     7.0105   15.47116 4.4667e-02     0.3839     0.2761 0.0000e+00
        718 202.992086    0.04977     2.9865    179.189     70.672  50920.364    32.0126     6.9944     70.000     6.9818    25.0677     6.9929     9.9936    101.554    304.668    312.305   -0.00525    6.88593    9.84069  300.00543     6.9882   15.47820 4.4674e-02     0.3753     0.2747 0.0000e+00
        726 202.992109    0.05033     3.0198    181.187     71.682  50933.895    32.0187     6.9785     71.000     6.9709    25.0746     6.9782     9.9726    101.307    304.025    311.649   -0.00430    6.88819    9.84391  300.10165     6.9722   15.48276 4.4624e-02     0.3692     0.2823 0.0000e+00
        730 202.992121    0.05063     3.0375    182.252     72.692  50934.668    32.0183     6.9757     72.000     6.9668    25.0747     6.9687     9.9590    101.163    303.611    311.224   -0.00405    6.88865    9.84457  300.12171     6.9692   15.48372 4.4582e-02     0.3734     0.2675 0.0000e+00
        735 202.992134    0.05095     3.0570    183.421     73.702  50933.562    32.0153     6.9664     73.000     6.9519    25.0736     6.9704     9.9614    101.164    303.686    311.300   -0.00327    6.89026    9.84687  300.19208     6.9599   15.48709 4.4584e-02     0.3728     0.2685 0.0000e+00
        742 202.992154    0.05143     3.0854    185.127     74.712  50949.428    32.0214     6.9414     74.000     6.9302    25.0817     6.9647     9.9533    101.026    303.434    311.045   -0.00280    6.89397    9.85216  300.35107     6.9348   15.49465 4.4618e-02     0.4263     0.2922 0.0000e+00
        747 202.992169    0.05179     3.1071    186.428     75.722  50954.617    32.0226     6.9306     75.000     6.9189    25.0841     6.9501     9.9323    100.789    302.794    310.389   -0.00294    6.89562    9.85454  300.42270     6.9240   15.49806 4.4572e-02     0.4463     0.3076 0.0000e+00
        752 202.992185    0.05217     3.1301    187.809     76.731  50963.252    32.0254     6.9157     76.000     6.9049    25.0883     6.9390     9.9165    100.596    302.309    309.894   -0.00290    6.89787    9.85775  300.51947     6.9090   15.50267 4.4526e-02     0.3973     0.3033 0.0000e+00
        760 202.992207    0.05268     3.1606    189.636     77.741  50970.850    32.0283     6.9052     77.000     6.8959    25.0919     6.9280     9.9008    100.415    301.831    309.405   -0.00261    6.89941    9.85995  300.58536     6.8984   15.50579 4.4499e-02     0.4062     0.2907 0.0000e+00
        763 202.992217    0.05294     3.1762    190.571     78.751  50969.582    32.0256     6.8979     78.000     6.8836    25.0908     6.9258     9.8977    100.364    301.737    309.308   -0.00238    6.90070    9.86178  300.64178     6.8910   15.50850 4.4463e-02     0.3894     0.2799 0.0000e+00
        769 202.992235    0.05335     3.2012    192.071     79.761  50982.332    32.0302     6.8767     79.000     6.8646    25.0972     6.9184     9.8871    100.211    301.412    308.976   -0.00229    6.90386    9.86630  300.77767     6.8698   15.51496 4.4508e-02     0.3782     0.2884 0.0000e+00
        776 202.992255    0.05383     3.2300    193.801     80.770  50988.575    32.0311     6.8603     80.000     6.8459    25.1000     6.9050     9.8679     99.980    300.828    308.379   -0.00235    6.90643    9.86998  300.88896     6.8533   15.52027 4.4513e-02     0.3885     0.2908 0.0000e+00
        781 202.992268    0.05414     3.2485    194.908     81.781  50996.148    32.0323     6.8407     81.000     6.8247    25.1036     6.8935     9.8516     99.769    300.327    307.866   -0.00259    6.90952    9.87440  301.02260     6.8335   15.52664 4.4460e-02     0.3624     0.2896 0.0000e+00
        787 202.992286    0.05458     3.2751    196.507     82.791  51012.775    32.0398     6.8210     82.000     6.8104    25.1120     6.8823     9.8355     99.566    299.834    307.364   -0.00257    6.91232    9.87840  301.14208     6.8138   15.53230 4.4473e-02     0.3542     0.2845 0.0000e+00
        795 202.992310    0.05517     3.3101    198.607     83.800  51013.893    32.0367     6.8024     83.000     6.7849    25.1120     6.8677     9.8146     99.310    299.199    306.712   -0.00247    6.91544    9.88285  301.27780     6.7951   15.53879 4.4480e-02     0.3545     0.2842 0.0000e+00
        801 202.992327    0.05558     3.3345    200.071     84.810  51031.847    32.0430     6.7712     84.000     6.7565    25.1210     6.8478     9.7863     98.956    298.331    305.826   -0.00297    6.92015    9.88959  301.48041     6.7638   15.54843 4.4470e-02     0.3595     0.2988 0.0000e+00
        808 202.992347    0.05606     3.3635    201.810     85.820  51045.419    32.0479     6.7494     85.000     6.7371    25.1278     6.8426     9.7788     98.834    298.102    305.593   -0.00255    6.92341    9.89425  301.62061     6.7420   15.55509 4.4460e-02     0.3691     0.3025 0.0000e+00
        816 202.992369    0.05658     3.3947    203.680     86.830  51055.323    32.0516     6.7346     86.000     6.7242    25.1326     6.8375     9.7714     98.727    297.875    305.361   -0.00214    6.92563    9.89742  301.71576     6.7271   15.55962 4.4458e-02     0.3594     0.3206 0.0000e+00
        822 202.992387    0.05702     3.4212    205.269     87.840  51055.572    32.0493     6.7237     87.000     6.7074    25.1322     6.8353     9.7684     98.670    297.782    305.266   -0.00179    6.92747    9.90005  301.79600     6.7162   15.56345 4.4450e-02     0.3470     0.3157 0.0000e+00
        827 202.992402    0.05736     3.4418    206.506     88.850  51053.652    32.0411     6.6892     88.000     6.6574    25.1301     6.8273     9.7568     98.469    297.431    304.905   -0.00203    6.93339    9.90850  302.05429     6.6816   15.57581 4.4481e-02     0.3376     0.3100 0.0000e+00
        833 202.992419    0.05778     3.4665    207.987     89.859  51092.161    32.0548     6.6217     89.000     6.5958    25.1496     6.7966     9.7129     97.882    296.088    303.535   -0.00330    6.94363    9.92315  302.49507     6.6140   15.59677 4.4498e-02     0.3629     0.3159 0.0000e+00
        840 202.992439    0.05825     3.4952    209.712     90.869  51125.648    32.0673     6.5670     90.000     6.5482    25.1665     6.7726     9.6788     97.422    295.042    302.467   -0.00377    6.95189    9.93494  302.84976     6.5593   15.61363 4.4494e-02     0.3710     0.3182 0.0000e+00
        847 202.992459    0.05874     3.5245    211.472     91.879  51142.970    32.0730     6.5361     91.000     6.5196    25.1749     6.7548     9.6533     97.099    294.263    301.671   -0.00368    6.95661    9.94169  303.05297     6.5283   15.62330 4.4546e-02     0.3580     0.3134 0.0000e+00
        852 202.992473    0.05909     3.5450    212.700     92.889  51139.606    32.0648     6.5073     92.000     6.4777    25.1721     6.7454     9.6398     96.893    293.852    301.248   -0.00358    6.96166    9.94890  303.27343     6.4994   15.63384 4.4582e-02     0.3613     0.3169 0.0000e+00
        857 202.992488    0.05944     3.5667    214.002     93.899  51162.919    32.0684     6.4437     93.000     6.4110    25.1829     6.7294     9.6169     96.523    293.151    300.533   -0.00394    6.97180    9.96340  303.71227     6.4358   15.65475 4.4577e-02     0.3556     0.3178 0.0000e+00
        866 202.992513    0.06004     3.6023    216.139     94.909  51205.858    32.0753     6.3268     94.000     6.2847    25.2030     6.6898     9.5604     95.699    291.423    298.768   -0.00497    6.99051    9.99012  304.52096     6.3189   15.69327 4.4617e-02     0.3429     0.4190 0.0000e+00
        870 202.992526    0.06034     3.6202    217.214     95.919  51262.876    32.1026     6.2658     95.000     6.2447    25.2321     6.6425     9.4928     94.904    289.352    296.653   -0.00649    6.99920   10.00255  304.89095     6.2579   15.71080 4.4672e-02     0.3559     0.4727 0.0000e+00
        876 202.992545    0.06079     3.6475    218.849     96.929  51289.527    32.1158     6.2414     96.000     6.2300    25.2456     6.5985     9.4299     94.230    287.433    294.689   -0.00677    7.00258   10.00738  305.03418     6.2334   15.71758 4.4770e-02     0.3530     0.3763 0.0000e+00
        884 202.992568    0.06135     3.6809    220.852     97.939  51294.891    32.1170     6.2310     97.000     6.2188    25.2479     6.5643     9.3810     93.719    285.942    293.162   -0.00610    7.00422   10.00974  305.10551     6.2229   15.72097 4.4854e-02     0.3518     0.3448 0.0000e+00
        890 202.992583    0.06173     3.7035    222.211     98.949  51300.704    32.1171     6.2131     98.000     6.1968    25.2501     6.5613     9.3767     93.637    285.810    293.027   -0.00508    7.00715   10.01393  305.23231     6.2050   15.72701 4.4957e-02     0.3655     0.3510 0.0000e+00
        898 202.992607    0.06228     3.7369    224.217     99.958  51319.706    32.1227     6.1771     99.000     6.1600    25.2590     6.5566     9.3701     93.495    285.604    292.818   -0.00391    7.01279   10.02198  305.47513     6.1689   15.73856 4.5125e-02     0.3573     0.3481 0.0000e+00
        902 202.992619    0.06258     3.7547    225.284    100.968  51334.988    32.1299     6.1623    100.000     6.1515    25.2665     6.5416     9.3486     93.253    284.948    292.147   -0.00397    7.01488   10.02496  305.56403     6.1540   15.74277 4.5323e-02     0.3448     0.3580 0.0000e+00
        910 202.992642    0.06314     3.7883    227.297    101.978  51337.044    32.1286     6.1506    101.000     6.1363    25.2669     6.5300     9.3321     93.062    284.445    291.632   -0.00334    7.01686   10.02780  305.65015     6.1423   15.74688 4.5518e-02     0.3471     0.3650 0.0000e+00
        917 202.992661    0.06359     3.8152    228.915    102.988  51346.894    32.1307     6.1293    102.000     6.1132    25.2712     6.5185     9.3155     92.852    283.940    291.116   -0.00312    7.02028   10.03268  305.79776     6.1208   15.75391 4.5619e-02     0.3521     0.3750 0.0000e+00
        922 202.992677    0.06395     3.8372    230.232    103.998  51359.568    32.1361     6.1150    103.000     6.1034    25.2773     6.5189     9.3161     92.830    283.954    291.132   -0.00261    7.02237   10.03567  305.88715     6.1065   15.75815 4.5629e-02     0.3431     0.3697 0.0000e+00
        931 202.992702    0.06457     3.8743    232.457    105.008  51361.653    32.1355     6.1065    104.000     6.0921    25.2777     6.5276     9.3286     92.936    284.335    291.523   -0.00148    7.02380   10.03771  305.94910     6.0979   15.76110 4.5623e-02     0.3573     0.3458 0.0000e+00
        937 202.992720    0.06501     3.9004    234.021    106.018  51374.474    32.1400     6.0871    105.000     6.0748    25.2837     6.5253     9.3252     92.862    284.231    291.418   -0.00136    7.02679   10.04199  306.07764     6.0784   15.76721 4.5583e-02     0.3575     0.3611 0.0000e+00
        946 202.992745    0.06560     3.9357    236.142    107.028  51381.418    32.1433     6.0816    106.000     6.0724    25.2870     6.5282     9.3294     92.894    284.357    291.547   -0.00086    7.02753   10.04305  306.10915     6.0729   15.76871 4.5544e-02     0.3593     0.3665 0.0000e+00
        952 202.992765    0.06607     3.9643    237.856    108.038  51382.916    32.1430     6.0775    107.000     6.0676    25.2872     6.5203     9.3182     92.773    284.014    291.196   -0.00100    7.02822   10.04402  306.13875     6.0688   15.77012 4.5570e-02     0.3429     0.3756 0.0000e+00
