CTD-processing/allCTD/CNV/2013_04-20_t3_s10_cast112_5028.cnv
* Sea-Bird SBE19plus Data File:
* FileName = C:\Documents and Settings\kris.holderied.local\My Documents\2012-2013-CTD-DATA-new-files\2013-04-EVOSTC-CookInlet-Ocean\2013-04-CookInlet-Tran3-AnchorPt\2013-04-20-CookInlet-Tran3-cast112.hex
* Software Version 1.54
* Temperature SN =  5028
* Conductivity SN =  5028
* System UpLoad Time = Apr 20 2013 23:34:47
** Cook Inlet LTM Transect 3 (Anchor Pt) East to West
** Date:  2013-04-20
** Station:  3-10
** Start time (AKDT-24 hr):  1941
** Depth (m): 112
** Comment:Near a convergence retain (narrow band in H2O Surface behind site)
** Comment:
# nquan = 27
# nvalues = 46                          
# units = specified
# name 0 = scan: Scan Count
# name 1 = timeJ: Julian Days
# name 2 = timeH: Time, Elapsed [hours]
# name 3 = timeM: Time, Elapsed [minutes]
# name 4 = timeS: Time, Elapsed [seconds]
# name 5 = prdM: Pressure, Strain Gauge [db]
# name 6 = specc: Specific Conductance [uS/cm]
# name 7 = sal00: Salinity, Practical [PSU]
# name 8 = tv290C: Temperature [ITS-90, deg C]
# name 9 = depSM: Depth [salt water, m], lat = 59.00
# name 10 = potemp090C: Potential Temperature [ITS-90, deg C]
# name 11 = sigma-é00: Density [sigma-theta, kg/m^3]
# name 12 = sbeox0ML/L: Oxygen, SBE 43 [ml/l]
# name 13 = sbeox0Mg/L: Oxygen, SBE 43 [mg/l]
# name 14 = sbeox0PS: Oxygen, SBE 43 [% saturation]
# name 15 = sbox0Mm/Kg: Oxygen, SBE 43 [umol/kg]
# name 16 = sbeox0Mm/L: Oxygen, SBE 43 [umol/l]
# name 17 = sbox0dV/dT: Oxygen, SBE 43 [dov/dt]
# name 18 = oxsolML/L: Oxygen Saturation, Garcia & Gordon [ml/l]
# name 19 = oxsolMg/L: Oxygen Saturation, Garcia & Gordon [mg/l]
# name 20 = oxsolMm/Kg: Oxygen Saturation, Garcia & Gordon [umol/kg]
# name 21 = potemp090C: Potential Temperature [ITS-90, deg C]
# name 22 = n2satMg/L: Nitrogen Saturation [mg/l]
# name 23 = par: PAR/Irradiance, Biospherical/Licor
# name 24 = flECO-AFL: Fluorescence, WET Labs ECO-AFL/FL [mg/m^3]
# name 25 = turbWETntu0: Turbidity, WET Labs ECO [NTU]
# name 26 = flag: flag
# span 0 =        173,        502       
# span 1 = 110.822511, 110.823463       
# span 2 =    0.01192,    0.03478       
# span 3 =     0.7155,     2.0867       
# span 4 =     42.930,    125.200       
# span 5 =      1.010,     46.439       
# span 6 =  48014.136,  51766.765       
# span 7 =    29.3200,    31.7409       
# span 8 =     2.7272,     3.0537       
# span 9 =      1.000,     46.000       
# span 10 =     2.7268,     3.0511      
# span 11 =    23.3744,    25.2799      
# span 12 =     7.5636,     8.4159      
# span 13 =    10.8092,    12.0272      
# span 14 =     97.248,    111.022      
# span 15 =    330.179,    366.588      
# span 16 =    337.791,    375.856      
# span 17 =    0.00099,    0.01531      
# span 18 =    7.58039,    7.77949      
# span 19 =   10.83313,   11.11767      
# span 20 =  330.19292,  339.61263      
# span 21 =     2.7271,     3.0511      
# span 22 =   16.91633,   17.37325      
# span 23 = 3.7912e-02, 6.2980e+01      
# span 24 =     0.4532,     1.2621      
# span 25 =     1.7232,     2.7052      
# span 26 = 0.0000e+00, 0.0000e+00      
# interval = meters: 1                  
# start_time = Apr 20 2013 19:43:42 [Instrument's time stamp, header]
# bad_flag = -9.990e-29
*END*
        173 110.822511    0.01192     0.7155     42.930      1.010  48014.136    29.3200     2.7272      1.000     2.7268    23.3744     7.5636    10.8092     97.248    330.179    337.791    0.00472    7.77949   11.11767  339.61263     2.7271   17.37325 5.1895e+01     0.4532     2.4132 0.0000e+00
        359 110.823050    0.02488     1.4923     89.540      2.019  51591.014    31.5485     2.7328      2.000     2.7343    25.1524     7.6253    10.8972     99.666    332.183    340.544    0.01025    7.65055   10.93340  333.28302     2.7327   17.06389 6.2980e+01     0.7325     2.6615 0.0000e+00
        354 110.823034    0.02448     1.4689     88.136      3.028  51434.364    31.4545     2.7387      3.000     2.7435    25.0769     7.5977    10.8580     99.252    331.016    339.317    0.00730    7.65499   10.93976  333.50877     2.7385   17.07498 3.9147e+01     0.7275     2.6999 0.0000e+00
        357 110.823045    0.02475     1.4849     89.095      4.038  51437.564    31.4583     2.7468      4.000     2.7485    25.0793     7.5985    10.8591     99.285    331.049    339.351    0.00627    7.65324   10.93726  333.43171     2.7466   17.07130 2.5518e+01     0.7593     2.6717 0.0000e+00
        361 110.823056    0.02501     1.5006     90.035      5.047  51461.069    31.4746     2.7505      5.000     2.7532    25.0921     7.6036    10.8663     99.372    331.263    339.576    0.00560    7.65169   10.93503  333.35967     2.7502   17.06782 1.6828e+01     0.7792     2.7052 0.0000e+00
        365 110.823066    0.02527     1.5159     90.955      6.057  51488.406    31.4945     2.7575      6.000     2.7649    25.1073     7.6150    10.8827     99.553    331.760    340.090    0.00522    7.64930   10.93162  333.25068     2.7572   17.06256 1.1468e+01     0.7912     2.6112 0.0000e+00
        369 110.823078    0.02553     1.5317     91.900      7.067  51532.695    31.5286     2.7755      7.000     2.7879    25.1332     7.6621    10.9499    100.236    333.800    342.190    0.00624    7.64408   10.92416  333.01491     2.7752   17.05123 7.9222e+00     0.7994     2.4661 0.0000e+00
        373 110.823089    0.02580     1.5483     92.897      8.076  51553.756    31.5487     2.7991      8.000     2.8072    25.1473     7.7305    11.0477    101.204    336.777    345.245    0.00791    7.63854   10.91624  332.76892     2.7987   17.03946 5.5923e+00     0.8215     2.3494 0.0000e+00
        377 110.823101    0.02608     1.5650     93.901      9.085  51572.513    31.5653     2.8157      9.000     2.8230    25.1592     7.7943    11.1388    102.093    339.550    348.093    0.00912    7.63452   10.91049  332.58988     2.8152   17.03090 4.0502e+00     0.8460     2.3296 0.0000e+00
        380 110.823112    0.02635     1.5807     94.840     10.095  51583.835    31.5761     2.8297     10.000     2.8352    25.1668     7.8515    11.2206    102.886    342.039    350.647    0.00993    7.63129   10.90587  332.44659     2.8292   17.02405 2.9947e+00     0.8614     2.2362 0.0000e+00
        384 110.823121    0.02659     1.5950     95.701     11.104  51596.335    31.5868     2.8399     11.000     2.8465    25.1745     7.9181    11.3158    103.793    344.941    353.625    0.01106    7.62879   10.90230  332.33528     2.8394   17.01872 2.2145e+00     0.8902     2.1871 0.0000e+00
        387 110.823131    0.02680     1.6079     96.474     12.114  51626.412    31.6100     2.8526     12.000     2.8646    25.1920     7.9868    11.4140    104.744    347.928    356.693    0.01232    7.62518   10.89714  332.17232     2.8519   17.01088 1.6450e+00     0.9130     2.1544 0.0000e+00
        390 110.823138    0.02699     1.6194     97.165     13.123  51632.677    31.6183     2.8697     13.000     2.8773    25.1972     8.0664    11.5278    105.840    351.395    360.250    0.01395    7.62149   10.89187  332.01005     2.8690   17.00314 1.2392e+00     0.9260     2.0931 0.0000e+00
        393 110.823147    0.02719     1.6318     97.905     14.133  51644.262    31.6287     2.8816     14.000     2.8897    25.2046     8.1419    11.6357    106.868    354.680    363.619    0.01531    7.61871   10.88789  331.88635     2.8808   16.99722 9.2606e-01     0.9415     2.0534 0.0000e+00
        396 110.823157    0.02742     1.6454     98.725     15.143  51659.805    31.6427     2.8966     15.000     2.9038    25.2145     8.1780    11.6871    107.391    356.244    365.227    0.01491    7.61512   10.88278  331.72727     2.8958   16.98961 6.9160e-01     0.9543     2.0556 0.0000e+00
        399 110.823166    0.02765     1.6590     99.538     16.151  51660.552    31.6459     2.9085     16.000     2.9129    25.2161     8.1873    11.7004    107.547    356.649    365.642    0.01343    7.61270   10.87931  331.62098     2.9077   16.98455 5.2157e-01     0.9688     2.0261 0.0000e+00
        402 110.823175    0.02787     1.6719    100.315     17.161  51682.818    31.6629     2.9177     17.000     2.9288    25.2289     8.2107    11.7338    107.892    357.664    366.688    0.01270    7.61008   10.87557  331.50272     2.9168   16.97886 3.9797e-01     0.9892     1.9803 0.0000e+00
        405 110.823184    0.02808     1.6848    101.085     18.171  51717.968    31.6918     2.9388     18.000     2.9546    25.2501     8.2497    11.7896    108.484    359.357    368.431    0.01276    7.60460   10.86773  331.25705     2.9378   16.96708 3.0686e-01     1.0152     1.9608 0.0000e+00
        409 110.823193    0.02830     1.6980    101.877     19.180  51712.175    31.6934     2.9618     19.000     2.9693    25.2496     8.2914    11.8492    109.096    361.175    370.294    0.01293    7.60014   10.86137  331.06314     2.9608   16.95786 2.4047e-01     1.0598     1.9398 0.0000e+00
        412 110.823202    0.02852     1.7114    102.681     20.189  51707.178    31.6927     2.9737     20.000     2.9759    25.2480     8.3193    11.8892    109.495    362.393    371.543    0.01245    7.59796   10.85824  330.96843     2.9725   16.95336 1.8834e-01     1.0963     1.9173 0.0000e+00
        415 110.823212    0.02876     1.7253    103.521     21.199  51702.552    31.6903     2.9785     21.000     2.9773    25.2457     8.3287    11.9026    109.629    362.802    371.961    0.01124    7.59716   10.85709  330.93428     2.9773   16.95175 1.4788e-01     1.1145     1.8902 0.0000e+00
        419 110.823222    0.02901     1.7403    104.416     22.208  51699.262    31.6873     2.9777     22.000     2.9754    25.2434     8.3254    11.8979    109.582    362.659    371.814    0.00951    7.59747   10.85754  330.94844     2.9765   16.95243 1.1796e-01     1.1124     1.8641 0.0000e+00
        422 110.823233    0.02926     1.7552    105.312     23.218  51703.657    31.6894     2.9762     23.000     2.9759    25.2452     8.3272    11.9004    109.603    362.736    371.894    0.00822    7.59764   10.85779  330.95568     2.9749   16.95277 9.5703e-02     1.1038     1.8670 0.0000e+00
        426 110.823243    0.02948     1.7693    106.159     24.228  51716.573    31.6984     2.9793     24.000     2.9829    25.2521     8.3300    11.9043    109.654    362.852    372.014    0.00726    7.59659   10.85629  330.90763     2.9780   16.95045 7.9448e-02     1.1103     1.8932 0.0000e+00
        429 110.823252    0.02971     1.7829    106.973     25.237  51725.200    31.7061     2.9885     25.000     2.9916    25.2576     8.3354    11.9120    109.755    363.085    372.256    0.00658    7.59446   10.85323  330.81287     2.9871   16.94592 6.7181e-02     1.1157     1.8834 0.0000e+00
        432 110.823261    0.02994     1.7964    107.782     26.247  51715.380    31.7006     2.9943     26.000     2.9927    25.2526     8.3493    11.9319    109.950    363.693    372.877    0.00625    7.59366   10.85209  330.77963     2.9928   16.94436 5.7994e-02     1.1104     1.8703 0.0000e+00
        436 110.823271    0.03018     1.8105    108.629     27.256  51721.004    31.7039     2.9948     27.000     2.9950    25.2553     8.3589    11.9457    110.081    364.111    373.307    0.00580    7.59339   10.85171  330.76709     2.9933   16.94375 5.1100e-02     1.1326     1.8715 0.0000e+00
        439 110.823281    0.03042     1.8253    109.515     28.267  51729.159    31.7099     2.9985     28.000     3.0004    25.2597     8.3593    11.9463    110.101    364.129    373.327    0.00503    7.59238   10.85027  330.72165     2.9969   16.94157 4.5812e-02     1.1507     1.8715 0.0000e+00
        443 110.823292    0.03067     1.8404    110.425     29.275  51725.464    31.7082     3.0036     29.000     3.0024    25.2580     8.3615    11.9494    110.143    364.224    373.423    0.00441    7.59149   10.84901  330.68373     3.0020   16.93977 4.2077e-02     1.1354     1.8611 0.0000e+00
        446 110.823302    0.03092     1.8554    111.324     30.285  51733.915    31.7139     3.0054     30.000     3.0070    25.2623     8.3651    11.9545    110.199    364.377    373.582    0.00392    7.59085   10.84809  330.65431     3.0038   16.93835 3.9541e-02     1.1365     1.8538 0.0000e+00
        450 110.823312    0.03116     1.8699    112.195     31.295  51743.914    31.7219     3.0118     31.000     3.0151    25.2682     8.3718    11.9640    110.311    364.668    373.883    0.00365    7.58924   10.84578  330.58219     3.0101   16.93490 3.8277e-02     1.1396     1.8404 0.0000e+00
        453 110.823322    0.03140     1.8839    113.032     32.304  51746.503    31.7253     3.0202     32.000     3.0217    25.2702     8.3828    11.9799    110.482    365.149    374.377    0.00362    7.58749   10.84328  330.50542     3.0184   16.93123 3.7965e-02     1.1342     1.8263 0.0000e+00
        456 110.823331    0.03163     1.8975    113.848     33.314  51743.167    31.7236     3.0243     33.000     3.0235    25.2685     8.3880    11.9872    110.560    365.374    374.607    0.00338    7.58679   10.84228  330.47545     3.0225   16.92982 3.7925e-02     1.1424     1.8178 0.0000e+00
        460 110.823341    0.03185     1.9109    114.656     34.324  51743.377    31.7236     3.0259     34.000     3.0243    25.2684     8.3859    11.9843    110.537    365.284    374.514    0.00286    7.58650   10.84187  330.46288     3.0239   16.92922 3.7915e-02     1.1684     1.8168 0.0000e+00
        463 110.823351    0.03207     1.9247    115.481     35.334  51743.269    31.7231     3.0263     35.000     3.0243    25.2680     8.3835    11.9808    110.506    365.178    374.406    0.00237    7.58643   10.84177  330.46015     3.0244   16.92909 3.7912e-02     1.1997     1.8298 0.0000e+00
        466 110.823360    0.03232     1.9391    116.349     36.343  51745.236    31.7239     3.0263     36.000     3.0249    25.2687     8.3837    11.9812    110.510    365.189    374.417    0.00202    7.58640   10.84172  330.45829     3.0243   16.92900 3.7912e-02     1.2185     1.8431 0.0000e+00
        470 110.823371    0.03257     1.9540    117.242     37.352  51754.360    31.7301     3.0283     37.000     3.0301    25.2734     8.3845    11.9823    110.530    365.221    374.451    0.00176    7.58571   10.84074  330.42680     3.0262   16.92748 3.7912e-02     1.2102     1.8343 0.0000e+00
        473 110.823381    0.03281     1.9687    118.120     38.362  51765.175    31.7390     3.0364     38.000     3.0397    25.2798     8.3890    11.9887    110.618    365.413    374.650    0.00171    7.58373   10.83791  330.33852     3.0343   16.92325 3.7912e-02     1.2004     1.8296 0.0000e+00
        477 110.823391    0.03305     1.9829    118.971     39.372  51763.536    31.7397     3.0449     39.000     3.0453    25.2796     8.3990    12.0030    110.775    365.851    375.100    0.00189    7.58208   10.83555  330.26674     3.0427   16.91984 3.7912e-02     1.2146     1.8030 0.0000e+00
        480 110.823401    0.03328     1.9968    119.807     40.381  51761.828    31.7390     3.0486     40.000     3.0473    25.2788     8.4024    12.0078    110.829    365.998    375.251    0.00179    7.58141   10.83460  330.23804     3.0464   16.91848 3.7912e-02     1.2372     1.7787 0.0000e+00
        484 110.823410    0.03351     2.0105    120.632     41.391  51762.851    31.7395     3.0501     41.000     3.0486    25.2791     8.4003    12.0049    110.806    365.909    375.159    0.00145    7.58110   10.83416  330.22440     3.0478   16.91783 3.7912e-02     1.2422     1.7781 0.0000e+00
        487 110.823420    0.03374     2.0244    121.462     42.401  51763.769    31.7399     3.0513     42.000     3.0496    25.2793     8.4025    12.0081    110.839    366.005    375.258    0.00132    7.58086   10.83380  330.21352     3.0490   16.91731 3.7912e-02     1.2393     1.7837 0.0000e+00
        490 110.823430    0.03398     2.0389    122.333     43.411  51764.500    31.7402     3.0523     43.000     3.0502    25.2794     8.4070    12.0144    110.900    366.199    375.456    0.00126    7.58067   10.83354  330.20532     3.0499   16.91692 3.7912e-02     1.2593     1.7775 0.0000e+00
        494 110.823440    0.03424     2.0541    123.244     44.420  51765.186    31.7403     3.0527     44.000     3.0504    25.2795     8.4110    12.0202    110.955    366.375    375.636    0.00121    7.58059   10.83341  330.20157     3.0503   16.91674 3.7912e-02     1.2621     1.7545 0.0000e+00
        498 110.823451    0.03449     2.0696    124.178     45.430  51766.647    31.7409     3.0533     45.000     3.0511    25.2799     8.4139    12.0243    110.994    366.499    375.765    0.00110    7.58045   10.83322  330.19567     3.0507   16.91646 3.7912e-02     1.2522     1.7484 0.0000e+00
        502 110.823463    0.03478     2.0867    125.200     46.439  51766.765    31.7405     3.0537     46.000     3.0511    25.2796     8.4159    12.0272    111.022    366.588    375.856    0.00099    7.58039   10.83313  330.19292     3.0511   16.91633 3.7912e-02     1.2563     1.7232 0.0000e+00
