CTD-processing/allCTD/CNV/2013_07-09_t9andtutka_tutkab_cast217_5028.cnv
* Sea-Bird SBE19plus Data File:
* FileName = C:\Documents and Settings\kbayadmin\My Documents\CTD data\2013-07-09 Kachemak Bay Homer Spit Line and Tutka Bay\2013-07-09 Kachemak Bay Homer Spit Line and Tutka Bay cast217.hex
* Software Version 1.59
* Temperature SN =  5028
* Conductivity SN =  5028
* System UpLoad Time = Jul 10 2013 11:06:35
** Kachemak Bay Homer Spit Line and Tutka Bay
** 2013-07-05
** Station: Tutka B
** N': 59 27.374
** W': -151 25.155
** Start Time: 1542
** Depth(ft): 520
# nquan = 27
# nvalues = 145                         
# units = specified
# name 0 = scan: Scan Count
# name 1 = timeJ: Julian Days
# name 2 = timeH: Time, Elapsed [hours]
# name 3 = timeM: Time, Elapsed [minutes]
# name 4 = timeS: Time, Elapsed [seconds]
# name 5 = prdM: Pressure, Strain Gauge [db]
# name 6 = specc: Specific Conductance [uS/cm]
# name 7 = sal00: Salinity, Practical [PSU]
# name 8 = tv290C: Temperature [ITS-90, deg C]
# name 9 = depSM: Depth [salt water, m], lat = 59.00
# name 10 = potemp090C: Potential Temperature [ITS-90, deg C]
# name 11 = sigma-é00: Density [sigma-theta, kg/m^3]
# name 12 = sbeox0ML/L: Oxygen, SBE 43 [ml/l]
# name 13 = sbeox0Mg/L: Oxygen, SBE 43 [mg/l]
# name 14 = sbeox0PS: Oxygen, SBE 43 [% saturation]
# name 15 = sbox0Mm/Kg: Oxygen, SBE 43 [umol/kg]
# name 16 = sbeox0Mm/L: Oxygen, SBE 43 [umol/l]
# name 17 = sbox0dV/dT: Oxygen, SBE 43 [dov/dt]
# name 18 = oxsolML/L: Oxygen Saturation, Garcia & Gordon [ml/l]
# name 19 = oxsolMg/L: Oxygen Saturation, Garcia & Gordon [mg/l]
# name 20 = oxsolMm/Kg: Oxygen Saturation, Garcia & Gordon [umol/kg]
# name 21 = potemp090C: Potential Temperature [ITS-90, deg C]
# name 22 = n2satMg/L: Nitrogen Saturation [mg/l]
# name 23 = par: PAR/Irradiance, Biospherical/Licor
# name 24 = flECO-AFL: Fluorescence, WET Labs ECO-AFL/FL [mg/m^3]
# name 25 = turbWETntu0: Turbidity, WET Labs ECO [NTU]
# name 26 = flag: flag
# span 0 =        340,       1012       
# span 1 = 190.651443, 190.653389       
# span 2 =    0.02352,    0.07024       
# span 3 =     1.4115,     4.2141       
# span 4 =     84.690,    252.847       
# span 5 =      1.009,    146.420       
# span 6 =  43980.946,  50745.134       
# span 7 =    27.6371,    31.6558       
# span 8 =     5.9346,     9.9594       
# span 9 =      1.000,    145.000       
# span 10 =     5.9220,     9.7133      
# span 11 =    21.2164,    24.9200      
# span 12 =     7.1582,     8.8043      
# span 13 =    10.2298,    12.5822      
# span 14 =    105.033,    129.667      
# span 15 =    312.099,    383.920      
# span 16 =    319.686,    393.202      
# span 17 =   -0.06249,    0.01582      
# span 18 =    6.62558,    7.07474      
# span 19 =    9.46861,   10.11051      
# span 20 =  289.75180,  308.27594      
# span 21 =     5.9229,     9.9593      
# span 22 =   15.00666,   15.87395      
# span 23 = 8.4568e-02, 2.9672e+02      
# span 24 =     0.1614,     2.2544      
# span 25 =     0.4632,     1.2203      
# span 26 = 0.0000e+00, 0.0000e+00      
# interval = meters: 1                  
# start_time = Jul 09 2013 15:36:40 [Instrument's time stamp, header]
# bad_flag = -9.990e-29
*END*
[from data line 54]
        618 190.652248    0.04285     2.5707    154.244     55.527  50536.829    31.6358     6.3572     55.000     6.3481    24.8523     7.7895    11.1319    111.185    339.443    347.879   -0.00105    7.00588   10.01211  305.29540     6.3526   15.73198 1.1209e-01     0.2154     0.6693 0.0000e+00
        622 190.652261    0.04316     2.5895    155.372     56.536  50541.606    31.6368     6.3473     56.000     6.3382    24.8542     7.7829    11.1226    111.066    339.155    347.585   -0.00127    7.00745   10.01435  305.36326     6.3426   15.73521 1.0844e-01     0.2282     0.6549 0.0000e+00
        627 190.652274    0.04347     2.6086    156.513     57.546  50546.538    31.6376     6.3360     57.000     6.3256    24.8563     7.7870    11.1284    111.096    339.334    347.768   -0.00101    7.00926   10.01693  305.44120     6.3313   15.73892 1.0543e-01     0.2371     0.6592 0.0000e+00
        632 190.652288    0.04380     2.6282    157.694     58.556  50554.210    31.6401     6.3239     58.000     6.3141    24.8598     7.7824    11.1218    111.000    339.131    347.561   -0.00110    7.01113   10.01961  305.52183     6.3191   15.74275 1.0282e-01     0.2280     0.6756 0.0000e+00
        637 190.652302    0.04415     2.6485    158.913     59.565  50555.932    31.6381     6.3096     59.000     6.2974    24.8600     7.7652    11.0972    110.717    338.382    346.794   -0.00178    7.01355   10.02307  305.62742     6.3047   15.74779 1.0067e-01     0.2107     0.6954 0.0000e+00
        641 190.652316    0.04447     2.6683    160.098     60.575  50566.116    31.6417     6.2935     60.000     6.2858    24.8648     7.7524    11.0790    110.496    337.824    346.224   -0.00214    7.01605   10.02663  305.73452     6.2885   15.75288 9.8859e-02     0.2069     0.7257 0.0000e+00
        646 190.652329    0.04479     2.6872    161.233     61.584  50572.523    31.6454     6.2923     61.000     6.2874    24.8679     7.7387    11.0594    110.300    337.225    345.611   -0.00239    7.01606   10.02665  305.73423     6.2873   15.75285 9.7344e-02     0.2142     0.7399 0.0000e+00
        651 190.652343    0.04511     2.7063    162.380     62.595  50556.595    31.6323     6.2843     62.000     6.2643    24.8586     7.7501    11.0756    110.432    337.722    346.118   -0.00161    7.01797   10.02938  305.82034     6.2792   15.75701 9.6091e-02     0.2307     0.7326 0.0000e+00
        655 190.652356    0.04544     2.7263    163.576     63.604  50572.983    31.6363     6.2479     63.000     6.2319    24.8662     7.7479    11.0725    110.310    337.626    346.022   -0.00162    7.02378   10.03768  306.07111     6.2427   15.76894 9.4971e-02     0.2255     0.7372 0.0000e+00
        660 190.652371    0.04579     2.7476    164.853     64.614  50593.613    31.6468     6.2306     64.000     6.2246    24.8766     7.7352    11.0545    110.093    337.072    345.457   -0.00206    7.02612   10.04104  306.17035     6.2253   15.77364 9.3964e-02     0.2001     0.7332 0.0000e+00
        665 190.652385    0.04614     2.7683    166.098     65.624  50594.494    31.6466     6.2289     65.000     6.2228    24.8766     7.7546    11.0821    110.364    337.914    346.320   -0.00085    7.02641   10.04144  306.18250     6.2236   15.77422 9.3147e-02     0.2119     0.7450 0.0000e+00
        670 190.652400    0.04647     2.7883    167.296     66.634  50596.770    31.6474     6.2275     66.000     6.2224    24.8775     7.7529    11.0797    110.337    337.842    346.246   -0.00079    7.02660   10.04172  306.19084     6.2221   15.77461 9.2528e-02     0.2233     0.7718 0.0000e+00
        674 190.652411    0.04677     2.8059    168.357     67.644  50598.050    31.6481     6.2289     67.000     6.2246    24.8778     7.7479    11.0726    110.270    337.625    346.024   -0.00090    7.02634   10.04135  306.17946     6.2234   15.77406 9.2023e-02     0.2174     0.7969 0.0000e+00
        678 190.652423    0.04704     2.8228    169.367     68.653  50598.568    31.6486     6.2320     68.000     6.2285    24.8778     7.7460    11.0699    110.251    337.540    345.937   -0.00086    7.02581   10.04059  306.15627     6.2264   15.77295 9.1523e-02     0.1947     0.7688 0.0000e+00
        683 190.652435    0.04734     2.8402    170.413     69.663  50596.749    31.6477     6.2363     69.000     6.2319    24.8766     7.7472    11.0715    110.278    337.592    345.990   -0.00066    7.02514   10.03963  306.12730     6.2307   15.77158 9.1112e-02     0.1825     0.7564 0.0000e+00
        687 190.652448    0.04764     2.8585    171.509     70.672  50596.089    31.6472     6.2387     70.000     6.2338    24.8760     7.7465    11.0704    110.273    337.559    345.956   -0.00059    7.02478   10.03911  306.11180     6.2329   15.77084 9.0803e-02     0.1873     0.7497 0.0000e+00
        692 190.652461    0.04796     2.8773    172.639     71.682  50592.428    31.6444     6.2400     71.000     6.2313    24.8736     7.7454    11.0690    110.260    337.516    345.911   -0.00057    7.02470   10.03900  306.10923     6.2341   15.77074 9.0487e-02     0.1934     0.7513 0.0000e+00
        696 190.652475    0.04828     2.8967    173.803     72.692  50589.515    31.6399     6.2292     72.000     6.2153    24.8714     7.7456    11.0692    110.231    337.524    345.919   -0.00057    7.02668   10.04184  306.19632     6.2233   15.77490 9.0206e-02     0.2039     0.7536 0.0000e+00
        701 190.652488    0.04861     2.9168    175.008     73.702  50588.616    31.6343     6.2058     73.000     6.1841    24.8698     7.7327    11.0508    109.983    336.963    345.343   -0.00123    7.03079   10.04771  306.37563     6.1998   15.78347 8.9982e-02     0.1995     0.7565 0.0000e+00
        706 190.652503    0.04896     2.9376    176.254     74.711  50603.969    31.6363     6.1635     74.000     6.1435    24.8766     7.7228    11.0367    109.736    336.530    344.902   -0.00178    7.03767   10.05753  306.67315     6.1574   15.79764 8.9729e-02     0.2017     0.7739 0.0000e+00
        711 190.652517    0.04930     2.9577    177.460     75.722  50624.947    31.6455     6.1385     75.000     6.1265    24.8869     7.7218    11.0352    109.663    336.482    344.856   -0.00173    7.04135   10.06280  306.83068     6.1324   15.80511 8.9562e-02     0.2064     0.7994 0.0000e+00
        716 190.652531    0.04963     2.9777    178.661     76.732  50626.550    31.6431     6.1227     76.000     6.1072    24.8869     7.7295    11.0463    109.731    336.819    345.201   -0.00123    7.04409   10.06671  306.95003     6.1165   15.81081 8.9398e-02     0.2110     0.8025 0.0000e+00
        721 190.652545    0.04997     2.9984    179.903     77.741  50638.146    31.6462     6.1001     77.000     6.0882    24.8921     7.7260    11.0413    109.626    336.666    345.046   -0.00132    7.04767   10.07182  307.10421     6.0938   15.81814 8.9155e-02     0.2012     0.8196 0.0000e+00
        725 190.652559    0.05031     3.0187    181.124     78.751  50650.231    31.6523     6.0908     78.000     6.0847    24.8980     7.7257    11.0407    109.600    336.646    345.028   -0.00122    7.04892   10.07362  307.15726     6.0845   15.82065 8.8957e-02     0.1890     0.8105 0.0000e+00
        730 190.652572    0.05063     3.0377    182.261     79.761  50649.044    31.6510     6.0908     79.000     6.0835    24.8970     7.7393    11.0602    109.793    337.241    345.637   -0.00045    7.04898   10.07371  307.16036     6.0844   15.82080 8.8835e-02     0.1814     0.8122 0.0000e+00
        734 190.652585    0.05091     3.0549    183.295     80.771  50648.894    31.6500     6.0887     80.000     6.0802    24.8965     7.7430    11.0655    109.840    337.402    345.803   -0.00026    7.04938   10.07427  307.17776     6.0822   15.82163 8.8756e-02     0.1907     0.8103 0.0000e+00
        738 190.652596    0.05119     3.0712    184.269     81.781  50651.351    31.6505     6.0849     81.000     6.0771    24.8974     7.7409    11.0626    109.801    337.315    345.712   -0.00037    7.04998   10.07512  307.20358     6.0783   15.82286 8.8634e-02     0.1829     0.8360 0.0000e+00
        742 190.652607    0.05145     3.0869    185.213     82.790  50653.675    31.6513     6.0830     82.000     6.0761    24.8982     7.7381    11.0586    109.757    337.190    345.586   -0.00051    7.05025   10.07552  307.21531     6.0764   15.82342 8.8573e-02     0.1905     0.8513 0.0000e+00
        746 190.652618    0.05173     3.1033    186.198     83.800  50656.312    31.6528     6.0837     83.000     6.0782    24.8993     7.7397    11.0609    109.783    337.259    345.657   -0.00039    7.05007   10.07525  307.20665     6.0771   15.82300 8.8475e-02     0.2016     0.8404 0.0000e+00
        750 190.652630    0.05201     3.1207    187.239     84.810  50657.376    31.6536     6.0865     84.000     6.0822    24.8996     7.7379    11.0582    109.764    337.179    345.575   -0.00041    7.04958   10.07456  307.18553     6.0796   15.82199 8.8350e-02     0.1823     0.8573 0.0000e+00
        754 190.652643    0.05231     3.1387    188.323     85.820  50654.472    31.6522     6.0922     85.000     6.0863    24.8978     7.7396    11.0606    109.801    337.252    345.649   -0.00028    7.04869   10.07328  307.14732     6.0853   15.82018 8.8262e-02     0.1791     0.8920 0.0000e+00
        759 190.652655    0.05263     3.1576    189.453     86.830  50650.687    31.6491     6.0921     86.000     6.0828    24.8954     7.7425    11.0648    109.841    337.382    345.781   -0.00015    7.04886   10.07353  307.15541     6.0851   15.82057 8.8092e-02     0.1954     0.8654 0.0000e+00
        763 190.652669    0.05294     3.1764    190.582     87.840  50651.504    31.6479     6.0859     87.000     6.0752    24.8953     7.7406    11.0620    109.797    337.297    345.695   -0.00028    7.04994   10.07507  307.20242     6.0788   15.82282 8.7869e-02     0.1888     0.8367 0.0000e+00
        768 190.652682    0.05325     3.1952    191.711     88.849  50656.938    31.6498     6.0787     88.000     6.0696    24.8976     7.7399    11.0611    109.770    337.268    345.665   -0.00038    7.05105   10.07666  307.25020     6.0715   15.82509 8.7801e-02     0.1901     0.8230 0.0000e+00
        772 190.652695    0.05356     3.2138    192.831     89.859  50659.998    31.6509     6.0756     89.000     6.0674    24.8988     7.7443    11.0674    109.825    337.459    345.861   -0.00018    7.05151   10.07731  307.26962     6.0684   15.82601 8.7752e-02     0.1802     0.7876 0.0000e+00
        777 190.652707    0.05387     3.2321    193.927     90.869  50655.845    31.6468     6.0720     90.000     6.0585    24.8961     7.7480    11.0726    109.864    337.619    346.024   -0.00008    7.05229   10.07842  307.30453     6.0647   15.82769 8.7706e-02     0.1801     0.8021 0.0000e+00
        781 190.652720    0.05417     3.2502    195.012     91.879  50656.367    31.6430     6.0534     91.000     6.0361    24.8953     7.7472    11.0715    109.803    337.585    345.989   -0.00025    7.05555   10.08309  307.44692     6.0460   15.83449 8.7723e-02     0.1838     0.7964 0.0000e+00
        785 190.652732    0.05447     3.2684    196.102     92.889  50671.359    31.6495     6.0357     92.000     6.0244    24.9026     7.7361    11.0557    109.605    337.100    345.494   -0.00087    7.05818   10.08685  307.55937     6.0282   15.83982 8.7741e-02     0.1780     0.7567 0.0000e+00
        790 190.652745    0.05477     3.2863    197.180     93.899  50677.041    31.6516     6.0287     93.000     6.0192    24.9051     7.7332    11.0516    109.548    336.974    345.367   -0.00093    7.05925   10.08836  307.60490     6.0211   15.84198 8.7626e-02     0.1767     0.7514 0.0000e+00
        794 190.652757    0.05506     3.3038    198.227     94.909  50680.597    31.6529     6.0253     94.000     6.0173    24.9065     7.7298    11.0465    109.491    336.822    345.211   -0.00100    7.05975   10.08909  307.62648     6.0177   15.84300 8.7429e-02     0.1763     0.7810 0.0000e+00
        798 190.652769    0.05535     3.3211    199.268     95.919  50681.744    31.6531     6.0252     95.000     6.0173    24.9068     7.7351    11.0542    109.566    337.053    345.448   -0.00066    7.05975   10.08910  307.62674     6.0175   15.84302 8.7287e-02     0.1724     0.7913 0.0000e+00
        802 190.652781    0.05564     3.3384    200.305     96.929  50681.522    31.6523     6.0242     96.000     6.0156    24.9063     7.7396    11.0607    109.627    337.252    345.652   -0.00038    7.05994   10.08937  307.63517     6.0165   15.84342 8.7174e-02     0.1712     0.7836 0.0000e+00
        806 190.652793    0.05592     3.3554    201.324     97.939  50684.042    31.6534     6.0232     97.000     6.0157    24.9072     7.7352    11.0543    109.562    337.057    345.452   -0.00055    7.06007   10.08954  307.64028     6.0153   15.84366 8.7012e-02     0.1695     0.7872 0.0000e+00
        811 190.652806    0.05622     3.3731    202.384     98.948  50684.944    31.6538     6.0247     98.000     6.0176    24.9074     7.7326    11.0508    109.531    336.949    345.341   -0.00062    7.05979   10.08915  307.62812     6.0168   15.84308 8.6914e-02     0.1614     0.8006 0.0000e+00
        815 190.652818    0.05653     3.3916    203.496     99.959  50682.537    31.6517     6.0246     99.000     6.0154    24.9057     7.7376    11.0579    109.600    337.167    345.565   -0.00033    7.05992   10.08932  307.63389     6.0166   15.84337 8.6879e-02     0.1673     0.8992 0.0000e+00
        820 190.652832    0.05685     3.4107    204.640    100.968  50686.367    31.6536     6.0234    100.000     6.0159    24.9074     7.7402    11.0616    109.635    337.279    345.680   -0.00021    7.06002   10.08948  307.63805     6.0153   15.84355 8.6842e-02     0.1752     0.8504 0.0000e+00
        824 190.652844    0.05715     3.4289    205.737    101.978  50684.100    31.6516     6.0233    101.000     6.0137    24.9058     7.7387    11.0594    109.612    337.213    345.612   -0.00027    7.06013   10.08964  307.64353     6.0151   15.84383 8.6775e-02     0.1754     0.7810 0.0000e+00
        828 190.652857    0.05745     3.4472    206.830    102.988  50685.048    31.6510     6.0197    102.000     6.0092    24.9058     7.7359    11.0554    109.562    337.090    345.486   -0.00042    7.06076   10.09054  307.67088     6.0114   15.84513 8.6708e-02     0.1909     0.7734 0.0000e+00
        833 190.652869    0.05776     3.4653    207.920    103.998  50687.222    31.6511     6.0147    103.000     6.0041    24.9064     7.7342    11.0529    109.525    337.015    345.409   -0.00049    7.06158   10.09170  307.70631     6.0064   15.84682 8.6639e-02     0.1916     0.7928 0.0000e+00
        837 190.652882    0.05807     3.4840    209.037    105.008  50690.411    31.6519     6.0101    104.000     6.0004    24.9077     7.7302    11.0472    109.457    336.839    345.229   -0.00064    7.06231   10.09274  307.73757     6.0017   15.84831 8.6630e-02     0.1882     0.7924 0.0000e+00
        842 190.652896    0.05840     3.5041    210.248    106.018  50692.978    31.6527     6.0078    105.000     5.9990    24.9086     7.7245    11.0391    109.371    336.593    344.977   -0.00081    7.06266   10.09324  307.75252     5.9993   15.84901 8.6631e-02     0.1748     0.7943 0.0000e+00
        847 190.652910    0.05873     3.5237    211.424    107.028  50693.740    31.6526     6.0073    106.000     5.9982    24.9087     7.7138    11.0238    109.218    336.126    344.499   -0.00113    7.06275   10.09338  307.75646     5.9987   15.84920 8.6625e-02     0.1621     0.7885 0.0000e+00
        851 190.652923    0.05903     3.5418    212.510    108.038  50694.883    31.6528     6.0063    107.000     5.9972    24.9089     7.7087    11.0165    109.143    335.902    344.270   -0.00122    7.06291   10.09360  307.76335     5.9976   15.84953 8.6568e-02     0.1711     0.8256 0.0000e+00
