CTD-processing/allCTD/CNV/2013_06-06_alongbay_skb10_inner_cast166_5028.cnv
* Sea-Bird SBE19plus Data File:
* FileName = C:\Documents and Settings\kbayadmin\My Documents\CTD data\2013-06-06 Kachemak Bay all bay inner bay\2013-06-06 Kachemak Bay All Bay Inner Bay cast166.hex
* Software Version 1.59
* Temperature SN =  5028
* Conductivity SN =  5028
* System UpLoad Time = Jun 18 2013 15:56:48
** Kachemak Bay All Bay Inner Bay
** 2013-06-06
** Station: KB-10
** N': 59 39.564
** W': 151 12.483
** Start Time: 1301
** Depth(ft): 214
# nquan = 27
# nvalues = 60                          
# units = specified
# name 0 = scan: Scan Count
# name 1 = timeJ: Julian Days
# name 2 = timeH: Time, Elapsed [hours]
# name 3 = timeM: Time, Elapsed [minutes]
# name 4 = timeS: Time, Elapsed [seconds]
# name 5 = prdM: Pressure, Strain Gauge [db]
# name 6 = specc: Specific Conductance [uS/cm]
# name 7 = sal00: Salinity, Practical [PSU]
# name 8 = tv290C: Temperature [ITS-90, deg C]
# name 9 = depSM: Depth [salt water, m], lat = 59.00
# name 10 = potemp090C: Potential Temperature [ITS-90, deg C]
# name 11 = sigma-é00: Density [sigma-theta, kg/m^3]
# name 12 = sbeox0ML/L: Oxygen, SBE 43 [ml/l]
# name 13 = sbeox0Mg/L: Oxygen, SBE 43 [mg/l]
# name 14 = sbeox0PS: Oxygen, SBE 43 [% saturation]
# name 15 = sbox0Mm/Kg: Oxygen, SBE 43 [umol/kg]
# name 16 = sbeox0Mm/L: Oxygen, SBE 43 [umol/l]
# name 17 = sbox0dV/dT: Oxygen, SBE 43 [dov/dt]
# name 18 = oxsolML/L: Oxygen Saturation, Garcia & Gordon [ml/l]
# name 19 = oxsolMg/L: Oxygen Saturation, Garcia & Gordon [mg/l]
# name 20 = oxsolMm/Kg: Oxygen Saturation, Garcia & Gordon [umol/kg]
# name 21 = potemp090C: Potential Temperature [ITS-90, deg C]
# name 22 = n2satMg/L: Nitrogen Saturation [mg/l]
# name 23 = par: PAR/Irradiance, Biospherical/Licor
# name 24 = flECO-AFL: Fluorescence, WET Labs ECO-AFL/FL [mg/m^3]
# name 25 = turbWETntu0: Turbidity, WET Labs ECO [NTU]
# name 26 = flag: flag
# span 0 =        296,        559       
# span 1 = 157.543655, 157.544417       
# span 2 =    0.02050,    0.03878       
# span 3 =     1.2299,     2.3268       
# span 4 =     73.792,    139.606       
# span 5 =      1.009,     60.576       
# span 6 =  45872.526,  51225.231       
# span 7 =    29.0010,    31.7344       
# span 8 =     4.5585,    10.3802       
# span 9 =      1.000,     60.000       
# span 10 =     4.5545,    10.0878      
# span 11 =    22.2120,    25.1341      
# span 12 =     7.9466,     8.9354      
# span 13 =    11.3565,    12.7696      
# span 14 =    108.759,    130.712      
# span 15 =    346.196,    389.751      
# span 16 =    354.897,    399.057      
# span 17 =   -0.01730,    0.03499      
# span 18 =    6.50744,    7.30665      
# span 19 =    9.29977,   10.44195      
# span 20 =  284.30767,  318.31457      
# span 21 =     4.5545,    10.3801      
# span 22 =   14.74072,   16.35158      
# span 23 = 4.5588e-02, 2.2087e+02      
# span 24 =     0.2622,     4.9604      
# span 25 =     0.5923,     1.3899      
# span 26 = 0.0000e+00, 0.0000e+00      
# interval = meters: 1                  
# start_time = Jun 06 2013 13:01:38 [Instrument's time stamp, header]
# bad_flag = -9.990e-29
*END*
        296 157.543655    0.02050     1.2299     73.792      1.009  45872.526    29.0010    10.3802      1.000    10.0878    22.2120     8.4632    12.0947    130.047    369.753    377.966    0.03499    6.50744    9.29977  284.30767    10.3801   14.74072 7.2632e+01     0.8823     1.1927 0.0000e+00
        306 157.543682    0.02116     1.2694     76.164      2.019  47430.791    29.9130     8.9533      2.000     8.7040    23.1442     8.3092    11.8748    124.440    362.697    371.092    0.00307    6.67739    9.54265  291.46578     8.9531   15.07913 1.3832e+02     1.1050     1.1644 0.0000e+00
        313 157.543702    0.02163     1.2980     77.879      3.028  48119.109    30.3053     8.3247      3.000     8.1810    23.5431     8.6273    12.3293    127.704    376.432    385.296    0.01165    6.75515    9.65379  294.74562     8.3244   15.23416 2.2087e+02     1.4721     0.9871 0.0000e+00
        319 157.543722    0.02211     1.3268     79.611      4.038  48710.438    30.6221     7.7084      4.000     7.4174    23.8772     8.9354    12.7696    130.712    389.751    399.057    0.01747    6.83661    9.77020  298.20224     7.7080   15.39782 1.8987e+02     1.9812     0.9486 0.0000e+00
        325 157.543739    0.02252     1.3512     81.071      5.047  49471.156    31.0134     6.8766      5.000     6.7079    24.2954     8.7408    12.4915    125.776    381.107    390.364   -0.00256    6.95049    9.93295  303.04590     6.8762   15.62727 1.4743e+02     2.5591     0.8471 0.0000e+00
        331 157.543755    0.02290     1.3739     82.434      6.056  49801.162    31.1916     6.5881      6.000     6.5519    24.4728     8.5131    12.1661    121.814    371.115    380.196   -0.01459    6.98877    9.98765  304.66246     6.5876   15.70361 1.1427e+02     3.3737     0.8035 0.0000e+00
        336 157.543771    0.02328     1.3967     83.804      7.066  49844.655    31.2046     6.4956      7.000     6.4506    24.4946     8.4018    12.0070    119.972    366.255    375.226   -0.01688    7.00325   10.00834  305.28723     6.4949   15.73334 8.5318e+01     4.3727     0.8846 0.0000e+00
        342 157.543787    0.02365     1.4193     85.159      8.076  49915.283    31.2278     6.3585      8.000     6.3072    24.5298     8.3318    11.9070    118.610    363.191    372.100   -0.01730    7.02462   10.03888  306.20821     6.3578   15.77715 6.2424e+01     4.9604     0.7559 0.0000e+00
        347 157.543803    0.02405     1.4431     86.587      9.085  50013.479    31.2735     6.2417      9.000     6.2128    24.5802     8.3163    11.8848    118.101    362.496    371.406   -0.01486    7.04169   10.06328  306.93736     6.2410   15.81171 4.5689e+01     4.9567     0.7345 0.0000e+00
        353 157.543819    0.02442     1.4654     87.924     10.095  50054.250    31.2849     6.1553     10.000     6.1064    24.5996     8.3317    11.9068    118.089    363.161    372.094   -0.01168    7.05544   10.08292  307.53069     6.1545   15.83993 3.3482e+01     4.7941     0.7523 0.0000e+00
        357 157.543832    0.02475     1.4851     89.105     11.104  50141.366    31.3222     6.0380     11.000     5.9944    24.6432     8.3527    11.9369    118.091    364.061    373.033   -0.00940    7.07314   10.10823  308.28947     6.0371   15.87594 2.4757e+01     4.3099     0.7066 0.0000e+00
        362 157.543846    0.02510     1.5057     90.342     12.114  50220.126    31.3604     5.9562     12.000     5.9356    24.6831     8.3811    11.9776    118.295    365.286    374.303   -0.00700    7.08496   10.12512  308.79235     5.9552   15.89974 1.8899e+01     3.8299     0.6773 0.0000e+00
        368 157.543862    0.02546     1.5272     91.630     13.123  50248.543    31.3702     5.9081     13.000     5.8826    24.6965     8.4092    12.0176    118.564    366.502    375.553   -0.00474    7.09253   10.13593  309.11795     5.9071   15.91521 1.4417e+01     3.5433     0.6705 0.0000e+00
        372 157.543874    0.02576     1.5458     92.748     14.132  50279.104    31.3774     5.8397     14.000     5.7875    24.7102     8.4256    12.0410    118.609    367.212    376.285   -0.00377    7.10365   10.15183  309.59892     5.8386   15.93809 1.1150e+01     3.3091     0.6493 0.0000e+00
        377 157.543890    0.02614     1.5684     94.102     15.142  50374.820    31.4058     5.6532     15.000     5.5705    24.7542     8.4187    12.0312    118.015    366.898    375.980   -0.00465    7.13372   10.19479  310.89577     5.6520   15.99975 8.7345e+00     2.8128     0.6136 0.0000e+00
        385 157.543911    0.02665     1.5989     95.932     16.152  50572.774    31.4984     5.4391     16.000     5.4121    24.8519     8.2491    11.7887    115.122    359.470    368.403   -0.01152    7.16553   10.24026  312.25246     5.4379   16.06398 6.9701e+00     2.1408     0.6317 0.0000e+00
        392 157.543931    0.02712     1.6274     97.644     17.161  50626.188    31.5167     5.3518     17.000     5.3175    24.8762     8.2023    11.7218    114.245    357.421    366.313   -0.01102    7.17955   10.26030  312.85617     5.3505   16.09266 5.6074e+00     1.9788     0.6636 0.0000e+00
        397 157.543948    0.02751     1.6509     99.053     18.171  50706.703    31.5537     5.2656     18.000     5.2422    24.9151     8.2171    11.7431    114.246    358.056    366.977   -0.00860    7.19251   10.27882  313.40906     5.2643   16.11883 4.5476e+00     1.5633     0.6257 0.0000e+00
        402 157.543961    0.02785     1.6711    100.266     19.180  50757.252    31.5776     5.2166     19.000     5.1988    24.9395     8.2075    11.7293    113.997    357.628    366.547   -0.00764    7.19978   10.28921  313.71811     5.2152   16.13345 3.7617e+00     1.2570     0.5923 0.0000e+00
        406 157.543974    0.02815     1.6891    101.348     20.190  50784.124    31.5877     5.1790     20.000     5.1507    24.9515     8.1903    11.7047    113.663    356.874    365.778   -0.00737    7.20576   10.29775  313.97504     5.1775   16.14563 3.1229e+00     1.1852     0.6219 0.0000e+00
        410 157.543985    0.02843     1.7060    102.362     21.200  50797.730    31.5820     5.1108     21.000     5.0541    24.9545     8.1786    11.6881    113.313    356.366    365.258   -0.00717    7.21778   10.31493  314.49785     5.1093   16.17054 2.5954e+00     1.0462     0.6453 0.0000e+00
        414 157.543997    0.02871     1.7228    103.365     22.209  50885.465    31.6182     5.0011     22.000     4.9625    24.9951     8.1324    11.6221    112.405    354.338    363.195   -0.00866    7.23499   10.33952  315.23519     4.9995   16.20550 2.1673e+00     0.8510     0.6671 0.0000e+00
        419 157.544009    0.02900     1.7401    104.404     23.219  50962.397    31.6578     4.9421     23.000     4.9311    25.0328     8.0815    11.5494    111.574    352.109    360.924   -0.00984    7.24328   10.35137  315.58494     4.9404   16.22198 1.8157e+00     0.6562     0.6855 0.0000e+00
        423 157.544022    0.02930     1.7581    105.486     24.228  50979.954    31.6657     4.9255     24.000     4.9162    25.0409     8.0841    11.5531    111.571    352.219    361.039   -0.00823    7.24579   10.35497  315.69207     4.9237   16.22705 1.5231e+00     0.5593     0.7004 0.0000e+00
        427 157.544034    0.02960     1.7759    106.556     25.238  50973.988    31.6564     4.9037     25.000     4.8821    25.0359     8.0935    11.5664    111.634    352.626    361.454   -0.00666    7.25003   10.36102  315.87812     4.9019   16.23594 1.2755e+00     0.5241     0.7127 0.0000e+00
        431 157.544046    0.02989     1.7936    107.613     26.247  50993.029    31.6592     4.8593     26.000     4.8358    25.0428     8.0901    11.5616    111.471    352.478    361.305   -0.00601    7.25762   10.37186  316.20663     4.8574   16.25157 1.0620e+00     0.5370     0.7514 0.0000e+00
        435 157.544058    0.03017     1.8102    108.610     27.257  51023.549    31.6706     4.8183     27.000     4.7994    25.0562     8.0752    11.5402    111.164    351.822    360.637   -0.00600    7.26421   10.38128  316.48954     4.8164   16.26498 8.8020e-01     0.5234     0.7982 0.0000e+00
        439 157.544069    0.03044     1.8260    109.563     28.266  51050.762    31.6824     4.7893     28.000     4.7769    25.0687     8.0678    11.5297    110.995    351.498    360.310   -0.00565    7.26869   10.38769  316.68101     4.7873   16.27405 7.3111e-01     0.5051     0.8238 0.0000e+00
        443 157.544080    0.03069     1.8415    110.491     29.275  51068.268    31.6899     4.7712     29.000     4.7603    25.0765     8.0642    11.5245    110.902    351.336    360.146   -0.00511    7.27148   10.39168  316.80021     4.7692   16.27970 6.0492e-01     0.4688     0.8388 0.0000e+00
        447 157.544090    0.03094     1.8568    111.409     30.285  51082.734    31.6957     4.7547     30.000     4.7444    25.0828     8.0564    11.5135    110.755    350.995    359.799   -0.00482    7.27408   10.39539  316.91154     4.7526   16.28497 4.9940e-01     0.4574     0.8742 0.0000e+00
        450 157.544101    0.03121     1.8724    112.346     31.294  51098.207    31.7028     4.7412     31.000     4.7346    25.0899     8.0496    11.5037    110.631    350.698    359.497   -0.00450    7.27611   10.39829  316.99760     4.7390   16.28904 4.1227e-01     0.4402     0.9135 0.0000e+00
        454 157.544113    0.03148     1.8887    113.325     32.304  51106.335    31.7063     4.7340     32.000     4.7295    25.0934     8.0421    11.4930    110.511    350.369    359.161   -0.00419    7.27720   10.39986  317.04424     4.7317   16.29124 3.4215e-01     0.4170     0.8839 0.0000e+00
        458 157.544124    0.03176     1.9054    114.326     33.315  51110.005    31.7074     4.7303     33.000     4.7268    25.0947     8.0449    11.4969    110.540    350.488    359.283   -0.00352    7.27778   10.40068  317.06910     4.7280   16.29242 2.8653e-01     0.4034     0.8411 0.0000e+00
        462 157.544136    0.03203     1.9220    115.321     34.324  51111.655    31.7076     4.7279     34.000     4.7237    25.0951     8.0636    11.5237    110.791    351.305    360.121   -0.00228    7.27820   10.40128  317.08721     4.7255   16.29328 2.4139e-01     0.3896     0.8279 0.0000e+00
        466 157.544147    0.03230     1.9382    116.291     35.334  51113.999    31.7077     4.7235     35.000     4.7174    25.0956     8.0811    11.5487    111.019    352.065    360.901   -0.00129    7.27896   10.40237  317.12018     4.7210   16.29485 2.0455e-01     0.3729     0.8238 0.0000e+00
        470 157.544158    0.03257     1.9539    117.236     36.343  51119.838    31.7096     4.7165     36.000     4.7099    25.0979     8.0903    11.5618    111.129    352.466    361.312   -0.00080    7.28009   10.40399  317.16876     4.7140   16.29715 1.7416e-01     0.3635     0.8130 0.0000e+00
        474 157.544169    0.03283     1.9694    118.165     37.353  51125.152    31.7109     4.7084     37.000     4.7005    25.0998     8.0906    11.5622    111.112    352.478    361.325   -0.00075    7.28145   10.40592  317.22724     4.7058   16.29993 1.4963e-01     0.3549     0.8064 0.0000e+00
        477 157.544179    0.03309     1.9851    119.105     38.362  51133.842    31.7143     4.6990     38.000     4.6927    25.1034     8.0818    11.5496    110.968    352.091    360.930   -0.00110    7.28293   10.40804  317.29057     4.6964   16.30293 1.2972e-01     0.3542     0.8138 0.0000e+00
        481 157.544191    0.03335     2.0010    120.063     39.371  51139.558    31.7163     4.6926     39.000     4.6868    25.1057     8.0753    11.5404    110.864    351.810    360.642   -0.00128    7.28394   10.40949  317.33424     4.6899   16.30500 1.1334e-01     0.3667     0.8197 0.0000e+00
        485 157.544201    0.03362     2.0170    121.020     40.381  51141.854    31.7160     4.6864     40.000     4.6787    25.1061     8.0683    11.5305    110.752    351.508    360.333   -0.00144    7.28507   10.41110  317.38320     4.6835   16.30733 9.9850e-02     0.3509     0.8289 0.0000e+00
        489 157.544213    0.03388     2.0330    121.977     41.391  51143.530    31.7143     4.6760     41.000     4.6645    25.1059     8.0581    11.5159    110.583    351.062    359.876   -0.00175    7.28697   10.41380  317.46576     4.6731   16.31127 8.9054e-02     0.3316     0.8372 0.0000e+00
        493 157.544224    0.03415     2.0491    122.943     42.401  51150.198    31.7141     4.6572     42.000     4.6447    25.1077     8.0412    11.4917    110.301    350.325    359.121   -0.00233    7.29028   10.41853  317.60933     4.6543   16.31810 8.0358e-02     0.3394     0.8553 0.0000e+00
        496 157.544234    0.03441     2.0646    123.874     43.410  51163.847    31.7196     4.6424     43.000     4.6347    25.1137     8.0261    11.4702    110.058    349.665    358.447   -0.00275    7.29260   10.42186  317.70876     4.6394   16.32281 7.3374e-02     0.3254     0.8710 0.0000e+00
        500 157.544245    0.03466     2.0796    124.779     44.420  51167.407    31.7198     4.6343     44.000     4.6261    25.1146     8.0208    11.4624    109.963    349.430    358.206   -0.00269    7.29403   10.42389  317.77052     4.6312   16.32575 6.7674e-02     0.3254     0.8843 0.0000e+00
        504 157.544255    0.03491     2.0947    125.682     45.430  51165.818    31.7158     4.6234     45.000     4.6113    25.1125     8.0180    11.4585    109.894    349.313    358.085   -0.00252    7.29614   10.42691  317.86314     4.6203   16.33017 6.3157e-02     0.3312     0.9029 0.0000e+00
        507 157.544266    0.03516     2.1098    126.585     46.439  51172.742    31.7160     4.6059     46.000     4.5933    25.1145     8.0094    11.4462    109.730    348.937    357.700   -0.00267    7.29920   10.43129  317.99614     4.6027   16.33650 5.9628e-02     0.3299     0.9459 0.0000e+00
        511 157.544277    0.03542     2.1250    127.499     47.449  51184.799    31.7201     4.5898     47.000     4.5793    25.1195     7.9975    11.4292    109.527    348.416    357.168   -0.00292    7.30185   10.43507  318.10978     4.5865   16.34189 5.6630e-02     0.3349     0.9990 0.0000e+00
        515 157.544287    0.03567     2.1405    128.430     48.458  51196.436    31.7249     4.5778     48.000     4.5707    25.1245     7.9888    11.4168    109.380    348.035    356.780   -0.00297    7.30371   10.43773  318.18925     4.5745   16.34565 5.4215e-02     0.3343     1.0623 0.0000e+00
        518 157.544298    0.03593     2.1560    129.362     49.468  51203.234    31.7278     4.5720     49.000     4.5659    25.1273     7.9831    11.4086    109.288    347.784    356.523   -0.00283    7.30461   10.43901  318.22747     4.5686   16.34746 5.2308e-02     0.3184     1.1217 0.0000e+00
        522 157.544309    0.03619     2.1715    130.288     50.478  51208.903    31.7300     4.5672     50.000     4.5617    25.1297     7.9755    11.3978    109.173    347.455    356.186   -0.00278    7.30534   10.44006  318.25878     4.5637   16.34894 5.0773e-02     0.3014     1.1655 0.0000e+00
        526 157.544320    0.03645     2.1870    131.218     51.488  51213.149    31.7316     4.5638     51.000     4.5587    25.1313     7.9662    11.3845    109.039    347.049    355.771   -0.00279    7.30585   10.44078  318.28022     4.5603   16.34995 4.9536e-02     0.2921     1.2014 0.0000e+00
        530 157.544330    0.03671     2.2021    132.129     52.498  51216.908    31.7331     4.5610     52.000     4.5563    25.1328     7.9590    11.3743    108.935    346.737    355.452   -0.00274    7.30627   10.44139  318.29842     4.5574   16.35081 4.8570e-02     0.2902     1.2512 0.0000e+00
        533 157.544340    0.03694     2.2169    133.015     53.508  51219.771    31.7341     4.5593     53.000     4.5553    25.1338     7.9563    11.3703    108.893    346.616    355.328   -0.00252    7.30652   10.44175  318.30876     4.5557   16.35130 4.7811e-02     0.2927     1.3187 0.0000e+00
