CTD-processing/allCTD/CNV/2013_04-20_t7_s04_cast085_5028.cnv
* Sea-Bird SBE19plus Data File:
* FileName = C:\Documents and Settings\kris.holderied.local\My Documents\2012-2013-CTD-DATA-new-files\2013-04-EVOSTC-CookInlet-Ocean\2013-04-CookInlet-Tran7-Augustine\2013-04-20-CookInlet-Trans7-Cast085.hex
* Software Version 1.54
* Temperature SN =  5028
* Conductivity SN =  5028
* System UpLoad Time = Apr 20 2013 14:51:04
** Cook Inlet LTM Tran7 Augustine to Flat Island
** Date:  2013-04-20
** Station:  6-04
** Start time (AKDT-24 hr):  0721
** Depth (m): 50
** Comment:Finished Flow meter collected from FM side, other was facbol.
** Comment:
# nquan = 27
# nvalues = 50                          
# units = specified
# name 0 = scan: Scan Count
# name 1 = timeJ: Julian Days
# name 2 = timeH: Time, Elapsed [hours]
# name 3 = timeM: Time, Elapsed [minutes]
# name 4 = timeS: Time, Elapsed [seconds]
# name 5 = prdM: Pressure, Strain Gauge [db]
# name 6 = specc: Specific Conductance [uS/cm]
# name 7 = sal00: Salinity, Practical [PSU]
# name 8 = tv290C: Temperature [ITS-90, deg C]
# name 9 = depSM: Depth [salt water, m], lat = 59.00
# name 10 = potemp090C: Potential Temperature [ITS-90, deg C]
# name 11 = sigma-é00: Density [sigma-theta, kg/m^3]
# name 12 = sbeox0ML/L: Oxygen, SBE 43 [ml/l]
# name 13 = sbeox0Mg/L: Oxygen, SBE 43 [mg/l]
# name 14 = sbeox0PS: Oxygen, SBE 43 [% saturation]
# name 15 = sbox0Mm/Kg: Oxygen, SBE 43 [umol/kg]
# name 16 = sbeox0Mm/L: Oxygen, SBE 43 [umol/l]
# name 17 = sbox0dV/dT: Oxygen, SBE 43 [dov/dt]
# name 18 = oxsolML/L: Oxygen Saturation, Garcia & Gordon [ml/l]
# name 19 = oxsolMg/L: Oxygen Saturation, Garcia & Gordon [mg/l]
# name 20 = oxsolMm/Kg: Oxygen Saturation, Garcia & Gordon [umol/kg]
# name 21 = potemp090C: Potential Temperature [ITS-90, deg C]
# name 22 = n2satMg/L: Nitrogen Saturation [mg/l]
# name 23 = par: PAR/Irradiance, Biospherical/Licor
# name 24 = flECO-AFL: Fluorescence, WET Labs ECO-AFL/FL [mg/m^3]
# name 25 = turbWETntu0: Turbidity, WET Labs ECO [NTU]
# name 26 = flag: flag
# span 0 =        153,        630       
# span 1 = 110.306457, 110.307838       
# span 2 =    0.01053,    0.04365       
# span 3 =     0.6317,     2.6190       
# span 4 =     37.902,    157.139       
# span 5 =      1.010,     50.478       
# span 6 =  48972.219,  51928.147       
# span 7 =    29.7500,    31.6545       
# span 8 =     2.0461,     2.3353       
# span 9 =      1.000,     50.000       
# span 10 =     2.1214,     2.3195      
# span 11 =    23.7588,    25.2690      
# span 12 =     7.3769,     8.4459      
# span 13 =    10.5423,    12.0701      
# span 14 =     93.523,    108.928      
# span 15 =    321.884,    367.944      
# span 16 =    329.450,    377.196      
# span 17 =   -0.00125,    0.01130      
# span 18 =    7.72019,    7.89272      
# span 19 =   11.03292,   11.27949      
# span 20 =  336.26867,  344.41034      
# span 21 =     2.0461,     2.3352      
# span 22 =   17.20535,   17.59863      
# span 23 = 3.7912e-02, 2.1322e+01      
# span 24 =     0.4970,     0.6855      
# span 25 =     0.9781,     4.6719      
# span 26 = 0.0000e+00, 0.0000e+00      
# interval = meters: 1                  
# start_time = Apr 20 2013 07:20:40 [Instrument's time stamp, header]
# bad_flag = -9.990e-29
*END*
        153 110.306457    0.01053     0.6317     37.902      1.010  48972.219    29.7500     2.0461      1.000     2.1594    23.7588     7.3769    10.5423     93.523    321.884    329.450    0.00530    7.89272   11.27949  344.41034     2.0461   17.59863 2.1322e+01     0.5468     4.6719 0.0000e+00
        429 110.307256    0.02969     1.7815    106.890      2.019  51928.147    31.6545     2.3353      2.000     2.3195    25.2690     7.7355    11.0548    100.169    336.944    345.467    0.00062    7.72019   11.03292  336.26867     2.3352   17.20535 1.6641e+01     0.6796     0.9781 0.0000e+00
        404 110.307186    0.02802     1.6809    100.852      3.028  51533.573    31.4008     2.3009      3.000     2.3010    25.0675     7.6828    10.9794     99.230    334.723    343.113    0.00047    7.74237   11.06462  337.31836     2.3007   17.25608 1.2347e+01     0.6606     1.5149 0.0000e+00
        410 110.307201    0.02838     1.7029    102.173      4.038  51529.298    31.3972     2.3002      4.000     2.2965    25.0647     7.6788    10.9737     99.175    334.549    342.935    0.00022    7.74269   11.06508  337.33350     2.2999   17.25682 9.2121e+00     0.6609     1.5441 0.0000e+00
        414 110.307213    0.02866     1.7199    103.194      5.048  51535.517    31.3988     2.2931      5.000     2.2913    25.0665     7.6718    10.9637     99.067    334.242    342.620   -0.00015    7.74399   11.06694  337.38959     2.2928   17.25947 7.0096e+00     0.6825     1.5246 0.0000e+00
        418 110.307224    0.02893     1.7356    104.133      6.057  51540.242    31.4011     2.2917      6.000     2.2916    25.0684     7.6855    10.9834     99.243    334.841    343.235    0.00023    7.74413   11.06714  337.39506     2.2914   17.25972 5.4613e+00     0.6855     1.5378 0.0000e+00
        422 110.307236    0.02921     1.7525    105.152      7.066  51542.248    31.4021     2.2925      7.000     2.2931    25.0692     7.7352    11.0543     99.887    337.004    345.452    0.00183    7.74393   11.06685  337.38585     2.2922   17.25929 4.3021e+00     0.6684     1.4788 0.0000e+00
        426 110.307249    0.02952     1.7716    106.296      8.076  51542.455    31.4024     2.2948      8.000     2.2956    25.0692     7.8046    11.1535    100.789    340.027    348.552    0.00387    7.74347   11.06619  337.36582     2.2944   17.25833 3.4093e+00     0.6657     1.4466 0.0000e+00
        431 110.307262    0.02983     1.7899    107.395      9.086  51542.542    31.4027     2.2977      9.000     2.2983    25.0693     7.8633    11.2374    101.555    342.586    351.174    0.00523    7.74289   11.06537  337.34051     2.2972   17.25713 2.7117e+00     0.6530     1.4469 0.0000e+00
        434 110.307273    0.03010     1.8060    108.357     10.095  51544.552    31.4041     2.2998     10.000     2.3014    25.0703     7.9239    11.3239    102.344    345.224    353.879    0.00650    7.74239   11.06465  337.31850     2.2993   17.25608 2.1941e+00     0.6490     1.4600 0.0000e+00
        438 110.307283    0.03034     1.8202    109.210     11.104  51544.638    31.4047     2.3036     11.000     2.3046    25.0705     8.0007    11.4337    103.346    348.570    357.310    0.00829    7.74163   11.06356  337.28529     2.3030   17.25450 1.7797e+00     0.6311     1.4650 0.0000e+00
        441 110.307292    0.03056     1.8335    110.010     12.114  51542.761    31.4035     2.3058     12.000     2.3057    25.0694     8.0832    11.5518    104.418    352.169    360.998    0.01017    7.74125   11.06302  337.26908     2.3053   17.25373 1.4386e+00     0.6250     1.4655 0.0000e+00
        444 110.307301    0.03079     1.8473    110.840     13.123  51542.334    31.4029     2.3064     13.000     2.3056    25.0688     8.1517    11.6495    105.302    355.149    364.053    0.01130    7.74117   11.06291  337.26587     2.3058   17.25358 1.1670e+00     0.6197     1.4744 0.0000e+00
        448 110.307313    0.03105     1.8634    111.802     14.133  51542.822    31.4026     2.3059     14.000     2.3049    25.0686     8.1941    11.7102    105.849    356.998    365.947    0.01116    7.74129   11.06307  337.27094     2.3052   17.25382 9.4577e-01     0.6271     1.4750 0.0000e+00
        453 110.307325    0.03137     1.8823    112.936     15.142  51544.650    31.4031     2.3056     15.000     2.3049    25.0691     8.2171    11.7430    106.145    357.999    366.973    0.01007    7.74132   11.06313  337.27250     2.3048   17.25390 7.6332e-01     0.6225     1.4835 0.0000e+00
        457 110.307338    0.03167     1.9002    114.014     16.152  51545.549    31.4033     2.3060     16.000     2.3053    25.0692     8.2233    11.7519    106.227    358.271    367.252    0.00865    7.74124   11.06301  337.26881     2.3052   17.25372 6.1721e-01     0.6251     1.4860 0.0000e+00
        461 110.307349    0.03193     1.9160    114.960     17.161  51546.288    31.4034     2.3064     17.000     2.3057    25.0693     8.2471    11.7860    106.536    359.310    368.317    0.00816    7.74116   11.06289  337.26524     2.3055   17.25355 5.1126e-01     0.6205     1.4763 0.0000e+00
        464 110.307359    0.03218     1.9310    115.858     18.171  51546.597    31.4031     2.3067     18.000     2.3060    25.0691     8.2843    11.8390    107.016    360.927    369.975    0.00833    7.74110   11.06281  337.26282     2.3058   17.25343 4.5932e-01     0.6032     1.4681 0.0000e+00
        468 110.307371    0.03244     1.9465    116.792     19.180  51547.640    31.4034     2.3071     19.000     2.3063    25.0692     8.3121    11.8788    107.377    362.141    371.219    0.00811    7.74102   11.06269  337.25888     2.3062   17.25325 3.7803e-01     0.6020     1.4725 0.0000e+00
        472 110.307382    0.03273     1.9638    117.829     20.190  51548.359    31.4035     2.3074     20.000     2.3064    25.0692     8.3334    11.9093    107.654    363.070    372.171    0.00757    7.74096   11.06261  337.25642     2.3064   17.25313 2.8865e-01     0.6242     1.4894 0.0000e+00
        477 110.307396    0.03306     1.9836    119.013     21.199  51549.236    31.4036     2.3075     21.000     2.3065    25.0693     8.3504    11.9336    107.874    363.809    372.930    0.00682    7.74093   11.06256  337.25521     2.3064   17.25307 2.3110e-01     0.6234     1.4903 0.0000e+00
        482 110.307409    0.03337     2.0024    120.146     22.209  51550.446    31.4039     2.3076     22.000     2.3067    25.0696     8.3579    11.9443    107.971    364.135    373.264    0.00591    7.74089   11.06250  337.25310     2.3065   17.25297 1.8870e-01     0.5984     1.5078 0.0000e+00
        486 110.307421    0.03366     2.0196    121.177     23.219  51551.563    31.4042     2.3081     23.000     2.3072    25.0698     8.3661    11.9560    108.079    364.494    373.632    0.00525    7.74078   11.06235  337.24854     2.3069   17.25276 1.5554e-01     0.5734     1.5017 0.0000e+00
        490 110.307433    0.03395     2.0367    122.199     24.228  51553.400    31.4050     2.3086     24.000     2.3076    25.0704     8.3777    11.9726    108.231    364.998    374.149    0.00481    7.74063   11.06215  337.24211     2.3074   17.25245 1.2880e-01     0.5656     1.4999 0.0000e+00
        494 110.307445    0.03425     2.0548    123.291     25.237  51555.097    31.4058     2.3090     25.000     2.3079    25.0710     8.3927    11.9940    108.425    365.650    374.817    0.00453    7.74052   11.06198  337.23676     2.3077   17.25219 1.0782e-01     0.5659     1.4784 0.0000e+00
        499 110.307460    0.03461     2.0765    124.593     26.247  51556.727    31.4065     2.3096     26.000     2.3087    25.0715     8.3952    11.9976    108.460    365.760    374.931    0.00375    7.74035   11.06173  337.22916     2.3084   17.25183 9.1624e-02     0.5700     1.4656 0.0000e+00
        505 110.307476    0.03498     2.0989    125.936     27.257  51558.354    31.4074     2.3108     27.000     2.3100    25.0722     8.3997    12.0040    108.522    365.955    375.130    0.00315    7.74007   11.06133  337.21679     2.3095   17.25124 7.8920e-02     0.5866     1.4814 0.0000e+00
        509 110.307490    0.03531     2.1187    127.119     28.266  51559.377    31.4078     2.3118     28.000     2.3106    25.0724     8.4026    12.0082    108.563    366.083    375.261    0.00267    7.73986   11.06104  337.20763     2.3104   17.25080 6.8499e-02     0.5689     1.4817 0.0000e+00
        514 110.307504    0.03565     2.1388    128.329     29.276  51560.824    31.4084     2.3123     29.000     2.3112    25.0728     8.4080    12.0160    108.635    366.320    375.504    0.00235    7.73973   11.06085  337.20163     2.3109   17.25051 6.0455e-02     0.5551     1.4597 0.0000e+00
        520 110.307521    0.03607     2.1640    129.841     30.285  51561.810    31.4089     2.3134     30.000     2.3121    25.0731     8.4234    12.0378    108.836    366.985    376.187    0.00232    7.73949   11.06051  337.19122     2.3119   17.25002 5.3936e-02     0.5533     1.4598 0.0000e+00
        527 110.307540    0.03651     2.1904    131.424     31.295  51561.926    31.4083     2.3129     31.000     2.3102    25.0727     8.4306    12.0482    108.928    367.302    376.512    0.00201    7.73963   11.06070  337.19735     2.3113   17.25031 4.9034e-02     0.5591     1.4689 0.0000e+00
        532 110.307554    0.03685     2.2108    132.645     32.304  51563.367    31.4077     2.3094     32.000     2.3057    25.0725     8.4301    12.0475    108.912    367.282    376.491    0.00157    7.74034   11.06172  337.22842     2.3078   17.25179 4.5269e-02     0.5514     1.4983 0.0000e+00
        536 110.307567    0.03716     2.2299    133.796     33.314  51567.287    31.4087     2.3052     33.000     2.3021    25.0735     8.4241    12.0389    108.823    367.019    376.221    0.00105    7.74110   11.06282  337.26148     2.3036   17.25335 4.2178e-02     0.5383     1.4753 0.0000e+00
        542 110.307583    0.03755     2.2532    135.189     34.324  51568.758    31.4074     2.2993     34.000     2.2931    25.0730     8.4270    12.0431    108.843    367.145    376.351    0.00084    7.74232   11.06455  337.31452     2.2976   17.25588 3.9827e-02     0.5484     1.4578 0.0000e+00
        548 110.307602    0.03800     2.2802    136.814     35.333  51578.454    31.4065     2.2747     35.000     2.2576    25.0740     8.4266    12.0424    108.769    367.124    376.329    0.00042    7.74717   11.07148  337.52548     2.2730   17.26589 3.8275e-02     0.5621     1.4832 0.0000e+00
        554 110.307618    0.03838     2.3029    138.173     36.343  51621.284    31.4214     2.2280     36.000     2.2086    25.0895     8.4133    12.0234    108.482    366.541    375.738   -0.00047    7.75551   11.08340  337.88370     2.2262   17.28284 3.7924e-02     0.5278     1.4992 0.0000e+00
        558 110.307630    0.03869     2.3216    139.293     37.353  51668.152    31.4427     2.1941     37.000     2.1822    25.1089     8.3963    11.9991    108.186    365.793    374.977   -0.00123    7.76099   11.09123  338.11616     2.1923   17.29379 3.7914e-02     0.5008     1.4846 0.0000e+00
        563 110.307644    0.03902     2.3410    140.463     38.362  51697.358    31.4560     2.1739     38.000     2.1662    25.1210     8.3952    11.9976    108.127    365.743    374.930   -0.00125    7.76425   11.09589  338.25397     2.1721   17.30028 3.7912e-02     0.5226     1.4738 0.0000e+00
        568 110.307660    0.03940     2.3637    141.824     39.372  51715.703    31.4642     2.1614     39.000     2.1568    25.1285     8.4068    12.0143    108.248    366.246    375.449   -0.00075    7.76626   11.09876  338.33909     2.1595   17.30428 3.7912e-02     0.5262     1.4939 0.0000e+00
        574 110.307677    0.03980     2.3880    143.280     40.382  51724.348    31.4676     2.1548     40.000     2.1508    25.1316     8.4228    12.0370    108.438    366.938    376.160   -0.00016    7.76736   11.10034  338.38635     2.1529   17.30652 3.7912e-02     0.5137     1.5020 0.0000e+00
        579 110.307692    0.04016     2.4098    144.589     41.391  51729.907    31.4687     2.1473     41.000     2.1405    25.1330     8.4315    12.0494    108.530    367.318    376.549    0.00009    7.76879   11.10238  338.44792     2.1453   17.30944 3.7912e-02     0.5133     1.5085 0.0000e+00
        584 110.307706    0.04051     2.4303    145.816     42.401  51742.475    31.4732     2.1360     42.000     2.1307    25.1376     8.4282    12.0448    108.460    367.173    376.403   -0.00016    7.77077   11.10520  338.53256     2.1340   17.31344 3.7912e-02     0.5170     1.5352 0.0000e+00
        589 110.307721    0.04086     2.4518    147.109     43.411  51751.093    31.4767     2.1297     43.000     2.1263    25.1408     8.4313    12.0493    108.487    367.310    376.545   -0.00011    7.77183   11.10672  338.57771     2.1276   17.31556 3.7912e-02     0.5098     1.5442 0.0000e+00
        595 110.307738    0.04127     2.4765    148.588     44.420  51755.252    31.4782     2.1271     44.000     2.1246    25.1422     8.4373    12.0578    108.557    367.569    376.810    0.00006    7.77226   11.10733  338.59598     2.1249   17.31643 3.7912e-02     0.4992     1.5624 0.0000e+00
        601 110.307755    0.04167     2.5000    149.999     45.429  51756.615    31.4784     2.1265     45.000     2.1242    25.1424     8.4401    12.0617    108.591    367.690    376.934    0.00010    7.77235   11.10746  338.59976     2.1243   17.31661 3.7912e-02     0.4974     1.5682 0.0000e+00
        606 110.307769    0.04202     2.5210    151.262     46.439  51757.476    31.4784     2.1261     46.000     2.1235    25.1424     8.4382    12.0590    108.565    367.607    376.850   -0.00002    7.77243   11.10759  338.60364     2.1239   17.31679 3.7912e-02     0.4970     1.5878 0.0000e+00
        612 110.307785    0.04240     2.5439    152.633     47.449  51759.441    31.4788     2.1249     47.000     2.1222    25.1428     8.4377    12.0583    108.556    367.586    376.828   -0.00008    7.77266   11.10791  338.61330     2.1226   17.31725 3.7912e-02     0.4971     1.5957 0.0000e+00
        618 110.307804    0.04284     2.5703    154.219     48.459  51761.384    31.4793     2.1240     48.000     2.1216    25.1433     8.4441    12.0675    108.637    367.865    377.114    0.00010    7.77280   11.10811  338.61915     2.1217   17.31752 3.7912e-02     0.5056     1.6271 0.0000e+00
        624 110.307820    0.04325     2.5950    155.700     49.468  51762.211    31.4793     2.1239     49.000     2.1214    25.1432     8.4459    12.0701    108.660    367.944    377.196    0.00011    7.77283   11.10815  338.62038     2.1215   17.31758 3.7912e-02     0.5073     1.6547 0.0000e+00
        630 110.307838    0.04365     2.6190    157.139     50.478  51763.134    31.4793     2.1238     50.000     2.1214    25.1433     8.4423    12.0649    108.614    367.786    377.033   -0.00009    7.77284   11.10816  338.62098     2.1214   17.31761 3.7912e-02     0.5090     1.6424 0.0000e+00
