CTD-processing/allCTD/CNV/2013_05-21_t9_s08_cast144_5028.cnv
* Sea-Bird SBE19plus Data File:
* FileName = C:\Documents and Settings\kris.holderied.local\My Documents\2012-2013-CTD-DATA-new-files\2013-05-21-CTD-HomerSpitLine-LTM\2013-05-21-Tran9-HomerSpit-cast144.hex
* Software Version 1.54
* Temperature SN =  5028
* Conductivity SN =  5028
* System UpLoad Time = Jun 05 2013 20:23:15
** Cook Inlet LTM Transect 9 (Homer Spit) Monthly
** Date:  2013-05-21
** Station:  9-08
** Start time (AKDT-24 hr): 1234
** Depth (ft): 330
** Comment:None
** Comment:
# nquan = 27
# nvalues = 92                          
# units = specified
# name 0 = scan: Scan Count
# name 1 = timeJ: Julian Days
# name 2 = timeH: Time, Elapsed [hours]
# name 3 = timeM: Time, Elapsed [minutes]
# name 4 = timeS: Time, Elapsed [seconds]
# name 5 = prdM: Pressure, Strain Gauge [db]
# name 6 = specc: Specific Conductance [uS/cm]
# name 7 = sal00: Salinity, Practical [PSU]
# name 8 = tv290C: Temperature [ITS-90, deg C]
# name 9 = depSM: Depth [salt water, m], lat = 59.00
# name 10 = potemp090C: Potential Temperature [ITS-90, deg C]
# name 11 = sigma-é00: Density [sigma-theta, kg/m^3]
# name 12 = sbeox0ML/L: Oxygen, SBE 43 [ml/l]
# name 13 = sbeox0Mg/L: Oxygen, SBE 43 [mg/l]
# name 14 = sbeox0PS: Oxygen, SBE 43 [% saturation]
# name 15 = sbox0Mm/Kg: Oxygen, SBE 43 [umol/kg]
# name 16 = sbeox0Mm/L: Oxygen, SBE 43 [umol/l]
# name 17 = sbox0dV/dT: Oxygen, SBE 43 [dov/dt]
# name 18 = oxsolML/L: Oxygen Saturation, Garcia & Gordon [ml/l]
# name 19 = oxsolMg/L: Oxygen Saturation, Garcia & Gordon [mg/l]
# name 20 = oxsolMm/Kg: Oxygen Saturation, Garcia & Gordon [umol/kg]
# name 21 = potemp090C: Potential Temperature [ITS-90, deg C]
# name 22 = n2satMg/L: Nitrogen Saturation [mg/l]
# name 23 = par: PAR/Irradiance, Biospherical/Licor
# name 24 = flECO-AFL: Fluorescence, WET Labs ECO-AFL/FL [mg/m^3]
# name 25 = turbWETntu0: Turbidity, WET Labs ECO [NTU]
# name 26 = flag: flag
# span 0 =        234,        657       
# span 1 = 141.524180, 141.525405       
# span 2 =    0.01614,    0.04556       
# span 3 =     0.9688,     2.7337       
# span 4 =     58.131,    164.022       
# span 5 =      1.010,     92.889       
# span 6 =  48215.940,  51667.922       
# span 7 =    30.0977,    31.9075       
# span 8 =     4.0755,     6.2777       
# span 9 =      1.000,     92.000       
# span 10 =     4.0694,     6.2374      
# span 11 =    23.6483,    25.3201      
# span 12 =     6.3878,     9.3086      
# span 13 =     9.1288,    13.3029      
# span 14 =     89.490,    131.226      
# span 15 =    278.479,    405.885      
# span 16 =    285.278,    415.722      
# span 17 =   -0.07118,    0.06589      
# span 18 =    7.09240,    7.38406      
# span 19 =   10.13575,   10.55255      
# span 20 =  309.25228,  321.62818      
# span 21 =     4.0695,     6.2777      
# span 22 =   15.92393,   16.50852      
# span 23 = 4.2447e-02, 3.0149e+02      
# span 24 =     0.4262,     2.6787      
# span 25 =     0.7581,     1.6161      
# span 26 = 0.0000e+00, 0.0000e+00      
# interval = meters: 1                  
# start_time = May 21 2013 12:33:51 [Instrument's time stamp, header]
# bad_flag = -9.990e-29
*END*
[from data line 54]
        507 141.524971    0.03513     2.1078    126.469     55.527  51482.249    31.8105     4.1209     55.000     4.1170    25.2384     8.3813    11.9777    113.556    365.092    374.307   -0.00096    7.38073   10.54780  321.50889     4.1173   16.50323 4.2621e-02     0.6039     0.8015 0.0000e+00
        511 141.524983    0.03541     2.1246    127.476     56.536  51483.017    31.8104     4.1202     56.000     4.1158    25.2383     8.3870    11.9858    113.631    365.341    374.562   -0.00063    7.38087   10.54800  321.51505     4.1165   16.50353 4.2597e-02     0.6056     0.8237 0.0000e+00
        515 141.524993    0.03568     2.1408    128.447     57.546  51484.179    31.8103     4.1187     57.000     4.1143    25.2385     8.3841    11.9818    113.588    365.217    374.435   -0.00068    7.38113   10.54838  321.52658     4.1150   16.50407 4.2583e-02     0.6007     0.8217 0.0000e+00
        518 141.525004    0.03593     2.1562    129.373     58.555  51485.853    31.8107     4.1177     58.000     4.1135    25.2388     8.3776    11.9724    113.497    364.932    374.143   -0.00088    7.38130   10.54861  321.53377     4.1139   16.50441 4.2586e-02     0.5881     0.8774 0.0000e+00
        522 141.525015    0.03619     2.1712    130.270     59.565  51487.187    31.8110     4.1171     59.000     4.1130    25.2391     8.3727    11.9654    113.430    364.720    373.925   -0.00100    7.38140   10.54875  321.53779     4.1133   16.50460 4.2656e-02     0.5701     0.9241 0.0000e+00
        526 141.525025    0.03643     2.1860    131.160     60.575  51488.529    31.8113     4.1167     60.000     4.1123    25.2394     8.3701    11.9617    113.393    364.605    373.807   -0.00101    7.38147   10.54885  321.54065     4.1127   16.50474 4.2678e-02     0.5584     0.8695 0.0000e+00
        529 141.525036    0.03668     2.2009    132.052     61.585  51490.703    31.8121     4.1159     61.000     4.1112    25.2401     8.3686    11.9595    113.371    364.539    373.740   -0.00097    7.38156   10.54899  321.54458     4.1119   16.50492 4.2632e-02     0.5617     0.8381 0.0000e+00
        533 141.525046    0.03693     2.2158    132.949     62.595  51493.817    31.8133     4.1143     62.000     4.1083    25.2413     8.3683    11.9592    113.365    364.528    373.729   -0.00090    7.38178   10.54930  321.55371     4.1102   16.50535 4.2634e-02     0.5565     0.8333 0.0000e+00
        537 141.525057    0.03720     2.2321    133.927     63.605  51503.021    31.8181     4.1102     63.000     4.1043    25.2455     8.3656    11.9552    113.320    364.406    373.606   -0.00092    7.38226   10.55000  321.57372     4.1061   16.50628 4.2614e-02     0.5482     0.8256 0.0000e+00
        541 141.525070    0.03751     2.2507    135.041     64.614  51512.541    31.8234     4.1074     64.000     4.1029    25.2500     8.3638    11.9527    113.293    364.329    373.528   -0.00089    7.38251   10.55035  321.58297     4.1032   16.50670 4.2568e-02     0.5691     0.8790 0.0000e+00
        546 141.525083    0.03782     2.2692    136.155     65.625  51515.823    31.8250     4.1069     65.000     4.1024    25.2513     8.3564    11.9422    113.192    364.007    373.199   -0.00103    7.38253   10.55037  321.58334     4.1026   16.50671 4.2572e-02     0.5876     0.9178 0.0000e+00
        550 141.525095    0.03811     2.2864    137.181     66.634  51521.801    31.8285     4.1065     66.000     4.1019    25.2541     8.3423    11.9220    113.003    363.391    372.568   -0.00145    7.38242   10.55022  321.57797     4.1021   16.50644 4.2585e-02     0.5834     0.9071 0.0000e+00
        554 141.525106    0.03837     2.3026    138.157     67.643  51527.072    31.8314     4.1061     67.000     4.1011    25.2566     8.3346    11.9109    112.899    363.053    372.222   -0.00157    7.38236   10.55012  321.57412     4.1017   16.50625 4.2595e-02     0.5787     0.9353 0.0000e+00
        557 141.525117    0.03864     2.3184    139.104     68.653  51531.088    31.8334     4.1048     68.000     4.0994    25.2582     8.3314    11.9064    112.854    362.915    372.081   -0.00150    7.38249   10.55031  321.57930     4.1003   16.50649 4.2623e-02     0.5655     0.9555 0.0000e+00
        561 141.525128    0.03892     2.3349    140.092     69.663  51535.540    31.8356     4.1033     69.000     4.0983    25.2601     8.3283    11.9019    112.809    362.777    371.941   -0.00145    7.38266   10.55056  321.58612     4.0987   16.50680 4.2645e-02     0.5496     0.9655 0.0000e+00
        565 141.525140    0.03920     2.3519    141.117     70.673  51538.343    31.8368     4.1025     70.000     4.0973    25.2611     8.3300    11.9043    112.830    362.851    372.017   -0.00120    7.38274   10.55068  321.58946     4.0979   16.50696 4.2616e-02     0.5543     1.0310 0.0000e+00
        569 141.525152    0.03948     2.3687    142.121     71.683  51540.680    31.8375     4.1011     71.000     4.0956    25.2619     8.3309    11.9057    112.840    362.892    372.059   -0.00102    7.38293   10.55095  321.59774     4.0965   16.50735 4.2620e-02     0.5606     1.0249 0.0000e+00
        573 141.525163    0.03975     2.3851    143.105     72.692  51545.637    31.8400     4.0993     72.000     4.0938    25.2640     8.3294    11.9036    112.817    362.826    371.992   -0.00097    7.38314   10.55125  321.60608     4.0946   16.50774 4.2623e-02     0.5558     0.9580 0.0000e+00
        577 141.525175    0.04002     2.4012    144.073     73.702  51550.965    31.8429     4.0982     73.000     4.0933    25.2664     8.3313    11.9063    112.842    362.908    372.077   -0.00080    7.38321   10.55134  321.60811     4.0934   16.50782 4.2605e-02     0.5345     0.9441 0.0000e+00
        581 141.525186    0.04029     2.4173    145.038     74.713  51555.591    31.8455     4.0983     74.000     4.0933    25.2685     8.3246    11.8967    112.753    362.614    371.777   -0.00093    7.38306   10.55114  321.60118     4.0934   16.50748 4.2599e-02     0.5218     0.9425 0.0000e+00
        585 141.525197    0.04056     2.4334    146.004     75.722  51567.146    31.8528     4.0979     75.000     4.0922    25.2744     8.3177    11.8868    112.664    362.311    371.469   -0.00113    7.38276   10.55070  321.58606     4.0930   16.50673 4.2609e-02     0.5452     0.9450 0.0000e+00
        589 141.525208    0.04082     2.4494    146.964     76.732  51591.790    31.8687     4.0959     76.000     4.0897    25.2871     8.3221    11.8932    112.731    362.501    371.667   -0.00080    7.38232   10.55007  321.56279     4.0910   16.50556 4.2657e-02     0.5674     0.9791 0.0000e+00
        593 141.525219    0.04109     2.4652    147.912     77.741  51611.700    31.8813     4.0941     77.000     4.0894    25.2973     8.3146    11.8824    112.633    362.166    371.328   -0.00097    7.38202   10.54964  321.54648     4.0891   16.50474 4.2658e-02     0.5408     1.0257 0.0000e+00
        597 141.525230    0.04136     2.4816    148.895     78.751  51623.774    31.8895     4.0958     78.000     4.0924    25.3036     8.3061    11.8702    112.529    361.795    370.949   -0.00118    7.38132   10.54864  321.51415     4.0907   16.50317 4.2636e-02     0.5401     1.0474 0.0000e+00
        601 141.525242    0.04164     2.4985    149.911     79.761  51630.759    31.8946     4.0996     79.000     4.0968    25.3074     8.3075    11.8722    112.562    361.856    371.014   -0.00094    7.38038   10.54729  321.47193     4.0944   16.50114 4.2621e-02     0.5260     1.0362 0.0000e+00
        605 141.525254    0.04192     2.5152    150.914     80.770  51637.195    31.8997     4.1046     80.000     4.1012    25.3110     8.3069    11.8713    112.571    361.827    370.985   -0.00080    7.37923   10.54566  321.42090     4.0993   16.49869 4.2615e-02     0.5158     1.0145 0.0000e+00
        609 141.525265    0.04219     2.5317    151.899     81.781  51639.103    31.9012     4.1076     81.000     4.1026    25.3119     8.3088    11.8740    112.606    361.909    371.069   -0.00063    7.37861   10.54477  321.39362     4.1022   16.49738 4.2608e-02     0.5198     0.9731 0.0000e+00
        613 141.525277    0.04247     2.5481    152.884     82.791  51640.338    31.9016     4.1078     82.000     4.1014    25.3122     8.3105    11.8766    112.631    361.986    371.149   -0.00050    7.37854   10.54467  321.39057     4.1025   16.49724 4.2611e-02     0.5148     0.9830 0.0000e+00
        617 141.525288    0.04275     2.5648    153.886     83.800  51639.496    31.8995     4.1038     83.000     4.0939    25.3109     8.3148    11.8827    112.676    362.172    371.339   -0.00035    7.37938   10.54587  321.42733     4.0983   16.49899 4.2596e-02     0.5215     1.0356 0.0000e+00
        621 141.525300    0.04304     2.5821    154.924     84.810  51647.022    31.9021     4.0954     84.000     4.0876    25.3138     8.3237    11.8953    112.775    362.556    371.734   -0.00006    7.38076   10.54785  321.48680     4.0898   16.50181 4.2577e-02     0.5265     1.0425 0.0000e+00
        625 141.525313    0.04333     2.6000    155.999     85.820  51650.574    31.9032     4.0917     85.000     4.0839    25.3150     8.3239    11.8957    112.769    362.568    371.746   -0.00009    7.38138   10.54872  321.51308     4.0860   16.50306 4.2598e-02     0.4998     1.0208 0.0000e+00
        629 141.525325    0.04364     2.6184    157.105     86.830  51654.527    31.9041     4.0864     86.000     4.0788    25.3163     8.3132    11.8805    112.611    362.102    371.269   -0.00054    7.38227   10.55000  321.55148     4.0807   16.50488 4.2670e-02     0.5059     1.0768 0.0000e+00
        634 141.525338    0.04395     2.6369    158.212     87.840  51658.083    31.9051     4.0826     87.000     4.0751    25.3174     8.3048    11.8683    112.486    361.733    370.891   -0.00085    7.38291   10.55092  321.57929     4.0769   16.50620 4.2587e-02     0.5128     1.1646 0.0000e+00
        638 141.525351    0.04426     2.6553    159.320     88.849  51661.482    31.9061     4.0790     88.000     4.0722    25.3186     8.2989    11.8599    112.397    361.475    370.627   -0.00099    7.38350   10.55176  321.60449     4.0733   16.50740 4.2530e-02     0.5255     1.2711 0.0000e+00
        643 141.525364    0.04456     2.6739    160.432     89.860  51664.382    31.9071     4.0772     89.000     4.0710    25.3196     8.2923    11.8505    112.305    361.189    370.334   -0.00112    7.38376   10.55214  321.61575     4.0714   16.50793 4.2512e-02     0.5454     1.3723 0.0000e+00
        647 141.525377    0.04489     2.6932    161.591     90.870  51665.731    31.9073     4.0763     90.000     4.0701    25.3198     8.2900    11.8472    112.270    361.086    370.229   -0.00106    7.38392   10.55235  321.62218     4.0704   16.50823 4.2465e-02     0.5610     1.4585 0.0000e+00
        652 141.525391    0.04521     2.7126    162.755     91.879  51667.022    31.9075     4.0758     91.000     4.0697    25.3201     8.2864    11.8420    112.220    360.931    370.070   -0.00105    7.38400   10.55248  321.62598     4.0698   16.50841 4.2454e-02     0.5582     1.5202 0.0000e+00
        657 141.525405    0.04556     2.7337    164.022     92.889  51667.922    31.9075     4.0755     92.000     4.0694    25.3201     8.2858    11.8412    112.213    360.905    370.044   -0.00093    7.38406   10.55255  321.62818     4.0695   16.50852 4.2447e-02     0.5319     1.5297 0.0000e+00
