CTD-processing/allCTD/CNV/2013_05-21_t9_s06_cast146_5028.cnv
* Sea-Bird SBE19plus Data File:
* FileName = C:\Documents and Settings\kris.holderied.local\My Documents\2012-2013-CTD-DATA-new-files\2013-05-21-CTD-HomerSpitLine-LTM\2013-05-21-Tran9-HomerSpit-cast146.hex
* Software Version 1.54
* Temperature SN =  5028
* Conductivity SN =  5028
* System UpLoad Time = Jun 05 2013 20:26:06
** Cook Inlet LTM Transect 9 (Homer Spit) Monthly
** Date:  2013-05-21
** Station: 9-06
** Start time (AKDT-24 hr): 1254
** Depth (ft): 333
** Comment:Begin of eb tide (up) SOG during sampling boat drifting to west. Flow meter start 101370 end 010338. Also collected a sample for Chla
** Comment:
# nquan = 27
# nvalues = 94                          
# units = specified
# name 0 = scan: Scan Count
# name 1 = timeJ: Julian Days
# name 2 = timeH: Time, Elapsed [hours]
# name 3 = timeM: Time, Elapsed [minutes]
# name 4 = timeS: Time, Elapsed [seconds]
# name 5 = prdM: Pressure, Strain Gauge [db]
# name 6 = specc: Specific Conductance [uS/cm]
# name 7 = sal00: Salinity, Practical [PSU]
# name 8 = tv290C: Temperature [ITS-90, deg C]
# name 9 = depSM: Depth [salt water, m], lat = 59.00
# name 10 = potemp090C: Potential Temperature [ITS-90, deg C]
# name 11 = sigma-é00: Density [sigma-theta, kg/m^3]
# name 12 = sbeox0ML/L: Oxygen, SBE 43 [ml/l]
# name 13 = sbeox0Mg/L: Oxygen, SBE 43 [mg/l]
# name 14 = sbeox0PS: Oxygen, SBE 43 [% saturation]
# name 15 = sbox0Mm/Kg: Oxygen, SBE 43 [umol/kg]
# name 16 = sbeox0Mm/L: Oxygen, SBE 43 [umol/l]
# name 17 = sbox0dV/dT: Oxygen, SBE 43 [dov/dt]
# name 18 = oxsolML/L: Oxygen Saturation, Garcia & Gordon [ml/l]
# name 19 = oxsolMg/L: Oxygen Saturation, Garcia & Gordon [mg/l]
# name 20 = oxsolMm/Kg: Oxygen Saturation, Garcia & Gordon [umol/kg]
# name 21 = potemp090C: Potential Temperature [ITS-90, deg C]
# name 22 = n2satMg/L: Nitrogen Saturation [mg/l]
# name 23 = par: PAR/Irradiance, Biospherical/Licor
# name 24 = flECO-AFL: Fluorescence, WET Labs ECO-AFL/FL [mg/m^3]
# name 25 = turbWETntu0: Turbidity, WET Labs ECO [NTU]
# name 26 = flag: flag
# span 0 =        191,        714       
# span 1 = 141.537458, 141.538974       
# span 2 =    0.01317,    0.04954       
# span 3 =     0.7898,     2.9724       
# span 4 =     47.390,    178.343       
# span 5 =      1.010,     94.909       
# span 6 =  48087.872,  51665.089       
# span 7 =    29.9901,    31.9121       
# span 8 =     4.1065,     6.1080       
# span 9 =      1.000,     94.000       
# span 10 =     4.0994,     6.1123      
# span 11 =    23.5832,    25.3207      
# span 12 =     7.5633,     8.5723      
# span 13 =    10.8087,    12.2506      
# span 14 =    106.176,    118.820      
# span 15 =    330.008,    373.472      
# span 16 =    337.777,    382.838      
# span 17 =   -0.00761,    0.00684      
# span 18 =    7.09501,    7.37826      
# span 19 =   10.13948,   10.54427      
# span 20 =  309.34145,  321.37561      
# span 21 =     4.1004,     6.1079      
# span 22 =   15.92781,   16.49649      
# span 23 = 3.9021e-02, 2.4287e+02      
# span 24 =     0.4180,     2.4654      
# span 25 =     0.5900,     1.5796      
# span 26 = 0.0000e+00, 0.0000e+00      
# interval = meters: 1                  
# start_time = May 21 2013 12:53:09 [Instrument's time stamp, header]
# bad_flag = -9.990e-29
*END*
[from data line 54]
        541 141.538471    0.03747     2.2484    134.904     55.526  51464.207    31.8231     4.2257     55.000     4.2327    25.2380     8.4455    12.0694    114.727    367.889    377.174   -0.00059    7.36134   10.52009  320.66450     4.2221   16.46302 3.9783e-02     0.5794     0.8118 0.0000e+00
        545 141.538483    0.03775     2.2651    135.906     56.536  51467.144    31.8302     4.2498     56.000     4.2582    25.2414     8.4533    12.0805    114.906    368.228    377.523   -0.00007    7.35669   10.51344  320.46064     4.2461   16.45329 3.9647e-02     0.5917     0.8331 0.0000e+00
        549 141.538494    0.03803     2.2820    136.917     57.546  51457.856    31.8286     4.2718     57.000     4.2764    25.2378     8.4729    12.1086    115.233    369.083    378.398    0.00085    7.35285   10.50795  320.29459     4.2680   16.44540 3.9556e-02     0.5995     0.8323 0.0000e+00
        553 141.538506    0.03830     2.2981    137.888     58.556  51461.232    31.8344     4.2890     58.000     4.2971    25.2408     8.4882    12.1305    115.494    369.750    379.083    0.00144    7.34949   10.50315  320.14724     4.2851   16.43837 3.9499e-02     0.6030     0.7689 0.0000e+00
        556 141.538517    0.03856     2.3137    138.821     59.565  51474.807    31.8496     4.3162     59.000     4.3332    25.2501     8.4952    12.1405    115.678    370.053    379.397    0.00172    7.34389   10.49515  319.90064     4.3123   16.42657 3.9482e-02     0.6123     0.8227 0.0000e+00
        560 141.538527    0.03882     2.3291    139.743     60.575  51462.789    31.8498     4.3546     60.000     4.3652    25.2464     8.5068    12.1570    115.943    370.557    379.912    0.00218    7.33705   10.48537  319.60368     4.3506   16.41244 3.9387e-02     0.5873     0.8916 0.0000e+00
        564 141.538538    0.03907     2.3443    140.660     61.585  51451.780    31.8472     4.3779     61.000     4.3827    25.2420     8.5255    12.1838    116.262    371.374    380.748    0.00277    7.33304   10.47965  319.43044     4.3738   16.40421 3.9339e-02     0.5792     0.7579 0.0000e+00
        567 141.538548    0.03933     2.3598    141.585     62.595  51456.232    31.8536     4.3944     62.000     4.3971    25.2455     8.5337    12.1954    116.424    371.728    381.112    0.00281    7.32980   10.47502  319.28821     4.3902   16.39743 3.9303e-02     0.5800     0.7574 0.0000e+00
        571 141.538559    0.03958     2.3752    142.515     63.604  51450.948    31.8519     4.4048     63.000     4.3986    25.2430     8.5405    12.2052    116.545    372.027    381.418    0.00272    7.32806   10.47252  319.21300     4.4004   16.39385 3.9286e-02     0.5748     0.7799 0.0000e+00
        575 141.538570    0.03984     2.3906    143.436     64.614  51446.903    31.8468     4.3972     64.000     4.3785    25.2398     8.5332    12.1947    116.420    371.708    381.090    0.00197    7.32964   10.47480  319.28326     4.3928   16.39722 3.9294e-02     0.5744     0.7173 0.0000e+00
        578 141.538580    0.04010     2.4058    144.349     65.623  51445.777    31.8375     4.3624     65.000     4.3322    25.2359     8.5129    12.1657    116.038    370.827    380.184    0.00056    7.33628   10.48428  319.57364     4.3580   16.41106 3.9206e-02     0.5465     0.7007 0.0000e+00
        582 141.538591    0.04036     2.4213    145.277     66.634  51478.742    31.8488     4.3167     66.000     4.2965    25.2495     8.4861    12.1275    115.554    369.655    378.989   -0.00098    7.34384   10.49508  319.89858     4.3123   16.42648 3.9174e-02     0.5436     0.7267 0.0000e+00
        586 141.538602    0.04062     2.4369    146.214     67.644  51496.280    31.8542     4.2903     67.000     4.2751    25.2563     8.4534    12.0808    115.039    368.229    377.529   -0.00236    7.34829   10.50145  320.09047     4.2857   16.43559 3.9176e-02     0.5455     0.8314 0.0000e+00
        590 141.538613    0.04088     2.4529    147.175     68.653  51505.025    31.8551     4.2711     68.000     4.2579    25.2590     8.4301    12.0475    114.669    367.214    376.489   -0.00312    7.35166   10.50626  320.23629     4.2665   16.44252 3.9188e-02     0.5421     0.8337 0.0000e+00
        594 141.538625    0.04117     2.4700    148.199     69.663  51499.591    31.8461     4.2511     69.000     4.2307    25.2540     8.4139    12.0243    114.387    366.509    375.764   -0.00347    7.35566   10.51198  320.41221     4.2465   16.45092 3.9188e-02     0.5312     0.7343 0.0000e+00
        598 141.538637    0.04146     2.4876    149.254     70.673  51510.294    31.8448     4.2167     70.000     4.1994    25.2563     8.3981    12.0018    114.076    365.821    375.061   -0.00382    7.36187   10.52085  320.68189     4.2121   16.46376 3.9173e-02     0.5072     0.7035 0.0000e+00
        602 141.538650    0.04176     2.5053    150.316     71.683  51532.245    31.8544     4.1962     71.000     4.1887    25.2660     8.3882    11.9875    113.891    365.383    374.615   -0.00379    7.36507   10.52542  320.81825     4.1914   16.47020 3.9157e-02     0.4953     0.7257 0.0000e+00
        607 141.538662    0.04205     2.5229    151.375     72.693  51531.904    31.8524     4.1909     72.000     4.1810    25.2649     8.3882    11.9876    113.876    365.387    374.618   -0.00325    7.36611   10.52690  320.86371     4.1861   16.47238 3.9021e-02     0.4822     0.7464 0.0000e+00
        611 141.538674    0.04234     2.5403    152.416     73.702  51539.133    31.8540     4.1790     73.000     4.1722    25.2674     8.3858    11.9842    113.811    365.281    374.510   -0.00293    7.36816   10.52983  320.95218     4.1742   16.47657 3.9054e-02     0.4743     0.7801 0.0000e+00
        615 141.538686    0.04263     2.5576    153.459     74.712  51568.497    31.8747     4.1834     74.000     4.1903    25.2833     8.3829    11.9799    113.799    365.147    374.379   -0.00258    7.36635   10.52724  320.86826     4.1785   16.47250 3.9092e-02     0.4653     0.7300 0.0000e+00
        619 141.538698    0.04293     2.5756    154.533     75.722  51556.530    31.8711     4.2052     75.000     4.2038    25.2784     8.4104    12.0192    114.231    366.347    375.607   -0.00101    7.36262   10.52192  320.70779     4.2002   16.46488 3.9100e-02     0.4659     0.6603 0.0000e+00
        624 141.538711    0.04324     2.5947    155.680     76.732  51547.422    31.8647     4.2066     76.000     4.1972    25.2732     8.4473    12.0719    114.731    367.954    377.254    0.00049    7.36269   10.52202  320.71229     4.2015   16.46512 3.9146e-02     0.4496     0.6206 0.0000e+00
        629 141.538726    0.04358     2.6146    156.876     77.741  51548.358    31.8614     4.1922     77.000     4.1758    25.2720     8.4855    12.1267    115.208    369.623    378.964    0.00171    7.36542   10.52592  320.83166     4.1871   16.47082 3.9204e-02     0.4305     0.6201 0.0000e+00
        633 141.538739    0.04390     2.6341    158.044     78.751  51567.656    31.8678     4.1657     78.000     4.1524    25.2797     8.4887    12.1313    115.182    369.760    379.108    0.00133    7.36984   10.53224  321.02178     4.1606   16.47984 3.9344e-02     0.4282     0.6567 0.0000e+00
        638 141.538752    0.04422     2.6528    159.168     79.761  51585.870    31.8765     4.1518     79.000     4.1447    25.2879     8.4654    12.0978    114.833    368.738    378.062    0.00009    7.37190   10.53518  321.10894     4.1466   16.48394 3.9551e-02     0.4403     0.7466 0.0000e+00
        642 141.538764    0.04451     2.6708    160.248     80.771  51593.816    31.8807     4.1492     80.000     4.1437    25.2916     8.4419    12.0644    114.511    367.717    377.017   -0.00087    7.37217   10.53556  321.11938     4.1439   16.48442 3.9330e-02     0.4397     0.8321 0.0000e+00
        646 141.538776    0.04480     2.6879    161.274     81.781  51599.429    31.8841     4.1494     81.000     4.1448    25.2942     8.4251    12.0403    114.286    366.983    376.266   -0.00141    7.37197   10.53527  321.10965     4.1441   16.48395 3.9285e-02     0.4320     0.8064 0.0000e+00
        650 141.538788    0.04508     2.7049    162.291     82.791  51608.591    31.8905     4.1520     82.000     4.1501    25.2990     8.4137    12.0239    114.143    366.481    375.753   -0.00163    7.37119   10.53416  321.07430     4.1465   16.48224 3.9369e-02     0.4311     0.7907 0.0000e+00
        654 141.538800    0.04538     2.7224    163.341     83.800  51617.272    31.8980     4.1605     83.000     4.1567    25.3041     8.4123    12.0220    114.154    366.422    375.694   -0.00141    7.36929   10.53146  320.99028     4.1550   16.47821 3.9406e-02     0.4218     0.7860 0.0000e+00
        659 141.538813    0.04566     2.7398    164.388     84.811  51615.773    31.8958     4.1578     84.000     4.1434    25.3027     8.4225    12.0365    114.282    366.864    376.147   -0.00083    7.36987   10.53228  321.01584     4.1523   16.47944 3.9315e-02     0.4268     0.7819 0.0000e+00
        663 141.538825    0.04596     2.7577    165.464     85.821  51634.296    31.9038     4.1407     85.000     4.1303    25.3107     8.4097    12.0182    114.067    366.305    375.576   -0.00131    7.37255   10.53611  321.13008     4.1350   16.48484 3.9282e-02     0.4539     0.9072 0.0000e+00
        667 141.538838    0.04627     2.7760    166.560     86.830  51644.350    31.9083     4.1328     86.000     4.1254    25.3151     8.3896    11.9897    113.778    365.431    374.682   -0.00193    7.37374   10.53780  321.18027     4.1271   16.48721 3.9256e-02     0.4614     0.9519 0.0000e+00
        672 141.538850    0.04658     2.7944    167.664     87.840  51647.364    31.9089     4.1290     87.000     4.1213    25.3160     8.3710    11.9630    113.515    364.617    373.848   -0.00239    7.37439   10.53874  321.20857     4.1232   16.48855 3.9278e-02     0.4500     0.9074 0.0000e+00
        676 141.538863    0.04688     2.8129    168.773     88.850  51650.688    31.9097     4.1249     88.000     4.1175    25.3170     8.3623    11.9505    113.386    364.238    373.459   -0.00239    7.37508   10.53972  321.23821     4.1191   16.48996 3.9234e-02     0.4506     0.9225 0.0000e+00
        680 141.538876    0.04718     2.8310    169.862     89.860  51654.124    31.9108     4.1218     89.000     4.1152    25.3182     8.3594    11.9465    113.340    364.115    373.334   -0.00217    7.37557   10.54043  321.25943     4.1160   16.49096 3.9215e-02     0.4618     0.9745 0.0000e+00
        685 141.538888    0.04749     2.8492    170.950     90.870  51655.292    31.9107     4.1202     90.000     4.1130    25.3182     8.3578    11.9441    113.313    364.044    373.260   -0.00191    7.37588   10.54088  321.27300     4.1142   16.49161 3.9180e-02     0.4719     0.9966 0.0000e+00
        689 141.538901    0.04780     2.8676    172.059     91.879  51656.871    31.9105     4.1169     91.000     4.1092    25.3184     8.3534    11.9378    113.244    363.850    373.062   -0.00182    7.37647   10.54171  321.29832     4.1109   16.49282 3.9165e-02     0.4866     0.9626 0.0000e+00
        694 141.538914    0.04810     2.8858    173.148     92.889  51660.482    31.9117     4.1137     92.000     4.1067    25.3197     8.3532    11.9375    113.232    363.840    373.053   -0.00159    7.37699   10.54246  321.32052     4.1076   16.49387 3.9152e-02     0.4377     0.9922 0.0000e+00
        698 141.538927    0.04841     2.9045    174.268     93.899  51661.588    31.9114     4.1113     93.000     4.1037    25.3197     8.3530    11.9373    113.224    363.833    373.045   -0.00138    7.37744   10.54309  321.33991     4.1052   16.49479 3.9133e-02     0.4286     0.9534 0.0000e+00
        714 141.538974    0.04954     2.9724    178.343     94.909  51665.089    31.9121     4.1065     94.000     4.0994    25.3207     8.3410    11.9201    113.048    363.308    372.507   -0.00130    7.37826   10.54427  321.37561     4.1004   16.49649 3.9050e-02     0.4180     0.9435 0.0000e+00
