CTD-processing/allCTD/CNV/2013_07-18_t7_s09_cast015_5028.cnv
* Sea-Bird SBE19plus Data File:
* FileName = C:\Documents and Settings\kris.holderied.local\My Documents\2012-2013-CTD-DATA-new-files\2013-07-CookInlet-EVOSTC-LTM\2013-07-18-CookInlet-Tran7-Augustine\2013-07-18-CookInlet-Tran7-Augustine-cast015.hex
* Software Version 1.54
* Temperature SN =  5028
* Conductivity SN =  5028
* System UpLoad Time = Jul 18 2013 22:17:32
** Cook Inlet LTM Ocean - Tran7 Augustine Line, East to West
** Date: 2013-07-18
** Station: 7-09
** Start time (AKDT-24 hr): 17:33
** Depth (m): 74
** Comment:
** Comment:
# nquan = 27
# nvalues = 73                          
# units = specified
# name 0 = scan: Scan Count
# name 1 = timeJ: Julian Days
# name 2 = timeH: Time, Elapsed [hours]
# name 3 = timeM: Time, Elapsed [minutes]
# name 4 = timeS: Time, Elapsed [seconds]
# name 5 = prdM: Pressure, Strain Gauge [db]
# name 6 = specc: Specific Conductance [uS/cm]
# name 7 = sal00: Salinity, Practical [PSU]
# name 8 = tv290C: Temperature [ITS-90, deg C]
# name 9 = depSM: Depth [salt water, m], lat = 59.00
# name 10 = potemp090C: Potential Temperature [ITS-90, deg C]
# name 11 = sigma-é00: Density [sigma-theta, kg/m^3]
# name 12 = sbeox0ML/L: Oxygen, SBE 43 [ml/l]
# name 13 = sbeox0Mg/L: Oxygen, SBE 43 [mg/l]
# name 14 = sbeox0PS: Oxygen, SBE 43 [% saturation]
# name 15 = sbox0Mm/Kg: Oxygen, SBE 43 [umol/kg]
# name 16 = sbeox0Mm/L: Oxygen, SBE 43 [umol/l]
# name 17 = sbox0dV/dT: Oxygen, SBE 43 [dov/dt]
# name 18 = oxsolML/L: Oxygen Saturation, Garcia & Gordon [ml/l]
# name 19 = oxsolMg/L: Oxygen Saturation, Garcia & Gordon [mg/l]
# name 20 = oxsolMm/Kg: Oxygen Saturation, Garcia & Gordon [umol/kg]
# name 21 = potemp090C: Potential Temperature [ITS-90, deg C]
# name 22 = n2satMg/L: Nitrogen Saturation [mg/l]
# name 23 = par: PAR/Irradiance, Biospherical/Licor
# name 24 = flECO-AFL: Fluorescence, WET Labs ECO-AFL/FL [mg/m^3]
# name 25 = turbWETntu0: Turbidity, WET Labs ECO [NTU]
# name 26 = flag: flag
# span 0 =        178,       1178       
# span 1 = 199.730048, 199.732942       
# span 2 =    0.01226,    0.08173       
# span 3 =     0.7359,     4.9033       
# span 4 =     44.157,    294.196       
# span 5 =      1.009,     73.702       
# span 6 =  40390.933,  51152.460       
# span 7 =    25.6647,    32.0759       
# span 8 =     6.4711,    12.8588       
# span 9 =      1.000,     73.000       
# span 10 =     6.4780,    12.7488      
# span 11 =    19.2067,    25.1852      
# span 12 =     6.0293,     8.6509      
# span 13 =     8.6165,    12.3630      
# span 14 =     95.834,    135.749      
# span 15 =    264.179,    377.310      
# span 16 =    269.269,    386.348      
# span 17 =   -0.01198,    0.05127      
# span 18 =    6.17950,    6.96698      
# span 19 =    8.83112,    9.95650      
# span 20 =  269.93153,  303.50142      
# span 21 =     6.4651,    12.8587      
# span 22 =   14.04915,   15.64467      
# span 23 = 7.5922e-02, 4.1708e+02      
# span 24 =     0.1591,    13.6556      
# span 25 =     0.2412,     3.0606      
# span 26 = 0.0000e+00, 0.0000e+00      
# interval = meters: 1                  
# start_time = Jul 18 2013 17:30:32 [Instrument's time stamp, header]
# bad_flag = -9.990e-29
*END*
        178 199.730048    0.01226     0.7359     44.157      1.009  40390.933    25.6647    12.8588      1.000    12.7488    19.2067     6.0293     8.6165     95.834    264.179    269.269    0.00185    6.30998    9.01760  276.60756    12.8587   14.38605 4.1708e+02    13.6556     3.0606 0.0000e+00
        387 199.730655    0.02683     1.6096     96.578      2.019  46241.604    29.4976    12.6325      2.000    12.6212    22.2044     7.1152    10.1684    115.126    310.855    317.767    0.00060    6.18251    8.83542  270.12062    12.6322   14.05918 2.5991e+02     2.3032     0.9577 0.0000e+00
        478 199.730918    0.03314     1.9885    119.310      3.028  46602.992    29.7315    12.5820      3.000    12.5600    22.3941     7.2011    10.2911    116.532    314.558    321.602   -0.00030    6.17950    8.83112  269.93153    12.5816   14.04915 2.3706e+02     1.7700     0.8506 0.0000e+00
        488 199.730948    0.03385     2.0312    121.872      4.038  46970.655    29.9652    12.3042      4.000    12.0929    22.6261     7.2278    10.3292    116.450    315.649    322.791   -0.00054    6.20682    8.87016  271.06273    12.3037   14.10245 1.7330e+02     2.0351     0.8142 0.0000e+00
        496 199.730970    0.03438     2.0629    123.776      5.048  48298.943    30.8036    11.2955      5.000    11.1365    23.4576     7.4238    10.6093    117.682    323.944    331.545    0.00303    6.30790    9.01463  275.25353    11.2950   14.29995 1.1968e+02     2.4567     0.7184 0.0000e+00
        508 199.731004    0.03521     2.1126    126.756      6.057  48731.884    31.0656    10.8845      6.000    10.7971    23.7334     8.6248    12.3257    135.749    376.251    385.182    0.05127    6.35294    9.07898  277.14432    10.8838   14.38948 7.7194e+01     3.0344     0.6408 0.0000e+00
        518 199.731033    0.03590     2.1544    129.264      7.066  49065.773    31.2462    10.4138      7.000    10.3117    23.9539     8.6509    12.3630    134.955    377.310    386.348    0.02484    6.41056    9.16133  279.59815    10.4130   14.50623 5.4290e+01     3.5235     0.6319 0.0000e+00
        528 199.731062    0.03661     2.1968    131.808      8.075  49357.720    31.4002     9.9942      8.000     9.9427    24.1434     8.4825    12.1223    131.249    369.897    378.828    0.00324    6.46304    9.23634  281.83505     9.9934   14.61265 3.9612e+01     3.9422     0.6752 0.0000e+00
        540 199.731097    0.03743     2.2457    134.741      9.085  49493.618    31.4695     9.7900      9.000     9.7545    24.2308     8.4403    12.0621    130.069    368.027    376.944   -0.00177    6.48910    9.27357  282.94712     9.7890   14.66558 2.8189e+01     4.0160     0.6602 0.0000e+00
        550 199.731125    0.03810     2.2863    137.177     10.095  49606.239    31.5203     9.5765     10.000     9.5244    24.3046     8.4402    12.0619    129.501    367.996    376.939   -0.00287    6.51752    9.31419  284.16594     9.5754   14.72367 2.1844e+01     3.9749     0.6570 0.0000e+00
        560 199.731154    0.03881     2.3285    139.711     11.104  49751.737    31.5912     9.3459     11.000     9.3135    24.3965     8.2959    11.8556    126.699    361.670    370.493   -0.01007    6.54778    9.35742  285.45939     9.3448   14.78523 1.6685e+01     3.1367     0.5040 0.0000e+00
        571 199.731188    0.03962     2.3770    142.623     12.113  49842.360    31.6357     9.2091     12.000     9.1884    24.4527     8.1930    11.7087    124.785    357.168    365.901   -0.01089    6.56575    9.38310  286.22706     9.2079   14.82175 1.3370e+01     2.6959     0.4868 0.0000e+00
        582 199.731219    0.04037     2.4222    145.333     13.123  49899.686    31.6579     9.0836     13.000     9.0469    24.4895     8.1190    11.6029    123.332    353.929    362.596   -0.01046    6.58311    9.40792  286.97394     9.0823   14.85737 1.0996e+01     2.2756     0.4527 0.0000e+00
        596 199.731259    0.04134     2.4801    148.803     14.132  49993.204    31.7041     8.9492     14.000     8.9280    24.5463     7.9840    11.4100    120.955    348.023    356.566   -0.01172    6.60086    9.43328  287.73151     8.9478   14.89339 9.0125e+00     2.2224     0.3987 0.0000e+00
        610 199.731299    0.04229     2.5371    152.224     15.142  50058.270    31.7347     8.8474     15.000     8.8314    24.5858     7.8621    11.2356    118.861    342.693    351.118   -0.01162    6.61454    9.45283  288.31663     8.8459   14.92123 7.6411e+00     2.0807     0.3774 0.0000e+00
        625 199.731341    0.04331     2.5984    155.904     16.152  50120.191    31.7628     8.7449     16.000     8.7263    24.6233     7.7417    11.0637    116.795    337.435    345.744   -0.01097    6.62849    9.47278  288.91437     8.7433   14.94968 6.5934e+00     1.7164     0.3393 0.0000e+00
        639 199.731384    0.04433     2.6597    159.580     17.161  50173.800    31.7833     8.6323     17.000     8.6125    24.6563     7.6405    10.9190    114.992    333.011    341.222   -0.00981    6.64432    9.49541  289.59525     8.6306   14.98214 5.6966e+00     1.7197     0.3420 0.0000e+00
        652 199.731422    0.04524     2.7143    162.859     18.170  50213.628    31.7968     8.5392     18.000     8.5185    24.6808     7.6422    10.9215    114.789    333.080    341.301   -0.00525    6.65761    9.51439  290.16725     8.5374   15.00941 4.9368e+00     1.7658     0.3348 0.0000e+00
        663 199.731454    0.04600     2.7603    165.617     19.180  50256.331    31.8150     8.4645     19.000     8.4494    24.7062     7.5974    10.8574    113.938    331.118    339.298   -0.00555    6.66801    9.52925  290.61317     8.4626   15.03064 4.3538e+00     1.8473     0.3451 0.0000e+00
        673 199.731483    0.04670     2.8019    168.113     20.190  50287.642    31.8282     8.4099     20.000     8.3967    24.7246     7.5390    10.7741    112.934    328.570    336.693   -0.00626    6.67561    9.54011  290.93929     8.4079   15.04617 3.7694e+00     1.9992     0.3514 0.0000e+00
        684 199.731514    0.04745     2.8469    170.816     21.199  50305.468    31.8318     8.3545     21.000     8.3313    24.7355     7.5056    10.7263    112.296    327.110    335.202   -0.00533    6.68377    9.55177  291.29196     8.3524   15.06299 3.3714e+00     1.7368     0.3274 0.0000e+00
        694 199.731543    0.04814     2.8882    173.290     22.209  50341.668    31.8427     8.2643     22.000     8.2366    24.7573     7.5131    10.7370    112.189    327.431    335.537   -0.00366    6.69690    9.57054  291.85802     8.2621   15.08999 2.9625e+00     1.4122     0.3097 0.0000e+00
        706 199.731577    0.04897     2.9381    176.284     23.219  50387.250    31.8399     8.0471     23.000     7.9810    24.7864     7.4736    10.6805    111.052    325.699    333.772   -0.00539    6.73000    9.61785  293.29218     8.0449   15.15849 2.6473e+00     1.1008     0.3202 0.0000e+00
        716 199.731605    0.04964     2.9782    178.694     24.228  50527.406    31.8956     7.7870     24.000     7.7530    24.8672     7.3228    10.4651    108.210    319.103    327.038   -0.01170    6.76731    9.67116  294.89471     7.7847   15.23478 2.3770e+00     0.8092     0.2762 0.0000e+00
        725 199.731631    0.05026     3.0156    180.936     25.237  50582.675    31.9144     7.6689     25.000     7.6400    24.8985     7.2370    10.3424    106.667    315.353    323.205   -0.01198    6.78469    9.69601  295.64348     7.6665   15.27045 2.0540e+00     0.6874     0.2640 0.0000e+00
        733 199.731654    0.05081     3.0485    182.908     26.247  50616.835    31.9164     7.5413     26.000     7.5006    24.9178     7.1926    10.2790    105.707    313.415    321.224   -0.01097    6.80436    9.72412  296.49502     7.5389   15.31108 1.8233e+00     0.5978     0.2485 0.0000e+00
        738 199.731668    0.05115     3.0688    184.130     27.257  50668.428    31.9375     7.4551     27.000     7.4324    24.9461     7.1452    10.2112    104.817    311.337    319.104   -0.01152    6.81684    9.74195  297.03038     7.4526   15.33655 1.6476e+00     0.5243     0.2453 0.0000e+00
        743 199.731684    0.05154     3.0920    185.520     28.266  50691.223    31.9447     7.4070     28.000     7.3879    24.9585     7.1340    10.1952    104.542    310.845    318.604   -0.00977    6.82402    9.75220  297.33947     7.4045   15.35127 1.4931e+00     0.4573     0.2412 0.0000e+00
        751 199.731706    0.05205     3.1231    187.387     29.276  50713.390    31.9493     7.3463     29.000     7.3309    24.9703     7.1462    10.2125    104.578    311.371    319.146   -0.00670    6.83332    9.76549  297.74120     7.3436   15.37042 1.3481e+00     0.3774     0.2496 0.0000e+00
        757 199.731723    0.05247     3.1480    188.880     30.285  50724.252    31.9501     7.3096     30.000     7.2947    24.9760     7.1623    10.2356    104.727    312.073    319.868   -0.00465    6.83902    9.77365  297.98828     7.3068   15.38221 1.2224e+00     0.3532     0.2515 0.0000e+00
        763 199.731742    0.05293     3.1757    190.539     31.295  50740.519    31.9551     7.2755     31.000     7.2642    24.9845     7.1834    10.2658    104.957    312.989    320.809   -0.00272    6.84415    9.78097  298.20888     7.2727   15.39272 1.1149e+00     0.3359     0.2613 0.0000e+00
        770 199.731762    0.05339     3.2036    192.214     32.304  50750.464    31.9566     7.2469     32.000     7.2361    24.9895     7.1804    10.2615    104.845    312.857    320.676   -0.00233    6.84858    9.78730  298.40061     7.2440   15.40186 1.0161e+00     0.2936     0.2586 0.0000e+00
        776 199.731780    0.05382     3.2292    193.754     33.314  50751.662    31.9511     7.2136     33.000     7.1921    24.9897     7.1735    10.2516    104.660    312.557    320.368   -0.00234    6.85406    9.79514  298.63942     7.2106   15.41327 9.3550e-01     0.2752     0.2551 0.0000e+00
        781 199.731795    0.05420     3.2518    195.111     34.323  50785.350    31.9662     7.1682     34.000     7.1617    25.0077     7.1617    10.2348    104.390    312.037    319.840   -0.00268    6.86053    9.80439  298.91622     7.1651   15.42642 8.4840e-01     0.2357     0.2659 0.0000e+00
        787 199.731812    0.05459     3.2755    196.528     35.333  50786.933    31.9658     7.1621     35.000     7.1533    25.0082     7.1657    10.2405    104.434    312.213    320.021   -0.00200    6.86152    9.80579  298.95877     7.1589   15.42845 7.5956e-01     0.2401     0.2688 0.0000e+00
        795 199.731835    0.05516     3.3095    198.568     36.343  50793.945    31.9644     7.1291     36.000     7.1166    25.0115     7.1703    10.2470    104.420    312.409    320.223   -0.00141    6.86677    9.81330  299.18697     7.1259   15.43934 6.8446e-01     0.2283     0.2815 0.0000e+00
        801 199.731852    0.05557     3.3339    200.036     37.353  50803.586    31.9659     7.1022     37.000     7.0895    25.0164     7.1499    10.2180    104.060    311.523    319.316   -0.00220    6.87097    9.81929  299.36821     7.0989   15.44798 6.2657e-01     0.2094     0.2817 0.0000e+00
        806 199.731865    0.05587     3.3526    201.158     38.362  50811.653    31.9675     7.0822     38.000     7.0687    25.0203     7.1394    10.2030    103.861    311.065    318.848   -0.00246    6.87405    9.82371  299.50162     7.0788   15.45434 5.7016e-01     0.2160     0.3159 0.0000e+00
        811 199.731881    0.05626     3.3757    202.544     39.372  50825.953    31.9720     7.0536     39.000     7.0424    25.0276     7.1291    10.1882    103.645    310.610    318.384   -0.00259    6.87838    9.82989  299.68810     7.0502   15.46322 5.1905e-01     0.2079     0.2982 0.0000e+00
        821 199.731910    0.05694     3.4163    204.981     40.381  50842.402    31.9783     7.0274     40.000     7.0197    25.0360     7.1095    10.1602    103.303    309.757    317.512   -0.00261    6.88225    9.83542  299.85402     7.0239   15.47111 4.8734e-01     0.2028     0.3156 0.0000e+00
        828 199.731929    0.05740     3.4439    206.636     41.391  50848.331    31.9788     7.0099     41.000     7.0014    25.0388     7.0895    10.1316    102.970    308.883    316.617   -0.00294    6.88500    9.83936  299.97316     7.0063   15.47679 4.6974e-01     0.2034     0.2996 0.0000e+00
        833 199.731944    0.05778     3.4668    208.007     42.401  50857.221    31.9829     7.0005     42.000     6.9954    25.0432     7.0882    10.1297    102.931    308.825    316.558   -0.00243    6.88632    9.84125  300.02951     6.9967   15.47946 4.6373e-01     0.1729     0.2901 0.0000e+00
        847 199.731987    0.05878     3.5270    211.621     43.410  50860.943    31.9827     6.9880     43.000     6.9818    25.0448     7.0946    10.1388    102.994    309.101    316.842   -0.00116    6.88830    9.84407  300.11530     6.9842   15.48356 4.8168e-01     0.1775     0.2931 0.0000e+00
        854 199.732005    0.05923     3.5536    213.218     44.420  50865.167    31.9842     6.9825     44.000     6.9777    25.0467     7.0900    10.1324    102.917    308.903    316.640   -0.00113    6.88910    9.84521  300.14936     6.9786   15.48517 4.2318e-01     0.1735     0.2823 0.0000e+00
        863 199.732032    0.05988     3.5926    215.554     45.429  50866.527    31.9841     6.9795     45.000     6.9747    25.0470     7.0887    10.1304    102.890    308.845    316.581   -0.00088    6.88958    9.84590  300.17028     6.9755   15.48617 3.4488e-01     0.1835     0.2890 0.0000e+00
        879 199.732077    0.06095     3.6574    219.445     46.439  50868.416    31.9846     6.9770     46.000     6.9727    25.0477     7.0806    10.1189    102.767    308.493    316.220   -0.00078    6.88996    9.84644  300.18659     6.9730   15.48695 2.7112e-01     0.1692     0.2960 0.0000e+00
        894 199.732120    0.06199     3.7194    223.162     47.449  50867.966    31.9827     6.9712     47.000     6.9642    25.0471     7.0747    10.1104    102.666    308.235    315.955   -0.00063    6.89096    9.84788  300.23049     6.9671   15.48905 2.4448e-01     0.1825     0.2853 0.0000e+00
        900 199.732137    0.06240     3.7442    224.655     48.458  50872.539    31.9841     6.9636     48.000     6.9573    25.0491     7.0721    10.1069    102.612    308.124    315.842   -0.00071    6.89210    9.84952  300.27986     6.9594   15.49140 2.2236e-01     0.1855     0.3058 0.0000e+00
        912 199.732174    0.06328     3.7969    227.813     49.468  50875.456    31.9851     6.9606     49.000     6.9551    25.0503     7.0702    10.1041    102.578    308.040    315.757   -0.00053    6.89254    9.85014  300.29846     6.9563   15.49228 2.0455e-01     0.1807     0.2988 0.0000e+00
        922 199.732202    0.06395     3.8371    230.224     50.478  50877.114    31.9852     6.9575     50.000     6.9518    25.0509     7.0610    10.0909    102.437    307.637    315.344   -0.00079    6.89303    9.85083  300.31953     6.9531   15.49329 1.8959e-01     0.1826     0.2918 0.0000e+00
        937 199.732246    0.06501     3.9006    234.034     51.487  50879.528    31.9855     6.9523     51.000     6.9461    25.0517     7.0595    10.0887    102.402    307.570    315.275   -0.00044    6.89385    9.85200  300.35490     6.9478   15.49497 1.7909e-01     0.1708     0.2898 0.0000e+00
        946 199.732272    0.06564     3.9382    236.295     52.498  50883.616    31.9870     6.9474     52.000     6.9419    25.0536     7.0571    10.0854    102.358    307.469    315.172   -0.00043    6.89457    9.85303  300.38578     6.9428   15.49644 1.6773e-01     0.1680     0.2963 0.0000e+00
        965 199.732327    0.06696     4.0179    241.071     53.507  50885.075    31.9873     6.9460     53.000     6.9410    25.0540     7.0309    10.0479    101.975    306.326    314.001   -0.00133    6.89476    9.85331  300.39408     6.9414   15.49683 1.5895e-01     0.1932     0.3022 0.0000e+00
