CTD-processing/allCTD/CNV/2013_07-05_t9andtutka_s06_cast208_5028.cnv
* Sea-Bird SBE19plus Data File:
* FileName = C:\Documents and Settings\kbayadmin\My Documents\CTD data\2013-07-05 Kachemak Bay Homer Spit Line and Tutka Bay\2013-07-05 Kachemak Bay Homer Spit Line and Tutka Bay cast208.hex
* Software Version 1.59
* Temperature SN =  5028
* Conductivity SN =  5028
* System UpLoad Time = Jul 06 2013 11:54:19
** Kachemak Bay Homer Spit Line and Tutka Bay
** 2013-07-05
** Station:9.06
** N':59 34.948
** W':-151 23.103
** Start Time:1510
** Depth(ft):328
# nquan = 27
# nvalues = 93                          
# units = specified
# name 0 = scan: Scan Count
# name 1 = timeJ: Julian Days
# name 2 = timeH: Time, Elapsed [hours]
# name 3 = timeM: Time, Elapsed [minutes]
# name 4 = timeS: Time, Elapsed [seconds]
# name 5 = prdM: Pressure, Strain Gauge [db]
# name 6 = specc: Specific Conductance [uS/cm]
# name 7 = sal00: Salinity, Practical [PSU]
# name 8 = tv290C: Temperature [ITS-90, deg C]
# name 9 = depSM: Depth [salt water, m], lat = 59.00
# name 10 = potemp090C: Potential Temperature [ITS-90, deg C]
# name 11 = sigma-é00: Density [sigma-theta, kg/m^3]
# name 12 = sbeox0ML/L: Oxygen, SBE 43 [ml/l]
# name 13 = sbeox0Mg/L: Oxygen, SBE 43 [mg/l]
# name 14 = sbeox0PS: Oxygen, SBE 43 [% saturation]
# name 15 = sbox0Mm/Kg: Oxygen, SBE 43 [umol/kg]
# name 16 = sbeox0Mm/L: Oxygen, SBE 43 [umol/l]
# name 17 = sbox0dV/dT: Oxygen, SBE 43 [dov/dt]
# name 18 = oxsolML/L: Oxygen Saturation, Garcia & Gordon [ml/l]
# name 19 = oxsolMg/L: Oxygen Saturation, Garcia & Gordon [mg/l]
# name 20 = oxsolMm/Kg: Oxygen Saturation, Garcia & Gordon [umol/kg]
# name 21 = potemp090C: Potential Temperature [ITS-90, deg C]
# name 22 = n2satMg/L: Nitrogen Saturation [mg/l]
# name 23 = par: PAR/Irradiance, Biospherical/Licor
# name 24 = flECO-AFL: Fluorescence, WET Labs ECO-AFL/FL [mg/m^3]
# name 25 = turbWETntu0: Turbidity, WET Labs ECO [NTU]
# name 26 = flag: flag
# span 0 =        298,        732       
# span 1 = 186.631486, 186.632740       
# span 2 =    0.02065,    0.05076       
# span 3 =     1.2393,     3.0459       
# span 4 =     74.359,    182.754       
# span 5 =      1.010,     93.899       
# span 6 =  44051.202,  50932.190       
# span 7 =    27.6783,    31.7771       
# span 8 =     5.7222,     9.8994       
# span 9 =      1.000,     93.000       
# span 10 =     5.7138,     9.7777      
# span 11 =    21.2577,    25.0323      
# span 12 =     7.1989,     8.2078      
# span 13 =    10.2879,    11.7298      
# span 14 =    106.108,    122.834      
# span 15 =    314.152,    358.572      
# span 16 =    321.501,    366.560      
# span 17 =   -0.02124,    0.04918      
# span 18 =    6.63268,    7.10497      
# span 19 =    9.47876,   10.15369      
# span 20 =  290.05022,  309.55843      
# span 21 =     5.7149,     9.8993      
# span 22 =   15.02075,   15.93458      
# span 23 = 4.6203e-02, 1.0312e+02      
# span 24 =     0.1452,     3.7874      
# span 25 =     0.4147,     1.5888      
# span 26 = 0.0000e+00, 0.0000e+00      
# interval = meters: 1                  
# start_time = Jul 05 2013 15:08:06 [Instrument's time stamp, header]
# bad_flag = -9.990e-29
*END*
[from data line 54]
        561 186.632244    0.03886     2.3317    139.900     55.526  50662.928    31.7228     6.3552     55.000     6.3468    24.9211     7.8140    11.1671    111.595    340.489    348.975   -0.00234    7.00217   10.00680  305.11308     6.3507   15.72293 6.0731e-02     0.2234     0.7070 0.0000e+00
        565 186.632257    0.03917     2.3497    140.984     56.536  50656.462    31.7158     6.3440     56.000     6.3293    24.9170     7.8198    11.1753    111.643    340.743    349.233   -0.00185    7.00432   10.00987  305.20810     6.3394   15.72749 5.8993e-02     0.2119     0.6407 0.0000e+00
        569 186.632270    0.03947     2.3681    142.085     57.545  50644.284    31.7015     6.3158     57.000     6.2891    24.9092     7.8274    11.1860    111.666    341.072    349.568   -0.00144    7.00961   10.01743  305.44081     6.3111   15.73864 5.7438e-02     0.2048     0.5905 0.0000e+00
        574 186.632282    0.03977     2.3862    143.170     58.556  50632.828    31.6823     6.2597     58.000     6.2194    24.9010     7.8182    11.1731    111.376    340.681    349.163   -0.00209    7.01970   10.03186  305.88303     6.2549   15.75980 5.6071e-02     0.1992     0.6138 0.0000e+00
        578 186.632295    0.04008     2.4046    144.274     59.565  50668.088    31.6926     6.1885     59.000     6.1629    24.9178     7.7933    11.1373    110.843    339.585    348.047   -0.00336    7.03093   10.04790  306.36712     6.1836   15.78282 5.4939e-02     0.1834     0.6274 0.0000e+00
        583 186.632308    0.04039     2.4233    145.396     60.575  50694.738    31.7033     6.1505     60.000     6.1347    24.9309     7.7778    11.1153    110.533    338.910    347.359   -0.00379    7.03669   10.05614  306.61444     6.1456   15.79457 5.3962e-02     0.1671     0.6559 0.0000e+00
        587 186.632321    0.04070     2.4422    146.534     61.584  50706.227    31.7064     6.1276     61.000     6.1156    24.9361     7.7775    11.1148    110.471    338.891    347.342   -0.00330    7.04032   10.06132  306.77088     6.1226   15.80201 5.3061e-02     0.1589     0.6628 0.0000e+00
        592 186.632334    0.04102     2.4611    147.668     62.595  50716.771    31.7108     6.1151     62.000     6.1078    24.9411     7.7778    11.1152    110.446    338.902    347.355   -0.00283    7.04217   10.06397  306.85030     6.1101   15.80578 5.2263e-02     0.1911     0.7358 0.0000e+00
        596 186.632347    0.04133     2.4797    148.780     63.604  50719.287    31.7112     6.1112     63.000     6.1046    24.9420     7.7745    11.1105    110.389    338.759    347.208   -0.00248    7.04280   10.06486  306.87715     6.1061   15.80705 5.1562e-02     0.2072     0.7856 0.0000e+00
        601 186.632360    0.04166     2.4991    149.949     64.614  50720.153    31.7106     6.1076     64.000     6.1008    24.9419     7.7762    11.1130    110.404    338.835    347.286   -0.00204    7.04342   10.06576  306.90455     6.1023   15.80836 5.0890e-02     0.2191     0.7648 0.0000e+00
        606 186.632375    0.04200     2.5201    151.207     65.624  50722.831    31.7115     6.1045     65.000     6.0986    24.9429     7.7831    11.1228    110.494    339.133    347.592   -0.00141    7.04389   10.06643  306.92473     6.0992   15.80932 5.0361e-02     0.1898     0.6972 0.0000e+00
        611 186.632391    0.04239     2.5433    152.598     66.634  50723.336    31.7110     6.1027     66.000     6.0965    24.9428     7.7797    11.1180    110.441    338.987    347.443   -0.00125    7.04422   10.06689  306.93870     6.0974   15.80999 4.9986e-02     0.1823     0.6804 0.0000e+00
        617 186.632406    0.04275     2.5646    153.879     67.643  50723.993    31.7105     6.1003     67.000     6.0937    24.9427     7.7772    11.1143    110.399    338.875    347.328   -0.00117    7.04463   10.06747  306.95666     6.0949   15.81085 4.9607e-02     0.1842     0.7039 0.0000e+00
        621 186.632419    0.04305     2.5832    154.993     68.653  50724.971    31.7102     6.0979     68.000     6.0910    24.9427     7.7761    11.1129    110.377    338.831    347.282   -0.00105    7.04506   10.06809  306.97548     6.0923   15.81175 4.9243e-02     0.1768     0.6952 0.0000e+00
        625 186.632431    0.04333     2.6001    156.007     69.663  50725.547    31.7096     6.0950     69.000     6.0875    24.9426     7.7705    11.1048    110.289    338.585    347.031   -0.00118    7.04555   10.06879  306.99693     6.0894   15.81277 4.8949e-02     0.1768     0.7093 0.0000e+00
        629 186.632442    0.04361     2.6167    157.002     70.673  50724.178    31.7072     6.0902     70.000     6.0799    24.9413     7.7706    11.1050    110.277    338.590    347.035   -0.00109    7.04646   10.07009  307.03688     6.0845   15.81469 4.8792e-02     0.1578     0.7037 0.0000e+00
        633 186.632454    0.04390     2.6338    158.028     71.683  50723.270    31.7038     6.0784     71.000     6.0646    24.9401     7.7708    11.1052    110.246    338.598    347.043   -0.00102    7.04857   10.07311  307.12938     6.0726   15.81911 4.8588e-02     0.1662     0.7104 0.0000e+00
        637 186.632466    0.04420     2.6519    159.117     72.692  50726.588    31.7020     6.0600     72.000     6.0432    24.9409     7.7631    11.0943    110.089    338.265    346.702   -0.00134    7.05169   10.07758  307.26511     6.0542   15.82558 4.8397e-02     0.1846     0.7317 0.0000e+00
        642 186.632481    0.04452     2.6717    160.304     73.702  50735.608    31.7023     6.0317     73.000     6.0143    24.9445     7.7488    11.0739    109.814    337.642    346.064   -0.00194    7.05637   10.08426  307.46782     6.0258   15.83524 4.8206e-02     0.1768     0.7579 0.0000e+00
        647 186.632495    0.04488     2.6929    161.575     74.712  50751.445    31.7077     6.0062     74.000     5.9922    24.9519     7.7376    11.0579    109.593    337.150    345.562   -0.00226    7.06034   10.08993  307.63863     6.0003   15.84336 4.8015e-02     0.1566     0.7683 0.0000e+00
        652 186.632509    0.04522     2.7134    162.802     75.722  50753.578    31.7039     5.9822     75.000     5.9618    24.9519     7.7334    11.0519    109.469    336.967    345.375   -0.00222    7.06451   10.09588  307.82017     5.9762   15.85202 4.7742e-02     0.1666     0.7911 0.0000e+00
        657 186.632523    0.04556     2.7334    164.004     76.732  50769.288    31.7076     5.9479     76.000     5.9294    24.9588     7.7239    11.0383    109.249    336.551    344.951   -0.00246    7.07004   10.10379  308.05891     5.9418   15.86338 4.7488e-02     0.1667     0.7962 0.0000e+00
        662 186.632537    0.04589     2.7535    165.213     77.742  50783.633    31.7116     5.9205     77.000     5.9045    24.9652     7.7077    11.0151    108.952    335.841    344.225   -0.00291    7.07439   10.11001  308.24673     5.9144   15.87231 4.7249e-02     0.1565     0.8081 0.0000e+00
        667 186.632551    0.04622     2.7731    166.385     78.751  50790.657    31.7111     5.8962     78.000     5.8778    24.9677     7.7004    11.0045    108.786    335.521    343.898   -0.00290    7.07846   10.11583  308.42327     5.8900   15.88073 4.7087e-02     0.1452     0.8244 0.0000e+00
        671 186.632564    0.04653     2.7918    167.506     79.761  50806.438    31.7165     5.8708     79.000     5.8553    24.9750     7.6943    10.9959    108.638    335.253    343.626   -0.00284    7.08245   10.12153  308.59503     5.8645   15.88889 4.7016e-02     0.1559     0.8486 0.0000e+00
        675 186.632576    0.04683     2.8100    168.597     80.771  50820.973    31.7223     5.8520     80.000     5.8401    24.9818     7.6839    10.9811    108.448    334.799    343.163   -0.00294    7.08531   10.12561  308.71759     5.8457   15.89471 4.6935e-02     0.1524     0.8429 0.0000e+00
        680 186.632590    0.04715     2.8290    169.738     81.781  50832.239    31.7277     5.8427     81.000     5.8347    24.9872     7.6816    10.9778    108.396    334.697    343.061   -0.00264    7.08661   10.12748  308.77288     5.8363   15.89732 4.6853e-02     0.1646     0.8258 0.0000e+00
        684 186.632602    0.04746     2.8475    170.849     82.791  50839.607    31.7318     5.8400     82.000     5.8331    24.9908     7.6934    10.9946    108.558    335.209    343.587   -0.00170    7.08687   10.12785  308.78296     5.8335   15.89778 4.6788e-02     0.1643     0.7797 0.0000e+00
        688 186.632614    0.04774     2.8643    171.856     83.800  50847.318    31.7365     5.8391     83.000     5.8306    24.9946     7.7009    11.0053    108.665    335.534    343.920   -0.00116    7.08680   10.12775  308.77876     5.8325   15.89757 4.6731e-02     0.1518     0.7723 0.0000e+00
        692 186.632625    0.04801     2.8805    172.829     84.810  50853.381    31.7388     5.8322     84.000     5.8176    24.9972     7.7100    11.0183    108.778    335.931    344.328   -0.00066    7.08784   10.12923  308.82311     5.8256   15.89966 4.6691e-02     0.1651     0.8022 0.0000e+00
        696 186.632637    0.04829     2.8976    173.858     85.819  50865.894    31.7435     5.8148     85.000     5.7991    25.0030     7.7031    11.0085    108.640    335.630    344.022   -0.00094    7.09054   10.13309  308.93898     5.8081   15.90517 4.6656e-02     0.1697     0.8603 0.0000e+00
        701 186.632650    0.04859     2.9154    174.925     86.829  50877.431    31.7471     5.7954     86.000     5.7784    25.0081     7.6807    10.9766    108.278    334.653    343.023   -0.00192    7.09360   10.13746  309.07091     5.7886   15.91144 4.6612e-02     0.1757     0.7919 0.0000e+00
        705 186.632662    0.04889     2.9334    176.006     87.840  50893.977    31.7538     5.7742     87.000     5.7584    25.0158     7.6643    10.9532    107.997    333.938    342.291   -0.00245    7.09684   10.14209  309.20964     5.7674   15.91802 4.6567e-02     0.1723     0.8403 0.0000e+00
        709 186.632675    0.04920     2.9518    177.111     88.850  50903.866    31.7558     5.7531     88.000     5.7358    25.0200     7.6478    10.9294    107.711    333.212    341.549   -0.00290    7.10028   10.14700  309.35818     5.7462   15.92509 4.6512e-02     0.1635     0.9221 0.0000e+00
        714 186.632688    0.04950     2.9703    178.215     89.859  50922.415    31.7646     5.7358     89.000     5.7262    25.0290     7.6266    10.8991    107.374    332.286    340.603   -0.00340    7.10277   10.15057  309.46426     5.7287   15.93011 4.6447e-02     0.1817     0.9923 0.0000e+00
        718 186.632700    0.04981     2.9884    179.307     90.870  50927.753    31.7671     5.7325     90.000     5.7254    25.0314     7.6130    10.8796    107.176    331.691    339.994   -0.00346    7.10320   10.15118  309.48211     5.7254   15.93094 4.6382e-02     0.1884     1.1108 0.0000e+00
        723 186.632713    0.05011     3.0065    180.388     91.879  50927.283    31.7663     5.7323     91.000     5.7241    25.0308     7.6160    10.8839    107.217    331.822    340.128   -0.00277    7.10327   10.15129  309.48540     5.7251   15.93111 4.6307e-02     0.1719     1.0782 0.0000e+00
        727 186.632725    0.05041     3.0244    181.465     92.889  50927.318    31.7651     5.7287     92.000     5.7189    25.0303     7.6183    10.8873    107.240    331.923    340.231   -0.00225    7.10393   10.15222  309.51416     5.7215   15.93248 4.6219e-02     0.1642     1.0479 0.0000e+00
        732 186.632740    0.05076     3.0459    182.754     93.899  50932.190    31.7667     5.7222     93.000     5.7138    25.0323     7.6185    10.8877    107.229    331.934    340.243   -0.00190    7.10497   10.15369  309.55843     5.7149   15.93458 4.6203e-02     0.1532     1.0878 0.0000e+00
