CTD-processing/allCTD/CNV/2013_04-20_t7_s08_cast089_5028.cnv
* Sea-Bird SBE19plus Data File:
* FileName = C:\Documents and Settings\kris.holderied.local\My Documents\2012-2013-CTD-DATA-new-files\2013-04-EVOSTC-CookInlet-Ocean\2013-04-CookInlet-Tran7-Augustine\2013-04-20-CookInlet-Trans7-Cast089.hex
* Software Version 1.54
* Temperature SN =  5028
* Conductivity SN =  5028
* System UpLoad Time = Apr 20 2013 14:54:07
** Cook Inlet LTM Tran7 Augustine to Flat Island
** Date:  2013-04-20
** Station:  7-08
** Start time (AKDT-24 hr):  0844
** Depth (m): 74
** Comment: Not as clean as previous stations. aproching high slack.
** Comment:
# nquan = 27
# nvalues = 74                          
# units = specified
# name 0 = scan: Scan Count
# name 1 = timeJ: Julian Days
# name 2 = timeH: Time, Elapsed [hours]
# name 3 = timeM: Time, Elapsed [minutes]
# name 4 = timeS: Time, Elapsed [seconds]
# name 5 = prdM: Pressure, Strain Gauge [db]
# name 6 = specc: Specific Conductance [uS/cm]
# name 7 = sal00: Salinity, Practical [PSU]
# name 8 = tv290C: Temperature [ITS-90, deg C]
# name 9 = depSM: Depth [salt water, m], lat = 59.00
# name 10 = potemp090C: Potential Temperature [ITS-90, deg C]
# name 11 = sigma-é00: Density [sigma-theta, kg/m^3]
# name 12 = sbeox0ML/L: Oxygen, SBE 43 [ml/l]
# name 13 = sbeox0Mg/L: Oxygen, SBE 43 [mg/l]
# name 14 = sbeox0PS: Oxygen, SBE 43 [% saturation]
# name 15 = sbox0Mm/Kg: Oxygen, SBE 43 [umol/kg]
# name 16 = sbeox0Mm/L: Oxygen, SBE 43 [umol/l]
# name 17 = sbox0dV/dT: Oxygen, SBE 43 [dov/dt]
# name 18 = oxsolML/L: Oxygen Saturation, Garcia & Gordon [ml/l]
# name 19 = oxsolMg/L: Oxygen Saturation, Garcia & Gordon [mg/l]
# name 20 = oxsolMm/Kg: Oxygen Saturation, Garcia & Gordon [umol/kg]
# name 21 = potemp090C: Potential Temperature [ITS-90, deg C]
# name 22 = n2satMg/L: Nitrogen Saturation [mg/l]
# name 23 = par: PAR/Irradiance, Biospherical/Licor
# name 24 = flECO-AFL: Fluorescence, WET Labs ECO-AFL/FL [mg/m^3]
# name 25 = turbWETntu0: Turbidity, WET Labs ECO [NTU]
# name 26 = flag: flag
# span 0 =        171,        609       
# span 1 = 110.366244, 110.367511       
# span 2 =    0.01180,    0.04220       
# span 3 =     0.7081,     2.5322       
# span 4 =     42.486,    151.934       
# span 5 =      1.009,     74.712       
# span 6 =  48550.526,  52108.687       
# span 7 =    29.5629,    31.9968       
# span 8 =     2.2928,     3.2362       
# span 9 =      1.000,     74.000       
# span 10 =     2.3098,     3.2335      
# span 11 =    23.5977,    25.4717      
# span 12 =     7.2440,     8.1787      
# span 13 =    10.3524,    11.6882      
# span 14 =     92.319,    108.475      
# span 15 =    316.139,    356.199      
# span 16 =    323.517,    365.263      
# span 17 =   -0.00068,    0.01558      
# span 18 =    7.53457,    7.85223      
# span 19 =   10.76765,   11.22162      
# span 20 =  328.14411,  342.71048      
# span 21 =     2.2927,     3.2333      
# span 22 =   16.81806,   17.51912      
# span 23 = 3.7912e-02, 1.6111e+02      
# span 24 =     0.4137,     1.2427      
# span 25 =     0.6851,     1.8812      
# span 26 = 0.0000e+00, 0.0000e+00      
# interval = meters: 1                  
# start_time = Apr 20 2013 08:46:41 [Instrument's time stamp, header]
# bad_flag = -9.990e-29
*END*
[from data line 54]
        532 110.367288    0.03686     2.2117    132.703     55.527  52047.202    31.9636     3.1970     55.000     3.1871    25.4453     8.1541    11.6529    108.114    355.124    364.161   -0.00064    7.54207   10.77837  328.47080     3.1938   16.83360 4.1439e-02     1.1732     0.7157 0.0000e+00
        535 110.367298    0.03711     2.2266    133.598     56.537  52051.806    31.9628     3.1841     56.000     3.1727    25.4458     8.1557    11.6553    108.101    355.193    364.231   -0.00064    7.54450   10.78184  328.57647     3.1809   16.83863 3.9450e-02     1.1864     0.7283 0.0000e+00
        539 110.367309    0.03736     2.2418    134.510     57.546  52062.620    31.9657     3.1695     57.000     3.1603    25.4494     8.1577    11.6581    108.091    355.280    364.322   -0.00062    7.54708   10.78553  328.68761     3.1662   16.84390 3.8228e-02     1.1887     0.7246 0.0000e+00
        543 110.367320    0.03763     2.2575    135.448     58.556  52075.483    31.9715     3.1603     58.000     3.1551    25.4548     8.1564    11.6564    108.053    355.224    364.266   -0.00068    7.54851   10.78757  328.74802     3.1570   16.84675 3.7948e-02     1.1804     0.7381 0.0000e+00
        547 110.367332    0.03791     2.2745    136.469     59.565  52083.532    31.9758     3.1580     59.000     3.1548    25.4584     8.1602    11.6616    108.100    355.385    364.432   -0.00051    7.54872   10.78787  328.75613     3.1546   16.84712 3.7920e-02     1.1793     0.7364 0.0000e+00
        551 110.367345    0.03822     2.2933    137.596     60.575  52091.165    31.9810     3.1599     60.000     3.1590    25.4624     8.1696    11.6751    108.233    355.793    364.852   -0.00011    7.54811   10.78700  328.72818     3.1564   16.84577 3.7913e-02     1.2060     0.7274 0.0000e+00
        556 110.367357    0.03853     2.3118    138.705     61.585  52093.019    31.9833     3.1660     61.000     3.1651    25.4637     8.1757    11.6840    108.334    356.063    365.129    0.00017    7.54684   10.78519  328.67252     3.1625   16.84312 3.7912e-02     1.1999     0.7322 0.0000e+00
        560 110.367369    0.03881     2.3284    139.702     62.594  52090.871    31.9824     3.1704     62.000     3.1674    25.4627     8.1726    11.6795    108.303    355.926    364.988    0.00003    7.54608   10.78410  328.63977     3.1667   16.84156 3.7912e-02     1.1886     0.7182 0.0000e+00
        564 110.367380    0.03908     2.3446    140.676     63.605  52090.769    31.9820     3.1708     63.000     3.1664    25.4623     8.1704    11.6763    108.274    355.829    364.889   -0.00009    7.54602   10.78401  328.63726     3.1671   16.84144 3.7912e-02     1.1810     0.7237 0.0000e+00
        568 110.367392    0.03936     2.3614    141.683     64.614  52093.427    31.9829     3.1694     64.000     3.1650    25.4631     8.1687    11.6740    108.249    355.758    364.816   -0.00019    7.54623   10.78431  328.64615     3.1657   16.84186 3.7912e-02     1.1780     0.7616 0.0000e+00
        572 110.367404    0.03964     2.3788    142.730     65.624  52095.615    31.9835     3.1681     65.000     3.1639    25.4637     8.1664    11.6707    108.216    355.657    364.714   -0.00027    7.54644   10.78462  328.65525     3.1644   16.84229 3.7912e-02     1.1801     0.7269 0.0000e+00
        576 110.367416    0.03994     2.3964    143.782     66.634  52097.629    31.9842     3.1675     66.000     3.1636    25.4643     8.1584    11.6592    108.109    355.308    364.356   -0.00056    7.54652   10.78474  328.65861     3.1636   16.84245 3.7912e-02     1.1980     0.7337 0.0000e+00
        580 110.367428    0.04022     2.4130    144.777     67.643  52100.875    31.9860     3.1678     67.000     3.1653    25.4657     8.1572    11.6575    108.095    355.255    364.301   -0.00058    7.54637   10.78451  328.65140     3.1639   16.84210 3.7912e-02     1.1993     0.7791 0.0000e+00
        584 110.367438    0.04047     2.4281    145.687     68.653  52106.051    31.9899     3.1714     68.000     3.1708    25.4685     8.1630    11.6658    108.184    355.505    364.558   -0.00029    7.54549   10.78326  328.61225     3.1675   16.84022 3.7912e-02     1.1843     0.7371 0.0000e+00
        587 110.367449    0.04072     2.4432    146.591     69.663  52105.673    31.9907     3.1774     69.000     3.1762    25.4687     8.1669    11.6713    108.251    355.674    364.732   -0.00010    7.54434   10.78162  328.56230     3.1734   16.83784 3.7912e-02     1.1750     0.7174 0.0000e+00
        591 110.367460    0.04099     2.4593    147.557     70.673  52106.684    31.9924     3.1831     70.000     3.1824    25.4695     8.1672    11.6718    108.273    355.689    364.748   -0.00005    7.54319   10.77997  328.51178     3.1790   16.83543 3.7912e-02     1.1791     0.6851 0.0000e+00
        595 110.367472    0.04127     2.4763    148.576     71.683  52106.311    31.9934     3.1901     71.000     3.1895    25.4697     8.1651    11.6686    108.264    355.594    364.652   -0.00010    7.54182   10.77802  328.45238     3.1859   16.83261 3.7912e-02     1.1937     0.6919 0.0000e+00
        600 110.367484    0.04157     2.4941    149.644     72.692  52108.687    31.9968     3.1987     72.000     3.1996    25.4717     8.1609    11.6627    108.234    355.411    364.465   -0.00019    7.54006   10.77550  328.37474     3.1945   16.82891 3.7912e-02     1.2145     0.7132 0.0000e+00
        604 110.367497    0.04187     2.5124    150.741     73.703  52104.175    31.9958     3.2086     73.000     3.2068    25.4701     8.1589    11.6598    108.234    355.326    364.376   -0.00021    7.53824   10.77291  328.29637     3.2044   16.82519 3.7912e-02     1.2306     0.7614 0.0000e+00
        609 110.367511    0.04220     2.5322    151.934     74.712  52100.165    31.9937     3.2130     74.000     3.2085    25.4680     8.1657    11.6696    108.335    355.625    364.682    0.00010    7.53753   10.77188  328.26561     3.2087   16.82373 3.7912e-02     1.2427     0.8190 0.0000e+00
