CTD-processing/allCTD/CNV/2013_06-06_t9_s06_cast156_5028.cnv
* Sea-Bird SBE19plus Data File:
* FileName = C:\Documents and Settings\kbayadmin\My Documents\CTD data\2013-06-06 Kachemak Bay all bay inner bay\2013-06-06 Kachemak Bay All Bay Inner Bay cast156.hex
* Software Version 1.59
* Temperature SN =  5028
* Conductivity SN =  5028
* System UpLoad Time = Jun 18 2013 15:43:03
** Kachemak Bay All Bay Inner Bay
** 2013-06-06
** Station: 9.06
** N': 59 34.953
** W': 151 23.077
** Start Time: 1053
** Depth(ft): 325
# nquan = 27
# nvalues = 96                          
# units = specified
# name 0 = scan: Scan Count
# name 1 = timeJ: Julian Days
# name 2 = timeH: Time, Elapsed [hours]
# name 3 = timeM: Time, Elapsed [minutes]
# name 4 = timeS: Time, Elapsed [seconds]
# name 5 = prdM: Pressure, Strain Gauge [db]
# name 6 = specc: Specific Conductance [uS/cm]
# name 7 = sal00: Salinity, Practical [PSU]
# name 8 = tv290C: Temperature [ITS-90, deg C]
# name 9 = depSM: Depth [salt water, m], lat = 59.00
# name 10 = potemp090C: Potential Temperature [ITS-90, deg C]
# name 11 = sigma-é00: Density [sigma-theta, kg/m^3]
# name 12 = sbeox0ML/L: Oxygen, SBE 43 [ml/l]
# name 13 = sbeox0Mg/L: Oxygen, SBE 43 [mg/l]
# name 14 = sbeox0PS: Oxygen, SBE 43 [% saturation]
# name 15 = sbox0Mm/Kg: Oxygen, SBE 43 [umol/kg]
# name 16 = sbeox0Mm/L: Oxygen, SBE 43 [umol/l]
# name 17 = sbox0dV/dT: Oxygen, SBE 43 [dov/dt]
# name 18 = oxsolML/L: Oxygen Saturation, Garcia & Gordon [ml/l]
# name 19 = oxsolMg/L: Oxygen Saturation, Garcia & Gordon [mg/l]
# name 20 = oxsolMm/Kg: Oxygen Saturation, Garcia & Gordon [umol/kg]
# name 21 = potemp090C: Potential Temperature [ITS-90, deg C]
# name 22 = n2satMg/L: Nitrogen Saturation [mg/l]
# name 23 = par: PAR/Irradiance, Biospherical/Licor
# name 24 = flECO-AFL: Fluorescence, WET Labs ECO-AFL/FL [mg/m^3]
# name 25 = turbWETntu0: Turbidity, WET Labs ECO [NTU]
# name 26 = flag: flag
# span 0 =        363,        747       
# span 1 = 157.454485, 157.455595       
# span 2 =    0.02514,    0.05180       
# span 3 =     1.5085,     3.1075       
# span 4 =     90.511,    186.448       
# span 5 =      1.009,     96.929       
# span 6 =  46843.244,  51314.623       
# span 7 =    29.4997,    31.8273       
# span 8 =     4.7795,     8.9143       
# span 9 =      1.000,     96.000       
# span 10 =     4.7726,     8.9165      
# span 11 =    22.8273,    25.1850      
# span 12 =     8.0574,     8.6338      
# span 13 =    11.5149,    12.3386      
# span 14 =    112.113,    126.447      
# span 15 =    351.434,    376.213      
# span 16 =    359.846,    385.585      
# span 17 =   -0.02514,    0.00590      
# span 18 =    6.69833,    7.26335      
# span 19 =    9.57259,   10.38006      
# span 20 =  292.45829,  316.41254      
# span 21 =     4.7726,     8.9141      
# span 22 =   15.12802,   16.26069      
# span 23 = 4.4984e-02, 9.1348e+02      
# span 24 =     0.4030,     4.2686      
# span 25 =     0.5731,     2.3264      
# span 26 = 0.0000e+00, 0.0000e+00      
# interval = meters: 1                  
# start_time = Jun 06 2013 10:52:57 [Instrument's time stamp, header]
# bad_flag = -9.990e-29
*END*
[from data line 54]
        592 157.455147    0.04102     2.4612    147.672     55.526  51110.075    31.7615     5.0256     55.000     5.0163    25.1063     8.2458    11.7840    114.147    359.236    368.255   -0.00340    7.22382   10.32355  314.71429     5.0215   16.18012 4.6193e-02     0.6423     0.7775 0.0000e+00
        595 157.455156    0.04126     2.4754    148.526     56.536  51109.550    31.7585     5.0158     56.000     5.0051    25.1050     8.2448    11.7827    114.105    359.196    368.215   -0.00308    7.22564   10.32617  314.79436     5.0117   16.18394 4.6021e-02     0.6268     0.7754 0.0000e+00
        599 157.455167    0.04150     2.4896    149.377     57.546  51114.946    31.7594     5.0051     57.000     4.9958    25.1068     8.2374    11.7721    113.974    358.871    367.882   -0.00307    7.22744   10.32873  314.87205     5.0010   16.18764 4.5822e-02     0.6167     0.7844 0.0000e+00
        602 157.455176    0.04173     2.5038    150.230     58.556  51120.740    31.7611     4.9968     58.000     4.9892    25.1090     8.2339    11.7671    113.904    358.719    367.726   -0.00293    7.22880   10.33067  314.93048     4.9927   16.19042 4.5627e-02     0.6132     0.7916 0.0000e+00
        605 157.455186    0.04197     2.5182    151.093     59.565  51125.615    31.7628     4.9916     59.000     4.9855    25.1110     8.2351    11.7688    113.908    358.769    367.778   -0.00255    7.22961   10.33183  314.96531     4.9874   16.19207 4.5505e-02     0.5945     0.7660 0.0000e+00
        609 157.455196    0.04221     2.5326    151.956     60.575  51127.907    31.7633     4.9887     60.000     4.9827    25.1117     8.2348    11.7684    113.896    358.757    367.766   -0.00226    7.23010   10.33253  314.98631     4.9844   16.19306 4.5412e-02     0.5796     0.7723 0.0000e+00
        612 157.455206    0.04245     2.5468    152.806     61.585  51129.723    31.7634     4.9860     61.000     4.9801    25.1121     8.2324    11.7648    113.855    358.650    367.657   -0.00210    7.23055   10.33318  315.00611     4.9815   16.19401 4.5346e-02     0.5794     0.8052 0.0000e+00
        616 157.455216    0.04268     2.5607    153.643     62.594  51130.652    31.7630     4.9834     62.000     4.9771    25.1121     8.2327    11.7653    113.852    358.663    367.670   -0.00189    7.23103   10.33386  315.02662     4.9789   16.19498 4.5279e-02     0.5837     0.8179 0.0000e+00
        619 157.455226    0.04292     2.5748    154.488     63.605  51132.676    31.7633     4.9806     63.000     4.9745    25.1126     8.2345    11.7678    113.869    358.741    367.750   -0.00161    7.23151   10.33456  315.04774     4.9760   16.19599 4.5219e-02     0.5778     0.7851 0.0000e+00
        622 157.455235    0.04315     2.5889    155.337     64.614  51133.900    31.7631     4.9780     64.000     4.9717    25.1127     8.2331    11.7660    113.844    358.685    367.692   -0.00150    7.23196   10.33520  315.06753     4.9733   16.19693 4.5177e-02     0.5731     0.7678 0.0000e+00
        626 157.455245    0.04338     2.6031    156.189     65.623  51135.767    31.7633     4.9754     65.000     4.9693    25.1132     8.2300    11.7616    113.794    358.549    367.553   -0.00149    7.23239   10.33581  315.08574     4.9707   16.19780 4.5123e-02     0.5653     0.7681 0.0000e+00
        629 157.455255    0.04362     2.6173    157.036     66.633  51137.097    31.7632     4.9732     66.000     4.9668    25.1133     8.2307    11.7626    113.798    358.581    367.586   -0.00133    7.23279   10.33638  315.10300     4.9684   16.19862 4.5078e-02     0.5602     0.7974 0.0000e+00
        633 157.455265    0.04386     2.6313    157.880     67.644  51139.018    31.7635     4.9707     67.000     4.9645    25.1139     8.2270    11.7573    113.740    358.418    367.419   -0.00132    7.23321   10.33698  315.12123     4.9658   16.19949 4.5025e-02     0.5573     0.8111 0.0000e+00
        636 157.455275    0.04409     2.6454    158.724     68.653  51140.435    31.7635     4.9686     68.000     4.9620    25.1141     8.2209    11.7485    113.649    358.150    367.145   -0.00148    7.23356   10.33748  315.13630     4.9637   16.20021 4.4999e-02     0.5506     0.8098 0.0000e+00
        639 157.455284    0.04433     2.6597    159.581     69.663  51141.519    31.7630     4.9652     69.000     4.9575    25.1141     8.2248    11.7541    113.694    358.321    367.320   -0.00120    7.23417   10.33836  315.16319     4.9602   16.20148 4.4993e-02     0.5377     0.8421 0.0000e+00
        643 157.455294    0.04457     2.6742    160.453     70.672  51145.651    31.7644     4.9606     70.000     4.9536    25.1157     8.2254    11.7549    113.691    358.346    367.346   -0.00105    7.23490   10.33939  315.19434     4.9556   16.20296 4.5001e-02     0.5307     0.8762 0.0000e+00
        646 157.455305    0.04482     2.6890    161.343     71.682  51147.906    31.7646     4.9569     71.000     4.9484    25.1162     8.2192    11.7461    113.595    358.077    367.071   -0.00123    7.23554   10.34032  315.22235     4.9517   16.20430 4.5017e-02     0.5491     0.8132 0.0000e+00
        650 157.455315    0.04508     2.7046    162.275     72.692  51152.397    31.7658     4.9502     72.000     4.9413    25.1179     8.2160    11.7415    113.533    357.937    366.928   -0.00128    7.23664   10.34189  315.26973     4.9450   16.20655 4.4990e-02     0.5348     0.8615 0.0000e+00
        654 157.455327    0.04535     2.7211    163.264     73.702  51157.945    31.7675     4.9430     73.000     4.9342    25.1200     8.2149    11.7398    113.499    357.885    366.875   -0.00122    7.23781   10.34355  315.31948     4.9378   16.20890 4.4984e-02     0.5264     0.8900 0.0000e+00
        658 157.455339    0.04563     2.7380    164.283     74.712  51161.407    31.7676     4.9353     74.000     4.9243    25.1210     8.2148    11.7398    113.478    357.883    366.874   -0.00112    7.23914   10.34544  315.37712     4.9300   16.21165 4.4988e-02     0.5258     0.8463 0.0000e+00
        662 157.455350    0.04591     2.7548    165.287     75.722  51166.803    31.7679     4.9218     75.000     4.9068    25.1227     8.2111    11.7345    113.390    357.721    366.708   -0.00123    7.24147   10.34877  315.47817     4.9164   16.21646 4.5000e-02     0.5103     0.8503 0.0000e+00
        666 157.455362    0.04619     2.7714    166.281     76.731  51179.026    31.7713     4.9010     76.000     4.8835    25.1275     8.2015    11.7207    113.203    357.299    366.277   -0.00161    7.24491   10.35370  315.62673     4.8956   16.22352 4.5058e-02     0.4804     0.8500 0.0000e+00
        670 157.455373    0.04647     2.7879    167.272     77.741  51198.136    31.7787     4.8778     77.000     4.8628    25.1359     8.1870    11.7001    112.947    356.669    365.634   -0.00215    7.24858   10.35895  315.78412     4.8723   16.23098 4.5112e-02     0.4608     0.8099 0.0000e+00
        674 157.455385    0.04674     2.8045    168.268     78.751  51214.885    31.7861     4.8616     78.000     4.8515    25.1436     8.1809    11.6913    112.824    356.398    365.359   -0.00224    7.25104   10.36246  315.88893     4.8560   16.23594 4.5161e-02     0.4523     0.7996 0.0000e+00
        678 157.455397    0.04702     2.8211    169.267     79.761  51222.330    31.7891     4.8539     79.000     4.8449    25.1467     8.1804    11.6906    112.798    356.376    365.337   -0.00199    7.25224   10.36418  315.94020     4.8482   16.23837 4.5148e-02     0.4462     0.8150 0.0000e+00
        682 157.455408    0.04729     2.8377    170.260     80.771  51226.388    31.7897     4.8464     80.000     4.8355    25.1480     8.1795    11.6893    112.766    356.334    365.295   -0.00183    7.25352   10.36601  315.99567     4.8407   16.24100 4.5154e-02     0.4304     0.8188 0.0000e+00
        686 157.455420    0.04757     2.8543    171.258     81.780  51235.564    31.7933     4.8365     81.000     4.8273    25.1519     8.1785    11.6880    112.729    356.292    365.254   -0.00167    7.25505   10.36819  316.06102     4.8308   16.24410 4.5140e-02     0.4166     0.8474 0.0000e+00
        690 157.455431    0.04784     2.8704    172.222     82.790  51242.802    31.7965     4.8307     82.000     4.8232    25.1550     8.1709    11.6771    112.611    355.961    364.915   -0.00180    7.25592   10.36943  316.09805     4.8248   16.24585 4.5147e-02     0.4219     0.8760 0.0000e+00
        694 157.455442    0.04810     2.8860    173.158     83.800  51246.121    31.7976     4.8280     83.000     4.8206    25.1563     8.1668    11.6712    112.548    355.782    364.731   -0.00177    7.25633   10.37003  316.11554     4.8221   16.24668 4.5153e-02     0.4389     0.9013 0.0000e+00
        697 157.455452    0.04836     2.9018    174.108     84.811  51248.561    31.7980     4.8244     84.000     4.8150    25.1570     8.1698    11.6755    112.579    355.910    364.864   -0.00146    7.25694   10.37089  316.14173     4.8184   16.24792 4.5090e-02     0.4330     0.9274 0.0000e+00
        701 157.455464    0.04862     2.9175    175.047     85.820  51254.219    31.8000     4.8178     85.000     4.8081    25.1592     8.1708    11.6769    112.577    355.953    364.908   -0.00127    7.25799   10.37240  316.18701     4.8117   16.25007 4.5095e-02     0.4175     0.9209 0.0000e+00
        705 157.455475    0.04889     2.9332    175.991     86.830  51260.722    31.8023     4.8109     86.000     4.7998    25.1618     8.1637    11.6667    112.462    355.644    364.592   -0.00145    7.25909   10.37395  316.23366     4.8048   16.25229 4.5124e-02     0.4087     0.9189 0.0000e+00
        709 157.455485    0.04915     2.9489    176.934     87.840  51274.414    31.8090     4.8010     87.000     4.7899    25.1682     8.1584    11.6592    112.367    355.412    364.356   -0.00156    7.26048   10.37595  316.29259     4.7948   16.25506 4.5480e-02     0.4030     0.9761 0.0000e+00
        713 157.455497    0.04942     2.9652    177.910     88.850  51288.193    31.8163     4.7934     88.000     4.7857    25.1748     8.1553    11.6547    112.309    355.270    364.213   -0.00153    7.26145   10.37734  316.33281     4.7871   16.25694 4.5985e-02     0.4144     1.0643 0.0000e+00
        717 157.455508    0.04969     2.9817    178.902     89.860  51292.793    31.8185     4.7915     89.000     4.7849    25.1768     8.1526    11.6509    112.269    355.154    364.096   -0.00145    7.26168   10.37767  316.34208     4.7852   16.25737 4.5674e-02     0.4221     1.1069 0.0000e+00
        721 157.455520    0.04998     2.9987    179.924     90.869  51294.941    31.8194     4.7912     90.000     4.7846    25.1775     8.1529    11.6513    112.273    355.166    364.108   -0.00126    7.26168   10.37767  316.34200     4.7848   16.25737 4.5587e-02     0.4272     1.0879 0.0000e+00
        725 157.455532    0.05028     3.0168    181.008     91.880  51297.124    31.8203     4.7905     91.000     4.7825    25.1783     8.1556    11.6552    112.309    355.284    364.229   -0.00097    7.26177   10.37780  316.34573     4.7840   16.25754 4.5461e-02     0.4176     1.1469 0.0000e+00
        729 157.455545    0.05059     3.0351    182.103     92.889  51303.100    31.8228     4.7858     92.000     4.7765    25.1808     8.1476    11.6438    112.188    354.935    363.872   -0.00117    7.26246   10.37878  316.37479     4.7793   16.25891 4.5390e-02     0.4382     1.3239 0.0000e+00
        734 157.455557    0.05087     3.0526    183.155     93.899  51310.480    31.8264     4.7812     93.000     4.7740    25.1841     8.1429    11.6370    112.113    354.727    363.660   -0.00127    7.26310   10.37969  316.40164     4.7745   16.26018 4.5326e-02     0.4638     1.5489 0.0000e+00
        738 157.455569    0.05116     3.0697    184.180     94.910  51312.099    31.8268     4.7805     94.000     4.7735    25.1845     8.1462    11.6418    112.158    354.874    363.812   -0.00096    7.26319   10.37983  316.40550     4.7738   16.26036 4.5229e-02     0.4793     1.6274 0.0000e+00
        742 157.455581    0.05145     3.0867    185.202     95.919  51313.257    31.8270     4.7799     95.000     4.7729    25.1847     8.1456    11.6410    112.148    354.848    363.785   -0.00088    7.26330   10.37998  316.41011     4.7731   16.26058 4.5168e-02     0.4834     1.6966 0.0000e+00
        747 157.455595    0.05180     3.1075    186.448     96.929  51314.623    31.8273     4.7795     96.000     4.7726    25.1850     8.1468    11.6425    112.162    354.896    363.834   -0.00074    7.26335   10.38006  316.41254     4.7726   16.26069 4.5171e-02     0.4800     1.8401 0.0000e+00
