CTD-processing/allCTD/CNV/2013_06-28_t9andtutka_tutkaa_cast191_5028.cnv
* Sea-Bird SBE19plus Data File:
* FileName = C:\Documents and Settings\kbayadmin\My Documents\CTD data\2013-06-28 Kachemak Bay Homer Spit Line and Tutka Bay\2013-06-28 Kachemak Bay Homer Spit Line and Tutka Bay cast191.hex
* Software Version 1.59
* Temperature SN =  5028
* Conductivity SN =  5028
* System UpLoad Time = Jun 29 2013 13:11:46
** Kachemak Bay Homer Spit Line and Tutka Bay
** 2013-06-28
** Station: Tutka A
** N': 59 28.946
** W': -151 29.141
** Start Time: 1252
** Depth(ft): 89
# nquan = 27
# nvalues = 25                          
# units = specified
# name 0 = scan: Scan Count
# name 1 = timeJ: Julian Days
# name 2 = timeH: Time, Elapsed [hours]
# name 3 = timeM: Time, Elapsed [minutes]
# name 4 = timeS: Time, Elapsed [seconds]
# name 5 = prdM: Pressure, Strain Gauge [db]
# name 6 = specc: Specific Conductance [uS/cm]
# name 7 = sal00: Salinity, Practical [PSU]
# name 8 = tv290C: Temperature [ITS-90, deg C]
# name 9 = depSM: Depth [salt water, m], lat = 59.00
# name 10 = potemp090C: Potential Temperature [ITS-90, deg C]
# name 11 = sigma-é00: Density [sigma-theta, kg/m^3]
# name 12 = sbeox0ML/L: Oxygen, SBE 43 [ml/l]
# name 13 = sbeox0Mg/L: Oxygen, SBE 43 [mg/l]
# name 14 = sbeox0PS: Oxygen, SBE 43 [% saturation]
# name 15 = sbox0Mm/Kg: Oxygen, SBE 43 [umol/kg]
# name 16 = sbeox0Mm/L: Oxygen, SBE 43 [umol/l]
# name 17 = sbox0dV/dT: Oxygen, SBE 43 [dov/dt]
# name 18 = oxsolML/L: Oxygen Saturation, Garcia & Gordon [ml/l]
# name 19 = oxsolMg/L: Oxygen Saturation, Garcia & Gordon [mg/l]
# name 20 = oxsolMm/Kg: Oxygen Saturation, Garcia & Gordon [umol/kg]
# name 21 = potemp090C: Potential Temperature [ITS-90, deg C]
# name 22 = n2satMg/L: Nitrogen Saturation [mg/l]
# name 23 = par: PAR/Irradiance, Biospherical/Licor
# name 24 = flECO-AFL: Fluorescence, WET Labs ECO-AFL/FL [mg/m^3]
# name 25 = turbWETntu0: Turbidity, WET Labs ECO [NTU]
# name 26 = flag: flag
# span 0 =        263,        429       
# span 1 = 179.537843, 179.538322       
# span 2 =    0.01822,    0.02974       
# span 3 =     1.0933,     1.7842       
# span 4 =     65.601,    107.053       
# span 5 =      1.009,     25.238       
# span 6 =  48363.624,  50592.758       
# span 7 =    30.4074,    31.7289       
# span 8 =     6.4690,     7.7397       
# span 9 =      1.000,     25.000       
# span 10 =     6.4693,     7.6003      
# span 11 =    23.7066,    24.9003      
# span 12 =     7.6301,     8.0336      
# span 13 =    10.9041,    11.4809      
# span 14 =    110.553,    116.309      
# span 15 =    332.840,    350.141      
# span 16 =    340.758,    358.782      
# span 17 =   -0.01105,    0.01037      
# span 18 =    6.84137,    6.98580      
# span 19 =    9.77701,    9.98341      
# span 20 =  298.46881,  304.41562      
# span 21 =     6.4678,     7.7396      
# span 22 =   15.41153,   15.68987      
# span 23 = 1.7799e+00, 3.9315e+02      
# span 24 =     0.5565,     3.8705      
# span 25 =     0.6464,     1.4230      
# span 26 = 0.0000e+00, 0.0000e+00      
# interval = meters: 1                  
# start_time = Jun 28 2013 12:53:24 [Instrument's time stamp, header]
# bad_flag = -9.990e-29
*END*
        263 179.537843    0.01822     1.0933     65.601      1.009  48363.624    30.4074     7.7397      1.000     7.6003    23.7066     7.6301    10.9041    111.498    332.840    340.758    0.01037    6.84137    9.77701  298.46881     7.7396   15.41153 3.9315e+02     0.6632     0.8236 0.0000e+00
        319 179.538004    0.02209     1.3254     79.525      2.019  49814.584    31.3267     7.2970      2.000     7.2652    24.4872     7.9257    11.3267    115.384    345.502    353.963    0.00554    6.86905    9.81655  299.43927     7.2968   15.45398 2.5111e+02     1.0736     0.6707 0.0000e+00
        325 179.538021    0.02250     1.3502     81.009      3.028  49948.837    31.4066     7.2197      3.000     7.1724    24.5603     7.9722    11.3931    115.914    347.502    356.037    0.00554    6.87764    9.82883  299.79233     7.2195   15.47049 1.7472e+02     1.6412     0.7483 0.0000e+00
        330 179.538036    0.02287     1.3721     82.326      4.038  50048.182    31.4500     7.0731      4.000     7.0284    24.6139     8.0009    11.4341    115.974    348.737    357.320    0.00456    6.89893    9.85927  300.70483     7.0728   15.51384 1.1749e+02     3.1303     1.2077 0.0000e+00
        335 179.538051    0.02322     1.3934     83.606      5.047  50178.128    31.5302     7.0167      5.000     7.0183    24.6844     8.0125    11.4507    116.052    349.219    357.840    0.00352    6.90426    9.86688  300.91627     7.0163   15.52360 7.4335e+01     3.8705     1.4230 0.0000e+00
        341 179.538066    0.02358     1.4149     84.895      6.056  50170.861    31.5217     7.0002      6.000     6.9575    24.6799     8.0336    11.4809    116.309    350.141    358.782    0.00377    6.90728    9.87119  301.04924     6.9997   15.52998 5.5608e+01     2.8564     0.9470 0.0000e+00
        346 179.538081    0.02393     1.4358     86.147      7.066  50241.487    31.5497     6.8832      7.000     6.8427    24.7172     7.8919    11.2783    113.969    343.950    352.451   -0.00425    6.92471    9.89610  301.79797     6.8825   15.56557 4.4714e+01     2.0845     0.6908 0.0000e+00
        350 179.538094    0.02426     1.4552     87.315      8.075  50353.597    31.6139     6.8084      8.000     6.7917    24.7774     7.7393    11.0603    111.619    337.284    345.640   -0.01105    6.93377    9.90904  302.17498     6.8077   15.58329 3.7004e+01     1.5738     0.6533 0.0000e+00
        355 179.538107    0.02455     1.4735     88.409      9.085  50375.083    31.6223     6.7748      9.000     6.7495    24.7884     7.7067    11.0136    111.067    335.855    344.180   -0.01089    6.93878    9.91620  302.39003     6.7740   15.59351 3.0820e+01     1.2675     0.6726 0.0000e+00
        359 179.538118    0.02484     1.4904     89.427     10.095  50368.550    31.6062     6.7133     10.000     6.6693    24.7835     7.7111    11.0199    110.961    336.050    344.378   -0.00928    6.94942    9.93142  302.85524     6.7125   15.61576 2.5588e+01     1.0704     0.6464 0.0000e+00
        362 179.538129    0.02510     1.5060     90.360     11.105  50405.153    31.6166     6.6336     11.000     6.5955    24.8020     7.6964    10.9989    110.553    335.404    343.722   -0.00913    6.96180    9.94911  303.38926     6.6327   15.64118 2.1306e+01     0.9965     0.6649 0.0000e+00
        366 179.538140    0.02536     1.5212     91.272     12.113  50446.075    31.6327     6.5690     12.000     6.5408    24.8229     7.7074    11.0146    110.554    335.872    344.210   -0.00789    6.97153    9.96302  303.80735     6.5680   15.66104 1.7781e+01     0.9123     0.6914 0.0000e+00
        370 179.538151    0.02561     1.5369     92.214     13.122  50474.566    31.6431     6.5208     13.000     6.4984    24.8372     7.7538    11.0809    111.103    337.891    346.284   -0.00494    6.97887    9.97350  304.12279     6.5198   15.67604 1.4875e+01     0.7414     0.7032 0.0000e+00
        374 179.538162    0.02588     1.5528     93.169     14.133  50503.476    31.6558     6.4837     14.000     6.4713    24.8519     7.7923    11.1360    111.568    339.564    348.003   -0.00270    6.98432    9.98128  304.35568     6.4825   15.68709 1.2429e+01     0.6750     0.7158 0.0000e+00
        378 179.538174    0.02619     1.5712     94.273     15.142  50535.744    31.6751     6.4690     15.000     6.4693    24.8688     7.8317    11.1923    112.109    341.277    349.764   -0.00062    6.98580    9.98341  304.41562     6.4678   15.68987 1.0433e+01     0.6440     0.7235 0.0000e+00
        383 179.538188    0.02650     1.5899     95.393     16.152  50547.950    31.6842     6.4749     16.000     6.4776    24.8753     7.8660    11.2414    112.623    342.773    351.299    0.00105    6.98443    9.98146  304.35387     6.4736   15.68689 8.6813e+00     0.6555     0.7662 0.0000e+00
        387 179.538200    0.02680     1.6077     96.461     17.161  50561.391    31.6948     6.4847     17.000     6.4890    24.8825     7.9049    11.2969    113.212    344.461    353.032    0.00260    6.98236    9.97848  304.26123     6.4832   15.68243 7.2696e+00     0.6048     0.8113 0.0000e+00
        392 179.538215    0.02715     1.6289     97.736     18.170  50582.943    31.7130     6.5043     18.000     6.5182    24.8943     7.9376    11.3436    113.746    345.883    354.493    0.00368    6.97834    9.97274  304.08252     6.5028   15.67384 6.1016e+00     0.5565     0.7004 0.0000e+00
        398 179.538231    0.02755     1.6528     99.166     19.180  50592.758    31.7288     6.5553     19.000     6.5721    24.9003     7.9444    11.3533    113.990    346.174    354.794    0.00354    6.96932    9.95985  303.68781     6.5538   15.65496 5.1093e+00     0.6020     0.7001 0.0000e+00
        403 179.538246    0.02792     1.6747    100.484     20.190  50582.287    31.7289     6.5977     20.000     6.6061    24.8950     7.9490    11.3598    114.169    346.377    355.000    0.00327    6.96245    9.95003  303.39004     6.5961   15.64076 4.2832e+00     0.5985     0.7248 0.0000e+00
        408 179.538261    0.02826     1.6955    101.729     21.199  50573.512    31.7259     6.6172     21.000     6.6185    24.8903     7.9565    11.3707    114.327    346.709    355.339    0.00305    6.95944    9.94573  303.26012     6.6154   15.63458 3.5963e+00     0.6148     0.7765 0.0000e+00
        413 179.538275    0.02861     1.7166    102.993     22.209  50569.990    31.7238     6.6220     22.000     6.6203    24.8880     7.9520    11.3642    114.273    346.512    355.136    0.00222    6.95876    9.94477  303.23148     6.6201   15.63322 3.0191e+00     0.6040     0.6835 0.0000e+00
        418 179.538290    0.02896     1.7373    104.239     23.218  50570.802    31.7240     6.6223     23.000     6.6205    24.8881     7.9437    11.3523    114.155    346.151    354.766    0.00132    6.95869    9.94467  303.22852     6.6204   15.63308 2.5319e+00     0.6044     0.6994 0.0000e+00
        423 179.538306    0.02934     1.7602    105.611     24.228  50573.505    31.7255     6.6230     24.000     6.6214    24.8892     7.9526    11.3651    114.286    346.539    355.164    0.00137    6.95852    9.94442  303.22048     6.6210   15.63269 2.1273e+00     0.5988     0.6948 0.0000e+00
        429 179.538322    0.02974     1.7842    107.053     25.238  50578.842    31.7289     6.6236     25.000     6.6208    24.8919     7.9564    11.3705    114.345    346.704    355.334    0.00119    6.95827    9.94406  303.20872     6.6214   15.63211 1.7799e+00     0.6096     0.7144 0.0000e+00
