CTD-processing/allCTD/CNV/2013_08-07_t9_s03_cast113_4141.cnv
* Sea-Bird SBE19plus Data File:
* FileName = C:\Users\kris.holderied\Documents\kasitsna\Research-Projects-and-Data\Oceanography-AK\CTD-Data-ALL-to-2014-03\2013-CTD-KachBay-CookInlet\2013-08-07-CookInlet-CTD4141\2013-08-07-CookInlet-Tran9-cast113.hex
* Software Version 1.59
* Temperature SN =  4141
* Conductivity SN =  4141
* System UpLoad Time = May 27 2014 20:05:11
** Cook Inlet LTM Transect 9 (Homer Spit) Extra??
** Date: 2013-08-07
** Station: 9-03
** Start time: 15:40
** Depth (m): 93
** Comment:
** Comment:
# nquan = 27
# nvalues = 85                          
# units = specified
# name 0 = scan: Scan Count
# name 1 = timeJ: Julian Days
# name 2 = timeH: Time, Elapsed [hours]
# name 3 = timeM: Time, Elapsed [minutes]
# name 4 = timeS: Time, Elapsed [seconds]
# name 5 = prdM: Pressure, Strain Gauge [db]
# name 6 = specc: Specific Conductance [uS/cm]
# name 7 = sal00: Salinity, Practical [PSU]
# name 8 = tv290C: Temperature [ITS-90, deg C]
# name 9 = depSM: Depth [salt water, m], lat = 59.00
# name 10 = potemp090C: Potential Temperature [ITS-90, deg C]
# name 11 = sigma-é00: Density [sigma-theta, kg/m^3]
# name 12 = sbeox0ML/L: Oxygen, SBE 43 [ml/l]
# name 13 = sbeox0Mg/L: Oxygen, SBE 43 [mg/l]
# name 14 = sbeox0PS: Oxygen, SBE 43 [% saturation]
# name 15 = sbox0Mm/Kg: Oxygen, SBE 43 [umol/kg]
# name 16 = sbeox0Mm/L: Oxygen, SBE 43 [umol/l]
# name 17 = sbox0dV/dT: Oxygen, SBE 43 [dov/dt]
# name 18 = oxsolML/L: Oxygen Saturation, Garcia & Gordon [ml/l]
# name 19 = oxsolMg/L: Oxygen Saturation, Garcia & Gordon [mg/l]
# name 20 = oxsolMm/Kg: Oxygen Saturation, Garcia & Gordon [umol/kg]
# name 21 = n2satMg/L: Nitrogen Saturation [mg/l]
# name 22 = par: PAR/Irradiance, Biospherical/Licor
# name 23 = wetStar: Fluorescence, WET Labs WETstar [mg/m^3]
# name 24 = CStarAt0: Beam Attenuation, WET Labs C-Star [1/m]
# name 25 = CStarTr0: Beam Transmission, WET Labs C-Star [%]
# name 26 = flag: flag
# span 0 =        283,        755       
# span 1 = 219.653919, 219.655284       
# span 2 =    0.01960,    0.05239       
# span 3 =     1.1763,     3.1429       
# span 4 =     70.575,    188.573       
# span 5 =      1.011,     85.809       
# span 6 =  36996.848,  50406.489       
# span 7 =    22.9718,    31.7899       
# span 8 =     7.8284,    11.2901       
# span 9 =      1.000,     85.000       
# span 10 =     7.8222,    11.2076      
# span 11 =    17.3840,    24.7791      
# span 12 =     5.8264,     6.2915      
# span 13 =     8.3266,     8.9912      
# span 14 =     86.119,     97.606      
# span 15 =    253.919,    274.742      
# span 16 =    260.211,    280.977      
# span 17 =   -0.02616,    0.00135      
# span 18 =    6.43350,    6.76561      
# span 19 =    9.19412,    9.66873      
# span 20 =  280.63797,  294.84612      
# span 21 =   14.55683,   15.23290      
# span 22 = 3.6302e-02, 2.1440e+01      
# span 23 =     0.4870,     3.3610      
# span 24 =     1.1643,     5.8766      
# span 25 =    23.7316,    74.8302      
# span 26 = 0.0000e+00, 0.0000e+00      
# interval = meters: 1                  
# start_time = Aug 07 2013 15:40:28 [Instrument's time stamp, header]
# bad_flag = -9.990e-29
*END*
[from data line 54]
        625 219.654907    0.04331     2.5990    155.937     55.527  49716.052    31.5293     9.2191     55.000     9.1810    24.3687     6.1824     8.8351     94.117    269.535    276.103   -0.00124    6.56880    9.38747  286.38363   14.82968 3.6382e-02     0.8471     2.3138    56.0791 0.0000e+00
        628 219.654916    0.04354     2.6126    156.759     56.538  49725.628    31.5277     9.1620     56.000     9.1180    24.3762     6.1838     8.8372     94.018    269.596    276.168   -0.00130    6.57719    9.39945  286.74733   14.84707 3.6382e-02     0.7882     2.2459    57.0380 0.0000e+00
        631 219.654925    0.04376     2.6254    157.526     57.545  49747.525    31.5343     9.1033     57.000     9.0651    24.3906     6.1774     8.8281     93.803    269.313    275.881   -0.00329    6.58549    9.41132  287.10511   14.86415 3.6382e-02     0.8197     2.3110    56.1188 0.0000e+00
        634 219.654934    0.04397     2.6382    158.295     58.556  49784.393    31.5536     9.0592     58.000     9.0367    24.4124     6.1681     8.8149     93.582    268.903    275.468   -0.00466    6.59112    9.41936  287.34445   14.87551 3.6382e-02     0.7575     2.3331    55.8087 0.0000e+00
        637 219.654943    0.04419     2.6515    159.089     59.565  49794.069    31.5562     9.0329     59.000     9.0120    24.4186     6.1513     8.7908     93.274    268.170    274.719   -0.00627    6.59487    9.42472  287.50621   14.88324 3.6382e-02     0.6112     2.3477    55.6049 0.0000e+00
        641 219.654953    0.04442     2.6651    159.907     60.575  49809.090    31.5623     9.0046     60.000     8.9909    24.4276     6.1390     8.7733     93.033    267.631    274.169   -0.00726    6.59877    9.43030  287.67390   14.89122 3.6382e-02     0.6885     2.2394    57.1287 0.0000e+00
        644 219.654962    0.04464     2.6787    160.719     61.584  49813.408    31.5651     9.0061     61.000     8.9823    24.4296     6.1343     8.7666     92.966    267.425    273.959   -0.00626    6.59842    9.42980  287.65808   14.89046 3.6382e-02     0.6226     2.2679    56.7287 0.0000e+00
        647 219.654971    0.04487     2.6922    161.531     62.591  49752.621    31.5149     8.9572     62.000     8.8844    24.3979     6.1361     8.7691     92.862    267.512    274.038   -0.00520    6.60775    9.44314  288.07367   14.91053 3.6382e-02     0.5938     2.3096    56.1430 0.0000e+00
        651 219.654982    0.04511     2.7066    162.399     63.604  49833.676    31.5569     8.8565     63.000     8.8222    24.4460     6.1236     8.7512     92.490    266.951    273.477   -0.00702    6.62080    9.46179  288.62928   14.93691 3.6382e-02     0.5976     2.1652    58.2001 0.0000e+00
        654 219.654991    0.04536     2.7213    163.280     64.616  49869.493    31.5759     8.8177     64.000     8.7992    24.4669     6.1094     8.7309     92.206    266.327    272.843   -0.00817    6.62573    9.46882  288.83793   14.94679 3.6382e-02     0.6043     2.0630    59.7087 0.0000e+00
        658 219.655002    0.04559     2.7355    164.129     65.626  49865.940    31.5697     8.7949     65.000     8.7694    24.4654     6.0997     8.7171     92.010    265.906    272.412   -0.00757    6.62937    9.47404  288.99750   14.95445 3.6382e-02     0.5640     2.1494    58.4390 0.0000e+00
        661 219.655011    0.04581     2.7485    164.910     66.634  49882.725    31.5766     8.7649     66.000     8.7443    24.4754     6.0906     8.7040     91.815    265.507    272.005   -0.00767    6.63352    9.47997  289.17541   14.96292 3.6382e-02     0.5316     2.2643    56.7889 0.0000e+00
        664 219.655019    0.04602     2.7614    165.684     67.642  49904.555    31.5889     8.7466     67.000     8.7379    24.4877     6.0890     8.7018     91.762    265.436    271.936   -0.00653    6.63571    9.48309  289.26734   14.96727 3.6382e-02     0.5495     2.3717    55.2738 0.0000e+00
        667 219.655029    0.04624     2.7746    166.475     68.655  49904.352    31.5879     8.7445     68.000     8.7323    24.4873     6.0869     8.6987     91.724    265.341    271.839   -0.00496    6.63607    9.48360  289.28294   14.96802 3.6382e-02     0.6671     2.3312    55.8359 0.0000e+00
        670 219.655038    0.04646     2.7876    167.258     69.664  49858.873    31.5532     8.7283     69.000     8.6714    24.4625     6.0861     8.6976     91.658    265.314    271.804   -0.00444    6.63996    9.48917  289.45965   14.97660 3.6382e-02     0.6846     2.3221    55.9607 0.0000e+00
        673 219.655046    0.04668     2.8006    168.038     70.669  49892.323    31.5642     8.6471     70.000     8.5944    24.4833     6.0868     8.6986     91.509    265.337    271.834   -0.00460    6.65156    9.50574  289.95951   15.00044 3.6382e-02     0.6395     2.3762    55.2126 0.0000e+00
        677 219.655057    0.04692     2.8150    168.900     71.680  49920.190    31.5717     8.5693     71.000     8.5106    24.5008     6.0821     8.6919     91.284    265.131    271.627   -0.00534    6.66285    9.52188  290.44660   15.02368 3.6382e-02     0.5567     2.1515    58.4061 0.0000e+00
        680 219.655068    0.04718     2.8308    169.850     72.692  49920.030    31.5542     8.4567     72.000     8.3523    24.5037     6.0603     8.6608     90.716    264.178    270.651   -0.00853    6.68047    9.54707  291.21427   15.06042 3.6382e-02     0.5134     1.9424    61.5380 0.0000e+00
        684 219.655079    0.04745     2.8471    170.824     73.702  50016.051    31.5909     8.2604     73.000     8.1717    24.5611     6.0264     8.6124     89.834    262.689    269.142   -0.01370    6.70848    9.58708  292.41834   15.11779 3.6382e-02     0.5719     2.0017    60.6297 0.0000e+00
        688 219.655090    0.04772     2.8632    171.794     74.710  50126.075    31.6452     8.1176     74.000     8.0684    24.6243     5.9796     8.5454     88.879    260.629    267.047   -0.01823    6.72777    9.61465  293.24107   15.15686 3.6382e-02     0.5224     2.0212    60.3339 0.0000e+00
        692 219.655102    0.04801     2.8805    172.832     75.717  50199.599    31.6861     8.0536     75.000     8.0373    24.6656     5.9377     8.4855     88.152    258.794    265.177   -0.01921    6.73570    9.62600  293.57522   15.17264 3.6382e-02     0.5145     2.0423    60.0153 0.0000e+00
        697 219.655117    0.04836     2.9017    174.103     76.731  50215.785    31.6938     8.0342     76.000     8.0201    24.6745     5.9117     8.4484     87.733    257.661    264.018   -0.01561    6.73832    9.62974  293.68679   15.17794 3.6382e-02     0.4949     1.8845    62.4344 0.0000e+00
        703 219.655132    0.04873     2.9240    175.440     77.745  50231.152    31.7016     8.0185     77.000     8.0092    24.6828     5.9148     8.4529     87.753    257.794    264.157   -0.00926    6.74037    9.63267  293.77395   15.18207 3.6382e-02     0.5625     1.8151    63.5324 0.0000e+00
        707 219.655145    0.04904     2.9422    176.531     78.751  50224.834    31.6958     8.0131     78.000     7.9871    24.6792     5.9162     8.4548     87.759    257.853    264.217   -0.00611    6.74145    9.63420  293.82172   15.18437 3.6382e-02     0.4870     1.9318    61.7002 0.0000e+00
        711 219.655157    0.04932     2.9593    177.556     79.762  50261.246    31.7132     7.9651     79.000     7.9377    24.6996     5.9212     8.4619     87.746    258.064    264.438   -0.00404    6.74802    9.64360  294.10261   15.19771 3.6382e-02     0.5207     1.9877    60.8419 0.0000e+00
        715 219.655169    0.04960     2.9764    178.584     80.767  50298.981    31.7344     7.9357     80.000     7.9240    24.7204     5.9058     8.4400     87.473    257.391    263.754   -0.00505    6.75159    9.64870  294.25199   15.20476 3.6382e-02     0.5245     1.9681    61.1379 0.0000e+00
        720 219.655183    0.04995     2.9970    179.819     81.781  50306.860    31.7387     7.9312     81.000     7.9251    24.7244     5.8715     8.3910     86.959    255.896    262.223   -0.00773    6.75208    9.64940  294.27234   15.20572 3.6382e-02     0.5328     1.8773    62.5437 0.0000e+00
        728 219.655207    0.05052     3.0311    181.864     82.790  50297.994    31.7326     7.9346     82.000     7.9191    24.7192     5.8731     8.3933     86.986    255.967    262.294   -0.00375    6.75183    9.64905  294.26294   15.20530 3.6382e-02     0.5657     1.6290    66.6360 0.0000e+00
        737 219.655230    0.05108     3.0648    183.889     83.801  50314.111    31.7391     7.9073     83.000     7.8757    24.7281     5.8722     8.3919     86.921    255.923    262.252   -0.00223    6.75575    9.65464  294.43097   15.21329 3.6382e-02     0.5586     1.7216    65.0352 0.0000e+00
        742 219.655245    0.05143     3.0860    185.157     84.809  50379.622    31.7741     7.8438     84.000     7.8224    24.7646     5.8592     8.3734     86.624    255.349    261.672   -0.00407    6.76393    9.66634  294.77728   15.22968 3.6382e-02     0.5828     1.7533    64.5129 0.0000e+00
        755 219.655284    0.05239     3.1429    188.573     85.809  50406.489    31.7899     7.8284     85.000     7.8222    24.7791     5.8264     8.3266     86.119    253.919    260.211   -0.00510    6.76561    9.66873  294.84612   15.23290 3.6382e-02     0.4970     1.6942    65.6343 0.0000e+00
