CTD-processing/allCTD/CNV/2013_02-12_t9_s01_cast022_5028.cnv
* Sea-Bird SBE19plus Data File:
* FileName = C:\Documents and Settings\kris.holderied.local\My Documents\2012-2013-CTD-DATA-new-files\2013-02-EVOSTC-CookInlet\2013-02-12-HomerSpitLine-Tran9\2013-02-12-HomerSpitLine-Tran9-cast022.hex
* Software Version 1.54
* Temperature SN =  5028
* Conductivity SN =  5028
* System UpLoad Time = Feb 12 2013 10:27:11
** Kachemak Bay Spit Line  North to south
** Date:  12 Feb 2013
** Station:  9-01
** Start time (AKDT-24 hr):  0922
** Depth (m):  56
** Comment:
** Zooplankton (50 m vertical), phytoplankton (surface bucket, filtered), OA water samples (1 m and 50 m)
# nquan = 27
# nvalues = 48                          
# units = specified
# name 0 = scan: Scan Count
# name 1 = timeJ: Julian Days
# name 2 = timeH: Time, Elapsed [hours]
# name 3 = timeM: Time, Elapsed [minutes]
# name 4 = timeS: Time, Elapsed [seconds]
# name 5 = prdM: Pressure, Strain Gauge [db]
# name 6 = specc: Specific Conductance [uS/cm]
# name 7 = sal00: Salinity, Practical [PSU]
# name 8 = tv290C: Temperature [ITS-90, deg C]
# name 9 = depSM: Depth [salt water, m], lat = 59.00
# name 10 = potemp090C: Potential Temperature [ITS-90, deg C]
# name 11 = sigma-é00: Density [sigma-theta, kg/m^3]
# name 12 = sbeox0ML/L: Oxygen, SBE 43 [ml/l]
# name 13 = sbeox0Mg/L: Oxygen, SBE 43 [mg/l]
# name 14 = sbeox0PS: Oxygen, SBE 43 [% saturation]
# name 15 = sbox0Mm/Kg: Oxygen, SBE 43 [umol/kg]
# name 16 = sbeox0Mm/L: Oxygen, SBE 43 [umol/l]
# name 17 = sbox0dV/dT: Oxygen, SBE 43 [dov/dt]
# name 18 = oxsolML/L: Oxygen Saturation, Garcia & Gordon [ml/l]
# name 19 = oxsolMg/L: Oxygen Saturation, Garcia & Gordon [mg/l]
# name 20 = oxsolMm/Kg: Oxygen Saturation, Garcia & Gordon [umol/kg]
# name 21 = potemp090C: Potential Temperature [ITS-90, deg C]
# name 22 = n2satMg/L: Nitrogen Saturation [mg/l]
# name 23 = par: PAR/Irradiance, Biospherical/Licor
# name 24 = flECO-AFL: Fluorescence, WET Labs ECO-AFL/FL [mg/m^3]
# name 25 = turbWETntu0: Turbidity, WET Labs ECO [NTU]
# name 26 = flag: flag
# span 0 =         -7,        667       
# span 1 =  43.473762,  43.475712       
# span 2 =   -0.00055,    0.04626       
# span 3 =    -0.0329,     2.7753       
# span 4 =     -1.975,    166.519       
# span 5 =      1.009,     48.459       
# span 6 =  50343.962,  51442.938       
# span 7 =    30.9518,    31.6625       
# span 8 =     3.4516,     3.7001       
# span 9 =      1.000,     48.000       
# span 10 =     3.4765,     3.7002      
# span 11 =    24.6160,    25.1750      
# span 12 =     6.3491,     7.6610      
# span 13 =     9.0735,    10.9483      
# span 14 =     84.085,    102.601      
# span 15 =    276.771,    333.750      
# span 16 =    283.550,    342.140      
# span 17 =   -0.00065,    0.00712      
# span 18 =    7.46536,    7.55005      
# span 19 =   10.66874,   10.78978      
# span 20 =  325.22482,  329.12092      
# span 21 =     3.4515,     3.6972      
# span 22 =   16.68060,   16.86847      
# span 23 = 3.7912e-02, 1.0950e+01      
# span 24 =     0.4472,     0.7380      
# span 25 =     1.2938,     4.6422      
# span 26 = 0.0000e+00, 0.0000e+00      
# interval = meters: 1                  
# start_time = Feb 12 2013 11:22:15 [Instrument's time stamp, header]
# bad_flag = -9.990e-29
*END*
         -7  43.473762   -0.00055    -0.0329     -1.975      1.009  50343.962    30.9518     3.4516      1.000     3.4765    24.6160     6.3491     9.0735     84.085    276.771    283.550   -0.00065    7.55005   10.78978  329.12092     3.4515   16.86847 1.0950e+01     0.4472     4.6422 0.0000e+00
        522  43.475291    0.03616     2.1696    130.173      2.019  51442.938    31.6625     3.5387      2.000     3.5361    25.1750     7.1223    10.1784     95.037    310.268    318.081    0.00006    7.49362   10.70913  326.44204     3.5386   16.73839 9.1814e+00     0.4951     1.2938 0.0000e+00
        470  43.475142    0.03258     1.9548    117.288      3.028  51325.850    31.5868     3.5314      3.000     3.5328    25.1154     7.0308    10.0477     93.753    306.301    313.994   -0.00031    7.49929   10.71723  326.71267     3.5312   16.75155 6.3188e+00     0.4944     1.7191 0.0000e+00
        476  43.475158    0.03297     1.9779    118.674      4.037  51333.364    31.5934     3.5393      4.000     3.5442    25.1199     7.0365    10.0559     93.852    306.550    314.251    0.00000    7.49748   10.71464  326.63230     3.5391   16.74770 4.6286e+00     0.4912     1.7035 0.0000e+00
        480  43.475171    0.03327     1.9964    119.785      5.047  51335.894    31.5977     3.5517      5.000     3.5564    25.1222     7.0296    10.0459     93.790    306.246    313.939   -0.00020    7.49498   10.71108  326.52295     3.5514   16.74249 3.3845e+00     0.4990     1.7669 0.0000e+00
        485  43.475185    0.03360     2.0163    120.977      6.056  51334.498    31.5988     3.5621      6.000     3.5658    25.1222     7.0400    10.0609     93.955    306.704    314.409    0.00024    7.49301   10.70826  326.43695     3.5617   16.73840 2.4871e+00     0.5021     1.8807 0.0000e+00
        490  43.475200    0.03397     2.0379    122.272      7.067  51341.161    31.6063     3.5761      7.000     3.5817    25.1269     7.0485    10.0731     94.106    307.073    314.789    0.00060    7.49004   10.70403  326.30638     3.5757   16.73216 1.8335e+00     0.5058     1.9500 0.0000e+00
        494  43.475211    0.03423     2.0536    123.218      8.076  51333.852    31.6031     3.5855      8.000     3.5870    25.1236     7.0533    10.0798     94.189    307.278    314.998    0.00069    7.48847   10.70178  326.23901     3.5850   16.72897 1.3431e+00     0.5126     2.0366 0.0000e+00
        498  43.475223    0.03452     2.0715    124.290      9.086  51332.540    31.6026     3.5888      9.000     3.5895    25.1228     7.0775    10.1144     94.519    308.334    316.081    0.00143    7.48791   10.70096  326.21431     3.5882   16.72780 9.9399e-01     0.5132     2.0457 0.0000e+00
        503  43.475237    0.03486     2.0914    125.486     10.094  51340.137    31.6085     3.5940     10.000     3.5975    25.1271     7.1100    10.1609     94.969    309.748    317.532    0.00239    7.48664   10.69916  326.15782     3.5934   16.72509 7.3539e-01     0.5115     2.0535 0.0000e+00
        507  43.475248    0.03511     2.1063    126.379     11.104  51336.027    31.6067     3.6002     11.000     3.6008    25.1251     7.1493    10.2171     95.508    311.462    319.287    0.00344    7.48559   10.69765  326.11276     3.5996   16.72296 5.8737e-01     0.5053     2.1184 0.0000e+00
        511  43.475259    0.03539     2.1231    127.383     12.114  51334.471    31.6056     3.6022     12.000     3.6016    25.1240     7.2240    10.3239     96.510    314.718    322.625    0.00567    7.48528   10.69721  326.09946     3.6015   16.72233 4.5004e-01     0.5425     2.1055 0.0000e+00
        515  43.475272    0.03570     2.1422    128.531     13.123  51332.865    31.6039     3.6014     13.000     3.5995    25.1227     7.2749    10.3965     97.186    316.932    324.895    0.00660    7.48552   10.69755  326.11045     3.6006   16.72286 3.2085e-01     0.5975     2.0730 0.0000e+00
        519  43.475284    0.03597     2.1585    129.508     14.132  51333.548    31.6032     3.5992     14.000     3.5970    25.1224     7.2888    10.4164     97.366    317.540    325.518    0.00603    7.48595   10.69817  326.12939     3.5983   16.72376 2.4271e-01     0.6158     2.1008 0.0000e+00
        523  43.475295    0.03626     2.1755    130.529     15.142  51332.582    31.6013     3.5960     15.000     3.5932    25.1212     7.3340    10.4811     97.961    319.511    327.537    0.00664    7.48665   10.69917  326.16021     3.5950   16.72523 1.8668e-01     0.6228     2.0732 0.0000e+00
        528  43.475309    0.03658     2.1945    131.670     16.151  51334.560    31.6012     3.5923     16.000     3.5905    25.1214     7.3784    10.5444     98.545    321.443    329.519    0.00712    7.48732   10.70013  326.18918     3.5914   16.72662 1.4455e-01     0.6265     2.0867 0.0000e+00
        532  43.475321    0.03687     2.2122    132.730     17.161  51333.909    31.5998     3.5903     17.000     3.5877    25.1204     7.3931    10.5654     98.735    322.084    330.175    0.00643    7.48776   10.70076  326.20888     3.5893   16.72756 1.1261e-01     0.6399     2.0757 0.0000e+00
        536  43.475333    0.03715     2.2289    133.734     18.171  51336.301    31.6002     3.5876     18.000     3.5861    25.1210     7.4204    10.6045     99.094    323.276    331.397    0.00637    7.48824   10.70145  326.22967     3.5865   16.72854 9.0268e-02     0.6468     2.0767 0.0000e+00
        541  43.475346    0.03747     2.2480    134.878     19.180  51339.075    31.6016     3.5876     19.000     3.5870    25.1221     7.4553    10.6544     99.562    324.795    332.954    0.00652    7.48816   10.70133  326.22582     3.5865   16.72835 7.4124e-02     0.6401     2.0412 0.0000e+00
        545  43.475359    0.03777     2.2660    135.960     20.189  51340.695    31.6024     3.5889     20.000     3.5884    25.1227     7.4792    10.6885     99.884    325.834    334.020    0.00629    7.48789   10.70094  326.21369     3.5877   16.72777 6.2649e-02     0.6615     2.0105 0.0000e+00
        549  43.475369    0.03803     2.2818    136.910     21.199  51342.019    31.6032     3.5905     21.000     3.5902    25.1232     7.5046    10.7247    100.226    326.938    335.152    0.00628    7.48756   10.70047  326.19919     3.5892   16.72708 5.4289e-02     0.6671     2.0489 0.0000e+00
        553  43.475382    0.03834     2.3005    138.029     22.209  51342.950    31.6039     3.5926     22.000     3.5923    25.1235     7.5408    10.7766    100.716    328.518    336.771    0.00651    7.48713   10.69985  326.18020     3.5913   16.72618 4.7984e-02     0.6378     2.0677 0.0000e+00
        558  43.475395    0.03864     2.3188    139.125     23.218  51345.052    31.6054     3.5953     23.000     3.5953    25.1246     7.5567    10.7992    100.937    329.211    337.482    0.00605    7.48657   10.69905  326.15547     3.5939   16.72499 4.3618e-02     0.6434     2.0376 0.0000e+00
        561  43.475406    0.03891     2.3348    140.086     24.228  51344.360    31.6050     3.5975     24.000     3.5967    25.1240     7.5564    10.7989    100.939    329.199    337.470    0.00509    7.48617   10.69848  326.13837     3.5961   16.72419 4.0769e-02     0.6543     2.1089 0.0000e+00
        566  43.475419    0.03922     2.3532    141.193     25.237  51345.624    31.6057     3.5990     25.000     3.5980    25.1244     7.5721    10.8212    101.152    329.882    338.169    0.00477    7.48587   10.69805  326.12494     3.5975   16.72354 3.8782e-02     0.6615     2.1204 0.0000e+00
        570  43.475431    0.03951     2.3706    142.235     26.247  51342.761    31.6035     3.5999     26.000     3.5970    25.1226     7.5854    10.8404    101.332    330.465    338.767    0.00447    7.48582   10.69799  326.12387     3.5982   16.72350 3.8018e-02     0.6706     2.1108 0.0000e+00
        574  43.475442    0.03977     2.3862    143.170     27.256  51348.105    31.6062     3.5982     27.000     3.5989    25.1249     7.5978    10.8579    101.493    330.999    339.315    0.00422    7.48598   10.69822  326.12996     3.5966   16.72378 3.7925e-02     0.6724     2.1358 0.0000e+00
        578  43.475454    0.04007     2.4041    144.248     28.267  51364.003    31.6193     3.6096     28.000     3.6170    25.1343     7.6121    10.8784    101.722    331.619    339.954    0.00412    7.48323   10.69428  326.00697     3.6079   16.71788 3.7914e-02     0.6697     2.1054 0.0000e+00
        582  43.475467    0.04038     2.4224    145.341     29.275  51355.963    31.6179     3.6277     29.000     3.6297    25.1315     7.6251    10.8969    101.939    332.186    340.534    0.00403    7.47998   10.68964  325.86622     3.6259   16.71119 3.7912e-02     0.6820     2.0116 0.0000e+00
        586  43.475478    0.04064     2.4382    146.294     30.285  51346.533    31.6121     3.6323     30.000     3.6288    25.1265     7.6260    10.8983    101.960    332.230    340.578    0.00347    7.47943   10.68885  325.84400     3.6304   16.71016 3.7912e-02     0.6738     1.9905 0.0000e+00
        591  43.475491    0.04096     2.4574    147.446     31.295  51355.980    31.6175     3.6302     31.000     3.6321    25.1310     7.6271    10.8999    101.973    332.276    340.627    0.00285    7.47953   10.68900  325.84697     3.6283   16.71028 3.7912e-02     0.6715     1.9487 0.0000e+00
        596  43.475506    0.04130     2.4782    148.696     32.305  51374.174    31.6331     3.6453     32.000     3.6538    25.1420     7.6315    10.9061    102.080    332.462    340.822    0.00255    7.47596   10.68390  325.68806     3.6434   16.70267 3.7912e-02     0.6804     1.9463 0.0000e+00
        600  43.475517    0.04158     2.4947    149.679     33.315  51359.268    31.6265     3.6618     33.000     3.6620    25.1353     7.6436    10.9235    102.279    332.994    341.363    0.00271    7.47328   10.68006  325.57321     3.6598   16.69723 3.7912e-02     0.6907     2.0040 0.0000e+00
        604  43.475530    0.04190     2.5137    150.820     34.324  51352.825    31.6223     3.6648     34.000     3.6614    25.1317     7.6391    10.9171    102.224    332.799    341.163    0.00208    7.47295   10.67959  325.55987     3.6627   16.69661 3.7912e-02     0.6895     1.9630 0.0000e+00
        609  43.475544    0.04222     2.5334    152.005     35.333  51355.201    31.6226     3.6616     35.000     3.6595    25.1323     7.6349    10.9110    102.159    332.615    340.975    0.00148    7.47350   10.68039  325.58406     3.6595   16.69776 3.7912e-02     0.6952     1.9459 0.0000e+00
        613  43.475556    0.04250     2.5501    153.004     36.343  51354.336    31.6215     3.6615     36.000     3.6585    25.1314     7.6366    10.9135    102.181    332.690    341.051    0.00127    7.47358   10.68049  325.58761     3.6593   16.69793 3.7912e-02     0.6945     2.0503 0.0000e+00
        617  43.475568    0.04280     2.5681    154.086     37.352  51358.681    31.6237     3.6605     37.000     3.6590    25.1332     7.6398    10.9180    102.223    332.827    341.192    0.00112    7.47366   10.68060  325.59038     3.6582   16.69806 3.7912e-02     0.6986     2.0670 0.0000e+00
        622  43.475582    0.04313     2.5880    155.277     38.362  51357.341    31.6226     3.6619     38.000     3.6592    25.1322     7.6483    10.9302    102.339    333.198    341.573    0.00121    7.47346   10.68032  325.58198     3.6596   16.69766 3.7912e-02     0.6979     2.0157 0.0000e+00
        626  43.475594    0.04343     2.6059    156.354     39.372  51355.280    31.6203     3.6604     39.000     3.6564    25.1306     7.6499    10.9324    102.355    333.267    341.642    0.00103    7.47385   10.68087  325.59938     3.6580   16.69850 3.7912e-02     0.6995     2.0172 0.0000e+00
        631  43.475607    0.04374     2.6243    157.461     40.382  51360.328    31.6226     3.6579     40.000     3.6565    25.1326     7.6468    10.9280    102.309    333.133    341.505    0.00068    7.47419   10.68137  325.61395     3.6554   16.69918 3.7912e-02     0.7114     1.9554 0.0000e+00
        635  43.475620    0.04406     2.6432    158.595     41.391  51368.109    31.6286     3.6629     41.000     3.6642    25.1370     7.6492    10.9316    102.359    333.240    341.616    0.00066    7.47297   10.67963  325.55947     3.6603   16.69657 3.7912e-02     0.7197     1.9606 0.0000e+00
        640  43.475633    0.04437     2.6620    159.722     42.400  51367.162    31.6294     3.6706     42.000     3.6710    25.1369     7.6587    10.9451    102.506    333.653    342.040    0.00091    7.47151   10.67755  325.49595     3.6680   16.69355 3.7912e-02     0.7206     1.9724 0.0000e+00
        644  43.475646    0.04466     2.6800    160.802     43.410  51366.265    31.6299     3.6772     43.000     3.6760    25.1367     7.6608    10.9481    102.551    333.745    342.134    0.00087    7.47027   10.67577  325.44197     3.6746   16.69098 3.7912e-02     0.7104     1.9655 0.0000e+00
        649  43.475660    0.04500     2.7001    162.006     44.420  51362.240    31.6268     3.6778     44.000     3.6746    25.1341     7.6536    10.9379    102.454    333.432    341.812    0.00042    7.47033   10.67585  325.44521     3.6751   16.69115 3.7912e-02     0.7221     1.9603 0.0000e+00
        653  43.475672    0.04531     2.7186    163.114     45.430  51374.098    31.6349     3.6800     45.000     3.6821    25.1404     7.6484    10.9304    102.396    333.202    341.579    0.00012    7.46950   10.67467  325.40713     3.6773   16.68930 3.7912e-02     0.7340     1.9550 0.0000e+00
        658  43.475685    0.04561     2.7365    164.190     46.439  51370.255    31.6339     3.6884     46.000     3.6879    25.1388     7.6565    10.9419    102.523    333.553    341.938    0.00042    7.46802   10.67254  325.34277     3.6856   16.68625 3.7912e-02     0.7380     1.9401 0.0000e+00
        663  43.475699    0.04594     2.7568    165.410     47.450  51373.068    31.6368     3.6946     47.000     3.6944    25.1405     7.6610    10.9483    102.601    333.750    342.140    0.00054    7.46674   10.67071  325.28655     3.6917   16.68356 3.7912e-02     0.7347     1.8752 0.0000e+00
        667  43.475712    0.04626     2.7753    166.519     48.459  51382.635    31.6442     3.7001     48.000     3.7002    25.1459     7.6593    10.9459    102.598    333.674    342.065    0.00041    7.46536   10.66874  325.22482     3.6972   16.68060 3.7912e-02     0.7340     1.8746 0.0000e+00
