CTD-processing/allCTD/CNV/2013_12-03_t9_s10_cast121_4141.cnv
* Sea-Bird SBE19plus Data File:
* FileName = C:\Users\kris.holderied\Documents\kasitsna\Research-Projects-and-Data\Oceanography-AK\CTD-CookInlet-GulfWatchAK\2013-12-03-CookInlet-HomerSpit-monthly\2014_12_03_CookInlet_Tran9_cast121.hex
* Software Version 1.59
* Temperature SN =  4141
* Conductivity SN =  4141
* System UpLoad Time = Apr 14 2014 18:49:16
** Cook Inlet LTM Transect 9 (Homer Spit) Monthly
** Date: 2013-12-03
** Station: 9-10
** Start time: 13:16
** Depth (m): 63.7
** Comment:
** Comment:
# nquan = 27
# nvalues = 56                          
# units = specified
# name 0 = scan: Scan Count
# name 1 = timeJ: Julian Days
# name 2 = timeH: Time, Elapsed [hours]
# name 3 = timeM: Time, Elapsed [minutes]
# name 4 = timeS: Time, Elapsed [seconds]
# name 5 = prdM: Pressure, Strain Gauge [db]
# name 6 = specc: Specific Conductance [uS/cm]
# name 7 = sal00: Salinity, Practical [PSU]
# name 8 = tv290C: Temperature [ITS-90, deg C]
# name 9 = depSM: Depth [salt water, m], lat = 59.00
# name 10 = potemp090C: Potential Temperature [ITS-90, deg C]
# name 11 = sigma-é00: Density [sigma-theta, kg/m^3]
# name 12 = sbeox0ML/L: Oxygen, SBE 43 [ml/l]
# name 13 = sbeox0Mg/L: Oxygen, SBE 43 [mg/l]
# name 14 = sbeox0PS: Oxygen, SBE 43 [% saturation]
# name 15 = sbox0Mm/Kg: Oxygen, SBE 43 [umol/kg]
# name 16 = sbeox0Mm/L: Oxygen, SBE 43 [umol/l]
# name 17 = sbox0dV/dT: Oxygen, SBE 43 [dov/dt]
# name 18 = oxsolML/L: Oxygen Saturation, Garcia & Gordon [ml/l]
# name 19 = oxsolMg/L: Oxygen Saturation, Garcia & Gordon [mg/l]
# name 20 = oxsolMm/Kg: Oxygen Saturation, Garcia & Gordon [umol/kg]
# name 21 = n2satMg/L: Nitrogen Saturation [mg/l]
# name 22 = par: PAR/Irradiance, Biospherical/Licor
# name 23 = wetStar: Fluorescence, WET Labs WETstar [mg/m^3]
# name 24 = CStarAt0: Beam Attenuation, WET Labs C-Star [1/m]
# name 25 = CStarTr0: Beam Transmission, WET Labs C-Star [%]
# name 26 = flag: flag
# span 0 =         84,        515       
# span 1 = 337.594695, 337.595942       
# span 2 =    0.00574,    0.03566       
# span 3 =     0.3444,     2.1400       
# span 4 =     20.665,    128.399       
# span 5 =      1.004,     56.517       
# span 6 =  49756.879,  49969.427       
# span 7 =    31.0150,    31.2017       
# span 8 =     5.6089,     6.4216       
# span 9 =      1.000,     56.000       
# span 10 =     5.6938,     6.4189      
# span 11 =    24.4293,    24.5290      
# span 12 =     6.1050,     6.7145      
# span 13 =     8.7246,     9.5957      
# span 14 =     87.002,     93.857      
# span 15 =    266.134,    292.680      
# span 16 =    272.648,    299.869      
# span 17 =   -0.00278,    0.00456      
# span 18 =    7.01700,    7.15438      
# span 19 =   10.02801,   10.22432      
# span 20 =  305.89263,  311.85741      
# span 21 =   15.76235,   16.04673      
# span 22 = 3.6382e-02, 4.7066e+00      
# span 23 =     0.2254,     0.4072      
# span 24 =     0.5445,     3.5327      
# span 25 =    52.7934,    84.8551      
# span 26 = 0.0000e+00, 0.0000e+00      
# interval = meters: 1                  
# start_time = Dec 03 2013 14:16:01 [Instrument's time stamp, header]
# bad_flag = -9.990e-29
*END*
         84 337.594695    0.00574     0.3444     20.665      1.004  49969.427    31.1147     5.6089      1.000     5.6938    24.5290     6.7145     9.5957     93.857    292.680    299.869    0.00251    7.15438   10.22432  311.85741   16.04673 4.7066e+00     0.2254     3.5327    52.7934 0.0000e+00
        347 337.595458    0.02406     1.4433     86.595      2.020  49756.879    31.0150     5.7938      2.000     5.7884    24.4293     6.2119     8.8774     87.143    270.810    277.424    0.00456    7.12852   10.18737  310.76850   15.99529 3.4158e+00     0.3343     0.5445    84.8551 0.0000e+00
        333 337.595418    0.02308     1.3849     83.092      3.024  49773.040    31.0228     5.7836      3.000     5.7848    24.4365     6.2494     8.9310     87.651    272.440    279.097    0.00215    7.12983   10.18924  310.82272   15.99784 3.1590e+00     0.3184     0.7852    82.1758 0.0000e+00
        340 337.595436    0.02352     1.4111     84.666      4.045  49780.518    31.0294     5.7936      4.000     5.8004    24.4406     6.2552     8.9393     87.757    272.692    279.356    0.00195    7.12783   10.18639  310.73439   15.99361 3.1507e+00     0.3152     0.7793    82.2984 0.0000e+00
        344 337.595449    0.02382     1.4294     85.767      5.045  49781.655    31.0335     5.8134      5.000     5.8184    24.4417     6.2604     8.9467     87.874    272.917    279.588    0.00215    7.12430   10.18135  310.58021   15.98624 2.8601e+00     0.3197     0.8007    81.8586 0.0000e+00
        348 337.595461    0.02412     1.4472     86.830      6.056  49766.677    31.0236     5.8178      6.000     5.8177    24.4333     6.2583     8.9437     87.847    272.828    279.495    0.00133    7.12403   10.18095  310.57087   15.98584 2.7500e+00     0.3439     0.8014    81.8441 0.0000e+00
        353 337.595474    0.02442     1.4650     87.902      7.063  49764.258    31.0219     5.8202      7.000     5.8176    24.4316     6.2508     8.9329     87.746    272.502    279.160   -0.00000    7.12370   10.18048  310.55724   15.98520 2.5258e+00     0.3435     0.8032    81.8074 0.0000e+00
        357 337.595486    0.02473     1.4838     89.030      8.074  49769.992    31.0246     5.8163      8.000     5.8158    24.4343     6.2490     8.9305     87.715    272.425    279.083   -0.00049    7.12422   10.18122  310.57896   15.98622 2.4308e+00     0.4072     0.7950    81.9768 0.0000e+00
        362 337.595501    0.02507     1.5042     90.254      9.081  49767.567    31.0224     5.8155      9.000     5.8132    24.4326     6.2489     8.9304     87.710    272.421    279.077   -0.00045    7.12448   10.18159  310.59071   15.98679 2.2570e+00     0.3937     0.7883    82.1132 0.0000e+00
        367 337.595516    0.02545     1.5270     91.618     10.101  49796.636    31.0433     5.8226     10.000     5.8375    24.4483     6.2446     8.9241     87.676    272.226    278.882   -0.00069    7.12229   10.17846  310.49056   15.98194 2.1493e+00     0.3772     0.7802    82.2796 0.0000e+00
        372 337.595529    0.02575     1.5452     92.713     11.111  49785.923    31.0430     5.8616     11.000     5.8685    24.4435     6.2550     8.9391     87.905    272.684    279.349    0.00118    7.11574   10.16909  310.20624   15.96839 1.8947e+00     0.3746     0.7779    82.3258 0.0000e+00
        375 337.595538    0.02598     1.5588     93.530     12.118  49764.206    31.0294     5.8715     12.000     5.8651    24.4317     6.2571     8.9420     87.946    272.777    279.441    0.00180    7.11473   10.16766  310.16607   15.96654 1.6604e+00     0.3906     0.7922    82.0347 0.0000e+00
        378 337.595547    0.02618     1.5707     94.241     13.125  49766.548    31.0287     5.8618     13.000     5.8596    24.4323     6.2508     8.9331     87.838    272.506    279.164    0.00020    7.11638   10.17002  310.23760   15.96995 1.4459e+00     0.3599     0.8068    81.7336 0.0000e+00
        381 337.595555    0.02637     1.5822     94.934     14.127  49784.412    31.0409     5.8634     14.000     5.8713    24.4417     6.2508     8.9330     87.847    272.500    279.160   -0.00022    7.11555   10.16883  310.19854   15.96804 1.2617e+00     0.3708     0.8077    81.7165 0.0000e+00
        384 337.595564    0.02659     1.5953     95.721     15.137  49815.765    31.0655     5.8817     15.000     5.9054    24.4590     6.2505     8.9326     87.895    272.485    279.149    0.00038    7.11131   10.16278  310.00875   15.95890 1.1402e+00     0.3596     0.7995    81.8842 0.0000e+00
        388 337.595575    0.02684     1.6106     96.633     16.155  49807.030    31.0680     5.9283     16.000     5.9430    24.4556     6.2465     8.9269     87.937    272.310    278.970    0.00042    7.10339   10.15146  309.66436   15.94248 1.0295e+00     0.3544     0.7741    82.4031 0.0000e+00
        391 337.595584    0.02707     1.6245     97.473     17.160  49781.010    31.0531     5.9470     17.000     5.9564    24.4417     6.2397     8.9171     87.871    272.016    278.663   -0.00004    7.10095   10.14798  309.56241   15.93768 8.9100e-01     0.3486     0.7745    82.3973 0.0000e+00
        394 337.595594    0.02730     1.6383     98.295     18.169  49831.383    31.0932     5.9770     18.000     5.9973    24.4697     6.2197     8.8886     87.676    271.140    277.774   -0.00190    7.09404   10.13810  309.25261   15.92276 7.6939e-01     0.3669     0.7714    82.4610 0.0000e+00
        397 337.595603    0.02753     1.6520     99.122     19.182  49822.416    31.0921     6.0061     19.000     6.0309    24.4654     6.2090     8.8733     87.584    270.672    277.294   -0.00250    7.08924   10.13124  309.04473   15.91287 6.5708e-01     0.3748     0.7681    82.5273 0.0000e+00
        401 337.595612    0.02776     1.6653     99.918     20.189  49794.836    31.0803     6.0468     20.000     6.0545    24.4514     6.2003     8.8608     87.537    270.297    276.906   -0.00242    7.08302   10.12235  308.77770   15.90019 5.5234e-01     0.3656     0.7676    82.5397 0.0000e+00
        404 337.595622    0.02798     1.6788    100.727     21.199  49781.036    31.0729     6.0597     21.000     6.0595    24.4439     6.1951     8.8534     87.486    270.072    276.673   -0.00238    7.08122   10.11977  308.70136   15.89658 4.6568e-01     0.3497     0.7728    82.4324 0.0000e+00
        407 337.595632    0.02821     1.6925    101.549     22.209  49779.660    31.0718     6.0616     22.000     6.0597    24.4429     6.1917     8.8485     87.440    269.921    276.519   -0.00218    7.08096   10.11940  308.69042   15.89607 3.8592e-01     0.3486     0.7664    82.5629 0.0000e+00
        411 337.595641    0.02844     1.7065    102.389     23.220  49781.445    31.0726     6.0619     23.000     6.0600    24.4434     6.1842     8.8379     87.337    269.597    276.187   -0.00261    7.08087   10.11928  308.68663   15.89588 3.1948e-01     0.3492     0.7703    82.4849 0.0000e+00
        414 337.595651    0.02867     1.7205    103.232     24.230  49782.776    31.0730     6.0616     24.000     6.0600    24.4438     6.1791     8.8306     87.265    269.374    275.958   -0.00278    7.08089   10.11931  308.68731   15.89592 2.6102e-01     0.3675     0.7685    82.5203 0.0000e+00
        417 337.595660    0.02890     1.7337    104.020     25.234  49781.099    31.0715     6.0621     25.000     6.0593    24.4425     6.1794     8.8311     87.269    269.390    275.975   -0.00216    7.08088   10.11929  308.68712   15.89591 2.0942e-01     0.3574     0.7732    82.4243 0.0000e+00
        420 337.595669    0.02913     1.7475    104.848     26.245  49781.921    31.0713     6.0609     26.000     6.0583    24.4425     6.1812     8.8337     87.293    269.469    276.056   -0.00149    7.08111   10.11961  308.69679   15.89638 1.6899e-01     0.3539     0.7674    82.5437 0.0000e+00
        424 337.595680    0.02937     1.7626    105.753     27.257  49784.810    31.0728     6.0604     27.000     6.0583    24.4438     6.1786     8.8298     87.254    269.351    275.935   -0.00141    7.08112   10.11963  308.69714   15.89638 1.3783e-01     0.3357     0.7513    82.8762 0.0000e+00
        428 337.595691    0.02962     1.7776    106.655     28.267  49784.429    31.0720     6.0606     28.000     6.0579    24.4432     6.1792     8.8307     87.263    269.378    275.962   -0.00115    7.08112   10.11962  308.69707   15.89639 1.1060e-01     0.3498     0.7576    82.7464 0.0000e+00
        431 337.595700    0.02986     1.7919    107.516     29.278  49783.559    31.0707     6.0593     29.000     6.0560    24.4423     6.1773     8.8278     87.232    269.292    275.874   -0.00109    7.08139   10.12002  308.70939   15.89698 8.7681e-02     0.3262     0.7670    82.5524 0.0000e+00
        434 337.595710    0.03010     1.8057    108.342     30.285  49785.346    31.0712     6.0580     30.000     6.0553    24.4429     6.1774     8.8281     87.232    269.301    275.883   -0.00106    7.08158   10.12029  308.71755   15.89736 6.9927e-02     0.3302     0.7699    82.4912 0.0000e+00
        438 337.595719    0.03033     1.8196    109.174     31.295  49790.111    31.0741     6.0582     31.000     6.0572    24.4452     6.1817     8.8343     87.294    269.487    276.075   -0.00031    7.08141   10.12005  308.70962   15.89698 5.6313e-02     0.3413     0.7727    82.4340 0.0000e+00
        441 337.595729    0.03056     1.8335    110.013     32.305  49791.071    31.0748     6.0607     32.000     6.0591    24.4454     6.1845     8.8382     87.339    269.607    276.198    0.00011    7.08097   10.11941  308.68997   15.89603 4.6395e-02     0.3302     0.7631    82.6314 0.0000e+00
        444 337.595739    0.03079     1.8475    110.848     33.315  49792.273    31.0754     6.0626     33.000     6.0619    24.4458     6.1859     8.8402     87.363    269.669    276.262    0.00022    7.08062   10.11892  308.67493   15.89532 3.9585e-02     0.3380     0.7658    82.5762 0.0000e+00
        448 337.595748    0.03101     1.8606    111.638     34.325  49801.549    31.0821     6.0663     34.000     6.0725    24.4505     6.1805     8.8325     87.300    269.433    276.021   -0.00036    7.07969   10.11758  308.63244   15.89326 3.6761e-02     0.3280     0.7745    82.3964 0.0000e+00
        451 337.595757    0.03122     1.8735    112.407     35.333  49826.548    31.1024     6.0846     35.000     6.0979    24.4644     6.1738     8.8229     87.254    269.137    275.722   -0.00100    7.07569   10.11187  308.45426   15.88469 3.6383e-02     0.3253     0.7910    82.0581 0.0000e+00
        454 337.595766    0.03144     1.8863    113.181     36.346  49800.794    31.0880     6.1052     36.000     6.1058    24.4506     6.1786     8.8298     87.355    269.348    275.935   -0.00010    7.07294   10.10794  308.33846   15.87923 3.6382e-02     0.3193     0.8152    81.5629 0.0000e+00
        457 337.595774    0.03165     1.8985    113.912     37.353  49808.818    31.0943     6.1115     37.000     6.1136    24.4547     6.1773     8.8279     87.353    269.290    275.875    0.00020    7.07160   10.10602  308.27869   15.87636 3.6382e-02     0.3358     0.8364    81.1323 0.0000e+00
        460 337.595783    0.03185     1.9107    114.642     38.360  49791.850    31.0829     6.1160     38.000     6.1113    24.4453     6.1688     8.8158     87.236    268.923    275.497   -0.00101    7.07139   10.10573  308.27264   15.87612 3.6382e-02     0.3625     0.8432    80.9926 0.0000e+00
        463 337.595792    0.03205     1.9235    115.408     39.371  49804.402    31.0909     6.1150     39.000     6.1148    24.4518     6.1618     8.8059     87.140    268.620    275.189   -0.00184    7.07119   10.10544  308.26178   15.87557 3.6382e-02     0.3362     0.8440    80.9761 0.0000e+00
        466 337.595801    0.03227     1.9366    116.194     40.382  49800.102    31.0883     6.1191     40.000     6.1171    24.4492     6.1577     8.8000     87.089    268.440    275.003   -0.00197    7.07062   10.10463  308.23778   15.87444 3.6382e-02     0.3309     0.8344    81.1722 0.0000e+00
        469 337.595810    0.03250     1.9499    116.992     41.390  49816.184    31.0995     6.1221     41.000     6.1281    24.4577     6.1546     8.7955     87.057    268.303    274.865   -0.00192    7.06960   10.10317  308.19071   15.87215 3.6382e-02     0.3554     0.8299    81.2620 0.0000e+00
        472 337.595820    0.03273     1.9635    117.810     42.402  49819.933    31.1049     6.1393     42.000     6.1433    24.4598     6.1569     8.7988     87.128    268.402    274.967   -0.00106    7.06651   10.09874  308.05507   15.86567 3.6382e-02     0.3221     0.8026    81.8204 0.0000e+00
        475 337.595829    0.03295     1.9769    118.614     43.412  49812.449    31.1009     6.1480     43.000     6.1481    24.4556     6.1615     8.8054     87.209    268.605    275.174   -0.00002    7.06523   10.09692  308.00097   15.86311 3.6382e-02     0.3311     0.7721    82.4453 0.0000e+00
        479 337.595838    0.03316     1.9897    119.382     44.420  49819.190    31.1062     6.1539     44.000     6.1568    24.4591     6.1592     8.8022     87.192    268.506    275.073   -0.00017    7.06400   10.09517  307.94629   15.86048 3.6382e-02     0.3244     0.7653    82.5867 0.0000e+00
        482 337.595847    0.03337     2.0026    120.154     45.430  49843.259    31.1246     6.1661     45.000     6.1821    24.4723     6.1514     8.7910     87.117    268.160    274.722   -0.00089    7.06113   10.09106  307.81687   15.85423 3.6382e-02     0.3220     0.7689    82.5123 0.0000e+00
        485 337.595856    0.03359     2.0155    120.927     46.439  49848.906    31.1342     6.1988     46.000     6.2140    24.4758     6.1495     8.7883     87.163    268.078    274.639   -0.00066    7.05527   10.08268  307.56035   15.84197 3.6382e-02     0.3339     0.7820    82.2428 0.0000e+00
        488 337.595864    0.03381     2.0284    121.703     47.448  49830.130    31.1256     6.2245     47.000     6.2308    24.4660     6.1532     8.7935     87.261    268.240    274.802    0.00046    7.05142   10.07718  307.39558   15.83416 3.6382e-02     0.3430     0.8027    81.8179 0.0000e+00
        491 337.595874    0.03403     2.0415    122.491     48.458  49812.293    31.1158     6.2402     48.000     6.2335    24.4563     6.1511     8.7904     87.258    268.149    274.708    0.00033    7.04929   10.07413  307.30543   15.82990 3.6382e-02     0.3406     0.8201    81.4632 0.0000e+00
        494 337.595883    0.03425     2.0549    123.297     49.470  49878.592    31.1608     6.2384     49.000     6.2777    24.4921     6.1454     8.7824     87.200    267.893    274.455   -0.00042    7.04747   10.07155  307.21592   15.82545 3.6382e-02     0.3533     0.8242    81.3786 0.0000e+00
        497 337.595892    0.03446     2.0679    124.074     50.478  49917.345    31.2017     6.3171     50.000     6.3607    24.5149     6.1384     8.7724     87.285    267.582    274.142    0.00005    7.03260   10.05030  306.56076   15.79406 3.6382e-02     0.3400     0.8687    80.4786 0.0000e+00
        500 337.595901    0.03468     2.0807    124.845     51.488  49857.740    31.1719     6.3810     51.000     6.3878    24.4835     6.1359     8.7688     87.364    267.483    274.031    0.00083    7.02349   10.03727  306.17298   15.77571 3.6382e-02     0.3358     0.9749    78.3693 0.0000e+00
        503 337.595910    0.03489     2.0934    125.607     52.502  49853.242    31.1709     6.3943     52.000     6.4007    24.4811     6.1313     8.7622     87.323    267.279    273.823    0.00049    7.02135   10.03421  306.08024   15.77129 3.6382e-02     0.3347     1.0372    77.1579 0.0000e+00
        506 337.595918    0.03509     2.1052    126.311     53.508  49843.834    31.1664     6.4077     53.000     6.4073    24.4758     6.1204     8.7466     87.193    266.806    273.336   -0.00104    7.01937   10.03139  305.99569   15.76728 3.6382e-02     0.3493     1.0759    76.4163 0.0000e+00
