CTD-processing/allCTD/CNV/2013_04-20_t7_s19_cast100_5028.cnv
* Sea-Bird SBE19plus Data File:
* FileName = C:\Documents and Settings\kris.holderied.local\My Documents\2012-2013-CTD-DATA-new-files\2013-04-EVOSTC-CookInlet-Ocean\2013-04-CookInlet-Tran7-Augustine\2013-04-20-CookInlet-Trans7-Cast100.hex
* Software Version 1.54
* Temperature SN =  5028
* Conductivity SN =  5028
* System UpLoad Time = Apr 20 2013 15:03:58
** Cook Inlet LTM Tran7 Augustine to Flat Island
** Date:  2013-04-20
** Station:  7-19
** Start time (AKDT-24 hr):  1243
** Depth (m): 79
** Comment:
** Comment:
# nquan = 27
# nvalues = 80                          
# units = specified
# name 0 = scan: Scan Count
# name 1 = timeJ: Julian Days
# name 2 = timeH: Time, Elapsed [hours]
# name 3 = timeM: Time, Elapsed [minutes]
# name 4 = timeS: Time, Elapsed [seconds]
# name 5 = prdM: Pressure, Strain Gauge [db]
# name 6 = specc: Specific Conductance [uS/cm]
# name 7 = sal00: Salinity, Practical [PSU]
# name 8 = tv290C: Temperature [ITS-90, deg C]
# name 9 = depSM: Depth [salt water, m], lat = 59.00
# name 10 = potemp090C: Potential Temperature [ITS-90, deg C]
# name 11 = sigma-é00: Density [sigma-theta, kg/m^3]
# name 12 = sbeox0ML/L: Oxygen, SBE 43 [ml/l]
# name 13 = sbeox0Mg/L: Oxygen, SBE 43 [mg/l]
# name 14 = sbeox0PS: Oxygen, SBE 43 [% saturation]
# name 15 = sbox0Mm/Kg: Oxygen, SBE 43 [umol/kg]
# name 16 = sbeox0Mm/L: Oxygen, SBE 43 [umol/l]
# name 17 = sbox0dV/dT: Oxygen, SBE 43 [dov/dt]
# name 18 = oxsolML/L: Oxygen Saturation, Garcia & Gordon [ml/l]
# name 19 = oxsolMg/L: Oxygen Saturation, Garcia & Gordon [mg/l]
# name 20 = oxsolMm/Kg: Oxygen Saturation, Garcia & Gordon [umol/kg]
# name 21 = potemp090C: Potential Temperature [ITS-90, deg C]
# name 22 = n2satMg/L: Nitrogen Saturation [mg/l]
# name 23 = par: PAR/Irradiance, Biospherical/Licor
# name 24 = flECO-AFL: Fluorescence, WET Labs ECO-AFL/FL [mg/m^3]
# name 25 = turbWETntu0: Turbidity, WET Labs ECO [NTU]
# name 26 = flag: flag
# span 0 =        134,        613       
# span 1 = 110.531519, 110.532905       
# span 2 =    0.00924,    0.04253       
# span 3 =     0.5542,     2.5516       
# span 4 =     33.253,    153.091       
# span 5 =      1.009,     80.771       
# span 6 =  49880.803,  51791.765       
# span 7 =    30.8637,    31.9680       
# span 8 =     3.9504,     4.2790       
# span 9 =      1.000,     80.000       
# span 10 =     3.9453,     4.2542      
# span 11 =    24.4721,    25.3801      
# span 12 =     6.6167,     7.9531      
# span 13 =     9.4558,    11.3658      
# span 14 =     89.388,    107.439      
# span 15 =    288.481,    346.396      
# span 16 =    295.499,    355.186      
# span 17 =   -0.00060,    0.00852      
# span 18 =    7.35890,    7.40377      
# span 19 =   10.51660,   10.58072      
# span 20 =  320.52772,  322.80825      
# span 21 =     3.9453,     4.2789      
# span 22 =   16.45602,   16.56891      
# span 23 = 1.1327e-01, 8.6684e+02      
# span 24 =     0.7795,     1.4672      
# span 25 =     0.3187,     0.4608      
# span 26 = 0.0000e+00, 0.0000e+00      
# interval = meters: 1                  
# start_time = Apr 20 2013 12:44:50 [Instrument's time stamp, header]
# bad_flag = -9.990e-29
*END*
[from data line 54]
        524 110.532648    0.03633     2.1796    130.779     55.527  51769.123    31.9663     3.9544     55.000     3.9509    25.3782     7.9429    11.3512    107.294    345.951    354.730   -0.00006    7.40293   10.57953  322.43211     3.9509   16.54651 1.2903e+00     0.9370     0.3564 0.0000e+00
        528 110.532660    0.03661     2.1967    131.799     56.536  51769.836    31.9663     3.9546     56.000     3.9512    25.3782     7.9448    11.3538    107.319    346.031    354.812   -0.00002    7.40291   10.57950  322.43114     3.9510   16.54647 1.1990e+00     0.9222     0.3619 0.0000e+00
        532 110.532670    0.03686     2.2116    132.695     57.546  51770.655    31.9664     3.9550     57.000     3.9519    25.3783     7.9460    11.3556    107.337    346.084    354.867   -0.00001    7.40281   10.57936  322.42694     3.9514   16.54627 1.1061e+00     0.9082     0.3632 0.0000e+00
        535 110.532679    0.03708     2.2248    133.486     58.555  51770.818    31.9662     3.9560     58.000     3.9528    25.3781     7.9491    11.3600    107.382    346.219    355.005    0.00008    7.40265   10.57913  322.41996     3.9523   16.54593 1.0170e+00     0.9114     0.3617 0.0000e+00
        538 110.532688    0.03729     2.2374    134.242     59.565  51770.603    31.9657     3.9568     59.000     3.9533    25.3776     7.9528    11.3653    107.433    346.380    355.170    0.00018    7.40252   10.57894  322.41438     3.9530   16.54567 9.3206e-01     0.9097     0.3610 0.0000e+00
        541 110.532697    0.03751     2.2506    135.034     60.575  51770.632    31.9654     3.9572     60.000     3.9532    25.3773     7.9531    11.3658    107.439    346.396    355.186    0.00015    7.40247   10.57887  322.41234     3.9534   16.54558 8.5233e-01     0.9021     0.3522 0.0000e+00
        545 110.532707    0.03776     2.2656    135.938     61.585  51771.291    31.9652     3.9567     61.000     3.9523    25.3772     7.9507    11.3623    107.404    346.290    355.077   -0.00001    7.40256   10.57901  322.41637     3.9528   16.54577 7.7834e-01     0.8919     0.3480 0.0000e+00
        549 110.532719    0.03804     2.2825    136.951     62.595  51772.973    31.9656     3.9557     62.000     3.9514    25.3777     7.9470    11.3570    107.352    346.127    354.910   -0.00019    7.40273   10.57924  322.42344     3.9517   16.54610 7.0750e-01     0.8989     0.3438 0.0000e+00
        553 110.532730    0.03830     2.2982    137.890     63.604  51774.356    31.9660     3.9555     63.000     3.9514    25.3780     7.9448    11.3538    107.322    346.031    354.813   -0.00030    7.40276   10.57928  322.42467     3.9514   16.54616 6.4311e-01     0.9063     0.3365 0.0000e+00
        556 110.532740    0.03853     2.3120    138.722     64.614  51774.664    31.9656     3.9553     64.000     3.9505    25.3777     7.9444    11.3533    107.317    346.017    354.798   -0.00031    7.40280   10.57934  322.42670     3.9512   16.54626 5.8668e-01     0.8994     0.3398 0.0000e+00
        559 110.532749    0.03874     2.3247    139.482     65.624  51775.899    31.9657     3.9543     65.000     3.9491    25.3779     7.9459    11.3555    107.334    346.082    354.864   -0.00027    7.40298   10.57960  322.43425     3.9501   16.54662 5.3628e-01     0.8949     0.3530 0.0000e+00
        562 110.532757    0.03895     2.3367    140.202     66.634  51777.788    31.9661     3.9528     66.000     3.9476    25.3784     7.9489    11.3598    107.371    346.213    354.999   -0.00018    7.40322   10.57994  322.44481     3.9486   16.54712 4.9003e-01     0.8909     0.3513 0.0000e+00
        565 110.532765    0.03915     2.3491    140.946     67.643  51780.301    31.9670     3.9515     67.000     3.9467    25.3792     7.9511    11.3629    107.397    346.306    355.095   -0.00012    7.40342   10.58022  322.45298     3.9472   16.54751 4.4589e-01     0.8817     0.3497 0.0000e+00
        568 110.532775    0.03939     2.3632    141.790     68.653  51781.705    31.9673     3.9509     68.000     3.9462    25.3795     7.9504    11.3619    107.387    346.275    355.064   -0.00016    7.40352   10.58037  322.45724     3.9465   16.54771 4.0271e-01     0.8712     0.3480 0.0000e+00
        572 110.532787    0.03965     2.3794    142.764     69.663  51783.014    31.9676     3.9504     69.000     3.9459    25.3798     7.9448    11.3539    107.311    346.033    354.815   -0.00039    7.40358   10.58046  322.45995     3.9460   16.54783 3.5842e-01     0.8675     0.3392 0.0000e+00
        576 110.532798    0.03994     2.3962    143.772     70.673  51783.955    31.9676     3.9504     70.000     3.9459    25.3798     7.9387    11.3452    107.228    345.768    354.544   -0.00060    7.40359   10.58047  322.46031     3.9459   16.54785 3.1648e-01     0.8581     0.3433 0.0000e+00
        580 110.532810    0.04020     2.4122    144.730     71.682  51784.684    31.9677     3.9505     71.000     3.9460    25.3799     7.9387    11.3451    107.228    345.765    354.540   -0.00057    7.40356   10.58043  322.45928     3.9459   16.54780 2.7966e-01     0.8517     0.3490 0.0000e+00
        583 110.532819    0.04045     2.4269    145.614     72.692  51785.325    31.9676     3.9506     72.000     3.9460    25.3798     7.9447    11.3537    107.309    346.027    354.810   -0.00030    7.40355   10.58042  322.45861     3.9460   16.54777 2.4894e-01     0.8573     0.3508 0.0000e+00
        587 110.532830    0.04069     2.4412    146.474     73.702  51785.996    31.9676     3.9507     73.000     3.9458    25.3798     7.9477    11.3580    107.349    346.158    354.944   -0.00018    7.40355   10.58040  322.45843     3.9459   16.54776 2.2281e-01     0.8500     0.3405 0.0000e+00
        591 110.532840    0.04094     2.4568    147.407     74.712  51786.868    31.9677     3.9506     74.000     3.9457    25.3799     7.9483    11.3590    107.358    346.186    354.973   -0.00016    7.40356   10.58043  322.45905     3.9458   16.54779 1.9947e-01     0.8359     0.3428 0.0000e+00
        595 110.532852    0.04124     2.4744    148.462     75.722  51787.640    31.9676     3.9505     75.000     3.9456    25.3798     7.9512    11.3631    107.397    346.312    355.102   -0.00007    7.40357   10.58044  322.45953     3.9457   16.54781 1.7872e-01     0.8412     0.3430 0.0000e+00
        599 110.532864    0.04151     2.4907    149.445     76.731  51788.564    31.9678     3.9505     76.000     3.9455    25.3800     7.9516    11.3637    107.402    346.330    355.119   -0.00007    7.40358   10.58046  322.45988     3.9455   16.54783 1.6147e-01     0.8504     0.3395 0.0000e+00
        602 110.532873    0.04175     2.5046    150.279     77.741  51789.324    31.9677     3.9504     77.000     3.9453    25.3799     7.9487    11.3595    107.362    346.203    354.990   -0.00021    7.40359   10.58047  322.46026     3.9454   16.54785 1.4786e-01     0.8252     0.3437 0.0000e+00
        605 110.532882    0.04195     2.5173    151.037     78.751  51790.270    31.9679     3.9504     78.000     3.9453    25.3801     7.9468    11.3567    107.336    346.117    354.902   -0.00031    7.40358   10.58046  322.45987     3.9453   16.54783 1.3566e-01     0.8146     0.3472 0.0000e+00
        608 110.532892    0.04218     2.5311    151.865     79.761  51790.962    31.9678     3.9504     79.000     3.9454    25.3801     7.9462    11.3560    107.329    346.095    354.879   -0.00032    7.40357   10.58044  322.45932     3.9453   16.54780 1.2442e-01     0.8132     0.3579 0.0000e+00
        613 110.532905    0.04253     2.5516    153.091     80.771  51791.765    31.9680     3.9506     80.000     3.9456    25.3801     7.9404    11.3473    107.249    345.833    354.611   -0.00051    7.40353   10.58040  322.45800     3.9455   16.54774 1.1327e-01     0.7795     0.3980 0.0000e+00
