CTD-processing/allCTD/CNV/2013_07-05_t9andtutka_tutkac_cast216_5028.cnv
* Sea-Bird SBE19plus Data File:
* FileName = C:\Documents and Settings\kbayadmin\My Documents\CTD data\2013-07-05 Kachemak Bay Homer Spit Line and Tutka Bay\2013-07-05 Kachemak Bay Homer Spit Line and Tutka Bay cast216.hex
* Software Version 1.59
* Temperature SN =  5028
* Conductivity SN =  5028
* System UpLoad Time = Jul 06 2013 12:05:48
** Kachemak Bay Homer Spit Line and Tutka Bay
** 2013-07-05
** Station:Tutka C
** N': 59 25.182
** W':-151 18.580
** Start Time:1755
** Depth(ft):120
# nquan = 27
# nvalues = 31                          
# units = specified
# name 0 = scan: Scan Count
# name 1 = timeJ: Julian Days
# name 2 = timeH: Time, Elapsed [hours]
# name 3 = timeM: Time, Elapsed [minutes]
# name 4 = timeS: Time, Elapsed [seconds]
# name 5 = prdM: Pressure, Strain Gauge [db]
# name 6 = specc: Specific Conductance [uS/cm]
# name 7 = sal00: Salinity, Practical [PSU]
# name 8 = tv290C: Temperature [ITS-90, deg C]
# name 9 = depSM: Depth [salt water, m], lat = 59.00
# name 10 = potemp090C: Potential Temperature [ITS-90, deg C]
# name 11 = sigma-é00: Density [sigma-theta, kg/m^3]
# name 12 = sbeox0ML/L: Oxygen, SBE 43 [ml/l]
# name 13 = sbeox0Mg/L: Oxygen, SBE 43 [mg/l]
# name 14 = sbeox0PS: Oxygen, SBE 43 [% saturation]
# name 15 = sbox0Mm/Kg: Oxygen, SBE 43 [umol/kg]
# name 16 = sbeox0Mm/L: Oxygen, SBE 43 [umol/l]
# name 17 = sbox0dV/dT: Oxygen, SBE 43 [dov/dt]
# name 18 = oxsolML/L: Oxygen Saturation, Garcia & Gordon [ml/l]
# name 19 = oxsolMg/L: Oxygen Saturation, Garcia & Gordon [mg/l]
# name 20 = oxsolMm/Kg: Oxygen Saturation, Garcia & Gordon [umol/kg]
# name 21 = potemp090C: Potential Temperature [ITS-90, deg C]
# name 22 = n2satMg/L: Nitrogen Saturation [mg/l]
# name 23 = par: PAR/Irradiance, Biospherical/Licor
# name 24 = flECO-AFL: Fluorescence, WET Labs ECO-AFL/FL [mg/m^3]
# name 25 = turbWETntu0: Turbidity, WET Labs ECO [NTU]
# name 26 = flag: flag
# span 0 =        353,        503       
# span 1 = 186.746517, 186.746951       
# span 2 =    0.02446,    0.03486       
# span 3 =     1.4675,     2.0923       
# span 4 =     88.050,    125.531       
# span 5 =      1.010,     31.294       
# span 6 =  47650.704,  50486.195       
# span 7 =    29.8348,    31.6066       
# span 8 =     6.3097,     7.3956       
# span 9 =      1.000,     31.000       
# span 10 =     6.3071,     7.4074      
# span 11 =    23.3067,    24.8322      
# span 12 =     6.6052,     8.3676      
# span 13 =     9.4395,    11.9582      
# span 14 =     96.024,    121.440      
# span 15 =    288.062,    365.002      
# span 16 =    294.988,    373.698      
# span 17 =   -0.05553,    0.02967      
# span 18 =    6.87840,    7.01517      
# span 19 =    9.82992,   10.02534      
# span 20 =  299.97530,  305.70540      
# span 21 =     6.3072,     7.3954      
# span 22 =   15.48177,   15.75166      
# span 23 = 4.0938e-01, 4.7503e+01      
# span 24 =     0.1861,     0.7060      
# span 25 =     0.3886,     1.8940      
# span 26 = 0.0000e+00, 0.0000e+00      
# interval = meters: 1                  
# start_time = Jul 05 2013 17:53:31 [Instrument's time stamp, header]
# bad_flag = -9.990e-29
*END*
        353 186.746517    0.02446     1.4675     88.050      1.010  47650.704    29.8348     7.3583      1.000     7.3470    23.3067     7.7087    11.0164    111.281    336.430    344.269   -0.00008    6.92675    9.89903  302.30307     7.3582   15.59672 4.7503e+01     0.6743     1.8940 0.0000e+00
        361 186.746540    0.02503     1.5016     90.096      2.019  48590.185    30.4918     7.3956      2.000     7.4074    23.8178     8.3676    11.9582    121.440    365.002    373.698    0.02967    6.89112    9.84809  300.59771     7.3954   15.51267 3.1608e+01     0.7060     0.9109 0.0000e+00
        368 186.746560    0.02549     1.5292     91.754      3.028  49012.993    30.7844     7.3925      3.000     7.3753    24.0482     6.6052     9.4395     96.024    288.062    294.988   -0.05553    6.87840    9.82992  299.97530     7.3922   15.48177 2.4791e+01     0.5255     0.6523 0.0000e+00
        375 186.746581    0.02600     1.5601     93.605      4.038  49435.326    31.0615     7.2952      4.000     7.2601    24.2790     7.4204    10.6046    107.832    323.540    331.397   -0.00338    6.88127    9.83403  300.03325     7.2948   15.48340 2.1001e+01     0.4412     0.5742 0.0000e+00
        381 186.746598    0.02641     1.5844     95.065      5.048  49663.347    31.2047     7.2061      5.000     7.1787    24.4034     7.6636    10.9521    111.246    334.104    342.257    0.00843    6.88892    9.84495  300.32991     7.2056   15.49696 1.8184e+01     0.4323     0.5715 0.0000e+00
        387 186.746614    0.02680     1.6080     96.480      6.057  49842.356    31.3072     7.0814      6.000     7.0232    24.5005     7.6368    10.9137    110.613    332.902    341.058    0.00442    6.90409    9.86663  300.96291     7.0809   15.52674 1.5775e+01     0.4551     0.5645 0.0000e+00
        393 186.746632    0.02721     1.6328     97.968      7.066  50042.539    31.4206     6.9352      7.000     6.9047    24.6088     7.5498    10.7894    109.066    329.074    337.172   -0.00148    6.92225    9.89260  301.72302     6.9346   15.56253 1.3541e+01     0.4754     0.4795 0.0000e+00
        398 186.746646    0.02757     1.6541     99.246      8.075  50124.828    31.4657     6.8688      8.000     6.8522    24.6529     7.4628    10.6651    107.676    325.269    333.288   -0.00560    6.93083    9.90485  302.08371     6.8682   15.57954 1.1642e+01     0.4568     0.4863 0.0000e+00
        403 186.746661    0.02792     1.6748    100.486      9.085  50175.816    31.4953     6.8387      9.000     6.8323    24.6801     7.4515    10.6490    107.459    324.771    332.787   -0.00532    6.93431    9.90982  302.22726     6.8380   15.58627 1.0000e+01     0.4411     0.5155 0.0000e+00
        408 186.746676    0.02828     1.6971    101.828     10.094  50202.673    31.5109     6.8244     10.000     6.8137    24.6943     7.5143    10.7387    108.339    327.503    335.590   -0.00147    6.93590    9.91209  302.29228     6.8235   15.58930 8.5166e+00     0.4417     0.5416 0.0000e+00
        412 186.746688    0.02857     1.7144    102.864     11.104  50218.789    31.5166     6.7962     11.000     6.7760    24.7025     7.5775    10.8290    109.182    330.253    338.411    0.00131    6.94018    9.91821  302.47644     6.7952   15.59806 7.2286e+00     0.4730     0.5678 0.0000e+00
        416 186.746699    0.02884     1.7303    103.816     12.114  50254.685    31.5348     6.7614     12.000     6.7440    24.7213     7.6586    10.9449    110.276    333.782    342.033    0.00445    6.94493    9.92499  302.67784     6.7604   15.60759 6.1595e+00     0.5023     0.5738 0.0000e+00
        420 186.746711    0.02912     1.7468    104.807     13.123  50280.035    31.5461     6.7288     13.000     6.7103    24.7344     7.7229    11.0368    111.125    336.579    344.904    0.00640    6.94968    9.93178  302.88094     6.7276   15.61723 5.2391e+00     0.5081     0.5048 0.0000e+00
        425 186.746723    0.02941     1.7650    105.901     14.133  50302.699    31.5546     6.6913     14.000     6.6750    24.7458     7.7603    11.0902    111.573    338.204    346.573    0.00654    6.95534    9.93987  303.12428     6.6901   15.62880 4.4774e+00     0.4694     0.4828 0.0000e+00
        430 186.746740    0.02982     1.7895    107.369     15.142  50332.076    31.5677     6.6535     15.000     6.6432    24.7609     7.7932    11.1372    111.957    339.632    348.042    0.00606    6.96084    9.94773  303.35942     6.6522   15.63996 3.8402e+00     0.4320     0.4657 0.0000e+00
        436 186.746756    0.03020     1.8119    108.712     16.151  50347.178    31.5738     6.6320     16.000     6.6236    24.7685     7.8051    11.1542    112.076    340.148    348.574    0.00495    6.96403    9.95229  303.49637     6.6307   15.64646 3.2779e+00     0.4111     0.4804 0.0000e+00
        440 186.746768    0.03049     1.8294    109.765     17.161  50351.044    31.5729     6.6155     17.000     6.6026    24.7700     7.8542    11.2245    112.738    342.291    350.769    0.00598    6.96674    9.95617  303.61422     6.6140   15.65208 2.8148e+00     0.3972     0.4593 0.0000e+00
        444 186.746780    0.03076     1.8457    110.739     18.171  50356.907    31.5722     6.5915     18.000     6.5747    24.7723     7.9109    11.3054    113.488    344.759    353.299    0.00732    6.97067    9.96178  303.78442     6.5900   15.66020 2.4203e+00     0.3856     0.4287 0.0000e+00
        448 186.746790    0.03103     1.8617    111.704     19.180  50371.627    31.5767     6.5631     19.000     6.5476    24.7795     7.9467    11.3566    113.929    346.316    354.897    0.00746    6.97506    9.96806  303.97388     6.5615   15.66921 2.0922e+00     0.3468     0.4180 0.0000e+00
        452 186.746802    0.03130     1.8780    112.682     20.189  50385.301    31.5806     6.5355     20.000     6.5199    24.7861     7.9727    11.3937    114.232    347.446    356.058    0.00708    6.97937    9.97421  304.15961     6.5337   15.67806 1.8165e+00     0.3173     0.4077 0.0000e+00
        456 186.746813    0.03157     1.8942    113.653     21.199  50401.147    31.5865     6.5100     21.000     6.4954    24.7939     7.9938    11.4239    114.472    348.367    357.004    0.00659    6.98324    9.97975  304.32609     6.5082   15.68597 1.5833e+00     0.2734     0.3977 0.0000e+00
        459 186.746824    0.03184     1.9103    114.618     22.209  50410.533    31.5875     6.4831     22.000     6.4653    24.7981     8.0137    11.4524    114.686    349.232    357.893    0.00607    6.98756    9.98593  304.51315     6.4813   15.69488 1.3836e+00     0.2361     0.3937 0.0000e+00
        463 186.746835    0.03210     1.9263    115.576     23.218  50429.620    31.5948     6.4540     23.000     6.4403    24.8076     8.0466    11.4995    115.084    350.664    359.363    0.00621    6.99197    9.99223  304.70257     6.4520   15.70388 1.2101e+00     0.2033     0.3994 0.0000e+00
        467 186.746847    0.03238     1.9427    116.562     24.228  50442.604    31.5994     6.4326     24.000     6.4214    24.8138     8.0882    11.5588    115.623    352.470    361.216    0.00675    6.99525    9.99690  304.84326     6.4306   15.71057 1.0607e+00     0.1936     0.4144 0.0000e+00
        471 186.746859    0.03266     1.9595    117.568     25.237  50451.400    31.6017     6.4152     25.000     6.4056    24.8179     8.1353    11.6262    116.253    354.526    363.325    0.00746    6.99798   10.00081  304.96128     6.4131   15.71619 9.3086e-01     0.1945     0.4250 0.0000e+00
        475 186.746870    0.03295     1.9767    118.600     26.247  50458.499    31.6034     6.4003     26.000     6.3920    24.8210     8.1875    11.7008    116.958    356.798    365.654    0.00826    7.00033   10.00418  305.06288     6.3981   15.72102 8.1816e-01     0.1875     0.4014 0.0000e+00
        480 186.746885    0.03329     1.9976    119.856     27.257  50467.201    31.6066     6.3878     27.000     6.3820    24.8251     8.2410    11.7772    117.691    359.127    368.042    0.00871    7.00223   10.00688  305.14423     6.3855   15.72489 7.2131e-01     0.2001     0.3886 0.0000e+00
        486 186.746902    0.03371     2.0226    121.355     28.266  50467.058    31.6037     6.3751     28.000     6.3662    24.8244     8.2803    11.8333    118.215    360.839    369.796    0.00810    7.00444   10.01004  305.24078     6.3728   15.72950 6.3229e-01     0.1861     0.4024 0.0000e+00
        492 186.746917    0.03407     2.0439    122.634     29.276  50471.578    31.6028     6.3564     29.000     6.3461    24.8260     8.2741    11.8245    118.075    360.570    369.522    0.00596    7.00753   10.01446  305.37490     6.3540   15.73590 5.5041e-01     0.1937     0.4408 0.0000e+00
        497 186.746933    0.03443     2.0660    123.958     30.286  50477.920    31.6028     6.3354     30.000     6.3250    24.8286     8.2429    11.7800    117.572    359.210    368.129    0.00310    7.01097   10.01938  305.52403     6.3329   15.74300 4.7625e-01     0.2138     0.4844 0.0000e+00
        503 186.746951    0.03486     2.0923    125.531     31.294  50486.195    31.6032     6.3097     31.000     6.3071    24.8322     8.2042    11.7245    116.947    357.517    366.394    0.00025    7.01517   10.02534  305.70540     6.3072   15.75166 4.0938e-01     0.2141     0.5466 0.0000e+00
