CTD-processing/allCTD/CNV/2013_07-18_t7_s15_cast009_5028.cnv
* Sea-Bird SBE19plus Data File:
* FileName = C:\Documents and Settings\kris.holderied.local\My Documents\2012-2013-CTD-DATA-new-files\2013-07-CookInlet-EVOSTC-LTM\2013-07-18-CookInlet-Tran7-Augustine\2013-07-18-CookInlet-Tran7-Augustine-cast009.hex
* Software Version 1.54
* Temperature SN =  5028
* Conductivity SN =  5028
* System UpLoad Time = Jul 18 2013 22:07:37
** Cook Inlet LTM Ocean - Tran7 Augustine Line, East to West
** Date: 2013-07-18
** Station: 7-15
** Start time (AKDT-24 hr): 15:16
** Depth (m): 69
** Comment:
** Comment:
# nquan = 27
# nvalues = 69                          
# units = specified
# name 0 = scan: Scan Count
# name 1 = timeJ: Julian Days
# name 2 = timeH: Time, Elapsed [hours]
# name 3 = timeM: Time, Elapsed [minutes]
# name 4 = timeS: Time, Elapsed [seconds]
# name 5 = prdM: Pressure, Strain Gauge [db]
# name 6 = specc: Specific Conductance [uS/cm]
# name 7 = sal00: Salinity, Practical [PSU]
# name 8 = tv290C: Temperature [ITS-90, deg C]
# name 9 = depSM: Depth [salt water, m], lat = 59.00
# name 10 = potemp090C: Potential Temperature [ITS-90, deg C]
# name 11 = sigma-é00: Density [sigma-theta, kg/m^3]
# name 12 = sbeox0ML/L: Oxygen, SBE 43 [ml/l]
# name 13 = sbeox0Mg/L: Oxygen, SBE 43 [mg/l]
# name 14 = sbeox0PS: Oxygen, SBE 43 [% saturation]
# name 15 = sbox0Mm/Kg: Oxygen, SBE 43 [umol/kg]
# name 16 = sbeox0Mm/L: Oxygen, SBE 43 [umol/l]
# name 17 = sbox0dV/dT: Oxygen, SBE 43 [dov/dt]
# name 18 = oxsolML/L: Oxygen Saturation, Garcia & Gordon [ml/l]
# name 19 = oxsolMg/L: Oxygen Saturation, Garcia & Gordon [mg/l]
# name 20 = oxsolMm/Kg: Oxygen Saturation, Garcia & Gordon [umol/kg]
# name 21 = potemp090C: Potential Temperature [ITS-90, deg C]
# name 22 = n2satMg/L: Nitrogen Saturation [mg/l]
# name 23 = par: PAR/Irradiance, Biospherical/Licor
# name 24 = flECO-AFL: Fluorescence, WET Labs ECO-AFL/FL [mg/m^3]
# name 25 = turbWETntu0: Turbidity, WET Labs ECO [NTU]
# name 26 = flag: flag
# span 0 =         43,        585       
# span 1 = 199.636406, 199.637973       
# span 2 =    0.00291,    0.04053       
# span 3 =     0.1744,     2.4313       
# span 4 =     10.467,    145.876       
# span 5 =      1.010,     69.664       
# span 6 =  46892.722,  50620.037       
# span 7 =    29.8893,    31.9444       
# span 8 =     7.6175,    10.6165       
# span 9 =      1.000,     69.000       
# span 10 =     7.6112,    10.4962      
# span 11 =    22.8701,    24.9040      
# span 12 =     5.4962,     7.9001      
# span 13 =     7.8546,    11.2901      
# span 14 =     85.373,    123.184      
# span 15 =    240.005,    344.445      
# span 16 =    245.461,    352.820      
# span 17 =   -0.02932,    0.03106      
# span 18 =    6.39247,    6.79277      
# span 19 =    9.13549,    9.70755      
# span 20 =  278.65074,  295.99364      
# span 21 =     7.6110,    10.6163      
# span 22 =   14.45805,   15.28718      
# span 23 = 5.6226e-02, 4.6264e+02      
# span 24 =     1.1128,     2.5046      
# span 25 =     0.4480,     1.2251      
# span 26 = 0.0000e+00, 0.0000e+00      
# interval = meters: 1                  
# start_time = Jul 18 2013 15:16:15 [Instrument's time stamp, header]
# bad_flag = -9.990e-29
*END*
         43 199.636406    0.00291     0.1744     10.467      1.010  46892.722    29.8893    10.6165      1.000    10.4962    22.8701     5.4962     7.8546     85.373    240.005    245.461    0.00057    6.44187    9.20607  281.32838    10.6163   14.59483 3.1841e+02     1.1128     1.2251 0.0000e+00
        214 199.636902    0.01482     0.8893     53.358      2.019  50084.658    31.9444    10.3350      2.000    10.3433    24.5104     7.3502    10.5042    114.937    320.417    328.261    0.02449    6.39247    9.13549  278.65074    10.3348   14.45805 4.6264e+02     1.5027     0.4550 0.0000e+00
        303 199.637160    0.02100     1.2600     75.598      3.028  49695.632    31.6755    10.2659      3.000    10.2275    24.3131     7.9001    11.2901    123.184    344.445    352.820    0.03106    6.41352    9.16557  279.62936    10.2656   14.50600 3.5729e+02     1.5105     0.5355 0.0000e+00
        303 199.637158    0.02094     1.2568     75.406      4.038  49604.212    31.5946    10.1428      4.000     9.9738    24.2703     7.8049    11.1540    121.312    340.309    348.568    0.01958    6.43422    9.19514  280.54318    10.1424   14.55005 2.2214e+02     1.6691     0.5491 0.0000e+00
        307 199.637170    0.02124     1.2744     76.465      5.047  49597.184    31.5283     9.6788      5.000     9.3741    24.2934     7.7033    11.0087    118.485    335.869    344.028    0.00598    6.50308    9.29355  283.53922     9.6782   14.69363 1.7191e+02     2.0401     0.5282 0.0000e+00
        312 199.637184    0.02159     1.2954     77.721      6.057  49875.222    31.6158     8.9009      6.000     8.6351    24.4834     7.4618    10.6637    112.882    325.281    333.244   -0.01426    6.61232    9.44967  288.24850     8.9002   14.91843 1.4798e+02     2.3716     0.5056 0.0000e+00
        316 199.637197    0.02189     1.3135     78.811      7.066  50158.360    31.7393     8.3896      7.000     8.2287    24.6571     7.2438    10.3521    108.413    315.724    323.508   -0.02669    6.68280    9.55039  291.27172     8.3889   15.06238 1.2479e+02     2.4386     0.4802 0.0000e+00
        320 199.637207    0.02213     1.3278     79.670      8.076  50318.640    31.8126     8.1366      8.000     8.0482    24.7518     7.1509    10.2193    106.456    311.645    319.358   -0.02932    6.71764    9.60018  292.76330     8.1359   15.13334 1.0165e+02     2.4727     0.4697 0.0000e+00
        323 199.637216    0.02234     1.3408     80.446      9.085  50419.907    31.8640     8.0148      9.000     7.9776    24.8098     7.1242    10.1811    105.798    310.462    318.164   -0.02755    6.73385    9.62335  293.45323     8.0139   15.16608 7.8744e+01     2.5046     0.4798 0.0000e+00
        326 199.637226    0.02258     1.3549     81.293     10.094  50461.028    31.8845     7.9645     10.000     7.9479    24.8331     7.1325    10.1931    105.815    310.821    318.539   -0.02331    6.74060    9.63299  293.74074     7.9635   15.17973 6.1991e+01     2.4725     0.4902 0.0000e+00
        331 199.637241    0.02295     1.3767     82.601     11.104  50479.335    31.8923     7.9365     11.000     7.9296    24.8433     7.1432    10.2084    105.912    311.284    319.017   -0.01777    6.74452    9.63860  293.90870     7.9354   15.18772 5.1837e+01     2.3913     0.4800 0.0000e+00
        338 199.637260    0.02340     1.4043     84.258     12.114  50480.303    31.8899     7.9200     12.000     7.9141    24.8438     7.1537    10.2233    106.025    311.738    319.483   -0.01229    6.74715    9.64235  294.02303     7.9189   15.19318 4.4650e+01     2.4343     0.4754 0.0000e+00
        342 199.637270    0.02365     1.4191     85.148     13.123  50483.824    31.8906     7.9121     13.000     7.9086    24.8454     7.1649    10.2394    106.174    312.230    319.986   -0.00995    6.74832    9.64403  294.07367     7.9109   15.19560 3.5351e+01     2.4422     0.4804 0.0000e+00
        344 199.637278    0.02384     1.4305     85.829     14.133  50485.609    31.8910     7.9097     14.000     7.9069    24.8461     7.2175    10.3145    106.947    314.520    322.335   -0.00645    6.74868    9.64454  294.08902     7.9084   15.19633 2.7905e+01     2.3987     0.4672 0.0000e+00
        348 199.637288    0.02407     1.4438     86.630     15.142  50485.245    31.8898     7.9070     15.000     7.9032    24.8456     7.3194    10.4602    108.450    318.960    326.885   -0.00060    6.74914    9.64519  294.10922     7.9056   15.19730 2.1850e+01     2.3931     0.4632 0.0000e+00
        353 199.637303    0.02445     1.4669     88.012     16.152  50486.302    31.8891     7.9006     16.000     7.8968    24.8459     7.3875    10.5575    109.442    321.928    329.927    0.00284    6.75016    9.64666  294.15375     7.8990   15.19943 1.6754e+01     2.4437     0.4826 0.0000e+00
        359 199.637321    0.02486     1.4919     89.514     17.161  50487.006    31.8881     7.8943     17.000     7.8907    24.8461     7.3704    10.5330    109.172    321.180    329.160    0.00118    6.75116    9.64808  294.19696     7.8927   15.20150 1.3648e+01     2.3794     0.4818 0.0000e+00
        363 199.637333    0.02516     1.5096     90.573     18.171  50487.280    31.8871     7.8897     18.000     7.8855    24.8459     7.3798    10.5465    109.299    321.593    329.583    0.00126    6.75192    9.64917  294.23019     7.8880   15.20309 1.1951e+01     2.3537     0.4609 0.0000e+00
        367 199.637344    0.02541     1.5246     91.473     19.180  50489.586    31.8876     7.8856     19.000     7.8821    24.8469     7.4026    10.5791    109.628    322.587    330.602    0.00207    6.75253    9.65003  294.25643     7.8838   15.20434 1.0322e+01     2.3120     0.4677 0.0000e+00
        370 199.637353    0.02563     1.5381     92.284     20.189  50490.525    31.8874     7.8831     20.000     7.8795    24.8471     7.4304    10.6188    110.033    323.797    331.842    0.00304    6.75290    9.65058  294.27294     7.8812   15.20513 8.6309e+00     2.2538     0.4731 0.0000e+00
        374 199.637363    0.02587     1.5523     93.141     21.199  50491.107    31.8868     7.8799     21.000     7.8755    24.8471     7.4610    10.6625    110.477    325.129    333.208    0.00400    6.75343    9.65132  294.29566     7.8779   15.20621 7.1694e+00     2.2468     0.4849 0.0000e+00
        378 199.637376    0.02620     1.5719     94.314     22.209  50493.937    31.8875     7.8748     22.000     7.8712    24.8484     7.4804    10.6902    110.752    325.973    334.073    0.00406    6.75418    9.65240  294.32815     7.8727   15.20776 6.3008e+00     2.2664     0.4807 0.0000e+00
        384 199.637393    0.02660     1.5958     95.749     23.218  50495.747    31.8878     7.8717     23.000     7.8687    24.8491     7.4772    10.6856    110.697    325.834    333.930    0.00283    6.75464    9.65306  294.34808     7.8695   15.20872 5.9187e+00     2.2923     0.4732 0.0000e+00
        388 199.637404    0.02685     1.6111     96.667     24.228  50496.472    31.8876     7.8704     24.000     7.8677    24.8492     7.4769    10.6852    110.690    325.823    333.919    0.00227    6.75484    9.65335  294.35687     7.8682   15.20914 5.2505e+00     2.2681     0.4749 0.0000e+00
        390 199.637411    0.02704     1.6225     97.352     25.238  50497.170    31.8876     7.8699     25.000     7.8673    24.8492     7.4913    10.7059    110.902    326.452    334.563    0.00251    6.75492    9.65346  294.36036     7.8675   15.20930 4.5009e+00     2.2474     0.4863 0.0000e+00
        394 199.637421    0.02726     1.6356     98.136     26.247  50497.414    31.8872     7.8696     26.000     7.8667    24.8490     7.5168    10.7423    111.278    327.560    335.700    0.00341    6.75498    9.65354  294.36268     7.8671   15.20941 3.7601e+00     2.2586     0.4963 0.0000e+00
        398 199.637432    0.02754     1.6522     99.133     27.257  50497.184    31.8865     7.8684     27.000     7.8647    24.8485     7.5283    10.7588    111.445    328.064    336.217    0.00336    6.75520    9.65385  294.37246     7.8659   15.20989 3.0552e+00     2.2321     0.5181 0.0000e+00
        402 199.637445    0.02785     1.6709    100.251     28.266  50497.895    31.8861     7.8657     28.000     7.8615    24.8486     7.5331    10.7655    111.508    328.272    336.429    0.00282    6.75564    9.65449  294.39162     7.8630   15.21080 2.4297e+00     2.2034     0.4879 0.0000e+00
        407 199.637461    0.02822     1.6934    101.604     29.276  50499.835    31.8863     7.8617     29.000     7.8578    24.8494     7.5455    10.7833    111.682    328.813    336.984    0.00268    6.75624    9.65534  294.41747     7.8589   15.21203 1.9335e+00     2.1951     0.4802 0.0000e+00
        413 199.637477    0.02861     1.7168    103.006     30.285  50501.298    31.8864     7.8589     30.000     7.8555    24.8499     7.5443    10.7816    111.658    328.761    336.931    0.00189    6.75666    9.65594  294.43581     7.8561   15.21291 1.5605e+00     2.1211     0.4776 0.0000e+00
        416 199.637487    0.02885     1.7310    103.863     31.295  50501.814    31.8862     7.8583     31.000     7.8549    24.8498     7.5413    10.7772    111.610    328.626    336.792    0.00142    6.75677    9.65610  294.44061     7.8554   15.21314 1.2847e+00     2.1257     0.4651 0.0000e+00
        419 199.637494    0.02904     1.7423    104.536     32.304  50501.597    31.8854     7.8576     32.000     7.8530    24.8493     7.5376    10.7720    111.553    328.466    336.628    0.00099    6.75691    9.65630  294.44679     7.8545   15.21344 1.0587e+00     2.1639     0.4809 0.0000e+00
        422 199.637504    0.02925     1.7550    105.302     33.314  50501.411    31.8844     7.8546     33.000     7.8484    24.8490     7.5377    10.7722    111.547    328.472    336.634    0.00076    6.75742    9.65703  294.46907     7.8514   15.21451 8.6641e-01     2.2120     0.5109 0.0000e+00
        427 199.637517    0.02958     1.7751    106.503     34.324  50504.979    31.8853     7.8478     34.000     7.8424    24.8507     7.5446    10.7820    111.633    328.773    336.942    0.00083    6.75842    9.65846  294.51210     7.8445   15.21656 6.9033e-01     2.2569     0.5000 0.0000e+00
        433 199.637535    0.02999     1.7996    107.977     35.333  50507.661    31.8858     7.8421     35.000     7.8369    24.8519     7.5394    10.7746    111.542    328.546    336.711    0.00031    6.75927    9.65967  294.54879     7.8388   15.21831 5.3875e-01     2.3666     0.5137 0.0000e+00
        437 199.637546    0.03028     1.8168    109.006     36.343  50509.529    31.8861     7.8386     36.000     7.8337    24.8525     7.5321    10.7641    111.425    328.225    336.383   -0.00020    6.75979    9.66041  294.57125     7.8352   15.21938 4.5216e-01     2.4579     0.5241 0.0000e+00
        442 199.637560    0.03060     1.8358    110.149     37.352  50511.759    31.8867     7.8357     37.000     7.8313    24.8535     7.5364    10.7702    111.482    328.412    336.575   -0.00004    6.76020    9.66100  294.58904     7.8322   15.22023 4.0115e-01     2.4045     0.5178 0.0000e+00
        446 199.637572    0.03091     1.8548    111.289     38.362  50511.176    31.8855     7.8333     38.000     7.8269    24.8528     7.5353    10.7687    111.458    328.365    336.526   -0.00011    6.76063    9.66161  294.60782     7.8297   15.22113 3.5975e-01     2.2373     0.4804 0.0000e+00
        450 199.637583    0.03115     1.8691    112.143     39.372  50512.055    31.8847     7.8279     39.000     7.8203    24.8531     7.5302    10.7614    111.368    328.142    336.298   -0.00046    6.76149    9.66285  294.64548     7.8242   15.22293 3.1290e-01     2.2611     0.4815 0.0000e+00
        453 199.637592    0.03137     1.8822    112.930     40.381  50515.197    31.8855     7.8219     40.000     7.8146    24.8545     7.5306    10.7619    111.360    328.158    336.315   -0.00049    6.76238    9.66412  294.68376     7.8181   15.22475 2.6808e-01     2.2625     0.5082 0.0000e+00
        456 199.637602    0.03162     1.8971    113.827     41.392  50518.183    31.8861     7.8158     41.000     7.8087    24.8559     7.5325    10.7646    111.372    328.239    336.398   -0.00041    6.76330    9.66543  294.72339     7.8119   15.22664 2.2884e-01     2.2012     0.5099 0.0000e+00
        461 199.637616    0.03195     1.9171    115.024     42.401  50522.628    31.8877     7.8091     42.000     7.8030    24.8581     7.5285    10.7590    111.299    328.070    336.225   -0.00059    6.76426    9.66680  294.76453     7.8051   15.22860 1.9792e-01     2.0744     0.4855 0.0000e+00
        467 199.637632    0.03233     1.9398    116.388     43.411  50525.180    31.8881     7.8036     43.000     7.7975    24.8592     7.5266    10.7562    111.256    327.983    336.136   -0.00065    6.76508    9.66798  294.79993     7.7996   15.23030 1.7253e-01     2.0945     0.4956 0.0000e+00
        471 199.637645    0.03264     1.9586    117.515     44.420  50526.022    31.8873     7.7981     44.000     7.7899    24.8594     7.5249    10.7538    111.217    327.910    336.062   -0.00067    6.76596    9.66923  294.83829     7.7939   15.23212 1.4985e-01     2.1418     0.4907 0.0000e+00
        475 199.637656    0.03292     1.9752    118.512     45.429  50528.803    31.8873     7.7892     45.000     7.7800    24.8607     7.5175    10.7433    111.086    327.589    335.733   -0.00101    6.76734    9.67120  294.89785     7.7849   15.23497 1.3108e-01     2.1565     0.4928 0.0000e+00
        479 199.637668    0.03319     1.9917    119.499     46.439  50535.122    31.8898     7.7802     46.000     7.7728    24.8639     7.5104    10.7331    110.960    327.279    335.416   -0.00131    6.76861    9.67301  294.95212     7.7758   15.23755 1.1601e-01     2.1985     0.4903 0.0000e+00
        483 199.637679    0.03346     2.0079    120.472     47.449  50538.409    31.8908     7.7748     47.000     7.7677    24.8654     7.5080    10.7296    110.911    327.170    335.306   -0.00130    6.76940    9.67414  294.98626     7.7704   15.23918 1.0429e-01     2.0874     0.4809 0.0000e+00
        487 199.637690    0.03372     2.0234    121.405     48.459  50540.812    31.8912     7.7698     48.000     7.7626    24.8664     7.5052    10.7258    110.858    327.051    335.183   -0.00130    6.77014    9.67521  295.01858     7.7653   15.24072 9.4622e-02     2.0793     0.4817 0.0000e+00
        491 199.637703    0.03404     2.0425    122.548     49.468  50544.340    31.8923     7.7642     49.000     7.7574    24.8681     7.5023    10.7215    110.800    326.920    335.049   -0.00127    6.77095    9.67637  295.05339     7.7596   15.24238 8.7445e-02     2.0671     0.4790 0.0000e+00
        498 199.637723    0.03451     2.0708    124.247     50.478  50547.609    31.8930     7.7577     50.000     7.7512    24.8696     7.4887    10.7021    110.585    326.330    334.446   -0.00159    6.77193    9.67776  295.09539     7.7529   15.24437 8.3573e-02     1.9722     0.4718 0.0000e+00
        503 199.637736    0.03483     2.0897    125.381     51.488  50549.218    31.8930     7.7534     51.000     7.7462    24.8702     7.4812    10.6914    110.464    326.004    334.112   -0.00175    6.77259    9.67870  295.12391     7.7486   15.24573 8.0361e-02     1.9623     0.4591 0.0000e+00
        506 199.637746    0.03506     2.1038    126.227     52.497  50550.572    31.8928     7.7492     52.000     7.7409    24.8706     7.4873    10.7002    110.543    326.271    334.385   -0.00128    6.77324    9.67964  295.15247     7.7442   15.24710 7.6800e-02     1.9434     0.4861 0.0000e+00
        509 199.637756    0.03529     2.1174    127.046     53.507  50551.506    31.8921     7.7435     53.000     7.7333    24.8708     7.4942    10.7101    110.630    326.571    334.693   -0.00084    6.77416    9.68095  295.19222     7.7385   15.24900 7.3262e-02     1.9361     0.4750 0.0000e+00
