CTD-processing/allCTD/CNV/2013_11-08_t3_s16_cast153_5028.cnv
* Sea-Bird SBE19plus Data File:
* FileName = C:\Users\kris.holderied\Documents\kasitsna\Research-Projects-and-Data\Oceanography-AK\CTD-CookInlet-GulfWatchAK\2013-10-11-EVOSTC-CookInlet-Ocean\2013-11-08-CookInlet-Tran3-AnchorPt\2013-11-08-CookInlet-Tran3-cast153.hex
* Software Version 1.59
* Temperature SN =  5028
* Conductivity SN =  5028
* System UpLoad Time = Feb 14 2014 16:46:42
** Cook Inlet Transect 3 (Anchor Pt) east to west
** Date: 2013-11-08
** Station: 3-16
** Start time: 11:09
** Depth (m): 9.5
** Comment:  CTD instrument time is AK Daylight time - 1 hr off
** Comment:
# nquan = 27
# nvalues = 10                          
# units = specified
# name 0 = scan: Scan Count
# name 1 = timeJ: Julian Days
# name 2 = timeH: Time, Elapsed [hours]
# name 3 = timeM: Time, Elapsed [minutes]
# name 4 = timeS: Time, Elapsed [seconds]
# name 5 = prdM: Pressure, Strain Gauge [db]
# name 6 = specc: Specific Conductance [uS/cm]
# name 7 = sal00: Salinity, Practical [PSU]
# name 8 = tv290C: Temperature [ITS-90, deg C]
# name 9 = depSM: Depth [salt water, m], lat = 59.00
# name 10 = potemp090C: Potential Temperature [ITS-90, deg C]
# name 11 = sigma-é00: Density [sigma-theta, kg/m^3]
# name 12 = sbeox0ML/L: Oxygen, SBE 43 [ml/l]
# name 13 = sbeox0Mg/L: Oxygen, SBE 43 [mg/l]
# name 14 = sbeox0PS: Oxygen, SBE 43 [% saturation]
# name 15 = sbox0Mm/Kg: Oxygen, SBE 43 [umol/kg]
# name 16 = sbeox0Mm/L: Oxygen, SBE 43 [umol/l]
# name 17 = sbox0dV/dT: Oxygen, SBE 43 [dov/dt]
# name 18 = oxsolML/L: Oxygen Saturation, Garcia & Gordon [ml/l]
# name 19 = oxsolMg/L: Oxygen Saturation, Garcia & Gordon [mg/l]
# name 20 = oxsolMm/Kg: Oxygen Saturation, Garcia & Gordon [umol/kg]
# name 21 = potemp090C: Potential Temperature [ITS-90, deg C]
# name 22 = n2satMg/L: Nitrogen Saturation [mg/l]
# name 23 = par: PAR/Irradiance, Biospherical/Licor
# name 24 = flECO-AFL: Fluorescence, WET Labs ECO-AFL/FL [mg/m^3]
# name 25 = turbWETntu0: Turbidity, WET Labs ECO [NTU]
# name 26 = flag: flag
# span 0 =         62,        314       
# span 1 = 312.506149, 312.506879       
# span 2 =    0.00423,    0.02176       
# span 3 =     0.2541,     1.3052       
# span 4 =     15.245,     78.315       
# span 5 =      1.010,     10.095       
# span 6 =  42618.728,  47117.562       
# span 7 =    26.4660,    29.3390       
# span 8 =     6.5481,     6.8605       
# span 9 =      1.000,     10.000       
# span 10 =     6.6383,     6.8602      
# span 11 =    20.7520,    22.9845      
# span 12 =     5.7113,     6.7606      
# span 13 =     8.1620,     9.6615      
# span 14 =     81.324,     94.475      
# span 15 =    249.287,    295.938      
# span 16 =    255.065,    301.927      
# span 17 =   -0.00265,    0.02534      
# span 18 =    7.03116,    7.22869      
# span 19 =   10.04823,   10.33053      
# span 20 =  306.93036,  316.38807      
# span 21 =     6.5480,     6.8602      
# span 22 =   15.81944,   16.28180      
# span 23 = 1.1214e+00, 2.9968e+01      
# span 24 =    -1.0972,    12.0218      
# span 25 =     1.5078,     3.7782      
# span 26 = 0.0000e+00, 0.0000e+00      
# interval = meters: 1                  
# start_time = Nov 08 2013 12:08:36 [Instrument's time stamp, header]
# bad_flag = -9.990e-29
*END*
         62 312.506149    0.00423     0.2541     15.245      1.010  42618.728    26.4660     6.5481      1.000     6.6383    20.7520     6.7606     9.6615     93.411    295.938    301.927   -0.00265    7.22869   10.33053  316.38807     6.5480   16.28180 2.9968e+01    12.0218     3.7782 0.0000e+00
        255 312.506709    0.01767     1.0604     63.625      2.019  47117.562    29.3390     6.8363      2.000     6.8073    22.9845     5.7113     8.1620     81.324    249.287    255.065    0.01257    7.03116   10.04823  306.93036     6.8362   15.81944 1.7080e+01    -1.0972     1.5078 0.0000e+00
        290 312.506808    0.02007     1.2041     72.245      3.029  46623.091    29.0453     6.8589      3.000     6.8589    22.7495     6.4652     9.2393     91.786    282.311    288.734    0.02534    7.04377   10.06625  307.57753     6.8586   15.85146 1.1101e+01     1.0790     2.0230 0.0000e+00
        295 312.506822    0.02039     1.2231     73.388      4.038  46626.970    29.0478     6.8605      4.000     6.8602    22.7513     6.4349     9.1962     91.362    280.993    287.385    0.01973    7.04339   10.06570  307.56001     6.8602   15.85061 7.5757e+00     1.0644     2.0644 0.0000e+00
        298 312.506833    0.02065     1.2392     74.350      5.047  46627.242    29.0475     6.8605      5.000     6.8599    22.7511     6.4098     9.1603     91.005    279.897    286.266    0.01521    7.04339   10.06571  307.56055     6.8601   15.85064 5.2073e+00     1.0933     2.1438 0.0000e+00
        302 312.506843    0.02090     1.2539     75.236      6.057  46626.477    29.0465     6.8600      6.000     6.8586    22.7503     6.4124     9.1640     91.039    280.008    286.378    0.01277    7.04353   10.06591  307.56672     6.8595   15.85094 3.6492e+00     1.1193     2.1818 0.0000e+00
        305 312.506852    0.02111     1.2665     75.991      7.066  46623.775    29.0439     6.8585      7.000     6.8560    22.7485     6.4543     9.2238     91.629    281.836    288.247    0.01276    7.04390   10.06643  307.58331     6.8579   15.85173 2.6481e+00     1.0811     2.1319 0.0000e+00
        308 312.506860    0.02130     1.2782     76.691      8.076  46622.736    29.0424     6.8558      8.000     6.8536    22.7476     6.5166     9.3128     92.508    284.558    291.031    0.01395    7.04440   10.06716  307.60573     6.8552   15.85281 1.9760e+00     1.0629     2.1666 0.0000e+00
        311 312.506868    0.02151     1.2904     77.425      9.085  46624.082    29.0425     6.8538      9.000     6.8524    22.7480     6.5866     9.4129     93.497    287.614    294.157    0.01533    7.04472   10.06761  307.61953     6.8531   15.85347 1.4850e+00     1.0589     2.2265 0.0000e+00
        314 312.506879    0.02176     1.3052     78.315     10.095  46625.636    29.0430     6.8529     10.000     6.8521    22.7485     6.6556     9.5115     94.475    290.628    297.239    0.01642    7.04483   10.06778  307.62450     6.8521   15.85370 1.1214e+00     1.0598     2.2864 0.0000e+00
