CTD-processing/allCTD/CNV/2013_08-07_t9_s06_cast116_4141.cnv
* Sea-Bird SBE19plus Data File:
* FileName = C:\Users\kris.holderied\Documents\kasitsna\Research-Projects-and-Data\Oceanography-AK\CTD-Data-ALL-to-2014-03\2013-CTD-KachBay-CookInlet\2013-08-07-CookInlet-CTD4141\2013-08-07-CookInlet-Tran9-cast116.hex
* Software Version 1.59
* Temperature SN =  4141
* Conductivity SN =  4141
* System UpLoad Time = May 27 2014 20:09:17
** Cook Inlet LTM Transect 9 (Homer Spit) Extra??
** Date: 2013-08-07
** Station: 9-06
** Start time: 16:04
** Depth (m): 101.5
** Comment:
** Comment:
# nquan = 27
# nvalues = 91                          
# units = specified
# name 0 = scan: Scan Count
# name 1 = timeJ: Julian Days
# name 2 = timeH: Time, Elapsed [hours]
# name 3 = timeM: Time, Elapsed [minutes]
# name 4 = timeS: Time, Elapsed [seconds]
# name 5 = prdM: Pressure, Strain Gauge [db]
# name 6 = specc: Specific Conductance [uS/cm]
# name 7 = sal00: Salinity, Practical [PSU]
# name 8 = tv290C: Temperature [ITS-90, deg C]
# name 9 = depSM: Depth [salt water, m], lat = 59.00
# name 10 = potemp090C: Potential Temperature [ITS-90, deg C]
# name 11 = sigma-é00: Density [sigma-theta, kg/m^3]
# name 12 = sbeox0ML/L: Oxygen, SBE 43 [ml/l]
# name 13 = sbeox0Mg/L: Oxygen, SBE 43 [mg/l]
# name 14 = sbeox0PS: Oxygen, SBE 43 [% saturation]
# name 15 = sbox0Mm/Kg: Oxygen, SBE 43 [umol/kg]
# name 16 = sbeox0Mm/L: Oxygen, SBE 43 [umol/l]
# name 17 = sbox0dV/dT: Oxygen, SBE 43 [dov/dt]
# name 18 = oxsolML/L: Oxygen Saturation, Garcia & Gordon [ml/l]
# name 19 = oxsolMg/L: Oxygen Saturation, Garcia & Gordon [mg/l]
# name 20 = oxsolMm/Kg: Oxygen Saturation, Garcia & Gordon [umol/kg]
# name 21 = n2satMg/L: Nitrogen Saturation [mg/l]
# name 22 = par: PAR/Irradiance, Biospherical/Licor
# name 23 = wetStar: Fluorescence, WET Labs WETstar [mg/m^3]
# name 24 = CStarAt0: Beam Attenuation, WET Labs C-Star [1/m]
# name 25 = CStarTr0: Beam Transmission, WET Labs C-Star [%]
# name 26 = flag: flag
# span 0 =        216,        717       
# span 1 = 219.671583, 219.673033       
# span 2 =    0.01495,    0.04972       
# span 3 =     0.8969,     2.9833       
# span 4 =     53.816,    178.996       
# span 5 =      1.010,     91.881       
# span 6 =  35800.500,  50336.066       
# span 7 =    22.1424,    31.7185       
# span 8 =     7.7071,    11.2813       
# span 9 =      1.000,     91.000       
# span 10 =     7.6982,    11.2372      
# span 11 =    16.7425,    24.7401      
# span 12 =     5.8653,     6.4149      
# span 13 =     8.3820,     9.1676      
# span 14 =     86.414,     99.041      
# span 15 =    255.620,    280.482      
# span 16 =    261.943,    286.491      
# span 17 =   -0.02662,    0.02851      
# span 18 =    6.43167,    6.78750      
# span 19 =    9.19150,    9.70001      
# span 20 =  280.52873,  295.81134      
# span 21 =   14.55107,   15.27927      
# span 22 = 3.4775e-02, 1.2152e+01      
# span 23 =     0.3853,     2.1434      
# span 24 =     0.5038,     7.1750      
# span 25 =    18.6011,    88.1649      
# span 26 = 0.0000e+00, 0.0000e+00      
# interval = meters: 1                  
# start_time = Aug 07 2013 16:06:11 [Instrument's time stamp, header]
# bad_flag = -9.990e-29
*END*
[from data line 54]
        552 219.672555    0.03826     2.2958    137.751     55.526  49912.364    31.5757     8.5855     55.000     8.5800    24.5013     6.1915     8.8484     92.963    269.904    276.516    0.00014    6.66024    9.51816  290.33308   15.01824 3.6382e-02     0.7595     1.2179    73.7511 0.0000e+00
        556 219.672565    0.03851     2.3106    138.635     56.536  49922.926    31.5830     8.5875     56.000     8.5863    24.5068     6.1790     8.8303     92.782    269.351    275.952   -0.00180    6.65963    9.51728  290.30475   15.01686 3.6382e-02     0.5751     1.2224    73.6705 0.0000e+00
        559 219.672575    0.03876     2.3253    139.518     57.548  49924.250    31.5847     8.5957     57.000     8.5934    24.5068     6.1816     8.8341     92.839    269.465    276.069   -0.00114    6.65835    9.51544  290.24851   15.01416 3.6382e-02     0.5916     1.2064    73.9648 0.0000e+00
        562 219.672585    0.03899     2.3394    140.364     58.555  49930.055    31.5892     8.6018     58.000     8.5997    24.5095     6.1859     8.8404     92.921    269.656    276.264    0.00007    6.65723    9.51386  290.19960   15.01181 3.6382e-02     0.6180     1.1932    74.2094 0.0000e+00
        566 219.672595    0.03923     2.3534    141.207     59.565  49944.419    31.6000     8.6094     59.000     8.6103    24.5169     6.1799     8.8317     92.852    269.389    275.994   -0.00073    6.65565    9.51158  290.12805   15.00835 3.6382e-02     0.6651     1.2282    73.5614 0.0000e+00
        569 219.672605    0.03946     2.3677    142.064     60.574  49940.672    31.5986     8.6203     60.000     8.6160    24.5141     6.1846     8.8384     92.945    269.596    276.206    0.00006    6.65407    9.50933  290.06022   15.00511 3.6382e-02     0.6736     1.1566    74.8900 0.0000e+00
        573 219.672615    0.03970     2.3820    142.922     61.586  49940.890    31.5986     8.6221     61.000     8.6185    24.5138     6.1909     8.8475     93.043    269.872    276.487    0.00084    6.65380    9.50895  290.04884   15.00456 3.6382e-02     0.5897     1.2045    73.9987 0.0000e+00
        576 219.672624    0.03993     2.3959    143.754     62.594  49952.480    31.6073     8.6290     62.000     8.6264    24.5196     6.1975     8.8568     93.162    270.155    276.780    0.00168    6.65239    9.50695  289.98580   15.00152 3.6382e-02     0.5885     1.2073    73.9464 0.0000e+00
        579 219.672634    0.04017     2.4100    144.601     63.603  49948.091    31.6042     8.6320     63.000     8.6249    24.5168     6.1937     8.8514     93.108    269.991    276.609    0.00090    6.65209    9.50650  289.97311   15.00093 3.6382e-02     0.5804     1.1507    75.0033 0.0000e+00
        583 219.672645    0.04041     2.4243    145.460     64.616  49944.089    31.6006     8.6301     64.000     8.6146    24.5143     6.1899     8.8459     93.045    269.823    276.438   -0.00026    6.65254    9.50713  289.99310   15.00190 3.6382e-02     0.5989     1.0759    76.4171 0.0000e+00
        586 219.672653    0.04064     2.4383    146.295     65.624  49943.923    31.5975     8.6129     65.000     8.5955    24.5144     6.1832     8.8364     92.908    269.537    276.145   -0.00119    6.65522    9.51098  290.11019   15.00750 3.6382e-02     0.5990     1.0798    76.3408 0.0000e+00
        589 219.672663    0.04086     2.4521    147.125     66.633  49956.742    31.6041     8.6000     66.000     8.5838    24.5216     6.1577     8.8001     92.503    268.425    275.007   -0.00470    6.65686    9.51332  290.17977   15.01080 3.6382e-02     0.5067     1.0780    76.3776 0.0000e+00
        593 219.672673    0.04110     2.4660    147.957     67.644  49934.533    31.5845     8.5760     67.000     8.5375    24.5098     6.1508     8.7901     92.336    268.122    274.694   -0.00562    6.66129    9.51965  290.37617   15.02026 3.6382e-02     0.4917     1.1006    75.9467 0.0000e+00
        596 219.672682    0.04133     2.4796    148.775     68.652  49955.628    31.5911     8.5238     68.000     8.4868    24.5226     6.1568     8.7986     92.321    268.379    274.961   -0.00412    6.66882    9.53040  290.70054   15.03573 3.6382e-02     0.5163     1.1215    75.5516 0.0000e+00
        599 219.672692    0.04156     2.4932    149.595     69.663  49986.741    31.6053     8.4765     69.000     8.4469    24.5408     6.1489     8.7875     92.115    268.034    274.612   -0.00463    6.67529    9.53965  290.97744   15.04890 3.6382e-02     0.5442     1.0592    76.7360 0.0000e+00
        603 219.672701    0.04178     2.5066    150.395     70.673  49933.213    31.5593     8.4234     70.000     8.3356    24.5125     6.1398     8.7745     91.841    267.644    274.205   -0.00619    6.68527    9.55392  291.42064   15.07026 3.6382e-02     0.5070     1.0954    76.0512 0.0000e+00
        606 219.672710    0.04199     2.5199    151.194     71.680  49989.511    31.5769     8.2846     71.000     8.2086    24.5467     6.1314     8.7623     91.439    267.265    273.825   -0.00799    6.70542    9.58272  292.28948   15.11169 3.6382e-02     0.4923     1.2688    72.8226 0.0000e+00
        609 219.672720    0.04223     2.5338    152.027     72.693  50052.675    31.6034     8.1727     72.000     8.1118    24.5836     6.1066     8.7270     90.856    266.177    272.721   -0.01123    6.72122    9.60529  292.96718   15.14394 3.6382e-02     0.4480     1.2553    73.0679 0.0000e+00
        612 219.672730    0.04246     2.5476    152.856     73.703  50081.364    31.6091     8.0849     73.000     8.0044    24.6008     6.0599     8.6602     89.985    264.135    270.634   -0.01576    6.73431    9.62401  293.53329   15.17096 3.6382e-02     0.4529     1.3034    72.1933 0.0000e+00
        616 219.672739    0.04269     2.5610    153.661     74.710  50105.564    31.6045     7.9519     74.000     7.8583    24.6160     6.0008     8.5757     88.838    261.558    267.996   -0.02205    6.75485    9.65335  294.42384   15.21350 3.6382e-02     0.4175     1.4153    70.2048 0.0000e+00
        619 219.672749    0.04291     2.5746    154.474     75.721  50225.537    31.6674     7.8250     75.000     7.7863    24.6834     5.9455     8.4966     87.800    259.126    265.522   -0.02638    6.77154    9.67720  295.13208   15.24705 3.6382e-02     0.4643     1.4797    69.0794 0.0000e+00
        622 219.672758    0.04314     2.5884    155.306     76.732  50268.893    31.6899     7.7797     76.000     7.7628    24.7073     5.8988     8.4300     87.034    257.089    263.440   -0.02662    6.77752    9.68576  295.38603   15.25908 3.6382e-02     0.4683     1.4847    68.9925 0.0000e+00
        626 219.672768    0.04337     2.6021    156.126     77.741  50276.514    31.6924     7.7656     77.000     7.7502    24.7113     5.8838     8.4085     86.786    256.432    262.768   -0.02260    6.77959    9.68871  295.47495   15.26331 3.6382e-02     0.4041     1.5728    67.4926 0.0000e+00
        629 219.672777    0.04359     2.6156    156.938     78.751  50270.856    31.6857     7.7512     78.000     7.7307    24.7081     5.8869     8.4130     86.801    256.571    262.910   -0.01647    6.78211    9.69230  295.58542   15.26862 3.6382e-02     0.4535     1.6153    66.7775 0.0000e+00
        632 219.672786    0.04382     2.6292    157.752     79.762  50291.700    31.6963     7.7301     79.000     7.7149    24.7194     5.8885     8.4152     86.788    256.635    262.979   -0.01202    6.78489    9.69628  295.70349   15.27421 3.6382e-02     0.4226     1.6062    66.9279 0.0000e+00
        635 219.672796    0.04405     2.6426    158.556     80.770  50308.915    31.7062     7.7197     80.000     7.7108    24.7286     5.8856     8.4112     86.731    256.511    262.854   -0.00939    6.78608    9.69798  295.75253   15.27651 3.6382e-02     0.4475     1.5806    67.3586 0.0000e+00
        638 219.672805    0.04427     2.6560    159.360     81.779  50319.727    31.7131     7.7192     81.000     7.7122    24.7342     5.8851     8.4104     86.726    256.485    262.829   -0.00717    6.78583    9.69764  295.74044   15.27590 3.6382e-02     0.4402     1.5372    68.0932 0.0000e+00
        642 219.672814    0.04449     2.6697    160.180     82.791  50318.505    31.7119     7.7197     82.000     7.7109    24.7332     5.8805     8.4038     86.659    256.284    262.623   -0.00574    6.78581    9.69760  295.73958   15.27587 3.6382e-02     0.4173     1.4913    68.8786 0.0000e+00
        645 219.672824    0.04472     2.6833    160.998     83.800  50321.577    31.7133     7.7181     83.000     7.7099    24.7345     5.8799     8.4030     86.648    256.259    262.597   -0.00471    6.78599    9.69786  295.74723   15.27623 3.6382e-02     0.4088     1.4796    69.0801 0.0000e+00
        648 219.672834    0.04495     2.6968    161.807     84.810  50318.165    31.7104     7.7176     84.000     7.7089    24.7323     5.8833     8.4079     86.695    256.406    262.748   -0.00299    6.78619    9.69814  295.75649   15.27668 3.6382e-02     0.3853     1.4354    69.8485 0.0000e+00
        651 219.672843    0.04517     2.7102    162.613     85.821  50323.396    31.7133     7.7154     85.000     7.7051    24.7348     5.8848     8.4099     86.714    256.471    262.814   -0.00205    6.78642    9.69848  295.76600   15.27713 3.6382e-02     0.3898     1.4153    70.2003 0.0000e+00
        655 219.672852    0.04539     2.7234    163.403     86.828  50327.827    31.7154     7.7121     86.000     7.7029    24.7369     5.8805     8.4038     86.646    256.284    262.623   -0.00216    6.78682    9.69904  295.78261   15.27791 3.6382e-02     0.4395     1.4520    69.5626 0.0000e+00
        658 219.672862    0.04561     2.7368    164.210     87.840  50329.295    31.7157     7.7105     87.000     7.7014    24.7374     5.8760     8.3974     86.576    256.088    262.422   -0.00239    6.78706    9.69938  295.79293   15.27840 3.6382e-02     0.3958     1.4299    69.9457 0.0000e+00
        661 219.672870    0.04584     2.7503    165.021     88.849  50331.504    31.7165     7.7090     88.000     7.6995    24.7383     5.8750     8.3961     86.561    256.047    262.381   -0.00204    6.78725    9.69966  295.80090   15.27878 3.6382e-02     0.4266     1.3981    70.5031 0.0000e+00
        664 219.672880    0.04607     2.7642    165.853     89.853  50333.811    31.7174     7.7072     89.000     7.6985    24.7393     5.8737     8.3942     86.539    255.990    262.323   -0.00178    6.78750    9.70001  295.81134   15.27927 3.6382e-02     0.4169     1.3983    70.4996 0.0000e+00
        669 219.672894    0.04640     2.7841    167.048     90.863  50336.066    31.7185     7.7071     90.000     7.6987    24.7401     5.8748     8.3958     86.555    256.037    262.371   -0.00117    6.78746    9.69996  295.80970   15.27919 3.6382e-02     0.4260     1.2741    72.7324 0.0000e+00
        717 219.673033    0.04972     2.9833    178.996     91.881  50331.045    31.7148     7.7087     91.000     7.6982    24.7370     5.8653     8.3820     86.414    255.620    261.943    0.00006    6.78738    9.69985  295.80707   15.27907 3.6382e-02     0.4311     0.8935    79.9873 0.0000e+00
