CTD-processing/allCTD/CNV/2013_11-06_t6_s11_cast141_5028.cnv
* Sea-Bird SBE19plus Data File:
* FileName = C:\Users\kris.holderied\Documents\kasitsna\Research-Projects-and-Data\Oceanography-AK\CTD-CookInlet-GulfWatchAK\2013-10-11-EVOSTC-CookInlet-Ocean\2013-11-06-CookInlet-Tran6-Douglas\2013-11-06-CookInlet-Tran6-cast141.hex
* Software Version 1.59
* Temperature SN =  5028
* Conductivity SN =  5028
* System UpLoad Time = Feb 14 2014 17:20:25
** Cook Inlet Transect 6 (Douglas) east to west
** Date: 2013-11-06
** Station: 6-11
** Start time: 11:32
** Depth (m): 114
** Comment:  CTD instrument time is AK Daylight time *1 hour off*
** Comment:
# nquan = 27
# nvalues = 110                         
# units = specified
# name 0 = scan: Scan Count
# name 1 = timeJ: Julian Days
# name 2 = timeH: Time, Elapsed [hours]
# name 3 = timeM: Time, Elapsed [minutes]
# name 4 = timeS: Time, Elapsed [seconds]
# name 5 = prdM: Pressure, Strain Gauge [db]
# name 6 = specc: Specific Conductance [uS/cm]
# name 7 = sal00: Salinity, Practical [PSU]
# name 8 = tv290C: Temperature [ITS-90, deg C]
# name 9 = depSM: Depth [salt water, m], lat = 59.00
# name 10 = potemp090C: Potential Temperature [ITS-90, deg C]
# name 11 = sigma-é00: Density [sigma-theta, kg/m^3]
# name 12 = sbeox0ML/L: Oxygen, SBE 43 [ml/l]
# name 13 = sbeox0Mg/L: Oxygen, SBE 43 [mg/l]
# name 14 = sbeox0PS: Oxygen, SBE 43 [% saturation]
# name 15 = sbox0Mm/Kg: Oxygen, SBE 43 [umol/kg]
# name 16 = sbeox0Mm/L: Oxygen, SBE 43 [umol/l]
# name 17 = sbox0dV/dT: Oxygen, SBE 43 [dov/dt]
# name 18 = oxsolML/L: Oxygen Saturation, Garcia & Gordon [ml/l]
# name 19 = oxsolMg/L: Oxygen Saturation, Garcia & Gordon [mg/l]
# name 20 = oxsolMm/Kg: Oxygen Saturation, Garcia & Gordon [umol/kg]
# name 21 = potemp090C: Potential Temperature [ITS-90, deg C]
# name 22 = n2satMg/L: Nitrogen Saturation [mg/l]
# name 23 = par: PAR/Irradiance, Biospherical/Licor
# name 24 = flECO-AFL: Fluorescence, WET Labs ECO-AFL/FL [mg/m^3]
# name 25 = turbWETntu0: Turbidity, WET Labs ECO [NTU]
# name 26 = flag: flag
# span 0 =        135,        731       
# span 1 = 310.521498, 310.523222       
# span 2 =    0.00927,    0.05067       
# span 3 =     0.5566,     3.0401       
# span 4 =     33.399,    182.406       
# span 5 =      1.010,    111.068       
# span 6 =  47260.653,  51217.465       
# span 7 =    29.7663,    32.2629       
# span 8 =     7.3432,     8.7123       
# span 9 =      1.000,    110.000       
# span 10 =     7.3327,     8.7081      
# span 11 =    23.1314,    25.2183      
# span 12 =     5.8435,     6.7721      
# span 13 =     8.3511,     9.6780      
# span 14 =     85.686,    101.360      
# span 15 =    254.554,    295.400      
# span 16 =    260.973,    302.441      
# span 17 =   -0.01208,    0.01118      
# span 18 =    6.66420,    6.81975      
# span 19 =    9.52381,    9.74610      
# span 20 =  290.60861,  297.07796      
# span 21 =     7.3331,     8.7081      
# span 22 =   15.03321,   15.34208      
# span 23 = 4.3885e-02, 1.2833e+02      
# span 24 =     0.1389,     0.3864      
# span 25 =     0.3528,     0.8226      
# span 26 = 0.0000e+00, 0.0000e+00      
# interval = meters: 1                  
# start_time = Nov 06 2013 12:30:24 [Instrument's time stamp, header]
# bad_flag = -9.990e-29
*END*
        135 310.521498    0.00927     0.5566     33.399      1.010  47260.653    29.7663     8.2152      1.000     8.3288    23.1314     5.8786     8.4012     86.377    256.653    262.540   -0.00216    6.80217    9.72097  296.96422     8.2151   15.34208 1.2833e+02     0.2053     0.8226 0.0000e+00
        373 310.522186    0.02581     1.5484     92.904      2.019  48530.260    30.6342     8.6235      2.000     8.6212    23.7579     6.1268     8.7559     91.512    267.275    273.625    0.00581    6.69507    9.56794  292.06163     8.6233   15.10465 6.8644e+01     0.2693     0.4483 0.0000e+00
        368 310.522173    0.02549     1.5290     91.742      3.029  48490.232    30.6068     8.6133      3.000     8.6155    23.7378     6.1158     8.7400     91.307    266.797    273.130    0.00452    6.69804    9.57218  292.19871     8.6130   15.11130 6.2979e+01     0.2752     0.4479 0.0000e+00
        372 310.522184    0.02575     1.5455     92.728      4.038  48488.601    30.6059     8.6176      4.000     8.6191    23.7364     6.1273     8.7564     91.486    267.298    273.642    0.00425    6.69744    9.57131  292.17263     8.6172   15.11006 5.7592e+01     0.3067     0.4140 0.0000e+00
        377 310.522198    0.02608     1.5649     93.895      5.047  48488.779    30.6062     8.6223      5.000     8.6234    23.7360     6.1352     8.7678     91.615    267.645    273.999    0.00375    6.69673    9.57030  292.14178     8.6218   15.10858 4.8590e+01     0.3470     0.4011 0.0000e+00
        380 310.522208    0.02631     1.5786     94.718      6.056  48487.321    30.6051     8.6246      6.000     8.6243    23.7348     6.1500     8.7890     91.841    268.293    274.661    0.00380    6.69643    9.56987  292.12901     8.6239   15.10798 4.0319e+01     0.3771     0.4017 0.0000e+00
        383 310.522217    0.02654     1.5920     95.519      7.066  48488.566    30.6055     8.6253      7.000     8.6256    23.7351     6.1871     8.8420     92.395    269.908    276.315    0.00501    6.69630    9.56968  292.12314     8.6246   15.10770 3.4544e+01     0.3864     0.4001 0.0000e+00
        387 310.522229    0.02682     1.6093     96.558      8.076  48489.993    30.6065     8.6278      8.000     8.6281    23.7355     6.2374     8.9139     93.153    272.103    278.562    0.00661    6.69588    9.56908  292.10468     8.6270   15.10681 3.0389e+01     0.3735     0.3922 0.0000e+00
        392 310.522242    0.02715     1.6291     97.748      9.085  48489.579    30.6061     8.6299      9.000     8.6291    23.7349     6.2764     8.9696     93.740    273.806    280.305    0.00710    6.69559    9.56867  292.09218     8.6290   15.10622 2.7303e+01     0.3748     0.3852 0.0000e+00
        396 310.522253    0.02740     1.6438     98.628     10.095  48491.070    30.6068     8.6305     10.000     8.6299    23.7353     6.3125     9.0211     94.279    275.377    281.914    0.00764    6.69546    9.56849  292.08668     8.6295   15.10595 2.3401e+01     0.3711     0.3968 0.0000e+00
        399 310.522262    0.02761     1.6566     99.398     11.104  48490.019    30.6057     8.6311     11.000     8.6294    23.7344     6.3627     9.0929     95.030    277.570    284.157    0.00898    6.69542    9.56842  292.08492     8.6300   15.10587 2.0750e+01     0.3673     0.4059 0.0000e+00
        402 310.522271    0.02784     1.6704    100.223     12.113  48488.715    30.6042     8.6300     12.000     8.6275    23.7334     6.4247     9.1816     95.953    280.275    286.927    0.01074    6.69566    9.56877  292.09572     8.6287   15.10639 1.8514e+01     0.3684     0.4041 0.0000e+00
        406 310.522284    0.02814     1.6885    101.312     13.123  48490.023    30.6044     8.6279     13.000     8.6261    23.7339     6.4751     9.2536     96.702    282.475    289.179    0.01118    6.69596    9.56920  292.10875     8.6266   15.10702 1.6426e+01     0.3561     0.4009 0.0000e+00
        411 310.522296    0.02844     1.7068    102.408     14.133  48490.396    30.6041     8.6268     14.000     8.6249    23.7338     6.4879     9.2718     96.889    283.030    289.748    0.00954    6.69614    9.56945  292.11634     8.6255   15.10738 1.4714e+01     0.3464     0.4097 0.0000e+00
        414 310.522306    0.02868     1.7206    103.236     15.142  48492.427    30.6050     8.6262     15.000     8.6250    23.7346     6.5052     9.2966     97.148    283.787    290.523    0.00878    6.69620    9.56954  292.11896     8.6247   15.10750 1.3005e+01     0.3532     0.4048 0.0000e+00
        417 310.522315    0.02890     1.7338    104.029     16.151  48494.362    30.6060     8.6269     16.000     8.6261    23.7353     6.5447     9.3531     97.740    285.511    292.288    0.00938    6.69604    9.56931  292.11186     8.6253   15.10716 1.1451e+01     0.3598     0.3963 0.0000e+00
        421 310.522325    0.02914     1.7481    104.885     17.161  48496.802    30.6075     8.6288     17.000     8.6286    23.7362     6.5922     9.4209     98.455    287.582    294.408    0.01031    6.69569    9.56881  292.09626     8.6271   15.10641 1.0127e+01     0.3583     0.3964 0.0000e+00
        424 310.522335    0.02937     1.7626    105.756     18.170  48497.272    30.6078     8.6313     18.000     8.6306    23.7361     6.6235     9.4656     98.928    288.946    295.805    0.01026    6.69529    9.56825  292.07904     8.6295   15.10558 8.9771e+00     0.3569     0.4116 0.0000e+00
        427 310.522345    0.02961     1.7768    106.608     19.180  48499.177    30.6090     8.6333     19.000     8.6330    23.7368     6.6430     9.4935     99.224    289.797    296.676    0.00959    6.69494    9.56775  292.06350     8.6314   15.10483 8.0526e+00     0.3625     0.4392 0.0000e+00
        431 310.522355    0.02986     1.7915    107.488     20.189  48504.284    30.6126     8.6366     20.000     8.6367    23.7391     6.6625     9.5214     99.525    290.646    297.546    0.00898    6.69430    9.56683  292.03480     8.6346   15.10345 7.2109e+00     0.3494     0.4280 0.0000e+00
        435 310.522366    0.03011     1.8067    108.404     21.199  48504.622    30.6129     8.6400     21.000     8.6388    23.7388     6.6797     9.5459     99.789    291.395    298.312    0.00833    6.69378    9.56608  292.01219     8.6378   15.10237 6.3885e+00     0.3286     0.4132 0.0000e+00
        438 310.522376    0.03035     1.8210    109.257     22.209  48508.197    30.6152     8.6419     22.000     8.6408    23.7404     6.6942     9.5665    100.011    292.027    298.959    0.00769    6.69339    9.56552  291.99477     8.6397   15.10153 5.6314e+00     0.3282     0.4064 0.0000e+00
        441 310.522384    0.03057     1.8339    110.035     23.218  48510.808    30.6168     8.6436     23.000     8.6421    23.7414     6.7056     9.5829    100.187    292.527    299.472    0.00715    6.69306    9.56506  291.98012     8.6413   15.10082 4.9959e+00     0.3303     0.4059 0.0000e+00
        444 310.522394    0.03078     1.8469    110.813     24.228  48515.231    30.6197     8.6448     24.000     8.6438    23.7435     6.7163     9.5982    100.351    292.991    299.948    0.00659    6.69275    9.56461  291.96584     8.6425   15.10013 4.4832e+00     0.3259     0.4088 0.0000e+00
        448 310.522404    0.03101     1.8609    111.655     25.237  48531.134    30.6308     8.6481     25.000     8.6491    23.7518     6.7296     9.6172    100.565    293.570    300.542    0.00623    6.69178    9.56322  291.92116     8.6456   15.09795 4.0388e+00     0.3266     0.4111 0.0000e+00
        451 310.522413    0.03125     1.8752    112.512     26.246  48556.070    30.6487     8.6546     26.000     8.6578    23.7649     6.7433     9.6368    100.796    294.163    301.154    0.00597    6.69003    9.56072  291.84131     8.6520   15.09406 3.6089e+00     0.3315     0.4082 0.0000e+00
        454 310.522422    0.03147     1.8878    113.271     27.256  48610.697    30.6879     8.6647     27.000     8.6717    23.7941     6.7542     9.6524    101.008    294.633    301.644    0.00580    6.68680    9.55611  291.69210     8.6621   15.08678 3.2069e+00     0.3287     0.4048 0.0000e+00
        457 310.522430    0.03166     1.8995    113.969     28.266  48649.829    30.7168     8.6778     28.000     8.6813    23.8147     6.7654     9.6684    101.223    295.114    302.142    0.00573    6.68359    9.55152  291.54613     8.6750   15.07969 2.8536e+00     0.3254     0.4044 0.0000e+00
        460 310.522439    0.03187     1.9122    114.733     29.276  48684.267    30.7416     8.6864     29.000     8.6864    23.8329     6.7721     9.6780    101.360    295.400    302.441    0.00539    6.68123    9.54814  291.43768     8.6835   15.07440 2.5433e+00     0.3221     0.4056 0.0000e+00
        464 310.522450    0.03213     1.9283    115.698     30.285  48709.927    30.7598     8.6910     30.000     8.6889    23.8464     6.7609     9.6620    101.215    294.909    301.942    0.00397    6.67976    9.54604  291.36968     8.6880   15.07108 2.2724e+00     0.3170     0.4028 0.0000e+00
        468 310.522462    0.03241     1.9449    116.693     31.295  48725.594    30.7705     8.6926     31.000     8.6901    23.8547     6.7319     9.6206    100.791    293.642    300.646    0.00178    6.67906    9.54504  291.33697     8.6895   15.06948 2.0282e+00     0.3214     0.3967 0.0000e+00
        471 310.522470    0.03262     1.9573    117.436     32.305  48742.566    30.7821     8.6935     32.000     8.6911    23.8636     6.7211     9.6051    100.640    293.170    300.166    0.00089    6.67841    9.54411  291.30587     8.6904   15.06794 1.8102e+00     0.3183     0.4110 0.0000e+00
        473 310.522478    0.03280     1.9681    118.086     33.314  48756.608    30.7916     8.6947     33.000     8.6924    23.8709     6.7202     9.6039    100.635    293.129    300.126    0.00071    6.67782    9.54327  291.27843     8.6914   15.06659 1.6150e+00     0.3057     0.4189 0.0000e+00
        476 310.522486    0.03299     1.9792    118.749     34.324  48768.494    30.7997     8.6961     34.000     8.6936    23.8771     6.7231     9.6081    100.687    293.253    300.255    0.00074    6.67726    9.54247  291.25213     8.6927   15.06530 1.4477e+00     0.2881     0.4176 0.0000e+00
        480 310.522496    0.03323     1.9938    119.627     35.333  48781.828    30.8089     8.6977     35.000     8.6951    23.8840     6.7304     9.6184    100.805    293.568    300.579    0.00097    6.67663    9.54157  291.22271     8.6942   15.06386 1.3079e+00     0.2757     0.4002 0.0000e+00
        484 310.522508    0.03353     2.0118    120.705     36.342  48821.374    30.8365     8.6999     36.000     8.6981    23.9052     6.7299     9.6177    100.820    293.539    300.556    0.00084    6.67510    9.53938  291.15000     8.6964   15.06028 1.1772e+00     0.2924     0.3791 0.0000e+00
        487 310.522517    0.03375     2.0251    121.508     37.352  48892.049    30.8859     8.7032     37.000     8.7020    23.9435     6.7221     9.6066    100.744    293.190    300.210    0.00039    6.67246    9.53562  291.02411     8.6996   15.05406 1.0523e+00     0.3003     0.3950 0.0000e+00
        490 310.522525    0.03394     2.0363    122.181     38.362  48933.189    30.9148     8.7063     38.000     8.7042    23.9656     6.7180     9.6007    100.708    293.004    300.025    0.00018    6.67075    9.53317  290.94308     8.7026   15.05007 9.4290e-01     0.2904     0.4059 0.0000e+00
        493 310.522534    0.03414     2.0481    122.887     39.372  48953.016    30.9285     8.7086     39.000     8.7057    23.9760     6.7082     9.5867    100.575    292.573    299.587   -0.00029    6.66982    9.53184  290.89962     8.7047   15.04794 8.4792e-01     0.2789     0.4073 0.0000e+00
        496 310.522543    0.03438     2.0627    123.760     40.382  48966.318    30.9376     8.7103     40.000     8.7070    23.9829     6.6861     9.5552    100.254    291.609    298.603   -0.00135    6.66918    9.53091  290.86944     8.7063   15.04646 7.6716e-01     0.2895     0.4027 0.0000e+00
        500 310.522556    0.03467     2.0804    124.823     41.391  48982.573    30.9488     8.7119     41.000     8.7081    23.9915     6.6597     9.5174     99.869    290.455    297.424   -0.00242    6.66846    9.52989  290.83560     8.7078   15.04480 6.9563e-01     0.2780     0.3862 0.0000e+00
        504 310.522567    0.03493     2.0960    125.759     42.401  49015.834    30.9717     8.7123     42.000     8.7073    24.0093     6.6420     9.4921     99.619    289.676    296.631   -0.00292    6.66740    9.52838  290.78455     8.7081   15.04227 6.2664e-01     0.2644     0.3825 0.0000e+00
        507 310.522575    0.03514     2.1082    126.493     43.410  49062.171    31.0035     8.7109     43.000     8.7045    24.0345     6.6368     9.4846     99.558    289.443    296.400   -0.00281    6.66623    9.52672  290.72668     8.7066   15.03937 5.6408e-01     0.2670     0.3907 0.0000e+00
        510 310.522583    0.03533     2.1196    127.177     44.420  49091.068    31.0229     8.7081     44.000     8.7016    24.0501     6.6359     9.4833     99.551    289.399    296.359   -0.00250    6.66582    9.52613  290.70424     8.7036   15.03822 5.0939e-01     0.2676     0.3923 0.0000e+00
        513 310.522592    0.03554     2.1325    127.953     45.430  49111.682    31.0365     8.7051     45.000     8.6986    24.0611     6.6313     9.4768     99.484    289.195    296.154   -0.00239    6.66569    9.52593  290.69509     8.7006   15.03773 4.6181e-01     0.2605     0.3878 0.0000e+00
        517 310.522604    0.03583     2.1502    129.012     46.439  49141.414    31.0563     8.7010     46.000     8.6943    24.0773     6.6186     9.4586     99.297    288.637    295.587   -0.00258    6.66545    9.52559  290.68013     8.6963   15.03693 4.2048e-01     0.2585     0.3858 0.0000e+00
        521 310.522617    0.03613     2.1680    130.080     47.449  49187.320    31.0874     8.6968     47.000     8.6902    24.1023     6.6085     9.4442     99.156    288.189    295.134   -0.00259    6.66472    9.52456  290.64150     8.6921   15.03496 3.8129e-01     0.2707     0.3797 0.0000e+00
        525 310.522626    0.03637     2.1821    130.925     48.459  49217.118    31.1074     8.6937     48.000     8.6873    24.1184     6.5997     9.4316     99.030    287.800    294.741   -0.00264    6.66432    9.52398  290.61921     8.6889   15.03381 3.4618e-01     0.2655     0.3779 0.0000e+00
        528 310.522635    0.03658     2.1947    131.680     49.468  49232.781    31.1176     8.6913     49.000     8.6843    24.1267     6.5917     9.4201     98.911    287.449    294.384   -0.00272    6.66423    9.52386  290.61322     8.6864   15.03348 3.1520e-01     0.2709     0.3769 0.0000e+00
        531 310.522644    0.03679     2.2071    132.428     50.478  49252.640    31.1305     8.6878     50.000     8.6773    24.1374     6.5850     9.4107     98.813    287.158    294.089   -0.00271    6.66420    9.52381  290.60861     8.6828   15.03321 2.8765e-01     0.2757     0.3748 0.0000e+00
        534 310.522653    0.03701     2.2208    133.245     51.488  49304.121    31.1645     8.6763     51.000     8.6525    24.1657     6.5771     9.3993     98.689    286.803    293.733   -0.00275    6.66445    9.52418  290.61166     8.6712   15.03322 2.6297e-01     0.2639     0.3735 0.0000e+00
        538 310.522664    0.03728     2.2367    134.201     52.498  49421.660    31.2402     8.6339     52.000     8.5974    24.2313     6.5565     9.3699     98.335    285.887    292.814   -0.00341    6.66753    9.52856  290.72694     8.6286   15.03842 2.4048e-01     0.2422     0.3681 0.0000e+00
        542 310.522676    0.03756     2.2533    135.200     53.507  49600.652    31.3549     8.5649     53.000     8.5072    24.3314     6.5121     9.3065     97.592    283.925    290.833   -0.00526    6.67289    9.53622  290.93224     8.5596   15.04776 2.2013e-01     0.2486     0.3545 0.0000e+00
