CTD-processing/allCTD/CNV/2013_07-05_t9andtutka_s04_cast210_5028.cnv
* Sea-Bird SBE19plus Data File:
* FileName = C:\Documents and Settings\kbayadmin\My Documents\CTD data\2013-07-05 Kachemak Bay Homer Spit Line and Tutka Bay\2013-07-05 Kachemak Bay Homer Spit Line and Tutka Bay cast210.hex
* Software Version 1.59
* Temperature SN =  5028
* Conductivity SN =  5028
* System UpLoad Time = Jul 06 2013 11:57:14
** Kachemak Bay Homer Spit Line and Tutka Bay
** 2013-07-05
** Station:9.04
** N':59 34.598
** W':-151 22.382
** Start Time:1536
** Depth(ft):314
# nquan = 27
# nvalues = 87                          
# units = specified
# name 0 = scan: Scan Count
# name 1 = timeJ: Julian Days
# name 2 = timeH: Time, Elapsed [hours]
# name 3 = timeM: Time, Elapsed [minutes]
# name 4 = timeS: Time, Elapsed [seconds]
# name 5 = prdM: Pressure, Strain Gauge [db]
# name 6 = specc: Specific Conductance [uS/cm]
# name 7 = sal00: Salinity, Practical [PSU]
# name 8 = tv290C: Temperature [ITS-90, deg C]
# name 9 = depSM: Depth [salt water, m], lat = 59.00
# name 10 = potemp090C: Potential Temperature [ITS-90, deg C]
# name 11 = sigma-é00: Density [sigma-theta, kg/m^3]
# name 12 = sbeox0ML/L: Oxygen, SBE 43 [ml/l]
# name 13 = sbeox0Mg/L: Oxygen, SBE 43 [mg/l]
# name 14 = sbeox0PS: Oxygen, SBE 43 [% saturation]
# name 15 = sbox0Mm/Kg: Oxygen, SBE 43 [umol/kg]
# name 16 = sbeox0Mm/L: Oxygen, SBE 43 [umol/l]
# name 17 = sbox0dV/dT: Oxygen, SBE 43 [dov/dt]
# name 18 = oxsolML/L: Oxygen Saturation, Garcia & Gordon [ml/l]
# name 19 = oxsolMg/L: Oxygen Saturation, Garcia & Gordon [mg/l]
# name 20 = oxsolMm/Kg: Oxygen Saturation, Garcia & Gordon [umol/kg]
# name 21 = potemp090C: Potential Temperature [ITS-90, deg C]
# name 22 = n2satMg/L: Nitrogen Saturation [mg/l]
# name 23 = par: PAR/Irradiance, Biospherical/Licor
# name 24 = flECO-AFL: Fluorescence, WET Labs ECO-AFL/FL [mg/m^3]
# name 25 = turbWETntu0: Turbidity, WET Labs ECO [NTU]
# name 26 = flag: flag
# span 0 =        316,        727       
# span 1 = 186.651329, 186.652516       
# span 2 =    0.02187,    0.05040       
# span 3 =     1.3128,     3.0237       
# span 4 =     78.767,    181.423       
# span 5 =      1.010,     87.840       
# span 6 =  43631.159,  50925.660       
# span 7 =    27.4256,    31.7658       
# span 8 =     5.7256,    10.2519       
# span 9 =      1.000,     87.000       
# span 10 =     5.7170,     9.8786      
# span 11 =    21.0065,    25.0311      
# span 12 =     6.8782,     7.9330      
# span 13 =     9.8297,    11.3371      
# span 14 =    104.390,    117.211      
# span 15 =    300.874,    346.343      
# span 16 =    307.181,    354.289      
# span 17 =   -0.02592,    0.02055      
# span 18 =    6.59182,    7.10442      
# span 19 =    9.42036,   10.15293      
# span 20 =  288.33447,  309.53522      
# span 21 =     5.7188,    10.2518      
# span 22 =   14.93981,   15.93349      
# span 23 = 4.6874e-02, 2.0689e+02      
# span 24 =     0.1557,     2.1412      
# span 25 =     0.4499,     2.4269      
# span 26 = 0.0000e+00, 0.0000e+00      
# interval = meters: 1                  
# start_time = Jul 05 2013 15:36:36 [Instrument's time stamp, header]
# bad_flag = -9.990e-29
*END*
[from data line 54]
        595 186.652136    0.04126     2.4755    148.528     55.526  50595.611    31.7385     6.6906     55.000     6.6776    24.8912     7.8379    11.2012    112.824    341.540    350.041   -0.00301    6.94703    9.92799  302.71898     6.6858   15.60873 6.7623e-02     0.2840     0.5013 0.0000e+00
        600 186.652149    0.04157     2.4940    149.641     56.536  50603.501    31.7425     6.6843     56.000     6.6699    24.8951     7.8324    11.1933    112.731    341.298    349.794   -0.00295    6.94785    9.92918  302.75404     6.6794   15.61038 6.4854e-02     0.2760     0.5188 0.0000e+00
        604 186.652162    0.04188     2.5130    150.781     57.546  50577.152    31.7158     6.6416     57.000     6.6073    24.8796     7.8587    11.2308    112.977    342.449    350.968   -0.00157    6.95597    9.94078  303.11241     6.6367   15.62758 6.2511e-02     0.2519     0.5666 0.0000e+00
        609 186.652175    0.04219     2.5317    151.904     58.556  50617.277    31.7331     6.5867     58.000     6.5727    24.9002     7.8404    11.2046    112.583    341.641    350.148   -0.00254    6.96404    9.95231  303.45802     6.5817   15.64398 6.0513e-02     0.2331     0.6207 0.0000e+00
        613 186.652188    0.04252     2.5512    153.072     59.565  50630.660    31.7392     6.5719     59.000     6.5642    24.9069     7.8412    11.2059    112.562    341.679    350.189   -0.00224    6.96615    9.95533  303.54791     6.5669   15.64825 5.8801e-02     0.2454     1.0568 0.0000e+00
        618 186.652202    0.04285     2.5711    154.263     60.575  50627.749    31.7353     6.5646     60.000     6.5534    24.9048     7.8606    11.2336    112.818    342.524    351.054   -0.00104    6.96753    9.95730  303.60853     6.5594   15.65115 5.7280e-02     0.2291     0.7921 0.0000e+00
        623 186.652215    0.04316     2.5896    155.378     61.585  50620.620    31.7268     6.5476     61.000     6.5279    24.9002     7.8600    11.2327    112.758    342.500    351.028   -0.00103    6.97067    9.96180  303.74705     6.5424   15.65780 5.6023e-02     0.2112     0.5290 0.0000e+00
        627 186.652227    0.04345     2.6072    156.435     62.595  50596.467    31.7019     6.5067     62.000     6.4649    24.8857     7.8547    11.2252    112.557    342.274    350.792   -0.00153    6.97845    9.97291  304.09021     6.5015   15.67426 5.4927e-02     0.1929     0.4873 0.0000e+00
        631 186.652239    0.04374     2.6246    157.475     63.604  50591.693    31.6823     6.4224     63.000     6.3689    24.8809     7.8403    11.2045    112.115    341.644    350.145   -0.00260    6.99310    9.99384  304.72971     6.4171   15.70482 5.3939e-02     0.1902     0.4920 0.0000e+00
        635 186.652251    0.04403     2.6415    158.488     64.614  50612.711    31.6782     6.3259     64.000     6.2737    24.8896     7.8034    11.1518    111.334    340.036    348.500   -0.00462    7.00906   10.01664  305.42256     6.3205   15.73786 5.3082e-02     0.1806     0.5337 0.0000e+00
        639 186.652263    0.04431     2.6584    159.502     65.624  50637.896    31.6768     6.2300     65.000     6.1788    24.9003     7.7795    11.1177    110.743    338.991    347.432   -0.00572    7.02486   10.03922  306.10793     6.2246   15.77054 5.2345e-02     0.1882     0.5975 0.0000e+00
        643 186.652274    0.04458     2.6748    160.488     66.634  50683.760    31.6914     6.1430     66.000     6.1021    24.9224     7.7639    11.0953    110.306    338.303    346.734   -0.00617    7.03849   10.05870  306.69529     6.1376   15.79847 5.1661e-02     0.1852     0.5987 0.0000e+00
        647 186.652285    0.04484     2.6906    161.439     67.643  50736.737    31.7158     6.0826     67.000     6.0589    24.9490     7.7502    11.0758    109.974    337.701    346.126   -0.00627    7.04733   10.07133  307.07229     6.0771   15.81633 5.1105e-02     0.1785     0.6444 0.0000e+00
        651 186.652296    0.04511     2.7066    162.398     68.653  50766.624    31.7305     6.0544     68.000     6.0417    24.9641     7.7421    11.0642    109.797    337.342    345.763   -0.00587    7.05129   10.07700  307.24065     6.0489   15.82430 5.0549e-02     0.1658     0.6830 0.0000e+00
        655 186.652308    0.04540     2.7240    163.437     69.663  50774.791    31.7331     6.0411     69.000     6.0284    24.9677     7.7344    11.0534    109.657    337.008    345.422   -0.00531    7.05339   10.08000  307.33086     6.0355   15.82859 5.0127e-02     0.1647     0.6941 0.0000e+00
        659 186.652321    0.04569     2.7417    164.500     70.673  50771.077    31.7260     6.0206     70.000     5.9978    24.9646     7.7259    11.0411    109.477    336.634    345.038   -0.00495    7.05710   10.08530  307.49379     6.0149   15.83638 4.9725e-02     0.1587     0.7037 0.0000e+00
        663 186.652333    0.04599     2.7598    165.585     71.683  50782.593    31.7252     5.9783     71.000     5.9519    24.9690     7.7133    11.0230    109.189    336.083    344.475   -0.00495    7.06416   10.09539  307.79975     5.9726   15.85096 4.9375e-02     0.1617     0.7346 0.0000e+00
        668 186.652346    0.04630     2.7777    166.665     72.693  50800.249    31.7281     5.9336     72.000     5.9027    24.9766     7.6925    10.9934    108.782    335.175    343.547   -0.00534    7.07146   10.10582  308.11557     5.9278   15.86600 4.9076e-02     0.1557     0.7988 0.0000e+00
        672 186.652357    0.04659     2.7952    167.711     73.702  50813.681    31.7252     5.8745     73.000     5.8351    24.9813     7.6768    10.9709    108.408    334.490    342.846   -0.00557    7.08143   10.12008  308.54883     5.8687   15.88665 4.8830e-02     0.1767     0.9516 0.0000e+00
        676 186.652370    0.04687     2.8121    168.727     74.712  50864.658    31.7476     5.8135     74.000     5.7929    25.0063     7.6510    10.9341    107.904    333.359    341.695   -0.00618    7.09056   10.13312  308.93903     5.8076   15.90515 4.8592e-02     0.1995     1.0773 0.0000e+00
        680 186.652381    0.04714     2.8286    169.717     75.722  50892.142    31.7622     5.7938     75.000     5.7865    25.0202     7.6307    10.9050    107.578    332.467    340.785   -0.00625    7.09316   10.13683  309.04805     5.7879   15.91029 4.8365e-02     0.1917     0.9704 0.0000e+00
        684 186.652392    0.04742     2.8450    170.702     76.732  50893.003    31.7618     5.7912     76.000     5.7826    25.0201     7.6332    10.9086    107.607    332.578    340.899   -0.00522    7.09363   10.13750  309.06842     5.7852   15.91126 4.8177e-02     0.1839     0.9528 0.0000e+00
        688 186.652404    0.04769     2.8616    171.695     77.741  50895.072    31.7615     5.7851     77.000     5.7762    25.0207     7.6431    10.9227    107.730    333.008    341.340   -0.00402    7.09465   10.13896  309.11264     5.7790   15.91337 4.8022e-02     0.1801     0.9549 0.0000e+00
        692 186.652415    0.04796     2.8775    172.653     78.752  50901.950    31.7652     5.7823     78.000     5.7772    25.0239     7.6439    10.9238    107.737    333.041    341.376   -0.00340    7.09495   10.13939  309.12491     5.7761   15.91394 4.7858e-02     0.1750     0.9981 0.0000e+00
        695 186.652426    0.04822     2.8930    173.581     79.761  50901.421    31.7648     5.7845     79.000     5.7790    25.0234     7.6430    10.9226    107.730    333.002    341.336   -0.00293    7.09460   10.13890  309.10986     5.7782   15.91322 4.7731e-02     0.1771     1.0084 0.0000e+00
        699 186.652436    0.04847     2.9083    174.495     80.771  50899.851    31.7634     5.7855     80.000     5.7786    25.0222     7.6427    10.9222    107.727    332.992    341.325   -0.00254    7.09449   10.13874  309.10560     5.7792   15.91302 4.7592e-02     0.1868     1.0227 0.0000e+00
        703 186.652447    0.04872     2.9233    175.395     81.781  50900.459    31.7632     5.7846     81.000     5.7776    25.0221     7.6452    10.9257    107.759    333.098    341.433   -0.00210    7.09466   10.13897  309.11271     5.7782   15.91336 4.7379e-02     0.1821     1.0572 0.0000e+00
        706 186.652457    0.04898     2.9387    176.322     82.791  50901.130    31.7629     5.7834     82.000     5.7762    25.0220     7.6438    10.9238    107.737    333.038    341.371   -0.00188    7.09486   10.13926  309.12144     5.7770   15.91378 4.7281e-02     0.1885     1.1037 0.0000e+00
        710 186.652468    0.04925     2.9548    177.286     83.800  50902.132    31.7628     5.7819     83.000     5.7745    25.0221     7.6417    10.9207    107.703    332.945    341.276   -0.00172    7.09513   10.13964  309.13305     5.7754   15.91434 4.7239e-02     0.1938     1.1455 0.0000e+00
        714 186.652480    0.04951     2.9709    178.255     84.811  50901.836    31.7618     5.7801     84.000     5.7710    25.0215     7.6407    10.9193    107.685    332.904    341.234   -0.00155    7.09548   10.14014  309.14846     5.7735   15.91507 4.7106e-02     0.1879     1.1299 0.0000e+00
        718 186.652491    0.04979     2.9875    179.249     85.820  50894.512    31.7542     5.7703     85.000     5.7513    25.0168     7.6445    10.9247    107.707    333.069    341.402   -0.00126    7.09747   10.14299  309.23669     5.7636   15.91931 4.6984e-02     0.1748     1.0818 0.0000e+00
        722 186.652503    0.05008     3.0046    180.276     86.830  50908.156    31.7576     5.7428     86.000     5.7265    25.0226     7.6349    10.9111    107.505    332.653    340.976   -0.00167    7.10193   10.14936  309.42919     5.7360   15.92846 4.6919e-02     0.1815     1.1106 0.0000e+00
        727 186.652516    0.05040     3.0237    181.423     87.840  50925.660    31.7658     5.7256     87.000     5.7170    25.0311     7.6169    10.8854    107.214    331.865    340.171   -0.00232    7.10442   10.15293  309.53522     5.7188   15.93349 4.6874e-02     0.1992     1.2270 0.0000e+00
