CTD-processing/allCTD/CNV/2013_07-21_t6_s07_cast071_5028.cnv
* Sea-Bird SBE19plus Data File:
* FileName = C:\Users\kris.holderied\Documents\kasitsna\Research-Projects-and-Data\Oceanography-AK\CTD-CookInlet-GulfWatchAK\2013-07-EVOSTC-CookInlet-Ocean\2013-07-21-22-CookInlet-Tran6-Douglas\2013-07-21-22-CookInlet-Tran6-Douglas-cast071.hex
* Software Version 1.59
* Temperature SN =  5028
* Conductivity SN =  5028
* System UpLoad Time = Apr 09 2014 21:16:21
** Cook Inlet LTM Transect 6 (Douglas) west to east
** Date: 2013-07-21/22
** Station: 6-07
** Start time: 01:57
** Depth (m): 128
** CoComment:
** Comment:
# nquan = 27
# nvalues = 123                         
# units = specified
# name 0 = scan: Scan Count
# name 1 = timeJ: Julian Days
# name 2 = timeH: Time, Elapsed [hours]
# name 3 = timeM: Time, Elapsed [minutes]
# name 4 = timeS: Time, Elapsed [seconds]
# name 5 = prdM: Pressure, Strain Gauge [db]
# name 6 = specc: Specific Conductance [uS/cm]
# name 7 = sal00: Salinity, Practical [PSU]
# name 8 = tv290C: Temperature [ITS-90, deg C]
# name 9 = depSM: Depth [salt water, m], lat = 59.00
# name 10 = potemp090C: Potential Temperature [ITS-90, deg C]
# name 11 = sigma-é00: Density [sigma-theta, kg/m^3]
# name 12 = sbeox0ML/L: Oxygen, SBE 43 [ml/l]
# name 13 = sbeox0Mg/L: Oxygen, SBE 43 [mg/l]
# name 14 = sbeox0PS: Oxygen, SBE 43 [% saturation]
# name 15 = sbox0Mm/Kg: Oxygen, SBE 43 [umol/kg]
# name 16 = sbeox0Mm/L: Oxygen, SBE 43 [umol/l]
# name 17 = sbox0dV/dT: Oxygen, SBE 43 [dov/dt]
# name 18 = oxsolML/L: Oxygen Saturation, Garcia & Gordon [ml/l]
# name 19 = oxsolMg/L: Oxygen Saturation, Garcia & Gordon [mg/l]
# name 20 = oxsolMm/Kg: Oxygen Saturation, Garcia & Gordon [umol/kg]
# name 21 = potemp090C: Potential Temperature [ITS-90, deg C]
# name 22 = n2satMg/L: Nitrogen Saturation [mg/l]
# name 23 = par: PAR/Irradiance, Biospherical/Licor
# name 24 = flECO-AFL: Fluorescence, WET Labs ECO-AFL/FL [mg/m^3]
# name 25 = turbWETntu0: Turbidity, WET Labs ECO [NTU]
# name 26 = flag: flag
# span 0 =         43,       1207       
# span 1 = 203.081927, 203.085296       
# span 2 =    0.00292,    0.08377       
# span 3 =     0.1750,     5.0264       
# span 4 =     10.499,    301.582       
# span 5 =      1.010,    124.198       
# span 6 =  47809.539,  51330.032       
# span 7 =    30.3182,    32.1426       
# span 8 =     6.3014,     9.5391       
# span 9 =      1.000,    123.000       
# span 10 =     6.2910,     9.5285      
# span 11 =    23.3745,    25.2596      
# span 12 =     5.3932,     7.5113      
# span 13 =     7.7074,    10.7344      
# span 14 =     82.008,    113.280      
# span 15 =    235.390,    327.369      
# span 16 =    240.860,    335.455      
# span 17 =   -0.01760,    0.00854      
# span 18 =    6.51430,    6.99154      
# span 19 =    9.30959,    9.99161      
# span 20 =  283.95723,  304.54958      
# span 21 =     6.2910,     9.5390      
# span 22 =   14.71249,   15.69437      
# span 23 = 4.1676e-02, 3.0130e-01      
# span 24 =     0.3083,     4.6087      
# span 25 =     0.3216,     8.7071      
# span 26 = 0.0000e+00, 0.0000e+00      
# interval = meters: 1                  
# start_time = Jul 22 2013 01:57:48 [Instrument's time stamp, header]
# bad_flag = -9.990e-29
*END*
[from data line 54]
        784 203.084071    0.05437     3.2625    195.753     55.527  51096.243    32.0698     6.6002     55.000     6.5945    25.1638     6.6830     9.5507     96.208    291.137    298.463   -0.00036    6.94641    9.92711  302.61174     6.5955   15.60226 4.1749e-02     0.4215     0.3287 0.0000e+00
        794 203.084101    0.05508     3.3049    198.292     56.536  51099.353    32.0707     6.5954     56.000     6.5895    25.1651     6.6772     9.5424     96.115    290.884    298.204   -0.00052    6.94714    9.92816  302.64315     6.5906   15.60376 4.1688e-02     0.4153     0.3400 0.0000e+00
        804 203.084129    0.05577     3.3460    200.763     57.546  51103.161    32.0719     6.5905     57.000     6.5849    25.1667     6.6790     9.5450     96.130    290.963    298.286   -0.00033    6.94787    9.92920  302.67463     6.5857   15.60526 4.1699e-02     0.4087     0.3365 0.0000e+00
        814 203.084159    0.05647     3.3884    203.302     58.556  51105.702    32.0726     6.5875     58.000     6.5822    25.1676     6.6680     9.5292     95.966    290.481    297.792   -0.00070    6.94833    9.92985  302.69413     6.5825   15.60618 4.1731e-02     0.4172     0.3296 0.0000e+00
        825 203.084190    0.05722     3.4333    205.996     59.565  51106.880    32.0728     6.5867     59.000     6.5815    25.1679     6.6625     9.5214     95.885    290.244    297.548   -0.00069    6.94845    9.93002  302.69925     6.5816   15.60643 4.1686e-02     0.4036     0.3405 0.0000e+00
        835 203.084218    0.05790     3.4738    208.428     60.575  51107.518    32.0726     6.5863     60.000     6.5809    25.1679     6.6637     9.5232     95.902    290.297    297.603   -0.00044    6.94851    9.93012  302.70224     6.5812   15.60657 4.1724e-02     0.4138     0.3550 0.0000e+00
        844 203.084245    0.05855     3.5130    210.779     61.585  51108.197    32.0723     6.5842     61.000     6.5776    25.1679     6.6693     9.5311     95.977    290.540    297.853   -0.00011    6.94887    9.93062  302.71762     6.5790   15.60730 4.1687e-02     0.4154     0.3540 0.0000e+00
        853 203.084271    0.05919     3.5512    213.070     62.594  51112.454    32.0734     6.5769     62.000     6.5696    25.1697     6.6729     9.5363     96.013    290.697    298.014   -0.00001    6.95002    9.93226  302.76708     6.5715   15.60966 4.1742e-02     0.4030     0.3465 0.0000e+00
        863 203.084301    0.05989     3.5934    215.601     63.604  51116.034    32.0734     6.5665     63.000     6.5563    25.1711     6.6713     9.5340     95.967    290.627    297.943   -0.00017    6.95168    9.93464  302.83926     6.5611   15.61310 4.1695e-02     0.4120     0.3264 0.0000e+00
        869 203.084317    0.06027     3.6162    216.975     64.613  51124.671    32.0763     6.5525     64.000     6.5422    25.1751     6.6662     9.5266     95.863    290.399    297.710   -0.00049    6.95381    9.93769  302.93096     6.5470   15.61746 4.1698e-02     0.4025     0.3359 0.0000e+00
        875 203.084334    0.06068     3.6410    218.461     65.624  51133.960    32.0797     6.5387     65.000     6.5292    25.1795     6.6604     9.5184     95.752    290.147    297.453   -0.00074    6.95588    9.94065  303.01970     6.5332   15.62168 4.1720e-02     0.3888     0.3497 0.0000e+00
        881 203.084351    0.06108     3.6648    219.890     66.633  51136.061    32.0779     6.5241     66.000     6.5066    25.1800     6.6577     9.5145     95.679    290.029    297.331   -0.00082    6.95832    9.94414  303.12598     6.5185   15.62675 4.1709e-02     0.3803     0.3216 0.0000e+00
        885 203.084365    0.06142     3.6852    221.114     67.643  51144.726    32.0759     6.4844     67.000     6.4499    25.1835     6.6548     9.5104     95.548    289.903    297.203   -0.00107    6.96484    9.95346  303.40928     6.4787   15.64027 4.1694e-02     0.3756     0.3235 0.0000e+00
        890 203.084379    0.06177     3.7061    222.365     68.653  51204.390    32.1051     6.4225     68.000     6.4099    25.2143     6.6319     9.4777     95.102    288.899    296.183   -0.00221    6.97354    9.96589  303.77884     6.4167   15.65777 4.1676e-02     0.3498     0.3437 0.0000e+00
        896 203.084395    0.06215     3.7292    223.751     69.663  51214.862    32.1118     6.4219     69.000     6.4158    25.2197     6.6162     9.4552     94.878    288.210    295.478   -0.00248    6.97333    9.96559  303.76809     6.4160   15.65723 4.1735e-02     0.3473     0.3442 0.0000e+00
        902 203.084413    0.06259     3.7553    225.315     70.673  51217.636    32.1122     6.4163     70.000     6.4097    25.2207     6.6304     9.4754     95.069    288.828    296.112   -0.00132    6.97423    9.96688  303.80693     6.4103   15.65908 4.1763e-02     0.3403     0.3497 0.0000e+00
        908 203.084431    0.06302     3.7807    226.840     71.683  51222.244    32.1157     6.4204     71.000     6.4207    25.2230     6.6366     9.4844     95.171    289.099    296.391   -0.00073    6.97339    9.96569  303.76998     6.4144   15.65730 4.1800e-02     0.3594     0.3501 0.0000e+00
        914 203.084447    0.06338     3.8031    228.183     72.692  51202.725    32.1033     6.4289     72.000     6.4135    25.2121     6.6529     9.5077     95.415    289.813    297.120    0.00012    6.97259    9.96453  303.73806     6.4227   15.65584 4.1796e-02     0.3615     0.3627 0.0000e+00
        920 203.084465    0.06383     3.8298    229.786     73.702  51223.849    32.1099     6.3894     73.000     6.3705    25.2223     6.6387     9.4873     95.128    289.189    296.483   -0.00076    6.97870    9.97326  304.00128     6.3832   15.66836 4.1754e-02     0.3588     0.3437 0.0000e+00
        925 203.084480    0.06420     3.8520    231.118     74.712  51254.563    32.1276     6.3729     74.000     6.3732    25.2383     6.6194     9.4599     94.826    288.348    295.625   -0.00155    6.98056    9.97593  304.07766     6.3667   15.67193 4.1789e-02     0.3538     0.3345 0.0000e+00
        931 203.084496    0.06457     3.8745    232.472     75.722  51235.574    32.1175     6.3915     75.000     6.3807    25.2281     6.6263     9.4696     94.960    288.647    295.929   -0.00085    6.97801    9.97227  303.96929     6.3852   15.66680 4.1825e-02     0.3491     0.3322 0.0000e+00
        936 203.084511    0.06493     3.8961    233.764     76.731  51239.303    32.1134     6.3589     76.000     6.3336    25.2288     6.6285     9.4729     94.917    288.745    296.030   -0.00080    6.98351    9.98013  304.20877     6.3525   15.67823 4.1833e-02     0.3466     0.3441 0.0000e+00
        941 203.084526    0.06530     3.9176    235.054     77.741  51276.927    32.1330     6.3276     77.000     6.3176    25.2483     6.6196     9.4600     94.733    288.351    295.632   -0.00125    6.98769    9.98611  304.38503     6.3212   15.68656 4.1835e-02     0.3421     0.3456 0.0000e+00
        947 203.084544    0.06571     3.9429    236.572     78.751  51284.927    32.1369     6.3221     78.000     6.3159    25.2521     6.6179     9.4576     94.698    288.276    295.556   -0.00107    6.98842    9.98714  304.41551     6.3155   15.68799 4.1850e-02     0.3233     0.3673 0.0000e+00
        953 203.084560    0.06611     3.9665    237.991     79.761  51284.145    32.1362     6.3238     79.000     6.3174    25.2513     6.6156     9.4543     94.668    288.173    295.450   -0.00096    6.98817    9.98679  304.40487     6.3172   15.68749 4.1888e-02     0.3288     0.3690 0.0000e+00
        958 203.084575    0.06646     3.9875    239.248     80.771  51283.135    32.1348     6.3227     80.000     6.3137    25.2504     6.6186     9.4587     94.708    288.307    295.587   -0.00066    6.98842    9.98715  304.41601     6.3160   15.68803 4.1903e-02     0.3284     0.3615 0.0000e+00
        963 203.084590    0.06682     4.0093    240.556     81.781  51288.937    32.1373     6.3170     81.000     6.3092    25.2530     6.6109     9.4476     94.587    287.971    295.243   -0.00092    6.98922    9.98829  304.45031     6.3102   15.68965 4.1985e-02     0.3240     0.3653 0.0000e+00
        969 203.084605    0.06720     4.0320    241.918     82.790  51291.265    32.1382     6.3157     82.000     6.3088    25.2539     6.6124     9.4497     94.605    288.033    295.308   -0.00071    6.98940    9.98855  304.45785     6.3088   15.69001 4.2051e-02     0.3272     0.3788 0.0000e+00
        975 203.084623    0.06761     4.0566    243.397     83.801  51291.830    32.1380     6.3151     83.000     6.3074    25.2538     6.6140     9.4521     94.628    288.105    295.381   -0.00050    6.98951    9.98871  304.46281     6.3081   15.69024 4.2082e-02     0.3177     0.3611 0.0000e+00
        981 203.084641    0.06806     4.0834    245.006     84.810  51294.261    32.1388     6.3131     84.000     6.3055    25.2547     6.6107     9.4474     94.577    287.962    295.234   -0.00056    6.98980    9.98912  304.47496     6.3061   15.69082 4.2238e-02     0.3177     0.3628 0.0000e+00
        986 203.084656    0.06840     4.1041    246.246     85.820  51295.350    32.1388     6.3114     85.000     6.3031    25.2549     6.6165     9.4557     94.655    288.214    295.493   -0.00026    6.99008    9.98952  304.48698     6.3043   15.69140 4.2374e-02     0.3312     0.3789 0.0000e+00
        991 203.084669    0.06874     4.1242    247.449     86.830  51298.364    32.1399     6.3090     86.000     6.3010    25.2561     6.6207     9.4617     94.711    288.397    295.681   -0.00006    6.99042    9.99000  304.50140     6.3018   15.69208 4.2560e-02     0.3263     0.3755 0.0000e+00
        998 203.084690    0.06923     4.1534    249.204     87.840  51301.374    32.1410     6.3063     87.000     6.2986    25.2573     6.6165     9.4556     94.645    288.212    295.491   -0.00027    6.99079    9.99054  304.51748     6.2991   15.69284 4.2793e-02     0.3231     0.3745 0.0000e+00
       1003 203.084706    0.06960     4.1760    250.558     88.850  51302.844    32.1415     6.3060     88.000     6.2990    25.2578     6.6151     9.4536     94.625    288.152    295.430   -0.00030    6.99082    9.99058  304.51853     6.2987   15.69289 4.2986e-02     0.3083     0.4068 0.0000e+00
       1008 203.084719    0.06993     4.1959    251.752     89.859  51302.955    32.1412     6.3066     89.000     6.2993    25.2575     6.6165     9.4557     94.647    288.214    295.493   -0.00022    6.99074    9.99047  304.51511     6.2992   15.69272 4.3092e-02     0.3152     0.4354 0.0000e+00
       1015 203.084741    0.07044     4.2265    253.588     90.869  51303.383    32.1411     6.3068     90.000     6.2992    25.2574     6.6149     9.4534     94.624    288.144    295.422   -0.00025    6.99072    9.99043  304.51434     6.2993   15.69269 4.3060e-02     0.3366     0.3845 0.0000e+00
       1021 203.084758    0.07086     4.2518    255.106     91.879  51304.018    32.1411     6.3071     91.000     6.2998    25.2573     6.6091     9.4450     94.541    287.888    295.160   -0.00047    6.99067    9.99036  304.51207     6.2995   15.69258 4.3031e-02     0.3194     0.3718 0.0000e+00
       1029 203.084780    0.07139     4.2836    257.017     92.889  51303.956    32.1407     6.3078     92.000     6.3000    25.2569     6.6137     9.4517     94.609    288.092    295.368   -0.00018    6.99056    9.99022  304.50770     6.3001   15.69237 4.3043e-02     0.3248     0.3678 0.0000e+00
       1036 203.084799    0.07184     4.3105    258.631     93.899  51304.813    32.1407     6.3073     93.000     6.2993    25.2570     6.6098     9.4461     94.552    287.922    295.194   -0.00033    6.99066    9.99035  304.51169     6.2995   15.69257 4.3050e-02     0.3307     0.3650 0.0000e+00
       1041 203.084815    0.07222     4.3330    259.981     94.909  51305.970    32.1409     6.3068     94.000     6.2989    25.2573     6.6106     9.4472     94.562    287.954    295.227   -0.00027    6.99072    9.99044  304.51442     6.2990   15.69270 4.3084e-02     0.3245     0.3932 0.0000e+00
       1050 203.084842    0.07288     4.3729    262.373     95.919  51306.479    32.1408     6.3070     95.000     6.2987    25.2572     6.6097     9.4460     94.550    287.919    295.191   -0.00024    6.99070    9.99040  304.51343     6.2990   15.69265 4.3035e-02     0.3323     0.3998 0.0000e+00
       1056 203.084857    0.07323     4.3938    263.628     96.929  51307.802    32.1411     6.3061     96.000     6.2978    25.2576     6.6075     9.4429     94.518    287.824    295.094   -0.00034    6.99084    9.99061  304.51937     6.2980   15.69293 4.3044e-02     0.3418     0.3875 0.0000e+00
       1062 203.084877    0.07371     4.4227    265.365     97.939  51308.587    32.1412     6.3064     97.000     6.2983    25.2576     6.6120     9.4492     94.582    288.017    295.291   -0.00010    6.99077    9.99052  304.51655     6.2983   15.69280 4.3045e-02     0.3445     0.3681 0.0000e+00
       1072 203.084904    0.07437     4.4619    267.713     98.949  51308.842    32.1409     6.3062     98.000     6.2975    25.2573     6.6120     9.4492     94.581    288.017    295.292   -0.00011    6.99083    9.99059  304.51891     6.2980   15.69291 4.3042e-02     0.3475     0.3627 0.0000e+00
       1077 203.084920    0.07474     4.4845    269.071     99.959  51310.256    32.1414     6.3062     99.000     6.2982    25.2578     6.6123     9.4497     94.586    288.032    295.307   -0.00011    6.99080    9.99055  304.51779     6.2979   15.69286 4.3016e-02     0.3374     0.3701 0.0000e+00
       1084 203.084940    0.07523     4.5140    270.838    100.968  51309.917    32.1409     6.3074    100.000     6.2992    25.2573     6.6099     9.4461     94.553    287.925    295.197   -0.00021    6.99062    9.99031  304.51036     6.2990   15.69250 4.3035e-02     0.3320     0.3894 0.0000e+00
       1091 203.084960    0.07570     4.5419    272.514    101.979  51310.305    32.1407     6.3078    101.000     6.2994    25.2571     6.6122     9.4494     94.587    288.025    295.299   -0.00009    6.99057    9.99023  304.50796     6.2993   15.69239 4.3008e-02     0.3377     0.3921 0.0000e+00
       1097 203.084978    0.07614     4.5682    274.093    102.989  51310.869    32.1408     6.3084    102.000     6.3002    25.2570     6.6102     9.4467     94.560    287.940    295.213   -0.00018    6.99047    9.99008  304.50351     6.2999   15.69218 4.2996e-02     0.3411     0.3505 0.0000e+00
       1102 203.084992    0.07647     4.5879    275.273    103.998  51311.022    32.1405     6.3092    103.000     6.3008    25.2568     6.6085     9.4442     94.537    287.864    295.135   -0.00025    6.99035    9.98990  304.49812     6.3006   15.69192 4.3003e-02     0.3329     0.3704 0.0000e+00
       1111 203.085018    0.07709     4.6257    277.543    105.008  51311.595    32.1403     6.3084    104.000     6.2989    25.2567     6.6073     9.4425     94.519    287.813    295.082   -0.00024    6.99048    9.99010  304.50421     6.2997   15.69221 4.3009e-02     0.3306     0.3909 0.0000e+00
       1117 203.085036    0.07751     4.6508    279.046    106.018  51314.163    32.1412     6.3061    105.000     6.2968    25.2577     6.6103     9.4468     94.557    287.945    295.217   -0.00010    6.99083    9.99060  304.51902     6.2973   15.69292 4.2977e-02     0.3328     0.3957 0.0000e+00
       1122 203.085049    0.07786     4.6714    280.285    107.028  51315.820    32.1417     6.3056    106.000     6.2970    25.2582     6.6108     9.4475     94.563    287.964    295.238   -0.00010    6.99088    9.99067  304.52109     6.2967   15.69301 4.3016e-02     0.3421     0.3822 0.0000e+00
       1130 203.085072    0.07839     4.7033    282.200    108.037  51315.494    32.1412     6.3067    107.000     6.2977    25.2577     6.6102     9.4466     94.557    287.939    295.212   -0.00012    6.99073    9.99045  304.51457     6.2977   15.69270 4.3027e-02     0.3467     0.3757 0.0000e+00
