CTD-processing/allCTD/CNV/2013_06-06_alongbay_seldoviaa_outer_cast094_4141.cnv
* Sea-Bird SBE19plus Data File:
* FileName = C:\Documents and Settings\kbayadmin\My Documents\CTD data\2013-06-06 Kachemak Bay all bay inner bay Nuka\2013-06-06 Kachemak Bay All Bay Inner Bay cast094.hex
* Software Version 1.59
* Temperature SN =  4141
* Conductivity SN =  4141
* System UpLoad Time = Jun 18 2013 16:23:14
** Kachemak Bay All Bay Inner Bay
** 2013-06-06
** Station: Seldovia A
** N': 59 26.676
** W': 151 43.692
** Start Time: 1130
** Depth(ft): 30
# nquan = 27
# nvalues = 10                          
# units = specified
# name 0 = scan: Scan Count
# name 1 = timeJ: Julian Days
# name 2 = timeH: Time, Elapsed [hours]
# name 3 = timeM: Time, Elapsed [minutes]
# name 4 = timeS: Time, Elapsed [seconds]
# name 5 = prdM: Pressure, Strain Gauge [db]
# name 6 = specc: Specific Conductance [uS/cm]
# name 7 = sal00: Salinity, Practical [PSU]
# name 8 = tv290C: Temperature [ITS-90, deg C]
# name 9 = depSM: Depth [salt water, m], lat = 59.00
# name 10 = potemp090C: Potential Temperature [ITS-90, deg C]
# name 11 = sigma-é00: Density [sigma-theta, kg/m^3]
# name 12 = sbeox0ML/L: Oxygen, SBE 43 [ml/l]
# name 13 = sbeox0Mg/L: Oxygen, SBE 43 [mg/l]
# name 14 = sbeox0PS: Oxygen, SBE 43 [% saturation]
# name 15 = sbox0Mm/Kg: Oxygen, SBE 43 [umol/kg]
# name 16 = sbeox0Mm/L: Oxygen, SBE 43 [umol/l]
# name 17 = sbox0dV/dT: Oxygen, SBE 43 [dov/dt]
# name 18 = oxsolML/L: Oxygen Saturation, Garcia & Gordon [ml/l]
# name 19 = oxsolMg/L: Oxygen Saturation, Garcia & Gordon [mg/l]
# name 20 = oxsolMm/Kg: Oxygen Saturation, Garcia & Gordon [umol/kg]
# name 21 = n2satMg/L: Nitrogen Saturation [mg/l]
# name 22 = par: PAR/Irradiance, Biospherical/Licor
# name 23 = wetStar: Fluorescence, WET Labs WETstar [mg/m^3]
# name 24 = CStarAt0: Beam Attenuation, WET Labs C-Star [1/m]
# name 25 = CStarTr0: Beam Transmission, WET Labs C-Star [%]
# name 26 = flag: flag
# span 0 =        187,        369       
# span 1 = 157.480619, 157.481146       
# span 2 =    0.01290,    0.02557       
# span 3 =     0.7741,     1.5340       
# span 4 =     46.448,     92.037       
# span 5 =      1.010,     10.086       
# span 6 =  49722.715,  50676.814       
# span 7 =    31.1560,    31.7240       
# span 8 =     6.1975,     6.6876       
# span 9 =      1.000,     10.000       
# span 10 =     6.1967,     6.5575      
# span 11 =    24.4319,    24.9409      
# span 12 =     7.0701,     7.4832      
# span 13 =    10.1038,    10.6943      
# span 14 =    101.350,    106.776      
# span 15 =    308.212,    326.114      
# span 16 =    315.748,    334.200      
# span 17 =   -0.00781,    0.00040      
# span 18 =    6.97430,    7.02797      
# span 19 =    9.96698,   10.04368      
# span 20 =  304.04302,  306.23159      
# span 21 =   15.67423,   15.77623      
# span 22 = 5.3720e+00, 1.7567e+01      
# span 23 =     0.7524,     4.8554      
# span 24 =     0.6184,     0.9523      
# span 25 =    78.5766,    85.6739      
# span 26 = 0.0000e+00, 0.0000e+00      
# interval = meters: 1                  
# start_time = Jun 06 2013 11:31:19 [Instrument's time stamp, header]
# bad_flag = -9.990e-29
*END*
        187 157.480619    0.01290     0.7741     46.448      1.010  49722.715    31.1560     6.6876      1.000     6.5575    24.4319     7.0701    10.1038    101.350    308.212    315.748   -0.00020    6.97430    9.96698  304.04302   15.67423 1.7567e+01     0.7524     0.9523    78.5766 0.0000e+00
        340 157.481061    0.02352     1.4108     84.650      2.022  50401.075    31.5677     6.3603      2.000     6.3262    24.7976     7.4832    10.6943    106.776    326.114    334.200   -0.00309    7.00851   10.01587  305.42658   15.73850 1.3974e+01     1.1852     0.6184    85.6739 0.0000e+00
        338 157.481055    0.02338     1.4030     84.180      3.028  50502.472    31.6258     6.2993      3.000     6.2731    24.8510     7.4487    10.6450    106.171    324.594    332.661   -0.00505    7.01583   10.02631  305.72913   15.75268 6.1234e+00     1.1947     0.6289    85.4529 0.0000e+00
        342 157.481068    0.02370     1.4218     85.308      4.039  50594.899    31.6795     6.2467      4.000     6.2336    24.8998     7.4210    10.6054    105.683    323.371    331.423   -0.00781    7.02196   10.03509  305.98204   15.76452 7.5171e+00     1.3567     0.6295    85.4387 0.0000e+00
        347 157.481081    0.02400     1.4398     86.388      5.046  50642.606    31.7066     6.2185      5.000     6.2051    24.9246     7.4133    10.5943    105.522    323.024    331.076   -0.00693    7.02534   10.03991  306.12165   15.77106 6.4697e+00     1.5846     0.6369    85.2795 0.0000e+00
        351 157.481094    0.02432     1.4589     87.535      6.058  50669.883    31.7219     6.2018      6.000     6.2015    24.9388     7.4065    10.5845    105.394    322.722    330.770   -0.00574    7.02738   10.04282  306.20596   15.77501 6.6554e+00     2.0864     0.6575    84.8418 0.0000e+00
        356 157.481107    0.02462     1.4775     88.649      7.065  50672.984    31.7234     6.2012      7.000     6.2013    24.9401     7.4078    10.5865    105.414    322.783    330.833   -0.00374    7.02738   10.04284  306.20625   15.77502 7.3524e+00     2.6309     0.6683    84.6132 0.0000e+00
        360 157.481121    0.02495     1.4968     89.810      8.077  50670.509    31.7213     6.2017      8.000     6.1993    24.9383     7.4179    10.6009    105.556    323.221    331.282   -0.00143    7.02741   10.04287  306.20790   15.77511 6.9259e+00     3.2035     0.6708    84.5611 0.0000e+00
        365 157.481133    0.02525     1.5149     90.893      9.085  50674.921    31.7233     6.1986      9.000     6.1973    24.9403     7.4217    10.6062    105.603    323.385    331.450   -0.00056    7.02783   10.04348  306.22579   15.77596 6.0053e+00     3.8515     0.6578    84.8362 0.0000e+00
        369 157.481146    0.02557     1.5340     92.037     10.086  50676.814    31.7240     6.1975     10.000     6.1967    24.9409     7.4298    10.6179    105.717    323.739    331.813    0.00040    7.02797   10.04368  306.23159   15.77623 5.3720e+00     4.8554     0.6627    84.7326 0.0000e+00
