CTD-processing/allCTD/CNV/2013_07-21_t6_s23_cast055_5028.cnv
* Sea-Bird SBE19plus Data File:
* FileName = C:\Users\kris.holderied\Documents\kasitsna\Research-Projects-and-Data\Oceanography-AK\CTD-CookInlet-GulfWatchAK\2013-07-EVOSTC-CookInlet-Ocean\2013-07-21-22-CookInlet-Tran6-Douglas\2013-07-21-22-CookInlet-Tran6-Douglas-cast055.hex
* Software Version 1.59
* Temperature SN =  5028
* Conductivity SN =  5028
* System UpLoad Time = Apr 09 2014 20:54:54
** Cook Inlet LTM Transect 6 (Douglas) west to east
** Date: 2013-07-21/22
** Station: 6-23
** Start time: 19:53
** Depth (m): 163
** CoComment:
** Comment:
# nquan = 27
# nvalues = 162                         
# units = specified
# name 0 = scan: Scan Count
# name 1 = timeJ: Julian Days
# name 2 = timeH: Time, Elapsed [hours]
# name 3 = timeM: Time, Elapsed [minutes]
# name 4 = timeS: Time, Elapsed [seconds]
# name 5 = prdM: Pressure, Strain Gauge [db]
# name 6 = specc: Specific Conductance [uS/cm]
# name 7 = sal00: Salinity, Practical [PSU]
# name 8 = tv290C: Temperature [ITS-90, deg C]
# name 9 = depSM: Depth [salt water, m], lat = 59.00
# name 10 = potemp090C: Potential Temperature [ITS-90, deg C]
# name 11 = sigma-é00: Density [sigma-theta, kg/m^3]
# name 12 = sbeox0ML/L: Oxygen, SBE 43 [ml/l]
# name 13 = sbeox0Mg/L: Oxygen, SBE 43 [mg/l]
# name 14 = sbeox0PS: Oxygen, SBE 43 [% saturation]
# name 15 = sbox0Mm/Kg: Oxygen, SBE 43 [umol/kg]
# name 16 = sbeox0Mm/L: Oxygen, SBE 43 [umol/l]
# name 17 = sbox0dV/dT: Oxygen, SBE 43 [dov/dt]
# name 18 = oxsolML/L: Oxygen Saturation, Garcia & Gordon [ml/l]
# name 19 = oxsolMg/L: Oxygen Saturation, Garcia & Gordon [mg/l]
# name 20 = oxsolMm/Kg: Oxygen Saturation, Garcia & Gordon [umol/kg]
# name 21 = potemp090C: Potential Temperature [ITS-90, deg C]
# name 22 = n2satMg/L: Nitrogen Saturation [mg/l]
# name 23 = par: PAR/Irradiance, Biospherical/Licor
# name 24 = flECO-AFL: Fluorescence, WET Labs ECO-AFL/FL [mg/m^3]
# name 25 = turbWETntu0: Turbidity, WET Labs ECO [NTU]
# name 26 = flag: flag
# span 0 =         66,        999       
# span 1 = 202.829134, 202.831834       
# span 2 =    0.00449,    0.06929       
# span 3 =     0.2698,     4.1573       
# span 4 =     16.188,    249.444       
# span 5 =      1.009,    163.593       
# span 6 =  47699.254,  52595.476       
# span 7 =    30.3881,    32.6345       
# span 8 =     4.4604,    10.7361       
# span 9 =      1.000,    162.000       
# span 10 =     4.4502,    10.6336      
# span 11 =    23.2367,    25.8435      
# span 12 =     5.2303,     7.8033      
# span 13 =     7.4745,    11.1518      
# span 14 =     72.106,    120.545      
# span 15 =    227.695,    340.277      
# span 16 =    233.580,    348.497      
# span 17 =   -0.02994,    0.03248      
# span 18 =    6.40205,    7.29604      
# span 19 =    9.14918,   10.42676      
# span 20 =  279.45200,  317.71600      
# span 21 =     4.4504,    10.7360      
# span 22 =   14.50289,   16.32092      
# span 23 = 5.1362e-02, 4.0912e+02      
# span 24 =     0.0870,     3.7788      
# span 25 =     0.2608,     5.9494      
# span 26 = 0.0000e+00, 0.0000e+00      
# interval = meters: 1                  
# start_time = Jul 21 2013 19:53:41 [Instrument's time stamp, header]
# bad_flag = -9.990e-29
*END*
[from data line 108]
        754 202.831126    0.05231     3.1385    188.311    110.058  51688.844    32.0862     4.8173    109.000     4.8079    25.3863     7.2999    10.4322    100.769    317.941    326.012    0.00233    7.24416   10.35264  315.51457     4.8095   16.21691 5.6150e-02     0.1066     0.2718 0.0000e+00
        758 202.831138    0.05259     3.1555    189.332    111.068  51692.536    32.0873     4.8135    110.000     4.8036    25.3877     7.2934    10.4231    100.672    317.661    325.725    0.00163    7.24477   10.35350  315.54055     4.8056   16.21814 5.5977e-02     0.0936     0.2726 0.0000e+00
        763 202.831152    0.05292     3.1748    190.485    112.078  51704.512    32.0945     4.8107    111.000     4.8035    25.3936     7.2870    10.4139    100.581    317.379    325.438    0.00105    7.24491   10.35371  315.54492     4.8027   16.21831 5.5870e-02     0.0907     0.2680 0.0000e+00
        768 202.831166    0.05325     3.1953    191.720    113.089  51717.550    32.1037     4.8143    112.000     4.8082    25.4006     7.2778    10.4008    100.469    316.978    325.028    0.00048    7.24384   10.35217  315.49601     4.8063   16.21595 5.5849e-02     0.0951     0.2743 0.0000e+00
        772 202.831178    0.05354     3.2124    192.742    114.098  51723.001    32.1077     4.8178    113.000     4.8116    25.4035     7.2633    10.3800    100.281    316.345    324.382   -0.00012    7.24304   10.35103  315.46043     4.8096   16.21424 5.5792e-02     0.1040     0.2742 0.0000e+00
        776 202.831189    0.05382     3.2291    193.746    115.108  51738.092    32.1194     4.8258    114.000     4.8241    25.4118     7.2256    10.3261     99.786    314.698    322.695   -0.00151    7.24108   10.34823  315.37240     4.8176   16.21001 5.5773e-02     0.1148     0.2700 0.0000e+00
        781 202.831203    0.05416     3.2492    194.949    116.118  51734.356    32.1192     4.8388    115.000     4.8316    25.4103     7.1907    10.2762     99.334    313.178    321.136   -0.00252    7.23884   10.34503  315.27546     4.8304   16.20539 5.5764e-02     0.0995     0.2871 0.0000e+00
        785 202.831216    0.05446     3.2676    196.055    117.128  51730.592    32.1161     4.8384    116.000     4.8261    25.4078     7.1501    10.2182     98.771    311.411    319.323   -0.00365    7.23905   10.34532  315.28526     4.8300   16.20587 5.5725e-02     0.0950     0.2835 0.0000e+00
        789 202.831227    0.05473     3.2837    197.022    118.138  51733.085    32.1154     4.8301    117.000     4.8169    25.4082     7.1051    10.1539     98.130    309.451    317.313   -0.00499    7.24053   10.34744  315.34964     4.8216   16.20894 5.5692e-02     0.1025     0.2837 0.0000e+00
        794 202.831241    0.05505     3.3033    198.196    119.148  51737.301    32.1153     4.8188    118.000     4.8048    25.4093     7.0804    10.1186     97.761    308.374    316.210   -0.00518    7.24250   10.35025  315.43507     4.8103   16.21301 5.5699e-02     0.1090     0.2824 0.0000e+00
        800 202.831258    0.05548     3.3283    199.698    120.158  51744.490    32.1159     4.8020    119.000     4.7885    25.4116     7.0745    10.1102     97.642    308.118    315.948   -0.00436    7.24538   10.35438  315.55989     4.7935   16.21894 5.5640e-02     0.0953     0.2839 0.0000e+00
        804 202.831270    0.05576     3.3460    200.760    121.167  51755.357    32.1208     4.7929    120.000     4.7824    25.4165     7.0787    10.1162     97.682    308.299    316.134   -0.00358    7.24673   10.35630  315.61689     4.7843   16.22163 5.5602e-02     0.1003     0.2844 0.0000e+00
        808 202.831283    0.05606     3.3640    201.839    122.178  51765.347    32.1264     4.7897    121.000     4.7784    25.4213     7.0895    10.1316     97.826    308.767    316.617   -0.00260    7.24701   10.35670  315.62798     4.7809   16.22214 5.5575e-02     0.0984     0.2866 0.0000e+00
        814 202.831299    0.05645     3.3870    203.223    123.188  51769.316    32.1261     4.7786    122.000     4.7635    25.4222     7.0802    10.1183     97.672    308.361    316.201   -0.00246    7.24896   10.35948  315.71214     4.7698   16.22615 5.5524e-02     0.0994     0.2893 0.0000e+00
        818 202.831312    0.05675     3.4049    204.297    124.199  51774.429    32.1261     4.7652    123.000     4.7497    25.4236     7.0437    10.0662     97.138    306.774    314.573   -0.00356    7.25130   10.36283  315.81382     4.7563   16.23099 5.5513e-02     0.1031     0.2941 0.0000e+00
        822 202.831323    0.05702     3.4216    205.296    125.208  51771.898    32.1204     4.7501    124.000     4.7298    25.4208     7.0183    10.0299     96.749    305.668    313.438   -0.00420    7.25420   10.36698  315.94098     4.7412   16.23707 5.5473e-02     0.1023     0.2930 0.0000e+00
        827 202.831338    0.05738     3.4428    206.568    126.218  51772.681    32.1125     4.7150    125.000     4.6899    25.4182     7.0148    10.0248     96.613    305.514    313.280   -0.00380    7.26071   10.37628  316.22527     4.7061   16.25063 5.5423e-02     0.0938     0.2930 0.0000e+00
        832 202.831352    0.05774     3.4642    207.852    127.228  51795.771    32.1190     4.6765    126.000     4.6586    25.4274     7.0206    10.0331     96.608    305.763    313.538   -0.00314    7.26711   10.38543  316.50134     4.6676   16.26374 5.5350e-02     0.0929     0.2906 0.0000e+00
        837 202.831365    0.05804     3.4821    208.925    128.238  51826.085    32.1361     4.6626    127.000     4.6585    25.4425     7.0429    10.0649     96.893    306.730    314.534   -0.00186    7.26871   10.38771  316.56645     4.6536   16.26677 5.5317e-02     0.0930     0.2938 0.0000e+00
        842 202.831379    0.05838     3.5028    210.166    129.249  51847.328    32.1557     4.6868    128.000     4.6907    25.4555     7.0749    10.1108     97.404    308.125    315.968   -0.00013    7.26353   10.38031  316.33680     4.6776   16.25577 5.5323e-02     0.0956     0.3013 0.0000e+00
        848 202.831396    0.05879     3.5272    211.630    130.259  51836.805    32.1554     4.7192    129.000     4.7132    25.4518     7.0669    10.0993     97.369    307.775    315.608   -0.00010    7.25788   10.37223  316.09174     4.7100   16.24410 5.5285e-02     0.0982     0.3131 0.0000e+00
        852 202.831408    0.05909     3.5451    212.706    131.268  51802.036    32.1296     4.7129    130.000     4.6779    25.4320     6.9949     9.9964     96.346    304.645    312.393   -0.00293    7.26025   10.37562  316.20099     4.7036   16.24941 5.5260e-02     0.0935     0.3188 0.0000e+00
        856 202.831422    0.05939     3.5634    213.805    132.278  51811.566    32.1197     4.6435    131.000     4.6038    25.4315     6.9070     9.8708     94.970    300.816    308.466   -0.00626    7.27287   10.39365  316.75068     4.6342   16.27561 5.5195e-02     0.0952     0.3176 0.0000e+00
        861 202.831435    0.05973     3.5837    215.019    133.289  51884.680    32.1573     4.5910    132.000     4.5774    25.4668     6.8534     9.7943     94.138    298.475    306.075   -0.00763    7.28022   10.40415  317.05989     4.5817   16.29017 5.5103e-02     0.1062     0.3132 0.0000e+00
        865 202.831448    0.06002     3.6014    216.087    134.299  51909.551    32.1728     4.5865    133.000     4.5761    25.4795     6.9019     9.8635     94.803    300.581    308.239   -0.00456    7.28024   10.40419  317.05696     4.5772   16.28997 5.5133e-02     0.0994     0.3253 0.0000e+00
        871 202.831463    0.06040     3.6237    217.421    135.309  51921.375    32.1794     4.5823    134.000     4.5705    25.4853     6.9121     9.8781     94.938    301.024    308.696   -0.00317    7.28065   10.40478  317.07336     4.5729   16.29072 5.5205e-02     0.0950     0.3385 0.0000e+00
        876 202.831479    0.06077     3.6465    218.789    136.319  51930.929    32.1832     4.5727    135.000     4.5559    25.4893     6.8467     9.7846     94.020    298.174    305.774   -0.00503    7.28216   10.40694  317.13780     4.5631   16.29378 5.5098e-02     0.0892     0.3482 0.0000e+00
        880 202.831490    0.06105     3.6630    219.778    137.329  51951.306    32.1933     4.5581    136.000     4.5441    25.4988     6.7958     9.7119     93.295    295.955    303.501   -0.00630    7.28422   10.40988  317.22436     4.5486   16.29786 5.5047e-02     0.0920     0.3450 0.0000e+00
        885 202.831504    0.06137     3.6821    220.928    138.339  51981.069    32.2119     4.5525    137.000     4.5433    25.5141     6.7585     9.6586     92.782    294.328    301.837   -0.00668    7.28430   10.40999  317.22301     4.5429   16.29771 5.4985e-02     0.0931     0.3443 0.0000e+00
        890 202.831518    0.06172     3.7031    222.185    139.350  51993.599    32.2197     4.5512    138.000     4.5334    25.5204     6.7293     9.6169     92.384    293.055    300.534   -0.00646    7.28414   10.40976  317.21419     4.5415   16.29726 5.4935e-02     0.0929     0.3558 0.0000e+00
        894 202.831530    0.06198     3.7189    223.132    140.360  52008.409    32.2239     4.5281    139.000     4.4975    25.5262     6.6823     9.5497     91.689    291.003    298.431   -0.00742    7.28800   10.41529  317.38068     4.5183   16.30517 5.4926e-02     0.0935     0.3707 0.0000e+00
        897 202.831540    0.06225     3.7353    224.115    141.369  52061.408    32.2505     4.4889    140.000     4.4665    25.5515     6.6174     9.4569     90.729    288.169    295.532   -0.00898    7.29358   10.42326  317.61584     4.4791   16.31625 5.4925e-02     0.0910     0.3829 0.0000e+00
        902 202.831555    0.06259     3.7553    225.320    142.380  52104.886    32.2750     4.4681    141.000     4.4568    25.5730     6.5458     9.3546     89.717    285.047    292.337   -0.01016    7.29604   10.42676  317.71600     4.4583   16.32092 5.4913e-02     0.0870     0.3916 0.0000e+00
        907 202.831567    0.06289     3.7731    226.388    143.390  52126.245    32.2884     4.4652    142.000     4.4528    25.5840     6.5028     9.2933     89.130    283.173    290.418   -0.01015    7.29590   10.42657  317.70659     4.4553   16.32042 5.4889e-02     0.0917     0.3919 0.0000e+00
        910 202.831578    0.06314     3.7884    227.303    144.400  52155.954    32.3073     4.4611    143.000     4.4502    25.5993     6.4744     9.2526     88.743    281.931    289.147   -0.00981    7.29570   10.42628  317.69299     4.4511   16.31970 5.4853e-02     0.0901     0.4020 0.0000e+00
        914 202.831589    0.06342     3.8053    228.315    145.410  52185.397    32.3268     4.4604    144.000     4.4526    25.6149     6.4439     9.2090     88.334    280.596    287.783   -0.00941    7.29485   10.42506  317.65123     4.4504   16.31763 5.4834e-02     0.0902     0.4165 0.0000e+00
        919 202.831602    0.06374     3.8242    229.452    146.420  52240.305    32.3664     4.4709    145.000     4.4726    25.6453     6.3990     9.1448     87.764    278.633    285.778   -0.00933    7.29107   10.41966  317.47726     4.4608   16.30919 5.4836e-02     0.1101     0.4256 0.0000e+00
        923 202.831615    0.06405     3.8427    230.559    147.430  52315.364    32.4249     4.5028    146.000     4.5116    25.6884     6.3400     9.0604     87.055    276.050    283.142   -0.00968    7.28260   10.40755  317.09496     4.4926   16.29076 5.4821e-02     0.1199     0.4650 0.0000e+00
        928 202.831629    0.06438     3.8630    231.779    148.441  52399.658    32.4932     4.5491    147.000     4.5542    25.7378     6.2220     8.8918     85.570    270.901    277.874   -0.01181    7.27114   10.39118  316.58098     4.5387   16.26603 5.4789e-02     0.1039     0.5090 0.0000e+00
        933 202.831643    0.06470     3.8823    232.940    149.451  52453.035    32.5365     4.5797    148.000     4.5762    25.7689     6.0005     8.5754     82.610    261.253    267.985   -0.01769    7.26367   10.38050  316.24592     4.5692   16.24991 5.4757e-02     0.1092     0.6008 0.0000e+00
        937 202.831654    0.06497     3.8982    233.894    150.461  52500.195    32.5712     4.5916    149.000     4.5853    25.7952     5.7517     8.2198     79.225    250.412    256.871   -0.02448    7.25991   10.37514  316.07432     4.5809   16.24160 5.4713e-02     0.1035     0.6957 0.0000e+00
        941 202.831667    0.06529     3.9174    235.043    151.471  52530.479    32.5933     4.5994    150.000     4.5906    25.8119     5.5085     7.8723     75.901    239.821    246.012   -0.02936    7.25745   10.37162  315.96194     4.5887   16.23616 5.4662e-02     0.0962     0.7837 0.0000e+00
        947 202.831683    0.06567     3.9404    236.426    152.481  52551.462    32.6081     4.6035    151.000     4.5936    25.8233     5.3293     7.6162     73.447    232.017    238.008   -0.02994    7.25601   10.36955  315.89555     4.5927   16.23294 5.4608e-02     0.1036     0.8804 0.0000e+00
        951 202.831695    0.06595     3.9571    237.428    153.491  52575.193    32.6245     4.6057    152.000     4.5963    25.8361     5.2745     7.5379     72.704    229.627    235.560   -0.02742    7.25482   10.36786  315.84010     4.5949   16.23023 5.4593e-02     0.1240     1.0139 0.0000e+00
        955 202.831706    0.06623     3.9738    238.428    154.501  52584.994    32.6313     4.6081    153.000     4.5977    25.8412     5.2658     7.5254     72.591    229.247    235.171   -0.02354    7.25409   10.36682  315.80668     4.5971   16.22862 5.4578e-02     0.1123     1.1248 0.0000e+00
        960 202.831721    0.06659     3.9952    239.709    155.511  52588.064    32.6331     4.6092    154.000     4.5983    25.8425     5.2584     7.5148     72.492    228.926    234.842   -0.01918    7.25380   10.36641  315.79377     4.5982   16.22800 5.4585e-02     0.1153     1.1899 0.0000e+00
        965 202.831735    0.06691     4.0147    240.880    156.522  52588.982    32.6333     4.6094    155.000     4.5983    25.8426     5.2453     7.4961     72.312    228.354    234.255   -0.01620    7.25376   10.36634  315.79175     4.5983   16.22790 5.4577e-02     0.1209     1.2137 0.0000e+00
        969 202.831749    0.06724     4.0347    242.080    157.532  52589.824    32.6333     4.6095    156.000     4.5983    25.8427     5.2480     7.4999     72.348    228.471    234.376   -0.01318    7.25374   10.36631  315.79087     4.5983   16.22786 5.4519e-02     0.1125     1.2231 0.0000e+00
        975 202.831764    0.06761     4.0565    243.389    158.542  52590.820    32.6336     4.6097    157.000     4.5985    25.8429     5.2558     7.5111     72.457    228.811    234.725   -0.01021    7.25369   10.36625  315.78906     4.5984   16.22777 5.4469e-02     0.1123     1.2541 0.0000e+00
        979 202.831776    0.06789     4.0734    244.405    159.553  52591.782    32.6338     4.6098    158.000     4.5985    25.8431     5.2506     7.5036     72.385    228.583    234.490   -0.00881    7.25366   10.36620  315.78769     4.5985   16.22770 5.4443e-02     0.1053     1.3231 0.0000e+00
        982 202.831786    0.06816     4.0894    245.364    160.563  52592.653    32.6339     4.6099    159.000     4.5986    25.8431     5.2504     7.5032     72.382    228.572    234.479   -0.00752    7.25363   10.36616  315.78622     4.5986   16.22763 5.4433e-02     0.0965     1.2992 0.0000e+00
        987 202.831801    0.06848     4.1092    246.554    161.573  52593.436    32.6340     4.6101    160.000     4.5987    25.8432     5.2475     7.4992     72.343    228.449    234.353   -0.00624    7.25359   10.36611  315.78468     4.5987   16.22756 5.4383e-02     0.0978     1.2861 0.0000e+00
        992 202.831815    0.06885     4.1308    247.848    162.584  52594.207    32.6340     4.6103    161.000     4.5989    25.8432     5.2349     7.4812     72.170    227.901    233.790   -0.00552    7.25356   10.36607  315.78328     4.5988   16.22749 5.3642e-02     0.1060     1.3272 0.0000e+00
