CTD-processing/allCTD/CNV/2013_08-07_t9_s10_cast120_4141.cnv
* Sea-Bird SBE19plus Data File:
* FileName = C:\Users\kris.holderied\Documents\kasitsna\Research-Projects-and-Data\Oceanography-AK\CTD-Data-ALL-to-2014-03\2013-CTD-KachBay-CookInlet\2013-08-07-CookInlet-CTD4141\2013-08-07-CookInlet-Tran9-cast120.hex
* Software Version 1.59
* Temperature SN =  4141
* Conductivity SN =  4141
* System UpLoad Time = May 27 2014 20:14:17
** Cook Inlet LTM Transect 9 (Homer Spit) Extra??
** Date: 2013-08-07
** Station: 9-10
** Start time: 16:38
** Depth (m): 62.8
** Comment:
** Comment:
# nquan = 27
# nvalues = 56                          
# units = specified
# name 0 = scan: Scan Count
# name 1 = timeJ: Julian Days
# name 2 = timeH: Time, Elapsed [hours]
# name 3 = timeM: Time, Elapsed [minutes]
# name 4 = timeS: Time, Elapsed [seconds]
# name 5 = prdM: Pressure, Strain Gauge [db]
# name 6 = specc: Specific Conductance [uS/cm]
# name 7 = sal00: Salinity, Practical [PSU]
# name 8 = tv290C: Temperature [ITS-90, deg C]
# name 9 = depSM: Depth [salt water, m], lat = 59.00
# name 10 = potemp090C: Potential Temperature [ITS-90, deg C]
# name 11 = sigma-é00: Density [sigma-theta, kg/m^3]
# name 12 = sbeox0ML/L: Oxygen, SBE 43 [ml/l]
# name 13 = sbeox0Mg/L: Oxygen, SBE 43 [mg/l]
# name 14 = sbeox0PS: Oxygen, SBE 43 [% saturation]
# name 15 = sbox0Mm/Kg: Oxygen, SBE 43 [umol/kg]
# name 16 = sbeox0Mm/L: Oxygen, SBE 43 [umol/l]
# name 17 = sbox0dV/dT: Oxygen, SBE 43 [dov/dt]
# name 18 = oxsolML/L: Oxygen Saturation, Garcia & Gordon [ml/l]
# name 19 = oxsolMg/L: Oxygen Saturation, Garcia & Gordon [mg/l]
# name 20 = oxsolMm/Kg: Oxygen Saturation, Garcia & Gordon [umol/kg]
# name 21 = n2satMg/L: Nitrogen Saturation [mg/l]
# name 22 = par: PAR/Irradiance, Biospherical/Licor
# name 23 = wetStar: Fluorescence, WET Labs WETstar [mg/m^3]
# name 24 = CStarAt0: Beam Attenuation, WET Labs C-Star [1/m]
# name 25 = CStarTr0: Beam Transmission, WET Labs C-Star [%]
# name 26 = flag: flag
# span 0 =        244,        526       
# span 1 = 219.694095, 219.694911       
# span 2 =    0.01690,    0.03646       
# span 3 =     1.0140,     2.1877       
# span 4 =     60.842,    131.258       
# span 5 =      1.011,     56.518       
# span 6 =  39832.838,  50127.101       
# span 7 =    24.8956,    31.5978       
# span 8 =     7.5865,    11.2585       
# span 9 =      1.000,     56.000       
# span 10 =     7.5815,    11.2531      
# span 11 =    18.8800,    24.6382      
# span 12 =     6.0322,     6.4734      
# span 13 =     8.6207,     9.2512      
# span 14 =     88.541,     99.818      
# span 15 =    262.924,    283.284      
# span 16 =    269.401,    289.102      
# span 17 =   -0.02733,    0.01401      
# span 18 =    6.41854,    6.81302      
# span 19 =    9.17275,    9.73648      
# span 20 =  279.96649,  296.95363      
# span 21 =   14.52426,   15.33441      
# span 22 = 3.6382e-02, 1.1872e+01      
# span 23 =     0.3948,     2.2642      
# span 24 =     0.3869,     1.7228      
# span 25 =    65.6242,    90.7803      
# span 26 = 0.0000e+00, 0.0000e+00      
# interval = meters: 1                  
# start_time = Aug 07 2013 16:38:29 [Instrument's time stamp, header]
# bad_flag = -9.990e-29
*END*
        244 219.694095    0.01690     1.0140     60.842      1.011  39832.838    24.8956    11.2585      1.000    11.2531    18.8800     6.4515     9.2198     98.468    282.777    288.123    0.01401    6.55349    9.36559  287.25791   14.89885 1.1872e+01     1.7845     1.7228    65.6242 0.0000e+00
        300 219.694258    0.02079     1.2473     74.839      2.026  42911.647    27.0088    11.1238      2.000    11.0145    20.5410     6.4734     9.2512     99.818    283.284    289.102   -0.00297    6.48502    9.26774  283.79098   14.72416 5.7619e+00     2.2642     0.9631    78.4749 0.0000e+00
        301 219.694259    0.02083     1.2498     74.988      3.030  46632.617    29.5719    10.7550      3.000    10.4556    22.5936     6.3542     9.0808     98.799    277.509    283.779   -0.00815    6.43148    9.19123  280.88338   14.57451 3.9594e+00     2.2546     0.8946    79.9550 0.0000e+00
        305 219.694271    0.02111     1.2669     76.013      4.036  47764.447    30.3141    10.2801      4.000    10.2273    23.2501     6.2385     8.9154     96.458    272.279    278.609   -0.02733    6.46755    9.24278  282.27774   14.63823 3.2071e+00     2.0744     0.6959    84.0754 0.0000e+00
        309 219.694284    0.02142     1.2852     77.110      5.047  48176.793    30.6000    10.2466      5.000    10.2456    23.4784     6.2068     8.8701     96.073    270.836    277.194   -0.02378    6.46046    9.23265  281.90554   14.61926 2.8079e+00     1.5407     0.4939    88.3891 0.0000e+00
        314 219.694297    0.02173     1.3035     78.211      6.060  48479.263    30.8119    10.2396      6.000    10.2843    23.6447     6.2454     8.9253     96.787    272.476    278.919   -0.00690    6.45271    9.22156  281.52158   14.60003 2.2844e+00     1.2077     0.4212    90.0065 0.0000e+00
        318 219.694308    0.02200     1.3205     79.231      7.066  48782.182    31.0398    10.3612      7.000    10.4053    23.8021     6.2595     8.9454     97.404    273.048    279.547    0.00045    6.42627    9.18378  280.32475   14.54184 1.7078e+00     0.9943     0.3905    90.6986 0.0000e+00
        322 219.694320    0.02229     1.3373     80.239      8.078  48775.733    31.0409    10.4115      8.000    10.3990    23.7946     6.2743     8.9667     97.743    273.699    280.211    0.00501    6.41919    9.17367  280.01811   14.52716 1.0588e+00     0.9638     0.3994    90.4978 0.0000e+00
        326 219.694331    0.02255     1.3530     81.181      9.084  48803.980    31.0581    10.3917      9.000    10.3877    23.8112     6.2656     8.9542     97.576    273.313    279.822    0.00131    6.42126    9.17663  280.10399   14.53120 4.6557e-01     0.8851     0.3869    90.7803 0.0000e+00
        330 219.694342    0.02282     1.3692     82.155     10.094  48872.702    31.1059    10.3896     10.000    10.3887    23.8489     6.2663     8.9552     97.612    273.335    279.854    0.00095    6.41959    9.17423  280.02062   14.52702 4.2334e-02     0.8222     0.4329    89.7426 0.0000e+00
        333 219.694353    0.02309     1.3854     83.124     11.096  48930.793    31.1461    10.3853     11.000    10.3759    23.8809     6.2584     8.9438     97.504    272.980    279.499   -0.00017    6.41854    9.17275  279.96649   14.52426 3.6619e-02     1.1285     0.4657    89.0090 0.0000e+00
        339 219.694370    0.02350     1.4101     84.604     12.116  48967.747    31.1695    10.3668     12.000    10.3626    23.9022     6.2436     8.9227     97.250    272.329    278.839   -0.00270    6.42017    9.17506  280.03150   14.52729 3.6388e-02     0.9103     0.4672    88.9765 0.0000e+00
        345 219.694388    0.02391     1.4348     86.086     13.119  48982.294    31.1776    10.3526     13.000    10.3386    23.9110     6.2734     8.9654     97.689    273.628    280.171    0.00228    6.42181    9.17742  280.10086   14.53058 3.6382e-02     0.8553     0.4820    88.6495 0.0000e+00
        351 219.694404    0.02431     1.4586     87.515     14.138  49026.443    31.2038    10.3151     14.000    10.2810    23.9377     6.2807     8.9758     97.740    273.940    280.497    0.00188    6.42598    9.18336  280.27507   14.53880 3.6382e-02     0.8671     0.4720    88.8709 0.0000e+00
        356 219.694418    0.02463     1.4779     88.676     15.140  49150.291    31.2733    10.1732     15.000    10.0723    24.0153     6.2693     8.9594     97.303    273.420    279.986   -0.00251    6.44303    9.20773  280.99740   14.57309 3.6382e-02     0.9234     0.5035    88.1727 0.0000e+00
        361 219.694432    0.02498     1.4986     89.913     16.155  49240.821    31.3054     9.9233     16.000     9.7765    24.0813     6.2514     8.9338     96.517    272.620    279.186   -0.00917    6.47697    9.25624  282.45966   14.64292 3.6382e-02     0.6753     0.5165    87.8854 0.0000e+00
        365 219.694444    0.02528     1.5165     90.991     17.160  49375.611    31.3567     9.5916     17.000     9.4441    24.1746     6.2473     8.9280     95.786    272.419    279.005   -0.01245    6.52221    9.32090  284.40672   14.73584 3.6382e-02     0.6216     0.5414    87.3413 0.0000e+00
        369 219.694457    0.02559     1.5353     92.115     18.172  49578.889    31.4616     9.3103     18.000     9.2492    24.3009     6.2447     8.9243     95.217    272.273    278.889   -0.01359    6.55841    9.37262  285.94954   14.80919 3.6382e-02     0.7195     0.5609    86.9185 0.0000e+00
        374 219.694470    0.02589     1.5537     93.222     19.179  49609.690    31.4602     9.1475     19.000     9.1023    24.3251     6.2493     8.9308     94.942    272.463    279.091   -0.01108    6.58217    9.40658  286.97902   14.85841 3.6382e-02     0.7210     0.5732    86.6495 0.0000e+00
        379 219.694484    0.02622     1.5733     94.399     20.192  49674.757    31.4977     9.0916     20.000     9.0706    24.3631     6.2424     8.9210     94.743    272.155    278.785   -0.00918    6.58876    9.41598  287.25529   14.87147 3.6382e-02     0.7443     0.5660    86.8057 0.0000e+00
        383 219.694498    0.02656     1.5933     95.596     21.196  49639.584    31.4651     9.0390     21.000     8.9894    24.3457     6.2452     8.9249     94.655    272.279    278.909   -0.00642    6.59785    9.42899  287.65686   14.89079 3.6382e-02     0.6688     0.5713    86.6905 0.0000e+00
        389 219.694514    0.02694     1.6162     96.974     22.213  49523.507    31.3611     8.8839     22.000     8.7117    24.2881     6.2463     8.9266     94.281    272.344    278.959   -0.00658    6.62518    9.46805  288.86474   14.94894 3.6382e-02     0.8326     0.5726    86.6663 0.0000e+00
        394 219.694527    0.02727     1.6361     98.168     23.216  49699.349    31.4142     8.4106     23.000     8.3251    24.3999     6.1861     8.8405     92.421    269.691    276.271   -0.01913    6.69355    9.56576  291.81371   15.08961 3.6382e-02     0.8298     0.7172    83.5911 0.0000e+00
        399 219.694543    0.02763     1.6578     99.470     24.230  49889.986    31.5348     8.3262     24.000     8.3398    24.5069     6.1028     8.7216     91.075    266.035    272.554   -0.02538    6.70096    9.57634  292.10627   15.10310 3.6382e-02     0.6481     0.7062    83.8187 0.0000e+00
        404 219.694557    0.02798     1.6783    100.700     25.238  49834.615    31.4955     8.3264     25.000     8.3153    24.4761     6.1270     8.7562     91.412    267.096    273.633   -0.01256    6.70263    9.57874  292.18814   15.10717 3.6382e-02     0.6187     0.7261    83.3996 0.0000e+00
        408 219.694570    0.02828     1.6971    101.827     26.250  49879.909    31.5268     8.3263     26.000     8.3461    24.5007     6.1348     8.7673     91.547    267.429    273.982   -0.00686    6.70130    9.57682  292.12267   15.10391 3.6382e-02     0.5429     0.7321    83.2752 0.0000e+00
        412 219.694581    0.02857     1.7141    102.844     27.256  49832.861    31.5002     8.3712     27.000     8.3599    24.4733     6.1463     8.7836     91.794    267.933    274.490   -0.00254    6.69568    9.56880  291.88560   15.09270 3.6382e-02     0.4892     0.7451    83.0042 0.0000e+00
        416 219.694593    0.02885     1.7307    103.843     28.267  49875.329    31.5297     8.3725     28.000     8.3910    24.4962     6.1482     8.7864     91.844    268.015    274.580   -0.00098    6.69421    9.56669  291.81474   15.08920 3.6382e-02     0.4782     0.7578    82.7430 0.0000e+00
        420 219.694604    0.02912     1.7470    104.817     29.276  49771.270    31.4583     8.3848     29.000     8.3314    24.4384     6.1579     8.8003     91.972    268.454    275.015    0.00012    6.69546    9.56847  291.88575   15.09288 3.6382e-02     0.5421     0.7507    82.8890 0.0000e+00
        424 219.694615    0.02938     1.7629    105.772     30.285  49836.155    31.4866     8.2761     30.000     8.2679    24.4765     6.1613     8.8051     91.813    268.589    275.163   -0.00071    6.71065    9.59019  292.53710   15.12387 3.6382e-02     0.5710     0.7533    82.8351 0.0000e+00
        428 219.694627    0.02965     1.7794    106.764     31.295  49956.959    31.5789     8.3290     31.000     8.3973    24.5412     6.1353     8.7679     91.589    267.437    274.000   -0.00346    6.69863    9.57301  291.99488   15.09760 3.6382e-02     0.5580     0.7479    82.9475 0.0000e+00
        432 219.694639    0.02994     1.7966    107.797     32.304  49776.161    31.4662     8.4233     32.000     8.3829    24.4390     6.1560     8.7975     92.026    268.366    274.924    0.00148    6.68932    9.55970  291.61786   15.08005 3.6382e-02     0.5472     0.7265    83.3932 0.0000e+00
        436 219.694651    0.03024     1.8141    108.849     33.315  49827.241    31.4858     8.3204     33.000     8.3222    24.4696     6.1626     8.8070     91.925    268.650    275.223    0.00094    6.70397    9.58065  292.24839   15.11009 3.6382e-02     0.5076     0.7467    82.9709 0.0000e+00
        441 219.694663    0.03052     1.8314    109.883     34.324  49961.878    31.5978     8.4395     34.000     8.5232    24.5398     6.1392     8.7735     91.888    267.609    274.176   -0.00118    6.68117    9.54806  291.23421   15.06119 3.6382e-02     0.4878     0.7493    82.9197 0.0000e+00
        445 219.694675    0.03080     1.8485    110.910     35.335  49755.471    31.4681     8.5418     35.000     8.5091    24.4232     6.1735     8.8226     92.537    269.138    275.711    0.00541    6.67144    9.53415  290.84304   15.04303 3.6382e-02     0.5459     0.7145    83.6421 0.0000e+00
        448 219.694686    0.03107     1.8645    111.873     36.344  49848.774    31.5273     8.5029     36.000     8.5251    24.4753     6.1799     8.8316     92.586    269.398    275.992    0.00469    6.67470    9.53882  290.97065   15.04889 3.6382e-02     0.5386     0.7326    83.2657 0.0000e+00
        452 219.694697    0.03134     1.8802    112.810     37.353  49743.882    31.4555     8.5177     37.000     8.4683    24.4169     6.1827     8.8356     92.615    269.537    276.118    0.00311    6.67559    9.54009  291.02603   15.05183 3.6382e-02     0.5712     0.7719    82.4585 0.0000e+00
        456 219.694708    0.03160     1.8957    113.742     38.363  49756.521    31.4507     8.4297     38.000     8.3634    24.4261     6.1842     8.8378     92.453    269.600    276.185    0.00105    6.68902    9.55927  291.60855   15.07967 3.6382e-02     0.5436     0.7332    83.2507 0.0000e+00
        460 219.694718    0.03185     1.9111    114.665     39.369  49739.654    31.4168     8.2877     39.000     8.2031    24.4202     6.1681     8.8148     91.898    268.902    275.468   -0.00422    6.71194    9.59203  292.60961   15.12762 3.6382e-02     0.5817     0.7416    83.0779 0.0000e+00
        464 219.694730    0.03213     1.9279    115.677     40.385  49878.098    31.4957     8.1736     40.000     8.1511    24.4986     6.1309     8.7617     91.156    267.260    273.807   -0.00997    6.72578    9.61182  293.19074   15.15505 3.6382e-02     0.6025     0.7615    82.6669 0.0000e+00
        468 219.694741    0.03240     1.9438    116.626     41.391  49718.835    31.3666     8.0636     41.000     7.9289    24.4131     6.1120     8.7347     90.572    266.457    272.962   -0.01200    6.74824    9.64392  294.19432   15.20350 3.6382e-02     0.5394     0.7667    82.5599 0.0000e+00
        471 219.694752    0.03267     1.9599    117.595     42.400  49994.820    31.5347     7.9088     42.000     7.9270    24.5669     6.0744     8.6810     89.799    264.779    271.284   -0.01568    6.76453    9.66719  294.86016   15.23460 3.6382e-02     0.5421     0.8114    81.6411 0.0000e+00
        475 219.694764    0.03294     1.9764    118.583     43.411  49952.863    31.5104     7.9433     43.000     7.9298    24.5431     6.0638     8.6658     89.698    264.324    270.811   -0.01235    6.76029    9.66113  294.68211   15.22620 3.6382e-02     0.5375     0.8096    81.6759 0.0000e+00
        479 219.694774    0.03320     1.9921    119.529     44.421  49820.335    31.4075     7.8819     44.000     7.7696    24.4709     6.0791     8.6878     89.739    265.011    271.497   -0.00763    6.77429    9.68114  295.31329   15.25675 3.6382e-02     0.4853     0.8160    81.5462 0.0000e+00
        483 219.694785    0.03345     2.0073    120.436     45.429  50023.423    31.5284     7.7544     45.000     7.7611    24.5837     6.0664     8.6695     89.362    264.425    270.926   -0.00877    6.78859    9.70158  295.90410   15.28446 3.6382e-02     0.4399     0.8357    81.1457 0.0000e+00
        486 219.694796    0.03371     2.0224    121.346     46.439  50007.104    31.5172     7.7584     46.000     7.7550    24.5743     6.0619     8.6630     89.296    264.228    270.721   -0.00726    6.78847    9.70140  295.90137   15.28438 3.6382e-02     0.4781     0.8299    81.2631 0.0000e+00
        490 219.694806    0.03396     2.0376    122.257     47.450  49981.288    31.4991     7.7607     47.000     7.7432    24.5598     6.0636     8.6655     89.316    264.309    270.800   -0.00489    6.78893    9.70206  295.92570   15.28561 3.6382e-02     0.5491     0.8314    81.2325 0.0000e+00
        494 219.694817    0.03421     2.0525    123.148     48.458  50032.457    31.5339     7.7582     48.000     7.7764    24.5875     6.0589     8.6587     89.262    264.095    270.589   -0.00415    6.78777    9.70039  295.86675   15.28266 3.6382e-02     0.4597     0.8337    81.1851 0.0000e+00
        497 219.694827    0.03446     2.0677    124.061     49.468  49957.364    31.4856     7.7866     49.000     7.7366    24.5457     6.0653     8.6679     89.386    264.387    270.877   -0.00197    6.78551    9.69717  295.78077   15.27875 3.6382e-02     0.4747     0.8413    81.0335 0.0000e+00
        501 219.694838    0.03472     2.0833    124.998     50.477  50002.291    31.4975     7.6699     50.000     7.6079    24.5713     6.0637     8.6656     89.132    264.310    270.805   -0.00291    6.80305    9.72225  296.53792   15.31484 3.6382e-02     0.4543     0.8667    80.5199 0.0000e+00
        505 219.694849    0.03499     2.0993    125.960     51.488  50114.716    31.5626     7.5910     51.000     7.5824    24.6332     6.0426     8.6356     88.700    263.377    269.865   -0.00659    6.81241    9.73561  296.92772   15.33318 3.6382e-02     0.4355     0.9348    79.1600 0.0000e+00
        509 219.694860    0.03526     2.1152    126.912     52.498  50119.980    31.5651     7.5872     52.000     7.5826    24.6358     6.0391     8.6305     88.643    263.222    269.707   -0.00548    6.81287    9.73627  296.94718   15.33410 3.6382e-02     0.4605     0.9725    78.4168 0.0000e+00
        512 219.694871    0.03551     2.1306    127.834     53.506  50120.022    31.5647     7.5871     53.000     7.5815    24.6355     6.0437     8.6371     88.709    263.422    269.911   -0.00331    6.81292    9.73633  296.94925   15.33420 3.6382e-02     0.5605     0.9700    78.4665 0.0000e+00
