CTD-processing/allCTD/CNV/2013_07-22_t9_s01_cast078_5028.cnv
* Sea-Bird SBE19plus Data File:
* FileName = C:\Users\kris.holderied\Documents\kasitsna\Research-Projects-and-Data\Oceanography-AK\CTD-CookInlet-GulfWatchAK\2013-07-EVOSTC-CookInlet-Ocean\2013-07-22-CookInlet-Tran9-HomerSpit\2013-07-22-CookInlet-Tran9-HomerSpit-cast078.hex
* Software Version 1.59
* Temperature SN =  5028
* Conductivity SN =  5028
* System UpLoad Time = Apr 09 2014 19:17:18
** Cook Inlet LTM  Transect 9 (Homer Spit)  south to north
** Date: 2013-07-22
** Station: 9-01
** Start time: 09:00
** Depth (m): 65
** Comment:  CTD instrument time is AK Daylight.
** Comment:
# nquan = 27
# nvalues = 65                          
# units = specified
# name 0 = scan: Scan Count
# name 1 = timeJ: Julian Days
# name 2 = timeH: Time, Elapsed [hours]
# name 3 = timeM: Time, Elapsed [minutes]
# name 4 = timeS: Time, Elapsed [seconds]
# name 5 = prdM: Pressure, Strain Gauge [db]
# name 6 = specc: Specific Conductance [uS/cm]
# name 7 = sal00: Salinity, Practical [PSU]
# name 8 = tv290C: Temperature [ITS-90, deg C]
# name 9 = depSM: Depth [salt water, m], lat = 59.00
# name 10 = potemp090C: Potential Temperature [ITS-90, deg C]
# name 11 = sigma-é00: Density [sigma-theta, kg/m^3]
# name 12 = sbeox0ML/L: Oxygen, SBE 43 [ml/l]
# name 13 = sbeox0Mg/L: Oxygen, SBE 43 [mg/l]
# name 14 = sbeox0PS: Oxygen, SBE 43 [% saturation]
# name 15 = sbox0Mm/Kg: Oxygen, SBE 43 [umol/kg]
# name 16 = sbeox0Mm/L: Oxygen, SBE 43 [umol/l]
# name 17 = sbox0dV/dT: Oxygen, SBE 43 [dov/dt]
# name 18 = oxsolML/L: Oxygen Saturation, Garcia & Gordon [ml/l]
# name 19 = oxsolMg/L: Oxygen Saturation, Garcia & Gordon [mg/l]
# name 20 = oxsolMm/Kg: Oxygen Saturation, Garcia & Gordon [umol/kg]
# name 21 = potemp090C: Potential Temperature [ITS-90, deg C]
# name 22 = n2satMg/L: Nitrogen Saturation [mg/l]
# name 23 = par: PAR/Irradiance, Biospherical/Licor
# name 24 = flECO-AFL: Fluorescence, WET Labs ECO-AFL/FL [mg/m^3]
# name 25 = turbWETntu0: Turbidity, WET Labs ECO [NTU]
# name 26 = flag: flag
# span 0 =        133,        584       
# span 1 = 203.376249, 203.377554       
# span 2 =    0.00915,    0.04047       
# span 3 =     0.5489,     2.4281       
# span 4 =     32.932,    145.686       
# span 5 =      1.009,     65.624       
# span 6 =  34213.219,  50429.023       
# span 7 =    21.3611,    31.6647       
# span 8 =     6.9490,    13.8506       
# span 9 =      1.000,     65.000       
# span 10 =     6.9495,    13.8362      
# span 11 =    15.7519,    24.7999      
# span 12 =     5.9122,     8.1407      
# span 13 =     8.4491,    11.6339      
# span 14 =     92.702,    124.049      
# span 15 =    259.978,    354.932      
# span 16 =    264.038,    363.563      
# span 17 =   -0.02449,    0.03874      
# span 18 =    6.23634,    6.90893      
# span 19 =    8.91235,    9.87356      
# span 20 =  273.08413,  301.08592      
# span 21 =     6.9433,    13.8504      
# span 22 =   14.21126,   15.53115      
# span 23 = 5.2992e-02, 2.7076e+02      
# span 24 =     0.4743,     2.2792      
# span 25 =     0.3776,     2.1415      
# span 26 = 0.0000e+00, 0.0000e+00      
# interval = meters: 1                  
# start_time = Jul 22 2013 09:01:15 [Instrument's time stamp, header]
# bad_flag = -9.990e-29
*END*
        133 203.376249    0.00915     0.5489     32.932      1.009  34213.219    21.3611    13.5626      1.000    13.6674    15.7519     5.9122     8.4491     92.702    259.978    264.038    0.00853    6.38472    9.12441  280.78721    13.5625   14.60373 2.7076e+02     2.0121     1.8376 0.0000e+00
        329 203.376817    0.02277     1.3663     81.976      2.019  37161.762    23.2101    13.8506      2.000    13.8362    17.1259     6.6117     9.4488    105.472    290.308    295.279    0.01774    6.26650    8.95547  275.14170    13.8504   14.32530 6.8993e+00     0.4743     1.6839 0.0000e+00
        314 203.376775    0.02176     1.3052     78.313      3.028  38755.105    24.3233    13.7185      3.000    13.6022    18.0071     6.4713     9.2481    103.681    283.897    289.008    0.00999    6.24144    8.91964  273.81283    13.7181   14.25703 2.4958e+01     0.6626     1.7003 0.0000e+00
        319 203.376787    0.02207     1.3242     79.455      4.038  40378.538    25.4298    13.4282      4.000    13.3088    18.9139     6.4327     9.1930    103.149    281.953    287.285    0.00506    6.23634    8.91235  273.34488    13.4277   14.23010 2.0693e+01     0.7395     1.8278 0.0000e+00
        323 203.376800    0.02236     1.3418     80.508      5.047  41537.190    26.2197    13.1865      5.000    13.0628    19.5681     6.5171     9.3136    104.488    285.464    291.053    0.00846    6.23716    8.91353  273.20545    13.1859   14.22023 1.7408e+01     0.8315     1.7646 0.0000e+00
        327 203.376811    0.02264     1.3581     81.485      6.057  42683.725    27.0023    12.9444      6.000    12.8407    20.2170     6.6722     9.5351    106.951    292.070    297.977    0.01619    6.23836    8.91524  273.08413    12.9436   14.21126 1.5113e+01     0.8455     1.3844 0.0000e+00
        331 203.376822    0.02290     1.3740     82.440      7.066  43135.575    27.3044    12.7677      7.000    12.7005    20.4829     6.8711     9.8195    109.939    300.705    306.865    0.02413    6.24976    8.93152  273.51169    12.7668   14.23054 1.3901e+01     0.8522     1.1004 0.0000e+00
        335 203.376834    0.02318     1.3909     83.457      8.076  43248.139    27.3734    12.6469      8.000    12.6150    20.5583     7.1287    10.1876    113.821    311.955    318.369    0.03373    6.26295    8.95038  274.06881    12.6459   14.25698 1.2864e+01     0.8512     0.8915 0.0000e+00
        339 203.376846    0.02347     1.4083     84.499      9.085  43298.657    27.4037    12.5897      9.000    12.5420    20.5922     7.3318    10.4779    116.947    320.831    327.437    0.03874    6.26934    8.95952  274.33960    12.5886   14.26984 1.1570e+01     0.8370     0.8128 0.0000e+00
        343 203.376858    0.02374     1.4245     85.470     10.095  43446.139    27.4939    12.4406     10.000    12.2195    20.6886     7.4026    10.5790    117.774    323.898    330.598    0.03434    6.28573    8.98294  275.03035    12.4394   14.30257 1.0260e+01     0.8294     0.8235 0.0000e+00
        347 203.376868    0.02401     1.4403     86.418     11.104  44504.962    28.1814    11.8456     11.000    11.2933    21.3261     7.3494    10.5031    115.978    321.376    328.225    0.02125    6.33871    9.05864  277.17348    11.8443   14.40247 8.9140e+00     0.8215     0.9237 0.0000e+00
        351 203.376880    0.02428     1.4567     87.404     12.114  46603.720    29.5430    10.7418     12.000    10.2474    22.5723     7.0733    10.1084    109.960    308.926    315.891   -0.00488    6.43532    9.19672  281.05504    10.7404   14.58281 7.3931e+00     0.8638     1.0553 0.0000e+00
        355 203.376891    0.02456     1.4740     88.439     13.123  48335.120    30.6551     9.8311     13.000     9.6028    23.5883     6.8216     9.7488    104.680    297.635    304.654   -0.02449    6.51755    9.31423  284.36515     9.8297   14.73668 6.0222e+00     0.9282     1.1632 0.0000e+00
        359 203.376904    0.02486     1.4918     89.507     14.133  48876.535    30.9967     9.5181     14.000     9.4802    23.9050     7.0683    10.1014    107.946    308.303    315.673   -0.00980    6.54799    9.35772  285.60536     9.5166   14.79462 5.0022e+00     0.9474     1.0243 0.0000e+00
        363 203.376917    0.02517     1.5099     90.595     15.142  48962.467    31.0504     9.4680     15.000     9.4610    23.9549     7.5190    10.7454    114.742    327.942    335.798    0.01574    6.55290    9.36475  285.80600     9.4664   14.80400 4.1585e+00     0.9836     0.9767 0.0000e+00
        368 203.376929    0.02547     1.5278     91.669     16.151  48985.091    31.0647     9.4583     16.000     9.4528    23.9676     7.7721    11.1071    118.591    338.977    347.102    0.02653    6.55370    9.36589  285.83726     9.4566   14.80543 3.4480e+00     0.9917     1.0640 0.0000e+00
        372 203.376941    0.02575     1.5455     92.731     17.161  49002.029    31.0751     9.4502     17.000     9.4458    23.9771     7.8308    11.1910    119.473    341.533    349.722    0.02436    6.55443    9.36693  285.86655     9.4484   14.80679 2.8413e+00     0.9835     1.0589 0.0000e+00
        376 203.376953    0.02605     1.5631     93.788     18.171  49003.871    31.0754     9.4460     18.000     9.4413    23.9780     7.8656    11.2407    119.993    343.051    351.277    0.02119    6.55503    9.36779  285.89236     9.4441   14.80803 2.3281e+00     0.9965     1.0456 0.0000e+00
        380 203.376966    0.02635     1.5809     94.851     19.180  49015.649    31.0822     9.4386     19.000     9.4327    23.9845     7.9026    11.2936    120.544    344.664    352.931    0.01878    6.55582    9.36891  285.92481     9.4366   14.80955 1.9139e+00     1.0106     1.0451 0.0000e+00
        385 203.376979    0.02667     1.5999     95.994     20.190  49027.508    31.0892     9.4319     20.000     9.4278    23.9910     7.9298    11.3325    120.946    345.848    354.145    0.01611    6.55649    9.36987  285.95231     9.4298   14.81083 1.5900e+00     0.9922     1.0316 0.0000e+00
        390 203.376993    0.02699     1.6195     97.168     21.199  49045.978    31.1009     9.4249     21.000     9.4146    24.0012     7.9433    11.3518    121.143    346.434    354.749    0.01318    6.55701    9.37063  285.97254     9.4227   14.81176 1.3120e+00     0.9860     0.9859 0.0000e+00
        394 203.377005    0.02729     1.6374     98.242     22.209  49085.483    31.1254     9.4039     22.000     9.3891    24.0237     7.9525    11.3649    121.245    346.826    355.158    0.01082    6.55902    9.37350  286.05391     9.4016   14.81555 1.0799e+00     1.0138     1.0095 0.0000e+00
        398 203.377017    0.02757     1.6541     99.247     23.218  49118.102    31.1446     9.3795     23.000     9.3700    24.0425     7.9633    11.3804    121.360    347.292    355.643    0.00905    6.56176    9.37741  286.16797     9.3770   14.82092 8.9114e-01     1.0404     1.0545 0.0000e+00
        402 203.377028    0.02785     1.6709    100.253     24.227  49136.282    31.1555     9.3686     24.000     9.3630    24.0528     7.9802    11.4045    121.596    348.026    356.397    0.00805    6.56287    9.37900  286.21369     9.3660   14.82307 7.4639e-01     1.0635     1.0053 0.0000e+00
        406 203.377041    0.02814     1.6883    101.299     25.237  49148.103    31.1627     9.3628     25.000     9.3580    24.0593     8.0038    11.4382    121.945    349.049    357.447    0.00760    6.56341    9.37977  286.23544     9.3602   14.82408 6.2966e-01     1.0453     0.8940 0.0000e+00
        411 203.377053    0.02844     1.7066    102.396     26.247  49152.347    31.1647     9.3591     26.000     9.3560    24.0614     8.0205    11.4621    122.193    349.780    358.197    0.00684    6.56386    9.38041  286.25433     9.3564   14.82497 5.2955e-01     1.0421     0.9154 0.0000e+00
        415 203.377066    0.02875     1.7249    103.492     27.257  49163.410    31.1719     9.3576     27.000     9.3524    24.0673     8.0236    11.4664    122.240    349.910    358.332    0.00559    6.56378    9.38030  286.24915     9.3548   14.82470 4.4387e-01     1.0314     0.8612 0.0000e+00
        419 203.377078    0.02903     1.7419    104.514     28.267  49184.225    31.1852     9.3517     28.000     9.3438    24.0787     8.0194    11.4606    122.171    349.727    358.148    0.00420    6.56408    9.38073  286.25914     9.3487   14.82512 3.7116e-01     1.0177     0.8210 0.0000e+00
        423 203.377089    0.02930     1.7579    105.474     29.275  49209.237    31.2009     9.3406     29.000     9.3250    24.0927     8.0223    11.4647    122.197    349.846    358.275    0.00343    6.56502    9.38208  286.29631     9.3376   14.82683 3.1257e-01     1.0193     0.8864 0.0000e+00
        427 203.377101    0.02958     1.7748    106.488     30.285  49289.900    31.2526     9.3073     30.000     9.2874    24.1383     8.0345    11.4821    122.334    350.364    358.821    0.00316    6.56768    9.38587  286.39934     9.3041   14.83155 2.6696e-01     1.0226     0.8604 0.0000e+00
        431 203.377113    0.02989     1.7934    107.606     31.295  49354.179    31.2934     9.2783     31.000     9.2711    24.1747     8.0558    11.5126    122.612    351.281    359.773    0.00332    6.57018    9.38944  286.49802     9.2750   14.83610 2.2924e-01     1.0509     0.8439 0.0000e+00
        436 203.377127    0.03021     1.8124    108.745     32.305  49401.601    31.3256     9.2727     32.000     9.2687    24.2008     8.0899    11.5613    123.142    352.759    361.296    0.00434    6.56962    9.38865  286.46665     9.2693   14.83447 1.9731e-01     1.1016     0.8844 0.0000e+00
        440 203.377139    0.03050     1.8300    109.803     33.314  49492.167    31.3887     9.2716     33.000     9.2689    24.2503     8.1127    11.5939    123.535    353.735    362.313    0.00479    6.56712    9.38507  286.34363     9.2681   14.82834 1.7173e-01     1.1531     0.7564 0.0000e+00
        444 203.377151    0.03078     1.8472    110.830     34.324  49590.596    31.4582     9.2763     34.000     9.2763    24.3038     8.1253    11.6118    123.795    354.264    362.874    0.00470    6.56348    9.37987  286.16992     9.2727   14.81975 1.5154e-01     1.1592     0.6598 0.0000e+00
        449 203.377163    0.03108     1.8650    111.902     35.333  49617.476    31.4768     9.2777     35.000     9.2598    24.3182     8.1407    11.6339    124.049    354.932    363.563    0.00458    6.56250    9.37846  286.12314     9.2740   14.81744 1.3547e-01     1.1478     0.5790 0.0000e+00
        453 203.377177    0.03141     1.8847    113.081     36.343  49632.838    31.4802     9.2277     36.000     9.1866    24.3287     8.1346    11.6251    123.821    354.661    363.289    0.00289    6.56963    9.38865  286.43092     9.2239   14.83214 1.2220e-01     1.1487     0.4702 0.0000e+00
        458 203.377191    0.03175     1.9050    114.301     37.352  49651.376    31.4786     9.1259     37.000     9.0734    24.3432     8.0798    11.5468    122.710    352.268    360.844   -0.00143    6.58456    9.41000  287.07811     9.1220   14.86308 1.1106e-01     1.1794     0.4529 0.0000e+00
        463 203.377204    0.03206     1.9239    115.432     38.362  49690.990    31.4908     9.0181     38.000     8.9825    24.3693     8.0011    11.4344    121.233    348.829    357.330   -0.00618    6.59983    9.43181  287.73630     9.0142   14.89450 1.0190e-01     1.2367     0.4514 0.0000e+00
        467 203.377216    0.03236     1.9416    116.499     39.372  49725.119    31.5075     8.9698     39.000     8.9429    24.3898     7.9787    11.4023    120.775    347.844    356.327   -0.00686    6.60623    9.44097  288.00992     8.9657   14.90750 9.4483e-02     1.3251     0.4449 0.0000e+00
        471 203.377229    0.03267     1.9601    117.608     40.381  49683.320    31.4661     8.8897     40.000     8.8197    24.3696     8.0294    11.4748    121.293    350.062    358.593   -0.00370    6.61982    9.46037  288.60767     8.8856   14.93623 8.7985e-02     1.2908     0.3919 0.0000e+00
        476 203.377243    0.03300     1.9797    118.782     41.391  49780.891    31.5158     8.7625     41.000     8.7416    24.4277     8.0146    11.4537    120.767    349.399    357.934   -0.00459    6.63650    9.48421  289.31834     8.7584   14.97000 8.2606e-02     1.2955     0.3833 0.0000e+00
        481 203.377256    0.03331     1.9986    119.915     42.401  49831.646    31.5490     8.7485     42.000     8.7547    24.4558     8.0007    11.4337    120.544    348.780    357.310   -0.00464    6.63713    9.48512  289.33827     8.7443   14.97081 7.8010e-02     1.3520     0.3776 0.0000e+00
        485 203.377268    0.03360     2.0163    120.981     43.410  49865.017    31.5751     8.7700     43.000     8.7732    24.4730     8.0258    11.4697    121.001    349.871    358.433   -0.00226    6.63283    9.47898  289.14603     8.7656   14.96152 7.4169e-02     1.3502     0.4031 0.0000e+00
        489 203.377281    0.03391     2.0344    122.062     44.420  49870.735    31.5796     8.7760     44.000     8.7510    24.4756     8.0481    11.5016    121.357    350.841    359.428   -0.00065    6.63174    9.47742  289.09780     8.7716   14.95920 7.0998e-02     1.4123     0.4083 0.0000e+00
        494 203.377294    0.03421     2.0526    123.154     45.429  49887.880    31.5829     8.7194     45.000     8.6848    24.4867     8.0450    11.4971    121.160    350.702    359.289   -0.00106    6.64000    9.48923  289.45468     8.7149   14.97624 6.8199e-02     1.5891     0.4022 0.0000e+00
        498 203.377306    0.03451     2.0707    124.243     46.439  49928.084    31.6025     8.6646     46.000     8.6413    24.5103     7.9913    11.4204    120.219    348.355    356.893   -0.00399    6.64731    9.49967  289.76678     8.6599   14.99107 6.5690e-02     1.8002     0.4060 0.0000e+00
        502 203.377319    0.03481     2.0889    125.335     47.448  49952.204    31.6135     8.6273     47.000     8.6120    24.5245     7.9402    11.3474    119.360    346.123    354.612   -0.00612    6.65238    9.50692  289.98372     8.6226   15.00139 6.3492e-02     1.9522     0.4248 0.0000e+00
        507 203.377331    0.03511     2.1066    126.396     48.458  49966.223    31.6202     8.6090     48.000     8.6004    24.5325     7.9001    11.2901    118.713    344.371    352.820   -0.00718    6.65483    9.51042  290.08810     8.6041   15.00635 6.1697e-02     2.0311     0.4438 0.0000e+00
        511 203.377343    0.03539     2.1234    127.406     49.468  49968.352    31.6202     8.6024     49.000     8.5928    24.5335     7.8802    11.2615    118.395    343.501    351.928   -0.00700    6.65580    9.51181  290.13009     8.5975   15.00836 6.0155e-02     2.0808     0.4690 0.0000e+00
        515 203.377354    0.03567     2.1405    128.428     50.478  49947.521    31.6027     8.5860     50.000     8.5558    24.5223     7.8749    11.2540    118.260    343.275    351.693   -0.00620    6.65901    9.51638  290.27310     8.5810   15.01526 5.8844e-02     2.0893     0.4816 0.0000e+00
        519 203.377367    0.03597     2.1586    129.517     51.488  49940.746    31.5866     8.5133     51.000     8.4664    24.5204     7.8500    11.2184    117.681    342.189    350.579   -0.00677    6.67059    9.53293  290.77832     8.5082   15.03946 5.7864e-02     2.0683     0.4869 0.0000e+00
        524 203.377380    0.03630     2.1777    130.664     52.497  49959.485    31.5844     8.4152     52.000     8.3579    24.5331     7.7982    11.1444    116.646    339.929    348.268   -0.00886    6.68541    9.55412  291.42092     8.4100   15.07017 5.7016e-02     2.0550     0.5180 0.0000e+00
        528 203.377393    0.03661     2.1964    131.786     53.507  49989.336    31.5864     8.2945     53.000     8.2384    24.5524     7.7551    11.0829    115.689    338.045    346.345   -0.01018    6.70352    9.58000  292.20487     8.2893   15.10761 5.6415e-02     2.1653     0.5429 0.0000e+00
