CTD-processing/allCTD/CNV/2013_07-18_t7_s13_cast011_5028.cnv
* Sea-Bird SBE19plus Data File:
* FileName = C:\Documents and Settings\kris.holderied.local\My Documents\2012-2013-CTD-DATA-new-files\2013-07-CookInlet-EVOSTC-LTM\2013-07-18-CookInlet-Tran7-Augustine\2013-07-18-CookInlet-Tran7-Augustine-cast011.hex
* Software Version 1.54
* Temperature SN =  5028
* Conductivity SN =  5028
* System UpLoad Time = Jul 18 2013 22:09:18
** Cook Inlet LTM Ocean - Tran7 Augustine Line, East to West
** Date: 2013-07-18
** Station: 7-13
** Start time (AKDT-24 hr): 15:59
** Depth (m): 69
** Comment:
** Comment:
# nquan = 27
# nvalues = 68                          
# units = specified
# name 0 = scan: Scan Count
# name 1 = timeJ: Julian Days
# name 2 = timeH: Time, Elapsed [hours]
# name 3 = timeM: Time, Elapsed [minutes]
# name 4 = timeS: Time, Elapsed [seconds]
# name 5 = prdM: Pressure, Strain Gauge [db]
# name 6 = specc: Specific Conductance [uS/cm]
# name 7 = sal00: Salinity, Practical [PSU]
# name 8 = tv290C: Temperature [ITS-90, deg C]
# name 9 = depSM: Depth [salt water, m], lat = 59.00
# name 10 = potemp090C: Potential Temperature [ITS-90, deg C]
# name 11 = sigma-é00: Density [sigma-theta, kg/m^3]
# name 12 = sbeox0ML/L: Oxygen, SBE 43 [ml/l]
# name 13 = sbeox0Mg/L: Oxygen, SBE 43 [mg/l]
# name 14 = sbeox0PS: Oxygen, SBE 43 [% saturation]
# name 15 = sbox0Mm/Kg: Oxygen, SBE 43 [umol/kg]
# name 16 = sbeox0Mm/L: Oxygen, SBE 43 [umol/l]
# name 17 = sbox0dV/dT: Oxygen, SBE 43 [dov/dt]
# name 18 = oxsolML/L: Oxygen Saturation, Garcia & Gordon [ml/l]
# name 19 = oxsolMg/L: Oxygen Saturation, Garcia & Gordon [mg/l]
# name 20 = oxsolMm/Kg: Oxygen Saturation, Garcia & Gordon [umol/kg]
# name 21 = potemp090C: Potential Temperature [ITS-90, deg C]
# name 22 = n2satMg/L: Nitrogen Saturation [mg/l]
# name 23 = par: PAR/Irradiance, Biospherical/Licor
# name 24 = flECO-AFL: Fluorescence, WET Labs ECO-AFL/FL [mg/m^3]
# name 25 = turbWETntu0: Turbidity, WET Labs ECO [NTU]
# name 26 = flag: flag
# span 0 =        122,        609       
# span 1 = 199.666705, 199.668113       
# span 2 =    0.00841,    0.04220       
# span 3 =     0.5049,     2.5323       
# span 4 =     30.294,    151.939       
# span 5 =      1.009,     68.655       
# span 6 =  44658.445,  50576.521       
# span 7 =    28.4969,    31.8953       
# span 8 =     7.6144,    11.6808       
# span 9 =      1.000,     68.000       
# span 10 =     7.6078,    11.5951      
# span 11 =    21.6086,    24.8884      
# span 12 =     5.8469,     8.1990      
# span 13 =     8.3557,    11.7171      
# span 14 =     92.195,    131.033      
# span 15 =    255.612,    357.593      
# span 16 =    261.121,    366.166      
# span 17 =   -0.03837,    0.00267      
# span 18 =    6.25449,    6.79457      
# span 19 =    8.93828,    9.71012      
# span 20 =  272.76498,  296.07924      
# span 21 =     7.6082,    11.6807      
# span 22 =   14.17767,   15.29139      
# span 23 = 5.8106e-02, 4.2313e+02      
# span 24 =     0.7729,     6.5322      
# span 25 =     0.4260,     1.0027      
# span 26 = 0.0000e+00, 0.0000e+00      
# interval = meters: 1                  
# start_time = Jul 18 2013 15:59:33 [Instrument's time stamp, header]
# bad_flag = -9.990e-29
*END*
[from data line 54]
        556 199.667959    0.03852     2.3110    138.661     55.527  50567.526    31.8820     7.6211     55.000     7.6154    24.8800     7.4272    10.6142    109.328    323.646    331.698   -0.00029    6.79351    9.70861  296.03304     7.6160   15.28918 6.4287e-02     1.4491     0.4499 0.0000e+00
        561 199.667974    0.03887     2.3323    139.940     56.536  50569.508    31.8828     7.6206     56.000     7.6156    24.8808     7.4243    10.6100    109.284    323.518    331.568   -0.00039    6.79355    9.70866  296.03441     7.6154   15.28924 6.3161e-02     1.4678     0.4624 0.0000e+00
        568 199.667995    0.03937     2.3620    141.717     57.546  50568.562    31.8817     7.6209     57.000     7.6147    24.8799     7.4088    10.5879    109.057    322.845    330.878   -0.00102    6.79357    9.70868  296.03528     7.6155   15.28928 6.2267e-02     1.5179     0.4822 0.0000e+00
        571 199.668004    0.03959     2.3755    142.529     58.556  50569.837    31.8820     7.6196     58.000     7.6138    24.8802     7.4135    10.5947    109.123    323.052    331.089   -0.00075    6.79375    9.70894  296.04285     7.6142   15.28965 6.1585e-02     1.5453     0.4828 0.0000e+00
        574 199.668012    0.03979     2.3873    143.236     59.566  50570.360    31.8818     7.6190     59.000     7.6130    24.8802     7.4223    10.6072    109.251    323.434    331.480   -0.00027    6.79385    9.70908  296.04724     7.6136   15.28985 6.1025e-02     1.4874     0.4663 0.0000e+00
        577 199.668021    0.04000     2.3999    143.994     60.575  50571.594    31.8820     7.6183     60.000     7.6126    24.8805     7.4262    10.6128    109.307    323.602    331.653   -0.00006    6.79394    9.70922  296.05134     7.6128   15.29005 6.0535e-02     1.4609     0.4594 0.0000e+00
        581 199.668032    0.04027     2.4160    144.958     61.585  50572.775    31.8824     7.6184     61.000     7.6128    24.8808     7.4228    10.6080    109.257    323.456    331.503   -0.00024    6.79391    9.70918  296.05007     7.6127   15.28999 6.0042e-02     1.4826     0.4721 0.0000e+00
        586 199.668047    0.04064     2.4381    146.286     62.594  50573.024    31.8822     7.6185     62.000     7.6127    24.8806     7.4160    10.5982    109.156    323.157    331.197   -0.00054    6.79391    9.70917  296.05004     7.6127   15.28999 5.9603e-02     1.4962     0.4795 0.0000e+00
        592 199.668063    0.04101     2.4609    147.652     63.604  50573.999    31.8824     7.6189     63.000     7.6132    24.8808     7.4132    10.5942    109.116    323.035    331.073   -0.00060    6.79384    9.70908  296.04693     7.6130   15.28984 5.9244e-02     1.6151     0.4992 0.0000e+00
        595 199.668074    0.04128     2.4767    148.604     64.613  50572.828    31.8811     7.6190     64.000     7.6120    24.8798     7.4153    10.5973    109.148    323.129    331.169   -0.00044    6.79387    9.70913  296.04869     7.6130   15.28993 5.8927e-02     1.6153     0.4905 0.0000e+00
        599 199.668083    0.04150     2.4897    149.381     65.624  50574.194    31.8814     7.6175     65.000     7.6108    24.8802     7.4189    10.6023    109.196    323.283    331.326   -0.00027    6.79409    9.70944  296.05825     7.6115   15.29039 5.8701e-02     1.5754     0.5239 0.0000e+00
        602 199.668092    0.04171     2.5023    150.138     66.634  50575.463    31.8817     7.6168     66.000     7.6102    24.8805     7.4158    10.5979    109.149    323.147    331.188   -0.00040    6.79419    9.70958  296.06235     7.6107   15.29058 5.8490e-02     1.5290     0.5397 0.0000e+00
        605 199.668101    0.04193     2.5156    150.934     67.644  50575.718    31.8813     7.6161     67.000     7.6090    24.8804     7.4101    10.5898    109.063    322.901    330.934   -0.00070    6.79432    9.70976  296.06805     7.6098   15.29086 5.8299e-02     1.4871     0.5180 0.0000e+00
        609 199.668113    0.04220     2.5323    151.939     68.655  50576.521    31.8812     7.6144     68.000     7.6078    24.8805     7.4084    10.5875    109.036    322.829    330.861   -0.00079    6.79457    9.71012  296.07924     7.6082   15.29139 5.8106e-02     1.4732     0.5003 0.0000e+00
