CTD-processing/allCTD/CNV/2013_04-21_t4_s01_cast122_5028.cnv
* Sea-Bird SBE19plus Data File:
* FileName = C:\Documents and Settings\kris.holderied.local\My Documents\2012-2013-CTD-DATA-new-files\2013-04-EVOSTC-CookInlet-Ocean\2013-04-21-CookInlet-Tran4-Barabara\2013-04-21-CookInlet-Tran4-cast122.hex
* Software Version 1.54
* Temperature SN =  5028
* Conductivity SN =  5028
* System UpLoad Time = Apr 21 2013 12:22:02
** Cook Inlet LTM Transect 4 (Barabara) South to North
** Date:  2013-04-21
** Station:  4-01
** Start time (AKDT-24 hr):  0925
** Depth (m): 17
** Comment:Snow? Clean H2O
# nquan = 27
# nvalues = 17                          
# units = specified
# name 0 = scan: Scan Count
# name 1 = timeJ: Julian Days
# name 2 = timeH: Time, Elapsed [hours]
# name 3 = timeM: Time, Elapsed [minutes]
# name 4 = timeS: Time, Elapsed [seconds]
# name 5 = prdM: Pressure, Strain Gauge [db]
# name 6 = specc: Specific Conductance [uS/cm]
# name 7 = sal00: Salinity, Practical [PSU]
# name 8 = tv290C: Temperature [ITS-90, deg C]
# name 9 = depSM: Depth [salt water, m], lat = 59.00
# name 10 = potemp090C: Potential Temperature [ITS-90, deg C]
# name 11 = sigma-é00: Density [sigma-theta, kg/m^3]
# name 12 = sbeox0ML/L: Oxygen, SBE 43 [ml/l]
# name 13 = sbeox0Mg/L: Oxygen, SBE 43 [mg/l]
# name 14 = sbeox0PS: Oxygen, SBE 43 [% saturation]
# name 15 = sbox0Mm/Kg: Oxygen, SBE 43 [umol/kg]
# name 16 = sbeox0Mm/L: Oxygen, SBE 43 [umol/l]
# name 17 = sbox0dV/dT: Oxygen, SBE 43 [dov/dt]
# name 18 = oxsolML/L: Oxygen Saturation, Garcia & Gordon [ml/l]
# name 19 = oxsolMg/L: Oxygen Saturation, Garcia & Gordon [mg/l]
# name 20 = oxsolMm/Kg: Oxygen Saturation, Garcia & Gordon [umol/kg]
# name 21 = potemp090C: Potential Temperature [ITS-90, deg C]
# name 22 = n2satMg/L: Nitrogen Saturation [mg/l]
# name 23 = par: PAR/Irradiance, Biospherical/Licor
# name 24 = flECO-AFL: Fluorescence, WET Labs ECO-AFL/FL [mg/m^3]
# name 25 = turbWETntu0: Turbidity, WET Labs ECO [NTU]
# name 26 = flag: flag
# span 0 =        184,        411       
# span 1 = 111.393609, 111.394265       
# span 2 =    0.01273,    0.02848       
# span 3 =     0.7637,     1.7090       
# span 4 =     45.821,    102.539       
# span 5 =      1.009,     17.161       
# span 6 =  48550.420,  51760.221       
# span 7 =    29.9677,    31.9469       
# span 8 =     3.8164,     4.0203       
# span 9 =      1.000,     17.000       
# span 10 =     3.8133,     3.9554      
# span 11 =    23.7868,    25.3756      
# span 12 =     7.7583,     8.2213      
# span 13 =    11.0874,    11.7492      
# span 14 =    103.495,    110.666      
# span 15 =    338.518,    358.080      
# span 16 =    346.485,    367.165      
# span 17 =    0.00584,    0.01365      
# span 18 =    7.41860,    7.49791      
# span 19 =   10.60191,   10.71527      
# span 20 =  323.12137,  327.16791      
# span 21 =     3.8154,     4.0203      
# span 22 =   16.57943,   16.77994      
# span 23 = 2.9397e+00, 3.4112e+01      
# span 24 =     1.0432,     1.5163      
# span 25 =     0.4053,     0.5067      
# span 26 = 0.0000e+00, 0.0000e+00      
# interval = meters: 1                  
# start_time = Apr 21 2013 09:26:02 [Instrument's time stamp, header]
# bad_flag = -9.990e-29
*END*
        184 111.393609    0.01273     0.7637     45.821      1.009  48550.420    29.9677     4.0203      1.000     3.9554    23.7868     7.7583    11.0874    103.495    338.518    346.485    0.01020    7.49791   10.71527  327.16791     4.0203   16.77994 3.4112e+01     1.0432     0.5067 0.0000e+00
        331 111.394032    0.02289     1.3731     82.388      2.019  51620.032    31.8781     3.8813      2.000     3.8794    25.3149     7.7981    11.1442    105.086    339.666    348.262    0.01365    7.42076   10.60500  323.23110     3.8811   16.58486 2.5927e+01     1.4195     0.4345 0.0000e+00
        340 111.394060    0.02355     1.4133     84.800      3.028  51704.053    31.9299     3.8776      3.000     3.8776    25.3564     7.7866    11.1278    104.960    339.150    347.750    0.01025    7.41865   10.60199  323.12357     3.8774   16.57954 1.9633e+01     1.4602     0.4251 0.0000e+00
        345 111.394075    0.02392     1.4351     86.106      4.038  51704.230    31.9296     3.8780      4.000     3.8773    25.3561     7.7937    11.1379    105.056    339.458    348.066    0.00838    7.41860   10.60191  323.12137     3.8777   16.57943 1.5494e+01     1.5079     0.4235 0.0000e+00
        350 111.394090    0.02427     1.4562     87.372      5.047  51703.889    31.9283     3.8757      5.000     3.8725    25.3553     7.8022    11.1501    105.165    339.830    348.447    0.00704    7.41907   10.60259  323.14229     3.8754   16.58043 1.2373e+01     1.5163     0.4228 0.0000e+00
        355 111.394104    0.02460     1.4762     88.572      6.057  51712.318    31.9311     3.8657      6.000     3.8603    25.3585     7.8221    11.1787    105.409    340.697    349.337    0.00632    7.42075   10.60499  323.21435     3.8653   16.58385 1.0191e+01     1.4957     0.4207 0.0000e+00
        360 111.394118    0.02495     1.4971     89.825      7.066  51726.378    31.9380     3.8566      7.000     3.8557    25.3648     7.8764    11.2562    106.122    343.059    351.760    0.00703    7.42204   10.60684  323.26879     3.8562   16.58641 8.5128e+00     1.4306     0.4261 0.0000e+00
        365 111.394133    0.02530     1.5181     91.086      8.076  51728.289    31.9390     3.8578      8.000     3.8581    25.3656     7.9109    11.3056    106.591    344.563    353.302    0.00694    7.42179   10.60647  323.25743     3.8572   16.58586 7.3515e+00     1.4325     0.4298 0.0000e+00
        370 111.394147    0.02564     1.5384     92.303      9.085  51726.209    31.9369     3.8568      9.000     3.8530    25.3639     7.9533    11.3661    107.158    346.409    355.196    0.00714    7.42206   10.60687  323.26982     3.8562   16.58647 6.5082e+00     1.4787     0.4399 0.0000e+00
        375 111.394161    0.02598     1.5587     93.519     10.094  51734.387    31.9398     3.8483     10.000     3.8448    25.3671     8.0143    11.4533    107.959    349.065    357.919    0.00797    7.42347   10.60888  323.33024     3.8476   16.58933 5.8553e+00     1.4160     0.4298 0.0000e+00
        380 111.394175    0.02632     1.5792     94.755     11.104  51739.867    31.9417     3.8427     11.000     3.8397    25.3691     8.0590    11.5171    108.547    351.010    359.915    0.00809    7.42438   10.61018  323.36917     3.8420   16.59117 5.3008e+00     1.3450     0.4072 0.0000e+00
        385 111.394190    0.02668     1.6005     96.032     12.113  51742.700    31.9412     3.8353     12.000     3.8305    25.3695     8.0722    11.5359    108.705    351.582    360.502    0.00691    7.42575   10.61214  323.42876     3.8345   16.59400 4.8613e+00     1.3304     0.4053 0.0000e+00
        390 111.394204    0.02702     1.6210     97.262     13.123  51750.756    31.9438     3.8255     13.000     3.8216    25.3724     8.0986    11.5738    109.038    352.736    361.685    0.00644    7.42740   10.61449  323.49960     3.8247   16.59736 4.4545e+00     1.3068     0.4118 0.0000e+00
        395 111.394219    0.02736     1.6415     98.488     14.133  51757.155    31.9464     3.8203     14.000     3.8188    25.3750     8.1263    11.6133    109.398    353.940    362.922    0.00621    7.42820   10.61565  323.53396     3.8195   16.59899 4.0147e+00     1.2801     0.4217 0.0000e+00
        400 111.394234    0.02773     1.6639     99.836     15.142  51758.910    31.9467     3.8187     15.000     3.8173    25.3753     8.1533    11.6518    109.756    355.113    364.124    0.00586    7.42848   10.61604  323.54591     3.8178   16.59955 3.6247e+00     1.2550     0.4243 0.0000e+00
        406 111.394249    0.02809     1.6855    101.128     16.152  51760.221    31.9469     3.8180     16.000     3.8168    25.3756     8.1849    11.6969    110.180    356.488    365.534    0.00584    7.42860   10.61621  323.55102     3.8170   16.59980 3.2676e+00     1.2644     0.4189 0.0000e+00
        411 111.394265    0.02848     1.7090    102.539     17.161  51757.776    31.9443     3.8164     17.000     3.8133    25.3738     8.2213    11.7492    110.666    358.080    367.165    0.00596    7.42903   10.61682  323.57002     3.8154   16.60071 2.9397e+00     1.3075     0.4200 0.0000e+00
