CTD-processing/allCTD/CNV/2013_07-19_t3_s16_cast039_5028.cnv
* Sea-Bird SBE19plus Data File:
* FileName = C:\Documents and Settings\kris.holderied.local\My Documents\2012-2013-CTD-DATA-new-files\2013-07-CookInlet-EVOSTC-LTM\2013-07-19-CookInlet-Tran3-AnchorPt\2013-07-19-CookInlet-Tran3-AnchorPt-cast039.hex
* Software Version 1.54
* Temperature SN =  5028
* Conductivity SN =  5028
* System UpLoad Time = Jul 19 2013 17:48:56
** Cook Inlet LTM Ocean - Tran3 - Anchor Pt Line
** Date: 2013-07-19
** Station: 3-16
** Start time (AKDT-24 hr): 15:27
** Depth (m): 11
** Comment:
** Comment:
# nquan = 27
# nvalues = 12                          
# units = specified
# name 0 = scan: Scan Count
# name 1 = timeJ: Julian Days
# name 2 = timeH: Time, Elapsed [hours]
# name 3 = timeM: Time, Elapsed [minutes]
# name 4 = timeS: Time, Elapsed [seconds]
# name 5 = prdM: Pressure, Strain Gauge [db]
# name 6 = specc: Specific Conductance [uS/cm]
# name 7 = sal00: Salinity, Practical [PSU]
# name 8 = tv290C: Temperature [ITS-90, deg C]
# name 9 = depSM: Depth [salt water, m], lat = 59.00
# name 10 = potemp090C: Potential Temperature [ITS-90, deg C]
# name 11 = sigma-é00: Density [sigma-theta, kg/m^3]
# name 12 = sbeox0ML/L: Oxygen, SBE 43 [ml/l]
# name 13 = sbeox0Mg/L: Oxygen, SBE 43 [mg/l]
# name 14 = sbeox0PS: Oxygen, SBE 43 [% saturation]
# name 15 = sbox0Mm/Kg: Oxygen, SBE 43 [umol/kg]
# name 16 = sbeox0Mm/L: Oxygen, SBE 43 [umol/l]
# name 17 = sbox0dV/dT: Oxygen, SBE 43 [dov/dt]
# name 18 = oxsolML/L: Oxygen Saturation, Garcia & Gordon [ml/l]
# name 19 = oxsolMg/L: Oxygen Saturation, Garcia & Gordon [mg/l]
# name 20 = oxsolMm/Kg: Oxygen Saturation, Garcia & Gordon [umol/kg]
# name 21 = potemp090C: Potential Temperature [ITS-90, deg C]
# name 22 = n2satMg/L: Nitrogen Saturation [mg/l]
# name 23 = par: PAR/Irradiance, Biospherical/Licor
# name 24 = flECO-AFL: Fluorescence, WET Labs ECO-AFL/FL [mg/m^3]
# name 25 = turbWETntu0: Turbidity, WET Labs ECO [NTU]
# name 26 = flag: flag
# span 0 =        257,        481       
# span 1 = 200.645267, 200.645914       
# span 2 =    0.01780,    0.03331       
# span 3 =     1.0680,     1.9987       
# span 4 =     64.083,    119.922       
# span 5 =      1.011,     12.114       
# span 6 =  47406.524,  49819.856       
# span 7 =    30.2464,    31.6553       
# span 8 =     9.4669,    11.9806       
# span 9 =      1.000,     12.000       
# span 10 =     9.4674,    12.0146      
# span 11 =    22.9043,    24.4276      
# span 12 =     5.8661,     7.4308      
# span 13 =     8.3833,    10.6194      
# span 14 =     94.078,    113.836      
# span 15 =    256.118,    323.946      
# span 16 =    261.982,    331.860      
# span 17 =   -0.00623,    0.01546      
# span 18 =    6.23773,    6.52759      
# span 19 =    8.91434,    9.32857      
# span 20 =  272.33958,  284.57045      
# span 21 =     9.4657,    11.9805      
# span 22 =   14.16259,   14.74247      
# span 23 = 3.6201e+01, 5.4697e+02      
# span 24 =     0.3198,     1.5418      
# span 25 =     0.7162,     1.8895      
# span 26 = 0.0000e+00, 0.0000e+00      
# interval = meters: 1                  
# start_time = Jul 19 2013 15:28:07 [Instrument's time stamp, header]
# bad_flag = -9.990e-29
*END*
        257 200.645267    0.01780     1.0680     64.083      1.011  47406.524    30.2464    11.9806      1.000    12.0146    22.9043     5.8661     8.3833     94.078    256.118    261.982   -0.00004    6.23773    8.91434  272.33958    11.9805   14.16259 5.4697e+02     0.3244     1.8895 0.0000e+00
        436 200.645786    0.03024     1.8145    108.873      2.019  47769.705    30.4352    11.3285      2.000    11.1982    23.1661     6.7556     9.6545    106.938    294.875    301.706   -0.00044    6.31792    9.02893  275.76951    11.3283   14.32616 4.8735e+02     0.3198     1.5890 0.0000e+00
        439 200.645794    0.03043     1.8258    109.546      3.028  48043.726    30.6026    11.0858      3.000    11.0894    23.3387     6.6517     9.5060    104.852    290.292    297.066   -0.00603    6.34410    9.06634  276.86543    11.0854   14.37798 3.1886e+02     0.3672     1.4140 0.0000e+00
        443 200.645805    0.03069     1.8420    110.518      4.038  48026.725    30.5902    11.0845      4.000    11.0273    23.3293     6.6668     9.5276    105.076    290.954    297.741   -0.00527    6.34475    9.06728  276.89672    11.0840   14.37953 2.1938e+02     0.4069     1.2819 0.0000e+00
        447 200.645815    0.03094     1.8567    111.402      5.047  48116.573    30.6352    10.9242      5.000    10.7312    23.3918     6.7778     9.6862    106.487    295.779    302.697    0.00137    6.36495    9.09615  277.76136    10.9236   14.42075 1.7152e+02     0.4322     1.2532 0.0000e+00
        450 200.645826    0.03121     1.8726    112.358      6.057  48518.453    30.8689    10.4962      6.000    10.2409    23.6459     6.7726     9.6787    105.587    295.477    302.464   -0.00167    6.41473    9.16729  279.86359    10.4955   14.52044 1.4153e+02     0.5735     1.0832 0.0000e+00
        455 200.645839    0.03153     1.8914    113.484      7.066  49124.867    31.2367    10.0021      7.000     9.8722    24.0145     6.7546     9.6529    104.418    294.584    301.658   -0.00623    6.46880    9.24457  282.12154    10.0013   14.62701 1.1432e+02     0.8951     0.8038 0.0000e+00
        461 200.645857    0.03196     1.9174    115.042      8.076  49473.858    31.4488     9.7353      8.000     9.6909    24.2234     7.0596    10.0889    108.644    307.824    315.281    0.00913    6.49777    9.28595  283.32703     9.7344   14.68383 8.6089e+01     1.3339     0.7601 0.0000e+00
        467 200.645874    0.03235     1.9413    116.478      9.085  49630.893    31.5430     9.6130      9.000     9.5813    24.3166     7.2395    10.3460    111.182    315.641    323.316    0.01537    6.51132    9.30533  283.89223     9.6120   14.71049 6.8654e+01     1.5089     0.7603 0.0000e+00
        471 200.645886    0.03266     1.9597    117.582     10.095  49709.732    31.5900     9.5510     10.000     9.5217    24.3631     7.2979    10.4293    111.959    318.169    325.920    0.01463    6.51824    9.31523  284.18120     9.5499   14.72412 5.7097e+01     1.5364     0.7162 0.0000e+00
        476 200.645899    0.03296     1.9772    118.630     11.104  49781.166    31.6325     9.4961     11.000     9.4808    24.4051     7.3758    10.5408    113.050    321.556    329.403    0.01546    6.52435    9.32395  284.43588     9.4949   14.73613 4.6424e+01     1.5418     0.7279 0.0000e+00
        481 200.645914    0.03331     1.9987    119.922     12.114  49819.856    31.6553     9.4669     12.000     9.4674    24.4276     7.4308    10.6194    113.836    323.946    331.860    0.01496    6.52759    9.32857  284.57045     9.4657   14.74247 3.6201e+01     1.5345     0.7955 0.0000e+00
