CTD-processing/allCTD/CNV/2013_02-12_t9_s09_cast013_5028.cnv
* Sea-Bird SBE19plus Data File:
* FileName = C:\Documents and Settings\kris.holderied.local\My Documents\2012-2013-CTD-DATA-new-files\2013-02-EVOSTC-CookInlet\2013-02-12-HomerSpitLine-Tran9\2013-02-12-HomerSpitLine-Tran9-cast013.hex
* Software Version 1.54
* Temperature SN =  5028
* Conductivity SN =  5028
* System UpLoad Time = Feb 12 2013 10:06:23
** Kachemak Bay Spit Line  North to south
** Date:  12 Feb 2013
** Station:  9-09
** Start time (AKDT-24 hr):  0940
** Depth (m):  79
** Comment: Drifting SW of station, approx 0.3 m
# nquan = 27
# nvalues = 73                          
# units = specified
# name 0 = scan: Scan Count
# name 1 = timeJ: Julian Days
# name 2 = timeH: Time, Elapsed [hours]
# name 3 = timeM: Time, Elapsed [minutes]
# name 4 = timeS: Time, Elapsed [seconds]
# name 5 = prdM: Pressure, Strain Gauge [db]
# name 6 = specc: Specific Conductance [uS/cm]
# name 7 = sal00: Salinity, Practical [PSU]
# name 8 = tv290C: Temperature [ITS-90, deg C]
# name 9 = depSM: Depth [salt water, m], lat = 59.00
# name 10 = potemp090C: Potential Temperature [ITS-90, deg C]
# name 11 = sigma-é00: Density [sigma-theta, kg/m^3]
# name 12 = sbeox0ML/L: Oxygen, SBE 43 [ml/l]
# name 13 = sbeox0Mg/L: Oxygen, SBE 43 [mg/l]
# name 14 = sbeox0PS: Oxygen, SBE 43 [% saturation]
# name 15 = sbox0Mm/Kg: Oxygen, SBE 43 [umol/kg]
# name 16 = sbeox0Mm/L: Oxygen, SBE 43 [umol/l]
# name 17 = sbox0dV/dT: Oxygen, SBE 43 [dov/dt]
# name 18 = oxsolML/L: Oxygen Saturation, Garcia & Gordon [ml/l]
# name 19 = oxsolMg/L: Oxygen Saturation, Garcia & Gordon [mg/l]
# name 20 = oxsolMm/Kg: Oxygen Saturation, Garcia & Gordon [umol/kg]
# name 21 = potemp090C: Potential Temperature [ITS-90, deg C]
# name 22 = n2satMg/L: Nitrogen Saturation [mg/l]
# name 23 = par: PAR/Irradiance, Biospherical/Licor
# name 24 = flECO-AFL: Fluorescence, WET Labs ECO-AFL/FL [mg/m^3]
# name 25 = turbWETntu0: Turbidity, WET Labs ECO [NTU]
# name 26 = flag: flag
# span 0 =        186,       1009       
# span 1 =  43.403810,  43.406193       
# span 2 =    0.01284,    0.07002       
# span 3 =     0.7703,     4.2013       
# span 4 =     46.219,    252.076       
# span 5 =      1.010,     73.702       
# span 6 =  50089.787,  51390.125       
# span 7 =    30.7057,    31.6208       
# span 8 =     3.0493,     3.6357       
# span 9 =      1.000,     73.000       
# span 10 =     3.1410,     3.6313      
# span 11 =    24.4504,    25.1337      
# span 12 =     6.2977,     7.7409      
# span 13 =     8.9999,    11.0625      
# span 14 =     82.434,    102.901      
# span 15 =    274.584,    337.244      
# span 16 =    281.253,    345.709      
# span 17 =   -0.00075,    0.00378      
# span 18 =    7.47837,    7.64196      
# span 19 =   10.68733,   10.92112      
# span 20 =  325.79559,  333.20329      
# span 21 =     3.0493,     3.6312      
# span 22 =   16.70784,   17.06313      
# span 23 = 3.6934e-02, 5.1067e-01      
# span 24 =     0.2715,     0.7860      
# span 25 =     1.1822,     4.9627      
# span 26 = 0.0000e+00, 0.0000e+00      
# interval = meters: 1                  
# start_time = Feb 12 2013 09:40:43 [Instrument's time stamp, header]
# bad_flag = -9.990e-29
*END*
[from data line 54]
        886  43.405837    0.06147     3.6883    221.295     55.526  51373.350    31.6036     3.5770     55.000     3.5776    25.1249     7.7065    11.0134    102.890    335.737    344.172    0.00060    7.49001   10.70397  326.30529     3.5737   16.73213 3.7912e-02     0.7364     1.7436 0.0000e+00
        893  43.405857    0.06197     3.7182    223.094     56.536  51368.260    31.6018     3.5855     56.000     3.5832    25.1227     7.6853    10.9830    102.627    334.812    343.223   -0.00028    7.48854   10.70187  326.24200     3.5822   16.72913 3.7912e-02     0.7442     1.8080 0.0000e+00
        901  43.405881    0.06252     3.7512    225.074     57.546  51374.201    31.6071     3.5929     57.000     3.5925    25.1263     7.6751    10.9685    102.514    334.370    342.771   -0.00052    7.48692   10.69956  326.17033     3.5894   16.72569 3.7912e-02     0.7250     1.7731 0.0000e+00
        908  43.405900    0.06299     3.7790    226.742     58.556  51372.284    31.6074     3.6011     58.000     3.5992    25.1257     7.6747    10.9679    102.529    334.351    342.752   -0.00038    7.48539   10.69737  326.10380     3.5976   16.72253 3.7912e-02     0.7149     1.8338 0.0000e+00
        916  43.405922    0.06353     3.8118    228.707     59.565  51372.236    31.6084     3.6075     59.000     3.6045    25.1260     7.6705    10.9619    102.490    334.168    342.564   -0.00041    7.48417   10.69563  326.05076     3.6039   16.72001 3.7912e-02     0.7341     1.9542 0.0000e+00
        922  43.405942    0.06399     3.8392    230.354     60.575  51382.516    31.6160     3.6119     60.000     3.6126    25.1316     7.6648    10.9538    102.430    333.918    342.310   -0.00050    7.48298   10.69392  325.99697     3.6082   16.71742 3.7912e-02     0.7197     1.9551 0.0000e+00
        930  43.405964    0.06451     3.8708    232.249     61.585  51378.056    31.6155     3.6240     61.000     3.6202    25.1301     7.6644    10.9533    102.455    333.902    342.293   -0.00032    7.48076   10.69076  325.90104     3.6203   16.71286 3.7912e-02     0.7266     2.0862 0.0000e+00
        936  43.405982    0.06496     3.8977    233.862     62.594  51383.218    31.6189     3.6257     62.000     3.6236    25.1327     7.6511    10.9342    102.283    333.320    341.698   -0.00073    7.48029   10.69009  325.87964     3.6219   16.71183 3.7912e-02     0.7272     2.1205 0.0000e+00
        944  43.406004    0.06549     3.9290    235.737     63.604  51382.476    31.6188     3.6297     63.000     3.6261    25.1323     7.6450    10.9256    102.213    333.058    341.429   -0.00075    7.47955   10.68903  325.84751     3.6258   16.71031 3.7912e-02     0.7200     2.2060 0.0000e+00
        950  43.406021    0.06588     3.9531    237.187     64.614  51384.640    31.6201     3.6308     64.000     3.6272    25.1332     7.6423    10.9216    102.179    332.936    341.304   -0.00072    7.47930   10.68866  325.83604     3.6269   16.70975 3.7912e-02     0.7183     2.1669 0.0000e+00
        957  43.406041    0.06637     3.9822    238.930     65.624  51385.282    31.6202     3.6316     65.000     3.6277    25.1333     7.6418    10.9209    102.175    332.918    341.285   -0.00058    7.47914   10.68843  325.82910     3.6276   16.70942 3.7912e-02     0.7036     2.2622 0.0000e+00
        963  43.406059    0.06680     4.0079    240.472     66.634  51386.728    31.6208     3.6323     66.000     3.6290    25.1337     7.6437    10.9236    102.202    332.997    341.366   -0.00042    7.47897   10.68820  325.82171     3.6282   16.70907 3.7912e-02     0.7180     2.2410 0.0000e+00
        969  43.406078    0.06725     4.0352    242.112     67.644  51386.262    31.6205     3.6343     67.000     3.6305    25.1333     7.6437    10.9236    102.208    332.999    341.369   -0.00033    7.47862   10.68769  325.80660     3.6302   16.70835 3.7912e-02     0.7167     2.2899 0.0000e+00
        976  43.406098    0.06773     4.0638    243.826     68.653  51386.538    31.6202     3.6346     68.000     3.6303    25.1330     7.6315    10.9062    102.045    332.469    340.825   -0.00071    7.47858   10.68763  325.80480     3.6305   16.70827 3.7912e-02     0.7310     2.3774 0.0000e+00
        983  43.406117    0.06820     4.0918    245.508     69.663  51387.431    31.6202     3.6337     69.000     3.6294    25.1330     7.6422    10.9214    102.185    332.932    341.299   -0.00022    7.47874   10.68787  325.81189     3.6295   16.70861 3.7912e-02     0.7301     2.3788 0.0000e+00
        989  43.406135    0.06862     4.1175    247.052     70.673  51388.614    31.6204     3.6337     70.000     3.6296    25.1332     7.6492    10.9315    102.279    333.238    341.613    0.00005    7.47873   10.68786  325.81164     3.6295   16.70859 3.7912e-02     0.7212     2.4143 0.0000e+00
        996  43.406155    0.06912     4.1469    248.816     71.683  51389.353    31.6206     3.6347     71.000     3.6307    25.1333     7.6498    10.9324    102.290    333.264    341.640    0.00003    7.47854   10.68759  325.80333     3.6304   16.70820 3.7912e-02     0.7330     2.3974 0.0000e+00
       1002  43.406173    0.06953     4.1718    250.309     72.693  51389.663    31.6205     3.6354     72.000     3.6311    25.1332     7.6507    10.9337    102.304    333.304    341.681    0.00003    7.47841   10.68740  325.79757     3.6311   16.70792 3.7912e-02     0.7389     2.3451 0.0000e+00
       1009  43.406193    0.07002     4.2013    252.076     73.702  51390.125    31.6204     3.6357     73.000     3.6313    25.1331     7.6433    10.9231    102.206    332.981    341.350   -0.00027    7.47837   10.68733  325.79559     3.6312   16.70784 3.7912e-02     0.7289     2.3557 0.0000e+00
