CTD-processing/allCTD/CNV/2013_12-03_t9_s01_cast134_4141.cnv
* Sea-Bird SBE19plus Data File:
* FileName = C:\Users\kris.holderied\Documents\kasitsna\Research-Projects-and-Data\Oceanography-AK\CTD-CookInlet-GulfWatchAK\2013-12-03-CookInlet-HomerSpit-monthly\2014_12_03_CookInlet_Tran9_cast134.hex
* Software Version 1.59
* Temperature SN =  4141
* Conductivity SN =  4141
* System UpLoad Time = Apr 14 2014 19:01:40
** Cook Inlet LTM Transect 9 (Homer Spit) Monthly
** Date: 2013-12-03
** Station: 9-01
** Start time: 15:02
** Depth (m): 68.6
** Comment: CTD time off by 1 hour
** Comment:
# nquan = 27
# nvalues = 63                          
# units = specified
# name 0 = scan: Scan Count
# name 1 = timeJ: Julian Days
# name 2 = timeH: Time, Elapsed [hours]
# name 3 = timeM: Time, Elapsed [minutes]
# name 4 = timeS: Time, Elapsed [seconds]
# name 5 = prdM: Pressure, Strain Gauge [db]
# name 6 = specc: Specific Conductance [uS/cm]
# name 7 = sal00: Salinity, Practical [PSU]
# name 8 = tv290C: Temperature [ITS-90, deg C]
# name 9 = depSM: Depth [salt water, m], lat = 59.00
# name 10 = potemp090C: Potential Temperature [ITS-90, deg C]
# name 11 = sigma-é00: Density [sigma-theta, kg/m^3]
# name 12 = sbeox0ML/L: Oxygen, SBE 43 [ml/l]
# name 13 = sbeox0Mg/L: Oxygen, SBE 43 [mg/l]
# name 14 = sbeox0PS: Oxygen, SBE 43 [% saturation]
# name 15 = sbox0Mm/Kg: Oxygen, SBE 43 [umol/kg]
# name 16 = sbeox0Mm/L: Oxygen, SBE 43 [umol/l]
# name 17 = sbox0dV/dT: Oxygen, SBE 43 [dov/dt]
# name 18 = oxsolML/L: Oxygen Saturation, Garcia & Gordon [ml/l]
# name 19 = oxsolMg/L: Oxygen Saturation, Garcia & Gordon [mg/l]
# name 20 = oxsolMm/Kg: Oxygen Saturation, Garcia & Gordon [umol/kg]
# name 21 = n2satMg/L: Nitrogen Saturation [mg/l]
# name 22 = par: PAR/Irradiance, Biospherical/Licor
# name 23 = wetStar: Fluorescence, WET Labs WETstar [mg/m^3]
# name 24 = CStarAt0: Beam Attenuation, WET Labs C-Star [1/m]
# name 25 = CStarTr0: Beam Transmission, WET Labs C-Star [%]
# name 26 = flag: flag
# span 0 =        128,        509       
# span 1 = 337.668574, 337.669677       
# span 2 =    0.00884,    0.03529       
# span 3 =     0.5303,     2.1174       
# span 4 =     31.818,    127.047       
# span 5 =      1.008,     63.591       
# span 6 =  49687.207,  49971.152       
# span 7 =    31.0356,    31.2956       
# span 8 =     6.1301,     6.6581       
# span 9 =      1.000,     63.000       
# span 10 =     6.2362,     6.6597      
# span 11 =    24.4056,    24.5465      
# span 12 =     6.0307,     6.1398      
# span 13 =     8.6185,     8.7744      
# span 14 =     86.087,     87.032      
# span 15 =    262.890,    267.674      
# span 16 =    269.330,    274.203      
# span 17 =   -0.00426,    0.00188      
# span 18 =    6.97258,    7.07186      
# span 19 =    9.96451,   10.10640      
# span 20 =  303.93491,  308.30919      
# span 21 =   15.66851,   15.87804      
# span 22 = 3.5064e-02, 3.0217e+00      
# span 23 =     0.2533,     0.4221      
# span 24 =     0.4026,     4.7753      
# span 25 =    40.8508,    86.0359      
# span 26 = 0.0000e+00, 0.0000e+00      
# interval = meters: 1                  
# start_time = Dec 03 2013 16:02:13 [Instrument's time stamp, header]
# bad_flag = -9.990e-29
*END*
[from data line 54]
        483 337.669601    0.03346     2.0080    120.481     55.527  49938.217    31.2731     6.6392     55.000     6.6368    24.5311     6.0470     8.6418     86.674    263.593    270.059   -0.00131    6.97668    9.97038  304.11834   15.67736 3.6382e-02     0.3835     0.6650    84.6819 0.0000e+00
        486 337.669609    0.03369     2.0215    121.293     56.535  49950.772    31.2823     6.6445     56.000     6.6438    24.5376     6.0426     8.6355     86.627    263.400    269.863   -0.00178    6.97542    9.96857  304.06113   15.67458 3.6382e-02     0.3764     0.6826    84.3113 0.0000e+00
        490 337.669620    0.03393     2.0354    122.125     57.547  49946.755    31.2800     6.6498     57.000     6.6462    24.5352     6.0552     8.6534     86.817    263.948    270.424    0.00004    6.97466    9.96749  304.02889   15.67306 3.6382e-02     0.4019     0.6826    84.3125 0.0000e+00
        493 337.669629    0.03416     2.0491    122.947     58.554  49948.408    31.2810     6.6517     58.000     6.6475    24.5357     6.0683     8.6722     87.009    264.518    271.008    0.00188    6.97429    9.96697  304.01286   15.67229 3.6382e-02     0.3871     0.7085    83.7676 0.0000e+00
        496 337.669638    0.03438     2.0629    123.776     59.566  49944.548    31.2780     6.6524     59.000     6.6462    24.5333     6.0681     8.6718     87.006    264.510    270.999    0.00154    6.97432    9.96700  304.01465   15.67239 3.6382e-02     0.3910     0.7144    83.6441 0.0000e+00
        499 337.669648    0.03461     2.0766    124.596     60.575  49947.523    31.2792     6.6508     60.000     6.6455    24.5346     6.0625     8.6639     86.923    264.265    270.748    0.00020    6.97453    9.96730  304.02340   15.67280 3.6382e-02     0.3853     0.7170    83.5896 0.0000e+00
        503 337.669658    0.03483     2.0901    125.407     61.584  49950.368    31.2808     6.6507     61.000     6.6464    24.5358     6.0640     8.6660     86.945    264.332    270.817    0.00005    6.97447    9.96722  304.02062   15.67266 3.6382e-02     0.3792     0.7131    83.6709 0.0000e+00
        506 337.669667    0.03506     2.1038    126.229     62.597  49961.534    31.2884     6.6530     62.000     6.6511    24.5415     6.0691     8.6734     87.028    264.555    271.048    0.00076    6.97375    9.96618  303.98727   15.67104 3.6382e-02     0.4010     0.7229    83.4655 0.0000e+00
        509 337.669677    0.03529     2.1174    127.047     63.591  49971.152    31.2956     6.6581     63.000     6.6597    24.5465     6.0684     8.6724     87.032    264.522    271.015    0.00063    6.97258    9.96451  303.93491   15.66851 3.6382e-02     0.4221     0.7464    82.9778 0.0000e+00
