CTD-processing/allCTD/CNV/2013_04-21_t9_s06_cast136_5028.cnv
* Sea-Bird SBE19plus Data File:
* FileName = C:\Documents and Settings\kris.holderied.local\My Documents\2012-2013-CTD-DATA-new-files\2013-04-EVOSTC-CookInlet-Ocean\2013-04-21-CookInlet-Tran9-cast136.hex
* Software Version 1.54
* Temperature SN =  5028
* Conductivity SN =  5028
* System UpLoad Time = May 21 2013 10:04:39
** Cook Inlet LTM Transect 9 (Homer Spit)
** Date:  2013-04-21
** Station: 9-06
** Start time (AKDT-24 hr): 1518
** Depth (m): 99
** Comment:Flow meter start 0092593 end 0096087 40L filtered
** Comment:
# nquan = 27
# nvalues = 93                          
# units = specified
# name 0 = scan: Scan Count
# name 1 = timeJ: Julian Days
# name 2 = timeH: Time, Elapsed [hours]
# name 3 = timeM: Time, Elapsed [minutes]
# name 4 = timeS: Time, Elapsed [seconds]
# name 5 = prdM: Pressure, Strain Gauge [db]
# name 6 = specc: Specific Conductance [uS/cm]
# name 7 = sal00: Salinity, Practical [PSU]
# name 8 = tv290C: Temperature [ITS-90, deg C]
# name 9 = depSM: Depth [salt water, m], lat = 59.00
# name 10 = potemp090C: Potential Temperature [ITS-90, deg C]
# name 11 = sigma-é00: Density [sigma-theta, kg/m^3]
# name 12 = sbeox0ML/L: Oxygen, SBE 43 [ml/l]
# name 13 = sbeox0Mg/L: Oxygen, SBE 43 [mg/l]
# name 14 = sbeox0PS: Oxygen, SBE 43 [% saturation]
# name 15 = sbox0Mm/Kg: Oxygen, SBE 43 [umol/kg]
# name 16 = sbeox0Mm/L: Oxygen, SBE 43 [umol/l]
# name 17 = sbox0dV/dT: Oxygen, SBE 43 [dov/dt]
# name 18 = oxsolML/L: Oxygen Saturation, Garcia & Gordon [ml/l]
# name 19 = oxsolMg/L: Oxygen Saturation, Garcia & Gordon [mg/l]
# name 20 = oxsolMm/Kg: Oxygen Saturation, Garcia & Gordon [umol/kg]
# name 21 = potemp090C: Potential Temperature [ITS-90, deg C]
# name 22 = n2satMg/L: Nitrogen Saturation [mg/l]
# name 23 = par: PAR/Irradiance, Biospherical/Licor
# name 24 = flECO-AFL: Fluorescence, WET Labs ECO-AFL/FL [mg/m^3]
# name 25 = turbWETntu0: Turbidity, WET Labs ECO [NTU]
# name 26 = flag: flag
# span 0 =        164,       1234       
# span 1 = 111.639697, 111.642793       
# span 2 =    0.01134,    0.08565       
# span 3 =     0.6803,     5.1388       
# span 4 =     40.817,    308.327       
# span 5 =      1.010,     93.899       
# span 6 =  49152.705,  51928.291       
# span 7 =    30.1543,    31.9125       
# span 8 =     3.2996,     3.4423       
# span 9 =      1.000,     93.000       
# span 10 =     3.2981,     3.4418      
# span 11 =    23.9870,    25.3881      
# span 12 =     6.7480,     8.1658      
# span 13 =     9.6436,    11.6697      
# span 14 =     88.821,    108.717      
# span 15 =    294.347,    355.657      
# span 16 =    301.366,    364.683      
# span 17 =   -0.00112,    0.00504      
# span 18 =    7.50481,    7.59946      
# span 19 =   10.72512,   10.86039      
# span 20 =  326.89624,  331.49794      
# span 21 =     3.2981,     3.4420      
# span 22 =   16.75942,   16.98473      
# span 23 = 3.7907e-02, 9.2473e+01      
# span 24 =     0.4385,     0.7087      
# span 25 =     0.6669,     3.4829      
# span 26 = 0.0000e+00, 0.0000e+00      
# interval = meters: 1                  
# start_time = Apr 21 2013 15:20:29 [Instrument's time stamp, header]
# bad_flag = -9.990e-29
*END*
[from data line 54]
        893 111.641806    0.06196     3.7178    223.068     55.526  51874.045    31.8881     3.3583     55.000     3.3552    25.3710     8.0432    11.4945    107.015    350.320    359.208   -0.00018    7.51593   10.74101  327.35603     3.3551   16.78092 5.1047e-02     0.5342     0.7257 0.0000e+00
        904 111.641836    0.06269     3.7612    225.674     56.536  51876.087    31.8893     3.3595     56.000     3.3567    25.3719     8.0523    11.5075    107.141    350.718    359.616    0.00015    7.51565   10.74062  327.34364     3.3562   16.78033 4.8263e-02     0.5466     0.7270 0.0000e+00
        914 111.641867    0.06343     3.8056    228.335     57.546  51878.575    31.8912     3.3625     57.000     3.3595    25.3731     8.0472    11.5001    107.081    350.492    359.385   -0.00008    7.51499   10.73968  327.31456     3.3591   16.77894 4.5901e-02     0.5604     0.7586 0.0000e+00
        925 111.641899    0.06420     3.8518    231.110     58.556  51879.670    31.8919     3.3642     58.000     3.3610    25.3735     8.0385    11.4879    106.971    350.117    359.000   -0.00034    7.51465   10.73918  327.29929     3.3608   16.77821 4.3785e-02     0.5648     0.7488 0.0000e+00
        936 111.641931    0.06496     3.8979    233.873     59.565  51880.868    31.8925     3.3655     59.000     3.3623    25.3739     8.0466    11.4994    107.083    350.469    359.361    0.00003    7.51438   10.73880  327.28746     3.3620   16.77765 4.2063e-02     0.5513     0.7479 0.0000e+00
        947 111.641962    0.06571     3.9425    236.549     60.575  51881.398    31.8926     3.3666     60.000     3.3632    25.3739     8.0565    11.5135    107.218    350.898    359.803    0.00031    7.51415   10.73848  327.27801     3.3631   16.77720 4.0506e-02     0.5496     0.7383 0.0000e+00
        955 111.641986    0.06628     3.9769    238.613     61.584  51882.248    31.8927     3.3668     61.000     3.3633    25.3740     8.0539    11.5098    107.183    350.787    359.688    0.00009    7.51411   10.73842  327.27595     3.3632   16.77710 3.9184e-02     0.5535     0.7423 0.0000e+00
        965 111.642013    0.06693     4.0157    240.944     62.594  51883.189    31.8930     3.3674     62.000     3.3639    25.3741     8.0553    11.5118    107.203    350.845    359.747    0.00006    7.51399   10.73824  327.27063     3.3638   16.77685 3.8132e-02     0.5483     0.7549 0.0000e+00
        982 111.642064    0.06814     4.0886    245.318     63.605  51884.226    31.8933     3.3680     63.000     3.3645    25.3744     8.0522    11.5074    107.165    350.713    359.612   -0.00005    7.51386   10.73805  327.26471     3.3643   16.77656 3.7907e-02     0.5523     0.7751 0.0000e+00
       1000 111.642114    0.06934     4.1606    249.635     64.614  51885.943    31.8946     3.3703     64.000     3.3667    25.3752     8.0579    11.5156    107.248    350.961    359.867    0.00007    7.51339   10.73739  327.24411     3.3665   16.77558 3.7912e-02     0.5479     0.7605 0.0000e+00
       1016 111.642160    0.07046     4.2275    253.652     65.624  51886.907    31.8951     3.3717     65.000     3.3679    25.3754     8.0848    11.5540    107.610    352.131    361.067    0.00081    7.51309   10.73696  327.23089     3.3678   16.77495 3.7912e-02     0.5611     0.7727 0.0000e+00
       1028 111.642198    0.07135     4.2811    256.869     66.633  51887.611    31.8951     3.3722     66.000     3.3683    25.3755     8.0789    11.5455    107.532    351.874    360.803    0.00023    7.51300   10.73683  327.22725     3.3682   16.77478 3.7912e-02     0.5537     0.7590 0.0000e+00
       1039 111.642227    0.07205     4.3231    259.384     67.643  51888.491    31.8953     3.3723     67.000     3.3684    25.3755     8.0761    11.5415    107.495    351.753    360.679    0.00004    7.51298   10.73679  327.22586     3.3683   16.77471 3.7912e-02     0.5759     0.7154 0.0000e+00
       1050 111.642259    0.07282     4.3690    262.138     68.653  51889.472    31.8955     3.3726     68.000     3.3686    25.3757     8.0831    11.5515    107.589    352.057    360.991    0.00021    7.51291   10.73670  327.22303     3.3685   16.77457 3.7912e-02     0.5638     0.7346 0.0000e+00
       1060 111.642290    0.07356     4.4138    264.828     69.663  51890.080    31.8954     3.3729     69.000     3.3687    25.3756     8.0887    11.5595    107.664    352.299    361.239    0.00027    7.51286   10.73663  327.22102     3.3687   16.77448 3.7912e-02     0.5689     0.7254 0.0000e+00
       1070 111.642318    0.07425     4.4552    267.310     70.673  51891.092    31.8957     3.3731     70.000     3.3690    25.3758     8.0891    11.5601    107.671    352.318    361.258    0.00017    7.51281   10.73656  327.21855     3.3689   16.77436 3.7912e-02     0.5586     0.7328 0.0000e+00
       1079 111.642345    0.07488     4.4931    269.583     71.683  51891.978    31.8960     3.3741     71.000     3.3700    25.3760     8.0884    11.5591    107.664    352.287    361.226    0.00006    7.51261   10.73628  327.20994     3.3698   16.77395 3.7912e-02     0.5705     0.8156 0.0000e+00
       1086 111.642364    0.07535     4.5208    271.246     72.692  51892.199    31.8957     3.3743     72.000     3.3699    25.3757     8.0926    11.5652    107.721    352.472    361.416    0.00015    7.51260   10.73625  327.20931     3.3700   16.77392 3.7912e-02     0.5628     0.7451 0.0000e+00
       1093 111.642384    0.07583     4.5500    273.001     73.702  51892.904    31.8956     3.3740     73.000     3.3697    25.3756     8.1003    11.5761    107.822    352.806    361.758    0.00034    7.51264   10.73631  327.21129     3.3697   16.77402 3.7912e-02     0.5574     0.7247 0.0000e+00
       1100 111.642405    0.07632     4.5791    274.744     74.712  51894.609    31.8965     3.3751     74.000     3.3712    25.3763     8.0961    11.5702    107.770    352.625    361.573    0.00009    7.51240   10.73597  327.20049     3.3707   16.77350 3.7912e-02     0.5893     0.6988 0.0000e+00
       1107 111.642426    0.07682     4.6094    276.563     75.722  51896.151    31.8975     3.3770     75.000     3.3735    25.3770     8.0976    11.5722    107.795    352.687    361.637    0.00008    7.51198   10.73537  327.18209     3.3726   16.77263 3.7912e-02     0.5863     0.6991 0.0000e+00
       1114 111.642446    0.07731     4.6384    278.306     76.732  51896.802    31.8981     3.3798     76.000     3.3758    25.3772     8.1136    11.5952    108.017    353.386    362.354    0.00059    7.51144   10.73460  327.15872     3.3752   16.77151 3.7912e-02     0.5755     0.7010 0.0000e+00
       1121 111.642465    0.07779     4.6671    280.027     77.741  51899.001    31.8998     3.3825     77.000     3.3786    25.3783     8.1320    11.6215    108.270    354.188    363.176    0.00107    7.51085   10.73375  327.13225     3.3780   16.77024 3.7912e-02     0.6011     0.6915 0.0000e+00
       1128 111.642486    0.07826     4.6957    281.745     78.751  51898.617    31.8992     3.3833     78.000     3.3784    25.3778     8.1499    11.6471    108.511    354.968    363.976    0.00137    7.51073   10.73359  327.12741     3.3787   16.77002 3.7912e-02     0.6000     0.6871 0.0000e+00
       1135 111.642507    0.07877     4.7262    283.572     79.761  51900.619    31.8997     3.3818     79.000     3.3765    25.3783     8.1658    11.6697    108.717    355.657    364.683    0.00152    7.51099   10.73397  327.13889     3.3770   16.77056 3.7912e-02     0.6017     0.6785 0.0000e+00
       1142 111.642527    0.07925     4.7550    285.298     80.771  51902.320    31.8998     3.3799     80.000     3.3746    25.3786     8.1635    11.6665    108.682    355.558    364.581    0.00102    7.51134   10.73445  327.15357     3.3751   16.77126 3.7912e-02     0.5879     0.6676 0.0000e+00
       1150 111.642548    0.07975     4.7854    287.125     81.781  51904.011    31.9001     3.3786     81.000     3.3737    25.3790     8.1526    11.6509    108.534    355.084    364.096    0.00034    7.51156   10.73476  327.16290     3.3738   16.77170 3.7912e-02     0.5668     0.6928 0.0000e+00
       1156 111.642567    0.08021     4.8127    288.764     82.790  51905.187    31.9004     3.3786     82.000     3.3737    25.3791     8.1425    11.6364    108.400    354.643    363.644   -0.00012    7.51155   10.73475  327.16241     3.3737   16.77168 3.7912e-02     0.5747     0.7117 0.0000e+00
       1164 111.642589    0.08075     4.8451    290.703     83.801  51907.298    31.9015     3.3795     83.000     3.3755    25.3800     8.1374    11.6291    108.335    354.420    363.415   -0.00030    7.51132   10.73442  327.15223     3.3746   16.77119 3.7912e-02     0.5763     0.6837 0.0000e+00
       1170 111.642606    0.08116     4.8699    292.195     84.810  51908.763    31.9029     3.3832     84.000     3.3793    25.3808     8.1437    11.6381    108.429    354.694    363.697   -0.00002    7.51057   10.73335  327.11939     3.3782   16.76962 3.7912e-02     0.5828     0.6883 0.0000e+00
       1177 111.642627    0.08166     4.8994    293.964     85.820  51908.427    31.9032     3.3869     85.000     3.3822    25.3806     8.1509    11.6485    108.536    355.011    364.021    0.00022    7.50987   10.73236  327.08920     3.3818   16.76818 3.7912e-02     0.5943     0.6736 0.0000e+00
       1184 111.642649    0.08217     4.9306    295.833     86.830  51907.839    31.9020     3.3856     86.000     3.3794    25.3797     8.1601    11.6617    108.655    355.412    364.432    0.00043    7.51017   10.73278  327.10243     3.3805   16.76882 3.7912e-02     0.5939     0.6669 0.0000e+00
       1191 111.642669    0.08267     4.9599    297.595     87.840  51912.841    31.9039     3.3819     87.000     3.3763    25.3816     8.1635    11.6664    108.690    355.556    364.580    0.00038    7.51075   10.73361  327.12702     3.3767   16.76998 3.7912e-02     0.5753     0.6782 0.0000e+00
       1199 111.642690    0.08317     4.9899    299.396     88.850  51918.669    31.9074     3.3823     88.000     3.3774    25.3844     8.1424    11.6364    108.414    354.640    363.642   -0.00045    7.51051   10.73327  327.11572     3.3770   16.76942 3.7912e-02     0.5651     0.7295 0.0000e+00
       1206 111.642712    0.08370     5.0222    301.335     89.859  51920.454    31.9083     3.3832     89.000     3.3781    25.3851     8.1235    11.6093    108.165    353.812    362.793   -0.00099    7.51028   10.73295  327.10567     3.3779   16.76895 3.7912e-02     0.5855     0.7912 0.0000e+00
       1213 111.642733    0.08420     5.0520    303.120     90.869  51922.919    31.9098     3.3845     90.000     3.3795    25.3862     8.1131    11.5945    108.031    353.362    362.332   -0.00112    7.50997   10.73250  327.09182     3.3791   16.76828 3.7912e-02     0.5710     0.8703 0.0000e+00
       1220 111.642753    0.08467     5.0803    304.817     91.879  51923.909    31.9102     3.3856     91.000     3.3803    25.3864     8.1181    11.6016    108.101    353.579    362.555   -0.00070    7.50976   10.73220  327.08245     3.3801   16.76784 3.7912e-02     0.5860     0.8744 0.0000e+00
       1227 111.642771    0.08512     5.1069    306.414     92.889  51925.942    31.9113     3.3864     92.000     3.3811    25.3872     8.1185    11.6022    108.110    353.597    362.574   -0.00055    7.50955   10.73190  327.07322     3.3809   16.76739 3.7912e-02     0.5711     0.8738 0.0000e+00
       1234 111.642793    0.08565     5.1388    308.327     93.899  51928.291    31.9125     3.3870     93.000     3.3814    25.3881     8.1180    11.6014    108.105    353.574    362.551   -0.00045    7.50938   10.73166  327.06538     3.3814   16.76701 3.7912e-02     0.5640     0.9188 0.0000e+00
