CTD-processing/allCTD/CNV/2013_04-20_t3_s16_cast106_5028.cnv
* Sea-Bird SBE19plus Data File:
* FileName = C:\Documents and Settings\kris.holderied.local\My Documents\2012-2013-CTD-DATA-new-files\2013-04-EVOSTC-CookInlet-Ocean\2013-04-CookInlet-Tran3-AnchorPt\2013-04-20-CookInlet-Tran3-cast106.hex
* Software Version 1.54
* Temperature SN =  5028
* Conductivity SN =  5028
* System UpLoad Time = Apr 20 2013 23:31:20
** Cook Inlet LTM Transect 3 (Anchor Pt) East to West
** Date:  2013-04-20
** Station:  3-16
** Start time (AKDT-24 hr):  1809
** Depth (m): 9
** Comment:
# nquan = 27
# nvalues = 10                          
# units = specified
# name 0 = scan: Scan Count
# name 1 = timeJ: Julian Days
# name 2 = timeH: Time, Elapsed [hours]
# name 3 = timeM: Time, Elapsed [minutes]
# name 4 = timeS: Time, Elapsed [seconds]
# name 5 = prdM: Pressure, Strain Gauge [db]
# name 6 = specc: Specific Conductance [uS/cm]
# name 7 = sal00: Salinity, Practical [PSU]
# name 8 = tv290C: Temperature [ITS-90, deg C]
# name 9 = depSM: Depth [salt water, m], lat = 59.00
# name 10 = potemp090C: Potential Temperature [ITS-90, deg C]
# name 11 = sigma-é00: Density [sigma-theta, kg/m^3]
# name 12 = sbeox0ML/L: Oxygen, SBE 43 [ml/l]
# name 13 = sbeox0Mg/L: Oxygen, SBE 43 [mg/l]
# name 14 = sbeox0PS: Oxygen, SBE 43 [% saturation]
# name 15 = sbox0Mm/Kg: Oxygen, SBE 43 [umol/kg]
# name 16 = sbeox0Mm/L: Oxygen, SBE 43 [umol/l]
# name 17 = sbox0dV/dT: Oxygen, SBE 43 [dov/dt]
# name 18 = oxsolML/L: Oxygen Saturation, Garcia & Gordon [ml/l]
# name 19 = oxsolMg/L: Oxygen Saturation, Garcia & Gordon [mg/l]
# name 20 = oxsolMm/Kg: Oxygen Saturation, Garcia & Gordon [umol/kg]
# name 21 = potemp090C: Potential Temperature [ITS-90, deg C]
# name 22 = n2satMg/L: Nitrogen Saturation [mg/l]
# name 23 = par: PAR/Irradiance, Biospherical/Licor
# name 24 = flECO-AFL: Fluorescence, WET Labs ECO-AFL/FL [mg/m^3]
# name 25 = turbWETntu0: Turbidity, WET Labs ECO [NTU]
# name 26 = flag: flag
# span 0 =        137,        420       
# span 1 = 110.756111, 110.756931       
# span 2 =    0.00945,    0.02912       
# span 3 =     0.5670,     1.7467       
# span 4 =     34.018,    104.804       
# span 5 =      1.010,     10.095       
# span 6 =  46318.164,  52270.887       
# span 7 =    28.6533,    32.1161       
# span 8 =     3.0850,     5.3934       
# span 9 =      1.000,     10.000       
# span 10 =     3.1597,     4.4735      
# span 11 =    22.6125,    25.5766      
# span 12 =     7.7780,     8.9621      
# span 13 =    11.1155,    12.8077      
# span 14 =    106.176,    118.898      
# span 15 =    339.665,    390.354      
# span 16 =    347.364,    400.247      
# span 17 =    0.00125,    0.00611      
# span 18 =    7.31891,    7.55371      
# span 19 =   10.45945,   10.79500      
# span 20 =  319.64740,  328.93658      
# span 21 =     3.0848,     5.3934      
# span 22 =   16.42848,   16.85505      
# span 23 = 9.5341e+00, 3.4156e+02      
# span 24 =     1.1289,     2.7120      
# span 25 =     1.1330,     1.2017      
# span 26 = 0.0000e+00, 0.0000e+00      
# interval = meters: 1                  
# start_time = Apr 20 2013 18:08:14 [Instrument's time stamp, header]
# bad_flag = -9.990e-29
*END*
        137 110.756111    0.00945     0.5670     34.018      1.010  46318.164    28.6533     5.3934      1.000     4.4735    22.6125     7.7780    11.1155    106.176    339.665    347.364    0.00125    7.31891   10.45945  319.64740     5.3934   16.42848 3.4156e+02     1.1289     1.1929 0.0000e+00
        396 110.756861    0.02743     1.6459     98.755      2.019  52270.887    32.1161     3.0850      2.000     3.1597    25.5766     8.7981    12.5733    116.507    383.133    392.921    0.00494    7.55371   10.79500  328.93658     3.0848   16.85505 2.9343e+02     2.0781     1.1397 0.0000e+00
        383 110.756822    0.02651     1.5905     95.429      3.028  51808.824    31.8458     3.2603      3.000     3.2603    25.3456     8.7358    12.4844    115.917    380.498    390.142    0.00396    7.53630   10.77013  328.25166     3.2602   16.82366 1.7681e+02     2.0401     1.1649 0.0000e+00
        388 110.756837    0.02688     1.6125     96.752      4.038  51808.960    31.8455     3.2609      4.000     3.2607    25.3453     8.7529    12.5087    116.145    381.242    390.905    0.00377    7.53621   10.77000  328.24777     3.2607   16.82347 1.1053e+02     2.1686     1.1343 0.0000e+00
        393 110.756851    0.02720     1.6322     97.933      5.047  51808.939    31.8449     3.2607      5.000     3.2600    25.3449     8.7640    12.5246    116.291    381.724    391.399    0.00345    7.53628   10.77010  328.25101     3.2604   16.82363 6.8899e+01     2.3220     1.1330 0.0000e+00
        398 110.756866    0.02755     1.6531     99.189      6.057  51809.584    31.8445     3.2597      6.000     3.2588    25.3447     8.7713    12.5350    116.384    382.042    391.725    0.00302    7.53650   10.77041  328.26030     3.2593   16.82407 4.3620e+01     2.4543     1.1537 0.0000e+00
        403 110.756881    0.02792     1.6751    100.506      7.066  51809.329    31.8434     3.2579      7.000     3.2562    25.3439     8.7949    12.5688    116.691    383.071    392.779    0.00316    7.53687   10.77094  328.27686     3.2576   16.82486 2.8590e+01     2.5359     1.1730 0.0000e+00
        409 110.756897    0.02830     1.6980    101.878      8.076  51812.234    31.8440     3.2546      8.000     3.2536    25.3447     8.8520    12.6503    117.440    385.557    395.329    0.00446    7.53745   10.77177  328.30184     3.2542   16.82605 1.9514e+01     2.6724     1.2017 0.0000e+00
        414 110.756913    0.02869     1.7213    103.279      9.085  51814.053    31.8444     3.2536      9.000     3.2529    25.3451     8.9161    12.7420    118.287    388.350    398.192    0.00575    7.53763   10.77202  328.30943     3.2531   16.82641 1.3599e+01     2.7120     1.1873 0.0000e+00
        420 110.756931    0.02912     1.7467    104.804     10.095  51815.600    31.8449     3.2534     10.000     3.2530    25.3455     8.9621    12.8077    118.898    390.354    400.247    0.00611    7.53765   10.77205  328.31006     3.2528   16.82644 9.5341e+00     2.6971     1.1565 0.0000e+00
