CTD-processing/allCTD/CNV/2013_06-19_t9_s10_cast188_5028.cnv
* Sea-Bird SBE19plus Data File:
* FileName = C:\Documents and Settings\kbayadmin\My Documents\CTD data\2013-06-19 Kachemak Bay Homer Spit Line\2013-06-06 Kachemak Bay Homer Spit Line cast188.hex
* Software Version 1.59
* Temperature SN =  5028
* Conductivity SN =  5028
* System UpLoad Time = Jun 19 2013 15:49:21
** Kachemak Bay All Bay Inner Bay
** 2013-06-06
** Station: 9-10
** N': 59 35.767
** W': 151 24.228
** Start Time: 1242
** Depth(ft): 202
# nquan = 27
# nvalues = 56                          
# units = specified
# name 0 = scan: Scan Count
# name 1 = timeJ: Julian Days
# name 2 = timeH: Time, Elapsed [hours]
# name 3 = timeM: Time, Elapsed [minutes]
# name 4 = timeS: Time, Elapsed [seconds]
# name 5 = prdM: Pressure, Strain Gauge [db]
# name 6 = specc: Specific Conductance [uS/cm]
# name 7 = sal00: Salinity, Practical [PSU]
# name 8 = tv290C: Temperature [ITS-90, deg C]
# name 9 = depSM: Depth [salt water, m], lat = 59.00
# name 10 = potemp090C: Potential Temperature [ITS-90, deg C]
# name 11 = sigma-é00: Density [sigma-theta, kg/m^3]
# name 12 = sbeox0ML/L: Oxygen, SBE 43 [ml/l]
# name 13 = sbeox0Mg/L: Oxygen, SBE 43 [mg/l]
# name 14 = sbeox0PS: Oxygen, SBE 43 [% saturation]
# name 15 = sbox0Mm/Kg: Oxygen, SBE 43 [umol/kg]
# name 16 = sbeox0Mm/L: Oxygen, SBE 43 [umol/l]
# name 17 = sbox0dV/dT: Oxygen, SBE 43 [dov/dt]
# name 18 = oxsolML/L: Oxygen Saturation, Garcia & Gordon [ml/l]
# name 19 = oxsolMg/L: Oxygen Saturation, Garcia & Gordon [mg/l]
# name 20 = oxsolMm/Kg: Oxygen Saturation, Garcia & Gordon [umol/kg]
# name 21 = potemp090C: Potential Temperature [ITS-90, deg C]
# name 22 = n2satMg/L: Nitrogen Saturation [mg/l]
# name 23 = par: PAR/Irradiance, Biospherical/Licor
# name 24 = flECO-AFL: Fluorescence, WET Labs ECO-AFL/FL [mg/m^3]
# name 25 = turbWETntu0: Turbidity, WET Labs ECO [NTU]
# name 26 = flag: flag
# span 0 =        302,        587       
# span 1 = 170.530234, 170.531059       
# span 2 =    0.02089,    0.04069       
# span 3 =     1.2535,     2.4413       
# span 4 =     75.209,    146.481       
# span 5 =      1.010,     56.536       
# span 6 =  42444.505,  51007.474       
# span 7 =    26.8643,    31.7366       
# span 8 =     5.1764,    13.3227       
# span 9 =      1.000,     56.000       
# span 10 =     5.1645,    13.2348      
# span 11 =    20.0398,    25.0593      
# span 12 =     6.2441,     8.6129      
# span 13 =     8.9235,    12.3087      
# span 14 =     98.574,    129.924      
# span 15 =    272.922,    375.365      
# span 16 =    278.862,    384.653      
# span 17 =   -0.06951,    0.05487      
# span 18 =    6.19443,    7.19969      
# span 19 =    8.85247,   10.28908      
# span 20 =  271.20891,  313.67763      
# span 21 =     5.1722,    13.3227      
# span 22 =   14.12186,   16.13093      
# span 23 = 4.4025e-02, 1.1619e+02      
# span 24 =     0.6637,     2.1148      
# span 25 =     0.5222,     7.5968      
# span 26 = 0.0000e+00, 0.0000e+00      
# interval = meters: 1                  
# start_time = Jun 19 2013 12:42:17 [Instrument's time stamp, header]
# bad_flag = -9.990e-29
*END*
        302 170.530234    0.02089     1.2535     75.209      1.010  42444.505    26.8643    13.3227      1.000    13.2348    20.0398     7.1810    10.2624    115.941    314.408    320.703    0.01485    6.19443    8.85247  271.20891    13.3227   14.12186 1.1619e+02     1.1337     7.5968 0.0000e+00
        310 170.530258    0.02146     1.2878     77.267      2.019  43452.319    27.5374    12.8895      2.000    12.7822    20.6403     8.0874    11.5577    129.924    353.879    361.184    0.05487    6.22473    8.89577  272.37445    12.8893   14.17507 6.6464e+01     1.3165     6.8283 0.0000e+00
        316 170.530274    0.02186     1.3117     78.701      3.028  44232.061    28.0506    12.4835      3.000    12.2058    21.1112     6.5574     9.3713    104.866    286.818    292.855   -0.04786    6.25823    8.94364  273.71373    12.4831   14.23721 3.9851e+01     1.4087     5.8591 0.0000e+00
        321 170.530288    0.02220     1.3320     79.917      4.038  45248.098    28.6971    11.7516      4.000    11.3543    21.7419     6.2441     8.9235     98.574    272.922    278.862   -0.06951    6.33090    9.04749  276.72028    11.7512   14.37866 2.6090e+01     1.5009     4.5751 0.0000e+00
        326 170.530304    0.02258     1.3547     81.283      5.048  46689.017    29.5565    10.3467      5.000     9.7236    22.6446     7.0867    10.1276    109.124    309.477    316.492   -0.01073    6.49195    9.27764  283.50687    10.3462   14.69998 1.8183e+01     1.6427     3.4232 0.0000e+00
        332 170.530322    0.02300     1.3801     82.806      6.057  48374.873    30.5467     8.7996      6.000     8.5710    23.6615     7.3848    10.5536    110.643    322.177    329.803   -0.00315    6.67372    9.53741  291.15734     8.7990   15.06175 1.3578e+01     1.9337     2.3224 0.0000e+00
        339 170.530342    0.02348     1.4087     84.521      7.066  48885.621    30.8387     8.3220      7.000     8.2506    23.9616     8.1898    11.7041    121.645    357.199    365.758    0.03192    6.73206    9.62080  293.61827     8.3213   15.17814 1.0397e+01     2.1148     1.5453 0.0000e+00
        346 170.530361    0.02395     1.4372     86.231      8.075  49141.491    30.9615     7.9600      8.000     7.8357    24.1093     8.5196    12.1754    125.621    371.529    380.486    0.03484    6.78211    9.69231  295.75826     7.9593   15.27981 8.0918e+00     1.9843     1.2480 0.0000e+00
        352 170.530380    0.02441     1.4644     87.865      9.085  49456.925    31.1343     7.6621      9.000     7.6090    24.2866     8.4691    12.1033    124.173    369.263    378.231    0.02003    6.82046    9.74711  297.37911     7.6613   15.35647 6.4729e+00     1.8318     0.9903 0.0000e+00
        358 170.530397    0.02480     1.4884     89.303     10.095  49713.389    31.2791     7.4585     10.000     7.3202    24.4280     8.5209    12.1772    124.469    371.469    380.543    0.01575    6.84584    9.78339  298.44478     7.4576   15.40672 5.1583e+00     1.8770     0.8197 0.0000e+00
        363 170.530412    0.02517     1.5101     90.604     11.104  50126.029    31.5033     7.0883     11.000     6.9679    24.6538     8.5455    12.2124    123.953    372.459    381.642    0.01025    6.89418    9.85247  300.48564     7.0873   15.50317 4.1330e+00     1.9784     0.7114 0.0000e+00
        368 170.530426    0.02551     1.5305     91.831     12.114  50293.499    31.5722     6.8203     12.000     6.7232    24.7430     8.6129    12.3087    124.216    375.365    384.653    0.00855    6.93381    9.90911  302.18694     6.8193   15.58403 3.3888e+00     1.8658     0.6412 0.0000e+00
        373 170.530440    0.02584     1.5504     93.025     13.123  50456.958    31.6503     6.6267     13.000     6.5802    24.8294     8.5696    12.2468    123.103    373.445    382.717    0.00355    6.96140    9.94854  303.36374     6.6256   15.63982 2.8126e+00     1.6207     0.6231 0.0000e+00
        379 170.530456    0.02624     1.5741     94.449     14.133  50554.948    31.6997     6.5273     14.000     6.5076    24.8809     8.3705    11.9623    120.005    364.753    373.828   -0.00669    6.97522    9.96828  303.95062     6.5261   15.66761 2.3307e+00     1.5356     0.6810 0.0000e+00
        386 170.530477    0.02672     1.6029     96.176     15.142  50576.845    31.7032     6.4671     15.000     6.4444    24.8913     8.2075    11.7293    117.505    357.645    366.547   -0.01209    6.98484    9.98203  304.36676     6.4658   15.68743 1.9382e+00     1.5801     0.7301 0.0000e+00
        393 170.530499    0.02725     1.6349     98.094     16.152  50578.369    31.6839     6.3609     16.000     6.3150    24.8892     8.1361    11.6274    116.181    354.536    363.360   -0.01225    7.00305   10.00806  305.16117     6.3596   15.72537 1.5903e+00     1.6125     0.7990 0.0000e+00
        398 170.530513    0.02760     1.6559     99.356     17.161  50620.919    31.6901     6.2410     17.000     6.1961    24.9090     8.1154    11.5978    115.565    353.625    362.434   -0.01165    7.02241   10.03573  305.99880     6.2396   15.76527 1.3119e+00     1.5071     0.8099 0.0000e+00
        403 170.530528    0.02794     1.6763    100.577     18.171  50694.993    31.7247     6.1564     18.000     6.1403    24.9467     8.1223    11.6075    115.460    353.912    362.741   -0.00967    7.03471   10.05330  306.52338     6.1550   15.79014 1.0986e+00     1.2734     0.6349 0.0000e+00
        409 170.530543    0.02830     1.6982    101.891     19.180  50714.376    31.7324     6.1290     19.000     6.1207    24.9561     8.1331    11.6230    115.546    354.381    363.225   -0.00738    7.03886   10.05924  306.70160     6.1275   15.79860 9.2585e-01     1.2270     0.5882 0.0000e+00
        414 170.530559    0.02869     1.7215    103.291     20.190  50722.552    31.7343     6.1116     20.000     6.1059    24.9596     8.1424    11.6363    115.632    354.784    363.640   -0.00553    7.04166   10.06323  306.82235     6.1100   15.80434 7.8134e-01     1.1568     0.5522 0.0000e+00
        421 170.530578    0.02914     1.7485    104.908     21.200  50729.012    31.7366     6.1031     21.000     6.1007    24.9625     8.1744    11.6820    116.065    356.177    365.068   -0.00286    7.04295   10.06507  306.87755     6.1014   15.80697 6.5771e-01     1.2249     0.6010 0.0000e+00
        427 170.530595    0.02955     1.7734    106.403     22.209  50725.235    31.7325     6.0979     22.000     6.0900    24.9599     8.1971    11.7144    116.369    357.165    366.079   -0.00132    7.04400   10.06659  306.92427     6.0961   15.80921 5.5485e-01     1.3313     0.7207 0.0000e+00
        432 170.530610    0.02991     1.7944    107.666     23.218  50688.934    31.6994     6.0595     23.000     6.0196    24.9384     8.2139    11.7384    116.477    357.905    366.830   -0.00075    7.05191   10.07789  307.27525     6.0577   15.82607 4.7203e-01     1.1394     0.6318 0.0000e+00
        436 170.530623    0.03024     1.8142    108.852     24.228  50733.758    31.7127     5.9711     24.000     5.9464    24.9595     8.1973    11.7148    116.012    357.177    366.092   -0.00203    7.06594   10.09794  307.88038     5.9692   15.85485 4.0270e-01     1.0435     0.5345 0.0000e+00
        441 170.530637    0.03056     1.8337    110.024     25.237  50760.609    31.7222     5.9274     25.000     5.9123    24.9722     8.1658    11.6698    115.455    355.801    364.686   -0.00339    7.07276   10.10767  308.17346     5.9255   15.86878 3.4502e-01     0.9627     0.5222 0.0000e+00
        446 170.530651    0.03089     1.8536    111.215     26.247  50766.695    31.7198     5.8969     26.000     5.8818    24.9740     8.1377    11.6296    114.972    354.574    363.430   -0.00424    7.07794   10.11508  308.39883     5.8949   15.87952 2.9653e-01     0.9097     0.5278 0.0000e+00
        451 170.530665    0.03123     1.8737    112.420     27.257  50774.690    31.7185     5.8648     27.000     5.8513    24.9768     8.1366    11.6280    114.869    354.527    363.381   -0.00381    7.08336   10.12283  308.63424     5.8626   15.89074 2.5526e-01     0.8929     0.5266 0.0000e+00
        456 170.530679    0.03157     1.8940    113.639     28.266  50788.069    31.7227     5.8418     28.000     5.8334    24.9829     8.1520    11.6500    115.027    355.194    364.068   -0.00264    7.08701   10.12804  308.79130     5.8395   15.89821 2.2031e-01     0.9075     0.5643 0.0000e+00
        460 170.530693    0.03191     1.9146    114.874     29.275  50795.041    31.7244     5.8284     29.000     5.8222    24.9858     8.1643    11.6676    115.167    355.731    364.619   -0.00173    7.08916   10.13111  308.88386     5.8262   15.90261 1.9088e-01     0.9288     0.6106 0.0000e+00
        465 170.530707    0.03223     1.9342    116.049     30.285  50797.647    31.7238     5.8192     30.000     5.8129    24.9865     8.1714    11.6777    115.240    356.038    364.934   -0.00121    7.09073   10.13337  308.95248     5.8168   15.90589 1.6587e-01     1.0379     0.6947 0.0000e+00
        470 170.530720    0.03255     1.9531    117.187     31.295  50803.999    31.7262     5.8116     31.000     5.8081    24.9893     8.1691    11.6746    115.191    355.941    364.836   -0.00117    7.09187   10.13500  309.00133     5.8092   15.90820 1.4499e-01     0.9030     0.5729 0.0000e+00
        474 170.530733    0.03287     1.9718    118.307     32.305  50808.967    31.7292     5.8119     32.000     5.8108    24.9916     8.1687    11.6738    115.186    355.918    364.813   -0.00102    7.09170   10.13475  308.99318     5.8093   15.90780 1.2793e-01     0.9477     0.5866 0.0000e+00
        479 170.530746    0.03318     1.9908    119.448     33.314  50801.255    31.7235     5.8121     33.000     5.8060    24.9870     8.1717    11.6782    115.226    356.054    364.950   -0.00077    7.09194   10.13508  309.00461     5.8095   15.90837 1.1313e-01     0.9057     0.5706 0.0000e+00
        484 170.530761    0.03354     2.0122    120.734     34.324  50805.253    31.7239     5.8027     34.000     5.7978    24.9884     8.1834    11.6949    115.365    356.559    365.469   -0.00025    7.09347   10.13728  309.07127     5.8001   15.91154 1.0145e-01     0.8647     0.5726 0.0000e+00
        490 170.530777    0.03394     2.0362    122.173     35.333  50809.458    31.7255     5.7986     35.000     5.7955    24.9902     8.1900    11.7044    115.449    356.849    365.767    0.00003    7.09410   10.13817  309.09771     5.7959   15.91279 9.1779e-02     0.9267     0.6004 0.0000e+00
        495 170.530794    0.03434     2.0602    123.613     36.343  50805.256    31.7217     5.7968     36.000     5.7903    24.9875     8.1827    11.6939    115.338    356.531    365.440   -0.00034    7.09457   10.13885  309.11940     5.7940   15.91384 8.3330e-02     0.8765     0.6013 0.0000e+00
        500 170.530808    0.03467     2.0805    124.832     37.352  50802.096    31.7163     5.7831     37.000     5.7730    24.9848     8.1778    11.6870    115.228    356.322    365.225   -0.00065    7.09714   10.14252  309.23205     5.7801   15.91923 7.6459e-02     0.8644     0.5646 0.0000e+00
        505 170.530821    0.03498     2.0990    125.937     38.362  50814.082    31.7215     5.7703     38.000     5.7653    24.9904     8.1774    11.6863    115.190    356.298    365.202   -0.00071    7.09902   10.14520  309.31206     5.7674   15.92303 7.0548e-02     0.8692     0.5673 0.0000e+00
        509 170.530833    0.03528     2.1165    126.993     39.372  50817.678    31.7229     5.7674     39.000     5.7639    24.9919     8.1741    11.6815    115.137    356.152    365.053   -0.00078    7.09943   10.14580  309.32989     5.7644   15.92387 6.5729e-02     0.8644     0.5845 0.0000e+00
        513 170.530846    0.03557     2.1345    128.068     40.382  50818.732    31.7230     5.7667     40.000     5.7634    24.9921     8.1689    11.6741    115.062    355.926    364.821   -0.00091    7.09954   10.14595  309.33436     5.7636   15.92408 6.1914e-02     0.8441     0.6271 0.0000e+00
        518 170.530859    0.03589     2.1538    129.231     41.391  50818.529    31.7223     5.7661     41.000     5.7618    24.9915     8.1631    11.6659    114.978    355.676    364.564   -0.00103    7.09969   10.14616  309.34122     5.7629   15.92441 5.8903e-02     0.8102     0.5828 0.0000e+00
        523 170.530873    0.03622     2.1734    130.402     42.401  50814.679    31.7182     5.7616     42.000     5.7518    24.9889     8.1633    11.6662    114.967    355.686    364.574   -0.00093    7.10062   10.14749  309.38253     5.7583   15.92640 5.6374e-02     0.8272     0.5686 0.0000e+00
        527 170.530886    0.03654     2.1924    131.546     43.411  50797.310    31.7003     5.7345     43.000     5.7042    24.9778     8.1619    11.6642    114.859    355.628    364.511   -0.00108    7.10602   10.15522  309.62132     5.7312   15.93784 5.4272e-02     0.8280     0.6210 0.0000e+00
        532 170.530900    0.03686     2.2119    132.712     44.420  50782.065    31.6729     5.6540     44.000     5.5928    24.9656     8.1404    11.6334    114.318    354.694    363.549   -0.00246    7.12089   10.17646  310.27263     5.6505   15.96898 5.2351e-02     0.8120     0.6739 0.0000e+00
        536 170.530912    0.03717     2.2303    133.818     45.429  50794.499    31.6503     5.5041     45.000     5.4250    24.9649     8.0797    11.5466    113.048    352.048    360.837   -0.00574    7.14730   10.21420  311.42375     5.5006   16.02390 5.0728e-02     0.8045     0.7205 0.0000e+00
        541 170.530925    0.03748     2.2486    134.918     46.439  50898.255    31.6909     5.3570     46.000     5.3162    25.0136     7.9771    11.4001    111.253    347.564    356.258   -0.01016    7.17033   10.24711  312.41223     5.3536   16.07080 4.9436e-02     0.7419     0.7422 0.0000e+00
        545 170.530938    0.03778     2.2669    136.015     47.449  50958.117    31.7186     5.2950     47.000     5.2803    25.0426     7.9242    11.3244    110.371    345.248    353.894   -0.01113    7.17958   10.26034  312.80656     5.2915   16.08947 4.8304e-02     0.6753     0.7711 0.0000e+00
        549 170.530950    0.03808     2.2847    137.079     48.458  50975.771    31.7268     5.2784     48.000     5.2714    25.0509     7.9203    11.3189    110.280    345.076    353.721   -0.00956    7.18201   10.26381  312.90978     5.2749   16.09435 4.7361e-02     0.6959     0.8095 0.0000e+00
        554 170.530962    0.03837     2.3022    138.132     49.468  50978.136    31.7264     5.2712     49.000     5.2642    25.0514     7.9227    11.3224    110.295    345.184    353.830   -0.00789    7.18326   10.26560  312.96426     5.2676   16.09695 4.6641e-02     0.7126     0.8388 0.0000e+00
        558 170.530974    0.03866     2.3195    139.168     50.478  50982.409    31.7275     5.2648     50.000     5.2590    25.0530     7.9215    11.3207    110.262    345.130    353.777   -0.00671    7.18431   10.26709  313.00928     5.2611   16.09909 4.6176e-02     0.6828     0.8589 0.0000e+00
        562 170.530987    0.03895     2.3368    140.209     51.488  50984.205    31.7274     5.2609     51.000     5.2550    25.0534     7.9241    11.3242    110.286    345.238    353.888   -0.00554    7.18498   10.26806  313.03866     5.2571   16.10048 4.6223e-02     0.7122     0.8922 0.0000e+00
        566 170.530998    0.03923     2.3538    141.229     52.498  50985.770    31.7271     5.2568     52.000     5.2507    25.0536     7.9295    11.3320    110.351    345.476    354.132   -0.00448    7.18570   10.26908  313.06978     5.2529   16.10197 4.5135e-02     0.7375     0.9373 0.0000e+00
        570 170.531010    0.03951     2.3705    142.233     53.507  50981.881    31.7227     5.2508     53.000     5.2407    25.0508     7.9386    11.3450    110.458    345.871    354.536   -0.00347    7.18693   10.27084  313.12442     5.2468   16.10459 4.4582e-02     0.6637     0.9253 0.0000e+00
