CTD-processing/allCTD/CNV/2013_07-19_t3_s11_cast034_5028.cnv
* Sea-Bird SBE19plus Data File:
* FileName = C:\Documents and Settings\kris.holderied.local\My Documents\2012-2013-CTD-DATA-new-files\2013-07-CookInlet-EVOSTC-LTM\2013-07-19-CookInlet-Tran3-AnchorPt\2013-07-19-CookInlet-Tran3-AnchorPt-cast034.hex
* Software Version 1.54
* Temperature SN =  5028
* Conductivity SN =  5028
* System UpLoad Time = Jul 19 2013 17:46:04
** Cook Inlet LTM Ocean - Tran3 - Anchor Pt Line
** Date: 2013-07-19
** Station: 3-11
** Start time (AKDT-24 hr): 13:53
** Depth (m): 38
** Comment:
** Comment:
# nquan = 27
# nvalues = 39                          
# units = specified
# name 0 = scan: Scan Count
# name 1 = timeJ: Julian Days
# name 2 = timeH: Time, Elapsed [hours]
# name 3 = timeM: Time, Elapsed [minutes]
# name 4 = timeS: Time, Elapsed [seconds]
# name 5 = prdM: Pressure, Strain Gauge [db]
# name 6 = specc: Specific Conductance [uS/cm]
# name 7 = sal00: Salinity, Practical [PSU]
# name 8 = tv290C: Temperature [ITS-90, deg C]
# name 9 = depSM: Depth [salt water, m], lat = 59.00
# name 10 = potemp090C: Potential Temperature [ITS-90, deg C]
# name 11 = sigma-é00: Density [sigma-theta, kg/m^3]
# name 12 = sbeox0ML/L: Oxygen, SBE 43 [ml/l]
# name 13 = sbeox0Mg/L: Oxygen, SBE 43 [mg/l]
# name 14 = sbeox0PS: Oxygen, SBE 43 [% saturation]
# name 15 = sbox0Mm/Kg: Oxygen, SBE 43 [umol/kg]
# name 16 = sbeox0Mm/L: Oxygen, SBE 43 [umol/l]
# name 17 = sbox0dV/dT: Oxygen, SBE 43 [dov/dt]
# name 18 = oxsolML/L: Oxygen Saturation, Garcia & Gordon [ml/l]
# name 19 = oxsolMg/L: Oxygen Saturation, Garcia & Gordon [mg/l]
# name 20 = oxsolMm/Kg: Oxygen Saturation, Garcia & Gordon [umol/kg]
# name 21 = potemp090C: Potential Temperature [ITS-90, deg C]
# name 22 = n2satMg/L: Nitrogen Saturation [mg/l]
# name 23 = par: PAR/Irradiance, Biospherical/Licor
# name 24 = flECO-AFL: Fluorescence, WET Labs ECO-AFL/FL [mg/m^3]
# name 25 = turbWETntu0: Turbidity, WET Labs ECO [NTU]
# name 26 = flag: flag
# span 0 =         29,        447       
# span 1 = 200.579166, 200.580377       
# span 2 =    0.00191,    0.03096       
# span 3 =     0.1149,     1.8582       
# span 4 =      6.894,    111.487       
# span 5 =      1.009,     39.371       
# span 6 =  44729.957,  49500.946       
# span 7 =    28.2920,    31.4282       
# span 8 =     9.4935,     9.6945       
# span 9 =      1.000,     39.000       
# span 10 =     9.4900,     9.6513      
# span 11 =    21.7724,    24.2355      
# span 12 =     5.4546,     7.3660      
# span 13 =     7.7952,    10.5267      
# span 14 =     82.108,    112.531      
# span 15 =    238.487,    321.251      
# span 16 =    243.603,    328.965      
# span 17 =    0.00040,    0.01792      
# span 18 =    6.52391,    6.64392      
# span 19 =    9.32332,    9.49483      
# span 20 =  284.45345,  290.48847      
# span 21 =     9.4900,     9.6945      
# span 22 =   14.73775,   15.03943      
# span 23 = 7.4456e-01, 7.3549e+01      
# span 24 =     0.6050,     1.1563      
# span 25 =    -0.0569,     6.6686      
# span 26 = 0.0000e+00, 0.0000e+00      
# interval = meters: 1                  
# start_time = Jul 19 2013 13:53:53 [Instrument's time stamp, header]
# bad_flag = -9.990e-29
*END*
         29 200.579166    0.00191     0.1149      6.894      1.009  44729.957    28.2920     9.6945      1.000     9.6513    21.7724     5.4546     7.7952     82.108    238.487    243.603    0.00473    6.64392    9.49483  290.48847     9.6945   15.03943 7.3549e+01     0.6050     6.6686 0.0000e+00
        224 200.579731    0.01549     0.9294     55.762      2.019  49500.946    31.4282     9.5534      2.000     9.5480    24.2355     6.0660     8.6689     92.958    264.495    270.906    0.00263    6.52391    9.32332  284.45345     9.5532   14.73775 5.9414e+01     0.8255    -0.0569 0.0000e+00
        326 200.580026    0.02257     1.3542     81.253      3.028  49036.397    31.1149     9.5226      3.000     9.5226    23.9965     6.5995     9.4314    100.876    287.828    294.735    0.00516    6.54228    9.34957  285.33130     9.5224   14.78104 4.7443e+01     0.8797     0.5431 0.0000e+00
        321 200.580012    0.02223     1.3337     80.024      4.038  49040.908    31.1181     9.5258      4.000     9.5256    23.9985     6.5471     9.3565    100.083    285.541    292.394    0.00347    6.54169    9.34873  285.30507     9.5254   14.77977 3.7586e+01     0.8641     0.5616 0.0000e+00
        324 200.580019    0.02241     1.3447     80.685      5.047  49041.391    31.1180     9.5262      5.000     9.5259    23.9984     6.5600     9.3750    100.282    286.107    292.973    0.00355    6.54163    9.34865  285.30262     9.5257   14.77965 3.2372e+01     0.8679     0.5797 0.0000e+00
        326 200.580027    0.02259     1.3555     81.330      6.057  49041.398    31.1177     9.5267      6.000     9.5260    23.9981     6.5960     9.4264    100.831    287.673    294.576    0.00486    6.54158    9.34857  285.30037     9.5260   14.77955 2.8364e+01     0.8848     0.5805 0.0000e+00
        329 200.580035    0.02279     1.3670     82.018      7.066  49041.514    31.1173     9.5268      7.000     9.5262    23.9978     6.6603     9.5183    101.815    290.479    297.450    0.00758    6.54158    9.34858  285.30056     9.5260   14.77955 2.5575e+01     0.9227     0.5550 0.0000e+00
        332 200.580044    0.02302     1.3808     82.847      8.075  49044.098    31.1189     9.5283      8.000     9.5294    23.9988     6.7502     9.6467    103.195    294.401    301.466    0.01119    6.54129    9.34816  285.28747     9.5275   14.77893 2.4426e+01     0.9752     0.5565 0.0000e+00
        336 200.580056    0.02328     1.3968     83.806      9.085  49040.728    31.1165     9.5310      9.000     9.5287    23.9965     6.8196     9.7459    104.259    297.425    304.563    0.01297    6.54101    9.34775  285.27581     9.5301   14.77838 2.5691e+01     1.0286     0.5583 0.0000e+00
        340 200.580067    0.02354     1.4123     84.736     10.094  49040.006    31.1150     9.5272     10.000     9.5232    23.9961     6.8556     9.7974    104.800    298.998    306.172    0.01252    6.54161    9.34861  285.30222     9.5262   14.77965 2.8060e+01     1.0815     0.5794 0.0000e+00
        343 200.580075    0.02376     1.4253     85.518     11.104  49045.216    31.1177     9.5234     11.000     9.5219    23.9988     6.8941     9.8524    105.382    300.676    307.892    0.01248    6.54204    9.34923  285.32032     9.5223   14.78050 2.9429e+01     1.1165     0.5898 0.0000e+00
        346 200.580083    0.02394     1.4364     86.186     12.114  49045.986    31.1178     9.5232     12.000     9.5215    23.9988     6.9495     9.9316    106.228    303.094    310.367    0.01367    6.54208    9.34929  285.32217     9.5219   14.78059 3.0288e+01     1.1327     0.5780 0.0000e+00
        348 200.580090    0.02411     1.4464     86.785     13.122  49045.312    31.1169     9.5226     13.000     9.5200    23.9982     7.0133    10.0227    107.201    305.875    313.215    0.01551    6.54219    9.34945  285.32704     9.5213   14.78083 2.9419e+01     1.1365     0.5659 0.0000e+00
        350 200.580096    0.02427     1.4561     87.366     14.132  49045.201    31.1162     9.5212     14.000     9.5179    23.9980     7.0737    10.1090    108.121    308.509    315.912    0.01701    6.54243    9.34979  285.33747     9.5197   14.78133 2.7354e+01     1.1386     0.5598 0.0000e+00
        353 200.580104    0.02444     1.4663     87.977     15.141  49045.394    31.1156     9.5190     15.000     9.5150    23.9978     7.1277    10.1861    108.939    310.860    318.320    0.01792    6.54277    9.35028  285.35217     9.5175   14.78203 2.5417e+01     1.1423     0.5602 0.0000e+00
        356 200.580113    0.02464     1.4785     88.710     16.152  49046.570    31.1155     9.5154     16.000     9.5113    23.9983     7.1724    10.2500    109.613    312.810    320.317    0.01781    6.54330    9.35103  285.37508     9.5137   14.78313 2.3762e+01     1.1552     0.5610 0.0000e+00
        360 200.580124    0.02492     1.4953     89.717     17.161  49050.680    31.1175     9.5116     17.000     9.5085    24.0005     7.2051    10.2969    110.107    314.240    321.781    0.01613    6.54376    9.35169  285.39468     9.5098   14.78406 2.1735e+01     1.1563     0.5478 0.0000e+00
        364 200.580137    0.02522     1.5133     90.795     18.171  49053.634    31.1188     9.5089     18.000     9.5053    24.0020     7.2171    10.3140    110.285    314.762    322.317    0.01343    6.54411    9.35219  285.40956     9.5069   14.78477 1.9310e+01     1.1443     0.5405 0.0000e+00
        367 200.580146    0.02545     1.5268     91.609     19.181  49057.525    31.1208     9.5067     19.000     9.5047    24.0038     7.2190    10.3166    110.309    314.842    322.400    0.01128    6.54433    9.35251  285.41876     9.5047   14.78520 1.6928e+01     1.1237     0.5338 0.0000e+00
        370 200.580153    0.02563     1.5378     92.266     20.190  49058.681    31.1212     9.5069     20.000     9.5047    24.0042     7.2339    10.3379    110.538    315.492    323.066    0.01050    6.54429    9.35244  285.41668     9.5048   14.78510 1.4757e+01     1.0956     0.5267 0.0000e+00
        373 200.580161    0.02581     1.5487     92.923     21.199  49059.965    31.1216     9.5068     21.000     9.5043    24.0046     7.2586    10.3732    110.915    316.569    324.169    0.01042    6.54428    9.35243  285.41637     9.5046   14.78508 1.2909e+01     1.0710     0.5389 0.0000e+00
        376 200.580170    0.02602     1.5611     93.668     22.209  49062.223    31.1228     9.5069     22.000     9.5055    24.0055     7.2822    10.4070    111.277    317.600    325.225    0.01021    6.54422    9.35235  285.41356     9.5045   14.78494 1.1291e+01     1.0607     0.5547 0.0000e+00
        379 200.580180    0.02627     1.5760     94.562     23.218  49061.179    31.1219     9.5087     23.000     9.5062    24.0045     7.2935    10.4231    111.453    318.091    325.727    0.00908    6.54399    9.35202  285.40377     9.5063   14.78448 9.6724e+00     1.0730     0.5792 0.0000e+00
        383 200.580190    0.02651     1.5905     95.428     24.228  49060.278    31.1208     9.5080     24.000     9.5041    24.0037     7.2970    10.4280    111.503    318.242    325.880    0.00765    6.54414    9.35223  285.41040     9.5055   14.78480 8.0340e+00     1.0784     0.5814 0.0000e+00
        386 200.580200    0.02674     1.6042     96.251     25.237  49062.291    31.1215     9.5060     25.000     9.5025    24.0046     7.3151    10.4540    111.776    319.033    326.691    0.00723    6.54441    9.35261  285.42183     9.5033   14.78534 6.7461e+00     1.0540     0.5531 0.0000e+00
        390 200.580210    0.02700     1.6199     97.195     26.247  49063.939    31.1220     9.5044     26.000     9.5005    24.0053     7.3401    10.4897    112.154    320.122    327.807    0.00727    6.54462    9.35291  285.43080     9.5016   14.78577 5.8830e+00     1.0638     0.5384 0.0000e+00
        394 200.580222    0.02726     1.6356     98.136     27.257  49066.273    31.1229     9.5024     27.000     9.4987    24.0064     7.3434    10.4945    112.202    320.269    327.958    0.00615    6.54486    9.35326  285.44102     9.4996   14.78626 5.1475e+00     1.0696     0.5354 0.0000e+00
        396 200.580230    0.02745     1.6472     98.834     28.266  49068.239    31.1237     9.5015     28.000     9.4971    24.0072     7.3411    10.4913    112.165    320.170    327.856    0.00509    6.54496    9.35341  285.44542     9.4985   14.78647 4.4112e+00     1.0588     0.5499 0.0000e+00
        399 200.580237    0.02763     1.6577     99.465     29.276  49070.755    31.1248     9.4995     29.000     9.4938    24.0084     7.3431    10.4941    112.191    320.255    327.944    0.00447    6.54520    9.35375  285.45535     9.4964   14.78693 3.7287e+00     1.0491     0.5699 0.0000e+00
        402 200.580246    0.02785     1.6708    100.250     30.286  49076.175    31.1277     9.4959     30.000     9.4914    24.0112     7.3522    10.5070    112.322    320.649    328.348    0.00418    6.54559    9.35431  285.47171     9.4927   14.78770 3.1550e+00     1.0365     0.6041 0.0000e+00
        407 200.580262    0.02823     1.6937    101.623     31.295  49079.998    31.1297     9.4937     31.000     9.4903    24.0131     7.3577    10.5149    112.403    320.889    328.595    0.00339    6.54583    9.35465  285.48156     9.4904   14.78817 2.6925e+00     1.0324     0.5887 0.0000e+00
        413 200.580277    0.02859     1.7156    102.936     32.304  49081.096    31.1300     9.4935     32.000     9.4900    24.0134     7.3473    10.5002    112.245    320.440    328.134    0.00197    6.54585    9.35467  285.48206     9.4901   14.78819 2.2935e+00     1.0331     0.5214 0.0000e+00
        416 200.580286    0.02880     1.7282    103.691     33.314  49081.856    31.1301     9.4936     33.000     9.4901    24.0135     7.3478    10.5007    112.251    320.456    328.151    0.00162    6.54584    9.35465  285.48157     9.4900   14.78817 1.9598e+00     1.0310     0.5231 0.0000e+00
        419 200.580295    0.02902     1.7410    104.460     34.324  49082.503    31.1302     9.4937     34.000     9.4901    24.0135     7.3511    10.5054    112.302    320.600    328.299    0.00152    6.54582    9.35462  285.48070     9.4901   14.78813 1.6711e+00     1.0412     0.5336 0.0000e+00
        424 200.580308    0.02934     1.7606    105.636     35.333  49083.088    31.1302     9.4939     35.000     9.4902    24.0135     7.3478    10.5007    112.252    320.456    328.152    0.00099    6.54579    9.35458  285.47954     9.4902   14.78807 1.4431e+00     1.0440     0.5420 0.0000e+00
        429 200.580324    0.02972     1.7835    107.012     36.343  49083.584    31.1301     9.4940     36.000     9.4901    24.0135     7.3467    10.4991    112.236    320.409    328.102    0.00061    6.54577    9.35456  285.47886     9.4902   14.78804 1.2393e+00     1.0271     0.5334 0.0000e+00
        433 200.580336    0.03000     1.8000    108.001     37.353  49084.816    31.1305     9.4940     37.000     9.4900    24.0138     7.3567    10.5135    112.389    320.847    328.552    0.00096    6.54576    9.35455  285.47824     9.4900   14.78801 1.0540e+00     1.0155     0.5372 0.0000e+00
        438 200.580351    0.03038     1.8227    109.361     38.362  49085.771    31.1308     9.4941     38.000     9.4901    24.0140     7.3660    10.5267    112.531    321.251    328.965    0.00116    6.54573    9.35451  285.47698     9.4901   14.78795 8.9363e-01     1.0095     0.5307 0.0000e+00
        447 200.580377    0.03096     1.8582    111.487     39.371  49086.198    31.1306     9.4945     39.000     9.4903    24.0139     7.3600    10.5180    112.440    320.986    328.695    0.00040    6.54571    9.35446  285.47547     9.4901   14.78788 7.4456e-01     1.0017     0.5531 0.0000e+00
