CTD-processing/allCTD/CNV/2013_03-15_t9_s07_cast054_5028.cnv
* Sea-Bird SBE19plus Data File:
* FileName = C:\Documents and Settings\kris.holderied.local\My Documents\2012-2013-CTD-DATA-new-files\2013-03-15-CTD-HomerSpitLine-LTM\2013-03-15-HomerSpitLine-cast054.hex
* Software Version 1.54
* Temperature SN =  5028
* Conductivity SN =  5028
* System UpLoad Time = Apr 19 2013 01:13:23
** Kachemak Bay - Spit Line LTM monthly transect
** Date:  2013-03-15
** Station: 9-07
** Start time (AKDT-24 hr): 1835
** Depth (ft): 333
** Comment:  CTD time set wrong
** Comment: None
# nquan = 27
# nvalues = 101                         
# units = specified
# name 0 = scan: Scan Count
# name 1 = timeJ: Julian Days
# name 2 = timeH: Time, Elapsed [hours]
# name 3 = timeM: Time, Elapsed [minutes]
# name 4 = timeS: Time, Elapsed [seconds]
# name 5 = prdM: Pressure, Strain Gauge [db]
# name 6 = specc: Specific Conductance [uS/cm]
# name 7 = sal00: Salinity, Practical [PSU]
# name 8 = tv290C: Temperature [ITS-90, deg C]
# name 9 = depSM: Depth [salt water, m], lat = 59.00
# name 10 = potemp090C: Potential Temperature [ITS-90, deg C]
# name 11 = sigma-é00: Density [sigma-theta, kg/m^3]
# name 12 = sbeox0ML/L: Oxygen, SBE 43 [ml/l]
# name 13 = sbeox0Mg/L: Oxygen, SBE 43 [mg/l]
# name 14 = sbeox0PS: Oxygen, SBE 43 [% saturation]
# name 15 = sbox0Mm/Kg: Oxygen, SBE 43 [umol/kg]
# name 16 = sbeox0Mm/L: Oxygen, SBE 43 [umol/l]
# name 17 = sbox0dV/dT: Oxygen, SBE 43 [dov/dt]
# name 18 = oxsolML/L: Oxygen Saturation, Garcia & Gordon [ml/l]
# name 19 = oxsolMg/L: Oxygen Saturation, Garcia & Gordon [mg/l]
# name 20 = oxsolMm/Kg: Oxygen Saturation, Garcia & Gordon [umol/kg]
# name 21 = potemp090C: Potential Temperature [ITS-90, deg C]
# name 22 = n2satMg/L: Nitrogen Saturation [mg/l]
# name 23 = par: PAR/Irradiance, Biospherical/Licor
# name 24 = flECO-AFL: Fluorescence, WET Labs ECO-AFL/FL [mg/m^3]
# name 25 = turbWETntu0: Turbidity, WET Labs ECO [NTU]
# name 26 = flag: flag
# span 0 =        390,        913       
# span 1 =  74.820895,  74.822408       
# span 2 =    0.02703,    0.06333       
# span 3 =     1.6218,     3.7997       
# span 4 =     97.307,    227.980       
# span 5 =      1.010,    101.979       
# span 6 =  51426.121,  51557.806       
# span 7 =    31.5915,    31.7282       
# span 8 =     3.2771,     3.6719       
# span 9 =      1.000,    101.000       
# span 10 =     3.2769,     3.6670      
# span 11 =    25.1416,    25.2161      
# span 12 =     7.2142,     7.9079      
# span 13 =    10.3098,    11.3012      
# span 14 =     95.682,    105.114      
# span 15 =    314.280,    344.496      
# span 16 =    322.185,    353.165      
# span 17 =   -0.00145,    0.00857      
# span 18 =    7.46651,    7.54621      
# span 19 =   10.67039,   10.78430      
# span 20 =  325.25401,  328.74873      
# span 21 =     3.2770,     3.6670      
# span 22 =   16.68166,   16.84830      
# span 23 = 3.7912e-02, 4.3906e+01      
# span 24 =     0.2303,     0.6066      
# span 25 =     1.1522,     1.5387      
# span 26 = 0.0000e+00, 0.0000e+00      
# interval = meters: 1                  
# start_time = Mar 15 2013 19:40:28 [Instrument's time stamp, header]
# bad_flag = -9.990e-29
*END*
[from data line 54]
        664  74.821686    0.04601     2.7608    165.649     55.527  51507.909    31.6363     3.3451     55.000     3.3457    25.1716     7.8971    11.2858    104.858    344.027    352.686   -0.00020    7.53126   10.76292  328.08740     3.3419   16.81669 3.7912e-02     0.3408     1.2728 0.0000e+00
        668  74.821698    0.04632     2.7793    166.758     56.536  51514.642    31.6431     3.3560     56.000     3.3593    25.1761     7.9028    11.2939    104.967    344.272    352.940    0.00010    7.52889   10.75953  327.98274     3.3527   16.81170 3.7912e-02     0.3358     1.2790 0.0000e+00
        672  74.821711    0.04662     2.7971    167.823     57.546  51513.780    31.6456     3.3700     57.000     3.3719    25.1768     7.9026    11.2936    105.002    344.262    352.929    0.00016    7.52616   10.75563  327.86358     3.3666   16.80602 3.7912e-02     0.3341     1.2568 0.0000e+00
        677  74.821724    0.04693     2.8159    168.955     58.555  51511.501    31.6462     3.3805     58.000     3.3805    25.1764     7.8998    11.2895    104.992    344.140    352.803    0.00009    7.52417   10.75279  327.77700     3.3771   16.80190 3.7912e-02     0.3358     1.2636 0.0000e+00
        682  74.821738    0.04726     2.8359    170.157     59.565  51509.613    31.6462     3.3876     59.000     3.3859    25.1758     7.8861    11.2700    104.828    343.542    352.191   -0.00040    7.52285   10.75091  327.72007     3.3841   16.79920 3.7912e-02     0.3256     1.2437 0.0000e+00
        687  74.821752    0.04761     2.8568    171.406     60.575  51510.514    31.6474     3.3919     60.000     3.3902    25.1764     7.8756    11.2550    104.701    343.085    351.723   -0.00070    7.52199   10.74968  327.68233     3.3884   16.79740 3.7912e-02     0.3076     1.2141 0.0000e+00
        691  74.821766    0.04795     2.8765    172.591     61.585  51513.680    31.6503     3.3969     61.000     3.3962    25.1782     7.8749    11.2540    104.706    343.055    351.693   -0.00061    7.52092   10.74814  327.63476     3.3933   16.79513 3.7912e-02     0.3048     1.1914 0.0000e+00
        696  74.821779    0.04825     2.8949    173.694     62.595  51516.626    31.6535     3.4036     62.000     3.4039    25.1802     7.8797    11.2610    104.790    343.266    351.909   -0.00031    7.51951   10.74612  327.57275     3.3999   16.79217 3.7912e-02     0.3057     1.2056 0.0000e+00
        700  74.821792    0.04857     2.9144    174.862     63.604  51529.295    31.6647     3.4160     63.000     3.4222    25.1881     7.8822    11.2644    104.863    343.368    352.017   -0.00009    7.51664   10.74203  327.44551     3.4123   16.78607 3.7912e-02     0.3154     1.2072 0.0000e+00
        706  74.821807    0.04893     2.9355    176.129     64.614  51533.016    31.6740     3.4444     64.000     3.4511    25.1929     7.8832    11.2659    104.957    343.413    352.064    0.00015    7.51091   10.73384  327.19422     3.4406   16.77410 3.7912e-02     0.3124     1.1973 0.0000e+00
        711  74.821822    0.04928     2.9567    177.403     65.624  51524.584    31.6733     3.4664     65.000     3.4695    25.1904     7.8798    11.2610    104.968    343.264    351.911    0.00016    7.50688   10.72808  327.01955     3.4625   16.76580 3.7912e-02     0.3046     1.1906 0.0000e+00
        715  74.821835    0.04959     2.9756    178.536     66.634  51550.307    31.6966     3.4913     66.000     3.5082    25.2067     7.8637    11.2380    104.834    342.559    351.194   -0.00027    7.50109   10.71981  326.76204     3.4874   16.75347 3.7912e-02     0.3035     1.2066 0.0000e+00
        720  74.821848    0.04991     2.9946    179.677     67.643  51545.118    31.7050     3.5407     67.000     3.5536    25.2089     7.8651    11.2400    104.986    342.618    351.255    0.00015    7.49156   10.70619  326.34643     3.5366   16.73368 3.7912e-02     0.2995     1.2139 0.0000e+00
        724  74.821861    0.05023     3.0134    180.807     68.654  51525.391    31.6987     3.5710     68.000     3.5736    25.2012     7.8692    11.2458    105.114    342.798    351.437    0.00051    7.48629   10.69865  326.11915     3.5669   16.72290 3.7912e-02     0.2965     1.1968 0.0000e+00
        729  74.821874    0.05054     3.0325    181.952     69.663  51521.197    31.6985     3.5836     69.000     3.5836    25.1999     7.8412    11.2058    104.773    341.580    350.188   -0.00052    7.48399   10.69537  326.01929     3.5794   16.71815 3.7912e-02     0.3040     1.1522 0.0000e+00
        733  74.821887    0.05085     3.0511    183.068     70.673  51518.687    31.6985     3.5924     70.000     3.5904    25.1991     7.8182    11.1729    104.487    340.577    349.160   -0.00125    7.48237   10.69306  325.94919     3.5881   16.71482 3.7912e-02     0.2893     1.1550 0.0000e+00
        738  74.821900    0.05117     3.0700    184.201     71.683  51517.409    31.6982     3.5965     71.000     3.5938    25.1985     7.8073    11.1574    104.353    340.103    348.672   -0.00145    7.48162   10.69200  325.91687     3.5922   16.71328 3.7912e-02     0.2947     1.1816 0.0000e+00
        743  74.821914    0.05150     3.0899    185.397     72.692  51528.253    31.7066     3.6030     72.000     3.6061    25.2046     7.8052    11.1543    104.346    340.007    348.577   -0.00126    7.48000   10.68968  325.84436     3.5986   16.70980 3.7912e-02     0.3126     1.1844 0.0000e+00
        748  74.821929    0.05184     3.1107    186.642     73.702  51532.638    31.7148     3.6257     73.000     3.6294    25.2091     7.8154    11.1690    104.548    340.454    349.036   -0.00052    7.47543   10.68313  325.64339     3.6212   16.70022 3.7912e-02     0.3143     1.2344 0.0000e+00
        753  74.821943    0.05219     3.1318    187.908     74.712  51524.132    31.7124     3.6415     74.000     3.6405    25.2058     7.8235    11.1805    104.695    340.806    349.397   -0.00002    7.47265   10.67916  325.52325     3.6370   16.69451 3.7912e-02     0.3058     1.1985 0.0000e+00
        758  74.821958    0.05254     3.1524    189.146     75.722  51530.948    31.7189     3.6512     75.000     3.6518    25.2101     7.8133    11.1660    104.588    340.361    348.941   -0.00034    7.47054   10.67616  325.43030     3.6466   16.69007 3.7912e-02     0.3022     1.1754 0.0000e+00
        762  74.821971    0.05287     3.1718    190.305     76.731  51533.961    31.7234     3.6628     76.000     3.6620    25.2125     7.8092    11.1602    104.567    340.184    348.761   -0.00038    7.46818   10.67278  325.32665     3.6582   16.68512 3.7912e-02     0.2845     1.1951 0.0000e+00
        767  74.821985    0.05318     3.1910    191.459     77.741  51531.943    31.7232     3.6696     77.000     3.6660    25.2118     7.8074    11.1576    104.560    340.106    348.681   -0.00035    7.46695   10.67102  325.27330     3.6649   16.68259 3.7912e-02     0.2832     1.2193 0.0000e+00
        771  74.821998    0.05350     3.2100    192.599     78.751  51531.584    31.7229     3.6714     78.000     3.6668    25.2114     7.7982    11.1444    104.440    339.702    348.267   -0.00065    7.46663   10.67056  325.25959     3.6666   16.68194 3.7912e-02     0.2854     1.2115 0.0000e+00
        776  74.822010    0.05380     3.2277    193.664     79.761  51532.566    31.7231     3.6718     79.000     3.6670    25.2115     7.7899    11.1325    104.330    339.340    347.895   -0.00089    7.46655   10.67045  325.25595     3.6670   16.68176 3.7912e-02     0.2700     1.1917 0.0000e+00
        779  74.822021    0.05406     3.2434    194.604     80.771  51533.754    31.7234     3.6719     80.000     3.6668    25.2118     7.7890    11.1313    104.320    339.305    347.860   -0.00084    7.46653   10.67041  325.25470     3.6669   16.68170 3.7912e-02     0.2618     1.2158 0.0000e+00
        783  74.822032    0.05434     3.2600    195.600     81.780  51535.384    31.7240     3.6717     81.000     3.6667    25.2122     7.7894    11.1318    104.324    339.318    347.873   -0.00073    7.46652   10.67041  325.25442     3.6667   16.68169 3.7912e-02     0.2605     1.2282 0.0000e+00
        788  74.822045    0.05462     3.2775    196.650     82.791  51536.708    31.7244     3.6716     82.000     3.6664    25.2126     7.7852    11.1259    104.269    339.138    347.689   -0.00079    7.46651   10.67039  325.25401     3.6666   16.68166 3.7912e-02     0.2581     1.2371 0.0000e+00
        792  74.822057    0.05492     3.2952    197.711     83.801  51538.315    31.7248     3.6712     83.000     3.6658    25.2130     7.7840    11.1241    104.252    339.086    347.635   -0.00076    7.46657   10.67047  325.25619     3.6661   16.68177 3.7912e-02     0.2630     1.2533 0.0000e+00
        796  74.822070    0.05523     3.3137    198.820     84.811  51540.042    31.7254     3.6708     84.000     3.6655    25.2135     7.7837    11.1237    104.247    339.072    347.620   -0.00068    7.46662   10.67054  325.25818     3.6656   16.68186 3.7912e-02     0.2629     1.2572 0.0000e+00
        800  74.822081    0.05550     3.3299    199.792     85.820  51541.303    31.7257     3.6706     85.000     3.6652    25.2137     7.7808    11.1196    104.208    338.945    347.491   -0.00072    7.46665   10.67059  325.25942     3.6653   16.68192 3.7912e-02     0.2552     1.2338 0.0000e+00
        804  74.822091    0.05575     3.3450    200.701     86.830  51542.412    31.7259     3.6704     86.000     3.6650    25.2139     7.7770    11.1142    104.156    338.780    347.322   -0.00080    7.46667   10.67062  325.26036     3.6651   16.68196 3.7912e-02     0.2556     1.2185 0.0000e+00
        808  74.822103    0.05601     3.3610    201.657     87.840  51543.211    31.7259     3.6703     87.000     3.6649    25.2139     7.7772    11.1144    104.159    338.789    347.331   -0.00072    7.46668   10.67064  325.26094     3.6649   16.68199 3.7912e-02     0.2565     1.2238 0.0000e+00
        812  74.822115    0.05632     3.3790    202.743     88.849  51544.018    31.7259     3.6703     88.000     3.6649    25.2139     7.7786    11.1164    104.178    338.850    347.394   -0.00059    7.46669   10.67065  325.26118     3.6649   16.68200 3.7912e-02     0.2697     1.2526 0.0000e+00
        817  74.822129    0.05666     3.3992    203.955     89.859  51544.849    31.7259     3.6703     89.000     3.6647    25.2140     7.7796    11.1179    104.192    338.895    347.440   -0.00047    7.46669   10.67064  325.26106     3.6648   16.68200 3.7912e-02     0.2735     1.2519 0.0000e+00
        822  74.822143    0.05699     3.4194    205.161     90.869  51546.209    31.7262     3.6699     90.000     3.6640    25.2143     7.7768    11.1138    104.153    338.770    347.313   -0.00054    7.46675   10.67073  325.26374     3.6643   16.68212 3.7912e-02     0.2451     1.2444 0.0000e+00
        826  74.822156    0.05730     3.4381    206.287     91.879  51548.116    31.7269     3.6692     91.000     3.6633    25.2148     7.7745    11.1106    104.121    338.672    347.212   -0.00056    7.46684   10.67085  325.26738     3.6636   16.68229 3.7912e-02     0.2303     1.2711 0.0000e+00
        831  74.822169    0.05761     3.4565    207.389     92.889  51549.751    31.7274     3.6687     92.000     3.6628    25.2153     7.7708    11.1053    104.070    338.509    347.044   -0.00065    7.46691   10.67096  325.27051     3.6630   16.68244 3.7912e-02     0.2431     1.2995 0.0000e+00
        835  74.822181    0.05791     3.4745    208.470     93.899  51551.032    31.7276     3.6684     93.000     3.6626    25.2155     7.7742    11.1102    104.115    338.658    347.197   -0.00047    7.46694   10.67101  325.27180     3.6627   16.68250 3.7912e-02     0.2550     1.3193 0.0000e+00
        839  74.822194    0.05821     3.4929    209.575     94.909  51551.968    31.7277     3.6683     94.000     3.6623    25.2156     7.7795    11.1177    104.185    338.887    347.432   -0.00023    7.46697   10.67105  325.27316     3.6624   16.68256 3.7912e-02     0.2554     1.3331 0.0000e+00
        844  74.822209    0.05856     3.5138    210.827     95.919  51552.698    31.7276     3.6679     95.000     3.6618    25.2156     7.7786    11.1165    104.173    338.851    347.395   -0.00024    7.46704   10.67115  325.27609     3.6620   16.68270 3.7912e-02     0.2497     1.3931 0.0000e+00
        850  74.822225    0.05895     3.5370    212.222     96.929  51554.072    31.7278     3.6673     96.000     3.6611    25.2158     7.7730    11.1084    104.096    338.604    347.142   -0.00044    7.46715   10.67130  325.28066     3.6613   16.68292 3.7912e-02     0.2529     1.3972 0.0000e+00
        864  74.822264    0.05990     3.5943    215.658     97.939  51555.400    31.7282     3.6669     97.000     3.6609    25.2161     7.7706    11.1049    104.063    338.497    347.033   -0.00035    7.46720   10.67137  325.28271     3.6609   16.68302 3.7912e-02     0.2557     1.3835 0.0000e+00
        890  74.822341    0.06174     3.7043    222.256     98.948  51555.888    31.7281     3.6671     98.000     3.6611    25.2160     7.7680    11.1012    104.028    338.385    346.918   -0.00015    7.46716   10.67132  325.28116     3.6611   16.68294 3.7912e-02     0.2610     1.3752 0.0000e+00
        899  74.822368    0.06238     3.7427    224.561     99.958  51556.667    31.7281     3.6672     99.000     3.6610    25.2160     7.7697    11.1037    104.052    338.461    346.996   -0.00008    7.46715   10.67130  325.28050     3.6611   16.68291 3.7912e-02     0.2629     1.4100 0.0000e+00
        906  74.822387    0.06286     3.7712    226.270    100.968  51557.350    31.7280     3.6672    100.000     3.6610    25.2160     7.7668    11.0995    104.012    338.333    346.864   -0.00019    7.46715   10.67130  325.28047     3.6610   16.68291 3.7912e-02     0.2619     1.4442 0.0000e+00
        913  74.822408    0.06333     3.7997    227.980    101.979  51557.806    31.7278     3.6672    101.000     3.6609    25.2158     7.7674    11.1004    104.021    338.361    346.892   -0.00016    7.46715   10.67131  325.28084     3.6610   16.68293 3.7912e-02     0.2379     1.4189 0.0000e+00
