CTD-processing/allCTD/CNV/2013_11-06_t6_s06_cast138_5028.cnv
* Sea-Bird SBE19plus Data File:
* FileName = C:\Users\kris.holderied\Documents\kasitsna\Research-Projects-and-Data\Oceanography-AK\CTD-CookInlet-GulfWatchAK\2013-10-11-EVOSTC-CookInlet-Ocean\2013-11-06-CookInlet-Tran6-Douglas\2013-11-06-CookInlet-Tran6-cast138.hex
* Software Version 1.59
* Temperature SN =  5028
* Conductivity SN =  5028
* System UpLoad Time = Feb 14 2014 17:12:27
** Cook Inlet Transect 6 (Douglas) east to west
** Date: 2013-11-06
** Station: 6-06
** Start time: 09:43
** Depth (m): 141
** Comment:  CTD instrument time is AK Daylight time *1 hour off*
** Comment:
# nquan = 27
# nvalues = 139                         
# units = specified
# name 0 = scan: Scan Count
# name 1 = timeJ: Julian Days
# name 2 = timeH: Time, Elapsed [hours]
# name 3 = timeM: Time, Elapsed [minutes]
# name 4 = timeS: Time, Elapsed [seconds]
# name 5 = prdM: Pressure, Strain Gauge [db]
# name 6 = specc: Specific Conductance [uS/cm]
# name 7 = sal00: Salinity, Practical [PSU]
# name 8 = tv290C: Temperature [ITS-90, deg C]
# name 9 = depSM: Depth [salt water, m], lat = 59.00
# name 10 = potemp090C: Potential Temperature [ITS-90, deg C]
# name 11 = sigma-é00: Density [sigma-theta, kg/m^3]
# name 12 = sbeox0ML/L: Oxygen, SBE 43 [ml/l]
# name 13 = sbeox0Mg/L: Oxygen, SBE 43 [mg/l]
# name 14 = sbeox0PS: Oxygen, SBE 43 [% saturation]
# name 15 = sbox0Mm/Kg: Oxygen, SBE 43 [umol/kg]
# name 16 = sbeox0Mm/L: Oxygen, SBE 43 [umol/l]
# name 17 = sbox0dV/dT: Oxygen, SBE 43 [dov/dt]
# name 18 = oxsolML/L: Oxygen Saturation, Garcia & Gordon [ml/l]
# name 19 = oxsolMg/L: Oxygen Saturation, Garcia & Gordon [mg/l]
# name 20 = oxsolMm/Kg: Oxygen Saturation, Garcia & Gordon [umol/kg]
# name 21 = potemp090C: Potential Temperature [ITS-90, deg C]
# name 22 = n2satMg/L: Nitrogen Saturation [mg/l]
# name 23 = par: PAR/Irradiance, Biospherical/Licor
# name 24 = flECO-AFL: Fluorescence, WET Labs ECO-AFL/FL [mg/m^3]
# name 25 = turbWETntu0: Turbidity, WET Labs ECO [NTU]
# name 26 = flag: flag
# span 0 =         18,        814       
# span 1 = 310.445697, 310.448000       
# span 2 =    0.00117,    0.05645       
# span 3 =     0.0703,     3.3868       
# span 4 =      4.219,    203.205       
# span 5 =      1.010,    140.359       
# span 6 =  45936.448,  50640.769       
# span 7 =    28.9163,    31.9494       
# span 8 =     7.9496,     8.7945       
# span 9 =      1.000,    139.000       
# span 10 =     7.9361,     8.7911      
# span 11 =    22.4645,    24.8879      
# span 12 =     5.1590,     6.6957      
# span 13 =     7.3727,     9.5688      
# span 14 =     76.616,    100.550      
# span 15 =    225.016,    292.030      
# span 16 =    230.399,    299.030      
# span 17 =   -0.00705,    0.03510      
# span 18 =    6.65814,    6.83982      
# span 19 =    9.51515,    9.77479      
# span 20 =  290.39898,  298.84136      
# span 21 =     7.9363,     8.7912      
# span 22 =   15.02380,   15.43528      
# span 23 = 3.7912e-02, 4.9131e+01      
# span 24 =     0.1534,     1.0218      
# span 25 =    -0.1291,     4.4048      
# span 26 = 0.0000e+00, 0.0000e+00      
# interval = meters: 1                  
# start_time = Nov 06 2013 10:41:44 [Instrument's time stamp, header]
# bad_flag = -9.990e-29
*END*
[from data line 108]
        697 310.447661    0.04832     2.8992    173.951    110.058  50431.758    31.8402     8.0979    109.000     8.0833    24.7807     6.1209     8.7473     91.055    266.749    273.359   -0.00139    6.72221    9.60671  292.95426     8.0872   15.14237 3.7912e-02     0.1962     0.5662 0.0000e+00
        701 310.447674    0.04860     2.9160    174.961    111.068  50442.210    31.8458     8.0901    110.000     8.0757    24.7862     6.1193     8.7451     91.018    266.678    273.288   -0.00130    6.72315    9.60804  292.99345     8.0794   15.14422 3.7912e-02     0.1888     0.5553 0.0000e+00
        704 310.447683    0.04884     2.9306    175.837    112.078  50451.276    31.8506     8.0830    111.000     8.0676    24.7910     6.1232     8.7507     91.065    266.848    273.463   -0.00099    6.72401    9.60928  293.02975     8.0723   15.14593 3.7912e-02     0.1723     0.5852 0.0000e+00
        708 310.447693    0.04908     2.9446    176.678    113.087  50461.274    31.8560     8.0758    112.000     8.0610    24.7962     6.1216     8.7484     91.030    266.776    273.391   -0.00096    6.72487    9.61050  293.06555     8.0649   15.14763 3.7912e-02     0.1710     0.5978 0.0000e+00
        712 310.447704    0.04935     2.9608    177.650    114.098  50472.145    31.8617     8.0671    113.000     8.0496    24.8020     6.1162     8.7406     90.933    266.536    273.147   -0.00116    6.72595    9.61205  293.11097     8.0561   15.14976 3.7912e-02     0.1847     0.5607 0.0000e+00
        716 310.447717    0.04965     2.9794    178.762    115.108  50490.072    31.8716     8.0534    114.000     8.0376    24.8118     6.1104     8.7323     90.825    266.282    272.888   -0.00131    6.72759    9.61439  293.17976     8.0424   15.15301 3.7912e-02     0.1926     0.5492 0.0000e+00
        720 310.447728    0.04992     2.9955    179.732    116.118  50501.482    31.8778     8.0452    115.000     8.0305    24.8178     6.1040     8.7232     90.717    266.001    272.602   -0.00146    6.72857    9.61580  293.22091     8.0340   15.15496 3.7912e-02     0.1892     0.5394 0.0000e+00
        723 310.447738    0.05017     3.0104    180.625    117.128  50510.475    31.8826     8.0385    116.000     8.0233    24.8225     6.0960     8.7118     90.588    265.654    272.248   -0.00167    6.72938    9.61695  293.25472     8.0273   15.15655 3.7912e-02     0.1861     0.5465 0.0000e+00
        727 310.447749    0.05043     3.0257    181.542    118.138  50519.513    31.8875     8.0324    117.000     8.0193    24.8273     6.0922     8.7064     90.522    265.487    272.078   -0.00168    6.73010    9.61798  293.28476     8.0210   15.15796 3.7912e-02     0.1793     0.5629 0.0000e+00
        731 310.447760    0.05069     3.0414    182.482    119.148  50523.695    31.8896     8.0298    118.000     8.0177    24.8293     6.0907     8.7042     90.495    265.420    272.011   -0.00150    6.73040    9.61841  293.29734     8.0183   15.15856 3.7912e-02     0.1776     0.5850 0.0000e+00
        735 310.447771    0.05095     3.0573    183.437    120.158  50526.140    31.8905     8.0281    119.000     8.0134    24.8303     6.0861     8.6977     90.424    265.221    271.806   -0.00151    6.73062    9.61873  293.30655     8.0165   15.15899 3.7912e-02     0.1846     0.5887 0.0000e+00
        739 310.447783    0.05125     3.0747    184.482    121.168  50538.995    31.8975     8.0183    120.000     8.0000    24.8372     6.0829     8.6931     90.360    265.077    271.661   -0.00148    6.73180    9.62042  293.35626     8.0066   15.16134 3.7912e-02     0.1942     0.5856 0.0000e+00
        743 310.447796    0.05155     3.0931    185.587    122.178  50558.144    31.9082     8.0043    121.000     7.9875    24.8476     6.0837     8.6943     90.351    265.113    271.700   -0.00127    6.73347    9.62280  293.42592     7.9926   15.16462 3.7912e-02     0.1938     0.5733 0.0000e+00
        747 310.447808    0.05182     3.1095    186.570    123.188  50570.396    31.9149     7.9957    122.000     7.9815    24.8541     6.0808     8.6902     90.294    264.985    271.571   -0.00124    6.73449    9.62425  293.46825     7.9839   15.16661 3.7912e-02     0.1789     0.5773 0.0000e+00
        751 310.447818    0.05208     3.1248    187.489    124.198  50575.835    31.9177     7.9920    123.000     7.9784    24.8568     6.0724     8.6780     90.162    264.614    271.192   -0.00150    6.73493    9.62489  293.48675     7.9801   15.16748 3.7912e-02     0.1706     0.5707 0.0000e+00
        755 310.447830    0.05235     3.1411    188.469    125.209  50580.965    31.9202     7.9883    124.000     7.9736    24.8593     6.0674     8.6710     90.083    264.398    270.971   -0.00156    6.73538    9.62553  293.50572     7.9763   15.16838 3.7912e-02     0.1756     0.5612 0.0000e+00
        759 310.447841    0.05263     3.1575    189.448    126.218  50588.102    31.9239     7.9834    125.000     7.9696    24.8630     6.0739     8.6802     90.171    264.679    271.260   -0.00107    6.73596    9.62637  293.53018     7.9713   15.16953 3.7912e-02     0.1672     0.5507 0.0000e+00
        762 310.447850    0.05286     3.1713    190.279    127.228  50591.826    31.9258     7.9812    126.000     7.9686    24.8647     6.0785     8.6868     90.236    264.880    271.466   -0.00070    6.73622    9.62673  293.54082     7.9690   15.17004 3.7912e-02     0.1572     0.5624 0.0000e+00
        765 310.447860    0.05309     3.1853    191.115    128.238  50593.280    31.9262     7.9804    127.000     7.9668    24.8652     6.0739     8.6801     90.166    264.677    271.258   -0.00084    6.73632    9.62687  293.54497     7.9682   15.17024 3.7912e-02     0.1580     0.5937 0.0000e+00
        770 310.447874    0.05343     3.2062    192.373    129.248  50598.973    31.9291     7.9766    128.000     7.9628    24.8680     6.0637     8.6656     90.008    264.232    270.803   -0.00118    6.73678    9.62754  293.56444     7.9642   15.17115 3.7912e-02     0.1630     0.6050 0.0000e+00
        775 310.447889    0.05377     3.2264    193.586    130.259  50603.194    31.9311     7.9737    129.000     7.9604    24.8700     6.0583     8.6578     89.923    263.995    270.561   -0.00126    6.73713    9.62804  293.57889     7.9612   15.17183 3.7912e-02     0.1653     0.5623 0.0000e+00
        778 310.447897    0.05398     3.2388    194.326    131.269  50605.392    31.9320     7.9725    130.000     7.9590    24.8710     6.0593     8.6593     89.936    264.041    270.608   -0.00108    6.73727    9.62824  293.58486     7.9600   15.17212 3.7912e-02     0.1721     0.5812 0.0000e+00
        781 310.447905    0.05418     3.2507    195.039    132.279  50607.733    31.9330     7.9713    131.000     7.9570    24.8719     6.0586     8.6584     89.924    264.011    270.577   -0.00101    6.73743    9.62846  293.59139     7.9585   15.17242 3.7912e-02     0.1795     0.5941 0.0000e+00
        785 310.447917    0.05444     3.2667    196.002    133.289  50611.915    31.9350     7.9686    132.000     7.9547    24.8739     6.0585     8.6581     89.918    264.004    270.571   -0.00091    6.73774    9.62891  293.60465     7.9558   15.17305 3.7912e-02     0.1827     0.6015 0.0000e+00
        790 310.447930    0.05477     3.2861    197.168    134.298  50615.752    31.9368     7.9658    133.000     7.9500    24.8757     6.0564     8.6552     89.883    263.913    270.478   -0.00085    6.73808    9.62940  293.61890     7.9529   15.17372 3.7912e-02     0.1750     0.6301 0.0000e+00
        793 310.447941    0.05502     3.3013    198.081    135.309  50623.918    31.9411     7.9599    134.000     7.9442    24.8799     6.0525     8.6496     89.816    263.743    270.305   -0.00097    6.73879    9.63041  293.64848     7.9470   15.17512 3.7912e-02     0.1661     0.6448 0.0000e+00
        797 310.447950    0.05526     3.3156    198.935    136.319  50630.358    31.9444     7.9556    135.000     7.9406    24.8832     6.0514     8.6481     89.794    263.696    270.257   -0.00094    6.73931    9.63114  293.66995     7.9426   15.17613 3.7912e-02     0.1534     0.6500 0.0000e+00
        801 310.447963    0.05555     3.3329    199.977    137.329  50635.509    31.9471     7.9522    136.000     7.9379    24.8857     6.0529     8.6502     89.810    263.760    270.323   -0.00076    6.73971    9.63172  293.68677     7.9391   15.17692 3.7912e-02     0.1554     0.6133 0.0000e+00
        806 310.447977    0.05589     3.3535    201.212    138.339  50639.796    31.9492     7.9496    137.000     7.9361    24.8877     6.0533     8.6507     89.811    263.774    270.338   -0.00062    6.74001    9.63214  293.69912     7.9364   15.17750 3.7912e-02     0.1742     0.5820 0.0000e+00
        810 310.447989    0.05618     3.3706    202.239    139.349  50640.769    31.9494     7.9497    138.000     7.9368    24.8879     6.0497     8.6455     89.758    263.617    270.178   -0.00072    6.73999    9.63213  293.69862     7.9363   15.17748 3.7912e-02     0.1748     0.5918 0.0000e+00
        814 310.448000    0.05645     3.3868    203.205    140.359  50640.206    31.9487     7.9506    139.000     7.9373    24.8873     6.0500     8.6462     89.765    263.635    270.195   -0.00063    6.73988    9.63197  293.69409     7.9371   15.17726 3.7912e-02     0.1778     0.5920 0.0000e+00
