CTD-processing/allCTD/CNV/2013_01-04_t9_s08_cast008_5028.cnv
* Sea-Bird SBE19plus Data File:
* FileName = C:\Documents and Settings\kris.holderied.local\My Documents\2012-2013-CTD-DATA-new-files\2013-01-04-CTD-HomerSpitLine\2013-01-04-HomerSpitLine-cast008.hex
* Software Version 1.54
* Temperature SN =  5028
* Conductivity SN =  5028
* System UpLoad Time = Feb 11 2013 18:56:11
** Kachemak Bay Spit Line South to North
** Date:  4 Jan 2013
** Station:  9-08
** Start time (AKDT-24 hr):  17:52
** Depth (m):  96
** Comment: After wave buoy rescue.
** Comment: CTD time set wrong by 2 hours
# nquan = 27
# nvalues = 86                          
# units = specified
# name 0 = scan: Scan Count
# name 1 = timeJ: Julian Days
# name 2 = timeH: Time, Elapsed [hours]
# name 3 = timeM: Time, Elapsed [minutes]
# name 4 = timeS: Time, Elapsed [seconds]
# name 5 = prdM: Pressure, Strain Gauge [db]
# name 6 = specc: Specific Conductance [uS/cm]
# name 7 = sal00: Salinity, Practical [PSU]
# name 8 = tv290C: Temperature [ITS-90, deg C]
# name 9 = depSM: Depth [salt water, m], lat = 59.00
# name 10 = potemp090C: Potential Temperature [ITS-90, deg C]
# name 11 = sigma-é00: Density [sigma-theta, kg/m^3]
# name 12 = sbeox0ML/L: Oxygen, SBE 43 [ml/l]
# name 13 = sbeox0Mg/L: Oxygen, SBE 43 [mg/l]
# name 14 = sbeox0PS: Oxygen, SBE 43 [% saturation]
# name 15 = sbox0Mm/Kg: Oxygen, SBE 43 [umol/kg]
# name 16 = sbeox0Mm/L: Oxygen, SBE 43 [umol/l]
# name 17 = sbox0dV/dT: Oxygen, SBE 43 [dov/dt]
# name 18 = oxsolML/L: Oxygen Saturation, Garcia & Gordon [ml/l]
# name 19 = oxsolMg/L: Oxygen Saturation, Garcia & Gordon [mg/l]
# name 20 = oxsolMm/Kg: Oxygen Saturation, Garcia & Gordon [umol/kg]
# name 21 = potemp090C: Potential Temperature [ITS-90, deg C]
# name 22 = n2satMg/L: Nitrogen Saturation [mg/l]
# name 23 = par: PAR/Irradiance, Biospherical/Licor
# name 24 = flECO-AFL: Fluorescence, WET Labs ECO-AFL/FL [mg/m^3]
# name 25 = turbWETntu0: Turbidity, WET Labs ECO [NTU]
# name 26 = flag: flag
# span 0 =        384,        909       
# span 1 =   4.829360,   4.830880       
# span 2 =    0.02659,    0.06306       
# span 3 =     1.5951,     3.7835       
# span 4 =     95.705,    227.012       
# span 5 =      1.010,     86.831       
# span 6 =  49546.460,  51196.768       
# span 7 =    30.0651,    31.7307       
# span 8 =     2.2803,     4.6878       
# span 9 =      1.000,     86.000       
# span 10 =     2.2955,     4.6823      
# span 11 =    24.0011,    25.1181      
# span 12 =     7.0707,     7.5667      
# span 13 =    10.1048,    10.8136      
# span 14 =     92.207,    101.740      
# span 15 =    308.178,    329.715      
# span 16 =    315.778,    337.929      
# span 17 =   -0.00090,    0.00611      
# span 18 =    7.28419,    7.81766      
# span 19 =   10.40984,   11.17222      
# span 20 =  317.34095,  340.95354      
# span 21 =     2.2803,     4.6819      
# span 22 =   16.30526,   17.43395      
# span 23 = 3.7889e-02, 1.5518e+00      
# span 24 =     0.1995,     0.6956      
# span 25 =     0.5843,     2.3060      
# span 26 = 0.0000e+00, 0.0000e+00      
# interval = meters: 1                  
# start_time = Jan 04 2013 19:52:41 [Instrument's time stamp, header]
# bad_flag = -9.990e-29
*END*
        384   4.829360    0.02659     1.5951     95.705      1.010  49546.460    30.0651     2.2803      1.000     2.2955    24.0011     7.2085    10.3017     92.207    314.386    321.932    0.00098    7.81766   11.17222  340.95354     2.2803   17.43395 1.5518e+00     0.2423     2.3060 0.0000e+00
        391   4.829381    0.02708     1.6250     97.503      2.019  50026.203    30.4330     2.4579      2.000     2.5427    24.2823     7.2380    10.3438     93.239    315.586    323.250    0.00330    7.76326   11.09447  338.48814     2.4578   17.31548 6.2208e-01     0.2284     2.1827 0.0000e+00
        400   4.829407    0.02771     1.6625     99.752      3.028  50197.583    30.6268     2.7589      3.000     2.8014    24.4146     7.2920    10.4209     94.768    317.897    325.659    0.00611    7.69456   10.99630  335.44915     2.7587   17.17045 3.1353e-01     0.2317     1.8480 0.0000e+00
        410   4.829435    0.02839     1.7033    102.197      4.038  50280.329    30.7274     2.9341      4.000     2.9591    24.4812     7.2161    10.3126     94.258    314.572    322.273    0.00299    7.65568   10.94074  333.73260     2.9339   17.08853 1.7949e-01     0.2326     1.6840 0.0000e+00
        420   4.829464    0.02908     1.7447    104.681      5.047  50414.010    30.8528     3.0736      5.000     3.1129    24.5698     7.1631    10.2368     93.973    312.234    319.906    0.00132    7.62262   10.89349  332.26261     3.0734   17.01821 1.0920e-01     0.2282     1.6118 0.0000e+00
        430   4.829494    0.02979     1.7873    107.239      6.057  50466.095    30.9266     3.2282      6.000     3.2425    24.6159     7.1473    10.2142     94.172    311.531    319.200    0.00137    7.58959   10.84628  330.80795     3.2279   16.94882 6.4237e-02     0.2197     1.5430 0.0000e+00
        440   4.829523    0.03050     1.8299    109.793      7.066  50510.496    30.9694     3.2810      7.000     3.2879    24.6456     7.0846    10.1245     93.495    308.785    316.396   -0.00077    7.57747   10.82896  330.26992     3.2806   16.92309 4.6928e-02     0.2289     1.4957 0.0000e+00
        448   4.829547    0.03107     1.8644    111.863      8.076  50537.619    30.9931     3.3044      8.000     3.3077    24.6624     7.0707    10.1048     93.382    308.178    315.778   -0.00086    7.57185   10.82093  330.01980     3.3040   16.91111 3.9175e-02     0.1995     1.4835 0.0000e+00
        456   4.829570    0.03162     1.8973    113.836      9.085  50554.305    31.0081     3.3215      9.000     3.3240    24.6730     7.0827    10.1219     93.590    308.699    316.315   -0.00011    7.56787   10.81525  329.84308     3.3210   16.90265 3.7963e-02     0.2218     1.4528 0.0000e+00
        464   4.829592    0.03215     1.9293    115.757     10.094  50552.690    31.0079     3.3270     10.000     3.3265    24.6723     7.1029    10.1507     93.868    309.577    317.215    0.00060    7.56687   10.81381  329.79934     3.3264   16.90058 3.7914e-02     0.2187     1.4633 0.0000e+00
        472   4.829615    0.03271     1.9624    117.743     11.104  50554.593    31.0085     3.3265     11.000     3.3260    24.6729     7.1311    10.1911     94.240    310.806    318.475    0.00136    7.56693   10.81389  329.80168     3.3258   16.90069 3.7912e-02     0.2140     1.4904 0.0000e+00
        480   4.829638    0.03326     1.9959    119.755     12.114  50554.758    31.0084     3.3275     12.000     3.3269    24.6727     7.1658    10.2406     94.701    312.318    320.024    0.00211    7.56674   10.81363  329.79376     3.3268   16.90031 3.7912e-02     0.2156     1.4770 0.0000e+00
        488   4.829662    0.03382     2.0294    121.762     13.123  50555.014    31.0080     3.3275     13.000     3.3267    24.6724     7.2039    10.2951     95.205    313.980    321.726    0.00275    7.56676   10.81366  329.79465     3.3268   16.90035 3.7913e-02     0.2195     1.4656 0.0000e+00
        496   4.829685    0.03438     2.0630    123.780     14.132  50555.855    31.0081     3.3275     14.000     3.3268    24.6725     7.2430    10.3510     95.722    315.685    323.474    0.00326    7.56675   10.81364  329.79417     3.3267   16.90033 3.7929e-02     0.2427     1.4566 0.0000e+00
        504   4.829707    0.03491     2.0945    125.671     15.142  50555.831    31.0079     3.3287     15.000     3.3283    24.6722     7.2837    10.4091     96.262    317.457    325.289    0.00373    7.56655   10.81336  329.78569     3.3278   16.89993 3.7913e-02     0.2554     1.4694 0.0000e+00
        511   4.829729    0.03545     2.1267    127.601     16.152  50554.572    31.0067     3.3295     16.000     3.3287    24.6712     7.3101    10.4468     96.612    318.607    326.467    0.00357    7.56646   10.81322  329.78186     3.3286   16.89975 3.7912e-02     0.2587     1.5178 0.0000e+00
        519   4.829750    0.03594     2.1568    129.407     17.162  50559.687    31.0105     3.3328     17.000     3.3334    24.6739     7.3373    10.4858     96.982    319.794    327.685    0.00357    7.56564   10.81206  329.74545     3.3318   16.89800 3.7912e-02     0.2725     1.4926 0.0000e+00
        526   4.829771    0.03644     2.1864    131.185     18.171  50561.483    31.0123     3.3373     18.000     3.3367    24.6750     7.3690    10.5311     97.413    321.177    329.102    0.00373    7.56471   10.81073  329.70438     3.3362   16.89604 3.7912e-02     0.2659     1.4901 0.0000e+00
        532   4.829789    0.03687     2.2122    132.731     19.180  50558.990    31.0102     3.3375     19.000     3.3360    24.6733     7.4001    10.5754     97.822    322.529    330.487    0.00393    7.56479   10.81083  329.70836     3.3364   16.89624 3.7912e-02     0.2583     1.4669 0.0000e+00
        538   4.829807    0.03732     2.2393    134.357     20.190  50556.674    31.0077     3.3359     20.000     3.3340    24.6715     7.4272    10.6142     98.176    323.711    331.698    0.00389    7.56522   10.81145  329.72772     3.3347   16.89717 3.7920e-02     0.2718     1.4891 0.0000e+00
        544   4.829825    0.03774     2.2643    135.856     21.199  50557.085    31.0069     3.3338     21.000     3.3325    24.6711     7.4510    10.6482     98.485    324.750    332.762    0.00381    7.56563   10.81204  329.74590     3.3326   16.89804 3.8075e-02     0.2762     1.4787 0.0000e+00
        551   4.829844    0.03819     2.2913    137.478     22.208  50560.758    31.0091     3.3346     22.000     3.3341    24.6727     7.4772    10.6857     98.835    325.892    333.933    0.00380    7.56536   10.81166  329.73370     3.3334   16.89745 4.2999e-02     0.2990     1.4667 0.0000e+00
        557   4.829862    0.03862     2.3174    139.042     23.219  50577.848    31.0215     3.3398     23.000     3.3445    24.6821     7.4896    10.7033     99.019    326.427    334.484    0.00338    7.56377   10.80938  329.66126     3.3385   16.89396 5.9558e-02     0.4828     1.4543 0.0000e+00
        564   4.829880    0.03907     2.3442    140.652     24.228  50672.839    31.0952     3.3796     24.000     3.4078    24.7373     7.5118    10.7351     99.461    327.380    335.478    0.00372    7.55256   10.79337  329.15496     3.3782   16.86960 3.9654e-02     0.6246     1.4446 0.0000e+00
        570   4.829899    0.03950     2.3703    142.219     25.237  50737.207    31.1630     3.4790     25.000     3.5011    24.7827     7.5487    10.7879    100.241    328.973    337.126    0.00496    7.53059   10.76196  328.18284     3.4775   16.82314 3.7889e-02     0.6469     1.3725 0.0000e+00
        576   4.829916    0.03993     2.3959    143.755     26.247  50724.518    31.1653     3.5255     26.000     3.5317    24.7806     7.5562    10.7986    100.457    329.301    337.461    0.00446    7.52185   10.74947  327.80268     3.5239   16.80506 3.7916e-02     0.6430     1.2853 0.0000e+00
        582   4.829934    0.04037     2.4219    145.313     27.257  50740.749    31.1813     3.5477     27.000     3.5534    24.7913     7.5284    10.7588    100.153    328.084    336.217    0.00260    7.51692   10.74242  327.58429     3.5461   16.79462 3.7912e-02     0.6430     1.2553 0.0000e+00
        588   4.829952    0.04078     2.4468    146.807     28.266  50802.138    31.2314     3.5840     28.000     3.6080    24.8279     7.5248    10.7537    100.229    327.916    336.057    0.00219    7.50765   10.72918  327.16882     3.5824   16.77467 3.7912e-02     0.6575     1.2422 0.0000e+00
        594   4.829969    0.04120     2.4723    148.336     29.275  50846.179    31.2821     3.6709     29.000     3.6965    24.8604     7.5517    10.7921    100.836    329.077    337.258    0.00332    7.48906   10.70262  326.34846     3.6692   16.73547 3.7912e-02     0.6535     1.2399 0.0000e+00
        600   4.829987    0.04163     2.4975    149.850     30.285  50893.491    31.3345     3.7565     30.000     3.7961    24.8943     7.5587    10.8022    101.178    329.374    337.573    0.00353    7.47072   10.67641  325.53842     3.7546   16.69676 3.7912e-02     0.6454     1.1903 0.0000e+00
        607   4.830005    0.04205     2.5232    151.393     31.295  50900.553    31.3714     3.8919     31.000     3.9189    24.9111     7.5667    10.8136    101.647    329.715    337.929    0.00402    7.44413   10.63841  324.37442     3.8899   16.64127 3.7912e-02     0.6428     1.1408 0.0000e+00
        613   4.830022    0.04248     2.5489    152.931     32.304  50863.215    31.3597     3.9511     32.000     3.9567    24.8963     7.5467    10.7849    101.516    328.847    337.034    0.00281    7.43394   10.62385  323.93499     3.9491   16.62043 3.7912e-02     0.6390     1.1265 0.0000e+00
        619   4.830040    0.04290     2.5740    154.438     33.314  50860.597    31.3619     3.9701     33.000     3.9731    24.8963     7.4966    10.7134    100.891    326.665    334.798    0.00044    7.43038   10.61875  323.77968     3.9681   16.61303 3.7912e-02     0.6327     1.1253 0.0000e+00
        625   4.830057    0.04331     2.5991    155.947     34.324  50874.514    31.3751     3.9879     34.000     3.9942    24.9051     7.4870    10.6996    100.814    326.243    334.368    0.00009    7.42649   10.61320  323.60767     3.9857   16.60480 3.7912e-02     0.6385     1.1493 0.0000e+00
        630   4.830073    0.04371     2.6227    157.360     35.333  50890.151    31.3913     4.0134     35.000     4.0208    24.9155     7.4919    10.7066    100.955    326.454    334.587    0.00042    7.42106   10.60543  323.36754     4.0111   16.59332 3.7912e-02     0.6405     1.1514 0.0000e+00
        636   4.830089    0.04408     2.6449    158.695     36.343  50900.272    31.4038     4.0392     36.000     4.0453    24.9230     7.4982    10.7156    101.111    326.725    334.868    0.00076    7.41575   10.59785  323.13393     4.0369   16.58216 3.7912e-02     0.6442     1.1461 0.0000e+00
        641   4.830104    0.04444     2.6668    160.007     37.352  50906.052    31.4119     4.0588     37.000     4.0604    24.9275     7.4927    10.7078    101.091    326.484    334.623    0.00053    7.41181   10.59221  322.96083     4.0565   16.57390 3.7912e-02     0.6426     1.0967 0.0000e+00
        646   4.830120    0.04481     2.6888    161.328     38.362  50934.866    31.4332     4.0679     38.000     4.0737    24.9435     7.4836    10.6947    101.004    326.081    334.215    0.00015    7.40911   10.58836  322.83823     4.0655   16.56798 3.7912e-02     0.6555     1.0572 0.0000e+00
        652   4.830135    0.04518     2.7110    162.658     39.372  50962.617    31.4590     4.0995     39.000     4.1096    24.9611     7.4886    10.7019    101.168    326.296    334.441    0.00052    7.40212   10.57837  322.52818     4.0969   16.55313 3.7912e-02     0.6462     1.0368 0.0000e+00
        657   4.830151    0.04557     2.7342    164.052     40.381  50964.808    31.4672     4.1299     40.000     4.1355    24.9646     7.5003    10.7187    101.407    326.806    334.965    0.00108    7.39624   10.56997  322.27068     4.1273   16.54085 3.7912e-02     0.6236     0.9931 0.0000e+00
        663   4.830167    0.04594     2.7567    165.401     41.391  50977.713    31.4807     4.1520     41.000     4.1580    24.9732     7.4891    10.7026    101.319    326.313    334.463    0.00060    7.39158   10.56330  322.06480     4.1493   16.53101 3.7912e-02     0.6236     0.9747 0.0000e+00
        668   4.830182    0.04632     2.7792    166.750     42.401  50994.245    31.4973     4.1771     42.000     4.1859    24.9840     7.4773    10.6858    101.233    325.797    333.936    0.00021    7.38624   10.55567  321.82887     4.1744   16.51972 3.7912e-02     0.6333     0.9713 0.0000e+00
        673   4.830198    0.04670     2.8020    168.121     43.410  50995.251    31.5036     4.2033     43.000     4.2035    24.9864     7.4760    10.6840    101.285    325.740    333.880    0.00028    7.38122   10.54850  321.60944     4.2005   16.50925 3.7912e-02     0.6309     0.9338 0.0000e+00
        679   4.830215    0.04710     2.8259    169.553     44.420  51005.918    31.5110     4.2059     44.000     4.2047    24.9920     7.4628    10.6650    101.116    325.161    333.287   -0.00026    7.38039   10.54731  321.57138     4.2030   16.50741 3.7912e-02     0.6347     0.9205 0.0000e+00
        685   4.830230    0.04747     2.8485    170.910     45.430  51063.502    31.5541     4.2245     45.000     4.2427    25.0245     7.4555    10.6547    101.093    324.835    332.964   -0.00033    7.37493   10.53951  321.32328     4.2215   16.49544 3.7912e-02     0.6313     0.9461 0.0000e+00
        690   4.830247    0.04787     2.8718    172.308     46.440  51078.962    31.5787     4.2868     46.000     4.3043    25.0379     7.4731    10.6797    101.501    325.593    333.745    0.00084    7.36255   10.52183  320.78013     4.2837   16.46951 3.7912e-02     0.6421     0.9767 0.0000e+00
        696   4.830263    0.04825     2.8953    173.719     47.448  51083.192    31.5940     4.3426     47.000     4.3572    25.0445     7.4737    10.6807    101.659    325.624    333.778    0.00113    7.35183   10.50651  320.31086     4.3395   16.44712 3.7912e-02     0.6339     0.9186 0.0000e+00
        701   4.830279    0.04863     2.9180    175.081     48.459  51078.248    31.5995     4.3834     48.000     4.3897    25.0448     7.4582    10.6585    101.551    324.944    333.083    0.00058    7.34431   10.49575  319.98286     4.3801   16.43150 3.7912e-02     0.6275     0.8450 0.0000e+00
        707   4.830295    0.04903     2.9415    176.492     49.468  51083.682    31.6084     4.4077     49.000     4.4139    25.0494     7.4436    10.6377    101.419    324.310    332.434    0.00006    7.33953   10.48893  319.77360     4.4044   16.42150 3.7912e-02     0.6294     0.8079 0.0000e+00
        712   4.830310    0.04939     2.9633    177.798     50.478  51105.276    31.6297     4.4385     50.000     4.4523    25.0632     7.4356    10.6261    101.398    323.952    332.072   -0.00004    7.33303   10.47963  319.48582     4.4351   16.40773 3.7912e-02     0.6471     0.7837 0.0000e+00
        718   4.830326    0.04976     2.9857    179.142     51.488  51127.263    31.6560     4.4899     51.000     4.5088    25.0789     7.4344    10.6246    101.527    323.899    332.022    0.00030    7.32263   10.46477  319.02790     4.4864   16.38583 3.7912e-02     0.6459     0.7085 0.0000e+00
        723   4.830342    0.05014     3.0085    180.511     52.497  51135.780    31.6755     4.5521     52.000     4.5685    25.0880     7.4379    10.6295    101.740    324.047    332.176    0.00084    7.31068   10.44769  318.50424     4.5485   16.36085 3.7912e-02     0.6446     0.6452 0.0000e+00
        728   4.830357    0.05052     3.0311    181.863     53.507  51123.900    31.6771     4.5973     53.000     4.6031    25.0846     7.4265    10.6132    101.696    323.551    331.667    0.00055    7.30263   10.43619  318.15473     4.5936   16.34421 3.7912e-02     0.6551     0.6159 0.0000e+00
