CTD-processing/allCTD/CNV/2013_02-12_alongbay_skb09_cast041_5028.cnv
* Sea-Bird SBE19plus Data File:
* FileName = C:\Documents and Settings\kris.holderied.local\My Documents\2012-2013-CTD-DATA-new-files\2013-02-EVOSTC-CookInlet\2013-02-12-along-KBay-line\2012-02-12-Along-KBay-line-cast041.hex
* Software Version 1.54
* Temperature SN =  5028
* Conductivity SN =  5028
* System UpLoad Time = Mar 14 2013 23:54:03
** Kachemak Bay - along-bay transect, west to east
** Date:  12 Feb 2013
** Station: KB-08
** Start time (AKDT-24 hr): 20:15
** Depth (m): 77
** Comment: CTD time set wrong by 2 hours
** Comment: Supplement to Gulf Watch sampling
# nquan = 27
# nvalues = 74                          
# units = specified
# name 0 = scan: Scan Count
# name 1 = timeJ: Julian Days
# name 2 = timeH: Time, Elapsed [hours]
# name 3 = timeM: Time, Elapsed [minutes]
# name 4 = timeS: Time, Elapsed [seconds]
# name 5 = prdM: Pressure, Strain Gauge [db]
# name 6 = specc: Specific Conductance [uS/cm]
# name 7 = sal00: Salinity, Practical [PSU]
# name 8 = tv290C: Temperature [ITS-90, deg C]
# name 9 = depSM: Depth [salt water, m], lat = 59.00
# name 10 = potemp090C: Potential Temperature [ITS-90, deg C]
# name 11 = sigma-é00: Density [sigma-theta, kg/m^3]
# name 12 = sbeox0ML/L: Oxygen, SBE 43 [ml/l]
# name 13 = sbeox0Mg/L: Oxygen, SBE 43 [mg/l]
# name 14 = sbeox0PS: Oxygen, SBE 43 [% saturation]
# name 15 = sbox0Mm/Kg: Oxygen, SBE 43 [umol/kg]
# name 16 = sbeox0Mm/L: Oxygen, SBE 43 [umol/l]
# name 17 = sbox0dV/dT: Oxygen, SBE 43 [dov/dt]
# name 18 = oxsolML/L: Oxygen Saturation, Garcia & Gordon [ml/l]
# name 19 = oxsolMg/L: Oxygen Saturation, Garcia & Gordon [mg/l]
# name 20 = oxsolMm/Kg: Oxygen Saturation, Garcia & Gordon [umol/kg]
# name 21 = potemp090C: Potential Temperature [ITS-90, deg C]
# name 22 = n2satMg/L: Nitrogen Saturation [mg/l]
# name 23 = par: PAR/Irradiance, Biospherical/Licor
# name 24 = flECO-AFL: Fluorescence, WET Labs ECO-AFL/FL [mg/m^3]
# name 25 = turbWETntu0: Turbidity, WET Labs ECO [NTU]
# name 26 = flag: flag
# span 0 =         55,        925       
# span 1 =  43.927088,  43.929607       
# span 2 =    0.00373,    0.06419       
# span 3 =     0.2235,     3.8511       
# span 4 =     13.413,    231.066       
# span 5 =      1.010,     74.712       
# span 6 =  50425.975,  51422.261       
# span 7 =    30.9572,    31.6290       
# span 8 =     3.2376,     3.5090       
# span 9 =      1.000,     74.000       
# span 10 =     3.3049,     3.5068      
# span 11 =    24.6363,    25.1559      
# span 12 =     6.5749,     7.7341      
# span 13 =     9.3962,    11.0529      
# span 14 =     86.616,    103.078      
# span 15 =    286.609,    336.941      
# span 16 =    293.636,    345.407      
# span 17 =   -0.00060,    0.00950      
# span 18 =    7.50278,    7.59119      
# span 19 =   10.72222,   10.84857      
# span 20 =  326.86099,  330.91154      
# span 21 =     3.2375,     3.5057      
# span 22 =   16.75856,   16.95337      
# span 23 = 3.7852e-02, 8.7844e-01      
# span 24 =     0.3099,     0.4511      
# span 25 =     1.4555,     2.2846      
# span 26 = 0.0000e+00, 0.0000e+00      
# interval = meters: 1                  
# start_time = Feb 12 2013 22:14:47 [Instrument's time stamp, header]
# bad_flag = -9.990e-29
*END*
[from data line 54]
        725  43.929029    0.05030     3.0182    181.091     55.527  51390.759    31.5969     3.5033     55.000     3.5012    25.1262     7.7194    11.0318    102.872    336.300    344.750   -0.00011    7.50395   10.72390  326.91252     3.5000   16.76101 3.7912e-02     0.3361     2.1770 0.0000e+00
        739  43.929069    0.05126     3.0756    184.538     56.536  51392.358    31.5990     3.5090     56.000     3.5068    25.1273     7.7229    11.0368    102.934    336.451    344.905    0.00005    7.50278   10.72222  326.86099     3.5057   16.75856 3.7912e-02     0.3384     2.1522 0.0000e+00
        752  43.929107    0.05218     3.1307    187.840     57.546  51390.425    31.5971     3.5089     57.000     3.5054    25.1259     7.7213    11.0345    102.911    336.381    344.833   -0.00008    7.50291   10.72241  326.86713     3.5055   16.75886 3.7912e-02     0.3279     2.2083 0.0000e+00
        765  43.929145    0.05308     3.1848    191.086     58.556  51390.685    31.5964     3.5076     58.000     3.5036    25.1254     7.7104    11.0189    102.761    335.906    344.346   -0.00046    7.50319   10.72281  326.87963     3.5041   16.75945 3.7912e-02     0.3606     2.1860 0.0000e+00
        778  43.929180    0.05393     3.2356    194.139     59.565  51392.900    31.5975     3.5076     59.000     3.5044    25.1263     7.7186    11.0307    102.872    336.263    344.712   -0.00008    7.50311   10.72270  326.87593     3.5041   16.75927 3.7912e-02     0.3532     2.2817 0.0000e+00
        788  43.929211    0.05467     3.2802    196.813     60.575  51392.870    31.5969     3.5076     60.000     3.5039    25.1259     7.7341    11.0529    103.078    336.941    345.407    0.00039    7.50316   10.72277  326.87809     3.5040   16.75938 3.7912e-02     0.3513     2.2259 0.0000e+00
        800  43.929245    0.05550     3.3300    199.801     61.585  51393.871    31.5969     3.5070     61.000     3.5034    25.1259     7.7276    11.0435    102.989    336.654    345.113    0.00003    7.50326   10.72291  326.88248     3.5034   16.75959 3.7912e-02     0.3560     2.1534 0.0000e+00
        811  43.929276    0.05625     3.3749    202.491     62.594  51394.460    31.5970     3.5077     62.000     3.5039    25.1259     7.7265    11.0419    102.976    336.607    345.064   -0.00005    7.50314   10.72274  326.87707     3.5039   16.75933 3.7912e-02     0.3714     2.2147 0.0000e+00
        821  43.929306    0.05694     3.4165    204.991     63.604  51395.386    31.5971     3.5078     63.000     3.5042    25.1260     7.7100    11.0184    102.758    335.891    344.331   -0.00060    7.50311   10.72269  326.87576     3.5040   16.75927 3.7912e-02     0.3674     2.1983 0.0000e+00
        832  43.929336    0.05769     3.4612    207.675     64.614  51395.807    31.5971     3.5088     64.000     3.5051    25.1259     7.7071    11.0142    102.721    335.762    344.199   -0.00051    7.50292   10.72243  326.86773     3.5049   16.75889 3.7912e-02     0.3580     2.2400 0.0000e+00
        842  43.929366    0.05840     3.5041    210.249     65.624  51395.975    31.5966     3.5084     65.000     3.5042    25.1256     7.7221    11.0356    102.919    336.415    344.868    0.00013    7.50302   10.72257  326.87220     3.5045   16.75910 3.7912e-02     0.3576     2.2360 0.0000e+00
        852  43.929395    0.05910     3.5456    212.738     66.634  51397.562    31.5972     3.5083     66.000     3.5045    25.1260     7.7242    11.0387    102.949    336.509    344.964    0.00012    7.50301   10.72254  326.87121     3.5044   16.75906 3.7912e-02     0.3351     2.1867 0.0000e+00
        862  43.929423    0.05976     3.5855    215.129     67.644  51397.619    31.5966     3.5080     67.000     3.5037    25.1256     7.7232    11.0373    102.934    336.466    344.919    0.00001    7.50311   10.72269  326.87585     3.5039   16.75927 3.7912e-02     0.3129     2.2338 0.0000e+00
        871  43.929450    0.06040     3.6240    217.442     68.653  51399.033    31.5969     3.5075     68.000     3.5035    25.1259     7.7255    11.0406    102.964    336.567    345.023    0.00005    7.50317   10.72278  326.87832     3.5035   16.75939 3.7912e-02     0.3192     2.1890 0.0000e+00
        880  43.929475    0.06102     3.6611    219.667     69.663  51399.641    31.5969     3.5078     69.000     3.5038    25.1259     7.7280    11.0441    102.997    336.674    345.133    0.00008    7.50312   10.72270  326.87604     3.5037   16.75928 3.7912e-02     0.3129     2.1917 0.0000e+00
        888  43.929500    0.06162     3.6971    221.824     70.672  51399.868    31.5966     3.5079     70.000     3.5036    25.1256     7.7204    11.0333    102.896    336.343    344.794   -0.00022    7.50312   10.72271  326.87633     3.5037   16.75930 3.7912e-02     0.3108     2.2240 0.0000e+00
        897  43.929526    0.06223     3.7340    224.041     71.682  51400.644    31.5966     3.5077     71.000     3.5034    25.1256     7.7211    11.0342    102.905    336.373    344.824   -0.00017    7.50315   10.72276  326.87787     3.5034   16.75938 3.7912e-02     0.3222     2.2646 0.0000e+00
        906  43.929553    0.06288     3.7725    226.351     72.692  51401.286    31.5965     3.5078     72.000     3.5036    25.1256     7.7236    11.0378    102.938    336.482    344.936   -0.00007    7.50314   10.72274  326.87741     3.5035   16.75935 3.7912e-02     0.3099     2.2030 0.0000e+00
        915  43.929578    0.06349     3.8093    228.556     73.702  51401.542    31.5962     3.5082     73.000     3.5038    25.1253     7.7240    11.0383    102.944    336.496    344.951   -0.00006    7.50308   10.72265  326.87452     3.5038   16.75921 3.7912e-02     0.3297     2.2192 0.0000e+00
        925  43.929607    0.06419     3.8511    231.066     74.712  51402.274    31.5962     3.5082     74.000     3.5039    25.1253     7.7257    11.0408    102.967    336.574    345.030   -0.00002    7.50308   10.72265  326.87465     3.5038   16.75922 3.7912e-02     0.3235     2.2512 0.0000e+00
