CTD-processing/allCTD/CNV/2013_07-21_t6_s15_cast063_5028.cnv
* Sea-Bird SBE19plus Data File:
* FileName = C:\Users\kris.holderied\Documents\kasitsna\Research-Projects-and-Data\Oceanography-AK\CTD-CookInlet-GulfWatchAK\2013-07-EVOSTC-CookInlet-Ocean\2013-07-21-22-CookInlet-Tran6-Douglas\2013-07-21-22-CookInlet-Tran6-Douglas-cast063.hex
* Software Version 1.59
* Temperature SN =  5028
* Conductivity SN =  5028
* System UpLoad Time = Apr 09 2014 21:05:36
** Cook Inlet LTM Transect 6 (Douglas) west to east
** Date: 2013-07-21/22
** Station: 6-15
** Start time: 22:37
** Depth (m): 152
** CoComment:
** Comment:
# nquan = 27
# nvalues = 146                         
# units = specified
# name 0 = scan: Scan Count
# name 1 = timeJ: Julian Days
# name 2 = timeH: Time, Elapsed [hours]
# name 3 = timeM: Time, Elapsed [minutes]
# name 4 = timeS: Time, Elapsed [seconds]
# name 5 = prdM: Pressure, Strain Gauge [db]
# name 6 = specc: Specific Conductance [uS/cm]
# name 7 = sal00: Salinity, Practical [PSU]
# name 8 = tv290C: Temperature [ITS-90, deg C]
# name 9 = depSM: Depth [salt water, m], lat = 59.00
# name 10 = potemp090C: Potential Temperature [ITS-90, deg C]
# name 11 = sigma-é00: Density [sigma-theta, kg/m^3]
# name 12 = sbeox0ML/L: Oxygen, SBE 43 [ml/l]
# name 13 = sbeox0Mg/L: Oxygen, SBE 43 [mg/l]
# name 14 = sbeox0PS: Oxygen, SBE 43 [% saturation]
# name 15 = sbox0Mm/Kg: Oxygen, SBE 43 [umol/kg]
# name 16 = sbeox0Mm/L: Oxygen, SBE 43 [umol/l]
# name 17 = sbox0dV/dT: Oxygen, SBE 43 [dov/dt]
# name 18 = oxsolML/L: Oxygen Saturation, Garcia & Gordon [ml/l]
# name 19 = oxsolMg/L: Oxygen Saturation, Garcia & Gordon [mg/l]
# name 20 = oxsolMm/Kg: Oxygen Saturation, Garcia & Gordon [umol/kg]
# name 21 = potemp090C: Potential Temperature [ITS-90, deg C]
# name 22 = n2satMg/L: Nitrogen Saturation [mg/l]
# name 23 = par: PAR/Irradiance, Biospherical/Licor
# name 24 = flECO-AFL: Fluorescence, WET Labs ECO-AFL/FL [mg/m^3]
# name 25 = turbWETntu0: Turbidity, WET Labs ECO [NTU]
# name 26 = flag: flag
# span 0 =          5,       1316       
# span 1 = 202.943311, 202.947102       
# span 2 =    0.00030,    0.09129       
# span 3 =     0.0176,     5.4771       
# span 4 =      1.056,    328.627       
# span 5 =      1.010,    147.431       
# span 6 =  49482.328,  51907.513       
# span 7 =    31.5012,    32.2435       
# span 8 =     4.9314,    10.0375       
# span 9 =      1.000,    146.000       
# span 10 =     4.9206,    10.0382      
# span 11 =    24.2153,    25.4991      
# span 12 =     4.8601,     7.6063      
# span 13 =     6.9456,    10.8701      
# span 14 =     75.320,    117.169      
# span 15 =    211.922,    331.637      
# span 16 =    217.051,    339.696      
# span 17 =   -0.01372,    0.02802      
# span 18 =    6.45288,    7.21678      
# span 19 =    9.22181,   10.31350      
# span 20 =  281.36426,  314.28735      
# span 21 =     4.9206,    10.0374      
# span 22 =   14.58945,   16.15786      
# span 23 = 4.3687e-02, 1.0529e+01      
# span 24 =     0.2636,     4.9555      
# span 25 =     0.2678,     1.6415      
# span 26 = 0.0000e+00, 0.0000e+00      
# interval = meters: 1                  
# start_time = Jul 21 2013 22:38:21 [Instrument's time stamp, header]
# bad_flag = -9.990e-29
*END*
          5 202.943311    0.00030     0.0176      1.056      1.010  49482.328    31.5012    10.0375      1.000    10.0382    24.2153     4.8601     6.9456     75.320    211.922    217.051    0.00388    6.45288    9.22181  281.37454    10.0374   14.59023 1.0529e+01     4.5513     1.6415 0.0000e+00
        202 202.943879    0.01393     0.8358     50.147      2.018  49588.316    31.5685    10.0153      2.000    10.0184    24.2712     6.8248     9.7534    105.756    297.574    304.796    0.02802    6.45305    9.22205  281.36426    10.0151   14.58945 6.3071e+00     4.8454     0.5624 0.0000e+00
        288 202.944128    0.01991     1.1946     71.673      3.028  49555.150    31.5433    10.0052      3.000    10.0049    24.2532     7.2506    10.3618    112.317    316.145    323.813    0.01300    6.45551    9.22557  281.47641    10.0049   14.59492 4.3628e+00     4.8647     0.5298 0.0000e+00
        290 202.944134    0.02004     1.2022     72.131      4.038  49556.206    31.5438    10.0059      4.000    10.0058    24.2535     7.2575    10.3717    112.425    316.445    324.120    0.01182    6.45539    9.22540  281.47110    10.0055   14.59467 3.0494e+00     4.9269     0.5387 0.0000e+00
        293 202.944143    0.02027     1.2163     72.980      5.048  49555.083    31.5425    10.0056      5.000    10.0015    24.2526     7.2960    10.4267    113.019    318.123    325.838    0.01179    6.45549    9.22554  281.47581    10.0051   14.59490 2.1275e+00     4.9555     0.5439 0.0000e+00
        298 202.944158    0.02062     1.2374     74.243      6.057  49563.761    31.5463     9.9910      6.000     9.9831    24.2580     7.3729    10.5367    114.178    321.477    329.275    0.01293    6.45740    9.22827  281.55751     9.9903   14.59879 1.5796e+00     4.9437     0.5640 0.0000e+00
        306 202.944181    0.02117     1.2704     76.224      7.066  49581.229    31.5558     9.9718      7.000     9.9677    24.2685     7.4333    10.6229    115.071    324.103    331.969    0.01123    6.45972    9.23159  281.65585     9.9710   14.60346 1.2025e+00     4.8015     0.5294 0.0000e+00
        311 202.944196    0.02155     1.2930     77.578      8.076  49583.326    31.5548     9.9561      8.000     9.9434    24.2704     7.4665    10.6703    115.545    325.551    333.452    0.00991    6.46197    9.23480  281.75335     9.9553   14.60813 9.0182e-01     4.7281     0.5235 0.0000e+00
        317 202.944213    0.02194     1.3167     79.002      9.085  49602.164    31.5640     9.9274      9.000     9.9172    24.2822     7.5408    10.7765    116.628    328.787    336.771    0.01080    6.46566    9.24008  281.91090     9.9264   14.61563 6.9597e-01     4.6353     0.5435 0.0000e+00
        325 202.944236    0.02249     1.3495     80.973     10.095  49603.724    31.5583     9.8782     10.000     9.8437    24.2858     7.5842    10.8385    117.169    330.678    338.709    0.00873    6.47287    9.25038  282.22438     9.8771   14.63065 5.6062e-01     4.3845     0.5005 0.0000e+00
        329 202.944248    0.02279     1.3673     82.038     11.104  49595.742    31.5403     9.7870     11.000     9.7076    24.2865     7.5782    10.8301    116.828    330.418    338.443    0.00554    6.48661    9.27000  282.82295     9.7858   14.65935 4.4671e-01     4.1874     0.4871 0.0000e+00
        332 202.944257    0.02301     1.3806     82.839     12.113  49607.623    31.5293     9.6438     12.000     9.5403    24.3009     7.6063    10.8701    116.885    331.637    339.696    0.00480    6.50753    9.29990  283.73113     9.6425   14.70283 3.6646e-01     3.6622     0.4592 0.0000e+00
        337 202.944270    0.02330     1.3981     83.884     13.123  49710.706    31.5763     9.4557     13.000     9.3981    24.3675     7.5704    10.8188    115.889    330.050    338.093    0.00066    6.53258    9.33571  284.80493     9.4542   14.75400 3.1423e-01     2.7423     0.4010 0.0000e+00
        343 202.944289    0.02376     1.4258     85.550     14.133  49789.889    31.6152     9.3342     14.000     9.3172    24.4172     7.3846    10.5533    112.769    321.936    329.797   -0.00979    6.54846    9.35839  285.48324     9.3327   14.78628 2.7710e-01     1.9066     0.3611 0.0000e+00
        348 202.944304    0.02412     1.4471     86.824     15.143  49780.712    31.6022     9.2902     15.000     9.2612    24.4139     7.3300    10.4753    111.816    319.555    327.356   -0.01094    6.55539    9.36830  285.78641     9.2885   14.80082 2.3916e-01     1.7152     0.3549 0.0000e+00
        353 202.944317    0.02445     1.4669     88.015     16.152  49782.864    31.5927     9.2136     16.000     9.1760    24.4184     7.3582    10.5157    112.050    320.787    328.620   -0.00778    6.56692    9.38479  286.28817     9.2119   14.82485 2.1177e-01     1.5024     0.3344 0.0000e+00
        358 202.944331    0.02479     1.4872     89.233     17.161  49824.081    31.6108     9.1391     17.000     9.1164    24.4442     7.3538    10.5093    111.811    320.586    328.421   -0.00679    6.57701    9.39920  286.72063     9.1373   14.84546 1.8945e-01     1.2553     0.3197 0.0000e+00
        362 202.944343    0.02508     1.5048     90.286     18.170  49851.724    31.6243     9.1003     18.000     9.0875    24.4608     7.3364    10.4844    111.459    319.820    327.643   -0.00676    6.58210    9.40648  286.93791     9.0984   14.85579 1.6947e-01     1.1400     0.3228 0.0000e+00
        368 202.944361    0.02550     1.5298     91.791     19.180  49867.871    31.6318     9.0760     19.000     9.0681    24.4704     7.3495    10.5032    111.604    320.389    328.229   -0.00460    6.58533    9.41109  287.07599     9.0741   14.86236 1.5353e-01     1.0925     0.3359 0.0000e+00
        375 202.944381    0.02596     1.5580     93.481     20.190  49864.666    31.6260     9.0540     20.000     9.0390    24.4692     7.3713    10.5344    111.877    321.341    329.204   -0.00236    6.58880    9.41606  287.22773     9.0519   14.86963 1.3811e-01     1.0857     0.3422 0.0000e+00
        378 202.944391    0.02621     1.5727     94.360     21.199  49861.152    31.6191     9.0258     21.000     8.9984    24.4682     7.3871    10.5569    112.041    322.029    329.908   -0.00148    6.59323    9.42239  287.42115     9.0236   14.87890 1.2460e-01     1.0575     0.3550 0.0000e+00
        383 202.944404    0.02652     1.5913     95.478     22.209  49882.669    31.6238     8.9565     22.000     8.9229    24.4825     7.4003    10.5758    112.072    322.601    330.499   -0.00109    6.60321    9.43665  287.85211     8.9542   14.89948 1.1437e-01     1.0232     0.3198 0.0000e+00
        390 202.944425    0.02703     1.6219     97.314     23.218  49942.594    31.6530     8.8697     23.000     8.8550    24.5186     7.3774    10.5431    111.530    321.591    329.476   -0.00252    6.61476    9.45315  288.34509     8.8673   14.92293 1.0586e-01     0.9610     0.2792 0.0000e+00
        395 202.944440    0.02739     1.6434     98.601     24.228  49948.160    31.6513     8.8335     24.000     8.8087    24.5228     7.3680    10.5297    111.297    321.181    329.057   -0.00278    6.62017    9.46089  288.58015     8.8310   14.93417 9.6853e-02     0.9660     0.2871 0.0000e+00
        401 202.944455    0.02775     1.6647     99.884     25.237  49949.623    31.6407     8.7577     25.000     8.7015    24.5259     7.3697    10.5321    111.127    321.254    329.132   -0.00272    6.63187    9.47760  289.08909     8.7551   14.95853 9.0038e-02     0.9418     0.2858 0.0000e+00
        407 202.944473    0.02820     1.6919    101.514     26.247  49981.151    31.6225     8.4913     26.000     8.3647    24.5512     7.3177    10.4577    109.677    318.977    326.809   -0.00644    6.67244    9.53558  290.85034     8.4887   15.04275 8.4440e-02     0.8818     0.2850 0.0000e+00
        413 202.944490    0.02859     1.7153    102.916     27.257  50181.090    31.7108     8.1568     27.000     8.0731    24.6694     7.1919    10.2780    107.043    313.458    321.191   -0.01332    6.71901    9.60213  292.84645     8.1541   15.13773 7.9414e-02     0.7775     0.2828 0.0000e+00
        419 202.944508    0.02903     1.7419    104.515     28.266  50332.891    31.7860     7.9617     28.000     7.9230    24.7565     7.1373    10.2000    105.812    311.054    318.755   -0.01372    6.74536    9.63980  293.97019     7.9590   15.19109 7.5202e-02     0.6935     0.2898 0.0000e+00
        425 202.944526    0.02946     1.7677    106.064     29.276  50393.686    31.8102     7.8507     29.000     7.8149    24.7912     7.1385    10.2017    105.580    311.094    318.806   -0.01073    6.76130    9.66257  294.65474     7.8479   15.22367 7.1521e-02     0.6336     0.3121 0.0000e+00
        431 202.944542    0.02983     1.7898    107.390     30.286  50441.393    31.8304     7.7725     30.000     7.7422    24.8180     7.0980    10.1438    104.808    309.322    316.998   -0.01074    6.77242    9.67846  295.13161     7.7697   15.24636 6.8469e-02     0.5624     0.2841 0.0000e+00
        437 202.944559    0.03026     1.8156    108.935     31.295  50484.718    31.8447     7.6786     31.000     7.6446    24.8425     7.0664    10.0985    104.127    307.933    315.583   -0.01005    6.78627    9.69827  295.72844     7.6757   15.27479 6.5828e-02     0.5228     0.2689 0.0000e+00
        443 202.944578    0.03070     1.8423    110.537     32.305  50542.151    31.8719     7.6033     32.000     7.5842    24.8743     7.0310    10.0481    103.448    306.385    314.006   -0.00947    6.79673    9.71321  296.17486     7.6003   15.29599 6.3471e-02     0.5133     0.2687 0.0000e+00
        449 202.944595    0.03112     1.8671    112.029     33.314  50567.943    31.8805     7.5501     33.000     7.5304    24.8884     7.0210    10.0337    103.180    305.944    313.558   -0.00794    6.80459    9.72443  296.51302     7.5471   15.31209 6.1303e-02     0.5060     0.2678 0.0000e+00
        455 202.944613    0.03156     1.8935    113.610     34.324  50596.529    31.8946     7.5178     34.000     7.5081    24.9040     7.0147    10.0247    103.021    305.664    313.276   -0.00638    6.80899    9.73073  296.70044     7.5146   15.32098 5.9598e-02     0.4990     0.2791 0.0000e+00
        462 202.944632    0.03201     1.9206    115.237     35.334  50602.789    31.8934     7.4876     35.000     7.4687    24.9072     6.9998    10.0033    102.730    305.012    312.609   -0.00555    6.81374    9.73752  296.90655     7.4844   15.33082 5.8064e-02     0.4766     0.2929 0.0000e+00
        466 202.944645    0.03232     1.9395    116.372     36.343  50629.378    31.9061     7.4560     36.000     7.4451    24.9215     6.9910     9.9908    102.535    304.625    312.217   -0.00515    6.81809    9.74374  297.09208     7.4527   15.33962 5.6701e-02     0.4518     0.2830 0.0000e+00
        472 202.944663    0.03274     1.9641    117.847     37.353  50640.524    31.9106     7.4391     37.000     7.4318    24.9274     6.9959     9.9979    102.571    304.840    312.438   -0.00383    6.82054    9.74724  297.19708     7.4356   15.34461 5.5624e-02     0.4439     0.2790 0.0000e+00
        479 202.944682    0.03320     1.9920    119.518     38.362  50643.192    31.9099     7.4270     38.000     7.4184    24.9285     6.9907     9.9904    102.466    304.612    312.206   -0.00310    6.82244    9.74994  297.27931     7.4235   15.34854 5.4409e-02     0.4528     0.2707 0.0000e+00
        485 202.944698    0.03358     2.0151    120.906     39.372  50648.132    31.9096     7.4079     39.000     7.3939    24.9309     6.9853     9.9827    102.342    304.374    311.963   -0.00280    6.82545    9.75425  297.41005     7.4043   15.35478 5.3408e-02     0.4326     0.2731 0.0000e+00
        491 202.944715    0.03400     2.0397    122.380     40.382  50657.859    31.9100     7.3731     40.000     7.3563    24.9359     6.9818     9.9777    102.209    304.220    311.806   -0.00255    6.83087    9.76200  297.64454     7.3695   15.36597 5.2476e-02     0.4286     0.2894 0.0000e+00
        497 202.944734    0.03445     2.0673    124.037     41.391  50690.420    31.9276     7.3460     41.000     7.3412    24.9535     6.9681     9.9581    101.957    303.618    311.195   -0.00265    6.83433    9.76694  297.79027     7.3422   15.37285 5.1667e-02     0.4255     0.2820 0.0000e+00
        504 202.944755    0.03496     2.0975    125.850     42.401  50695.163    31.9300     7.3436     42.000     7.3339    24.9557     6.9555     9.9401    101.768    303.068    310.630   -0.00247    6.83460    9.76732  297.80119     7.3397   15.37336 5.0971e-02     0.4170     0.2965 0.0000e+00
        509 202.944770    0.03531     2.1183    127.100     43.410  50699.785    31.9286     7.3194     43.000     7.3004    24.9579     6.9659     9.9550    101.864    303.523    311.098   -0.00170    6.83845    9.77283  297.96832     7.3155   15.38134 5.0369e-02     0.4133     0.2965 0.0000e+00
        519 202.944796    0.03594     2.1564    129.384     44.420  50715.499    31.9266     7.2470     44.000     7.2258    24.9661     6.9272     9.8997    101.129    301.835    309.370   -0.00322    6.84991    9.78921  298.46547     7.2430   15.40508 4.9759e-02     0.4077     0.2816 0.0000e+00
        526 202.944819    0.03648     2.1888    131.328     45.430  50729.937    31.9236     7.1749     45.000     7.1519    24.9734     6.9006     9.8616    100.571    300.671    308.180   -0.00387    6.86139    9.80561  298.96361     7.1709   15.42885 4.9176e-02     0.4138     0.3024 0.0000e+00
        535 202.944844    0.03708     2.2251    133.507     46.439  50768.103    31.9377     7.1069     46.000     7.0929    24.9937     6.8858     9.8405    100.209    300.022    307.521   -0.00362    6.87150    9.82005  299.39797     7.1027   15.44952 4.8681e-02     0.4202     0.2767 0.0000e+00
        543 202.944866    0.03762     2.2571    135.427     47.449  50785.586    31.9411     7.0596     47.000     7.0427    25.0026     6.8686     9.8159     99.851    299.269    306.751   -0.00360    6.87884    9.83055  299.71535     7.0553   15.46465 4.8197e-02     0.4007     0.2941 0.0000e+00
        553 202.944896    0.03833     2.2996    137.979     48.458  50821.618    31.9579     7.0155     48.000     7.0072    25.0217     6.8572     9.7996     99.595    298.767    306.242   -0.00292    6.88506    9.83944  299.98072     7.0112   15.47724 4.7727e-02     0.3843     0.3006 0.0000e+00
        559 202.944912    0.03872     2.3234    139.402     49.468  50848.614    31.9722     6.9933     49.000     6.9784    25.0359     6.8618     9.8062     99.621    298.964    306.449   -0.00220    6.88793    9.84354  300.10157     6.9890   15.48294 4.7361e-02     0.3868     0.2882 0.0000e+00
        570 202.944944    0.03950     2.3699    142.193     50.478  50882.550    31.9906     6.9664     50.000     6.9574    25.0539     6.8454     9.7827     99.332    298.242    305.714   -0.00206    6.89138    9.84847  300.24654     6.9620   15.48978 4.7069e-02     0.3823     0.2765 0.0000e+00
        576 202.944964    0.03996     2.3978    143.867     51.488  50895.514    31.9968     6.9533     51.000     6.9459    25.0605     6.8446     9.7816     99.295    298.205    305.679   -0.00164    6.89318    9.85105  300.32322     6.9488   15.49342 4.6736e-02     0.3824     0.2924 0.0000e+00
        585 202.944988    0.04055     2.4332    145.991     52.498  50906.514    32.0025     6.9447     52.000     6.9393    25.0661     6.8363     9.7698     99.159    297.844    305.310   -0.00152    6.89428    9.85262  300.36966     6.9401   15.49561 4.6469e-02     0.3903     0.2924 0.0000e+00
        594 202.945013    0.04115     2.4689    148.135     53.507  50910.120    32.0041     6.9423     53.000     6.9371    25.0677     6.8372     9.7711     99.168    297.884    305.351   -0.00102    6.89461    9.85308  300.38319     6.9376   15.49625 4.6208e-02     0.3857     0.2807 0.0000e+00
