CTD-processing/allCTD/CNV/2013-04-19-cookinlet-tran6-cast077-s05 _5028.cnv
* Sea-Bird SBE19plus Data File:
* FileName = C:\Documents and Settings\kris.holderied.local\My Documents\2012-2013-CTD-DATA-new-files\2013-04-EVOSTC-CookInlet-Ocean\2013-04-19-CookInlet-Tran6-Douglas\2013-04-19-CookInlet-Tran6-cast077.hex
* Software Version 1.54
* Temperature SN =  5028
* Conductivity SN =  5028
* System UpLoad Time = Apr 19 2013 22:45:20
** Cook Inlet LTM Transect 6 (Douglas line) West to East
** Date:  2013-04-19
** Station:  6-05
** Start time (AKDT-24 hr):  2011
** Depth (m): 105
** Comment:  CTD time set wrong
** Comment:	Air cast is 76/Actual cast is 77. 1st CTD was torruot or. 2nd at air cast 1940-cast 76. Real cast at 1944. Flow meter sick folded into catch side. Not accurate for volume.
# nquan = 27
# nvalues = 104                         
# units = specified
# name 0 = scan: Scan Count
# name 1 = timeJ: Julian Days
# name 2 = timeH: Time, Elapsed [hours]
# name 3 = timeM: Time, Elapsed [minutes]
# name 4 = timeS: Time, Elapsed [seconds]
# name 5 = prdM: Pressure, Strain Gauge [db]
# name 6 = specc: Specific Conductance [uS/cm]
# name 7 = sal00: Salinity, Practical [PSU]
# name 8 = tv290C: Temperature [ITS-90, deg C]
# name 9 = depSM: Depth [salt water, m], lat = 59.00
# name 10 = potemp090C: Potential Temperature [ITS-90, deg C]
# name 11 = sigma-é00: Density [sigma-theta, kg/m^3]
# name 12 = sbeox0ML/L: Oxygen, SBE 43 [ml/l]
# name 13 = sbeox0Mg/L: Oxygen, SBE 43 [mg/l]
# name 14 = sbeox0PS: Oxygen, SBE 43 [% saturation]
# name 15 = sbox0Mm/Kg: Oxygen, SBE 43 [umol/kg]
# name 16 = sbeox0Mm/L: Oxygen, SBE 43 [umol/l]
# name 17 = sbox0dV/dT: Oxygen, SBE 43 [dov/dt]
# name 18 = oxsolML/L: Oxygen Saturation, Garcia & Gordon [ml/l]
# name 19 = oxsolMg/L: Oxygen Saturation, Garcia & Gordon [mg/l]
# name 20 = oxsolMm/Kg: Oxygen Saturation, Garcia & Gordon [umol/kg]
# name 21 = potemp090C: Potential Temperature [ITS-90, deg C]
# name 22 = n2satMg/L: Nitrogen Saturation [mg/l]
# name 23 = par: PAR/Irradiance, Biospherical/Licor
# name 24 = flECO-AFL: Fluorescence, WET Labs ECO-AFL/FL [mg/m^3]
# name 25 = turbWETntu0: Turbidity, WET Labs ECO [NTU]
# name 26 = flag: flag
# span 0 =         46,        674       
# span 1 = 109.822549, 109.824366       
# span 2 =    0.00312,    0.04671       
# span 3 =     0.1869,     2.8025       
# span 4 =     11.214,    168.150       
# span 5 =      1.009,    105.009       
# span 6 =  47202.544,  51901.297       
# span 7 =    29.1232,    32.0129       
# span 8 =     3.8800,     4.2253       
# span 9 =      1.000,    104.000       
# span 10 =     3.8732,     4.2248      
# span 11 =    23.0999,    25.4228      
# span 12 =     6.6416,     8.0237      
# span 13 =     9.4915,    11.4667      
# span 14 =     90.148,    109.008      
# span 15 =    289.327,    349.487      
# span 16 =    296.613,    358.340      
# span 17 =   -0.00615,    0.01777      
# span 18 =    7.35565,    7.51768      
# span 19 =   10.51197,   10.74352      
# span 20 =  320.38814,  328.28694      
# span 21 =     3.8733,     4.2252      
# span 22 =   16.44940,   16.83640      
# span 23 = 3.7912e-02, 2.1625e+02      
# span 24 =     0.2971,     1.6172      
# span 25 =     0.3514,     2.5023      
# span 26 = 0.0000e+00, 0.0000e+00      
# interval = meters: 1                  
# start_time = Apr 19 2013 19:44:17 [Instrument's time stamp, header]
# bad_flag = -9.990e-29
*END*
[from data line 54]
        459 109.823743    0.03178     1.9064    114.381     55.527  51738.248    31.9593     4.0125     55.000     4.0057    25.3672     7.9560    11.3699    107.618    346.523    355.313   -0.00102    7.39280   10.56505  321.99437     4.0090   16.52572 1.1283e-01     0.6437     0.3645 0.0000e+00
        463 109.823756    0.03208     1.9251    115.503     56.536  51743.653    31.9608     4.0055     56.000     3.9992    25.3690     7.9459    11.3554    107.464    346.081    354.861   -0.00129    7.39398   10.56673  322.04517     4.0019   16.52813 1.0490e-01     0.6027     0.3614 0.0000e+00
        467 109.823766    0.03234     1.9407    116.441     57.546  51747.136    31.9614     4.0005     57.000     3.9941    25.3700     7.9397    11.3467    107.368    345.814    354.588   -0.00145    7.39486   10.56799  322.08314     3.9969   16.52993 9.7733e-02     0.5890     0.3656 0.0000e+00
        471 109.823778    0.03262     1.9569    117.415     58.555  51750.566    31.9618     3.9948     58.000     3.9870    25.3709     7.9433    11.3519    107.403    345.973    354.750   -0.00117    7.39587   10.56944  322.12695     3.9911   16.53201 9.1485e-02     0.5883     0.3756 0.0000e+00
        475 109.823791    0.03293     1.9756    118.539     59.565  51755.975    31.9624     3.9842     59.000     3.9749    25.3724     7.9379    11.3440    107.301    345.732    354.504   -0.00127    7.39774   10.57212  322.20791     3.9805   16.53587 8.5936e-02     0.5533     0.3795 0.0000e+00
        479 109.823803    0.03323     1.9937    119.620     60.575  51763.022    31.9638     3.9720     60.000     3.9619    25.3746     7.9268    11.3280    107.119    345.247    354.008   -0.00161    7.39989   10.57518  322.30061     3.9681   16.54027 8.0937e-02     0.5035     0.3746 0.0000e+00
        484 109.823816    0.03353     2.0119    120.712     61.585  51774.556    31.9681     3.9596     61.000     3.9522    25.3793     7.9204    11.3190    107.005    344.969    353.724   -0.00171    7.40191   10.57807  322.38728     3.9557   16.54437 7.6476e-02     0.4427     0.3661 0.0000e+00
        488 109.823829    0.03385     2.0307    121.839     62.594  51783.240    31.9721     3.9539     62.000     3.9492    25.3830     7.9177    11.3151    106.956    344.849    353.602   -0.00160    7.40273   10.57924  322.42200     3.9499   16.54601 7.2602e-02     0.4053     0.3686 0.0000e+00
        492 109.823841    0.03413     2.0474    122.843     63.604  51786.041    31.9733     3.9530     63.000     3.9488    25.3840     7.9142    11.3102    106.907    344.697    353.447   -0.00152    7.40284   10.57940  322.42631     3.9489   16.54621 6.9383e-02     0.3887     0.3647 0.0000e+00
        496 109.823852    0.03439     2.0634    123.802     64.614  51787.241    31.9736     3.9529     64.000     3.9487    25.3843     7.9113    11.3060    106.868    344.571    353.318   -0.00145    7.40284   10.57940  322.42646     3.9487   16.54621 6.6463e-02     0.3797     0.3622 0.0000e+00
        500 109.823863    0.03465     2.0794    124.766     65.624  51788.127    31.9737     3.9529     65.000     3.9486    25.3844     7.9119    11.3070    106.877    344.600    353.347   -0.00123    7.40284   10.57939  322.42621     3.9487   16.54620 6.3686e-02     0.3892     0.3620 0.0000e+00
        504 109.823874    0.03491     2.0947    125.682     66.634  51789.329    31.9740     3.9528     66.000     3.9484    25.3846     7.9087    11.3023    106.833    344.458    353.202   -0.00122    7.40284   10.57940  322.42616     3.9485   16.54620 6.1122e-02     0.4051     0.3659 0.0000e+00
        508 109.823885    0.03518     2.1109    126.653     67.644  51791.004    31.9746     3.9526     67.000     3.9481    25.3851     7.9148    11.3110    106.915    344.723    353.474   -0.00088    7.40284   10.57941  322.42621     3.9483   16.54620 5.8890e-02     0.4089     0.3719 0.0000e+00
        513 109.823900    0.03554     2.1326    127.958     68.653  51793.187    31.9753     3.9517     68.000     3.9467    25.3858     7.9133    11.3089    106.894    344.659    353.409   -0.00076    7.40296   10.57957  322.43103     3.9474   16.54643 5.6819e-02     0.4107     0.3711 0.0000e+00
        518 109.823916    0.03593     2.1562    129.375     69.663  51796.601    31.9767     3.9497     69.000     3.9444    25.3870     7.9134    11.3091    106.891    344.664    353.414   -0.00066    7.40327   10.58001  322.44408     3.9452   16.54704 5.4949e-02     0.4250     0.3560 0.0000e+00
        522 109.823927    0.03619     2.1717    130.301     70.673  51799.422    31.9778     3.9485     70.000     3.9437    25.3881     7.9174    11.3147    106.942    344.835    353.589   -0.00046    7.40343   10.58025  322.45085     3.9439   16.54736 5.3213e-02     0.4065     0.3514 0.0000e+00
        525 109.823936    0.03642     2.1851    131.108     71.682  51801.063    31.9783     3.9482     71.000     3.9436    25.3885     7.9182    11.3160    106.954    344.874    353.630   -0.00041    7.40345   10.58027  322.45139     3.9437   16.54738 5.1589e-02     0.3893     0.3558 0.0000e+00
        530 109.823949    0.03671     2.2024    132.145     72.692  51802.436    31.9787     3.9482     72.000     3.9436    25.3889     7.9184    11.3162    106.956    344.879    353.636   -0.00037    7.40342   10.58023  322.45020     3.9436   16.54732 5.0185e-02     0.3753     0.3661 0.0000e+00
        535 109.823965    0.03711     2.2271    133.625     73.702  51803.394    31.9788     3.9482     73.000     3.9433    25.3890     7.9166    11.3136    106.931    344.800    353.554   -0.00039    7.40343   10.58024  322.45050     3.9435   16.54734 4.8874e-02     0.3779     0.3652 0.0000e+00
        541 109.823980    0.03747     2.2483    134.898     74.712  51804.337    31.9787     3.9473     74.000     3.9417    25.3890     7.9145    11.3106    106.901    344.708    353.460   -0.00044    7.40360   10.58048  322.45767     3.9425   16.54769 4.7807e-02     0.3854     0.3670 0.0000e+00
        545 109.823992    0.03776     2.2653    135.920     75.722  51806.703    31.9795     3.9458     75.000     3.9404    25.3897     7.9178    11.3153    106.942    344.852    353.608   -0.00030    7.40383   10.58082  322.46772     3.9409   16.54816 4.6796e-02     0.4053     0.3717 0.0000e+00
        549 109.824004    0.03804     2.2822    136.932     76.732  51808.632    31.9801     3.9448     76.000     3.9396    25.3903     7.9196    11.3179    106.965    344.933    353.691   -0.00022    7.40396   10.58101  322.47349     3.9399   16.54843 4.5679e-02     0.3964     0.3693 0.0000e+00
        553 109.824016    0.03834     2.3005    138.028     77.741  51810.249    31.9805     3.9441     77.000     3.9386    25.3907     7.9164    11.3134    106.920    344.793    353.548   -0.00034    7.40409   10.58119  322.47888     3.9391   16.54868 4.4717e-02     0.3965     0.3722 0.0000e+00
        558 109.824032    0.03871     2.3223    139.340     78.751  51812.189    31.9810     3.9427     78.000     3.9373    25.3912     7.9160    11.3127    106.911    344.774    353.528   -0.00034    7.40431   10.58150  322.48801     3.9377   16.54912 4.3922e-02     0.3941     0.3740 0.0000e+00
        564 109.824049    0.03913     2.3476    140.858     79.761  51813.976    31.9815     3.9421     79.000     3.9369    25.3917     7.9164    11.3133    106.915    344.793    353.548   -0.00030    7.40441   10.58164  322.49226     3.9369   16.54931 4.3196e-02     0.4001     0.3656 0.0000e+00
        569 109.824063    0.03945     2.3673    142.038     80.771  51814.957    31.9816     3.9420     80.000     3.9367    25.3918     7.9205    11.3191    106.970    344.969    353.728   -0.00013    7.40440   10.58164  322.49215     3.9368   16.54931 4.2489e-02     0.3892     0.3578 0.0000e+00
        573 109.824074    0.03973     2.3838    143.030     81.781  51816.252    31.9819     3.9417     81.000     3.9362    25.3921     7.9210    11.3198    106.976    344.990    353.751   -0.00013    7.40444   10.58169  322.49364     3.9365   16.54938 4.1922e-02     0.3824     0.3622 0.0000e+00
        577 109.824086    0.04001     2.4009    144.052     82.791  51817.563    31.9822     3.9410     82.000     3.9351    25.3923     7.9207    11.3195    106.970    344.978    353.738   -0.00017    7.40456   10.58186  322.49869     3.9357   16.54962 4.1429e-02     0.3799     0.3703 0.0000e+00
        582 109.824099    0.04033     2.4198    145.190     83.801  51819.698    31.9827     3.9395     83.000     3.9335    25.3929     7.9200    11.3184    106.957    344.946    353.706   -0.00021    7.40480   10.58219  322.50869     3.9342   16.55009 4.1018e-02     0.3764     0.3648 0.0000e+00
        587 109.824114    0.04067     2.4399    146.397     84.809  51821.715    31.9832     3.9378     84.000     3.9305    25.3935     7.9222    11.3216    106.984    345.044    353.806   -0.00015    7.40509   10.58261  322.52134     3.9324   16.55069 4.0609e-02     0.3616     0.3682 0.0000e+00
        591 109.824126    0.04097     2.4583    147.500     85.820  51826.977    31.9849     3.9323     85.000     3.9227    25.3953     7.9205    11.3193    106.948    344.971    353.732   -0.00023    7.40599   10.58390  322.56001     3.9269   16.55252 4.0232e-02     0.3529     0.3851 0.0000e+00
        595 109.824137    0.04124     2.4742    148.449     86.830  51836.642    31.9890     3.9246     86.000     3.9155    25.3994     7.9108    11.3053    106.798    344.544    353.294   -0.00067    7.40718   10.58561  322.61071     3.9190   16.55491 3.9620e-02     0.3511     0.3758 0.0000e+00
        599 109.824148    0.04151     2.4902    149.411     87.840  51844.942    31.9928     3.9187     87.000     3.9110    25.4030     7.9093    11.3032    106.767    344.479    353.230   -0.00072    7.40806   10.58685  322.64760     3.9131   16.55666 3.9203e-02     0.3468     0.3669 0.0000e+00
        603 109.824161    0.04181     2.5086    150.513     88.850  51850.436    31.9948     3.9138     88.000     3.9051    25.4050     7.9128    11.3082    106.803    344.632    353.387   -0.00053    7.40885   10.58798  322.68120     3.9082   16.55825 3.8835e-02     0.3569     0.3623 0.0000e+00
        608 109.824175    0.04214     2.5283    151.699     89.860  51859.519    31.9986     3.9060     89.000     3.8973    25.4088     7.9133    11.3089    106.792    344.652    353.409   -0.00051    7.41005   10.58970  322.73271     3.9004   16.56068 3.8612e-02     0.3572     0.3686 0.0000e+00
        612 109.824187    0.04243     2.5456    152.734     90.870  51867.118    32.0018     3.9002     90.000     3.8919    25.4120     7.9144    11.3106    106.795    344.701    353.460   -0.00046    7.41095   10.59099  322.77083     3.8944   16.56248 3.8279e-02     0.3397     0.3668 0.0000e+00
        615 109.824197    0.04266     2.5596    153.579     91.880  51872.103    32.0036     3.8956     91.000     3.8863    25.4138     7.9183    11.3160    106.835    344.865    353.630   -0.00035    7.41169   10.59204  322.80232     3.8898   16.56397 3.8286e-02     0.3173     0.3688 0.0000e+00
        618 109.824205    0.04287     2.5719    154.317     92.890  51878.965    32.0065     3.8908     92.000     3.8827    25.4166     7.9211    11.3201    106.863    344.989    353.758   -0.00024    7.41242   10.59309  322.83323     3.8849   16.56543 3.8569e-02     0.3104     0.3677 0.0000e+00
        621 109.824214    0.04308     2.5850    155.101     93.899  51883.702    32.0086     3.8882     93.000     3.8816    25.4185     7.9228    11.3225    106.880    345.061    353.832   -0.00022    7.41278   10.59361  322.84864     3.8822   16.56615 3.8173e-02     0.3186     0.3664 0.0000e+00
        626 109.824227    0.04340     2.6041    156.245     94.909  51885.461    32.0091     3.8873     94.000     3.8810    25.4189     7.9244    11.3248    106.900    345.132    353.905   -0.00016    7.41291   10.59379  322.85403     3.8813   16.56641 3.7960e-02     0.3343     0.3735 0.0000e+00
        632 109.824246    0.04384     2.6305    157.830     95.919  51886.947    32.0094     3.8865     95.000     3.8801    25.4193     7.9200    11.3184    106.838    344.936    353.704   -0.00033    7.41304   10.59398  322.85954     3.8805   16.56667 3.7912e-02     0.3574     0.3719 0.0000e+00
        637 109.824259    0.04417     2.6498    158.990     96.929  51888.553    32.0098     3.8858     96.000     3.8793    25.4197     7.9218    11.3210    106.861    345.016    353.787   -0.00025    7.41316   10.59414  322.86447     3.8796   16.56691 3.7912e-02     0.3484     0.3764 0.0000e+00
        641 109.824271    0.04443     2.6662    159.971     97.938  51889.667    32.0098     3.8851     97.000     3.8780    25.4198     7.9235    11.3234    106.882    345.089    353.861   -0.00018    7.41328   10.59432  322.86974     3.8789   16.56715 3.7912e-02     0.3351     0.3773 0.0000e+00
        645 109.824282    0.04472     2.6831    160.989     98.948  51892.412    32.0108     3.8835     98.000     3.8767    25.4207     7.9229    11.3226    106.871    345.065    353.836   -0.00024    7.41352   10.59465  322.87970     3.8772   16.56762 3.7912e-02     0.3249     0.3662 0.0000e+00
        649 109.824294    0.04499     2.6995    161.969     99.959  51894.103    32.0112     3.8827     99.000     3.8759    25.4212     7.9226    11.3223    106.866    345.054    353.825   -0.00024    7.41364   10.59484  322.88516     3.8764   16.56788 3.7912e-02     0.3241     0.3683 0.0000e+00
        653 109.824304    0.04525     2.7146    162.878    100.968  51895.813    32.0117     3.8819    100.000     3.8751    25.4216     7.9199    11.3184    106.827    344.935    353.704   -0.00036    7.41377   10.59502  322.89061     3.8754   16.56814 3.7912e-02     0.3213     0.3667 0.0000e+00
        656 109.824315    0.04551     2.7303    163.818    101.978  51897.206    32.0120     3.8815    101.000     3.8748    25.4219     7.9264    11.3276    106.914    345.217    353.993   -0.00013    7.41383   10.59509  322.89278     3.8750   16.56824 3.7912e-02     0.2971     0.3725 0.0000e+00
        661 109.824329    0.04583     2.7498    164.986    102.988  51898.296    32.0122     3.8811    102.000     3.8744    25.4221     7.9284    11.3305    106.940    345.305    354.084   -0.00004    7.41388   10.59516  322.89485     3.8746   16.56834 3.7912e-02     0.3056     0.3786 0.0000e+00
        667 109.824346    0.04626     2.7755    166.528    103.998  51899.805    32.0125     3.8805    103.000     3.8737    25.4224     7.9212    11.3202    106.841    344.991    353.761   -0.00033    7.41397   10.59531  322.89917     3.8739   16.56855 3.7912e-02     0.3327     0.3899 0.0000e+00
        674 109.824366    0.04671     2.8025    168.150    105.009  51901.297    32.0129     3.8800    104.000     3.8732    25.4228     7.9089    11.3027    106.676    344.456    353.212   -0.00078    7.41406   10.59543  322.90279     3.8733   16.56872 3.7912e-02     0.3162     0.4333 0.0000e+00
