CTD-processing/allCTD/CNV/2013_04-20_t3_s15_cast107_5028.cnv
* Sea-Bird SBE19plus Data File:
* FileName = C:\Documents and Settings\kris.holderied.local\My Documents\2012-2013-CTD-DATA-new-files\2013-04-EVOSTC-CookInlet-Ocean\2013-04-CookInlet-Tran3-AnchorPt\2013-04-20-CookInlet-Tran3-cast107.hex
* Software Version 1.54
* Temperature SN =  5028
* Conductivity SN =  5028
* System UpLoad Time = Apr 20 2013 23:31:52
** Cook Inlet LTM Transect 3 (Anchor Pt) East to West
** Date:  2013-04-20
** Station:  3-15
** Start time (AKDT-24 hr):  1819
** Depth (m): 17
** Comment:Edge of Shelf
# nquan = 27
# nvalues = 19                          
# units = specified
# name 0 = scan: Scan Count
# name 1 = timeJ: Julian Days
# name 2 = timeH: Time, Elapsed [hours]
# name 3 = timeM: Time, Elapsed [minutes]
# name 4 = timeS: Time, Elapsed [seconds]
# name 5 = prdM: Pressure, Strain Gauge [db]
# name 6 = specc: Specific Conductance [uS/cm]
# name 7 = sal00: Salinity, Practical [PSU]
# name 8 = tv290C: Temperature [ITS-90, deg C]
# name 9 = depSM: Depth [salt water, m], lat = 59.00
# name 10 = potemp090C: Potential Temperature [ITS-90, deg C]
# name 11 = sigma-é00: Density [sigma-theta, kg/m^3]
# name 12 = sbeox0ML/L: Oxygen, SBE 43 [ml/l]
# name 13 = sbeox0Mg/L: Oxygen, SBE 43 [mg/l]
# name 14 = sbeox0PS: Oxygen, SBE 43 [% saturation]
# name 15 = sbox0Mm/Kg: Oxygen, SBE 43 [umol/kg]
# name 16 = sbeox0Mm/L: Oxygen, SBE 43 [umol/l]
# name 17 = sbox0dV/dT: Oxygen, SBE 43 [dov/dt]
# name 18 = oxsolML/L: Oxygen Saturation, Garcia & Gordon [ml/l]
# name 19 = oxsolMg/L: Oxygen Saturation, Garcia & Gordon [mg/l]
# name 20 = oxsolMm/Kg: Oxygen Saturation, Garcia & Gordon [umol/kg]
# name 21 = potemp090C: Potential Temperature [ITS-90, deg C]
# name 22 = n2satMg/L: Nitrogen Saturation [mg/l]
# name 23 = par: PAR/Irradiance, Biospherical/Licor
# name 24 = flECO-AFL: Fluorescence, WET Labs ECO-AFL/FL [mg/m^3]
# name 25 = turbWETntu0: Turbidity, WET Labs ECO [NTU]
# name 26 = flag: flag
# span 0 =         98,        453       
# span 1 = 110.764171, 110.765198       
# span 2 =    0.00676,    0.03141       
# span 3 =     0.4055,     1.8846       
# span 4 =     24.332,    113.080       
# span 5 =      1.010,     19.180       
# span 6 =  47623.098,  52297.948       
# span 7 =    29.2435,    32.1419       
# span 8 =     3.2016,     3.5583       
# span 9 =      1.000,     19.000       
# span 10 =     3.2215,     3.4053      
# span 11 =    23.2560,    25.5854      
# span 12 =     6.9250,     9.1174      
# span 13 =     9.8966,    13.0295      
# span 14 =     90.902,    120.877      
# span 15 =    302.315,    397.128      
# span 16 =    309.273,    407.181      
# span 17 =   -0.00299,    0.01033      
# span 18 =    7.53125,    7.62046      
# span 19 =   10.76291,   10.89040      
# span 20 =  327.94009,  332.69692      
# span 21 =     3.2015,     3.5582      
# span 22 =   16.80760,   17.04582      
# span 23 = 4.2638e-01, 4.9278e+01      
# span 24 =     1.3647,     2.9994      
# span 25 =     1.0902,     1.6587      
# span 26 = 0.0000e+00, 0.0000e+00      
# interval = meters: 1                  
# start_time = Apr 20 2013 18:20:00 [Instrument's time stamp, header]
# bad_flag = -9.990e-29
*END*
         98 110.764171    0.00676     0.4055     24.332      1.010  47623.098    29.2435     3.5583      1.000     3.4053    23.2560     6.9250     9.8966     90.902    302.315    309.273   -0.00299    7.62046   10.89040  332.69692     3.5582   17.04582 4.9278e+01     1.3647     1.6587 0.0000e+00
        417 110.765092    0.02886     1.7318    103.909      2.019  52297.948    32.1419     3.2016      2.000     3.2215    25.5854     8.6347    12.3398    114.615    376.014    385.625    0.00248    7.53125   10.76291  327.94009     3.2015   16.80760 3.1835e+01     2.8713     1.1503 0.0000e+00
        385 110.765000    0.02667     1.5998     95.985      3.028  51754.335    31.8043     3.2432      3.000     3.2434    25.3141     8.4289    12.0458    111.766    367.143    376.437    0.00120    7.54161   10.77772  328.49299     3.2431   16.83529 2.0706e+01     2.7502     1.2950 0.0000e+00
        388 110.765010    0.02691     1.6143     96.858      4.038  51754.061    31.8038     3.2438      4.000     3.2432    25.3136     8.4322    12.0504    111.810    367.283    376.580    0.00108    7.54154   10.77761  328.48984     3.2436   16.83515 1.4295e+01     2.7092     1.2440 0.0000e+00
        392 110.765020    0.02714     1.6287     97.725      5.047  51754.468    31.8033     3.2429      5.000     3.2420    25.3132     8.4489    12.0743    112.028    368.010    377.325    0.00149    7.54174   10.77789  328.49852     3.2426   16.83556 1.0138e+01     2.7079     1.1923 0.0000e+00
        396 110.765031    0.02742     1.6450     98.698      6.056  51756.291    31.8038     3.2422      6.000     3.2419    25.3138     8.4751    12.1117    112.374    369.153    378.498    0.00217    7.54183   10.77802  328.50247     3.2418   16.83575 7.7650e+00     2.7526     1.1685 0.0000e+00
        400 110.765043    0.02769     1.6615     99.687      7.066  51756.505    31.8035     3.2421      7.000     3.2414    25.3135     8.5193    12.1750    112.961    371.081    380.474    0.00337    7.54187   10.77808  328.50421     3.2417   16.83583 6.4828e+00     2.8024     1.2167 0.0000e+00
        404 110.765054    0.02796     1.6775    100.650      8.075  51757.073    31.8031     3.2414      8.000     3.2403    25.3133     8.5875    12.2724    113.862    374.050    383.517    0.00527    7.54203   10.77831  328.51115     3.2409   16.83616 5.6306e+00     2.8385     1.2266 0.0000e+00
        407 110.765065    0.02822     1.6935    101.610      9.085  51758.010    31.8029     3.2402      9.000     3.2390    25.3132     8.6579    12.3730    114.791    377.114    386.660    0.00706    7.54226   10.77864  328.52141     3.2396   16.83665 4.9708e+00     2.9267     1.2298 0.0000e+00
        411 110.765076    0.02850     1.7103    102.618     10.095  51759.687    31.8033     3.2392     10.000     3.2384    25.3136     8.6910    12.4203    115.228    378.556    388.139    0.00720    7.54242   10.77888  328.52835     3.2386   16.83698 4.3157e+00     2.9994     1.2418 0.0000e+00
        416 110.765089    0.02880     1.7279    103.677     11.104  51760.860    31.8035     3.2389     11.000     3.2383    25.3138     8.7386    12.4883    115.859    380.630    390.265    0.00759    7.54246   10.77893  328.52999     3.2383   16.83705 3.5357e+00     2.9692     1.2370 0.0000e+00
        420 110.765101    0.02911     1.7463    104.779     12.113  51761.617    31.8034     3.2388     12.000     3.2381    25.3138     8.8296    12.6184    117.066    384.597    394.333    0.00962    7.54247   10.77895  328.53050     3.2382   16.83708 2.7571e+00     2.9418     1.2764 0.0000e+00
        424 110.765114    0.02941     1.7645    105.872     13.123  51762.111    31.8032     3.2387     13.000     3.2377    25.3136     8.8792    12.6892    117.721    386.753    396.544    0.00979    7.54252   10.77901  328.53261     3.2379   16.83718 2.1030e+00     2.8961     1.2866 0.0000e+00
        429 110.765126    0.02970     1.7819    106.916     14.132  51762.580    31.8028     3.2382     14.000     3.2370    25.3134     8.9278    12.7588    118.365    388.874    398.718    0.00992    7.54263   10.77917  328.53744     3.2374   16.83741 1.6072e+00     2.8592     1.2269 0.0000e+00
        433 110.765139    0.02999     1.7994    107.967     15.142  51763.486    31.8028     3.2375     15.000     3.2363    25.3134     8.9838    12.8388    119.105    391.312    401.217    0.01033    7.54276   10.77936  328.54326     3.2366   16.83769 1.2399e+00     2.8118     1.1875 0.0000e+00
        437 110.765151    0.03030     1.8179    109.074     16.152  51765.135    31.8033     3.2371     16.000     3.2363    25.3138     9.0214    12.8926    119.603    392.951    402.899    0.00995    7.54281   10.77943  328.54520     3.2362   16.83778 9.4987e-01     2.7571     1.1622 0.0000e+00
        442 110.765165    0.03062     1.8374    110.241     17.162  51765.471    31.8031     3.2376     17.000     3.2367    25.3136     9.0457    12.9271    119.925    394.006    403.979    0.00902    7.54273   10.77931  328.54170     3.2366   16.83761 7.2838e-01     2.7123     1.1009 0.0000e+00
        447 110.765179    0.03097     1.8581    111.488     18.170  51765.865    31.8028     3.2376     18.000     3.2365    25.3134     9.0784    12.9740    120.360    395.433    405.444    0.00849    7.54274   10.77934  328.54246     3.2365   16.83765 5.5933e-01     2.6895     1.0902 0.0000e+00
        453 110.765198    0.03141     1.8846    113.080     19.180  51767.450    31.8034     3.2377     19.000     3.2369    25.3139     9.1174    13.0295    120.877    397.128    407.181    0.00794    7.54269   10.77925  328.53987     3.2366   16.83753 4.2638e-01     2.6436     1.1096 0.0000e+00
