CTD-processing/allCTD/CNV/2013_07-18_t7_s14_cast010_5028.cnv
* Sea-Bird SBE19plus Data File:
* FileName = C:\Documents and Settings\kris.holderied.local\My Documents\2012-2013-CTD-DATA-new-files\2013-07-CookInlet-EVOSTC-LTM\2013-07-18-CookInlet-Tran7-Augustine\2013-07-18-CookInlet-Tran7-Augustine-cast010.hex
* Software Version 1.54
* Temperature SN =  5028
* Conductivity SN =  5028
* System UpLoad Time = Jul 18 2013 22:08:28
** Cook Inlet LTM Ocean - Tran7 Augustine Line, East to West
** Date: 2013-07-18
** Station: 7-14
** Start time (AKDT-24 hr): 15:39
** Depth (m): 69
** Comment:
** Comment:
# nquan = 27
# nvalues = 66                          
# units = specified
# name 0 = scan: Scan Count
# name 1 = timeJ: Julian Days
# name 2 = timeH: Time, Elapsed [hours]
# name 3 = timeM: Time, Elapsed [minutes]
# name 4 = timeS: Time, Elapsed [seconds]
# name 5 = prdM: Pressure, Strain Gauge [db]
# name 6 = specc: Specific Conductance [uS/cm]
# name 7 = sal00: Salinity, Practical [PSU]
# name 8 = tv290C: Temperature [ITS-90, deg C]
# name 9 = depSM: Depth [salt water, m], lat = 59.00
# name 10 = potemp090C: Potential Temperature [ITS-90, deg C]
# name 11 = sigma-é00: Density [sigma-theta, kg/m^3]
# name 12 = sbeox0ML/L: Oxygen, SBE 43 [ml/l]
# name 13 = sbeox0Mg/L: Oxygen, SBE 43 [mg/l]
# name 14 = sbeox0PS: Oxygen, SBE 43 [% saturation]
# name 15 = sbox0Mm/Kg: Oxygen, SBE 43 [umol/kg]
# name 16 = sbeox0Mm/L: Oxygen, SBE 43 [umol/l]
# name 17 = sbox0dV/dT: Oxygen, SBE 43 [dov/dt]
# name 18 = oxsolML/L: Oxygen Saturation, Garcia & Gordon [ml/l]
# name 19 = oxsolMg/L: Oxygen Saturation, Garcia & Gordon [mg/l]
# name 20 = oxsolMm/Kg: Oxygen Saturation, Garcia & Gordon [umol/kg]
# name 21 = potemp090C: Potential Temperature [ITS-90, deg C]
# name 22 = n2satMg/L: Nitrogen Saturation [mg/l]
# name 23 = par: PAR/Irradiance, Biospherical/Licor
# name 24 = flECO-AFL: Fluorescence, WET Labs ECO-AFL/FL [mg/m^3]
# name 25 = turbWETntu0: Turbidity, WET Labs ECO [NTU]
# name 26 = flag: flag
# span 0 =         46,        682       
# span 1 = 199.652213, 199.654054       
# span 2 =    0.00311,    0.04729       
# span 3 =     0.1868,     2.8376       
# span 4 =     11.209,    170.257       
# span 5 =      1.009,     66.634       
# span 6 =  48073.288,  50480.282       
# span 7 =    30.7952,    31.8861       
# span 8 =     7.9533,    12.3712       
# span 9 =      1.000,     66.000       
# span 10 =     7.9477,    12.3711      
# span 11 =    23.2581,    24.8245      
# span 12 =     5.6472,     7.7450      
# span 13 =     8.0704,    11.0684      
# span 14 =     91.581,    125.785      
# span 15 =    246.484,    337.823      
# span 16 =    252.204,    345.891      
# span 17 =   -0.03097,    0.01522      
# span 18 =    6.15366,    6.74299      
# span 19 =    8.79420,    9.63642      
# span 20 =  268.48453,  293.84857      
# span 21 =     7.9478,    12.3711      
# span 22 =   13.97379,   15.18496      
# span 23 = 5.7590e-02, 4.1842e+02      
# span 24 =     1.0508,     6.4933      
# span 25 =     0.4087,     1.9329      
# span 26 = 0.0000e+00, 0.0000e+00      
# interval = meters: 1                  
# start_time = Jul 18 2013 15:39:00 [Instrument's time stamp, header]
# bad_flag = -9.990e-29
*END*
[from data line 54]
        615 199.653859    0.04262     2.5571    153.424     55.527  50467.075    31.8664     7.9539     55.000     7.9483    24.8210     7.6477    10.9294    113.418    333.277    341.549   -0.00086    6.74299    9.63642  293.84857     7.9486   15.18496 6.2569e-02     2.4766     0.5700 0.0000e+00
        619 199.653873    0.04295     2.5769    154.612     56.537  50471.572    31.8690     7.9534     56.000     7.9479    24.8232     7.6535    10.9377    113.504    333.528    341.808   -0.00046    6.74296    9.63637  293.84656     7.9480   15.18485 6.1640e-02     2.4376     0.5849 0.0000e+00
        627 199.653893    0.04344     2.6066    156.396     57.546  50472.671    31.8693     7.9533     57.000     7.9478    24.8234     7.6579    10.9439    113.569    333.718    342.002   -0.00018    6.74296    9.63637  293.84653     7.9478   15.18485 6.0854e-02     2.3931     0.5901 0.0000e+00
        635 199.653919    0.04406     2.6432    158.593     58.556  50473.795    31.8697     7.9535     58.000     7.9479    24.8237     7.6496    10.9322    113.448    333.360    341.635   -0.00053    6.74292    9.63631  293.84461     7.9479   15.18476 6.0171e-02     2.3128     0.6066 0.0000e+00
        640 199.653933    0.04438     2.6630    159.778     59.565  50474.394    31.8696     7.9534     59.000     7.9477    24.8237     7.6520    10.9355    113.482    333.461    341.739   -0.00038    6.74293    9.63633  293.84507     7.9478   15.18478 5.9653e-02     2.3496     0.6045 0.0000e+00
        645 199.653947    0.04471     2.6827    160.962     60.575  50475.883    31.8702     7.9536     60.000     7.9481    24.8242     7.6568    10.9424    113.554    333.670    341.953   -0.00010    6.74288    9.63624  293.84240     7.9479   15.18465 5.9234e-02     2.3848     0.6168 0.0000e+00
        650 199.653963    0.04510     2.7062    162.369     61.585  50476.915    31.8706     7.9542     61.000     7.9485    24.8244     7.6593    10.9458    113.592    333.776    342.062   -0.00002    6.74276    9.63608  293.83750     7.9484   15.18441 5.8855e-02     2.3731     0.6083 0.0000e+00
        660 199.653989    0.04573     2.7439    164.632     62.594  50476.621    31.8700     7.9547     62.000     7.9487    24.8238     7.6702    10.9615    113.756    334.255    342.552    0.00044    6.74272    9.63602  293.83564     7.9488   15.18433 5.8497e-02     2.4110     0.5877 0.0000e+00
        665 199.654005    0.04610     2.7661    165.967     63.604  50478.087    31.8705     7.9546     63.000     7.9486    24.8243     7.6580    10.9441    113.575    333.722    342.007   -0.00028    6.74271    9.63600  293.83496     7.9486   15.18430 5.8212e-02     2.4490     0.6139 0.0000e+00
        669 199.654017    0.04640     2.7841    167.047     64.614  50478.830    31.8706     7.9547     64.000     7.9486    24.8244     7.6636    10.9520    113.658    333.966    342.256   -0.00006    6.74268    9.63597  293.83401     7.9486   15.18424 5.7993e-02     2.4853     0.6690 0.0000e+00
        675 199.654033    0.04679     2.8072    168.434     65.624  50479.502    31.8707     7.9549     65.000     7.9487    24.8244     7.6719    10.9639    113.782    334.327    342.627    0.00031    6.74265    9.63593  293.83273     7.9487   15.18418 5.7815e-02     2.4901     0.6379 0.0000e+00
        682 199.654054    0.04729     2.8376    170.257     66.634  50480.282    31.8708     7.9553     66.000     7.9492    24.8245     7.6695    10.9606    113.748    334.226    342.523    0.00006    6.74260    9.63583  293.83000     7.9490   15.18405 5.7590e-02     2.2608     0.5697 0.0000e+00
