CTD-processing/allCTD/CNV/2013_06-06_alongbay_skb09_inner_cast165_5028.cnv
* Sea-Bird SBE19plus Data File:
* FileName = C:\Documents and Settings\kbayadmin\My Documents\CTD data\2013-06-06 Kachemak Bay all bay inner bay\2013-06-06 Kachemak Bay All Bay Inner Bay cast165.hex
* Software Version 1.59
* Temperature SN =  5028
* Conductivity SN =  5028
* System UpLoad Time = Jun 18 2013 15:55:41
** Kachemak Bay All Bay Inner Bay
** 2013-06-06
** Station: KB-09
** N': 59 37.932
** W': 151 15.064
** Start Time: 1250
** Depth(ft): 220
# nquan = 27
# nvalues = 63                          
# units = specified
# name 0 = scan: Scan Count
# name 1 = timeJ: Julian Days
# name 2 = timeH: Time, Elapsed [hours]
# name 3 = timeM: Time, Elapsed [minutes]
# name 4 = timeS: Time, Elapsed [seconds]
# name 5 = prdM: Pressure, Strain Gauge [db]
# name 6 = specc: Specific Conductance [uS/cm]
# name 7 = sal00: Salinity, Practical [PSU]
# name 8 = tv290C: Temperature [ITS-90, deg C]
# name 9 = depSM: Depth [salt water, m], lat = 59.00
# name 10 = potemp090C: Potential Temperature [ITS-90, deg C]
# name 11 = sigma-é00: Density [sigma-theta, kg/m^3]
# name 12 = sbeox0ML/L: Oxygen, SBE 43 [ml/l]
# name 13 = sbeox0Mg/L: Oxygen, SBE 43 [mg/l]
# name 14 = sbeox0PS: Oxygen, SBE 43 [% saturation]
# name 15 = sbox0Mm/Kg: Oxygen, SBE 43 [umol/kg]
# name 16 = sbeox0Mm/L: Oxygen, SBE 43 [umol/l]
# name 17 = sbox0dV/dT: Oxygen, SBE 43 [dov/dt]
# name 18 = oxsolML/L: Oxygen Saturation, Garcia & Gordon [ml/l]
# name 19 = oxsolMg/L: Oxygen Saturation, Garcia & Gordon [mg/l]
# name 20 = oxsolMm/Kg: Oxygen Saturation, Garcia & Gordon [umol/kg]
# name 21 = potemp090C: Potential Temperature [ITS-90, deg C]
# name 22 = n2satMg/L: Nitrogen Saturation [mg/l]
# name 23 = par: PAR/Irradiance, Biospherical/Licor
# name 24 = flECO-AFL: Fluorescence, WET Labs ECO-AFL/FL [mg/m^3]
# name 25 = turbWETntu0: Turbidity, WET Labs ECO [NTU]
# name 26 = flag: flag
# span 0 =        330,        598       
# span 1 = 157.535326, 157.536102       
# span 2 =    0.02282,    0.04145       
# span 3 =     1.3691,     2.4867       
# span 4 =     82.144,    149.197       
# span 5 =      1.009,     63.605       
# span 6 =  45533.243,  51241.573       
# span 7 =    28.7996,    31.7764       
# span 8 =     4.5698,    10.7255       
# span 9 =      1.000,     63.000       
# span 10 =     4.5666,    10.5411      
# span 11 =    21.9981,    25.1556      
# span 12 =     8.0086,     9.2445      
# span 13 =    11.4451,    13.2112      
# span 14 =    110.046,    135.388      
# span 15 =    348.892,    403.159      
# span 16 =    357.663,    412.856      
# span 17 =   -0.03056,    0.02620      
# span 18 =    6.46729,    7.30474      
# span 19 =    9.24241,   10.43920      
# span 20 =  282.61263,  318.23344      
# span 21 =     4.5668,    10.7254      
# span 22 =   14.66042,   16.34775      
# span 23 = 4.5031e-02, 7.4964e+01      
# span 24 =     0.3188,     5.6086      
# span 25 =     0.6717,     1.4656      
# span 26 = 0.0000e+00, 0.0000e+00      
# interval = meters: 1                  
# start_time = Jun 06 2013 12:49:30 [Instrument's time stamp, header]
# bad_flag = -9.990e-29
*END*
        330 157.535326    0.02282     1.3691     82.144      1.009  45533.243    28.7996    10.7255      1.000    10.5411    21.9981     8.1854    11.6978    126.569    357.694    365.563    0.00262    6.46729    9.24241  282.61263    10.7254   14.66042 7.4206e+01     1.0056     1.3771 0.0000e+00
        337 157.535346    0.02330     1.3982     83.890      2.019  46554.959    29.4091     9.8193      2.000     9.4607    22.6177     8.0749    11.5399    122.885    352.652    360.628   -0.01038    6.57185    9.39184  287.00653     9.8191   14.86806 6.9219e+01     1.1993     1.3981 0.0000e+00
        342 157.535363    0.02370     1.4219     85.312      3.029  47771.321    30.1387     8.8688      3.000     8.6400    23.3333     8.2221    11.7503    123.065    358.826    367.200   -0.00839    6.68031    9.54683  291.53935     8.8684   15.08171 7.4690e+01     1.6753     1.0732 0.0000e+00
        348 157.535378    0.02407     1.4440     86.641      4.038  48450.295    30.5333     8.3096      4.000     8.1262    23.7239     8.8478    12.6444    131.105    385.984    395.144    0.01913    6.74748    9.64283  294.35882     8.3092   15.21475 7.4964e+01     2.4527     0.9884 0.0000e+00
        353 157.535394    0.02446     1.4678     88.065      5.047  48909.225    30.7913     7.8969      5.000     7.8177    23.9846     9.1689    13.1033    134.844    399.892    409.484    0.02620    6.79934    9.71693  296.54581     7.8965   15.31810 7.0544e+01     3.3396     0.9379 0.0000e+00
        359 157.535412    0.02489     1.4932     89.589      6.057  49029.712    30.8435     7.6962      6.000     7.6244    24.0534     9.2445    13.2112    135.388    403.159    412.856    0.02087    6.82814    9.75809  297.78198     7.6957   15.37688 6.5459e+01     4.1172     0.8854 0.0000e+00
        365 157.535427    0.02527     1.5158     90.947      7.066  49131.713    30.8691     7.4206      7.000     7.2599    24.1108     9.2224    13.1798    134.243    402.176    411.872    0.01232    6.87029    9.81834  299.60345     7.4200   15.46368 5.7728e+01     4.6877     0.8702 0.0000e+00
        370 157.535442    0.02561     1.5365     92.191      8.076  49488.722    31.0559     7.0564      8.000     6.9608    24.3059     9.0923    12.9938    131.406    396.427    406.063    0.00049    6.91958    9.88877  301.69532     7.0557   15.56270 4.6905e+01     5.2910     0.8273 0.0000e+00
        375 157.535456    0.02594     1.5564     93.385      9.085  49691.545    31.1626     6.8601      9.000     6.7840    24.4154     8.9958    12.8559    129.511    392.177    401.752   -0.00594    6.94611    9.92670  302.82002     6.8593   15.61590 3.5629e+01     5.6086     0.8198 0.0000e+00
        379 157.535470    0.02627     1.5764     94.585     10.095  49787.713    31.1884     6.6336     10.000     6.5101    24.4645     8.9273    12.7581    127.876    389.176    398.696   -0.00967    6.98160    9.97741  304.35238     6.6327   15.68885 2.6521e+01     5.3797     0.8026 0.0000e+00
        384 157.535483    0.02660     1.5959     95.754     11.104  49977.530    31.2735     6.3814     11.000     6.3054    24.5631     8.7326    12.4797    124.424    380.646    389.995   -0.01819    7.01877   10.03051  305.94292     6.3805   15.76431 1.9700e+01     5.5411     0.8375 0.0000e+00
        388 157.535496    0.02690     1.6142     96.851     12.113  50084.257    31.3181     6.2268     12.000     6.1482    24.6172     8.5201    12.1761    120.994    371.365    380.508   -0.02544    7.04211   10.06388  306.94442     6.2258   15.81186 1.4908e+01     4.9729     0.8853 0.0000e+00
        393 157.535510    0.02724     1.6344     98.062     13.123  50192.353    31.3513     6.0123     13.000     5.8974    24.6691     8.3512    11.9346    118.024    363.983    372.962   -0.02933    7.07613   10.11249  308.41153     6.0113   15.88163 1.1550e+01     3.7636     0.7736 0.0000e+00
        398 157.535523    0.02754     1.6525     99.150     14.133  50314.141    31.3828     5.7463     14.000     5.6160    24.7252     8.2490    11.7885    115.875    359.510    368.398   -0.03043    7.11917   10.17400  310.27021     5.7452   15.97004 9.1591e+00     2.9703     0.7476 0.0000e+00
        402 157.535535    0.02785     1.6708    100.248     15.142  50536.389    31.4892     5.5151     15.000     5.4625    24.8360     8.1533    11.6519    113.986    355.302    364.127   -0.03056    7.15310   10.22250  311.71572     5.5139   16.03846 7.4619e+00     2.4081     0.8313 0.0000e+00
        408 157.535552    0.02824     1.6946    101.674     16.152  50622.776    31.5237     5.3949     16.000     5.3554    24.8769     8.1072    11.5861    113.043    353.280    362.069   -0.02645    7.17188   10.24934  312.52155     5.3937   16.07669 6.1306e+00     2.6883     1.1481 0.0000e+00
        415 157.535573    0.02876     1.7256    103.538     17.161  50711.342    31.5556     5.2578     17.000     5.2269    24.9174     8.0845    11.5536    112.382    352.277    361.054   -0.02078    7.19378   10.28063  313.46340     5.2565   16.12140 5.0533e+00     1.5132     0.7611 0.0000e+00
        423 157.535597    0.02934     1.7603    105.619     18.170  50776.552    31.5791     5.1585     18.000     5.1340    24.9470     8.0928    11.5655    112.250    352.631    361.428   -0.01450    7.20969   10.30337  314.14782     5.1572   16.15389 4.1451e+00     1.0155     0.6717 0.0000e+00
        428 157.535611    0.02966     1.7796    106.778     19.180  50799.976    31.5779     5.0799     19.000     5.0295    24.9546     8.0930    11.5657    112.040    352.631    361.431   -0.01249    7.22332   10.32284  314.73916     5.0785   16.18205 3.4463e+00     0.9024     0.7387 0.0000e+00
        432 157.535623    0.02994     1.7966    107.795     20.190  50880.301    31.6112     4.9805     20.000     4.9426    24.9917     8.0902    11.5617    111.760    352.499    361.309   -0.01135    7.23890   10.34512  315.40687     4.9791   16.21370 2.8896e+00     0.7510     0.8153 0.0000e+00
        436 157.535634    0.03021     1.8126    108.754     21.200  50947.685    31.6436     4.9187     21.000     4.9034    25.0240     8.1008    11.5769    111.766    352.952    361.784   -0.00963    7.24805   10.35819  315.79541     4.9171   16.23206 2.4154e+00     0.6170     0.7835 0.0000e+00
        440 157.535644    0.03048     1.8285    109.708     22.209  50971.702    31.6549     4.8972     22.000     4.8906    25.0353     8.1171    11.6001    111.941    353.655    362.508   -0.00767    7.25123   10.36273  315.93041     4.8957   16.23844 2.0212e+00     0.5888     0.7722 0.0000e+00
        444 157.535657    0.03076     1.8458    110.747     23.218  50977.085    31.6559     4.8871     23.000     4.8794    25.0372     8.1355    11.6264    112.168    354.455    363.330   -0.00579    7.25293   10.36517  316.00425     4.8855   16.24195 1.6939e+00     0.5828     0.7663 0.0000e+00
        448 157.535669    0.03106     1.8639    111.834     24.228  50977.471    31.6518     4.8696     24.000     4.8505    25.0358     8.1475    11.6436    112.284    354.979    363.867   -0.00445    7.25617   10.36980  316.14571     4.8680   16.24870 1.4160e+00     0.5375     0.7703 0.0000e+00
        453 157.535682    0.03137     1.8821    112.927     25.236  50997.350    31.6548     4.8236     25.000     4.7961    25.0431     8.1410    11.6343    112.073    354.695    363.578   -0.00429    7.26404   10.38104  316.48631     4.8219   16.26490 1.1822e+00     0.5144     0.7954 0.0000e+00
        457 157.535695    0.03168     1.9003    114.019     26.247  51046.249    31.6780     4.7789     26.000     4.7674    25.0663     8.1252    11.6117    111.753    353.997    362.871   -0.00456    7.27072   10.39059  316.77032     4.7771   16.27832 9.8706e-01     0.4587     0.8212 0.0000e+00
        461 157.535707    0.03197     1.9182    115.089     27.257  51063.373    31.6857     4.7630     27.000     4.7566    25.0741     8.1301    11.6187    111.783    354.209    363.090   -0.00377    7.27314   10.39404  316.87303     4.7610   16.28318 8.2053e-01     0.4246     0.8583 0.0000e+00
        466 157.535719    0.03226     1.9357    116.139     28.266  51069.048    31.6871     4.7539     28.000     4.7471    25.0761     8.1323    11.6219    111.790    354.305    363.189   -0.00313    7.27465   10.39620  316.93809     4.7520   16.28627 6.7983e-01     0.4011     0.8770 0.0000e+00
        470 157.535731    0.03254     1.9524    117.147     29.276  51073.551    31.6873     4.7432     29.000     4.7339    25.0774     8.1290    11.6173    111.716    354.162    363.044   -0.00288    7.27651   10.39886  317.01899     4.7412   16.29012 5.6408e-01     0.3869     0.8703 0.0000e+00
        474 157.535743    0.03282     1.9688    118.126     30.286  51076.408    31.6850     4.7264     30.000     4.7113    25.0773     8.1227    11.6082    111.583    353.888    362.762   -0.00284    7.27958   10.40325  317.15247     4.7243   16.29648 4.6993e-01     0.3751     0.8688 0.0000e+00
        477 157.535753    0.03308     1.9850    119.098     31.295  51091.244    31.6889     4.7005     31.000     4.6865    25.0832     8.1093    11.5891    111.333    353.302    362.164   -0.00318    7.28392   10.40944  317.33977     4.6983   16.30538 3.9139e-01     0.3727     0.8676 0.0000e+00
        481 157.535765    0.03335     2.0012    120.071     32.305  51107.070    31.6945     4.6792     32.000     4.6678    25.0898     8.1015    11.5780    111.173    352.961    361.816   -0.00321    7.28737   10.41437  317.48813     4.6770   16.31241 3.2625e-01     0.3776     0.8688 0.0000e+00
        485 157.535776    0.03363     2.0176    121.056     33.314  51118.971    31.6983     4.6617     33.000     4.6509    25.0946     8.0980    11.5729    111.080    352.804    361.658   -0.00302    7.29026   10.41851  317.61272     4.6594   16.31833 2.7315e-01     0.3677     0.8529 0.0000e+00
        489 157.535788    0.03390     2.0342    122.053     34.324  51128.552    31.7003     4.6438     34.000     4.6308    25.0981     8.0953    11.5690    110.997    352.685    361.537   -0.00284    7.29330   10.42286  317.74414     4.6415   16.32457 2.3011e-01     0.3596     0.8326 0.0000e+00
        493 157.535799    0.03418     2.0505    123.031     35.333  51143.813    31.7055     4.6227     35.000     4.6102    25.1044     8.0950    11.5685    110.939    352.667    361.520   -0.00261    7.29676   10.42781  317.89289     4.6203   16.33163 1.9538e-01     0.3628     0.8200 0.0000e+00
        497 157.535810    0.03444     2.0662    123.971     36.342  51161.664    31.7133     4.6050     36.000     4.5963    25.1123     8.0957    11.5696    110.908    352.697    361.554   -0.00236    7.29949   10.43170  318.00929     4.6025   16.33714 1.6626e-01     0.3576     0.8362 0.0000e+00
        501 157.535821    0.03469     2.0816    124.896     37.352  51172.629    31.7179     4.5945     37.000     4.5877    25.1172     8.0908    11.5626    110.816    352.483    361.335   -0.00229    7.30111   10.43402  318.07845     4.5920   16.34041 1.4149e-01     0.3535     0.9277 0.0000e+00
        504 157.535831    0.03496     2.0975    125.847     38.362  51180.458    31.7211     4.5871     38.000     4.5816    25.1205     8.0744    11.5391    110.574    351.766    360.602   -0.00267    7.30225   10.43565  318.12711     4.5845   16.34271 1.2141e-01     0.3490     0.9624 0.0000e+00
        508 157.535843    0.03523     2.1135    126.811     39.371  51186.339    31.7234     4.5820     39.000     4.5777    25.1228     8.0564    11.5134    110.315    350.980    359.797   -0.00306    7.30304   10.43677  318.16059     4.5794   16.34430 1.0591e-01     0.3528     0.9329 0.0000e+00
        512 157.535854    0.03549     2.1294    127.763     40.382  51189.671    31.7246     4.5791     40.000     4.5750    25.1240     8.0516    11.5066    110.243    350.771    359.584   -0.00289    7.30351   10.43744  318.18057     4.5764   16.34524 9.3586e-02     0.3528     0.8728 0.0000e+00
        516 157.535864    0.03574     2.1447    128.681     41.391  51191.512    31.7247     4.5762     41.000     4.5708    25.1244     8.0574    11.5150    110.316    351.026    359.846   -0.00228    7.30401   10.43815  318.20221     4.5734   16.34627 8.4062e-02     0.3522     0.8456 0.0000e+00
        519 157.535875    0.03600     2.1599    129.596     42.401  51197.993    31.7275     4.5713     42.000     4.5666    25.1272     8.0520    11.5070    110.229    350.786    359.600   -0.00221    7.30474   10.43920  318.23344     4.5684   16.34775 7.6533e-02     0.3516     0.8376 0.0000e+00
        523 157.535885    0.03625     2.1752    130.514     43.411  51214.279    31.7378     4.5698     43.000     4.5732    25.1355     8.0438    11.4955    110.122    350.429    359.238   -0.00228    7.30450   10.43885  318.22011     4.5668   16.34707 7.0296e-02     0.3505     0.8692 0.0000e+00
        527 157.535896    0.03651     2.1902    131.414     44.420  51240.870    31.7596     4.5879     44.000     4.6045    25.1510     8.0487    11.5024    110.253    350.637    359.456   -0.00163    7.30024   10.43278  318.03011     4.5848   16.33794 6.5325e-02     0.3490     0.8987 0.0000e+00
        530 157.535906    0.03675     2.2052    132.310     45.429  51241.573    31.7679     4.6248     45.000     4.6411    25.1538     8.0543    11.5104    110.434    350.879    359.705   -0.00089    7.29334   10.42292  317.72863     4.6216   16.32356 6.1392e-02     0.3513     0.9094 0.0000e+00
        534 157.535917    0.03700     2.2203    133.219     46.439  51240.860    31.7748     4.6595     46.000     4.6774    25.1556     8.0581    11.5159    110.584    351.044    359.875   -0.00034    7.28690   10.41371  317.44738     4.6563   16.31015 5.8148e-02     0.3566     0.9244 0.0000e+00
        538 157.535928    0.03727     2.2362    134.168     47.449  51231.013    31.7764     4.6989     47.000     4.7094    25.1528     8.0707    11.5338    110.862    351.593    360.436    0.00046    7.27993   10.40374  317.14439     4.6956   16.29573 5.5536e-02     0.3588     0.9479 0.0000e+00
        542 157.535939    0.03754     2.2524    135.147     48.458  51210.651    31.7664     4.7189     48.000     4.7194    25.1428     8.0851    11.5545    111.107    352.226    361.082    0.00113    7.27689   10.39941  317.01535     4.7156   16.28962 5.3445e-02     0.3557     0.9747 0.0000e+00
        545 157.535950    0.03781     2.2686    136.115     49.468  51207.779    31.7654     4.7251     49.000     4.7230    25.1413     8.0776    11.5438    111.020    351.901    360.748    0.00068    7.27587   10.39795  316.97133     4.7216   16.28753 5.1772e-02     0.3342     0.9881 0.0000e+00
        549 157.535961    0.03807     2.2843    137.055     50.478  51207.237    31.7649     4.7269     50.000     4.7234    25.1407     8.0670    11.5286    110.878    351.438    360.274    0.00013    7.27557   10.39752  316.95858     4.7234   16.28693 5.0388e-02     0.3349     1.0052 0.0000e+00
        553 157.535972    0.03832     2.2996    137.975     51.488  51208.133    31.7649     4.7267     51.000     4.7226    25.1408     8.0623    11.5218    110.812    351.230    360.060   -0.00014    7.27561   10.39756  316.95983     4.7232   16.28699 4.9245e-02     0.3291     1.0405 0.0000e+00
        557 157.535983    0.03858     2.3147    138.881     52.498  51209.563    31.7653     4.7259     52.000     4.7218    25.1412     8.0571    11.5144    110.740    351.005    359.830   -0.00036    7.27574   10.39776  316.96574     4.7222   16.28727 4.8284e-02     0.3188     1.1023 0.0000e+00
        560 157.535993    0.03883     2.3298    139.787     53.507  51210.183    31.7650     4.7252     53.000     4.7209    25.1411     8.0506    11.5051    110.648    350.721    359.540   -0.00064    7.27587   10.39795  316.97143     4.7215   16.28753 4.7556e-02     0.3312     1.1370 0.0000e+00
