CTD-processing/allCTD/CNV/2013_10-29_t9_s08_cast120_5028.cnv
* Sea-Bird SBE19plus Data File:
* FileName = C:\Users\kris.holderied\Documents\kasitsna\Research-Projects-and-Data\Oceanography-AK\CTD-CookInlet-GulfWatchAK\2013-10-11-EVOSTC-CookInlet-Ocean\2013-10-29-CookInlet-Tran9-HomerSpit\2013-10-29-CookInlet-Tran9-cast120.hex
* Software Version 1.59
* Temperature SN =  5028
* Conductivity SN =  5028
* System UpLoad Time = Feb 14 2014 21:19:26
** Cook Inlet Transect 9 (Homer Spit) south to north
** Date: 2013-10-29
** Station: 9-08
** Start time: 10:36
** Depth (m): 93
** Comment:  CTD instrument time is AK Daylight time
** Comment:
# nquan = 27
# nvalues = 92                          
# units = specified
# name 0 = scan: Scan Count
# name 1 = timeJ: Julian Days
# name 2 = timeH: Time, Elapsed [hours]
# name 3 = timeM: Time, Elapsed [minutes]
# name 4 = timeS: Time, Elapsed [seconds]
# name 5 = prdM: Pressure, Strain Gauge [db]
# name 6 = specc: Specific Conductance [uS/cm]
# name 7 = sal00: Salinity, Practical [PSU]
# name 8 = tv290C: Temperature [ITS-90, deg C]
# name 9 = depSM: Depth [salt water, m], lat = 59.00
# name 10 = potemp090C: Potential Temperature [ITS-90, deg C]
# name 11 = sigma-é00: Density [sigma-theta, kg/m^3]
# name 12 = sbeox0ML/L: Oxygen, SBE 43 [ml/l]
# name 13 = sbeox0Mg/L: Oxygen, SBE 43 [mg/l]
# name 14 = sbeox0PS: Oxygen, SBE 43 [% saturation]
# name 15 = sbox0Mm/Kg: Oxygen, SBE 43 [umol/kg]
# name 16 = sbeox0Mm/L: Oxygen, SBE 43 [umol/l]
# name 17 = sbox0dV/dT: Oxygen, SBE 43 [dov/dt]
# name 18 = oxsolML/L: Oxygen Saturation, Garcia & Gordon [ml/l]
# name 19 = oxsolMg/L: Oxygen Saturation, Garcia & Gordon [mg/l]
# name 20 = oxsolMm/Kg: Oxygen Saturation, Garcia & Gordon [umol/kg]
# name 21 = potemp090C: Potential Temperature [ITS-90, deg C]
# name 22 = n2satMg/L: Nitrogen Saturation [mg/l]
# name 23 = par: PAR/Irradiance, Biospherical/Licor
# name 24 = flECO-AFL: Fluorescence, WET Labs ECO-AFL/FL [mg/m^3]
# name 25 = turbWETntu0: Turbidity, WET Labs ECO [NTU]
# name 26 = flag: flag
# span 0 =        296,        774       
# span 1 = 302.442648, 302.444032       
# span 2 =    0.02049,    0.05371       
# span 3 =     1.2296,     3.2225       
# span 4 =     73.775,    193.348       
# span 5 =      1.009,     92.889       
# span 6 =  46073.912,  48401.889       
# span 7 =    28.8127,    30.5364       
# span 8 =     7.8071,     8.8586       
# span 9 =      1.000,     92.000       
# span 10 =     7.8107,     8.8537      
# span 11 =    22.4451,    23.6530      
# span 12 =     6.1934,     6.8324      
# span 13 =     8.8510,     9.7642      
# span 14 =     90.170,    101.857      
# span 15 =    270.205,    298.193      
# span 16 =    276.596,    305.136      
# span 17 =   -0.00539,    0.01180      
# span 18 =    6.66951,    6.90176      
# span 19 =    9.53139,    9.86331      
# span 20 =  290.97805,  301.46625      
# span 21 =     7.8070,     8.8533      
# span 22 =   15.05330,   15.56108      
# span 23 = 4.6030e-02, 2.9089e+01      
# span 24 =     0.1293,     2.9591      
# span 25 =     0.3618,     2.6887      
# span 26 = 0.0000e+00, 0.0000e+00      
# interval = meters: 1                  
# start_time = Oct 29 2013 10:36:11 [Instrument's time stamp, header]
# bad_flag = -9.990e-29
*END*
[from data line 54]
        598 302.443521    0.04146     2.4874    149.246     55.526  48169.310    30.3944     8.8569     55.000     8.8510    23.5363     6.4729     9.2505     97.035    282.435    289.082   -0.00299    6.67074    9.53315  291.06454     8.8514   15.05801 5.3065e-02     0.1755     0.6118 0.0000e+00
        603 302.443535    0.04179     2.5074    150.441     56.536  48172.969    30.3964     8.8562     56.000     8.8503    23.5380     6.4686     9.2443     96.970    282.245    288.888   -0.00263    6.67076    9.53318  291.06505     8.8505   15.05802 5.2133e-02     0.1891     0.6157 0.0000e+00
        607 302.443548    0.04210     2.5259    151.555     57.546  48175.500    30.3977     8.8560     57.000     8.8503    23.5391     6.4680     9.2434     96.961    282.219    288.862   -0.00215    6.67073    9.53315  291.06351     8.8502   15.05794 5.1324e-02     0.1873     0.6072 0.0000e+00
        612 302.443562    0.04243     2.5461    152.765     58.556  48176.701    30.3982     8.8564     58.000     8.8508    23.5394     6.4637     9.2374     96.899    282.033    288.672   -0.00191    6.67065    9.53302  291.05972     8.8505   15.05776 5.0650e-02     0.1620     0.5945 0.0000e+00
        617 302.443577    0.04280     2.5681    154.089     59.565  48177.371    30.3982     8.8569     59.000     8.8508    23.5394     6.4549     9.2248     96.767    281.648    288.278   -0.00192    6.67057    9.53291  291.05639     8.8509   15.05760 5.0102e-02     0.1502     0.5945 0.0000e+00
        622 302.443591    0.04311     2.5869    155.211     60.575  48178.478    30.3985     8.8561     60.000     8.8484    23.5397     6.4512     9.2194     96.710    281.486    288.112   -0.00178    6.67068    9.53306  291.06095     8.8501   15.05782 4.9545e-02     0.1682     0.6073 0.0000e+00
        626 302.443602    0.04340     2.6041    156.248     61.585  48183.525    30.4009     8.8513     61.000     8.8421    23.5424     6.4509     9.2189     96.696    281.470    288.097   -0.00152    6.67130    9.53394  291.08710     8.8451   15.05906 4.9045e-02     0.1498     0.6316 0.0000e+00
        631 302.443616    0.04373     2.6237    157.424     62.595  48192.484    30.4058     8.8447     62.000     8.8356    23.5472     6.4426     9.2071     96.561    281.107    287.727   -0.00166    6.67206    9.53504  291.11920     8.8385   15.06057 4.8645e-02     0.1398     0.6331 0.0000e+00
        636 302.443630    0.04408     2.6445    158.669     63.604  48208.591    30.4156     8.8370     63.000     8.8270    23.5560     6.4240     9.1805     96.272    280.293    286.896   -0.00226    6.67280    9.53609  291.14881     8.8306   15.06195 4.8339e-02     0.1493     0.6324 0.0000e+00
        640 302.443643    0.04439     2.6632    159.792     64.614  48228.658    30.4283     8.8300     64.000     8.8215    23.5669     6.3986     9.1442     95.884    279.181    285.761   -0.00310    6.67329    9.53680  291.16736     8.8236   15.06278 4.8015e-02     0.1531     0.6740 0.0000e+00
        645 302.443657    0.04470     2.6823    160.940     65.624  48237.617    30.4334     8.8256     65.000     8.8172    23.5717     6.3701     9.1035     95.450    277.936    284.488   -0.00390    6.67373    9.53743  291.18513     8.8191   15.06361 4.7749e-02     0.1538     0.7071 0.0000e+00
        649 302.443670    0.04503     2.7021    162.124     66.633  48244.582    30.4374     8.8215     66.000     8.8134    23.5753     6.3481     9.0721     95.115    276.978    283.508   -0.00424    6.67417    9.53806  291.20310     8.8149   15.06445 4.7485e-02     0.1557     0.7293 0.0000e+00
        654 302.443683    0.04535     2.7209    163.251     67.643  48249.600    30.4400     8.8187     67.000     8.8112    23.5779     6.3365     9.0554     94.936    276.468    282.986   -0.00401    6.67448    9.53849  291.21578     8.8120   15.06504 4.7264e-02     0.1505     0.7932 0.0000e+00
        659 302.443698    0.04569     2.7414    164.485     68.654  48252.682    30.4415     8.8173     68.000     8.8100    23.5793     6.3317     9.0487     94.862    276.260    282.774   -0.00341    6.67462    9.53870  291.22162     8.8105   15.06532 4.7111e-02     0.1559     0.7966 0.0000e+00
        664 302.443712    0.04603     2.7619    165.713     69.663  48258.624    30.4451     8.8159     69.000     8.8075    23.5822     6.3284     9.0439     94.812    276.115    282.626   -0.00284    6.67468    9.53878  291.22336     8.8089   15.06539 4.6974e-02     0.1654     0.8065 0.0000e+00
        668 302.443724    0.04632     2.7793    166.760     70.673  48272.228    30.4536     8.8122     70.000     8.8035    23.5895     6.3306     9.0470     94.842    276.209    282.725   -0.00228    6.67486    9.53904  291.22920     8.8052   15.06563 4.6857e-02     0.1487     0.8553 0.0000e+00
        673 302.443738    0.04665     2.7989    167.937     71.682  48282.240    30.4598     8.8098     71.000     8.8026    23.5948     6.3350     9.0533     94.907    276.400    282.922   -0.00155    6.67496    9.53917  291.23183     8.8026   15.06573 4.6789e-02     0.1403     0.8378 0.0000e+00
        678 302.443752    0.04699     2.8198    169.186     72.692  48291.258    30.4658     8.8104     72.000     8.8046    23.5994     6.3023     9.0066     94.423    274.973    281.462   -0.00283    6.67460    9.53866  291.21498     8.8032   15.06490 4.6664e-02     0.1328     0.8404 0.0000e+00
        682 302.443764    0.04729     2.8372    170.234     73.702  48305.134    30.4756     8.8145     73.000     8.8092    23.6065     6.2940     8.9947     94.312    274.606    281.089   -0.00278    6.67357    9.53719  291.16803     8.8071   15.06262 4.6546e-02     0.1293     0.9120 0.0000e+00
        687 302.443778    0.04761     2.8565    171.388     74.712  48311.100    30.4800     8.8186     74.000     8.8122    23.6092     6.2989     9.0018     94.397    274.821    281.310   -0.00193    6.67277    9.53606  291.13248     8.8111   15.06090 4.6445e-02     0.1415     1.0637 0.0000e+00
        692 302.443793    0.04797     2.8781    172.686     75.722  48314.665    30.4823     8.8208     75.000     8.8137    23.6108     6.2865     8.9841     94.218    274.280    280.756   -0.00208    6.67232    9.53541  291.11246     8.8133   15.05994 4.6448e-02     0.1537     1.1711 0.0000e+00
        696 302.443806    0.04828     2.8973    173.837     76.731  48316.758    30.4835     8.8216     76.000     8.8142    23.6116     6.2768     8.9701     94.074    273.853    280.319   -0.00219    6.67215    9.53517  291.10490     8.8140   15.05957 4.6434e-02     0.1501     1.2383 0.0000e+00
        701 302.443819    0.04861     2.9168    175.006     77.741  48321.066    30.4861     8.8221     77.000     8.8146    23.6136     6.2747     8.9671     94.045    273.762    280.226   -0.00185    6.67196    9.53490  291.09597     8.8144   15.05913 4.6352e-02     0.1379     1.3084 0.0000e+00
        706 302.443835    0.04897     2.9384    176.302     78.751  48327.304    30.4902     8.8230     78.000     8.8155    23.6167     6.2706     8.9613     93.989    273.584    280.045   -0.00163    6.67166    9.53447  291.08203     8.8152   15.05845 4.6266e-02     0.1479     1.3840 0.0000e+00
        711 302.443848    0.04930     2.9577    177.464     79.761  48330.748    30.4923     8.8239     79.000     8.8161    23.6182     6.2614     8.9483     93.855    273.185    279.638   -0.00176    6.67144    9.53415  291.07176     8.8159   15.05796 4.6173e-02     0.1537     1.5307 0.0000e+00
        715 302.443860    0.04959     2.9756    178.539     80.771  48333.023    30.4935     8.8245     80.000     8.8165    23.6191     6.2539     8.9374     93.743    272.853    279.297   -0.00183    6.67130    9.53395  291.06551     8.8164   15.05765 4.6198e-02     0.1398     1.6235 0.0000e+00
        720 302.443874    0.04992     2.9954    179.725     81.780  48334.891    30.4945     8.8249     81.000     8.8169    23.6197     6.2483     8.9294     93.660    272.609    279.047   -0.00175    6.67120    9.53382  291.06113     8.8167   15.05744 4.6173e-02     0.1351     1.6213 0.0000e+00
        725 302.443889    0.05028     3.0166    180.997     82.790  48338.787    30.4969     8.8255     82.000     8.8174    23.6215     6.2456     8.9256     93.623    272.493    278.930   -0.00151    6.67100    9.53353  291.05182     8.8173   15.05698 4.6166e-02     0.1366     1.6630 0.0000e+00
        730 302.443903    0.05062     3.0374    182.242     83.800  48341.176    30.4982     8.8259     83.000     8.8175    23.6225     6.2429     8.9217     93.584    272.373    278.807   -0.00133    6.67089    9.53338  291.04687     8.8175   15.05674 4.6124e-02     0.1534     1.7496 0.0000e+00
        735 302.443918    0.05097     3.0582    183.492     84.810  48343.691    30.4995     8.8259     84.000     8.8175    23.6236     6.2318     8.9059     93.418    271.889    278.312   -0.00160    6.67082    9.53328  291.04361     8.8175   15.05658 4.6086e-02     0.1550     1.7598 0.0000e+00
        740 302.443932    0.05132     3.0790    184.743     85.820  48345.205    30.5001     8.8260     85.000     8.8175    23.6241     6.2319     8.9060     93.421    271.894    278.316   -0.00131    6.67078    9.53321  291.04144     8.8175   15.05647 4.6068e-02     0.1601     1.8606 0.0000e+00
        745 302.443947    0.05166     3.0996    185.975     86.830  48347.603    30.5014     8.8262     86.000     8.8175    23.6250     6.2403     8.9181     93.548    272.262    278.694   -0.00064    6.67070    9.53310  291.03773     8.8175   15.05629 4.6092e-02     0.1635     1.8931 0.0000e+00
        750 302.443961    0.05200     3.1204    187.221     87.840  48352.814    30.5046     8.8264     87.000     8.8177    23.6276     6.2462     8.9264     93.638    272.515    278.954   -0.00023    6.67054    9.53286  291.02967     8.8176   15.05590 4.6088e-02     0.1524     1.9298 0.0000e+00
        755 302.443975    0.05233     3.1397    188.382     88.849  48361.467    30.5103     8.8268     88.000     8.8179    23.6320     6.2411     8.9192     93.567    272.293    278.727   -0.00044    6.67024    9.53244  291.01553     8.8179   15.05520 4.6068e-02     0.1487     2.0758 0.0000e+00
        759 302.443988    0.05266     3.1593    189.556     89.859  48372.104    30.5173     8.8267     89.000     8.8175    23.6375     6.2283     8.9009     93.379    271.734    278.157   -0.00098    6.66994    9.53201  291.00098     8.8177   15.05447 4.6063e-02     0.1559     2.1571 0.0000e+00
        764 302.444003    0.05301     3.1803    190.820     90.870  48382.807    30.5243     8.8260     90.000     8.8167    23.6430     6.2130     8.8790     93.152    271.062    277.471   -0.00154    6.66974    9.53172  290.99068     8.8170   15.05396 4.6034e-02     0.1616     2.2349 0.0000e+00
        769 302.444016    0.05334     3.2005    192.031     91.879  48395.518    30.5326     8.8252     91.000     8.8154    23.6497     6.2064     8.8695     93.056    270.773    277.177   -0.00156    6.66951    9.53139  290.97865     8.8160   15.05334 4.6063e-02     0.1510     2.4553 0.0000e+00
        774 302.444032    0.05371     3.2225    193.348     92.889  48401.889    30.5364     8.8240     92.000     8.8145    23.6530     6.1934     8.8510     92.861    270.205    276.596   -0.00185    6.66951    9.53140  290.97805     8.8147   15.05330 4.6030e-02     0.1654     2.6887 0.0000e+00
