CTD-processing/allCTD/CNV/2013-04-19-cookinlet-tran6-cast067-s20_5028.cnv
* Sea-Bird SBE19plus Data File:
* FileName = C:\Documents and Settings\kris.holderied.local\My Documents\2012-2013-CTD-DATA-new-files\2013-04-EVOSTC-CookInlet-Ocean\2013-04-19-CookInlet-Tran6-Douglas\2013-04-19-CookInlet-Tran6-cast067.hex
* Software Version 1.54
* Temperature SN =  5028
* Conductivity SN =  5028
* System UpLoad Time = Apr 19 2013 22:33:17
** Cook Inlet LTM Transect 6 (Douglas line) West to East
** Date:  2013-04-19
** Station:  6-20
** Start time (AKDT-24 hr):  1333
** Depth (m): 175
** Comment:  CTD time set wrong
** Comment:	Very Clear H2O
# nquan = 27
# nvalues = 150                         
# units = specified
# name 0 = scan: Scan Count
# name 1 = timeJ: Julian Days
# name 2 = timeH: Time, Elapsed [hours]
# name 3 = timeM: Time, Elapsed [minutes]
# name 4 = timeS: Time, Elapsed [seconds]
# name 5 = prdM: Pressure, Strain Gauge [db]
# name 6 = specc: Specific Conductance [uS/cm]
# name 7 = sal00: Salinity, Practical [PSU]
# name 8 = tv290C: Temperature [ITS-90, deg C]
# name 9 = depSM: Depth [salt water, m], lat = 59.00
# name 10 = potemp090C: Potential Temperature [ITS-90, deg C]
# name 11 = sigma-é00: Density [sigma-theta, kg/m^3]
# name 12 = sbeox0ML/L: Oxygen, SBE 43 [ml/l]
# name 13 = sbeox0Mg/L: Oxygen, SBE 43 [mg/l]
# name 14 = sbeox0PS: Oxygen, SBE 43 [% saturation]
# name 15 = sbox0Mm/Kg: Oxygen, SBE 43 [umol/kg]
# name 16 = sbeox0Mm/L: Oxygen, SBE 43 [umol/l]
# name 17 = sbox0dV/dT: Oxygen, SBE 43 [dov/dt]
# name 18 = oxsolML/L: Oxygen Saturation, Garcia & Gordon [ml/l]
# name 19 = oxsolMg/L: Oxygen Saturation, Garcia & Gordon [mg/l]
# name 20 = oxsolMm/Kg: Oxygen Saturation, Garcia & Gordon [umol/kg]
# name 21 = potemp090C: Potential Temperature [ITS-90, deg C]
# name 22 = n2satMg/L: Nitrogen Saturation [mg/l]
# name 23 = par: PAR/Irradiance, Biospherical/Licor
# name 24 = flECO-AFL: Fluorescence, WET Labs ECO-AFL/FL [mg/m^3]
# name 25 = turbWETntu0: Turbidity, WET Labs ECO [NTU]
# name 26 = flag: flag
# span 0 =         45,       1109       
# span 1 = 109.565949, 109.569029       
# span 2 =    0.00307,    0.07697       
# span 3 =     0.1840,     4.6182       
# span 4 =     11.041,    277.092       
# span 5 =      1.010,    151.471       
# span 6 =  40290.188,  52161.022       
# span 7 =    24.7357,    32.1534       
# span 8 =     3.5468,     3.9615       
# span 9 =      1.000,    150.000       
# span 10 =     3.5438,     3.9609      
# span 11 =    19.6444,    25.5398      
# span 12 =     6.4363,     8.0252      
# span 13 =     9.1980,    11.4687      
# span 14 =     87.018,    107.495      
# span 15 =    280.302,    349.486      
# span 16 =    287.443,    358.402      
# span 17 =   -0.00160,    0.02942      
# span 18 =    7.39499,    7.82603      
# span 19 =   10.56818,   11.18418      
# span 20 =  322.05338,  343.11070      
# span 21 =     3.5428,     3.9610      
# span 22 =   16.52796,   17.55862      
# span 23 = 3.7905e-02, 5.6735e+02      
# span 24 =     0.1997,     0.7972      
# span 25 =     0.3476,     0.7982      
# span 26 = 0.0000e+00, 0.0000e+00      
# interval = meters: 1                  
# start_time = Apr 19 2013 13:34:47 [Instrument's time stamp, header]
# bad_flag = -9.990e-29
*END*
[from data line 108]
        895 109.568408    0.06207     3.7245    223.472    110.058  52139.098    32.0972     3.5808    109.000     3.5743    25.5178     7.9773    11.4003    106.872    347.400    356.265   -0.00031    7.46430   10.66724  325.06097     3.5740   16.67100 4.4211e-02     0.2705     0.4950 0.0000e+00
        898 109.568417    0.06229     3.7372    224.232    111.067  52140.274    32.0977     3.5814    110.000     3.5750    25.5181     7.9777    11.4009    106.880    347.419    356.284   -0.00027    7.46417   10.66705  325.05516     3.5745   16.67071 4.2869e-02     0.2686     0.5145 0.0000e+00
        901 109.568426    0.06249     3.7495    224.968    112.078  52140.906    32.0978     3.5822    111.000     3.5758    25.5181     7.9758    11.3982    106.856    347.336    356.199   -0.00036    7.46402   10.66683  325.04855     3.5753   16.67040 4.1864e-02     0.2739     0.5444 0.0000e+00
        906 109.568440    0.06285     3.7709    226.252    113.088  52141.148    32.0976     3.5831    112.000     3.5765    25.5180     7.9803    11.4046    106.919    347.532    356.400   -0.00017    7.46385   10.66659  325.04136     3.5762   16.67006 4.0971e-02     0.2629     0.5287 0.0000e+00
        914 109.568464    0.06340     3.8045    228.269    114.098  52144.611    32.1000     3.5853    113.000     3.5804    25.5196     7.9813    11.4061    106.940    347.575    356.445   -0.00011    7.46334   10.66586  325.01826     3.5782   16.66895 3.9988e-02     0.2675     0.4984 0.0000e+00
        918 109.568476    0.06371     3.8226    229.353    115.108  52150.055    32.1050     3.5922    114.000     3.5904    25.5229     7.9843    11.4104    107.002    347.706    356.580    0.00005    7.46183   10.66369  324.95135     3.5851   16.66575 3.9297e-02     0.2747     0.5013 0.0000e+00
        923 109.568488    0.06400     3.8398    230.390    116.118  52146.660    32.1049     3.6032    115.000     3.5996    25.5219     7.9826    11.4081    107.009    347.634    356.507    0.00003    7.45981   10.66081  324.86399     3.5960   16.66160 3.8555e-02     0.2651     0.5002 0.0000e+00
        926 109.568499    0.06427     3.8561    231.365    117.128  52142.537    32.1030     3.6088    116.000     3.6031    25.5199     7.9785    11.4021    106.967    347.453    356.320   -0.00011    7.45887   10.65948  324.82378     3.6016   16.65970 3.8068e-02     0.2688     0.5011 0.0000e+00
        931 109.568513    0.06457     3.8745    232.473    118.138  52142.826    32.1036     3.6122    117.000     3.6065    25.5200     7.9749    11.3969    106.927    347.295    356.157   -0.00025    7.45823   10.65855  324.79554     3.6049   16.65835 3.7932e-02     0.2723     0.4926 0.0000e+00
        938 109.568533    0.06507     3.9043    234.260    119.147  52141.563    32.1033     3.6164    118.000     3.6098    25.5194     7.9738    11.3954    106.924    347.249    356.110   -0.00022    7.45747   10.65747  324.76271     3.6091   16.65679 3.7912e-02     0.2625     0.5088 0.0000e+00
        944 109.568551    0.06550     3.9297    235.782    120.158  52150.842    32.1103     3.6212    119.000     3.6205    25.5245     7.9702    11.3902    106.893    347.090    355.950   -0.00029    7.45626   10.65573  324.70832     3.6137   16.65418 3.7912e-02     0.2733     0.5078 0.0000e+00
        948 109.568561    0.06574     3.9448    236.687    121.168  52158.065    32.1187     3.6368    120.000     3.6404    25.5297     7.9698    11.3896    106.934    347.070    355.931   -0.00019    7.45296   10.65102  324.56313     3.6293   16.64724 3.7912e-02     0.2773     0.5060 0.0000e+00
        952 109.568573    0.06602     3.9612    237.673    122.178  52147.791    32.1161     3.6562    121.000     3.6556    25.5259     7.9781    11.4016    107.095    347.435    356.303    0.00025    7.44955   10.64615  324.41593     3.6486   16.64025 3.7912e-02     0.2686     0.4929 0.0000e+00
        957 109.568589    0.06641     3.9844    239.063    123.188  52147.680    32.1200     3.6741    122.000     3.6753    25.5274     7.9747    11.3967    107.100    347.287    356.153    0.00021    7.44609   10.64121  324.26497     3.6664   16.63306 3.7912e-02     0.2526     0.4776 0.0000e+00
        963 109.568606    0.06682     4.0089    240.531    124.198  52151.509    32.1303     3.7063    123.000     3.7110    25.5326     7.9644    11.3819    107.053    346.836    355.692   -0.00001    7.43970   10.63207  323.98465     3.6986   16.61969 3.7912e-02     0.2575     0.4772 0.0000e+00
        969 109.568622    0.06721     4.0328    241.966    125.208  52135.890    32.1264     3.7353    124.000     3.7327    25.5268     7.9640    11.3814    107.121    346.820    355.673    0.00019    7.43462   10.62481  323.76526     3.7275   16.60927 3.7912e-02     0.2509     0.4840 0.0000e+00
        974 109.568637    0.06757     4.0539    243.236    126.218  52131.285    32.1253     3.7453    125.000     3.7398    25.5250     7.9389    11.3455    106.808    345.728    354.553   -0.00070    7.43286   10.62231  323.68953     3.7373   16.60567 3.7912e-02     0.2382     0.4829 0.0000e+00
        979 109.568651    0.06789     4.0732    244.391    127.229  52135.623    32.1294     3.7522    126.000     3.7490    25.5277     7.9201    11.3186    106.576    344.907    353.712   -0.00124    7.43139   10.62020  323.62452     3.7442   16.60256 3.7912e-02     0.2312     0.5000 0.0000e+00
        984 109.568666    0.06827     4.0963    245.777    128.238  52133.568    32.1309     3.7658    127.000     3.7614    25.5276     7.9094    11.3033    106.469    344.440    353.233   -0.00130    7.42884   10.61655  323.51344     3.7577   16.59728 3.7912e-02     0.2304     0.4941 0.0000e+00
        990 109.568684    0.06869     4.1217    247.302    129.249  52132.491    32.1322     3.7759    128.000     3.7711    25.5277     7.8940    11.2813    106.289    343.770    352.546   -0.00152    7.42693   10.61383  323.43042     3.7678   16.59333 3.7912e-02     0.2322     0.4959 0.0000e+00
        995 109.568698    0.06903     4.1418    248.507    130.259  52132.812    32.1340     3.7844    129.000     3.7795    25.5283     7.8870    11.2713    106.218    343.466    352.234   -0.00146    7.42530   10.61150  323.35918     3.7762   16.58993 3.7912e-02     0.2349     0.5345 0.0000e+00
       1001 109.568715    0.06944     4.1662    249.969    131.268  52132.867    32.1359     3.7938    130.000     3.7888    25.5289     7.8802    11.2616    106.152    343.168    351.929   -0.00136    7.42351   10.60893  323.28067     3.7855   16.58619 3.7912e-02     0.2362     0.5009 0.0000e+00
       1007 109.568732    0.06985     4.1909    251.452    132.279  52133.743    32.1387     3.8045    131.000     3.7996    25.5301     7.8719    11.2497    106.070    342.805    351.557   -0.00131    7.42142   10.60595  323.18965     3.7961   16.58185 3.7912e-02     0.2217     0.4989 0.0000e+00
       1011 109.568744    0.07015     4.2089    252.535    133.289  52132.844    32.1393     3.8116    132.000     3.8056    25.5300     7.8668    11.2424    106.020    342.583    351.329   -0.00126    7.42010   10.60406  323.13219     3.8031   16.57912 3.7912e-02     0.2192     0.5004 0.0000e+00
       1016 109.568760    0.07052     4.2311    253.865    134.299  52130.989    32.1387     3.8164    133.000     3.8087    25.5291     7.8659    11.2412    106.020    342.547    351.291   -0.00105    7.41927   10.60287  323.09614     3.8078   16.57741 3.7912e-02     0.2113     0.5074 0.0000e+00
       1024 109.568782    0.07104     4.2625    255.751    135.309  52131.533    32.1392     3.8188    134.000     3.8106    25.5293     7.8669    11.2426    106.040    342.591    351.338   -0.00074    7.41881   10.60222  323.07608     3.8102   16.57645 3.7912e-02     0.2143     0.5188 0.0000e+00
       1028 109.568794    0.07134     4.2806    256.835    136.319  52132.445    32.1395     3.8197    135.000     3.8114    25.5294     7.8629    11.2369    105.989    342.415    351.157   -0.00079    7.41862   10.60195  323.06777     3.8111   16.57605 3.7912e-02     0.2218     0.5175 0.0000e+00
       1032 109.568806    0.07163     4.2974    257.841    137.329  52133.367    32.1399     3.8206    136.000     3.8122    25.5296     7.8653    11.2403    106.023    342.518    351.262   -0.00064    7.41845   10.60171  323.06031     3.8118   16.57569 3.7912e-02     0.2228     0.5107 0.0000e+00
       1038 109.568823    0.07204     4.3225    259.349    138.339  52134.144    32.1401     3.8214    137.000     3.8128    25.5297     7.8680    11.2442    106.063    342.639    351.387   -0.00042    7.41829   10.60148  323.05343     3.8126   16.57537 3.7912e-02     0.2149     0.5118 0.0000e+00
       1045 109.568843    0.07250     4.3499    260.994    139.349  52135.751    32.1410     3.8229    138.000     3.8147    25.5303     7.8553    11.2260    105.895    342.084    350.817   -0.00080    7.41796   10.60100  323.03871     3.8140   16.57467 3.7912e-02     0.2116     0.5432 0.0000e+00
       1050 109.568857    0.07285     4.3709    262.254    140.359  52137.438    32.1421     3.8247    139.000     3.8168    25.5310     7.8542    11.2244    105.886    342.035    350.767   -0.00071    7.41758   10.60047  323.02236     3.8157   16.57389 3.7912e-02     0.1997     0.5460 0.0000e+00
       1055 109.568871    0.07318     4.3907    263.444    141.369  52139.487    32.1438     3.8281    140.000     3.8201    25.5321     7.8556    11.2265    105.915    342.098    350.832   -0.00055    7.41689   10.59948  322.99178     3.8190   16.57242 3.7912e-02     0.2024     0.5131 0.0000e+00
       1059 109.568884    0.07349     4.4095    264.570    142.380  52138.424    32.1430     3.8296    141.000     3.8207    25.5312     7.8588    11.2309    105.961    342.235    350.973   -0.00035    7.41665   10.59913  322.98137     3.8205   16.57193 3.7912e-02     0.2239     0.5074 0.0000e+00
       1064 109.568897    0.07380     4.4277    265.664    143.390  52140.792    32.1443     3.8301    142.000     3.8214    25.5322     7.8589    11.2312    105.965    342.240    350.979   -0.00033    7.41650   10.59892  322.97466     3.8210   16.57161 3.7912e-02     0.2236     0.5127 0.0000e+00
       1072 109.568922    0.07441     4.4645    267.869    144.400  52142.934    32.1455     3.8316    143.000     3.8227    25.5331     7.8666    11.2422    106.074    342.577    351.324   -0.00001    7.41616   10.59843  322.95951     3.8225   16.57088 3.7912e-02     0.2191     0.5129 0.0000e+00
       1079 109.568940    0.07483     4.4900    269.402    145.410  52144.245    32.1462     3.8324    144.000     3.8233    25.5334     7.8625    11.2362    106.021    342.395    351.138   -0.00017    7.41599   10.59820  322.95203     3.8232   16.57052 3.7912e-02     0.2195     0.5219 0.0000e+00
       1082 109.568949    0.07504     4.5026    270.158    146.420  52144.975    32.1461     3.8326    145.000     3.8234    25.5335     7.8532    11.2230    105.896    341.992    350.724   -0.00053    7.41595   10.59813  322.95020     3.8233   16.57044 3.7912e-02     0.2077     0.5311 0.0000e+00
       1087 109.568964    0.07541     4.5247    271.481    147.431  52145.584    32.1460     3.8326    146.000     3.8231    25.5334     7.8533    11.2232    105.897    341.996    350.729   -0.00047    7.41595   10.59814  322.95044     3.8232   16.57045 3.7912e-02     0.2030     0.5357 0.0000e+00
       1095 109.568986    0.07594     4.5564    273.382    148.441  52145.577    32.1452     3.8313    147.000     3.8209    25.5329     7.8550    11.2255    105.917    342.069    350.803   -0.00034    7.41623   10.59853  322.96251     3.8219   16.57103 3.7921e-02     0.2081     0.5177 0.0000e+00
       1100 109.569001    0.07629     4.5775    274.649    149.451  52146.930    32.1449     3.8284    148.000     3.8176    25.5329     7.8622    11.2359    106.006    342.385    351.127   -0.00008    7.41677   10.59931  322.98630     3.8189   16.57216 3.8029e-02     0.2059     0.5340 0.0000e+00
       1105 109.569015    0.07664     4.5980    275.881    150.461  52151.695    32.1469     3.8258    149.000     3.8164    25.5348     7.8704    11.2476    106.111    342.741    351.492    0.00018    7.41714   10.59984  323.00186     3.8162   16.57289 3.8130e-02     0.2223     0.5490 0.0000e+00
       1109 109.569029    0.07697     4.6182    277.092    151.471  52161.022    32.1534     3.8283    150.000     3.8216    25.5398     7.8726    11.2507    106.152    342.833    351.589    0.00024    7.41636   10.59873  322.96626     3.8187   16.57117 3.7905e-02     0.2279     0.5560 0.0000e+00
