CTD-processing/allCTD/CNV/2013_07-19_t4_s03_cast047_5028.cnv
* Sea-Bird SBE19plus Data File:
* FileName = C:\Documents and Settings\kris.holderied.local\My Documents\2012-2013-CTD-DATA-new-files\2013-07-CookInlet-EVOSTC-LTM\2013-07-19-CookInlet-Tran4-Barabara\2013-07-19-CookInlet-Tran4-Barabara-cast047.hex
* Software Version 1.54
* Temperature SN =  5028
* Conductivity SN =  5028
* System UpLoad Time = Jul 19 2013 21:59:22
** Cook Inlet LTM Ocean - Tran4 - Barabara, North to South
** Date: 2013-07-19
** Station: 4-03
** Start time (AKDT-24 hr): 19:58
** Depth (m): 105
** Comment:
** Comment:
# nquan = 27
# nvalues = 103                         
# units = specified
# name 0 = scan: Scan Count
# name 1 = timeJ: Julian Days
# name 2 = timeH: Time, Elapsed [hours]
# name 3 = timeM: Time, Elapsed [minutes]
# name 4 = timeS: Time, Elapsed [seconds]
# name 5 = prdM: Pressure, Strain Gauge [db]
# name 6 = specc: Specific Conductance [uS/cm]
# name 7 = sal00: Salinity, Practical [PSU]
# name 8 = tv290C: Temperature [ITS-90, deg C]
# name 9 = depSM: Depth [salt water, m], lat = 59.00
# name 10 = potemp090C: Potential Temperature [ITS-90, deg C]
# name 11 = sigma-é00: Density [sigma-theta, kg/m^3]
# name 12 = sbeox0ML/L: Oxygen, SBE 43 [ml/l]
# name 13 = sbeox0Mg/L: Oxygen, SBE 43 [mg/l]
# name 14 = sbeox0PS: Oxygen, SBE 43 [% saturation]
# name 15 = sbox0Mm/Kg: Oxygen, SBE 43 [umol/kg]
# name 16 = sbeox0Mm/L: Oxygen, SBE 43 [umol/l]
# name 17 = sbox0dV/dT: Oxygen, SBE 43 [dov/dt]
# name 18 = oxsolML/L: Oxygen Saturation, Garcia & Gordon [ml/l]
# name 19 = oxsolMg/L: Oxygen Saturation, Garcia & Gordon [mg/l]
# name 20 = oxsolMm/Kg: Oxygen Saturation, Garcia & Gordon [umol/kg]
# name 21 = potemp090C: Potential Temperature [ITS-90, deg C]
# name 22 = n2satMg/L: Nitrogen Saturation [mg/l]
# name 23 = par: PAR/Irradiance, Biospherical/Licor
# name 24 = flECO-AFL: Fluorescence, WET Labs ECO-AFL/FL [mg/m^3]
# name 25 = turbWETntu0: Turbidity, WET Labs ECO [NTU]
# name 26 = flag: flag
# span 0 =         64,        714       
# span 1 = 200.832556, 200.834437       
# span 2 =    0.00440,    0.04954       
# span 3 =     0.2639,     2.9725       
# span 4 =     15.835,    178.352       
# span 5 =      1.010,    103.998       
# span 6 =  44249.045,  50639.351       
# span 7 =    28.1783,    31.7500       
# span 8 =     6.4165,    10.8055       
# span 9 =      1.000,    103.000       
# span 10 =     6.4086,    10.6387      
# span 11 =    21.5107,    24.8956      
# span 12 =     5.1954,     8.5839      
# span 13 =     7.4248,    12.2673      
# span 14 =     80.175,    131.266      
# span 15 =    227.188,    374.183      
# span 16 =    232.028,    383.359      
# span 17 =   -0.04242,    0.01157      
# span 18 =    6.39304,    6.99341      
# span 19 =    9.13629,    9.99429      
# span 20 =  278.73452,  304.74008      
# span 21 =     6.4088,    10.8054      
# span 22 =   14.46316,   15.70527      
# span 23 = 5.3129e-02, 1.2446e+02      
# span 24 =     0.3946,     4.7178      
# span 25 =     0.2950,     1.3653      
# span 26 = 0.0000e+00, 0.0000e+00      
# interval = meters: 1                  
# start_time = Jul 19 2013 19:58:37 [Instrument's time stamp, header]
# bad_flag = -9.990e-29
*END*
[from data line 54]
        522 200.833881    0.03620     2.1717    130.304     55.527  50501.006    31.7140     6.9183     55.000     6.8933    24.8426     7.5569    10.7996    109.337    329.313    337.493   -0.00304    6.91161    9.87738  301.19015     6.9134   15.53592 5.9040e-02     0.4608     0.3864 0.0000e+00
        525 200.833890    0.03642     2.1851    131.108     56.537  50489.213    31.6987     6.8816     56.000     6.8464    24.8353     7.5456    10.7834    109.070    328.821    336.987   -0.00346    6.91818    9.88676  301.47845     6.8766   15.54973 5.8611e-02     0.4606     0.4027 0.0000e+00
        529 200.833900    0.03666     2.1994    131.965     57.546  50497.612    31.6946     6.8285     57.000     6.7962    24.8389     7.5292    10.7600    108.697    328.106    336.256   -0.00418    6.92687    9.89919  301.85621     6.8235   15.56776 5.8217e-02     0.4748     0.4527 0.0000e+00
        533 200.833912    0.03694     2.2168    133.006     58.555  50523.808    31.7036     6.7803     58.000     6.7598    24.8523     7.5081    10.7299    108.278    327.184    335.315   -0.00480    6.93418    9.90964  302.17086     6.7753   15.58273 5.7851e-02     0.5032     0.5315 0.0000e+00
        537 200.833925    0.03725     2.2354    134.124     59.565  50530.391    31.7017     6.7473     59.000     6.7281    24.8550     7.4924    10.7076    107.968    326.500    334.615   -0.00491    6.93956    9.91732  302.40435     6.7423   15.59388 5.7518e-02     0.5210     0.5744 0.0000e+00
        541 200.833936    0.03753     2.2517    135.101     60.575  50537.041    31.7010     6.7208     60.000     6.7029    24.8579     7.4891    10.7027    107.852    326.352    334.464   -0.00451    6.94387    9.92348  302.59131     6.7156   15.60279 5.7210e-02     0.5175     0.6393 0.0000e+00
        545 200.833947    0.03779     2.2670    136.021     61.585  50536.390    31.6957     6.6966     61.000     6.6765    24.8568     7.4845    10.6962    107.722    326.153    334.260   -0.00422    6.94801    9.92939  302.77197     6.6914   15.61143 5.6905e-02     0.5152     0.6875 0.0000e+00
        549 200.833958    0.03804     2.2825    136.951     62.595  50545.222    31.6966     6.6706     62.000     6.6535    24.8608     7.4743    10.6815    107.510    325.705    333.802   -0.00425    6.95217    9.93535  302.95227     6.6652   15.62002 5.6557e-02     0.5113     0.6826 0.0000e+00
        553 200.833969    0.03830     2.2980    137.882     63.604  50553.057    31.6978     6.6500     63.000     6.6366    24.8644     7.4584    10.6588    107.232    325.011    333.093   -0.00446    6.95542    9.94000  303.09289     6.6446   15.62673 5.6324e-02     0.5452     0.7150 0.0000e+00
        556 200.833979    0.03856     2.3136    138.816     64.614  50563.130    31.7022     6.6382     64.000     6.6296    24.8694     7.4372    10.6285    106.900    324.085    332.144   -0.00483    6.95714    9.94245  303.16617     6.6327   15.63020 5.6114e-02     0.5578     0.7729 0.0000e+00
        560 200.833990    0.03883     2.3296    139.774     65.624  50565.737    31.7025     6.6329     65.000     6.6250    24.8703     7.4289    10.6166    106.768    323.723    331.775   -0.00454    6.95796    9.94362  303.20191     6.6274   15.63190 5.5862e-02     0.5320     0.8120 0.0000e+00
        564 200.834003    0.03912     2.3471    140.824     66.633  50564.778    31.7004     6.6275     66.000     6.6181    24.8694     7.4292    10.6170    106.757    323.735    331.786   -0.00378    6.95893    9.94500  303.24418     6.6219   15.63393 5.5634e-02     0.5141     0.8251 0.0000e+00
        569 200.834015    0.03943     2.3660    141.959     67.643  50562.864    31.6967     6.6175     67.000     6.6056    24.8678     7.4267    10.6135    106.694    323.627    331.675   -0.00329    6.96073    9.94758  303.32335     6.6117   15.63772 5.5547e-02     0.5208     0.8164 0.0000e+00
        573 200.834027    0.03970     2.3819    142.912     68.653  50566.655    31.6968     6.6060     68.000     6.5950    24.8693     7.4202    10.6042    106.573    323.344    331.385   -0.00315    6.96258    9.95022  303.40326     6.6003   15.64153 5.5467e-02     0.5323     0.8464 0.0000e+00
        576 200.834036    0.03992     2.3950    143.699     69.662  50569.971    31.6971     6.5980     69.000     6.5876    24.8706     7.4140    10.5954    106.465    323.077    331.111   -0.00312    6.96386    9.95205  303.45861     6.5922   15.64417 5.5287e-02     0.5488     0.8879 0.0000e+00
        579 200.834045    0.04014     2.4082    144.490     70.673  50573.421    31.6978     6.5912     70.000     6.5813    24.8720     7.4097    10.5892    106.386    322.887    330.918   -0.00297    6.96495    9.95360  303.50568     6.5852   15.64641 5.5211e-02     0.5300     0.9201 0.0000e+00
        583 200.834057    0.04042     2.4250    145.500     71.683  50578.119    31.6993     6.5842     71.000     6.5757    24.8740     7.4008    10.5764    106.241    322.496    330.518   -0.00295    6.96600    9.95510  303.55073     6.5782   15.64855 5.5161e-02     0.4996     0.9545 0.0000e+00
        588 200.834071    0.04076     2.4455    146.732     72.693  50579.896    31.6990     6.5785     72.000     6.5688    24.8745     7.3869    10.5565    106.027    321.891    329.897   -0.00301    6.96694    9.95646  303.59189     6.5723   15.65051 5.5043e-02     0.4846     0.9960 0.0000e+00
        592 200.834083    0.04104     2.4624    147.744     73.702  50575.961    31.6942     6.5696     73.000     6.5551    24.8718     7.3693    10.5315    105.750    321.126    329.112   -0.00338    6.96861    9.95884  303.66542     6.5633   15.65404 5.4975e-02     0.4760     1.0142 0.0000e+00
        595 200.834093    0.04128     2.4768    148.606     74.711  50579.127    31.6933     6.5555     74.000     6.5407    24.8729     7.3611    10.5198    105.597    320.768    328.747   -0.00344    6.97093    9.96216  303.76635     6.5492   15.65885 5.4902e-02     0.4736     1.0297 0.0000e+00
        599 200.834103    0.04152     2.4910    149.463     75.723  50569.823    31.6833     6.5393     75.000     6.5160    24.8671     7.3641    10.5240    105.592    320.899    328.878   -0.00301    6.97402    9.96658  303.90260     6.5329   15.66540 5.4778e-02     0.4684     1.0072 0.0000e+00
        603 200.834113    0.04178     2.5066    150.395     76.731  50574.813    31.6802     6.5063     76.000     6.4842    24.8688     7.3666    10.5276    105.546    321.008    328.991   -0.00269    6.97953    9.97444  304.14187     6.4998   15.67681 5.4686e-02     0.4730     0.9532 0.0000e+00
        607 200.834126    0.04208     2.5252    151.514     77.741  50597.526    31.6904     6.4791     77.000     6.4672    24.8803     7.3692    10.5313    105.523    321.117    329.107   -0.00237    6.98347    9.98008  304.31050     6.4726   15.68481 5.4618e-02     0.4688     0.8519 0.0000e+00
        612 200.834140    0.04241     2.5449    152.695     78.751  50605.414    31.6937     6.4704     78.000     6.4617    24.8840     7.3944    10.5673    105.865    322.215    330.233   -0.00093    6.98474    9.98189  304.36453     6.4638   15.68737 5.4519e-02     0.4533     0.8025 0.0000e+00
        616 200.834152    0.04271     2.5627    153.762     79.761  50602.790    31.6904     6.4651     79.000     6.4536    24.8821     7.4063    10.5842    106.019    322.731    330.761   -0.00030    6.98576    9.98334  304.40954     6.4584   15.68953 5.4469e-02     0.4633     0.7839 0.0000e+00
        620 200.834164    0.04298     2.5787    154.719     80.771  50602.381    31.6878     6.4553     80.000     6.4428    24.8814     7.4041    10.5812    105.963    322.640    330.667   -0.00043    6.98745    9.98577  304.48382     6.4486   15.69308 5.4384e-02     0.4649     0.7734 0.0000e+00
        623 200.834173    0.04321     2.5929    155.576     81.780  50606.264    31.6883     6.4460     81.000     6.4342    24.8829     7.3985    10.5732    105.861    322.396    330.418   -0.00075    6.98894    9.98790  304.54806     6.4393   15.69614 5.4312e-02     0.4875     0.7679 0.0000e+00
        627 200.834184    0.04346     2.6079    156.476     82.790  50607.026    31.6866     6.4367     82.000     6.4233    24.8827     7.3974    10.5716    105.820    322.346    330.366   -0.00082    6.99054    9.99018  304.61789     6.4298   15.69948 5.4256e-02     0.5022     0.7849 0.0000e+00
        631 200.834196    0.04377     2.6260    157.561     83.800  50618.139    31.6915     6.4243     83.000     6.4147    24.8881     7.3925    10.5646    105.722    322.130    330.147   -0.00099    6.99233    9.99275  304.69445     6.4174   15.70311 5.4222e-02     0.5459     0.8348 0.0000e+00
        636 200.834209    0.04408     2.6449    158.692     84.810  50628.659    31.6977     6.4212     84.000     6.4145    24.8934     7.3764    10.5415    105.488    321.427    329.428   -0.00153    6.99257    9.99308  304.70298     6.4140   15.70349 5.4137e-02     0.5782     0.9567 0.0000e+00
        640 200.834222    0.04437     2.6622    159.734     85.820  50629.547    31.6981     6.4220     85.000     6.4151    24.8936     7.3518    10.5065    105.140    320.357    328.332   -0.00233    6.99240    9.99284  304.69578     6.4149   15.70314 5.4018e-02     0.5951     1.1071 0.0000e+00
        644 200.834232    0.04463     2.6781    160.684     86.830  50628.895    31.6972     6.4221     86.000     6.4144    24.8928     7.3233    10.4657    104.731    319.114    327.057   -0.00325    6.99244    9.99288  304.69733     6.4149   15.70322 5.3928e-02     0.6188     1.1701 0.0000e+00
        647 200.834243    0.04487     2.6924    161.542     87.839  50629.222    31.6967     6.4214     87.000     6.4134    24.8927     7.3104    10.4472    104.545    318.552    326.481   -0.00345    6.99258    9.99309  304.70366     6.4140   15.70353 5.3911e-02     0.5956     1.1812 0.0000e+00
        651 200.834252    0.04512     2.7069    162.412     88.849  50629.550    31.6963     6.4203     88.000     6.4120    24.8925     7.3109    10.4480    104.549    318.574    326.505   -0.00297    6.99278    9.99338  304.71242     6.4129   15.70394 5.3857e-02     0.5848     1.1843 0.0000e+00
        655 200.834264    0.04540     2.7239    163.433     89.859  50629.716    31.6956     6.4184     89.000     6.4099    24.8921     7.3120    10.4496    104.560    318.622    326.553   -0.00247    6.99311    9.99385  304.72690     6.4110   15.70464 5.3789e-02     0.5980     1.1889 0.0000e+00
        660 200.834278    0.04573     2.7438    164.626     90.869  50631.511    31.6960     6.4165     90.000     6.4086    24.8927     7.3109    10.4481    104.541    318.576    326.507   -0.00207    6.99341    9.99429  304.74008     6.4088   15.70527 5.3697e-02     0.6169     1.1740 0.0000e+00
        664 200.834292    0.04607     2.7641    165.844     91.879  50634.555    31.6977     6.4168     91.000     6.4106    24.8940     7.3114    10.4488    104.549    318.597    326.528   -0.00168    6.99328    9.99410  304.73390     6.4091   15.70496 5.3589e-02     0.6415     1.1628 0.0000e+00
        669 200.834305    0.04638     2.7825    166.952     92.889  50637.905    31.7005     6.4216     92.000     6.4171    24.8956     7.3176    10.4575    104.651    318.864    326.802   -0.00112    6.99236    9.99278  304.69318     6.4139   15.70301 5.3520e-02     0.6244     1.1821 0.0000e+00
        673 200.834316    0.04665     2.7988    167.929     93.899  50634.941    31.6990     6.4272     93.000     6.4211    24.8938     7.3269    10.4709    104.796    319.270    327.218   -0.00051    6.99153    9.99159  304.65767     6.4193   15.70133 5.3493e-02     0.5917     1.2260 0.0000e+00
        676 200.834327    0.04689     2.8136    168.819     94.909  50637.772    31.7012     6.4311     94.000     6.4264    24.8950     7.3242    10.4670    104.769    319.153    327.099   -0.00053    6.99079    9.99054  304.62508     6.4231   15.69976 5.3424e-02     0.5991     1.2515 0.0000e+00
        680 200.834337    0.04714     2.8288    169.727     95.919  50637.286    31.7015     6.4371     95.000     6.4316    24.8945     7.3186    10.4589    104.703    318.908    326.846   -0.00071    6.98979    9.98911  304.58163     6.4291   15.69769 5.3353e-02     0.5823     1.2756 0.0000e+00
        684 200.834349    0.04744     2.8463    170.777     96.929  50633.988    31.6995     6.4411     96.000     6.4336    24.8925     7.3205    10.4617    104.739    318.991    326.931   -0.00053    6.98924    9.98832  304.55818     6.4330   15.69658 5.3332e-02     0.5495     1.3225 0.0000e+00
        689 200.834364    0.04779     2.8672    172.034     97.939  50633.326    31.6988     6.4420     97.000     6.4337    24.8918     7.3189    10.4594    104.718    318.922    326.861   -0.00050    6.98912    9.98815  304.55327     6.4338   15.69635 5.3305e-02     0.5417     1.3307 0.0000e+00
        694 200.834378    0.04812     2.8869    173.212     98.948  50633.026    31.6980     6.4416     98.000     6.4324    24.8912     7.3127    10.4506    104.629    318.654    326.586   -0.00071    6.98922    9.98829  304.55770     6.4334   15.69656 5.3211e-02     0.5771     1.3253 0.0000e+00
        698 200.834389    0.04838     2.9031    174.184     99.959  50632.737    31.6968     6.4391     99.000     6.4291    24.8906     7.3048    10.4394    104.509    318.311    326.235   -0.00099    6.98969    9.98897  304.57857     6.4307   15.69756 5.3158e-02     0.5697     1.3320 0.0000e+00
        702 200.834400    0.04865     2.9188    175.127    100.969  50635.703    31.6980     6.4370    100.000     6.4283    24.8919     7.2986    10.4305    104.416    318.040    325.957   -0.00117    6.98997    9.98937  304.59032     6.4285   15.69812 5.3129e-02     0.5725     1.3319 0.0000e+00
        705 200.834411    0.04891     2.9348    176.086    101.979  50637.420    31.6987     6.4369    101.000     6.4285    24.8924     7.3024    10.4359    104.471    318.206    326.127   -0.00089    6.98997    9.98936  304.58984     6.4283   15.69809 5.3211e-02     0.5708     1.3651 0.0000e+00
        709 200.834422    0.04919     2.9511    177.069    102.988  50638.553    31.6991     6.4374    102.000     6.4291    24.8927     7.3125    10.4502    104.615    318.643    326.575   -0.00033    6.98986    9.98921  304.58517     6.4287   15.69787 5.3170e-02     0.5499     1.3642 0.0000e+00
        714 200.834437    0.04954     2.9725    178.352    103.998  50639.351    31.6994     6.4384    103.000     6.4301    24.8928     7.3132    10.4513    104.629    318.676    326.608   -0.00023    6.98967    9.98894  304.57708     6.4297   15.69749 5.3139e-02     0.5578     1.3653 0.0000e+00
