CTD-processing/allCTD/CNV/2013_07-19_t3_s07_cast030_5028.cnv
* Sea-Bird SBE19plus Data File:
* FileName = C:\Documents and Settings\kris.holderied.local\My Documents\2012-2013-CTD-DATA-new-files\2013-07-CookInlet-EVOSTC-LTM\2013-07-19-CookInlet-Tran3-AnchorPt\2013-07-19-CookInlet-Tran3-AnchorPt-cast030.hex
* Software Version 1.54
* Temperature SN =  5028
* Conductivity SN =  5028
* System UpLoad Time = Jul 19 2013 17:06:09
** Cook Inlet LTM Ocean - Tran3 - Anchor Pt Line
** Date: 2013-07-19
** Station: 3-07
** Start time (AKDT-24 hr): 12:00
** Depth (m): 106
** Comment:
** Comment:
# nquan = 27
# nvalues = 102                         
# units = specified
# name 0 = scan: Scan Count
# name 1 = timeJ: Julian Days
# name 2 = timeH: Time, Elapsed [hours]
# name 3 = timeM: Time, Elapsed [minutes]
# name 4 = timeS: Time, Elapsed [seconds]
# name 5 = prdM: Pressure, Strain Gauge [db]
# name 6 = specc: Specific Conductance [uS/cm]
# name 7 = sal00: Salinity, Practical [PSU]
# name 8 = tv290C: Temperature [ITS-90, deg C]
# name 9 = depSM: Depth [salt water, m], lat = 59.00
# name 10 = potemp090C: Potential Temperature [ITS-90, deg C]
# name 11 = sigma-é00: Density [sigma-theta, kg/m^3]
# name 12 = sbeox0ML/L: Oxygen, SBE 43 [ml/l]
# name 13 = sbeox0Mg/L: Oxygen, SBE 43 [mg/l]
# name 14 = sbeox0PS: Oxygen, SBE 43 [% saturation]
# name 15 = sbox0Mm/Kg: Oxygen, SBE 43 [umol/kg]
# name 16 = sbeox0Mm/L: Oxygen, SBE 43 [umol/l]
# name 17 = sbox0dV/dT: Oxygen, SBE 43 [dov/dt]
# name 18 = oxsolML/L: Oxygen Saturation, Garcia & Gordon [ml/l]
# name 19 = oxsolMg/L: Oxygen Saturation, Garcia & Gordon [mg/l]
# name 20 = oxsolMm/Kg: Oxygen Saturation, Garcia & Gordon [umol/kg]
# name 21 = potemp090C: Potential Temperature [ITS-90, deg C]
# name 22 = n2satMg/L: Nitrogen Saturation [mg/l]
# name 23 = par: PAR/Irradiance, Biospherical/Licor
# name 24 = flECO-AFL: Fluorescence, WET Labs ECO-AFL/FL [mg/m^3]
# name 25 = turbWETntu0: Turbidity, WET Labs ECO [NTU]
# name 26 = flag: flag
# span 0 =         81,        810       
# span 1 = 200.500348, 200.502456       
# span 2 =    0.00557,    0.05617       
# span 3 =     0.3346,     3.3701       
# span 4 =     20.077,    202.205       
# span 5 =      1.009,    102.988       
# span 6 =  39573.180,  49373.707       
# span 7 =    24.9705,    31.1859       
# span 8 =     8.6391,    11.5860       
# span 9 =      1.000,    102.000       
# span 10 =     8.6315,    11.4318      
# span 11 =    18.8900,    24.1883      
# span 12 =     4.8062,     7.3645      
# span 13 =     6.8686,    10.5246      
# span 14 =     73.803,    110.892      
# span 15 =    210.749,    321.131      
# span 16 =    214.645,    328.897      
# span 17 =   -0.00261,    0.01686      
# span 18 =    6.40033,    6.66926      
# span 19 =    9.14671,    9.53105      
# span 20 =  279.76253,  290.81600      
# span 21 =     8.6317,    11.5859      
# span 22 =   14.52512,   15.04292      
# span 23 = 5.8615e-02, 1.0996e+02      
# span 24 =     0.1029,     0.4841      
# span 25 =     1.1030,     3.6168      
# span 26 = 0.0000e+00, 0.0000e+00      
# interval = meters: 1                  
# start_time = Jul 19 2013 12:00:10 [Instrument's time stamp, header]
# bad_flag = -9.990e-29
*END*
         81 200.500348    0.00557     0.3346     20.077      1.009  39573.180    24.9705    11.5860      1.000    11.4318    18.8900     4.8062     6.8686     73.803    210.749    214.645   -0.00261    6.51021    9.30374  285.45293    11.5859   14.81255 1.0996e+02     0.1029     1.8498 0.0000e+00
        181 200.500637    0.01250     0.7500     45.002      2.019  45076.822    28.5100    11.2870      2.000    11.2996    21.6778     5.6945     8.1380     88.947    248.922    254.317    0.00487    6.40033    9.14671  279.76253    11.2868   14.52512 6.2241e+01     0.4609     2.5027 0.0000e+00
        353 200.501136    0.02448     1.4687     88.121      3.028  44519.165    28.1430    11.2626      3.000    11.2613    21.3980     6.4323     9.1924    100.203    281.249    287.267    0.01009    6.41929    9.17381  280.67955    11.2623   14.57057 4.0437e+01     0.4626     2.2726 0.0000e+00
        360 200.501154    0.02490     1.4943     89.660      4.038  44527.760    28.1480    11.2538      4.000    11.2403    21.4034     6.3915     9.1341     99.552    279.463    285.445    0.00409    6.42032    9.17528  280.72306    11.2534   14.57264 3.4974e+01     0.4809     2.2193 0.0000e+00
        362 200.501160    0.02508     1.5046     90.276      5.047  44581.124    28.1820    11.2247      5.000    11.1640    21.4347     6.3897     9.1315     99.481    279.374    285.362    0.00332    6.42299    9.17910  280.83123    11.2241   14.57768 2.4707e+01     0.4841     2.2399 0.0000e+00
        365 200.501168    0.02525     1.5146     90.877      6.057  44741.746    28.2861    11.1465      6.000    10.9717    21.5286     6.4033     9.1509     99.591    279.945    285.971    0.00316    6.42965    9.18861  281.09632    11.1458   14.58994 1.7801e+01     0.4687     2.2323 0.0000e+00
        367 200.501176    0.02544     1.5264     91.581      7.067  45279.476    28.6321    10.8563      7.000    10.6192    21.8459     6.4168     9.1702     99.395    280.447    286.573    0.00218    6.45606    9.22635  282.16288    10.8555   14.63957 1.3571e+01     0.4693     2.1665 0.0000e+00
        376 200.501201    0.02605     1.5630     93.778      8.076  46116.439    29.1615    10.3287      8.000    10.2692    22.3446     6.4611     9.2337     99.273    282.249    288.556    0.00133    6.50849    9.30128  284.31611    10.3279   14.74044 1.2277e+01     0.4507     1.8088 0.0000e+00
        381 200.501215    0.02640     1.5838     95.029      9.085  46372.545    29.3257    10.1982      9.000    10.1347    22.4937     6.5492     9.3595    100.444    286.054    292.488    0.00526    6.52023    9.31806  284.78745    10.1972   14.76232 1.0760e+01     0.4458     1.7766 0.0000e+00
        384 200.501223    0.02658     1.5944     95.662     10.095  46529.144    29.4258    10.1185     10.000    10.0673    22.5844     6.6046     9.4387    101.181    288.448    294.964    0.00698    6.52745    9.32838  285.07775    10.1173   14.77580 8.7938e+00     0.4410     1.7441 0.0000e+00
        386 200.501230    0.02675     1.6047     96.281     11.104  46628.367    29.4881    10.0607     11.000    10.0319    22.6423     6.6956     9.5688    102.487    292.407    299.028    0.01054    6.53312    9.33648  285.30913    10.0595   14.78661 6.9824e+00     0.4287     1.6965 0.0000e+00
        390 200.501240    0.02699     1.6195     97.169     12.113  46694.971    29.5298    10.0218     12.000    10.0073    22.6810     6.8502     9.7896    104.791    299.143    305.928    0.01680    6.53696    9.34196  285.46582    10.0205   14.79393 5.4942e+00     0.4142     1.6754 0.0000e+00
        396 200.501259    0.02744     1.6462     98.770     13.122  46751.988    29.5658     9.9910     13.000     9.9787    22.7139     6.9441     9.9238    106.180    303.234    310.122    0.01686    6.53988    9.34614  285.58418     9.9896   14.79944 4.3942e+00     0.4075     1.6502 0.0000e+00
        400 200.501271    0.02772     1.6633     99.796     14.132  46845.143    29.6266     9.9574     14.000     9.9060    22.7667     6.9123     9.8782    105.657    301.829    308.701    0.01137    6.54216    9.34939  285.66877     9.9559   14.80324 3.6139e+00     0.3995     1.6497 0.0000e+00
        403 200.501280    0.02795     1.6770    100.619     15.142  47088.666    29.7843     9.8545     15.000     9.7661    22.9060     6.9392     9.9167    105.935    302.963    309.902    0.01042    6.55037    9.36113  285.98838     9.8530   14.81788 2.9072e+00     0.4178     1.6561 0.0000e+00
        407 200.501290    0.02818     1.6907    101.444     16.151  47398.155    29.9826     9.7071     16.000     9.6066    23.0839     6.9528     9.9361    105.933    303.503    310.508    0.00874    6.56334    9.37967  286.50486     9.7054   14.84176 2.2561e+00     0.4269     1.6261 0.0000e+00
        410 200.501299    0.02841     1.7045    102.272     17.161  47717.261    30.1852     9.5440     17.000     9.4602    23.2676     6.9544     9.9384    105.714    303.517    310.579    0.00634    6.57845    9.40125  287.11283     9.5422   14.87000 1.7061e+00     0.4063     1.5670 0.0000e+00
        414 200.501311    0.02867     1.7202    103.211     18.170  47932.227    30.3194     9.4185     18.000     9.3780    23.3919     6.9867     9.9847    106.002    304.892    312.025    0.00591    6.59104    9.41926  287.62775     9.4166   14.89407 1.3144e+00     0.3797     1.5674 0.0000e+00
        419 200.501326    0.02904     1.7423    104.538     19.180  48051.150    30.3932     9.3481     19.000     9.3333    23.4604     7.0680    10.1010    107.121    308.423    315.659    0.00808    6.59819    9.42947  287.92032     9.3461   14.90775 1.0805e+00     0.3723     1.6387 0.0000e+00
        424 200.501341    0.02939     1.7638    105.828     20.190  48104.142    30.4260     9.3183     20.000     9.3039    23.4906     7.1217    10.1776    107.885    310.754    318.054    0.00873    6.60114    9.43369  288.04070     9.3163   14.91337 8.7269e-01     0.3653     1.7694 0.0000e+00
        428 200.501350    0.02963     1.7782    106.691     21.199  48155.764    30.4588     9.2958     21.000     9.2759    23.5197     7.1411    10.2053    108.148    311.592    318.921    0.00815    6.60306    9.43643  288.11607     9.2936   14.91684 6.5845e-01     0.3616     1.8426 0.0000e+00
        431 200.501360    0.02986     1.7914    107.484     22.208  48224.410    30.5026     9.2665     22.000     9.2429    23.5584     7.1603    10.2328    108.400    312.421    319.781    0.00769    6.60549    9.43991  288.21145     9.2642   14.92122 4.8527e-01     0.3695     1.8355 0.0000e+00
        435 200.501371    0.03011     1.8067    108.403     23.218  48322.055    30.5654     9.2278     23.000     9.2044    23.6135     7.1872    10.2712    108.757    313.575    320.980    0.00750    6.60850    9.44420  288.32696     9.2254   14.92649 3.6028e-01     0.3832     1.7758 0.0000e+00
        439 200.501384    0.03044     1.8263    109.579     24.228  48430.531    30.6350     9.1828     24.000     9.1672    23.6748     7.2110    10.3053    109.058    314.597    322.045    0.00685    6.61213    9.44939  288.46840     9.1804   14.93297 2.8741e-01     0.3943     1.7163 0.0000e+00
        444 200.501399    0.03079     1.8474    110.842     25.238  48508.937    30.6855     9.1532     25.000     9.1409    23.7188     7.2323    10.3356    109.342    315.510    322.993    0.00611    6.61433    9.45254  288.55194     9.1506   14.93675 2.4544e-01     0.4090     1.5747 0.0000e+00
        449 200.501412    0.03111     1.8667    112.004     26.247  48565.153    30.7216     9.1320     26.000     9.1185    23.7502     7.2499    10.3609    109.583    316.270    323.781    0.00559    6.61591    9.45480  288.61196     9.1293   14.93947 2.0391e-01     0.4208     1.4419 0.0000e+00
        453 200.501423    0.03137     1.8821    112.925     27.257  48609.500    30.7491     9.1091     27.000     9.0886    23.7753     7.2561    10.3696    109.639    316.530    324.056    0.00475    6.61811    9.45795  288.70110     9.1063   14.94362 1.6664e-01     0.4284     1.3660 0.0000e+00
        456 200.501432    0.03160     1.8957    113.742     28.267  48655.414    30.7771     9.0811     28.000     9.0662    23.8014     7.2610    10.3766    109.665    316.736    324.275    0.00403    6.62104    9.46213  288.82127     9.0782   14.94925 1.3894e-01     0.4169     1.3207 0.0000e+00
        460 200.501444    0.03187     1.9124    114.742     29.276  48681.709    30.7927     9.0638     29.000     9.0583    23.8163     7.2754    10.3971    109.850    317.357    324.916    0.00380    6.62293    9.46483  288.89952     9.0608   14.95292 1.2068e-01     0.4067     1.3165 0.0000e+00
        465 200.501459    0.03224     1.9343    116.058     30.286  48688.348    30.7965     9.0605     30.000     9.0577    23.8197     7.2961    10.4269    110.159    318.264    325.845    0.00389    6.62324    9.46528  288.91223     9.0574   14.95351 1.0849e-01     0.4155     1.2889 0.0000e+00
        469 200.501471    0.03253     1.9516    117.095     31.295  48687.916    30.7958     9.0608     31.000     9.0566    23.8192     7.3055    10.4404    110.302    318.675    326.265    0.00358    6.62324    9.46527  288.91218     9.0576   14.95352 9.8701e-02     0.4272     1.2689 0.0000e+00
        473 200.501482    0.03280     1.9679    118.075     32.304  48690.428    30.7968     9.0589     32.000     9.0553    23.8203     7.3072    10.4428    110.323    318.748    326.341    0.00297    6.62347    9.46560  288.92184     9.0556   14.95398 9.0621e-02     0.4165     1.2807 0.0000e+00
        477 200.501493    0.03307     1.9839    119.034     33.315  48691.191    30.7970     9.0590     33.000     9.0560    23.8204     7.3087    10.4448    110.345    318.812    326.406    0.00242    6.62345    9.46557  288.92095     9.0556   14.95393 8.4217e-02     0.4224     1.2910 0.0000e+00
        481 200.501504    0.03331     1.9987    119.921     34.324  48691.543    30.7969     9.0596     34.000     9.0564    23.8203     7.3145    10.4531    110.434    319.064    326.663    0.00228    6.62336    9.46544  288.91713     9.0561   14.95375 7.9393e-02     0.4218     1.2920 0.0000e+00
        484 200.501514    0.03357     2.0146    120.875     35.333  48691.814    30.7966     9.0597     35.000     9.0547    23.8201     7.3208    10.4621    110.530    319.340    326.947    0.00213    6.62336    9.46544  288.91723     9.0561   14.95376 7.5512e-02     0.4067     1.3110 0.0000e+00
        490 200.501531    0.03396     2.0373    122.240     36.343  48697.983    30.7998     9.0547     36.000     9.0486    23.8233     7.3235    10.4660    110.560    319.456    327.067    0.00170    6.62396    9.46630  288.94244     9.0510   14.95495 7.2736e-02     0.4137     1.3208 0.0000e+00
        495 200.501546    0.03432     2.0591    123.548     37.353  48714.283    30.8099     9.0480     37.000     9.0415    23.8323     7.3189    10.4594    110.482    319.253    326.861    0.00093    6.62452    9.46710  288.96438     9.0442   14.95596 7.0562e-02     0.4188     1.3225 0.0000e+00
        499 200.501556    0.03455     2.0730    124.384     38.363  48733.680    30.8224     9.0438     38.000     9.0373    23.8428     7.3293    10.4743    110.638    319.705    327.327    0.00125    6.62461    9.46722  288.96502     9.0399   14.95593 6.8689e-02     0.4217     1.3195 0.0000e+00
        502 200.501564    0.03476     2.0858    125.150     39.372  48746.065    30.8303     9.0400     39.000     9.0340    23.8494     7.3282    10.4728    110.617    319.654    327.278    0.00107    6.62482    9.46754  288.97297     9.0360   14.95628 6.7151e-02     0.4182     1.2795 0.0000e+00
        506 200.501578    0.03509     2.1053    126.320     40.382  48757.309    30.8372     9.0363     40.000     9.0307    23.8554     7.3234    10.4659    110.541    319.444    327.064    0.00048    6.62508    9.46790  288.98236     9.0321   14.95670 6.5793e-02     0.4237     1.2455 0.0000e+00
        513 200.501596    0.03553     2.1316    127.897     41.391  48766.862    30.8429     9.0326     41.000     9.0281    23.8605     7.3274    10.4716    110.596    319.616    327.242    0.00049    6.62538    9.46833  288.99383     9.0284   14.95722 6.4942e-02     0.4446     1.2172 0.0000e+00
        518 200.501611    0.03588     2.1532    129.193     42.401  48771.989    30.8459     9.0314     42.000     9.0251    23.8630     7.3380    10.4867    110.755    320.076    327.714    0.00082    6.62543    9.46840  288.99514     9.0271   14.95728 6.4231e-02     0.4288     1.1638 0.0000e+00
        521 200.501621    0.03614     2.1685    130.107     43.410  48785.297    30.8543     9.0273     43.000     9.0210    23.8702     7.3473    10.5000    110.892    320.481    328.131    0.00114    6.62567    9.46874  289.00369     9.0229   14.95765 6.3681e-02     0.4292     1.1613 0.0000e+00
        525 200.501631    0.03636     2.1814    130.884     44.420  48790.897    30.8574     9.0253     44.000     9.0188    23.8730     7.3443    10.4957    110.844    320.350    327.998    0.00078    6.62584    9.46899  289.01052     9.0207   14.95797 6.3137e-02     0.4299     1.1476 0.0000e+00
        529 200.501643    0.03666     2.1997    131.983     45.429  48808.345    30.8678     9.0148     45.000     9.0035    23.8827     7.3413    10.4915    110.780    320.215    327.863    0.00037    6.62693    9.47055  289.05527     9.0102   14.96007 6.2753e-02     0.4192     1.1236 0.0000e+00
        537 200.501667    0.03722     2.2337    134.020     46.439  48840.026    30.8866     8.9936     46.000     8.9846    23.9006     7.3302    10.4757    110.574    319.728    327.369   -0.00048    6.62927    9.47388  289.15222     8.9889   14.96462 6.2374e-02     0.4179     1.1030 0.0000e+00
        540 200.501676    0.03746     2.2479    134.871     47.449  48866.189    30.9020     8.9758     47.000     8.9489    23.9154     7.3305    10.4761    110.546    319.735    327.382   -0.00053    6.63123    9.47669  289.23369     8.9710   14.96845 6.2237e-02     0.4364     1.1224 0.0000e+00
        544 200.501686    0.03769     2.2616    135.694     48.458  48923.045    30.9360     8.9368     48.000     8.9057    23.9479     7.3279    10.4723    110.434    319.609    327.264   -0.00087    6.63556    9.48288  289.41319     8.9319   14.97689 6.1963e-02     0.4247     1.1593 0.0000e+00
        547 200.501697    0.03795     2.2771    136.625     49.468  48988.786    30.9752     8.8911     49.000     8.8683    23.9854     7.3253    10.4686    110.310    319.484    327.147   -0.00123    6.64065    9.49015  289.62460     8.8861   14.98684 6.1778e-02     0.4021     1.1887 0.0000e+00
        552 200.501711    0.03829     2.2974    137.842     50.478  49036.165    31.0032     8.8575     50.000     8.8451    24.0124     7.3235    10.4661    110.221    319.399    327.069   -0.00129    6.64442    9.49553  289.78132     8.8524   14.99421 6.1522e-02     0.4013     1.1945 0.0000e+00
        561 200.501736    0.03889     2.3331    139.986     51.488  49062.539    31.0186     8.8384     51.000     8.8318    24.0273     7.3179    10.4580    110.100    319.149    326.818   -0.00126    6.64660    9.49865  289.87229     8.8332   14.99849 6.1387e-02     0.3901     1.2522 0.0000e+00
        567 200.501752    0.03928     2.3567    141.401     52.497  49068.838    31.0218     8.8330     52.000     8.8214    24.0306     7.3406    10.4904    110.430    320.136    327.829    0.00010    6.64726    9.49960  289.90021     8.8278   14.99981 6.1285e-02     0.3964     1.2610 0.0000e+00
        570 200.501761    0.03949     2.3697    142.183     53.507  49083.854    31.0303     8.8222     53.000     8.8097    24.0390     7.3413    10.4916    110.421    320.169    327.865    0.00004    6.64850    9.50136  289.95173     8.8169   15.00224 6.1169e-02     0.3944     1.2421 0.0000e+00
