CTD-processing/allCTD/CNV/2013_03-15_t9_s04_cast051_5028.cnv
* Sea-Bird SBE19plus Data File:
* FileName = C:\Documents and Settings\kris.holderied.local\My Documents\2012-2013-CTD-DATA-new-files\2013-03-15-CTD-HomerSpitLine-LTM\2013-03-15-HomerSpitLine-cast051.hex
* Software Version 1.54
* Temperature SN =  5028
* Conductivity SN =  5028
* System UpLoad Time = Apr 19 2013 01:07:57
** Kachemak Bay - Spit Line LTM monthly transect
** Date:  2013-03-15
** Station: 9-04
** Start time (AKDT-24 hr): 1740
** Depth (ft): 314
** Comment:  CTD time set wrong
** Comment: None
# nquan = 27
# nvalues = 95                          
# units = specified
# name 0 = scan: Scan Count
# name 1 = timeJ: Julian Days
# name 2 = timeH: Time, Elapsed [hours]
# name 3 = timeM: Time, Elapsed [minutes]
# name 4 = timeS: Time, Elapsed [seconds]
# name 5 = prdM: Pressure, Strain Gauge [db]
# name 6 = specc: Specific Conductance [uS/cm]
# name 7 = sal00: Salinity, Practical [PSU]
# name 8 = tv290C: Temperature [ITS-90, deg C]
# name 9 = depSM: Depth [salt water, m], lat = 59.00
# name 10 = potemp090C: Potential Temperature [ITS-90, deg C]
# name 11 = sigma-é00: Density [sigma-theta, kg/m^3]
# name 12 = sbeox0ML/L: Oxygen, SBE 43 [ml/l]
# name 13 = sbeox0Mg/L: Oxygen, SBE 43 [mg/l]
# name 14 = sbeox0PS: Oxygen, SBE 43 [% saturation]
# name 15 = sbox0Mm/Kg: Oxygen, SBE 43 [umol/kg]
# name 16 = sbeox0Mm/L: Oxygen, SBE 43 [umol/l]
# name 17 = sbox0dV/dT: Oxygen, SBE 43 [dov/dt]
# name 18 = oxsolML/L: Oxygen Saturation, Garcia & Gordon [ml/l]
# name 19 = oxsolMg/L: Oxygen Saturation, Garcia & Gordon [mg/l]
# name 20 = oxsolMm/Kg: Oxygen Saturation, Garcia & Gordon [umol/kg]
# name 21 = potemp090C: Potential Temperature [ITS-90, deg C]
# name 22 = n2satMg/L: Nitrogen Saturation [mg/l]
# name 23 = par: PAR/Irradiance, Biospherical/Licor
# name 24 = flECO-AFL: Fluorescence, WET Labs ECO-AFL/FL [mg/m^3]
# name 25 = turbWETntu0: Turbidity, WET Labs ECO [NTU]
# name 26 = flag: flag
# span 0 =        299,        895       
# span 1 =  74.778467,  74.780192       
# span 2 =    0.02071,    0.06211       
# span 3 =     1.2423,     3.7263       
# span 4 =     74.541,    223.575       
# span 5 =      1.009,     95.919       
# span 6 =  51429.537,  51556.311       
# span 7 =    31.6370,    31.7295       
# span 8 =     3.4439,     3.6777       
# span 9 =      1.000,     95.000       
# span 10 =     3.4430,     3.6727      
# span 11 =    25.1629,    25.2173      
# span 12 =     7.1192,     7.8701      
# span 13 =    10.1740,    11.2471      
# span 14 =     94.767,    105.210      
# span 15 =    310.138,    342.844      
# span 16 =    317.943,    351.479      
# span 17 =   -0.00106,    0.00790      
# span 18 =    7.46589,    7.51236      
# span 19 =   10.66951,   10.73592      
# span 20 =  325.22962,  327.26519      
# span 21 =     3.4430,     3.6730      
# span 22 =   16.68054,   16.77761      
# span 23 = 3.7912e-02, 7.4656e+01      
# span 24 =     0.2258,     0.4470      
# span 25 =     0.8579,     1.6885      
# span 26 = 0.0000e+00, 0.0000e+00      
# interval = meters: 1                  
# start_time = Mar 15 2013 18:39:45 [Instrument's time stamp, header]
# bad_flag = -9.990e-29
*END*
        299  74.778467    0.02071     1.2423     74.541      1.009  51429.537    31.6370     3.4470      1.000     3.4466    25.1629     7.1316    10.1918     94.932    310.679    318.497    0.00790    7.51231   10.73585  327.26502     3.4469   16.77761 7.2678e+01     0.3201     1.1059 0.0000e+00
        307  74.778489    0.02123     1.2741     76.446      2.019  51434.382    31.6396     3.4462      2.000     3.4460    25.1651     7.1192    10.1740     94.767    310.138    317.943    0.00525    7.51232   10.73586  327.26471     3.4461   16.77758 6.4068e+01     0.3397     1.0860 0.0000e+00
        313  74.778507    0.02168     1.3005     78.032      3.028  51438.676    31.6420     3.4462      3.000     3.4458    25.1670     7.1232    10.1797     94.820    310.310    318.119    0.00415    7.51222   10.73571  327.25952     3.4460   16.77733 6.7633e+01     0.2745     1.1026 0.0000e+00
        319  74.778525    0.02211     1.3267     79.604      4.038  51441.755    31.6434     3.4455      4.000     3.4450    25.1682     7.1281    10.1868     94.886    310.527    318.342    0.00333    7.51226   10.73578  327.26118     3.4453   16.77740 7.4656e+01     0.2303     1.0775 0.0000e+00
        327  74.778547    0.02263     1.3577     81.463      5.047  51444.260    31.6444     3.4447      5.000     3.4443    25.1690     7.1312    10.1912     94.926    310.659    318.479    0.00250    7.51236   10.73592  327.26519     3.4444   16.77758 7.2063e+01     0.2301     1.0920 0.0000e+00
        335  74.778570    0.02319     1.3915     83.491      6.057  51446.980    31.6458     3.4448      6.000     3.4446    25.1701     7.1358    10.1977     94.988    310.860    318.684    0.00191    7.51228   10.73580  327.26106     3.4444   16.77738 6.1744e+01     0.2513     1.1157 0.0000e+00
        343  74.778594    0.02374     1.4245     85.470      7.066  51448.310    31.6462     3.4452      7.000     3.4448    25.1704     7.1488    10.2163     95.163    311.426    319.265    0.00177    7.51218   10.73566  327.25687     3.4448   16.77718 5.0446e+01     0.2629     1.1597 0.0000e+00
        350  74.778613    0.02422     1.4532     87.190      8.076  51450.064    31.6470     3.4453      8.000     3.4448    25.1710     7.2030    10.2938     95.885    313.789    321.687    0.00320    7.51212   10.73557  327.25408     3.4448   16.77704 4.1065e+01     0.2840     1.1969 0.0000e+00
        357  74.778633    0.02470     1.4823     88.939      9.085  51451.382    31.6473     3.4455      9.000     3.4450    25.1713     7.2325    10.3359     96.278    315.071    323.002    0.00338    7.51207   10.73550  327.25184     3.4450   16.77694 3.3693e+01     0.3017     1.1717 0.0000e+00
        365  74.778659    0.02531     1.5182     91.094     10.095  51452.122    31.6474     3.4457     10.000     3.4451    25.1713     7.2632    10.3799     96.688    316.411    324.375    0.00337    7.51202   10.73543  327.24951     3.4451   16.77683 2.7410e+01     0.3100     1.1661 0.0000e+00
        372  74.778679    0.02578     1.5472     92.833     11.104  51452.290    31.6469     3.4450     11.000     3.4440    25.1709     7.3058    10.4407     97.253    318.266    326.277    0.00393    7.51218   10.73566  327.25659     3.4444   16.77717 2.2404e+01     0.3123     1.2157 0.0000e+00
        378  74.778695    0.02617     1.5703     94.218     12.113  51454.266    31.6475     3.4446     12.000     3.4441    25.1715     7.3717    10.5349     98.129    321.136    329.220    0.00544    7.51223   10.73573  327.25875     3.4439   16.77727 1.8503e+01     0.3098     1.2826 0.0000e+00
        383  74.778710    0.02656     1.5932     95.592     13.123  51454.918    31.6477     3.4453     13.000     3.4446    25.1716     7.4359    10.6266     98.985    323.932    332.085    0.00659    7.51209   10.73553  327.25257     3.4445   16.77697 1.5193e+01     0.3005     1.2345 0.0000e+00
        391  74.778733    0.02709     1.6253     97.521     14.132  51454.836    31.6470     3.4450     14.000     3.4438    25.1711     7.4902    10.7043     99.708    326.300    334.513    0.00662    7.51218   10.73565  327.25634     3.4442   16.77715 1.2652e+01     0.2971     1.1557 0.0000e+00
        398  74.778753    0.02758     1.6548     99.289     15.142  51456.723    31.6475     3.4439     15.000     3.4430    25.1716     7.5048    10.7250     99.899    326.933    335.162    0.00540    7.51236   10.73591  327.26403     3.4430   16.77752 1.0466e+01     0.2966     1.1628 0.0000e+00
        407  74.778778    0.02818     1.6905    101.430     16.152  51459.152    31.6488     3.4450     16.000     3.4449    25.1726     7.5319    10.7638    100.263    328.113    336.373    0.00465    7.51208   10.73552  327.25169     3.4441   16.77693 8.5765e+00     0.3249     1.1598 0.0000e+00
        412  74.778793    0.02853     1.7118    102.706     17.161  51459.404    31.6490     3.4468     17.000     3.4462    25.1725     7.5719    10.8210    100.801    329.859    338.162    0.00514    7.51174   10.73503  327.23699     3.4458   16.77623 7.1321e+00     0.3242     1.1719 0.0000e+00
        416  74.778806    0.02884     1.7303    103.818     18.171  51460.980    31.6499     3.4481     18.000     3.4474    25.1731     7.6215    10.8919    101.466    332.020    340.378    0.00605    7.51145   10.73461  327.22414     3.4470   16.77561 5.9060e+00     0.3075     1.1768 0.0000e+00
        420  74.778818    0.02913     1.7474    104.846     19.180  51459.908    31.6487     3.4483     19.000     3.4468    25.1721     7.6628    10.9509    102.015    333.819    342.222    0.00663    7.51147   10.73465  327.22554     3.4472   16.77569 4.9128e+00     0.3051     1.1662 0.0000e+00
        425  74.778830    0.02941     1.7649    105.893     20.190  51461.720    31.6493     3.4478     20.000     3.4467    25.1727     7.6817    10.9779    102.265    334.639    343.063    0.00622    7.51153   10.73472  327.22766     3.4467   16.77578 4.1115e+00     0.3166     1.1589 0.0000e+00
        429  74.778842    0.02971     1.7826    106.955     21.199  51461.891    31.6488     3.4479     21.000     3.4464    25.1724     7.7039    11.0097    102.562    335.610    344.058    0.00597    7.51154   10.73474  327.22819     3.4466   16.77581 3.4341e+00     0.3111     1.1369 0.0000e+00
        433  74.778854    0.03000     1.7997    107.984     22.209  51463.747    31.6495     3.4477     22.000     3.4470    25.1729     7.7273    11.0431    102.873    336.628    345.102    0.00586    7.51155   10.73475  327.22834     3.4464   16.77581 2.8709e+00     0.3071     1.1595 0.0000e+00
        437  74.778866    0.03029     1.8173    109.038     23.218  51469.676    31.6537     3.4503     23.000     3.4521    25.1760     7.7446    11.0677    103.112    337.379    345.873    0.00554    7.51085   10.73375  327.19700     3.4490   16.77431 2.4050e+00     0.3060     1.1500 0.0000e+00
        442  74.778879    0.03059     1.8357    110.141     24.228  51471.808    31.6566     3.4581     24.000     3.4598    25.1776     7.7621    11.0927    103.366    338.139    346.653    0.00527    7.50926   10.73148  327.12717     3.4567   16.77097 2.0190e+00     0.2844     1.1080 0.0000e+00
        446  74.778892    0.03090     1.8543    111.259     25.237  51468.302    31.6550     3.4631     25.000     3.4625    25.1759     7.7739    11.1096    103.535    338.654    347.180    0.00482    7.50841   10.73026  327.09070     3.4617   16.76925 1.7068e+00     0.2718     1.0860 0.0000e+00
        450  74.778904    0.03121     1.8725    112.351     26.247  51470.591    31.6566     3.4654     26.000     3.4656    25.1770     7.7775    11.1148    103.590    338.811    347.341    0.00414    7.50791   10.72956  327.06872     3.4639   16.76820 1.4438e+00     0.2764     1.0753 0.0000e+00
        454  74.778916    0.03149     1.8895    113.371     27.256  51470.848    31.6572     3.4691     27.000     3.4688    25.1771     7.7855    11.1263    103.707    339.162    347.700    0.00376    7.50720   10.72853  327.03747     3.4675   16.76671 1.2210e+00     0.2856     1.0379 0.0000e+00
        459  74.778928    0.03178     1.9065    114.390     28.266  51470.943    31.6574     3.4715     28.000     3.4714    25.1770     7.7932    11.1372    103.815    339.495    348.043    0.00346    7.50675   10.72790  327.01819     3.4698   16.76580 1.0346e+00     0.2824     1.0415 0.0000e+00
        463  74.778940    0.03206     1.9240    115.441     29.276  51474.856    31.6607     3.4762     29.000     3.4773    25.1793     7.8069    11.1569    104.013    340.093    348.657    0.00336    7.50571   10.72640  326.97199     3.4745   16.76358 8.7737e-01     0.2849     1.0560 0.0000e+00
        467  74.778953    0.03237     1.9424    116.542     30.285  51473.712    31.6607     3.4813     30.000     3.4817    25.1788     7.8187    11.1736    104.183    340.605    349.181    0.00327    7.50476   10.72506  326.93088     3.4795   16.76163 7.4856e-01     0.2865     1.0259 0.0000e+00
        472  74.778967    0.03270     1.9620    117.719     31.295  51476.907    31.6639     3.4876     31.000     3.4892    25.1808     7.8240    11.1812    104.272    340.835    349.418    0.00288    7.50342   10.72315  326.87208     3.4858   16.75882 6.3814e-01     0.2817     0.9814 0.0000e+00
        476  74.778980    0.03302     1.9812    118.871     32.304  51473.706    31.6631     3.4950     32.000     3.4943    25.1795     7.8294    11.1889    104.362    341.071    349.660    0.00260    7.50211   10.72127  326.81534     3.4931   16.75613 5.4257e-01     0.2812     0.9930 0.0000e+00
        481  74.778993    0.03333     2.0000    120.002     33.314  51471.945    31.6617     3.4964     33.000     3.4946    25.1783     7.8295    11.1891    104.366    341.077    349.665    0.00214    7.50192   10.72099  326.80732     3.4944   16.75575 4.6294e-01     0.2795     1.0050 0.0000e+00
        486  74.779007    0.03365     2.0193    121.158     34.324  51474.886    31.6636     3.4979     34.000     3.4970    25.1797     7.8303    11.1903    104.382    341.111    349.701    0.00176    7.50156   10.72047  326.79087     3.4959   16.75496 3.9732e-01     0.2775     1.0104 0.0000e+00
        491  74.779021    0.03402     2.0408    122.450     35.333  51475.690    31.6644     3.5009     35.000     3.5000    25.1800     7.8346    11.1963    104.447    341.297    349.890    0.00156    7.50096   10.71962  326.76492     3.4988   16.75373 3.4076e-01     0.2885     0.9735 0.0000e+00
        496  74.779036    0.03436     2.0618    123.709     36.343  51475.600    31.6645     3.5038     36.000     3.5023    25.1799     7.8401    11.2043    104.529    341.538    350.138    0.00145    7.50043   10.71886  326.74152     3.5016   16.75261 2.9213e-01     0.2753     0.9880 0.0000e+00
        500  74.779049    0.03467     2.0805    124.833     37.353  51475.850    31.6645     3.5053     37.000     3.5034    25.1798     7.8442    11.2102    104.588    341.719    350.324    0.00133    7.50014   10.71846  326.72942     3.5030   16.75204 2.5070e-01     0.2726     1.0117 0.0000e+00
        505  74.779061    0.03497     2.0984    125.901     38.362  51475.281    31.6638     3.5058     38.000     3.5031    25.1791     7.8432    11.2087    104.575    341.675    350.278    0.00105    7.50008   10.71837  326.72714     3.5035   16.75193 2.1596e-01     0.2774     1.0305 0.0000e+00
        509  74.779074    0.03528     2.1166    126.994     39.371  51476.765    31.6641     3.5051     39.000     3.5030    25.1795     7.8464    11.2133    104.616    341.815    350.422    0.00093    7.50019   10.71853  326.73170     3.5028   16.75215 1.8741e-01     0.2784     1.0074 0.0000e+00
        513  74.779087    0.03559     2.1354    128.122     40.381  51480.054    31.6662     3.5064     40.000     3.5060    25.1810     7.8528    11.2224    104.706    342.090    350.704    0.00099    7.49985   10.71804  326.71641     3.5040   16.75141 1.6295e-01     0.3041     0.9921 0.0000e+00
        518  74.779100    0.03590     2.1543    129.260     41.391  51483.224    31.6694     3.5128     41.000     3.5135    25.1830     7.8514    11.2204    104.706    342.031    350.644    0.00078    7.49851   10.71611  326.65694     3.5104   16.74857 1.4237e-01     0.3184     0.9950 0.0000e+00
        523  74.779114    0.03625     2.1748    130.491     42.401  51477.389    31.6661     3.5178     42.000     3.5150    25.1800     7.8516    11.2208    104.720    342.041    350.654    0.00065    7.49777   10.71505  326.62562     3.5152   16.74710 1.2480e-01     0.3045     0.9531 0.0000e+00
        528  74.779128    0.03658     2.1948    131.689     43.410  51477.926    31.6659     3.5172     43.000     3.5142    25.1798     7.8491    11.2171    104.684    341.931    350.540    0.00039    7.49789   10.71522  326.63103     3.5146   16.74735 1.0734e-01     0.3134     0.9695 0.0000e+00
        532  74.779142    0.03690     2.2138    132.830     44.420  51479.378    31.6661     3.5164     44.000     3.5137    25.1801     7.8482    11.2158    104.670    341.890    350.499    0.00026    7.49802   10.71541  326.63675     3.5137   16.74763 8.6502e-02     0.3670     1.0074 0.0000e+00
        537  74.779154    0.03720     2.2320    133.921     45.430  51481.827    31.6673     3.5169     45.000     3.5148    25.1811     7.8512    11.2202    104.713    342.022    350.635    0.00027    7.49785   10.71518  326.62927     3.5142   16.74727 8.3209e-02     0.4025     1.0066 0.0000e+00
        541  74.779167    0.03749     2.2493    134.960     46.440  51480.106    31.6659     3.5176     46.000     3.5143    25.1798     7.8592    11.2315    104.820    342.370    350.991    0.00050    7.49782   10.71512  326.62795     3.5147   16.74721 7.6357e-02     0.4050     0.9789 0.0000e+00
        545  74.779178    0.03779     2.2672    136.034     47.449  51484.143    31.6681     3.5177     47.000     3.5162    25.1816     7.8566    11.2278    104.786    342.253    350.872    0.00029    7.49767   10.71492  326.62086     3.5149   16.74687 6.9115e-02     0.4155     0.9381 0.0000e+00
        550  74.779192    0.03811     2.2864    137.186     48.459  51486.681    31.6703     3.5214     48.000     3.5211    25.1830     7.8575    11.2292    104.811    342.298    350.918    0.00027    7.49687   10.71378  326.58579     3.5185   16.74519 6.3351e-02     0.4331     0.9433 0.0000e+00
        554  74.779205    0.03842     2.3052    138.309     49.468  51490.400    31.6741     3.5284     49.000     3.5299    25.1853     7.8632    11.2372    104.906    342.541    351.168    0.00043    7.49539   10.71166  326.52051     3.5255   16.74207 5.8559e-02     0.4347     0.9338 0.0000e+00
        559  74.779218    0.03873     2.3237    139.423     50.478  51486.909    31.6735     3.5376     50.000     3.5371    25.1841     7.8700    11.2470    105.021    342.840    351.474    0.00066    7.49372   10.70927  326.44824     3.5346   16.73864 5.4605e-02     0.4357     0.9421 0.0000e+00
        563  74.779230    0.03903     2.3417    140.502     51.488  51492.898    31.6789     3.5450     51.000     3.5477    25.1877     7.8667    11.2423    105.000    342.696    351.328    0.00047    7.49209   10.70695  326.37616     3.5419   16.73519 5.1333e-02     0.4470     0.9578 0.0000e+00
        567  74.779243    0.03933     2.3594    141.566     52.497  51488.252    31.6781     3.5566     52.000     3.5566    25.1860     7.8699    11.2468    105.072    342.835    351.469    0.00055    7.48998   10.70393  326.28472     3.5535   16.73085 4.8562e-02     0.4258     0.9048 0.0000e+00
        571  74.779254    0.03961     2.3765    142.591     53.507  51487.055    31.6782     3.5621     53.000     3.5617    25.1856     7.8701    11.2471    105.089    342.844    351.479    0.00051    7.48897   10.70248  326.24079     3.5589   16.72876 4.6205e-02     0.4118     0.8660 0.0000e+00
