CTD-processing/allCTD/CNV/2013_08-07_t9_s01_cast111_4141.cnv
* Sea-Bird SBE19plus Data File:
* FileName = C:\Users\kris.holderied\Documents\kasitsna\Research-Projects-and-Data\Oceanography-AK\CTD-Data-ALL-to-2014-03\2013-CTD-KachBay-CookInlet\2013-08-07-CookInlet-CTD4141\2013-08-07-CookInlet-Tran9-cast111.hex
* Software Version 1.59
* Temperature SN =  4141
* Conductivity SN =  4141
* System UpLoad Time = May 27 2014 20:02:51
** Cook Inlet LTM Transect 9 (Homer Spit) Extra??
** Date: 2013-08-07
** Station: 9-01
** Start time: 15:25
** Depth (m): 68
** Comment:  CTD time is ??
** Comment:
# nquan = 27
# nvalues = 62                          
# units = specified
# name 0 = scan: Scan Count
# name 1 = timeJ: Julian Days
# name 2 = timeH: Time, Elapsed [hours]
# name 3 = timeM: Time, Elapsed [minutes]
# name 4 = timeS: Time, Elapsed [seconds]
# name 5 = prdM: Pressure, Strain Gauge [db]
# name 6 = specc: Specific Conductance [uS/cm]
# name 7 = sal00: Salinity, Practical [PSU]
# name 8 = tv290C: Temperature [ITS-90, deg C]
# name 9 = depSM: Depth [salt water, m], lat = 59.00
# name 10 = potemp090C: Potential Temperature [ITS-90, deg C]
# name 11 = sigma-é00: Density [sigma-theta, kg/m^3]
# name 12 = sbeox0ML/L: Oxygen, SBE 43 [ml/l]
# name 13 = sbeox0Mg/L: Oxygen, SBE 43 [mg/l]
# name 14 = sbeox0PS: Oxygen, SBE 43 [% saturation]
# name 15 = sbox0Mm/Kg: Oxygen, SBE 43 [umol/kg]
# name 16 = sbeox0Mm/L: Oxygen, SBE 43 [umol/l]
# name 17 = sbox0dV/dT: Oxygen, SBE 43 [dov/dt]
# name 18 = oxsolML/L: Oxygen Saturation, Garcia & Gordon [ml/l]
# name 19 = oxsolMg/L: Oxygen Saturation, Garcia & Gordon [mg/l]
# name 20 = oxsolMm/Kg: Oxygen Saturation, Garcia & Gordon [umol/kg]
# name 21 = n2satMg/L: Nitrogen Saturation [mg/l]
# name 22 = par: PAR/Irradiance, Biospherical/Licor
# name 23 = wetStar: Fluorescence, WET Labs WETstar [mg/m^3]
# name 24 = CStarAt0: Beam Attenuation, WET Labs C-Star [1/m]
# name 25 = CStarTr0: Beam Transmission, WET Labs C-Star [%]
# name 26 = flag: flag
# span 0 =        363,        599       
# span 1 = 219.643478, 219.644161       
# span 2 =    0.02513,    0.04153       
# span 3 =     1.5073,     2.4915       
# span 4 =     90.436,    149.492       
# span 5 =      1.008,     62.577       
# span 6 =  40212.886,  49571.001       
# span 7 =    25.1718,    31.4568       
# span 8 =     9.4096,    11.5550       
# span 9 =      1.000,     62.000       
# span 10 =     9.3657,    11.1992      
# span 11 =    19.0428,    24.2775      
# span 12 =     6.1566,     6.6669      
# span 13 =     8.7984,     9.5275      
# span 14 =     94.731,    102.574      
# span 15 =    268.490,    292.157      
# span 16 =    274.954,    297.740      
# span 17 =   -0.03248,    0.00861      
# span 18 =    6.45378,    6.54520      
# span 19 =    9.22311,    9.35374      
# span 20 =  281.49646,  285.38390      
# span 21 =   14.59756,   14.78320      
# span 22 = 3.6378e-02, 4.6552e+01      
# span 23 =     0.6592,     3.1641      
# span 24 =     1.7496,     4.1819      
# span 25 =    35.4883,    64.5723      
# span 26 = 0.0000e+00, 0.0000e+00      
# interval = meters: 1                  
# start_time = Aug 07 2013 15:25:06 [Instrument's time stamp, header]
# bad_flag = -9.990e-29
*END*
        363 219.643478    0.02513     1.5073     90.436      1.008  40212.886    25.1718    11.5550      1.000    11.1992    19.0428     6.6669     9.5275    102.574    292.157    297.740    0.00861    6.50008    9.28927  284.86666   14.78320 4.6552e+01     3.1641     2.9402    47.2573 0.0000e+00
        372 219.643504    0.02577     1.5465     92.793      2.021  47287.829    29.9976    10.4281      2.000    10.2920    22.9795     6.2855     8.9826     97.301    274.408    280.711   -0.03248    6.45978    9.23168  282.01377   14.62689 3.0622e+01     2.7717     4.1819    35.4883 0.0000e+00
        380 219.643527    0.02633     1.5796     94.778      3.025  48499.558    30.8216    10.1909      3.000    10.1843    23.6602     6.2176     8.8855     96.260    271.260    277.677   -0.02192    6.45917    9.23079  281.79893   14.61327 1.8371e+01     1.2143     3.4866    41.9464 0.0000e+00
        389 219.643552    0.02692     1.6150     96.902      4.046  48620.543    30.9049    10.1791      4.000    10.1798    23.7271     6.2362     8.9122     96.575    272.055    278.510   -0.00527    6.45738    9.22825  281.70264   14.60832 1.0973e+01     0.8265     2.9213    48.1122 0.0000e+00
        393 219.643566    0.02723     1.6342     98.050      5.052  48733.201    30.9837    10.1766      5.000    10.1691    23.7889     6.2532     8.9365     96.882    272.780    279.269   -0.00107    6.45449    9.22411  281.55943   14.60115 5.9002e+00     0.7719     3.1654    45.3287 0.0000e+00
        397 219.643576    0.02750     1.6500     99.003      6.057  48815.212    31.0392    10.1608      6.000    10.1503    23.8347     6.2614     8.9482     97.010    273.126    279.635    0.00126    6.45443    9.22402  281.54416   14.60020 2.8816e+00     0.7443     3.1504    45.5007 0.0000e+00
        401 219.643587    0.02776     1.6655     99.930      7.065  48945.253    31.1278    10.1393      7.000    10.1225    23.9074     6.2523     8.9351     96.877    272.706    279.227   -0.00083    6.45378    9.22311  281.49646   14.59756 1.3251e+00     0.7662     2.8348    49.2957 0.0000e+00
        405 219.643599    0.02803     1.6817    100.903      8.071  49060.717    31.2053    10.1103      8.000    10.0971    23.9725     6.2440     8.9233     96.736    272.327    278.855   -0.00191    6.45466    9.22436  281.51642   14.59820 5.6478e-01     0.8004     2.2232    57.3673 0.0000e+00
        409 219.643612    0.02835     1.7013    102.077      9.091  49093.877    31.2251    10.0852      9.000    10.0760    23.9921     6.2116     8.8771     96.194    270.911    277.410   -0.00598    6.45739    9.22826  281.63014   14.60356 2.4505e-01     0.8039     1.7496    64.5723 0.0000e+00
        413 219.643624    0.02863     1.7178    103.065     10.093  49109.726    31.2332    10.0636     10.000    10.0405    24.0020     6.1894     8.8453     95.810    269.940    276.420   -0.00819    6.46010    9.23212  281.74542   14.60905 5.6814e-02     0.8287     2.4871    53.8078 0.0000e+00
        417 219.643635    0.02891     1.7347    104.083     11.106  49140.200    31.2475    10.0098     11.000     9.9747    24.0219     6.1871     8.8421     95.671    269.838    276.319   -0.00684    6.46712    9.24215  282.04611   14.62338 3.6726e-02     0.8356     2.4744    53.9439 0.0000e+00
        421 219.643646    0.02918     1.7504    105.027     12.118  49184.223    31.2704     9.9484     12.000     9.9176    24.0498     6.1749     8.8245     95.367    269.293    275.770   -0.00708    6.47486    9.25322  282.37591   14.63906 3.6378e-02     0.9069     3.0418    47.0255 0.0000e+00
        424 219.643656    0.02941     1.7645    105.872     13.112  49227.211    31.2944     9.9022     13.000     9.8852    24.0761     6.1566     8.7984     95.003    268.490    274.954   -0.00914    6.48042    9.26117  282.61141   14.65023 3.6382e-02     0.9095     3.2667    44.4428 0.0000e+00
        429 219.643670    0.02975     1.7852    107.109     14.131  49255.227    31.3108     9.8791     14.000     9.8744    24.0926     6.1694     8.8167     95.162    269.043    275.525   -0.00452    6.48301    9.26487  282.71972   14.65534 3.6382e-02     0.9528     2.1725    58.1335 0.0000e+00
        435 219.643687    0.03015     1.8089    108.536     15.144  49259.259    31.3123     9.8721     15.000     9.8688    24.0949     6.1797     8.8314     95.308    269.492    275.986   -0.00118    6.48395    9.26621  282.76000   14.65726 3.6382e-02     0.9339     1.8131    63.5849 0.0000e+00
        441 219.643703    0.03053     1.8317    109.901     16.155  49259.372    31.3113     9.8668     16.000     9.8615    24.0950     6.1808     8.8330     95.314    269.542    276.037   -0.00080    6.48475    9.26735  282.79477   14.65893 3.6382e-02     0.9928     1.9793    60.9888 0.0000e+00
        445 219.643715    0.03083     1.8500    111.000     17.163  49264.871    31.3136     9.8586     17.000     9.8550    24.0982     6.1840     8.8376     95.346    269.678    276.177   -0.00018    6.48581    9.26888  282.84063   14.66112 3.6382e-02     0.8949     2.6804    51.2587 0.0000e+00
        449 219.643726    0.03110     1.8659    111.952     18.169  49269.841    31.3165     9.8566     18.000     9.8549    24.1008     6.1906     8.8470     95.447    269.968    276.475    0.00050    6.48597    9.26910  282.84655   14.66139 3.6382e-02     0.9464     2.7799    49.9410 0.0000e+00
        453 219.643737    0.03136     1.8818    112.908     19.183  49267.692    31.3142     9.8544     19.000     9.8459    24.0994     6.1938     8.8516     95.490    270.108    276.617    0.00091    6.48640    9.26971  282.86568   14.66232 3.6382e-02     0.8718     2.9304    48.0723 0.0000e+00
        456 219.643747    0.03161     1.8965    113.788     20.188  49276.791    31.3188     9.8433     20.000     9.8387    24.1048     6.1935     8.8511     95.463    270.088    276.599    0.00017    6.48779    9.27169  282.92461   14.66511 3.6382e-02     1.0935     2.9391    47.9886 0.0000e+00
        460 219.643759    0.03187     1.9121    114.726     21.199  49281.635    31.3215     9.8406     21.000     9.8382    24.1073     6.1938     8.8515     95.464    270.101    276.613   -0.00008    6.48805    9.27207  282.93541   14.66562 3.6382e-02     0.8473     2.7772    50.0590 0.0000e+00
        464 219.643769    0.03214     1.9284    115.706     22.209  49281.283    31.3206     9.8392     22.000     9.8342    24.1069     6.1965     8.8554     95.503    270.222    276.736    0.00041    6.48829    9.27240  282.94569   14.66612 3.6382e-02     0.8642     2.5506    52.8446 0.0000e+00
        468 219.643781    0.03240     1.9440    116.642     23.221  49286.482    31.3233     9.8350     23.000     9.8312    24.1097     6.1892     8.8450     95.384    269.903    276.410   -0.00109    6.48877    9.27311  282.96640   14.66709 3.6382e-02     0.8578     2.7911    49.7940 0.0000e+00
        471 219.643791    0.03264     1.9582    117.489     24.230  49282.507    31.3196     9.8313     24.000     9.8218    24.1074     6.1950     8.8532     95.461    270.153    276.665   -0.00035    6.48945    9.27407  282.99668   14.66856 3.6382e-02     0.9793     3.1262    45.7753 0.0000e+00
        474 219.643799    0.03286     1.9713    118.276     25.239  49292.984    31.3252     9.8213     25.000     9.8157    24.1135     6.1964     8.8552     95.467    270.214    276.729    0.00012    6.49062    9.27575  283.04605   14.67090 3.6382e-02     0.8976     3.0452    46.7302 0.0000e+00
        477 219.643808    0.03307     1.9838    119.031     26.244  49297.926    31.3278     9.8174     26.000     9.8139    24.1161     6.1911     8.8477     95.380    269.986    276.497   -0.00102    6.49108    9.27640  283.06524   14.67181 3.6382e-02     0.8557     3.1305    45.7258 0.0000e+00
        480 219.643818    0.03329     1.9975    119.850     27.260  49299.722    31.3285     9.8166     27.000     9.8127    24.1168     6.1952     8.8536     95.441    270.163    276.679   -0.00052    6.49117    9.27653  283.06892   14.67198 3.6382e-02     0.8268     3.0108    47.1223 0.0000e+00
        484 219.643827    0.03351     2.0105    120.633     28.268  49301.907    31.3295     9.8152     28.000     9.8121    24.1178     6.1977     8.8571     95.477    270.271    276.790    0.00009    6.49134    9.27678  283.07605   14.67232 3.6382e-02     0.8988     3.1665    45.3190 0.0000e+00
        486 219.643835    0.03371     2.0227    121.365     29.272  49302.194    31.3292     9.8154     29.000     9.8097    24.1176     6.1956     8.8541     95.445    270.179    276.695   -0.00034    6.49131    9.27673  283.07478   14.67226 3.6382e-02     0.7793     3.3220    43.6054 0.0000e+00
        490 219.643844    0.03393     2.0357    122.143     30.283  49303.887    31.3294     9.8102     30.000     9.8049    24.1185     6.1963     8.8551     95.444    270.208    276.726   -0.00051    6.49205    9.27779  283.10684   14.67379 3.6382e-02     0.8332     3.3183    43.6437 0.0000e+00
        493 219.643854    0.03416     2.0495    122.969     31.296  49310.866    31.3338     9.8098     31.000     9.8084    24.1221     6.1980     8.8576     95.473    270.284    276.804   -0.00025    6.49192    9.27760  283.10024   14.67345 3.6382e-02     0.9045     3.2863    43.9765 0.0000e+00
        496 219.643863    0.03438     2.0629    123.774     32.303  49306.867    31.3309     9.8124     32.000     9.8080    24.1194     6.2016     8.8627     95.532    270.440    276.963    0.00026    6.49167    9.27725  283.09003   14.67299 3.6382e-02     0.8604     3.4084    42.6548 0.0000e+00
        500 219.643873    0.03462     2.0773    124.640     33.311  49311.237    31.3334     9.8111     33.000     9.8069    24.1216     6.1982     8.8580     95.479    270.296    276.816   -0.00019    6.49176    9.27738  283.09350   14.67313 3.6382e-02     0.9406     3.4395    42.3242 0.0000e+00
        503 219.643884    0.03488     2.0931    125.587     34.325  49311.969    31.3333     9.8099     34.000     9.8034    24.1217     6.1945     8.8525     95.418    270.129    276.645   -0.00092    6.49194    9.27762  283.10096   14.67349 3.6382e-02     0.8513     3.3648    43.1202 0.0000e+00
        507 219.643895    0.03513     2.1079    126.474     35.334  49316.861    31.3355     9.8031     35.000     9.7936    24.1245     6.1879     8.8431     95.303    269.839    276.349   -0.00168    6.49280    9.27887  283.13803   14.67526 3.6382e-02     0.8104     3.3815    42.9426 0.0000e+00
        510 219.643904    0.03538     2.1225    127.351     36.338  49326.661    31.3408     9.7942     36.000     9.7795    24.1301     6.1808     8.8329     95.178    269.528    276.032   -0.00270    6.49386    9.28037  283.18242   14.67736 3.6382e-02     0.8501     3.4433    42.2816 0.0000e+00
        514 219.643916    0.03565     2.1393    128.357     37.354  49320.295    31.3311     9.7576     37.000     9.7237    24.1284     6.1847     8.8384     95.155    269.698    276.205   -0.00210    6.49948    9.28841  283.42816   14.68916 3.6930e-02     0.8376     3.3987    42.7563 0.0000e+00
        518 219.643927    0.03591     2.1549    129.292     38.365  49365.347    31.3560     9.7086     38.000     9.6974    24.1558     6.1820     8.8347     95.029    269.577    276.088   -0.00255    6.50543    9.29692  283.68036   14.70111 3.7833e-02     0.8021     3.4737    41.9629 0.0000e+00
        522 219.643937    0.03615     2.1690    130.142     39.369  49372.524    31.3594     9.6998     39.000     9.6913    24.1600     6.1872     8.8421     95.091    269.801    276.319   -0.00192    6.50656    9.29853  283.72810   14.70339 3.9019e-02     0.7733     3.5419    41.2551 0.0000e+00
        525 219.643948    0.03641     2.1843    131.056     40.385  49376.429    31.3608     9.6922     40.000     9.6848    24.1622     6.1992     8.8593     95.261    270.324    276.856    0.00058    6.50760    9.30001  283.77273   14.70552 3.9889e-02     0.7034     3.4180    42.5499 0.0000e+00
        529 219.643957    0.03664     2.1980    131.882     41.393  49377.081    31.3600     9.6862     41.000     9.6757    24.1625     6.2017     8.8628     95.287    270.434    276.968    0.00057    6.50847    9.30127  283.81086   14.70734 4.0867e-02     0.8647     3.5139    41.5436 0.0000e+00
        532 219.643966    0.03685     2.2112    132.670     42.400  49383.528    31.3629     9.6771     42.000     9.6656    24.1663     6.2022     8.8634     95.276    270.452    276.988    0.00023    6.50966    9.30296  283.86171   14.70977 4.1870e-02     0.7483     3.6532    40.1226 0.0000e+00
        535 219.643976    0.03707     2.2246    133.473     43.411  49392.999    31.3675     9.6644     43.000     9.6511    24.1719     6.2037     8.8657     95.276    270.517    277.056    0.00004    6.51128    9.30527  283.93079   14.71305 4.2636e-02     0.7873     3.6298    40.3590 0.0000e+00
        538 219.643984    0.03729     2.2375    134.253     44.419  49403.982    31.3731     9.6512     44.000     9.6353    24.1784     6.1992     8.8593     95.182    270.320    276.855   -0.00080    6.51295    9.30766  284.00172   14.71642 4.3917e-02     0.8109     3.5692    40.9720 0.0000e+00
        541 219.643994    0.03751     2.2508    135.047     45.429  49410.450    31.3741     9.6280     45.000     9.5934    24.1829     6.1936     8.8512     95.048    270.072    276.603   -0.00213    6.51623    9.31235  284.14341   14.72319 4.4568e-02     0.7592     3.4848    41.8449 0.0000e+00
        544 219.644003    0.03774     2.2641    135.844     46.443  49462.895    31.4052     9.5867     46.000     9.5758    24.2138     6.1933     8.8510     94.978    270.057    276.597   -0.00241    6.52086    9.31896  284.33685   14.73232 4.5263e-02     0.7973     3.3423    43.3602 0.0000e+00
        547 219.644011    0.03794     2.2764    136.583     47.446  49471.323    31.4095     9.5780     47.000     9.5692    24.2186     6.1984     8.8582     95.040    270.277    276.823   -0.00158    6.52192    9.32048  284.38161   14.73444 4.6295e-02     0.7463     3.2988    43.8388 0.0000e+00
        551 219.644021    0.03816     2.2898    137.388     48.455  49475.697    31.4115     9.5733     48.000     9.5621    24.2209     6.2077     8.8714     95.174    270.681    277.237    0.00001    6.52251    9.32131  284.40656   14.73562 4.7000e-02     0.8247     3.1413    45.5977 0.0000e+00
        554 219.644031    0.03841     2.3046    138.277     49.467  49481.708    31.4134     9.5592     49.000     9.5445    24.2246     6.2137     8.8801     95.237    270.941    277.504    0.00088    6.52447    9.32413  284.49126   14.73967 4.7755e-02     0.7332     3.1390    45.6251 0.0000e+00
        558 219.644042    0.03867     2.3205    139.227     50.476  49502.443    31.4263     9.5491     50.000     9.5441    24.2363     6.2104     8.8753     95.174    270.796    277.358   -0.00014    6.52538    9.32541  284.52733   14.74134 4.8744e-02     0.8077     2.9774    47.5054 0.0000e+00
        562 219.644054    0.03896     2.3374    140.244     51.492  49499.787    31.4234     9.5452     51.000     9.5331    24.2347     6.1941     8.8519     94.913    270.082    276.627   -0.00246    6.52606    9.32639  284.55763   14.74280 4.9604e-02     0.8510     2.8959    48.4855 0.0000e+00
        566 219.644064    0.03921     2.3526    141.159     52.495  49502.185    31.4220     9.5249     52.000     9.5039    24.2368     6.1946     8.8527     94.878    270.103    276.650   -0.00263    6.52904    9.33066  284.68719   14.74900 5.0494e-02     0.7171     2.8094    49.5428 0.0000e+00
        569 219.644075    0.03948     2.3687    142.120     53.510  49512.221    31.4247     9.4961     53.000     9.4649    24.2435     6.2012     8.8622     94.920    270.390    276.946   -0.00129    6.53308    9.33643  284.86150   14.75733 5.1397e-02     0.7870     2.6183    51.9724 0.0000e+00
