CTD-processing/allCTD/CNV/2013_04-21_t9_s05_cast137_5028.cnv
* Sea-Bird SBE19plus Data File:
* FileName = C:\Documents and Settings\kris.holderied.local\My Documents\2012-2013-CTD-DATA-new-files\2013-04-EVOSTC-CookInlet-Ocean\2013-04-21-CookInlet-Tran9-cast137.hex
* Software Version 1.54
* Temperature SN =  5028
* Conductivity SN =  5028
* System UpLoad Time = May 21 2013 10:06:22
** Cook Inlet LTM Transect 9 (Homer Spit)
** Date:  2013-04-21
** Station:  9-05
** Start time (AKDT-24 hr): 1546
** Depth (m): 96
** Comment:None
** Comment:
# nquan = 27
# nvalues = 94                          
# units = specified
# name 0 = scan: Scan Count
# name 1 = timeJ: Julian Days
# name 2 = timeH: Time, Elapsed [hours]
# name 3 = timeM: Time, Elapsed [minutes]
# name 4 = timeS: Time, Elapsed [seconds]
# name 5 = prdM: Pressure, Strain Gauge [db]
# name 6 = specc: Specific Conductance [uS/cm]
# name 7 = sal00: Salinity, Practical [PSU]
# name 8 = tv290C: Temperature [ITS-90, deg C]
# name 9 = depSM: Depth [salt water, m], lat = 59.00
# name 10 = potemp090C: Potential Temperature [ITS-90, deg C]
# name 11 = sigma-é00: Density [sigma-theta, kg/m^3]
# name 12 = sbeox0ML/L: Oxygen, SBE 43 [ml/l]
# name 13 = sbeox0Mg/L: Oxygen, SBE 43 [mg/l]
# name 14 = sbeox0PS: Oxygen, SBE 43 [% saturation]
# name 15 = sbox0Mm/Kg: Oxygen, SBE 43 [umol/kg]
# name 16 = sbeox0Mm/L: Oxygen, SBE 43 [umol/l]
# name 17 = sbox0dV/dT: Oxygen, SBE 43 [dov/dt]
# name 18 = oxsolML/L: Oxygen Saturation, Garcia & Gordon [ml/l]
# name 19 = oxsolMg/L: Oxygen Saturation, Garcia & Gordon [mg/l]
# name 20 = oxsolMm/Kg: Oxygen Saturation, Garcia & Gordon [umol/kg]
# name 21 = potemp090C: Potential Temperature [ITS-90, deg C]
# name 22 = n2satMg/L: Nitrogen Saturation [mg/l]
# name 23 = par: PAR/Irradiance, Biospherical/Licor
# name 24 = flECO-AFL: Fluorescence, WET Labs ECO-AFL/FL [mg/m^3]
# name 25 = turbWETntu0: Turbidity, WET Labs ECO [NTU]
# name 26 = flag: flag
# span 0 =        124,        635       
# span 1 = 111.657811, 111.659288       
# span 2 =    0.00857,    0.04404       
# span 3 =     0.5142,     2.6421       
# span 4 =     30.854,    158.526       
# span 5 =      1.009,     94.909       
# span 6 =  50412.736,  51939.149       
# span 7 =    30.9916,    31.9178       
# span 8 =     3.3174,     3.4332       
# span 9 =      1.000,     94.000       
# span 10 =     3.3156,     3.4319      
# span 11 =    24.6518,    25.3929      
# span 12 =     6.9260,     8.1310      
# span 13 =     9.8980,    11.6200      
# span 14 =     91.677,    108.253      
# span 15 =    301.914,    354.138      
# span 16 =    309.317,    363.129      
# span 17 =   -0.00132,    0.01200      
# span 18 =    7.50062,    7.55418      
# span 19 =   10.71913,   10.79568      
# span 20 =  326.68196,  329.29204      
# span 21 =     3.3156,     3.4331      
# span 22 =   16.74880,   16.87649      
# span 23 = 3.7912e-02, 9.1791e+01      
# span 24 =     0.4285,     0.6662      
# span 25 =     0.7088,     1.5680      
# span 26 = 0.0000e+00, 0.0000e+00      
# interval = meters: 1                  
# start_time = Apr 21 2013 15:46:44 [Instrument's time stamp, header]
# bad_flag = -9.990e-29
*END*
        124 111.657811    0.00857     0.5142     30.854      1.009  50412.736    30.9916     3.4179      1.000     3.4262    24.6518     6.9260     9.8980     91.677    301.914    309.317    0.00094    7.55418   10.79568  329.29204     3.4178   16.87649 9.1791e+01     0.4285     0.9031 0.0000e+00
        339 111.658433    0.02350     1.4101     84.604      2.019  51844.665    31.9103     3.4332      2.000     3.4319    25.3817     7.3804    10.5473     98.393    321.444    329.606    0.01065    7.50062   10.71913  326.68196     3.4331   16.74880 7.1476e+01     0.4813     0.8283 0.0000e+00
        327 111.658398    0.02267     1.3599     81.592      3.029  51727.370    31.8342     3.4306      3.000     3.4300    25.3214     7.3292    10.4741     97.653    319.238    327.322    0.00716    7.50530   10.72582  326.90888     3.4304   16.75988 5.3689e+01     0.4991     0.8649 0.0000e+00
        333 111.658414    0.02304     1.3825     82.952      4.038  51729.447    31.8349     3.4299      4.000     3.4296    25.3220     7.3283    10.4729     97.640    319.198    327.281    0.00563    7.50541   10.72598  326.91340     3.4296   16.76009 4.2249e+01     0.5170     0.8337 0.0000e+00
        337 111.658427    0.02336     1.4015     84.092      5.047  51730.474    31.8351     3.4301      5.000     3.4301    25.3222     7.3329    10.4794     97.702    319.398    327.486    0.00476    7.50534   10.72589  326.91067     3.4298   16.75996 3.2751e+01     0.5445     0.8176 0.0000e+00
        341 111.658439    0.02363     1.4181     85.085      6.057  51730.755    31.8349     3.4306      6.000     3.4304    25.3220     7.3601    10.5183     98.066    320.584    328.702    0.00494    7.50526   10.72578  326.90720     3.4303   16.75980 2.6536e+01     0.5817     0.8333 0.0000e+00
        346 111.658453    0.02398     1.4389     86.334      7.066  51730.997    31.8346     3.4308      7.000     3.4303    25.3217     7.4237    10.6092     98.914    323.354    331.542    0.00629    7.50524   10.72574  326.90613     3.4304   16.75975 2.2329e+01     0.6275     0.8223 0.0000e+00
        351 111.658466    0.02430     1.4579     87.475      8.076  51731.518    31.8344     3.4307      8.000     3.4298    25.3215     7.4673    10.6715     99.494    325.253    333.489    0.00675    7.50528   10.72580  326.90819     3.4301   16.75985 1.8904e+01     0.6506     0.8160 0.0000e+00
        354 111.658475    0.02452     1.4713     88.276      9.085  51732.691    31.8345     3.4300      9.000     3.4290    25.3217     7.5281    10.7585    100.303    327.902    336.206    0.00800    7.50539   10.72596  326.91302     3.4294   16.76008 1.6181e+01     0.6480     0.8189 0.0000e+00
        358 111.658486    0.02476     1.4855     89.128     10.094  51733.523    31.8344     3.4293     10.000     3.4280    25.3217     7.6234    10.8945    101.569    332.050    340.458    0.01047    7.50554   10.72616  326.91898     3.4287   16.76036 1.4061e+01     0.6503     0.8080 0.0000e+00
        361 111.658496    0.02502     1.5010     90.062     11.104  51735.086    31.8346     3.4282     11.000     3.4269    25.3220     7.6976    11.0006    102.555    335.283    343.773    0.01174    7.50573   10.72643  326.92737     3.4275   16.76076 1.2374e+01     0.6661     0.8024 0.0000e+00
        365 111.658506    0.02525     1.5147     90.885     12.114  51735.528    31.8341     3.4271     12.000     3.4248    25.3217     7.7386    11.0592    103.099    337.071    345.606    0.01174    7.50596   10.72676  326.93741     3.4264   16.76124 1.0798e+01     0.6662     0.7999 0.0000e+00
        368 111.658515    0.02546     1.5272     91.633     13.123  51737.222    31.8341     3.4246     13.000     3.4216    25.3219     7.7774    11.1147    103.610    338.760    347.338    0.01173    7.50642   10.72742  326.95754     3.4238   16.76220 9.3572e+00     0.6613     0.8083 0.0000e+00
        371 111.658523    0.02567     1.5403     92.415     14.133  51740.801    31.8352     3.4214     14.000     3.4186    25.3230     7.8245    11.1819    104.229    340.810    349.441    0.01200    7.50696   10.72820  326.98071     3.4205   16.76329 8.1436e+00     0.6573     0.8165 0.0000e+00
        374 111.658534    0.02592     1.5553     93.319     15.142  51743.824    31.8359     3.4180     15.000     3.4154    25.3239     7.8670    11.2427    104.788    342.661    351.338    0.01188    7.50755   10.72904  327.00607     3.4171   16.76450 7.1655e+00     0.6483     0.8091 0.0000e+00
        378 111.658544    0.02617     1.5705     94.229     16.151  51747.624    31.8373     3.4154     16.000     3.4138    25.3253     7.8902    11.2758    105.091    343.671    352.374    0.01103    7.50795   10.72961  327.02301     3.4145   16.76530 6.2699e+00     0.6322     0.7929 0.0000e+00
        381 111.658553    0.02639     1.5836     95.017     17.161  51748.677    31.8372     3.4144     17.000     3.4121    25.3253     7.9024    11.2934    105.251    344.205    352.922    0.01008    7.50814   10.72989  327.03156     3.4134   16.76571 5.4281e+00     0.6313     0.8008 0.0000e+00
        384 111.658562    0.02660     1.5959     95.754     18.170  51750.462    31.8374     3.4123     18.000     3.4100    25.3256     7.9318    11.3354    105.638    345.487    354.236    0.00985    7.50853   10.73043  327.04783     3.4112   16.76647 4.7078e+00     0.6429     0.8193 0.0000e+00
        387 111.658571    0.02683     1.6096     96.574     19.180  51753.390    31.8385     3.4111     19.000     3.4095    25.3267     7.9780    11.4014    106.251    347.498    356.300    0.01032    7.50869   10.73068  327.05508     3.4099   16.76682 4.0923e+00     0.6458     0.8165 0.0000e+00
        391 111.658582    0.02708     1.6250     97.498     20.190  51754.056    31.8382     3.4100     20.000     3.4078    25.3265     8.0033    11.4374    106.584    348.597    357.426    0.00980    7.50891   10.73098  327.06457     3.4088   16.76727 3.5609e+00     0.6349     0.7993 0.0000e+00
        395 111.658593    0.02733     1.6397     98.384     21.200  51754.848    31.8377     3.4079     21.000     3.4041    25.3262     8.0011    11.4344    106.550    348.504    357.331    0.00832    7.50933   10.73158  327.08290     3.4066   16.76814 3.0865e+00     0.6369     0.8028 0.0000e+00
        398 111.658602    0.02755     1.6533     99.196     22.209  51754.254    31.8354     3.4027     22.000     3.3941    25.3249     8.0077    11.4438    106.622    348.792    357.625    0.00739    7.51040   10.73311  327.12998     3.4014   16.77039 2.6672e+00     0.6532     0.8200 0.0000e+00
        401 111.658612    0.02780     1.6677    100.064     23.219  51760.896    31.8356     3.3881     23.000     3.3759    25.3264     8.0178    11.4582    106.718    349.231    358.075    0.00665    7.51308   10.73695  327.24635     3.3868   16.77592 2.3093e+00     0.6507     0.8216 0.0000e+00
        405 111.658623    0.02806     1.6835    101.013     24.228  51774.952    31.8393     3.3668     24.000     3.3524    25.3311     8.0173    11.4575    106.658    349.208    358.053    0.00546    7.51684   10.74233  327.40872     3.3654   16.78363 2.0022e+00     0.6380     0.8074 0.0000e+00
        409 111.658633    0.02830     1.6985    101.911     25.237  51795.889    31.8470     3.3439     25.000     3.3317    25.3394     8.0088    11.4454    106.491    348.835    357.674    0.00420    7.52069   10.74783  327.57370     3.3425   16.79143 1.7346e+00     0.6259     0.7908 0.0000e+00
        412 111.658643    0.02854     1.7128    102.768     26.247  51816.630    31.8563     3.3273     26.000     3.3208    25.3483     8.0031    11.4372    106.377    348.581    357.417    0.00323    7.52331   10.75156  327.68469     3.3258   16.79667 1.5029e+00     0.6091     0.7862 0.0000e+00
        416 111.658654    0.02879     1.7276    103.658     27.256  51827.351    31.8613     3.3205     27.000     3.3176    25.3529     8.0098    11.4468    106.453    348.874    357.719    0.00294    7.52432   10.75300  327.72731     3.3189   16.79867 1.3063e+00     0.5993     0.7924 0.0000e+00
        419 111.658663    0.02904     1.7422    104.532     28.266  51830.796    31.8627     3.3188     28.000     3.3167    25.3540     8.0130    11.4514    106.491    349.012    357.862    0.00264    7.52458   10.75337  327.73805     3.3171   16.79918 1.1351e+00     0.6107     0.7916 0.0000e+00
        422 111.658673    0.02927     1.7559    105.352     29.276  51832.411    31.8630     3.3181     29.000     3.3160    25.3545     8.0119    11.4498    106.475    348.963    357.811    0.00221    7.52468   10.75351  327.74218     3.3164   16.79937 9.8869e-01     0.5925     0.7981 0.0000e+00
        426 111.658683    0.02950     1.7702    106.212     30.286  51834.107    31.8636     3.3176     30.000     3.3156    25.3549     8.0132    11.4517    106.492    349.023    357.872    0.00191    7.52474   10.75361  327.74500     3.3158   16.79951 8.6120e-01     0.5743     0.7957 0.0000e+00
        430 111.658694    0.02977     1.7860    107.162     31.295  51836.122    31.8644     3.3174     31.000     3.3158    25.3556     8.0205    11.4621    106.588    349.339    358.197    0.00185    7.52474   10.75360  327.74453     3.3156   16.79948 7.5062e-01     0.5654     0.7822 0.0000e+00
        433 111.658705    0.03002     1.8013    108.078     32.304  51838.415    31.8655     3.3181     32.000     3.3170    25.3565     8.0283    11.4733    106.695    349.678    358.545    0.00186    7.52456   10.75334  327.73649     3.3161   16.79909 6.5245e-01     0.5589     0.7641 0.0000e+00
        437 111.658714    0.03026     1.8153    108.919     33.314  51840.601    31.8669     3.3197     33.000     3.3188    25.3574     8.0342    11.4817    106.778    349.933    358.807    0.00180    7.52418   10.75281  327.72002     3.3177   16.79831 5.6900e-01     0.5589     0.7659 0.0000e+00
        440 111.658725    0.03050     1.8301    109.806     34.324  51843.609    31.8690     3.3219     34.000     3.3215    25.3589     8.0436    11.4951    106.910    350.342    359.226    0.00187    7.52368   10.75209  327.69732     3.3198   16.79722 4.9797e-01     0.5617     0.7799 0.0000e+00
        444 111.658735    0.03075     1.8455    110.730     35.334  51847.619    31.8721     3.3253     35.000     3.3255    25.3611     8.0515    11.5064    107.026    350.685    359.579    0.00190    7.52289   10.75095  327.66211     3.3232   16.79553 4.3481e-01     0.5572     0.7897 0.0000e+00
        447 111.658745    0.03100     1.8603    111.615     36.343  51851.278    31.8751     3.3294     36.000     3.3295    25.3632     8.0532    11.5088    107.063    350.759    359.656    0.00172    7.52196   10.74963  327.62108     3.3273   16.79357 3.8008e-01     0.5468     0.7934 0.0000e+00
        451 111.658756    0.03125     1.8750    112.500     37.353  51852.100    31.8761     3.3330     37.000     3.3321    25.3636     8.0499    11.5042    107.030    350.618    359.511    0.00137    7.52124   10.74860  327.58971     3.3309   16.79208 3.3263e-01     0.5342     0.7895 0.0000e+00
        455 111.658766    0.03151     1.8904    113.423     38.362  51852.278    31.8762     3.3350     38.000     3.3334    25.3635     8.0429    11.4941    106.940    350.308    359.193    0.00089    7.52087   10.74808  327.57376     3.3328   16.79132 2.9242e-01     0.5233     0.7670 0.0000e+00
        458 111.658777    0.03176     1.9054    114.322     39.372  51853.821    31.8770     3.3361     39.000     3.3346    25.3641     8.0348    11.4826    106.837    349.960    358.836    0.00044    7.52062   10.74772  327.56252     3.3338   16.79078 2.5686e-01     0.5315     0.7678 0.0000e+00
        462 111.658787    0.03198     1.9192    115.150     40.381  51858.634    31.8802     3.3381     40.000     3.3378    25.3665     8.0270    11.4714    106.741    349.619    358.487    0.00008    7.52009   10.74697  327.53890     3.3357   16.78965 2.2617e-01     0.5325     0.7866 0.0000e+00
        465 111.658796    0.03221     1.9330    115.980     41.391  51860.352    31.8819     3.3417     41.000     3.3409    25.3674     8.0277    11.4724    106.762    349.649    358.518    0.00006    7.51933   10.74588  327.50540     3.3392   16.78805 1.9981e-01     0.5222     0.7873 0.0000e+00
        468 111.658806    0.03246     1.9475    116.848     42.401  51859.336    31.8812     3.3442     42.000     3.3423    25.3667     8.0319    11.4784    106.822    349.830    358.704    0.00020    7.51891   10.74527  327.48706     3.3417   16.78718 1.7700e-01     0.5159     0.7702 0.0000e+00
        472 111.658816    0.03270     1.9621    117.725     43.410  51859.447    31.8810     3.3451     43.000     3.3428    25.3665     8.0322    11.4788    106.829    349.844    358.718    0.00016    7.51874   10.74504  327.48012     3.3425   16.78685 1.5691e-01     0.5061     0.7504 0.0000e+00
        475 111.658826    0.03295     1.9766    118.595     44.420  51860.798    31.8816     3.3456     44.000     3.3434    25.3669     8.0316    11.4780    106.823    349.818    358.691    0.00008    7.51862   10.74487  327.47465     3.3430   16.78659 1.3961e-01     0.5021     0.7420 0.0000e+00
        479 111.658837    0.03319     1.9915    119.493     45.430  51862.011    31.8821     3.3464     45.000     3.3444    25.3672     8.0311    11.4773    106.819    349.798    358.671    0.00001    7.51844   10.74460  327.46660     3.3438   16.78620 1.2438e-01     0.5228     0.7476 0.0000e+00
        483 111.658847    0.03344     2.0063    120.381     46.439  51864.201    31.8834     3.3476     46.000     3.3461    25.3681     8.0326    11.4794    106.843    349.860    358.736    0.00004    7.51815   10.74419  327.45366     3.3450   16.78558 1.1136e-01     0.5226     0.7519 0.0000e+00
        486 111.658857    0.03367     2.0201    121.209     47.449  51867.098    31.8854     3.3500     47.000     3.3490    25.3696     8.0337    11.4810    106.866    349.909    358.786    0.00006    7.51761   10.74342  327.42977     3.3472   16.78444 1.0054e-01     0.5193     0.7606 0.0000e+00
        489 111.658866    0.03390     2.0337    122.021     48.459  51869.403    31.8872     3.3530     48.000     3.3521    25.3708     8.0381    11.4872    106.933    350.099    358.982    0.00019    7.51696   10.74249  327.40103     3.3501   16.78307 9.0783e-02     0.5134     0.7705 0.0000e+00
        492 111.658876    0.03413     2.0478    122.868     49.468  51870.819    31.8886     3.3564     49.000     3.3552    25.3716     8.0458    11.4983    107.046    350.435    359.326    0.00044    7.51626   10.74149  327.37018     3.3535   16.78160 8.2124e-02     0.5119     0.7759 0.0000e+00
        496 111.658886    0.03437     2.0622    123.729     50.478  51871.224    31.8891     3.3593     50.000     3.3575    25.3717     8.0501    11.5044    107.109    350.619    359.515    0.00054    7.51571   10.74070  327.34614     3.3563   16.78045 7.4902e-02     0.5215     0.7701 0.0000e+00
        499 111.658896    0.03460     2.0762    124.575     51.488  51873.400    31.8906     3.3615     51.000     3.3601    25.3727     8.0477    11.5010    107.086    350.519    359.412    0.00038    7.51522   10.74000  327.32458     3.3585   16.77942 6.8730e-02     0.5152     0.7521 0.0000e+00
        503 111.658905    0.03484     2.0907    125.442     52.497  51874.772    31.8917     3.3646     52.000     3.3630    25.3734     8.0436    11.4951    107.040    350.338    359.227    0.00015    7.51458   10.73909  327.29668     3.3615   16.77809 6.3464e-02     0.5169     0.7483 0.0000e+00
        507 111.658917    0.03511     2.1066    126.398     53.507  51873.420    31.8909     3.3669     53.000     3.3641    25.3725     8.0455    11.4978    107.070    350.420    359.310    0.00016    7.51420   10.73854  327.28030     3.3637   16.77731 5.8925e-02     0.5193     0.7457 0.0000e+00
