CTD-processing/allCTD/CNV/2013_01-04_t9_s05_cast005_5028.cnv
* Sea-Bird SBE19plus Data File:
* FileName = C:\Documents and Settings\kris.holderied.local\My Documents\2012-2013-CTD-DATA-new-files\2013-01-04-CTD-HomerSpitLine\2013-01-04-HomerSpitLine-cast005.hex
* Software Version 1.54
* Temperature SN =  5028
* Conductivity SN =  5028
* System UpLoad Time = Feb 11 2013 18:52:19
** Kachemak Bay Spit Line South to North
** Date:  4 Jan 2013
** Station:  9-05
** Start time (AKDT-24 hr):  17:06
** Depth (m):  97
** Comment: After wave buoy rescue.
** Comment: CTD time set wrong by 2 hours
# nquan = 27
# nvalues = 79                          
# units = specified
# name 0 = scan: Scan Count
# name 1 = timeJ: Julian Days
# name 2 = timeH: Time, Elapsed [hours]
# name 3 = timeM: Time, Elapsed [minutes]
# name 4 = timeS: Time, Elapsed [seconds]
# name 5 = prdM: Pressure, Strain Gauge [db]
# name 6 = specc: Specific Conductance [uS/cm]
# name 7 = sal00: Salinity, Practical [PSU]
# name 8 = tv290C: Temperature [ITS-90, deg C]
# name 9 = depSM: Depth [salt water, m], lat = 59.00
# name 10 = potemp090C: Potential Temperature [ITS-90, deg C]
# name 11 = sigma-é00: Density [sigma-theta, kg/m^3]
# name 12 = sbeox0ML/L: Oxygen, SBE 43 [ml/l]
# name 13 = sbeox0Mg/L: Oxygen, SBE 43 [mg/l]
# name 14 = sbeox0PS: Oxygen, SBE 43 [% saturation]
# name 15 = sbox0Mm/Kg: Oxygen, SBE 43 [umol/kg]
# name 16 = sbeox0Mm/L: Oxygen, SBE 43 [umol/l]
# name 17 = sbox0dV/dT: Oxygen, SBE 43 [dov/dt]
# name 18 = oxsolML/L: Oxygen Saturation, Garcia & Gordon [ml/l]
# name 19 = oxsolMg/L: Oxygen Saturation, Garcia & Gordon [mg/l]
# name 20 = oxsolMm/Kg: Oxygen Saturation, Garcia & Gordon [umol/kg]
# name 21 = potemp090C: Potential Temperature [ITS-90, deg C]
# name 22 = n2satMg/L: Nitrogen Saturation [mg/l]
# name 23 = par: PAR/Irradiance, Biospherical/Licor
# name 24 = flECO-AFL: Fluorescence, WET Labs ECO-AFL/FL [mg/m^3]
# name 25 = turbWETntu0: Turbidity, WET Labs ECO [NTU]
# name 26 = flag: flag
# span 0 =        323,        967       
# span 1 =   4.797957,   4.799820       
# span 2 =    0.02235,    0.06706       
# span 3 =     1.3411,     4.0235       
# span 4 =     80.464,    241.409       
# span 5 =      1.010,     79.761       
# span 6 =  49886.157,  51177.752       
# span 7 =    30.3729,    31.7030       
# span 8 =     2.5835,     4.6064       
# span 9 =      1.000,     79.000       
# span 10 =     2.6121,     4.6051      
# span 11 =    24.2254,    25.1044      
# span 12 =     7.0116,     7.4445      
# span 13 =    10.0203,    10.6390      
# span 14 =     92.332,    101.411      
# span 15 =    305.573,    324.393      
# span 16 =    313.139,    332.472      
# span 17 =   -0.00081,    0.02800      
# span 18 =    7.29976,    7.74182      
# span 19 =   10.43208,   11.06383      
# span 20 =  318.02317,  337.57183      
# span 21 =     2.5834,     4.6009      
# span 22 =   16.33784,   17.27224      
# span 23 = 3.7889e-02, 9.1007e-01      
# span 24 =     0.1828,     0.5992      
# span 25 =     0.8230,     2.1003      
# span 26 = 0.0000e+00, 0.0000e+00      
# interval = meters: 1                  
# start_time = Jan 04 2013 19:07:43 [Instrument's time stamp, header]
# bad_flag = -9.990e-29
*END*
[from data line 54]
        767   4.799242    0.05319     3.1914    191.483     55.527  51129.090    31.6688     4.5491     55.000     4.5451    25.0830     7.3829    10.5509    100.977    321.654    329.722   -0.00004    7.31154   10.44893  318.54347     4.5453   16.36274 3.7912e-02     0.4414     0.8766 0.0000e+00
        775   4.799265    0.05374     3.2244    193.466     56.536  51130.363    31.6691     4.5490     56.000     4.5453    25.0833     7.3737    10.5378    100.851    321.252    329.310   -0.00040    7.31153   10.44890  318.54278     4.5452   16.36270 3.7912e-02     0.4533     0.9074 0.0000e+00
        783   4.799287    0.05428     3.2565    195.388     57.546  51131.724    31.6696     4.5495     57.000     4.5455    25.0836     7.3801    10.5470    100.940    321.532    329.598   -0.00009    7.31142   10.44875  318.53808     4.5456   16.36248 3.7912e-02     0.4650     0.8471 0.0000e+00
        790   4.799310    0.05482     3.2894    197.367     58.555  51133.956    31.6704     4.5482     58.000     4.5439    25.0844     7.3779    10.5438    100.907    321.435    329.498   -0.00018    7.31161   10.44901  318.54572     4.5443   16.36284 3.7912e-02     0.4832     0.8605 0.0000e+00
        799   4.799335    0.05542     3.3253    199.520     59.566  51135.407    31.6706     4.5472     59.000     4.5429    25.0847     7.3732    10.5371    100.841    321.231    329.289   -0.00033    7.31178   10.44926  318.55328     4.5431   16.36320 3.7912e-02     0.4854     0.8836 0.0000e+00
        807   4.799359    0.05599     3.3597    201.581     60.575  51137.599    31.6713     4.5461     60.000     4.5418    25.0854     7.3721    10.5354    100.822    321.180    329.237   -0.00032    7.31194   10.44950  318.56015     4.5419   16.36352 3.7912e-02     0.4853     0.8865 0.0000e+00
        816   4.799384    0.05661     3.3963    203.776     61.585  51140.532    31.6730     4.5467     61.000     4.5429    25.0866     7.3800    10.5468    100.934    321.525    329.591    0.00004    7.31174   10.44921  318.55092     4.5425   16.36307 3.7912e-02     0.4961     0.9072 0.0000e+00
        825   4.799410    0.05722     3.4335    206.011     62.594  51144.094    31.6753     4.5483     62.000     4.5446    25.0883     7.3774    10.5431    100.904    321.412    329.475   -0.00009    7.31134   10.44864  318.53308     4.5441   16.36222 3.7912e-02     0.5096     0.8988 0.0000e+00
        834   4.799436    0.05785     3.4706    208.236     63.604  51147.561    31.6781     4.5524     63.000     4.5491    25.0902     7.3748    10.5394    100.880    321.298    329.360   -0.00015    7.31049   10.44742  318.49516     4.5481   16.36040 3.7912e-02     0.5144     0.8759 0.0000e+00
        843   4.799461    0.05846     3.5074    210.447     64.615  51151.393    31.6816     4.5584     64.000     4.5556    25.0923     7.3760    10.5411    100.913    321.350    329.414   -0.00005    7.30926   10.44567  318.44123     4.5540   16.35782 3.7912e-02     0.5280     0.8479 0.0000e+00
        852   4.799487    0.05907     3.5443    212.660     65.624  51150.793    31.6819     4.5635     65.000     4.5594    25.0920     7.3806    10.5477    100.989    321.551    329.619    0.00013    7.30835   10.44435  318.40140     4.5591   16.35592 3.7912e-02     0.5350     0.8586 0.0000e+00
        861   4.799513    0.05969     3.5816    214.898     66.634  51151.942    31.6823     4.5644     66.000     4.5601    25.0923     7.3805    10.5475    100.989    321.544    329.612    0.00005    7.30816   10.44409  318.39320     4.5599   16.35553 3.7912e-02     0.5359     0.8615 0.0000e+00
        869   4.799538    0.06031     3.6184    217.104     67.643  51154.439    31.6841     4.5667     67.000     4.5628    25.0934     7.3784    10.5445    100.968    321.453    329.519   -0.00004    7.30767   10.44339  318.37169     4.5621   16.35450 3.7912e-02     0.5436     0.8931 0.0000e+00
        879   4.799566    0.06097     3.6583    219.497     68.653  51157.563    31.6868     4.5713     68.000     4.5680    25.0951     7.3678    10.5294    100.836    320.991    329.046   -0.00041    7.30673   10.44204  318.32992     4.5666   16.35250 3.7912e-02     0.5471     0.9245 0.0000e+00
        888   4.799592    0.06159     3.6955    221.731     69.663  51157.551    31.6873     4.5761     69.000     4.5717    25.0950     7.3735    10.5375    100.926    321.239    329.300   -0.00007    7.30585   10.44079  318.29169     4.5713   16.35068 3.7912e-02     0.5501     0.8986 0.0000e+00
        897   4.799618    0.06222     3.7333    223.995     70.673  51158.987    31.6883     4.5782     70.000     4.5739    25.0956     7.3775    10.5432    100.986    321.413    329.479    0.00008    7.30544   10.44020  318.27360     4.5734   16.34982 3.7912e-02     0.5529     0.9129 0.0000e+00
        906   4.799645    0.06288     3.7725    226.347     71.682  51160.589    31.6895     4.5809     71.000     4.5768    25.0963     7.3724    10.5360    100.924    321.192    329.253   -0.00015    7.30491   10.43945  318.25051     4.5759   16.34871 3.7912e-02     0.5516     0.8961 0.0000e+00
        914   4.799668    0.06342     3.8055    228.330     72.692  51163.349    31.6920     4.5857     72.000     4.5822    25.0977     7.3694    10.5317    100.897    321.062    329.120   -0.00020    7.30394   10.43806  318.20773     4.5807   16.34667 3.7912e-02     0.5457     0.9108 0.0000e+00
        921   4.799687    0.06388     3.8329    229.977     73.702  51164.289    31.6932     4.5904     73.000     4.5867    25.0983     7.3688    10.5308    100.901    321.035    329.093   -0.00018    7.30304   10.43678  318.16850     4.5854   16.34480 3.7912e-02     0.5526     0.9459 0.0000e+00
        929   4.799710    0.06442     3.8650    231.901     74.712  51164.254    31.6937     4.5947     74.000     4.5902    25.0982     7.3802    10.5471    101.067    321.530    329.599    0.00028    7.30227   10.43567  318.13480     4.5896   16.34319 3.7912e-02     0.5609     1.0017 0.0000e+00
        936   4.799730    0.06492     3.8951    233.707     75.722  51164.170    31.6934     4.5961     75.000     4.5909    25.0978     7.3731    10.5369    100.973    321.219    329.281   -0.00007    7.30204   10.43535  318.12494     4.5909   16.34273 3.7912e-02     0.5540     0.9725 0.0000e+00
        944   4.799753    0.06547     3.9278    235.667     76.732  51164.906    31.6933     4.5959     76.000     4.5906    25.0978     7.3666    10.5276    100.884    320.939    328.994   -0.00032    7.30209   10.43541  318.12690     4.5906   16.34282 3.7912e-02     0.5726     0.9351 0.0000e+00
        951   4.799775    0.06598     3.9592    237.551     77.741  51167.374    31.6948     4.5970     77.000     4.5924    25.0989     7.3705    10.5331    100.940    321.104    329.164   -0.00012    7.30181   10.43501  318.11425     4.5917   16.34221 3.7912e-02     0.5554     0.9719 0.0000e+00
        959   4.799797    0.06652     3.9909    239.452     78.751  51168.290    31.6955     4.5995     78.000     4.5949    25.0992     7.3761    10.5412    101.024    321.352    329.418    0.00011    7.30133   10.43434  318.09361     4.5941   16.34123 3.7912e-02     0.5743     0.9606 0.0000e+00
        967   4.799820    0.06706     4.0235    241.409     79.761  51177.752    31.7030     4.6064     79.000     4.6051    25.1044     7.3733    10.5373    101.008    321.230    329.294    0.00000    7.29976   10.43208  318.02317     4.6009   16.33784 3.7912e-02     0.5992     0.9596 0.0000e+00
