CTD-processing/allCTD/CNV/2013_06-06_alongbay_skb03_outer_cast098_4141.cnv
* Sea-Bird SBE19plus Data File:
* FileName = C:\Documents and Settings\kbayadmin\My Documents\CTD data\2013-06-06 Kachemak Bay all bay inner bay Nuka\2013-06-06 Kachemak Bay All Bay Inner Bay cast098.hex
* Software Version 1.59
* Temperature SN =  4141
* Conductivity SN =  4141
* System UpLoad Time = Jun 18 2013 16:26:58
** Kachemak Bay All Bay Inner Bay
** 2013-06-06
** Station: KBay 3
** N': 59 31.5084
** W': 151 38.973
** Start Time: 1258
** Depth(ft): 364
# nquan = 27
# nvalues = 108                         
# units = specified
# name 0 = scan: Scan Count
# name 1 = timeJ: Julian Days
# name 2 = timeH: Time, Elapsed [hours]
# name 3 = timeM: Time, Elapsed [minutes]
# name 4 = timeS: Time, Elapsed [seconds]
# name 5 = prdM: Pressure, Strain Gauge [db]
# name 6 = specc: Specific Conductance [uS/cm]
# name 7 = sal00: Salinity, Practical [PSU]
# name 8 = tv290C: Temperature [ITS-90, deg C]
# name 9 = depSM: Depth [salt water, m], lat = 59.00
# name 10 = potemp090C: Potential Temperature [ITS-90, deg C]
# name 11 = sigma-é00: Density [sigma-theta, kg/m^3]
# name 12 = sbeox0ML/L: Oxygen, SBE 43 [ml/l]
# name 13 = sbeox0Mg/L: Oxygen, SBE 43 [mg/l]
# name 14 = sbeox0PS: Oxygen, SBE 43 [% saturation]
# name 15 = sbox0Mm/Kg: Oxygen, SBE 43 [umol/kg]
# name 16 = sbeox0Mm/L: Oxygen, SBE 43 [umol/l]
# name 17 = sbox0dV/dT: Oxygen, SBE 43 [dov/dt]
# name 18 = oxsolML/L: Oxygen Saturation, Garcia & Gordon [ml/l]
# name 19 = oxsolMg/L: Oxygen Saturation, Garcia & Gordon [mg/l]
# name 20 = oxsolMm/Kg: Oxygen Saturation, Garcia & Gordon [umol/kg]
# name 21 = n2satMg/L: Nitrogen Saturation [mg/l]
# name 22 = par: PAR/Irradiance, Biospherical/Licor
# name 23 = wetStar: Fluorescence, WET Labs WETstar [mg/m^3]
# name 24 = CStarAt0: Beam Attenuation, WET Labs C-Star [1/m]
# name 25 = CStarTr0: Beam Transmission, WET Labs C-Star [%]
# name 26 = flag: flag
# span 0 =        180,        719       
# span 1 = 157.539811, 157.541372       
# span 2 =    0.01240,    0.04985       
# span 3 =     0.7444,     2.9914       
# span 4 =     44.662,    179.482       
# span 5 =      1.013,    109.024       
# span 6 =  49041.563,  51399.958       
# span 7 =    30.8848,    31.8855       
# span 8 =     4.7966,     9.2619       
# span 9 =      1.000,    108.000       
# span 10 =     4.7878,     9.2178      
# span 11 =    24.0559,    25.2291      
# span 12 =     6.9315,     9.6518      
# span 13 =     9.9058,    13.7932      
# span 14 =     95.507,    145.548      
# span 15 =    301.942,    420.823      
# span 16 =    309.561,    431.045      
# span 17 =   -0.13080,    0.09155      
# span 18 =    6.56736,    7.25764      
# span 19 =    9.38542,   10.37191      
# span 20 =  286.34669,  316.15094      
# span 21 =   14.82834,   16.24803      
# span 22 = 3.6325e-02, 1.5397e+01      
# span 23 =     0.4749,    12.8713      
# span 24 =     0.2995,     2.5729      
# span 25 =    56.9291,    92.7868      
# span 26 = 0.0000e+00, 0.0000e+00      
# interval = meters: 1                  
# start_time = Jun 06 2013 12:56:35 [Instrument's time stamp, header]
# bad_flag = -9.990e-29
*END*
[from data line 54]
        519 157.540792    0.03596     2.1575    129.450     55.538  51121.346    31.8429     5.3697     55.000     5.3523    25.1326     7.0800    10.1180     98.870    308.441    316.194   -0.00079    7.16090   10.23363  311.96485   16.04888 3.6382e-02     1.0086     0.3717    91.1254 0.0000e+00
        522 157.540802    0.03619     2.1716    130.298     56.528  51120.766    31.8366     5.3440     56.000     5.3210    25.1305     7.0733    10.1084     98.712    308.148    315.892   -0.00198    7.16557   10.24032  312.16936   16.05865 3.6382e-02     1.1244     0.3857    90.8068 0.0000e+00
        526 157.540814    0.03649     2.1894    131.364     57.553  51157.398    31.8541     5.3099     57.000     5.3021    25.1482     7.0692    10.1026     98.588    307.968    315.713   -0.00269    7.17055   10.24743  312.38069   16.06864 3.6382e-02     1.0975     0.3995    90.4954 0.0000e+00
        530 157.540825    0.03675     2.2051    132.304     58.549  51161.940    31.8558     5.3055     58.000     5.2989    25.1500     7.0655    10.0973     98.526    307.803    315.544   -0.00243    7.17120   10.24837  312.40895   16.06998 3.6382e-02     1.0804     0.3993    90.5003 0.0000e+00
        534 157.540837    0.03704     2.2225    133.350     59.577  51165.392    31.8568     5.3014     59.000     5.2958    25.1513     7.0657    10.0976     98.520    307.813    315.554   -0.00210    7.17185   10.24929  312.43663   16.07130 3.6382e-02     1.1125     0.3990    90.5058 0.0000e+00
        538 157.540847    0.03726     2.2356    134.135     60.565  51167.830    31.8576     5.2998     60.000     5.2943    25.1522     7.0764    10.1129     98.667    308.281    316.034   -0.00040    7.17209   10.24964  312.44692   16.07178 3.6382e-02     1.1536     0.3961    90.5703 0.0000e+00
        542 157.540858    0.03755     2.2529    135.177     61.591  51160.445    31.8510     5.2946     61.000     5.2824    25.1475     7.0811    10.1196     98.715    308.484    316.241    0.00035    7.17329   10.25135  312.50049   16.07436 3.6382e-02     1.1463     0.3880    90.7552 0.0000e+00
        545 157.540869    0.03781     2.2686    136.116     62.590  51158.221    31.8452     5.2771     62.000     5.2592    25.1449     7.0607    10.0905     98.386    307.596    315.330   -0.00248    7.17657   10.25603  312.64404   16.08122 3.6382e-02     1.0517     0.3999    90.4854 0.0000e+00
        549 157.540881    0.03809     2.2853    137.115     63.606  51165.543    31.8441     5.2502     63.000     5.2289    25.1470     7.0582    10.0869     98.287    307.489    315.221   -0.00318    7.18121   10.26268  312.84598   16.09084 3.6382e-02     1.1042     0.4095    90.2687 0.0000e+00
        553 157.540892    0.03835     2.3015    138.090     64.622  51174.341    31.8422     5.2154     64.000     5.1915    25.1494     7.0623    10.0927     98.261    307.665    315.402   -0.00204    7.18726   10.27132  313.10866   16.10335 3.6382e-02     0.9455     0.4200    90.0318 0.0000e+00
        557 157.540902    0.03860     2.3158    138.948     65.618  51203.969    31.8567     5.1901     65.000     5.1773    25.1637     7.0488    10.0735     98.025    307.074    314.802   -0.00374    7.19090   10.27651  313.26263   16.11063 3.6382e-02     1.0433     0.4184    90.0678 0.0000e+00
        561 157.540913    0.03887     2.3324    139.943     66.641  51196.238    31.8473     5.1738     66.000     5.1476    25.1581     7.0367    10.0560     97.811    306.544    314.255   -0.00445    7.19416   10.28117  313.40627   16.11750 3.6382e-02     0.9669     0.4256    89.9062 0.0000e+00
        564 157.540924    0.03912     2.3471    140.824     67.632  51176.818    31.8221     5.1211     67.000     5.0712    25.1439     7.0275    10.0431     97.545    306.151    313.850   -0.00550    7.20443   10.29585  313.85814   16.13912 3.6382e-02     0.8211     0.4397    89.5920 0.0000e+00
        569 157.540937    0.03942     2.3652    141.912     68.667  51258.184    31.8597     5.0386     68.000     5.0173    25.1827     7.0171    10.0282     97.234    305.690    313.388   -0.00672    7.21681   10.31354  314.38560   16.16408 3.6382e-02     0.8147     0.4624    89.0838 0.0000e+00
        572 157.540945    0.03963     2.3781    142.685     69.650  51269.951    31.8621     5.0145     69.000     4.9943    25.1872     7.0066    10.0133     97.033    305.231    312.918   -0.00669    7.22086   10.31933  314.56049   16.17239 3.6382e-02     0.8746     0.4878    88.5183 0.0000e+00
        576 157.540959    0.03994     2.3967    143.800     70.681  51294.881    31.8725     4.9864     70.000     4.9741    25.1986     6.9887     9.9875     96.726    304.443    312.114   -0.00727    7.22519   10.32552  314.74602   16.18118 3.6382e-02     0.7271     0.5011    88.2248 0.0000e+00
        580 157.540968    0.04019     2.4114    144.685     71.683  51295.074    31.8693     4.9731     71.000     4.9585    25.1974     6.9790     9.9737     96.560    304.024    311.684   -0.00681    7.22766   10.32905  314.85395   16.18634 3.6382e-02     0.6074     0.5072    88.0904 0.0000e+00
        583 157.540979    0.04043     2.4259    145.553     72.688  51307.247    31.8739     4.9585     72.000     4.9465    25.2027     6.9714     9.9628     96.424    303.689    311.342   -0.00638    7.22996   10.33235  314.95284   16.19102 3.6382e-02     0.6539     0.5117    87.9921 0.0000e+00
        587 157.540990    0.04071     2.4425    146.549     73.708  51310.832    31.8728     4.9448     73.000     4.9321    25.2033     6.9689     9.9593     96.357    303.579    311.230   -0.00514    7.23240   10.33581  315.05804   16.19603 3.6382e-02     0.6268     0.5077    88.0790 0.0000e+00
        591 157.541000    0.04095     2.4574    147.442     74.707  51322.610    31.8780     4.9336     74.000     4.9251    25.2086     6.9682     9.9582     96.324    303.547    311.199   -0.00417    7.23408   10.33824  315.13032   16.19945 3.6382e-02     0.6408     0.5016    88.2139 0.0000e+00
        595 157.541012    0.04122     2.4734    148.405     75.728  51323.998    31.8771     4.9275     75.000     4.9177    25.2086     6.9685     9.9586     96.314    303.559    311.211   -0.00312    7.23517   10.33977  315.17730   16.20169 3.6382e-02     0.6705     0.5071    88.0921 0.0000e+00
        598 157.541021    0.04146     2.4876    149.258     76.723  51320.437    31.8719     4.9174     76.000     4.9034    25.2056     6.9665     9.9557     96.259    303.473    311.122   -0.00292    7.23720   10.34268  315.26682   16.20598 3.6382e-02     0.6648     0.5154    87.9103 0.0000e+00
        602 157.541034    0.04176     2.5053    150.321     77.755  51335.113    31.8778     4.9007     77.000     4.8908    25.2121     6.9762     9.9697     96.359    303.896    311.557   -0.00151    7.23979   10.34639  315.37787   16.21124 3.6382e-02     0.5314     0.5234    87.7361 0.0000e+00
        606 157.541044    0.04199     2.5195    151.171     78.744  51339.117    31.8784     4.8933     78.000     4.8847    25.2133     6.9858     9.9834     96.475    304.313    311.987    0.00001    7.24105   10.34819  315.43221   16.21382 3.6382e-02     0.5858     0.5377    87.4223 0.0000e+00
        610 157.541055    0.04226     2.5357    152.144     79.769  51342.241    31.8790     4.8883     79.000     4.8797    25.2143     6.9828     9.9792     96.423    304.184    311.854   -0.00040    7.24189   10.34938  315.46834   16.21555 3.6382e-02     0.6517     0.5392    87.3905 0.0000e+00
        613 157.541065    0.04249     2.5496    152.976     80.761  51344.807    31.8791     4.8833     80.000     4.8752    25.2149     6.9739     9.9664     96.288    303.794    311.455   -0.00159    7.24275   10.35063  315.50609   16.21734 3.6382e-02     0.6092     0.5448    87.2658 0.0000e+00
        617 157.541076    0.04278     2.5669    154.013     81.786  51349.543    31.8811     4.8799     81.000     4.8733    25.2169     6.9723     9.9641     96.259    303.725    311.384   -0.00157    7.24325   10.35133  315.52696   16.21832 3.6382e-02     0.6168     0.5474    87.2110 0.0000e+00
        621 157.541087    0.04303     2.5815    154.893     82.787  51349.398    31.8802     4.8786     82.000     4.8718    25.2164     6.9768     9.9705     96.317    303.918    311.582   -0.00086    7.24352   10.35171  315.53881   16.21889 3.6382e-02     0.5514     0.5508    87.1348 0.0000e+00
        624 157.541098    0.04328     2.5973    155.837     83.797  51351.378    31.8807     4.8767     83.000     4.8696    25.2169     6.9874     9.9857     96.460    304.383    312.058    0.00049    7.24382   10.35214  315.55181   16.21950 3.6382e-02     0.5259     0.5557    87.0301 0.0000e+00
        628 157.541109    0.04357     2.6140    156.841     84.823  51351.894    31.8801     4.8747     84.000     4.8676    25.2167     6.9884     9.9871     96.469    304.426    312.101    0.00055    7.24421   10.35269  315.56859   16.22031 3.6382e-02     0.5008     0.5552    87.0396 0.0000e+00
        631 157.541118    0.04378     2.6269    157.617     85.806  51352.763    31.8798     4.8730     85.000     4.8650    25.2167     6.9854     9.9828     96.423    304.294    311.967   -0.00022    7.24452   10.35314  315.58227   16.22096 3.6382e-02     0.6556     0.5626    86.8803 0.0000e+00
        636 157.541131    0.04410     2.6461    158.767     86.845  51356.525    31.8810     4.8688     86.000     4.8621    25.2180     6.9846     9.9816     96.403    304.257    311.930   -0.00030    7.24518   10.35408  315.61059   16.22230 3.6382e-02     0.6047     0.5568    87.0062 0.0000e+00
        639 157.541141    0.04433     2.6597    159.583     87.836  51357.200    31.8808     4.8681     87.000     4.8611    25.2179     6.9767     9.9703     96.292    303.915    311.579   -0.00123    7.24529   10.35426  315.61581   16.22256 3.6382e-02     0.6007     0.5637    86.8558 0.0000e+00
        643 157.541151    0.04456     2.6741    160.448     88.847  51356.679    31.8796     4.8665     88.000     4.8576    25.2171     6.9744     9.9670     96.255    303.812    311.474   -0.00157    7.24565   10.35476  315.63138   16.22330 3.6382e-02     0.6069     0.5747    86.6157 0.0000e+00
        647 157.541162    0.04483     2.6898    161.390     89.857  51357.468    31.8785     4.8612     89.000     4.8517    25.2168     6.9783     9.9726     96.297    303.982    311.648   -0.00078    7.24663   10.35616  315.67410   16.22534 3.6382e-02     0.5846     0.5839    86.4174 0.0000e+00
        651 157.541174    0.04512     2.7074    162.441     90.875  51363.817    31.8810     4.8554     90.000     4.8481    25.2195     6.9810     9.9766     96.323    304.104    311.773   -0.00051    7.24750   10.35741  315.71139   16.22710 3.6382e-02     0.6165     0.5932    86.2174 0.0000e+00
        654 157.541184    0.04537     2.7223    163.336     91.882  51363.381    31.8799     4.8540     91.000     4.8450    25.2188     6.9778     9.9719     96.274    303.960    311.626   -0.00064    7.24780   10.35783  315.72456   16.22774 3.6382e-02     0.5336     0.6044    85.9750 0.0000e+00
        658 157.541194    0.04560     2.7361    164.163     92.883  51362.664    31.8777     4.8486     92.000     4.8373    25.2176     6.9709     9.9622     96.166    303.664    311.321   -0.00162    7.24885   10.35933  315.77049   16.22993 3.6382e-02     0.5066     0.6249    85.5372 0.0000e+00
        661 157.541205    0.04586     2.7519    165.112     93.902  51357.926    31.8716     4.8381     93.000     4.8202    25.2139     6.9716     9.9631     96.148    303.695    311.352   -0.00144    7.25097   10.36236  315.86413   16.23441 3.6382e-02     0.5990     0.6455    85.0991 0.0000e+00
        665 157.541215    0.04611     2.7668    166.010     94.905  51373.838    31.8776     4.8182     94.000     4.8050    25.2208     6.9689     9.9593     96.068    303.576    311.233   -0.00178    7.25415   10.36691  316.00069   16.24089 3.6382e-02     0.5802     0.7158    83.6169 0.0000e+00
        669 157.541228    0.04641     2.7843    167.059     95.930  51386.339    31.8830     4.8063     95.000     4.7978    25.2264     6.9615     9.9486     95.941    303.248    310.898   -0.00238    7.25595   10.36949  316.07738   16.24451 3.6382e-02     0.5373     0.7400    83.1096 0.0000e+00
        673 157.541237    0.04664     2.7980    167.881     96.923  51391.199    31.8855     4.8046     96.000     4.7978    25.2285     6.9511     9.9339     95.797    302.799    310.438   -0.00294    7.25613   10.36973  316.08429   16.24483 3.6382e-02     0.5040     0.7391    83.1293 0.0000e+00
        676 157.541248    0.04690     2.8138    168.826     97.943  51388.604    31.8831     4.8040     97.000     4.7951    25.2267     6.9367     9.9134     95.596    302.174    309.796   -0.00410    7.25635   10.37006  316.09474   16.24534 3.6382e-02     0.4749     0.7341    83.2342 0.0000e+00
        680 157.541258    0.04713     2.8280    169.680     98.944  51391.861    31.8841     4.8008     98.000     4.7932    25.2278     6.9391     9.9166     95.621    302.275    309.901   -0.00304    7.25686   10.37078  316.11643   16.24637 3.6382e-02     0.5078     0.7569    82.7603 0.0000e+00
        684 157.541269    0.04741     2.8445    170.671     99.963  51394.232    31.8851     4.8001     99.000     4.7932    25.2286     6.9387     9.9160     95.614    302.256    309.881   -0.00220    7.25693   10.37088  316.11922   16.24650 3.6382e-02     0.5005     0.7640    82.6135 0.0000e+00
        687 157.541280    0.04767     2.8601    171.605    100.974  51394.299    31.8847     4.8005    100.000     4.7929    25.2283     6.9341     9.9095     95.551    302.053    309.674   -0.00221    7.25689   10.37082  316.11747   16.24642 3.6382e-02     0.4849     0.7660    82.5720 0.0000e+00
        690 157.541289    0.04788     2.8727    172.362    101.966  51395.447    31.8848     4.7998    101.000     4.7922    25.2285     6.9384     9.9156     95.609    302.243    309.868   -0.00150    7.25700   10.37098  316.12245   16.24666 3.6382e-02     0.5922     0.7744    82.3978 0.0000e+00
        694 157.541300    0.04815     2.8891    173.347    103.005  51396.461    31.8849     4.7994    102.000     4.7920    25.2287     6.9480     9.9294     95.742    302.663    310.299    0.00001    7.25706   10.37107  316.12510   16.24678 3.6382e-02     0.5164     0.7717    82.4547 0.0000e+00
        697 157.541309    0.04836     2.9017    174.102    103.989  51398.028    31.8855     4.7993    103.000     4.7920    25.2291     6.9467     9.9276     95.724    302.607    310.241   -0.00010    7.25705   10.37106  316.12463   16.24676 3.6382e-02     0.4938     0.7737    82.4122 0.0000e+00
        701 157.541320    0.04862     2.9175    175.053    105.016  51397.890    31.8850     4.7998    104.000     4.7927    25.2287     6.9445     9.9244     95.694    302.510    310.142   -0.00050    7.25700   10.37098  316.12229   16.24665 3.6382e-02     0.5187     0.7669    82.5540 0.0000e+00
        704 157.541329    0.04885     2.9310    175.861    106.021  51398.237    31.8849     4.8004    105.000     4.7928    25.2286     6.9429     9.9221     95.673    302.440    310.069   -0.00058    7.25690   10.37083  316.11795   16.24644 3.6382e-02     0.5246     0.7652    82.5885 0.0000e+00
        707 157.541338    0.04906     2.9436    176.615    107.018  51397.611    31.8838     4.7998    106.000     4.7909    25.2278     6.9444     9.9241     95.691    302.504    310.135   -0.00051    7.25707   10.37107  316.12538   16.24680 3.6382e-02     0.5395     0.7771    82.3440 0.0000e+00
        712 157.541352    0.04939     2.9633    177.797    108.034  51399.958    31.8844     4.7975    107.000     4.7894    25.2285     6.9435     9.9229     95.674    302.465    310.096   -0.00051    7.25743   10.37159  316.14097   16.24754 3.6382e-02     0.5716     0.7824    82.2333 0.0000e+00
