CTD-processing/allCTD/CNV/2013_08-30_t9_s08_cast095_5028.cnv
* Sea-Bird SBE19plus Data File:
* FileName = C:\Users\kris.holderied\Documents\kasitsna\Research-Projects-and-Data\Oceanography-AK\CTD-Data-ALL-to-2013-06-17\2013-CTD-KachBay-CookInlet\2013-08-30-CTD-HomerSpitLine-Tran9-LTM\2013-08-30-CookInlet-Tran9-HomerSpit-cast095.hex
* Software Version 1.59
* Temperature SN =  5028
* Conductivity SN =  5028
* System UpLoad Time = Apr 02 2014 16:13:51
** Cook Inlet LTM Transect 9 (Homer Spit) monthly
** Date: 30 Aug 2013
** Station: 9-08
** Start time: 12:37
** Depth (m): 93
** Comment:  CTD instrument time is AK Daylight time
** Comment:
# nquan = 27
# nvalues = 89                          
# units = specified
# name 0 = scan: Scan Count
# name 1 = timeJ: Julian Days
# name 2 = timeH: Time, Elapsed [hours]
# name 3 = timeM: Time, Elapsed [minutes]
# name 4 = timeS: Time, Elapsed [seconds]
# name 5 = prdM: Pressure, Strain Gauge [db]
# name 6 = specc: Specific Conductance [uS/cm]
# name 7 = sal00: Salinity, Practical [PSU]
# name 8 = tv290C: Temperature [ITS-90, deg C]
# name 9 = depSM: Depth [salt water, m], lat = 59.00
# name 10 = potemp090C: Potential Temperature [ITS-90, deg C]
# name 11 = sigma-é00: Density [sigma-theta, kg/m^3]
# name 12 = sbeox0ML/L: Oxygen, SBE 43 [ml/l]
# name 13 = sbeox0Mg/L: Oxygen, SBE 43 [mg/l]
# name 14 = sbeox0PS: Oxygen, SBE 43 [% saturation]
# name 15 = sbox0Mm/Kg: Oxygen, SBE 43 [umol/kg]
# name 16 = sbeox0Mm/L: Oxygen, SBE 43 [umol/l]
# name 17 = sbox0dV/dT: Oxygen, SBE 43 [dov/dt]
# name 18 = oxsolML/L: Oxygen Saturation, Garcia & Gordon [ml/l]
# name 19 = oxsolMg/L: Oxygen Saturation, Garcia & Gordon [mg/l]
# name 20 = oxsolMm/Kg: Oxygen Saturation, Garcia & Gordon [umol/kg]
# name 21 = potemp090C: Potential Temperature [ITS-90, deg C]
# name 22 = n2satMg/L: Nitrogen Saturation [mg/l]
# name 23 = par: PAR/Irradiance, Biospherical/Licor
# name 24 = flECO-AFL: Fluorescence, WET Labs ECO-AFL/FL [mg/m^3]
# name 25 = turbWETntu0: Turbidity, WET Labs ECO [NTU]
# name 26 = flag: flag
# span 0 =        304,        550       
# span 1 = 242.527137, 242.527850       
# span 2 =    0.02101,    0.03812       
# span 3 =     1.2608,     2.2872       
# span 4 =     75.645,    137.234       
# span 5 =      1.009,     89.860       
# span 6 =  43164.064,  49268.394       
# span 7 =    27.2310,    31.1913       
# span 8 =     9.1575,    11.6216       
# span 9 =      1.000,     89.000       
# span 10 =     9.1467,    11.6051      
# span 11 =    20.6294,    24.1146      
# span 12 =     6.2377,     6.7870      
# span 13 =     8.9142,     9.6994      
# span 14 =     95.678,    105.935      
# span 15 =    272.140,    296.983      
# span 16 =    278.574,    303.110      
# span 17 =   -0.01738,    0.01430      
# span 18 =    6.40168,    6.59214      
# span 19 =    9.14865,    9.42083      
# span 20 =  280.00838,  287.47268      
# span 21 =     9.1482,    11.6215      
# span 22 =   14.54011,   14.88312      
# span 23 = 5.9411e-02, 3.0913e+02      
# span 24 =     0.1660,     2.0050      
# span 25 =     0.4177,     3.3720      
# span 26 = 0.0000e+00, 0.0000e+00      
# interval = meters: 1                  
# start_time = Aug 30 2013 12:37:49 [Instrument's time stamp, header]
# bad_flag = -9.990e-29
*END*
[from data line 54]
        456 242.527578    0.03161     1.8964    113.784     55.526  49059.228    31.0866     9.3584     55.000     9.3326    24.0011     6.5892     9.4166    100.334    287.377    294.275   -0.00124    6.56728    9.38529  286.41999     9.3526   14.83321 7.6760e-02     0.1698     0.6938 0.0000e+00
        459 242.527587    0.03180     1.9078    114.465     56.536  49086.885    31.1021     9.3324     56.000     9.3126    24.0172     6.5808     9.4047    100.159    287.007    293.900   -0.00169    6.57039    9.38975  286.55173     9.3265   14.83945 7.4149e-02     0.1669     0.7221 0.0000e+00
        462 242.527594    0.03198     1.9192    115.150     57.546  49107.478    31.1137     9.3140     57.000     9.2995    24.0291     6.5686     9.3872     99.939    286.470    293.354   -0.00231    6.57258    9.39288  286.64383     9.3080   14.84381 7.1913e-02     0.1660     0.7432 0.0000e+00
        464 242.527602    0.03217     1.9306    115.834     58.555  49119.056    31.1198     9.3028     58.000     9.2898    24.0357     6.5585     9.3728     99.765    286.028    292.904   -0.00269    6.57396    9.39484  286.70187     9.2967   14.84656 7.0046e-02     0.1685     0.7581 0.0000e+00
        467 242.527610    0.03237     1.9420    116.520     59.565  49129.242    31.1254     9.2940     59.000     9.2834    24.0414     6.5519     9.3634     99.649    285.738    292.609   -0.00280    6.57500    9.39633  286.74589     9.2878   14.84864 6.8507e-02     0.1772     0.7789 0.0000e+00
        470 242.527619    0.03256     1.9535    117.210     60.575  49136.350    31.1292     9.2888     60.000     9.2807    24.0452     6.5473     9.3567     99.569    285.535    292.400   -0.00276    6.57559    9.39718  286.77063     9.2825   14.84981 6.7224e-02     0.1776     0.8308 0.0000e+00
        473 242.527626    0.03275     1.9650    117.898     61.584  49139.959    31.1310     9.2865     61.000     9.2795    24.0470     6.5441     9.3522     99.517    285.398    292.261   -0.00262    6.57585    9.39755  286.78128     9.2801   14.85031 6.6129e-02     0.1738     0.8875 0.0000e+00
        475 242.527634    0.03294     1.9764    118.584     62.594  49141.458    31.1315     9.2858     62.000     9.2789    24.0475     6.5446     9.3529     99.523    285.417    292.281   -0.00233    6.57594    9.39767  286.78494     9.2793   14.85048 6.5044e-02     0.1869     0.8554 0.0000e+00
        478 242.527642    0.03313     1.9877    119.262     63.604  49142.447    31.1317     9.2854     63.000     9.2782    24.0478     6.5519     9.3632     99.632    285.733    292.605   -0.00172    6.57599    9.39775  286.78726     9.2788   14.85060 6.4192e-02     0.1926     0.8284 0.0000e+00
        481 242.527650    0.03331     1.9990    119.939     64.614  49143.477    31.1319     9.2846     64.000     9.2765    24.0481     6.5597     9.3744     99.750    286.076    292.956   -0.00111    6.57609    9.39790  286.79154     9.2779   14.85080 6.3482e-02     0.1903     0.8298 0.0000e+00
        483 242.527657    0.03350     2.0102    120.611     65.624  49145.365    31.1325     9.2828     65.000     9.2733    24.0489     6.5633     9.3796     99.802    286.234    293.118   -0.00079    6.57633    9.39823  286.80166     9.2760   14.85127 6.2893e-02     0.1899     0.8407 0.0000e+00
        486 242.527665    0.03369     2.0215    121.288     66.634  49149.335    31.1344     9.2790     66.000     9.2685    24.0509     6.5612     9.3766     99.763    286.142    293.024   -0.00084    6.57681    9.39891  286.82184     9.2721   14.85223 6.2503e-02     0.1938     0.8413 0.0000e+00
        489 242.527674    0.03388     2.0329    121.973     67.643  49154.630    31.1370     9.2743     67.000     9.2641    24.0538     6.5569     9.3705     99.689    285.953    292.831   -0.00105    6.57739    9.39974  286.84629     9.2672   14.85339 6.2113e-02     0.2004     0.8387 0.0000e+00
        492 242.527681    0.03407     2.0443    122.658     68.653  49159.289    31.1394     9.2703     68.000     9.2606    24.0562     6.5541     9.3665     99.639    285.831    292.707   -0.00114    6.57786    9.40042  286.86634     9.2632   14.85435 6.1754e-02     0.2045     0.8504 0.0000e+00
        494 242.527689    0.03427     2.0557    123.343     69.663  49162.720    31.1409     9.2670     69.000     9.2562    24.0579     6.5520     9.3634     99.600    285.738    292.612   -0.00115    6.57829    9.40103  286.88453     9.2597   14.85521 6.1433e-02     0.1991     0.8645 0.0000e+00
        497 242.527697    0.03445     2.0671    124.026     70.673  49166.794    31.1426     9.2619     70.000     9.2487    24.0600     6.5496     9.3599     99.553    285.631    292.504   -0.00121    6.57895    9.40197  286.91263     9.2546   14.85654 6.1156e-02     0.1863     0.8693 0.0000e+00
        500 242.527705    0.03464     2.0784    124.703     71.683  49172.703    31.1452     9.2534     71.000     9.2363    24.0633     6.5469     9.3563     99.497    285.517    292.387   -0.00129    6.58009    9.40361  286.96152     9.2459   14.85887 6.0902e-02     0.1756     0.8636 0.0000e+00
        503 242.527713    0.03483     2.0897    125.378     72.692  49181.232    31.1489     9.2400     72.000     9.2196    24.0684     6.5439     9.3520     99.425    285.385    292.254   -0.00141    6.58187    9.40615  287.03787     9.2325   14.86251 6.0688e-02     0.1775     0.8996 0.0000e+00
        505 242.527721    0.03502     2.1010    126.061     73.702  49196.816    31.1571     9.2229     73.000     9.2050    24.0774     6.5365     9.3414     99.278    285.058    291.921   -0.00175    6.58404    9.40925  287.12983     9.2152   14.86687 6.0529e-02     0.1843     0.9809 0.0000e+00
        508 242.527729    0.03521     2.1124    126.744     74.712  49210.586    31.1646     9.2101     74.000     9.1961    24.0852     6.5240     9.3234     99.064    284.507    291.359   -0.00230    6.58558    9.41145  287.19479     9.2024   14.86994 6.0441e-02     0.1856     1.0916 0.0000e+00
        511 242.527736    0.03540     2.1237    127.424     75.722  49219.351    31.1692     9.2023     75.000     9.1905    24.0901     6.5091     9.3022     98.825    283.858    290.696   -0.00287    6.58652    9.41280  287.23454     9.1945   14.87182 6.0321e-02     0.1855     1.1601 0.0000e+00
        513 242.527744    0.03558     2.1351    128.104     76.731  49225.614    31.1724     9.1970     76.000     9.1861    24.0935     6.4944     9.2812     98.593    283.217    290.041   -0.00336    6.58716    9.41370  287.26123     9.1892   14.87309 6.0189e-02     0.1836     1.2017 0.0000e+00
        516 242.527752    0.03577     2.1464    128.781     77.741  49229.779    31.1744     9.1930     77.000     9.1817    24.0956     6.4842     9.2666     98.430    282.773    289.586   -0.00357    6.58767    9.41443  287.28282     9.1850   14.87411 6.0086e-02     0.1773     1.2237 0.0000e+00
        519 242.527760    0.03596     2.1576    129.459     78.751  49234.706    31.1768     9.1888     78.000     9.1778    24.0981     6.4809     9.2618     98.371    282.625    289.435   -0.00338    6.58818    9.41517  287.30451     9.1806   14.87513 5.9968e-02     0.1725     1.2330 0.0000e+00
        522 242.527768    0.03615     2.1690    130.137     79.761  49239.532    31.1792     9.1852     79.000     9.1749    24.1006     6.4804     9.2611     98.357    282.604    289.414   -0.00303    6.58860    9.41578  287.32249     9.1769   14.87599 5.9879e-02     0.1761     1.2454 0.0000e+00
        524 242.527776    0.03634     2.1803    130.817     80.771  49243.242    31.1811     9.1827     80.000     9.1730    24.1025     6.4803     9.2611     98.352    282.600    289.411   -0.00269    6.58890    9.41619  287.33445     9.1743   14.87655 5.9820e-02     0.1899     1.2661 0.0000e+00
        527 242.527784    0.03653     2.1916    131.498     81.780  49245.879    31.1823     9.1812     81.000     9.1720    24.1037     6.4805     9.2614     98.353    282.609    289.422   -0.00239    6.58906    9.41642  287.34120     9.1727   14.87687 5.9760e-02     0.1909     1.2750 0.0000e+00
        530 242.527791    0.03672     2.2030    132.181     82.790  49247.658    31.1830     9.1804     82.000     9.1711    24.1044     6.4885     9.2727     98.472    282.956    289.776   -0.00177    6.58915    9.41656  287.34518     9.1718   14.87705 5.9724e-02     0.1920     1.2689 0.0000e+00
        532 242.527799    0.03690     2.2145    132.869     83.800  49248.780    31.1832     9.1795     83.000     9.1698    24.1047     6.4993     9.2883     98.635    283.429    290.261   -0.00098    6.58926    9.41672  287.35004     9.1709   14.87729 5.9659e-02     0.1966     1.2556 0.0000e+00
        535 242.527808    0.03710     2.2260    133.563     84.810  49250.137    31.1835     9.1779     84.000     9.1671    24.1052     6.5048     9.2960     98.713    283.664    290.502   -0.00057    6.58949    9.41704  287.35953     9.1692   14.87774 5.9614e-02     0.1985     1.2585 0.0000e+00
        538 242.527815    0.03729     2.2376    134.254     85.820  49252.164    31.1841     9.1749     85.000     9.1627    24.1061     6.5020     9.2919     98.665    283.543    290.378   -0.00069    6.58990    9.41763  287.37731     9.1660   14.87859 5.9657e-02     0.1978     1.2676 0.0000e+00
        541 242.527823    0.03748     2.2490    134.943     86.830  49255.555    31.1854     9.1703     86.000     9.1578    24.1079     6.4998     9.2888     98.623    283.446    290.279   -0.00080    6.59052    9.41850  287.40367     9.1613   14.87985 5.9583e-02     0.1961     1.2896 0.0000e+00
        544 242.527832    0.03768     2.2605    135.631     87.840  49259.740    31.1873     9.1657     87.000     9.1536    24.1101     6.4969     9.2848     98.571    283.322    290.153   -0.00091    6.59111    9.41936  287.42936     9.1566   14.88106 5.9446e-02     0.1904     1.3498 0.0000e+00
        546 242.527840    0.03787     2.2722    136.334     88.850  49263.955    31.1892     9.1617     88.000     9.1500    24.1123     6.4896     9.2743     98.451    282.999    289.823   -0.00121    6.59163    9.42009  287.45083     9.1524   14.88209 5.9411e-02     0.1817     1.4373 0.0000e+00
        550 242.527850    0.03812     2.2872    137.234     89.860  49268.394    31.1913     9.1575     89.000     9.1467    24.1146     6.4747     9.2530     98.218    282.350    289.159   -0.00188    6.59214    9.42083  287.47268     9.1482   14.88312 5.9431e-02     0.1734     1.5277 0.0000e+00
