CTD-processing/allCTD/CNV/2013_04-19_t6_s25_cast061_5028.cnv
* Sea-Bird SBE19plus Data File:
* FileName = C:\Documents and Settings\kris.holderied.local\My Documents\2012-2013-CTD-DATA-new-files\2013-04-EVOSTC-CookInlet-Ocean\2013-04-19-CookInlet-Tran6-Douglas\2013-04-19-CookInlet-Tran6-cast061.hex
* Software Version 1.54
* Temperature SN =  5028
* Conductivity SN =  5028
* System UpLoad Time = Apr 19 2013 22:25:37
** Cook Inlet LTM Transect 6 (Douglas line) West to East
** Date:  2013-04-19
** Station:  6-25
** Start time (AKDT-24 hr):  10:30
** Depth (m): 177
** Comment:  CTD time set wrong
** Comment:
# nquan = 27
# nvalues = 167                         
# units = specified
# name 0 = scan: Scan Count
# name 1 = timeJ: Julian Days
# name 2 = timeH: Time, Elapsed [hours]
# name 3 = timeM: Time, Elapsed [minutes]
# name 4 = timeS: Time, Elapsed [seconds]
# name 5 = prdM: Pressure, Strain Gauge [db]
# name 6 = specc: Specific Conductance [uS/cm]
# name 7 = sal00: Salinity, Practical [PSU]
# name 8 = tv290C: Temperature [ITS-90, deg C]
# name 9 = depSM: Depth [salt water, m], lat = 59.00
# name 10 = potemp090C: Potential Temperature [ITS-90, deg C]
# name 11 = sigma-é00: Density [sigma-theta, kg/m^3]
# name 12 = sbeox0ML/L: Oxygen, SBE 43 [ml/l]
# name 13 = sbeox0Mg/L: Oxygen, SBE 43 [mg/l]
# name 14 = sbeox0PS: Oxygen, SBE 43 [% saturation]
# name 15 = sbox0Mm/Kg: Oxygen, SBE 43 [umol/kg]
# name 16 = sbeox0Mm/L: Oxygen, SBE 43 [umol/l]
# name 17 = sbox0dV/dT: Oxygen, SBE 43 [dov/dt]
# name 18 = oxsolML/L: Oxygen Saturation, Garcia & Gordon [ml/l]
# name 19 = oxsolMg/L: Oxygen Saturation, Garcia & Gordon [mg/l]
# name 20 = oxsolMm/Kg: Oxygen Saturation, Garcia & Gordon [umol/kg]
# name 21 = potemp090C: Potential Temperature [ITS-90, deg C]
# name 22 = n2satMg/L: Nitrogen Saturation [mg/l]
# name 23 = par: PAR/Irradiance, Biospherical/Licor
# name 24 = flECO-AFL: Fluorescence, WET Labs ECO-AFL/FL [mg/m^3]
# name 25 = turbWETntu0: Turbidity, WET Labs ECO [NTU]
# name 26 = flag: flag
# span 0 =         48,       1250       
# span 1 = 109.438260, 109.441737       
# span 2 =    0.00324,    0.08671       
# span 3 =     0.1946,     5.2021       
# span 4 =     11.675,    312.127       
# span 5 =      1.009,    168.645       
# span 6 =  39831.385,  52245.005       
# span 7 =    24.0745,    32.1859       
# span 8 =     2.6547,     3.9745       
# span 9 =      1.000,    167.000       
# span 10 =     2.7913,     3.9652      
# span 11 =    19.1899,    25.5541      
# span 12 =     7.0047,     8.2160      
# span 13 =    10.0105,    11.7414      
# span 14 =     91.497,    108.370      
# span 15 =    305.370,    357.813      
# span 16 =    312.831,    366.925      
# span 17 =   -0.00199,    0.00697      
# span 18 =    7.38834,    8.09211      
# span 19 =   10.55868,   11.56443      
# span 20 =  321.74227,  354.84118      
# span 21 =     2.6546,     3.9635      
# span 22 =   16.51283,   18.11672      
# span 23 = 3.7912e-02, 6.1989e+02      
# span 24 =     0.1768,    12.0341      
# span 25 =     0.4981,     1.8291      
# span 26 = 0.0000e+00, 0.0000e+00      
# interval = meters: 1                  
# start_time = Apr 19 2013 10:30:54 [Instrument's time stamp, header]
# bad_flag = -9.990e-29
*END*
[from data line 54]
        678 109.440083    0.04699     2.8198    169.187     55.526  52124.453    32.0018     3.1432     55.000     3.1420    25.4804     8.1083    11.5875    107.392    353.118    362.115   -0.00150    7.55015   10.78991  328.81131     3.1400   16.84963 3.0146e-01     0.3556     0.6166 0.0000e+00
        683 109.440097    0.04733     2.8402    170.409     56.536  52139.897    32.0158     3.1586     56.000     3.1670    25.4902     8.1189    11.6027    107.584    353.577    362.589   -0.00078    7.54656   10.78479  328.65201     3.1553   16.84201 2.7112e-01     0.3377     0.6254 0.0000e+00
        691 109.440123    0.04795     2.8769    172.613     57.546  52137.553    32.0294     3.2182     57.000     3.2297    25.4959     8.1382    11.6303    108.009    354.417    363.453    0.00051    7.53474   10.76790  328.13563     3.2148   16.81741 2.4583e-01     0.3017     0.5993 0.0000e+00
        698 109.440142    0.04840     2.9039    174.233     58.556  52142.818    32.0464     3.2714     58.000     3.2901    25.5048     8.1249    11.6112    107.986    353.830    362.855    0.00032    7.52397   10.75251  327.66365     3.2680   16.79491 2.2092e-01     0.3036     0.5894 0.0000e+00
        703 109.440155    0.04873     2.9236    175.418     59.565  52137.358    32.0570     3.3283     59.000     3.3464    25.5083     8.1252    11.6116    108.149    353.842    362.868    0.00069    7.51288   10.73666  327.17966     3.3247   16.77187 1.9805e-01     0.2993     0.5763 0.0000e+00
        711 109.440178    0.04927     2.9564    177.383     60.575  52100.437    32.0423     3.3704     60.000     3.3713    25.4929     8.0925    11.5650    107.816    352.427    361.411   -0.00028    7.50583   10.72657  326.87703     3.3668   16.75754 1.7991e-01     0.2918     0.5540 0.0000e+00
        720 109.440205    0.04993     2.9959    179.752     61.585  52096.295    32.0414     3.3796     61.000     3.3784    25.4913     8.0385    11.4878    107.121    350.077    359.001   -0.00199    7.50417   10.72421  326.80551     3.3760   16.75414 1.6379e-01     0.2818     0.5514 0.0000e+00
        723 109.440215    0.05017     3.0100    180.597     62.594  52103.117    32.0471     3.3857     62.000     3.3879    25.4953     8.0407    11.4910    107.170    350.171    359.099   -0.00163    7.50275   10.72218  326.74256     3.3820   16.75113 1.4885e-01     0.2896     0.5682 0.0000e+00
        733 109.440243    0.05083     3.0495    182.973     63.604  52099.844    32.0489     3.4033     63.000     3.4035    25.4952     8.0322    11.4788    107.105    349.801    358.719   -0.00136    7.49940   10.71740  326.59678     3.3995   16.74420 1.3615e-01     0.2978     0.5500 0.0000e+00
        741 109.440265    0.05137     3.0820    184.920     64.614  52105.084    32.0551     3.4155     64.000     3.4195    25.4990     8.0316    11.4778    107.132    349.770    358.688   -0.00098    7.49685   10.71374  326.48416     3.4116   16.73882 1.2424e-01     0.3032     0.5452 0.0000e+00
        746 109.440281    0.05174     3.1041    186.244     65.624  52119.823    32.0722     3.4448     65.000     3.4572    25.5100     8.0457    11.4981    107.411    350.382    359.320   -0.00007    7.49057   10.70477  326.20724     3.4409   16.72558 1.1371e-01     0.2906     0.5610 0.0000e+00
        756 109.440309    0.05242     3.1455    188.732     66.633  52101.572    32.0734     3.5000     66.000     3.5028    25.5060     8.0352    11.4831    107.418    349.928    358.853   -0.00008    7.48033   10.69014  325.76261     3.4960   16.70444 1.0457e-01     0.2650     0.5473 0.0000e+00
        764 109.440332    0.05296     3.1774    190.646     67.643  52098.807    32.0754     3.5171     67.000     3.5190    25.5060     8.0006    11.4336    107.001    348.420    357.307   -0.00123    7.47709   10.68551  325.62158     3.5130   16.69773 9.6023e-02     0.2703     0.5514 0.0000e+00
        768 109.440345    0.05327     3.1965    191.790     68.653  52099.698    32.0794     3.5323     68.000     3.5341    25.5078     7.9993    11.4318    107.027    348.362    357.248   -0.00100    7.47410   10.68124  325.49083     3.5282   16.69150 8.8799e-02     0.2917     0.5593 0.0000e+00
        780 109.440378    0.05408     3.2445    194.673     69.663  52093.617    32.0794     3.5505     69.000     3.5502    25.5061     7.9821    11.4072    106.845    347.616    356.482   -0.00107    7.47075   10.67645  325.34547     3.5463   16.68458 8.2440e-02     0.2770     0.5302 0.0000e+00
        783 109.440388    0.05432     3.2589    195.533     70.672  52094.050    32.0809     3.5575     70.000     3.5562    25.5068     7.9771    11.4001    106.798    347.399    356.260   -0.00110    7.46939   10.67450  325.28584     3.5533   16.68175 7.6644e-02     0.2840     0.5266 0.0000e+00
        793 109.440416    0.05500     3.2998    197.989     71.683  52091.805    32.0806     3.5641     71.000     3.5609    25.5059     7.9762    11.3988    106.802    347.358    356.217   -0.00079    7.46820   10.67281  325.23458     3.5598   16.67931 7.1808e-02     0.2728     0.5271 0.0000e+00
        799 109.440435    0.05544     3.3265    199.587     72.692  52091.474    32.0805     3.5668     72.000     3.5626    25.5056     7.9723    11.3932    106.757    347.187    356.042   -0.00079    7.46772   10.67212  325.21368     3.5623   16.67832 6.7202e-02     0.2661     0.5344 0.0000e+00
        806 109.440455    0.05591     3.3549    201.295     73.702  52092.004    32.0805     3.5674     73.000     3.5630    25.5055     7.9727    11.3937    106.763    347.204    356.060   -0.00060    7.46760   10.67194  325.20825     3.5629   16.67806 6.3315e-02     0.2550     0.5398 0.0000e+00
        815 109.440479    0.05650     3.3901    203.405     74.712  52092.939    32.0807     3.5677     74.000     3.5633    25.5057     7.9692    11.3888    106.718    347.053    355.905   -0.00058    7.46754   10.67186  325.20585     3.5631   16.67795 5.9872e-02     0.2541     0.5472 0.0000e+00
        822 109.440499    0.05698     3.4188    205.130     75.722  52094.707    32.0816     3.5685     75.000     3.5642    25.5063     7.9711    11.3915    106.746    347.136    355.990   -0.00040    7.46735   10.67159  325.19720     3.5639   16.67753 5.6721e-02     0.2595     0.5739 0.0000e+00
        828 109.440519    0.05746     3.4475    206.850     76.731  52096.047    32.0823     3.5698     76.000     3.5654    25.5067     7.9765    11.3992    106.822    347.370    356.231   -0.00014    7.46708   10.67120  325.18538     3.5651   16.67697 5.3928e-02     0.2673     0.5711 0.0000e+00
        835 109.440538    0.05793     3.4757    208.541     77.741  52098.328    32.0837     3.5713     77.000     3.5677    25.5077     7.9758    11.3982    106.818    347.340    356.199   -0.00014    7.46672   10.67068  325.16909     3.5666   16.67619 5.1280e-02     0.2755     0.5554 0.0000e+00
        840 109.440554    0.05829     3.4975    209.851     78.751  52100.920    32.0860     3.5756     78.000     3.5726    25.5092     7.9726    11.3936    106.788    347.198    356.055   -0.00025    7.46581   10.66940  325.12956     3.5708   16.67430 4.9137e-02     0.2603     0.5464 0.0000e+00
        851 109.440584    0.05901     3.5404    212.423     79.761  52102.782    32.0881     3.5810     79.000     3.5788    25.5104     7.9760    11.3985    106.850    347.348    356.209   -0.00007    7.46473   10.66784  325.08173     3.5761   16.67201 4.7314e-02     0.2579     0.5201 0.0000e+00
        855 109.440597    0.05932     3.5593    213.560     80.771  52110.759    32.0954     3.5905     80.000     3.5923    25.5154     7.9761    11.3986    106.881    347.349    356.212   -0.00003    7.46261   10.66481  324.98799     3.5856   16.66753 4.5640e-02     0.2585     0.5351 0.0000e+00
        860 109.440611    0.05967     3.5801    214.809     81.781  52107.500    32.0969     3.6068     81.000     3.6068    25.5150     7.9813    11.4061    106.994    347.577    356.445    0.00027    7.45957   10.66047  324.85572     3.6017   16.66124 4.4118e-02     0.2638     0.5375 0.0000e+00
        867 109.440632    0.06016     3.6093    216.557     82.790  52103.065    32.0969     3.6210     82.000     3.6191    25.5137     7.9748    11.3969    106.945    347.296    356.157    0.00005    7.45695   10.65673  324.74208     3.6159   16.65583 4.2798e-02     0.2598     0.5467 0.0000e+00
        873 109.440648    0.06057     3.6340    218.038     83.801  52102.299    32.0984     3.6310     83.000     3.6284    25.5140     7.9586    11.3737    106.755    346.590    355.433   -0.00050    7.45506   10.65402  324.65953     3.6258   16.65190 4.1517e-02     0.2523     0.5526 0.0000e+00
        878 109.440663    0.06090     3.6542    219.255     84.810  52100.201    32.0977     3.6359     84.000     3.6320    25.5130     7.9569    11.3711    106.743    346.511    355.353   -0.00048    7.45418   10.65278  324.62189     3.6307   16.65012 4.0472e-02     0.2319     0.5342 0.0000e+00
        885 109.440682    0.06136     3.6815    220.889     85.820  52098.738    32.0970     3.6391     85.000     3.6340    25.5122     7.9523    11.3646    106.690    346.314    355.150   -0.00054    7.45365   10.65200  324.59853     3.6338   16.64901 3.9561e-02     0.2462     0.5284 0.0000e+00
        890 109.440697    0.06174     3.7044    222.263     86.830  52100.907    32.0982     3.6403     86.000     3.6357    25.5130     7.9436    11.3522    106.577    345.935    354.762   -0.00076    7.45336   10.65161  324.58612     3.6349   16.64841 3.8748e-02     0.2491     0.5222 0.0000e+00
        894 109.440710    0.06202     3.7216    223.295     87.840  52100.002    32.0974     3.6414     87.000     3.6361    25.5123     7.9437    11.3524    106.581    345.941    354.767   -0.00068    7.45320   10.65136  324.57894     3.6360   16.64807 3.8142e-02     0.2485     0.5206 0.0000e+00
        901 109.440729    0.06250     3.7500    224.998     88.850  52100.828    32.0976     3.6418     88.000     3.6364    25.5124     7.9439    11.3526    106.585    345.948    354.773   -0.00054    7.45311   10.65124  324.57526     3.6364   16.64790 3.7912e-02     0.2401     0.5188 0.0000e+00
        907 109.440746    0.06291     3.7746    226.478     89.860  52102.066    32.0980     3.6421     89.000     3.6369    25.5127     7.9489    11.3598    106.653    346.166    354.997   -0.00027    7.45303   10.65112  324.57163     3.6366   16.64773 3.7912e-02     0.2429     0.5167 0.0000e+00
        910 109.440756    0.06314     3.7884    227.307     90.870  52102.927    32.0982     3.6426     90.000     3.6375    25.5128     7.9479    11.3584    106.642    346.125    354.956   -0.00030    7.45293   10.65098  324.56717     3.6371   16.64751 3.7912e-02     0.2522     0.5194 0.0000e+00
        916 109.440773    0.06356     3.8138    228.829     91.879  52105.289    32.0998     3.6447     91.000     3.6405    25.5139     7.9501    11.3615    106.678    346.220    355.053   -0.00018    7.45248   10.65033  324.54705     3.6390   16.64655 3.7912e-02     0.2351     0.5293 0.0000e+00
        924 109.440797    0.06412     3.8470    230.821     92.889  52109.449    32.1043     3.6535     92.000     3.6510    25.5167     7.9480    11.3585    106.676    346.128    354.960   -0.00017    7.45064   10.64771  324.46627     3.6478   16.64269 3.7912e-02     0.2385     0.5552 0.0000e+00
        929 109.440809    0.06442     3.8649    231.896     93.899  52107.399    32.1039     3.6596     93.000     3.6557    25.5159     7.9510    11.3627    106.731    346.255    355.090   -0.00002    7.44953   10.64613  324.41834     3.6538   16.64041 3.7912e-02     0.2353     0.5440 0.0000e+00
        932 109.440820    0.06467     3.8802    232.813     94.909  52107.979    32.1047     3.6630     94.000     3.6589    25.5161     7.9493    11.3603    106.717    346.179    355.012   -0.00010    7.44889   10.64521  324.39018     3.6571   16.63907 3.7912e-02     0.2505     0.5270 0.0000e+00
        937 109.440835    0.06503     3.9019    234.112     95.919  52107.607    32.1050     3.6672     95.000     3.6624    25.5159     7.9458    11.3554    106.682    346.031    354.860   -0.00020    7.44811   10.64409  324.35618     3.6612   16.63745 3.7912e-02     0.2538     0.5194 0.0000e+00
        944 109.440853    0.06548     3.9284    235.703     96.929  52107.294    32.1050     3.6700     96.000     3.6647    25.5157     7.9415    11.3492    106.631    345.842    354.666   -0.00032    7.44758   10.64334  324.33338     3.6641   16.63637 3.7912e-02     0.2375     0.5040 0.0000e+00
        948 109.440865    0.06575     3.9453    236.718     97.939  52109.238    32.1061     3.6714     97.000     3.6667    25.5164     7.9382    11.3444    106.592    345.698    354.519   -0.00041    7.44728   10.64291  324.31999     3.6654   16.63573 3.7912e-02     0.2414     0.5200 0.0000e+00
        951 109.440875    0.06600     3.9600    237.601     98.948  52112.253    32.1084     3.6744     98.000     3.6705    25.5180     7.9359    11.3412    106.571    345.600    354.418   -0.00047    7.44662   10.64196  324.29083     3.6683   16.63433 3.7912e-02     0.2393     0.5521 0.0000e+00
        955 109.440886    0.06626     3.9757    238.540     99.958  52113.307    32.1097     3.6787     99.000     3.6749    25.5187     7.9401    11.3472    106.639    345.781    354.605   -0.00025    7.44577   10.64075  324.25365     3.6725   16.63256 3.7912e-02     0.2380     0.5655 0.0000e+00
        959 109.440898    0.06654     3.9925    239.553    100.969  52116.375    32.1126     3.6841    100.000     3.6809    25.5205     7.9440    11.3528    106.708    345.951    354.780   -0.00005    7.44464   10.63914  324.20392     3.6778   16.63019 3.7912e-02     0.2246     0.5626 0.0000e+00
        964 109.440910    0.06685     4.0106    240.638    101.979  52114.828    32.1126     3.6903    101.000     3.6855    25.5199     7.9430    11.3513    106.710    345.906    354.734   -0.00006    7.44351   10.63751  324.15445     3.6839   16.62783 3.7912e-02     0.2178     0.5402 0.0000e+00
        968 109.440924    0.06718     4.0308    241.846    102.988  52113.494    32.1119     3.6931    102.000     3.6874    25.5191     7.9397    11.3466    106.673    345.764    354.588   -0.00019    7.44303   10.63683  324.13397     3.6867   16.62686 3.7912e-02     0.2140     0.5303 0.0000e+00
        972 109.440935    0.06744     4.0465    242.791    103.998  52116.641    32.1139     3.6948    103.000     3.6900    25.5206     7.9387    11.3452    106.665    345.718    354.541   -0.00022    7.44262   10.63625  324.11598     3.6883   16.62600 3.7912e-02     0.2166     0.5327 0.0000e+00
        975 109.440943    0.06764     4.0583    243.498    105.008  52117.787    32.1149     3.6974    104.000     3.6925    25.5211     7.9365    11.3421    106.644    345.625    354.446   -0.00029    7.44210   10.63551  324.09309     3.6909   16.62490 3.7912e-02     0.2147     0.5373 0.0000e+00
        978 109.440952    0.06784     4.0702    244.214    106.018  52117.028    32.1144     3.6997    105.000     3.6939    25.5205     7.9339    11.3384    106.614    345.511    354.329   -0.00038    7.44171   10.63495  324.07626     3.6931   16.62411 3.7912e-02     0.2148     0.5480 0.0000e+00
        982 109.440964    0.06813     4.0880    245.281    107.028  52116.545    32.1139     3.7009    106.000     3.6944    25.5200     7.9298    11.3325    106.562    345.332    354.145   -0.00049    7.44151   10.63466  324.06767     3.6942   16.62370 3.7912e-02     0.2209     0.5427 0.0000e+00
        989 109.440983    0.06858     4.1149    246.894    108.038  52117.290    32.1140     3.7015    107.000     3.6949    25.5200     7.9265    11.3278    106.520    345.189    353.998   -0.00052    7.44140   10.63450  324.06287     3.6947   16.62347 3.7912e-02     0.2307     0.5417 0.0000e+00
