CTD-processing/allCTD/CNV/2013_01-04_t9_s02_cast002_5028.cnv
* Sea-Bird SBE19plus Data File:
* FileName = C:\Documents and Settings\kris.holderied.local\My Documents\2012-2013-CTD-DATA-new-files\2013-01-04-CTD-HomerSpitLine\2013-01-04-HomerSpitLine-cast002.hex
* Software Version 1.54
* Temperature SN =  5028
* Conductivity SN =  5028
* System UpLoad Time = Feb 11 2013 18:48:26
** Kachemak Bay Spit Line South to North
** Date:  4 Jan 2013
** Station:  9-02
** Start time (AKDT-24 hr):  16:39
** Depth (m):  82
** Comment: After wave buoy rescue.
** Comment: CTD time set wrong by 2 hours
# nquan = 27
# nvalues = 71                          
# units = specified
# name 0 = scan: Scan Count
# name 1 = timeJ: Julian Days
# name 2 = timeH: Time, Elapsed [hours]
# name 3 = timeM: Time, Elapsed [minutes]
# name 4 = timeS: Time, Elapsed [seconds]
# name 5 = prdM: Pressure, Strain Gauge [db]
# name 6 = specc: Specific Conductance [uS/cm]
# name 7 = sal00: Salinity, Practical [PSU]
# name 8 = tv290C: Temperature [ITS-90, deg C]
# name 9 = depSM: Depth [salt water, m], lat = 59.00
# name 10 = potemp090C: Potential Temperature [ITS-90, deg C]
# name 11 = sigma-é00: Density [sigma-theta, kg/m^3]
# name 12 = sbeox0ML/L: Oxygen, SBE 43 [ml/l]
# name 13 = sbeox0Mg/L: Oxygen, SBE 43 [mg/l]
# name 14 = sbeox0PS: Oxygen, SBE 43 [% saturation]
# name 15 = sbox0Mm/Kg: Oxygen, SBE 43 [umol/kg]
# name 16 = sbeox0Mm/L: Oxygen, SBE 43 [umol/l]
# name 17 = sbox0dV/dT: Oxygen, SBE 43 [dov/dt]
# name 18 = oxsolML/L: Oxygen Saturation, Garcia & Gordon [ml/l]
# name 19 = oxsolMg/L: Oxygen Saturation, Garcia & Gordon [mg/l]
# name 20 = oxsolMm/Kg: Oxygen Saturation, Garcia & Gordon [umol/kg]
# name 21 = potemp090C: Potential Temperature [ITS-90, deg C]
# name 22 = n2satMg/L: Nitrogen Saturation [mg/l]
# name 23 = par: PAR/Irradiance, Biospherical/Licor
# name 24 = flECO-AFL: Fluorescence, WET Labs ECO-AFL/FL [mg/m^3]
# name 25 = turbWETntu0: Turbidity, WET Labs ECO [NTU]
# name 26 = flag: flag
# span 0 =        417,        930       
# span 1 =   4.777383,   4.778868       
# span 2 =    0.02887,    0.06449       
# span 3 =     1.7323,     3.8695       
# span 4 =    103.938,    232.173       
# span 5 =      1.010,     71.683       
# span 6 =  50380.406,  51147.043       
# span 7 =    30.8103,    31.6777       
# span 8 =     2.9878,     4.5697       
# span 9 =      1.000,     71.000       
# span 10 =     3.0002,     4.5669      
# span 11 =    24.5430,    25.0881      
# span 12 =     7.0514,     7.3880      
# span 13 =    10.0772,    10.5582      
# span 14 =     93.048,    101.064      
# span 15 =    307.303,    321.879      
# span 16 =    314.916,    329.949      
# span 17 =   -0.00110,    0.00461      
# span 18 =    7.30747,    7.64109      
# span 19 =   10.44310,   10.91988      
# span 20 =  318.36431,  333.07620      
# span 21 =     2.9878,     4.5648      
# span 22 =   16.35418,   17.05703      
# span 23 = 3.7912e-02, 2.6372e+00      
# span 24 =     0.1427,     0.5913      
# span 25 =     0.7865,     1.5248      
# span 26 = 0.0000e+00, 0.0000e+00      
# interval = meters: 1                  
# start_time = Jan 04 2013 18:37:42 [Instrument's time stamp, header]
# bad_flag = -9.990e-29
*END*
        417   4.777383    0.02887     1.7323    103.938      1.010  50380.406    30.8103     2.9878      1.000     3.0002    24.5430     7.1099    10.1608     93.048    309.923    317.529    0.00175    7.64109   10.91988  333.07620     2.9878   17.05703 2.6372e+00     0.2248     1.4570 0.0000e+00
        426   4.777410    0.02951     1.7705    106.232      2.019  50406.664    30.8486     3.0704      2.000     3.0867    24.5668     7.1393    10.2027     93.649    311.194    318.839    0.00268    7.62342   10.89463  332.29846     3.0703   17.01994 1.3067e+00     0.2264     1.5248 0.0000e+00
        436   4.777439    0.03020     1.8119    108.715      3.028  50408.406    30.8656     3.1347      3.000     3.1455    24.5751     7.1342    10.1955     93.743    310.971    318.613    0.00199    7.61037   10.87598  331.72684     3.1346   16.99272 6.8558e-01     0.2200     1.4249 0.0000e+00
        445   4.777465    0.03082     1.8493    110.957      4.038  50469.492    30.9239     3.2043      4.000     3.2375    24.6158     7.1167    10.1704     93.712    310.195    317.831    0.00133    7.59425   10.85294  331.01112     3.2041   16.95848 5.2519e-01     0.2156     1.4190 0.0000e+00
        454   4.777493    0.03149     1.8893    113.356      5.047  50532.266    31.0144     3.3985      5.000     3.4228    24.6713     7.1340    10.1951     94.450    310.932    318.602    0.00285    7.55320   10.79427  329.20400     3.3982   16.87226 3.9649e-01     0.2147     1.3807 0.0000e+00
        464   4.777521    0.03216     1.9298    115.789      6.057  50452.128    30.9557     3.3826      6.000     3.3730    24.6259     7.0530    10.0795     93.305    307.417    314.988   -0.00110    7.55918   10.80282  329.47926     3.3823   16.88558 3.0489e-01     0.1981     1.3079 0.0000e+00
        474   4.777548    0.03282     1.9693    118.157      7.066  50588.182    31.0716     3.4808      7.000     3.5060    24.7097     7.0690    10.1024     93.818    308.091    315.704    0.00067    7.53493   10.76817  328.39551     3.4804   16.83361 2.5961e-01     0.2033     1.3477 0.0000e+00
        483   4.777575    0.03347     2.0083    120.499      8.076  50604.665    31.1008     3.5563      8.000     3.5660    24.7264     7.0719    10.1064     94.048    308.209    315.830    0.00095    7.51943   10.74602  327.71460     3.5558   16.80113 2.5240e-01     0.2241     1.2949 0.0000e+00
        492   4.777602    0.03411     2.0464    122.784      9.085  50684.028    31.1683     3.6141      9.000     3.6425    24.7749     7.0514    10.0772     93.953    307.303    314.916    0.00041    7.50531   10.72584  327.08370     3.6136   16.77088 1.7398e-01     0.1976     1.3071 0.0000e+00
        500   4.777624    0.03464     2.0788    124.729     10.094  50778.078    31.2648     3.7502     10.000     3.7753    24.8393     7.0844    10.1243     94.770    308.720    316.388    0.00248    7.47538   10.68307  325.75898     3.7496   16.70752 1.4788e-01     0.1877     1.2472 0.0000e+00
        508   4.777647    0.03521     2.1123    126.736     11.104  50783.011    31.2830     3.8141     11.000     3.8195    24.8480     7.0726    10.1074     94.771    308.203    315.861    0.00178    7.46276   10.66503  325.20615     3.8134   16.68117 1.2668e-01     0.1903     1.1467 0.0000e+00
        515   4.777669    0.03572     2.1431    128.587     12.114  50800.320    31.2995     3.8358     12.000     3.8415    24.8591     7.0679    10.1007     94.770    307.996    315.652    0.00128    7.45796   10.65818  324.99362     3.8350   16.67100 1.0915e-01     0.1871     1.1125 0.0000e+00
        523   4.777691    0.03625     2.1748    130.486     13.123  50846.414    31.3393     3.8730     13.000     3.8904    24.8872     7.0935    10.1373     95.225    309.101    316.794    0.00211    7.44916   10.64560  324.60129     3.8722   16.65219 9.4511e-02     0.1890     1.0789 0.0000e+00
        530   4.777711    0.03674     2.2045    132.270     14.133  50903.619    31.3968     3.9531     14.000     3.9818    24.9255     7.1328    10.1935     95.978    310.803    318.550    0.00355    7.43172   10.62067  323.82895     3.9522   16.61523 8.3214e-02     0.1718     1.0411 0.0000e+00
        537   4.777732    0.03723     2.2341    134.048     15.142  50901.868    31.4173     4.0465     15.000     4.0578    24.9329     7.1696    10.2462     96.708    312.409    320.198    0.00461    7.41376   10.59500  323.04416     4.0456   16.57783 7.4349e-02     0.1820     1.0181 0.0000e+00
        544   4.777753    0.03774     2.2643    135.856     16.152  50883.305    31.4095     4.0694     16.000     4.0688    24.9245     7.1592    10.2311     96.614    311.953    319.729    0.00312    7.41002   10.58967  322.88408     4.0683   16.57025 6.7090e-02     0.1672     1.0242 0.0000e+00
        551   4.777771    0.03817     2.2901    137.404     17.160  50883.392    31.4092     4.0700     17.000     4.0687    24.9242     7.1641    10.2382     96.682    312.167    319.947    0.00252    7.40993   10.58952  322.87970     4.0689   16.57004 6.1576e-02     0.1777     0.9991 0.0000e+00
        557   4.777790    0.03863     2.3181    139.083     18.170  50883.966    31.4088     4.0688     18.000     4.0673    24.9240     7.1861    10.2697     96.977    313.128    320.932    0.00265    7.41017   10.58987  322.89032     4.0676   16.57055 5.6716e-02     0.1614     1.0051 0.0000e+00
        563   4.777807    0.03904     2.3425    140.552     19.180  50884.952    31.4088     4.0679     19.000     4.0664    24.9240     7.2060    10.2981     97.242    313.993    321.819    0.00274    7.41033   10.59010  322.89738     4.0667   16.57089 5.2800e-02     0.1667     0.9975 0.0000e+00
        570   4.777826    0.03948     2.3691    142.148     20.189  50889.193    31.4113     4.0686     20.000     4.0685    24.9260     7.2365    10.3417     97.658    315.322    323.182    0.00317    7.41008   10.58974  322.88577     4.0673   16.57032 4.9532e-02     0.1596     0.9925 0.0000e+00
        576   4.777845    0.03994     2.3967    143.802     21.199  50891.880    31.4138     4.0736     21.000     4.0739    24.9276     7.2604    10.3759     97.995    316.365    324.251    0.00326    7.40903   10.58825  322.83983     4.0723   16.56813 4.6816e-02     0.1618     1.0138 0.0000e+00
        582   4.777862    0.04036     2.4214    145.284     22.209  50895.646    31.4171     4.0787     22.000     4.0797    24.9297     7.2763    10.3985     98.223    317.054    324.959    0.00313    7.40797   10.58673  322.79285     4.0772   16.56588 4.4711e-02     0.1657     1.0063 0.0000e+00
        589   4.777882    0.04082     2.4493    146.957     23.218  50900.888    31.4226     4.0890     23.000     4.0905    24.9330     7.2940    10.4239     98.490    317.826    325.750    0.00304    7.40582   10.58366  322.69824     4.0875   16.56136 4.2933e-02     0.1632     0.9806 0.0000e+00
        595   4.777900    0.04128     2.4766    148.594     24.228  50901.808    31.4246     4.0971     24.000     4.0979    24.9338     7.3021    10.4355     98.621    318.180    326.113    0.00261    7.40426   10.58142  322.62975     4.0956   16.55810 4.1436e-02     0.1581     0.9936 0.0000e+00
        602   4.777920    0.04175     2.5049    150.291     25.237  50912.090    31.4346     4.1122     25.000     4.1151    24.9404     7.3162    10.4557     98.855    318.793    326.744    0.00255    7.40104   10.57683  322.48769     4.1106   16.55130 4.0188e-02     0.1507     0.9816 0.0000e+00
        609   4.777941    0.04225     2.5351    152.106     26.247  50906.362    31.4319     4.1190     26.000     4.1193    24.9375     7.3290    10.4739     99.042    319.351    327.314    0.00233    7.39996   10.57529  322.44143     4.1173   16.54911 3.9197e-02     0.1697     1.0022 0.0000e+00
        617   4.777963    0.04279     2.5670    154.022     27.257  50921.864    31.4455     4.1340     27.000     4.1400    24.9468     7.3392    10.4885     99.225    319.792    327.770    0.00213    7.39657   10.57044  322.29083     4.1323   16.54190 3.8388e-02     0.1826     1.0154 0.0000e+00
        625   4.777985    0.04331     2.5987    155.921     28.266  50942.133    31.4676     4.1720     28.000     4.1819    24.9608     7.3560    10.5123     99.558    320.516    328.516    0.00240    7.38863   10.55909  321.94037     4.1702   16.52514 3.7955e-02     0.1939     0.9615 0.0000e+00
        633   4.778008    0.04386     2.6313    157.877     29.276  50934.456    31.4706     4.2094     29.000     4.2094    24.9595     7.3646    10.5249     99.768    320.896    328.906    0.00227    7.38177   10.54928  321.64176     4.2075   16.51093 3.7913e-02     0.1736     0.9440 0.0000e+00
        640   4.778030    0.04439     2.6636    159.817     30.285  50936.328    31.4708     4.2068     30.000     4.2091    24.9599     7.3494    10.5030     99.555    320.230    328.223    0.00103    7.38222   10.54993  321.66146     4.2049   16.51186 3.7912e-02     0.1697     0.9680 0.0000e+00
        648   4.778053    0.04493     2.6958    161.751     31.295  50977.263    31.5080     4.2488     31.000     4.2629    24.9853     7.3650    10.5254     99.894    320.905    328.923    0.00162    7.37287   10.53656  321.24575     4.2467   16.49194 3.7912e-02     0.1619     0.9394 0.0000e+00
        656   4.778076    0.04549     2.7292    163.752     32.304  50961.957    31.5059     4.2870     32.000     4.2884    24.9799     7.3771    10.5426    100.149    321.431    329.460    0.00180    7.36612   10.52693  320.95376     4.2848   16.47806 3.7912e-02     0.1630     0.9145 0.0000e+00
        664   4.778098    0.04602     2.7613    165.678     33.314  50976.316    31.5187     4.3019     33.000     4.3044    24.9886     7.3639    10.5238    100.015    320.855    328.872    0.00091    7.36282   10.52221  320.80719     4.2997   16.47104 3.7912e-02     0.1797     0.9314 0.0000e+00
        672   4.778121    0.04657     2.7940    167.638     34.323  50986.922    31.5301     4.3221     34.000     4.3255    24.9956     7.3668    10.5279    100.110    320.977    329.000    0.00087    7.35865   10.51625  320.62317     4.3199   16.46224 3.7912e-02     0.1748     0.9188 0.0000e+00
        679   4.778141    0.04705     2.8231    169.385     35.333  50990.349    31.5362     4.3407     35.000     4.3433    24.9987     7.3647    10.5249    100.132    320.886    328.908    0.00068    7.35503   10.51107  320.46445     4.3384   16.45466 3.7912e-02     0.1721     0.9051 0.0000e+00
        686   4.778163    0.04757     2.8540    171.241     36.343  50993.842    31.5422     4.3584     36.000     4.3602    25.0017     7.3694    10.5317    100.243    321.092    329.120    0.00076    7.35159   10.50616  320.31383     4.3560   16.44747 3.7912e-02     0.1715     0.8835 0.0000e+00
        693   4.778182    0.04804     2.8826    172.958     37.353  50994.094    31.5445     4.3701     37.000     4.3703    25.0024     7.3787    10.5449    100.398    321.493    329.531    0.00095    7.34938   10.50300  320.21713     4.3677   16.44286 3.7912e-02     0.1655     0.8797 0.0000e+00
        701   4.778206    0.04861     2.9165    174.987     38.363  51032.230    31.5746     4.3898     38.000     4.4047    25.0243     7.3720    10.5352    100.375    321.193    329.231    0.00057    7.34438   10.49586  319.99269     4.3873   16.43206 3.7912e-02     0.1624     0.8633 0.0000e+00
        707   4.778225    0.04906     2.9436    176.616     39.372  51056.037    31.6051     4.4542     39.000     4.4651    25.0421     7.3870    10.5567    100.758    321.843    329.903    0.00144    7.33144   10.47736  319.42315     4.4516   16.40485 3.7912e-02     0.1793     0.8080 0.0000e+00
        715   4.778247    0.04958     2.9752    178.512     40.382  51048.565    31.6067     4.4856     40.000     4.4863    25.0401     7.3776    10.5433    100.706    321.433    329.482    0.00089    7.32581   10.46932  319.17843     4.4829   16.39320 3.7912e-02     0.1792     0.7895 0.0000e+00
        722   4.778268    0.05009     3.0053    180.315     41.391  51063.218    31.6195     4.4997     41.000     4.5007    25.0488     7.3632    10.5228    100.554    320.807    328.842    0.00022    7.32268   10.46484  319.03917     4.4970   16.38652 3.7912e-02     0.1849     0.7896 0.0000e+00
        730   4.778289    0.05059     3.0354    182.127     42.401  51067.079    31.6241     4.5105     42.000     4.5090    25.0514     7.3587    10.5163    100.521    320.607    328.639    0.00004    7.32054   10.46178  318.94519     4.5077   16.38203 3.7912e-02     0.1622     0.8196 0.0000e+00
        737   4.778309    0.05108     3.0652    183.910     43.410  51068.975    31.6256     4.5139     43.000     4.5115    25.0523     7.3543    10.5101    100.470    320.417    328.444   -0.00014    7.31988   10.46083  318.91605     4.5109   16.38064 3.7912e-02     0.1539     0.7942 0.0000e+00
        744   4.778330    0.05160     3.0956    185.736     44.420  51072.822    31.6282     4.5159     44.000     4.5133    25.0541     7.3627    10.5220    100.592    320.782    328.819    0.00019    7.31939   10.46014  318.89439     4.5129   16.37960 3.7912e-02     0.1729     0.7877 0.0000e+00
        751   4.778350    0.05208     3.1247    187.482     45.430  51076.135    31.6304     4.5177     45.000     4.5151    25.0557     7.3636    10.5233    100.610    320.820    328.858    0.00016    7.31897   10.45954  318.87556     4.5146   16.37869 3.7912e-02     0.1595     0.7865 0.0000e+00
        758   4.778372    0.05260     3.1557    189.340     46.440  51076.216    31.6301     4.5187     46.000     4.5152    25.0554     7.3647    10.5249    100.628    320.870    328.910    0.00013    7.31879   10.45928  318.86786     4.5156   16.37833 3.7912e-02     0.1454     0.8062 0.0000e+00
        765   4.778392    0.05308     3.1846    191.073     47.449  51075.027    31.6284     4.5168     47.000     4.5131    25.0542     7.3582    10.5156    100.532    320.583    328.615   -0.00020    7.31922   10.45990  318.88696     4.5136   16.37924 3.7912e-02     0.1427     0.8012 0.0000e+00
        773   4.778414    0.05360     3.2161    192.965     48.458  51080.109    31.6313     4.5167     48.000     4.5140    25.0565     7.3629    10.5223    100.598    320.788    328.827    0.00001    7.31910   10.45972  318.88076     4.5134   16.37894 3.7912e-02     0.1489     0.8098 0.0000e+00
        779   4.778431    0.05402     3.2412    194.475     49.469  51081.585    31.6321     4.5178     49.000     4.5145    25.0571     7.3690    10.5311    100.686    321.057    329.102    0.00020    7.31886   10.45939  318.87047     4.5145   16.37844 3.7912e-02     0.1509     0.8480 0.0000e+00
        786   4.778452    0.05451     3.2705    196.227     50.478  51084.598    31.6337     4.5182     50.000     4.5150    25.0584     7.3790    10.5453    100.823    321.490    329.545    0.00050    7.31872   10.45918  318.86380     4.5147   16.37812 3.7912e-02     0.1661     0.8594 0.0000e+00
        793   4.778471    0.05497     3.2980    197.877     51.488  51090.810    31.6379     4.5198     51.000     4.5167    25.0614     7.3717    10.5348    100.730    321.169    329.217    0.00009    7.31823   10.45847  318.84130     4.5163   16.37703 3.7912e-02     0.2029     0.8706 0.0000e+00
        799   4.778491    0.05545     3.3267    199.601     52.497  51091.812    31.6382     4.5204     52.000     4.5166    25.0616     7.3689    10.5309    100.694    321.048    329.094   -0.00007    7.31810   10.45830  318.83598     4.5168   16.37678 3.7912e-02     0.4564     0.8683 0.0000e+00
        806   4.778511    0.05592     3.3555    201.328     53.507  51094.121    31.6393     4.5205     53.000     4.5172    25.0625     7.3733    10.5371    100.755    321.239    329.290    0.00007    7.31804   10.45821  318.83286     4.5169   16.37663 3.7912e-02     0.5397     0.9008 0.0000e+00
