CTD-processing/allCTD/CNV/2013_07-05_t9andtutka_tutkaa_cast214_5028.cnv
* Sea-Bird SBE19plus Data File:
* FileName = C:\Documents and Settings\kbayadmin\My Documents\CTD data\2013-07-05 Kachemak Bay Homer Spit Line and Tutka Bay\2013-07-05 Kachemak Bay Homer Spit Line and Tutka Bay cast214.hex
* Software Version 1.59
* Temperature SN =  5028
* Conductivity SN =  5028
* System UpLoad Time = Jul 06 2013 12:02:36
** Kachemak Bay Homer Spit Line and Tutka Bay
** 2013-07-05
** Station:Tutka A
** N':59 28.877
** W':-151 27.648
** Start Time:1707
** Depth(ft):180
# nquan = 27
# nvalues = 52                          
# units = specified
# name 0 = scan: Scan Count
# name 1 = timeJ: Julian Days
# name 2 = timeH: Time, Elapsed [hours]
# name 3 = timeM: Time, Elapsed [minutes]
# name 4 = timeS: Time, Elapsed [seconds]
# name 5 = prdM: Pressure, Strain Gauge [db]
# name 6 = specc: Specific Conductance [uS/cm]
# name 7 = sal00: Salinity, Practical [PSU]
# name 8 = tv290C: Temperature [ITS-90, deg C]
# name 9 = depSM: Depth [salt water, m], lat = 59.00
# name 10 = potemp090C: Potential Temperature [ITS-90, deg C]
# name 11 = sigma-é00: Density [sigma-theta, kg/m^3]
# name 12 = sbeox0ML/L: Oxygen, SBE 43 [ml/l]
# name 13 = sbeox0Mg/L: Oxygen, SBE 43 [mg/l]
# name 14 = sbeox0PS: Oxygen, SBE 43 [% saturation]
# name 15 = sbox0Mm/Kg: Oxygen, SBE 43 [umol/kg]
# name 16 = sbeox0Mm/L: Oxygen, SBE 43 [umol/l]
# name 17 = sbox0dV/dT: Oxygen, SBE 43 [dov/dt]
# name 18 = oxsolML/L: Oxygen Saturation, Garcia & Gordon [ml/l]
# name 19 = oxsolMg/L: Oxygen Saturation, Garcia & Gordon [mg/l]
# name 20 = oxsolMm/Kg: Oxygen Saturation, Garcia & Gordon [umol/kg]
# name 21 = potemp090C: Potential Temperature [ITS-90, deg C]
# name 22 = n2satMg/L: Nitrogen Saturation [mg/l]
# name 23 = par: PAR/Irradiance, Biospherical/Licor
# name 24 = flECO-AFL: Fluorescence, WET Labs ECO-AFL/FL [mg/m^3]
# name 25 = turbWETntu0: Turbidity, WET Labs ECO [NTU]
# name 26 = flag: flag
# span 0 =        310,        561       
# span 1 = 186.714124, 186.714849       
# span 2 =    0.02148,    0.03886       
# span 3 =     1.2885,     2.3317       
# span 4 =     77.311,    139.908       
# span 5 =      1.010,     52.497       
# span 6 =  48329.991,  50542.336       
# span 7 =    30.4193,    31.6615       
# span 8 =     6.4660,     8.0898       
# span 9 =      1.000,     52.000       
# span 10 =     6.4626,     8.0814      
# span 11 =    23.6660,    24.8588      
# span 12 =     7.6256,    10.3641      
# span 13 =    10.8977,    14.8113      
# span 14 =    111.080,    152.520      
# span 15 =    332.371,    452.026      
# span 16 =    340.558,    462.860      
# span 17 =   -0.04486,    0.08942      
# span 18 =    6.78595,    6.98693      
# span 19 =    9.69779,    9.98502      
# span 20 =  296.05384,  304.46719      
# span 21 =     6.4617,     8.0897      
# span 22 =   15.29615,   15.69240      
# span 23 = 5.1718e-02, 2.4033e+01      
# span 24 =     0.2757,     1.8404      
# span 25 =     0.4376,     0.9587      
# span 26 = 0.0000e+00, 0.0000e+00      
# interval = meters: 1                  
# start_time = Jul 05 2013 17:07:03 [Instrument's time stamp, header]
# bad_flag = -9.990e-29
*END*
        310 186.714124    0.02148     1.2885     77.311      1.010  48329.991    30.4193     8.0898      1.000     8.0814    23.6660     9.2922    13.2794    136.936    405.397    414.988    0.06844    6.78595    9.69779  296.05384     8.0897   15.29615 2.4033e+01     1.8404     0.9587 0.0000e+00
        319 186.714148    0.02205     1.3234     79.406      2.018  48871.983    30.7717     7.9277      2.000     7.8628    23.9651    10.3641    14.8113    152.520    452.026    462.860    0.08942    6.79537    9.71126  296.37845     7.9275   15.31020 1.3533e+01     1.5896     0.7983 0.0000e+00
        325 186.714167    0.02250     1.3501     81.004      3.028  49447.586    31.1435     7.7422      3.000     7.7047    24.2827     7.9145    11.3105    116.270    345.089    353.460   -0.04486    6.80757    9.72870  296.81865     7.7419   15.32968 8.3828e+00     1.3665     0.6241 0.0000e+00
        331 186.714185    0.02295     1.3769     82.611      4.037  49599.065    31.2311     7.6323      4.000     7.6031    24.3666     8.0719    11.5355    118.335    351.914    360.489   -0.02734    6.82076    9.74755  297.36920     7.6320   15.35560 5.7311e+00     1.6069     0.5436 0.0000e+00
        338 186.714205    0.02341     1.4049     84.292      5.047  49730.549    31.3043     7.5227      5.000     7.4718    24.4391     8.1088    11.5882    118.645    353.498    362.137   -0.01816    6.83460    9.76733  297.95157     7.5222   15.38309 4.1779e+00     1.3528     0.5205 0.0000e+00
        345 186.714226    0.02392     1.4352     86.112      6.056  49940.491    31.4218     7.3520      6.000     7.3289    24.5546     7.9240    11.3242    115.578    345.405    353.886   -0.02185    6.85609    9.79803  298.85453     7.3515   15.42569 3.1931e+00     1.1050     0.4864 0.0000e+00
        354 186.714250    0.02449     1.4694     88.164      7.066  50038.815    31.4822     7.3068      7.000     7.3027    24.6082     7.6834    10.9803    111.994    334.898    343.139   -0.02523    6.86048    9.80431  299.03030     7.3061   15.43383 2.4712e+00     1.0269     0.4730 0.0000e+00
        360 186.714267    0.02492     1.4951     89.705      8.076  50085.360    31.5116     7.2913      8.000     7.2817    24.6334     7.6256    10.8977    111.134    332.371    340.558   -0.02147    6.86161    9.80592  299.07219     7.2905   15.43571 1.9492e+00     1.1155     0.4943 0.0000e+00
        365 186.714283    0.02529     1.5172     91.035      9.085  50134.541    31.5401     7.2602      9.000     7.2461    24.6600     7.6371    10.9142    111.243    332.865    341.073   -0.01625    6.86522    9.81108  299.22195     7.2594   15.44274 1.5812e+00     0.9461     0.4871 0.0000e+00
        370 186.714298    0.02565     1.5391     92.347     10.094  50178.278    31.5650     7.2305     10.000     7.2214    24.6835     7.6298    10.9038    111.080    332.541    340.749   -0.01313    6.86879    9.81619  299.37057     7.2295   15.44972 1.2968e+00     0.7385     0.4452 0.0000e+00
        375 186.714310    0.02594     1.5565     93.392     11.104  50196.303    31.5739     7.2119     11.000     7.1985    24.6930     7.6394    10.9175    111.178    332.954    341.176   -0.01055    6.87132    9.81981  299.47822     7.2109   15.45483 1.0784e+00     0.6880     0.4407 0.0000e+00
        379 186.714322    0.02622     1.5734     94.403     12.114  50214.581    31.5816     7.1855     12.000     7.1703    24.7026     7.6718    10.9638    111.587    334.362    342.622   -0.00739    6.87514    9.82526  299.64168     7.1845   15.46259 9.0943e-01     0.6067     0.4376 0.0000e+00
        383 186.714334    0.02653     1.5915     95.488     13.123  50234.265    31.5898     7.1563     13.000     7.1435    24.7130     7.6773    10.9716    111.598    334.597    342.866   -0.00595    6.87939    9.83133  299.82390     7.1551   15.47125 8.0858e-01     0.6258     0.4583 0.0000e+00
        387 186.714347    0.02683     1.6094     96.563     14.132  50252.251    31.5977     7.1316     14.000     7.1185    24.7224     7.6837    10.9808    111.634    334.875    343.155   -0.00485    6.88295    9.83641  299.97622     7.1304   15.47848 6.9832e-01     0.5980     0.4788 0.0000e+00
        393 186.714363    0.02722     1.6333     98.000     15.142  50281.721    31.6127     7.1029     15.000     7.0952    24.7381     7.7049    11.0110    111.878    335.792    344.099   -0.00295    6.88681    9.84194  300.14001     7.1016   15.48624 6.2596e-01     0.5729     0.4851 0.0000e+00
        399 186.714382    0.02766     1.6594     99.566     16.152  50306.895    31.6269     7.0865     16.000     7.0819    24.7515     7.6936    10.9950    111.684    335.298    343.597   -0.00284    6.88877    9.84474  300.22169     7.0851   15.49008 5.2976e-01     0.5518     0.4553 0.0000e+00
        403 186.714393    0.02795     1.6766    100.599     17.161  50320.285    31.6349     7.0812     17.000     7.0786    24.7584     7.7154    11.0260    111.992    336.243    344.568   -0.00150    6.88925    9.84542  300.24032     7.0797   15.49093 4.5066e-01     0.5424     0.4659 0.0000e+00
        407 186.714404    0.02820     1.6923    101.541     18.171  50326.265    31.6382     7.0795     18.000     7.0746    24.7614     7.7561    11.0842    112.580    338.016    346.386    0.00057    6.88938    9.84561  300.24516     7.0779   15.49115 3.9094e-01     0.5407     0.4829 0.0000e+00
        411 186.714415    0.02846     1.7078    102.469     19.180  50314.962    31.6281     7.0694     19.000     7.0488    24.7548     7.7898    11.1324    113.036    339.489    347.893    0.00196    6.89143    9.84854  300.33647     7.0678   15.49555 3.4067e-01     0.5516     0.4645 0.0000e+00
        415 186.714426    0.02873     1.7240    103.441     20.189  50307.426    31.6147     7.0255     20.000     6.9944    24.7499     7.8022    11.1501    113.091    340.029    348.445    0.00182    6.89903    9.85940  300.66904     7.0237   15.51147 2.9828e-01     0.5787     0.4636 0.0000e+00
        419 186.714440    0.02906     1.7432    104.590     21.199  50335.754    31.6235     6.9663     21.000     6.9478    24.7646     7.8002    11.1473    112.916    339.941    348.360    0.00080    6.90805    9.87230  301.05801     6.9645   15.52999 2.6191e-01     0.5509     0.4904 0.0000e+00
        424 186.714454    0.02941     1.7644    105.865     22.209  50352.917    31.6287     6.9307     22.000     6.9192    24.7734     7.8262    11.1845    113.202    341.071    349.520    0.00138    6.91351    9.88009  301.29294     6.9288   15.54117 2.3048e-01     0.5092     0.5403 0.0000e+00
        429 186.714469    0.02974     1.7847    107.080     23.218  50365.177    31.6330     6.9098     23.000     6.9023    24.7795     7.8645    11.2393    113.705    342.738    351.231    0.00260    6.91665    9.88458  301.42821     6.9077   15.54760 2.0373e-01     0.4441     0.5308 0.0000e+00
        434 186.714482    0.03008     1.8047    108.281     24.228  50375.953    31.6386     6.9011     24.000     6.8982    24.7850     7.8893    11.2745    114.043    343.813    352.334    0.00308    6.91779    9.88621  301.47649     6.8990   15.54988 1.8113e-01     0.4334     0.5269 0.0000e+00
        439 186.714498    0.03045     1.8267    109.605     25.238  50379.681    31.6406     6.9010     25.000     6.8992    24.7867     7.9066    11.2993    114.295    344.568    353.109    0.00312    6.91770    9.88609  301.47225     6.8988   15.54967 1.6178e-01     0.4158     0.5146 0.0000e+00
        445 186.714513    0.03080     1.8482    110.892     26.247  50379.981    31.6403     6.9008     26.000     6.8952    24.7864     7.9093    11.3031    114.333    344.685    353.229    0.00253    6.91774    9.88615  301.47406     6.8985   15.54976 1.4509e-01     0.4300     0.5155 0.0000e+00
        449 186.714526    0.03112     1.8671    112.028     27.257  50358.723    31.6211     6.8785     27.000     6.8494    24.7742     7.9085    11.3021    114.249    344.656    353.194    0.00173    6.92219    9.89250  301.67121     6.8763   15.55924 1.3121e-01     0.4166     0.5305 0.0000e+00
        454 186.714539    0.03145     1.8867    113.205     28.266  50389.243    31.6309     6.8176     28.000     6.8007    24.7899     7.8942    11.2816    113.889    344.026    352.555    0.00023    6.93150    9.90581  302.07260     6.8152   15.57834 1.1909e-01     0.3608     0.5180 0.0000e+00
        459 186.714553    0.03178     1.9065    114.393     29.276  50413.940    31.6430     6.7916     29.000     6.7849    24.8027     7.8885    11.2735    113.747    343.774    352.301   -0.00039    6.93513    9.91100  302.22687     6.7891   15.58565 1.0875e-01     0.3344     0.5148 0.0000e+00
        463 186.714567    0.03210     1.9265    115.587     30.285  50416.832    31.6425     6.7806     30.000     6.7714    24.8038     7.9016    11.2922    113.907    344.345    352.886    0.00015    6.93693    9.91356  302.30477     6.7779   15.58937 9.9915e-02     0.3303     0.5401 0.0000e+00
        468 186.714580    0.03243     1.9459    116.754     31.295  50422.418    31.6428     6.7631     31.000     6.7516    24.8063     7.9062    11.2988    113.927    344.545    353.092    0.00013    6.93973    9.91757  302.42622     6.7604   15.59516 9.2591e-02     0.3492     0.5573 0.0000e+00
        473 186.714595    0.03279     1.9671    118.025     32.304  50434.113    31.6468     6.7428     32.000     6.7353    24.8121     7.9080    11.3012    113.901    344.617    353.168   -0.00001    6.94281    9.92197  302.55888     6.7400   15.60147 8.6480e-02     0.3675     0.5590 0.0000e+00
        478 186.714610    0.03314     1.9886    119.316     33.315  50435.527    31.6453     6.7317     33.000     6.7229    24.8123     7.8969    11.2855    113.713    344.139    352.677   -0.00062    6.94466    9.92461  302.63935     6.7289   15.60531 8.1105e-02     0.3580     0.5808 0.0000e+00
        483 186.714624    0.03348     2.0089    120.534     34.323  50442.417    31.6471     6.7182     34.000     6.7125    24.8154     7.8843    11.2675    113.496    343.588    352.114   -0.00122    6.94676    9.92761  302.72970     6.7152   15.60961 7.6596e-02     0.3644     0.5834 0.0000e+00
        488 186.714637    0.03380     2.0280    121.680     35.333  50446.732    31.6488     6.7134     35.000     6.7097    24.8174     7.8827    11.2652    113.462    343.516    352.042   -0.00116    6.94745    9.92860  302.75946     6.7104   15.61102 7.2610e-02     0.3522     0.5660 0.0000e+00
        492 186.714650    0.03411     2.0462    122.773     36.343  50448.150    31.6490     6.7118     36.000     6.7079    24.8178     7.8917    11.2781    113.588    343.910    352.445   -0.00061    6.94769    9.92895  302.76992     6.7087   15.61152 6.9428e-02     0.3381     0.5696 0.0000e+00
        496 186.714662    0.03440     2.0639    123.834     37.352  50450.670    31.6502     6.7113     37.000     6.7080    24.8188     7.8971    11.2858    113.665    344.145    352.686   -0.00030    6.94771    9.92898  302.77056     6.7081   15.61155 6.6721e-02     0.3252     0.5759 0.0000e+00
        500 186.714674    0.03468     2.0808    124.847     38.362  50442.909    31.6437     6.7078     38.000     6.6950    24.8142     7.9006    11.2907    113.700    344.296    352.839   -0.00017    6.94859    9.93022  302.80991     6.7045   15.61345 6.4436e-02     0.3339     0.5863 0.0000e+00
        504 186.714686    0.03495     2.0972    125.831     39.372  50445.144    31.6404     6.6839     39.000     6.6659    24.8146     7.8939    11.2812    113.539    344.005    352.541   -0.00065    6.95259    9.93594  302.98406     6.6806   15.62177 6.2478e-02     0.3403     0.6001 0.0000e+00
        508 186.714697    0.03523     2.1136    126.814     40.381  50462.875    31.6476     6.6582     40.000     6.6455    24.8236     7.8807    11.2623    113.286    343.424    351.950   -0.00141    6.95641    9.94142  303.14831     6.6547   15.62957 6.0763e-02     0.3434     0.6163 0.0000e+00
        512 186.714708    0.03550     2.1298    127.791     41.391  50472.369    31.6506     6.6415     41.000     6.6306    24.8281     7.8748    11.2540    113.161    343.170    351.690   -0.00163    6.95897    9.94507  303.25841     6.6379   15.63481 5.9287e-02     0.3368     0.6147 0.0000e+00
        516 186.714720    0.03578     2.1469    128.811     42.401  50476.614    31.6502     6.6259     42.000     6.6132    24.8298     7.8775    11.2578    113.158    343.288    351.811   -0.00143    6.96150    9.94868  303.36801     6.6223   15.64003 5.8018e-02     0.3399     0.6183 0.0000e+00
        520 186.714732    0.03607     2.1642    129.852     43.411  50484.514    31.6517     6.6069     43.000     6.5952    24.8334     7.8774    11.2576    113.107    343.279    351.804   -0.00134    6.96451    9.95299  303.49831     6.6032   15.64624 5.6887e-02     0.3238     0.6331 0.0000e+00
        525 186.714744    0.03636     2.1817    130.899     44.420  50490.362    31.6524     6.5909     44.000     6.5787    24.8360     7.8716    11.2493    112.983    343.027    351.546   -0.00157    6.96707    9.95665  303.60916     6.5871   15.65152 5.5929e-02     0.2996     0.6589 0.0000e+00
        529 186.714757    0.03666     2.1994    131.962     45.430  50496.569    31.6529     6.5725     45.000     6.5602    24.8386     7.8725    11.2505    112.947    343.062    351.583   -0.00142    6.97003    9.96088  303.73728     6.5687   15.65763 5.5126e-02     0.2943     0.6755 0.0000e+00
        533 186.714768    0.03694     2.2163    132.978     46.440  50498.582    31.6505     6.5545     46.000     6.5372    24.8390     7.8640    11.2385    112.778    342.697    351.210   -0.00176    6.97307    9.96521  303.86941     6.5506   15.66394 5.4433e-02     0.2757     0.6972 0.0000e+00
        537 186.714780    0.03722     2.2334    134.004     47.449  50502.419    31.6466     6.5220     47.000     6.5019    24.8401     7.8611    11.2344    112.648    342.570    351.080   -0.00189    6.97851    9.97299  304.10647     6.5180   15.67526 5.3872e-02     0.2825     0.7337 0.0000e+00
        541 186.714793    0.03752     2.2515    135.088     48.459  50524.294    31.6559     6.4928     48.000     6.4828    24.8511     7.8516    11.2207    112.441    342.148    350.650   -0.00223    6.98282    9.97916  304.29110     6.4888   15.68402 5.3343e-02     0.3039     0.7924 0.0000e+00
        546 186.714805    0.03783     2.2696    136.178     49.469  50534.664    31.6607     6.4828     49.000     6.4776    24.8562     7.8386    11.2021    112.233    341.581    350.072   -0.00252    6.98424    9.98118  304.35120     6.4786   15.68687 5.2915e-02     0.2917     0.8310 0.0000e+00
        550 186.714818    0.03812     2.2874    137.244     50.478  50535.673    31.6607     6.4814     50.000     6.4759    24.8563     7.8345    11.1962    112.170    341.401    349.887   -0.00233    6.98446    9.98149  304.36076     6.4772   15.68732 5.2507e-02     0.3038     0.8381 0.0000e+00
        554 186.714830    0.03843     2.3058    138.348     51.487  50534.165    31.6582     6.4765     51.000     6.4691    24.8551     7.8426    11.2078    112.272    341.755    350.250   -0.00165    6.98537    9.98279  304.40059     6.4722   15.68923 5.2141e-02     0.3085     0.8751 0.0000e+00
        561 186.714849    0.03886     2.3317    139.908     52.497  50542.336    31.6615     6.4660     52.000     6.4626    24.8588     7.8521    11.2214    112.382    342.168    350.673   -0.00087    6.98693    9.98502  304.46719     6.4617   15.69240 5.1718e-02     0.2922     0.9563 0.0000e+00
