CTD-processing/allCTD/CNV/2013_11-08_t3_s06_cast163_5028.cnv
* Sea-Bird SBE19plus Data File:
* FileName = C:\Users\kris.holderied\Documents\kasitsna\Research-Projects-and-Data\Oceanography-AK\CTD-CookInlet-GulfWatchAK\2013-10-11-EVOSTC-CookInlet-Ocean\2013-11-08-CookInlet-Tran3-AnchorPt\2013-11-08-CookInlet-Tran3-cast163.hex
* Software Version 1.59
* Temperature SN =  5028
* Conductivity SN =  5028
* System UpLoad Time = Feb 14 2014 16:53:06
** Cook Inlet Transect 3 (Anchor Pt) east to west
** Date: 2013-11-08
** Station: 3-06
** Start time: 14:23
** Depth (m): 47
** Comment:  CTD instrument time is AK Daylight time - 1 hr off
** Comment:
# nquan = 27
# nvalues = 47                          
# units = specified
# name 0 = scan: Scan Count
# name 1 = timeJ: Julian Days
# name 2 = timeH: Time, Elapsed [hours]
# name 3 = timeM: Time, Elapsed [minutes]
# name 4 = timeS: Time, Elapsed [seconds]
# name 5 = prdM: Pressure, Strain Gauge [db]
# name 6 = specc: Specific Conductance [uS/cm]
# name 7 = sal00: Salinity, Practical [PSU]
# name 8 = tv290C: Temperature [ITS-90, deg C]
# name 9 = depSM: Depth [salt water, m], lat = 59.00
# name 10 = potemp090C: Potential Temperature [ITS-90, deg C]
# name 11 = sigma-é00: Density [sigma-theta, kg/m^3]
# name 12 = sbeox0ML/L: Oxygen, SBE 43 [ml/l]
# name 13 = sbeox0Mg/L: Oxygen, SBE 43 [mg/l]
# name 14 = sbeox0PS: Oxygen, SBE 43 [% saturation]
# name 15 = sbox0Mm/Kg: Oxygen, SBE 43 [umol/kg]
# name 16 = sbeox0Mm/L: Oxygen, SBE 43 [umol/l]
# name 17 = sbox0dV/dT: Oxygen, SBE 43 [dov/dt]
# name 18 = oxsolML/L: Oxygen Saturation, Garcia & Gordon [ml/l]
# name 19 = oxsolMg/L: Oxygen Saturation, Garcia & Gordon [mg/l]
# name 20 = oxsolMm/Kg: Oxygen Saturation, Garcia & Gordon [umol/kg]
# name 21 = potemp090C: Potential Temperature [ITS-90, deg C]
# name 22 = n2satMg/L: Nitrogen Saturation [mg/l]
# name 23 = par: PAR/Irradiance, Biospherical/Licor
# name 24 = flECO-AFL: Fluorescence, WET Labs ECO-AFL/FL [mg/m^3]
# name 25 = turbWETntu0: Turbidity, WET Labs ECO [NTU]
# name 26 = flag: flag
# span 0 =         47,        497       
# span 1 = 312.640942, 312.642245       
# span 2 =    0.00316,    0.03446       
# span 3 =     0.1898,     2.0676       
# span 4 =     11.387,    124.055       
# span 5 =      1.009,     47.449       
# span 6 =  43779.319,  45821.670       
# span 7 =    27.2268,    28.5962       
# span 8 =     6.9448,     7.6481       
# span 9 =      1.000,     47.000       
# span 10 =     7.1633,     7.6449      
# span 11 =    21.3011,    22.3019      
# span 12 =     6.0519,     7.2359      
# span 13 =     8.6488,    10.3408      
# span 14 =     84.897,    104.268      
# span 15 =    264.712,    316.122      
# span 16 =    270.278,    323.157      
# span 17 =   -0.00287,    0.02370      
# span 18 =    6.93677,    7.12451      
# span 19 =    9.91334,   10.18163      
# span 20 =  303.03919,  311.62009      
# span 21 =     6.9447,     7.6438      
# span 22 =   15.63701,   16.05135      
# span 23 = 3.9379e-02, 6.1432e+01      
# span 24 =     0.1856,     0.3549      
# span 25 =     2.2413,    11.1198      
# span 26 = 0.0000e+00, 0.0000e+00      
# interval = meters: 1                  
# start_time = Nov 08 2013 15:22:46 [Instrument's time stamp, header]
# bad_flag = -9.990e-29
*END*
         47 312.640942    0.00316     0.1898     11.387      1.009  43779.319    27.2268     6.9448      1.000     7.1633    21.3011     6.0519     8.6488     84.897    264.712    270.278   -0.00287    7.12451   10.18163  311.62009     6.9447   16.05135 3.6632e+01     0.1856     2.2413 0.0000e+00
        320 312.641735    0.02219     1.3312     79.873      2.019  45819.752    28.5827     7.5348      2.000     7.5188    22.3019     6.4082     9.1580     92.143    279.941    286.191    0.02370    6.95399    9.93794  303.78007     7.5346   15.67245 6.1432e+01     0.3549     3.4451 0.0000e+00
        299 312.641672    0.02069     1.2416     74.496      3.028  45591.091    28.4324     7.4887      3.000     7.4877    22.1886     6.4879     9.2719     93.088    283.459    289.749    0.01788    6.96972    9.96042  304.51067     7.4884   15.70785 3.1460e+01     0.3353     3.4085 0.0000e+00
        304 312.641687    0.02104     1.2623     75.737      4.038  45601.068    28.4391     7.4903      4.000     7.4941    22.1936     6.4540     9.2234     92.608    281.978    288.236    0.01231    6.96915    9.95961  304.48466     7.4900   15.70658 1.8041e+01     0.3271     3.2986 0.0000e+00
        311 312.641708    0.02155     1.2929     77.574      5.047  45619.361    28.4543     7.5107      5.000     7.5157    22.2029     6.4539     9.2234     92.660    281.974    288.234    0.00866    6.96518    9.95395  304.30854     7.5102   15.69812 9.4070e+00     0.3202     3.6907 0.0000e+00
        317 312.641724    0.02192     1.3152     78.912      6.057  45615.622    28.4531     7.5226      6.000     7.5213    22.2004     6.4742     9.2523     92.975    282.858    289.137    0.00758    6.96333    9.95129  304.22825     7.5221   15.69430 6.2187e+00     0.3216     3.8993 0.0000e+00
        320 312.641733    0.02214     1.3287     79.723      7.066  45604.900    28.4447     7.5193      7.000     7.5156    22.1943     6.5097     9.3030     93.473    284.410    290.722    0.00795    6.96422    9.95257  304.26912     7.5188   15.69629 4.1098e+00     0.3180     3.8779 0.0000e+00
        323 312.641742    0.02235     1.3410     80.462      8.075  45610.480    28.4476     7.5156      8.000     7.5155    22.1971     6.5669     9.3848     94.288    286.909    293.277    0.00944    6.96470    9.95325  304.28900     7.5150   15.69722 2.4960e+00     0.3190     3.8253 0.0000e+00
        327 312.641753    0.02264     1.3581     81.485      9.085  45622.880    28.4565     7.5207      9.000     7.5237    22.2034     6.6444     9.4956     95.419    290.296    296.741    0.01138    6.96348    9.95150  304.23389     7.5199   15.69456 1.4216e+00     0.3263     3.8093 0.0000e+00
        336 312.641779    0.02324     1.3943     83.661     10.095  45632.950    28.4653     7.5360     10.000     7.5389    22.2083     6.6681     9.5294     95.797    291.327    297.796    0.00844    6.96062    9.94743  304.10766     7.5351   15.68850 7.8358e-01     0.3319     3.6915 0.0000e+00
        341 312.641793    0.02359     1.4158     84.946     11.104  45638.438    28.4703     7.5469     11.000     7.5486    22.2108     6.6744     9.5385     95.916    291.605    298.081    0.00672    6.95865    9.94461  304.02074     7.5459   15.68434 5.4845e-01     0.3291     3.8679 0.0000e+00
        343 312.641801    0.02378     1.4266     85.594     12.114  45641.013    28.4720     7.5501     12.000     7.5518    22.2118     6.7435     9.6372     96.917    294.623    301.167    0.00901    6.95806    9.94377  303.99506     7.5490   15.68311 3.7171e-01     0.3147     4.0513 0.0000e+00
        346 312.641809    0.02397     1.4380     86.279     13.123  45642.637    28.4733     7.5540     13.000     7.5557    22.2123     6.8311     9.7625     98.186    298.452    305.081    0.01207    6.95738    9.94279  303.96488     7.5528   15.68166 2.4736e-01     0.3147     4.1506 0.0000e+00
        350 312.641821    0.02426     1.4554     87.323     14.133  45643.418    28.4743     7.5600     14.000     7.5610    22.2123     6.9031     9.8652     99.233    301.592    308.291    0.01336    6.95638    9.94136  303.92101     7.5587   15.67957 1.6139e-01     0.3087     3.9130 0.0000e+00
        358 312.641844    0.02480     1.4883     89.300     15.142  45642.773    28.4743     7.5659     15.000     7.5646    22.2115     6.9012     9.8625     99.220    301.510    308.207    0.00891    6.95543    9.94000  303.87986     7.5645   15.67761 1.0984e-01     0.3219     3.4697 0.0000e+00
        363 312.641858    0.02513     1.5077     90.464     16.152  45647.444    28.4772     7.5664     16.000     7.5643    22.2138     6.8971     9.8566     99.165    301.331    308.024    0.00683    6.95521    9.93968  303.86940     7.5650   15.67709 8.6850e-02     0.3171     3.7971 0.0000e+00
        366 312.641865    0.02533     1.5196     91.178     17.161  45646.763    28.4760     7.5641     17.000     7.5599    22.2131     6.9315     9.9059     99.653    302.836    309.564    0.00740    6.95564    9.94031  303.88867     7.5625   15.67802 6.7776e-02     0.3108     4.2019 0.0000e+00
        369 312.641874    0.02553     1.5319     91.916     18.171  45650.534    28.4776     7.5607     18.000     7.5580    22.2149     6.9824     9.9785    100.378    305.056    311.834    0.00873    6.95611    9.94097  303.90824     7.5591   15.67894 5.5060e-02     0.3015     4.4543 0.0000e+00
        375 312.641891    0.02594     1.5563     93.375     19.180  45652.857    28.4785     7.5587     19.000     7.5565    22.2158     7.0348    10.0534    101.127    307.346    314.174    0.00891    6.95639    9.94137  303.92048     7.5570   15.67953 4.8012e-02     0.3039     4.6379 0.0000e+00
        382 312.641912    0.02643     1.5855     95.127     20.190  45651.452    28.4769     7.5569     20.000     7.5535    22.2148     7.0367    10.0561    101.149    307.428    314.257    0.00624    6.95675    9.94188  303.93624     7.5552   15.68028 4.5236e-02     0.3144     4.5981 0.0000e+00
        385 312.641920    0.02664     1.5980     95.881     21.199  45649.450    28.4746     7.5541     21.000     7.5497    22.2134     7.0400    10.0608    101.189    307.573    314.405    0.00540    6.95730    9.94266  303.96072     7.5523   15.68146 4.3164e-02     0.3108     4.6954 0.0000e+00
        387 312.641928    0.02683     1.6094     96.566     22.209  45652.552    28.4759     7.5509     22.000     7.5484    22.2148     7.0613    10.0913    101.488    308.504    315.357    0.00557    6.95776    9.94332  303.98030     7.5490   15.68239 4.1695e-02     0.3023     4.7723 0.0000e+00
        391 312.641939    0.02710     1.6261     97.565     23.219  45654.118    28.4766     7.5510     23.000     7.5493    22.2153     7.1086    10.1588    102.168    310.570    317.469    0.00673    6.95770    9.94325  303.97786     7.5490   15.68227 4.0808e-02     0.2931     4.6939 0.0000e+00
        398 312.641959    0.02757     1.6542     99.254     24.227  45653.947    28.4761     7.5514     24.000     7.5491    22.2149     7.1321    10.1925    102.507    311.599    318.521    0.00587    6.95765    9.94318  303.97586     7.5494   15.68217 4.0129e-02     0.3134     4.5871 0.0000e+00
        403 312.641973    0.02791     1.6745    100.471     25.237  45655.357    28.4765     7.5507     25.000     7.5482    22.2154     7.1228    10.1792    102.372    311.191    318.105    0.00412    6.95775    9.94332  303.97997     7.5485   15.68236 3.9919e-02     0.3304     4.7758 0.0000e+00
        406 312.641983    0.02814     1.6886    101.314     26.247  45656.273    28.4767     7.5502     26.000     7.5475    22.2156     7.1320    10.1923    102.503    311.593    318.515    0.00382    6.95783    9.94344  303.98360     7.5480   15.68254 3.9722e-02     0.3164     5.0890 0.0000e+00
        410 312.641993    0.02838     1.7033    102.196     27.256  45657.214    28.4768     7.5495     27.000     7.5464    22.2158     7.1500    10.2180    102.760    312.378    319.317    0.00401    6.95794    9.94359  303.98824     7.5471   15.68276 3.9635e-02     0.3044     5.2250 0.0000e+00
        415 312.642007    0.02872     1.7233    103.399     28.266  45658.742    28.4772     7.5479     28.000     7.5451    22.2163     7.1661    10.2411    102.989    313.085    320.040    0.00388    6.95817    9.94392  303.99801     7.5455   15.68323 3.9488e-02     0.2942     4.9008 0.0000e+00
        420 312.642022    0.02909     1.7454    104.723     29.276  45661.074    28.4784     7.5478     29.000     7.5456    22.2173     7.1788    10.2592    103.171    313.636    320.605    0.00350    6.95814    9.94388  303.99653     7.5452   15.68315 3.9575e-02     0.2904     4.7093 0.0000e+00
        424 312.642035    0.02940     1.7641    105.845     30.285  45660.868    28.4780     7.5487     30.000     7.5461    22.2168     7.1879    10.2723    103.304    314.035    321.012    0.00322    6.95801    9.94369  303.99092     7.5461   15.68288 3.9539e-02     0.3007     4.7355 0.0000e+00
        428 312.642047    0.02968     1.7807    106.844     31.295  45661.077    28.4776     7.5485     31.000     7.5455    22.2166     7.1922    10.2784    103.365    314.223    321.203    0.00279    6.95806    9.94375  303.99301     7.5458   15.68299 3.9513e-02     0.2921     4.7555 0.0000e+00
        432 312.642058    0.02995     1.7972    107.833     32.305  45661.939    28.4778     7.5482     32.000     7.5456    22.2167     7.1968    10.2850    103.431    314.423    321.410    0.00248    6.95809    9.94381  303.99464     7.5454   15.68306 3.9466e-02     0.2889     4.7805 0.0000e+00
        437 312.642073    0.03030     1.8181    109.086     33.314  45663.262    28.4784     7.5494     33.000     7.5475    22.2172     7.1981    10.2869    103.453    314.482    321.469    0.00197    6.95787    9.94349  303.98485     7.5466   15.68260 3.9404e-02     0.2855     4.8126 0.0000e+00
        443 312.642089    0.03068     1.8412    110.472     34.324  45665.638    28.4801     7.5524     34.000     7.5508    22.2181     7.1998    10.2892    103.486    314.555    321.544    0.00156    6.95733    9.94271  303.96078     7.5494   15.68144 3.9404e-02     0.2977     4.8051 0.0000e+00
        447 312.642100    0.03094     1.8563    111.379     35.334  45667.199    28.4812     7.5549     35.000     7.5528    22.2185     7.2060    10.2981    103.582    314.826    321.821    0.00154    6.95687    9.94206  303.94053     7.5519   15.68047 3.9458e-02     0.2938     5.0169 0.0000e+00
        450 312.642108    0.03116     1.8694    112.165     36.343  45667.342    28.4810     7.5560     36.000     7.5531    22.2183     7.2151    10.3112    103.715    315.224    322.228    0.00173    6.95670    9.94182  303.93341     7.5529   15.68013 3.9502e-02     0.2858     5.1878 0.0000e+00
        453 312.642119    0.03141     1.8846    113.077     37.353  45667.043    28.4804     7.5562     37.000     7.5526    22.2178     7.2190    10.3168    103.771    315.395    322.402    0.00161    6.95669    9.94181  303.93318     7.5530   15.68012 3.9550e-02     0.2918     5.3109 0.0000e+00
        460 312.642138    0.03186     1.9117    114.700     38.362  45669.741    28.4817     7.5556     38.000     7.5530    22.2190     7.2219    10.3207    103.811    315.518    322.529    0.00125    6.95673    9.94186  303.93443     7.5523   15.68018 3.9534e-02     0.2910     5.0617 0.0000e+00
        466 312.642155    0.03226     1.9357    116.141     39.372  45680.935    28.4896     7.5596     39.000     7.5597    22.2247     7.2225    10.3216    103.835    315.542    322.555    0.00097    6.95574    9.94044  303.88938     7.5562   15.67800 3.9516e-02     0.2978     5.1722 0.0000e+00
        469 312.642163    0.03249     1.9492    116.954     40.382  45705.036    28.5068     7.5668     40.000     7.5718    22.2372     7.2240    10.3239    103.886    315.608    322.626    0.00093    6.95380    9.93768  303.80112     7.5633   15.67372 3.9549e-02     0.3022     5.5512 0.0000e+00
        472 312.642172    0.03269     1.9615    117.692     41.391  45730.522    28.5259     7.5802     41.000     7.5858    22.2505     7.2311    10.3340    104.033    315.912    322.941    0.00123    6.95079    9.93337  303.66555     7.5766   15.66717 3.9524e-02     0.3064     6.1940 0.0000e+00
        475 312.642182    0.03293     1.9758    118.548     42.401  45733.392    28.5294     7.5936     42.000     7.5936    22.2515     7.2359    10.3408    104.136    316.122    323.157    0.00139    6.94848    9.93008  303.56447     7.5899   15.66234 3.9498e-02     0.3047     7.0039 0.0000e+00
        481 312.642200    0.03336     2.0019    120.113     43.410  45737.671    28.5330     7.6007     43.000     7.5986    22.2534     7.2182    10.3156    103.902    315.349    322.367    0.00029    6.94718    9.92821  303.50685     7.5970   15.65958 3.9451e-02     0.3134     7.4461 0.0000e+00
        488 312.642220    0.03384     2.0305    121.830     44.420  45770.849    28.5567     7.6091     44.000     7.6131    22.2709     7.2101    10.3039    103.820    314.986    322.002   -0.00011    6.94477    9.92477  303.39652     7.6052   15.65422 3.9385e-02     0.3200     7.4207 0.0000e+00
        491 312.642228    0.03403     2.0420    122.517     45.430  45801.181    28.5791     7.6222     45.000     7.6282    22.2867     7.2186    10.3160    103.989    315.353    322.381    0.00040    6.94166    9.92032  303.25580     7.6183   15.64741 3.9379e-02     0.3221     8.3597 0.0000e+00
        494 312.642236    0.03422     2.0532    123.194     46.440  45819.338    28.5932     7.6357     46.000     7.6391    22.2960     7.2256    10.3260    104.132    315.657    322.695    0.00080    6.93887    9.91634  303.13130     7.6316   15.64141 3.9391e-02     0.3218     9.5806 0.0000e+00
        497 312.642245    0.03446     2.0676    124.055     47.449  45821.670    28.5962     7.6481     47.000     7.6449    22.2968     7.2328    10.3364    104.268    315.974    323.020    0.00113    6.93677    9.91334  303.03919     7.6438   15.63701 3.9409e-02     0.3215    11.1198 0.0000e+00
