CTD-processing/allCTD/CNV/2013_07-09_t9andtutka_s10_cast228_5028.cnv
* Sea-Bird SBE19plus Data File:
* FileName = C:\Documents and Settings\kbayadmin\My Documents\CTD data\2013-07-09 Kachemak Bay Homer Spit Line and Tutka Bay\2013-07-09 Kachemak Bay Homer Spit Line and Tutka Bay cast228.hex
* Software Version 1.59
* Temperature SN =  5028
* Conductivity SN =  5028
* System UpLoad Time = Jul 10 2013 11:22:00
** Kachemak Bay Homer Spit Line and Tutka Bay
** 2013-07-05
** Station: 9.10
** N': 59 35.760
** W': -151 24.251
** Start Time: 1906
** Depth(ft): 199
# nquan = 27
# nvalues = 56                          
# units = specified
# name 0 = scan: Scan Count
# name 1 = timeJ: Julian Days
# name 2 = timeH: Time, Elapsed [hours]
# name 3 = timeM: Time, Elapsed [minutes]
# name 4 = timeS: Time, Elapsed [seconds]
# name 5 = prdM: Pressure, Strain Gauge [db]
# name 6 = specc: Specific Conductance [uS/cm]
# name 7 = sal00: Salinity, Practical [PSU]
# name 8 = tv290C: Temperature [ITS-90, deg C]
# name 9 = depSM: Depth [salt water, m], lat = 59.00
# name 10 = potemp090C: Potential Temperature [ITS-90, deg C]
# name 11 = sigma-é00: Density [sigma-theta, kg/m^3]
# name 12 = sbeox0ML/L: Oxygen, SBE 43 [ml/l]
# name 13 = sbeox0Mg/L: Oxygen, SBE 43 [mg/l]
# name 14 = sbeox0PS: Oxygen, SBE 43 [% saturation]
# name 15 = sbox0Mm/Kg: Oxygen, SBE 43 [umol/kg]
# name 16 = sbeox0Mm/L: Oxygen, SBE 43 [umol/l]
# name 17 = sbox0dV/dT: Oxygen, SBE 43 [dov/dt]
# name 18 = oxsolML/L: Oxygen Saturation, Garcia & Gordon [ml/l]
# name 19 = oxsolMg/L: Oxygen Saturation, Garcia & Gordon [mg/l]
# name 20 = oxsolMm/Kg: Oxygen Saturation, Garcia & Gordon [umol/kg]
# name 21 = potemp090C: Potential Temperature [ITS-90, deg C]
# name 22 = n2satMg/L: Nitrogen Saturation [mg/l]
# name 23 = par: PAR/Irradiance, Biospherical/Licor
# name 24 = flECO-AFL: Fluorescence, WET Labs ECO-AFL/FL [mg/m^3]
# name 25 = turbWETntu0: Turbidity, WET Labs ECO [NTU]
# name 26 = flag: flag
# span 0 =        240,        552       
# span 1 = 190.797022, 190.797925       
# span 2 =    0.01658,    0.03826       
# span 3 =     0.9950,     2.2951       
# span 4 =     59.697,    137.708       
# span 5 =      1.010,     56.536       
# span 6 =  46088.340,  50677.413       
# span 7 =    29.0515,    31.6915       
# span 8 =     6.0046,     9.4263       
# span 9 =      1.000,     56.000       
# span 10 =     6.0006,     9.4275      
# span 11 =    22.4029,    24.9192      
# span 12 =     6.4270,     7.7153      
# span 13 =     9.1848,    11.0259      
# span 14 =     96.702,    112.983      
# span 15 =    280.743,    336.289      
# span 16 =    287.029,    344.565      
# span 17 =   -0.00755,    0.02642      
# span 18 =    6.63566,    7.06261      
# span 19 =    9.48302,   10.09318      
# span 20 =  289.81262,  307.74789      
# span 21 =     6.0005,     9.4261      
# span 22 =   15.00291,   15.84874      
# span 23 = 4.9149e-02, 6.0762e+02      
# span 24 =     0.1772,     2.1933      
# span 25 =     0.5729,     3.0866      
# span 26 = 0.0000e+00, 0.0000e+00      
# interval = meters: 1                  
# start_time = Jul 09 2013 19:06:43 [Instrument's time stamp, header]
# bad_flag = -9.990e-29
*END*
        240 190.797022    0.01658     0.9950     59.697      1.010  46088.340    29.0515     9.4107      1.000     9.4262    22.4029     6.4270     9.1848     96.702    280.743    287.029   -0.00755    6.64700    9.49923  290.35880     9.4106   15.02980 6.0762e+02     1.2275     3.0866 0.0000e+00
        313 190.797234    0.02167     1.3002     78.009      2.019  46382.995    29.2432     9.4263      2.000     9.4275    22.5502     6.6272     9.4709     99.872    289.443    295.971   -0.00675    6.63566    9.48302  289.81262     9.4261   15.00291 3.0030e+02     1.0676     1.4477 0.0000e+00
        317 190.797244    0.02192     1.3152     78.909      3.029  46426.959    29.2706     9.3971      3.000     9.3577    22.5760     6.7969     9.7134    102.381    296.848    303.550    0.00400    6.63885    9.48759  289.94537     9.3968   15.00914 1.7847e+02     1.3368     1.6285 0.0000e+00
        323 190.797264    0.02238     1.3428     80.566      4.038  46722.101    29.4505     9.1961      4.000     9.0990    22.7468     6.8029     9.7221    102.132    297.063    303.820    0.00187    6.66094    9.51914  290.86102     9.1957   15.05215 1.1127e+02     1.7687     1.6394 0.0000e+00
        329 190.797281    0.02279     1.3674     82.044      5.047  47197.654    29.7396     8.8771      5.000     8.7296    23.0204     6.8125     9.7358    101.739    297.400    304.247    0.00003    6.69611    9.56941  292.31881     8.8766   15.12060 7.0249e+01     2.0604     1.3346 0.0000e+00
        335 190.797297    0.02318     1.3908     83.446      6.057  47858.811    30.1441     8.4716      6.000     8.3553    23.3961     6.8452     9.7825    101.564    298.718    305.707   -0.00091    6.73971    9.63172  294.11419     8.4711   15.20468 5.1216e+01     2.1933     1.1649 0.0000e+00
        340 190.797313    0.02357     1.4141     84.844      7.066  48461.762    30.5206     8.1726      7.000     8.0754    23.7338     6.9472     9.9282    102.634    303.068    310.261    0.00259    6.76878    9.67327  295.28554     8.1719   15.25906 3.6706e+01     2.1889     1.0178 0.0000e+00
        345 190.797327    0.02391     1.4344     86.065      8.076  48900.679    30.7943     7.9621      8.000     7.8973    23.9781     7.0268    10.0420    103.501    306.468    313.817    0.00470    6.78907    9.70226  296.09967     7.9613   15.29680 2.6672e+01     2.0406     0.9298 0.0000e+00
        350 190.797342    0.02426     1.4551     87.307      9.085  49203.993    30.9842     7.8254      9.000     7.7927    24.1461     7.1620    10.2352    105.295    312.312    319.853    0.00887    6.80175    9.72039  296.60442     7.8246   15.32011 2.0420e+01     1.8746     0.8309 0.0000e+00
        355 190.797356    0.02461     1.4766     88.595     10.094  49406.884    31.1134     7.7515     10.000     7.7126    24.2579     7.4846    10.6962    109.945    326.344    334.261    0.02136    6.80747    9.72855  296.82124     7.7506   15.32993 1.5679e+01     1.7167     0.8170 0.0000e+00
        361 190.797372    0.02497     1.4982     89.891     11.104  49718.533    31.3098     7.6249     11.000     7.5228    24.4294     7.7037    11.0093    112.983    335.842    344.046    0.02642    6.81843    9.74422  297.24941     7.6239   15.34956 1.2430e+01     1.4786     0.8805 0.0000e+00
        365 190.797384    0.02527     1.5160     90.960     12.113  50045.813    31.4963     7.3776     12.000     7.2639    24.6097     7.7153    11.0259    112.655    336.289    344.565    0.02040    6.84880    9.78762  298.52077     7.3765   15.40946 1.0156e+01     1.0235     0.7297 0.0000e+00
        369 190.797397    0.02558     1.5346     92.075     13.123  50281.835    31.6235     7.1606     13.000     7.1080    24.7389     7.6201    10.8898    110.805    332.096    340.312    0.01039    6.87722    9.82823  299.72176     7.1595   15.46624 8.4821e+00     0.6051     0.5784 0.0000e+00
        374 190.797411    0.02593     1.5557     93.344     14.132  50393.330    31.6861     7.0756     14.000     7.0655    24.7995     7.4973    10.7143    108.849    326.725    334.828    0.00183    6.88783    9.84340  300.16655     7.0744   15.48720 7.3099e+00     0.4344     0.5729 0.0000e+00
        380 190.797429    0.02635     1.5807     94.845     15.142  50388.535    31.6772     7.0468     15.000     7.0181    24.7963     7.4710    10.6768    108.388    325.582    333.655   -0.00024    6.89281    9.85051  300.38452     7.0455   15.49764 6.2174e+00     0.4032     0.5873 0.0000e+00
        385 190.797443    0.02669     1.6015     96.087     16.151  50398.638    31.6684     6.9595     16.000     6.9208    24.8008     7.5073    10.7287    108.689    327.162    335.276    0.00068    6.90711    9.87095  301.00635     6.9581   15.52733 5.1927e+00     0.4054     0.6745 0.0000e+00
        390 190.797458    0.02704     1.6229     97.372     17.161  50421.826    31.6674     6.8659     17.000     6.8275    24.8122     7.5147    10.7393    108.561    327.481    335.606    0.00009    6.92211    9.89239  301.65672     6.8644   15.55836 4.3609e+00     0.3673     0.7660 0.0000e+00
        395 190.797472    0.02739     1.6434     98.606     18.171  50439.315    31.6624     6.7729     18.000     6.7303    24.8203     7.5213    10.7487    108.419    327.766    335.900   -0.00049    6.93726    9.91405  302.31476     6.7713   15.58976 3.7010e+00     0.3205     0.8201 0.0000e+00
        401 190.797489    0.02779     1.6673    100.036     19.181  50471.179    31.6618     6.6506     19.000     6.6143    24.8355     7.5322    10.7644    108.269    328.239    336.391   -0.00086    6.95699    9.94224  303.16994     6.6490   15.63054 3.0526e+00     0.3120     0.8811 0.0000e+00
        406 190.797504    0.02815     1.6888    101.328     20.190  50521.699    31.6841     6.5834     20.000     6.5715    24.8617     7.5178    10.7438    107.909    327.602    335.747   -0.00191    6.96683    9.95630  303.59085     6.5817   15.65052 2.4596e+00     0.2877     0.9159 0.0000e+00
        411 190.797517    0.02848     1.7088    102.526     21.199  50531.504    31.6876     6.5679     21.000     6.5604    24.8664     7.5484    10.7874    108.311    328.932    337.110   -0.00042    6.96919    9.95967  303.69221     6.5661   15.65534 2.0075e+00     0.2692     0.9347 0.0000e+00
        415 190.797530    0.02878     1.7269    103.615     22.208  50526.287    31.6804     6.5511     22.000     6.5392    24.8628     7.5853    10.8402    108.793    330.542    338.759    0.00116    6.97223    9.96402  303.82607     6.5492   15.66175 1.6520e+00     0.2611     0.9665 0.0000e+00
        420 190.797542    0.02907     1.7442    104.650     23.219  50532.378    31.6805     6.5315     23.000     6.5223    24.8654     7.5958    10.8551    108.893    330.996    339.227    0.00123    6.97540    9.96856  303.96358     6.5295   15.66830 1.3511e+00     0.2859     1.0006 0.0000e+00
        424 190.797554    0.02934     1.7607    105.643     24.228  50534.698    31.6790     6.5174     24.000     6.5082    24.8660     7.6070    10.8711    109.017    331.484    339.726    0.00131    6.97776    9.97192  304.06594     6.5154   15.67319 1.0909e+00     0.2726     1.0629 0.0000e+00
        427 190.797565    0.02961     1.7768    106.608     25.237  50542.466    31.6817     6.5050     25.000     6.5004    24.8696     7.6313    10.9058    109.336    332.542    340.812    0.00202    6.97966    9.97464  304.14771     6.5029   15.67707 8.7820e-01     0.2736     1.1179 0.0000e+00
        431 190.797576    0.02987     1.7925    107.551     26.247  50557.020    31.6915     6.5062     26.000     6.5108    24.8772     7.6469    10.9281    109.569    333.219    341.508    0.00240    6.97901    9.97371  304.11715     6.5040   15.67558 7.1330e-01     0.2789     1.1130 0.0000e+00
        435 190.797587    0.03014     1.8081    108.489     27.257  50537.858    31.6798     6.5170     27.000     6.5074    24.8666     7.6603    10.9472    109.780    333.805    342.106    0.00261    6.97780    9.97197  304.06722     6.5148   15.67325 5.8352e-01     0.2765     1.1435 0.0000e+00
        439 190.797597    0.03039     1.8234    109.405     28.266  50504.330    31.6514     6.4924     28.000     6.4553    24.8474     7.6751    10.9684    109.909    334.457    342.768    0.00261    6.98311    9.97956  304.30454     6.4900   15.68468 4.7999e-01     0.2756     1.1130 0.0000e+00
        442 190.797607    0.03063     1.8381    110.286     29.276  50507.413    31.6405     6.4252     29.000     6.3834    24.8472     7.6723    10.9645    109.690    334.338    342.646    0.00152    6.99457    9.99593  304.80379     6.4228   15.70852 3.9065e-01     0.2576     1.0978 0.0000e+00
        446 190.797618    0.03087     1.8525    111.149     30.285  50545.783    31.6553     6.3641     30.000     6.3391    24.8664     7.6545    10.9390    109.290    333.555    341.849   -0.00005    7.00385   10.00920  305.20260     6.3616   15.72747 3.1587e-01     0.2417     1.0940 0.0000e+00
        449 190.797628    0.03113     1.8676    112.056     31.295  50572.799    31.6674     6.3318     31.000     6.3184    24.8800     7.6432    10.9229    109.055    333.058    341.345   -0.00087    7.00857   10.01594  305.40409     6.3293   15.73702 2.5730e-01     0.2288     1.0874 0.0000e+00
        453 190.797639    0.03140     1.8840    113.038     32.304  50574.178    31.6636     6.3093     32.000     6.2924    24.8798     7.6419    10.9211    108.977    333.002    341.287   -0.00102    7.01243   10.02146  305.57245     6.3067   15.74506 2.1281e-01     0.2172     1.0969 0.0000e+00
        457 190.797651    0.03169     1.9013    114.076     33.314  50559.184    31.6457     6.2721     33.000     6.2377    24.8703     7.6391    10.9170    108.829    332.883    341.161   -0.00133    7.01937   10.03138  305.87767     6.2694   15.75968 1.7899e-01     0.2095     1.1088 0.0000e+00
        462 190.797664    0.03199     1.9193    115.157     34.324  50587.203    31.6516     6.2039     34.000     6.1791    24.8833     7.6225    10.8933    108.423    332.153    340.418   -0.00234    7.03030   10.04701  306.35019     6.2012   15.78218 1.5055e-01     0.2056     1.1473 0.0000e+00
        466 190.797676    0.03227     1.9361    116.163     35.333  50620.848    31.6677     6.1691     35.000     6.1596    24.9003     7.5984    10.8589    108.004    331.101    339.345   -0.00335    7.03527   10.05410  306.56167     6.1663   15.79219 1.2668e-01     0.2153     1.2344 0.0000e+00
        469 190.797686    0.03253     1.9519    117.112     36.343  50632.214    31.6732     6.1590     36.000     6.1536    24.9058     7.5997    10.8607    108.001    331.155    339.403   -0.00292    7.03668   10.05613  306.62176     6.1561   15.79504 1.0850e-01     0.2061     1.2651 0.0000e+00
        473 190.797698    0.03281     1.9683    118.099     37.353  50638.593    31.6765     6.1559     37.000     6.1530    24.9088     7.6119    10.8782    108.169    331.685    339.947   -0.00197    7.03705   10.05665  306.63663     6.1528   15.79573 9.4930e-02     0.2042     1.2744 0.0000e+00
        477 190.797709    0.03308     1.9848    119.089     38.362  50639.824    31.6770     6.1566     38.000     6.1533    24.9092     7.6213    10.8915    108.304    332.093    340.366   -0.00125    7.03691   10.05644  306.63030     6.1535   15.79543 8.4768e-02     0.2068     1.2992 0.0000e+00
        481 190.797721    0.03335     2.0009    120.057     39.372  50632.732    31.6711     6.1538     39.000     6.1436    24.9048     7.6250    10.8968    108.345    332.255    340.530   -0.00095    7.03764   10.05749  306.66366     6.1506   15.79704 7.6924e-02     0.2063     1.2748 0.0000e+00
        485 190.797732    0.03362     2.0175    121.047     40.381  50621.579    31.6592     6.1347     40.000     6.1142    24.8978     7.6247    10.8964    108.284    332.247    340.519   -0.00100    7.04135   10.06279  306.82732     6.1315   15.80488 7.0671e-02     0.1960     1.2555 0.0000e+00
        489 190.797744    0.03391     2.0343    122.057     41.391  50625.292    31.6541     6.0976     41.000     6.0754    24.8982     7.6160    10.8841    108.064    331.871    340.133   -0.00154    7.04772   10.07190  307.10497     6.0943   15.81814 6.5797e-02     0.1965     1.2713 0.0000e+00
        494 190.797756    0.03421     2.0522    123.130     42.400  50639.752    31.6563     6.0597     42.000     6.0418    24.9046     7.5989    10.8595    107.727    331.120    339.366   -0.00235    7.05388   10.08071  307.37149     6.0563   15.83083 6.2118e-02     0.1994     1.2784 0.0000e+00
        498 190.797770    0.03453     2.0720    124.319     43.410  50655.975    31.6610     6.0289     43.000     6.0188    24.9120     7.5844    10.8389    107.446    330.486    338.720   -0.00280    7.05878   10.08770  307.58252     6.0254   15.84087 5.9333e-02     0.2029     1.3098 0.0000e+00
        503 190.797783    0.03484     2.0904    125.425     44.420  50665.524    31.6652     6.0192     44.000     6.0133    24.9165     7.5793    10.8316    107.353    330.263    338.492   -0.00263    7.06017   10.08969  307.64174     6.0157   15.84368 5.7095e-02     0.2079     1.3970 0.0000e+00
        506 190.797793    0.03510     2.1062    126.369     45.429  50663.667    31.6624     6.0136     45.000     6.0059    24.9150     7.5820    10.8355    107.375    330.382    338.614   -0.00220    7.06124   10.09121  307.68865     6.0100   15.84592 5.5317e-02     0.1994     1.4784 0.0000e+00
        510 190.797804    0.03536     2.1212    127.269     46.439  50668.740    31.6641     6.0069     46.000     6.0018    24.9171     7.5844    10.8388    107.393    330.484    338.719   -0.00184    7.06227   10.09268  307.73285     6.0032   15.84803 5.3931e-02     0.1940     1.4647 0.0000e+00
        514 190.797814    0.03561     2.1364    128.186     47.449  50672.825    31.6662     6.0058     47.000     6.0024    24.9189     7.5844    10.8388    107.391    330.483    338.718   -0.00161    7.06236   10.09282  307.73645     6.0020   15.84818 5.2875e-02     0.1955     1.3753 0.0000e+00
        518 190.797826    0.03587     2.1526    129.159     48.459  50672.216    31.6654     6.0061     48.000     6.0023    24.9182     7.5925    10.8504    107.507    330.837    339.081   -0.00106    7.06233   10.09277  307.73536     6.0023   15.84814 5.2047e-02     0.1943     1.3903 0.0000e+00
        522 190.797837    0.03615     2.1689    130.131     49.469  50672.448    31.6651     6.0064     49.000     6.0020    24.9180     7.5992    10.8601    107.603    331.131    339.382   -0.00061    7.06231   10.09276  307.73485     6.0024   15.84811 5.1376e-02     0.1856     1.3854 0.0000e+00
        525 190.797848    0.03641     2.1844    131.065     50.478  50672.249    31.6643     6.0053     50.000     6.0007    24.9175     7.5921    10.8499    107.499    330.821    339.064   -0.00084    7.06252   10.09306  307.74424     6.0013   15.84856 5.0825e-02     0.1829     1.4012 0.0000e+00
        529 190.797859    0.03668     2.2003    132.021     51.488  50673.983    31.6648     6.0046     51.000     6.0006    24.9181     7.5788    10.8309    107.310    330.243    338.472   -0.00134    7.06261   10.09318  307.74789     6.0005   15.84874 5.0411e-02     0.1772     1.4250 0.0000e+00
        533 190.797870    0.03694     2.2167    133.003     52.497  50675.054    31.6652     6.0050     52.000     6.0014    24.9183     7.5753    10.8259    107.261    330.088    338.313   -0.00133    7.06253   10.09307  307.74441     6.0008   15.84856 5.0040e-02     0.1883     1.4318 0.0000e+00
        537 190.797882    0.03721     2.2330    133.980     53.508  50677.261    31.6666     6.0068     53.000     6.0044    24.9192     7.5789    10.8310    107.318    330.246    338.475   -0.00099    7.06214   10.09252  307.72721     6.0026   15.84774 4.9737e-02     0.1978     1.4152 0.0000e+00
