CTD-processing/allCTD/CNV/2013_04-19_t6_s04_cast078_5028.cnv
* Sea-Bird SBE19plus Data File:
* FileName = C:\Documents and Settings\kris.holderied.local\My Documents\2012-2013-CTD-DATA-new-files\2013-04-EVOSTC-CookInlet-Ocean\2013-04-19-CookInlet-Tran6-Douglas\2013-04-19-CookInlet-Tran6-cast078.hex
* Software Version 1.54
* Temperature SN =  5028
* Conductivity SN =  5028
* System UpLoad Time = Apr 19 2013 22:46:15
** Cook Inlet LTM Transect 6 (Douglas line) West to East
** Date:  2013-04-19
** Station:  6-4
** Start time (AKDT-24 hr):  20:12
** Depth (m): 108
** Comment:  CTD time set wrong
** Comment:
# nquan = 27
# nvalues = 106                         
# units = specified
# name 0 = scan: Scan Count
# name 1 = timeJ: Julian Days
# name 2 = timeH: Time, Elapsed [hours]
# name 3 = timeM: Time, Elapsed [minutes]
# name 4 = timeS: Time, Elapsed [seconds]
# name 5 = prdM: Pressure, Strain Gauge [db]
# name 6 = specc: Specific Conductance [uS/cm]
# name 7 = sal00: Salinity, Practical [PSU]
# name 8 = tv290C: Temperature [ITS-90, deg C]
# name 9 = depSM: Depth [salt water, m], lat = 59.00
# name 10 = potemp090C: Potential Temperature [ITS-90, deg C]
# name 11 = sigma-é00: Density [sigma-theta, kg/m^3]
# name 12 = sbeox0ML/L: Oxygen, SBE 43 [ml/l]
# name 13 = sbeox0Mg/L: Oxygen, SBE 43 [mg/l]
# name 14 = sbeox0PS: Oxygen, SBE 43 [% saturation]
# name 15 = sbox0Mm/Kg: Oxygen, SBE 43 [umol/kg]
# name 16 = sbeox0Mm/L: Oxygen, SBE 43 [umol/l]
# name 17 = sbox0dV/dT: Oxygen, SBE 43 [dov/dt]
# name 18 = oxsolML/L: Oxygen Saturation, Garcia & Gordon [ml/l]
# name 19 = oxsolMg/L: Oxygen Saturation, Garcia & Gordon [mg/l]
# name 20 = oxsolMm/Kg: Oxygen Saturation, Garcia & Gordon [umol/kg]
# name 21 = potemp090C: Potential Temperature [ITS-90, deg C]
# name 22 = n2satMg/L: Nitrogen Saturation [mg/l]
# name 23 = par: PAR/Irradiance, Biospherical/Licor
# name 24 = flECO-AFL: Fluorescence, WET Labs ECO-AFL/FL [mg/m^3]
# name 25 = turbWETntu0: Turbidity, WET Labs ECO [NTU]
# name 26 = flag: flag
# span 0 =         45,        824       
# span 1 = 109.842233, 109.844489       
# span 2 =    0.00305,    0.05719       
# span 3 =     0.1827,     3.4313       
# span 4 =     10.965,    205.875       
# span 5 =      1.010,    107.028       
# span 6 =  42668.867,  51709.700       
# span 7 =    26.3769,    31.9457       
# span 8 =     4.1262,     4.7230       
# span 9 =      1.000,    106.000       
# span 10 =     4.1233,     4.5390      
# span 11 =    20.8820,    25.3436      
# span 12 =     6.4668,     8.0347      
# span 13 =     9.2417,    11.4825      
# span 14 =     85.408,    109.036      
# span 15 =    283.165,    349.966      
# span 16 =    288.807,    358.831      
# span 17 =   -0.00987,    0.01869      
# span 18 =    7.34205,    7.56061      
# span 19 =   10.49253,   10.80487      
# span 20 =  319.80226,  330.98484      
# span 21 =     4.1233,     4.7229      
# span 22 =   16.42159,   16.97680      
# span 23 = 3.7912e-02, 3.8383e+01      
# span 24 =     0.4339,     1.9715      
# span 25 =     0.3566,     1.7237      
# span 26 = 0.0000e+00, 0.0000e+00      
# interval = meters: 1                  
# start_time = Apr 19 2013 20:12:38 [Instrument's time stamp, header]
# bad_flag = -9.990e-29
*END*
[from data line 54]
        621 109.843902    0.04309     2.5854    155.123     55.526  51668.170    31.9401     4.1315     55.000     4.1285    25.3402     7.9408    11.3481    107.709    345.869    354.634   -0.00045    7.37239   10.53589  321.11389     4.1279   16.48392 7.5178e-02     0.6927     0.3732 0.0000e+00
        626 109.843916    0.04343     2.6060    156.361     56.536  51670.417    31.9417     4.1339     56.000     4.1314    25.3413     7.9357    11.3409    107.649    345.649    354.408   -0.00057    7.37188   10.53516  321.09133     4.1302   16.48284 7.0860e-02     0.7097     0.3833 0.0000e+00
        631 109.843928    0.04372     2.6232    157.392     57.546  51669.066    31.9407     4.1358     57.000     4.1321    25.3404     7.9304    11.3333    107.580    345.417    354.170   -0.00071    7.37158   10.53472  321.07833     4.1321   16.48222 6.7079e-02     0.6899     0.3965 0.0000e+00
        635 109.843941    0.04402     2.6410    158.460     58.556  51668.866    31.9400     4.1356     58.000     4.1315    25.3398     7.9230    11.3228    107.479    345.097    353.841   -0.00090    7.37165   10.53483  321.08197     4.1318   16.48240 6.3723e-02     0.6564     0.3847 0.0000e+00
        639 109.843953    0.04431     2.6584    159.502     59.565  51669.698    31.9399     4.1351     59.000     4.1311    25.3398     7.9140    11.3100    107.357    344.707    353.442   -0.00115    7.37174   10.53496  321.08580     4.1312   16.48258 6.0803e-02     0.6632     0.3755 0.0000e+00
        643 109.843963    0.04456     2.6741    160.447     60.575  51671.630    31.9407     4.1351     60.000     4.1314    25.3405     7.9171    11.3144    107.399    344.841    353.580   -0.00093    7.37170   10.53491  321.08397     4.1312   16.48249 5.8133e-02     0.6858     0.3730 0.0000e+00
        647 109.843975    0.04484     2.6903    161.421     61.585  51673.634    31.9417     4.1357     61.000     4.1320    25.3413     7.9250    11.3256    107.508    345.184    353.931   -0.00051    7.37155   10.53467  321.07677     4.1317   16.48215 5.6006e-02     0.6490     0.3655 0.0000e+00
        651 109.843987    0.04515     2.7089    162.535     62.594  51674.982    31.9423     4.1365     62.000     4.1328    25.3417     7.9276    11.3293    107.545    345.296    354.046   -0.00034    7.37136   10.53442  321.06886     4.1324   16.48177 5.3956e-02     0.6153     0.3664 0.0000e+00
        656 109.844001    0.04547     2.7282    163.693     63.605  51676.154    31.9429     4.1376     63.000     4.1340    25.3420     7.9166    11.3136    107.399    344.816    353.554   -0.00071    7.37116   10.53412  321.05947     4.1335   16.48133 5.2146e-02     0.6264     0.3748 0.0000e+00
        660 109.844014    0.04579     2.7474    164.845     64.614  51677.822    31.9439     4.1393     64.000     4.1359    25.3426     7.9053    11.2975    107.252    344.325    353.051   -0.00105    7.37080   10.53362  321.04401     4.1350   16.48058 5.0497e-02     0.5875     0.3801 0.0000e+00
        665 109.844027    0.04608     2.7649    165.892     65.624  51679.139    31.9448     4.1414     65.000     4.1380    25.3431     7.9026    11.2936    107.221    344.206    352.929   -0.00101    7.37038   10.53302  321.02547     4.1371   16.47970 4.8946e-02     0.5537     0.3736 0.0000e+00
        668 109.844037    0.04634     2.7805    166.829     66.633  51678.890    31.9445     4.1429     66.000     4.1390    25.3427     7.9026    11.2936    107.225    344.206    352.929   -0.00088    7.37011   10.53263  321.01379     4.1386   16.47914 4.7774e-02     0.5375     0.3590 0.0000e+00
        672 109.844049    0.04662     2.7968    167.808     67.643  51679.078    31.9443     4.1437     67.000     4.1395    25.3425     7.9019    11.2926    107.218    344.178    352.900   -0.00082    7.36999   10.53246  321.00875     4.1393   16.47890 4.6672e-02     0.5329     0.3643 0.0000e+00
        676 109.844061    0.04689     2.8137    168.820     68.653  51679.921    31.9445     4.1443     68.000     4.1401    25.3426     7.9003    11.2904    107.197    344.107    352.828   -0.00077    7.36988   10.53229  321.00368     4.1398   16.47866 4.5743e-02     0.5535     0.3710 0.0000e+00
        680 109.844071    0.04715     2.8289    169.733     69.663  51680.297    31.9444     4.1448     69.000     4.1404    25.3425     7.8948    11.2825    107.124    343.867    352.581   -0.00090    7.36979   10.53217  321.00001     4.1402   16.47849 4.4987e-02     0.5564     0.3670 0.0000e+00
        683 109.844081    0.04738     2.8430    170.582     70.673  51681.497    31.9448     4.1451     70.000     4.1408    25.3428     7.8935    11.2807    107.108    343.812    352.525   -0.00088    7.36971   10.53205  320.99640     4.1405   16.47832 4.4298e-02     0.5239     0.3650 0.0000e+00
        687 109.844092    0.04765     2.8592    171.553     71.682  51681.504    31.9444     4.1456     71.000     4.1408    25.3424     7.8943    11.2817    107.119    343.845    352.559   -0.00075    7.36964   10.53196  320.99350     4.1409   16.47818 4.3534e-02     0.5112     0.3672 0.0000e+00
        693 109.844109    0.04805     2.8829    172.975     72.692  51681.911    31.9440     4.1452     72.000     4.1403    25.3422     7.8815    11.2634    106.944    343.287    351.987   -0.00109    7.36974   10.53210  320.99778     4.1404   16.47838 4.2775e-02     0.5306     0.3566 0.0000e+00
        699 109.844125    0.04844     2.9065    174.393     73.702  51683.534    31.9447     4.1451     73.000     4.1405    25.3426     7.8777    11.2580    106.892    343.121    351.817   -0.00105    7.36972   10.53207  320.99697     4.1403   16.47834 4.2010e-02     0.5160     0.3623 0.0000e+00
        702 109.844136    0.04870     2.9218    175.306     74.712  51684.357    31.9448     4.1456     74.000     4.1410    25.3427     7.8826    11.2650    106.960    343.334    352.035   -0.00075    7.36961   10.53192  320.99228     4.1407   16.47812 4.1337e-02     0.5079     0.3681 0.0000e+00
        705 109.844145    0.04891     2.9348    176.086     75.721  51685.390    31.9451     4.1462     75.000     4.1416    25.3429     7.8935    11.2805    107.110    343.809    352.522   -0.00029    7.36951   10.53176  320.98744     4.1413   16.47789 4.0590e-02     0.4929     0.3739 0.0000e+00
        709 109.844155    0.04916     2.9496    176.979     76.732  51685.825    31.9451     4.1468     76.000     4.1420    25.3429     7.8973    11.2861    107.164    343.978    352.696   -0.00010    7.36940   10.53160  320.98259     4.1418   16.47766 4.0339e-02     0.4949     0.3668 0.0000e+00
        714 109.844168    0.04948     2.9692    178.149     77.741  51686.280    31.9450     4.1472     77.000     4.1422    25.3427     7.8909    11.2769    107.078    343.697    352.407   -0.00034    7.36933   10.53150  320.97951     4.1421   16.47751 4.0020e-02     0.5120     0.3651 0.0000e+00
        718 109.844182    0.04981     2.9886    179.317     78.751  51687.161    31.9451     4.1475     78.000     4.1424    25.3428     7.8823    11.2646    106.962    343.322    352.023   -0.00066    7.36927   10.53143  320.97720     4.1423   16.47740 3.9789e-02     0.5198     0.3722 0.0000e+00
        722 109.844193    0.05007     3.0042    180.255     79.761  51688.081    31.9453     4.1477     79.000     4.1427    25.3430     7.8829    11.2655    106.971    343.349    352.051   -0.00058    7.36922   10.53135  320.97463     4.1425   16.47728 4.0049e-02     0.4777     0.3657 0.0000e+00
        725 109.844202    0.05030     3.0179    181.076     80.771  51688.663    31.9453     4.1481     80.000     4.1429    25.3429     7.8851    11.2686    107.002    343.445    352.149   -0.00045    7.36915   10.53125  320.97185     4.1428   16.47715 4.0029e-02     0.4685     0.3617 0.0000e+00
        729 109.844212    0.05054     3.0319    181.913     81.780  51689.261    31.9452     4.1483     81.000     4.1429    25.3429     7.8853    11.2688    107.004    343.453    352.157   -0.00043    7.36913   10.53122  320.97094     4.1429   16.47710 3.9312e-02     0.4761     0.3627 0.0000e+00
        732 109.844223    0.05079     3.0476    182.853     82.790  51690.000    31.9452     4.1483     82.000     4.1429    25.3429     7.8872    11.2716    107.030    343.536    352.242   -0.00033    7.36913   10.53122  320.97072     4.1429   16.47709 3.8748e-02     0.4949     0.3697 0.0000e+00
        737 109.844235    0.05108     3.0651    183.908     83.800  51690.701    31.9452     4.1483     83.000     4.1429    25.3428     7.8869    11.2712    107.026    343.522    352.227   -0.00032    7.36911   10.53120  320.97028     4.1429   16.47707 3.8355e-02     0.5137     0.3671 0.0000e+00
        741 109.844248    0.05140     3.0841    185.048     84.810  51691.251    31.9451     4.1484     84.000     4.1428    25.3428     7.8872    11.2715    107.030    343.533    352.239   -0.00030    7.36911   10.53120  320.97032     4.1428   16.47707 3.8347e-02     0.4994     0.3622 0.0000e+00
        746 109.844261    0.05172     3.1032    186.193     85.820  51692.241    31.9453     4.1485     85.000     4.1430    25.3429     7.8861    11.2700    107.015    343.486    352.191   -0.00032    7.36908   10.53116  320.96895     4.1429   16.47701 3.8452e-02     0.5021     0.3703 0.0000e+00
        750 109.844274    0.05201     3.1208    187.246     86.830  51693.165    31.9454     4.1487     86.000     4.1432    25.3430     7.8864    11.2704    107.021    343.500    352.205   -0.00030    7.36903   10.53108  320.96652     4.1431   16.47689 3.8320e-02     0.4905     0.3714 0.0000e+00
        753 109.844284    0.05225     3.1352    188.109     87.839  51693.860    31.9455     4.1489     87.000     4.1432    25.3430     7.8872    11.2716    107.032    343.536    352.242   -0.00026    7.36899   10.53103  320.96500     4.1432   16.47682 3.8540e-02     0.4796     0.3703 0.0000e+00
        757 109.844293    0.05247     3.1485    188.907     88.850  51694.376    31.9453     4.1489     88.000     4.1429    25.3429     7.8851    11.2687    107.004    343.447    352.151   -0.00034    7.36901   10.53106  320.96578     4.1431   16.47686 3.8737e-02     0.4715     0.3732 0.0000e+00
        760 109.844304    0.05273     3.1638    189.829     89.859  51695.273    31.9453     4.1487     89.000     4.1428    25.3429     7.8813    11.2632    106.952    343.281    351.980   -0.00048    7.36904   10.53110  320.96717     4.1428   16.47693 3.8865e-02     0.4734     0.3751 0.0000e+00
        766 109.844319    0.05309     3.1855    191.130     90.869  51696.242    31.9455     4.1487     90.000     4.1427    25.3431     7.8850    11.2685    107.002    343.442    352.147   -0.00030    7.36904   10.53110  320.96706     4.1427   16.47692 3.8215e-02     0.5410     0.3818 0.0000e+00
        770 109.844332    0.05342     3.2055    192.328     91.880  51697.024    31.9455     4.1486     91.000     4.1425    25.3431     7.8891    11.2743    107.057    343.619    352.327   -0.00012    7.36905   10.53112  320.96761     4.1426   16.47695 3.8026e-02     0.5361     0.3829 0.0000e+00
        774 109.844343    0.05367     3.2205    193.227     92.889  51697.832    31.9455     4.1486     92.000     4.1425    25.3432     7.8869    11.2711    107.027    343.522    352.228   -0.00022    7.36904   10.53110  320.96724     4.1425   16.47693 3.8052e-02     0.4872     0.3803 0.0000e+00
        777 109.844353    0.05392     3.2351    194.105     93.899  51698.742    31.9457     4.1487     93.000     4.1426    25.3432     7.8842    11.2673    106.992    343.406    352.109   -0.00034    7.36902   10.53107  320.96634     4.1425   16.47689 3.8067e-02     0.4597     0.3776 0.0000e+00
        781 109.844364    0.05418     3.2506    195.034     94.909  51699.424    31.9457     4.1489     94.000     4.1427    25.3432     7.8835    11.2662    106.982    343.374    352.077   -0.00036    7.36899   10.53102  320.96474     4.1427   16.47681 3.7947e-02     0.4613     0.3722 0.0000e+00
        785 109.844375    0.05443     3.2660    195.958     95.919  51699.936    31.9455     4.1489     95.000     4.1425    25.3432     7.8867    11.2709    107.026    343.516    352.222   -0.00022    7.36899   10.53102  320.96484     4.1427   16.47681 3.7916e-02     0.4673     0.3720 0.0000e+00
        788 109.844384    0.05466     3.2796    196.777     96.928  51700.566    31.9454     4.1487     96.000     4.1421    25.3431     7.8868    11.2710    107.026    343.520    352.225   -0.00021    7.36903   10.53109  320.96687     4.1424   16.47691 3.7913e-02     0.4637     0.3734 0.0000e+00
        791 109.844393    0.05488     3.2927    197.562     97.938  51701.423    31.9454     4.1485     97.000     4.1418    25.3431     7.8851    11.2685    107.002    343.443    352.147   -0.00031    7.36908   10.53116  320.96882     4.1420   16.47700 3.7912e-02     0.4582     0.3723 0.0000e+00
        795 109.844403    0.05511     3.3068    198.410     98.948  51701.667    31.9450     4.1480     98.000     4.1408    25.3428     7.8856    11.2693    107.007    343.467    352.171   -0.00029    7.36919   10.53131  320.97365     4.1415   16.47723 3.7913e-02     0.4554     0.3693 0.0000e+00
        799 109.844415    0.05540     3.3241    199.444     99.958  51703.261    31.9452     4.1466     99.000     4.1396    25.3431     7.8876    11.2721    107.031    343.552    352.259   -0.00022    7.36942   10.53165  320.98374     4.1401   16.47771 3.7914e-02     0.4550     0.3661 0.0000e+00
        803 109.844428    0.05571     3.3427    200.560    100.968  51704.621    31.9454     4.1458    100.000     4.1389    25.3434     7.8842    11.2674    106.984    343.407    352.110   -0.00035    7.36956   10.53184  320.98952     4.1392   16.47799 3.7912e-02     0.4706     0.3667 0.0000e+00
        807 109.844439    0.05598     3.3587    201.524    101.978  51705.517    31.9454     4.1454    101.000     4.1385    25.3434     7.8840    11.2669    106.978    343.394    352.096   -0.00036    7.36964   10.53195  320.99294     4.1387   16.47815 3.7912e-02     0.4737     0.3788 0.0000e+00
        811 109.844449    0.05622     3.3734    202.402    102.988  51706.400    31.9455     4.1452    102.000     4.1383    25.3435     7.8857    11.2695    107.003    343.473    352.178   -0.00027    7.36966   10.53198  320.99389     4.1384   16.47820 3.7912e-02     0.4490     0.3837 0.0000e+00
        814 109.844459    0.05647     3.3882    203.291    103.997  51707.157    31.9455     4.1451    103.000     4.1381    25.3435     7.8880    11.2727    107.033    343.571    352.279   -0.00019    7.36968   10.53203  320.99517     4.1382   16.47826 3.7912e-02     0.4561     0.3827 0.0000e+00
        817 109.844469    0.05670     3.4020    204.120    105.008  51707.880    31.9453     4.1448    104.000     4.1377    25.3435     7.8856    11.2693    106.999    343.466    352.171   -0.00028    7.36974   10.53210  320.99755     4.1379   16.47837 3.7912e-02     0.4712     0.3844 0.0000e+00
        821 109.844478    0.05692     3.4151    204.904    106.018  51708.816    31.9454     4.1445    105.000     4.1374    25.3436     7.8832    11.2659    106.966    343.361    352.063   -0.00040    7.36979   10.53217  320.99962     4.1375   16.47846 3.7912e-02     0.4595     0.3851 0.0000e+00
        824 109.844489    0.05719     3.4313    205.875    107.028  51709.700    31.9455     4.1444    106.000     4.1373    25.3436     7.8880    11.2728    107.032    343.572    352.279   -0.00020    7.36981   10.53220  321.00052     4.1374   16.47851 3.7912e-02     0.4339     0.3933 0.0000e+00
