CTD-processing/allCTD/CNV/2013_06-06_t4_s07_cast087_4141.cnv
* Sea-Bird SBE19plus Data File:
* FileName = C:\Documents and Settings\kbayadmin\My Documents\CTD data\2013-06-06 Kachemak Bay all bay inner bay Nuka\2013-06-06 Kachemak Bay All Bay Outer Bay cast087.hex
* Software Version 1.59
* Temperature SN =  4141
* Conductivity SN =  4141
* System UpLoad Time = Jun 18 2013 16:16:58
** Kachemak Bay All Bay Outer Bay
** 2013-06-06
** Station: 4-07
** N': 59 35.4996
** W': -151 39.0186
** Start Time: 1013
** Depth(ft): 121
# nquan = 27
# nvalues = 33                          
# units = specified
# name 0 = scan: Scan Count
# name 1 = timeJ: Julian Days
# name 2 = timeH: Time, Elapsed [hours]
# name 3 = timeM: Time, Elapsed [minutes]
# name 4 = timeS: Time, Elapsed [seconds]
# name 5 = prdM: Pressure, Strain Gauge [db]
# name 6 = specc: Specific Conductance [uS/cm]
# name 7 = sal00: Salinity, Practical [PSU]
# name 8 = tv290C: Temperature [ITS-90, deg C]
# name 9 = depSM: Depth [salt water, m], lat = 59.00
# name 10 = potemp090C: Potential Temperature [ITS-90, deg C]
# name 11 = sigma-é00: Density [sigma-theta, kg/m^3]
# name 12 = sbeox0ML/L: Oxygen, SBE 43 [ml/l]
# name 13 = sbeox0Mg/L: Oxygen, SBE 43 [mg/l]
# name 14 = sbeox0PS: Oxygen, SBE 43 [% saturation]
# name 15 = sbox0Mm/Kg: Oxygen, SBE 43 [umol/kg]
# name 16 = sbeox0Mm/L: Oxygen, SBE 43 [umol/l]
# name 17 = sbox0dV/dT: Oxygen, SBE 43 [dov/dt]
# name 18 = oxsolML/L: Oxygen Saturation, Garcia & Gordon [ml/l]
# name 19 = oxsolMg/L: Oxygen Saturation, Garcia & Gordon [mg/l]
# name 20 = oxsolMm/Kg: Oxygen Saturation, Garcia & Gordon [umol/kg]
# name 21 = n2satMg/L: Nitrogen Saturation [mg/l]
# name 22 = par: PAR/Irradiance, Biospherical/Licor
# name 23 = wetStar: Fluorescence, WET Labs WETstar [mg/m^3]
# name 24 = CStarAt0: Beam Attenuation, WET Labs C-Star [1/m]
# name 25 = CStarTr0: Beam Transmission, WET Labs C-Star [%]
# name 26 = flag: flag
# span 0 =        308,        519       
# span 1 = 157.427011, 157.427623       
# span 2 =    0.02131,    0.03598       
# span 3 =     1.2785,     2.1591       
# span 4 =     76.711,    129.545       
# span 5 =      1.017,     33.290       
# span 6 =  48367.046,  51056.348       
# span 7 =    30.6146,    31.8542       
# span 8 =     5.5814,     9.1486       
# span 9 =      1.000,     33.000       
# span 10 =     5.5786,     9.1501      
# span 11 =    23.6637,    25.1162      
# span 12 =     7.0000,     9.6376      
# span 13 =    10.0037,    13.7732      
# span 14 =     98.265,    138.913      
# span 15 =    304.962,    420.007      
# span 16 =    312.620,    430.420      
# span 17 =   -0.13824,    0.02125      
# span 18 =    6.60639,    7.12455      
# span 19 =    9.44119,   10.18170      
# span 20 =  288.11536,  310.38683      
# span 21 =   14.91426,   15.97369      
# span 22 = 4.7674e-02, 5.4817e+00      
# span 23 =     1.0892,    23.3371      
# span 24 =     0.3582,     3.6047      
# span 25 =    53.0802,    91.4338      
# span 26 = 0.0000e+00, 0.0000e+00      
# interval = meters: 1                  
# start_time = Jun 06 2013 10:13:37 [Instrument's time stamp, header]
# bad_flag = -9.990e-29
*END*
        308 157.427011    0.02131     1.2785     76.711      1.017  48367.046    30.6146     9.1486      1.000     9.1501    23.6637     7.8999    11.2897    119.380    344.645    352.808    0.01349    6.61887    9.45903  288.77535   14.94772 4.2559e+00     1.0892     3.6047    53.0802 0.0000e+00
        406 157.427294    0.02811     1.6863    101.179      2.031  49074.072    31.0834     9.0917      2.000     9.0668    24.0389     9.0615    12.9498    137.163    395.188    404.687    0.01234    6.60639    9.44119  288.11536   14.91426 5.4817e+00     1.5971     1.7461    64.4918 0.0000e+00
        408 157.427300    0.02825     1.6955    101.727      3.027  48787.508    30.8681     8.9918      3.000     8.6514    23.8857     9.0951    12.9979    137.174    396.713    406.189    0.00960    6.63035    9.47545  289.20394   14.96716 4.4425e+00     1.6166     1.8211    63.4312 0.0000e+00
        411 157.427309    0.02846     1.7079    102.473      4.028  49245.711    31.1107     8.4495      4.000     8.0319    24.1562     9.1610    13.0919    136.713    399.478    409.128    0.00454    6.70092    9.57628  292.20430   15.10950 3.9827e+00     1.6001     1.8709    62.6435 0.0000e+00
        415 157.427320    0.02872     1.7233    103.398      5.055  49653.413    31.2756     7.6780      5.000     7.3064    24.3951     9.2549    13.2262    135.866    403.481    413.325   -0.00565    6.81176    9.73469  296.96861   15.33629 3.6353e+00     2.1140     1.7347    64.8458 0.0000e+00
        418 157.427328    0.02895     1.7367    104.200      6.048  50027.589    31.4428     7.1217      6.000     6.9006    24.6017     9.4397    13.4903    136.972    411.455    421.577    0.00284    6.89161    9.84880  300.38931   15.49882 3.0613e+00     3.1669     1.5786    67.4212 0.0000e+00
        422 157.427340    0.02921     1.7526    105.159      7.068  50381.335    31.6283     6.7780      7.000     6.7007    24.7926     9.6376    13.7732    138.913    420.007    430.420    0.02125    6.93798    9.91507  302.35404   15.59177 2.6744e+00     4.2001     1.8613    62.7935 0.0000e+00
        425 157.427350    0.02946     1.7680    106.081      8.075  50490.993    31.6815     6.6541      8.000     6.6072    24.8504     9.5947    13.7118    137.943    418.108    428.497    0.00963    6.95552    9.94014  303.10134   15.62718 1.9246e+00     9.0956     2.1344    58.6704 0.0000e+00
        429 157.427361    0.02972     1.7835    107.009      9.084  50543.724    31.7029     6.5739      9.000     6.5231    24.8775     9.4101    13.4480    135.059    410.055    420.257   -0.01805    6.96751    9.95726  303.61557   15.65162 1.4236e+00    16.4236     2.2953    56.3451 0.0000e+00
        433 157.427373    0.03000     1.7997    107.982     10.094  50545.736    31.6827     6.4599     10.000     6.3641    24.8759     9.1233    13.0381    130.577    397.556    407.446   -0.05108    6.98697    9.98506  304.46379   15.69213 9.3864e-01    21.9641     2.0960    59.2350 0.0000e+00
        437 157.427384    0.03028     1.8164    108.984     11.106  50680.846    31.7426     6.2827     11.000     6.2285    24.9452     8.7048    12.4400    124.120    379.295    388.756   -0.09156    7.01312   10.02244  305.58291   15.74524 7.8516e-01    23.3371     1.6115    66.8222 0.0000e+00
        441 157.427395    0.03053     1.8318    109.906     12.112  50655.050    31.7041     6.1778     12.000     6.0704    24.9277     8.3010    11.8631    118.046    361.707    370.724   -0.11925    7.03216   10.04966  306.41800   15.78520 4.3514e-01    22.1783     1.3963    70.5359 0.0000e+00
        444 157.427406    0.03079     1.8479    110.873     13.125  50760.419    31.7340     5.9592     13.000     5.8699    24.9777     7.9280    11.3300    112.187    345.438    354.066   -0.13482    7.06693   10.09934  307.91788   15.85654 3.8956e-01    18.4096     1.2202    73.7156 0.0000e+00
        448 157.427417    0.03106     1.8635    111.811     14.134  50901.037    31.8025     5.8163     14.000     5.7819    25.0489     7.6125    10.8790    107.407    331.666    339.973   -0.13824    7.08750   10.12874  308.79285   15.89795 3.5382e-01    15.9818     0.8634    80.5853 0.0000e+00
        452 157.427428    0.03133     1.8796    112.778     15.140  50956.238    31.8300     5.7657     15.000     5.7526    25.0765     7.3822    10.5500    104.053    321.625    329.691   -0.12786    7.09466   10.13898  309.09659   15.91232 4.3584e-01    11.6969     0.7274    83.3709 0.0000e+00
        456 157.427439    0.03161     1.8962    113.774     16.157  50976.954    31.8404     5.7485     16.000     5.7431    25.0867     7.2715    10.3915    102.457    316.795    324.742   -0.10395    7.09706   10.14241  309.19802   15.91710 4.5044e-01     7.4529     0.6526    84.9482 0.0000e+00
        459 157.427449    0.03184     1.9104    114.622     17.156  50972.499    31.8341     5.7353     17.000     5.7207    25.0833     7.2451    10.3540    102.050    315.648    323.566   -0.08022    7.09957   10.14600  309.30826   15.92238 4.3126e-01     6.3725     0.6023    86.0215 0.0000e+00
        463 157.427460    0.03210     1.9264    115.587     18.179  50998.726    31.8473     5.7131     18.000     5.7057    25.0963     7.2323    10.3356    101.825    315.085    322.993   -0.05816    7.10266   10.15041  309.43901   15.92856 4.1794e-01     5.3596     0.5132    87.9619 0.0000e+00
        467 157.427470    0.03234     1.9404    116.423     19.172  50999.583    31.8449     5.7010     19.000     5.6900    25.0959     7.2039    10.2951    101.395    313.849    321.725   -0.04608    7.10482   10.15349  309.53306   15.93305 3.6149e-01     4.9365     0.4211    90.0056 0.0000e+00
        471 157.427482    0.03262     1.9574    117.442     20.197  51015.811    31.8524     5.6851     20.000     5.6803    25.1037     7.1337    10.1948    100.374    310.790    318.592   -0.04042    7.10713   10.15680  309.63151   15.93770 4.1241e-01     3.6706     0.3765    91.0161 0.0000e+00
        474 157.427492    0.03287     1.9722    118.332     21.192  51007.769    31.8446     5.6761     21.000     5.6640    25.0985     7.0820    10.1209     99.620    308.536    316.281   -0.03641    7.10901   10.15949  309.71505   15.94172 3.9425e-01     2.6744     0.3598    91.3975 0.0000e+00
        479 157.427505    0.03316     1.9898    119.389     22.217  51024.593    31.8519     5.6571     22.000     5.6525    25.1065     7.0504    10.0757     99.137    307.160    314.872   -0.02914    7.11184   10.16354  309.83618   15.94746 3.8019e-01     2.1023     0.3582    91.4338 0.0000e+00
        482 157.427514    0.03340     2.0041    120.248     23.218  51029.889    31.8542     5.6533     23.000     5.6509    25.1088     7.0316    10.0489     98.865    306.340    314.032   -0.02380    7.11237   10.16428  309.85816   15.94849 3.3584e-01     2.0031     0.3670    91.2332 0.0000e+00
        486 157.427525    0.03365     2.0190    121.141     24.225  51030.285    31.8538     5.6524     24.000     5.6498    25.1086     7.0288    10.0449     98.823    306.218    313.907   -0.01803    7.11256   10.16455  309.86641   15.94889 2.9373e-01     2.1004     0.3600    91.3935 0.0000e+00
        489 157.427536    0.03392     2.0349    122.094     25.244  51027.599    31.8512     5.6512     25.000     5.6434    25.1067     7.0326    10.0503     98.872    306.383    314.076   -0.01212    7.11287   10.16501  309.88074   15.94958 2.4929e-01     1.9542     0.3756    91.0371 0.0000e+00
        493 157.427545    0.03415     2.0488    122.928     26.243  51008.218    31.8334     5.6317     26.000     5.6130    25.0949     7.0316    10.0488     98.800    306.342    314.029   -0.00966    7.11699   10.17090  310.06399   15.95839 2.0316e-01     1.8616     0.3748    91.0545 0.0000e+00
        496 157.427556    0.03440     2.0638    123.830     27.259  51037.979    31.8485     5.6077     27.000     5.6001    25.1096     7.0262    10.0412     98.678    306.104    313.790   -0.00805    7.12032   10.17565  310.20429   15.96501 1.6450e-01     1.6537     0.4002    90.4793 0.0000e+00
        500 157.427567    0.03465     2.0790    124.743     28.264  51043.113    31.8497     5.5985     28.000     5.5926    25.1116     7.0130    10.0222     98.472    305.527    313.199   -0.00763    7.12182   10.17780  310.26928   15.96810 1.3235e-01     1.7224     0.4187    90.0613 0.0000e+00
        504 157.427577    0.03491     2.0949    125.692     29.278  51048.021    31.8515     5.5930     29.000     5.5893    25.1137     7.0015    10.0060     98.300    305.029    312.690   -0.00708    7.12265   10.17899  310.30494   15.96979 1.0492e-01     1.7628     0.4253    89.9132 0.0000e+00
        507 157.427588    0.03517     2.1098    126.590     30.280  51050.305    31.8520     5.5907     30.000     5.5873    25.1144     7.0010    10.0051     98.287    305.005    312.665   -0.00550    7.12302   10.17952  310.32069   15.97054 8.3409e-02     1.8222     0.4273    89.8678 0.0000e+00
        511 157.427599    0.03545     2.1266    127.594     31.304  51047.803    31.8493     5.5879     31.000     5.5824    25.1125     7.0000    10.0037     98.265    304.962    312.620   -0.00392    7.12361   10.18035  310.34682   15.97180 6.8791e-02     1.7911     0.4285    89.8414 0.0000e+00
        515 157.427609    0.03568     2.1408    128.449     32.298  51052.727    31.8513     5.5833     32.000     5.5797    25.1146     7.0013    10.0056     98.274    305.019    312.679   -0.00313    7.12430   10.18135  310.37652   15.97320 5.4421e-02     1.4543     0.4361    89.6699 0.0000e+00
        519 157.427623    0.03598     2.1591    129.545     33.290  51056.348    31.8529     5.5814     33.000     5.5786    25.1162     7.0040    10.0095     98.309    305.139    312.802   -0.00158    7.12455   10.18170  310.38683   15.97369 4.7674e-02     1.7184     0.4392    89.6028 0.0000e+00
