CTD-processing/allCTD/CNV/2013_09-25_t9_s04_cast106_5028.cnv
* Sea-Bird SBE19plus Data File:
* FileName = C:\Users\kris.holderied\Documents\kasitsna\Research-Projects-and-Data\Oceanography-AK\CTD-CookInlet-GulfWatchAK\2013-09-25-CookInlet-Tran9-HomerSpit\2013-09-25-CookInlet-Tran9-HomerSpit-cast106.hex
* Software Version 1.59
* Temperature SN =  5028
* Conductivity SN =  5028
* System UpLoad Time = Apr 09 2014 19:59:48
** Cook Inlet LTM Homer Spit Line - Monthly
** Date: 2013-09-25
** Station: 9-04
** Start time: 14:45
** Depth (m): 93
** CoComment:
** Comment:
# nquan = 27
# nvalues = 85                          
# units = specified
# name 0 = scan: Scan Count
# name 1 = timeJ: Julian Days
# name 2 = timeH: Time, Elapsed [hours]
# name 3 = timeM: Time, Elapsed [minutes]
# name 4 = timeS: Time, Elapsed [seconds]
# name 5 = prdM: Pressure, Strain Gauge [db]
# name 6 = specc: Specific Conductance [uS/cm]
# name 7 = sal00: Salinity, Practical [PSU]
# name 8 = tv290C: Temperature [ITS-90, deg C]
# name 9 = depSM: Depth [salt water, m], lat = 59.00
# name 10 = potemp090C: Potential Temperature [ITS-90, deg C]
# name 11 = sigma-é00: Density [sigma-theta, kg/m^3]
# name 12 = sbeox0ML/L: Oxygen, SBE 43 [ml/l]
# name 13 = sbeox0Mg/L: Oxygen, SBE 43 [mg/l]
# name 14 = sbeox0PS: Oxygen, SBE 43 [% saturation]
# name 15 = sbox0Mm/Kg: Oxygen, SBE 43 [umol/kg]
# name 16 = sbeox0Mm/L: Oxygen, SBE 43 [umol/l]
# name 17 = sbox0dV/dT: Oxygen, SBE 43 [dov/dt]
# name 18 = oxsolML/L: Oxygen Saturation, Garcia & Gordon [ml/l]
# name 19 = oxsolMg/L: Oxygen Saturation, Garcia & Gordon [mg/l]
# name 20 = oxsolMm/Kg: Oxygen Saturation, Garcia & Gordon [umol/kg]
# name 21 = potemp090C: Potential Temperature [ITS-90, deg C]
# name 22 = n2satMg/L: Nitrogen Saturation [mg/l]
# name 23 = par: PAR/Irradiance, Biospherical/Licor
# name 24 = flECO-AFL: Fluorescence, WET Labs ECO-AFL/FL [mg/m^3]
# name 25 = turbWETntu0: Turbidity, WET Labs ECO [NTU]
# name 26 = flag: flag
# span 0 =        262,        648       
# span 1 = 268.616252, 268.617371       
# span 2 =    0.01811,    0.04496       
# span 3 =     1.0867,     2.6978       
# span 4 =     65.199,    161.867       
# span 5 =      1.009,     85.820       
# span 6 =  47213.325,  49202.649       
# span 7 =    29.8306,    31.0558       
# span 8 =     8.5217,     9.4754       
# span 9 =      1.000,     85.000       
# span 10 =     8.5118,     9.4715      
# span 11 =    23.0011,    24.1040      
# span 12 =     5.7590,     6.3351      
# span 13 =     8.2302,     9.0535      
# span 14 =     86.768,     94.771      
# span 15 =    251.304,    276.279      
# span 16 =    257.197,    282.926      
# span 17 =   -0.00258,    0.03653      
# span 18 =    6.60346,    6.69233      
# span 19 =    9.43701,    9.56401      
# span 20 =  288.27992,  291.84474      
# span 21 =     8.5133,     9.4753      
# span 22 =   14.92724,   15.09258      
# span 23 = 4.9025e-02, 1.3208e+02      
# span 24 =     0.3004,     0.9592      
# span 25 =     0.4911,     1.2061      
# span 26 = 0.0000e+00, 0.0000e+00      
# interval = meters: 1                  
# start_time = Sep 25 2013 14:46:19 [Instrument's time stamp, header]
# bad_flag = -9.990e-29
*END*
        262 268.616252    0.01811     1.0867     65.199      1.009  47213.325    29.8306     9.4754      1.000     9.4715    23.0011     6.0818     8.6915     92.100    265.506    271.613    0.03653    6.60346    9.43701  288.27992     9.4753   14.92724 1.3208e+02     0.8495     1.1647 0.0000e+00
        268 268.616271    0.01857     1.1146     66.874      2.018  47262.575    29.8623     9.4575      2.000     9.4472    23.0287     5.9982     8.5720     90.817    261.849    267.879    0.02119    6.60473    9.43882  288.32740     9.4573   14.92938 8.5501e+01     0.9269     1.2061 0.0000e+00
        274 268.616288    0.01896     1.1375     68.251      3.028  47399.594    29.9528     9.4184      3.000     9.3953    23.1054     5.9462     8.4977     90.003    259.558    265.555    0.01303    6.60662    9.44151  288.38820     9.4181   14.93192 6.2648e+01     0.9592     1.1802 0.0000e+00
        279 268.616301    0.01929     1.1575     69.451      4.038  47575.499    30.0682     9.3618      4.000     9.3338    23.2042     5.8916     8.4197     89.132    257.152    263.119    0.00714    6.61001    9.44635  288.50820     9.3614   14.93718 4.9351e+01     0.9020     1.1401 0.0000e+00
        284 268.616316    0.01964     1.1785     70.711      5.047  47757.138    30.1845     9.2817      5.000     9.2403    23.3073     5.8254     8.3251     88.040    254.237    260.163    0.00177    6.61682    9.45610  288.77659     9.2812   14.94953 3.9585e+01     0.8124     1.0792 0.0000e+00
        290 268.616333    0.02004     1.2024     72.142      6.056  47937.820    30.2950     9.1640      6.000     9.1304    23.4116     5.7618     8.2342     86.913    251.435    257.321   -0.00255    6.62943    9.47412  289.29750     9.1634   14.97397 3.1982e+01     0.6948     1.0344 0.0000e+00
        295 268.616348    0.02041     1.2246     73.477      7.066  48006.479    30.3340     9.0995      7.000     9.0898    23.4520     5.7590     8.2302     86.768    251.304    257.197   -0.00258    6.63728    9.48535  289.62874     9.0988   14.98964 2.5902e+01     0.6200     1.0376 0.0000e+00
        300 268.616363    0.02077     1.2462     74.773      8.075  48027.772    30.3459     9.0804      8.000     9.0740    23.4642     5.8067     8.2984     87.456    253.384    259.329    0.00024    6.63960    9.48866  289.72653     9.0795   14.99427 2.0784e+01     0.5713     1.0307 0.0000e+00
        305 268.616377    0.02112     1.2671     76.025      9.085  48046.043    30.3562     9.0650      9.000     9.0517    23.4746     5.8569     8.3701     88.187    255.570    261.569    0.00260    6.64145    9.49130  289.80415     9.0640   14.99793 1.6582e+01     0.5406     1.0287 0.0000e+00
        310 268.616392    0.02146     1.2875     77.250     10.094  48098.834    30.3859     9.0145     10.000     8.9724    23.5054     5.8994     8.4308     88.744    257.415    263.466    0.00385    6.64767    9.50018  290.06661     9.0134   15.01035 1.3405e+01     0.5180     1.0439 0.0000e+00
        315 268.616406    0.02181     1.3088     78.530     11.104  48228.236    30.4619     8.9114     11.000     8.8876    23.5803     5.9188     8.4585     88.874    258.243    264.332    0.00334    6.65970    9.51738  290.57054     8.9103   15.03412 1.0787e+01     0.4754     1.0545 0.0000e+00
        320 268.616421    0.02216     1.3298     79.789     12.114  48302.723    30.5088     8.8765     12.000     8.8735    23.6222     5.9558     8.5115     89.388    259.849    265.988    0.00410    6.66289    9.52193  290.69749     8.8753   15.03999 8.5537e+00     0.4383     1.0753 0.0000e+00
        325 268.616435    0.02249     1.3496     80.977     13.123  48324.509    30.5232     8.8739     13.000     8.8701    23.6339     6.0153     8.5965     90.284    262.441    268.644    0.00617    6.66265    9.52159  290.68390     8.8726   15.03928 6.8291e+00     0.4216     1.0670 0.0000e+00
        329 268.616448    0.02281     1.3685     82.109     14.133  48349.653    30.5390     8.8641     14.000     8.8525    23.6478     6.0455     8.6396     90.726    263.753    269.990    0.00638    6.66342    9.52269  290.71363     8.8627   15.04064 5.4669e+00     0.4346     1.0908 0.0000e+00
        334 268.616460    0.02311     1.3864     83.186     15.142  48384.678    30.5600     8.8415     15.000     8.8342    23.6675     6.0661     8.6690     91.001    264.646    270.910    0.00595    6.66589    9.52623  290.81589     8.8400   15.04544 4.3647e+00     0.4414     1.1131 0.0000e+00
        338 268.616473    0.02339     1.4038     84.231     16.151  48444.367    30.6014     8.8422     16.000     8.8525    23.6998     6.0933     8.7079     91.436    265.827    272.127    0.00619    6.66400    9.52352  290.72402     8.8406   15.04088 3.4865e+00     0.4366     1.1106 0.0000e+00
        342 268.616485    0.02369     1.4215     85.289     17.161  48500.728    30.6446     8.8725     17.000     8.8859    23.7292     6.1271     8.7563     92.032    267.295    273.638    0.00694    6.65762    9.51441  290.43754     8.8708   15.02702 2.8015e+00     0.4396     1.0616 0.0000e+00
        346 268.616497    0.02399     1.4395     86.370     18.171  48550.081    30.6827     8.9008     18.000     8.9037    23.7547     6.1525     8.7925     92.494    268.393    274.769    0.00715    6.65178    9.50606  290.17547     8.8989   15.01434 2.2802e+00     0.4463     0.9679 0.0000e+00
        351 268.616509    0.02429     1.4569     87.415     19.180  48606.406    30.7223     8.9048     19.000     8.8961    23.7851     6.1529     8.7930     92.532    268.404    274.788    0.00592    6.64947    9.50276  290.06628     8.9029   15.00896 1.8887e+00     0.4299     0.8672 0.0000e+00
        355 268.616521    0.02457     1.4742     88.453     20.189  48693.728    30.7800     8.8834     20.000     8.8606    23.8334     6.1361     8.7691     92.271    267.661    274.040    0.00388    6.65017    9.50375  290.08286     8.8814   15.00952 1.5846e+00     0.4206     0.7803 0.0000e+00
        359 268.616534    0.02487     1.4920     89.523     21.199  48768.311    30.8262     8.8434     21.000     8.8301    23.8756     6.1130     8.7361     91.867    266.639    273.005    0.00172    6.65414    9.50943  290.24416     8.8412   15.01704 1.3483e+00     0.4092     0.7135 0.0000e+00
        363 268.616546    0.02517     1.5100     90.597     22.209  48796.272    30.8426     8.8243     22.000     8.8172    23.8913     6.0991     8.7163     91.630    266.033    272.389    0.00048    6.65627    9.51247  290.33253     8.8220   15.02119 1.1518e+00     0.4026     0.6771 0.0000e+00
        368 268.616559    0.02548     1.5289     91.733     23.219  48807.924    30.8490     8.8143     23.000     8.8082    23.8977     6.1114     8.7338     91.797    266.565    272.935    0.00083    6.65748    9.51421  290.38360     8.8120   15.02361 9.8543e-01     0.3996     0.6446 0.0000e+00
        373 268.616573    0.02582     1.5492     92.951     24.228  48816.622    30.8533     8.8052     24.000     8.7971    23.9026     6.1382     8.7722     92.184    267.735    274.134    0.00188    6.65866    9.51589  290.43364     8.8027   15.02598 8.4445e-01     0.4001     0.6399 0.0000e+00
        378 268.616588    0.02615     1.5693     94.160     25.237  48832.707    30.8616     8.7872     25.000     8.7721    23.9118     6.1630     8.8075     92.524    268.811    275.239    0.00256    6.66098    9.51921  290.53237     8.7846   15.03066 7.2516e-01     0.4078     0.6341 0.0000e+00
        382 268.616601    0.02647     1.5883     95.300     26.247  48867.969    30.8818     8.7587     26.000     8.7447    23.9318     6.1857     8.8400     92.818    269.796    276.253    0.00295    6.66436    9.52404  290.67409     8.7561   15.03735 6.2608e-01     0.4058     0.6357 0.0000e+00
        387 268.616614    0.02679     1.6071     96.424     27.256  48899.165    30.9000     8.7363     27.000     8.7284    23.9494     6.1990     8.8591     92.983    270.376    276.851    0.00288    6.66691    9.52768  290.78016     8.7336   15.04235 5.4257e-01     0.3959     0.6029 0.0000e+00
        391 268.616626    0.02709     1.6256     97.537     28.266  48914.870    30.9094     8.7278     28.000     8.7225    23.9581     6.2075     8.8712     93.097    270.743    277.229    0.00259    6.66779    9.52894  290.81599     8.7250   15.04402 4.7127e-01     0.3818     0.5894 0.0000e+00
        395 268.616639    0.02738     1.6429     98.571     29.276  48928.004    30.9173     8.7221     29.000     8.7151    23.9651     6.2282     8.9008     93.401    271.644    278.154    0.00305    6.66829    9.52966  290.83604     8.7192   15.04494 4.1096e-01     0.3898     0.5737 0.0000e+00
        399 268.616650    0.02766     1.6597     99.582     30.286  48941.586    30.9251     8.7130     30.000     8.7052    23.9726     6.2432     8.9222     93.611    272.294    278.822    0.00318    6.66932    9.53112  290.87866     8.7100   15.04695 3.6018e-01     0.3945     0.5464 0.0000e+00
        403 268.616662    0.02794     1.6762    100.573     31.295  48953.470    30.9318     8.7051     31.000     8.6997    23.9790     6.2501     8.9320     93.702    272.592    279.128    0.00284    6.67020    9.53239  290.91540     8.7020   15.04867 3.1766e-01     0.3952     0.5336 0.0000e+00
        407 268.616673    0.02821     1.6930    101.577     32.305  48959.783    30.9353     8.7014     32.000     8.6974    23.9822     6.2673     8.9566     93.954    273.342    279.897    0.00309    6.67060    9.53296  290.93194     8.6982   15.04945 2.8115e-01     0.3979     0.5252 0.0000e+00
        411 268.616685    0.02850     1.7102    102.611     33.314  48962.371    30.9365     8.7002     33.000     8.6965    23.9834     6.2816     8.9770     94.166    273.965    280.536    0.00321    6.67074    9.53316  290.93763     8.6969   15.04972 2.4948e-01     0.4070     0.5099 0.0000e+00
        416 268.616698    0.02881     1.7285    103.709     34.324  48963.948    30.9370     8.6994     34.000     8.6955    23.9840     6.2879     8.9860     94.259    274.240    280.818    0.00284    6.67084    9.53330  290.94183     8.6959   15.04992 2.2193e-01     0.4166     0.5226 0.0000e+00
        420 268.616711    0.02912     1.7472    104.832     35.334  48965.016    30.9372     8.6988     35.000     8.6952    23.9843     6.2902     8.9893     94.293    274.341    280.921    0.00234    6.67091    9.53339  290.94469     8.6953   15.05005 1.9762e-01     0.4224     0.5299 0.0000e+00
        425 268.616724    0.02944     1.7664    105.985     36.343  48966.040    30.9375     8.6983     36.000     8.6940    23.9845     6.2918     8.9916     94.315    274.408    280.989    0.00187    6.67097    9.53349  290.94753     8.6947   15.05019 1.7683e-01     0.4231     0.5186 0.0000e+00
        430 268.616738    0.02976     1.7857    107.143     37.353  48968.812    30.9387     8.6964     37.000     8.6915    23.9858     6.2945     8.9954     94.353    274.525    281.109    0.00156    6.67121    9.53383  290.95742     8.6927   15.05066 1.5894e-01     0.4120     0.5065 0.0000e+00
        434 268.616751    0.03008     1.8047    108.282     38.362  48972.525    30.9405     8.6937     38.000     8.6894    23.9876     6.2962     8.9979     94.375    274.602    281.189    0.00127    6.67152    9.53427  290.97052     8.6900   15.05127 1.4379e-01     0.4029     0.4933 0.0000e+00
        439 268.616764    0.03039     1.8231    109.383     39.372  48973.836    30.9409     8.6934     39.000     8.6896    23.9880     6.3005     9.0040     94.438    274.788    281.379    0.00117    6.67156    9.53433  290.97217     8.6895   15.05136 1.3060e-01     0.4143     0.5005 0.0000e+00
        443 268.616777    0.03069     1.8417    110.501     40.382  48974.297    30.9407     8.6927     40.000     8.6868    23.9879     6.3098     9.0174     94.577    275.195    281.797    0.00134    6.67167    9.53449  290.97700     8.6887   15.05158 1.1932e-01     0.4110     0.5025 0.0000e+00
        447 268.616789    0.03100     1.8602    111.613     41.391  48980.064    30.9435     8.6874     41.000     8.6801    23.9910     6.3159     9.0260     94.657    275.458    282.067    0.00132    6.67235    9.53546  291.00584     8.6832   15.05295 1.0962e-01     0.4270     0.5019 0.0000e+00
        452 268.616802    0.03131     1.8786    112.718     42.401  48988.184    30.9478     8.6805     42.000     8.6720    23.9954     6.3167     9.0271     94.657    275.492    282.102    0.00101    6.67320    9.53667  291.04143     8.6762   15.05463 1.0125e-01     0.4254     0.5201 0.0000e+00
        456 268.616815    0.03161     1.8967    113.800     43.410  49001.310    30.9549     8.6694     43.000     8.6578    24.0026     6.3213     9.0338     94.708    275.693    282.311    0.00093    6.67454    9.53859  291.09799     8.6651   15.05731 9.4040e-02     0.4310     0.5278 0.0000e+00
        461 268.616828    0.03192     1.9150    114.898     44.420  49022.362    30.9668     8.6528     44.000     8.6407    24.0144     6.3214     9.0339     94.681    275.692    282.313    0.00064    6.67650    9.54139  291.18012     8.6485   15.06118 8.7906e-02     0.4334     0.5077 0.0000e+00
        465 268.616840    0.03223     1.9337    116.019     45.429  49042.106    30.9779     8.6367     45.000     8.6269    24.0254     6.3122     9.0208     94.516    275.291    281.904   -0.00008    6.67844    9.54415  291.26143     8.6323   15.06502 8.2737e-02     0.4326     0.4911 0.0000e+00
        469 268.616853    0.03253     1.9520    117.119     46.439  49055.059    30.9851     8.6266     46.000     8.6192    24.0325     6.3137     9.0229     94.521    275.351    281.969   -0.00013    6.67964    9.54588  291.31206     8.6221   15.06741 7.8293e-02     0.4458     0.4953 0.0000e+00
        474 268.616866    0.03286     1.9712    118.270     47.449  49062.466    30.9890     8.6213     47.000     8.6154    24.0364     6.3215     9.0341     94.629    275.691    282.317    0.00022    6.68027    9.54678  291.33821     8.6166   15.06865 7.4504e-02     0.4180     0.5084 0.0000e+00
        479 268.616881    0.03320     1.9921    119.526     48.459  49066.683    30.9911     8.6187     48.000     8.6128    24.0385     6.3275     9.0426     94.714    275.951    282.585    0.00041    6.68057    9.54721  291.35078     8.6139   15.06924 7.1246e-02     0.4064     0.4957 0.0000e+00
        484 268.616895    0.03353     2.0120    120.723     49.468  49071.630    30.9937     8.6154     49.000     8.6082    24.0410     6.3266     9.0413     94.695    275.911    282.544    0.00024    6.68095    9.54774  291.36654     8.6105   15.06998 6.8358e-02     0.4221     0.5107 0.0000e+00
        489 268.616909    0.03386     2.0315    121.893     50.478  49079.855    30.9982     8.6094     50.000     8.6013    24.0454     6.3216     9.0342     94.611    275.693    282.322   -0.00014    6.68167    9.54876  291.39641     8.6044   15.07138 6.5847e-02     0.3839     0.5113 0.0000e+00
        493 268.616922    0.03419     2.0514    123.087     51.488  49088.401    31.0028     8.6031     51.000     8.5967    24.0499     6.3223     9.0352     94.611    275.722    282.353   -0.00017    6.68241    9.54982  291.42725     8.5981   15.07284 6.3677e-02     0.3712     0.5378 0.0000e+00
        498 268.616936    0.03450     2.0704    124.223     52.497  49091.286    31.0040     8.6010     52.000     8.5951    24.0513     6.3263     9.0409     94.667    275.896    282.532    0.00001    6.68267    9.55020  291.43842     8.5958   15.07337 6.1810e-02     0.3685     0.5712 0.0000e+00
        502 268.616948    0.03481     2.0884    125.307     53.507  49093.351    31.0048     8.5993     53.000     8.5927    24.0521     6.3244     9.0382     94.636    275.815    282.449   -0.00011    6.68290    9.55053  291.44816     8.5940   15.07383 6.0199e-02     0.3628     0.5822 0.0000e+00
