CTD-processing/allCTD/CNV/2013_06-06_alongbay_skb02_outer_cast097_4141.cnv
* Sea-Bird SBE19plus Data File:
* FileName = C:\Documents and Settings\kbayadmin\My Documents\CTD data\2013-06-06 Kachemak Bay all bay inner bay Nuka\2013-06-06 Kachemak Bay All Bay Inner Bay cast097.hex
* Software Version 1.59
* Temperature SN =  4141
* Conductivity SN =  4141
* System UpLoad Time = Jun 18 2013 16:25:26
** Kachemak Bay All Bay Inner Bay
** 2013-06-06
** Station: KBay 2
** N': 59 31.0854
** W': 151 43.6494
** Start Time: 1242
** Depth(ft): 397
# nquan = 27
# nvalues = 119                         
# units = specified
# name 0 = scan: Scan Count
# name 1 = timeJ: Julian Days
# name 2 = timeH: Time, Elapsed [hours]
# name 3 = timeM: Time, Elapsed [minutes]
# name 4 = timeS: Time, Elapsed [seconds]
# name 5 = prdM: Pressure, Strain Gauge [db]
# name 6 = specc: Specific Conductance [uS/cm]
# name 7 = sal00: Salinity, Practical [PSU]
# name 8 = tv290C: Temperature [ITS-90, deg C]
# name 9 = depSM: Depth [salt water, m], lat = 59.00
# name 10 = potemp090C: Potential Temperature [ITS-90, deg C]
# name 11 = sigma-é00: Density [sigma-theta, kg/m^3]
# name 12 = sbeox0ML/L: Oxygen, SBE 43 [ml/l]
# name 13 = sbeox0Mg/L: Oxygen, SBE 43 [mg/l]
# name 14 = sbeox0PS: Oxygen, SBE 43 [% saturation]
# name 15 = sbox0Mm/Kg: Oxygen, SBE 43 [umol/kg]
# name 16 = sbeox0Mm/L: Oxygen, SBE 43 [umol/l]
# name 17 = sbox0dV/dT: Oxygen, SBE 43 [dov/dt]
# name 18 = oxsolML/L: Oxygen Saturation, Garcia & Gordon [ml/l]
# name 19 = oxsolMg/L: Oxygen Saturation, Garcia & Gordon [mg/l]
# name 20 = oxsolMm/Kg: Oxygen Saturation, Garcia & Gordon [umol/kg]
# name 21 = n2satMg/L: Nitrogen Saturation [mg/l]
# name 22 = par: PAR/Irradiance, Biospherical/Licor
# name 23 = wetStar: Fluorescence, WET Labs WETstar [mg/m^3]
# name 24 = CStarAt0: Beam Attenuation, WET Labs C-Star [1/m]
# name 25 = CStarTr0: Beam Transmission, WET Labs C-Star [%]
# name 26 = flag: flag
# span 0 =        331,        993       
# span 1 = 157.528560, 157.530475       
# span 2 =    0.02294,    0.06890       
# span 3 =     1.3765,     4.1339       
# span 4 =     82.591,    248.034       
# span 5 =      1.004,    120.121       
# span 6 =  48740.786,  51415.356       
# span 7 =    30.9052,    31.8875       
# span 8 =     4.7820,     9.4926       
# span 9 =      1.000,    119.000       
# span 10 =     4.7730,     9.3742      
# span 11 =    23.8371,    25.2317      
# span 12 =     6.9249,    10.1302      
# span 13 =     9.8964,    14.4771      
# span 14 =     95.390,    146.422      
# span 15 =    301.657,    441.468      
# span 16 =    309.268,    452.414      
# span 17 =   -0.12918,    0.00098      
# span 18 =    6.55595,    7.26007      
# span 19 =    9.36909,   10.37534      
# span 20 =  285.97352,  316.25482      
# span 21 =   14.81258,   16.25295      
# span 22 = 3.6141e-02, 2.8917e+01      
# span 23 =     0.4875,    19.6918      
# span 24 =     0.4521,     4.7089      
# span 25 =    38.2486,    89.3139      
# span 26 = 0.0000e+00, 0.0000e+00      
# interval = meters: 1                  
# start_time = Jun 06 2013 12:39:45 [Instrument's time stamp, header]
# bad_flag = -9.990e-29
*END*
        331 157.528560    0.02294     1.3765     82.591      1.004  48740.786    30.9052     9.4926      1.000     9.3742    23.8371     7.7438    11.0667    117.943    337.776    345.839    0.00031    6.55595    9.36909  285.97352   14.81258 2.8917e+01     0.7807     4.7089    38.2486 0.0000e+00
        552 157.529199    0.03827     2.2960    137.759      2.020  48899.858    30.9332     8.8914      2.000     8.5999    23.9517     9.7256    13.8988    146.422    424.184    434.344   -0.00000    6.64246    9.49273  289.71299   14.99121 1.5369e+01     1.3407     2.0845    59.1974 0.0000e+00
        554 157.529203    0.03839     2.3033    138.198      3.031  49211.241    31.0598     8.2656      3.000     7.9232    24.1431     9.8340    14.0538    146.103    428.833    439.186    0.00017    6.73089    9.61912  293.51512   15.17231 1.0064e+01     1.3951     2.2649    56.7621 0.0000e+00
        558 157.529215    0.03865     2.3189    139.132      4.041  49622.083    31.2394     7.5880      4.000     7.3052    24.3791     9.9739    14.2537    146.087    434.835    445.436    0.00002    6.82738    9.75700  297.65388   15.36914 6.9586e+00     1.6376     2.2189    57.4258 0.0000e+00
        561 157.529225    0.03890     2.3342    140.050      5.038  50060.931    31.4794     7.1956      5.000     7.0971    24.6207    10.0478    14.3592    146.081    437.950    448.733   -0.00012    6.87822    9.82966  299.79981   15.47055 4.9749e+00     2.2186     2.2754    56.6196 0.0000e+00
        566 157.529240    0.03925     2.3550    141.302      6.066  50204.578    31.5458     7.0032      6.000     6.9370    24.6985    10.0906    14.4205    146.120    439.784    450.646    0.00013    6.90570    9.86894  300.97510   15.52634 3.9432e+00     4.0279     2.2624    56.8030 0.0000e+00
        570 157.529251    0.03952     2.3711    142.269      7.065  50285.097    31.5765     6.8629      7.000     6.7983    24.7410    10.1221    14.4654    146.131    441.138    452.052    0.00008    6.92673    9.89900  301.87913   15.56933 1.4744e+00     7.0663     2.1692    58.1422 0.0000e+00
        574 157.529262    0.03979     2.3873    143.239      8.074  50384.404    31.6258     6.7552      8.000     6.7014    24.7936    10.1302    14.4771    145.931    441.468    452.414   -0.00112    6.94177    9.92048  302.51886   15.59964 3.0265e-01    11.5074     2.1231    58.8190 0.0000e+00
        578 157.529275    0.04009     2.4052    144.312      9.084  50465.080    31.6572     6.6223      9.000     6.5503    24.8353     9.8710    14.1066    141.790    430.154    440.837   -0.03181    6.96177    9.94907  303.37831   15.64049 4.8732e-02    16.7797     1.9179    61.9201 0.0000e+00
        583 157.529287    0.04039     2.4231    145.388     10.097  50589.180    31.7185     6.4908     10.000     6.4524    24.9004     9.3818    13.4075    134.405    408.812    418.991   -0.08720    6.98026    9.97548  304.16448   15.67772 3.6141e-02    18.9545     1.5988    67.0620 0.0000e+00
        586 157.529298    0.04066     2.4394    146.365     11.105  50625.878    31.7298     6.4172     11.000     6.3856    24.9185     8.9345    12.7683    127.788    389.314    399.015   -0.11913    6.99172    9.99187  304.65874   15.70123 3.6343e-02    18.1355     1.5131    68.5050 0.0000e+00
        590 157.529309    0.04091     2.4550    147.298     12.112  50674.055    31.7535     6.3681     12.000     6.3522    24.9433     8.6092    12.3033    123.013    375.129    384.486   -0.12918    6.99864   10.00176  304.95269   15.71515 3.6375e-02    18.3918     1.4525    69.5528 0.0000e+00
        594 157.529321    0.04119     2.4715    148.290     13.118  50689.769    31.7586     6.3398     13.000     6.3144    24.9508     8.4186    12.0310    120.213    366.821    375.974   -0.11539    7.00303   10.00803  305.14188   15.72415 3.6381e-02    19.1155     1.4045    70.3906 0.0000e+00
        599 157.529334    0.04152     2.4914    149.482     14.141  50705.483    31.7558     6.2701     14.000     6.2298    24.9571     8.2870    11.8429    118.139    361.084    370.096   -0.09122    7.01457   10.02453  305.64275   15.74804 3.6382e-02    19.6918     1.4176    70.1599 0.0000e+00
        603 157.529345    0.04179     2.5070    150.422     15.134  50743.409    31.7672     6.1950     15.000     6.1547    24.9754     8.1982    11.7160    116.678    357.210    366.131   -0.07705    7.02639   10.04141  306.15216   15.77227 3.6382e-02    18.3183     1.4584    69.4507 0.0000e+00
        607 157.529358    0.04210     2.5260    151.558     16.159  50770.114    31.7689     6.1107     16.000     6.0583    24.9871     8.0432    11.4945    114.247    350.452    359.208   -0.07062    7.04018   10.06112  306.74966   15.80074 3.6382e-02    17.6808     1.5459    67.9441 0.0000e+00
        611 157.529369    0.04236     2.5416    152.495     17.154  50800.185    31.7666     5.9950     17.000     5.9349    24.9992     7.9199    11.3183    112.190    345.074    353.701   -0.06847    7.05945   10.08866  307.58563   15.84059 3.6382e-02    17.3723     1.3581    71.2433 0.0000e+00
        615 157.529382    0.04267     2.5603    153.619     18.177  50900.278    31.8134     5.8838     18.000     5.8594    25.0495     7.7797    11.1180    109.950    338.953    347.444   -0.06411    7.07573   10.11192  308.27982   15.87347 3.6382e-02    17.2432     1.0709    76.5344 0.0000e+00
        619 157.529393    0.04295     2.5765    154.592     19.183  50930.590    31.8259     5.8430     19.000     5.8272    25.0641     7.6704    10.9618    108.310    334.185    342.561   -0.05978    7.08194   10.12080  308.54609   15.88610 3.6382e-02    12.2170     0.7779    82.3051 0.0000e+00
        623 157.529404    0.04320     2.5920    155.519     20.182  50926.661    31.8159     5.8090     20.000     5.7835    25.0603     7.6289    10.9024    107.629    332.375    340.705   -0.04947    7.08808   10.12958  308.81468   15.89894 3.6382e-02     9.1268     0.7291    83.3374 0.0000e+00
        628 157.529418    0.04352     2.6114    156.682     21.212  50956.492    31.8258     5.7585     21.000     5.7379    25.0741     7.6100    10.8754    107.242    331.548    339.861   -0.03561    7.09608   10.14101  309.15915   15.91531 3.6382e-02     7.2207     0.6713    84.5507 0.0000e+00
        631 157.529428    0.04378     2.6267    157.603     22.200  50952.216    31.8125     5.7097     22.000     5.6754    25.0693     7.5914    10.8489    106.848    330.740    339.032   -0.02891    7.10488   10.15358  309.54375   15.93369 3.6382e-02     6.8551     0.6310    85.4079 0.0000e+00
        636 157.529443    0.04413     2.6477    158.862     23.233  51009.860    31.8373     5.6381     23.000     5.6243    25.0972     7.5413    10.7772    105.980    328.547    336.792   -0.02522    7.11574   10.16911  310.00873   15.95573 3.6382e-02     5.9026     0.5985    86.1032 0.0000e+00
        640 157.529452    0.04436     2.6617    159.699     24.219  51010.792    31.8334     5.6186     24.000     5.5993    25.0965     7.5028    10.7222    105.388    326.870    335.074   -0.02417    7.11920   10.17406  310.15989   15.96296 3.6382e-02     5.5056     0.5802    86.4971 0.0000e+00
        644 157.529464    0.04464     2.6785    160.711     25.236  51030.274    31.8392     5.5836     25.000     5.5688    25.1051     7.4707    10.6764    104.855    325.471    333.642   -0.02150    7.12482   10.18208  310.40188   15.97445 3.6382e-02     5.1740     0.5744    86.6238 0.0000e+00
        648 157.529476    0.04494     2.6965    161.789     26.253  51016.665    31.8237     5.5564     26.000     5.5232    25.0959     7.4473    10.6429    104.448    324.454    332.597   -0.01824    7.13015   10.18971  310.63684   15.98571 3.6382e-02     5.0281     0.5716    86.6850 0.0000e+00
        652 157.529488    0.04520     2.7121    162.724     27.256  51041.522    31.8272     5.4924     27.000     5.4650    25.1060     7.4466    10.6419    104.282    324.419    332.565   -0.01448    7.14080   10.20492  311.09777   16.00765 3.6382e-02     5.0844     0.5538    87.0729 0.0000e+00
        656 157.529498    0.04546     2.7274    163.645     28.264  51073.802    31.8421     5.4592     28.000     5.4394    25.1216     7.4207    10.6050    103.849    323.289    331.411   -0.01381    7.14572   10.21194  311.30711   16.01756 3.6382e-02     4.6386     0.5326    87.5324 0.0000e+00
        660 157.529511    0.04576     2.7459    164.752     29.277  51082.451    31.8369     5.4081     29.000     5.3840    25.1233     7.3696    10.5319    103.005    321.061    329.128   -0.01630    7.15464   10.22469  311.69519   16.03607 3.6382e-02     4.2489     0.5190    87.8319 0.0000e+00
        664 157.529524    0.04606     2.7637    165.824     30.294  51102.381    31.8414     5.3663     30.000     5.3445    25.1316     7.3203    10.4615    102.218    318.912    326.927   -0.01809    7.16154   10.23456  311.99365   16.05026 3.6382e-02     4.1227     0.5045    88.1507 0.0000e+00
        668 157.529533    0.04629     2.7773    166.636     31.284  51126.907    31.8517     5.3377     31.000     5.3247    25.1431     7.2898    10.4179    101.729    317.578    325.563   -0.01787    7.16591   10.24080  312.18012   16.05909 3.6382e-02     3.7344     0.4915    88.4366 0.0000e+00
        672 157.529547    0.04662     2.7968    167.808     32.314  51144.514    31.8594     5.3186     32.000     5.3120    25.1512     7.2617    10.3777    101.296    316.350    324.307   -0.01569    7.16879   10.24493  312.30360   16.06495 3.6382e-02     3.5953     0.4961    88.3432 0.0000e+00
        676 157.529557    0.04687     2.8120    168.718     33.305  51144.477    31.8572     5.3107     33.000     5.3023    25.1504     7.2473    10.3572    101.076    315.726    323.666   -0.01323    7.17026   10.24702  312.36759   16.06800 3.6382e-02     3.2063     0.4811    88.6700 0.0000e+00
        680 157.529570    0.04717     2.8303    169.818     34.329  51151.854    31.8591     5.2982     34.000     5.2908    25.1533     7.2295    10.3317    100.797    314.948    322.870   -0.01142    7.17230   10.24993  312.45541   16.07218 3.6382e-02     3.1781     0.4715    88.8800 0.0000e+00
        684 157.529581    0.04744     2.8463    170.778     35.327  51152.612    31.8572     5.2890     35.000     5.2793    25.1529     7.2268    10.3278    100.736    314.829    322.747   -0.00889    7.17396   10.25231  312.52795   16.07564 3.6382e-02     2.9309     0.4665    88.9902 0.0000e+00
        688 157.529593    0.04774     2.8642    171.854     36.350  51159.168    31.8578     5.2727     36.000     5.2638    25.1552     7.2249    10.3250    100.671    314.744    322.661   -0.00654    7.17671   10.25624  312.64740   16.08132 3.6382e-02     2.7137     0.4648    89.0295 0.0000e+00
        692 157.529604    0.04800     2.8798    172.791     37.347  51169.263    31.8624     5.2639     37.000     5.2587    25.1598     7.2155    10.3117    100.523    314.336    322.245   -0.00601    7.17800   10.25808  312.70191   16.08390 3.6382e-02     3.0326     0.4598    89.1413 0.0000e+00
        697 157.529617    0.04830     2.8983    173.900     38.366  51170.088    31.8613     5.2586     38.000     5.2530    25.1595     7.2051    10.2968    100.364    313.882    321.779   -0.00555    7.17896   10.25946  312.74410   16.08592 3.6382e-02     2.7793     0.4614    89.1052 0.0000e+00
        701 157.529629    0.04858     2.9148    174.886     39.376  51173.934    31.8626     5.2545     39.000     5.2487    25.1610     7.2014    10.2915    100.303    313.719    321.613   -0.00455    7.17960   10.26036  312.77106   16.08719 3.6382e-02     2.5651     0.4641    89.0456 0.0000e+00
        704 157.529638    0.04882     2.9289    175.736     40.376  51163.461    31.8531     5.2461     40.000     5.2331    25.1544     7.1965    10.2846    100.210    313.512    321.398   -0.00411    7.18147   10.26305  312.85492   16.09122 3.6382e-02     2.4918     0.4610    89.1150 0.0000e+00
        708 157.529650    0.04909     2.9454    176.722     41.390  51182.173    31.8621     5.2300     41.000     5.2230    25.1633     7.1825    10.2644     99.982    312.896    320.769   -0.00491    7.18380   10.26637  312.95364   16.09589 3.6382e-02     2.4472     0.4611    89.1110 0.0000e+00
        712 157.529661    0.04938     2.9625    177.751     42.404  51185.695    31.8621     5.2212     42.000     5.2146    25.1644     7.1683    10.2443     99.764    312.280    320.138   -0.00540    7.18530   10.26853  313.01888   16.09899 3.6382e-02     2.3132     0.4521    89.3139 0.0000e+00
        716 157.529672    0.04963     2.9781    178.686     43.411  51185.710    31.8603     5.2153     43.000     5.2066    25.1636     7.1592    10.2312     99.621    311.880    319.728   -0.00522    7.18641   10.27011  313.06744   16.10131 3.6382e-02     2.3651     0.4538    89.2737 0.0000e+00
        719 157.529683    0.04989     2.9936    179.615     44.417  51191.668    31.8621     5.2061     44.000     5.1970    25.1660     7.1566    10.2276     99.565    311.769    319.615   -0.00446    7.18790   10.27223  313.13135   16.10435 3.6382e-02     2.7648     0.4536    89.2790 0.0000e+00
        724 157.529695    0.05020     3.0117    180.702     45.432  51173.098    31.8442     5.1849     45.000     5.1589    25.1542     7.1561    10.2267     99.495    311.749    319.591   -0.00353    7.19240   10.27866  313.33085   16.11393 3.6382e-02     2.4880     0.4549    89.2514 0.0000e+00
        728 157.529707    0.05047     3.0279    181.674     46.441  51195.253    31.8492     5.1396     46.000     5.1172    25.1632     7.1489    10.2164     99.290    311.429    319.266   -0.00429    7.19993   10.28943  313.65655   16.12941 3.6382e-02     2.2092     0.4690    88.9367 0.0000e+00
        731 157.529717    0.05072     3.0434    182.603     47.445  51222.207    31.8609     5.1097     47.000     5.0963    25.1757     7.1337    10.1948     99.018    310.769    318.593   -0.00543    7.20450   10.29596  313.85168   16.13865 3.6382e-02     2.1829     0.4727    88.8540 0.0000e+00
        735 157.529729    0.05100     3.0602    183.611     48.458  51239.157    31.8686     5.0941     48.000     5.0871    25.1835     7.1199    10.1750     98.794    310.164    317.975   -0.00594    7.20681   10.29926  313.94994   16.14330 3.6382e-02     2.2048     0.4794    88.7066 0.0000e+00
        740 157.529741    0.05129     3.0775    184.650     49.472  51236.507    31.8643     5.0847     49.000     5.0730    25.1812     7.1037    10.1519     98.544    309.458    317.251   -0.00614    7.20864   10.30187  314.03032   16.14714 3.6382e-02     1.9337     0.4832    88.6220 0.0000e+00
        743 157.529752    0.05155     3.0930    185.583     50.477  51243.519    31.8653     5.0696     50.000     5.0580    25.1836     7.0921    10.1353     98.348    308.954    316.734   -0.00638    7.21120   10.30553  314.14104   16.15241 3.6382e-02     1.8665     0.4896    88.4793 0.0000e+00
        747 157.529764    0.05182     3.1093    186.556     51.484  51241.776    31.8597     5.0512     51.000     5.0336    25.1811     7.0909    10.1336     98.285    308.902    316.680   -0.00513    7.21464   10.31044  314.29166   16.15961 3.6382e-02     1.7987     0.4898    88.4758 0.0000e+00
        752 157.529776    0.05212     3.1275    187.648     52.503  51253.695    31.8609     5.0218     52.000     5.0035    25.1854     7.0810    10.1194     98.080    308.466    316.236   -0.00516    7.21965   10.31761  314.50859   16.16992 3.6382e-02     1.6438     0.4966    88.3251 0.0000e+00
        755 157.529787    0.05238     3.1429    188.572     53.505  51255.816    31.8549     4.9901     53.000     4.9649    25.1841     7.0697    10.1032     97.844    307.975    315.731   -0.00585    7.22543   10.32587  314.76086   16.18196 3.6382e-02     1.6404     0.5164    87.8882 0.0000e+00
