CTD-processing/allCTD/CNV/2013_04-20_t7_s23_cast104_5028.cnv
* Sea-Bird SBE19plus Data File:
* FileName = C:\Documents and Settings\kris.holderied.local\My Documents\2012-2013-CTD-DATA-new-files\2013-04-EVOSTC-CookInlet-Ocean\2013-04-CookInlet-Tran7-Augustine\2013-04-20-CookInlet-Trans7-Cast104.hex
* Software Version 1.54
* Temperature SN =  5028
* Conductivity SN =  5028
* System UpLoad Time = Apr 20 2013 15:10:20
** Cook Inlet LTM Tran7 Augustine to Flat Island
** Date:  2013-04-20
** Station: 7-23
** Start time (AKDT-24 hr):  1350
** Depth (m): 50
** Comment:
** Comment:
# nquan = 27
# nvalues = 49                          
# units = specified
# name 0 = scan: Scan Count
# name 1 = timeJ: Julian Days
# name 2 = timeH: Time, Elapsed [hours]
# name 3 = timeM: Time, Elapsed [minutes]
# name 4 = timeS: Time, Elapsed [seconds]
# name 5 = prdM: Pressure, Strain Gauge [db]
# name 6 = specc: Specific Conductance [uS/cm]
# name 7 = sal00: Salinity, Practical [PSU]
# name 8 = tv290C: Temperature [ITS-90, deg C]
# name 9 = depSM: Depth [salt water, m], lat = 59.00
# name 10 = potemp090C: Potential Temperature [ITS-90, deg C]
# name 11 = sigma-é00: Density [sigma-theta, kg/m^3]
# name 12 = sbeox0ML/L: Oxygen, SBE 43 [ml/l]
# name 13 = sbeox0Mg/L: Oxygen, SBE 43 [mg/l]
# name 14 = sbeox0PS: Oxygen, SBE 43 [% saturation]
# name 15 = sbox0Mm/Kg: Oxygen, SBE 43 [umol/kg]
# name 16 = sbeox0Mm/L: Oxygen, SBE 43 [umol/l]
# name 17 = sbox0dV/dT: Oxygen, SBE 43 [dov/dt]
# name 18 = oxsolML/L: Oxygen Saturation, Garcia & Gordon [ml/l]
# name 19 = oxsolMg/L: Oxygen Saturation, Garcia & Gordon [mg/l]
# name 20 = oxsolMm/Kg: Oxygen Saturation, Garcia & Gordon [umol/kg]
# name 21 = potemp090C: Potential Temperature [ITS-90, deg C]
# name 22 = n2satMg/L: Nitrogen Saturation [mg/l]
# name 23 = par: PAR/Irradiance, Biospherical/Licor
# name 24 = flECO-AFL: Fluorescence, WET Labs ECO-AFL/FL [mg/m^3]
# name 25 = turbWETntu0: Turbidity, WET Labs ECO [NTU]
# name 26 = flag: flag
# span 0 =        163,        562       
# span 1 = 110.577921, 110.579077       
# span 2 =    0.01122,    0.03896       
# span 3 =     0.6734,     2.3375       
# span 4 =     40.402,    140.247       
# span 5 =      1.010,     49.469       
# span 6 =  48943.424,  51844.371       
# span 7 =    30.1883,    32.0293       
# span 8 =     3.8543,     3.9279       
# span 9 =      1.000,     49.000       
# span 10 =     3.8525,     3.9266      
# span 11 =    23.9702,    25.4306      
# span 12 =     7.1069,     8.3262      
# span 13 =    10.1564,    11.8989      
# span 14 =     94.674,    112.191      
# span 15 =    310.032,    362.655      
# span 16 =    317.393,    371.846      
# span 17 =    0.00020,    0.00962      
# span 18 =    7.40398,    7.51027      
# span 19 =   10.58102,   10.73293      
# span 20 =  322.45470,  327.64931      
# span 21 =     3.8525,     3.9278      
# span 22 =   16.54733,   16.80169      
# span 23 = 1.5685e+00, 3.1946e+02      
# span 24 =     0.5469,     1.2745      
# span 25 =     0.3341,     0.7725      
# span 26 = 0.0000e+00, 0.0000e+00      
# interval = meters: 1                  
# start_time = Apr 20 2013 13:51:32 [Instrument's time stamp, header]
# bad_flag = -9.990e-29
*END*
        163 110.577921    0.01122     0.6734     40.402      1.010  48943.424    30.1883     3.9007      1.000     3.9162    23.9702     7.1069    10.1564     94.674    310.032    317.393    0.00051    7.51027   10.73293  327.64931     3.9007   16.80169 3.1946e+02     0.5469     0.7725 0.0000e+00
        375 110.578537    0.02600     1.5600     93.602      2.019  51844.371    32.0293     3.9279      2.000     3.9266    25.4306     7.5311    10.7627    101.708    327.996    336.341    0.00236    7.40398   10.58102  322.45470     3.9278   16.54733 2.9768e+02     0.6966     0.3341 0.0000e+00
        367 110.578514    0.02543     1.5258     91.550      3.028  51657.611    31.9089     3.9214      3.000     3.9164    25.3355     7.5059    10.7266    101.269    326.929    335.212    0.00175    7.41177   10.59216  322.83038     3.9212   16.56568 2.3578e+02     0.7218     0.3685 0.0000e+00
        371 110.578525    0.02572     1.5437     92.623      4.038  51664.597    31.9107     3.9113      4.000     3.9077    25.3379     7.5130    10.7368    101.342    327.239    335.531    0.00162    7.41351   10.59464  322.90540     3.9110   16.56924 1.9962e+02     0.7865     0.3678 0.0000e+00
        376 110.578538    0.02601     1.5605     93.627      5.047  51671.362    31.9135     3.9061      5.000     3.9048    25.3407     7.5186    10.7449    101.407    327.485    335.783    0.00151    7.41430   10.59578  322.93931     3.9058   16.57084 1.6867e+02     0.8933     0.3659 0.0000e+00
        379 110.578548    0.02627     1.5764     94.583      6.057  51671.983    31.9129     3.9040      6.000     3.9015    25.3404     7.5312    10.7629    101.571    328.032    336.344    0.00167    7.41471   10.59636  322.95719     3.9036   16.57169 1.4411e+02     0.9878     0.3658 0.0000e+00
        383 110.578559    0.02653     1.5919     95.511      7.066  51671.910    31.9113     3.8993      7.000     3.8947    25.3395     7.5665    10.8133    102.035    329.570    337.921    0.00265    7.41563   10.59769  322.99779     3.8989   16.57363 1.2769e+02     1.0454     0.3672 0.0000e+00
        387 110.578570    0.02679     1.6071     96.427      8.076  51679.709    31.9144     3.8926      8.000     3.8909    25.3426     7.6184    10.8874    102.719    331.829    340.238    0.00417    7.41671   10.59922  323.04337     3.8921   16.57579 1.1293e+02     1.0852     0.3610 0.0000e+00
        390 110.578580    0.02702     1.6216     97.296      9.086  51681.829    31.9151     3.8915      9.000     3.8896    25.3432     7.6732    10.9658    103.456    334.217    342.686    0.00561    7.41688   10.59947  323.05063     3.8909   16.57613 1.0119e+02     1.1262     0.3562 0.0000e+00
        394 110.578591    0.02728     1.6369     98.215     10.094  51683.323    31.9149     3.8887     10.000     3.8869    25.3434     7.7414    11.0633    104.368    337.186    345.732    0.00737    7.41739   10.60020  323.07309     3.8880   16.57720 8.9867e+01     1.1664     0.3612 0.0000e+00
        398 110.578603    0.02758     1.6547     99.281     11.104  51686.516    31.9163     3.8878     11.000     3.8876    25.3446     7.8058    11.1552    105.234    339.989    348.606    0.00855    7.41748   10.60031  323.07630     3.8871   16.57735 8.2656e+01     1.1954     0.3630 0.0000e+00
        403 110.578616    0.02789     1.6734    100.401     12.113  51684.428    31.9145     3.8884     12.000     3.8863    25.3431     7.8613    11.2346    105.984    342.410    351.088    0.00912    7.41746   10.60029  323.07615     3.8876   16.57734 7.5431e+01     1.2039     0.3643 0.0000e+00
        407 110.578628    0.02820     1.6917    101.504     13.123  51685.714    31.9140     3.8849     13.000     3.8822    25.3431     7.9175    11.3149    106.732    344.857    353.597    0.00962    7.41811   10.60123  323.10444     3.8841   16.57869 6.9646e+01     1.2186     0.3643 0.0000e+00
        411 110.578641    0.02848     1.7092    102.550     14.132  51688.948    31.9148     3.8811     14.000     3.8792    25.3441     7.9559    11.3697    107.240    346.527    355.310    0.00945    7.41876   10.60215  323.13231     3.8803   16.58002 6.4663e+01     1.2326     0.3529 0.0000e+00
        415 110.578653    0.02877     1.7262    103.571     15.142  51690.822    31.9151     3.8793     15.000     3.8775    25.3445     7.9925    11.4221    107.729    348.121    356.944    0.00926    7.41908   10.60261  323.14627     3.8783   16.58068 5.8616e+01     1.2596     0.3477 0.0000e+00
        419 110.578664    0.02905     1.7429    104.577     16.152  51691.904    31.9149     3.8776     16.000     3.8756    25.3445     8.0343    11.4818    108.287    349.942    358.811    0.00933    7.41940   10.60306  323.15995     3.8766   16.58133 5.3363e+01     1.2745     0.3556 0.0000e+00
        423 110.578676    0.02933     1.7601    105.604     17.161  51692.421    31.9141     3.8751     17.000     3.8722    25.3442     8.0784    11.5448    108.875    351.863    360.781    0.00945    7.41988   10.60375  323.18096     3.8741   16.58233 4.8334e+01     1.2395     0.3613 0.0000e+00
        428 110.578688    0.02963     1.7780    106.678     18.170  51694.961    31.9144     3.8711     18.000     3.8685    25.3447     8.1071    11.5859    109.252    353.115    362.065    0.00892    7.42060   10.60477  323.21210     3.8700   16.58381 4.3164e+01     1.2255     0.3591 0.0000e+00
        432 110.578702    0.02994     1.7966    107.797     19.180  51697.685    31.9151     3.8684     19.000     3.8658    25.3455     8.1225    11.6080    109.453    353.787    362.753    0.00790    7.42105   10.60542  323.23171     3.8672   16.58474 3.8741e+01     1.2512     0.3686 0.0000e+00
        437 110.578714    0.03025     1.8146    108.879     20.190  51699.461    31.9149     3.8649     20.000     3.8619    25.3457     8.1323    11.6219    109.575    354.211    363.189    0.00687    7.42170   10.60635  323.25983     3.8636   16.58608 3.4516e+01     1.2574     0.3641 0.0000e+00
        441 110.578726    0.03053     1.8318    109.908     21.199  51703.027    31.9161     3.8621     21.000     3.8600    25.3470     8.1504    11.6477    109.812    354.999    363.998    0.00637    7.42215   10.60699  323.27891     3.8608   16.58698 3.0635e+01     1.2521     0.3590 0.0000e+00
        445 110.578738    0.03082     1.8495    110.972     22.209  51702.883    31.9149     3.8594     22.000     3.8558    25.3462     8.1676    11.6723    110.035    355.747    364.764    0.00591    7.42269   10.60777  323.30282     3.8581   16.58812 2.7235e+01     1.2373     0.3596 0.0000e+00
        449 110.578751    0.03113     1.8676    112.058     23.218  51707.658    31.9166     3.8552     23.000     3.8532    25.3480     8.1834    11.6950    110.239    356.438    365.474    0.00546    7.42338   10.60875  323.33235     3.8537   16.58952 2.4154e+01     1.2143     0.3588 0.0000e+00
        454 110.578764    0.03145     1.8869    113.212     24.228  51710.327    31.9179     3.8553     24.000     3.8543    25.3490     8.1912    11.7061    110.345    356.775    365.819    0.00474    7.42329   10.60863  323.32819     3.8538   16.58931 2.1555e+01     1.2078     0.3551 0.0000e+00
        458 110.578777    0.03177     1.9061    114.364     25.238  51709.081    31.9167     3.8559     25.000     3.8537    25.3480     8.2021    11.7217    110.493    357.252    366.307    0.00426    7.42325   10.60855  323.32630     3.8543   16.58923 1.9343e+01     1.2274     0.3562 0.0000e+00
        463 110.578789    0.03205     1.9231    115.383     26.248  51710.619    31.9169     3.8548     26.000     3.8529    25.3483     8.2102    11.7332    110.598    357.603    366.668    0.00385    7.42344   10.60883  323.33463     3.8531   16.58963 1.7369e+01     1.2406     0.3600 0.0000e+00
        466 110.578800    0.03232     1.9395    116.373     27.257  51711.475    31.9169     3.8544     27.000     3.8525    25.3483     8.2184    11.7450    110.709    357.962    367.035    0.00351    7.42351   10.60893  323.33760     3.8527   16.58977 1.5708e+01     1.2546     0.3664 0.0000e+00
        470 110.578812    0.03260     1.9560    117.358     28.266  51712.956    31.9173     3.8543     28.000     3.8528    25.3487     8.2295    11.7608    110.858    358.446    367.532    0.00337    7.42350   10.60893  323.33733     3.8525   16.58976 1.4151e+01     1.2182     0.3700 0.0000e+00
        474 110.578823    0.03286     1.9717    118.302     29.276  51713.431    31.9173     3.8549     29.000     3.8535    25.3487     8.2289    11.7599    110.851    358.418    367.504    0.00283    7.42339   10.60877  323.33247     3.8531   16.58953 1.2791e+01     1.1952     0.3568 0.0000e+00
        478 110.578834    0.03313     1.9879    119.273     30.285  51712.989    31.9167     3.8558     30.000     3.8541    25.3481     8.2327    11.7653    110.904    358.582    367.671    0.00247    7.42326   10.60858  323.32703     3.8539   16.58926 1.1576e+01     1.2061     0.3522 0.0000e+00
        482 110.578846    0.03343     2.0058    120.348     31.294  51714.721    31.9175     3.8565     31.000     3.8561    25.3487     8.2463    11.7847    111.089    359.174    368.278    0.00254    7.42310   10.60835  323.31974     3.8545   16.58891 1.0471e+01     1.2187     0.3668 0.0000e+00
        487 110.578859    0.03373     2.0239    121.434     32.305  51713.404    31.9172     3.8609     32.000     3.8609    25.3481     8.2540    11.7958    111.205    359.510    368.622    0.00241    7.42230   10.60721  323.28537     3.8589   16.58728 9.4755e+00     1.2098     0.3788 0.0000e+00
        491 110.578871    0.03401     2.0402    122.414     33.314  51710.262    31.9153     3.8638     33.000     3.8623    25.3462     8.2590    11.8029    111.278    359.727    368.844    0.00220    7.42187   10.60660  323.26740     3.8617   16.58644 8.5873e+00     1.2360     0.3917 0.0000e+00
        494 110.578881    0.03427     2.0559    123.352     34.324  51710.122    31.9149     3.8648     34.000     3.8631    25.3459     8.2738    11.8242    111.482    360.376    369.510    0.00238    7.42171   10.60637  323.26044     3.8627   16.58611 7.8138e+00     1.2111     0.3764 0.0000e+00
        498 110.578893    0.03453     2.0720    124.317     35.333  51710.131    31.9146     3.8655     35.000     3.8635    25.3455     8.2813    11.8349    111.585    360.703    369.846    0.00233    7.42160   10.60621  323.25569     3.8633   16.58588 7.1217e+00     1.1937     0.3709 0.0000e+00
        503 110.578905    0.03483     2.0898    125.391     36.343  51710.195    31.9142     3.8658     36.000     3.8633    25.3452     8.2812    11.8346    111.582    360.695    369.836    0.00184    7.42157   10.60618  323.25471     3.8635   16.58584 6.5310e+00     1.1771     0.3586 0.0000e+00
        507 110.578919    0.03516     2.1095    126.569     37.353  51711.224    31.9143     3.8656     37.000     3.8634    25.3453     8.2936    11.8523    111.748    361.234    370.390    0.00196    7.42161   10.60621  323.25591     3.8633   16.58590 5.9902e+00     1.1854     0.3686 0.0000e+00
        512 110.578932    0.03548     2.1287    127.721     38.362  51711.339    31.9140     3.8662     38.000     3.8640    25.3450     8.2907    11.8483    111.713    361.113    370.265    0.00147    7.42150   10.60607  323.25150     3.8638   16.58569 5.5049e+00     1.1961     0.3729 0.0000e+00
        516 110.578945    0.03579     2.1479    128.873     39.372  51711.564    31.9138     3.8667     39.000     3.8643    25.3448     8.2945    11.8536    111.764    361.274    370.431    0.00129    7.42143   10.60597  323.24838     3.8642   16.58554 5.0480e+00     1.1807     0.3587 0.0000e+00
        521 110.578958    0.03610     2.1663    129.977     40.382  51712.022    31.9136     3.8669     40.000     3.8644    25.3447     8.2978    11.8584    111.809    361.420    370.580    0.00118    7.42140   10.60592  323.24715     3.8643   16.58548 4.6103e+00     1.1626     0.3544 0.0000e+00
        525 110.578971    0.03641     2.1847    131.080     41.391  51712.667    31.9136     3.8670     41.000     3.8644    25.3446     8.2989    11.8600    111.824    361.468    370.629    0.00096    7.42139   10.60591  323.24662     3.8644   16.58546 4.1890e+00     1.1546     0.3636 0.0000e+00
        530 110.578984    0.03673     2.2033    132.198     42.400  51713.493    31.9137     3.8670     42.000     3.8643    25.3447     8.3059    11.8701    111.919    361.775    370.944    0.00102    7.42138   10.60590  323.24631     3.8643   16.58544 3.7494e+00     1.1452     0.3619 0.0000e+00
        534 110.578996    0.03702     2.2213    133.275     43.410  51714.096    31.9136     3.8672     43.000     3.8645    25.3446     8.3143    11.8820    112.032    362.138    371.316    0.00112    7.42135   10.60586  323.24513     3.8644   16.58539 3.3189e+00     1.1457     0.3562 0.0000e+00
        538 110.579009    0.03732     2.2395    134.372     44.420  51714.570    31.9134     3.8674     44.000     3.8647    25.3445     8.3188    11.8884    112.093    362.334    371.517    0.00107    7.42132   10.60581  323.24357     3.8646   16.58532 2.9267e+00     1.1502     0.3673 0.0000e+00
        543 110.579023    0.03766     2.2594    135.561     45.429  51715.219    31.9134     3.8675     45.000     3.8645    25.3444     8.3229    11.8943    112.148    362.513    371.701    0.00098    7.42132   10.60581  323.24360     3.8646   16.58531 2.5749e+00     1.1787     0.3735 0.0000e+00
        548 110.579037    0.03799     2.2794    136.764     46.439  51716.349    31.9135     3.8672     46.000     3.8641    25.3446     8.3255    11.8979    112.183    362.625    371.816    0.00086    7.42136   10.60586  323.24526     3.8643   16.58539 2.2716e+00     1.1846     0.3746 0.0000e+00
        553 110.579050    0.03831     2.2987    137.923     47.449  51717.543    31.9138     3.8667     47.000     3.8634    25.3448     8.3262    11.8989    112.191    362.655    371.846    0.00069    7.42143   10.60597  323.24844     3.8637   16.58554 2.0048e+00     1.1928     0.3663 0.0000e+00
        557 110.579063    0.03862     2.3171    139.028     48.459  51718.930    31.9141     3.8663     48.000     3.8632    25.3451     8.3236    11.8953    112.156    362.544    371.733    0.00045    7.42148   10.60604  323.25053     3.8633   16.58564 1.7754e+00     1.1992     0.3585 0.0000e+00
        562 110.579077    0.03896     2.3375    140.247     49.469  51719.780    31.9141     3.8663     49.000     3.8632    25.3452     8.3204    11.8908    112.113    362.406    371.592    0.00020    7.42148   10.60604  323.25058     3.8632   16.58565 1.5685e+00     1.1476     0.3656 0.0000e+00
