CTD-processing/allCTD/CNV/2013_09-25_t9_s07_cast103_5028.cnv
* Sea-Bird SBE19plus Data File:
* FileName = C:\Users\kris.holderied\Documents\kasitsna\Research-Projects-and-Data\Oceanography-AK\CTD-CookInlet-GulfWatchAK\2013-09-25-CookInlet-Tran9-HomerSpit\2013-09-25-CookInlet-Tran9-HomerSpit-cast103.hex
* Software Version 1.59
* Temperature SN =  5028
* Conductivity SN =  5028
* System UpLoad Time = Apr 09 2014 19:55:15
** Cook Inlet LTM Homer Spit Line - Monthly
** Date: 2013-09-25
** Station: 9-07
** Start time: 14:09
** Depth (m): 111.3
** CoComment:
** Comment:
# nquan = 27
# nvalues = 96                          
# units = specified
# name 0 = scan: Scan Count
# name 1 = timeJ: Julian Days
# name 2 = timeH: Time, Elapsed [hours]
# name 3 = timeM: Time, Elapsed [minutes]
# name 4 = timeS: Time, Elapsed [seconds]
# name 5 = prdM: Pressure, Strain Gauge [db]
# name 6 = specc: Specific Conductance [uS/cm]
# name 7 = sal00: Salinity, Practical [PSU]
# name 8 = tv290C: Temperature [ITS-90, deg C]
# name 9 = depSM: Depth [salt water, m], lat = 59.00
# name 10 = potemp090C: Potential Temperature [ITS-90, deg C]
# name 11 = sigma-é00: Density [sigma-theta, kg/m^3]
# name 12 = sbeox0ML/L: Oxygen, SBE 43 [ml/l]
# name 13 = sbeox0Mg/L: Oxygen, SBE 43 [mg/l]
# name 14 = sbeox0PS: Oxygen, SBE 43 [% saturation]
# name 15 = sbox0Mm/Kg: Oxygen, SBE 43 [umol/kg]
# name 16 = sbeox0Mm/L: Oxygen, SBE 43 [umol/l]
# name 17 = sbox0dV/dT: Oxygen, SBE 43 [dov/dt]
# name 18 = oxsolML/L: Oxygen Saturation, Garcia & Gordon [ml/l]
# name 19 = oxsolMg/L: Oxygen Saturation, Garcia & Gordon [mg/l]
# name 20 = oxsolMm/Kg: Oxygen Saturation, Garcia & Gordon [umol/kg]
# name 21 = potemp090C: Potential Temperature [ITS-90, deg C]
# name 22 = n2satMg/L: Nitrogen Saturation [mg/l]
# name 23 = par: PAR/Irradiance, Biospherical/Licor
# name 24 = flECO-AFL: Fluorescence, WET Labs ECO-AFL/FL [mg/m^3]
# name 25 = turbWETntu0: Turbidity, WET Labs ECO [NTU]
# name 26 = flag: flag
# span 0 =        278,        694       
# span 1 = 268.591253, 268.592457       
# span 2 =    0.01923,    0.04812       
# span 3 =     1.1539,     2.8870       
# span 4 =     69.236,    173.222       
# span 5 =      1.009,     96.930       
# span 6 =  47353.395,  49233.537       
# span 7 =    29.9290,    31.0696       
# span 8 =     8.5009,     9.4789       
# span 9 =      1.000,     96.000       
# span 10 =     8.4917,     9.4787      
# span 11 =    23.0775,    24.1180      
# span 12 =     5.1421,     6.6628      
# span 13 =     7.3485,     9.5218      
# span 14 =     77.925,    100.971      
# span 15 =    224.465,    290.847      
# span 16 =    229.646,    297.561      
# span 17 =   -0.04585,    0.04224      
# span 18 =    6.58949,    6.69486      
# span 19 =    9.41704,    9.56762      
# span 20 =  287.58731,  291.95118      
# span 21 =     8.4917,     9.4787      
# span 22 =   14.89260,   15.09760      
# span 23 = 5.1136e-02, 1.3654e+02      
# span 24 =     0.2696,     0.7277      
# span 25 =     0.4544,     1.7472      
# span 26 = 0.0000e+00, 0.0000e+00      
# interval = meters: 1                  
# start_time = Sep 25 2013 14:10:15 [Instrument's time stamp, header]
# bad_flag = -9.990e-29
*END*
        278 268.591253    0.01923     1.1539     69.236      1.009  47353.395    29.9290     9.4789      1.000     9.4787    23.0775     6.0358     8.6257     91.468    263.478    269.558    0.01348    6.59878    9.43031  288.05387     9.4787   14.91603 1.3654e+02     0.6277     1.0959 0.0000e+00
        284 268.591271    0.01968     1.1810     70.863      2.019  47356.863    29.9310     9.4785      2.000     9.4779    23.0790     6.6628     9.5218    100.971    290.847    297.561    0.04224    6.59875    9.43027  288.05209     9.4783   14.91594 9.1950e+01     0.6548     1.0814 0.0000e+00
        290 268.591288    0.02009     1.2052     72.309      3.028  47361.872    29.9339     9.4776      3.000     9.4766    23.0815     5.1421     7.3485     77.925    224.465    229.646   -0.04585    6.59876    9.43028  288.05170     9.4773   14.91591 6.6902e+01     0.6779     1.0859 0.0000e+00
        298 268.591310    0.02061     1.2367     74.203      4.038  47382.972    29.9477     9.4730      4.000     9.4712    23.0930     5.6196     8.0309     85.160    245.305    250.970   -0.00865    6.59883    9.43040  288.05200     9.4726   14.91587 5.2706e+01     0.7168     1.0755 0.0000e+00
        307 268.591336    0.02123     1.2736     76.414      5.047  47407.341    29.9638     9.4687      5.000     9.4682    23.1062     5.8447     8.3527     88.572    255.129    261.024    0.00525    6.59877    9.43031  288.04562     9.4682   14.91549 4.0849e+01     0.7277     1.0849 0.0000e+00
        312 268.591352    0.02163     1.2977     77.865      6.057  47453.398    29.9957     9.4694      6.000     9.4694    23.1311     5.8476     8.3568     88.636    255.249    261.153    0.00400    6.59732    9.42823  287.97523     9.4688   14.91200 3.1953e+01     0.7040     1.1009 0.0000e+00
        318 268.591370    0.02203     1.3222     79.332      7.066  47510.492    30.0355     9.4718      7.000     9.4717    23.1618     5.8509     8.3615     88.713    255.385    261.301    0.00317    6.59529    9.42533  287.87785     9.4711   14.90718 2.5392e+01     0.6277     1.1176 0.0000e+00
        325 268.591389    0.02249     1.3495     80.970      8.075  47523.362    30.0444     9.4732      8.000     9.4725    23.1685     5.8558     8.3685     88.794    255.596    261.518    0.00247    6.59471    9.42450  287.85075     9.4723   14.90585 2.0113e+01     0.5642     1.1649 0.0000e+00
        331 268.591407    0.02294     1.3760     82.557      9.085  47529.883    30.0485     9.4737      9.000     9.4729    23.1717     5.8622     8.3777     88.896    255.877    261.806    0.00203    6.59446    9.42414  287.83875     9.4728   14.90526 1.5886e+01     0.5570     1.2014 0.0000e+00
        337 268.591422    0.02330     1.3980     83.882     10.094  47543.736    30.0579     9.4741     10.000     9.4732    23.1790     5.9026     8.4354     89.515    257.639    263.611    0.00350    6.59400    9.42348  287.81660     9.4731   14.90417 1.2626e+01     0.5401     1.1493 0.0000e+00
        341 268.591436    0.02364     1.4186     85.116     11.104  47597.543    30.0952     9.4746     11.000     9.4735    23.2080     5.9535     8.5082     90.310    259.854    265.885    0.00541    6.59234    9.42112  287.73627     9.4735   14.90017 9.9989e+00     0.5316     1.1114 0.0000e+00
        347 268.591452    0.02401     1.4403     86.416     12.114  47681.458    30.1534     9.4732     12.000     9.4692    23.2537     5.9906     8.5612     90.904    261.462    267.542    0.00611    6.59009    9.41789  287.62487     9.4719   14.89461 7.9612e+00     0.5111     1.0471 0.0000e+00
        351 268.591465    0.02434     1.4602     87.610     13.123  47757.104    30.2045     9.4624     13.000     9.4477    23.2953     5.9960     8.5689     90.994    261.687    267.783    0.00505    6.58949    9.41704  287.58731     9.4610   14.89260 6.3422e+00     0.4878     1.0192 0.0000e+00
        356 268.591478    0.02462     1.4775     88.653     14.132  47844.655    30.2608     9.4261     14.000     9.3930    23.3449     5.9988     8.5730     90.997    261.796    267.908    0.00397    6.59241    9.42120  287.70050     9.4247   14.89778 5.1009e+00     0.4950     1.0122 0.0000e+00
        360 268.591489    0.02491     1.4944     89.662     15.142  47974.524    30.3422     9.3558     15.000     9.3165    23.4193     6.0075     8.5853     91.034    262.156    268.295    0.00329    6.59922    9.43095  287.97706     9.3543   14.91067 4.1386e+00     0.5044     0.9800 0.0000e+00
        364 268.591501    0.02518     1.5109     90.651     16.152  48139.514    30.4482     9.2856     16.000     9.2533    23.5129     6.0193     8.6021     91.132    262.645    268.821    0.00289    6.60500    9.43921  288.20283     9.2840   14.92103 3.3896e+00     0.4768     0.9142 0.0000e+00
        368 268.591512    0.02546     1.5274     91.645     17.161  48275.778    30.5347     9.2213     17.000     9.1754    23.5903     6.0401     8.6319     91.367    263.534    269.750    0.00311    6.61077    9.44745  288.43270     9.2195   14.93166 2.8028e+00     0.4512     0.8525 0.0000e+00
        372 268.591524    0.02573     1.5438     92.625     18.171  48423.987    30.6252     9.1257     18.000     9.0649    23.6757     6.0407     8.6328     91.236    263.538    269.777    0.00213    6.62096    9.46202  288.85339     9.1239   14.95140 2.3438e+00     0.4301     0.8311 0.0000e+00
        376 268.591535    0.02601     1.5605     93.632     19.180  48589.876    30.7249     9.0077     19.000     8.9590    23.7715     6.0253     8.6108     90.823    262.842    269.091    0.00022    6.63412    9.48082  289.40018     9.0058   14.97712 1.9788e+00     0.4316     0.7807 0.0000e+00
        380 268.591547    0.02630     1.5780     94.679     20.189  48693.679    30.7857     8.9248     20.000     8.8999    23.8317     6.0283     8.6151     90.736    262.959    269.226   -0.00030    6.64380    9.49465  289.80527     8.9227   14.99623 1.6773e+00     0.4148     0.7339 0.0000e+00
        384 268.591559    0.02658     1.5947     95.683     21.199  48728.413    30.8038     8.8829     21.000     8.8641    23.8521     6.0586     8.6583     91.117    264.273    270.577    0.00095    6.64922    9.50240  290.03618     8.8808   15.00719 1.4242e+00     0.3973     0.7317 0.0000e+00
        388 268.591570    0.02686     1.6115     96.687     22.209  48754.149    30.8170     8.8516     22.000     8.8360    23.8672     6.0933     8.7079     91.582    265.783    272.126    0.00230    6.65332    9.50825  290.21061     8.8494   15.01547 1.2101e+00     0.4153     0.6951 0.0000e+00
        392 268.591582    0.02713     1.6281     97.687     23.219  48778.362    30.8298     8.8253     23.000     8.8104    23.8812     6.1259     8.7546     92.027    267.205    273.586    0.00332    6.65668    9.51306  290.35340     8.8229   15.02224 1.0307e+00     0.4599     0.6871 0.0000e+00
        396 268.591594    0.02741     1.6449     98.694     24.228  48808.370    30.8471     8.8020     24.000     8.7926    23.8982     6.1633     8.8079     92.549    268.827    275.252    0.00438    6.65940    9.51695  290.46717     8.7996   15.02760 8.8274e-01     0.4728     0.6853 0.0000e+00
        400 268.591605    0.02768     1.6607     99.639     25.237  48823.245    30.8557     8.7922     25.000     8.7876    23.9065     6.1964     8.8552     93.032    270.269    276.730    0.00522    6.66049    9.51851  290.51247     8.7896   15.02974 7.6134e-01     0.4503     0.6591 0.0000e+00
        403 268.591615    0.02794     1.6762    100.574     26.247  48829.062    30.8589     8.7893     26.000     8.7856    23.9094     6.2189     8.8874     93.365    271.249    277.735    0.00542    6.66078    9.51893  290.52419     8.7867   15.03028 6.5793e-01     0.4548     0.6442 0.0000e+00
        407 268.591626    0.02819     1.6916    101.497     27.256  48833.831    30.8615     8.7873     27.000     8.7826    23.9117     6.2318     8.9059     93.558    271.814    278.313    0.00513    6.66096    9.51918  290.53149     8.7846   15.03062 5.6632e-01     0.4660     0.6354 0.0000e+00
        411 268.591638    0.02846     1.7078    102.466     28.266  48840.333    30.8650     8.7825     28.000     8.7752    23.9151     6.2375     8.9140     93.635    272.061    278.567    0.00443    6.66154    9.52000  290.55558     8.7797   15.03176 4.8730e-01     0.4649     0.6575 0.0000e+00
        415 268.591649    0.02875     1.7252    103.513     29.276  48851.931    30.8713     8.7729     29.000     8.7658    23.9215     6.2383     8.9151     93.630    272.093    278.602    0.00353    6.66268    9.52165  290.60370     8.7701   15.03403 4.2112e-01     0.4580     0.6596 0.0000e+00
        419 268.591662    0.02906     1.7433    104.597     30.285  48864.720    30.8786     8.7640     30.000     8.7572    23.9286     6.2427     8.9214     93.682    272.283    278.799    0.00292    6.66370    9.52310  290.64621     8.7611   15.03603 3.6483e-01     0.4208     0.6679 0.0000e+00
        424 268.591675    0.02936     1.7615    105.692     31.295  48875.062    30.8843     8.7566     31.000     8.7512    23.9342     6.2579     8.9431     93.898    272.943    279.476    0.00300    6.66456    9.52432  290.68192     8.7535   15.03772 3.1798e-01     0.4197     0.6355 0.0000e+00
        428 268.591688    0.02967     1.7804    106.825     32.305  48882.503    30.8884     8.7520     32.000     8.7466    23.9381     6.2697     8.9601     94.068    273.460    280.006    0.00292    6.66507    9.52506  290.70348     8.7488   15.03873 2.7819e-01     0.4356     0.6073 0.0000e+00
        433 268.591701    0.02999     1.7995    107.970     33.314  48896.885    30.8974     8.7476     33.000     8.7440    23.9458     6.2744     8.9668     94.135    273.663    280.216    0.00250    6.66534    9.52543  290.71266     8.7443   15.03913 2.4478e-01     0.4366     0.6034 0.0000e+00
        437 268.591714    0.03031     1.8187    109.122     34.323  48906.359    30.9037     8.7487     34.000     8.7465    23.9506     6.2812     8.9765     94.243    273.957    280.519    0.00226    6.66490    9.52481  290.69228     8.7453   15.03814 2.1657e-01     0.4302     0.5566 0.0000e+00
        442 268.591727    0.03061     1.8368    110.208     35.334  48910.429    30.9065     8.7511     35.000     8.7482    23.9524     6.2922     8.9921     94.414    274.435    281.008    0.00236    6.66442    9.52412  290.67084     8.7476   15.03710 1.9262e-01     0.4306     0.5401 0.0000e+00
        446 268.591738    0.03088     1.8530    111.182     36.343  48913.938    30.9087     8.7521     36.000     8.7483    23.9540     6.2969     8.9989     94.488    274.639    281.218    0.00214    6.66418    9.52378  290.65977     8.7485   15.03656 1.7255e-01     0.4379     0.5442 0.0000e+00
        449 268.591749    0.03114     1.8682    112.095     37.353  48916.638    30.9100     8.7512     37.000     8.7456    23.9552     6.3045     9.0097     94.602    274.972    281.559    0.00211    6.66425    9.52389  290.66285     8.7475   15.03670 1.5571e-01     0.4508     0.5118 0.0000e+00
        453 268.591759    0.03139     1.8831    112.987     38.362  48921.239    30.9122     8.7473     38.000     8.7401    23.9576     6.3113     9.0194     94.696    275.266    281.861    0.00206    6.66475    9.52459  290.68360     8.7435   15.03769 1.4109e-01     0.4541     0.4931 0.0000e+00
        457 268.591770    0.03164     1.8981    113.886     39.372  48927.654    30.9154     8.7413     39.000     8.7331    23.9610     6.3096     9.0170     94.660    275.192    281.786    0.00157    6.66550    9.52567  290.71546     8.7374   15.03919 1.2874e-01     0.4522     0.4979 0.0000e+00
        460 268.591780    0.03189     1.9136    114.816     40.382  48935.592    30.9191     8.7313     40.000     8.7203    23.9653     6.3106     9.0184     94.656    275.234    281.831    0.00121    6.66683    9.52757  290.77228     8.7273   15.04190 1.1821e-01     0.4537     0.4922 0.0000e+00
        464 268.591791    0.03214     1.9287    115.724     41.391  48948.580    30.9261     8.7195     41.000     8.7119    23.9726     6.3157     9.0258     94.713    275.458    282.060    0.00116    6.66830    9.52966  290.83418     8.7154   15.04482 1.0894e-01     0.4489     0.4795 0.0000e+00
        468 268.591802    0.03240     1.9438    116.629     42.401  48954.547    30.9291     8.7142     42.000     8.7082    23.9757     6.3194     9.0310     94.757    275.614    282.222    0.00106    6.66896    9.53062  290.86219     8.7100   15.04615 1.0108e-01     0.4467     0.4812 0.0000e+00
        471 268.591812    0.03265     1.9592    117.549     43.411  48957.569    30.9303     8.7113     43.000     8.7061    23.9772     6.3260     9.0404     94.851    275.900    282.515    0.00114    6.66933    9.53115  290.87813     8.7070   15.04691 9.4418e-02     0.4428     0.5092 0.0000e+00
        475 268.591822    0.03291     1.9742    118.453     44.420  48959.485    30.9310     8.7100     44.000     8.7053    23.9779     6.3342     9.0521     94.972    276.259    282.883    0.00131    6.66951    9.53140  290.88540     8.7056   15.04725 8.8633e-02     0.4344     0.5100 0.0000e+00
        478 268.591833    0.03315     1.9891    119.344     45.429  48960.112    30.9310     8.7098     45.000     8.7057    23.9779     6.3421     9.0635     95.090    276.605    283.237    0.00146    6.66953    9.53143  290.88657     8.7053   15.04730 8.3695e-02     0.4458     0.5033 0.0000e+00
        482 268.591843    0.03340     2.0040    120.237     46.440  48959.161    30.9301     8.7110     46.000     8.7073    23.9770     6.3434     9.0653     95.112    276.662    283.297    0.00129    6.66940    9.53123  290.88072     8.7064   15.04703 7.9399e-02     0.4627     0.4989 0.0000e+00
        486 268.591854    0.03365     2.0189    121.137     47.449  48957.959    30.9290     8.7123     47.000     8.7079    23.9760     6.3342     9.0522     94.976    276.260    282.883    0.00058    6.66924    9.53102  290.87441     8.7076   15.04673 7.5737e-02     0.4740     0.4975 0.0000e+00
        489 268.591864    0.03391     2.0343    122.058     48.459  48957.708    30.9285     8.7130     48.000     8.7089    23.9755     6.3381     9.0578     95.036    276.433    283.060    0.00058    6.66916    9.53090  290.87110     8.7082   15.04657 7.2589e-02     0.4808     0.5019 0.0000e+00
        493 268.591875    0.03417     2.0499    122.997     49.468  48955.984    30.9271     8.7146     49.000     8.7104    23.9742     6.3401     9.0606     95.068    276.519    283.148    0.00062    6.66899    9.53066  290.86405     8.7096   15.04625 6.9832e-02     0.4820     0.5057 0.0000e+00
        497 268.591886    0.03443     2.0657    123.943     50.478  48954.318    30.9256     8.7157     50.000     8.7104    23.9729     6.3365     9.0554     95.015    276.361    282.986    0.00025    6.66888    9.53050  290.85948     8.7107   15.04603 6.7481e-02     0.4788     0.5086 0.0000e+00
        500 268.591896    0.03468     2.0810    124.862     51.488  48955.050    30.9256     8.7148     51.000     8.7085    23.9730     6.3410     9.0619     95.081    276.557    283.187    0.00037    6.66901    9.53069  290.86535     8.7097   15.04631 6.5471e-02     0.4703     0.5177 0.0000e+00
        504 268.591908    0.03494     2.0966    125.793     52.497  48958.449    30.9271     8.7122     52.000     8.7051    23.9746     6.3475     9.0711     95.174    276.841    283.478    0.00057    6.66935    9.53117  290.87946     8.7069   15.04698 6.3661e-02     0.4650     0.5114 0.0000e+00
        508 268.591919    0.03522     2.1128    126.770     53.507  48962.728    30.9293     8.7090     53.000     8.7028    23.9768     6.3487     9.0729     95.186    276.894    283.533    0.00053    6.66972    9.53170  290.89512     8.7037   15.04772 6.2132e-02     0.4711     0.5301 0.0000e+00
