CTD-processing/allCTD/CNV/2013_11-06_t6_s28_cast152_5028.cnv
* Sea-Bird SBE19plus Data File:
* FileName = C:\Users\kris.holderied\Documents\kasitsna\Research-Projects-and-Data\Oceanography-AK\CTD-CookInlet-GulfWatchAK\2013-10-11-EVOSTC-CookInlet-Ocean\2013-11-06-CookInlet-Tran6-Douglas\2013-11-06-CookInlet-Tran6-cast152.hex
* Software Version 1.59
* Temperature SN =  5028
* Conductivity SN =  5028
* System UpLoad Time = Feb 14 2014 17:32:35
** Cook Inlet Transect 6 (Douglas) east to west
** Date: 2013-11-06
** Station: 6-28
** Start time: 16:31
** Depth (m): 35
** Comment:  CTD instrument time is AK Daylight time *1 hour off*
** Comment:
# nquan = 27
# nvalues = 35                          
# units = specified
# name 0 = scan: Scan Count
# name 1 = timeJ: Julian Days
# name 2 = timeH: Time, Elapsed [hours]
# name 3 = timeM: Time, Elapsed [minutes]
# name 4 = timeS: Time, Elapsed [seconds]
# name 5 = prdM: Pressure, Strain Gauge [db]
# name 6 = specc: Specific Conductance [uS/cm]
# name 7 = sal00: Salinity, Practical [PSU]
# name 8 = tv290C: Temperature [ITS-90, deg C]
# name 9 = depSM: Depth [salt water, m], lat = 59.00
# name 10 = potemp090C: Potential Temperature [ITS-90, deg C]
# name 11 = sigma-é00: Density [sigma-theta, kg/m^3]
# name 12 = sbeox0ML/L: Oxygen, SBE 43 [ml/l]
# name 13 = sbeox0Mg/L: Oxygen, SBE 43 [mg/l]
# name 14 = sbeox0PS: Oxygen, SBE 43 [% saturation]
# name 15 = sbox0Mm/Kg: Oxygen, SBE 43 [umol/kg]
# name 16 = sbeox0Mm/L: Oxygen, SBE 43 [umol/l]
# name 17 = sbox0dV/dT: Oxygen, SBE 43 [dov/dt]
# name 18 = oxsolML/L: Oxygen Saturation, Garcia & Gordon [ml/l]
# name 19 = oxsolMg/L: Oxygen Saturation, Garcia & Gordon [mg/l]
# name 20 = oxsolMm/Kg: Oxygen Saturation, Garcia & Gordon [umol/kg]
# name 21 = potemp090C: Potential Temperature [ITS-90, deg C]
# name 22 = n2satMg/L: Nitrogen Saturation [mg/l]
# name 23 = par: PAR/Irradiance, Biospherical/Licor
# name 24 = flECO-AFL: Fluorescence, WET Labs ECO-AFL/FL [mg/m^3]
# name 25 = turbWETntu0: Turbidity, WET Labs ECO [NTU]
# name 26 = flag: flag
# span 0 =         31,        473       
# span 1 = 310.730063, 310.731343       
# span 2 =    0.00208,    0.03278       
# span 3 =     0.1249,     1.9666       
# span 4 =      7.495,    117.993       
# span 5 =      1.010,     35.333       
# span 6 =  40945.416,  45985.619       
# span 7 =    25.4020,    28.6411       
# span 8 =     6.7572,     7.1629       
# span 9 =      1.000,     35.000       
# span 10 =     6.8542,     7.1616      
# span 11 =    19.8944,    22.3942      
# span 12 =     6.0282,     7.3806      
# span 13 =     8.6148,    10.5475      
# span 14 =     83.212,    105.244      
# span 15 =    264.082,    322.395      
# span 16 =    269.217,    329.614      
# span 17 =    0.00150,    0.01133      
# span 18 =    7.01280,    7.24524      
# span 19 =   10.02199,   10.35417      
# span 20 =  306.33150,  317.40483      
# span 21 =     6.7571,     7.1599      
# span 22 =   15.79378,   16.33495      
# span 23 = 4.2012e-02, 4.9352e+00      
# span 24 =     0.1655,     0.3516      
# span 25 =     2.0701,     3.1172      
# span 26 = 0.0000e+00, 0.0000e+00      
# interval = meters: 1                  
# start_time = Nov 06 2013 17:31:10 [Instrument's time stamp, header]
# bad_flag = -9.990e-29
*END*
         31 310.730063    0.00208     0.1249      7.495      1.010  40945.416    25.4020     6.7572      1.000     6.8542    19.8944     6.0282     8.6148     83.212    264.082    269.217    0.00150    7.24524   10.35417  317.40483     6.7571   16.33495 4.9352e+00     0.1655     2.0701 0.0000e+00
        181 310.730498    0.01252     0.7510     45.061      2.019  45614.904    28.3659     6.9345      2.000     6.9131    22.2059     6.1386     8.7726     86.920    268.192    274.148    0.00469    7.06294   10.09365  308.57902     6.9343   15.90203 2.8950e+00     0.3275     2.9638 0.0000e+00
        288 310.730807    0.01993     1.1954     71.725      3.029  45718.985    28.4463     6.9970      3.000     6.9944    22.2615     6.5949     9.4248     93.561    288.113    294.527    0.01133    7.04890   10.07358  307.94866     6.9968   15.87165 1.7782e+00     0.3245     2.9824 0.0000e+00
        302 310.730848    0.02091     1.2549     75.295      4.038  45733.812    28.4563     7.0006      4.000     7.0002    22.2689     6.6213     9.4625     93.949    289.267    295.708    0.00872    7.04783   10.07205  307.89928     7.0003   15.86926 1.1492e+00     0.3311     2.8675 0.0000e+00
        309 310.730867    0.02136     1.2816     76.895      5.047  45736.463    28.4578     7.0011      5.000     7.0011    22.2699     6.6230     9.4650     93.975    289.341    295.785    0.00641    7.04767   10.07183  307.89220     7.0007   15.86892 7.3063e-01     0.3279     2.8726 0.0000e+00
        314 310.730884    0.02176     1.3056     78.335      6.056  45743.073    28.4621     7.0029      6.000     7.0040    22.2732     6.6485     9.5014     94.343    290.454    296.923    0.00592    7.04718   10.07113  307.86992     7.0024   15.86784 5.0062e-01     0.3278     3.0067 0.0000e+00
        320 310.730899    0.02212     1.3274     79.642      7.066  45758.674    28.4735     7.0097      7.000     7.0126    22.2813     6.6862     9.5553     94.900    292.098    298.606    0.00628    7.04553   10.06877  307.79538     7.0092   15.86424 3.9004e-01     0.3309     3.0656 0.0000e+00
        325 310.730913    0.02247     1.3485     80.910      8.075  45760.664    28.4755     7.0164      8.000     7.0165    22.2821     6.7312     9.6196     95.555    294.065    300.617    0.00690    7.04435   10.06708  307.74349     7.0157   15.86176 2.4304e-01     0.3516     3.0340 0.0000e+00
        331 310.730932    0.02294     1.3761     82.565      9.085  45762.714    28.4767     7.0179      9.000     7.0174    22.2828     6.7901     9.7037     96.394    296.634    303.244    0.00750    7.04405   10.06665  307.73018     7.0171   15.86112 1.7102e-01     0.3354     2.8904 0.0000e+00
        338 310.730952    0.02340     1.4039     84.235     10.094  45767.340    28.4797     7.0197     10.000     7.0203    22.2850     6.8232     9.7510     96.870    298.080    304.722    0.00678    7.04361   10.06603  307.71039     7.0189   15.86017 1.2873e-01     0.3195     2.9546 0.0000e+00
        342 310.730963    0.02367     1.4205     85.232     11.103  45771.881    28.4829     7.0231     11.000     7.0243    22.2871     6.8730     9.8222     97.587    300.256    306.947    0.00771    7.04289   10.06501  307.67854     7.0222   15.85863 9.8131e-02     0.3231     3.0678 0.0000e+00
        346 310.730976    0.02398     1.4387     86.322     12.114  45776.477    28.4864     7.0283     12.000     7.0293    22.2892     6.9569     9.9421     98.793    303.921    310.695    0.01001    7.04190   10.06357  307.63408     7.0273   15.85650 7.9451e-02     0.3189     3.0242 0.0000e+00
        356 310.731003    0.02463     1.4777     88.663     13.123  45776.743    28.4867     7.0319     13.000     7.0315    22.2890     6.9851     9.9824     99.202    305.154    311.955    0.00737    7.04129   10.06271  307.60787     7.0308   15.85525 6.6761e-02     0.3186     2.8816 0.0000e+00
        360 310.731016    0.02492     1.4955     89.731     14.132  45781.212    28.4897     7.0338     14.000     7.0341    22.2911     6.9974     9.9999     99.383    305.688    312.502    0.00636    7.04085   10.06207  307.58780     7.0326   15.85428 5.9285e-02     0.3224     2.9849 0.0000e+00
        363 310.731025    0.02517     1.5102     90.614     15.142  45786.856    28.4936     7.0369     15.000     7.0379    22.2938     7.0537    10.0806    100.194    308.151    315.021    0.00783    7.04014   10.06107  307.55611     7.0357   15.85275 5.4441e-02     0.3100     3.0341 0.0000e+00
        370 310.731046    0.02565     1.5392     92.355     16.151  45789.694    28.4960     7.0424     16.000     7.0421    22.2951     7.1118    10.1635    101.032    310.686    317.613    0.00814    7.03914   10.05964  307.51214     7.0411   15.85065 5.0690e-02     0.3092     2.8533 0.0000e+00
        377 310.731065    0.02610     1.5662     93.971     17.161  45793.424    28.4987     7.0460     17.000     7.0456    22.2967     7.1056    10.1547    100.955    310.416    317.338    0.00562    7.03843   10.05862  307.48049     7.0446   15.84913 4.8000e-02     0.3055     2.9429 0.0000e+00
        381 310.731077    0.02641     1.5845     95.068     18.171  45796.805    28.5010     7.0483     18.000     7.0480    22.2982     7.1331    10.1940    101.352    311.617    318.565    0.00570    7.03795   10.05794  307.45929     7.0468   15.84811 4.6588e-02     0.3200     3.0523 0.0000e+00
        386 310.731092    0.02677     1.6058     96.350     19.180  45803.301    28.5055     7.0520     19.000     7.0520    22.3014     7.1784    10.2586    102.007    313.593    320.587    0.00648    7.03714   10.05676  307.42238     7.0504   15.84633 4.5598e-02     0.3097     3.0525 0.0000e+00
        392 310.731107    0.02712     1.6272     97.632     20.190  45810.225    28.5105     7.0560     20.000     7.0566    22.3048     7.1957    10.2834    102.267    314.349    321.361    0.00584    7.03624   10.05549  307.38245     7.0543   15.84441 4.4750e-02     0.3125     3.0897 0.0000e+00
        397 310.731124    0.02752     1.6514     99.085     21.199  45828.878    28.5243     7.0650     21.000     7.0673    22.3145     7.2241    10.3240    102.701    315.587    322.629    0.00569    7.03415   10.05250  307.28813     7.0632   15.83985 4.4090e-02     0.3074     3.1172 0.0000e+00
        403 310.731139    0.02791     1.6742    100.450     22.209  45845.393    28.5370     7.0765     22.000     7.0781    22.3231     7.2463    10.3557    103.053    316.555    323.621    0.00542    7.03166   10.04895  307.17703     7.0747   15.83451 4.3663e-02     0.2987     3.0900 0.0000e+00
        408 310.731153    0.02823     1.6941    101.646     23.218  45850.611    28.5412     7.0830     23.000     7.0827    22.3255     7.2716    10.3918    103.430    317.657    324.749    0.00545    7.03041   10.04716  307.12142     7.0811   15.83184 4.3412e-02     0.3136     3.0939 0.0000e+00
        413 310.731169    0.02860     1.7162    102.973     24.228  45852.794    28.5427     7.0861     24.000     7.0848    22.3264     7.2747    10.3964    103.484    317.795    324.891    0.00438    7.02984   10.04634  307.09636     7.0841   15.83064 4.3147e-02     0.2987     3.0128 0.0000e+00
        418 310.731184    0.02898     1.7386    104.316     25.238  45868.595    28.5537     7.0899     25.000     7.0915    22.3346     7.2810    10.4053    103.589    318.065    325.169    0.00360    7.02871   10.04473  307.04446     7.0878   15.82812 4.2935e-02     0.3098     3.0335 0.0000e+00
        423 310.731199    0.02934     1.7602    105.614     26.247  45891.983    28.5711     7.1013     26.000     7.1033    22.3468     7.3063    10.4415    103.990    319.170    326.302    0.00401    7.02605   10.04093  306.92450     7.0991   15.82233 4.2786e-02     0.3240     2.9774 0.0000e+00
        430 310.731217    0.02977     1.7861    107.165     27.257  45902.334    28.5794     7.1119     27.000     7.1123    22.3521     7.3229    10.4651    104.255    319.888    327.038    0.00375    7.02394   10.03791  306.83093     7.1096   15.81784 4.2621e-02     0.2927     2.9750 0.0000e+00
        435 310.731233    0.03014     1.8084    108.501     28.266  45907.902    28.5838     7.1186     28.000     7.1178    22.3547     7.3307    10.4764    104.387    320.233    327.391    0.00327    7.02264   10.03606  306.77339     7.1162   15.81508 4.2543e-02     0.2856     2.9631 0.0000e+00
        439 310.731245    0.03044     1.8262    109.571     29.275  45916.074    28.5895     7.1216     29.000     7.1207    22.3588     7.3331    10.4798    104.432    320.335    327.496    0.00277    7.02190   10.03499  306.73967     7.1192   15.81345 4.2470e-02     0.3049     3.0051 0.0000e+00
        444 310.731260    0.03079     1.8474    110.843     30.285  45929.665    28.5992     7.1266     30.000     7.1260    22.3658     7.3398    10.4894    104.547    320.627    327.798    0.00247    7.02064   10.03319  306.68239     7.1241   15.81068 4.2371e-02     0.3238     3.0591 0.0000e+00
        451 310.731280    0.03126     1.8758    112.545     31.295  45938.576    28.6058     7.1325     31.000     7.1320    22.3703     7.3556    10.5119    104.790    321.314    328.502    0.00246    7.01937   10.03138  306.62566     7.1299   15.80794 4.2292e-02     0.3258     3.0022 0.0000e+00
        457 310.731295    0.03165     1.8988    113.929     32.304  45958.099    28.6200     7.1405     32.000     7.1424    22.3805     7.3628    10.5221    104.921    321.623    328.821    0.00225    7.01742   10.02860  306.53751     7.1378   15.80368 4.2181e-02     0.3130     2.9671 0.0000e+00
        461 310.731309    0.03196     1.9174    115.046     33.314  45969.891    28.6293     7.1508     33.000     7.1518    22.3865     7.3705    10.5332    105.063    321.959    329.166    0.00222    7.01531   10.02558  306.44345     7.1480   15.79916 4.2119e-02     0.3056     3.0608 0.0000e+00
        466 310.731323    0.03230     1.9383    116.297     34.323  45976.115    28.6343     7.1586     34.000     7.1572    22.3895     7.3768    10.5422    105.176    322.234    329.449    0.00206    7.01381   10.02343  306.37712     7.1557   15.79598 4.2065e-02     0.3121     3.0450 0.0000e+00
        473 310.731343    0.03278     1.9666    117.993     35.333  45985.619    28.6411     7.1629     35.000     7.1616    22.3942     7.3806    10.5475    105.244    322.395    329.614    0.00166    7.01280   10.02199  306.33150     7.1599   15.79378 4.2012e-02     0.3067     2.8923 0.0000e+00
