CTD-processing/allCTD/CNV/2013_06-06_t9_s07_cast155_5028.cnv
* Sea-Bird SBE19plus Data File:
* FileName = C:\Documents and Settings\kbayadmin\My Documents\CTD data\2013-06-06 Kachemak Bay all bay inner bay\2013-06-06 Kachemak Bay All Bay Inner Bay cast155.hex
* Software Version 1.59
* Temperature SN =  5028
* Conductivity SN =  5028
* System UpLoad Time = Jun 18 2013 15:41:36
** Kachemak Bay All Bay Inner Bay
** 2013-06-06
** Station: 9.07
** N': 59 35.153
** W': 151 23.358
** Start Time: 1043
** Depth(ft): 320
# nquan = 27
# nvalues = 89                          
# units = specified
# name 0 = scan: Scan Count
# name 1 = timeJ: Julian Days
# name 2 = timeH: Time, Elapsed [hours]
# name 3 = timeM: Time, Elapsed [minutes]
# name 4 = timeS: Time, Elapsed [seconds]
# name 5 = prdM: Pressure, Strain Gauge [db]
# name 6 = specc: Specific Conductance [uS/cm]
# name 7 = sal00: Salinity, Practical [PSU]
# name 8 = tv290C: Temperature [ITS-90, deg C]
# name 9 = depSM: Depth [salt water, m], lat = 59.00
# name 10 = potemp090C: Potential Temperature [ITS-90, deg C]
# name 11 = sigma-é00: Density [sigma-theta, kg/m^3]
# name 12 = sbeox0ML/L: Oxygen, SBE 43 [ml/l]
# name 13 = sbeox0Mg/L: Oxygen, SBE 43 [mg/l]
# name 14 = sbeox0PS: Oxygen, SBE 43 [% saturation]
# name 15 = sbox0Mm/Kg: Oxygen, SBE 43 [umol/kg]
# name 16 = sbeox0Mm/L: Oxygen, SBE 43 [umol/l]
# name 17 = sbox0dV/dT: Oxygen, SBE 43 [dov/dt]
# name 18 = oxsolML/L: Oxygen Saturation, Garcia & Gordon [ml/l]
# name 19 = oxsolMg/L: Oxygen Saturation, Garcia & Gordon [mg/l]
# name 20 = oxsolMm/Kg: Oxygen Saturation, Garcia & Gordon [umol/kg]
# name 21 = potemp090C: Potential Temperature [ITS-90, deg C]
# name 22 = n2satMg/L: Nitrogen Saturation [mg/l]
# name 23 = par: PAR/Irradiance, Biospherical/Licor
# name 24 = flECO-AFL: Fluorescence, WET Labs ECO-AFL/FL [mg/m^3]
# name 25 = turbWETntu0: Turbidity, WET Labs ECO [NTU]
# name 26 = flag: flag
# span 0 =        386,        742       
# span 1 = 157.447699, 157.448729       
# span 2 =    0.02671,    0.05143       
# span 3 =     1.6025,     3.0859       
# span 4 =     96.150,    185.150       
# span 5 =      1.009,     89.860       
# span 6 =  46876.634,  51266.787       
# span 7 =    29.5513,    31.8094       
# span 8 =     4.8181,     9.1307       
# span 9 =      1.000,     89.000       
# span 10 =     4.8118,     9.0980      
# span 11 =    22.8355,    25.1666      
# span 12 =     7.1128,    10.0213      
# span 13 =    10.1650,    14.3215      
# span 14 =    106.425,    150.304      
# span 15 =    310.540,    437.557      
# span 16 =    317.659,    447.551      
# span 17 =   -0.07059,    0.07430      
# span 18 =    6.66626,    7.25759      
# span 19 =    9.52676,   10.37181      
# span 20 =  291.06876,  316.16741      
# span 21 =     4.8119,     9.1306      
# span 22 =   15.06167,   16.24911      
# span 23 = 4.6999e-02, 9.4073e+02      
# span 24 =     0.4398,     3.6521      
# span 25 =     0.5992,     2.2558      
# span 26 = 0.0000e+00, 0.0000e+00      
# interval = meters: 1                  
# start_time = Jun 06 2013 10:43:05 [Instrument's time stamp, header]
# bad_flag = -9.990e-29
*END*
[from data line 54]
        613 157.448356    0.04250     2.5498    152.989     55.527  51146.361    31.7729     4.9630     55.000     4.9563    25.1220     8.2342    11.7675    113.825    358.728    367.740   -0.00244    7.23409   10.33823  315.15699     4.9590   16.20115 4.7241e-02     0.5818     0.7230 0.0000e+00
        617 157.448367    0.04276     2.5654    153.927     56.536  51149.137    31.7732     4.9584     56.000     4.9515    25.1228     8.2257    11.7553    113.695    358.356    367.359   -0.00251    7.23486   10.33934  315.19039     4.9543   16.20274 4.7149e-02     0.5565     0.7599 0.0000e+00
        620 157.448378    0.04301     2.5804    154.822     57.546  51149.171    31.7714     4.9520     57.000     4.9421    25.1220     8.2228    11.7512    113.636    358.231    367.230   -0.00237    7.23606   10.34106  315.24301     4.9479   16.20525 4.7099e-02     0.5413     0.7814 0.0000e+00
        624 157.448387    0.04325     2.5950    155.697     58.556  51148.428    31.7678     4.9404     58.000     4.9252    25.1204     8.2228    11.7512    113.603    358.232    367.231   -0.00218    7.23825   10.34418  315.33866     4.9362   16.20982 4.7041e-02     0.5397     0.7639 0.0000e+00
        627 157.448398    0.04349     2.6094    156.564     59.565  51155.711    31.7680     4.9207     59.000     4.9045    25.1227     8.2222    11.7504    113.541    358.206    367.205   -0.00208    7.24165   10.34904  315.48606     4.9165   16.21684 4.7036e-02     0.5272     0.7665 0.0000e+00
        631 157.448408    0.04373     2.6237    157.420     60.575  51169.362    31.7727     4.9015     60.000     4.8886    25.1285     8.2098    11.7327    113.322    357.665    366.653   -0.00246    7.24475   10.35348  315.61967     4.8972   16.22318 4.7027e-02     0.5104     0.8288 0.0000e+00
        634 157.448417    0.04396     2.6377    158.261     61.585  51179.825    31.7763     4.8880     61.000     4.8774    25.1329     8.1958    11.7126    113.094    357.050    366.024   -0.00287    7.24692   10.35657  315.71281     4.8836   16.22759 4.7055e-02     0.4889     0.7840 0.0000e+00
        637 157.448427    0.04420     2.6515    159.093     62.595  51187.526    31.7790     4.8781     62.000     4.8684    25.1360     8.1916    11.7066    113.011    356.866    365.837   -0.00279    7.24852   10.35885  315.78134     4.8737   16.23085 4.7062e-02     0.4844     0.7833 0.0000e+00
        641 157.448437    0.04442     2.6655    159.932     63.605  51196.277    31.7826     4.8698     63.000     4.8621    25.1398     8.1900    11.7042    112.969    356.793    365.763   -0.00257    7.24977   10.36066  315.83494     4.8653   16.23338 4.7074e-02     0.4998     0.8013 0.0000e+00
        644 157.448446    0.04466     2.6795    160.772     64.614  51203.574    31.7860     4.8648     64.000     4.8573    25.1431     8.1847    11.6968    112.885    356.564    365.529   -0.00250    7.25049   10.36167  315.86497     4.8602   16.23480 4.7130e-02     0.5057     0.8020 0.0000e+00
        647 157.448456    0.04489     2.6934    161.604     65.624  51207.852    31.7872     4.8590     65.000     4.8488    25.1446     8.1803    11.6905    112.809    356.372    365.332   -0.00243    7.25144   10.36304  315.90616     4.8543   16.23675 4.7111e-02     0.4886     0.7942 0.0000e+00
        651 157.448465    0.04512     2.7071    162.425     66.633  51216.546    31.7905     4.8492     66.000     4.8381    25.1483     8.1768    11.6854    112.736    356.215    365.173   -0.00236    7.25298   10.36523  315.97189     4.8446   16.23987 4.7047e-02     0.4794     0.8146 0.0000e+00
        654 157.448475    0.04535     2.7209    163.255     67.643  51229.596    31.7967     4.8391     67.000     4.8301    25.1543     8.1723    11.6790    112.652    356.018    364.973   -0.00235    7.25443   10.36731  316.03350     4.8344   16.24277 4.7043e-02     0.4972     0.8578 0.0000e+00
        658 157.448486    0.04559     2.7355    164.128     68.653  51239.532    31.8015     4.8324     68.000     4.8247    25.1588     8.1706    11.6767    112.616    355.947    364.902   -0.00218    7.25537   10.36865  316.07302     4.8275   16.24464 4.7026e-02     0.4914     0.8858 0.0000e+00
        661 157.448496    0.04585     2.7511    165.068     69.663  51246.468    31.8049     4.8280     69.000     4.8216    25.1619     8.1767    11.6854    112.690    356.211    365.173   -0.00170    7.25599   10.36953  316.09867     4.8230   16.24585 4.7025e-02     0.4944     1.0009 0.0000e+00
        665 157.448507    0.04612     2.7670    166.021     70.672  51249.995    31.8062     4.8254     70.000     4.8191    25.1632     8.1807    11.6911    112.738    356.384    365.351   -0.00130    7.25637   10.37009  316.11517     4.8204   16.24663 4.7039e-02     0.5062     1.3385 0.0000e+00
        669 157.448518    0.04637     2.7824    166.942     71.682  51253.055    31.8072     4.8231     71.000     4.8168    25.1644     8.1721    11.6788    112.615    356.009    364.968   -0.00150    7.25673   10.37059  316.13020     4.8180   16.24734 4.7014e-02     0.4943     1.3197 0.0000e+00
        672 157.448528    0.04663     2.7976    167.856     72.693  51255.945    31.8083     4.8212     72.000     4.8152    25.1654     8.1684    11.6735    112.559    355.847    364.802   -0.00150    7.25701   10.37100  316.14241     4.8160   16.24791 4.7053e-02     0.4831     1.1254 0.0000e+00
        676 157.448539    0.04688     2.8130    168.778     73.702  51258.030    31.8089     4.8198     73.000     4.8141    25.1661     8.1674    11.6720    112.542    355.800    364.755   -0.00136    7.25721   10.37127  316.15062     4.8146   16.24830 4.7103e-02     0.4867     1.1130 0.0000e+00
        680 157.448550    0.04714     2.8285    169.708     74.712  51259.267    31.8091     4.8190     74.000     4.8132    25.1663     8.1648    11.6683    112.504    355.689    364.640   -0.00132    7.25734   10.37147  316.15648     4.8137   16.24858 4.7115e-02     0.4850     1.1047 0.0000e+00
        684 157.448561    0.04740     2.8441    170.644     75.721  51260.717    31.8094     4.8182     75.000     4.8128    25.1666     8.1647    11.6681    112.501    355.684    364.636   -0.00117    7.25746   10.37165  316.16175     4.8128   16.24883 4.7151e-02     0.4787     1.1135 0.0000e+00
        687 157.448571    0.04766     2.8596    171.574     76.731  51260.851    31.8091     4.8186     76.000     4.8138    25.1664     8.1627    11.6652    112.473    355.595    364.544   -0.00111    7.25741   10.37156  316.15937     4.8132   16.24872 4.7131e-02     0.4684     1.1263 0.0000e+00
        691 157.448582    0.04792     2.8751    172.508     77.741  51259.519    31.8080     4.8199     77.000     4.8147    25.1653     8.1578    11.6583    112.409    355.383    364.326   -0.00116    7.25725   10.37133  316.15263     4.8143   16.24840 4.7104e-02     0.4743     1.1986 0.0000e+00
        695 157.448594    0.04818     2.8910    173.461     78.751  51258.816    31.8071     4.8205     78.000     4.8147    25.1646     8.1554    11.6549    112.377    355.280    364.221   -0.00115    7.25718   10.37124  316.15003     4.8148   16.24828 4.7092e-02     0.4578     1.3159 0.0000e+00
        699 157.448604    0.04844     2.9068    174.410     79.761  51259.560    31.8071     4.8202     79.000     4.8144    25.1646     8.1617    11.6639    112.463    355.554    364.501   -0.00076    7.25722   10.37130  316.15163     4.8146   16.24836 4.7081e-02     0.4698     1.4071 0.0000e+00
        702 157.448615    0.04870     2.9223    175.337     80.771  51260.044    31.8069     4.8200     80.000     4.8140    25.1645     8.1625    11.6650    112.473    355.587    364.536   -0.00065    7.25728   10.37138  316.15430     4.8142   16.24849 4.7079e-02     0.4597     1.3478 0.0000e+00
        706 157.448626    0.04896     2.9377    176.260     81.780  51260.907    31.8070     4.8198     81.000     4.8140    25.1646     8.1577    11.6582    112.406    355.378    364.321   -0.00079    7.25730   10.37142  316.15541     4.8140   16.24854 4.7101e-02     0.4528     1.3440 0.0000e+00
        710 157.448636    0.04922     2.9532    177.190     82.790  51261.410    31.8068     4.8197     82.000     4.8137    25.1644     8.1589    11.6598    112.422    355.430    364.374   -0.00069    7.25733   10.37144  316.15631     4.8138   16.24858 4.7158e-02     0.4680     1.3755 0.0000e+00
        714 157.448648    0.04948     2.9692    178.151     83.800  51262.357    31.8069     4.8195     83.000     4.8136    25.1645     8.1613    11.6634    112.456    355.538    364.485   -0.00051    7.25735   10.37149  316.15746     4.8136   16.24864 4.7126e-02     0.4748     1.3761 0.0000e+00
        718 157.448659    0.04976     2.9856    179.133     84.810  51263.085    31.8069     4.8197     84.000     4.8138    25.1646     8.1589    11.6598    112.423    355.431    364.375   -0.00056    7.25733   10.37146  316.15662     4.8137   16.24860 4.7095e-02     0.4639     1.4154 0.0000e+00
        722 157.448671    0.05005     3.0029    180.174     85.820  51263.241    31.8065     4.8198     85.000     4.8136    25.1643     8.1541    11.6531    112.358    355.226    364.165   -0.00070    7.25733   10.37145  316.15642     4.8138   16.24859 4.7068e-02     0.4507     1.4014 0.0000e+00
        726 157.448684    0.05036     3.0217    181.304     86.830  51263.928    31.8064     4.8193     86.000     4.8126    25.1642     8.1568    11.6569    112.393    355.342    364.284   -0.00053    7.25742   10.37157  316.16026     4.8132   16.24877 4.7040e-02     0.4463     1.3646 0.0000e+00
        731 157.448697    0.05068     3.0407    182.442     87.840  51266.136    31.8072     4.8181     87.000     4.8118    25.1649     8.1601    11.6615    112.435    355.483    364.428   -0.00036    7.25759   10.37181  316.16741     4.8119   16.24911 4.6999e-02     0.4398     1.4308 0.0000e+00
        736 157.448711    0.05101     3.0609    183.654     88.849  51266.787    31.8073     4.8187     88.000     4.8129    25.1649     8.1583    11.6590    112.412    355.405    364.349   -0.00039    7.25749   10.37168  316.16318     4.8124   16.24891 4.7020e-02     0.4654     1.4436 0.0000e+00
        742 157.448729    0.05143     3.0859    185.150     89.860  51265.371    31.8061     4.8203     89.000     4.8139    25.1640     8.1501    11.6473    112.302    355.049    363.984   -0.00063    7.25726   10.37134  316.15327     4.8141   16.24843 4.7008e-02     0.5284     1.5492 0.0000e+00
