CTD-processing/allCTD/CNV/2013_05-21_t9_s07_cast145_5028.cnv
* Sea-Bird SBE19plus Data File:
* FileName = C:\Documents and Settings\kris.holderied.local\My Documents\2012-2013-CTD-DATA-new-files\2013-05-21-CTD-HomerSpitLine-LTM\2013-05-21-Tran9-HomerSpit-cast145.hex
* Software Version 1.54
* Temperature SN =  5028
* Conductivity SN =  5028
* System UpLoad Time = Jun 05 2013 20:24:38
** Cook Inlet LTM Transect 9 (Homer Spit) Monthly
** Date:  2013-05-21
** Station: 9-07
** Start time (AKDT-24 hr): 1244
** Depth (ft): 352
** Comment: None
** Comment:
# nquan = 27
# nvalues = 96                          
# units = specified
# name 0 = scan: Scan Count
# name 1 = timeJ: Julian Days
# name 2 = timeH: Time, Elapsed [hours]
# name 3 = timeM: Time, Elapsed [minutes]
# name 4 = timeS: Time, Elapsed [seconds]
# name 5 = prdM: Pressure, Strain Gauge [db]
# name 6 = specc: Specific Conductance [uS/cm]
# name 7 = sal00: Salinity, Practical [PSU]
# name 8 = tv290C: Temperature [ITS-90, deg C]
# name 9 = depSM: Depth [salt water, m], lat = 59.00
# name 10 = potemp090C: Potential Temperature [ITS-90, deg C]
# name 11 = sigma-é00: Density [sigma-theta, kg/m^3]
# name 12 = sbeox0ML/L: Oxygen, SBE 43 [ml/l]
# name 13 = sbeox0Mg/L: Oxygen, SBE 43 [mg/l]
# name 14 = sbeox0PS: Oxygen, SBE 43 [% saturation]
# name 15 = sbox0Mm/Kg: Oxygen, SBE 43 [umol/kg]
# name 16 = sbeox0Mm/L: Oxygen, SBE 43 [umol/l]
# name 17 = sbox0dV/dT: Oxygen, SBE 43 [dov/dt]
# name 18 = oxsolML/L: Oxygen Saturation, Garcia & Gordon [ml/l]
# name 19 = oxsolMg/L: Oxygen Saturation, Garcia & Gordon [mg/l]
# name 20 = oxsolMm/Kg: Oxygen Saturation, Garcia & Gordon [umol/kg]
# name 21 = potemp090C: Potential Temperature [ITS-90, deg C]
# name 22 = n2satMg/L: Nitrogen Saturation [mg/l]
# name 23 = par: PAR/Irradiance, Biospherical/Licor
# name 24 = flECO-AFL: Fluorescence, WET Labs ECO-AFL/FL [mg/m^3]
# name 25 = turbWETntu0: Turbidity, WET Labs ECO [NTU]
# name 26 = flag: flag
# span 0 =        273,        761       
# span 1 = 141.531052, 141.532465       
# span 2 =    0.01887,    0.05277       
# span 3 =     1.1319,     3.1662       
# span 4 =     67.916,    189.974       
# span 5 =      1.009,     96.928       
# span 6 =  49348.702,  51672.465       
# span 7 =    30.7730,    31.9116       
# span 8 =     4.0880,     5.9570       
# span 9 =      1.000,     96.000       
# span 10 =     4.0817,     5.9481      
# span 11 =    24.2192,    25.3222      
# span 12 =     7.6123,     8.6887      
# span 13 =    10.8787,    12.4170      
# span 14 =    107.015,    120.303      
# span 15 =    331.925,    378.548      
# span 16 =    339.965,    388.035      
# span 17 =   -0.00813,    0.00920      
# span 18 =    7.11298,    7.38384      
# span 19 =   10.16515,   10.55224      
# span 20 =  310.15911,  321.64479      
# span 21 =     4.0817,     5.9570      
# span 22 =   15.96726,   16.50970      
# span 23 = 3.9746e-02, 2.7452e+02      
# span 24 =     0.4435,     2.5520      
# span 25 =     0.6325,     1.7234      
# span 26 = 0.0000e+00, 0.0000e+00      
# interval = meters: 1                  
# start_time = May 21 2013 12:43:35 [Instrument's time stamp, header]
# bad_flag = -9.990e-29
*END*
        273 141.531052    0.01887     1.1319     67.916      1.009  49348.702    30.7730     5.9570      1.000     5.9481    24.2192     7.6123    10.8787    107.015    331.925    339.965    0.00381    7.11298   10.16515  310.15911     5.9570   15.96726 2.7452e+02     0.5515     1.7234 0.0000e+00
        370 141.531335    0.02566     1.5393     92.358      2.019  49644.301    30.9450     5.8389      2.000     5.8089    24.3687     8.1737    11.6810    114.732    356.352    365.036    0.00312    7.12419   10.18118  310.59734     5.8387   15.98742 1.5770e+02     0.7460     1.5051 0.0000e+00
        374 141.531346    0.02592     1.5554     93.324      3.029  49765.848    31.0068     5.7276      3.000     5.6767    24.4304     8.1255    11.6122    113.803    354.233    362.887    0.00013    7.14003   10.20383  311.26946     5.7274   16.01918 1.0102e+02     1.0950     1.6342 0.0000e+00
        380 141.531362    0.02629     1.5771     94.629      4.038  49965.109    31.1184     5.6005      4.000     5.5671    24.5331     8.0676    11.5295    112.736    351.673    360.300   -0.00314    7.15624   10.22699  311.94477     5.6002   16.05088 7.2161e+01     1.3957     1.5418 0.0000e+00
        384 141.531376    0.02663     1.5976     95.857      5.048  50084.715    31.1870     5.5341      5.000     5.5048    24.5949     8.0902    11.5616    112.923    352.631    361.304   -0.00226    7.16426   10.23844  312.27539     5.5336   16.06635 5.3840e+01     1.7392     1.5110 0.0000e+00
        389 141.531388    0.02693     1.6158     96.947      6.057  50181.320    31.2355     5.4482      6.000     5.3681    24.6429     8.1883    11.7019    114.097    356.894    365.689    0.00167    7.17658   10.25605  312.79789     5.4477   16.09102 3.9566e+01     2.1881     1.5534 0.0000e+00
        393 141.531400    0.02722     1.6332     97.994      7.066  50363.524    31.3250     5.2765      7.000     5.2097    24.7328     8.2018    11.7212    113.889    357.453    366.294    0.00086    7.20167   10.29191  313.86393     5.2760   16.14141 2.8691e+01     2.5360     1.4675 0.0000e+00
        397 141.531413    0.02753     1.6520     99.118      8.075  50511.466    31.4001     5.1506      8.000     5.1167    24.8060     8.1698    11.6755    113.160    356.032    364.864   -0.00171    7.21969   10.31766  314.62678     5.1501   16.17743 2.0753e+01     2.4806     1.3321 0.0000e+00
        402 141.531426    0.02785     1.6706    100.237      9.085  50582.737    31.4348     5.0855      9.000     5.0657    24.8406     8.2034    11.7235    113.475    357.483    366.363   -0.00064    7.22925   10.33133  315.03278     5.0848   16.19661 1.5139e+01     2.5520     1.3313 0.0000e+00
        406 141.531439    0.02815     1.6890    101.342     10.095  50623.049    31.4543     5.0495     10.000     5.0374    24.8600     8.2588    11.8026    114.158    359.892    368.839    0.00140    7.23453   10.33887  315.25686     5.0488   16.20720 1.1038e+01     2.4847     1.3465 0.0000e+00
        411 141.531451    0.02844     1.7065    102.388     11.105  50656.169    31.4721     5.0288     11.000     5.0235    24.8764     8.3091    11.8744    114.810    362.075    371.083    0.00303    7.23725   10.34275  315.37019     5.0280   16.21252 7.9619e+00     2.4195     1.2620 0.0000e+00
        414 141.531462    0.02871     1.7225    103.352     12.114  50677.160    31.4846     5.0221     12.000     5.0180    24.8870     8.3684    11.9592    115.621    364.657    373.731    0.00483    7.23780   10.34354  315.39089     5.0213   16.21346 5.7965e+00     2.4049     1.2604 0.0000e+00
        418 141.531474    0.02898     1.7388    104.330     13.123  50687.654    31.4896     5.0140     13.000     5.0072    24.8918     8.4360    12.0558    116.536    367.600    376.750    0.00674    7.23896   10.34520  315.44024     5.0131   16.21579 4.2581e+00     2.4054     1.3071 0.0000e+00
        422 141.531485    0.02925     1.7551    105.308     14.133  50702.512    31.4969     5.0029     14.000     4.9967    24.8988     8.4859    12.1272    117.199    369.772    378.978    0.00758    7.24053   10.34745  315.50662     5.0019   16.21891 3.1403e+00     2.4815     1.2821 0.0000e+00
        426 141.531496    0.02951     1.7709    106.253     15.143  50717.388    31.5046     4.9931     15.000     4.9869    24.9059     8.5335    12.1952    117.835    371.845    381.106    0.00821    7.24187   10.34936  315.56260     4.9920   16.22154 2.3052e+00     2.5022     1.2236 0.0000e+00
        430 141.531507    0.02976     1.7860    107.157     16.152  50732.607    31.5125     4.9836     16.000     4.9760    24.9132     8.5837    12.2669    118.508    374.029    383.347    0.00894    7.24313   10.35116  315.61518     4.9825   16.22401 1.7097e+00     2.4940     1.2184 0.0000e+00
        433 141.531517    0.03002     1.8009    108.057     17.161  50747.343    31.5193     4.9705     17.000     4.9581    24.9200     8.6253    12.3263    119.050    375.838    385.203    0.00920    7.24508   10.35394  315.69804     4.9693   16.22793 1.2775e+00     2.4823     1.2114 0.0000e+00
        437 141.531528    0.03029     1.8172    109.035     18.171  50768.151    31.5273     4.9440     18.000     4.9237    24.9292     8.6483    12.3594    119.299    376.841    386.235    0.00847    7.24930   10.35997  315.87896     4.9427   16.23651 9.5263e-01     2.4800     1.1720 0.0000e+00
        443 141.531545    0.03069     1.8417    110.504     19.180  50827.760    31.5574     4.8968     19.000     4.8871    24.9581     8.6327    12.3370    118.972    376.148    385.536    0.00557    7.25605   10.36961  316.16409     4.8954   16.24996 7.1922e-01     2.4512     1.1222 0.0000e+00
        449 141.531562    0.03110     1.8659    111.957     20.190  50894.158    31.6009     4.8894     20.000     4.8981    24.9934     8.6048    12.2972    118.603    374.922    384.293    0.00318    7.25520   10.36840  316.11637     4.8880   16.24751 5.4756e-01     2.3659     1.0684 0.0000e+00
        454 141.531576    0.03145     1.8867    113.205     21.199  50896.962    31.6076     4.9133     21.000     4.9170    24.9961     8.6139    12.3101    118.800    375.313    384.695    0.00304    7.25073   10.36202  315.92071     4.9118   16.23817 4.2860e-01     2.0481     0.9583 0.0000e+00
        459 141.531590    0.03178     1.9065    114.388     22.208  50904.560    31.6148     4.9249     22.000     4.9314    25.0007     8.6308    12.3343    119.072    376.049    385.451    0.00324    7.24836   10.35864  315.81627     4.9233   16.23317 3.3743e-01     1.8346     0.9312 0.0000e+00
        463 141.531603    0.03208     1.9248    115.486     23.218  50922.634    31.6318     4.9480     23.000     4.9603    25.0116     8.6427    12.3513    119.316    376.565    385.984    0.00332    7.24353   10.35173  315.60233     4.9463   16.22292 2.6793e-01     1.8064     0.9733 0.0000e+00
        467 141.531615    0.03238     1.9429    116.573     24.228  50951.613    31.6581     4.9800     24.000     4.9964    25.0290     8.6596    12.3754    119.662    377.293    386.737    0.00373    7.23670   10.34197  315.29942     4.9783   16.20839 2.1436e-01     1.8371     0.9960 0.0000e+00
        472 141.531628    0.03268     1.9607    117.642     25.238  51004.040    31.7025     5.0210     25.000     5.0364    25.0598     8.6736    12.3955    120.010    377.894    387.364    0.00407    7.22744   10.32874  314.88673     5.0192   16.18857 1.7309e-01     1.8116     0.9329 0.0000e+00
        476 141.531640    0.03297     1.9777    118.662     26.247  51004.645    31.7085     5.0492     26.000     5.0521    25.0615     8.6887    12.4170    120.303    378.548    388.035    0.00427    7.22230   10.32138  314.66169     5.0473   16.17783 1.4308e-01     1.6819     0.8322 0.0000e+00
        480 141.531651    0.03323     1.9939    119.637     27.257  51008.733    31.7124     5.0560     27.000     5.0552    25.0638     8.6790    12.4032    120.193    378.128    387.605    0.00329    7.22092   10.31941  314.60105     5.0541   16.17493 1.2072e-01     1.5511     0.8057 0.0000e+00
        483 141.531662    0.03350     2.0098    120.590     28.266  51019.896    31.7196     5.0561     28.000     5.0465    25.0695     8.6545    12.3680    119.859    377.055    386.507    0.00176    7.22055   10.31889  314.58342     5.0541   16.17406 1.0324e-01     1.5202     0.8362 0.0000e+00
        487 141.531673    0.03376     2.0256    121.534     29.276  51014.773    31.7092     5.0270     29.000     4.9815    25.0644     8.6358    12.3415    119.510    376.245    385.676    0.00043    7.22610   10.32682  314.82678     5.0249   16.18568 8.9489e-02     1.4623     0.8510 0.0000e+00
        491 141.531684    0.03402     2.0413    122.478     30.285  51008.719    31.6835     4.9306     30.000     4.8514    25.0544     8.6023    12.2936    118.752    374.790    384.180   -0.00184    7.24407   10.35250  315.61289     4.9284   16.22321 7.8875e-02     1.3477     0.8059 0.0000e+00
        495 141.531695    0.03428     2.0568    123.407     31.295  51092.540    31.7106     4.7942     31.000     4.7367    25.0904     8.5281    12.1875    117.363    371.542    380.864   -0.00571    7.26649   10.38454  316.57836     4.7920   16.26905 7.0880e-02     1.1847     0.7464 0.0000e+00
        498 141.531705    0.03454     2.0727    124.362     32.305  51169.377    31.7420     4.7005     32.000     4.6655    25.1252     8.4688    12.1028    116.310    368.950    378.220   -0.00813    7.28133   10.40575  317.21420     4.6983   16.29918 6.4588e-02     1.0883     0.7552 0.0000e+00
        502 141.531717    0.03482     2.0891    125.345     33.314  51247.983    31.7845     4.6521     33.000     4.6457    25.1640     8.4562    12.0847    116.034    368.384    377.654   -0.00779    7.28773   10.41489  317.48099     4.6498   16.31171 5.9706e-02     1.0342     0.7977 0.0000e+00
        506 141.531729    0.03510     2.1060    126.361     34.324  51264.962    31.7947     4.6477     34.000     4.6465    25.1725     8.4739    12.1101    116.273    369.154    378.446   -0.00592    7.28801   10.41530  317.49065     4.6453   16.31213 5.5883e-02     0.9644     0.7449 0.0000e+00
        510 141.531740    0.03538     2.1227    127.364     35.333  51282.608    31.8078     4.6542     35.000     4.6636    25.1822     8.4910    12.1345    116.535    369.894    379.209   -0.00423    7.28623   10.41275  317.41009     4.6517   16.30824 5.2845e-02     0.9034     0.7478 0.0000e+00
        515 141.531752    0.03566     2.1396    128.376     36.343  51308.672    31.8325     4.6871     36.000     4.7102    25.1985     8.5097    12.1611    116.903    370.699    380.040   -0.00256    7.27925   10.40277  317.10088     4.6845   16.29343 5.0358e-02     0.8678     0.7556 0.0000e+00
        519 141.531764    0.03595     2.1574    129.443     37.352  51285.850    31.8273     4.7359     37.000     4.7431    25.1892     8.5445    12.2109    117.516    372.222    381.599   -0.00036    7.27096   10.39094  316.74272     4.7333   16.27640 4.8403e-02     0.8747     0.7490 0.0000e+00
        523 141.531777    0.03626     2.1754    130.522     38.362  51255.478    31.8071     4.7407     38.000     4.7188    25.1726     8.5578    12.2300    117.696    372.808    382.193    0.00027    7.27112   10.39115  316.75458     4.7380   16.27705 4.6880e-02     0.8550     0.6800 0.0000e+00
        527 141.531789    0.03655     2.1928    131.568     39.372  51253.551    31.7934     4.6878     39.000     4.6570    25.1673     8.5295    12.1895    117.147    371.576    380.927   -0.00133    7.28104   10.40534  317.18862     4.6851   16.29776 4.5656e-02     0.7965     0.6325 0.0000e+00
        531 141.531801    0.03683     2.2099    132.594     40.381  51268.971    31.7910     4.6328     40.000     4.5987    25.1712     8.4873    12.1293    116.412    369.736    379.043   -0.00337    7.29081   10.41930  317.61294     4.6300   16.31796 4.4666e-02     0.7568     0.6497 0.0000e+00
        535 141.531812    0.03711     2.2270    133.620     41.391  51240.261    31.7528     4.5536     41.000     4.4927    25.1491     8.4730    12.1087    115.964    369.120    378.403   -0.00417    7.30665   10.44193  318.30960     4.5507   16.35126 4.3858e-02     0.7324     0.6672 0.0000e+00
        539 141.531824    0.03739     2.2433    134.600     42.401  51249.848    31.7316     4.4342     42.000     4.3669    25.1444     8.4467    12.0712    115.255    367.977    377.229   -0.00560    7.32880   10.47359  319.27626     4.4313   16.39734 4.3147e-02     0.7182     0.7122 0.0000e+00
        543 141.531835    0.03766     2.2595    135.567     43.410  51317.353    31.7508     4.3197     43.000     4.2806    25.1711     8.4107    12.0198    114.461    366.401    375.623   -0.00711    7.34818   10.50128  320.11201     4.3168   16.43702 4.2518e-02     0.7146     0.7714 0.0000e+00
        547 141.531846    0.03792     2.2751    136.508     44.420  51383.484    31.7822     4.2629     44.000     4.2524    25.2018     8.3931    11.9945    114.087    365.619    374.834   -0.00731    7.35672   10.51349  320.47456     4.2600   16.45414 4.1975e-02     0.7428     0.8499 0.0000e+00
        551 141.531857    0.03817     2.2906    137.436     45.430  51397.402    31.7887     4.2519     45.000     4.2419    25.2080     8.4133    12.0235    114.337    366.501    375.739   -0.00562    7.35837   10.51584  320.54448     4.2489   16.45745 4.1529e-02     0.7146     0.8763 0.0000e+00
        555 141.531868    0.03844     2.3065    138.391     46.440  51385.029    31.7746     4.2302     46.000     4.2042    25.1990     8.4358    12.0557    114.572    367.484    376.744   -0.00408    7.36296   10.52240  320.74712     4.2272   16.46714 4.1163e-02     0.6888     0.8656 0.0000e+00
        558 141.531879    0.03871     2.3226    139.356     47.449  51397.901    31.7714     4.1815     47.000     4.1519    25.2013     8.4257    12.0412    114.296    367.042    376.292   -0.00424    7.37182   10.53506  321.13238     4.1784   16.48548 4.0869e-02     0.6665     0.8629 0.0000e+00
        562 141.531890    0.03898     2.3387    140.325     48.459  51436.252    31.7863     4.1363     48.000     4.1190    25.2176     8.3986    12.0025    113.815    365.855    375.081   -0.00503    7.37917   10.54558  321.44792     4.1331   16.50043 4.0696e-02     0.6283     0.8719 0.0000e+00
        566 141.531901    0.03925     2.3548    141.288     49.469  51460.258    31.7967     4.1132     49.000     4.1039    25.2281     8.3780    11.9731    113.480    364.956    374.164   -0.00528    7.38280   10.55076  321.60238     4.1100   16.50773 4.0562e-02     0.5895     0.8657 0.0000e+00
        570 141.531913    0.03951     2.3705    142.232     50.478  51479.420    31.8073     4.1045     50.000     4.1041    25.2373     8.3623    11.9507    113.252    364.270    373.463   -0.00521    7.38384   10.55224  321.64479     4.1012   16.50970 4.0392e-02     0.5801     0.8503 0.0000e+00
        574 141.531923    0.03977     2.3861    143.168     51.488  51506.244    31.8279     4.1165     51.000     4.1298    25.2526     8.3551    11.9402    113.202    363.946    373.137   -0.00466    7.38066   10.54771  321.50159     4.1132   16.50281 4.0238e-02     0.5917     0.8630 0.0000e+00
        577 141.531934    0.04003     2.4018    144.108     52.498  51509.574    31.8375     4.1491     52.000     4.1670    25.2570     8.3659    11.9557    113.446    364.416    373.620   -0.00335    7.37435   10.53867  321.22491     4.1457   16.48961 4.0119e-02     0.5847     0.8663 0.0000e+00
        581 141.531945    0.04029     2.4173    145.040     53.507  51530.247    31.8626     4.1975     53.000     4.2270    25.2722     8.3897    11.9896    113.922    365.445    374.681   -0.00157    7.36442   10.52450  320.78811     4.1941   16.46873 4.0045e-02     0.5872     0.8429 0.0000e+00
