CTD-processing/allCTD/CNV/2013_04-20_t7_s14_cast095_5028.cnv
* Sea-Bird SBE19plus Data File:
* FileName = C:\Documents and Settings\kris.holderied.local\My Documents\2012-2013-CTD-DATA-new-files\2013-04-EVOSTC-CookInlet-Ocean\2013-04-CookInlet-Tran7-Augustine\2013-04-20-CookInlet-Trans7-Cast095.hex
* Software Version 1.54
* Temperature SN =  5028
* Conductivity SN =  5028
* System UpLoad Time = Apr 20 2013 14:59:42
** Cook Inlet LTM Tran7 Augustine to Flat Island
** Date:  2013-04-20
** Station:  7-14
** Start time (AKDT-24 hr):  1103
** Depth (m): 71
** Comment:
** Comment:
# nquan = 27
# nvalues = 71                          
# units = specified
# name 0 = scan: Scan Count
# name 1 = timeJ: Julian Days
# name 2 = timeH: Time, Elapsed [hours]
# name 3 = timeM: Time, Elapsed [minutes]
# name 4 = timeS: Time, Elapsed [seconds]
# name 5 = prdM: Pressure, Strain Gauge [db]
# name 6 = specc: Specific Conductance [uS/cm]
# name 7 = sal00: Salinity, Practical [PSU]
# name 8 = tv290C: Temperature [ITS-90, deg C]
# name 9 = depSM: Depth [salt water, m], lat = 59.00
# name 10 = potemp090C: Potential Temperature [ITS-90, deg C]
# name 11 = sigma-é00: Density [sigma-theta, kg/m^3]
# name 12 = sbeox0ML/L: Oxygen, SBE 43 [ml/l]
# name 13 = sbeox0Mg/L: Oxygen, SBE 43 [mg/l]
# name 14 = sbeox0PS: Oxygen, SBE 43 [% saturation]
# name 15 = sbox0Mm/Kg: Oxygen, SBE 43 [umol/kg]
# name 16 = sbeox0Mm/L: Oxygen, SBE 43 [umol/l]
# name 17 = sbox0dV/dT: Oxygen, SBE 43 [dov/dt]
# name 18 = oxsolML/L: Oxygen Saturation, Garcia & Gordon [ml/l]
# name 19 = oxsolMg/L: Oxygen Saturation, Garcia & Gordon [mg/l]
# name 20 = oxsolMm/Kg: Oxygen Saturation, Garcia & Gordon [umol/kg]
# name 21 = potemp090C: Potential Temperature [ITS-90, deg C]
# name 22 = n2satMg/L: Nitrogen Saturation [mg/l]
# name 23 = par: PAR/Irradiance, Biospherical/Licor
# name 24 = flECO-AFL: Fluorescence, WET Labs ECO-AFL/FL [mg/m^3]
# name 25 = turbWETntu0: Turbidity, WET Labs ECO [NTU]
# name 26 = flag: flag
# span 0 =        186,        716       
# span 1 = 110.462967, 110.464498       
# span 2 =    0.01288,    0.04963       
# span 3 =     0.7726,     2.9778       
# span 4 =     46.356,    178.666       
# span 5 =      1.009,     71.682       
# span 6 =  50232.727,  51985.774       
# span 7 =    31.0040,    32.1134       
# span 8 =     3.8096,     3.8934       
# span 9 =      1.000,     71.000       
# span 10 =     3.8071,     3.8739      
# span 11 =    24.6202,    25.5044      
# span 12 =     6.8772,     8.0828      
# span 13 =     9.8283,    11.5512      
# span 14 =     92.137,    108.874      
# span 15 =    299.792,    352.017      
# span 16 =    307.138,    360.981      
# span 17 =   -0.00039,    0.00827      
# span 18 =    7.41335,    7.46611      
# span 19 =   10.59442,   10.66982      
# span 20 =  322.84382,  325.47285      
# span 21 =     3.8071,     3.8933      
# span 22 =   16.56549,   16.69501      
# span 23 = 2.5801e-01, 4.2188e+02      
# span 24 =    -0.4129,    20.8409      
# span 25 =     0.3607,     0.7767      
# span 26 = 0.0000e+00, 0.0000e+00      
# interval = meters: 1                  
# start_time = Apr 20 2013 11:05:54 [Instrument's time stamp, header]
# bad_flag = -9.990e-29
*END*
        186 110.462967    0.01288     0.7726     46.356      1.009  50232.727    31.0040     3.8934      1.000     3.8739    24.6202     6.8772     9.8283     92.137    299.792    307.138   -0.00017    7.46611   10.66982  325.47285     3.8933   16.69501 4.2188e+02    20.8409     0.7767 0.0000e+00
        461 110.463761    0.03193     1.9156    114.937      2.019  51985.774    32.1134     3.8549      2.000     3.8558    25.5044     7.3417    10.4921     99.031    319.728    327.884    0.00034    7.41335   10.59442  322.84382     3.8548   16.56549 2.8254e+01    -0.4129     0.3607 0.0000e+00
        457 110.463749    0.03166     1.8992    113.955      3.028  51900.129    32.0582     3.8552      3.000     3.8535    25.4606     7.3148    10.4535     98.631    318.567    326.677 -2.119e-07    7.41627   10.59858  322.98703     3.8550   16.57253 3.8062e+01     0.6494     0.3787 0.0000e+00
        462 110.463764    0.03200     1.9203    115.215      4.038  51900.092    32.0564     3.8498      4.000     3.8468    25.4596     7.3123    10.4501     98.584    318.461    326.569   -0.00016    7.41735   10.60013  323.03436     3.8495   16.57478 3.2628e+01     0.6809     0.3925 0.0000e+00
        467 110.463778    0.03233     1.9396    116.379      5.047  51899.435    32.0538     3.8431      5.000     3.8379    25.4582     7.3164    10.4560     98.622    318.641    326.753   -0.00009    7.41868   10.60204  323.09293     3.8428   16.57758 2.9013e+01     0.7200     0.3834 0.0000e+00
        472 110.463793    0.03270     1.9620    117.719      6.057  51901.589    32.0504     3.8257      6.000     3.8185    25.4572     7.3320    10.4781     98.786    319.316    327.445    0.00036    7.42202   10.60680  323.23857     3.8253   16.58452 2.8878e+01     0.7637     0.3828 0.0000e+00
        477 110.463809    0.03308     1.9845    119.069      7.067  51917.399    32.0577     3.8137      7.000     3.8128    25.4641     7.3370    10.4852     98.830    319.532    327.669    0.00032    7.42384   10.60940  323.31544     3.8132   16.58815 3.2366e+01     0.8558     0.3878 0.0000e+00
        482 110.463822    0.03339     2.0036    120.217      8.076  51917.358    32.0569     3.8125      8.000     3.8110    25.4635     7.3752    10.5399     99.341    321.197    329.376    0.00161    7.42409   10.60977  323.32679     3.8120   16.58869 4.4599e+01     0.8908     0.3853 0.0000e+00
        486 110.463834    0.03369     2.0214    121.283      9.085  51919.805    32.0576     3.8107      9.000     3.8100    25.4643     7.4324    10.6216    100.108    323.688    331.930    0.00342    7.42437   10.61016  323.33857     3.8102   16.58925 6.3894e+01     0.9299     0.3909 0.0000e+00
        491 110.463848    0.03402     2.0409    122.453     10.094  51921.498    32.0583     3.8113     10.000     3.8108    25.4649     7.4993    10.7172    101.011    326.599    334.916    0.00529    7.42424   10.60998  323.33275     3.8106   16.58897 8.2072e+01     0.9601     0.4074 0.0000e+00
        496 110.463864    0.03440     2.0642    123.850     11.104  51920.679    32.0571     3.8109     11.000     3.8097    25.4640     7.5554    10.7974    101.765    329.045    337.423    0.00621    7.42436   10.61015  323.33859     3.8102   16.58925 9.8268e+01     0.9823     0.3993 0.0000e+00
        502 110.463879    0.03477     2.0865    125.189     12.113  51922.192    32.0574     3.8099     12.000     3.8090    25.4643     7.5978    10.8581    102.334    330.893    339.318    0.00646    7.42452   10.61038  323.34541     3.8092   16.58958 9.3408e+01     1.0092     0.3874 0.0000e+00
        506 110.463893    0.03509     2.1054    126.323     13.123  51923.069    32.0575     3.8098     13.000     3.8089    25.4643     7.6482    10.9300    103.012    333.085    341.567    0.00715    7.42454   10.61042  323.34625     3.8090   16.58962 8.5377e+01     1.0031     0.3893 0.0000e+00
        511 110.463905    0.03539     2.1233    127.395     14.132  51923.813    32.0575     3.8098     14.000     3.8089    25.4643     7.7024    11.0076    103.743    335.450    343.992    0.00798    7.42453   10.61040  323.34604     3.8089   16.58960 7.6949e+01     1.0079     0.3974 0.0000e+00
        515 110.463918    0.03570     2.1421    128.526     15.142  51924.595    32.0575     3.8098     15.000     3.8087    25.4643     7.7468    11.0709    104.340    337.379    345.971    0.00823    7.42455   10.61042  323.34644     3.8088   16.58962 7.1204e+01     1.0081     0.3885 0.0000e+00
        520 110.463931    0.03602     2.1614    129.682     16.152  51925.516    32.0576     3.8097     16.000     3.8087    25.4644     7.7707    11.1051    104.662    338.422    347.040    0.00765    7.42456   10.61043  323.34671     3.8087   16.58964 6.2182e+01     1.0216     0.3888 0.0000e+00
        524 110.463943    0.03630     2.1781    130.689     17.161  51926.360    32.0577     3.8097     17.000     3.8086    25.4645     7.7946    11.1392    104.984    339.461    348.106    0.00724    7.42455   10.61042  323.34640     3.8086   16.58962 5.6147e+01     1.0260     0.3925 0.0000e+00
        527 110.463953    0.03655     2.1929    131.575     18.171  51926.938    32.0575     3.8098     18.000     3.8086    25.4644     7.8381    11.2015    105.571    341.358    350.050    0.00785    7.42454   10.61041  323.34632     3.8086   16.58962 5.0478e+01     1.0354     0.3973 0.0000e+00
        531 110.463964    0.03680     2.2078    132.467     19.180  51927.676    32.0575     3.8097     19.000     3.8085    25.4644     7.8785    11.2592    106.114    343.117    351.854    0.00827    7.42455   10.61042  323.34647     3.8086   16.58962 4.4988e+01     1.0402     0.4027 0.0000e+00
        535 110.463975    0.03706     2.2236    133.416     20.189  51928.323    32.0574     3.8098     20.000     3.8085    25.4643     7.9036    11.2951    106.453    344.211    352.977    0.00800    7.42455   10.61042  323.34648     3.8085   16.58963 4.0303e+01     1.0497     0.3988 0.0000e+00
        539 110.463986    0.03734     2.2405    134.431     21.199  51929.195    32.0575     3.8099     21.000     3.8085    25.4644     7.9137    11.3096    106.590    344.653    353.429    0.00708    7.42453   10.61039  323.34570     3.8085   16.58959 3.6266e+01     1.0724     0.3916 0.0000e+00
        543 110.463999    0.03764     2.2581    135.487     22.209  51930.098    32.0576     3.8100     22.000     3.8086    25.4645     7.9304    11.3333    106.813    345.376    354.170    0.00649    7.42450   10.61036  323.34446     3.8086   16.58953 3.2922e+01     1.0696     0.3861 0.0000e+00
        547 110.464010    0.03791     2.2746    136.476     23.218  51930.880    32.0576     3.8100     23.000     3.8086    25.4645     7.9441    11.3530    106.999    345.976    354.786    0.00599    7.42449   10.61033  323.34372     3.8085   16.58949 2.9571e+01     1.0596     0.3857 0.0000e+00
        550 110.464020    0.03816     2.2896    137.374     24.228  51931.741    32.0578     3.8102     24.000     3.8088    25.4646     7.9543    11.3675    107.137    346.419    355.240    0.00548    7.42445   10.61027  323.34184     3.8087   16.58940 2.7028e+01     1.0519     0.3908 0.0000e+00
        554 110.464031    0.03840     2.3042    138.250     25.237  51932.345    32.0577     3.8104     25.000     3.8088    25.4645     7.9699    11.3897    107.346    347.095    355.934    0.00527    7.42442   10.61024  323.34082     3.8088   16.58935 2.4526e+01     1.0510     0.4001 0.0000e+00
        558 110.464041    0.03865     2.3188    139.130     26.247  51932.876    32.0575     3.8103     26.000     3.8086    25.4644     7.9868    11.4139    107.573    347.830    356.688    0.00515    7.42444   10.61027  323.34165     3.8087   16.58939 2.1904e+01     1.0536     0.4036 0.0000e+00
        561 110.464052    0.03890     2.3341    140.046     27.257  51933.695    32.0575     3.8102     27.000     3.8083    25.4644     8.0019    11.4355    107.777    348.490    357.365    0.00495    7.42448   10.61032  323.34319     3.8084   16.58947 1.9694e+01     1.0670     0.3983 0.0000e+00
        565 110.464063    0.03919     2.3510    141.061     28.266  51934.552    32.0576     3.8100     28.000     3.8082    25.4645     8.0111    11.4486    107.900    348.890    357.774    0.00449    7.42449   10.61034  323.34398     3.8083   16.58951 1.7719e+01     1.0772     0.3865 0.0000e+00
        570 110.464076    0.03949     2.3693    142.156     29.276  51935.224    32.0575     3.8099     29.000     3.8079    25.4644     8.0183    11.4589    107.997    349.205    358.097    0.00393    7.42453   10.61040  323.34566     3.8080   16.58958 1.5778e+01     1.0414     0.3773 0.0000e+00
        574 110.464087    0.03976     2.3857    143.144     30.285  51936.261    32.0576     3.8097     30.000     3.8078    25.4646     8.0280    11.4728    108.128    349.628    358.530    0.00369    7.42456   10.61043  323.34674     3.8078   16.58964 1.4216e+01     1.0390     0.3872 0.0000e+00
        577 110.464098    0.04001     2.4008    144.047     31.295  51937.161    32.0577     3.8097     31.000     3.8078    25.4646     8.0260    11.4700    108.101    349.541    358.442    0.00305    7.42454   10.61041  323.34598     3.8078   16.58959 1.2908e+01     1.0318     0.3963 0.0000e+00
        581 110.464109    0.04027     2.4161    144.968     32.305  51937.897    32.0577     3.8098     32.000     3.8077    25.4647     8.0277    11.4724    108.125    349.616    358.518    0.00262    7.42452   10.61038  323.34530     3.8078   16.58957 1.1690e+01     1.0025     0.3829 0.0000e+00
        585 110.464121    0.04057     2.4339    146.031     33.314  51938.787    32.0578     3.8097     33.000     3.8076    25.4647     8.0302    11.4759    108.157    349.721    358.626    0.00225    7.42453   10.61040  323.34578     3.8077   16.58959 1.0622e+01     0.9892     0.3806 0.0000e+00
        590 110.464134    0.04087     2.4527    147.160     34.324  51939.535    32.0578     3.8096     34.000     3.8075    25.4647     8.0331    11.4799    108.195    349.846    358.754    0.00190    7.42455   10.61042  323.34638     3.8076   16.58962 9.6149e+00     0.9786     0.3838 0.0000e+00
        593 110.464145    0.04114     2.4684    148.102     35.333  51940.398    32.0579     3.8097     35.000     3.8077    25.4648     8.0374    11.4862    108.254    350.035    358.949    0.00177    7.42453   10.61039  323.34561     3.8075   16.58958 8.6332e+00     0.9741     0.3844 0.0000e+00
        596 110.464153    0.04135     2.4809    148.855     36.342  51940.777    32.0577     3.8101     36.000     3.8079    25.4646     8.0389    11.4884    108.275    350.102    359.017    0.00156    7.42447   10.61030  323.34288     3.8078   16.58946 7.7734e+00     0.9733     0.3852 0.0000e+00
        599 110.464162    0.04154     2.4925    149.548     37.353  51941.254    32.0576     3.8102     37.000     3.8076    25.4644     8.0424    11.4935    108.323    350.255    359.174    0.00149    7.42446   10.61030  323.34264     3.8079   16.58944 7.0214e+00     0.9744     0.3868 0.0000e+00
        602 110.464170    0.04174     2.5043    150.258     38.362  51942.252    32.0576     3.8099     38.000     3.8072    25.4645     8.0451    11.4973    108.359    350.374    359.295    0.00138    7.42451   10.61037  323.34484     3.8075   16.58955 6.3278e+00     0.9645     0.3846 0.0000e+00
        605 110.464179    0.04196     2.5177    151.062     39.372  51943.365    32.0578     3.8096     39.000     3.8071    25.4647     8.0499    11.5042    108.423    350.583    359.511    0.00134    7.42455   10.61043  323.34668     3.8071   16.58963 5.7102e+00     0.9514     0.3776 0.0000e+00
        609 110.464190    0.04223     2.5338    152.028     40.381  51944.000    32.0577     3.8097     40.000     3.8073    25.4647     8.0548    11.5111    108.488    350.793    359.726    0.00130    7.42455   10.61041  323.34622     3.8072   16.58961 5.1582e+00     0.9619     0.3781 0.0000e+00
        613 110.464202    0.04253     2.5515    153.093     41.391  51944.464    32.0576     3.8098     41.000     3.8073    25.4646     8.0539    11.5098    108.477    350.756    359.687    0.00100    7.42453   10.61040  323.34575     3.8072   16.58959 4.6637e+00     0.9834     0.3898 0.0000e+00
        617 110.464213    0.04278     2.5669    154.013     42.401  51945.299    32.0577     3.8101     42.000     3.8079    25.4646     8.0626    11.5222    108.595    351.134    360.075    0.00113    7.42447   10.61031  323.34285     3.8075   16.58945 4.2172e+00     0.9777     0.3883 0.0000e+00
        620 110.464222    0.04299     2.5794    154.765     43.410  51945.404    32.0574     3.8109     43.000     3.8085    25.4644     8.0704    11.5334    108.701    351.473    360.423    0.00129    7.42435   10.61013  323.33782     3.8081   16.58922 3.8209e+00     0.9544     0.3831 0.0000e+00
        623 110.464230    0.04318     2.5909    155.454     44.420  51945.493    32.0571     3.8114     44.000     3.8087    25.4640     8.0681    11.5301    108.672    351.373    360.321    0.00104    7.42427   10.61002  323.33440     3.8086   16.58905 3.4615e+00     0.9335     0.3761 0.0000e+00
        626 110.464238    0.04337     2.6027    156.161     45.429  51945.773    32.0568     3.8117     45.000     3.8089    25.4638     8.0645    11.5250    108.624    351.218    360.161    0.00074    7.42423   10.60997  323.33296     3.8088   16.58899 3.1283e+00     0.9436     0.3750 0.0000e+00
        629 110.464247    0.04359     2.6155    156.932     46.439  51946.280    32.0566     3.8118     46.000     3.8088    25.4637     8.0629    11.5226    108.602    351.146    360.087    0.00054    7.42422   10.60996  323.33250     3.8089   16.58896 2.8294e+00     0.9747     0.3802 0.0000e+00
        632 110.464257    0.04384     2.6304    157.822     47.449  51947.005    32.0567     3.8117     47.000     3.8088    25.4637     8.0650    11.5257    108.631    351.239    360.183    0.00049    7.42422   10.60996  323.33254     3.8088   16.58897 2.5674e+00     0.9661     0.3813 0.0000e+00
        636 110.464269    0.04411     2.6467    158.803     48.459  51947.519    32.0565     3.8119     48.000     3.8089    25.4636     8.0656    11.5266    108.639    351.267    360.212    0.00042    7.42420   10.60993  323.33166     3.8089   16.58893 2.3270e+00     0.9606     0.3868 0.0000e+00
        640 110.464280    0.04438     2.6626    159.757     49.468  51948.062    32.0564     3.8121     49.000     3.8090    25.4635     8.0632    11.5232    108.608    351.163    360.105    0.00022    7.42418   10.60989  323.33054     3.8090   16.58888 2.1023e+00     0.9496     0.3930 0.0000e+00
        644 110.464290    0.04462     2.6773    160.640     50.478  51948.773    32.0564     3.8122     50.000     3.8091    25.4635     8.0637    11.5238    108.614    351.181    360.123    0.00016    7.42416   10.60986  323.32982     3.8090   16.58884 1.9036e+00     0.9529     0.3947 0.0000e+00
        647 110.464300    0.04486     2.6915    161.491     51.488  51949.462    32.0564     3.8122     51.000     3.8090    25.4634     8.0637    11.5238    108.614    351.183    360.125    0.00011    7.42415   10.60985  323.32942     3.8090   16.58882 1.7237e+00     0.9549     0.3910 0.0000e+00
        650 110.464309    0.04509     2.7052    162.309     52.498  51950.180    32.0563     3.8123     52.000     3.8091    25.4634     8.0624    11.5220    108.597    351.127    360.067    0.00001    7.42414   10.60983  323.32881     3.8090   16.58879 1.5617e+00     0.9326     0.3910 0.0000e+00
        653 110.464318    0.04531     2.7187    163.119     53.507  51950.882    32.0563     3.8124     53.000     3.8091    25.4634     8.0608    11.5197    108.575    351.056    359.995   -0.00010    7.42412   10.60981  323.32825     3.8091   16.58877 1.4163e+00     0.9140     0.4037 0.0000e+00
