CTD-processing/allCTD/CNV/2013_02-12_alongbay_skb07_cast039_5028.cnv
* Sea-Bird SBE19plus Data File:
* FileName = C:\Documents and Settings\kris.holderied.local\My Documents\2012-2013-CTD-DATA-new-files\2013-02-EVOSTC-CookInlet\2013-02-12-along-KBay-line\2012-02-12-Along-KBay-line-cast039.hex
* Software Version 1.54
* Temperature SN =  5028
* Conductivity SN =  5028
* System UpLoad Time = Mar 14 2013 23:51:22
** Kachemak Bay - along-bay transect, west to east
** Date:  12 Feb 2013
** Station: KB-06
** Start time (AKDT-24 hr):19:29
** Depth (m): 101
** Comment: CTD time set wrong by 2 hours
** Comment: Supplement to Gulf Watch sampling
# nquan = 27
# nvalues = 90                          
# units = specified
# name 0 = scan: Scan Count
# name 1 = timeJ: Julian Days
# name 2 = timeH: Time, Elapsed [hours]
# name 3 = timeM: Time, Elapsed [minutes]
# name 4 = timeS: Time, Elapsed [seconds]
# name 5 = prdM: Pressure, Strain Gauge [db]
# name 6 = specc: Specific Conductance [uS/cm]
# name 7 = sal00: Salinity, Practical [PSU]
# name 8 = tv290C: Temperature [ITS-90, deg C]
# name 9 = depSM: Depth [salt water, m], lat = 59.00
# name 10 = potemp090C: Potential Temperature [ITS-90, deg C]
# name 11 = sigma-é00: Density [sigma-theta, kg/m^3]
# name 12 = sbeox0ML/L: Oxygen, SBE 43 [ml/l]
# name 13 = sbeox0Mg/L: Oxygen, SBE 43 [mg/l]
# name 14 = sbeox0PS: Oxygen, SBE 43 [% saturation]
# name 15 = sbox0Mm/Kg: Oxygen, SBE 43 [umol/kg]
# name 16 = sbeox0Mm/L: Oxygen, SBE 43 [umol/l]
# name 17 = sbox0dV/dT: Oxygen, SBE 43 [dov/dt]
# name 18 = oxsolML/L: Oxygen Saturation, Garcia & Gordon [ml/l]
# name 19 = oxsolMg/L: Oxygen Saturation, Garcia & Gordon [mg/l]
# name 20 = oxsolMm/Kg: Oxygen Saturation, Garcia & Gordon [umol/kg]
# name 21 = potemp090C: Potential Temperature [ITS-90, deg C]
# name 22 = n2satMg/L: Nitrogen Saturation [mg/l]
# name 23 = par: PAR/Irradiance, Biospherical/Licor
# name 24 = flECO-AFL: Fluorescence, WET Labs ECO-AFL/FL [mg/m^3]
# name 25 = turbWETntu0: Turbidity, WET Labs ECO [NTU]
# name 26 = flag: flag
# span 0 =         85,        907       
# span 1 =  43.895394,  43.897772       
# span 2 =    0.00586,    0.06293       
# span 3 =     0.3513,     3.7755       
# span 4 =     21.075,    226.530       
# span 5 =      1.009,     90.869       
# span 6 =  49486.180,  51393.855       
# span 7 =    30.4040,    31.6153       
# span 8 =     3.3093,     3.6401       
# span 9 =      1.000,     90.000       
# span 10 =     3.4330,     3.6360      
# span 11 =    24.1871,    25.1297      
# span 12 =     6.6542,     7.7182      
# span 13 =     9.5095,    11.0301      
# span 14 =     87.449,    103.199      
# span 15 =    290.226,    336.246      
# span 16 =    297.174,    344.695      
# span 17 =   -0.00037,    0.00731      
# span 18 =    7.47783,    7.61120      
# span 19 =   10.68657,   10.87716      
# span 20 =  325.77364,  331.97409      
# span 21 =     3.3092,     3.6346      
# span 22 =   16.70681,   17.00589      
# span 23 = 3.7903e-02, 9.0855e-01      
# span 24 =     0.2455,     0.4133      
# span 25 =     1.4322,     2.3759      
# span 26 = 0.0000e+00, 0.0000e+00      
# interval = meters: 1                  
# start_time = Feb 12 2013 21:29:01 [Instrument's time stamp, header]
# bad_flag = -9.990e-29
*END*
         85  43.895394    0.00586     0.3513     21.075      1.009  49486.180    30.4040     3.3093      1.000     3.4330    24.1871     6.6542     9.5095     87.449    290.226    297.174    0.00181    7.61120   10.87716  331.97409     3.3092   17.00589 9.0855e-01     0.3170     2.3759 0.0000e+00
        287  43.895977    0.01984     1.1905     71.427      2.019  50968.799    31.3725     3.5479      2.000     3.5722    24.9420     6.9224     9.8928     92.205    301.642    309.153    0.00718    7.50926   10.73148  327.21987     3.5477   16.77642 3.7873e-01     0.3908     1.7109 0.0000e+00
        341  43.896134    0.02360     1.4163     84.977      3.028  51327.604    31.6067     3.6063      3.000     3.6061    25.1244     6.9675     9.9573     93.093    303.544    311.170    0.00598    7.48447   10.69605  326.06420     3.6061   16.72065 1.1490e-01     0.4108     1.6401 0.0000e+00
        347  43.896152    0.02403     1.4415     86.491      4.038  51328.669    31.6069     3.6065      4.000     3.6063    25.1246     6.9633     9.9513     93.038    303.360    310.982    0.00445    7.48443   10.69600  326.06246     3.6062   16.72056 7.8902e-02     0.3929     1.6996 0.0000e+00
        354  43.896172    0.02451     1.4704     88.225      5.047  51329.636    31.6071     3.6068      5.000     3.6066    25.1248     6.9754     9.9684     93.199    303.885    311.520    0.00373    7.48435   10.69588  326.05889     3.6065   16.72040 6.1643e-02     0.4034     1.5730 0.0000e+00
        360  43.896190    0.02495     1.4970     89.819      6.057  51330.191    31.6070     3.6070      6.000     3.6064    25.1247     6.9801     9.9752     93.262    304.088    311.728    0.00297    7.48433   10.69586  326.05809     3.6066   16.72036 5.2070e-02     0.3959     1.6039 0.0000e+00
        367  43.896210    0.02542     1.5253     91.520      7.066  51331.004    31.6069     3.6063      7.000     3.6058    25.1246     7.0126    10.0216     93.695    305.505    313.181    0.00334    7.48444   10.69602  326.06306     3.6059   16.72059 4.6091e-02     0.4100     1.6056 0.0000e+00
        374  43.896229    0.02588     1.5529     93.172      8.076  51331.786    31.6069     3.6061      8.000     3.6055    25.1247     7.0435    10.0659     94.108    306.854    314.563    0.00358    7.48449   10.69609  326.06513     3.6056   16.72069 4.0047e-02     0.4035     1.6395 0.0000e+00
        380  43.896246    0.02629     1.5774     94.646      9.085  51333.860    31.6078     3.6063      9.000     3.6063    25.1254     7.0890    10.1309     94.717    308.835    316.594    0.00438    7.48441   10.69598  326.06156     3.6058   16.72052 3.8320e-02     0.3882     1.7783 0.0000e+00
        386  43.896265    0.02674     1.6042     96.255     10.094  51334.460    31.6083     3.6084     10.000     3.6082    25.1255     7.1395    10.2031     95.398    311.037    318.852    0.00514    7.48399   10.69538  326.04332     3.6079   16.71965 3.7903e-02     0.4102     1.7883 0.0000e+00
        391  43.896280    0.02710     1.6265     97.588     11.104  51334.596    31.6079     3.6086     11.000     3.6080    25.1252     7.1943    10.2814     96.130    313.424    321.299    0.00600    7.48399   10.69537  326.04298     3.6079   16.71964 3.7912e-02     0.4133     1.7551 0.0000e+00
        397  43.896296    0.02748     1.6490     98.941     12.114  51335.678    31.6083     3.6095     12.000     3.6090    25.1255     7.2650    10.3824     97.077    316.504    324.456    0.00731    7.48381   10.69511  326.03505     3.6087   16.71926 3.7912e-02     0.3991     1.7776 0.0000e+00
        404  43.896316    0.02796     1.6776    100.654     13.123  51336.133    31.6082     3.6100     13.000     3.6092    25.1254     7.3048    10.4393     97.609    318.238    326.234    0.00688    7.48372   10.69498  326.03120     3.6092   16.71908 3.7912e-02     0.3801     1.7284 0.0000e+00
        410  43.896333    0.02838     1.7027    102.164     14.133  51336.325    31.6078     3.6099     14.000     3.6088    25.1251     7.3314    10.4774     97.965    319.396    327.421    0.00621    7.48375   10.69503  326.03269     3.6090   16.71915 3.7912e-02     0.3021     1.7502 0.0000e+00
        417  43.896353    0.02886     1.7314    103.883     15.142  51337.267    31.6077     3.6091     15.000     3.6081    25.1251     7.3768    10.5422     98.569    321.374    329.449    0.00622    7.48391   10.69525  326.03949     3.6082   16.71947 3.7912e-02     0.2611     1.6428 0.0000e+00
        422  43.896370    0.02927     1.7559    105.355     16.151  51338.244    31.6079     3.6092     16.000     3.6082    25.1252     7.4022    10.5785     98.909    322.481    330.583    0.00572    7.48389   10.69522  326.03856     3.6082   16.71943 3.7912e-02     0.2787     1.5842 0.0000e+00
        429  43.896389    0.02971     1.7828    106.971     17.161  51338.667    31.6076     3.6090     17.000     3.6078    25.1250     7.4509    10.6481     99.559    324.601    332.757    0.00606    7.48392   10.69528  326.04026     3.6080   16.71951 3.7912e-02     0.2735     1.5932 0.0000e+00
        436  43.896408    0.03018     1.8109    108.651     18.171  51339.750    31.6078     3.6088     18.000     3.6078    25.1252     7.4679    10.6724     99.785    325.341    333.515    0.00513    7.48395   10.69532  326.04146     3.6077   16.71956 3.7912e-02     0.2627     1.6008 0.0000e+00
        441  43.896423    0.03054     1.8322    109.930     19.181  51340.576    31.6079     3.6091     19.000     3.6081    25.1253     7.4892    10.7028    100.070    326.270    334.467    0.00484    7.48389   10.69523  326.03875     3.6080   16.71944 3.7912e-02     0.2667     1.5947 0.0000e+00
        447  43.896442    0.03099     1.8595    111.573     20.190  51341.130    31.6078     3.6093     20.000     3.6081    25.1252     7.5239    10.7524    100.535    327.782    336.018    0.00489    7.48385   10.69517  326.03713     3.6081   16.71936 3.7912e-02     0.2521     1.5764 0.0000e+00
        453  43.896458    0.03138     1.8826    112.955     21.199  51341.605    31.6076     3.6094     21.000     3.6081    25.1250     7.5409    10.7767    100.762    328.522    336.776    0.00444    7.48384   10.69516  326.03670     3.6082   16.71934 3.7912e-02     0.2525     1.6850 0.0000e+00
        459  43.896476    0.03182     1.9091    114.547     22.209  51342.491    31.6077     3.6094     22.000     3.6081    25.1251     7.5645    10.8104    101.077    329.548    337.828    0.00421    7.48384   10.69516  326.03659     3.6081   16.71933 3.7912e-02     0.2558     1.6150 0.0000e+00
        465  43.896492    0.03219     1.9314    115.885     23.218  51343.294    31.6078     3.6097     23.000     3.6083    25.1252     7.5698    10.8180    101.149    329.783    338.068    0.00353    7.48380   10.69510  326.03473     3.6082   16.71925 3.7912e-02     0.2476     1.6474 0.0000e+00
        471  43.896510    0.03262     1.9571    117.427     24.228  51344.062    31.6079     3.6099     24.000     3.6087    25.1252     7.5905    10.8475    101.426    330.681    338.990    0.00341    7.48373   10.69501  326.03206     3.6085   16.71912 3.7912e-02     0.2489     1.6962 0.0000e+00
        477  43.896527    0.03304     1.9825    118.952     25.238  51345.077    31.6083     3.6107     25.000     3.6095    25.1254     7.6069    10.8710    101.647    331.396    339.723    0.00320    7.48358   10.69478  326.02510     3.6092   16.71878 3.7912e-02     0.2568     1.6398 0.0000e+00
        482  43.896543    0.03342     2.0052    120.311     26.248  51345.157    31.6080     3.6113     26.000     3.6097    25.1251     7.6169    10.8853    101.782    331.832    340.170    0.00288    7.48348   10.69464  326.02105     3.6097   16.71860 3.7912e-02     0.2455     1.7271 0.0000e+00
        489  43.896562    0.03386     2.0318    121.910     27.257  51344.038    31.6064     3.6102     27.000     3.6074    25.1240     7.6285    10.9020    101.934    332.341    340.691    0.00256    7.48378   10.69506  326.03414     3.6085   16.71922 3.7912e-02     0.2522     1.7248 0.0000e+00
        494  43.896577    0.03425     2.0547    123.284     28.266  51345.287    31.6059     3.6069     28.000     3.6043    25.1239     7.6348    10.9109    102.010    332.614    340.971    0.00220    7.48438   10.69593  326.06078     3.6052   16.72049 3.7912e-02     0.2572     1.7288 0.0000e+00
        501  43.896596    0.03470     2.0824    124.942     29.276  51349.277    31.6078     3.6055     29.000     3.6046    25.1256     7.6418    10.9208    102.100    332.918    341.282    0.00187    7.48455   10.69617  326.06732     3.6038   16.72079 3.7912e-02     0.2677     1.6982 0.0000e+00
        506  43.896613    0.03509     2.1056    126.336     30.285  51349.513    31.6081     3.6084     30.000     3.6072    25.1256     7.6478    10.9294    102.188    333.178    341.549    0.00167    7.48400   10.69538  326.04344     3.6066   16.71966 3.7912e-02     0.2634     1.6966 0.0000e+00
        512  43.896630    0.03552     2.1310    127.859     31.295  51347.431    31.6061     3.6079     31.000     3.6054    25.1240     7.6582    10.9445    102.326    333.635    342.018    0.00163    7.48420   10.69567  326.05277     3.6060   16.72011 3.7937e-02     0.2712     1.6715 0.0000e+00
        519  43.896650    0.03598     2.1588    129.530     32.304  51348.895    31.6062     3.6065     32.000     3.6044    25.1242     7.6566    10.9422    102.301    333.566    341.947    0.00112    7.48445   10.69603  326.06360     3.6046   16.72063 3.8405e-02     0.2702     1.5846 0.0000e+00
        524  43.896665    0.03634     2.1806    130.834     33.314  51350.471    31.6067     3.6063     33.000     3.6047    25.1246     7.6658    10.9552    102.423    333.965    342.355    0.00118    7.48446   10.69605  326.06397     3.6043   16.72064 4.6608e-02     0.2811     1.5624 0.0000e+00
        531  43.896685    0.03684     2.2101    132.606     34.324  51351.196    31.6070     3.6077     34.000     3.6063    25.1248     7.6777    10.9722    102.585    334.481    342.885    0.00128    7.48419   10.69566  326.05202     3.6057   16.72007 6.4315e-02     0.3788     1.5813 0.0000e+00
        537  43.896700    0.03719     2.2313    133.878     35.333  51359.980    31.6140     3.6138     35.000     3.6178    25.1297     7.6759    10.9696    102.581    334.400    342.804    0.00097    7.48271   10.69354  325.98598     3.6117   16.71691 4.1541e-02     0.3961     1.5498 0.0000e+00
        542  43.896717    0.03760     2.2561    135.366     36.343  51351.341    31.6114     3.6291     36.000     3.6289    25.1263     7.6848    10.9824    102.738    334.792    343.204    0.00116    7.48004   10.68972  325.87047     3.6269   16.71142 3.8037e-02     0.4084     1.4469 0.0000e+00
        549  43.896735    0.03804     2.2826    136.955     37.353  51346.156    31.6080     3.6315     37.000     3.6281    25.1234     7.6837    10.9809    102.727    334.747    343.156    0.00083    7.47978   10.68935  325.86024     3.6292   16.71095 3.7912e-02     0.4040     1.4343 0.0000e+00
        554  43.896751    0.03841     2.3045    138.270     38.362  51347.249    31.6074     3.6283     38.000     3.6247    25.1232     7.6778    10.9723    102.638    334.485    342.889    0.00040    7.48040   10.69024  325.88740     3.6259   16.71225 3.7912e-02     0.3790     1.4431 0.0000e+00
        560  43.896769    0.03884     2.3301    139.804     39.372  51348.660    31.6070     3.6249     39.000     3.6218    25.1232     7.6743    10.9674    102.584    334.336    342.736    0.00011    7.48104   10.69115  325.91508     3.6225   16.71356 3.7912e-02     0.3652     1.4785 0.0000e+00
        566  43.896786    0.03926     2.3553    141.321     40.381  51351.599    31.6083     3.6240     40.000     3.6219    25.1243     7.6809    10.9769    102.671    334.624    343.031    0.00028    7.48113   10.69128  325.91863     3.6216   16.71372 3.7912e-02     0.3747     1.4974 0.0000e+00
        572  43.896803    0.03965     2.3793    142.758     41.391  51351.222    31.6076     3.6242     41.000     3.6216    25.1237     7.6872    10.9857    102.754    334.894    343.308    0.00040    7.48113   10.69129  325.91909     3.6217   16.71375 3.7912e-02     0.3755     1.5445 0.0000e+00
        579  43.896822    0.04011     2.4063    144.376     42.401  51353.309    31.6085     3.6243     42.000     3.6223    25.1245     7.6904    10.9903    102.798    335.035    343.453    0.00040    7.48106   10.69119  325.91586     3.6218   16.71359 3.7912e-02     0.3884     1.5595 0.0000e+00
        585  43.896839    0.04054     2.4323    145.936     43.410  51353.399    31.6085     3.6263     43.000     3.6240    25.1243     7.6907    10.9907    102.807    335.048    343.465    0.00029    7.48069   10.69065  325.89959     3.6237   16.71282 3.7912e-02     0.3812     1.5481 0.0000e+00
        591  43.896858    0.04099     2.4594    147.565     44.420  51354.562    31.6089     3.6268     44.000     3.6248    25.1246     7.6949    10.9967    102.865    335.231    343.653    0.00034    7.48060   10.69053  325.89568     3.6241   16.71263 3.7912e-02     0.3718     1.5577 0.0000e+00
        598  43.896879    0.04148     2.4888    149.326     45.430  51355.451    31.6098     3.6298     45.000     3.6276    25.1250     7.6909    10.9911    102.819    335.057    343.475    0.00009    7.48000   10.68967  325.86933     3.6271   16.71138 3.7912e-02     0.3867     1.4754 0.0000e+00
        605  43.896897    0.04192     2.5151    150.905     46.440  51356.647    31.6103     3.6308     46.000     3.6285    25.1253     7.7137    11.0237    103.127    336.051    344.494    0.00085    7.47978   10.68935  325.85951     3.6280   16.71091 3.7912e-02     0.3887     1.4427 0.0000e+00
        612  43.896918    0.04241     2.5445    152.668     47.450  51358.374    31.6114     3.6327     47.000     3.6304    25.1261     7.6982    11.0015    102.925    335.374    343.800    0.00009    7.47939   10.68880  325.84244     3.6298   16.71009 3.7912e-02     0.3828     1.4420 0.0000e+00
        618  43.896936    0.04285     2.5707    154.241     48.459  51357.904    31.6110     3.6341     48.000     3.6310    25.1256     7.6867    10.9851    102.775    334.875    343.288   -0.00037    7.47914   10.68844  325.83177     3.6312   16.70959 3.7912e-02     0.3648     1.4924 0.0000e+00
        625  43.896957    0.04335     2.6012    156.075     49.468  51357.800    31.6100     3.6326     49.000     3.6290    25.1249     7.6904    10.9903    102.820    335.035    343.452   -0.00018    7.47948   10.68892  325.84668     3.6296   16.71030 3.7912e-02     0.3729     1.5402 0.0000e+00
        632  43.896975    0.04380     2.6278    157.669     50.478  51357.915    31.6090     3.6306     50.000     3.6266    25.1244     7.6949    10.9967    102.874    335.231    343.653   -0.00003    7.47990   10.68952  325.86493     3.6275   16.71117 3.7912e-02     0.3780     1.4422 0.0000e+00
        639  43.896997    0.04431     2.6587    159.525     51.488  51361.377    31.6104     3.6287     51.000     3.6263    25.1256     7.6937    10.9950    102.854    335.178    343.599   -0.00013    7.48017   10.68991  325.87637     3.6256   16.71171 3.7912e-02     0.3945     1.4942 0.0000e+00
        645  43.897015    0.04475     2.6849    161.093     52.497  51363.373    31.6122     3.6326     52.000     3.6305    25.1268     7.7021    11.0070    102.978    335.542    343.973    0.00020    7.47936   10.68875  325.84095     3.6294   16.71002 3.7912e-02     0.3860     1.5262 0.0000e+00
        653  43.897037    0.04527     2.7163    162.980     53.507  51361.458    31.6109     3.6348     53.000     3.6311    25.1255     7.6977    11.0009    102.924    335.355    343.781   -0.00003    7.47902   10.68828  325.82666     3.6315   16.70934 3.7912e-02     0.3708     1.4974 0.0000e+00
