CTD-processing/allCTD/CNV/2013_06-06_t4_s10_cast084_4141.cnv
* Sea-Bird SBE19plus Data File:
* FileName = C:\Documents and Settings\kbayadmin\My Documents\CTD data\2013-06-06 Kachemak Bay all bay inner bay Nuka\2013-06-06 Kachemak Bay All Bay Outer Bay cast084.hex
* Software Version 1.59
* Temperature SN =  4141
* Conductivity SN =  4141
* System UpLoad Time = Jun 18 2013 16:14:56
** Kachemak Bay All Bay Outer Bay
** 2013-06-06
** Station: 4-10
** N': 59 38.622
** W': 151 39.0006
** Start Time: 0946
** Depth(ft): 43
# nquan = 27
# nvalues = 12                          
# units = specified
# name 0 = scan: Scan Count
# name 1 = timeJ: Julian Days
# name 2 = timeH: Time, Elapsed [hours]
# name 3 = timeM: Time, Elapsed [minutes]
# name 4 = timeS: Time, Elapsed [seconds]
# name 5 = prdM: Pressure, Strain Gauge [db]
# name 6 = specc: Specific Conductance [uS/cm]
# name 7 = sal00: Salinity, Practical [PSU]
# name 8 = tv290C: Temperature [ITS-90, deg C]
# name 9 = depSM: Depth [salt water, m], lat = 59.00
# name 10 = potemp090C: Potential Temperature [ITS-90, deg C]
# name 11 = sigma-é00: Density [sigma-theta, kg/m^3]
# name 12 = sbeox0ML/L: Oxygen, SBE 43 [ml/l]
# name 13 = sbeox0Mg/L: Oxygen, SBE 43 [mg/l]
# name 14 = sbeox0PS: Oxygen, SBE 43 [% saturation]
# name 15 = sbox0Mm/Kg: Oxygen, SBE 43 [umol/kg]
# name 16 = sbeox0Mm/L: Oxygen, SBE 43 [umol/l]
# name 17 = sbox0dV/dT: Oxygen, SBE 43 [dov/dt]
# name 18 = oxsolML/L: Oxygen Saturation, Garcia & Gordon [ml/l]
# name 19 = oxsolMg/L: Oxygen Saturation, Garcia & Gordon [mg/l]
# name 20 = oxsolMm/Kg: Oxygen Saturation, Garcia & Gordon [umol/kg]
# name 21 = n2satMg/L: Nitrogen Saturation [mg/l]
# name 22 = par: PAR/Irradiance, Biospherical/Licor
# name 23 = wetStar: Fluorescence, WET Labs WETstar [mg/m^3]
# name 24 = CStarAt0: Beam Attenuation, WET Labs C-Star [1/m]
# name 25 = CStarTr0: Beam Transmission, WET Labs C-Star [%]
# name 26 = flag: flag
# span 0 =        345,        466       
# span 1 = 157.407768, 157.408117       
# span 2 =    0.02392,    0.03232       
# span 3 =     1.4350,     1.9393       
# span 4 =     86.098,    116.361       
# span 5 =      1.011,     12.111       
# span 6 =  45514.945,  49961.270       
# span 7 =    28.7564,    31.3185       
# span 8 =     6.6909,    10.4487       
# span 9 =      1.000,     12.000       
# span 10 =     6.5836,    10.4261      
# span 11 =    22.0098,    24.5599      
# span 12 =     7.3749,     8.4741      
# span 13 =    10.5395,    12.1103      
# span 14 =    111.489,    125.544      
# span 15 =    322.268,    369.634      
# span 16 =    329.365,    378.453      
# span 17 =   -0.06967,    0.04516      
# span 18 =    6.50691,    6.96622      
# span 19 =    9.29902,    9.95543      
# span 20 =  284.25788,  303.65401      
# span 21 =   14.73784,   15.65502      
# span 22 = 3.6118e+00, 7.5190e+00      
# span 23 =     0.9394,     4.1649      
# span 24 =     0.6106,     1.6305      
# span 25 =    66.0390,    85.8428      
# span 26 = 0.0000e+00, 0.0000e+00      
# interval = meters: 1                  
# start_time = Jun 06 2013 09:45:45 [Instrument's time stamp, header]
# bad_flag = -9.990e-29
*END*
        345 157.407768    0.02392     1.4350     86.098      1.011  45514.945    28.7564    10.4487      1.000    10.4261    22.0098     7.3749    10.5395    113.321    322.268    329.365    0.00061    6.50821    9.30089  284.39705   14.74598 7.5190e+00     0.9394     1.6305    66.0390 0.0000e+00
        424 157.407994    0.02935     1.7611    105.666      2.019  46045.134    29.1169    10.3526      2.000    10.2232    22.3060     7.7712    11.1059    119.430    339.491    347.064   -0.00235    6.50691    9.29902  284.25788   14.73784 7.0257e+00     1.1629     1.5415    68.0543 0.0000e+00
        424 157.407994    0.02936     1.7617    105.704      3.027  46827.313    29.6107     9.8951      3.000     9.5558    22.7638     7.8191    11.1742    119.338    341.427    349.199   -0.00054    6.55190    9.36332  286.09505   14.82368 5.8763e+00     1.2360     1.4041    70.4060 0.0000e+00
        429 157.408008    0.02969     1.7816    106.898      4.040  47843.486    30.2146     9.0576      4.000     8.8118    23.3645     8.1738    11.6812    122.926    356.705    365.041    0.03112    6.64886    9.50187  290.15794   15.01541 5.4671e+00     1.5800     1.2145    73.8455 0.0000e+00
        433 157.408021    0.03001     1.8005    108.030      5.046  48338.286    30.5032     8.6392      5.000     8.4799    23.6528     8.4099    12.0187    125.544    366.908    375.587    0.04516    6.69869    9.57310  292.25083   15.11421 5.0980e+00     2.0909     0.9134    79.6069 0.0000e+00
        438 157.408034    0.03033     1.8197    109.180      6.055  48691.226    30.6842     8.1941      6.000     8.0169    23.8589     8.4741    12.1103    125.389    369.634    378.453    0.02976    6.75835    9.65836  294.79429   15.23493 4.7823e+00     2.2534     0.8669    80.5179 0.0000e+00
        443 157.408049    0.03066     1.8398    110.390      7.069  49062.196    30.8912     7.8573      7.000     7.8038    24.0688     8.3617    11.9496    122.949    364.654    373.431   -0.00439    6.80093    9.71920  296.59088   15.31984 4.4442e+00     2.4717     0.8523    80.8087 0.0000e+00
        447 157.408061    0.03097     1.8582    111.491      8.074  49149.169    30.9359     7.7587      8.000     7.7260    24.1175     8.3130    11.8801    121.995    362.516    371.259   -0.01294    6.81424    9.73824  297.15743   15.34670 4.1995e+00     3.5534     0.8139    81.5886 0.0000e+00
        451 157.408074    0.03128     1.8770    112.623      9.091  49178.042    30.9449     7.6917      9.000     7.6193    24.1338     8.3196    11.8896    121.912    362.799    371.555   -0.00931    6.82428    9.75257  297.59021   15.36731 3.8348e+00     3.9529     0.8343    81.1755 0.0000e+00
        455 157.408085    0.03155     1.8931    113.584     10.086  49210.640    30.9259     7.4379     10.000     7.1780    24.1532     8.3300    11.9044    121.344    363.247    372.020   -0.00987    6.86493    9.81067  299.35720   15.45170 3.6118e+00     4.1649     0.7946    81.9859 0.0000e+00
        460 157.408100    0.03191     1.9143    114.860     11.102  49777.381    31.2305     6.9132     11.000     6.8166    24.4621     8.1076    11.5865    116.921    353.439    362.085   -0.04156    6.93448    9.91006  302.29886   15.59076 3.6258e+00     3.9033     0.7093    83.7534 0.0000e+00
        466 157.408117    0.03232     1.9393    116.361     12.111  49961.270    31.3185     6.6909     12.000     6.5836    24.5599     7.7666    11.0993    111.489    338.543    346.858   -0.06967    6.96622    9.95543  303.65401   15.65502 3.9034e+00     3.9170     0.6106    85.8428 0.0000e+00
