CTD-processing/allCTD/CNV/2013_11-06_t6_s03_cast135_5028.cnv
* Sea-Bird SBE19plus Data File:
* FileName = C:\Users\kris.holderied\Documents\kasitsna\Research-Projects-and-Data\Oceanography-AK\CTD-CookInlet-GulfWatchAK\2013-10-11-EVOSTC-CookInlet-Ocean\2013-11-06-CookInlet-Tran6-Douglas\2013-11-06-CookInlet-Tran6-cast135.hex
* Software Version 1.59
* Temperature SN =  5028
* Conductivity SN =  5028
* System UpLoad Time = Feb 14 2014 17:10:05
** Cook Inlet Transect 6 (Douglas) east to west
** Date: 2013-11-06
** Station: 6-03
** Start time: 08:30
** Depth (m): 98
** Comment:  CTD instrument time is AK Daylight time *1 hour off*
** Comment:
# nquan = 27
# nvalues = 97                          
# units = specified
# name 0 = scan: Scan Count
# name 1 = timeJ: Julian Days
# name 2 = timeH: Time, Elapsed [hours]
# name 3 = timeM: Time, Elapsed [minutes]
# name 4 = timeS: Time, Elapsed [seconds]
# name 5 = prdM: Pressure, Strain Gauge [db]
# name 6 = specc: Specific Conductance [uS/cm]
# name 7 = sal00: Salinity, Practical [PSU]
# name 8 = tv290C: Temperature [ITS-90, deg C]
# name 9 = depSM: Depth [salt water, m], lat = 59.00
# name 10 = potemp090C: Potential Temperature [ITS-90, deg C]
# name 11 = sigma-é00: Density [sigma-theta, kg/m^3]
# name 12 = sbeox0ML/L: Oxygen, SBE 43 [ml/l]
# name 13 = sbeox0Mg/L: Oxygen, SBE 43 [mg/l]
# name 14 = sbeox0PS: Oxygen, SBE 43 [% saturation]
# name 15 = sbox0Mm/Kg: Oxygen, SBE 43 [umol/kg]
# name 16 = sbeox0Mm/L: Oxygen, SBE 43 [umol/l]
# name 17 = sbox0dV/dT: Oxygen, SBE 43 [dov/dt]
# name 18 = oxsolML/L: Oxygen Saturation, Garcia & Gordon [ml/l]
# name 19 = oxsolMg/L: Oxygen Saturation, Garcia & Gordon [mg/l]
# name 20 = oxsolMm/Kg: Oxygen Saturation, Garcia & Gordon [umol/kg]
# name 21 = potemp090C: Potential Temperature [ITS-90, deg C]
# name 22 = n2satMg/L: Nitrogen Saturation [mg/l]
# name 23 = par: PAR/Irradiance, Biospherical/Licor
# name 24 = flECO-AFL: Fluorescence, WET Labs ECO-AFL/FL [mg/m^3]
# name 25 = turbWETntu0: Turbidity, WET Labs ECO [NTU]
# name 26 = flag: flag
# span 0 =         34,        574       
# span 1 = 310.395673, 310.397237       
# span 2 =    0.00226,    0.03978       
# span 3 =     0.1357,     2.3870       
# span 4 =      8.142,    143.220       
# span 5 =      1.009,     97.938       
# span 6 =  48642.178,  49534.975       
# span 7 =    30.6754,    31.2922       
# span 8 =     8.3090,     8.6398       
# span 9 =      1.000,     97.000       
# span 10 =     8.3511,     8.6345      
# span 11 =    23.8348,    24.2871      
# span 12 =     5.9495,     7.0450      
# span 13 =     8.5024,    10.0680      
# span 14 =     88.984,    104.501      
# span 15 =    259.473,    307.306      
# span 16 =    265.704,    314.628      
# span 17 =   -0.00505,    0.01497      
# span 18 =    6.67753,    6.74191      
# span 19 =    9.54285,    9.63486      
# span 20 =  291.20584,  294.08840      
# span 21 =     8.3089,     8.6345      
# span 22 =   15.06209,   15.20123      
# span 23 = 4.9104e-02, 2.2776e+00      
# span 24 =     0.2081,     0.3210      
# span 25 =     0.3825,     2.9244      
# span 26 = 0.0000e+00, 0.0000e+00      
# interval = meters: 1                  
# start_time = Nov 06 2013 09:29:38 [Instrument's time stamp, header]
# bad_flag = -9.990e-29
*END*
         34 310.395673    0.00226     0.1357      8.142      1.009  48642.178    30.6754     8.3090      1.000     8.3511    23.8348     7.0450    10.0680    104.501    307.306    314.628    0.01197    6.74191    9.63486  294.08840     8.3089   15.20123 2.2776e+00     0.3210     2.9244 0.0000e+00
        221 310.396214    0.01525     0.9151     54.908      2.019  48885.159    30.8719     8.5357      2.000     8.5405    23.9566     6.4556     9.2257     96.355    281.565    288.308    0.01127    6.69821    9.57241  292.14299     8.5355   15.10756 1.2439e+00     0.2657     0.3825 0.0000e+00
        312 310.396477    0.02158     1.2947     77.680      3.028  48988.931    30.9522     8.5891      3.000     8.5904    24.0117     5.9596     8.5169     89.125    259.915    266.156    0.00184    6.68671    9.55597  291.62591     8.5888   15.08253 9.9267e-01     0.2785     0.5424 0.0000e+00
        317 310.396493    0.02194     1.3167     79.000      4.038  48992.124    30.9546     8.5931      4.000     8.5950    24.0130     5.9495     8.5024     88.984    259.473    265.704    0.00140    6.68600    9.55495  291.59447     8.5927   15.08102 8.4387e-01     0.2830     0.5451 0.0000e+00
        320 310.396501    0.02213     1.3282     79.689      5.047  48990.607    30.9535     8.5963      5.000     8.5971    24.0117     5.9618     8.5199     89.174    260.009    266.252    0.00180    6.68557    9.55434  291.57604     8.5958   15.08014 7.1521e-01     0.2753     0.5382 0.0000e+00
        322 310.396508    0.02230     1.3383     80.296      6.056  48988.418    30.9518     8.5978      6.000     8.5972    24.0101     5.9822     8.5492     89.482    260.901    267.165    0.00255    6.68541    9.55411  291.56960     8.5973   15.07984 6.0509e-01     0.2692     0.5311 0.0000e+00
        324 310.396514    0.02246     1.3473     80.842      7.066  48989.679    30.9522     8.5978      7.000     8.5978    24.0105     6.0159     8.5974     89.987    262.374    268.674    0.00388    6.68539    9.55409  291.56875     8.5972   15.07980 5.2348e-01     0.2669     0.5258 0.0000e+00
        327 310.396521    0.02261     1.3563     81.376      8.075  48993.515    30.9546     8.5987      8.000     8.6007    24.0123     6.0672     8.6707     90.757    264.608    270.962    0.00602    6.68516    9.55376  291.55836     8.5979   15.07929 4.6749e-01     0.2672     0.5257 0.0000e+00
        329 310.396528    0.02277     1.3662     81.973      9.085  48998.275    30.9580     8.6024      9.000     8.6056    24.0144     6.1364     8.7695     91.801    267.623    274.050    0.00892    6.68445    9.55276  291.52697     8.6015   15.07778 4.2676e-01     0.2711     0.5303 0.0000e+00
        332 310.396535    0.02297     1.3778     82.667     10.095  49001.797    30.9609     8.6083     10.000     8.6108    24.0158     6.2028     8.8644     92.808    270.519    277.016    0.01132    6.68345    9.55132  291.48264     8.6073   15.07565 3.9731e-01     0.2734     0.5265 0.0000e+00
        335 310.396544    0.02316     1.3897     83.380     11.104  49001.872    30.9613     8.6134     11.000     8.6140    24.0153     6.2467     8.9272     93.476    272.435    278.978    0.01219    6.68265    9.55019  291.44840     8.6122   15.07401 3.7186e-01     0.2727     0.5159 0.0000e+00
        337 310.396551    0.02333     1.3999     83.994     12.113  49001.222    30.9607     8.6154     12.000     8.6147    24.0146     6.2797     8.9744     93.975    273.875    280.453    0.01234    6.68239    9.54980  291.43658     8.6142   15.07345 3.4225e-01     0.2687     0.5092 0.0000e+00
        339 310.396558    0.02348     1.4092     84.551     13.123  49001.030    30.9602     8.6161     13.000     8.6148    24.0142     6.3213     9.0338     94.598    275.690    282.310    0.01307    6.68231    9.54969  291.43366     8.6147   15.07331 3.1117e-01     0.2682     0.5036 0.0000e+00
        341 310.396564    0.02364     1.4186     85.115     14.133  49001.858    30.9603     8.6162     14.000     8.6151    24.0142     6.3704     9.1040     95.333    277.832    284.503    0.01419    6.68228    9.54964  291.43189     8.6148   15.07323 2.8169e-01     0.2717     0.4960 0.0000e+00
        344 310.396571    0.02382     1.4293     85.756     15.142  49003.647    30.9612     8.6167     15.000     8.6158    24.0149     6.4177     9.1715     96.042    279.893    286.615    0.01497    6.68218    9.54949  291.42722     8.6152   15.07300 2.5506e-01     0.2740     0.4913 0.0000e+00
        347 310.396580    0.02402     1.4411     86.465     16.152  49005.014    30.9619     8.6177     16.000     8.6167    24.0153     6.4498     9.2174     96.525    281.293    288.048    0.01466    6.68200    9.54924  291.41951     8.6161   15.07263 2.3144e-01     0.2716     0.4892 0.0000e+00
        349 310.396587    0.02420     1.4521     87.124     17.162  49006.178    30.9623     8.6186     17.000     8.6176    24.0155     6.4711     9.2478     96.845    282.219    288.996    0.01388    6.68184    9.54901  291.41227     8.6169   15.07228 2.0964e-01     0.2642     0.4877 0.0000e+00
        352 310.396593    0.02437     1.4616     87.697     18.171  49007.915    30.9633     8.6196     18.000     8.6190    24.0161     6.4921     9.2779     97.163    283.137    289.938    0.01335    6.68165    9.54875  291.40401     8.6178   15.07189 1.9026e-01     0.2608     0.4850 0.0000e+00
        354 310.396600    0.02451     1.4707     88.241     19.181  49009.575    30.9642     8.6211     19.000     8.6206    24.0167     6.5176     9.3144     97.549    284.249    291.076    0.01324    6.68138    9.54836  291.39216     8.6192   15.07132 1.7366e-01     0.2618     0.4804 0.0000e+00
        356 310.396607    0.02467     1.4804     88.826     20.190  49009.475    30.9640     8.6229     20.000     8.6215    24.0162     6.5417     9.3488     97.913    285.301    292.153    0.01304    6.68113    9.54800  291.38143     8.6208   15.07081 1.5899e-01     0.2615     0.4785 0.0000e+00
        359 310.396615    0.02486     1.4916     89.498     21.200  49009.658    30.9638     8.6237     21.000     8.6221    24.0160     6.5574     9.3711     98.149    285.984    292.852    0.01222    6.68100    9.54781  291.37580     8.6216   15.07054 1.4605e-01     0.2651     0.4797 0.0000e+00
        362 310.396623    0.02506     1.5034     90.205     22.209  49010.825    30.9643     8.6246     22.000     8.6229    24.0162     6.5649     9.3819     98.264    286.312    293.187    0.01093    6.68085    9.54760  291.36913     8.6224   15.07022 1.3453e-01     0.2742     0.4834 0.0000e+00
        364 310.396630    0.02524     1.5142     90.853     23.219  49010.754    30.9640     8.6254     23.000     8.6230    24.0159     6.5722     9.3923     98.375    286.628    293.512    0.00989    6.68075    9.54747  291.36515     8.6230   15.07003 1.2430e-01     0.2663     0.4809 0.0000e+00
        367 310.396637    0.02540     1.5241     91.446     24.228  49010.301    30.9632     8.6254     24.000     8.6224    24.0153     6.5833     9.4083     98.541    287.115    294.010    0.00925    6.68078    9.54750  291.36643     8.6230   15.07009 1.1535e-01     0.2538     0.4787 0.0000e+00
        369 310.396644    0.02557     1.5340     92.042     25.237  49010.379    30.9627     8.6247     25.000     8.6216    24.0150     6.5964     9.4269     98.735    287.688    294.596    0.00884    6.68090    9.54767  291.37154     8.6223   15.07034 1.0707e-01     0.2544     0.4875 0.0000e+00
        372 310.396651    0.02574     1.5449     92.692     26.247  49011.572    30.9629     8.6240     26.000     8.6211    24.0154     6.6054     9.4398     98.870    288.081    294.999    0.00822    6.68099    9.54779  291.37535     8.6215   15.07052 1.0002e-01     0.2472     0.4886 0.0000e+00
        374 310.396659    0.02593     1.5560     93.359     27.257  49010.540    30.9617     8.6236     27.000     8.6198    24.0145     6.6088     9.4446     98.918    288.227    295.149    0.00730    6.68111    9.54798  291.38107     8.6209   15.07080 9.4092e-02     0.2354     0.4830 0.0000e+00
        377 310.396667    0.02610     1.5663     93.980     28.266  49008.096    30.9594     8.6221     28.000     8.6174    24.0129     6.6097     9.4460     98.927    288.268    295.191    0.00643    6.68145    9.54845  291.39612     8.6193   15.07153 8.8734e-02     0.2450     0.4848 0.0000e+00
        379 310.396673    0.02627     1.5761     94.567     29.275  49008.942    30.9593     8.6200     29.000     8.6161    24.0131     6.6114     9.4484     98.948    288.343    295.267    0.00571    6.68176    9.54890  291.40970     8.6172   15.07217 8.3631e-02     0.2546     0.4921 0.0000e+00
        382 310.396680    0.02644     1.5863     95.179     30.285  49010.361    30.9596     8.6189     30.000     8.6157    24.0135     6.6159     9.4547     99.012    288.535    295.463    0.00520    6.68190    9.54910  291.41557     8.6160   15.07245 7.9453e-02     0.2579     0.5023 0.0000e+00
        384 310.396688    0.02663     1.5974     95.848     31.295  49011.818    30.9602     8.6187     31.000     8.6159    24.0140     6.6215     9.4627     99.095    288.779    295.713    0.00479    6.68191    9.54912  291.41608     8.6156   15.07248 7.6301e-02     0.2642     0.4974 0.0000e+00
        387 310.396696    0.02682     1.6090     96.543     32.305  49013.562    30.9611     8.6193     32.000     8.6171    24.0147     6.6247     9.4674     99.146    288.921    295.860    0.00430    6.68177    9.54892  291.40989     8.6162   15.07218 7.3586e-02     0.2694     0.4873 0.0000e+00
        390 310.396703    0.02699     1.6196     97.174     33.315  49015.126    30.9619     8.6206     33.000     8.6185    24.0151     6.6263     9.4696     99.173    288.990    295.931    0.00381    6.68155    9.54861  291.40017     8.6173   15.07171 7.1063e-02     0.2657     0.4907 0.0000e+00
        392 310.396710    0.02715     1.6289     97.734     34.324  49015.546    30.9619     8.6221     34.000     8.6194    24.0150     6.6310     9.4764     99.247    289.196    296.141    0.00360    6.68133    9.54829  291.39058     8.6186   15.07125 6.8683e-02     0.2621     0.4909 0.0000e+00
        394 310.396716    0.02730     1.6382     98.290     35.333  49015.103    30.9613     8.6229     35.000     8.6192    24.0144     6.6374     9.4856     99.345    289.476    296.428    0.00350    6.68123    9.54816  291.38659     8.6194   15.07107 6.6647e-02     0.2606     0.4882 0.0000e+00
        397 310.396724    0.02747     1.6480     98.881     36.343  49015.737    30.9614     8.6228     36.000     8.6189    24.0144     6.6441     9.4951     99.444    289.767    296.726    0.00342    6.68124    9.54816  291.38671     8.6192   15.07107 6.5068e-02     0.2633     0.4840 0.0000e+00
        399 310.396730    0.02765     1.6589     99.533     37.352  49016.272    30.9612     8.6225     37.000     8.6183    24.0144     6.6484     9.5013     99.508    289.957    296.920    0.00319    6.68130    9.54825  291.38949     8.6188   15.07120 6.4812e-02     0.2627     0.4819 0.0000e+00
        402 310.396738    0.02784     1.6700    100.203     38.363  49017.679    30.9617     8.6220     38.000     8.6181    24.0148     6.6506     9.5044     99.540    290.051    297.016    0.00286    6.68136    9.54833  291.39174     8.6182   15.07131 6.5751e-02     0.2506     0.4858 0.0000e+00
        404 310.396746    0.02802     1.6811    100.865     39.372  49019.819    30.9628     8.6221     39.000     8.6187    24.0157     6.6511     9.5050     99.548    290.070    297.036    0.00249    6.68129    9.54823  291.38839     8.6182   15.07115 6.5143e-02     0.2446     0.4874 0.0000e+00
        407 310.396754    0.02820     1.6919    101.516     40.381  49021.423    30.9636     8.6229     40.000     8.6196    24.0162     6.6496     9.5031     99.529    290.010    296.975    0.00208    6.68114    9.54801  291.38168     8.6189   15.07082 6.2645e-02     0.2428     0.4856 0.0000e+00
        410 310.396761    0.02837     1.7023    102.136     41.391  49023.036    30.9644     8.6239     41.000     8.6208    24.0167     6.6477     9.5002     99.502    289.923    296.885    0.00169    6.68095    9.54773  291.37313     8.6198   15.07041 6.0482e-02     0.2407     0.4794 0.0000e+00
        412 310.396768    0.02853     1.7119    102.715     42.401  49024.341    30.9650     8.6252     42.000     8.6223    24.0171     6.6469     9.4991     99.493    289.888    296.850    0.00141    6.68073    9.54743  291.36358     8.6210   15.06995 5.9190e-02     0.2374     0.4733 0.0000e+00
        414 310.396774    0.02869     1.7213    103.278     43.410  49025.817    30.9659     8.6268     43.000     8.6243    24.0175     6.6483     9.5011     99.518    289.948    296.912    0.00128    6.68044    9.54702  291.35112     8.6225   15.06935 5.8253e-02     0.2304     0.4729 0.0000e+00
        416 310.396781    0.02885     1.7312    103.875     44.420  49027.417    30.9669     8.6291     44.000     8.6266    24.0180     6.6514     9.5055     99.571    290.086    297.053    0.00127    6.68006    9.54647  291.33427     8.6247   15.06855 5.7417e-02     0.2300     0.4753 0.0000e+00
        419 310.396789    0.02905     1.7427    104.561     45.430  49027.097    30.9666     8.6317     45.000     8.6282    24.0174     6.6566     9.5130     99.654    290.311    297.284    0.00134    6.67969    9.54594  291.31808     8.6272   15.06777 5.6769e-02     0.2426     0.4786 0.0000e+00
        422 310.396798    0.02927     1.7558    105.346     46.439  49026.385    30.9659     8.6331     46.000     8.6287    24.0166     6.6601     9.5180     99.709    290.465    297.440    0.00131    6.67950    9.54568  291.31036     8.6285   15.06740 5.6090e-02     0.2603     0.4645 0.0000e+00
        425 310.396807    0.02946     1.7681    106.085     47.450  49026.733    30.9657     8.6332     47.000     8.6285    24.0165     6.6601     9.5179     99.709    290.462    297.438    0.00109    6.67948    9.54565  291.30948     8.6286   15.06737 5.5496e-02     0.2644     0.4675 0.0000e+00
        428 310.396813    0.02963     1.7783    106.696     48.459  49028.829    30.9668     8.6332     48.000     8.6288    24.0172     6.6593     9.5168     99.698    290.428    297.404    0.00088    6.67945    9.54560  291.30779     8.6285   15.06729 5.5175e-02     0.2566     0.4817 0.0000e+00
        430 310.396820    0.02979     1.7872    107.236     49.468  49031.618    30.9683     8.6337     49.000     8.6297    24.0184     6.6591     9.5165     99.697    290.419    297.394    0.00074    6.67932    9.54540  291.30143     8.6288   15.06698 5.4688e-02     0.2504     0.4754 0.0000e+00
        432 310.396826    0.02993     1.7961    107.765     50.478  49036.161    30.9713     8.6349     50.000     8.6316    24.0206     6.6602     9.5181     99.719    290.466    297.444    0.00068    6.67900    9.54496  291.28739     8.6299   15.06629 5.4209e-02     0.2468     0.4672 0.0000e+00
        434 310.396833    0.03010     1.8058    108.347     51.488  49040.373    30.9741     8.6370     51.000     8.6335    24.0225     6.6635     9.5229     99.775    290.612    297.594    0.00074    6.67857    9.54434  291.26781     8.6319   15.06535 5.4083e-02     0.2450     0.4621 0.0000e+00
        437 310.396840    0.03029     1.8174    109.044     52.497  49041.241    30.9746     8.6392     52.000     8.6345    24.0226     6.6705     9.5328     99.884    290.916    297.903    0.00096    6.67823    9.54385  291.25290     8.6340   15.06463 5.3789e-02     0.2439     0.4507 0.0000e+00
        441 310.396851    0.03053     1.8314    109.886     53.507  49044.396    30.9764     8.6398     53.000     8.6343    24.0240     6.6771     9.5422     99.985    291.202    298.197    0.00113    6.67805    9.54360  291.24474     8.6345   15.06423 5.3462e-02     0.2405     0.4453 0.0000e+00
