CTD-processing/allCTD/CNV/2013_06-06_t9_s08_cast154_5028.cnv
* Sea-Bird SBE19plus Data File:
* FileName = C:\Documents and Settings\kbayadmin\My Documents\CTD data\2013-06-06 Kachemak Bay all bay inner bay\2013-06-06 Kachemak Bay All Bay Inner Bay cast154.hex
* Software Version 1.59
* Temperature SN =  5028
* Conductivity SN =  5028
* System UpLoad Time = Jun 18 2013 15:40:12
** Kachemak Bay All Bay Inner Bay
** 2013-06-06
** Station: 9.08
** N': 59 35.354
** W': 151 23.660
** Start Time: 1034
** Depth(ft): 295
# nquan = 27
# nvalues = 82                          
# units = specified
# name 0 = scan: Scan Count
# name 1 = timeJ: Julian Days
# name 2 = timeH: Time, Elapsed [hours]
# name 3 = timeM: Time, Elapsed [minutes]
# name 4 = timeS: Time, Elapsed [seconds]
# name 5 = prdM: Pressure, Strain Gauge [db]
# name 6 = specc: Specific Conductance [uS/cm]
# name 7 = sal00: Salinity, Practical [PSU]
# name 8 = tv290C: Temperature [ITS-90, deg C]
# name 9 = depSM: Depth [salt water, m], lat = 59.00
# name 10 = potemp090C: Potential Temperature [ITS-90, deg C]
# name 11 = sigma-é00: Density [sigma-theta, kg/m^3]
# name 12 = sbeox0ML/L: Oxygen, SBE 43 [ml/l]
# name 13 = sbeox0Mg/L: Oxygen, SBE 43 [mg/l]
# name 14 = sbeox0PS: Oxygen, SBE 43 [% saturation]
# name 15 = sbox0Mm/Kg: Oxygen, SBE 43 [umol/kg]
# name 16 = sbeox0Mm/L: Oxygen, SBE 43 [umol/l]
# name 17 = sbox0dV/dT: Oxygen, SBE 43 [dov/dt]
# name 18 = oxsolML/L: Oxygen Saturation, Garcia & Gordon [ml/l]
# name 19 = oxsolMg/L: Oxygen Saturation, Garcia & Gordon [mg/l]
# name 20 = oxsolMm/Kg: Oxygen Saturation, Garcia & Gordon [umol/kg]
# name 21 = potemp090C: Potential Temperature [ITS-90, deg C]
# name 22 = n2satMg/L: Nitrogen Saturation [mg/l]
# name 23 = par: PAR/Irradiance, Biospherical/Licor
# name 24 = flECO-AFL: Fluorescence, WET Labs ECO-AFL/FL [mg/m^3]
# name 25 = turbWETntu0: Turbidity, WET Labs ECO [NTU]
# name 26 = flag: flag
# span 0 =        295,        721       
# span 1 = 157.441117, 157.442351       
# span 2 =    0.02041,    0.05003       
# span 3 =     1.2245,     3.0019       
# span 4 =     73.468,    180.112       
# span 5 =      1.010,     82.791       
# span 6 =  47457.069,  51193.979       
# span 7 =    29.8711,    31.7772       
# span 8 =     4.8871,     8.5031       
# span 9 =      1.000,     82.000       
# span 10 =     4.8817,     8.3780      
# span 11 =    23.1776,    25.1337      
# span 12 =     6.8137,     8.9345      
# span 13 =     9.7375,    12.7683      
# span 14 =     99.884,    132.330      
# span 15 =    297.290,    389.966      
# span 16 =    304.300,    399.014      
# span 17 =   -0.09186,    0.02934      
# span 18 =    6.74699,    7.24710      
# span 19 =    9.64212,   10.35682      
# span 20 =  294.49488,  315.72036      
# span 21 =     4.8819,     8.5030      
# span 22 =   15.22398,   16.22796      
# span 23 = 5.0945e-02, 6.8052e+02      
# span 24 =     0.4633,     3.4048      
# span 25 =     0.5611,     2.4125      
# span 26 = 0.0000e+00, 0.0000e+00      
# interval = meters: 1                  
# start_time = Jun 06 2013 10:33:59 [Instrument's time stamp, header]
# bad_flag = -9.990e-29
*END*
[from data line 54]
        596 157.441988    0.04133     2.4796    148.773     55.527  51056.703    31.7384     5.0880     55.000     5.0826    25.0811     8.2622    11.8075    114.528    359.961    368.989   -0.00236    7.21415   10.30975  314.30117     5.0839   16.16055 5.1572e-02     0.6583     0.6121 0.0000e+00
        600 157.441999    0.04160     2.4958    149.749     56.536  51055.725    31.7364     5.0845     56.000     5.0753    25.0800     8.2652    11.8118    114.558    360.093    369.124   -0.00194    7.21485   10.31075  314.33191     5.0804   16.16203 5.1511e-02     0.6568     0.6078 0.0000e+00
        604 157.442011    0.04187     2.5119    150.714     57.545  51056.681    31.7341     5.0729     57.000     5.0588    25.0794     8.2668    11.8141    114.547    360.163    369.195   -0.00170    7.21697   10.31376  314.42395     5.0687   16.16642 5.1453e-02     0.6536     0.6004 0.0000e+00
        608 157.442022    0.04212     2.5276    151.657     58.556  51064.892    31.7348     5.0527     58.000     5.0357    25.0823     8.2630    11.8086    114.439    359.994    369.024   -0.00180    7.22042   10.31870  314.57374     5.0484   16.17354 5.1433e-02     0.6214     0.6112 0.0000e+00
        611 157.442032    0.04239     2.5434    152.603     59.566  51079.605    31.7393     5.0286     59.000     5.0132    25.0883     8.2502    11.7904    114.200    359.436    368.454   -0.00225    7.22436   10.32433  314.74359     5.0243   16.18161 5.1386e-02     0.5987     0.6354 0.0000e+00
        615 157.442044    0.04265     2.5592    153.553     60.575  51097.021    31.7468     5.0102     60.000     4.9997    25.0962     8.2395    11.7750    114.006    358.966    367.974   -0.00256    7.22719   10.32837  314.86424     5.0058   16.18732 5.1264e-02     0.5954     0.6525 0.0000e+00
        619 157.442054    0.04292     2.5751    154.505     61.585  51108.479    31.7520     5.0002     61.000     4.9931    25.1015     8.2375    11.7721    113.954    358.875    367.882   -0.00236    7.22867   10.33049  314.92711     4.9957   16.19030 5.1201e-02     0.6005     0.6627 0.0000e+00
        623 157.442066    0.04319     2.5915    155.491     62.595  51113.330    31.7538     4.9958     62.000     4.9892    25.1035     8.2316    11.7637    113.863    358.619    367.621   -0.00228    7.22934   10.33145  314.95596     4.9912   16.19166 5.1188e-02     0.6577     0.6701 0.0000e+00
        627 157.442078    0.04347     2.6085    156.507     63.604  51116.265    31.7542     4.9906     63.000     4.9828    25.1043     8.2282    11.7589    113.803    358.472    367.471   -0.00214    7.23022   10.33270  314.99375     4.9860   16.19346 5.1197e-02     0.6297     0.6819 0.0000e+00
        631 157.442090    0.04376     2.6258    157.551     64.614  51122.994    31.7571     4.9846     64.000     4.9781    25.1072     8.2242    11.7532    113.733    358.296    367.292   -0.00203    7.23112   10.33398  315.03196     4.9799   16.19527 5.1189e-02     0.5893     0.6773 0.0000e+00
        635 157.442102    0.04406     2.6436    158.616     65.624  51126.234    31.7580     4.9811     65.000     4.9742    25.1084     8.2253    11.7548    113.740    358.344    367.342   -0.00172    7.23168   10.33479  315.05633     4.9763   16.19642 5.1170e-02     0.5734     0.6931 0.0000e+00
        640 157.442114    0.04435     2.6612    159.669     66.634  51126.408    31.7564     4.9754     66.000     4.9650    25.1077     8.2325    11.7650    113.823    358.658    367.663   -0.00122    7.23273   10.33629  315.10226     4.9706   16.19862 5.1124e-02     0.5772     0.7044 0.0000e+00
        644 157.442126    0.04464     2.6784    160.703     67.643  51128.328    31.7540     4.9608     67.000     4.9442    25.1074     8.2226    11.7510    113.645    358.231    367.225   -0.00154    7.23539   10.34009  315.21799     4.9559   16.20413 5.1073e-02     0.5478     0.6829 0.0000e+00
        648 157.442138    0.04493     2.6957    161.744     68.653  51144.338    31.7589     4.9353     68.000     4.9198    25.1140     8.2110    11.7344    113.419    357.720    366.704   -0.00201    7.23957   10.34606  315.39802     4.9304   16.21269 5.1027e-02     0.5188     0.6962 0.0000e+00
        652 157.442151    0.04524     2.7143    162.859     69.663  51162.706    31.7666     4.9151     69.000     4.9043    25.1223     8.2053    11.7262    113.291    357.470    366.451   -0.00207    7.24270   10.35055  315.53214     4.9101   16.21904 5.1028e-02     0.5127     0.7102 0.0000e+00
        657 157.442165    0.04557     2.7339    164.033     70.672  51171.189    31.7689     4.9017     70.000     4.8913    25.1256     8.2003    11.7191    113.187    357.250    366.226   -0.00203    7.24490   10.35369  315.62715     4.8967   16.22355 5.1047e-02     0.5191     0.7294 0.0000e+00
        662 157.442179    0.04591     2.7546    165.278     71.682  51182.817    31.7742     4.8915     71.000     4.8852    25.1309     8.1939    11.7099    113.074    356.967    365.938   -0.00200    7.24643   10.35588  315.69196     4.8864   16.22661 5.1009e-02     0.4944     0.7445 0.0000e+00
        667 157.442193    0.04626     2.7756    166.534     72.692  51185.641    31.7751     4.8889     72.000     4.8827    25.1318     8.1842    11.6961    112.935    356.546    365.507   -0.00204    7.24684   10.35646  315.70941     4.8837   16.22744 5.1012e-02     0.4911     0.7423 0.0000e+00
        672 157.442208    0.04660     2.7961    167.767     73.702  51188.167    31.7759     4.8871     73.000     4.8817    25.1327     8.1828    11.6940    112.911    356.483    365.443   -0.00177    7.24710   10.35682  315.72036     4.8819   16.22796 5.0993e-02     0.4937     0.7523 0.0000e+00
        677 157.442222    0.04694     2.8162    168.972     74.712  51190.617    31.7772     4.8872     74.000     4.8820    25.1337     8.1883    11.7018    112.987    356.721    365.687   -0.00126    7.24703   10.35673  315.71725     4.8819   16.22780 5.0983e-02     0.4896     0.7651 0.0000e+00
        682 157.442237    0.04729     2.8376    170.254     75.722  51191.291    31.7771     4.8874     75.000     4.8821    25.1336     8.1879    11.7013    112.983    356.705    365.670   -0.00106    7.24699   10.35667  315.71542     4.8821   16.22772 5.1007e-02     0.4927     0.7746 0.0000e+00
        687 157.442252    0.04766     2.8596    171.575     76.732  51191.245    31.7767     4.8878     76.000     4.8827    25.1333     8.1913    11.7063    113.032    356.857    365.826   -0.00075    7.24694   10.35660  315.71332     4.8824   16.22762 5.0985e-02     0.4633     0.7543 0.0000e+00
        693 157.442268    0.04803     2.8819    172.917     77.741  51190.253    31.7757     4.8886     77.000     4.8831    25.1324     8.1908    11.7055    113.026    356.833    365.801   -0.00064    7.24686   10.35649  315.71025     4.8831   16.22748 5.1016e-02     0.4730     0.7536 0.0000e+00
        698 157.442283    0.04840     2.9042    174.253     78.751  51190.834    31.7756     4.8885     78.000     4.8828    25.1323     8.1894    11.7034    113.006    356.771    365.738   -0.00061    7.24687   10.35651  315.71095     4.8829   16.22751 5.1052e-02     0.4749     0.7878 0.0000e+00
        704 157.442299    0.04880     2.9278    175.668     79.761  51191.539    31.7755     4.8883     79.000     4.8826    25.1323     8.1887    11.7025    112.996    356.743    365.709   -0.00054    7.24692   10.35656  315.71261     4.8826   16.22759 5.1025e-02     0.4766     0.7858 0.0000e+00
        709 157.442316    0.04920     2.9516    177.096     80.771  51192.349    31.7756     4.8883     80.000     4.8827    25.1324     8.1908    11.7054    113.024    356.832    365.800   -0.00039    7.24691   10.35656  315.71253     4.8826   16.22759 5.1022e-02     0.4819     0.7852 0.0000e+00
        715 157.442332    0.04959     2.9755    178.532     81.780  51192.730    31.7755     4.8889     81.000     4.8833    25.1322     8.1876    11.7009    112.982    356.694    365.658   -0.00046    7.24681   10.35641  315.70789     4.8831   16.22736 5.0974e-02     0.4894     0.7609 0.0000e+00
        721 157.442351    0.05003     3.0019    180.112     82.791  51193.979    31.7760     4.8897     82.000     4.8843    25.1326     8.1890    11.7030    113.004    356.757    365.723   -0.00034    7.24664   10.35619  315.70093     4.8838   16.22703 5.0945e-02     0.5063     0.7549 0.0000e+00
