CTD-processing/allCTD/CNV/2013_02-12_alongbay_skb14_to10meters_cast047_5028.cnv
* Sea-Bird SBE19plus Data File:
* FileName = C:\Documents and Settings\kris.holderied.local\My Documents\2012-2013-CTD-DATA-new-files\2013-02-EVOSTC-CookInlet\2013-02-12-along-KBay-line\2012-02-12-Along-KBay-line-cast047.hex
* Software Version 1.54
* Temperature SN =  5028
* Conductivity SN =  5028
* System UpLoad Time = Mar 14 2013 23:59:52
** Kachemak Bay - along-bay transect, west to east
** Date:  12 Feb 2013
** Station: KB-13
** Start time (AKDT-24 hr): 22:33
** Depth (m): 10
** Comment: CTD time set wrong by 2 hours
** Comment: Supplement to Gulf Watch sampling
# nquan = 27
# nvalues = 8                           
# units = specified
# name 0 = scan: Scan Count
# name 1 = timeJ: Julian Days
# name 2 = timeH: Time, Elapsed [hours]
# name 3 = timeM: Time, Elapsed [minutes]
# name 4 = timeS: Time, Elapsed [seconds]
# name 5 = prdM: Pressure, Strain Gauge [db]
# name 6 = specc: Specific Conductance [uS/cm]
# name 7 = sal00: Salinity, Practical [PSU]
# name 8 = tv290C: Temperature [ITS-90, deg C]
# name 9 = depSM: Depth [salt water, m], lat = 59.00
# name 10 = potemp090C: Potential Temperature [ITS-90, deg C]
# name 11 = sigma-é00: Density [sigma-theta, kg/m^3]
# name 12 = sbeox0ML/L: Oxygen, SBE 43 [ml/l]
# name 13 = sbeox0Mg/L: Oxygen, SBE 43 [mg/l]
# name 14 = sbeox0PS: Oxygen, SBE 43 [% saturation]
# name 15 = sbox0Mm/Kg: Oxygen, SBE 43 [umol/kg]
# name 16 = sbeox0Mm/L: Oxygen, SBE 43 [umol/l]
# name 17 = sbox0dV/dT: Oxygen, SBE 43 [dov/dt]
# name 18 = oxsolML/L: Oxygen Saturation, Garcia & Gordon [ml/l]
# name 19 = oxsolMg/L: Oxygen Saturation, Garcia & Gordon [mg/l]
# name 20 = oxsolMm/Kg: Oxygen Saturation, Garcia & Gordon [umol/kg]
# name 21 = potemp090C: Potential Temperature [ITS-90, deg C]
# name 22 = n2satMg/L: Nitrogen Saturation [mg/l]
# name 23 = par: PAR/Irradiance, Biospherical/Licor
# name 24 = flECO-AFL: Fluorescence, WET Labs ECO-AFL/FL [mg/m^3]
# name 25 = turbWETntu0: Turbidity, WET Labs ECO [NTU]
# name 26 = flag: flag
# span 0 =         49,        457       
# span 1 =   5.676575,  44.022408       
# span 2 =    0.00340,    0.03169       
# span 3 =     0.2039,     1.9014       
# span 4 =     12.234,    114.085       
# span 5 =      0.565,     10.095       
# span 6 =   6586.736,  51226.578       
# span 7 =     4.0443,    31.4978       
# span 8 =     0.4266,     3.4596       
# span 9 =      0.559,     10.000       
# span 10 =     0.4270,     3.4631      
# span 11 =     3.2182,    25.0509      
# span 12 =     0.9085,     7.1440      
# span 13 =     1.2983,    10.2095      
# span 14 =     12.029,     95.037      
# span 15 =     39.585,    311.254      
# span 16 =     40.573,    319.052      
# span 17 =   -0.00061,    0.00205      
# span 18 =    0.97382,    7.54560      
# span 19 =    1.39169,   10.78342      
# span 20 =   42.43192,  328.77250      
# span 21 =     0.4266,     3.4590      
# span 22 =    2.17459,   16.85020      
# span 23 = 4.8887e-03, 3.7912e-02      
# span 24 =     0.0548,     0.4223      
# span 25 =     0.3871,     2.8380      
# span 26 = 0.0000e+00, 0.0000e+00      
# interval = meters: 1                  
# start_time = Feb 13 2013 00:30:22 [Instrument's time stamp, header]
# bad_flag = -9.990e-29
*END*
         49   5.676575    0.00340     0.2039     12.234      0.565   6586.736     4.0443     0.4266      1.000     0.4270     3.2182     0.9085     1.2983     12.029     39.585     40.573   -0.00009    0.97382    1.39169   42.43192     0.4266    2.17459 4.8887e-03     0.0548     0.3871 0.0000e+00
        351  40.601509    0.02431     1.4584     87.503      4.038  47111.401    28.9265     3.0514      4.000     3.0541    23.0179     6.4978     9.2860     86.041    283.128    290.193   -0.00061    6.96523    9.95401  303.49286     3.0512   15.55371 3.4966e-02     0.3921     2.7690 0.0000e+00
        390  44.022213    0.02700     1.6198     97.188      5.047  51125.056    31.3996     3.3332      5.000     3.3380    24.9838     7.0560    10.0838     93.512    307.441    315.122    0.00008    7.54560   10.78342  328.77250     3.3329   16.85020 3.7912e-02     0.4223     2.8380 0.0000e+00
        404  44.022253    0.02796     1.6778    100.671      6.056  51165.039    31.4344     3.3654      6.000     3.3709    25.0087     7.0650    10.0966     93.727    307.824    315.522    0.00052    7.53781   10.77229  328.42527     3.3651   16.83356 3.7912e-02     0.4058     2.6259 0.0000e+00
        418  44.022294    0.02894     1.7362    104.171      7.066  51201.961    31.4711     3.4138      7.000     3.4193    25.0337     7.0744    10.1101     93.988    308.228    315.944    0.00087    7.52694   10.75675  327.94352     3.4134   16.81052 3.7912e-02     0.3907     2.6070 0.0000e+00
        432  44.022335    0.02992     1.7950    107.703      8.075  51210.540    31.4831     3.4402      8.000     3.4416    25.0409     7.0779    10.1150     94.103    308.377    316.099    0.00074    7.52144   10.74888  327.70136     3.4397   16.79896 3.7912e-02     0.3907     2.4766 0.0000e+00
        445  44.022373    0.03084     1.8504    111.023      9.085  51212.518    31.4861     3.4487      9.000     3.4492    25.0425     7.1080    10.1580     94.525    309.687    317.443    0.00137    7.51969   10.74640  327.62504     3.4482   16.79532 3.7912e-02     0.3881     2.4670 0.0000e+00
        457  44.022408    0.03169     1.9014    114.085     10.095  51226.578    31.4978     3.4596     10.000     3.4631    25.0509     7.1440    10.2095     95.037    311.254    319.052    0.00205    7.51709   10.74267  327.50881     3.4590   16.78975 3.7912e-02     0.3885     2.4833 0.0000e+00
