CTD-processing/allCTD/CNV/2013_07-21_t6_s02_cast076_5028.cnv
* Sea-Bird SBE19plus Data File:
* FileName = C:\Users\kris.holderied\Documents\kasitsna\Research-Projects-and-Data\Oceanography-AK\CTD-CookInlet-GulfWatchAK\2013-07-EVOSTC-CookInlet-Ocean\2013-07-21-22-CookInlet-Tran6-Douglas\2013-07-21-22-CookInlet-Tran6-Douglas-cast076.hex
* Software Version 1.59
* Temperature SN =  5028
* Conductivity SN =  5028
* System UpLoad Time = Apr 09 2014 21:22:28
** Cook Inlet LTM Transect 6 (Douglas) west to east
** Date: 2013-07-21/22
** Station: 6-02
** Start time: 03:34
** Depth (m): 50
** CoComment:
** Comment:
# nquan = 27
# nvalues = 50                          
# units = specified
# name 0 = scan: Scan Count
# name 1 = timeJ: Julian Days
# name 2 = timeH: Time, Elapsed [hours]
# name 3 = timeM: Time, Elapsed [minutes]
# name 4 = timeS: Time, Elapsed [seconds]
# name 5 = prdM: Pressure, Strain Gauge [db]
# name 6 = specc: Specific Conductance [uS/cm]
# name 7 = sal00: Salinity, Practical [PSU]
# name 8 = tv290C: Temperature [ITS-90, deg C]
# name 9 = depSM: Depth [salt water, m], lat = 59.00
# name 10 = potemp090C: Potential Temperature [ITS-90, deg C]
# name 11 = sigma-é00: Density [sigma-theta, kg/m^3]
# name 12 = sbeox0ML/L: Oxygen, SBE 43 [ml/l]
# name 13 = sbeox0Mg/L: Oxygen, SBE 43 [mg/l]
# name 14 = sbeox0PS: Oxygen, SBE 43 [% saturation]
# name 15 = sbox0Mm/Kg: Oxygen, SBE 43 [umol/kg]
# name 16 = sbeox0Mm/L: Oxygen, SBE 43 [umol/l]
# name 17 = sbox0dV/dT: Oxygen, SBE 43 [dov/dt]
# name 18 = oxsolML/L: Oxygen Saturation, Garcia & Gordon [ml/l]
# name 19 = oxsolMg/L: Oxygen Saturation, Garcia & Gordon [mg/l]
# name 20 = oxsolMm/Kg: Oxygen Saturation, Garcia & Gordon [umol/kg]
# name 21 = potemp090C: Potential Temperature [ITS-90, deg C]
# name 22 = n2satMg/L: Nitrogen Saturation [mg/l]
# name 23 = par: PAR/Irradiance, Biospherical/Licor
# name 24 = flECO-AFL: Fluorescence, WET Labs ECO-AFL/FL [mg/m^3]
# name 25 = turbWETntu0: Turbidity, WET Labs ECO [NTU]
# name 26 = flag: flag
# span 0 =        124,        513       
# span 1 = 203.149801, 203.150925       
# span 2 =    0.00855,    0.03554       
# span 3 =     0.5129,     2.1321       
# span 4 =     30.773,    127.924       
# span 5 =      1.009,     50.478       
# span 6 =  47325.129,  50953.445       
# span 7 =    29.7981,    32.1120       
# span 8 =     7.1373,     7.5594       
# span 9 =      1.000,     50.000       
# span 10 =     7.1326,     7.4660      
# span 11 =    23.2569,    25.0995      
# span 12 =     6.0031,     6.9567      
# span 13 =     8.5790,     9.9419      
# span 14 =     86.987,    101.333      
# span 15 =    262.069,    303.107      
# span 16 =    268.096,    310.689      
# span 17 =   -0.00019,    0.01285      
# span 18 =    6.82802,    6.90237      
# span 19 =    9.75793,    9.86418      
# span 20 =  297.46487,  301.34064      
# span 21 =     7.1328,     7.5593      
# span 22 =   15.35654,   15.55127      
# span 23 = 3.8307e-02, 3.4550e-01      
# span 24 =     0.8537,     1.2715      
# span 25 =     0.3371,     1.3495      
# span 26 = 0.0000e+00, 0.0000e+00      
# interval = meters: 1                  
# start_time = Jul 22 2013 03:35:12 [Instrument's time stamp, header]
# bad_flag = -9.990e-29
*END*
        124 203.149801    0.00855     0.5129     30.773      1.009  47325.129    29.7981     7.5594      1.000     7.4660    23.2569     6.0031     8.5790     86.987    262.069    268.096    0.00241    6.90237    9.86418  301.34064     7.5593   15.55127 3.4550e-01     0.8537     1.3495 0.0000e+00
        337 203.150417    0.02333     1.4002     84.010      2.019  50953.445    32.1120     7.3300      2.000     7.3374    25.0995     6.2544     8.9382     91.594    272.479    279.322    0.00758    6.82802    9.75793  297.46487     7.3298   15.35654 1.9140e-01     1.2673     0.3371 0.0000e+00
        327 203.150387    0.02261     1.3568     81.407      3.028  50657.241    31.9222     7.3459      3.000     7.3449    24.9487     6.2244     8.8953     91.073    271.216    277.982    0.00459    6.83458    9.76730  297.80271     7.3456   15.37346 1.3580e-01     1.2556     0.4095 0.0000e+00
        333 203.150406    0.02307     1.3842     83.050      4.038  50659.482    31.9230     7.3444      4.000     7.3438    24.9496     6.2301     8.9034     91.153    271.462    278.235    0.00352    6.83477    9.76758  297.81073     7.3441   15.37384 9.3666e-02     1.2273     0.4275 0.0000e+00
        339 203.150423    0.02348     1.4087     84.525      5.047  50661.105    31.9237     7.3445      5.000     7.3448    24.9502     6.2541     8.9377     91.505    272.508    279.307    0.00366    6.83473    9.76752  297.80894     7.3440   15.37375 7.6894e-02     1.2403     0.4481 0.0000e+00
        345 203.150440    0.02390     1.4341     86.046      6.057  50660.055    31.9231     7.3475      6.000     7.3472    24.9493     6.2967     8.9987     92.135    274.368    281.213    0.00460    6.83430    9.76689  297.78995     7.3469   15.37285 6.9288e-02     1.2589     0.4188 0.0000e+00
        351 203.150457    0.02430     1.4580     87.480      7.066  50658.862    31.9213     7.3452      7.000     7.3399    24.9482     6.3559     9.0833     92.995    276.947    283.856    0.00608    6.83473    9.76751  297.80921     7.3445   15.37378 5.5402e-02     1.2568     0.4393 0.0000e+00
        357 203.150474    0.02469     1.4819     88.913      8.075  50671.789    31.9273     7.3298      8.000     7.3254    24.9550     6.4218     9.1773     93.929    279.814    286.797    0.00748    6.83688    9.77059  297.90092     7.3291   15.37813 4.6875e-02     1.2392     0.4247 0.0000e+00
        360 203.150484    0.02496     1.4977     89.860      9.085  50679.567    31.9315     7.3257      9.000     7.3255    24.9589     6.4660     9.2406     94.570    281.741    288.773    0.00815    6.83733    9.77123  297.91918     7.3249   15.37898 4.6023e-02     1.2409     0.4066 0.0000e+00
        364 203.150494    0.02519     1.5111     90.664     10.095  50679.864    31.9315     7.3274     10.000     7.3277    24.9587     6.5403     9.3467     95.659    284.975    292.088    0.01034    6.83706    9.77085  297.90777     7.3265   15.37844 4.4517e-02     1.2550     0.4048 0.0000e+00
        368 203.150506    0.02548     1.5289     91.735     11.104  50678.179    31.9302     7.3294     11.000     7.3284    24.9574     6.6338     9.4804     97.031    289.052    296.265    0.01285    6.83681    9.77049  297.89736     7.3283   15.37795 4.3059e-02     1.2715     0.4076 0.0000e+00
        373 203.150522    0.02584     1.5507     93.044     12.113  50678.642    31.9300     7.3290     12.000     7.3271    24.9574     6.6633     9.5225     97.461    290.337    297.583    0.01136    6.83689    9.77060  297.90070     7.3278   15.37811 4.1560e-02     1.2442     0.4107 0.0000e+00
        377 203.150532    0.02610     1.5659     93.952     13.123  50680.553    31.9306     7.3274     13.000     7.3255    24.9581     6.6683     9.5296     97.530    290.554    297.805    0.00964    6.83711    9.77090  297.90982     7.3262   15.37854 4.0743e-02     1.2303     0.4110 0.0000e+00
        380 203.150541    0.02631     1.5788     94.727     14.133  50682.237    31.9311     7.3264     14.000     7.3246    24.9586     6.7011     9.5766     98.010    291.985    299.273    0.00965    6.83724    9.77109  297.91532     7.3252   15.37880 4.0348e-02     1.2173     0.4130 0.0000e+00
        384 203.150552    0.02657     1.5939     95.635     15.142  50683.407    31.9312     7.3249     15.000     7.3219    24.9589     6.7745     9.6815     99.080    295.183    302.550    0.01147    6.83746    9.77142  297.92516     7.3236   15.37927 4.0114e-02     1.2049     0.4179 0.0000e+00
        388 203.150565    0.02690     1.6137     96.819     16.152  50686.630    31.9323     7.3210     16.000     7.3175    24.9603     6.8225     9.7500     99.773    297.272    304.692    0.01147    6.83802    9.77222  297.94922     7.3196   15.38041 3.9894e-02     1.2332     0.4128 0.0000e+00
        392 203.150577    0.02717     1.6306     97.834     17.161  50689.340    31.9330     7.3164     17.000     7.3114    24.9614     6.8095     9.7315     99.573    296.706    304.112    0.00869    6.83872    9.77321  297.97907     7.3149   15.38184 3.9643e-02     1.2304     0.4005 0.0000e+00
        396 203.150586    0.02740     1.6438     98.628     18.171  50690.910    31.9325     7.3100     18.000     7.3016    24.9619     6.8185     9.7445     99.691    297.103    304.519    0.00771    6.83974    9.77468  298.02359     7.3084   15.38396 3.9490e-02     1.2181     0.4087 0.0000e+00
        399 203.150596    0.02764     1.6581     99.489     19.181  50692.118    31.9306     7.2966     19.000     7.2817    24.9623     6.8460     9.7836    100.059    298.296    305.742    0.00765    6.84194    9.77781  298.11920     7.2948   15.38853 3.9294e-02     1.2029     0.4353 0.0000e+00
        403 203.150608    0.02792     1.6751    100.506     20.190  50705.584    31.9344     7.2672     20.000     7.2510    24.9693     6.8683     9.8155    100.320    299.266    306.738    0.00712    6.84639    9.78417  298.31118     7.2653   15.39768 3.9130e-02     1.1983     0.4328 0.0000e+00
        407 203.150619    0.02820     1.6919    101.516     21.199  50727.515    31.9451     7.2431     21.000     7.2346    24.9809     6.8676     9.8146    100.262    299.234    306.709    0.00565    6.84968    9.78888  298.45120     7.2412   15.40432 3.8990e-02     1.1915     0.4016 0.0000e+00
        411 203.150631    0.02846     1.7078    102.470     22.209  50735.453    31.9481     7.2314     22.000     7.2234    24.9848     6.8679     9.8149    100.241    299.245    306.722    0.00452    6.85138    9.79132  298.52438     7.2294   15.40780 3.8929e-02     1.2034     0.4020 0.0000e+00
        414 203.150641    0.02871     1.7227    103.360     23.219  50739.739    31.9485     7.2195     23.000     7.2093    24.9868     6.8750     9.8251    100.318    299.554    307.039    0.00403    6.85324    9.79397  298.60464     7.2174   15.41162 3.8861e-02     1.2036     0.4159 0.0000e+00
        418 203.150651    0.02895     1.7369    104.216     24.228  50748.741    31.9520     7.2059     24.000     7.1970    24.9914     6.8764     9.8271    100.309    299.615    307.102    0.00334    6.85523    9.79681  298.68998     7.2037   15.41568 3.8738e-02     1.1761     0.4078 0.0000e+00
        421 203.150661    0.02920     1.7517    105.102     25.237  50756.428    31.9549     7.1946     25.000     7.1865    24.9952     6.8827     9.8361    100.376    299.884    307.380    0.00293    6.85687    9.79915  298.76040     7.1924   15.41903 3.8679e-02     1.1486     0.4026 0.0000e+00
        426 203.150673    0.02948     1.7689    106.132     26.247  50766.311    31.9594     7.1837     26.000     7.1791    25.0002     6.9020     9.8637    100.636    300.725    308.244    0.00318    6.85839    9.80132  298.82496     7.1814   15.42209 3.8632e-02     1.1293     0.4097 0.0000e+00
        430 203.150686    0.02979     1.7873    107.237     27.256  50769.060    31.9601     7.1796     27.000     7.1744    25.0013     6.9110     9.8766    100.759    301.118    308.647    0.00295    6.85900    9.80220  298.85125     7.1772   15.42334 3.8600e-02     1.1354     0.4115 0.0000e+00
        433 203.150696    0.03003     1.8018    108.111     28.266  50770.481    31.9597     7.1739     28.000     7.1669    25.0018     6.9103     9.8756    100.735    301.088    308.615    0.00238    6.85993    9.80352  298.89154     7.1713   15.42526 3.8549e-02     1.1394     0.4126 0.0000e+00
        436 203.150704    0.03024     1.8145    108.870     29.275  50776.063    31.9620     7.1678     29.000     7.1625    25.0045     6.9098     9.8747    100.713    301.061    308.589    0.00194    6.86078    9.80475  298.92818     7.1652   15.42700 3.8512e-02     1.1253     0.4130 0.0000e+00
        440 203.150714    0.03048     1.8284    109.705     30.285  50780.079    31.9637     7.1641     30.000     7.1599    25.0063     6.9130     9.8794    100.754    301.203    308.735    0.00172    6.86128    9.80546  298.94945     7.1614   15.42802 3.8462e-02     1.1249     0.4099 0.0000e+00
        444 203.150725    0.03074     1.8445    110.672     31.295  50781.971    31.9640     7.1612     31.000     7.1568    25.0070     6.9197     9.8890    100.845    301.495    309.034    0.00168    6.86173    9.80610  298.96852     7.1584   15.42892 3.8448e-02     1.1400     0.4147 0.0000e+00
        448 203.150737    0.03102     1.8616    111.695     32.304  50784.195    31.9645     7.1579     32.000     7.1531    25.0078     6.9245     9.8958    100.907    301.702    309.247    0.00153    6.86223    9.80681  298.99002     7.1550   15.42995 3.8415e-02     1.1668     0.4020 0.0000e+00
        452 203.150748    0.03130     1.8777    112.663     33.314  50786.611    31.9651     7.1539     33.000     7.1491    25.0087     6.9318     9.9063    101.005    302.022    309.575    0.00152    6.86283    9.80768  299.01607     7.1510   15.43119 3.8379e-02     1.1594     0.4162 0.0000e+00
        455 203.150758    0.03153     1.8917    113.501     34.323  50790.276    31.9667     7.1514     34.000     7.1479    25.0104     6.9405     9.9187    101.126    302.400    309.962    0.00165    6.86316    9.80814  299.02983     7.1484   15.43184 3.8347e-02     1.1369     0.4411 0.0000e+00
        458 203.150767    0.03174     1.9044    114.266     35.334  50791.172    31.9668     7.1510     35.000     7.1473    25.0105     6.9450     9.9250    101.190    302.593    310.161    0.00161    6.86322    9.80824  299.03286     7.1478   15.43198 3.8312e-02     1.1199     0.4388 0.0000e+00
        461 203.150776    0.03197     1.9183    115.100     36.343  50792.064    31.9668     7.1501     36.000     7.1462    25.0106     6.9463     9.9269    101.207    302.648    310.218    0.00138    6.86336    9.80843  299.03861     7.1468   15.43225 3.8320e-02     1.1036     0.4361 0.0000e+00
        466 203.150789    0.03228     1.9367    116.200     37.353  50793.367    31.9670     7.1487     37.000     7.1447    25.0110     6.9467     9.9275    101.211    302.669    310.239    0.00109    6.86356    9.80872  299.04726     7.1454   15.43267 3.8331e-02     1.0994     0.4312 0.0000e+00
        470 203.150802    0.03259     1.9552    117.311     38.362  50795.111    31.9675     7.1472     38.000     7.1435    25.0116     6.9456     9.9260    101.193    302.623    310.192    0.00079    6.86378    9.80902  299.05643     7.1438   15.43310 3.8339e-02     1.1214     0.4000 0.0000e+00
        474 203.150812    0.03283     1.9694    118.164     39.371  50796.430    31.9679     7.1470     39.000     7.1435    25.0119     6.9460     9.9266    101.198    302.641    310.211    0.00062    6.86380    9.80907  299.05748     7.1434   15.43315 3.8313e-02     1.1195     0.4004 0.0000e+00
        477 203.150821    0.03305     1.9826    118.955     40.380  50796.095    31.9671     7.1469     40.000     7.1424    25.0114     6.9511     9.9339    101.272    302.864    310.439    0.00072    6.86384    9.80911  299.05927     7.1433   15.43324 3.8307e-02     1.0914     0.4147 0.0000e+00
        480 203.150831    0.03329     1.9974    119.841     41.391  50796.507    31.9666     7.1448     41.000     7.1391    25.0113     6.9548     9.9391    101.320    303.022    310.601    0.00074    6.86420    9.80963  299.07495     7.1411   15.43399 3.8330e-02     1.0879     0.4187 0.0000e+00
        484 203.150843    0.03357     2.0140    120.840     42.401  50800.062    31.9680     7.1412     42.000     7.1365    25.0129     6.9525     9.9358    101.278    302.921    310.497    0.00044    6.86470    9.81035  299.09643     7.1375   15.43501 3.8348e-02     1.0977     0.4059 0.0000e+00
        488 203.150854    0.03384     2.0302    121.813     43.410  50802.454    31.9690     7.1403     43.000     7.1366    25.0138     6.9496     9.9317    101.235    302.794    310.368    0.00018    6.86481    9.81050  299.10087     7.1364   15.43522 3.8348e-02     1.1056     0.3976 0.0000e+00
        492 203.150865    0.03410     2.0459    122.752     44.419  50802.948    31.9690     7.1407     44.000     7.1370    25.0137     6.9515     9.9344    101.264    302.879    310.456    0.00018    6.86474    9.81040  299.09760     7.1368   15.43506 3.8354e-02     1.0916     0.3945 0.0000e+00
        496 203.150876    0.03436     2.0614    123.681     45.429  50803.253    31.9688     7.1412     45.000     7.1373    25.0135     6.9538     9.9376    101.298    302.977    310.555    0.00025    6.86467    9.81029  299.09453     7.1372   15.43492 3.8385e-02     1.0845     0.4017 0.0000e+00
        499 203.150885    0.03458     2.0752    124.510     46.439  50803.422    31.9684     7.1413     46.000     7.1368    25.0133     6.9485     9.9301    101.222    302.748    310.322   -0.00007    6.86467    9.81031  299.09495     7.1372   15.43494 3.8372e-02     1.0849     0.4048 0.0000e+00
        502 203.150894    0.03479     2.0878    125.265     47.449  50803.681    31.9681     7.1408     47.000     7.1356    25.0130     6.9476     9.9287    101.206    302.706    310.278   -0.00019    6.86478    9.81045  299.09950     7.1365   15.43516 3.8333e-02     1.0731     0.4095 0.0000e+00
        505 203.150904    0.03502     2.1010    126.062     48.458  50804.902    31.9681     7.1393     48.000     7.1339    25.0133     6.9516     9.9345    101.262    302.883    310.459   -0.00002    6.86501    9.81078  299.10949     7.1349   15.43563 3.8378e-02     1.0585     0.4459 0.0000e+00
        509 203.150914    0.03526     2.1157    126.944     49.469  50807.157    31.9690     7.1378     49.000     7.1329    25.0142     6.9555     9.9401    101.315    303.052    310.633    0.00011    6.86521    9.81107  299.11806     7.1333   15.43604 3.8411e-02     1.0739     0.5257 0.0000e+00
        513 203.150925    0.03554     2.1321    127.924     50.478  50808.352    31.9693     7.1373     50.000     7.1326    25.0145     6.9567     9.9419    101.333    303.107    310.689    0.00013    6.86527    9.81116  299.12061     7.1328   15.43616 3.8398e-02     1.0731     0.4673 0.0000e+00
