CTD-processing/allCTD/CNV/2013_12-03_t9_s04_cast131_4141.cnv
* Sea-Bird SBE19plus Data File:
* FileName = C:\Users\kris.holderied\Documents\kasitsna\Research-Projects-and-Data\Oceanography-AK\CTD-CookInlet-GulfWatchAK\2013-12-03-CookInlet-HomerSpit-monthly\2014_12_03_CookInlet_Tran9_cast131.hex
* Software Version 1.59
* Temperature SN =  4141
* Conductivity SN =  4141
* System UpLoad Time = Apr 14 2014 18:57:47
** Cook Inlet LTM Transect 9 (Homer Spit) Monthly
** Date: 2013-12-03
** Station: 9-04
** Start time: 14:38
** Depth (m): 94.5
** Comment: CTD time off by 1 hour
** Comment:
# nquan = 27
# nvalues = 92                          
# units = specified
# name 0 = scan: Scan Count
# name 1 = timeJ: Julian Days
# name 2 = timeH: Time, Elapsed [hours]
# name 3 = timeM: Time, Elapsed [minutes]
# name 4 = timeS: Time, Elapsed [seconds]
# name 5 = prdM: Pressure, Strain Gauge [db]
# name 6 = specc: Specific Conductance [uS/cm]
# name 7 = sal00: Salinity, Practical [PSU]
# name 8 = tv290C: Temperature [ITS-90, deg C]
# name 9 = depSM: Depth [salt water, m], lat = 59.00
# name 10 = potemp090C: Potential Temperature [ITS-90, deg C]
# name 11 = sigma-é00: Density [sigma-theta, kg/m^3]
# name 12 = sbeox0ML/L: Oxygen, SBE 43 [ml/l]
# name 13 = sbeox0Mg/L: Oxygen, SBE 43 [mg/l]
# name 14 = sbeox0PS: Oxygen, SBE 43 [% saturation]
# name 15 = sbox0Mm/Kg: Oxygen, SBE 43 [umol/kg]
# name 16 = sbeox0Mm/L: Oxygen, SBE 43 [umol/l]
# name 17 = sbox0dV/dT: Oxygen, SBE 43 [dov/dt]
# name 18 = oxsolML/L: Oxygen Saturation, Garcia & Gordon [ml/l]
# name 19 = oxsolMg/L: Oxygen Saturation, Garcia & Gordon [mg/l]
# name 20 = oxsolMm/Kg: Oxygen Saturation, Garcia & Gordon [umol/kg]
# name 21 = n2satMg/L: Nitrogen Saturation [mg/l]
# name 22 = par: PAR/Irradiance, Biospherical/Licor
# name 23 = wetStar: Fluorescence, WET Labs WETstar [mg/m^3]
# name 24 = CStarAt0: Beam Attenuation, WET Labs C-Star [1/m]
# name 25 = CStarTr0: Beam Transmission, WET Labs C-Star [%]
# name 26 = flag: flag
# span 0 =        167,        698       
# span 1 = 337.651579, 337.653115       
# span 2 =    0.01149,    0.04837       
# span 3 =     0.6898,     2.9022       
# span 4 =     41.385,    174.134       
# span 5 =      1.012,     92.857       
# span 6 =  49836.567,  50014.663       
# span 7 =    31.2007,    31.3141       
# span 8 =     6.2622,     6.6729       
# span 9 =      1.000,     92.000       
# span 10 =     6.3706,     6.6660      
# span 11 =    24.4910,    24.5828      
# span 12 =     6.0177,     6.4823      
# span 13 =     8.5998,     9.2639      
# span 14 =     85.948,     92.089      
# span 15 =    262.324,    282.556      
# span 16 =    268.749,    289.501      
# span 17 =   -0.00987,    0.00218      
# span 18 =    6.96947,    7.03827      
# span 19 =    9.96006,   10.05839      
# span 20 =  303.79572,  306.78935      
# span 21 =   15.66182,   15.80462      
# span 22 = 3.5575e-02, 2.3648e+00      
# span 23 =     0.2477,     0.4900      
# span 24 =     0.5136,     2.0437      
# span 25 =    64.5714,    87.9510      
# span 26 = 0.0000e+00, 0.0000e+00      
# interval = meters: 1                  
# start_time = Dec 03 2013 15:37:35 [Instrument's time stamp, header]
# bad_flag = -9.990e-29
*END*
[from data line 54]
        586 337.652792    0.04064     2.4382    146.291     55.527  49910.243    31.2498     6.6182     55.000     6.6134    24.5155     6.0361     8.6262     86.462    263.120    269.570   -0.00077    6.98116    9.97677  304.31816   15.68697 3.6382e-02     0.3793     0.5516    87.1182 0.0000e+00
        589 337.652801    0.04083     2.4502    147.013     56.538  49910.785    31.2498     6.6181     56.000     6.6133    24.5154     6.0319     8.6202     86.402    262.937    269.383   -0.00140    6.98119    9.97683  304.31986   15.68706 3.6382e-02     0.3524     0.5468    87.2211 0.0000e+00
        592 337.652809    0.04103     2.4620    147.723     57.545  49913.051    31.2509     6.6183     57.000     6.6142    24.5163     6.0331     8.6218     86.420    262.989    269.436   -0.00116    6.98109    9.97669  304.31518   15.68683 3.6382e-02     0.3927     0.5462    87.2369 0.0000e+00
        595 337.652817    0.04123     2.4740    148.437     58.555  49914.299    31.2516     6.6195     58.000     6.6150    24.5166     6.0347     8.6242     86.445    263.059    269.508   -0.00065    6.98088    9.97637  304.30563   15.68637 3.6382e-02     0.3809     0.5339    87.5038 0.0000e+00
        598 337.652826    0.04143     2.4860    149.159     59.565  49914.063    31.2510     6.6201     59.000     6.6152    24.5161     6.0332     8.6221     86.426    262.997    269.445   -0.00069    6.98080    9.97627  304.30255   15.68623 3.6382e-02     0.3688     0.5332    87.5212 0.0000e+00
        601 337.652835    0.04164     2.4980    149.882     60.574  49915.507    31.2516     6.6203     60.000     6.6159    24.5166     6.0351     8.6247     86.453    263.077    269.527   -0.00062    6.98073    9.97618  304.29961   15.68608 3.6382e-02     0.3670     0.5255    87.6883 0.0000e+00
        603 337.652843    0.04184     2.5103    150.617     61.585  49921.258    31.2554     6.6218     61.000     6.6191    24.5194     6.0415     8.6340     86.551    263.358    269.816    0.00031    6.98033    9.97558  304.28066   15.68517 3.6382e-02     0.3790     0.5269    87.6578 0.0000e+00
        606 337.652851    0.04204     2.5226    151.357     62.592  49921.310    31.2556     6.6252     62.000     6.6210    24.5191     6.0438     8.6371     86.589    263.453    269.913    0.00074    6.97977    9.97479  304.25632   15.68400 3.6382e-02     0.3658     0.5136    87.9510 0.0000e+00
        609 337.652860    0.04225     2.5352    152.113     63.604  49920.552    31.2548     6.6267     63.000     6.6216    24.5184     6.0343     8.6236     86.457    263.043    269.493   -0.00050    6.97957    9.97450  304.24779   15.68360 3.6382e-02     0.3603     0.5203    87.8026 0.0000e+00
        613 337.652869    0.04247     2.5480    152.881     64.614  49923.462    31.2565     6.6273     64.000     6.6229    24.5196     6.0324     8.6210     86.432    262.962    269.410   -0.00107    6.97940    9.97425  304.23995   15.68322 3.6382e-02     0.3712     0.5234    87.7356 0.0000e+00
        616 337.652878    0.04268     2.5608    153.651     65.625  49927.749    31.2594     6.6295     65.000     6.6256    24.5217     6.0340     8.6232     86.461    263.031    269.480   -0.00063    6.97890    9.97355  304.21770   15.68215 3.6382e-02     0.3733     0.5293    87.6046 0.0000e+00
        619 337.652887    0.04289     2.5735    154.408     66.632  49929.190    31.2603     6.6319     66.000     6.6277    24.5221     6.0397     8.6314     86.547    263.278    269.734    0.00004    6.97848    9.97294  304.19916   15.68126 3.6382e-02     0.3609     0.5436    87.2931 0.0000e+00
        622 337.652896    0.04311     2.5864    155.183     67.645  49933.053    31.2630     6.6344     67.000     6.6307    24.5239     6.0454     8.6395     86.636    263.526    269.989    0.00093    6.97793    9.97216  304.17489   15.68009 3.6382e-02     0.3792     0.5520    87.1108 0.0000e+00
        625 337.652904    0.04332     2.5991    155.946     68.654  49932.376    31.2626     6.6373     68.000     6.6330    24.5233     6.0469     8.6417     86.663    263.591    270.055    0.00091    6.97748    9.97152  304.15523   15.67916 3.6382e-02     0.4090     0.5694    86.7331 0.0000e+00
        628 337.652913    0.04352     2.6116    156.696     69.662  49957.117    31.2800     6.6412     69.000     6.6451    24.5365     6.0457     8.6400     86.664    263.537    270.003    0.00052    6.97604    9.96947  304.08876   15.67592 3.6382e-02     0.3900     0.5863    86.3678 0.0000e+00
        631 337.652922    0.04374     2.6243    157.459     70.672  49956.776    31.2820     6.6559     70.000     6.6546    24.5361     6.0469     8.6416     86.712    263.587    270.054    0.00067    6.97357    9.96594  303.98137   15.67079 3.6382e-02     0.3734     0.6391    85.2352 0.0000e+00
        634 337.652931    0.04395     2.6372    158.230     71.684  49951.254    31.2787     6.6617     71.000     6.6563    24.5328     6.0480     8.6432     86.737    263.636    270.104    0.00077    6.97279    9.96481  303.94781   15.66920 3.6382e-02     0.3766     0.6748    84.4769 0.0000e+00
        637 337.652940    0.04417     2.6498    158.986     72.693  49953.820    31.2801     6.6625     72.000     6.6562    24.5339     6.0445     8.6381     86.689    263.482    269.946    0.00012    6.97259    9.96452  303.93910   15.66878 3.6382e-02     0.3687     0.6823    84.3189 0.0000e+00
        640 337.652948    0.04437     2.6623    159.740     73.701  49968.404    31.2898     6.6627     73.000     6.6584    24.5415     6.0413     8.6337     86.650    263.343    269.805   -0.00054    6.97211    9.96385  303.91604   15.66765 3.6382e-02     0.3932     0.6529    84.9389 0.0000e+00
        643 337.652957    0.04458     2.6751    160.508     74.713  49980.457    31.2984     6.6660     74.000     6.6617    24.5478     6.0460     8.6404     86.729    263.547    270.016    0.00010    6.97118    9.96251  303.87346   15.66558 3.6382e-02     0.3846     0.7209    83.5125 0.0000e+00
        646 337.652966    0.04479     2.6876    161.256     75.722  49977.551    31.2963     6.6685     75.000     6.6624    24.5459     6.0513     8.6480     86.809    263.779    270.254    0.00077    6.97087    9.96208  303.86080   15.66498 3.6382e-02     0.3803     0.8036    81.7995 0.0000e+00
        649 337.652975    0.04500     2.7001    162.008     76.730  49992.529    31.3064     6.6693     76.000     6.6641    24.5537     6.0588     8.6585     86.922    264.099    270.583    0.00137    6.97028    9.96123  303.83255   15.66359 3.6382e-02     0.4020     0.8752    80.3547 0.0000e+00
        652 337.652983    0.04521     2.7127    162.760     77.740  49996.912    31.3093     6.6711     77.000     6.6650    24.5558     6.0660     8.6690     87.032    264.416    270.909    0.00213    6.96986    9.96064  303.81376   15.66269 3.6382e-02     0.4073     1.0956    76.0473 0.0000e+00
        655 337.652992    0.04542     2.7253    163.517     78.750  49998.627    31.3101     6.6719     78.000     6.6657    24.5564     6.0687     8.6728     87.073    264.533    271.029    0.00187    6.96969    9.96038  303.80590   15.66231 3.6382e-02     0.4098     1.2111    73.8764 0.0000e+00
        658 337.653001    0.04563     2.7381    164.287     79.760  49999.040    31.3100     6.6726     79.000     6.6660    24.5563     6.0736     8.6798     87.144    264.745    271.247    0.00183    6.96957    9.96022  303.80076   15.66207 3.6382e-02     0.3922     1.2181    73.7488 0.0000e+00
        661 337.653010    0.04585     2.7510    165.058     80.769  49998.542    31.3092     6.6726     80.000     6.6652    24.5556     6.0789     8.6874     87.220    264.979    271.485    0.00205    6.96961    9.96027  303.80279   15.66216 3.6382e-02     0.4190     1.2217    73.6830 0.0000e+00
        664 337.653019    0.04607     2.7642    165.851     81.784  50000.962    31.3103     6.6719     81.000     6.6649    24.5566     6.0847     8.6955     87.302    265.226    271.739    0.00211    6.96968    9.96036  303.80528   15.66228 3.6382e-02     0.4093     1.2327    73.4785 0.0000e+00
        667 337.653028    0.04628     2.7767    166.602     82.790  50002.036    31.3107     6.6719     82.000     6.6649    24.5568     6.0894     8.7023     87.369    265.432    271.951    0.00218    6.96967    9.96036  303.80513   15.66227 3.6382e-02     0.3846     1.2523    73.1197 0.0000e+00
        670 337.653036    0.04648     2.7890    167.338     83.801  50003.027    31.3109     6.6721     83.000     6.6652    24.5570     6.0900     8.7032     87.379    265.460    271.978    0.00167    6.96963    9.96029  303.80302   15.66217 3.6382e-02     0.4900     1.2697    72.8028 0.0000e+00
        673 337.653045    0.04669     2.8011    168.068     84.809  50004.082    31.3112     6.6726     84.000     6.6656    24.5572     6.0906     8.7042     87.390    265.488    272.007    0.00133    6.96952    9.96015  303.79850   15.66195 3.6382e-02     0.4266     1.2735    72.7328 0.0000e+00
        676 337.653054    0.04689     2.8134    168.806     85.820  50005.149    31.3115     6.6729     85.000     6.6656    24.5575     6.0805     8.6896     87.245    265.046    271.555   -0.00015    6.96947    9.96006  303.79572   15.66182 3.6382e-02     0.4200     1.2908    72.4178 0.0000e+00
        679 337.653061    0.04709     2.8257    169.541     86.828  50002.890    31.3095     6.6726     86.000     6.6634    24.5559     6.0739     8.6801     87.147    264.756    271.257   -0.00142    6.96961    9.96027  303.80272   15.66216 3.6382e-02     0.4010     1.2987    72.2765 0.0000e+00
        682 337.653070    0.04730     2.8382    170.290     87.842  50007.633    31.3119     6.6705     87.000     6.6628    24.5581     6.0751     8.6820     87.164    264.813    271.316   -0.00112    6.96984    9.96061  303.81213   15.66260 3.6382e-02     0.4024     1.2613    72.9559 0.0000e+00
        685 337.653079    0.04751     2.8504    171.025     88.850  50006.996    31.3108     6.6697     88.000     6.6610    24.5574     6.0789     8.6872     87.214    264.973    271.480   -0.00046    6.97002    9.96085  303.82003   15.66298 3.6382e-02     0.4001     1.2513    73.1383 0.0000e+00
        688 337.653087    0.04771     2.8627    171.762     89.859  50009.842    31.3122     6.6685     89.000     6.6606    24.5585     6.0811     8.6905     87.246    265.074    271.583   -0.00015    6.97014    9.96103  303.82480   15.66320 3.6382e-02     0.4094     1.2131    73.8405 0.0000e+00
        691 337.653096    0.04792     2.8749    172.492     90.871  50010.966    31.3124     6.6680     90.000     6.6601    24.5587     6.0840     8.6947     87.286    265.200    271.713    0.00009    6.97022    9.96114  303.82819   15.66336 3.6382e-02     0.4166     1.1908    74.2534 0.0000e+00
        694 337.653104    0.04811     2.8867    173.204     91.872  50012.219    31.3127     6.6678     91.000     6.6600    24.5591     6.0884     8.7009     87.349    265.391    271.908    0.00057    6.97022    9.96115  303.82852   15.66338 3.6382e-02     0.4195     1.1947    74.1794 0.0000e+00
        698 337.653115    0.04837     2.9022    174.134     92.857  50014.663    31.3141     6.6687     92.000     6.6617    24.5602     6.0905     8.7039     87.380    265.479    272.000    0.00069    6.97002    9.96086  303.81942   15.66294 3.6382e-02     0.4176     1.1997    74.0900 0.0000e+00
