CTD-processing/allCTD/CNV/2013_10-29_t9_s03_cast115_5028.cnv
* Sea-Bird SBE19plus Data File:
* FileName = C:\Users\kris.holderied\Documents\kasitsna\Research-Projects-and-Data\Oceanography-AK\CTD-CookInlet-GulfWatchAK\2013-10-11-EVOSTC-CookInlet-Ocean\2013-10-29-CookInlet-Tran9-HomerSpit\2013-10-29-CookInlet-Tran9-cast115.hex
* Software Version 1.59
* Temperature SN =  5028
* Conductivity SN =  5028
* System UpLoad Time = Feb 14 2014 21:14:15
** Cook Inlet Transect 9 (Homer Spit) south to north
** Date: 2013-10-29
** Station: 9-03
** Start time: 09:39
** Depth (m): 91
** Comment:  CTD instrument time is AK Daylight time
** Comment:
# nquan = 27
# nvalues = 90                          
# units = specified
# name 0 = scan: Scan Count
# name 1 = timeJ: Julian Days
# name 2 = timeH: Time, Elapsed [hours]
# name 3 = timeM: Time, Elapsed [minutes]
# name 4 = timeS: Time, Elapsed [seconds]
# name 5 = prdM: Pressure, Strain Gauge [db]
# name 6 = specc: Specific Conductance [uS/cm]
# name 7 = sal00: Salinity, Practical [PSU]
# name 8 = tv290C: Temperature [ITS-90, deg C]
# name 9 = depSM: Depth [salt water, m], lat = 59.00
# name 10 = potemp090C: Potential Temperature [ITS-90, deg C]
# name 11 = sigma-é00: Density [sigma-theta, kg/m^3]
# name 12 = sbeox0ML/L: Oxygen, SBE 43 [ml/l]
# name 13 = sbeox0Mg/L: Oxygen, SBE 43 [mg/l]
# name 14 = sbeox0PS: Oxygen, SBE 43 [% saturation]
# name 15 = sbox0Mm/Kg: Oxygen, SBE 43 [umol/kg]
# name 16 = sbeox0Mm/L: Oxygen, SBE 43 [umol/l]
# name 17 = sbox0dV/dT: Oxygen, SBE 43 [dov/dt]
# name 18 = oxsolML/L: Oxygen Saturation, Garcia & Gordon [ml/l]
# name 19 = oxsolMg/L: Oxygen Saturation, Garcia & Gordon [mg/l]
# name 20 = oxsolMm/Kg: Oxygen Saturation, Garcia & Gordon [umol/kg]
# name 21 = potemp090C: Potential Temperature [ITS-90, deg C]
# name 22 = n2satMg/L: Nitrogen Saturation [mg/l]
# name 23 = par: PAR/Irradiance, Biospherical/Licor
# name 24 = flECO-AFL: Fluorescence, WET Labs ECO-AFL/FL [mg/m^3]
# name 25 = turbWETntu0: Turbidity, WET Labs ECO [NTU]
# name 26 = flag: flag
# span 0 =        284,        970       
# span 1 = 302.404139, 302.406124       
# span 2 =    0.01962,    0.06726       
# span 3 =     1.1772,     4.0355       
# span 4 =     70.629,    242.128       
# span 5 =      1.010,     90.869       
# span 6 =  43832.416,  48535.114       
# span 7 =    27.3007,    30.6266       
# span 8 =     8.0326,     8.8268       
# span 9 =      1.000,     90.000       
# span 10 =     8.0310,     8.8188      
# span 11 =    21.2300,    23.7274      
# span 12 =     6.2573,     6.9050      
# span 13 =     8.9424,     9.8680      
# span 14 =     90.651,    102.914      
# span 15 =    272.976,    301.360      
# span 16 =    279.453,    308.379      
# span 17 =   -0.00461,    0.00715      
# span 18 =    6.66912,    6.93431      
# span 19 =    9.53084,    9.90982      
# span 20 =  290.94679,  303.24876      
# span 21 =     8.0324,     8.8189      
# span 22 =   15.05155,   15.65246      
# span 23 = 4.7914e-02, 5.1239e+00      
# span 24 =     0.1594,     2.9242      
# span 25 =     0.4453,     7.7030      
# span 26 = 0.0000e+00, 0.0000e+00      
# interval = meters: 1                  
# start_time = Oct 29 2013 09:40:47 [Instrument's time stamp, header]
# bad_flag = -9.990e-29
*END*
[from data line 54]
        721 302.405405    0.05001     3.0006    180.038     55.526  47917.778    30.2050     8.7583     55.000     8.7526    23.4027     6.7670     9.6708    101.096    295.305    302.216   -0.00162    6.69370    9.56596  292.10436     8.7528   15.10846 4.8413e-02     0.2857     0.7993 0.0000e+00
        728 302.405426    0.05051     3.0304    181.822     56.536  47920.032    30.2059     8.7569     56.000     8.7505    23.4037     6.7690     9.6735    101.122    295.388    302.301   -0.00109    6.69386    9.56620  292.11146     8.7513   15.10879 4.8416e-02     0.2792     0.6042 0.0000e+00
        735 302.405446    0.05099     3.0593    183.560     57.546  47947.154    30.2245     8.7573     57.000     8.7552    23.4182     6.7732     9.6796    101.199    295.571    302.492   -0.00056    6.69299    9.56495  292.06915     8.7516   15.10669 4.8395e-02     0.2823     0.7005 0.0000e+00
        742 302.405467    0.05148     3.0888    185.326     58.556  47990.906    30.2572     8.7760     58.000     8.7757    23.4410     6.7641     9.6665    101.126    295.164    302.084   -0.00064    6.68878    9.55894  291.87899     8.7702   15.09748 4.8342e-02     0.2742     0.6842 0.0000e+00
        749 302.405487    0.05196     3.1176    187.055     59.565  48024.748    30.2829     8.7939     59.000     8.7921    23.4585     6.7274     9.6142    100.635    293.561    300.447   -0.00200    6.68498    9.55350  291.70800     8.7880   15.08920 4.8281e-02     0.2630     0.7339 0.0000e+00
        756 302.405507    0.05245     3.1469    188.817     60.575  48039.186    30.2938     8.8031     60.000     8.7979    23.4657     6.6748     9.5390     99.875    291.262    298.097   -0.00378    6.68311    9.55085  291.62483     8.7972   15.08518 4.8257e-02     0.2401     0.8222 0.0000e+00
        763 302.405527    0.05293     3.1756    190.536     61.585  48041.043    30.2949     8.8045     61.000     8.7985    23.4663     6.6431     9.4937     99.405    289.878    296.681   -0.00419    6.68287    9.55050  291.61401     8.7984   15.08466 4.8213e-02     0.2439     0.9031 0.0000e+00
        770 302.405547    0.05340     3.2041    192.243     62.595  48041.095    30.2947     8.8055     62.000     8.7994    23.4660     6.6449     9.4962     99.434    289.956    296.761   -0.00290    6.68273    9.55029  291.60786     8.7993   15.08437 4.8228e-02     0.2300     0.9293 0.0000e+00
        777 302.405567    0.05389     3.2332    193.993     63.605  48043.010    30.2954     8.8045     63.000     8.7978    23.4668     6.6434     9.4940     99.410    289.891    296.694   -0.00215    6.68285    9.55045  291.61261     8.7982   15.08460 4.8160e-02     0.2354     0.9764 0.0000e+00
        784 302.405587    0.05436     3.2615    195.692     64.614  48060.956    30.3075     8.8045     64.000     8.7983    23.4763     6.6521     9.5065     99.548    290.268    297.083   -0.00113    6.68232    9.54971  291.58736     8.7981   15.08334 4.8153e-02     0.2359     0.9312 0.0000e+00
        791 302.405608    0.05486     3.2919    197.515     65.624  48075.984    30.3177     8.8050     65.000     8.7989    23.4842     6.6470     9.4992     99.479    290.043    296.854   -0.00102    6.68180    9.54897  291.56227     8.7985   15.08210 4.8115e-02     0.2475     1.1751 0.0000e+00
        798 302.405628    0.05534     3.3205    199.228     66.633  48091.505    30.3283     8.8068     66.000     8.8003    23.4923     6.6408     9.4903     99.397    289.769    296.576   -0.00102    6.68108    9.54793  291.52830     8.8002   15.08043 4.8124e-02     0.2349     1.0848 0.0000e+00
        805 302.405647    0.05581     3.3490    200.940     67.643  48092.819    30.3288     8.8067     67.000     8.8000    23.4927     6.6331     9.4794     99.282    289.436    296.235   -0.00112    6.68108    9.54793  291.52833     8.7999   15.08044 4.8117e-02     0.2496     1.0583 0.0000e+00
        811 302.405667    0.05628     3.3768    202.608     68.653  48094.892    30.3299     8.8071     68.000     8.8007    23.4935     6.6365     9.4842     99.334    289.581    296.384   -0.00068    6.68096    9.54776  291.52297     8.8003   15.08017 4.8108e-02     0.2513     1.2418 0.0000e+00
        819 302.405689    0.05681     3.4083    204.496     69.663  48109.457    30.3400     8.8098     69.000     8.8043    23.5010     6.6317     9.4775     99.276    289.374    296.174   -0.00068    6.68013    9.54658  291.48445     8.8028   15.07829 4.8090e-02     0.2511     1.1230 0.0000e+00
        825 302.405707    0.05724     3.4347    206.082     70.673  48154.079    30.3716     8.8164     70.000     8.8116    23.5248     6.6235     9.4657     99.188    289.009    295.808   -0.00080    6.67778    9.54321  291.37493     8.8093   15.07293 4.8079e-02     0.2393     0.9812 0.0000e+00
        832 302.405727    0.05774     3.4643    207.859     71.683  48178.634    30.3890     8.8212     71.000     8.8142    23.5377     6.5961     9.4264     98.798    287.805    294.580   -0.00177    6.67631    9.54111  291.30715     8.8140   15.06962 4.8086e-02     0.2200     1.2556 0.0000e+00
        840 302.405748    0.05823     3.4939    209.635     72.692  48190.310    30.3968     8.8213     72.000     8.8138    23.5437     6.5534     9.3654     98.164    285.942    292.675   -0.00326    6.67596    9.54062  291.29029     8.8140   15.06879 4.8022e-02     0.2109     1.4397 0.0000e+00
        846 302.405767    0.05869     3.5216    211.298     73.702  48197.705    30.4015     8.8208     73.000     8.8134    23.5475     6.5335     9.3370     97.867    285.071    291.784   -0.00330    6.67583    9.54042  291.28317     8.8135   15.06843 4.8053e-02     0.2159     1.2044 0.0000e+00
        853 302.405787    0.05918     3.5506    213.038     74.712  48199.440    30.4022     8.8207     74.000     8.8132    23.5481     6.5268     9.3274     97.767    284.779    291.485   -0.00268    6.67581    9.54040  291.28238     8.8133   15.06839 4.8041e-02     0.2135     1.0955 0.0000e+00
        861 302.405809    0.05969     3.5816    214.899     75.721  48208.471    30.4081     8.8206     75.000     8.8131    23.5527     6.5318     9.3345     97.845    284.994    291.707   -0.00161    6.67557    9.54005  291.27053     8.8130   15.06779 4.8045e-02     0.1997     1.2145 0.0000e+00
        867 302.405827    0.06013     3.6077    216.461     76.732  48222.194    30.4173     8.8211     76.000     8.8137    23.5599     6.5247     9.3244     97.747    284.685    291.392   -0.00150    6.67510    9.53938  291.24804     8.8135   15.06668 4.8045e-02     0.1890     1.3516 0.0000e+00
        875 302.405850    0.06068     3.6408    218.450     77.741  48237.836    30.4280     8.8223     77.000     8.8152    23.5681     6.5010     9.2906     97.401    283.649    290.334   -0.00209    6.67445    9.53845  291.21735     8.8146   15.06518 4.8060e-02     0.2006     1.2086 0.0000e+00
        881 302.405868    0.06112     3.6672    220.032     78.751  48255.098    30.4400     8.8248     78.000     8.8177    23.5771     6.4897     9.2745     97.246    283.156    289.833   -0.00204    6.67357    9.53720  291.17643     8.8169   15.06317 4.8062e-02     0.1946     1.1842 0.0000e+00
        888 302.405890    0.06163     3.6978    221.868     79.761  48281.251    30.4581     8.8268     79.000     8.8188    23.5910     6.4800     9.2606     97.116    282.729    289.399   -0.00183    6.67247    9.53563  291.12473     8.8189   15.06062 4.8039e-02     0.1956     1.4402 0.0000e+00
        896 302.405911    0.06213     3.7282    223.691     80.771  48315.739    30.4817     8.8260     80.000     8.8175    23.6096     6.4594     9.2312     96.819    281.822    288.476   -0.00220    6.67158    9.53436  291.08053     8.8180   15.05842 4.7987e-02     0.1783     1.4147 0.0000e+00
        903 302.405931    0.06263     3.7575    225.451     81.780  48334.543    30.4942     8.8249     81.000     8.8165    23.6196     6.4075     9.1570     96.048    279.557    286.160   -0.00393    6.67120    9.53380  291.06084     8.8168   15.05742 4.7983e-02     0.1831     1.3925 0.0000e+00
        910 302.405953    0.06315     3.7888    227.325     82.791  48374.552    30.5215     8.8235     82.000     8.8147    23.6412     6.3654     9.0968     95.431    277.715    284.280   -0.00461    6.67024    9.53244  291.01291     8.8152   15.05503 4.7966e-02     0.1829     1.4684 0.0000e+00
        918 302.405974    0.06366     3.8194    229.165     83.800  48396.099    30.5360     8.8221     83.000     8.8134    23.6527     6.3390     9.0590     95.040    276.558    283.099   -0.00440    6.66981    9.53183  290.99107     8.8137   15.05392 4.7975e-02     0.1827     1.7456 0.0000e+00
        925 302.405995    0.06416     3.8492    230.954     84.810  48404.848    30.5416     8.8213     84.000     8.8126    23.6572     6.3194     9.0310     94.748    275.702    282.225   -0.00401    6.66970    9.53167  290.98506     8.8128   15.05361 4.7940e-02     0.1672     2.0597 0.0000e+00
        932 302.406017    0.06468     3.8812    232.874     85.819  48414.844    30.5480     8.8203     85.000     8.8111    23.6624     6.3120     9.0205     94.639    275.379    281.895   -0.00308    6.66956    9.53147  290.97746     8.8118   15.05322 4.7942e-02     0.1632     1.9506 0.0000e+00
        939 302.406037    0.06516     3.9096    234.578     86.829  48436.389    30.5622     8.8174     86.000     8.8078    23.6740     6.3248     9.0387     94.833    275.933    282.465   -0.00159    6.66939    9.53122  290.96653     8.8088   15.05264 4.7985e-02     0.1647     1.8904 0.0000e+00
        947 302.406058    0.06566     3.9397    236.380     87.840  48466.085    30.5820     8.8134     87.000     8.8033    23.6900     6.3036     9.0084     94.519    275.003    281.518   -0.00208    6.66915    9.53088  290.95138     8.8046   15.05184 4.7968e-02     0.1650     1.9420 0.0000e+00
        955 302.406081    0.06622     3.9730    238.382     88.849  48488.824    30.5969     8.8092     88.000     8.7990    23.7023     6.2762     8.9694     94.109    273.808    280.298   -0.00265    6.66912    9.53084  290.94679     8.8003   15.05156 4.7930e-02     0.1747     1.7840 0.0000e+00
        961 302.406100    0.06667     4.0001    240.009     89.859  48516.069    30.6146     8.8032     89.000     8.7922    23.7171     6.2627     8.9501     93.904    273.214    279.694   -0.00260    6.66925    9.53102  290.94828     8.7942   15.05155 4.7914e-02     0.1594     2.0104 0.0000e+00
        970 302.406124    0.06726     4.0355    242.128     90.869  48535.114    30.6266     8.7967     90.000     8.7866    23.7274     6.2573     8.9424     93.818    272.976    279.453   -0.00200    6.66970    9.53167  290.96514     8.7876   15.05231 4.7955e-02     0.1602     1.7710 0.0000e+00
