CTD-processing/allCTD/CNV/2013_04-20_t7_s16_cast097_5028.cnv
* Sea-Bird SBE19plus Data File:
* FileName = C:\Documents and Settings\kris.holderied.local\My Documents\2012-2013-CTD-DATA-new-files\2013-04-EVOSTC-CookInlet-Ocean\2013-04-CookInlet-Tran7-Augustine\2013-04-20-CookInlet-Trans7-Cast097.hex
* Software Version 1.54
* Temperature SN =  5028
* Conductivity SN =  5028
* System UpLoad Time = Apr 20 2013 15:01:22
** Cook Inlet LTM Tran7 Augustine to Flat Island
** Date:  2013-04-20
** Station:  7-16
** Start time (AKDT-24 hr):  1142
** Depth (m): 81
** Comment:
** Comment:
# nquan = 27
# nvalues = 83                          
# units = specified
# name 0 = scan: Scan Count
# name 1 = timeJ: Julian Days
# name 2 = timeH: Time, Elapsed [hours]
# name 3 = timeM: Time, Elapsed [minutes]
# name 4 = timeS: Time, Elapsed [seconds]
# name 5 = prdM: Pressure, Strain Gauge [db]
# name 6 = specc: Specific Conductance [uS/cm]
# name 7 = sal00: Salinity, Practical [PSU]
# name 8 = tv290C: Temperature [ITS-90, deg C]
# name 9 = depSM: Depth [salt water, m], lat = 59.00
# name 10 = potemp090C: Potential Temperature [ITS-90, deg C]
# name 11 = sigma-é00: Density [sigma-theta, kg/m^3]
# name 12 = sbeox0ML/L: Oxygen, SBE 43 [ml/l]
# name 13 = sbeox0Mg/L: Oxygen, SBE 43 [mg/l]
# name 14 = sbeox0PS: Oxygen, SBE 43 [% saturation]
# name 15 = sbox0Mm/Kg: Oxygen, SBE 43 [umol/kg]
# name 16 = sbeox0Mm/L: Oxygen, SBE 43 [umol/l]
# name 17 = sbox0dV/dT: Oxygen, SBE 43 [dov/dt]
# name 18 = oxsolML/L: Oxygen Saturation, Garcia & Gordon [ml/l]
# name 19 = oxsolMg/L: Oxygen Saturation, Garcia & Gordon [mg/l]
# name 20 = oxsolMm/Kg: Oxygen Saturation, Garcia & Gordon [umol/kg]
# name 21 = potemp090C: Potential Temperature [ITS-90, deg C]
# name 22 = n2satMg/L: Nitrogen Saturation [mg/l]
# name 23 = par: PAR/Irradiance, Biospherical/Licor
# name 24 = flECO-AFL: Fluorescence, WET Labs ECO-AFL/FL [mg/m^3]
# name 25 = turbWETntu0: Turbidity, WET Labs ECO [NTU]
# name 26 = flag: flag
# span 0 =        188,        636       
# span 1 = 110.489813, 110.491107       
# span 2 =    0.01302,    0.04408       
# span 3 =     0.7812,     2.6443       
# span 4 =     46.873,    158.663       
# span 5 =      1.009,     83.799       
# span 6 =  49973.408,  51963.724       
# span 7 =    30.8697,    32.0433       
# span 8 =     3.7864,     4.0428       
# span 9 =      1.000,     83.000       
# span 10 =     3.7817,     4.0387      
# span 11 =    24.4991,    25.4556      
# span 12 =     6.9617,     8.0440      
# span 13 =     9.9489,    11.4957      
# span 14 =     93.527,    108.273      
# span 15 =    303.509,    350.332      
# span 16 =    310.908,    359.249      
# span 17 =   -0.00041,    0.01106      
# span 18 =    7.39029,    7.44650      
# span 19 =   10.56146,   10.64179      
# span 20 =  321.88475,  324.66358      
# span 21 =     3.7816,     4.0428      
# span 22 =   16.52049,   16.65705      
# span 23 = 1.2804e-01, 8.1411e+01      
# span 24 =     0.3799,     0.8559      
# span 25 =     0.3535,     1.4628      
# span 26 = 0.0000e+00, 0.0000e+00      
# interval = meters: 1                  
# start_time = Apr 20 2013 11:44:33 [Instrument's time stamp, header]
# bad_flag = -9.990e-29
*END*
[from data line 54]
        520 110.490773    0.03605     2.1630    129.780     55.526  51941.397    32.0428     3.7881     55.000     3.7844    25.4549     8.0290    11.4743    108.074    349.676    358.577    0.00040    7.42923   10.61711  323.55329     3.7846   16.59952 1.8769e+00     0.7607     0.3793 0.0000e+00
        523 110.490782    0.03627     2.1759    130.556     56.537  51942.577    32.0431     3.7878     56.000     3.7843    25.4552     8.0318    11.4782    108.110    349.794    358.698    0.00040    7.42925   10.61715  323.55436     3.7843   16.59957 1.7282e+00     0.7606     0.3791 0.0000e+00
        527 110.490792    0.03651     2.1905    131.431     57.546  51943.204    32.0430     3.7879     57.000     3.7843    25.4551     8.0355    11.4835    108.160    349.955    358.864    0.00046    7.42924   10.61713  323.55391     3.7843   16.59955 1.5867e+00     0.7609     0.3830 0.0000e+00
        531 110.490803    0.03678     2.2069    132.413     58.556  51943.768    32.0428     3.7878     58.000     3.7840    25.4550     8.0298    11.4754    108.084    349.710    358.612    0.00015    7.42926   10.61715  323.55459     3.7842   16.59959 1.4545e+00     0.7600     0.3973 0.0000e+00
        535 110.490815    0.03707     2.2242    133.451     59.565  51944.851    32.0430     3.7877     59.000     3.7842    25.4551     8.0291    11.4744    108.074    349.678    358.579    0.00003    7.42927   10.61716  323.55478     3.7840   16.59960 1.3345e+00     0.7419     0.4090 0.0000e+00
        539 110.490827    0.03735     2.2411    134.467     60.575  51945.273    32.0428     3.7880     60.000     3.7842    25.4550     8.0355    11.4835    108.160    349.956    358.864    0.00024    7.42923   10.61712  323.55341     3.7842   16.59953 1.2275e+00     0.7412     0.3931 0.0000e+00
        543 110.490838    0.03762     2.2571    135.427     61.585  51946.061    32.0429     3.7881     61.000     3.7843    25.4550     8.0365    11.4849    108.175    350.001    358.911    0.00021    7.42921   10.61708  323.55248     3.7842   16.59948 1.1307e+00     0.7418     0.3825 0.0000e+00
        547 110.490850    0.03789     2.2732    136.392     62.594  51946.695    32.0428     3.7884     62.000     3.7844    25.4550     8.0350    11.4828    108.154    349.936    358.844    0.00008    7.42917   10.61703  323.55095     3.7844   16.59941 1.0419e+00     0.7413     0.3726 0.0000e+00
        551 110.490861    0.03817     2.2904    137.425     63.605  51947.247    32.0427     3.7882     63.000     3.7839    25.4549     8.0307    11.4767    108.096    349.747    358.650   -0.00011    7.42920   10.61707  323.55209     3.7842   16.59946 9.5838e-01     0.7216     0.3692 0.0000e+00
        555 110.490874    0.03848     2.3089    138.534     64.614  51948.394    32.0428     3.7876     64.000     3.7832    25.4550     8.0279    11.4727    108.057    349.626    358.526   -0.00027    7.42931   10.61723  323.55691     3.7835   16.59969 8.7959e-01     0.7101     0.3812 0.0000e+00
        560 110.490887    0.03879     2.3272    139.631     65.624  51949.801    32.0431     3.7872     65.000     3.7832    25.4553     8.0383    11.4876    108.197    350.080    358.992    0.00012    7.42936   10.61730  323.55900     3.7831   16.59980 8.0591e-01     0.7008     0.3758 0.0000e+00
        564 110.490899    0.03907     2.3441    140.646     66.634  51950.307    32.0431     3.7876     66.000     3.7836    25.4552     8.0415    11.4922    108.242    350.222    359.137    0.00021    7.42930   10.61721  323.55623     3.7834   16.59966 7.3805e-01     0.7162     0.3833 0.0000e+00
        567 110.490910    0.03934     2.3600    141.602     67.643  51950.572    32.0428     3.7878     67.000     3.7833    25.4550     8.0407    11.4910    108.230    350.185    359.099    0.00010    7.42927   10.61718  323.55536     3.7835   16.59962 6.7675e-01     0.7222     0.3820 0.0000e+00
        571 110.490921    0.03961     2.3768    142.606     68.653  51951.687    32.0429     3.7874     68.000     3.7829    25.4552     8.0433    11.4948    108.265    350.299    359.216    0.00013    7.42934   10.61727  323.55819     3.7831   16.59976 6.2081e-01     0.7240     0.3817 0.0000e+00
        576 110.490934    0.03992     2.3951    143.707     69.663  51952.741    32.0430     3.7870     69.000     3.7826    25.4553     8.0424    11.4934    108.251    350.257    359.173    0.00005    7.42939   10.61735  323.56034     3.7827   16.59986 5.6999e-01     0.7169     0.3711 0.0000e+00
        580 110.490947    0.04022     2.4133    144.801     70.673  51953.709    32.0431     3.7868     70.000     3.7822    25.4554     8.0376    11.4865    108.185    350.047    358.958   -0.00018    7.42944   10.61741  323.56237     3.7824   16.59996 5.2224e-01     0.7200     0.3758 0.0000e+00
        584 110.490959    0.04050     2.4299    145.793     71.682  51954.773    32.0432     3.7865     71.000     3.7820    25.4556     8.0359    11.4841    108.162    349.974    358.883   -0.00026    7.42948   10.61746  323.56395     3.7821   16.60003 4.7815e-01     0.7197     0.3775 0.0000e+00
        588 110.490969    0.04075     2.4453    146.720     72.692  51955.711    32.0433     3.7864     72.000     3.7819    25.4556     8.0388    11.4882    108.201    350.100    359.013   -0.00016    7.42949   10.61748  323.56443     3.7819   16.60005 4.3752e-01     0.7303     0.3819 0.0000e+00
        592 110.490980    0.04101     2.4605    147.631     73.702  51956.308    32.0432     3.7866     73.000     3.7821    25.4555     8.0394    11.4891    108.209    350.125    359.038   -0.00014    7.42946   10.61744  323.56311     3.7820   16.59999 3.9989e-01     0.7250     0.3956 0.0000e+00
        595 110.490990    0.04127     2.4761    148.563     74.712  51956.961    32.0432     3.7868     74.000     3.7821    25.4555     8.0379    11.4871    108.191    350.064    358.975   -0.00021    7.42943   10.61740  323.56194     3.7821   16.59993 3.6523e-01     0.7159     0.3885 0.0000e+00
        599 110.491002    0.04156     2.4934    149.601     75.722  51957.760    32.0433     3.7868     75.000     3.7820    25.4555     8.0347    11.4823    108.146    349.921    358.829   -0.00034    7.42943   10.61740  323.56192     3.7821   16.59993 3.3230e-01     0.7148     0.3932 0.0000e+00
        604 110.491016    0.04189     2.5131    150.784     76.732  51958.636    32.0433     3.7867     76.000     3.7819    25.4556     8.0374    11.4862    108.183    350.039    358.949   -0.00023    7.42944   10.61741  323.56239     3.7819   16.59995 3.0008e-01     0.7314     0.4291 0.0000e+00
        609 110.491029    0.04220     2.5324    151.941     77.741  51959.352    32.0433     3.7867     77.000     3.7818    25.4556     8.0403    11.4903    108.221    350.164    359.078   -0.00011    7.42945   10.61742  323.56237     3.7818   16.59996 2.6844e-01     0.7368     0.4018 0.0000e+00
        613 110.491041    0.04248     2.5488    152.928     78.752  51960.107    32.0433     3.7868     78.000     3.7817    25.4556     8.0395    11.4892    108.212    350.131    359.044   -0.00016    7.42944   10.61741  323.56229     3.7818   16.59995 2.3908e-01     0.6942     0.3921 0.0000e+00
        616 110.491051    0.04274     2.5640    153.839     79.761  51960.926    32.0433     3.7868     79.000     3.7817    25.4556     8.0381    11.4872    108.192    350.068    358.979   -0.00023    7.42944   10.61741  323.56215     3.7817   16.59995 2.1261e-01     0.6818     0.3844 0.0000e+00
        620 110.491063    0.04301     2.5805    154.827     80.771  51961.579    32.0433     3.7868     80.000     3.7817    25.4556     8.0371    11.4859    108.180    350.028    358.937   -0.00027    7.42943   10.61739  323.56182     3.7817   16.59993 1.8769e-01     0.6879     0.4010 0.0000e+00
        625 110.491076    0.04333     2.5998    155.985     81.781  51962.263    32.0433     3.7869     81.000     3.7818    25.4556     8.0329    11.4798    108.122    349.842    358.748   -0.00041    7.42941   10.61737  323.56101     3.7818   16.59989 1.6444e-01     0.6852     0.4197 0.0000e+00
        630 110.491091    0.04368     2.6207    157.243     82.790  51963.120    32.0433     3.7869     82.000     3.7818    25.4556     8.0354    11.4834    108.157    349.951    358.860   -0.00030    7.42940   10.61735  323.56047     3.7818   16.59986 1.4447e-01     0.6792     0.3784 0.0000e+00
        636 110.491107    0.04408     2.6443    158.663     83.799  51963.724    32.0433     3.7869     83.000     3.7817    25.4556     8.0440    11.4957    108.273    350.332    359.249    0.00007    7.42940   10.61736  323.56075     3.7816   16.59987 1.2804e-01     0.6846     0.3698 0.0000e+00
