CTD-processing/allCTD/CNV/2013_06-28_t9andtutka_s07_cast199_5028.cnv
* Sea-Bird SBE19plus Data File:
* FileName = C:\Documents and Settings\kbayadmin\My Documents\CTD data\2013-06-28 Kachemak Bay Homer Spit Line and Tutka Bay\2013-06-28 Kachemak Bay Homer Spit Line and Tutka Bay cast199.hex
* Software Version 1.59
* Temperature SN =  5028
* Conductivity SN =  5028
* System UpLoad Time = Jun 29 2013 13:20:37
** Kachemak Bay Homer Spit Line and Tutka Bay
** 2013-06-28
** Station: 9.07
** N': 59 35.154
** W': -151 23.400
** Start Time: 1440
** Depth(ft): 324
# nquan = 27
# nvalues = 91                          
# units = specified
# name 0 = scan: Scan Count
# name 1 = timeJ: Julian Days
# name 2 = timeH: Time, Elapsed [hours]
# name 3 = timeM: Time, Elapsed [minutes]
# name 4 = timeS: Time, Elapsed [seconds]
# name 5 = prdM: Pressure, Strain Gauge [db]
# name 6 = specc: Specific Conductance [uS/cm]
# name 7 = sal00: Salinity, Practical [PSU]
# name 8 = tv290C: Temperature [ITS-90, deg C]
# name 9 = depSM: Depth [salt water, m], lat = 59.00
# name 10 = potemp090C: Potential Temperature [ITS-90, deg C]
# name 11 = sigma-é00: Density [sigma-theta, kg/m^3]
# name 12 = sbeox0ML/L: Oxygen, SBE 43 [ml/l]
# name 13 = sbeox0Mg/L: Oxygen, SBE 43 [mg/l]
# name 14 = sbeox0PS: Oxygen, SBE 43 [% saturation]
# name 15 = sbox0Mm/Kg: Oxygen, SBE 43 [umol/kg]
# name 16 = sbeox0Mm/L: Oxygen, SBE 43 [umol/l]
# name 17 = sbox0dV/dT: Oxygen, SBE 43 [dov/dt]
# name 18 = oxsolML/L: Oxygen Saturation, Garcia & Gordon [ml/l]
# name 19 = oxsolMg/L: Oxygen Saturation, Garcia & Gordon [mg/l]
# name 20 = oxsolMm/Kg: Oxygen Saturation, Garcia & Gordon [umol/kg]
# name 21 = potemp090C: Potential Temperature [ITS-90, deg C]
# name 22 = n2satMg/L: Nitrogen Saturation [mg/l]
# name 23 = par: PAR/Irradiance, Biospherical/Licor
# name 24 = flECO-AFL: Fluorescence, WET Labs ECO-AFL/FL [mg/m^3]
# name 25 = turbWETntu0: Turbidity, WET Labs ECO [NTU]
# name 26 = flag: flag
# span 0 =        171,        682       
# span 1 = 179.612030, 179.613509       
# span 2 =    0.01179,    0.04726       
# span 3 =     0.7071,     2.8358       
# span 4 =     42.427,    170.147       
# span 5 =      1.009,     91.879       
# span 6 =  44270.240,  50847.840       
# span 7 =    27.8848,    31.6956       
# span 8 =     5.6463,    10.0663       
# span 9 =      1.000,     91.000       
# span 10 =     5.6394,    10.0413      
# span 11 =    21.3932,    24.9836      
# span 12 =     6.2552,     8.5355      
# span 13 =     8.9393,    12.1980      
# span 14 =     94.808,    127.880      
# span 15 =    273.502,    372.838      
# span 16 =    279.358,    381.194      
# span 17 =   -0.02801,    0.01872      
# span 18 =    6.59030,    7.12121      
# span 19 =    9.41821,   10.17692      
# span 20 =  288.06667,  310.28183      
# span 21 =     5.6394,    10.0662      
# span 22 =   14.92338,   15.96934      
# span 23 = 4.5179e-02, 3.9019e+02      
# span 24 =     0.2908,     2.4223      
# span 25 =     0.6322,     1.5533      
# span 26 = 0.0000e+00, 0.0000e+00      
# interval = meters: 1                  
# start_time = Jun 28 2013 14:40:37 [Instrument's time stamp, header]
# bad_flag = -9.990e-29
*END*
[from data line 54]
        545 179.613113    0.03776     2.2657    135.943     55.527  50616.827    31.6489     6.1354     55.000     6.1302    24.8897     7.9766    11.3993    113.276    347.582    356.234   -0.00019    7.04171   10.06330  306.84532     6.1310   15.80579 4.7371e-02     0.3940     0.7296 0.0000e+00
        549 179.613124    0.03804     2.2820    136.922     56.536  50618.999    31.6497     6.1344     56.000     6.1296    24.8905     7.9732    11.3946    113.227    347.437    356.085   -0.00035    7.04185   10.06351  306.85129     6.1298   15.80607 4.6778e-02     0.3971     0.7241 0.0000e+00
        553 179.613136    0.03830     2.2983    137.898     57.546  50622.313    31.6514     6.1341     57.000     6.1292    24.8919     7.9687    11.3881    113.163    347.240    355.884   -0.00053    7.04181   10.06345  306.84913     6.1294   15.80596 4.6259e-02     0.3943     0.7051 0.0000e+00
        556 179.613146    0.03856     2.3139    138.836     58.555  50624.781    31.6526     6.1335     58.000     6.1285    24.8929     7.9684    11.3877    113.158    347.227    355.871   -0.00052    7.04185   10.06351  306.85057     6.1288   15.80602 4.5848e-02     0.3850     0.6857 0.0000e+00
        560 179.613157    0.03883     2.3296    139.779     59.565  50626.782    31.6534     6.1332     59.000     6.1284    24.8936     7.9688    11.3881    113.163    347.241    355.885   -0.00046    7.04187   10.06353  306.85117     6.1284   15.80605 4.5607e-02     0.3899     0.6909 0.0000e+00
        564 179.613168    0.03910     2.3456    140.738     60.575  50628.113    31.6538     6.1332     60.000     6.1282    24.8939     7.9668    11.3853    113.134    347.153    355.795   -0.00051    7.04184   10.06349  306.84965     6.1284   15.80598 4.5431e-02     0.3996     0.7440 0.0000e+00
        568 179.613179    0.03936     2.3614    141.681     61.585  50629.427    31.6543     6.1332     61.000     6.1283    24.8943     7.9598    11.3754    113.036    346.850    355.485   -0.00075    7.04182   10.06347  306.84897     6.1282   15.80595 4.5287e-02     0.3899     0.7630 0.0000e+00
        572 179.613190    0.03962     2.3773    142.638     62.594  50632.028    31.6557     6.1336     62.000     6.1294    24.8954     7.9502    11.3616    112.902    346.430    355.055   -0.00110    7.04169   10.06328  306.84295     6.1285   15.80565 4.5226e-02     0.3810     0.7514 0.0000e+00
        575 179.613201    0.03989     2.3932    143.595     63.604  50636.200    31.6586     6.1365     63.000     6.1342    24.8974     7.9492    11.3602    112.898    346.389    355.013   -0.00101    7.04109   10.06241  306.81601     6.1313   15.80436 4.5218e-02     0.3868     0.7389 0.0000e+00
        579 179.613212    0.04015     2.4090    144.538     64.614  50635.825    31.6590     6.1420     64.000     6.1387    24.8970     7.9571    11.3715    113.025    346.732    355.366   -0.00051    7.04015   10.06109  306.77559     6.1368   15.80243 4.5179e-02     0.3832     0.7206 0.0000e+00
        583 179.613223    0.04041     2.4246    145.475     65.623  50633.050    31.6571     6.1448     65.000     6.1393    24.8952     7.9635    11.3806    113.121    347.011    355.650   -0.00014    7.03977   10.06053  306.75917     6.1396   15.80165 4.5195e-02     0.3770     0.7043 0.0000e+00
        586 179.613233    0.04065     2.4392    146.351     66.633  50632.782    31.6563     6.1440     66.000     6.1365    24.8946     7.9614    11.3777    113.089    346.922    355.558   -0.00026    7.03995   10.06079  306.76725     6.1386   15.80204 4.5284e-02     0.3740     0.6895 0.0000e+00
        590 179.613243    0.04089     2.4533    147.195     67.643  50627.697    31.6514     6.1390     67.000     6.1241    24.8913     7.9622    11.3787    113.083    346.955    355.590   -0.00031    7.04101   10.06231  306.81450     6.1335   15.80432 4.5360e-02     0.3655     0.7036 0.0000e+00
        593 179.613252    0.04112     2.4672    148.034     68.652  50624.044    31.6448     6.1206     68.000     6.0973    24.8884     7.9636    11.3808    113.050    347.018    355.654   -0.00038    7.04436   10.06709  306.96128     6.1150   15.81134 4.5417e-02     0.3637     0.7177 0.0000e+00
        597 179.613263    0.04136     2.4815    148.893     69.663  50638.023    31.6480     6.0900     69.000     6.0661    24.8947     7.9513    11.3632    112.796    346.479    355.105   -0.00112    7.04925   10.07408  307.17256     6.0844   15.82139 4.5459e-02     0.3507     0.6835 0.0000e+00
        600 179.613273    0.04161     2.4963    149.780     70.673  50650.294    31.6494     6.0558     70.000     6.0244    24.8999     7.9368    11.3424    112.501    345.846    354.456   -0.00193    7.05485   10.08208  307.41490     6.0502   15.83293 4.5528e-02     0.3525     0.6677 0.0000e+00
        604 179.613283    0.04187     2.5118    150.707     71.682  50684.517    31.6631     6.0074     71.000     5.9789    24.9165     7.9232    11.3231    112.191    345.248    353.850   -0.00261    7.06224   10.09265  307.73204     6.0017   15.84799 4.5682e-02     0.3386     0.6720 0.0000e+00
        608 179.613295    0.04212     2.5273    151.641     72.692  50717.192    31.6777     5.9694     72.000     5.9485    24.9326     7.9076    11.3008    111.882    344.565    353.156   -0.00322    7.06786   10.10067  307.97188     5.9637   15.85936 4.5837e-02     0.3134     0.6677 0.0000e+00
        611 179.613305    0.04238     2.5428    152.566     73.702  50737.731    31.6867     5.9452     73.000     5.9318    24.9426     7.8985    11.2877    111.695    344.162    352.746   -0.00335    7.07146   10.10582  308.12591     5.9394   15.86666 4.6023e-02     0.3040     0.6671 0.0000e+00
        615 179.613316    0.04264     2.5583    153.497     74.712  50748.997    31.6916     5.9332     74.000     5.9243    24.9478     7.8967    11.2852    111.643    344.084    352.668   -0.00306    7.07323   10.10835  308.20131     5.9273   15.87024 4.6123e-02     0.3063     0.6816 0.0000e+00
        619 179.613327    0.04290     2.5737    154.424     75.722  50748.066    31.6893     5.9274     75.000     5.9149    24.9468     7.8990    11.2885    111.658    344.185    352.771   -0.00257    7.07430   10.10988  308.24837     5.9214   15.87248 4.6164e-02     0.3246     0.6956 0.0000e+00
        622 179.613337    0.04315     2.5894    155.363     76.731  50725.798    31.6693     5.9067     76.000     5.8723    24.9335     7.8975    11.2864    111.569    344.126    352.706   -0.00245    7.07868   10.11615  308.44352     5.9007   15.88186 4.6262e-02     0.3030     0.6832 0.0000e+00
        626 179.613349    0.04342     2.6051    156.307     77.741  50723.422    31.6544     5.8425     77.000     5.7928    24.9293     7.8777    11.2580    111.109    343.261    351.818   -0.00342    7.09012   10.13249  308.94297     5.8364   15.90572 4.6262e-02     0.2962     0.7189 0.0000e+00
        630 179.613359    0.04368     2.6207    157.241     78.751  50762.090    31.6645     5.7615     78.000     5.7218    24.9467     7.8367    11.1995    110.327    341.472    349.990   -0.00530    7.10320   10.15117  309.50743     5.7554   15.93257 4.6289e-02     0.3004     0.8370 0.0000e+00
        634 179.613370    0.04393     2.6359    158.151     79.761  50808.828    31.6859     5.7102     79.000     5.6917    24.9696     7.8033    11.1518    109.740    340.008    348.498   -0.00639    7.11079   10.16202  309.83133     5.7040   15.94791 4.6283e-02     0.2988     0.9875 0.0000e+00
        637 179.613381    0.04418     2.6508    159.047     80.771  50827.128    31.6944     5.6923     80.000     5.6823    24.9785     7.7828    11.1224    109.411    339.110    347.581   -0.00649    7.11337   10.16572  309.94159     5.6861   15.95312 4.6278e-02     0.3048     1.0708 0.0000e+00
        641 179.613390    0.04442     2.6656    159.937     81.780  50831.250    31.6956     5.6866     81.000     5.6782    24.9801     7.7795    11.1176    109.349    338.963    347.430   -0.00582    7.11430   10.16704  309.98100     5.6802   15.95500 4.6290e-02     0.3014     1.0994 0.0000e+00
        644 179.613401    0.04467     2.6805    160.830     82.790  50832.700    31.6955     5.6834     82.000     5.6754    24.9804     7.7881    11.1301    109.463    339.341    347.818   -0.00467    7.11482   10.16779  310.00380     5.6771   15.95609 4.6284e-02     0.2908     1.1112 0.0000e+00
        648 179.613411    0.04492     2.6955    161.731     83.801  50832.717    31.6944     5.6804     83.000     5.6719    24.9799     7.7949    11.1397    109.550    339.635    348.120   -0.00373    7.11538   10.16860  310.02854     5.6740   15.95727 4.6252e-02     0.2949     1.1366 0.0000e+00
        652 179.613422    0.04518     2.7108    162.649     84.811  50833.591    31.6937     5.6766     84.000     5.6681    24.9798     7.7978    11.1438    109.580    339.762    348.249   -0.00312    7.11605   10.16955  310.05775     5.6701   15.95867 4.6201e-02     0.3046     1.1641 0.0000e+00
        656 179.613434    0.04546     2.7274    163.644     85.820  50834.594    31.6932     5.6728     85.000     5.6635    24.9798     7.8025    11.1505    109.636    339.966    348.459   -0.00248    7.11671   10.17050  310.08676     5.6662   15.96005 4.6192e-02     0.3048     1.1700 0.0000e+00
        660 179.613445    0.04574     2.7444    164.665     86.830  50830.801    31.6886     5.6654     86.000     5.6529    24.9770     7.8007    11.1480    109.588    339.890    348.380   -0.00222    7.11819   10.17260  310.15142     5.6587   15.96315 4.6153e-02     0.3156     1.2290 0.0000e+00
        664 179.613457    0.04602     2.7615    165.688     87.840  50837.050    31.6902     5.6548     87.000     5.6450    24.9796     7.7930    11.1370    109.454    339.555    348.038   -0.00229    7.11990   10.17504  310.22532     5.6480   15.96666 4.6145e-02     0.3221     1.2897 0.0000e+00
        668 179.613469    0.04631     2.7786    166.717     88.849  50840.268    31.6908     5.6494     88.000     5.6409    24.9808     7.7847    11.1251    109.323    339.190    347.664   -0.00233    7.12077   10.17629  310.26302     5.6426   15.96845 4.5975e-02     0.3421     1.3865 0.0000e+00
        672 179.613481    0.04660     2.7960    167.758     89.859  50843.271    31.6920     5.6472     89.000     5.6398    24.9819     7.7766    11.1135    109.205    338.837    347.303   -0.00233    7.12108   10.17674  310.27628     5.6403   15.96908 4.5920e-02     0.3509     1.4475 0.0000e+00
        676 179.613494    0.04691     2.8144    168.864     90.870  50844.706    31.6923     5.6463     90.000     5.6394    24.9823     7.7758    11.1124    109.193    338.805    347.268   -0.00200    7.12121   10.17692  310.28183     5.6394   15.96934 4.5928e-02     0.3587     1.4384 0.0000e+00
        682 179.613509    0.04726     2.8358    170.147     91.879  50847.840    31.6942     5.6475     91.000     5.6417    24.9836     7.7793    11.1173    109.244    338.951    347.419   -0.00148    7.12092   10.17651  310.26890     5.6404   15.96872 4.5892e-02     0.3628     1.4156 0.0000e+00
