CTD-processing/allCTD/CNV/2013_11-06_t6_s05_cast137_5028.cnv
* Sea-Bird SBE19plus Data File:
* FileName = C:\Users\kris.holderied\Documents\kasitsna\Research-Projects-and-Data\Oceanography-AK\CTD-CookInlet-GulfWatchAK\2013-10-11-EVOSTC-CookInlet-Ocean\2013-11-06-CookInlet-Tran6-Douglas\2013-11-06-CookInlet-Tran6-cast137.hex
* Software Version 1.59
* Temperature SN =  5028
* Conductivity SN =  5028
* System UpLoad Time = Feb 14 2014 17:11:40
** Cook Inlet Transect 6 (Douglas) east to west
** Date: 2013-11-06
** Station: 6-05
** Start time: 09:02
** Depth (m): 102
** Comment:  CTD instrument time is AK Daylight time *1 hour off*
** Comment:
# nquan = 27
# nvalues = 91                          
# units = specified
# name 0 = scan: Scan Count
# name 1 = timeJ: Julian Days
# name 2 = timeH: Time, Elapsed [hours]
# name 3 = timeM: Time, Elapsed [minutes]
# name 4 = timeS: Time, Elapsed [seconds]
# name 5 = prdM: Pressure, Strain Gauge [db]
# name 6 = specc: Specific Conductance [uS/cm]
# name 7 = sal00: Salinity, Practical [PSU]
# name 8 = tv290C: Temperature [ITS-90, deg C]
# name 9 = depSM: Depth [salt water, m], lat = 59.00
# name 10 = potemp090C: Potential Temperature [ITS-90, deg C]
# name 11 = sigma-é00: Density [sigma-theta, kg/m^3]
# name 12 = sbeox0ML/L: Oxygen, SBE 43 [ml/l]
# name 13 = sbeox0Mg/L: Oxygen, SBE 43 [mg/l]
# name 14 = sbeox0PS: Oxygen, SBE 43 [% saturation]
# name 15 = sbox0Mm/Kg: Oxygen, SBE 43 [umol/kg]
# name 16 = sbeox0Mm/L: Oxygen, SBE 43 [umol/l]
# name 17 = sbox0dV/dT: Oxygen, SBE 43 [dov/dt]
# name 18 = oxsolML/L: Oxygen Saturation, Garcia & Gordon [ml/l]
# name 19 = oxsolMg/L: Oxygen Saturation, Garcia & Gordon [mg/l]
# name 20 = oxsolMm/Kg: Oxygen Saturation, Garcia & Gordon [umol/kg]
# name 21 = potemp090C: Potential Temperature [ITS-90, deg C]
# name 22 = n2satMg/L: Nitrogen Saturation [mg/l]
# name 23 = par: PAR/Irradiance, Biospherical/Licor
# name 24 = flECO-AFL: Fluorescence, WET Labs ECO-AFL/FL [mg/m^3]
# name 25 = turbWETntu0: Turbidity, WET Labs ECO [NTU]
# name 26 = flag: flag
# span 0 =         64,        603       
# span 1 = 310.418411, 310.419971       
# span 2 =    0.00437,    0.04180       
# span 3 =     0.2621,     2.5078       
# span 4 =     15.726,    150.468       
# span 5 =      1.009,     91.879       
# span 6 =  47111.884,  50186.773       
# span 7 =    29.6861,    31.7028       
# span 8 =     8.2631,     8.6915       
# span 9 =      1.000,     91.000       
# span 10 =     8.2528,     8.6851      
# span 11 =    23.0561,    24.6487      
# span 12 =     5.6368,     6.7662      
# span 13 =     8.0555,     9.6695      
# span 14 =     83.934,    101.269      
# span 15 =    245.865,    295.139      
# span 16 =    251.738,    302.177      
# span 17 =   -0.01587,    0.01436      
# span 18 =    6.67361,    6.78703      
# span 19 =    9.53725,    9.69936      
# span 20 =  291.06147,  296.32773      
# span 21 =     8.2541,     8.6850      
# span 22 =   15.05564,   15.31219      
# span 23 = 4.0678e-02, 1.6385e+01      
# span 24 =     0.1731,     1.5208      
# span 25 =     0.3583,     0.9466      
# span 26 = 0.0000e+00, 0.0000e+00      
# interval = meters: 1                  
# start_time = Nov 06 2013 10:02:15 [Instrument's time stamp, header]
# bad_flag = -9.990e-29
*END*
         64 310.418411    0.00437     0.2621     15.726      1.009  47111.884    29.6861     8.3281      1.000     8.4130    23.0561     5.9348     8.4814     87.471    259.112    265.047    0.00774    6.78703    9.69936  296.32773     8.3280   15.31219 1.6385e+01     1.5208     0.9466 0.0000e+00
        241 310.418922    0.01664     0.9984     59.904      2.019  48717.135    30.7298     8.4406      2.000     8.4768    23.8592     5.6368     8.0555     83.934    245.865    251.738   -0.00342    6.71821    9.60100  293.03703     8.4404   15.15083 1.3929e+01     0.1731     0.3583 0.0000e+00
        314 310.419135    0.02173     1.3041     78.245      3.028  48564.597    30.6604     8.6242      3.000     8.6185    23.7782     6.0906     8.7041     90.979    265.689    272.007    0.00594    6.69405    9.56647  292.01267     8.6239   15.10220 1.0478e+01     0.3116     0.4397 0.0000e+00
        308 310.419117    0.02132     1.2789     76.734      4.037  48567.791    30.6594     8.6049      4.000     8.6054    23.7802     6.0491     8.6447     90.325    263.876    270.152    0.00425    6.69703    9.57073  292.14220     8.6045   15.10839 7.5406e+00     0.3075     0.4331 0.0000e+00
        310 310.419124    0.02149     1.2894     77.361      5.047  48576.403    30.6652     8.6062      5.000     8.6089    23.7846     6.0639     8.6660     90.552    264.523    270.815    0.00440    6.69659    9.57009  292.12158     8.6057   15.10738 5.8004e+00     0.3106     0.4250 0.0000e+00
        313 310.419132    0.02168     1.3006     78.037      6.057  48593.236    30.6772     8.6111      6.000     8.6162    23.7933     6.0970     8.7133     91.064    265.965    272.293    0.00548    6.69532    9.56828  292.06381     8.6106   15.10457 4.9171e+00     0.3214     0.4178 0.0000e+00
        316 310.419141    0.02188     1.3129     78.773      7.066  48605.256    30.6863     8.6193      7.000     8.6241    23.7992     6.1444     8.7809     91.794    268.029    274.408    0.00718    6.69369    9.56595  291.99098     8.6187   15.10106 4.4686e+00     0.3125     0.4165 0.0000e+00
        319 310.419149    0.02208     1.3252     79.513      8.075  48626.302    30.7018     8.6280      8.000     8.6343    23.8101     6.1938     8.8515     92.558    270.180    276.612    0.00876    6.69172    9.56313  291.90194     8.6272   15.09674 4.1521e+00     0.3062     0.4202 0.0000e+00
        322 310.419158    0.02229     1.3373     80.241      9.085  48636.532    30.7100     8.6381      9.000     8.6416    23.8150     6.2478     8.9288     93.393    272.536    279.027    0.01034    6.68985    9.56046  291.81889     8.6372   15.09274 3.7933e+00     0.3111     0.4265 0.0000e+00
        325 310.419167    0.02250     1.3498     80.990     10.094  48637.542    30.7112     8.6440     10.000     8.6449    23.8150     6.3022     9.0065     94.219    274.909    281.456    0.01176    6.68891    9.55912  291.77779     8.6430   15.09077 3.4194e+00     0.3148     0.4309 0.0000e+00
        328 310.419175    0.02271     1.3625     81.749     11.104  48638.495    30.7118     8.6465     11.000     8.6462    23.8152     6.3401     9.0607     94.791    276.562    283.149    0.01208    6.68850    9.55854  291.76022     8.6455   15.08993 3.0525e+00     0.3057     0.4323 0.0000e+00
        331 310.419183    0.02291     1.3741     82.448     12.114  48638.897    30.7117     8.6475     12.000     8.6465    23.8150     6.3698     9.1031     95.237    277.859    284.476    0.01192    6.68835    9.55834  291.75405     8.6463   15.08964 2.7252e+00     0.2921     0.4323 0.0000e+00
        333 310.419191    0.02308     1.3847     83.081     13.123  48639.350    30.7116     8.6478     13.000     8.6466    23.8149     6.4086     9.1585     95.818    279.550    286.208    0.01236    6.68831    9.55827  291.75191     8.6465   15.08954 2.4411e+00     0.2871     0.4323 0.0000e+00
        336 310.419198    0.02325     1.3950     83.700     14.133  48639.980    30.7117     8.6480     14.000     8.6466    23.8149     6.4588     9.2302     96.569    281.740    288.450    0.01341    6.68829    9.55823  291.75096     8.6466   15.08949 2.1931e+00     0.2867     0.4317 0.0000e+00
        339 310.419206    0.02344     1.4066     84.398     15.142  48641.028    30.7120     8.6481     15.000     8.6466    23.8152     6.5107     9.3044     97.345    284.005    290.768    0.01436    6.68826    9.55819  291.74972     8.6466   15.08943 1.9720e+00     0.2906     0.4293 0.0000e+00
        342 310.419215    0.02367     1.4201     85.206     16.152  48643.706    30.7134     8.6482     16.000     8.6465    23.8163     6.5461     9.3550     97.875    285.547    292.348    0.01406    6.68818    9.55808  291.74582     8.6466   15.08923 1.7711e+00     0.3012     0.4233 0.0000e+00
        345 310.419225    0.02389     1.4333     85.997     17.161  48650.170    30.7176     8.6480     17.000     8.6458    23.8195     6.5614     9.3769     98.106    286.213    293.030    0.01272    6.68803    9.55787  291.73836     8.6463   15.08886 1.5870e+00     0.2893     0.4280 0.0000e+00
        348 310.419232    0.02408     1.4445     86.668     18.171  48656.642    30.7215     8.6475     18.000     8.6455    23.8228     6.5757     9.3973     98.322    286.837    293.669    0.01173    6.68794    9.55774  291.73362     8.6457   15.08862 1.4181e+00     0.2769     0.4306 0.0000e+00
        350 310.419239    0.02425     1.4547     87.282     19.180  48659.746    30.7232     8.6475     19.000     8.6459    23.8241     6.5985     9.4299     98.665    287.834    294.691    0.01144    6.68786    9.55761  291.72932     8.6456   15.08841 1.2679e+00     0.2799     0.4251 0.0000e+00
        353 310.419248    0.02443     1.4661     87.964     20.190  48659.803    30.7229     8.6479     20.000     8.6455    23.8238     6.6283     9.4725     99.110    289.130    296.018    0.01147    6.68782    9.55756  291.72792     8.6459   15.08834 1.1351e+00     0.2966     0.4247 0.0000e+00
        356 310.419256    0.02466     1.4799     88.791     21.199  48655.864    30.7196     8.6470     21.000     8.6433    23.8214     6.6510     9.5050     99.446    290.124    297.035    0.01089    6.68809    9.55795  291.74038     8.6449   15.08895 1.0156e+00     0.3047     0.4243 0.0000e+00
        360 310.419267    0.02490     1.4943     89.656     22.209  48654.434    30.7178     8.6445     22.000     8.6414    23.8203     6.6576     9.5144     99.538    290.412    297.330    0.00940    6.68854    9.55860  291.76038     8.6423   15.08992 9.0846e-01     0.3001     0.4234 0.0000e+00
        363 310.419276    0.02511     1.5063     90.377     23.219  48654.295    30.7171     8.6435     23.000     8.6406    23.8199     6.6631     9.5222     99.617    290.650    297.573    0.00832    6.68873    9.55886  291.76850     8.6412   15.09031 8.1311e-01     0.3022     0.4253 0.0000e+00
        365 310.419282    0.02528     1.5167     91.003     24.228  48654.938    30.7171     8.6429     24.000     8.6400    23.8200     6.6701     9.5322     99.720    290.956    297.886    0.00763    6.68882    9.55899  291.77271     8.6405   15.09050 7.3002e-01     0.2981     0.4248 0.0000e+00
        367 310.419289    0.02545     1.5270     91.619     25.237  48657.728    30.7185     8.6424     25.000     8.6401    23.8212     6.6820     9.5492     99.898    291.475    298.418    0.00723    6.68883    9.55901  291.77313     8.6399   15.09052 6.5597e-01     0.2946     0.4214 0.0000e+00
        370 310.419297    0.02563     1.5381     92.287     26.247  48663.101    30.7220     8.6430     26.000     8.6414    23.8238     6.7017     9.5775    100.197    292.336    299.301    0.00729    6.68859    9.55867  291.76188     8.6404   15.08997 5.9043e-01     0.2936     0.4150 0.0000e+00
        373 310.419306    0.02585     1.5511     93.063     27.257  48663.355    30.7219     8.6446     27.000     8.6418    23.8236     6.7172     9.5996    100.432    293.012    299.991    0.00708    6.68836    9.55833  291.75146     8.6419   15.08948 5.3040e-01     0.2976     0.4176 0.0000e+00
        377 310.419316    0.02609     1.5653     93.917     28.266  48665.649    30.7231     8.6446     28.000     8.6427    23.8245     6.7164     9.5984    100.419    292.973    299.953    0.00589    6.68831    9.55826  291.74883     8.6418   15.08935 4.7621e-01     0.3003     0.4237 0.0000e+00
        380 310.419325    0.02631     1.5784     94.703     29.276  48672.633    30.7278     8.6465     29.000     8.6451    23.8279     6.7171     9.5993    100.437    293.002    299.984    0.00499    6.68781    9.55755  291.72631     8.6437   15.08825 4.2919e-01     0.2971     0.4286 0.0000e+00
        383 310.419333    0.02651     1.5902     95.413     30.285  48675.091    30.7294     8.6485     30.000     8.6464    23.8289     6.7250     9.6107    100.561    293.347    300.338    0.00468    6.68744    9.55703  291.71015     8.6455   15.08747 3.8675e-01     0.2942     0.4282 0.0000e+00
        385 310.419341    0.02670     1.6016     96.096     31.296  48677.329    30.7306     8.6498     31.000     8.6474    23.8298     6.7338     9.6233    100.697    293.733    300.733    0.00451    6.68720    9.55668  291.69933     8.6467   15.08695 3.4803e-01     0.2987     0.4178 0.0000e+00
        388 310.419349    0.02689     1.6131     96.785     32.304  48680.701    30.7327     8.6508     32.000     8.6487    23.8312     6.7415     9.6343    100.815    294.067    301.075    0.00428    6.68695    9.55632  291.68793     8.6477   15.08640 3.1379e-01     0.3056     0.4206 0.0000e+00
        391 310.419358    0.02708     1.6250     97.502     33.314  48684.628    30.7353     8.6525     33.000     8.6502    23.8330     6.7479     9.6434    100.916    294.344    301.359    0.00401    6.68659    9.55580  291.67164     8.6492   15.08560 2.8345e-01     0.3024     0.4334 0.0000e+00
        394 310.419366    0.02729     1.6375     98.249     34.324  48684.114    30.7347     8.6539     34.000     8.6506    23.8323     6.7527     9.6502    100.991    294.553    301.573    0.00367    6.68640    9.55554  291.66379     8.6505   15.08523 2.5660e-01     0.2756     0.4361 0.0000e+00
        397 310.419375    0.02750     1.6502     99.013     35.333  48684.095    30.7343     8.6540     35.000     8.6505    23.8320     6.7537     9.6517    101.006    294.599    301.620    0.00317    6.68640    9.55553  291.66377     8.6505   15.08523 2.3338e-01     0.2702     0.4343 0.0000e+00
        400 310.419384    0.02772     1.6629     99.776     36.343  48686.089    30.7352     8.6542     36.000     8.6509    23.8328     6.7497     9.6459    100.947    294.422    301.440    0.00248    6.68633    9.55544  291.66055     8.6506   15.08508 2.1209e-01     0.2768     0.4322 0.0000e+00
        403 310.419392    0.02793     1.6755    100.529     37.352  48688.317    30.7364     8.6549     37.000     8.6517    23.8336     6.7478     9.6433    100.921    294.341    301.356    0.00196    6.68618    9.55523  291.65375     8.6511   15.08475 1.9272e-01     0.2817     0.4299 0.0000e+00
        406 310.419401    0.02813     1.6878    101.270     38.362  48692.041    30.7388     8.6559     38.000     8.6528    23.8353     6.7500     9.6464    100.958    294.435    301.453    0.00177    6.68593    9.55487  291.64231     8.6520   15.08419 1.7561e-01     0.2781     0.4253 0.0000e+00
        409 310.419410    0.02833     1.6999    101.995     39.372  48694.896    30.7405     8.6570     39.000     8.6535    23.8365     6.7487     9.6446    100.942    294.380    301.397    0.00146    6.68569    9.55452  291.63151     8.6531   15.08367 1.6064e-01     0.2747     0.4255 0.0000e+00
        412 310.419418    0.02852     1.7116    102.696     40.381  48694.850    30.7401     8.6575     40.000     8.6534    23.8361     6.7481     9.6438    100.936    294.358    301.374    0.00117    6.68562    9.55442  291.62868     8.6535   15.08354 1.4736e-01     0.2767     0.4279 0.0000e+00
        415 310.419426    0.02872     1.7233    103.397     41.391  48695.104    30.7398     8.6575     41.000     8.6531    23.8360     6.7513     9.6483    100.982    294.494    301.514    0.00111    6.68565    9.55447  291.62998     8.6533   15.08360 1.3539e-01     0.2822     0.4245 0.0000e+00
        418 310.419435    0.02893     1.7355    104.129     42.401  48695.968    30.7400     8.6572     42.000     8.6527    23.8361     6.7558     9.6547    101.049    294.691    301.715    0.00115    6.68569    9.55452  291.63161     8.6530   15.08367 1.2456e-01     0.2832     0.4154 0.0000e+00
        421 310.419443    0.02915     1.7486    104.917     43.411  48697.262    30.7404     8.6570     43.000     8.6527    23.8365     6.7584     9.6585    101.088    294.804    301.831    0.00108    6.68570    9.55453  291.63180     8.6527   15.08368 1.1487e-01     0.2797     0.4102 0.0000e+00
        424 310.419453    0.02938     1.7630    105.780     44.420  48698.777    30.7411     8.6572     44.000     8.6531    23.8370     6.7580     9.6578    101.082    294.785    301.811    0.00085    6.68563    9.55443  291.62852     8.6528   15.08352 1.0621e-01     0.2717     0.4131 0.0000e+00
        428 310.419464    0.02963     1.7782    106.695     45.430  48699.892    30.7415     8.6578     45.000     8.6536    23.8373     6.7584     9.6585    101.091    294.803    301.831    0.00067    6.68551    9.55427  291.62363     8.6534   15.08329 9.8742e-02     0.2624     0.4189 0.0000e+00
        431 310.419473    0.02986     1.7916    107.499     46.440  48700.217    30.7413     8.6582     46.000     8.6535    23.8371     6.7582     9.6581    101.088    294.795    301.822    0.00055    6.68547    9.55421  291.62174     8.6536   15.08320 9.2058e-02     0.2594     0.4361 0.0000e+00
        434 310.419481    0.03005     1.8031    108.185     47.449  48700.978    30.7414     8.6581     47.000     8.6532    23.8372     6.7551     9.6537    101.042    294.659    301.684    0.00027    6.68547    9.55421  291.62183     8.6535   15.08321 8.6162e-02     0.2665     0.4292 0.0000e+00
        436 310.419489    0.03024     1.8141    108.845     48.459  48701.313    30.7412     8.6579     48.000     8.6527    23.8371     6.7547     9.6531    101.034    294.641    301.664    0.00013    6.68552    9.55428  291.62384     8.6531   15.08331 8.0976e-02     0.2750     0.4193 0.0000e+00
        439 310.419497    0.03044     1.8261    109.565     49.468  48704.638    30.7430     8.6576     49.000     8.6539    23.8386     6.7600     9.6607    101.114    294.872    301.901    0.00033    6.68549    9.55423  291.62203     8.6527   15.08321 7.6416e-02     0.2793     0.4163 0.0000e+00
        443 310.419507    0.03067     1.8406    110.437     50.478  48718.583    30.7530     8.6618     50.000     8.6623    23.8457     6.7635     9.6656    101.183    295.022    302.057    0.00049    6.68443    9.55271  291.57369     8.6568   15.08086 7.2498e-02     0.2718     0.4187 0.0000e+00
        446 310.419518    0.03093     1.8558    111.350     51.487  48724.717    30.7583     8.6718     51.000     8.6704    23.8484     6.7632     9.6653    101.205    295.010    302.045    0.00043    6.68270    9.55025  291.49765     8.6667   15.07721 6.8926e-02     0.2779     0.4196 0.0000e+00
        450 310.419527    0.03115     1.8693    112.155     52.497  48724.038    30.7580     8.6768     52.000     8.6731    23.8475     6.7662     9.6695    101.260    295.139    302.177    0.00051    6.68195    9.54918  291.46547     8.6716   15.07567 6.5666e-02     0.2829     0.4173 0.0000e+00
        453 310.419536    0.03136     1.8816    112.896     53.507  48732.890    30.7642     8.6794     53.000     8.6769    23.8520     6.7661     9.6694    101.269    295.135    302.174    0.00045    6.68130    9.54826  291.43586     8.6741   15.07423 6.2852e-02     0.2823     0.4157 0.0000e+00
