CTD-processing/allCTD/CNV/2013_06-28_t9andtutka_s06_cast198_5028.cnv
* Sea-Bird SBE19plus Data File:
* FileName = C:\Documents and Settings\kbayadmin\My Documents\CTD data\2013-06-28 Kachemak Bay Homer Spit Line and Tutka Bay\2013-06-28 Kachemak Bay Homer Spit Line and Tutka Bay cast198.hex
* Software Version 1.59
* Temperature SN =  5028
* Conductivity SN =  5028
* System UpLoad Time = Jun 29 2013 13:19:20
** Kachemak Bay Homer Spit Line and Tutka Bay
** 2013-06-28
** Station: 9.06
** N': 59 34.945
** W': -151 23.134
** Start Time: 1418
** Depth(ft): 324
# nquan = 27
# nvalues = 90                          
# units = specified
# name 0 = scan: Scan Count
# name 1 = timeJ: Julian Days
# name 2 = timeH: Time, Elapsed [hours]
# name 3 = timeM: Time, Elapsed [minutes]
# name 4 = timeS: Time, Elapsed [seconds]
# name 5 = prdM: Pressure, Strain Gauge [db]
# name 6 = specc: Specific Conductance [uS/cm]
# name 7 = sal00: Salinity, Practical [PSU]
# name 8 = tv290C: Temperature [ITS-90, deg C]
# name 9 = depSM: Depth [salt water, m], lat = 59.00
# name 10 = potemp090C: Potential Temperature [ITS-90, deg C]
# name 11 = sigma-é00: Density [sigma-theta, kg/m^3]
# name 12 = sbeox0ML/L: Oxygen, SBE 43 [ml/l]
# name 13 = sbeox0Mg/L: Oxygen, SBE 43 [mg/l]
# name 14 = sbeox0PS: Oxygen, SBE 43 [% saturation]
# name 15 = sbox0Mm/Kg: Oxygen, SBE 43 [umol/kg]
# name 16 = sbeox0Mm/L: Oxygen, SBE 43 [umol/l]
# name 17 = sbox0dV/dT: Oxygen, SBE 43 [dov/dt]
# name 18 = oxsolML/L: Oxygen Saturation, Garcia & Gordon [ml/l]
# name 19 = oxsolMg/L: Oxygen Saturation, Garcia & Gordon [mg/l]
# name 20 = oxsolMm/Kg: Oxygen Saturation, Garcia & Gordon [umol/kg]
# name 21 = potemp090C: Potential Temperature [ITS-90, deg C]
# name 22 = n2satMg/L: Nitrogen Saturation [mg/l]
# name 23 = par: PAR/Irradiance, Biospherical/Licor
# name 24 = flECO-AFL: Fluorescence, WET Labs ECO-AFL/FL [mg/m^3]
# name 25 = turbWETntu0: Turbidity, WET Labs ECO [NTU]
# name 26 = flag: flag
# span 0 =        219,        623       
# span 1 = 179.596707, 179.597877       
# span 2 =    0.01513,    0.04321       
# span 3 =     0.9077,     2.5929       
# span 4 =     54.462,    155.572       
# span 5 =      1.010,     90.869       
# span 6 =  44098.602,  50861.096       
# span 7 =    27.7630,    31.7067       
# span 8 =     5.6613,    10.1140       
# span 9 =      1.000,     90.000       
# span 10 =     5.6547,    10.1229      
# span 11 =    21.2897,    24.9919      
# span 12 =     7.1532,     8.3172      
# span 13 =    10.2227,    11.8861      
# span 14 =    108.474,    123.919      
# span 15 =    312.797,    363.108      
# span 16 =    319.462,    371.444      
# span 17 =   -0.02047,    0.01637      
# span 18 =    6.58467,    7.11801      
# span 19 =    9.41016,   10.17235      
# span 20 =  287.83520,  310.13939      
# span 21 =     5.6543,    10.1139      
# span 22 =   14.91254,   15.96250      
# span 23 = 4.4727e-02, 1.7873e+02      
# span 24 =     0.2790,     2.3361      
# span 25 =     0.6659,     1.7835      
# span 26 = 0.0000e+00, 0.0000e+00      
# interval = meters: 1                  
# start_time = Jun 28 2013 14:18:21 [Instrument's time stamp, header]
# bad_flag = -9.990e-29
*END*
[from data line 54]
        491 179.597495    0.03406     2.0437    122.624     55.527  50609.596    31.6435     6.1339     55.000     6.1303    24.8857     7.9839    11.4097    113.371    347.901    356.559   -0.00045    7.04221   10.06402  306.86847     6.1295   15.80692 4.6011e-02     0.3986     0.7014 0.0000e+00
        495 179.597507    0.03432     2.0591    123.547     56.536  50608.839    31.6428     6.1351     56.000     6.1303    24.8849     7.9822    11.4074    113.351    347.831    356.487   -0.00051    7.04204   10.06379  306.86137     6.1306   15.80658 4.5770e-02     0.4044     0.7306 0.0000e+00
        499 179.597517    0.03458     2.0748    124.486     57.546  50608.613    31.6419     6.1341     57.000     6.1271    24.8844     7.9830    11.4085    113.359    347.864    356.521   -0.00043    7.04226   10.06409  306.87105     6.1294   15.80705 4.5566e-02     0.4205     0.7465 0.0000e+00
        503 179.597528    0.03484     2.0905    125.429     58.556  50605.150    31.6379     6.1280     58.000     6.1164    24.8820     7.9819    11.4070    113.324    347.818    356.473   -0.00052    7.04344   10.06579  306.92338     6.1233   15.80956 4.5404e-02     0.4104     0.7325 0.0000e+00
        506 179.597539    0.03510     2.1061    126.364     59.565  50608.610    31.6371     6.1138     59.000     6.1016    24.8831     7.9822    11.4074    113.290    347.830    356.485   -0.00059    7.04582   10.06919  307.02674     6.1091   15.81449 4.5301e-02     0.3979     0.7171 0.0000e+00
        510 179.597549    0.03536     2.1213    127.277     60.575  50617.268    31.6401     6.1010     60.000     6.0903    24.8870     7.9811    11.4059    113.242    347.781    356.436   -0.00069    7.04780   10.07201  307.11148     6.0962   15.81851 4.5079e-02     0.4020     0.7280 0.0000e+00
        514 179.597560    0.03560     2.1360    128.162     61.585  50627.757    31.6450     6.0914     61.000     6.0835    24.8920     7.9753    11.3975    113.138    347.525    356.176   -0.00094    7.04917   10.07397  307.16979     6.0865   15.82127 4.4921e-02     0.3992     0.7444 0.0000e+00
        517 179.597570    0.03584     2.1507    129.043     62.594  50642.524    31.6541     6.0881     62.000     6.0854    24.8996     7.9640    11.3813    112.975    347.030    355.671   -0.00135    7.04929   10.07414  307.17263     6.0831   15.82137 4.4882e-02     0.3812     0.7285 0.0000e+00
        521 179.597580    0.03609     2.1654    129.925     63.605  50649.969    31.6598     6.0933     63.000     6.0918    24.9035     7.9591    11.3743    112.924    346.815    355.452   -0.00138    7.04815   10.07251  307.12211     6.0882   15.81894 4.4819e-02     0.3690     0.7327 0.0000e+00
        524 179.597591    0.03633     2.1799    130.795     64.614  50649.939    31.6604     6.0991     64.000     6.0955    24.9033     7.9606    11.3765    112.961    346.881    355.519   -0.00110    7.04718   10.07111  307.07948     6.0939   15.81690 4.4776e-02     0.3880     0.7673 0.0000e+00
        528 179.597600    0.03658     2.1946    131.674     65.624  50650.673    31.6609     6.1014     65.000     6.0964    24.9034     7.9627    11.3795    112.997    346.972    355.614   -0.00087    7.04677   10.07054  307.06200     6.0961   15.81607 4.4736e-02     0.3771     0.7524 0.0000e+00
        531 179.597611    0.03682     2.2094    132.562     66.634  50653.533    31.6625     6.1019     66.000     6.0974    24.9046     7.9672    11.3859    113.064    347.169    355.815   -0.00059    7.04660   10.07030  307.05420     6.0966   15.81569 4.4727e-02     0.3793     0.7344 0.0000e+00
        535 179.597621    0.03706     2.2238    133.426     67.644  50658.348    31.6657     6.1039     67.000     6.0998    24.9069     7.9722    11.3931    113.144    347.389    356.041   -0.00030    7.04612   10.06962  307.03270     6.0985   15.81466 4.4730e-02     0.3693     0.7137 0.0000e+00
        538 179.597630    0.03730     2.2381    134.289     68.653  50659.549    31.6665     6.1059     68.000     6.1002    24.9073     7.9768    11.3997    113.215    347.588    356.245   -0.00008    7.04577   10.06911  307.01713     6.1003   15.81391 4.4734e-02     0.3427     0.6900 0.0000e+00
        542 179.597641    0.03755     2.2529    135.175     69.664  50661.017    31.6669     6.1051     69.000     6.0976    24.9077     7.9811    11.4058    113.274    347.773    356.436    0.00007    7.04588   10.06926  307.02174     6.0995   15.81413 4.4825e-02     0.3436     0.6752 0.0000e+00
        545 179.597651    0.03780     2.2679    136.076     70.673  50662.126    31.6661     6.1000     70.000     6.0883    24.9078     7.9775    11.4007    113.209    347.619    356.278   -0.00015    7.04676   10.07052  307.05994     6.0943   15.81595 4.4866e-02     0.3599     0.6832 0.0000e+00
        549 179.597662    0.03806     2.2834    137.004     71.683  50667.831    31.6672     6.0876     71.000     6.0746    24.9101     7.9692    11.3888    113.058    347.254    355.904   -0.00064    7.04875   10.07337  307.14616     6.0819   15.82006 4.4920e-02     0.3612     0.6922 0.0000e+00
        553 179.597674    0.03832     2.2993    137.959     72.692  50677.986    31.6714     6.0753     72.000     6.0654    24.9149     7.9605    11.3764    112.905    346.874    355.516   -0.00105    7.05059   10.07599  307.22477     6.0695   15.82378 4.5057e-02     0.3605     0.6761 0.0000e+00
        557 179.597684    0.03858     2.3150    138.899     73.702  50682.133    31.6724     6.0684     73.000     6.0596    24.9166     7.9555    11.3693    112.818    346.658    355.296   -0.00122    7.05169   10.07757  307.27239     6.0625   15.82604 4.5225e-02     0.3622     0.6914 0.0000e+00
        560 179.597695    0.03884     2.3306    139.836     74.712  50685.579    31.6734     6.0636     74.000     6.0558    24.9179     7.9571    11.3716    112.828    346.727    355.367   -0.00105    7.05244   10.07864  307.30451     6.0576   15.82758 4.5384e-02     0.3484     0.6730 0.0000e+00
        564 179.597706    0.03911     2.3467    140.802     75.721  50686.219    31.6727     6.0601     75.000     6.0507    24.9178     7.9528    11.3654    112.757    346.539    355.174   -0.00111    7.05306   10.07953  307.33150     6.0540   15.82887 4.5580e-02     0.3429     0.6981 0.0000e+00
        568 179.597717    0.03938     2.3628    141.770     76.731  50681.021    31.6670     6.0520     76.000     6.0352    24.9143     7.9425    11.3507    112.585    346.089    354.712   -0.00150    7.05466   10.08182  307.40247     6.0458   15.83227 4.5769e-02     0.3443     0.7070 0.0000e+00
        572 179.597728    0.03964     2.3785    142.712     77.741  50682.031    31.6626     6.0285     77.000     6.0076    24.9136     7.9410    11.3484    112.498    346.022    354.643   -0.00161    7.05877   10.08768  307.58152     6.0222   15.84082 4.5843e-02     0.3388     0.6876 0.0000e+00
        576 179.597739    0.03990     2.3938    143.631     78.751  50704.426    31.6733     6.0065     78.000     5.9948    24.9248     7.9371    11.3429    112.393    345.849    354.470   -0.00170    7.06190   10.09216  307.71487     6.0002   15.84713 4.5917e-02     0.3336     0.6738 0.0000e+00
        579 179.597749    0.04015     2.4087    144.523     79.761  50711.636    31.6762     5.9980     79.000     5.9868    24.9280     7.9335    11.3377    112.322    345.690    354.308   -0.00175    7.06317   10.09397  307.76892     5.9917   15.84969 4.5979e-02     0.3277     0.6858 0.0000e+00
        583 179.597759    0.04039     2.4233    145.396     80.770  50705.273    31.6690     5.9862     80.000     5.9649    24.9237     7.9362    11.3415    112.323    345.809    354.428   -0.00151    7.06547   10.09726  307.87063     5.9798   15.85457 4.5956e-02     0.3130     0.7090 0.0000e+00
        586 179.597769    0.04064     2.4380    146.282     81.780  50710.931    31.6665     5.9565     81.000     5.9313    24.9254     7.9334    11.3376    112.203    345.688    354.304   -0.00168    7.07054   10.10451  308.09097     5.9499   15.86508 4.5956e-02     0.3010     0.7254 0.0000e+00
        590 179.597780    0.04089     2.4533    147.201     82.790  50738.317    31.6791     5.9269     82.000     5.9120    24.9389     7.9219    11.3211    111.972    345.182    353.790   -0.00218    7.07486   10.11068  308.27518     5.9204   15.87380 4.6026e-02     0.3057     0.8016 0.0000e+00
        594 179.597791    0.04115     2.4691    148.145     83.800  50747.773    31.6825     5.9133     83.000     5.8989    24.9431     7.9202    11.3188    111.916    345.109    353.716   -0.00210    7.07697   10.11369  308.36574     5.9067   15.87811 4.6006e-02     0.2993     0.7530 0.0000e+00
        598 179.597803    0.04143     2.4855    149.130     84.810  50733.931    31.6681     5.8914     84.000     5.8561    24.9344     7.9181    11.3157    111.817    345.019    353.622   -0.00203    7.08129   10.11987  308.55681     5.8847   15.88727 4.5946e-02     0.3013     0.7337 0.0000e+00
        602 179.597814    0.04171     2.5027    150.160     85.820  50728.989    31.6489     5.8150     85.000     5.7540    24.9282     7.8910    11.2771    111.221    343.843    352.415   -0.00344    7.09496   10.13941  309.15435     5.8083   15.91581 4.5885e-02     0.2790     0.7800 0.0000e+00
        606 179.597827    0.04200     2.5202    151.214     86.829  50807.450    31.6816     5.7105     86.000     5.6786    24.9663     7.8391    11.2030    110.241    341.570    350.098   -0.00584    7.11093   10.16224  309.83887     5.7038   15.94829 4.5844e-02     0.2804     1.0018 0.0000e+00
        610 179.597839    0.04230     2.5380    152.282     87.839  50848.992    31.7025     5.6748     87.000     5.6622    24.9870     7.7987    11.1451    109.594    339.798    348.289   -0.00683    7.11594   10.16939  310.05049     5.6680   15.95828 4.5805e-02     0.2941     1.2817 0.0000e+00
        614 179.597851    0.04260     2.5557    153.341     88.849  50857.037    31.7058     5.6658     88.000     5.6572    24.9906     7.7880    11.1297    109.422    339.330    347.810   -0.00627    7.11731   10.17134  310.10897     5.6590   15.96106 4.5809e-02     0.3107     1.4014 0.0000e+00
        618 179.597863    0.04288     2.5725    154.350     89.859  50858.846    31.7059     5.6629     89.000     5.6550    24.9911     7.7976    11.1435    109.551    339.749    348.240   -0.00488    7.11779   10.17203  310.12993     5.6559   15.96205 4.5751e-02     0.3132     1.4177 0.0000e+00
        623 179.597877    0.04321     2.5929    155.572     90.869  50861.096    31.7067     5.6613     90.000     5.6547    24.9919     7.8066    11.1564    109.675    340.143    348.644   -0.00358    7.11801   10.17235  310.13939     5.6543   15.96250 4.5788e-02     0.3312     1.4372 0.0000e+00
