CTD-processing/allCTD/CNV/2013_11-06_t6_s04_cast136_5028.cnv
* Sea-Bird SBE19plus Data File:
* FileName = C:\Users\kris.holderied\Documents\kasitsna\Research-Projects-and-Data\Oceanography-AK\CTD-CookInlet-GulfWatchAK\2013-10-11-EVOSTC-CookInlet-Ocean\2013-11-06-CookInlet-Tran6-Douglas\2013-11-06-CookInlet-Tran6-cast136.hex
* Software Version 1.59
* Temperature SN =  5028
* Conductivity SN =  5028
* System UpLoad Time = Feb 14 2014 17:10:51
** Cook Inlet Transect 6 (Douglas) east to west
** Date: 2013-11-06
** Station: 6-04
** Start time: 08:44
** Depth (m): 102
** Comment:  CTD instrument time is AK Daylight time *1 hour off*
** Comment:
# nquan = 27
# nvalues = 101                         
# units = specified
# name 0 = scan: Scan Count
# name 1 = timeJ: Julian Days
# name 2 = timeH: Time, Elapsed [hours]
# name 3 = timeM: Time, Elapsed [minutes]
# name 4 = timeS: Time, Elapsed [seconds]
# name 5 = prdM: Pressure, Strain Gauge [db]
# name 6 = specc: Specific Conductance [uS/cm]
# name 7 = sal00: Salinity, Practical [PSU]
# name 8 = tv290C: Temperature [ITS-90, deg C]
# name 9 = depSM: Depth [salt water, m], lat = 59.00
# name 10 = potemp090C: Potential Temperature [ITS-90, deg C]
# name 11 = sigma-é00: Density [sigma-theta, kg/m^3]
# name 12 = sbeox0ML/L: Oxygen, SBE 43 [ml/l]
# name 13 = sbeox0Mg/L: Oxygen, SBE 43 [mg/l]
# name 14 = sbeox0PS: Oxygen, SBE 43 [% saturation]
# name 15 = sbox0Mm/Kg: Oxygen, SBE 43 [umol/kg]
# name 16 = sbeox0Mm/L: Oxygen, SBE 43 [umol/l]
# name 17 = sbox0dV/dT: Oxygen, SBE 43 [dov/dt]
# name 18 = oxsolML/L: Oxygen Saturation, Garcia & Gordon [ml/l]
# name 19 = oxsolMg/L: Oxygen Saturation, Garcia & Gordon [mg/l]
# name 20 = oxsolMm/Kg: Oxygen Saturation, Garcia & Gordon [umol/kg]
# name 21 = potemp090C: Potential Temperature [ITS-90, deg C]
# name 22 = n2satMg/L: Nitrogen Saturation [mg/l]
# name 23 = par: PAR/Irradiance, Biospherical/Licor
# name 24 = flECO-AFL: Fluorescence, WET Labs ECO-AFL/FL [mg/m^3]
# name 25 = turbWETntu0: Turbidity, WET Labs ECO [NTU]
# name 26 = flag: flag
# span 0 =         30,        616       
# span 1 = 310.404379, 310.406073       
# span 2 =    0.00204,    0.04268       
# span 3 =     0.1224,     2.5607       
# span 4 =      7.343,    153.639       
# span 5 =      1.009,    101.978       
# span 6 =  45335.078,  49925.576       
# span 7 =    28.5275,    31.5369       
# span 8 =     8.3234,     8.6423       
# span 9 =      1.000,    101.000       
# span 10 =     8.3928,     8.6372      
# span 11 =    22.1509,    24.4985      
# span 12 =     5.6576,     6.6997      
# span 13 =     8.0853,     9.5746      
# span 14 =     82.701,    100.299      
# span 15 =    247.265,    292.200      
# span 16 =    252.669,    299.210      
# span 17 =   -0.01333,    0.01344      
# span 18 =    6.67593,    6.84274      
# span 19 =    9.54056,    9.77896      
# span 20 =  291.11785,  299.06862      
# span 21 =     8.3233,     8.6373      
# span 22 =   15.05712,   15.44791      
# span 23 = 4.3438e-02, 4.1779e+00      
# span 24 =     0.1840,     0.3214      
# span 25 =     0.3499,     3.8104      
# span 26 = 0.0000e+00, 0.0000e+00      
# interval = meters: 1                  
# start_time = Nov 06 2013 09:42:11 [Instrument's time stamp, header]
# bad_flag = -9.990e-29
*END*
         30 310.404379    0.00204     0.1224      7.343      1.009  45335.078    28.5275     8.3234      1.000     8.4027    22.1509     5.6576     8.0853     82.701    247.265    252.669    0.00353    6.84274    9.77896  299.06862     8.3233   15.44791 4.1779e+00     0.3214     3.8104 0.0000e+00
        149 310.404723    0.01029     0.6172     37.035      2.019  48928.325    30.8867     8.5046      2.000     8.4688    23.9729     5.8839     8.4087     87.793    256.622    262.777    0.00781    6.70161    9.57728  292.28024     8.5044   15.11405 3.1718e+00     0.2731     0.3499 0.0000e+00
        317 310.405208    0.02192     1.3153     78.920      3.029  48947.744    30.9236     8.5918      3.000     8.5953    23.9889     5.9360     8.4832     88.762    258.891    265.102    0.00438    6.68752    9.55714  291.66778     8.5915   15.08465 2.5300e+00     0.2859     0.5153 0.0000e+00
        309 310.405186    0.02142     1.2851     77.105      4.038  48925.947    30.9075     8.5884      4.000     8.5882    23.9769     5.9296     8.4741     88.652    258.617    264.819    0.00351    6.68875    9.55889  291.72478     8.5880   15.08744 2.1880e+00     0.2791     0.5223 0.0000e+00
        312 310.405195    0.02163     1.2974     77.848      5.047  48924.301    30.9060     8.5885      5.000     8.5864    23.9756     5.9296     8.4740     88.651    258.619    264.819    0.00288    6.68879    9.55895  291.72705     8.5880   15.08755 1.8390e+00     0.2740     0.5532 0.0000e+00
        315 310.405203    0.02182     1.3090     78.542      6.057  48926.281    30.9066     8.5865      6.000     8.5854    23.9765     5.9505     8.5039     88.959    259.529    265.751    0.00339    6.68907    9.55935  291.73894     8.5859   15.08812 1.5886e+00     0.2805     0.5683 0.0000e+00
        318 310.405211    0.02202     1.3215     79.289      7.066  48929.730    30.9086     8.5864      7.000     8.5874    23.9780     6.0043     8.5807     89.764    261.875    268.154    0.00550    6.68900    9.55925  291.73560     8.5857   15.08795 1.4088e+00     0.2900     0.5593 0.0000e+00
        321 310.405221    0.02225     1.3348     80.091      8.076  48930.272    30.9090     8.5894      8.000     8.5902    23.9779     6.0743     8.6808     90.817    264.926    271.278    0.00830    6.68853    9.55858  291.71505     8.5886   15.08697 1.2622e+00     0.2867     0.5335 0.0000e+00
        325 310.405230    0.02247     1.3483     80.897      9.085  48929.151    30.9080     8.5915      9.000     8.5914    23.9769     6.1296     8.7598     91.648    267.339    273.749    0.00989    6.68826    9.55819  291.70358     8.5906   15.08642 1.1294e+00     0.2827     0.5304 0.0000e+00
        328 310.405239    0.02269     1.3612     81.672     10.095  48930.327    30.9086     8.5931     10.000     8.5936    23.9771     6.1750     8.8248     92.331    269.321    275.779    0.01073    6.68799    9.55781  291.69165     8.5921   15.08585 1.0145e+00     0.2762     0.5210 0.0000e+00
        331 310.405248    0.02290     1.3736     82.414     11.103  48928.965    30.9076     8.5952     11.000     8.5942    23.9760     6.2235     8.8939     93.058    271.431    277.939    0.01164    6.68774    9.55744  291.68089     8.5940   15.08534 9.1780e-01     0.2733     0.5142 0.0000e+00
        334 310.405257    0.02310     1.3855     83.134     12.113  48927.954    30.9064     8.5952     12.000     8.5926    23.9751     6.2721     8.9634     93.785    273.553    280.112    0.01255    6.68777    9.55749  291.68248     8.5940   15.08542 8.2996e-01     0.2829     0.5172 0.0000e+00
        336 310.405264    0.02329     1.3975     83.849     13.123  48930.447    30.9074     8.5933     13.000     8.5915    23.9763     6.3173     9.0281     94.457    275.525    282.131    0.01314    6.68802    9.55785  291.69328     8.5920   15.08593 7.4926e-01     0.2822     0.5210 0.0000e+00
        339 310.405273    0.02350     1.4099     84.597     14.133  48936.094    30.9110     8.5936     14.000     8.5941    23.9790     6.3598     9.0888     95.096    277.379    284.030    0.01344    6.68781    9.55756  291.68345     8.5922   15.08545 6.7374e-01     0.2728     0.5293 0.0000e+00
        342 310.405282    0.02371     1.4228     85.369     15.142  48931.202    30.9073     8.5947     15.000     8.5913    23.9759     6.3970     9.1419     95.651    279.000    285.689    0.01338    6.68781    9.55754  291.68401     8.5932   15.08549 6.0245e-01     0.2713     0.5444 0.0000e+00
        346 310.405291    0.02393     1.4355     86.127     16.152  48934.656    30.9089     8.5921     16.000     8.5904    23.9776     6.4260     9.1833     96.080    280.263    286.983    0.01292    6.68813    9.55801  291.69778     8.5905   15.08614 5.3677e-01     0.2709     0.5425 0.0000e+00
        349 310.405300    0.02414     1.4483     86.896     17.161  48939.081    30.9116     8.5926     17.000     8.5939    23.9796     6.4517     9.2202     96.469    281.389    288.137    0.01232    6.68794    9.55773  291.68860     8.5909   15.08569 4.8002e-01     0.2699     0.5407 0.0000e+00
        352 310.405309    0.02436     1.4613     87.678     18.171  48940.903    30.9133     8.5981     18.000     8.6005    23.9801     6.4786     9.2586     96.882    282.558    289.334    0.01187    6.68704    9.55645  291.64932     8.5963   15.08381 4.3031e-01     0.2646     0.5438 0.0000e+00
        355 310.405317    0.02455     1.4734     88.407     19.180  48937.685    30.9114     8.6038     19.000     8.6039    23.9778     6.5044     9.2955     97.280    283.686    290.489    0.01156    6.68627    9.55534  291.61634     8.6019   15.08225 3.8507e-01     0.2609     0.5468 0.0000e+00
        357 310.405325    0.02475     1.4848     89.090     20.190  48938.240    30.9118     8.6064     20.000     8.6063    23.9778     6.5276     9.3286     97.634    284.698    291.524    0.01124    6.68585    9.55476  291.59855     8.6044   15.08139 3.4398e-01     0.2677     0.5395 0.0000e+00
        360 310.405333    0.02494     1.4965     89.790     21.199  48942.446    30.9147     8.6093     21.000     8.6099    23.9796     6.5493     9.3595     97.965    285.642    292.491    0.01085    6.68529    9.55395  291.57326     8.6073   15.08017 3.0861e-01     0.2812     0.5258 0.0000e+00
        363 310.405342    0.02515     1.5092     90.551     22.209  48945.206    30.9168     8.6133     22.000     8.6128    23.9806     6.5668     9.3846     98.238    286.404    293.273    0.01022    6.68460    9.55298  291.54324     8.6111   15.07873 2.7865e-01     0.2883     0.5107 0.0000e+00
        366 310.405351    0.02538     1.5225     91.350     23.218  48946.311    30.9175     8.6158     23.000     8.6145    23.9809     6.5771     9.3994     98.399    286.856    293.735    0.00922    6.68420    9.55239  291.52558     8.6134   15.07788 2.5060e-01     0.2695     0.5074 0.0000e+00
        370 310.405361    0.02560     1.5361     92.164     24.228  48948.039    30.9184     8.6174     24.000     8.6156    23.9814     6.5860     9.4121     98.535    287.243    294.131    0.00823    6.68393    9.55199  291.51317     8.6150   15.07729 2.2561e-01     0.2614     0.5134 0.0000e+00
        373 310.405369    0.02582     1.5491     92.948     25.238  48948.797    30.9186     8.6182     25.000     8.6160    23.9815     6.5936     9.4229     98.650    287.573    294.469    0.00738    6.68379    9.55180  291.50718     8.6158   15.07700 2.0350e-01     0.2684     0.5152 0.0000e+00
        376 310.405378    0.02602     1.5611     93.664     26.247  48949.076    30.9185     8.6186     26.000     8.6160    23.9813     6.5976     9.4286     98.711    287.749    294.649    0.00655    6.68374    9.55173  291.50506     8.6160   15.07690 1.8381e-01     0.2706     0.5148 0.0000e+00
        378 310.405386    0.02621     1.5725     94.350     27.257  48949.826    30.9185     8.6186     27.000     8.6165    23.9814     6.6032     9.4367     98.795    287.994    294.901    0.00590    6.68373    9.55172  291.50496     8.6159   15.07689 1.6666e-01     0.2628     0.5133 0.0000e+00
        381 310.405394    0.02641     1.5844     95.062     28.266  48960.871    30.9260     8.6201     28.000     8.6207    23.9870     6.6127     9.4502     98.946    288.406    295.325    0.00556    6.68318    9.55093  291.47907     8.6173   15.07563 1.5194e-01     0.2541     0.5026 0.0000e+00
        384 310.405403    0.02663     1.5976     95.855     29.276  48961.945    30.9271     8.6250     29.000     8.6232    23.9872     6.6249     9.4676     99.140    288.937    295.868    0.00536    6.68241    9.54983  291.44544     8.6221   15.07402 1.3889e-01     0.2516     0.4897 0.0000e+00
        388 310.405413    0.02685     1.6111     96.666     30.285  48958.892    30.9247     8.6262     30.000     8.6228    23.9851     6.6329     9.4790     99.260    289.285    296.224    0.00494    6.68234    9.54972  291.44287     8.6231   15.07390 1.2713e-01     0.2562     0.4858 0.0000e+00
        391 310.405422    0.02706     1.6241     97.444     31.295  48961.235    30.9258     8.6258     31.000     8.6233    23.9861     6.6335     9.4800     99.270    289.316    296.255    0.00424    6.68233    9.54972  291.44244     8.6227   15.07387 1.1646e-01     0.2647     0.4874 0.0000e+00
        394 310.405431    0.02728     1.6368     98.211     32.304  48962.308    30.9263     8.6268     32.000     8.6237    23.9863     6.6309     9.4762     99.233    289.199    296.137    0.00343    6.68217    9.54950  291.43547     8.6236   15.07354 1.0726e-01     0.2667     0.4813 0.0000e+00
        397 310.405440    0.02750     1.6499     98.991     33.315  48962.074    30.9257     8.6270     33.000     8.6235    23.9858     6.6346     9.4815     99.288    289.360    296.301    0.00303    6.68216    9.54948  291.43509     8.6237   15.07353 9.9454e-02     0.2629     0.4783 0.0000e+00
        400 310.405449    0.02772     1.6630     99.779     34.324  48962.586    30.9256     8.6269     34.000     8.6233    23.9858     6.6415     9.4913     99.391    289.662    296.610    0.00291    6.68219    9.54952  291.43616     8.6235   15.07358 9.2548e-02     0.2573     0.4774 0.0000e+00
        403 310.405457    0.02792     1.6752    100.511     35.333  48963.257    30.9256     8.6268     35.000     8.6233    23.9858     6.6442     9.4953     99.432    289.783    296.733    0.00262    6.68220    9.54953  291.43661     8.6233   15.07360 8.6368e-02     0.2545     0.4772 0.0000e+00
        406 310.405465    0.02811     1.6863    101.180     36.343  48963.664    30.9255     8.6268     36.000     8.6231    23.9857     6.6470     9.4992     99.473    289.902    296.855    0.00236    6.68220    9.54954  291.43683     8.6232   15.07361 8.1344e-02     0.2604     0.4762 0.0000e+00
        409 310.405474    0.02830     1.6984    101.902     37.352  48964.026    30.9253     8.6267     37.000     8.6229    23.9856     6.6538     9.5090     99.575    290.200    297.161    0.00232    6.68222    9.54956  291.43765     8.6231   15.07365 7.6951e-02     0.2652     0.4733 0.0000e+00
        412 310.405483    0.02854     1.7127    102.762     38.362  48964.097    30.9249     8.6266     38.000     8.6228    23.9853     6.6646     9.5244     99.736    290.670    297.641    0.00246    6.68225    9.54961  291.43927     8.6228   15.07373 7.2975e-02     0.2657     0.4710 0.0000e+00
        415 310.405493    0.02878     1.7268    103.609     39.371  48968.898    30.9278     8.6270     39.000     8.6245    23.9876     6.6665     9.5270     99.766    290.750    297.723    0.00219    6.68207    9.54934  291.43045     8.6231   15.07330 6.9342e-02     0.2607     0.4792 0.0000e+00
        418 310.405501    0.02897     1.7382    104.292     40.382  48969.861    30.9283     8.6289     40.000     8.6255    23.9878     6.6592     9.5166     99.661    290.430    297.397    0.00151    6.68175    9.54889  291.41665     8.6250   15.07264 6.6224e-02     0.2561     0.4884 0.0000e+00
        421 310.405508    0.02916     1.7492    104.950     41.391  48969.989    30.9281     8.6295     41.000     8.6257    23.9875     6.6571     9.5137     99.632    290.343    297.307    0.00114    6.68167    9.54877  291.41314     8.6255   15.07247 6.3638e-02     0.2579     0.4856 0.0000e+00
        424 310.405517    0.02935     1.7611    105.665     42.401  48970.274    30.9279     8.6298     42.000     8.6258    23.9873     6.6611     9.5194     99.693    290.516    297.485    0.00112    6.68164    9.54873  291.41180     8.6257   15.07240 6.1315e-02     0.2641     0.4771 0.0000e+00
        427 310.405527    0.02957     1.7745    106.469     43.410  48973.659    30.9299     8.6304     43.000     8.6275    23.9888     6.6672     9.5281     99.786    290.780    297.756    0.00124    6.68145    9.54847  291.40341     8.6262   15.07199 5.9363e-02     0.2664     0.4815 0.0000e+00
        430 310.405536    0.02981     1.7887    107.320     44.420  48977.691    30.9327     8.6330     44.000     8.6303    23.9906     6.6681     9.5293     99.807    290.821    297.798    0.00110    6.68095    9.54775  291.38104     8.6286   15.07092 5.7582e-02     0.2662     0.4793 0.0000e+00
        434 310.405546    0.03004     1.8024    108.143     45.430  48977.988    30.9328     8.6355     45.000     8.6317    23.9903     6.6707     9.5332     99.853    290.937    297.916    0.00101    6.68057    9.54721  291.36447     8.6310   15.07013 5.5990e-02     0.2618     0.4699 0.0000e+00
        437 310.405555    0.03027     1.8162    108.970     46.439  48978.235    30.9327     8.6364     46.000     8.6319    23.9901     6.6778     9.5433     99.961    291.244    298.231    0.00117    6.68045    9.54702  291.35893     8.6318   15.06986 5.4565e-02     0.2530     0.4683 0.0000e+00
        440 310.405565    0.03051     1.8301    109.806     47.449  48979.442    30.9331     8.6366     47.000     8.6323    23.9904     6.6801     9.5465     99.996    291.345    298.334    0.00110    6.68040    9.54697  291.35708     8.6319   15.06977 5.3400e-02     0.2463     0.4751 0.0000e+00
        443 310.405574    0.03071     1.8432    110.591     48.459  48986.208    30.9376     8.6379     48.000     8.6353    23.9937     6.6775     9.5429     99.963    291.233    298.220    0.00077    6.68001    9.54641  291.33911     8.6331   15.06889 5.2476e-02     0.2557     0.4762 0.0000e+00
        446 310.405582    0.03091     1.8550    111.298     49.469  48987.348    30.9384     8.6410     49.000     8.6372    23.9939     6.6781     9.5437     99.979    291.256    298.244    0.00067    6.67951    9.54569  291.31731     8.6361   15.06785 5.1996e-02     0.2597     0.4731 0.0000e+00
        449 310.405590    0.03110     1.8663    111.978     50.478  48985.368    30.9368     8.6423     50.000     8.6369    23.9925     6.6789     9.5448     99.992    291.290    298.279    0.00061    6.67939    9.54551  291.31217     8.6373   15.06761 5.1558e-02     0.2615     0.4694 0.0000e+00
        452 310.405598    0.03130     1.8781    112.687     51.488  48982.429    30.9342     8.6416     51.000     8.6356    23.9906     6.6724     9.5355     99.892    291.007    297.989    0.00018    6.67961    9.54583  291.32222     8.6365   15.06810 5.0333e-02     0.2620     0.4616 0.0000e+00
        455 310.405608    0.03152     1.8911    113.465     52.498  48985.463    30.9357     8.6406     52.000     8.6357    23.9920     6.6594     9.5169     99.697    290.441    297.409   -0.00056    6.67968    9.54594  291.32523     8.6354   15.06824 4.9476e-02     0.2588     0.4457 0.0000e+00
        458 310.405616    0.03175     1.9048    114.290     53.507  48985.122    30.9351     8.6412     53.000     8.6352    23.9915     6.6558     9.5119     99.644    290.286    297.251   -0.00079    6.67963    9.54586  291.32291     8.6359   15.06813 4.8857e-02     0.2706     0.4550 0.0000e+00
