CTD-processing/allCTD/CNV/2013_02-12_t4_s01_cast023_5028.cnv
* Sea-Bird SBE19plus Data File:
* FileName = C:\Documents and Settings\kris.holderied.local\My Documents\2012-2013-CTD-DATA-new-files\2013-02-EVOSTC-CookInlet\2013-02-12-CookInlet-Barabara-to-BluffPt-Tran4\2013-02-12-CookInletOcean-Tran4-cast023.hex
* Software Version 1.54
* Temperature SN =  5028
* Conductivity SN =  5028
* System UpLoad Time = Feb 12 2013 14:10:10
** Cook Inlet Ocean Transect 4 Barabara to Bluff Pt
** Date:  12 Feb 2013
** Station:4-01
** Start time (AKDT-24 hr):1057
** Depth (m):16
** Comment:
# nquan = 27
# nvalues = 16                          
# units = specified
# name 0 = scan: Scan Count
# name 1 = timeJ: Julian Days
# name 2 = timeH: Time, Elapsed [hours]
# name 3 = timeM: Time, Elapsed [minutes]
# name 4 = timeS: Time, Elapsed [seconds]
# name 5 = prdM: Pressure, Strain Gauge [db]
# name 6 = specc: Specific Conductance [uS/cm]
# name 7 = sal00: Salinity, Practical [PSU]
# name 8 = tv290C: Temperature [ITS-90, deg C]
# name 9 = depSM: Depth [salt water, m], lat = 59.00
# name 10 = potemp090C: Potential Temperature [ITS-90, deg C]
# name 11 = sigma-é00: Density [sigma-theta, kg/m^3]
# name 12 = sbeox0ML/L: Oxygen, SBE 43 [ml/l]
# name 13 = sbeox0Mg/L: Oxygen, SBE 43 [mg/l]
# name 14 = sbeox0PS: Oxygen, SBE 43 [% saturation]
# name 15 = sbox0Mm/Kg: Oxygen, SBE 43 [umol/kg]
# name 16 = sbeox0Mm/L: Oxygen, SBE 43 [umol/l]
# name 17 = sbox0dV/dT: Oxygen, SBE 43 [dov/dt]
# name 18 = oxsolML/L: Oxygen Saturation, Garcia & Gordon [ml/l]
# name 19 = oxsolMg/L: Oxygen Saturation, Garcia & Gordon [mg/l]
# name 20 = oxsolMm/Kg: Oxygen Saturation, Garcia & Gordon [umol/kg]
# name 21 = potemp090C: Potential Temperature [ITS-90, deg C]
# name 22 = n2satMg/L: Nitrogen Saturation [mg/l]
# name 23 = par: PAR/Irradiance, Biospherical/Licor
# name 24 = flECO-AFL: Fluorescence, WET Labs ECO-AFL/FL [mg/m^3]
# name 25 = turbWETntu0: Turbidity, WET Labs ECO [NTU]
# name 26 = flag: flag
# span 0 =        156,        443       
# span 1 =  43.541815,  43.542646       
# span 2 =    0.01078,    0.03071       
# span 3 =     0.6468,     1.8429       
# span 4 =     38.811,    110.574       
# span 5 =      1.009,     16.152       
# span 6 =  49703.665,  51362.738       
# span 7 =    30.6374,    31.6677       
# span 8 =     3.7667,     3.9369       
# span 9 =      1.000,     16.000       
# span 10 =     3.8138,     3.9146      
# span 11 =    24.3272,    25.1579      
# span 12 =     6.0242,     7.3840      
# span 13 =     8.6092,    10.5525      
# span 14 =     80.577,     99.443      
# span 15 =    262.679,    321.684      
# span 16 =    269.040,    329.771      
# span 17 =   -0.01173,    0.00785      
# span 18 =    7.42542,    7.47441      
# span 19 =   10.61168,   10.68168      
# span 20 =  323.48757,  325.91127      
# span 21 =     3.7666,     3.9368      
# span 22 =   16.59793,   16.71755      
# span 23 = 5.0820e+00, 9.4390e+01      
# span 24 =     0.4352,     0.6896      
# span 25 =     0.9706,     1.5548      
# span 26 = 0.0000e+00, 0.0000e+00      
# interval = meters: 1                  
# start_time = Feb 12 2013 12:59:34 [Instrument's time stamp, header]
# bad_flag = -9.990e-29
*END*
        156  43.541815    0.01078     0.6468     38.811      1.009  49703.665    30.6374     3.9369      1.000     3.8356    24.3272     6.0242     8.6092     80.577    262.679    269.040   -0.01173    7.47441   10.68168  325.91127     3.9368   16.71755 9.4390e+01     0.4352     1.5548 0.0000e+00
        392  43.542497    0.02716     1.6297     97.784      2.019  51362.738    31.6677     3.7667      2.000     3.8138    25.1579     7.0825    10.1216     95.042    308.544    316.305    0.00352    7.45197   10.64961  324.63602     3.7666   16.65249 7.3967e+01     0.5979     1.1253 0.0000e+00
        387  43.542483    0.02680     1.6081     96.483      3.028  51293.718    31.6505     3.8794      3.000     3.8888    25.1340     7.0468    10.0706     94.812    306.995    314.711    0.00350    7.43236   10.62159  323.79109     3.8792   16.61241 5.4801e+01     0.6136     1.0888 0.0000e+00
        391  43.542494    0.02708     1.6249     97.492      4.038  51285.213    31.6478     3.8941      4.000     3.8959    25.1305     7.0121    10.0210     94.378    305.484    313.161    0.00170    7.42981   10.61795  323.68128     3.8938   16.60719 4.3905e+01     0.6331     1.0804 0.0000e+00
        396  43.542509    0.02744     1.6462     98.772      5.047  51285.505    31.6483     3.8976      5.000     3.8984    25.1306     6.9866     9.9846     94.044    304.374    312.023    0.00039    7.42915   10.61700  323.65235     3.8973   16.60582 3.5063e+01     0.6549     1.0386 0.0000e+00
        401  43.542524    0.02780     1.6680    100.077      6.056  51289.121    31.6512     3.9014      6.000     3.9028    25.1325     6.9848     9.9821     94.031    304.296    311.944    0.00022    7.42830   10.61579  323.61485     3.9011   16.60402 2.7896e+01     0.6394     1.0307 0.0000e+00
        406  43.542537    0.02809     1.6854    101.125      7.066  51288.490    31.6510     3.9046      7.000     3.9046    25.1320     6.9977    10.0004     94.210    304.854    312.516    0.00064    7.42775   10.61500  323.59090     3.9041   16.60288 2.3043e+01     0.6651     1.0493 0.0000e+00
        410  43.542549    0.02841     1.7045    102.271      8.076  51288.089    31.6503     3.9049      8.000     3.9044    25.1315     7.0298    10.0462     94.643    306.254    313.950    0.00167    7.42773   10.61497  323.59011     3.9044   16.60285 1.9290e+01     0.6839     1.0340 0.0000e+00
        415  43.542563    0.02872     1.7230    103.379      9.085  51294.204    31.6543     3.9061      9.000     3.9078    25.1345     7.0741    10.1095     95.244    308.180    315.925    0.00301    7.42731   10.61437  323.57084     3.9056   16.60191 1.6263e+01     0.6896     1.0099 0.0000e+00
        419  43.542574    0.02900     1.7400    104.402     10.094  51295.692    31.6559     3.9110     10.000     3.9121    25.1354     7.1263    10.1842     95.960    310.457    318.260    0.00450    7.42634   10.61298  323.52830     3.9104   16.59989 1.3687e+01     0.6768     0.9800 0.0000e+00
        423  43.542587    0.02930     1.7582    105.494     11.104  51293.726    31.6547     3.9136     11.000     3.9128    25.1342     7.1831    10.2654     96.730    312.933    320.798    0.00585    7.42593   10.61240  323.51082     3.9129   16.59906 1.1560e+01     0.6606     0.9706 0.0000e+00
        427  43.542598    0.02958     1.7752    106.510     12.113  51294.148    31.6544     3.9130     12.000     3.9117    25.1340     7.2401    10.3469     97.496    315.417    323.344    0.00708    7.42606   10.61258  323.51654     3.9122   16.59934 9.7889e+00     0.6452     0.9834 0.0000e+00
        431  43.542609    0.02984     1.7907    107.443     13.123  51296.094    31.6550     3.9124     13.000     3.9116    25.1345     7.2701    10.3897     97.898    316.721    324.682    0.00718    7.42614   10.61269  323.51972     3.9116   16.59948 8.3217e+00     0.6308     1.0092 0.0000e+00
        435  43.542621    0.03013     1.8080    108.482     14.132  51297.999    31.6559     3.9127     14.000     3.9122    25.1352     7.3107    10.4477     98.447    318.489    326.494    0.00749    7.42603   10.61253  323.51481     3.9118   16.59924 7.0688e+00     0.6404     1.0159 0.0000e+00
        439  43.542633    0.03042     1.8251    109.508     15.142  51301.221    31.6578     3.9136     15.000     3.9133    25.1367     7.3458    10.4978     98.922    320.017    328.060    0.00762    7.42577   10.61217  323.50303     3.9127   16.59868 5.9969e+00     0.6465     1.0301 0.0000e+00
        443  43.542646    0.03071     1.8429    110.574     16.152  51304.517    31.6598     3.9149     16.000     3.9146    25.1381     7.3840    10.5525     99.443    321.684    329.771    0.00785    7.42542   10.61168  323.48757     3.9139   16.59793 5.0820e+00     0.6376     1.0973 0.0000e+00
