CTD-processing/allCTD/CNV/2013_02-12_alongbay_skb01_cast033_5028.cnv
* Sea-Bird SBE19plus Data File:
* FileName = C:\Documents and Settings\kris.holderied.local\My Documents\2012-2013-CTD-DATA-new-files\2013-02-EVOSTC-CookInlet\2013-02-12-along-KBay-line\2012-02-12-Along-KBay-line-cast033.hex
* Software Version 1.54
* Temperature SN =  5028
* Conductivity SN =  5028
* System UpLoad Time = Mar 14 2013 23:43:47
** Kachemak Bay - along-bay transect, west to east
** Date:  12 Feb 2013
** Station: not in notes
** Start time (AKDT-24 hr): not in notes
** Depth (m): not in notes
** Comment: Not in field notes
** Comment: Supplement to Gulf Watch sampling
# nquan = 27
# nvalues = 18                          
# units = specified
# name 0 = scan: Scan Count
# name 1 = timeJ: Julian Days
# name 2 = timeH: Time, Elapsed [hours]
# name 3 = timeM: Time, Elapsed [minutes]
# name 4 = timeS: Time, Elapsed [seconds]
# name 5 = prdM: Pressure, Strain Gauge [db]
# name 6 = specc: Specific Conductance [uS/cm]
# name 7 = sal00: Salinity, Practical [PSU]
# name 8 = tv290C: Temperature [ITS-90, deg C]
# name 9 = depSM: Depth [salt water, m], lat = 59.00
# name 10 = potemp090C: Potential Temperature [ITS-90, deg C]
# name 11 = sigma-é00: Density [sigma-theta, kg/m^3]
# name 12 = sbeox0ML/L: Oxygen, SBE 43 [ml/l]
# name 13 = sbeox0Mg/L: Oxygen, SBE 43 [mg/l]
# name 14 = sbeox0PS: Oxygen, SBE 43 [% saturation]
# name 15 = sbox0Mm/Kg: Oxygen, SBE 43 [umol/kg]
# name 16 = sbeox0Mm/L: Oxygen, SBE 43 [umol/l]
# name 17 = sbox0dV/dT: Oxygen, SBE 43 [dov/dt]
# name 18 = oxsolML/L: Oxygen Saturation, Garcia & Gordon [ml/l]
# name 19 = oxsolMg/L: Oxygen Saturation, Garcia & Gordon [mg/l]
# name 20 = oxsolMm/Kg: Oxygen Saturation, Garcia & Gordon [umol/kg]
# name 21 = potemp090C: Potential Temperature [ITS-90, deg C]
# name 22 = n2satMg/L: Nitrogen Saturation [mg/l]
# name 23 = par: PAR/Irradiance, Biospherical/Licor
# name 24 = flECO-AFL: Fluorescence, WET Labs ECO-AFL/FL [mg/m^3]
# name 25 = turbWETntu0: Turbidity, WET Labs ECO [NTU]
# name 26 = flag: flag
# span 0 =         28,        461       
# span 1 =  43.691607,  43.692858       
# span 2 =    0.00191,    0.03193       
# span 3 =     0.1144,     1.9153       
# span 4 =      6.862,    114.913       
# span 5 =      1.009,     18.170       
# span 6 =  49432.008,  51616.135       
# span 7 =    30.4952,    31.8720       
# span 8 =     3.8548,     3.9312       
# span 9 =      1.000,     18.000       
# span 10 =     3.8761,     3.9304      
# span 11 =    24.2171,    25.3053      
# span 12 =     6.9572,     7.5152      
# span 13 =     9.9425,    10.7401      
# span 14 =     93.880,    100.753      
# span 15 =    303.031,    327.767      
# span 16 =    310.709,    335.631      
# span 17 =   -0.00060,    0.00806      
# span 18 =    7.41116,    7.50183      
# span 19 =   10.59129,   10.72087      
# span 20 =  322.80604,  327.18559      
# span 21 =     3.8547,     3.9310      
# span 22 =   16.56468,   16.77836      
# span 23 = 3.5292e+00, 6.1644e+01      
# span 24 =     0.3006,     0.6303      
# span 25 =     0.8912,     2.8829      
# span 26 = 0.0000e+00, 0.0000e+00      
# interval = meters: 1                  
# start_time = Feb 12 2013 16:35:48 [Instrument's time stamp, header]
# bad_flag = -9.990e-29
*END*
         28  43.691607    0.00191     0.1144      6.862      1.009  49432.008    30.4952     3.8548      1.000     3.8761    24.2171     7.5152    10.7401    100.187    327.767    335.631    0.00208    7.50183   10.72087  327.18559     3.8547   16.77836 6.0496e+01     0.3540     2.8829 0.0000e+00
        374  43.692606    0.02587     1.5521     93.126      2.019  51616.135    31.8720     3.9312      2.000     3.9304    25.3053     6.9572     9.9425     93.880    303.031    310.709    0.00030    7.41116   10.59129  322.80604     3.9310   16.56468 6.1644e+01     0.5045     1.1280 0.0000e+00
        371  43.692598    0.02569     1.5415     92.491      3.028  51432.160    31.7563     3.9262      3.000     3.9264    25.2137     7.0603    10.0899     95.171    307.560    315.315    0.00007    7.41856   10.60186  323.16455     3.9260   16.58218 5.1504e+01     0.5050     0.9771 0.0000e+00
        380  43.692625    0.02634     1.5803     94.820      4.037  51432.351    31.7562     3.9274      4.000     3.9270    25.2135     7.0583    10.0870     95.146    307.471    315.224   -0.00012    7.41834   10.60155  323.15514     3.9271   16.58174 4.3625e+01     0.5300     0.8983 0.0000e+00
        386  43.692643    0.02676     1.6056     96.338      5.048  51433.569    31.7565     3.9274      5.000     3.9272    25.2138     7.0629    10.0936     95.209    307.671    315.429    0.00002    7.41832   10.60152  323.15425     3.9271   16.58169 3.5537e+01     0.5304     0.9132 0.0000e+00
        392  43.692659    0.02714     1.6287     97.723      6.057  51433.966    31.7562     3.9275      6.000     3.9270    25.2136     7.0472    10.0712     94.998    306.988    314.728   -0.00060    7.41831   10.60150  323.15372     3.9271   16.58167 2.9188e+01     0.5547     0.9351 0.0000e+00
        397  43.692675    0.02753     1.6520     99.121      7.066  51434.877    31.7564     3.9275      7.000     3.9270    25.2137     7.0808    10.1192     95.450    308.450    316.227    0.00068    7.41832   10.60152  323.15412     3.9270   16.58169 2.4449e+01     0.6084     0.9171 0.0000e+00
        404  43.692693    0.02796     1.6776    100.654      8.076  51435.727    31.7564     3.9274      8.000     3.9268    25.2137     7.1110    10.1624     95.857    309.767    317.578    0.00161    7.41833   10.60153  323.15447     3.9269   16.58170 2.0189e+01     0.6275     0.8912 0.0000e+00
        408  43.692705    0.02825     1.6950    101.701      9.085  51436.569    31.7565     3.9275      9.000     3.9270    25.2138     7.1549    10.2251     96.449    311.680    319.539    0.00287    7.41831   10.60151  323.15386     3.9269   16.58168 1.6740e+01     0.6303     0.9052 0.0000e+00
        414  43.692723    0.02868     1.7211    103.267     10.094  51437.137    31.7564     3.9278     10.000     3.9272    25.2137     7.2281    10.3297     97.436    314.867    322.806    0.00493    7.41825   10.60142  323.15107     3.9272   16.58154 1.4066e+01     0.6254     0.9510 0.0000e+00
        419  43.692736    0.02901     1.7403    104.421     11.104  51437.832    31.7564     3.9279     11.000     3.9271    25.2137     7.2592    10.3742     97.856    316.223    324.196    0.00505    7.41824   10.60141  323.15089     3.9271   16.58153 1.1806e+01     0.5883     0.9652 0.0000e+00
        424  43.692752    0.02938     1.7631    105.783     12.114  51438.736    31.7566     3.9280     12.000     3.9274    25.2138     7.3708    10.5336     99.361    321.085    329.181    0.00806    7.41820   10.60135  323.14905     3.9273   16.58145 9.8221e+00     0.5042     0.9897 0.0000e+00
        431  43.692772    0.02986     1.7915    107.493     13.123  51438.884    31.7562     3.9281     13.000     3.9270    25.2135     7.3641    10.5241     99.271    320.794    328.883    0.00567    7.41820   10.60135  323.14907     3.9274   16.58145 8.0091e+00     0.3455     0.9815 0.0000e+00
        435  43.692785    0.03017     1.8101    108.606     14.133  51440.099    31.7564     3.9277     14.000     3.9267    25.2137     7.3896    10.5605     99.613    321.904    330.020    0.00553    7.41829   10.60148  323.15283     3.9268   16.58163 6.9171e+00     0.3078     1.0046 0.0000e+00
        442  43.692805    0.03064     1.8383    110.297     15.142  51441.106    31.7565     3.9275     15.000     3.9265    25.2138     7.4304    10.6188    100.162    323.679    331.840    0.00560    7.41831   10.60151  323.15388     3.9265   16.58168 5.8614e+00     0.3006     0.9712 0.0000e+00
        448  43.692822    0.03107     1.8640    111.843     16.151  51441.886    31.7566     3.9276     16.000     3.9266    25.2139     7.4499    10.6467    100.427    324.532    332.714    0.00499    7.41828   10.60146  323.15232     3.9266   16.58160 4.8259e+00     0.3376     0.9497 0.0000e+00
        455  43.692840    0.03150     1.8901    113.407     17.161  51442.373    31.7563     3.9275     17.000     3.9262    25.2137     7.4598    10.6608    100.559    324.960    333.154    0.00416    7.41832   10.60151  323.15411     3.9264   16.58169 4.0764e+00     0.3255     0.9414 0.0000e+00
        461  43.692858    0.03193     1.9153    114.913     18.170  51443.789    31.7568     3.9270     18.000     3.9260    25.2140     7.4742    10.6814    100.753    325.589    333.799    0.00373    7.41838   10.60160  323.15634     3.9259   16.58180 3.5292e+00     0.3269     0.8971 0.0000e+00
