CTD-processing/allCTD/CNV/2014_05-28_alongbay_skb06_cast040_5028.cnv
* Sea-Bird SBE19plus Data File:
* FileName = C:\Users\kris.holderied\Documents\kasitsna\Research-Projects-and-Data\Oceanography-AK\CTD-Data-ALL-to-2014-03\2014-CTD-KachemakBay-CookInlet\2014-05-28-KachemakBay-AlongBay\2014-05-28-KachemakBay-AlongBay-cast040.hex
* Software Version 1.59
* Temperature SN =  5028
* Conductivity SN =  5028
* System UpLoad Time = Jul 21 2014 00:55:50
** Kachemak Bay Along-bay Transect (partial, west to east)
** Date: 2014-05-28
** Station: KB-06
** Start time (AKDT): 13:54
** Depth (m): 103
** Comment:  CTD time is Alaska Daylight time
** Comment:
# nquan = 27
# nvalues = 101                         
# units = specified
# name 0 = scan: Scan Count
# name 1 = timeJ: Julian Days
# name 2 = timeH: Time, Elapsed [hours]
# name 3 = timeM: Time, Elapsed [minutes]
# name 4 = timeS: Time, Elapsed [seconds]
# name 5 = prdM: Pressure, Strain Gauge [db]
# name 6 = specc: Specific Conductance [uS/cm]
# name 7 = sal00: Salinity, Practical [PSU]
# name 8 = tv290C: Temperature [ITS-90, deg C]
# name 9 = depSM: Depth [salt water, m], lat = 59.00
# name 10 = potemp090C: Potential Temperature [ITS-90, deg C]
# name 11 = sigma-é00: Density [sigma-theta, kg/m^3]
# name 12 = sbeox0ML/L: Oxygen, SBE 43 [ml/l]
# name 13 = sbeox0Mg/L: Oxygen, SBE 43 [mg/l]
# name 14 = sbeox0PS: Oxygen, SBE 43 [% saturation]
# name 15 = sbox0Mm/Kg: Oxygen, SBE 43 [umol/kg]
# name 16 = sbeox0Mm/L: Oxygen, SBE 43 [umol/l]
# name 17 = sbox0dV/dT: Oxygen, SBE 43 [dov/dt]
# name 18 = oxsolML/L: Oxygen Saturation, Garcia & Gordon [ml/l]
# name 19 = oxsolMg/L: Oxygen Saturation, Garcia & Gordon [mg/l]
# name 20 = oxsolMm/Kg: Oxygen Saturation, Garcia & Gordon [umol/kg]
# name 21 = potemp090C: Potential Temperature [ITS-90, deg C]
# name 22 = n2satMg/L: Nitrogen Saturation [mg/l]
# name 23 = par: PAR/Irradiance, Biospherical/Licor
# name 24 = flECO-AFL: Fluorescence, WET Labs ECO-AFL/FL [mg/m^3]
# name 25 = turbWETntu0: Turbidity, WET Labs ECO [NTU]
# name 26 = flag: flag
# span 0 =        268,        804       
# span 1 = 148.580413, 148.581965       
# span 2 =    0.01853,    0.05578       
# span 3 =     1.1117,     3.3466       
# span 4 =     66.699,    200.799       
# span 5 =      1.010,    101.978       
# span 6 =  46599.695,  51147.005       
# span 7 =    29.4519,    31.8556       
# span 8 =     5.4474,     8.8906       
# span 9 =      1.000,    101.000       
# span 10 =     5.4402,     8.8728      
# span 11 =    22.7929,    25.1341      
# span 12 =     7.0626,     7.7343      
# span 13 =    10.0932,    11.0531      
# span 14 =     98.819,    115.605      
# span 15 =    307.684,    337.393      
# span 16 =    315.417,    345.413      
# span 17 =   -0.00820,    0.00637      
# span 18 =    6.69132,    7.14708      
# span 19 =    9.56257,   10.21389      
# span 20 =  291.89848,  311.36282      
# span 21 =     5.4403,     8.8905      
# span 22 =   15.09673,   16.02017      
# span 23 = 4.1756e-02, 1.0797e+02      
# span 24 =     0.2264,     3.0918      
# span 25 =     0.5219,     2.5510      
# span 26 = 0.0000e+00, 0.0000e+00      
# interval = meters: 1                  
# start_time = May 28 2014 13:54:41 [Instrument's time stamp, header]
# bad_flag = -9.990e-29
*END*
[from data line 54]
        597 148.581367    0.04142     2.4850    149.097     55.526  50867.270    31.7756     5.8985     55.000     5.8918    25.0182     7.3245    10.4675    103.526    319.128    327.112   -0.00095    7.07506   10.11096  308.25976     5.8941   15.87267 4.4553e-02     0.6038     0.6725 0.0000e+00
        602 148.581379    0.04172     2.5033    150.196     56.536  50871.676    31.7774     5.8944     56.000     5.8887    25.0201     7.3170    10.4567    103.411    318.801    326.777   -0.00117    7.07566   10.11182  308.28548     5.8900   15.87389 4.4328e-02     0.5767     0.6735 0.0000e+00
        606 148.581392    0.04202     2.5210    151.261     57.546  50874.467    31.7784     5.8920     57.000     5.8871    25.0212     7.3113    10.4486    103.324    318.550    326.521   -0.00127    7.07601   10.11233  308.30068     5.8875   15.87461 4.4102e-02     0.5644     0.6861 0.0000e+00
        610 148.581404    0.04232     2.5393    152.357     58.556  50876.061    31.7789     5.8919     58.000     5.8865    25.0217     7.3075    10.4431    103.271    318.384    326.351   -0.00123    7.07601   10.11233  308.30034     5.8872   15.87459 4.3943e-02     0.5833     0.6833 0.0000e+00
        615 148.581417    0.04263     2.5575    153.447     59.566  50865.833    31.7702     5.8862     59.000     5.8725    25.0155     7.3031    10.4368    103.189    318.195    326.155   -0.00129    7.07737   10.11427  308.36140     5.8814   15.87754 4.3755e-02     0.6053     0.7019 0.0000e+00
        619 148.581430    0.04292     2.5752    154.514     60.575  50873.245    31.7715     5.8688     60.000     5.8568    25.0185     7.3004    10.4330    103.110    318.078    326.036   -0.00135    7.08020   10.11831  308.48388     5.8641   15.88337 4.3584e-02     0.5779     0.7097 0.0000e+00
        623 148.581442    0.04322     2.5936    155.615     61.585  50876.077    31.7693     5.8509     61.000     5.8386    25.0190     7.2991    10.4312    103.047    318.023    325.979   -0.00133    7.08329   10.12274  308.61859     5.8460   15.88979 4.3465e-02     0.4997     0.7236 0.0000e+00
        628 148.581455    0.04353     2.6117    156.700     62.595  50888.246    31.7746     5.8378     62.000     5.8295    25.0247     7.2882    10.4155    102.864    317.542    325.489   -0.00167    7.08522   10.12549  308.70072     5.8329   15.89368 4.3376e-02     0.5093     0.7683 0.0000e+00
        632 148.581467    0.04382     2.6293    157.758     63.604  50896.154    31.7780     5.8300     63.000     5.8211    25.0283     7.2785    10.4017    102.711    317.121    325.058   -0.00188    7.08637   10.12713  308.74984     5.8250   15.89601 4.3262e-02     0.4905     0.7837 0.0000e+00
        636 148.581480    0.04413     2.6476    158.856     64.614  50900.917    31.7791     5.8209     64.000     5.8085    25.0302     7.2716    10.3918    102.593    316.820    324.750   -0.00194    7.08784   10.12924  308.81345     5.8158   15.89904 4.3184e-02     0.4705     0.7912 0.0000e+00
        641 148.581493    0.04445     2.6670    160.020     65.624  50905.540    31.7772     5.7980     65.000     5.7760    25.0314     7.2710    10.3909    102.527    316.791    324.720   -0.00181    7.09175   10.13482  308.98342     5.7929   15.90715 4.3112e-02     0.4510     0.8168 0.0000e+00
        645 148.581506    0.04474     2.6845    161.072     66.633  50923.261    31.7809     5.7582     66.000     5.7328    25.0390     7.2554    10.3687    102.214    316.111    324.026   -0.00240    7.09824   10.14410  309.26400     5.7530   15.92050 4.3040e-02     0.4152     0.8558 0.0000e+00
        649 148.581517    0.04503     2.7017    162.104     67.643  50954.695    31.7944     5.7199     67.000     5.7021    25.0541     7.2232    10.3226    101.677    314.701    322.586   -0.00368    7.10402   10.15235  309.51095     5.7147   15.93221 4.2972e-02     0.3700     0.8703 0.0000e+00
        654 148.581530    0.04534     2.7202    163.212     68.653  50974.005    31.8026     5.6970     68.000     5.6834    25.0633     7.2071    10.2997    101.402    314.000    321.869   -0.00391    7.10748   10.15730  309.65893     5.6917   15.93922 4.2929e-02     0.3419     0.8624 0.0000e+00
        659 148.581544    0.04566     2.7398    164.388     69.663  50983.246    31.8042     5.6762     69.000     5.6616    25.0671     7.2021    10.2926    101.283    313.780    321.646   -0.00354    7.11089   10.16217  309.80641     5.6708   15.94624 4.2858e-02     0.3603     0.8530 0.0000e+00
        663 148.581556    0.04596     2.7579    165.472     70.673  50996.832    31.8096     5.6588     70.000     5.6478    25.0733     7.1915    10.2773    101.095    313.314    321.170   -0.00350    7.11357   10.16601  309.92145     5.6533   15.95170 4.2823e-02     0.3418     0.8876 0.0000e+00
        667 148.581569    0.04626     2.7759    166.552     71.683  51003.503    31.8115     5.6483     71.000     5.6375    25.0761     7.1830    10.2652    100.952    312.944    320.792   -0.00336    7.11525   10.16840  309.99368     5.6427   15.95513 4.2795e-02     0.3123     0.9033 0.0000e+00
        672 148.581582    0.04657     2.7941    167.645     72.692  51008.457    31.8119     5.6355     72.000     5.6224    25.0779     7.1739    10.2522    100.794    312.549    320.387   -0.00325    7.11739   10.17145  310.08588     5.6299   15.95953 4.2744e-02     0.3128     0.9459 0.0000e+00
        676 148.581595    0.04690     2.8137    168.820     73.702  51021.155    31.8167     5.6188     73.000     5.6072    25.0836     7.1650    10.2396    100.633    312.161    319.990   -0.00316    7.11997   10.17516  310.19709     5.6131   15.96480 4.2702e-02     0.3170     1.0076 0.0000e+00
        681 148.581609    0.04721     2.8330    169.980     74.712  51032.290    31.8215     5.6071     74.000     5.5976    25.0887     7.1644    10.2386    100.599    312.129    319.960   -0.00271    7.12169   10.17761  310.27032     5.6014   15.96827 4.2655e-02     0.3190     1.0065 0.0000e+00
        685 148.581621    0.04751     2.8507    171.044     75.721  51037.351    31.8228     5.5986     75.000     5.5865    25.0907     7.1626    10.2361    100.556    312.054    319.884   -0.00240    7.12307   10.17958  310.32995     5.5928   15.97110 4.2633e-02     0.2922     0.9625 0.0000e+00
        689 148.581633    0.04781     2.8686    172.119     76.732  51043.557    31.8233     5.5828     76.000     5.5661    25.0930     7.1557    10.2262    100.421    311.752    319.574   -0.00239    7.12572   10.18336  310.44455     5.5769   15.97656 4.2598e-02     0.2749     0.9424 0.0000e+00
        694 148.581647    0.04813     2.8878    173.270     77.741  51058.855    31.8279     5.5564     77.000     5.5398    25.0997     7.1457    10.2119    100.220    311.311    319.125   -0.00259    7.12996   10.18943  310.62733     5.5504   15.98525 4.2575e-02     0.2807     0.9140 0.0000e+00
        699 148.581660    0.04846     2.9075    174.450     78.751  51078.824    31.8370     5.5358     78.000     5.5260    25.1092     7.1352    10.1970    100.030    310.853    318.658   -0.00269    7.13301   10.19379  310.75736     5.5297   15.99140 4.2546e-02     0.2754     0.9183 0.0000e+00
        703 148.581673    0.04876     2.9256    175.537     79.761  51085.085    31.8394     5.5293     79.000     5.5211    25.1120     7.1282    10.1869     99.918    310.547    318.345   -0.00260    7.13399   10.19518  310.79922     5.5232   15.99339 4.2510e-02     0.2690     0.9629 0.0000e+00
        708 148.581686    0.04907     2.9441    176.649     80.771  51087.500    31.8396     5.5246     80.000     5.5159    25.1126     7.1273    10.1856     99.895    310.506    318.304   -0.00224    7.13477   10.19630  310.83296     5.5184   15.99499 4.2507e-02     0.2380     0.9446 0.0000e+00
        712 148.581699    0.04939     2.9631    177.783     81.780  51090.695    31.8402     5.5192     81.000     5.5104    25.1137     7.1265    10.1845     99.872    310.475    318.272   -0.00192    7.13566   10.19757  310.87147     5.5129   15.99683 4.2447e-02     0.2314     0.9350 0.0000e+00
        717 148.581712    0.04970     2.9819    178.913     82.790  51092.911    31.8400     5.5130     82.000     5.5034    25.1143     7.1230    10.1795     99.808    310.321    318.114   -0.00180    7.13671   10.19907  310.91695     5.5067   15.99900 4.2412e-02     0.2407     0.9341 0.0000e+00
        721 148.581725    0.05000     3.0002    180.010     83.800  51098.001    31.8416     5.5065     83.000     5.4978    25.1163     7.1163    10.1699     99.700    310.028    317.814   -0.00182    7.13774   10.20054  310.96121     5.5001   16.00110 4.2410e-02     0.2446     0.9332 0.0000e+00
        726 148.581738    0.05032     3.0193    181.159     84.810  51100.344    31.8417     5.5014     84.000     5.4918    25.1169     7.1093    10.1599     99.589    309.721    317.501   -0.00185    7.13860   10.20176  310.99827     5.4949   16.00286 4.2405e-02     0.2423     0.9649 0.0000e+00
        730 148.581751    0.05064     3.0381    182.287     85.820  51104.384    31.8424     5.4934     85.000     5.4827    25.1184     7.1087    10.1591     99.563    309.696    317.475   -0.00165    7.13992   10.20366  311.05551     5.4868   16.00558 4.2337e-02     0.2264     0.9527 0.0000e+00
        734 148.581763    0.05093     3.0561    183.364     86.830  51110.471    31.8442     5.4843     86.000     5.4731    25.1209     7.1110    10.1623     99.574    309.794    317.576   -0.00137    7.14137   10.20574  311.11816     5.4777   16.00856 4.2318e-02     0.2282     0.9381 0.0000e+00
        739 148.581776    0.05124     3.0742    184.449     87.840  51116.090    31.8454     5.4739     87.000     5.4611    25.1230     7.1121    10.1639     99.567    309.844    317.628   -0.00116    7.14306   10.20815  311.19116     5.4673   16.01203 4.2285e-02     0.2386     0.9745 0.0000e+00
        743 148.581789    0.05155     3.0928    185.567     88.849  51126.981    31.8496     5.4606     88.000     5.4498    25.1279     7.0983    10.1442     99.346    309.242    317.013   -0.00163    7.14513   10.21111  311.27979     5.4538   16.01624 4.2266e-02     0.2474     1.0960 0.0000e+00
        748 148.581803    0.05187     3.1122    186.730     89.859  51134.632    31.8528     5.4533     89.000     5.4442    25.1313     7.0862    10.1270     99.161    308.713    316.471   -0.00191    7.14622   10.21266  311.32614     5.4465   16.01843 4.2255e-02     0.2474     1.2431 0.0000e+00
        752 148.581815    0.05218     3.1308    187.847     90.869  51139.439    31.8548     5.4491     90.000     5.4413    25.1333     7.0793    10.1171     99.055    308.411    316.163   -0.00191    7.14684   10.21355  311.35240     5.4422   16.01967 4.2238e-02     0.2458     1.3711 0.0000e+00
        757 148.581828    0.05248     3.1485    188.911     91.879  51141.529    31.8555     5.4480     91.000     5.4410    25.1341     7.0690    10.1023     98.909    307.963    315.703   -0.00201    7.14698   10.21375  311.35856     5.4410   16.01996 4.2209e-02     0.2618     1.5085 0.0000e+00
        761 148.581840    0.05278     3.1665    189.989     92.889  51141.904    31.8553     5.4478     92.000     5.4406    25.1339     7.0626    10.0932     98.819    307.684    315.417   -0.00201    7.14702   10.21380  311.36013     5.4408   16.02004 4.2176e-02     0.2801     1.4817 0.0000e+00
        766 148.581854    0.05309     3.1855    191.128     93.899  51142.944    31.8554     5.4474     93.000     5.4402    25.1341     7.0696    10.1032     98.916    307.988    315.730   -0.00139    7.14708   10.21389  311.36282     5.4403   16.02017 4.2152e-02     0.2742     1.4796 0.0000e+00
        770 148.581867    0.05341     3.2048    192.287     94.909  51143.769    31.8555     5.4475     94.000     5.4404    25.1341     7.0760    10.1124     99.006    308.268    316.016   -0.00090    7.14707   10.21388  311.36233     5.4403   16.02014 4.2121e-02     0.2847     1.5221 0.0000e+00
        775 148.581880    0.05372     3.2232    193.393     95.918  51144.149    31.8553     5.4478     95.000     5.4406    25.1339     7.0733    10.1084     98.968    308.147    315.891   -0.00087    7.14702   10.21382  311.36055     5.4405   16.02006 4.2088e-02     0.2951     1.4882 0.0000e+00
        779 148.581892    0.05404     3.2420    194.522     96.928  51144.471    31.8551     5.4480     96.000     5.4406    25.1338     7.0693    10.1028     98.913    307.975    315.715   -0.00092    7.14700   10.21378  311.35956     5.4407   16.02001 4.2045e-02     0.2805     1.4554 0.0000e+00
        783 148.581905    0.05434     3.2603    195.616     97.939  51145.198    31.8551     5.4480     97.000     5.4407    25.1338     7.0730    10.1080     98.965    308.137    315.881   -0.00065    7.14699   10.21377  311.35900     5.4406   16.01999 4.2038e-02     0.2746     1.4779 0.0000e+00
        788 148.581918    0.05465     3.2791    196.745     98.948  51146.090    31.8553     5.4482     98.000     5.4410    25.1339     7.0764    10.1129     99.013    308.284    316.033   -0.00042    7.14694   10.21370  311.35695     5.4408   16.01989 4.2036e-02     0.2930     1.5577 0.0000e+00
        793 148.581932    0.05497     3.2983    197.900     99.958  51147.005    31.8556     5.4490     99.000     5.4420    25.1341     7.0750    10.1109     98.995    308.223    315.970   -0.00043    7.14680   10.21349  311.35061     5.4415   16.01959 4.1994e-02     0.3037     1.7600 0.0000e+00
        798 148.581946    0.05533     3.3198    199.186    100.968  51146.727    31.8553     5.4508    100.000     5.4443    25.1336     7.0714    10.1058     98.949    308.067    315.810   -0.00050    7.14651   10.21308  311.33806     5.4432   16.01899 4.1930e-02     0.3373     2.0959 0.0000e+00
        804 148.581965    0.05578     3.3466    200.799    101.978  51140.172    31.8511     5.4545    101.000     5.4475    25.1299     7.0671    10.0996     98.895    307.881    315.617   -0.00058    7.14610   10.21249  311.32112     5.4468   16.01820 4.1756e-02     0.3761     2.5510 0.0000e+00
