CTD-processing/allCTD/CNV/2014_04-11_t3_s06_cast006_5028.cnv
* Sea-Bird SBE19plus Data File:
* FileName = C:\Users\kris.holderied\Documents\kasitsna\Research-Projects-and-Data\Oceanography-AK\CTD-CookInlet-GulfWatchAK\2014-04-EVOSTC-CookInlet-Ocean\2014-04-11-CookInlet-Tran3-AnchorPt\2014-04-11-CookInlet-Tran3-AnchorPt-cast006.hex
* Software Version 1.59
* Temperature SN =  5028
* Conductivity SN =  5028
* System UpLoad Time = Apr 11 2014 15:32:19
** Cook Inlet LTM Transect 3 (Anchor Pt) west to east
** Date: 2014-04-11
** Station: 3-06
** Start time: 12:05
** Depth (m): 49
** Comment:  CTD time is AKDaylight
** Comment:
# nquan = 27
# nvalues = 49                          
# units = specified
# name 0 = scan: Scan Count
# name 1 = timeJ: Julian Days
# name 2 = timeH: Time, Elapsed [hours]
# name 3 = timeM: Time, Elapsed [minutes]
# name 4 = timeS: Time, Elapsed [seconds]
# name 5 = prdM: Pressure, Strain Gauge [db]
# name 6 = specc: Specific Conductance [uS/cm]
# name 7 = sal00: Salinity, Practical [PSU]
# name 8 = tv290C: Temperature [ITS-90, deg C]
# name 9 = depSM: Depth [salt water, m], lat = 59.00
# name 10 = potemp090C: Potential Temperature [ITS-90, deg C]
# name 11 = sigma-é00: Density [sigma-theta, kg/m^3]
# name 12 = sbeox0ML/L: Oxygen, SBE 43 [ml/l]
# name 13 = sbeox0Mg/L: Oxygen, SBE 43 [mg/l]
# name 14 = sbeox0PS: Oxygen, SBE 43 [% saturation]
# name 15 = sbox0Mm/Kg: Oxygen, SBE 43 [umol/kg]
# name 16 = sbeox0Mm/L: Oxygen, SBE 43 [umol/l]
# name 17 = sbox0dV/dT: Oxygen, SBE 43 [dov/dt]
# name 18 = oxsolML/L: Oxygen Saturation, Garcia & Gordon [ml/l]
# name 19 = oxsolMg/L: Oxygen Saturation, Garcia & Gordon [mg/l]
# name 20 = oxsolMm/Kg: Oxygen Saturation, Garcia & Gordon [umol/kg]
# name 21 = potemp090C: Potential Temperature [ITS-90, deg C]
# name 22 = n2satMg/L: Nitrogen Saturation [mg/l]
# name 23 = par: PAR/Irradiance, Biospherical/Licor
# name 24 = flECO-AFL: Fluorescence, WET Labs ECO-AFL/FL [mg/m^3]
# name 25 = turbWETntu0: Turbidity, WET Labs ECO [NTU]
# name 26 = flag: flag
# span 0 =        129,        594       
# span 1 = 101.503786, 101.505129       
# span 2 =    0.00891,    0.04116       
# span 3 =     0.5345,     2.4694       
# span 4 =     32.072,    148.164       
# span 5 =      1.010,     49.468       
# span 6 =  45482.220,  50395.773       
# span 7 =    27.5431,    30.6362       
# span 8 =     2.1282,     2.4333       
# span 9 =      1.000,     49.000       
# span 10 =     2.2132,     2.4313      
# span 11 =    21.9896,    24.4498      
# span 12 =     6.9606,     7.6169      
# span 13 =     9.9476,    10.8853      
# span 14 =     87.104,     98.074      
# span 15 =    304.279,    332.057      
# span 16 =    310.865,    340.171      
# span 17 =    0.00031,    0.01050      
# span 18 =    7.75714,    8.00092      
# span 19 =   11.08572,   11.43411      
# span 20 =  338.16672,  349.79451      
# span 21 =     2.1281,     2.4308      
# span 22 =   17.29941,   17.86292      
# span 23 = 3.7736e-02, 5.2522e+01      
# span 24 =     0.1006,     0.4323      
# span 25 =     5.1203,    24.1980      
# span 26 = 0.0000e+00, 0.0000e+00      
# interval = meters: 1                  
# start_time = Apr 11 2014 12:04:55 [Instrument's time stamp, header]
# bad_flag = -9.990e-29
*END*
        129 101.503786    0.00891     0.5345     32.072      1.010  45482.220    27.5431     2.1282      1.000     2.2132    21.9896     6.9606     9.9476     87.104    304.279    310.865    0.00625    8.00092   11.43411  349.79451     2.1281   17.86292 5.2522e+01     0.1006     5.1203 0.0000e+00
        313 101.504317    0.02166     1.2996     77.979      2.019  50395.773    30.6293     2.3188      2.000     2.3121    24.4498     7.2624    10.3787     93.346    316.596    324.341    0.01050    7.77883   11.11673  339.10089     2.3188   17.34381 1.9729e+01     0.2634     6.2589 0.0000e+00
        309 101.504305    0.02138     1.2828     76.969      3.028  50131.999    30.4604     2.2984      3.000     2.2920    24.3158     7.0569    10.0850     90.555    307.681    315.163    0.00148    7.79294   11.13689  339.77093     2.2983   17.37625 9.4186e+00     0.2590     6.1998 0.0000e+00
        314 101.504320    0.02174     1.3044     78.264      4.038  50147.277    30.4664     2.2848      4.000     2.2822    24.3216     7.1110    10.1623     91.222    310.037    317.578    0.00294    7.79531   11.14027  339.87214     2.2846   17.38103 4.2789e+00     0.2705     6.6376 0.0000e+00
        320 101.504336    0.02212     1.3274     79.644      5.047  50154.289    30.4694     2.2803      5.000     2.2793    24.3243     7.1395    10.2031     91.579    311.281    318.852    0.00325    7.79603   11.14131  339.90288     2.2801   17.38248 2.1367e+00     0.2826     6.8603 0.0000e+00
        326 101.504354    0.02254     1.3522     81.131      6.057  50157.969    30.4704     2.2771      6.000     2.2754    24.3254     7.1612    10.2340     91.850    312.223    319.818    0.00323    7.79660   11.14212  339.92731     2.2769   17.38363 1.1083e+00     0.2906     6.6737 0.0000e+00
        332 101.504372    0.02299     1.3791     82.744      7.066  50161.898    30.4720     2.2752      7.000     2.2750    24.3268     7.1706    10.2476     91.968    312.635    320.240    0.00276    7.79689   11.14253  339.93941     2.2749   17.38420 5.9369e-01     0.2932     6.7200 0.0000e+00
        338 101.504389    0.02340     1.4040     84.241      8.076  50162.944    30.4721     2.2751      8.000     2.2754    24.3269     7.1838    10.2664     92.137    313.209    320.829    0.00258    7.79691   11.14256  339.94010     2.2747   17.38423 3.2758e-01     0.2967     7.0572 0.0000e+00
        344 101.504408    0.02384     1.4303     85.818      9.085  50157.993    30.4693     2.2789      9.000     2.2790    24.3244     7.1999    10.2893     92.350    313.911    321.547    0.00251    7.79630   11.14169  339.91457     2.2785   17.38303 1.8947e-01     0.2912     7.0007 0.0000e+00
        351 101.504428    0.02434     1.4601     87.606     10.095  50156.968    30.4677     2.2773     10.000     2.2760    24.3232     7.2342    10.3384     92.786    315.410    323.082    0.00293    7.79671   11.14228  339.93275     2.2768   17.38390 1.1720e-01     0.3074     6.5875 0.0000e+00
        360 101.504454    0.02494     1.4965     89.789     11.104  50158.567    30.4675     2.2743     11.000     2.2736    24.3232     7.2644    10.3815     93.165    316.723    324.427    0.00295    7.79731   11.14313  339.95869     2.2738   17.38513 7.7020e-02     0.3091     6.5805 0.0000e+00
        370 101.504481    0.02559     1.5356     92.137     12.114  50159.011    30.4670     2.2736     12.000     2.2729    24.3229     7.2679    10.3866     93.209    316.880    324.587    0.00211    7.79748   11.14338  339.96659     2.2730   17.38551 5.5094e-02     0.3074     6.5064 0.0000e+00
        379 101.504508    0.02625     1.5751     94.504     13.123  50161.263    30.4681     2.2741     13.000     2.2736    24.3238     7.2835    10.4089     93.411    317.558    325.282    0.00190    7.79732   11.14315  339.95921     2.2735   17.38515 4.3190e-02     0.3026     6.4865 0.0000e+00
        388 101.504534    0.02688     1.6128     96.767     14.133  50167.175    30.4706     2.2702     14.000     2.2668    24.3260     7.2985    10.4303     93.595    318.212    325.952    0.00173    7.79794   11.14404  339.98574     2.2696   17.38640 3.8481e-02     0.2983     6.4538 0.0000e+00
        397 101.504559    0.02748     1.6490     98.939     15.142  50181.622    30.4770     2.2604     15.000     2.2594    24.3318     7.3321    10.4783     94.007    319.672    327.450    0.00220    7.79953   11.14630  340.05280     2.2598   17.38956 4.1857e-02     0.3040     6.8102 0.0000e+00
        405 101.504583    0.02805     1.6827    100.963     16.151  50183.622    30.4778     2.2604     16.000     2.2597    24.3325     7.3597    10.5178     94.362    320.878    328.686    0.00243    7.79950   11.14628  340.05168     2.2596   17.38950 4.0434e-02     0.2853     6.8754 0.0000e+00
        413 101.504606    0.02859     1.7153    102.917     17.161  50184.951    30.4784     2.2611     17.000     2.2607    24.3329     7.3899    10.5608     94.750    322.190    330.029    0.00270    7.79933   11.14601  340.04365     2.2603   17.38912 3.7736e-02     0.2928     7.0481 0.0000e+00
        419 101.504624    0.02903     1.7417    104.501     18.170  50192.669    30.4836     2.2632     18.000     2.2631    24.3369     7.4132    10.5941     95.057    323.207    331.072    0.00284    7.79865   11.14505  340.01276     2.2623   17.38763 3.7914e-02     0.3016     7.1402 0.0000e+00
        426 101.504643    0.02948     1.7688    106.130     19.180  50197.809    30.4871     2.2653     19.000     2.2647    24.3395     7.4408    10.6337     95.419    324.411    332.307    0.00308    7.79803   11.14417  339.98506     2.2644   17.38630 3.7912e-02     0.2972     7.6318 0.0000e+00
        432 101.504662    0.02994     1.7962    107.775     20.189  50201.929    30.4895     2.2661     20.000     2.2658    24.3415     7.4496    10.6462     95.535    324.792    332.698    0.00263    7.79776   11.14378  339.97251     2.2651   17.38570 3.7912e-02     0.2911     8.1108 0.0000e+00
        438 101.504679    0.03036     1.8212    109.269     21.199  50219.543    30.5019     2.2700     21.000     2.2710    24.3510     7.4631    10.6655     95.726    325.379    333.302    0.00252    7.79633   11.14174  339.90714     2.2689   17.38255 3.7912e-02     0.3021     8.5223 0.0000e+00
        444 101.504696    0.03077     1.8463    110.775     22.209  50224.136    30.5056     2.2744     22.000     2.2738    24.3537     7.4814    10.6917     95.974    326.176    334.119    0.00259    7.79524   11.14018  339.85870     2.2734   17.38023 3.7912e-02     0.2990     9.7922 0.0000e+00
        451 101.504716    0.03124     1.8742    112.449     23.218  50227.143    30.5074     2.2753     23.000     2.2746    24.3550     7.4778    10.6865     95.931    326.019    333.959    0.00185    7.79499   11.13982  339.84727     2.2742   17.37968 3.7912e-02     0.2933    10.3898 0.0000e+00
        457 101.504734    0.03167     1.8997    113.983     24.228  50230.595    30.5095     2.2768     24.000     2.2759    24.3567     7.4820    10.6925     95.990    326.201    334.146    0.00156    7.79457   11.13922  339.82824     2.2757   17.37877 3.7912e-02     0.2968    10.6974 0.0000e+00
        463 101.504751    0.03209     1.9254    115.526     25.237  50232.960    30.5107     2.2774     25.000     2.2765    24.3577     7.4856    10.6977     96.038    326.358    334.307    0.00133    7.79438   11.13895  339.81992     2.2762   17.37837 3.7912e-02     0.3056    10.9627 0.0000e+00
        470 101.504772    0.03258     1.9545    117.269     26.247  50233.749    30.5110     2.2780     26.000     2.2766    24.3578     7.4834    10.6945     96.012    326.261    334.208    0.00087    7.79425   11.13877  339.81438     2.2768   17.37811 3.7912e-02     0.3176    11.2090 0.0000e+00
        476 101.504790    0.03300     1.9800    118.801     27.256  50233.641    30.5102     2.2775     27.000     2.2761    24.3572     7.5201    10.7470     96.481    327.861    335.847    0.00191    7.79440   11.13897  339.82068     2.2762   17.37841 3.7912e-02     0.3170    11.2871 0.0000e+00
        482 101.504805    0.03337     2.0024    120.145     28.266  50235.639    30.5110     2.2775     28.000     2.2763    24.3579     7.4838    10.6952     96.016    326.281    334.229    0.00031    7.79436   11.13892  339.81884     2.2761   17.37832 3.7912e-02     0.3143    11.3080 0.0000e+00
        488 101.504822    0.03379     2.0271    121.629     29.276  50235.526    30.5105     2.2776     29.000     2.2760    24.3574     7.4998    10.7180     96.220    326.976    334.940    0.00073    7.79437   11.13894  339.81946     2.2762   17.37835 3.7912e-02     0.3069    11.5279 0.0000e+00
        493 101.504839    0.03419     2.0513    123.081     30.285  50235.389    30.5097     2.2771     30.000     2.2753    24.3568     7.4947    10.7107     96.154    326.756    334.715    0.00038    7.79451   11.13913  339.82562     2.2756   17.37865 3.7912e-02     0.3125    11.3719 0.0000e+00
        499 101.504856    0.03460     2.0761    124.569     31.295  50235.381    30.5089     2.2762     31.000     2.2746    24.3563     7.5019    10.7209     96.243    327.067    335.034    0.00049    7.79471   11.13943  339.83479     2.2748   17.37908 3.7912e-02     0.3165    11.2559 0.0000e+00
        504 101.504871    0.03496     2.0979    125.872     32.304  50236.200    30.5089     2.2761     32.000     2.2745    24.3563     7.5093    10.7315     96.339    327.392    335.367    0.00060    7.79474   11.13947  339.83626     2.2745   17.37915 3.7912e-02     0.3036    11.3113 0.0000e+00
        510 101.504887    0.03535     2.1207    127.242     33.314  50236.597    30.5088     2.2762     33.000     2.2747    24.3561     7.5174    10.7431     96.442    327.745    335.728    0.00072    7.79473   11.13945  339.83552     2.2746   17.37912 3.7912e-02     0.3059    11.4348 0.0000e+00
        516 101.504904    0.03574     2.1448    128.690     34.324  50237.725    30.5090     2.2765     34.000     2.2749    24.3564     7.5187    10.7449     96.459    327.800    335.784    0.00058    7.79466   11.13936  339.83281     2.2748   17.37899 3.7912e-02     0.3103    11.4308 0.0000e+00
        521 101.504919    0.03610     2.1660    129.963     35.334  50239.019    30.5094     2.2767     35.000     2.2750    24.3567     7.5203    10.7472     96.480    327.869    335.854    0.00050    7.79461   11.13927  339.83012     2.2750   17.37886 3.7912e-02     0.3177    11.3284 0.0000e+00
        526 101.504934    0.03647     2.1881    131.286     36.343  50242.542    30.5114     2.2771     36.000     2.2759    24.3582     7.5315    10.7633     96.627    328.360    336.358    0.00074    7.79442   11.13900  339.82132     2.2754   17.37843 3.7912e-02     0.3100    11.2168 0.0000e+00
        531 101.504948    0.03680     2.2078    132.465     37.352  50243.528    30.5118     2.2783     37.000     2.2768    24.3585     7.5419    10.7782     96.764    328.813    336.823    0.00094    7.79414   11.13861  339.80924     2.2766   17.37786 3.7912e-02     0.3132    11.3481 0.0000e+00
        536 101.504963    0.03717     2.2300    133.803     38.362  50244.017    30.5118     2.2787     38.000     2.2770    24.3584     7.5474    10.7861     96.836    329.053    337.068    0.00091    7.79407   11.13850  339.80594     2.2769   17.37771 3.7912e-02     0.3116    11.3540 0.0000e+00
        541 101.504978    0.03753     2.2517    135.105     39.372  50244.747    30.5118     2.2789     39.000     2.2771    24.3584     7.5576    10.8006     96.967    329.497    337.523    0.00104    7.79403   11.13844  339.80407     2.2771   17.37762 3.7912e-02     0.3026    11.4446 0.0000e+00
        546 101.504992    0.03788     2.2725    136.348     40.382  50245.626    30.5119     2.2790     40.000     2.2773    24.3585     7.5629    10.8082     97.035    329.728    337.760    0.00101    7.79400   11.13841  339.80298     2.2771   17.37756 3.7912e-02     0.2951    11.5020 0.0000e+00
        552 101.505008    0.03823     2.2940    137.640     41.391  50250.742    30.5151     2.2800     41.000     2.2796    24.3610     7.5713    10.8200     97.147    330.091    338.132    0.00106    7.79365   11.13790  339.78686     2.2781   17.37678 3.7912e-02     0.3148    11.6767 0.0000e+00
        557 101.505022    0.03858     2.3148    138.888     42.401  50259.318    30.5218     2.2855     42.000     2.2861    24.3659     7.5838    10.8380     97.325    330.635    338.691    0.00131    7.79220   11.13584  339.72206     2.2835   17.37369 3.7912e-02     0.3168    11.9772 0.0000e+00
        562 101.505038    0.03897     2.3378    140.271     43.411  50275.016    30.5340     2.2937     43.000     2.2980    24.3751     7.5935    10.8519     97.479    331.057    339.127    0.00142    7.78994   11.13261  339.62037     2.2917   17.36881 3.7912e-02     0.3128    12.8474 0.0000e+00
        567 101.505052    0.03932     2.3590    141.537     44.420  50298.981    30.5546     2.3123     44.000     2.3204    24.3903     7.5959    10.8552     97.569    331.155    339.232    0.00137    7.78517   11.12579  339.40754     2.3102   17.35863 3.7912e-02     0.3107    13.7426 0.0000e+00
        572 101.505067    0.03966     2.3799    142.797     45.430  50353.711    30.6000     2.3466     45.000     2.3640    24.4241     7.6023    10.8645     97.766    331.424    339.519    0.00160    7.77603   11.11273  338.99784     2.3444   17.33900 3.7912e-02     0.3251    15.9120 0.0000e+00
        577 101.505082    0.04003     2.4015    144.092     46.440  50361.835    30.6170     2.3907     46.000     2.3972    24.4345     7.6169    10.8853     98.074    332.057    340.171    0.00210    7.76650   11.09910  338.57875     2.3884   17.31904 3.7912e-02     0.3548    20.2547 0.0000e+00
        583 101.505098    0.04042     2.4252    145.511     47.449  50360.706    30.6200     2.4068     47.000     2.4092    24.4358     7.6089    10.8738     98.012    331.706    339.811    0.00152    7.76317   11.09435  338.43341     2.4045   17.31213 3.7912e-02     0.3788    23.7644 0.0000e+00
        588 101.505114    0.04079     2.4475    146.848     48.459  50378.830    30.6362     2.4235     48.000     2.4265    24.4474     7.5883    10.8444     97.798    330.804    338.892    0.00063    7.75906   11.08848  338.25031     2.4211   17.30338 3.7912e-02     0.3985    24.1890 0.0000e+00
        594 101.505129    0.04116     2.4694    148.164     49.468  50375.718    30.6362     2.4333     49.000     2.4313    24.4468     7.5910    10.8483     97.858    330.925    339.016    0.00065    7.75714   11.08572  338.16672     2.4308   17.29941 3.7912e-02     0.4323    24.1980 0.0000e+00
