CTD-processing/allCTD/CNV/2014_07-24_t7_s01_cast001_4141.cnv
* Sea-Bird SBE19plus Data File:
* FileName = C:\Users\kris.holderied\Documents\kasitsna\Research-Projects-and-Data\Oceanography-AK\CTD-Data-ALL-to-2014-06\2014-CTD-KachemakBay-CookInlet\2014-07-EVOSTC-CookInlet-quarterly\2014-07-24-CookInlet-Tran7-Augustine\2014-07-24-CookInlet-Tran7-cast001.hex
* Software Version 1.59
* Temperature SN =  4141
* Conductivity SN =  4141
* System UpLoad Time = Jul 24 2014 17:16:58
** Cook Inlet LTM Transect 7 (Augustine) West to East
** Date: 07-24
** Station: 7-01
** Start time: 08:00
** Depth (m): 25
** Comment:  CTD time is Alaska Daylight time.  Transducer  depth (transducer is 9 ft).
** Comment:
# nquan = 27
# nvalues = 26                          
# units = specified
# name 0 = scan: Scan Count
# name 1 = timeJ: Julian Days
# name 2 = timeH: Time, Elapsed [hours]
# name 3 = timeM: Time, Elapsed [minutes]
# name 4 = timeS: Time, Elapsed [seconds]
# name 5 = prdM: Pressure, Strain Gauge [db]
# name 6 = specc: Specific Conductance [uS/cm]
# name 7 = sal00: Salinity, Practical [PSU]
# name 8 = tv290C: Temperature [ITS-90, deg C]
# name 9 = depSM: Depth [salt water, m], lat = 59.00
# name 10 = potemp090C: Potential Temperature [ITS-90, deg C]
# name 11 = sigma-é00: Density [sigma-theta, kg/m^3]
# name 12 = sbeox0ML/L: Oxygen, SBE 43 [ml/l]
# name 13 = sbeox0Mg/L: Oxygen, SBE 43 [mg/l]
# name 14 = sbeox0PS: Oxygen, SBE 43 [% saturation]
# name 15 = sbox0Mm/Kg: Oxygen, SBE 43 [umol/kg]
# name 16 = sbeox0Mm/L: Oxygen, SBE 43 [umol/l]
# name 17 = sbox0dV/dT: Oxygen, SBE 43 [dov/dt]
# name 18 = oxsolML/L: Oxygen Saturation, Garcia & Gordon [ml/l]
# name 19 = oxsolMg/L: Oxygen Saturation, Garcia & Gordon [mg/l]
# name 20 = oxsolMm/Kg: Oxygen Saturation, Garcia & Gordon [umol/kg]
# name 21 = n2satMg/L: Nitrogen Saturation [mg/l]
# name 22 = par: PAR/Irradiance, Biospherical/Licor
# name 23 = wetStar: Fluorescence, WET Labs WETstar [mg/m^3]
# name 24 = CStarAt0: Beam Attenuation, WET Labs C-Star [1/m]
# name 25 = CStarTr0: Beam Transmission, WET Labs C-Star [%]
# name 26 = flag: flag
# span 0 =         72,        431       
# span 1 = 205.334036, 205.335076       
# span 2 =    0.00491,    0.02987       
# span 3 =     0.2949,     1.7925       
# span 4 =     17.692,    107.549       
# span 5 =      1.004,     26.245       
# span 6 =  47609.689,  48032.472       
# span 7 =    30.4290,    30.5875       
# span 8 =    11.0969,    12.4359       
# span 9 =      1.000,     26.000       
# span 10 =    11.0940,    12.2498      
# span 11 =    22.9629,    23.3253      
# span 12 =     5.6551,     6.2020      
# span 13 =     8.0817,     8.8633      
# span 14 =     91.666,     99.166      
# span 15 =    246.887,    270.728      
# span 16 =    252.557,    276.980      
# span 17 =   -0.01295,    0.00051      
# span 18 =    6.17138,    6.34318      
# span 19 =    8.81953,    9.06504      
# span 20 =  269.42683,  276.82957      
# span 21 =   14.02217,   14.37634      
# span 22 = 1.9275e-01, 6.3790e+01      
# span 23 =     1.0928,     2.8740      
# span 24 =     0.6394,     2.2575      
# span 25 =    64.6083,    84.4321      
# span 26 = 0.0000e+00, 0.0000e+00      
# interval = meters: 1                  
# start_time = Jul 24 2014 08:00:43 [Instrument's time stamp, header]
# bad_flag = -9.990e-29
*END*
         72 205.334036    0.00491     0.2949     17.692      1.004  47609.689    30.4310    12.4359      1.000    12.2498    22.9629     5.6551     8.0817     91.666    246.887    252.557    0.00017    6.17138    8.81953  269.42683   14.02217 5.5683e+01     1.0928     2.2575    64.6083 0.0000e+00
        348 205.334835    0.02409     1.4453     86.717      2.026  47729.141    30.4552    11.7950      2.000    11.7907    23.0992     6.2020     8.8633     99.166    270.728    276.980    0.00051    6.25440    8.93817  273.01525   14.19412 6.3790e+01     2.6270     0.6394    84.4321 0.0000e+00
        338 205.334806    0.02339     1.4038     84.228      3.028  47703.095    30.4290    11.7247      3.000    11.6604    23.0914     6.1680     8.8146     98.454    269.244    275.461   -0.00204    6.26485    8.95309  273.47311   14.21616 4.4370e+01     2.7334     0.7389    83.1333 0.0000e+00
        343 205.334820    0.02372     1.4234     85.406      4.041  47767.121    30.4591    11.5787      4.000    11.5222    23.1409     6.1324     8.7639     97.601    267.680    273.875   -0.00958    6.28316    8.97926  274.25916   14.25371 3.2391e+01     2.7578     0.7702    82.4857 0.0000e+00
        347 205.334831    0.02401     1.4405     86.428      5.056  47854.032    30.5119    11.4979      5.000    11.4917    23.1962     6.1010     8.7188     96.965    266.290    272.467   -0.01295    6.29187    8.99172  274.62498   14.27103 2.4285e+01     2.6954     0.7638    82.6176 0.0000e+00
        350 205.334840    0.02422     1.4532     87.191      6.060  47833.515    30.4963    11.4916      6.000    11.4491    23.1852     6.0902     8.7035     96.771    265.824    271.987   -0.01195    6.29335    8.99382  274.69225   14.27432 1.8009e+01     2.8738     0.7729    82.4286 0.0000e+00
        353 205.334849    0.02442     1.4652     87.911      7.055  47829.253    30.4848    11.4143      7.000    11.3523    23.1899     6.0938     8.7086     96.662    265.980    272.148   -0.00990    6.30422    9.00936  275.16525   14.29702 1.3689e+01     2.8740     0.7745    82.3959 0.0000e+00
        357 205.334860    0.02470     1.4820     88.920      8.070  47908.701    30.5298    11.3121      8.000    11.2870    23.2429     6.0764     8.6837     96.203    265.207    271.372   -0.01029    6.31621    9.02650  275.67451   14.32123 1.0879e+01     2.6156     0.7861    82.1578 0.0000e+00
        362 205.334875    0.02506     1.5036     90.217      9.095  47959.183    30.5618    11.2802      9.000    11.2871    23.2734     6.0454     8.6395     95.666    263.847    269.988   -0.01196    6.31925    9.03084  275.79886   14.32707 8.6534e+00     2.6065     0.7798    82.2859 0.0000e+00
        365 205.334885    0.02531     1.5187     91.124     10.095  47938.603    30.5472    11.2840     10.000    11.2750    23.2614     6.0524     8.6495     95.776    264.155    270.300   -0.00711    6.31932    9.03094  275.80533   14.32743 6.7383e+00     2.6655     0.7849    82.1827 0.0000e+00
        369 205.334896    0.02556     1.5335     92.013     11.103  47955.695    30.5580    11.2751     11.000    11.2739    23.2713     6.0557     8.6543     95.817    264.298    270.449   -0.00428    6.32008    9.03204  275.83596   14.32886 5.3547e+00     2.6712     0.7809    82.2659 0.0000e+00
        373 205.334906    0.02580     1.5485     92.908     12.111  47904.107    30.5179    11.2459     12.000    11.1879    23.2453     6.0562     8.6549     95.740    264.326    270.470   -0.00357    6.32566    9.04000  276.08623   14.34101 4.2459e+00     2.6138     0.7913    82.0521 0.0000e+00
        376 205.334917    0.02607     1.5646     93.874     13.123  47980.832    30.5611    11.1474     13.000    11.1250    23.2961     6.0465     8.6411     95.412    263.892    270.039   -0.00551    6.33730    9.05664  276.58067   14.36451 3.3578e+00     2.7891     0.7905    82.0672 0.0000e+00
        381 205.334930    0.02636     1.5818     94.909     14.131  48017.732    30.5840    11.1212     14.000    11.1203    23.3184     6.0306     8.6183     95.120    263.188    269.325   -0.00671    6.33995    9.06042  276.69010   14.36966 2.6760e+00     2.5178     0.7852    82.1764 0.0000e+00
        385 205.334942    0.02666     1.5996     95.975     15.145  48014.618    30.5815    11.1221     15.000    11.1192    23.3163     6.0168     8.5986     94.903    262.588    268.710   -0.00650    6.33992    9.06038  276.68947   14.36964 2.1408e+00     2.5246     0.7819    82.2443 0.0000e+00
        389 205.334953    0.02692     1.6154     96.926     16.154  48013.912    30.5804    11.1207     16.000    11.1154    23.3157     6.0081     8.5863     94.763    262.211    268.324   -0.00595    6.34016    9.06072  276.69999   14.37015 1.6977e+00     2.4181     0.7873    82.1332 0.0000e+00
        392 205.334963    0.02717     1.6304     97.827     17.156  48017.502    30.5815    11.1112     17.000    11.1062    23.3183     6.0123     8.5921     94.811    262.390    268.509   -0.00392    6.34140    9.06249  276.75348   14.37271 1.3307e+00     2.4080     0.7892    82.0931 0.0000e+00
        397 205.334977    0.02749     1.6493     98.960     18.171  48020.673    30.5830    11.1080     18.000    11.1038    23.3200     6.0157     8.5971     94.859    262.540    268.662   -0.00186    6.34178    9.06303  276.76950   14.37347 1.0691e+00     2.5415     0.7892    82.0948 0.0000e+00
        401 205.334990    0.02781     1.6684    100.107     19.186  48025.782    30.5857    11.1032     19.000    11.1015    23.3229     6.0040     8.5802     94.664    262.026    268.137   -0.00303    6.34233    9.06382  276.79274   14.37457 8.4964e-01     2.4251     0.7892    82.0949 0.0000e+00
        405 205.335000    0.02806     1.6836    101.014     20.187  48025.840    30.5855    11.1053     20.000    11.1036    23.3225     6.0055     8.5824     94.693    262.093    268.205   -0.00247    6.34206    9.06344  276.78118   14.37402 6.7353e-01     2.4448     0.7899    82.0793 0.0000e+00
        409 205.335011    0.02832     1.6994    101.963     21.196  48025.544    30.5850    11.1059     21.000    11.1045    23.3220     6.0182     8.6006     94.894    262.646    268.772    0.00046    6.34199    9.06333  276.77821   14.37388 5.3656e-01     2.3787     0.7847    82.1858 0.0000e+00
        414 205.335025    0.02865     1.7192    103.154     22.205  48023.706    30.5835    11.1074     22.000    11.1033    23.3205     6.0156     8.5969     94.855    262.534    268.656    0.00005    6.34185    9.06313  276.77240   14.37361 4.3321e-01     2.3832     0.7788    82.3071 0.0000e+00
        419 205.335041    0.02904     1.7421    104.528     23.230  48023.742    30.5825    11.1015     23.000    11.0954    23.3208     6.0122     8.5920     94.789    262.386    268.505   -0.00088    6.34268    9.06432  276.80874   14.37536 3.4453e-01     2.2961     0.7834    82.2156 0.0000e+00
        423 205.335051    0.02927     1.7563    105.378     24.232  48029.830    30.5859    11.0969     24.000    11.0940    23.3243     6.0110     8.5904     94.764    262.335    268.454   -0.00086    6.34318    9.06504  276.82957   14.37634 2.7801e-01     2.5135     0.7946    81.9822 0.0000e+00
        426 205.335060    0.02949     1.7697    106.179     25.223  48032.472    30.5875    11.0987     25.000    11.0985    23.3253     6.0067     8.5842     94.700    262.146    268.261   -0.00139    6.34287    9.06460  276.81586   14.37568 2.2762e-01     2.3664     0.7917    82.0423 0.0000e+00
        431 205.335076    0.02987     1.7925    107.549     26.245  48026.932    30.5837    11.1038     26.000    11.0993    23.3215     6.0124     8.5923     94.798    262.393    268.512   -0.00019    6.34232    9.06381  276.79279   14.37459 1.9275e-01     2.2483     0.7827    82.2280 0.0000e+00
