CTD-processing/allCTD/CNV/2014_04-11_t3_s01_cast001_5028.cnv
* Sea-Bird SBE19plus Data File:
* FileName = C:\Users\kris.holderied\Documents\kasitsna\Research-Projects-and-Data\Oceanography-AK\CTD-CookInlet-GulfWatchAK\2014-04-EVOSTC-CookInlet-Ocean\2014-04-11-CookInlet-Tran3-AnchorPt\2014-04-11-CookInlet-Tran3-AnchorPt-cast001.hex
* Software Version 1.59
* Temperature SN =  5028
* Conductivity SN =  5028
* System UpLoad Time = Apr 11 2014 15:29:45
** Cook Inlet LTM Transect 3 (Anchor Pt) west to east
** Date: 2014-04-11
** Station: 3-01
** Start time: 10:53
** Depth (m): 19
** Comment:  CTD time is AKDaylight
** Comment:
# nquan = 27
# nvalues = 19                          
# units = specified
# name 0 = scan: Scan Count
# name 1 = timeJ: Julian Days
# name 2 = timeH: Time, Elapsed [hours]
# name 3 = timeM: Time, Elapsed [minutes]
# name 4 = timeS: Time, Elapsed [seconds]
# name 5 = prdM: Pressure, Strain Gauge [db]
# name 6 = specc: Specific Conductance [uS/cm]
# name 7 = sal00: Salinity, Practical [PSU]
# name 8 = tv290C: Temperature [ITS-90, deg C]
# name 9 = depSM: Depth [salt water, m], lat = 59.00
# name 10 = potemp090C: Potential Temperature [ITS-90, deg C]
# name 11 = sigma-é00: Density [sigma-theta, kg/m^3]
# name 12 = sbeox0ML/L: Oxygen, SBE 43 [ml/l]
# name 13 = sbeox0Mg/L: Oxygen, SBE 43 [mg/l]
# name 14 = sbeox0PS: Oxygen, SBE 43 [% saturation]
# name 15 = sbox0Mm/Kg: Oxygen, SBE 43 [umol/kg]
# name 16 = sbeox0Mm/L: Oxygen, SBE 43 [umol/l]
# name 17 = sbox0dV/dT: Oxygen, SBE 43 [dov/dt]
# name 18 = oxsolML/L: Oxygen Saturation, Garcia & Gordon [ml/l]
# name 19 = oxsolMg/L: Oxygen Saturation, Garcia & Gordon [mg/l]
# name 20 = oxsolMm/Kg: Oxygen Saturation, Garcia & Gordon [umol/kg]
# name 21 = potemp090C: Potential Temperature [ITS-90, deg C]
# name 22 = n2satMg/L: Nitrogen Saturation [mg/l]
# name 23 = par: PAR/Irradiance, Biospherical/Licor
# name 24 = flECO-AFL: Fluorescence, WET Labs ECO-AFL/FL [mg/m^3]
# name 25 = turbWETntu0: Turbidity, WET Labs ECO [NTU]
# name 26 = flag: flag
# span 0 =        231,        404       
# span 1 = 101.454358, 101.454856       
# span 2 =    0.01598,    0.02796       
# span 3 =     0.9587,     1.6774       
# span 4 =     57.523,    100.646       
# span 5 =      1.009,     19.180       
# span 6 =  48137.711,  50111.739       
# span 7 =    29.1589,    30.3569       
# span 8 =     1.9130,     2.4056       
# span 9 =      1.000,     19.000       
# span 10 =     1.9186,     2.1816      
# span 11 =    23.2719,    24.2535      
# span 12 =     7.1436,     7.4104      
# span 13 =    10.2090,    10.5902      
# span 14 =     90.767,     94.508      
# span 15 =    311.490,    323.429      
# span 16 =    319.035,    330.949      
# span 17 =    0.00233,    0.01289      
# span 18 =    7.84252,    7.88827      
# span 19 =   11.20775,   11.27313      
# span 20 =  342.28335,  344.01224      
# span 21 =     1.9129,     2.4056      
# span 22 =   17.50110,   17.57884      
# span 23 = 6.6641e-02, 7.2117e+01      
# span 24 =     0.1790,     0.3654      
# span 25 =    10.7687,    20.4491      
# span 26 = 0.0000e+00, 0.0000e+00      
# interval = meters: 1                  
# start_time = Apr 11 2014 10:53:19 [Instrument's time stamp, header]
# bad_flag = -9.990e-29
*END*
        231 101.454358    0.01598     0.9587     57.523      1.009  48137.711    29.1589     2.4056      1.000     2.1816    23.2719     7.4104    10.5902     94.508    323.429    330.949    0.01289    7.84252   11.20775  342.28335     2.4056   17.50110 7.2117e+01     0.1790    10.7687 0.0000e+00
        332 101.454651    0.02302     1.3812     82.873      2.019  49768.262    30.1123     1.9130      2.000     1.9186    24.0633     7.2237    10.3234     91.574    315.030    322.611    0.01144    7.88827   11.27313  344.01224     1.9129   17.57884 3.0577e+01     0.2357    12.5275 0.0000e+00
        335 101.454660    0.02322     1.3935     83.610      3.028  49864.737    30.1812     1.9319      3.000     1.9437    24.1174     7.1565    10.2274     90.809    312.083    319.609    0.00706    7.88076   11.26239  343.66625     1.9318   17.56217 6.8670e+00     0.2605    12.3497 0.0000e+00
        340 101.454673    0.02355     1.4129     84.773      4.038  49987.005    30.2700     1.9602      4.000     1.9699    24.1866     7.1436    10.2090     90.767    311.501    319.035    0.00568    7.87030   11.24744  343.18699     1.9600   17.53908 1.4875e+00     0.3035    12.6198 0.0000e+00
        345 101.454687    0.02386     1.4316     85.898      5.047  50052.895    30.3190     1.9803      5.000     1.9868    24.2245     7.1437    10.2090     90.844    311.490    319.036    0.00495    7.86363   11.23790  342.88332     1.9800   17.52448 3.1018e-01     0.3172    13.3599 0.0000e+00
        349 101.454699    0.02417     1.4501     87.008      6.057  50080.962    30.3407     1.9929      6.000     1.9961    24.2411     7.1524    10.2216     90.999    311.868    319.428    0.00453    7.85991   11.23261  342.71615     1.9927   17.51646 1.0173e-01     0.3175    14.1880 0.0000e+00
        353 101.454712    0.02447     1.4681     88.087      7.066  50096.250    30.3521     1.9990      7.000     2.0000    24.2498     7.1576    10.2289     91.086    312.091    319.659    0.00403    7.85808   11.22999  342.63329     1.9987   17.51248 7.5412e-02     0.3296    14.8972 0.0000e+00
        358 101.454724    0.02476     1.4855     89.127      8.076  50099.088    30.3540     2.0009      8.000     2.0006    24.2512     7.1614    10.2344     91.140    312.256    319.829    0.00352    7.85761   11.22932  342.61236     2.0006   17.51149 1.5213e-01     0.3264    15.4510 0.0000e+00
        362 101.454736    0.02504     1.5025     90.149      9.085  50100.399    30.3544     2.0008      9.000     2.0003    24.2514     7.1655    10.2402     91.192    312.435    320.013    0.00311    7.85761   11.22931  342.61205     2.0004   17.51147 1.4365e-01     0.3214    15.9906 0.0000e+00
        366 101.454747    0.02533     1.5194     91.163     10.095  50102.105    30.3549     2.0008     10.000     2.0003    24.2519     7.1697    10.2463     91.246    312.618    320.200    0.00275    7.85759   11.22929  342.61123     2.0003   17.51143 8.1456e-02     0.3109    16.3185 0.0000e+00
        370 101.454759    0.02561     1.5365     92.192     11.104  50103.784    30.3555     2.0008     11.000     2.0004    24.2524     7.1758    10.2550     91.324    312.884    320.471    0.00251    7.85755   11.22923  342.60924     2.0003   17.51133 7.4119e-02     0.3146    16.5840 0.0000e+00
        374 101.454771    0.02589     1.5535     93.211     12.113  50105.033    30.3559     2.0009     12.000     2.0004    24.2527     7.1831    10.2654     91.417    313.202    320.799    0.00233    7.85751   11.22917  342.60736     2.0003   17.51124 7.1570e-02     0.3122    16.8190 0.0000e+00
        378 101.454783    0.02617     1.5702     94.213     13.123  50106.431    30.3563     2.0011     13.000     2.0006    24.2530     7.1944    10.2816     91.562    313.696    321.304    0.00235    7.85746   11.22909  342.60480     2.0005   17.51112 6.9991e-02     0.3235    17.0599 0.0000e+00
        382 101.454794    0.02644     1.5865     95.192     14.133  50107.756    30.3567     2.0012     14.000     2.0006    24.2533     7.2064    10.2987     91.716    314.219    321.840    0.00237    7.85740   11.22901  342.60213     2.0006   17.51099 6.9050e-02     0.3346    17.7843 0.0000e+00
        386 101.454805    0.02672     1.6032     96.193     15.142  50108.623    30.3568     2.0013     15.000     2.0006    24.2534     7.2202    10.3184     91.890    314.818    322.453    0.00246    7.85738   11.22898  342.60129     2.0006   17.51095 6.8287e-02     0.3374    18.7362 0.0000e+00
        390 101.454818    0.02702     1.6210     97.262     16.151  50109.399    30.3568     2.0014     16.000     2.0007    24.2534     7.2300    10.3324     92.016    315.246    322.893    0.00237    7.85736   11.22896  342.60055     2.0007   17.51091 6.7777e-02     0.3509    19.0953 0.0000e+00
        394 101.454830    0.02732     1.6393     98.360     17.161  50110.216    30.3569     2.0015     17.000     2.0008    24.2534     7.2466    10.3561     92.226    315.968    323.631    0.00249    7.85734   11.22891  342.59921     2.0007   17.51085 6.7454e-02     0.3654    19.2047 0.0000e+00
        399 101.454843    0.02763     1.6576     99.453     18.171  50111.003    30.3569     2.0016     18.000     2.0008    24.2535     7.2707    10.3906     92.534    317.022    324.710    0.00288    7.85732   11.22889  342.59849     2.0008   17.51082 6.7255e-02     0.3611    19.7553 0.0000e+00
        404 101.454856    0.02796     1.6774    100.646     19.180  50111.739    30.3569     2.0017     19.000     2.0008    24.2534     7.2900    10.4183     92.780    317.865    325.574    0.00307    7.85731   11.22888  342.59800     2.0008   17.51080 6.6641e-02     0.3504    20.4491 0.0000e+00
