CTD-processing/allCTD/CNV/2014_07-21_t4_s06_cast173_4141.cnv
* Sea-Bird SBE19plus Data File:
* FileName = C:\Users\kris.holderied\Documents\kasitsna\Research-Projects-and-Data\Oceanography-AK\CTD-Data-ALL-to-2014-06\2014-CTD-KachemakBay-CookInlet\2014-07-EVOSTC-CookInlet-quarterly\2014-07-21-CookInlet-Tran4-Barabara\2014-07-21-CookInlet-Tran4-cast173.hex
* Software Version 1.59
* Temperature SN =  4141
* Conductivity SN =  4141
* System UpLoad Time = Jul 21 2014 23:02:46
** Cook Inlet LTM Transect 4 (Barabara) North to South
** Date: 07-21
** Station: 4-06
** Start time: 19:48
** Depth (m): 60.6
** Comment:  CTD time is Alaska Daylight time. CTD descent time=75 sec.
** Comment:
# nquan = 27
# nvalues = 61                          
# units = specified
# name 0 = scan: Scan Count
# name 1 = timeJ: Julian Days
# name 2 = timeH: Time, Elapsed [hours]
# name 3 = timeM: Time, Elapsed [minutes]
# name 4 = timeS: Time, Elapsed [seconds]
# name 5 = prdM: Pressure, Strain Gauge [db]
# name 6 = specc: Specific Conductance [uS/cm]
# name 7 = sal00: Salinity, Practical [PSU]
# name 8 = tv290C: Temperature [ITS-90, deg C]
# name 9 = depSM: Depth [salt water, m], lat = 59.00
# name 10 = potemp090C: Potential Temperature [ITS-90, deg C]
# name 11 = sigma-é00: Density [sigma-theta, kg/m^3]
# name 12 = sbeox0ML/L: Oxygen, SBE 43 [ml/l]
# name 13 = sbeox0Mg/L: Oxygen, SBE 43 [mg/l]
# name 14 = sbeox0PS: Oxygen, SBE 43 [% saturation]
# name 15 = sbox0Mm/Kg: Oxygen, SBE 43 [umol/kg]
# name 16 = sbeox0Mm/L: Oxygen, SBE 43 [umol/l]
# name 17 = sbox0dV/dT: Oxygen, SBE 43 [dov/dt]
# name 18 = oxsolML/L: Oxygen Saturation, Garcia & Gordon [ml/l]
# name 19 = oxsolMg/L: Oxygen Saturation, Garcia & Gordon [mg/l]
# name 20 = oxsolMm/Kg: Oxygen Saturation, Garcia & Gordon [umol/kg]
# name 21 = n2satMg/L: Nitrogen Saturation [mg/l]
# name 22 = par: PAR/Irradiance, Biospherical/Licor
# name 23 = wetStar: Fluorescence, WET Labs WETstar [mg/m^3]
# name 24 = CStarAt0: Beam Attenuation, WET Labs C-Star [1/m]
# name 25 = CStarTr0: Beam Transmission, WET Labs C-Star [%]
# name 26 = flag: flag
# span 0 =        292,        683       
# span 1 = 202.826328, 202.827460       
# span 2 =    0.02022,    0.04735       
# span 3 =     1.2133,     2.8415       
# span 4 =     72.799,    170.488       
# span 5 =      1.014,     61.587       
# span 6 =  46196.994,  49869.228       
# span 7 =    29.4742,    31.6168       
# span 8 =     9.0652,    12.9207       
# span 9 =      1.000,     61.000       
# span 10 =     9.0576,    12.9022      
# span 11 =    22.1314,    24.4602      
# span 12 =     5.8311,     7.6608      
# span 13 =     8.3332,    10.9480      
# span 14 =     88.518,    121.493      
# span 15 =    254.199,    334.106      
# span 16 =    260.416,    342.131      
# span 17 =   -0.15470,    0.03216      
# span 18 =    6.14574,    6.58774      
# span 19 =    8.78289,    9.41454      
# span 20 =  268.52614,  287.18452      
# span 21 =   13.98275,   14.86762      
# span 22 = 5.4110e-02, 1.6681e+02      
# span 23 =     0.5608,    22.0805      
# span 24 =     0.2137,     1.6758      
# span 25 =    65.8131,    94.7960      
# span 26 = 0.0000e+00, 0.0000e+00      
# interval = meters: 1                  
# start_time = Jul 21 2014 19:48:42 [Instrument's time stamp, header]
# bad_flag = -9.990e-29
*END*
        292 202.826328    0.02022     1.2133     72.799      1.014  46196.994    29.4742    12.9207      1.000    12.9022    22.1314     6.6411     9.4910    108.056    290.172    296.596   -0.00019    6.14574    8.78289  268.52614   13.98275 1.6681e+02     3.2786     1.6470    66.1959 0.0000e+00
        383 202.826592    0.02654     1.5926     95.557      2.015  47090.876    30.0702    12.5059      2.000    12.3457    22.6703     7.1558    10.2263    115.856    312.491    319.576   -0.00873    6.17631    8.82656  269.71901   14.03761 1.1368e+02     3.6342     1.6123    66.8234 0.0000e+00
        398 202.826636    0.02759     1.6556     99.339      3.035  48215.317    30.8179    11.9794      3.000    11.8598    23.3470     7.4748    10.6823    120.257    326.212    333.828    0.02999    6.21581    8.88302  271.26488   14.10878 7.4815e+01     4.2635     1.3685    71.0878 0.0000e+00
        403 202.826650    0.02794     1.6761    100.565      4.040  48963.200    31.3109    11.6156      4.000    11.4492    23.7955     7.5866    10.8420    121.493    330.942    338.817    0.03216    6.24452    8.92404  272.39849   14.16115 5.3900e+01     4.4862     0.7686    82.5119 0.0000e+00
        408 202.826663    0.02824     1.6947    101.682      5.048  49177.399    31.4296    11.3088      5.000    11.2482    23.9425     7.5719    10.8208    120.556    330.250    338.157    0.00896    6.28072    8.97579  273.93846   14.23447 4.2178e+01     3.6520     0.5941    86.1902 0.0000e+00
        412 202.826676    0.02856     1.7139    102.835      6.053  49146.854    31.3862    11.1176      6.000    11.0069    23.9424     7.6559    10.9411    121.363    333.918    341.913    0.01250    6.30826    9.01513  275.13930   14.29217 3.3508e+01     2.7810     0.6483    85.0391 0.0000e+00
        418 202.826692    0.02894     1.7364    104.185      7.072  49243.398    31.4227    10.8413      7.000    10.7502    24.0188     7.6608    10.9480    120.750    334.106    342.131    0.00232    6.34435    9.06671  276.69276   14.36643 2.6290e+01     3.7117     0.7373    83.1954 0.0000e+00
        422 202.826704    0.02924     1.7540    105.241      8.076  49258.574    31.4101    10.6451      8.000    10.5330    24.0426     7.6269    10.8996    119.699    332.619    340.616   -0.00999    6.37175    9.10588  277.88161   14.42340 1.7382e+01     4.4758     1.4321    70.0183 0.0000e+00
        426 202.826716    0.02952     1.7713    106.277      9.081  49325.641    31.4313    10.4296      9.000    10.3311    24.0956     7.5427    10.7793    117.844    328.932    336.857   -0.02083    6.40070    9.14724  279.12948   14.48306 8.9976e+00     9.0842     1.6758    65.8131 0.0000e+00
        431 202.826730    0.02986     1.7919    107.517     10.094  49429.517    31.4756    10.1955     10.000    10.1288    24.1692     6.9407     9.9189    107.919    302.655    309.970   -0.09874    6.43155    9.19133  280.45478   14.54631 5.6972e+00    22.0805     1.0360    77.2234 0.0000e+00
        436 202.826746    0.03023     1.8137    108.821     11.104  49528.134    31.5283    10.0634     11.000    10.0340    24.2321     6.3155     9.0255     97.945    275.377    282.051   -0.15470    6.44793    9.21473  281.15156   14.57944 4.2195e+00    18.5715     0.6578    84.8241 0.0000e+00
        441 202.826760    0.03059     1.8354    110.123     12.114  49569.666    31.5484     9.9949     12.000     9.9795    24.2591     6.1225     8.7497     94.823    266.955    273.431   -0.12071    6.45677    9.22736  281.52938   14.59744 3.4350e+00     9.3810     0.5571    86.9942 0.0000e+00
        446 202.826775    0.03092     1.8554    111.324     13.127  49579.149    31.5509     9.9650     13.000     9.9474    24.2659     6.1319     8.7630     94.907    267.361    273.849   -0.07249    6.46089    9.23325  281.70722   14.60593 2.8698e+00     6.6624     0.5006    88.2374 0.0000e+00
        450 202.826786    0.03120     1.8718    112.307     14.137  49583.210    31.5487     9.9291     14.000     9.9044    24.2701     6.1186     8.7440     94.626    266.780    273.255   -0.05043    6.46604    9.24063  281.93117   14.61666 2.3807e+00     5.9847     0.4439    89.4985 0.0000e+00
        454 202.826797    0.03145     1.8869    113.215     15.131  49612.151    31.5640     9.8930     15.000     9.8785    24.2880     6.1040     8.7233     94.336    266.143    272.607   -0.03763    6.47052    9.24702  282.12113   14.62569 2.0340e+00     5.2642     0.3718    91.1267 0.0000e+00
        460 202.826814    0.03188     1.9125    114.750     16.156  49623.789    31.5677     9.8611     16.000     9.8479    24.2960     6.0486     8.6440     93.416    263.722    270.129   -0.02782    6.47490    9.25328  282.31007   14.63471 1.7559e+00     3.6978     0.3125    92.4856 0.0000e+00
        465 202.826829    0.03223     1.9339    116.035     17.162  49642.124    31.5762     9.8309     17.000     9.8242    24.3076     6.0175     8.5996     92.879    262.364    268.740   -0.02136    6.47883    9.25890  282.47809   14.64271 1.5204e+00     2.8598     0.2944    92.9044 0.0000e+00
        469 202.826841    0.03253     1.9516    117.095     18.174  49646.518    31.5778     9.8222     18.000     9.8157    24.3102     5.9959     8.5687     92.529    261.420    267.775   -0.01702    6.47999    9.26057  282.52832   14.64511 1.3392e+00     2.6536     0.2887    93.0377 0.0000e+00
        473 202.826852    0.03279     1.9673    118.039     19.179  49623.614    31.5591     9.8060     19.000     9.7801    24.2983     5.9823     8.5492     92.275    260.830    267.168   -0.01416    6.48308    9.26497  282.66614   14.65178 1.1683e+00     2.1820     0.2824    93.1825 0.0000e+00
        477 202.826865    0.03309     1.9852    119.114     20.182  49642.766    31.5649     9.7509     20.000     9.7281    24.3118     5.9751     8.5390     92.057    260.516    266.849   -0.01137    6.49069    9.27585  282.99416   14.66745 1.0324e+00     2.0258     0.2726    93.4129 0.0000e+00
        484 202.826884    0.03354     2.0127    120.760     21.204  49677.686    31.5833     9.7065     21.000     9.6988    24.3333     5.9682     8.5292     91.872    260.209    266.541   -0.00732    6.49625    9.28379  283.23064   14.67868 9.1302e-01     1.9692     0.2583    93.7468 0.0000e+00
        489 202.826898    0.03390     2.0340    122.040     22.219  49670.965    31.5760     9.6907     22.000     9.6755    24.3301     5.9639     8.5231     91.771    260.026    266.352   -0.00522    6.49881    9.28745  283.34307   14.68409 7.8943e-01     1.6035     0.2450    94.0576 0.0000e+00
        492 202.826908    0.03413     2.0479    122.874     23.214  49685.661    31.5834     9.6718     23.000     9.6618    24.3390     5.9631     8.5218     91.723    259.983    266.311   -0.00436    6.50119    9.29086  283.44456   14.68892 7.1018e-01     1.6295     0.2244    94.5456 0.0000e+00
        497 202.826920    0.03442     2.0650    123.901     24.220  49693.279    31.5864     9.6565     24.000     9.6480    24.3437     5.9501     8.5034     91.495    259.419    265.734   -0.00488    6.50326    9.29381  283.53345   14.69316 6.3969e-01     1.2331     0.2181    94.6940 0.0000e+00
        503 202.826938    0.03483     2.0901    125.405     25.241  49702.584    31.5908     9.6436     25.000     9.6389    24.3492     5.9383     8.4863     91.288    258.898    265.202   -0.00471    6.50493    9.29620  283.60467   14.69654 5.7136e-01     1.1834     0.2167    94.7267 0.0000e+00
        508 202.826953    0.03521     2.1125    126.747     26.248  49705.403    31.5918     9.6398     26.000     9.6363    24.3507     5.9361     8.4833     91.248    258.804    265.106   -0.00308    6.50542    9.29689  283.62565   14.69754 5.1134e-01     1.1389     0.2138    94.7940 0.0000e+00
        513 202.826967    0.03555     2.1327    127.962     27.264  49702.925    31.5894     9.6379     27.000     9.6315    24.3491     5.9286     8.4726     91.128    258.479    264.773   -0.00308    6.50581    9.29745  283.64285   14.69837 4.5935e-01     0.9840     0.2222    94.5977 0.0000e+00
        517 202.826978    0.03580     2.1481    128.884     28.265  49698.969    31.5848     9.6274     28.000     9.6157    24.3472     5.9340     8.4803     91.187    258.714    265.013   -0.00187    6.50751    9.29988  283.71759   14.70197 4.0670e-01     0.9270     0.2401    94.1757 0.0000e+00
        521 202.826991    0.03611     2.1665    129.990     29.268  49710.013    31.5900     9.6113     29.000     9.6027    24.3538     5.9272     8.4706     91.054    258.416    264.709   -0.00225    6.50958    9.30284  283.80591   14.70617 3.6779e-01     1.2950     0.2451    94.0551 0.0000e+00
        528 202.827010    0.03659     2.1950    131.703     30.295  49720.873    31.5950     9.5949     30.000     9.5877    24.3604     5.9174     8.4565     90.872    257.985    264.269   -0.00284    6.51172    9.30590  283.89769   14.71054 3.2768e-01     1.3807     0.2154    94.7564 0.0000e+00
        532 202.827023    0.03689     2.2134    132.805     31.296  49723.722    31.5955     9.5871     31.000     9.5784    24.3620     5.9270     8.4703     91.005    258.405    264.700   -0.00081    6.51281    9.30746  283.94474   14.71279 2.9397e-01     1.6212     0.2164    94.7342 0.0000e+00
        536 202.827035    0.03718     2.2309    133.852     32.300  49718.975    31.5897     9.5716     32.000     9.5579    24.3600     5.9326     8.4783     91.056    258.648    264.949    0.00014    6.51528    9.31099  284.05299   14.71799 2.6327e-01     1.4830     0.2225    94.5898 0.0000e+00
        541 202.827050    0.03752     2.2513    135.080     33.315  49735.374    31.5983     9.5528     33.000     9.5466    24.3697     5.9273     8.4708     90.943    258.417    264.714   -0.00103    6.51763    9.31435  284.15261   14.72272 2.3788e-01     0.9905     0.2148    94.7711 0.0000e+00
        547 202.827065    0.03789     2.2735    136.407     34.322  49737.484    31.5983     9.5455     34.000     9.5382    24.3710     5.9076     8.4425     90.626    257.556    263.833   -0.00343    6.51867    9.31583  284.19760   14.72487 2.1662e-01     0.9567     0.2158    94.7484 0.0000e+00
        552 202.827081    0.03829     2.2974    137.844     35.336  49735.113    31.5942     9.5305     35.000     9.5175    24.3702     5.8998     8.4314     90.474    257.218    263.487   -0.00352    6.52101    9.31918  284.29977   14.72978 1.9761e-01     0.9348     0.2236    94.5642 0.0000e+00
        557 202.827095    0.03861     2.3164    138.987     36.351  49743.400    31.5968     9.5100     36.000     9.4977    24.3755     5.9088     8.4442     90.573    257.608    263.887   -0.00143    6.52385    9.32324  284.42241   14.73563 1.7884e-01     0.9209     0.2137    94.7960 0.0000e+00
        560 202.827104    0.03884     2.3304    139.827     37.345  49753.788    31.6020     9.4975     37.000     9.4894    24.3815     5.9103     8.4465     90.575    257.674    263.957   -0.00092    6.52542    9.32548  284.48889   14.73879 1.6316e-01     0.9374     0.2298    94.4167 0.0000e+00
        566 202.827121    0.03924     2.3544    141.267     38.362  49761.663    31.6063     9.4909     38.000     9.4851    24.3859     5.9104     8.4465     90.564    257.674    263.957   -0.00074    6.52620    9.32659  284.52176   14.74035 1.4979e-01     0.9095     0.2186    94.6815 0.0000e+00
        572 202.827138    0.03965     2.3794    142.765     39.377  49765.126    31.6075     9.4854     39.000     9.4798    24.3878     5.9096     8.4454     90.541    257.639    263.922   -0.00083    6.52693    9.32764  284.55324   14.74185 1.3674e-01     0.9118     0.2147    94.7740 0.0000e+00
        576 202.827150    0.03993     2.3959    143.755     40.378  49766.100    31.6074     9.4829     40.000     9.4772    24.3881     5.9146     8.4526     90.614    257.859    264.147    0.00011    6.52731    9.32818  284.56947   14.74262 1.2610e-01     0.9199     0.2177    94.7039 0.0000e+00
        580 202.827162    0.04023     2.4135    144.813     41.390  49764.647    31.6056     9.4800     41.000     9.4717    24.3871     5.9062     8.4406     90.478    257.493    263.772   -0.00108    6.52779    9.32886  284.59065   14.74364 1.1708e-01     0.8888     0.2202    94.6438 0.0000e+00
        585 202.827176    0.04055     2.4328    145.970     42.395  49756.158    31.5969     9.4630     42.000     9.4463    24.3830     5.9150     8.4531     90.573    257.874    264.162   -0.00038    6.53061    9.33289  284.71466   14.74961 1.0930e-01     0.9057     0.2309    94.3905 0.0000e+00
        592 202.827196    0.04103     2.4621    147.724     43.415  49777.635    31.6072     9.4318     43.000     9.4243    24.3961     5.9130     8.4503     90.488    257.788    264.077   -0.00071    6.53466    9.33869  284.88791   14.75785 1.0219e-01     0.8352     0.2299    94.4150 0.0000e+00
        597 202.827211    0.04140     2.4840    149.038     44.431  49769.361    31.5997     9.4223     44.000     9.4055    24.3917     5.9149     8.4530     90.493    257.870    264.161   -0.00053    6.53635    9.34109  284.96255   14.76145 9.4987e-02     1.0231     0.2388    94.2048 0.0000e+00
        600 202.827220    0.04162     2.4970    149.822     45.424  49757.043    31.5872     9.3977     45.000     9.3711    24.3859     5.9026     8.4353     90.247    257.332    263.608   -0.00222    6.54043    9.34694  285.14244   14.77010 8.9124e-02     0.8492     0.2559    93.8026 0.0000e+00
        605 202.827233    0.04191     2.5147    150.883     46.430  49774.819    31.5931     9.3524     46.000     9.3322    24.3976     5.8920     8.4203     89.999    256.870    263.138   -0.00427    6.54673    9.35594  285.41377   14.78306 8.5818e-02     0.8058     0.2606    93.6938 0.0000e+00
        611 202.827252    0.04237     2.5426    152.553     47.456  49801.715    31.6068     9.3179     47.000     9.3098    24.4137     5.8957     8.4255     89.995    257.028    263.303   -0.00223    6.55117    9.36227  285.60234   14.79201 8.1675e-02     0.7154     0.2385    94.2122 0.0000e+00
        616 202.827266    0.04272     2.5631    153.786     48.457  49806.423    31.6089     9.3123     48.000     9.3058    24.4163     5.8844     8.4094     89.813    256.535    262.798   -0.00311    6.55188    9.36329  285.63274   14.79346 7.7832e-02     0.6719     0.2442    94.0769 0.0000e+00
        621 202.827280    0.04306     2.5834    155.001     49.477  49796.147    31.6005     9.3062     49.000     9.2903    24.4106     5.8886     8.4155     89.860    256.721    262.988   -0.00162    6.55312    9.36507  285.68882   14.79617 7.4769e-02     0.6053     0.2444    94.0729 0.0000e+00
        625 202.827291    0.04331     2.5986    155.918     50.471  49722.995    31.5431     9.2671     50.000     9.1936    24.3718     5.8976     8.4282     89.886    257.119    263.386   -0.00082    6.56122    9.37664  286.05249   14.81379 7.2322e-02     0.6704     0.2519    93.8980 0.0000e+00
        630 202.827307    0.04369     2.6216    157.295     51.485  49821.923    31.5892     9.1027     51.000     9.0746    24.4335     5.8795     8.4024     89.310    256.317    262.579   -0.00516    6.58324    9.40812  286.99543   14.85868 6.9522e-02     0.6682     0.5368    87.4675 0.0000e+00
        637 202.827325    0.04415     2.6488    158.929     52.504  49868.532    31.6168     9.0686     52.000     9.0645    24.4602     5.8440     8.3517     88.719    254.761    260.992   -0.00795    6.58706    9.41357  287.15417   14.86616 6.6078e-02     0.5803     0.7292    83.3204 0.0000e+00
        641 202.827338    0.04444     2.6667    160.005     53.507  49865.737    31.6146     9.0707     53.000     9.0651    24.4583     5.8365     8.3408     88.608    254.432    260.655   -0.00646    6.58684    9.41326  287.14538   14.86575 6.3571e-02     0.6483     0.7423    83.0630 0.0000e+00
