CTD-processing/allCTD/CNV/2014_08-13_t4_s01_cast033_4141.cnv
* Sea-Bird SBE19plus Data File:
* FileName = C:\Users\kris.holderied\Documents\kasitsna\Research-Projects-and-Data\Oceanography-AK\CTD-Data-ALL-to-2014-06\2014-CTD-KachemakBay-CookInlet\2014-08-13-CookInlet-Tran4-Barabara-extra\2014-08-13-CookInlet-Tran4-cast033.hex
* Software Version 1.59
* Temperature SN =  4141
* Conductivity SN =  4141
* System UpLoad Time = Oct 13 2014 01:00:29
** Cook Inlet LTM Transect 4 (Barabara) South to North
** Date: 08-13
** Station: 4-01
** Start time: 14:01
** Depth (m): 18.3
** Comment:  CTD time is Alaska Daylight time.  R/V Barnacle. Transducer  depth.
** Comment:
# nquan = 27
# nvalues = 18                          
# units = specified
# name 0 = scan: Scan Count
# name 1 = timeJ: Julian Days
# name 2 = timeH: Time, Elapsed [hours]
# name 3 = timeM: Time, Elapsed [minutes]
# name 4 = timeS: Time, Elapsed [seconds]
# name 5 = prdM: Pressure, Strain Gauge [db]
# name 6 = specc: Specific Conductance [uS/cm]
# name 7 = sal00: Salinity, Practical [PSU]
# name 8 = tv290C: Temperature [ITS-90, deg C]
# name 9 = depSM: Depth [salt water, m], lat = 59.00
# name 10 = potemp090C: Potential Temperature [ITS-90, deg C]
# name 11 = sigma-é00: Density [sigma-theta, kg/m^3]
# name 12 = sbeox0ML/L: Oxygen, SBE 43 [ml/l]
# name 13 = sbeox0Mg/L: Oxygen, SBE 43 [mg/l]
# name 14 = sbeox0PS: Oxygen, SBE 43 [% saturation]
# name 15 = sbox0Mm/Kg: Oxygen, SBE 43 [umol/kg]
# name 16 = sbeox0Mm/L: Oxygen, SBE 43 [umol/l]
# name 17 = sbox0dV/dT: Oxygen, SBE 43 [dov/dt]
# name 18 = oxsolML/L: Oxygen Saturation, Garcia & Gordon [ml/l]
# name 19 = oxsolMg/L: Oxygen Saturation, Garcia & Gordon [mg/l]
# name 20 = oxsolMm/Kg: Oxygen Saturation, Garcia & Gordon [umol/kg]
# name 21 = n2satMg/L: Nitrogen Saturation [mg/l]
# name 22 = par: PAR/Irradiance, Biospherical/Licor
# name 23 = wetStar: Fluorescence, WET Labs WETstar [mg/m^3]
# name 24 = CStarAt0: Beam Attenuation, WET Labs C-Star [1/m]
# name 25 = CStarTr0: Beam Transmission, WET Labs C-Star [%]
# name 26 = flag: flag
# span 0 =        284,        425       
# span 1 = 225.586154, 225.586564       
# span 2 =    0.01964,    0.02946       
# span 3 =     1.1786,     1.7680       
# span 4 =     70.718,    106.079       
# span 5 =      1.013,     18.145       
# span 6 =  48190.784,  48440.006       
# span 7 =    30.7641,    30.9097       
# span 8 =    11.3860,    11.6341       
# span 9 =      1.000,     18.000       
# span 10 =    11.3821,    11.6301      
# span 11 =    23.3703,    23.5252      
# span 12 =     5.3922,     5.6330      
# span 13 =     7.7060,     8.0502      
# span 14 =     86.090,     89.540      
# span 15 =    235.316,    245.789      
# span 16 =    240.817,    251.572      
# span 17 =   -0.00302,    0.00473      
# span 18 =    6.26325,    6.29108      
# span 19 =    8.95081,    8.99057      
# span 20 =  273.32753,  274.50162      
# span 21 =   14.20781,   14.26353      
# span 22 = 1.0343e+01, 1.5949e+02      
# span 23 =     1.0902,     1.8623      
# span 24 =     0.5614,     0.5881      
# span 25 =    86.3264,    86.9048      
# span 26 = 0.0000e+00, 0.0000e+00      
# interval = meters: 1                  
# start_time = Aug 13 2014 14:02:53 [Instrument's time stamp, header]
# bad_flag = -9.990e-29
*END*
        284 225.586154    0.01964     1.1786     70.718      1.013  48202.427    30.7743    11.6341      1.000    11.6301    23.3755     5.3922     7.7060     86.090    235.316    240.817    0.00473    6.26325    8.95081  273.32753   14.20781 1.5949e+02     1.1280     0.5794    86.5159 0.0000e+00
        322 225.586263    0.02226     1.3356     80.136      2.020  48190.784    30.7641    11.6195      2.000    11.6061    23.3703     5.5763     7.9691     88.999    243.350    249.037    0.00121    6.26561    8.95418  273.43183   14.21285 1.3352e+02     1.0902     0.5791    86.5210 0.0000e+00
        327 225.586279    0.02264     1.3586     81.516      3.026  48234.774    30.7864    11.5379      3.000    11.5057    23.4022     5.5697     7.9596     88.752    243.055    248.743   -0.00088    6.27562    8.96850  273.86042   14.23330 1.1178e+02     1.1161     0.5881    86.3264 0.0000e+00
        335 225.586301    0.02316     1.3898     83.390      4.037  48312.597    30.8341    11.4704      4.000    11.4657    23.4512     5.5707     7.9611     88.667    243.088    248.789   -0.00119    6.28276    8.97869  274.15869   14.24740 1.0219e+02     1.3007     0.5805    86.4907 0.0000e+00
        342 225.586324    0.02371     1.4226     85.358      5.046  48330.631    30.8450    11.4565      5.000    11.4519    23.4622     5.5987     8.0011     89.092    244.306    250.038    0.00303    6.28419    8.98074  274.21827   14.25021 9.4456e+01     1.5650     0.5878    86.3345 0.0000e+00
        350 225.586345    0.02423     1.4533     87.200      6.061  48352.674    30.8586    11.4407      6.000    11.4330    23.4756     5.6163     8.0262     89.349    245.070    250.824    0.00363    6.28577    8.98300  274.28370   14.25329 8.2892e+01     1.6989     0.5729    86.6567 0.0000e+00
        368 225.586399    0.02551     1.5310     91.859      7.064  48371.002    30.8697    11.4275      7.000    11.4246    23.4866     5.6113     8.0192     89.252    244.852    250.602    0.00076    6.28710    8.98490  274.33870   14.25588 7.3865e+01     1.6942     0.5614    86.9048 0.0000e+00
        385 225.586448    0.02670     1.6019     96.114      8.080  48377.232    30.8733    11.4241      8.000    11.4210    23.4900     5.6126     8.0211     89.268    244.908    250.661    0.00012    6.28741    8.98534  274.35134   14.25647 6.3347e+01     1.7888     0.5639    86.8501 0.0000e+00
        393 225.586470    0.02722     1.6333     98.000      9.081  48384.793    30.8776    11.4181      9.000    11.4154    23.4944     5.6097     8.0169     89.213    244.780    250.531   -0.00032    6.28803    8.98623  274.37728   14.25770 5.3625e+01     1.7962     0.5675    86.7737 0.0000e+00
        399 225.586487    0.02765     1.6591     99.544     10.105  48389.749    30.8805    11.4153     10.000    11.4127    23.4971     5.5911     7.9902     88.913    243.965    249.698   -0.00302    6.28830    8.98661  274.38831   14.25821 4.4909e+01     1.7736     0.5655    86.8153 0.0000e+00
        403 225.586499    0.02793     1.6754    100.526     11.109  48397.596    30.8851    11.4109     11.000    11.4025    23.5016     5.5959     7.9971     88.983    244.176    249.914   -0.00199    6.28870    8.98720  274.40483   14.25899 3.7173e+01     1.8275     0.5693    86.7344 0.0000e+00
        406 225.586509    0.02815     1.6891    101.346     12.111  48419.660    30.8989    11.3973     12.000    11.3899    23.5147     5.6120     8.0201     89.221    244.873    250.631    0.00109    6.28998    8.98901  274.45675   14.26142 3.1252e+01     1.7900     0.5751    86.6084 0.0000e+00
        410 225.586518    0.02839     1.7033    102.198     13.124  48429.070    30.9045    11.3906     13.000    11.3898    23.5203     5.6209     8.0327     89.352    245.259    251.027    0.00215    6.29067    8.98999  274.48525   14.26277 2.5982e+01     1.8081     0.5781    86.5427 0.0000e+00
        413 225.586528    0.02862     1.7173    103.039     14.133  48425.822    30.9020    11.3928     14.000    11.3921    23.5179     5.6275     8.0423     89.462    245.550    251.325    0.00241    6.29046    8.98969  274.47681   14.26237 2.1616e+01     1.8623     0.5767    86.5736 0.0000e+00
        416 225.586537    0.02885     1.7308    103.845     15.145  48427.578    30.9029    11.3929     15.000    11.3873    23.5186     5.6254     8.0392     89.428    245.456    251.229    0.00181    6.29042    8.98963  274.47487   14.26228 1.7974e+01     1.7376     0.5762    86.5851 0.0000e+00
        419 225.586546    0.02906     1.7433    104.597     16.150  48435.230    30.9074    11.3879     16.000    11.3855    23.5230     5.6224     8.0351     89.373    245.327    251.097    0.00023    6.29092    8.99035  274.49551   14.26325 1.4970e+01     1.7273     0.5747    86.6186 0.0000e+00
        422 225.586555    0.02927     1.7560    105.357     17.164  48435.663    30.9072    11.3879     17.000    11.3849    23.5229     5.6228     8.0354     89.378    245.340    251.111   -0.00005    6.29092    8.99037  274.49569   14.26325 1.2521e+01     1.7212     0.5751    86.6084 0.0000e+00
        425 225.586564    0.02946     1.7680    106.079     18.145  48440.006    30.9097    11.3860     18.000    11.3821    23.5252     5.6330     8.0502     89.540    245.789    251.572    0.00100    6.29108    8.99057  274.50162   14.26353 1.0343e+01     1.7414     0.5758    86.5916 0.0000e+00
