CTD-processing/allCTD/CNV/2014_04-11_t9_s05_cast031_5028.cnv
* Sea-Bird SBE19plus Data File:
* FileName = C:\Users\kris.holderied\Documents\kasitsna\Research-Projects-and-Data\Oceanography-AK\CTD-Data-ALL-to-2014-03\2014-CTD-KachemakBay-CookInlet\2014-04-EVOSTC-CookInlet-Ocean\2014-04-11-CookInlet-Tran9-HomerSpit\2014-04-11-CookInlet-Tran9-HomerSpit-cast031.hex
* Software Version 1.59
* Temperature SN =  5028
* Conductivity SN =  5028
* System UpLoad Time = May 27 2014 23:26:50
** Cook Inlet LTM Transect 9  (Homer Spit) South to North
** Date: 2014-04-11
** Station: 9-05
** Start time: 20:20
** Depth (m): 93
** Comment:  CTD time is Alaska Daylight time
** Comment:
# nquan = 27
# nvalues = 92                          
# units = specified
# name 0 = scan: Scan Count
# name 1 = timeJ: Julian Days
# name 2 = timeH: Time, Elapsed [hours]
# name 3 = timeM: Time, Elapsed [minutes]
# name 4 = timeS: Time, Elapsed [seconds]
# name 5 = prdM: Pressure, Strain Gauge [db]
# name 6 = specc: Specific Conductance [uS/cm]
# name 7 = sal00: Salinity, Practical [PSU]
# name 8 = tv290C: Temperature [ITS-90, deg C]
# name 9 = depSM: Depth [salt water, m], lat = 59.00
# name 10 = potemp090C: Potential Temperature [ITS-90, deg C]
# name 11 = sigma-é00: Density [sigma-theta, kg/m^3]
# name 12 = sbeox0ML/L: Oxygen, SBE 43 [ml/l]
# name 13 = sbeox0Mg/L: Oxygen, SBE 43 [mg/l]
# name 14 = sbeox0PS: Oxygen, SBE 43 [% saturation]
# name 15 = sbox0Mm/Kg: Oxygen, SBE 43 [umol/kg]
# name 16 = sbeox0Mm/L: Oxygen, SBE 43 [umol/l]
# name 17 = sbox0dV/dT: Oxygen, SBE 43 [dov/dt]
# name 18 = oxsolML/L: Oxygen Saturation, Garcia & Gordon [ml/l]
# name 19 = oxsolMg/L: Oxygen Saturation, Garcia & Gordon [mg/l]
# name 20 = oxsolMm/Kg: Oxygen Saturation, Garcia & Gordon [umol/kg]
# name 21 = potemp090C: Potential Temperature [ITS-90, deg C]
# name 22 = n2satMg/L: Nitrogen Saturation [mg/l]
# name 23 = par: PAR/Irradiance, Biospherical/Licor
# name 24 = flECO-AFL: Fluorescence, WET Labs ECO-AFL/FL [mg/m^3]
# name 25 = turbWETntu0: Turbidity, WET Labs ECO [NTU]
# name 26 = flag: flag
# span 0 =        124,        609       
# span 1 = 101.847729, 101.849130       
# span 2 =    0.00857,    0.04219       
# span 3 =     0.5139,     2.5314       
# span 4 =     30.836,    151.882       
# span 5 =      1.009,     92.889       
# span 6 =  48762.276,  51578.095       
# span 7 =    30.0480,    32.0025       
# span 8 =     3.9747,     4.7446       
# span 9 =      1.000,     92.000       
# span 10 =     4.0013,     4.7381      
# span 11 =    23.8512,    25.3276      
# span 12 =     6.0195,     7.1206      
# span 13 =     8.6025,    10.1761      
# span 14 =     81.038,     97.532      
# span 15 =    262.322,    310.173      
# span 16 =    268.833,    318.007      
# span 17 =   -0.00276,    0.02930      
# span 18 =    7.26091,    7.50143      
# span 19 =   10.37656,   10.72030      
# span 20 =  316.26192,  327.27388      
# span 21 =     3.9746,     4.7382      
# span 22 =   16.25281,   16.78443      
# span 23 = 3.7912e-02, 2.0972e+01      
# span 24 =     0.3072,     0.8820      
# span 25 =     0.5906,     1.4752      
# span 26 = 0.0000e+00, 0.0000e+00      
# interval = meters: 1                  
# start_time = Apr 11 2014 20:20:13 [Instrument's time stamp, header]
# bad_flag = -9.990e-29
*END*
        124 101.847729    0.00857     0.5139     30.836      1.009  48762.276    30.0480     3.9747      1.000     4.0013    23.8512     6.3511     9.0764     84.645    277.097    283.642   -0.00111    7.50143   10.72030  327.27388     3.9746   16.78443 2.0972e+01     0.5566     1.2856 0.0000e+00
        247 101.848086    0.01712     1.0269     61.615      2.019  50674.903    31.2560     4.0095      2.000     4.0312    24.8081     6.0195     8.6025     81.038    262.322    268.833   -0.00276    7.42826   10.61573  323.71225     4.0094   16.61026 1.2833e+01     0.8167     1.2823 0.0000e+00
        245 101.848080    0.01696     1.0178     61.068      3.028  50513.721    31.1573     4.0397      3.000     4.0449    24.7268     6.0702     8.6750     81.721    264.555    271.097   -0.00117    7.42802   10.61538  323.73036     4.0395   16.61152 9.0120e+00     0.8352     1.4040 0.0000e+00
        248 101.848088    0.01717     1.0303     61.818      4.038  50483.707    31.1378     4.0459      4.000     4.0453    24.7108     6.2550     8.9391     84.210    272.613    279.349    0.00564    7.42788   10.61518  323.72949     4.0456   16.61155 6.5931e+00     0.8639     1.3824 0.0000e+00
        251 101.848097    0.01738     1.0431     62.588      5.047  50480.457    31.1349     4.0452      5.000     4.0466    24.7086     6.5709     9.3906     88.461    286.382    293.459    0.01713    7.42814   10.61555  323.74146     4.0449   16.61213 4.9904e+00     0.8778     1.3610 0.0000e+00
        255 101.848107    0.01761     1.0565     63.388      6.057  50564.712    31.1937     4.0534      6.000     4.0696    24.7545     6.8542     9.7953     92.330    298.712    306.106    0.02636    7.42371   10.60923  323.53428     4.0530   16.60204 3.9418e+00     0.8820     1.3980 0.0000e+00
        258 101.848116    0.01784     1.0702     64.211      7.066  50724.157    31.3094     4.0854      7.000     4.1121    24.8433     6.9993    10.0027     94.431    305.010    312.587    0.02930    7.41215   10.59270  323.00223     4.0849   16.57628 3.1776e+00     0.8801     1.3911 0.0000e+00
        261 101.848126    0.01807     1.0843     65.061      8.075  50875.045    31.4233     4.1347      8.000     4.1751    24.9291     7.0517    10.0776     95.325    307.269    314.929    0.02802    7.39758   10.57187  322.33995     4.1342   16.54432 2.6297e+00     0.8343     1.2510 0.0000e+00
        265 101.848136    0.01831     1.0988     65.930      9.085  50995.895    31.5222     4.2073      9.000     4.2425    25.0005     7.0670    10.0995     95.765    307.916    315.614    0.02550    7.37960   10.54618  321.53419     4.2068   16.50560 2.2433e+00     0.7871     1.1119 0.0000e+00
        268 101.848145    0.01855     1.1132     66.789     10.094  51048.664    31.5701     4.2606     10.000     4.2677    25.0335     7.0696    10.1031     95.954    308.017    315.727    0.02264    7.36766   10.52913  321.00406     4.2599   16.48019 1.9310e+00     0.7017     1.0424 0.0000e+00
        272 101.848156    0.01879     1.1273     67.641     11.104  51105.703    31.6091     4.2627     11.000     4.2504    25.0642     7.0412    10.0626     95.599    306.771    314.460    0.01862    7.36534   10.52581  320.89312     4.2621   16.47476 1.6702e+00     0.6127     1.0033 0.0000e+00
        275 101.848166    0.01903     1.1417     68.500     12.113  51170.134    31.6479     4.2423     12.000     4.2340    25.0970     6.9880     9.9866     94.855    304.444    312.084    0.01385    7.36707   10.52828  320.95812     4.2415   16.47769 1.4474e+00     0.5595     0.9881 0.0000e+00
        278 101.848175    0.01927     1.1560     69.362     13.123  51225.939    31.6836     4.2343     13.000     4.2378    25.1262     6.9345     9.9101     94.132    302.103    309.694    0.00978    7.36673   10.52779  320.93437     4.2334   16.47642 1.2545e+00     0.5392     0.9938 0.0000e+00
        282 101.848186    0.01950     1.1705     70.229     14.133  51278.813    31.7220     4.2459     14.000     4.2592    25.1555     6.8974     9.8571     93.680    300.478    308.037    0.00699    7.36274   10.52210  320.75140     4.2450   16.46755 1.0849e+00     0.5280     0.9740 0.0000e+00
        285 101.848195    0.01975     1.1849     71.094     15.142  51293.057    31.7368     4.2697     15.000     4.2790    25.1649     6.9130     9.8793     93.955    301.155    308.734    0.00666    7.35776   10.51498  320.53157     4.2687   16.45704 9.3884e-01     0.5280     0.9423 0.0000e+00
        289 101.848206    0.01999     1.1994     71.963     16.152  51292.570    31.7396     4.2857     16.000     4.2905    25.1656     6.9502     9.9326     94.500    302.778    310.397    0.00735    7.35477   10.51070  320.40101     4.2846   16.45081 8.1222e-01     0.5070     0.9162 0.0000e+00
        292 101.848216    0.02024     1.2141     72.848     17.161  51297.892    31.7452     4.2959     17.000     4.3006    25.1689     6.9711     9.9624     94.810    303.685    311.328    0.00719    7.35268   10.50771  320.30870     4.2948   16.44640 7.0225e-01     0.4912     0.9212 0.0000e+00
        296 101.848226    0.02049     1.2290     73.740     18.171  51307.115    31.7535     4.3069     18.000     4.3134    25.1745     6.9931     9.9938     95.140    304.641    312.310    0.00707    7.35031   10.50432  320.20383     4.3057   16.44138 6.0625e-01     0.4678     0.9246 0.0000e+00
        300 101.848237    0.02073     1.2440     74.638     19.180  51313.748    31.7609     4.3213     19.000     4.3275    25.1789     7.0155    10.0258     95.483    305.616    313.312    0.00703    7.34738   10.50014  320.07488     4.3200   16.43522 5.2442e-01     0.4587     0.9112 0.0000e+00
        303 101.848247    0.02098     1.2592     75.550     20.190  51312.417    31.7623     4.3333     20.000     4.3367    25.1788     7.0327    10.0504     95.746    306.364    314.078    0.00674    7.34516   10.49697  319.97825     4.3320   16.43062 4.5496e-01     0.4547     0.8848 0.0000e+00
        307 101.848258    0.02124     1.2745     76.473     21.199  51314.151    31.7649     4.3417     21.000     4.3445    25.1801     7.0427    10.0648     95.904    306.802    314.528    0.00620    7.34353   10.49464  319.90688     4.3404   16.42721 3.9385e-01     0.4407     0.8693 0.0000e+00
        311 101.848269    0.02150     1.2897     77.385     22.208  51317.747    31.7686     4.3494     22.000     4.3526    25.1823     7.0472    10.0712     95.985    306.997    314.728    0.00548    7.34198   10.49243  319.83864     4.3480   16.42395 3.4125e-01     0.4414     0.8735 0.0000e+00
        314 101.848279    0.02175     1.3051     78.306     23.218  51319.339    31.7712     4.3579     23.000     4.3602    25.1834     7.0546    10.0817     96.107    307.319    315.058    0.00500    7.34035   10.49009  319.76701     4.3564   16.42054 2.9622e-01     0.4597     0.8747 0.0000e+00
        318 101.848290    0.02201     1.3206     79.238     24.228  51320.082    31.7728     4.3648     24.000     4.3662    25.1841     7.0621    10.0923     96.226    307.643    315.391    0.00456    7.33905   10.48824  319.71051     4.3632   16.41784 2.5691e-01     0.4578     0.8837 0.0000e+00
        322 101.848301    0.02227     1.3362     80.172     25.238  51321.296    31.7744     4.3703     25.000     4.3710    25.1848     7.0747    10.1104     96.411    308.193    315.955    0.00435    7.33799   10.48672  319.66401     4.3686   16.41562 2.2342e-01     0.4513     0.8814 0.0000e+00
        325 101.848311    0.02253     1.3519     81.116     26.247  51321.438    31.7749     4.3743     26.000     4.3740    25.1848     7.0923    10.1355     96.661    308.958    316.740    0.00442    7.33726   10.48568  319.63209     4.3725   16.41410 1.9494e-01     0.4569     0.8769 0.0000e+00
        329 101.848323    0.02281     1.3683     82.096     27.257  51322.607    31.7758     4.3769     27.000     4.3761    25.1852     7.0772    10.1141     96.463    308.305    316.070    0.00317    7.33674   10.48493  319.60928     4.3751   16.41301 1.7055e-01     0.4488     0.8644 0.0000e+00
        333 101.848334    0.02308     1.3847     83.080     28.267  51325.532    31.7778     4.3790     28.000     4.3783    25.1866     7.0761    10.1125     96.454    308.254    316.019    0.00255    7.33628   10.48427  319.58864     4.3771   16.41202 1.4982e-01     0.4519     0.8455 0.0000e+00
        337 101.848346    0.02335     1.4010     84.060     29.276  51330.914    31.7816     4.3816     29.000     4.3821    25.1894     7.0866    10.1274     96.605    308.709    316.485    0.00256    7.33563   10.48334  319.55970     4.3796   16.41063 1.3211e-01     0.4369     0.8496 0.0000e+00
        341 101.848357    0.02363     1.4177     85.063     30.285  51339.349    31.7883     4.3880     30.000     4.3907    25.1941     7.0910    10.1337     96.684    308.901    316.683    0.00235    7.33415   10.48124  319.49408     4.3860   16.40748 1.1708e-01     0.4234     0.8528 0.0000e+00
        345 101.848369    0.02391     1.4344     86.065     31.295  51347.691    31.7960     4.3985     31.000     4.4034    25.1991     7.0940    10.1381     96.756    309.033    316.820    0.00215    7.33191   10.47803  319.39456     4.3965   16.40271 1.0441e-01     0.4197     0.8406 0.0000e+00
        349 101.848380    0.02419     1.4509     87.055     32.305  51355.318    31.8041     4.4132     32.000     4.4190    25.2040     7.0981    10.1438     96.850    309.206    317.000    0.00205    7.32890   10.47373  319.26199     4.4111   16.39637 9.3566e-02     0.4143     0.8215 0.0000e+00
        353 101.848392    0.02446     1.4676     88.058     33.314  51361.179    31.8112     4.4291     33.000     4.4348    25.2081     7.1033    10.1514     96.965    309.435    317.235    0.00203    7.32574   10.46922  319.12330     4.4268   16.38974 8.4463e-02     0.4165     0.8118 0.0000e+00
        357 101.848404    0.02474     1.4844     89.063     34.324  51363.263    31.8158     4.4446     34.000     4.4479    25.2101     7.1022    10.1498     96.989    309.386    317.185    0.00175    7.32277   10.46497  318.99315     4.4423   16.38353 7.6774e-02     0.4214     0.7991 0.0000e+00
        361 101.848415    0.02501     1.5009     90.052     35.333  51359.887    31.8150     4.4536     35.000     4.4535    25.2086     7.1019    10.1493     97.004    309.370    317.169    0.00150    7.32121   10.46274  318.92539     4.4513   16.38031 7.0395e-02     0.4265     0.8023 0.0000e+00
        365 101.848427    0.02529     1.5174     91.045     36.343  51359.331    31.8150     4.4574     36.000     4.4560    25.2082     7.0963    10.1414     96.937    309.130    316.923    0.00105    7.32054   10.46178  318.89641     4.4549   16.37894 6.4942e-02     0.4256     0.8283 0.0000e+00
        369 101.848438    0.02557     1.5343     92.055     37.353  51366.972    31.8204     4.4604     37.000     4.4622    25.2122     7.0939    10.1378     96.914    309.021    316.812    0.00075    7.31976   10.46066  318.86106     4.4578   16.37723 6.0282e-02     0.4301     0.8072 0.0000e+00
        373 101.848450    0.02585     1.5513     93.076     38.362  51396.444    31.8432     4.4743     38.000     4.4853    25.2289     7.1014    10.1486     97.064    309.344    317.149    0.00101    7.31618   10.45555  318.69995     4.4717   16.36947 5.6414e-02     0.4421     0.7974 0.0000e+00
        377 101.848462    0.02614     1.5686     94.116     39.372  51420.066    31.8659     4.5048     39.000     4.5189    25.2438     7.1144    10.1672     97.329    309.906    317.729    0.00158    7.30966   10.44623  318.41139     4.5022   16.35565 5.3240e-02     0.4300     0.8278 0.0000e+00
        382 101.848474    0.02643     1.5856     95.138     40.382  51433.922    31.8826     4.5385     40.000     4.5512    25.2536     7.1206    10.1761     97.504    310.173    318.007    0.00183    7.30291   10.43658  318.11430     4.5357   16.34145 5.0600e-02     0.4116     0.8143 0.0000e+00
        386 101.848486    0.02671     1.6024     96.144     41.390  51447.537    31.8986     4.5698     41.000     4.5801    25.2631     7.1165    10.1701     97.532    309.990    317.822    0.00160    7.29661   10.42758  317.83698     4.5669   16.32818 4.8362e-02     0.4049     0.7791 0.0000e+00
        390 101.848497    0.02699     1.6194     97.165     42.401  51458.015    31.9110     4.5947     42.000     4.6047    25.2704     7.1082    10.1583     97.485    309.628    317.453    0.00121    7.29162   10.42045  317.61737     4.5918   16.31769 4.6545e-02     0.4246     0.7971 0.0000e+00
        394 101.848510    0.02728     1.6370     98.223     43.411  51476.566    31.9302     4.6252     43.000     4.6362    25.2824     7.0885    10.1301     97.297    308.764    316.570    0.00046    7.28533   10.41147  317.33984     4.6222   16.30440 4.5014e-02     0.4339     0.7907 0.0000e+00
        398 101.848522    0.02758     1.6550     99.297     44.420  51472.921    31.9330     4.6513     44.000     4.6563    25.2820     7.0772    10.1141     97.206    308.275    316.069    0.00009    7.28060   10.40471  317.13386     4.6483   16.29459 4.3666e-02     0.4037     0.7134 0.0000e+00
        403 101.848535    0.02789     1.6730    100.379     45.430  51473.425    31.9366     4.6672     45.000     4.6697    25.2831     7.0663    10.0984     97.096    307.800    315.582   -0.00026    7.27765   10.40048  317.00479     4.6641   16.28843 4.2535e-02     0.3761     0.6508 0.0000e+00
        407 101.848547    0.02818     1.6908    101.451     46.440  51478.580    31.9423     4.6794     46.000     4.6814    25.2864     7.0549    10.0821     96.971    307.300    315.071   -0.00062    7.27522   10.39702  316.89819     4.6762   16.28334 4.1600e-02     0.3652     0.6366 0.0000e+00
        411 101.848559    0.02847     1.7082    102.491     47.449  51476.668    31.9425     4.6882     47.000     4.6872    25.2856     7.0548    10.0820     96.991    307.297    315.067   -0.00050    7.27367   10.39480  316.83095     4.6849   16.28013 4.0800e-02     0.3724     0.6486 0.0000e+00
        415 101.848571    0.02876     1.7257    103.545     48.458  51477.832    31.9437     4.6922     48.000     4.6904    25.2862     7.0534    10.0800     96.982    307.237    315.005   -0.00046    7.27292   10.39373  316.79794     4.6888   16.27856 4.0198e-02     0.3892     0.6268 0.0000e+00
        419 101.848583    0.02906     1.7437    104.624     49.468  51482.096    31.9469     4.6956     49.000     4.6938    25.2883     7.0482    10.0726     96.920    307.009    314.772   -0.00059    7.27217   10.39265  316.76446     4.6922   16.27696 3.9604e-02     0.4009     0.6065 0.0000e+00
        424 101.848596    0.02936     1.7618    105.705     50.478  51488.584    31.9517     4.6993     50.000     4.6974    25.2918     7.0411    10.0624     96.834    306.698    314.454   -0.00078    7.27129   10.39139  316.72502     4.6958   16.27506 3.9074e-02     0.4203     0.5906 0.0000e+00
        428 101.848608    0.02966     1.7796    106.778     51.487  51494.117    31.9557     4.7027     51.000     4.7004    25.2946     7.0386    10.0589     96.811    306.592    314.347   -0.00075    7.27050   10.39026  316.68979     4.6991   16.27336 3.8647e-02     0.4087     0.6127 0.0000e+00
        432 101.848621    0.02996     1.7975    107.851     52.497  51497.875    31.9584     4.7054     52.000     4.7027    25.2965     7.0380    10.0580     96.811    306.563    314.318   -0.00066    7.26989   10.38940  316.66288     4.7017   16.27207 3.8338e-02     0.3862     0.6143 0.0000e+00
        437 101.848633    0.03026     1.8155    108.930     53.508  51501.379    31.9608     4.7073     53.000     4.7046    25.2982     7.0356    10.0545     96.783    306.456    314.209   -0.00065    7.26943   10.38873  316.64207     4.7037   16.27107 3.8046e-02     0.3742     0.5992 0.0000e+00
