CTD-processing/allCTD/CNV/2014_12-17_t9_s05_cast168_4141.cnv
* Sea-Bird SBE19plus Data File:
* FileName = C:\Users\kris.holderied\Documents\kasitsna\Research-Projects-and-Data\Oceanography-AK\CTD-Data-ALL-to-2014-10\2014-CTD-KachemakBay-CookInlet\2014-12-17-CookInlet-HomerSpit-monthly\2014-12-17-CookInlet-Tran9-cast168.hex
* Software Version 1.59
* Temperature SN =  4141
* Conductivity SN =  4141
* System UpLoad Time = Jan 16 2015 13:08:42
** Cook Inlet LTM Tran9 (Homer Spit) North to South
** Date: 12-17
** Station: 9-05
** Start time:  12:15
** Depth (m): 95.7
** Comment:  CTD time is local time (AKST).
** Comment: On Kasitsna Bay Lab R/V Banacle.
# nquan = 27
# nvalues = 91                          
# units = specified
# name 0 = scan: Scan Count
# name 1 = timeJ: Julian Days
# name 2 = timeH: Time, Elapsed [hours]
# name 3 = timeM: Time, Elapsed [minutes]
# name 4 = timeS: Time, Elapsed [seconds]
# name 5 = prdM: Pressure, Strain Gauge [db]
# name 6 = specc: Specific Conductance [uS/cm]
# name 7 = sal00: Salinity, Practical [PSU]
# name 8 = tv290C: Temperature [ITS-90, deg C]
# name 9 = depSM: Depth [salt water, m], lat = 59.00
# name 10 = potemp090C: Potential Temperature [ITS-90, deg C]
# name 11 = sigma-é00: Density [sigma-theta, kg/m^3]
# name 12 = sbeox0ML/L: Oxygen, SBE 43 [ml/l]
# name 13 = sbeox0Mg/L: Oxygen, SBE 43 [mg/l]
# name 14 = sbeox0PS: Oxygen, SBE 43 [% saturation]
# name 15 = sbox0Mm/Kg: Oxygen, SBE 43 [umol/kg]
# name 16 = sbeox0Mm/L: Oxygen, SBE 43 [umol/l]
# name 17 = sbox0dV/dT: Oxygen, SBE 43 [dov/dt]
# name 18 = oxsolML/L: Oxygen Saturation, Garcia & Gordon [ml/l]
# name 19 = oxsolMg/L: Oxygen Saturation, Garcia & Gordon [mg/l]
# name 20 = oxsolMm/Kg: Oxygen Saturation, Garcia & Gordon [umol/kg]
# name 21 = n2satMg/L: Nitrogen Saturation [mg/l]
# name 22 = par: PAR/Irradiance, Biospherical/Licor
# name 23 = wetStar: Fluorescence, WET Labs WETstar [mg/m^3]
# name 24 = CStarAt0: Beam Attenuation, WET Labs C-Star [1/m]
# name 25 = CStarTr0: Beam Transmission, WET Labs C-Star [%]
# name 26 = flag: flag
# span 0 =        199,        727       
# span 1 = 351.510931, 351.512459       
# span 2 =    0.01372,    0.05039       
# span 3 =     0.8234,     3.0231       
# span 4 =     49.401,    181.383       
# span 5 =      1.011,     91.860       
# span 6 =  46724.026,  49119.900       
# span 7 =    28.8953,    30.9288       
# span 8 =     5.5794,     8.0858       
# span 9 =      1.000,     91.000       
# span 10 =     5.6157,     8.0807      
# span 11 =    22.7789,    24.0681      
# span 12 =     5.7154,     6.3045      
# span 13 =     8.1679,     9.0098      
# span 14 =     84.477,     86.822      
# span 15 =    249.252,    275.289      
# span 16 =    255.249,    281.559      
# span 17 =   -0.00883,    0.00632      
# span 18 =    6.76462,    7.26660      
# span 19 =    9.66731,   10.38470      
# span 20 =  295.01058,  317.29898      
# span 21 =   15.24432,   16.31498      
# span 22 = 3.6382e-02, 1.0707e+01      
# span 23 =     0.1979,     0.4510      
# span 24 =     0.4551,     1.4303      
# span 25 =    69.9268,    89.2456      
# span 26 = 0.0000e+00, 0.0000e+00      
# interval = meters: 1                  
# start_time = Dec 17 2014 12:14:55 [Instrument's time stamp, header]
# bad_flag = -9.990e-29
*END*
[from data line 54]
        583 351.512043    0.04041     2.4243    145.458     55.524  49009.722    30.8532     7.9855     55.000     7.9776    24.0216     5.7826     8.2638     85.253    252.191    258.249    0.00076    6.78284    9.69335  295.81562   15.28300 3.6382e-02     0.2096     0.4669    88.9823 0.0000e+00
        587 351.512053    0.04067     2.4401    146.406     56.538  49019.142    30.8587     7.9812     56.000     7.9748    24.0265     5.7948     8.2813     85.427    252.722    258.794    0.00207    6.78325    9.69395  295.83226   15.28378 3.6382e-02     0.2392     0.4624    89.0841 0.0000e+00
        590 351.512064    0.04091     2.4550    147.299     57.550  49030.256    30.8657     7.9797     57.000     7.9741    24.0323     5.8018     8.2914     85.533    253.028    259.109    0.00243    6.78317    9.69382  295.82683   15.28350 3.6382e-02     0.2235     0.4605    89.1244 0.0000e+00
        594 351.512074    0.04115     2.4689    148.133     58.552  49035.904    30.8693     7.9799     58.000     7.9758    24.0351     5.8055     8.2966     85.589    253.187    259.272    0.00214    6.78298    9.69356  295.81782   15.28304 3.6382e-02     0.2370     0.4552    89.2456 0.0000e+00
        597 351.512084    0.04141     2.4845    149.068     59.565  49047.661    30.8778     7.9850     59.000     7.9847    24.0411     5.8103     8.3034     85.674    253.393    259.485    0.00220    6.78183    9.69191  295.76585   15.28053 3.6382e-02     0.2417     0.4551    89.2455 0.0000e+00
        601 351.512095    0.04167     2.5000    150.000     60.577  49058.288    30.8864     7.9955     60.000     7.9966    24.0464     5.8075     8.2995     85.658    253.271    259.362    0.00148    6.77981    9.68903  295.67639   15.27622 3.6382e-02     0.2444     0.4642    89.0440 0.0000e+00
        605 351.512106    0.04192     2.5155    150.929     61.582  49054.159    30.8847     8.0059     61.000     8.0020    24.0435     5.8025     8.2923     85.604    253.055    259.138    0.00029    6.77830    9.68687  295.61151   15.27313 3.6382e-02     0.2425     0.4812    88.6657 0.0000e+00
        609 351.512117    0.04221     2.5327    151.961     62.596  49060.503    30.8893     8.0098     62.000     8.0061    24.0467     5.7983     8.2865     85.553    252.874    258.954   -0.00033    6.77751    9.68573  295.57585   15.27141 3.6382e-02     0.2309     0.4907    88.4558 0.0000e+00
        613 351.512129    0.04249     2.5493    152.956     63.605  49072.222    30.8978     8.0151     63.000     8.0130    24.0526     5.7949     8.2815     85.518    252.724    258.802   -0.00067    6.77630    9.68401  295.52166   15.26879 3.6382e-02     0.2259     0.4933    88.3974 0.0000e+00
        617 351.512140    0.04276     2.5653    153.916     64.614  49081.259    30.9050     8.0237     64.000     8.0258    24.0570     5.7909     8.2758     85.479    252.546    258.621   -0.00091    6.77467    9.68168  295.44894   15.26529 3.6382e-02     0.2245     0.5112    88.0032 0.0000e+00
        621 351.512152    0.04303     2.5817    154.905     65.621  49073.412    30.9016     8.0401     65.000     8.0354    24.0521     5.7922     8.2776     85.528    252.604    258.680   -0.00042    6.77229    9.67829  295.34697   15.26044 3.6382e-02     0.2228     0.5899    86.2919 0.0000e+00
        625 351.512164    0.04332     2.5993    155.956     66.636  49063.729    30.8941     8.0381     66.000     8.0278    24.0465     5.7858     8.2684     85.425    252.325    258.392   -0.00092    6.77292    9.67919  295.37613   15.26186 3.6382e-02     0.2185     0.6304    85.4190 0.0000e+00
        629 351.512175    0.04359     2.6155    156.930     67.644  49071.262    30.8981     8.0329     67.000     8.0262    24.0504     5.7732     8.2504     85.232    251.776    257.831   -0.00271    6.77357    9.68010  295.40277   15.26311 3.6382e-02     0.2215     0.5964    86.1479 0.0000e+00
        632 351.512186    0.04385     2.6311    157.867     68.653  49075.657    30.9007     8.0327     68.000     8.0265    24.0525     5.7761     8.2546     85.275    251.901    257.960   -0.00176    6.77348    9.67997  295.39833   15.26289 3.6382e-02     0.2229     0.5730    86.6533 0.0000e+00
        636 351.512197    0.04412     2.6472    158.834     69.660  49078.046    30.9021     8.0336     69.000     8.0277    24.0534     5.7793     8.2593     85.326    252.043    258.106   -0.00073    6.77327    9.67968  295.38910   15.26245 3.6382e-02     0.2211     0.5666    86.7923 0.0000e+00
        641 351.512210    0.04443     2.6659    159.956     70.669  49078.545    30.9022     8.0348     70.000     8.0287    24.0533     5.7811     8.2618     85.355    252.122    258.186   -0.00040    6.77308    9.67940  295.38066   15.26204 3.6382e-02     0.2168     0.5809    86.4829 0.0000e+00
        646 351.512225    0.04478     2.6871    161.229     71.687  49078.085    30.9016     8.0361     71.000     8.0294    24.0527     5.7811     8.2618     85.357    252.120    258.184   -0.00019    6.77292    9.67917  295.37373   15.26171 3.6382e-02     0.2197     0.5875    86.3396 0.0000e+00
        650 351.512237    0.04508     2.7046    162.278     72.694  49080.196    30.9027     8.0364     72.000     8.0297    24.0535     5.7806     8.2610     85.350    252.097    258.161   -0.00052    6.77282    9.67905  295.36975   15.26152 3.6382e-02     0.2301     0.5947    86.1842 0.0000e+00
        654 351.512247    0.04534     2.7201    163.209     73.701  49079.815    30.9020     8.0366     73.000     8.0294    24.0530     5.7831     8.2646     85.387    252.207    258.273    0.00010    6.77282    9.67904  295.36953   15.26151 3.6382e-02     0.2172     0.5889    86.3096 0.0000e+00
        658 351.512259    0.04561     2.7364    164.185     74.713  49079.995    30.9016     8.0361     74.000     8.0287    24.0527     5.7804     8.2608     85.346    252.089    258.153   -0.00048    6.77292    9.67918  295.37401   15.26173 3.6382e-02     0.2213     0.5873    86.3453 0.0000e+00
        662 351.512270    0.04587     2.7523    165.137     75.721  49084.171    30.9041     8.0362     75.000     8.0302    24.0547     5.7778     8.2570     85.308    251.974    258.035   -0.00069    6.77279    9.67900  295.36774   15.26142 3.6382e-02     0.2263     0.5844    86.4076 0.0000e+00
        665 351.512281    0.04614     2.7686    166.114     76.729  49085.056    30.9046     8.0386     76.000     8.0320    24.0548     5.7778     8.2570     85.314    251.976    258.037   -0.00063    6.77239    9.67842  295.35021   15.26058 3.6382e-02     0.2261     0.5951    86.1761 0.0000e+00
        670 351.512294    0.04645     2.7867    167.201     77.744  49084.335    30.9038     8.0395     77.000     8.0322    24.0540     5.7755     8.2538     85.281    251.875    257.934   -0.00072    6.77229    9.67827  295.34594   15.26038 3.6382e-02     0.2262     0.6061    85.9408 0.0000e+00
        674 351.512306    0.04673     2.8039    168.232     78.752  49085.434    30.9042     8.0400     78.000     8.0328    24.0544     5.7781     8.2575     85.321    251.988    258.048   -0.00039    6.77220    9.67816  295.34224   15.26020 3.6382e-02     0.2194     0.6042    85.9801 0.0000e+00
        678 351.512318    0.04700     2.8202    169.211     79.759  49086.755    30.9049     8.0410     79.000     8.0337    24.0547     5.7838     8.2655     85.407    252.235    258.302    0.00052    6.77202    9.67790  295.33432   15.25983 3.6382e-02     0.2202     0.6089    85.8794 0.0000e+00
        682 351.512329    0.04728     2.8372    170.233     80.774  49090.521    30.9070     8.0412     80.000     8.0374    24.0564     5.7830     8.2645     85.397    252.201    258.269    0.00018    6.77189    9.67770  295.32788   15.25951 3.6382e-02     0.2229     0.6179    85.6872 0.0000e+00
        686 351.512340    0.04755     2.8531    171.185     81.779  49094.526    30.9111     8.0521     81.000     8.0466    24.0581     5.7807     8.2612     85.386    252.099    258.164   -0.00006    6.77004    9.67506  295.24692   15.25562 3.6382e-02     0.2234     0.6968    84.0154 0.0000e+00
        690 351.512352    0.04783     2.8699    172.193     82.792  49087.060    30.9054     8.0520     82.000     8.0428    24.0536     5.7743     8.2520     85.289    251.823    257.880   -0.00085    6.77030    9.67544  295.25943   15.25624 3.6382e-02     0.2135     0.7196    83.5353 0.0000e+00
        694 351.512363    0.04810     2.8860    173.162     83.799  49101.955    30.9154     8.0522     83.000     8.0538    24.0614     5.7641     8.2375     85.145    251.377    257.426   -0.00216    6.76983    9.67476  295.23667   15.25512 3.6382e-02     0.2133     0.6899    84.1579 0.0000e+00
        698 351.512375    0.04840     2.9039    174.236     84.810  49115.356    30.9288     8.0811     84.000     8.0807    24.0679     5.7655     8.2394     85.227    251.435    257.486   -0.00090    6.76481    9.66758  295.01567   15.24451 3.6382e-02     0.2194     0.7940    82.0164 0.0000e+00
        702 351.512388    0.04870     2.9223    175.338     85.821  49097.860    30.9168     8.0858     85.000     8.0738    24.0579     5.7448     8.2100     84.924    250.537    256.564   -0.00270    6.76462    9.66731  295.01058   15.24432 3.6382e-02     0.2135     1.0352    77.2041 0.0000e+00
        706 351.512400    0.04898     2.9387    176.324     86.832  49102.118    30.9183     8.0786     86.000     8.0675    24.0600     5.7154     8.1679     84.477    249.252    255.249   -0.00656    6.76566    9.66880  295.05523   15.24644 3.6382e-02     0.2147     0.9798    78.2791 0.0000e+00
        710 351.512410    0.04924     2.9544    177.265     87.840  49108.216    30.9215     8.0743     87.000     8.0657    24.0630     5.7176     8.1710     84.503    249.348    255.347   -0.00476    6.76617    9.66953  295.07665   15.24746 3.6382e-02     0.2066     0.8662    80.5296 0.0000e+00
        714 351.512421    0.04949     2.9698    178.188     88.847  49111.073    30.9229     8.0741     88.000     8.0657    24.0643     5.7351     8.1960     84.761    250.108    256.127   -0.00100    6.76615    9.66950  295.07524   15.24738 3.6382e-02     0.2154     0.7899    82.0811 0.0000e+00
        718 351.512432    0.04976     2.9860    179.159     89.861  49112.209    30.9233     8.0741     89.000     8.0655    24.0646     5.7471     8.2132     84.940    250.635    256.666    0.00090    6.76611    9.66945  295.07383   15.24731 3.6382e-02     0.2006     0.7335    83.2441 0.0000e+00
        722 351.512444    0.05004     3.0025    180.149     90.864  49115.661    30.9253     8.0746     90.000     8.0670    24.0662     5.7519     8.2201     85.013    250.844    256.880    0.00136    6.76596    9.66923  295.06649   15.24695 3.6382e-02     0.2133     0.6991    83.9650 0.0000e+00
        727 351.512459    0.05039     3.0231    181.383     91.860  49119.900    30.9283     8.0774     91.000     8.0707    24.0681     5.7574     8.2278     85.100    251.081    257.124    0.00125    6.76539    9.66841  295.04101   15.24572 3.6382e-02     0.2161     0.6558    84.8769 0.0000e+00
