CTD-processing/allCTD/CNV/2014_08-13_t9_s01_cast032_4141.cnv
* Sea-Bird SBE19plus Data File:
* FileName = C:\Users\kris.holderied\Documents\kasitsna\Research-Projects-and-Data\Oceanography-AK\CTD-Data-ALL-to-2014-06\2014-CTD-KachemakBay-CookInlet\2014-08-13-CookInlet-HomerSpit-monthly\2014-08-13-CookInlet-Tran9-cast032.hex
* Software Version 1.59
* Temperature SN =  4141
* Conductivity SN =  4141
* System UpLoad Time = Oct 13 2014 00:35:53
** Cook Inlet LTM Transect 9 (Homer Spit) North to South
** Date: 08-13
** Station: 9-01
** Start time: 12:36
** Depth: Not recorded in field notes
** Comment:  CTD time is Alaska Daylight time.  R/V Barnacle. Transducer  depth.
** Comment:
# nquan = 27
# nvalues = 59                          
# units = specified
# name 0 = scan: Scan Count
# name 1 = timeJ: Julian Days
# name 2 = timeH: Time, Elapsed [hours]
# name 3 = timeM: Time, Elapsed [minutes]
# name 4 = timeS: Time, Elapsed [seconds]
# name 5 = prdM: Pressure, Strain Gauge [db]
# name 6 = specc: Specific Conductance [uS/cm]
# name 7 = sal00: Salinity, Practical [PSU]
# name 8 = tv290C: Temperature [ITS-90, deg C]
# name 9 = depSM: Depth [salt water, m], lat = 59.00
# name 10 = potemp090C: Potential Temperature [ITS-90, deg C]
# name 11 = sigma-é00: Density [sigma-theta, kg/m^3]
# name 12 = sbeox0ML/L: Oxygen, SBE 43 [ml/l]
# name 13 = sbeox0Mg/L: Oxygen, SBE 43 [mg/l]
# name 14 = sbeox0PS: Oxygen, SBE 43 [% saturation]
# name 15 = sbox0Mm/Kg: Oxygen, SBE 43 [umol/kg]
# name 16 = sbeox0Mm/L: Oxygen, SBE 43 [umol/l]
# name 17 = sbox0dV/dT: Oxygen, SBE 43 [dov/dt]
# name 18 = oxsolML/L: Oxygen Saturation, Garcia & Gordon [ml/l]
# name 19 = oxsolMg/L: Oxygen Saturation, Garcia & Gordon [mg/l]
# name 20 = oxsolMm/Kg: Oxygen Saturation, Garcia & Gordon [umol/kg]
# name 21 = n2satMg/L: Nitrogen Saturation [mg/l]
# name 22 = par: PAR/Irradiance, Biospherical/Licor
# name 23 = wetStar: Fluorescence, WET Labs WETstar [mg/m^3]
# name 24 = CStarAt0: Beam Attenuation, WET Labs C-Star [1/m]
# name 25 = CStarTr0: Beam Transmission, WET Labs C-Star [%]
# name 26 = flag: flag
# span 0 =        368,        556       
# span 1 = 225.526792, 225.527335       
# span 2 =    0.02550,    0.03855       
# span 3 =     1.5298,     2.3130       
# span 4 =     91.788,    138.783       
# span 5 =      2.016,     60.497       
# span 6 =  41297.526,  49313.991       
# span 7 =    25.9016,    31.3513       
# span 8 =    10.0224,    11.4729       
# span 9 =      2.000,     60.000       
# span 10 =    10.0151,    11.4703      
# span 11 =    19.6605,    24.1017      
# span 12 =     5.6376,     6.8274      
# span 13 =     8.0569,     9.7571      
# span 14 =     87.268,    105.163      
# span 15 =    245.853,    299.034      
# span 16 =    251.777,    304.914      
# span 17 =   -0.05702,    0.00595      
# span 18 =    6.28576,    6.51228      
# span 19 =    8.98298,    9.30671      
# span 20 =  274.26656,  285.23092      
# span 21 =   14.25205,   14.79765      
# span 22 = 5.2656e-02, 1.1468e+01      
# span 23 =     0.8406,     3.7088      
# span 24 =     0.4946,    10.3608      
# span 25 =     6.2146,    88.3685      
# span 26 = 0.0000e+00, 0.0000e+00      
# interval = meters: 1                  
# start_time = Aug 13 2014 12:37:03 [Instrument's time stamp, header]
# bad_flag = -9.990e-29
*END*
        368 225.526792    0.02550     1.5298     91.788      2.016  41297.526    25.9016    11.2542      2.000    11.2728    19.6605     6.8274     9.7571    104.839    299.034    304.914    0.00370    6.51228    9.30671  285.23092   14.79765 1.1468e+01     3.3715     5.8573    22.7817 0.0000e+00
        381 225.526829    0.02640     1.5843     95.057      3.036  42302.297    26.6085    11.3721      3.000    11.3964    20.1891     6.8006     9.7188    105.163    297.706    303.716    0.00223    6.46670    9.24156  283.08782   14.69216 9.3588e+00     3.7088     3.9132    38.6655 0.0000e+00
        397 225.526874    0.02747     1.6482     98.894      4.038  43558.338    27.4905    11.4632      4.000    11.4703    20.8577     6.7149     9.5962    104.624    293.759    299.886   -0.00410    6.41808    9.17208  280.77498   14.57781 9.2069e+00     3.5001     1.6950    65.3428 0.0000e+00
        403 225.526892    0.02791     1.6742    100.451      5.053  43722.618    27.6058    11.4729      5.000    11.4699    20.9454     6.6632     9.5223    103.916    291.471    297.577   -0.00953    6.41207    9.16350  280.48849   14.56363 8.1314e+00     3.3550     1.3985    70.4747 0.0000e+00
        407 225.526903    0.02816     1.6897    101.382      6.061  43971.330    27.7773    11.4532      6.000    11.4134    21.0818     6.6484     9.5013    103.755    290.789    296.919   -0.00790    6.40783    9.15743  280.26518   14.55223 6.5947e+00     3.1881     1.4700    69.2543 0.0000e+00
        410 225.526913    0.02840     1.7040    102.241      7.065  44776.806    28.3335    11.3826      7.000    11.3578    21.5256     6.6142     9.4524    103.428    289.168    295.393   -0.00845    6.39502    9.13911  279.58323   14.51731 4.6912e+00     3.1108     1.7790    64.1159 0.0000e+00
        413 225.526922    0.02864     1.7184    103.102      8.080  45034.630    28.5114    11.3579      8.000    11.3599    21.6678     6.5378     9.3432    102.293    285.785    291.977   -0.01563    6.39122    9.13369  279.37815   14.50677 2.9530e+00     2.8996     2.1245    58.8079 0.0000e+00
        417 225.526932    0.02886     1.7313    103.878      9.084  45115.839    28.5684    11.3631      9.000    11.3672    21.7112     6.4099     9.1603    100.340    280.182    286.265   -0.03060    6.38819    9.12936  279.23393   14.49963 1.9051e+00     2.4844     2.2925    56.3856 0.0000e+00
        420 225.526940    0.02907     1.7440    104.641     10.100  45265.697    28.6739    11.3715     10.000    11.3773    21.7917     6.3090     9.0162     98.843    275.750    281.759   -0.04020    6.38277    9.12162  278.97531   14.48681 1.2484e+00     2.1458     2.2485    57.0091 0.0000e+00
        422 225.526948    0.02927     1.7557    105.343     11.105  45902.475    29.1217    11.3817     11.000    11.3960    22.1375     6.2562     8.9407     98.316    273.351    279.401   -0.03705    6.36330    9.09379  278.03021   14.43974 8.2208e-01     2.0231     2.0950    59.2372 0.0000e+00
        425 225.526956    0.02945     1.7673    106.040     12.113  47015.795    29.9073    11.4035     12.000    11.4163    22.7435     6.2231     8.8934     98.329    271.741    277.922   -0.02722    6.32877    9.04444  276.35749   14.35645 5.7785e-01     1.9180     1.7324    64.8639 0.0000e+00
        428 225.526965    0.02965     1.7791    106.745     13.119  47999.571    30.6035    11.4189     13.000    11.4097    23.2814     6.1665     8.8125     97.898    269.130    275.395   -0.02299    6.29886    9.00170  274.90683   14.28417 4.1829e-01     1.9444     1.4576    69.4709 0.0000e+00
        431 225.526973    0.02986     1.7914    107.486     14.133  48263.596    30.7887    11.4081     14.000    11.4059    23.4272     6.0592     8.6594     96.287    264.414    270.608   -0.03110    6.29294    8.99323  274.60892   14.26915 3.0960e-01     1.8029     1.2697    72.8092 0.0000e+00
        434 225.526982    0.03007     1.8039    108.233     15.142  48361.434    30.8576    11.4078     15.000    11.4071    23.4808     5.8981     8.4289     93.766    257.365    263.408   -0.04826    6.29023    8.98936  274.47657   14.26254 2.4787e-01     1.4955     0.9537    78.8037 0.0000e+00
        437 225.526991    0.03027     1.8164    108.981     16.156  48424.224    30.9022    11.4129     16.000    11.4244    23.5145     5.7831     8.2647     91.974    252.339    258.273   -0.05702    6.28776    8.98584  274.35996   14.25677 2.1290e-01     1.2791     0.7955    81.9695 0.0000e+00
        440 225.526998    0.03047     1.8279    109.674     17.162  48437.590    30.9126    11.4248     17.000    11.4103    23.5205     5.7472     8.2133     91.432    250.771    256.669   -0.04995    6.28576    8.98298  274.27097   14.25247 1.8464e-01     1.1289     0.6264    85.5148 0.0000e+00
        442 225.527006    0.03065     1.8392    110.349     18.166  48513.423    30.9641    11.4082     18.000    11.4037    23.5635     5.7461     8.2118     91.413    250.714    256.622   -0.03747    6.28592    8.98321  274.26656   14.25205 1.6447e-01     1.0498     0.5311    87.5679 0.0000e+00
        445 225.527015    0.03084     1.8507    111.043     19.184  48514.183    30.9635    11.4012     19.000    11.3768    23.5643     5.7602     8.2318     91.622    251.327    257.249   -0.02595    6.28689    8.98460  274.30875   14.25407 1.4677e-01     0.9846     0.4946    88.3685 0.0000e+00
        448 225.527022    0.03103     1.8618    111.709     20.188  48505.410    30.9528    11.3626     20.000    11.3070    23.5628     5.7685     8.2438     91.673    251.692    257.622   -0.01809    6.29251    8.99262  274.55418   14.26587 1.3029e-01     0.9571     0.5097    88.0357 0.0000e+00
        451 225.527030    0.03122     1.8733    112.397     21.201  48567.556    30.9885    11.2897     21.000    11.2637    23.6035     5.7557     8.2253     91.346    251.119    257.046   -0.01583    6.30090    9.00461  274.90926   14.28275 1.1519e-01     1.0561     0.5663    86.7986 0.0000e+00
        453 225.527038    0.03141     1.8844    113.061     22.213  48595.573    31.0049    11.2619     22.000    11.2428    23.6211     5.7345     8.1951     90.966    250.190    256.100   -0.01668    6.30398    9.00902  275.03935   14.28891 1.0182e-01     0.9682     0.6209    85.6224 0.0000e+00
        456 225.527045    0.03158     1.8948    113.686     23.216  48603.868    31.0075    11.2356     23.000    11.1912    23.6278     5.7260     8.1830     90.782    249.820    255.723   -0.01515    6.30744    9.01396  275.18817   14.29603 9.5113e-02     0.9521     0.6773    84.4250 0.0000e+00
        458 225.527053    0.03176     1.9056    114.337     24.229  48645.547    31.0304    11.1797     24.000    11.1387    23.6555     5.7235     8.1796     90.648    249.708    255.614   -0.01279    6.31407    9.02344  275.46987   14.30943 8.6329e-02     0.9395     0.6897    84.1636 0.0000e+00
        461 225.527060    0.03194     1.9164    114.984     25.237  48690.564    31.0568    11.1330     25.000    11.1073    23.6840     5.7210     8.1758     90.531    249.588    255.499   -0.01108    6.31934    9.03097  275.69244   14.31999 7.8745e-02     0.9569     0.7513    82.8775 0.0000e+00
        464 225.527068    0.03212     1.9273    115.635     26.249  48714.068    31.0699    11.1047     26.000    11.0855    23.6992     5.7159     8.1686     90.403    249.362    255.271   -0.00973    6.32266    9.03572  275.83306   14.32667 7.3807e-02     1.0037     0.7663    82.5647 0.0000e+00
        466 225.527075    0.03230     1.9379    116.275     27.257  48703.651    31.0593    11.0801     27.000    11.0252    23.6953     5.7119     8.1628     90.286    249.188    255.092   -0.00875    6.32642    9.04109  275.99822   14.33463 6.9945e-02     0.9694     0.7888    82.1023 0.0000e+00
        469 225.527082    0.03248     1.9485    116.911     28.266  48716.983    31.0604    11.0097     28.000    10.9367    23.7084     5.7108     8.1614     90.133    249.137    255.044   -0.00829    6.33594    9.05470  276.41011   14.35434 6.6019e-02     1.0207     0.8778    80.2940 0.0000e+00
        471 225.527090    0.03265     1.9592    117.553     29.274  48806.341    31.1141    10.9278     29.000    10.9036    23.7643     5.7115     8.1623     90.017    249.155    255.076   -0.00772    6.34496    9.06759  276.78845   14.37226 6.3431e-02     1.0229     0.9308    79.2388 0.0000e+00
        474 225.527098    0.03284     1.9703    118.218     30.285  48843.489    31.1380    10.9107     30.000    10.9106    23.7859     5.7309     8.1901     90.304    249.999    255.944   -0.00429    6.34634    9.06956  276.84276   14.37476 6.1314e-02     0.9879     0.9335    79.1857 0.0000e+00
        477 225.527105    0.03303     1.9815    118.888     31.294  48839.365    31.1352    10.9157     31.000    10.9151    23.7829     5.7646     8.2382     90.842    251.466    257.447    0.00223    6.34577    9.06874  276.81848   14.37361 6.0246e-02     0.9443     0.9083    79.6864 0.0000e+00
        479 225.527113    0.03321     1.9927    119.562     32.307  48823.492    31.1239    10.9186     32.000    10.8975    23.7735     5.7816     8.2625     91.109    252.211    258.206    0.00595    6.34583    9.06882  276.82331   14.37389 5.8022e-02     0.9368     0.9225    79.4015 0.0000e+00
        482 225.527121    0.03339     2.0036    120.214     33.316  48831.775    31.1262    10.8904     33.000    10.8692    23.7802     5.7748     8.2527     90.947    251.910    257.900    0.00311    6.34959    9.07421  276.98592   14.38166 5.7706e-02     0.9266     0.9352    79.1519 0.0000e+00
        484 225.527128    0.03357     2.0142    120.848     34.318  48854.740    31.1397    10.8704     34.000    10.8586    23.7942     5.7670     8.2416     90.793    251.567    257.553    0.00016    6.35178    9.07733  277.07770   14.38601 5.7309e-02     0.8907     0.9406    79.0447 0.0000e+00
        487 225.527136    0.03376     2.0253    121.520     35.337  48865.404    31.1457    10.8609     35.000    10.8521    23.8006     5.7730     8.2502     90.873    251.827    257.821    0.00024    6.35283    9.07883  277.12157   14.38808 5.6046e-02     0.9352     0.9510    78.8395 0.0000e+00
        490 225.527143    0.03394     2.0361    122.169     36.341  48815.829    31.1095    10.8546     36.000    10.7817    23.7735     5.7822     8.2633     90.985    252.236    258.233    0.00151    6.35516    9.08216  277.23069   14.39345 5.5630e-02     0.8757     0.9431    78.9971 0.0000e+00
        492 225.527151    0.03412     2.0471    122.826     37.352  48849.869    31.1225    10.7618     37.000    10.6781    23.7995     5.7870     8.2701     90.884    252.436    258.444    0.00075    6.36737    9.09962  277.75652   14.41858 5.4591e-02     0.8749     1.0437    77.0336 0.0000e+00
        495 225.527159    0.03431     2.0584    123.506     38.367  48917.332    31.1572    10.6538     38.000    10.5892    23.8449     5.7739     8.2515     90.487    251.855    257.861   -0.00317    6.38084    9.11885  278.33138   14.44596 5.4764e-02     0.9117     1.1672    74.6963 0.0000e+00
        498 225.527166    0.03448     2.0691    124.145     39.370  48996.643    31.2043    10.5813     39.000    10.5464    23.8939     5.7544     8.2235     90.067    250.992    256.990   -0.00719    6.38893    9.13043  278.67119   14.46204 5.4842e-02     0.9166     1.2404    73.3366 0.0000e+00
        500 225.527174    0.03466     2.0800    124.797     40.379  49004.636    31.2044    10.5389     40.000    10.4989    23.9012     5.7380     8.2001     89.728    250.274    256.256   -0.00933    6.39481    9.13881  278.92521   14.47420 5.4539e-02     0.8955     1.2931    72.3786 0.0000e+00
        503 225.527182    0.03485     2.0913    125.477     41.394  49036.723    31.2215    10.4946     41.000    10.4593    23.9219     5.7251     8.1817     89.451    249.708    255.681   -0.01002    6.40025    9.14660  279.15715   14.48523 5.4986e-02     0.8551     1.3104    72.0647 0.0000e+00
        506 225.527189    0.03504     2.1023    126.135     42.401  49029.031    31.2106    10.4535     42.000    10.3804    23.9203     5.7172     8.1705     89.242    249.364    255.330   -0.01006    6.40641    9.15540  279.42635   14.49815 5.4659e-02     0.9000     1.3626    71.1321 0.0000e+00
        508 225.527196    0.03522     2.1131    126.789     43.410  49067.199    31.2260    10.3612     43.000    10.2959    23.9478     5.7170     8.1701     89.068    249.348    255.320   -0.00942    6.41863    9.17286  279.95162   14.52324 5.4367e-02     0.8406     1.4866    68.9642 0.0000e+00
        511 225.527204    0.03541     2.1243    127.455     44.418  49140.761    31.2692    10.2927     44.000    10.2610    23.9929     5.7141     8.1660     88.915    249.210    255.189   -0.00893    6.42642    9.18399  280.27901   14.53874 5.4270e-02     0.8871     1.5911    67.1858 0.0000e+00
        514 225.527213    0.03559     2.1356    128.136     45.429  49170.793    31.2857    10.2579     45.000    10.2375    24.0115     5.7086     8.1581     88.772    248.968    254.946   -0.00823    6.43061    9.18999  280.45706   14.54719 5.3885e-02     0.8626     1.6448    66.2843 0.0000e+00
        516 225.527220    0.03578     2.1470    128.818     46.442  49175.913    31.2862    10.2361     46.000    10.2071    24.0156     5.7062     8.1547     88.693    248.860    254.837   -0.00718    6.43365    9.19432  280.58826   14.55347 5.3477e-02     0.8839     1.7022    65.3419 0.0000e+00
        519 225.527228    0.03596     2.1580    129.480     47.450  49188.768    31.2905    10.2016     47.000    10.1713    24.0247     5.6996     8.1453     88.526    248.572    254.544   -0.00704    6.43830    9.20098  280.78881   14.56305 5.3682e-02     0.8966     1.7917    63.8977 0.0000e+00
        522 225.527236    0.03615     2.1690    130.139     48.459  49215.990    31.3055    10.1701     48.000    10.1506    24.0415     5.6879     8.1286     88.293    248.059    254.023   -0.00757    6.44212    9.20642  280.95016   14.57071 5.4288e-02     0.9493     1.8879    62.3786 0.0000e+00
        524 225.527243    0.03633     2.1800    130.802     49.468  49230.814    31.3133    10.1525     49.000    10.1402    24.0505     5.6857     8.1255     88.229    247.960    253.923   -0.00741    6.44427    9.20951  281.04220   14.57508 5.4173e-02     0.8587     2.0715    59.5802 0.0000e+00
        527 225.527251    0.03652     2.1913    131.477     50.476  49244.596    31.3218    10.1465     50.000    10.1432    24.0582     5.6838     8.1229     88.194    247.878    253.842   -0.00575    6.44476    9.21021  281.06116   14.57595 5.3918e-02     0.9166     2.2793    56.5691 0.0000e+00
        530 225.527259    0.03672     2.2031    132.187     51.486  49242.031    31.3200    10.1495     51.000    10.1467    24.0563     5.6810     8.1187     88.154    247.754    253.715   -0.00469    6.44442    9.20972  281.04696   14.57529 5.3319e-02     0.9042     2.3531    55.5303 0.0000e+00
        533 225.527268    0.03692     2.2153    132.915     52.496  49242.042    31.3202    10.1549     52.000    10.1519    24.0556     5.6861     8.1260     88.243    247.976    253.941   -0.00310    6.44365    9.20862  281.01348   14.57368 5.2656e-02     0.8905     2.2139    57.5083 0.0000e+00
        536 225.527276    0.03712     2.2276    133.655     53.507  49235.809    31.3158    10.1576     53.000    10.1510    24.0517     5.6881     8.1289     88.277    248.063    254.030   -0.00169    6.44344    9.20833  281.00560   14.57332 5.3654e-02     0.9380     2.0985    59.1832 0.0000e+00
        539 225.527285    0.03733     2.2397    134.383     54.523  49236.435    31.3157    10.1566     54.000    10.1498    24.0518     5.6851     8.1246     88.228    247.934    253.897   -0.00185    6.44360    9.20853  281.01197   14.57363 5.2889e-02     0.9830     2.1064    59.0660 0.0000e+00
