CTD-processing/allCTD/CNV/2014_06-18_t9_s02_cast146_4141.cnv
* Sea-Bird SBE19plus Data File:
* FileName = C:\Users\kris.holderied\Documents\kasitsna\Research-Projects-and-Data\Oceanography-AK\CTD-Data-ALL-to-2014-03\2014-CTD-KachemakBay-CookInlet\2014-06-18-CookInlet-HomerSpit-monthly\2014-06-18-CookInlet-T9-HomerSpit-cast146.hex
* Software Version 1.59
* Temperature SN =  4141
* Conductivity SN =  4141
* System UpLoad Time = Jul 20 2014 19:54:25
** Cook Inlet LTM Transect 9  (Homer Spit) South to North
** Date: 2014-06-18
** Station: 9-02
** Start time: 17:14
** Depth (m): 79.2
** Comment:  CTD time is Alaska Daylight time
** Comment:
# nquan = 27
# nvalues = 78                          
# units = specified
# name 0 = scan: Scan Count
# name 1 = timeJ: Julian Days
# name 2 = timeH: Time, Elapsed [hours]
# name 3 = timeM: Time, Elapsed [minutes]
# name 4 = timeS: Time, Elapsed [seconds]
# name 5 = prdM: Pressure, Strain Gauge [db]
# name 6 = specc: Specific Conductance [uS/cm]
# name 7 = sal00: Salinity, Practical [PSU]
# name 8 = tv290C: Temperature [ITS-90, deg C]
# name 9 = depSM: Depth [salt water, m], lat = 59.00
# name 10 = potemp090C: Potential Temperature [ITS-90, deg C]
# name 11 = sigma-é00: Density [sigma-theta, kg/m^3]
# name 12 = sbeox0ML/L: Oxygen, SBE 43 [ml/l]
# name 13 = sbeox0Mg/L: Oxygen, SBE 43 [mg/l]
# name 14 = sbeox0PS: Oxygen, SBE 43 [% saturation]
# name 15 = sbox0Mm/Kg: Oxygen, SBE 43 [umol/kg]
# name 16 = sbeox0Mm/L: Oxygen, SBE 43 [umol/l]
# name 17 = sbox0dV/dT: Oxygen, SBE 43 [dov/dt]
# name 18 = oxsolML/L: Oxygen Saturation, Garcia & Gordon [ml/l]
# name 19 = oxsolMg/L: Oxygen Saturation, Garcia & Gordon [mg/l]
# name 20 = oxsolMm/Kg: Oxygen Saturation, Garcia & Gordon [umol/kg]
# name 21 = n2satMg/L: Nitrogen Saturation [mg/l]
# name 22 = par: PAR/Irradiance, Biospherical/Licor
# name 23 = wetStar: Fluorescence, WET Labs WETstar [mg/m^3]
# name 24 = CStarAt0: Beam Attenuation, WET Labs C-Star [1/m]
# name 25 = CStarTr0: Beam Transmission, WET Labs C-Star [%]
# name 26 = flag: flag
# span 0 =        362,        735       
# span 1 = 169.718846, 169.719924       
# span 2 =    0.02509,    0.05095       
# span 3 =     1.5053,     3.0575       
# span 4 =     90.318,    183.454       
# span 5 =      1.012,     78.720       
# span 6 =  44906.343,  50739.356       
# span 7 =    28.2025,    31.7969       
# span 8 =     6.5204,     9.6042       
# span 9 =      1.000,     78.000       
# span 10 =     6.5139,     9.6770      
# span 11 =    21.7556,    24.9587      
# span 12 =     6.3465,     7.5603      
# span 13 =     9.0697,    10.8044      
# span 14 =     91.038,    114.435      
# span 15 =    276.530,    330.086      
# span 16 =    283.432,    337.643      
# span 17 =   -0.06319,    0.03283      
# span 18 =    6.60657,    6.97199      
# span 19 =    9.44145,    9.96366      
# span 20 =  288.45372,  303.78730      
# span 21 =   14.93609,   15.65944      
# span 22 = 4.6542e-02, 1.8204e+00      
# span 23 =     0.4517,     9.7666      
# span 24 =     0.4319,     4.2845      
# span 25 =    33.5679,    89.7659      
# span 26 = 0.0000e+00, 0.0000e+00      
# interval = meters: 1                  
# start_time = Jun 18 2014 17:13:38 [Instrument's time stamp, header]
# bad_flag = -9.990e-29
*END*
        362 169.718846    0.02509     1.5053     90.318      1.012  44906.343    28.2025     9.3111      1.000     9.3428    21.7556     7.1842    10.2669    107.256    314.015    320.845   -0.02039    6.69734    9.57117  292.73416   15.14682 1.8204e+00     3.3828     4.2845    33.5679 0.0000e+00
        371 169.718873    0.02572     1.5431     92.584      2.022  46453.124    29.3149     9.6042      2.000     9.6770    22.5788     7.4555    10.6547    112.853    325.612    332.964    0.03283    6.60657    9.44145  288.53470   14.94153 1.5986e+00     5.2196     2.2962    56.2576 0.0000e+00
        378 169.718891    0.02617     1.5703     94.218      3.028  47021.026    29.6969     9.4926      3.000     9.2289    22.8940     7.5603    10.8044    114.435    330.086    337.643    0.03127    6.60676    9.44172  288.45372   14.93609 1.5167e+00     7.0643     1.7228    65.0516 0.0000e+00
        384 169.718908    0.02658     1.5944     95.663      4.039  47956.865    30.2386     8.6526      4.000     8.4291    23.4435     7.5486    10.7878    112.530    329.400    337.122    0.00070    6.70831    9.58684  292.73002   15.13818 1.4462e+00     8.6790     1.3342    71.6837 0.0000e+00
        389 169.718923    0.02693     1.6159     96.951      5.047  48602.586    30.6244     8.2035      5.000     8.1359    23.8108     7.3466    10.4991    108.689    320.471    328.101   -0.03146    6.75947    9.65996  294.85726   15.23818 1.3858e+00     9.7666     1.0060    77.7839 0.0000e+00
        394 169.718939    0.02732     1.6390     98.343      6.058  48821.737    30.7570     8.0708      6.000     8.0443    23.9335     7.0220    10.0352    103.663    306.273    313.603   -0.06319    6.77396    9.68067  295.45394   15.26612 1.3323e+00     7.1231     0.8749    80.3558 0.0000e+00
        400 169.718956    0.02772     1.6630     99.778      7.061  48999.123    30.8651     7.9724      7.000     7.9230    24.0322     6.9674     9.9571    102.698    303.861    311.163   -0.04539    6.78432    9.69548  295.87727   15.28589 1.2900e+00     6.2544     0.8306    81.2511 0.0000e+00
        408 169.718979    0.02828     1.6969    101.813      8.080  49524.893    31.1901     7.7108      8.000     7.6028    24.3237     6.9139     9.8806    101.520    301.442    308.773   -0.02845    6.81039    9.73272  296.92937   15.33477 1.2399e+00     5.2027     0.7612    82.6888 0.0000e+00
        414 169.718997    0.02871     1.7227    103.365      9.085  49968.855    31.4519     7.4216      9.000     7.3925    24.5689     6.7993     9.7169     99.350    296.374    303.656   -0.03314    6.84380    9.78049  298.31513   15.39983 1.1873e+00     4.7057     0.5483    87.1948 0.0000e+00
        421 169.719015    0.02914     1.7484    104.906     10.097  50039.814    31.4947     7.3844     10.000     7.3889    24.6076     6.6875     9.5571     97.660    291.488    298.662   -0.03288    6.84772    9.78607  298.47439   15.40726 1.1369e+00     3.2869     0.5051    88.1379 0.0000e+00
        426 169.719031    0.02952     1.7717    106.301     11.100  50019.579    31.4806     7.3874     11.000     7.3759    24.5961     6.6867     9.5560     97.646    291.459    298.628   -0.01988    6.84787    9.78629  298.48427   15.40779 1.0968e+00     3.1876     0.4981    88.2921 0.0000e+00
        433 169.719051    0.03000     1.7998    107.990     12.117  50043.676    31.4879     7.3337     12.000     7.3081    24.6091     6.6897     9.5603     97.575    291.588    298.764   -0.01072    6.85599    9.79790  298.83451   15.42447 1.0523e+00     2.6851     0.4939    88.3839 0.0000e+00
        438 169.719067    0.03038     1.8227    109.365     13.122  50153.735    31.5554     7.2824     13.000     7.2788    24.6691     6.6704     9.5327     97.222    290.729    297.901   -0.00952    6.86101    9.80508  299.03601   15.43380 9.7691e-01     2.6893     0.4803    88.6859 0.0000e+00
        444 169.719083    0.03076     1.8456    110.734     14.139  50162.488    31.5600     7.2765     14.000     7.2704    24.6735     6.6548     9.5104     96.984    290.046    297.202   -0.00748    6.86175    9.80613  299.06690   15.43526 9.3580e-01     2.4587     0.4806    88.6793 0.0000e+00
        448 169.719095    0.03106     1.8637    111.820     15.138  50174.535    31.5652     7.2601     15.000     7.2516    24.6798     6.6357     9.4831     96.673    289.213    296.351   -0.00807    6.86411    9.80949  299.16760   15.44004 8.8270e-01     2.1837     0.4713    88.8842 0.0000e+00
        453 169.719110    0.03142     1.8851    113.103     16.147  50181.578    31.5671     7.2455     16.000     7.2336    24.6833     6.6245     9.4670     96.478    288.723    295.850   -0.00656    6.86631    9.81265  299.26274   15.44457 8.3265e-01     2.1752     0.4641    89.0448 0.0000e+00
        460 169.719127    0.03184     1.9105    114.628     17.171  50221.743    31.5880     7.2067     17.000     7.1939    24.7049     6.6129     9.4505     96.237    288.213    295.333   -0.00585    6.87149    9.82005  299.48224   15.45497 7.7826e-01     2.4593     0.4677    88.9655 0.0000e+00
        464 169.719140    0.03212     1.9274    115.644     18.165  50239.048    31.5954     7.1821     18.000     7.1684    24.7139     6.6224     9.4641     96.325    288.624    295.758   -0.00333    6.87506    9.82515  299.63507   15.46222 7.2261e-01     2.3915     0.4629    89.0733 0.0000e+00
        469 169.719154    0.03248     1.9487    116.920     19.180  50291.994    31.6268     7.1534     19.000     7.1526    24.7425     6.6042     9.4380     96.016    287.821    294.943   -0.00448    6.87819    9.82962  299.76304   15.46820 6.5866e-01     1.9113     0.4619    89.0960 0.0000e+00
        474 169.719169    0.03285     1.9706    118.238     20.188  50361.802    31.6801     7.1831     20.000     7.1942    24.7805     6.5818     9.4060     95.790    286.834    293.942   -0.00497    6.87108    9.81946  299.44204   15.45267 5.9604e-01     1.8420     0.4433    89.5087 0.0000e+00
        480 169.719187    0.03326     1.9958    119.750     21.200  50355.124    31.6761     7.1899     21.000     7.1787    24.7765     6.5790     9.4021     95.763    286.717    293.822   -0.00314    6.87019    9.81819  299.40433   15.45088 5.5006e-01     1.8993     0.4319    89.7659 0.0000e+00
        486 169.719204    0.03367     2.0202    121.213     22.210  50367.664    31.6796     7.1625     22.000     7.1518    24.7829     6.5822     9.4066     95.750    286.850    293.959   -0.00191    6.87436    9.82415  299.58428   15.45946 4.8521e-01     2.0887     0.4369    89.6535 0.0000e+00
        491 169.719218    0.03400     2.0399    122.395     23.221  50364.472    31.6728     7.1384     23.000     7.1238    24.7807     6.5752     9.3967     95.591    286.548    293.649   -0.00258    6.87847    9.83002  299.76419   15.46807 4.2759e-01     1.6247     0.4380    89.6281 0.0000e+00
        495 169.719230    0.03430     2.0582    123.489     24.226  50373.576    31.6746     7.1154     24.000     7.1014    24.7853     6.5561     9.3693     95.264    285.713    292.794   -0.00456    6.88204    9.83512  299.91847   15.47542 3.7240e-01     1.6008     0.4448    89.4765 0.0000e+00
        500 169.719244    0.03463     2.0778    124.669     25.237  50349.917    31.6496     7.0693     25.000     7.0355    24.7717     6.5427     9.3502     94.953    285.134    292.198   -0.00583    6.89049    9.84720  300.29054   15.49327 3.2190e-01     1.6708     0.4645    89.0374 0.0000e+00
        504 169.719257    0.03496     2.0975    125.849     26.245  50434.063    31.6974     7.0105     26.000     7.0113    24.8170     6.5357     9.3400     94.751    284.813    291.882   -0.00556    6.89766    9.85744  300.58976   15.50735 2.7772e-01     1.4165     0.4815    88.6597 0.0000e+00
        509 169.719272    0.03531     2.1187    127.122     27.255  50448.155    31.7091     7.0241     27.000     7.0274    24.8246     6.5283     9.3295     94.681    284.489    291.551   -0.00425    6.89496    9.85359  300.46986   15.50158 2.4175e-01     1.5838     0.4793    88.7087 0.0000e+00
        515 169.719289    0.03573     2.1437    128.623     28.268  50453.865    31.7155     7.0402     28.000     7.0412    24.8274     6.5234     9.3226     94.650    284.278    291.335   -0.00274    6.89212    9.84953  300.34524   15.49561 2.0884e-01     1.4922     0.4682    88.9531 0.0000e+00
        521 169.719305    0.03609     2.1656    129.934     29.281  50461.100    31.7213     7.0474     29.000     7.0506    24.8311     6.5252     9.3253     94.697    284.358    291.419   -0.00127    6.89071    9.84752  300.28293   15.49262 1.7786e-01     1.3998     0.4794    88.7053 0.0000e+00
        525 169.719316    0.03638     2.1824    130.947     30.285  50475.357    31.7333     7.0618     30.000     7.0653    24.8387     6.5174     9.3139     94.620    284.009    291.063   -0.00172    6.88788    9.84346  300.15707   15.48656 1.5464e-01     1.2646     0.5178    87.8579 0.0000e+00
        529 169.719328    0.03665     2.1987    131.924     31.292  50466.530    31.7279     7.0682     31.000     7.0601    24.8335     6.5236     9.3228     94.722    284.283    291.343   -0.00050    6.88710    9.84236  300.12476   15.48504 1.3464e-01     1.1623     0.4917    88.4338 0.0000e+00
        533 169.719340    0.03695     2.2173    133.037     32.302  50468.664    31.7256     7.0496     32.000     7.0339    24.8342     6.5238     9.3232     94.683    284.294    291.354   -0.00053    6.89018    9.84675  300.25852   15.49143 1.1816e-01     1.3222     0.4955    88.3505 0.0000e+00
        539 169.719357    0.03733     2.2396    134.376     33.318  50496.225    31.7382     7.0151     33.000     7.0089    24.8486     6.5069     9.2990     94.371    283.553    290.599   -0.00292    6.89507    9.85374  300.46756   15.50135 1.0515e-01     1.3224     0.4985    88.2833 0.0000e+00
        543 169.719369    0.03764     2.2582    135.493     34.325  50511.638    31.7491     7.0188     34.000     7.0043    24.8567     6.4804     9.2612     94.002    282.398    289.416   -0.00542    6.89399    9.85220  300.41817   15.49895 9.2990e-02     1.2218     0.5150    87.9193 0.0000e+00
        547 169.719381    0.03791     2.2745    136.467     35.333  50483.596    31.7216     6.9761     35.000     6.9489    24.8408     6.4773     9.2567     93.846    282.265    289.276   -0.00532    6.90204    9.86370  300.77352   15.51602 8.4104e-02     1.1806     0.5226    87.7533 0.0000e+00
        551 169.719391    0.03818     2.2907    137.441     36.341  50517.170    31.7392     6.9463     36.000     6.9327    24.8585     6.4731     9.2506     93.731    282.074    289.085   -0.00475    6.90597    9.86932  300.93991   15.52388 7.6719e-02     1.2091     0.5373    87.4305 0.0000e+00
        555 169.719404    0.03846     2.3079    138.473     37.354  50527.515    31.7416     6.9219     37.000     6.9139    24.8636     6.4637     9.2373     93.544    281.665    288.669   -0.00495    6.90977    9.87476  301.10393   15.53169 7.0877e-02     0.9640     0.5480    87.1962 0.0000e+00
        559 169.719416    0.03876     2.3256    139.537     38.360  50520.542    31.7338     6.9082     38.000     6.8942    24.8592     6.4595     9.2313     93.449    281.485    288.482   -0.00435    6.91232    9.87839  301.21596   15.53707 6.6240e-02     0.9635     0.5400    87.3722 0.0000e+00
        564 169.719429    0.03908     2.3444    140.665     39.371  50542.797    31.7446     6.8848     39.000     6.8788    24.8708     6.4595     9.2314     93.406    281.484    288.485   -0.00328    6.91556    9.88303  301.35403   15.54361 6.2517e-02     0.9915     0.5423    87.3218 0.0000e+00
        568 169.719442    0.03939     2.3631    141.784     40.384  50574.855    31.7678     6.8920     40.000     6.8963    24.8881     6.4581     9.2293     93.416    281.417    288.421   -0.00233    6.91334    9.87986  301.25221   15.53866 5.9590e-02     0.9046     0.5424    87.3193 0.0000e+00
        572 169.719453    0.03966     2.3794    142.766     41.391  50565.722    31.7631     6.9041     41.000     6.9017    24.8829     6.4657     9.2402     93.548    281.749    288.760   -0.00049    6.91164    9.87742  301.17954   15.53521 5.7046e-02     0.9791     0.5402    87.3666 0.0000e+00
        576 169.719465    0.03993     2.3961    143.764     42.402  50563.022    31.7608     6.9042     42.000     6.8995    24.8810     6.4593     9.2310     93.454    281.468    288.472   -0.00106    6.91172    9.87754  301.18366   15.53542 5.5218e-02     0.9299     0.5353    87.4742 0.0000e+00
        580 169.719476    0.04021     2.4123    144.735     43.412  50575.386    31.7687     6.9033     43.000     6.9042    24.8874     6.4532     9.2222     93.369    281.199    288.198   -0.00186    6.91150    9.87723  301.17233   15.53485 5.3297e-02     0.7869     0.5443    87.2793 0.0000e+00
        584 169.719487    0.04047     2.4279    145.676     44.414  50568.687    31.7650     6.9109     44.000     6.9059    24.8835     6.4587     9.2301     93.463    281.442    288.446   -0.00065    6.91046    9.87573  301.12801   15.53274 5.2240e-02     0.7494     0.5366    87.4462 0.0000e+00
        588 169.719500    0.04077     2.4466    146.797     45.431  50573.417    31.7670     6.9063     45.000     6.8990    24.8857     6.4558     9.2259     93.411    281.314    288.314   -0.00073    6.91111    9.87666  301.15567   15.53406 5.1184e-02     0.8355     0.5302    87.5868 0.0000e+00
        592 169.719512    0.04106     2.4639    147.837     46.439  50564.731    31.7578     6.8911     46.000     6.8707    24.8804     6.4583     9.2296     93.409    281.424    288.426   -0.00076    6.91396    9.88074  301.28137   15.54009 5.0605e-02     0.9837     0.5327    87.5317 0.0000e+00
        596 169.719524    0.04135     2.4811    148.868     47.446  50587.150    31.7675     6.8611     47.000     6.8492    24.8919     6.4541     9.2236     93.290    281.239    288.240   -0.00142    6.91831    9.88696  301.46772   15.54894 4.9606e-02     0.7981     0.5430    87.3061 0.0000e+00
        601 169.719537    0.04167     2.5002    150.012     48.464  50601.832    31.7749     6.8481     48.000     6.8421    24.8995     6.4422     9.2066     93.095    280.720    287.710   -0.00292    6.92005    9.88944  301.54124   15.55242 4.9126e-02     0.8071     0.5398    87.3751 0.0000e+00
        605 169.719549    0.04194     2.5166    150.994     49.466  50586.686    31.7625     6.8408     49.000     6.8219    24.8907     6.4413     9.2053     93.058    280.683    287.669   -0.00247    6.92179    9.89193  301.61960   15.55621 4.8562e-02     0.6595     0.5375    87.4260 0.0000e+00
        609 169.719560    0.04222     2.5335    152.007     50.475  50606.291    31.7706     6.8126     50.000     6.8017    24.9008     6.4421     9.2064     93.014    280.713    287.702   -0.00210    6.92594    9.89787  301.79765   15.56466 4.8217e-02     0.8007     0.5381    87.4125 0.0000e+00
        613 169.719573    0.04253     2.5520    153.118     51.490  50619.647    31.7777     6.8031     51.000     6.8000    24.9076     6.4237     9.1801     92.732    279.910    286.882   -0.00383    6.92713    9.89957  301.84760   15.56701 4.8183e-02     0.7583     0.5398    87.3764 0.0000e+00
        618 169.719585    0.04283     2.5696    154.178     52.494  50622.973    31.7809     6.8105     52.000     6.8091    24.9091     6.4230     9.1791     92.740    279.880    286.851   -0.00298    6.92581    9.89767  301.78928   15.56422 4.7818e-02     0.7455     0.5446    87.2708 0.0000e+00
        622 169.719599    0.04315     2.5894    155.365     53.514  50610.041    31.7717     6.8121     53.000     6.8024    24.9017     6.4369     9.1990     92.939    280.488    287.473   -0.00018    6.92597    9.89789  301.79825   15.56468 4.7542e-02     0.6430     0.5371    87.4338 0.0000e+00
