CTD-processing/allCTD/CNV/2014_07-22_t3_s13_cast183_4141.cnv
* Sea-Bird SBE19plus Data File:
* FileName = C:\Users\kris.holderied\Documents\kasitsna\Research-Projects-and-Data\Oceanography-AK\CTD-Data-ALL-to-2014-06\2014-CTD-KachemakBay-CookInlet\2014-07-EVOSTC-CookInlet-quarterly\2014-07-22-CookInlet-Tran3-AnchorPt\2014-07-22-CookInlet-Tran3-cast183.hex
* Software Version 1.59
* Temperature SN =  4141
* Conductivity SN =  4141
* System UpLoad Time = Jul 22 2014 17:36:02
** Cook Inlet LTM Transect 3 (Anchor Pt) East to West
** Date: 07-22
** Station: 3-13
** Start time: 09:13
** Depth (m): 31.4
** Comment:  CTD time is Alaska Daylight time. CTD descent time=31 sec.
** Comment: Zooplankton (20 m vertical bongo). Phytoplankton (surface 40 liters, filtered).
# nquan = 27
# nvalues = 32                          
# units = specified
# name 0 = scan: Scan Count
# name 1 = timeJ: Julian Days
# name 2 = timeH: Time, Elapsed [hours]
# name 3 = timeM: Time, Elapsed [minutes]
# name 4 = timeS: Time, Elapsed [seconds]
# name 5 = prdM: Pressure, Strain Gauge [db]
# name 6 = specc: Specific Conductance [uS/cm]
# name 7 = sal00: Salinity, Practical [PSU]
# name 8 = tv290C: Temperature [ITS-90, deg C]
# name 9 = depSM: Depth [salt water, m], lat = 59.00
# name 10 = potemp090C: Potential Temperature [ITS-90, deg C]
# name 11 = sigma-é00: Density [sigma-theta, kg/m^3]
# name 12 = sbeox0ML/L: Oxygen, SBE 43 [ml/l]
# name 13 = sbeox0Mg/L: Oxygen, SBE 43 [mg/l]
# name 14 = sbeox0PS: Oxygen, SBE 43 [% saturation]
# name 15 = sbox0Mm/Kg: Oxygen, SBE 43 [umol/kg]
# name 16 = sbeox0Mm/L: Oxygen, SBE 43 [umol/l]
# name 17 = sbox0dV/dT: Oxygen, SBE 43 [dov/dt]
# name 18 = oxsolML/L: Oxygen Saturation, Garcia & Gordon [ml/l]
# name 19 = oxsolMg/L: Oxygen Saturation, Garcia & Gordon [mg/l]
# name 20 = oxsolMm/Kg: Oxygen Saturation, Garcia & Gordon [umol/kg]
# name 21 = n2satMg/L: Nitrogen Saturation [mg/l]
# name 22 = par: PAR/Irradiance, Biospherical/Licor
# name 23 = wetStar: Fluorescence, WET Labs WETstar [mg/m^3]
# name 24 = CStarAt0: Beam Attenuation, WET Labs C-Star [1/m]
# name 25 = CStarTr0: Beam Transmission, WET Labs C-Star [%]
# name 26 = flag: flag
# span 0 =         55,        438       
# span 1 = 203.384705, 203.385812       
# span 2 =    0.00376,    0.03033       
# span 3 =     0.2254,     1.8198       
# span 4 =     13.524,    109.186       
# span 5 =      1.008,     32.245       
# span 6 =  49185.515,  49213.239       
# span 7 =    31.3715,    31.3823       
# span 8 =    10.7263,    10.7629       
# span 9 =      1.000,     32.000       
# span 10 =    10.7233,    10.7616      
# span 11 =    23.9954,    24.0039      
# span 12 =     5.1268,     6.0818      
# span 13 =     7.3267,     8.6915      
# span 14 =     80.652,     95.618      
# span 15 =    223.594,    265.249      
# span 16 =    228.961,    271.615      
# span 17 =   -0.01132,    0.04368      
# span 18 =    6.35666,    6.36192      
# span 19 =    9.08430,    9.09183      
# span 20 =  277.23432,  277.46322      
# span 21 =   14.39252,   14.40350      
# span 22 = 2.6282e-01, 2.6826e+02      
# span 23 =     0.3960,     4.1453      
# span 24 =     0.6001,     0.7432      
# span 25 =    82.5479,    86.0686      
# span 26 = 0.0000e+00, 0.0000e+00      
# interval = meters: 1                  
# start_time = Jul 22 2014 09:13:45 [Instrument's time stamp, header]
# bad_flag = -9.990e-29
*END*
         55 203.384705    0.00376     0.2254     13.524      1.008  49196.126    31.3823    10.7629      1.000    10.7616    24.0007     5.1268     7.3267     80.652    223.594    228.961    0.00185    6.35666    9.08430  277.23432   14.39252 2.6826e+02     0.3960     0.7432    82.5479 0.0000e+00
         70 203.384748    0.00479     0.2875     17.249      2.018  49194.932    31.3812    10.7610      2.000    10.7595    24.0003     5.5642     7.9519     87.529    242.675    248.499    0.04368    6.35699    9.08478  277.24919   14.39324 2.4793e+02     1.2832     0.6318    85.3665 0.0000e+00
        304 203.385424    0.02102     1.2610     75.662      3.037  49189.480    31.3760    10.7532      3.000    10.7518    23.9976     5.9585     8.5152     93.712    259.867    266.103   -0.01132    6.35828    9.08662  277.30619   14.39599 2.3522e+02     2.9901     0.6232    85.5788 0.0000e+00
        356 203.385577    0.02467     1.4797     88.785      4.040  49186.122    31.3730    10.7512      4.000    10.7465    23.9956     6.0708     8.6757     95.472    264.767    271.119   -0.00178    6.35867    9.08719  277.32392   14.39685 2.1156e+02     2.1289     0.6312    85.4016 0.0000e+00
        351 203.385561    0.02430     1.4577     87.459      5.047  49185.515    31.3715    10.7455      5.000    10.7400    23.9954     6.0632     8.6649     95.340    264.436    270.782   -0.00006    6.35952    9.08838  277.36070   14.39862 1.3174e+02     2.1984     0.6360    85.3008 0.0000e+00
        353 203.385568    0.02447     1.4686     88.115      6.045  49191.650    31.3746    10.7393      6.000    10.7368    23.9989     6.0691     8.6734     95.423    264.694    271.046    0.00085    6.36024    9.08942  277.39116   14.40006 9.8248e+01     2.2788     0.6391    85.2348 0.0000e+00
        357 203.385578    0.02469     1.4818     88.909      7.064  49195.120    31.3765    10.7374      7.000    10.7366    24.0007     6.0731     8.6791     95.483    264.869    271.226    0.00101    6.36043    9.08968  277.39866   14.40042 7.9000e+01     2.8172     0.6321    85.3811 0.0000e+00
        360 203.385587    0.02493     1.4957     89.744      8.081  49195.647    31.3765    10.7376      8.000    10.7362    24.0006     6.0791     8.6876     95.578    265.130    271.494    0.00155    6.36041    9.08965  277.39790   14.40038 6.0915e+01     3.4025     0.6314    85.3990 0.0000e+00
        363 203.385596    0.02514     1.5082     90.495      9.078  49195.675    31.3760    10.7367      9.000    10.7361    24.0005     6.0818     8.6915     95.618    265.249    271.615    0.00154    6.36055    9.08986  277.40416   14.40069 4.6963e+01     3.7512     0.6261    85.5104 0.0000e+00
        367 203.385607    0.02539     1.5230     91.377     10.090  49198.447    31.3778    10.7389     10.000    10.7386    24.0015     6.0782     8.6865     95.568    265.093    271.456    0.00062    6.36019    9.08934  277.38805   14.39991 3.5523e+01     3.9251     0.6304    85.4192 0.0000e+00
        370 203.385617    0.02566     1.5395     92.371     11.115  49192.022    31.3727    10.7377     11.000    10.7330    23.9978     6.0686     8.6726     95.410    264.671    271.022   -0.00127    6.36054    9.08984  277.40460   14.40072 3.0286e+01     4.0308     0.6221    85.5958 0.0000e+00
        374 203.385627    0.02587     1.5523     93.139     12.119  49195.271    31.3739    10.7326     12.000    10.7289    23.9996     6.0640     8.6659     95.327    264.466    270.813   -0.00197    6.36117    9.09075  277.43188   14.40202 2.3489e+01     4.1453     0.6219    85.6003 0.0000e+00
        376 203.385635    0.02606     1.5635     93.809     13.119  49200.286    31.3768    10.7301     13.000    10.7292    24.0023     6.0567     8.6557     95.210    264.153    270.493   -0.00261    6.36142    9.09112  277.44204   14.40249 1.9136e+01     4.0211     0.6191    85.6608 0.0000e+00
        379 203.385642    0.02626     1.5755     94.531     14.128  49198.978    31.3755    10.7308     14.000    10.7286    24.0013     6.0499     8.6459     95.104    263.856    270.189   -0.00340    6.36138    9.09104  277.43992   14.40240 1.5571e+01     3.6717     0.6209    85.6235 0.0000e+00
        382 203.385652    0.02649     1.5894     95.363     15.137  49199.992    31.3757    10.7300     15.000    10.7278    24.0016     6.0557     8.6541     95.192    264.104    270.444   -0.00205    6.36147    9.09119  277.44439   14.40261 1.2529e+01     3.6242     0.6160    85.7270 0.0000e+00
        386 203.385664    0.02677     1.6060     96.360     16.148  49201.723    31.3764    10.7288     16.000    10.7263    24.0023     6.0613     8.6622     95.280    264.353    270.698   -0.00010    6.36161    9.09137  277.44995   14.40287 1.0025e+01     3.6580     0.6183    85.6793 0.0000e+00
        391 203.385676    0.02705     1.6235     97.412     17.176  49203.158    31.3769    10.7280     17.000    10.7259    24.0028     6.0469     8.6416     95.051    263.724    270.053   -0.00242    6.36171    9.09152  277.45422   14.40308 7.3200e+00     3.7042     0.6107    85.8398 0.0000e+00
        393 203.385684    0.02725     1.6351     98.109     18.175  49203.706    31.3769    10.7280     18.000    10.7254    24.0028     6.0498     8.6459     95.098    263.853    270.188   -0.00206    6.36171    9.09151  277.45419   14.40307 5.7137e+00     3.6650     0.6085    85.8888 0.0000e+00
        396 203.385691    0.02742     1.6453     98.715     19.180  49204.854    31.3771    10.7275     19.000    10.7250    24.0032     6.0557     8.6541     95.189    264.107    270.446   -0.00051    6.36176    9.09159  277.45638   14.40319 4.4843e+00     3.7344     0.6163    85.7203 0.0000e+00
        398 203.385698    0.02759     1.6554     99.322     20.174  49205.539    31.3772    10.7272     20.000    10.7246    24.0033     6.0592     8.6592     95.243    264.260    270.603    0.00021    6.36181    9.09165  277.45817   14.40327 3.6030e+00     3.6605     0.6166    85.7139 0.0000e+00
        402 203.385709    0.02785     1.6710    100.257     21.192  49206.025    31.3771    10.7267     21.000    10.7241    24.0033     6.0525     8.6495     95.137    263.967    270.302   -0.00079    6.36187    9.09175  277.46127   14.40341 2.9700e+00     3.6417     0.6141    85.7666 0.0000e+00
        407 203.385722    0.02817     1.6904    101.424     22.221  49207.431    31.3777    10.7266     22.000    10.7241    24.0038     6.0396     8.6311     94.934    263.403    269.725   -0.00265    6.36185    9.09172  277.46025   14.40337 2.3378e+00     3.7277     0.6027    86.0113 0.0000e+00
        410 203.385731    0.02838     1.7031    102.188     23.226  49206.963    31.3769    10.7265     23.000    10.7236    24.0032     6.0424     8.6351     94.978    263.527    269.853   -0.00198    6.36190    9.09179  277.46232   14.40346 1.9038e+00     3.5593     0.6100    85.8544 0.0000e+00
        412 203.385739    0.02856     1.7140    102.839     24.233  49208.104    31.3773    10.7263     24.000    10.7236    24.0036     6.0493     8.6451     95.086    263.829    270.161   -0.00041    6.36192    9.09183  277.46322   14.40350 1.5461e+00     3.8322     0.6131    85.7891 0.0000e+00
        415 203.385746    0.02874     1.7242    103.450     25.234  49208.569    31.3772    10.7265     25.000    10.7235    24.0035     6.0492     8.6448     95.084    263.823    270.156   -0.00004    6.36190    9.09178  277.46217   14.40346 1.2658e+00     3.6593     0.6170    85.7057 0.0000e+00
        417 203.385754    0.02892     1.7354    104.121     26.232  49209.024    31.3771    10.7265     26.000    10.7234    24.0034     6.0455     8.6396     95.026    263.661    269.990   -0.00081    6.36190    9.09180  277.46252   14.40348 1.0227e+00     3.5397     0.6182    85.6796 0.0000e+00
        421 203.385765    0.02920     1.7515    105.090     27.252  49209.852    31.3772    10.7265     27.000    10.7233    24.0036     6.0400     8.6319     94.941    263.425    269.748   -0.00154    6.36190    9.09179  277.46243   14.40347 8.0456e-01     3.4069     0.6107    85.8406 0.0000e+00
        426 203.385779    0.02952     1.7714    106.286     28.275  49210.916    31.3776    10.7267     28.000    10.7238    24.0039     6.0384     8.6294     94.916    263.353    269.674   -0.00133    6.36185    9.09173  277.46035   14.40337 6.1780e-01     3.4562     0.6022    86.0228 0.0000e+00
        430 203.385789    0.02976     1.7858    107.150     29.284  49211.443    31.3776    10.7275     29.000    10.7242    24.0037     6.0361     8.6263     94.881    263.254    269.572   -0.00127    6.36174    9.09156  277.45522   14.40312 4.9986e-01     3.3525     0.6001    86.0686 0.0000e+00
        432 203.385797    0.02996     1.7977    107.861     30.290  49211.440    31.3773    10.7277     30.000    10.7242    24.0035     6.0342     8.6234     94.850    263.167    269.484   -0.00158    6.36174    9.09156  277.45537   14.40314 4.0245e-01     3.4081     0.6007    86.0550 0.0000e+00
        435 203.385804    0.03014     1.8081    108.489     31.291  49212.639    31.3777    10.7278     31.000    10.7245    24.0038     6.0358     8.6258     94.877    263.240    269.559   -0.00111    6.36169    9.09149  277.45320   14.40303 3.3151e-01     3.4113     0.6045    85.9739 0.0000e+00
        438 203.385812    0.03033     1.8198    109.186     32.245  49213.239    31.3778    10.7283     32.000    10.7247    24.0037     6.0806     8.6898     95.582    265.193    271.559    0.00334    6.36162    9.09139  277.45007   14.40288 2.6282e-01     3.3248     0.6095    85.8643 0.0000e+00
