CTD-processing/allCTD/CNV/2014_04-06_t6_s21_cast258_5028.cnv
* Sea-Bird SBE19plus Data File:
* FileName = C:\Users\kris.holderied\Documents\kasitsna\Research-Projects-and-Data\Oceanography-AK\CTD-CookInlet-GulfWatchAK\2014-04-EVOSTC-CookInlet-Ocean\2014-04-06-CookInlet-Tran6-Douglas\2014-04-06-CookInlet-Tran6-cast258.hex
* Software Version 1.59
* Temperature SN =  5028
* Conductivity SN =  5028
* System UpLoad Time = Apr 09 2014 11:39:48
** Cook Inlet LTM Transect 6 (Douglas) east to west
** Date: 6 Apr 2014
** Station: 6-21
** Start time: 15:32
** Depth (m): 168
** Comment:  CTD instrument time is AK Daylight time
** Comment:
# nquan = 27
# nvalues = 165                         
# units = specified
# name 0 = scan: Scan Count
# name 1 = timeJ: Julian Days
# name 2 = timeH: Time, Elapsed [hours]
# name 3 = timeM: Time, Elapsed [minutes]
# name 4 = timeS: Time, Elapsed [seconds]
# name 5 = prdM: Pressure, Strain Gauge [db]
# name 6 = specc: Specific Conductance [uS/cm]
# name 7 = sal00: Salinity, Practical [PSU]
# name 8 = tv290C: Temperature [ITS-90, deg C]
# name 9 = depSM: Depth [salt water, m], lat = 59.00
# name 10 = potemp090C: Potential Temperature [ITS-90, deg C]
# name 11 = sigma-é00: Density [sigma-theta, kg/m^3]
# name 12 = sbeox0ML/L: Oxygen, SBE 43 [ml/l]
# name 13 = sbeox0Mg/L: Oxygen, SBE 43 [mg/l]
# name 14 = sbeox0PS: Oxygen, SBE 43 [% saturation]
# name 15 = sbox0Mm/Kg: Oxygen, SBE 43 [umol/kg]
# name 16 = sbeox0Mm/L: Oxygen, SBE 43 [umol/l]
# name 17 = sbox0dV/dT: Oxygen, SBE 43 [dov/dt]
# name 18 = oxsolML/L: Oxygen Saturation, Garcia & Gordon [ml/l]
# name 19 = oxsolMg/L: Oxygen Saturation, Garcia & Gordon [mg/l]
# name 20 = oxsolMm/Kg: Oxygen Saturation, Garcia & Gordon [umol/kg]
# name 21 = potemp090C: Potential Temperature [ITS-90, deg C]
# name 22 = n2satMg/L: Nitrogen Saturation [mg/l]
# name 23 = par: PAR/Irradiance, Biospherical/Licor
# name 24 = flECO-AFL: Fluorescence, WET Labs ECO-AFL/FL [mg/m^3]
# name 25 = turbWETntu0: Turbidity, WET Labs ECO [NTU]
# name 26 = flag: flag
# span 0 =         28,        907       
# span 1 =  96.647625,  96.650169       
# span 2 =    0.00190,    0.06295       
# span 3 =     0.1138,     3.7770       
# span 4 =      6.830,    226.614       
# span 5 =      1.009,    166.624       
# span 6 =  50441.347,  52058.662       
# span 7 =    31.3977,    32.3344       
# span 8 =     4.8276,     5.0724       
# span 9 =      1.000,    165.000       
# span 10 =     4.8227,     5.0621      
# span 11 =    24.8137,    25.5729      
# span 12 =     5.4589,     6.7618      
# span 13 =     7.8013,     9.6632      
# span 14 =     75.838,     93.466      
# span 15 =    237.725,    294.472      
# span 16 =    243.795,    301.980      
# span 17 =   -0.00333,    0.02942      
# span 18 =    7.19836,    7.23640      
# span 19 =   10.28718,   10.34154      
# span 20 =  313.47577,  315.39118      
# span 21 =     4.8228,     5.0723      
# span 22 =   16.11911,   16.21385      
# span 23 = 3.7912e-02, 2.5271e+02      
# span 24 =     0.2237,     0.4797      
# span 25 =     0.2949,     1.0837      
# span 26 = 0.0000e+00, 0.0000e+00      
# interval = meters: 1                  
# start_time = Apr 06 2014 15:32:28 [Instrument's time stamp, header]
# bad_flag = -9.990e-29
*END*
         28  96.647625    0.00190     0.1138      6.830      1.009  50441.347    31.3977     5.0724      1.000     5.0621    24.8137     5.8436     8.3510     80.764    254.682    260.975    0.00458    7.23640   10.34154  315.39118     5.0723   16.21385 1.4432e+02     0.2237     0.6446 0.0000e+00
        253  96.648275    0.01748     1.0488     62.930      2.019  51817.481    32.2627     5.0290      2.000     5.0145    25.5022     5.4589     7.8013     75.838    237.725    243.795   -0.00333    7.19836   10.28718  313.47577     5.0289   16.11911 2.5271e+02     0.2420     0.2949 0.0000e+00
        275  96.648341    0.01906     1.1436     68.617      3.028  51579.459    32.1005     4.9803      3.000     4.9594    25.3793     5.8251     8.3247     80.731    253.711    260.150    0.01295    7.21524   10.31130  314.25706     4.9802   16.15697 2.1623e+02     0.2245     0.3646 0.0000e+00
        281  96.648356    0.01943     1.1657     69.942      4.038  51606.065    32.1106     4.9455      4.000     4.9329    25.3911     6.1500     8.7890     85.170    267.860    274.661    0.02479    7.22078   10.31921  314.49437     4.9452   16.16823 1.8508e+02     0.2340     0.3655 0.0000e+00
        284  96.648365    0.01966     1.1798     70.788      5.047  51626.555    32.1202     4.9274      5.000     4.9209    25.4007     6.3388     9.0588     87.753    276.079    283.091    0.02942    7.22344   10.32301  314.60738     4.9270   16.17357 1.5516e+02     0.2525     0.3746 0.0000e+00
        288  96.648376    0.01990     1.1939     71.636      6.056  51629.336    32.1189     4.9149      6.000     4.9045    25.4009     6.4003     9.1467     88.577    278.757    285.837    0.02790    7.22566   10.32619  314.70415     4.9145   16.17819 1.2955e+02     0.2707     0.3792 0.0000e+00
        291  96.648385    0.02013     1.2076     72.454      7.066  51640.971    32.1228     4.8988      7.000     4.8883    25.4058     6.4049     9.1531     88.608    278.953    286.040    0.02428    7.22825   10.32990  314.81576     4.8983   16.18349 1.1091e+02     0.2891     0.3759 0.0000e+00
        294  96.648394    0.02035     1.2209     73.254      8.075  51653.544    32.1273     4.8825      8.000     4.8729    25.4111     6.3872     9.1279     88.333    278.184    285.253    0.02018    7.23085   10.33362  314.92732     4.8820   16.18878 9.9994e+01     0.3070     0.3769 0.0000e+00
        297  96.648404    0.02057     1.2340     74.042      9.084  51669.774    32.1351     4.8696      9.000     4.8646    25.4188     6.3721     9.1063     88.101    277.522    284.577    0.01676    7.23272   10.33628  315.00611     4.8689   16.19250 9.2342e+01     0.3130     0.3916 0.0000e+00
        300  96.648412    0.02078     1.2471     74.827     10.094  51678.990    32.1395     4.8633     10.000     4.8600    25.4229     6.3660     9.0976     88.005    277.255    284.302    0.01422    7.23360   10.33753  315.04309     4.8626   16.19424 8.2727e+01     0.3194     0.4027 0.0000e+00
        304  96.648422    0.02101     1.2608     75.650     11.103  51685.414    32.1426     4.8596     11.000     4.8574    25.4258     6.3692     9.1022     88.044    277.394    284.447    0.01236    7.23408   10.33822  315.06335     4.8588   16.19519 7.4722e+01     0.3198     0.4068 0.0000e+00
        307  96.648432    0.02125     1.2752     76.509     12.113  51690.325    32.1450     4.8575     12.000     4.8560    25.4279     6.3784     9.1153     88.168    277.795    284.858    0.01094    7.23433   10.33858  315.07341     4.8567   16.19566 6.6799e+01     0.3240     0.4076 0.0000e+00
        310  96.648441    0.02148     1.2889     77.332     13.122  51693.779    32.1467     4.8566     13.000     4.8554    25.4293     6.3902     9.1323     88.332    278.312    285.389    0.00988    7.23441   10.33870  315.07666     4.8557   16.19581 6.0736e+01     0.3378     0.4055 0.0000e+00
        313  96.648450    0.02170     1.3016     78.096     14.132  51695.994    32.1476     4.8563     14.000     4.8552    25.4301     6.4092     9.1594     88.593    279.138    286.236    0.00935    7.23442   10.33871  315.07661     4.8553   16.19580 5.5520e+01     0.3463     0.4021 0.0000e+00
        316  96.648459    0.02190     1.3142     78.850     15.142  51698.091    32.1485     4.8563     15.000     4.8552    25.4309     6.4321     9.1921     88.911    280.135    287.259    0.00911    7.23438   10.33865  315.07477     4.8552   16.19571 5.1149e+01     0.3509     0.4086 0.0000e+00
        320  96.648468    0.02212     1.3272     79.632     16.152  51701.269    32.1503     4.8565     16.000     4.8556    25.4322     6.4538     9.2232     89.212    281.079    288.228    0.00879    7.23425   10.33847  315.06888     4.8554   16.19542 4.6904e+01     0.3645     0.4134 0.0000e+00
        323  96.648477    0.02234     1.3406     80.434     17.161  51704.349    32.1520     4.8571     17.000     4.8563    25.4336     6.4809     9.2620     89.590    282.260    289.439    0.00870    7.23406   10.33819  315.05999     4.8559   16.19499 4.3041e+01     0.3716     0.4144 0.0000e+00
        326  96.648487    0.02257     1.3541     81.245     18.171  51708.151    32.1544     4.8580     18.000     4.8575    25.4353     6.5080     9.3006     89.968    283.440    290.649    0.00864    7.23380   10.33782  315.04825     4.8567   16.19442 3.8980e+01     0.3685     0.4145 0.0000e+00
        329  96.648496    0.02280     1.3676     82.057     19.181  51713.189    32.1576     4.8594     19.000     4.8593    25.4377     6.5309     9.3334     90.289    284.435    291.671    0.00841    7.23339   10.33723  315.02940     4.8581   16.19351 3.5162e+01     0.3797     0.4146 0.0000e+00
        332  96.648505    0.02302     1.3809     82.853     20.190  51719.753    32.1621     4.8617     20.000     4.8620    25.4411     6.5536     9.3658     90.610    285.422    292.684    0.00821    7.23278   10.33636  315.00191     4.8602   16.19219 3.2108e+01     0.3903     0.4155 0.0000e+00
        336  96.648515    0.02323     1.3940     83.642     21.199  51726.004    32.1666     4.8646     21.000     4.8649    25.4443     6.5735     9.3942     90.894    286.287    293.572    0.00799    7.23205   10.33532  314.96922     4.8631   16.19061 2.9045e+01     0.3993     0.4182 0.0000e+00
        339  96.648523    0.02345     1.4069     84.416     22.209  51731.681    32.1706     4.8673     22.000     4.8673    25.4472     6.5829     9.4076     91.032    286.697    293.993    0.00737    7.23138   10.33437  314.93925     4.8658   16.18917 2.6456e+01     0.4071     0.4208 0.0000e+00
        342  96.648532    0.02366     1.4196     85.174     23.219  51736.078    32.1737     4.8697     23.000     4.8689    25.4494     6.5918     9.4203     91.162    287.082    294.388    0.00677    7.23084   10.33359  314.91483     4.8680   16.18799 2.4181e+01     0.4107     0.4158 0.0000e+00
        345  96.648541    0.02387     1.4324     85.946     24.228  51738.672    32.1752     4.8709     24.000     4.8693    25.4505     6.6032     9.4367     91.324    287.581    294.901    0.00637    7.23055   10.33318  314.90186     4.8692   16.18737 2.2005e+01     0.3999     0.4084 0.0000e+00
        348  96.648550    0.02410     1.4461     86.763     25.238  51741.676    32.1768     4.8709     25.000     4.8687    25.4517     6.6131     9.4508     91.461    288.009    295.340    0.00589    7.23047   10.33307  314.89805     4.8691   16.18718 1.9999e+01     0.3923     0.4139 0.0000e+00
        351  96.648560    0.02434     1.4600     87.598     26.247  51744.929    32.1783     4.8700     26.000     4.8672    25.4530     6.6192     9.4595     91.544    288.275    295.612    0.00530    7.23055   10.33318  314.90119     4.8682   16.18732 1.8176e+01     0.3925     0.4210 0.0000e+00
        355  96.648570    0.02455     1.4733     88.400     27.257  51747.380    32.1791     4.8684     27.000     4.8649    25.4539     6.6236     9.4658     91.602    288.466    295.808    0.00473    7.23080   10.33353  314.91163     4.8665   16.18782 1.6519e+01     0.3904     0.4091 0.0000e+00
        358  96.648578    0.02478     1.4867     89.201     28.266  51747.721    32.1783     4.8656     28.000     4.8605    25.4535     6.6303     9.4754     91.688    288.759    296.108    0.00432    7.23132   10.33427  314.93426     4.8637   16.18890 1.5010e+01     0.3962     0.4063 0.0000e+00
        361  96.648589    0.02501     1.5008     90.049     29.275  51749.268    32.1776     4.8601     29.000     4.8545    25.4536     6.6389     9.4877     91.795    289.133    296.493    0.00400    7.23230   10.33568  314.97742     4.8580   16.19096 1.3649e+01     0.4073     0.4240 0.0000e+00
        365  96.648599    0.02526     1.5155     90.931     30.285  51754.410    32.1794     4.8547     30.000     4.8506    25.4556     6.6437     9.4946     91.851    289.344    296.709    0.00356    7.23315   10.33690  315.01364     4.8526   16.19268 1.2371e+01     0.4268     0.4266 0.0000e+00
        368  96.648608    0.02550     1.5295     91.770     31.295  51759.598    32.1818     4.8520     31.000     4.8493    25.4578     6.6493     9.5024     91.923    289.584    296.957    0.00323    7.23351   10.33741  315.02857     4.8498   16.19338 1.1177e+01     0.4416     0.4174 0.0000e+00
        371  96.648618    0.02570     1.5425     92.553     32.305  51763.708    32.1840     4.8515     32.000     4.8495    25.4596     6.6594     9.5169     92.064    290.024    297.408    0.00317    7.23346   10.33735  315.02631     4.8493   16.19326 1.0130e+01     0.4447     0.4192 0.0000e+00
        374  96.648626    0.02591     1.5551     93.303     33.314  51766.618    32.1856     4.8520     33.000     4.8496    25.4609     6.6759     9.5404     92.293    290.739    298.143    0.00340    7.23331   10.33713  315.01915     4.8497   16.19292 9.2120e+00     0.4461     0.4264 0.0000e+00
        377  96.648635    0.02613     1.5677     94.060     34.323  51769.648    32.1872     4.8519     34.000     4.8488    25.4621     6.6928     9.5646     92.527    291.477    298.899    0.00367    7.23326   10.33705  315.01639     4.8495   16.19277 8.3771e+00     0.4501     0.4231 0.0000e+00
        380  96.648644    0.02635     1.5812     94.872     35.333  51774.010    32.1894     4.8509     35.000     4.8477    25.4641     6.7008     9.5761     92.637    291.825    299.256    0.00349    7.23332   10.33714  315.01847     4.8484   16.19286 7.6315e+00     0.4485     0.4260 0.0000e+00
        384  96.648655    0.02660     1.5959     95.757     36.343  51779.656    32.1926     4.8498     36.000     4.8465    25.4667     6.7067     9.5846     92.719    292.084    299.523    0.00318    7.23337   10.33720  315.01974     4.8472   16.19291 6.9541e+00     0.4413     0.4244 0.0000e+00
        388  96.648665    0.02686     1.6115     96.687     37.353  51784.366    32.1951     4.8486     37.000     4.8455    25.4688     6.7066     9.5846     92.717    292.081    299.520    0.00270    7.23345   10.33732  315.02249     4.8460   16.19303 6.3090e+00     0.4454     0.4111 0.0000e+00
        391  96.648676    0.02709     1.6258     97.546     38.362  51788.105    32.1969     4.8479     38.000     4.8448    25.4704     6.7056     9.5830     92.702    292.034    299.472    0.00220    7.23348   10.33736  315.02339     4.8452   16.19307 5.6963e+00     0.4607     0.4075 0.0000e+00
        394  96.648684    0.02731     1.6387     98.322     39.372  51791.994    32.1991     4.8474     39.000     4.8443    25.4720     6.7097     9.5888     92.759    292.211    299.654    0.00207    7.23346   10.33734  315.02219     4.8446   16.19300 5.1505e+00     0.4592     0.4062 0.0000e+00
        397  96.648693    0.02752     1.6512     99.072     40.382  51795.219    32.2007     4.8470     40.000     4.8435    25.4733     6.7105     9.5901     92.772    292.249    299.694    0.00182    7.23346   10.33734  315.02186     4.8441   16.19298 4.6832e+00     0.4595     0.4216 0.0000e+00
        400  96.648702    0.02774     1.6644     99.862     41.391  51798.883    32.2024     4.8459     41.000     4.8423    25.4749     6.7115     9.5914     92.783    292.288    299.735    0.00157    7.23355   10.33747  315.02534     4.8430   16.19314 4.2734e+00     0.4676     0.4252 0.0000e+00
        404  96.648711    0.02797     1.6781    100.686     42.401  51801.973    32.2038     4.8449     42.000     4.8413    25.4761     6.7134     9.5942     92.808    292.373    299.822    0.00140    7.23368   10.33765  315.03027     4.8419   16.19337 3.8916e+00     0.4719     0.4162 0.0000e+00
        407  96.648721    0.02820     1.6923    101.537     43.410  51804.129    32.2046     4.8440     43.000     4.8402    25.4768     6.7147     9.5960     92.825    292.430    299.880    0.00122    7.23379   10.33780  315.03487     4.8409   16.19359 3.5380e+00     0.4606     0.4088 0.0000e+00
        411  96.648732    0.02845     1.7074    102.445     44.420  51805.327    32.2045     4.8425     44.000     4.8378    25.4770     6.7136     9.5945     92.806    292.381    299.830    0.00095    7.23405   10.33818  315.04627     4.8393   16.19413 3.2166e+00     0.4490     0.4168 0.0000e+00
        414  96.648742    0.02871     1.7227    103.363     45.430  51808.333    32.2055     4.8396     45.000     4.8347    25.4780     6.7178     9.6004     92.858    292.563    300.017    0.00091    7.23450   10.33883  315.06565     4.8364   16.19505 2.9262e+00     0.4488     0.4377 0.0000e+00
        418  96.648753    0.02896     1.7374    104.244     46.439  51812.563    32.2073     4.8371     46.000     4.8332    25.4798     6.7195     9.6029     92.877    292.638    300.094    0.00082    7.23486   10.33933  315.08054     4.8338   16.19575 2.6541e+00     0.4612     0.4300 0.0000e+00
        421  96.648763    0.02920     1.7520    105.123     47.449  51815.234    32.2085     4.8364     47.000     4.8331    25.4808     6.7186     9.6016     92.864    292.597    300.053    0.00061    7.23490   10.33939  315.08210     4.8331   16.19582 2.4116e+00     0.4770     0.4143 0.0000e+00
        425  96.648773    0.02945     1.7671    106.023     48.459  51816.392    32.2088     4.8365     48.000     4.8331    25.4811     6.7252     9.6109     92.955    292.883    300.346    0.00074    7.23488   10.33937  315.08102     4.8331   16.19577 2.1943e+00     0.4797     0.4088 0.0000e+00
        429  96.648784    0.02970     1.7820    106.920     49.468  51817.525    32.2091     4.8365     49.000     4.8330    25.4813     6.7315     9.6200     93.043    293.160    300.630    0.00087    7.23486   10.33934  315.08025     4.8330   16.19573 1.9960e+00     0.4693     0.4055 0.0000e+00
        432  96.648794    0.02995     1.7969    107.812     50.478  51818.934    32.2096     4.8367     50.000     4.8332    25.4817     6.7326     9.6215     93.058    293.205    300.676    0.00076    7.23481   10.33927  315.07801     4.8331   16.19562 1.8174e+00     0.4613     0.4058 0.0000e+00
        436  96.648805    0.03020     1.8119    108.716     51.488  51819.709    32.2097     4.8370     51.000     4.8334    25.4817     6.7327     9.6217     93.061    293.211    300.682    0.00062    7.23475   10.33919  315.07546     4.8333   16.19549 1.6545e+00     0.4541     0.4128 0.0000e+00
        439  96.648815    0.03045     1.8270    109.621     52.497  51820.622    32.2099     4.8372     52.000     4.8337    25.4818     6.7340     9.6235     93.079    293.268    300.740    0.00053    7.23470   10.33911  315.07296     4.8335   16.19538 1.5087e+00     0.4633     0.4085 0.0000e+00
        443  96.648825    0.03069     1.8415    110.490     53.507  51821.373    32.2100     4.8376     53.000     4.8339    25.4819     6.7406     9.6329     93.171    293.554    301.035    0.00068    7.23463   10.33902  315.07016     4.8338   16.19524 1.3736e+00     0.4662     0.4117 0.0000e+00
