CTD-processing/allCTD/CNV/2014_10-19_t9_s07_cast149_4141.cnv
* Sea-Bird SBE19plus Data File:
* FileName = C:\Users\kris.holderied\Documents\kasitsna\Research-Projects-and-Data\Oceanography-AK\CTD-Data-ALL-to-2014-10\2014-CTD-KachemakBay-CookInlet\2014-10-EVOSTC-CookInlet\2014-10-19-CookInlet-Tran9-HomerSpit\2014-10-19-CookInlet-Tran9-cast149.hex
* Software Version 1.59
* Temperature SN =  4141
* Conductivity SN =  4141
* System UpLoad Time = Nov 25 2014 12:53:00
** Cook Inlet LTM Tran9 (Homer Spit) south to north
** Date: 10-19
** Station: 9-07
** Start time:  11:08
** Depth (m): 98
** Comment: Hit current at about 55m
** Comment:  CTD time is Alaska Daylight time.  R/V Pandalus. Transducer  depth.
** Comment:
# nquan = 27
# nvalues = 98                          
# units = specified
# name 0 = scan: Scan Count
# name 1 = timeJ: Julian Days
# name 2 = timeH: Time, Elapsed [hours]
# name 3 = timeM: Time, Elapsed [minutes]
# name 4 = timeS: Time, Elapsed [seconds]
# name 5 = prdM: Pressure, Strain Gauge [db]
# name 6 = specc: Specific Conductance [uS/cm]
# name 7 = sal00: Salinity, Practical [PSU]
# name 8 = tv290C: Temperature [ITS-90, deg C]
# name 9 = depSM: Depth [salt water, m], lat = 59.00
# name 10 = potemp090C: Potential Temperature [ITS-90, deg C]
# name 11 = sigma-é00: Density [sigma-theta, kg/m^3]
# name 12 = sbeox0ML/L: Oxygen, SBE 43 [ml/l]
# name 13 = sbeox0Mg/L: Oxygen, SBE 43 [mg/l]
# name 14 = sbeox0PS: Oxygen, SBE 43 [% saturation]
# name 15 = sbox0Mm/Kg: Oxygen, SBE 43 [umol/kg]
# name 16 = sbeox0Mm/L: Oxygen, SBE 43 [umol/l]
# name 17 = sbox0dV/dT: Oxygen, SBE 43 [dov/dt]
# name 18 = oxsolML/L: Oxygen Saturation, Garcia & Gordon [ml/l]
# name 19 = oxsolMg/L: Oxygen Saturation, Garcia & Gordon [mg/l]
# name 20 = oxsolMm/Kg: Oxygen Saturation, Garcia & Gordon [umol/kg]
# name 21 = n2satMg/L: Nitrogen Saturation [mg/l]
# name 22 = par: PAR/Irradiance, Biospherical/Licor
# name 23 = wetStar: Fluorescence, WET Labs WETstar [mg/m^3]
# name 24 = CStarAt0: Beam Attenuation, WET Labs C-Star [1/m]
# name 25 = CStarTr0: Beam Transmission, WET Labs C-Star [%]
# name 26 = flag: flag
# span 0 =        149,        964       
# span 1 = 292.464907, 292.467266       
# span 2 =    0.01027,    0.06689       
# span 3 =     0.6164,     4.0132       
# span 4 =     36.982,    240.794       
# span 5 =      1.008,     98.942       
# span 6 =  47395.522,  48844.222       
# span 7 =    29.9080,    30.9742       
# span 8 =     9.0401,     9.7916       
# span 9 =      1.000,     98.000       
# span 10 =     9.0667,     9.7866      
# span 11 =    23.1183,    23.8456      
# span 12 =     5.0979,     5.6001      
# span 13 =     7.2855,     8.0032      
# span 14 =     76.503,     85.314      
# span 15 =    222.529,    244.451      
# span 16 =    227.675,    250.102      
# span 17 =   -0.01404,    0.00753      
# span 18 =    6.50951,    6.66441      
# span 19 =    9.30275,    9.52410      
# span 20 =  283.94385,  290.90429      
# span 21 =   14.71528,   15.05234      
# span 22 = 4.3311e-02, 5.1632e+01      
# span 23 =     0.3749,     1.6955      
# span 24 =     0.3386,     0.9408      
# span 25 =    79.0411,    91.8834      
# span 26 = 0.0000e+00, 0.0000e+00      
# interval = meters: 1                  
# start_time = Oct 19 2014 11:08:51 [Instrument's time stamp, header]
# bad_flag = -9.990e-29
*END*
[from data line 54]
        665 292.466402    0.04614     2.7686    166.115     55.526  48670.346    30.8510     9.6426     55.000     9.6412    23.7724     5.4083     7.7290     82.745    235.925    241.535   -0.00179    6.53608    9.34071  285.12332   14.77217 5.7227e-02     0.7620     0.3665    91.2459 0.0000e+00
        673 292.466423    0.04665     2.7987    167.920     56.536  48685.288    30.8629     9.6568     56.000     9.6521    23.7795     5.3953     7.7105     82.579    235.359    240.956   -0.00223    6.53353    9.33707  285.01021   14.76671 5.5654e-02     0.7148     0.4193    90.0493 0.0000e+00
        679 292.466442    0.04711     2.8269    169.617     57.549  48696.131    30.8707     9.6617     57.000     9.6592    23.7848     5.3774     7.6848     82.318    234.574    240.153   -0.00360    6.53249    9.33558  284.96312   14.76443 5.4186e-02     0.6963     0.4166    90.1096 0.0000e+00
        686 292.466460    0.04755     2.8532    171.190     58.554  48707.152    30.8798     9.6754     58.000     9.6723    23.7898     5.3848     7.6954     82.460    234.896    240.484   -0.00083    6.53015    9.33224  284.85973   14.75945 5.3040e-02     0.6807     0.4142    90.1622 0.0000e+00
        693 292.466482    0.04808     2.8848    173.087     59.567  48709.630    30.8822     9.6842     59.000     9.6789    23.7903     5.3729     7.6784     82.296    234.379    239.955   -0.00193    6.52877    9.33027  284.79949   14.75656 5.1773e-02     0.6637     0.4173    90.0946 0.0000e+00
        699 292.466500    0.04850     2.9102    174.615     60.577  48711.956    30.8839     9.6876     60.000     9.6828    23.7910     5.3662     7.6687     82.199    234.083    239.653   -0.00187    6.52821    9.32946  284.77479   14.75537 5.0789e-02     0.6133     0.4142    90.1636 0.0000e+00
        706 292.466519    0.04895     2.9369    176.211     61.582  48718.478    30.8891     9.6950     61.000     9.6906    23.7939     5.3563     7.6547     82.064    233.653    239.212   -0.00222    6.52694    9.32765  284.71853   14.75266 5.0153e-02     0.6044     0.4245    89.9316 0.0000e+00
        714 292.466541    0.04949     2.9692    178.151     62.598  48718.407    30.8894     9.7008     62.000     9.6945    23.7932     5.3528     7.6497     82.022    233.499    239.054   -0.00138    6.52609    9.32643  284.68151   14.75089 4.9217e-02     0.6083     0.4490    89.3822 0.0000e+00
        720 292.466560    0.04993     2.9961    179.763     63.602  48720.866    30.8908     9.7026     63.000     9.6963    23.7942     5.3460     7.6401     81.922    233.206    238.755   -0.00165    6.52577    9.32597  284.66734   14.75021 4.8714e-02     0.5686     0.4615    89.1023 0.0000e+00
        727 292.466581    0.05045     3.0269    181.616     64.615  48722.240    30.8915     9.7037     64.000     9.6974    23.7945     5.3452     7.6388     81.911    233.169    238.717   -0.00089    6.52558    9.32570  284.65910   14.74981 4.8027e-02     0.5923     0.4802    88.6863 0.0000e+00
        734 292.466600    0.05089     3.0535    183.210     65.623  48725.861    30.8941     9.7065     65.000     9.7007    23.7960     5.3375     7.6277     81.799    232.830    238.370   -0.00154    6.52508    9.32498  284.63660   14.74872 4.7534e-02     0.5382     0.4941    88.3806 0.0000e+00
        741 292.466620    0.05138     3.0827    184.965     66.633  48729.081    30.8965     9.7109     66.000     9.7047    23.7972     5.3362     7.6259     81.789    232.774    238.314   -0.00086    6.52435    9.32395  284.60481   14.74720 4.7121e-02     0.5725     0.5410    87.3499 0.0000e+00
        748 292.466640    0.05186     3.1115    186.688     67.644  48730.467    30.8974     9.7144     67.000     9.7074    23.7975     5.3275     7.6136     81.662    232.396    237.926   -0.00164    6.52379    9.32316  284.58047   14.74603 4.6640e-02     0.5644     0.5788    86.5268 0.0000e+00
        754 292.466659    0.05232     3.1392    188.353     68.654  48733.408    30.8993     9.7158     68.000     9.7092    23.7987     5.3271     7.6130     81.660    232.379    237.909   -0.00093    6.52352    9.32276  284.56802   14.74543 4.6201e-02     0.5474     0.5947    86.1857 0.0000e+00
        761 292.466677    0.05276     3.1654    189.923     69.661  48735.480    30.9006     9.7178     69.000     9.7106    23.7994     5.3251     7.6101     81.633    232.289    237.818   -0.00075    6.52317    9.32227  284.55288   14.74469 4.5889e-02     0.5434     0.6077    85.9058 0.0000e+00
        768 292.466699    0.05328     3.1966    191.798     70.675  48735.680    30.9003     9.7183     70.000     9.7107    23.7992     5.3217     7.6053     81.583    232.144    237.669   -0.00086    6.52312    9.32219  284.55039   14.74458 4.5597e-02     0.5243     0.6073    85.9139 0.0000e+00
        774 292.466717    0.05371     3.2225    193.349     71.682  48737.061    30.9009     9.7185     71.000     9.7108    23.7996     5.3225     7.6063     81.595    232.176    237.702   -0.00032    6.52307    9.32211  284.54800   14.74446 4.5268e-02     0.5712     0.6122    85.8094 0.0000e+00
        781 292.466735    0.05414     3.2485    194.912     72.689  48739.492    30.9024     9.7200     72.000     9.7130    23.8005     5.3162     7.5973     81.502    231.901    237.421   -0.00105    6.52279    9.32172  284.53570   14.74387 4.5083e-02     0.5069     0.6136    85.7800 0.0000e+00
        789 292.466759    0.05472     3.2836    197.015     73.707  48739.829    30.9025     9.7226     73.000     9.7152    23.8003     5.3050     7.5814     81.335    231.413    236.921   -0.00185    6.52240    9.32116  284.51875   14.74306 4.4625e-02     0.5192     0.6137    85.7765 0.0000e+00
        794 292.466775    0.05510     3.3062    198.370     74.710  48741.829    30.9038     9.7247     74.000     9.7172    23.8009     5.3084     7.5862     81.392    231.561    237.073   -0.00080    6.52206    9.32067  284.50364   14.74233 4.4539e-02     0.5201     0.6273    85.4859 0.0000e+00
        801 292.466794    0.05556     3.3338    200.029     75.719  48740.848    30.9028     9.7255     75.000     9.7174    23.8000     5.3163     7.5976     81.514    231.908    237.427    0.00059    6.52198    9.32056  284.50059   14.74219 4.4302e-02     0.5137     0.6321    85.3841 0.0000e+00
        810 292.466819    0.05615     3.3692    202.154     76.735  48741.322    30.9027     9.7261     76.000     9.7178    23.7999     5.3097     7.5881     81.414    231.621    237.133   -0.00067    6.52190    9.32044  284.49682   14.74201 4.4209e-02     0.5158     0.6310    85.4066 0.0000e+00
        816 292.466836    0.05657     3.3940    203.642     77.740  48739.629    30.9010     9.7248     77.000     9.7159    23.7988     5.3070     7.5843     81.369    231.502    237.013   -0.00089    6.52215    9.32081  284.50843   14.74257 4.4035e-02     0.5084     0.6282    85.4655 0.0000e+00
        823 292.466857    0.05706     3.4234    205.403     78.750  48740.304    30.9009     9.7236     78.000     9.7150    23.7989     5.3144     7.5949     81.481    231.826    237.343    0.00039    6.52233    9.32106  284.51596   14.74293 4.3954e-02     0.5189     0.6198    85.6465 0.0000e+00
        831 292.466880    0.05763     3.4577    207.461     79.765  48741.885    30.9015     9.7229     79.000     9.7143    23.7995     5.3161     7.5972     81.505    231.898    237.417    0.00030    6.52240    9.32117  284.51928   14.74309 4.3840e-02     0.5074     0.6182    85.6798 0.0000e+00
        837 292.466897    0.05804     3.4822    208.931     80.768  48741.893    30.9010     9.7222     80.000     9.7136    23.7992     5.3120     7.5914     81.441    231.720    237.235   -0.00054    6.52254    9.32135  284.52495   14.74337 4.3851e-02     0.5140     0.6135    85.7818 0.0000e+00
        844 292.466919    0.05855     3.5134    210.804     81.781  48743.199    30.9016     9.7232     81.000     9.7145    23.7996     5.3199     7.6026     81.563    232.061    237.584    0.00061    6.52236    9.32110  284.51700   14.74298 4.3689e-02     0.5267     0.6135    85.7808 0.0000e+00
        852 292.466941    0.05908     3.5449    212.694     82.791  48741.686    30.9001     9.7227     82.000     9.7133    23.7985     5.3118     7.5911     81.439    231.712    237.226   -0.00087    6.52250    9.32130  284.52345   14.74329 4.3653e-02     0.5079     0.6143    85.7636 0.0000e+00
        859 292.466961    0.05957     3.5743    214.456     83.800  48772.017    30.9227     9.7363     83.000     9.7339    23.8140     5.3146     7.5951     81.518    231.830    237.351    0.00014    6.51960    9.31716  284.39270   14.73695 4.3553e-02     0.5136     0.6234    85.5696 0.0000e+00
        866 292.466983    0.06010     3.6057    216.340     84.811  48767.337    30.9206     9.7484     84.000     9.7393    23.8104     5.2906     7.5608     81.170    230.784    236.280   -0.00282    6.51796    9.31481  284.32203   14.73358 4.3497e-02     0.4858     0.6830    84.3017 0.0000e+00
        873 292.467003    0.06058     3.6347    218.084     85.820  48771.124    30.9229     9.7494     85.000     9.7408    23.8121     5.2771     7.5414     80.965    230.192    235.674   -0.00322    6.51770    9.31446  284.31075   14.73303 4.3506e-02     0.4498     0.6972    84.0033 0.0000e+00
        880 292.467023    0.06106     3.6638    219.828     86.831  48771.950    30.9234     9.7514     86.000     9.7419    23.8121     5.2900     7.5599     81.168    230.757    236.251    0.00019    6.51740    9.31403  284.29758   14.73240 4.3409e-02     0.4548     0.7064    83.8129 0.0000e+00
        887 292.467042    0.06152     3.6908    221.449     87.838  48772.349    30.9231     9.7505     87.000     9.7408    23.8121     5.2804     7.5462     81.018    230.337    235.821   -0.00124    6.51755    9.31423  284.30395   14.73270 4.3417e-02     0.4650     0.7046    83.8487 0.0000e+00
        894 292.467064    0.06202     3.7216    223.299     88.851  48776.129    30.9254     9.7506     88.000     9.7415    23.8138     5.2820     7.5484     81.043    230.404    235.891   -0.00045    6.51744    9.31407  284.29846   14.73243 4.3338e-02     0.4640     0.7012    83.9208 0.0000e+00
        901 292.467082    0.06247     3.7483    224.897     89.857  48777.819    30.9262     9.7519     89.000     9.7423    23.8144     5.2881     7.5573     81.141    230.674    236.168    0.00047    6.51721    9.31374  284.28838   14.73195 4.3326e-02     0.4745     0.7047    83.8474 0.0000e+00
        909 292.467106    0.06304     3.7821    226.927     90.874  48782.403    30.9292     9.7528     90.000     9.7440    23.8165     5.2835     7.5507     81.073    230.472    235.962   -0.00044    6.51696    9.31339  284.27701   14.73139 4.3313e-02     0.4373     0.7012    83.9204 0.0000e+00
        915 292.467124    0.06347     3.8081    228.484     91.875  48793.383    30.9372     9.7584     91.000     9.7508    23.8220     5.2846     7.5523     81.105    230.521    236.012   -0.00003    6.51582    9.31176  284.22574   14.72891 4.3311e-02     0.4513     0.7039    83.8637 0.0000e+00
        923 292.467145    0.06400     3.8396    230.376     92.892  48801.639    30.9436     9.7665     92.000     9.7588    23.8256     5.2756     7.5395     80.985    230.128    235.611   -0.00103    6.51439    9.30972  284.16251   14.72586 4.3376e-02     0.4265     0.7201    83.5257 0.0000e+00
        929 292.467164    0.06444     3.8663    231.976     93.898  48814.881    30.9538     9.7759     93.000     9.7692    23.8321     5.2614     7.5191     80.788    229.506    234.975   -0.00229    6.51262    9.30719  284.08354   14.72204 4.3862e-02     0.4392     0.7532    82.8370 0.0000e+00
        936 292.467186    0.06495     3.8972    233.830     94.910  48815.180    30.9546     9.7844     94.000     9.7746    23.8314     5.2530     7.5070     80.674    229.138    234.598   -0.00201    6.51137    9.30541  284.02925   14.71944 4.3876e-02     0.4051     0.7917    82.0433 0.0000e+00
        943 292.467206    0.06545     3.9267    235.600     95.921  48815.658    30.9547     9.7853     95.000     9.7750    23.8313     5.2285     7.4720     80.299    228.068    233.503   -0.00435    6.51124    9.30521  284.02326   14.71915 4.4234e-02     0.4046     0.8216    81.4327 0.0000e+00
        950 292.467225    0.06590     3.9541    237.245     96.927  48816.479    30.9549     9.7857     96.000     9.7754    23.8314     5.2373     7.4846     80.436    228.453    233.898   -0.00127    6.51117    9.30511  284.02024   14.71901 4.4132e-02     0.3931     0.8285    81.2921 0.0000e+00
        958 292.467248    0.06645     3.9866    239.198     97.941  48818.239    30.9558     9.7862     97.000     9.7764    23.8320     5.2435     7.4934     80.532    228.723    234.174    0.00017    6.51107    9.30497  284.01562   14.71879 4.4137e-02     0.3836     0.8324    81.2129 0.0000e+00
        964 292.467266    0.06689     4.0132    240.794     98.942  48844.222    30.9742     9.7916     98.000     9.7866    23.8456     5.2423     7.4920     80.534    228.673    234.127    0.00019    6.50951    9.30275  283.94385   14.71528 4.4176e-02     0.3749     0.8752    80.3522 0.0000e+00
