CTD-processing/allCTD/CNV/2014_02-14_t9_s04_cast173_5028.cnv
* Sea-Bird SBE19plus Data File:
* FileName = C:\Users\kris.holderied\Documents\kasitsna\Research-Projects-and-Data\Oceanography-AK\CTD-CookInlet-GulfWatchAK\2014-02-EVOSTC-CookInlet-LTM-BATCH-UPLOAD\2014-02-CookInlet-Seasonal-cast173.hex
* Software Version 1.59
* Temperature SN =  5028
* Conductivity SN =  5028
* System UpLoad Time = Apr 09 2014 20:12:27
** Cook Inlet LTM 2014 February Seasonal - Batch upload
** Date: 2013-02-15
** Station: 9-04
** Start time: 10:58
** Depth (m): 94
** CoComment:
** Comment:
# nquan = 27
# nvalues = 88                          
# units = specified
# name 0 = scan: Scan Count
# name 1 = timeJ: Julian Days
# name 2 = timeH: Time, Elapsed [hours]
# name 3 = timeM: Time, Elapsed [minutes]
# name 4 = timeS: Time, Elapsed [seconds]
# name 5 = prdM: Pressure, Strain Gauge [db]
# name 6 = specc: Specific Conductance [uS/cm]
# name 7 = sal00: Salinity, Practical [PSU]
# name 8 = tv290C: Temperature [ITS-90, deg C]
# name 9 = depSM: Depth [salt water, m], lat = 59.00
# name 10 = potemp090C: Potential Temperature [ITS-90, deg C]
# name 11 = sigma-é00: Density [sigma-theta, kg/m^3]
# name 12 = sbeox0ML/L: Oxygen, SBE 43 [ml/l]
# name 13 = sbeox0Mg/L: Oxygen, SBE 43 [mg/l]
# name 14 = sbeox0PS: Oxygen, SBE 43 [% saturation]
# name 15 = sbox0Mm/Kg: Oxygen, SBE 43 [umol/kg]
# name 16 = sbeox0Mm/L: Oxygen, SBE 43 [umol/l]
# name 17 = sbox0dV/dT: Oxygen, SBE 43 [dov/dt]
# name 18 = oxsolML/L: Oxygen Saturation, Garcia & Gordon [ml/l]
# name 19 = oxsolMg/L: Oxygen Saturation, Garcia & Gordon [mg/l]
# name 20 = oxsolMm/Kg: Oxygen Saturation, Garcia & Gordon [umol/kg]
# name 21 = potemp090C: Potential Temperature [ITS-90, deg C]
# name 22 = n2satMg/L: Nitrogen Saturation [mg/l]
# name 23 = par: PAR/Irradiance, Biospherical/Licor
# name 24 = flECO-AFL: Fluorescence, WET Labs ECO-AFL/FL [mg/m^3]
# name 25 = turbWETntu0: Turbidity, WET Labs ECO [NTU]
# name 26 = flag: flag
# span 0 =        259,        746       
# span 1 =  46.457876,  46.459287       
# span 2 =    0.01790,    0.05176       
# span 3 =     1.0742,     3.1052       
# span 4 =     64.452,    186.314       
# span 5 =      1.009,     88.849       
# span 6 =  51122.675,  51386.809       
# span 7 =    31.3338,    31.8520       
# span 8 =     2.7924,     4.9938       
# span 9 =      1.000,     88.000       
# span 10 =     2.7957,     4.9876      
# span 11 =    24.9763,    25.1820      
# span 12 =     6.5600,     7.6842      
# span 13 =     9.3749,    10.9815      
# span 14 =     85.742,    105.664      
# span 15 =    285.833,    334.766      
# span 16 =    292.971,    343.176      
# span 17 =   -0.00056,    0.02211      
# span 18 =    7.22535,    7.65104      
# span 19 =   10.32575,   10.93411      
# span 20 =  314.75976,  333.36928      
# span 21 =     2.7924,     4.9878      
# span 22 =   16.18195,   17.06884      
# span 23 = 3.7912e-02, 1.8399e+01      
# span 24 =     0.2712,     0.6055      
# span 25 =     0.9403,     1.7326      
# span 26 = 0.0000e+00, 0.0000e+00      
# interval = meters: 1                  
# start_time = Feb 15 2014 10:58:16 [Instrument's time stamp, header]
# bad_flag = -9.990e-29
*END*
[from data line 54]
        542  46.458695    0.03756     2.2537    135.223     55.527  51180.312    31.7732     4.8588     55.000     4.8565    25.1335     7.6420    10.9211    105.375    332.923    341.290    0.00045    7.25216   10.36406  315.94063     4.8549   16.23845 3.7912e-02     0.3112     1.1277 0.0000e+00
        549  46.458714    0.03803     2.2820    136.921     56.536  51180.090    31.7735     4.8629     56.000     4.8596    25.1332     7.6316    10.9062    105.242    332.469    340.824   -0.00006    7.25143   10.36302  315.90902     4.8589   16.23694 3.7912e-02     0.3088     1.0362 0.0000e+00
        555  46.458733    0.03847     2.3083    138.495     57.546  51181.939    31.7747     4.8650     57.000     4.8618    25.1340     7.6274    10.9002    105.190    332.286    340.637   -0.00025    7.25099   10.36240  315.88978     4.8610   16.23602 3.7912e-02     0.2981     1.0651 0.0000e+00
        561  46.458749    0.03886     2.3318    139.909     58.555  51183.993    31.7763     4.8678     58.000     4.8648    25.1349     7.6403    10.9187    105.377    332.850    341.216    0.00029    7.25043   10.36160  315.86526     4.8637   16.23485 3.7912e-02     0.3012     1.0856 0.0000e+00
        567  46.458767    0.03929     2.3574    141.446     59.565  51185.844    31.7778     4.8711     59.000     4.8682    25.1358     7.6421    10.9213    105.411    332.927    341.295    0.00030    7.24979   10.36068  315.83685     4.8669   16.23349 3.7912e-02     0.2926     1.0346 0.0000e+00
        573  46.458784    0.03970     2.3824    142.942     60.575  51187.950    31.7797     4.8757     60.000     4.8727    25.1368     7.6352    10.9115    105.330    332.629    340.990   -0.00004    7.24890   10.35941  315.79786     4.8714   16.23163 3.7912e-02     0.2831     1.0882 0.0000e+00
        579  46.458803    0.04016     2.4095    144.573     61.585  51186.914    31.7791     4.8783     61.000     4.8742    25.1360     7.6364    10.9133    105.353    332.682    341.044   -0.00000    7.24847   10.35880  315.77947     4.8740   16.23076 3.7912e-02     0.2834     1.0547 0.0000e+00
        585  46.458820    0.04056     2.4337    146.024     62.594  51188.094    31.7796     4.8792     62.000     4.8751    25.1364     7.6345    10.9104    105.328    332.595    340.955   -0.00011    7.24830   10.35854  315.77173     4.8748   16.23038 3.7912e-02     0.2881     1.0640 0.0000e+00
        590  46.458835    0.04093     2.4559    147.355     63.605  51188.858    31.7798     4.8799     63.000     4.8757    25.1365     7.6370    10.9140    105.364    332.704    341.067   -0.00003    7.24816   10.35834  315.76551     4.8754   16.23009 3.7912e-02     0.2911     1.0571 0.0000e+00
        597  46.458854    0.04139     2.4832    148.991     64.614  51189.669    31.7800     4.8807     64.000     4.8764    25.1366     7.6358    10.9123    105.350    332.652    341.014   -0.00009    7.24801   10.35814  315.75919     4.8761   16.22979 3.7912e-02     0.2942     1.0677 0.0000e+00
        603  46.458873    0.04183     2.5100    150.600     65.624  51192.586    31.7819     4.8826     65.000     4.8791    25.1379     7.6327    10.9079    105.314    332.519    340.878   -0.00021    7.24760   10.35755  315.74094     4.8779   16.22891 3.7912e-02     0.2857     1.0475 0.0000e+00
        609  46.458889    0.04221     2.5329    151.976     66.634  51201.130    31.7886     4.8884     66.000     4.8882    25.1425     7.6382    10.9158    105.410    332.757    341.123    0.00007    7.24627   10.35564  315.68132     4.8836   16.22605 3.7912e-02     0.2838     1.0285 0.0000e+00
        614  46.458903    0.04256     2.5533    153.201     67.644  51203.076    31.7919     4.8995     67.000     4.8984    25.1440     7.6424    10.9218    105.497    332.938    341.310    0.00026    7.24418   10.35266  315.58988     4.8947   16.22168 3.7912e-02     0.2802     1.0491 0.0000e+00
        621  46.458924    0.04306     2.5835    155.012     68.653  51203.304    31.7938     4.9096     68.000     4.9071    25.1444     7.6450    10.9255    105.560    333.053    341.427    0.00033    7.24234   10.35003  315.50958     4.9047   16.21785 3.7912e-02     0.2831     1.0093 0.0000e+00
        628  46.458944    0.04354     2.6126    156.756     69.663  51214.433    31.8036     4.9222     69.000     4.9229    25.1509     7.6397    10.9179    105.526    332.818    341.188    0.00012    7.23966   10.34620  315.39087     4.9172   16.21216 3.7912e-02     0.2867     1.0816 0.0000e+00
        632  46.458956    0.04383     2.6300    157.801     70.673  51212.639    31.8042     4.9325     70.000     4.9303    25.1503     7.6412    10.9200    105.573    332.883    341.255    0.00019    7.23784   10.34360  315.31179     4.9275   16.20839 3.7912e-02     0.2712     1.1042 0.0000e+00
        638  46.458972    0.04421     2.6525    159.147     71.682  51211.557    31.8042     4.9382     71.000     4.9343    25.1496     7.6413    10.9202    105.589    332.890    341.262    0.00017    7.23686   10.34220  315.26917     4.9331   16.20637 3.7912e-02     0.2756     1.0601 0.0000e+00
        646  46.458995    0.04477     2.6863    161.179     72.692  51212.364    31.8051     4.9421     72.000     4.9375    25.1500     7.6358    10.9124    105.523    332.649    341.016   -0.00009    7.23615   10.34118  315.23809     4.9369   16.20488 3.7912e-02     0.2938     1.0176 0.0000e+00
        651  46.459012    0.04517     2.7104    162.623     73.702  51219.704    31.8105     4.9459     73.000     4.9436    25.1538     7.6371    10.9142    105.555    332.705    341.074   -0.00003    7.23522   10.33986  315.19672     4.9406   16.20289 3.7912e-02     0.3004     1.0544 0.0000e+00
        657  46.459027    0.04554     2.7324    163.942     74.711  51226.299    31.8165     4.9548     74.000     4.9536    25.1577     7.6395    10.9176    105.614    332.806    341.179    0.00012    7.23339   10.33724  315.11575     4.9494   16.19901 3.7912e-02     0.2941     1.0212 0.0000e+00
        663  46.459045    0.04597     2.7584    165.506     75.721  51230.856    31.8220     4.9680     75.000     4.9657    25.1606     7.6346    10.9106    105.584    332.592    340.960   -0.00002    7.23083   10.33358  315.00312     4.9626   16.19363 3.7912e-02     0.2870     0.9970 0.0000e+00
        669  46.459064    0.04642     2.7851    167.103     76.732  51232.489    31.8243     4.9756     76.000     4.9718    25.1616     7.6320    10.9069    105.568    332.477    340.842   -0.00010    7.22941   10.33154  314.94082     4.9701   16.19065 3.7912e-02     0.2875     1.0625 0.0000e+00
        675  46.459080    0.04681     2.8085    168.507     77.741  51234.352    31.8260     4.9795     77.000     4.9748    25.1625     7.6380    10.9155    105.663    332.742    341.115    0.00015    7.22865   10.33047  314.90777     4.9739   16.18908 3.7912e-02     0.2894     1.0557 0.0000e+00
        682  46.459100    0.04730     2.8380    170.282     78.751  51238.333    31.8290     4.9829     78.000     4.9783    25.1645     7.6373    10.9145    105.664    332.711    341.083    0.00008    7.22792   10.32942  314.87527     4.9772   16.18752 3.7912e-02     0.2949     0.9860 0.0000e+00
        689  46.459119    0.04775     2.8652    171.911     79.761  51240.087    31.8303     4.9862     79.000     4.9810    25.1653     7.6320    10.9069    105.599    332.477    340.845   -0.00015    7.22730   10.32853  314.84785     4.9804   16.18620 3.7912e-02     0.2873     1.0431 0.0000e+00
        694  46.459134    0.04810     2.8858    173.148     80.771  51240.062    31.8301     4.9874     80.000     4.9817    25.1649     7.6214    10.8917    105.455    332.016    340.370   -0.00056    7.22709   10.32823  314.83890     4.9816   16.18578 3.7912e-02     0.2857     1.0689 0.0000e+00
        701  46.459154    0.04859     2.9153    174.919     81.780  51241.912    31.8309     4.9876     81.000     4.9820    25.1656     7.6234    10.8945    105.484    332.102    340.459   -0.00038    7.22702   10.32812  314.83540     4.9817   16.18561 3.7912e-02     0.2908     1.0216 0.0000e+00
        709  46.459178    0.04916     2.9493    176.960     82.790  51251.138    31.8375     4.9908     82.000     4.9861    25.1704     7.6275    10.9004    105.554    332.279    340.643   -0.00011    7.22614   10.32687  314.79583     4.9849   16.18370 3.7912e-02     0.2934     0.9945 0.0000e+00
        715  46.459196    0.04958     2.9751    178.508     83.800  51258.634    31.8428     4.9938     83.000     4.9876    25.1743     7.6222    10.8928    105.492    332.046    340.405   -0.00030    7.22536   10.32576  314.76058     4.9878   16.18200 3.7912e-02     0.2892     1.0389 0.0000e+00
        720  46.459211    0.04996     2.9975    179.851     84.810  51263.022    31.8452     4.9932     84.000     4.9870    25.1763     7.6214    10.8917    105.481    332.012    340.370   -0.00031    7.22535   10.32575  314.75976     4.9871   16.18195 3.7912e-02     0.2928     1.0730 0.0000e+00
        727  46.459232    0.05045     3.0267    181.603     85.820  51264.870    31.8459     4.9930     85.000     4.9865    25.1769     7.6263    10.8988    105.550    332.228    340.592   -0.00009    7.22536   10.32577  314.76005     4.9868   16.18196 3.7912e-02     0.2870     1.0706 0.0000e+00
        737  46.459258    0.05109     3.0655    183.929     86.830  51272.002    31.8499     4.9912     86.000     4.9846    25.1803     7.6233    10.8944    105.506    332.093    340.456   -0.00022    7.22546   10.32590  314.76325     4.9850   16.18209 3.7912e-02     0.2950     1.1641 0.0000e+00
        741  46.459271    0.05139     3.0832    184.989     87.840  51274.707    31.8511     4.9905     87.000     4.9839    25.1813     7.6245    10.8961    105.521    332.144    340.507   -0.00017    7.22552   10.32599  314.76556     4.9842   16.18220 3.7912e-02     0.2860     1.2936 0.0000e+00
        746  46.459287    0.05176     3.1052    186.314     88.849  51276.773    31.8520     4.9898     88.000     4.9834    25.1820     7.6182    10.8872    105.432    331.869    340.226   -0.00045    7.22563   10.32613  314.76957     4.9833   16.18239 3.7912e-02     0.2784     1.2561 0.0000e+00
