CTD-processing/allCTD/CNV/2014_04-07_t7_s12_cast277_5028.cnv
* Sea-Bird SBE19plus Data File:
* FileName = C:\Users\kris.holderied\Documents\kasitsna\Research-Projects-and-Data\Oceanography-AK\CTD-CookInlet-GulfWatchAK\2014-04-EVOSTC-CookInlet-Ocean\2014-04-07-CookInlet-Tran7-Augustine\2014-04-07-CookInlet-Tran7-cast277.hex
* Software Version 1.59
* Temperature SN =  5028
* Conductivity SN =  5028
* System UpLoad Time = Apr 09 2014 12:01:52
** Cook Inlet LTM Transect 7 (Augustine) west to east
** Date: 7 Apr 2014
** Station: 7-12
** Start time: 06:37
** Depth (m): 72
** Comment:  CTD instrument time is AK Daylight time
** Comment:
# nquan = 27
# nvalues = 72                          
# units = specified
# name 0 = scan: Scan Count
# name 1 = timeJ: Julian Days
# name 2 = timeH: Time, Elapsed [hours]
# name 3 = timeM: Time, Elapsed [minutes]
# name 4 = timeS: Time, Elapsed [seconds]
# name 5 = prdM: Pressure, Strain Gauge [db]
# name 6 = specc: Specific Conductance [uS/cm]
# name 7 = sal00: Salinity, Practical [PSU]
# name 8 = tv290C: Temperature [ITS-90, deg C]
# name 9 = depSM: Depth [salt water, m], lat = 59.00
# name 10 = potemp090C: Potential Temperature [ITS-90, deg C]
# name 11 = sigma-é00: Density [sigma-theta, kg/m^3]
# name 12 = sbeox0ML/L: Oxygen, SBE 43 [ml/l]
# name 13 = sbeox0Mg/L: Oxygen, SBE 43 [mg/l]
# name 14 = sbeox0PS: Oxygen, SBE 43 [% saturation]
# name 15 = sbox0Mm/Kg: Oxygen, SBE 43 [umol/kg]
# name 16 = sbeox0Mm/L: Oxygen, SBE 43 [umol/l]
# name 17 = sbox0dV/dT: Oxygen, SBE 43 [dov/dt]
# name 18 = oxsolML/L: Oxygen Saturation, Garcia & Gordon [ml/l]
# name 19 = oxsolMg/L: Oxygen Saturation, Garcia & Gordon [mg/l]
# name 20 = oxsolMm/Kg: Oxygen Saturation, Garcia & Gordon [umol/kg]
# name 21 = potemp090C: Potential Temperature [ITS-90, deg C]
# name 22 = n2satMg/L: Nitrogen Saturation [mg/l]
# name 23 = par: PAR/Irradiance, Biospherical/Licor
# name 24 = flECO-AFL: Fluorescence, WET Labs ECO-AFL/FL [mg/m^3]
# name 25 = turbWETntu0: Turbidity, WET Labs ECO [NTU]
# name 26 = flag: flag
# span 0 =         78,        624       
# span 1 =  97.275674,  97.277253       
# span 2 =    0.00535,    0.04325       
# span 3 =     0.3209,     2.5953       
# span 4 =     19.251,    155.718       
# span 5 =      1.009,     72.692       
# span 6 =  48803.078,  51741.782       
# span 7 =    30.2065,    32.1010       
# span 8 =     4.4083,     4.6341       
# span 9 =      1.000,     72.000       
# span 10 =     4.4473,     4.6291      
# span 11 =    23.9366,    25.4256      
# span 12 =     6.1241,     6.9623      
# span 13 =     8.7520,     9.9499      
# span 14 =     82.619,     95.606      
# span 15 =    267.168,    303.255      
# span 16 =    273.503,    310.939      
# span 17 =   -0.00078,    0.04416      
# span 18 =    7.27982,    7.41766      
# span 19 =   10.40359,   10.60059      
# span 20 =  317.08007,  323.62297      
# span 21 =     4.4082,     4.6291      
# span 22 =   16.29171,   16.61020      
# span 23 = 3.7912e-02, 1.1189e-01      
# span 24 =     0.4147,     0.6380      
# span 25 =     0.3317,     1.3940      
# span 26 = 0.0000e+00, 0.0000e+00      
# interval = meters: 1                  
# start_time = Apr 07 2014 06:36:39 [Instrument's time stamp, header]
# bad_flag = -9.990e-29
*END*
[from data line 54]
        534  97.276993    0.03699     2.2196    133.173     55.527  51592.594    32.0037     4.6253     55.000     4.6217    25.3408     6.9333     9.9084     95.216    301.990    309.643   -0.00032    7.28171   10.40629  317.16376     4.6215   16.29573 3.7912e-02     0.5453     0.4104 0.0000e+00
        540  97.277010    0.03741     2.2444    134.667     56.536  51595.075    32.0051     4.6261     56.000     4.6226    25.3418     6.9297     9.9032     95.168    301.830    309.479   -0.00041    7.28149   10.40598  317.15419     4.6222   16.29526 3.7912e-02     0.5259     0.4107 0.0000e+00
        546  97.277028    0.03784     2.2704    136.222     57.546  51597.296    32.0064     4.6273     57.000     4.6237    25.3427     6.9259     9.8979     95.121    301.666    309.312   -0.00048    7.28121   10.40559  317.14178     4.6234   16.29467 3.7912e-02     0.5107     0.4059 0.0000e+00
        551  97.277042    0.03817     2.2905    137.431     58.555  51598.174    32.0067     4.6281     58.000     4.6242    25.3429     6.9246     9.8959     95.104    301.608    309.252   -0.00047    7.28107   10.40539  317.13556     4.6240   16.29437 3.7912e-02     0.5058     0.4106 0.0000e+00
        555  97.277056    0.03850     2.3103    138.620     59.565  51599.354    32.0071     4.6285     59.000     4.6246    25.3432     6.9197     9.8890     95.039    301.398    309.036   -0.00060    7.28098   10.40525  317.13134     4.6244   16.29417 3.7912e-02     0.5141     0.4165 0.0000e+00
        561  97.277071    0.03886     2.3316    139.896     60.575  51601.272    32.0081     4.6293     60.000     4.6255    25.3439     6.9150     9.8822     94.976    301.190    308.824   -0.00069    7.28078   10.40497  317.12267     4.6251   16.29375 3.7912e-02     0.5237     0.4287 0.0000e+00
        566  97.277087    0.03925     2.3551    141.306     61.585  51601.921    32.0082     4.6302     61.000     4.6260    25.3439     6.9165     9.8844     94.999    301.257    308.892   -0.00052    7.28064   10.40476  317.11640     4.6259   16.29345 3.7912e-02     0.5068     0.4213 0.0000e+00
        572  97.277104    0.03966     2.3799    142.796     62.594  51603.055    32.0086     4.6306     62.000     4.6264    25.3441     6.9195     9.8886     95.041    301.387    309.025   -0.00031    7.28054   10.40462  317.11203     4.6263   16.29324 3.7912e-02     0.5024     0.4117 0.0000e+00
        577  97.277119    0.04003     2.4017    144.105     63.605  51604.243    32.0090     4.6310     63.000     4.6267    25.3444     6.9122     9.8783     94.943    301.072    308.702   -0.00054    7.28045   10.40450  317.10808     4.6266   16.29305 3.7912e-02     0.5180     0.4120 0.0000e+00
        582  97.277134    0.04038     2.4225    145.353     64.614  51605.186    32.0092     4.6314     64.000     4.6271    25.3446     6.9075     9.8715     94.879    300.864    308.490   -0.00067    7.28037   10.40438  317.10447     4.6269   16.29288 3.7912e-02     0.5425     0.4095 0.0000e+00
        588  97.277149    0.04075     2.4450    146.700     65.624  51606.369    32.0097     4.6320     65.000     4.6276    25.3449     6.9106     9.8759     94.922    300.997    308.626   -0.00043    7.28025   10.40420  317.09904     4.6274   16.29262 3.7912e-02     0.5359     0.4093 0.0000e+00
        593  97.277163    0.04109     2.4654    147.923     66.633  51607.472    32.0101     4.6326     66.000     4.6283    25.3452     6.9081     9.8724     94.891    300.890    308.516   -0.00047    7.28012   10.40402  317.09333     4.6280   16.29235 3.7912e-02     0.5286     0.4256 0.0000e+00
        597  97.277176    0.04139     2.4835    149.010     67.643  51608.569    32.0104     4.6333     67.000     4.6288    25.3454     6.9061     9.8696     94.865    300.804    308.427   -0.00050    7.27998   10.40382  317.08730     4.6286   16.29206 3.7912e-02     0.5126     0.4303 0.0000e+00
        602  97.277190    0.04174     2.5042    150.254     68.653  51609.163    32.0104     4.6337     68.000     4.6290    25.3454     6.9047     9.8674     94.845    300.739    308.361   -0.00050    7.27990   10.40371  317.08379     4.6290   16.29189 3.7912e-02     0.5122     0.4353 0.0000e+00
        609  97.277211    0.04222     2.5332    151.994     69.663  51609.685    32.0103     4.6339     69.000     4.6290    25.3453     6.9003     9.8612     94.786    300.551    308.168   -0.00055    7.27988   10.40368  317.08300     4.6290   16.29186 3.7912e-02     0.5065     0.4119 0.0000e+00
        614  97.277225    0.04258     2.5549    153.292     70.672  51610.691    32.0105     4.6339     70.000     4.6291    25.3454     6.8931     9.8510     94.687    300.237    307.846   -0.00075    7.27986   10.40364  317.08188     4.6291   16.29180 3.7912e-02     0.5131     0.4221 0.0000e+00
        618  97.277238    0.04287     2.5722    154.334     71.683  51611.520    32.0106     4.6340     71.000     4.6291    25.3455     6.8903     9.8469     94.648    300.113    307.719   -0.00078    7.27984   10.40362  317.08108     4.6291   16.29177 3.7912e-02     0.5237     0.4346 0.0000e+00
        624  97.277253    0.04325     2.5953    155.718     72.692  51612.230    32.0106     4.6341     72.000     4.6291    25.3455     6.8947     9.8533     94.712    300.309    307.919   -0.00052    7.27982   10.40359  317.08007     4.6291   16.29171 3.7912e-02     0.5043     0.4220 0.0000e+00
