CTD-processing/allCTD/CNV/2014_04-11_t9_s09_cast035_5028.cnv
* Sea-Bird SBE19plus Data File:
* FileName = C:\Users\kris.holderied\Documents\kasitsna\Research-Projects-and-Data\Oceanography-AK\CTD-Data-ALL-to-2014-03\2014-CTD-KachemakBay-CookInlet\2014-04-EVOSTC-CookInlet-Ocean\2014-04-11-CookInlet-Tran9-HomerSpit\2014-04-11-CookInlet-Tran9-HomerSpit-cast035.hex
* Software Version 1.59
* Temperature SN =  5028
* Conductivity SN =  5028
* System UpLoad Time = May 27 2014 23:29:55
** Cook Inlet LTM Transect 9  (Homer Spit) South to North
** Date: 2014-04-11
** Station: 9-09
** Start time: 20:53
** Depth (m): 85
** Comment:  CTD time is Alaska Daylight time
** Comment:
# nquan = 27
# nvalues = 84                          
# units = specified
# name 0 = scan: Scan Count
# name 1 = timeJ: Julian Days
# name 2 = timeH: Time, Elapsed [hours]
# name 3 = timeM: Time, Elapsed [minutes]
# name 4 = timeS: Time, Elapsed [seconds]
# name 5 = prdM: Pressure, Strain Gauge [db]
# name 6 = specc: Specific Conductance [uS/cm]
# name 7 = sal00: Salinity, Practical [PSU]
# name 8 = tv290C: Temperature [ITS-90, deg C]
# name 9 = depSM: Depth [salt water, m], lat = 59.00
# name 10 = potemp090C: Potential Temperature [ITS-90, deg C]
# name 11 = sigma-é00: Density [sigma-theta, kg/m^3]
# name 12 = sbeox0ML/L: Oxygen, SBE 43 [ml/l]
# name 13 = sbeox0Mg/L: Oxygen, SBE 43 [mg/l]
# name 14 = sbeox0PS: Oxygen, SBE 43 [% saturation]
# name 15 = sbox0Mm/Kg: Oxygen, SBE 43 [umol/kg]
# name 16 = sbeox0Mm/L: Oxygen, SBE 43 [umol/l]
# name 17 = sbox0dV/dT: Oxygen, SBE 43 [dov/dt]
# name 18 = oxsolML/L: Oxygen Saturation, Garcia & Gordon [ml/l]
# name 19 = oxsolMg/L: Oxygen Saturation, Garcia & Gordon [mg/l]
# name 20 = oxsolMm/Kg: Oxygen Saturation, Garcia & Gordon [umol/kg]
# name 21 = potemp090C: Potential Temperature [ITS-90, deg C]
# name 22 = n2satMg/L: Nitrogen Saturation [mg/l]
# name 23 = par: PAR/Irradiance, Biospherical/Licor
# name 24 = flECO-AFL: Fluorescence, WET Labs ECO-AFL/FL [mg/m^3]
# name 25 = turbWETntu0: Turbidity, WET Labs ECO [NTU]
# name 26 = flag: flag
# span 0 =         83,        544       
# span 1 = 101.870794, 101.872128       
# span 2 =    0.00571,    0.03773       
# span 3 =     0.3425,     2.2639       
# span 4 =     20.550,    135.837       
# span 5 =      1.010,     84.810       
# span 6 =  46662.242,  51573.901       
# span 7 =    28.6478,    32.0026       
# span 8 =     3.6737,     4.7413       
# span 9 =      1.000,     84.000       
# span 10 =     3.7021,     4.7353      
# span 11 =    22.7649,    25.3280      
# span 12 =     6.0799,     7.1888      
# span 13 =     8.6887,    10.2735      
# span 14 =     81.266,     98.294      
# span 15 =    264.966,    313.229      
# span 16 =    271.526,    321.052      
# span 17 =   -0.00364,    0.03307      
# span 18 =    7.26147,    7.63445      
# span 19 =   10.37736,   10.91039      
# span 20 =  316.28630,  333.49134      
# span 21 =     3.6737,     4.7353      
# span 22 =   16.25398,   17.08551      
# span 23 = 3.7912e-02, 3.8804e+00      
# span 24 =     0.3288,     1.3326      
# span 25 =     0.5986,     1.5228      
# span 26 = 0.0000e+00, 0.0000e+00      
# interval = meters: 1                  
# start_time = Apr 11 2014 20:53:36 [Instrument's time stamp, header]
# bad_flag = -9.990e-29
*END*
         83 101.870794    0.00571     0.3425     20.550      1.010  46662.242    28.6478     3.6737      1.000     3.7021    22.7649     6.3355     9.0541     82.978    276.754    282.944   -0.00043    7.63445   10.91039  333.49134     3.6737   17.08551 3.8804e+00     0.6243     1.4415 0.0000e+00
        240 101.871246    0.01658     0.9947     59.680      2.019  50619.274    31.1577     3.7456      2.000     3.7613    24.7545     6.0799     8.6887     81.266    264.966    271.526   -0.00364    7.48150   10.69181  326.05087     3.7455   16.72183 2.8255e+00     1.1869     1.4960 0.0000e+00
        242 101.871253    0.01675     1.0047     60.282      3.028  50769.416    31.2706     3.7840      3.000     3.8107    24.8408     6.1260     8.7547     82.022    266.956    273.587   -0.00123    7.46890   10.67380  325.47607     3.7838   16.69405 2.0297e+00     1.2766     1.5228 0.0000e+00
        245 101.871262    0.01696     1.0178     61.071      4.038  50889.524    31.3615     3.8243      4.000     3.8373    24.9093     6.3137     9.0229     84.670    275.115    281.968    0.00602    7.45694   10.65671  324.93318     3.8240   16.66787 1.5365e+00     1.3326     1.3806 0.0000e+00
        248 101.871271    0.01717     1.0301     61.806      5.047  50951.423    31.4064     3.8381      5.000     3.8303    24.9438     6.6407     9.4903     89.113    289.358    296.576    0.01782    7.45214   10.64986  324.71299     3.8378   16.65722 1.1991e+00     1.1956     1.2803 0.0000e+00
        251 101.871280    0.01737     1.0424     62.545      6.057  50985.771    31.4262     3.8253      6.000     3.8172    24.9607     6.9740     9.9666     93.567    303.875    311.460    0.02882    7.45348   10.65177  324.76604     3.8249   16.65967 9.5807e-01     1.0223     1.1791 0.0000e+00
        254 101.871288    0.01758     1.0547     63.282      7.066  50999.793    31.4330     3.8162      7.000     3.8137    24.9671     7.1610    10.2337     96.058    312.018    319.808    0.03307    7.45480   10.65365  324.82147     3.8158   16.66228 7.7147e-01     0.9182     1.1005 0.0000e+00
        257 101.871296    0.01779     1.0670     64.022      8.076  51016.278    31.4428     3.8122      8.000     3.8047    24.9752     7.1888    10.2735     96.429    313.229    321.052    0.03053    7.45504   10.65400  324.82924     3.8117   16.66261 6.2219e-01     0.9156     1.1147 0.0000e+00
        260 101.871305    0.01800     1.0796     64.774      9.085  51049.701    31.4623     3.8011      9.000     3.7921    24.9917     7.1262    10.1841     95.576    310.497    318.257    0.02449    7.45610   10.65551  324.87010     3.8005   16.66447 5.0883e-01     0.8590     1.0730 0.0000e+00
        263 101.871314    0.01820     1.0921     65.529     10.094  51074.145    31.4754     3.7887     10.000     3.7809    25.0033     7.0448    10.0676     94.463    306.945    314.619    0.01824    7.45769   10.65778  324.93575     3.7881   16.66754 4.1914e-01     0.7912     1.0323 0.0000e+00
        266 101.871322    0.01841     1.1048     66.289     11.105  51093.010    31.4851     3.7778     11.000     3.7697    25.0120     6.9853     9.9827     93.647    304.352    311.964    0.01356    7.45918   10.65991  324.99805     3.7772   16.67046 3.4741e-01     0.7488     1.0159 0.0000e+00
        269 101.871332    0.01863     1.1177     67.061     12.114  51118.059    31.4991     3.7671     12.000     3.7653    25.0241     6.9530     9.9366     93.199    302.942    310.523    0.01049    7.46044   10.66171  325.04895     3.7664   16.67282 2.9031e-01     0.7307     0.9900 0.0000e+00
        272 101.871341    0.01885     1.1311     67.869     13.123  51151.409    31.5224     3.7717     13.000     3.7827    25.0422     6.9538     9.9376     93.235    302.970    310.557    0.00912    7.45840   10.65881  324.95474     3.7710   16.66825 2.4475e-01     0.6970     0.9525 0.0000e+00
        276 101.871351    0.01909     1.1453     68.720     14.133  51165.419    31.5368     3.7938     14.000     3.8110    25.0516     6.9945     9.9958     93.840    304.739    312.374    0.00951    7.45367   10.65203  324.74536     3.7929   16.65824 2.0719e-01     0.6482     0.9340 0.0000e+00
        279 101.871361    0.01933     1.1599     69.591     15.142  51193.365    31.5646     3.8320     15.000     3.8624    25.0702     7.0388    10.0591     94.540    306.664    314.352    0.01026    7.44529   10.64007  324.37472     3.8311   16.64050 1.7645e-01     0.6081     0.9393 0.0000e+00
        283 101.871371    0.01956     1.1741     70.444     16.152  51191.883    31.5760     3.8855     16.000     3.9122    25.0743     7.0626    10.0932     94.992    307.701    315.417    0.01018    7.43499   10.62534  323.92429     3.8845   16.61904 1.5044e-01     0.5594     0.9565 0.0000e+00
        286 101.871381    0.01980     1.1883     71.298     17.161  51197.015    31.5902     3.9320     17.000     3.9543    25.0811     7.0774    10.1143     95.308    308.342    316.075    0.00975    7.42584   10.61226  323.52345     3.9309   16.59993 1.2856e-01     0.4984     0.9850 0.0000e+00
        290 101.871391    0.02005     1.2029     72.174     18.171  51198.876    31.6000     3.9699     18.000     3.9852    25.0854     7.0774    10.1143     95.402    308.340    316.075    0.00870    7.41849   10.60176  323.20196     3.9687   16.58460 1.1097e-01     0.4811     1.0213 0.0000e+00
        293 101.871401    0.02029     1.2173     73.039     19.180  51211.169    31.6145     3.9977     19.000     4.0116    25.0943     7.0696    10.1032     95.372    308.000    315.729    0.00741    7.41271   10.59351  322.94771     3.9965   16.57245 9.6378e-02     0.4673     1.0208 0.0000e+00
        297 101.871411    0.02053     1.2315     73.889     20.189  51216.521    31.6235     4.0220     20.000     4.0310    25.0991     7.0672    10.0997     95.401    307.892    315.620    0.00645    7.40786   10.58658  322.73465     4.0208   16.56228 8.4673e-02     0.4414     1.0256 0.0000e+00
        300 101.871421    0.02076     1.2458     74.749     21.199  51211.424    31.6230     4.0367     21.000     4.0368    25.0973     7.0709    10.1050     95.485    308.056    315.787    0.00579    7.40526   10.58285  322.62174     4.0353   16.55691 7.5406e-02     0.4112     0.9973 0.0000e+00
        303 101.871431    0.02100     1.2603     75.619     22.209  51211.849    31.6230     4.0377     22.000     4.0355    25.0972     7.0680    10.1009     95.449    307.929    315.657    0.00489    7.40506   10.58258  322.61350     4.0363   16.55652 6.8203e-02     0.4116     0.9736 0.0000e+00
        307 101.871441    0.02125     1.2751     76.507     23.218  51219.128    31.6272     4.0369     23.000     4.0369    25.1007     7.0569    10.0850     95.299    307.444    315.161    0.00373    7.40501   10.58249  322.60977     4.0354   16.55633 6.2209e-02     0.4270     0.9638 0.0000e+00
        311 101.871451    0.02150     1.2899     77.395     24.228  51233.829    31.6378     4.0414     24.000     4.0476    25.1087     7.0540    10.0809     95.277    307.315    315.032    0.00307    7.40365   10.58056  322.54831     4.0399   16.55336 5.7310e-02     0.4238     0.9442 0.0000e+00
        314 101.871461    0.02175     1.3046     78.275     25.238  51274.885    31.6697     4.0595     25.000     4.0817    25.1322     7.0647    10.0961     95.485    307.774    315.509    0.00318    7.39880   10.57362  322.32955     4.0579   16.54283 5.3333e-02     0.4049     0.9244 0.0000e+00
        318 101.871472    0.02199     1.3196     79.175     26.248  51307.510    31.7026     4.1066     26.000     4.1354    25.1538     7.0882    10.1298     95.934    308.794    316.561    0.00396    7.38869   10.55917  321.88214     4.1049   16.52142 5.0109e-02     0.3933     0.9108 0.0000e+00
        321 101.871482    0.02225     1.3348     80.090     27.256  51325.722    31.7280     4.1632     27.000     4.1914    25.1684     7.1168    10.1706     96.470    310.032    317.835    0.00494    7.37725   10.54283  321.37950     4.1615   16.49741 4.7517e-02     0.3740     0.8946 0.0000e+00
        325 101.871493    0.02250     1.3500     81.000     28.266  51321.977    31.7371     4.2150     28.000     4.2334    25.1706     7.1253    10.1828     96.713    310.404    318.217    0.00499    7.36752   10.52892  320.95476     4.2132   16.47717 4.5390e-02     0.3623     0.8721 0.0000e+00
        329 101.871504    0.02275     1.3648     81.891     29.275  51314.569    31.7391     4.2473     29.000     4.2574    25.1691     7.1228    10.1791     96.755    310.292    318.102    0.00438    7.36164   10.52052  320.69905     4.2454   16.46500 4.3692e-02     0.3619     0.8478 0.0000e+00
        332 101.871513    0.02300     1.3797     82.784     30.285  51311.362    31.7410     4.2670     30.000     4.2727    25.1686     7.1172    10.1712     96.727    310.051    317.854    0.00368    7.35804   10.51537  320.54236     4.2650   16.45754 4.2227e-02     0.3701     0.8303 0.0000e+00
        336 101.871524    0.02324     1.3948     83.686     31.295  51319.890    31.7496     4.2811     31.000     4.2885    25.1741     7.1045    10.1530     96.593    309.494    317.285    0.00273    7.35508   10.51114  320.41162     4.2791   16.45128 4.1005e-02     0.3788     0.8250 0.0000e+00
        339 101.871535    0.02350     1.4101     84.605     32.305  51327.342    31.7585     4.2995     32.000     4.3062    25.1793     7.1011    10.1481     96.595    309.345    317.134    0.00229    7.35138   10.50587  320.24909     4.2973   16.44351 4.0016e-02     0.3788     0.8253 0.0000e+00
        343 101.871545    0.02375     1.4253     85.516     33.314  51320.479    31.7567     4.3138     33.000     4.3147    25.1763     7.1074    10.1571     96.713    309.620    317.415    0.00226    7.34892   10.50235  320.14296     4.3116   16.43848 3.9267e-02     0.3885     0.8231 0.0000e+00
        347 101.871556    0.02400     1.4400     86.403     34.324  51316.338    31.7543     4.3178     34.000     4.3160    25.1741     7.1097    10.1605     96.753    309.724    317.521    0.00205    7.34833   10.50149  320.11749     4.3156   16.43728 3.9053e-02     0.3978     0.8218 0.0000e+00
        350 101.871566    0.02426     1.4552     87.310     35.333  51319.025    31.7558     4.3186     35.000     4.3179    25.1752     7.1038    10.1521     96.676    309.465    317.256    0.00150    7.34811   10.50119  320.10785     4.3162   16.43681 3.8314e-02     0.3907     0.8205 0.0000e+00
        354 101.871577    0.02450     1.4704     88.223     36.343  51333.584    31.7664     4.3234     36.000     4.3282    25.1832     7.1002    10.1469     96.645    309.306    317.095    0.00113    7.34672   10.49919  320.04469     4.3210   16.43376 3.7977e-02     0.3915     0.8257 0.0000e+00
        358 101.871587    0.02476     1.4857     89.140     37.352  51338.460    31.7723     4.3370     37.000     4.3408    25.1866     7.1074    10.1572     96.778    309.619    317.418    0.00129    7.34401   10.49533  319.92584     4.3345   16.42808 3.7921e-02     0.3892     0.8237 0.0000e+00
        361 101.871598    0.02502     1.5014     90.086     38.362  51334.333    31.7713     4.3468     38.000     4.3471    25.1847     7.1221    10.1782     97.001    310.259    318.073    0.00171    7.34232   10.49291  319.85251     4.3443   16.42460 3.7914e-02     0.3941     0.8180 0.0000e+00
        365 101.871609    0.02529     1.5172     91.030     39.372  51334.454    31.7720     4.3518     39.000     4.3510    25.1848     7.1262    10.1841     97.069    310.438    318.256    0.00166    7.34141   10.49161  319.81287     4.3491   16.42271 3.7912e-02     0.4028     0.8007 0.0000e+00
        369 101.871620    0.02554     1.5325     91.949     40.382  51338.589    31.7752     4.3555     40.000     4.3560    25.1870     7.1197    10.1748     96.992    310.155    317.968    0.00115    7.34057   10.49041  319.77545     4.3529   16.42092 3.7912e-02     0.4027     0.8037 0.0000e+00
        372 101.871630    0.02579     1.5475     92.850     41.391  51344.162    31.7801     4.3622     41.000     4.3635    25.1902     7.1203    10.1756     97.018    310.179    317.993    0.00102    7.33914   10.48837  319.71245     4.3595   16.41790 3.7912e-02     0.4076     0.8105 0.0000e+00
        376 101.871641    0.02604     1.5627     93.760     42.401  51345.569    31.7822     4.3693     42.000     4.3698    25.1911     7.1243    10.1814     97.091    310.354    318.171    0.00104    7.33778   10.48642  319.65276     4.3665   16.41505 3.7912e-02     0.4104     0.7958 0.0000e+00
        380 101.871651    0.02630     1.5782     94.695     43.410  51351.413    31.7872     4.3760     43.000     4.3780    25.1945     7.1268    10.1850     97.145    310.463    318.285    0.00102    7.33634   10.48436  319.58904     4.3731   16.41200 3.7912e-02     0.4130     0.7760 0.0000e+00
        384 101.871663    0.02657     1.5941     95.648     44.419  51364.754    31.7985     4.3874     44.000     4.3934    25.2022     7.1234    10.1801     97.132    310.312    318.133    0.00080    7.33377   10.48069  319.47460     4.3844   16.40651 3.7912e-02     0.4183     0.7748 0.0000e+00
        388 101.871674    0.02685     1.6106     96.635     45.429  51374.766    31.8092     4.4065     45.000     4.4138    25.2089     7.1215    10.1774     97.158    310.227    318.047    0.00071    7.32985   10.47509  319.30199     4.4034   16.39825 3.7912e-02     0.3959     0.7894 0.0000e+00
        391 101.871685    0.02711     1.6268     97.610     46.439  51388.549    31.8230     4.4272     46.000     4.4395    25.2177     7.1277    10.1862     97.300    310.494    318.325    0.00097    7.32550   10.46886  319.10944     4.4241   16.38904 3.7912e-02     0.4058     0.8116 0.0000e+00
        395 101.871696    0.02738     1.6429     98.572     47.449  51448.142    31.8726     4.4676     47.000     4.5008    25.2530     7.1323    10.1928     97.491    310.685    318.531    0.00133    7.31593   10.45519  318.68173     4.4643   16.36849 3.7912e-02     0.4186     0.8093 0.0000e+00
        399 101.871708    0.02765     1.6592     99.552     48.459  51471.990    31.9054     4.5415     48.000     4.5700    25.2714     7.1492    10.2169     97.918    311.415    319.285    0.00232    7.30126   10.43423  318.03705     4.5382   16.33768 3.7912e-02     0.4326     0.7857 0.0000e+00
        403 101.871720    0.02793     1.6758    100.547     49.469  51449.805    31.9017     4.5942     49.000     4.6036    25.2631     7.1677    10.2434     98.294    312.223    320.110    0.00309    7.29216   10.42123  317.64331     4.5909   16.31896 3.7912e-02     0.4513     0.7407 0.0000e+00
        407 101.871731    0.02821     1.6924    101.544     50.478  51440.201    31.8993     4.6147     50.000     4.6161    25.2591     7.1526    10.2217     98.132    311.563    319.433    0.00218    7.28868   10.41626  317.49302     4.6112   16.31182 3.7912e-02     0.4634     0.6918 0.0000e+00
        411 101.871742    0.02848     1.7088    102.527     51.488  51437.675    31.8989     4.6229     51.000     4.6215    25.2579     7.1253    10.1827     97.777    310.374    318.214    0.00077    7.28727   10.41424  317.43170     4.6193   16.30890 3.7912e-02     0.4657     0.6639 0.0000e+00
        415 101.871753    0.02875     1.7252    103.513     52.497  51438.940    31.9002     4.6267     52.000     4.6247    25.2585     7.1053    10.1542     97.512    309.504    317.322   -0.00016    7.28653   10.41318  317.39942     4.6231   16.30736 3.7912e-02     0.4633     0.6524 0.0000e+00
        419 101.871765    0.02903     1.7417    104.502     53.507  51450.012    31.9081     4.6304     53.000     4.6314    25.2644     7.0932    10.1369     97.360    308.976    316.782   -0.00063    7.28548   10.41168  317.35193     4.6267   16.30507 3.7912e-02     0.4684     0.6655 0.0000e+00
