CTD-processing/allCTD/CNV/2014_10-18_t7_s04_cast129_4141.cnv
* Sea-Bird SBE19plus Data File:
* FileName = C:\Users\kris.holderied\Documents\kasitsna\Research-Projects-and-Data\Oceanography-AK\CTD-Data-ALL-to-2014-10\2014-CTD-KachemakBay-CookInlet\2014-10-EVOSTC-CookInlet\2014-10-17-CookInlet-Tran7-Augustine\2014-10-18-CookInlet-Tran7-cast129.hex
* Software Version 1.59
* Temperature SN =  4141
* Conductivity SN =  4141
* System UpLoad Time = Oct 18 2014 20:33:37
** Cook Inlet LTM Tran7 (Augustine) west to east 2ND RUN
** Date: 10-18
** Station: 7-04
** Start time:  13:29
** Depth (m): 50
** Comment:  CTD time is Alaska Daylight time.  R/V Pandalus. Transducer  depth.
** Comment:
# nquan = 27
# nvalues = 51                          
# units = specified
# name 0 = scan: Scan Count
# name 1 = timeJ: Julian Days
# name 2 = timeH: Time, Elapsed [hours]
# name 3 = timeM: Time, Elapsed [minutes]
# name 4 = timeS: Time, Elapsed [seconds]
# name 5 = prdM: Pressure, Strain Gauge [db]
# name 6 = specc: Specific Conductance [uS/cm]
# name 7 = sal00: Salinity, Practical [PSU]
# name 8 = tv290C: Temperature [ITS-90, deg C]
# name 9 = depSM: Depth [salt water, m], lat = 59.00
# name 10 = potemp090C: Potential Temperature [ITS-90, deg C]
# name 11 = sigma-é00: Density [sigma-theta, kg/m^3]
# name 12 = sbeox0ML/L: Oxygen, SBE 43 [ml/l]
# name 13 = sbeox0Mg/L: Oxygen, SBE 43 [mg/l]
# name 14 = sbeox0PS: Oxygen, SBE 43 [% saturation]
# name 15 = sbox0Mm/Kg: Oxygen, SBE 43 [umol/kg]
# name 16 = sbeox0Mm/L: Oxygen, SBE 43 [umol/l]
# name 17 = sbox0dV/dT: Oxygen, SBE 43 [dov/dt]
# name 18 = oxsolML/L: Oxygen Saturation, Garcia & Gordon [ml/l]
# name 19 = oxsolMg/L: Oxygen Saturation, Garcia & Gordon [mg/l]
# name 20 = oxsolMm/Kg: Oxygen Saturation, Garcia & Gordon [umol/kg]
# name 21 = n2satMg/L: Nitrogen Saturation [mg/l]
# name 22 = par: PAR/Irradiance, Biospherical/Licor
# name 23 = wetStar: Fluorescence, WET Labs WETstar [mg/m^3]
# name 24 = CStarAt0: Beam Attenuation, WET Labs C-Star [1/m]
# name 25 = CStarTr0: Beam Transmission, WET Labs C-Star [%]
# name 26 = flag: flag
# span 0 =        170,        543       
# span 1 = 291.562365, 291.563444       
# span 2 =    0.01175,    0.03765       
# span 3 =     0.7052,     2.2588       
# span 4 =     42.311,    135.529       
# span 5 =      1.027,     51.473       
# span 6 =  46548.448,  49024.271       
# span 7 =    29.3609,    31.0868       
# span 8 =     9.4111,     9.6787       
# span 9 =      1.000,     51.000       
# span 10 =     9.4040,     9.6772      
# span 11 =    22.6407,    23.9742      
# span 12 =     5.3250,     5.7345      
# span 13 =     7.6099,     8.1951      
# span 14 =     81.393,     86.717      
# span 15 =    232.245,    250.414      
# span 16 =    237.813,    256.101      
# span 17 =   -0.02139,    0.00467      
# span 18 =    6.54222,    6.62941      
# span 19 =    9.34949,    9.47409      
# span 20 =  285.33798,  289.51473      
# span 21 =   14.78149,   14.98819      
# span 22 = 3.6055e-02, 1.6393e+01      
# span 23 =     0.4224,     1.1102      
# span 24 =     0.4352,     0.9155      
# span 25 =    79.5430,    89.6909      
# span 26 = 0.0000e+00, 0.0000e+00      
# interval = meters: 1                  
# start_time = Oct 18 2014 13:29:06 [Instrument's time stamp, header]
# bad_flag = -9.990e-29
*END*
        170 291.562365    0.01175     0.7052     42.311      1.027  46548.448    29.3609     9.4349      1.000     9.4424    22.6407     5.5887     7.9868     84.303    244.065    249.591    0.00467    6.62941    9.47409  289.51473   14.98819 1.6393e+01     0.4224     0.6974    83.9840 0.0000e+00
        295 291.562726    0.02042     1.2255     73.533      2.018  46586.761    29.3905     9.4612      2.000     9.4616    22.6599     5.7253     8.1819     86.428    250.023    255.689    0.00439    6.62427    9.46674  289.28457   14.97707 7.9695e+00     0.5524     0.6053    85.9574 0.0000e+00
        305 291.562754    0.02108     1.2647     75.880      3.029  46593.774    29.3952     9.4630      3.000     9.4626    22.6633     5.7274     8.1850     86.466    250.118    255.786    0.00199    6.62382    9.46610  289.26412   14.97607 5.6482e+00     0.6244     0.6027    86.0138 0.0000e+00
        307 291.562761    0.02128     1.2767     76.599      4.033  46613.364    29.4085     9.4632      4.000     9.4640    22.6736     5.7320     8.1917     86.545    250.318    255.994    0.00179    6.62321    9.46524  289.23471   14.97462 3.8075e+00     0.5796     0.6028    86.0110 0.0000e+00
        311 291.562771    0.02150     1.2902     77.410      5.046  46679.303    29.4547     9.4681      5.000     9.4756    22.7090     5.7345     8.1951     86.616    250.414    256.101    0.00225    6.62053    9.46140  289.10763   14.96835 3.3920e+00     0.5828     0.5981    86.1123 0.0000e+00
        314 291.562781    0.02174     1.3040     78.241      6.052  46781.838    29.5280     9.4843      6.000     9.5040    22.7637     5.7296     8.1884     86.617    250.194    255.889    0.00134    6.61503    9.45354  288.85210   14.95583 2.9922e+00     0.6702     0.5926    86.2299 0.0000e+00
        318 291.562792    0.02201     1.3206     79.234      7.064  46903.483    29.6176     9.5242      7.000     9.5494    22.8274     5.7280     8.1860     86.717    250.105    255.814    0.00171    6.60538    9.43976  288.41273   14.93447 2.7030e+00     0.7754     0.5834    86.4298 0.0000e+00
        323 291.562806    0.02233     1.3397     80.382      8.073  46998.545    29.6906     9.5808      8.000     9.5927    22.8758     5.7121     8.1631     86.626    249.397    255.102    0.00040    6.59402    9.42350  287.90268   14.90979 2.9375e+00     0.7553     0.5726    86.6617 0.0000e+00
        328 291.562821    0.02271     1.3622     81.734      9.086  47073.112    29.7463     9.6126      9.000     9.6243    22.9143     5.6748     8.1098     86.151    247.759    253.436   -0.00414    6.58700    9.41349  287.58589   14.89441 3.1692e+00     0.8004     0.5624    86.8840 0.0000e+00
        333 291.562836    0.02307     1.3842     83.051     10.096  47134.794    29.7930     9.6440     10.000     9.6559    22.9458     5.6522     8.0776     85.894    246.765    252.428   -0.00515    6.58047    9.40415  287.29174   14.88016 3.0134e+00     0.7472     0.5712    86.6930 0.0000e+00
        338 291.562850    0.02339     1.4037     84.221     11.105  47325.038    29.9301     9.6787     11.000     9.6772    23.0473     5.6404     8.0607     85.856    246.225    251.900   -0.00363    6.56963    9.38866  286.79009   14.85562 2.4792e+00     0.7539     0.6117    85.8200 0.0000e+00
        342 291.562863    0.02371     1.4229     85.372     12.112  47424.133    29.9958     9.6527     12.000     9.6266    23.1027     5.6327     8.0497     85.725    245.875    251.556   -0.00333    6.57064    9.39010  286.81851   14.85671 1.7702e+00     0.8379     0.6778    84.4147 0.0000e+00
        347 291.562877    0.02406     1.4437     86.620     13.121  47474.451    30.0256     9.6124     13.000     9.6061    23.1323     5.6336     8.0511     85.680    245.910    251.598   -0.00290    6.57522    9.39665  287.01026   14.86575 1.3587e+00     0.7941     0.7153    83.6267 0.0000e+00
        353 291.562894    0.02446     1.4675     88.048     14.135  47474.381    30.0231     9.5965     14.000     9.5884    23.1329     5.6488     8.0727     85.879    246.571    252.275    0.00049    6.57763    9.40009  287.11520   14.87078 1.0554e+00     0.9994     0.7445    83.0173 0.0000e+00
        358 291.562909    0.02481     1.4888     89.326     15.144  47486.776    30.0302     9.5865     15.000     9.5844    23.1399     5.6479     8.0715     85.851    246.532    252.237   -0.00048    6.57880    9.40176  287.16437   14.87310 4.7245e-01     0.8360     0.7986    81.9019 0.0000e+00
        363 291.562922    0.02513     1.5080     90.480     16.150  47485.922    30.0288     9.5836     16.000     9.5800    23.1393     5.6579     8.0858     85.997    246.970    252.684    0.00127    6.57927    9.40244  287.18508   14.87409 7.7741e-02     0.9281     0.8181    81.5036 0.0000e+00
        368 291.562937    0.02549     1.5293     91.760     17.161  47490.010    30.0308     9.5800     17.000     9.5780    23.1414     5.6590     8.0873     86.007    247.016    252.732    0.00056    6.57971    9.40306  287.20348   14.87497 3.6055e-02     0.8840     0.8382    81.0950 0.0000e+00
        373 291.562952    0.02586     1.5516     93.093     18.172  47487.144    30.0283     9.5794     18.000     9.5755    23.1396     5.6585     8.0865     85.997    246.992    252.708    0.00025    6.57992    9.40336  287.21320   14.87545 3.6392e-02     0.9370     0.8513    80.8300 0.0000e+00
        378 291.562967    0.02621     1.5729     94.373     19.180  47498.598    30.0354     9.5758     19.000     9.5748    23.1457     5.6643     8.0949     86.082    247.245    252.967    0.00070    6.58012    9.40366  287.22041   14.87576 3.6382e-02     0.8806     0.8815    80.2206 0.0000e+00
        384 291.562982    0.02658     1.5944     95.664     20.192  47509.520    30.0431     9.5791     20.000     9.5773    23.1512     5.6701     8.1032     86.181    247.498    253.228    0.00124    6.57932    9.40251  287.18405   14.87399 3.6382e-02     0.8732     0.8689    80.4755 0.0000e+00
        388 291.562996    0.02690     1.6137     96.824     21.196  47511.743    30.0443     9.5795     21.000     9.5779    23.1521     5.6666     8.0981     86.128    247.343    253.070    0.00040    6.57921    9.40235  287.17884   14.87373 3.6382e-02     0.9342     0.8346    81.1664 0.0000e+00
        394 291.563011    0.02726     1.6359     98.157     22.208  47511.874    30.0441     9.5805     22.000     9.5781    23.1519     5.6621     8.0917     86.062    247.146    252.868   -0.00066    6.57908    9.40215  287.17287   14.87345 3.6382e-02     0.9240     0.8260    81.3440 0.0000e+00
        399 291.563028    0.02767     1.6601     99.608     23.221  47533.411    30.0590     9.5827     23.000     9.5830    23.1632     5.6629     8.0928     86.086    247.179    252.904   -0.00031    6.57812    9.40079  287.12818   14.87125 3.6382e-02     0.8360     0.8105    81.6591 0.0000e+00
        404 291.563042    0.02801     1.6801    100.805     24.229  47531.483    30.0579     9.5874     24.000     9.5849    23.1615     5.6623     8.0920     86.086    247.155    252.879   -0.00010    6.57750    9.39990  287.10121   14.86997 3.6382e-02     0.7854     0.7373    83.1670 0.0000e+00
        409 291.563055    0.02831     1.6986    101.917     25.235  47540.415    30.0637     9.5874     25.000     9.5856    23.1661     5.6565     8.0837     86.000    246.898    252.617   -0.00099    6.57724    9.39954  287.08902   14.86936 3.6382e-02     0.8023     0.7298    83.3224 0.0000e+00
        414 291.563070    0.02867     1.7205    103.227     26.246  47550.161    30.0704     9.5896     26.000     9.5874    23.1710     5.6608     8.0899     86.074    247.086    252.811   -0.00019    6.57664    9.39868  287.06119   14.86801 3.6382e-02     0.8180     0.7039    83.8634 0.0000e+00
        420 291.563086    0.02907     1.7443    104.658     27.259  47553.790    30.0727     9.5912     27.000     9.5886    23.1725     5.6618     8.0912     86.093    247.128    252.855    0.00012    6.57631    9.39821  287.04655   14.86730 3.6382e-02     0.9234     0.6804    84.3581 0.0000e+00
        425 291.563101    0.02941     1.7650    105.899     28.266  47547.914    30.0682     9.5915     28.000     9.5892    23.1691     5.6545     8.0809     85.981    246.813    252.531   -0.00098    6.57645    9.39841  287.05359   14.86765 3.6382e-02     0.7892     0.6721    84.5341 0.0000e+00
        430 291.563115    0.02976     1.7857    107.140     29.276  47554.068    30.0725     9.5946     29.000     9.5928    23.1719     5.6546     8.0811     85.991    246.818    252.537   -0.00078    6.57583    9.39751  287.02540   14.86629 3.6382e-02     0.8699     0.6675    84.6300 0.0000e+00
        435 291.563130    0.03012     1.8070    108.417     30.286  47545.758    30.0665     9.5968     30.000     9.5941    23.1669     5.6612     8.0905     86.093    247.106    252.831    0.00038    6.57575    9.39741  287.02379   14.86623 3.6382e-02     0.8853     0.6793    84.3805 0.0000e+00
        440 291.563144    0.03047     1.8279    109.673     31.294  47544.691    30.0654     9.5975     31.000     9.5952    23.1660     5.6589     8.0871     86.058    247.005    252.727   -0.00006    6.57570    9.39733  287.02155   14.86613 3.6382e-02     0.9305     0.6853    84.2527 0.0000e+00
        445 291.563160    0.03082     1.8494    110.964     32.304  47569.858    30.0834     9.6034     32.000     9.6025    23.1792     5.6639     8.0943     86.155    247.219    252.950    0.00051    6.57408    9.39502  286.94732   14.86251 3.6382e-02     0.9362     0.6856    84.2482 0.0000e+00
        450 291.563174    0.03117     1.8703    112.218     33.315  47586.699    30.0950     9.6049     33.000     9.5983    23.1879     5.6653     8.0964     86.186    247.279    253.013    0.00082    6.57338    9.39401  286.91396   14.86087 3.6382e-02     0.9023     0.6193    85.6567 0.0000e+00
        455 291.563188    0.03151     1.8904    113.426     34.322  47599.064    30.1021     9.5962     34.000     9.5880    23.1949     5.6482     8.0717     85.912    246.527    252.246   -0.00212    6.57434    9.39538  286.95415   14.86276 3.6382e-02     0.8316     0.5862    86.3682 0.0000e+00
        460 291.563203    0.03189     1.9132    114.790     35.334  47607.391    30.1056     9.5803     35.000     9.5684    23.2000     5.6450     8.0672     85.836    246.390    252.105   -0.00220    6.57651    9.39849  287.04735   14.86720 3.6382e-02     0.8569     0.5654    86.8186 0.0000e+00
        466 291.563219    0.03225     1.9354    116.125     36.344  47595.473    30.0922     9.5449     36.000     9.5193    23.1952     5.6465     8.0695     85.785    246.457    252.174   -0.00144    6.58223    9.40666  287.29844   14.87926 3.6382e-02     0.8098     0.5424    87.3199 0.0000e+00
        470 291.563233    0.03259     1.9554    117.325     37.354  47638.300    30.1179     9.5144     37.000     9.5094    23.2201     5.6426     8.0638     85.680    246.278    251.996   -0.00242    6.58558    9.41145  287.43771   14.88581 3.6382e-02     0.8924     0.5174    87.8674 0.0000e+00
        475 291.563246    0.03290     1.9738    118.428     38.362  47636.773    30.1157     9.5083     38.000     9.5009    23.2192     5.6597     8.0882     85.928    247.026    252.762    0.00074    6.58657    9.41287  287.48105   14.88790 3.6382e-02     0.8663     0.5054    88.1315 0.0000e+00
        479 291.563259    0.03322     1.9935    119.613     39.369  47641.261    30.1177     9.5026     39.000     9.4979    23.2217     5.6668     8.0984     86.025    247.333    253.077    0.00139    6.58731    9.41392  287.51259   14.88940 3.6382e-02     0.8246     0.5075    88.0841 0.0000e+00
        485 291.563276    0.03364     2.0182    121.095     40.382  47643.034    30.1183     9.5006     40.000     9.4922    23.2225     5.6696     8.1025     86.066    247.458    253.206    0.00100    6.58757    9.41430  287.52395   14.88993 3.6382e-02     0.8535     0.4977    88.3011 0.0000e+00
        491 291.563293    0.03404     2.0422    122.533     41.395  47709.863    30.1610     9.4725     41.000     9.4407    23.2602     5.6638     8.0941     85.947    247.195    252.945   -0.00040    6.58985    9.41756  287.61302   14.89401 3.6382e-02     0.8362     0.4949    88.3621 0.0000e+00
        496 291.563306    0.03436     2.0614    123.685     42.402  48096.006    30.4232     9.4111     42.000     9.4040    23.4744     5.6524     8.0779     85.802    246.647    252.437   -0.00198    6.58770    9.41448  287.45852   14.88556 3.6382e-02     0.8078     0.4744    88.8172 0.0000e+00
        500 291.563320    0.03466     2.0799    124.796     43.407  48332.502    30.5903     9.4240     43.000     9.4339    23.6029     5.6627     8.0925     86.075    247.063    252.894    0.00086    6.57874    9.40168  287.03189   14.86448 3.6382e-02     0.8487     0.4352    89.6909 0.0000e+00
        506 291.563335    0.03504     2.1021    126.126     44.418  48446.558    30.6759     9.4698     44.000     9.4935    23.6627     5.6485     8.0722     85.993    246.428    252.259    0.00019    6.56845    9.38699  286.56643   14.84189 3.6382e-02     1.1102     0.4536    89.2799 0.0000e+00
        511 291.563352    0.03545     2.1266    127.599     45.431  48631.107    30.8168     9.5591     45.000     9.5710    23.7587     5.6029     8.0071     85.546    244.417    250.225   -0.00379    6.54957    9.35999  285.71562   14.80064 3.6382e-02     1.0204     0.5712    86.7009 0.0000e+00
        517 291.563367    0.03581     2.1485    128.912     46.441  48692.541    30.8624     9.5815     46.000     9.5695    23.7908     5.5148     7.8812     84.268    240.569    246.293   -0.01314    6.54440    9.35261  285.48118   14.78923 3.6382e-02     0.9815     0.7355    83.2033 0.0000e+00
        521 291.563381    0.03614     2.1682    130.093     47.447  48865.780    30.9809     9.5591     47.000     9.5414    23.8868     5.4250     7.7528     82.917    236.627    242.279   -0.02139    6.54265    9.35010  285.37807   14.78383 3.6382e-02     0.9027     0.7893    82.0910 0.0000e+00
        526 291.563395    0.03649     2.1893    131.360     48.457  48993.480    31.0673     9.5369     48.000     9.5290    23.9578     5.3780     7.6857     82.204    234.562    240.181   -0.01933    6.54222    9.34949  285.33949   14.78163 3.6382e-02     0.7760     0.8305    81.2518 0.0000e+00
        532 291.563412    0.03688     2.2129    132.773     49.469  49018.059    31.0835     9.5319     49.000     9.5258    23.9713     5.3263     7.6117     81.412    232.300    237.868   -0.01802    6.54227    9.34956  285.33798   14.78149 3.6382e-02     0.9227     0.8553    80.7505 0.0000e+00
        538 291.563428    0.03726     2.2360    134.157     50.478  49023.705    31.0868     9.5303     50.000     9.5248    23.9742     5.3250     7.6099     81.393    232.245    237.813   -0.01082    6.54235    9.34966  285.34043   14.78160 3.6382e-02     0.6902     0.8942    79.9680 0.0000e+00
        543 291.563444    0.03765     2.2588    135.529     51.473  49024.271    31.0867     9.5300     51.000     9.5245    23.9742     5.3308     7.6183     81.481    232.501    238.075   -0.00545    6.54240    9.34975  285.34284   14.78171 3.6382e-02     0.7525     0.9155    79.5430 0.0000e+00
