CTD-processing/allCTD/CNV/2014_05-28_t9_s04_cast047_5028.cnv
* Sea-Bird SBE19plus Data File:
* FileName = C:\Users\kris.holderied\Documents\kasitsna\Research-Projects-and-Data\Oceanography-AK\CTD-Data-ALL-to-2014-03\2014-CTD-KachemakBay-CookInlet\2014-05-28-CookInlet-HomerSpit-monthly\2014-05-28-CookInlet_T9_HomerSpit-cast047.hex
* Software Version 1.59
* Temperature SN =  5028
* Conductivity SN =  5028
* System UpLoad Time = Jul 21 2014 00:14:57
** Cook Inlet LTM Transect 9  (Homer Spit) South to North
** Date: 2014-05-28
** Station: 9-04
** Start time: 16:10
** Depth (m): 97.5
** Comment:  CTD time is Alaska Daylight time
** Comment:
# nquan = 27
# nvalues = 95                          
# units = specified
# name 0 = scan: Scan Count
# name 1 = timeJ: Julian Days
# name 2 = timeH: Time, Elapsed [hours]
# name 3 = timeM: Time, Elapsed [minutes]
# name 4 = timeS: Time, Elapsed [seconds]
# name 5 = prdM: Pressure, Strain Gauge [db]
# name 6 = specc: Specific Conductance [uS/cm]
# name 7 = sal00: Salinity, Practical [PSU]
# name 8 = tv290C: Temperature [ITS-90, deg C]
# name 9 = depSM: Depth [salt water, m], lat = 59.00
# name 10 = potemp090C: Potential Temperature [ITS-90, deg C]
# name 11 = sigma-é00: Density [sigma-theta, kg/m^3]
# name 12 = sbeox0ML/L: Oxygen, SBE 43 [ml/l]
# name 13 = sbeox0Mg/L: Oxygen, SBE 43 [mg/l]
# name 14 = sbeox0PS: Oxygen, SBE 43 [% saturation]
# name 15 = sbox0Mm/Kg: Oxygen, SBE 43 [umol/kg]
# name 16 = sbeox0Mm/L: Oxygen, SBE 43 [umol/l]
# name 17 = sbox0dV/dT: Oxygen, SBE 43 [dov/dt]
# name 18 = oxsolML/L: Oxygen Saturation, Garcia & Gordon [ml/l]
# name 19 = oxsolMg/L: Oxygen Saturation, Garcia & Gordon [mg/l]
# name 20 = oxsolMm/Kg: Oxygen Saturation, Garcia & Gordon [umol/kg]
# name 21 = potemp090C: Potential Temperature [ITS-90, deg C]
# name 22 = n2satMg/L: Nitrogen Saturation [mg/l]
# name 23 = par: PAR/Irradiance, Biospherical/Licor
# name 24 = flECO-AFL: Fluorescence, WET Labs ECO-AFL/FL [mg/m^3]
# name 25 = turbWETntu0: Turbidity, WET Labs ECO [NTU]
# name 26 = flag: flag
# span 0 =        376,        701       
# span 1 = 148.674709, 148.675648       
# span 2 =    0.02606,    0.04861       
# span 3 =     1.5638,     2.9169       
# span 4 =     93.826,    175.014       
# span 5 =      1.009,     95.919       
# span 6 =  48671.743,  51132.314       
# span 7 =    30.7667,    31.8530       
# span 8 =     5.4580,     8.8387       
# span 9 =      1.000,     95.000       
# span 10 =     5.4502,     8.7973      
# span 11 =    23.8295,    25.1295      
# span 12 =     7.0873,     7.9780      
# span 13 =    10.1285,    11.4014      
# span 14 =     99.164,    119.836      
# span 15 =    308.767,    348.006      
# span 16 =    316.518,    356.298      
# span 17 =   -0.02653,    0.00235      
# span 18 =    6.65736,    7.14705      
# span 19 =    9.51403,   10.21384      
# span 20 =  290.39755,  311.37069      
# span 21 =     5.4508,     8.8387      
# span 22 =   15.02460,   16.02069      
# span 23 = 4.5183e-02, 1.1740e+02      
# span 24 =     0.2399,     3.0766      
# span 25 =     0.5590,     1.3736      
# span 26 = 0.0000e+00, 0.0000e+00      
# interval = meters: 1                  
# start_time = May 28 2014 16:10:01 [Instrument's time stamp, header]
# bad_flag = -9.990e-29
*END*
        376 148.674709    0.02606     1.5638     93.826      1.009  48671.743    30.7667     8.8387      1.000     8.7973    23.8295     7.9780    11.4014    119.836    348.006    356.298    0.00235    6.65736    9.51403  290.39755     8.8387   15.02460 1.1740e+02     2.2483     0.9228 0.0000e+00
        381 148.674723    0.02640     1.5841     95.046      2.019  48751.856    30.7876     8.5988      2.000     8.4400    23.8812     7.9496    11.3608    118.790    346.749    355.030   -0.00126    6.69251    9.56427  291.91616     8.5987   15.09706 7.5854e+01     2.5565     0.9039 0.0000e+00
        385 148.674734    0.02666     1.5993     95.958      3.029  48964.016    30.8921     8.3030      3.000     8.1510    24.0059     7.8551    11.2257    116.680    342.584    350.808   -0.00799    6.73270    9.62169  293.63290     8.3028   15.17862 5.2504e+01     2.8492     0.8748 0.0000e+00
        388 148.674743    0.02690     1.6136     96.818      4.038  49147.925    30.9815     8.0481      4.000     7.8933    24.1126     7.7280    11.0442    114.198    337.008    345.134   -0.01542    6.76767    9.67168  295.12778     8.0477   15.24963 3.9370e+01     3.0766     0.9046 0.0000e+00
        392 148.674753    0.02713     1.6278     97.668      5.047  49319.016    31.0542     7.7550      5.000     7.5601    24.2106     7.6479    10.9295    112.316    333.480    341.553   -0.01925    6.80976    9.73183  296.93452     7.7545   15.33557 3.1396e+01     2.9828     0.9439 0.0000e+00
        395 148.674763    0.02737     1.6420     98.520      6.057  49637.332    31.2267     7.4510      6.000     7.3651    24.3877     7.5297    10.7606    109.939    328.269    336.274   -0.02386    6.84938    9.78846  298.61095     7.4505   15.41487 2.5202e+01     2.7268     0.9459 0.0000e+00
        398 148.674773    0.02760     1.6559     99.353      7.066  49773.980    31.3039     7.3437      7.000     7.3216    24.4630     7.4231    10.6084    108.169    323.601    331.517   -0.02653    6.86271    9.80751  299.17025     7.3431   15.44124 2.0238e+01     2.6561     1.0497 0.0000e+00
        402 148.674782    0.02784     1.6700    100.200      8.075  49808.502    31.3229     7.3163      8.000     7.3108    24.4817     7.4165    10.5989    108.015    323.304    331.219   -0.02331    6.86616    9.81243  299.31481     7.3156   15.44806 1.6173e+01     2.5654     0.9652 0.0000e+00
        405 148.674793    0.02807     1.6841    101.048      9.085  49813.599    31.3249     7.3093      9.000     7.3065    24.4842     7.4679    10.6724    108.748    325.544    333.515   -0.01747    6.86717    9.81387  299.35826     7.3085   15.45012 1.2776e+01     2.5101     0.8549 0.0000e+00
        408 148.674801    0.02829     1.6975    101.851     10.095  49814.279    31.3244     7.3067     10.000     7.3029    24.4842     7.5449    10.7824    109.862    328.901    336.954   -0.01149    6.86761    9.81450  299.37749     7.3057   15.45104 1.0145e+01     2.5372     0.9237 0.0000e+00
        412 148.674811    0.02852     1.7115    102.691     11.104  49810.683    31.3203     7.2997     11.000     7.2832    24.4819     7.6317    10.9065    111.105    332.686    340.831   -0.00570    6.86889    9.81633  299.43378     7.2987   15.45374 8.0524e+00     2.5018     1.0098 0.0000e+00
        415 148.674821    0.02877     1.7261    103.567     12.113  49803.420    31.3085     7.2631     12.000     7.1961    24.4775     7.6910    10.9913    111.866    335.275    343.482   -0.00213    6.87522    9.82538  299.71103     7.2620   15.46702 6.3629e+00     2.3394     0.8946 0.0000e+00
        419 148.674831    0.02900     1.7398    104.387     13.123  49874.799    31.3354     7.1330     13.000     7.0303    24.5159     7.6868    10.9852    111.491    335.076    343.291   -0.00288    6.89465    9.85314  300.54659     7.1319   15.50677 5.0885e+00     2.2477     0.8079 0.0000e+00
        422 148.674840    0.02922     1.7532    105.191     14.132  50016.789    31.4053     6.9695     14.000     6.8728    24.5923     7.6416    10.9207    110.471    333.085    341.277   -0.00578    6.91752    9.88583  301.52129     6.9683   15.55297 4.1140e+00     2.0980     0.7461 0.0000e+00
        425 148.674850    0.02944     1.7669    106.013     15.142  50166.727    31.4822     6.8173     15.000     6.7433    24.6726     7.5852    10.8401    109.325    330.600    338.757   -0.00875    6.93837    9.91563  302.40656     6.8161   15.59487 3.3428e+00     1.8559     0.6896 0.0000e+00
        428 148.674859    0.02968     1.7809    106.855     16.152  50276.661    31.5383     6.7067     16.000     6.6566    24.7310     7.5457    10.7835    108.515    328.856    336.989   -0.01022    6.95362    9.93741  303.05359     6.7053   15.62549 2.7447e+00     1.6408     0.6479 0.0000e+00
        432 148.674869    0.02992     1.7951    107.704     17.161  50336.663    31.5651     6.6274     17.000     6.5826    24.7622     7.5395    10.7748    108.246    328.580    336.716   -0.00972    6.96519    9.95396  303.54891     6.6260   15.64900 2.2504e+00     1.5940     0.6361 0.0000e+00
        435 148.674879    0.03015     1.8087    108.524     18.171  50391.523    31.5898     6.5567     18.000     6.5147    24.7906     7.5579    10.8009    108.348    329.368    337.534   -0.00809    6.97550    9.96869  303.98992     6.5552   15.66993 1.8456e+00     1.5710     0.6474 0.0000e+00
        438 148.674888    0.03038     1.8224    109.346     19.180  50466.625    31.6300     6.4947     19.000     6.4668    24.8301     7.5743    10.8245    108.457    330.074    338.270   -0.00659    6.98372    9.98043  304.33613     6.4931   15.68627 1.5291e+00     1.4702     0.6555 0.0000e+00
        442 148.674899    0.03061     1.8369    110.212     20.190  50524.000    31.6620     6.4555     20.000     6.4427    24.8603     7.5694    10.8175    108.310    329.850    338.050   -0.00608    6.98862    9.98744  304.54081     6.4538   15.69589 1.2700e+00     1.3817     0.6589 0.0000e+00
        445 148.674908    0.03084     1.8508    111.047     21.200  50549.659    31.6762     6.4386     21.000     6.4306    24.8736     7.5661    10.8128    108.231    329.703    337.904   -0.00557    6.99073    9.99045  304.62870     6.4368   15.70003 1.0543e+00     1.3344     0.6612 0.0000e+00
        448 148.674917    0.03106     1.8638    111.826     22.209  50561.172    31.6820     6.4297     22.000     6.4240    24.8793     7.5800    10.8326    108.410    330.304    338.522   -0.00431    6.99191    9.99214  304.67842     6.4278   15.70237 8.7975e-01     1.3151     0.6470 0.0000e+00
        452 148.674927    0.03129     1.8776    112.654     23.218  50567.208    31.6848     6.4245     23.000     6.4213    24.8822     7.6014    10.8631    108.706    331.236    339.478   -0.00285    6.99262    9.99315  304.70850     6.4225   15.70380 7.3938e-01     1.3290     0.6026 0.0000e+00
        455 148.674936    0.03152     1.8914    113.482     24.228  50571.039    31.6868     6.4234     24.000     6.4229    24.8839     7.6245    10.8962    109.035    332.242    340.509   -0.00144    6.99271    9.99328  304.71194     6.4214   15.70395 6.1853e-01     1.3356     0.6128 0.0000e+00
        458 148.674946    0.03175     1.9049    114.293     25.238  50574.284    31.6892     6.4268     25.000     6.4280    24.8853     7.6428    10.9224    109.307    333.039    341.327   -0.00040    6.99205    9.99234  304.68264     6.4247   15.70255 5.1791e-01     1.3472     0.5979 0.0000e+00
        462 148.674956    0.03199     1.9193    115.156     26.247  50570.603    31.6870     6.4312     26.000     6.4289    24.8831     7.6574    10.9432    109.526    333.678    341.980    0.00031    6.99142    9.99144  304.65620     6.4291   15.70129 4.3653e-01     1.3726     0.5736 0.0000e+00
        465 148.674965    0.03221     1.9328    115.968     27.257  50570.754    31.6864     6.4302     27.000     6.4262    24.8827     7.6651    10.9542    109.633    334.013    342.324    0.00059    6.99162    9.99173  304.66505     6.4279   15.70172 3.6784e-01     1.4123     0.5855 0.0000e+00
        468 148.674974    0.03243     1.9461    116.765     28.266  50575.789    31.6890     6.4276     28.000     6.4241    24.8851     7.6663    10.9559    109.645    334.062    342.375    0.00051    6.99192    9.99214  304.67690     6.4253   15.70227 3.1122e-01     1.4545     0.5885 0.0000e+00
        471 148.674984    0.03267     1.9599    117.595     29.276  50579.827    31.6908     6.4256     29.000     6.4222    24.8869     7.6668    10.9566    109.648    334.082    342.396    0.00039    6.99215    9.99247  304.68663     6.4232   15.70273 2.6500e-01     1.3637     0.5921 0.0000e+00
        475 148.674993    0.03289     1.9733    118.400     30.286  50582.596    31.6921     6.4242     30.000     6.4195    24.8880     7.6687    10.9593    109.673    334.166    342.483    0.00037    6.99233    9.99274  304.69428     6.4217   15.70309 2.2640e-01     1.2763     0.5872 0.0000e+00
        478 148.675003    0.03312     1.9871    119.227     31.295  50585.823    31.6931     6.4203     31.000     6.4143    24.8893     7.6673    10.9575    109.645    334.110    342.425    0.00020    6.99292    9.99359  304.71970     6.4176   15.70430 1.9409e-01     1.2490     0.5699 0.0000e+00
        481 148.675013    0.03336     2.0015    120.089     32.304  50590.155    31.6945     6.4145     32.000     6.4083    24.8912     7.6645    10.9534    109.591    333.985    342.298   -0.00005    6.99379    9.99483  304.75706     6.4118   15.70607 1.6782e-01     1.2511     0.5590 0.0000e+00
        485 148.675022    0.03359     2.0154    120.925     33.314  50592.305    31.6944     6.4085     33.000     6.4005    24.8919     7.6596    10.9463    109.504    333.768    342.076   -0.00033    6.99478    9.99624  304.79984     6.4057   15.70811 1.4597e-01     1.2313     0.5777 0.0000e+00
        488 148.675032    0.03382     2.0290    121.738     34.324  50595.237    31.6942     6.3991     34.000     6.3875    24.8929     7.6465    10.9277    109.293    333.200    341.495   -0.00097    6.99633    9.99845  304.86702     6.3962   15.71131 1.2802e-01     1.2454     0.6009 0.0000e+00
        491 148.675041    0.03404     2.0425    122.550     35.333  50604.731    31.6976     6.3847     35.000     6.3732    24.8974     7.6341    10.9099    109.082    332.658    340.940   -0.00159    6.99852   10.00158  304.96093     6.3818   15.71577 1.1313e-01     1.2271     0.6017 0.0000e+00
        495 148.675051    0.03428     2.0566    123.398     36.343  50611.134    31.6988     6.3699     36.000     6.3526    24.9001     7.6330    10.9083    109.029    332.608    340.890   -0.00159    7.00089   10.00497  305.06371     6.3669   15.72067 1.0120e-01     1.2130     0.5908 0.0000e+00
        498 148.675061    0.03451     2.0709    124.256     37.353  50605.187    31.6883     6.3389     37.000     6.2965    24.8956     7.6318    10.9066    108.926    332.556    340.835   -0.00167    7.00646   10.01292  305.30745     6.3358   15.73233 9.1347e-02     1.2012     0.5859 0.0000e+00
        501 148.675071    0.03475     2.0851    125.108     38.362  50610.532    31.6763     6.2593     38.000     6.1902    24.8960     7.6090    10.8739    108.391    331.562    339.816   -0.00303    7.02006   10.03236  305.90003     6.2562   15.76063 8.3427e-02     1.1346     0.5949 0.0000e+00
        505 148.675081    0.03499     2.0994    125.963     39.372  50660.322    31.6882     6.1440     39.000     6.0836    24.9195     7.5535    10.7947    107.320    329.139    337.340   -0.00588    7.03848   10.05870  306.69598     6.1408   15.79852 7.6992e-02     1.0144     0.6299 0.0000e+00
        508 148.675091    0.03522     2.1133    126.798     40.382  50740.354    31.7262     6.0566     40.000     6.0275    24.9601     7.4793    10.6886    106.073    325.891    334.025   -0.00903    7.05113   10.07677  307.23480     6.0534   15.82403 7.1644e-02     0.8997     0.7083 0.0000e+00
        512 148.675100    0.03546     2.1276    127.658     41.391  50775.675    31.7429     6.0190     41.000     6.0005    24.9778     7.4251    10.6112    105.223    323.526    331.607   -0.01048    7.05657   10.08453  307.46616     6.0158   15.83499 6.7243e-02     0.8195     0.7237 0.0000e+00
        515 148.675111    0.03571     2.1427    128.562     42.401  50787.229    31.7447     5.9902     42.000     5.9681    24.9827     7.3913    10.5629    104.674    322.047    330.093   -0.01060    7.06126   10.09125  307.66945     5.9868   15.84467 6.3587e-02     0.7851     0.7240 0.0000e+00
        519 148.675121    0.03595     2.1574    129.443     43.410  50808.589    31.7526     5.9573     43.000     5.9392    24.9928     7.3573    10.5143    104.118    320.565    328.577   -0.01076    7.06636   10.09853  307.88855     5.9539   15.85508 6.0592e-02     0.7394     0.7477 0.0000e+00
        522 148.675131    0.03620     2.1722    130.329     44.420  50832.551    31.7642     5.9352     44.000     5.9252    25.0048     7.3329    10.4794    103.726    319.498    327.486   -0.01046    7.06948   10.10299  308.02106     5.9317   15.86135 5.8145e-02     0.7037     0.7820 0.0000e+00
        526 148.675142    0.03645     2.1871    131.224     45.429  50842.496    31.7686     5.9252     45.000     5.9181    25.0095     7.3295    10.4746    103.657    319.350    327.337   -0.00916    7.07093   10.10507  308.08293     5.9216   15.86428 5.6085e-02     0.6868     0.7832 0.0000e+00
        529 148.675151    0.03669     2.2013    132.075     46.439  50847.548    31.7706     5.9195     46.000     5.9110    25.0116     7.3304    10.4759    103.658    319.388    327.377   -0.00783    7.07179   10.10630  308.11970     5.9158   15.86602 5.4363e-02     0.6624     0.7495 0.0000e+00
        533 148.675161    0.03692     2.2156    132.938     47.448  50845.546    31.7664     5.9080     47.000     5.8925    25.0097     7.3227    10.4648    103.516    319.050    327.030   -0.00714    7.07391   10.10932  308.21253     5.9042   15.87046 5.2968e-02     0.6383     0.7617 0.0000e+00
        536 148.675172    0.03717     2.2302    133.814     48.458  50854.392    31.7678     5.8869     48.000     5.8724    25.0134     7.3101    10.4469    103.290    318.504    326.471   -0.00681    7.07736   10.11426  308.36182     5.8830   15.87757 5.1834e-02     0.6099     0.7822 0.0000e+00
        540 148.675181    0.03740     2.2442    134.653     49.468  50868.424    31.7739     5.8714     49.000     5.8618    25.0201     7.3031    10.4369    103.157    318.195    326.157   -0.00633    7.07966   10.11753  308.45959     5.8675   15.88220 5.0916e-02     0.5600     0.7805 0.0000e+00
        543 148.675191    0.03764     2.2584    135.504     50.478  50877.280    31.7780     5.8628     50.000     5.8553    25.0242     7.3045    10.4389    103.158    318.255    326.219   -0.00547    7.08089   10.11930  308.51225     5.8589   15.88469 5.0160e-02     0.5281     0.7825 0.0000e+00
        546 148.675201    0.03788     2.2727    136.362     51.488  50883.412    31.7804     5.8566     51.000     5.8484    25.0269     7.3041    10.4382    103.138    318.235    326.199   -0.00476    7.08182   10.12063  308.55189     5.8526   15.88657 4.9541e-02     0.5232     0.8016 0.0000e+00
        550 148.675211    0.03811     2.2869    137.216     52.497  50890.926    31.7838     5.8498     52.000     5.8423    25.0304     7.2961    10.4268    103.010    317.884    325.841   -0.00448    7.08280   10.12203  308.59383     5.8456   15.88855 4.9009e-02     0.5042     0.8132 0.0000e+00
        553 148.675221    0.03836     2.3015    138.093     53.507  50895.058    31.7850     5.8442     53.000     5.8363    25.0320     7.2861    10.4125    102.858    317.449    325.396   -0.00434    7.08367   10.12328  308.63132     5.8400   15.89034 4.8510e-02     0.5239     0.8188 0.0000e+00
