CTD-processing/allCTD/CNV/2014_12-17_t9_s09_cast164_4141.cnv
* Sea-Bird SBE19plus Data File:
* FileName = C:\Users\kris.holderied\Documents\kasitsna\Research-Projects-and-Data\Oceanography-AK\CTD-Data-ALL-to-2014-10\2014-CTD-KachemakBay-CookInlet\2014-12-17-CookInlet-HomerSpit-monthly\2014-12-17-CookInlet-Tran9-cast164.hex
* Software Version 1.59
* Temperature SN =  4141
* Conductivity SN =  4141
* System UpLoad Time = Jan 16 2015 13:03:13
** Cook Inlet LTM Tran9 (Homer Spit) North to South
** Date: 12-17
** Station: 9-09
** Start time:  11:29
** Depth (m): 81.4
** Comment:  CTD time is local time (AKST).
** Comment: On Kasitsna Bay Lab R/V Banacle.
# nquan = 27
# nvalues = 71                          
# units = specified
# name 0 = scan: Scan Count
# name 1 = timeJ: Julian Days
# name 2 = timeH: Time, Elapsed [hours]
# name 3 = timeM: Time, Elapsed [minutes]
# name 4 = timeS: Time, Elapsed [seconds]
# name 5 = prdM: Pressure, Strain Gauge [db]
# name 6 = specc: Specific Conductance [uS/cm]
# name 7 = sal00: Salinity, Practical [PSU]
# name 8 = tv290C: Temperature [ITS-90, deg C]
# name 9 = depSM: Depth [salt water, m], lat = 59.00
# name 10 = potemp090C: Potential Temperature [ITS-90, deg C]
# name 11 = sigma-é00: Density [sigma-theta, kg/m^3]
# name 12 = sbeox0ML/L: Oxygen, SBE 43 [ml/l]
# name 13 = sbeox0Mg/L: Oxygen, SBE 43 [mg/l]
# name 14 = sbeox0PS: Oxygen, SBE 43 [% saturation]
# name 15 = sbox0Mm/Kg: Oxygen, SBE 43 [umol/kg]
# name 16 = sbeox0Mm/L: Oxygen, SBE 43 [umol/l]
# name 17 = sbox0dV/dT: Oxygen, SBE 43 [dov/dt]
# name 18 = oxsolML/L: Oxygen Saturation, Garcia & Gordon [ml/l]
# name 19 = oxsolMg/L: Oxygen Saturation, Garcia & Gordon [mg/l]
# name 20 = oxsolMm/Kg: Oxygen Saturation, Garcia & Gordon [umol/kg]
# name 21 = n2satMg/L: Nitrogen Saturation [mg/l]
# name 22 = par: PAR/Irradiance, Biospherical/Licor
# name 23 = wetStar: Fluorescence, WET Labs WETstar [mg/m^3]
# name 24 = CStarAt0: Beam Attenuation, WET Labs C-Star [1/m]
# name 25 = CStarTr0: Beam Transmission, WET Labs C-Star [%]
# name 26 = flag: flag
# span 0 =        170,        606       
# span 1 = 351.478916, 351.480176       
# span 2 =    0.01176,    0.04199       
# span 3 =     0.7053,     2.5197       
# span 4 =     42.321,    151.181       
# span 5 =      1.009,     71.660       
# span 6 =  47076.548,  49096.399       
# span 7 =    29.1372,    30.9250       
# span 8 =     5.5893,     8.0986       
# span 9 =      1.000,     71.000       
# span 10 =     5.6180,     8.0920      
# span 11 =    22.9689,    24.0675      
# span 12 =     5.7059,     6.2459      
# span 13 =     8.1544,     8.9260      
# span 14 =     84.128,     86.553      
# span 15 =    248.844,    272.680      
# span 16 =    254.828,    278.941      
# span 17 =   -0.01304,    0.00644      
# span 18 =    6.76233,    7.25317      
# span 19 =    9.66405,   10.36551      
# span 20 =  294.90986,  316.65331      
# span 21 =   15.23948,   16.28324      
# span 22 = 3.6380e-02, 2.5453e+01      
# span 23 =     0.2060,     0.4638      
# span 24 =     0.4862,     1.2577      
# span 25 =    73.0214,    88.5548      
# span 26 = 0.0000e+00, 0.0000e+00      
# interval = meters: 1                  
# start_time = Dec 17 2014 11:28:56 [Instrument's time stamp, header]
# bad_flag = -9.990e-29
*END*
        170 351.478916    0.01176     0.7053     42.321      1.009  47076.548    29.1372     5.5893      1.000     5.6180    22.9689     6.2459     8.9260     86.105    272.680    278.941   -0.00522    7.25317   10.36551  316.65331   16.28324 2.5453e+01     0.3018     1.1024    76.0903 0.0000e+00
        328 351.479371    0.02269     1.3611     81.669      2.018  47940.097    29.7568     5.7465      2.000     5.7701    23.4409     6.1682     8.8150     85.713    269.165    275.475    0.00245    7.19641   10.28439  314.03062   16.15583 1.4137e+01     0.4246     1.1984    74.1219 0.0000e+00
        341 351.479410    0.02362     1.4171     85.026      3.030  48040.764    29.8356     5.8018      3.000     5.8547    23.4970     6.1446     8.7812     85.541    268.117    274.417    0.00007    7.18321   10.26553  313.43728   16.12725 1.0148e+01     0.4188     1.2524    73.1169 0.0000e+00
        348 351.479430    0.02411     1.4462     86.775      4.040  48632.670    30.3120     6.1833      4.000     6.4024    23.8286     6.1147     8.7385     86.166    266.727    273.083    0.00456    7.09653   10.14166  309.55521   15.94039 7.7556e+00     0.4111     1.2577    73.0214 0.0000e+00
        354 351.479446    0.02449     1.4694     88.165      5.048  48680.562    30.4519     6.7919      5.000     6.8747    23.8646     6.0498     8.6459     86.553    263.889    270.187    0.00644    6.98983    9.98916  304.88965   15.71749 5.7768e+00     0.3825     1.0651    76.6400 0.0000e+00
        359 351.479461    0.02484     1.4905     89.432      6.057  48560.307    30.3880     6.9055      6.000     6.9021    23.8000     5.9427     8.4927     85.209    259.230    265.399   -0.00703    6.97424    9.96689  304.22896   15.68627 4.6639e+00     0.3338     0.9379    79.1007 0.0000e+00
        364 351.479475    0.02518     1.5108     90.645      7.068  48625.740    30.4337     6.9110      7.000     6.9250    23.8354     5.8833     8.4079     84.394    256.633    262.750   -0.01304    6.97125    9.96262  304.08807   15.67936 3.6630e+00     0.3052     0.9116    79.6208 0.0000e+00
        368 351.479489    0.02551     1.5306     91.839      8.074  48615.840    30.4308     6.9365      8.000     6.9380    23.8298     5.9054     8.4395     84.760    257.601    263.739   -0.00510    6.96727    9.95693  303.91613   15.67117 2.9018e+00     0.4638     0.8924    80.0044 0.0000e+00
        374 351.479505    0.02590     1.5544     93.264      9.082  48641.020    30.4499     6.9493      9.000     6.9596    23.8432     5.9076     8.4426     84.827    257.690    263.834   -0.00240    6.96432    9.95271  303.78334   15.66477 2.3621e+00     0.3235     0.8806    80.2409 0.0000e+00
        381 351.479524    0.02636     1.5814     94.887     10.094  48690.166    30.4923     7.0013     10.000     7.0184    23.8699     5.9007     8.4327     84.854    257.382    263.526   -0.00115    6.95400    9.93797  303.32546   15.64276 1.9047e+00     0.2950     0.8559    80.7362 0.0000e+00
        386 351.479541    0.02676     1.6052     96.313     11.107  48677.392    30.4889     7.0363     11.000     7.0387    23.8627     5.8944     8.4237     84.830    257.109    263.244   -0.00089    6.94854    9.93015  303.08913   15.63150 1.5198e+00     0.2894     0.8435    80.9875 0.0000e+00
        392 351.479557    0.02713     1.6283     97.695     12.111  48684.039    30.4943     7.0441     12.000     7.0467    23.8660     5.8848     8.4100     84.710    256.691    262.817   -0.00160    6.94703    9.92800  303.02235   15.62829 1.2099e+00     0.2840     0.8421    81.0160 0.0000e+00
        398 351.479575    0.02758     1.6549     99.293     13.125  48698.559    30.5067     7.0605     13.000     7.0666    23.8736     5.8708     8.3900     84.548    256.078    262.192   -0.00232    6.94383    9.92343  302.88072   15.62149 9.5888e-01     0.2791     0.8322    81.2180 0.0000e+00
        404 351.479591    0.02796     1.6772    100.632     14.137  48711.191    30.5182     7.0799     14.000     7.0880    23.8802     5.8707     8.3898     84.589    256.069    262.184   -0.00127    6.94020    9.91824  302.72025   15.61379 7.5805e-01     0.2907     0.8284    81.2945 0.0000e+00
        408 351.479604    0.02827     1.6963    101.775     15.139  48729.676    30.5345     7.1036     15.000     7.1176    23.8900     5.8747     8.3956     84.703    256.244    262.365    0.00016    6.93567    9.91176  302.51967   15.60416 5.8253e-01     0.2766     0.8231    81.4018 0.0000e+00
        413 351.479617    0.02859     1.7154    102.923     16.159  48750.632    30.5557     7.1464     16.000     7.1693    23.9011     5.8720     8.3917     84.760    256.124    262.246    0.00043    6.92785    9.90059  302.17536   15.58766 4.4279e-01     0.2752     0.8112    81.6432 0.0000e+00
        417 351.479629    0.02887     1.7324    103.943     17.156  48823.348    30.6172     7.2154     17.000     7.2778    23.9404     5.8698     8.3886     84.897    256.017    262.147    0.00132    6.91406    9.88088  301.56235   15.55817 3.3782e-01     0.2682     0.7970    81.9338 0.0000e+00
        422 351.479643    0.02921     1.7526    105.156     18.173  48866.086    30.6746     7.3864     18.000     7.4655    23.9629     5.8681     8.3861     85.239    255.936    262.070    0.00367    6.88432    9.83837  300.25843   15.49573 2.5796e-01     0.2860     0.7543    82.8125 0.0000e+00
        426 351.479656    0.02951     1.7712    106.271     19.185  48882.924    30.7146     7.5642     19.000     7.6370    23.9705     5.8558     8.3685     85.430    255.398    261.521    0.00423    6.85448    9.79573  298.95497   15.43339 1.9183e-01     0.2800     0.6770    84.4284 0.0000e+00
        430 351.479667    0.02978     1.7870    107.218     20.189  48814.775    30.6867     7.6893     20.000     7.7076    23.9316     5.8359     8.3402     85.369    254.542    260.633    0.00248    6.83616    9.76956  298.16710   15.39591 1.4629e-01     0.2734     0.6378    85.2602 0.0000e+00
        434 351.479678    0.03004     1.8025    108.150     21.203  48784.368    30.6683     7.7096     21.000     7.7133    23.9143     5.8172     8.3134     85.124    253.729    259.797   -0.00047    6.83382    9.76622  298.07040   15.39137 1.0787e-01     0.2512     0.6233    85.5714 0.0000e+00
        437 351.479688    0.03028     1.8167    108.999     22.208  48791.772    30.6747     7.7205     22.000     7.7244    23.9179     5.8000     8.2888     84.897    252.979    259.031   -0.00272    6.83182    9.76336  297.98212   15.38713 7.6163e-02     0.2651     0.6210    85.6207 0.0000e+00
        440 351.479697    0.03051     1.8307    109.841     23.217  48788.799    30.6734     7.7283     23.000     7.7298    23.9158     5.7940     8.2802     84.823    252.716    258.760   -0.00296    6.83068    9.76172  297.93271   15.38478 5.4376e-02     0.2525     0.6223    85.5915 0.0000e+00
        444 351.479708    0.03075     1.8451    110.709     24.228  48803.575    30.6846     7.7369     24.000     7.7469    23.9235     5.7912     8.2762     84.805    252.593    258.636   -0.00232    6.82884    9.75910  297.85056   15.38081 3.9377e-02     0.2535     0.6161    85.7247 0.0000e+00
        447 351.479717    0.03100     1.8599    111.591     25.238  48907.580    30.7634     7.7803     25.000     7.8403    23.9793     5.7844     8.2665     84.833    252.282    258.331   -0.00174    6.81857    9.74442  297.38622   15.35833 3.6465e-02     0.2517     0.5929    86.2241 0.0000e+00
        451 351.479727    0.03123     1.8741    112.444     26.248  48928.044    30.7944     7.8906     26.000     7.9336    23.9884     5.7902     8.2748     85.149    252.532    258.591    0.00123    6.80010    9.71802  296.57775   15.31962 3.6380e-02     0.2626     0.5490    87.1746 0.0000e+00
        454 351.479737    0.03147     1.8879    113.276     27.257  48884.865    30.7740     7.9557     27.000     7.9674    23.9633     5.7971     8.2847     85.365    252.841    258.900    0.00359    6.79093    9.70492  296.18529   15.30098 3.6382e-02     0.2475     0.5141    87.9391 0.0000e+00
        457 351.479746    0.03170     1.9020    114.119     28.262  48873.142    30.7683     7.9744     28.000     7.9752    23.9562     5.7868     8.2699     85.247    252.394    258.440    0.00149    6.78830    9.70116  296.07255   15.29562 3.6382e-02     0.2578     0.4995    88.2614 0.0000e+00
        461 351.479757    0.03195     1.9173    115.039     29.276  48872.243    30.7679     7.9787     29.000     7.9768    23.9553     5.7782     8.2577     85.129    252.020    258.058   -0.00025    6.78766    9.70023  296.04476   15.29428 3.6382e-02     0.2295     0.4897    88.4762 0.0000e+00
        465 351.479768    0.03221     1.9327    115.961     30.286  48876.202    30.7704     7.9801     30.000     7.9781    23.9571     5.7724     8.2494     85.048    251.767    257.798   -0.00110    6.78733    9.69976  296.02976   15.29356 3.6382e-02     0.2414     0.4862    88.5548 0.0000e+00
        468 351.479778    0.03245     1.9473    116.837     31.297  48893.014    30.7822     7.9835     31.000     7.9858    23.9659     5.7726     8.2497     85.063    251.773    257.806   -0.00088    6.78629    9.69829  295.98236   15.29125 3.6382e-02     0.2275     0.5025    88.1951 0.0000e+00
        472 351.479788    0.03269     1.9611    117.668     32.306  48906.892    30.7929     7.9932     32.000     7.9961    23.9730     5.7745     8.2523     85.115    251.851    257.889   -0.00022    6.78432    9.69547  295.89433   15.28700 3.6382e-02     0.2266     0.5289    87.6157 0.0000e+00
        475 351.479797    0.03291     1.9745    118.470     33.313  48911.365    30.7970     8.0020     33.000     8.0039    23.9749     5.7768     8.2557     85.169    251.952    257.993    0.00024    6.78277    9.69326  295.82612   15.28373 3.6382e-02     0.2253     0.5889    86.3108 0.0000e+00
        478 351.479806    0.03314     1.9880    119.283     34.326  48938.470    30.8170     8.0124     34.000     8.0186    23.9892     5.7794     8.2592     85.237    252.060    258.106    0.00074    6.78030    9.68972  295.71420   15.27831 3.6382e-02     0.2292     0.6338    85.3471 0.0000e+00
        481 351.479816    0.03335     2.0013    120.078     35.331  48927.213    30.8107     8.0249     35.000     8.0219    23.9825     5.7759     8.2544     85.207    251.910    257.952    0.00036    6.77865    9.68736  295.64387   15.27498 3.6382e-02     0.2168     0.5972    86.1311 0.0000e+00
        485 351.479825    0.03359     2.0152    120.913     36.344  48912.802    30.7991     8.0182     36.000     7.9971    23.9744     5.7712     8.2477     85.119    251.708    257.743   -0.00069    6.78018    9.68956  295.71343   15.27835 3.6382e-02     0.2165     0.6496    85.0134 0.0000e+00
        488 351.479835    0.03382     2.0290    121.738     37.350  48940.079    30.8131     7.9888     37.000     7.9787    23.9896     5.7654     8.2394     84.985    251.452    257.485   -0.00176    6.78410    9.69515  295.87970   15.28623 3.6382e-02     0.2095     0.7331    83.2550 0.0000e+00
        491 351.479845    0.03405     2.0430    122.579     38.363  48943.553    30.8139     7.9806     38.000     7.9682    23.9913     5.7578     8.2285     84.856    251.118    257.142   -0.00265    6.78533    9.69691  295.93304   15.28877 3.6382e-02     0.2222     0.7568    82.7639 0.0000e+00
        495 351.479854    0.03429     2.0569    123.416     39.372  48942.410    30.8095     7.9605     39.000     7.9443    23.9907     5.7496     8.2167     84.695    250.762    256.778   -0.00337    6.78861    9.70161  296.07633   15.29562 3.6382e-02     0.2188     0.7901    82.0786 0.0000e+00
        498 351.479864    0.03451     2.0707    124.243     40.381  48991.468    30.8411     7.9464     40.000     7.9512    24.0174     5.7394     8.2021     84.535    250.309    256.321   -0.00427    6.78940    9.70273  296.10279   15.29676 3.6382e-02     0.2121     0.8741    80.3721 0.0000e+00
        501 351.479874    0.03474     2.0848    125.089     41.390  48990.432    30.8421     7.9603     41.000     7.9612    24.0163     5.7304     8.1893     84.429    249.918    255.919   -0.00410    6.78721    9.69961  296.00792   15.29223 3.6382e-02     0.2176     0.9232    79.3902 0.0000e+00
        505 351.479883    0.03498     2.0989    125.933     42.402  48985.500    30.8392     7.9668     42.000     7.9637    24.0132     5.7195     8.1738     84.279    249.443    255.433   -0.00439    6.78633    9.69834  295.97012   15.29043 3.6382e-02     0.2186     0.9446    78.9666 0.0000e+00
        508 351.479893    0.03521     2.1123    126.741     43.409  48984.427    30.8382     7.9678     43.000     7.9634    24.0122     5.7129     8.1644     84.185    249.157    255.141   -0.00440    6.78622    9.69818  295.96557   15.29022 3.6382e-02     0.2135     0.9535    78.7900 0.0000e+00
        511 351.479903    0.03544     2.1262    127.573     44.421  48984.967    30.8379     7.9671     44.000     7.9623    24.0122     5.7129     8.1643     84.184    249.159    255.142   -0.00331    6.78634    9.69835  295.97090   15.29048 3.6382e-02     0.2116     0.9540    78.7811 0.0000e+00
        515 351.479912    0.03566     2.1400    128.400     45.430  49028.053    30.8681     7.9705     45.000     7.9812    24.0353     5.7076     8.1568     84.128    248.920    254.903   -0.00291    6.78448    9.69570  295.88310   15.28616 3.6382e-02     0.2161     0.9291    79.2742 0.0000e+00
        518 351.479922    0.03589     2.1537    129.219     46.438  49042.326    30.8820     7.9986     46.000     8.0073    24.0423     5.7059     8.1544     84.164    248.844    254.828   -0.00216    6.77953    9.68864  295.66561   15.27572 3.6382e-02     0.2179     0.8836    80.1814 0.0000e+00
        521 351.479931    0.03612     2.1673    130.038     47.452  49038.259    30.8817     8.0184     47.000     8.0206    24.0393     5.7140     8.1658     84.320    249.195    255.185   -0.00037    6.77652    9.68431  295.53465   15.26948 3.6382e-02     0.2158     0.8489    80.8784 0.0000e+00
        524 351.479940    0.03634     2.1805    130.832     48.456  49033.170    30.8793     8.0279     48.000     8.0257    24.0360     5.7192     8.1734     84.415    249.425    255.421    0.00102    6.77516    9.68238  295.47633   15.26670 3.6382e-02     0.2081     0.7989    81.8946 0.0000e+00
        528 351.479950    0.03657     2.1942    131.651     49.468  49032.517    30.8788     8.0310     49.000     8.0273    24.0353     5.7192     8.1734     84.421    249.428    255.423    0.00062    6.77470    9.68172  295.45675   15.26576 3.6382e-02     0.2166     0.7715    82.4589 0.0000e+00
        531 351.479959    0.03680     2.2080    132.477     50.478  49035.539    30.8807     8.0327     50.000     8.0291    24.0365     5.7283     8.1863     84.558    249.819    255.823    0.00128    6.77435    9.68123  295.44124   15.26502 3.6382e-02     0.2190     0.7481    82.9419 0.0000e+00
        534 351.479969    0.03703     2.2218    133.310     51.490  49038.888    30.8829     8.0347     51.000     8.0298    24.0380     5.7327     8.1926     84.628    250.010    256.020    0.00192    6.77394    9.68064  295.42279   15.26413 3.6382e-02     0.2097     0.7147    83.6380 0.0000e+00
        537 351.479978    0.03725     2.2353    134.118     52.496  49039.174    30.8824     8.0330     52.000     8.0254    24.0379     5.7337     8.1940     84.640    250.056    256.067    0.00128    6.77422    9.68104  295.43523   15.26473 3.6382e-02     0.2191     0.6763    84.4448 0.0000e+00
        541 351.479988    0.03749     2.2494    134.967     53.504  49050.921    30.8896     8.0289     53.000     8.0240    24.0440     5.7426     8.2068     84.767    250.442    256.464    0.00180    6.77454    9.68151  295.44755   15.26529 3.6382e-02     0.2153     0.6330    85.3641 0.0000e+00
