CTD-processing/allCTD/CNV/2014_02-17_t7_s11_cast214_5028.cnv
* Sea-Bird SBE19plus Data File:
* FileName = C:\Users\kris.holderied\Documents\kasitsna\Research-Projects-and-Data\Oceanography-AK\CTD-CookInlet-GulfWatchAK\2014-02-EVOSTC-CookInlet-LTM-BATCH-UPLOAD\2014-02-CookInlet-Seasonal-cast214.hex
* Software Version 1.59
* Temperature SN =  5028
* Conductivity SN =  5028
* System UpLoad Time = Apr 09 2014 20:39:45
** Cook Inlet LTM 2014 February Seasonal - Batch upload
** Date: 2014-02-17
** Station: 7-11
** Start time: 09:14
** Depth (m): 67
** CoComment:
** Comment:
# nquan = 27
# nvalues = 66                          
# units = specified
# name 0 = scan: Scan Count
# name 1 = timeJ: Julian Days
# name 2 = timeH: Time, Elapsed [hours]
# name 3 = timeM: Time, Elapsed [minutes]
# name 4 = timeS: Time, Elapsed [seconds]
# name 5 = prdM: Pressure, Strain Gauge [db]
# name 6 = specc: Specific Conductance [uS/cm]
# name 7 = sal00: Salinity, Practical [PSU]
# name 8 = tv290C: Temperature [ITS-90, deg C]
# name 9 = depSM: Depth [salt water, m], lat = 59.00
# name 10 = potemp090C: Potential Temperature [ITS-90, deg C]
# name 11 = sigma-é00: Density [sigma-theta, kg/m^3]
# name 12 = sbeox0ML/L: Oxygen, SBE 43 [ml/l]
# name 13 = sbeox0Mg/L: Oxygen, SBE 43 [mg/l]
# name 14 = sbeox0PS: Oxygen, SBE 43 [% saturation]
# name 15 = sbox0Mm/Kg: Oxygen, SBE 43 [umol/kg]
# name 16 = sbeox0Mm/L: Oxygen, SBE 43 [umol/l]
# name 17 = sbox0dV/dT: Oxygen, SBE 43 [dov/dt]
# name 18 = oxsolML/L: Oxygen Saturation, Garcia & Gordon [ml/l]
# name 19 = oxsolMg/L: Oxygen Saturation, Garcia & Gordon [mg/l]
# name 20 = oxsolMm/Kg: Oxygen Saturation, Garcia & Gordon [umol/kg]
# name 21 = potemp090C: Potential Temperature [ITS-90, deg C]
# name 22 = n2satMg/L: Nitrogen Saturation [mg/l]
# name 23 = par: PAR/Irradiance, Biospherical/Licor
# name 24 = flECO-AFL: Fluorescence, WET Labs ECO-AFL/FL [mg/m^3]
# name 25 = turbWETntu0: Turbidity, WET Labs ECO [NTU]
# name 26 = flag: flag
# span 0 =         58,        603       
# span 1 =  48.384460,  48.386035       
# span 2 =    0.00399,    0.04181       
# span 3 =     0.2393,     2.5082       
# span 4 =     14.360,    150.494       
# span 5 =      1.010,     66.632       
# span 6 =  50893.621,  51769.082       
# span 7 =    31.4132,    32.1704       
# span 8 =     4.0324,     4.8563       
# span 9 =      1.000,     66.000       
# span 10 =     3.9563,     4.8531      
# span 11 =    24.9301,    25.4492      
# span 12 =     5.6955,     7.3850      
# span 13 =     8.1396,    10.5538      
# span 14 =     78.120,    102.086      
# span 15 =    248.076,    321.627      
# span 16 =    254.365,    329.812      
# span 17 =   -0.00038,    0.04199      
# span 18 =    7.23343,    7.41711      
# span 19 =   10.33730,   10.59979      
# span 20 =  315.02888,  323.19096      
# span 21 =     4.0324,     4.8531      
# span 22 =   16.19345,   16.58481      
# span 23 = 3.7739e-02, 8.5124e+00      
# span 24 =     0.2643,     0.3121      
# span 25 =     0.5350,     0.7257      
# span 26 = 0.0000e+00, 0.0000e+00      
# interval = meters: 1                  
# start_time = Feb 17 2014 09:13:23 [Instrument's time stamp, header]
# bad_flag = -9.990e-29
*END*
[from data line 54]
        539  48.385852    0.03739     2.2432    134.592     55.526  51756.100    32.1679     4.8547     55.000     4.8502    25.4467     7.3700    10.5324    101.883    320.975    329.142   -0.00036    7.23372   10.33771  315.04121     4.8507   16.19404 5.8266e-02     0.2849     0.6547 0.0000e+00
        546  48.385870    0.03782     2.2693    136.155     56.536  51758.316    32.1687     4.8535     56.000     4.8492    25.4475     7.3726    10.5362    101.917    321.089    329.260   -0.00023    7.23389   10.33795  315.04819     4.8494   16.19436 5.5043e-02     0.2734     0.6282 0.0000e+00
        551  48.385886    0.03820     2.2922    137.534     57.546  51759.478    32.1688     4.8529     57.000     4.8486    25.4477     7.3821    10.5498    102.048    321.503    329.685    0.00015    7.23396   10.33806  315.05146     4.8488   16.19452 5.1888e-02     0.2872     0.6210 0.0000e+00
        557  48.385904    0.03864     2.3185    139.108     58.556  51760.810    32.1691     4.8525     58.000     4.8482    25.4480     7.3850    10.5538    102.086    321.627    329.812    0.00019    7.23403   10.33815  315.05432     4.8483   16.19465 4.9296e-02     0.2841     0.5862 0.0000e+00
        564  48.385923    0.03910     2.3461    140.767     59.565  51762.647    32.1698     4.8521     59.000     4.8479    25.4486     7.3830    10.5511    102.059    321.543    329.726    0.00003    7.23406   10.33820  315.05551     4.8479   16.19471 4.6954e-02     0.2747     0.6231 0.0000e+00
        568  48.385934    0.03936     2.3614    141.685     60.575  51763.427    32.1699     4.8523     60.000     4.8480    25.4486     7.3810    10.5481    102.031    321.454    329.634   -0.00010    7.23403   10.33816  315.05435     4.8480   16.19465 4.4919e-02     0.2812     0.6610 0.0000e+00
        573  48.385949    0.03971     2.3828    142.971     61.584  51764.184    32.1699     4.8523     61.000     4.8480    25.4486     7.3843    10.5529    102.077    321.599    329.783    0.00001    7.23402   10.33814  315.05361     4.8480   16.19462 4.3357e-02     0.2917     0.6383 0.0000e+00
        580  48.385968    0.04019     2.4112    144.670     62.595  51764.835    32.1700     4.8527     62.000     4.8484    25.4486     7.3789    10.5452    102.004    321.364    329.542   -0.00022    7.23395   10.33804  315.05063     4.8483   16.19448 4.1945e-02     0.2957     0.6349 0.0000e+00
        584  48.385981    0.04050     2.4296    145.776     63.604  51765.457    32.1699     4.8529     63.000     4.8484    25.4485     7.3753    10.5400    101.954    321.207    329.381   -0.00038    7.23392   10.33800  315.04951     4.8484   16.19442 4.0565e-02     0.3074     0.6104 0.0000e+00
        589  48.385994    0.04080     2.4484    146.907     64.614  51766.068    32.1699     4.8530     64.000     4.8483    25.4485     7.3814    10.5487    102.038    321.471    329.651   -0.00011    7.23391   10.33798  315.04884     4.8484   16.19440 3.9349e-02     0.3060     0.6072 0.0000e+00
        595  48.386014    0.04127     2.4765    148.589     65.624  51767.104    32.1699     4.8522     65.000     4.8472    25.4486     7.3828    10.5507    102.056    321.531    329.714   -0.00007    7.23405   10.33817  315.05471     4.8475   16.19467 3.8351e-02     0.2930     0.6113 0.0000e+00
        603  48.386035    0.04181     2.5082    150.494     66.632  51769.082    32.1704     4.8512     66.000     4.8466    25.4492     7.3815    10.5490    102.036    321.477    329.659   -0.00015    7.23420   10.33838  315.06094     4.8465   16.19496 3.7739e-02     0.2879     0.7257 0.0000e+00
