CTD-processing/allCTD/CNV/2014_08-14_subbays_sadiea_cast059_4141.cnv
* Sea-Bird SBE19plus Data File:
* FileName = C:\Users\kris.holderied\Documents\kasitsna\Research-Projects-and-Data\Oceanography-AK\CTD-Data-ALL-to-2014-06\2014-CTD-KachemakBay-CookInlet\2014-08-14-KachemakBay-SubBays\2014-08-14-KachemakBay-SubBays-cast059.hex
* Software Version 1.59
* Temperature SN =  4141
* Conductivity SN =  4141
* System UpLoad Time = Oct 13 2014 01:45:41
** Kachemak Bay Sub-bays
** Date: 08-14
** Station: Sadie A
** Start time: 16:12
** Depth (m): 35.4
** Comment:  CTD time is Alaska Daylight time.  R/V Barnacle. Transducer  depth.
** Comment:
# nquan = 27
# nvalues = 36                          
# units = specified
# name 0 = scan: Scan Count
# name 1 = timeJ: Julian Days
# name 2 = timeH: Time, Elapsed [hours]
# name 3 = timeM: Time, Elapsed [minutes]
# name 4 = timeS: Time, Elapsed [seconds]
# name 5 = prdM: Pressure, Strain Gauge [db]
# name 6 = specc: Specific Conductance [uS/cm]
# name 7 = sal00: Salinity, Practical [PSU]
# name 8 = tv290C: Temperature [ITS-90, deg C]
# name 9 = depSM: Depth [salt water, m], lat = 59.00
# name 10 = potemp090C: Potential Temperature [ITS-90, deg C]
# name 11 = sigma-é00: Density [sigma-theta, kg/m^3]
# name 12 = sbeox0ML/L: Oxygen, SBE 43 [ml/l]
# name 13 = sbeox0Mg/L: Oxygen, SBE 43 [mg/l]
# name 14 = sbeox0PS: Oxygen, SBE 43 [% saturation]
# name 15 = sbox0Mm/Kg: Oxygen, SBE 43 [umol/kg]
# name 16 = sbeox0Mm/L: Oxygen, SBE 43 [umol/l]
# name 17 = sbox0dV/dT: Oxygen, SBE 43 [dov/dt]
# name 18 = oxsolML/L: Oxygen Saturation, Garcia & Gordon [ml/l]
# name 19 = oxsolMg/L: Oxygen Saturation, Garcia & Gordon [mg/l]
# name 20 = oxsolMm/Kg: Oxygen Saturation, Garcia & Gordon [umol/kg]
# name 21 = n2satMg/L: Nitrogen Saturation [mg/l]
# name 22 = par: PAR/Irradiance, Biospherical/Licor
# name 23 = wetStar: Fluorescence, WET Labs WETstar [mg/m^3]
# name 24 = CStarAt0: Beam Attenuation, WET Labs C-Star [1/m]
# name 25 = CStarTr0: Beam Transmission, WET Labs C-Star [%]
# name 26 = flag: flag
# span 0 =        288,        400       
# span 1 = 226.677150, 226.677473       
# span 2 =    0.01992,    0.02769       
# span 3 =     1.1954,     1.6616       
# span 4 =     71.725,     99.695       
# span 5 =      1.016,     36.318       
# span 6 =  45677.462,  48636.386       
# span 7 =    29.0333,    31.0154       
# span 8 =    11.1460,    12.0920       
# span 9 =      1.000,     36.000       
# span 10 =    11.1355,    12.0852      
# span 11 =    21.9461,    23.6498      
# span 12 =     5.6400,     6.1404      
# span 13 =     8.0601,     8.7752      
# span 14 =     89.251,     98.129      
# span 15 =    246.064,    268.270      
# span 16 =    251.883,    274.229      
# span 17 =   -0.03268,    0.01765      
# span 18 =    6.25027,    6.31924      
# span 19 =    8.93227,    9.03083      
# span 20 =  272.95726,  275.69718      
# span 21 =   14.19352,   14.32038      
# span 22 = 3.2588e-01, 1.7399e+02      
# span 23 =     1.0836,     2.2822      
# span 24 =     0.5401,     1.6379      
# span 25 =    66.4118,    87.3697      
# span 26 = 0.0000e+00, 0.0000e+00      
# interval = meters: 1                  
# start_time = Aug 14 2014 16:13:54 [Instrument's time stamp, header]
# bad_flag = -9.990e-29
*END*
        288 226.677150    0.01992     1.1954     71.725      1.016  45677.462    29.0333    12.0759      1.000    12.0852    21.9461     6.1003     8.7179     97.242    266.587    272.438    0.01765    6.27328    8.96514  274.14812   14.25410 1.7399e+02     1.2646     1.6379    66.4118 0.0000e+00
        294 226.677166    0.02033     1.2195     73.168      2.022  45837.808    29.1467    12.0856      2.000    12.0791    22.0324     6.1228     8.7501     97.692    267.550    273.445    0.01277    6.26750    8.95688  273.87244   14.24043 1.1253e+02     1.2830     1.5372    68.0939 0.0000e+00
        298 226.677179    0.02064     1.2381     74.287      3.034  46168.242    29.3799    12.0920      3.000    12.0792    22.2119     6.1404     8.7752     98.129    268.270    274.229    0.01250    6.25746    8.94253  273.38555   14.21616 8.1947e+01     1.6140     1.4755    69.1518 0.0000e+00
        302 226.677190    0.02089     1.2534     75.204      4.034  46931.674    29.9089    11.9890      4.000    11.8361    22.6405     6.1169     8.7418     97.867    267.134    273.182    0.00670    6.25027    8.93227  272.95726   14.19352 6.5046e+01     1.7623     1.2378    73.4144 0.0000e+00
        306 226.677201    0.02115     1.2692     76.150      5.050  47660.863    30.3989    11.7302      5.000    11.6560    23.0671     6.0567     8.6556     96.670    264.393    270.492   -0.00675    6.26531    8.95376  273.49988   14.21757 5.6146e+01     1.8485     0.8141    81.5847 0.0000e+00
        309 226.677211    0.02140     1.2840     77.037      6.058  47976.645    30.6105    11.6160      6.000    11.5809    23.2518     5.9539     8.5086     94.925    259.857    265.899   -0.02201    6.27216    8.96354  273.74924   14.22868 4.7803e+01     1.9876     0.6935    84.0799 0.0000e+00
        313 226.677221    0.02166     1.2992     77.953      7.061  48118.792    30.7047    11.5576      7.000    11.5367    23.3353     5.8570     8.3703     93.320    255.609    261.574   -0.03268    6.27622    8.96934  273.90427   14.23573 4.1234e+01     2.2822     0.6031    86.0039 0.0000e+00
        317 226.677234    0.02194     1.3167     79.000      8.075  48157.873    30.7290    11.5291      8.000    11.5223    23.3593     5.8055     8.2967     92.458    253.355    259.273   -0.03002    6.27907    8.97342  274.02248   14.24129 3.4913e+01     2.0931     0.5853    86.3873 0.0000e+00
        321 226.677246    0.02224     1.3344     80.065      9.085  48177.214    30.7414    11.5202      9.000    11.5179    23.3705     5.7894     8.2737     92.192    252.652    258.557   -0.02228    6.27977    8.97442  274.04989   14.24256 2.9713e+01     1.8881     0.5593    86.9511 0.0000e+00
        325 226.677258    0.02252     1.3515     81.088     10.096  48182.787    30.7448    11.5190     10.000    11.5180    23.3734     5.8040     8.2944     92.424    253.287    259.207   -0.01215    6.27980    8.97447  274.05046   14.24257 2.5052e+01     1.7998     0.5505    87.1422 0.0000e+00
        331 226.677273    0.02289     1.3735     82.409     11.102  48189.431    30.7490    11.5176     11.000    11.5155    23.3769     5.8165     8.3123     92.622    253.830    259.764   -0.00526    6.27982    8.97449  274.05026   14.24255 2.1429e+01     1.7734     0.5479    87.1987 0.0000e+00
        337 226.677292    0.02333     1.4003     84.015     12.120  48191.145    30.7495    11.5153     12.000    11.5122    23.3778     5.8186     8.3154     92.651    253.922    259.859   -0.00230    6.28011    8.97490  274.06256   14.24313 1.7809e+01     1.7324     0.5416    87.3369 0.0000e+00
        341 226.677302    0.02360     1.4158     84.950     13.130  48194.134    30.7510    11.5125     13.000    11.5086    23.3794     5.8222     8.3207     92.705    254.083    260.023   -0.00125    6.28041    8.97535  274.07576   14.24376 1.4990e+01     1.7717     0.5401    87.3697 0.0000e+00
        344 226.677311    0.02380     1.4280     85.677     14.137  48201.734    30.7554    11.5077     14.000    11.4985    23.3838     5.8194     8.3165     92.653    253.957    259.895   -0.00115    6.28089    8.97601  274.09496   14.24466 1.2636e+01     1.7796     0.5561    87.0216 0.0000e+00
        346 226.677319    0.02398     1.4389     86.333     15.142  48216.074    30.7642    11.4978     15.000    11.4867    23.3923     5.8180     8.3144     92.615    253.892    259.830   -0.00164    6.28187    8.97741  274.13550   14.24657 1.0591e+01     1.7913     0.5745    86.6212 0.0000e+00
        349 226.677326    0.02416     1.4494     86.965     16.156  48222.308    30.7668    11.4846     16.000    11.4699    23.3967     5.8202     8.3176     92.626    253.986    259.929   -0.00140    6.28352    8.97979  274.20666   14.24997 8.9131e+00     1.8845     0.6284    85.4634 0.0000e+00
        351 226.677333    0.02433     1.4594     87.565     17.161  48243.182    30.7796    11.4700     17.000    11.4618    23.4093     5.8214     8.3193     92.624    254.035    259.982   -0.00098    6.28498    8.98187  274.26689   14.25281 7.4573e+00     1.8501     0.7070    83.8008 0.0000e+00
        354 226.677340    0.02449     1.4695     88.168     18.173  48259.334    30.7899    11.4629     18.000    11.4581    23.4185     5.8159     8.3115     92.529    253.795    259.738   -0.00163    6.28554    8.98266  274.28853   14.25380 6.2474e+00     1.7110     0.7337    83.2413 0.0000e+00
        356 226.677347    0.02465     1.4793     88.759     19.178  48271.123    30.7975    11.4597     19.000    11.4518    23.4250     5.8087     8.3012     92.411    253.476    259.414   -0.00284    6.28566    8.98284  274.29221   14.25394 5.3320e+00     1.6418     0.8814    80.2480 0.0000e+00
        358 226.677353    0.02482     1.4894     89.365     20.189  48280.881    30.8033    11.4526     20.000    11.4441    23.4308     5.8003     8.2893     92.268    253.113    259.044   -0.00357    6.28637    8.98386  274.32176   14.25534 4.5155e+00     1.6400     1.1428    75.1533 0.0000e+00
        361 226.677361    0.02499     1.4996     89.977     21.198  48287.215    30.8065    11.4450     21.000    11.4306    23.4347     5.7938     8.2799     92.151    252.826    258.751   -0.00429    6.28725    8.98512  274.35937   14.25713 3.8405e+00     1.5889     1.0741    76.4886 0.0000e+00
        363 226.677368    0.02517     1.5099     90.598     22.210  48302.277    30.8151    11.4292     22.000    11.4008    23.4442     5.7871     8.2703     92.019    252.531    258.451   -0.00489    6.28904    8.98767  274.43468   14.26070 3.2617e+00     1.6884     0.8066    81.7554 0.0000e+00
        366 226.677375    0.02534     1.5202     91.214     23.218  48348.689    30.8438    11.3936     23.000    11.3568    23.4728     5.7812     8.2619     91.872    252.267    258.189   -0.00522    6.29268    8.99286  274.58568   14.26782 2.8040e+00     1.6906     0.7107    83.7264 0.0000e+00
        368 226.677382    0.02551     1.5305     91.833     24.227  48401.494    30.8765    11.3534     24.000    11.3376    23.5054     5.7685     8.2439     91.611    251.709    257.625   -0.00662    6.29680    8.99874  274.75654   14.27588 2.4060e+00     1.5447     0.6614    84.7636 0.0000e+00
        371 226.677390    0.02568     1.5410     92.459     25.237  48420.572    30.8880    11.3384     25.000    11.3261    23.5169     5.7454     8.2108     91.221    250.696    256.591   -0.00901    6.29834    9.00096  274.82105   14.27892 2.0498e+00     1.5749     0.6115    85.8244 0.0000e+00
        373 226.677397    0.02586     1.5516     93.097     26.246  48435.276    30.8967    11.3263     26.000    11.3119    23.5258     5.7146     8.1668     90.714    249.350    255.215   -0.01227    6.29962    9.00279  274.87457   14.28145 1.7387e+00     1.4451     0.5993    86.0871 0.0000e+00
        376 226.677405    0.02604     1.5624     93.746     27.251  48453.834    30.9079    11.3112     27.000    11.2963    23.5371     5.6956     8.1396     90.389    248.516    254.365   -0.01359    6.30121    9.00506  274.94088   14.28458 1.4770e+00     1.3438     0.5805    86.4920 0.0000e+00
        379 226.677412    0.02624     1.5742     94.450     28.268  48471.441    30.9182    11.2959     28.000    11.2844    23.5479     5.6886     8.1296     90.255    248.210    254.055   -0.01199    6.30287    9.00743  275.01019   14.28786 1.2752e+00     1.3831     0.6164    85.7197 0.0000e+00
        382 226.677421    0.02643     1.5856     95.139     29.277  48484.791    30.9261    11.2852     29.000    11.2655    23.5560     5.6848     8.1240     90.177    248.038    253.881   -0.00956    6.30401    9.00905  275.05748   14.29010 1.0831e+00     1.3097     0.6065    85.9318 0.0000e+00
        384 226.677429    0.02661     1.5966     95.797     30.288  48510.277    30.9416    11.2646     30.000    11.2472    23.5715     5.6801     8.1174     90.072    247.831    253.672   -0.00830    6.30616    9.01213  275.14735   14.29435 9.2002e-01     1.2025     0.5920    86.2421 0.0000e+00
        387 226.677435    0.02679     1.6073     96.440     31.297  48525.761    30.9497    11.2428     31.000    11.2055    23.5817     5.6690     8.1016     89.859    247.344    253.177   -0.00838    6.30878    9.01588  275.25896   14.29966 7.7480e-01     1.2152     0.6268    85.4972 0.0000e+00
        389 226.677443    0.02696     1.6179     97.072     32.303  48574.766    30.9793    11.1995     32.000    11.1765    23.6123     5.6585     8.0864     89.625    246.875    252.704   -0.00903    6.31343    9.02254  275.45415   14.30888 6.4988e-01     1.1638     0.6448    85.1124 0.0000e+00
        392 226.677451    0.02714     1.6287     97.721     33.315  48605.780    30.9986    11.1791     33.000    11.1786    23.6309     5.6503     8.0748     89.468    246.517    252.343   -0.00899    6.31543    9.02539  275.53610   14.31274 5.5008e-01     1.2616     0.6551    84.8928 0.0000e+00
        394 226.677458    0.02732     1.6394     98.363     34.321  48595.827    30.9917    11.1846     34.000    11.1685    23.6247     5.6470     8.0701     89.422    246.375    252.194   -0.00749    6.31496    9.02472  275.51723   14.31186 4.6536e-01     1.3750     0.6326    85.3720 0.0000e+00
        397 226.677465    0.02750     1.6501     99.006     35.333  48609.480    30.9990    11.1670     35.000    11.1452    23.6335     5.6437     8.0654     89.341    246.229    252.048   -0.00642    6.31706    9.02771  275.60634   14.31610 3.9171e-01     1.2902     0.6649    84.6851 0.0000e+00
        400 226.677473    0.02769     1.6616     99.695     36.318  48636.386    31.0154    11.1460     36.000    11.1355    23.6498     5.6400     8.0601     89.251    246.064    251.883   -0.00592    6.31924    9.03083  275.69718   14.32038 3.2588e-01     1.0836     0.7040    83.8635 0.0000e+00
