CTD-processing/allCTD/CNV/2014_07-24_t7_s15_cast014_4141.cnv
* Sea-Bird SBE19plus Data File:
* FileName = C:\Users\kris.holderied\Documents\kasitsna\Research-Projects-and-Data\Oceanography-AK\CTD-Data-ALL-to-2014-06\2014-CTD-KachemakBay-CookInlet\2014-07-EVOSTC-CookInlet-quarterly\2014-07-24-CookInlet-Tran7-Augustine\2014-07-24-CookInlet-Tran7-cast014.hex
* Software Version 1.59
* Temperature SN =  4141
* Conductivity SN =  4141
* System UpLoad Time = Jul 24 2014 17:27:20
** Cook Inlet LTM Transect 7 (Augustine) West to East
** Date: 07-24
** Station: 7-15
** Start time: 13:35
** Depth (m): 75.3
** Comment:  CTD time is Alaska Daylight time.  Transducer  depth (transducer is 9 ft).
** Comment:
# nquan = 27
# nvalues = 78                          
# units = specified
# name 0 = scan: Scan Count
# name 1 = timeJ: Julian Days
# name 2 = timeH: Time, Elapsed [hours]
# name 3 = timeM: Time, Elapsed [minutes]
# name 4 = timeS: Time, Elapsed [seconds]
# name 5 = prdM: Pressure, Strain Gauge [db]
# name 6 = specc: Specific Conductance [uS/cm]
# name 7 = sal00: Salinity, Practical [PSU]
# name 8 = tv290C: Temperature [ITS-90, deg C]
# name 9 = depSM: Depth [salt water, m], lat = 59.00
# name 10 = potemp090C: Potential Temperature [ITS-90, deg C]
# name 11 = sigma-é00: Density [sigma-theta, kg/m^3]
# name 12 = sbeox0ML/L: Oxygen, SBE 43 [ml/l]
# name 13 = sbeox0Mg/L: Oxygen, SBE 43 [mg/l]
# name 14 = sbeox0PS: Oxygen, SBE 43 [% saturation]
# name 15 = sbox0Mm/Kg: Oxygen, SBE 43 [umol/kg]
# name 16 = sbeox0Mm/L: Oxygen, SBE 43 [umol/l]
# name 17 = sbox0dV/dT: Oxygen, SBE 43 [dov/dt]
# name 18 = oxsolML/L: Oxygen Saturation, Garcia & Gordon [ml/l]
# name 19 = oxsolMg/L: Oxygen Saturation, Garcia & Gordon [mg/l]
# name 20 = oxsolMm/Kg: Oxygen Saturation, Garcia & Gordon [umol/kg]
# name 21 = n2satMg/L: Nitrogen Saturation [mg/l]
# name 22 = par: PAR/Irradiance, Biospherical/Licor
# name 23 = wetStar: Fluorescence, WET Labs WETstar [mg/m^3]
# name 24 = CStarAt0: Beam Attenuation, WET Labs C-Star [1/m]
# name 25 = CStarTr0: Beam Transmission, WET Labs C-Star [%]
# name 26 = flag: flag
# span 0 =        164,        646       
# span 1 = 205.566676, 205.568070       
# span 2 =    0.01134,    0.04479       
# span 3 =     0.6806,     2.6879       
# span 4 =     40.835,    161.272       
# span 5 =      1.015,     78.712       
# span 6 =  48962.707,  50245.491       
# span 7 =    31.2685,    31.8202       
# span 8 =     8.7001,    11.4996       
# span 9 =      1.000,     78.000       
# span 10 =     8.6938,    11.4933      
# span 11 =    23.8164,    24.6757      
# span 12 =     5.7248,     7.2403      
# span 13 =     8.1813,    10.3471      
# span 14 =     86.329,    115.524      
# span 15 =    249.512,    315.820      
# span 16 =    255.667,    323.349      
# span 17 =   -0.10244,    0.01426      
# span 18 =    6.25984,    6.63266      
# span 19 =    8.94595,    9.47874      
# span 20 =  273.06123,  289.08130      
# span 21 =   14.19290,   14.95744      
# span 22 = 5.3848e-02, 2.2694e+02      
# span 23 =     0.7819,    12.8698      
# span 24 =     0.2101,     1.3365      
# span 25 =    73.4241,    94.8832      
# span 26 = 0.0000e+00, 0.0000e+00      
# interval = meters: 1                  
# start_time = Jul 24 2014 13:35:20 [Instrument's time stamp, header]
# bad_flag = -9.990e-29
*END*
[from data line 54]
        536 205.567752    0.03714     2.2285    133.713     55.532  50223.070    31.8133     8.7154     55.000     8.7070    24.6679     5.7317     8.1913     86.443    249.818    255.981   -0.00220    6.63069    9.47592  288.99754   14.95346 1.6034e-01     0.8544     0.2314    94.3802 0.0000e+00
        540 205.567762    0.03741     2.2446    134.674     56.530  50227.121    31.8150     8.7105     56.000     8.7030    24.6699     5.7248     8.1813     86.329    249.512    255.667   -0.00293    6.63134    9.47685  289.02544   14.95479 1.4687e-01     0.9056     0.2368    94.2502 0.0000e+00
        545 205.567779    0.03780     2.2677    136.063     57.545  50231.403    31.8172     8.7080     57.000     8.7023    24.6721     5.7447     8.2098     86.627    250.383    256.561    0.00065    6.63161    9.47724  289.03672   14.95532 1.3621e-01     0.8680     0.2377    94.2308 0.0000e+00
        551 205.567796    0.03821     2.2929    137.572     58.559  50229.807    31.8156     8.7079     58.000     8.6997    24.6708     5.7437     8.2084     86.610    250.340    256.515    0.00028    6.63169    9.47735  289.04059   14.95551 1.2577e-01     0.8385     0.2315    94.3769 0.0000e+00
        556 205.567810    0.03854     2.3126    138.757     59.563  50235.469    31.8184     8.7030     59.000     8.6968    24.6738     5.7417     8.2054     86.571    250.248    256.423   -0.00044    6.63231    9.47823  289.06650   14.95674 1.1652e-01     0.8040     0.2356    94.2797 0.0000e+00
        561 205.567825    0.03891     2.3348    140.089     60.579  50235.519    31.8177     8.7016     60.000     8.6945    24.6735     5.7364     8.1979     86.488    250.018    256.187   -0.00092    6.63255    9.47858  289.07701   14.95724 1.0857e-01     0.8249     0.2368    94.2521 0.0000e+00
        566 205.567838    0.03922     2.3532    141.194     61.581  50240.012    31.8202     8.7001     61.000     8.6958    24.6757     5.7374     8.1994     86.503    250.064    256.235   -0.00079    6.63266    9.47874  289.08130   14.95744 1.0120e-01     0.8700     0.2355    94.2823 0.0000e+00
        571 205.567853    0.03959     2.3755    142.530     62.594  50235.956    31.8176     8.7049     62.000     8.6979    24.6730     5.7424     8.2065     86.586    250.283    256.458    0.00024    6.63206    9.47786  289.05556   14.95622 9.5157e-02     0.9011     0.2358    94.2757 0.0000e+00
        577 205.567870    0.03998     2.3991    143.945     63.611  50237.801    31.8180     8.7012     63.000     8.6938    24.6738     5.7379     8.2001     86.511    250.086    256.257   -0.00061    6.63259    9.47863  289.07863   14.95732 8.9616e-02     0.8528     0.2362    94.2654 0.0000e+00
        581 205.567881    0.04027     2.4159    144.952     64.617  50241.529    31.8202     8.7016     64.000     8.6969    24.6756     5.7436     8.2082     86.599    250.333    256.510    0.00008    6.63244    9.47842  289.07179   14.95698 8.4743e-02     0.8388     0.2364    94.2611 0.0000e+00
        584 205.567892    0.04051     2.4305    145.827     65.624  50237.727    31.8173     8.7037     65.000     8.6955    24.6730     5.7421     8.2060     86.578    250.269    256.443    0.00014    6.63224    9.47814  289.06391   14.95662 8.0116e-02     0.8456     0.2352    94.2887 0.0000e+00
        588 205.567902    0.04076     2.4459    146.754     66.626  50240.802    31.8188     8.7016     66.000     8.6946    24.6744     5.7447     8.2097     86.615    250.381    256.559    0.00001    6.63249    9.47849  289.07430   14.95711 7.6573e-02     0.9056     0.2329    94.3435 0.0000e+00
        593 205.567918    0.04114     2.4687    148.121     67.643  50241.780    31.8189     8.7009     67.000     8.6940    24.6747     5.7465     8.2124     86.641    250.459    256.639    0.00031    6.63260    9.47865  289.07893   14.95734 7.3333e-02     0.9219     0.2323    94.3590 0.0000e+00
        599 205.567934    0.04154     2.4923    149.537     68.657  50242.559    31.8191     8.7015     68.000     8.6945    24.6747     5.7291     8.1874     86.379    249.700    255.861   -0.00220    6.63250    9.47850  289.07461   14.95713 7.0472e-02     0.9173     0.2335    94.3290 0.0000e+00
        603 205.567947    0.04184     2.5103    150.620     69.669  50243.043    31.8190     8.7011     69.000     8.6941    24.6747     5.7304     8.1893     86.398    249.756    255.919   -0.00162    6.63256    9.47859  289.07720   14.95725 6.8010e-02     0.8357     0.2362    94.2665 0.0000e+00
        607 205.567957    0.04208     2.5247    151.484     70.675  50243.908    31.8191     8.7012     70.000     8.6941    24.6748     5.7370     8.1988     86.498    250.046    256.215   -0.00024    6.63255    9.47857  289.07660   14.95722 6.5540e-02     0.8274     0.2352    94.2894 0.0000e+00
        610 205.567967    0.04231     2.5385    152.313     71.675  50245.491    31.8198     8.7015     71.000     8.6958    24.6754     5.7414     8.2050     86.564    250.236    256.410    0.00042    6.63248    9.47847  289.07332   14.95706 6.3591e-02     0.8229     0.2369    94.2489 0.0000e+00
        615 205.567980    0.04264     2.5582    153.492     72.688  50243.137    31.8185     8.7064     72.000     8.7006    24.6736     5.7363     8.1977     86.496    250.014    256.182   -0.00036    6.63180    9.47751  289.04471   14.95570 6.1857e-02     0.8903     0.2409    94.1543 0.0000e+00
        621 205.567998    0.04307     2.5842    155.054     73.704  50240.097    31.8165     8.7105     73.000     8.7037    24.6714     5.7358     8.1970     86.496    249.993    256.161   -0.00031    6.63129    9.47677  289.02267   14.95466 6.0042e-02     0.9667     0.2425    94.1165 0.0000e+00
        627 205.568014    0.04344     2.6067    156.402     74.716  50239.518    31.8159     8.7121     74.000     8.7055    24.6707     5.7389     8.2014     86.544    250.126    256.297    0.00013    6.63107    9.47646  289.01348   14.95422 5.8598e-02     0.8939     0.2412    94.1477 0.0000e+00
        631 205.568027    0.04374     2.6245    157.469     75.722  50238.370    31.8150     8.7148     75.000     8.7082    24.6696     5.7474     8.2135     86.677    250.495    256.675    0.00109    6.63071    9.47594  288.99786   14.95348 5.7245e-02     0.9076     0.2471    94.0074 0.0000e+00
        635 205.568038    0.04404     2.6424    158.544     76.730  50237.935    31.8142     8.7148     76.000     8.7070    24.6691     5.7494     8.2165     86.709    250.587    256.768    0.00117    6.63074    9.47598  288.99933   14.95355 5.6244e-02     0.8478     0.2503    93.9327 0.0000e+00
        640 205.568053    0.04439     2.6635    159.809     77.738  50239.141    31.8148     8.7158     77.000     8.7088    24.6694     5.7418     8.2056     86.597    250.257    256.431   -0.00044    6.63056    9.47573  288.99137   14.95317 5.5288e-02     0.8725     0.2482    93.9840 0.0000e+00
        646 205.568070    0.04479     2.6879    161.272     78.712  50238.540    31.8145     8.7194     78.000     8.7132    24.6686     5.7422     8.2062     86.607    250.272    256.444   -0.00017    6.63004    9.47500  288.96940   14.95211 5.3848e-02     0.7819     0.2531    93.8687 0.0000e+00
