CTD-processing/allCTD/CNV/2014_07-23_t6_s26_cast221_4141.cnv
* Sea-Bird SBE19plus Data File:
* FileName = C:\Users\kris.holderied\Documents\kasitsna\Research-Projects-and-Data\Oceanography-AK\CTD-Data-ALL-to-2014-06\2014-CTD-KachemakBay-CookInlet\2014-07-EVOSTC-CookInlet-quarterly\2014-07-23-CookInlet-Tran6-Douglas\2014-07-23-CookInlet-Tran6-cast221.hex
* Software Version 1.59
* Temperature SN =  4141
* Conductivity SN =  4141
* System UpLoad Time = Jul 23 2014 23:54:54
** Cook Inlet LTM Transect 6 (Douglas) East to West
** Date: 07-23
** Station: 6-26
** Start time: 19:33
** Depth (m): 168
** Comment:  CTD time is Alaska Daylight time.  Transducer  depth (transducer is 9 ft).
** Comment:
# nquan = 27
# nvalues = 168                         
# units = specified
# name 0 = scan: Scan Count
# name 1 = timeJ: Julian Days
# name 2 = timeH: Time, Elapsed [hours]
# name 3 = timeM: Time, Elapsed [minutes]
# name 4 = timeS: Time, Elapsed [seconds]
# name 5 = prdM: Pressure, Strain Gauge [db]
# name 6 = specc: Specific Conductance [uS/cm]
# name 7 = sal00: Salinity, Practical [PSU]
# name 8 = tv290C: Temperature [ITS-90, deg C]
# name 9 = depSM: Depth [salt water, m], lat = 59.00
# name 10 = potemp090C: Potential Temperature [ITS-90, deg C]
# name 11 = sigma-é00: Density [sigma-theta, kg/m^3]
# name 12 = sbeox0ML/L: Oxygen, SBE 43 [ml/l]
# name 13 = sbeox0Mg/L: Oxygen, SBE 43 [mg/l]
# name 14 = sbeox0PS: Oxygen, SBE 43 [% saturation]
# name 15 = sbox0Mm/Kg: Oxygen, SBE 43 [umol/kg]
# name 16 = sbeox0Mm/L: Oxygen, SBE 43 [umol/l]
# name 17 = sbox0dV/dT: Oxygen, SBE 43 [dov/dt]
# name 18 = oxsolML/L: Oxygen Saturation, Garcia & Gordon [ml/l]
# name 19 = oxsolMg/L: Oxygen Saturation, Garcia & Gordon [mg/l]
# name 20 = oxsolMm/Kg: Oxygen Saturation, Garcia & Gordon [umol/kg]
# name 21 = n2satMg/L: Nitrogen Saturation [mg/l]
# name 22 = par: PAR/Irradiance, Biospherical/Licor
# name 23 = wetStar: Fluorescence, WET Labs WETstar [mg/m^3]
# name 24 = CStarAt0: Beam Attenuation, WET Labs C-Star [1/m]
# name 25 = CStarTr0: Beam Transmission, WET Labs C-Star [%]
# name 26 = flag: flag
# span 0 =         56,        988       
# span 1 = 204.815253, 204.817948       
# span 2 =    0.00383,    0.06852       
# span 3 =     0.2301,     4.1112       
# span 4 =     13.808,    246.671       
# span 5 =      1.004,    169.608       
# span 6 =  45471.609,  51599.707       
# span 7 =    29.0135,    32.3662       
# span 8 =     6.6029,    13.5875       
# span 9 =      1.000,    168.000       
# span 10 =     6.5825,    13.5844      
# span 11 =    21.6475,    25.3986      
# span 12 =     5.3181,     7.3253      
# span 13 =     7.6001,    10.4687      
# span 14 =     76.744,    116.720      
# span 15 =    231.626,    319.735      
# span 16 =    237.506,    327.152      
# span 17 =   -0.06257,    0.09277      
# span 18 =    6.07477,    6.93238      
# span 19 =    8.68144,    9.90706      
# span 20 =  265.49921,  301.93170      
# span 21 =   13.83834,   15.56865      
# span 22 = 5.5797e-02, 6.5161e+01      
# span 23 =     0.4035,     4.6765      
# span 24 =     0.2074,     4.0623      
# span 25 =    58.3638,    94.9467      
# span 26 = 0.0000e+00, 0.0000e+00      
# interval = meters: 1                  
# start_time = Jul 23 2014 19:33:44 [Instrument's time stamp, header]
# bad_flag = -9.990e-29
*END*
[from data line 54]
        487 204.816499    0.03374     2.0246    121.478     55.525  50043.073    31.7177     8.9259     55.000     8.9027    24.5611     5.7868     8.2699     87.629    252.242    258.437   -0.00773    6.60370    9.43734  287.85118   14.89907 1.1159e-01     0.8618     0.2186    94.6822 0.0000e+00
        491 204.816509    0.03401     2.0403    122.417     56.533  50043.355    31.7102     8.8761     56.000     8.8257    24.5629     5.7908     8.2756     87.588    252.416    258.616   -0.00546    6.61136    9.44830  288.18467   14.91504 1.0604e-01     0.8656     0.2215    94.6128 0.0000e+00
        495 204.816522    0.03431     2.0584    123.502     57.545  50141.135    31.7675     8.8012     57.000     8.7857    24.6191     5.7835     8.2652     87.364    252.085    258.291   -0.00567    6.61994    9.46056  288.54308   14.93193 1.0082e-01     0.9485     0.2146    94.7761 0.0000e+00
        499 204.816535    0.03461     2.0765    124.593     58.563  50156.564    31.7757     8.7864     58.000     8.7705    24.6278     5.7706     8.2468     87.147    251.523    257.717   -0.00567    6.62178    9.46319  288.62082   14.93561 9.5751e-02     0.9323     0.2091    94.9055 0.0000e+00
        503 204.816544    0.03485     2.0908    125.449     59.564  50153.282    31.7699     8.7657     59.000     8.7347    24.6264     5.7584     8.2293     86.918    250.987    257.168   -0.00628    6.62511    9.46793  288.76594   14.94257 9.1238e-02     0.8232     0.2074    94.9467 0.0000e+00
        506 204.816555    0.03510     2.1057    126.341     60.568  50179.306    31.7806     8.7172     60.000     8.6772    24.6421     5.7469     8.2129     86.657    250.484    256.656   -0.00689    6.63183    9.47754  289.05434   14.95631 8.7774e-02     0.7872     0.2098    94.8888 0.0000e+00
        511 204.816568    0.03542     2.1250    127.503     61.588  50210.408    31.7878     8.6225     61.000     8.5634    24.6619     5.7310     8.1901     86.237    249.785    255.946   -0.00808    6.64559    9.49722  289.64887   14.98469 8.4459e-02     0.7737     0.2079    94.9348 0.0000e+00
        515 204.816581    0.03571     2.1426    128.555     62.598  50328.143    31.8555     8.5263     62.000     8.5049    24.7293     5.7133     8.1648     85.824    248.998    255.156   -0.00929    6.65701    9.51354  290.12766   15.00729 8.1489e-02     0.6942     0.2149    94.7700 0.0000e+00
        519 204.816591    0.03596     2.1580    129.482     63.606  50417.583    31.9152     8.5086     63.000     8.5149    24.7787     5.7106     8.1609     85.781    248.865    255.032   -0.00744    6.65707    9.51362  290.11613   15.00650 7.8798e-02     0.6465     0.2242    94.5489 0.0000e+00
        523 204.816602    0.03622     2.1734    130.404     64.612  50419.165    31.9190     8.5293     64.000     8.5299    24.7786     5.7171     8.1702     85.921    249.148    255.322   -0.00379    6.65381    9.50896  289.97412   14.99969 7.6697e-02     0.7091     0.2309    94.3905 0.0000e+00
        527 204.816613    0.03650     2.1898    131.389     65.625  50435.077    31.9317     8.5425     65.000     8.5442    24.7867     5.7272     8.1848     86.107    249.592    255.778   -0.00110    6.65131    9.50538  289.86255   14.99432 7.4481e-02     0.8947     0.2344    94.3071 0.0000e+00
        530 204.816624    0.03676     2.2057    132.343     66.631  50506.311    31.9856     8.5709     66.000     8.5914    24.8247     5.7366     8.1982     86.333    249.992    256.198    0.00127    6.64474    9.49600  289.56590   14.97992 7.2587e-02     0.8657     0.2387    94.2063 0.0000e+00
        535 204.816637    0.03706     2.2238    133.428     67.641  50484.706    31.9727     8.5887     67.000     8.5395    24.8119     5.7444     8.2093     86.478    250.334    256.545    0.00222    6.64265    9.49302  289.47846   14.97580 7.0789e-02     0.8906     0.2442    94.0771 0.0000e+00
        539 204.816650    0.03739     2.2435    134.611     68.663  50570.522    32.0158     8.4789     68.000     8.4359    24.8620     5.7470     8.2131     86.329    250.436    256.662    0.00008    6.65716    9.51374  290.09620   15.00514 6.9422e-02     0.9528     0.2443    94.0757 0.0000e+00
        543 204.816660    0.03762     2.2574    135.443     69.665  50543.505    31.9856     8.4093     69.000     8.3352    24.8487     5.7428     8.2071     86.115    250.257    256.476   -0.00185    6.66888    9.53049  290.61086   15.02985 6.6154e-02     1.0023     0.2424    94.1204 0.0000e+00
        546 204.816669    0.03784     2.2702    136.211     70.667  50623.863    32.0263     8.3113     70.000     8.2723    24.8950     5.7323     8.1921     85.790    249.788    256.006   -0.00442    6.68183    9.54901  291.16219   15.05602 6.6031e-02     1.0057     0.2390    94.2019 0.0000e+00
        549 204.816679    0.03809     2.2853    137.115     71.675  50710.640    32.0812     8.2756     71.000     8.2731    24.9433     5.7137     8.1654     85.472    248.962    255.172   -0.00641    6.68481    9.55327  291.27829   15.06135 6.5239e-02     0.9707     0.2384    94.2149 0.0000e+00
        555 204.816694    0.03844     2.3064    138.383     72.695  50709.549    32.0814     8.2850     72.000     8.2791    24.9421     5.6880     8.1287     85.107    247.846    254.028   -0.00716    6.68339    9.55123  291.21661   15.05839 6.4305e-02     0.8685     0.2382    94.2188 0.0000e+00
        559 204.816707    0.03876     2.3257    139.540     73.714  50711.514    32.0826     8.2872     73.000     8.2809    24.9428     5.6834     8.1222     85.043    247.645    253.823   -0.00557    6.68300    9.55066  291.19914   15.05755 6.3581e-02     0.9281     0.2394    94.1898 0.0000e+00
        562 204.816717    0.03897     2.3382    140.293     74.707  50709.744    32.0811     8.2876     74.000     8.2776    24.9415     5.6904     8.1322     85.148    247.950    254.134   -0.00311    6.68302    9.55070  291.20048   15.05763 6.2975e-02     0.8351     0.2402    94.1717 0.0000e+00
        566 204.816726    0.03921     2.3525    141.148     75.713  50735.630    32.0988     8.2874     75.000     8.2849    24.9554     5.6980     8.1431     85.271    248.277    254.474   -0.00123    6.68227    9.54963  291.16375   15.05580 6.1730e-02     0.8633     0.2413    94.1462 0.0000e+00
        570 204.816739    0.03952     2.3712    142.271     76.734  50737.365    32.1005     8.2940     76.000     8.2866    24.9559     5.7052     8.1533     85.391    248.588    254.792    0.00024    6.68120    9.54810  291.11737   15.05358 6.1242e-02     0.8638     0.2434    94.0968 0.0000e+00
        574 204.816752    0.03982     2.3891    143.346     77.735  50743.442    32.1044     8.2944     77.000     8.2833    24.9588     5.7090     8.1587     85.450    248.752    254.961    0.00068    6.68098    9.54777  291.10660   15.05305 6.0733e-02     0.8969     0.2403    94.1695 0.0000e+00
        579 204.816766    0.04016     2.4097    144.584     78.762  50752.471    32.1084     8.2824     78.000     8.2684    24.9638     5.7047     8.1525     85.366    248.566    254.770   -0.00030    6.68261    9.55011  291.17625   15.05635 6.0156e-02     0.8828     0.2416    94.1391 0.0000e+00
        583 204.816776    0.04040     2.4236    145.416     79.762  50759.484    32.1112     8.2721     79.000     8.2582    24.9676     5.7022     8.1491     85.311    248.457    254.661   -0.00103    6.68402    9.55214  291.23722   15.05926 5.9810e-02     0.8728     0.2412    94.1476 0.0000e+00
        586 204.816784    0.04061     2.4367    146.203     80.760  50757.462    32.1076     8.2611     80.000     8.2390    24.9663     5.7062     8.1547     85.347    248.630    254.838   -0.00055    6.68585    9.55474  291.31674   15.06308 5.9521e-02     0.8693     0.2430    94.1051 0.0000e+00
        590 204.816798    0.04092     2.4552    147.312     81.779  50778.052    32.1167     8.2298     81.000     8.2120    24.9779     5.7079     8.1571     85.317    248.702    254.914   -0.00054    6.69017    9.56092  291.50178   15.07188 5.9186e-02     0.8798     0.2400    94.1770 0.0000e+00
        595 204.816811    0.04126     2.4753    148.520     82.792  50796.178    32.1265     8.2146     82.000     8.2033    24.9879     5.6961     8.1404     85.118    248.188    254.390   -0.00208    6.69204    9.56359  291.58049   15.07559 5.8834e-02     0.8599     0.2420    94.1281 0.0000e+00
        599 204.816824    0.04156     2.4933    149.600     83.799  50793.339    32.1221     8.2021     83.000     8.1763    24.9862     5.6919     8.1342     85.028    248.002    254.198   -0.00248    6.69411    9.56655  291.67125   15.07995 5.8578e-02     0.8440     0.2418    94.1336 0.0000e+00
        604 204.816837    0.04186     2.5116    150.695     84.817  50814.193    32.1292     8.1581     84.000     8.1303    24.9983     5.6924     8.1350     84.956    248.023    254.223   -0.00219    6.70045    9.57562  291.94398   15.09295 5.8270e-02     0.8580     0.2461    94.0326 0.0000e+00
        607 204.816847    0.04210     2.5259    151.555     85.818  50835.045    32.1387     8.1282     85.000     8.1017    25.0100     5.6900     8.1316     84.867    247.916    254.116   -0.00251    6.70457    9.58149  292.11989   15.10131 5.7843e-02     0.8430     0.2479    93.9912 0.0000e+00
        611 204.816858    0.04236     2.5417    152.503     86.826  50858.305    32.1490     8.0944     86.000     8.0730    25.0231     5.6843     8.1235     84.724    247.665    253.863   -0.00307    6.70922    9.58815  292.31917   15.11078 5.7790e-02     0.8569     0.2499    93.9441 0.0000e+00
        615 204.816870    0.04266     2.5596    153.575     87.842  50870.678    32.1530     8.0682     87.000     8.0426    25.0300     5.6783     8.1149     84.586    247.400    253.592   -0.00337    6.71302    9.59358  292.48267   15.11858 5.7589e-02     0.8383     0.2504    93.9316 0.0000e+00
        619 204.816882    0.04294     2.5763    154.579     88.847  50896.496    32.1651     8.0341     88.000     8.0128    25.0444     5.6719     8.1057     84.433    247.119    253.307   -0.00365    6.71767    9.60022  292.68119   15.12801 5.7352e-02     0.8183     0.2502    93.9358 0.0000e+00
        624 204.816894    0.04324     2.5948    155.685     89.859  50922.958    32.1796     8.0116     89.000     7.9966    25.0590     5.6651     8.0960     84.296    246.817    253.002   -0.00388    6.72046    9.60421  292.79856   15.13355 5.7144e-02     0.8179     0.2524    93.8852 0.0000e+00
        628 204.816908    0.04356     2.6140    156.839     90.883  50939.613    32.1886     7.9983     90.000     7.9877    25.0681     5.6688     8.1014     84.332    246.980    253.172   -0.00221    6.72208    9.60652  292.86648   15.13676 5.7010e-02     0.8463     0.2469    94.0151 0.0000e+00
        631 204.816917    0.04378     2.6268    157.609     91.883  50933.468    32.1832     7.9945     91.000     7.9726    25.0644     5.6722     8.1061     84.371    247.126    253.320   -0.00133    6.72289    9.60770  292.90327   15.13854 5.6786e-02     0.8487     0.2479    93.9888 0.0000e+00
        634 204.816925    0.04399     2.6390    158.340     92.875  50942.361    32.1852     7.9713     92.000     7.9473    25.0693     5.6733     8.1077     84.344    247.172    253.368   -0.00123    6.72635    9.61263  293.05224   15.14565 5.6876e-02     0.8450     0.2454    94.0479 0.0000e+00
        640 204.816940    0.04434     2.6605    159.629     93.898  50969.770    32.1992     7.9424     93.000     7.9278    25.0844     5.6642     8.0947     84.162    246.774    252.964   -0.00237    6.73013    9.61803  293.21250   15.15324 5.6623e-02     0.7937     0.2417    94.1363 0.0000e+00
        645 204.816957    0.04474     2.6848    161.089     94.923  50941.333    32.1736     7.9104     94.000     7.8604    25.0689     5.6532     8.0788     83.922    246.295    252.469   -0.00331    6.73614    9.62662  293.47872   15.16606 5.6561e-02     0.7684     0.2400    94.1758 0.0000e+00
        648 204.816966    0.04496     2.6976    161.858     95.918  51005.459    32.2087     7.8539     95.000     7.8338    25.1045     5.6393     8.0592     83.629    245.684    251.852   -0.00514    6.74323    9.63675  293.77765   15.18019 5.6696e-02     0.7405     0.2408    94.1576 0.0000e+00
        652 204.816975    0.04519     2.7116    162.696     96.924  51020.742    32.2165     7.8392     96.000     7.8225    25.1127     5.6287     8.0439     83.448    245.218    251.376   -0.00577    6.74513    9.63947  293.85801   15.18399 5.6299e-02     0.7374     0.2426    94.1156 0.0000e+00
        656 204.816988    0.04548     2.7286    163.717     97.933  51021.066    32.2134     7.8218     97.000     7.8015    25.1127     5.6273     8.0420     83.393    245.158    251.315   -0.00458    6.74793    9.64346  293.97983   15.18982 5.6300e-02     0.7095     0.2420    94.1303 0.0000e+00
        661 204.817003    0.04586     2.7517    165.104     98.948  51027.767    32.2121     7.7887     98.000     7.7631    25.1164     5.6244     8.0379     83.287    245.032    251.186   -0.00351    6.75306    9.65080  294.20261   15.20047 5.6302e-02     0.7001     0.2414    94.1448 0.0000e+00
        667 204.817019    0.04622     2.7732    166.390     99.970  51068.550    32.2331     7.7464     99.000     7.7290    25.1388     5.6156     8.0253     83.089    244.645    250.795   -0.00390    6.75862    9.65875  294.43814   15.21163 5.6277e-02     0.6847     0.2426    94.1137 0.0000e+00
        670 204.817027    0.04645     2.7867    167.201    100.965  51082.273    32.2404     7.7353    100.000     7.7198    25.1462     5.6101     8.0174     82.988    244.399    250.545   -0.00402    6.76001    9.66073  294.49671   15.21439 5.6285e-02     0.6604     0.2469    94.0132 0.0000e+00
        673 204.817038    0.04669     2.8015    168.089    101.972  51077.710    32.2342     7.7205    101.000     7.6920    25.1435     5.6104     8.0179     82.963    244.415    250.561   -0.00320    6.76257    9.66438  294.60876   15.21977 5.6204e-02     0.6619     0.2436    94.0909 0.0000e+00
        678 204.817051    0.04700     2.8203    169.217    102.990  51079.732    32.2259     7.6653    102.000     7.6153    25.1446     5.6050     8.0101     82.774    244.178    250.317   -0.00365    6.77143    9.67706  294.99469   15.23823 5.6152e-02     0.6589     0.2463    94.0294 0.0000e+00
        682 204.817064    0.04731     2.8388    170.328    104.000  51116.708    32.2352     7.5709    103.000     7.5295    25.1651     5.6001     8.0030     82.529    243.960    250.099   -0.00457    6.78560    9.69730  295.60580   15.26736 5.6069e-02     0.6571     0.2503    93.9350 0.0000e+00
        686 204.817076    0.04760     2.8560    171.359    105.004  51155.619    32.2522     7.5142    104.000     7.4854    25.1864     5.5940     7.9944     82.342    243.692    249.829   -0.00492    6.79362    9.70876  295.94909   15.28368 5.6069e-02     0.6560     0.2527    93.8787 0.0000e+00
        691 204.817090    0.04794     2.8764    172.581    106.022  51165.897    32.2509     7.4678    105.000     7.4353    25.1919     5.5845     7.9807     82.114    243.274    249.403   -0.00506    6.80088    9.71914  296.26393   15.29871 5.5977e-02     0.6810     0.2554    93.8137 0.0000e+00
        695 204.817102    0.04822     2.8935    173.613    107.034  51163.839    32.2397     7.4143    106.000     7.3757    25.1903     5.5785     7.9723     81.921    243.015    249.137   -0.00514    6.80969    9.73173  296.64826   15.31709 5.6064e-02     0.6528     0.2607    93.6902 0.0000e+00
        699 204.817111    0.04845     2.9073    174.438    108.032  51158.190    32.2269     7.3658    107.000     7.3174    25.1869     5.5751     7.9675     81.772    242.869    248.986   -0.00530    6.81783    9.74335  297.00349   15.33410 5.6028e-02     0.6420     0.2586    93.7396 0.0000e+00
