CTD-processing/allCTD/CNV/2014_08-13_t9_s03_cast030_4141.cnv
* Sea-Bird SBE19plus Data File:
* FileName = C:\Users\kris.holderied\Documents\kasitsna\Research-Projects-and-Data\Oceanography-AK\CTD-Data-ALL-to-2014-06\2014-CTD-KachemakBay-CookInlet\2014-08-13-CookInlet-HomerSpit-monthly\2014-08-13-CookInlet-Tran9-cast030.hex
* Software Version 1.59
* Temperature SN =  4141
* Conductivity SN =  4141
* System UpLoad Time = Oct 13 2014 00:33:30
** Cook Inlet LTM Transect 9 (Homer Spit) North to South
** Date: 08-13
** Station: 9-03
** Start time: 12:18
** Depth (m): 85.4
** Comment:  CTD time is Alaska Daylight time.  R/V Barnacle. Transducer  depth.
** Comment:
# nquan = 27
# nvalues = 87                          
# units = specified
# name 0 = scan: Scan Count
# name 1 = timeJ: Julian Days
# name 2 = timeH: Time, Elapsed [hours]
# name 3 = timeM: Time, Elapsed [minutes]
# name 4 = timeS: Time, Elapsed [seconds]
# name 5 = prdM: Pressure, Strain Gauge [db]
# name 6 = specc: Specific Conductance [uS/cm]
# name 7 = sal00: Salinity, Practical [PSU]
# name 8 = tv290C: Temperature [ITS-90, deg C]
# name 9 = depSM: Depth [salt water, m], lat = 59.00
# name 10 = potemp090C: Potential Temperature [ITS-90, deg C]
# name 11 = sigma-é00: Density [sigma-theta, kg/m^3]
# name 12 = sbeox0ML/L: Oxygen, SBE 43 [ml/l]
# name 13 = sbeox0Mg/L: Oxygen, SBE 43 [mg/l]
# name 14 = sbeox0PS: Oxygen, SBE 43 [% saturation]
# name 15 = sbox0Mm/Kg: Oxygen, SBE 43 [umol/kg]
# name 16 = sbeox0Mm/L: Oxygen, SBE 43 [umol/l]
# name 17 = sbox0dV/dT: Oxygen, SBE 43 [dov/dt]
# name 18 = oxsolML/L: Oxygen Saturation, Garcia & Gordon [ml/l]
# name 19 = oxsolMg/L: Oxygen Saturation, Garcia & Gordon [mg/l]
# name 20 = oxsolMm/Kg: Oxygen Saturation, Garcia & Gordon [umol/kg]
# name 21 = n2satMg/L: Nitrogen Saturation [mg/l]
# name 22 = par: PAR/Irradiance, Biospherical/Licor
# name 23 = wetStar: Fluorescence, WET Labs WETstar [mg/m^3]
# name 24 = CStarAt0: Beam Attenuation, WET Labs C-Star [1/m]
# name 25 = CStarTr0: Beam Transmission, WET Labs C-Star [%]
# name 26 = flag: flag
# span 0 =        332,        647       
# span 1 = 225.514903, 225.515815       
# span 2 =    0.02296,    0.04485       
# span 3 =     1.3775,     2.6909       
# span 4 =     82.648,    161.455       
# span 5 =      1.013,     87.815       
# span 6 =  39657.264,  49330.738       
# span 7 =    24.7734,    31.3485       
# span 8 =     9.9893,    11.4671       
# span 9 =      1.000,     87.000       
# span 10 =     9.9732,    11.4666      
# span 11 =    18.7792,    24.1043      
# span 12 =     5.6497,     6.7885      
# span 13 =     8.0741,     9.7014      
# span 14 =     87.379,    104.278      
# span 15 =    246.381,    297.500      
# span 16 =    252.320,    303.175      
# span 17 =   -0.05388,    0.00638      
# span 18 =    6.31719,    6.55337      
# span 19 =    9.02789,    9.36542      
# span 20 =  275.60648,  287.27855      
# span 21 =   14.31601,   14.90033      
# span 22 = 4.9358e-02, 1.5783e+02      
# span 23 =     0.7988,     2.8960      
# span 24 =     0.4278,     3.1183      
# span 25 =    45.8781,    89.8566      
# span 26 = 0.0000e+00, 0.0000e+00      
# interval = meters: 1                  
# start_time = Aug 13 2014 12:20:05 [Instrument's time stamp, header]
# bad_flag = -9.990e-29
*END*
[from data line 54]
        552 225.515541    0.03825     2.2954    137.725     55.525  48938.019    31.1776    10.7638     55.000    10.7449    23.8424     6.0586     8.6583     95.188    264.275    270.576    0.00191    6.36487    9.09603  277.63529   14.41256 5.0004e-02     0.8214     0.6064    85.9328 0.0000e+00
        555 225.515550    0.03846     2.3077    138.460     56.537  48940.101    31.1765    10.7448     56.000    10.7235    23.8448     6.0657     8.6686     95.261    264.589    270.898    0.00272    6.36751    9.09982  277.75033   14.41807 4.9823e-02     0.8201     0.6508    84.9846 0.0000e+00
        558 225.515558    0.03866     2.3198    139.188     57.546  48955.657    31.1847    10.7249     57.000    10.7100    23.8546     6.0581     8.6577     95.106    264.254    270.558    0.00051    6.36992    9.10326  277.85268   14.42294 5.0368e-02     0.8452     0.6779    84.4108 0.0000e+00
        561 225.515566    0.03887     2.3321    139.925     58.556  48966.738    31.1909    10.7146     58.000    10.7047    23.8612     6.0491     8.6448     94.946    263.858    270.154   -0.00168    6.37109    9.10492  277.90165   14.42525 5.0253e-02     0.8181     0.7229    83.4669 0.0000e+00
        564 225.515575    0.03907     2.3443    140.659     59.566  48971.616    31.1934    10.7098     59.000    10.7004    23.8640     6.0411     8.6333     94.812    263.507    269.795   -0.00256    6.37164    9.10571  277.92518   14.42637 5.0043e-02     0.8454     0.7619    82.6583 0.0000e+00
        567 225.515583    0.03928     2.3564    141.386     60.575  48976.771    31.1962    10.7065     60.000    10.6973    23.8668     6.0325     8.6212     94.673    263.134    269.414   -0.00349    6.37198    9.10619  277.93900   14.42702 4.9895e-02     0.8866     0.7544    82.8122 0.0000e+00
        569 225.515591    0.03947     2.3685    142.112     61.585  48973.413    31.1929    10.7015     61.000    10.6858    23.8650     6.0401     8.6319     94.779    263.465    269.753   -0.00255    6.37282    9.10740  277.97613   14.42881 4.9895e-02     0.8302     0.7846    82.1893 0.0000e+00
        572 225.515600    0.03968     2.3807    142.842     62.595  48984.968    31.1994    10.6911     62.000    10.6799    23.8719     6.0524     8.6493     94.954    263.995    270.298    0.00032    6.37398    9.10906  278.02518   14.43113 5.0047e-02     0.9032     0.8039    81.7938 0.0000e+00
        575 225.515609    0.03988     2.3928    143.566     63.604  48972.609    31.1892    10.6822     63.000    10.6535    23.8655     6.0484     8.6436     94.867    263.823    270.119   -0.00009    6.37563    9.11140  278.09857   14.43469 5.0382e-02     0.8743     0.7827    82.2272 0.0000e+00
        578 225.515616    0.04008     2.4048    144.288     64.614  48990.588    31.1977    10.6503     64.000    10.6267    23.8776     6.0399     8.6316     94.674    263.451    269.741   -0.00249    6.37967    9.11719  278.27160   14.44294 4.9809e-02     0.8163     0.8223    81.4178 0.0000e+00
        581 225.515625    0.04028     2.4168    145.007     65.623  48998.743    31.2005    10.6290     65.000    10.5968    23.8834     6.0417     8.6341     94.660    263.527    269.821   -0.00245    6.38250    9.12123  278.39345   14.44877 5.0021e-02     0.8774     0.8390    81.0782 0.0000e+00
        584 225.515634    0.04048     2.4287    145.723     66.635  49003.562    31.1989    10.5890     66.000    10.5303    23.8888     6.0412     8.6336     94.570    263.507    269.802   -0.00232    6.38810    9.12923  278.63605   14.46039 5.0060e-02     0.8997     0.8965    79.9225 0.0000e+00
        587 225.515641    0.04067     2.4404    146.427     67.644  48965.854    31.1605    10.4947     67.000    10.3710    23.8748     6.0389     8.6302     94.318    263.410    269.699   -0.00404    6.40273    9.15015  279.27834   14.49129 4.9754e-02     0.8766     0.9913    78.0593 0.0000e+00
        590 225.515650    0.04087     2.4522    147.128     68.650  49083.396    31.2234    10.3325     68.000    10.2513    23.9510     6.0149     8.5959     93.650    262.341    268.625   -0.00883    6.42275    9.17874  280.13044   14.53181 4.9764e-02     0.9157     1.1994    74.0984 0.0000e+00
        592 225.515658    0.04107     2.4645    147.872     69.662  49184.369    31.2835    10.2445     69.000    10.2157    24.0125     5.9239     8.4659     92.093    258.359    264.562   -0.02063    6.43259    9.19282  280.54284   14.55131 4.9769e-02     0.9122     1.3685    71.0343 0.0000e+00
        596 225.515667    0.04129     2.4773    148.640     70.672  49212.522    31.3000    10.2207     70.000    10.2065    24.0293     5.8156     8.3110     90.370    253.629    259.723   -0.03305    6.43525    9.19662  280.65433   14.55658 5.0046e-02     0.9449     1.4805    69.0702 0.0000e+00
        599 225.515676    0.04151     2.4903    149.416     71.682  49205.669    31.2934    10.2100     71.000    10.1808    24.0260     5.7540     8.2231     89.389    250.944    256.973   -0.03562    6.43703    9.19915  280.73252   14.56035 4.9628e-02     0.9844     1.5238    68.3207 0.0000e+00
        602 225.515685    0.04172     2.5032    150.193     72.692  49220.801    31.2991    10.1734     72.000    10.1450    24.0364     5.7379     8.2000     89.071    250.239    256.254   -0.02944    6.44192    9.20614  280.94309   14.57040 4.9667e-02     1.0350     1.5980    67.0684 0.0000e+00
        605 225.515694    0.04194     2.5162    150.969     73.704  49244.299    31.3116    10.1445     73.000    10.1248    24.0510     5.7424     8.2064     89.091    250.430    256.454   -0.02149    6.44547    9.21121  281.09384   14.57756 4.9518e-02     0.9706     1.7087    65.2375 0.0000e+00
        608 225.515703    0.04214     2.5287    151.723     74.712  49258.683    31.3194    10.1291     74.000    10.1162    24.0596     5.7401     8.2032     89.032    250.333    256.356   -0.01578    6.44731    9.21386  281.17224   14.58128 4.9599e-02     1.0212     1.7781    64.1137 0.0000e+00
        611 225.515712    0.04235     2.5412    152.470     75.719  49263.065    31.3213    10.1230     75.000    10.1106    24.0621     5.7279     8.1857     88.830    249.795    255.805   -0.01362    6.44809    9.21497  281.20547   14.58287 4.9768e-02     0.9102     1.8401    63.1266 0.0000e+00
        614 225.515720    0.04257     2.5540    153.241     76.733  49263.131    31.3202    10.1166     76.000    10.0992    24.0623     5.7151     8.1675     88.619    249.239    255.237   -0.01221    6.44905    9.21632  281.24698   14.58486 4.9873e-02     0.9724     1.8650    62.7343 0.0000e+00
        617 225.515729    0.04278     2.5666    153.995     77.743  49269.607    31.3225    10.1023     77.000    10.0858    24.0665     5.7147     8.1668     88.586    249.218    255.216   -0.00970    6.45096    9.21905  281.32893   14.58877 4.9558e-02     0.9929     1.8775    62.5397 0.0000e+00
        620 225.515738    0.04298     2.5788    154.728     78.751  49279.462    31.3278    10.0925     78.000    10.0793    24.0723     5.7176     8.1710     88.616    249.345    255.347   -0.00688    6.45211    9.22072  281.37789   14.59110 4.9759e-02     0.9364     1.9223    61.8435 0.0000e+00
        623 225.515746    0.04318     2.5910    155.459     79.760  49284.056    31.3297    10.0851     79.000    10.0730    24.0749     5.7157     8.1683     88.574    249.264    255.265   -0.00535    6.45308    9.22210  281.41942   14.59307 4.9789e-02     0.9274     1.9418    61.5423 0.0000e+00
        626 225.515755    0.04339     2.6035    156.208     80.773  49283.192    31.3280    10.0800     80.000    10.0648    24.0745     5.7044     8.1521     88.386    248.768    254.757   -0.00569    6.45386    9.22321  281.45368   14.59472 5.0017e-02     0.9213     1.9682    61.1379 0.0000e+00
        629 225.515763    0.04359     2.6158    156.946     81.779  49290.831    31.3320    10.0718     81.000    10.0590    24.0789     5.7019     8.1487     88.335    248.662    254.649   -0.00538    6.45487    9.22466  281.49630   14.59674 4.9942e-02     0.9230     1.9821    60.9257 0.0000e+00
        632 225.515772    0.04380     2.6282    157.692     82.791  49286.768    31.3279    10.0657     82.000    10.0406    24.0767     5.6996     8.1453     88.285    248.559    254.544   -0.00420    6.45590    9.22612  281.54181   14.59894 4.9909e-02     0.9644     2.0062    60.5601 0.0000e+00
        635 225.515780    0.04401     2.6406    158.434     83.801  49295.558    31.3301    10.0384     83.000    10.0113    24.0830     5.6941     8.1375     88.149    248.320    254.300   -0.00440    6.45964    9.23147  281.70325   14.60665 4.9724e-02     0.9725     2.0717    59.5775 0.0000e+00
        638 225.515789    0.04422     2.6528    159.168     84.810  49316.613    31.3416    10.0149     84.000     9.9963    24.0958     5.6836     8.1224     87.948    247.858    253.830   -0.00538    6.46250    9.23556  281.82444   14.61241 4.9611e-02     0.9493     2.1437    58.5143 0.0000e+00
        641 225.515798    0.04441     2.6651    159.903     85.819  49329.025    31.3484    10.0030     85.000     9.9902    24.1031     5.6719     8.1057     87.748    247.346    253.308   -0.00601    6.46389    9.23756  281.88330   14.61519 5.0146e-02     0.9487     2.2111    57.5367 0.0000e+00
        644 225.515806    0.04462     2.6776    160.655     86.828  49330.688    31.3485     9.9981     86.000     9.9835    24.1040     5.6602     8.0891     87.558    246.838    252.788   -0.00656    6.46458    9.23853  281.91287   14.61661 4.9781e-02     0.9512     2.2775    56.5913 0.0000e+00
        647 225.515815    0.04485     2.6909    161.455     87.815  49330.738    31.3470     9.9893     87.000     9.9732    24.1043     5.6497     8.0741     87.379    246.381    252.320   -0.00653    6.46589    9.24041  281.97011   14.61935 4.9358e-02     0.9318     2.5757    52.5780 0.0000e+00
