CTD-processing/allCTD/CNV/2014_04-06_t6_s20_cast257_5028.cnv
* Sea-Bird SBE19plus Data File:
* FileName = C:\Users\kris.holderied\Documents\kasitsna\Research-Projects-and-Data\Oceanography-AK\CTD-CookInlet-GulfWatchAK\2014-04-EVOSTC-CookInlet-Ocean\2014-04-06-CookInlet-Tran6-Douglas\2014-04-06-CookInlet-Tran6-cast257.hex
* Software Version 1.59
* Temperature SN =  5028
* Conductivity SN =  5028
* System UpLoad Time = Apr 09 2014 11:38:40
** Cook Inlet LTM Transect 6 (Douglas) east to west
** Date: 6 Apr 2014
** Station: 6-20
** Start time: 15:14
** Depth (m): 173
** Comment:  CTD instrument time is AK Daylight time
** Comment:
# nquan = 27
# nvalues = 171                         
# units = specified
# name 0 = scan: Scan Count
# name 1 = timeJ: Julian Days
# name 2 = timeH: Time, Elapsed [hours]
# name 3 = timeM: Time, Elapsed [minutes]
# name 4 = timeS: Time, Elapsed [seconds]
# name 5 = prdM: Pressure, Strain Gauge [db]
# name 6 = specc: Specific Conductance [uS/cm]
# name 7 = sal00: Salinity, Practical [PSU]
# name 8 = tv290C: Temperature [ITS-90, deg C]
# name 9 = depSM: Depth [salt water, m], lat = 59.00
# name 10 = potemp090C: Potential Temperature [ITS-90, deg C]
# name 11 = sigma-é00: Density [sigma-theta, kg/m^3]
# name 12 = sbeox0ML/L: Oxygen, SBE 43 [ml/l]
# name 13 = sbeox0Mg/L: Oxygen, SBE 43 [mg/l]
# name 14 = sbeox0PS: Oxygen, SBE 43 [% saturation]
# name 15 = sbox0Mm/Kg: Oxygen, SBE 43 [umol/kg]
# name 16 = sbeox0Mm/L: Oxygen, SBE 43 [umol/l]
# name 17 = sbox0dV/dT: Oxygen, SBE 43 [dov/dt]
# name 18 = oxsolML/L: Oxygen Saturation, Garcia & Gordon [ml/l]
# name 19 = oxsolMg/L: Oxygen Saturation, Garcia & Gordon [mg/l]
# name 20 = oxsolMm/Kg: Oxygen Saturation, Garcia & Gordon [umol/kg]
# name 21 = potemp090C: Potential Temperature [ITS-90, deg C]
# name 22 = n2satMg/L: Nitrogen Saturation [mg/l]
# name 23 = par: PAR/Irradiance, Biospherical/Licor
# name 24 = flECO-AFL: Fluorescence, WET Labs ECO-AFL/FL [mg/m^3]
# name 25 = turbWETntu0: Turbidity, WET Labs ECO [NTU]
# name 26 = flag: flag
# span 0 =        128,        970       
# span 1 =  96.635334,  96.637769       
# span 2 =    0.00884,    0.06730       
# span 3 =     0.5307,     4.0384       
# span 4 =     31.843,    242.304       
# span 5 =      1.010,    172.687       
# span 6 =  51015.143,  52062.181       
# span 7 =    31.7310,    32.3342       
# span 8 =     4.8365,     4.9657       
# span 9 =      1.000,    171.000       
# span 10 =     4.8330,     4.9526      
# span 11 =    25.0884,    25.5727      
# span 12 =     5.6290,     6.8171      
# span 13 =     8.0444,     9.7422      
# span 14 =     77.949,     94.279      
# span 15 =    245.176,    296.876      
# span 16 =    251.392,    304.448      
# span 17 =   -0.00331,    0.02712      
# span 18 =    7.21479,    7.23685      
# span 19 =   10.31066,   10.34219      
# span 20 =  314.17887,  315.29764      
# span 21 =     4.8330,     4.9657      
# span 22 =   16.15233,   16.20801      
# span 23 = 3.7912e-02, 3.4944e+02      
# span 24 =    -0.0879,     6.9704      
# span 25 =     0.2668,     2.2116      
# span 26 = 0.0000e+00, 0.0000e+00      
# interval = meters: 1                  
# start_time = Apr 06 2014 15:14:21 [Instrument's time stamp, header]
# bad_flag = -9.990e-29
*END*
[from data line 108]
        735  96.637089    0.05097     3.0581    183.484    110.058  51972.725    32.2961     4.8833    109.000     4.8755    25.5456     6.6360     9.4835     91.879    288.982    296.364   -0.00211    7.22254   10.32173  314.52404     4.8754   16.16890 4.1475e-02     0.2504     0.5708 0.0000e+00
        739  96.637102    0.05128     3.0770    184.622    111.068  51973.522    32.2962     4.8836    110.000     4.8757    25.5457     6.6305     9.4756     91.803    288.741    296.117   -0.00199    7.22248   10.32165  314.52132     4.8756   16.16878 4.0843e-02     0.2506     0.5806 0.0000e+00
        743  96.637112    0.05153     3.0919    185.515    112.078  51974.815    32.2967     4.8840    111.000     4.8761    25.5461     6.6320     9.4778     91.826    288.808    296.186   -0.00168    7.22240   10.32153  314.51753     4.8759   16.16860 4.0276e-02     0.2464     0.5930 0.0000e+00
        746  96.637122    0.05176     3.1054    186.323    113.088  51975.782    32.2969     4.8843    112.000     4.8762    25.5462     6.6309     9.4762     91.810    288.757    296.134   -0.00151    7.22233   10.32143  314.51452     4.8762   16.16845 3.9753e-02     0.2513     0.5850 0.0000e+00
        750  96.637132    0.05200     3.1202    187.214    114.098  51976.460    32.2969     4.8845    113.000     4.8763    25.5462     6.6278     9.4718     91.769    288.625    295.999   -0.00146    7.22230   10.32138  314.51313     4.8763   16.16838 3.9305e-02     0.2495     0.5923 0.0000e+00
        754  96.637145    0.05231     3.1388    188.329    115.107  51977.668    32.2973     4.8847    114.000     4.8766    25.5465     6.6277     9.4717     91.769    288.622    295.995   -0.00123    7.22224   10.32131  314.51069     4.8764   16.16826 3.8920e-02     0.2521     0.5931 0.0000e+00
        759  96.637158    0.05263     3.1575    189.448    116.118  51978.912    32.2978     4.8851    115.000     4.8768    25.5468     6.6192     9.4595     91.651    288.248    295.612   -0.00137    7.22215   10.32118  314.50677     4.8767   16.16807 3.8546e-02     0.2534     0.5976 0.0000e+00
        763  96.637169    0.05289     3.1730    190.380    117.128  51979.573    32.2978     4.8854    116.000     4.8769    25.5469     6.6179     9.4577     91.635    288.196    295.558   -0.00128    7.22211   10.32112  314.50495     4.8769   16.16799 3.8207e-02     0.2471     0.6107 0.0000e+00
        766  96.637179    0.05312     3.1874    191.242    118.138  51980.230    32.2978     4.8855    117.000     4.8770    25.5468     6.6243     9.4667     91.722    288.472    295.841   -0.00088    7.22208   10.32108  314.50375     4.8770   16.16793 3.8000e-02     0.2515     0.6237 0.0000e+00
        770  96.637189    0.05337     3.2023    192.139    119.148  51980.970    32.2977     4.8856    118.000     4.8770    25.5468     6.6287     9.4731     91.783    288.663    296.038   -0.00060    7.22207   10.32105  314.50299     4.8770   16.16789 3.7928e-02     0.2576     0.6172 0.0000e+00
        774  96.637201    0.05367     3.2201    193.203    120.158  51982.220    32.2981     4.8856    119.000     4.8768    25.5471     6.6290     9.4735     91.788    288.676    296.050   -0.00052    7.22205   10.32103  314.50226     4.8769   16.16786 3.7915e-02     0.2564     0.6168 0.0000e+00
        779  96.637215    0.05400     3.2399    194.396    121.167  51983.674    32.2986     4.8855    120.000     4.8768    25.5475     6.6274     9.4712     91.767    288.606    295.979   -0.00051    7.22204   10.32102  314.50170     4.8768   16.16783 3.7912e-02     0.2558     0.6182 0.0000e+00
        783  96.637227    0.05430     3.2577    195.460    122.178  51984.624    32.2988     4.8855    121.000     4.8765    25.5476     6.6272     9.4710     91.764    288.600    295.973   -0.00049    7.22204   10.32102  314.50153     4.8767   16.16782 3.7912e-02     0.2476     0.6439 0.0000e+00
        786  96.637238    0.05454     3.2725    196.349    123.188  51985.109    32.2984     4.8849    122.000     4.8754    25.5475     6.6330     9.4793     91.843    288.852    296.231   -0.00021    7.22215   10.32117  314.50628     4.8760   16.16806 3.7912e-02     0.2457     0.6337 0.0000e+00
        790  96.637248    0.05478     3.2871    197.224    124.198  51986.858    32.2989     4.8839    123.000     4.8745    25.5480     6.6306     9.4758     91.807    288.747    296.123   -0.00031    7.22231   10.32141  314.51339     4.8749   16.16839 3.7912e-02     0.2427     0.6034 0.0000e+00
        794  96.637259    0.05505     3.3030    198.179    125.208  51987.469    32.2987     4.8833    124.000     4.8736    25.5478     6.6312     9.4767     91.814    288.773    296.150   -0.00030    7.22242   10.32156  314.51788     4.8743   16.16860 3.7912e-02     0.2396     0.5820 0.0000e+00
        798  96.637271    0.05535     3.3209    199.252    126.218  51987.950    32.2981     4.8813    125.000     4.8710    25.5476     6.6330     9.4791     91.834    288.848    296.227   -0.00021    7.22279   10.32209  314.53431     4.8722   16.16939 3.7912e-02     0.2521     0.5621 0.0000e+00
        803  96.637285    0.05566     3.3398    200.391    127.228  51990.402    32.2988     4.8789    126.000     4.8690    25.5484     6.6297     9.4744     91.783    288.705    296.080   -0.00036    7.22318   10.32265  314.55100     4.8697   16.17018 3.7912e-02     0.2488     0.5379 0.0000e+00
        807  96.637297    0.05596     3.3576    201.457    128.239  51994.480    32.3008     4.8778    127.000     4.8690    25.5501     6.6321     9.4779     91.816    288.811    296.190   -0.00025    7.22326   10.32276  314.55395     4.8686   16.17031 3.7912e-02     0.2346     0.5444 0.0000e+00
        810  96.637307    0.05621     3.3724    202.342    129.249  51999.180    32.3038     4.8792    128.000     4.8717    25.5524     6.6328     9.4789     91.830    288.839    296.220   -0.00020    7.22289   10.32222  314.53691     4.8698   16.16949 3.7912e-02     0.2254     0.5626 0.0000e+00
        814  96.637317    0.05643     3.3859    203.156    130.258  52001.892    32.3059     4.8825    129.000     4.8746    25.5537     6.6313     9.4768     91.818    288.774    296.154   -0.00024    7.22220   10.32125  314.50674     4.8731   16.16805 3.7912e-02     0.2263     0.5811 0.0000e+00
        817  96.637327    0.05668     3.4008    204.048    131.268  52003.604    32.3071     4.8845    130.000     4.8751    25.5544     6.6304     9.4754     91.810    288.734    296.112   -0.00026    7.22181   10.32069  314.48951     4.8750   16.16722 3.7912e-02     0.2330     0.6016 0.0000e+00
        821  96.637338    0.05695     3.4170    205.023    132.278  52006.672    32.3087     4.8845    131.000     4.8748    25.5557     6.6323     9.4782     91.838    288.818    296.199   -0.00018    7.22173   10.32057  314.48562     4.8749   16.16703 3.7912e-02     0.2335     0.6002 0.0000e+00
        825  96.637350    0.05722     3.4333    206.000    133.289  52008.836    32.3096     4.8844    132.000     4.8748    25.5564     6.6335     9.4800     91.855    288.871    296.253   -0.00013    7.22170   10.32053  314.48391     4.8748   16.16695 3.7912e-02     0.2388     0.5854 0.0000e+00
        829  96.637361    0.05749     3.4497    206.979    134.299  52010.303    32.3102     4.8846    133.000     4.8751    25.5569     6.6307     9.4759     91.817    288.748    296.128   -0.00024    7.22163   10.32043  314.48084     4.8749   16.16679 3.7912e-02     0.2404     0.5821 0.0000e+00
        833  96.637372    0.05777     3.4658    207.951    135.309  52011.876    32.3109     4.8852    134.000     4.8757    25.5574     6.6248     9.4674     91.737    288.487    295.861   -0.00047    7.22150   10.32025  314.47504     4.8754   16.16651 3.7912e-02     0.2382     0.5809 0.0000e+00
        836  96.637382    0.05801     3.4803    208.818    136.319  52013.385    32.3116     4.8859    135.000     4.8767    25.5579     6.6212     9.4624     91.689    288.333    295.702   -0.00058    7.22135   10.32003  314.46821     4.8761   16.16619 3.7912e-02     0.2335     0.5707 0.0000e+00
        840  96.637392    0.05823     3.4940    209.638    137.329  52015.853    32.3131     4.8873    136.000     4.8785    25.5589     6.6217     9.4630     91.700    288.354    295.724   -0.00052    7.22103   10.31958  314.45422     4.8774   16.16552 3.7912e-02     0.2400     0.5648 0.0000e+00
        843  96.637402    0.05848     3.5091    210.546    138.339  52016.824    32.3138     4.8895    137.000     4.8804    25.5592     6.6234     9.4655     91.729    288.429    295.801   -0.00038    7.22062   10.31898  314.43590     4.8795   16.16464 3.7912e-02     0.2299     0.5732 0.0000e+00
        847  96.637413    0.05875     3.5249    211.496    139.349  52017.241    32.3139     4.8912    138.000     4.8817    25.5592     6.6234     9.4655     91.734    288.430    295.802   -0.00034    7.22032   10.31856  314.42290     4.8811   16.16402 3.7912e-02     0.2247     0.5614 0.0000e+00
        850  96.637423    0.05899     3.5393    212.359    140.360  52018.912    32.3149     4.8925    139.000     4.8834    25.5598     6.6225     9.4643     91.725    288.393    295.764   -0.00036    7.22004   10.31816  314.41055     4.8824   16.16343 3.7912e-02     0.2226     0.5561 0.0000e+00
        854  96.637433    0.05922     3.5532    213.193    141.370  52020.105    32.3156     4.8943    140.000     4.8852    25.5602     6.6225     9.4644     91.729    288.393    295.764   -0.00033    7.21970   10.31767  314.39583     4.8841   16.16273 3.7912e-02     0.2217     0.5604 0.0000e+00
        857  96.637443    0.05946     3.5680    214.082    142.379  52021.156    32.3163     4.8965    141.000     4.8874    25.5605     6.6210     9.4621     91.712    288.323    295.693   -0.00035    7.21928   10.31708  314.37745     4.8862   16.16185 3.7912e-02     0.2250     0.5473 0.0000e+00
        861  96.637454    0.05972     3.5836    215.015    143.389  52019.686    32.3152     4.8984    142.000     4.8879    25.5595     6.6200     9.4606     91.701    288.279    295.647   -0.00038    7.21900   10.31667  314.36550     4.8881   16.16129 3.7912e-02     0.2249     0.5253 0.0000e+00
        865  96.637464    0.05998     3.5989    215.936    144.400  52019.969    32.3148     4.8981    143.000     4.8876    25.5592     6.6225     9.4642     91.736    288.389    295.761   -0.00025    7.21909   10.31681  314.36958     4.8876   16.16148 3.7912e-02     0.2189     0.5333 0.0000e+00
        869  96.637476    0.06025     3.6148    216.889    145.410  52022.134    32.3159     4.8986    144.000     4.8886    25.5600     6.6226     9.4643     91.739    288.393    295.764   -0.00024    7.21895   10.31659  314.36278     4.8880   16.16115 3.7912e-02     0.2189     0.5328 0.0000e+00
        873  96.637487    0.06053     3.6316    217.895    146.420  52023.281    32.3165     4.8997    145.000     4.8897    25.5604     6.6256     9.4687     91.784    288.526    295.901   -0.00011    7.21872   10.31627  314.35300     4.8891   16.16069 3.7912e-02     0.2296     0.5237 0.0000e+00
        876  96.637497    0.06077     3.6465    218.791    147.430  52024.698    32.3173     4.9010    146.000     4.8911    25.5608     6.6250     9.4678     91.779    288.499    295.874   -0.00012    7.21846   10.31590  314.34143     4.8904   16.16013 3.7912e-02     0.2277     0.5314 0.0000e+00
        879  96.637507    0.06099     3.6596    219.578    148.441  52025.496    32.3176     4.9022    147.000     4.8921    25.5609     6.6204     9.4613     91.718    288.300    295.669   -0.00032    7.21824   10.31559  314.33186     4.8914   16.15968 3.7912e-02     0.2324     0.5447 0.0000e+00
        883  96.637516    0.06122     3.6734    220.406    149.451  52026.770    32.3183     4.9037    148.000     4.8937    25.5613     6.6178     9.4574     91.684    288.182    295.548   -0.00041    7.21796   10.31517  314.31945     4.8928   16.15908 3.7912e-02     0.2444     0.5546 0.0000e+00
        887  96.637528    0.06150     3.6898    221.391    150.461  52026.095    32.3176     4.9051    149.000     4.8943    25.5607     6.6128     9.4503     91.618    287.967    295.327   -0.00056    7.21774   10.31486  314.31009     4.8941   16.15864 3.7912e-02     0.2374     0.5638 0.0000e+00
        891  96.637540    0.06178     3.7068    222.407    151.471  52027.077    32.3179     4.9055    150.000     4.8949    25.5609     6.6075     9.4428     91.546    287.736    295.091   -0.00071    7.21765   10.31474  314.30619     4.8945   16.15845 3.7912e-02     0.2307     0.5742 0.0000e+00
        894  96.637550    0.06204     3.7225    223.348    152.481  52028.213    32.3184     4.9064    151.000     4.8957    25.5611     6.6052     9.4394     91.516    287.634    294.986   -0.00073    7.21747   10.31448  314.29832     4.8954   16.15808 3.7912e-02     0.2377     0.5750 0.0000e+00
        898  96.637562    0.06230     3.7384    224.302    153.491  52027.647    32.3176     4.9068    152.000     4.8954    25.5604     6.6050     9.4392     91.515    287.628    294.980   -0.00065    7.21745   10.31446  314.29792     4.8956   16.15806 3.7912e-02     0.2433     0.5775 0.0000e+00
        902  96.637572    0.06256     3.7537    225.219    154.501  52029.169    32.3180     4.9064    153.000     4.8953    25.5609     6.6027     9.4359     91.482    287.526    294.876   -0.00068    7.21748   10.31450  314.29887     4.8952   16.15810 3.7912e-02     0.2292     0.5705 0.0000e+00
        905  96.637582    0.06280     3.7677    226.059    155.512  52034.266    32.3212     4.9069    154.000     4.8969    25.5633     6.6002     9.4325     91.452    287.421    294.769   -0.00072    7.21725   10.31416  314.28783     4.8957   16.15756 3.7912e-02     0.2183     0.5731 0.0000e+00
        909  96.637591    0.06303     3.7816    226.894    156.522  52038.060    32.3238     4.9092    155.000     4.8989    25.5651     6.5985     9.4300     91.434    287.344    294.690   -0.00070    7.21673   10.31342  314.26477     4.8978   16.15646 3.7912e-02     0.2154     0.6153 0.0000e+00
        912  96.637602    0.06328     3.7972    227.831    157.532  52044.278    32.3281     4.9116    156.000     4.9020    25.5684     6.5929     9.4219     91.363    287.097    294.438   -0.00082    7.21611   10.31254  314.23672     4.9001   16.15510 3.7912e-02     0.2154     0.6807 0.0000e+00
        917  96.637615    0.06358     3.8147    228.881    158.543  52048.119    32.3311     4.9155    157.000     4.9050    25.5703     6.5858     9.4118     91.276    286.791    294.124   -0.00097    7.21528   10.31136  314.20033     4.9039   16.15336 3.7912e-02     0.2170     0.7973 0.0000e+00
        921  96.637626    0.06386     3.8317    229.904    159.553  52047.955    32.3309     4.9172    158.000     4.9058    25.5700     6.5816     9.4057     91.221    286.605    293.933   -0.00100    7.21500   10.31096  314.18810     4.9056   16.15278 3.7912e-02     0.2226     0.8809 0.0000e+00
        924  96.637637    0.06413     3.8474    230.841    160.562  52049.400    32.3315     4.9177    159.000     4.9061    25.5704     6.5740     9.3948     91.117    286.273    293.593   -0.00116    7.21489   10.31080  314.18324     4.9059   16.15254 3.7912e-02     0.2218     0.8928 0.0000e+00
        928  96.637647    0.06437     3.8620    231.719    161.573  52050.638    32.3319     4.9180    160.000     4.9062    25.5707     6.5600     9.3750     90.925    285.667    292.972   -0.00157    7.21482   10.31070  314.18003     4.9062   16.15239 3.7912e-02     0.2257     0.8893 0.0000e+00
        931  96.637657    0.06460     3.8762    232.570    162.584  52051.829    32.3322     4.9181    161.000     4.9061    25.5710     6.5510     9.3620     90.800    285.273    292.568   -0.00176    7.21479   10.31066  314.17887     4.9062   16.15233 3.7912e-02     0.2368     0.9014 0.0000e+00
