CTD-processing/allCTD/CNV/2014_10-13_t3_s02_cast097_4141.cnv
* Sea-Bird SBE19plus Data File:
* FileName = C:\Users\kris.holderied\Documents\kasitsna\Research-Projects-and-Data\Oceanography-AK\CTD-Data-ALL-to-2014-10\2014-CTD-KachemakBay-CookInlet\2014-10-EVOSTC-CookInlet\2014-10-13-CookInlet-Tran3-AnchorPt\2014-10-13-CookInlet-Tran3-cast097.hex
* Software Version 1.59
* Temperature SN =  4141
* Conductivity SN =  4141
* System UpLoad Time = Oct 13 2014 18:20:48
** Cook Inlet LTM Tran3 (Anchor Pt)  southeast to northwest
** Date: 10-13
** Station: 3-02
** Start time: 17:18
** Depth (m): 28
** Comment:  CTD time is Alaska Daylight time.  R/V Pandalus. Transducer  depth.
** Comment:
# nquan = 27
# nvalues = 29                          
# units = specified
# name 0 = scan: Scan Count
# name 1 = timeJ: Julian Days
# name 2 = timeH: Time, Elapsed [hours]
# name 3 = timeM: Time, Elapsed [minutes]
# name 4 = timeS: Time, Elapsed [seconds]
# name 5 = prdM: Pressure, Strain Gauge [db]
# name 6 = specc: Specific Conductance [uS/cm]
# name 7 = sal00: Salinity, Practical [PSU]
# name 8 = tv290C: Temperature [ITS-90, deg C]
# name 9 = depSM: Depth [salt water, m], lat = 59.00
# name 10 = potemp090C: Potential Temperature [ITS-90, deg C]
# name 11 = sigma-é00: Density [sigma-theta, kg/m^3]
# name 12 = sbeox0ML/L: Oxygen, SBE 43 [ml/l]
# name 13 = sbeox0Mg/L: Oxygen, SBE 43 [mg/l]
# name 14 = sbeox0PS: Oxygen, SBE 43 [% saturation]
# name 15 = sbox0Mm/Kg: Oxygen, SBE 43 [umol/kg]
# name 16 = sbeox0Mm/L: Oxygen, SBE 43 [umol/l]
# name 17 = sbox0dV/dT: Oxygen, SBE 43 [dov/dt]
# name 18 = oxsolML/L: Oxygen Saturation, Garcia & Gordon [ml/l]
# name 19 = oxsolMg/L: Oxygen Saturation, Garcia & Gordon [mg/l]
# name 20 = oxsolMm/Kg: Oxygen Saturation, Garcia & Gordon [umol/kg]
# name 21 = n2satMg/L: Nitrogen Saturation [mg/l]
# name 22 = par: PAR/Irradiance, Biospherical/Licor
# name 23 = wetStar: Fluorescence, WET Labs WETstar [mg/m^3]
# name 24 = CStarAt0: Beam Attenuation, WET Labs C-Star [1/m]
# name 25 = CStarTr0: Beam Transmission, WET Labs C-Star [%]
# name 26 = flag: flag
# span 0 =         16,        446       
# span 1 = 286.721386, 286.722630       
# span 2 =    0.00103,    0.03090       
# span 3 =     0.0619,     1.8539       
# span 4 =      3.716,    111.236       
# span 5 =      0.992,     29.266       
# span 6 =  45424.054,  45516.976       
# span 7 =    28.6092,    28.6639       
# span 8 =     9.6699,     9.7469       
# span 9 =      1.000,     29.000       
# span 10 =     9.7008,     9.7411      
# span 11 =    22.0182,    22.0551      
# span 12 =     4.9257,     5.9851      
# span 13 =     7.0392,     8.5534      
# span 14 =     74.473,     90.317      
# span 15 =    215.237,    261.542      
# span 16 =    219.978,    267.299      
# span 17 =   -0.02172,    0.00900      
# span 18 =    6.61436,    6.62711      
# span 19 =    9.45258,    9.47080      
# span 20 =  289.02642,  289.59271      
# span 21 =   14.96777,   14.99502      
# span 22 = -7.619e-01, 3.7713e+00      
# span 23 =     0.0811,     0.8499      
# span 24 =     2.4655,     8.8277      
# span 25 =    11.3441,    51.6389      
# span 26 = 0.0000e+00, 0.0000e+00      
# interval = meters: 1                  
# start_time = Oct 13 2014 17:18:44 [Instrument's time stamp, header]
# bad_flag = -9.990e-29
*END*
         16 286.721386    0.00103     0.0619      3.716      0.992  45424.054    28.6092     9.6699      1.000     9.7009    22.0182     5.9851     8.5534     90.317    261.542    267.299    0.00900    6.62711    9.47080  289.59271   14.99502 -7.619e-01     0.0811     5.0263    30.0193 0.0000e+00
        208 286.721941    0.01435     0.8613     51.675      2.015  45453.781    28.6342     9.7469      2.000     9.7387    22.0259     4.9257     7.0392     74.473    215.237    219.978   -0.02172    6.61451    9.45280  289.03740   14.96837 3.7713e+00     0.8499     2.4655    51.6389 0.0000e+00
        316 286.722254    0.02188     1.3126     78.756      3.025  45484.941    28.6554     9.7408      3.000     9.7411    22.0435     5.7263     8.1834     86.571    250.221    255.736   -0.00137    6.61455    9.45285  289.03458   14.96815 1.7045e-01     0.7157     3.0945    46.1397 0.0000e+00
        328 286.722290    0.02273     1.3635     81.808      4.033  45484.234    28.6547     9.7423      4.000     9.7392    22.0426     5.7616     8.2338     87.106    251.761    257.311    0.00019    6.61436    9.45258  289.02642   14.96777 3.5185e-02     0.7815     3.0755    46.3541 0.0000e+00
        333 286.722303    0.02305     1.3831     82.984      5.048  45483.426    28.6528     9.7345      5.000     9.7297    22.0424     5.7695     8.2451     87.210    252.106    257.663    0.00096    6.61559    9.45433  289.08004   14.97034 3.6250e-02     0.7427     3.0136    47.0819 0.0000e+00
        338 286.722317    0.02337     1.4024     84.145      6.059  45490.138    28.6564     9.7278      6.000     9.7244    22.0462     5.7623     8.2349     87.091    251.793    257.344   -0.00034    6.61640    9.45551  289.11483   14.97199 3.6395e-02     0.6997     3.1907    45.0403 0.0000e+00
        342 286.722328    0.02366     1.4195     85.168      7.070  45482.874    28.6493     9.7140      7.000     9.7041    22.0429     5.7533     8.2221     86.925    251.403    256.944   -0.00203    6.61874    9.45884  289.21779   14.97693 3.6383e-02     0.7042     3.7007    39.7650 0.0000e+00
        345 286.722339    0.02391     1.4343     86.057      8.080  45499.807    28.6592     9.7022      8.000     9.7008    22.0524     5.7435     8.2080     86.759    250.968    256.503   -0.00306    6.62004    9.46070  289.27176   14.97947 3.6382e-02     0.7263     4.8360    29.7810 0.0000e+00
        349 286.722348    0.02414     1.4481     86.885      9.077  45501.349    28.6599     9.7019      9.000     9.7009    22.0530     5.7400     8.2030     86.706    250.817    256.348   -0.00312    6.62006    9.46073  289.27261   14.97951 3.6382e-02     0.7091     5.2653    26.8176 0.0000e+00
        353 286.722362    0.02446     1.4676     88.055     10.092  45500.631    28.6590     9.7020     10.000     9.7010    22.0523     5.7400     8.2031     86.707    250.821    256.352   -0.00198    6.62008    9.46075  289.27357   14.97957 3.6382e-02     0.7570     4.6865    31.1254 0.0000e+00
        359 286.722378    0.02485     1.4911     89.468     11.108  45501.514    28.6592     9.7022     11.000     9.7009    22.0525     5.7374     8.1993     86.667    250.703    256.232   -0.00152    6.62004    9.46070  289.27181   14.97948 3.6382e-02     0.7055     4.2949    34.2054 0.0000e+00
        363 286.722391    0.02516     1.5096     90.575     12.119  45502.571    28.6596     9.7020     12.000     9.7009    22.0528     5.7373     8.1992     86.665    250.697    256.226   -0.00122    6.62005    9.46072  289.27218   14.97950 3.6382e-02     0.6607     4.8756    29.5992 0.0000e+00
        367 286.722401    0.02541     1.5241     91.447     13.125  45505.459    28.6613     9.7024     13.000     9.7017    22.0540     5.7413     8.2049     86.729    250.876    256.409   -0.00032    6.61992    9.46053  289.26626   14.97921 3.6382e-02     0.6689     5.5712    24.9038 0.0000e+00
        370 286.722410    0.02563     1.5376     92.257     14.125  45503.933    28.6599     9.7032     14.000     9.7017    22.0529     5.7417     8.2056     86.735    250.894    256.427   -0.00010    6.61986    9.46044  289.26376   14.97909 3.6382e-02     0.7062     5.9674    22.4951 0.0000e+00
        375 286.722426    0.02600     1.5599     93.593     15.137  45505.049    28.6603     9.7031     15.000     9.7015    22.0532     5.7443     8.2092     86.774    251.006    256.542    0.00010    6.61986    9.46045  289.26392   14.97910 3.6382e-02     0.6754     4.8637    30.0126 0.0000e+00
        382 286.722446    0.02649     1.5894     95.364     16.165  45506.638    28.6610     9.7035     16.000     9.7021    22.0538     5.7430     8.2073     86.755    250.947    256.481   -0.00013    6.61978    9.46032  289.25996   14.97890 3.6382e-02     0.7001     5.0684    28.4157 0.0000e+00
        386 286.722456    0.02673     1.6034     96.203     17.161  45506.861    28.6608     9.7041     17.000     9.7025    22.0535     5.7400     8.2031     86.712    250.819    256.350   -0.00077    6.61969    9.46020  289.25628   14.97873 3.6382e-02     0.7223     6.0103    22.3077 0.0000e+00
        389 286.722466    0.02697     1.6180     97.080     18.163  45507.866    28.6612     9.7046     18.000     9.7030    22.0538     5.7403     8.2035     86.717    250.831    256.363   -0.00054    6.61961    9.46008  289.25255   14.97855 3.6382e-02     0.6863     6.0429    22.0772 0.0000e+00
        395 286.722482    0.02734     1.6408     98.445     19.178  45508.549    28.6613     9.7051     19.000     9.7032    22.0538     5.7477     8.2140     86.828    251.151    256.690    0.00048    6.61953    9.45996  289.24908   14.97838 3.6382e-02     0.7161     5.4451    25.7387 0.0000e+00
        401 286.722501    0.02779     1.6675    100.049     20.196  45508.033    28.6606     9.7052     20.000     9.7029    22.0532     5.7441     8.2089     86.775    250.997    256.533   -0.00020    6.61954    9.45998  289.24974   14.97842 3.6382e-02     0.6517     5.4167    25.8933 0.0000e+00
        405 286.722513    0.02809     1.6850    101.102     21.199  45510.052    28.6616     9.7052     21.000     9.7033    22.0540     5.7419     8.2057     86.742    250.900    256.434   -0.00079    6.61950    9.45993  289.24765   14.97832 3.6382e-02     0.7020     5.9987    22.3333 0.0000e+00
        410 286.722525    0.02837     1.7024    102.147     22.207  45510.346    28.6614     9.7057     22.000     9.7034    22.0538     5.7472     8.2133     86.823    251.132    256.671    0.00020    6.61943    9.45983  289.24500   14.97819 3.6382e-02     0.6547     6.0969    21.7806 0.0000e+00
        414 286.722539    0.02871     1.7227    103.363     23.215  45511.745    28.6620     9.7058     23.000     9.7039    22.0543     5.7431     8.2074     86.762    250.952    256.487   -0.00049    6.61939    9.45977  289.24268   14.97808 3.6382e-02     0.7263     5.9068    22.8576 0.0000e+00
        421 286.722557    0.02914     1.7483    104.897     24.230  45513.403    28.6630     9.7079     24.000     9.7057    22.0548     5.7478     8.2141     86.837    251.157    256.697    0.00036    6.61905    9.45928  289.22775   14.97736 3.6382e-02     0.7370     5.8704    23.0817 0.0000e+00
        426 286.722572    0.02951     1.7706    106.238     25.243  45513.368    28.6627     9.7085     25.000     9.7058    22.0544     5.7437     8.2084     86.777    250.979    256.514   -0.00045    6.61897    9.45917  289.22455   14.97721 3.6382e-02     0.7898     6.7272    18.6574 0.0000e+00
        430 286.722584    0.02978     1.7869    107.214     26.248  45512.864    28.6619     9.7084     26.000     9.7054    22.0539     5.7452     8.2105     86.798    251.045    256.581   -0.00027    6.61900    9.45922  289.22632   14.97730 3.6382e-02     0.7282     7.3983    15.7422 0.0000e+00
        434 286.722595    0.03005     1.8032    108.191     27.246  45514.825    28.6629     9.7082     27.000     9.7056    22.0547     5.7437     8.2083     86.776    250.978    256.513   -0.00043    6.61900    9.45921  289.22562   14.97725 3.6382e-02     0.7598     7.1391    16.8051 0.0000e+00
        441 286.722616    0.03056     1.8337    110.020     28.274  45516.282    28.6637     9.7097     28.000     9.7073    22.0551     5.7517     8.2198     86.901    251.330    256.873    0.00072    6.61875    9.45885  289.21472   14.97674 3.6382e-02     0.7017     6.2738    21.1495 0.0000e+00
        446 286.722630    0.03090     1.8539    111.236     29.266  45516.976    28.6639     9.7108     29.000     9.7079    22.0550     5.7514     8.2192     86.897    251.312    256.855    0.00017    6.61857    9.45861  289.20721   14.97638 3.6382e-02     0.7732     8.8277    11.3441 0.0000e+00
