CTD-processing/allCTD/CNV/2014_07-23_t6_s28_cast223_4141.cnv
* Sea-Bird SBE19plus Data File:
* FileName = C:\Users\kris.holderied\Documents\kasitsna\Research-Projects-and-Data\Oceanography-AK\CTD-Data-ALL-to-2014-06\2014-CTD-KachemakBay-CookInlet\2014-07-EVOSTC-CookInlet-quarterly\2014-07-23-CookInlet-Tran6-Douglas\2014-07-23-CookInlet-Tran6-cast223.hex
* Software Version 1.59
* Temperature SN =  4141
* Conductivity SN =  4141
* System UpLoad Time = Jul 23 2014 23:57:37
** Cook Inlet LTM Transect 6 (Douglas) East to West
** Date: 07-23
** Station: 6-28
** Start time: 20:04
** Depth (m): 96
** Comment:  CTD time is Alaska Daylight time.  Transducer  depth (transducer is 9 ft).
** Comment:
# nquan = 27
# nvalues = 96                          
# units = specified
# name 0 = scan: Scan Count
# name 1 = timeJ: Julian Days
# name 2 = timeH: Time, Elapsed [hours]
# name 3 = timeM: Time, Elapsed [minutes]
# name 4 = timeS: Time, Elapsed [seconds]
# name 5 = prdM: Pressure, Strain Gauge [db]
# name 6 = specc: Specific Conductance [uS/cm]
# name 7 = sal00: Salinity, Practical [PSU]
# name 8 = tv290C: Temperature [ITS-90, deg C]
# name 9 = depSM: Depth [salt water, m], lat = 59.00
# name 10 = potemp090C: Potential Temperature [ITS-90, deg C]
# name 11 = sigma-é00: Density [sigma-theta, kg/m^3]
# name 12 = sbeox0ML/L: Oxygen, SBE 43 [ml/l]
# name 13 = sbeox0Mg/L: Oxygen, SBE 43 [mg/l]
# name 14 = sbeox0PS: Oxygen, SBE 43 [% saturation]
# name 15 = sbox0Mm/Kg: Oxygen, SBE 43 [umol/kg]
# name 16 = sbeox0Mm/L: Oxygen, SBE 43 [umol/l]
# name 17 = sbox0dV/dT: Oxygen, SBE 43 [dov/dt]
# name 18 = oxsolML/L: Oxygen Saturation, Garcia & Gordon [ml/l]
# name 19 = oxsolMg/L: Oxygen Saturation, Garcia & Gordon [mg/l]
# name 20 = oxsolMm/Kg: Oxygen Saturation, Garcia & Gordon [umol/kg]
# name 21 = n2satMg/L: Nitrogen Saturation [mg/l]
# name 22 = par: PAR/Irradiance, Biospherical/Licor
# name 23 = wetStar: Fluorescence, WET Labs WETstar [mg/m^3]
# name 24 = CStarAt0: Beam Attenuation, WET Labs C-Star [1/m]
# name 25 = CStarTr0: Beam Transmission, WET Labs C-Star [%]
# name 26 = flag: flag
# span 0 =        324,       1170       
# span 1 = 204.837543, 204.839990       
# span 2 =    0.02242,    0.08115       
# span 3 =     1.3451,     4.8691       
# span 4 =     80.704,    292.148       
# span 5 =      1.010,     96.923       
# span 6 =  45202.246,  50830.109       
# span 7 =    28.8337,    32.1285       
# span 8 =     8.1181,    13.7282       
# span 9 =      1.000,     96.000       
# span 10 =     8.1087,    13.7062      
# span 11 =    21.4812,    25.0036      
# span 12 =     5.5684,     7.0639      
# span 13 =     7.9578,    10.0951      
# span 14 =     84.100,    112.489      
# span 15 =    243.443,    308.334      
# span 16 =    248.686,    315.474      
# span 17 =   -0.06710,    0.07427      
# span 18 =    6.06781,    6.70654      
# span 19 =    8.67151,    9.58431      
# span 20 =  265.28978,  292.20768      
# span 21 =   13.82995,   15.10554      
# span 22 = 5.1790e-02, 1.0458e+02      
# span 23 =     0.6551,     4.9357      
# span 24 =     0.2100,     0.8625      
# span 25 =    80.6032,    94.8845      
# span 26 = 0.0000e+00, 0.0000e+00      
# interval = meters: 1                  
# start_time = Jul 23 2014 20:04:43 [Instrument's time stamp, header]
# bad_flag = -9.990e-29
*END*
[from data line 54]
       1005 204.839515    0.06974     4.1844    251.063     55.528  49985.550    31.7155     9.1938     55.000     9.1597    24.5181     5.8248     8.3243     88.732    253.913    260.138   -0.00505    6.56458    9.38143  286.15772   14.81813 1.0343e-01     0.7088     0.2100    94.8845 0.0000e+00
       1009 204.839524    0.06997     4.1984    251.903     56.530  49981.973    31.7029     9.1259     56.000     9.0685    24.5189     5.8188     8.3156     88.497    253.647    259.866   -0.00537    6.57502    9.39636  286.61300   14.83995 9.7685e-02     0.6629     0.2252    94.5255 0.0000e+00
       1013 204.839536    0.07026     4.2154    252.926     57.545  50060.312    31.7452     9.0391     57.000     9.0118    24.5654     5.8046     8.2953     88.137    253.019    259.234   -0.00753    6.58591    9.41193  287.07474   14.86184 9.2890e-02     0.7303     0.2122    94.8349 0.0000e+00
       1017 204.839549    0.07056     4.2336    254.017     58.558  50081.983    31.7530     8.9905     58.000     8.9556    24.5790     5.8005     8.2895     87.984    252.836    259.050   -0.00608    6.59270    9.42163  287.36675   14.87577 8.8464e-02     0.7150     0.2126    94.8238 0.0000e+00
       1021 204.839560    0.07084     4.2503    255.021     59.568  50141.585    31.7866     8.9354     59.000     8.9208    24.6136     5.7875     8.2710     87.698    252.263    258.472   -0.00703    6.59936    9.43114  287.64727   14.88904 8.4554e-02     0.7147     0.2354    94.2841 0.0000e+00
       1025 204.839571    0.07108     4.2651    255.907     60.577  50161.567    31.7987     8.9254     60.000     8.9198    24.6247     5.7929     8.2786     87.767    252.493    258.711   -0.00479    6.60031    9.43250  287.68577   14.89083 8.0641e-02     0.7585     0.2207    94.6319 0.0000e+00
       1028 204.839580    0.07132     4.2793    256.760     61.582  50170.591    31.8050     8.9281     61.000     8.9213    24.6292     5.8008     8.2901     87.897    252.840    259.067   -0.00195    6.59966    9.43158  287.65616   14.88939 7.7810e-02     0.7393     0.2288    94.4396 0.0000e+00
       1032 204.839591    0.07158     4.2944    257.664     62.591  50141.763    31.7810     8.9056     62.000     8.8434    24.6139     5.7983     8.2863     87.800    252.732    258.953   -0.00212    6.60399    9.43776  287.84906   14.89871 7.4904e-02     0.7554     0.2364    94.2614 0.0000e+00
       1036 204.839603    0.07187     4.3123    258.739     63.603  50237.528    31.8316     8.7944     63.000     8.7550    24.6704     5.7800     8.2602     87.334    251.918    258.133   -0.00545    6.61821    9.45808  288.45299   14.92737 7.2541e-02     0.7066     0.2423    94.1220 0.0000e+00
       1040 204.839616    0.07218     4.3311    259.864     64.622  50292.032    31.8586     8.7215     64.000     8.6881    24.7025     5.7652     8.2391     86.984    251.267    257.475   -0.00685    6.62784    9.47185  288.86373   14.94689 7.0156e-02     0.6920     0.2551    93.8216 0.0000e+00
       1044 204.839627    0.07242     4.3452    260.710     65.625  50325.357    31.8758     8.6824     65.000     8.6589    24.7219     5.7477     8.2141     86.655    250.500    256.692   -0.00795    6.63291    9.47909  289.07902   14.95710 6.8723e-02     0.7701     0.2457    94.0443 0.0000e+00
       1047 204.839635    0.07264     4.3581    261.487     66.631  50348.845    31.8880     8.6572     66.000     8.6385    24.7353     5.7413     8.2049     86.516    250.218    256.407   -0.00791    6.63612    9.48368  289.21520   14.96357 6.6732e-02     0.7296     0.2394    94.1916 0.0000e+00
       1050 204.839645    0.07287     4.3719    262.312     67.643  50374.669    31.9030     8.6384     67.000     8.6238    24.7498     5.7511     8.2189     86.636    250.639    256.843   -0.00483    6.63826    9.48673  289.30440   14.96776 6.4968e-02     0.8222     0.2323    94.3583 0.0000e+00
       1054 204.839655    0.07310     4.3863    263.176     68.649  50401.934    31.9191     8.6218     68.000     8.5798    24.7650     5.7658     8.2399     86.834    251.278    257.501   -0.00152    6.64004    9.48928  289.37768   14.97120 6.3729e-02     0.8387     0.2297    94.4187 0.0000e+00
       1058 204.839666    0.07338     4.4027    264.165     69.662  50470.639    31.9558     8.5486     69.000     8.5330    24.8047     5.7722     8.2490     86.808    251.543    257.783   -0.00103    6.64934    9.50257  289.77164   14.98987 6.2345e-02     0.8392     0.2233    94.5695 0.0000e+00
       1062 204.839679    0.07367     4.4203    265.219     70.677  50520.076    31.9904     8.5499     70.000     8.5565    24.8316     5.7718     8.2485     86.825    251.522    257.768   -0.00093    6.64766    9.50017  289.69106   14.98589 6.1332e-02     0.8889     0.2258    94.5114 0.0000e+00
       1065 204.839689    0.07392     4.4353    266.119     71.689  50530.182    32.0006     8.5738     71.000     8.5806    24.8361     5.7642     8.2376     86.762    251.190    257.428   -0.00081    6.64365    9.49444  289.51500   14.97743 6.0279e-02     0.8415     0.2430    94.1063 0.0000e+00
       1069 204.839698    0.07414     4.4480    266.877     72.691  50518.725    31.9935     8.5829     72.000     8.5563    24.8291     5.7500     8.2173     86.563    250.573    256.795   -0.00271    6.64262    9.49296  289.47190   14.97540 5.9673e-02     0.8791     0.2984    92.8145 0.0000e+00
       1072 204.839707    0.07436     4.4614    267.684     73.696  50528.615    31.9942     8.5445     73.000     8.5097    24.8354     5.7452     8.2105     86.415    250.363    256.580   -0.00351    6.64832    9.50111  289.71857   14.98719 5.8436e-02     0.9869     0.3951    90.5977 0.0000e+00
       1076 204.839718    0.07462     4.4776    268.654     74.709  50569.827    32.0155     8.4980     74.000     8.4716    24.8591     5.7342     8.1946     86.172    249.876    256.087   -0.00456    6.65431    9.50968  289.97329   14.99927 5.7571e-02     0.8392     0.4221    89.9854 0.0000e+00
       1080 204.839731    0.07493     4.4955    269.733     75.726  50607.361    32.0356     8.4599     75.000     8.4403    24.8804     5.7274     8.1850     86.008    249.577    255.787   -0.00496    6.65916    9.51660  290.17828   15.00898 5.6896e-02     0.6910     0.3669    91.2345 0.0000e+00
       1084 204.839742    0.07519     4.5115    270.690     76.731  50599.024    32.0242     8.4273     76.000     8.3886    24.8764     5.7266     8.1839     85.927    249.543    255.751   -0.00388    6.66450    9.52425  290.41242   15.02021 5.6176e-02     0.6926     0.3489    91.6466 0.0000e+00
       1088 204.839753    0.07546     4.5272    271.634     77.742  50646.141    32.0488     8.3752     77.000     8.3554    24.9033     5.7129     8.1643     85.634    248.938    255.137   -0.00548    6.67126    9.53389  290.69891   15.03380 5.5748e-02     0.7094     0.3415    91.8173 0.0000e+00
       1091 204.839764    0.07570     4.5424    272.543     78.749  50659.997    32.0550     8.3559     78.000     8.3380    24.9111     5.7095     8.1594     85.550    248.788    254.985   -0.00495    6.67387    9.53763  290.81075   15.03912 5.5240e-02     0.7496     0.3523    91.5702 0.0000e+00
       1095 204.839774    0.07598     4.5588    273.527     79.759  50666.866    32.0556     8.3319     79.000     8.3059    24.9152     5.7077     8.1569     85.477    248.710    254.906   -0.00401    6.67745    9.54276  290.96583   15.04652 5.4811e-02     0.6898     0.3444    91.7515 0.0000e+00
       1099 204.839787    0.07627     4.5764    274.582     80.772  50692.088    32.0668     8.2936     80.000     8.2671    24.9296     5.7062     8.1548     85.388    248.643    254.841   -0.00361    6.68272    9.55027  291.19083   15.05722 5.4545e-02     0.6707     0.3334    92.0037 0.0000e+00
       1103 204.839799    0.07656     4.5935    275.611     81.779  50735.182    32.0918     8.2628     81.000     8.2503    24.9536     5.7028     8.1499     85.292    248.488    254.689   -0.00330    6.68627    9.55535  291.33894   15.06420 5.4015e-02     0.6732     0.3011    92.7488 0.0000e+00
       1108 204.839811    0.07685     4.6110    276.660     82.796  50747.555    32.0987     8.2546     82.000     8.2444    24.9603     5.7024     8.1493     85.273    248.467    254.668   -0.00263    6.68722    9.55669  291.37801   15.06604 5.3818e-02     0.6551     0.2852    93.1190 0.0000e+00
       1111 204.839821    0.07710     4.6260    277.561     83.801  50748.826    32.0986     8.2515     83.000     8.2357    24.9607     5.7044     8.1523     85.298    248.557    254.762   -0.00158    6.68767    9.55735  291.39801   15.06699 5.3465e-02     0.6924     0.3042    92.6760 0.0000e+00
       1115 204.839831    0.07734     4.6403    278.420     84.807  50754.309    32.0990     8.2324     84.000     8.2059    24.9638     5.7048     8.1527     85.267    248.571    254.776   -0.00151    6.69055    9.56147  291.52266   15.07294 5.3043e-02     0.6677     0.3412    91.8227 0.0000e+00
       1119 204.839843    0.07761     4.6566    279.393     85.817  50788.345    32.1173     8.2002     85.000     8.1833    24.9829     5.7062     8.1548     85.236    248.630    254.841   -0.00142    6.69460    9.56725  291.69336   15.08102 5.3118e-02     0.6931     0.3567    91.4684 0.0000e+00
       1123 204.839857    0.07795     4.6771    280.624     86.827  50804.473    32.1262     8.1877     86.000     8.1783    24.9917     5.7018     8.1485     85.151    248.434    254.642   -0.00161    6.69610    9.56940  291.75658   15.08401 5.2935e-02     0.7244     0.3646    91.2885 0.0000e+00
       1129 204.839873    0.07833     4.6999    281.993     87.847  50805.049    32.1258     8.1855     87.000     8.1763    24.9917     5.6881     8.1289     84.943    247.839    254.032   -0.00294    6.69645    9.56989  291.77163   15.08473 5.2738e-02     0.7436     0.3693    91.1812 0.0000e+00
       1133 204.839883    0.07859     4.7158    282.946     88.850  50791.458    32.1152     8.1818     88.000     8.1602    24.9840     5.6896     8.1310     84.951    247.905    254.098   -0.00221    6.69747    9.57136  291.81841   15.08701 5.2619e-02     0.7441     0.3902    90.7086 0.0000e+00
       1137 204.839895    0.07886     4.7316    283.895     89.855  50809.694    32.1236     8.1572     89.000     8.1443    24.9941     5.6976     8.1425     85.029    248.251    254.456   -0.00083    6.70083    9.57616  291.96174   15.09381 5.2404e-02     0.7224     0.5471    87.2182 0.0000e+00
       1141 204.839908    0.07919     4.7509    285.055     90.869  50816.750    32.1274     8.1527     90.000     8.1430    24.9978     5.6910     8.1330     84.923    247.962    254.160   -0.00134    6.70135    9.57690  291.98334   15.09483 5.2261e-02     0.7403     0.5805    86.4911 0.0000e+00
       1146 204.839922    0.07952     4.7714    286.285     91.879  50817.343    32.1264     8.1469     91.000     8.1355    24.9979     5.6773     8.1135     84.708    247.365    253.549   -0.00290    6.70226    9.57820  292.02312   15.09674 5.2131e-02     0.7501     0.5938    86.2053 0.0000e+00
       1151 204.839936    0.07987     4.7920    287.519     92.892  50818.460    32.1263     8.1441     92.000     8.1351    24.9982     5.6642     8.0947     84.506    246.792    252.961   -0.00357    6.70269    9.57881  292.04155   15.09762 5.2024e-02     0.7755     0.6745    84.4882 0.0000e+00
       1155 204.839949    0.08016     4.8097    288.584     93.904  50816.675    32.1246     8.1439     93.000     8.1341    24.9968     5.6580     8.0858     84.412    246.524    252.685   -0.00337    6.70279    9.57895  292.04630   15.09785 5.2053e-02     0.7647     0.7637    82.6210 0.0000e+00
       1159 204.839959    0.08041     4.8245    289.468     94.906  50817.613    32.1246     8.1428     94.000     8.1324    24.9970     5.6578     8.0856     84.407    246.515    252.677   -0.00265    6.70296    9.57920  292.05372   15.09820 5.1858e-02     0.7833     0.8229    81.4060 0.0000e+00
       1163 204.839971    0.08070     4.8422    290.533     95.911  50816.195    32.1219     8.1346     95.000     8.1196    24.9961     5.6557     8.0826     84.359    246.425    252.584   -0.00213    6.70433    9.58115  292.11345   15.10107 5.1790e-02     0.7789     0.8530    80.7969 0.0000e+00
       1170 204.839990    0.08115     4.8691    292.148     96.923  50830.109    32.1285     8.1181     96.000     8.1087    25.0036     5.6402     8.0604     84.100    245.747    251.892   -0.00353    6.70654    9.58431  292.20768   15.10554 5.2264e-02     0.9411     0.8625    80.6032 0.0000e+00
