CTD-processing/allCTD/CNV/2014_04-11_t4_s02_cast025_5028.cnv
* Sea-Bird SBE19plus Data File:
* FileName = C:\Users\kris.holderied\Documents\kasitsna\Research-Projects-and-Data\Oceanography-AK\CTD-Data-ALL-to-2014-03\2014-CTD-KachemakBay-CookInlet\2014-04-EVOSTC-CookInlet-Ocean\2014-04-11-CookInlet-Tran4-Barabara\2014-04-11-CookInlet-Tran4-Barabara-cast025.hex
* Software Version 1.59
* Temperature SN =  5028
* Conductivity SN =  5028
* System UpLoad Time = May 27 2014 23:11:19
** Cook Inlet LTM Transect 4  (Barabara) North to South
** Date: 2014-04-11
** Station: 4-02
** Start time: 18:09
** Depth (m): 97
** Comment:  CTD time is Alaska Daylight time
** Comment:
# nquan = 27
# nvalues = 96                          
# units = specified
# name 0 = scan: Scan Count
# name 1 = timeJ: Julian Days
# name 2 = timeH: Time, Elapsed [hours]
# name 3 = timeM: Time, Elapsed [minutes]
# name 4 = timeS: Time, Elapsed [seconds]
# name 5 = prdM: Pressure, Strain Gauge [db]
# name 6 = specc: Specific Conductance [uS/cm]
# name 7 = sal00: Salinity, Practical [PSU]
# name 8 = tv290C: Temperature [ITS-90, deg C]
# name 9 = depSM: Depth [salt water, m], lat = 59.00
# name 10 = potemp090C: Potential Temperature [ITS-90, deg C]
# name 11 = sigma-é00: Density [sigma-theta, kg/m^3]
# name 12 = sbeox0ML/L: Oxygen, SBE 43 [ml/l]
# name 13 = sbeox0Mg/L: Oxygen, SBE 43 [mg/l]
# name 14 = sbeox0PS: Oxygen, SBE 43 [% saturation]
# name 15 = sbox0Mm/Kg: Oxygen, SBE 43 [umol/kg]
# name 16 = sbeox0Mm/L: Oxygen, SBE 43 [umol/l]
# name 17 = sbox0dV/dT: Oxygen, SBE 43 [dov/dt]
# name 18 = oxsolML/L: Oxygen Saturation, Garcia & Gordon [ml/l]
# name 19 = oxsolMg/L: Oxygen Saturation, Garcia & Gordon [mg/l]
# name 20 = oxsolMm/Kg: Oxygen Saturation, Garcia & Gordon [umol/kg]
# name 21 = potemp090C: Potential Temperature [ITS-90, deg C]
# name 22 = n2satMg/L: Nitrogen Saturation [mg/l]
# name 23 = par: PAR/Irradiance, Biospherical/Licor
# name 24 = flECO-AFL: Fluorescence, WET Labs ECO-AFL/FL [mg/m^3]
# name 25 = turbWETntu0: Turbidity, WET Labs ECO [NTU]
# name 26 = flag: flag
# span 0 =        133,        670       
# span 1 = 101.756701, 101.758256       
# span 2 =    0.00916,    0.04648       
# span 3 =     0.5495,     2.7890       
# span 4 =     32.967,    167.338       
# span 5 =      1.009,     96.928       
# span 6 =  47833.964,  51646.203       
# span 7 =    29.6586,    32.0188       
# span 8 =     4.5309,     4.6940       
# span 9 =      1.000,     96.000       
# span 10 =     4.5298,     4.6890      
# span 11 =    23.4757,    25.3535      
# span 12 =     5.8988,     7.1245      
# span 13 =     8.4300,    10.1816      
# span 14 =     81.065,     97.777      
# span 15 =    256.956,    310.318      
# span 16 =    263.442,    318.180      
# span 17 =   -0.00147,    0.02553      
# span 18 =    7.27382,    7.39620      
# span 19 =   10.39501,   10.56990      
# span 20 =  316.84240,  322.85510      
# span 21 =     4.5300,     4.6938      
# span 22 =   16.28079,   16.57604      
# span 23 = 3.7912e-02, 1.2388e+02      
# span 24 =     0.2674,     1.1840      
# span 25 =     0.4100,     0.7353      
# span 26 = 0.0000e+00, 0.0000e+00      
# interval = meters: 1                  
# start_time = Apr 11 2014 18:09:06 [Instrument's time stamp, header]
# bad_flag = -9.990e-29
*END*
        133 101.756701    0.00916     0.5495     32.967      1.009  47833.964    29.6586     4.6869      1.000     4.6890    23.4757     6.0834     8.6937     82.249    265.549    271.683    0.00122    7.39620   10.56990  322.85510     4.6869   16.57604 1.2388e+02     0.2674     0.5714 0.0000e+00
        244 101.757021    0.01685     1.0105     60.632      2.019  51406.808    31.9158     4.6940      2.000     4.6879    25.2635     5.9135     8.4509     81.299    257.587    264.097   -0.00046    7.27382   10.39501  316.84240     4.6938   16.28079 7.9238e+01     0.5862     0.5383 0.0000e+00
        246 101.757029    0.01704     1.0229     61.372      3.028  51368.143    31.8897     4.6859      3.000     4.6871    25.2436     5.8988     8.4300     81.065    256.956    263.442   -0.00147    7.27667   10.39909  316.97431     4.6857   16.28717 6.3755e+01     0.6021     0.5460 0.0000e+00
        250 101.757041    0.01732     1.0396     62.374      4.038  51365.788    31.8883     4.6888      4.000     4.6882    25.2422     6.1259     8.7546     84.191    266.848    273.583    0.00732    7.27623   10.39846  316.95578     4.6885   16.28629 5.2575e+01     0.5863     0.5425 0.0000e+00
        254 101.757053    0.01760     1.0557     63.341      5.047  51362.049    31.8846     4.6860      5.000     4.6805    25.2396     6.4614     9.2339     88.792    281.461    288.565    0.01970    7.27689   10.39939  316.98510     4.6857   16.28770 4.4610e+01     0.6080     0.5563 0.0000e+00
        258 101.757064    0.01787     1.0722     64.334      6.057  51368.275    31.8854     4.6732      6.000     4.6661    25.2416     6.6805     9.5471     91.776    291.007    298.352    0.02553    7.27908   10.40254  317.08026     4.6728   16.29223 3.8508e+01     0.6872     0.5653 0.0000e+00
        262 101.757076    0.01816     1.0895     65.373      7.066  51384.972    31.8942     4.6636      7.000     4.6628    25.2496     6.7574     9.6570     92.817    294.353    301.786    0.02444    7.28034   10.40434  317.13271     4.6631   16.29469 3.3356e+01     0.7553     0.5536 0.0000e+00
        266 101.757087    0.01842     1.1055     66.331      8.076  51382.344    31.8915     4.6617      8.000     4.6549    25.2476     6.7519     9.6490     92.734    294.111    301.537    0.02047    7.28081   10.40502  317.15390     4.6611   16.29571 2.9407e+01     0.7451     0.5389 0.0000e+00
        270 101.757098    0.01868     1.1207     67.240      9.086  51376.045    31.8827     4.6444      9.000     4.6136    25.2426     6.7308     9.6189     92.401    293.196    300.597    0.01640    7.28428   10.40996  317.30616     4.6438   16.30299 2.6085e+01     0.7712     0.5420 0.0000e+00
        274 101.757108    0.01894     1.1363     68.177     10.094  51428.484    31.9045     4.5840     10.000     4.5565    25.2661     6.7193     9.6025     92.123    292.687    300.083    0.01295    7.29383   10.42361  317.71500     4.5833   16.32236 2.3399e+01     0.9233     0.5549 0.0000e+00
        278 101.757120    0.01921     1.1521     69.125     11.104  51483.186    31.9329     4.5462     11.000     4.5407    25.2925     6.7569     9.6564     92.572    294.321    301.765    0.01203    7.29908   10.43111  317.93544     4.5454   16.33273 2.1383e+01     1.0969     0.5410 0.0000e+00
        281 101.757131    0.01947     1.1680     70.082     12.114  51491.658    31.9371     4.5412     12.000     4.5386    25.2964     6.8333     9.7655     93.610    297.645    305.175    0.01316    7.29975   10.43207  317.96341     4.5404   16.33405 1.9359e+01     1.1618     0.5572 0.0000e+00
        285 101.757142    0.01973     1.1841     71.045     13.123  51497.345    31.9393     4.5360     13.000     4.5319    25.2987     6.8892     9.8454     94.365    300.081    307.673    0.01333    7.30057   10.43324  317.99849     4.5351   16.33570 1.7321e+01     1.1721     0.5530 0.0000e+00
        289 101.757153    0.02000     1.1997     71.985     14.132  51507.323    31.9444     4.5309     14.000     4.5298    25.3033     6.9213     9.8913     94.797    301.478    309.106    0.01255    7.30120   10.43414  318.02436     4.5300   16.33691 1.5379e+01     1.1840     0.5427 0.0000e+00
        293 101.757163    0.02025     1.2151     72.908     15.142  51513.249    31.9481     4.5317     15.000     4.5324    25.3061     6.9449     9.9249     95.123    302.501    310.156    0.01159    7.30089   10.43370  318.01012     4.5306   16.33622 1.3658e+01     1.1316     0.5152 0.0000e+00
        297 101.757175    0.02053     1.2317     73.904     16.152  51513.233    31.9484     4.5353     16.000     4.5351    25.3061     6.9650     9.9536     95.407    303.379    311.056    0.01055    7.30023   10.43276  317.98153     4.5342   16.33486 1.2133e+01     1.1068     0.5037 0.0000e+00
        301 101.757187    0.02081     1.2491     74.944     17.161  51510.970    31.9466     4.5360     17.000     4.5333    25.3044     6.9838     9.9805     95.666    304.198    311.896    0.00950    7.30020   10.43271  317.98059     4.5348   16.33483 1.0713e+01     1.1020     0.4953 0.0000e+00
        305 101.757198    0.02109     1.2654     75.925     18.170  51518.474    31.9505     4.5331     18.000     4.5331    25.3079     6.9964     9.9986     95.834    304.747    312.460    0.00848    7.30052   10.43317  317.99342     4.5318   16.33542 9.4487e+00     1.0875     0.5039 0.0000e+00
        309 101.757210    0.02137     1.2822     76.932     19.180  51532.049    31.9608     4.5393     19.000     4.5435    25.3154     7.0036    10.0088     95.953    305.056    312.779    0.00741    7.29893   10.43090  317.92175     4.5380   16.33197 8.3479e+00     1.0358     0.4930 0.0000e+00
        313 101.757222    0.02167     1.2998     77.989     20.190  51526.819    31.9587     4.5481     20.000     4.5478    25.3128     7.0197    10.0318     96.193    305.760    313.500    0.00682    7.29748   10.42883  317.85963     4.5467   16.32902 7.3984e+00     1.0044     0.4677 0.0000e+00
        317 101.757234    0.02194     1.3167     79.005     21.199  51524.981    31.9571     4.5488     21.000     4.5464    25.3115     7.0294    10.0457     96.327    306.184    313.934    0.00609    7.29743   10.42876  317.85790     4.5473   16.32895 6.5536e+00     0.9991     0.4742 0.0000e+00
        321 101.757245    0.02223     1.3337     80.023     22.208  51526.520    31.9571     4.5469     22.000     4.5445    25.3118     7.0360    10.0552     96.413    306.472    314.229    0.00529    7.29777   10.42924  317.87236     4.5453   16.32964 5.7985e+00     0.9954     0.4717 0.0000e+00
        325 101.757258    0.02252     1.3512     81.074     23.218  51528.317    31.9576     4.5455     23.000     4.5436    25.3123     7.0471    10.0709     96.561    306.951    314.720    0.00480    7.29799   10.42955  317.88175     4.5439   16.33008 5.1291e+00     0.9668     0.4553 0.0000e+00
        330 101.757270    0.02282     1.3691     82.144     24.228  51529.378    31.9577     4.5449     24.000     4.5430    25.3124     7.0519    10.0778     96.627    307.162    314.937    0.00412    7.29808   10.42969  317.88588     4.5433   16.33027 4.5437e+00     0.9565     0.4521 0.0000e+00
        334 101.757284    0.02314     1.3885     83.307     25.237  51530.389    31.9577     4.5444     25.000     4.5423    25.3125     7.0694    10.1029     96.866    307.926    315.720    0.00399    7.29818   10.42982  317.88990     4.5427   16.33047 4.0320e+00     0.9565     0.4671 0.0000e+00
        340 101.757299    0.02351     1.4107     84.645     26.247  51532.669    31.9586     4.5435     26.000     4.5416    25.3133     7.0834    10.1229     97.055    308.534    316.344    0.00368    7.29829   10.42999  317.89468     4.5417   16.33069 3.5725e+00     0.9528     0.4635 0.0000e+00
        345 101.757316    0.02391     1.4345     86.068     27.257  51537.588    31.9616     4.5443     27.000     4.5437    25.3156     7.0907    10.1333     97.160    308.852    316.671    0.00312    7.29801   10.42958  317.88168     4.5424   16.33006 3.1621e+00     0.9565     0.4677 0.0000e+00
        351 101.757332    0.02431     1.4586     87.517     28.266  51541.720    31.9650     4.5490     28.000     4.5493    25.3179     7.0969    10.1422     97.258    309.123    316.950    0.00266    7.29701   10.42814  317.83727     4.5471   16.32793 2.7938e+00     0.9192     0.4849 0.0000e+00
        356 101.757347    0.02466     1.4799     88.793     29.276  51545.682    31.9688     4.5558     29.000     4.5575    25.3202     7.1009    10.1479     97.331    309.294    317.125    0.00231    7.29563   10.42619  317.77681     4.5538   16.32504 2.4677e+00     0.8836     0.4772 0.0000e+00
        361 101.757362    0.02503     1.5019     90.114     30.285  51545.536    31.9704     4.5655     30.000     4.5661    25.3204     7.1023    10.1499     97.374    309.356    317.189    0.00193    7.29384   10.42363  317.69873     4.5634   16.32132 2.1960e+00     0.8770     0.4685 0.0000e+00
        367 101.757378    0.02542     1.5250     91.501     31.295  51545.359    31.9712     4.5718     31.000     4.5712    25.3204     7.1025    10.1502     97.392    309.365    317.198    0.00153    7.29270   10.42200  317.64889     4.5696   16.31894 1.9527e+00     0.8546     0.4725 0.0000e+00
        372 101.757393    0.02576     1.5456     92.738     32.305  51546.340    31.9722     4.5753     32.000     4.5744    25.3209     7.1022    10.1498     97.397    309.352    317.185    0.00122    7.29203   10.42104  317.61962     4.5731   16.31754 1.7362e+00     0.8400     0.4502 0.0000e+00
        378 101.757409    0.02616     1.5694     94.167     33.314  51550.064    31.9754     4.5802     33.000     4.5801    25.3229     7.1024    10.1499     97.412    309.356    317.189    0.00095    7.29100   10.41958  317.57455     4.5779   16.31539 1.5487e+00     0.8165     0.4363 0.0000e+00
        383 101.757426    0.02656     1.5934     95.605     34.324  51551.420    31.9772     4.5862     34.000     4.5853    25.3236     7.1058    10.1549     97.474    309.506    317.343    0.00089    7.28988   10.41796  317.52494     4.5838   16.31302 1.3762e+00     0.7934     0.4439 0.0000e+00
        389 101.757443    0.02697     1.6180     97.079     35.333  51551.624    31.9776     4.5898     35.000     4.5883    25.3236     7.1036    10.1517     97.453    309.410    317.246    0.00060    7.28922   10.41702  317.49613     4.5874   16.31165 1.2268e+00     0.8028     0.4396 0.0000e+00
        395 101.757460    0.02738     1.6427     98.562     36.343  51553.326    31.9790     4.5930     36.000     4.5916    25.3245     7.1040    10.1524     97.468    309.431    317.267    0.00046    7.28859   10.41612  317.46859     4.5904   16.31033 1.0930e+00     0.8098     0.4294 0.0000e+00
        401 101.757476    0.02776     1.6657     99.941     37.353  51554.487    31.9800     4.5961     37.000     4.5947    25.3249     7.1106    10.1618     97.566    309.716    317.560    0.00060    7.28798   10.41526  317.44219     4.5936   16.30907 9.7750e-01     0.8011     0.4248 0.0000e+00
        407 101.757493    0.02816     1.6898    101.388     38.362  51554.173    31.9800     4.5990     38.000     4.5967    25.3246     7.1140    10.1667     97.621    309.867    317.714    0.00058    7.28749   10.41454  317.42048     4.5963   16.30804 8.7525e-01     0.7702     0.4247 0.0000e+00
        412 101.757510    0.02856     1.7139    102.836     39.372  51554.663    31.9800     4.5998     39.000     4.5973    25.3245     7.1157    10.1690     97.645    309.937    317.786    0.00048    7.28735   10.41435  317.41461     4.5970   16.30776 7.8322e-01     0.7814     0.4363 0.0000e+00
        418 101.757527    0.02898     1.7385    104.309     40.381  51556.421    31.9809     4.6008     40.000     4.5984    25.3252     7.1178    10.1720     97.676    310.027    317.879    0.00043    7.28712   10.41402  317.40428     4.5980   16.30727 7.0022e-01     0.7888     0.4324 0.0000e+00
        424 101.757543    0.02937     1.7621    105.725     41.391  51557.944    31.9817     4.6020     41.000     4.5994    25.3257     7.1156    10.1689     97.650    309.934    317.783    0.00022    7.28688   10.41368  317.39372     4.5991   16.30676 6.2661e-01     0.7594     0.4267 0.0000e+00
        429 101.757559    0.02975     1.7854    107.123     42.401  51558.948    31.9820     4.6026     42.000     4.5997    25.3259     7.1179    10.1721     97.682    310.031    317.883    0.00023    7.28676   10.41351  317.38859     4.5996   16.30651 5.6216e-01     0.7506     0.4256 0.0000e+00
        435 101.757576    0.03015     1.8092    108.552     43.410  51560.752    31.9829     4.6029     43.000     4.6001    25.3265     7.1176    10.1717     97.679    310.018    317.870    0.00014    7.28665   10.41335  317.38350     4.6000   16.30626 5.0529e-01     0.7253     0.4200 0.0000e+00
        441 101.757592    0.03054     1.8323    109.938     44.420  51562.790    31.9839     4.6036     44.000     4.6006    25.3272     7.1189    10.1736     97.700    310.076    317.930    0.00013    7.28649   10.41313  317.37642     4.6005   16.30593 4.5366e-01     0.7499     0.4428 0.0000e+00
        447 101.757609    0.03094     1.8566    111.399     45.429  51563.838    31.9842     4.6040     45.000     4.6009    25.3275     7.1169    10.1708     97.674    309.990    317.841    0.00000    7.28640   10.41299  317.37243     4.6008   16.30574 4.0793e-01     0.7483     0.4543 0.0000e+00
        453 101.757627    0.03138     1.8827    112.964     46.439  51564.475    31.9842     4.6042     46.000     4.6011    25.3274     7.1140    10.1666     97.634    309.862    317.711   -0.00015    7.28636   10.41294  317.37071     4.6010   16.30566 3.6654e-01     0.7336     0.4339 0.0000e+00
        458 101.757643    0.03176     1.9052    114.311     47.449  51565.493    31.9844     4.6044     47.000     4.6011    25.3276     7.1150    10.1681     97.649    309.909    317.758   -0.00010    7.28632   10.41288  317.36882     4.6011   16.30556 3.2976e-01     0.7551     0.4209 0.0000e+00
        463 101.757657    0.03210     1.9259    115.555     48.459  51567.404    31.9853     4.6044     48.000     4.6010    25.3282     7.1160    10.1696     97.664    309.953    317.803   -0.00009    7.28628   10.41282  317.36673     4.6010   16.30546 2.9738e-01     0.7364     0.4212 0.0000e+00
        468 101.757671    0.03243     1.9458    116.749     49.468  51568.480    31.9855     4.6044     49.000     4.6010    25.3284     7.1201    10.1754     97.720    310.130    317.986    0.00006    7.28626   10.41279  317.36587     4.6011   16.30542 2.6865e-01     0.7352     0.4167 0.0000e+00
        472 101.757683    0.03274     1.9641    117.848     50.478  51569.292    31.9855     4.6045     50.000     4.6010    25.3285     7.1130    10.1652     97.623    309.820    317.668   -0.00025    7.28626   10.41278  317.36565     4.6010   16.30540 2.4266e-01     0.7202     0.4159 0.0000e+00
        477 101.757696    0.03304     1.9820    118.921     51.488  51570.277    31.9857     4.6045     51.000     4.6010    25.3287     7.1053    10.1541     97.516    309.482    317.322   -0.00057    7.28623   10.41276  317.36475     4.6009   16.30536 2.1938e-01     0.7364     0.4168 0.0000e+00
        481 101.757709    0.03335     2.0010    120.058     52.497  51570.954    31.9857     4.6046     52.000     4.6010    25.3286     7.1126    10.1645     97.616    309.798    317.645   -0.00024    7.28622   10.41273  317.36414     4.6010   16.30533 1.9862e-01     0.7272     0.4120 0.0000e+00
        486 101.757722    0.03365     2.0193    121.156     53.507  51572.146    31.9860     4.6047     53.000     4.6009    25.3289     7.1214    10.1772     97.738    310.186    318.042    0.00011    7.28619   10.41270  317.36306     4.6010   16.30528 1.7999e-01     0.7160     0.4121 0.0000e+00
