CTD-processing/allCTD/CNV/2014_11-25_t9_s07_cast156_4141.cnv
* Sea-Bird SBE19plus Data File:
* FileName = C:\Users\kris.holderied\Documents\kasitsna\Research-Projects-and-Data\Oceanography-AK\CTD-Data-ALL-to-2014-10\2014-CTD-KachemakBay-CookInlet\2014-11-25-CookInlet-HomerSpit-monthly\2014-11-25-CookInlet-Tran9-cast156.hex
* Software Version 1.59
* Temperature SN =  4141
* Conductivity SN =  4141
* System UpLoad Time = Dec 16 2014 19:37:35
** Cook Inlet LTM Tran9 (Homer Spit)
** Date: 11-25
** Station: 9-07
** Start time:  15:04
** Depth (m): 100
** Comment:  CTD time was left on AKDT by mistake and is one hour ahead of local Alaska Standard time.
** Comment: On Kasitsna Bay Lab R/V Banacle.
# nquan = 27
# nvalues = 91                          
# units = specified
# name 0 = scan: Scan Count
# name 1 = timeJ: Julian Days
# name 2 = timeH: Time, Elapsed [hours]
# name 3 = timeM: Time, Elapsed [minutes]
# name 4 = timeS: Time, Elapsed [seconds]
# name 5 = prdM: Pressure, Strain Gauge [db]
# name 6 = specc: Specific Conductance [uS/cm]
# name 7 = sal00: Salinity, Practical [PSU]
# name 8 = tv290C: Temperature [ITS-90, deg C]
# name 9 = depSM: Depth [salt water, m], lat = 59.00
# name 10 = potemp090C: Potential Temperature [ITS-90, deg C]
# name 11 = sigma-é00: Density [sigma-theta, kg/m^3]
# name 12 = sbeox0ML/L: Oxygen, SBE 43 [ml/l]
# name 13 = sbeox0Mg/L: Oxygen, SBE 43 [mg/l]
# name 14 = sbeox0PS: Oxygen, SBE 43 [% saturation]
# name 15 = sbox0Mm/Kg: Oxygen, SBE 43 [umol/kg]
# name 16 = sbeox0Mm/L: Oxygen, SBE 43 [umol/l]
# name 17 = sbox0dV/dT: Oxygen, SBE 43 [dov/dt]
# name 18 = oxsolML/L: Oxygen Saturation, Garcia & Gordon [ml/l]
# name 19 = oxsolMg/L: Oxygen Saturation, Garcia & Gordon [mg/l]
# name 20 = oxsolMm/Kg: Oxygen Saturation, Garcia & Gordon [umol/kg]
# name 21 = n2satMg/L: Nitrogen Saturation [mg/l]
# name 22 = par: PAR/Irradiance, Biospherical/Licor
# name 23 = wetStar: Fluorescence, WET Labs WETstar [mg/m^3]
# name 24 = CStarAt0: Beam Attenuation, WET Labs C-Star [1/m]
# name 25 = CStarTr0: Beam Transmission, WET Labs C-Star [%]
# name 26 = flag: flag
# span 0 =        150,        669       
# span 1 = 329.671497, 329.672999       
# span 2 =    0.01037,    0.04641       
# span 3 =     0.6219,     2.7843       
# span 4 =     37.315,    167.059       
# span 5 =      1.015,     91.864       
# span 6 =  47826.262,  48760.214       
# span 7 =    29.9107,    30.7858       
# span 8 =     7.0761,     8.8104       
# span 9 =      1.000,     91.000       
# span 10 =     7.1003,     8.8011      
# span 11 =    23.4024,    23.8502      
# span 12 =     5.2499,     5.9292      
# span 13 =     7.5026,     8.4734      
# span 14 =     78.817,     85.074      
# span 15 =    228.997,    258.743      
# span 16 =    234.459,    264.798      
# span 17 =   -0.00663,    0.00409      
# span 18 =    6.66083,    6.96883      
# span 19 =    9.51900,    9.95915      
# span 20 =  290.54375,  304.11124      
# span 21 =   15.03154,   15.68262      
# span 22 = 3.6382e-02, 8.3711e+00      
# span 23 =     0.1870,     0.5640      
# span 24 =     0.5356,     2.0797      
# span 25 =    59.4312,    87.4670      
# span 26 = 0.0000e+00, 0.0000e+00      
# interval = meters: 1                  
# start_time = Nov 25 2014 16:06:20 [Instrument's time stamp, header]
# bad_flag = -9.990e-29
*END*
[from data line 54]
        519 329.672563    0.03594     2.1565    129.392     55.527  48547.152    30.6396     8.7225     55.000     8.7241    23.7481     5.6188     8.0298     84.111    245.115    250.935    0.00300    6.68025    9.54674  291.41922   15.07394 3.6382e-02     0.2627     0.5477    87.2041 0.0000e+00
        522 329.672572    0.03618     2.1709    130.256     56.535  48579.457    30.6638     8.7363     56.000     8.7367    23.7650     5.6124     8.0207     84.054    244.832    250.650    0.00165    6.67713    9.54228  291.27823   15.06711 3.6382e-02     0.2383     0.5717    86.6809 0.0000e+00
        526 329.672583    0.03643     2.1856    131.135     57.546  48574.524    30.6609     8.7441     57.000     8.7391    23.7616     5.5936     7.9938     83.786    244.013    249.811   -0.00118    6.67609    9.54079  291.23382   15.06500 3.6382e-02     0.2219     0.5765    86.5778 0.0000e+00
        529 329.672593    0.03667     2.2002    132.014     58.554  48576.019    30.6617     8.7448     58.000     8.7391    23.7621     5.5701     7.9603     83.436    242.986    248.761   -0.00447    6.67593    9.54057  291.22689   15.06467 3.6382e-02     0.2318     0.5785    86.5355 0.0000e+00
        533 329.672603    0.03692     2.2153    132.916     59.565  48584.348    30.6671     8.7457     59.000     8.7411    23.7663     5.5665     7.9550     83.385    242.828    248.599   -0.00414    6.67558    9.54007  291.21026   15.06385 3.6382e-02     0.2252     0.5825    86.4491 0.0000e+00
        536 329.672614    0.03717     2.2302    133.813     60.575  48590.410    30.6713     8.7483     60.000     8.7435    23.7692     5.5660     7.9544     83.385    242.805    248.577   -0.00278    6.67501    9.53925  291.18451   15.06261 3.6382e-02     0.2107     0.5813    86.4746 0.0000e+00
        540 329.672624    0.03743     2.2456    134.734     61.584  48591.744    30.6722     8.7504     61.000     8.7448    23.7696     5.5620     7.9486     83.329    242.630    248.397   -0.00261    6.67465    9.53874  291.16881   15.06185 3.6382e-02     0.2139     0.5809    86.4827 0.0000e+00
        544 329.672635    0.03770     2.2617    135.702     62.595  48599.123    30.6770     8.7517     62.000     8.7464    23.7732     5.5593     7.9448     83.295    242.513    248.279   -0.00218    6.67425    9.53816  291.15031   15.06095 3.6382e-02     0.2143     0.5820    86.4586 0.0000e+00
        548 329.672647    0.03798     2.2783    136.699     63.603  48605.205    30.6811     8.7533     63.000     8.7471    23.7761     5.5526     7.9353     83.200    242.221    247.981   -0.00240    6.67382    9.53756  291.13100   15.06001 3.6382e-02     0.2308     0.5908    86.2694 0.0000e+00
        552 329.672659    0.03825     2.2952    137.714     64.617  48609.128    30.6834     8.7528     64.000     8.7461    23.7780     5.5475     7.9279     83.124    241.997    247.752   -0.00237    6.67381    9.53753  291.12978   15.05994 3.6382e-02     0.2281     0.6093    85.8715 0.0000e+00
        556 329.672670    0.03852     2.3112    138.673     65.623  48612.692    30.6855     8.7531     65.000     8.7473    23.7796     5.5347     7.9096     82.934    241.438    247.179   -0.00336    6.67367    9.53735  291.12355   15.05963 3.6382e-02     0.2455     0.6206    85.6281 0.0000e+00
        560 329.672681    0.03879     2.3273    139.641     66.633  48616.781    30.6881     8.7547     66.000     8.7490    23.7814     5.5209     7.8900     82.731    240.838    246.565   -0.00434    6.67332    9.53683  291.10740   15.05885 3.6382e-02     0.2150     0.6186    85.6732 0.0000e+00
        563 329.672692    0.03906     2.3434    140.606     67.643  48617.250    30.6882     8.7562     67.000     8.7500    23.7813     5.5154     7.8820     82.651    240.595    246.316   -0.00394    6.67309    9.53652  291.09753   15.05838 3.6382e-02     0.1996     0.6210    85.6194 0.0000e+00
        567 329.672703    0.03933     2.3595    141.572     68.653  48620.706    30.6903     8.7573     68.000     8.7516    23.7828     5.5157     7.8825     82.660    240.610    246.332   -0.00275    6.67284    9.53615  291.08611   15.05783 3.6382e-02     0.2172     0.6213    85.6136 0.0000e+00
        571 329.672714    0.03959     2.3756    142.535     69.664  48630.982    30.6975     8.7602     69.000     8.7548    23.7880     5.5163     7.8833     82.677    240.633    246.357   -0.00177    6.67208    9.53507  291.05179   15.05616 3.6382e-02     0.2086     0.6227    85.5835 0.0000e+00
        575 329.672726    0.03986     2.3918    143.507     70.671  48636.818    30.7015     8.7629     70.000     8.7567    23.7908     5.5069     7.8700     82.544    240.225    245.941   -0.00229    6.67152    9.53427  291.02626   15.05492 3.6382e-02     0.2079     0.6476    85.0529 0.0000e+00
        579 329.672738    0.04015     2.4090    144.540     71.683  48646.414    30.7080     8.7643     71.000     8.7576    23.7957     5.4893     7.8447     82.286    239.454    245.152   -0.00398    6.67102    9.53357  291.00339   15.05380 3.6382e-02     0.2086     0.6814    84.3390 0.0000e+00
        583 329.672750    0.04044     2.4261    145.565     72.693  48651.593    30.7113     8.7649     72.000     8.7569    23.7981     5.4741     7.8231     82.062    238.792    244.475   -0.00487    6.67079    9.53322  290.99222   15.05325 3.6382e-02     0.2136     0.7059    83.8213 0.0000e+00
        587 329.672761    0.04071     2.4425    146.549     73.700  48661.175    30.7174     8.7642     73.000     8.7580    23.8031     5.4595     7.8022     81.844    238.153    243.822   -0.00538    6.67063    9.53300  290.98408   15.05284 3.6382e-02     0.2045     0.7522    82.8585 0.0000e+00
        591 329.672773    0.04099     2.4592    147.553     74.712  48665.549    30.7203     8.7660     74.000     8.7590    23.8052     5.4455     7.7821     81.638    237.540    243.194   -0.00561    6.67025    9.53245  290.96668   15.05200 3.6382e-02     0.2278     0.7390    83.1323 0.0000e+00
        595 329.672785    0.04127     2.4764    148.585     75.721  48672.860    30.7252     8.7673     75.000     8.7613    23.8088     5.4374     7.7706     81.523    237.187    242.834   -0.00505    6.66984    9.53187  290.94786   15.05108 3.6382e-02     0.2052     0.7445    83.0163 0.0000e+00
        600 329.672797    0.04159     2.4949    149.696     76.731  48688.373    30.7364     8.7723     76.000     8.7675    23.8167     5.4321     7.7629     81.456    236.950    242.594   -0.00384    6.66860    9.53010  290.89157   15.04834 3.6382e-02     0.2295     0.7469    82.9671 0.0000e+00
        604 329.672811    0.04190     2.5142    150.855     77.740  48702.163    30.7465     8.7786     77.000     8.7729    23.8238     5.4160     7.7401     81.234    236.251    241.880   -0.00441    6.66723    9.52814  290.82989   15.04536 3.6382e-02     0.2092     0.7466    82.9725 0.0000e+00
        609 329.672825    0.04223     2.5342    152.053     78.755  48708.992    30.7514     8.7827     78.000     8.7755    23.8270     5.3967     7.7124     80.954    235.408    241.017   -0.00530    6.66641    9.52696  290.79302   15.04358 3.6382e-02     0.1870     0.8245    81.3747 0.0000e+00
        613 329.672837    0.04253     2.5517    153.102     79.761  48711.783    30.7531     8.7843     79.000     8.7774    23.8281     5.3793     7.6875     80.696    234.647    240.239   -0.00600    6.66609    9.52651  290.77893   15.04290 3.6382e-02     0.1980     0.8878    80.0961 0.0000e+00
        618 329.672849    0.04282     2.5688    154.130     80.772  48718.708    30.7579     8.7867     80.000     8.7796    23.8315     5.3613     7.6618     80.432    233.861    239.434   -0.00647    6.66553    9.52571  290.75358   15.04167 3.6382e-02     0.2131     0.9611    78.6429 0.0000e+00
        622 329.672861    0.04310     2.5858    155.148     81.777  48718.330    30.7574     8.7884     81.000     8.7804    23.8309     5.3465     7.6408     80.215    233.221    238.778   -0.00647    6.66529    9.52537  290.74330   15.04117 3.6382e-02     0.2052     1.0297    77.3035 0.0000e+00
        626 329.672873    0.04340     2.6040    156.238     82.793  48720.460    30.7585     8.7889     82.000     8.7811    23.8317     5.3334     7.6219     80.018    232.643    238.188   -0.00599    6.66517    9.52518  290.73740   15.04089 3.6382e-02     0.1991     1.0596    76.7282 0.0000e+00
        630 329.672885    0.04369     2.6214    157.285     83.797  48722.666    30.7598     8.7898     83.000     8.7816    23.8326     5.3237     7.6081     79.876    232.222    237.757   -0.00555    6.66499    9.52493  290.72956   15.04051 3.6382e-02     0.1926     1.0906    76.1361 0.0000e+00
        635 329.672899    0.04402     2.6411    158.468     84.813  48725.697    30.7616     8.7907     84.000     8.7829    23.8339     5.3271     7.6129     79.929    232.369    237.908   -0.00308    6.66477    9.52462  290.71983   15.04003 3.6382e-02     0.2070     1.1169    75.6371 0.0000e+00
        639 329.672912    0.04433     2.6596    159.578     85.820  48729.567    30.7641     8.7924     85.000     8.7846    23.8356     5.3211     7.6043     79.843    232.104    237.637   -0.00274    6.66441    9.52410  290.70336   15.03924 3.6382e-02     0.1949     1.1651    74.7310 0.0000e+00
        644 329.672925    0.04464     2.6784    160.704     86.829  48738.028    30.7699     8.7945     86.000     8.7872    23.8399     5.3143     7.5946     79.748    231.808    237.335   -0.00273    6.66385    9.52330  290.67770   15.03800 3.6382e-02     0.1959     1.2194    73.7260 0.0000e+00
        649 329.672939    0.04497     2.6984    161.903     87.838  48744.434    30.7744     8.7980     87.000     8.7904    23.8429     5.3044     7.5805     79.608    231.377    236.894   -0.00296    6.66312    9.52226  290.64513   15.03642 3.6382e-02     0.2112     1.3429    71.4890 0.0000e+00
        654 329.672953    0.04533     2.7195    163.171     88.847  48747.166    30.7763     8.8004     88.000     8.7921    23.8440     5.2903     7.5604     79.403    230.764    236.266   -0.00366    6.66269    9.52165  290.62592   15.03550 3.6382e-02     0.2251     1.4654    69.3285 0.0000e+00
        659 329.672969    0.04570     2.7419    164.516     89.863  48755.819    30.7822     8.8026     89.000     8.7961    23.8483     5.2723     7.5347     79.139    229.977    235.462   -0.00451    6.66211    9.52081  290.59925   15.03420 3.6382e-02     0.2002     1.5603    67.7046 0.0000e+00
        664 329.672983    0.04604     2.7626    165.756     90.869  48760.214    30.7858     8.8091     90.000     8.8008    23.8502     5.2609     7.5184     78.981    229.479    234.952   -0.00431    6.66099    9.51922  290.55018   15.03183 3.6382e-02     0.1976     1.8888    62.3878 0.0000e+00
        669 329.672999    0.04641     2.7843    167.059     91.864  48758.851    30.7846     8.8104     91.000     8.8011    23.8490     5.2499     7.5026     78.817    228.997    234.459   -0.00396    6.66083    9.51900  290.54375   15.03154 3.6382e-02     0.2092     2.0797    59.4312 0.0000e+00
