CTD-processing/allCTD/CNV/2014_07-23_t6_s05_cast200_4141.cnv
* Sea-Bird SBE19plus Data File:
* FileName = C:\Users\kris.holderied\Documents\kasitsna\Research-Projects-and-Data\Oceanography-AK\CTD-Data-ALL-to-2014-06\2014-CTD-KachemakBay-CookInlet\2014-07-EVOSTC-CookInlet-quarterly\2014-07-23-CookInlet-Tran6-Douglas\2014-07-23-CookInlet-Tran6-cast200.hex
* Software Version 1.59
* Temperature SN =  4141
* Conductivity SN =  4141
* System UpLoad Time = Jul 23 2014 23:20:54
** Cook Inlet LTM Transect 6 (Douglas) East to West
** Date: 07-23
** Station: 6-05
** Start time: 09:41
** Depth (m): 104
** Comment:  CTD time is Alaska Daylight time.  Transducer  depth (transducer is 9 ft).
** Comment:
# nquan = 27
# nvalues = 103                         
# units = specified
# name 0 = scan: Scan Count
# name 1 = timeJ: Julian Days
# name 2 = timeH: Time, Elapsed [hours]
# name 3 = timeM: Time, Elapsed [minutes]
# name 4 = timeS: Time, Elapsed [seconds]
# name 5 = prdM: Pressure, Strain Gauge [db]
# name 6 = specc: Specific Conductance [uS/cm]
# name 7 = sal00: Salinity, Practical [PSU]
# name 8 = tv290C: Temperature [ITS-90, deg C]
# name 9 = depSM: Depth [salt water, m], lat = 59.00
# name 10 = potemp090C: Potential Temperature [ITS-90, deg C]
# name 11 = sigma-é00: Density [sigma-theta, kg/m^3]
# name 12 = sbeox0ML/L: Oxygen, SBE 43 [ml/l]
# name 13 = sbeox0Mg/L: Oxygen, SBE 43 [mg/l]
# name 14 = sbeox0PS: Oxygen, SBE 43 [% saturation]
# name 15 = sbox0Mm/Kg: Oxygen, SBE 43 [umol/kg]
# name 16 = sbeox0Mm/L: Oxygen, SBE 43 [umol/l]
# name 17 = sbox0dV/dT: Oxygen, SBE 43 [dov/dt]
# name 18 = oxsolML/L: Oxygen Saturation, Garcia & Gordon [ml/l]
# name 19 = oxsolMg/L: Oxygen Saturation, Garcia & Gordon [mg/l]
# name 20 = oxsolMm/Kg: Oxygen Saturation, Garcia & Gordon [umol/kg]
# name 21 = n2satMg/L: Nitrogen Saturation [mg/l]
# name 22 = par: PAR/Irradiance, Biospherical/Licor
# name 23 = wetStar: Fluorescence, WET Labs WETstar [mg/m^3]
# name 24 = CStarAt0: Beam Attenuation, WET Labs C-Star [1/m]
# name 25 = CStarTr0: Beam Transmission, WET Labs C-Star [%]
# name 26 = flag: flag
# span 0 =         66,       1058       
# span 1 = 204.403997, 204.406865       
# span 2 =    0.00455,    0.07337       
# span 3 =     0.2728,     4.4025       
# span 4 =     16.369,    264.151       
# span 5 =      1.006,    103.990       
# span 6 =  49296.468,  50777.878       
# span 7 =    31.3719,    32.0766       
# span 8 =     8.0351,    10.2324       
# span 9 =      1.000,    103.000       
# span 10 =     8.0243,    10.2239      
# span 11 =    24.1028,    24.9750      
# span 12 =     5.4315,     6.2379      
# span 13 =     7.7622,     8.9146      
# span 14 =     83.393,     96.903      
# span 15 =    236.854,    272.020      
# span 16 =    242.571,    278.584      
# span 17 =   -0.01987,    0.00142      
# span 18 =    6.42768,    6.72141      
# span 19 =    9.18580,    9.60557      
# span 20 =  280.29467,  292.86411      
# span 21 =   14.53877,   15.13711      
# span 22 = 4.4794e-02, 1.2160e+02      
# span 23 =     0.6450,     3.7191      
# span 24 =     0.2344,     0.7044      
# span 25 =    84.3926,    94.3092      
# span 26 = 0.0000e+00, 0.0000e+00      
# interval = meters: 1                  
# start_time = Jul 23 2014 09:41:29 [Instrument's time stamp, header]
# bad_flag = -9.990e-29
*END*
[from data line 54]
        854 204.406277    0.05925     3.5549    213.293     55.519  49978.974    31.6648     8.8726     55.000     8.8667    24.5279     5.8193     8.3163     87.986    253.667    259.888    0.00066    6.61381    9.45179  288.30139   14.92080 1.0572e-01     1.3324     0.2688    93.5006 0.0000e+00
        858 204.406289    0.05954     3.5728    214.366     56.529  49980.968    31.6658     8.8723     56.000     8.8663    24.5287     5.8162     8.3120     87.940    253.533    259.752   -0.00001    6.61382    9.45181  288.30151   14.92080 9.8631e-02     1.3682     0.2714    93.4400 0.0000e+00
        865 204.406307    0.05997     3.5983    215.896     57.556  49982.020    31.6661     8.8721     57.000     8.8662    24.5290     5.8078     8.2999     87.813    253.164    259.375   -0.00136    6.61384    9.45183  288.30217   14.92083 9.2463e-02     1.3438     0.2674    93.5332 0.0000e+00
        869 204.406319    0.06026     3.6152    216.914     58.570  49982.522    31.6660     8.8721     58.000     8.8661    24.5289     5.8092     8.3019     87.834    253.228    259.440   -0.00069    6.61383    9.45183  288.30198   14.92082 8.5930e-02     1.3251     0.2651    93.5882 0.0000e+00
        871 204.406326    0.06044     3.6259    217.554     59.569  49987.570    31.6690     8.8721     59.000     8.8652    24.5313     5.8132     8.3077     87.897    253.403    259.619   -0.00029    6.61372    9.45166  288.29620   14.92053 8.1904e-02     1.3350     0.2678    93.5251 0.0000e+00
        874 204.406333    0.06061     3.6366    218.197     60.561  49990.086    31.6703     8.8713     60.000     8.8647    24.5325     5.8191     8.3160     87.984    253.658    259.880    0.00063    6.61377    9.45174  288.29840   14.92063 7.6932e-02     1.3965     0.2704    93.4619 0.0000e+00
        879 204.406347    0.06095     3.6571    219.425     61.578  49991.084    31.6705     8.8709     61.000     8.8644    24.5327     5.8136     8.3082     87.901    253.419    259.636   -0.00027    6.61383    9.45182  288.30066   14.92074 7.3032e-02     1.4149     0.2691    93.4924 0.0000e+00
        886 204.406368    0.06144     3.6861    221.168     62.613  49991.864    31.6705     8.8704     62.000     8.8638    24.5328     5.8062     8.2977     87.788    253.096    259.305   -0.00103    6.61388    9.45190  288.30329   14.92087 6.9282e-02     1.3705     0.2720    93.4276 0.0000e+00
        889 204.406376    0.06165     3.6987    221.922     63.605  49992.812    31.6707     8.8703     63.000     8.8636    24.5330     5.8021     8.2917     87.725    252.916    259.121   -0.00172    6.61390    9.45191  288.30344   14.92087 6.7070e-02     1.3899     0.2719    93.4291 0.0000e+00
        892 204.406385    0.06185     3.7109    222.654     64.605  49993.620    31.6708     8.8700     64.000     8.8624    24.5331     5.8108     8.3042     87.857    253.295    259.509   -0.00045    6.61394    9.45197  288.30531   14.92096 6.4521e-02     1.4450     0.2724    93.4166 0.0000e+00
        895 204.406396    0.06211     3.7266    223.594     65.619  49997.505    31.6724     8.8650     65.000     8.8517    24.5351     5.8220     8.3203     88.018    253.785    260.012    0.00142    6.61461    9.45293  288.33415   14.92234 6.1392e-02     1.3462     0.2699    93.4750 0.0000e+00
        900 204.406409    0.06243     3.7456    224.739     66.640  50011.595    31.6797     8.8510     66.000     8.8361    24.5431     5.8122     8.3062     87.846    253.355    259.573   -0.00044    6.61635    9.45543  288.40778   14.92582 5.9599e-02     1.3843     0.2678    93.5239 0.0000e+00
        904 204.406420    0.06270     3.7617    225.704     67.640  50024.566    31.6852     8.8288     67.000     8.8036    24.5507     5.8003     8.2892     87.625    252.833    259.040   -0.00274    6.61941    9.45980  288.53906   14.93208 5.7858e-02     1.3327     0.2679    93.5214 0.0000e+00
        908 204.406432    0.06300     3.7796    226.774     68.653  50057.888    31.7027     8.7911     68.000     8.7629    24.5700     5.7972     8.2847     87.515    252.692    258.901   -0.00277    6.62422    9.46668  288.74340   14.94177 5.6406e-02     1.4002     0.2688    93.5012 0.0000e+00
        912 204.406445    0.06327     3.7967    227.801     69.668  50099.159    31.7241     8.7432     69.000     8.7107    24.5941     5.7744     8.2523     87.091    251.696    257.886   -0.00556    6.63039    9.47551  289.00590   14.95423 5.5099e-02     1.2547     0.2623    93.6536 0.0000e+00
        916 204.406454    0.06352     3.8112    228.672     70.671  50137.871    31.7437     8.6950     70.000     8.6558    24.6167     5.7657     8.2398     86.876    251.311    257.497   -0.00657    6.63670    9.48451  289.27406   14.96696 5.4059e-02     1.2463     0.2589    93.7343 0.0000e+00
        919 204.406465    0.06378     3.8269    229.615     71.676  50192.468    31.7731     8.6382     71.000     8.6053    24.6483     5.7665     8.2410     86.795    251.339    257.534   -0.00521    6.64388    9.49478  289.57817   14.98138 5.2815e-02     1.2871     0.2516    93.9026 0.0000e+00
        925 204.406480    0.06414     3.8480    230.877     72.696  50251.419    31.8051     8.5788     72.000     8.5579    24.6822     5.7480     8.2145     86.419    250.523    256.707   -0.00623    6.65134    9.50544  289.89381   14.99632 5.1979e-02     1.1116     0.2513    93.9127 0.0000e+00
        929 204.406494    0.06446     3.8674    232.046     73.703  50277.533    31.8182     8.5473     73.000     8.5270    24.6972     5.7261     8.1832     86.036    249.565    255.729   -0.00768    6.65548    9.51135  290.06992   15.00469 5.1066e-02     1.0600     0.2476    93.9979 0.0000e+00
        933 204.406506    0.06475     3.8848    233.089     74.714  50301.045    31.8313     8.5276     74.000     8.5157    24.7104     5.7128     8.1641     85.805    248.980    255.133   -0.00732    6.65786    9.51475  290.16986   15.00941 5.0431e-02     0.9982     0.2486    93.9752 0.0000e+00
        937 204.406517    0.06501     3.9008    234.045     75.723  50308.655    31.8351     8.5205     75.000     8.5108    24.7144     5.7103     8.1606     85.756    248.872    255.022   -0.00570    6.65876    9.51602  290.20767   15.01120 4.9862e-02     1.0100     0.2478    93.9923 0.0000e+00
        941 204.406528    0.06528     3.9164    234.987     76.730  50311.344    31.8358     8.5161     76.000     8.5043    24.7157     5.7088     8.1585     85.726    248.806    254.956   -0.00419    6.65938    9.51692  290.23467   15.01248 4.9035e-02     1.0534     0.2483    93.9818 0.0000e+00
        945 204.406539    0.06556     3.9334    236.005     77.740  50315.905    31.8368     8.5040     77.000     8.4837    24.7182     5.7143     8.1664     85.787    249.047    255.203   -0.00247    6.66113    9.51942  290.31020   15.01609 4.8814e-02     0.9225     0.2445    94.0719 0.0000e+00
        949 204.406552    0.06585     3.9512    237.074     78.750  50335.871    31.8450     8.4692     78.000     8.4331    24.7298     5.7136     8.1653     85.712    249.010    255.169   -0.00223    6.66600    9.52638  290.51914   15.02604 4.8305e-02     0.9344     0.2436    94.0931 0.0000e+00
        954 204.406565    0.06617     3.9701    238.205     79.760  50395.413    31.8767     8.4061     79.000     8.3805    24.7639     5.7069     8.1557     85.509    248.712    254.871   -0.00321    6.67408    9.53792  290.86146   15.04227 4.7957e-02     0.9438     0.2435    94.0954 0.0000e+00
        959 204.406579    0.06651     3.9904    239.422     80.771  50426.062    31.8930     8.3756     80.000     8.3549    24.7813     5.6879     8.1285     85.174    247.878    254.020   -0.00501    6.67795    9.54346  291.02514   15.05002 4.7620e-02     0.9305     0.2393    94.1929 0.0000e+00
        963 204.406593    0.06684     4.0104    240.625     81.786  50456.391    31.9082     8.3397     81.000     8.3188    24.7985     5.6794     8.1165     84.988    247.506    253.643   -0.00499    6.68269    9.55023  291.22695   15.05959 4.7184e-02     0.8752     0.2369    94.2493 0.0000e+00
        967 204.406604    0.06710     4.0261    241.566     82.797  50478.928    31.9200     8.3169     82.000     8.2997    24.8111     5.6708     8.1042     84.822    247.128    253.260   -0.00481    6.68561    9.55440  291.35029   15.06544 4.7110e-02     0.8993     0.2375    94.2366 0.0000e+00
        970 204.406613    0.06731     4.0389    242.333     83.796  50494.686    31.9288     8.3048     83.000     8.2945    24.8197     5.6628     8.0926     84.683    246.775    252.899   -0.00528    6.68703    9.55643  291.41004   15.06825 4.6816e-02     0.9123     0.2385    94.2123 0.0000e+00
        974 204.406623    0.06757     4.0540    243.243     84.801  50497.188    31.9299     8.3035     84.000     8.2936    24.8208     5.6677     8.0996     84.754    246.987    253.118   -0.00332    6.68719    9.55666  291.41665   15.06857 4.6571e-02     0.8075     0.2373    94.2402 0.0000e+00
        980 204.406640    0.06796     4.0776    244.653     85.821  50503.282    31.9328     8.2977     85.000     8.2895    24.8239     5.6610     8.0902     84.645    246.698    252.822   -0.00279    6.68795    9.55775  291.44873   15.07009 4.6282e-02     0.7754     0.2356    94.2809 0.0000e+00
        985 204.406655    0.06834     4.1007    246.043     86.837  50501.942    31.9316     8.2987     86.000     8.2894    24.8228     5.6577     8.0853     84.596    246.550    252.670   -0.00218    6.68784    9.55759  291.44437   15.06988 4.6128e-02     0.7688     0.2355    94.2835 0.0000e+00
        989 204.406667    0.06862     4.1170    247.020     87.840  50500.035    31.9294     8.2962     87.000     8.2808    24.8215     5.6698     8.1028     84.773    247.081    253.214   -0.00020    6.68832    9.55826  291.46533   15.07090 4.5838e-02     0.7664     0.2369    94.2480 0.0000e+00
        993 204.406677    0.06888     4.1326    247.955     88.849  50515.065    31.9380     8.2869     88.000     8.2796    24.8296     5.6676     8.0995     84.726    246.983    253.114   -0.00011    6.68935    9.55976  291.50830   15.07292 4.5764e-02     0.7821     0.2364    94.2605 0.0000e+00
        997 204.406689    0.06916     4.1491    248.947     89.858  50506.862    31.9323     8.2905     89.000     8.2730    24.8247     5.6667     8.0982     84.716    246.943    253.073   -0.00064    6.68905    9.55932  291.49652   15.07238 4.5719e-02     0.7654     0.2379    94.2262 0.0000e+00
       1001 204.406701    0.06943     4.1660    249.961     90.870  50526.446    31.9412     8.2623     90.000     8.2331    24.8358     5.6633     8.0934     84.616    246.792    252.921   -0.00100    6.69290    9.56483  291.66130   15.08021 4.5737e-02     0.7682     0.2380    94.2240 0.0000e+00
       1005 204.406713    0.06972     4.1831    250.986     91.878  50574.302    31.9660     8.2097     91.000     8.1686    24.8628     5.6580     8.0859     84.451    246.558    252.688   -0.00240    6.69978    9.57465  291.95314   15.09405 4.5402e-02     0.7413     0.2370    94.2477 0.0000e+00
       1009 204.406725    0.07001     4.2005    252.033     92.890  50642.673    32.0048     8.1549     92.000     8.1368    24.9013     5.6490     8.0729     84.233    246.153    252.282   -0.00347    6.70637    9.58406  292.22932   15.10708 4.5379e-02     0.7340     0.2364    94.2612 0.0000e+00
       1013 204.406736    0.07029     4.2171    253.026     93.898  50660.297    32.0143     8.1399     93.000     8.1242    24.9109     5.6346     8.0525     83.997    245.527    251.644   -0.00471    6.70822    9.58672  292.30749   15.11077 4.5213e-02     0.7466     0.2355    94.2818 0.0000e+00
       1017 204.406748    0.07057     4.2343    254.056     94.908  50675.037    32.0218     8.1248     94.000     8.1073    24.9189     5.6241     8.0374     83.815    245.066    251.173   -0.00489    6.71018    9.58951  292.39047   15.11471 4.5273e-02     0.7018     0.2365    94.2581 0.0000e+00
       1022 204.406761    0.07087     4.2524    255.147     95.917  50695.022    32.0313     8.0997     95.000     8.0679    24.9301     5.6198     8.0312     83.708    244.876    250.981   -0.00430    6.71357    9.59436  292.53505   15.12157 4.4924e-02     0.6953     0.2354    94.2848 0.0000e+00
       1026 204.406775    0.07120     4.2721    256.327     96.929  50744.717    32.0600     8.0646     96.000     8.0581    24.9577     5.6143     8.0233     83.575    244.627    250.732   -0.00396    6.71765    9.60019  292.70493   15.12957 4.4912e-02     0.6882     0.2350    94.2941 0.0000e+00
       1031 204.406788    0.07152     4.2913    257.480     97.941  50736.388    32.0543     8.0680     97.000     8.0489    24.9527     5.6149     8.0243     83.588    244.656    250.761   -0.00260    6.71737    9.59979  292.69420   15.12909 4.5014e-02     0.6900     0.2373    94.2404 0.0000e+00
       1035 204.406800    0.07181     4.3085    258.509     98.952  50764.215    32.0694     8.0437     98.000     8.0289    24.9681     5.6137     8.0227     83.533    244.602    250.710   -0.00208    6.72040    9.60413  292.82196   15.13512 4.5075e-02     0.6519     0.2366    94.2565 0.0000e+00
       1039 204.406811    0.07207     4.3242    259.450     99.955  50775.387    32.0755     8.0357     99.000     8.0243    24.9740     5.6076     8.0139     83.430    244.334    250.437   -0.00263    6.72136    9.60550  292.86216   15.13702 4.4858e-02     0.6641     0.2383    94.2166 0.0000e+00
       1043 204.406823    0.07237     4.3421    260.526    100.967  50777.798    32.0766     8.0351    100.000     8.0271    24.9750     5.6052     8.0103     83.393    244.227    250.327   -0.00224    6.72139    9.60554  292.86306   15.13705 4.4859e-02     0.6696     0.2391    94.1985 0.0000e+00
       1048 204.406836    0.07268     4.3610    261.657    101.979  50774.211    32.0741     8.0376    101.000     8.0268    24.9726     5.6071     8.0131     83.425    244.312    250.413   -0.00118    6.72111    9.60515  292.85174   15.13652 4.4815e-02     0.6696     0.2379    94.2246 0.0000e+00
       1052 204.406850    0.07301     4.3808    262.847    102.987  50777.499    32.0756     8.0357    102.000     8.0254    24.9742     5.6075     8.0137     83.428    244.329    250.431   -0.00083    6.72135    9.60549  292.86177   15.13700 4.4855e-02     0.6697     0.2367    94.2529 0.0000e+00
       1058 204.406865    0.07337     4.4025    264.151    103.990  50777.878    32.0753     8.0354    103.000     8.0255    24.9740     5.6135     8.0222     83.516    244.588    250.696   -0.00016    6.72141    9.60557  292.86411   15.13711 4.4794e-02     0.6450     0.2344    94.3092 0.0000e+00
