CTD-processing/allCTD/CNV/2014_04-11_t9_s06_cast032_5028.cnv
* Sea-Bird SBE19plus Data File:
* FileName = C:\Users\kris.holderied\Documents\kasitsna\Research-Projects-and-Data\Oceanography-AK\CTD-Data-ALL-to-2014-03\2014-CTD-KachemakBay-CookInlet\2014-04-EVOSTC-CookInlet-Ocean\2014-04-11-CookInlet-Tran9-HomerSpit\2014-04-11-CookInlet-Tran9-HomerSpit-cast032.hex
* Software Version 1.59
* Temperature SN =  5028
* Conductivity SN =  5028
* System UpLoad Time = May 27 2014 23:27:35
** Cook Inlet LTM Transect 9  (Homer Spit) South to North
** Date: 2014-04-11
** Station: 9-06
** Start time: 20:27
** Depth (m): 96
** Comment:  CTD time is Alaska Daylight time
** Comment:
# nquan = 27
# nvalues = 95                          
# units = specified
# name 0 = scan: Scan Count
# name 1 = timeJ: Julian Days
# name 2 = timeH: Time, Elapsed [hours]
# name 3 = timeM: Time, Elapsed [minutes]
# name 4 = timeS: Time, Elapsed [seconds]
# name 5 = prdM: Pressure, Strain Gauge [db]
# name 6 = specc: Specific Conductance [uS/cm]
# name 7 = sal00: Salinity, Practical [PSU]
# name 8 = tv290C: Temperature [ITS-90, deg C]
# name 9 = depSM: Depth [salt water, m], lat = 59.00
# name 10 = potemp090C: Potential Temperature [ITS-90, deg C]
# name 11 = sigma-é00: Density [sigma-theta, kg/m^3]
# name 12 = sbeox0ML/L: Oxygen, SBE 43 [ml/l]
# name 13 = sbeox0Mg/L: Oxygen, SBE 43 [mg/l]
# name 14 = sbeox0PS: Oxygen, SBE 43 [% saturation]
# name 15 = sbox0Mm/Kg: Oxygen, SBE 43 [umol/kg]
# name 16 = sbeox0Mm/L: Oxygen, SBE 43 [umol/l]
# name 17 = sbox0dV/dT: Oxygen, SBE 43 [dov/dt]
# name 18 = oxsolML/L: Oxygen Saturation, Garcia & Gordon [ml/l]
# name 19 = oxsolMg/L: Oxygen Saturation, Garcia & Gordon [mg/l]
# name 20 = oxsolMm/Kg: Oxygen Saturation, Garcia & Gordon [umol/kg]
# name 21 = potemp090C: Potential Temperature [ITS-90, deg C]
# name 22 = n2satMg/L: Nitrogen Saturation [mg/l]
# name 23 = par: PAR/Irradiance, Biospherical/Licor
# name 24 = flECO-AFL: Fluorescence, WET Labs ECO-AFL/FL [mg/m^3]
# name 25 = turbWETntu0: Turbidity, WET Labs ECO [NTU]
# name 26 = flag: flag
# span 0 =        114,        626       
# span 1 = 101.852296, 101.853775       
# span 2 =    0.00787,    0.04339       
# span 3 =     0.4727,     2.6034       
# span 4 =     28.359,    156.205       
# span 5 =      1.009,     95.918       
# span 6 =  49097.171,  51583.007       
# span 7 =    30.2464,    32.0047       
# span 8 =     3.9129,     4.7465       
# span 9 =      1.000,     95.000       
# span 10 =     3.9150,     4.7398      
# span 11 =    24.0131,    25.3292      
# span 12 =     6.1268,     7.1402      
# span 13 =     8.7558,    10.2041      
# span 14 =     81.718,     97.579      
# span 15 =    267.249,    311.128      
# span 16 =    273.623,    318.884      
# span 17 =   -0.00177,    0.02607      
# span 18 =    7.26047,    7.49807      
# span 19 =   10.37594,   10.71549      
# span 20 =  316.24263,  327.06506      
# span 21 =     3.9121,     4.7398      
# span 22 =   16.25189,   16.77371      
# span 23 = 3.7912e-02, 1.5597e+01      
# span 24 =     0.3184,     1.0301      
# span 25 =     0.5856,     1.4257      
# span 26 = 0.0000e+00, 0.0000e+00      
# interval = meters: 1                  
# start_time = Apr 11 2014 20:26:50 [Instrument's time stamp, header]
# bad_flag = -9.990e-29
*END*
        114 101.852296    0.00787     0.4727     28.359      1.009  49097.171    30.2464     3.9333      1.000     3.9500    24.0131     6.1268     8.7558     81.718    267.249    273.623   -0.00119    7.49807   10.71549  327.06506     3.9332   16.77371 1.5597e+01     0.6711     1.3316 0.0000e+00
        239 101.852656    0.01651     0.9907     59.440      2.019  50572.342    31.1696     3.9277      2.000     3.9384    24.7472     6.2106     8.8756     83.391    270.669    277.368   -0.00177    7.44764   10.64343  324.57799     3.9276   16.65177 1.0573e+01     0.9371     1.4257 0.0000e+00
        241 101.852661    0.01664     0.9983     59.896      3.028  50524.528    31.1433     3.9487      3.000     3.9524    24.7243     6.3205     9.0327     84.894    275.464    282.274    0.00259    7.44525   10.64001  324.48235     3.9485   16.64733 7.4591e+00     0.9496     1.4073 0.0000e+00
        244 101.852672    0.01691     1.0144     60.866      4.038  50565.326    31.1725     3.9569      4.000     3.9687    24.7468     6.5636     9.3800     88.195    286.051    293.131    0.01134    7.44229   10.63577  324.34596     3.9567   16.64072 5.5915e+00     0.9904     1.4225 0.0000e+00
        248 101.852682    0.01715     1.0293     61.755      5.047  50741.622    31.2986     3.9847      5.000     4.0076    24.8443     6.7980     9.7149     91.485    296.236    303.596    0.01930    7.43092   10.61952  323.81979     3.9843   16.61519 4.3435e+00     1.0301     1.3849 0.0000e+00
        252 101.852693    0.01740     1.0442     62.651      6.057  50831.016    31.3674     4.0202      6.000     4.0278    24.8956     6.9827     9.9790     94.095    304.271    311.846    0.02413    7.42103   10.60539  323.37238     4.0198   16.59364 3.4885e+00     1.0017     1.2849 0.0000e+00
        255 101.852703    0.01765     1.0592     63.552      7.066  50863.697    31.3916     4.0305      7.000     4.0284    24.9139     7.1148    10.1677     95.913    310.021    317.745    0.02607    7.41795   10.60099  323.23258     4.0301   16.58690 2.8440e+00     0.9233     1.1755 0.0000e+00
        259 101.852713    0.01790     1.0739     64.436      8.076  50889.116    31.4072     4.0256      8.000     4.0184    24.9268     7.1402    10.2041     96.255    311.128    318.884    0.02361    7.41805   10.60113  323.23278     4.0251   16.58684 2.3526e+00     0.8480     1.1191 0.0000e+00
        262 101.852724    0.01814     1.0888     65.326      9.085  50918.800    31.4231     4.0091      9.000     3.9899    24.9409     7.0814    10.1201     95.435    308.563    316.259    0.01801    7.42025   10.60428  323.32437     4.0085   16.59113 1.9637e+00     0.8015     1.1275 0.0000e+00
        266 101.852733    0.01839     1.1033     66.197     10.095  50974.656    31.4518     3.9723     10.000     3.9455    24.9673     7.0124    10.0215     94.439    305.548    313.177    0.01254    7.42546   10.61173  323.54308     3.9717   16.60141 1.6302e+00     0.8032     1.1218 0.0000e+00
        269 101.852744    0.01862     1.1175     67.051     11.104  51062.697    31.5012     3.9297     11.000     3.9150    25.0106     6.9441     9.9239     93.453    302.560    310.127    0.00794    7.43071   10.61923  323.75812     3.9290   16.61144 1.3490e+00     0.8174     1.1282 0.0000e+00
        273 101.852754    0.01887     1.1320     67.923     12.114  51131.647    31.5436     3.9129     12.000     3.9158    25.0459     6.8918     9.8492     92.737    300.270    307.791    0.00460    7.43163   10.62055  323.78725     3.9121   16.61266 1.1203e+00     0.8185     1.1612 0.0000e+00
        276 101.852764    0.01912     1.1470     68.818     13.123  51199.741    31.5942     3.9326     13.000     3.9674    25.0842     6.9159     9.8836     93.138    301.307    308.866    0.00489    7.42553   10.61182  323.50923     3.9318   16.59923 9.3523e-01     0.7823     1.1457 0.0000e+00
        280 101.852775    0.01937     1.1620     69.718     14.133  51242.360    31.6404     4.0067     14.000     4.0551    25.1140     6.9806     9.9761     94.211    304.121    311.759    0.00723    7.40982   10.58938  322.81543     4.0058   16.56605 7.7944e-01     0.7825     1.0854 0.0000e+00
        284 101.852785    0.01962     1.1772     70.633     15.142  51216.549    31.6417     4.0878     15.000     4.1151    25.1071     7.0541    10.0811     95.391    307.323    315.040    0.00964    7.39510   10.56834  322.17628     4.0869   16.53565 6.5375e-01     0.7811     1.0412 0.0000e+00
        287 101.852796    0.01988     1.1926     71.555     16.152  51213.101    31.6496     4.1333     16.000     4.1489    25.1090     7.0985    10.1445     96.102    309.255    317.020    0.01035    7.38653   10.55609  321.80230     4.1322   16.51783 5.5174e-01     0.7560     1.0410 0.0000e+00
        291 101.852807    0.02013     1.2078     72.466     17.161  51215.810    31.6574     4.1606     17.000     4.1683    25.1126     7.1195    10.1745     96.455    310.169    317.958    0.00986    7.38123   10.54852  321.57023     4.1595   16.50676 4.6619e-01     0.7232     1.0407 0.0000e+00
        294 101.852817    0.02038     1.2228     73.366     18.170  51229.532    31.6695     4.1747     18.000     4.1781    25.1209     7.1274    10.1859     96.603    310.513    318.312    0.00890    7.37811   10.54405  321.43166     4.1735   16.50013 3.9621e-01     0.6478     1.0200 0.0000e+00
        298 101.852827    0.02064     1.2381     74.285     19.181  51247.740    31.6831     4.1819     19.000     4.1837    25.1310     7.1123    10.1642     96.423    309.849    317.636    0.00711    7.37614   10.54124  321.34271     4.1806   16.49584 3.3951e-01     0.5277     0.9961 0.0000e+00
        302 101.852839    0.02090     1.2540     75.238     20.190  51263.268    31.6947     4.1880     20.000     4.1911    25.1396     7.0789    10.1165     95.992    308.392    316.145    0.00477    7.37445   10.53883  321.26654     4.1867   16.49217 2.9159e-01     0.4229     0.9688 0.0000e+00
        306 101.852849    0.02117     1.2699     76.197     21.199  51273.794    31.7036     4.1975     21.000     4.2019    25.1457     7.0391    10.0596     95.480    306.656    314.367    0.00255    7.37232   10.53578  321.17168     4.1961   16.48762 2.5103e-01     0.3803     0.9557 0.0000e+00
        310 101.852861    0.02144     1.2861     77.166     22.209  51276.714    31.7076     4.2081     22.000     4.2118    25.1479     7.0057    10.0119     95.054    305.201    312.876    0.00089    7.37023   10.53280  321.07997     4.2066   16.48325 2.1678e-01     0.3924     0.9458 0.0000e+00
        314 101.852872    0.02171     1.3024     78.144     23.218  51282.032    31.7132     4.2186     23.000     4.2227    25.1513     6.9973     9.9998     94.968    304.831    312.498    0.00040    7.36806   10.52969  320.98424     4.2171   16.47867 1.8783e-01     0.4012     0.9510 0.0000e+00
        318 101.852884    0.02198     1.3189     79.134     24.228  51284.519    31.7170     4.2296     24.000     4.2330    25.1532     7.0128    10.0219     95.205    305.504    313.189    0.00098    7.36591   10.52662  320.89003     4.2280   16.47417 1.6332e-01     0.3923     0.9480 0.0000e+00
        322 101.852895    0.02226     1.3357     80.139     25.238  51283.933    31.7182     4.2387     25.000     4.2403    25.1533     7.0276    10.0430     95.428    306.150    313.850    0.00145    7.36422   10.52421  320.81668     4.2371   16.47068 1.4249e-01     0.3895     0.9309 0.0000e+00
        326 101.852907    0.02254     1.3526     81.155     26.247  51288.447    31.7223     4.2453     26.000     4.2474    25.1559     7.0347    10.0533     95.544    306.462    314.171    0.00151    7.36284   10.52224  320.75557     4.2435   16.46775 1.2480e-01     0.4083     0.9358 0.0000e+00
        330 101.852919    0.02283     1.3696     82.178     27.257  51295.318    31.7285     4.2540     27.000     4.2569    25.1600     7.0498    10.0749     95.773    307.118    314.845    0.00185    7.36098   10.51956  320.67285     4.2522   16.46379 1.0999e-01     0.4149     0.9655 0.0000e+00
        334 101.852930    0.02311     1.3866     83.197     28.266  51296.065    31.7306     4.2630     28.000     4.2644    25.1608     7.0610    10.0909     95.947    307.603    315.343    0.00208    7.35926   10.51712  320.59822     4.2612   16.46024 9.7571e-02     0.3973     0.9487 0.0000e+00
        338 101.852942    0.02338     1.4033     84.197     29.275  51298.697    31.7334     4.2692     29.000     4.2710    25.1623     7.0623    10.0929     95.982    307.664    315.406    0.00177    7.35802   10.51535  320.54372     4.2672   16.45763 8.7236e-02     0.3970     0.9128 0.0000e+00
        342 101.852953    0.02367     1.4201     85.208     30.285  51310.449    31.7431     4.2786     30.000     4.2845    25.1691     7.0814    10.1200     96.269    308.491    316.256    0.00227    7.35585   10.51226  320.44724     4.2766   16.45301 7.8717e-02     0.4123     0.9210 0.0000e+00
        346 101.852966    0.02396     1.4377     86.264     31.295  51329.297    31.7603     4.2995     31.000     4.3094    25.1808     7.0964    10.1414     96.532    309.139    316.923    0.00262    7.35128   10.50572  320.24433     4.2975   16.44329 7.1616e-02     0.4111     0.9350 0.0000e+00
        350 101.852978    0.02427     1.4557     87.343     32.305  51328.442    31.7647     4.3228     32.000     4.3287    25.1819     7.1022    10.1498     96.669    309.394    317.184    0.00256    7.34693   10.49949  320.05407     4.3206   16.43422 6.5618e-02     0.3863     0.8912 0.0000e+00
        355 101.852991    0.02456     1.4735     88.412     33.314  51363.570    31.7933     4.3448     33.000     4.3645    25.2024     7.0977    10.1433     96.678    309.190    316.982    0.00213    7.34158   10.49185  319.81473     4.3426   16.42271 6.0697e-02     0.3877     0.8673 0.0000e+00
        359 101.853003    0.02485     1.4913     89.479     34.323  51380.754    31.8163     4.3953     34.000     4.4122    25.2156     7.1070    10.1566     96.938    309.592    317.399    0.00245    7.33149   10.47743  319.37127     4.3930   16.40152 5.6725e-02     0.4007     0.8895 0.0000e+00
        363 101.853016    0.02516     1.5095     90.568     35.333  51371.400    31.8174     4.4300     35.000     4.4380    25.2130     7.1215    10.1774     97.219    310.226    318.047    0.00288    7.32527   10.46854  319.10109     4.4277   16.38866 5.3447e-02     0.4043     0.8981 0.0000e+00
        368 101.853029    0.02547     1.5281     91.689     36.343  51379.362    31.8277     4.4530     36.000     4.4609    25.2188     7.1096    10.1603     97.116    309.704    317.514    0.00207    7.32070   10.46201  318.90025     4.4505   16.37907 5.0759e-02     0.4035     0.7894 0.0000e+00
        372 101.853042    0.02578     1.5471     92.823     37.353  51388.224    31.8386     4.4764     37.000     4.4844    25.2250     7.1005    10.1474     97.055    309.308    317.111    0.00148    7.31601   10.45531  318.69393     4.4739   16.36921 4.8486e-02     0.3990     0.7558 0.0000e+00
        377 101.853055    0.02610     1.5659     93.953     38.362  51400.465    31.8522     4.5013     38.000     4.5101    25.2333     7.1012    10.1483     97.131    309.333    317.139    0.00140    7.31095   10.44809  318.47124     4.4987   16.35856 4.6537e-02     0.4106     0.7595 0.0000e+00
        381 101.853068    0.02641     1.5845     95.067     39.372  51413.781    31.8667     4.5266     39.000     4.5373    25.2422     7.1022    10.1498     97.213    309.376    317.185    0.00139    7.30578   10.44069  318.24294     4.5239   16.34763 4.4925e-02     0.4317     0.7584 0.0000e+00
        386 101.853081    0.02672     1.6027     96.161     40.381  51455.074    31.9026     4.5626     40.000     4.5843    25.2671     7.0949    10.1393     97.221    309.049    316.858    0.00113    7.29768   10.42912  317.88248     4.5598   16.33034 4.3585e-02     0.4479     0.7276 0.0000e+00
        390 101.853093    0.02702     1.6211     97.263     41.391  51460.791    31.9176     4.6131     41.000     4.6273    25.2737     7.1009    10.1480     97.433    309.311    317.129    0.00151    7.28806   10.41537  317.46136     4.6103   16.31024 4.2455e-02     0.4393     0.6767 0.0000e+00
        395 101.853107    0.02733     1.6397     98.384     42.401  51455.796    31.9210     4.6453     42.000     4.6495    25.2730     7.1059    10.1551     97.579    309.528    317.352    0.00168    7.28225   10.40706  317.20818     4.6424   16.29818 4.1501e-02     0.4451     0.6339 0.0000e+00
        399 101.853119    0.02764     1.6586     99.517     43.410  51454.846    31.9226     4.6577     43.000     4.6576    25.2731     7.0909    10.1336     97.403    308.874    316.681    0.00088    7.27999   10.40383  317.10980     4.6547   16.29349 4.0705e-02     0.4492     0.6085 0.0000e+00
        404 101.853133    0.02797     1.6778    100.671     44.420  51462.091    31.9286     4.6641     44.000     4.6640    25.2771     7.0673    10.0999     97.098    307.847    315.628   -0.00018    7.27858   10.40182  317.04743     4.6610   16.29049 4.0045e-02     0.4346     0.6149 0.0000e+00
        408 101.853146    0.02829     1.6974    101.843     45.429  51469.103    31.9345     4.6713     45.000     4.6707    25.2810     7.0573    10.0856     96.982    307.409    315.180   -0.00054    7.27702   10.39960  316.97841     4.6682   16.28719 3.9465e-02     0.4440     0.6252 0.0000e+00
        413 101.853160    0.02861     1.7169    103.017     46.439  51475.391    31.9396     4.6769     46.000     4.6759    25.2845     7.0585    10.0873     97.014    307.459    315.232   -0.00039    7.27580   10.39784  316.92385     4.6737   16.28457 3.8938e-02     0.4423     0.6153 0.0000e+00
        418 101.853173    0.02895     1.7367    104.203     47.449  51487.168    31.9485     4.6830     47.000     4.6830    25.2909     7.0544    10.0814     96.976    307.276    315.046   -0.00044    7.27430   10.39570  316.85664     4.6797   16.28133 3.8498e-02     0.4148     0.6090 0.0000e+00
        423 101.853188    0.02927     1.7563    105.380     48.459  51495.269    31.9555     4.6910     48.000     4.6907    25.2956     7.0473    10.0713     96.902    306.967    314.731   -0.00061    7.27256   10.39322  316.77955     4.6876   16.27763 3.8124e-02     0.4033     0.6225 0.0000e+00
        427 101.853200    0.02959     1.7754    106.526     49.468  51498.714    31.9587     4.6975     49.000     4.6961    25.2976     7.0445    10.0673     96.882    306.846    314.608   -0.00058    7.27127   10.39137  316.72251     4.6940   16.27491 3.7941e-02     0.4004     0.6149 0.0000e+00
        432 101.853214    0.02991     1.7945    107.672     50.478  51500.126    31.9602     4.7019     50.000     4.6995    25.2983     7.0382    10.0584     96.806    306.572    314.328   -0.00072    7.27043   10.39016  316.68563     4.6983   16.27314 3.7914e-02     0.4039     0.6036 0.0000e+00
        436 101.853227    0.03023     1.8135    108.809     51.487  51501.830    31.9614     4.7043     51.000     4.7017    25.2989     7.0299    10.0464     96.698    306.208    313.954   -0.00093    7.26994   10.38948  316.66453     4.7007   16.27214 3.7912e-02     0.3949     0.5856 0.0000e+00
        441 101.853240    0.03054     1.8324    109.945     52.497  51507.035    31.9651     4.7071     52.000     4.7056    25.3016     7.0262    10.0412     96.657    306.047    313.790   -0.00094    7.26926   10.38850  316.63403     4.7035   16.27067 3.7912e-02     0.3745     0.5903 0.0000e+00
        445 101.853253    0.03085     1.8511    111.067     53.507  51513.934    31.9705     4.7124     53.000     4.7115    25.3053     7.0298    10.0463     96.722    306.202    313.951   -0.00061    7.26806   10.38679  316.58058     4.7087   16.26811 3.7912e-02     0.3659     0.5882 0.0000e+00
