CTD-processing/allCTD/CNV/2014_02-15_t4_s09_cast188_5028.cnv
* Sea-Bird SBE19plus Data File:
* FileName = C:\Users\kris.holderied\Documents\kasitsna\Research-Projects-and-Data\Oceanography-AK\CTD-CookInlet-GulfWatchAK\2014-02-EVOSTC-CookInlet-LTM-BATCH-UPLOAD\2014-02-CookInlet-Seasonal-cast188.hex
* Software Version 1.59
* Temperature SN =  5028
* Conductivity SN =  5028
* System UpLoad Time = Apr 09 2014 20:23:23
** Cook Inlet LTM 2014 February Seasonal - Batch upload
** Date: 2014-02-15
** Station: 4-09
** Start time: 15:27
** Depth (m): 28
** CoComment:
** Comment:
# nquan = 27
# nvalues = 28                          
# units = specified
# name 0 = scan: Scan Count
# name 1 = timeJ: Julian Days
# name 2 = timeH: Time, Elapsed [hours]
# name 3 = timeM: Time, Elapsed [minutes]
# name 4 = timeS: Time, Elapsed [seconds]
# name 5 = prdM: Pressure, Strain Gauge [db]
# name 6 = specc: Specific Conductance [uS/cm]
# name 7 = sal00: Salinity, Practical [PSU]
# name 8 = tv290C: Temperature [ITS-90, deg C]
# name 9 = depSM: Depth [salt water, m], lat = 59.00
# name 10 = potemp090C: Potential Temperature [ITS-90, deg C]
# name 11 = sigma-é00: Density [sigma-theta, kg/m^3]
# name 12 = sbeox0ML/L: Oxygen, SBE 43 [ml/l]
# name 13 = sbeox0Mg/L: Oxygen, SBE 43 [mg/l]
# name 14 = sbeox0PS: Oxygen, SBE 43 [% saturation]
# name 15 = sbox0Mm/Kg: Oxygen, SBE 43 [umol/kg]
# name 16 = sbeox0Mm/L: Oxygen, SBE 43 [umol/l]
# name 17 = sbox0dV/dT: Oxygen, SBE 43 [dov/dt]
# name 18 = oxsolML/L: Oxygen Saturation, Garcia & Gordon [ml/l]
# name 19 = oxsolMg/L: Oxygen Saturation, Garcia & Gordon [mg/l]
# name 20 = oxsolMm/Kg: Oxygen Saturation, Garcia & Gordon [umol/kg]
# name 21 = potemp090C: Potential Temperature [ITS-90, deg C]
# name 22 = n2satMg/L: Nitrogen Saturation [mg/l]
# name 23 = par: PAR/Irradiance, Biospherical/Licor
# name 24 = flECO-AFL: Fluorescence, WET Labs ECO-AFL/FL [mg/m^3]
# name 25 = turbWETntu0: Turbidity, WET Labs ECO [NTU]
# name 26 = flag: flag
# span 0 =        159,        375       
# span 1 =  46.644150,  46.644774       
# span 2 =    0.01099,    0.02596       
# span 3 =     0.6594,     1.5580       
# span 4 =     39.566,     93.479       
# span 5 =      1.009,     28.267       
# span 6 =  50934.202,  51432.312       
# span 7 =    31.0810,    31.5691       
# span 8 =     2.5396,     3.6825       
# span 9 =      1.000,     28.000       
# span 10 =     2.6025,     3.6812      
# span 11 =    24.7933,    25.1182      
# span 12 =     6.1627,     7.6870      
# span 13 =     8.8072,    10.9854      
# span 14 =     79.881,    102.845      
# span 15 =    268.581,    334.908      
# span 16 =    275.228,    343.300      
# span 17 =   -0.00117,    0.03067      
# span 18 =    7.47437,    7.71447      
# span 19 =   10.68160,   11.02475      
# span 20 =  325.64532,  336.20604      
# span 21 =     2.5396,     3.6807      
# span 22 =   16.70105,   17.20447      
# span 23 = 1.0508e-01, 4.0585e+01      
# span 24 =     0.3171,     0.3840      
# span 25 =     1.4378,     1.8259      
# span 26 = 0.0000e+00, 0.0000e+00      
# interval = meters: 1                  
# start_time = Feb 15 2014 15:26:55 [Instrument's time stamp, header]
# bad_flag = -9.990e-29
*END*
        159  46.644150    0.01099     0.6594     39.566      1.009  50934.202    31.0810     2.5396      1.000     2.6025    24.7933     6.1627     8.8072     79.881    268.581    275.228   -0.00117    7.71447   11.02475  336.20604     2.5396   17.20447 4.0585e+01     0.3311     1.7528 0.0000e+00
        282  46.644505    0.01951     1.1704     70.225      2.019  51432.312    31.4871     2.8669      2.000     2.9173    25.0927     6.7133     9.5939     88.005    292.476    299.815    0.02303    7.62884   10.90236  332.36323     2.8667   17.02045 3.0214e+01     0.3478     1.7331 0.0000e+00
        284  46.644510    0.01963     1.1782     70.690      3.029  51399.071    31.4995     2.9976      3.000     3.0608    25.0918     7.0132    10.0226     92.239    305.544    313.211    0.02937    7.60346   10.86611  331.25886     2.9975   16.96793 2.1696e+01     0.3526     1.7995 0.0000e+00
        287  46.644520    0.01985     1.1914     71.481      4.038  51413.161    31.5374     3.1083      4.000     3.1916    25.1127     7.0689    10.1022     93.253    307.965    315.698    0.02872    7.58067   10.83353  330.25892     3.1081   16.92027 1.5605e+01     0.3698     1.8259 0.0000e+00
        290  46.644527    0.02005     1.2031     72.184      5.047  51397.459    31.5570     3.2273      5.000     3.3155    25.1182     7.1363    10.1985     94.434    310.900    318.709    0.02895    7.55737   10.80023  329.24198     3.2270   16.87187 1.1549e+01     0.3840     1.7553 0.0000e+00
        293  46.644536    0.02025     1.2151     72.904      6.057  51368.041    31.5691     3.3546      6.000     3.4368    25.1168     7.2262    10.3270     95.932    314.815    322.723    0.03007    7.53301   10.76541  328.18085     3.3543   16.82140 8.8288e+00     0.3803     1.6633 0.0000e+00
        296  46.644546    0.02050     1.2296     73.777      7.066  51294.531    31.5521     3.4866      7.000     3.5361    25.0917     7.3210    10.4625     97.495    318.955    326.958    0.03067    7.50936   10.73163  327.15904     3.4862   16.77291 6.9580e+00     0.3775     1.5502 0.0000e+00
        301  46.644560    0.02082     1.2496     74.973      8.076  51215.932    31.5202     3.5742      8.000     3.5859    25.0585     7.3347    10.4820     97.864    319.559    327.567    0.02644    7.49478   10.71079  326.53437     3.5737   16.74335 5.6279e+00     0.3823     1.4953 0.0000e+00
        305  46.644573    0.02114     1.2684     76.101      9.085  51200.120    31.5143     3.5958      9.000     3.5988    25.0519     7.2800    10.4038     97.182    317.179    325.125    0.01976    7.49110   10.70554  326.37618     3.5952   16.73586 4.5886e+00     0.3769     1.4929 0.0000e+00
        308  46.644581    0.02135     1.2808     76.848     10.094  51202.281    31.5165     3.6011     10.000     3.6044    25.0532     7.3110    10.4482     97.610    318.530    326.511    0.01841    7.49000   10.70396  326.32795     3.6005   16.73355 3.7304e+00     0.3696     1.5177 0.0000e+00
        311  46.644589    0.02153     1.2917     77.499     11.104  51203.694    31.5183     3.6062     11.000     3.6092    25.0541     7.3872    10.5571     98.641    321.849    329.914    0.01937    7.48897   10.70249  326.28272     3.6056   16.73139 3.0550e+00     0.3545     1.5207 0.0000e+00
        314  46.644598    0.02174     1.3040     78.242     12.114  51202.122    31.5180     3.6114     12.000     3.6129    25.0534     7.4658    10.6693     99.703    325.271    333.420    0.02020    7.48803   10.70115  326.24212     3.6106   16.72946 2.5145e+00     0.3372     1.4969 0.0000e+00
        318  46.644610    0.02202     1.3217     79.299     13.123  51199.699    31.5167     3.6147     13.000     3.6143    25.0520     7.4903    10.7044    100.037    326.340    334.515    0.01799    7.48749   10.70037  326.21889     3.6139   16.72837 2.0912e+00     0.3426     1.4620 0.0000e+00
        323  46.644624    0.02235     1.3410     80.461     14.132  51203.669    31.5192     3.6163     14.000     3.6170    25.0540     7.4619    10.6638     99.663    325.102    333.247    0.01364    7.48707   10.69979  326.20035     3.6154   16.72747 1.7144e+00     0.3434     1.4950 0.0000e+00
        326  46.644633    0.02258     1.3548     81.286     15.142  51205.094    31.5204     3.6192     15.000     3.6201    25.0547     7.4843    10.6959     99.971    326.080    334.250    0.01260    7.48648   10.69893  326.17411     3.6183   16.72622 1.3839e+00     0.3409     1.5325 0.0000e+00
        329  46.644641    0.02279     1.3674     82.044     16.152  51206.624    31.5216     3.6221     16.000     3.6234    25.0554     7.5327    10.7650    100.625    328.188    336.411    0.01289    7.48588   10.69807  326.14766     3.6212   16.72496 1.1199e+00     0.3347     1.5208 0.0000e+00
        333  46.644652    0.02304     1.3820     82.920     17.161  51207.147    31.5225     3.6262     17.000     3.6273    25.0557     7.5822    10.8358    101.298    330.345    338.623    0.01305    7.48508   10.69693  326.11289     3.6252   16.72330 9.1487e-01     0.3298     1.4858 0.0000e+00
        337  46.644664    0.02332     1.3993     83.958     18.171  51205.905    31.5221     3.6302     18.000     3.6302    25.0551     7.6023    10.8645    101.576    331.221    339.520    0.01175    7.48437   10.69591  326.08196     3.6291   16.72183 7.5044e-01     0.3331     1.4604 0.0000e+00
        341  46.644675    0.02359     1.4152     84.911     19.180  51207.525    31.5232     3.6325     19.000     3.6329    25.0557     7.6069    10.8711    101.645    331.423    339.727    0.01016    7.48389   10.69523  326.06103     3.6313   16.72084 6.1305e-01     0.3321     1.4571 0.0000e+00
        344  46.644685    0.02381     1.4287     85.723     20.190  51211.377    31.5261     3.6355     20.000     3.6383    25.0578     7.6169    10.8853    101.787    331.856    340.171    0.00922    7.48318   10.69422  326.02954     3.6343   16.71933 4.9948e-01     0.3275     1.4775 0.0000e+00
        347  46.644693    0.02404     1.4424     86.542     21.200  51216.639    31.5311     3.6429     21.000     3.6487    25.0610     7.6305    10.9047    101.990    332.446    340.777    0.00857    7.48157   10.69190  325.95796     3.6417   16.71591 4.0671e-01     0.3267     1.5075 0.0000e+00
        351  46.644705    0.02431     1.4584     87.505     22.209  51210.613    31.5295     3.6553     22.000     3.6575    25.0586     7.6449    10.9253    102.213    333.074    341.420    0.00789    7.47938   10.68878  325.86337     3.6540   16.71141 3.3330e-01     0.3286     1.4778 0.0000e+00
        355  46.644716    0.02458     1.4752     88.514     23.219  51202.726    31.5248     3.6602     23.000     3.6579    25.0545     7.6579    10.9439    102.396    333.643    342.002    0.00714    7.47873   10.68785  325.83626     3.6588   16.71014 2.7109e-01     0.3312     1.4583 0.0000e+00
        359  46.644727    0.02483     1.4897     89.384     24.228  51203.825    31.5245     3.6583     24.000     3.6559    25.0545     7.6568    10.9423    102.377    333.594    341.952    0.00611    7.47908   10.68835  325.85146     3.6569   16.71086 2.2153e-01     0.3260     1.4526 0.0000e+00
        362  46.644736    0.02506     1.5033     90.200     25.237  51210.426    31.5284     3.6577     25.000     3.6587    25.0575     7.6549    10.9397    102.353    333.513    341.870    0.00519    7.47900   10.68824  325.84712     3.6562   16.71065 1.8197e-01     0.3264     1.4523 0.0000e+00
        366  46.644747    0.02532     1.5188     91.127     26.247  51213.475    31.5313     3.6633     26.000     3.6662    25.0594     7.6663    10.9559    102.521    334.008    342.378    0.00486    7.47781   10.68654  325.79491     3.6618   16.70816 1.5096e-01     0.3172     1.4453 0.0000e+00
        370  46.644760    0.02563     1.5378     92.268     27.257  51212.777    31.5330     3.6742     27.000     3.6767    25.0598     7.6806    10.9764    102.741    334.631    343.017    0.00460    7.47574   10.68357  325.70413     3.6726   16.70383 1.2653e-01     0.3171     1.4378 0.0000e+00
        375  46.644774    0.02596     1.5580     93.479     28.267  51206.450    31.5302     3.6825     28.000     3.6812    25.0568     7.6870    10.9854    102.845    334.908    343.300    0.00409    7.47437   10.68160  325.64532     3.6807   16.70105 1.0508e-01     0.3202     1.4806 0.0000e+00
