CTD-processing/allCTD/CNV/2014_04-06_t6_s25_cast262_5028.cnv
* Sea-Bird SBE19plus Data File:
* FileName = C:\Users\kris.holderied\Documents\kasitsna\Research-Projects-and-Data\Oceanography-AK\CTD-CookInlet-GulfWatchAK\2014-04-EVOSTC-CookInlet-Ocean\2014-04-06-CookInlet-Tran6-Douglas\2014-04-06-CookInlet-Tran6-cast262.hex
* Software Version 1.59
* Temperature SN =  5028
* Conductivity SN =  5028
* System UpLoad Time = Apr 09 2014 11:44:10
** Cook Inlet LTM Transect 6 (Douglas) east to west
** Date: 6 Apr 2014
** Station: 6-25
** Start time: 16:45
** Depth (m): 172
** Comment:  CTD instrument time is AK Daylight time
** Comment:
# nquan = 27
# nvalues = 170                         
# units = specified
# name 0 = scan: Scan Count
# name 1 = timeJ: Julian Days
# name 2 = timeH: Time, Elapsed [hours]
# name 3 = timeM: Time, Elapsed [minutes]
# name 4 = timeS: Time, Elapsed [seconds]
# name 5 = prdM: Pressure, Strain Gauge [db]
# name 6 = specc: Specific Conductance [uS/cm]
# name 7 = sal00: Salinity, Practical [PSU]
# name 8 = tv290C: Temperature [ITS-90, deg C]
# name 9 = depSM: Depth [salt water, m], lat = 59.00
# name 10 = potemp090C: Potential Temperature [ITS-90, deg C]
# name 11 = sigma-é00: Density [sigma-theta, kg/m^3]
# name 12 = sbeox0ML/L: Oxygen, SBE 43 [ml/l]
# name 13 = sbeox0Mg/L: Oxygen, SBE 43 [mg/l]
# name 14 = sbeox0PS: Oxygen, SBE 43 [% saturation]
# name 15 = sbox0Mm/Kg: Oxygen, SBE 43 [umol/kg]
# name 16 = sbeox0Mm/L: Oxygen, SBE 43 [umol/l]
# name 17 = sbox0dV/dT: Oxygen, SBE 43 [dov/dt]
# name 18 = oxsolML/L: Oxygen Saturation, Garcia & Gordon [ml/l]
# name 19 = oxsolMg/L: Oxygen Saturation, Garcia & Gordon [mg/l]
# name 20 = oxsolMm/Kg: Oxygen Saturation, Garcia & Gordon [umol/kg]
# name 21 = potemp090C: Potential Temperature [ITS-90, deg C]
# name 22 = n2satMg/L: Nitrogen Saturation [mg/l]
# name 23 = par: PAR/Irradiance, Biospherical/Licor
# name 24 = flECO-AFL: Fluorescence, WET Labs ECO-AFL/FL [mg/m^3]
# name 25 = turbWETntu0: Turbidity, WET Labs ECO [NTU]
# name 26 = flag: flag
# span 0 =        330,        981       
# span 1 =  96.698879,  96.700763       
# span 2 =    0.02283,    0.06804       
# span 3 =     1.3698,     4.0819       
# span 4 =     82.186,    244.919       
# span 5 =      1.010,    171.675       
# span 6 =  51461.332,  51947.521       
# span 7 =    32.0172,    32.2395       
# span 8 =     4.8235,     5.0150       
# span 9 =      1.000,    170.000       
# span 10 =     4.8217,     5.0131      
# span 11 =    25.3141,    25.5054      
# span 12 =     6.0880,     6.6283      
# span 13 =     8.7004,     9.4725      
# span 14 =     84.414,     91.607      
# span 15 =    265.174,    288.687      
# span 16 =    271.890,    296.020      
# span 17 =   -0.00162,    0.00857      
# span 18 =    7.21212,    7.24437      
# span 19 =   10.30683,   10.35294      
# span 20 =  314.13634,  315.53203      
# span 21 =     4.8217,     5.0149      
# span 22 =   16.15147,   16.21786      
# span 23 = 3.7912e-02, 6.2933e+01      
# span 24 =     0.2748,     0.4871      
# span 25 =     0.3366,     1.1409      
# span 26 = 0.0000e+00, 0.0000e+00      
# interval = meters: 1                  
# start_time = Apr 06 2014 16:45:01 [Instrument's time stamp, header]
# bad_flag = -9.990e-29
*END*
[from data line 162]
        948  96.700669    0.06577     3.9465    236.791    164.604  51940.912    32.2383     4.8444    163.000     4.8325    25.5045     6.5163     9.3124     90.102    283.779    291.016   -0.00014    7.23209   10.33538  314.95234     4.8325   16.18953 3.7912e-02     0.2823     1.0219 0.0000e+00
        953  96.700683    0.06610     3.9662    237.974    165.614  51942.068    32.2386     4.8443    164.000     4.8324    25.5048     6.5136     9.3087     90.066    283.665    290.899   -0.00024    7.23207   10.33536  314.95167     4.8324   16.18950 3.7912e-02     0.2878     1.0604 0.0000e+00
        958  96.700696    0.06643     3.9860    239.157    166.624  51943.028    32.2388     4.8444    165.000     4.8323    25.5049     6.5106     9.3043     90.024    283.531    290.763   -0.00033    7.23206   10.33534  314.95104     4.8324   16.18947 3.7912e-02     0.2914     1.0805 0.0000e+00
        961  96.700707    0.06669     4.0012    240.070    167.635  51943.839    32.2389     4.8444    166.000     4.8323    25.5049     6.5078     9.3003     89.985    283.409    290.638   -0.00044    7.23205   10.33532  314.95048     4.8323   16.18945 3.7912e-02     0.3014     1.0831 0.0000e+00
        965  96.700717    0.06694     4.0163    240.976    168.645  51944.792    32.2391     4.8445    167.000     4.8324    25.5051     6.5112     9.3052     90.033    283.558    290.790   -0.00029    7.23203   10.33529  314.94949     4.8324   16.18939 3.7912e-02     0.3011     1.0857 0.0000e+00
        969  96.700730    0.06725     4.0354    242.122    169.655  51945.538    32.2391     4.8446    168.000     4.8324    25.5051     6.5167     9.3130     90.109    283.797    291.035   -0.00005    7.23201   10.33526  314.94871     4.8324   16.18936 3.7912e-02     0.2973     1.0801 0.0000e+00
        975  96.700746    0.06763     4.0577    243.459    170.665  51946.394    32.2392     4.8447    169.000     4.8324    25.5051     6.5162     9.3123     90.102    283.774    291.012   -0.00009    7.23199   10.33524  314.94812     4.8323   16.18933 3.7912e-02     0.2926     1.1231 0.0000e+00
        981  96.700763    0.06804     4.0819    244.919    171.675  51947.521    32.2395     4.8449    170.000     4.8326    25.5054     6.5140     9.3092     90.074    283.680    290.915   -0.00020    7.23195   10.33517  314.94559     4.8325   16.18921 3.7912e-02     0.2830     1.1409 0.0000e+00
