CTD-processing/allCTD/CNV/2014_10-19_t9_s05_cast147_4141.cnv
* Sea-Bird SBE19plus Data File:
* FileName = C:\Users\kris.holderied\Documents\kasitsna\Research-Projects-and-Data\Oceanography-AK\CTD-Data-ALL-to-2014-10\2014-CTD-KachemakBay-CookInlet\2014-10-EVOSTC-CookInlet\2014-10-19-CookInlet-Tran9-HomerSpit\2014-10-19-CookInlet-Tran9-cast147.hex
* Software Version 1.59
* Temperature SN =  4141
* Conductivity SN =  4141
* System UpLoad Time = Nov 25 2014 12:50:39
** Cook Inlet LTM Tran9 (Homer Spit) south to north
** Date: 10-19
** Station: 9-05
** Start time:  10:41
** Depth (m): 96
** Comment:  CTD time is Alaska Daylight time.  R/V Pandalus. Transducer  depth.
** Comment:
# nquan = 27
# nvalues = 95                          
# units = specified
# name 0 = scan: Scan Count
# name 1 = timeJ: Julian Days
# name 2 = timeH: Time, Elapsed [hours]
# name 3 = timeM: Time, Elapsed [minutes]
# name 4 = timeS: Time, Elapsed [seconds]
# name 5 = prdM: Pressure, Strain Gauge [db]
# name 6 = specc: Specific Conductance [uS/cm]
# name 7 = sal00: Salinity, Practical [PSU]
# name 8 = tv290C: Temperature [ITS-90, deg C]
# name 9 = depSM: Depth [salt water, m], lat = 59.00
# name 10 = potemp090C: Potential Temperature [ITS-90, deg C]
# name 11 = sigma-é00: Density [sigma-theta, kg/m^3]
# name 12 = sbeox0ML/L: Oxygen, SBE 43 [ml/l]
# name 13 = sbeox0Mg/L: Oxygen, SBE 43 [mg/l]
# name 14 = sbeox0PS: Oxygen, SBE 43 [% saturation]
# name 15 = sbox0Mm/Kg: Oxygen, SBE 43 [umol/kg]
# name 16 = sbeox0Mm/L: Oxygen, SBE 43 [umol/l]
# name 17 = sbox0dV/dT: Oxygen, SBE 43 [dov/dt]
# name 18 = oxsolML/L: Oxygen Saturation, Garcia & Gordon [ml/l]
# name 19 = oxsolMg/L: Oxygen Saturation, Garcia & Gordon [mg/l]
# name 20 = oxsolMm/Kg: Oxygen Saturation, Garcia & Gordon [umol/kg]
# name 21 = n2satMg/L: Nitrogen Saturation [mg/l]
# name 22 = par: PAR/Irradiance, Biospherical/Licor
# name 23 = wetStar: Fluorescence, WET Labs WETstar [mg/m^3]
# name 24 = CStarAt0: Beam Attenuation, WET Labs C-Star [1/m]
# name 25 = CStarTr0: Beam Transmission, WET Labs C-Star [%]
# name 26 = flag: flag
# span 0 =        318,        895       
# span 1 = 292.446451, 292.448118       
# span 2 =    0.02204,    0.06205       
# span 3 =     1.3224,     3.7234       
# span 4 =     79.344,    223.407       
# span 5 =      1.061,     95.909       
# span 6 =  46976.155,  48733.922       
# span 7 =    29.5881,    30.8921       
# span 8 =     8.8825,     9.7647       
# span 9 =      1.000,     95.000       
# span 10 =     8.8860,     9.7622      
# span 11 =    22.9012,    23.7894      
# span 12 =     5.2878,     5.6406      
# span 13 =     7.5568,     8.0610      
# span 14 =     81.104,     85.933      
# span 15 =    230.668,    246.230      
# span 16 =    236.155,    251.910      
# span 17 =   -0.00613,    0.00787      
# span 18 =    6.51985,    6.70178      
# span 19 =    9.31752,    9.57751      
# span 20 =  284.41103,  292.60057      
# span 21 =   14.73796,   15.13468      
# span 22 = 4.4003e-02, 6.6331e+01      
# span 23 =     0.4816,     1.8155      
# span 24 =     0.3144,     1.5345      
# span 25 =    68.0546,    92.4405      
# span 26 = 0.0000e+00, 0.0000e+00      
# interval = meters: 1                  
# start_time = Oct 19 2014 10:41:34 [Instrument's time stamp, header]
# bad_flag = -9.990e-29
*END*
        318 292.446451    0.02204     1.3224     79.344      1.061  46976.155    29.5881     8.8825      1.000     8.8860    22.9012     5.6387     8.0583     84.138    246.188    251.826    0.00056    6.70178    9.57751  292.60057   15.13468 6.6331e+01     1.1299     1.1342    75.3110 0.0000e+00
        321 292.446457    0.02221     1.3325     79.951      2.029  46992.237    29.5994     8.8871      2.000     8.8927    22.9094     5.6304     8.0463     84.028    245.822    251.454   -0.00092    6.70060    9.57582  292.54662   15.13207 4.1621e+01     1.2751     1.1603    74.8203 0.0000e+00
        323 292.446463    0.02234     1.3405     80.427      3.015  47001.836    29.6065     8.8928      3.000     8.9032    22.9141     5.6251     8.0389     83.964    245.591    251.218   -0.00161    6.69944    9.57417  292.49478   15.12956 3.0400e+01     1.2167     1.1614    74.8017 0.0000e+00
        325 292.446471    0.02252     1.3512     81.074      4.005  47063.604    29.6511     8.9078      4.000     8.9279    22.9468     5.6315     8.0480     84.111    245.860    251.501   -0.00053    6.69525    9.56818  292.30235   15.12018 2.2674e+01     1.2990     1.1423    75.1601 0.0000e+00
        331 292.446487    0.02293     1.3754     82.525      5.057  47292.345    29.8195     8.9776      5.000     9.0427    23.0681     5.6406     8.0610     84.472    246.230    251.910    0.00302    6.67753    9.54286  291.49432   15.08089 1.6235e+01     1.3100     1.0351    77.2022 0.0000e+00
        335 292.446499    0.02319     1.3914     83.486      6.054  47863.276    30.2389     9.1343      6.000     9.2801    23.3723     5.6193     8.0306     84.677    245.229    250.961    0.00304    6.63623    9.48384  289.60535   14.98891 1.1945e+01     1.2704     0.8986    79.8863 0.0000e+00
        339 292.446511    0.02348     1.4091     84.549      7.063  47838.957    30.2533     9.3768      7.000     9.4087    23.3465     5.6217     8.0339     85.177    245.335    251.063    0.00706    6.59993    9.43195  288.02821   14.91348 9.4250e+00     1.2491     0.7470    82.9660 0.0000e+00
        344 292.446526    0.02384     1.4306     85.834      8.074  47802.279    30.2323     9.4154      8.000     9.4168    23.3241     5.5735     7.9651     84.509    243.240    248.914   -0.00132    6.59518    9.42517  287.82751   14.90397 8.1966e+00     1.3017     0.6753    84.4665 0.0000e+00
        350 292.446542    0.02423     1.4534     87.207      9.086  47890.081    30.2947     9.4258      9.000     9.4443    23.3713     5.5451     7.9245     84.131    241.988    247.643   -0.00487    6.59102    9.41922  287.63246   14.89440 6.8749e+00     1.4044     0.6145    85.7603 0.0000e+00
        355 292.446557    0.02458     1.4749     88.493     10.094  48097.515    30.4490     9.4977     10.000     9.5346    23.4806     5.5679     7.9570     84.695    242.955    248.660    0.00186    6.57398    9.39489  286.85873   14.85678 5.7381e+00     1.5508     0.5001    88.2499 0.0000e+00
        361 292.446573    0.02498     1.4988     89.925     11.102  48163.658    30.5072     9.5925     11.000     9.6120    23.5112     5.6056     8.0110     85.481    244.594    250.345    0.00787    6.55778    9.37173  286.14305   14.82233 5.1012e+00     1.5736     0.4305    89.7977 0.0000e+00
        368 292.446593    0.02546     1.5275     91.652     12.116  48170.236    30.5176     9.6409     12.000     9.6441    23.5118     5.6072     8.0132     85.601    244.664    250.416    0.00486    6.55034    9.36109  285.81818   14.80675 4.5527e+00     1.7001     0.4171    90.0992 0.0000e+00
        373 292.446610    0.02585     1.5512     93.070     13.123  48193.469    30.5351     9.6537     13.000     9.6590    23.5234     5.5986     8.0011     85.505    244.289    250.036    0.00161    6.54776    9.35740  285.70210   14.80112 3.9543e+00     1.7821     0.3989    90.5089 0.0000e+00
        379 292.446625    0.02623     1.5738     94.427     14.130  48219.557    30.5552     9.6709     14.000     9.6742    23.5364     5.5940     7.9944     85.478    244.085    249.829    0.00051    6.54443    9.35265  285.55339   14.79393 3.5147e+00     1.7282     0.3833    90.8624 0.0000e+00
        385 292.446645    0.02670     1.6016     96.095     15.144  48240.611    30.5713     9.6842     15.000     9.6857    23.5468     5.6007     8.0040     85.614    244.374    250.128    0.00126    6.54183    9.34893  285.43699   14.78830 3.1461e+00     1.7467     0.3633    91.3173 0.0000e+00
        391 292.446662    0.02711     1.6265     97.591     16.152  48244.306    30.5743     9.6915     16.000     9.6912    23.5481     5.6116     8.0195     85.795    244.847    250.613    0.00221    6.54065    9.34724  285.38516   14.78581 2.7587e+00     1.7412     0.3616    91.3569 0.0000e+00
        397 292.446679    0.02752     1.6512     99.071     17.160  48259.291    30.5855     9.6998     17.000     9.7015    23.5555     5.6192     8.0303     85.933    245.175    250.951    0.00226    6.53898    9.34486  285.31034   14.78218 2.4672e+00     1.7346     0.3553    91.5000 0.0000e+00
        404 292.446697    0.02796     1.6771    100.629     18.172  48257.212    30.5846     9.7072     18.000     9.7051    23.5536     5.6112     8.0190     85.825    244.831    250.597    0.00037    6.53796    9.34340  285.26617   14.78008 2.1942e+00     1.8155     0.3609    91.3729 0.0000e+00
        409 292.446714    0.02834     1.7008    102.046     19.178  48262.454    30.5879     9.7078     19.000     9.7076    23.5561     5.5959     7.9972     85.595    244.164    249.916   -0.00210    6.53772    9.34306  285.25522   14.77955 1.9418e+00     1.7462     0.3533    91.5459 0.0000e+00
        416 292.446732    0.02880     1.7280    103.679     20.191  48269.799    30.5935     9.7141     20.000     9.7141    23.5595     5.6027     8.0069     85.713    244.459    250.218   -0.00013    6.53659    9.34144  285.20485   14.77712 1.7380e+00     1.6976     0.3431    91.7807 0.0000e+00
        422 292.446750    0.02923     1.7534    105.204     21.200  48275.941    30.5980     9.7196     21.000     9.7189    23.5622     5.5875     7.9850     85.493    243.791    249.536   -0.00197    6.53561    9.34005  285.16163   14.77503 1.5506e+00     1.6452     0.3488    91.6503 0.0000e+00
        427 292.446766    0.02960     1.7761    106.568     22.207  48289.810    30.6080     9.7248     22.000     9.7239    23.5692     5.5697     7.9597     85.237    243.016    248.744   -0.00359    6.53444    9.33837  285.10826   14.77243 1.3827e+00     1.6751     0.3423    91.7990 0.0000e+00
        434 292.446784    0.03005     1.8030    108.181     23.218  48298.351    30.6141     9.7287     23.000     9.7267    23.5734     5.5489     7.9300     84.928    242.107    247.814   -0.00459    6.53364    9.33722  285.07202   14.77068 1.2418e+00     1.6620     0.3354    91.9550 0.0000e+00
        441 292.446805    0.03054     1.8323    109.939     24.232  48302.359    30.6167     9.7299     24.000     9.7279    23.5752     5.5423     7.9205     84.831    241.819    247.520   -0.00311    6.53334    9.33680  285.05877   14.77003 1.1117e+00     1.6059     0.3344    91.9801 0.0000e+00
        446 292.446820    0.03089     1.8537    111.221     25.235  48321.061    30.6297     9.7324     25.000     9.7307    23.5850     5.5443     7.9234     84.874    241.906    247.611   -0.00150    6.53244    9.33551  285.01669   14.76797 9.8710e-01     1.4828     0.3327    92.0178 0.0000e+00
        452 292.446838    0.03133     1.8796    112.775     26.246  48329.568    30.6355     9.7343     26.000     9.7314    23.5892     5.5382     7.9146     84.787    241.636    247.336   -0.00162    6.53192    9.33477  284.99286   14.76680 8.9181e-01     1.4116     0.3310    92.0575 0.0000e+00
        459 292.446857    0.03178     1.9068    114.409     27.258  48338.262    30.6409     9.7325     27.000     9.7276    23.5938     5.5345     7.9094     84.730    241.474    247.171   -0.00143    6.53195    9.33481  284.99275   14.76678 7.9882e-01     1.5179     0.3246    92.2058 0.0000e+00
        464 292.446873    0.03218     1.9310    115.863     28.265  48353.112    30.6503     9.7276     28.000     9.7246    23.6019     5.5518     7.9342     84.991    242.230    247.946    0.00129    6.53226    9.33526  285.00429   14.76730 7.1580e-01     1.5364     0.3241    92.2168 0.0000e+00
        471 292.446892    0.03263     1.9579    117.474     29.278  48374.637    30.6656     9.7323     29.000     9.7362    23.6131     5.5552     7.9390     85.060    242.373    248.097    0.00133    6.53095    9.33338  284.94381   14.76434 6.4451e-01     1.5528     0.3260    92.1726 0.0000e+00
        476 292.446908    0.03302     1.9812    118.870     30.285  48385.568    30.6758     9.7545     30.000     9.7565    23.6174     5.5549     7.9385     85.102    242.357    248.081    0.00094    6.52733    9.32821  284.78473   14.75669 5.7669e-01     1.5107     0.3265    92.1628 0.0000e+00
        483 292.446926    0.03345     2.0068    120.411     31.294  48385.961    30.6769     9.7647     31.000     9.7622    23.6167     5.5437     7.9225     84.951    241.870    247.583   -0.00080    6.52581    9.32604  284.71865   14.75352 5.2060e-01     1.4260     0.3231    92.2400 0.0000e+00
        489 292.446945    0.03391     2.0343    122.059     32.308  48394.287    30.6823     9.7646     32.000     9.7566    23.6210     5.5323     7.9062     84.778    241.370    247.073   -0.00196    6.52561    9.32574  284.70852   14.75302 4.6886e-01     1.4186     0.3211    92.2858 0.0000e+00
        494 292.446960    0.03426     2.0557    123.343     33.312  48408.686    30.6901     9.7495     33.000     9.7421    23.6295     5.5337     7.9083     84.777    241.433    247.138   -0.00140    6.52744    9.32837  284.78641   14.75671 4.1983e-01     1.4962     0.3290    92.1044 0.0000e+00
        501 292.446978    0.03471     2.0825    124.948     34.323  48417.856    30.6954     9.7439     34.000     9.7394    23.6346     5.5319     7.9056     84.741    241.350    247.055   -0.00108    6.52804    9.32921  284.81062   14.75785 3.7912e-01     1.4536     0.3228    92.2482 0.0000e+00
        507 292.446998    0.03517     2.1098    126.589     35.338  48430.507    30.7035     9.7410     35.000     9.7360    23.6414     5.5220     7.8915     84.589    240.919    246.615   -0.00183    6.52811    9.32932  284.81197   14.75788 3.4018e-01     1.4562     0.3301    92.0802 0.0000e+00
        512 292.447012    0.03552     2.1311    127.866     36.338  48438.533    30.7083     9.7377     36.000     9.7321    23.6457     5.5251     7.8960     84.632    241.052    246.752   -0.00109    6.52838    9.32972  284.82291   14.75839 3.0713e-01     1.4563     0.3242    92.2161 0.0000e+00
        519 292.447031    0.03597     2.1586    129.514     37.359  48447.981    30.7139     9.7328     37.000     9.7288    23.6508     5.5264     7.8979     84.646    241.109    246.811   -0.00029    6.52886    9.33039  284.84200   14.75927 2.7840e-01     1.4485     0.3303    92.0751 0.0000e+00
        524 292.447046    0.03633     2.1799    130.796     38.357  48449.063    30.7144     9.7341     38.000     9.7301    23.6510     5.5208     7.8898     84.563    240.863    246.560   -0.00116    6.52865    9.33009  284.83302   14.75884 2.5119e-01     1.4709     0.3238    92.2230 0.0000e+00
        532 292.447067    0.03684     2.2104    132.626     39.376  48450.222    30.7148     9.7343     39.000     9.7303    23.6513     5.5218     7.8912     84.579    240.907    246.605   -0.00038    6.52859    9.33001  284.83017   14.75870 2.2732e-01     1.3589     0.3212    92.2840 0.0000e+00
        537 292.447084    0.03724     2.2347    134.080     40.381  48451.821    30.7155     9.7348     40.000     9.7297    23.6518     5.5182     7.8861     84.525    240.749    246.444   -0.00100    6.52849    9.32987  284.82578   14.75849 2.0451e-01     1.3902     0.3209    92.2914 0.0000e+00
        543 292.447101    0.03764     2.2585    135.513     41.390  48461.331    30.7212     9.7300     41.000     9.7218    23.6571     5.5198     7.8884     84.544    240.819    246.516   -0.00032    6.52895    9.33052  284.84411   14.75935 1.8576e-01     1.3833     0.3254    92.1885 0.0000e+00
        550 292.447120    0.03810     2.2858    137.150     42.400  48486.353    30.7365     9.7157     42.000     9.7074    23.6713     5.5120     7.8772     84.406    240.476    246.168   -0.00141    6.53036    9.33254  284.90202   14.76205 1.6920e-01     1.3683     0.3178    92.3622 0.0000e+00
        556 292.447139    0.03856     2.3139    138.836     43.412  48508.421    30.7506     9.7076     43.000     9.7026    23.6836     5.5100     7.8744     84.368    240.385    246.078   -0.00119    6.53093    9.33336  284.92344   14.76302 1.5503e-01     1.2111     0.3161    92.4010 0.0000e+00
        562 292.447157    0.03899     2.3391    140.345     44.421  48517.537    30.7566     9.7076     44.000     9.7021    23.6883     5.4946     7.8523     84.135    239.711    245.389   -0.00253    6.53068    9.33300  284.91122   14.76242 1.4112e-01     1.2806     0.3221    92.2636 0.0000e+00
        568 292.447173    0.03938     2.3627    141.764     45.426  48522.565    30.7590     9.7026     45.000     9.6957    23.6910     5.4959     7.8541     84.147    239.765    245.445   -0.00171    6.53129    9.33387  284.93723   14.76365 1.3056e-01     1.2156     0.3144    92.4405 0.0000e+00
        576 292.447195    0.03992     2.3950    143.701     46.445  48532.593    30.7650     9.6970     46.000     9.6913    23.6965     5.4939     7.8514     84.110    239.680    245.359   -0.00107    6.53185    9.33466  284.95961   14.76469 1.2068e-01     1.2127     0.3180    92.3587 0.0000e+00
        581 292.447211    0.04029     2.4170    145.020     47.447  48542.689    30.7712     9.6934     47.000     9.6858    23.7019     5.4955     7.8536     84.130    239.745    245.426   -0.00066    6.53212    9.33505  284.96991   14.76516 1.1163e-01     1.2163     0.3185    92.3467 0.0000e+00
        587 292.447229    0.04071     2.4428    146.565     48.459  48554.862    30.7786     9.6880     48.000     9.6820    23.7086     5.4909     7.8471     84.055    239.546    245.226   -0.00089    6.53258    9.33570  284.98821   14.76601 1.0417e-01     1.1913     0.3302    92.0754 0.0000e+00
        594 292.447247    0.04115     2.4692    148.151     49.466  48560.072    30.7816     9.6856     49.000     9.6791    23.7113     5.4725     7.8207     83.769    238.739    244.399   -0.00307    6.53281    9.33603  284.99742   14.76643 9.6879e-02     1.2223     0.3413    91.8202 0.0000e+00
        601 292.447269    0.04169     2.5011    150.069     50.483  48566.384    30.7851     9.6815     50.000     9.6744    23.7147     5.4508     7.7896     83.431    237.791    243.430   -0.00423    6.53324    9.33665  285.01542   14.76729 9.0622e-02     0.9846     0.3622    91.3435 0.0000e+00
        607 292.447285    0.04206     2.5236    151.416     51.486  48575.055    30.7898     9.6745     51.000     9.6660    23.7195     5.4472     7.7845     83.365    237.633    243.270   -0.00312    6.53406    9.33782  285.04980   14.76891 8.4127e-02     1.0813     0.3852    90.8188 0.0000e+00
        612 292.447302    0.04246     2.5478    152.868     52.494  48583.275    30.7934     9.6613     52.000     9.6516    23.7245     5.4307     7.7611     83.092    236.916    242.537   -0.00402    6.53580    9.34031  285.12421   14.77245 7.9348e-02     1.0197     0.3992    90.5030 0.0000e+00
        620 292.447324    0.04300     2.5801    154.805     53.511  48590.250    30.7972     9.6560     53.000     9.6495    23.7283     5.4202     7.7460     82.924    236.456    242.068   -0.00326    6.53639    9.34116  285.14921   14.77363 7.4787e-02     0.8382     0.4020    90.4377 0.0000e+00
