CTD-processing/allCTD/CNV/2014_07-21_t9_s06_cast162_4141.cnv
* Sea-Bird SBE19plus Data File:
* FileName = C:\Users\kris.holderied\Documents\kasitsna\Research-Projects-and-Data\Oceanography-AK\CTD-Data-ALL-to-2014-06\2014-CTD-KachemakBay-CookInlet\2014-07-EVOSTC-CookInlet-quarterly\2014-07-21-CookInlet-Tran9-HomerSpit\2014-07-21-CookInlet-Tran9-cast162.hex
* Software Version 1.59
* Temperature SN =  4141
* Conductivity SN =  4141
* System UpLoad Time = Jul 21 2014 17:55:22
** Cook Inlet LTM Transect 9 (Homer Spit) North to South
** Date: 07-21
** Station: 9-06
** Start time: 15:55
** Depth (m): 98
** Comment:  CTD time is Alaska Daylight time. 86 sec downcast.
** Comment: Zooplankton 50 m vertical bongo tow.  Phytoplankton surface 40 liters, filtered.
# nquan = 27
# nvalues = 98                          
# units = specified
# name 0 = scan: Scan Count
# name 1 = timeJ: Julian Days
# name 2 = timeH: Time, Elapsed [hours]
# name 3 = timeM: Time, Elapsed [minutes]
# name 4 = timeS: Time, Elapsed [seconds]
# name 5 = prdM: Pressure, Strain Gauge [db]
# name 6 = specc: Specific Conductance [uS/cm]
# name 7 = sal00: Salinity, Practical [PSU]
# name 8 = tv290C: Temperature [ITS-90, deg C]
# name 9 = depSM: Depth [salt water, m], lat = 59.00
# name 10 = potemp090C: Potential Temperature [ITS-90, deg C]
# name 11 = sigma-é00: Density [sigma-theta, kg/m^3]
# name 12 = sbeox0ML/L: Oxygen, SBE 43 [ml/l]
# name 13 = sbeox0Mg/L: Oxygen, SBE 43 [mg/l]
# name 14 = sbeox0PS: Oxygen, SBE 43 [% saturation]
# name 15 = sbox0Mm/Kg: Oxygen, SBE 43 [umol/kg]
# name 16 = sbeox0Mm/L: Oxygen, SBE 43 [umol/l]
# name 17 = sbox0dV/dT: Oxygen, SBE 43 [dov/dt]
# name 18 = oxsolML/L: Oxygen Saturation, Garcia & Gordon [ml/l]
# name 19 = oxsolMg/L: Oxygen Saturation, Garcia & Gordon [mg/l]
# name 20 = oxsolMm/Kg: Oxygen Saturation, Garcia & Gordon [umol/kg]
# name 21 = n2satMg/L: Nitrogen Saturation [mg/l]
# name 22 = par: PAR/Irradiance, Biospherical/Licor
# name 23 = wetStar: Fluorescence, WET Labs WETstar [mg/m^3]
# name 24 = CStarAt0: Beam Attenuation, WET Labs C-Star [1/m]
# name 25 = CStarTr0: Beam Transmission, WET Labs C-Star [%]
# name 26 = flag: flag
# span 0 =        244,        682       
# span 1 = 202.664570, 202.665837       
# span 2 =    0.01690,    0.04732       
# span 3 =     1.0138,     2.8394       
# span 4 =     60.828,    170.368       
# span 5 =      1.011,     98.893       
# span 6 =  41317.945,  50183.002       
# span 7 =    26.0348,    31.6692       
# span 8 =     8.0869,    12.7263       
# span 9 =      1.000,     98.000       
# span 10 =     8.0728,    12.7547      
# span 11 =    19.5093,    24.6481      
# span 12 =     5.7729,     6.9889      
# span 13 =     8.2501,     9.9878      
# span 14 =     85.947,    109.845      
# span 15 =    251.626,    305.010      
# span 16 =    257.819,    312.124      
# span 17 =   -0.04667,    0.03608      
# span 18 =    6.30510,    6.73136      
# span 19 =    9.01062,    9.61981      
# span 20 =  275.58649,  293.39153      
# span 21 =   14.32182,   15.16393      
# span 22 = 3.6604e-02, 2.8734e+00      
# span 23 =     0.3302,     8.5377      
# span 24 =     0.2898,     2.9523      
# span 25 =    48.1841,    93.0108      
# span 26 = 0.0000e+00, 0.0000e+00      
# interval = meters: 1                  
# start_time = Jul 21 2014 15:55:58 [Instrument's time stamp, header]
# bad_flag = -9.990e-29
*END*
[from data line 54]
        522 202.665374    0.03621     2.1728    130.365     55.531  49773.986    31.5285     8.9258     55.000     8.9137    24.4131     6.1645     8.8096     93.234    268.744    275.305    0.00110    6.61178    9.44890  288.24540   14.91868 4.1045e-02     0.4465     0.4356    89.6823 0.0000e+00
        526 202.665385    0.03645     2.1871    131.227     56.538  49782.878    31.5328     8.9153     56.000     8.9052    24.4182     6.1489     8.7875     92.980    268.066    274.611   -0.00161    6.61316    9.45087  288.30399   14.92146 4.0663e-02     0.4722     0.4307    89.7934 0.0000e+00
        529 202.665394    0.03668     2.2007    132.040     57.542  49781.413    31.5301     8.9068     57.000     8.8913    24.4173     6.1310     8.7619     92.691    267.286    273.813   -0.00404    6.61454    9.45283  288.36412   14.92434 4.0955e-02     0.4136     0.4362    89.6684 0.0000e+00
        533 202.665404    0.03692     2.2155    132.929     58.553  49797.493    31.5389     8.8928     58.000     8.8849    24.4264     6.1143     8.7378     92.413    266.551    273.061   -0.00591    6.61622    9.45523  288.43458   14.92768 4.1676e-02     0.4251     0.4253    89.9136 0.0000e+00
        537 202.665416    0.03720     2.2320    133.920     59.565  49799.963    31.5400     8.8909     59.000     8.8848    24.4275     6.1126     8.7355     92.384    266.478    272.987   -0.00442    6.61646    9.45558  288.44495   14.92816 4.2389e-02     0.4154     0.4299    89.8094 0.0000e+00
        541 202.665427    0.03748     2.2490    134.939     60.579  49800.881    31.5402     8.8912     60.000     8.8855    24.4277     6.1100     8.7317     92.345    266.363    272.871   -0.00347    6.61640    9.45550  288.44249   14.92805 4.2557e-02     0.4335     0.4253    89.9139 0.0000e+00
        544 202.665438    0.03773     2.2639    135.836     61.586  49800.351    31.5395     8.8918     61.000     8.8854    24.4270     6.1164     8.7409     92.443    266.645    273.157   -0.00170    6.61635    9.45543  288.44058   14.92796 4.2725e-02     0.5016     0.4279    89.8565 0.0000e+00
        548 202.665448    0.03797     2.2782    136.695     62.593  49799.885    31.5387     8.8916     62.000     8.8792    24.4264     6.1163     8.7408     92.440    266.639    273.152   -0.00108    6.61641    9.45551  288.44320   14.92808 4.2814e-02     0.3946     0.4272    89.8693 0.0000e+00
        551 202.665458    0.03821     2.2930    137.580     63.605  49788.520    31.5275     8.8724     63.000     8.8459    24.4206     6.1121     8.7349     92.333    266.463    272.970   -0.00184    6.61973    9.46025  288.58957   14.93513 4.3035e-02     0.4368     0.4415    89.5493 0.0000e+00
        555 202.665469    0.03847     2.3080    138.482     64.612  49808.082    31.5358     8.8383     64.000     8.8175    24.4323     6.1019     8.7202     92.112    266.011    272.511   -0.00327    6.62441    9.46693  288.79009   14.94468 4.3455e-02     0.4086     0.4621    89.0912 0.0000e+00
        559 202.665480    0.03874     2.3243    139.457     65.626  49829.410    31.5469     8.8142     65.000     8.8038    24.4446     6.0776     8.6855     91.703    264.950    271.426   -0.00605    6.62749    9.47134  288.92094   14.95088 4.3492e-02     0.4224     0.4641    89.0462 0.0000e+00
        563 202.665491    0.03900     2.3397    140.380     66.638  49825.279    31.5423     8.8058     66.000     8.7906    24.4422     6.0626     8.6640     91.456    264.294    270.754   -0.00703    6.62892    9.47339  288.98425   14.95393 4.3696e-02     0.3883     0.4818    88.6510 0.0000e+00
        566 202.665500    0.03922     2.3529    141.175     67.645  49812.037    31.5304     8.7916     67.000     8.7650    24.4352     6.0660     8.6690     91.473    264.447    270.909   -0.00520    6.63155    9.47715  289.10088   14.95955 4.3439e-02     0.3910     0.4778    88.7423 0.0000e+00
        569 202.665508    0.03942     2.3655    141.930     68.648  49828.603    31.5373     8.7624     68.000     8.7442    24.4450     6.0635     8.6653     91.378    264.333    270.795   -0.00438    6.63559    9.48292  289.27408   14.96780 4.3834e-02     0.4002     0.4942    88.3767 0.0000e+00
        572 202.665519    0.03967     2.3804    142.822     69.657  49832.735    31.5371     8.7439     69.000     8.7265    24.4476     6.0604     8.6609     91.294    264.198    270.657   -0.00448    6.63832    9.48683  289.39258   14.97346 4.4246e-02     0.3889     0.5155    87.9075 0.0000e+00
        577 202.665532    0.03998     2.3988    143.927     70.679  49833.813    31.5340     8.7208     70.000     8.6984    24.4486     6.0850     8.6960     91.615    265.269    271.755   -0.00019    6.64189    9.49192  289.54775   14.98089 4.4502e-02     0.4028     0.5233    87.7376 0.0000e+00
        580 202.665542    0.04024     2.4140    144.841     71.687  49782.559    31.4915     8.6791     71.000     8.6189    24.4217     6.1044     8.7239     91.797    266.125    272.624    0.00205    6.64994    9.50342  289.90605   14.99817 4.4704e-02     0.8195     0.5527    87.0949 0.0000e+00
        583 202.665551    0.04045     2.4269    145.617     72.691  49858.298    31.5337     8.6085     72.000     8.5743    24.4652     6.1045     8.7239     91.678    266.117    272.627    0.00026    6.65863    9.51586  290.27304   15.01554 4.4631e-02     0.7941     0.6243    85.5518 0.0000e+00
        587 202.665560    0.04067     2.4405    146.430     73.699  49892.272    31.5511     8.5686     73.000     8.5464    24.4848     6.1198     8.7458     91.836    266.778    273.309    0.00112    6.66385    9.52330  290.49481   15.02607 4.5036e-02     0.5559     0.6737    84.5007 0.0000e+00
        590 202.665571    0.04093     2.4559    147.355     74.709  49915.960    31.5636     8.5442     74.000     8.5292    24.4982     6.0940     8.7090     91.406    265.650    272.158   -0.00165    6.66694    9.52772  290.62570   15.03227 4.5130e-02     0.4008     0.7075    83.7890 0.0000e+00
        595 202.665584    0.04123     2.4738    148.426     75.724  49930.005    31.5711     8.5312     75.000     8.5180    24.5060     6.0206     8.6041     90.284    262.450    268.881   -0.01193    6.66856    9.53005  290.69440   15.03552 4.5474e-02     0.3493     0.7245    83.4337 0.0000e+00
        599 202.665595    0.04150     2.4900    149.398     76.735  49951.707    31.5841     8.5196     76.000     8.5098    24.5180     5.9680     8.5289     89.479    260.154    266.532   -0.01568    6.66974    9.53172  290.74216   15.03775 4.5465e-02     0.3391     0.7435    83.0376 0.0000e+00
        602 202.665605    0.04174     2.5042    150.253     77.742  49960.156    31.5893     8.5178     77.000     8.5110    24.5223     5.9293     8.4735     88.898    258.464    264.802   -0.01693    6.66979    9.53180  290.74326   15.03778 4.5443e-02     0.3415     0.7431    83.0460 0.0000e+00
        605 202.665614    0.04197     2.5182    151.089     78.749  49959.850    31.5888     8.5189     78.000     8.5113    24.5218     5.9011     8.4332     88.477    257.233    263.541   -0.01648    6.66964    9.53158  290.73674   15.03747 4.5731e-02     0.3302     0.7529    82.8429 0.0000e+00
        609 202.665625    0.04221     2.5327    151.962     79.756  49964.445    31.5917     8.5198     79.000     8.5130    24.5239     5.8928     8.4214     88.356    256.872    263.171   -0.01344    6.66938    9.53121  290.72470   15.03688 4.5671e-02     0.3504     0.7590    82.7169 0.0000e+00
        613 202.665636    0.04250     2.5497    152.985     80.770  49963.321    31.5906     8.5208     80.000     8.5118    24.5229     5.9092     8.4449     88.604    257.588    263.905   -0.00699    6.66928    9.53107  290.72079   15.03671 4.5103e-02     0.3471     0.7569    82.7611 0.0000e+00
        617 202.665648    0.04279     2.5673    154.038     81.788  49963.660    31.5900     8.5183     81.000     8.5062    24.5229     5.9197     8.4600     88.756    258.049    264.377   -0.00289    6.66968    9.53164  290.73821   15.03754 4.5438e-02     0.4068     0.7585    82.7289 0.0000e+00
        621 202.665659    0.04303     2.5816    154.895     82.790  49951.185    31.5791     8.5059     82.000     8.4784    24.5161     5.9206     8.4610     88.737    258.084    264.411   -0.00228    6.67201    9.53497  290.84161   15.04252 4.5580e-02     0.5926     0.7765    82.3570 0.0000e+00
        624 202.665668    0.04326     2.5960    155.762     83.797  49960.169    31.5792     8.4685     83.000     8.4375    24.5217     5.8983     8.4294     88.330    257.114    263.419   -0.00481    6.67761    9.54298  291.08439   15.05412 4.5894e-02     0.4126     0.8074    81.7237 0.0000e+00
        628 202.665679    0.04352     2.6113    156.678     84.809  49961.636    31.5731     8.4245     84.000     8.3756    24.5234     5.8820     8.4060     87.996    256.404    262.692   -0.00732    6.68449    9.55280  291.38348   15.06843 4.6194e-02     0.3835     0.8568    80.7223 0.0000e+00
        632 202.665690    0.04379     2.6271    157.626     85.822  50018.408    31.6009     8.3503     85.000     8.3277    24.5562     5.8705     8.3895     87.692    255.893    262.176   -0.00736    6.69445    9.56704  291.80844   15.08862 4.6245e-02     0.3716     0.9813    78.2469 0.0000e+00
        635 202.665700    0.04404     2.6424    158.542     86.831  50041.316    31.6138     8.3321     86.000     8.3192    24.5689     5.8485     8.3581     87.335    254.932    261.195   -0.00912    6.69663    9.57016  291.90011   15.09294 4.6207e-02     0.3593     1.0214    77.4639 0.0000e+00
        639 202.665711    0.04428     2.6568    159.405     87.838  50043.102    31.6133     8.3236     87.000     8.3105    24.5697     5.8565     8.3696     87.437    255.279    261.552   -0.00605    6.69793    9.57201  291.95628   15.09563 4.6585e-02     0.3303     1.0677    76.5739 0.0000e+00
        642 202.665721    0.04453     2.6720    160.318     88.846  50044.660    31.6127     8.3149     88.000     8.2990    24.5705     5.8674     8.3851     87.583    255.755    262.039   -0.00280    6.69929    9.57395  292.01525   15.09845 4.5242e-02     0.3547     1.1016    75.9272 0.0000e+00
        646 202.665733    0.04481     2.6889    161.336     89.863  50042.572    31.6079     8.2963     89.000     8.2691    24.5695     5.8690     8.3873     87.566    255.822    262.107   -0.00195    6.70229    9.57826  292.14668   15.10474 4.4182e-02     0.3627     1.1778    74.4953 0.0000e+00
        650 202.665744    0.04508     2.7046    162.278     90.872  50062.710    31.6158     8.2596     90.000     8.2353    24.5811     5.8612     8.3762     87.383    255.480    261.760   -0.00290    6.70750    9.58569  292.37019   15.11539 4.4051e-02     0.3471     1.2871    72.4884 0.0000e+00
        654 202.665754    0.04532     2.7192    163.149     91.878  50084.944    31.6274     8.2369     91.000     8.2190    24.5935     5.8377     8.3426     86.994    254.451    260.709   -0.00557    6.71043    9.58988  292.49434   15.12127 4.3762e-02     0.3597     1.3449    71.4455 0.0000e+00
        657 202.665765    0.04558     2.7347    164.080     92.884  50098.326    31.6341     8.2222     92.000     8.2082    24.6008     5.8174     8.3136     86.667    253.566    259.805   -0.00723    6.71237    9.59265  292.57691   15.12518 4.3833e-02     0.4034     1.3535    71.2924 0.0000e+00
        662 202.665777    0.04588     2.7527    165.165     93.900  50101.288    31.6338     8.2106     93.000     8.1921    24.6023     5.7952     8.2819     86.313    252.599    258.814   -0.00779    6.71413    9.59515  292.65284   15.12881 4.3841e-02     0.3889     1.3385    71.5605 0.0000e+00
        666 202.665790    0.04617     2.7702    166.210     94.913  50114.776    31.6397     8.1909     94.000     8.1725    24.6098     5.7729     8.2501     85.947    251.626    257.819   -0.00884    6.71686    9.59906  292.76989   15.13438 4.3741e-02     0.3663     1.3575    71.2214 0.0000e+00
        669 202.665800    0.04642     2.7853    167.119     95.918  50124.070    31.6430     8.1733     95.000     8.1530    24.6150     5.7861     8.2689     86.110    252.199    258.407   -0.00532    6.71939    9.60268  292.87856   15.13956 4.3840e-02     0.3706     1.3937    70.5792 0.0000e+00
        673 202.665811    0.04670     2.8015    168.093     96.923  50128.442    31.6412     8.1446     96.000     8.1141    24.6176     5.7972     8.2848     86.219    252.683    258.904   -0.00224    6.72384    9.60903  293.07182   15.14879 4.3924e-02     0.3668     1.4137    70.2270 0.0000e+00
        678 202.665825    0.04702     2.8214    169.286     97.941  50165.675    31.6603     8.1040     97.000     8.0862    24.6385     5.7845     8.2667     85.962    252.125    258.337   -0.00381    6.72916    9.61664  293.29772   15.15950 4.3980e-02     0.3957     1.4533    69.5360 0.0000e+00
        682 202.665837    0.04732     2.8394    170.368     98.893  50183.002    31.6692     8.0869     98.000     8.0728    24.6481     5.9332     8.4793     88.143    258.607    264.980    0.00816    6.73136    9.61981  293.39153   15.16393 4.2806e-02     0.3906     1.5366    68.0972 0.0000e+00
