CTD-processing/allCTD/CNV/2014_07-24_t7_s18_cast017_4141.cnv
* Sea-Bird SBE19plus Data File:
* FileName = C:\Users\kris.holderied\Documents\kasitsna\Research-Projects-and-Data\Oceanography-AK\CTD-Data-ALL-to-2014-06\2014-CTD-KachemakBay-CookInlet\2014-07-EVOSTC-CookInlet-quarterly\2014-07-24-CookInlet-Tran7-Augustine\2014-07-24-CookInlet-Tran7-cast017.hex
* Software Version 1.59
* Temperature SN =  4141
* Conductivity SN =  4141
* System UpLoad Time = Jul 24 2014 17:30:52
** Cook Inlet LTM Transect 7 (Augustine) West to East
** Date: 07-24
** Station: 7-18
** Start time: 14:44
** Depth (m): 80.5
** Comment:  CTD time is Alaska Daylight time.  Transducer  depth (transducer is 9 ft).
** Comment:
# nquan = 27
# nvalues = 79                          
# units = specified
# name 0 = scan: Scan Count
# name 1 = timeJ: Julian Days
# name 2 = timeH: Time, Elapsed [hours]
# name 3 = timeM: Time, Elapsed [minutes]
# name 4 = timeS: Time, Elapsed [seconds]
# name 5 = prdM: Pressure, Strain Gauge [db]
# name 6 = specc: Specific Conductance [uS/cm]
# name 7 = sal00: Salinity, Practical [PSU]
# name 8 = tv290C: Temperature [ITS-90, deg C]
# name 9 = depSM: Depth [salt water, m], lat = 59.00
# name 10 = potemp090C: Potential Temperature [ITS-90, deg C]
# name 11 = sigma-é00: Density [sigma-theta, kg/m^3]
# name 12 = sbeox0ML/L: Oxygen, SBE 43 [ml/l]
# name 13 = sbeox0Mg/L: Oxygen, SBE 43 [mg/l]
# name 14 = sbeox0PS: Oxygen, SBE 43 [% saturation]
# name 15 = sbox0Mm/Kg: Oxygen, SBE 43 [umol/kg]
# name 16 = sbeox0Mm/L: Oxygen, SBE 43 [umol/l]
# name 17 = sbox0dV/dT: Oxygen, SBE 43 [dov/dt]
# name 18 = oxsolML/L: Oxygen Saturation, Garcia & Gordon [ml/l]
# name 19 = oxsolMg/L: Oxygen Saturation, Garcia & Gordon [mg/l]
# name 20 = oxsolMm/Kg: Oxygen Saturation, Garcia & Gordon [umol/kg]
# name 21 = n2satMg/L: Nitrogen Saturation [mg/l]
# name 22 = par: PAR/Irradiance, Biospherical/Licor
# name 23 = wetStar: Fluorescence, WET Labs WETstar [mg/m^3]
# name 24 = CStarAt0: Beam Attenuation, WET Labs C-Star [1/m]
# name 25 = CStarTr0: Beam Transmission, WET Labs C-Star [%]
# name 26 = flag: flag
# span 0 =        164,        724       
# span 1 = 205.614938, 205.616561       
# span 2 =    0.01130,    0.05023       
# span 3 =     0.6777,     3.0135       
# span 4 =     40.661,    180.810       
# span 5 =      1.011,     79.750       
# span 6 =  49078.456,  50419.188       
# span 7 =    31.2839,    31.8919       
# span 8 =     8.3966,    11.0273       
# span 9 =      1.000,     79.000       
# span 10 =     8.3895,    11.0212      
# span 11 =    23.9436,    24.7773      
# span 12 =     5.6931,     8.0756      
# span 13 =     8.1359,    11.5409      
# span 14 =     85.306,    127.764      
# span 15 =    248.106,    352.200      
# span 16 =    254.252,    360.659      
# span 17 =   -0.15912,    0.00542      
# span 18 =    6.31662,    6.67484      
# span 19 =    9.02709,    9.53900      
# span 20 =  275.48021,  290.89067      
# span 21 =   14.30812,   15.04359      
# span 22 = 5.1455e-02, 2.9398e+02      
# span 23 =     0.9662,    18.8481      
# span 24 =     0.2331,     1.5009      
# span 25 =    68.8958,    94.3402      
# span 26 = 0.0000e+00, 0.0000e+00      
# interval = meters: 1                  
# start_time = Jul 24 2014 14:44:50 [Instrument's time stamp, header]
# bad_flag = -9.990e-29
*END*
        164 205.614938    0.01130     0.6777     40.661      1.011  49293.015    31.4824    11.0273      1.000    11.0212    24.0330     6.1929     8.8504     98.038    270.087    276.577    0.00542    6.31662    9.02709  275.48021   14.30812 2.9398e+02     2.5793     1.5009    68.8958 0.0000e+00
        401 205.615624    0.02775     1.6653     99.918      2.025  49262.121    31.4568    11.0039      2.000    10.9884    24.0171     8.0756    11.5409    127.764    352.200    360.659   -0.00280    6.32081    9.03307  275.66669   14.31715 1.6169e+02     8.8283     1.4301    69.9337 0.0000e+00
        396 205.615610    0.02741     1.6449     98.694      3.021  49267.365    31.4559    10.9674      3.000    10.9495    24.0228     7.9970    11.4286    126.419    348.770    357.148   -0.00355    6.32580    9.04020  275.88264   14.32750 1.0043e+02     9.1479     1.4447    69.6864 0.0000e+00
        402 205.615629    0.02786     1.6716    100.298      4.044  49275.004    31.4537    10.9043      4.000    10.8829    24.0321     8.0391    11.4888    126.911    350.603    359.029    0.00301    6.33447    9.05260  276.25873   14.34552 6.8623e+01    12.2107     1.4240    70.0496 0.0000e+00
        407 205.615642    0.02818     1.6909    101.453      5.050  49232.882    31.4161    10.8407      5.000    10.7707    24.0138     7.9996    11.4323    126.084    348.886    357.263   -0.00509    6.34469    9.06720  276.70892   14.36723 4.1392e+01    15.7030     1.4367    69.8264 0.0000e+00
        411 205.615653    0.02844     1.7066    102.395      6.057  49078.456    31.2839    10.6493      6.000    10.4322    23.9436     7.9277    11.3294    124.331    345.770    354.049   -0.01934    6.37634    9.11242  278.10834   14.43476 2.7218e+01    18.4992     1.3178    71.9492 0.0000e+00
        414 205.615664    0.02871     1.7226    103.356      7.064  49264.692    31.3653    10.2366      7.000    10.1054    24.0764     7.7077    11.0150    119.868    336.131    344.223   -0.05149    6.43035    9.18961  280.42775   14.54546 1.9934e+01    18.8481     0.9619    78.6431 0.0000e+00
        419 205.615676    0.02902     1.7408    104.450      8.072  49437.696    31.4624    10.0381      8.000     9.9897    24.1848     7.0877    10.1289    109.818    309.060    316.534   -0.12401    6.45423    9.22374  281.43945   14.59348 1.5932e+01    15.5148     0.7856    82.1781 0.0000e+00
        424 205.615691    0.02937     1.7622    105.734      9.086  49484.904    31.4799     9.9171      9.000     9.8804    24.2183     6.5373     9.3426    101.033    285.056    291.959   -0.15912    6.47060    9.24713  282.14390   14.62711 1.3600e+01    11.1896     0.6553    84.8944 0.0000e+00
        429 205.615706    0.02972     1.7831    106.988     10.100  49527.132    31.4988     9.8359     10.000     9.8169    24.2462     6.3944     9.1383     98.659    278.815    285.576   -0.11636    6.48135    9.26249  282.60480   14.64909 1.1968e+01     8.9938     0.5701    86.7144 0.0000e+00
        433 205.615717    0.02999     1.7995    107.969     11.105  49547.239    31.5092     9.8106     11.000     9.7969    24.2585     6.3719     9.1060     98.262    277.826    284.567   -0.08188    6.48450    9.26700  282.73903   14.65546 1.0120e+01     7.4683     0.5690    86.7405 0.0000e+00
        437 205.615729    0.03027     1.8160    108.959     12.110  49509.596    31.4748     9.7537     12.000     9.6984    24.2408     6.3684     9.1011     98.066    277.682    284.414   -0.05661    6.49404    9.28063  283.15979   14.67573 8.5246e+00     7.0751     0.5256    87.6898 0.0000e+00
        442 205.615743    0.03061     1.8366    110.198     13.120  49580.344    31.5088     9.6368     13.000     9.6061    24.2861     6.3160     9.0261     97.030    275.382    282.071   -0.04252    6.50932    9.30247  283.81366   14.70687 7.4234e+00     6.4094     0.4694    88.9278 0.0000e+00
        448 205.615760    0.03101     1.8608    111.649     14.138  49621.285    31.5263     9.5543     14.000     9.5306    24.3129     6.2180     8.8862     95.362    271.106    277.698   -0.03817    6.52044    9.31836  284.29084   14.72962 6.6943e+00     5.3006     0.4339    89.7198 0.0000e+00
        452 205.615772    0.03131     1.8786    112.715     15.145  49610.329    31.5113     9.5038     15.000     9.4561    24.3093     6.1825     8.8354     94.702    269.556    276.109   -0.03116    6.52832    9.32963  284.63563   14.74617 5.8973e+00     4.6272     0.4273    89.8687 0.0000e+00
        455 205.615782    0.03156     1.8935    113.609     16.151  49669.412    31.5429     9.4322     16.000     9.4025    24.3452     6.1586     8.8012     94.207    268.506    275.042   -0.02608    6.53732    9.34249  285.01792   14.76433 5.1368e+00     4.3827     0.3902    90.7043 0.0000e+00
        459 205.615794    0.03182     1.9092    114.549     17.155  49673.931    31.5370     9.3695     17.000     9.3216    24.3506     6.1212     8.7478     93.502    266.874    273.373   -0.02440    6.54663    9.35578  285.42223   14.78368 4.4874e+00     4.3686     0.3729    91.0986 0.0000e+00
        464 205.615807    0.03215     1.9289    115.736     18.170  49741.426    31.5702     9.2687     18.000     9.2401    24.3924     6.0650     8.6675     92.456    264.411    270.861   -0.02452    6.55984    9.37467  285.98662   14.81053 3.9799e+00     3.7204     0.3410    91.8282 0.0000e+00
        469 205.615822    0.03251     1.9503    117.020     19.183  49788.621    31.5967     9.2228     19.000     9.2153    24.4202     6.0079     8.5858     91.508    261.915    268.311   -0.02340    6.56541    9.38262  286.22146   14.82165 3.5768e+00     2.8988     0.3212    92.2849 0.0000e+00
        473 205.615834    0.03281     1.9686    118.118     20.195  49790.726    31.5961     9.2111     20.000     9.2005    24.4216     5.9839     8.5517     91.120    260.873    267.245   -0.01890    6.56714    9.38509  286.29642   14.82524 3.2260e+00     2.7311     0.3115    92.5068 0.0000e+00
        477 205.615845    0.03306     1.9834    119.001     21.202  49794.734    31.5961     9.1940     21.000     9.1793    24.4242     5.9787     8.5442     91.005    260.643    267.008   -0.01448    6.56963    9.38865  286.40423   14.83039 2.8742e+00     2.6334     0.3078    92.5927 0.0000e+00
        480 205.615854    0.03327     1.9967    119.803     22.203  49798.817    31.5955     9.1725     22.000     9.1469    24.4272     5.9814     8.5480     91.002    260.759    267.129   -0.01056    6.57278    9.39317  286.54123   14.83694 2.5702e+00     2.5723     0.3011    92.7503 0.0000e+00
        484 205.615866    0.03355     2.0133    120.797     23.212  49827.460    31.6086     9.1256     23.000     9.1041    24.4447     5.9637     8.5229     90.648    259.987    266.343   -0.00989    6.57906    9.40213  286.80980   14.84972 2.3132e+00     2.5136     0.2918    92.9642 0.0000e+00
        489 205.615881    0.03392     2.0352    122.112     24.228  49846.663    31.6145     9.0749     24.000     9.0377    24.4571     5.9366     8.4839     90.135    258.796    265.125   -0.01058    6.58624    9.41239  287.11917   14.86449 2.0826e+00     2.4680     0.2860    93.1001 0.0000e+00
        495 205.615896    0.03428     2.0565    123.388     25.246  49893.616    31.6284     8.9436     25.000     8.8681    24.4881     5.9081     8.4432     89.450    257.548    263.854   -0.01201    6.60491    9.43908  287.92470   14.90293 1.8919e+00     2.1246     0.2725    93.4158 0.0000e+00
        498 205.615907    0.03452     2.0716    124.294     26.254  50031.195    31.7095     8.8388     26.000     8.8321    24.5676     5.8782     8.4006     88.837    256.226    262.521   -0.01475    6.61688    9.45618  288.42412   14.92648 1.7187e+00     1.9793     0.2558    93.8056 0.0000e+00
        501 205.615914    0.03473     2.0837    125.019     27.250  50037.036    31.7128     8.8363     27.000     8.8327    24.5705     5.8483     8.3578     88.382    254.921    261.185   -0.01533    6.61711    9.45651  288.43300   14.92689 1.5516e+00     1.7818     0.2564    93.7909 0.0000e+00
        505 205.615925    0.03497     2.0979    125.875     28.261  50030.283    31.7067     8.8302     28.000     8.8083    24.5667     5.8330     8.3359     88.134    254.253    260.499   -0.01409    6.61827    9.45816  288.48461   14.92938 1.4113e+00     1.6978     0.2547    93.8315 0.0000e+00
        509 205.615936    0.03525     2.1147    126.882     29.272  50069.239    31.7269     8.7837     29.000     8.7623    24.5895     5.8314     8.3336     88.030    254.178    260.428   -0.01024    6.62428    9.46676  288.74048   14.94153 1.2883e+00     1.6921     0.2533    93.8630 0.0000e+00
        513 205.615950    0.03558     2.1348    128.089     30.285  50106.658    31.7482     8.7532     30.000     8.7463    24.6109     5.8123     8.3063     87.694    253.342    259.577   -0.00922    6.62788    9.47191  288.89151   14.94866 1.1731e+00     1.5074     0.2559    93.8032 0.0000e+00
        518 205.615964    0.03590     2.1543    129.261     31.305  50108.535    31.7478     8.7440     31.000     8.7296    24.6119     5.8015     8.2908     87.512    252.868    259.092   -0.00789    6.62926    9.47387  288.95094   14.95149 1.0520e+00     1.7123     0.2510    93.9177 0.0000e+00
        521 205.615973    0.03613     2.1679    130.074     32.301  50104.174    31.7404     8.7180     32.000     8.6669    24.6101     5.8077     8.2997     87.551    253.140    259.371   -0.00530    6.63344    9.47984  289.13353   14.96026 9.5085e-01     1.4931     0.2515    93.9073 0.0000e+00
        525 205.615984    0.03640     2.1839    131.033     33.308  50183.698    31.7813     8.6206     33.000     8.5839    24.6568     5.8038     8.2942     87.326    252.961    259.198   -0.00540    6.64615    9.49801  289.67462   14.98594 8.6469e-01     1.4656     0.2439    94.0838 0.0000e+00
        530 205.615998    0.03674     2.2044    132.264     34.326  50246.311    31.8161     8.5625     34.000     8.5457    24.6927     5.7773     8.2564     86.834    251.798    258.016   -0.00780    6.65331    9.50824  289.97641   15.00022 7.9422e-01     1.4310     0.2426    94.1152 0.0000e+00
        535 205.616012    0.03705     2.2234    133.406     35.334  50271.866    31.8295     8.5351     35.000     8.5218    24.7072     5.7594     8.2308     86.519    251.015    257.217   -0.00811    6.65683    9.51328  290.12585   15.00730 7.2853e-01     1.3179     0.2379    94.2266 0.0000e+00
        539 205.616024    0.03735     2.2410    134.460     36.346  50290.964    31.8401     8.5201     36.000     8.5154    24.7179     5.7514     8.2193     86.375    250.660    256.855   -0.00670    6.65859    9.51579  290.19948   15.01078 6.6457e-01     1.2466     0.2429    94.1082 0.0000e+00
        543 205.616035    0.03761     2.2565    135.391     37.354  50288.677    31.8367     8.5111     37.000     8.4947    24.7165     5.7487     8.2154     86.315    250.543    256.735   -0.00537    6.66008    9.51792  290.26493   15.01392 6.0765e-01     1.3348     0.2382    94.2185 0.0000e+00
        546 205.616045    0.03786     2.2717    136.302     38.358  50310.013    31.8484     8.4921     38.000     8.4836    24.7285     5.7441     8.2087     86.215    250.337    256.528   -0.00474    6.66242    9.52126  290.36332   15.01857 5.5395e-01     1.2233     0.2371    94.2456 0.0000e+00
        550 205.616057    0.03815     2.2893    137.361     39.369  50318.204    31.8522     8.4823     39.000     8.4734    24.7329     5.7435     8.2081     86.190    250.314    256.505   -0.00352    6.66373    9.52314  290.41933   15.02123 5.0444e-01     1.2330     0.2372    94.2410 0.0000e+00
        555 205.616072    0.03849     2.3097    138.580     40.383  50328.723    31.8578     8.4734     40.000     8.4678    24.7386     5.7407     8.2041     86.135    250.193    256.382   -0.00267    6.66483    9.52469  290.46515   15.02340 4.5929e-01     1.1645     0.2377    94.2298 0.0000e+00
        560 205.616085    0.03881     2.3287    139.720     41.397  50333.593    31.8603     8.4706     41.000     8.4673    24.7411     5.7380     8.2002     86.091    250.073    256.260   -0.00224    6.66512    9.52513  290.47757   15.02398 4.1467e-01     1.0879     0.2392    94.1958 0.0000e+00
        563 205.616095    0.03906     2.3434    140.606     42.403  50330.646    31.8576     8.4694     42.000     8.4615    24.7391     5.7410     8.2045     86.131    250.203    256.394   -0.00140    6.66543    9.52557  290.49164   15.02466 3.7587e-01     1.1287     0.2386    94.2085 0.0000e+00
        567 205.616104    0.03929     2.3574    141.444     43.409  50337.363    31.8612     8.4652     43.000     8.4594    24.7426     5.7421     8.2061     86.142    250.251    256.443   -0.00084    6.66589    9.52622  290.51069   15.02556 3.4192e-01     1.1849     0.2376    94.2310 0.0000e+00
        570 205.616115    0.03953     2.3722    142.329     44.414  50340.641    31.8627     8.4629     44.000     8.4591    24.7441     5.7321     8.1918     85.988    249.814    255.996   -0.00196    6.66617    9.52662  290.52232   15.02611 3.1376e-01     1.0965     0.2395    94.1886 0.0000e+00
        575 205.616128    0.03985     2.3909    143.452     45.430  50340.372    31.8612     8.4569     45.000     8.4435    24.7438     5.7273     8.1849     85.903    249.604    255.780   -0.00236    6.66714    9.52800  290.56444   15.02813 2.8736e-01     1.1694     0.2365    94.2595 0.0000e+00
        579 205.616141    0.04016     2.4093    144.558     46.444  50355.623    31.8684     8.4369     46.000     8.4201    24.7524     5.7278     8.1855     85.875    249.622    255.800   -0.00169    6.66983    9.53185  290.67948   15.03360 2.6143e-01     1.1579     0.2389    94.2023 0.0000e+00
        583 205.616152    0.04041     2.4245    145.469     47.449  50379.484    31.8813     8.4153     47.000     8.4063    24.7658     5.7215     8.1766     85.748    249.347    255.522   -0.00250    6.67250    9.53566  290.79193   15.03892 2.3890e-01     1.1149     0.2360    94.2708 0.0000e+00
        586 205.616161    0.04066     2.4395    146.373     48.457  50386.870    31.8853     8.4102     48.000     8.4038    24.7697     5.7159     8.1686     85.656    249.102    255.272   -0.00275    6.67309    9.53651  290.81659   15.04008 2.1829e-01     1.0470     0.2372    94.2429 0.0000e+00
        590 205.616173    0.04093     2.4561    147.364     49.464  50390.946    31.8872     8.4065     49.000     8.4008    24.7717     5.7049     8.1529     85.486    248.623    254.782   -0.00347    6.67356    9.53717  290.83646   15.04102 2.0066e-01     1.0528     0.2380    94.2226 0.0000e+00
        595 205.616186    0.04125     2.4750    148.502     50.479  50392.524    31.8876     8.4055     50.000     8.4006    24.7722     5.7050     8.1530     85.485    248.627    254.787   -0.00247    6.67368    9.53736  290.84198   15.04128 1.8482e-01     1.0407     0.2339    94.3192 0.0000e+00
        599 205.616199    0.04155     2.4931    149.585     51.491  50392.797    31.8873     8.4055     51.000     8.4004    24.7720     5.7055     8.1537     85.492    248.649    254.808   -0.00160    6.67371    9.53739  290.84285   15.04133 1.6958e-01     1.0434     0.2360    94.2712 0.0000e+00
        603 205.616210    0.04182     2.5091    150.544     52.494  50393.579    31.8874     8.4055     52.000     8.4003    24.7721     5.7064     8.1551     85.507    248.690    254.850   -0.00116    6.67371    9.53738  290.84266   15.04132 1.5578e-01     1.0764     0.2388    94.2060 0.0000e+00
        607 205.616222    0.04211     2.5267    151.605     53.507  50394.149    31.8875     8.4055     53.000     8.4001    24.7721     5.7093     8.1593     85.551    248.816    254.980   -0.00036    6.67370    9.53737  290.84224   15.04130 1.4466e-01     1.0542     0.2372    94.2418 0.0000e+00
