CTD-processing/allCTD/CNV/2014_10-18_t7_s02_cast127_4141.cnv
* Sea-Bird SBE19plus Data File:
* FileName = C:\Users\kris.holderied\Documents\kasitsna\Research-Projects-and-Data\Oceanography-AK\CTD-Data-ALL-to-2014-10\2014-CTD-KachemakBay-CookInlet\2014-10-EVOSTC-CookInlet\2014-10-17-CookInlet-Tran7-Augustine\2014-10-18-CookInlet-Tran7-cast127.hex
* Software Version 1.59
* Temperature SN =  4141
* Conductivity SN =  4141
* System UpLoad Time = Oct 18 2014 20:32:19
** Cook Inlet LTM Tran7 (Augustine) west to east 2ND RUN
** Date: 10-18
** Station: 7-02
** Start time:  13:00
** Depth (m): 43
** Comment:  CTD time is Alaska Daylight time.  R/V Pandalus. Transducer  depth.
** Comment:
# nquan = 27
# nvalues = 43                          
# units = specified
# name 0 = scan: Scan Count
# name 1 = timeJ: Julian Days
# name 2 = timeH: Time, Elapsed [hours]
# name 3 = timeM: Time, Elapsed [minutes]
# name 4 = timeS: Time, Elapsed [seconds]
# name 5 = prdM: Pressure, Strain Gauge [db]
# name 6 = specc: Specific Conductance [uS/cm]
# name 7 = sal00: Salinity, Practical [PSU]
# name 8 = tv290C: Temperature [ITS-90, deg C]
# name 9 = depSM: Depth [salt water, m], lat = 59.00
# name 10 = potemp090C: Potential Temperature [ITS-90, deg C]
# name 11 = sigma-é00: Density [sigma-theta, kg/m^3]
# name 12 = sbeox0ML/L: Oxygen, SBE 43 [ml/l]
# name 13 = sbeox0Mg/L: Oxygen, SBE 43 [mg/l]
# name 14 = sbeox0PS: Oxygen, SBE 43 [% saturation]
# name 15 = sbox0Mm/Kg: Oxygen, SBE 43 [umol/kg]
# name 16 = sbeox0Mm/L: Oxygen, SBE 43 [umol/l]
# name 17 = sbox0dV/dT: Oxygen, SBE 43 [dov/dt]
# name 18 = oxsolML/L: Oxygen Saturation, Garcia & Gordon [ml/l]
# name 19 = oxsolMg/L: Oxygen Saturation, Garcia & Gordon [mg/l]
# name 20 = oxsolMm/Kg: Oxygen Saturation, Garcia & Gordon [umol/kg]
# name 21 = n2satMg/L: Nitrogen Saturation [mg/l]
# name 22 = par: PAR/Irradiance, Biospherical/Licor
# name 23 = wetStar: Fluorescence, WET Labs WETstar [mg/m^3]
# name 24 = CStarAt0: Beam Attenuation, WET Labs C-Star [1/m]
# name 25 = CStarTr0: Beam Transmission, WET Labs C-Star [%]
# name 26 = flag: flag
# span 0 =        210,        478       
# span 1 = 291.543198, 291.543974       
# span 2 =    0.01453,    0.03316       
# span 3 =     0.8719,     1.9892       
# span 4 =     52.315,    119.354       
# span 5 =      1.017,     43.401       
# span 6 =  46320.848,  47152.488       
# span 7 =    29.1967,    29.7667       
# span 8 =     9.3801,     9.4733       
# span 9 =      1.000,     43.000       
# span 10 =     9.3777,     9.4700      
# span 11 =    22.5207,    22.9568      
# span 12 =     5.7094,     5.8309      
# span 13 =     8.1592,     8.3328      
# span 14 =     86.061,     87.759      
# span 15 =    249.329,    254.671      
# span 16 =    254.980,    260.406      
# span 17 =   -0.00318,    0.01031      
# span 18 =    6.60887,    6.64428      
# span 19 =    9.44473,    9.49534      
# span 20 =  288.53518,  290.19881      
# span 21 =   14.93982,   15.02156      
# span 22 = 3.6374e-02, 1.7305e+01      
# span 23 =     0.6678,     1.1676      
# span 24 =     0.4044,     3.3059      
# span 25 =    62.0781,    87.5057      
# span 26 = 0.0000e+00, 0.0000e+00      
# interval = meters: 1                  
# start_time = Oct 18 2014 13:01:20 [Instrument's time stamp, header]
# bad_flag = -9.990e-29
*END*
        210 291.543198    0.01453     0.8719     52.315      1.017  46564.755    29.3492     9.4041      1.000     9.3891    22.6360     5.7094     8.1592     86.061    249.329    254.980    0.01031    6.63372    9.48025  289.69446   14.99680 1.7305e+01     0.6678     3.3059    62.0781 0.0000e+00
        306 291.543474    0.02116     1.2694     76.164      2.018  46320.848    29.1967     9.3820      2.000     9.3864    22.5207     5.8309     8.3328     87.759    254.671    260.406    0.01023    6.64428    9.49534  290.19881   15.02156 1.3919e+01     0.9225     0.4044    87.5057 0.0000e+00
        302 291.543465    0.02093     1.2562     75.373      3.027  46337.688    29.2075     9.3895      3.000     9.3893    22.5280     5.8157     8.3112     87.551    254.007    259.730    0.00584    6.64266    9.49303  290.12540   15.01800 1.2592e+01     0.8963     0.6296    85.4378 0.0000e+00
        307 291.543477    0.02122     1.2732     76.390      4.038  46326.458    29.1988     9.3862      4.000     9.3813    22.5216     5.8103     8.3035     87.458    253.772    259.488    0.00283    6.64353    9.49427  290.16505   15.01993 1.0146e+01     0.9229     0.6188    85.6658 0.0000e+00
        311 291.543488    0.02150     1.2897     77.384      5.047  46339.201    29.2065     9.3801      5.000     9.3822    22.5286     5.8118     8.3056     87.473    253.836    259.554    0.00170    6.64409    9.49506  290.18743   15.02098 8.3710e+00     1.1330     0.6199    85.6426 0.0000e+00
        314 291.543499    0.02177     1.3062     78.369      6.056  46342.900    29.2096     9.3877      6.000     9.3888    22.5299     5.8170     8.3130     87.568    254.063    259.788    0.00195    6.64283    9.49327  290.13224   15.01833 7.1930e+00     1.1289     0.6212    85.6164 0.0000e+00
        319 291.543512    0.02205     1.3233     79.396      7.065  46336.481    29.2048     9.3884      7.000     9.3875    22.5261     5.8152     8.3105     87.539    253.985    259.705    0.00114    6.64293    9.49341  290.13760   15.01860 6.0712e+00     1.1676     0.6168    85.7102 0.0000e+00
        323 291.543524    0.02235     1.3412     80.470      8.077  46354.839    29.2176     9.3915      8.000     9.3971    22.5356     5.8134     8.3080     87.526    253.906    259.628    0.00016    6.64194    9.49200  290.09163   15.01635 5.9194e+00     1.1022     0.6186    85.6719 0.0000e+00
        327 291.543536    0.02264     1.3582     81.491      9.087  46364.614    29.2257     9.4055      9.000     9.4105    22.5399     5.8167     8.3126     87.607    254.047    259.773    0.00097    6.63952    9.48854  289.98467   15.01121 5.2626e+00     1.1141     0.6161    85.7238 0.0000e+00
        331 291.543547    0.02291     1.3743     82.455     10.093  46386.189    29.2418     9.4176     10.000     9.4279    22.5506     5.8097     8.3027     87.535    253.741    259.463   -0.00007    6.63704    9.48501  289.87370   15.00584 4.4082e+00     1.1612     0.6158    85.7314 0.0000e+00
        335 291.543559    0.02319     1.3916     83.498     11.101  46387.854    29.2452     9.4388     11.000     9.4411    22.5500     5.8062     8.2977     87.525    253.588    259.307   -0.00038    6.63378    9.48032  289.73085   14.99899 3.9541e+00     1.1109     0.6124    85.8052 0.0000e+00
        340 291.543573    0.02353     1.4117     84.700     12.115  46388.292    29.2457     9.4436     12.000     9.4430    22.5497     5.7994     8.2880     87.432    253.291    259.003   -0.00101    6.63304    9.47928  289.69895   14.99747 3.7233e+00     1.1396     0.6154    85.7396 0.0000e+00
        344 291.543586    0.02383     1.4299     85.793     13.125  46392.030    29.2481     9.4451     13.000     9.4444    22.5514     5.7908     8.2755     87.306    252.912    258.616   -0.00206    6.63273    9.47883  289.68476   14.99678 3.1789e+00     1.0808     0.6108    85.8367 0.0000e+00
        348 291.543597    0.02411     1.4462     86.771     14.130  46398.086    29.2521     9.4467     14.000     9.4469    22.5543     5.7841     8.2660     87.210    252.618    258.316   -0.00237    6.63232    9.47825  289.66624   14.99588 2.6113e+00     1.0459     0.6078    85.9018 0.0000e+00
        352 291.543609    0.02440     1.4642     87.851     15.142  46419.149    29.2673     9.4533     15.000     9.4568    22.5651     5.7864     8.2693     87.266    252.716    258.418   -0.00135    6.63069    9.47592  289.59205   14.99227 2.2255e+00     1.0404     0.6033    86.0002 0.0000e+00
        357 291.543623    0.02472     1.4832     88.989     16.151  46417.245    29.2667     9.4632     16.000     9.4644    22.5632     5.7916     8.2767     87.364    252.944    258.651    0.00013    6.62925    9.47387  289.52979   14.98930 1.8575e+00     0.9904     0.6031    86.0035 0.0000e+00
        362 291.543636    0.02505     1.5027     90.163     17.160  46432.188    29.2775     9.4693     17.000     9.4700    22.5706     5.7835     8.2652     87.260    252.591    258.292   -0.00090    6.62790    9.47193  289.46846   14.98632 1.5571e+00     1.0123     0.5996    86.0796 0.0000e+00
        366 291.543650    0.02538     1.5224     91.345     18.174  46457.669    29.2954     9.4733     18.000     9.4696    22.5840     5.7794     8.2594     87.216    252.408    258.109   -0.00114    6.62655    9.47001  289.40588   14.98326 1.3116e+00     0.9323     0.6034    85.9978 0.0000e+00
        371 291.543662    0.02566     1.5397     92.380     19.184  46524.149    29.3405     9.4661     19.000     9.4544    22.6203     5.7767     8.2554     87.185    252.277    257.983   -0.00114    6.62568    9.46876  289.35759   14.98077 9.7995e-01     0.9406     0.6177    85.6906 0.0000e+00
        374 291.543672    0.02591     1.5547     93.281     20.188  46619.659    29.4042     9.4459     20.000     9.4278    22.6732     5.7723     8.2492     87.116    252.075    257.790   -0.00139    6.62594    9.46913  289.35390   14.98033 5.9500e-01     0.9460     0.6564    84.8640 0.0000e+00
        378 291.543684    0.02618     1.5710     94.260     21.193  46671.403    29.4364     9.4178     21.000     9.4057    22.7026     5.7695     8.2452     87.038    251.945    257.665   -0.00196    6.62871    9.47309  289.46653   14.98558 3.1391e-01     0.9334     0.6980    83.9871 0.0000e+00
        383 291.543699    0.02656     1.5933     95.598     22.210  46693.800    29.4492     9.3982     22.000     9.3922    22.7156     5.7797     8.2597     87.161    252.386    258.119   -0.00014    6.63104    9.47642  289.56472   14.99022 1.8486e-01     0.9908     0.7195    83.5389 0.0000e+00
        389 291.543714    0.02692     1.6151     96.905     23.224  46708.055    29.4576     9.3896     23.000     9.3850    22.7235     5.7788     8.2585     87.135    252.347    258.081   -0.00041    6.63196    9.47773  289.60247   14.99199 6.4395e-02     1.0355     0.7143    83.6462 0.0000e+00
        392 291.543725    0.02718     1.6310     97.861     24.227  46724.774    29.4684     9.3859     24.000     9.3818    22.7325     5.7810     8.2615     87.167    252.438    258.177   -0.00016    6.63204    9.47785  289.60357   14.99199 3.6770e-02     0.9959     0.7179    83.5711 0.0000e+00
        396 291.543737    0.02746     1.6475     98.850     25.235  46742.646    29.4801     9.3830     25.000     9.3792    22.7421     5.7826     8.2640     87.194    252.511    258.254    0.00013    6.63196    9.47774  289.59751   14.99166 3.6374e-02     0.9576     0.7191    83.5455 0.0000e+00
        401 291.543749    0.02777     1.6659     99.953     26.246  46766.273    29.4959     9.3807     26.000     9.3777    22.7548     5.7808     8.2613     87.170    252.425    258.169   -0.00024    6.63163    9.47726  289.57910   14.99071 3.6380e-02     0.9682     0.7326    83.2640 0.0000e+00
        405 291.543763    0.02808     1.6847    101.084     27.257  46794.147    29.5151     9.3817     27.000     9.3820    22.7697     5.7793     8.2592     87.160    252.358    258.105   -0.00038    6.63067    9.47589  289.53323   14.98845 3.6382e-02     0.9047     0.7598    82.6995 0.0000e+00
        410 291.543775    0.02838     1.7031    102.188     28.266  46812.588    29.5285     9.3894     28.000     9.3894    22.7790     5.7803     8.2606     87.198    252.399    258.148    0.00003    6.62895    9.47344  289.45554   14.98468 3.6382e-02     0.8963     0.7834    82.2144 0.0000e+00
        414 291.543789    0.02871     1.7226    103.357     29.275  46828.572    29.5402     9.3966     29.000     9.3980    22.7870     5.7710     8.2474     87.078    251.991    257.733   -0.00105    6.62740    9.47122  289.38576   14.98129 3.6382e-02     0.9392     0.7971    81.9305 0.0000e+00
        419 291.543803    0.02905     1.7426    104.555     30.288  46839.771    29.5487     9.4057     30.000     9.4068    22.7923     5.7658     8.2401     87.023    251.766    257.505   -0.00150    6.62569    9.46877  289.30924   14.97760 3.6382e-02     0.9351     0.8027    81.8183 0.0000e+00
        423 291.543815    0.02933     1.7601    105.603     31.297  46907.384    29.5973     9.4198     31.000     9.4269    22.8281     5.7665     8.2409     87.087    251.782    257.530   -0.00047    6.62154    9.46285  289.11796   14.96826 3.6382e-02     0.8974     0.8220    81.4249 0.0000e+00
        427 291.543826    0.02960     1.7764    106.587     32.300  46987.490    29.6554     9.4402     32.000     9.4488    22.8704     5.7652     8.2391     87.140    251.718    257.476    0.00010    6.61608    9.45504  288.86762   14.95606 3.6382e-02     0.8843     0.8859    80.1337 0.0000e+00
        432 291.543840    0.02995     1.7967    107.804     33.312  47060.164    29.7085     9.4618     33.000     9.4612    22.9084     5.7590     8.2302     87.117    251.437    257.198   -0.00011    6.61065    9.44728  288.61977   14.94399 3.6382e-02     0.8338     0.9554    78.7562 0.0000e+00
        437 291.543855    0.03031     1.8185    109.110     34.330  47089.821    29.7293     9.4658     34.000     9.4614    22.9241     5.7434     8.2078     86.900    250.750    256.499   -0.00223    6.60918    9.44518  288.55116   14.94063 3.6382e-02     0.8158     1.0945    76.0664 0.0000e+00
        441 291.543867    0.03059     1.8354    110.124     35.332  47106.265    29.7403     9.4647     35.000     9.4609    22.9329     5.7423     8.2063     86.888    250.701    256.450   -0.00183    6.60887    9.44473  288.53518   14.93982 3.6382e-02     0.8487     1.2078    73.9392 0.0000e+00
        446 291.543879    0.03087     1.8527    111.160     36.340  47111.889    29.7436     9.4633     36.000     9.4579    22.9357     5.7366     8.1982     86.801    250.454    256.197   -0.00183    6.60894    9.44484  288.53746   14.93992 3.6382e-02     0.8970     1.2496    73.1689 0.0000e+00
        450 291.543893    0.03121     1.8725    112.352     37.352  47114.664    29.7449     9.4611     37.000     9.4572    22.9370     5.7247     8.1813     86.617    249.934    255.666   -0.00318    6.60922    9.44523  288.54896   14.94046 3.6382e-02     0.8340     1.2624    72.9349 0.0000e+00
        455 291.543907    0.03155     1.8927    113.562     38.362  47124.428    29.7508     9.4577     38.000     9.4500    22.9422     5.7402     8.2033     86.849    250.609    256.359   -0.00006    6.60945    9.44557  288.55790   14.94086 3.6382e-02     0.7997     1.2660    72.8683 0.0000e+00
        460 291.543921    0.03188     1.9129    114.773     39.371  47134.782    29.7569     9.4514     39.000     9.4466    22.9479     5.7436     8.2082     86.891    250.755    256.509    0.00050    6.61011    9.44650  288.58495   14.94213 3.6382e-02     0.8308     1.3024    72.2083 0.0000e+00
        465 291.543935    0.03223     1.9338    116.028     40.384  47140.106    29.7600     9.4496     40.000     9.4440    22.9506     5.7398     8.2028     86.833    250.591    256.342   -0.00041    6.61025    9.44670  288.59026   14.94238 3.6382e-02     0.9016     1.3299    71.7155 0.0000e+00
        469 291.543948    0.03253     1.9519    117.117     41.392  47145.656    29.7631     9.4467     41.000     9.4416    22.9535     5.7383     8.2006     86.805    250.522    256.272   -0.00062    6.61054    9.44712  288.60227   14.94294 3.6382e-02     0.8454     1.3506    71.3465 0.0000e+00
        474 291.543960    0.03282     1.9691    118.147     42.398  47149.163    29.7649     9.4454     42.000     9.4407    22.9552     5.7399     8.2030     86.828    250.593    256.346   -0.00038    6.61065    9.44729  288.60664   14.94313 3.6382e-02     0.8503     1.3791    70.8389 0.0000e+00
        478 291.543974    0.03316     1.9892    119.354     43.401  47152.488    29.7667     9.4447     43.000     9.4405    22.9568     5.7435     8.2080     86.881    250.746    256.503    0.00030    6.61067    9.44731  288.60709   14.94315 3.6382e-02     0.9036     1.3961    70.5370 0.0000e+00
