CTD-processing/allCTD/CNV/2014_10-18_t6_s27_cast124_4141.cnv
* Sea-Bird SBE19plus Data File:
* FileName = C:\Users\kris.holderied\Documents\kasitsna\Research-Projects-and-Data\Oceanography-AK\CTD-Data-ALL-to-2014-10\2014-CTD-KachemakBay-CookInlet\2014-10-EVOSTC-CookInlet\2014-10-18-CookInlet-Tran6-Douglas\2014-10-18-CookInlet-Tran6-cast124.hex
* Software Version 1.59
* Temperature SN =  4141
* Conductivity SN =  4141
* System UpLoad Time = Oct 18 2014 10:15:11
** Cook Inlet LTM Tran6 (Douglas)  east to west
** Date: 10-18
** Station: 6-27
** Start time: 08:57
** Depth (m): 142
** Comment:  CTD time is Alaska Daylight time.  R/V Pandalus. Transducer  depth.
** Comment:
# nquan = 27
# nvalues = 137                         
# units = specified
# name 0 = scan: Scan Count
# name 1 = timeJ: Julian Days
# name 2 = timeH: Time, Elapsed [hours]
# name 3 = timeM: Time, Elapsed [minutes]
# name 4 = timeS: Time, Elapsed [seconds]
# name 5 = prdM: Pressure, Strain Gauge [db]
# name 6 = specc: Specific Conductance [uS/cm]
# name 7 = sal00: Salinity, Practical [PSU]
# name 8 = tv290C: Temperature [ITS-90, deg C]
# name 9 = depSM: Depth [salt water, m], lat = 59.00
# name 10 = potemp090C: Potential Temperature [ITS-90, deg C]
# name 11 = sigma-é00: Density [sigma-theta, kg/m^3]
# name 12 = sbeox0ML/L: Oxygen, SBE 43 [ml/l]
# name 13 = sbeox0Mg/L: Oxygen, SBE 43 [mg/l]
# name 14 = sbeox0PS: Oxygen, SBE 43 [% saturation]
# name 15 = sbox0Mm/Kg: Oxygen, SBE 43 [umol/kg]
# name 16 = sbeox0Mm/L: Oxygen, SBE 43 [umol/l]
# name 17 = sbox0dV/dT: Oxygen, SBE 43 [dov/dt]
# name 18 = oxsolML/L: Oxygen Saturation, Garcia & Gordon [ml/l]
# name 19 = oxsolMg/L: Oxygen Saturation, Garcia & Gordon [mg/l]
# name 20 = oxsolMm/Kg: Oxygen Saturation, Garcia & Gordon [umol/kg]
# name 21 = n2satMg/L: Nitrogen Saturation [mg/l]
# name 22 = par: PAR/Irradiance, Biospherical/Licor
# name 23 = wetStar: Fluorescence, WET Labs WETstar [mg/m^3]
# name 24 = CStarAt0: Beam Attenuation, WET Labs C-Star [1/m]
# name 25 = CStarTr0: Beam Transmission, WET Labs C-Star [%]
# name 26 = flag: flag
# span 0 =        124,       1270       
# span 1 = 291.373643, 291.376960       
# span 2 =    0.00854,    0.08815       
# span 3 =     0.5127,     5.2888       
# span 4 =     30.765,    317.330       
# span 5 =      1.008,    138.334       
# span 6 =  46741.005,  50491.329       
# span 7 =    29.3396,    31.9003       
# span 8 =     8.2629,     9.5548       
# span 9 =      1.000,    137.000       
# span 10 =     8.2376,     9.5530      
# span 11 =    22.7957,    24.8000      
# span 12 =     4.8615,     5.9085      
# span 13 =     6.9476,     8.4437      
# span 14 =     72.608,     87.732      
# span 15 =    211.863,    257.971      
# span 16 =    217.117,    263.869      
# span 17 =   -0.01263,    0.00471      
# span 18 =    6.54691,    6.80701      
# span 19 =    9.35620,    9.72790      
# span 20 =  285.50749,  297.22570      
# span 21 =   14.78905,   15.35655      
# span 22 = 3.6592e-02, 2.2022e+00      
# span 23 =     0.2500,     1.4202      
# span 24 =     0.2959,     1.1134      
# span 25 =    75.7030,    92.8683      
# span 26 = 0.0000e+00, 0.0000e+00      
# interval = meters: 1                  
# start_time = Oct 18 2014 08:57:32 [Instrument's time stamp, header]
# bad_flag = -9.990e-29
*END*
        124 291.373643    0.00854     0.5127     30.765      1.008  46741.005    29.3396     8.2629      1.000     8.2376    22.7957     4.9424     7.0633     72.608    215.810    220.730    0.00299    6.80701    9.72790  297.22570   15.35655 2.2022e+00     1.2754     1.0763    76.4083 0.0000e+00
        263 291.374044    0.01816     1.0897     65.380      2.020  46885.260    29.4438     8.2951      2.000     8.3039    22.8728     5.4927     7.8495     80.807    239.816    245.301   -0.00518    6.79746    9.71424  296.78597   15.33513 2.1585e+00     1.4202     1.0847    76.2494 0.0000e+00
        300 291.374153    0.02078     1.2470     74.817      3.022  46894.516    29.4527     8.3153      3.000     8.3182    22.8770     5.8942     8.4234     86.757    257.348    263.235    0.00031    6.79393    9.70921  296.63100   15.32770 1.5194e+00     1.0554     1.1098    75.7715 0.0000e+00
        309 291.374178    0.02140     1.2838     77.028      4.051  46881.381    29.4437     8.3194      4.000     8.3144    22.8694     5.9085     8.4437     86.969    257.971    263.869    0.00050    6.79371    9.70889  296.62343   15.32737 1.1102e+00     1.1633     1.1006    75.9452 0.0000e+00
        313 291.374189    0.02165     1.2987     77.923      5.046  46889.534    29.4481     8.3135      5.000     8.3128    22.8737     5.8973     8.4278     86.797    257.485    263.374   -0.00162    6.79442    9.70990  296.65295   15.32876 7.6295e-01     1.0678     1.1125    75.7210 0.0000e+00
        316 291.374200    0.02191     1.3145     78.870      6.049  46893.277    29.4503     8.3136      6.000     8.3152    22.8754     5.9051     8.4391     86.914    257.827    263.725   -0.00032    6.79430    9.70974  296.64780   15.32851 5.7154e-01     1.0611     1.1134    75.7030 0.0000e+00
        322 291.374217    0.02231     1.3386     80.318      7.067  46912.241    29.4657     8.3320      7.000     8.3396    22.8848     5.9035     8.4368     86.935    257.754    263.653    0.00011    6.79080    9.70473  296.49186   15.32100 4.4726e-01     1.1775     1.0987    75.9815 0.0000e+00
        328 291.374233    0.02271     1.3625     81.748      8.079  46913.404    29.4688     8.3514      8.000     8.3568    22.8845     5.8975     8.4281     86.885    257.489    263.381   -0.00058    6.78766    9.70026  296.35531   15.31447 3.6604e-01     1.0390     1.0936    76.0784 0.0000e+00
        332 291.374246    0.02302     1.3808     82.848      9.090  46908.245    29.4661     8.3613      9.000     8.3656    22.8811     5.8992     8.4306     86.929    257.566    263.459   -0.00001    6.78627    9.69826  296.29518   15.31161 2.9382e-01     1.0986     1.0933    76.0833 0.0000e+00
        336 291.374257    0.02327     1.3966     83.793     10.083  47051.056    29.5703     8.3993     10.000     8.4579    22.9573     5.8987     8.4297     87.054    257.521    263.433    0.00070    6.77586    9.68339  295.81880   15.28844 2.1777e-01     1.0179     1.0891    76.1656 0.0000e+00
        345 291.374283    0.02391     1.4343     86.059     11.117  47050.675    29.5893     8.5405     11.000     8.5723    22.9520     5.8824     8.4066     87.103    256.816    262.711   -0.00021    6.75345    9.65135  294.84183   15.24172 1.7264e-01     0.9611     1.0280    77.3380 0.0000e+00
        350 291.374297    0.02425     1.4549     87.291     12.115  47421.487    29.8611     8.6430     12.000     8.7883    23.1500     5.8478     8.3572     86.944    255.256    261.164   -0.00322    6.72603    9.61216  293.58777   15.18071 1.4481e-01     1.0525     1.0075    77.7357 0.0000e+00
        354 291.374307    0.02448     1.4692     88.150     13.114  47427.477    29.8970     8.8780     13.000     8.9494    23.1435     5.8685     8.3866     87.732    256.157    262.085    0.00471    6.68907    9.55936  291.97680   15.10362 1.2120e-01     1.0025     0.8942    79.9690 0.0000e+00
        359 291.374323    0.02485     1.4910     89.462     14.133  47335.670    29.8480     8.9927     14.000     8.9991    23.0883     5.8536     8.3654     87.707    255.522    261.421    0.00388    6.67405    9.53788  291.33654   15.07324 1.0677e-01     1.0757     0.8135    81.5963 0.0000e+00
        367 291.374345    0.02539     1.5237     91.424     15.145  47349.027    29.8596     9.0127     15.000     9.0170    23.0943     5.7923     8.2778     86.833    252.844    258.683   -0.00467    6.67056    9.53289  291.18253   15.06583 9.1528e-02     0.9597     0.7632    82.6307 0.0000e+00
        374 291.374366    0.02590     1.5542     93.251     16.158  47354.381    29.8648     9.0275     16.000     9.0309    23.0962     5.7897     8.2741     86.826    252.731    258.568   -0.00200    6.66814    9.52943  291.07613   15.06073 8.0421e-02     0.9578     0.7664    82.5646 0.0000e+00
        378 291.374378    0.02619     1.5711     94.268     17.154  47390.461    29.8917     9.0430     17.000     9.0571    23.1149     5.7887     8.2727     86.857    252.684    258.524   -0.00114    6.66466    9.52446  290.91897   15.05311 7.0969e-02     1.0056     0.7606    82.6841 0.0000e+00
        384 291.374396    0.02662     1.5968     95.810     18.169  47391.415    29.8969     9.0802     18.000     9.0857    23.1134     5.7883     8.2720     86.925    252.663    258.503   -0.00013    6.65892    9.51626  290.66886   15.04114 6.6219e-02     0.9877     0.7203    83.5218 0.0000e+00
        392 291.374417    0.02712     1.6275     97.650     19.179  47405.501    29.9101     9.1087     19.000     9.1150    23.1194     5.7866     8.2696     86.963    252.589    258.428    0.00011    6.65411    9.50939  290.45730   15.03098 6.0643e-02     0.9034     0.7008    83.9291 0.0000e+00
        399 291.374439    0.02766     1.6594     99.563     20.194  47426.869    29.9292     9.1438     20.000     9.1537    23.1291     5.7860     8.2687     87.032    252.560    258.401    0.00057    6.64809    9.50079  290.19190   15.01821 5.6275e-02     0.9452     0.6586    84.8195 0.0000e+00
        405 291.374455    0.02805     1.6825    100.949     21.201  47422.873    29.9299     9.1738     21.000     9.1755    23.1251     5.7856     8.2682     87.086    252.546    258.385    0.00056    6.64361    9.49439  289.99741   15.00892 5.3377e-02     1.0219     0.6612    84.7642 0.0000e+00
        411 291.374472    0.02844     1.7066    102.395     22.203  47457.700    29.9572     9.1999     22.000     9.2109    23.1425     5.7799     8.2601     87.066    252.294    258.132    0.00024    6.63858    9.48719  289.77298   14.99808 5.0009e-02     1.0243     0.6412    85.1901 0.0000e+00
        421 291.374502    0.02917     1.7500    104.997     23.233  47509.196    29.9986     9.2439     23.000     9.2734    23.1682     5.7669     8.2414     86.977    251.716    257.548   -0.00078    6.63031    9.47538  289.40469   14.98031 4.7906e-02     0.9923     0.6132    85.7883 0.0000e+00
        425 291.374513    0.02941     1.7650    105.901     24.226  47590.828    30.0661     9.3270     24.000     9.3735    23.2082     5.7641     8.2373     87.133    251.583    257.422    0.00043    6.61521    9.45378  288.73404   14.94799 4.6417e-02     0.9139     0.6105    85.8456 0.0000e+00
        430 291.374527    0.02976     1.7859    107.156     25.231  47636.731    30.1131     9.4458     25.000     9.4757    23.2267     5.7581     8.2289     87.300    251.320    257.157    0.00190    6.59581    9.42607  287.88223   14.90708 4.4744e-02     0.9385     0.5692    86.7360 0.0000e+00
        438 291.374551    0.03034     1.8200    109.197     26.248  47621.496    30.1117     9.5217     26.000     9.5232    23.2139     5.7061     8.1545     86.655    249.049    254.831   -0.00453    6.58477    9.41030  287.40427   14.88424 4.3409e-02     0.8670     0.5470    87.2190 0.0000e+00
        446 291.374574    0.03088     1.8529    111.172     27.258  47620.196    30.1116     9.5313     27.000     9.5287    23.2123     5.6754     8.1108     86.209    247.715    253.465   -0.00566    6.58338    9.40831  287.34395   14.88136 4.2289e-02     0.8231     0.5475    87.2080 0.0000e+00
        452 291.374593    0.03133     1.8798    112.790     28.268  47623.448    30.1137     9.5333     28.000     9.5314    23.2136     5.6829     8.1215     86.328    248.044    253.801   -0.00201    6.58299    9.40775  287.32651   14.88052 4.1592e-02     0.7818     0.5606    86.9232 0.0000e+00
        458 291.374608    0.03172     1.9029    114.173     29.276  47626.182    30.1156     9.5364     29.000     9.5345    23.2147     5.6844     8.1236     86.357    248.106    253.866   -0.00084    6.58247    9.40701  287.30359   14.87941 4.0858e-02     0.7990     0.5745    86.6214 0.0000e+00
        465 291.374630    0.03222     1.9332    115.989     30.283  47626.874    30.1160     9.5385     30.000     9.5357    23.2146     5.6790     8.1160     86.280    247.873    253.627   -0.00116    6.58215    9.40655  287.28954   14.87874 4.0124e-02     0.8276     0.5716    86.6838 0.0000e+00
        474 291.374656    0.03286     1.9715    118.289     31.306  47637.364    30.1232     9.5406     31.000     9.5397    23.2199     5.6742     8.1089     86.213    247.658    253.408   -0.00117    6.58154    9.40569  287.26171   14.87738 3.9670e-02     0.8240     0.5722    86.6705 0.0000e+00
        478 291.374666    0.03311     1.9867    119.202     32.297  47654.002    30.1350     9.5455     32.000     9.5450    23.2285     5.6741     8.1088     86.228    247.652    253.405   -0.00069    6.58033    9.40394  287.20590   14.87466 3.9021e-02     0.7889     0.5976    86.1208 0.0000e+00
        484 291.374685    0.03354     2.0125    120.752     33.308  47692.136    30.1625     9.5548     33.000     9.5530    23.2485     5.6706     8.1039     86.208    247.495    253.249   -0.00064    6.57780    9.40034  287.09019   14.86902 3.8749e-02     0.8039     0.6137    85.7772 0.0000e+00
        495 291.374716    0.03430     2.0580    123.478     34.333  47739.039    30.1945     9.5517     34.000     9.5457    23.2740     5.6542     8.0804     85.971    246.774    252.517   -0.00210    6.57691    9.39906  287.04397   14.86667 3.8379e-02     0.7307     0.6095    85.8702 0.0000e+00
        499 291.374729    0.03460     2.0762    124.571     35.334  47823.751    30.2536     9.5529     35.000     9.5524    23.3199     5.6517     8.0768     85.967    246.650    252.403   -0.00179    6.57422    9.39522  286.91407   14.86022 3.8276e-02     0.7885     0.5659    86.8096 0.0000e+00
        504 291.374741    0.03491     2.0945    125.667     36.330  47847.082    30.2696     9.5534     36.000     9.5454    23.3323     5.6661     8.0974     86.196    247.277    253.047    0.00101    6.57348    9.39416  286.87827   14.85845 3.7886e-02     0.9451     0.5425    87.3189 0.0000e+00
        514 291.374773    0.03565     2.1392    128.350     37.355  47949.774    30.3395     9.5395     37.000     9.5321    23.3890     5.6666     8.0981     86.216    247.287    253.070    0.00045    6.57255    9.39283  286.82159   14.85545 3.7571e-02     0.9068     0.5043    88.1578 0.0000e+00
        522 291.374796    0.03621     2.1728    130.368     38.366  47996.660    30.3703     9.5276     38.000     9.5199    23.4150     5.6707     8.1040     86.274    247.460    253.255    0.00055    6.57298    9.39344  286.83287   14.85587 3.7482e-02     0.8943     0.4691    88.9345 0.0000e+00
        528 291.374812    0.03660     2.1959    131.754     39.374  48006.111    30.3745     9.5118     39.000     9.4917    23.4208     5.6726     8.1066     86.273    247.538    253.336    0.00033    6.57509    9.39646  286.92350   14.86018 3.7430e-02     1.0974     0.4734    88.8386 0.0000e+00
        534 291.374830    0.03703     2.2218    133.311     40.376  48047.820    30.3978     9.4690     40.000     9.4522    23.4456     5.6769     8.1128     86.269    247.719    253.527   -0.00012    6.58034    9.40396  287.14561   14.87070 3.7212e-02     1.0197     0.4629    89.0729 0.0000e+00
        546 291.374864    0.03785     2.2708    136.248     41.398  48092.734    30.4268     9.4532     41.000     9.4479    23.4708     5.6966     8.1411     86.556    248.577    254.411    0.00157    6.58140    9.40548  287.18489   14.87247 3.7139e-02     1.0223     0.4687    88.9438 0.0000e+00
        550 291.374877    0.03816     2.2894    137.363     42.394  48179.071    30.4876     9.4582     42.000     9.4577    23.5174     5.6921     8.1346     86.531    248.369    254.210    0.00060    6.57811    9.40078  287.02820   14.86472 3.7073e-02     0.9217     0.5087    88.0590 0.0000e+00
        558 291.374898    0.03867     2.3203    139.217     43.410  48264.598    30.5489     9.4716     43.000     9.4713    23.5632     5.6604     8.0893     86.109    246.974    252.793   -0.00313    6.57355    9.39426  286.81650   14.85436 3.6962e-02     0.8962     0.5787    86.5325 0.0000e+00
        567 291.374925    0.03931     2.3583    141.498     44.422  48308.861    30.5810     9.4830     44.000     9.4798    23.5865     5.5977     7.9996     85.194    244.232    249.992   -0.00821    6.57054    9.38996  286.67862   14.84763 3.6818e-02     0.8453     0.6411    85.1894 0.0000e+00
        574 291.374946    0.03982     2.3895    143.372     45.429  48396.434    30.6435     9.4943     45.000     9.4926    23.6336     5.5718     7.9626     84.855    243.091    248.836   -0.00645    6.56625    9.38384  286.47835   14.83780 3.6803e-02     0.8070     0.7163    83.6045 0.0000e+00
        581 291.374966    0.04030     2.4179    145.074     46.440  48402.307    30.6478     9.4991     46.000     9.4940    23.6362     5.5309     7.9041     84.242    241.305    247.008   -0.00826    6.56539    9.38260  286.43985   14.83595 3.6809e-02     0.7813     0.7682    82.5267 0.0000e+00
        589 291.374990    0.04086     2.4516    147.095     47.448  48402.893    30.6478     9.4988     47.000     9.4938    23.6363     5.5163     7.8833     84.020    240.668    246.357   -0.00551    6.56542    9.38265  286.44143   14.83602 3.6696e-02     0.7272     0.7648    82.5958 0.0000e+00
        598 291.375016    0.04149     2.4894    149.361     48.465  48404.801    30.6487     9.4986     48.000     9.4935    23.6370     5.5205     7.8894     84.085    240.853    246.547   -0.00156    6.56542    9.38265  286.44123   14.83601 3.6819e-02     0.7147     0.7665    82.5620 0.0000e+00
        603 291.375030    0.04183     2.5097    150.581     49.464  48406.133    30.6492     9.4987     49.000     9.4928    23.6374     5.5145     7.8808     83.994    240.591    246.278   -0.00182    6.56538    9.38259  286.43921   14.83591 3.6728e-02     0.7199     0.7922    82.0328 0.0000e+00
        614 291.375060    0.04254     2.5526    153.155     50.481  48409.332    30.6508     9.4974     50.000     9.4922    23.6389     5.5099     7.8741     83.922    240.388    246.071   -0.00113    6.56550    9.38275  286.44398   14.83613 3.6665e-02     0.6688     0.7879    82.1207 0.0000e+00
        621 291.375081    0.04306     2.5838    155.025     51.492  48422.081    30.6593     9.4970     51.000     9.4909    23.6456     5.5035     7.8651     83.829    240.110    245.788   -0.00138    6.56520    9.38233  286.42925   14.83540 3.6793e-02     0.7121     0.8110    81.6478 0.0000e+00
        626 291.375094    0.04337     2.6023    156.136     52.486  48423.822    30.6600     9.4962     52.000     9.4905    23.6463     5.5012     7.8616     83.791    240.005    245.680   -0.00139    6.56529    9.38245  286.43259   14.83555 3.6689e-02     0.7606     0.8313    81.2362 0.0000e+00
        638 291.375130    0.04423     2.6539    159.236     53.514  48436.325    30.6683     9.4955     53.000     9.4895    23.6529     5.4985     7.8579     83.754    239.889    245.563   -0.00085    6.56504    9.38211  286.42039   14.83493 3.6677e-02     0.7058     0.8253    81.3583 0.0000e+00
