CTD-processing/allCTD/CNV/2014_04-11_t3_s15_cast015_5028.cnv
* Sea-Bird SBE19plus Data File:
* FileName = C:\Users\kris.holderied\Documents\kasitsna\Research-Projects-and-Data\Oceanography-AK\CTD-CookInlet-GulfWatchAK\2014-04-EVOSTC-CookInlet-Ocean\2014-04-11-CookInlet-Tran3-AnchorPt\2014-04-11-CookInlet-Tran3-AnchorPt-cast015.hex
* Software Version 1.59
* Temperature SN =  5028
* Conductivity SN =  5028
* System UpLoad Time = Apr 11 2014 15:38:15
** Cook Inlet LTM Transect 3 (Anchor Pt) west to east
** Date: 2014-04-11
** Station: 3-15
** Start time: 14:53
** Depth (m): 20
** Comment:  CTD time is AKDaylight
** Comment:
# nquan = 27
# nvalues = 21                          
# units = specified
# name 0 = scan: Scan Count
# name 1 = timeJ: Julian Days
# name 2 = timeH: Time, Elapsed [hours]
# name 3 = timeM: Time, Elapsed [minutes]
# name 4 = timeS: Time, Elapsed [seconds]
# name 5 = prdM: Pressure, Strain Gauge [db]
# name 6 = specc: Specific Conductance [uS/cm]
# name 7 = sal00: Salinity, Practical [PSU]
# name 8 = tv290C: Temperature [ITS-90, deg C]
# name 9 = depSM: Depth [salt water, m], lat = 59.00
# name 10 = potemp090C: Potential Temperature [ITS-90, deg C]
# name 11 = sigma-é00: Density [sigma-theta, kg/m^3]
# name 12 = sbeox0ML/L: Oxygen, SBE 43 [ml/l]
# name 13 = sbeox0Mg/L: Oxygen, SBE 43 [mg/l]
# name 14 = sbeox0PS: Oxygen, SBE 43 [% saturation]
# name 15 = sbox0Mm/Kg: Oxygen, SBE 43 [umol/kg]
# name 16 = sbeox0Mm/L: Oxygen, SBE 43 [umol/l]
# name 17 = sbox0dV/dT: Oxygen, SBE 43 [dov/dt]
# name 18 = oxsolML/L: Oxygen Saturation, Garcia & Gordon [ml/l]
# name 19 = oxsolMg/L: Oxygen Saturation, Garcia & Gordon [mg/l]
# name 20 = oxsolMm/Kg: Oxygen Saturation, Garcia & Gordon [umol/kg]
# name 21 = potemp090C: Potential Temperature [ITS-90, deg C]
# name 22 = n2satMg/L: Nitrogen Saturation [mg/l]
# name 23 = par: PAR/Irradiance, Biospherical/Licor
# name 24 = flECO-AFL: Fluorescence, WET Labs ECO-AFL/FL [mg/m^3]
# name 25 = turbWETntu0: Turbidity, WET Labs ECO [NTU]
# name 26 = flag: flag
# span 0 =         93,        366       
# span 1 = 101.620161, 101.620951       
# span 2 =    0.00636,    0.02534       
# span 3 =     0.3819,     1.5200       
# span 4 =     22.915,     91.200       
# span 5 =      1.009,     21.199       
# span 6 =  47547.247,  51530.888       
# span 7 =    29.3072,    31.8566       
# span 8 =     3.9065,     4.1416       
# span 9 =      1.000,     21.000       
# span 10 =     4.0067,     4.1314      
# span 11 =    23.2648,    25.2731      
# span 12 =     6.8029,     7.1318      
# span 13 =     9.7220,    10.1921      
# span 14 =     90.091,     96.461      
# span 15 =    296.375,    310.706      
# span 16 =    303.816,    318.506      
# span 17 =    0.00449,    0.02172      
# span 18 =    7.37330,    7.55947      
# span 19 =   10.53717,   10.80323      
# span 20 =  321.16037,  330.06363      
# span 21 =     3.9064,     4.1415      
# span 22 =   16.48651,   16.91974      
# span 23 = 1.3732e+01, 7.8321e+02      
# span 24 =     0.2847,     0.6137      
# span 25 =     0.6942,     0.9194      
# span 26 = 0.0000e+00, 0.0000e+00      
# interval = meters: 1                  
# start_time = Apr 11 2014 14:52:39 [Instrument's time stamp, header]
# bad_flag = -9.990e-29
*END*
         93 101.620161    0.00636     0.3819     22.915      1.009  47547.247    29.3072     3.9065      1.000     4.0067    23.2648     6.8068     9.7276     90.091    297.185    303.992    0.00645    7.55947   10.80323  330.06363     3.9064   16.91974 7.8321e+02     0.4909     0.9194 0.0000e+00
        316 101.620808    0.02190     1.3142     78.852      2.019  51530.888    31.8566     4.1416      2.000     4.1314    25.2731     7.0381    10.0581     95.438    306.565    314.321    0.02172    7.37330   10.53717  321.16037     4.1415   16.48651 2.0756e+02     0.2971     0.7106 0.0000e+00
        303 101.620771    0.02100     1.2599     75.591      3.028  51198.916    31.6436     4.1208      3.000     4.1220    25.1054     6.8127     9.7360     92.199    296.802    304.253    0.00804    7.38907   10.55971  321.91387     4.1206   16.52317 2.1916e+02     0.3029     0.7092 0.0000e+00
        307 101.620782    0.02128     1.2765     76.592      4.038  51198.975    31.6439     4.1241      4.000     4.1250    25.1053     6.8029     9.7220     92.074    296.375    303.816    0.00624    7.38847   10.55886  321.88796     4.1238   16.52193 1.9871e+02     0.2861     0.7032 0.0000e+00
        311 101.620792    0.02150     1.2897     77.381      5.048  51199.191    31.6440     4.1259      5.000     4.1265    25.1052     6.8159     9.7406     92.255    296.943    304.397    0.00598    7.38813   10.55838  321.87324     4.1256   16.52123 1.7638e+02     0.2937     0.7166 0.0000e+00
        314 101.620800    0.02171     1.3024     78.145      6.056  51198.271    31.6431     4.1271      6.000     4.1269    25.1044     6.8217     9.7489     92.336    297.198    304.659    0.00544    7.38796   10.55813  321.86586     4.1267   16.52089 1.4626e+02     0.2933     0.7316 0.0000e+00
        317 101.620810    0.02194     1.3168     79.006      7.066  51198.798    31.6431     4.1275      7.000     4.1275    25.1044     6.8336     9.7658     92.496    297.711    305.185    0.00509    7.38789   10.55803  321.86301     4.1270   16.52075 1.1987e+02     0.2847     0.7223 0.0000e+00
        321 101.620821    0.02220     1.3322     79.933      8.076  51198.505    31.6426     4.1285      8.000     4.1282    25.1039     6.8495     9.7886     92.715    298.408    305.899    0.00495    7.38772   10.55779  321.85580     4.1280   16.52041 1.0545e+02     0.2942     0.7066 0.0000e+00
        324 101.620830    0.02242     1.3453     80.716      9.085  51197.507    31.6414     4.1283      9.000     4.1266    25.1029     6.8585     9.8015     92.835    298.801    306.301    0.00464    7.38782   10.55793  321.86034     4.1278   16.52063 9.0809e+01     0.3288     0.7219 0.0000e+00
        327 101.620838    0.02262     1.3573     81.435     10.094  51198.359    31.6410     4.1265     10.000     4.1241    25.1028     6.8701     9.8180     92.987    299.304    306.817    0.00449    7.38817   10.55844  321.87579     4.1259   16.52136 7.8304e+01     0.3777     0.7362 0.0000e+00
        330 101.620848    0.02284     1.3702     82.215     11.105  51199.617    31.6406     4.1236     11.000     4.1208    25.1029     6.8916     9.8488     93.272    300.242    307.779    0.00468    7.38871   10.55920  321.89899     4.1229   16.52247 6.7723e+01     0.4462     0.7362 0.0000e+00
        333 101.620858    0.02309     1.3852     83.114     12.113  51202.706    31.6415     4.1203     12.000     4.1181    25.1038     6.9234     9.8943     93.695    301.628    309.200    0.00519    7.38926   10.55999  321.92271     4.1195   16.52359 5.6695e+01     0.5190     0.7151 0.0000e+00
        337 101.620868    0.02332     1.3997     83.980     13.123  51204.318    31.6415     4.1180     13.000     4.1155    25.1041     6.9474     9.9285     94.014    302.671    310.269    0.00538    7.38968   10.56059  321.94088     4.1171   16.52446 4.7909e+01     0.5584     0.6992 0.0000e+00
        340 101.620877    0.02354     1.4123     84.737     14.133  51203.012    31.6394     4.1152     14.000     4.1107    25.1028     6.9699     9.9607     94.312    303.653    311.276    0.00551    7.39029   10.56146  321.96789     4.1143   16.52575 4.1295e+01     0.5783     0.7084 0.0000e+00
        343 101.620885    0.02375     1.4251     85.504     15.142  51202.689    31.6373     4.1091     15.000     4.1034    25.1016     7.0040    10.0094     94.757    305.139    312.798    0.00606    7.39149   10.56318  322.02081     4.1081   16.52827 3.5538e+01     0.5918     0.7251 0.0000e+00
        347 101.620896    0.02400     1.4400     86.403     16.151  51209.772    31.6399     4.1019     16.000     4.0993    25.1044     7.0398    10.0605     95.226    306.694    314.394    0.00653    7.39265   10.56484  322.07058     4.1009   16.53063 3.0189e+01     0.5887     0.7117 0.0000e+00
        351 101.620908    0.02428     1.4567     87.399     17.161  51213.851    31.6417     4.0999     17.000     4.0987    25.1060     7.0660    10.0980     95.578    307.841    315.569    0.00648    7.39292   10.56522  322.08153     4.0989   16.53114 2.5496e+01     0.5999     0.7023 0.0000e+00
        354 101.620917    0.02451     1.4711     88.268     18.170  51214.636    31.6417     4.0998     18.000     4.0983    25.1060     7.0884    10.1300     95.880    308.815    316.567    0.00640    7.39295   10.56526  322.08271     4.0986   16.53120 2.1911e+01     0.6061     0.6991 0.0000e+00
        358 101.620928    0.02476     1.4856     89.138     19.180  51214.472    31.6408     4.0988     19.000     4.0967    25.1055     7.1100    10.1609     96.170    309.758    317.535    0.00633    7.39316   10.56555  322.09193     4.0976   16.53164 1.8916e+01     0.6137     0.7033 0.0000e+00
        362 101.620939    0.02504     1.5022     90.134     20.190  51216.513    31.6414     4.0974     20.000     4.0959    25.1060     7.1260    10.1837     96.383    310.450    318.244    0.00591    7.39338   10.56587  322.10154     4.0961   16.53210 1.6146e+01     0.5963     0.6942 0.0000e+00
        366 101.620951    0.02534     1.5200     91.200     21.199  51217.901    31.6418     4.0971     21.000     4.0957    25.1064     7.1318    10.1921     96.461    310.706    318.506    0.00521    7.39342   10.56593  322.10321     4.0958   16.53217 1.3732e+01     0.5866     0.7031 0.0000e+00
