CTD-processing/allCTD/CNV/2014_06-18_t9_s03_cast147_4141.cnv
* Sea-Bird SBE19plus Data File:
* FileName = C:\Users\kris.holderied\Documents\kasitsna\Research-Projects-and-Data\Oceanography-AK\CTD-Data-ALL-to-2014-03\2014-CTD-KachemakBay-CookInlet\2014-06-18-CookInlet-HomerSpit-monthly\2014-06-18-CookInlet-T9-HomerSpit-cast147.hex
* Software Version 1.59
* Temperature SN =  4141
* Conductivity SN =  4141
* System UpLoad Time = Jul 20 2014 19:55:47
** Cook Inlet LTM Transect 9  (Homer Spit) South to North
** Date: 2014-06-18
** Station: 17:23
** Start time: 9-03
** Depth (m): 93
** Comment:  CTD time is Alaska Daylight time
** Comment:
# nquan = 27
# nvalues = 86                          
# units = specified
# name 0 = scan: Scan Count
# name 1 = timeJ: Julian Days
# name 2 = timeH: Time, Elapsed [hours]
# name 3 = timeM: Time, Elapsed [minutes]
# name 4 = timeS: Time, Elapsed [seconds]
# name 5 = prdM: Pressure, Strain Gauge [db]
# name 6 = specc: Specific Conductance [uS/cm]
# name 7 = sal00: Salinity, Practical [PSU]
# name 8 = tv290C: Temperature [ITS-90, deg C]
# name 9 = depSM: Depth [salt water, m], lat = 59.00
# name 10 = potemp090C: Potential Temperature [ITS-90, deg C]
# name 11 = sigma-é00: Density [sigma-theta, kg/m^3]
# name 12 = sbeox0ML/L: Oxygen, SBE 43 [ml/l]
# name 13 = sbeox0Mg/L: Oxygen, SBE 43 [mg/l]
# name 14 = sbeox0PS: Oxygen, SBE 43 [% saturation]
# name 15 = sbox0Mm/Kg: Oxygen, SBE 43 [umol/kg]
# name 16 = sbeox0Mm/L: Oxygen, SBE 43 [umol/l]
# name 17 = sbox0dV/dT: Oxygen, SBE 43 [dov/dt]
# name 18 = oxsolML/L: Oxygen Saturation, Garcia & Gordon [ml/l]
# name 19 = oxsolMg/L: Oxygen Saturation, Garcia & Gordon [mg/l]
# name 20 = oxsolMm/Kg: Oxygen Saturation, Garcia & Gordon [umol/kg]
# name 21 = n2satMg/L: Nitrogen Saturation [mg/l]
# name 22 = par: PAR/Irradiance, Biospherical/Licor
# name 23 = wetStar: Fluorescence, WET Labs WETstar [mg/m^3]
# name 24 = CStarAt0: Beam Attenuation, WET Labs C-Star [1/m]
# name 25 = CStarTr0: Beam Transmission, WET Labs C-Star [%]
# name 26 = flag: flag
# span 0 =        264,        660       
# span 1 = 169.725401, 169.726549       
# span 2 =    0.01824,    0.04579       
# span 3 =     1.0945,     2.7478       
# span 4 =     65.668,    164.870       
# span 5 =      1.010,     86.825       
# span 6 =  45385.352,  50717.002       
# span 7 =    28.5658,    31.7956       
# span 8 =     6.6117,     9.6194       
# span 9 =      1.000,     86.000       
# span 10 =     6.5974,     9.6493      
# span 11 =    22.0011,    24.9455      
# span 12 =     6.3627,     7.4605      
# span 13 =     9.0928,    10.6618      
# span 14 =     91.491,    113.068      
# span 15 =    277.241,    325.640      
# span 16 =    284.156,    333.187      
# span 17 =   -0.03944,    0.05598      
# span 18 =    6.59586,    6.95742      
# span 19 =    9.42614,    9.94285      
# span 20 =  288.00627,  303.15699      
# span 21 =   14.91515,   15.62941      
# span 22 = 3.6944e-02, 1.8624e+00      
# span 23 =     0.4701,     9.1744      
# span 24 =     0.3948,     3.0835      
# span 25 =    46.3669,    90.6008      
# span 26 = 0.0000e+00, 0.0000e+00      
# interval = meters: 1                  
# start_time = Jun 18 2014 17:23:29 [Instrument's time stamp, header]
# bad_flag = -9.990e-29
*END*
[from data line 54]
        533 169.726181    0.03694     2.2165    132.992     55.524  50580.224    31.7590     6.8620     55.000     6.8497    24.8853     6.4410     9.2050     93.099    280.674    287.659   -0.00417    6.91854    9.88729  301.47959   15.54954 4.5730e-02     0.6339     0.5173    87.8685 0.0000e+00
        537 169.726192    0.03721     2.2327    133.965     56.537  50594.502    31.7667     6.8519     56.000     6.8467    24.8927     6.4474     9.2141     93.173    280.949    287.943   -0.00226    6.91983    9.88913  301.53344   15.55208 3.7471e-02     0.7122     0.5142    87.9373 0.0000e+00
        541 169.726203    0.03748     2.2488    134.929     57.547  50594.698    31.7662     6.8512     57.000     6.8460    24.8923     6.4417     9.2058     93.089    280.698    287.686   -0.00223    6.91994    9.88930  301.53875   15.55233 3.6944e-02     0.8619     0.5212    87.7834 0.0000e+00
        545 169.726214    0.03775     2.2650    135.899     58.554  50595.232    31.7661     6.8510     58.000     6.8457    24.8924     6.4417     9.2058     93.088    280.698    287.686   -0.00199    6.91999    9.88935  301.54048   15.55241 4.5347e-02     0.8334     0.5156    87.9055 0.0000e+00
        549 169.726226    0.03804     2.2823    136.939     59.566  50596.119    31.7661     6.8503     59.000     6.8447    24.8925     6.4471     9.2136     93.165    280.935    287.928   -0.00051    6.92009    9.88950  301.54501   15.55263 4.5067e-02     0.9293     0.5117    87.9924 0.0000e+00
        553 169.726238    0.03832     2.2992    137.952     60.576  50596.422    31.7656     6.8494     60.000     6.8440    24.8922     6.4364     9.1982     93.008    280.466    287.447   -0.00179    6.92026    9.88974  301.55239   15.55298 4.4800e-02     0.9250     0.5123    87.9797 0.0000e+00
        557 169.726250    0.03860     2.3163    138.977     61.585  50598.011    31.7662     6.8492     61.000     6.8441    24.8927     6.4402     9.2037     93.063    280.633    287.619   -0.00110    6.92026    9.88974  301.55233   15.55298 4.4604e-02     0.7403     0.5207    87.7949 0.0000e+00
        561 169.726262    0.03889     2.3333    139.999     62.596  50604.743    31.7708     6.8508     62.000     6.8489    24.8961     6.4476     9.2143     93.176    280.954    287.949    0.00021    6.91981    9.88909  301.53169   15.55198 4.4373e-02     0.7015     0.5129    87.9664 0.0000e+00
        565 169.726272    0.03915     2.3488    140.928     63.604  50599.200    31.7674     6.8560     63.000     6.8515    24.8928     6.4482     9.2151     93.193    280.980    287.975    0.00036    6.91913    9.88813  301.50313   15.55063 4.4567e-02     0.8155     0.5142    87.9375 0.0000e+00
        568 169.726283    0.03940     2.3640    141.839     64.614  50610.994    31.7761     6.8613     64.000     6.8602    24.8989     6.4438     9.2088     93.146    280.787    287.779   -0.00036    6.91788    9.88634  301.44667   15.54790 4.4793e-02     0.7649     0.5117    87.9907 0.0000e+00
        572 169.726294    0.03966     2.3795    142.768     65.623  50590.023    31.7619     6.8658     65.000     6.8547    24.8871     6.4476     9.2143     93.204    280.959    287.951    0.00009    6.91781    9.88625  301.44731   15.54799 4.4709e-02     0.6821     0.5013    88.2211 0.0000e+00
        576 169.726305    0.03993     2.3956    143.737     66.633  50610.387    31.7742     6.8588     66.000     6.8578    24.8978     6.4467     9.2130     93.183    280.917    287.911   -0.00002    6.91837    9.88703  301.46821   15.54894 4.4476e-02     0.8172     0.5071    88.0944 0.0000e+00
        580 169.726316    0.04020     2.4120    144.720     67.643  50610.988    31.7761     6.8693     67.000     6.8656    24.8979     6.4460     9.2120     93.195    280.883    287.877   -0.00024    6.91662    9.88453  301.39191   15.54529 4.4451e-02     0.7917     0.5070    88.0957 0.0000e+00
        584 169.726327    0.04047     2.4281    145.687     68.654  50591.115    31.7613     6.8664     68.000     6.8434    24.8867     6.4506     9.2185     93.247    281.087    288.083    0.00033    6.91775    9.88615  301.44456   15.54786 4.4578e-02     0.8279     0.5047    88.1480 0.0000e+00
        588 169.726339    0.04074     2.4444    146.662     69.661  50594.039    31.7555     6.8261     69.000     6.7894    24.8874     6.4448     9.2102     93.073    280.836    287.825   -0.00115    6.92446    9.89575  301.73694   15.56183 4.4814e-02     0.7562     0.5169    87.8794 0.0000e+00
        592 169.726350    0.04102     2.4616    147.694     70.672  50604.985    31.7488     6.7499     70.000     6.7034    24.8920     6.4343     9.1953     92.755    280.380    287.359   -0.00360    6.93699    9.91366  302.28191   15.58785 4.4489e-02     0.7056     0.5522    87.1052 0.0000e+00
        596 169.726363    0.04132     2.4794    148.762     71.684  50664.482    31.7776     6.6832     71.000     6.6613    24.9231     6.4036     9.1514     92.186    279.031    285.985   -0.00734    6.94641    9.92711  302.68291   15.60685 4.4540e-02     0.6708     0.5964    86.1493 0.0000e+00
        600 169.726375    0.04161     2.4963    149.777     72.692  50691.515    31.7917     6.6605     72.000     6.6513    24.9371     6.3847     9.1244     91.874    278.204    285.142   -0.00804    6.94942    9.93142  302.81008   15.61286 4.4585e-02     0.6259     0.6199    85.6432 0.0000e+00
        604 169.726386    0.04188     2.5129    150.777     73.702  50695.655    31.7933     6.6559     73.000     6.6480    24.9389     6.3806     9.1185     91.805    278.023    284.956   -0.00646    6.95010    9.93238  302.83890   15.61422 4.4651e-02     0.6059     0.6458    85.0914 0.0000e+00
        608 169.726398    0.04217     2.5303    151.817     74.713  50699.043    31.7946     6.6530     74.000     6.6467    24.9404     6.3833     9.1224     91.840    278.144    285.081   -0.00408    6.95050    9.93296  302.85607   15.61504 4.4481e-02     0.5888     0.6477    85.0498 0.0000e+00
        612 169.726410    0.04246     2.5473    152.840     75.723  50700.893    31.7955     6.6540     75.000     6.6484    24.9411     6.3828     9.1217     91.835    278.121    285.058   -0.00293    6.95030    9.93267  302.84699   15.61460 4.4548e-02     0.5159     0.6563    84.8692 0.0000e+00
        616 169.726422    0.04274     2.5642    153.850     76.729  50698.023    31.7932     6.6546     76.000     6.6470    24.9392     6.3841     9.1236     91.854    278.177    285.115   -0.00200    6.95031    9.93269  302.84809   15.61466 4.4627e-02     0.5442     0.6562    84.8713 0.0000e+00
        621 169.726434    0.04303     2.5818    154.909     77.743  50699.152    31.7930     6.6518     77.000     6.6443    24.9394     6.3890     9.1305     91.918    278.389    285.333   -0.00091    6.95077    9.93335  302.86807   15.61562 4.4536e-02     0.5749     0.6751    84.4703 0.0000e+00
        625 169.726446    0.04331     2.5991    155.946     78.751  50703.513    31.7955     6.6515     78.000     6.6461    24.9414     6.3924     9.1353     91.967    278.536    285.483   -0.00017    6.95070    9.93325  302.86456   15.61544 4.4490e-02     0.6077     0.6603    84.7828 0.0000e+00
        629 169.726458    0.04361     2.6166    156.996     79.763  50701.951    31.7943     6.6539     79.000     6.6466    24.9402     6.3895     9.1311     91.930    278.409    285.352   -0.00056    6.95037    9.93277  302.85026   15.61477 4.4482e-02     0.5545     0.6641    84.7051 0.0000e+00
        633 169.726470    0.04388     2.6330    157.978     80.770  50696.534    31.7895     6.6503     80.000     6.6389    24.9368     6.3839     9.1232     91.839    278.169    285.105   -0.00120    6.95119    9.93394  302.88706   15.61654 4.4412e-02     0.5994     0.6716    84.5436 0.0000e+00
        637 169.726482    0.04418     2.6504    159.021     81.778  50697.069    31.7875     6.6401     81.000     6.6266    24.9365     6.3830     9.1219     91.803    278.129    285.065   -0.00131    6.95292    9.93641  302.96245   15.62014 4.4523e-02     0.6465     0.7034    83.8741 0.0000e+00
        642 169.726495    0.04448     2.6693    160.158     82.791  50710.489    31.7940     6.6273     82.000     6.6196    24.9433     6.3716     9.1057     91.616    277.630    284.555   -0.00236    6.95467    9.93891  303.03676   15.62366 4.4430e-02     0.6365     0.7007    83.9312 0.0000e+00
        646 169.726509    0.04481     2.6889    161.336     83.799  50713.172    31.7956     6.6285     83.000     6.6213    24.9444     6.3627     9.0928     91.491    277.241    284.156   -0.00291    6.95441    9.93856  303.02544   15.62311 4.4505e-02     0.5808     0.7117    83.6997 0.0000e+00
        651 169.726522    0.04513     2.7079    162.476     84.811  50705.463    31.7887     6.6225     84.000     6.6094    24.9398     6.3640     9.0948     91.493    277.300    284.215   -0.00196    6.95571    9.94039  303.08293   15.62588 4.4438e-02     0.4701     0.7143    83.6465 0.0000e+00
        655 169.726534    0.04544     2.7259    163.555     85.817  50717.002    31.7947     6.6143     85.000     6.6064    24.9455     6.3766     9.1128     91.661    277.848    284.780   -0.00013    6.95675    9.94188  303.12659   15.62794 4.4551e-02     0.5873     0.7364    83.1844 0.0000e+00
        660 169.726549    0.04579     2.7478    164.870     86.825  50710.904    31.7895     6.6117     86.000     6.5974    24.9418     6.3762     9.1123     91.647    277.834    284.764   -0.00012    6.95742    9.94285  303.15699   15.62941 4.4419e-02     0.6449     0.7267    83.3866 0.0000e+00
