CTD-processing/allCTD/CNV/2014_02-17_t7_s07_cast211_5028.cnv
* Sea-Bird SBE19plus Data File:
* FileName = C:\Users\kris.holderied\Documents\kasitsna\Research-Projects-and-Data\Oceanography-AK\CTD-CookInlet-GulfWatchAK\2014-02-EVOSTC-CookInlet-LTM-BATCH-UPLOAD\2014-02-CookInlet-Seasonal-cast211.hex
* Software Version 1.59
* Temperature SN =  5028
* Conductivity SN =  5028
* System UpLoad Time = Apr 09 2014 20:37:29
** Cook Inlet LTM 2014 February Seasonal - Batch upload
** Date: 2014-02-17
** Station: 7-07
** Start time: 07:59
** Depth (m): 59
** CoComment:
** Comment:
# nquan = 27
# nvalues = 58                          
# units = specified
# name 0 = scan: Scan Count
# name 1 = timeJ: Julian Days
# name 2 = timeH: Time, Elapsed [hours]
# name 3 = timeM: Time, Elapsed [minutes]
# name 4 = timeS: Time, Elapsed [seconds]
# name 5 = prdM: Pressure, Strain Gauge [db]
# name 6 = specc: Specific Conductance [uS/cm]
# name 7 = sal00: Salinity, Practical [PSU]
# name 8 = tv290C: Temperature [ITS-90, deg C]
# name 9 = depSM: Depth [salt water, m], lat = 59.00
# name 10 = potemp090C: Potential Temperature [ITS-90, deg C]
# name 11 = sigma-é00: Density [sigma-theta, kg/m^3]
# name 12 = sbeox0ML/L: Oxygen, SBE 43 [ml/l]
# name 13 = sbeox0Mg/L: Oxygen, SBE 43 [mg/l]
# name 14 = sbeox0PS: Oxygen, SBE 43 [% saturation]
# name 15 = sbox0Mm/Kg: Oxygen, SBE 43 [umol/kg]
# name 16 = sbeox0Mm/L: Oxygen, SBE 43 [umol/l]
# name 17 = sbox0dV/dT: Oxygen, SBE 43 [dov/dt]
# name 18 = oxsolML/L: Oxygen Saturation, Garcia & Gordon [ml/l]
# name 19 = oxsolMg/L: Oxygen Saturation, Garcia & Gordon [mg/l]
# name 20 = oxsolMm/Kg: Oxygen Saturation, Garcia & Gordon [umol/kg]
# name 21 = potemp090C: Potential Temperature [ITS-90, deg C]
# name 22 = n2satMg/L: Nitrogen Saturation [mg/l]
# name 23 = par: PAR/Irradiance, Biospherical/Licor
# name 24 = flECO-AFL: Fluorescence, WET Labs ECO-AFL/FL [mg/m^3]
# name 25 = turbWETntu0: Turbidity, WET Labs ECO [NTU]
# name 26 = flag: flag
# span 0 =         91,        505       
# span 1 =  48.332993,  48.334190       
# span 2 =    0.00629,    0.03501       
# span 3 =     0.3771,     2.1004       
# span 4 =     22.625,    126.023       
# span 5 =      1.009,     58.556       
# span 6 =  51086.472,  51657.996       
# span 7 =    31.5768,    31.9810       
# span 8 =     3.9635,     4.3681       
# span 9 =      1.000,     58.000       
# span 10 =     3.9645,     4.3662      
# span 11 =    25.0587,    25.3527      
# span 12 =     5.8821,     7.7767      
# span 13 =     8.4061,    11.1137      
# span 14 =     79.460,    105.450      
# span 15 =    256.282,    338.736      
# span 16 =    262.696,    347.308      
# span 17 =   -0.00221,    0.02198      
# span 18 =    7.32871,    7.40573      
# span 19 =   10.47346,   10.58353      
# span 20 =  319.21108,  322.57571      
# span 21 =     3.9633,     4.3644      
# span 22 =   16.39328,   16.55483      
# span 23 = 3.7912e-02, 1.1185e-01      
# span 24 =     0.3183,     0.3987      
# span 25 =     0.5007,     1.1360      
# span 26 = 0.0000e+00, 0.0000e+00      
# interval = meters: 1                  
# start_time = Feb 17 2014 07:59:08 [Instrument's time stamp, header]
# bad_flag = -9.990e-29
*END*
         91  48.332993    0.00629     0.3771     22.625      1.009  51086.472    31.5768     4.0656      1.000     4.0502    25.0587     5.8821     8.4061     79.460    256.282    262.696    0.00231    7.40349   10.58033  322.57334     4.0655   16.55483 9.3104e-02     0.3699     1.1360 0.0000e+00
        294  48.333580    0.02035     1.2212     73.269      2.019  51596.093    31.8759     3.9635      2.000     3.9645    25.3051     6.9981    10.0010     94.495    304.822    312.535    0.02198    7.40573   10.58353  322.57571     3.9633   16.55370 1.1185e-01     0.3987     0.5007 0.0000e+00
        286  48.333556    0.01979     1.1875     71.251      3.028  51559.077    31.8539     3.9720      3.000     3.9720    25.2869     6.9157     9.8833     93.388    301.239    308.857    0.01518    7.40537   10.58302  322.56731     3.9718   16.55339 5.2257e-02     0.3872     0.5740 0.0000e+00
        291  48.333570    0.02012     1.2072     72.430      4.038  51558.659    31.8532     3.9722      4.000     3.9717    25.2864     6.8900     9.8465     93.040    300.119    307.708    0.01138    7.40539   10.58305  322.56838     3.9719   16.55345 4.9866e-02     0.3953     0.5874 0.0000e+00
        294  48.333580    0.02037     1.2222     73.332      5.047  51560.069    31.8536     3.9720      5.000     3.9720    25.2867     6.9028     9.8648     93.213    300.677    308.280    0.01008    7.40539   10.58305  322.56813     3.9717   16.55343 4.9987e-02     0.3861     0.5522 0.0000e+00
        298  48.333590    0.02061     1.2363     74.175      6.057  51561.252    31.8540     3.9728      6.000     3.9732    25.2870     6.9714     9.9628     94.142    303.663    311.342    0.01123    7.40523   10.58281  322.56091     3.9724   16.55308 4.8227e-02     0.3747     0.5536 0.0000e+00
        302  48.333602    0.02088     1.2529     75.173      7.066  51563.866    31.8560     3.9756      7.000     3.9774    25.2883     7.0810    10.1194     95.630    308.437    316.237    0.01365    7.40462   10.58194  322.53388     3.9752   16.55179 4.6427e-02     0.3800     0.5549 0.0000e+00
        307  48.333617    0.02125     1.2751     76.508      8.076  51562.830    31.8561     3.9813      8.000     3.9824    25.2879     7.1620    10.2352     96.737    311.967    319.856    0.01400    7.40359   10.58047  322.48921     3.9808   16.54967 4.2872e-02     0.3846     0.5881 0.0000e+00
        312  48.333631    0.02160     1.2958     77.748      9.085  51559.540    31.8542     3.9844      9.000     3.9833    25.2860     7.2077    10.3005     97.360    313.955    321.894    0.01291    7.40314   10.57983  322.47019     3.9838   16.54877 4.1100e-02     0.3829     0.6246 0.0000e+00
        315  48.333641    0.02184     1.3102     78.615     10.094  51561.913    31.8550     3.9835     10.000     3.9836    25.2867     7.2878    10.4151     98.441    317.447    325.474    0.01411    7.40325   10.57999  322.47497     3.9828   16.54899 4.0894e-02     0.3802     0.6205 0.0000e+00
        319  48.333651    0.02205     1.3229     79.376     11.104  51562.792    31.8555     3.9850     11.000     3.9850    25.2870     7.3790    10.5453     99.676    321.417    329.544    0.01588    7.40295   10.57956  322.46172     3.9843   16.54836 4.0736e-02     0.3660     0.6182 0.0000e+00
        322  48.333659    0.02227     1.3366     80.196     12.113  51563.401    31.8556     3.9860     12.000     3.9860    25.2871     7.4636    10.6662    100.821    325.102    333.323    0.01714    7.40276   10.57928  322.45332     3.9853   16.54796 4.0072e-02     0.3510     0.5969 0.0000e+00
        326  48.333671    0.02255     1.3532     81.190     13.123  51566.231    31.8576     3.9884     13.000     3.9892    25.2884     7.5156    10.7405    101.531    327.367    335.646    0.01654    7.40223   10.57853  322.42981     3.9876   16.54683 3.9129e-02     0.3533     0.6005 0.0000e+00
        331  48.333685    0.02290     1.3737     82.424     14.133  51566.089    31.8579     3.9918     14.000     3.9919    25.2882     7.5295    10.7603    101.727    327.971    336.265    0.01394    7.40161   10.57763  322.40263     3.9909   16.54554 3.8233e-02     0.3549     0.6660 0.0000e+00
        336  48.333700    0.02323     1.3940     83.639     15.142  51565.632    31.8575     3.9939     15.000     3.9933    25.2877     7.5344    10.7674    101.799    328.186    336.485    0.01144    7.40124   10.57711  322.38692     3.9929   16.54479 3.7943e-02     0.3482     0.6359 0.0000e+00
        339  48.333710    0.02348     1.4091     84.548     16.151  51568.856    31.8594     3.9948     16.000     3.9958    25.2892     7.5560    10.7983    102.095    329.126    337.450    0.01054    7.40098   10.57674  322.37510     3.9938   16.54423 3.7920e-02     0.3619     0.6150 0.0000e+00
        342  48.333719    0.02370     1.4218     85.307     17.161  51573.044    31.8626     3.9985     17.000     4.0009    25.2914     7.5962    10.8558    102.649    330.878    339.247    0.01077    7.40016   10.57556  322.33872     3.9974   16.54249 3.7916e-02     0.3814     0.6017 0.0000e+00
        345  48.333728    0.02392     1.4353     86.116     18.171  51574.038    31.8642     4.0042     18.000     4.0062    25.2921     7.6441    10.9242    103.312    332.964    341.386    0.01127    7.39905   10.57398  322.29018     4.0030   16.54017 3.7913e-02     0.3696     0.5964 0.0000e+00
        350  48.333741    0.02422     1.4531     87.189     19.180  51570.785    31.8627     4.0095     19.000     4.0092    25.2904     7.6715    10.9634    103.695    334.160    342.611    0.01052    7.39816   10.57271  322.25202     4.0083   16.53836 3.7912e-02     0.3699     0.6320 0.0000e+00
        355  48.333755    0.02455     1.4734     88.404     20.190  51569.649    31.8618     4.0108     20.000     4.0095    25.2896     7.6612    10.9485    103.557    333.706    342.146    0.00812    7.39799   10.57246  322.24458     4.0095   16.53801 3.7912e-02     0.3530     0.6255 0.0000e+00
        358  48.333765    0.02482     1.4892     89.352     21.199  51570.721    31.8620     4.0109     21.000     4.0097    25.2897     7.6567    10.9422    103.497    333.513    341.947    0.00667    7.39796   10.57243  322.24349     4.0095   16.53796 3.7912e-02     0.3526     0.6154 0.0000e+00
        362  48.333775    0.02505     1.5030     90.180     22.209  51571.407    31.8620     4.0112     22.000     4.0100    25.2897     7.6694    10.9604    103.671    334.068    342.517    0.00620    7.39789   10.57233  322.24048     4.0098   16.53782 3.7912e-02     0.3431     0.6080 0.0000e+00
        365  48.333785    0.02528     1.5168     91.011     23.218  51571.967    31.8620     4.0116     23.000     4.0102    25.2897     7.6941    10.9955    104.004    335.141    343.616    0.00629    7.39783   10.57224  322.23785     4.0101   16.53770 3.7912e-02     0.3566     0.6018 0.0000e+00
        369  48.333795    0.02553     1.5319     91.915     24.227  51572.554    31.8619     4.0117     24.000     4.0103    25.2896     7.7161    11.0271    104.303    336.101    344.601    0.00624    7.39781   10.57221  322.23681     4.0102   16.53765 3.7912e-02     0.3740     0.5839 0.0000e+00
        373  48.333807    0.02580     1.5483     92.900     25.237  51574.165    31.8626     4.0121     25.000     4.0111    25.2901     7.7204    11.0332    104.362    336.288    344.793    0.00542    7.39770   10.57205  322.23186     4.0106   16.53740 3.7912e-02     0.3652     0.5588 0.0000e+00
        377  48.333820    0.02613     1.5676     94.059     26.247  51576.842    31.8644     4.0142     26.000     4.0139    25.2913     7.7250    11.0399    104.431    336.491    345.001    0.00461    7.39725   10.57141  322.21198     4.0125   16.53645 3.7912e-02     0.3469     0.5790 0.0000e+00
        382  48.333834    0.02645     1.5870     95.219     27.257  51577.303    31.8651     4.0177     27.000     4.0170    25.2915     7.7270    11.0426    104.467    336.574    345.087    0.00384    7.39658   10.57045  322.18270     4.0160   16.53506 3.7912e-02     0.3561     0.5847 0.0000e+00
        385  48.333844    0.02669     1.6014     96.083     28.266  51577.517    31.8651     4.0193     28.000     4.0181    25.2914     7.7270    11.0426    104.472    336.575    345.088    0.00329    7.39628   10.57002  322.16987     4.0175   16.53445 3.7912e-02     0.3663     0.6074 0.0000e+00
        388  48.333852    0.02691     1.6143     96.858     29.276  51577.650    31.8649     4.0203     29.000     4.0187    25.2912     7.7259    11.0411    104.459    336.528    345.039    0.00281    7.39613   10.56980  322.16308     4.0184   16.53413 3.7912e-02     0.3609     0.6273 0.0000e+00
        392  48.333863    0.02715     1.6294     97.765     30.285  51577.900    31.8646     4.0207     30.000     4.0189    25.2909     7.7297    11.0466    104.512    336.696    345.211    0.00251    7.39605   10.56970  322.15987     4.0188   16.53397 3.7912e-02     0.3580     0.6239 0.0000e+00
        396  48.333876    0.02746     1.6478     98.870     31.295  51578.383    31.8645     4.0208     31.000     4.0188    25.2908     7.7367    11.0565    104.607    337.000    345.523    0.00232    7.39604   10.56968  322.15941     4.0188   16.53395 3.7912e-02     0.3650     0.6087 0.0000e+00
        401  48.333889    0.02778     1.6665     99.988     32.305  51579.489    31.8648     4.0209     32.000     4.0192    25.2910     7.7311    11.0485    104.531    336.754    345.271    0.00168    7.39600   10.56963  322.15790     4.0189   16.53388 3.7912e-02     0.3591     0.5943 0.0000e+00
        405  48.333900    0.02806     1.6833    100.998     33.315  51581.293    31.8657     4.0215     33.000     4.0200    25.2917     7.7291    11.0457    104.507    336.669    345.184    0.00127    7.39585   10.56941  322.15075     4.0195   16.53354 3.7912e-02     0.3507     0.5932 0.0000e+00
        408  48.333910    0.02829     1.6979    101.874     34.324  51583.432    31.8668     4.0228     34.000     4.0218    25.2925     7.7381    11.0585    104.632    337.059    345.584    0.00140    7.39557   10.56901  322.13836     4.0206   16.53295 3.7912e-02     0.3496     0.6129 0.0000e+00
        412  48.333920    0.02852     1.7113    102.680     35.333  51589.827    31.8713     4.0255     35.000     4.0269    25.2958     7.7495    11.0748    104.796    337.555    346.094    0.00165    7.39485   10.56798  322.10600     4.0233   16.53138 3.7912e-02     0.3497     0.6351 0.0000e+00
        415  48.333930    0.02876     1.7253    103.519     36.343  51592.364    31.8741     4.0319     36.000     4.0329    25.2974     7.7585    11.0876    104.935    337.943    346.492    0.00181    7.39355   10.56612  322.04890     4.0296   16.52866 3.7912e-02     0.3511     0.6276 0.0000e+00
        419  48.333941    0.02904     1.7423    104.537     37.353  51588.350    31.8720     4.0367     37.000     4.0350    25.2953     7.7620    11.0927    104.994    338.099    346.652    0.00166    7.39279   10.56504  322.01653     4.0344   16.52713 3.7912e-02     0.3571     0.6482 0.0000e+00
        424  48.333955    0.02937     1.7622    105.734     38.362  51585.451    31.8696     4.0370     38.000     4.0336    25.2934     7.7643    11.0960    105.024    338.199    346.754    0.00141    7.39287   10.56515  322.02060     4.0345   16.52733 3.7912e-02     0.3540     0.5980 0.0000e+00
        428  48.333968    0.02968     1.7808    106.850     39.372  51590.511    31.8723     4.0358     39.000     4.0350    25.2956     7.7607    11.0909    104.975    338.044    346.595    0.00099    7.39295   10.56527  322.02355     4.0333   16.52746 3.7912e-02     0.3442     0.5639 0.0000e+00
        432  48.333978    0.02992     1.7955    107.731     40.381  51598.098    31.8780     4.0402     40.000     4.0418    25.2997     7.7546    11.0822    104.908    337.777    346.322    0.00062    7.39188   10.56374  321.97555     4.0376   16.52516 3.7912e-02     0.3503     0.5684 0.0000e+00
        435  48.333987    0.03014     1.8082    108.489     41.391  51592.101    31.8748     4.0460     41.000     4.0440    25.2966     7.7555    11.0834    104.931    337.815    346.360    0.00055    7.39101   10.56248  321.93843     4.0433   16.52340 3.7912e-02     0.3577     0.5794 0.0000e+00
        438  48.333996    0.03036     1.8213    109.276     42.401  51595.857    31.8772     4.0473     42.000     4.0473    25.2984     7.7615    11.0920    105.018    338.075    346.628    0.00071    7.39064   10.56196  321.92182     4.0446   16.52260 3.7912e-02     0.3598     0.5711 0.0000e+00
        442  48.334008    0.03064     1.8383    110.295     43.410  51606.327    31.8856     4.0548     43.000     4.0606    25.3044     7.7591    11.0885    105.011    337.969    346.521    0.00055    7.38886   10.55942  321.84256     4.0521   16.51880 3.7912e-02     0.3535     0.5700 0.0000e+00
        447  48.334022    0.03097     1.8586    111.516     44.420  51634.596    31.9124     4.0881     44.000     4.1052    25.3224     7.7640    11.0955    105.181    338.176    346.740    0.00086    7.38155   10.54897  321.51834     4.0853   16.50327 3.7912e-02     0.3483     0.6063 0.0000e+00
        451  48.334034    0.03127     1.8760    112.562     45.429  51598.410    31.8947     4.1195     45.000     4.1164    25.3053     7.7767    11.1137    105.422    338.736    347.308    0.00141    7.37679   10.54218  321.31654     4.1166   16.49374 3.7912e-02     0.3452     0.5903 0.0000e+00
        455  48.334045    0.03152     1.8910    113.462     46.440  51604.605    31.8983     4.1189     46.000     4.1189    25.3082     7.7683    11.1018    105.309    338.371    346.935    0.00091    7.37673   10.54209  321.31296     4.1159   16.49356 3.7912e-02     0.3376     0.5979 0.0000e+00
        458  48.334055    0.03176     1.9056    114.338     47.449  51603.216    31.8979     4.1236     47.000     4.1236    25.3075     7.7496    11.0750    105.067    337.556    346.099    0.00003    7.37590   10.54091  321.27718     4.1205   16.49185 3.7912e-02     0.3319     0.6292 0.0000e+00
        462  48.334067    0.03204     1.9226    115.357     48.459  51648.332    31.9324     4.1410     48.000     4.1630    25.3331     7.7435    11.0662    105.053    337.281    345.825   -0.00009    7.37106   10.53398  321.05805     4.1379   16.48130 3.7912e-02     0.3451     0.6269 0.0000e+00
        467  48.334081    0.03238     1.9430    116.581     49.468  51626.139    31.9296     4.1953     49.000     4.2014    25.3256     7.7627    11.0936    105.450    338.118    346.681    0.00101    7.36148   10.52030  320.64335     4.1921   16.46158 3.7912e-02     0.3476     0.5787 0.0000e+00
        472  48.334093    0.03269     1.9612    117.673     50.478  51637.568    31.9412     4.2132     50.000     4.2271    25.3331     7.7561    11.0842    105.414    337.829    346.388    0.00080    7.35771   10.51491  320.47683     4.2099   16.45361 3.7912e-02     0.3385     0.5859 0.0000e+00
        476  48.334105    0.03296     1.9777    118.660     51.488  51652.154    31.9603     4.2539     51.000     4.2699    25.3442     7.7280    11.0440    105.149    336.601    345.131   -0.00015    7.34952   10.50319  320.11625     4.2505   16.43638 3.7912e-02     0.3366     0.6154 0.0000e+00
        480  48.334116    0.03324     1.9943    119.660     52.497  51622.866    31.9467     4.2833     52.000     4.2833    25.3305     7.7265    11.0420    105.195    336.542    345.067   -0.00001    7.34494   10.49666  319.92146     4.2798   16.42717 3.7912e-02     0.3352     0.6725 0.0000e+00
        483  48.334127    0.03350     2.0101    120.608     53.507  51622.408    31.9471     4.2886     53.000     4.2884    25.3303     7.7126    11.0221    105.020    335.936    344.445   -0.00049    7.34398   10.49529  319.87973     4.2850   16.42518 3.7912e-02     0.3338     0.6519 0.0000e+00
