CTD-processing/allCTD/CNV/2014_10-13_t3_s08_cast091_4141.cnv
* Sea-Bird SBE19plus Data File:
* FileName = C:\Users\kris.holderied\Documents\kasitsna\Research-Projects-and-Data\Oceanography-AK\CTD-Data-ALL-to-2014-10\2014-CTD-KachemakBay-CookInlet\2014-10-EVOSTC-CookInlet\2014-10-13-CookInlet-Tran3-AnchorPt\2014-10-13-CookInlet-Tran3-cast091.hex
* Software Version 1.59
* Temperature SN =  4141
* Conductivity SN =  4141
* System UpLoad Time = Oct 13 2014 18:15:58
** Cook Inlet LTM Tran3 (Anchor Pt)  southeast to northwest
** Date: 10-13
** Station: 3-08
** Start time: 15:26
** Depth (m): 78
** Comment:  CTD time is Alaska Daylight time.  R/V Pandalus. Transducer  depth.
** Comment:
# nquan = 27
# nvalues = 79                          
# units = specified
# name 0 = scan: Scan Count
# name 1 = timeJ: Julian Days
# name 2 = timeH: Time, Elapsed [hours]
# name 3 = timeM: Time, Elapsed [minutes]
# name 4 = timeS: Time, Elapsed [seconds]
# name 5 = prdM: Pressure, Strain Gauge [db]
# name 6 = specc: Specific Conductance [uS/cm]
# name 7 = sal00: Salinity, Practical [PSU]
# name 8 = tv290C: Temperature [ITS-90, deg C]
# name 9 = depSM: Depth [salt water, m], lat = 59.00
# name 10 = potemp090C: Potential Temperature [ITS-90, deg C]
# name 11 = sigma-é00: Density [sigma-theta, kg/m^3]
# name 12 = sbeox0ML/L: Oxygen, SBE 43 [ml/l]
# name 13 = sbeox0Mg/L: Oxygen, SBE 43 [mg/l]
# name 14 = sbeox0PS: Oxygen, SBE 43 [% saturation]
# name 15 = sbox0Mm/Kg: Oxygen, SBE 43 [umol/kg]
# name 16 = sbeox0Mm/L: Oxygen, SBE 43 [umol/l]
# name 17 = sbox0dV/dT: Oxygen, SBE 43 [dov/dt]
# name 18 = oxsolML/L: Oxygen Saturation, Garcia & Gordon [ml/l]
# name 19 = oxsolMg/L: Oxygen Saturation, Garcia & Gordon [mg/l]
# name 20 = oxsolMm/Kg: Oxygen Saturation, Garcia & Gordon [umol/kg]
# name 21 = n2satMg/L: Nitrogen Saturation [mg/l]
# name 22 = par: PAR/Irradiance, Biospherical/Licor
# name 23 = wetStar: Fluorescence, WET Labs WETstar [mg/m^3]
# name 24 = CStarAt0: Beam Attenuation, WET Labs C-Star [1/m]
# name 25 = CStarTr0: Beam Transmission, WET Labs C-Star [%]
# name 26 = flag: flag
# span 0 =        348,        860       
# span 1 = 286.644059, 286.645541       
# span 2 =    0.02408,    0.05966       
# span 3 =     1.4448,     3.5796       
# span 4 =     86.689,    214.775       
# span 5 =      1.008,     79.750       
# span 6 =  45361.875,  48097.257       
# span 7 =    28.5790,    30.4534       
# span 8 =     9.7599,     9.8541       
# span 9 =      1.000,     79.000       
# span 10 =     9.7514,     9.8512      
# span 11 =    21.9715,    23.4439      
# span 12 =     5.5854,     5.7233      
# span 13 =     7.9821,     8.1791      
# span 14 =     85.455,     86.638      
# span 15 =    243.732,    250.101      
# span 16 =    249.445,    255.601      
# span 17 =   -0.00262,    0.00162      
# span 18 =    6.53588,    6.60619      
# span 19 =    9.34042,    9.44090      
# span 20 =  285.20589,  288.68940      
# span 21 =   14.77775,   14.95197      
# span 22 = 3.2119e-02, 1.3920e+01      
# span 23 =     0.4328,     0.8232      
# span 24 =     0.5137,     1.6891      
# span 25 =    65.5549,    87.9470      
# span 26 = 0.0000e+00, 0.0000e+00      
# interval = meters: 1                  
# start_time = Oct 13 2014 15:26:00 [Instrument's time stamp, header]
# bad_flag = -9.990e-29
*END*
        348 286.644059    0.02408     1.4448     86.689      1.008  45477.098    28.6595     9.8159      1.000     9.8154    22.0350     5.7193     8.1735     86.612    249.919    255.426   -0.00016    6.60341    9.43693  288.54998   14.94497 1.3920e+01     0.4580     1.5903    67.1943 0.0000e+00
        435 286.644313    0.03017     1.8103    108.617      2.017  45433.831    28.6294     9.8190      2.000     9.8196    22.0109     5.7154     8.1677     86.540    249.749    255.247   -0.00171    6.60423    9.43811  288.59258   14.94713 7.3761e-01     0.4718     1.6790    65.7229 0.0000e+00
        443 286.644334    0.03069     1.8415    110.489      3.021  45361.875    28.5790     9.8203      3.000     9.8185    21.9715     5.7160     8.1686     86.524    249.785    255.273   -0.00211    6.60619    9.44090  288.68940   14.95197 3.2119e-02     0.4328     1.6891    65.5549 0.0000e+00
        447 286.644347    0.03099     1.8594    111.566      4.029  45395.218    28.6012     9.8157      4.000     9.8132    21.9896     5.7233     8.1791     86.638    250.101    255.601   -0.00030    6.60591    9.44050  288.67216   14.95105 3.6527e-02     0.4583     1.6533    66.1459 0.0000e+00
        454 286.644366    0.03146     1.8874    113.244      5.055  45465.081    28.6491     9.8120      5.000     9.8113    22.0275     5.7212     8.1762     86.626    250.001    255.508   -0.00030    6.60442    9.43838  288.59648   14.94724 3.6372e-02     0.6393     1.5961    67.0983 0.0000e+00
        459 286.644380    0.03178     1.9063    114.376      6.063  45533.534    28.6964     9.8124      6.000     9.8133    22.0644     5.7171     8.1702     86.591    249.812    255.325   -0.00057    6.60236    9.43543  288.49588   14.94223 3.6384e-02     0.7794     1.6105    66.8573 0.0000e+00
        462 286.644389    0.03200     1.9203    115.217      7.062  45580.716    28.7292     9.8151      7.000     9.8157    22.0895     5.7091     8.1590     86.495    249.461    254.971   -0.00140    6.60056    9.43287  288.41032   14.93801 3.6382e-02     0.7508     1.6469    66.2517 0.0000e+00
        466 286.644401    0.03228     1.9368    116.207      8.069  45657.125    28.7824     9.8177      8.000     9.8175    22.1306     5.7061     8.1547     86.484    249.319    254.837   -0.00131    6.59794    9.42911  288.28397   14.93175 3.6382e-02     0.7721     1.6396    66.3711 0.0000e+00
        472 286.644417    0.03268     1.9607    117.640      9.086  45702.885    28.8139     9.8176      9.000     9.8155    22.1551     5.7013     8.1478     86.428    249.103    254.622   -0.00129    6.59661    9.42722  288.21916   14.92852 3.6382e-02     0.7349     1.5942    67.1295 0.0000e+00
        477 286.644433    0.03306     1.9832    118.990     10.103  45718.727    28.8239     9.8121     10.000     9.8049    22.1638     5.6958     8.1399     86.340    248.860    254.376   -0.00152    6.59699    9.42776  288.23327   14.92915 3.6382e-02     0.6666     1.6137    66.8036 0.0000e+00
        481 286.644444    0.03331     1.9988    119.927     11.105  45757.058    28.8487     9.7993     11.000     9.7938    22.1852     5.6913     8.1335     86.261    248.659    254.175   -0.00210    6.59781    9.42892  288.26298   14.93048 3.6382e-02     0.6549     1.6462    66.2635 0.0000e+00
        484 286.644454    0.03356     2.0137    120.823     12.108  45789.363    28.8702     9.7939     12.000     9.7931    22.2028     5.6948     8.1385     86.315    248.805    254.329   -0.00110    6.59769    9.42875  288.25267   14.92989 3.6382e-02     0.6335     1.6188    66.7181 0.0000e+00
        489 286.644468    0.03390     2.0338    122.030     13.121  45811.814    28.8858     9.7967     13.000     9.7970    22.2145     5.7022     8.1490     86.441    249.126    254.660    0.00035    6.59662    9.42722  288.20260   14.92743 3.6382e-02     0.6415     1.5435    67.9880 0.0000e+00
        495 286.644484    0.03428     2.0569    123.411     14.136  45850.155    28.9122     9.7973     14.000     9.7920    22.2351     5.7051     8.1531     86.501    249.247    254.789    0.00071    6.59541    9.42551  288.14445   14.92455 3.6382e-02     0.6797     1.4910    68.8849 0.0000e+00
        499 286.644497    0.03459     2.0755    124.533     15.144  45872.632    28.9265     9.7887     15.000     9.7832    22.2475     5.6996     8.1453     86.409    249.004    254.544   -0.00031    6.59605    9.42643  288.16877   14.92565 3.6382e-02     0.5886     1.4929    68.8521 0.0000e+00
        503 286.644509    0.03488     2.0929    125.572     16.148  45924.743    28.9616     9.7808     16.000     9.7751    22.2761     5.6838     8.1227     86.174    248.308    253.839   -0.00262    6.59573    9.42596  288.14644   14.92444 3.6382e-02     0.5980     1.4796    69.0808 0.0000e+00
        508 286.644523    0.03522     2.1130    126.777     17.161  46072.138    29.0633     9.7753     17.000     9.7791    22.3563     5.6882     8.1290     86.287    248.480    254.036   -0.00110    6.59222    9.42094  287.97049   14.91561 3.6382e-02     0.5768     1.4223    70.0766 0.0000e+00
        513 286.644537    0.03556     2.1338    128.026     18.169  46207.190    29.1596     9.7949     18.000     9.8025    22.4283     5.6928     8.1356     86.446    248.663    254.240    0.00103    6.58531    9.41106  287.64825   14.89981 3.6382e-02     0.6641     1.3258    71.7885 0.0000e+00
        518 286.644553    0.03592     2.1557    129.341     19.184  46285.580    29.2167     9.8179     19.000     9.8206    22.4692     5.6848     8.1242     86.401    248.306    253.885    0.00006    6.57955    9.40284  287.38556   14.88701 3.6382e-02     0.6039     1.2870    72.4880 0.0000e+00
        523 286.644566    0.03625     2.1748    130.490     20.189  46317.617    29.2397     9.8272     20.000     9.8294    22.4858     5.6771     8.1131     86.314    247.962    253.537   -0.00079    6.57722    9.39951  287.27923   14.88183 3.6382e-02     0.6016     1.2752    72.7022 0.0000e+00
        528 286.644579    0.03657     2.1942    131.653     21.198  46354.852    29.2664     9.8363     21.000     9.8378    22.5051     5.6715     8.1051     86.261    247.713    253.288   -0.00123    6.57479    9.39602  287.16711   14.87636 3.6382e-02     0.7298     1.2577    73.0214 0.0000e+00
        533 286.644594    0.03692     2.2156    132.935     22.210  46402.831    29.3007     9.8465     22.000     9.8470    22.5304     5.6670     8.0986     86.230    247.509    253.086   -0.00096    6.57185    9.39184  287.03202   14.86977 3.6382e-02     0.6253     1.2414    73.3188 0.0000e+00
        538 286.644608    0.03726     2.2360    134.159     23.218  46410.841    29.3065     9.8510     23.000     9.8494    22.5341     5.6579     8.0857     86.105    247.113    252.681   -0.00191    6.57096    9.39056  286.99196   14.86783 3.6382e-02     0.6346     1.2474    73.2086 0.0000e+00
        543 286.644623    0.03762     2.2571    135.426     24.229  46427.620    29.3180     9.8531     24.000     9.8512    22.5428     5.6543     8.0806     86.061    246.956    252.523   -0.00166    6.57016    9.38942  286.95486   14.86600 3.6382e-02     0.6584     1.2419    73.3105 0.0000e+00
        547 286.644637    0.03795     2.2769    136.616     25.241  46440.641    29.3269     9.8541     25.000     9.8511    22.5496     5.6579     8.0857     86.122    247.111    252.683   -0.00060    6.56965    9.38869  286.93048   14.86480 3.6382e-02     0.6734     1.2477    73.2045 0.0000e+00
        552 286.644650    0.03825     2.2952    137.714     26.242  46483.459    29.3563     9.8529     26.000     9.8495    22.5727     5.6531     8.0789     86.062    246.894    252.467   -0.00083    6.56860    9.38718  286.87783   14.86217 3.6382e-02     0.6437     1.2513    73.1386 0.0000e+00
        558 286.644666    0.03865     2.3189    139.134     27.257  46508.639    29.3733     9.8520     27.000     9.8483    22.5862     5.6506     8.0752     86.032    246.782    252.356   -0.00094    6.56800    9.38634  286.84826   14.86068 3.6382e-02     0.6156     1.2314    73.5026 0.0000e+00
        563 286.644681    0.03902     2.3410    140.462     28.269  46646.767    29.4691     9.8484     28.000     9.8429    22.6614     5.6491     8.0731     86.055    246.697    252.288   -0.00037    6.56449    9.38130  286.67343   14.85193 3.6382e-02     0.6328     1.2213    73.6885 0.0000e+00
        567 286.644694    0.03932     2.3592    141.553     29.276  46832.790    29.5982     9.8432     29.000     9.8385    22.7629     5.6383     8.0577     85.953    246.203    251.808   -0.00125    6.55981    9.37462  286.44077   14.84028 3.6382e-02     0.6355     1.2084    73.9267 0.0000e+00
        572 286.644707    0.03964     2.3783    142.699     30.281  47025.437    29.7320     9.8381     30.000     9.8317    22.8681     5.6320     8.0487     85.920    245.902    251.525   -0.00131    6.55491    9.36762  286.19746   14.82809 3.6382e-02     0.6543     1.1288    75.4173 0.0000e+00
        577 286.644723    0.04003     2.4015    144.092     31.299  47184.107    29.8416     9.8291     31.000     9.8219    22.9550     5.6262     8.0404     85.875    245.627    251.265   -0.00115    6.55160    9.36289  286.02866   14.81957 3.6382e-02     0.6481     1.0301    77.2991 0.0000e+00
        582 286.644737    0.04036     2.4214    145.281     32.304  47304.366    29.9245     9.8210     32.000     9.8154    23.0209     5.6194     8.0307     85.802    245.317    250.965   -0.00147    6.54929    9.35959  285.90934   14.81353 3.6382e-02     0.6389     0.9831    78.2123 0.0000e+00
        587 286.644752    0.04072     2.4431    146.589     33.311  47369.125    29.9690     9.8171     33.000     9.8127    23.0562     5.6201     8.0317     85.829    245.337    250.994   -0.00081    6.54799    9.35772  285.84267   14.81016 3.6382e-02     0.7050     0.8746    80.3638 0.0000e+00
        593 286.644770    0.04113     2.4681    148.087     34.331  47411.654    29.9981     9.8154     34.000     9.8118    23.0793     5.6201     8.0317     85.843    245.334    250.995   -0.00034    6.54700    9.35632  285.79320   14.80768 3.6382e-02     0.7238     0.8354    81.1516 0.0000e+00
        598 286.644782    0.04143     2.4854    149.126     35.334  47426.320    30.0080     9.8158     35.000     9.8122    23.0870     5.6238     8.0370     85.906    245.492    251.160    0.00012    6.54654    9.35565  285.77067   14.80656 3.6382e-02     0.6812     0.8396    81.0685 0.0000e+00
        602 286.644794    0.04173     2.5035    150.209     36.335  47433.464    30.0127     9.8163     36.000     9.8125    23.0905     5.6265     8.0408     85.950    245.607    251.278    0.00053    6.54626    9.35526  285.75781   14.80592 3.6382e-02     0.7479     0.8049    81.7732 0.0000e+00
        609 286.644814    0.04219     2.5318    151.908     37.360  47440.256    30.0171     9.8166     37.000     9.8126    23.0939     5.6226     8.0352     85.892    245.435    251.103   -0.00032    6.54604    9.35494  285.74681   14.80538 3.6382e-02     0.7195     0.7143    83.6466 0.0000e+00
        613 286.644827    0.04252     2.5510    153.062     38.363  47460.388    30.0308     9.8167     38.000     9.8127    23.1047     5.6172     8.0274     85.817    245.196    250.860   -0.00090    6.54545    9.35410  285.71808   14.80395 3.6382e-02     0.8044     0.7935    82.0053 0.0000e+00
        617 286.644838    0.04279     2.5673    154.040     39.363  47492.501    30.0529     9.8169     39.000     9.8110    23.1219     5.6168     8.0270     85.826    245.179    250.848   -0.00092    6.54449    9.35273  285.67172   14.80165 3.6382e-02     0.7404     0.7618    82.6615 0.0000e+00
        624 286.644858    0.04325     2.5952    155.711     40.383  47673.743    30.1780     9.8040     40.000     9.7944    23.2215     5.6187     8.0296     85.898    245.235    250.929    0.00013    6.54109    9.34788  285.49560   14.79271 3.6382e-02     0.7224     0.6030    86.0043 0.0000e+00
        630 286.644875    0.04367     2.6203    157.215     41.397  47740.298    30.2228     9.7925     41.000     9.7877    23.2583     5.6122     8.0203     85.801    244.942    250.639   -0.00085    6.54087    9.34755  285.47545   14.79156 3.6382e-02     0.8232     0.5991    86.0900 0.0000e+00
        634 286.644887    0.04396     2.6375    158.248     42.399  47727.222    30.2133     9.7930     42.000     9.7886    23.2508     5.6107     8.0182     85.774    244.877    250.572   -0.00104    6.54119    9.34802  285.49169   14.79238 3.6382e-02     0.7348     0.6250    85.5360 0.0000e+00
        638 286.644900    0.04427     2.6561    159.367     43.405  47682.398    30.1818     9.7956     43.000     9.7933    23.2258     5.6138     8.0228     85.810    245.024    250.715   -0.00040    6.54215    9.34938  285.54037   14.79483 3.6382e-02     0.7041     0.6141    85.7686 0.0000e+00
        645 286.644918    0.04469     2.6813    160.875     44.420  47626.461    30.1429     9.8015     44.000     9.8000    23.1946     5.6135     8.0222     85.795    245.016    250.699   -0.00043    6.54293    9.35050  285.58324   14.79705 3.6382e-02     0.7800     0.6252    85.5299 0.0000e+00
        651 286.644937    0.04516     2.7098    162.586     45.429  47665.512    30.1701     9.8037     45.000     9.7950    23.2155     5.6207     8.0326     85.925    245.327    251.023    0.00075    6.54146    9.34840  285.51322   14.79359 3.6382e-02     0.7215     0.5606    86.9244 0.0000e+00
        658 286.644957    0.04562     2.7374    164.246     46.449  47779.493    30.2480     9.7904     46.000     9.7834    23.2784     5.6153     8.0249     85.860    245.075    250.780   -0.00025    6.54012    9.34648  285.43711   14.78963 3.6382e-02     0.7782     0.5704    86.7111 0.0000e+00
        662 286.644967    0.04589     2.7533    165.198     47.449  47766.878    30.2386     9.7890     47.000     9.7845    23.2712     5.6150     8.0243     85.846    245.060    250.763   -0.00062    6.54070    9.34731  285.46461   14.79099 3.6382e-02     0.6880     0.6265    85.5033 0.0000e+00
        666 286.644980    0.04619     2.7715    166.287     48.449  47769.185    30.2398     9.7898     48.000     9.7843    23.2721     5.6159     8.0257     85.863    245.101    250.805   -0.00025    6.54055    9.34710  285.45771   14.79065 3.6382e-02     0.7183     0.6052    85.9607 0.0000e+00
        675 286.645006    0.04681     2.8087    168.522     49.476  47785.478    30.2507     9.7883     49.000     9.7826    23.2808     5.6047     8.0097     85.695    244.612    250.306   -0.00149    6.54030    9.34674  285.44438   14.78997 3.6382e-02     0.7365     0.5306    87.5760 0.0000e+00
        680 286.645021    0.04716     2.8300    169.797     50.481  47791.532    30.2544     9.7872     50.000     9.7818    23.2839     5.5986     8.0009     85.601    244.343    250.032   -0.00198    6.54030    9.34675  285.44371   14.78993 3.6382e-02     0.7119     0.6037    85.9915 0.0000e+00
        684 286.645032    0.04744     2.8465    170.790     51.479  47796.987    30.2578     9.7871     51.000     9.7812    23.2866     5.6091     8.0159     85.764    244.801    250.501    0.00001    6.54018    9.34657  285.43746   14.78961 3.6382e-02     0.6775     0.6121    85.8103 0.0000e+00
        690 286.645050    0.04786     2.8714    172.285     52.498  47808.160    30.2650     9.7859     52.000     9.7803    23.2924     5.6062     8.0118     85.722    244.675    250.373   -0.00019    6.54004    9.34638  285.42996   14.78922 3.6382e-02     0.6907     0.5510    87.1326 0.0000e+00
        697 286.645069    0.04832     2.8995    173.971     53.505  47819.230    30.2724     9.7854     53.000     9.7793    23.2982     5.6007     8.0039     85.640    244.431    250.126   -0.00089    6.53981    9.34604  285.41815   14.78862 3.6382e-02     0.7281     0.5455    87.2537 0.0000e+00
