CTD-processing/allCTD/CNV/2014_06-18_t9_s05a_cast149_4141.cnv
* Sea-Bird SBE19plus Data File:
* FileName = C:\Users\kris.holderied\Documents\kasitsna\Research-Projects-and-Data\Oceanography-AK\CTD-Data-ALL-to-2014-03\2014-CTD-KachemakBay-CookInlet\2014-06-18-CookInlet-HomerSpit-monthly\2014-06-18-CookInlet-T9-HomerSpit-cast149.hex
* Software Version 1.59
* Temperature SN =  4141
* Conductivity SN =  4141
* System UpLoad Time = Jul 20 2014 19:58:36
** Cook Inlet LTM Transect 9  (Homer Spit) South to North
** Date: 2014-06-18
** Station: 9-05a
** Start time: 17:42
** Depth (m): 96
** Comment:  CTD time is Alaska Daylight time
** Comment:
# nquan = 27
# nvalues = 90                          
# units = specified
# name 0 = scan: Scan Count
# name 1 = timeJ: Julian Days
# name 2 = timeH: Time, Elapsed [hours]
# name 3 = timeM: Time, Elapsed [minutes]
# name 4 = timeS: Time, Elapsed [seconds]
# name 5 = prdM: Pressure, Strain Gauge [db]
# name 6 = specc: Specific Conductance [uS/cm]
# name 7 = sal00: Salinity, Practical [PSU]
# name 8 = tv290C: Temperature [ITS-90, deg C]
# name 9 = depSM: Depth [salt water, m], lat = 59.00
# name 10 = potemp090C: Potential Temperature [ITS-90, deg C]
# name 11 = sigma-é00: Density [sigma-theta, kg/m^3]
# name 12 = sbeox0ML/L: Oxygen, SBE 43 [ml/l]
# name 13 = sbeox0Mg/L: Oxygen, SBE 43 [mg/l]
# name 14 = sbeox0PS: Oxygen, SBE 43 [% saturation]
# name 15 = sbox0Mm/Kg: Oxygen, SBE 43 [umol/kg]
# name 16 = sbeox0Mm/L: Oxygen, SBE 43 [umol/l]
# name 17 = sbox0dV/dT: Oxygen, SBE 43 [dov/dt]
# name 18 = oxsolML/L: Oxygen Saturation, Garcia & Gordon [ml/l]
# name 19 = oxsolMg/L: Oxygen Saturation, Garcia & Gordon [mg/l]
# name 20 = oxsolMm/Kg: Oxygen Saturation, Garcia & Gordon [umol/kg]
# name 21 = n2satMg/L: Nitrogen Saturation [mg/l]
# name 22 = par: PAR/Irradiance, Biospherical/Licor
# name 23 = wetStar: Fluorescence, WET Labs WETstar [mg/m^3]
# name 24 = CStarAt0: Beam Attenuation, WET Labs C-Star [1/m]
# name 25 = CStarTr0: Beam Transmission, WET Labs C-Star [%]
# name 26 = flag: flag
# span 0 =        283,        714       
# span 1 = 169.739021, 169.740270       
# span 2 =    0.01955,    0.04953       
# span 3 =     1.1730,     2.9716       
# span 4 =     70.378,    178.294       
# span 5 =      1.013,     90.868       
# span 6 =  46696.379,  50745.564       
# span 7 =    29.5155,    31.7943       
# span 8 =     6.5059,     9.8549       
# span 9 =      1.000,     90.000       
# span 10 =     6.4971,     9.8476      
# span 11 =    22.6962,    24.9583      
# span 12 =     6.3194,     7.5910      
# span 13 =     9.0311,    10.8483      
# span 14 =     90.619,    115.245      
# span 15 =    275.354,    331.420      
# span 16 =    282.226,    339.013      
# span 17 =   -0.06144,    0.03436      
# span 18 =    6.56160,    6.97445      
# span 19 =    9.37718,    9.96718      
# span 20 =  286.53755,  303.89454      
# span 21 =   14.84524,   15.66456      
# span 22 = 4.0604e-02, 1.9001e+00      
# span 23 =     0.4502,    11.5430      
# span 24 =     0.3543,     1.6872      
# span 25 =    65.5883,    91.5242      
# span 26 = 0.0000e+00, 0.0000e+00      
# interval = meters: 1                  
# start_time = Jun 18 2014 17:43:01 [Instrument's time stamp, header]
# bad_flag = -9.990e-29
*END*
        283 169.739021    0.01955     1.1730     70.378      1.013  46696.379    29.5155     9.8549      1.000     9.8476    22.6962     7.2458    10.3550    110.428    316.417    323.598    0.02711    6.56160    9.37718  286.53755   14.84524 1.9001e+00     5.4260     1.6872    65.5883 0.0000e+00
        291 169.739046    0.02017     1.2099     72.592      2.021  46763.174    29.5572     9.8163      2.000     9.7853    22.7348     7.2347    10.3391    110.194    315.919    323.101    0.00818    6.56543    9.38265  286.69398   14.85255 1.7180e+00     5.4980     1.6339    66.4668 0.0000e+00
        297 169.739064    0.02059     1.2352     74.111      3.025  46950.740    29.6724     9.6881      3.000     9.6557    22.8447     7.2626    10.3790    110.388    317.103    324.347    0.00562    6.57916    9.40228  287.26280   14.87926 1.6192e+00     6.2338     1.6317    66.5038 0.0000e+00
        305 169.739085    0.02110     1.2661     75.968      4.044  47046.476    29.7305     9.6188      4.000     9.6191    22.9009     7.4762    10.6843    113.503    326.413    333.888    0.02862    6.58678    9.41317  287.57974   14.89418 1.5344e+00     8.7986     1.5760    67.4353 0.0000e+00
        310 169.739099    0.02145     1.2866     77.197      5.045  47065.305    29.7428     9.6150      5.000     9.5956    22.9111     7.5910    10.8483    115.245    331.420    339.013    0.03436    6.58680    9.41319  287.57785   14.89404 1.4594e+00    11.0346     1.5934    67.1428 0.0000e+00
        315 169.739115    0.02181     1.3088     78.530      6.058  47325.960    29.8925     9.3625      6.000     9.0004    23.0667     7.5892    10.8457    114.686    331.290    338.931    0.01631    6.61750    9.45706  288.87385   14.95537 1.3864e+00    10.1654     1.5339    68.1501 0.0000e+00
        320 169.739130    0.02218     1.3307     79.844      7.067  48322.732    30.4697     8.4826      7.000     8.3655    23.6497     7.4280    10.6154    110.474    324.072    331.735   -0.02749    6.72366    9.60879  293.34147   15.16644 1.3108e+00     9.9436     1.2463    73.2480 0.0000e+00
        325 169.739145    0.02253     1.3520     81.122      8.075  48738.428    30.7128     8.1708      8.000     8.0316    23.8847     7.2299    10.3322    106.944    315.354    322.886   -0.04696    6.76063    9.66161  294.88620   15.23920 1.2636e+00    11.5430     0.9882    78.1190 0.0000e+00
        331 169.739161    0.02291     1.3743     82.460      9.087  49089.545    30.9204     7.9281      9.000     7.8901    24.0818     7.0037    10.0090    103.168    305.429    312.785   -0.06144    6.78871    9.70174  296.05400   15.29410 1.2174e+00     8.1215     0.8742    80.3785 0.0000e+00
        337 169.739177    0.02331     1.3985     83.911     10.092  49213.447    30.9884     7.8132     10.000     7.7835    24.1512     6.8994     9.8599    101.411    300.861    308.127   -0.05039    6.80346    9.72283  296.67741   15.32358 1.1839e+00     6.3194     0.7425    83.0637 0.0000e+00
        344 169.739199    0.02385     1.4307     85.841     11.102  49294.123    31.0318     7.7350     11.000     7.7196    24.1961     6.8797     9.8318    100.969    299.988    307.247   -0.02702    6.81366    9.73740  297.10910   15.34400 1.1466e+00     6.9307     0.6783    84.4032 0.0000e+00
        353 169.739224    0.02443     1.4656     87.936     12.118  49394.451    31.0916     7.6747     12.000     7.6546    24.2514     6.8642     9.8096    100.643    299.297    306.556   -0.01392    6.82036    9.74698  297.38536   15.35694 1.1017e+00     5.0824     0.6468    85.0704 0.0000e+00
        358 169.739240    0.02481     1.4887     89.323     13.124  49558.512    31.1891     7.5739     13.000     7.4819    24.3418     6.8529     9.7935    100.310    298.777    306.050   -0.01083    6.83174    9.76324  297.85527   15.37896 1.0459e+00     5.1621     0.6199    85.6448 0.0000e+00
        364 169.739255    0.02518     1.5106     90.638     14.134  49906.621    31.3982     7.3738     14.000     7.3541    24.5332     6.7947     9.7103     99.139    296.185    303.451   -0.01611    6.85371    9.79464  298.75736   15.42116 9.9686e-01     4.4017     0.5411    87.3490 0.0000e+00
        369 169.739270    0.02552     1.5313     91.876     15.136  50025.544    31.4807     7.3746     15.000     7.3912    24.5980     6.7314     9.6199     98.270    293.409    300.625   -0.01802    6.84988    9.78917  298.57137   15.41194 9.5366e-01     3.7484     0.4807    88.6780 0.0000e+00
        375 169.739287    0.02594     1.5565     93.393     16.158  50015.395    31.4814     7.4233     16.000     7.4311    24.5919     6.6961     9.5695     97.865    291.871    299.050   -0.01356    6.84221    9.77820  298.23871   15.39606 9.0872e-01     2.8325     0.4733    88.8414 0.0000e+00
        380 169.739304    0.02635     1.5810     94.859     17.162  50049.406    31.5116     7.4646     17.000     7.4829    24.6100     6.7111     9.5908     98.196    292.517    299.716   -0.00555    6.83440    9.76704  297.89300   15.37945 8.6114e-01     2.8888     0.4739    88.8295 0.0000e+00
        386 169.739321    0.02676     1.6051     96.306     18.168  50073.803    31.5384     7.5263     18.000     7.5343    24.6227     6.7295     9.6173     98.623    293.321    300.543    0.00036    6.82355    9.75154  297.41677   15.35661 8.0005e-01     3.1918     0.4641    89.0477 0.0000e+00
        392 169.739337    0.02715     1.6292     97.751     19.182  50043.112    31.5163     7.5247     19.000     7.5053    24.6056     6.7658     9.6690     99.135    294.902    302.158    0.00454    6.82479    9.75330  297.47549   15.35950 7.4972e-01     3.5106     0.4767    88.7653 0.0000e+00
        397 169.739353    0.02753     1.6520     99.117     20.186  50050.527    31.5123     7.4726     20.000     7.4525    24.6096     6.7609     9.6619     98.943    294.689    301.940    0.00145    6.83311    9.76520  297.83700   15.37677 6.7857e-01     3.3506     0.4629    89.0714 0.0000e+00
        403 169.739369    0.02793     1.6757    100.540     21.208  50076.280    31.5207     7.4185     21.000     7.4041    24.6236     6.7198     9.6032     98.225    292.893    300.105   -0.00558    6.84120    9.77675  298.18537   15.39336 6.1689e-01     3.0250     0.4708    88.8976 0.0000e+00
        407 169.739382    0.02821     1.6928    101.567     22.206  50109.556    31.5405     7.4007     22.000     7.3813    24.6415     6.7082     9.5868     98.029    292.385    299.590   -0.00577    6.84311    9.77948  298.26351   15.39701 5.5023e-01     3.0973     0.4513    89.3327 0.0000e+00
        412 169.739395    0.02853     1.7118    102.705     23.221  50166.393    31.5730     7.3612     23.000     7.3479    24.6724     6.6906     9.5615     97.704    291.607    298.802   -0.00646    6.84785    9.78626  298.46121   15.40631 4.8951e-01     2.9812     0.4315    89.7744 0.0000e+00
        416 169.739407    0.02882     1.7294    103.763     24.228  50196.019    31.5897     7.3405     24.000     7.3270    24.6884     6.6714     9.5341     97.388    290.766    297.944   -0.00745    6.85034    9.78982  298.56509   15.41120 4.2966e-01     2.3122     0.4241    89.9407 0.0000e+00
        420 169.739418    0.02910     1.7457    104.740     25.238  50235.078    31.6117     7.3125     25.000     7.2917    24.7094     6.6607     9.5188     97.183    290.292    297.466   -0.00702    6.85376    9.79471  298.70811   15.41793 3.7958e-01     2.2082     0.4187    90.0622 0.0000e+00
        424 169.739429    0.02936     1.7615    105.691     26.248  50452.331    31.7634     7.3166     26.000     7.3767    24.8282     6.6375     9.4857     96.950    289.250    296.432   -0.00709    6.84629    9.78403  298.34788   15.40013 3.3057e-01     2.0365     0.4136    90.1775 0.0000e+00
        427 169.739440    0.02960     1.7761    106.567     27.257  50343.665    31.6998     7.3908     27.000     7.3671    24.7682     6.6394     9.4885     97.103    289.351    296.518   -0.00430    6.83752    9.77150  297.98306   15.38298 2.8915e-01     2.2000     0.4176    90.0866 0.0000e+00
        431 169.739449    0.02984     1.7904    107.426     28.266  50355.053    31.7005     7.3509     28.000     7.3263    24.7741     6.6380     9.4862     96.993    289.284    296.451   -0.00343    6.84373    9.78038  298.25213   15.39581 2.4779e-01     2.3108     0.4018    90.4436 0.0000e+00
        434 169.739459    0.03008     1.8046    108.275     29.274  50366.323    31.7015     7.3135     29.000     7.2833    24.7800     6.6102     9.4466     96.504    288.072    295.210   -0.00713    6.84956    9.78871  298.50455   15.40786 2.1549e-01     2.3060     0.3923    90.6585 0.0000e+00
        438 169.739470    0.03033     1.8197    109.183     30.280  50345.578    31.6758     7.2508     30.000     7.1976    24.7682     6.5944     9.4241     96.120    287.388    294.506   -0.00886    6.86059    9.80447  298.98859   15.43105 1.8930e-01     2.1180     0.3904    90.7001 0.0000e+00
        442 169.739482    0.03063     1.8381    110.287     31.295  50417.546    31.7102     7.1624     31.000     7.1457    24.8071     6.5716     9.3915     95.615    286.383    293.488   -0.01015    6.87299    9.82220  299.51767   15.45615 1.6751e-01     1.9464     0.3924    90.6551 0.0000e+00
        447 169.739496    0.03095     1.8573    111.438     32.303  50454.713    31.7319     7.1413     32.000     7.1409    24.8270     6.5420     9.3492     95.152    285.088    292.166   -0.01079    6.87534    9.82554  299.61411   15.46067 1.4775e-01     1.4529     0.3974    90.5422 0.0000e+00
        452 169.739510    0.03130     1.8780    112.678     33.317  50482.462    31.7544     7.1618     33.000     7.1689    24.8419     6.5267     9.3273     94.987    284.415    291.481   -0.00853    6.87109    9.81948  299.42468   15.45154 1.3056e-01     1.5623     0.3893    90.7267 0.0000e+00
        456 169.739523    0.03161     1.8962    113.770     34.328  50460.661    31.7418     7.1794     34.000     7.1617    24.8297     6.5272     9.3280     95.026    284.442    291.505   -0.00521    6.86887    9.81630  299.33136   15.44714 1.1533e-01     1.2212     0.3818    90.8964 0.0000e+00
        460 169.739533    0.03186     1.9113    114.677     35.332  50421.931    31.7060     7.1314     35.000     7.0942    24.8079     6.5307     9.3330     94.950    284.601    291.662   -0.00428    6.87809    9.82948  299.73951   15.46676 1.0321e-01     1.3506     0.4029    90.4197 0.0000e+00
        463 169.739544    0.03211     1.9267    115.605     36.344  50502.425    31.7551     7.0945     36.000     7.0986    24.8515     6.5133     9.3082     94.647    283.833    290.887   -0.00564    6.88172    9.83466  299.88500   15.47349 9.2547e-02     1.1511     0.4259    89.9005 0.0000e+00
        467 169.739555    0.03238     1.9427    116.560     37.351  50506.949    31.7608     7.1113     37.000     7.1145    24.8538     6.4948     9.2817     94.418    283.023    290.057   -0.00641    6.87878    9.83047  299.75625   15.46733 8.3551e-02     1.0907     0.4187    90.0623 0.0000e+00
        471 169.739567    0.03265     1.9590    117.541     38.360  50475.083    31.7388     7.1151     38.000     7.0969    24.8359     6.4957     9.2830     94.425    283.066    290.096   -0.00453    6.87918    9.83103  299.77882   15.46850 7.6205e-02     1.0951     0.4125    90.2022 0.0000e+00
        475 169.739579    0.03295     1.9766    118.596     39.371  50517.668    31.7630     7.0866     39.000     7.0893    24.8587     6.4966     9.2843     94.391    283.100    290.137   -0.00332    6.88260    9.83593  299.92128   15.47519 7.0158e-02     1.0286     0.4206    90.0193 0.0000e+00
        480 169.739591    0.03324     1.9944    119.666     40.379  50542.115    31.7835     7.1093     40.000     7.1182    24.8719     6.4862     9.2694     94.302    282.641    289.671   -0.00309    6.87807    9.82945  299.72013   15.46552 6.5140e-02     1.1058     0.4089    90.2824 0.0000e+00
        485 169.739606    0.03359     2.0155    120.932     41.390  50529.074    31.7780     7.1328     41.000     7.1322    24.8645     6.4797     9.2601     94.255    282.362    289.382   -0.00252    6.87461    9.82451  299.57158   15.45845 6.1478e-02     1.1307     0.3826    90.8792 0.0000e+00
        490 169.739622    0.03397     2.0384    122.303     42.404  50505.251    31.7591     7.1223     42.000     7.1048    24.8511     6.4880     9.2721     94.343    282.731    289.756   -0.00081    6.87711    9.82809  299.68465   15.46392 5.8472e-02     0.8124     0.3624    91.3390 0.0000e+00
        495 169.739634    0.03428     2.0568    123.408     43.412  50523.236    31.7671     7.0988     43.000     7.0879    24.8604     6.4882     9.2723     94.298    282.732    289.761   -0.00095    6.88047    9.83289  299.82806   15.47074 5.5559e-02     0.8058     0.3543    91.5242 0.0000e+00
        499 169.739646    0.03455     2.0735    124.410     44.418  50518.787    31.7609     7.0835     44.000     7.0603    24.8576     6.4798     9.2603     94.140    282.368    289.387   -0.00208    6.88318    9.83676  299.94700   15.47643 5.3563e-02     0.9389     0.3566    91.4689 0.0000e+00
        503 169.739658    0.03486     2.0914    125.487     45.424  50513.217    31.7464     7.0262     45.000     6.9977    24.8538     6.4776     9.2571     93.974    282.273    289.289   -0.00285    6.89294    9.85070  300.37326   15.49683 5.1508e-02     0.7598     0.3701    91.1620 0.0000e+00
        509 169.739675    0.03525     2.1148    126.889     46.442  50551.848    31.7646     6.9798     46.000     6.9677    24.8742     6.4596     9.2313     93.623    281.482    288.483   -0.00477    6.89949    9.86006  300.65275   15.51008 5.0178e-02     0.7693     0.3878    90.7610 0.0000e+00
        514 169.739690    0.03562     2.1372    128.230     47.447  50551.696    31.7603     6.9589     47.000     6.9433    24.8736     6.4608     9.2330     93.593    281.535    288.538   -0.00326    6.90303    9.86512  300.80698   15.51745 4.8676e-02     0.7424     0.4023    90.4321 0.0000e+00
        519 169.739705    0.03598     2.1589    129.535     48.464  50558.151    31.7587     6.9275     48.000     6.9122    24.8765     6.4522     9.2208     93.400    281.160    288.154   -0.00356    6.90809    9.87235  301.02679   15.52795 4.7499e-02     0.7392     0.4112    90.2326 0.0000e+00
        523 169.739717    0.03627     2.1761    130.569     49.466  50562.492    31.7571     6.9045     49.000     6.8893    24.8783     6.4435     9.2085     93.225    280.784    287.769   -0.00413    6.91184    9.87771  301.18983   15.53573 4.6419e-02     0.6989     0.4379    89.6304 0.0000e+00
        528 169.739730    0.03657     2.1943    131.658     50.480  50577.239    31.7631     6.8833     50.000     6.8745    24.8857     6.4326     9.1928     93.025    280.305    287.280   -0.00445    6.91496    9.88216  301.32312   15.54206 4.5531e-02     0.6456     0.4614    89.1064 0.0000e+00
        532 169.739742    0.03685     2.2113    132.677     51.487  50567.825    31.7541     6.8723     51.000     6.8548    24.8800     6.4280     9.1864     92.930    280.108    287.077   -0.00427    6.91713    9.88528  301.41994   15.54671 4.4554e-02     0.7541     0.4669    88.9841 0.0000e+00
        536 169.739754    0.03716     2.2298    133.788     52.494  50579.461    31.7568     6.8444     52.000     6.8318    24.8858     6.4399     9.2033     93.042    280.623    287.607   -0.00193    6.92147    9.89148  301.60725   15.55564 4.3851e-02     0.7481     0.4874    88.5290 0.0000e+00
        542 169.739770    0.03754     2.2525    135.151     53.507  50592.191    31.7624     6.8295     53.000     6.8225    24.8922     6.4346     9.1957     92.937    280.390    287.370   -0.00203    6.92360    9.89452  301.69813   15.55995 4.3494e-02     0.7197     0.4895    88.4812 0.0000e+00
