CTD-processing/allCTD/CNV/2014_02-15_t4_s07_cast186_5028.cnv
* Sea-Bird SBE19plus Data File:
* FileName = C:\Users\kris.holderied\Documents\kasitsna\Research-Projects-and-Data\Oceanography-AK\CTD-CookInlet-GulfWatchAK\2014-02-EVOSTC-CookInlet-LTM-BATCH-UPLOAD\2014-02-CookInlet-Seasonal-cast186.hex
* Software Version 1.59
* Temperature SN =  5028
* Conductivity SN =  5028
* System UpLoad Time = Apr 09 2014 20:22:22
** Cook Inlet LTM 2014 February Seasonal - Batch upload
** Date: 2014-02-15
** Station: 4-07
** Start time: 14:57
** Depth (m): 38
** CoComment:
** Comment:
# nquan = 27
# nvalues = 37                          
# units = specified
# name 0 = scan: Scan Count
# name 1 = timeJ: Julian Days
# name 2 = timeH: Time, Elapsed [hours]
# name 3 = timeM: Time, Elapsed [minutes]
# name 4 = timeS: Time, Elapsed [seconds]
# name 5 = prdM: Pressure, Strain Gauge [db]
# name 6 = specc: Specific Conductance [uS/cm]
# name 7 = sal00: Salinity, Practical [PSU]
# name 8 = tv290C: Temperature [ITS-90, deg C]
# name 9 = depSM: Depth [salt water, m], lat = 59.00
# name 10 = potemp090C: Potential Temperature [ITS-90, deg C]
# name 11 = sigma-é00: Density [sigma-theta, kg/m^3]
# name 12 = sbeox0ML/L: Oxygen, SBE 43 [ml/l]
# name 13 = sbeox0Mg/L: Oxygen, SBE 43 [mg/l]
# name 14 = sbeox0PS: Oxygen, SBE 43 [% saturation]
# name 15 = sbox0Mm/Kg: Oxygen, SBE 43 [umol/kg]
# name 16 = sbeox0Mm/L: Oxygen, SBE 43 [umol/l]
# name 17 = sbox0dV/dT: Oxygen, SBE 43 [dov/dt]
# name 18 = oxsolML/L: Oxygen Saturation, Garcia & Gordon [ml/l]
# name 19 = oxsolMg/L: Oxygen Saturation, Garcia & Gordon [mg/l]
# name 20 = oxsolMm/Kg: Oxygen Saturation, Garcia & Gordon [umol/kg]
# name 21 = potemp090C: Potential Temperature [ITS-90, deg C]
# name 22 = n2satMg/L: Nitrogen Saturation [mg/l]
# name 23 = par: PAR/Irradiance, Biospherical/Licor
# name 24 = flECO-AFL: Fluorescence, WET Labs ECO-AFL/FL [mg/m^3]
# name 25 = turbWETntu0: Turbidity, WET Labs ECO [NTU]
# name 26 = flag: flag
# span 0 =         18,        386       
# span 1 =  46.622863,  46.623927       
# span 2 =    0.00121,    0.02675       
# span 3 =     0.0727,     1.6045       
# span 4 =      4.363,     96.268       
# span 5 =      1.010,     37.352       
# span 6 =  50637.766,  51514.117       
# span 7 =    31.3503,    31.9158       
# span 8 =     4.3660,     4.8615       
# span 9 =      1.000,     37.000       
# span 10 =     4.4306,     4.8600      
# span 11 =    24.8371,    25.2971      
# span 12 =     5.7176,     7.5694      
# span 13 =     8.1710,    10.8175      
# span 14 =     77.986,    104.412      
# span 15 =    249.047,    329.751      
# span 16 =    255.349,    338.050      
# span 17 =   -0.00606,    0.03832      
# span 18 =    7.24959,    7.34096      
# span 19 =   10.36040,   10.49096      
# span 20 =  315.81864,  319.90716      
# span 21 =     4.3659,     4.8589      
# span 22 =   16.23246,   16.42888      
# span 23 = 2.9065e-01, 3.2071e+01      
# span 24 =     0.2784,     0.4573      
# span 25 =    -0.2572,     8.6731      
# span 26 = 0.0000e+00, 0.0000e+00      
# interval = meters: 1                  
# start_time = Feb 15 2014 14:56:51 [Instrument's time stamp, header]
# bad_flag = -9.990e-29
*END*
         18  46.622863    0.00121     0.0727      4.363      1.010  50637.766    31.3503     4.4752      1.000     4.4306    24.8371     6.3073     9.0137     85.926    274.858    281.682    0.01466    7.34096   10.49096  319.90716     4.4751   16.42888 3.0506e+01     0.4573     8.6731 0.0000e+00
        299  46.623673    0.02066     1.2397     74.379      2.019  51514.117    31.9158     4.3660      2.000     4.4940    25.2971     5.7176     8.1710     77.986    249.047    255.349   -0.00606    7.33180   10.47788  319.35867     4.3659   16.40051 3.2071e+01     0.4001    -0.2572 0.0000e+00
        271  46.623595    0.01876     1.1259     67.553      3.029  51285.876    31.8047     4.5603      3.000     4.6025    25.1893     5.9073     8.4421     80.892    257.337    263.819    0.00217    7.30291   10.43659  318.13438     4.5601   16.34271 2.4907e+01     0.4035     0.7554 0.0000e+00
        274  46.623603    0.01897     1.1380     68.281      4.037  51228.052    31.7763     4.6116      4.000     4.6253    25.1615     6.1754     8.8252     84.651    269.023    275.792    0.01284    7.29524   10.42564  317.80940     4.6114   16.32736 2.0784e+01     0.4024     0.7468 0.0000e+00
        277  46.623612    0.01918     1.1508     69.050      5.047  51213.097    31.7699     4.6306      5.000     4.6371    25.1544     6.5079     9.3005     89.246    283.514    290.646    0.02481    7.29221   10.42130  317.67914     4.6303   16.32120 1.7536e+01     0.4129     0.7440 0.0000e+00
        281  46.623622    0.01942     1.1651     69.909      6.057  51205.872    31.7667     4.6407      6.000     4.6432    25.1508     6.8373     9.7712     93.783    297.863    305.355    0.03490    7.29060   10.41899  317.60999     4.6403   16.31792 1.5241e+01     0.4124     0.7431 0.0000e+00
        284  46.623632    0.01968     1.1811     70.867      7.066  51202.624    31.7649     4.6448      7.000     4.6449    25.1490     7.0492    10.0740     96.697    307.094    314.817    0.03832    7.28998   10.41810  317.58322     4.6443   16.31665 1.3465e+01     0.4149     0.7538 0.0000e+00
        288  46.623644    0.01994     1.1967     71.803      8.076  51203.304    31.7651     4.6458      8.000     4.6456    25.1490     7.1363    10.1985     97.895    310.890    318.709    0.03609    7.28980   10.41784  317.57534     4.6452   16.31628 1.1978e+01     0.4006     0.7597 0.0000e+00
        291  46.623653    0.02017     1.2102     72.611      9.085  51205.782    31.7664     4.6468      9.000     4.6470    25.1500     7.1849    10.2680     98.565    313.008    320.880    0.03320    7.28954   10.41749  317.56447     4.6461   16.31575 1.0711e+01     0.3836     0.7538 0.0000e+00
        294  46.623661    0.02036     1.2217     73.303     10.094  51203.637    31.7647     4.6476     10.000     4.6462    25.1486     7.2423    10.3500     99.353    315.509    323.443    0.03168    7.28949   10.41741  317.56231     4.6469   16.31566 9.5566e+00     0.3787     0.7464 0.0000e+00
        297  46.623668    0.02055     1.2326     73.958     11.104  51205.002    31.7650     4.6468     11.000     4.6452    25.1489     7.3044    10.4388    100.204    318.214    326.216    0.03075    7.28961   10.41759  317.56777     4.6460   16.31592 8.5790e+00     0.3828     0.7446 0.0000e+00
        300  46.623677    0.02073     1.2442     74.650     12.114  51205.930    31.7648     4.6456     12.000     4.6439    25.1489     7.3571    10.5141    100.923    320.510    328.570    0.02943    7.28984   10.41790  317.57724     4.6448   16.31637 7.7424e+00     0.3916     0.7439 0.0000e+00
        303  46.623685    0.02095     1.2574     75.446     13.123  51210.097    31.7670     4.6448     13.000     4.6453    25.1507     7.3852    10.5542    101.308    321.732    329.823    0.02679    7.28988   10.41796  317.57851     4.6439   16.31642 7.0068e+00     0.3986     0.7416 0.0000e+00
        307  46.623697    0.02122     1.2735     76.408     14.133  51217.542    31.7727     4.6496     14.000     4.6544    25.1547     7.3849    10.5538    101.319    321.717    329.810    0.02263    7.28874   10.41634  317.52784     4.6487   16.31399 6.2885e+00     0.3956     0.7357 0.0000e+00
        311  46.623708    0.02150     1.2898     77.386     15.143  51214.135    31.7723     4.6607     15.000     4.6632    25.1533     7.3873    10.5572    101.380    321.823    329.918    0.01917    7.28681   10.41357  317.44405     4.6597   16.31000 5.5351e+00     0.3839     0.7337 0.0000e+00
        314  46.623718    0.02173     1.3038     78.230     16.152  51210.094    31.7701     4.6655     16.000     4.6655    25.1511     7.4103    10.5900    101.705    322.822    330.941    0.01741    7.28607   10.41253  317.41284     4.6645   16.30852 4.8617e+00     0.3726     0.7445 0.0000e+00
        317  46.623727    0.02194     1.3165     78.992     17.161  51210.007    31.7699     4.6670     17.000     4.6663    25.1507     7.4374    10.6288    102.080    324.005    332.154    0.01631    7.28583   10.41217  317.40215     4.6659   16.30802 4.2955e+00     0.3618     0.7585 0.0000e+00
        320  46.623735    0.02214     1.3289     79.731     18.171  51209.605    31.7692     4.6675     18.000     4.6660    25.1501     7.4619    10.6638    102.417    325.073    333.249    0.01530    7.28576   10.41208  317.39933     4.6664   16.30788 3.8082e+00     0.3532     0.7509 0.0000e+00
        323  46.623744    0.02235     1.3413     80.478     19.180  51210.171    31.7690     4.6670     19.000     4.6653    25.1500     7.4820    10.6926    102.692    325.950    334.149    0.01422    7.28586   10.41222  317.40380     4.6658   16.30810 3.3771e+00     0.3518     0.7421 0.0000e+00
        326  46.623753    0.02257     1.3543     81.256     20.190  51212.420    31.7700     4.6666     20.000     4.6657    25.1508     7.4935    10.7089    102.849    326.448    334.658    0.01285    7.28590   10.41227  317.40506     4.6652   16.30815 2.9780e+00     0.3564     0.7428 0.0000e+00
        329  46.623763    0.02280     1.3680     82.081     21.199  51217.441    31.7733     4.6684     21.000     4.6704    25.1533     7.5004    10.7188    102.951    326.749    334.967    0.01139    7.28543   10.41160  317.38390     4.6669   16.30713 2.6084e+00     0.3649     0.7497 0.0000e+00
        333  46.623773    0.02306     1.3832     82.989     22.209  51234.498    31.7864     4.6772     22.000     4.6906    25.1629     7.5062    10.7271    103.061    326.998    335.227    0.00999    7.28323   10.40847  317.28544     4.6757   16.30239 2.2786e+00     0.3575     0.7465 0.0000e+00
        337  46.623785    0.02333     1.4003     84.017     23.218  51256.760    31.8104     4.7182     23.000     4.7428    25.1776     7.5249    10.7538    103.436    327.807    336.060    0.00936    7.27489   10.39655  316.91736     4.7165   16.28478 2.0008e+00     0.3314     0.7488 0.0000e+00
        341  46.623796    0.02360     1.4160     84.963     24.227  51243.849    31.8116     4.7655     24.000     4.7820    25.1735     7.5526    10.7934    103.937    329.017    337.300    0.00942    7.26655   10.38463  316.55526     4.7638   16.26754 1.7561e+00     0.3192     0.7513 0.0000e+00
        344  46.623805    0.02381     1.4285     85.711     25.237  51236.879    31.8121     4.7916     25.000     4.8020    25.1712     7.5631    10.8085    104.148    329.477    337.770    0.00891    7.26197   10.37807  316.35640     4.7899   16.25808 1.5389e+00     0.3095     0.7578 0.0000e+00
        346  46.623812    0.02399     1.4396     86.373     26.247  51228.418    31.8093     4.8072     26.000     4.8119    25.1673     7.5640    10.8098    104.197    329.519    337.811    0.00807    7.25938   10.37438  316.24506     4.8054   16.25279 1.3476e+00     0.2957     0.7708 0.0000e+00
        349  46.623820    0.02419     1.4510     87.060     27.257  51226.875    31.8097     4.8158     27.000     4.8191    25.1667     7.5579    10.8011    104.134    329.250    337.536    0.00696    7.25787   10.37223  316.17942     4.8139   16.24967 1.1841e+00     0.2923     0.7807 0.0000e+00
        353  46.623831    0.02444     1.4662     87.974     28.266  51229.431    31.8132     4.8260     28.000     4.8291    25.1684     7.5509    10.7910    104.065    328.944    337.224    0.00567    7.25591   10.36943  316.09360     4.8241   16.24557 1.0436e+00     0.3053     0.8035 0.0000e+00
        358  46.623844    0.02476     1.4854     89.126     29.276  51224.254    31.8112     4.8354     29.000     4.8347    25.1658     7.5507    10.7907    104.085    328.936    337.214    0.00466    7.25439   10.36724  316.02767     4.8333   16.24244 9.0569e-01     0.3112     0.8433 0.0000e+00
        361  46.623855    0.02503     1.5018     90.109     30.285  51224.486    31.8114     4.8376     30.000     4.8364    25.1658     7.5461    10.7842    104.027    328.738    337.011    0.00372    7.25399   10.36668  316.01048     4.8355   16.24162 7.7823e-01     0.3045     0.8937 0.0000e+00
        365  46.623865    0.02526     1.5154     90.923     31.295  51224.840    31.8115     4.8391     31.000     4.8375    25.1656     7.5436    10.7806    103.996    328.628    336.898    0.00309    7.25372   10.36630  315.99892     4.8369   16.24107 6.7213e-01     0.3099     0.8988 0.0000e+00
        368  46.623874    0.02548     1.5284     91.706     32.304  51225.827    31.8118     4.8401     32.000     4.8383    25.1659     7.5419    10.7781    103.975    328.553    336.821    0.00258    7.25354   10.36603  315.99090     4.8378   16.24068 5.8195e-01     0.3143     0.8952 0.0000e+00
        371  46.623883    0.02568     1.5413     92.477     33.314  51227.042    31.8124     4.8408     33.000     4.8400    25.1662     7.5404    10.7759    103.957    328.486    336.753    0.00216    7.25337   10.36579  315.98339     4.8385   16.24032 5.0488e-01     0.3079     0.8994 0.0000e+00
        374  46.623892    0.02590     1.5539     93.235     34.324  51232.788    31.8165     4.8441     34.000     4.8457    25.1691     7.5414    10.7773    103.981    328.528    336.796    0.00189    7.25261   10.36471  315.94957     4.8417   16.23870 4.3882e-01     0.2894     0.8938 0.0000e+00
        377  46.623901    0.02613     1.5679     94.076     35.334  51230.905    31.8161     4.8504     35.000     4.8508    25.1682     7.5536    10.7948    104.165    329.061    337.342    0.00211    7.25153   10.36316  315.90251     4.8479   16.23646 3.8302e-01     0.2784     0.9063 0.0000e+00
        381  46.623913    0.02642     1.5853     95.119     36.343  51230.338    31.8165     4.8561     36.000     4.8560    25.1679     7.5680    10.8155    104.379    329.691    337.988    0.00239    7.25052   10.36172  315.85871     4.8536   16.23437 3.3422e-01     0.2833     0.8884 0.0000e+00
        386  46.623927    0.02675     1.6045     96.268     37.352  51229.043    31.8163     4.8615     37.000     4.8600    25.1672     7.5694    10.8175    104.412    329.751    338.050    0.00204    7.24959   10.36040  315.81864     4.8589   16.23246 2.9065e-01     0.2837     0.8875 0.0000e+00
