CTD-processing/allCTD/CNV/2014_07-23_t6_s18_cast213_4141.cnv
* Sea-Bird SBE19plus Data File:
* FileName = C:\Users\kris.holderied\Documents\kasitsna\Research-Projects-and-Data\Oceanography-AK\CTD-Data-ALL-to-2014-06\2014-CTD-KachemakBay-CookInlet\2014-07-EVOSTC-CookInlet-quarterly\2014-07-23-CookInlet-Tran6-Douglas\2014-07-23-CookInlet-Tran6-cast213.hex
* Software Version 1.59
* Temperature SN =  4141
* Conductivity SN =  4141
* System UpLoad Time = Jul 23 2014 23:41:03
** Cook Inlet LTM Transect 6 (Douglas) East to West
** Date: 07-23
** Station: 6-18
** Start time: 15:51
** Depth (m): 176
** Comment:  CTD time is Alaska Daylight time.  Transducer  depth (transducer is 9 ft).
** Comment:
# nquan = 27
# nvalues = 174                         
# units = specified
# name 0 = scan: Scan Count
# name 1 = timeJ: Julian Days
# name 2 = timeH: Time, Elapsed [hours]
# name 3 = timeM: Time, Elapsed [minutes]
# name 4 = timeS: Time, Elapsed [seconds]
# name 5 = prdM: Pressure, Strain Gauge [db]
# name 6 = specc: Specific Conductance [uS/cm]
# name 7 = sal00: Salinity, Practical [PSU]
# name 8 = tv290C: Temperature [ITS-90, deg C]
# name 9 = depSM: Depth [salt water, m], lat = 59.00
# name 10 = potemp090C: Potential Temperature [ITS-90, deg C]
# name 11 = sigma-é00: Density [sigma-theta, kg/m^3]
# name 12 = sbeox0ML/L: Oxygen, SBE 43 [ml/l]
# name 13 = sbeox0Mg/L: Oxygen, SBE 43 [mg/l]
# name 14 = sbeox0PS: Oxygen, SBE 43 [% saturation]
# name 15 = sbox0Mm/Kg: Oxygen, SBE 43 [umol/kg]
# name 16 = sbeox0Mm/L: Oxygen, SBE 43 [umol/l]
# name 17 = sbox0dV/dT: Oxygen, SBE 43 [dov/dt]
# name 18 = oxsolML/L: Oxygen Saturation, Garcia & Gordon [ml/l]
# name 19 = oxsolMg/L: Oxygen Saturation, Garcia & Gordon [mg/l]
# name 20 = oxsolMm/Kg: Oxygen Saturation, Garcia & Gordon [umol/kg]
# name 21 = n2satMg/L: Nitrogen Saturation [mg/l]
# name 22 = par: PAR/Irradiance, Biospherical/Licor
# name 23 = wetStar: Fluorescence, WET Labs WETstar [mg/m^3]
# name 24 = CStarAt0: Beam Attenuation, WET Labs C-Star [1/m]
# name 25 = CStarTr0: Beam Transmission, WET Labs C-Star [%]
# name 26 = flag: flag
# span 0 =         59,        982       
# span 1 = 204.660965, 204.663638       
# span 2 =    0.00400,    0.06816       
# span 3 =     0.2402,     4.0892       
# span 4 =     14.414,    245.354       
# span 5 =      1.007,    175.681       
# span 6 =  49694.758,  51598.040       
# span 7 =    31.7754,    32.4134       
# span 8 =     6.8464,    11.2696       
# span 9 =      1.000,    174.000       
# span 10 =     6.8291,    11.2643      
# span 11 =    24.2455,    25.4009      
# span 12 =     5.3986,     6.7926      
# span 13 =     7.7151,     9.7072      
# span 14 =     78.389,    107.598      
# span 15 =    235.129,    296.091      
# span 16 =    241.100,    303.354      
# span 17 =   -0.05108,    0.00838      
# span 18 =    6.26298,    6.89157      
# span 19 =    8.95043,    9.84874      
# span 20 =  273.04291,  300.15400      
# span 21 =   14.18926,   15.48370      
# span 22 = -3.363e+00, 5.0643e+02      
# span 23 =     0.6235,     7.2254      
# span 24 =     0.2156,     0.8689      
# span 25 =    80.4755,    94.7522      
# span 26 = 0.0000e+00, 0.0000e+00      
# interval = meters: 1                  
# start_time = Jul 23 2014 15:51:33 [Instrument's time stamp, header]
# bad_flag = -9.990e-29
*END*
[from data line 162]
        934 204.663497    0.06477     3.8861    233.166    164.609  51589.088    32.4093     6.8570    163.000     6.8415    25.3993     5.4059     7.7256     78.462    235.449    241.429   -0.00018    6.88980    9.84621  300.07666   15.48000 4.9327e-02     0.7097     0.4264    89.8879 0.0000e+00
        937 204.663508    0.06502     3.9011    234.068    165.603  51591.284    32.4101     6.8558    164.000     6.8407    25.4001     5.4124     7.7348     78.555    235.729    241.716    0.00055    6.88994    9.84640  300.08236   15.48027 4.9403e-02     0.7105     0.4275    89.8625 0.0000e+00
        944 204.663528    0.06551     3.9304    235.822    166.632  51592.275    32.4101     6.8543    165.000     6.8392    25.4002     5.4113     7.7334     78.538    235.686    241.673    0.00016    6.89018    9.84676  300.09300   15.48078 4.9376e-02     0.7182     0.4199    90.0335 0.0000e+00
        949 204.663542    0.06584     3.9506    237.036    167.642  51593.365    32.4102     6.8535    166.000     6.8383    25.4006     5.4029     7.7213     78.413    235.316    241.293   -0.00109    6.89030    9.84693  300.09833   15.48102 4.9427e-02     0.7229     0.4252    89.9156 0.0000e+00
        952 204.663550    0.06605     3.9632    237.790    168.637  51592.346    32.4089     6.8527    167.000     6.8365    25.3995     5.4080     7.7286     78.485    235.539    241.521   -0.00053    6.89050    9.84721  300.10701   15.48145 4.9437e-02     0.7164     0.4283    89.8455 0.0000e+00
        956 204.663562    0.06632     3.9792    238.752    169.648  51595.629    32.4104     6.8512    168.000     6.8364    25.4009     5.4118     7.7340     78.538    235.704    241.691    0.00023    6.89065    9.84744  300.11351   15.48175 4.9460e-02     0.7150     0.4262    89.8924 0.0000e+00
        961 204.663577    0.06670     4.0015    240.092    170.665  51595.020    32.4095     6.8514    169.000     6.8358    25.4003     5.4079     7.7285     78.483    235.538    241.520   -0.00040    6.89067    9.84745  300.11425   15.48179 4.9390e-02     0.7102     0.4240    89.9427 0.0000e+00
        967 204.663593    0.06706     4.0239    241.435    171.678  51595.804    32.4093     6.8500    170.000     6.8346    25.4003     5.4112     7.7331     78.527    235.677    241.663   -0.00006    6.89089    9.84777  300.12386   15.48225 4.9407e-02     0.7185     0.4257    89.9052 0.0000e+00
        971 204.663606    0.06738     4.0429    242.572    172.689  51596.713    32.4094     6.8495    171.000     6.8339    25.4004     5.4171     7.7415     78.611    235.933    241.926    0.00065    6.89097    9.84789  300.12738   15.48242 4.9411e-02     0.7114     0.4238    89.9472 0.0000e+00
        975 204.663618    0.06765     4.0592    243.552    173.699  51597.395    32.4093     6.8486    172.000     6.8327    25.4005     5.4184     7.7433     78.628    235.990    241.985    0.00056    6.89112    9.84810  300.13393   15.48273 4.9579e-02     0.7243     0.4296    89.8180 0.0000e+00
        979 204.663627    0.06789     4.0734    244.402    174.703  51598.040    32.4091     6.8481    173.000     6.8319    25.4004     5.4208     7.7469     78.663    236.097    242.094    0.00057    6.89121    9.84823  300.13789   15.48292 4.9698e-02     0.7156     0.4323    89.7555 0.0000e+00
        982 204.663638    0.06816     4.0892    245.354    175.681  51596.105    32.4071     6.8464    174.000     6.8291    25.3989     5.4183     7.7434     78.622    235.988    241.981    0.00020    6.89157    9.84874  300.15400   15.48370 4.3500e-02     0.6975     0.4402    89.5793 0.0000e+00
