CTD-processing/allCTD/CNV/2014_07-22_t3_s01_cast195_4141.cnv
* Sea-Bird SBE19plus Data File:
* FileName = C:\Users\kris.holderied\Documents\kasitsna\Research-Projects-and-Data\Oceanography-AK\CTD-Data-ALL-to-2014-06\2014-CTD-KachemakBay-CookInlet\2014-07-EVOSTC-CookInlet-quarterly\2014-07-22-CookInlet-Tran3-AnchorPt\2014-07-22-CookInlet-Tran3-cast195.hex
* Software Version 1.59
* Temperature SN =  4141
* Conductivity SN =  4141
* System UpLoad Time = Jul 22 2014 17:46:50
** Cook Inlet LTM Transect 3 (Anchor Pt) East to West
** Date: 07-22
** Station: 3-01
** Start time: 14:23
** Depth (m): 20.5
** Comment:  CTD time is Alaska Daylight time. CTD descent time=21 sec.
** Comment:
# nquan = 27
# nvalues = 22                          
# units = specified
# name 0 = scan: Scan Count
# name 1 = timeJ: Julian Days
# name 2 = timeH: Time, Elapsed [hours]
# name 3 = timeM: Time, Elapsed [minutes]
# name 4 = timeS: Time, Elapsed [seconds]
# name 5 = prdM: Pressure, Strain Gauge [db]
# name 6 = specc: Specific Conductance [uS/cm]
# name 7 = sal00: Salinity, Practical [PSU]
# name 8 = tv290C: Temperature [ITS-90, deg C]
# name 9 = depSM: Depth [salt water, m], lat = 59.00
# name 10 = potemp090C: Potential Temperature [ITS-90, deg C]
# name 11 = sigma-é00: Density [sigma-theta, kg/m^3]
# name 12 = sbeox0ML/L: Oxygen, SBE 43 [ml/l]
# name 13 = sbeox0Mg/L: Oxygen, SBE 43 [mg/l]
# name 14 = sbeox0PS: Oxygen, SBE 43 [% saturation]
# name 15 = sbox0Mm/Kg: Oxygen, SBE 43 [umol/kg]
# name 16 = sbeox0Mm/L: Oxygen, SBE 43 [umol/l]
# name 17 = sbox0dV/dT: Oxygen, SBE 43 [dov/dt]
# name 18 = oxsolML/L: Oxygen Saturation, Garcia & Gordon [ml/l]
# name 19 = oxsolMg/L: Oxygen Saturation, Garcia & Gordon [mg/l]
# name 20 = oxsolMm/Kg: Oxygen Saturation, Garcia & Gordon [umol/kg]
# name 21 = n2satMg/L: Nitrogen Saturation [mg/l]
# name 22 = par: PAR/Irradiance, Biospherical/Licor
# name 23 = wetStar: Fluorescence, WET Labs WETstar [mg/m^3]
# name 24 = CStarAt0: Beam Attenuation, WET Labs C-Star [1/m]
# name 25 = CStarTr0: Beam Transmission, WET Labs C-Star [%]
# name 26 = flag: flag
# span 0 =        121,        434       
# span 1 = 203.599999, 203.600907       
# span 2 =    0.00832,    0.03009       
# span 3 =     0.4993,     1.8056       
# span 4 =     29.962,    108.335       
# span 5 =      1.009,     22.117       
# span 6 =  45039.274,  45920.856       
# span 7 =    28.5725,    29.1503       
# span 8 =    11.5858,    11.9490       
# span 9 =      1.000,     22.000       
# span 10 =    11.5831,    11.9297      
# span 11 =    21.6119,    22.1243      
# span 12 =     5.2293,     6.0566      
# span 13 =     7.4731,     8.6555      
# span 14 =     82.853,     95.676      
# span 15 =    228.583,    264.632      
# span 16 =    233.538,    270.487      
# span 17 =   -0.01216,    0.00814      
# span 18 =    6.30848,    6.33463      
# span 19 =    9.01545,    9.05282      
# span 20 =  275.77679,  276.81214      
# span 21 =   14.33400,   14.38185      
# span 22 = 4.9825e-02, 2.1973e+02      
# span 23 =     0.9900,     1.5030      
# span 24 =     3.5353,     4.1405      
# span 25 =    35.5314,    41.3180      
# span 26 = 0.0000e+00, 0.0000e+00      
# interval = meters: 1                  
# start_time = Jul 22 2014 14:23:30 [Instrument's time stamp, header]
# bad_flag = -9.990e-29
*END*
        121 203.599999    0.00832     0.4993     29.962      1.009  45148.926    28.6457    11.9068      1.000    11.9068    21.6761     5.2293     7.4731     82.853    228.583    233.538   -0.01216    6.31122    9.01937  275.87906   14.33861 2.1973e+02     0.9900     4.1405    35.5314 0.0000e+00
        371 203.600723    0.02569     1.5415     92.490      2.025  45039.274    28.5725    11.9490      2.000    11.9297    21.6119     5.6074     8.0135     88.883    245.126    250.424   -0.00606    6.30848    9.01545  275.77679   14.33400 8.7597e+01     1.2909     3.9710    37.0511 0.0000e+00
        363 203.600700    0.02512     1.5071     90.425      3.033  45322.226    28.7593    11.8230      3.000    11.7366    21.7790     6.0447     8.6385     95.676    264.202    269.957   -0.00237    6.31799    9.02903  276.14710   14.35099 3.6471e+01     1.1892     3.8684    38.0265 0.0000e+00
        363 203.600701    0.02517     1.5101     90.606      4.036  45507.650    28.8782    11.7053      4.000    11.6804    21.8920     5.9866     8.5555     94.589    261.635    267.363   -0.00657    6.32912    9.04495  276.60314   14.37237 1.5915e+01     1.2889     3.7206    39.4502 0.0000e+00
        367 203.600712    0.02543     1.5256     91.539      5.044  45571.868    28.9197    11.6709      5.000    11.6603    21.9302     5.9812     8.5477     94.458    261.387    267.119   -0.00622    6.33212    9.04922  276.72363   14.37797 7.1614e+00     1.4359     3.6929    39.7235 0.0000e+00
        371 203.600724    0.02572     1.5435     92.611      6.057  45620.703    28.9517    11.6513      6.000    11.6443    21.9585     5.9744     8.5380     94.330    261.083    266.816   -0.00495    6.33347    9.05117  276.77544   14.38033 2.9631e+00     1.5030     3.6311    40.3423 0.0000e+00
        376 203.600738    0.02603     1.5619     93.712      7.069  45691.645    28.9996    11.6341      7.000    11.6266    21.9987     5.9644     8.5238     94.167    260.639    266.373   -0.00509    6.33389    9.05176  276.78273   14.38048 1.3153e+00     1.3904     3.6130    40.5253 0.0000e+00
        380 203.600749    0.02631     1.5785     94.710      8.081  45708.778    29.0104    11.6254      8.000    11.6221    22.0086     5.9750     8.5389     94.323    261.098    266.844   -0.00195    6.33463    9.05282  276.81214   14.38185 6.3163e-01     1.3819     3.7229    39.4309 0.0000e+00
        383 203.600759    0.02654     1.5925     95.548      9.086  45751.597    29.0397    11.6209      9.000    11.6123    22.0322     5.9735     8.5367     94.307    261.025    266.776   -0.00095    6.33407    9.05202  276.78157   14.38026 3.2382e-01     1.2914     3.8868    37.8436 0.0000e+00
        386 203.600768    0.02677     1.6060     96.362     10.093  45841.824    29.1015    11.6079     10.000    11.6015    22.0824     5.9693     8.5307     94.252    260.830    266.589   -0.00170    6.33335    9.05100  276.73655   14.37786 1.8188e-01     1.2897     4.0026    36.7649 0.0000e+00
        390 203.600778    0.02700     1.6205     97.228     11.102  45872.525    29.1220    11.6009     11.000    11.5987    22.0996     5.9694     8.5309     94.252    260.830    266.594   -0.00123    6.33347    9.05117  276.73718   14.37781 1.0317e-01     1.2399     3.9452    37.2972 0.0000e+00
        394 203.600789    0.02726     1.6360     98.158     12.108  45883.731    29.1294    11.5994     12.000    11.5967    22.1055     5.9692     8.5306     94.250    260.821    266.586   -0.00097    6.33339    9.05105  276.73190   14.37752 6.7138e-02     1.1952     3.7897    38.7741 0.0000e+00
        399 203.600803    0.02761     1.6565     99.388     13.122  45893.426    29.1356    11.5967     13.000    11.5943    22.1108     5.9783     8.5435     94.391    261.213    266.989    0.00051    6.33352    9.05122  276.73589   14.37769 5.7007e-02     1.2011     3.6801    39.8551 0.0000e+00
        404 203.600819    0.02799     1.6790    100.739     14.142  45898.167    29.1383    11.5947     14.000    11.5927    22.1133     5.9733     8.5365     94.311    260.999    266.769   -0.00020    6.33368    9.05146  276.74222   14.37798 5.3829e-02     1.2133     3.5353    41.3180 0.0000e+00
        407 203.600829    0.02822     1.6933    101.599     15.146  45900.413    29.1395    11.5944     15.000    11.5922    22.1143     5.9680     8.5288     94.226    260.762    266.529   -0.00155    6.33367    9.05145  276.74185   14.37796 5.1487e-02     1.2294     3.7494    39.1770 0.0000e+00
        410 203.600838    0.02844     1.7062    102.374     16.153  45902.615    29.1406    11.5939     16.000    11.5917    22.1153     5.9734     8.5365     94.311    260.999    266.770   -0.00040    6.33368    9.05148  276.74231   14.37798 5.0652e-02     1.1794     3.8866    37.8505 0.0000e+00
        414 203.600847    0.02865     1.7189    103.132     17.157  45904.881    29.1418    11.5934     17.000    11.5909    22.1163     5.9711     8.5333     94.275    260.899    266.669   -0.00034    6.33371    9.05151  276.74319   14.37802 5.0486e-02     1.2081     3.9163    37.5667 0.0000e+00
        417 203.600857    0.02889     1.7336    104.013     18.161  45906.133    29.1422    11.5928     18.000    11.5903    22.1168     5.9655     8.5254     94.186    260.657    266.422   -0.00147    6.33377    9.05160  276.74549   14.37813 4.9870e-02     1.2054     3.8247    38.4382 0.0000e+00
        422 203.600872    0.02926     1.7556    105.333     19.181  45911.026    29.1451    11.5911     19.000    11.5877    22.1193     5.9642     8.5235     94.164    260.599    266.363   -0.00119    6.33389    9.05176  276.74982   14.37832 4.9825e-02     1.1805     3.5996    40.6852 0.0000e+00
        427 203.600886    0.02961     1.7766    106.597     20.197  45916.492    29.1483    11.5887     20.000    11.5856    22.1223     5.9731     8.5362     94.301    260.986    266.760    0.00050    6.33408    9.05204  276.75752   14.37867 5.0124e-02     1.1945     3.5605    41.0652 0.0000e+00
        431 203.600897    0.02986     1.7916    107.493     21.196  45918.181    29.1490    11.5875     21.000    11.5841    22.1230     5.9788     8.5442     94.388    261.232    267.012    0.00105    6.33421    9.05223  276.76317   14.37894 5.0870e-02     1.2029     3.7978    38.7011 0.0000e+00
        434 203.600907    0.03009     1.8056    108.335     22.117  45920.856    29.1503    11.5858     22.000    11.5831    22.1243     6.0566     8.6555     95.615    264.632    270.487    0.00814    6.33439    9.05248  276.77079   14.37931 5.2065e-02     1.1645     4.0480    36.3173 0.0000e+00
