CTD-processing/allCTD/CNV/2014_08-14_alongbay_skb06_cast048_4141.cnv
* Sea-Bird SBE19plus Data File:
* FileName = C:\Users\kris.holderied\Documents\kasitsna\Research-Projects-and-Data\Oceanography-AK\CTD-Data-ALL-to-2014-06\2014-CTD-KachemakBay-CookInlet\2014-08-14-KachemakBay-AlongBayLine\2014-08-14-KachemakBay-AlongBay-cast048.hex
* Software Version 1.59
* Temperature SN =  4141
* Conductivity SN =  4141
* System UpLoad Time = Oct 13 2014 01:25:52
** Kachemak Bay Along-bay Line West to East
** Date: 08-14
** Station: KB06
** Start time: 12:39
** Depth (m): 94.2
** Comment:  CTD time is Alaska Daylight time.  R/V Barnacle. Transducer  depth.
** Comment:
# nquan = 27
# nvalues = 96                          
# units = specified
# name 0 = scan: Scan Count
# name 1 = timeJ: Julian Days
# name 2 = timeH: Time, Elapsed [hours]
# name 3 = timeM: Time, Elapsed [minutes]
# name 4 = timeS: Time, Elapsed [seconds]
# name 5 = prdM: Pressure, Strain Gauge [db]
# name 6 = specc: Specific Conductance [uS/cm]
# name 7 = sal00: Salinity, Practical [PSU]
# name 8 = tv290C: Temperature [ITS-90, deg C]
# name 9 = depSM: Depth [salt water, m], lat = 59.00
# name 10 = potemp090C: Potential Temperature [ITS-90, deg C]
# name 11 = sigma-é00: Density [sigma-theta, kg/m^3]
# name 12 = sbeox0ML/L: Oxygen, SBE 43 [ml/l]
# name 13 = sbeox0Mg/L: Oxygen, SBE 43 [mg/l]
# name 14 = sbeox0PS: Oxygen, SBE 43 [% saturation]
# name 15 = sbox0Mm/Kg: Oxygen, SBE 43 [umol/kg]
# name 16 = sbeox0Mm/L: Oxygen, SBE 43 [umol/l]
# name 17 = sbox0dV/dT: Oxygen, SBE 43 [dov/dt]
# name 18 = oxsolML/L: Oxygen Saturation, Garcia & Gordon [ml/l]
# name 19 = oxsolMg/L: Oxygen Saturation, Garcia & Gordon [mg/l]
# name 20 = oxsolMm/Kg: Oxygen Saturation, Garcia & Gordon [umol/kg]
# name 21 = n2satMg/L: Nitrogen Saturation [mg/l]
# name 22 = par: PAR/Irradiance, Biospherical/Licor
# name 23 = wetStar: Fluorescence, WET Labs WETstar [mg/m^3]
# name 24 = CStarAt0: Beam Attenuation, WET Labs C-Star [1/m]
# name 25 = CStarTr0: Beam Transmission, WET Labs C-Star [%]
# name 26 = flag: flag
# span 0 =        264,        597       
# span 1 = 226.528978, 226.529940       
# span 2 =    0.01824,    0.04136       
# span 3 =     1.0946,     2.4815       
# span 4 =     65.677,    148.894       
# span 5 =      1.020,     96.856       
# span 6 =  40849.588,  49181.397       
# span 7 =    25.6504,    31.2780       
# span 8 =    10.2894,    11.9474       
# span 9 =      1.000,     96.000       
# span 10 =    10.2871,    11.8568      
# span 11 =    19.3491,    23.9991      
# span 12 =     5.7211,     6.4325      
# span 13 =     8.1760,     9.1927      
# span 14 =     89.076,    101.593      
# span 15 =    249.517,    281.028      
# span 16 =    255.504,    287.277      
# span 17 =   -0.02256,    0.01692      
# span 18 =    6.31053,    6.42673      
# span 19 =    9.01837,    9.18445      
# span 20 =  275.34856,  281.53749      
# span 21 =   14.30419,   14.62188      
# span 22 = 3.6374e-02, 1.0800e+02      
# span 23 =     0.6517,     3.0287      
# span 24 =     0.4833,     2.1947      
# span 25 =    57.7725,    88.6180      
# span 26 = 0.0000e+00, 0.0000e+00      
# interval = meters: 1                  
# start_time = Aug 14 2014 12:40:38 [Instrument's time stamp, header]
# bad_flag = -9.990e-29
*END*
[from data line 54]
        480 226.529603    0.03324     1.9945    119.667     55.528  48704.129    31.0476    11.0750     55.000    11.0674    23.6877     5.8721     8.3918     92.801    256.178    262.247   -0.00076    6.32759    9.04275  276.05091   14.33720 3.6381e-02     0.6970     0.5761    86.5853 0.0000e+00
        482 226.529610    0.03343     2.0058    120.349     56.534  48711.690    31.0525    11.0743     56.000    11.0697    23.6916     5.8637     8.3800     92.672    255.815    261.876   -0.00181    6.32748    9.04260  276.04530   14.33692 3.6382e-02     0.7233     0.5875    86.3406 0.0000e+00
        485 226.529619    0.03362     2.0174    121.045     57.544  48709.625    31.0509    11.0768     57.000    11.0702    23.6900     5.8517     8.3626     92.484    255.288    261.336   -0.00354    6.32720    9.04221  276.03353   14.33636 3.6382e-02     0.6660     0.5812    86.4759 0.0000e+00
        488 226.529627    0.03382     2.0292    121.755     58.554  48711.461    31.0518    11.0771     58.000    11.0705    23.6906     5.8471     8.3562     92.414    255.091    261.135   -0.00371    6.32713    9.04210  276.03028   14.33620 3.6382e-02     0.6980     0.5847    86.4004 0.0000e+00
        491 226.529635    0.03403     2.0415    122.487     59.567  48714.435    31.0536    11.0778     59.000    11.0708    23.6919     5.8394     8.3450     92.293    254.750    260.786   -0.00379    6.32697    9.04186  276.02274   14.33584 3.6382e-02     0.6708     0.5859    86.3747 0.0000e+00
        494 226.529643    0.03423     2.0534    123.206     60.574  48714.496    31.0531    11.0770     60.000    11.0653    23.6917     5.8290     8.3301     92.127    254.297    260.321   -0.00467    6.32710    9.04205  276.02867   14.33612 3.6382e-02     0.7019     0.5818    86.4636 0.0000e+00
        497 226.529652    0.03443     2.0656    123.937     61.585  48708.348    31.0475    11.0688     61.000    11.0536    23.6887     5.8227     8.3212     92.010    254.025    260.043   -0.00485    6.32843    9.04395  276.08720   14.33895 3.6382e-02     0.7046     0.5952    86.1753 0.0000e+00
        500 226.529660    0.03463     2.0778    124.667     62.595  48719.401    31.0538    11.0590     62.000    11.0516    23.6953     5.8116     8.3053     91.817    253.536    259.544   -0.00536    6.32951    9.04550  276.13288   14.34111 3.6382e-02     0.7307     0.6070    85.9208 0.0000e+00
        503 226.529669    0.03483     2.0898    125.388     63.606  48720.095    31.0540    11.0598     63.000    11.0525    23.6954     5.7957     8.2826     91.568    252.844    258.835   -0.00662    6.32941    9.04535  276.12811   14.34088 3.6382e-02     0.7845     0.6245    85.5453 0.0000e+00
        505 226.529677    0.03503     2.1015    126.091     64.611  48722.274    31.0553    11.0610     64.000    11.0567    23.6962     5.7844     8.2666     91.393    252.353    258.333   -0.00726    6.32918    9.04503  276.11831   14.34040 3.6382e-02     0.7119     0.6139    85.7728 0.0000e+00
        508 226.529686    0.03523     2.1138    126.825     65.626  48719.879    31.0536    11.0650     65.000    11.0569    23.6942     5.7849     8.2671     91.407    252.373    258.353   -0.00557    6.32870    9.04433  276.09756   14.33941 3.6382e-02     0.7146     0.6009    86.0509 0.0000e+00
        511 226.529693    0.03543     2.1256    127.537     66.634  48718.150    31.0518    11.0641     66.000    11.0547    23.6930     5.7873     8.2707     91.443    252.481    258.463   -0.00358    6.32889    9.04462  276.10643   14.33985 3.6382e-02     0.7030     0.6127    85.7987 0.0000e+00
        514 226.529702    0.03562     2.1373    128.239     67.645  48725.474    31.0563    11.0616     67.000    11.0516    23.6970     5.7854     8.2680     91.411    252.398    258.379   -0.00313    6.32906    9.04487  276.11296   14.34015 3.6382e-02     0.7250     0.6300    85.4289 0.0000e+00
        517 226.529710    0.03581     2.1488    128.930     68.653  48731.389    31.0598    11.0592     68.000    11.0492    23.7001     5.7795     8.2594     91.314    252.135    258.110   -0.00331    6.32924    9.04510  276.11939   14.34044 3.6382e-02     0.6961     0.6224    85.5905 0.0000e+00
        520 226.529718    0.03601     2.1605    129.628     69.664  48735.965    31.0624    11.0564     69.000    11.0478    23.7027     5.7763     8.2550     91.261    251.999    257.972   -0.00325    6.32952    9.04551  276.13109   14.34099 3.6382e-02     0.6924     0.6131    85.7893 0.0000e+00
        522 226.529726    0.03620     2.1719    130.312     70.674  48737.845    31.0632    11.0561     70.000    11.0481    23.7034     5.7771     8.2562     91.273    252.036    258.010   -0.00266    6.32953    9.04553  276.13145   14.34100 3.6382e-02     0.7218     0.6225    85.5876 0.0000e+00
        525 226.529734    0.03639     2.1831    130.985     71.681  48738.663    31.0635    11.0566     71.000    11.0477    23.7035     5.7796     8.2596     91.313    252.141    258.118   -0.00156    6.32945    9.04541  276.12804   14.34085 3.6382e-02     0.6820     0.6260    85.5137 0.0000e+00
        528 226.529741    0.03658     2.1945    131.672     72.692  48742.148    31.0654    11.0554     72.000    11.0404    23.7052     5.7804     8.2608     91.325    252.176    258.154   -0.00112    6.32953    9.04554  276.13125   14.34099 3.6382e-02     0.7187     0.6161    85.7248 0.0000e+00
        530 226.529749    0.03677     2.2061    132.365     73.702  48734.538    31.0585    11.0455     73.000    11.0126    23.7015     5.7757     8.2540     91.227    251.971    257.942   -0.00165    6.33116    9.04787  276.20317   14.34446 3.6382e-02     0.7077     0.6221    85.5954 0.0000e+00
        533 226.529758    0.03696     2.2177    133.062     74.712  48757.844    31.0710    11.0146     74.000    10.9681    23.7167     5.7756     8.2540     91.173    251.966    257.941   -0.00228    6.33486    9.05314  276.36019   14.35193 3.6382e-02     0.7159     0.6391    85.2329 0.0000e+00
        536 226.529766    0.03715     2.2292    133.752     75.721  48771.959    31.0728    10.9467     75.000    10.8800    23.7299     5.7793     8.2592     91.098    252.122    258.105   -0.00234    6.34404    9.06627  276.75730   14.37094 3.6382e-02     0.7324     0.6620    84.7462 0.0000e+00
        539 226.529773    0.03734     2.2407    134.443     76.733  48853.670    31.1228    10.8811     76.000    10.8589    23.7801     5.7943     8.2807     91.234    252.763    258.774   -0.00126    6.35100    9.07622  277.04758   14.38464 3.6382e-02     0.7240     0.6940    84.0723 0.0000e+00
        541 226.529781    0.03753     2.2521    135.124     77.741  48874.441    31.1353    10.8653     77.000    10.8553    23.7925     5.8393     8.3450     91.919    254.724    260.784    0.00433    6.35266    9.07859  277.11650   14.38789 3.6382e-02     0.7478     0.6954    84.0436 0.0000e+00
        544 226.529790    0.03773     2.2635    135.807     78.751  48879.929    31.1387    10.8649     78.000    10.8589    23.7953     5.9011     8.4332     92.893    257.417    263.542    0.01390    6.35257    9.07846  277.11167   14.38765 3.6382e-02     0.7476     0.7053    83.8342 0.0000e+00
        547 226.529797    0.03792     2.2749    136.492     79.762  48877.783    31.1373    10.8698     79.000    10.8602    23.7934     5.9326     8.4783     93.398    258.793    264.950    0.01692    6.35196    9.07758  277.08554   14.38640 3.6382e-02     0.7354     0.7059    83.8222 0.0000e+00
        550 226.529805    0.03810     2.2862    137.173     80.770  48828.432    31.1006    10.8570     80.000    10.7835    23.7670     5.9334     8.4793     93.363    258.832    264.984    0.01297    6.35519    9.08221  277.23382   14.39365 3.6382e-02     0.6819     0.7101    83.7343 0.0000e+00
        552 226.529813    0.03829     2.2976    137.859     81.780  48852.671    31.1065    10.7637     81.000    10.6686    23.7875     5.9226     8.4640     93.010    258.358    264.503    0.00639    6.36776    9.10016  277.77656   14.41962 3.6382e-02     0.6865     0.7706    82.4817 0.0000e+00
        555 226.529821    0.03848     2.3091    138.546     82.791  48927.653    31.1457    10.6493     82.000    10.5790    23.8375     5.9090     8.4445     92.588    257.749    263.894   -0.00005    6.38193    9.12041  278.38096   14.44839 3.6385e-02     0.6910     0.8777    80.2996 0.0000e+00
        558 226.529829    0.03867     2.3204    139.224     83.801  48992.933    31.1830    10.5788     83.000    10.5196    23.8786     5.8982     8.4291     92.301    257.270    263.412   -0.00339    6.39014    9.13216  278.72834   14.46488 3.6453e-02     0.6653     0.9779    78.3150 0.0000e+00
        561 226.529837    0.03886     2.3316    139.895     84.810  48961.596    31.1517    10.5057     84.000    10.3988    23.8665     5.8818     8.4057     91.881    256.558    262.681   -0.00613    6.40156    9.14848  279.22961   14.48899 3.6393e-02     0.6637     1.1086    75.7971 0.0000e+00
        563 226.529845    0.03905     2.3430    140.577     85.819  49095.578    31.2312    10.3840     85.000    10.3370    23.9489     5.8361     8.3403     90.972    254.544    260.641   -0.01298    6.41523    9.16802  279.80360   14.51615 3.6416e-02     0.6668     1.3080    72.1072 0.0000e+00
        566 226.529852    0.03924     2.3543    141.256     86.830  49143.805    31.2597    10.3419     86.000    10.3195    23.9781     5.7778     8.2570     89.997    251.991    258.033   -0.02031    6.41994    9.17473  280.00058   14.52546 3.6410e-02     0.6802     1.5026    68.6879 0.0000e+00
        569 226.529860    0.03942     2.3655    141.931     87.839  49159.653    31.2688    10.3280     87.000    10.3131    23.9875     5.7394     8.2022     89.377    250.316    256.321   -0.02256    6.42151    9.17697  280.06630   14.52857 3.6558e-02     0.6517     1.6020    67.0022 0.0000e+00
        571 226.529868    0.03961     2.3769    142.612     88.849  49165.838    31.2719    10.3215     88.000    10.3085    23.9910     5.7215     8.1766     89.088    249.536    255.522   -0.02075    6.42229    9.17811  280.09982   14.53016 3.6537e-02     0.7535     1.6441    66.2963 0.0000e+00
        574 226.529876    0.03980     2.3884    143.302     89.858  49170.002    31.2740    10.3180     89.000    10.3072    23.9933     5.7211     8.1760     89.076    249.517    255.504   -0.01596    6.42268    9.17866  280.11637   14.53095 3.6400e-02     0.7201     1.7231    65.0008 0.0000e+00
        577 226.529884    0.04000     2.4001    144.004     90.869  49171.791    31.2747    10.3173     90.000    10.3068    23.9940     5.7249     8.1816     89.136    249.686    255.677   -0.01142    6.42276    9.17877  280.11946   14.53109 3.6532e-02     0.6999     1.7239    64.9873 0.0000e+00
        580 226.529892    0.04020     2.4118    144.708     91.878  49172.502    31.2748    10.3171     91.000    10.3065    23.9941     5.7313     8.1907     89.234    249.962    255.960   -0.00773    6.42278    9.17881  280.12036   14.53113 3.6929e-02     0.6966     1.7466    64.6200 0.0000e+00
        583 226.529901    0.04039     2.4235    145.411     92.889  49172.235    31.2742    10.3169     92.000    10.3050    23.9936     5.7394     8.2022     89.359    250.316    256.323   -0.00461    6.42284    9.17888  280.12299   14.53126 3.6581e-02     0.6800     1.7633    64.3505 0.0000e+00
        585 226.529908    0.04059     2.4352    146.114     93.898  49166.850    31.2696    10.3146     93.000    10.2945    23.9906     5.7476     8.2140     89.481    250.676    256.690   -0.00222    6.42334    9.17961  280.14568   14.53237 3.6961e-02     0.7098     1.7954    63.8361 0.0000e+00
        588 226.529917    0.04078     2.4471    146.826     94.908  49181.397    31.2780    10.3025     94.000    10.2902    23.9991     5.7514     8.2193     89.520    250.836    256.856   -0.00112    6.42470    9.18154  280.20251   14.53505 3.6812e-02     0.6894     2.0521    59.8716 0.0000e+00
        591 226.529926    0.04099     2.4598    147.586     95.896  49180.931    31.2770    10.3004     95.000    10.2871    23.9987     5.7527     8.2212     89.535    250.894    256.915   -0.00083    6.42503    9.18202  280.21725   14.53576 3.7045e-02     0.6990     2.1596    58.2840 0.0000e+00
        597 226.529940    0.04136     2.4815    148.894     96.856  49177.203    31.2725    10.2894     96.000 -9.990e-29    23.9971     5.7565     8.2266     89.570    251.055    257.080   -0.00030    6.42673    9.18445  280.29165   14.53935 3.7380e-02     0.7437     2.1947    57.7725 0.0000e+00
