CTD-processing/allCTD/CNV/2014_02-14_t9_s10_cast179_5028.cnv
* Sea-Bird SBE19plus Data File:
* FileName = C:\Users\kris.holderied\Documents\kasitsna\Research-Projects-and-Data\Oceanography-AK\CTD-CookInlet-GulfWatchAK\2014-02-EVOSTC-CookInlet-LTM-BATCH-UPLOAD\2014-02-CookInlet-Seasonal-cast179.hex
* Software Version 1.59
* Temperature SN =  5028
* Conductivity SN =  5028
* System UpLoad Time = Apr 09 2014 20:17:30
** Cook Inlet LTM 2014 February Seasonal - Batch upload
** Date: 2013-02-15
** Station: 9-10
** Start time: 11:56
** Depth (m): 62
** CoComment:
** Comment:
# nquan = 27
# nvalues = 62                          
# units = specified
# name 0 = scan: Scan Count
# name 1 = timeJ: Julian Days
# name 2 = timeH: Time, Elapsed [hours]
# name 3 = timeM: Time, Elapsed [minutes]
# name 4 = timeS: Time, Elapsed [seconds]
# name 5 = prdM: Pressure, Strain Gauge [db]
# name 6 = specc: Specific Conductance [uS/cm]
# name 7 = sal00: Salinity, Practical [PSU]
# name 8 = tv290C: Temperature [ITS-90, deg C]
# name 9 = depSM: Depth [salt water, m], lat = 59.00
# name 10 = potemp090C: Potential Temperature [ITS-90, deg C]
# name 11 = sigma-é00: Density [sigma-theta, kg/m^3]
# name 12 = sbeox0ML/L: Oxygen, SBE 43 [ml/l]
# name 13 = sbeox0Mg/L: Oxygen, SBE 43 [mg/l]
# name 14 = sbeox0PS: Oxygen, SBE 43 [% saturation]
# name 15 = sbox0Mm/Kg: Oxygen, SBE 43 [umol/kg]
# name 16 = sbeox0Mm/L: Oxygen, SBE 43 [umol/l]
# name 17 = sbox0dV/dT: Oxygen, SBE 43 [dov/dt]
# name 18 = oxsolML/L: Oxygen Saturation, Garcia & Gordon [ml/l]
# name 19 = oxsolMg/L: Oxygen Saturation, Garcia & Gordon [mg/l]
# name 20 = oxsolMm/Kg: Oxygen Saturation, Garcia & Gordon [umol/kg]
# name 21 = potemp090C: Potential Temperature [ITS-90, deg C]
# name 22 = n2satMg/L: Nitrogen Saturation [mg/l]
# name 23 = par: PAR/Irradiance, Biospherical/Licor
# name 24 = flECO-AFL: Fluorescence, WET Labs ECO-AFL/FL [mg/m^3]
# name 25 = turbWETntu0: Turbidity, WET Labs ECO [NTU]
# name 26 = flag: flag
# span 0 =         98,        492       
# span 1 =  46.496994,  46.498135       
# span 2 =    0.00676,    0.03413       
# span 3 =     0.4053,     2.0479       
# span 4 =     24.318,    122.874       
# span 5 =      1.009,     62.595       
# span 6 =  51011.811,  51375.803       
# span 7 =    31.3711,    31.7172       
# span 8 =     3.5175,     4.3276       
# span 9 =      1.000,     62.000       
# span 10 =     3.5224,     4.3247      
# span 11 =    24.9449,    25.1615      
# span 12 =     5.9686,     7.8568      
# span 13 =     8.5297,    11.2282      
# span 14 =     79.672,    106.052      
# span 15 =    260.040,    342.297      
# span 16 =    266.557,    350.885      
# span 17 =   -0.00250,    0.04267      
# span 18 =    7.35155,    7.51284      
# span 19 =   10.50611,   10.73660      
# span 20 =  320.28323,  327.35749      
# span 21 =     3.5174,     4.3234      
# span 22 =   16.44556,   16.78307      
# span 23 = 3.7910e-02, 4.2514e+01      
# span 24 =     0.2967,     0.5420      
# span 25 =     1.4817,     2.9005      
# span 26 = 0.0000e+00, 0.0000e+00      
# interval = meters: 1                  
# start_time = Feb 15 2014 11:55:16 [Instrument's time stamp, header]
# bad_flag = -9.990e-29
*END*
         98  46.496994    0.00676     0.4053     24.318      1.009  51011.811    31.3711     3.5175      1.000     3.5224    24.9449     6.2292     8.9022     82.914    271.428    278.198   -0.00250    7.51284   10.73660  327.35749     3.5174   16.78307 4.2514e+01     0.5357     2.2876 0.0000e+00
        189  46.497257    0.01305     0.7832     46.991      2.019  51107.049    31.4388     3.5321      2.000     3.5438    24.9975     6.0627     8.6642     80.763    264.157    270.760   -0.00118    7.50669   10.72781  327.07284     3.5320   16.76927 3.1451e+01     0.5420     1.4817 0.0000e+00
        282  46.497526    0.01950     1.1704     70.221      3.029  51219.407    31.5288     3.5893      3.000     3.6232    25.0639     5.9686     8.5297     79.672    260.040    266.557   -0.00042    7.49157   10.70621  326.39282     3.5891   16.73658 2.4289e+01     0.5293     1.6027 0.0000e+00
        286  46.497537    0.01978     1.1867     71.199      4.037  51175.131    31.5085     3.6306      4.000     3.6410    25.0441     6.1343     8.7666     81.956    267.266    273.959    0.00586    7.48500   10.69681  326.11270     3.6303   16.72335 1.7896e+01     0.5298     1.6851 0.0000e+00
        288  46.497544    0.01994     1.1966     71.798      5.046  51162.654    31.5025     3.6426      5.000     3.6465    25.0383     6.3666     9.0986     85.082    277.388    284.334    0.01400    7.48308   10.69407  326.03113     3.6423   16.71950 1.3260e+01     0.5255     1.7310 0.0000e+00
        290  46.497550    0.02010     1.2061     72.367      6.056  51161.494    31.5024     3.6475      6.000     3.6499    25.0377     6.6451     9.4965     88.813    289.521    296.770    0.02343    7.48219   10.69280  325.99269     3.6471   16.71767 9.8810e+00     0.5176     1.7369 0.0000e+00
        293  46.497557    0.02027     1.2159     72.953      7.066  51160.930    31.5023     3.6506      7.000     3.6529    25.0373     6.9354     9.9115     92.701    302.172    309.737    0.03257    7.48163   10.69200  325.96828     3.6502   16.71651 7.5718e+00     0.5053     1.7038 0.0000e+00
        295  46.497565    0.02044     1.2262     73.572      8.076  51167.943    31.5074     3.6542      8.000     3.6606    25.0411     7.1840    10.2666     96.034    312.998    320.835    0.03925    7.48070   10.69068  325.92674     3.6537   16.71452 5.8630e+00     0.4918     1.6815 0.0000e+00
        298  46.497572    0.02062     1.2371     74.227      9.085  51178.087    31.5163     3.6643      9.000     3.6766    25.0472     7.3598    10.5179     98.415    320.657    328.689    0.04221    7.47840   10.68738  325.82416     3.6638   16.70960 4.6184e+00     0.4784     1.6819 0.0000e+00
        301  46.497580    0.02080     1.2482     74.892     10.095  51177.156    31.5194     3.6818     10.000     3.6924    25.0481     7.4824    10.6931    100.099    325.999    334.164    0.04267    7.47502   10.68256  325.67693     3.6812   16.70259 3.6394e+00     0.4667     1.7103 0.0000e+00
        303  46.497588    0.02098     1.2591     75.543     11.104  51161.265    31.5114     3.6950     11.000     3.6981    25.0405     7.5674    10.8146    101.263    329.704    337.960    0.04169    7.47302   10.67969  325.59199     3.6943   16.69859 2.8685e+00     0.4629     1.7147 0.0000e+00
        306  46.497595    0.02117     1.2700     76.200     12.113  51161.319    31.5120     3.6996     12.000     3.7029    25.0407     7.5893    10.8459    101.568    330.657    338.937    0.03845    7.47214   10.67843  325.55347     3.6989   16.69675 2.2620e+00     0.4578     1.6961 0.0000e+00
        309  46.497603    0.02136     1.2818     76.909     13.123  51161.483    31.5130     3.7054     13.000     3.7082    25.0409     7.5587    10.8022    101.174    329.326    337.573    0.03303    7.47103   10.67685  325.50528     3.7046   16.69445 1.7722e+00     0.4369     1.6698 0.0000e+00
        312  46.497613    0.02159     1.2953     77.715     14.133  51159.658    31.5126     3.7109     14.000     3.7127    25.0401     7.5239    10.7525    100.722    327.811    336.019    0.02739    7.47003   10.67543  325.46212     3.7101   16.69241 1.3832e+00     0.4202     1.6481 0.0000e+00
        315  46.497623    0.02183     1.3098     78.588     15.142  51161.267    31.5144     3.7158     15.000     3.7180    25.0411     7.5116    10.7348    100.569    327.273    335.468    0.02318    7.46904   10.67401  325.41855     3.7149   16.69033 1.0904e+00     0.4062     1.6459 0.0000e+00
        319  46.497632    0.02205     1.3233     79.398     16.152  51159.376    31.5138     3.7207     16.000     3.7213    25.0401     7.5100    10.7325    100.559    327.201    335.394    0.02012    7.46818   10.67277  325.38111     3.7198   16.68855 8.6664e-01     0.3920     1.6483 0.0000e+00
        322  46.497641    0.02226     1.3358     80.146     17.161  51156.226    31.5115     3.7225     17.000     3.7206    25.0382     7.5207    10.7478    100.706    327.670    335.874    0.01808    7.46797   10.67248  325.37268     3.7215   16.68816 6.9142e-01     0.3822     1.6431 0.0000e+00
        325  46.497649    0.02248     1.3487     80.923     18.170  51155.987    31.5105     3.7209     18.000     3.7185    25.0375     7.5412    10.7771    100.976    328.564    336.791    0.01657    7.46832   10.67298  325.38837     3.7197   16.68891 5.5236e-01     0.3835     1.6380 0.0000e+00
        328  46.497660    0.02274     1.3645     81.871     19.180  51159.597    31.5121     3.7195     19.000     3.7183    25.0389     7.5569    10.7996    101.184    329.248    337.492    0.01471    7.46850   10.67323  325.39567     3.7183   16.68925 4.4028e-01     0.3861     1.6588 0.0000e+00
        334  46.497675    0.02309     1.3855     83.128     20.189  51159.607    31.5113     3.7185     20.000     3.7167    25.0384     7.5578    10.8009    101.193    329.288    337.533    0.01190    7.46872   10.67354  325.40529     3.7172   16.68971 3.5093e-01     0.3892     1.6601 0.0000e+00
        338  46.497688    0.02340     1.4041     84.245     21.200  51162.956    31.5130     3.7182     21.000     3.7176    25.0398     7.5592    10.8029    101.212    329.347    337.594    0.00984    7.46867   10.67348  325.40306     3.7169   16.68960 2.7770e-01     0.3742     1.6583 0.0000e+00
        341  46.497698    0.02362     1.4175     85.051     22.209  51164.994    31.5142     3.7196     22.000     3.7200    25.0407     7.5673    10.8144    101.325    329.699    337.955    0.00884    7.46836   10.67304  325.38920     3.7182   16.68894 2.2144e-01     0.3696     1.6843 0.0000e+00
        344  46.497705    0.02382     1.4293     85.760     23.219  51164.733    31.5142     3.7223     23.000     3.7216    25.0404     7.5871    10.8428    101.597    330.563    338.841    0.00855    7.46788   10.67234  325.36805     3.7208   16.68793 1.7918e-01     0.3733     1.6840 0.0000e+00
        347  46.497714    0.02404     1.4421     86.526     24.228  51161.650    31.5117     3.7227     24.000     3.7203    25.0384     7.6121    10.8785    101.931    331.654    339.959    0.00844    7.46791   10.67239  325.37030     3.7212   16.68805 1.4562e-01     0.3810     1.6653 0.0000e+00
        351  46.497726    0.02431     1.4586     87.518     25.238  51163.639    31.5122     3.7215     25.000     3.7196    25.0389     7.6262    10.8987    102.117    332.268    340.587    0.00767    7.46811   10.67267  325.37850     3.7200   16.68843 1.1996e-01     0.3922     1.6737 0.0000e+00
        356  46.497740    0.02465     1.4789     88.735     26.247  51167.359    31.5142     3.7216     26.000     3.7208    25.0405     7.6277    10.9008    102.138    332.333    340.654    0.00628    7.46801   10.67253  325.37381     3.7199   16.68820 1.0010e-01     0.3963     1.6734 0.0000e+00
        360  46.497753    0.02494     1.4967     89.800     27.257  51161.063    31.5098     3.7227     27.000     3.7181    25.0368     7.6277    10.9008    102.139    332.335    340.656    0.00519    7.46803   10.67256  325.37592     3.7209   16.68832 8.4582e-02     0.3938     1.6683 0.0000e+00
        363  46.497762    0.02517     1.5102     90.609     28.266  51169.592    31.5141     3.7187     28.000     3.7191    25.0406     7.6286    10.9021    102.144    332.372    340.695    0.00449    7.46853   10.67327  325.39639     3.7170   16.68928 7.2094e-02     0.3750     1.6769 0.0000e+00
        366  46.497770    0.02538     1.5223     91.341     29.275  51176.075    31.5191     3.7232     29.000     3.7265    25.0442     7.6368    10.9136    102.267    332.723    341.056    0.00425    7.46746   10.67175  325.34866     3.7214   16.68699 6.2453e-02     0.3461     1.6743 0.0000e+00
        370  46.497780    0.02560     1.5363     92.179     30.285  51170.926    31.5170     3.7310     30.000     3.7314    25.0418     7.6533    10.9374    102.508    333.449    341.799    0.00434    7.46613   10.66984  325.29135     3.7292   16.68427 5.5261e-02     0.3314     1.6570 0.0000e+00
        375  46.497794    0.02594     1.5563     93.379     31.295  51167.490    31.5147     3.7336     31.000     3.7324    25.0398     7.6652    10.9543    102.671    333.964    342.326    0.00399    7.46576   10.66932  325.27594     3.7317   16.68355 5.0035e-02     0.3370     1.6266 0.0000e+00
        379  46.497808    0.02627     1.5763     94.576     32.305  51171.735    31.5179     3.7365     32.000     3.7370    25.0420     7.6660    10.9555    102.691    333.999    342.364    0.00326    7.46509   10.66836  325.24605     3.7345   16.68212 4.6315e-02     0.3397     1.6441 0.0000e+00
        382  46.497817    0.02649     1.5893     95.358     33.314  51165.808    31.5140     3.7395     33.000     3.7362    25.0387     7.6718    10.9638    102.774    334.253    342.622    0.00304    7.46473   10.66784  325.23148     3.7375   16.68144 4.3358e-02     0.3489     1.6756 0.0000e+00
        385  46.497824    0.02667     1.6002     96.012     34.324  51168.412    31.5149     3.7378     34.000     3.7358    25.0395     7.6767    10.9708    102.836    334.465    342.839    0.00289    7.46500   10.66824  325.24315     3.7357   16.68199 4.0904e-02     0.3309     1.6825 0.0000e+00
        388  46.497833    0.02687     1.6121     96.726     35.333  51165.691    31.5125     3.7379     35.000     3.7324    25.0377     7.6759    10.9697    102.824    334.432    342.806    0.00249    7.46509   10.66837  325.24768     3.7357   16.68222 3.9094e-02     0.3304     1.6734 0.0000e+00
        392  46.497845    0.02717     1.6301     97.805     36.343  51157.871    31.5034     3.7245     36.000     3.7135    25.0316     7.6766    10.9706    102.792    334.463    342.835    0.00196    7.46802   10.67256  325.37733     3.7222   16.68842 3.8142e-02     0.3413     1.6390 0.0000e+00
        398  46.497862    0.02756     1.6538     99.228     37.352  51170.225    31.5057     3.7018     37.000     3.6955    25.0356     7.6659    10.9553    102.594    333.997    342.359    0.00093    7.47206   10.67832  325.55184     3.6995   16.69670 3.7910e-02     0.3268     1.6596 0.0000e+00
        401  46.497871    0.02781     1.6687    100.125     38.362  51172.923    31.5055     3.6953     38.000     3.6893    25.0360     7.6700    10.9612    102.633    334.174    342.541    0.00082    7.47325   10.68002  325.60340     3.6930   16.69916 3.7913e-02     0.3248     1.7356 0.0000e+00
        404  46.497879    0.02800     1.6796    100.776     39.372  51173.274    31.5040     3.6905     39.000     3.6823    25.0353     7.6797    10.9751    102.750    334.599    342.977    0.00106    7.47422   10.68141  325.64600     3.6881   16.70119 3.7912e-02     0.3213     1.7813 0.0000e+00
        407  46.497887    0.02817     1.6905    101.427     40.381  51163.561    31.4946     3.6811     40.000     3.6661    25.0286     7.6846    10.9821    102.785    334.814    343.194    0.00101    7.47640   10.68453  325.74330     3.6787   16.70585 3.7912e-02     0.3100     1.7832 0.0000e+00
        410  46.497896    0.02838     1.7029    102.177     41.391  51167.067    31.4917     3.6619     41.000     3.6465    25.0281     7.6887    10.9879    102.788    334.991    343.375    0.00086    7.48008   10.68979  325.90379     3.6594   16.71349 3.7912e-02     0.3141     1.8271 0.0000e+00
        414  46.497908    0.02868     1.7209    103.254     42.400  51179.353    31.4932     3.6361     42.000     3.6249    25.0316     7.6906    10.9907    102.751    335.077    343.465    0.00056    7.48475   10.69646  326.10617     3.6335   16.72311 3.7912e-02     0.3197     1.8976 0.0000e+00
        419  46.497924    0.02906     1.7436    104.618     43.410  51196.526    31.5002     3.6190     43.000     3.6156    25.0387     7.6939    10.9954    102.756    335.216    343.609    0.00039    7.48754   10.70044  326.22520     3.6164   16.72874 3.7912e-02     0.3210     2.0197 0.0000e+00
        423  46.497935    0.02933     1.7599    105.591     44.420  51204.703    31.5052     3.6191     44.000     3.6206    25.0427     7.7068    11.0138    102.932    335.777    344.185    0.00076    7.48726   10.70004  326.21179     3.6165   16.72808 3.7912e-02     0.3378     2.0511 0.0000e+00
        426  46.497944    0.02953     1.7719    106.314     45.429  51237.095    31.5290     3.6286     45.000     3.6518    25.0608     7.7198    11.0322    103.145    336.333    344.761    0.00125    7.48434   10.69586  326.07849     3.6259   16.72164 3.7912e-02     0.3328     2.1255 0.0000e+00
        429  46.497951    0.02972     1.7835    107.008     46.439  51344.672    31.6136     3.6776     46.000     3.7654    25.1236     7.7277    11.0435    103.436    336.658    345.116    0.00187    7.47110   10.67694  325.48191     3.6748   16.69294 3.7912e-02     0.3260     2.1716 0.0000e+00
        432  46.497961    0.02995     1.7971    107.829     47.449  51375.803    31.6754     3.8457     47.000     3.9422    25.1571     7.7709    11.1055    104.490    338.534    347.050    0.00448    7.43732   10.62867  323.99984     3.8428   16.62223 3.7912e-02     0.3213     2.2528 0.0000e+00
        437  46.497975    0.03030     1.8178    109.066     48.459  51218.121    31.6101     4.0220     48.000     4.0339    25.0886     7.8568    11.2282    106.052    342.297    350.885    0.00819    7.40857   10.58759  322.76892     4.0190   16.56396 3.7912e-02     0.3275     2.4918 0.0000e+00
        442  46.497990    0.03066     1.8395    110.370     49.468  51139.261    31.5531     4.0102     49.000     3.9893    25.0444     7.7831    11.1228    104.986    339.100    347.593    0.00376    7.41355   10.59471  322.99985     4.0071   16.57518 3.7912e-02     0.3273     2.6619 0.0000e+00
        446  46.498001    0.03090     1.8541    111.243     50.477  51327.935    31.6810     4.0095     50.000     4.0963    25.1461     7.6794    10.9747    103.674    334.551    342.963   -0.00074    7.40732   10.58580  322.69616     4.0063   16.56021 3.7912e-02     0.3161     2.7009 0.0000e+00
        449  46.498009    0.03110     1.8661    111.966     51.487  51333.776    31.7172     4.1473     51.000     4.2276    25.1615     7.6854    10.9831    104.130    334.804    343.228    0.00026    7.38072   10.54779  321.53276     4.1439   16.50474 3.7912e-02     0.3133     2.6779 0.0000e+00
        452  46.498018    0.03131     1.8786    112.718     52.497  51232.420    31.6739     4.2591     52.000     4.2875    25.1162     7.7751    11.1112    105.600    338.725    347.233    0.00458    7.36280   10.52217  320.76597     4.2557   16.46845 3.7912e-02     0.3113     2.6309 0.0000e+00
        456  46.498030    0.03160     1.8960    113.762     53.507  51179.008    31.6477     4.3046     53.000     4.3066    25.0909     7.7997    11.1465    106.032    339.808    348.334    0.00539    7.35596   10.51240  320.47627     4.3010   16.45477 3.7912e-02     0.2988     2.5596 0.0000e+00
