CTD-processing/allCTD/CNV/2014_08-13_t9_s02_cast031_4141.cnv
* Sea-Bird SBE19plus Data File:
* FileName = C:\Users\kris.holderied\Documents\kasitsna\Research-Projects-and-Data\Oceanography-AK\CTD-Data-ALL-to-2014-06\2014-CTD-KachemakBay-CookInlet\2014-08-13-CookInlet-HomerSpit-monthly\2014-08-13-CookInlet-Tran9-cast031.hex
* Software Version 1.59
* Temperature SN =  4141
* Conductivity SN =  4141
* System UpLoad Time = Oct 13 2014 00:34:47
** Cook Inlet LTM Transect 9 (Homer Spit) North to South
** Date: 08-13
** Station: 9-02
** Start time: 12:29
** Depth (m): 70.7
** Comment:  CTD time is Alaska Daylight time.  R/V Barnacle. Transducer  depth.
** Comment:
# nquan = 27
# nvalues = 72                          
# units = specified
# name 0 = scan: Scan Count
# name 1 = timeJ: Julian Days
# name 2 = timeH: Time, Elapsed [hours]
# name 3 = timeM: Time, Elapsed [minutes]
# name 4 = timeS: Time, Elapsed [seconds]
# name 5 = prdM: Pressure, Strain Gauge [db]
# name 6 = specc: Specific Conductance [uS/cm]
# name 7 = sal00: Salinity, Practical [PSU]
# name 8 = tv290C: Temperature [ITS-90, deg C]
# name 9 = depSM: Depth [salt water, m], lat = 59.00
# name 10 = potemp090C: Potential Temperature [ITS-90, deg C]
# name 11 = sigma-é00: Density [sigma-theta, kg/m^3]
# name 12 = sbeox0ML/L: Oxygen, SBE 43 [ml/l]
# name 13 = sbeox0Mg/L: Oxygen, SBE 43 [mg/l]
# name 14 = sbeox0PS: Oxygen, SBE 43 [% saturation]
# name 15 = sbox0Mm/Kg: Oxygen, SBE 43 [umol/kg]
# name 16 = sbeox0Mm/L: Oxygen, SBE 43 [umol/l]
# name 17 = sbox0dV/dT: Oxygen, SBE 43 [dov/dt]
# name 18 = oxsolML/L: Oxygen Saturation, Garcia & Gordon [ml/l]
# name 19 = oxsolMg/L: Oxygen Saturation, Garcia & Gordon [mg/l]
# name 20 = oxsolMm/Kg: Oxygen Saturation, Garcia & Gordon [umol/kg]
# name 21 = n2satMg/L: Nitrogen Saturation [mg/l]
# name 22 = par: PAR/Irradiance, Biospherical/Licor
# name 23 = wetStar: Fluorescence, WET Labs WETstar [mg/m^3]
# name 24 = CStarAt0: Beam Attenuation, WET Labs C-Star [1/m]
# name 25 = CStarTr0: Beam Transmission, WET Labs C-Star [%]
# name 26 = flag: flag
# span 0 =        263,        554       
# span 1 = 225.521107, 225.521947       
# span 2 =    0.01823,    0.03841       
# span 3 =     1.0936,     2.3050       
# span 4 =     65.613,    138.300       
# span 5 =      1.012,     72.652       
# span 6 =  40396.078,  49296.447       
# span 7 =    25.2804,    31.3454       
# span 8 =    10.1168,    11.4994       
# span 9 =      1.000,     72.000       
# span 10 =    10.1103,    11.4998      
# span 11 =    19.1767,    24.0818      
# span 12 =     5.6522,     6.8511      
# span 13 =     8.0777,     9.7909      
# span 14 =     87.660,    105.337      
# span 15 =    246.495,    300.160      
# span 16 =    252.430,    305.969      
# span 17 =   -0.06130,    0.00516      
# span 18 =    6.29497,    6.53626      
# span 19 =    8.99614,    9.34097      
# span 20 =  274.73227,  286.41685      
# span 21 =   14.27570,   14.85699      
# span 22 = 5.2541e-02, 8.1316e+01      
# span 23 =     0.9136,     3.5251      
# span 24 =     0.5774,     4.3838      
# span 25 =    33.6214,    86.5589      
# span 26 = 0.0000e+00, 0.0000e+00      
# interval = meters: 1                  
# start_time = Aug 13 2014 12:29:18 [Instrument's time stamp, header]
# bad_flag = -9.990e-29
*END*
[from data line 54]
        497 225.521783    0.03447     2.0683    124.096     55.528  48951.528    31.1782    10.6873     55.000    10.6692    23.8559     5.8595     8.3738     91.909    255.588    261.686   -0.00249    6.37537    9.11103  278.08971   14.43431 5.3905e-02     0.9708     0.8841    80.1709 0.0000e+00
        501 225.521793    0.03470     2.0820    124.921     56.536  48967.863    31.1872    10.6690     56.000    10.6574    23.8660     5.8497     8.3599     91.725    255.162    261.251   -0.00343    6.37752    9.11411  278.18090   14.43864 5.3908e-02     0.9468     0.9216    79.4226 0.0000e+00
        504 225.521803    0.03493     2.0961    125.767     57.546  48962.859    31.1822    10.6598     57.000    10.6331    23.8637     5.8319     8.3343     91.423    254.381    260.452   -0.00551    6.37899    9.11621  278.24565   14.44176 5.3583e-02     0.9492     0.9403    79.0529 0.0000e+00
        507 225.521812    0.03517     2.1100    126.601     58.555  48982.341    31.1910    10.6217     58.000    10.5993    23.8770     5.8232     8.3219     91.217    253.998    260.062   -0.00636    6.38390    9.12323  278.45627   14.45181 5.3841e-02     0.9433     0.9960    77.9620 0.0000e+00
        511 225.521822    0.03540     2.1237    127.419     59.564  49008.134    31.2067    10.6034     59.000    10.5948    23.8923     5.8208     8.3185     91.152    253.891    259.958   -0.00538    6.38579    9.12592  278.53432   14.45548 5.3190e-02     0.9357     1.0253    77.3902 0.0000e+00
        514 225.521832    0.03563     2.1377    128.260     60.574  48990.705    31.1932    10.5969     60.000    10.5648    23.8830     5.8214     8.3193     91.141    253.919    259.983   -0.00393    6.38723    9.12800  278.59999   14.45868 5.2984e-02     0.9465     1.0059    77.7658 0.0000e+00
        517 225.521841    0.03586     2.1517    129.102     61.586  49016.015    31.2054    10.5530     61.000    10.5245    23.8999     5.8143     8.3092     90.951    253.605    259.666   -0.00436    6.39281    9.13597  278.83861   14.47006 5.2770e-02     0.9654     1.0513    76.8890 0.0000e+00
        521 225.521851    0.03609     2.1655    129.929     62.596  49038.772    31.2171    10.5198     62.000    10.4967    23.9146     5.8091     8.3019     90.812    253.377    259.437   -0.00504    6.39693    9.14186  279.01434   14.47842 5.2850e-02     0.9958     1.0812    76.3156 0.0000e+00
        524 225.521861    0.03632     2.1792    130.751     63.603  49045.575    31.2183    10.4929     63.000    10.4592    23.9201     5.8174     8.3137     90.889    253.738    259.808   -0.00307    6.40062    9.14712  279.17353   14.48604 5.3468e-02     0.9636     1.1334    75.3255 0.0000e+00
        527 225.521870    0.03655     2.1930    131.581     64.616  49044.838    31.2111    10.4407     64.000    10.3820    23.9233     5.8182     8.3148     90.794    253.771    259.842   -0.00235    6.40816    9.15790  279.50185   14.50178 5.3315e-02     0.9523     1.1663    74.7096 0.0000e+00
        531 225.521880    0.03678     2.2065    132.387     65.623  49104.384    31.2443    10.3718     65.000    10.3351    23.9607     5.8013     8.2906     90.413    253.021    259.084   -0.00553    6.41640    9.16968  279.85106   14.51836 5.3045e-02     0.9672     1.2813    72.5933 0.0000e+00
        534 225.521889    0.03700     2.2199    133.195     66.631  49131.977    31.2573    10.3219     66.000    10.2867    23.9791     5.7796     8.2597     89.986    252.074    258.119   -0.00819    6.42284    9.17888  280.12686   14.53151 5.3495e-02     0.9366     1.3918    70.6193 0.0000e+00
        537 225.521898    0.03723     2.2338    134.028     67.644  49164.832    31.2746    10.2770     67.000    10.2522    24.0001     5.7623     8.2349     89.637    251.312    257.343   -0.00963    6.42841    9.18683  280.36396   14.54279 5.3704e-02     0.9638     1.4913    68.8788 0.0000e+00
        540 225.521908    0.03746     2.2476    134.855     68.652  49173.778    31.2767    10.2460     68.000    10.2143    24.0068     5.7461     8.2117     89.327    250.604    256.620   -0.00990    6.43265    9.19290  280.54713   14.55155 5.3175e-02     1.0081     1.5379    68.0854 0.0000e+00
        544 225.521918    0.03770     2.2617    135.700     69.663  49197.361    31.2881    10.2076     69.000    10.1724    24.0222     5.7313     8.1906     89.029    249.955    255.960   -0.01015    6.43757    9.19993  280.75748   14.56156 5.3034e-02     0.9658     1.6649    65.9563 0.0000e+00
        547 225.521928    0.03793     2.2759    136.552     70.673  49211.898    31.2913    10.1547     70.000    10.1167    24.0334     5.7219     8.1772     88.782    249.543    255.540   -0.00957    6.44486    9.21036  281.07244   14.57662 5.3397e-02     1.0160     1.8360    63.2040 0.0000e+00
        551 225.521938    0.03817     2.2901    137.405     71.680  49263.233    31.3227    10.1195     71.000    10.1103    24.0637     5.6928     8.1356     88.280    248.266    254.240   -0.01113    6.44852    9.21559  281.22373   14.58374 5.3331e-02     0.9958     2.0825    59.4158 0.0000e+00
        554 225.521947    0.03841     2.3050    138.300     72.652  49296.447    31.3454    10.1168     72.000    10.1172    24.0818     5.6522     8.0777     87.660    246.495    252.430   -0.01450    6.44796    9.21477  281.19413   14.58223 5.2541e-02     0.9855     2.2278    57.2757 0.0000e+00
