CTD-processing/allCTD/CNV/2014_02-14_t9_s06_cast175_5028.cnv
* Sea-Bird SBE19plus Data File:
* FileName = C:\Users\kris.holderied\Documents\kasitsna\Research-Projects-and-Data\Oceanography-AK\CTD-CookInlet-GulfWatchAK\2014-02-EVOSTC-CookInlet-LTM-BATCH-UPLOAD\2014-02-CookInlet-Seasonal-cast175.hex
* Software Version 1.59
* Temperature SN =  5028
* Conductivity SN =  5028
* System UpLoad Time = Apr 09 2014 20:14:12
** Cook Inlet LTM 2014 February Seasonal - Batch upload
** Date: 2013-02-15
** Station: 9-06
** Start time: 11:13
** Depth (m): 99
** CoComment:
** Comment:
# nquan = 27
# nvalues = 97                          
# units = specified
# name 0 = scan: Scan Count
# name 1 = timeJ: Julian Days
# name 2 = timeH: Time, Elapsed [hours]
# name 3 = timeM: Time, Elapsed [minutes]
# name 4 = timeS: Time, Elapsed [seconds]
# name 5 = prdM: Pressure, Strain Gauge [db]
# name 6 = specc: Specific Conductance [uS/cm]
# name 7 = sal00: Salinity, Practical [PSU]
# name 8 = tv290C: Temperature [ITS-90, deg C]
# name 9 = depSM: Depth [salt water, m], lat = 59.00
# name 10 = potemp090C: Potential Temperature [ITS-90, deg C]
# name 11 = sigma-é00: Density [sigma-theta, kg/m^3]
# name 12 = sbeox0ML/L: Oxygen, SBE 43 [ml/l]
# name 13 = sbeox0Mg/L: Oxygen, SBE 43 [mg/l]
# name 14 = sbeox0PS: Oxygen, SBE 43 [% saturation]
# name 15 = sbox0Mm/Kg: Oxygen, SBE 43 [umol/kg]
# name 16 = sbeox0Mm/L: Oxygen, SBE 43 [umol/l]
# name 17 = sbox0dV/dT: Oxygen, SBE 43 [dov/dt]
# name 18 = oxsolML/L: Oxygen Saturation, Garcia & Gordon [ml/l]
# name 19 = oxsolMg/L: Oxygen Saturation, Garcia & Gordon [mg/l]
# name 20 = oxsolMm/Kg: Oxygen Saturation, Garcia & Gordon [umol/kg]
# name 21 = potemp090C: Potential Temperature [ITS-90, deg C]
# name 22 = n2satMg/L: Nitrogen Saturation [mg/l]
# name 23 = par: PAR/Irradiance, Biospherical/Licor
# name 24 = flECO-AFL: Fluorescence, WET Labs ECO-AFL/FL [mg/m^3]
# name 25 = turbWETntu0: Turbidity, WET Labs ECO [NTU]
# name 26 = flag: flag
# span 0 =        124,        667       
# span 1 =  46.467612,  46.469185       
# span 2 =    0.00853,    0.04627       
# span 3 =     0.5119,     2.7760       
# span 4 =     30.714,    166.560       
# span 5 =      1.009,     97.938       
# span 6 =  50526.349,  51284.495       
# span 7 =    30.9656,    31.8526       
# span 8 =     3.0927,     4.9890       
# span 9 =      1.000,     97.000       
# span 10 =     3.0916,     4.9821      
# span 11 =    24.6580,    25.1827      
# span 12 =     6.4111,     7.6460      
# span 13 =     9.1620,    10.9269      
# span 14 =     84.196,    105.702      
# span 15 =    279.445,    333.089      
# span 16 =    286.319,    341.471      
# span 17 =   -0.00046,    0.02306      
# span 18 =    7.22571,    7.61524      
# span 19 =   10.32627,   10.88294      
# span 20 =  314.77362,  331.93495      
# span 21 =     3.0926,     4.9820      
# span 22 =   16.18258,   17.00214      
# span 23 = 3.7912e-02, 2.6430e+01      
# span 24 =     0.2893,     0.6415      
# span 25 =     0.9093,     5.3750      
# span 26 = 0.0000e+00, 0.0000e+00      
# interval = meters: 1                  
# start_time = Feb 15 2014 11:12:51 [Instrument's time stamp, header]
# bad_flag = -9.990e-29
*END*
[from data line 54]
        474  46.468625    0.03283     1.9699    118.196     55.527  51206.574    31.8011     4.9035     55.000     4.9025    25.1507     7.6123    10.8787    105.098    331.624    339.965   -0.00017    7.24304   10.35102  315.53799     4.8995   16.21917 3.7912e-02     0.2999     0.9542 0.0000e+00
        478  46.468637    0.03312     1.9873    119.239     56.536  51203.473    31.7994     4.9074     56.000     4.9041    25.1490     7.6203    10.8901    105.217    331.972    340.321    0.00018    7.24243   10.35016  315.51213     4.9034   16.21795 3.7912e-02     0.3074     0.9646 0.0000e+00
        482  46.468650    0.03343     2.0058    120.350     57.546  51203.572    31.7992     4.9086     57.000     4.9046    25.1487     7.6243    10.8958    105.275    332.146    340.500    0.00027    7.24225   10.34989  315.50413     4.9045   16.21757 3.7912e-02     0.3222     1.0069 0.0000e+00
        487  46.468662    0.03373     2.0238    121.426     58.555  51204.542    31.7994     4.9089     58.000     4.9048    25.1489     7.6281    10.9014    105.329    332.314    340.671    0.00035    7.24218   10.34980  315.50124     4.9047   16.21743 3.7912e-02     0.3118     1.0166 0.0000e+00
        491  46.468674    0.03400     2.0398    122.387     59.565  51204.554    31.7990     4.9090     59.000     4.9044    25.1485     7.6253    10.8973    105.290    332.192    340.546    0.00016    7.24219   10.34981  315.50152     4.9048   16.21744 3.7912e-02     0.2975     0.9743 0.0000e+00
        494  46.468685    0.03427     2.0561    123.368     60.575  51204.727    31.7984     4.9081     60.000     4.9033    25.1482     7.6231    10.8943    105.258    332.099    340.451   -0.00002    7.24238   10.35008  315.50982     4.9038   16.21784 3.7912e-02     0.2893     0.9546 0.0000e+00
        499  46.468698    0.03459     2.0755    124.532     61.585  51207.907    31.8000     4.9077     61.000     4.9041    25.1495     7.6261    10.8984    105.299    332.225    340.581    0.00006    7.24235   10.35005  315.50873     4.9033   16.21778 3.7912e-02     0.3089     0.9748 0.0000e+00
        504  46.468712    0.03492     2.0955    125.729     62.594  51214.184    31.8045     4.9109     62.000     4.9090    25.1527     7.6235    10.8947    105.274    332.112    340.466   -0.00005    7.24158   10.34895  315.47427     4.9064   16.21613 3.7912e-02     0.3277     0.9623 0.0000e+00
        508  46.468724    0.03520     2.1120    126.718     63.604  51212.053    31.8035     4.9152     63.000     4.9110    25.1515     7.6215    10.8918    105.256    332.024    340.375   -0.00014    7.24089   10.34795  315.44418     4.9107   16.21470 3.7912e-02     0.3091     0.9460 0.0000e+00
        512  46.468735    0.03546     2.1276    127.654     64.614  51209.549    31.8012     4.9147     64.000     4.9093    25.1497     7.6224    10.8931    105.265    332.064    340.415   -0.00014    7.24110   10.34825  315.45381     4.9101   16.21516 3.7912e-02     0.3042     0.9586 0.0000e+00
        516  46.468747    0.03576     2.1460    128.761     65.624  51215.029    31.8044     4.9146     65.000     4.9113    25.1523     7.6252    10.8972    105.307    332.186    340.542   -0.00004    7.24094   10.34803  315.44626     4.9100   16.21479 3.7912e-02     0.3049     0.9688 0.0000e+00
        521  46.468763    0.03614     2.1686    130.117     66.633  51215.758    31.8052     4.9180     66.000     4.9139    25.1525     7.6320    10.9068    105.409    332.481    340.844    0.00023    7.24033   10.34715  315.41944     4.9132   16.21351 3.7912e-02     0.3043     0.9586 0.0000e+00
        526  46.468777    0.03647     2.1882    131.294     67.643  51216.206    31.8052     4.9193     67.000     4.9148    25.1525     7.6327    10.9079    105.423    332.513    340.877    0.00018    7.24009   10.34680  315.40890     4.9145   16.21301 3.7912e-02     0.3044     0.9812 0.0000e+00
        530  46.468789    0.03676     2.2057    132.344     68.653  51215.912    31.8047     4.9197     68.000     4.9146    25.1520     7.6371    10.9142    105.484    332.704    341.072    0.00028    7.24005   10.34675  315.40736     4.9148   16.21294 3.7912e-02     0.2904     0.9646 0.0000e+00
        535  46.468801    0.03706     2.2240    133.438     69.663  51216.050    31.8041     4.9189     69.000     4.9137    25.1516     7.6373    10.9145    105.484    332.712    341.081    0.00022    7.24021   10.34698  315.41450     4.9140   16.21328 3.7912e-02     0.2961     0.9882 0.0000e+00
        539  46.468815    0.03739     2.2432    134.591     70.673  51218.120    31.8049     4.9187     70.000     4.9140    25.1524     7.6285    10.9019    105.363    332.331    340.689   -0.00021    7.24020   10.34697  315.41381     4.9137   16.21325 3.7912e-02     0.3076     0.9972 0.0000e+00
        544  46.468829    0.03773     2.2636    135.815     71.683  51218.323    31.8047     4.9192     71.000     4.9139    25.1521     7.6261    10.8984    105.330    332.222    340.578   -0.00032    7.24014   10.34688  315.41124     4.9141   16.21313 3.7912e-02     0.3110     1.0022 0.0000e+00
        549  46.468844    0.03808     2.2850    137.101     72.692  51218.833    31.8045     4.9189     72.000     4.9135    25.1519     7.6266    10.8992    105.337    332.249    340.606   -0.00027    7.24019   10.34696  315.41391     4.9137   16.21325 3.7912e-02     0.3125     1.0026 0.0000e+00
        554  46.468856    0.03839     2.3035    138.212     73.702  51219.673    31.8045     4.9184     73.000     4.9132    25.1520     7.6285    10.9019    105.363    332.332    340.691   -0.00019    7.24027   10.34707  315.41705     4.9132   16.21340 3.7912e-02     0.3157     1.1027 0.0000e+00
        558  46.468869    0.03868     2.3206    139.235     74.712  51221.055    31.8049     4.9186     74.000     4.9135    25.1523     7.6330    10.9083    105.425    332.526    340.889   -0.00002    7.24022   10.34700  315.41466     4.9133   16.21329 3.7912e-02     0.3233     1.0708 0.0000e+00
        562  46.468881    0.03899     2.3391    140.345     75.721  51222.060    31.8053     4.9192     75.000     4.9141    25.1525     7.6344    10.9104    105.446    332.588    340.954    0.00001    7.24011   10.34684  315.40982     4.9138   16.21306 3.7912e-02     0.3188     0.9861 0.0000e+00
        567  46.468896    0.03934     2.3602    141.613     76.731  51222.680    31.8053     4.9199     76.000     4.9146    25.1526     7.6336    10.9092    105.437    332.554    340.919   -0.00005    7.23998   10.34666  315.40424     4.9144   16.21279 3.7912e-02     0.3115     1.0112 0.0000e+00
        573  46.468911    0.03970     2.3820    142.921     77.741  51222.600    31.8048     4.9202     77.000     4.9144    25.1521     7.6324    10.9074    105.419    332.497    340.860   -0.00014    7.23996   10.34662  315.40329     4.9147   16.21275 3.7912e-02     0.3142     0.9981 0.0000e+00
        577  46.468924    0.04000     2.4000    144.002     78.751  51223.107    31.8045     4.9195     78.000     4.9136    25.1520     7.6319    10.9067    105.411    332.476    340.839   -0.00017    7.24010   10.34681  315.40927     4.9139   16.21303 3.7912e-02     0.3142     0.9496 0.0000e+00
        581  46.468934    0.04027     2.4160    144.958     79.761  51225.092    31.8054     4.9194     79.000     4.9140    25.1527     7.6337    10.9093    105.437    332.555    340.920   -0.00013    7.24006   10.34677  315.40777     4.9137   16.21296 3.7912e-02     0.3138     0.9697 0.0000e+00
        585  46.468948    0.04059     2.4350    146.102     80.771  51226.604    31.8061     4.9202     80.000     4.9149    25.1531     7.6345    10.9104    105.450    332.590    340.957   -0.00009    7.23990   10.34654  315.40046     4.9144   16.21261 3.7912e-02     0.3080     1.0083 0.0000e+00
        591  46.468965    0.04098     2.4590    147.538     81.781  51233.115    31.8108     4.9233     81.000     4.9201    25.1565     7.6315    10.9062    105.420    332.459    340.823   -0.00020    7.23912   10.34543  315.36562     4.9175   16.21093 3.7912e-02     0.3104     0.9753 0.0000e+00
        596  46.468980    0.04135     2.4812    148.870     82.790  51243.301    31.8193     4.9325     82.000     4.9319    25.1623     7.6361    10.9127    105.513    332.656    341.026    0.00006    7.23712   10.34258  315.27690     4.9265   16.20667 3.7912e-02     0.3147     1.0008 0.0000e+00
        601  46.468993    0.04166     2.4994    149.965     83.800  51248.278    31.8248     4.9443     83.000     4.9426    25.1654     7.6438    10.9237    105.653    332.990    341.370    0.00042    7.23480   10.33926  315.17483     4.9383   16.20180 3.7912e-02     0.3102     1.1082 0.0000e+00
        605  46.469005    0.04193     2.5160    150.959     84.810  51246.852    31.8249     4.9515     84.000     4.9472    25.1647     7.6460    10.9269    105.702    333.089    341.471    0.00048    7.23356   10.33748  315.12098     4.9454   16.19923 3.7912e-02     0.3125     1.1221 0.0000e+00
        609  46.469017    0.04224     2.5348    152.086     85.820  51249.014    31.8267     4.9550     85.000     4.9504    25.1658     7.6396    10.9178    105.624    332.812    341.187    0.00014    7.23286   10.33648  315.09005     4.9489   16.19775 3.7912e-02     0.3142     1.1478 0.0000e+00
        616  46.469036    0.04269     2.5612    153.672     86.830  51252.668    31.8297     4.9598     86.000     4.9547    25.1677     7.6321    10.9070    105.533    332.480    340.848   -0.00018    7.23188   10.33509  315.04708     4.9536   16.19569 3.7912e-02     0.3210     1.1708 0.0000e+00
        621  46.469051    0.04306     2.5838    155.028     87.840  51258.424    31.8339     4.9632     87.000     4.9591    25.1706     7.6300    10.9040    105.516    332.388    340.754   -0.00023    7.23109   10.33395  315.01122     4.9569   16.19396 3.7912e-02     0.3097     1.2202 0.0000e+00
        625  46.469061    0.04330     2.5980    155.879     88.850  51268.308    31.8413     4.9680     88.000     4.9653    25.1759     7.6307    10.9051    105.544    332.419    340.788   -0.00016    7.22991   10.33226  314.95833     4.9616   16.19142 3.7912e-02     0.3038     1.2561 0.0000e+00
        628  46.469072    0.04356     2.6136    156.817     89.859  51276.880    31.8483     4.9754     89.000     4.9727    25.1807     7.6259    10.8982    105.501    332.209    340.575   -0.00027    7.22828   10.32993  314.88581     4.9689   16.18794 3.7912e-02     0.3060     1.2694 0.0000e+00
        634  46.469089    0.04397     2.6378    158.269     90.869  51276.789    31.8495     4.9832     90.000     4.9776    25.1808     7.6235    10.8947    105.488    332.101    340.464   -0.00030    7.22687   10.32792  314.82461     4.9767   16.18502 3.7912e-02     0.3050     1.3619 0.0000e+00
        640  46.469106    0.04437     2.6620    159.718     91.879  51277.189    31.8496     4.9848     91.000     4.9785    25.1807     7.6208    10.8909    105.456    331.988    340.347   -0.00035    7.22658   10.32751  314.81207     4.9782   16.18442 3.7912e-02     0.3255     1.4873 0.0000e+00
        644  46.469117    0.04464     2.6785    160.709     92.889  51279.290    31.8508     4.9855     92.000     4.9794    25.1815     7.6179    10.8868    105.417    331.859    340.215   -0.00045    7.22641   10.32726  314.80430     4.9789   16.18405 3.7912e-02     0.3298     1.5064 0.0000e+00
        648  46.469128    0.04491     2.6946    161.678     93.899  51281.383    31.8519     4.9867     93.000     4.9805    25.1824     7.6167    10.8850    105.404    331.806    340.162   -0.00046    7.22615   10.32690  314.79292     4.9799   16.18351 3.7912e-02     0.3285     1.5637 0.0000e+00
        653  46.469143    0.04526     2.7153    162.921     94.908  51282.045    31.8521     4.9878     94.000     4.9812    25.1824     7.6232    10.8944    105.498    332.092    340.455   -0.00016    7.22594   10.32660  314.78377     4.9810   16.18307 3.7912e-02     0.3321     1.5837 0.0000e+00
        658  46.469159    0.04564     2.7386    164.316     95.919  51282.814    31.8523     4.9884     95.000     4.9817    25.1825     7.6253    10.8973    105.528    332.180    340.545   -0.00007    7.22584   10.32645  314.77885     4.9815   16.18283 3.7912e-02     0.3423     1.6103 0.0000e+00
        663  46.469172    0.04595     2.7574    165.442     96.929  51283.520    31.8524     4.9888     96.000     4.9819    25.1825     7.6220    10.8926    105.484    332.037    340.399   -0.00023    7.22578   10.32636  314.77638     4.9818   16.18271 3.7912e-02     0.3372     1.7631 0.0000e+00
        667  46.469185    0.04627     2.7760    166.560     97.938  51284.495    31.8526     4.9890     97.000     4.9821    25.1827     7.6236    10.8949    105.506    332.106    340.469   -0.00016    7.22571   10.32627  314.77362     4.9820   16.18258 3.7912e-02     0.3172     1.7962 0.0000e+00
