CTD-processing/allCTD/CNV/2014_05-28_alongbay_skb08_cast042_5028.cnv
* Sea-Bird SBE19plus Data File:
* FileName = C:\Users\kris.holderied\Documents\kasitsna\Research-Projects-and-Data\Oceanography-AK\CTD-Data-ALL-to-2014-03\2014-CTD-KachemakBay-CookInlet\2014-05-28-KachemakBay-AlongBay\2014-05-28-KachemakBay-AlongBay-cast042.hex
* Software Version 1.59
* Temperature SN =  5028
* Conductivity SN =  5028
* System UpLoad Time = Jul 21 2014 00:58:44
** Kachemak Bay Along-bay Transect (partial, west to east)
** Date: 2014-05-28
** Station: KB-08
** Start time (AKDT): 14:26
** Depth (m): 83.2
** Comment:  CTD time is Alaska Daylight time
** Comment:
# nquan = 27
# nvalues = 80                          
# units = specified
# name 0 = scan: Scan Count
# name 1 = timeJ: Julian Days
# name 2 = timeH: Time, Elapsed [hours]
# name 3 = timeM: Time, Elapsed [minutes]
# name 4 = timeS: Time, Elapsed [seconds]
# name 5 = prdM: Pressure, Strain Gauge [db]
# name 6 = specc: Specific Conductance [uS/cm]
# name 7 = sal00: Salinity, Practical [PSU]
# name 8 = tv290C: Temperature [ITS-90, deg C]
# name 9 = depSM: Depth [salt water, m], lat = 59.00
# name 10 = potemp090C: Potential Temperature [ITS-90, deg C]
# name 11 = sigma-é00: Density [sigma-theta, kg/m^3]
# name 12 = sbeox0ML/L: Oxygen, SBE 43 [ml/l]
# name 13 = sbeox0Mg/L: Oxygen, SBE 43 [mg/l]
# name 14 = sbeox0PS: Oxygen, SBE 43 [% saturation]
# name 15 = sbox0Mm/Kg: Oxygen, SBE 43 [umol/kg]
# name 16 = sbeox0Mm/L: Oxygen, SBE 43 [umol/l]
# name 17 = sbox0dV/dT: Oxygen, SBE 43 [dov/dt]
# name 18 = oxsolML/L: Oxygen Saturation, Garcia & Gordon [ml/l]
# name 19 = oxsolMg/L: Oxygen Saturation, Garcia & Gordon [mg/l]
# name 20 = oxsolMm/Kg: Oxygen Saturation, Garcia & Gordon [umol/kg]
# name 21 = potemp090C: Potential Temperature [ITS-90, deg C]
# name 22 = n2satMg/L: Nitrogen Saturation [mg/l]
# name 23 = par: PAR/Irradiance, Biospherical/Licor
# name 24 = flECO-AFL: Fluorescence, WET Labs ECO-AFL/FL [mg/m^3]
# name 25 = turbWETntu0: Turbidity, WET Labs ECO [NTU]
# name 26 = flag: flag
# span 0 =        248,        689       
# span 1 = 148.601607, 148.602883       
# span 2 =    0.01718,    0.04781       
# span 3 =     1.0308,     2.8682       
# span 4 =     61.848,    172.090       
# span 5 =      1.010,     80.771       
# span 6 =  47324.925,  50956.117       
# span 7 =    29.9939,    31.7677       
# span 8 =     5.5944,     9.9333       
# span 9 =      1.000,     80.000       
# span 10 =     5.5884,     9.8864      
# span 11 =    23.0565,    25.0456      
# span 12 =     7.0158,     8.1280      
# span 13 =    10.0262,    11.6157      
# span 14 =     98.445,    121.061      
# span 15 =    305.668,    354.466      
# span 16 =    313.323,    362.994      
# span 17 =   -0.01999,    0.00903      
# span 18 =    6.53172,    7.12658      
# span 19 =    9.33447,   10.18460      
# span 20 =  285.14752,  310.49685      
# span 21 =     5.5886,     9.9331      
# span 22 =   14.77681,   15.97930      
# span 23 = 4.3295e-02, 2.1567e+02      
# span 24 =     0.4429,     3.8523      
# span 25 =     0.5336,     2.2035      
# span 26 = 0.0000e+00, 0.0000e+00      
# interval = meters: 1                  
# start_time = May 28 2014 14:25:17 [Instrument's time stamp, header]
# bad_flag = -9.990e-29
*END*
[from data line 54]
        558 148.602503    0.03868     2.3206    139.233     55.527  50936.379    31.7652     5.6104     55.000     5.6048    25.0438     7.0568    10.0849     99.060    307.459    315.159   -0.00155    7.12381   10.18064  310.37662     5.6061   15.97356 4.5113e-02     0.6021     1.7855 0.0000e+00
        563 148.602517    0.03903     2.3418    140.507     56.536  50939.621    31.7664     5.6076     56.000     5.6033    25.0450     7.0510    10.0765     98.971    307.202    314.896   -0.00154    7.12423   10.18124  310.39449     5.6032   15.97441 4.4847e-02     0.6117     1.8540 0.0000e+00
        568 148.602532    0.03939     2.3632    141.792     57.546  50941.236    31.7674     5.6089     57.000     5.6054    25.0456     7.0512    10.0770     98.979    307.213    314.908   -0.00123    7.12397   10.18087  310.38284     5.6045   15.97385 4.4671e-02     0.6195     1.8923 0.0000e+00
        573 148.602547    0.03974     2.3844    143.065     58.555  50940.933    31.7670     5.6108     58.000     5.6068    25.0451     7.0474    10.0714     98.929    307.047    314.736   -0.00114    7.12367   10.18043  310.36987     5.6063   15.97323 4.4506e-02     0.6250     1.9190 0.0000e+00
        578 148.602562    0.04009     2.4055    144.332     59.565  50941.435    31.7672     5.6125     59.000     5.6083    25.0451     7.0343    10.0527     98.750    306.477    314.152   -0.00148    7.12337   10.18001  310.35690     5.6079   15.97261 4.4406e-02     0.6549     1.8594 0.0000e+00
        583 148.602576    0.04045     2.4271    145.623     60.576  50942.035    31.7673     5.6131     60.000     5.6092    25.0451     7.0411    10.0625     98.847    306.774    314.457   -0.00094    7.12325   10.17984  310.35149     5.6085   15.97235 4.4300e-02     0.6227     1.8916 0.0000e+00
        589 148.602591    0.04080     2.4482    146.894     61.585  50942.637    31.7677     5.6155     61.000     5.6115    25.0451     7.0429    10.0650     98.878    306.851    314.536   -0.00068    7.12283   10.17924  310.33339     5.6108   15.97149 4.4240e-02     0.6268     1.9339 0.0000e+00
        594 148.602607    0.04117     2.4703    148.216     62.594  50941.243    31.7665     5.6165     62.000     5.6112    25.0441     7.0448    10.0676     98.905    306.932    314.618   -0.00053    7.12273   10.17910  310.32934     5.6117   15.97131 4.4155e-02     0.6531     1.9210 0.0000e+00
        599 148.602622    0.04153     2.4918    149.508     63.604  50941.926    31.7662     5.6152     63.000     5.6097    25.0440     7.0509    10.0765     98.988    307.200    314.893   -0.00016    7.12297   10.17943  310.33961     5.6103   15.97179 4.4047e-02     0.6621     1.8945 0.0000e+00
        604 148.602637    0.04189     2.5133    150.798     64.614  50941.425    31.7649     5.6129     64.000     5.6064    25.0432     7.0391    10.0596     98.817    306.687    314.366   -0.00069    7.12341   10.18006  310.35889     5.6080   15.97272 4.3988e-02     0.6858     1.9265 0.0000e+00
        609 148.602652    0.04225     2.5354    152.122     65.624  50943.877    31.7654     5.6096     65.000     5.6040    25.0441     7.0424    10.0643     98.856    306.831    314.516   -0.00047    7.12394   10.18082  310.38189     5.6045   15.97381 4.3957e-02     0.6585     1.9323 0.0000e+00
        615 148.602667    0.04261     2.5565    153.389     66.634  50943.970    31.7647     5.6082     66.000     5.6018    25.0436     7.0390    10.0594     98.804    306.681    314.361   -0.00055    7.12422   10.18121  310.39399     5.6031   15.97439 4.3913e-02     0.6238     1.9164 0.0000e+00
        620 148.602682    0.04299     2.5791    154.746     67.643  50945.188    31.7642     5.6043     67.000     5.5980    25.0438     7.0347    10.0533     98.734    306.495    314.170   -0.00067    7.12489   10.18219  310.42352     5.5991   15.97580 4.3896e-02     0.6225     1.9374 0.0000e+00
        625 148.602698    0.04334     2.6009    156.054     68.653  50945.771    31.7636     5.6015     68.000     5.5949    25.0436     7.0338    10.0521     98.715    306.456    314.131   -0.00063    7.12540   10.18291  310.44573     5.5962   15.97686 4.3829e-02     0.6413     1.9322 0.0000e+00
        630 148.602712    0.04369     2.6216    157.297     69.663  50948.118    31.7642     5.5987     69.000     5.5928    25.0443     7.0296    10.0460     98.650    306.273    313.943   -0.00072    7.12583   10.18353  310.46445     5.5934   15.97775 4.3790e-02     0.6165     1.9121 0.0000e+00
        635 148.602727    0.04406     2.6432    158.593     70.673  50949.522    31.7645     5.5979     70.000     5.5922    25.0447     7.0230    10.0365     98.555    305.983    313.646   -0.00089    7.12596   10.18371  310.46978     5.5925   15.97800 4.3739e-02     0.6121     1.9680 0.0000e+00
        640 148.602742    0.04441     2.6645    159.871     71.682  50950.466    31.7645     5.5974     71.000     5.5920    25.0448     7.0250    10.0394     98.582    306.070    313.736   -0.00067    7.12605   10.18383  310.47355     5.5919   15.97818 4.3692e-02     0.6317     1.9098 0.0000e+00
        646 148.602757    0.04477     2.6866    161.195     72.693  50950.756    31.7644     5.5981     72.000     5.5924    25.0446     7.0277    10.0434     98.622    306.191    313.859   -0.00044    7.12593   10.18367  310.46844     5.5925   15.97794 4.3638e-02     0.6362     1.8801 0.0000e+00
        651 148.602772    0.04514     2.7082    162.494     73.702  50950.530    31.7635     5.5968     73.000     5.5905    25.0441     7.0245    10.0387     98.573    306.050    313.714   -0.00052    7.12618   10.18403  310.47965     5.5912   15.97848 4.3565e-02     0.6562     1.9383 0.0000e+00
        656 148.602788    0.04552     2.7312    163.870     74.712  50952.126    31.7638     5.5957     74.000     5.5898    25.0445     7.0235    10.0372     98.556    306.004    313.667   -0.00050    7.12636   10.18429  310.48739     5.5899   15.97884 4.3510e-02     0.6300     1.9845 0.0000e+00
        662 148.602803    0.04588     2.7530    165.179     75.722  50952.607    31.7636     5.5954     75.000     5.5892    25.0444     7.0196    10.0317     98.501    305.837    313.497   -0.00058    7.12643   10.18438  310.49032     5.5896   15.97898 4.3445e-02     0.6680     1.9428 0.0000e+00
        667 148.602819    0.04627     2.7760    166.557     76.732  50953.595    31.7636     5.5944     76.000     5.5884    25.0445     7.0158    10.0262     98.445    305.668    313.323   -0.00067    7.12658   10.18460  310.49685     5.5886   15.97930 4.3381e-02     0.6683     1.9754 0.0000e+00
        673 148.602835    0.04665     2.7988    167.926     77.741  50955.068    31.7642     5.5946     77.000     5.5890    25.0449     7.0209    10.0336     98.518    305.894    313.555   -0.00035    7.12654   10.18453  310.49486     5.5886   15.97919 4.3356e-02     0.6336     2.0115 0.0000e+00
        678 148.602850    0.04701     2.8205    169.228     78.751  50955.548    31.7643     5.5957     78.000     5.5901    25.0449     7.0200    10.0324     98.509    305.856    313.516   -0.00033    7.12635   10.18427  310.48673     5.5896   15.97881 4.3344e-02     0.6362     2.0474 0.0000e+00
        683 148.602865    0.04738     2.8429    170.575     79.761  50956.117    31.7644     5.5971     79.000     5.5916    25.0449     7.0188    10.0305     98.494    305.799    313.458   -0.00035    7.12609   10.18389  310.47518     5.5910   15.97826 4.3334e-02     0.6324     2.0957 0.0000e+00
        689 148.602883    0.04781     2.8682    172.090     80.771  50955.768    31.7640     5.5984     80.000     5.5923    25.0444     7.0191    10.0310     98.502    305.816    313.475   -0.00028    7.12591   10.18363  310.46742     5.5922   15.97789 4.3295e-02     0.6590     2.2035 0.0000e+00
