CTD-processing/allCTD/CNV/2014_06-18_t9_s05b_cast150_4141.cnv
* Sea-Bird SBE19plus Data File:
* FileName = C:\Users\kris.holderied\Documents\kasitsna\Research-Projects-and-Data\Oceanography-AK\CTD-Data-ALL-to-2014-03\2014-CTD-KachemakBay-CookInlet\2014-06-18-CookInlet-HomerSpit-monthly\2014-06-18-CookInlet-T9-HomerSpit-cast150.hex
* Software Version 1.59
* Temperature SN =  4141
* Conductivity SN =  4141
* System UpLoad Time = Jul 20 2014 20:00:02
** Cook Inlet LTM Transect 9  (Homer Spit) South to North
** Date: 2014-06-18
** Station: 9-05b
** Start time: 17:49
** Depth (m): 99
** Comment:  CTD time is Alaska Daylight time
** Comment:
# nquan = 27
# nvalues = 93                          
# units = specified
# name 0 = scan: Scan Count
# name 1 = timeJ: Julian Days
# name 2 = timeH: Time, Elapsed [hours]
# name 3 = timeM: Time, Elapsed [minutes]
# name 4 = timeS: Time, Elapsed [seconds]
# name 5 = prdM: Pressure, Strain Gauge [db]
# name 6 = specc: Specific Conductance [uS/cm]
# name 7 = sal00: Salinity, Practical [PSU]
# name 8 = tv290C: Temperature [ITS-90, deg C]
# name 9 = depSM: Depth [salt water, m], lat = 59.00
# name 10 = potemp090C: Potential Temperature [ITS-90, deg C]
# name 11 = sigma-é00: Density [sigma-theta, kg/m^3]
# name 12 = sbeox0ML/L: Oxygen, SBE 43 [ml/l]
# name 13 = sbeox0Mg/L: Oxygen, SBE 43 [mg/l]
# name 14 = sbeox0PS: Oxygen, SBE 43 [% saturation]
# name 15 = sbox0Mm/Kg: Oxygen, SBE 43 [umol/kg]
# name 16 = sbeox0Mm/L: Oxygen, SBE 43 [umol/l]
# name 17 = sbox0dV/dT: Oxygen, SBE 43 [dov/dt]
# name 18 = oxsolML/L: Oxygen Saturation, Garcia & Gordon [ml/l]
# name 19 = oxsolMg/L: Oxygen Saturation, Garcia & Gordon [mg/l]
# name 20 = oxsolMm/Kg: Oxygen Saturation, Garcia & Gordon [umol/kg]
# name 21 = n2satMg/L: Nitrogen Saturation [mg/l]
# name 22 = par: PAR/Irradiance, Biospherical/Licor
# name 23 = wetStar: Fluorescence, WET Labs WETstar [mg/m^3]
# name 24 = CStarAt0: Beam Attenuation, WET Labs C-Star [1/m]
# name 25 = CStarTr0: Beam Transmission, WET Labs C-Star [%]
# name 26 = flag: flag
# span 0 =        149,        681       
# span 1 = 169.744411, 169.745950       
# span 2 =    0.01031,    0.04724       
# span 3 =     0.6187,     2.8348       
# span 4 =     37.122,    170.085       
# span 5 =      1.006,     93.883       
# span 6 =  45673.012,  50745.186       
# span 7 =    28.7980,    31.8043       
# span 8 =     6.5257,     9.8196       
# span 9 =      1.000,     93.000       
# span 10 =     6.5181,     9.8280      
# span 11 =    22.1424,    24.9563      
# span 12 =     6.2232,     7.2975      
# span 13 =     8.8936,    10.4289      
# span 14 =     90.812,    110.571      
# span 15 =    271.893,    318.577      
# span 16 =    277.928,    325.909      
# span 17 =   -0.04225,    0.04277      
# span 18 =    6.56400,    6.97114      
# span 19 =    9.38061,    9.96246      
# span 20 =  286.62400,  303.75069      
# span 21 =   14.84906,   15.65770      
# span 22 = 3.6147e-02, 1.7941e+00      
# span 23 =     0.4923,     9.9132      
# span 24 =     0.3699,     2.6168      
# span 25 =    54.4023,    91.1669      
# span 26 = 0.0000e+00, 0.0000e+00      
# interval = meters: 1                  
# start_time = Jun 18 2014 17:51:20 [Instrument's time stamp, header]
# bad_flag = -9.990e-29
*END*
        149 169.744411    0.01031     0.6187     37.122      1.006  45673.012    28.7980     9.8196      1.000     9.8280    22.1424     6.2232     8.8936     94.385    271.893    277.928    0.00409    6.59713    9.42795  288.24632   14.92989 1.7941e+00     3.9230     2.6168    54.4023 0.0000e+00
        294 169.744829    0.02035     1.2211     73.264      2.018  46813.143    29.5921     9.8160      2.000     9.7875    22.7620     7.2580    10.3724    110.571    316.928    324.141    0.04277    6.56400    9.38061  286.62400   14.84906 1.6148e+00     4.6262     1.7017    65.3199 0.0000e+00
        299 169.744844    0.02070     1.2418     74.506      3.035  46988.634    29.7009     9.7040      3.000     9.6547    22.8645     7.2491    10.3597    110.242    316.509    323.746    0.01937    6.57564    9.39725  287.10376   14.87155 1.4693e+00     5.9381     1.5956    67.1064 0.0000e+00
        304 169.744857    0.02102     1.2612     75.675      4.031  47229.398    29.8323     9.4142      4.000     9.0513    23.0117     7.2975    10.4289    110.361    318.577    325.909    0.01329    6.61250    9.44992  288.67130   14.94593 1.4098e+00     7.2689     1.5525    67.8332 0.0000e+00
        311 169.744880    0.02156     1.2933     77.598      5.052  48509.301    30.5793     8.3291      5.000     8.2354    23.7580     7.2939    10.4237    108.183    318.186    325.746   -0.01114    6.74200    9.63499  294.11069   15.20274 1.3480e+00     9.0374     1.1549    74.9705 0.0000e+00
        317 169.744897    0.02196     1.3177     79.061      6.052  48874.614    30.7857     8.0193      6.000     7.9266    23.9633     7.1145    10.1674    104.928    310.300    317.736   -0.03300    6.78064    9.69022  295.73665   15.27950 1.2945e+00     9.9132     0.8575    80.7296 0.0000e+00
        324 169.744917    0.02246     1.3477     80.861      7.070  49120.210    30.9274     7.8296      7.000     7.8145    24.1010     6.9237     9.8946    101.764    301.934    309.211   -0.04225    6.80362    9.72305  296.69878   15.32485 1.2701e+00     6.8315     0.7116    83.6997 0.0000e+00
        331 169.744937    0.02293     1.3753     82.519      8.075  49450.355    31.1280     7.6487      8.000     7.5505    24.2835     6.8650     9.8108    100.619    299.323    306.592   -0.03142    6.82282    9.75050  297.48321   15.36146 1.2209e+00     5.4104     0.6741    84.4937 0.0000e+00
        337 169.744955    0.02335     1.4010     84.060      9.090  49839.357    31.3593     7.4074      9.000     7.3758    24.4981     6.7940     9.7093     99.180    296.165    303.421   -0.02894    6.85018    9.78959  298.61366   15.41446 1.1809e+00     4.6054     0.5401    87.3771 0.0000e+00
        341 169.744966    0.02364     1.4184     85.105     10.087  49970.017    31.4451     7.3790     10.000     7.3824    24.5693     6.7330     9.6222     98.282    293.488    300.699   -0.02779    6.85080    9.79048  298.61986   15.41440 1.1441e+00     3.5926     0.4982    88.2914 0.0000e+00
        348 169.744985    0.02408     1.4447     86.683     11.109  50037.368    31.4973     7.4129     11.000     7.4385    24.6058     6.7025     9.5785     97.945    292.146    299.334   -0.01812    6.84313    9.77953  298.27511   15.39774 1.1101e+00     2.8171     0.4709    88.8932 0.0000e+00
        353 169.745000    0.02445     1.4669     88.014     12.114  50098.097    31.5552     7.5087     12.000     7.5188    24.6383     6.7130     9.5935     98.351    292.592    299.801   -0.00791    6.82555    9.75438  297.49891   15.36046 1.0683e+00     2.9449     0.4769    88.7610 0.0000e+00
        358 169.745014    0.02478     1.4871     89.223     13.128  50039.031    31.5087     7.4801     13.000     7.4315    24.6057     6.7534     9.6514     98.849    294.367    301.609    0.00019    6.83210    9.76375  297.79411   15.37474 1.0207e+00     3.2150     0.4544    89.2627 0.0000e+00
        362 169.745026    0.02506     1.5037     90.223     14.131  50113.180    31.5443     7.3864     14.000     7.3403    24.6463     6.7510     9.6478     98.624    294.246    301.499   -0.00165    6.84518    9.78244  298.35217   15.40123 9.7338e-01     2.7680     0.4357    89.6802 0.0000e+00
        366 169.745038    0.02536     1.5214     91.284     15.143  50268.571    31.6395     7.3114     15.000     7.3149    24.7313     6.7000     9.5750     97.772    292.000    299.222   -0.00826    6.85270    9.79319  298.65530   15.41530 9.2876e-01     2.5033     0.4210    90.0104 0.0000e+00
        370 169.745049    0.02563     1.5379     92.274     16.156  50491.531    31.8030     7.3615     16.000     7.4315    24.8531     6.6426     9.4930     97.151    289.467    296.662   -0.01231    6.83749    9.77145  297.95703   15.38132 8.8704e-01     2.8543     0.3936    90.6278 0.0000e+00
        374 169.745060    0.02588     1.5527     93.163     17.156  50406.492    31.7602     7.4616     17.000     7.4746    24.8059     6.6358     9.4833     97.246    289.182    296.355   -0.00845    6.82374    9.75180  297.37153   15.35355 8.4179e-01     2.2012     0.3699    91.1669 0.0000e+00
        378 169.745072    0.02617     1.5702     94.213     18.171  50304.656    31.6880     7.4580     18.000     7.3993    24.7497     6.6466     9.4986     97.349    289.666    296.835   -0.00422    6.82753    9.75722  297.55326   15.36251 8.0651e-01     2.1885     0.3813    90.9071 0.0000e+00
        382 169.745084    0.02646     1.5877     95.263     19.182  50364.280    31.7111     7.3509     19.000     7.3230    24.7824     6.6284     9.4726     96.860    288.865    296.023   -0.00699    6.84325    9.77970  298.22901   15.39467 7.5273e-01     2.2804     0.3825    90.8961 0.0000e+00
        386 169.745096    0.02675     1.6046     96.276     20.187  50384.122    31.7164     7.3040     20.000     7.2819    24.7929     6.6018     9.4346     96.371    287.702    294.835   -0.00925    6.85038    9.78989  298.53662   15.40932 7.0313e-01     2.0888     0.7208    83.8612 0.0000e+00
        391 169.745109    0.02705     1.6231     97.386     21.200  50369.142    31.6973     7.2557     21.000     7.2210    24.7843     6.5761     9.3979     95.877    286.585    293.688   -0.01049    6.85885    9.80199  298.90817   15.42713 6.6274e-01     1.6892     0.3912    90.6474 0.0000e+00
        395 169.745122    0.02737     1.6424     98.543     22.210  50402.753    31.7074     7.1818     22.000     7.1634    24.8022     6.5513     9.3625     95.360    285.501    292.582   -0.01145    6.87005    9.81799  299.39090   15.45012 6.1713e-01     1.8479     0.3979    90.5286 0.0000e+00
        400 169.745135    0.02770     1.6617     99.700     23.216  50452.814    31.7402     7.1724     23.000     7.1741    24.8293     6.5473     9.3568     95.302    285.318    292.403   -0.00839    6.87005    9.81799  299.38290   15.44960 5.6917e-01     1.5524     0.3923    90.6578 0.0000e+00
        405 169.745150    0.02806     1.6834    101.006     24.230  50427.637    31.7210     7.1655     24.000     7.1513    24.8151     6.5511     9.3622     95.330    285.488    292.573   -0.00468    6.87202    9.82080  299.47272   15.45396 5.2277e-01     1.5202     0.3958    90.5795 0.0000e+00
        410 169.745164    0.02837     1.7026    102.154     25.240  50414.897    31.7056     7.1307     25.000     7.1081    24.8076     6.5499     9.3604     95.227    285.437    292.519   -0.00399    6.87821    9.82964  299.74470   15.46700 4.6991e-01     1.3910     0.3961    90.5714 0.0000e+00
        414 169.745176    0.02866     1.7196    103.174     26.245  50455.519    31.7284     7.1013     26.000     7.0980    24.8294     6.5371     9.3422     94.991    284.874    291.948   -0.00477    6.88184    9.83483  299.89646   15.47415 4.1802e-01     1.2285     0.4029    90.4188 0.0000e+00
        418 169.745188    0.02896     1.7378    104.266     27.254  50466.578    31.7359     7.1030     27.000     7.1051    24.8351     6.5281     9.3292     94.868    284.479    291.544   -0.00458    6.88123    9.83396  299.86825   15.47277 3.7261e-01     1.3859     0.4018    90.4434 0.0000e+00
        423 169.745203    0.02931     1.7588    105.526     28.265  50475.259    31.7439     7.1170     28.000     7.1223    24.8396     6.5271     9.3279     94.889    284.435    291.500   -0.00275    6.87865    9.83027  299.75450   15.46732 3.3290e-01     1.3195     0.3990    90.5072 0.0000e+00
        429 169.745219    0.02970     1.7819    106.913     29.278  50469.908    31.7427     7.1341     29.000     7.1346    24.8363     6.5225     9.3212     94.858    284.233    291.293   -0.00195    6.87600    9.82649  299.64002   15.46186 2.9417e-01     1.1264     0.3924    90.6568 0.0000e+00
        433 169.745233    0.03003     1.8020    108.123     30.285  50476.649    31.7488     7.1453     30.000     7.1443    24.8397     6.5251     9.3250     94.925    284.348    291.411   -0.00087    6.87395    9.82356  299.54995   15.45754 2.5666e-01     1.0945     0.3853    90.8182 0.0000e+00
        439 169.745248    0.03039     1.8235    109.410     31.292  50474.393    31.7447     7.1333     31.000     7.1248    24.8381     6.5151     9.3108     94.752    283.915    290.967   -0.00191    6.87604    9.82654  299.64127   15.46191 2.2438e-01     1.2888     0.3811    90.9136 0.0000e+00
        445 169.745265    0.03082     1.8493    110.957     32.312  50495.211    31.7568     7.1223     32.000     7.1222    24.8491     6.5141     9.3092     94.719    283.863    290.917   -0.00117    6.87720    9.82822  299.68912   15.46414 1.9449e-01     1.0808     0.3837    90.8517 0.0000e+00
        449 169.745279    0.03113     1.8676    112.057     33.312  50497.934    31.7595     7.1292     33.000     7.1280    24.8503     6.4989     9.2876     94.515    283.203    290.241   -0.00287    6.87602    9.82652  299.63685   15.46164 1.7070e-01     1.1120     0.3796    90.9478 0.0000e+00
        454 169.745292    0.03146     1.8874    113.243     34.328  50480.589    31.7466     7.1277     34.000     7.1098    24.8404     6.5116     9.3059     94.690    283.762    290.811   -0.00041    6.87684    9.82769  299.67562   15.46354 1.5001e-01     1.1425     0.3755    91.0376 0.0000e+00
        458 169.745304    0.03173     1.9036    114.220     35.334  50504.094    31.7575     7.0984     35.000     7.0866    24.8528     6.5039     9.2947     94.520    283.420    290.463   -0.00147    6.88098    9.83361  299.85233   15.47193 1.2989e-01     1.0633     0.3867    90.7856 0.0000e+00
        462 169.745315    0.03199     1.9195    115.172     36.344  50516.053    31.7627     7.0832     36.000     7.0769    24.8589     6.4944     9.2810     94.351    283.002    290.037   -0.00299    6.88316    9.83671  299.94539   15.47634 1.1495e-01     1.1727     0.3913    90.6810 0.0000e+00
        465 169.745325    0.03224     1.9346    116.074     37.351  50525.941    31.7688     7.0814     37.000     7.0794    24.8640     6.4855     9.2684     94.222    282.615    289.642   -0.00315    6.88318    9.83675  299.94498   15.47630 1.0224e-01     1.0229     0.3883    90.7501 0.0000e+00
        469 169.745336    0.03251     1.9503    117.019     38.359  50522.934    31.7665     7.0830     38.000     7.0780    24.8620     6.4759     9.2548     94.086    282.200    289.216   -0.00371    6.88301    9.83652  299.93834   15.47599 9.1028e-02     1.3038     0.3863    90.7960 0.0000e+00
        473 169.745348    0.03280     1.9676    118.055     39.374  50521.874    31.7643     7.0774     39.000     7.0682    24.8610     6.4733     9.2509     94.034    282.085    289.097   -0.00312    6.88401    9.83794  299.98215   15.47810 8.3191e-02     1.7273     0.3846    90.8318 0.0000e+00
        477 169.745360    0.03307     1.9843    119.056     40.382  50510.680    31.7534     7.0622     40.000     7.0427    24.8544     6.4772     9.2564     94.050    282.253    289.269   -0.00209    6.88691    9.84207  300.11001   15.48424 7.5661e-02     1.2193     0.3768    91.0090 0.0000e+00
        481 169.745370    0.03334     2.0004    120.022     41.391  50521.440    31.7546     7.0299     41.000     7.0126    24.8597     6.4797     9.2602     94.019    282.365    289.385   -0.00174    6.89198    9.84933  300.32978   15.49472 6.9313e-02     0.9474     0.3833    90.8617 0.0000e+00
        485 169.745381    0.03359     2.0156    120.939     42.401  50520.674    31.7492     7.0048     42.000     6.9815    24.8588     6.4776     9.2572     93.930    282.275    289.291   -0.00210    6.89622    9.85538  300.51468   15.50355 6.4118e-02     0.7458     0.3992    90.5013 0.0000e+00
        488 169.745392    0.03385     2.0310    121.862     43.408  50529.806    31.7484     6.9673     43.000     6.9457    24.8631     6.4698     9.2460     93.736    281.932    288.942   -0.00317    6.90222    9.86396  300.77511   15.51598 5.9959e-02     0.6999     0.4154    90.1352 0.0000e+00
        492 169.745403    0.03413     2.0476    122.854     44.422  50540.221    31.7491     6.9328     44.000     6.9156    24.8681     6.4571     9.2280     93.478    281.381    288.378   -0.00462    6.90769    9.87178  301.01185   15.52727 5.6610e-02     0.6815     0.4315    89.7745 0.0000e+00
        496 169.745415    0.03439     2.0635    123.812     45.430  50557.178    31.7566     6.9116     45.000     6.9022    24.8768     6.4490     9.2163     93.319    281.022    288.012   -0.00487    6.91074    9.87614  301.14223   15.53346 5.3672e-02     0.6998     0.4547    89.2540 0.0000e+00
        500 169.745425    0.03465     2.0791    124.745     46.441  50565.627    31.7606     6.9038     46.000     6.8973    24.8809     6.4471     9.2136     93.278    280.939    287.929   -0.00395    6.91179    9.87764  301.18659   15.53556 5.1257e-02     0.7865     0.4476    89.4139 0.0000e+00
        504 169.745436    0.03490     2.0940    125.641     47.449  50563.486    31.7577     6.8983     47.000     6.8896    24.8794     6.4498     9.2175     93.303    281.057    288.050   -0.00274    6.91281    9.87910  301.23154   15.53771 4.9291e-02     0.8524     0.4655    89.0171 0.0000e+00
        507 169.745446    0.03515     2.1087    126.524     48.461  50556.155    31.7505     6.8894     48.000     6.8748    24.8749     6.4481     9.2151     93.255    280.986    287.975   -0.00232    6.91456    9.88159  301.30901   15.54143 4.7717e-02     0.8158     0.4679    88.9590 0.0000e+00
        511 169.745456    0.03539     2.1230    127.377     49.465  50568.304    31.7555     6.8731     49.000     6.8634    24.8811     6.4462     9.2124     93.195    280.902    287.891   -0.00240    6.91694    9.88501  301.41129   15.54630 4.6503e-02     0.7747     0.4718    88.8751 0.0000e+00
        514 169.745467    0.03564     2.1386    128.314     50.479  50574.878    31.7580     6.8642     50.000     6.8565    24.8842     6.4334     9.1940     92.993    280.342    287.318   -0.00341    6.91824    9.88686  301.46703   15.54894 4.5323e-02     0.6922     0.4817    88.6543 0.0000e+00
        518 169.745477    0.03590     2.1539    129.233     51.488  50563.324    31.7481     6.8561     51.000     6.8391    24.8774     6.4320     9.1920     92.948    280.280    287.253   -0.00340    6.91999    9.88935  301.54490   15.55270 4.4364e-02     0.6919     0.4889    88.4954 0.0000e+00
        522 169.745488    0.03615     2.1692    130.154     52.496  50575.209    31.7521     6.8350     52.000     6.8222    24.8833     6.4472     9.2138     93.126    280.945    287.936   -0.00084    6.92319    9.89394  301.68301   15.55927 4.3493e-02     0.8167     0.4967    88.3221 0.0000e+00
        525 169.745499    0.03642     2.1853    131.115     53.509  50576.916    31.7498     6.8183     53.000     6.8035    24.8836     6.4522     9.2209     93.160    281.159    288.155   -0.00016    6.92596    9.89790  301.80359   15.56503 4.2935e-02     0.8059     0.5109    88.0097 0.0000e+00
