CTD-processing/allCTD/CNV/2014_04-06_t6_s08_cast245_5028.cnv
* Sea-Bird SBE19plus Data File:
* FileName = C:\Users\kris.holderied\Documents\kasitsna\Research-Projects-and-Data\Oceanography-AK\CTD-CookInlet-GulfWatchAK\2014-04-EVOSTC-CookInlet-Ocean\2014-04-06-CookInlet-Tran6-Douglas\2014-04-06-CookInlet-Tran6-cast245.hex
* Software Version 1.59
* Temperature SN =  5028
* Conductivity SN =  5028
* System UpLoad Time = Apr 09 2014 11:26:57
** Cook Inlet LTM Transect 6 (Douglas) east to west
** Date: 6 Apr 2014
** Station: 6-08
** Start time: 11:21
** Depth (m): 132
** Comment:  CTD instrument time is AK Daylight time
** Comment:
# nquan = 27
# nvalues = 128                         
# units = specified
# name 0 = scan: Scan Count
# name 1 = timeJ: Julian Days
# name 2 = timeH: Time, Elapsed [hours]
# name 3 = timeM: Time, Elapsed [minutes]
# name 4 = timeS: Time, Elapsed [seconds]
# name 5 = prdM: Pressure, Strain Gauge [db]
# name 6 = specc: Specific Conductance [uS/cm]
# name 7 = sal00: Salinity, Practical [PSU]
# name 8 = tv290C: Temperature [ITS-90, deg C]
# name 9 = depSM: Depth [salt water, m], lat = 59.00
# name 10 = potemp090C: Potential Temperature [ITS-90, deg C]
# name 11 = sigma-é00: Density [sigma-theta, kg/m^3]
# name 12 = sbeox0ML/L: Oxygen, SBE 43 [ml/l]
# name 13 = sbeox0Mg/L: Oxygen, SBE 43 [mg/l]
# name 14 = sbeox0PS: Oxygen, SBE 43 [% saturation]
# name 15 = sbox0Mm/Kg: Oxygen, SBE 43 [umol/kg]
# name 16 = sbeox0Mm/L: Oxygen, SBE 43 [umol/l]
# name 17 = sbox0dV/dT: Oxygen, SBE 43 [dov/dt]
# name 18 = oxsolML/L: Oxygen Saturation, Garcia & Gordon [ml/l]
# name 19 = oxsolMg/L: Oxygen Saturation, Garcia & Gordon [mg/l]
# name 20 = oxsolMm/Kg: Oxygen Saturation, Garcia & Gordon [umol/kg]
# name 21 = potemp090C: Potential Temperature [ITS-90, deg C]
# name 22 = n2satMg/L: Nitrogen Saturation [mg/l]
# name 23 = par: PAR/Irradiance, Biospherical/Licor
# name 24 = flECO-AFL: Fluorescence, WET Labs ECO-AFL/FL [mg/m^3]
# name 25 = turbWETntu0: Turbidity, WET Labs ECO [NTU]
# name 26 = flag: flag
# span 0 =         37,        722       
# span 1 =  96.472812,  96.474794       
# span 2 =    0.00249,    0.05005       
# span 3 =     0.1494,     3.0027       
# span 4 =      8.963,    180.165       
# span 5 =      1.010,    129.248       
# span 6 =  48093.035,  51637.258       
# span 7 =    29.8487,    32.0393       
# span 8 =     4.7974,     4.8746       
# span 9 =      1.000,    128.000       
# span 10 =     4.7889,     4.8471      
# span 11 =    23.6093,    25.3503      
# span 12 =     6.1823,     7.5226      
# span 13 =     8.8352,    10.7506      
# span 14 =     84.081,    103.722      
# span 15 =    269.827,    327.678      
# span 16 =    276.103,    335.960      
# span 17 =   -0.00265,    0.01733      
# span 18 =    7.24794,    7.35160      
# span 19 =   10.35802,   10.50617      
# span 20 =  315.68989,  320.85223      
# span 21 =     4.7889,     4.8745      
# span 22 =   16.22544,   16.48012      
# span 23 = 3.7912e-02, 9.6591e+01      
# span 24 =     0.3204,     0.6215      
# span 25 =     0.3624,     1.1047      
# span 26 = 0.0000e+00, 0.0000e+00      
# interval = meters: 1                  
# start_time = Apr 06 2014 11:20:42 [Instrument's time stamp, header]
# bad_flag = -9.990e-29
*END*
         37  96.472812    0.00249     0.1494      8.963      1.010  48093.035    29.8487     4.8746      1.000     4.8471    23.6093     6.1823     8.8352     84.081    269.827    276.103   -0.00265    7.35160   10.50617  320.85223     4.8745   16.48012 9.6591e+01     0.4370     1.1047 0.0000e+00
        284  96.473528    0.01969     1.1811     70.868      2.019  51259.242    31.8506     4.8143      2.000     4.8123    25.1992     6.7249     9.6104     92.677    292.950    300.330    0.01370    7.25648   10.37023  316.11286     4.8141   16.24633 8.8540e+01     0.3867     0.4891 0.0000e+00
        298  96.473567    0.02061     1.2366     74.196      3.028  51389.511    31.9323     4.8106      3.000     4.8097    25.2643     6.7370     9.6278     92.888    293.458    300.872    0.01196    7.25282   10.36500  315.92910     4.8104   16.23725 7.2546e+01     0.3802     0.4064 0.0000e+00
        301  96.473576    0.02082     1.2492     74.954      4.038  51390.628    31.9324     4.8097      4.000     4.8094    25.2644     6.7327     9.6218     92.828    293.275    300.684    0.01022    7.25295   10.36520  315.93493     4.8095   16.23753 6.1705e+01     0.3886     0.3800 0.0000e+00
        304  96.473584    0.02102     1.2615     75.689      5.047  51390.635    31.9318     4.8096      5.000     4.8089    25.2640     6.7349     9.6247     92.856    293.367    300.779    0.00900    7.25301   10.36528  315.93760     4.8093   16.23766 5.4996e+01     0.4099     0.3731 0.0000e+00
        307  96.473593    0.02124     1.2742     76.449      6.057  51390.861    31.9313     4.8091      6.000     4.8082    25.2637     6.7461     9.6409     93.010    293.857    301.282    0.00826    7.25311   10.36543  315.94228     4.8087   16.23788 4.9574e+01     0.4425     0.3735 0.0000e+00
        310  96.473602    0.02145     1.2871     77.228      7.067  51391.489    31.9311     4.8084      7.000     4.8073    25.2636     6.7733     9.6798     93.384    295.043    302.497    0.00821    7.25325   10.36561  315.94788     4.8079   16.23815 4.5035e+01     0.4795     0.3778 0.0000e+00
        313  96.473611    0.02166     1.2996     77.977      8.076  51392.964    31.9314     4.8075      8.000     4.8062    25.2640     6.8196     9.7459     94.020    297.060    304.565    0.00899    7.25340   10.36583  315.95456     4.8069   16.23847 4.2098e+01     0.5056     0.3849 0.0000e+00
        316  96.473619    0.02186     1.3114     78.686      9.085  51394.712    31.9319     4.8065      9.000     4.8053    25.2644     6.8829     9.8364     94.891    299.817    307.392    0.01043    7.25354   10.36603  315.96032     4.8059   16.23874 4.0225e+01     0.5336     0.3767 0.0000e+00
        319  96.473627    0.02205     1.3230     79.378     10.095  51396.406    31.9324     4.8057     10.000     4.8045    25.2649     6.9603     9.9470     95.955    303.185    310.846    0.01234    7.25365   10.36619  315.96507     4.8050   16.23896 3.8545e+01     0.5614     0.3701 0.0000e+00
        321  96.473635    0.02224     1.3348     80.086     11.104  51398.031    31.9329     4.8050     11.000     4.8039    25.2654     7.0476    10.0716     97.157    306.986    314.743    0.01448    7.25374   10.36633  315.96909     4.8043   16.23915 3.6379e+01     0.5876     0.3750 0.0000e+00
        324  96.473644    0.02245     1.3472     80.830     12.114  51399.474    31.9332     4.8045     12.000     4.8033    25.2657     7.1337    10.1949     98.345    310.742    318.594    0.01623    7.25382   10.36644  315.97244     4.8037   16.23931 3.3952e+01     0.6059     0.3748 0.0000e+00
        327  96.473653    0.02267     1.3599     81.593     13.124  51400.542    31.9334     4.8042     13.000     4.8033    25.2659     7.2101    10.3040     99.397    314.069    322.005    0.01733    7.25387   10.36651  315.97464     4.8033   16.23941 3.1666e+01     0.6139     0.3733 0.0000e+00
        330  96.473661    0.02288     1.3725     82.349     14.133  51400.924    31.9332     4.8043     14.000     4.8034    25.2657     7.2584    10.3730    100.062    316.172    324.160    0.01725    7.25386   10.36650  315.97412     4.8033   16.23939 2.9444e+01     0.6165     0.3726 0.0000e+00
        333  96.473670    0.02309     1.3849     83.092     15.142  51401.487    31.9331     4.8044     15.000     4.8031    25.2656     7.2688    10.3878    100.205    316.623    324.622    0.01560    7.25386   10.36649  315.97398     4.8033   16.23938 2.7195e+01     0.6215     0.3721 0.0000e+00
        336  96.473679    0.02327     1.3966     83.796     16.151  51402.464    31.9332     4.8043     16.000     4.8030    25.2657     7.2641    10.3810    100.140    316.417    324.412    0.01353    7.25387   10.36651  315.97468     4.8031   16.23942 2.4920e+01     0.6207     0.3723 0.0000e+00
        339  96.473685    0.02346     1.4075     84.452     17.161  51403.601    31.9335     4.8041     17.000     4.8029    25.2660     7.2706    10.3904    100.231    316.705    324.707    0.01224    7.25388   10.36652  315.97484     4.8029   16.23942 2.2770e+01     0.6115     0.3725 0.0000e+00
        341  96.473693    0.02364     1.4183     85.101     18.171  51405.043    31.9340     4.8042     18.000     4.8029    25.2664     7.2880    10.4151    100.470    317.459    325.480    0.01156    7.25385   10.36647  315.97328     4.8029   16.23934 2.0833e+01     0.5985     0.3733 0.0000e+00
        344  96.473702    0.02383     1.4300     85.801     19.180  51407.448    31.9351     4.8042     19.000     4.8024    25.2673     7.3123    10.4499    100.806    318.516    326.564    0.01118    7.25380   10.36640  315.97079     4.8028   16.23922 1.9098e+01     0.5868     0.3759 0.0000e+00
        347  96.473711    0.02406     1.4434     86.605     20.189  51410.827    31.9368     4.8036     20.000     4.8018    25.2688     7.3354    10.4829    101.124    319.522    327.596    0.01064    7.25382   10.36643  315.97121     4.8021   16.23924 1.7512e+01     0.5756     0.3787 0.0000e+00
        351  96.473720    0.02428     1.4568     87.408     21.199  51413.083    31.9378     4.8032     21.000     4.8015    25.2695     7.3468    10.4993    101.282    320.022    328.109    0.00970    7.25384   10.36647  315.97228     4.8017   16.23928 1.5988e+01     0.5662     0.3798 0.0000e+00
        354  96.473729    0.02448     1.4688     88.130     22.209  51414.267    31.9381     4.8030     22.000     4.8013    25.2698     7.3519    10.5066    101.352    320.245    328.337    0.00870    7.25386   10.36649  315.97282     4.8014   16.23932 1.4529e+01     0.5600     0.3813 0.0000e+00
        356  96.473736    0.02466     1.4796     88.778     23.219  51414.973    31.9380     4.8029     23.000     4.8013    25.2698     7.3573    10.5143    101.426    320.479    328.577    0.00793    7.25386   10.36650  315.97296     4.8013   16.23932 1.3210e+01     0.5603     0.3786 0.0000e+00
        359  96.473743    0.02484     1.4905     89.431     24.228  51415.943    31.9382     4.8031     24.000     4.8015    25.2699     7.3662    10.5271    101.550    320.869    328.977    0.00739    7.25383   10.36645  315.97154     4.8014   16.23924 1.2058e+01     0.5621     0.3743 0.0000e+00
        361  96.473751    0.02503     1.5021     90.123     25.237  51416.963    31.9385     4.8033     25.000     4.8017    25.2701     7.3812    10.5485    101.757    321.521    329.646    0.00708    7.25377   10.36636  315.96875     4.8016   16.23911 1.1001e+01     0.5598     0.3728 0.0000e+00
        364  96.473760    0.02524     1.5143     90.857     26.247  51417.358    31.9383     4.8036     26.000     4.8017    25.2699     7.4017    10.5779    102.041    322.416    330.564    0.00704    7.25373   10.36632  315.96753     4.8017   16.23906 1.0007e+01     0.5608     0.3734 0.0000e+00
        367  96.473768    0.02545     1.5265     91.591     27.256  51418.005    31.9383     4.8037     27.000     4.8018    25.2699     7.4175    10.6004    102.259    323.103    331.268    0.00682    7.25373   10.36630  315.96700     4.8017   16.23903 9.0760e+00     0.5622     0.3751 0.0000e+00
        370  96.473777    0.02564     1.5384     92.305     28.266  51419.490    31.9388     4.8039     28.000     4.8019    25.2703     7.4270    10.6140    102.390    323.517    331.692    0.00637    7.25368   10.36622  315.96448     4.8018   16.23891 8.2360e+00     0.5551     0.3785 0.0000e+00
        373  96.473786    0.02584     1.5507     93.044     29.276  51420.423    31.9390     4.8041     29.000     4.8021    25.2704     7.4386    10.6305    102.551    324.020    332.208    0.00602    7.25363   10.36615  315.96239     4.8020   16.23881 7.4907e+00     0.5489     0.3812 0.0000e+00
        376  96.473794    0.02606     1.5639     93.837     30.286  51422.169    31.9398     4.8044     30.000     4.8025    25.2710     7.4510    10.6481    102.722    324.557    332.759    0.00571    7.25354   10.36603  315.95826     4.8022   16.23861 6.8022e+00     0.5518     0.3800 0.0000e+00
        379  96.473803    0.02628     1.5771     94.624     31.295  51423.927    31.9406     4.8049     31.000     4.8029    25.2717     7.4588    10.6595    102.832    324.901    333.113    0.00528    7.25341   10.36585  315.95258     4.8027   16.23834 6.1555e+00     0.5542     0.3736 0.0000e+00
        382  96.473812    0.02648     1.5888     95.327     32.305  51425.184    31.9410     4.8052     32.000     4.8031    25.2720     7.4615    10.6632    102.870    325.016    333.230    0.00474    7.25333   10.36573  315.94912     4.8029   16.23817 5.5696e+00     0.5381     0.3645 0.0000e+00
        385  96.473819    0.02666     1.5996     95.975     33.315  51427.889    31.9424     4.8054     33.000     4.8034    25.2731     7.4652    10.6685    102.923    325.178    333.396    0.00434    7.25321   10.36557  315.94363     4.8031   16.23790 5.0443e+00     0.5374     0.3624 0.0000e+00
        388  96.473827    0.02685     1.6108     96.650     34.324  51430.036    31.9435     4.8059     34.000     4.8038    25.2739     7.4718    10.6780    103.016    325.467    333.692    0.00409    7.25308   10.36538  315.93758     4.8035   16.23761 4.5860e+00     0.5380     0.3655 0.0000e+00
        391  96.473836    0.02706     1.6236     97.416     35.333  51431.487    31.9441     4.8064     35.000     4.8042    25.2743     7.4788    10.6880    103.114    325.771    334.004    0.00383    7.25297   10.36521  315.93240     4.8039   16.23736 4.1809e+00     0.5304     0.3729 0.0000e+00
        394  96.473846    0.02730     1.6379     98.271     36.343  51432.702    31.9445     4.8069     36.000     4.8045    25.2746     7.4831    10.6942    103.176    325.960    334.198    0.00345    7.25287   10.36507  315.92803     4.8043   16.23715 3.8078e+00     0.5084     0.3819 0.0000e+00
        397  96.473855    0.02753     1.6517     99.103     37.353  51434.472    31.9453     4.8073     37.000     4.8050    25.2752     7.4847    10.6964    103.198    326.027    334.268    0.00300    7.25275   10.36491  315.92288     4.8047   16.23690 3.4603e+00     0.5088     0.3870 0.0000e+00
        400  96.473864    0.02773     1.6638     99.830     38.362  51435.842    31.9459     4.8077     38.000     4.8052    25.2756     7.4859    10.6980    103.216    326.077    334.319    0.00266    7.25266   10.36477  315.91863     4.8050   16.23669 3.1452e+00     0.5118     0.3865 0.0000e+00
        403  96.473871    0.02791     1.6745    100.468     39.372  51436.963    31.9462     4.8080     39.000     4.8054    25.2759     7.4851    10.6970    103.207    326.045    334.286    0.00232    7.25259   10.36468  315.91570     4.8052   16.23656 2.8605e+00     0.5117     0.3826 0.0000e+00
        405  96.473878    0.02808     1.6846    101.075     40.381  51437.734    31.9463     4.8082     40.000     4.8055    25.2759     7.4824    10.6931    103.169    325.924    334.162    0.00194    7.25253   10.36460  315.91324     4.8054   16.23644 2.6044e+00     0.5203     0.3780 0.0000e+00
        408  96.473885    0.02825     1.6950    101.697     41.391  51437.380    31.9456     4.8083     41.000     4.8051    25.2753     7.4835    10.6947    103.184    325.973    334.212    0.00171    7.25256   10.36463  315.91460     4.8054   16.23651 2.3761e+00     0.5258     0.3767 0.0000e+00
        411  96.473894    0.02844     1.7064    102.386     42.401  51436.907    31.9446     4.8080     42.000     4.8046    25.2746     7.4859    10.6981    103.216    326.078    334.320    0.00158    7.25267   10.36479  315.91950     4.8050   16.23675 2.1668e+00     0.5162     0.3801 0.0000e+00
        414  96.473902    0.02866     1.7195    103.168     43.411  51437.308    31.9443     4.8075     43.000     4.8043    25.2744     7.4947    10.7107    103.336    326.462    334.714    0.00165    7.25276   10.36492  315.92343     4.8045   16.23694 1.9712e+00     0.5135     0.3807 0.0000e+00
        417  96.473912    0.02889     1.7335    104.008     44.420  51438.442    31.9446     4.8074     44.000     4.8044    25.2746     7.5121    10.7357    103.577    327.224    335.494    0.00209    7.25277   10.36493  315.92364     4.8043   16.23695 1.7859e+00     0.5160     0.3801 0.0000e+00
        420  96.473922    0.02912     1.7468    104.809     45.430  51440.442    31.9455     4.8076     45.000     4.8047    25.2753     7.5226    10.7506    103.722    327.678    335.960    0.00227    7.25269   10.36482  315.92004     4.8044   16.23677 1.6153e+00     0.5164     0.3831 0.0000e+00
        423  96.473930    0.02932     1.7594    105.566     46.439  51446.183    31.9491     4.8082     46.000     4.8059    25.2781     7.5180    10.7439    103.661    327.473    335.751    0.00177    7.25240   10.36441  315.90687     4.8050   16.23613 1.4631e+00     0.5145     0.3896 0.0000e+00
        426  96.473939    0.02954     1.7725    106.352     47.449  51454.144    31.9544     4.8099     47.000     4.8075    25.2822     7.5132    10.7371    103.603    327.265    335.538    0.00134    7.25187   10.36364  315.88216     4.8065   16.23493 1.3291e+00     0.5063     0.3851 0.0000e+00
        430  96.473949    0.02977     1.7865    107.187     48.459  51459.585    31.9580     4.8115     48.000     4.8086    25.2849     7.5073    10.7286    103.528    327.006    335.275    0.00090    7.25141   10.36299  315.86130     4.8081   16.23392 1.2076e+00     0.4917     0.3834 0.0000e+00
        433  96.473958    0.03001     1.8005    108.032     49.468  51462.220    31.9595     4.8124     49.000     4.8090    25.2859     7.4997    10.7179    103.427    326.676    334.936    0.00044    7.25118   10.36266  315.85100     4.8089   16.23342 1.0995e+00     0.4806     0.3756 0.0000e+00
        436  96.473968    0.03024     1.8144    108.866     50.478  51463.624    31.9600     4.8126     50.000     4.8090    25.2864     7.4945    10.7103    103.356    326.449    334.703    0.00012    7.25111   10.36256  315.84789     4.8091   16.23327 1.0037e+00     0.4731     0.3665 0.0000e+00
        440  96.473978    0.03048     1.8285    109.707     51.488  51465.608    31.9609     4.8126     51.000     4.8089    25.2871     7.4902    10.7043    103.299    326.264    334.514   -0.00010    7.25107   10.36251  315.84609     4.8090   16.23319 9.1577e-01     0.4656     0.3713 0.0000e+00
        443  96.473987    0.03070     1.8421    110.528     52.498  51467.130    31.9614     4.8125     52.000     4.8087    25.2875     7.4841    10.6956    103.214    325.997    334.240   -0.00037    7.25106   10.36249  315.84550     4.8088   16.23316 8.3427e-01     0.4734     0.3685 0.0000e+00
        446  96.473996    0.03091     1.8547    111.284     53.507  51469.847    31.9628     4.8124     53.000     4.8086    25.2886     7.4812    10.6913    103.174    325.868    334.109   -0.00050    7.25102   10.36243  315.84336     4.8086   16.23305 7.6070e-01     0.4762     0.3754 0.0000e+00
