CTD-processing/allCTD/CNV/2014_04-06_t6_s18_cast255_5028.cnv
* Sea-Bird SBE19plus Data File:
* FileName = C:\Users\kris.holderied\Documents\kasitsna\Research-Projects-and-Data\Oceanography-AK\CTD-CookInlet-GulfWatchAK\2014-04-EVOSTC-CookInlet-Ocean\2014-04-06-CookInlet-Tran6-Douglas\2014-04-06-CookInlet-Tran6-cast255.hex
* Software Version 1.59
* Temperature SN =  5028
* Conductivity SN =  5028
* System UpLoad Time = Apr 09 2014 11:36:20
** Cook Inlet LTM Transect 6 (Douglas) east to west
** Date: 6 Apr 2014
** Station: 6-18
** Start time: 14:36
** Depth (m): 174
** Comment:  CTD instrument time is AK Daylight time
** Comment:
# nquan = 27
# nvalues = 172                         
# units = specified
# name 0 = scan: Scan Count
# name 1 = timeJ: Julian Days
# name 2 = timeH: Time, Elapsed [hours]
# name 3 = timeM: Time, Elapsed [minutes]
# name 4 = timeS: Time, Elapsed [seconds]
# name 5 = prdM: Pressure, Strain Gauge [db]
# name 6 = specc: Specific Conductance [uS/cm]
# name 7 = sal00: Salinity, Practical [PSU]
# name 8 = tv290C: Temperature [ITS-90, deg C]
# name 9 = depSM: Depth [salt water, m], lat = 59.00
# name 10 = potemp090C: Potential Temperature [ITS-90, deg C]
# name 11 = sigma-é00: Density [sigma-theta, kg/m^3]
# name 12 = sbeox0ML/L: Oxygen, SBE 43 [ml/l]
# name 13 = sbeox0Mg/L: Oxygen, SBE 43 [mg/l]
# name 14 = sbeox0PS: Oxygen, SBE 43 [% saturation]
# name 15 = sbox0Mm/Kg: Oxygen, SBE 43 [umol/kg]
# name 16 = sbeox0Mm/L: Oxygen, SBE 43 [umol/l]
# name 17 = sbox0dV/dT: Oxygen, SBE 43 [dov/dt]
# name 18 = oxsolML/L: Oxygen Saturation, Garcia & Gordon [ml/l]
# name 19 = oxsolMg/L: Oxygen Saturation, Garcia & Gordon [mg/l]
# name 20 = oxsolMm/Kg: Oxygen Saturation, Garcia & Gordon [umol/kg]
# name 21 = potemp090C: Potential Temperature [ITS-90, deg C]
# name 22 = n2satMg/L: Nitrogen Saturation [mg/l]
# name 23 = par: PAR/Irradiance, Biospherical/Licor
# name 24 = flECO-AFL: Fluorescence, WET Labs ECO-AFL/FL [mg/m^3]
# name 25 = turbWETntu0: Turbidity, WET Labs ECO [NTU]
# name 26 = flag: flag
# span 0 =         52,       1164       
# span 1 =  96.608262,  96.611479       
# span 2 =    0.00356,    0.08077       
# span 3 =     0.2136,     4.8463       
# span 4 =     12.816,    290.777       
# span 5 =      1.009,    173.696       
# span 6 =  47808.955,  52029.000       
# span 7 =    29.6965,    32.3146       
# span 8 =     4.8697,     4.9650       
# span 9 =      1.000,    172.000       
# span 10 =     4.8676,     4.9572      
# span 11 =    23.4814,    25.5555      
# span 12 =     6.0326,     6.9536      
# span 13 =     8.6211,     9.9374      
# span 14 =     82.102,     96.179      
# span 15 =    263.329,    302.839      
# span 16 =    269.414,    310.547      
# span 17 =   -0.00134,    0.01205      
# span 18 =    7.21156,    7.34957      
# span 19 =   10.30604,   10.50328      
# span 20 =  314.04800,  320.82897      
# span 21 =     4.8677,     4.9649      
# span 22 =   16.14625,   16.47959      
# span 23 = 3.7912e-02, 2.3329e+02      
# span 24 =    -0.0269,     0.5896      
# span 25 =     0.2969,     2.2404      
# span 26 = 0.0000e+00, 0.0000e+00      
# interval = meters: 1                  
# start_time = Apr 06 2014 14:35:41 [Instrument's time stamp, header]
# bad_flag = -9.990e-29
*END*
[from data line 162]
       1122  96.611356    0.07782     4.6692    280.149    164.604  52022.710    32.3138     4.9295    163.000     4.9175    25.5551     6.7550     9.6536     93.642    294.162    301.679   -0.00089    7.21371   10.30912  314.13670     4.9175   16.15040 3.7912e-02     0.2506     0.6380 0.0000e+00
       1128  96.611374    0.07825     4.6953    281.717    165.614  52023.399    32.3138     4.9298    164.000     4.9178    25.5551     6.7537     9.6517     93.624    294.103    301.618   -0.00075    7.21367   10.30905  314.13450     4.9177   16.15030 3.7912e-02     0.2598     0.6363 0.0000e+00
       1132  96.611387    0.07855     4.7133    282.800    166.624  52024.123    32.3138     4.9299    165.000     4.9179    25.5551     6.7482     9.6439     93.548    293.866    301.376   -0.00088    7.21363   10.30899  314.13277     4.9178   16.15021 3.7912e-02     0.2649     0.6638 0.0000e+00
       1136  96.611398    0.07883     4.7297    283.783    167.635  52024.979    32.3141     4.9303    166.000     4.9182    25.5553     6.7470     9.6422     93.532    293.812    301.320   -0.00081    7.21356   10.30890  314.12996     4.9180   16.15008 3.7912e-02     0.2622     0.6657 0.0000e+00
       1140  96.611410    0.07913     4.7475    284.848    168.645  52025.374    32.3139     4.9307    167.000     4.9186    25.5551     6.7455     9.6401     93.513    293.750    301.256   -0.00078    7.21349   10.30880  314.12696     4.9184   16.14994 3.7912e-02     0.2649     0.6747 0.0000e+00
       1145  96.611424    0.07943     4.7660    285.959    169.656  52026.229    32.3141     4.9311    168.000     4.9189    25.5552     6.7492     9.6452     93.564    293.907    301.418   -0.00053    7.21342   10.30870  314.12395     4.9187   16.14979 3.7912e-02     0.2818     0.7070 0.0000e+00
       1149  96.611435    0.07971     4.7829    286.976    170.665  52027.406    32.3145     4.9316    169.000     4.9195    25.5555     6.7519     9.6492     93.603    294.027    301.541   -0.00036    7.21331   10.30854  314.11898     4.9191   16.14955 3.7912e-02     0.2501     0.7242 0.0000e+00
       1153  96.611447    0.08000     4.7997    287.985    171.676  52027.996    32.3146     4.9325    170.000     4.9203    25.5555     6.7513     9.6483     93.598    294.002    301.515   -0.00035    7.21316   10.30832  314.11222     4.9199   16.14923 3.7912e-02     0.2562     0.7490 0.0000e+00
       1158  96.611461    0.08034     4.8201    289.206    172.686  52028.329    32.3145     4.9332    171.000     4.9207    25.5553     6.7491     9.6451     93.568    293.905    301.415   -0.00039    7.21303   10.30814  314.10688     4.9206   16.14898 3.7912e-02     0.2512     0.8552 0.0000e+00
       1164  96.611479    0.08077     4.8463    290.777    173.696  52029.000    32.3146     4.9337    172.000     4.9212    25.5554     6.7409     9.6335     93.456    293.549    301.052   -0.00065    7.21294   10.30802  314.10306     4.9210   16.14880 3.7912e-02     0.2650     0.9655 0.0000e+00
