CTD-processing/allCTD/CNV/2014_04-06_t6_s12_cast249_5028.cnv
* Sea-Bird SBE19plus Data File:
* FileName = C:\Users\kris.holderied\Documents\kasitsna\Research-Projects-and-Data\Oceanography-AK\CTD-CookInlet-GulfWatchAK\2014-04-EVOSTC-CookInlet-Ocean\2014-04-06-CookInlet-Tran6-Douglas\2014-04-06-CookInlet-Tran6-cast249.hex
* Software Version 1.59
* Temperature SN =  5028
* Conductivity SN =  5028
* System UpLoad Time = Apr 09 2014 11:30:29
** Cook Inlet LTM Transect 6 (Douglas) east to west
** Date: 6 Apr 2014
** Station: 6-12
** Start time: 12:37
** Depth (m): 140
** Comment:  CTD instrument time is AK Daylight time
** Comment:
# nquan = 27
# nvalues = 138                         
# units = specified
# name 0 = scan: Scan Count
# name 1 = timeJ: Julian Days
# name 2 = timeH: Time, Elapsed [hours]
# name 3 = timeM: Time, Elapsed [minutes]
# name 4 = timeS: Time, Elapsed [seconds]
# name 5 = prdM: Pressure, Strain Gauge [db]
# name 6 = specc: Specific Conductance [uS/cm]
# name 7 = sal00: Salinity, Practical [PSU]
# name 8 = tv290C: Temperature [ITS-90, deg C]
# name 9 = depSM: Depth [salt water, m], lat = 59.00
# name 10 = potemp090C: Potential Temperature [ITS-90, deg C]
# name 11 = sigma-é00: Density [sigma-theta, kg/m^3]
# name 12 = sbeox0ML/L: Oxygen, SBE 43 [ml/l]
# name 13 = sbeox0Mg/L: Oxygen, SBE 43 [mg/l]
# name 14 = sbeox0PS: Oxygen, SBE 43 [% saturation]
# name 15 = sbox0Mm/Kg: Oxygen, SBE 43 [umol/kg]
# name 16 = sbeox0Mm/L: Oxygen, SBE 43 [umol/l]
# name 17 = sbox0dV/dT: Oxygen, SBE 43 [dov/dt]
# name 18 = oxsolML/L: Oxygen Saturation, Garcia & Gordon [ml/l]
# name 19 = oxsolMg/L: Oxygen Saturation, Garcia & Gordon [mg/l]
# name 20 = oxsolMm/Kg: Oxygen Saturation, Garcia & Gordon [umol/kg]
# name 21 = potemp090C: Potential Temperature [ITS-90, deg C]
# name 22 = n2satMg/L: Nitrogen Saturation [mg/l]
# name 23 = par: PAR/Irradiance, Biospherical/Licor
# name 24 = flECO-AFL: Fluorescence, WET Labs ECO-AFL/FL [mg/m^3]
# name 25 = turbWETntu0: Turbidity, WET Labs ECO [NTU]
# name 26 = flag: flag
# span 0 =         28,        804       
# span 1 =  96.525947,  96.528192       
# span 2 =    0.00189,    0.05576       
# span 3 =     0.1136,     3.3459       
# span 4 =      6.818,    200.755       
# span 5 =      1.009,    139.349       
# span 6 =  51297.072,  51875.166       
# span 7 =    31.9099,    32.2343       
# span 8 =     4.9067,     4.9725       
# span 9 =      1.000,    138.000       
# span 10 =     4.9067,     4.9637      
# span 11 =    25.2355,    25.4873      
# span 12 =     5.9339,     7.2537      
# span 13 =     8.4802,    10.3662      
# span 14 =     81.994,    100.540      
# span 15 =    258.498,    315.908      
# span 16 =    265.010,    323.948      
# span 17 =   -0.00634,    0.01861      
# span 18 =    7.21031,    7.23672      
# span 19 =   10.30425,   10.34200      
# span 20 =  314.00895,  315.24868      
# span 21 =     4.9066,     4.9637      
# span 22 =   16.14464,   16.20495      
# span 23 = 3.7912e-02, 7.8311e+01      
# span 24 =     0.3484,     0.5385      
# span 25 =     0.3565,     1.1805      
# span 26 = 0.0000e+00, 0.0000e+00      
# interval = meters: 1                  
# start_time = Apr 06 2014 12:37:15 [Instrument's time stamp, header]
# bad_flag = -9.990e-29
*END*
         28  96.525947    0.00189     0.1136      6.818      1.009  51297.072    31.9099     4.9152      1.000     4.9163    25.2355     5.9339     8.4802     81.994    258.498    265.010   -0.00634    7.23672   10.34200  315.24868     4.9151   16.20495 7.8311e+01     0.4021     1.1805 0.0000e+00
        246  96.526577    0.01702     1.0211     61.267      2.019  51623.004    32.1161     4.9097      2.000     4.9096    25.3994     6.5169     9.3133     90.177    283.835    291.043    0.01812    7.22674   10.32773  314.75198     4.9096   16.18047 7.0310e+01     0.4409     0.4034 0.0000e+00
        280  96.526674    0.01935     1.1610     69.660      3.028  51639.759    32.1257     4.9067      3.000     4.9067    25.4073     6.6774     9.5427     92.399    290.825    298.214    0.01861    7.22673   10.32773  314.74889     4.9066   16.18028 5.9051e+01     0.4669     0.3836 0.0000e+00
        284  96.526686    0.01962     1.1776     70.657      4.038  51640.810    32.1260     4.9070      4.000     4.9071    25.4074     6.6494     9.5026     92.011    289.603    296.960    0.01477    7.22667   10.32763  314.74627     4.9068   16.18016 4.8745e+01     0.4912     0.3796 0.0000e+00
        287  96.526695    0.01984     1.1903     71.415      5.048  51641.300    32.1259     4.9075      5.000     4.9073    25.4073     6.6228     9.4646     91.645    288.445    295.774    0.01174    7.22659   10.32752  314.74262     4.9072   16.17999 4.0495e+01     0.5043     0.3710 0.0000e+00
        290  96.526704    0.02006     1.2035     72.212      6.057  51642.946    32.1266     4.9078      6.000     4.9078    25.4079     6.6142     9.4524     91.527    288.073    295.392    0.00971    7.22650   10.32738  314.73852     4.9075   16.17979 3.5178e+01     0.5158     0.3726 0.0000e+00
        293  96.526714    0.02031     1.2187     73.122      7.066  51644.784    32.1276     4.9088      7.000     4.9089    25.4085     6.6254     9.4683     91.685    288.558    295.890    0.00868    7.22629   10.32709  314.72942     4.9083   16.17935 3.2008e+01     0.5364     0.3744 0.0000e+00
        297  96.526725    0.02057     1.2337     74.020      8.076  51645.449    32.1279     4.9101      8.000     4.9099    25.4087     6.6433     9.4940     91.936    289.339    296.691    0.00808    7.22605   10.32675  314.71904     4.9095   16.17886 2.8988e+01     0.5289     0.3688 0.0000e+00
        300  96.526733    0.02077     1.2463     74.779      9.085  51645.669    32.1276     4.9107      9.000     4.9102    25.4084     6.6682     9.5295     92.281    290.421    297.801    0.00802    7.22595   10.32661  314.71465     4.9101   16.17865 2.6309e+01     0.5102     0.3654 0.0000e+00
        303  96.526742    0.02097     1.2581     75.487     10.095  51647.110    32.1282     4.9110     10.000     4.9104    25.4088     6.7027     9.5788     92.760    291.924    299.341    0.00844    7.22588   10.32650  314.71118     4.9103   16.17848 2.4301e+01     0.5021     0.3684 0.0000e+00
        306  96.526750    0.02117     1.2705     76.229     11.104  51650.815    32.1303     4.9113     11.000     4.9107    25.4105     6.7481     9.6438     93.391    293.904    301.372    0.00923    7.22573   10.32629  314.70438     4.9105   16.17815 2.2703e+01     0.5042     0.3730 0.0000e+00
        309  96.526759    0.02139     1.2832     76.993     12.113  51656.634    32.1339     4.9117     12.000     4.9112    25.4133     6.7979     9.7149     94.082    296.071    303.595    0.01010    7.22548   10.32593  314.69244     4.9109   16.17757 2.1136e+01     0.5043     0.3707 0.0000e+00
        312  96.526768    0.02159     1.2952     77.714     13.123  51662.181    32.1374     4.9123     13.000     4.9120    25.4159     6.8439     9.7805     94.722    298.071    305.647    0.01077    7.22520   10.32554  314.67971     4.9114   16.17695 1.9467e+01     0.5018     0.3737 0.0000e+00
        315  96.526776    0.02179     1.3073     78.436     14.132  51671.465    32.1435     4.9135     14.000     4.9139    25.4207     6.8903     9.8469     95.370    300.090    307.718    0.01138    7.22470   10.32482  314.65662     4.9125   16.17583 1.7842e+01     0.5094     0.3760 0.0000e+00
        318  96.526786    0.02203     1.3221     79.328     15.142  51684.302    32.1525     4.9165     15.000     4.9174    25.4275     6.9405     9.9187     96.080    302.277    309.964    0.01183    7.22374   10.32346  314.61280     4.9154   16.17370 1.6422e+01     0.5300     0.3692 0.0000e+00
        323  96.526800    0.02235     1.3411     80.466     16.152  51693.309    32.1592     4.9209     16.000     4.9216    25.4323     6.9662     9.9555     96.450    303.398    311.114    0.01078    7.22267   10.32192  314.56447     4.9197   16.17137 1.5131e+01     0.5385     0.3565 0.0000e+00
        327  96.526810    0.02261     1.3564     81.382     17.161  51701.675    32.1653     4.9251     17.000     4.9267    25.4368     6.9670     9.9567     96.475    303.431    311.149    0.00920    7.22166   10.32047  314.51896     4.9238   16.16918 1.3798e+01     0.5270     0.3647 0.0000e+00
        329  96.526818    0.02281     1.3686     82.114     18.170  51707.127    32.1695     4.9294     18.000     4.9312    25.4397     6.9796     9.9745     96.661    303.975    311.708    0.00852    7.22069   10.31909  314.47601     4.9281   16.16712 1.2633e+01     0.5323     0.3713 0.0000e+00
        333  96.526828    0.02303     1.3814     82.885     19.180  51710.241    32.1723     4.9343     19.000     4.9359    25.4413     7.0200    10.0323     97.234    305.736    313.514    0.00904    7.21971   10.31769  314.43299     4.9329   16.16506 1.1657e+01     0.5229     0.3756 0.0000e+00
        336  96.526838    0.02329     1.3977     83.859     20.190  51710.690    32.1733     4.9397     20.000     4.9403    25.4415     7.0644    10.0956     97.861    307.666    315.493    0.00953    7.21873   10.31628  314.38978     4.9383   16.16300 1.0757e+01     0.5098     0.3785 0.0000e+00
        340  96.526850    0.02356     1.4137     84.821     21.199  51709.677    32.1728     4.9429     21.000     4.9421    25.4408     7.0643    10.0956     97.868    307.666    315.493    0.00806    7.21821   10.31555  314.36783     4.9414   16.16196 9.8112e+00     0.5118     0.3794 0.0000e+00
        344  96.526860    0.02379     1.4276     85.658     22.209  51709.676    32.1725     4.9439     22.000     4.9425    25.4405     7.0666    10.0989     97.902    307.766    315.596    0.00697    7.21805   10.31532  314.36065     4.9423   16.16162 8.9540e+00     0.5152     0.3817 0.0000e+00
        347  96.526870    0.02406     1.4433     86.595     23.218  51710.181    32.1724     4.9442     23.000     4.9426    25.4403     7.0854    10.1257     98.162    308.582    316.432    0.00661    7.21800   10.31524  314.35826     4.9426   16.16150 8.2241e+00     0.5150     0.3786 0.0000e+00
        352  96.526884    0.02438     1.4625     87.747     24.228  51711.110    32.1726     4.9443     24.000     4.9426    25.4405     7.1108    10.1621     98.515    309.691    317.570    0.00639    7.21798   10.31521  314.35737     4.9425   16.16146 7.5410e+00     0.5037     0.3618 0.0000e+00
        356  96.526894    0.02462     1.4774     88.644     25.237  51712.466    32.1730     4.9444     25.000     4.9426    25.4408     7.1198    10.1749     98.640    310.081    317.970    0.00580    7.21793   10.31515  314.35540     4.9426   16.16137 6.8504e+00     0.4886     0.3639 0.0000e+00
        359  96.526903    0.02483     1.4897     89.383     26.247  51714.028    32.1736     4.9445     26.000     4.9426    25.4413     7.1287    10.1875     98.763    310.465    318.364    0.00541    7.21790   10.31509  314.35355     4.9426   16.16127 6.2615e+00     0.4865     0.3700 0.0000e+00
        362  96.526912    0.02505     1.5032     90.191     27.257  51715.404    32.1741     4.9446     27.000     4.9426    25.4417     7.1397    10.2033     98.917    310.948    318.859    0.00511    7.21785   10.31504  314.35177     4.9426   16.16119 5.7525e+00     0.4760     0.3672 0.0000e+00
        366  96.526923    0.02533     1.5197     91.179     28.266  51717.912    32.1753     4.9447     28.000     4.9430    25.4427     7.1505    10.2188     99.068    311.419    319.343    0.00469    7.21778   10.31492  314.34809     4.9427   16.16101 5.2863e+00     0.4686     0.3750 0.0000e+00
        370  96.526935    0.02560     1.5359     92.153     29.276  51722.150    32.1780     4.9458     29.000     4.9448    25.4446     7.1563    10.2271     99.153    311.672    319.602    0.00418    7.21746   10.31448  314.33369     4.9437   16.16031 4.8274e+00     0.4623     0.3978 0.0000e+00
        373  96.526945    0.02585     1.5513     93.080     30.286  51723.343    32.1788     4.9479     30.000     4.9462    25.4450     7.1569    10.2279     99.167    311.697    319.629    0.00355    7.21707   10.31391  314.31633     4.9457   16.15948 4.4160e+00     0.4615     0.3980 0.0000e+00
        377  96.526957    0.02612     1.5674     94.043     31.295  51725.626    32.1801     4.9491     31.000     4.9479    25.4460     7.1648    10.2393     99.280    312.041    319.982    0.00327    7.21679   10.31351  314.30403     4.9468   16.15889 4.0359e+00     0.4502     0.3854 0.0000e+00
        381  96.526967    0.02638     1.5827     94.963     32.304  51728.305    32.1820     4.9514     32.000     4.9504    25.4472     7.1719    10.2493     99.384    312.346    320.294    0.00306    7.21629   10.31280  314.28204     4.9491   16.15784 3.6842e+00     0.4550     0.3854 0.0000e+00
        385  96.526978    0.02664     1.5980     95.879     33.314  51728.002    32.1817     4.9534     33.000     4.9513    25.4468     7.1761    10.2555     99.448    312.534    320.487    0.00275    7.21597   10.31235  314.26829     4.9510   16.15718 3.3731e+00     0.4652     0.3925 0.0000e+00
        388  96.526989    0.02690     1.6139     96.832     34.324  51728.359    32.1815     4.9539     34.000     4.9514    25.4466     7.1851    10.2683     99.574    312.926    320.889    0.00266    7.21590   10.31224  314.26495     4.9514   16.15702 3.0881e+00     0.4617     0.3832 0.0000e+00
        392  96.526999    0.02714     1.6286     97.714     35.333  51729.396    32.1818     4.9539     35.000     4.9514    25.4468     7.1943    10.2814     99.701    313.325    321.298    0.00260    7.21587   10.31221  314.26392     4.9513   16.15698 2.8222e+00     0.4552     0.3745 0.0000e+00
        395  96.527009    0.02738     1.6430     98.580     36.343  51730.662    32.1822     4.9541     36.000     4.9516    25.4471     7.2049    10.2965     99.848    313.784    321.769    0.00262    7.21582   10.31213  314.26153     4.9515   16.15686 2.5874e+00     0.4621     0.3789 0.0000e+00
        399  96.527021    0.02767     1.6601     99.603     37.353  51731.327    32.1822     4.9544     37.000     4.9517    25.4471     7.2158    10.3122    100.000    314.261    322.259    0.00261    7.21577   10.31206  314.25926     4.9517   16.15675 2.3777e+00     0.4854     0.3810 0.0000e+00
        404  96.527034    0.02799     1.6792    100.751     38.362  51732.280    32.1824     4.9546     38.000     4.9519    25.4472     7.2177    10.3149    100.028    314.346    322.345    0.00219    7.21572   10.31199  314.25729     4.9518   16.15666 2.1730e+00     0.4851     0.3845 0.0000e+00
        408  96.527047    0.02827     1.6966    101.796     39.372  51733.633    32.1829     4.9550     39.000     4.9525    25.4476     7.2180    10.3152    100.032    314.354    322.354    0.00179    7.21562   10.31185  314.25259     4.9522   16.15643 1.9793e+00     0.4688     0.3750 0.0000e+00
        412  96.527058    0.02856     1.7139    102.833     40.382  51733.920    32.1827     4.9558     40.000     4.9530    25.4474     7.2203    10.3185    100.066    314.455    322.457    0.00155    7.21551   10.31168  314.24775     4.9528   16.15620 1.8083e+00     0.4625     0.3800 0.0000e+00
        417  96.527071    0.02886     1.7313    103.879     41.391  51734.626    32.1828     4.9561     41.000     4.9532    25.4475     7.2179    10.3151    100.034    314.353    322.352    0.00116    7.21544   10.31159  314.24508     4.9531   16.15607 1.6505e+00     0.4671     0.3889 0.0000e+00
        420  96.527081    0.02913     1.7473    104.840     42.400  51735.836    32.1832     4.9565     42.000     4.9537    25.4477     7.2201    10.3183    100.066    314.450    322.452    0.00101    7.21536   10.31147  314.24129     4.9534   16.15589 1.5083e+00     0.4715     0.3815 0.0000e+00
        424  96.527093    0.02941     1.7645    105.873     43.410  51736.590    32.1833     4.9570     43.000     4.9541    25.4478     7.2271    10.3283    100.165    314.754    322.764    0.00110    7.21525   10.31131  314.23642     4.9539   16.15566 1.3867e+00     0.4746     0.3904 0.0000e+00
        429  96.527107    0.02974     1.7846    107.074     44.420  51736.841    32.1831     4.9574     44.000     4.9541    25.4476     7.2293    10.3314    100.195    314.848    322.860    0.00094    7.21521   10.31126  314.23486     4.9542   16.15559 1.2749e+00     0.4723     0.3711 0.0000e+00
        433  96.527119    0.03002     1.8012    108.071     45.430  51737.975    32.1834     4.9573     45.000     4.9542    25.4479     7.2336    10.3375    100.254    315.034    323.051    0.00093    7.21522   10.31127  314.23507     4.9540   16.15560 1.1636e+00     0.4698     0.3689 0.0000e+00
        437  96.527129    0.03025     1.8148    108.888     46.440  51739.037    32.1837     4.9579     46.000     4.9549    25.4480     7.2361    10.3410    100.291    315.143    323.163    0.00087    7.21510   10.31110  314.22978     4.9545   16.15534 1.0651e+00     0.4643     0.3726 0.0000e+00
        440  96.527139    0.03050     1.8298    109.787     47.449  51739.798    32.1839     4.9585     47.000     4.9553    25.4481     7.2399    10.3465    100.345    315.310    323.334    0.00086    7.21498   10.31093  314.22469     4.9551   16.15510 9.7874e-01     0.4736     0.3679 0.0000e+00
        445  96.527152    0.03082     1.8491    110.946     48.459  51740.789    32.1842     4.9589     48.000     4.9556    25.4483     7.2469    10.3565    100.443    315.614    323.646    0.00094    7.21488   10.31079  314.22037     4.9555   16.15490 8.9869e-01     0.4832     0.3616 0.0000e+00
        450  96.527166    0.03117     1.8700    112.199     49.468  51744.104    32.1861     4.9595     49.000     4.9565    25.4497     7.2537    10.3662    100.540    315.908    323.948    0.00101    7.21471   10.31055  314.21238     4.9559   16.15451 8.1892e-01     0.4742     0.3688 0.0000e+00
        454  96.527179    0.03146     1.8878    113.266     50.478  51749.267    32.1895     4.9611     50.000     4.9582    25.4522     7.2532    10.3656    100.540    315.888    323.929    0.00080    7.21425   10.30989  314.19151     4.9575   16.15350 7.4764e-01     0.4683     0.3843 0.0000e+00
        459  96.527192    0.03178     1.9063    114.376     51.488  51750.759    32.1903     4.9623     51.000     4.9588    25.4528     7.2513    10.3627    100.516    315.803    323.841    0.00056    7.21401   10.30955  314.18104     4.9586   16.15300 6.8517e-01     0.4591     0.3800 0.0000e+00
        463  96.527204    0.03205     1.9233    115.400     52.497  51751.878    32.1906     4.9627     52.000     4.9590    25.4530     7.2488    10.3593    100.484    315.699    323.734    0.00033    7.21392   10.30942  314.17701     4.9589   16.15281 6.2796e-01     0.4527     0.3693 0.0000e+00
        466  96.527214    0.03230     1.9383    116.295     53.507  51752.396    32.1905     4.9629     53.000     4.9590    25.4529     7.2479    10.3580    100.471    315.657    323.691    0.00021    7.21390   10.30938  314.17593     4.9590   16.15275 5.7751e-01     0.4656     0.3719 0.0000e+00
