CTD-processing/allCTD/CNV/2014_07-23_t6_s15_cast210_4141.cnv
* Sea-Bird SBE19plus Data File:
* FileName = C:\Users\kris.holderied\Documents\kasitsna\Research-Projects-and-Data\Oceanography-AK\CTD-Data-ALL-to-2014-06\2014-CTD-KachemakBay-CookInlet\2014-07-EVOSTC-CookInlet-quarterly\2014-07-23-CookInlet-Tran6-Douglas\2014-07-23-CookInlet-Tran6-cast210.hex
* Software Version 1.59
* Temperature SN =  4141
* Conductivity SN =  4141
* System UpLoad Time = Jul 23 2014 23:36:42
** Cook Inlet LTM Transect 6 (Douglas) East to West
** Date: 07-23
** Station: 6-15
** Start time: 14:45
** Depth (m): 154
** Comment:  CTD time is Alaska Daylight time.  Transducer  depth (transducer is 9 ft).
** Comment:
# nquan = 27
# nvalues = 152                         
# units = specified
# name 0 = scan: Scan Count
# name 1 = timeJ: Julian Days
# name 2 = timeH: Time, Elapsed [hours]
# name 3 = timeM: Time, Elapsed [minutes]
# name 4 = timeS: Time, Elapsed [seconds]
# name 5 = prdM: Pressure, Strain Gauge [db]
# name 6 = specc: Specific Conductance [uS/cm]
# name 7 = sal00: Salinity, Practical [PSU]
# name 8 = tv290C: Temperature [ITS-90, deg C]
# name 9 = depSM: Depth [salt water, m], lat = 59.00
# name 10 = potemp090C: Potential Temperature [ITS-90, deg C]
# name 11 = sigma-é00: Density [sigma-theta, kg/m^3]
# name 12 = sbeox0ML/L: Oxygen, SBE 43 [ml/l]
# name 13 = sbeox0Mg/L: Oxygen, SBE 43 [mg/l]
# name 14 = sbeox0PS: Oxygen, SBE 43 [% saturation]
# name 15 = sbox0Mm/Kg: Oxygen, SBE 43 [umol/kg]
# name 16 = sbeox0Mm/L: Oxygen, SBE 43 [umol/l]
# name 17 = sbox0dV/dT: Oxygen, SBE 43 [dov/dt]
# name 18 = oxsolML/L: Oxygen Saturation, Garcia & Gordon [ml/l]
# name 19 = oxsolMg/L: Oxygen Saturation, Garcia & Gordon [mg/l]
# name 20 = oxsolMm/Kg: Oxygen Saturation, Garcia & Gordon [umol/kg]
# name 21 = n2satMg/L: Nitrogen Saturation [mg/l]
# name 22 = par: PAR/Irradiance, Biospherical/Licor
# name 23 = wetStar: Fluorescence, WET Labs WETstar [mg/m^3]
# name 24 = CStarAt0: Beam Attenuation, WET Labs C-Star [1/m]
# name 25 = CStarTr0: Beam Transmission, WET Labs C-Star [%]
# name 26 = flag: flag
# span 0 =         89,       1101       
# span 1 = 204.615427, 204.618355       
# span 2 =    0.00608,    0.07636       
# span 3 =     0.3647,     4.5813       
# span 4 =     21.882,    274.878       
# span 5 =      1.005,    153.433       
# span 6 =  49554.457,  51656.907       
# span 7 =    31.5826,    32.4284       
# span 8 =     6.6731,    10.7777       
# span 9 =      1.000,    152.000       
# span 10 =     6.6611,    10.7172      
# span 11 =    24.2247,    25.4376      
# span 12 =     5.3727,     6.5634      
# span 13 =     7.6782,     9.3797      
# span 14 =     77.660,    102.777      
# span 15 =    233.995,    286.148      
# span 16 =    239.947,    293.123      
# span 17 =   -0.06805,    0.01415      
# span 18 =    6.33886,    6.91832      
# span 19 =    9.05886,    9.88697      
# span 20 =  276.37657,  301.30780      
# span 21 =   14.34988,   15.53865      
# span 22 = 4.8897e-02, 9.8290e+02      
# span 23 =     0.5032,     4.8875      
# span 24 =     0.2444,     1.8109      
# span 25 =    67.8740,    94.0724      
# span 26 = 0.0000e+00, 0.0000e+00      
# interval = meters: 1                  
# start_time = Jul 23 2014 14:45:51 [Instrument's time stamp, header]
# bad_flag = -9.990e-29
*END*
[from data line 108]
        913 204.617814    0.06335     3.8015    228.087    110.059  51357.243    32.3256     7.1432    109.000     7.1182    25.2947     5.5321     7.9060     80.782    240.971    247.066   -0.00168    6.84830    9.78690  298.29941   15.39555 5.2410e-02     0.8326     0.2598    93.7111 0.0000e+00
        916 204.617821    0.06354     3.8126    228.754    111.060  51379.400    32.3369     7.1229    110.000     7.0971    25.3063     5.5321     7.9060     80.749    240.967    247.065   -0.00159    6.85098    9.79073  298.41300   15.40091 5.1979e-02     0.8302     0.2643    93.6057 0.0000e+00
        919 204.617831    0.06377     3.8265    229.588    112.064  51411.285    32.3542     7.0982    111.000     7.0767    25.3233     5.5243     7.8948     80.599    240.623    246.716   -0.00247    6.85409    9.79518  298.54369   15.40708 5.2015e-02     0.8347     0.2629    93.6397 0.0000e+00
        926 204.617849    0.06421     3.8523    231.139    113.089  51439.249    32.3669     7.0631    112.000     7.0447    25.3380     5.4971     7.8559     80.144    239.433    245.500   -0.00500    6.85906    9.80227  298.75546   15.41713 5.1868e-02     0.8295     0.2617    93.6686 0.0000e+00
        932 204.617866    0.06462     3.8772    232.634    114.104  51465.324    32.3819     7.0480    113.000     7.0386    25.3519     5.4712     7.8189     79.747    238.304    244.345   -0.00630    6.86075    9.80470  298.82531   15.42040 5.1727e-02     0.8306     0.2614    93.6730 0.0000e+00
        935 204.617877    0.06489     3.8935    233.612    115.114  51463.454    32.3802     7.0488    114.000     7.0361    25.3504     5.4683     7.8148     79.706    238.179    244.217   -0.00487    6.86071    9.80463  298.82365   15.42034 5.1801e-02     0.8542     0.2654    93.5811 0.0000e+00
        939 204.617887    0.06511     3.9068    234.406    116.121  51463.547    32.3789     7.0440    115.000     7.0269    25.3501     5.4657     7.8111     79.658    238.066    244.100   -0.00404    6.86152    9.80579  298.85929   15.42204 5.1270e-02     0.8301     0.2633    93.6294 0.0000e+00
        942 204.617895    0.06532     3.9190    235.139    117.122  51466.834    32.3787     7.0328    116.000     7.0117    25.3514     5.4625     7.8065     79.590    237.924    243.955   -0.00384    6.86331    9.80836  298.93697   15.42575 5.1377e-02     0.8313     0.2631    93.6344 0.0000e+00
        945 204.617905    0.06556     3.9334    236.004    118.127  51482.243    32.3858     7.0151    117.000     6.9958    25.3593     5.4595     7.8022     79.517    237.791    243.821   -0.00346    6.86578    9.81189  299.04233   15.43074 5.1294e-02     0.8446     0.2671    93.5408 0.0000e+00
        951 204.617924    0.06600     3.9601    237.608    119.145  51501.712    32.3958     6.9981    118.000     6.9852    25.3695     5.4437     7.7796     79.262    237.101    243.116   -0.00392    6.86802    9.81508  299.13668   15.43521 5.1038e-02     0.8742     0.2646    93.5990 0.0000e+00
        959 204.617946    0.06654     3.9922    239.535    120.174  51506.029    32.3971     6.9913    119.000     6.9769    25.3714     5.4317     7.7624     79.075    236.578    242.581   -0.00336    6.86903    9.81654  299.18065   15.43730 5.1043e-02     0.8398     0.2654    93.5795 0.0000e+00
        962 204.617955    0.06677     4.0059    240.356    121.186  51511.450    32.3990     6.9838    120.000     6.9695    25.3739     5.4274     7.7561     79.000    236.388    242.386   -0.00316    6.87013    9.81810  299.22721   15.43951 5.0729e-02     0.8510     0.2662    93.5623 0.0000e+00
        965 204.617962    0.06692     4.0155    240.927    122.177  51521.464    32.4048     6.9798    121.000     6.9689    25.3791     5.4242     7.7517     78.949    236.248    242.243   -0.00323    6.87049    9.81863  299.24196   15.44019 5.3162e-02     0.8640     0.2711    93.4478 0.0000e+00
        967 204.617969    0.06708     4.0251    241.504    123.170  51525.508    32.4072     6.9802    122.000     6.9702    25.3809     5.4248     7.7526     78.961    236.277    242.273   -0.00270    6.87033    9.81840  299.23435   15.43982 5.0625e-02     0.8486     0.2700    93.4730 0.0000e+00
        972 204.617982    0.06741     4.0446    242.679    124.185  51525.662    32.4072     6.9820    123.000     6.9711    25.3806     5.4299     7.7598     79.037    236.496    242.498   -0.00135    6.87005    9.81799  299.22204   15.43924 5.0682e-02     0.8475     0.2700    93.4722 0.0000e+00
        981 204.618009    0.06805     4.0831    244.988    125.223  51523.987    32.4058     6.9835    124.000     6.9715    25.3794     5.4252     7.7532     78.972    236.295    242.292   -0.00121    6.86986    9.81773  299.21440   15.43887 5.0749e-02     0.8393     0.2691    93.4932 0.0000e+00
        984 204.618019    0.06829     4.0978    245.869    126.230  51527.166    32.4073     6.9824    125.000     6.9714    25.3807     5.4219     7.7484     78.921    236.146    242.140   -0.00161    6.86999    9.81791  299.21953   15.43912 5.0753e-02     0.8370     0.2697    93.4796 0.0000e+00
        987 204.618027    0.06847     4.1084    246.506    127.229  51530.707    32.4094     6.9827    126.000     6.9698    25.3823     5.4222     7.7489     78.928    236.161    242.156   -0.00128    6.86984    9.81768  299.21204   15.43875 5.1217e-02     0.8435     0.2743    93.3722 0.0000e+00
        990 204.618034    0.06865     4.1193    247.160    128.228  51523.369    32.4030     6.9788    127.000     6.9597    25.3779     5.4256     7.7538     78.966    236.310    242.306   -0.00073    6.87075    9.81899  299.25324   15.44074 5.1019e-02     0.8501     0.2737    93.3855 0.0000e+00
        993 204.618045    0.06892     4.1351    248.106    129.238  51533.795    32.4075     6.9656    128.000     6.9497    25.3831     5.4251     7.7530     78.938    236.287    242.285   -0.00078    6.87264    9.82168  299.33372   15.44456 5.0670e-02     0.8438     0.2727    93.4117 0.0000e+00
        999 204.618062    0.06932     4.1591    249.545    130.264  51543.542    32.4123     6.9576    129.000     6.9451    25.3880     5.4185     7.7437     78.831    236.002    241.993   -0.00137    6.87368    9.82317  299.37785   15.44664 5.0596e-02     0.8585     0.2723    93.4206 0.0000e+00
       1004 204.618076    0.06964     4.1788    250.727    131.271  51548.360    32.4149     6.9559    130.000     6.9446    25.3903     5.4114     7.7333     78.724    235.687    241.671   -0.00197    6.87384    9.82340  299.38401   15.44693 5.0576e-02     0.8475     0.2700    93.4740 0.0000e+00
       1008 204.618087    0.06992     4.1953    251.717    132.282  51551.005    32.4164     6.9568    131.000     6.9454    25.3914     5.4127     7.7353     78.746    235.746    241.732   -0.00130    6.87362    9.82309  299.37425   15.44646 5.0781e-02     0.8492     0.2720    93.4265 0.0000e+00
       1011 204.618097    0.07017     4.2101    252.604    133.283  51555.346    32.4192     6.9579    132.000     6.9469    25.3934     5.4198     7.7454     78.852    236.053    242.047   -0.00022    6.87332    9.82267  299.36091   15.44581 5.0368e-02     0.8609     0.2757    93.3404 0.0000e+00
       1016 204.618110    0.07048     4.2285    253.711    134.296  51558.556    32.4212     6.9592    133.000     6.9472    25.3948     5.4276     7.7566     78.970    236.395    242.399    0.00094    6.87302    9.82224  299.34732   15.44516 5.0508e-02     0.8727     0.2999    92.7816 0.0000e+00
       1021 204.618126    0.07085     4.2511    255.065    135.314  51558.249    32.4200     6.9566    134.000     6.9415    25.3943     5.4183     7.7433     78.829    235.989    241.982   -0.00065    6.87349    9.82290  299.36779   15.44614 5.0503e-02     0.8392     0.2856    93.1083 0.0000e+00
       1026 204.618138    0.07115     4.2689    256.134    136.332  51558.557    32.4185     6.9498    135.000     6.9282    25.3939     5.4155     7.7392     78.775    235.866    241.855   -0.00112    6.87464    9.82455  299.41784   15.44853 5.0663e-02     0.8407     0.2988    92.8027 0.0000e+00
       1028 204.618146    0.07134     4.2805    256.829    137.325  51532.798    32.3964     6.9300    136.000     6.8913    25.3792     5.4173     7.7419     78.754    235.949    241.937   -0.00106    6.87877    9.83045  299.60216   15.45741 5.0255e-02     0.8418     0.2939    92.9147 0.0000e+00
       1032 204.618156    0.07157     4.2941    257.648    138.327  51551.746    32.4016     6.8888    137.000     6.8530    25.3887     5.4201     7.7458     78.722    236.066    242.060   -0.00118    6.88508    9.83947  299.87441   15.47038 5.0550e-02     0.8425     0.2873    93.0688 0.0000e+00
       1037 204.618170    0.07192     4.3155    258.928    139.350  51593.392    32.4213     6.8415    138.000     6.8240    25.4105     5.4119     7.7341     78.527    235.704    241.694   -0.00228    6.89171    9.84894  300.15668   15.48376 5.0478e-02     0.8420     0.2885    93.0416 0.0000e+00
       1042 204.618186    0.07230     4.3384    260.302    140.358  51598.902    32.4229     6.8322    139.000     6.8125    25.4130     5.3945     7.7092     78.259    234.946    240.917   -0.00369    6.89311    9.85095  300.21700   15.48664 5.0464e-02     0.8260     0.2887    93.0368 0.0000e+00
       1048 204.618203    0.07270     4.3618    261.710    141.380  51575.181    32.3983     6.7916    140.000     6.7530    25.3989     5.3993     7.7162     78.243    235.160    241.133   -0.00234    6.90070    9.86179  300.55170   15.50270 5.0524e-02     0.8091     0.2939    92.9164 0.0000e+00
       1052 204.618214    0.07296     4.3774    262.646    142.390  51602.641    32.4084     6.7459    141.000     6.7156    25.4128     5.3970     7.7128     78.132    235.057    241.030   -0.00264    6.90754    9.87157  300.84552   15.51667 5.0512e-02     0.7962     0.3030    92.7043 0.0000e+00
       1054 204.618221    0.07314     4.3882    263.295    143.388  51620.975    32.4166     6.7241    142.000     6.7009    25.4221     5.3887     7.7010     77.977    234.695    240.662   -0.00345    6.91066    9.87602  300.97843   15.52297 5.0169e-02     0.7875     0.3107    92.5275 0.0000e+00
       1057 204.618229    0.07334     4.4006    264.035    144.384  51628.624    32.4186     6.7086    143.000     6.6873    25.4257     5.3849     7.6955     77.894    234.524    240.487   -0.00371    6.91305    9.87944  301.08158   15.52789 5.2050e-02     0.7668     0.3119    92.5007 0.0000e+00
       1064 204.618249    0.07380     4.4280    265.681    145.409  51643.624    32.4255     6.6928    144.000     6.6782    25.4333     5.3819     7.6913     77.827    234.395    240.357   -0.00261    6.91526    9.88260  301.17570   15.53235 5.0653e-02     0.7538     0.3109    92.5219 0.0000e+00
       1071 204.618271    0.07433     4.4596    267.573    146.433  51647.855    32.4270     6.6874    145.000     6.6743    25.4351     5.3764     7.6835     77.738    234.155    240.110   -0.00210    6.91604    9.88371  301.20907   15.53393 5.0594e-02     0.7478     0.3166    92.3891 0.0000e+00
       1075 204.618279    0.07455     4.4730    268.380    147.441  51645.158    32.4245     6.6867    146.000     6.6715    25.4333     5.3771     7.6844     77.745    234.185    240.142   -0.00139    6.91630    9.88409  301.22113   15.53453 5.0933e-02     0.7308     0.3131    92.4731 0.0000e+00
       1077 204.618287    0.07472     4.4836    269.014    148.439  51648.472    32.4258     6.6841    147.000     6.6692    25.4347     5.3761     7.6831     77.728    234.145    240.100   -0.00153    6.91664    9.88456  301.23507   15.53518 5.0370e-02     0.7288     0.3166    92.3898 0.0000e+00
       1080 204.618295    0.07492     4.4951    269.707    149.436  51647.112    32.4237     6.6805    148.000     6.6649    25.4335     5.3834     7.6933     77.824    234.458    240.421   -0.00058    6.91731    9.88552  301.26469   15.53660 5.0290e-02     0.7317     0.3239    92.2227 0.0000e+00
       1085 204.618311    0.07529     4.5175    271.048    150.452  51653.725    32.4272     6.6768    149.000     6.6633    25.4366     5.3827     7.6924     77.810    234.427    240.391   -0.00030    6.91775    9.88615  301.28291   15.53746 5.0492e-02     0.7389     0.3170    92.3820 0.0000e+00
       1096 204.618340    0.07601     4.5606    273.634    151.494  51655.932    32.4275     6.6731    150.000     6.6611    25.4374     5.3727     7.6782     77.660    233.995    239.947   -0.00135    6.91832    9.88697  301.30780   15.53865 5.0813e-02     0.7279     0.3117    92.5033 0.0000e+00
       1098 204.618348    0.07617     4.5703    274.216    152.489  51656.907    32.4284     6.6765    151.000     6.6642    25.4376     5.3749     7.6814     77.699    234.092    240.046   -0.00068    6.91772    9.88613  301.28193   15.53740 5.1045e-02     0.7285     0.3174    92.3703 0.0000e+00
       1101 204.618355    0.07636     4.5813    274.878    153.433  51650.450    32.4235     6.6775    152.000     6.6616    25.4337     5.3961     7.7116     78.004    235.015    240.992    0.00091    6.91781    9.88624  301.28649   15.53765 4.8897e-02     0.7330     0.3220    92.2669 0.0000e+00
