CTD-processing/allCTD/CNV/2014_02-15_t4_s04_cast183_5028.cnv
* Sea-Bird SBE19plus Data File:
* FileName = C:\Users\kris.holderied\Documents\kasitsna\Research-Projects-and-Data\Oceanography-AK\CTD-CookInlet-GulfWatchAK\2014-02-EVOSTC-CookInlet-LTM-BATCH-UPLOAD\2014-02-CookInlet-Seasonal-cast183.hex
* Software Version 1.59
* Temperature SN =  5028
* Conductivity SN =  5028
* System UpLoad Time = Apr 09 2014 20:20:13
** Cook Inlet LTM 2014 February Seasonal - Batch upload
** Date: 2014-02-15
** Station: 4-04
** Start time: 14:11
** Depth (m): 89
** CoComment:
** Comment:
# nquan = 27
# nvalues = 88                          
# units = specified
# name 0 = scan: Scan Count
# name 1 = timeJ: Julian Days
# name 2 = timeH: Time, Elapsed [hours]
# name 3 = timeM: Time, Elapsed [minutes]
# name 4 = timeS: Time, Elapsed [seconds]
# name 5 = prdM: Pressure, Strain Gauge [db]
# name 6 = specc: Specific Conductance [uS/cm]
# name 7 = sal00: Salinity, Practical [PSU]
# name 8 = tv290C: Temperature [ITS-90, deg C]
# name 9 = depSM: Depth [salt water, m], lat = 59.00
# name 10 = potemp090C: Potential Temperature [ITS-90, deg C]
# name 11 = sigma-é00: Density [sigma-theta, kg/m^3]
# name 12 = sbeox0ML/L: Oxygen, SBE 43 [ml/l]
# name 13 = sbeox0Mg/L: Oxygen, SBE 43 [mg/l]
# name 14 = sbeox0PS: Oxygen, SBE 43 [% saturation]
# name 15 = sbox0Mm/Kg: Oxygen, SBE 43 [umol/kg]
# name 16 = sbeox0Mm/L: Oxygen, SBE 43 [umol/l]
# name 17 = sbox0dV/dT: Oxygen, SBE 43 [dov/dt]
# name 18 = oxsolML/L: Oxygen Saturation, Garcia & Gordon [ml/l]
# name 19 = oxsolMg/L: Oxygen Saturation, Garcia & Gordon [mg/l]
# name 20 = oxsolMm/Kg: Oxygen Saturation, Garcia & Gordon [umol/kg]
# name 21 = potemp090C: Potential Temperature [ITS-90, deg C]
# name 22 = n2satMg/L: Nitrogen Saturation [mg/l]
# name 23 = par: PAR/Irradiance, Biospherical/Licor
# name 24 = flECO-AFL: Fluorescence, WET Labs ECO-AFL/FL [mg/m^3]
# name 25 = turbWETntu0: Turbidity, WET Labs ECO [NTU]
# name 26 = flag: flag
# span 0 =        186,        661       
# span 1 =  46.591138,  46.592513       
# span 2 =    0.01288,    0.04584       
# span 3 =     0.7725,     2.7509       
# span 4 =     46.347,    165.053       
# span 5 =      1.010,     88.849       
# span 6 =  50812.138,  51344.498       
# span 7 =    31.5131,    31.8582       
# span 8 =     4.5477,     4.8027       
# span 9 =      1.000,     88.000       
# span 10 =     4.6274,     4.7963      
# span 11 =    24.9546,    25.2085      
# span 12 =     6.5017,     7.6291      
# span 13 =     9.2916,    10.9027      
# span 14 =     88.847,    105.103      
# span 15 =    283.312,    332.339      
# span 16 =    290.366,    340.716      
# span 17 =   -0.00064,    0.02294      
# span 18 =    7.25785,    7.32425      
# span 19 =   10.37219,   10.46709      
# span 20 =  316.16661,  319.16590      
# span 21 =     4.5476,     4.7965      
# span 22 =   16.24886,   16.39269      
# span 23 = 3.7912e-02, 5.0341e+01      
# span 24 =     0.3076,     0.4546      
# span 25 =     0.6565,     1.3266      
# span 26 = 0.0000e+00, 0.0000e+00      
# interval = meters: 1                  
# start_time = Feb 15 2014 14:10:28 [Instrument's time stamp, header]
# bad_flag = -9.990e-29
*END*
        186  46.591138    0.01288     0.7725     46.347      1.010  50812.138    31.5131     4.5477      1.000     4.6274    24.9546     6.5017     9.2916     88.847    283.312    290.366    0.02294    7.32425   10.46709  319.16590     4.5476   16.39269 5.0341e+01     0.3650     1.3266 0.0000e+00
        300  46.591467    0.02076     1.2458     74.751      2.019  51290.523    31.8582     4.7830      2.000     4.7848    25.2085     6.7234     9.6084     92.592    292.883    300.266    0.02204    7.26115   10.37691  316.30879     4.7829   16.25562 3.8120e+01     0.4321     0.6935 0.0000e+00
        302  46.591473    0.02089     1.2539     75.232      3.029  51281.132    31.8520     4.7843      3.000     4.7842    25.2034     6.6881     9.5579     92.106    291.346    298.689    0.01754    7.26130   10.37713  316.31749     4.7841   16.25606 2.9428e+01     0.4375     0.7069 0.0000e+00
        305  46.591481    0.02110     1.2660     75.958      4.038  51279.648    31.8504     4.7839      4.000     4.7822    25.2021     6.6933     9.5655     92.176    291.575    298.923    0.01549    7.26145   10.37733  316.32409     4.7837   16.25638 2.4903e+01     0.4425     0.7194 0.0000e+00
        308  46.591490    0.02132     1.2791     76.746      5.048  51283.697    31.8523     4.7820      5.000     4.7820    25.2039     6.7473     9.6427     92.917    293.929    301.337    0.01546    7.26169   10.37768  316.33430     4.7816   16.25686 2.2098e+01     0.4394     0.7088 0.0000e+00
        312  46.591501    0.02157     1.2943     77.656      6.058  51287.427    31.8547     4.7838      6.000     4.7850    25.2056     6.8586     9.8016     94.455    298.775    306.306    0.01763    7.26127   10.37708  316.31534     4.7833   16.25595 1.9673e+01     0.4488     0.6863 0.0000e+00
        315  46.591511    0.02182     1.3093     78.560      7.067  51286.035    31.8538     4.7864      7.000     4.7862    25.2047     6.9677     9.9575     95.962    303.526    311.176    0.01949    7.26084   10.37646  316.29687     4.7859   16.25507 1.7235e+01     0.4546     0.6861 0.0000e+00
        318  46.591520    0.02203     1.3219     79.311      8.076  51285.312    31.8529     4.7867      8.000     4.7853    25.2039     7.0447    10.0675     97.023    306.881    314.615    0.02022    7.26086   10.37648  316.29780     4.7861   16.25513 1.4991e+01     0.4395     0.7012 0.0000e+00
        321  46.591528    0.02221     1.3329     79.974      9.085  51288.213    31.8542     4.7858      9.000     4.7860    25.2050     7.1103    10.1612     97.925    309.737    317.544    0.02064    7.26094   10.37661  316.30113     4.7851   16.25527 1.3276e+01     0.4268     0.7001 0.0000e+00
        324  46.591536    0.02241     1.3446     80.679     10.095  51293.172    31.8575     4.7879     10.000     4.7904    25.2075     7.1780    10.2580     98.865    312.688    320.570    0.02102    7.26041   10.37585  316.27736     4.7872   16.25413 1.1982e+01     0.4170     0.6947 0.0000e+00
        327  46.591546    0.02266     1.3597     81.583     11.104  51290.231    31.8561     4.7931     11.000     4.7934    25.2058     7.2376    10.3432     99.697    315.283    323.230    0.02047    7.25958   10.37466  316.24158     4.7923   16.25243 1.1060e+01     0.4059     0.6870 0.0000e+00
        332  46.591560    0.02299     1.3791     82.744     12.114  51289.016    31.8552     4.7946     12.000     4.7937    25.2049     7.2448    10.3536     99.800    315.600    323.554    0.01701    7.25936   10.37436  316.23254     4.7937   16.25201 1.0224e+01     0.3978     0.6946 0.0000e+00
        336  46.591570    0.02325     1.3950     83.701     13.124  51289.131    31.8548     4.7945     13.000     4.7930    25.2045     7.2606    10.3761    100.016    316.286    324.257    0.01484    7.25939   10.37439  316.23364     4.7936   16.25206 9.1640e+00     0.3962     0.7320 0.0000e+00
        339  46.591580    0.02347     1.4080     84.483     14.132  51289.688    31.8544     4.7935     14.000     4.7916    25.2044     7.3089    10.4452    100.680    318.391    326.416    0.01478    7.25959   10.37468  316.24249     4.7925   16.25248 8.1387e+00     0.3865     0.7578 0.0000e+00
        342  46.591589    0.02370     1.4217     85.304     15.142  51292.559    31.8556     4.7926     15.000     4.7918    25.2055     7.3692    10.5313    101.509    321.017    329.109    0.01524    7.25969   10.37482  316.24651     4.7915   16.25267 7.2745e+00     0.3696     0.7291 0.0000e+00
        346  46.591601    0.02398     1.4390     86.338     16.152  51293.467    31.8559     4.7936     16.000     4.7927    25.2057     7.4103    10.5900    102.077    322.807    330.944    0.01442    7.25950   10.37454  316.23805     4.7924   16.25226 6.5585e+00     0.3700     0.7232 0.0000e+00
        351  46.591615    0.02433     1.4594     87.565     17.161  51293.233    31.8554     4.7937     17.000     4.7921    25.2052     7.4102    10.5899    102.076    322.804    330.940    0.01158    7.25949   10.37454  316.23816     4.7925   16.25227 5.9252e+00     0.3641     0.7025 0.0000e+00
        355  46.591627    0.02460     1.4764     88.586     18.171  51294.364    31.8554     4.7930     18.000     4.7914    25.2053     7.4090    10.5882    102.058    322.751    330.886    0.00952    7.25962   10.37472  316.24342     4.7917   16.25252 5.2396e+00     0.3657     0.6943 0.0000e+00
        359  46.591637    0.02483     1.4897     89.385     19.181  51296.414    31.8563     4.7927     19.000     4.7918    25.2060     7.4308    10.6193    102.357    323.699    331.858    0.00907    7.25963   10.37474  316.24373     4.7914   16.25254 4.6318e+00     0.3759     0.6806 0.0000e+00
        362  46.591646    0.02505     1.5031     90.187     20.190  51298.042    31.8572     4.7938     20.000     4.7933    25.2066     7.4646    10.6676    102.826    325.171    333.367    0.00922    7.25938   10.37439  316.23307     4.7924   16.25202 4.1247e+00     0.3766     0.6742 0.0000e+00
        366  46.591657    0.02533     1.5198     91.186     21.199  51297.382    31.8566     4.7954     21.000     4.7943    25.2060     7.4908    10.7051    103.191    326.313    334.538    0.00882    7.25914   10.37404  316.22265     4.7939   16.25153 3.6994e+00     0.3660     0.6847 0.0000e+00
        371  46.591671    0.02566     1.5398     92.391     22.209  51297.440    31.8562     4.7961     22.000     4.7947    25.2057     7.4930    10.7081    103.222    326.407    334.634    0.00719    7.25903   10.37388  316.21783     4.7946   16.25130 3.3061e+00     0.3488     0.6959 0.0000e+00
        375  46.591683    0.02595     1.5570     93.421     23.218  51298.149    31.8563     4.7964     23.000     4.7948    25.2057     7.4955    10.7117    103.257    326.515    334.745    0.00603    7.25899   10.37381  316.21593     4.7948   16.25121 2.9322e+00     0.3526     0.7429 0.0000e+00
        378  46.591694    0.02621     1.5725     94.349     24.228  51298.908    31.8563     4.7964     24.000     4.7946    25.2057     7.5057    10.7264    103.399    326.963    335.204    0.00549    7.25898   10.37381  316.21571     4.7947   16.25120 2.6099e+00     0.3598     0.7471 0.0000e+00
        383  46.591706    0.02650     1.5897     95.382     25.238  51299.938    31.8565     4.7961     25.000     4.7943    25.2059     7.5189    10.7452    103.579    327.536    335.792    0.00507    7.25902   10.37386  316.21715     4.7944   16.25127 2.3225e+00     0.3630     0.7236 0.0000e+00
        387  46.591719    0.02682     1.6090     96.538     26.247  51300.764    31.8565     4.7961     26.000     4.7941    25.2059     7.5185    10.7446    103.574    327.520    335.775    0.00411    7.25903   10.37387  316.21756     4.7943   16.25129 2.0610e+00     0.3481     0.6967 0.0000e+00
        393  46.591735    0.02719     1.6313     97.880     27.257  51299.594    31.8549     4.7947     27.000     4.7913    25.2048     7.5176    10.7434    103.558    327.484    335.738    0.00316    7.25935   10.37433  316.23188     4.7928   16.25198 1.8368e+00     0.3418     0.7005 0.0000e+00
        398  46.591751    0.02757     1.6544     99.263     28.266  51302.066    31.8552     4.7904     28.000     4.7875    25.2055     7.5220    10.7498    103.609    327.676    335.935    0.00255    7.26008   10.37538  316.26362     4.7885   16.25349 1.6317e+00     0.3370     0.7363 0.0000e+00
        402  46.591762    0.02786     1.6713    100.275     29.276  51304.600    31.8561     4.7891     29.000     4.7871    25.2064     7.5365    10.7705    103.805    328.307    336.583    0.00266    7.26027   10.37565  316.27154     4.7870   16.25386 1.4452e+00     0.3474     0.7668 0.0000e+00
        406  46.591773    0.02811     1.6864    101.185     30.285  51306.217    31.8568     4.7895     30.000     4.7878    25.2069     7.5476    10.7863    103.960    328.789    337.077    0.00269    7.26016   10.37550  316.26660     4.7874   16.25362 1.2856e+00     0.3558     0.7265 0.0000e+00
        410  46.591786    0.02841     1.7046    102.278     31.295  51305.427    31.8558     4.7898     31.000     4.7870    25.2061     7.5548    10.7965    104.058    329.101    337.397    0.00247    7.26015   10.37548  316.26644     4.7876   16.25362 1.1483e+00     0.3485     0.7070 0.0000e+00
        416  46.591802    0.02881     1.7285    103.712     32.304  51306.370    31.8555     4.7878     32.000     4.7848    25.2061     7.5599    10.8038    104.123    329.323    337.624    0.00206    7.26052   10.37602  316.28281     4.7855   16.25440 1.0223e+00     0.3486     0.7003 0.0000e+00
        421  46.591816    0.02916     1.7492    104.950     33.314  51308.791    31.8565     4.7868     33.000     4.7848    25.2069     7.5625    10.8076    104.158    329.438    337.742    0.00173    7.26064   10.37618  316.28763     4.7845   16.25463 9.0491e-01     0.3571     0.7032 0.0000e+00
        425  46.591829    0.02943     1.7661    105.965     34.324  51309.617    31.8567     4.7877     34.000     4.7856    25.2070     7.5599    10.8039    104.124    329.327    337.628    0.00130    7.26049   10.37596  316.28095     4.7852   16.25430 8.0290e-01     0.3537     0.7074 0.0000e+00
        429  46.591840    0.02973     1.7838    107.028     35.333  51310.171    31.8567     4.7883     35.000     4.7862    25.2070     7.5657    10.8122    104.206    329.578    337.885    0.00127    7.26037   10.37580  316.27569     4.7859   16.25406 7.1602e-01     0.3395     0.6850 0.0000e+00
        434  46.591854    0.03005     1.8030    108.179     36.343  51311.299    31.8573     4.7895     36.000     4.7877    25.2073     7.5697    10.8178    104.263    329.749    338.062    0.00117    7.26015   10.37548  316.26606     4.7869   16.25359 6.3834e-01     0.3372     0.6880 0.0000e+00
        438  46.591867    0.03038     1.8224    109.346     37.353  51311.719    31.8575     4.7916     37.000     4.7899    25.2073     7.5748    10.8251    104.340    329.973    338.290    0.00113    7.25976   10.37493  316.24934     4.7890   16.25280 5.6865e-01     0.3443     0.7093 0.0000e+00
        443  46.591881    0.03070     1.8420    110.520     38.362  51310.500    31.8566     4.7933     38.000     4.7904    25.2064     7.5803    10.8329    104.418    330.210    338.534    0.00111    7.25950   10.37455  316.23804     4.7907   16.25227 5.0736e-01     0.3426     0.7063 0.0000e+00
        447  46.591893    0.03099     1.8594    111.565     39.372  51309.861    31.8553     4.7919     39.000     4.7878    25.2055     7.5801    10.8328    104.413    330.206    338.529    0.00087    7.25981   10.37501  316.25224     4.7891   16.25294 4.5055e-01     0.3375     0.7054 0.0000e+00
        451  46.591904    0.03125     1.8750    112.502     40.382  51311.674    31.8555     4.7895     40.000     4.7856    25.2059     7.5779    10.8296    104.376    330.110    338.431    0.00059    7.26023   10.37560  316.27012     4.7866   16.25380 3.9936e-01     0.3395     0.7088 0.0000e+00
        455  46.591917    0.03156     1.8937    113.621     41.391  51314.190    31.8565     4.7880     41.000     4.7850    25.2068     7.5828    10.8366    104.441    330.324    338.650    0.00062    7.26043   10.37589  316.27859     4.7851   16.25419 3.5666e-01     0.3353     0.6894 0.0000e+00
        461  46.591934    0.03197     1.9182    115.092     42.401  51315.298    31.8567     4.7880     42.000     4.7852    25.2070     7.5834    10.8374    104.449    330.348    338.675    0.00047    7.26042   10.37587  316.27787     4.7851   16.25416 3.1846e-01     0.3461     0.6905 0.0000e+00
        466  46.591948    0.03230     1.9383    116.299     43.411  51316.817    31.8574     4.7890     43.000     4.7868    25.2075     7.5864    10.8417    104.492    330.477    338.808    0.00046    7.26022   10.37559  316.26917     4.7859   16.25375 2.8412e-01     0.3463     0.7033 0.0000e+00
        470  46.591960    0.03258     1.9549    117.293     44.420  51318.063    31.8582     4.7910     44.000     4.7894    25.2079     7.5907    10.8479    104.557    330.665    339.000    0.00053    7.25984   10.37504  316.25223     4.7878   16.25293 2.5435e-01     0.3534     0.7132 0.0000e+00
        474  46.591971    0.03286     1.9713    118.275     45.430  51317.644    31.8582     4.7943     45.000     4.7924    25.2076     7.5945    10.8533    104.619    330.831    339.170    0.00059    7.25925   10.37420  316.22689     4.7911   16.25173 2.2827e-01     0.3540     0.7064 0.0000e+00
        479  46.591985    0.03320     1.9918    119.510     46.440  51316.625    31.8575     4.7968     46.000     4.7941    25.2068     7.5959    10.8553    104.643    330.892    339.233    0.00052    7.25886   10.37363  316.20989     4.7935   16.25092 2.0497e-01     0.3411     0.6874 0.0000e+00
        486  46.592005    0.03368     2.0208    121.250     47.449  51316.204    31.8570     4.7980     47.000     4.7947    25.2063     7.5987    10.8593    104.685    331.016    339.360    0.00045    7.25866   10.37335  316.20144     4.7947   16.25052 1.8282e-01     0.3417     0.6565 0.0000e+00
        493  46.592024    0.03414     2.0482    122.891     48.459  51317.012    31.8571     4.7981     48.000     4.7947    25.2064     7.6041    10.8671    104.760    331.251    339.601    0.00051    7.25864   10.37332  316.20068     4.7947   16.25049 1.6446e-01     0.3193     0.6888 0.0000e+00
        501  46.592049    0.03472     2.0833    125.000     49.468  51317.994    31.8572     4.7979     49.000     4.7944    25.2065     7.6010    10.8626    104.716    331.115    339.461    0.00019    7.25867   10.37337  316.20205     4.7944   16.25055 1.4966e-01     0.3277     0.6854 0.0000e+00
        507  46.592065    0.03512     2.1071    126.428     50.478  51318.857    31.8573     4.7977     50.000     4.7941    25.2065     7.5987    10.8593    104.685    331.016    339.360    0.00003    7.25871   10.37341  316.20337     4.7942   16.25061 1.3447e-01     0.3272     0.7349 0.0000e+00
        513  46.592084    0.03556     2.1337    128.025     51.488  51319.535    31.8572     4.7976     51.000     4.7939    25.2065     7.6010    10.8626    104.715    331.114    339.460    0.00006    7.25873   10.37345  316.20461     4.7939   16.25067 1.2111e-01     0.3435     0.7260 0.0000e+00
        522  46.592109    0.03617     2.1702    130.211     52.498  51320.546    31.8574     4.7974     52.000     4.7937    25.2066     7.6082    10.8730    104.815    331.430    339.784    0.00027    7.25877   10.37350  316.20600     4.7937   16.25074 1.0957e-01     0.3436     0.6755 0.0000e+00
        528  46.592126    0.03657     2.1941    131.648     53.507  51320.967    31.8572     4.7977     53.000     4.7937    25.2065     7.6054    10.8689    104.776    331.307    339.658    0.00006    7.25872   10.37343  316.20401     4.7939   16.25064 9.9888e-02     0.3289     0.7267 0.0000e+00
