CTD-processing/allCTD/CNV/2014_02-14_t9_s05_cast174_5028.cnv
* Sea-Bird SBE19plus Data File:
* FileName = C:\Users\kris.holderied\Documents\kasitsna\Research-Projects-and-Data\Oceanography-AK\CTD-CookInlet-GulfWatchAK\2014-02-EVOSTC-CookInlet-LTM-BATCH-UPLOAD\2014-02-CookInlet-Seasonal-cast174.hex
* Software Version 1.59
* Temperature SN =  5028
* Conductivity SN =  5028
* System UpLoad Time = Apr 09 2014 20:13:19
** Cook Inlet LTM 2014 February Seasonal - Batch upload
** Date: 2013-02-15
** Station: 9-05
** Start time: 11:06
** Depth (m): 95
** CoComment:
** Comment:
# nquan = 27
# nvalues = 94                          
# units = specified
# name 0 = scan: Scan Count
# name 1 = timeJ: Julian Days
# name 2 = timeH: Time, Elapsed [hours]
# name 3 = timeM: Time, Elapsed [minutes]
# name 4 = timeS: Time, Elapsed [seconds]
# name 5 = prdM: Pressure, Strain Gauge [db]
# name 6 = specc: Specific Conductance [uS/cm]
# name 7 = sal00: Salinity, Practical [PSU]
# name 8 = tv290C: Temperature [ITS-90, deg C]
# name 9 = depSM: Depth [salt water, m], lat = 59.00
# name 10 = potemp090C: Potential Temperature [ITS-90, deg C]
# name 11 = sigma-é00: Density [sigma-theta, kg/m^3]
# name 12 = sbeox0ML/L: Oxygen, SBE 43 [ml/l]
# name 13 = sbeox0Mg/L: Oxygen, SBE 43 [mg/l]
# name 14 = sbeox0PS: Oxygen, SBE 43 [% saturation]
# name 15 = sbox0Mm/Kg: Oxygen, SBE 43 [umol/kg]
# name 16 = sbeox0Mm/L: Oxygen, SBE 43 [umol/l]
# name 17 = sbox0dV/dT: Oxygen, SBE 43 [dov/dt]
# name 18 = oxsolML/L: Oxygen Saturation, Garcia & Gordon [ml/l]
# name 19 = oxsolMg/L: Oxygen Saturation, Garcia & Gordon [mg/l]
# name 20 = oxsolMm/Kg: Oxygen Saturation, Garcia & Gordon [umol/kg]
# name 21 = potemp090C: Potential Temperature [ITS-90, deg C]
# name 22 = n2satMg/L: Nitrogen Saturation [mg/l]
# name 23 = par: PAR/Irradiance, Biospherical/Licor
# name 24 = flECO-AFL: Fluorescence, WET Labs ECO-AFL/FL [mg/m^3]
# name 25 = turbWETntu0: Turbidity, WET Labs ECO [NTU]
# name 26 = flag: flag
# span 0 =        175,        784       
# span 1 =  46.462540,  46.464302       
# span 2 =    0.01208,    0.05435       
# span 3 =     0.7249,     3.2609       
# span 4 =     43.497,    195.656       
# span 5 =      1.009,     94.909       
# span 6 =  50628.711,  51517.045       
# span 7 =    30.9032,    31.8557       
# span 8 =     2.5855,     4.9926       
# span 9 =      1.000,     94.000       
# span 10 =     2.5916,     4.9858      
# span 11 =    24.6489,    25.1847      
# span 12 =     6.4596,     7.6939      
# span 13 =     9.2314,    10.9953      
# span 14 =     83.736,    105.710      
# span 15 =    281.560,    335.189      
# span 16 =    288.485,    343.608      
# span 17 =   -0.00085,    0.02974      
# span 18 =    7.22495,    7.71532      
# span 19 =   10.32516,   11.02596      
# span 20 =  314.73907,  336.30032      
# span 21 =     2.5854,     4.9858      
# span 22 =   16.18092,   17.20973      
# span 23 = 3.7912e-02, 2.2015e+01      
# span 24 =     0.2834,     0.5978      
# span 25 =     0.8917,     3.5410      
# span 26 = 0.0000e+00, 0.0000e+00      
# interval = meters: 1                  
# start_time = Feb 15 2014 11:05:20 [Instrument's time stamp, header]
# bad_flag = -9.990e-29
*END*
        175  46.462540    0.01208     0.7249     43.497      1.009  50628.711    30.9032     2.5855      1.000     2.5916    24.6489     6.4596     9.2314     83.736    281.560    288.485    0.00925    7.71532   11.02596  336.30032     2.5854   17.20973 2.2015e+01     0.5278     3.5410 0.0000e+00
        310  46.462930    0.02145     1.2868     77.208      2.019  51483.306    31.4417     2.5874      2.000     2.6562    25.0784     6.8767     9.8276     89.489    299.601    307.116    0.02250    7.68445   10.98184  334.78757     2.5873   17.13576 1.6832e+01     0.5674     1.5399 0.0000e+00
        294  46.462886    0.02038     1.2226     73.358      3.028  51517.045    31.5035     2.7152      3.000     2.8738    25.1177     6.9744     9.9671     91.092    303.845    311.476    0.02484    7.65708   10.94274  333.58635     2.7150   17.07846 1.1165e+01     0.5764     1.8966 0.0000e+00
        297  46.462895    0.02058     1.2346     74.075      4.038  51449.149    31.5192     2.9476      4.000     3.0809    25.1114     7.0680    10.1009     92.861    307.925    315.657    0.02720    7.61202   10.87835  331.62550     2.9474   16.98527 7.9215e+00     0.5812     1.8646 0.0000e+00
        301  46.462904    0.02080     1.2485     74.908      5.047  51308.307    31.4743     3.1414      5.000     3.2171    25.0596     7.1896    10.2747     94.883    313.239    321.088    0.02974    7.57772   10.82932  330.14743     3.1412   16.91523 5.9385e+00     0.5978     1.8112 0.0000e+00
        305  46.462918    0.02113     1.2681     76.087      6.057  51230.911    31.4584     3.2849      6.000     3.3260    25.0348     7.2324    10.3358     95.774    315.110    322.998    0.02727    7.55162   10.79202  329.01838     3.2846   16.86164 4.4883e+00     0.5852     1.7347 0.0000e+00
        311  46.462933    0.02151     1.2907     77.441      7.066  51219.421    31.4762     3.3874      7.000     3.4254    25.0401     7.2274    10.3287     95.962    314.892    322.777    0.02231    7.53161   10.76342  328.14496     3.3869   16.82007 3.3724e+00     0.5817     1.6958 0.0000e+00
        315  46.462947    0.02184     1.3104     78.624      8.075  51206.268    31.4901     3.4803      8.000     3.5092    25.0430     7.2835    10.4088     96.937    317.334    325.281    0.02099    7.51365   10.73776  327.36160     3.4798   16.78278 2.6605e+00     0.5746     1.7835 0.0000e+00
        320  46.462959    0.02213     1.3280     79.683      9.085  51163.565    31.4730     3.5292      9.000     3.5366    25.0249     7.3443    10.4958     97.853    319.989    327.996    0.02022    7.50549   10.72609  327.01155     3.5286   16.76622 2.1490e+00     0.5627     1.8049 0.0000e+00
        324  46.462973    0.02246     1.3477     80.861     10.095  51164.223    31.4769     3.5455     10.000     3.5530    25.0267     7.3553    10.5115     98.041    320.469    328.489    0.01718    7.50228   10.72150  326.87101     3.5449   16.75952 1.6967e+00     0.5508     1.7094 0.0000e+00
        330  46.462989    0.02284     1.3704     82.226     11.104  51161.917    31.4803     3.5677     11.000     3.5733    25.0274     7.3502    10.5042     98.029    320.245    328.261    0.01360    7.49799   10.71538  326.68429     3.5671   16.75064 1.3156e+00     0.5196     1.6158 0.0000e+00
        335  46.463003    0.02319     1.3916     83.493     12.114  51176.014    31.4942     3.5873     12.000     3.6008    25.0367     7.3635    10.5232     98.263    320.822    328.855    0.01155    7.49368   10.70921  326.49327     3.5866   16.74150 1.0348e+00     0.5270     1.5903 0.0000e+00
        340  46.463018    0.02353     1.4120     84.722     13.123  51184.987    31.5097     3.6270     13.000     3.6473    25.0454     7.4286    10.6162     99.239    323.655    331.760    0.01202    7.48559   10.69766  326.13838     3.6262   16.72457 8.3937e-01     0.5211     1.5945 0.0000e+00
        345  46.463031    0.02386     1.4317     85.905     14.133  51225.929    31.5527     3.6906     14.000     3.7368    25.0738     7.4798    10.6894    100.108    325.875    334.047    0.01231    7.47175   10.67787  325.52608     3.6898   16.69528 6.9046e-01     0.4999     1.6075 0.0000e+00
        349  46.463043    0.02415     1.4486     86.916     15.143  51222.791    31.5743     3.7900     15.000     3.8362    25.0819     7.5277    10.7579    101.011    327.962    336.188    0.01288    7.45249   10.65035  324.68428     3.7890   16.65518 5.5638e-01     0.4758     1.5754 0.0000e+00
        354  46.463058    0.02451     1.4704     88.223     16.152  51187.107    31.5758     3.8984     16.000     3.9283    25.0729     7.5924    10.8503    102.150    330.782    339.075    0.01358    7.43267   10.62203  323.82402     3.8974   16.61427 4.4257e-01     0.4650     1.4719 0.0000e+00
        361  46.463079    0.02500     1.5001     90.005     17.162  51157.025    31.5755     3.9847     17.000     4.0008    25.0645     7.5763    10.8273    102.147    330.084    338.357    0.01005    7.41702   10.59966  323.14468     3.9836   16.58197 3.5842e-01     0.4604     1.3788 0.0000e+00
        365  46.463090    0.02528     1.5167     91.001     18.171  51164.913    31.5893     4.0222     18.000     4.0416    25.0719     7.5587    10.8021    102.013    329.314    337.570    0.00801    7.40955   10.58899  322.81699     4.0210   16.56633 2.9973e-01     0.4554     1.3796 0.0000e+00
        369  46.463102    0.02555     1.5330     91.978     19.180  51157.595    31.5929     4.0603     19.000     4.0754    25.0711     7.5823    10.8358    102.429    330.343    338.625    0.00794    7.40250   10.57891  322.50980     4.0591   16.55171 2.5285e-01     0.4426     1.3419 0.0000e+00
        375  46.463120    0.02600     1.5599     93.592     20.190  51136.751    31.5865     4.0955     20.000     4.0986    25.0626     7.5942    10.8528    102.673    330.864    339.156    0.00672    7.39646   10.57028  322.24941     4.0943   16.53935 2.1162e-01     0.4342     1.2560 0.0000e+00
        382  46.463139    0.02646     1.5875     95.252     21.200  51139.569    31.5908     4.1078     21.000     4.1115    25.0649     7.5784    10.8303    102.493    330.174    338.450    0.00453    7.39405   10.56683  322.14376     4.1064   16.53431 1.7492e-01     0.4047     1.3093 0.0000e+00
        388  46.463158    0.02689     1.6136     96.817     22.209  51140.801    31.5953     4.1254     22.000     4.1288    25.0668     7.5894    10.8460    102.689    330.654    338.942    0.00395    7.39064   10.56197  321.99477     4.1240   16.52721 1.4881e-01     0.3983     1.2563 0.0000e+00
        394  46.463175    0.02731     1.6385     98.309     23.219  51145.293    31.6014     4.1404     23.000     4.1465    25.0701     7.6042    10.8671    102.931    331.297    339.603    0.00371    7.38765   10.55769  321.86346     4.1389   16.52094 1.2782e-01     0.3871     1.2494 0.0000e+00
        400  46.463193    0.02774     1.6646     99.874     24.228  51156.487    31.6164     4.1737     24.000     4.1866    25.0788     7.6157    10.8836    103.181    331.798    340.119    0.00349    7.38092   10.54808  321.56756     4.1722   16.50680 1.1033e-01     0.3965     1.2487 0.0000e+00
        407  46.463213    0.02822     1.6935    101.611     25.237  51152.383    31.6247     4.2233     25.000     4.2351    25.0805     7.6349    10.9111    103.572    332.634    340.977    0.00363    7.37162   10.53477  321.16142     4.2217   16.48745 9.5768e-02     0.3947     1.1880 0.0000e+00
        414  46.463233    0.02869     1.7216    103.296     26.247  51161.062    31.6426     4.2771     26.000     4.2949    25.0895     7.6456    10.9264    103.865    333.097    341.454    0.00351    7.36111   10.51976  320.70097     4.2754   16.46548 8.3526e-02     0.3850     1.1326 0.0000e+00
        421  46.463251    0.02914     1.7482    104.892     27.256  51156.494    31.6525     4.3353     27.000     4.3515    25.0916     7.6532    10.9372    104.122    333.426    341.792    0.00336    7.35023   10.50422  320.22632     4.3335   16.44286 7.4268e-02     0.3794     1.1183 0.0000e+00
        427  46.463269    0.02956     1.7735    106.410     28.266  51145.932    31.6567     4.3868     28.000     4.3960    25.0897     7.6555    10.9404    104.286    333.525    341.893    0.00304    7.34087   10.49083  319.81894     4.3850   16.42346 6.7102e-02     0.3651     1.0849 0.0000e+00
        434  46.463290    0.03007     1.8043    108.258     29.276  51159.420    31.6744     4.4260     29.000     4.4451    25.0999     7.6429    10.9225    104.226    332.975    341.332    0.00202    7.33304   10.47965  319.47501     4.4240   16.40703 6.1261e-02     0.3642     1.0530 0.0000e+00
        439  46.463306    0.03045     1.8269    109.613     30.285  51209.994    31.7307     4.5230     30.000     4.5699    25.1346     7.6535    10.9376    104.656    333.424    341.805    0.00274    7.31311   10.45117  318.59592     4.5210   16.36498 5.6251e-02     0.3602     1.0526 0.0000e+00
        446  46.463324    0.03088     1.8528    111.170     31.295  51168.174    31.7298     4.6478     31.000     4.6706    25.1210     7.6939    10.9953    105.524    335.189    343.608    0.00455    7.29117   10.41981  317.64425     4.6457   16.31970 5.2073e-02     0.3476     0.9754 0.0000e+00
        453  46.463346    0.03141     1.8846    113.076     32.305  51133.705    31.7202     4.7125     32.000     4.7138    25.1067     7.6649    10.9539    105.283    333.930    342.314    0.00261    7.28028   10.40425  317.17422     4.7102   16.29737 4.9152e-02     0.3584     0.9029 0.0000e+00
        458  46.463360    0.03175     1.9048    114.287     33.314  51130.184    31.7184     4.7171     33.000     4.7154    25.1047     7.6308    10.9053    104.826    332.449    340.795    0.00077    7.27956   10.40322  317.14324     4.7148   16.29590 4.7069e-02     0.3470     0.9146 0.0000e+00
        463  46.463374    0.03208     1.9250    115.500     34.324  51130.420    31.7182     4.7180     34.000     4.7155    25.1045     7.6216    10.8920    104.700    332.044    340.380    0.00020    7.27942   10.40301  317.13714     4.7156   16.29562 4.4916e-02     0.3482     0.9138 0.0000e+00
        471  46.463398    0.03267     1.9599    117.592     35.334  51133.173    31.7194     4.7170     35.000     4.7145    25.1056     7.6231    10.8941    104.720    332.109    340.447    0.00016    7.27953   10.40318  317.14174     4.7146   16.29583 4.2963e-02     0.3414     0.8938 0.0000e+00
        477  46.463414    0.03306     1.9835    119.012     36.343  51135.255    31.7204     4.7174     36.000     4.7150    25.1064     7.6227    10.8936    104.716    332.092    340.429    0.00006    7.27942   10.40302  317.13691     4.7149   16.29559 4.1533e-02     0.3344     0.9304 0.0000e+00
        481  46.463427    0.03335     2.0010    120.061     37.353  51138.089    31.7220     4.7180     37.000     4.7159    25.1076     7.6279    10.9010    104.790    332.317    340.661    0.00022    7.27923   10.40275  317.12828     4.7154   16.29518 4.0362e-02     0.3290     0.9548 0.0000e+00
        486  46.463441    0.03370     2.0222    121.331     38.363  51138.109    31.7217     4.7190     38.000     4.7165    25.1073     7.6372    10.9144    104.920    332.725    341.079    0.00051    7.27907   10.40253  317.12143     4.7163   16.29486 3.9379e-02     0.3277     0.9323 0.0000e+00
        493  46.463461    0.03418     2.0506    123.038     39.372  51150.091    31.7303     4.7231     39.000     4.7268    25.1137     7.6375    10.9147    104.940    332.733    341.089    0.00039    7.27792   10.40088  317.06936     4.7204   16.29234 3.8396e-02     0.3328     0.9013 0.0000e+00
        499  46.463479    0.03460     2.0763    124.578     40.382  51173.391    31.7527     4.7542     40.000     4.7653    25.1281     7.6422    10.9214    105.099    332.934    341.300    0.00071    7.27139   10.39155  316.78042     4.7514   16.27850 3.7934e-02     0.3362     0.9420 0.0000e+00
        504  46.463492    0.03493     2.0958    125.749     41.391  51169.274    31.7559     4.7832     41.000     4.7896    25.1276     7.6513    10.9346    105.301    333.335    341.711    0.00114    7.26618   10.38411  316.55367     4.7802   16.26770 3.7916e-02     0.3344     0.9611 0.0000e+00
        508  46.463505    0.03523     2.1138    126.827     42.401  51164.448    31.7559     4.8007     42.000     4.8024    25.1259     7.6546    10.9392    105.390    333.476    341.854    0.00118    7.26312   10.37972  316.42055     4.7977   16.26136 3.7912e-02     0.3248     0.9512 0.0000e+00
        515  46.463523    0.03567     2.1403    128.420     43.410  51162.185    31.7562     4.8111     43.000     4.8100    25.1250     7.6441    10.9243    105.273    333.021    341.388    0.00056    7.26128   10.37710  316.34097     4.8081   16.25757 3.7912e-02     0.3158     0.9856 0.0000e+00
        523  46.463547    0.03625     2.1748    130.486     44.420  51163.765    31.7582     4.8174     44.000     4.8155    25.1259     7.6218    10.8923    104.982    332.046    340.390   -0.00045    7.26010   10.37540  316.28885     4.8143   16.25508 3.7912e-02     0.3310     1.0244 0.0000e+00
        527  46.463558    0.03651     2.1907    131.444     45.430  51170.123    31.7628     4.8205     45.000     4.8210    25.1291     7.6195    10.8890    104.961    331.942    340.284   -0.00050    7.25933   10.37431  316.25447     4.8174   16.25343 3.7912e-02     0.3331     1.0537 0.0000e+00
        531  46.463570    0.03679     2.2072    132.429     46.439  51173.266    31.7662     4.8287     46.000     4.8288    25.1310     7.6295    10.9033    105.122    332.379    340.732   -0.00000    7.25774   10.37203  316.18448     4.8254   16.25009 3.7912e-02     0.3200     1.0612 0.0000e+00
        539  46.463593    0.03734     2.2404    134.426     47.449  51169.787    31.7649     4.8358     47.000     4.8333    25.1293     7.6362    10.9129    105.231    332.672    341.032    0.00026    7.25656   10.37036  316.13393     4.8324   16.24768 3.7912e-02     0.3173     1.0192 0.0000e+00
        545  46.463612    0.03780     2.2676    136.059     48.459  51174.459    31.7684     4.8391     48.000     4.8383    25.1316     7.6382    10.9158    105.270    332.759    341.122    0.00026    7.25582   10.36930  316.10113     4.8357   16.24611 3.7912e-02     0.3166     1.0528 0.0000e+00
        549  46.463623    0.03807     2.2843    137.057     49.468  51180.681    31.7736     4.8456     49.000     4.8467    25.1351     7.6400    10.9183    105.314    332.834    341.200    0.00032    7.25444   10.36732  316.03956     4.8421   16.24316 3.7912e-02     0.3103     1.0438 0.0000e+00
        554  46.463637    0.03841     2.3045    138.272     50.478  51178.581    31.7737     4.8548     50.000     4.8535    25.1342     7.6373    10.9145    105.301    332.720    341.083    0.00019    7.25282   10.36501  315.96945     4.8513   16.23982 3.7912e-02     0.3141     1.0295 0.0000e+00
        561  46.463658    0.03891     2.3346    140.074     51.488  51178.669    31.7745     4.8605     51.000     4.8580    25.1343     7.6303    10.9044    105.220    332.414    340.769   -0.00011    7.25180   10.36355  315.92500     4.8569   16.23770 3.7912e-02     0.3175     1.0132 0.0000e+00
        568  46.463677    0.03937     2.3619    141.714     52.497  51180.382    31.7760     4.8645     52.000     4.8619    25.1351     7.6244    10.8961    105.150    332.157    340.505   -0.00032    7.25103   10.36245  315.89108     4.8608   16.23608 3.7912e-02     0.3158     0.9908 0.0000e+00
        572  46.463690    0.03967     2.3805    142.832     53.507  51181.574    31.7769     4.8670     53.000     4.8642    25.1354     7.6222    10.8928    105.125    332.058    340.405   -0.00037    7.25056   10.36178  315.87061     4.8632   16.23510 3.7912e-02     0.3019     1.0220 0.0000e+00
