CTD-processing/allCTD/CNV/2014_03-28_t9_s01_cast224_5028.cnv
* Sea-Bird SBE19plus Data File:
* FileName = C:\Users\kris.holderied\Documents\kasitsna\Research-Projects-and-Data\Oceanography-AK\CTD-CookInlet-GulfWatchAK\2014-03-28-CookInlet-HomerSpit\2014-03-28-CookInlet-Homerspit-cast224.hex
* Software Version 1.59
* Temperature SN =  5028
* Conductivity SN =  5028
* System UpLoad Time = Apr 09 2014 17:20:23
** Cook Inlet LTM Transect 9 (Homer Spit) south to north
** Date: 28 March 2014
** Station: 9-01
** Start time: 13:43
** Depth (m): 67.1
** Comment:  CTD instrument time is AK Daylight
** Comment:
# nquan = 27
# nvalues = 65                          
# units = specified
# name 0 = scan: Scan Count
# name 1 = timeJ: Julian Days
# name 2 = timeH: Time, Elapsed [hours]
# name 3 = timeM: Time, Elapsed [minutes]
# name 4 = timeS: Time, Elapsed [seconds]
# name 5 = prdM: Pressure, Strain Gauge [db]
# name 6 = specc: Specific Conductance [uS/cm]
# name 7 = sal00: Salinity, Practical [PSU]
# name 8 = tv290C: Temperature [ITS-90, deg C]
# name 9 = depSM: Depth [salt water, m], lat = 59.00
# name 10 = potemp090C: Potential Temperature [ITS-90, deg C]
# name 11 = sigma-é00: Density [sigma-theta, kg/m^3]
# name 12 = sbeox0ML/L: Oxygen, SBE 43 [ml/l]
# name 13 = sbeox0Mg/L: Oxygen, SBE 43 [mg/l]
# name 14 = sbeox0PS: Oxygen, SBE 43 [% saturation]
# name 15 = sbox0Mm/Kg: Oxygen, SBE 43 [umol/kg]
# name 16 = sbeox0Mm/L: Oxygen, SBE 43 [umol/l]
# name 17 = sbox0dV/dT: Oxygen, SBE 43 [dov/dt]
# name 18 = oxsolML/L: Oxygen Saturation, Garcia & Gordon [ml/l]
# name 19 = oxsolMg/L: Oxygen Saturation, Garcia & Gordon [mg/l]
# name 20 = oxsolMm/Kg: Oxygen Saturation, Garcia & Gordon [umol/kg]
# name 21 = potemp090C: Potential Temperature [ITS-90, deg C]
# name 22 = n2satMg/L: Nitrogen Saturation [mg/l]
# name 23 = par: PAR/Irradiance, Biospherical/Licor
# name 24 = flECO-AFL: Fluorescence, WET Labs ECO-AFL/FL [mg/m^3]
# name 25 = turbWETntu0: Turbidity, WET Labs ECO [NTU]
# name 26 = flag: flag
# span 0 =        378,        621       
# span 1 =  87.572907,  87.573610       
# span 2 =    0.02614,    0.04304       
# span 3 =     1.5689,     2.5820       
# span 4 =     94.132,    154.922       
# span 5 =      1.010,     65.624       
# span 6 =  50986.055,  51291.455       
# span 7 =    31.4761,    31.6518       
# span 8 =     3.9470,     4.0262       
# span 9 =      1.000,     65.000       
# span 10 =     3.9457,     4.0241      
# span 11 =    24.9819,    25.1218      
# span 12 =     6.9203,     7.6005      
# span 13 =     9.8898,    10.8618      
# span 14 =     93.274,    102.443      
# span 15 =    301.525,    331.143      
# span 16 =    309.061,    339.438      
# span 17 =   -0.00271,    0.00972      
# span 18 =    7.40633,    7.42594      
# span 19 =   10.58439,   10.61242      
# span 20 =  322.66102,  323.54297      
# span 21 =     3.9458,     4.0257      
# span 22 =   16.55868,   16.60108      
# span 23 = 3.7912e-02, 1.4353e+02      
# span 24 =     0.2745,     0.6870      
# span 25 =     0.8403,     1.4329      
# span 26 = 0.0000e+00, 0.0000e+00      
# interval = meters: 1                  
# start_time = Mar 28 2014 13:43:25 [Instrument's time stamp, header]
# bad_flag = -9.990e-29
*END*
        378  87.572907    0.02614     1.5689     94.132      1.010  50986.055    31.4761     4.0228      1.000     4.0181    24.9819     6.9441     9.9238     93.648    302.565    310.123    0.00051    7.41511   10.59694  323.08755     4.0227   16.57966 6.5046e+01     0.3604     0.8403 0.0000e+00
        396  87.572959    0.02741     1.6444     98.666      2.019  51001.523    31.4822     4.0060      2.000     4.0015    24.9882     6.9243     9.8955     93.346    301.700    309.238   -0.00097    7.41785   10.60084  323.20465     4.0059   16.58520 6.2438e+01     0.4052     0.9151 0.0000e+00
        400  87.572973    0.02773     1.6639     99.835      3.029  51012.783    31.4872     3.9967      3.000     3.9926    24.9931     6.9203     9.8898     93.274    301.525    309.061   -0.00108    7.41928   10.60290  323.26580     3.9965   16.58809 7.5671e+01     0.4319     0.9447 0.0000e+00
        404  87.572984    0.02801     1.6804    100.825      4.038  51022.149    31.4915     3.9900      4.000     3.9881    24.9972     6.9276     9.9003     93.361    301.841    309.386   -0.00071    7.42028   10.60431  323.30774     3.9897   16.59007 1.0730e+02     0.4408     0.9811 0.0000e+00
        408  87.572996    0.02827     1.6966    101.794      5.047  51034.529    31.4991     3.9889      5.000     3.9923    25.0034     6.9410     9.9194     93.544    302.424    309.986   -0.00014    7.42009   10.60405  323.29763     3.9885   16.58955 1.4282e+02     0.4360     0.9946 0.0000e+00
        412  87.573006    0.02853     1.7120    102.721      6.057  51051.827    31.5128     3.9989      6.000     4.0099    25.0133     6.9677     9.9575     93.934    303.583    311.177    0.00091    7.41760   10.60050  323.18621     3.9984   16.58420 1.4353e+02     0.4254     0.9687 0.0000e+00
        415  87.573016    0.02878     1.7271    103.625      7.067  51044.610    31.5120     4.0184      7.000     4.0241    25.0107     7.0282    10.0440     94.795    306.220    313.879    0.00313    7.41410   10.59549  323.03435     4.0180   16.57698 1.2152e+02     0.4175     0.9268 0.0000e+00
        419  87.573027    0.02903     1.7418    104.508      8.075  51028.199    31.5022     4.0262      8.000     4.0231    25.0022     7.1020    10.1494     95.801    309.437    317.173    0.00559    7.41318   10.59418  322.99700     4.0257   16.57524 1.0282e+02     0.4113     0.8767 0.0000e+00
        422  87.573036    0.02927     1.7562    105.369      9.085  51024.473    31.4975     4.0193      9.000     4.0103    24.9991     7.1571    10.2282     96.525    311.840    319.635    0.00690    7.41468   10.59631  323.06314     4.0187   16.57841 8.7138e+01     0.4076     0.8608 0.0000e+00
        426  87.573047    0.02951     1.7709    106.256     10.095  51039.073    31.5030     4.0028     10.000     3.9897    25.0051     7.1980    10.2867     97.042    313.620    321.463    0.00739    7.41737   10.60017  323.17885     4.0022   16.58389 7.3587e+01     0.3978     0.8845 0.0000e+00
        430  87.573057    0.02976     1.7856    107.134     11.104  51066.221    31.5160     3.9817     11.000     3.9711    25.0174     7.2356    10.3403     97.507    315.253    323.140    0.00761    7.42055   10.60470  323.31305     3.9810   16.59022 6.2329e+01     0.4383     0.9091 0.0000e+00
        433  87.573067    0.03000     1.8000    108.003     12.114  51082.686    31.5229     3.9656     12.000     3.9579    25.0245     7.2816    10.4060     98.092    317.253    325.192    0.00817    7.42311   10.60838  323.42287     3.9648   16.59541 5.2282e+01     0.5138     0.9120 0.0000e+00
        436  87.573077    0.03024     1.8145    108.872     13.123  51095.813    31.5289     3.9557     13.000     3.9523    25.0302     7.3304    10.4759     98.731    319.381    327.376    0.00882    7.42461   10.61051  323.48621     3.9548   16.59840 4.3853e+01     0.5903     0.8980 0.0000e+00
        440  87.573087    0.03048     1.8288    109.729     14.132  51099.858    31.5302     3.9519     14.000     3.9493    25.0317     7.3803    10.5472     99.396    321.557    329.606    0.00947    7.42523   10.61139  323.51246     3.9510   16.59964 3.6757e+01     0.6686     0.8868 0.0000e+00
        443  87.573097    0.03072     1.8432    110.593     15.142  51103.163    31.5313     3.9492     15.000     3.9472    25.0328     7.4205    10.6047     99.931    323.308    331.402    0.00972    7.42565   10.61201  323.53088     3.9483   16.60052 3.0893e+01     0.6854     0.9044 0.0000e+00
        447  87.573107    0.03096     1.8575    111.453     16.151  51106.091    31.5325     3.9478     16.000     3.9466    25.0338     7.4422    10.6356    100.220    324.251    332.368    0.00919    7.42585   10.61229  323.53924     3.9468   16.60091 2.5936e+01     0.6870     0.9080 0.0000e+00
        450  87.573117    0.03120     1.8719    112.315     17.161  51107.397    31.5328     3.9477     17.000     3.9464    25.0341     7.4639    10.6667    100.512    325.198    333.339    0.00872    7.42586   10.61230  323.53952     3.9466   16.60092 2.1837e+01     0.6747     0.8914 0.0000e+00
        454  87.573127    0.03144     1.8866    113.196     18.171  51108.481    31.5329     3.9472     18.000     3.9457    25.0343     7.4847    10.6963    100.791    326.101    334.265    0.00829    7.42594   10.61242  323.54297     3.9460   16.60108 1.8377e+01     0.6664     0.8750 0.0000e+00
        457  87.573137    0.03169     1.9011    114.063     19.181  51112.488    31.5351     3.9470     19.000     3.9465    25.0360     7.4947    10.7107    100.927    326.538    334.713    0.00750    7.42586   10.61230  323.53900     3.9458   16.60088 1.5459e+01     0.6389     0.8757 0.0000e+00
        461  87.573147    0.03193     1.9156    114.935     20.190  51116.050    31.5374     3.9484     20.000     3.9484    25.0376     7.5072    10.7286    101.101    327.084    335.273    0.00690    7.42549   10.61178  323.52228     3.9472   16.60008 1.3085e+01     0.6017     0.8941 0.0000e+00
        464  87.573158    0.03217     1.9301    115.805     21.199  51117.364    31.5383     3.9507     21.000     3.9502    25.0381     7.5189    10.7453    101.265    327.594    335.796    0.00641    7.42504   10.61113  323.50243     3.9493   16.59913 1.1053e+01     0.5977     0.9093 0.0000e+00
        468  87.573167    0.03240     1.9442    116.649     22.210  51117.246    31.5380     3.9518     22.000     3.9507    25.0378     7.5237    10.7521    101.331    327.801    336.008    0.00570    7.42485   10.61085  323.49423     3.9504   16.59874 9.3690e+00     0.5862     0.9099 0.0000e+00
        471  87.573177    0.03265     1.9587    117.522     23.219  51117.698    31.5379     3.9522     23.000     3.9507    25.0377     7.5294    10.7603    101.410    328.052    336.265    0.00510    7.42479   10.61076  323.49149     3.9508   16.59862 7.9384e+00     0.5748     0.9208 0.0000e+00
        475  87.573188    0.03289     1.9732    118.392     24.228  51117.405    31.5371     3.9519     24.000     3.9496    25.0372     7.5327    10.7649    101.452    328.192    336.410    0.00449    7.42489   10.61090  323.49608     3.9504   16.59884 6.7396e+00     0.5716     0.9336 0.0000e+00
        478  87.573197    0.03313     1.9879    119.274     25.238  51118.420    31.5370     3.9506     25.000     3.9483    25.0372     7.5383    10.7729    101.524    328.436    336.660    0.00401    7.42514   10.61126  323.50692     3.9490   16.59935 5.7252e+00     0.5614     0.9182 0.0000e+00
        482  87.573208    0.03338     2.0027    120.164     26.247  51119.128    31.5367     3.9495     26.000     3.9471    25.0371     7.5473    10.7859    101.643    328.830    337.063    0.00375    7.42535   10.61157  323.51620     3.9478   16.59979 4.8624e+00     0.5600     0.9036 0.0000e+00
        485  87.573218    0.03362     2.0171    121.023     27.257  51120.779    31.5370     3.9483     27.000     3.9463    25.0374     7.5544    10.7959    101.735    329.137    337.378    0.00346    7.42555   10.61184  323.52456     3.9466   16.60019 4.1336e+00     0.5672     0.9216 0.0000e+00
        489  87.573228    0.03387     2.0318    121.911     28.266  51123.432    31.5383     3.9483     28.000     3.9471    25.0385     7.5592    10.8029    101.801    329.348    337.594    0.00313    7.42548   10.61176  323.52156     3.9465   16.60004 3.5266e+00     0.5479     0.9626 0.0000e+00
        492  87.573239    0.03411     2.0467    122.803     29.276  51127.184    31.5407     3.9496     29.000     3.9494    25.0402     7.5624    10.8074    101.849    329.486    337.737    0.00279    7.42511   10.61122  323.50472     3.9478   16.59923 3.0021e+00     0.5229     0.9121 0.0000e+00
        496  87.573248    0.03435     2.0606    123.637     30.286  51131.939    31.5441     3.9527     30.000     3.9531    25.0427     7.5656    10.8120    101.902    329.624    337.879    0.00254    7.42438   10.61019  323.47244     3.9508   16.59769 2.5605e+00     0.5184     0.9003 0.0000e+00
        499  87.573258    0.03457     2.0746    124.477     31.295  51133.781    31.5458     3.9566     31.000     3.9561    25.0437     7.5675    10.8148    101.939    329.710    337.967    0.00227    7.42360   10.60907  323.43800     3.9546   16.59604 2.1843e+00     0.5108     0.9115 0.0000e+00
        502  87.573268    0.03481     2.0889    125.336     32.305  51134.842    31.5465     3.9589     32.000     3.9579    25.0440     7.5672    10.8144    101.941    329.696    337.953    0.00194    7.42315   10.60842  323.41809     3.9569   16.59509 1.8638e+00     0.4962     0.8974 0.0000e+00
        506  87.573277    0.03505     2.1030    126.181     33.314  51137.170    31.5481     3.9608     33.000     3.9600    25.0451     7.5650    10.8111    101.917    329.597    337.852    0.00157    7.42271   10.60779  323.39866     3.9587   16.59416 1.5889e+00     0.4934     0.8904 0.0000e+00
        509  87.573288    0.03529     2.1174    127.044     34.323  51137.806    31.5486     3.9630     34.000     3.9617    25.0453     7.5673    10.8144    101.954    329.698    337.956    0.00140    7.42230   10.60721  323.38075     3.9608   16.59331 1.3526e+00     0.5013     0.9207 0.0000e+00
        513  87.573298    0.03553     2.1315    127.890     35.333  51138.535    31.5489     3.9643     35.000     3.9629    25.0454     7.5800    10.8326    102.128    330.252    338.523    0.00166    7.42204   10.60684  323.36922     3.9621   16.59276 1.1532e+00     0.4907     0.9474 0.0000e+00
        516  87.573307    0.03576     2.1458    128.747     36.343  51141.586    31.5509     3.9660     36.000     3.9654    25.0468     7.5893    10.8459    102.259    330.657    338.939    0.00179    7.42164   10.60627  323.35152     3.9637   16.59191 9.8493e-01     0.4866     0.9575 0.0000e+00
        519  87.573317    0.03600     2.1603    129.617     37.353  51143.390    31.5523     3.9689     37.000     3.9681    25.0476     7.5933    10.8515    102.320    330.829    339.116    0.00168    7.42104   10.60541  323.32519     3.9666   16.59065 8.4130e-01     0.4875     0.9743 0.0000e+00
        523  87.573327    0.03624     2.1746    130.473     38.362  51144.717    31.5533     3.9715     38.000     3.9706    25.0482     7.5947    10.8535    102.346    330.888    339.176    0.00151    7.42052   10.60466  323.30212     3.9691   16.58955 7.1888e-01     0.4938     0.9715 0.0000e+00
        526  87.573337    0.03649     2.1896    131.374     39.372  51147.554    31.5554     3.9745     39.000     3.9738    25.0496     7.5946    10.8534    102.355    330.886    339.174    0.00126    7.41987   10.60374  323.27359     3.9720   16.58819 6.1507e-01     0.4876     0.9806 0.0000e+00
        530  87.573348    0.03675     2.2046    132.274     40.381  51148.438    31.5563     3.9778     40.000     3.9766    25.0501     7.6005    10.8618    102.443    331.143    339.438    0.00130    7.41924   10.60284  323.24604     3.9752   16.58687 5.2460e-01     0.4621     0.9958 0.0000e+00
        534  87.573359    0.03700     2.2200    133.201     41.391  51148.490    31.5564     3.9802     41.000     3.9782    25.0499     7.5983    10.8587    102.420    331.049    339.341    0.00105    7.41880   10.60220  323.22670     3.9776   16.58595 4.4795e-01     0.4394     0.9990 0.0000e+00
        538  87.573370    0.03726     2.2355    134.127     42.400  51149.031    31.5565     3.9810     42.000     3.9784    25.0499     7.5839    10.8382    102.228    330.422    338.699    0.00032    7.41865   10.60199  323.22024     3.9783   16.58564 3.8289e-01     0.4448     1.0261 0.0000e+00
        541  87.573380    0.03751     2.2504    135.025     43.410  51149.722    31.5564     3.9812     43.000     3.9785    25.0499     7.5705    10.8190    102.047    329.835    338.097   -0.00028    7.41861   10.60194  323.21848     3.9784   16.58556 3.2698e-01     0.4503     1.0478 0.0000e+00
        545  87.573390    0.03776     2.2658    135.946     44.419  51150.917    31.5569     3.9815     44.000     3.9790    25.0501     7.5612    10.8057    101.923    329.429    337.682   -0.00064    7.41853   10.60183  323.21508     3.9787   16.58540 2.8025e-01     0.4461     1.0153 0.0000e+00
        548  87.573401    0.03802     2.2808    136.850     45.429  51151.719    31.5570     3.9819     45.000     3.9790    25.0502     7.5565    10.7990    101.861    329.227    337.474   -0.00076    7.41846   10.60171  323.21171     3.9790   16.58524 2.4085e-01     0.4311     1.0173 0.0000e+00
        552  87.573411    0.03826     2.2961    137.765     46.439  51153.306    31.5575     3.9818     46.000     3.9788    25.0506     7.5541    10.7957    101.830    329.124    337.369   -0.00079    7.41844   10.60169  323.21085     3.9789   16.58520 2.0709e-01     0.4214     1.0411 0.0000e+00
        556  87.573422    0.03852     2.3114    138.682     47.448  51156.099    31.5588     3.9814     47.000     3.9779    25.0517     7.5560    10.7982    101.853    329.201    337.449   -0.00065    7.41846   10.60171  323.21124     3.9784   16.58521 1.7841e-01     0.4051     1.0481 0.0000e+00
        559  87.573433    0.03877     2.3262    139.570     48.458  51160.078    31.5609     3.9806     48.000     3.9772    25.0534     7.5576    10.8007    101.876    329.276    337.525   -0.00053    7.41850   10.60177  323.21233     3.9776   16.58525 1.5431e-01     0.4075     1.0632 0.0000e+00
        563  87.573443    0.03902     2.3413    140.476     49.468  51167.321    31.5651     3.9801     49.000     3.9772    25.0569     7.5623    10.8074    101.940    329.477    337.733   -0.00033    7.41836   10.60159  323.20575     3.9770   16.58492 1.3351e-01     0.4188     1.0814 0.0000e+00
        566  87.573453    0.03927     2.3561    141.367     50.477  51189.230    31.5799     3.9816     50.000     3.9809    25.0685     7.5743    10.8245    102.116    329.997    338.270    0.00017    7.41736   10.60016  323.15855     3.9784   16.58262 1.1587e-01     0.4134     1.1014 0.0000e+00
        570  87.573464    0.03951     2.3710    142.262     51.488  51205.998    31.5920     3.9863     51.000     3.9851    25.0777     7.5790    10.8311    102.198    330.195    338.475    0.00038    7.41589   10.59806  323.09162     3.9831   16.57939 1.0070e-01     0.3952     1.1475 0.0000e+00
        574  87.573474    0.03977     2.3860    143.161     52.498  51205.810    31.5920     3.9890     52.000     3.9857    25.0774     7.5685    10.8161    102.064    329.740    338.010   -0.00006    7.41541   10.59736  323.07047     3.9857   16.57838 8.7975e-02     0.3775     1.2062 0.0000e+00
        577  87.573485    0.04001     2.4007    144.044     53.507  51203.033    31.5894     3.9885     53.000     3.9842    25.0754     7.5435    10.7805    101.725    328.654    336.896   -0.00101    7.41564   10.59769  323.08088     3.9851   16.57888 7.7394e-02     0.3689     1.2436 0.0000e+00
