CTD-processing/allCTD/CNV/2014_11-25_t9_s01_cast162_4141.cnv
* Sea-Bird SBE19plus Data File:
* FileName = C:\Users\kris.holderied\Documents\kasitsna\Research-Projects-and-Data\Oceanography-AK\CTD-Data-ALL-to-2014-10\2014-CTD-KachemakBay-CookInlet\2014-11-25-CookInlet-HomerSpit-monthly\2014-11-25-CookInlet-Tran9-cast162.hex
* Software Version 1.59
* Temperature SN =  4141
* Conductivity SN =  4141
* System UpLoad Time = Dec 16 2014 19:45:35
** Cook Inlet LTM Tran9 (Homer Spit)
** Date: 11-25
** Station: 9-01
** Start time:  16:06
** Depth (m): 68.6
** Comment:  CTD time was left on AKDT by mistake and is one hour ahead of local Alaska Standard time.
** Comment: On Kasitsna Bay Lab R/V Banacle.
# nquan = 27
# nvalues = 66                          
# units = specified
# name 0 = scan: Scan Count
# name 1 = timeJ: Julian Days
# name 2 = timeH: Time, Elapsed [hours]
# name 3 = timeM: Time, Elapsed [minutes]
# name 4 = timeS: Time, Elapsed [seconds]
# name 5 = prdM: Pressure, Strain Gauge [db]
# name 6 = specc: Specific Conductance [uS/cm]
# name 7 = sal00: Salinity, Practical [PSU]
# name 8 = tv290C: Temperature [ITS-90, deg C]
# name 9 = depSM: Depth [salt water, m], lat = 59.00
# name 10 = potemp090C: Potential Temperature [ITS-90, deg C]
# name 11 = sigma-é00: Density [sigma-theta, kg/m^3]
# name 12 = sbeox0ML/L: Oxygen, SBE 43 [ml/l]
# name 13 = sbeox0Mg/L: Oxygen, SBE 43 [mg/l]
# name 14 = sbeox0PS: Oxygen, SBE 43 [% saturation]
# name 15 = sbox0Mm/Kg: Oxygen, SBE 43 [umol/kg]
# name 16 = sbeox0Mm/L: Oxygen, SBE 43 [umol/l]
# name 17 = sbox0dV/dT: Oxygen, SBE 43 [dov/dt]
# name 18 = oxsolML/L: Oxygen Saturation, Garcia & Gordon [ml/l]
# name 19 = oxsolMg/L: Oxygen Saturation, Garcia & Gordon [mg/l]
# name 20 = oxsolMm/Kg: Oxygen Saturation, Garcia & Gordon [umol/kg]
# name 21 = n2satMg/L: Nitrogen Saturation [mg/l]
# name 22 = par: PAR/Irradiance, Biospherical/Licor
# name 23 = wetStar: Fluorescence, WET Labs WETstar [mg/m^3]
# name 24 = CStarAt0: Beam Attenuation, WET Labs C-Star [1/m]
# name 25 = CStarTr0: Beam Transmission, WET Labs C-Star [%]
# name 26 = flag: flag
# span 0 =        162,        552       
# span 1 = 329.714655, 329.715783       
# span 2 =    0.01117,    0.03825       
# span 3 =     0.6699,     2.2950       
# span 4 =     40.194,    137.700       
# span 5 =      1.009,     66.621       
# span 6 =  48236.522,  48640.138       
# span 7 =    30.3431,    30.6954       
# span 8 =     8.0174,     8.7002       
# span 9 =      1.000,     66.000       
# span 10 =     8.0488,     8.6939      
# span 11 =    23.6164,    23.7994      
# span 12 =     5.3307,     5.5573      
# span 13 =     7.6180,     7.9419      
# span 14 =     79.785,     82.003      
# span 15 =    232.535,    242.452      
# span 16 =    238.068,    248.187      
# span 17 =   -0.00663,    0.02268      
# span 18 =    6.68126,    6.80051      
# span 19 =    9.54819,    9.71860      
# span 20 =  291.45052,  296.70346      
# span 21 =   15.07522,   15.32747      
# span 22 = 3.6372e-02, 4.8466e+00      
# span 23 =     0.2160,     0.3707      
# span 24 =     0.9012,     1.9113      
# span 25 =    66.0145,    79.8279      
# span 26 = 0.0000e+00, 0.0000e+00      
# interval = meters: 1                  
# start_time = Nov 25 2014 17:08:26 [Instrument's time stamp, header]
# bad_flag = -9.990e-29
*END*
[from data line 54]
        510 329.715662    0.03533     2.1195    127.169     55.523  48584.070    30.6549     8.6486     55.000     8.6400    23.7709     5.3839     7.6941     80.469    234.861    240.443   -0.00275    6.69066    9.56162  291.86675   15.09526 3.6382e-02     0.2419     1.3071    72.1243 0.0000e+00
        513 329.715672    0.03558     2.1346    128.076     56.536  48589.466    30.6576     8.6446     56.000     8.6385    23.7737     5.3559     7.6542     80.045    233.640    239.194   -0.00571    6.69115    9.56232  291.88746   15.09624 3.6382e-02     0.2392     1.2834    72.5530 0.0000e+00
        517 329.715683    0.03583     2.1499    128.994     57.544  48590.560    30.6578     8.6439     57.000     8.6381    23.7740     5.3425     7.6350     79.843    233.057    238.597   -0.00663    6.69123    9.56243  291.89075   15.09639 3.6382e-02     0.2186     1.2805    72.6049 0.0000e+00
        521 329.715694    0.03610     2.1659    129.956     58.557  48589.309    30.6564     8.6429     58.000     8.6364    23.7730     5.3490     7.6443     79.938    233.339    238.886   -0.00366    6.69145    9.56275  291.90083   15.09688 3.6382e-02     0.2327     1.2797    72.6206 0.0000e+00
        525 329.715705    0.03637     2.1819    130.913     59.564  48593.474    30.6588     8.6425     59.000     8.6373    23.7750     5.3571     7.6558     80.059    233.691    239.246   -0.00157    6.69139    9.56267  291.89772   15.09672 3.6382e-02     0.2287     1.3073    72.1221 0.0000e+00
        529 329.715717    0.03664     2.1985    131.909     60.576  48599.926    30.6631     8.6440     60.000     8.6414    23.7782     5.3626     7.6638     80.147    233.933    239.495   -0.00015    6.69099    9.56210  291.87940   15.09583 3.6382e-02     0.2405     1.2801    72.6131 0.0000e+00
        532 329.715727    0.03691     2.2145    132.870     61.586  48640.138    30.6925     8.6560     61.000     8.6656    23.7994     5.3638     7.6654     80.201    233.978    239.547    0.00022    6.68792    9.55770  291.73903   15.08900 3.6382e-02     0.2409     1.2707    72.7837 0.0000e+00
        536 329.715739    0.03716     2.2300    133.800     62.592  48628.994    30.6880     8.6818     62.000     8.6796    23.7921     5.3615     7.6621     80.211    233.881    239.446    0.00032    6.68424    9.55244  291.58076   15.08147 3.6382e-02     0.2587     1.3271    71.7666 0.0000e+00
        540 329.715750    0.03744     2.2467    134.800     63.605  48634.966    30.6928     8.6896     63.000     8.6870    23.7948     5.3459     7.6399     79.994    233.199    238.748   -0.00168    6.68286    9.55048  291.52010   15.07855 3.6382e-02     0.2237     1.3590    71.1941 0.0000e+00
        544 329.715762    0.03773     2.2635    135.811     64.616  48637.812    30.6954     8.6965     64.000     8.6925    23.7958     5.3347     7.6237     79.839    232.708    238.246   -0.00293    6.68172    9.54884  291.46978   15.07613 3.6382e-02     0.2160     1.3895    70.6539 0.0000e+00
        548 329.715773    0.03799     2.2791    136.745     65.624  48632.790    30.6920     8.7002     65.000     8.6934    23.7926     5.3307     7.6180     79.785    232.535    238.068   -0.00260    6.68131    9.54826  291.45293   15.07535 3.6382e-02     0.2557     1.3955    70.5484 0.0000e+00
        552 329.715783    0.03825     2.2950    137.700     66.621  48635.329    30.6933     8.7001     66.000     8.6939    23.7936     5.3329     7.6212     79.819    232.631    238.167   -0.00166    6.68126    9.54819  291.45052   15.07522 3.6382e-02     0.2387     1.4301    69.9412 0.0000e+00
