CTD-processing/allCTD/CNV/2014_10-13_t4_s04_cast075_4141.cnv
* Sea-Bird SBE19plus Data File:
* FileName = C:\Users\kris.holderied\Documents\kasitsna\Research-Projects-and-Data\Oceanography-AK\CTD-Data-ALL-to-2014-10\2014-CTD-KachemakBay-CookInlet\2014-10-EVOSTC-CookInlet\2014-10-13-CookInlet-Tran4-Barabara\2014-10-13-CookInlet-Tran4-cast075.hex
* Software Version 1.59
* Temperature SN =  4141
* Conductivity SN =  4141
* System UpLoad Time = Oct 13 2014 12:08:10
** Cook Inlet LTM Tran4 (Barabara)  south to north
** Date: 10-13
** Station: 4-04
** Start time: 09:50
** Depth (m): 85
** Comment:  CTD time is Alaska Daylight time.  R/V Pandalus. Transducer  depth.
** Comment:
# nquan = 27
# nvalues = 84                          
# units = specified
# name 0 = scan: Scan Count
# name 1 = timeJ: Julian Days
# name 2 = timeH: Time, Elapsed [hours]
# name 3 = timeM: Time, Elapsed [minutes]
# name 4 = timeS: Time, Elapsed [seconds]
# name 5 = prdM: Pressure, Strain Gauge [db]
# name 6 = specc: Specific Conductance [uS/cm]
# name 7 = sal00: Salinity, Practical [PSU]
# name 8 = tv290C: Temperature [ITS-90, deg C]
# name 9 = depSM: Depth [salt water, m], lat = 59.00
# name 10 = potemp090C: Potential Temperature [ITS-90, deg C]
# name 11 = sigma-é00: Density [sigma-theta, kg/m^3]
# name 12 = sbeox0ML/L: Oxygen, SBE 43 [ml/l]
# name 13 = sbeox0Mg/L: Oxygen, SBE 43 [mg/l]
# name 14 = sbeox0PS: Oxygen, SBE 43 [% saturation]
# name 15 = sbox0Mm/Kg: Oxygen, SBE 43 [umol/kg]
# name 16 = sbeox0Mm/L: Oxygen, SBE 43 [umol/l]
# name 17 = sbox0dV/dT: Oxygen, SBE 43 [dov/dt]
# name 18 = oxsolML/L: Oxygen Saturation, Garcia & Gordon [ml/l]
# name 19 = oxsolMg/L: Oxygen Saturation, Garcia & Gordon [mg/l]
# name 20 = oxsolMm/Kg: Oxygen Saturation, Garcia & Gordon [umol/kg]
# name 21 = n2satMg/L: Nitrogen Saturation [mg/l]
# name 22 = par: PAR/Irradiance, Biospherical/Licor
# name 23 = wetStar: Fluorescence, WET Labs WETstar [mg/m^3]
# name 24 = CStarAt0: Beam Attenuation, WET Labs C-Star [1/m]
# name 25 = CStarTr0: Beam Transmission, WET Labs C-Star [%]
# name 26 = flag: flag
# span 0 =        394,       1054       
# span 1 = 286.412062, 286.413972       
# span 2 =    0.02726,    0.07310       
# span 3 =     1.6355,     4.3862       
# span 4 =     98.131,    263.170       
# span 5 =      1.009,     84.796       
# span 6 =  48510.916,  48863.026       
# span 7 =    30.7633,    30.9962       
# span 8 =     9.6579,     9.8125       
# span 9 =      1.000,     84.000       
# span 10 =     9.6565,     9.8090      
# span 11 =    23.7007,    23.8591      
# span 12 =     5.2641,     5.4346      
# span 13 =     7.5230,     7.7666      
# span 14 =     80.909,     83.223      
# span 15 =    229.619,    237.089      
# span 16 =    235.095,    242.710      
# span 17 =   -0.00636,    0.00173      
# span 18 =    6.50562,    6.53755      
# span 19 =    9.29719,    9.34281      
# span 20 =  283.77088,  285.20742      
# span 21 =   14.70691,   14.77654      
# span 22 = 3.6362e-02, 2.7536e+01      
# span 23 =     0.5611,     1.1726      
# span 24 =     0.3945,     0.6820      
# span 25 =    84.3236,    90.6078      
# span 26 = 0.0000e+00, 0.0000e+00      
# interval = meters: 1                  
# start_time = Oct 13 2014 09:51:44 [Instrument's time stamp, header]
# bad_flag = -9.990e-29
*END*
[from data line 54]
        877 286.413462    0.06085     3.6515    219.089     55.532  48840.878    30.9926     9.8105     55.000     9.8042    23.8562     5.2820     7.5485     81.186    230.397    235.894   -0.00060    6.50606    9.29780  283.79037   14.70786 3.6382e-02     0.5857     0.4938    88.3865 0.0000e+00
        881 286.413473    0.06113     3.6681    220.086     56.533  48841.912    30.9928     9.8100     56.000     9.8040    23.8565     5.2790     7.5442     81.140    230.268    235.762   -0.00119    6.50612    9.29789  283.79299   14.70798 3.6382e-02     0.5688     0.5085    88.0628 0.0000e+00
        886 286.413487    0.06147     3.6880    221.282     57.540  48842.305    30.9927     9.8102     57.000     9.8039    23.8563     5.2845     7.5521     81.224    230.507    236.006   -0.00001    6.50609    9.29786  283.79192   14.70793 3.6382e-02     0.6142     0.5113    88.0010 0.0000e+00
        893 286.413508    0.06196     3.7178    223.070     58.559  48839.729    30.9905     9.8102     58.000     9.8039    23.8546     5.2800     7.5457     81.154    230.313    235.808   -0.00062    6.50619    9.29800  283.79651   14.70816 3.6382e-02     0.5957     0.5156    87.9077 0.0000e+00
        899 286.413525    0.06238     3.7431    224.588     59.569  48842.809    30.9922     9.8103     59.000     9.8038    23.8560     5.2819     7.5484     81.184    230.395    235.892   -0.00036    6.50611    9.29787  283.79243   14.70796 3.6382e-02     0.6259     0.5081    88.0710 0.0000e+00
        904 286.413539    0.06270     3.7618    225.709     60.575  48843.504    30.9923     9.8106     60.000     9.8040    23.8560     5.2909     7.5612     81.323    230.787    236.293    0.00107    6.50606    9.29782  283.79081   14.70788 3.6382e-02     0.5925     0.5118    87.9898 0.0000e+00
        909 286.413552    0.06302     3.7813    226.877     61.581  48842.253    30.9910     9.8102     61.000     9.8032    23.8550     5.2913     7.5618     81.327    230.804    236.310    0.00066    6.50617    9.29796  283.79544   14.70810 3.6382e-02     0.5794     0.5088    88.0547 0.0000e+00
        915 286.413570    0.06345     3.8069    228.415     62.595  48841.958    30.9902     9.8094     62.000     9.8025    23.8546     5.2867     7.5552     81.255    230.603    236.103   -0.00029    6.50631    9.29817  283.80183   14.70841 3.6382e-02     0.6119     0.5230    87.7430 0.0000e+00
        921 286.413589    0.06392     3.8349    230.097     63.606  48842.400    30.9901     9.8094     63.000     9.8025    23.8545     5.2768     7.5410     81.102    230.170    235.661   -0.00169    6.50632    9.29818  283.80233   14.70843 3.6382e-02     0.5883     0.5267    87.6631 0.0000e+00
        927 286.413605    0.06431     3.8586    231.514     64.617  48843.177    30.9902     9.8094     64.000     9.8024    23.8546     5.2871     7.5559     81.261    230.621    236.123    0.00052    6.50631    9.29816  283.80151   14.70840 3.6382e-02     0.5772     0.5351    87.4789 0.0000e+00
        932 286.413619    0.06463     3.8778    232.667     65.621  48844.438    30.9907     9.8096     65.000     9.8025    23.8550     5.2877     7.5566     81.270    230.645    236.147    0.00028    6.50626    9.29810  283.79971   14.70831 3.6382e-02     0.6146     0.5447    87.2683 0.0000e+00
        938 286.413636    0.06504     3.9022    234.132     66.631  48845.586    30.9911     9.8096     66.000     9.8023    23.8553     5.2881     7.5572     81.277    230.662    236.165    0.00015    6.50625    9.29808  283.79892   14.70827 3.6382e-02     0.5629     0.5485    87.1866 0.0000e+00
        945 286.413657    0.06555     3.9330    235.977     67.649  48845.957    30.9909     9.8095     67.000     9.8022    23.8552     5.2857     7.5538     81.240    230.558    236.058   -0.00035    6.50626    9.29810  283.79967   14.70831 3.6382e-02     0.5643     0.5623    86.8872 0.0000e+00
        950 286.413672    0.06589     3.9538    237.226     68.652  48848.154    30.9922     9.8101     68.000     9.8031    23.8561     5.2850     7.5529     81.232    230.530    236.029   -0.00039    6.50612    9.29790  283.79337   14.70800 3.6382e-02     0.6067     0.5623    86.8856 0.0000e+00
        956 286.413689    0.06632     3.9789    238.737     69.659  48847.804    30.9915     9.8107     69.000     9.8033    23.8555     5.2852     7.5531     81.235    230.538    236.037   -0.00027    6.50606    9.29780  283.79056   14.70787 3.6382e-02     0.5611     0.5347    87.4879 0.0000e+00
        964 286.413712    0.06687     4.0120    240.722     70.681  48848.627    30.9917     9.8109     70.000     9.8032    23.8557     5.2837     7.5509     81.212    230.471    235.969   -0.00036    6.50604    9.29778  283.78961   14.70782 3.6382e-02     0.5873     0.5256    87.6866 0.0000e+00
        968 286.413725    0.06718     4.0308    241.846     71.680  48849.284    30.9918     9.8109     71.000     9.8032    23.8557     5.2864     7.5548     81.254    230.590    236.090   -0.00010    6.50603    9.29777  283.78915   14.70780 3.6382e-02     0.6006     0.5302    87.5873 0.0000e+00
        974 286.413742    0.06758     4.0546    243.273     72.688  48849.814    30.9917     9.8109     72.000     9.8031    23.8557     5.2859     7.5541     81.247    230.570    236.070   -0.00009    6.50602    9.29776  283.78904   14.70780 3.6382e-02     0.5989     0.5321    87.5428 0.0000e+00
        982 286.413765    0.06814     4.0883    245.301     73.706  48850.198    30.9916     9.8113     73.000     9.8034    23.8556     5.2837     7.5510     81.214    230.474    235.972   -0.00042    6.50598    9.29770  283.78710   14.70770 3.6382e-02     0.6271     0.5215    87.7756 0.0000e+00
        989 286.413784    0.06858     4.1148    246.886     74.712  48850.851    30.9917     9.8114     74.000     9.8033    23.8556     5.2902     7.5602     81.313    230.755    236.261    0.00055    6.50596    9.29767  283.78642   14.70767 3.6382e-02     0.6013     0.5171    87.8734 0.0000e+00
        995 286.413801    0.06900     4.1400    248.400     75.724  48851.680    30.9918     9.8116     75.000     9.8033    23.8557     5.2974     7.5705     81.424    231.068    236.581    0.00117    6.50594    9.29763  283.78510   14.70761 3.6382e-02     0.5999     0.5158    87.9017 0.0000e+00
       1000 286.413816    0.06936     4.1617    249.702     76.728  48852.585    30.9920     9.8116     76.000     9.8033    23.8559     5.2956     7.5679     81.396    230.990    236.501    0.00043    6.50592    9.29761  283.78456   14.70758 3.6382e-02     0.5957     0.5197    87.8157 0.0000e+00
       1007 286.413836    0.06985     4.1911    251.465     77.738  48853.817    30.9925     9.8117     77.000     9.8032    23.8563     5.2847     7.5523     81.229    230.513    236.012   -0.00120    6.50589    9.29756  283.78291   14.70750 3.6382e-02     0.5826     0.5197    87.8155 0.0000e+00
       1017 286.413865    0.07053     4.2320    253.923     78.757  48855.525    30.9933     9.8116     78.000     9.8031    23.8569     5.2785     7.5435     81.135    230.245    235.738   -0.00116    6.50587    9.29754  283.78183   14.70745 3.6382e-02     0.5939     0.5449    87.2650 0.0000e+00
       1022 286.413881    0.07091     4.2549    255.291     79.764  48858.997    30.9953     9.8119     79.000     9.8032    23.8585     5.2781     7.5429     81.129    230.227    235.719   -0.00080    6.50574    9.29736  283.77606   14.70716 3.6382e-02     0.5931     0.5817    86.4670 0.0000e+00
       1027 286.413894    0.07123     4.2737    256.420     80.763  48859.085    30.9950     9.8119     80.000     9.8031    23.8582     5.2770     7.5414     81.113    230.181    235.673   -0.00078    6.50576    9.29739  283.77694   14.70721 3.6382e-02     0.5837     0.6178    85.6892 0.0000e+00
       1036 286.413921    0.07190     4.3139    258.834     81.782  48860.380    30.9955     9.8120     81.000     9.8032    23.8586     5.2773     7.5417     81.117    230.190    235.682   -0.00053    6.50572    9.29732  283.77486   14.70710 3.6382e-02     0.5843     0.6302    85.4250 0.0000e+00
       1045 286.413948    0.07251     4.3508    261.049     82.799  48861.307    30.9957     9.8120     82.000     9.8032    23.8588     5.2777     7.5423     81.124    230.209    235.701   -0.00039    6.50570    9.29730  283.77398   14.70706 3.6382e-02     0.5683     0.6656    84.6715 0.0000e+00
       1049 286.413958    0.07278     4.3668    262.005     83.796  48862.180    30.9959     9.8122     83.000     9.8032    23.8590     5.2823     7.5488     81.195    230.408    235.906    0.00031    6.50566    9.29724  283.77238   14.70699 3.6382e-02     0.5667     0.6728    84.5178 0.0000e+00
       1054 286.413972    0.07310     4.3862    263.170     84.796  48863.026    30.9962     9.8125     84.000     9.8033    23.8591     5.2799     7.5455     81.158    230.304    235.799   -0.00017    6.50562    9.29719  283.77088   14.70691 3.6382e-02     0.5825     0.6820    84.3236 0.0000e+00
