CTD-processing/allCTD/CNV/2014_05-28_t9_s10_cast053_5028.cnv
* Sea-Bird SBE19plus Data File:
* FileName = C:\Users\kris.holderied\Documents\kasitsna\Research-Projects-and-Data\Oceanography-AK\CTD-Data-ALL-to-2014-03\2014-CTD-KachemakBay-CookInlet\2014-05-28-CookInlet-HomerSpit-monthly\2014-05-28-CookInlet_T9_HomerSpit-cast053.hex
* Software Version 1.59
* Temperature SN =  5028
* Conductivity SN =  5028
* System UpLoad Time = Jul 21 2014 00:21:16
** Cook Inlet LTM Transect 9  (Homer Spit) South to North
** Date: 2014-05-28
** Station: 9-10
** Start time: 17:21
** Depth (m): 64
** Comment:  CTD time is Alaska Daylight time
** Comment:
# nquan = 27
# nvalues = 62                          
# units = specified
# name 0 = scan: Scan Count
# name 1 = timeJ: Julian Days
# name 2 = timeH: Time, Elapsed [hours]
# name 3 = timeM: Time, Elapsed [minutes]
# name 4 = timeS: Time, Elapsed [seconds]
# name 5 = prdM: Pressure, Strain Gauge [db]
# name 6 = specc: Specific Conductance [uS/cm]
# name 7 = sal00: Salinity, Practical [PSU]
# name 8 = tv290C: Temperature [ITS-90, deg C]
# name 9 = depSM: Depth [salt water, m], lat = 59.00
# name 10 = potemp090C: Potential Temperature [ITS-90, deg C]
# name 11 = sigma-é00: Density [sigma-theta, kg/m^3]
# name 12 = sbeox0ML/L: Oxygen, SBE 43 [ml/l]
# name 13 = sbeox0Mg/L: Oxygen, SBE 43 [mg/l]
# name 14 = sbeox0PS: Oxygen, SBE 43 [% saturation]
# name 15 = sbox0Mm/Kg: Oxygen, SBE 43 [umol/kg]
# name 16 = sbeox0Mm/L: Oxygen, SBE 43 [umol/l]
# name 17 = sbox0dV/dT: Oxygen, SBE 43 [dov/dt]
# name 18 = oxsolML/L: Oxygen Saturation, Garcia & Gordon [ml/l]
# name 19 = oxsolMg/L: Oxygen Saturation, Garcia & Gordon [mg/l]
# name 20 = oxsolMm/Kg: Oxygen Saturation, Garcia & Gordon [umol/kg]
# name 21 = potemp090C: Potential Temperature [ITS-90, deg C]
# name 22 = n2satMg/L: Nitrogen Saturation [mg/l]
# name 23 = par: PAR/Irradiance, Biospherical/Licor
# name 24 = flECO-AFL: Fluorescence, WET Labs ECO-AFL/FL [mg/m^3]
# name 25 = turbWETntu0: Turbidity, WET Labs ECO [NTU]
# name 26 = flag: flag
# span 0 =        287,        483       
# span 1 = 148.723710, 148.724278       
# span 2 =    0.01989,    0.03350       
# span 3 =     1.1933,     2.0101       
# span 4 =     71.597,    120.601       
# span 5 =      1.009,     62.594       
# span 6 =  48020.624,  51002.440       
# span 7 =    30.4314,    31.8156       
# span 8 =     5.6505,     9.8778       
# span 9 =      1.000,     62.000       
# span 10 =     5.6456,     9.8638      
# span 11 =    23.4206,    25.0791      
# span 12 =     7.0833,     7.7004      
# span 13 =    10.1227,    11.0047      
# span 14 =    100.019,    118.121      
# span 15 =    308.616,    336.032      
# span 16 =    316.338,    343.902      
# span 17 =   -0.02147,    0.01019      
# span 18 =    6.51912,    7.11469      
# span 19 =    9.31648,   10.16758      
# span 20 =  284.48138,  309.96770      
# span 21 =     5.6457,     9.8777      
# span 22 =   14.74310,   15.95388      
# span 23 = 4.6879e-02, 2.2581e+02      
# span 24 =     0.3692,     2.1676      
# span 25 =     0.6619,     1.6234      
# span 26 = 0.0000e+00, 0.0000e+00      
# interval = meters: 1                  
# start_time = May 28 2014 17:20:57 [Instrument's time stamp, header]
# bad_flag = -9.990e-29
*END*
        287 148.723710    0.01989     1.1933     71.597      1.009  48023.948    30.4493     9.8778      1.000     9.8638    23.4206     7.7004    11.0047    118.121    336.032    343.902    0.01019    6.51912    9.31648  284.48138     9.8777   14.74310 2.2581e+02     0.5588     0.6619 0.0000e+00
        292 148.723723    0.02018     1.2110     72.660      2.019  48020.624    30.4314     9.7595      2.000     9.6219    23.4254     7.6800    10.9755    117.491    335.140    342.990    0.00610    6.53694    9.34194  285.25754     9.7593   14.78028 1.7788e+02     0.5781     0.6869 0.0000e+00
        295 148.723732    0.02040     1.2236     73.414      3.029  48159.313    30.4999     9.5366      3.000     9.3887    23.5139     7.6312    10.9057    116.224    332.979    340.809    0.00084    6.56632    9.38393  286.51482     9.5363   14.84012 1.5796e+02     0.6536     0.7205 0.0000e+00
        298 148.723740    0.02060     1.2358     74.150      4.038  48289.566    30.5622     9.3183      4.000     9.1501    23.5965     7.5664    10.8132    114.728    330.128    337.918   -0.00485    6.59554    9.42569  287.76641     9.3179   14.89969 1.4771e+02     0.8001     0.7660 0.0000e+00
        301 148.723749    0.02080     1.2484     74.902      5.048  48404.543    30.6059     9.0492      5.000     8.8141    23.6715     7.5367    10.7706    113.625    328.804    336.587   -0.00830    6.63336    9.47974  289.39538     9.0487   14.97736 1.3298e+02     0.9746     0.7969 0.0000e+00
        304 148.723758    0.02101     1.2607     75.641      6.056  48631.359    30.7150     8.6969      6.000     8.4626    23.8097     7.5207    10.7477    112.574    328.062    335.873   -0.01062    6.68111    9.54797  291.43898     8.6962   15.07455 1.1165e+02     1.1825     0.8228 0.0000e+00
        306 148.723765    0.02121     1.2726     76.354      7.066  48872.409    30.8354     8.3671      7.000     8.1450    23.9524     7.4690    10.6740    111.063    325.764    333.567   -0.01438    6.72553    9.61145  293.33568     8.3664   15.16465 9.0463e+01     1.4544     0.8519 0.0000e+00
        309 148.723774    0.02140     1.2842     77.054      8.076  49098.078    30.9461     8.0586      8.000     7.8543    24.0833     7.4238    10.6094    109.702    323.753    331.550   -0.01736    6.76772    9.67174  295.13802     8.0578   15.25026 7.1731e+01     1.8060     0.8896 0.0000e+00
        312 148.723782    0.02159     1.2954     77.723      9.085  49327.552    31.0657     7.8002      9.000     7.6572    24.2133     7.4083    10.5873    108.915    323.036    330.857   -0.01796    6.80222    9.72105  296.60506     7.7993   15.31980 5.6224e+01     2.0379     0.9270 0.0000e+00
        315 148.723790    0.02178     1.3063     78.380     10.095  49488.087    31.1483     7.6184     10.000     7.5047    24.3034     7.4172    10.6000    108.650    323.392    331.252   -0.01695    6.82672    9.75607  297.64732     7.6175   15.36921 4.3803e+01     2.1634     0.9556 0.0000e+00
        317 148.723797    0.02196     1.3178     79.066     11.104  49594.359    31.1963     7.4614     11.000     7.3403    24.3626     7.4747    10.6820    109.132    325.879    333.819   -0.01345    6.84910    9.78806  298.60600     7.4604   15.41476 3.3830e+01     2.1676     0.9761 0.0000e+00
        320 148.723806    0.02217     1.3304     79.822     12.114  49740.431    31.2680     7.2843     12.000     7.1761    24.4428     7.5482    10.7872    109.813    329.063    337.106   -0.00921    6.87374    9.82326  299.65675     7.2833   15.46459 2.6051e+01     2.0736     1.0169 0.0000e+00
        324 148.723815    0.02240     1.3439     80.636     13.123  49851.095    31.3117     7.0925     13.000     6.9469    24.5024     7.5635    10.8089    109.583    329.706    337.785   -0.00839    6.90222    9.86396  300.88055     7.0913   15.52279 2.0266e+01     1.9512     1.0949 0.0000e+00
        327 148.723826    0.02265     1.3592     81.549     14.133  50074.645    31.4233     6.8450     14.000     6.7524    24.6226     7.4876    10.7005    107.947    326.360    334.395   -0.01207    6.93668    9.91321  302.34752     6.8438   15.59229 1.5784e+01     1.8415     1.1487 0.0000e+00
        331 148.723838    0.02295     1.3770     82.620     15.142  50220.251    31.4935     6.6738     15.000     6.5959    24.6999     7.3777    10.5435    105.989    321.548    329.489   -0.01625    6.96101    9.94798  303.38516     6.6725   15.64149 1.2152e+01     1.6147     1.1217 0.0000e+00
        336 148.723852    0.02328     1.3968     83.810     16.152  50326.150    31.5211     6.4284     16.000     6.2806    24.7524     7.3280    10.4724    104.695    319.362    327.267   -0.01687    6.99967   10.00324  305.05456     6.4271   15.72096 9.3856e+00     1.4229     1.1259 0.0000e+00
        341 148.723867    0.02362     1.4175     85.051     17.161  50601.230    31.6488     6.0984     17.000     5.9997    24.8937     7.2131    10.3081    102.347    314.309    322.133   -0.02038    7.04791   10.07216  307.11419     6.0970   15.81860 7.2632e+00     1.1765     1.2193 0.0000e+00
        346 148.723880    0.02395     1.4368     86.210     18.170  50783.551    31.7388     5.9151     18.000     5.8769    24.9868     7.1244    10.1814    100.713    310.418    318.174   -0.02147    7.07405   10.10953  308.22554     5.9137   15.87118 5.6563e+00     0.8522     1.3192 0.0000e+00
        350 148.723893    0.02426     1.4553     87.317     19.180  50852.450    31.7747     5.8575     19.000     5.8492    25.0220     7.0833    10.1227    100.019    308.616    316.338   -0.01975    7.08193   10.12079  308.55840     5.8560   15.88690 4.3786e+00     0.6433     1.3653 0.0000e+00
        354 148.723902    0.02448     1.4691     88.147     20.190  50863.186    31.7799     5.8487     20.000     5.8459    25.0271     7.0868    10.1276    100.051    308.766    316.493   -0.01697    7.08316   10.12255  308.61034     5.8471   15.88935 3.3909e+00     0.5963     1.3923 0.0000e+00
        356 148.723910    0.02468     1.4812     88.874     21.199  50863.938    31.7797     5.8472     21.000     5.8443    25.0271     7.1087    10.1591    100.358    309.726    317.478   -0.01396    7.08341   10.12291  308.62151     5.8456   15.88989 2.6117e+00     0.5944     1.4073 0.0000e+00
        359 148.723919    0.02488     1.4931     89.586     22.209  50861.998    31.7773     5.8450     22.000     5.8389    25.0256     7.1453    10.2113    100.867    311.319    319.110   -0.01072    7.08390   10.12360  308.64293     5.8432   15.89091 2.0193e+00     0.6155     1.4286 0.0000e+00
        362 148.723927    0.02508     1.5048     90.290     23.218  50866.625    31.7788     5.8387     23.000     5.8331    25.0275     7.1794    10.2601    101.335    312.805    320.633   -0.00797    7.08487   10.12498  308.68465     5.8369   15.89290 1.5780e+00     0.6406     1.4612 0.0000e+00
        365 148.723935    0.02528     1.5167     90.999     24.228  50870.169    31.7798     5.8339     24.000     5.8286    25.0289     7.2023    10.2928    101.647    313.802    321.656   -0.00604    7.08564   10.12609  308.71788     5.8320   15.89448 1.2453e+00     0.6188     1.4008 0.0000e+00
        368 148.723944    0.02549     1.5293     91.760     25.237  50870.659    31.7786     5.8285     25.000     5.8226    25.0286     7.2197    10.3177    101.878    314.558    322.431   -0.00456    7.08658   10.12743  308.75902     5.8266   15.89645 9.8145e-01     0.5990     1.3523 0.0000e+00
        371 148.723953    0.02569     1.5417     92.500     26.247  50873.932    31.7793     5.8230     26.000     5.8180    25.0298     7.2289    10.3308    101.995    314.959    322.842   -0.00363    7.08747   10.12870  308.79741     5.8210   15.89827 7.7431e-01     0.5969     1.3751 0.0000e+00
        374 148.723960    0.02589     1.5534     93.202     27.256  50872.549    31.7769     5.8184     27.000     5.8096    25.0284     7.2338    10.3378    102.052    315.173    323.062   -0.00307    7.08835   10.12996  308.83614     5.8163   15.90012 6.1212e-01     0.5904     1.4373 0.0000e+00
        377 148.723969    0.02609     1.5657     93.942     28.266  50870.300    31.7725     5.8065     28.000     5.7902    25.0264     7.2369    10.3422    102.064    315.308    323.199   -0.00266    7.09055   10.13310  308.93255     5.8043   15.90473 4.8152e-01     0.5660     1.4553 0.0000e+00
        380 148.723978    0.02631     1.5785     94.712     29.276  50888.322    31.7801     5.7851     29.000     5.7749    25.0350     7.2298    10.3320    101.917    314.995    322.881   -0.00276    7.09377   10.13771  309.07019     5.7829   15.91126 3.7954e-01     0.5475     1.4272 0.0000e+00
        383 148.723986    0.02652     1.5909     95.452     30.284  50901.989    31.7872     5.7758     30.000     5.7717    25.0416     7.2145    10.3101    101.684    314.326    322.197   -0.00320    7.09499   10.13945  309.12134     5.7735   15.91367 3.0241e-01     0.5514     1.3944 0.0000e+00
        386 148.723995    0.02672     1.6032     96.195     31.294  50902.757    31.7868     5.7732     31.000     5.7676    25.0416     7.2115    10.3060    101.637    314.200    322.068   -0.00304    7.09545   10.14011  309.14143     5.7707   15.91463 2.4221e-01     0.5709     1.4079 0.0000e+00
        389 148.724005    0.02693     1.6160     96.958     32.304  50901.919    31.7846     5.7676     32.000     5.7577    25.0406     7.2146    10.3104    101.665    314.334    322.206   -0.00258    7.09649   10.14160  309.18714     5.7651   15.91682 1.9460e-01     0.5761     1.4222 0.0000e+00
        392 148.724013    0.02714     1.6286     97.718     33.314  50904.394    31.7833     5.7552     33.000     5.7407    25.0410     7.2244    10.3244    101.772    314.760    322.642   -0.00201    7.09864   10.14466  309.28041     5.7525   15.92127 1.5769e-01     0.5665     1.4269 0.0000e+00
        395 148.724022    0.02736     1.6419     98.515     34.324  50919.951    31.7898     5.7368     34.000     5.7266    25.0483     7.2265    10.3274    101.762    314.849    322.736   -0.00171    7.10142   10.14863  309.39917     5.7341   15.92689 1.2867e-01     0.5466     1.4292 0.0000e+00
        398 148.724032    0.02759     1.6552     99.311     35.333  50932.775    31.7962     5.7267     35.000     5.7223    25.0545     7.2095    10.3031    101.502    314.106    321.976   -0.00231    7.10280   10.15061  309.45758     5.7240   15.92966 1.0649e-01     0.5359     1.4584 0.0000e+00
        401 148.724039    0.02779     1.6674    100.046     36.343  50935.363    31.7971     5.7248     36.000     5.7214    25.0555     7.1982    10.2870    101.340    313.615    321.473   -0.00263    7.10308   10.15101  309.46947     5.7220   15.93021 9.0203e-02     0.5226     1.4585 0.0000e+00
        404 148.724049    0.02801     1.6803    100.817     37.352  50935.055    31.7961     5.7237     37.000     5.7190    25.0548     7.1989    10.2879    101.345    313.641    321.499   -0.00231    7.10330   10.15133  309.47936     5.7208   15.93069 7.8261e-02     0.5064     1.4612 0.0000e+00
        408 148.724059    0.02823     1.6938    101.626     38.362  50935.083    31.7950     5.7200     38.000     5.7129    25.0543     7.1997    10.2890    101.346    313.676    321.535   -0.00203    7.10398   10.15230  309.50910     5.7171   15.93211 7.0145e-02     0.5110     1.5491 0.0000e+00
        411 148.724067    0.02844     1.7066    102.395     39.372  50937.961    31.7950     5.7125     39.000     5.7029    25.0552     7.2005    10.2902    101.340    313.711    321.572   -0.00183    7.10523   10.15409  309.56344     5.7096   15.93470 6.4336e-02     0.5251     1.5668 0.0000e+00
        414 148.724076    0.02865     1.7193    103.157     40.382  50947.558    31.7991     5.7028     40.000     5.6951    25.0597     7.2020    10.2924    101.342    313.778    321.642   -0.00163    7.10666   10.15613  309.62445     5.6997   15.93759 5.9990e-02     0.5092     1.5681 0.0000e+00
        417 148.724085    0.02887     1.7319    103.917     41.391  50954.439    31.8021     5.6965     41.000     5.6906    25.0628     7.2019    10.2923    101.327    313.774    321.638   -0.00149    7.10758   10.15744  309.66362     5.6933   15.93945 5.6728e-02     0.4939     1.5736 0.0000e+00
        420 148.724093    0.02908     1.7446    104.677     42.400  50958.739    31.8038     5.6929     42.000     5.6883    25.0646     7.1971    10.2853    101.251    313.561    321.420   -0.00156    7.10812   10.15821  309.68635     5.6896   15.94052 5.4318e-02     0.4936     1.5929 0.0000e+00
        423 148.724103    0.02930     1.7581    105.483     43.411  50961.952    31.8053     5.6913     43.000     5.6885    25.0659     7.1881    10.2724    101.122    313.169    321.019   -0.00179    7.10830   10.15848  309.69411     5.6880   15.94088 5.2497e-02     0.4866     1.6191 0.0000e+00
        426 148.724112    0.02952     1.7712    106.274     44.420  50961.756    31.8048     5.6924     44.000     5.6896    25.0655     7.1826    10.2647    101.047    312.931    320.775   -0.00184    7.10814   10.15824  309.68701     5.6890   15.94055 5.1210e-02     0.4720     1.5808 0.0000e+00
        429 148.724120    0.02973     1.7839    107.031     45.430  50959.824    31.8032     5.6930     45.000     5.6884    25.0640     7.1814    10.2629    101.031    312.878    320.720   -0.00169    7.10812   10.15820  309.68631     5.6895   15.94052 5.0285e-02     0.4731     1.5845 0.0000e+00
        432 148.724130    0.02994     1.7967    107.800     46.439  50960.117    31.8024     5.6910     46.000     5.6842    25.0637     7.1819    10.2636    101.032    312.899    320.741   -0.00152    7.10850   10.15876  309.70338     5.6873   15.94134 4.9607e-02     0.4811     1.6234 0.0000e+00
        435 148.724139    0.03016     1.8098    108.586     47.450  50961.105    31.8015     5.6850     47.000     5.6733    25.0636     7.1826    10.2646    101.027    312.930    320.773   -0.00136    7.10953   10.16024  309.74845     5.6814   15.94349 4.9080e-02     0.4566     1.5759 0.0000e+00
        438 148.724148    0.03038     1.8227    109.364     48.459  50971.481    31.8055     5.6718     48.000     5.6604    25.0684     7.1831    10.2655    101.006    312.953    320.798   -0.00129    7.11157   10.16315  309.83584     5.6680   15.94763 4.8784e-02     0.4349     1.5376 0.0000e+00
        442 148.724157    0.03059     1.8355    110.128     49.469  50984.476    31.8121     5.6628     49.000     5.6565    25.0746     7.1782    10.2584    100.920    312.738    320.579   -0.00141    7.11278   10.16488  309.88661     5.6589   15.95003 4.8493e-02     0.4187     1.5202 0.0000e+00
        445 148.724166    0.03080     1.8481    110.883     50.478  50988.861    31.8140     5.6600     50.000     5.6553    25.0765     7.1699    10.2465    100.798    312.375    320.208   -0.00163    7.11316   10.16542  309.90251     5.6561   15.95078 4.8226e-02     0.4107     1.4624 0.0000e+00
        448 148.724174    0.03101     1.8605    111.632     51.487  50990.593    31.8146     5.6590     51.000     5.6546    25.0771     7.1624    10.2358    100.691    312.049    319.875   -0.00180    7.11331   10.16562  309.90865     5.6550   15.95107 4.8021e-02     0.4072     1.3845 0.0000e+00
        451 148.724183    0.03122     1.8731    112.389     52.497  50991.367    31.8145     5.6585     52.000     5.6540    25.0771     7.1601    10.2325    100.657    311.947    319.770   -0.00174    7.11339   10.16575  309.91233     5.6544   15.95124 4.7876e-02     0.3986     1.3796 0.0000e+00
        454 148.724192    0.03144     1.8862    113.173     53.507  50992.225    31.8145     5.6580     53.000     5.6538    25.0772     7.1622    10.2354    100.684    312.036    319.862   -0.00147    7.11347   10.16585  309.91554     5.6539   15.95140 4.7758e-02     0.4119     1.4032 0.0000e+00
