CTD-processing/allCTD/CNV/2014_02-15_t4_s06_cast185_5028.cnv
* Sea-Bird SBE19plus Data File:
* FileName = C:\Users\kris.holderied\Documents\kasitsna\Research-Projects-and-Data\Oceanography-AK\CTD-CookInlet-GulfWatchAK\2014-02-EVOSTC-CookInlet-LTM-BATCH-UPLOAD\2014-02-CookInlet-Seasonal-cast185.hex
* Software Version 1.59
* Temperature SN =  5028
* Conductivity SN =  5028
* System UpLoad Time = Apr 09 2014 20:21:45
** Cook Inlet LTM 2014 February Seasonal - Batch upload
** Date: 2014-02-15
** Station: 4-06
** Start time: 14:46
** Depth (m): 64
** CoComment:
** Comment:
# nquan = 27
# nvalues = 62                          
# units = specified
# name 0 = scan: Scan Count
# name 1 = timeJ: Julian Days
# name 2 = timeH: Time, Elapsed [hours]
# name 3 = timeM: Time, Elapsed [minutes]
# name 4 = timeS: Time, Elapsed [seconds]
# name 5 = prdM: Pressure, Strain Gauge [db]
# name 6 = specc: Specific Conductance [uS/cm]
# name 7 = sal00: Salinity, Practical [PSU]
# name 8 = tv290C: Temperature [ITS-90, deg C]
# name 9 = depSM: Depth [salt water, m], lat = 59.00
# name 10 = potemp090C: Potential Temperature [ITS-90, deg C]
# name 11 = sigma-é00: Density [sigma-theta, kg/m^3]
# name 12 = sbeox0ML/L: Oxygen, SBE 43 [ml/l]
# name 13 = sbeox0Mg/L: Oxygen, SBE 43 [mg/l]
# name 14 = sbeox0PS: Oxygen, SBE 43 [% saturation]
# name 15 = sbox0Mm/Kg: Oxygen, SBE 43 [umol/kg]
# name 16 = sbeox0Mm/L: Oxygen, SBE 43 [umol/l]
# name 17 = sbox0dV/dT: Oxygen, SBE 43 [dov/dt]
# name 18 = oxsolML/L: Oxygen Saturation, Garcia & Gordon [ml/l]
# name 19 = oxsolMg/L: Oxygen Saturation, Garcia & Gordon [mg/l]
# name 20 = oxsolMm/Kg: Oxygen Saturation, Garcia & Gordon [umol/kg]
# name 21 = potemp090C: Potential Temperature [ITS-90, deg C]
# name 22 = n2satMg/L: Nitrogen Saturation [mg/l]
# name 23 = par: PAR/Irradiance, Biospherical/Licor
# name 24 = flECO-AFL: Fluorescence, WET Labs ECO-AFL/FL [mg/m^3]
# name 25 = turbWETntu0: Turbidity, WET Labs ECO [NTU]
# name 26 = flag: flag
# span 0 =        206,        522       
# span 1 =  46.615514,  46.616428       
# span 2 =    0.01427,    0.03620       
# span 3 =     0.8562,     2.1721       
# span 4 =     51.373,    130.323       
# span 5 =      1.010,     62.596       
# span 6 =  50864.507,  51308.290       
# span 7 =    31.4513,    31.8489       
# span 8 =     4.0990,     4.8382       
# span 9 =      1.000,     62.000       
# span 10 =     4.3024,     4.8362      
# span 11 =    24.9499,    25.2085      
# span 12 =     6.1942,     7.6348      
# span 13 =     8.8521,    10.9109      
# span 14 =     83.638,    105.268      
# span 15 =    269.924,    332.589      
# span 16 =    276.631,    340.969      
# span 17 =   -0.00033,    0.02719      
# span 18 =    7.25265,    7.40810      
# span 19 =   10.36477,   10.58692      
# span 20 =  315.94309,  322.82618      
# span 21 =     4.0990,     4.8368      
# span 22 =   16.23826,   16.56702      
# span 23 = 3.9202e-02, 4.2281e+01      
# span 24 =     0.2861,     0.4128      
# span 25 =     0.7129,     1.4533      
# span 26 = 0.0000e+00, 0.0000e+00      
# interval = meters: 1                  
# start_time = Feb 15 2014 14:45:29 [Instrument's time stamp, header]
# bad_flag = -9.990e-29
*END*
        206  46.615514    0.01427     0.8562     51.373      1.010  50864.507    31.4513     4.0990      1.000     4.3024    24.9499     6.1942     8.8521     83.638    269.924    276.631    0.00727    7.40810   10.58692  322.82618     4.0990   16.56702 4.2281e+01     0.3695     1.4533 0.0000e+00
        275  46.615712    0.01903     1.1418     68.510      2.020  51288.355    31.8049     4.5500      2.000     4.5883    25.1903     6.4121     9.1636     87.785    279.330    286.365    0.01759    7.30486   10.43937  318.21941     4.5499   16.34675 3.6663e+01     0.3914     0.7413 0.0000e+00
        279  46.615724    0.01933     1.1596     69.576      3.029  51238.264    31.7816     4.6019      3.000     4.6110    25.1666     6.6111     9.4479     90.605    288.002    295.250    0.02350    7.29671   10.42773  317.87138     4.6017   16.33029 3.0793e+01     0.3843     0.7221 0.0000e+00
        283  46.615734    0.01957     1.1742     70.455      4.038  51222.864    31.7733     4.6139      4.000     4.6143    25.1588     6.7750     9.6821     92.872    295.145    302.570    0.02699    7.29500   10.42529  317.79928     4.6136   16.32690 2.5420e+01     0.3834     0.7146 0.0000e+00
        286  46.615744    0.01980     1.1879     71.276      5.047  51226.459    31.7756     4.6151      5.000     4.6164    25.1605     6.8679     9.8149     94.150    299.192    306.720    0.02719    7.29467   10.42482  317.78436     4.6147   16.32618 2.1387e+01     0.3945     0.7218 0.0000e+00
        289  46.615752    0.02001     1.2004     72.022      6.057  51228.067    31.7767     4.6177      6.000     4.6190    25.1612     6.9409     9.9193     95.158    302.374    309.982    0.02675    7.29413   10.42405  317.76101     4.6173   16.32506 1.8445e+01     0.4128     0.7136 0.0000e+00
        292  46.615761    0.02021     1.2128     72.768      7.067  51229.422    31.7777     4.6202      7.000     4.6217    25.1617     7.0242    10.0383     96.306    306.004    313.703    0.02685    7.29368   10.42339  317.74067     4.6197   16.32409 1.6044e+01     0.4094     0.7129 0.0000e+00
        295  46.615771    0.02043     1.2258     73.547      8.076  51235.515    31.7823     4.6244      8.000     4.6289    25.1650     7.0976    10.1433     97.326    309.201    316.982    0.02649    7.29271   10.42201  317.69751     4.6238   16.32202 1.4241e+01     0.4066     0.7180 0.0000e+00
        299  46.615780    0.02066     1.2399     74.392      9.085  51232.275    31.7814     4.6321      9.000     4.6350    25.1634     7.1494    10.2171     98.052    311.452    319.290    0.02500    7.29141   10.42014  317.64106     4.6315   16.31934 1.2861e+01     0.4057     0.7304 0.0000e+00
        302  46.615791    0.02091     1.2550     75.297     10.094  51258.073    31.8009     4.6429     10.000     4.6630    25.1778     7.1925    10.2788     98.682    313.328    321.217    0.02316    7.28856   10.41607  317.51259     4.6422   16.31314 1.1664e+01     0.3930     0.7399 0.0000e+00
        306  46.615802    0.02118     1.2707     76.240     11.104  51308.290    31.8463     4.6940     11.000     4.7404    25.2085     7.2351    10.3397     99.421    315.176    323.121    0.02175    7.27738   10.40011  317.01640     4.6932   16.28934 1.0632e+01     0.3790     0.7417 0.0000e+00
        310  46.615813    0.02146     1.2877     77.262     12.114  51259.071    31.8304     4.7761     12.000     4.7955    25.1872     7.3029    10.4366    100.540    318.136    326.149    0.02148    7.26380   10.38069  316.43109     4.7752   16.26156 9.6688e+00     0.3521     0.7905 0.0000e+00
        314  46.615824    0.02173     1.3033     78.200     13.124  51230.433    31.8167     4.8051     13.000     4.8095    25.1733     7.3451    10.4969    101.181    319.977    328.033    0.02020    7.25940   10.37441  316.24380     4.8042   16.25270 8.6610e+00     0.3462     0.8205 0.0000e+00
        317  46.615832    0.02193     1.3159     78.953     14.133  51227.328    31.8158     4.8125     14.000     4.8147    25.1718     7.3659    10.5266    101.485    320.884    328.961    0.01850    7.25816   10.37263  316.19012     4.8115   16.25015 7.7032e+00     0.3377     0.8257 0.0000e+00
        320  46.615841    0.02212     1.3272     79.630     15.143  51229.561    31.8178     4.8169     15.000     4.8194    25.1729     7.3995    10.5746    101.960    322.348    330.462    0.01774    7.25729   10.37140  316.15212     4.8158   16.24833 6.8161e+00     0.3297     0.8324 0.0000e+00
        322  46.615849    0.02232     1.3393     80.357     16.152  51231.782    31.8200     4.8225     16.000     4.8254    25.1741     7.4364    10.6273    102.483    323.952    332.108    0.01720    7.25620   10.36983  316.10421     4.8214   16.24604 6.0201e+00     0.3276     0.8284 0.0000e+00
        326  46.615859    0.02258     1.3546     81.279     17.161  51229.841    31.8197     4.8293     17.000     4.8303    25.1732     7.4571    10.6570    102.786    324.858    333.036    0.01555    7.25502   10.36816  316.05338     4.8281   16.24362 5.3162e+00     0.3300     0.8060 0.0000e+00
        331  46.615875    0.02295     1.3767     82.603     18.171  51229.090    31.8196     4.8334     18.000     4.8331    25.1726     7.4501    10.6470    102.699    324.553    332.723    0.01207    7.25432   10.36715  316.02280     4.8321   16.24216 4.7060e+00     0.3348     0.7874 0.0000e+00
        336  46.615889    0.02329     1.3973     83.840     19.180  51232.735    31.8223     4.8364     19.000     4.8362    25.1744     7.4397    10.6321    102.565    324.097    332.257    0.00923    7.25367   10.36622  315.99385     4.8350   16.24078 4.1159e+00     0.3499     0.7828 0.0000e+00
        340  46.615899    0.02351     1.4110     84.660     20.190  51231.968    31.8217     4.8382     20.000     4.8359    25.1738     7.4505    10.6476    102.718    324.571    332.742    0.00833    7.25338   10.36581  315.98156     4.8368   16.24020 3.5871e+00     0.3476     0.8023 0.0000e+00
        342  46.615907    0.02370     1.4218     85.307     21.199  51231.717    31.8206     4.8367     21.000     4.8325    25.1731     7.4746    10.6819    103.045    325.618    333.814    0.00833    7.25369   10.36625  315.99520     4.8352   16.24085 3.1479e+00     0.3384     0.8201 0.0000e+00
        345  46.615914    0.02388     1.4330     85.979     22.209  51233.868    31.8207     4.8329     22.000     4.8278    25.1737     7.5024    10.7216    103.419    326.829    335.057    0.00850    7.25436   10.36721  316.02418     4.8313   16.24223 2.7857e+00     0.3259     0.8209 0.0000e+00
        348  46.615924    0.02413     1.4475     86.852     23.218  51238.305    31.8219     4.8267     23.000     4.8214    25.1752     7.5245    10.7533    103.709    327.792    336.045    0.00815    7.25537   10.36865  316.06796     4.8251   16.24431 2.4775e+00     0.3150     0.7970 0.0000e+00
        353  46.615938    0.02446     1.4676     88.055     24.228  51246.010    31.8250     4.8188     24.000     4.8149    25.1785     7.5284    10.7588    103.745    327.958    336.215    0.00668    7.25660   10.37041  316.12045     4.8171   16.24680 2.1865e+00     0.2972     0.7768 0.0000e+00
        358  46.615951    0.02477     1.4864     89.184     25.238  51252.954    31.8284     4.8149     25.000     4.8125    25.1816     7.5284    10.7588    103.738    327.959    336.218    0.00536    7.25712   10.37115  316.14187     4.8131   16.24780 1.9033e+00     0.3047     0.7863 0.0000e+00
        362  46.615963    0.02504     1.5026     90.157     26.247  51256.802    31.8304     4.8142     26.000     4.8125    25.1833     7.5508    10.7908    104.046    328.933    337.216    0.00537    7.25713   10.37117  316.14214     4.8124   16.24780 1.6602e+00     0.3217     0.7822 0.0000e+00
        365  46.615973    0.02530     1.5176     91.057     27.257  51260.648    31.8326     4.8148     27.000     4.8136    25.1850     7.5491    10.7885    104.026    328.863    337.145    0.00459    7.25693   10.37089  316.13294     4.8128   16.24736 1.4531e+00     0.3110     0.7855 0.0000e+00
        369  46.615983    0.02553     1.5316     91.895     28.266  51263.708    31.8346     4.8163     28.000     4.8153    25.1864     7.5402    10.7758    103.909    328.474    336.747    0.00349    7.25658   10.37038  316.11692     4.8143   16.24659 1.2805e+00     0.3022     0.7892 0.0000e+00
        372  46.615993    0.02577     1.5466     92.795     29.275  51264.932    31.8353     4.8182     29.000     4.8168    25.1868     7.5516    10.7920    104.070    328.968    337.254    0.00341    7.25621   10.36985  316.10094     4.8161   16.24582 1.1344e+00     0.3140     0.7934 0.0000e+00
        376  46.616005    0.02607     1.5643     93.858     30.285  51266.451    31.8362     4.8196     30.000     4.8179    25.1873     7.5639    10.8096    104.244    329.506    337.805    0.00331    7.25594   10.36946  316.08864     4.8174   16.24523 1.0028e+00     0.3281     0.7789 0.0000e+00
        381  46.616019    0.02641     1.5843     95.055     31.295  51269.091    31.8378     4.8209     31.000     4.8194    25.1885     7.5668    10.8138    104.289    329.631    337.934    0.00277    7.25561   10.36899  316.07412     4.8187   16.24454 8.8155e-01     0.3184     0.7888 0.0000e+00
        386  46.616032    0.02671     1.6023     96.139     32.304  51271.830    31.8395     4.8225     32.000     4.8208    25.1896     7.5715    10.8203    104.358    329.832    338.140    0.00244    7.25526   10.36848  316.05823     4.8202   16.24378 7.7232e-01     0.3145     0.8313 0.0000e+00
        389  46.616042    0.02695     1.6173     97.039     33.313  51273.147    31.8402     4.8234     33.000     4.8215    25.1901     7.5731    10.8227    104.383    329.903    338.213    0.00214    7.25505   10.36818  316.04910     4.8211   16.24334 6.7420e-01     0.3114     0.8341 0.0000e+00
        393  46.616052    0.02719     1.6316     97.893     34.323  51274.272    31.8406     4.8240     34.000     4.8218    25.1904     7.5702    10.8186    104.345    329.777    338.085    0.00168    7.25495   10.36804  316.04446     4.8216   16.24312 5.9135e-01     0.3073     0.8170 0.0000e+00
        397  46.616065    0.02751     1.6506     99.039     35.333  51275.450    31.8410     4.8245     35.000     4.8222    25.1906     7.5770    10.8282    104.440    330.072    338.386    0.00159    7.25484   10.36788  316.03958     4.8220   16.24288 5.2190e-01     0.3061     0.8190 0.0000e+00
        404  46.616085    0.02798     1.6788    100.727     36.343  51276.938    31.8416     4.8251     36.000     4.8228    25.1911     7.5884    10.8446    104.600    330.572    338.899    0.00159    7.25470   10.36769  316.03353     4.8225   16.24259 4.6162e-01     0.3083     0.7630 0.0000e+00
        408  46.616098    0.02828     1.6974    101.842     37.352  51279.472    31.8430     4.8259     37.000     4.8237    25.1921     7.5935    10.8518    104.673    330.791    339.125    0.00147    7.25449   10.36739  316.02420     4.8233   16.24214 4.0578e-01     0.3120     0.7479 0.0000e+00
        411  46.616106    0.02849     1.7093    102.559     38.362  51280.945    31.8437     4.8266     38.000     4.8243    25.1926     7.5985    10.8590    104.744    331.010    339.349    0.00147    7.25433   10.36717  316.01741     4.8239   16.24182 3.5729e-01     0.3075     0.7763 0.0000e+00
        414  46.616114    0.02869     1.7214    103.281     39.372  51282.361    31.8443     4.8272     39.000     4.8248    25.1930     7.6010    10.8626    104.781    331.118    339.460    0.00138    7.25419   10.36696  316.01089     4.8245   16.24151 3.1552e-01     0.3074     0.7699 0.0000e+00
        419  46.616127    0.02901     1.7402    104.414     40.381  51282.863    31.8443     4.8278     40.000     4.8251    25.1929     7.6061    10.8698    104.852    331.339    339.687    0.00129    7.25409   10.36682  316.00662     4.8250   16.24130 2.8008e-01     0.2945     0.7639 0.0000e+00
        426  46.616148    0.02950     1.7701    106.207     41.391  51283.984    31.8446     4.8281     41.000     4.8254    25.1932     7.6113    10.8774    104.926    331.569    339.922    0.00111    7.25402   10.36672  316.00344     4.8253   16.24115 2.4571e-01     0.3111     0.7809 0.0000e+00
        430  46.616161    0.02982     1.7895    107.371     42.401  51285.726    31.8454     4.8288     42.000     4.8261    25.1938     7.6072    10.8714    104.871    331.388    339.736    0.00071    7.25387   10.36650  315.99663     4.8258   16.24082 2.1616e-01     0.3052     0.7799 0.0000e+00
        434  46.616172    0.03007     1.8040    108.240     43.410  51286.622    31.8457     4.8294     43.000     4.8267    25.1940     7.6054    10.8689    104.848    331.311    339.658    0.00048    7.25374   10.36633  315.99124     4.8264   16.24056 1.9167e-01     0.2963     0.7715 0.0000e+00
        437  46.616181    0.03030     1.8180    109.077     44.420  51287.700    31.8460     4.8300     44.000     4.8271    25.1942     7.6134    10.8803    104.959    331.657    340.013    0.00068    7.25364   10.36617  315.98635     4.8268   16.24033 1.7108e-01     0.2918     0.7711 0.0000e+00
        442  46.616194    0.03059     1.8357    110.143     45.430  51288.841    31.8465     4.8306     45.000     4.8276    25.1945     7.6219    10.8924    105.079    332.028    340.393    0.00089    7.25351   10.36599  315.98073     4.8274   16.24006 1.5344e-01     0.2899     0.7993 0.0000e+00
        448  46.616213    0.03105     1.8630    111.782     46.439  51289.823    31.8468     4.8313     46.000     4.8283    25.1947     7.6231    10.8942    105.098    332.081    340.448    0.00068    7.25336   10.36578  315.97420     4.8280   16.23975 1.3715e-01     0.3164     0.8270 0.0000e+00
        453  46.616227    0.03140     1.8837    113.022     47.449  51291.046    31.8473     4.8321     47.000     4.8290    25.1950     7.6202    10.8901    105.060    331.956    340.319    0.00041    7.25320   10.36555  315.96712     4.8287   16.23941 1.2163e-01     0.3147     0.8055 0.0000e+00
        457  46.616238    0.03165     1.8990    113.939     48.459  51292.065    31.8476     4.8327     48.000     4.8296    25.1952     7.6180    10.8869    105.031    331.859    340.219    0.00021    7.25308   10.36537  315.96172     4.8293   16.23915 1.0854e-01     0.3082     0.8038 0.0000e+00
        461  46.616249    0.03193     1.9155    114.931     49.469  51292.843    31.8478     4.8334     49.000     4.8302    25.1953     7.6176    10.8863    105.028    331.842    340.202    0.00013    7.25295   10.36519  315.95613     4.8299   16.23888 9.7864e-02     0.2992     0.7890 0.0000e+00
        466  46.616266    0.03232     1.9394    116.361     50.478  51293.041    31.8476     4.8340     50.000     4.8305    25.1950     7.6106    10.8764    104.933    331.539    339.892   -0.00019    7.25285   10.36505  315.95184     4.8304   16.23868 8.8918e-02     0.2861     0.7903 0.0000e+00
        472  46.616282    0.03271     1.9623    117.739     51.488  51294.226    31.8480     4.8343     51.000     4.8308    25.1953     7.6075    10.8720    104.891    331.403    339.752   -0.00033    7.25279   10.36496  315.94903     4.8307   16.23855 8.0654e-02     0.3036     0.8045 0.0000e+00
        476  46.616293    0.03298     1.9784    118.702     52.498  51295.310    31.8484     4.8347     52.000     4.8310    25.1955     7.6196    10.8891    105.058    331.926    340.288    0.00014    7.25271   10.36484  315.94550     4.8309   16.23837 7.3486e-02     0.2958     0.8142 0.0000e+00
        480  46.616304    0.03324     1.9944    119.661     53.507  51296.035    31.8484     4.8349     53.000     4.8311    25.1955     7.6319    10.9067    105.229    332.464    340.841    0.00060    7.25268   10.36480  315.94408     4.8311   16.23831 6.7400e-02     0.2995     0.8284 0.0000e+00
