CTD-processing/allCTD/CNV/2014_04-11_t9_s02_cast028_5028.cnv
* Sea-Bird SBE19plus Data File:
* FileName = C:\Users\kris.holderied\Documents\kasitsna\Research-Projects-and-Data\Oceanography-AK\CTD-Data-ALL-to-2014-03\2014-CTD-KachemakBay-CookInlet\2014-04-EVOSTC-CookInlet-Ocean\2014-04-11-CookInlet-Tran9-HomerSpit\2014-04-11-CookInlet-Tran9-HomerSpit-cast028.hex
* Software Version 1.59
* Temperature SN =  5028
* Conductivity SN =  5028
* System UpLoad Time = May 27 2014 23:24:43
** Cook Inlet LTM Transect 9  (Homer Spit) South to North
** Date: 2014-04-11
** Station: 9-02
** Start time: 20:02
** Depth (m): 69
** Comment:  CTD time is Alaska Daylight time
** Comment:
# nquan = 27
# nvalues = 69                          
# units = specified
# name 0 = scan: Scan Count
# name 1 = timeJ: Julian Days
# name 2 = timeH: Time, Elapsed [hours]
# name 3 = timeM: Time, Elapsed [minutes]
# name 4 = timeS: Time, Elapsed [seconds]
# name 5 = prdM: Pressure, Strain Gauge [db]
# name 6 = specc: Specific Conductance [uS/cm]
# name 7 = sal00: Salinity, Practical [PSU]
# name 8 = tv290C: Temperature [ITS-90, deg C]
# name 9 = depSM: Depth [salt water, m], lat = 59.00
# name 10 = potemp090C: Potential Temperature [ITS-90, deg C]
# name 11 = sigma-é00: Density [sigma-theta, kg/m^3]
# name 12 = sbeox0ML/L: Oxygen, SBE 43 [ml/l]
# name 13 = sbeox0Mg/L: Oxygen, SBE 43 [mg/l]
# name 14 = sbeox0PS: Oxygen, SBE 43 [% saturation]
# name 15 = sbox0Mm/Kg: Oxygen, SBE 43 [umol/kg]
# name 16 = sbeox0Mm/L: Oxygen, SBE 43 [umol/l]
# name 17 = sbox0dV/dT: Oxygen, SBE 43 [dov/dt]
# name 18 = oxsolML/L: Oxygen Saturation, Garcia & Gordon [ml/l]
# name 19 = oxsolMg/L: Oxygen Saturation, Garcia & Gordon [mg/l]
# name 20 = oxsolMm/Kg: Oxygen Saturation, Garcia & Gordon [umol/kg]
# name 21 = potemp090C: Potential Temperature [ITS-90, deg C]
# name 22 = n2satMg/L: Nitrogen Saturation [mg/l]
# name 23 = par: PAR/Irradiance, Biospherical/Licor
# name 24 = flECO-AFL: Fluorescence, WET Labs ECO-AFL/FL [mg/m^3]
# name 25 = turbWETntu0: Turbidity, WET Labs ECO [NTU]
# name 26 = flag: flag
# span 0 =        128,        486       
# span 1 = 101.834871, 101.835906       
# span 2 =    0.00885,    0.03368       
# span 3 =     0.5310,     2.0207       
# span 4 =     31.862,    121.241       
# span 5 =      1.010,     69.662       
# span 6 =  50971.510,  51545.372       
# span 7 =    31.5486,    31.9879       
# span 8 =     4.3409,     4.7294       
# span 9 =      1.000,     69.000       
# span 10 =     4.3689,     4.7249      
# span 11 =    25.0081,    25.3175      
# span 12 =     5.5453,     7.0207      
# span 13 =     7.9247,    10.0333      
# span 14 =     75.568,     96.589      
# span 15 =    241.561,    305.806      
# span 16 =    247.650,    313.544      
# span 17 =   -0.00597,    0.03186      
# span 18 =    7.26426,    7.35501      
# span 19 =   10.38135,   10.51105      
# span 20 =  316.41110,  320.46658      
# span 21 =     4.3408,     4.7249      
# span 22 =   16.25997,   16.45469      
# span 23 = 3.7912e-02, 3.2882e+01      
# span 24 =     0.3103,     0.5726      
# span 25 =     0.6382,     1.1585      
# span 26 = 0.0000e+00, 0.0000e+00      
# interval = meters: 1                  
# start_time = Apr 11 2014 20:01:41 [Instrument's time stamp, header]
# bad_flag = -9.990e-29
*END*
[from data line 54]
        435 101.835757    0.03013     1.8076    108.458     55.527  51524.999    31.9792     4.7215     55.000     4.7187    25.3112     7.0039    10.0094     96.393    305.075    312.797   -0.00018    7.26606   10.38392  316.49131     4.7177   16.26382 4.5071e-02     0.3267     0.6965 0.0000e+00
        439 101.835769    0.03039     1.8229    109.375     56.536  51529.270    31.9821     4.7237     56.000     4.7209    25.3133     7.0069    10.0137     96.441    305.204    312.930   -0.00006    7.26555   10.38320  316.46862     4.7197   16.26273 4.3751e-02     0.3179     0.6966 0.0000e+00
        442 101.835778    0.03063     1.8380    110.280     57.546  51534.015    31.9854     4.7259     57.000     4.7230    25.3157     7.0057    10.0119     96.431    305.151    312.876   -0.00009    7.26500   10.38240  316.44364     4.7219   16.26153 4.2536e-02     0.3156     0.7199 0.0000e+00
        446 101.835789    0.03088     1.8529    111.176     58.555  51534.104    31.9853     4.7276     58.000     4.7236    25.3155     7.0017    10.0061     96.379    304.974    312.695   -0.00027    7.26471   10.38200  316.43145     4.7235   16.26095 4.1482e-02     0.3103     0.7537 0.0000e+00
        449 101.835800    0.03113     1.8680    112.082     59.566  51533.705    31.9846     4.7278     59.000     4.7235    25.3149     6.9966     9.9988     96.309    304.753    312.468   -0.00046    7.26472   10.38201  316.43183     4.7236   16.26097 4.0577e-02     0.3106     0.7570 0.0000e+00
        453 101.835810    0.03139     1.8832    112.993     60.576  51533.765    31.9841     4.7276     60.000     4.7233    25.3145     6.9914     9.9915     96.238    304.529    312.238   -0.00064    7.26475   10.38206  316.43360     4.7234   16.26106 3.9789e-02     0.3190     0.7521 0.0000e+00
        457 101.835821    0.03164     1.8983    113.896     61.585  51535.728    31.9849     4.7276     61.000     4.7234    25.3152     6.9906     9.9903     96.227    304.494    312.202   -0.00062    7.26473   10.38202  316.43214     4.7232   16.26099 3.9113e-02     0.3183     0.7695 0.0000e+00
        460 101.835831    0.03189     1.9131    114.784     62.594  51539.120    31.9868     4.7282     62.000     4.7242    25.3167     6.9889     9.9879     96.206    304.419    312.126   -0.00061    7.26454   10.38174  316.42331     4.7238   16.26055 3.8530e-02     0.3154     0.7906 0.0000e+00
        464 101.835841    0.03213     1.9278    115.670     63.605  51541.174    31.9879     4.7290     63.000     4.7248    25.3175     6.9826     9.9788     96.122    304.144    311.844   -0.00081    7.26433   10.38145  316.41421     4.7245   16.26012 3.8122e-02     0.3269     0.8459 0.0000e+00
        467 101.835852    0.03238     1.9428    116.567     64.614  51541.807    31.9879     4.7294     64.000     4.7249    25.3175     6.9824     9.9785     96.120    304.133    311.833   -0.00075    7.26426   10.38135  316.41110     4.7249   16.25997 3.7960e-02     0.3414     0.9236 0.0000e+00
        471 101.835862    0.03263     1.9577    117.460     65.624  51542.020    31.9876     4.7294     65.000     4.7246    25.3172     6.9839     9.9806     96.139    304.197    311.898   -0.00061    7.26428   10.38138  316.41198     4.7248   16.26001 3.7919e-02     0.3321     0.9308 0.0000e+00
        474 101.835872    0.03288     1.9724    118.345     66.633  51542.263    31.9872     4.7291     66.000     4.7242    25.3169     6.9840     9.9808     96.140    304.202    311.904   -0.00056    7.26435   10.38149  316.41543     4.7244   16.26018 3.7913e-02     0.3304     0.9436 0.0000e+00
        478 101.835883    0.03312     1.9873    119.237     67.643  51543.517    31.9875     4.7288     67.000     4.7240    25.3172     6.9881     9.9867     96.196    304.382    312.089   -0.00037    7.26438   10.38153  316.41664     4.7241   16.26024 3.7912e-02     0.3331     0.9910 0.0000e+00
        482 101.835893    0.03338     2.0027    120.165     68.653  51544.720    31.9878     4.7289     68.000     4.7241    25.3175     6.9922     9.9925     96.253    304.560    312.271   -0.00017    7.26436   10.38149  316.41542     4.7240   16.26018 3.7912e-02     0.3398     1.0706 0.0000e+00
        486 101.835906    0.03368     2.0207    121.241     69.662  51545.372    31.9878     4.7289     69.000     4.7240    25.3174     6.9900     9.9893     96.223    304.463    312.171   -0.00027    7.26434   10.38147  316.41474     4.7241   16.26015 3.7912e-02     0.3492     1.1585 0.0000e+00
