CTD-processing/allCTD/CNV/2014_10-19_t9_s09_cast151_4141.cnv
* Sea-Bird SBE19plus Data File:
* FileName = C:\Users\kris.holderied\Documents\kasitsna\Research-Projects-and-Data\Oceanography-AK\CTD-Data-ALL-to-2014-10\2014-CTD-KachemakBay-CookInlet\2014-10-EVOSTC-CookInlet\2014-10-19-CookInlet-Tran9-HomerSpit\2014-10-19-CookInlet-Tran9-cast151.hex
* Software Version 1.59
* Temperature SN =  4141
* Conductivity SN =  4141
* System UpLoad Time = Nov 25 2014 12:55:00
** Cook Inlet LTM Tran9 (Homer Spit) south to north
** Date: 10-19
** Station: 9-09
** Start time:  11:24
** Depth (m): 83
** Comment:  CTD time is Alaska Daylight time.  R/V Pandalus. Transducer  depth.
** Comment:
# nquan = 27
# nvalues = 83                          
# units = specified
# name 0 = scan: Scan Count
# name 1 = timeJ: Julian Days
# name 2 = timeH: Time, Elapsed [hours]
# name 3 = timeM: Time, Elapsed [minutes]
# name 4 = timeS: Time, Elapsed [seconds]
# name 5 = prdM: Pressure, Strain Gauge [db]
# name 6 = specc: Specific Conductance [uS/cm]
# name 7 = sal00: Salinity, Practical [PSU]
# name 8 = tv290C: Temperature [ITS-90, deg C]
# name 9 = depSM: Depth [salt water, m], lat = 59.00
# name 10 = potemp090C: Potential Temperature [ITS-90, deg C]
# name 11 = sigma-é00: Density [sigma-theta, kg/m^3]
# name 12 = sbeox0ML/L: Oxygen, SBE 43 [ml/l]
# name 13 = sbeox0Mg/L: Oxygen, SBE 43 [mg/l]
# name 14 = sbeox0PS: Oxygen, SBE 43 [% saturation]
# name 15 = sbox0Mm/Kg: Oxygen, SBE 43 [umol/kg]
# name 16 = sbeox0Mm/L: Oxygen, SBE 43 [umol/l]
# name 17 = sbox0dV/dT: Oxygen, SBE 43 [dov/dt]
# name 18 = oxsolML/L: Oxygen Saturation, Garcia & Gordon [ml/l]
# name 19 = oxsolMg/L: Oxygen Saturation, Garcia & Gordon [mg/l]
# name 20 = oxsolMm/Kg: Oxygen Saturation, Garcia & Gordon [umol/kg]
# name 21 = n2satMg/L: Nitrogen Saturation [mg/l]
# name 22 = par: PAR/Irradiance, Biospherical/Licor
# name 23 = wetStar: Fluorescence, WET Labs WETstar [mg/m^3]
# name 24 = CStarAt0: Beam Attenuation, WET Labs C-Star [1/m]
# name 25 = CStarTr0: Beam Transmission, WET Labs C-Star [%]
# name 26 = flag: flag
# span 0 =        343,       1022       
# span 1 = 292.475933, 292.477898       
# span 2 =    0.02377,    0.07093       
# span 3 =     1.4265,     4.2563       
# span 4 =     85.586,    255.373       
# span 5 =      1.013,     83.783       
# span 6 =  47246.407,  48831.331       
# span 7 =    29.7992,    30.9733       
# span 8 =     9.0535,     9.8048       
# span 9 =      1.000,     83.000       
# span 10 =     9.0583,     9.7967      
# span 11 =    23.0408,    23.8424      
# span 12 =     5.1512,     5.5928      
# span 13 =     7.3616,     7.9926      
# span 14 =     79.156,     84.259      
# span 15 =    224.697,    244.146      
# span 16 =    230.055,    249.771      
# span 17 =   -0.00909,    0.00174      
# span 18 =    6.50766,    6.66709      
# span 19 =    9.30011,    9.52793      
# span 20 =  283.86422,  291.04596      
# span 21 =   14.71146,   15.05955      
# span 22 = 4.8249e-02, 7.9905e+01      
# span 23 =     0.3217,     1.4800      
# span 24 =     0.4994,     1.5774      
# span 25 =    67.4113,    88.2634      
# span 26 = 0.0000e+00, 0.0000e+00      
# interval = meters: 1                  
# start_time = Oct 19 2014 11:23:55 [Instrument's time stamp, header]
# bad_flag = -9.990e-29
*END*
        343 292.475933    0.02377     1.4265     85.586      1.013  47246.407    29.7992     9.0535      1.000     9.0583    23.0408     5.5928     7.9926     83.886    244.146    249.771    0.00007    6.66709    9.52793  291.04596   15.05955 7.9905e+01     1.2381     1.0225    77.4434 0.0000e+00
        390 292.476067    0.02698     1.6191     97.146      2.012  47405.778    29.9144     9.0862      2.000     9.1267    23.1260     5.5837     7.9797     83.873    243.730    249.366   -0.00215    6.65727    9.51391  290.59352   15.03746 5.3630e+01     1.2875     1.0170    77.5503 0.0000e+00
        394 292.476078    0.02726     1.6360     98.158      3.025  47534.950    30.0125     9.1490      3.000     9.1869    23.1931     5.5839     7.9799     84.048    243.724    249.377   -0.00100    6.64374    9.49458  289.98405   15.00793 3.7018e+01     1.2797     0.9668    78.5315 0.0000e+00
        397 292.476087    0.02747     1.6484     98.906      4.027  47627.273    30.0839     9.2037      4.000     9.2409    23.2406     5.5885     7.9866     84.259    243.916    249.585    0.00174    6.63261    9.47866  289.48467   14.98378 2.6526e+01     1.3469     0.9220    79.4151 0.0000e+00
        406 292.476114    0.02812     1.6871    101.227      5.049  47629.440    30.0927     9.2630      5.000     9.2736    23.2385     5.5467     7.9268     83.743    242.091    247.717   -0.00372    6.62348    9.46562  289.08666   14.96472 1.9104e+01     1.4318     0.8664    80.5255 0.0000e+00
        414 292.476137    0.02868     1.7207    103.242      6.056  47649.855    30.1102     9.2908      6.000     9.2947    23.2480     5.5393     7.9161     83.692    241.763    247.383   -0.00266    6.61864    9.45870  288.87277   14.95443 1.4686e+01     1.4800     0.8423    81.0123 0.0000e+00
        421 292.476157    0.02917     1.7498    104.990      7.066  47674.514    30.1290     9.3054      7.000     9.3135    23.2604     5.5425     7.9208     83.778    241.901    247.528   -0.00064    6.61569    9.45448  288.74046   14.94803 1.1309e+01     1.4186     0.8276    81.3087 0.0000e+00
        428 292.476178    0.02967     1.7802    106.814      8.076  47721.113    30.1662     9.3448      8.000     9.3561    23.2835     5.5455     7.9251     83.918    242.029    247.664    0.00069    6.60831    9.44394  288.41208   14.93218 9.2714e+00     1.3837     0.7954    81.9682 0.0000e+00
        436 292.476201    0.03021     1.8122    108.734      9.084  47780.283    30.2140     9.3965      9.000     9.4095    23.3128     5.5344     7.9092     83.871    241.537    247.168   -0.00017    6.59873    9.43024  287.98550   14.91160 7.6297e+00     1.3411     0.7508    82.8875 0.0000e+00
        443 292.476221    0.03069     1.8414    110.481     10.097  47800.526    30.2332     9.4389     10.000     9.4430    23.3213     5.5202     7.8890     83.745    240.916    246.534   -0.00122    6.59171    9.42021  287.67667   14.89676 6.4162e+00     1.3068     0.7121    83.6918 0.0000e+00
        450 292.476241    0.03117     1.8700    112.200     11.102  47793.168    30.2285     9.4454     11.000     9.4451    23.3166     5.5147     7.8811     83.671    240.677    246.288   -0.00129    6.59095    9.41912  287.64486   14.89526 5.3854e+00     1.3065     0.6910    84.1353 0.0000e+00
        459 292.476266    0.03179     1.9071    114.427     12.119  47803.655    30.2358     9.4484     12.000     9.4514    23.3219     5.5144     7.8805     83.675    240.658    246.270   -0.00053    6.59021    9.41807  287.61109   14.89361 4.6106e+00     1.3380     0.6842    84.2784 0.0000e+00
        464 292.476282    0.03216     1.9298    115.786     13.118  47862.108    30.2802     9.4780     13.000     9.4933    23.3519     5.5146     7.8810     83.758    240.663    246.283    0.00013    6.58400    9.40920  287.33190   14.88009 3.7792e+00     1.3493     0.6755    84.4618 0.0000e+00
        473 292.476309    0.03281     1.9684    118.106     14.136  47877.825    30.2974     9.5299     14.000     9.5351    23.3573     5.5020     7.8628     83.671    240.109    245.718   -0.00069    6.57572    9.39736  286.96882   14.86266 3.2796e+00     1.3057     0.6537    84.9228 0.0000e+00
        480 292.476328    0.03326     1.9959    119.754     15.140  47900.117    30.3160     9.5561     15.000     9.5594    23.3677     5.4755     7.8250     83.326    238.950    244.534   -0.00329    6.57113    9.39080  286.76550   14.85286 2.7174e+00     1.2245     0.6533    84.9314 0.0000e+00
        487 292.476349    0.03377     2.0264    121.582     16.151  47949.739    30.3542     9.5866     16.000     9.6006    23.3929     5.4599     7.8028     83.166    238.267    243.841   -0.00294    6.56509    9.38217  286.49500   14.83978 2.3357e+00     1.1932     0.6547    84.9019 0.0000e+00
        496 292.476374    0.03436     2.0613    123.679     17.162  48004.728    30.4012     9.6559     17.000     9.6623    23.4186     5.4279     7.7570     82.829    236.862    242.409   -0.00403    6.55308    9.36501  285.96359   14.81417 1.9629e+00     1.1485     0.6794    84.3785 0.0000e+00
        504 292.476396    0.03490     2.0941    125.645     18.171  48011.925    30.4077     9.6706     18.000     9.6694    23.4214     5.3914     7.7048     82.302    235.268    240.778   -0.00608    6.55068    9.36157  285.85803   14.80910 1.6687e+00     1.0769     0.6701    84.5751 0.0000e+00
        511 292.476419    0.03543     2.1258    127.550     19.179  48057.870    30.4396     9.6707     19.000     9.6645    23.4463     5.3890     7.7014     82.283    235.158    240.672   -0.00293    6.54933    9.35964  285.79221   14.80583 1.3990e+00     1.1486     0.6608    84.7727 0.0000e+00
        520 292.476443    0.03602     2.1610    129.662     20.192  48136.372    30.4936     9.6660     20.000     9.6808    23.4892     5.4127     7.7353     82.665    236.182    241.730    0.00169    6.54773    9.35736  285.71051   14.80170 1.1993e+00     1.0333     0.6336    85.3527 0.0000e+00
        527 292.476463    0.03651     2.1906    131.439     21.197  48215.519    30.5611     9.7626     21.000     9.7799    23.5265     5.4049     7.7242     82.758    235.836    241.384    0.00151    6.53097    9.33341  284.96879   14.76596 1.0069e+00     0.9814     0.6406    85.2032 0.0000e+00
        535 292.476486    0.03705     2.2234    133.404     22.210  48194.390    30.5501     9.7972     22.000     9.7943    23.5126     5.3220     7.6056     81.545    232.220    237.680   -0.00909    6.52647    9.32697  284.77621   14.75679 8.6699e-01     0.9106     0.6293    85.4420 0.0000e+00
        542 292.476508    0.03759     2.2553    135.315     23.217  48204.327    30.5566     9.7963     23.000     9.7935    23.5177     5.2944     7.5663     81.125    231.017    236.450   -0.00748    6.52633    9.32678  284.76885   14.75641 7.3359e-01     0.8820     0.6275    85.4802 0.0000e+00
        550 292.476532    0.03815     2.2893    137.358     24.231  48209.838    30.5599     9.7950     24.000     9.7918    23.5205     5.2911     7.5616     81.073    230.871    236.302   -0.00357    6.52637    9.32684  284.76980   14.75645 6.2833e-01     0.8287     0.6195    85.6526 0.0000e+00
        557 292.476552    0.03864     2.3187    139.121     25.234  48240.204    30.5799     9.7878     25.000     9.7815    23.5373     5.2964     7.5690     81.151    231.096    236.535   -0.00120    6.52657    9.32712  284.77381   14.75656 5.3501e-01     0.8264     0.6359    85.3073 0.0000e+00
        566 292.476578    0.03925     2.3550    141.300     26.250  48287.469    30.6116     9.7795     26.000     9.7781    23.5634     5.3021     7.5773     81.241    231.340    236.792    0.00017    6.52643    9.32693  284.76059   14.75580 4.5872e-01     0.7883     0.5984    86.1030 0.0000e+00
        573 292.476598    0.03974     2.3844    143.065     27.255  48299.855    30.6210     9.7877     27.000     9.7871    23.5693     5.2995     7.5735     81.220    231.225    236.675   -0.00017    6.52486    9.32468  284.69015   14.75239 3.9351e-01     0.8197     0.5976    86.1228 0.0000e+00
        581 292.476622    0.04031     2.4187    145.121     28.266  48319.939    30.6351     9.7912     28.000     9.7861    23.5799     5.2951     7.5671     81.166    231.030    236.478   -0.00060    6.52376    9.32311  284.63939   14.74990 3.3905e-01     0.7202     0.5860    86.3720 0.0000e+00
        590 292.476645    0.04088     2.4526    147.158     29.277  48334.855    30.6441     9.7825     29.000     9.7771    23.5882     5.3012     7.5760     81.250    231.298    236.754    0.00036    6.52463    9.32435  284.67510   14.75158 2.9307e-01     0.7611     0.5874    86.3423 0.0000e+00
        597 292.476666    0.04137     2.4819    148.912     30.283  48349.304    30.6528     9.7743     30.000     9.7702    23.5964     5.3090     7.5871     81.359    231.635    237.100    0.00095    6.52545    9.32552  284.70851   14.75314 2.5394e-01     0.7748     0.5914    86.2559 0.0000e+00
        606 292.476692    0.04199     2.5196    151.175     31.297  48352.460    30.6544     9.7728     31.000     9.7689    23.5979     5.3112     7.5902     81.390    231.729    237.197    0.00050    6.52560    9.32574  284.71481   14.75343 2.2049e-01     0.7414     0.5867    86.3577 0.0000e+00
        613 292.476713    0.04251     2.5503    153.020     32.303  48370.071    30.6657     9.7680     32.000     9.7631    23.6075     5.3138     7.5939     81.427    231.840    237.313    0.00051    6.52581    9.32604  284.72111   14.75369 1.9169e-01     0.7929     0.5842    86.4125 0.0000e+00
        621 292.476737    0.04307     2.5845    155.068     33.315  48383.534    30.6737     9.7593     33.000     9.7530    23.6151     5.3241     7.6088     81.575    232.292    237.778    0.00131    6.52673    9.32735  284.75922   14.75548 1.6916e-01     0.7821     0.5779    86.5477 0.0000e+00
        629 292.476759    0.04360     2.6162    156.970     34.323  48416.277    30.6952     9.7510     34.000     9.7459    23.6332     5.3302     7.6174     81.664    232.551    238.047    0.00118    6.52701    9.32775  284.76633   14.75573 1.4831e-01     0.7528     0.5715    86.6873 0.0000e+00
        637 292.476781    0.04414     2.6482    158.893     35.335  48458.916    30.7249     9.7523     35.000     9.7513    23.6563     5.3339     7.6227     81.739    232.710    238.215    0.00105    6.52559    9.32572  284.69802   14.75234 1.3215e-01     0.7477     0.5337    87.5112 0.0000e+00
        643 292.476800    0.04458     2.6752    160.512     36.342  48481.736    30.7418     9.7620     36.000     9.7601    23.6679     5.3313     7.6190     81.725    232.591    238.097    0.00045    6.52348    9.32271  284.60287   14.74773 1.1904e-01     0.7072     0.5129    87.9654 0.0000e+00
        650 292.476820    0.04506     2.7038    162.228     37.350  48485.786    30.7447     9.7659     37.000     9.7623    23.6695     5.3339     7.6226     81.773    232.703    238.211    0.00042    6.52280    9.32173  284.57253   14.74626 1.0831e-01     0.6984     0.4994    88.2634 0.0000e+00
        659 292.476846    0.04569     2.7415    164.490     38.366  48493.760    30.7500     9.7670     38.000     9.7616    23.6736     5.3347     7.6239     81.790    232.738    238.248    0.00018    6.52243    9.32121  284.55550   14.74543 9.8798e-02     0.6812     0.5056    88.1266 0.0000e+00
        665 292.476863    0.04609     2.7656    165.938     39.369  48506.879    30.7576     9.7572     39.000     9.7465    23.6810     5.3250     7.6099     81.628    232.313    237.815   -0.00129    6.52351    9.32275  284.60041   14.74754 9.0717e-02     0.6675     0.5246    87.7088 0.0000e+00
        672 292.476885    0.04663     2.7976    167.857     40.382  48537.627    30.7745     9.7241     40.000     9.7105    23.6996     5.3341     7.6230     81.717    232.707    238.222   -0.00006    6.52756    9.32853  284.77172   14.75567 8.4420e-02     0.6946     0.5275    87.6463 0.0000e+00
        680 292.476908    0.04718     2.8311    169.864     41.390  48574.040    30.7962     9.6969     41.000     9.6905    23.7208     5.3492     7.6445     81.911    233.361    238.896    0.00141    6.53055    9.33282  284.89653   14.76155 7.8695e-02     0.7286     0.5688    86.7449 0.0000e+00
        689 292.476932    0.04775     2.8646    171.878     42.401  48623.797    30.8322     9.7086     42.000     9.7117    23.7471     5.3476     7.6422     81.925    233.282    238.822    0.00066    6.52737    9.32826  284.75035   14.75441 7.3763e-02     0.6777     0.6776    84.4228 0.0000e+00
        696 292.476954    0.04828     2.8970    173.823     43.409  48645.537    30.8492     9.7249     43.000     9.7198    23.7578     5.3178     7.5997     81.508    231.982    237.494   -0.00311    6.52432    9.32390  284.61410   14.74782 6.9280e-02     0.6107     0.7454    82.9982 0.0000e+00
        705 292.476980    0.04892     2.9350    176.102     44.422  48664.654    30.8618     9.7211     44.000     9.7145    23.7682     5.2862     7.5545     81.024    230.602    236.083   -0.00492    6.52433    9.32393  284.61197   14.74768 6.5408e-02     0.5768     0.7070    83.7982 0.0000e+00
        713 292.477003    0.04946     2.9676    178.054     45.428  48672.856    30.8663     9.7148     45.000     9.7088    23.7728     5.2964     7.5691     81.171    231.046    236.538   -0.00118    6.52505    9.32495  284.64219   14.74910 6.2466e-02     0.5315     0.6750    84.4734 0.0000e+00
        721 292.477027    0.05003     3.0019    180.115     46.438  48679.514    30.8702     9.7122     46.000     9.7070    23.7763     5.3108     7.5897     81.388    231.671    237.180    0.00105    6.52526    9.32525  284.65021   14.74947 6.0085e-02     0.5663     0.6540    84.9176 0.0000e+00
        731 292.477054    0.05068     3.0409    182.455     47.452  48686.799    30.8747     9.7108     47.000     9.7064    23.7800     5.3100     7.5885     81.376    231.636    237.145    0.00017    6.52526    9.32525  284.64913   14.74940 5.8160e-02     0.5345     0.6178    85.6890 0.0000e+00
        738 292.477074    0.05116     3.0697    184.180     48.456  48690.835    30.8777     9.7147     48.000     9.7101    23.7817     5.3081     7.5859     81.356    231.553    237.060   -0.00017    6.52459    9.32429  284.61958   14.74798 5.6631e-02     0.5674     0.6132    85.7876 0.0000e+00
        746 292.477098    0.05175     3.1050    186.302     49.468  48694.155    30.8800     9.7180     49.000     9.7136    23.7830     5.3133     7.5932     81.442    231.779    237.292    0.00052    6.52401    9.32347  284.59382   14.74673 5.5295e-02     0.5646     0.6060    85.9429 0.0000e+00
        755 292.477124    0.05236     3.1416    188.498     50.480  48698.881    30.8834     9.7219     50.000     9.7174    23.7850     5.3044     7.5805     81.315    231.392    236.895   -0.00096    6.52331    9.32246  284.56258   14.74523 5.4162e-02     0.5502     0.6149    85.7506 0.0000e+00
        762 292.477145    0.05287     3.1723    190.336     51.486  48702.232    30.8854     9.7228     51.000     9.7171    23.7865     5.3046     7.5808     81.320    231.399    236.903   -0.00053    6.52310    9.32217  284.55319   14.74477 5.3347e-02     0.5438     0.6259    85.5162 0.0000e+00
        771 292.477171    0.05349     3.2096    192.576     52.498  48708.426    30.8895     9.7237     52.000     9.7184    23.7896     5.3050     7.5813     81.329    231.414    236.919   -0.00031    6.52280    9.32174  284.53932   14.74409 5.2530e-02     0.5395     0.6389    85.2375 0.0000e+00
        780 292.477195    0.05408     3.2449    194.693     53.509  48719.128    30.8970     9.7265     53.000     9.7230    23.7949     5.3005     7.5749     81.270    231.217    236.719   -0.00059    6.52208    9.32070  284.50618   14.74248 5.1841e-02     0.5075     0.6538    84.9223 0.0000e+00
