CTD-processing/allCTD/CNV/2014_11-25_t9_s05_cast158_4141.cnv
* Sea-Bird SBE19plus Data File:
* FileName = C:\Users\kris.holderied\Documents\kasitsna\Research-Projects-and-Data\Oceanography-AK\CTD-Data-ALL-to-2014-10\2014-CTD-KachemakBay-CookInlet\2014-11-25-CookInlet-HomerSpit-monthly\2014-11-25-CookInlet-Tran9-cast158.hex
* Software Version 1.59
* Temperature SN =  4141
* Conductivity SN =  4141
* System UpLoad Time = Dec 16 2014 19:40:24
** Cook Inlet LTM Tran9 (Homer Spit)
** Date: 11-25
** Station: 9-05
** Start time:  15:31
** Depth (m): 97.2
** Comment:  CTD time was left on AKDT by mistake and is one hour ahead of local Alaska Standard time.
** Comment: On Kasitsna Bay Lab R/V Banacle.
# nquan = 27
# nvalues = 93                          
# units = specified
# name 0 = scan: Scan Count
# name 1 = timeJ: Julian Days
# name 2 = timeH: Time, Elapsed [hours]
# name 3 = timeM: Time, Elapsed [minutes]
# name 4 = timeS: Time, Elapsed [seconds]
# name 5 = prdM: Pressure, Strain Gauge [db]
# name 6 = specc: Specific Conductance [uS/cm]
# name 7 = sal00: Salinity, Practical [PSU]
# name 8 = tv290C: Temperature [ITS-90, deg C]
# name 9 = depSM: Depth [salt water, m], lat = 59.00
# name 10 = potemp090C: Potential Temperature [ITS-90, deg C]
# name 11 = sigma-é00: Density [sigma-theta, kg/m^3]
# name 12 = sbeox0ML/L: Oxygen, SBE 43 [ml/l]
# name 13 = sbeox0Mg/L: Oxygen, SBE 43 [mg/l]
# name 14 = sbeox0PS: Oxygen, SBE 43 [% saturation]
# name 15 = sbox0Mm/Kg: Oxygen, SBE 43 [umol/kg]
# name 16 = sbeox0Mm/L: Oxygen, SBE 43 [umol/l]
# name 17 = sbox0dV/dT: Oxygen, SBE 43 [dov/dt]
# name 18 = oxsolML/L: Oxygen Saturation, Garcia & Gordon [ml/l]
# name 19 = oxsolMg/L: Oxygen Saturation, Garcia & Gordon [mg/l]
# name 20 = oxsolMm/Kg: Oxygen Saturation, Garcia & Gordon [umol/kg]
# name 21 = n2satMg/L: Nitrogen Saturation [mg/l]
# name 22 = par: PAR/Irradiance, Biospherical/Licor
# name 23 = wetStar: Fluorescence, WET Labs WETstar [mg/m^3]
# name 24 = CStarAt0: Beam Attenuation, WET Labs C-Star [1/m]
# name 25 = CStarTr0: Beam Transmission, WET Labs C-Star [%]
# name 26 = flag: flag
# span 0 =        178,        722       
# span 1 = 329.689840, 329.691414       
# span 2 =    0.01228,    0.05006       
# span 3 =     0.7366,     3.0034       
# span 4 =     44.198,    180.204       
# span 5 =      1.008,     93.881       
# span 6 =  47459.664,  48756.911       
# span 7 =    29.7286,    30.7820       
# span 8 =     7.5088,     8.8073       
# span 9 =      1.000,     93.000       
# span 10 =     7.5796,     8.7984      
# span 11 =    23.2025,    23.8474      
# span 12 =     5.2886,     5.8202      
# span 13 =     7.5579,     8.3177      
# span 14 =     79.390,     84.238      
# span 15 =    230.688,    254.041      
# span 16 =    236.190,    259.932      
# span 17 =   -0.01015,    0.00377      
# span 18 =    6.66141,    6.90824      
# span 19 =    9.51982,    9.87256      
# span 20 =  290.56904,  301.52746      
# span 21 =   15.03275,   15.56015      
# span 22 = 3.6344e-02, 7.1892e+00      
# span 23 =     0.2102,     0.5574      
# span 24 =     0.5249,     1.5068      
# span 25 =    68.6021,    87.7007      
# span 26 = 0.0000e+00, 0.0000e+00      
# interval = meters: 1                  
# start_time = Nov 25 2014 16:32:38 [Instrument's time stamp, header]
# bad_flag = -9.990e-29
*END*
[from data line 54]
        558 329.690942    0.03871     2.3226    139.353     55.527  48505.140    30.6045     8.6818     55.000     8.6850    23.7266     5.6019     8.0058     83.763    244.385    250.184    0.00283    6.68786    9.55762  291.75756   15.09025 3.6382e-02     0.2766     0.5797    86.5086 0.0000e+00
        562 329.690952    0.03896     2.3373    140.239     56.538  48521.109    30.6174     8.6975     56.000     8.7033    23.7344     5.6005     8.0037     83.778    244.321    250.119    0.00212    6.68496    9.55347  291.62853   15.08403 3.6382e-02     0.2790     0.5582    86.9755 0.0000e+00
        565 329.690962    0.03920     2.3518    141.111     57.544  48541.439    30.6342     8.7185     57.000     8.7235    23.7445     5.6048     8.0099     83.891    244.506    250.311    0.00220    6.68107    9.54792  291.45629   15.07574 3.6382e-02     0.3189     0.5513    87.1266 0.0000e+00
        569 329.690972    0.03945     2.3669    142.014     58.556  48562.054    30.6508     8.7367     58.000     8.7402    23.7548     5.6049     8.0099     83.935    244.507    250.315    0.00222    6.67764    9.54301  291.30339   15.06836 3.6382e-02     0.2857     0.5518    87.1132 0.0000e+00
        573 329.690983    0.03970     2.3823    142.937     59.562  48572.861    30.6598     8.7508     59.000     8.7505    23.7598     5.6011     8.0045     83.909    244.338    250.143    0.00100    6.67513    9.53942  291.19235   15.06302 3.6382e-02     0.2675     0.5654    86.8191 0.0000e+00
        577 329.690994    0.03998     2.3987    143.919     60.576  48599.714    30.6803     8.7655     60.000     8.7689    23.7736     5.5876     7.9851     83.745    243.743    249.538   -0.00047    6.67204    9.53501  291.05373   15.05632 3.6382e-02     0.2695     0.5817    86.4668 0.0000e+00
        581 329.691006    0.04025     2.4147    144.885     61.581  48603.457    30.6849     8.7825     61.000     8.7828    23.7747     5.5553     7.9391     83.296    242.337    248.099   -0.00465    6.66931    9.53110  290.93421   15.05059 3.6382e-02     0.2597     0.5590    86.9578 0.0000e+00
        585 329.691018    0.04055     2.4329    145.972     62.595  48603.394    30.6860     8.7937     62.000     8.7894    23.7739     5.5487     7.9296     83.219    242.050    247.804   -0.00433    6.66759    9.52865  290.85957   15.04702 3.6382e-02     0.2503     0.5335    87.5147 0.0000e+00
        589 329.691031    0.04085     2.4509    147.055     63.605  48601.280    30.6843     8.7955     63.000     8.7883    23.7724     5.5600     7.9458     83.391    242.543    248.310   -0.00129    6.66738    9.52835  290.85090   15.04662 3.6382e-02     0.2383     0.5249    87.7007 0.0000e+00
        593 329.691043    0.04113     2.4680    148.080     64.614  48612.222    30.6914     8.7948     64.000     8.7894    23.7781     5.5637     7.9511     83.450    242.705    248.475   -0.00022    6.66718    9.52807  290.84066   15.04610 3.6382e-02     0.2542     0.5469    87.2221 0.0000e+00
        597 329.691054    0.04142     2.4853    149.115     65.624  48611.197    30.6905     8.7965     65.000     8.7899    23.7771     5.5512     7.9332     83.264    242.158    247.916   -0.00166    6.66697    9.52776  290.83175   15.04568 3.6382e-02     0.2347     0.5613    86.9064 0.0000e+00
        602 329.691067    0.04171     2.5026    150.158     66.634  48612.116    30.6907     8.7966     66.000     8.7901    23.7773     5.5350     7.9101     83.021    241.452    247.193   -0.00375    6.66696    9.52775  290.83117   15.04564 3.6382e-02     0.2492     0.5656    86.8138 0.0000e+00
        606 329.691078    0.04199     2.5193    151.155     67.641  48618.034    30.6946     8.7975     67.000     8.7920    23.7802     5.5376     7.9138     83.064    241.565    247.310   -0.00231    6.66665    9.52731  290.81689   15.04495 3.6382e-02     0.2456     0.5624    86.8838 0.0000e+00
        610 329.691091    0.04228     2.5370    152.219     68.654  48622.514    30.6977     8.8002     68.000     8.7939    23.7822     5.5376     7.9138     83.071    241.565    247.310   -0.00146    6.66611    9.52654  290.79281   15.04379 3.6382e-02     0.2498     0.5620    86.8919 0.0000e+00
        614 329.691103    0.04258     2.5548    153.289     69.664  48625.795    30.6997     8.8013     69.000     8.7946    23.7836     5.5270     7.8987     82.916    241.104    246.838   -0.00233    6.66586    9.52618  290.78141   15.04323 3.6382e-02     0.2253     0.5615    86.9019 0.0000e+00
        618 329.691115    0.04287     2.5721    154.324     70.672  48635.622    30.7061     8.8011     70.000     8.7927    23.7887     5.5174     7.8849     82.774    240.680    246.405   -0.00312    6.66561    9.52583  290.76932   15.04263 3.6382e-02     0.2474     0.5557    87.0296 0.0000e+00
        623 329.691127    0.04317     2.5901    155.409     71.681  48650.322    30.7156     8.7981     71.000     8.7899    23.7966     5.5161     7.8830     82.754    240.621    246.347   -0.00228    6.66566    9.52589  290.76903   15.04258 3.6382e-02     0.2290     0.5666    86.7927 0.0000e+00
        627 329.691141    0.04349     2.6094    156.562     72.692  48656.400    30.7192     8.7967     72.000     8.7894    23.7996     5.5061     7.8688     82.603    240.185    245.902   -0.00272    6.66570    9.52595  290.77009   15.04261 3.6382e-02     0.2400     0.5905    86.2745 0.0000e+00
        632 329.691154    0.04380     2.6281    157.685     73.704  48656.763    30.7190     8.7967     73.000     8.7894    23.7995     5.4874     7.8421     82.323    239.371    245.068   -0.00436    6.66571    9.52596  290.77029   15.04262 3.6382e-02     0.2295     0.5862    86.3686 0.0000e+00
        636 329.691166    0.04409     2.6453    158.719     74.711  48658.066    30.7195     8.7969     74.000     8.7892    23.7999     5.4785     7.8293     82.190    238.981    244.669   -0.00444    6.66566    9.52590  290.76828   15.04252 3.6382e-02     0.2356     0.5955    86.1681 0.0000e+00
        640 329.691178    0.04438     2.6628    159.770     75.720  48657.948    30.7189     8.7963     75.000     8.7885    23.7995     5.4804     7.8321     82.218    239.068    244.757   -0.00280    6.66578    9.52607  290.77355   15.04278 3.6382e-02     0.2387     0.5899    86.2879 0.0000e+00
        645 329.691191    0.04469     2.6814    160.884     76.733  48659.166    30.7193     8.7962     76.000     8.7886    23.7999     5.4760     7.8258     82.152    238.876    244.561   -0.00229    6.66578    9.52606  290.77315   15.04276 3.6382e-02     0.2246     0.5872    86.3471 0.0000e+00
        649 329.691203    0.04498     2.6990    161.941     77.740  48659.549    30.7191     8.7964     77.000     8.7886    23.7997     5.4691     7.8160     82.049    238.576    244.254   -0.00273    6.66575    9.52602  290.77196   15.04270 3.6382e-02     0.2534     0.5903    86.2802 0.0000e+00
        653 329.691215    0.04529     2.7174    163.042     78.751  48659.679    30.7188     8.7963     78.000     8.7885    23.7994     5.4730     7.8215     82.106    238.743    244.425   -0.00147    6.66577    9.52606  290.77323   15.04277 3.6382e-02     0.2378     0.5799    86.5047 0.0000e+00
        658 329.691229    0.04559     2.7355    164.129     79.760  48659.576    30.7183     8.7965     79.000     8.7887    23.7991     5.4819     7.8342     82.240    239.132    244.823    0.00027    6.66577    9.52605  290.77314   15.04276 3.6382e-02     0.2393     0.5754    86.6018 0.0000e+00
        662 329.691241    0.04590     2.7539    165.232     80.769  48660.371    30.7185     8.7967     80.000     8.7887    23.7992     5.4857     7.8397     82.297    239.297    244.992    0.00056    6.66573    9.52600  290.77135   15.04268 3.6382e-02     0.2187     0.5798    86.5080 0.0000e+00
        667 329.691255    0.04622     2.7730    166.382     81.782  48660.692    30.7183     8.7970     81.000     8.7883    23.7990     5.4877     7.8426     82.328    239.385    245.083    0.00070    6.66570    9.52596  290.77035   15.04263 3.6382e-02     0.2313     0.5770    86.5659 0.0000e+00
        671 329.691267    0.04653     2.7915    167.488     82.791  48663.773    30.7198     8.7953     82.000     8.7858    23.8005     5.4845     7.8379     82.278    239.244    244.939   -0.00016    6.66588    9.52621  290.77765   15.04297 3.6382e-02     0.2249     0.5753    86.6027 0.0000e+00
        675 329.691280    0.04682     2.8093    168.560     83.800  48670.519    30.7237     8.7925     83.000     8.7816    23.8040     5.4834     7.8363     82.258    239.196    244.889   -0.00034    6.66614    9.52658  290.78784   15.04344 3.6382e-02     0.2244     0.5805    86.4912 0.0000e+00
        680 329.691292    0.04712     2.8271    169.626     84.810  48699.718    30.7429     8.7869     84.000     8.7780    23.8198     5.4749     7.8242     82.130    238.820    244.508   -0.00139    6.66614    9.52658  290.78348   15.04316 3.6382e-02     0.2288     0.6149    85.7510 0.0000e+00
        684 329.691305    0.04742     2.8455    170.728     85.820  48711.687    30.7509     8.7875     85.000     8.7792    23.8260     5.4443     7.7805     81.676    237.484    243.142   -0.00460    6.66570    9.52596  290.76258   15.04213 3.6382e-02     0.2222     0.6738    84.4965 0.0000e+00
        688 329.691318    0.04774     2.8640    171.841     86.829  48714.809    30.7527     8.7876     86.000     8.7794    23.8274     5.3952     7.7103     80.941    235.342    240.950   -0.00994    6.66561    9.52582  290.75795   15.04190 3.6382e-02     0.2160     0.7091    83.7554 0.0000e+00
        693 329.691331    0.04805     2.8829    172.975     87.840  48739.054    30.7698     8.7919     87.000     8.7866    23.8402     5.3746     7.6808     80.647    234.439    240.028   -0.00940    6.66424    9.52386  290.69469   15.03881 3.6382e-02     0.2218     0.7987    81.9058 0.0000e+00
        697 329.691344    0.04835     2.9014    174.086     88.850  48745.465    30.7748     8.7983     88.000     8.7912    23.8431     5.3567     7.6552     80.393    233.659    239.230   -0.00805    6.66308    9.52221  290.64330   15.03633 3.6382e-02     0.2102     0.9713    78.4513 0.0000e+00
        702 329.691356    0.04866     2.9194    175.166     89.860  48744.231    30.7740     8.8018     89.000     8.7927    23.8420     5.3215     7.6049     79.871    232.123    237.657   -0.01015    6.66258    9.52149  290.62167   15.03530 3.6382e-02     0.2342     1.1470    75.0715 0.0000e+00
        706 329.691369    0.04896     2.9373    176.237     90.869  48746.545    30.7751     8.8012     90.000     8.7930    23.8430     5.3040     7.5800     79.609    231.362    236.878   -0.00941    6.66263    9.52155  290.62337   15.03538 3.6382e-02     0.2182     1.1657    74.7195 0.0000e+00
        710 329.691381    0.04927     2.9557    177.340     91.876  48753.723    30.7801     8.8043     91.000     8.7962    23.8465     5.3057     7.5823     79.641    231.431    236.951   -0.00590    6.66196    9.52059  290.59324   15.03392 3.6382e-02     0.2350     1.2455    73.2485 0.0000e+00
        715 329.691396    0.04961     2.9767    178.603     92.885  48753.128    30.7796     8.8066     92.000     8.7976    23.8457     5.2950     7.5671     79.485    230.967    236.474   -0.00490    6.66162    9.52012  290.57899   15.03324 3.6382e-02     0.2193     1.3960    70.5437 0.0000e+00
        722 329.691414    0.05006     3.0034    180.204     93.881  48756.911    30.7820     8.8073     93.000     8.7984    23.8474     5.2886     7.5579     79.390    230.688    236.190   -0.00341    6.66141    9.51982  290.56904   15.03275 3.6382e-02     0.2278     1.5068    68.6021 0.0000e+00
