CTD-processing/allCTD/CNV/2014_07-24_t7_s04_cast003_4141.cnv
* Sea-Bird SBE19plus Data File:
* FileName = C:\Users\kris.holderied\Documents\kasitsna\Research-Projects-and-Data\Oceanography-AK\CTD-Data-ALL-to-2014-06\2014-CTD-KachemakBay-CookInlet\2014-07-EVOSTC-CookInlet-quarterly\2014-07-24-CookInlet-Tran7-Augustine\2014-07-24-CookInlet-Tran7-cast003.hex
* Software Version 1.59
* Temperature SN =  4141
* Conductivity SN =  4141
* System UpLoad Time = Jul 24 2014 17:18:08
** Cook Inlet LTM Transect 7 (Augustine) West to East
** Date: 07-24
** Station: 7-04
** Start time: 08:40
** Depth (m): 48.3
** Comment:  CTD time is Alaska Daylight time.  Transducer  depth (transducer is 9 ft).
** Comment:
# nquan = 27
# nvalues = 49                          
# units = specified
# name 0 = scan: Scan Count
# name 1 = timeJ: Julian Days
# name 2 = timeH: Time, Elapsed [hours]
# name 3 = timeM: Time, Elapsed [minutes]
# name 4 = timeS: Time, Elapsed [seconds]
# name 5 = prdM: Pressure, Strain Gauge [db]
# name 6 = specc: Specific Conductance [uS/cm]
# name 7 = sal00: Salinity, Practical [PSU]
# name 8 = tv290C: Temperature [ITS-90, deg C]
# name 9 = depSM: Depth [salt water, m], lat = 59.00
# name 10 = potemp090C: Potential Temperature [ITS-90, deg C]
# name 11 = sigma-é00: Density [sigma-theta, kg/m^3]
# name 12 = sbeox0ML/L: Oxygen, SBE 43 [ml/l]
# name 13 = sbeox0Mg/L: Oxygen, SBE 43 [mg/l]
# name 14 = sbeox0PS: Oxygen, SBE 43 [% saturation]
# name 15 = sbox0Mm/Kg: Oxygen, SBE 43 [umol/kg]
# name 16 = sbeox0Mm/L: Oxygen, SBE 43 [umol/l]
# name 17 = sbox0dV/dT: Oxygen, SBE 43 [dov/dt]
# name 18 = oxsolML/L: Oxygen Saturation, Garcia & Gordon [ml/l]
# name 19 = oxsolMg/L: Oxygen Saturation, Garcia & Gordon [mg/l]
# name 20 = oxsolMm/Kg: Oxygen Saturation, Garcia & Gordon [umol/kg]
# name 21 = n2satMg/L: Nitrogen Saturation [mg/l]
# name 22 = par: PAR/Irradiance, Biospherical/Licor
# name 23 = wetStar: Fluorescence, WET Labs WETstar [mg/m^3]
# name 24 = CStarAt0: Beam Attenuation, WET Labs C-Star [1/m]
# name 25 = CStarTr0: Beam Transmission, WET Labs C-Star [%]
# name 26 = flag: flag
# span 0 =        115,        526       
# span 1 = 205.361984, 205.363172       
# span 2 =    0.00789,    0.03643       
# span 3 =     0.4735,     2.1858       
# span 4 =     28.412,    131.149       
# span 5 =      1.012,     49.427       
# span 6 =  47944.206,  48777.126       
# span 7 =    30.5893,    30.9839       
# span 8 =    10.0768,    11.9816       
# span 9 =      1.000,     49.000       
# span 10 =    10.0718,    11.9747      
# span 11 =    23.2187,    23.8062      
# span 12 =     5.9512,     6.8088      
# span 13 =     8.5049,     9.7305      
# span 14 =     93.031,    107.529      
# span 15 =    259.738,    297.095      
# span 16 =    265.782,    304.082      
# span 17 =   -0.05312,    0.02768      
# span 18 =    6.21950,    6.46856      
# span 19 =    8.88829,    9.24422      
# span 20 =  271.44632,  282.16833      
# span 21 =   14.11787,   14.63030      
# span 22 = 5.8565e-02, 1.4396e+02      
# span 23 =     0.9492,     4.0926      
# span 24 =     0.2996,     1.2810      
# span 25 =    72.5780,    92.7826      
# span 26 = 0.0000e+00, 0.0000e+00      
# interval = meters: 1                  
# start_time = Jul 24 2014 08:40:47 [Instrument's time stamp, header]
# bad_flag = -9.990e-29
*END*
        115 205.361984    0.00789     0.4735     28.412      1.012  48072.159    30.7159    11.9816      1.000    11.9747    23.2674     5.9512     8.5049     95.683    259.738    265.782    0.01878    6.21950    8.88829  271.44632   14.11787 1.4396e+02     0.9492     0.4772    89.2021 0.0000e+00
        345 205.362651    0.02391     1.4345     86.068      2.022  48038.096    30.6898    11.9555      2.000    11.9531    23.2521     6.6587     9.5160    106.984    290.621    297.378    0.00053    6.22400    8.89472  271.64744   14.12762 1.0492e+02     2.9795     0.3857    90.8210 0.0000e+00
        355 205.362680    0.02460     1.4764     88.586      3.026  48038.950    30.6896    11.9505      3.000    11.9482    23.2528     6.6790     9.5450    107.299    291.505    298.284   -0.00064    6.22467    8.89567  271.67637   14.12901 8.1777e+01     3.0455     0.3976    90.5394 0.0000e+00
        359 205.362692    0.02489     1.4935     89.608      4.044  48041.026    30.6903    11.9466      4.000    11.9449    23.2540     6.6881     9.5579    107.436    291.901    298.689    0.00110    6.22514    8.89636  271.69705   14.13000 6.4037e+01     2.8707     0.3961    90.5723 0.0000e+00
        363 205.362702    0.02513     1.5078     90.466      5.050  48041.626    30.6902    11.9449      5.000    11.9427    23.2543     6.6892     9.5595    107.450    291.950    298.739    0.00077    6.22538    8.89669  271.70699   14.13047 5.0581e+01     2.9816     0.3966    90.5613 0.0000e+00
        366 205.362711    0.02534     1.5204     91.222      6.054  48040.133    30.6884    11.9419      6.000    11.9379    23.2535     6.6891     9.5595    107.441    291.948    298.737    0.00033    6.22584    8.89735  271.72757   14.13147 4.1151e+01     3.0309     0.4011    90.4596 0.0000e+00
        369 205.362720    0.02557     1.5339     92.032      7.061  48035.565    30.6842    11.9362      7.000    11.9259    23.2513     6.6956     9.5686    107.529    292.229    299.024    0.00075    6.22676    8.89867  271.76818   14.13343 3.4692e+01     3.4323     0.3828    90.8760 0.0000e+00
        373 205.362731    0.02582     1.5495     92.969      8.076  47970.852    30.6348    11.9047      8.000    11.8336    23.2187     6.6957     9.5688    107.425    292.242    299.028    0.00005    6.23286    8.90737  272.04296   14.14680 2.9000e+01     3.8691     0.3976    90.5402 0.0000e+00
        376 205.362741    0.02607     1.5646     93.875      9.085  47990.537    30.6333    11.7547      9.000    11.6987    23.2446     6.6657     9.5260    106.604    290.928    297.690   -0.00727    6.25279    8.93585  272.90573   14.18816 2.4715e+01     3.6664     0.3943    90.6130 0.0000e+00
        380 205.362752    0.02633     1.5798     94.788     10.093  47944.206    30.5893    11.6494     10.000    11.5244    23.2294     6.6230     9.4649    105.655    289.068    295.784   -0.01524    6.26855    8.95839  273.59791   14.22150 2.1157e+01     3.4137     0.3878    90.7595 0.0000e+00
        384 205.362763    0.02661     1.5961     95.768     11.109  48045.066    30.6335    11.3920     11.000    11.2819    23.3095     6.6178     9.4575    105.023    288.818    295.550   -0.01686    6.30128    9.00517  275.00514   14.28876 1.7968e+01     3.4605     0.4228    89.9714 0.0000e+00
        388 205.362774    0.02685     1.6106     96.637     12.116  48093.198    30.6465    11.1980     12.000    11.0850    23.3535     6.6704     9.5327    105.428    291.103    297.901   -0.00898    6.32701    9.04192  276.11575   14.34191 1.5171e+01     3.1511     0.3883    90.7506 0.0000e+00
        391 205.362783    0.02707     1.6241     97.449     13.122  48224.428    30.7214    11.0380     13.000    10.9946    23.4396     6.6725     9.5357    105.149    291.169    297.994   -0.00604    6.34577    9.06873  276.91117   14.37971 1.3250e+01     4.0926     0.3725    91.1074 0.0000e+00
        394 205.362793    0.02731     1.6388     98.326     14.129  48303.394    30.7706    10.9818     14.000    10.9822    23.4876     6.5510     9.3620    103.141    285.852    292.565   -0.02287    6.35146    9.07687  277.14668   14.39078 1.1652e+01     3.8107     0.3620    91.3476 0.0000e+00
        398 205.362805    0.02759     1.6553     99.319     15.146  48359.464    30.8121    11.0024     15.000    11.0153    23.5162     6.4725     9.2499    101.978    282.420    289.061   -0.03074    6.34694    9.07043  276.94200   14.38081 1.0107e+01     2.5571     0.3399    91.8537 0.0000e+00
        402 205.362815    0.02784     1.6705    100.230     16.153  48308.245    30.7769    11.0155     16.000    10.9802    23.4867     6.5779     9.4005    103.644    287.028    293.769   -0.00675    6.34659    9.06992  276.93446   14.38060 8.6767e+00     2.8943     0.3445    91.7476 0.0000e+00
        405 205.362825    0.02808     1.6848    101.090     17.159  48338.433    30.7915    10.9589     17.000    10.9371    23.5078     6.7364     9.6269    106.022    293.936    300.845    0.02045    6.35374    9.08013  277.24061   14.39519 7.4972e+00     3.3971     0.3291    92.1026 0.0000e+00
        409 205.362836    0.02833     1.7000    102.002     18.171  48349.535    30.7956    10.9288     18.000    10.9076    23.5162     6.8088     9.7305    107.096    297.095    304.082    0.02768    6.35769    9.08578  277.41072   14.40333 6.4629e+00     2.8857     0.3212    92.2860 0.0000e+00
        413 205.362846    0.02858     1.7150    102.901     19.183  48305.807    30.7585    10.8769     19.000    10.8311    23.4963     6.7763     9.6839    106.440    295.681    302.628    0.01343    6.36631    9.09810  277.79246   14.42176 5.5936e+00     2.9060     0.3350    91.9674 0.0000e+00
        416 205.362856    0.02882     1.7290    103.738     20.182  48412.161    30.8267    10.8195     20.000    10.8199    23.5591     6.7085     9.5872    105.291    292.707    299.604   -0.00230    6.37142    9.10540  277.99831   14.43134 4.8596e+00     2.9539     0.3293    92.0965 0.0000e+00
        420 205.362868    0.02910     1.7461    104.764     21.202  48410.224    30.8256    10.8255     21.000    10.8193    23.5573     6.6224     9.4641    103.952    288.951    295.758   -0.01531    6.37065    9.10430  277.96526   14.42976 4.2131e+00     2.4104     0.3196    92.3209 0.0000e+00
        424 205.362879    0.02937     1.7621    105.724     22.216  48405.019    30.8196    10.8087     22.000    10.7825    23.5555     6.6113     9.4481    103.736    288.464    295.259   -0.01389    6.37319    9.10793  278.07655   14.43512 3.6289e+00     2.3060     0.3413    91.8245 0.0000e+00
        427 205.362888    0.02958     1.7750    106.498     23.214  48428.959    30.8319    10.7715     23.000    10.7467    23.5715     6.6131     9.4507    103.689    288.540    295.341   -0.00927    6.37783    9.11455  278.27450   14.44454 3.1440e+00     2.3922     0.3071    92.6124 0.0000e+00
        430 205.362898    0.02982     1.7895    107.372     24.220  48453.940    30.8454    10.7391     24.000    10.7231    23.5875     6.5771     9.3994    103.061    286.966    293.735   -0.01237    6.38175    9.12016  278.44128   14.45247 2.7383e+00     2.3694     0.2996    92.7826 0.0000e+00
        435 205.362910    0.03013     1.8075    108.448     25.243  48469.786    30.8530    10.7111     25.000    10.6986    23.5981     6.5308     9.3331    102.278    284.939    291.663   -0.01575    6.38530    9.12523  278.59322   14.45971 2.3483e+00     2.1718     0.3048    92.6631 0.0000e+00
        439 205.362921    0.03039     1.8233    109.395     26.247  48436.269    30.8261    10.6869     26.000    10.6338    23.5814     6.5003     9.2896    101.730    283.615    290.303   -0.01623    6.38973    9.13158  278.79142   14.46931 2.0055e+00     2.6358     0.3091    92.5647 0.0000e+00
        442 205.362932    0.03064     1.8384    110.302     27.255  48394.311    30.7797    10.5460     27.000    10.4069    23.5689     6.4747     9.2530    100.992    282.502    289.161   -0.01752    6.41118    9.16222  279.73044   14.51444 1.7358e+00     3.0703     0.3218    92.2708 0.0000e+00
        446 205.362943    0.03090     1.8544    111.261     28.264  48586.294    30.8864    10.3082     28.000    10.2414    23.6917     6.3606     9.0899     98.768    277.489    284.062   -0.03103    6.44002    9.20343  280.95504   14.57263 1.4947e+00     2.8462     0.4567    89.2233 0.0000e+00
        450 205.362955    0.03120     1.8720    112.319     29.277  48689.072    30.9456    10.2017     29.000    10.1817    23.7554     6.1571     8.7992     95.422    268.597    274.977   -0.05272    6.45253    9.22130  281.48314   14.59766 1.2578e+00     2.3710     0.5656    86.8180 0.0000e+00
        454 205.362967    0.03149     1.8891    113.349     30.288  48715.913    30.9613    10.1787     30.000    10.1738    23.7715     6.0514     8.6480     93.745    263.977    270.252   -0.05312    6.45512    9.22501  281.59178   14.60279 1.0459e+00     2.1184     0.6256    85.5234 0.0000e+00
        458 205.362978    0.03175     1.9049    114.294     31.292  48717.479    30.9618    10.1773     31.000    10.1719    23.7721     6.0436     8.6370     93.624    263.643    269.910   -0.03755    6.45528    9.22524  281.59854   14.60312 8.6358e-01     1.9596     0.6547    84.9021 0.0000e+00
        462 205.362990    0.03204     1.9228    115.365     32.304  48712.118    30.9564    10.1679     32.000    10.1535    23.7695     6.0538     8.6515     93.758    264.084    270.362   -0.02255    6.45682    9.22745  281.66679   14.60641 7.1679e-01     1.5421     0.6546    84.9039 0.0000e+00
        467 205.363003    0.03235     1.9413    116.480     33.320  48727.362    30.9637    10.1435     33.000    10.1326    23.7792     6.0609     8.6617     93.823    264.394    270.681   -0.01318    6.45997    9.23194  281.80115   14.61281 5.8881e-01     1.8004     0.6687    84.6042 0.0000e+00
        471 205.363014    0.03261     1.9565    117.392     34.324  48734.291    30.9667    10.1309     34.000    10.1195    23.7836     6.0622     8.6636     93.820    264.452    270.741   -0.00914    6.46163    9.23431  281.87239   14.61620 4.8100e-01     1.7979     0.7408    83.0956 0.0000e+00
        474 205.363025    0.03287     1.9719    118.316     35.328  48743.945    30.9717    10.1196     35.000    10.1111    23.7894     6.0568     8.6559     93.716    264.214    270.499   -0.00723    6.46302    9.23629  281.93129   14.61900 3.9259e-01     1.6827     0.7566    82.7662 0.0000e+00
        478 205.363036    0.03316     1.9894    119.364     36.349  48752.670    30.9764    10.1119     36.000    10.1074    23.7944     6.0499     8.6459     93.595    263.908    270.189   -0.00595    6.46391    9.23758  281.96904   14.62078 3.1976e-01     1.7453     0.7605    82.6852 0.0000e+00
        482 205.363047    0.03340     2.0044    120.263     37.357  48752.942    30.9761    10.1114     37.000    10.1067    23.7942     6.0413     8.6336     93.460    263.532    269.803   -0.00542    6.46399    9.23769  281.97266   14.62097 2.6011e-01     1.8286     0.7995    81.8831 0.0000e+00
        485 205.363056    0.03363     2.0177    121.063     38.358  48749.461    30.9731    10.1097     38.000    10.1010    23.7922     6.0344     8.6238     93.350    263.235    269.498   -0.00523    6.46436    9.23821  281.98915   14.62176 2.1061e-01     1.5964     0.7895    82.0881 0.0000e+00
        489 205.363067    0.03388     2.0328    121.966     39.367  48756.695    30.9768    10.1023     39.000    10.0957    23.7963     6.0311     8.6190     93.284    263.086    269.346   -0.00432    6.46524    9.23948  282.02649   14.62354 1.7840e-01     1.6992     0.7856    82.1688 0.0000e+00
        493 205.363079    0.03418     2.0503    123.018     40.386  48760.079    30.9783    10.0983     40.000    10.0925    23.7981     6.0255     8.6111     93.192    262.846    269.102   -0.00377    6.46575    9.24021  282.04846   14.62458 1.4849e-01     1.5149     0.8044    81.7834 0.0000e+00
        497 205.363089    0.03443     2.0655    123.932     41.392  48761.670    30.9787    10.0960     41.000    10.0904    23.7989     6.0277     8.6142     93.221    262.939    269.197   -0.00262    6.46605    9.24063  282.06094   14.62517 1.2404e-01     1.6267     0.8310    81.2430 0.0000e+00
        500 205.363100    0.03467     2.0800    124.803     42.399  48763.285    30.9792    10.0943     42.000    10.0883    23.7995     6.0279     8.6145     93.220    262.947    269.205   -0.00175    6.46627    9.24095  282.07058   14.62563 1.0797e-01     1.7317     0.8396    81.0663 0.0000e+00
        504 205.363110    0.03492     2.0955    125.728     43.412  48764.947    30.9797    10.0920     43.000    10.0860    23.8002     6.0205     8.6038     93.102    262.623    268.873   -0.00236    6.46657    9.24138  282.08339   14.62624 9.5472e-02     1.5265     0.8316    81.2288 0.0000e+00
        507 205.363120    0.03517     2.1102    126.609     44.418  48766.533    30.9801    10.0900     44.000    10.0831    23.8009     6.0199     8.6030     93.088    262.598    268.848   -0.00224    6.46685    9.24178  282.09561   14.62683 8.4726e-02     1.5890     0.8482    80.8936 0.0000e+00
        511 205.363132    0.03544     2.1262    127.569     45.424  48767.249    30.9795    10.0846     45.000    10.0765    23.8014     6.0236     8.6083     93.134    262.759    269.014   -0.00100    6.46763    9.24289  282.12927   14.62844 7.7208e-02     1.6457     0.8792    80.2681 0.0000e+00
        516 205.363145    0.03576     2.1459    128.755     46.451  48774.920    30.9839    10.0792     46.000    10.0741    23.8057     6.0193     8.6022     93.059    262.569    268.820   -0.00132    6.46822    9.24373  282.15389   14.62961 7.0892e-02     1.5941     0.9038    79.7768 0.0000e+00
        520 205.363156    0.03601     2.1605    129.627     47.455  48774.163    30.9830    10.0795     47.000    10.0746    23.8050     6.0174     8.5995     93.031    262.492    268.741   -0.00157    6.46822    9.24374  282.15402   14.62961 6.7114e-02     1.6417     0.9820    78.2331 0.0000e+00
        522 205.363164    0.03620     2.1722    130.331     48.452  48773.619    30.9821    10.0794     48.000    10.0723    23.8043     6.0195     8.6025     93.063    262.582    268.832   -0.00091    6.46826    9.24379  282.15584   14.62970 6.2375e-02     1.6211     1.1374    75.2494 0.0000e+00
        526 205.363172    0.03643     2.1858    131.149     49.427  48777.126    30.9838    10.0768     49.000    10.0718    23.8062     6.0502     8.6463     93.532    263.919    270.201    0.00216    6.46856    9.24422  282.16833   14.63030 5.8565e-02     1.8175     1.2810    72.5780 0.0000e+00
