CTD-processing/allCTD/CNV/2014_07-23_t6_s08_cast203_4141.cnv
* Sea-Bird SBE19plus Data File:
* FileName = C:\Users\kris.holderied\Documents\kasitsna\Research-Projects-and-Data\Oceanography-AK\CTD-Data-ALL-to-2014-06\2014-CTD-KachemakBay-CookInlet\2014-07-EVOSTC-CookInlet-quarterly\2014-07-23-CookInlet-Tran6-Douglas\2014-07-23-CookInlet-Tran6-cast203.hex
* Software Version 1.59
* Temperature SN =  4141
* Conductivity SN =  4141
* System UpLoad Time = Jul 23 2014 23:26:32
** Cook Inlet LTM Transect 6 (Douglas) East to West
** Date: 07-23
** Station: 6-08
** Start time: 11:21
** Depth (m): 141
** Comment:  CTD time is Alaska Daylight time.  Transducer  depth (transducer is 9 ft).
** Comment:
# nquan = 27
# nvalues = 138                         
# units = specified
# name 0 = scan: Scan Count
# name 1 = timeJ: Julian Days
# name 2 = timeH: Time, Elapsed [hours]
# name 3 = timeM: Time, Elapsed [minutes]
# name 4 = timeS: Time, Elapsed [seconds]
# name 5 = prdM: Pressure, Strain Gauge [db]
# name 6 = specc: Specific Conductance [uS/cm]
# name 7 = sal00: Salinity, Practical [PSU]
# name 8 = tv290C: Temperature [ITS-90, deg C]
# name 9 = depSM: Depth [salt water, m], lat = 59.00
# name 10 = potemp090C: Potential Temperature [ITS-90, deg C]
# name 11 = sigma-é00: Density [sigma-theta, kg/m^3]
# name 12 = sbeox0ML/L: Oxygen, SBE 43 [ml/l]
# name 13 = sbeox0Mg/L: Oxygen, SBE 43 [mg/l]
# name 14 = sbeox0PS: Oxygen, SBE 43 [% saturation]
# name 15 = sbox0Mm/Kg: Oxygen, SBE 43 [umol/kg]
# name 16 = sbeox0Mm/L: Oxygen, SBE 43 [umol/l]
# name 17 = sbox0dV/dT: Oxygen, SBE 43 [dov/dt]
# name 18 = oxsolML/L: Oxygen Saturation, Garcia & Gordon [ml/l]
# name 19 = oxsolMg/L: Oxygen Saturation, Garcia & Gordon [mg/l]
# name 20 = oxsolMm/Kg: Oxygen Saturation, Garcia & Gordon [umol/kg]
# name 21 = n2satMg/L: Nitrogen Saturation [mg/l]
# name 22 = par: PAR/Irradiance, Biospherical/Licor
# name 23 = wetStar: Fluorescence, WET Labs WETstar [mg/m^3]
# name 24 = CStarAt0: Beam Attenuation, WET Labs C-Star [1/m]
# name 25 = CStarTr0: Beam Transmission, WET Labs C-Star [%]
# name 26 = flag: flag
# span 0 =         43,        984       
# span 1 = 204.473524, 204.476248       
# span 2 =    0.00292,    0.06829       
# span 3 =     0.1752,     4.0974       
# span 4 =     10.511,    245.847       
# span 5 =      1.024,    139.322       
# span 6 =  49563.075,  51202.065       
# span 7 =    31.5227,    32.3212       
# span 8 =     7.8193,     9.8318       
# span 9 =      1.000,    138.000       
# span 10 =     7.8059,     9.8140      
# span 11 =    24.2693,    25.1979      
# span 12 =     5.5666,     5.9930      
# span 13 =     7.9553,     8.5646      
# span 14 =     82.556,     91.975      
# span 15 =    242.495,    261.295      
# span 16 =    248.605,    267.646      
# span 17 =   -0.01189,    0.02619      
# span 18 =    6.48073,    6.74360      
# span 19 =    9.26161,    9.63729      
# span 20 =  282.57166,  293.76716      
# span 21 =   14.64738,   15.17924      
# span 22 = 3.1244e-02, 1.8067e+02      
# span 23 =     0.4296,     2.4855      
# span 24 =     0.2664,     0.4159      
# span 25 =    90.1462,    93.5564      
# span 26 = 0.0000e+00, 0.0000e+00      
# interval = meters: 1                  
# start_time = Jul 23 2014 11:21:42 [Instrument's time stamp, header]
# bad_flag = -9.990e-29
*END*
         43 204.473524    0.00292     0.1752     10.511      1.024  49563.075    31.5277     9.8318      1.000     9.8140    24.2693     5.5756     7.9680     86.033    243.103    249.003    0.02619    6.48073    9.26161  282.57166   14.64738 1.8067e+02     0.4296     0.4159    90.1462 0.0000e+00
        171 204.473895    0.01182     0.7092     42.550      2.012  49618.800    31.5528     9.7279      2.000     9.7278    24.3056     5.8477     8.3571     90.040    254.965    261.162    0.01974    6.49449    9.28128  283.16153   14.67550 1.3978e+02     1.3379     0.4032    90.4134 0.0000e+00
        328 204.474348    0.02270     1.3616     81.698      3.041  49606.323    31.5297     9.6226      3.000     9.6107    24.3045     5.9812     8.5478     91.870    260.783    267.121    0.00018    6.51048    9.30413  283.85905   14.70895 1.1241e+02     1.9589     0.3863    90.7948 0.0000e+00
        335 204.474370    0.02320     1.3924     83.546      4.026  49612.734    31.5319     9.6083      4.000     9.5843    24.3085     5.9898     8.5601     91.975    261.158    267.506    0.00018    6.51244    9.30694  283.94365   14.71299 8.6971e+01     1.9588     0.3880    90.7568 0.0000e+00
        338 204.474378    0.02340     1.4039     84.236      5.035  49607.957    31.5230     9.5711      5.000     9.5397    24.3076     5.9930     8.5646     91.943    261.295    267.646   -0.00004    6.51816    9.31510  284.19306   14.72495 7.1626e+01     2.0287     0.3937    90.6277 0.0000e+00
        342 204.474389    0.02366     1.4198     85.186      6.055  49679.556    31.5691     9.5416      6.000     9.5486    24.3483     5.9820     8.5488     91.741    260.805    267.155   -0.00205    6.52045    9.31839  284.28177   14.72901 6.4433e+01     2.1388     0.3760    91.0266 0.0000e+00
        346 204.474400    0.02394     1.4366     86.195      7.070  49620.337    31.5227     9.5101      7.000     9.4536    24.3170     5.9679     8.5288     91.435    260.200    266.528   -0.00411    6.52695    9.32766  284.57352   14.74315 5.6294e+01     2.1858     0.3778    90.9866 0.0000e+00
        349 204.474411    0.02419     1.4513     87.081      8.075  49710.942    31.5768     9.4409      8.000     9.4317    24.3702     5.9536     8.5083     91.108    259.560    265.886   -0.00643    6.53464    9.33866  284.89415   14.75827 4.8826e+01     2.2189     0.3656    91.2662 0.0000e+00
        353 204.474421    0.02444     1.4662     87.974      9.085  49722.567    31.5829     9.4284      9.000     9.4197    24.3770     5.9469     8.4986     90.984    259.267    265.587   -0.00589    6.53618    9.34086  284.95970   14.76138 4.2963e+01     2.2911     0.3701    91.1621 0.0000e+00
        356 204.474431    0.02468     1.4811     88.866     10.095  49728.957    31.5844     9.4099     10.000     9.3959    24.3811     5.9466     8.4983     90.943    259.253    265.574   -0.00460    6.53879    9.34458  285.07182   14.76673 3.8271e+01     2.2950     0.3622    91.3426 0.0000e+00
        360 204.474442    0.02493     1.4957     89.745     11.106  49748.457    31.5950     9.3896     11.000     9.3819    24.3925     5.9436     8.4940     90.863    259.121    265.442   -0.00397    6.54128    9.34815  285.17754   14.77174 3.3600e+01     2.3139     0.3596    91.4026 0.0000e+00
        363 204.474451    0.02516     1.5098     90.588     12.113  49752.656    31.5956     9.3754     12.000     9.3545    24.3953     5.9381     8.4862     90.751    258.881    265.196   -0.00395    6.54331    9.35104  285.26506   14.77593 2.9714e+01     2.3665     0.3584    91.4303 0.0000e+00
        367 204.474462    0.02542     1.5248     91.490     13.114  49785.806    31.6129     9.3353     13.000     9.3146    24.4152     5.9271     8.4704     90.513    258.396    264.705   -0.00505    6.54838    9.35829  285.48056   14.78616 2.6713e+01     2.4855     0.3545    91.5192 0.0000e+00
        372 204.474476    0.02576     1.5459     92.751     14.140  49814.386    31.6270     9.2944     14.000     9.2839    24.4326     5.9238     8.4656     90.388    258.246    264.556   -0.00445    6.55372    9.36592  285.70851   14.79700 2.4255e+01     2.3085     0.3500    91.6214 0.0000e+00
        376 204.474488    0.02604     1.5624     93.747     15.154  49828.505    31.6346     9.2808     15.000     9.2765    24.4407     5.9172     8.4563     90.264    257.957    264.261   -0.00395    6.55536    9.36827  285.77787   14.80029 2.1232e+01     2.3163     0.3481    91.6646 0.0000e+00
        379 204.474496    0.02623     1.5736     94.417     16.148  49833.125    31.6369     9.2765     16.000     9.2706    24.4431     5.9137     8.4513     90.204    257.806    264.107   -0.00406    6.55590    9.36904  285.80053   14.80136 1.8739e+01     2.2434     0.3469    91.6932 0.0000e+00
        382 204.474504    0.02644     1.5860     95.161     17.146  49857.234    31.6526     9.2705     17.000     9.2664    24.4564     5.9165     8.4552     90.243    257.922    264.230   -0.00287    6.55610    9.36932  285.80559   14.80154 1.6644e+01     2.2046     0.3477    91.6763 0.0000e+00
        386 204.474518    0.02676     1.6055     96.331     18.173  49891.113    31.6756     9.2683     18.000     9.2686    24.4748     5.9182     8.4577     90.279    257.993    264.308   -0.00131    6.55544    9.36839  285.77195   14.79984 1.4965e+01     2.2725     0.3460    91.7126 0.0000e+00
        391 204.474530    0.02707     1.6242     97.450     19.188  49888.769    31.6743     9.2738     19.000     9.2727    24.4729     5.9068     8.4414     90.115    257.496    263.798   -0.00237    6.55471    9.36733  285.74028   14.79833 1.3257e+01     2.1912     0.3493    91.6374 0.0000e+00
        394 204.474540    0.02730     1.6378     98.269     20.185  49887.551    31.6732     9.2750     20.000     9.2743    24.4719     5.9101     8.4461     90.167    257.639    263.944   -0.00186    6.55459    9.36717  285.73557   14.79811 1.1818e+01     2.1925     0.3506    91.6088 0.0000e+00
        398 204.474551    0.02755     1.6531     99.186     21.200  49921.452    31.6967     9.2752     21.000     9.2692    24.4902     5.9229     8.4644     90.377    258.193    264.516    0.00075    6.55355    9.36568  285.68524   14.79561 1.0519e+01     2.1876     0.3516    91.5856 0.0000e+00
        401 204.474561    0.02780     1.6680    100.082     22.212  49941.436    31.7093     9.2675     22.000     9.2557    24.5012     5.9291     8.4732     90.463    258.459    264.792    0.00148    6.55414    9.36653  285.70794   14.79664 9.2722e+00     2.2423     0.3561    91.4813 0.0000e+00
        405 204.474572    0.02805     1.6830    100.977     23.209  49971.888    31.7277     9.2491     23.000     9.2371    24.5186     5.9325     8.4781     90.489    258.605    264.945    0.00115    6.55604    9.36924  285.78575   14.80029 8.1812e+00     2.2294     0.3529    91.5563 0.0000e+00
        410 204.474587    0.02842     1.7054    102.322     24.228  50008.246    31.7501     9.2292     24.000     9.2230    24.5392     5.9260     8.4689     90.363    258.317    264.656   -0.00042    6.55798    9.37201  285.86460   14.80397 7.2843e+00     2.2267     0.3512    91.5957 0.0000e+00
        416 204.474603    0.02881     1.7287    103.720     25.245  50027.335    31.7613     9.2163     25.000     9.2033    24.5500     5.9155     8.4538     90.184    257.856    264.186   -0.00195    6.55939    9.37403  285.92304   14.80672 6.5882e+00     2.2348     0.3471    91.6864 0.0000e+00
        420 204.474614    0.02907     1.7439    104.632     26.257  50053.297    31.7765     9.1974     26.000     9.1886    24.5648     5.9151     8.4533     90.149    257.836    264.170   -0.00194    6.56149    9.37702  286.01032   14.81083 5.7200e+00     2.1716     0.3461    91.7123 0.0000e+00
        422 204.474622    0.02926     1.7556    105.338     27.260  50075.379    31.7904     9.1887     27.000     9.1734    24.5770     5.9208     8.4614     90.227    258.081    264.423   -0.00095    6.56215    9.37797  286.03564   14.81198 5.0438e+00     2.2582     0.3465    91.7037 0.0000e+00
        425 204.474630    0.02944     1.7665    105.987     28.254  50111.832    31.8133     9.1728     28.000     9.1586    24.5974     5.9198     8.4600     90.193    258.031    264.379   -0.00075    6.56351    9.37991  286.08916   14.81445 4.4840e+00     2.2110     0.3486    91.6543 0.0000e+00
        430 204.474645    0.02981     1.7885    107.309     29.270  50160.195    31.8441     9.1528     29.000     9.1431    24.6247     5.9100     8.4460     90.022    257.598    263.942   -0.00180    6.56512    9.38221  286.15170   14.81732 4.2434e+00     2.2241     0.3481    91.6656 0.0000e+00
        438 204.474667    0.03034     1.8203    109.220     30.299  50189.931    31.8628     9.1396     30.000     9.1345    24.6414     5.9090     8.4446     89.991    257.551    263.898   -0.00120    6.56625    9.38383  286.19645   14.81938 3.7265e+00     2.2892     0.3462    91.7084 0.0000e+00
        441 204.474676    0.03055     1.8329    109.977     31.300  50198.983    31.8680     9.1346     31.000     9.1201    24.6462     5.9123     8.4493     90.035    257.693    264.044   -0.00052    6.56675    9.38454  286.21688   14.82033 3.1318e+00     2.2046     0.3454    91.7277 0.0000e+00
        444 204.474684    0.03074     1.8447    110.682     32.308  50224.250    31.8824     9.1136     32.000     9.0769    24.6607     5.9136     8.4511     90.021    257.747    264.103   -0.00046    6.56919    9.38803  286.31912   14.82517 2.7690e+00     2.2484     0.3472    91.6861 0.0000e+00
        446 204.474691    0.03092     1.8556    111.337     33.308  50257.115    31.8987     9.0689     33.000     9.0214    24.6804     5.9118     8.4486     89.914    257.664    264.024   -0.00139    6.57502    9.39636  286.56773   14.83698 2.4386e+00     2.2504     0.3447    91.7427 0.0000e+00
        449 204.474700    0.03114     1.8686    112.116     34.302  50323.904    31.9365     9.0077     34.000     8.9836    24.7194     5.9110     8.4474     89.801    257.618    263.987   -0.00238    6.58237    9.40686  286.87702   14.85161 2.2554e+00     2.1937     0.3438    91.7634 0.0000e+00
        459 204.474729    0.03184     1.9100    114.601     35.357  50351.177    31.9504     8.9742     35.000     8.9440    24.7355     5.8859     8.4116     89.361    256.521    262.866   -0.00442    6.58668    9.41301  287.06015   14.86031 1.9506e+00     2.1096     0.3381    91.8950 0.0000e+00
        462 204.474738    0.03203     1.9218    115.310     36.347  50329.045    31.9279     8.9296     36.000     8.8671    24.7247     5.8850     8.4103     89.246    256.484    262.826   -0.00447    6.59418    9.42376  287.39078   14.87620 1.7092e+00     2.1054     0.3403    91.8434 0.0000e+00
        465 204.474744    0.03220     1.9322    115.934     37.344  50363.992    31.9411     8.8552     37.000     8.7917    24.7465     5.8811     8.4047     89.047    256.310    262.653   -0.00522    6.60456    9.43858  287.83676   14.89747 1.5341e+00     2.0939     0.3270    92.1479 0.0000e+00
        468 204.474753    0.03241     1.9445    116.670     38.350  50441.003    31.9830     8.7751     38.000     8.7449    24.7915     5.8680     8.3860     88.714    255.728    262.068   -0.00727    6.61458    9.45289  288.26055   14.91756 1.3765e+00     2.0951     0.3186    92.3444 0.0000e+00
        473 204.474768    0.03277     1.9661    117.965     39.368  50491.753    32.0127     8.7372     39.000     8.7301    24.8204     5.8447     8.3526     88.303    254.702    261.024   -0.00818    6.61891    9.45907  288.44101   14.92606 1.2489e+00     2.0577     0.3152    92.4223 0.0000e+00
        479 204.474787    0.03323     1.9937    119.624     40.389  50501.459    32.0180     8.7305     40.000     8.7254    24.8257     5.8312     8.3333     88.089    254.110    260.419   -0.00609    6.61968    9.46018  288.47311   14.92757 1.1139e+00     1.9230     0.3134    92.4627 0.0000e+00
        483 204.474799    0.03350     2.0103    120.619     41.394  50504.178    32.0192     8.7289     41.000     8.7195    24.8269     5.8410     8.3473     88.234    254.537    260.857   -0.00306    6.61985    9.46043  288.48047   14.92792 1.1799e+00     1.9313     0.3159    92.4064 0.0000e+00
        487 204.474809    0.03375     2.0251    121.508     42.405  50498.192    32.0124     8.7147     42.000     8.6932    24.8237     5.8413     8.3478     88.208    254.555    260.874   -0.00207    6.62223    9.46384  288.58547   14.93296 8.8491e-01     1.9180     0.3136    92.4585 0.0000e+00
        490 204.474819    0.03398     2.0388    122.330     43.404  50512.069    32.0173     8.6853     43.000     8.6611    24.8320     5.8359     8.3401     88.070    254.315    260.631   -0.00280    6.62638    9.46977  288.76376   14.94146 9.6388e-01     1.9253     0.3111    92.5166 0.0000e+00
        496 204.474835    0.03436     2.0618    123.708     44.417  50551.570    32.0390     8.6477     44.000     8.6342    24.8546     5.8253     8.3249     87.849    253.849    260.159   -0.00364    6.63103    9.47641  288.95976   14.95074 7.3889e-01     1.9012     0.3062    92.6306 0.0000e+00
        502 204.474853    0.03481     2.0884    125.304     45.445  50585.903    32.0586     8.6207     45.000     8.6125    24.8741     5.8067     8.2983     87.526    253.031    259.325   -0.00493    6.63419    9.48092  289.09208   14.95699 8.6281e-01     1.8232     0.3070    92.6125 0.0000e+00
        505 204.474862    0.03503     2.1017    126.101     46.443  50589.252    32.0599     8.6165     46.000     8.6041    24.8757     5.8093     8.3021     87.559    253.146    259.444   -0.00361    6.63475    9.48171  289.11581   14.95811 5.7825e-01     1.8171     0.3078    92.5937 0.0000e+00
        508 204.474870    0.03522     2.1128    126.771     47.440  50602.281    32.0671     8.6064     47.000     8.5948    24.8828     5.8119     8.3058     87.582    253.259    259.560   -0.00234    6.63594    9.48342  289.16570   14.96046 5.0609e-01     1.8335     0.3068    92.6180 0.0000e+00
        512 204.474881    0.03549     2.1292    127.754     48.445  50616.546    32.0746     8.5934     48.000     8.5835    24.8908     5.8115     8.3051     87.554    253.237    259.540   -0.00197    6.63756    9.48573  289.23398   14.96370 5.3856e-01     1.9149     0.3086    92.5753 0.0000e+00
        520 204.474904    0.03602     2.1615    129.689     49.484  50630.743    32.0822     8.5801     49.000     8.5745    24.8986     5.8046     8.2952     87.428    252.932    259.230   -0.00196    6.63920    9.48809  289.30353   14.96700 4.9825e-01     1.8083     0.3045    92.6687 0.0000e+00
        524 204.474916    0.03632     2.1793    130.760     50.474  50632.574    32.0823     8.5756     50.000     8.5665    24.8995     5.8033     8.2935     87.401    252.879    259.176   -0.00183    6.63987    9.48904  289.33243   14.96838 3.6798e-01     1.8360     0.3082    92.5838 0.0000e+00
        529 204.474931    0.03667     2.1999    131.995     51.507  50638.988    32.0849     8.5657     51.000     8.5533    24.9030     5.8054     8.2965     87.415    252.970    259.270   -0.00078    6.64123    9.49098  289.39071   14.97115 3.3264e-01     1.8109     0.3079    92.5913 0.0000e+00
        532 204.474939    0.03687     2.2120    132.722     52.511  50655.106    32.0940     8.5539     52.000     8.5407    24.9119     5.8041     8.2946     87.377    252.912    259.213   -0.00130    6.64258    9.49292  289.44717   14.97381 3.0506e-01     1.7903     0.3087    92.5735 0.0000e+00
        534 204.474945    0.03702     2.2214    133.283     53.482  50672.249    32.1043     8.5458     53.000     8.5367    24.9213     5.8008     8.2900     87.318    252.767    259.065   -0.00157    6.64337    9.49404  289.47879   14.97528 2.6571e-01     1.8369     0.3073    92.6057 0.0000e+00
