CTD-processing/allCTD/CNV/2014_07-23_t6_s19_cast214_4141.cnv
* Sea-Bird SBE19plus Data File:
* FileName = C:\Users\kris.holderied\Documents\kasitsna\Research-Projects-and-Data\Oceanography-AK\CTD-Data-ALL-to-2014-06\2014-CTD-KachemakBay-CookInlet\2014-07-EVOSTC-CookInlet-quarterly\2014-07-23-CookInlet-Tran6-Douglas\2014-07-23-CookInlet-Tran6-cast214.hex
* Software Version 1.59
* Temperature SN =  4141
* Conductivity SN =  4141
* System UpLoad Time = Jul 23 2014 23:42:33
** Cook Inlet LTM Transect 6 (Douglas) East to West
** Date: 07-23
** Station: 6-19
** Start time: 16:13
** Depth (m): 179
** Comment:  CTD time is Alaska Daylight time.  Transducer  depth (transducer is 9 ft).
** Comment:
# nquan = 27
# nvalues = 177                         
# units = specified
# name 0 = scan: Scan Count
# name 1 = timeJ: Julian Days
# name 2 = timeH: Time, Elapsed [hours]
# name 3 = timeM: Time, Elapsed [minutes]
# name 4 = timeS: Time, Elapsed [seconds]
# name 5 = prdM: Pressure, Strain Gauge [db]
# name 6 = specc: Specific Conductance [uS/cm]
# name 7 = sal00: Salinity, Practical [PSU]
# name 8 = tv290C: Temperature [ITS-90, deg C]
# name 9 = depSM: Depth [salt water, m], lat = 59.00
# name 10 = potemp090C: Potential Temperature [ITS-90, deg C]
# name 11 = sigma-é00: Density [sigma-theta, kg/m^3]
# name 12 = sbeox0ML/L: Oxygen, SBE 43 [ml/l]
# name 13 = sbeox0Mg/L: Oxygen, SBE 43 [mg/l]
# name 14 = sbeox0PS: Oxygen, SBE 43 [% saturation]
# name 15 = sbox0Mm/Kg: Oxygen, SBE 43 [umol/kg]
# name 16 = sbeox0Mm/L: Oxygen, SBE 43 [umol/l]
# name 17 = sbox0dV/dT: Oxygen, SBE 43 [dov/dt]
# name 18 = oxsolML/L: Oxygen Saturation, Garcia & Gordon [ml/l]
# name 19 = oxsolMg/L: Oxygen Saturation, Garcia & Gordon [mg/l]
# name 20 = oxsolMm/Kg: Oxygen Saturation, Garcia & Gordon [umol/kg]
# name 21 = n2satMg/L: Nitrogen Saturation [mg/l]
# name 22 = par: PAR/Irradiance, Biospherical/Licor
# name 23 = wetStar: Fluorescence, WET Labs WETstar [mg/m^3]
# name 24 = CStarAt0: Beam Attenuation, WET Labs C-Star [1/m]
# name 25 = CStarTr0: Beam Transmission, WET Labs C-Star [%]
# name 26 = flag: flag
# span 0 =         18,       1254       
# span 1 = 204.676184, 204.679761       
# span 2 =    0.00119,    0.08703       
# span 3 =     0.0714,     5.2223       
# span 4 =      4.282,    313.339       
# span 5 =      1.002,    178.734       
# span 6 =  49702.032,  51683.151       
# span 7 =    31.7337,    32.4324       
# span 8 =     6.6595,    11.3145       
# span 9 =      1.000,    177.000       
# span 10 =     6.6443,    11.2260      
# span 11 =    24.2700,    25.4431      
# span 12 =     5.1983,     7.2354      
# span 13 =     7.4288,    10.3402      
# span 14 =     76.863,    114.955      
# span 15 =    226.650,    315.466      
# span 16 =    232.155,    323.135      
# span 17 =   -0.04821,    0.00281      
# span 18 =    6.26286,    6.92031      
# span 19 =    8.95025,    9.88981      
# span 20 =  273.06789,  301.39239      
# span 21 =   14.19106,   15.54267      
# span 22 = 4.9738e-02, 6.6220e+02      
# span 23 =     0.5320,     8.1663      
# span 24 =     0.2126,     2.8343      
# span 25 =    57.3124,    94.8227      
# span 26 = 0.0000e+00, 0.0000e+00      
# interval = meters: 1                  
# start_time = Jul 23 2014 16:13:38 [Instrument's time stamp, header]
# bad_flag = -9.990e-29
*END*
         18 204.676184    0.00119     0.0714      4.282      1.002  49784.348    31.8549    11.3145      1.000    11.2260    24.2717     5.1983     7.4288     83.004    226.650    232.155   -0.02307    6.26286    8.95025  273.06789   14.19106 6.6220e+02     1.7069     2.8343    57.3124 0.0000e+00
        328 204.677081    0.02273     1.3634     81.806      2.018  49812.450    31.8651    11.1587      2.000    11.1448    24.3075     6.7847     9.6960    107.952    295.814    303.005   -0.00964    6.28357    8.97985  273.96478   14.23400 4.3932e+01     3.4903     1.1526    75.0545 0.0000e+00
        373 204.677211    0.02583     1.5503     93.017      3.032  49802.288    31.8491    11.0848      3.000    11.0679    24.3082     7.2354    10.3402    114.955    315.466    323.135   -0.00113    6.29414    8.99495  274.42544   14.25613 2.6214e+01     3.8109     1.1326    75.3400 0.0000e+00
        379 204.677227    0.02622     1.5732     94.391      4.039  49723.218    31.7848    11.0171      4.000    10.9199    24.2700     7.2314    10.3344    114.678    315.304    322.956   -0.00325    6.30587    9.01171  274.94703   14.28137 1.9386e+01     4.4972     1.1085    75.7971 0.0000e+00
        383 204.677241    0.02655     1.5931     95.584      5.050  49702.032    31.7337    10.7141      5.000    10.5892    24.2827     7.2230    10.3224    113.764    314.933    322.581   -0.00918    6.34920    9.07364  276.83294   14.37190 1.7520e+01     5.2348     0.9869    78.1497 0.0000e+00
        388 204.677253    0.02685     1.6112     96.672      6.054  49886.510    31.8400    10.5133      6.000    10.4601    24.3997     7.0984    10.1443    111.393    309.464    317.014   -0.02742    6.37245    9.10688  277.81518   14.41850 1.9361e+01     5.9042     0.8287    81.2938 0.0000e+00
        392 204.677267    0.02718     1.6310     97.860      7.068  49977.741    31.8904    10.4002      7.000    10.3615    24.4582     6.9044     9.8671    108.117    300.989    308.350   -0.04821    6.38604    9.12630  278.39176   14.44591 2.3237e+01     5.9412     0.8287    81.2862 0.0000e+00
        397 204.677280    0.02749     1.6494     98.965      8.076  50044.519    31.9278    10.3240      8.000    10.2885    24.5002     6.8336     9.7659    106.857    297.891    305.189   -0.04460    6.39507    9.13920  278.77404   14.46406 2.4969e+01     6.4104     0.8051    81.7712 0.0000e+00
        401 204.677293    0.02780     1.6681    100.088      9.085  50116.753    31.9692    10.2500      9.000    10.2291    24.5449     6.8132     9.7368    106.396    296.991    304.280   -0.03104    6.40367    9.15149  279.13670   14.48124 2.5288e+01     8.1663     0.7246    83.4317 0.0000e+00
        406 204.677306    0.02812     1.6872    101.234     10.100  50139.332    31.9798    10.2107     10.000    10.1846    24.5597     6.7172     9.5996    104.813    292.799    299.990   -0.03357    6.40872    9.15869  279.35241   14.49153 2.8260e+01     7.6709     0.7372    83.1692 0.0000e+00
        410 204.677317    0.02837     1.7023    102.139     11.107  50117.467    31.9547    10.1387     11.000    10.0702    24.5522     6.6756     9.5402    103.985    290.989    298.134   -0.03258    6.41981    9.17455  279.83795   14.51486 2.6595e+01     6.6288     0.7549    82.8023 0.0000e+00
        413 204.677326    0.02862     1.7172    103.032     12.106  50183.989    31.9865    10.0240     12.000     9.9737    24.5960     6.6692     9.5311    103.647    290.699    297.849   -0.02583    6.43458    9.19565  280.46977   14.54498 2.2371e+01     7.2001     0.7621    82.6523 0.0000e+00
        418 204.677342    0.02899     1.7392    104.354     13.124  50257.391    32.0252     9.9250     13.000     9.9062    24.6425     6.6311     9.4765    102.858    289.024    296.147   -0.02171    6.44690    9.21326  280.99385   14.56990 1.9097e+01     8.0847     0.7315    83.2870 0.0000e+00
        424 204.677357    0.02934     1.7607    105.640     14.139  50269.289    32.0280     9.8854     14.000     9.8625    24.6511     6.5863     9.4124    102.075    287.067    294.143   -0.02032    6.45237    9.22108  281.23009   14.58119 1.6363e+01     7.9249     0.7071    83.7986 0.0000e+00
        427 204.677368    0.02959     1.7758    106.549     15.143  50269.734    32.0220     9.8411     15.000     9.8036    24.6537     6.5757     9.3974    101.809    286.605    293.671   -0.01647    6.45888    9.23038  281.51300   14.59475 1.3815e+01     7.8718     0.6649    84.6872 0.0000e+00
        431 204.677378    0.02985     1.7908    107.451     16.147  50298.007    32.0322     9.7712     16.000     9.7253    24.6732     6.5336     9.3371    101.008    284.764    291.790   -0.01796    6.46834    9.24392  281.92072   14.61422 1.1438e+01     7.6622     0.5818    86.4635 0.0000e+00
        435 204.677391    0.03017     1.8103    108.616     17.157  50369.797    32.0728     9.6984     17.000     9.6820    24.7167     6.4165     9.1699     99.066    279.649    286.562   -0.02878    6.47700    9.25628  282.28568   14.63151 9.7940e+00     6.5664     0.5372    87.4324 0.0000e+00
        441 204.677409    0.03058     1.8351    110.107     18.174  50375.897    32.0698     9.6470     18.000     9.6178    24.7225     6.3392     9.0595     97.761    276.282    283.113   -0.02775    6.48444    9.26691  282.60842   14.64696 8.4885e+00     5.3814     0.5230    87.7442 0.0000e+00
        446 204.677423    0.03091     1.8550    111.299     19.186  50396.769    32.0750     9.5799     19.000     9.5556    24.7374     6.3304     9.0468     97.484    275.890    282.715   -0.01933    6.49379    9.28028  283.01173   14.66623 7.3532e+00     5.1137     0.5219    87.7670 0.0000e+00
        450 204.677433    0.03117     1.8702    112.214     20.192  50388.381    32.0628     9.5376     20.000     9.4986    24.7348     6.3248     9.0386     97.298    275.642    282.460   -0.01539    6.50034    9.28965  283.29814   14.67998 6.1987e+00     5.0318     0.5185    87.8421 0.0000e+00
        453 204.677443    0.03141     1.8846    113.077     21.193  50419.804    32.0759     9.4746     21.000     9.4455    24.7550     6.3311     9.0478     97.269    275.916    282.746   -0.01120    6.50884    9.30178  283.66265   14.69736 5.1675e+00     4.9454     0.5119    87.9887 0.0000e+00
        458 204.677457    0.03175     1.9050    114.303     22.204  50452.313    32.0913     9.4236     22.000     9.4047    24.7752     6.3227     9.0358     97.041    275.546    282.372   -0.00869    6.51550    9.31130  283.94758   14.71093 4.4212e+00     4.8065     0.4954    88.3517 0.0000e+00
        465 204.677477    0.03222     1.9333    115.996     23.230  50465.682    32.0921     9.3648     23.000     9.3410    24.7852     6.2718     8.9631     96.135    273.325    280.100   -0.01190    6.52393    9.32336  284.31213   14.72836 3.8884e+00     4.4080     0.4760    88.7804 0.0000e+00
        469 204.677488    0.03248     1.9489    116.932     24.232  50473.684    32.0913     9.3219     24.000     9.2913    24.7914     6.2646     8.9528     95.933    273.009    279.777   -0.01084    6.53016    9.33225  284.58172   14.74125 3.2951e+00     4.2692     0.4675    88.9696 0.0000e+00
        472 204.677498    0.03272     1.9633    117.797     25.229  50461.628    32.0736     9.2595     25.000     9.2120    24.7873     6.2643     8.9523     95.785    272.996    279.762   -0.00880    6.53991    9.34619  285.00788   14.76170 2.8372e+00     4.1289     0.4498    89.3642 0.0000e+00
        477 204.677512    0.03308     1.9846    119.076     26.248  50526.673    32.1073     9.1771     26.000     9.1607    24.8266     6.2211     8.8907     94.973    271.106    277.836   -0.01225    6.55044    9.36123  285.45580   14.78298 2.4887e+00     3.8519     0.4250    89.9188 0.0000e+00
        482 204.677526    0.03341     2.0045    120.270     27.260  50535.512    32.1090     9.1483     27.000     9.1340    24.8324     6.1812     8.8335     94.303    269.362    276.051   -0.01403    6.55455    9.36711  285.63338   14.79147 2.1740e+00     3.4303     0.4132    90.1858 0.0000e+00
        486 204.677538    0.03368     2.0209    121.251     28.262  50492.812    32.0735     9.1139     28.000     9.0587    24.8100     6.1734     8.8224     94.091    269.030    275.704   -0.01171    6.56106    9.37641  285.92311   14.80546 1.8529e+00     3.2553     0.3991    90.5052 0.0000e+00
        491 204.677551    0.03400     2.0397    122.385     29.272  50492.566    32.0527     8.9750     29.000     8.9063    24.8153     6.1472     8.7849     93.391    267.884    274.532   -0.01303    6.58222    9.40666  286.84398   14.84956 1.5820e+00     3.0214     0.3702    91.1607 0.0000e+00
        496 204.677567    0.03438     2.0626    123.757     30.288  50563.124    32.0787     8.8164     30.000     8.7810    24.8600     6.0748     8.6815     91.982    264.721    271.302   -0.02011    6.60439    9.43833  287.79752   14.89504 1.4051e+00     2.7266     0.3356    91.9526 0.0000e+00
        501 204.677581    0.03472     2.0832    124.992     31.295  50419.094    31.9561     8.6777     31.000     8.5331    24.7850     6.0272     8.6135     90.907    262.666    269.176   -0.02158    6.63017    9.47518  288.94222   14.95023 1.2732e+00     2.2067     0.2986    92.8069 0.0000e+00
        506 204.677594    0.03505     2.1027    126.162     32.306  50579.178    32.0190     8.3549     32.000     8.2865    24.8824     5.9382     8.4863     88.954    258.761    265.200   -0.03034    6.67558    9.54007  290.89334   15.04320 1.1624e+00     1.9936     0.2510    93.9177 0.0000e+00
        510 204.677607    0.03534     2.1204    127.225     33.314  50693.844    32.0834     8.2547     33.000     8.2407    24.9476     5.8444     8.3522     87.388    254.658    261.011   -0.03536    6.68786    9.55763  291.41023   15.06763 1.0256e+00     1.4804     0.2459    94.0370 0.0000e+00
        514 204.677619    0.03563     2.1377    128.262     34.323  50696.163    32.0809     8.2315     34.000     8.2134    24.9490     5.8164     8.3122     86.923    253.437    259.760   -0.02857    6.69148    9.56279  291.56707   15.07513 8.9550e-01     1.1430     0.2422    94.1249 0.0000e+00
        518 204.677631    0.03593     2.1559    129.356     35.330  50708.234    32.0840     8.2001     35.000     8.1826    24.9560     5.8168     8.3129     86.870    253.456    259.781   -0.01922    6.69608    9.56936  291.76533   15.08459 8.0730e-01     1.0553     0.2385    94.2122 0.0000e+00
        524 204.677647    0.03631     2.1788    130.727     36.342  50720.901    32.0868     8.1647     36.000     8.1503    24.9633     5.8245     8.3238     86.917    253.788    260.124   -0.01093    6.70130    9.57683  291.99096   15.09535 7.4623e-01     1.0648     0.2348    94.2979 0.0000e+00
        529 204.677663    0.03669     2.2013    132.079     37.358  50715.621    32.0777     8.1341     37.000     8.1144    24.9607     5.8275     8.3281     86.896    253.918    260.256   -0.00659    6.70633    9.58402  292.21102   15.10590 6.7580e-01     1.0147     0.2330    94.3408 0.0000e+00
        533 204.677675    0.03696     2.2180    133.080     38.362  50729.281    32.0821     8.1041     38.000     8.0913    24.9685     5.8238     8.3228     86.784    253.755    260.091   -0.00535    6.71069    9.59025  292.39868   15.11485 6.0996e-01     0.9512     0.2278    94.4647 0.0000e+00
        537 204.677686    0.03724     2.2346    134.076     39.372  50738.730    32.0857     8.0885     39.000     8.0789    24.9736     5.8124     8.3065     86.586    253.257    259.582   -0.00555    6.71289    9.59339  292.49313   15.11934 5.4946e-01     0.9326     0.2246    94.5406 0.0000e+00
        541 204.677698    0.03752     2.2513    135.076     40.380  50743.469    32.0871     8.0791     40.000     8.0706    24.9760     5.8026     8.2925     86.422    252.830    259.144   -0.00534    6.71425    9.59534  292.55174   15.12214 4.9686e-01     0.8777     0.2231    94.5754 0.0000e+00
        546 204.677711    0.03784     2.2702    136.213     41.385  50741.660    32.0831     8.0649     41.000     8.0539    24.9750     5.7952     8.2819     86.282    252.508    258.814   -0.00490    6.71660    9.59869  292.65420   15.12704 4.5051e-01     0.8554     0.2203    94.6423 0.0000e+00
        552 204.677729    0.03827     2.2963    137.776     42.406  50751.932    32.0871     8.0478     42.000     8.0400    24.9806     5.7945     8.2808     86.239    252.471    258.779   -0.00298    6.71900    9.60213  292.75756   15.13196 4.0739e-01     0.8144     0.2188    94.6771 0.0000e+00
        557 204.677743    0.03860     2.3161    138.965     43.411  50753.881    32.0865     8.0385     43.000     8.0278    24.9815     5.7869     8.2701     86.109    252.145    258.444   -0.00311    6.72044    9.60418  292.81978   15.13493 3.6652e-01     0.8132     0.2187    94.6811 0.0000e+00
        561 204.677755    0.03889     2.3333    139.996     44.422  50740.388    32.0727     8.0143     44.000     7.9771    24.9741     5.7882     8.2718     86.073    252.200    258.499   -0.00259    6.72473    9.61031  293.00865   15.14401 3.3974e-01     0.8169     0.2205    94.6365 0.0000e+00
        565 204.677766    0.03917     2.3500    140.997     45.425  50782.413    32.0899     7.9417     45.000     7.9116    24.9980     5.7859     8.2686     85.907    252.096    258.398   -0.00315    6.73505    9.62506  293.45162   15.16509 3.1104e-01     0.7734     0.2172    94.7152 0.0000e+00
        570 204.677781    0.03952     2.3711    142.266     46.442  50833.205    32.1183     7.9004     46.000     7.8934    25.0262     5.7823     8.2635     85.790    251.933    258.238   -0.00318    6.74009    9.63227  293.66344   15.17510 2.8529e-01     0.8126     0.2144    94.7809 0.0000e+00
        575 204.677794    0.03984     2.3906    143.435     47.451  50836.993    32.1197     7.8959     47.000     7.8900    25.0281     5.7824     8.2636     85.783    251.936    258.242   -0.00218    6.74071    9.63316  293.68989   15.17635 2.5828e-01     0.7684     0.2254    94.5214 0.0000e+00
        579 204.677808    0.04016     2.4096    144.578     48.455  50838.822    32.1201     7.8931     48.000     7.8875    25.0287     5.7828     8.2642     85.784    251.953    258.259   -0.00144    6.74113    9.63375  293.70786   15.17721 2.3617e-01     0.7411     0.2186    94.6834 0.0000e+00
        585 204.677823    0.04054     2.4322    145.929     49.474  50839.765    32.1199     7.8907     49.000     7.8849    25.0289     5.7778     8.2572     85.705    251.738    258.038   -0.00157    6.74152    9.63430  293.72454   15.17801 2.1560e-01     0.7099     0.2127    94.8209 0.0000e+00
        589 204.677836    0.04084     2.4507    147.044     50.472  50840.432    32.1194     7.8875     50.000     7.8806    25.0290     5.7733     8.2506     85.632    251.540    257.837   -0.00187    6.74202    9.63502  293.74646   15.17906 1.9992e-01     0.7146     0.2126    94.8227 0.0000e+00
        595 204.677853    0.04125     2.4748    148.485     51.493  50833.999    32.1123     7.8747     51.000     7.8546    25.0253     5.7780     8.2575     85.674    251.748    258.048   -0.00080    6.74428    9.63825  293.84595   15.18383 1.8582e-01     0.6962     0.2130    94.8154 0.0000e+00
        600 204.677866    0.04157     2.4938    149.629     52.499  50846.767    32.1136     7.8313     52.000     7.8014    25.0325     5.7772     8.2562     85.576    251.707    258.008   -0.00131    6.75087    9.64768  294.13131   15.19745 1.6993e-01     0.6977     0.2147    94.7741 0.0000e+00
        604 204.677878    0.04185     2.5110    150.662     53.507  50850.084    32.1051     7.7685     53.000     7.7162    25.0346     5.7737     8.2510     85.398    251.553    257.851   -0.00260    6.76090    9.66200  294.56742   15.21831 1.5812e-01     0.6939     0.2155    94.7559 0.0000e+00
