CTD-processing/allCTD/CNV/2014_08-13_t4_s08_cast040_4141.cnv
* Sea-Bird SBE19plus Data File:
* FileName = C:\Users\kris.holderied\Documents\kasitsna\Research-Projects-and-Data\Oceanography-AK\CTD-Data-ALL-to-2014-06\2014-CTD-KachemakBay-CookInlet\2014-08-13-CookInlet-Tran4-Barabara-extra\2014-08-13-CookInlet-Tran4-cast040.hex
* Software Version 1.59
* Temperature SN =  4141
* Conductivity SN =  4141
* System UpLoad Time = Oct 13 2014 01:07:53
** Cook Inlet LTM Transect 4 (Barabara) South to North
** Date: 08-13
** Station: 4-08
** Start time: 15:50
** Depth (m): 31.1
** Comment:  CTD time is Alaska Daylight time.  R/V Barnacle. Transducer  depth.
** Comment:
# nquan = 27
# nvalues = 31                          
# units = specified
# name 0 = scan: Scan Count
# name 1 = timeJ: Julian Days
# name 2 = timeH: Time, Elapsed [hours]
# name 3 = timeM: Time, Elapsed [minutes]
# name 4 = timeS: Time, Elapsed [seconds]
# name 5 = prdM: Pressure, Strain Gauge [db]
# name 6 = specc: Specific Conductance [uS/cm]
# name 7 = sal00: Salinity, Practical [PSU]
# name 8 = tv290C: Temperature [ITS-90, deg C]
# name 9 = depSM: Depth [salt water, m], lat = 59.00
# name 10 = potemp090C: Potential Temperature [ITS-90, deg C]
# name 11 = sigma-é00: Density [sigma-theta, kg/m^3]
# name 12 = sbeox0ML/L: Oxygen, SBE 43 [ml/l]
# name 13 = sbeox0Mg/L: Oxygen, SBE 43 [mg/l]
# name 14 = sbeox0PS: Oxygen, SBE 43 [% saturation]
# name 15 = sbox0Mm/Kg: Oxygen, SBE 43 [umol/kg]
# name 16 = sbeox0Mm/L: Oxygen, SBE 43 [umol/l]
# name 17 = sbox0dV/dT: Oxygen, SBE 43 [dov/dt]
# name 18 = oxsolML/L: Oxygen Saturation, Garcia & Gordon [ml/l]
# name 19 = oxsolMg/L: Oxygen Saturation, Garcia & Gordon [mg/l]
# name 20 = oxsolMm/Kg: Oxygen Saturation, Garcia & Gordon [umol/kg]
# name 21 = n2satMg/L: Nitrogen Saturation [mg/l]
# name 22 = par: PAR/Irradiance, Biospherical/Licor
# name 23 = wetStar: Fluorescence, WET Labs WETstar [mg/m^3]
# name 24 = CStarAt0: Beam Attenuation, WET Labs C-Star [1/m]
# name 25 = CStarTr0: Beam Transmission, WET Labs C-Star [%]
# name 26 = flag: flag
# span 0 =        236,        382       
# span 1 = 225.661246, 225.661670       
# span 2 =    0.01629,    0.02647       
# span 3 =     0.9773,     1.5882       
# span 4 =     58.641,     95.294       
# span 5 =      1.017,     31.261       
# span 6 =  47458.925,  49062.375       
# span 7 =    30.2899,    31.2589       
# span 8 =    10.6221,    12.0775       
# span 9 =      1.000,     31.000       
# span 10 =    10.6164,    11.9484      
# span 11 =    22.9194,    23.9293      
# span 12 =     5.6057,     5.8029      
# span 13 =     8.0111,     8.2929      
# span 14 =     88.417,     92.838      
# span 15 =    244.559,    253.244      
# span 16 =    250.349,    259.156      
# span 17 =   -0.02045,    0.01065      
# span 18 =    6.22366,    6.38107      
# span 19 =    8.89423,    9.11918      
# span 20 =  271.72015,  278.31850      
# span 21 =   14.13269,   14.44493      
# span 22 = 8.3716e-01, 1.9057e+02      
# span 23 =     0.8270,     1.3249      
# span 24 =     0.3936,     1.0349      
# span 25 =    77.2035,    90.6280      
# span 26 = 0.0000e+00, 0.0000e+00      
# interval = meters: 1                  
# start_time = Aug 13 2014 15:51:13 [Instrument's time stamp, header]
# bad_flag = -9.990e-29
*END*
        236 225.661246    0.01629     0.9773     58.641      1.017  47458.925    30.2899    12.0775      1.000    11.9484    22.9194     5.7673     8.2419     92.655    251.791    257.564    0.01052    6.22366    8.89423  271.72015   14.13269 1.9057e+02     0.8270     0.7152    84.1514 0.0000e+00
        284 225.661386    0.01964     1.1782     70.693      2.018  48168.205    30.7598    11.7342      2.000    11.6748    23.3464     5.8029     8.2929     92.838    253.244    259.156   -0.00649    6.25052    8.93261  272.77953   14.18161 1.4780e+02     0.9151     0.5225    87.7854 0.0000e+00
        290 225.661404    0.02010     1.2062     72.372      3.031  48406.481    30.9150    11.6029      3.000    11.5726    23.4903     5.7664     8.2407     92.088    251.617    257.527   -0.01201    6.26185    8.94880  273.23561   14.20285 1.1921e+02     0.9671     0.4209    90.0125 0.0000e+00
        295 225.661417    0.02041     1.2241     73.448      4.039  48466.591    30.9511    11.5446      4.000    11.5256    23.5289     5.7061     8.1547     91.034    248.978    254.837   -0.01746    6.26817    8.95785  273.50158   14.21545 1.1211e+02     0.9305     0.4021    90.4368 0.0000e+00
        299 225.661429    0.02068     1.2411     74.465      5.047  48493.707    30.9660    11.5080      5.000    11.4825    23.5470     5.6608     8.0899     90.249    246.997    252.812   -0.02045    6.27249    8.96401  273.68471   14.22416 1.0347e+02     0.8559     0.3936    90.6280 0.0000e+00
        303 225.661441    0.02096     1.2580     75.479      6.058  48550.857    31.0007    11.4567      6.000    11.4402    23.5831     5.6677     8.0996     90.279    247.286    253.118   -0.01326    6.27797    8.97184  273.91433   14.23503 1.0683e+02     0.8674     0.4025    90.4261 0.0000e+00
        307 225.661452    0.02123     1.2737     76.420      7.068  48569.322    31.0109    11.4336      7.000    11.4254    23.5951     5.6776     8.1139     90.398    247.717    253.562   -0.00750    6.28066    8.97569  274.02847   14.24045 9.7999e+01     1.0092     0.4062    90.3439 0.0000e+00
        310 225.661462    0.02148     1.2888     77.327      8.076  48581.064    31.0177    11.4237      8.000    11.4210    23.6022     5.6825     8.1209     90.462    247.930    253.782   -0.00465    6.28171    8.97720  274.07278   14.24255 8.6353e+01     1.0818     0.4041    90.3891 0.0000e+00
        314 225.661473    0.02173     1.3037     78.221      9.088  48587.701    31.0218    11.4210      9.000    11.4186    23.6059     5.6852     8.1246     90.500    248.043    253.897   -0.00260    6.28192    8.97748  274.08021   14.24289 7.7551e+01     1.1458     0.4139    90.1711 0.0000e+00
        317 225.661482    0.02196     1.3179     79.072     10.094  48589.780    31.0225    11.4179     10.000    11.4118    23.6070     5.6758     8.1112     90.345    247.633    253.478   -0.00319    6.28230    8.97803  274.09697   14.24369 6.5994e+01     1.1912     0.4290    89.8292 0.0000e+00
        321 225.661492    0.02220     1.3320     79.918     11.107  48603.905    31.0312    11.4096     11.000    11.4075    23.6153     5.6656     8.0967     90.173    247.188    253.025   -0.00441    6.28307    8.97913  274.12812   14.24515 5.5792e+01     1.2248     0.4379    89.6310 0.0000e+00
        324 225.661502    0.02243     1.3459     80.752     12.107  48612.011    31.0365    11.4090     12.000    11.4073    23.6195     5.6727     8.1069     90.288    247.498    253.344   -0.00243    6.28294    8.97895  274.12141   14.24481 4.8133e+01     1.2040     0.4484    89.3959 0.0000e+00
        328 225.661513    0.02271     1.3624     81.745     13.129  48614.290    31.0376    11.4083     13.000    11.4046    23.6205     5.6784     8.1149     90.376    247.743    253.595   -0.00018    6.28298    8.97901  274.12297   14.24488 4.0623e+01     1.3249     0.4516    89.3245 0.0000e+00
        332 225.661524    0.02296     1.3774     82.644     14.132  48622.429    31.0423    11.4024     14.000    11.3921    23.6252     5.6698     8.1027     90.231    247.368    253.212   -0.00175    6.28360    8.97989  274.14847   14.24609 3.3989e+01     1.2802     0.4572    89.1999 0.0000e+00
        335 225.661534    0.02320     1.3921     83.528     15.149  48641.533    31.0536    11.3849     15.000    11.3689    23.6371     5.6670     8.0987     90.160    247.244    253.088   -0.00216    6.28549    8.98259  274.22790   14.24984 2.8556e+01     1.2774     0.5033    88.1787 0.0000e+00
        338 225.661542    0.02341     1.4046     84.279     16.150  48666.069    31.0683    11.3641     16.000    11.3523    23.6523     5.6637     8.0940     90.076    247.097    252.942   -0.00237    6.28770    8.98575  274.32034   14.25422 2.3543e+01     1.1949     0.5724    86.6671 0.0000e+00
        341 225.661551    0.02362     1.4173     85.041     17.161  48682.195    31.0780    11.3515     17.000    11.3467    23.6620     5.6532     8.0790     89.891    246.636    252.471   -0.00365    6.28901    8.98762  274.37492   14.25679 1.9340e+01     1.2121     0.6215    85.6067 0.0000e+00
        344 225.661561    0.02383     1.4300     85.802     18.173  48681.015    31.0764    11.3471     18.000    11.3372    23.6615     5.6387     8.0583     89.650    246.003    251.824   -0.00506    6.28966    8.98855  274.40353   14.25817 1.5782e+01     1.2050     0.6432    85.1461 0.0000e+00
        347 225.661568    0.02404     1.4421     86.528     19.179  48683.507    31.0762    11.3338     19.000    11.3208    23.6639     5.6230     8.0358     89.375    245.316    251.121   -0.00679    6.29145    8.99111  274.48088   14.26188 1.2887e+01     1.1217     0.6714    84.5477 0.0000e+00
        350 225.661577    0.02424     1.4544     87.263     20.189  48696.296    31.0834    11.3203     20.000    11.3129    23.6718     5.6106     8.0180     89.156    244.773    250.567   -0.00753    6.29299    8.99330  274.54567   14.26494 1.0544e+01     1.1028     0.6938    84.0757 0.0000e+00
        353 225.661586    0.02445     1.4668     88.010     21.199  48697.044    31.0827    11.3125     21.000    11.3004    23.6726     5.6057     8.0111     89.063    244.559    250.349   -0.00674    6.29407    8.99485  274.59265   14.26720 8.4991e+00     1.0775     0.7041    83.8587 0.0000e+00
        356 225.661594    0.02465     1.4793     88.756     22.209  48704.253    31.0858    11.2979     22.000    11.2859    23.6776     5.6064     8.0121     89.049    244.590    250.382   -0.00529    6.29590    8.99746  274.67116   14.27095 6.8057e+00     1.0556     0.7292    83.3351 0.0000e+00
        359 225.661603    0.02486     1.4915     89.488     23.218  48703.525    31.0832    11.2826     23.000    11.2665    23.6784     5.6124     8.0207     89.114    244.854    250.651   -0.00330    6.29807    9.00057  274.76584   14.27550 5.4318e+00     1.0632     0.7466    82.9737 0.0000e+00
        362 225.661612    0.02506     1.5038     90.225     24.230  48717.665    31.0909    11.2648     24.000    11.2539    23.6875     5.6163     8.0262     89.145    245.019    250.822   -0.00213    6.30016    9.00355  274.85441   14.27971 4.3286e+00     1.0608     0.7579    82.7399 0.0000e+00
        365 225.661619    0.02527     1.5158     90.950     25.238  48719.835    31.0907    11.2530     25.000    11.2311    23.6894     5.6275     8.0422     89.300    245.507    251.323   -0.00039    6.30175    9.00584  274.92356   14.28303 3.4279e+00     1.0599     0.7754    82.3785 0.0000e+00
        368 225.661628    0.02547     1.5278     91.668     26.247  48700.690    31.0726    11.2154     26.000    11.1581    23.6820     5.6314     8.0478     89.279    245.679    251.497    0.00018    6.30757    9.01414  275.17917   14.29534 2.7259e+00     1.0401     0.7944    81.9869 0.0000e+00
        371 225.661637    0.02566     1.5398     92.386     27.256  48730.158    31.0843    11.1354     27.000    11.0554    23.7051     5.6295     8.0451     89.103    245.591    251.412   -0.00177    6.31792    9.02894  275.62460   14.31663 2.1810e+00     1.0127     0.7777    82.3300 0.0000e+00
        373 225.661645    0.02586     1.5519     93.112     28.269  48660.700    31.0218    11.0195     28.000    10.8091    23.6766     5.6330     8.0502     88.903    245.753    251.571   -0.00360    6.33618    9.05503  276.42872   14.35539 1.7774e+00     1.0039     0.7430    83.0478 0.0000e+00
        376 225.661653    0.02606     1.5635     93.808     29.275  48892.278    31.1541    10.7467     29.000    10.6491    23.8265     5.6306     8.0466     88.417    245.610    251.461   -0.00671    6.36817    9.10076  277.78389   14.41976 1.3957e+00     1.0165     0.8961    79.9347 0.0000e+00
        379 225.661661    0.02625     1.5750     94.503     30.284  49028.258    31.2379    10.6438     30.000    10.6196    23.9091     5.6550     8.0815     88.651    246.653    252.550   -0.00562    6.37893    9.11614  278.23087   14.44082 1.0766e+00     0.9487     0.9860    78.1534 0.0000e+00
        382 225.661670    0.02647     1.5882     95.294     31.261  49062.375    31.2589    10.6221     31.000    10.6164    23.9293     5.7680     8.2431     90.393    251.581    257.601    0.01065    6.38107    9.11918  278.31850   14.44493 8.3716e-01     1.0155     1.0349    77.2035 0.0000e+00
