CTD-processing/allCTD/CNV/2014_04-06_t6_s07_cast244_5028.cnv
* Sea-Bird SBE19plus Data File:
* FileName = C:\Users\kris.holderied\Documents\kasitsna\Research-Projects-and-Data\Oceanography-AK\CTD-CookInlet-GulfWatchAK\2014-04-EVOSTC-CookInlet-Ocean\2014-04-06-CookInlet-Tran6-Douglas\2014-04-06-CookInlet-Tran6-cast244.hex
* Software Version 1.59
* Temperature SN =  5028
* Conductivity SN =  5028
* System UpLoad Time = Apr 09 2014 11:25:55
** Cook Inlet LTM Transect 6 (Douglas) east to west
** Date: 6 Apr 2014
** Station: 6-07
** Start time: 11:01
** Depth (m): 126
** Comment:  CTD instrument time is AK Daylight time
** Comment:
# nquan = 27
# nvalues = 118                         
# units = specified
# name 0 = scan: Scan Count
# name 1 = timeJ: Julian Days
# name 2 = timeH: Time, Elapsed [hours]
# name 3 = timeM: Time, Elapsed [minutes]
# name 4 = timeS: Time, Elapsed [seconds]
# name 5 = prdM: Pressure, Strain Gauge [db]
# name 6 = specc: Specific Conductance [uS/cm]
# name 7 = sal00: Salinity, Practical [PSU]
# name 8 = tv290C: Temperature [ITS-90, deg C]
# name 9 = depSM: Depth [salt water, m], lat = 59.00
# name 10 = potemp090C: Potential Temperature [ITS-90, deg C]
# name 11 = sigma-é00: Density [sigma-theta, kg/m^3]
# name 12 = sbeox0ML/L: Oxygen, SBE 43 [ml/l]
# name 13 = sbeox0Mg/L: Oxygen, SBE 43 [mg/l]
# name 14 = sbeox0PS: Oxygen, SBE 43 [% saturation]
# name 15 = sbox0Mm/Kg: Oxygen, SBE 43 [umol/kg]
# name 16 = sbeox0Mm/L: Oxygen, SBE 43 [umol/l]
# name 17 = sbox0dV/dT: Oxygen, SBE 43 [dov/dt]
# name 18 = oxsolML/L: Oxygen Saturation, Garcia & Gordon [ml/l]
# name 19 = oxsolMg/L: Oxygen Saturation, Garcia & Gordon [mg/l]
# name 20 = oxsolMm/Kg: Oxygen Saturation, Garcia & Gordon [umol/kg]
# name 21 = potemp090C: Potential Temperature [ITS-90, deg C]
# name 22 = n2satMg/L: Nitrogen Saturation [mg/l]
# name 23 = par: PAR/Irradiance, Biospherical/Licor
# name 24 = flECO-AFL: Fluorescence, WET Labs ECO-AFL/FL [mg/m^3]
# name 25 = turbWETntu0: Turbidity, WET Labs ECO [NTU]
# name 26 = flag: flag
# span 0 =         47,        926       
# span 1 =  96.459241,  96.461785       
# span 2 =    0.00317,    0.06423       
# span 3 =     0.1899,     3.8536       
# span 4 =     11.396,    231.218       
# span 5 =      1.010,    119.148       
# span 6 =  51063.408,  51573.566       
# span 7 =    31.7028,    31.9982       
# span 8 =     4.7327,     4.7957       
# span 9 =      1.000,    118.000       
# span 10 =     4.7308,     4.7873      
# span 11 =    25.0905,    25.3190      
# span 12 =     5.9972,     7.5480      
# span 13 =     8.5707,    10.7868      
# span 14 =     82.398,    104.022      
# span 15 =    261.287,    328.786      
# span 16 =    267.837,    337.093      
# span 17 =   -0.00415,    0.02018      
# span 18 =    7.25224,    7.27825      
# span 19 =   10.36417,   10.40134      
# span 20 =  315.88728,  317.09791      
# span 21 =     4.7327,     4.7873      
# span 22 =   16.23501,   16.29380      
# span 23 = 3.7912e-02, 9.7349e+01      
# span 24 =     0.3378,     0.6318      
# span 25 =     0.3584,     0.7161      
# span 26 = 0.0000e+00, 0.0000e+00      
# interval = meters: 1                  
# start_time = Apr 06 2014 11:01:07 [Instrument's time stamp, header]
# bad_flag = -9.990e-29
*END*
         47  96.459241    0.00317     0.1899     11.396      1.010  51063.408    31.7028     4.7327      1.000     4.7308    25.0905     5.9972     8.5707     82.398    261.287    267.837   -0.00415    7.27825   10.40134  317.09791     4.7327   16.29380 9.7349e+01     0.3378     0.7161 0.0000e+00
        280  96.459916    0.01937     1.1619     69.712      2.019  51296.164    31.8566     4.7543      2.000     4.7524    25.2102     6.7808     9.6904     93.318    295.381    302.827    0.02018    7.26635   10.38434  316.53561     4.7541   16.26643 7.5722e+01     0.3579     0.3740 0.0000e+00
        297  96.459965    0.02057     1.2338     74.029      3.028  51311.250    31.8652     4.7506      3.000     4.7500    25.2174     6.8177     9.7432     93.824    296.991    304.480    0.01593    7.26654   10.38461  316.54118     4.7504   16.26665 7.0920e+01     0.3800     0.3619 0.0000e+00
        303  96.459984    0.02100     1.2604     75.623      4.038  51313.629    31.8662     4.7503      4.000     4.7502    25.2183     6.7823     9.6925     93.336    295.445    302.895    0.01055    7.26654   10.38462  316.54113     4.7500   16.26665 5.8793e+01     0.3800     0.3863 0.0000e+00
        308  96.459997    0.02131     1.2788     76.731      5.048  51313.655    31.8658     4.7504      5.000     4.7499    25.2179     6.7697     9.6745     93.162    294.895    302.331    0.00816    7.26654   10.38462  316.54127     4.7501   16.26666 5.0522e+01     0.3985     0.4026 0.0000e+00
        313  96.460011    0.02166     1.2993     77.960      6.057  51314.001    31.8654     4.7499      6.000     4.7494    25.2177     6.7793     9.6883     93.293    295.316    302.763    0.00688    7.26665   10.38477  316.54594     4.7495   16.26687 4.5533e+01     0.4245     0.3943 0.0000e+00
        319  96.460029    0.02209     1.3256     79.533      7.066  51314.498    31.8652     4.7497      7.000     4.7493    25.2175     6.8114     9.7341     93.734    296.713    304.196    0.00640    7.26669   10.38483  316.54782     4.7493   16.26697 4.2233e+01     0.4568     0.3794 0.0000e+00
        326  96.460049    0.02258     1.3546     81.275      8.075  51314.598    31.8647     4.7496      8.000     4.7489    25.2172     6.8452     9.7824     94.199    298.186    305.705    0.00595    7.26674   10.38490  316.54999     4.7490   16.26707 4.1482e+01     0.4589     0.3651 0.0000e+00
        332  96.460068    0.02302     1.3809     82.857      9.085  51315.263    31.8646     4.7492      9.000     4.7484    25.2172     6.8814     9.8343     94.697    299.765    307.324    0.00582    7.26681   10.38500  316.55328     4.7486   16.26723 4.1789e+01     0.5148     0.3665 0.0000e+00
        338  96.460083    0.02337     1.4021     84.129     10.095  51316.362    31.8648     4.7490     10.000     4.7484    25.2173     6.9502     9.9326     95.643    302.762    310.397    0.00726    7.26683   10.38503  316.55402     4.7483   16.26727 4.0702e+01     0.5406     0.3754 0.0000e+00
        345  96.460105    0.02390     1.4342     86.050     11.104  51316.664    31.8645     4.7490     11.000     4.7482    25.2171     7.0061    10.0125     96.413    305.198    312.894    0.00726    7.26685   10.38505  316.55492     4.7483   16.26731 4.0129e+01     0.5794     0.3659 0.0000e+00
        352  96.460124    0.02437     1.4621     87.725     12.113  51319.992    31.8664     4.7493     12.000     4.7491    25.2185     7.0344    10.0529     96.803    306.429    314.156    0.00643    7.26671   10.38486  316.54843     4.7485   16.26700 3.7678e+01     0.5733     0.3751 0.0000e+00
        358  96.460143    0.02481     1.4886     89.314     13.123  51328.515    31.8724     4.7524     13.000     4.7529    25.2230     7.0938    10.1378     97.633    309.018    316.812    0.00715    7.26588   10.38367  316.51085     4.7515   16.26518 3.5279e+01     0.5880     0.3684 0.0000e+00
        364  96.460159    0.02521     1.5128     90.765     14.133  51332.196    31.8752     4.7560     14.000     4.7557    25.2249     7.1320    10.1924     98.169    310.681    318.518    0.00699    7.26511   10.38257  316.47684     4.7550   16.26355 3.2919e+01     0.6006     0.3657 0.0000e+00
        370  96.460177    0.02564     1.5387     92.321     15.142  51335.758    31.8776     4.7580     15.000     4.7574    25.2266     7.1713    10.2486     98.716    312.393    320.274    0.00682    7.26464   10.38190  316.45580     4.7570   16.26254 3.0431e+01     0.6318     0.3748 0.0000e+00
        376  96.460195    0.02605     1.5634     93.803     16.152  51335.294    31.8769     4.7589     16.000     4.7575    25.2260     7.1953    10.2829     99.048    313.437    321.344    0.00614    7.26453   10.38174  316.45119     4.7577   16.26233 2.8278e+01     0.6247     0.3786 0.0000e+00
        382  96.460210    0.02643     1.5859     95.152     17.161  51336.243    31.8771     4.7586     17.000     4.7574    25.2261     7.2224    10.3215     99.419    314.615    322.551    0.00584    7.26457   10.38180  316.45293     4.7574   16.26241 2.5914e+01     0.6227     0.3859 0.0000e+00
        387  96.460227    0.02683     1.6095     96.568     18.170  51339.809    31.8792     4.7593     18.000     4.7586    25.2277     7.2587    10.3735     99.923    316.198    324.175    0.00594    7.26435   10.38147  316.44248     4.7580   16.26190 2.3472e+01     0.6215     0.3825 0.0000e+00
        394  96.460245    0.02726     1.6360     98.158     19.180  51342.114    31.8806     4.7608     19.000     4.7596    25.2287     7.2874    10.4144    100.322    317.446    325.455    0.00557    7.26401   10.38099  316.42743     4.7595   16.26118 2.1714e+01     0.6059     0.3782 0.0000e+00
        400  96.460263    0.02769     1.6616     99.693     20.190  51342.020    31.8800     4.7610     20.000     4.7595    25.2282     7.2983    10.4301    100.472    317.922    325.944    0.00461    7.26402   10.38101  316.42802     4.7595   16.26121 1.9990e+01     0.6122     0.3691 0.0000e+00
        404  96.460275    0.02799     1.6789    100.734     21.199  51343.263    31.8804     4.7610     21.000     4.7596    25.2285     7.3085    10.4447    100.613    318.368    326.401    0.00420    7.26399   10.38096  316.42668     4.7595   16.26114 1.8087e+01     0.6087     0.3865 0.0000e+00
        408  96.460288    0.02829     1.6977    101.861     22.209  51344.660    31.8809     4.7613     22.000     4.7599    25.2289     7.3393    10.4887    101.038    319.709    327.775    0.00459    7.26391   10.38085  316.42302     4.7598   16.26097 1.6475e+01     0.5911     0.3789 0.0000e+00
        415  96.460307    0.02876     1.7254    103.521     23.218  51345.081    31.8808     4.7616     23.000     4.7600    25.2288     7.3705    10.5331    101.468    321.065    329.165    0.00460    7.26385   10.38076  316.42054     4.7600   16.26085 1.5077e+01     0.5891     0.3678 0.0000e+00
        420  96.460321    0.02911     1.7463    104.776     24.227  51347.605    31.8821     4.7619     24.000     4.7606    25.2298     7.3716    10.5348    101.485    321.115    329.217    0.00371    7.26374   10.38061  316.41556     4.7603   16.26061 1.3614e+01     0.6001     0.3712 0.0000e+00
        425  96.460335    0.02943     1.7661    105.966     25.237  51351.122    31.8842     4.7629     25.000     4.7615    25.2314     7.3790    10.5453    101.590    321.435    329.545    0.00326    7.26346   10.38021  316.40294     4.7612   16.26000 1.2444e+01     0.5950     0.3803 0.0000e+00
        430  96.460351    0.02981     1.7885    107.307     26.247  51354.923    31.8865     4.7640     26.000     4.7625    25.2331     7.3962    10.5700    101.832    322.187    330.317    0.00322    7.26316   10.37978  316.38931     4.7622   16.25934 1.1289e+01     0.5731     0.3698 0.0000e+00
        436  96.460368    0.03022     1.8128    108.770     27.257  51358.518    31.8888     4.7652     27.000     4.7636    25.2347     7.4127    10.5935    102.063    322.903    331.051    0.00310    7.26285   10.37934  316.37506     4.7633   16.25865 1.0232e+01     0.5744     0.3746 0.0000e+00
        442  96.460384    0.03060     1.8358    110.145     28.266  51360.824    31.8901     4.7660     28.000     4.7642    25.2357     7.4229    10.6081    102.207    323.348    331.508    0.00281    7.26264   10.37904  316.36590     4.7641   16.25821 9.2935e+00     0.5777     0.3757 0.0000e+00
        446  96.460396    0.03088     1.8532    111.192     29.276  51361.121    31.8898     4.7662     29.000     4.7640    25.2355     7.4246    10.6105    102.231    323.422    331.584    0.00237    7.26263   10.37903  316.36536     4.7641   16.25819 8.4055e+00     0.5784     0.3759 0.0000e+00
        451  96.460411    0.03125     1.8751    112.508     30.285  51361.906    31.8898     4.7661     30.000     4.7640    25.2355     7.4309    10.6195    102.317    323.696    331.864    0.00208    7.26263   10.37903  316.36555     4.7640   16.25820 7.6664e+00     0.5733     0.3781 0.0000e+00
        457  96.460429    0.03169     1.9014    114.086     31.295  51363.891    31.8907     4.7662     31.000     4.7641    25.2362     7.4409    10.6339    102.457    324.135    332.314    0.00193    7.26257   10.37894  316.36254     4.7640   16.25805 6.8914e+00     0.5760     0.3773 0.0000e+00
        462  96.460442    0.03199     1.9196    115.179     32.305  51365.531    31.8914     4.7664     32.000     4.7642    25.2367     7.4464    10.6416    102.532    324.370    332.556    0.00176    7.26251   10.37885  316.35976     4.7641   16.25792 6.1879e+00     0.5670     0.3809 0.0000e+00
        466  96.460455    0.03232     1.9390    116.343     33.314  51369.195    31.8935     4.7667     33.000     4.7646    25.2384     7.4530    10.6510    102.624    324.655    332.849    0.00167    7.26234   10.37862  316.35207     4.7644   16.25754 5.6307e+00     0.5689     0.3789 0.0000e+00
        472  96.460471    0.03270     1.9618    117.706     34.324  51370.982    31.8943     4.7672     34.000     4.7647    25.2390     7.4647    10.6678    102.788    325.166    333.373    0.00173    7.26223   10.37845  316.34682     4.7648   16.25729 5.1055e+00     0.5622     0.3667 0.0000e+00
        477  96.460485    0.03303     1.9817    118.901     35.333  51370.572    31.8935     4.7671     35.000     4.7645    25.2383     7.4748    10.6823    102.927    325.609    333.827    0.00177    7.26229   10.37853  316.34955     4.7646   16.25742 4.6071e+00     0.5491     0.3687 0.0000e+00
        481  96.460498    0.03333     2.0001    120.006     36.343  51371.031    31.8933     4.7670     36.000     4.7644    25.2382     7.4686    10.6735    102.841    325.339    333.550    0.00119    7.26232   10.37858  316.35093     4.7644   16.25749 4.1800e+00     0.5527     0.3726 0.0000e+00
        486  96.460512    0.03367     2.0203    121.217     37.353  51372.499    31.8938     4.7672     37.000     4.7646    25.2386     7.4857    10.6979    103.078    326.084    334.314    0.00153    7.26226   10.37850  316.34831     4.7645   16.25736 3.8110e+00     0.5461     0.3802 0.0000e+00
        491  96.460526    0.03401     2.0404    122.425     38.362  51373.233    31.8939     4.7675     38.000     4.7648    25.2387     7.5009    10.7194    103.286    326.740    334.987    0.00187    7.26220   10.37841  316.34578     4.7647   16.25724 3.4593e+00     0.5458     0.4347 0.0000e+00
        495  96.460538    0.03431     2.0585    123.509     39.371  51373.505    31.8936     4.7675     39.000     4.7647    25.2385     7.4997    10.7177    103.269    326.688    334.934    0.00146    7.26220   10.37841  316.34579     4.7648   16.25724 3.1372e+00     0.5669     0.4414 0.0000e+00
        500  96.460552    0.03464     2.0784    124.704     40.381  51375.095    31.8941     4.7673     40.000     4.7644    25.2389     7.4937    10.7092    103.187    326.429    334.668    0.00091    7.26221   10.37842  316.34589     4.7645   16.25724 2.8535e+00     0.5719     0.3878 0.0000e+00
        506  96.460569    0.03505     2.1031    126.185     41.391  51377.319    31.8951     4.7671     41.000     4.7643    25.2397     7.4996    10.7176    103.268    326.683    334.929    0.00087    7.26220   10.37840  316.34526     4.7642   16.25721 2.5815e+00     0.5576     0.3687 0.0000e+00
        510  96.460583    0.03538     2.1227    127.364     42.401  51382.311    31.8981     4.7674     42.000     4.7646    25.2420     7.5087    10.7308    103.398    327.084    335.341    0.00104    7.26201   10.37813  316.33623     4.7644   16.25677 2.3230e+00     0.5499     0.3749 0.0000e+00
        515  96.460595    0.03568     2.1408    128.450     43.410  51384.648    31.8993     4.7679     43.000     4.7649    25.2429     7.5151    10.7398    103.488    327.362    335.626    0.00109    7.26186   10.37794  316.32980     4.7648   16.25646 2.1135e+00     0.5226     0.3787 0.0000e+00
        520  96.460611    0.03605     2.1634    129.803     44.420  51385.234    31.8992     4.7680     44.000     4.7649    25.2429     7.5189    10.7453    103.540    327.528    335.796    0.00098    7.26184   10.37790  316.32871     4.7649   16.25641 1.9350e+00     0.5279     0.3773 0.0000e+00
        525  96.460626    0.03642     2.1852    131.109     45.430  51384.663    31.8983     4.7679     45.000     4.7647    25.2422     7.5186    10.7448    103.534    327.513    335.780    0.00072    7.26190   10.37799  316.33167     4.7648   16.25655 1.7614e+00     0.5472     0.3760 0.0000e+00
        530  96.460641    0.03676     2.2058    132.350     46.439  51388.333    31.9004     4.7680     46.000     4.7651    25.2438     7.5215    10.7490    103.576    327.638    335.909    0.00064    7.26178   10.37782  316.32601     4.7648   16.25628 1.6069e+00     0.5510     0.3835 0.0000e+00
        536  96.460656    0.03712     2.2273    133.640     47.449  51395.341    31.9049     4.7691     47.000     4.7662    25.2473     7.5269    10.7567    103.657    327.875    336.153    0.00072    7.26138   10.37723  316.30711     4.7658   16.25536 1.4598e+00     0.5372     0.3832 0.0000e+00
        540  96.460670    0.03746     2.2477    134.863     48.459  51397.507    31.9060     4.7699     48.000     4.7667    25.2481     7.5282    10.7586    103.677    327.930    336.210    0.00060    7.26118   10.37695  316.29831     4.7665   16.25494 1.3252e+00     0.5163     0.3678 0.0000e+00
        546  96.460686    0.03786     2.2717    136.302     49.468  51401.252    31.9083     4.7706     49.000     4.7673    25.2498     7.5322    10.7642    103.736    328.103    336.388    0.00059    7.26096   10.37663  316.28805     4.7671   16.25444 1.2039e+00     0.5035     0.3604 0.0000e+00
        552  96.460704    0.03829     2.2975    137.850     50.478  51405.075    31.9106     4.7713     50.000     4.7681    25.2516     7.5321    10.7641    103.737    328.097    336.382    0.00042    7.26073   10.37630  316.27748     4.7677   16.25392 1.0888e+00     0.4811     0.3679 0.0000e+00
        558  96.460720    0.03867     2.3203    139.218     51.488  51409.407    31.9133     4.7725     51.000     4.7691    25.2536     7.5265    10.7561    103.665    327.854    336.133    0.00009    7.26038   10.37581  316.26184     4.7689   16.25317 9.8903e-01     0.4692     0.3704 0.0000e+00
        563  96.460734    0.03901     2.3406    140.435     52.498  51410.981    31.9140     4.7731     52.000     4.7696    25.2542     7.5270    10.7569    103.675    327.877    336.158    0.00006    7.26024   10.37561  316.25554     4.7694   16.25287 8.9957e-01     0.4685     0.3787 0.0000e+00
        568  96.460749    0.03937     2.3624    141.745     53.507  51411.962    31.9143     4.7735     53.000     4.7699    25.2543     7.5287    10.7593    103.700    327.951    336.233    0.00008    7.26015   10.37547  316.25132     4.7698   16.25266 8.2159e-01     0.4799     0.3749 0.0000e+00
