CTD-processing/allCTD/CNV/2014_07-23_t6_s20_cast215_4141.cnv
* Sea-Bird SBE19plus Data File:
* FileName = C:\Users\kris.holderied\Documents\kasitsna\Research-Projects-and-Data\Oceanography-AK\CTD-Data-ALL-to-2014-06\2014-CTD-KachemakBay-CookInlet\2014-07-EVOSTC-CookInlet-quarterly\2014-07-23-CookInlet-Tran6-Douglas\2014-07-23-CookInlet-Tran6-cast215.hex
* Software Version 1.59
* Temperature SN =  4141
* Conductivity SN =  4141
* System UpLoad Time = Jul 23 2014 23:44:19
** Cook Inlet LTM Transect 6 (Douglas) East to West
** Date: 07-23
** Station: 6-20
** Start time: 16:39
** Depth (m): 174
** Comment:  CTD time is Alaska Daylight time.  Transducer  depth (transducer is 9 ft).
** Comment:
# nquan = 27
# nvalues = 173                         
# units = specified
# name 0 = scan: Scan Count
# name 1 = timeJ: Julian Days
# name 2 = timeH: Time, Elapsed [hours]
# name 3 = timeM: Time, Elapsed [minutes]
# name 4 = timeS: Time, Elapsed [seconds]
# name 5 = prdM: Pressure, Strain Gauge [db]
# name 6 = specc: Specific Conductance [uS/cm]
# name 7 = sal00: Salinity, Practical [PSU]
# name 8 = tv290C: Temperature [ITS-90, deg C]
# name 9 = depSM: Depth [salt water, m], lat = 59.00
# name 10 = potemp090C: Potential Temperature [ITS-90, deg C]
# name 11 = sigma-é00: Density [sigma-theta, kg/m^3]
# name 12 = sbeox0ML/L: Oxygen, SBE 43 [ml/l]
# name 13 = sbeox0Mg/L: Oxygen, SBE 43 [mg/l]
# name 14 = sbeox0PS: Oxygen, SBE 43 [% saturation]
# name 15 = sbox0Mm/Kg: Oxygen, SBE 43 [umol/kg]
# name 16 = sbeox0Mm/L: Oxygen, SBE 43 [umol/l]
# name 17 = sbox0dV/dT: Oxygen, SBE 43 [dov/dt]
# name 18 = oxsolML/L: Oxygen Saturation, Garcia & Gordon [ml/l]
# name 19 = oxsolMg/L: Oxygen Saturation, Garcia & Gordon [mg/l]
# name 20 = oxsolMm/Kg: Oxygen Saturation, Garcia & Gordon [umol/kg]
# name 21 = n2satMg/L: Nitrogen Saturation [mg/l]
# name 22 = par: PAR/Irradiance, Biospherical/Licor
# name 23 = wetStar: Fluorescence, WET Labs WETstar [mg/m^3]
# name 24 = CStarAt0: Beam Attenuation, WET Labs C-Star [1/m]
# name 25 = CStarTr0: Beam Transmission, WET Labs C-Star [%]
# name 26 = flag: flag
# span 0 =         33,       1179       
# span 1 = 204.694145, 204.697461       
# span 2 =    0.00225,    0.08183       
# span 3 =     0.1352,     4.9097       
# span 4 =      8.114,    294.577       
# span 5 =      1.009,    174.662       
# span 6 =  49213.792,  51596.601       
# span 7 =    31.4435,    32.3946       
# span 8 =     6.7697,    11.1072       
# span 9 =      1.000,    173.000       
# span 10 =     6.7547,    10.9528      
# span 11 =    23.9895,    25.3987      
# span 12 =     5.2634,     6.6178      
# span 13 =     7.5218,     9.4575      
# span 14 =     77.797,    104.480      
# span 15 =    229.560,    288.571      
# span 16 =    235.061,    295.553      
# span 17 =   -0.03337,    0.00955      
# span 18 =    6.30769,    6.90440      
# span 19 =    9.01432,    9.86707      
# span 20 =  275.10721,  300.71260      
# span 21 =   14.29044,   15.51040      
# span 22 = 4.7829e-02, 1.8395e+02      
# span 23 =     0.5034,     4.8461      
# span 24 =     0.2232,     5.0393      
# span 25 =    35.0397,    94.5722      
# span 26 = 0.0000e+00, 0.0000e+00      
# interval = meters: 1                  
# start_time = Jul 23 2014 16:39:26 [Instrument's time stamp, header]
# bad_flag = -9.990e-29
*END*
[from data line 108]
        828 204.696443    0.05740     3.4443    206.657    110.070  51443.612    32.3883     7.1571    109.000     7.1465    25.3422     5.4529     7.7928     79.683    237.510    243.528   -0.00138    6.84327    9.77972  298.06678   15.38418 4.8577e-02     0.7460     0.2822    93.1895 0.0000e+00
        831 204.696453    0.05766     3.4595    207.571    111.071  51443.860    32.3878     7.1560    110.000     7.1449    25.3420     5.4423     7.7777     79.526    237.048    243.056   -0.00258    6.84348    9.78000  298.07559   15.38461 4.8285e-02     0.7223     0.2829    93.1719 0.0000e+00
        835 204.696463    0.05790     3.4741    208.443    112.066  51444.865    32.3877     7.1543    111.000     7.1432    25.3422     5.4464     7.7834     79.582    237.225    243.237   -0.00161    6.84375    9.78041  298.08773   15.38519 4.8424e-02     0.7253     0.2831    93.1682 0.0000e+00
        842 204.696484    0.05839     3.5036    210.218    113.092  51448.025    32.3891     7.1522    112.000     7.1416    25.3435     5.4507     7.7895     79.641    237.410    243.426   -0.00041    6.84402    9.78078  298.09883   15.38571 4.8349e-02     0.7265     0.2847    93.1299 0.0000e+00
        848 204.696501    0.05879     3.5274    211.644    114.104  51446.906    32.3875     7.1501    113.000     7.1372    25.3426     5.4550     7.7957     79.699    237.597    243.618    0.00021    6.84443    9.78137  298.11710   15.38659 4.8389e-02     0.7159     0.2872    93.0728 0.0000e+00
        851 204.696511    0.05904     3.5422    212.529    115.108  51446.398    32.3857     7.1448    114.000     7.1303    25.3418     5.4515     7.7907     79.638    237.448    243.464   -0.00041    6.84532    9.78266  298.15647   15.38848 4.8608e-02     0.7184     0.2910    92.9837 0.0000e+00
        855 204.696521    0.05928     3.5569    213.414    116.110  51450.023    32.3865     7.1381    115.000     7.1243    25.3435     5.4481     7.7859     79.577    237.299    243.313   -0.00102    6.84635    9.78412  298.20064   15.39058 4.8238e-02     0.7298     0.2922    92.9548 0.0000e+00
        860 204.696538    0.05968     3.5809    214.854    117.124  51456.348    32.3892     7.1311    116.000     7.1194    25.3466     5.4523     7.7919     79.626    237.480    243.499   -0.00033    6.84734    9.78553  298.24282   15.39258 4.8153e-02     0.7229     0.2911    92.9820 0.0000e+00
        868 204.696560    0.06020     3.6122    216.731    118.145  51457.936    32.3893     7.1282    117.000     7.1161    25.3470     5.4460     7.7829     79.529    237.206    243.218   -0.00099    6.84778    9.78615  298.26162   15.39348 4.8282e-02     0.7199     0.2949    92.8913 0.0000e+00
        872 204.696572    0.06051     3.6306    217.839    119.149  51460.817    32.3903     7.1250    118.000     7.1133    25.3482     5.4492     7.7874     79.570    237.344    243.360   -0.00053    6.84824    9.78683  298.28167   15.39444 4.8326e-02     0.7113     0.2975    92.8320 0.0000e+00
        877 204.696585    0.06080     3.6483    218.895    120.154  51460.833    32.3894     7.1227    119.000     7.1102    25.3478     5.4498     7.7882     79.574    237.369    243.386   -0.00019    6.84864    9.78740  298.29909   15.39527 4.8288e-02     0.7123     0.3008    92.7569 0.0000e+00
        882 204.696599    0.06116     3.6694    220.164    121.164  51464.088    32.3905     7.1187    120.000     7.1068    25.3493     5.4382     7.7716     79.398    236.863    242.867   -0.00165    6.84923    9.78823  298.32411   15.39646 4.8155e-02     0.7064     0.3020    92.7284 0.0000e+00
        888 204.696618    0.06162     3.6971    221.827    122.181  51466.439    32.3914     7.1171    121.000     7.1061    25.3501     5.4361     7.7687     79.366    236.774    242.776   -0.00130    6.84944    9.78852  298.33296   15.39688 4.8114e-02     0.7078     0.3010    92.7495 0.0000e+00
        894 204.696635    0.06201     3.7205    223.232    123.185  51466.663    32.3910     7.1168    122.000     7.1049    25.3499     5.4417     7.7767     79.446    237.016    243.024   -0.00018    6.84950    9.78862  298.33600   15.39702 4.7983e-02     0.7164     0.3027    92.7110 0.0000e+00
        900 204.696652    0.06243     3.7460    224.759    124.202  51467.606    32.3905     7.1132    123.000     7.1008    25.3500     5.4393     7.7733     79.405    236.914    242.920   -0.00042    6.85009    9.78946  298.36147   15.39824 4.8070e-02     0.7075     0.3039    92.6850 0.0000e+00
        905 204.696667    0.06278     3.7668    226.009    125.209  51470.949    32.3920     7.1111    124.000     7.1000    25.3515     5.4268     7.7554     79.219    236.367    242.359   -0.00196    6.85035    9.78983  298.37242   15.39876 4.8102e-02     0.7145     0.3084    92.5813 0.0000e+00
        910 204.696680    0.06310     3.7860    227.158    126.214  51469.905    32.3908     7.1109    125.000     7.0984    25.3506     5.4334     7.7649     79.314    236.657    242.656   -0.00063    6.85045    9.78997  298.37697   15.39898 4.8049e-02     0.7034     0.3052    92.6533 0.0000e+00
        916 204.696698    0.06352     3.8115    228.689    127.232  51472.972    32.3920     7.1083    126.000     7.0965    25.3519     5.4376     7.7709     79.372    236.841    242.845    0.00006    6.85080    9.79048  298.39198   15.39969 4.8101e-02     0.7040     0.3055    92.6463 0.0000e+00
        921 204.696713    0.06388     3.8329    229.972    128.242  51473.129    32.3915     7.1075    127.000     7.0953    25.3516     5.4366     7.7695     79.356    236.795    242.799   -0.00010    6.85096    9.79070  298.39878   15.40002 4.8188e-02     0.7103     0.3074    92.6028 0.0000e+00
        925 204.696725    0.06418     3.8507    231.045    129.240  51473.945    32.3913     7.1061    128.000     7.0938    25.3517     5.4348     7.7669     79.327    236.718    242.719   -0.00049    6.85118    9.79101  298.40835   15.40047 4.7996e-02     0.7110     0.3078    92.5938 0.0000e+00
        933 204.696747    0.06471     3.8826    232.953    130.265  51476.136    32.3920     7.1041    129.000     7.0918    25.3525     5.4325     7.7636     79.290    236.618    242.616   -0.00054    6.85146    9.79142  298.42058   15.40106 4.8194e-02     0.7166     0.3100    92.5414 0.0000e+00
        938 204.696762    0.06507     3.9043    234.256    131.271  51476.166    32.3912     7.1023    130.000     7.0892    25.3521     5.4309     7.7613     79.263    236.549    242.546   -0.00072    6.85178    9.79187  298.43425   15.40171 4.8013e-02     0.7040     0.3102    92.5367 0.0000e+00
        942 204.696775    0.06538     3.9227    235.363    132.273  51477.362    32.3908     7.0985    131.000     7.0847    25.3524     5.4338     7.7654     79.297    236.672    242.672   -0.00019    6.85239    9.79275  298.46098   15.40299 4.8078e-02     0.7025     0.3155    92.4170 0.0000e+00
        949 204.696794    0.06582     3.9495    236.968    133.293  51481.513    32.3925     7.0941    132.000     7.0816    25.3543     5.4319     7.7626     79.263    236.588    242.587   -0.00050    6.85300    9.79363  298.48713   15.40423 4.7974e-02     0.7068     0.3762    91.0383 0.0000e+00
        954 204.696808    0.06617     3.9705    238.229    134.304  51481.172    32.3915     7.0920    133.000     7.0777    25.3537     5.4276     7.7566     79.196    236.402    242.396   -0.00088    6.85338    9.79415  298.50344   15.40501 4.8122e-02     0.7045     0.3075    92.5978 0.0000e+00
        958 204.696819    0.06644     3.9862    239.174    135.299  51480.833    32.3896     7.0859    134.000     7.0697    25.3531     5.4315     7.7621     79.240    236.573    242.571   -0.00054    6.85443    9.79566  298.54956   15.40722 4.8013e-02     0.6964     0.3197    92.3174 0.0000e+00
        965 204.696842    0.06698     4.0187    241.119    136.326  51482.271    32.3871     7.0691    135.000     7.0510    25.3534     5.4289     7.7585     79.171    236.460    242.455   -0.00084    6.85719    9.79961  298.66967   15.41296 4.7955e-02     0.7016     0.3392    91.8701 0.0000e+00
        971 204.696858    0.06735     4.0413    242.481    137.332  51483.567    32.3846     7.0530    136.000     7.0310    25.3536     5.4246     7.7523     79.077    236.272    242.262   -0.00161    6.85984    9.80340  298.78533   15.41849 4.7893e-02     0.6828     0.3570    91.4615 0.0000e+00
        975 204.696868    0.06761     4.0567    243.404    138.334  51488.251    32.3838     7.0332    137.000     7.0112    25.3556     5.4295     7.7594     79.113    236.487    242.483   -0.00073    6.86301    9.80794  298.92296   15.42506 4.8147e-02     0.6894     0.3696    91.1731 0.0000e+00
        979 204.696881    0.06791     4.0747    244.481    139.347  51499.280    32.3879     7.0160    138.000     6.9970    25.3611     5.4302     7.7604     79.094    236.517    242.516   -0.00077    6.86554    9.81154  299.03117   15.43021 4.8160e-02     0.6755     0.3742    91.0693 0.0000e+00
        985 204.696898    0.06834     4.1004    246.026    140.357  51508.946    32.3914     7.0005    139.000     6.9844    25.3659     5.4156     7.7394     78.855    235.876    241.860   -0.00223    6.86783    9.81482  299.12973   15.43489 4.8029e-02     0.6724     0.3638    91.3063 0.0000e+00
        993 204.696920    0.06887     4.1323    247.940    141.382  51506.997    32.3869     6.9866    140.000     6.9653    25.3643     5.4033     7.7219     78.648    235.343    241.313   -0.00276    6.87023    9.81826  299.23486   15.43993 4.8299e-02     0.6577     0.3560    91.4855 0.0000e+00
        996 204.696931    0.06913     4.1473    248.840    142.373  51508.103    32.3838     6.9676    141.000     6.9449    25.3643     5.4081     7.7287     78.682    235.552    241.527   -0.00185    6.87337    9.82273  299.37131   15.44645 4.7942e-02     0.6611     0.3546    91.5162 0.0000e+00
       1002 204.696947    0.06951     4.1704    250.224    143.388  51525.251    32.3918     6.9492    142.000     6.9335    25.3732     5.4080     7.7287     78.652    235.547    241.523   -0.00133    6.87593    9.82640  299.48044   15.45162 4.8055e-02     0.6508     0.3640    91.3019 0.0000e+00
       1008 204.696966    0.06996     4.1974    251.842    144.407  51521.689    32.3867     6.9373    143.000     6.9153    25.3707     5.3959     7.7112     78.451    235.017    240.980   -0.00250    6.87805    9.82942  299.57343   15.45608 4.7829e-02     0.6354     0.3635    91.3125 0.0000e+00
       1012 204.696977    0.07024     4.2144    252.867    145.405  51509.487    32.3728     6.9103    144.000     6.8780    25.3633     5.3991     7.7158     78.441    235.157    241.121   -0.00185    6.88296    9.83644  299.78946   15.46644 4.8024e-02     0.6277     0.3907    90.6944 0.0000e+00
       1018 204.696994    0.07063     4.2376    254.255    146.419  51539.114    32.3851     6.8680    145.000     6.8463    25.3786     5.3991     7.7159     78.371    235.156    241.124   -0.00172    6.88914    9.84527  300.05403   15.47901 4.8034e-02     0.6151     0.4381    89.6265 0.0000e+00
       1024 204.697012    0.07107     4.2640    255.841    147.431  51549.046    32.3871     6.8445    146.000     6.8248    25.3833     5.3926     7.7065     78.234    234.868    240.830   -0.00215    6.89278    9.85048  300.21123   15.48650 4.8129e-02     0.5957     0.4695    88.9267 0.0000e+00
       1030 204.697029    0.07148     4.2886    257.318    148.440  51559.344    32.3907     6.8277    147.000     6.8115    25.3883     5.3861     7.6972     78.112    234.584    240.540   -0.00219    6.89529    9.85405  300.31902   15.49163 4.8097e-02     0.5868     0.5034    88.1754 0.0000e+00
       1036 204.697046    0.07188     4.3129    258.774    149.455  51560.478    32.3892     6.8179    148.000     6.8007    25.3884     5.3774     7.6849     77.968    234.209    240.155   -0.00265    6.89692    9.85639  300.39026   15.49504 4.8042e-02     0.5780     0.5244    87.7133 0.0000e+00
       1041 204.697059    0.07220     4.3319    259.911    150.459  51567.848    32.3927     6.8111    149.000     6.7967    25.3920     5.3860     7.6971     78.083    234.582    240.538   -0.00093    6.89785    9.85771  300.42935   15.49688 4.8172e-02     0.5851     0.5433    87.3002 0.0000e+00
       1046 204.697076    0.07259     4.3556    261.336    151.469  51571.373    32.3946     6.8108    150.000     6.7983    25.3936     5.3864     7.6977     78.088    234.599    240.556   -0.00048    6.89781    9.85767  300.42740   15.49679 4.8181e-02     0.5639     0.5411    87.3475 0.0000e+00
       1053 204.697095    0.07306     4.3836    263.017    152.485  51568.695    32.3926     6.8125    151.000     6.7979    25.3918     5.3832     7.6931     78.044    234.460    240.414   -0.00059    6.89763    9.85741  300.42002   15.49644 4.8055e-02     0.5711     0.5363    87.4529 0.0000e+00
       1059 204.697111    0.07345     4.4071    264.426    153.489  51571.521    32.3931     6.8078    152.000     6.7943    25.3929     5.3829     7.6928     78.032    234.448    240.402   -0.00063    6.89836    9.85845  300.45148   15.49794 4.8057e-02     0.5716     0.5425    87.3186 0.0000e+00
       1065 204.697131    0.07391     4.4348    266.086    154.504  51570.423    32.3923     6.8100    153.000     6.7950    25.3919     5.3825     7.6921     78.029    234.430    240.382   -0.00044    6.89804    9.85799  300.43792   15.49730 4.8228e-02     0.5672     0.5416    87.3362 0.0000e+00
       1071 204.697147    0.07430     4.4581    267.489    155.510  51572.921    32.3927     6.8053    154.000     6.7910    25.3929     5.3847     7.6952     78.053    234.525    240.480   -0.00015    6.89878    9.85904  300.46951   15.49881 4.8230e-02     0.5689     0.5546    87.0529 0.0000e+00
       1077 204.697165    0.07473     4.4842    269.054    156.523  51573.080    32.3919     6.8029    155.000     6.7878    25.3925     5.3765     7.6835     77.929    234.166    240.113   -0.00108    6.89919    9.85963  300.48774   15.49968 4.8092e-02     0.5666     0.5545    87.0563 0.0000e+00
       1083 204.697182    0.07514     4.5081    270.484    157.534  51575.861    32.3927     6.7997    156.000     6.7853    25.3936     5.3809     7.6898     77.987    234.358    240.308   -0.00031    6.89967    9.86031  300.50808   15.50064 4.8134e-02     0.5601     0.5641    86.8460 0.0000e+00
       1088 204.697196    0.07548     4.5286    271.714    158.540  51576.958    32.3927     6.7982    157.000     6.7840    25.3939     5.3846     7.6951     78.039    234.522    240.477    0.00019    6.89990    9.86065  300.51825   15.50112 4.8130e-02     0.5651     0.5676    86.7710 0.0000e+00
       1094 204.697214    0.07592     4.5552    273.314    159.550  51578.463    32.3934     6.7984    158.000     6.7844    25.3943     5.3830     7.6928     78.016    234.451    240.404   -0.00012    6.89985    9.86058  300.51603   15.50102 4.8160e-02     0.5625     0.5651    86.8255 0.0000e+00
       1102 204.697237    0.07646     4.5872    275.233    160.568  51578.086    32.3926     6.7982    159.000     6.7837    25.3938     5.3772     7.6845     77.931    234.198    240.145   -0.00081    6.89990    9.86065  300.51838   15.50114 4.8131e-02     0.5587     0.5619    86.8939 0.0000e+00
       1107 204.697250    0.07679     4.6074    276.445    161.575  51580.915    32.3940     6.7976    160.000     6.7835    25.3950     5.3849     7.6955     78.042    234.530    240.487    0.00019    6.89996    9.86072  300.52031   15.50122 4.8338e-02     0.5619     0.5722    86.6711 0.0000e+00
       1111 204.697263    0.07708     4.6250    277.499    162.583  51580.269    32.3930     6.7976    161.000     6.7830    25.3942     5.3864     7.6978     78.064    234.601    240.558    0.00047    6.90001    9.86079  300.52252   15.50133 4.8366e-02     0.5556     0.5729    86.6566 0.0000e+00
