CTD-processing/allCTD/CNV/2014_07-23_t6_s01_cast196_4141.cnv
* Sea-Bird SBE19plus Data File:
* FileName = C:\Users\kris.holderied\Documents\kasitsna\Research-Projects-and-Data\Oceanography-AK\CTD-Data-ALL-to-2014-06\2014-CTD-KachemakBay-CookInlet\2014-07-EVOSTC-CookInlet-quarterly\2014-07-23-CookInlet-Tran6-Douglas\2014-07-23-CookInlet-Tran6-cast196.hex
* Software Version 1.59
* Temperature SN =  4141
* Conductivity SN =  4141
* System UpLoad Time = Jul 23 2014 23:17:19
** Cook Inlet LTM Transect 6 (Douglas) East to West
** Date: 07-23
** Station: 6-01
** Start time: 08:40
** Depth (m): 31.6
** Comment:  CTD time is Alaska Daylight time.  Transducer  depth (transducer is 9 ft).
** Comment:
# nquan = 27
# nvalues = 33                          
# units = specified
# name 0 = scan: Scan Count
# name 1 = timeJ: Julian Days
# name 2 = timeH: Time, Elapsed [hours]
# name 3 = timeM: Time, Elapsed [minutes]
# name 4 = timeS: Time, Elapsed [seconds]
# name 5 = prdM: Pressure, Strain Gauge [db]
# name 6 = specc: Specific Conductance [uS/cm]
# name 7 = sal00: Salinity, Practical [PSU]
# name 8 = tv290C: Temperature [ITS-90, deg C]
# name 9 = depSM: Depth [salt water, m], lat = 59.00
# name 10 = potemp090C: Potential Temperature [ITS-90, deg C]
# name 11 = sigma-é00: Density [sigma-theta, kg/m^3]
# name 12 = sbeox0ML/L: Oxygen, SBE 43 [ml/l]
# name 13 = sbeox0Mg/L: Oxygen, SBE 43 [mg/l]
# name 14 = sbeox0PS: Oxygen, SBE 43 [% saturation]
# name 15 = sbox0Mm/Kg: Oxygen, SBE 43 [umol/kg]
# name 16 = sbeox0Mm/L: Oxygen, SBE 43 [umol/l]
# name 17 = sbox0dV/dT: Oxygen, SBE 43 [dov/dt]
# name 18 = oxsolML/L: Oxygen Saturation, Garcia & Gordon [ml/l]
# name 19 = oxsolMg/L: Oxygen Saturation, Garcia & Gordon [mg/l]
# name 20 = oxsolMm/Kg: Oxygen Saturation, Garcia & Gordon [umol/kg]
# name 21 = n2satMg/L: Nitrogen Saturation [mg/l]
# name 22 = par: PAR/Irradiance, Biospherical/Licor
# name 23 = wetStar: Fluorescence, WET Labs WETstar [mg/m^3]
# name 24 = CStarAt0: Beam Attenuation, WET Labs C-Star [1/m]
# name 25 = CStarTr0: Beam Transmission, WET Labs C-Star [%]
# name 26 = flag: flag
# span 0 =         19,        540       
# span 1 = 204.361405, 204.362915       
# span 2 =    0.00123,    0.03745       
# span 3 =     0.0740,     2.2473       
# span 4 =      4.440,    134.835       
# span 5 =      1.005,     33.300       
# span 6 =  49606.340,  50140.771       
# span 7 =    31.5276,    31.7710       
# span 8 =     8.7540,     9.7494       
# span 9 =      1.000,     33.000       
# span 10 =     8.7501,     9.7390      
# span 11 =    24.3040,    24.6286      
# span 12 =     5.4181,     6.1958      
# span 13 =     7.7430,     8.8544      
# span 14 =     83.515,     95.291      
# span 15 =    236.216,    270.140      
# span 16 =    241.971,    276.706      
# span 17 =   -0.02245,   -0.00126      
# span 18 =    6.48821,    6.62679      
# span 19 =    9.27230,    9.47035      
# span 20 =  282.87200,  288.83869      
# span 21 =   14.66134,   14.94604      
# span 22 = 8.3222e-01, 9.9823e+01      
# span 23 =     1.5784,     3.8071      
# span 24 =     0.2976,     0.4909      
# span 25 =    88.4496,    92.8307      
# span 26 = 0.0000e+00, 0.0000e+00      
# interval = meters: 1                  
# start_time = Jul 23 2014 08:40:21 [Instrument's time stamp, header]
# bad_flag = -9.990e-29
*END*
         19 204.361405    0.00123     0.0740      4.440      1.005  49722.838    31.6294     9.7494      1.000     9.7390    24.3620     5.4181     7.7430     83.515    236.216    241.971   -0.02245    6.48821    9.27230  282.87200   14.66134 9.9823e+01     1.8876     0.4768    88.7619 0.0000e+00
        432 204.362600    0.02990     1.7943    107.657      2.028  49610.539    31.5404     9.6783      2.000     9.6691    24.3040     6.1958     8.8544     95.291    270.140    276.706   -0.00231    6.50207    9.29211  283.49253   14.69138 7.9227e+01     3.4458     0.4909    88.4496 0.0000e+00
        431 204.362599    0.02987     1.7925    107.550      3.032  49617.039    31.5424     9.6617      3.000     9.6503    24.3081     6.1887     8.8443     95.147    269.828    276.388   -0.00225    6.50435    9.29537  283.59090   14.69608 5.7754e+01     3.5256     0.4846    88.5901 0.0000e+00
        434 204.362608    0.03010     1.8057    108.341      4.043  49620.507    31.5420     9.6434      4.000     9.6260    24.3109     6.1855     8.8397     95.059    269.686    276.242   -0.00222    6.50700    9.29915  283.70555   14.70156 4.2519e+01     3.8071     0.4777    88.7433 0.0000e+00
        437 204.362617    0.03030     1.8176    109.054      5.046  49606.340    31.5276     9.6135      5.000     9.5690    24.3044     6.1733     8.8222     94.800    269.158    275.699   -0.00411    6.51188    9.30613  283.92013   14.71189 3.4656e+01     3.7671     0.4600    89.1384 0.0000e+00
        440 204.362625    0.03050     1.8299    109.792      6.053  49631.323    31.5357     9.5457      6.000     9.5000    24.3215     6.1506     8.7899     94.317    268.165    274.687   -0.00757    6.52128    9.31956  284.32506   14.73121 2.9112e+01     3.6362     0.4342    89.7128 0.0000e+00
        444 204.362635    0.03073     1.8439    110.636      7.061  49688.312    31.5666     9.4803      7.000     9.4579    24.3561     6.1088     8.7302     93.559    266.335    272.822   -0.01269    6.52938    9.33114  284.66874   14.74753 2.5520e+01     3.4980     0.4218    89.9913 0.0000e+00
        448 204.362646    0.03101     1.8607    111.644      8.073  49727.978    31.5896     9.4470      8.000     9.4447    24.3793     6.0605     8.6611     92.765    264.221    270.663   -0.01644    6.53321    9.33661  284.82926   14.75511 2.2455e+01     3.5551     0.4210    90.0102 0.0000e+00
        452 204.362659    0.03133     1.8798    112.790      9.088  49731.430    31.5919     9.4493      9.000     9.4501    24.3808     6.0354     8.6253     92.387    263.126    269.542   -0.01434    6.53280    9.33601  284.81066   14.75421 1.9437e+01     3.4038     0.4173    90.0947 0.0000e+00
        456 204.362671    0.03161     1.8962    113.773     10.097  49721.765    31.5848     9.4498     10.000     9.4414    24.3751     6.0338     8.6229     92.357    263.056    269.468   -0.01011    6.53302    9.33634  284.82234   14.75480 1.6704e+01     3.1261     0.4158    90.1274 0.0000e+00
        460 204.362681    0.03185     1.9108    114.650     11.106  49731.856    31.5896     9.4365     11.000     9.4288    24.3810     6.0462     8.6406     92.525    263.597    270.024   -0.00569    6.53473    9.33878  284.89487   14.75825 1.4418e+01     3.3514     0.4205    90.0235 0.0000e+00
        463 204.362691    0.03208     1.9251    115.504     12.110  49714.150    31.5746     9.4208     12.000     9.3845    24.3718     6.0527     8.6499     92.583    263.883    270.315   -0.00312    6.53762    9.34292  285.02383   14.76447 1.2481e+01     3.3869     0.4145    90.1557 0.0000e+00
        467 204.362702    0.03234     1.9402    116.412     13.124  49751.600    31.5912     9.3521     13.000     9.3180    24.3955     6.0481     8.6433     92.382    263.675    270.108   -0.00384    6.54687    9.35613  285.42002   14.78335 1.0877e+01     3.3376     0.4003    90.4767 0.0000e+00
        470 204.362712    0.03259     1.9554    117.327     14.132  49796.051    31.6150     9.3013     14.000     9.2819    24.4222     6.0215     8.6053     91.886    262.508    268.919   -0.00724    6.55322    9.36521  285.68974   14.79615 9.5260e+00     3.1112     0.3929    90.6448 0.0000e+00
        474 204.362723    0.03284     1.9705    118.231     15.143  49820.663    31.6282     9.2744     15.000     9.2631    24.4367     5.9903     8.5608     91.364    261.147    267.529   -0.01035    6.55657    9.36999  285.83155   14.80287 8.2664e+00     3.0945     0.3876    90.7645 0.0000e+00
        477 204.362733    0.03309     1.9852    119.113     16.152  49832.141    31.6335     9.2578     16.000     9.2501    24.4434     5.9704     8.5323     91.029    260.275    266.637   -0.01080    6.55876    9.37311  285.92484   14.80732 7.1831e+00     2.7843     0.3840    90.8466 0.0000e+00
        481 204.362743    0.03332     1.9997    119.981     17.158  49836.740    31.6349     9.2477     17.000     9.2398    24.4462     5.9612     8.5192     90.870    259.876    266.229   -0.00946    6.56016    9.37512  285.98550   14.81021 6.2299e+00     2.7926     0.3783    90.9757 0.0000e+00
        485 204.362754    0.03358     2.0150    120.901     18.170  49846.597    31.6403     9.2393     18.000     9.2360    24.4516     5.9604     8.5181     90.844    259.840    266.194   -0.00697    6.56116    9.37654  286.02720   14.81219 5.4422e+00     2.5540     0.3764    91.0200 0.0000e+00
        488 204.362764    0.03385     2.0310    121.858     19.182  49845.665    31.6387     9.2361     19.000     9.2286    24.4510     5.9664     8.5266     90.928    260.100    266.459   -0.00405    6.56168    9.37730  286.05066   14.81331 4.7367e+00     2.7522     0.3754    91.0422 0.0000e+00
        492 204.362775    0.03411     2.0464    122.781     20.192  49837.015    31.6302     9.2215     20.000     9.2008    24.4465     5.9652     8.5248     90.874    260.047    266.404   -0.00302    6.56417    9.38085  286.16016   14.81858 4.1120e+00     2.7617     0.3713    91.1352 0.0000e+00
        496 204.362785    0.03435     2.0609    123.655     21.197  49853.159    31.6364     9.1880     21.000     9.1665    24.4566     5.9532     8.5078     90.629    259.524    265.871   -0.00448    6.56878    9.38744  286.35831   14.82803 3.5825e+00     2.8199     0.3636    91.3120 0.0000e+00
        499 204.362796    0.03460     2.0762    124.573     22.210  49871.445    31.6439     9.1526     22.000     9.1286    24.4680     5.9419     8.4916     90.390    259.028    265.366   -0.00558    6.57363    9.39438  286.56663   14.83796 3.1389e+00     2.6403     0.3546    91.5177 0.0000e+00
        503 204.362807    0.03485     2.0912    125.475     23.225  49884.459    31.6466     9.1099     23.000     9.0698    24.4768     5.9326     8.4784     90.166    258.623    264.954   -0.00603    6.57974    9.40311  286.83068   14.85057 2.7474e+00     2.4463     0.3493    91.6381 0.0000e+00
        506 204.362815    0.03507     2.1041    126.245     24.228  49874.859    31.6299     9.0432     24.000     8.9448    24.4740     5.9218     8.4628     89.858    258.149    264.466   -0.00726    6.59021    9.41808  287.28802   14.87250 2.4109e+00     2.4006     0.3450    91.7352 0.0000e+00
        509 204.362824    0.03528     2.1168    127.007     25.231  49985.170    31.6850     8.8902     25.000     8.8180    24.5406     5.8952     8.4249     89.181    256.974    263.280   -0.01120    6.61035    9.44686  288.14698   14.91333 2.1223e+00     2.2804     0.3213    92.2816 0.0000e+00
        513 204.362835    0.03554     2.1323    127.937     26.243  50107.714    31.7565     8.7922     26.000     8.7798    24.6114     5.8442     8.3519     88.257    254.730    260.999   -0.01694    6.62176    9.46315  288.62414   14.93584 1.8920e+00     2.2448     0.3051    92.6544 0.0000e+00
        517 204.362848    0.03585     2.1510    129.059     27.258  50123.164    31.7654     8.7821     27.000     8.7784    24.6200     5.7941     8.2803     87.485    252.545    258.762   -0.01843    6.62287    9.46475  288.67033   14.93802 1.6843e+00     1.8706     0.3050    92.6590 0.0000e+00
        522 204.362861    0.03615     2.1688    130.126     28.272  50124.213    31.7652     8.7784     28.000     8.7753    24.6203     5.7875     8.2709     87.379    252.258    258.469   -0.01330    6.62343    9.46554  288.69443   14.93917 1.4943e+00     1.6536     0.3003    92.7656 0.0000e+00
        525 204.362870    0.03639     2.1831    130.986     29.281  50125.706    31.7659     8.7793     29.000     8.7761    24.6208     5.7881     8.2718     87.390    252.285    258.497   -0.00939    6.62327    9.46532  288.68748   14.93883 1.3194e+00     1.5993     0.3048    92.6636 0.0000e+00
        528 204.362879    0.03660     2.1959    131.755     30.282  50122.642    31.7630     8.7775     30.000     8.7711    24.6188     5.7868     8.2698     87.365    252.226    258.436   -0.00720    6.62364    9.46585  288.70435   14.93965 1.1809e+00     1.7212     0.3057    92.6414 0.0000e+00
        531 204.362889    0.03683     2.2100    132.598     31.288  50124.524    31.7630     8.7711     31.000     8.7616    24.6197     5.7869     8.2702     87.356    252.236    258.446   -0.00537    6.62460    9.46722  288.74590   14.94164 1.0553e+00     1.8160     0.2995    92.7864 0.0000e+00
        536 204.362901    0.03713     2.2282    133.690     32.304  50134.629    31.7680     8.7597     32.000     8.7534    24.6254     5.7922     8.2777     87.416    252.464    258.681   -0.00307    6.62608    9.46932  288.80840   14.94460 9.4445e-01     1.5784     0.2984    92.8135 0.0000e+00
        540 204.362915    0.03745     2.2473    134.835     33.300  50140.771    31.7710     8.7540     33.000     8.7501    24.6286     5.8015     8.2909     87.547    252.867    259.095   -0.00126    6.62679    9.47035  288.83869   14.94604 8.3222e-01     1.6004     0.2976    92.8307 0.0000e+00
