CTD-processing/allCTD/CNV/2014_07-24_t7_s20_cast019_4141.cnv
* Sea-Bird SBE19plus Data File:
* FileName = C:\Users\kris.holderied\Documents\kasitsna\Research-Projects-and-Data\Oceanography-AK\CTD-Data-ALL-to-2014-06\2014-CTD-KachemakBay-CookInlet\2014-07-EVOSTC-CookInlet-quarterly\2014-07-24-CookInlet-Tran7-Augustine\2014-07-24-CookInlet-Tran7-cast019.hex
* Software Version 1.59
* Temperature SN =  4141
* Conductivity SN =  4141
* System UpLoad Time = Jul 24 2014 17:33:02
** Cook Inlet LTM Transect 7 (Augustine) West to East
** Date: 07-24
** Station: 7-20
** Start time: 15:28
** Depth (m): 83.2
** Comment:  CTD time is Alaska Daylight time.  Transducer  depth (transducer is 9 ft).
** Comment:
# nquan = 27
# nvalues = 83                          
# units = specified
# name 0 = scan: Scan Count
# name 1 = timeJ: Julian Days
# name 2 = timeH: Time, Elapsed [hours]
# name 3 = timeM: Time, Elapsed [minutes]
# name 4 = timeS: Time, Elapsed [seconds]
# name 5 = prdM: Pressure, Strain Gauge [db]
# name 6 = specc: Specific Conductance [uS/cm]
# name 7 = sal00: Salinity, Practical [PSU]
# name 8 = tv290C: Temperature [ITS-90, deg C]
# name 9 = depSM: Depth [salt water, m], lat = 59.00
# name 10 = potemp090C: Potential Temperature [ITS-90, deg C]
# name 11 = sigma-é00: Density [sigma-theta, kg/m^3]
# name 12 = sbeox0ML/L: Oxygen, SBE 43 [ml/l]
# name 13 = sbeox0Mg/L: Oxygen, SBE 43 [mg/l]
# name 14 = sbeox0PS: Oxygen, SBE 43 [% saturation]
# name 15 = sbox0Mm/Kg: Oxygen, SBE 43 [umol/kg]
# name 16 = sbeox0Mm/L: Oxygen, SBE 43 [umol/l]
# name 17 = sbox0dV/dT: Oxygen, SBE 43 [dov/dt]
# name 18 = oxsolML/L: Oxygen Saturation, Garcia & Gordon [ml/l]
# name 19 = oxsolMg/L: Oxygen Saturation, Garcia & Gordon [mg/l]
# name 20 = oxsolMm/Kg: Oxygen Saturation, Garcia & Gordon [umol/kg]
# name 21 = n2satMg/L: Nitrogen Saturation [mg/l]
# name 22 = par: PAR/Irradiance, Biospherical/Licor
# name 23 = wetStar: Fluorescence, WET Labs WETstar [mg/m^3]
# name 24 = CStarAt0: Beam Attenuation, WET Labs C-Star [1/m]
# name 25 = CStarTr0: Beam Transmission, WET Labs C-Star [%]
# name 26 = flag: flag
# span 0 =        238,        852       
# span 1 = 205.645777, 205.647556       
# span 2 =    0.01643,    0.05913       
# span 3 =     0.9856,     3.5476       
# span 4 =     59.139,    212.858       
# span 5 =      1.006,     83.781       
# span 6 =  49041.624,  50292.150       
# span 7 =    31.2583,    31.8252       
# span 8 =     8.5512,    10.9145       
# span 9 =      1.000,     83.000       
# span 10 =     8.5436,    10.9061      
# span 11 =    23.9241,    24.7021      
# span 12 =     5.7288,     6.6432      
# span 13 =     8.1870,     9.4938      
# span 14 =     86.088,    104.820      
# span 15 =    249.678,    289.747      
# span 16 =    255.846,    296.686      
# span 17 =   -0.04264,    0.01159      
# span 18 =    6.33694,    6.65463      
# span 19 =    9.05612,    9.51012      
# span 20 =  276.38709,  290.03146      
# span 21 =   14.35204,   15.00282      
# span 22 = 5.2936e-02, 2.3113e+02      
# span 23 =     1.4181,     5.0236      
# span 24 =     0.2537,     1.0021      
# span 25 =    80.0429,    93.8529      
# span 26 = 0.0000e+00, 0.0000e+00      
# interval = meters: 1                  
# start_time = Jul 24 2014 15:28:56 [Instrument's time stamp, header]
# bad_flag = -9.990e-29
*END*
[from data line 54]
        718 205.647168    0.04981     2.9886    179.317     55.519  50271.657    31.8232     8.5538     55.000     8.5481    24.6998     5.7421     8.2060     86.290    250.259    256.440   -0.00118    6.65431    9.50967  290.01798   15.00218 2.3062e-01     1.5098     0.2600    93.7061 0.0000e+00
        723 205.647183    0.05016     3.0093    180.556     56.536  50272.648    31.8234     8.5538     56.000     8.5481    24.7000     5.7403     8.2034     86.265    250.183    256.362   -0.00080    6.65428    9.50964  290.01702   15.00213 2.1050e-01     1.5223     0.2591    93.7282 0.0000e+00
        728 205.647197    0.05051     3.0304    181.823     57.550  50273.404    31.8234     8.5534     57.000     8.5475    24.7001     5.7335     8.1938     86.162    249.887    256.060   -0.00180    6.65434    9.50972  290.01950   15.00225 1.9068e-01     1.4996     0.2595    93.7188 0.0000e+00
        732 205.647209    0.05079     3.0475    182.850     58.554  50273.968    31.8234     8.5538     58.000     8.5484    24.7001     5.7404     8.2035     86.266    250.185    256.364   -0.00022    6.65428    9.50964  290.01693   15.00213 1.7292e-01     1.4783     0.2581    93.7509 0.0000e+00
        737 205.647221    0.05109     3.0652    183.912     59.565  50273.783    31.8229     8.5537     59.000     8.5469    24.6997     5.7428     8.2070     86.301    250.291    256.472    0.00012    6.65432    9.50969  290.01859   15.00221 1.5788e-01     1.5435     0.2586    93.7388 0.0000e+00
        741 205.647234    0.05138     3.0830    184.977     60.572  50275.582    31.8235     8.5530     60.000     8.5469    24.7003     5.7413     8.2049     86.278    250.227    256.408   -0.00026    6.65441    9.50981  290.02222   15.00238 1.4458e-01     1.4825     0.2589    93.7336 0.0000e+00
        746 205.647248    0.05174     3.1046    186.273     61.584  50276.253    31.8236     8.5529     61.000     8.5468    24.7003     5.7470     8.2131     86.364    250.477    256.664    0.00052    6.65441    9.50981  290.02216   15.00237 1.3352e-01     1.4820     0.2579    93.7552 0.0000e+00
        752 205.647265    0.05212     3.1273    187.639     62.602  50277.191    31.8237     8.5525     62.000     8.5460    24.7006     5.7451     8.2103     86.334    250.391    256.575   -0.00005    6.65447    9.50989  290.02454   15.00249 1.2336e-01     1.5227     0.2569    93.7779 0.0000e+00
        756 205.647276    0.05240     3.1441    188.644     63.602  50278.112    31.8239     8.5524     63.000     8.5462    24.7007     5.7411     8.2047     86.275    250.219    256.399   -0.00065    6.65446    9.50990  290.02455   15.00249 1.1358e-01     1.4841     0.2572    93.7716 0.0000e+00
        760 205.647289    0.05270     3.1620    189.723     64.611  50278.477    31.8238     8.5528     64.000     8.5466    24.7006     5.7391     8.2018     86.245    250.130    256.308   -0.00090    6.65442    9.50984  290.02290   15.00242 1.0582e-01     1.5403     0.2599    93.7087 0.0000e+00
        765 205.647303    0.05306     3.1837    191.020     65.624  50277.613    31.8228     8.5537     65.000     8.5469    24.6997     5.7464     8.2121     86.355    250.447    256.633    0.00024    6.65433    9.50970  290.01904   15.00224 9.8771e-02     1.4376     0.2577    93.7611 0.0000e+00
        771 205.647319    0.05344     3.2064    192.383     66.631  50279.110    31.8234     8.5528     66.000     8.5461    24.7003     5.7549     8.2243     86.482    250.818    257.014    0.00124    6.65443    9.50985  290.02322   15.00243 9.2302e-02     1.4870     0.2596    93.7160 0.0000e+00
        777 205.647337    0.05387     3.2323    193.937     67.648  50279.985    31.8235     8.5530     67.000     8.5462    24.7004     5.7493     8.2164     86.399    250.575    256.765   -0.00007    6.65440    9.50981  290.02202   15.00238 8.7009e-02     1.4771     0.2569    93.7793 0.0000e+00
        781 205.647351    0.05420     3.2520    195.118     68.656  50281.162    31.8238     8.5528     68.000     8.5461    24.7007     5.7458     8.2112     86.346    250.421    256.606   -0.00077    6.65441    9.50982  290.02244   15.00239 8.2309e-02     1.4384     0.2582    93.7475 0.0000e+00
        786 205.647363    0.05448     3.2688    196.126     69.657  50281.254    31.8235     8.5532     69.000     8.5459    24.7004     5.7469     8.2128     86.362    250.468    256.655   -0.00040    6.65437    9.50975  290.02039   15.00230 7.7944e-02     1.5489     0.2558    93.8040 0.0000e+00
        791 205.647378    0.05485     3.2913    197.478     70.673  50282.254    31.8236     8.5521     70.000     8.5449    24.7006     5.7514     8.2193     86.428    250.666    256.858    0.00019    6.65453    9.50999  290.02752   15.00264 7.4046e-02     1.5621     0.2619    93.6610 0.0000e+00
        796 205.647394    0.05524     3.3144    198.866     71.684  50283.514    31.8240     8.5519     71.000     8.5445    24.7010     5.7514     8.2193     86.427    250.664    256.856    0.00016    6.65455    9.51002  290.02810   15.00266 7.0579e-02     1.4620     0.2583    93.7462 0.0000e+00
        802 205.647409    0.05560     3.3361    200.163     72.694  50285.021    31.8245     8.5513     72.000     8.5440    24.7015     5.7422     8.2061     86.288    250.263    256.445   -0.00129    6.65461    9.51010  290.03058   15.00278 6.7916e-02     1.4181     0.2593    93.7224 0.0000e+00
        807 205.647424    0.05594     3.3567    201.404     73.703  50285.222    31.8243     8.5515     73.000     8.5441    24.7013     5.7390     8.2016     86.240    250.124    256.302   -0.00123    6.65460    9.51008  290.03013   15.00276 6.5517e-02     1.4599     0.2590    93.7304 0.0000e+00
        811 205.647437    0.05627     3.3759    202.556     74.714  50286.156    31.8245     8.5512     74.000     8.5437    24.7015     5.7379     8.2000     86.224    250.077    256.255   -0.00117    6.65463    9.51012  290.03146   15.00282 6.3508e-02     1.4568     0.2567    93.7845 0.0000e+00
        815 205.647449    0.05656     3.3932    203.590     75.722  50287.229    31.8248     8.5512     75.000     8.5438    24.7017     5.7394     8.2021     86.247    250.141    256.320   -0.00059    6.65461    9.51010  290.03062   15.00278 6.1489e-02     1.4646     0.2565    93.7891 0.0000e+00
        819 205.647460    0.05683     3.4096    204.577     76.731  50288.263    31.8251     8.5515     76.000     8.5438    24.7020     5.7405     8.2037     86.264    250.190    256.370   -0.00037    6.65456    9.51003  290.02844   15.00268 5.9666e-02     1.4524     0.2560    93.7999 0.0000e+00
        823 205.647472    0.05710     3.4261    205.568     77.737  50288.236    31.8246     8.5516     77.000     8.5438    24.7016     5.7400     8.2031     86.257    250.170    256.350   -0.00038    6.65456    9.51003  290.02828   15.00267 5.8107e-02     1.4430     0.2568    93.7828 0.0000e+00
        828 205.647486    0.05745     3.4471    206.827     78.748  50289.148    31.8248     8.5516     78.000     8.5436    24.7017     5.7439     8.2086     86.315    250.337    256.521    0.00016    6.65457    9.51004  290.02863   15.00269 5.6835e-02     1.4652     0.2587    93.7386 0.0000e+00
        834 205.647504    0.05788     3.4724    208.343     79.763  50290.079    31.8250     8.5516     79.000     8.5437    24.7019     5.7343     8.1949     86.171    249.920    256.094   -0.00118    6.65454    9.51000  290.02753   15.00263 5.5607e-02     1.4794     0.2575    93.7656 0.0000e+00
        839 205.647518    0.05822     3.4935    209.610     80.774  50290.525    31.8249     8.5517     80.000     8.5437    24.7019     5.7288     8.1870     86.088    249.678    255.846   -0.00165    6.65453    9.50999  290.02708   15.00261 5.4621e-02     1.4508     0.2560    93.8010 0.0000e+00
        844 205.647531    0.05852     3.5113    210.677     81.783  50291.076    31.8248     8.5519     81.000     8.5438    24.7018     5.7400     8.2031     86.257    250.168    256.348    0.00013    6.65451    9.50995  290.02602   15.00256 5.3677e-02     1.4585     0.2537    93.8529 0.0000e+00
        848 205.647542    0.05879     3.5273    211.637     82.785  50292.150    31.8252     8.5523     82.000     8.5444    24.7021     5.7413     8.2049     86.278    250.227    256.409    0.00069    6.65444    9.50986  290.02305   15.00242 5.2936e-02     1.5033     0.2590    93.7293 0.0000e+00
        852 205.647556    0.05913     3.5476    212.858     83.781  50291.767    31.8246     8.5530     83.000     8.5447    24.7015     5.7354     8.1964     86.190    249.966    256.141   -0.00115    6.65435    9.50973  290.01927   15.00224 5.3222e-02     1.4867     0.2607    93.6892 0.0000e+00
