CTD-processing/allCTD/CNV/2014_05-28_alongbay_skb04_cast038_5028.cnv
* Sea-Bird SBE19plus Data File:
* FileName = C:\Users\kris.holderied\Documents\kasitsna\Research-Projects-and-Data\Oceanography-AK\CTD-Data-ALL-to-2014-03\2014-CTD-KachemakBay-CookInlet\2014-05-28-KachemakBay-AlongBay\2014-05-28-KachemakBay-AlongBay-cast038.hex
* Software Version 1.59
* Temperature SN =  5028
* Conductivity SN =  5028
* System UpLoad Time = Jul 21 2014 00:52:23
** Kachemak Bay Along-bay Transect (partial, west to east)
** Date: 2014-05-28
** Station: KB-04
** Start time: 13:13
** Depth (m): 156.4
** Comment:  CTD time is Alaska Daylight time
** Comment:
# nquan = 27
# nvalues = 154                         
# units = specified
# name 0 = scan: Scan Count
# name 1 = timeJ: Julian Days
# name 2 = timeH: Time, Elapsed [hours]
# name 3 = timeM: Time, Elapsed [minutes]
# name 4 = timeS: Time, Elapsed [seconds]
# name 5 = prdM: Pressure, Strain Gauge [db]
# name 6 = specc: Specific Conductance [uS/cm]
# name 7 = sal00: Salinity, Practical [PSU]
# name 8 = tv290C: Temperature [ITS-90, deg C]
# name 9 = depSM: Depth [salt water, m], lat = 59.00
# name 10 = potemp090C: Potential Temperature [ITS-90, deg C]
# name 11 = sigma-é00: Density [sigma-theta, kg/m^3]
# name 12 = sbeox0ML/L: Oxygen, SBE 43 [ml/l]
# name 13 = sbeox0Mg/L: Oxygen, SBE 43 [mg/l]
# name 14 = sbeox0PS: Oxygen, SBE 43 [% saturation]
# name 15 = sbox0Mm/Kg: Oxygen, SBE 43 [umol/kg]
# name 16 = sbeox0Mm/L: Oxygen, SBE 43 [umol/l]
# name 17 = sbox0dV/dT: Oxygen, SBE 43 [dov/dt]
# name 18 = oxsolML/L: Oxygen Saturation, Garcia & Gordon [ml/l]
# name 19 = oxsolMg/L: Oxygen Saturation, Garcia & Gordon [mg/l]
# name 20 = oxsolMm/Kg: Oxygen Saturation, Garcia & Gordon [umol/kg]
# name 21 = potemp090C: Potential Temperature [ITS-90, deg C]
# name 22 = n2satMg/L: Nitrogen Saturation [mg/l]
# name 23 = par: PAR/Irradiance, Biospherical/Licor
# name 24 = flECO-AFL: Fluorescence, WET Labs ECO-AFL/FL [mg/m^3]
# name 25 = turbWETntu0: Turbidity, WET Labs ECO [NTU]
# name 26 = flag: flag
# span 0 =        183,        877       
# span 1 = 148.550724, 148.552732       
# span 2 =    0.01266,    0.06082       
# span 3 =     0.7598,     3.6501       
# span 4 =     45.586,    219.005       
# span 5 =      1.010,    155.512       
# span 6 =  48332.747,  51186.119       
# span 7 =    30.4571,    31.8735       
# span 8 =     5.5262,     8.0121       
# span 9 =      1.000,    154.000       
# span 10 =     5.5156,     7.9952      
# span 11 =    23.7075,    25.1387      
# span 12 =     7.0334,     8.3923      
# span 13 =    10.0513,    11.9934      
# span 14 =     98.603,    122.358      
# span 15 =    306.406,    365.749      
# span 16 =    314.109,    374.800      
# span 17 =   -0.01531,    0.01770      
# span 18 =    6.77794,    7.13295      
# span 19 =    9.68634,   10.19371      
# span 20 =  295.54605,  310.74598      
# span 21 =     5.5143,     8.0120      
# span 22 =   15.26916,   15.99072      
# span 23 = 4.2946e-02, 7.3378e+01      
# span 24 =     0.2046,     5.1189      
# span 25 =     0.3152,     4.8446      
# span 26 = 0.0000e+00, 0.0000e+00      
# interval = meters: 1                  
# start_time = May 28 2014 13:12:17 [Instrument's time stamp, header]
# bad_flag = -9.990e-29
*END*
[from data line 108]
        700 148.552220    0.04857     2.9141    174.849    110.058  51055.498    31.8664     5.8326    109.000     5.8224    25.0982     7.2569    10.3709    102.473    316.159    324.094   -0.00243    7.08178   10.12057  308.52875     5.8239   15.88513 4.3863e-02     0.2270     0.8556 0.0000e+00
        704 148.552232    0.04885     2.9312    175.870    111.068  51055.059    31.8649     5.8290    110.000     5.8171    25.0975     7.2527    10.3648    102.403    315.973    323.903   -0.00229    7.08245   10.12153  308.55814     5.8202   15.88653 4.3820e-02     0.2198     0.8843 0.0000e+00
        708 148.552243    0.04913     2.9474    176.845    112.078  51057.442    31.8648     5.8225    111.000     5.8105    25.0981     7.2526    10.3645    102.386    315.967    323.896   -0.00200    7.08354   10.12310  308.60565     5.8136   15.88879 4.3763e-02     0.2242     0.9603 0.0000e+00
        712 148.552254    0.04938     2.9629    177.773    113.088  51060.643    31.8654     5.8171    112.000     5.8056    25.0993     7.2480    10.3581    102.310    315.771    323.695   -0.00195    7.08441   10.12433  308.64298     5.8082   15.89057 4.3722e-02     0.2258     1.0449 0.0000e+00
        716 148.552266    0.04965     2.9790    178.742    114.098  51063.893    31.8663     5.8127    113.000     5.8020    25.1005     7.2470    10.3567    102.285    315.727    323.651   -0.00177    7.08510   10.12531  308.67264     5.8037   15.89198 4.3683e-02     0.2276     0.9838 0.0000e+00
        720 148.552277    0.04993     2.9960    179.758    115.108  51066.562    31.8671     5.8098    114.000     5.7999    25.1015     7.2479    10.3579    102.291    315.764    323.690   -0.00149    7.08554   10.12595  308.69167     5.8008   15.89289 4.3626e-02     0.2215     0.9648 0.0000e+00
        724 148.552289    0.05020     3.0121    180.725    116.118  51068.358    31.8676     5.8085    115.000     5.7990    25.1020     7.2449    10.3537    102.246    315.633    323.556   -0.00143    7.08574   10.12624  308.70030     5.7993   15.89329 4.3613e-02     0.2046     0.9593 0.0000e+00
        728 148.552300    0.05048     3.0284    181.704    117.128  51068.917    31.8673     5.8080    116.000     5.7982    25.1019     7.2420    10.3495    102.203    315.506    323.426   -0.00136    7.08585   10.12637  308.70460     5.7987   15.89350 4.3640e-02     0.2145     0.9641 0.0000e+00
        732 148.552311    0.05074     3.0445    182.671    118.138  51067.444    31.8655     5.8064    117.000     5.7942    25.1007     7.2408    10.3478    102.181    315.455    323.373   -0.00125    7.08619   10.12686  308.72000     5.7971   15.89424 4.3583e-02     0.2289     0.9776 0.0000e+00
        735 148.552322    0.05100     3.0600    183.599    119.147  51064.065    31.8610     5.7981    118.000     5.7811    25.0982     7.2409    10.3479    102.161    315.461    323.379   -0.00115    7.08777   10.12914  308.79005     5.7888   15.89760 4.3553e-02     0.2425     0.9605 0.0000e+00
        739 148.552333    0.05128     3.0766    184.596    120.158  51071.378    31.8625     5.7830    119.000     5.7667    25.1011     7.2325    10.3360    102.006    315.094    323.003   -0.00144    7.09025   10.13268  308.89700     5.7735   15.90269 4.3514e-02     0.2470     0.9494 0.0000e+00
        743 148.552345    0.05155     3.0931    185.586    121.168  51075.912    31.8624     5.7695    120.000     5.7526    25.1026     7.2167    10.3133    101.751    314.405    322.298   -0.00200    7.09250   10.13590  308.99468     5.7600   15.90734 4.3524e-02     0.2593     0.9729 0.0000e+00
        747 148.552356    0.05182     3.1090    186.539    122.179  51081.459    31.8629     5.7556    121.000     5.7386    25.1047     7.2083    10.3013    101.599    314.039    321.922   -0.00220    7.09481   10.13920  309.09463     5.7460   15.91210 4.3564e-02     0.2517     1.0003 0.0000e+00
        751 148.552367    0.05208     3.1252    187.513    123.188  51082.652    31.8601     5.7401    122.000     5.7186    25.1043     7.2032    10.2941    101.489    313.819    321.697   -0.00220    7.09754   10.14309  309.21355     5.7304   15.91778 4.3612e-02     0.2321     1.0286 0.0000e+00
        755 148.552378    0.05235     3.1413    188.479    124.198  51086.608    31.8573     5.7153    123.000     5.6905    25.1049     7.1924    10.2786    101.275    313.344    321.210   -0.00251    7.10182   10.14922  309.39994     5.7056   15.92667 4.3612e-02     0.2296     1.0585 0.0000e+00
        759 148.552389    0.05262     3.1571    189.424    125.208  51104.907    31.8641     5.6889    124.000     5.6705    25.1134     7.1770    10.2566    101.000    312.672    320.524   -0.00298    7.10592   10.15507  309.57595     5.6792   15.93503 4.3604e-02     0.2353     1.1219 0.0000e+00
        763 148.552401    0.05289     3.1734    190.406    126.218  51118.055    31.8699     5.6755    125.000     5.6621    25.1196     7.1593    10.2314    100.723    311.900    319.735   -0.00335    7.10791   10.15791  309.66064     5.6656   15.93904 4.3587e-02     0.2249     1.2025 0.0000e+00
        767 148.552412    0.05317     3.1901    191.405    127.228  51120.166    31.8694     5.6685    126.000     5.6544    25.1201     7.1425    10.2073    100.470    311.167    318.983   -0.00359    7.10910   10.15962  309.71262     5.6586   15.94151 4.3537e-02     0.2349     1.2513 0.0000e+00
        770 148.552423    0.05343     3.2059    192.355    128.238  51124.170    31.8701     5.6608    127.000     5.6471    25.1215     7.1294    10.1886    100.267    310.594    318.397   -0.00367    7.11037   10.16143  309.76723     5.6508   15.94412 4.3521e-02     0.2637     1.3052 0.0000e+00
        774 148.552433    0.05368     3.2210    193.261    129.248  51127.808    31.8708     5.6543    128.000     5.6411    25.1227     7.1185    10.1730    100.099    310.121    317.912   -0.00367    7.11144   10.16296  309.81344     5.6442   15.94631 4.3523e-02     0.2713     1.3835 0.0000e+00
        778 148.552445    0.05395     3.2371    194.227    130.258  51131.978    31.8721     5.6490    129.000     5.6369    25.1244     7.1128    10.1649    100.007    309.872    317.657   -0.00341    7.11226   10.16413  309.84851     5.6389   15.94799 4.3499e-02     0.2718     1.4627 0.0000e+00
        782 148.552457    0.05424     3.2539    195.233    131.269  51131.793    31.8706     5.6446    130.000     5.6309    25.1237     7.1120    10.1638     99.986    309.840    317.624   -0.00294    7.11306   10.16527  309.88367     5.6345   15.94966 4.3455e-02     0.2780     1.5018 0.0000e+00
        786 148.552467    0.05449     3.2694    196.164    132.279  51133.272    31.8696     5.6371    131.000     5.6225    25.1238     7.1061    10.1553     99.884    309.580    317.358   -0.00282    7.11437   10.16715  309.94091     5.6269   15.95239 4.3402e-02     0.2591     1.5476 0.0000e+00
        789 148.552478    0.05475     3.2852    197.110    133.289  51136.611    31.8698     5.6294    132.000     5.6148    25.1249     7.1000    10.1466     99.780    309.314    317.086   -0.00274    7.11565   10.16898  309.99643     5.6191   15.95504 4.3427e-02     0.2528     1.6138 0.0000e+00
        793 148.552489    0.05502     3.3012    198.070    134.298  51135.800    31.8668     5.6200    133.000     5.6020    25.1236     7.0964    10.1414     99.705    309.156    316.923   -0.00256    7.11739   10.17146  310.07230     5.6096   15.95866 4.3418e-02     0.2578     1.6460 0.0000e+00
        797 148.552500    0.05527     3.3163    198.979    135.309  51136.062    31.8634     5.6051    134.000     5.5850    25.1227     7.0864    10.1271     99.528    308.722    316.478   -0.00272    7.12006   10.17527  310.18889     5.5946   15.96423 4.3415e-02     0.2747     1.6983 0.0000e+00
        801 148.552511    0.05554     3.3320    199.917    136.319  51148.350    31.8682     5.5891    135.000     5.5741    25.1283     7.0716    10.1060     99.285    308.077    315.819   -0.00306    7.12253   10.17881  310.29486     5.5786   15.96926 4.3434e-02     0.2929     1.7524 0.0000e+00
        805 148.552522    0.05580     3.3484    200.901    137.329  51157.681    31.8728     5.5831    136.000     5.5726    25.1327     7.0661    10.0982     99.197    307.836    315.572   -0.00291    7.12332   10.17993  310.32798     5.5725   15.97082 4.3422e-02     0.2838     1.7961 0.0000e+00
        809 148.552534    0.05608     3.3648    201.889    138.339  51158.988    31.8735     5.5842    137.000     5.5741    25.1331     7.0748    10.1106     99.321    308.213    315.959   -0.00212    7.12310   10.17963  310.31853     5.5735   15.97036 4.3381e-02     0.2739     1.8478 0.0000e+00
        812 148.552544    0.05634     3.3806    202.834    139.349  51156.997    31.8717     5.5846    138.000     5.5733    25.1317     7.0776    10.1146     99.361    308.336    316.085   -0.00169    7.12311   10.17962  310.31891     5.5739   15.97039 4.3370e-02     0.2751     1.8354 0.0000e+00
        816 148.552555    0.05661     3.3963    203.776    140.359  51154.428    31.8692     5.5833    139.000     5.5714    25.1298     7.0732    10.1083     99.294    308.146    315.889   -0.00165    7.12346   10.18013  310.33489     5.5725   15.97116 4.3353e-02     0.2883     1.8386 0.0000e+00
        820 148.552566    0.05687     3.4121    204.724    141.369  51159.169    31.8716     5.5817    140.000     5.5703    25.1319     7.0686    10.1018     99.228    307.946    315.685   -0.00164    7.12362   10.18036  310.34124     5.5707   15.97145 4.3311e-02     0.2954     1.8507 0.0000e+00
        824 148.552577    0.05713     3.4283    205.697    142.380  51159.850    31.8713     5.5804    141.000     5.5682    25.1319     7.0672    10.0998     99.205    307.884    315.622   -0.00148    7.12384   10.18069  310.35110     5.5695   15.97192 4.3271e-02     0.3051     1.9255 0.0000e+00
        828 148.552589    0.05741     3.4444    206.664    143.389  51160.599    31.8708     5.5778    142.000     5.5651    25.1318     7.0638    10.0949     99.151    307.736    315.471   -0.00144    7.12431   10.18136  310.37154     5.5667   15.97290 4.3268e-02     0.3061     1.9482 0.0000e+00
        832 148.552600    0.05768     3.4609    207.656    144.400  51162.810    31.8713     5.5748    143.000     5.5626    25.1324     7.0569    10.0849     99.046    307.431    315.158   -0.00154    7.12479   10.18203  310.39211     5.5637   15.97388 4.3264e-02     0.2801     1.8922 0.0000e+00
        836 148.552612    0.05796     3.4771    208.627    145.410  51165.022    31.8720     5.5733    144.000     5.5617    25.1332     7.0551    10.0825     99.019    307.358    315.083   -0.00145    7.12501   10.18236  310.40159     5.5621   15.97433 4.3216e-02     0.2697     1.8548 0.0000e+00
        839 148.552622    0.05821     3.4926    209.556    146.420  51166.395    31.8724     5.5730    145.000     5.5616    25.1335     7.0617    10.0919     99.111    307.644    315.376   -0.00099    7.12504   10.18240  310.40295     5.5617   15.97439 4.3207e-02     0.2734     1.8600 0.0000e+00
        843 148.552633    0.05847     3.5084    210.502    147.430  51165.856    31.8714     5.5726    146.000     5.5604    25.1329     7.0624    10.0929     99.120    307.676    315.408   -0.00083    7.12515   10.18255  310.40766     5.5613   15.97462 4.3209e-02     0.2684     1.8700 0.0000e+00
        847 148.552645    0.05875     3.5249    211.495    148.441  51166.072    31.8707     5.5709    147.000     5.5580    25.1325     7.0599    10.0893     99.080    307.566    315.296   -0.00086    7.12547   10.18301  310.42174     5.5595   15.97529 4.3199e-02     0.2769     1.8692 0.0000e+00
        851 148.552656    0.05902     3.5413    212.481    149.450  51166.500    31.8698     5.5675    148.000     5.5538    25.1322     7.0586    10.0876     99.054    307.512    315.240   -0.00083    7.12609   10.18389  310.44861     5.5559   15.97657 4.3170e-02     0.3007     1.9241 0.0000e+00
        855 148.552667    0.05929     3.5574    213.441    150.460  51168.790    31.8702     5.5638    149.000     5.5502    25.1329     7.0573    10.0856     99.027    307.453    315.180   -0.00082    7.12670   10.18477  310.47523     5.5522   15.97784 4.3178e-02     0.2933     1.9763 0.0000e+00
        859 148.552678    0.05955     3.5735    214.410    151.471  51168.576    31.8685     5.5594    150.000     5.5439    25.1322     7.0564    10.0842     99.002    307.411    315.136   -0.00080    7.12752   10.18594  310.51132     5.5477   15.97957 4.3158e-02     0.2848     1.9347 0.0000e+00
        863 148.552690    0.05983     3.5900    215.402    152.482  51167.580    31.8656     5.5505    151.000     5.5320    25.1308     7.0526    10.0789     98.926    307.249    314.971   -0.00092    7.12917   10.18829  310.58334     5.5387   15.98301 4.3162e-02     0.2871     1.9608 0.0000e+00
        866 148.552701    0.06010     3.6059    216.352    153.491  51173.455    31.8666     5.5378    152.000     5.5208    25.1330     7.0464    10.0699     98.810    306.975    314.690   -0.00115    7.13125   10.19127  310.67333     5.5261   15.98729 4.3172e-02     0.2758     2.0489 0.0000e+00
        871 148.552713    0.06040     3.6240    217.440    154.501  51182.019    31.8702     5.5294    153.000     5.5162    25.1369     7.0394    10.0600     98.695    306.670    314.379   -0.00133    7.13250   10.19306  310.72679     5.5175   15.98982 4.3062e-02     0.2955     2.2151 0.0000e+00
        877 148.552732    0.06082     3.6501    219.005    155.512  51186.119    31.8718     5.5262    154.000     5.5156    25.1387     7.0334    10.0513     98.603    306.406    314.109   -0.00128    7.13295   10.19371  310.74598     5.5143   15.99072 4.2946e-02     0.3192     2.3398 0.0000e+00
