CTD-processing/allCTD/CNV/2014_07-22_t3_s06_cast190_4141.cnv
* Sea-Bird SBE19plus Data File:
* FileName = C:\Users\kris.holderied\Documents\kasitsna\Research-Projects-and-Data\Oceanography-AK\CTD-Data-ALL-to-2014-06\2014-CTD-KachemakBay-CookInlet\2014-07-EVOSTC-CookInlet-quarterly\2014-07-22-CookInlet-Tran3-AnchorPt\2014-07-22-CookInlet-Tran3-cast190.hex
* Software Version 1.59
* Temperature SN =  4141
* Conductivity SN =  4141
* System UpLoad Time = Jul 22 2014 17:42:54
** Cook Inlet LTM Transect 3 (Anchor Pt) East to West
** Date: 07-22
** Station: 3-06
** Start time: 12:44
** Depth (m): 50.2
** Comment:  CTD time is Alaska Daylight time. CTD descent time=40 sec.
** Comment:
# nquan = 27
# nvalues = 51                          
# units = specified
# name 0 = scan: Scan Count
# name 1 = timeJ: Julian Days
# name 2 = timeH: Time, Elapsed [hours]
# name 3 = timeM: Time, Elapsed [minutes]
# name 4 = timeS: Time, Elapsed [seconds]
# name 5 = prdM: Pressure, Strain Gauge [db]
# name 6 = specc: Specific Conductance [uS/cm]
# name 7 = sal00: Salinity, Practical [PSU]
# name 8 = tv290C: Temperature [ITS-90, deg C]
# name 9 = depSM: Depth [salt water, m], lat = 59.00
# name 10 = potemp090C: Potential Temperature [ITS-90, deg C]
# name 11 = sigma-é00: Density [sigma-theta, kg/m^3]
# name 12 = sbeox0ML/L: Oxygen, SBE 43 [ml/l]
# name 13 = sbeox0Mg/L: Oxygen, SBE 43 [mg/l]
# name 14 = sbeox0PS: Oxygen, SBE 43 [% saturation]
# name 15 = sbox0Mm/Kg: Oxygen, SBE 43 [umol/kg]
# name 16 = sbeox0Mm/L: Oxygen, SBE 43 [umol/l]
# name 17 = sbox0dV/dT: Oxygen, SBE 43 [dov/dt]
# name 18 = oxsolML/L: Oxygen Saturation, Garcia & Gordon [ml/l]
# name 19 = oxsolMg/L: Oxygen Saturation, Garcia & Gordon [mg/l]
# name 20 = oxsolMm/Kg: Oxygen Saturation, Garcia & Gordon [umol/kg]
# name 21 = n2satMg/L: Nitrogen Saturation [mg/l]
# name 22 = par: PAR/Irradiance, Biospherical/Licor
# name 23 = wetStar: Fluorescence, WET Labs WETstar [mg/m^3]
# name 24 = CStarAt0: Beam Attenuation, WET Labs C-Star [1/m]
# name 25 = CStarTr0: Beam Transmission, WET Labs C-Star [%]
# name 26 = flag: flag
# span 0 =         57,        658       
# span 1 = 203.531111, 203.532851       
# span 2 =    0.00389,    0.04565       
# span 3 =     0.2332,     2.7388       
# span 4 =     13.994,    164.332       
# span 5 =      1.010,     51.396       
# span 6 =  43233.466,  46525.822       
# span 7 =    27.3525,    29.5380       
# span 8 =    11.3104,    12.4909       
# span 9 =      1.000,     51.000       
# span 10 =    11.3044,    12.4870      
# span 11 =    20.5703,    22.4738      
# span 12 =     5.7211,     6.0049      
# span 13 =     8.1760,     8.5817      
# span 14 =     90.868,     94.889      
# span 15 =    250.308,    262.288      
# span 16 =    255.503,    268.180      
# span 17 =   -0.02065,    0.01866      
# span 18 =    6.27939,    6.35639      
# span 19 =    8.97386,    9.08393      
# span 20 =  274.71047,  277.63811      
# span 21 =   14.28645,   14.41930      
# span 22 = 4.0551e-02, 3.0570e+02      
# span 23 =     0.3899,     1.2436      
# span 24 =     1.5910,     9.8684      
# span 25 =     7.9335,    67.2201      
# span 26 = 0.0000e+00, 0.0000e+00      
# interval = meters: 1                  
# start_time = Jul 22 2014 12:44:34 [Instrument's time stamp, header]
# bad_flag = -9.990e-29
*END*
         57 203.531111    0.00389     0.2332     13.994      1.010  43530.382    27.5480    12.3332      1.000    12.3273    20.7500     5.7590     8.2302     91.447    251.970    257.198    0.01866    6.29770    9.00004  275.53770   14.32669 3.0570e+02     0.3899     1.7388    63.8747 0.0000e+00
        342 203.531935    0.02367     1.4201     85.205      2.007  43540.540    27.5555    12.3420      2.000    12.3653    20.7542     5.7211     8.1760     90.868    250.308    255.503   -0.01265    6.29624    8.99796  275.47290   14.32355 2.6580e+02     0.7464     1.5910    67.2201 0.0000e+00
        470 203.532306    0.03256     1.9537    117.220      3.034  43233.466    27.3525    12.4909      3.000    12.4870    20.5703     5.9632     8.5220     94.889    260.950    266.317    0.00244    6.28443    8.98108  275.00569   14.30198 1.4213e+02     0.8314     1.6139    66.8004 0.0000e+00
        469 203.532303    0.03249     1.9494    116.963      4.053  43729.462    27.6942    12.4275      4.000    12.1768    20.8462     5.9187     8.4584     94.255    258.931    264.328   -0.00284    6.27939    8.97386  274.71047   14.28645 1.0184e+02     0.8412     1.6254    66.6090 0.0000e+00
        471 203.532310    0.03267     1.9601    117.608      5.048  44818.679    28.4294    12.0944      5.000    11.8400    21.4751     5.8678     8.3859     93.220    256.550    262.060   -0.01086    6.29470    8.99576  275.21113   14.30748 6.1784e+01     0.8664     1.6713    65.8483 0.0000e+00
        474 203.532318    0.03284     1.9705    118.227      6.037  45465.627    28.8573    11.8064      6.000    11.6931    21.8580     5.8251     8.3246     92.224    254.584    260.149   -0.02065    6.31633    9.02667  276.05341   14.34612 4.0015e+01     0.8838     1.6562    66.0963 0.0000e+00
        479 203.532332    0.03318     1.9910    119.458      7.067  45747.145    29.0398    11.6472      7.000    11.6280    22.0276     5.8611     8.3761     92.584    256.114    261.756   -0.01110    6.33052    9.04694  276.62753   14.37288 3.1108e+01     0.8613     1.6392    66.3789 0.0000e+00
        484 203.532346    0.03351     2.0109    120.656      8.090  45782.242    29.0615    11.6193      8.000    11.6150    22.0493     5.9116     8.4483     93.340    258.318    264.013    0.00180    6.33343    9.05109  276.74855   14.37860 2.2626e+01     0.8383     1.6681    65.9019 0.0000e+00
        486 203.532353    0.03371     2.0224    121.346      9.077  45793.434    29.0684    11.6144      9.000    11.5957    22.0556     5.9189     8.4587     93.450    258.633    264.338    0.00260    6.33381    9.05165  276.76361   14.37929 1.5184e+01     0.8159     1.7447    64.6505 0.0000e+00
        490 203.532363    0.03393     2.0356    122.138     10.080  45862.953    29.1138    11.5815     10.000    11.5577    22.0965     5.9219     8.4630     93.458    258.754    264.472    0.00180    6.33644    9.05541  276.86754   14.38408 1.0188e+01     0.8034     1.7836    64.0255 0.0000e+00
        495 203.532378    0.03429     2.0572    123.430     11.110  45928.136    29.1555    11.5430     11.000    11.5373    22.1357     5.9347     8.4813     93.607    259.305    265.044    0.00224    6.33998    9.06047  277.01181   14.39082 6.7023e+00     0.8348     1.7980    63.7938 0.0000e+00
        499 203.532390    0.03458     2.0748    124.485     12.119  45949.209    29.1692    11.5347     12.000    11.5291    22.1477     5.9384     8.4866     93.658    259.464    265.210    0.00187    6.34057    9.06132  277.03429   14.39184 4.3012e+00     0.8243     1.8657    62.7268 0.0000e+00
        502 203.532400    0.03481     2.0888    125.329     13.124  45963.436    29.1781    11.5282     13.000    11.5241    22.1558     5.9346     8.4811     93.590    259.295    265.039    0.00065    6.34110    9.06207  277.05512   14.39281 3.0065e+00     0.7983     1.9265    61.7767 0.0000e+00
        506 203.532409    0.03505     2.1029    126.175     14.124  45971.213    29.1828    11.5245     14.000    11.5216    22.1601     5.9345     8.4810     93.584    259.289    265.036    0.00003    6.34139    9.06248  277.06674   14.39335 2.1409e+00     0.8170     1.9541    61.3529 0.0000e+00
        510 203.532423    0.03538     2.1227    127.360     15.139  45974.734    29.1848    11.5227     15.000    11.5196    22.1620     5.9311     8.4761     93.527    259.139    264.881   -0.00049    6.34158    9.06275  277.07439   14.39370 1.4909e+00     0.8177     1.9245    61.8101 0.0000e+00
        516 203.532438    0.03574     2.1449    128.696     16.164  45991.142    29.1953    11.5168     16.000    11.5117    22.1712     5.9254     8.4680     93.432    258.890    264.629   -0.00137    6.34195    9.06329  277.08829   14.39433 9.9704e-01     0.7884     1.8891    62.3581 0.0000e+00
        519 203.532448    0.03598     2.1588    129.526     17.163  45996.945    29.1987    11.5131     17.000    11.5097    22.1745     5.9269     8.4701     93.450    258.954    264.696   -0.00110    6.34231    9.06380  277.10310   14.39502 7.0729e-01     0.7862     1.9652    61.1850 0.0000e+00
        522 203.532457    0.03620     2.1720    130.318     18.162  46003.209    29.2025    11.5109     18.000    11.5078    22.1779     5.9416     8.4912     93.680    259.595    265.353    0.00117    6.34247    9.06402  277.10889   14.39528 5.4457e-01     0.8169     1.9911    60.7889 0.0000e+00
        527 203.532470    0.03650     2.1900    131.401     19.175  46004.966    29.2032    11.5098     19.000    11.5079    22.1786     5.9474     8.4994     93.769    259.847    265.610    0.00195    6.34259    9.06419  277.11387   14.39552 4.3702e-01     0.8210     1.9497    61.4215 0.0000e+00
        532 203.532487    0.03690     2.2141    132.845     20.198  46005.818    29.2035    11.5106     20.000    11.5066    22.1787     5.9418     8.4913     93.682    259.601    265.359   -0.00004    6.34246    9.06401  277.10845   14.39526 3.6595e-01     0.7785     1.8959    62.2525 0.0000e+00
        536 203.532498    0.03718     2.2307    133.843     21.216  46017.766    29.2112    11.5069     21.000    11.5030    22.1854     5.9342     8.4806     93.560    259.271    265.022   -0.00112    6.34266    9.06430  277.11540   14.39556 3.0948e-01     0.8005     1.9583    61.2906 0.0000e+00
        539 203.532505    0.03735     2.2409    134.457     22.213  46027.368    29.2173    11.5051     22.000    11.5011    22.1905     5.9321     8.4775     93.526    259.175    264.926   -0.00168    6.34265    9.06428  277.11352   14.39545 2.6209e-01     0.8014     2.1318    58.6974 0.0000e+00
        541 203.532512    0.03751     2.2508    135.046     23.200  46028.350    29.2175    11.5037     23.000    11.4999    22.1908     5.9336     8.4797     93.548    259.241    264.994   -0.00129    6.34284    9.06455  277.12163   14.39584 2.3441e-01     0.7825     2.2336    57.2154 0.0000e+00
        546 203.532527    0.03786     2.2717    136.301     24.218  46033.698    29.2208    11.5027     24.000    11.4996    22.1936     5.9416     8.4911     93.674    259.589    265.350    0.00011    6.34283    9.06454  277.12059   14.39578 2.2169e-01     0.8001     2.1134    58.9783 0.0000e+00
        553 203.532546    0.03834     2.3006    138.035     25.259  46039.621    29.2246    11.5023     25.000    11.4985    22.1966     5.9451     8.4962     93.731    259.743    265.508    0.00031    6.34275    9.06443  277.11629   14.39555 2.1683e-01     0.8132     2.0550    59.8299 0.0000e+00
        556 203.532554    0.03853     2.3116    138.698     26.253  46041.990    29.2257    11.5012     26.000    11.4988    22.1978     5.9450     8.4959     93.727    259.737    265.503    0.00021    6.34283    9.06453  277.11933   14.39569 2.0685e-01     0.7722     2.2483    56.9971 0.0000e+00
        558 203.532561    0.03869     2.3212    139.273     27.250  46043.217    29.2263    11.5020     27.000    11.4983    22.1980     5.9407     8.4898     93.662    259.549    265.311   -0.00052    6.34271    9.06437  277.11425   14.39545 2.0323e-01     0.8075     2.3208    55.9788 0.0000e+00
        561 203.532569    0.03888     2.3325    139.947     28.256  46052.938    29.2326    11.5011     28.000    11.4961    22.2032     5.9392     8.4877     93.640    259.483    265.244   -0.00102    6.34259    9.06420  277.10759   14.39511 2.0307e-01     0.8285     2.3396    55.7162 0.0000e+00
        564 203.532579    0.03912     2.3472    140.831     29.269  46064.460    29.2401    11.4983     29.000    11.4927    22.2094     5.9435     8.4938     93.707    259.669    265.437   -0.00027    6.34267    9.06430  277.10894   14.39514 1.9857e-01     0.8150     2.3236    55.9388 0.0000e+00
        570 203.532594    0.03949     2.3694    142.162     30.281  46116.194    29.2750    11.4873     30.000    11.4789    22.2385     5.9487     8.5014     93.788    259.891    265.671    0.00066    6.34275    9.06444  277.10511   14.39482 1.9748e-01     0.8213     2.3078    56.1631 0.0000e+00
        577 203.532615    0.03997     2.3983    143.897     31.307  46146.809    29.2950    11.4759     31.000    11.4721    22.2560     5.9298     8.4742     93.478    259.057    264.824   -0.00275    6.34349    9.06549  277.13259   14.39605 1.8927e-01     0.8478     2.4074    54.7850 0.0000e+00
        580 203.532625    0.04024     2.4145    144.867     32.324  46144.464    29.2931    11.4771     32.000    11.4712    22.2544     5.9371     8.4847     93.594    259.376    265.148   -0.00094    6.34342    9.06539  277.12988   14.39593 1.8720e-01     0.8795     2.7536    50.2487 0.0000e+00
        583 203.532632    0.04040     2.4240    145.438     33.326  46153.481    29.2988    11.4748     33.000    11.4686    22.2593     5.9472     8.4992     93.752    259.819    265.603    0.00089    6.34349    9.06550  277.13188   14.39600 1.8518e-01     0.8563     3.1505    45.4861 0.0000e+00
        585 203.532638    0.04054     2.4320    145.921     34.315  46181.802    29.3181    11.4728     34.000    11.4540    22.2746     5.9518     8.5057     93.832    260.014    265.807    0.00172    6.34300    9.06478  277.10585   14.39468 4.0551e-02     0.8612     3.3834    42.9108 0.0000e+00
        587 203.532645    0.04069     2.4413    146.481     35.299  46262.716    29.3727    11.4531     35.000    11.4205    22.3204     5.9548     8.5101     93.874    260.137    265.943    0.00182    6.34348    9.06547  277.11444   14.39487 4.5805e-02     0.8960     3.7406    39.2889 0.0000e+00
        598 203.532678    0.04149     2.4893    149.358     36.362  46335.010    29.4187    11.4087     36.000    11.4026    22.3639     5.9224     8.4636     93.299    258.706    264.492   -0.00341    6.34767    9.07146  277.28564   14.40288 1.7128e-01     0.9620     3.8243    38.5791 0.0000e+00
        602 203.532688    0.04174     2.5043    150.257     37.366  46333.549    29.4175    11.4102     37.000    11.4009    22.3626     5.9224     8.4636     93.302    258.708    264.493   -0.00316    6.34753    9.07125  277.27984   14.40261 1.8658e-01     1.0014     4.4735    32.7518 0.0000e+00
        604 203.532695    0.04190     2.5140    150.839     38.363  46343.755    29.4239    11.4054     38.000    11.3966    22.3684     5.9335     8.4796     93.472    259.194    264.992   -0.00100    6.34791    9.07180  277.29503   14.40332 7.5513e-02     0.9703     4.8561    29.7115 0.0000e+00
        606 203.532701    0.04204     2.5226    151.358     39.358  46355.930    29.4315    11.4010     39.000    11.3877    22.3752     5.9442     8.4950     93.636    259.658    265.469    0.00138    6.34820    9.07222  277.30579   14.40380 4.7149e-02     0.9482     5.1462    27.6277 0.0000e+00
        610 203.532710    0.04226     2.5358    152.148     40.360  46378.840    29.4461    11.3891     40.000    11.3800    22.3886     5.9491     8.5018     93.697    259.868    265.687    0.00172    6.34925    9.07371  277.34789   14.40576 1.5412e-01     0.9838     5.1056    27.9205 0.0000e+00
        617 203.532731    0.04277     2.5663    153.975     41.402  46400.622    29.4598    11.3778     41.000    11.3689    22.4013     5.9365     8.4840     93.486    259.319    265.127   -0.00105    6.35023    9.07511  277.38737   14.40759 2.0660e-01     1.0202     3.8666    37.9526 0.0000e+00
        622 203.532745    0.04310     2.5863    155.176     42.407  46420.990    29.4728    11.3674     42.000    11.3598    22.4131     5.9198     8.4599     93.208    258.580    264.376   -0.00364    6.35112    9.07639  277.42311   14.40925 2.0280e-01     1.0301     4.5467    32.1008 0.0000e+00
        625 203.532755    0.04334     2.6005    156.033     43.412  46425.142    29.4749    11.3642     43.000    11.3580    22.4153     5.9285     8.4724     93.340    258.962    264.766   -0.00168    6.35147    9.07688  277.43765   14.40994 2.0285e-01     1.0102     5.0379    28.3795 0.0000e+00
        629 203.532765    0.04358     2.6147    156.882     44.416  46440.719    29.4850    11.3590     44.000    11.3476    22.4241     5.9415     8.4910     93.540    259.527    265.346    0.00095    6.35178    9.07733  277.44889   14.41044 2.0233e-01     1.0403     5.2055    27.2169 0.0000e+00
        632 203.532776    0.04384     2.6306    157.835     45.429  46462.571    29.4989    11.3478     45.000    11.3350    22.4368     5.9435     8.4939     93.559    259.613    265.438    0.00099    6.35274    9.07870  277.48744   14.41223 2.0185e-01     1.0805     5.2471    26.9352 0.0000e+00
        636 203.532787    0.04411     2.6465    158.789     46.445  46490.994    29.5169    11.3328     46.000    11.3189    22.4534     5.9362     8.4835     93.424    259.289    265.111   -0.00076    6.35405    9.08059  277.54041   14.41470 2.0134e-01     1.0568     5.6194    24.5532 0.0000e+00
        640 203.532797    0.04434     2.6606    159.635     47.444  46515.029    29.5320    11.3183     47.000    11.3072    22.4677     5.9414     8.4908     93.485    259.510    265.341   -0.00054    6.35543    9.08254  277.59637   14.41731 1.9998e-01     1.0549     6.7908    18.4306 0.0000e+00
        644 203.532811    0.04469     2.6812    160.875     48.453  46525.066    29.5379    11.3112     48.000    11.3047    22.4736     5.9397     8.4884     93.448    259.435    265.265   -0.00048    6.35616    9.08359  277.62676   14.41875 1.9970e-01     1.1325     6.3843    20.6061 0.0000e+00
        652 203.532832    0.04518     2.7106    162.633     49.483  46525.822    29.5380    11.3104     49.000    11.3044    22.4738     5.9372     8.4848     93.407    259.327    265.155   -0.00096    6.35627    9.08375  277.63165   14.41898 1.9967e-01     1.1954     5.8678    23.1829 0.0000e+00
        655 203.532841    0.04542     2.7250    163.502     50.473  46519.442    29.5332    11.3108     50.000    11.3081    22.4699     5.9475     8.4995     93.567    259.779    265.616    0.00101    6.35639    9.08393  277.63811   14.41930 2.0024e-01     1.2436     7.9695    13.7533 0.0000e+00
        658 203.532851    0.04565     2.7388    164.332     51.396  46507.205    29.5247    11.3168     51.000    11.3121    22.4626     6.0049     8.5817     94.477    262.288    268.180    0.00602    6.35592    9.08325  277.61985   14.41847 1.7498e-01     1.1998     9.8684     7.9335 0.0000e+00
