CTD-processing/allCTD/CNV/2014_07-24_t7_s11_cast010_4141.cnv
* Sea-Bird SBE19plus Data File:
* FileName = C:\Users\kris.holderied\Documents\kasitsna\Research-Projects-and-Data\Oceanography-AK\CTD-Data-ALL-to-2014-06\2014-CTD-KachemakBay-CookInlet\2014-07-EVOSTC-CookInlet-quarterly\2014-07-24-CookInlet-Tran7-Augustine\2014-07-24-CookInlet-Tran7-cast010.hex
* Software Version 1.59
* Temperature SN =  4141
* Conductivity SN =  4141
* System UpLoad Time = Jul 24 2014 17:23:35
** Cook Inlet LTM Transect 7 (Augustine) West to East
** Date: 07-24
** Station: 7-11
** Start time: 11:39
** Depth (m): 69.8
** Comment:  CTD time is Alaska Daylight time.  Transducer  depth (transducer is 9 ft).
** Comment:
# nquan = 27
# nvalues = 69                          
# units = specified
# name 0 = scan: Scan Count
# name 1 = timeJ: Julian Days
# name 2 = timeH: Time, Elapsed [hours]
# name 3 = timeM: Time, Elapsed [minutes]
# name 4 = timeS: Time, Elapsed [seconds]
# name 5 = prdM: Pressure, Strain Gauge [db]
# name 6 = specc: Specific Conductance [uS/cm]
# name 7 = sal00: Salinity, Practical [PSU]
# name 8 = tv290C: Temperature [ITS-90, deg C]
# name 9 = depSM: Depth [salt water, m], lat = 59.00
# name 10 = potemp090C: Potential Temperature [ITS-90, deg C]
# name 11 = sigma-é00: Density [sigma-theta, kg/m^3]
# name 12 = sbeox0ML/L: Oxygen, SBE 43 [ml/l]
# name 13 = sbeox0Mg/L: Oxygen, SBE 43 [mg/l]
# name 14 = sbeox0PS: Oxygen, SBE 43 [% saturation]
# name 15 = sbox0Mm/Kg: Oxygen, SBE 43 [umol/kg]
# name 16 = sbeox0Mm/L: Oxygen, SBE 43 [umol/l]
# name 17 = sbox0dV/dT: Oxygen, SBE 43 [dov/dt]
# name 18 = oxsolML/L: Oxygen Saturation, Garcia & Gordon [ml/l]
# name 19 = oxsolMg/L: Oxygen Saturation, Garcia & Gordon [mg/l]
# name 20 = oxsolMm/Kg: Oxygen Saturation, Garcia & Gordon [umol/kg]
# name 21 = n2satMg/L: Nitrogen Saturation [mg/l]
# name 22 = par: PAR/Irradiance, Biospherical/Licor
# name 23 = wetStar: Fluorescence, WET Labs WETstar [mg/m^3]
# name 24 = CStarAt0: Beam Attenuation, WET Labs C-Star [1/m]
# name 25 = CStarTr0: Beam Transmission, WET Labs C-Star [%]
# name 26 = flag: flag
# span 0 =        109,        614       
# span 1 = 205.486168, 205.487631       
# span 2 =    0.00746,    0.04259       
# span 3 =     0.4480,     2.5553       
# span 4 =     26.882,    153.320       
# span 5 =      1.008,     69.657       
# span 6 =  46905.267,  50097.837       
# span 7 =    29.9043,    31.7612       
# span 8 =     9.0034,    12.1410       
# span 9 =      1.000,     69.000       
# span 10 =     8.9965,    12.1413      
# span 11 =    22.6120,    24.5836      
# span 12 =     5.3403,     6.5157      
# span 13 =     7.6318,     9.3117      
# span 14 =     85.688,    102.370      
# span 15 =    233.225,    284.203      
# span 16 =    238.499,    290.992      
# span 17 =   -0.03345,    0.02658      
# span 18 =    6.22989,    6.59046      
# span 19 =    8.90314,    9.41843      
# span 20 =  272.07305,  287.26772      
# span 21 =   14.15110,   14.87101      
# span 22 = 6.5478e-02, 2.1300e+02      
# span 23 =     0.6801,     6.4553      
# span 24 =     0.2145,     0.5112      
# span 25 =    88.0868,    94.7766      
# span 26 = 0.0000e+00, 0.0000e+00      
# interval = meters: 1                  
# start_time = Jul 24 2014 11:39:38 [Instrument's time stamp, header]
# bad_flag = -9.990e-29
*END*
[from data line 54]
        552 205.487452    0.03829     2.2977    137.864     55.525  50060.268    31.7484     9.0554     55.000     9.0471    24.5653     5.7820     8.2632     87.828    252.036    258.227   -0.00139    6.58339    9.40832  286.96494   14.85659 1.3335e-01     0.7135     0.2175    94.7068 0.0000e+00
        556 205.487463    0.03856     2.3140    138.837     56.533  50061.625    31.7483     9.0508     56.000     9.0417    24.5659     5.7753     8.2535     87.717    251.741    257.926   -0.00232    6.58407    9.40929  286.99434   14.85799 1.2374e-01     0.7384     0.2168    94.7252 0.0000e+00
        561 205.487476    0.03888     2.3325    139.952     57.544  50067.926    31.7514     9.0446     57.000     9.0376    24.5693     5.7728     8.2499     87.668    251.630    257.813   -0.00194    6.58485    9.41040  287.02710   14.85954 1.1563e-01     0.7256     0.2145    94.7766 0.0000e+00
        566 205.487490    0.03921     2.3523    141.137     58.558  50069.641    31.7519     9.0429     58.000     9.0358    24.5700     5.7802     8.2604     87.777    251.951    258.142   -0.00067    6.58507    9.41073  287.03673   14.86000 1.0837e-01     0.6971     0.2176    94.7055 0.0000e+00
        570 205.487502    0.03949     2.3695    142.171     59.570  50068.978    31.7507     9.0408     59.000     9.0311    24.5693     5.7899     8.2742     87.919    252.373    258.573    0.00119    6.58543    9.41123  287.05244   14.86076 1.0143e-01     0.7050     0.2169    94.7203 0.0000e+00
        573 205.487512    0.03973     2.3842    143.053     60.572  50070.512    31.7499     9.0307     60.000     9.0181    24.5703     5.7904     8.2750     87.907    252.397    258.598    0.00051    6.58695    9.41340  287.11841   14.86391 9.5877e-02     0.7037     0.2183    94.6873 0.0000e+00
        577 205.487524    0.04001     2.4007    144.044     61.581  50082.111    31.7562     9.0214     61.000     9.0133    24.5768     5.7841     8.2660     87.797    252.120    258.316   -0.00050    6.58804    9.41496  287.16406   14.86607 9.0793e-02     0.7422     0.2164    94.7347 0.0000e+00
        582 205.487538    0.04035     2.4208    145.248     62.593  50084.510    31.7568     9.0164     62.000     9.0071    24.5780     5.7728     8.2499     87.616    251.628    257.812   -0.00224    6.58874    9.41597  287.19443   14.86752 8.6276e-02     0.6955     0.2158    94.7481 0.0000e+00
        587 205.487552    0.04071     2.4423    146.540     63.615  50089.877    31.7593     9.0112     63.000     9.0046    24.5808     5.7697     8.2455     87.561    251.495    257.677   -0.00190    6.58939    9.41690  287.22207   14.86883 8.2336e-02     0.7274     0.2168    94.7253 0.0000e+00
        591 205.487563    0.04094     2.4567    147.402     64.614  50090.171    31.7591     9.0110     64.000     9.0037    24.5807     5.7713     8.2477     87.583    251.561    257.744   -0.00134    6.58944    9.41698  287.22436   14.86894 7.8929e-02     0.7132     0.2182    94.6906 0.0000e+00
        594 205.487573    0.04120     2.4720    148.319     65.617  50091.195    31.7593     9.0103     65.000     9.0030    24.5809     5.7753     8.2535     87.643    251.736    257.924   -0.00049    6.58952    9.41709  287.22790   14.86911 7.5473e-02     0.7830     0.2156    94.7539 0.0000e+00
        599 205.487587    0.04153     2.4919    149.515     66.636  50092.961    31.7599     9.0087     66.000     9.0018    24.5816     5.7737     8.2513     87.618    251.670    257.858   -0.00051    6.58974    9.41739  287.23689   14.86954 7.2596e-02     0.7477     0.2158    94.7481 0.0000e+00
        604 205.487600    0.04186     2.5113    150.675     67.640  50092.697    31.7593     9.0088     67.000     9.0009    24.5812     5.7730     8.2501     87.605    251.634    257.819   -0.00060    6.58976    9.41741  287.23768   14.86958 6.9875e-02     0.6953     0.2176    94.7066 0.0000e+00
        609 205.487616    0.04222     2.5336    152.017     68.654  50094.423    31.7595     9.0056     68.000     8.9973    24.5819     5.7762     8.2548     87.649    251.777    257.966   -0.00009    6.59022    9.41808  287.25779   14.87054 6.7560e-02     0.7121     0.2193    94.6661 0.0000e+00
        614 205.487631    0.04259     2.5553    153.320     69.657  50097.837    31.7612     9.0034     69.000     8.9965    24.5836     5.7750     8.2531     87.626    251.722    257.909   -0.00010    6.59046    9.41843  287.26772   14.87101 6.5478e-02     0.6801     0.2178    94.6999 0.0000e+00
