CTD-processing/allCTD/CNV/2014_04-06_t6_s10_cast247_5028.cnv
* Sea-Bird SBE19plus Data File:
* FileName = C:\Users\kris.holderied\Documents\kasitsna\Research-Projects-and-Data\Oceanography-AK\CTD-CookInlet-GulfWatchAK\2014-04-EVOSTC-CookInlet-Ocean\2014-04-06-CookInlet-Tran6-Douglas\2014-04-06-CookInlet-Tran6-cast247.hex
* Software Version 1.59
* Temperature SN =  5028
* Conductivity SN =  5028
* System UpLoad Time = Apr 09 2014 11:28:50
** Cook Inlet LTM Transect 6 (Douglas) east to west
** Date: 6 Apr 2014
** Station: 9-10
** Start time: 11:56
** Depth (m): 94
** Comment:  CTD instrument time is AK Daylight time
** Comment:
# nquan = 27
# nvalues = 92                          
# units = specified
# name 0 = scan: Scan Count
# name 1 = timeJ: Julian Days
# name 2 = timeH: Time, Elapsed [hours]
# name 3 = timeM: Time, Elapsed [minutes]
# name 4 = timeS: Time, Elapsed [seconds]
# name 5 = prdM: Pressure, Strain Gauge [db]
# name 6 = specc: Specific Conductance [uS/cm]
# name 7 = sal00: Salinity, Practical [PSU]
# name 8 = tv290C: Temperature [ITS-90, deg C]
# name 9 = depSM: Depth [salt water, m], lat = 59.00
# name 10 = potemp090C: Potential Temperature [ITS-90, deg C]
# name 11 = sigma-é00: Density [sigma-theta, kg/m^3]
# name 12 = sbeox0ML/L: Oxygen, SBE 43 [ml/l]
# name 13 = sbeox0Mg/L: Oxygen, SBE 43 [mg/l]
# name 14 = sbeox0PS: Oxygen, SBE 43 [% saturation]
# name 15 = sbox0Mm/Kg: Oxygen, SBE 43 [umol/kg]
# name 16 = sbeox0Mm/L: Oxygen, SBE 43 [umol/l]
# name 17 = sbox0dV/dT: Oxygen, SBE 43 [dov/dt]
# name 18 = oxsolML/L: Oxygen Saturation, Garcia & Gordon [ml/l]
# name 19 = oxsolMg/L: Oxygen Saturation, Garcia & Gordon [mg/l]
# name 20 = oxsolMm/Kg: Oxygen Saturation, Garcia & Gordon [umol/kg]
# name 21 = potemp090C: Potential Temperature [ITS-90, deg C]
# name 22 = n2satMg/L: Nitrogen Saturation [mg/l]
# name 23 = par: PAR/Irradiance, Biospherical/Licor
# name 24 = flECO-AFL: Fluorescence, WET Labs ECO-AFL/FL [mg/m^3]
# name 25 = turbWETntu0: Turbidity, WET Labs ECO [NTU]
# name 26 = flag: flag
# span 0 =         66,        635       
# span 1 =  96.497110,  96.498756       
# span 2 =    0.00453,    0.04403       
# span 3 =     0.2719,     2.6418       
# span 4 =     16.314,    158.510       
# span 5 =      1.010,     92.889       
# span 6 =  49785.536,  51623.653       
# span 7 =    30.9165,    32.0607       
# span 8 =     4.7985,     4.8656       
# span 9 =      1.000,     92.000       
# span 10 =     4.7976,     4.8594      
# span 11 =    24.4602,    25.3609      
# span 12 =     5.9888,     7.3156      
# span 13 =     8.5586,    10.4547      
# span 14 =     81.953,    100.891      
# span 15 =    261.121,    318.651      
# span 16 =    267.459,    326.715      
# span 17 =   -0.00108,    0.03034      
# span 18 =    7.23701,    7.30738      
# span 19 =   10.34240,   10.44298      
# span 20 =  315.21069,  318.61150      
# span 21 =     4.7976,     4.8590      
# span 22 =   16.20254,   16.36904      
# span 23 = 5.6636e-02, 1.2593e+02      
# span 24 =     0.1908,     0.5817      
# span 25 =     0.3478,     0.4851      
# span 26 = 0.0000e+00, 0.0000e+00      
# interval = meters: 1                  
# start_time = Apr 06 2014 11:55:34 [Instrument's time stamp, header]
# bad_flag = -9.990e-29
*END*
         66  96.497110    0.00453     0.2719     16.314      1.010  49785.536    30.9165     4.8089      1.000     4.8094    24.4602     5.9888     8.5586     81.953    261.121    267.459   -0.00108    7.30738   10.44298  318.61150     4.8088   16.36904 1.2489e+02     0.1908     0.4851 0.0000e+00
        287  96.497748    0.01984     1.1901     71.408      2.019  51531.407    32.0250     4.8143      2.000     4.8141    25.3373     6.0100     8.5889     82.927    261.769    268.405    0.00874    7.24732   10.35714  315.66277     4.8141   16.22419 1.2593e+02     0.3658     0.3478 0.0000e+00
        276  96.497717    0.01909     1.1452     68.715      3.028  51414.041    31.9498     4.8135      3.000     4.8116    25.2778     6.3651     9.0963     87.777    277.256    284.265    0.02120    7.25146   10.36306  315.86580     4.8133   16.23416 1.0526e+02     0.3593     0.3636 0.0000e+00
        280  96.497728    0.01935     1.1609     69.656      4.038  51416.628    31.9503     4.8103      4.000     4.8094    25.2786     6.6518     9.5061     91.725    289.747    297.071    0.02994    7.25198   10.36380  315.88813     4.8101   16.23523 8.8226e+01     0.3712     0.3715 0.0000e+00
        283  96.497738    0.01961     1.1767     70.605      5.047  51418.558    31.9511     4.8099      5.000     4.8094    25.2792     6.7690     9.6735     93.339    294.848    302.302    0.03034    7.25201   10.36385  315.88946     4.8096   16.23529 7.2515e+01     0.4047     0.3756 0.0000e+00
        287  96.497748    0.01984     1.1907     71.443      6.057  51416.811    31.9493     4.8093      6.000     4.8067    25.2778     6.7862     9.6982     93.574    295.600    303.072    0.02692    7.25222   10.36414  315.89866     4.8089   16.23573 6.1359e+01     0.4283     0.3809 0.0000e+00
        290  96.497757    0.02006     1.2038     72.230      7.066  51416.777    31.9478     4.8054      7.000     4.8015    25.2772     6.7845     9.6957     93.541    295.525    302.995    0.02325    7.25296   10.36521  315.93140     4.8049   16.23730 5.5197e+01     0.4460     0.3834 0.0000e+00
        293  96.497766    0.02028     1.2169     73.016      8.075  51422.717    31.9504     4.8006      8.000     4.7987    25.2797     6.7947     9.7104     93.673    295.972    303.454    0.02051    7.25367   10.36622  315.96153     4.8001   16.23872 5.0843e+01     0.4784     0.3893 0.0000e+00
        296  96.497776    0.02052     1.2308     73.850      9.085  51427.641    31.9529     4.7991      9.000     4.7984    25.2819     6.8283     9.7583     94.134    297.433    304.952    0.01899    7.25381   10.36642  315.96683     4.7985   16.23897 4.7261e+01     0.4973     0.3846 0.0000e+00
        300  96.497786    0.02076     1.2457     74.739     10.094  51429.619    31.9538     4.7991     10.000     4.7986    25.2825     6.8695     9.8172     94.702    299.226    306.792    0.01789    7.25376   10.36635  315.96453     4.7984   16.23885 4.3993e+01     0.5257     0.3929 0.0000e+00
        304  96.497797    0.02101     1.2606     75.633     11.104  51429.434    31.9531     4.7993     11.000     4.7983    25.2821     6.9062     9.8696     95.208    300.825    308.431    0.01672    7.25376   10.36635  315.96485     4.7985   16.23887 4.0416e+01     0.5389     0.3969 0.0000e+00
        307  96.497807    0.02124     1.2743     76.459     12.114  51428.748    31.9521     4.7990     12.000     4.7979    25.2813     6.9499     9.9321     95.810    302.730    310.383    0.01615    7.25386   10.36650  315.96941     4.7982   16.23909 3.6823e+01     0.5421     0.3921 0.0000e+00
        310  96.497815    0.02146     1.2873     77.235     13.123  51429.246    31.9519     4.7986     13.000     4.7976    25.2811     7.0002    10.0040     96.503    304.921    312.630    0.01610    7.25394   10.36661  315.97290     4.7977   16.23926 3.3527e+01     0.5581     0.3908 0.0000e+00
        313  96.497824    0.02168     1.3005     78.033     14.132  51430.789    31.9524     4.7985     14.000     4.7977    25.2816     7.0475    10.0715     97.153    306.977    314.738    0.01592    7.25393   10.36659  315.97216     4.7976   16.23921 3.0952e+01     0.5772     0.3900 0.0000e+00
        317  96.497835    0.02192     1.3151     78.905     15.142  51432.534    31.9532     4.7989     15.000     4.7982    25.2821     7.0838    10.1234     97.655    308.559    316.360    0.01513    7.25382   10.36644  315.96735     4.7979   16.23898 2.8753e+01     0.5739     0.3895 0.0000e+00
        320  96.497845    0.02216     1.3300     79.798     16.151  51434.387    31.9541     4.7995     16.000     4.7988    25.2828     7.1139    10.1664     98.073    309.871    317.706    0.01410    7.25368   10.36623  315.96076     4.7984   16.23867 2.6374e+01     0.5744     0.3863 0.0000e+00
        324  96.497855    0.02241     1.3448     80.686     17.161  51435.762    31.9547     4.8002     17.000     4.7994    25.2832     7.1465    10.2131     98.525    311.293    319.163    0.01335    7.25353   10.36602  315.95428     4.7990   16.23836 2.4110e+01     0.5817     0.3810 0.0000e+00
        327  96.497865    0.02266     1.3594     81.566     18.171  51438.439    31.9562     4.8009     18.000     4.8002    25.2844     7.1725    10.2502     98.885    312.423    320.322    0.01248    7.25334   10.36575  315.94561     4.7996   16.23794 2.1963e+01     0.5791     0.3858 0.0000e+00
        331  96.497875    0.02289     1.3729     82.376     19.180  51441.074    31.9577     4.8018     19.000     4.8009    25.2855     7.1945    10.2817     99.193    313.384    321.308    0.01167    7.25310   10.36541  315.93492     4.8005   16.23742 1.9990e+01     0.5640     0.3953 0.0000e+00
        334  96.497884    0.02310     1.3860     83.161     20.190  51442.441    31.9582     4.8024     20.000     4.8010    25.2859     7.2185    10.3159     99.525    314.428    322.378    0.01113    7.25299   10.36524  315.92962     4.8010   16.23717 1.8233e+01     0.5494     0.3899 0.0000e+00
        337  96.497894    0.02333     1.4001     84.009     21.199  51443.779    31.9587     4.8024     21.000     4.8009    25.2862     7.2394    10.3458     99.812    315.335    323.309    0.01040    7.25295   10.36518  315.92799     4.8010   16.23709 1.6672e+01     0.5387     0.3868 0.0000e+00
        341  96.497905    0.02361     1.4167     85.001     22.209  51445.072    31.9590     4.8024     22.000     4.8008    25.2865     7.2549    10.3680    100.027    316.013    324.004    0.00935    7.25295   10.36518  315.92774     4.8008   16.23708 1.5266e+01     0.5178     0.3781 0.0000e+00
        345  96.497917    0.02390     1.4342     86.050     23.219  51445.843    31.9590     4.8024     23.000     4.8008    25.2865     7.2615    10.3775    100.119    316.304    324.302    0.00802    7.25293   10.36516  315.92708     4.8008   16.23705 1.3901e+01     0.5149     0.3760 0.0000e+00
        349  96.497928    0.02418     1.4504     87.025     24.227  51446.515    31.9591     4.8026     24.000     4.8008    25.2865     7.2663    10.3843    100.185    316.510    324.514    0.00688    7.25290   10.36513  315.92614     4.8009   16.23700 1.2617e+01     0.5074     0.3791 0.0000e+00
        353  96.497940    0.02443     1.4661     87.965     25.237  51447.572    31.9593     4.8026     25.000     4.8007    25.2867     7.2728    10.3937    100.275    316.794    324.804    0.00606    7.25290   10.36512  315.92569     4.8008   16.23698 1.1492e+01     0.4993     0.3815 0.0000e+00
        357  96.497952    0.02473     1.4840     89.040     26.247  51449.336    31.9600     4.8024     26.000     4.8003    25.2873     7.2808    10.4050    100.384    317.140    325.159    0.00528    7.25290   10.36512  315.92568     4.8005   16.23698 1.0522e+01     0.4980     0.3801 0.0000e+00
        362  96.497966    0.02507     1.5040     90.240     27.257  51453.186    31.9620     4.8019     27.000     4.7996    25.2889     7.2901    10.4183    100.513    317.544    325.575    0.00462    7.25290   10.36512  315.92494     4.7999   16.23693 9.6175e+00     0.4965     0.3740 0.0000e+00
        366  96.497978    0.02536     1.5214     91.285     28.267  51459.643    31.9658     4.8013     28.000     4.7992    25.2920     7.2929    10.4223    100.552    317.665    325.700    0.00392    7.25281   10.36499  315.92019     4.7993   16.23670 8.7362e+00     0.4829     0.3716 0.0000e+00
        370  96.497989    0.02562     1.5369     92.216     29.276  51466.034    31.9697     4.8014     29.000     4.7997    25.2951     7.2952    10.4256    100.587    317.767    325.805    0.00338    7.25260   10.36468  315.90992     4.7993   16.23619 7.9539e+00     0.4660     0.3824 0.0000e+00
        374  96.498002    0.02593     1.5561     93.365     30.286  51474.273    31.9752     4.8025     30.000     4.8009    25.2993     7.3052    10.4398    100.731    318.199    326.249    0.00314    7.25214   10.36403  315.88862     4.8004   16.23515 7.3095e+00     0.4609     0.3916 0.0000e+00
        379  96.498016    0.02628     1.5766     94.596     31.295  51479.893    31.9788     4.8039     31.000     4.8021    25.3021     7.3095    10.4460    100.797    318.387    326.443    0.00269    7.25172   10.36343  315.86955     4.8017   16.23423 6.6720e+00     0.4473     0.3747 0.0000e+00
        383  96.498028    0.02655     1.5931     95.586     32.304  51481.510    31.9796     4.8046     32.000     4.8025    25.3026     7.3076    10.4433    100.773    318.302    326.356    0.00215    7.25155   10.36319  315.86212     4.8024   16.23387 6.0760e+00     0.4441     0.3748 0.0000e+00
        387  96.498039    0.02684     1.6102     96.610     33.314  51482.395    31.9798     4.8049     33.000     4.8026    25.3027     7.3092    10.4456    100.796    318.372    326.428    0.00181    7.25150   10.36312  315.85984     4.8025   16.23377 5.5511e+00     0.4468     0.3777 0.0000e+00
        392  96.498054    0.02718     1.6310     97.860     34.324  51483.946    31.9803     4.8052     34.000     4.8028    25.3032     7.3123    10.4500    100.840    318.509    326.568    0.00155    7.25142   10.36301  315.85631     4.8027   16.23359 5.0772e+00     0.4437     0.3747 0.0000e+00
        399  96.498072    0.02761     1.6564     99.382     35.333  51485.431    31.9809     4.8055     35.000     4.8030    25.3036     7.3126    10.4504    100.845    318.521    326.581    0.00117    7.25134   10.36290  315.85271     4.8030   16.23342 4.6448e+00     0.4412     0.3763 0.0000e+00
        406  96.498092    0.02811     1.6864    101.185     36.343  51489.625    31.9834     4.8058     36.000     4.8034    25.3055     7.3148    10.4537    100.878    318.617    326.680    0.00090    7.25116   10.36263  315.84425     4.8033   16.23300 4.2318e+00     0.4318     0.3695 0.0000e+00
        410  96.498105    0.02840     1.7041    102.249     37.353  51492.040    31.9847     4.8063     37.000     4.8038    25.3065     7.3156    10.4547    100.891    318.651    326.715    0.00075    7.25101   10.36242  315.83759     4.8037   16.23269 3.8482e+00     0.4251     0.3841 0.0000e+00
        415  96.498118    0.02872     1.7231    103.389     38.362  51493.056    31.9849     4.8065     38.000     4.8039    25.3066     7.3140    10.4524    100.870    318.581    326.643    0.00053    7.25096   10.36235  315.83517     4.8038   16.23257 3.5296e+00     0.4156     0.3876 0.0000e+00
        419  96.498132    0.02906     1.7437    104.624     39.371  51493.687    31.9849     4.8066     39.000     4.8039    25.3066     7.3105    10.4473    100.821    318.425    326.483    0.00024    7.25094   10.36232  315.83422     4.8039   16.23253 3.2225e+00     0.4151     0.3907 0.0000e+00
        423  96.498143    0.02934     1.7601    105.608     40.382  51494.799    31.9851     4.8068     40.000     4.8040    25.3068     7.3128    10.4507    100.853    318.528    326.589    0.00026    7.25091   10.36227  315.83262     4.8039   16.23244 2.9223e+00     0.4351     0.3934 0.0000e+00
        427  96.498153    0.02957     1.7741    106.449     41.391  51496.111    31.9856     4.8070     41.000     4.8042    25.3072     7.3118    10.4493    100.840    318.485    326.545    0.00015    7.25085   10.36218  315.83006     4.8041   16.23232 2.6525e+00     0.4373     0.3903 0.0000e+00
        430  96.498163    0.02981     1.7885    107.308     42.401  51498.118    31.9865     4.8073     42.000     4.8046    25.3079     7.3126    10.4504    100.852    318.517    326.578    0.00011    7.25076   10.36206  315.82588     4.8043   16.23212 2.4162e+00     0.4214     0.3862 0.0000e+00
        435  96.498176    0.03011     1.8065    108.390     43.411  51500.721    31.9880     4.8080     43.000     4.8052    25.3090     7.3131    10.4511    100.861    318.538    326.600    0.00009    7.25056   10.36178  315.81697     4.8049   16.23169 2.2150e+00     0.4144     0.3934 0.0000e+00
        440  96.498192    0.03049     1.8292    109.750     44.420  51501.870    31.9884     4.8086     44.000     4.8056    25.3093     7.3103    10.4472    100.826    318.419    326.478   -0.00007    7.25043   10.36158  315.81109     4.8055   16.23141 2.0353e+00     0.4273     0.3943 0.0000e+00
        444  96.498204    0.03079     1.8474    110.842     45.430  51502.785    31.9886     4.8088     45.000     4.8057    25.3094     7.3080    10.4438    100.794    318.317    326.374   -0.00017    7.25039   10.36153  315.80942     4.8056   16.23133 1.8600e+00     0.4189     0.3956 0.0000e+00
        448  96.498214    0.03102     1.8616    111.695     46.439  51503.651    31.9887     4.8091     46.000     4.8058    25.3095     7.3044    10.4387    100.745    318.161    326.213   -0.00034    7.25034   10.36146  315.80735     4.8058   16.23123 1.7015e+00     0.4195     0.3943 0.0000e+00
        451  96.498223    0.03126     1.8753    112.520     47.449  51504.119    31.9885     4.8092     47.000     4.8058    25.3093     7.3062    10.4413    100.771    318.241    326.296   -0.00028    7.25033   10.36144  315.80670     4.8058   16.23120 1.5608e+00     0.4082     0.3895 0.0000e+00
        455  96.498235    0.03152     1.8910    113.460     48.458  51505.302    31.9889     4.8092     48.000     4.8058    25.3096     7.3100    10.4467    100.823    318.405    326.464   -0.00011    7.25030   10.36140  315.80549     4.8058   16.23114 1.4334e+00     0.4192     0.3811 0.0000e+00
        459  96.498247    0.03181     1.9087    114.520     49.468  51506.137    31.9890     4.8094     49.000     4.8059    25.3097     7.3086    10.4447    100.804    318.344    326.401   -0.00017    7.25027   10.36136  315.80407     4.8059   16.23107 1.3096e+00     0.4197     0.3899 0.0000e+00
        463  96.498259    0.03210     1.9262    115.572     50.478  51506.574    31.9889     4.8095     50.000     4.8059    25.3096     7.3036    10.4376    100.736    318.128    326.179   -0.00037    7.25026   10.36136  315.80400     4.8059   16.23107 1.1905e+00     0.4135     0.4017 0.0000e+00
        468  96.498272    0.03241     1.9446    116.674     51.487  51506.776    31.9885     4.8094     51.000     4.8057    25.3093     7.2965    10.4274    100.637    317.816    325.859   -0.00064    7.25029   10.36138  315.80507     4.8058   16.23112 1.0817e+00     0.4195     0.3895 0.0000e+00
        472  96.498285    0.03273     1.9639    117.831     52.497  51506.163    31.9875     4.8092     52.000     4.8054    25.3085     7.2959    10.4266    100.628    317.792    325.835   -0.00059    7.25038   10.36151  315.80920     4.8055   16.23132 9.8536e-01     0.4297     0.3866 0.0000e+00
        477  96.498300    0.03308     1.9849    119.091     53.506  51506.916    31.9874     4.8090     53.000     4.8052    25.3085     7.2914    10.4201    100.566    317.597    325.635   -0.00068    7.25041   10.36156  315.81078     4.8052   16.23140 9.0286e-01     0.4356     0.4160 0.0000e+00
