CTD-processing/allCTD/CNV/2014_10-13_t3_s06_cast093_4141.cnv
* Sea-Bird SBE19plus Data File:
* FileName = C:\Users\kris.holderied\Documents\kasitsna\Research-Projects-and-Data\Oceanography-AK\CTD-Data-ALL-to-2014-10\2014-CTD-KachemakBay-CookInlet\2014-10-EVOSTC-CookInlet\2014-10-13-CookInlet-Tran3-AnchorPt\2014-10-13-CookInlet-Tran3-cast093.hex
* Software Version 1.59
* Temperature SN =  4141
* Conductivity SN =  4141
* System UpLoad Time = Oct 13 2014 18:18:29
** Cook Inlet LTM Tran3 (Anchor Pt)  southeast to northwest
** Date: 10-13
** Station: 3-06
** Start time: 16:17
** Depth (m): 48
** Comment:  CTD time is Alaska Daylight time.  R/V Pandalus. Transducer  depth.
** Comment:
# nquan = 27
# nvalues = 48                          
# units = specified
# name 0 = scan: Scan Count
# name 1 = timeJ: Julian Days
# name 2 = timeH: Time, Elapsed [hours]
# name 3 = timeM: Time, Elapsed [minutes]
# name 4 = timeS: Time, Elapsed [seconds]
# name 5 = prdM: Pressure, Strain Gauge [db]
# name 6 = specc: Specific Conductance [uS/cm]
# name 7 = sal00: Salinity, Practical [PSU]
# name 8 = tv290C: Temperature [ITS-90, deg C]
# name 9 = depSM: Depth [salt water, m], lat = 59.00
# name 10 = potemp090C: Potential Temperature [ITS-90, deg C]
# name 11 = sigma-é00: Density [sigma-theta, kg/m^3]
# name 12 = sbeox0ML/L: Oxygen, SBE 43 [ml/l]
# name 13 = sbeox0Mg/L: Oxygen, SBE 43 [mg/l]
# name 14 = sbeox0PS: Oxygen, SBE 43 [% saturation]
# name 15 = sbox0Mm/Kg: Oxygen, SBE 43 [umol/kg]
# name 16 = sbeox0Mm/L: Oxygen, SBE 43 [umol/l]
# name 17 = sbox0dV/dT: Oxygen, SBE 43 [dov/dt]
# name 18 = oxsolML/L: Oxygen Saturation, Garcia & Gordon [ml/l]
# name 19 = oxsolMg/L: Oxygen Saturation, Garcia & Gordon [mg/l]
# name 20 = oxsolMm/Kg: Oxygen Saturation, Garcia & Gordon [umol/kg]
# name 21 = n2satMg/L: Nitrogen Saturation [mg/l]
# name 22 = par: PAR/Irradiance, Biospherical/Licor
# name 23 = wetStar: Fluorescence, WET Labs WETstar [mg/m^3]
# name 24 = CStarAt0: Beam Attenuation, WET Labs C-Star [1/m]
# name 25 = CStarTr0: Beam Transmission, WET Labs C-Star [%]
# name 26 = flag: flag
# span 0 =         72,        528       
# span 1 = 286.679281, 286.680599       
# span 2 =    0.00496,    0.03660       
# span 3 =     0.2976,     2.1958       
# span 4 =     17.858,    131.745       
# span 5 =      1.011,     48.456       
# span 6 =  45525.333,  46409.701       
# span 7 =    28.6663,    29.2887       
# span 8 =     9.5880,     9.7939       
# span 9 =      1.000,     48.000       
# span 10 =     9.6059,     9.7904      
# span 11 =    22.0754,    22.5297      
# span 12 =     5.2141,     5.8422      
# span 13 =     7.4515,     8.3491      
# span 14 =     78.565,     88.146      
# span 15 =    227.832,    255.276      
# span 16 =    232.862,    260.914      
# span 17 =   -0.03568,    0.04908      
# span 18 =    6.57998,    6.63651      
# span 19 =    9.40345,    9.48424      
# span 20 =  287.38722,  289.98500      
# span 21 =   14.88680,   15.01353      
# span 22 = -4.765e-01, 1.1288e+01      
# span 23 =     0.3518,     0.7496      
# span 24 =     1.8691,    10.3071      
# span 25 =     7.7705,    62.6710      
# span 26 = 0.0000e+00, 0.0000e+00      
# interval = meters: 1                  
# start_time = Oct 13 2014 16:17:52 [Instrument's time stamp, header]
# bad_flag = -9.990e-29
*END*
         72 286.679281    0.00496     0.2976     17.858      1.011  45525.333    28.6663     9.5880      1.000     9.6059    22.0754     5.2141     7.4515     78.565    227.832    232.862   -0.03568    6.63651    9.48424  289.98500   15.01353 1.1288e+01     0.3518     1.9057    62.0257 0.0000e+00
        235 286.679752    0.01626     0.9755     58.530      2.014  45547.417    28.6870     9.6357      2.000     9.6375    22.0842     5.4158     7.7398     81.706    236.647    241.873    0.04908    6.62863    9.47297  289.63793   14.99686 4.2493e+00     0.5961     1.9682    61.1415 0.0000e+00
        298 286.679934    0.02063     1.2380     74.283      3.029  45548.630    28.6880     9.6404      3.000     9.6400    22.0843     5.8422     8.3491     88.146    255.276    260.914    0.04042    6.62787    9.47189  289.60510   14.99529 3.2605e+00     0.6777     1.9082    62.0640 0.0000e+00
        306 286.679956    0.02115     1.2692     76.154      4.054  45548.268    28.6873     9.6403      4.000     9.6392    22.0838     5.7524     8.2208     86.791    251.352    256.903    0.00202    6.62792    9.47196  289.60722   14.99539 -4.765e-01     0.6712     1.8691    62.6710 0.0000e+00
        309 286.679964    0.02138     1.2826     76.954      5.037  45569.941    28.7019     9.6394      5.000     9.6389    22.0953     5.7597     8.2312     86.907    251.669    257.230    0.00412    6.62743    9.47127  289.58275   14.99416 3.6455e-02     0.7496     2.1323    58.6992 0.0000e+00
        315 286.679984    0.02183     1.3097     78.582      6.057  45581.273    28.7094     9.6393      6.000     9.6389    22.1012     5.7551     8.2246     86.841    251.463    257.021    0.00153    6.62714    9.47084  289.56808   14.99343 3.6379e-02     0.6729     2.1419    58.5460 0.0000e+00
        322 286.680003    0.02228     1.3371     80.224      7.073  45591.902    28.7165     9.6409      7.000     9.6417    22.1065     5.7477     8.2141     86.737    251.142    256.694   -0.00034    6.62659    9.47006  289.54262   14.99218 3.6382e-02     0.6549     2.1669    58.1818 0.0000e+00
        326 286.680015    0.02258     1.3546     81.273      8.074  45619.908    28.7364     9.6470      8.000     9.6522    22.1212     5.7502     8.2176     86.798    251.247    256.805    0.00025    6.62485    9.46757  289.46231   14.98826 3.6382e-02     0.6353     2.4585    54.1198 0.0000e+00
        331 286.680029    0.02292     1.3748     82.488      9.080  45620.283    28.7376     9.6581      9.000     9.6592    22.1204     5.7462     8.2119     86.759    251.072    256.626   -0.00019    6.62317    9.46517  289.38929   14.98477 3.6382e-02     0.6331     2.7783    49.9500 0.0000e+00
        337 286.680047    0.02336     1.4015     84.091     10.098  45619.649    28.7372     9.6617     10.000     9.6610    22.1195     5.7328     8.1928     86.564    250.488    256.029   -0.00185    6.62266    9.46445  289.36745   14.98373 3.6382e-02     0.6913     2.9138    48.2683 0.0000e+00
        343 286.680063    0.02374     1.4244     85.462     11.102  45622.087    28.7387     9.6634     11.000     9.6631    22.1204     5.7223     8.1778     86.409    250.028    255.558   -0.00259    6.62235    9.46400  289.35336   14.98305 3.6382e-02     0.6535     3.0642    46.4903 0.0000e+00
        349 286.680082    0.02419     1.4512     87.071     12.123  45622.110    28.7385     9.6657     12.000     9.6642    22.1200     5.7264     8.1836     86.475    250.206    255.740   -0.00087    6.62202    9.46353  289.33922   14.98237 3.6382e-02     0.6958     3.1465    45.5415 0.0000e+00
        353 286.680094    0.02447     1.4686     88.115     13.121  45626.701    28.7414     9.6655     13.000     9.6650    22.1222     5.7350     8.1959     86.607    250.581    256.125    0.00054    6.62193    9.46340  289.33451   14.98214 3.6382e-02     0.6626     3.3983    42.7663 0.0000e+00
        358 286.680107    0.02479     1.4875     89.249     14.119  45633.520    28.7459     9.6674     14.000     9.6661    22.1255     5.7440     8.2089     86.750    250.979    256.531    0.00172    6.62146    9.46273  289.31304   14.98109 3.6382e-02     0.7187     3.5216    41.4597 0.0000e+00
        369 286.680140    0.02558     1.5346     92.076     15.159  45634.996    28.7466     9.6677     15.000     9.6658    22.1260     5.7363     8.1978     86.634    250.640    256.185   -0.00024    6.62138    9.46262  289.30979   14.98093 3.6382e-02     0.6694     3.3710    43.0786 0.0000e+00
        372 286.680148    0.02578     1.5469     92.816     16.149  45635.867    28.7466     9.6665     16.000     9.6622    22.1263     5.7316     8.1909     86.558    250.429    255.970   -0.00093    6.62157    9.46288  289.31776   14.98131 3.6382e-02     0.7312     3.7314    39.3332 0.0000e+00
        377 286.680161    0.02609     1.5652     93.912     17.152  45646.031    28.7526     9.6606     17.000     9.6569    22.1318     5.7359     8.1971     86.616    250.617    256.164   -0.00036    6.62217    9.46375  289.34270   14.98248 3.6382e-02     0.6666     3.6156    40.5145 0.0000e+00
        386 286.680187    0.02671     1.6024     96.147     18.176  45650.185    28.7546     9.6566     18.000     9.6546    22.1340     5.7441     8.2089     86.734    250.977    256.533    0.00071    6.62266    9.46444  289.36311   14.98345 3.6382e-02     0.6143     3.2404    44.4782 0.0000e+00
        392 286.680204    0.02712     1.6276     97.654     19.188  45652.210    28.7555     9.6556     19.000     9.6532    22.1349     5.7380     8.2002     86.641    250.711    256.261   -0.00060    6.62278    9.46461  289.36809   14.98369 3.6382e-02     0.6829     3.3871    42.8858 0.0000e+00
        395 286.680215    0.02738     1.6426     98.557     20.188  45654.536    28.7566     9.6546     20.000     9.6526    22.1359     5.7377     8.1998     86.635    250.698    256.247   -0.00056    6.62287    9.46474  289.37185   14.98386 3.6382e-02     0.6309     3.5680    40.9886 0.0000e+00
        399 286.680227    0.02767     1.6601     99.607     21.186  45670.611    28.7677     9.6573     21.000     9.6585    22.1442     5.7358     8.1971     86.618    250.613    256.163   -0.00064    6.62201    9.46351  289.33169   14.98189 3.6382e-02     0.7105     3.4557    42.1611 0.0000e+00
        410 286.680259    0.02842     1.7055    102.330     22.231  45668.575    28.7666     9.6637     22.000     9.6605    22.1424     5.7349     8.1957     86.614    250.570    256.118   -0.00026    6.62112    9.46224  289.29363   14.98007 3.6382e-02     0.6133     2.7270    50.4925 0.0000e+00
        413 286.680266    0.02861     1.7169    103.014     23.219  45666.551    28.7646     9.6611     23.000     9.6611    22.1412     5.7334     8.1937     86.587    250.510    256.056   -0.00069    6.62158    9.46290  289.31416   14.98107 3.6382e-02     0.6329     2.9979    47.2798 0.0000e+00
        416 286.680276    0.02884     1.7301    103.808     24.218  45697.926    28.7873     9.6718     24.000     9.6773    22.1573     5.7344     8.1951     86.635    250.549    256.101   -0.00022    6.61906    9.45929  289.19923   14.97548 3.6382e-02     0.6442     2.8936    48.5287 0.0000e+00
        422 286.680291    0.02922     1.7529    105.176     25.235  45695.948    28.7871     9.6855     25.000     9.6871    22.1551     5.7403     8.2034     86.750    250.803    256.361    0.00080    6.61705    9.45642  289.11196   14.97131 3.6382e-02     0.5943     2.5529    52.8482 0.0000e+00
        428 286.680311    0.02967     1.7804    106.824     26.256  45701.791    28.7926     9.6999     26.000     9.7005    22.1570     5.7411     8.2046     86.794    250.839    256.397    0.00066    6.61470    9.45307  289.00910   14.96637 3.6382e-02     0.5777     2.2196    57.4155 0.0000e+00
        432 286.680321    0.02994     1.7964    107.784     27.262  45704.922    28.7951     9.7059     27.000     9.7045    22.1581     5.7412     8.2047     86.808    250.845    256.404    0.00056    6.61374    9.45170  288.96668   14.96433 3.6382e-02     0.6069     2.2009    57.6828 0.0000e+00
        435 286.680331    0.03017     1.8099    108.591     28.259  45713.282    28.8008     9.7088     28.000     9.7108    22.1621     5.7377     8.1997     86.763    250.688    256.244   -0.00012    6.61305    9.45071  288.93541   14.96282 3.6382e-02     0.5815     2.1717    58.1060 0.0000e+00
        440 286.680344    0.03048     1.8286    109.717     29.269  45721.453    28.8078     9.7231     29.000     9.7253    22.1654     5.7372     8.1990     86.787    250.666    256.223   -0.00004    6.61066    9.44730  288.83025   14.95776 3.6382e-02     0.5949     2.0901    59.3077 0.0000e+00
        447 286.680363    0.03094     1.8566    111.395     30.295  45716.685    28.8053     9.7339     30.000     9.7306    22.1618     5.7350     8.1958     86.772    250.570    256.123   -0.00021    6.60920    9.44521  288.76724   14.95476 3.6382e-02     0.6269     1.9487    61.4361 0.0000e+00
        451 286.680375    0.03123     1.8740    112.440     31.302  45719.104    28.8066     9.7335     31.000     9.7305    22.1628     5.7276     8.1854     86.661    250.248    255.795   -0.00114    6.60920    9.44520  288.76695   14.95474 3.6382e-02     0.5946     2.0313    60.1853 0.0000e+00
        454 286.680385    0.03145     1.8871    113.226     32.297  45728.513    28.8129     9.7345     32.000     9.7344    22.1676     5.7250     8.1817     86.628    250.136    255.681   -0.00163    6.60879    9.44462  288.74765   14.95380 3.6382e-02     0.5882     2.1107    58.9980 0.0000e+00
        458 286.680397    0.03175     1.9046    114.277     33.307  45735.752    28.8182     9.7403     33.000     9.7394    22.1709     5.7332     8.1933     86.765    250.491    256.045    0.00005    6.60771    9.44309  288.69978   14.95148 3.6382e-02     0.6119     2.0732    59.5557 0.0000e+00
        464 286.680414    0.03215     1.9289    115.737     34.330  45744.609    28.8249     9.7479     34.000     9.7459    22.1749     5.7317     8.1913     86.762    250.428    255.981    0.00005    6.60633    9.44111  288.63812   14.94851 3.6382e-02     0.5930     1.9931    60.7588 0.0000e+00
        468 286.680426    0.03246     1.9478    116.870     35.334  45746.607    28.8262     9.7510     35.000     9.7481    22.1755     5.7237     8.1797     86.647    250.075    255.620   -0.00124    6.60580    9.44036  288.61498   14.94740 3.6382e-02     0.6325     2.0377    60.0860 0.0000e+00
        473 286.680439    0.03277     1.9658    117.950     36.344  45756.605    28.8329     9.7526     36.000     9.7491    22.1806     5.7263     8.1835     86.693    250.187    255.737   -0.00067    6.60529    9.43962  288.59104   14.94623 3.6382e-02     0.6379     2.0777    59.4870 0.0000e+00
        477 286.680452    0.03307     1.9838    119.027     37.351  45764.161    28.8378     9.7519     37.000     9.7461    22.1844     5.7334     8.1937     86.802    250.498    256.055    0.00063    6.60518    9.43946  288.58533   14.94593 3.6382e-02     0.6272     2.1335    58.6633 0.0000e+00
        482 286.680465    0.03338     2.0031    120.184     38.362  45792.290    28.8565     9.7475     38.000     9.7413    22.1997     5.7296     8.1882     86.747    250.328    255.886   -0.00020    6.60503    9.43925  288.57445   14.94533 3.6382e-02     0.5979     2.1952    57.7651 0.0000e+00
        487 286.680479    0.03372     2.0231    121.387     39.372  45875.199    28.9131     9.7409     39.000     9.7320    22.2449     5.7294     8.1879     86.762    250.307    255.875   -0.00017    6.60360    9.43720  288.49903   14.94150 3.6382e-02     0.6046     2.2929    56.3718 0.0000e+00
        491 286.680493    0.03405     2.0430    122.582     40.381  45950.180    28.9636     9.7298     40.000     9.7246    22.2860     5.7291     8.1874     86.764    250.283    255.861   -0.00001    6.60307    9.43645  288.46456   14.93964 3.6382e-02     0.6247     2.5471    52.9005 0.0000e+00
        496 286.680506    0.03437     2.0624    123.741     41.395  45938.434    28.9553     9.7316     41.000     9.7285    22.2793     5.7161     8.1689     86.566    249.720    255.283   -0.00190    6.60318    9.43660  288.47098   14.93998 3.6382e-02     0.6042     2.7155    50.7144 0.0000e+00
        500 286.680518    0.03465     2.0791    124.745     42.399  45970.877    28.9775     9.7322     42.000     9.7277    22.2966     5.7178     8.1713     86.605    249.788    255.357   -0.00137    6.60215    9.43514  288.42126   14.93751 3.6382e-02     0.6694     2.7533    50.2422 0.0000e+00
        504 286.680531    0.03496     2.0978    125.867     43.409  46063.337    29.0418     9.7340     43.000     9.7332    22.3464     5.7166     8.1696     86.627    249.723    255.303   -0.00038    6.59915    9.43084  288.27591   14.93030 3.6382e-02     0.5936     2.8379    49.1927 0.0000e+00
        509 286.680545    0.03531     2.1184    127.104     44.420  46094.041    29.0638     9.7418     44.000     9.7384    22.3624     5.7131     8.1647     86.601    249.569    255.149   -0.00089    6.59708    9.42790  288.18129   14.92569 3.6382e-02     0.6627     3.0216    46.9871 0.0000e+00
        514 286.680560    0.03566     2.1396    128.375     45.432  46126.028    29.0862     9.7457     45.000     9.7434    22.3792     5.7133     8.1649     86.624    249.574    255.160   -0.00024    6.59557    9.42573  288.11049   14.92221 3.6382e-02     0.7057     3.1453    45.5516 0.0000e+00
        519 286.680573    0.03597     2.1584    129.501     46.441  46276.553    29.1923     9.7581     46.000     9.7654    22.4601     5.7124     8.1636     86.693    249.514    255.118    0.00016    6.58927    9.41673  287.81276   14.90754 3.6382e-02     0.6447     3.9674    37.8133 0.0000e+00
        523 286.680585    0.03626     2.1759    130.551     47.446  46379.006    29.2663     9.7821     47.000     9.7835    22.5140     5.7164     8.1693     86.840    249.673    255.294    0.00159    6.58266    9.40727  287.50848   14.89269 3.6382e-02     0.6596     7.0563    18.3124 0.0000e+00
        528 286.680599    0.03660     2.1958    131.745     48.456  46409.701    29.2887     9.7939     48.000     9.7904    22.5297     5.7022     8.1490     86.659    249.049    254.660   -0.00058    6.57998    9.40345  287.38722   14.88680 3.6382e-02     0.7286    10.3071     7.7705 0.0000e+00
