CTD-processing/allCTD/CNV/2014_10-19_t9_s03_cast145_4141.cnv
* Sea-Bird SBE19plus Data File:
* FileName = C:\Users\kris.holderied\Documents\kasitsna\Research-Projects-and-Data\Oceanography-AK\CTD-Data-ALL-to-2014-10\2014-CTD-KachemakBay-CookInlet\2014-10-EVOSTC-CookInlet\2014-10-19-CookInlet-Tran9-HomerSpit\2014-10-19-CookInlet-Tran9-cast145.hex
* Software Version 1.59
* Temperature SN =  4141
* Conductivity SN =  4141
* System UpLoad Time = Nov 25 2014 12:48:46
** Cook Inlet LTM Tran9 (Homer Spit) south to north
** Date: 10-19
** Station: 9-03
** Start time:  10:27
** Depth (m): 94
** Comment:  CTD time is Alaska Daylight time.  R/V Pandalus. Transducer  depth.
** Comment:
# nquan = 27
# nvalues = 95                          
# units = specified
# name 0 = scan: Scan Count
# name 1 = timeJ: Julian Days
# name 2 = timeH: Time, Elapsed [hours]
# name 3 = timeM: Time, Elapsed [minutes]
# name 4 = timeS: Time, Elapsed [seconds]
# name 5 = prdM: Pressure, Strain Gauge [db]
# name 6 = specc: Specific Conductance [uS/cm]
# name 7 = sal00: Salinity, Practical [PSU]
# name 8 = tv290C: Temperature [ITS-90, deg C]
# name 9 = depSM: Depth [salt water, m], lat = 59.00
# name 10 = potemp090C: Potential Temperature [ITS-90, deg C]
# name 11 = sigma-é00: Density [sigma-theta, kg/m^3]
# name 12 = sbeox0ML/L: Oxygen, SBE 43 [ml/l]
# name 13 = sbeox0Mg/L: Oxygen, SBE 43 [mg/l]
# name 14 = sbeox0PS: Oxygen, SBE 43 [% saturation]
# name 15 = sbox0Mm/Kg: Oxygen, SBE 43 [umol/kg]
# name 16 = sbeox0Mm/L: Oxygen, SBE 43 [umol/l]
# name 17 = sbox0dV/dT: Oxygen, SBE 43 [dov/dt]
# name 18 = oxsolML/L: Oxygen Saturation, Garcia & Gordon [ml/l]
# name 19 = oxsolMg/L: Oxygen Saturation, Garcia & Gordon [mg/l]
# name 20 = oxsolMm/Kg: Oxygen Saturation, Garcia & Gordon [umol/kg]
# name 21 = n2satMg/L: Nitrogen Saturation [mg/l]
# name 22 = par: PAR/Irradiance, Biospherical/Licor
# name 23 = wetStar: Fluorescence, WET Labs WETstar [mg/m^3]
# name 24 = CStarAt0: Beam Attenuation, WET Labs C-Star [1/m]
# name 25 = CStarTr0: Beam Transmission, WET Labs C-Star [%]
# name 26 = flag: flag
# span 0 =        169,        794       
# span 1 = 292.436064, 292.437873       
# span 2 =    0.01164,    0.05507       
# span 3 =     0.6984,     3.3040       
# span 4 =     41.902,    198.240       
# span 5 =      1.013,     95.919       
# span 6 =  45948.925,  48686.927       
# span 7 =    28.8293,    30.8564       
# span 8 =     8.5669,     9.7377       
# span 9 =      1.000,     95.000       
# span 10 =     8.5908,     9.7368      
# span 11 =    22.3534,    23.7642      
# span 12 =     5.3124,     5.7048      
# span 13 =     7.5919,     8.1527      
# span 14 =     81.429,     86.000      
# span 15 =    231.744,    249.105      
# span 16 =    237.252,    254.777      
# span 17 =   -0.00956,    0.01600      
# span 18 =    6.52398,    6.78275      
# span 19 =    9.32343,    9.69322      
# span 20 =  284.59803,  296.29351      
# span 21 =   14.74704,   15.31418      
# span 22 = 1.5993e-02, 1.1690e+01      
# span 23 =     0.5481,     1.8473      
# span 24 =     0.3351,     4.4952      
# span 25 =    59.9989,    91.9648      
# span 26 = 0.0000e+00, 0.0000e+00      
# interval = meters: 1                  
# start_time = Oct 19 2014 10:27:14 [Instrument's time stamp, header]
# bad_flag = -9.990e-29
*END*
[from data line 54]
        561 292.437198    0.03886     2.3317    139.899     55.528  48542.435    30.7696     9.7088     55.000     9.7030    23.6984     5.4246     7.7523     83.072    236.654    242.263    0.00060    6.52996    9.33196  284.87667   14.76071 3.6382e-02     1.0138     0.4218    89.9925 0.0000e+00
        566 292.437214    0.03926     2.3554    141.324     56.542  48550.268    30.7749     9.7101     56.000     9.7056    23.7023     5.4126     7.7352     82.894    236.131    241.727   -0.00149    6.52956    9.33139  284.85819   14.75981 3.6382e-02     1.0432     0.4180    90.0781 0.0000e+00
        571 292.437227    0.03956     2.3736    142.418     57.541  48574.817    30.7924     9.7152     57.000     9.7120    23.7152     5.4125     7.7350     82.911    236.122    241.722   -0.00082    6.52809    9.32930  284.79095   14.75652 3.6382e-02     0.9797     0.4357    89.6796 0.0000e+00
        577 292.437244    0.03997     2.3982    143.890     58.555  48583.271    30.7986     9.7210     58.000     9.7142    23.7191     5.3870     7.6985     82.534    235.008    240.582   -0.00354    6.52698    9.32771  284.74129   14.75412 3.6382e-02     0.8987     0.4897    88.4770 0.0000e+00
        583 292.437263    0.04041     2.4246    145.473     59.568  48587.374    30.8008     9.7186     59.000     9.7113    23.7212     5.3463     7.6404     81.907    233.233    238.766   -0.00764    6.52725    9.32810  284.75236   14.75464 3.6382e-02     0.8650     0.4968    88.3207 0.0000e+00
        588 292.437277    0.04077     2.4463    146.779     60.574  48597.266    30.8070     9.7163     60.000     9.7089    23.7265     5.3536     7.6508     82.018    233.549    239.090   -0.00363    6.52732    9.32819  284.75386   14.75469 3.6382e-02     0.7754     0.4964    88.3291 0.0000e+00
        593 292.437293    0.04113     2.4679    148.076     61.585  48599.469    30.8079     9.7142     61.000     9.7067    23.7275     5.3533     7.6504     82.010    233.536    239.076   -0.00217    6.52758    9.32856  284.76489   14.75521 3.6382e-02     0.8001     0.4972    88.3117 0.0000e+00
        599 292.437308    0.04151     2.4905    149.430     62.592  48600.059    30.8074     9.7103     62.000     9.7016    23.7278     5.3486     7.6437     81.931    233.333    238.868   -0.00197    6.52817    9.32940  284.79043   14.75643 3.6382e-02     0.7342     0.4968    88.3215 0.0000e+00
        605 292.437327    0.04195     2.5170    151.022     63.607  48601.966    30.8075     9.7041     63.000     9.6948    23.7288     5.3500     7.6457     81.941    233.392    238.931   -0.00122    6.52905    9.33066  284.82863   14.75826 3.6382e-02     0.7550     0.4878    88.5199 0.0000e+00
        611 292.437343    0.04233     2.5401    152.406     64.616  48605.474    30.8087     9.6978     64.000     9.6894    23.7308     5.3574     7.6562     82.043    233.713    239.260    0.00029    6.52990    9.33188  284.86530   14.76001 3.6382e-02     0.7332     0.4867    88.5442 0.0000e+00
        616 292.437357    0.04268     2.5608    153.650     65.624  48606.111    30.8081     9.6929     65.000     9.6824    23.7311     5.3599     7.6597     82.072    233.820    239.369    0.00007    6.53064    9.33294  284.89744   14.76155 3.6382e-02     0.7435     0.4840    88.6028 0.0000e+00
        621 292.437372    0.04305     2.5829    154.976     66.630  48611.895    30.8111     9.6878     66.000     9.6798    23.7343     5.3747     7.6810     82.293    234.471    240.036    0.00193    6.53124    9.33381  284.92293   14.76276 3.6382e-02     0.8029     0.4832    88.6202 0.0000e+00
        627 292.437391    0.04350     2.6101    156.605     67.647  48612.243    30.8102     9.6823     67.000     9.6712    23.7344     5.3830     7.6929     82.409    234.833    240.406    0.00194    6.53208    9.33500  284.95928   14.76450 3.6382e-02     0.7281     0.4764    88.7732 0.0000e+00
        633 292.437407    0.04387     2.6321    157.928     68.653  48618.788    30.8131     9.6722     68.000     9.6624    23.7383     5.3840     7.6943     82.407    234.875    240.450    0.00090    6.53340    9.33688  285.01576   14.76719 3.6382e-02     0.7562     0.4637    89.0538 0.0000e+00
        638 292.437421    0.04422     2.6534    159.201     69.662  48621.984    30.8141     9.6662     69.000     9.6569    23.7401     5.3975     7.7135     82.603    235.462    241.051    0.00218    6.53423    9.33807  285.05152   14.76890 3.6382e-02     0.7349     0.4494    89.3734 0.0000e+00
        643 292.437438    0.04461     2.6771    160.625     70.672  48636.133    30.8235     9.6654     70.000     9.6605    23.7476     5.4010     7.7186     82.661    235.614    241.209    0.00174    6.53395    9.33767  285.03728   14.76818 3.6382e-02     0.7392     0.4522    89.3108 0.0000e+00
        650 292.437456    0.04505     2.7027    162.163     71.683  48640.399    30.8273     9.6746     71.000     9.6689    23.7492     5.3975     7.7136     82.625    235.460    241.052    0.00061    6.53247    9.33555  284.97211   14.76505 3.6382e-02     0.7388     0.4776    88.7460 0.0000e+00
        655 292.437472    0.04544     2.7263    163.581     72.694  48645.813    30.8314     9.6805     72.000     9.6751    23.7514     5.3848     7.6954     82.444    234.904    240.483   -0.00152    6.53143    9.33408  284.92652   14.76285 3.6382e-02     0.7310     0.5046    88.1478 0.0000e+00
        660 292.437486    0.04578     2.7468    164.806     73.701  48645.551    30.8313     9.6843     73.000     9.6773    23.7508     5.3795     7.6879     82.371    234.677    240.250   -0.00153    6.53090    9.33331  284.90310   14.76173 3.6382e-02     0.7132     0.5231    87.7415 0.0000e+00
        666 292.437502    0.04616     2.7696    166.176     74.709  48649.400    30.8340     9.6871     74.000     9.6799    23.7524     5.3731     7.6787     82.278    234.394    239.961   -0.00185    6.53039    9.33258  284.88062   14.76064 3.6382e-02     0.6832     0.5333    87.5169 0.0000e+00
        672 292.437521    0.04663     2.7976    167.855     75.727  48650.944    30.8349     9.6890     75.000     9.6811    23.7528     5.3628     7.6640     82.124    233.946    239.502   -0.00228    6.53008    9.33213  284.86682   14.75998 3.6382e-02     0.7014     0.5408    87.3550 0.0000e+00
        677 292.437536    0.04697     2.8182    169.095     76.731  48657.425    30.8391     9.6898     76.000     9.6839    23.7560     5.3633     7.6648     82.136    233.967    239.526   -0.00157    6.52978    9.33171  284.85290   14.75930 3.6382e-02     0.7014     0.5614    86.9101 0.0000e+00
        683 292.437552    0.04736     2.8415    170.489     77.739  48669.822    30.8485     9.6985     77.000     9.6935    23.7620     5.3652     7.6675     82.186    234.051    239.612   -0.00037    6.52815    9.32937  284.78004   14.75577 3.6382e-02     0.6868     0.7076    83.8564 0.0000e+00
        690 292.437571    0.04782     2.8690    172.139     78.757  48673.924    30.8525     9.7098     78.000     9.7034    23.7633     5.3506     7.6465     81.985    233.412    238.958   -0.00216    6.52635    9.32680  284.70113   14.75198 3.6382e-02     0.6605     0.6357    85.3000 0.0000e+00
        694 292.437585    0.04816     2.8895    173.373     79.755  48672.627    30.8514     9.7122     79.000     9.7044    23.7621     5.3421     7.6344     81.858    233.040    238.578   -0.00239    6.52604    9.32637  284.68840   14.75138 3.6382e-02     0.6748     0.6824    84.3144 0.0000e+00
        701 292.437605    0.04864     2.9185    175.108     80.775  48670.037    30.8493     9.7130     80.000     9.7034    23.7603     5.3332     7.6216     81.722    232.651    238.180   -0.00243    6.52602    9.32634  284.68781   14.75136 3.6382e-02     0.6556     0.6793    84.3815 0.0000e+00
        707 292.437621    0.04902     2.9413    176.478     81.780  48671.809    30.8499     9.7114     81.000     9.7028    23.7611     5.3308     7.6182     81.682    232.546    238.072   -0.00195    6.52623    9.32664  284.69681   14.75179 3.6382e-02     0.6557     0.6750    84.4714 0.0000e+00
        713 292.437638    0.04943     2.9657    177.944     82.789  48677.244    30.8537     9.7140     82.000     9.7073    23.7636     5.3373     7.6276     81.790    232.832    238.365   -0.00021    6.52569    9.32586  284.67241   14.75061 3.6382e-02     0.6168     0.6845    84.2714 0.0000e+00
        719 292.437657    0.04988     2.9927    179.561     83.804  48677.322    30.8542     9.7209     83.000     9.7122    23.7630     5.3262     7.6117     81.631    232.346    237.867   -0.00140    6.52468    9.32442  284.62854   14.74851 3.6382e-02     0.5893     0.7461    82.9846 0.0000e+00
        725 292.437673    0.05027     3.0161    180.964     84.808  48677.438    30.8538     9.7210     84.000     9.7118    23.7627     5.3202     7.6031     81.539    232.086    237.600   -0.00185    6.52469    9.32444  284.62909   14.74854 3.6382e-02     0.6123     0.7620    82.6539 0.0000e+00
        731 292.437692    0.05071     3.0427    182.563     85.822  48678.756    30.8544     9.7215     85.000     9.7125    23.7631     5.3168     7.5983     81.490    231.939    237.451   -0.00149    6.52458    9.32429  284.62454   14.74832 3.6382e-02     0.6040     0.7591    82.7139 0.0000e+00
        737 292.437709    0.05113     3.0677    184.065     86.831  48678.047    30.8535     9.7218     86.000     9.7121    23.7624     5.3218     7.6054     81.565    232.154    237.671   -0.00025    6.52458    9.32428  284.62440   14.74831 3.6382e-02     0.5950     0.7589    82.7181 0.0000e+00
        743 292.437726    0.05153     3.0915    185.488     87.839  48678.013    30.8530     9.7211     87.000     9.7119    23.7621     5.3258     7.6112     81.626    232.333    237.854    0.00034    6.52471    9.32446  284.63008   14.74859 3.6382e-02     0.6454     0.7402    83.1050 0.0000e+00
        749 292.437744    0.05197     3.1186    187.115     88.850  48680.119    30.8542     9.7225     88.000     9.7133    23.7628     5.3279     7.6142     81.661    232.422    237.945    0.00036    6.52445    9.32409  284.61848   14.74802 3.6382e-02     0.6399     0.7363    83.1871 0.0000e+00
        756 292.437763    0.05241     3.1449    188.695     89.859  48681.911    30.8552     9.7235     89.000     9.7140    23.7634     5.3316     7.6193     81.719    232.581    238.108    0.00071    6.52427    9.32384  284.61056   14.74764 3.6382e-02     0.5780     0.7946    81.9846 0.0000e+00
        762 292.437779    0.05282     3.1689    190.135     90.869  48681.839    30.8547     9.7236     90.000     9.7138    23.7631     5.3236     7.6080     81.598    232.236    237.754   -0.00082    6.52427    9.32383  284.61042   14.74764 3.6382e-02     0.5693     0.8079    81.7116 0.0000e+00
        768 292.437797    0.05325     3.1949    191.695     91.878  48683.624    30.8556     9.7239     91.000     9.7144    23.7638     5.3164     7.5977     81.487    231.918    237.429   -0.00141    6.52419    9.32372  284.60690   14.74747 3.6382e-02     0.5834     0.7923    82.0316 0.0000e+00
        774 292.437817    0.05371     3.2228    193.369     92.892  48684.654    30.8560     9.7248     92.000     9.7148    23.7639     5.3127     7.5924     81.432    231.757    237.265   -0.00134    6.52405    9.32351  284.60070   14.74717 3.6382e-02     0.5689     0.9043    79.7682 0.0000e+00
        780 292.437833    0.05411     3.2465    194.791     93.898  48685.048    30.8559     9.7250     93.000     9.7149    23.7639     5.3146     7.5951     81.462    231.840    237.350   -0.00045    6.52403    9.32349  284.59978   14.74713 3.6382e-02     0.5873     1.0484    76.9421 0.0000e+00
        786 292.437851    0.05453     3.2722    196.329     94.906  48685.944    30.8561     9.7250     94.000     9.7148    23.7640     5.3136     7.5936     81.446    231.796    237.304   -0.00051    6.52400    9.32346  284.59884   14.74708 3.6382e-02     0.6196     1.0383    77.1393 0.0000e+00
        794 292.437873    0.05507     3.3040    198.240     95.919  48686.927    30.8564     9.7251     95.000     9.7149    23.7642     5.3124     7.5919     81.429    231.744    237.252   -0.00034    6.52398    9.32343  284.59803   14.74704 3.6382e-02     0.5481     1.0003    77.8732 0.0000e+00
