CTD-processing/allCTD/CNV/2014_05-28_t9_s03_cast046_5028.cnv
* Sea-Bird SBE19plus Data File:
* FileName = C:\Users\kris.holderied\Documents\kasitsna\Research-Projects-and-Data\Oceanography-AK\CTD-Data-ALL-to-2014-03\2014-CTD-KachemakBay-CookInlet\2014-05-28-CookInlet-HomerSpit-monthly\2014-05-28-CookInlet_T9_HomerSpit-cast046.hex
* Software Version 1.59
* Temperature SN =  5028
* Conductivity SN =  5028
* System UpLoad Time = Jul 21 2014 00:13:46
** Cook Inlet LTM Transect 9  (Homer Spit) South to North
** Date: 2014-05-28
** Station: 9-03
** Start time: 16:02
** Depth (m): 96.9
** Comment:  CTD time is Alaska Daylight time
** Comment:
# nquan = 27
# nvalues = 94                          
# units = specified
# name 0 = scan: Scan Count
# name 1 = timeJ: Julian Days
# name 2 = timeH: Time, Elapsed [hours]
# name 3 = timeM: Time, Elapsed [minutes]
# name 4 = timeS: Time, Elapsed [seconds]
# name 5 = prdM: Pressure, Strain Gauge [db]
# name 6 = specc: Specific Conductance [uS/cm]
# name 7 = sal00: Salinity, Practical [PSU]
# name 8 = tv290C: Temperature [ITS-90, deg C]
# name 9 = depSM: Depth [salt water, m], lat = 59.00
# name 10 = potemp090C: Potential Temperature [ITS-90, deg C]
# name 11 = sigma-é00: Density [sigma-theta, kg/m^3]
# name 12 = sbeox0ML/L: Oxygen, SBE 43 [ml/l]
# name 13 = sbeox0Mg/L: Oxygen, SBE 43 [mg/l]
# name 14 = sbeox0PS: Oxygen, SBE 43 [% saturation]
# name 15 = sbox0Mm/Kg: Oxygen, SBE 43 [umol/kg]
# name 16 = sbeox0Mm/L: Oxygen, SBE 43 [umol/l]
# name 17 = sbox0dV/dT: Oxygen, SBE 43 [dov/dt]
# name 18 = oxsolML/L: Oxygen Saturation, Garcia & Gordon [ml/l]
# name 19 = oxsolMg/L: Oxygen Saturation, Garcia & Gordon [mg/l]
# name 20 = oxsolMm/Kg: Oxygen Saturation, Garcia & Gordon [umol/kg]
# name 21 = potemp090C: Potential Temperature [ITS-90, deg C]
# name 22 = n2satMg/L: Nitrogen Saturation [mg/l]
# name 23 = par: PAR/Irradiance, Biospherical/Licor
# name 24 = flECO-AFL: Fluorescence, WET Labs ECO-AFL/FL [mg/m^3]
# name 25 = turbWETntu0: Turbidity, WET Labs ECO [NTU]
# name 26 = flag: flag
# span 0 =        216,        796       
# span 1 = 148.668377, 148.670054       
# span 2 =    0.01493,    0.05520       
# span 3 =     0.8956,     3.3121       
# span 4 =     53.739,    198.724       
# span 5 =      1.010,     94.908       
# span 6 =  48053.245,  51107.376       
# span 7 =    30.3795,    31.8487       
# span 8 =     5.5350,     9.0149       
# span 9 =      1.000,     94.000       
# span 10 =     5.5275,     8.9906      
# span 11 =    23.4999,    25.1187      
# span 12 =     7.1012,     7.8357      
# span 13 =    10.1484,    11.1980      
# span 14 =     99.587,    117.727      
# span 15 =    309.372,    341.812      
# span 16 =    317.141,    349.942      
# span 17 =   -0.02268,    0.01037      
# span 18 =    6.64918,    7.13258      
# span 19 =    9.50235,   10.19318      
# span 20 =  290.14729,  310.73604      
# span 21 =     5.5277,     9.0148      
# span 22 =   15.01423,   15.99034      
# span 23 = 4.5111e-02, 1.0743e+02      
# span 24 =     0.2421,     3.3068      
# span 25 =     0.5396,     1.7678      
# span 26 = 0.0000e+00, 0.0000e+00      
# interval = meters: 1                  
# start_time = May 28 2014 16:01:34 [Instrument's time stamp, header]
# bad_flag = -9.990e-29
*END*
        216 148.668377    0.01493     0.8956     53.739      1.010  48053.245    30.3795     9.0149      1.000     8.9906    23.4999     7.1344    10.1958    107.349    311.301    318.623    0.01037    6.64918    9.50235  290.14729     9.0148   15.01423 1.0743e+02     1.6902     1.7678 0.0000e+00
        308 148.668644    0.02134     1.2801     76.806      2.019  48592.662    30.7148     8.8632      2.000     8.7752    23.7851     7.8357    11.1980    117.727    341.812    349.942    0.00861    6.65606    9.51218  290.35412     8.8631   15.02274 7.1374e+01     2.2606     0.8570 0.0000e+00
        316 148.668666    0.02187     1.3123     78.739      3.028  48755.691    30.7993     8.6629      3.000     8.5718    23.8811     7.7953    11.1402    116.658    340.018    348.138    0.00169    6.68230    9.54968  291.47099     8.6626   15.07575 4.9516e+01     2.8278     0.8469 0.0000e+00
        321 148.668682    0.02224     1.3348     80.088      4.038  48946.509    30.8985     8.4291      4.000     8.3581    23.9930     7.7861    11.1271    115.983    339.581    347.728   -0.00109    6.71319    9.59381  292.78605     8.4287   15.13816 3.7447e+01     3.1889     0.8437 0.0000e+00
        327 148.668699    0.02266     1.3593     81.558      5.047  49092.189    30.9704     8.2311      5.000     8.1612    24.0780     7.7929    11.1368    115.621    339.847    348.029   -0.00208    6.74009    9.63226  293.93496     8.2306   15.19273 2.9360e+01     3.3068     0.8381 0.0000e+00
        334 148.668718    0.02312     1.3874     83.246      6.057  49252.116    31.0471     8.0055      6.000     7.9490    24.1703     7.7506    11.0764    114.466    337.972    346.141   -0.00508    6.77121    9.67674  295.26576     8.0049   15.25595 2.3061e+01     3.1219     0.8374 0.0000e+00
        341 148.668737    0.02358     1.4148     84.891      7.067  49347.680    31.0795     7.7918      7.000     7.6556    24.2255     7.6543    10.9388    112.523    333.757    341.843   -0.00969    6.80284    9.72194  296.62897     7.7911   15.32088 1.8048e+01     2.7066     0.7903 0.0000e+00
        346 148.668754    0.02398     1.4389     86.331      8.076  49692.694    31.2441     7.3316      8.000     7.2075    24.4174     7.4830    10.6939    108.974    326.225    334.190   -0.01809    6.86746    9.81429  299.39026     7.3309   15.45197 1.4249e+01     2.3894     0.7851 0.0000e+00
        352 148.668771    0.02439     1.4632     87.790      9.085  49959.808    31.3896     7.0935      9.000     7.0651    24.5637     7.3198    10.4608    106.110    319.065    326.902   -0.02268    6.89845    9.85857  300.69832     7.0927   15.51378 1.1341e+01     2.1853     0.7477 0.0000e+00
        358 148.668788    0.02479     1.4874     89.244     10.094  50014.674    31.4179     7.0384     10.000     7.0249    24.5933     7.3265    10.4703    106.090    319.346    327.200   -0.01732    6.90590    9.86923  301.01471     7.0375   15.52875 9.0205e+00     2.0993     0.7271 0.0000e+00
        364 148.668805    0.02520     1.5121     90.728     11.104  50042.442    31.4291     6.9946     11.000     6.9801    24.6079     7.3978    10.5722    107.022    322.451    330.386   -0.01028    6.91238    9.87848  301.29268     6.9936   15.54197 7.2061e+00     2.0580     0.7309 0.0000e+00
        370 148.668822    0.02562     1.5374     92.243     12.114  50072.890    31.4440     6.9611     12.000     6.9495    24.6240     7.4481    10.6441    107.677    324.639    332.633   -0.00569    6.91706    9.88516  301.49175     6.9600   15.55140 5.7642e+00     2.0271     0.7343 0.0000e+00
        376 148.668839    0.02601     1.5607     93.640     13.123  50099.066    31.4544     6.9197     13.000     6.8948    24.6375     7.4805    10.6904    108.050    326.047    334.080   -0.00326    6.92321    9.89396  301.75590     6.9185   15.56396 4.6328e+00     1.9476     0.6738 0.0000e+00
        381 148.668855    0.02641     1.5848     95.087     14.132  50161.370    31.4821     6.8346     14.000     6.7899    24.6703     7.4913    10.7058    108.013    326.505    334.560   -0.00261    6.93559    9.91165  302.28581     6.8334   15.58911 3.7459e+00     1.8737     0.6875 0.0000e+00
        387 148.668873    0.02683     1.6099     96.591     15.142  50293.381    31.5489     6.6986     15.000     6.6610    24.7404     7.4744    10.6816    107.477    325.746    333.806   -0.00365    6.95442    9.93856  303.08580     6.6974   15.62698 3.0400e+00     1.7645     0.6639 0.0000e+00
        393 148.668890    0.02724     1.6344     98.064     16.152  50387.631    31.5988     6.6152     16.000     6.5969    24.7903     7.4771    10.6856    107.344    325.851    333.929   -0.00328    6.96560    9.95453  303.55819     6.6139   15.64930 2.4966e+00     1.6584     0.5929 0.0000e+00
        399 148.668907    0.02766     1.6592     99.555     17.161  50427.714    31.6183     6.5725     17.000     6.5590    24.8111     7.5003    10.7187    107.584    326.855    334.965   -0.00180    6.97162    9.96314  303.81447     6.5711   15.66145 2.0631e+00     1.5451     0.5779 0.0000e+00
        405 148.668925    0.02808     1.6845    101.070     18.170  50455.770    31.6304     6.5351     18.000     6.5215    24.8253     7.5127    10.7364    107.676    327.390    335.517   -0.00114    6.97713    9.97102  304.05047     6.5336   15.67265 1.7051e+00     1.5306     0.5733 0.0000e+00
        411 148.668942    0.02849     1.7096    102.577     19.180  50482.354    31.6421     6.5012     19.000     6.4869    24.8389     7.5211    10.7484    107.720    327.752    335.893   -0.00077    6.98210    9.97812  304.26290     6.4996   15.68272 1.4127e+00     1.5353     0.5614 0.0000e+00
        418 148.668960    0.02894     1.7361    104.165     20.190  50523.724    31.6606     6.4490     20.000     6.4277    24.8600     7.5204    10.7474    107.593    327.716    335.863   -0.00098    6.98975    9.98905  304.58997     6.4473   15.69824 1.1797e+00     1.4165     0.5813 0.0000e+00
        424 148.668980    0.02940     1.7640    105.839     21.200  50580.171    31.6883     6.3904     21.000     6.3789    24.8892     7.4891    10.7027    107.018    326.340    334.463   -0.00248    6.99801   10.00085  304.94122     6.3887   15.71487 9.8579e-01     1.3103     0.5466 0.0000e+00
        431 148.668999    0.02985     1.7912    107.472     22.209  50605.452    31.7010     6.3673     22.000     6.3628    24.9020     7.4866    10.6992    106.934    326.230    334.354   -0.00215    7.00121   10.00542  305.07689     6.3654   15.72129 8.2505e-01     1.2556     0.5396 0.0000e+00
        437 148.669017    0.03030     1.8178    109.067     23.218  50610.448    31.7033     6.3635     23.000     6.3613    24.9043     7.5012    10.7200    107.134    326.864    335.004   -0.00106    7.00171   10.00614  305.09813     6.3616   15.72229 6.9415e-01     1.2669     0.5542 0.0000e+00
        443 148.669035    0.03072     1.8435    110.607     24.228  50614.339    31.7051     6.3613     24.000     6.3587    24.9060     7.5214    10.7488    107.418    327.742    335.905   -0.00001    7.00199   10.00654  305.10975     6.3593   15.72283 5.8500e-01     1.3235     0.5733 0.0000e+00
        450 148.669053    0.03115     1.8689    112.132     25.238  50620.550    31.7082     6.3575     25.000     6.3527    24.9090     7.5352    10.7686    107.608    328.345    336.524    0.00052    7.00247   10.00723  305.12996     6.3554   15.72379 4.9341e-01     1.2954     0.5496 0.0000e+00
        456 148.669070    0.03157     1.8940    113.637     26.247  50629.211    31.7116     6.3461     26.000     6.3362    24.9131     7.5468    10.7852    107.747    328.848    337.041    0.00076    7.00418   10.00967  305.20307     6.3440   15.72726 4.1660e-01     1.2371     0.5905 0.0000e+00
        462 148.669088    0.03199     1.9195    115.167     27.256  50645.471    31.7177     6.3211     27.000     6.3114    24.9209     7.5485    10.7876    107.713    328.920    337.116    0.00043    7.00799   10.01512  305.36685     6.3189   15.73504 3.5366e-01     1.1967     0.5726 0.0000e+00
        468 148.669105    0.03240     1.9442    116.651     28.266  50659.686    31.7236     6.3028     28.000     6.2972    24.9279     7.5429    10.7795    107.591    328.673    336.866   -0.00008    7.01072   10.01902  305.48368     6.3004   15.74059 3.0149e-01     1.1423     0.5767 0.0000e+00
        474 148.669123    0.03284     1.9701    118.204     29.276  50666.559    31.7264     6.2952     29.000     6.2916    24.9311     7.5295    10.7605    107.384    328.090    336.269   -0.00071    7.01183   10.02061  305.53116     6.2928   15.74284 2.5723e-01     1.1287     0.6118 0.0000e+00
        480 148.669141    0.03326     1.9959    119.757     30.285  50668.826    31.7270     6.2929     30.000     6.2900    24.9319     7.5208    10.7480    107.254    327.710    335.880   -0.00096    7.01218   10.02111  305.54606     6.2904   15.74355 2.2042e-01     1.1308     0.5817 0.0000e+00
        486 148.669159    0.03371     2.0224    121.341     31.295  50665.644    31.7236     6.2888     31.000     6.2808    24.9296     7.5267    10.7564    107.325    327.967    336.143   -0.00056    7.01300   10.02228  305.58267     6.2863   15.74531 1.8984e-01     1.1329     0.6154 0.0000e+00
        493 148.669178    0.03417     2.0498    122.991     32.305  50674.253    31.7243     6.2637     32.000     6.2518    24.9333     7.5274    10.7575    107.273    327.997    336.175   -0.00060    7.01709   10.02813  305.75976     6.2611   15.75374 1.6430e-01     1.0953     0.5836 0.0000e+00
        500 148.669197    0.03463     2.0778    124.668     33.314  50694.554    31.7325     6.2358     33.000     6.2255    24.9433     7.5132    10.7372    107.007    327.376    335.541   -0.00124    7.02128   10.03411  305.93913     6.2332   15.76226 1.4322e-01     1.0937     0.6007 0.0000e+00
        506 148.669217    0.03509     2.1056    126.338     34.324  50713.744    31.7406     6.2109     34.000     6.2030    24.9527     7.4875    10.7003    106.583    326.248    334.389   -0.00220    7.02500   10.03943  306.09849     6.2082   15.76982 1.2589e-01     1.0489     0.6134 0.0000e+00
        513 148.669235    0.03553     2.1315    127.893     35.333  50725.522    31.7460     6.1992     35.000     6.1949    24.9584     7.4799    10.6896    106.451    325.919    334.053   -0.00209    7.02667   10.04182  306.16972     6.1964   15.77320 1.1156e-01     0.9703     0.6116 0.0000e+00
        519 148.669254    0.03598     2.1590    129.539     36.343  50728.906    31.7473     6.1964     36.000     6.1932    24.9598     7.4850    10.6968    106.517    326.141    334.281   -0.00139    7.02707   10.04239  306.18682     6.1934   15.77401 9.9838e-02     0.9921     0.6574 0.0000e+00
        526 148.669273    0.03644     2.1862    131.171     37.352  50729.788    31.7474     6.1961     37.000     6.1933    24.9599     7.4800    10.6897    106.445    325.922    334.057   -0.00127    7.02711   10.04245  306.18862     6.1931   15.77409 9.0144e-02     0.9689     0.6514 0.0000e+00
        532 148.669291    0.03688     2.2129    132.772     38.362  50729.763    31.7471     6.1971     38.000     6.1944    24.9596     7.4812    10.6914    106.464    325.975    334.111   -0.00094    7.02697   10.04224  306.18223     6.1940   15.77379 8.2342e-02     1.0075     0.6482 0.0000e+00
        539 148.669311    0.03735     2.2408    134.448     39.372  50729.326    31.7465     6.1978     39.000     6.1944    24.9590     7.4844    10.6959    106.511    326.114    334.253   -0.00059    7.02688   10.04211  306.17855     6.1947   15.77362 7.5923e-02     0.9657     0.6265 0.0000e+00
        545 148.669330    0.03781     2.2686    136.116     40.382  50730.026    31.7463     6.1971     40.000     6.1936    24.9589     7.4775    10.6862    106.411    325.815    333.947   -0.00076    7.02700   10.04229  306.18382     6.1939   15.77387 7.0605e-02     0.9665     0.6106 0.0000e+00
        552 148.669348    0.03825     2.2951    137.704     41.392  50730.933    31.7464     6.1966     41.000     6.1928    24.9590     7.4803    10.6901    106.449    325.934    334.069   -0.00051    7.02710   10.04242  306.18784     6.1932   15.77406 6.6341e-02     0.9469     0.6142 0.0000e+00
        558 148.669367    0.03870     2.3218    139.310     42.401  50732.142    31.7462     6.1936     42.000     6.1882    24.9593     7.4837    10.6950    106.490    326.083    334.221   -0.00029    7.02758   10.04312  306.20901     6.1902   15.77507 6.2869e-02     0.9639     0.6133 0.0000e+00
        565 148.669386    0.03915     2.3487    140.924     43.410  50737.574    31.7483     6.1877     43.000     6.1829    24.9617     7.4853    10.6972    106.500    326.152    334.293   -0.00023    7.02846   10.04438  306.24666     6.1841   15.77685 5.9940e-02     1.0220     0.6623 0.0000e+00
        571 148.669404    0.03958     2.3749    142.493     44.420  50739.117    31.7482     6.1840     44.000     6.1780    24.9620     7.4767    10.6850    106.369    325.778    333.910   -0.00059    7.02908   10.04525  306.27330     6.1804   15.77812 5.7597e-02     0.9870     0.6600 0.0000e+00
        577 148.669422    0.04002     2.4012    144.073     45.429  50740.693    31.7459     6.1693     45.000     6.1568    24.9621     7.4703    10.6758    106.238    325.497    333.622   -0.00085    7.03162   10.04888  306.38398     6.1655   15.78341 5.5604e-02     0.9609     0.6863 0.0000e+00
        584 148.669441    0.04047     2.4280    145.681     46.439  50757.971    31.7528     6.1452     46.000     6.1368    24.9704     7.4549    10.6538    105.964    324.824    332.935   -0.00147    7.03525   10.05408  306.54000     6.1414   15.79081 5.3995e-02     0.9339     0.7076 0.0000e+00
        590 148.669460    0.04092     2.4551    147.304     47.449  50767.007    31.7562     6.1331     47.000     6.1266    24.9746     7.4415    10.6347    105.748    324.242    332.340   -0.00176    7.03709   10.05671  306.61899     6.1292   15.79457 5.2636e-02     0.9578     0.7236 0.0000e+00
        596 148.669477    0.04134     2.4806    148.836     48.458  50768.413    31.7548     6.1234     48.000     6.1115    24.9747     7.4273    10.6143    105.520    323.619    331.702   -0.00204    7.03876   10.05909  306.69133     6.1195   15.79802 5.1518e-02     0.9264     0.7165 0.0000e+00
        603 148.669496    0.04179     2.5073    150.439     49.468  50768.163    31.7429     6.0657     49.000     6.0303    24.9723     7.4188    10.6022    105.249    323.250    331.323   -0.00232    7.04885   10.07351  307.13183     6.0617   15.81906 5.0550e-02     0.8559     0.7165 0.0000e+00
        609 148.669515    0.04223     2.5340    152.040     50.478  50815.154    31.7563     5.9707     50.000     5.9442    24.9943     7.3731    10.5369    104.377    321.254    329.284   -0.00430    7.06396   10.09510  307.78357     5.9667   15.85006 4.9778e-02     0.7981     0.7569 0.0000e+00
        615 148.669532    0.04266     2.5595    153.572     51.488  50855.719    31.7728     5.9143     51.000     5.8986    25.0140     7.3256    10.4690    103.577    319.176    327.159   -0.00562    7.07256   10.10740  308.15261     5.9102   15.86758 4.9131e-02     0.6936     0.7448 0.0000e+00
        622 148.669550    0.04310     2.5858    155.147     52.497  50883.441    31.7852     5.8832     52.000     5.8741    25.0276     7.2931    10.4225    103.050    317.755    325.707   -0.00578    7.07715   10.11396  308.34843     5.8791   15.87686 4.8615e-02     0.6005     0.6842 0.0000e+00
        628 148.669568    0.04353     2.6116    156.698     53.507  50898.747    31.7938     5.8752     53.000     5.8724    25.0352     7.2780    10.4010    102.824    317.095    325.034   -0.00507    7.07809   10.11530  308.38682     5.8710   15.87865 4.8213e-02     0.5396     0.7120 0.0000e+00
