CTD-processing/allCTD/CNV/2014_10-18_t7_s13_cast135_4141.cnv
* Sea-Bird SBE19plus Data File:
* FileName = C:\Users\kris.holderied\Documents\kasitsna\Research-Projects-and-Data\Oceanography-AK\CTD-Data-ALL-to-2014-10\2014-CTD-KachemakBay-CookInlet\2014-10-EVOSTC-CookInlet\2014-10-17-CookInlet-Tran7-Augustine\2014-10-18-CookInlet-Tran7-cast135.hex
* Software Version 1.59
* Temperature SN =  4141
* Conductivity SN =  4141
* System UpLoad Time = Oct 18 2014 20:38:40
** Cook Inlet LTM Tran7 (Augustine) west to east 2ND RUN
** Date: 10-18
** Station: 7-13
** Start time:  16:48
** Depth (m): 69
** Comment:  CTD time is Alaska Daylight time.  R/V Pandalus. Transducer  depth.
** Comment:
# nquan = 27
# nvalues = 68                          
# units = specified
# name 0 = scan: Scan Count
# name 1 = timeJ: Julian Days
# name 2 = timeH: Time, Elapsed [hours]
# name 3 = timeM: Time, Elapsed [minutes]
# name 4 = timeS: Time, Elapsed [seconds]
# name 5 = prdM: Pressure, Strain Gauge [db]
# name 6 = specc: Specific Conductance [uS/cm]
# name 7 = sal00: Salinity, Practical [PSU]
# name 8 = tv290C: Temperature [ITS-90, deg C]
# name 9 = depSM: Depth [salt water, m], lat = 59.00
# name 10 = potemp090C: Potential Temperature [ITS-90, deg C]
# name 11 = sigma-é00: Density [sigma-theta, kg/m^3]
# name 12 = sbeox0ML/L: Oxygen, SBE 43 [ml/l]
# name 13 = sbeox0Mg/L: Oxygen, SBE 43 [mg/l]
# name 14 = sbeox0PS: Oxygen, SBE 43 [% saturation]
# name 15 = sbox0Mm/Kg: Oxygen, SBE 43 [umol/kg]
# name 16 = sbeox0Mm/L: Oxygen, SBE 43 [umol/l]
# name 17 = sbox0dV/dT: Oxygen, SBE 43 [dov/dt]
# name 18 = oxsolML/L: Oxygen Saturation, Garcia & Gordon [ml/l]
# name 19 = oxsolMg/L: Oxygen Saturation, Garcia & Gordon [mg/l]
# name 20 = oxsolMm/Kg: Oxygen Saturation, Garcia & Gordon [umol/kg]
# name 21 = n2satMg/L: Nitrogen Saturation [mg/l]
# name 22 = par: PAR/Irradiance, Biospherical/Licor
# name 23 = wetStar: Fluorescence, WET Labs WETstar [mg/m^3]
# name 24 = CStarAt0: Beam Attenuation, WET Labs C-Star [1/m]
# name 25 = CStarTr0: Beam Transmission, WET Labs C-Star [%]
# name 26 = flag: flag
# span 0 =         75,        685       
# span 1 = 291.700782, 291.702547       
# span 2 =    0.00515,    0.04751       
# span 3 =     0.3092,     2.8505       
# span 4 =     18.553,    171.027       
# span 5 =      1.004,     68.655       
# span 6 =  46678.476,  49825.463       
# span 7 =    29.5496,    31.6062       
# span 8 =     9.2591,    10.5967       
# span 9 =      1.000,     68.000       
# span 10 =     9.2525,    10.5942      
# span 11 =    22.6591,    24.4228      
# span 12 =     5.1147,     5.7700      
# span 13 =     7.3094,     8.2459      
# span 14 =     77.971,     88.814      
# span 15 =    222.976,    251.971      
# span 16 =    228.422,    257.689      
# span 17 =   -0.03484,    0.00551      
# span 18 =    6.43228,    6.55971      
# span 19 =    9.19236,    9.37449      
# span 20 =  280.73764,  285.97266      
# span 21 =   14.56278,   14.80972      
# span 22 = 3.6382e-02, 1.1825e+01      
# span 23 =     0.3349,     2.7101      
# span 24 =     0.2555,     0.4534      
# span 25 =    89.2843,    93.8118      
# span 26 = 0.0000e+00, 0.0000e+00      
# interval = meters: 1                  
# start_time = Oct 18 2014 16:48:49 [Instrument's time stamp, header]
# bad_flag = -9.990e-29
*END*
         75 291.700782    0.00515     0.3092     18.553      1.004  46678.476    29.5496    10.2526      1.000    10.2491    22.6591     5.2746     7.5379     81.108    230.343    235.563   -0.03484    6.50315    9.29365  283.99572   14.72353 8.4383e+00     0.3349     0.4475    89.4151 0.0000e+00
        238 291.701251    0.01643     0.9858     59.146      2.011  46719.605    29.5807    10.2761      2.000    10.2731    22.6795     5.5612     7.9475     85.578    242.855    248.363   -0.00572    6.49851    9.28702  283.78727   14.71343 1.1825e+01     1.9106     0.4440    89.4931 0.0000e+00
        311 291.701465    0.02154     1.2922     77.531      3.036  46745.677    29.5994    10.2833      3.000    10.2828    22.6929     5.7700     8.2459     88.814    251.971    257.689    0.00551    6.49672    9.28446  283.70518   14.70943 8.8951e+00     2.4852     0.4467    89.4335 0.0000e+00
        309 291.701457    0.02137     1.2823     76.940      4.036  46748.542    29.6008    10.2818      4.000    10.2813    22.6943     5.7575     8.2281     88.621    251.426    257.132    0.00373    6.49687    9.28467  283.71154   14.70973 5.4522e+00     2.5172     0.4534    89.2843 0.0000e+00
        313 291.701470    0.02166     1.2997     77.980      5.048  46752.443    29.6032    10.2819      5.000    10.2812    22.6961     5.7565     8.2265     88.605    251.377    257.082    0.00224    6.49675    9.28451  283.70605   14.70946 5.0315e+00     2.5661     0.4479    89.4071 0.0000e+00
        317 291.701481    0.02194     1.3168     79.007      6.063  46769.034    29.6143    10.2813      6.000    10.2783    22.7049     5.7486     8.2154     88.489    251.034    256.733    0.00025    6.49636    9.28396  283.68675   14.70849 4.1481e+00     2.5475     0.4455    89.4607 0.0000e+00
        320 291.701491    0.02218     1.3308     79.847      7.064  46789.031    29.6274    10.2769      7.000    10.2737    22.7159     5.7466     8.2124     88.457    250.941    256.642   -0.00049    6.49646    9.28409  283.68750   14.70847 3.3792e+00     2.5329     0.4410    89.5625 0.0000e+00
        324 291.701502    0.02243     1.3460     80.758      8.070  46796.625    29.6320    10.2738      8.000    10.2720    22.7200     5.7492     8.2162     88.494    251.056    256.760   -0.00007    6.49671    9.28445  283.69761   14.70894 3.1779e+00     2.5570     0.4395    89.5939 0.0000e+00
        328 291.701514    0.02274     1.3644     81.866      9.085  46824.991    29.6509    10.2683      9.000    10.2583    22.7356     5.7491     8.2161     88.493    251.049    256.757   -0.00006    6.49671    9.28445  283.69304   14.70864 3.0900e+00     2.5686     0.4401    89.5813 0.0000e+00
        333 291.701528    0.02306     1.3836     83.017     10.094  46865.664    29.6769    10.2502     10.000    10.2438    22.7588     5.7411     8.2047     88.349    250.694    256.400   -0.00138    6.49820    9.28656  283.75133   14.71132 2.9670e+00     2.5351     0.4497    89.3656 0.0000e+00
        338 291.701542    0.02339     1.4038     84.229     11.106  46914.130    29.7086    10.2341     11.000    10.2258    22.7862     5.7373     8.1993     88.278    250.521    256.230   -0.00173    6.49918    9.28798  283.78698   14.71290 2.9012e+00     2.7101     0.4311    89.7820 0.0000e+00
        342 291.701555    0.02371     1.4224     85.344     12.113  46964.857    29.7423    10.2213     12.000    10.2179    22.8145     5.7308     8.1899     88.172    250.228    255.937   -0.00209    6.49959    9.28856  283.79700   14.71325 2.6367e+00     2.4980     0.4297    89.8142 0.0000e+00
        347 291.701569    0.02405     1.4426     86.556     13.120  47028.664    29.7872    10.2256     13.000    10.2283    22.8488     5.7160     8.1688     87.978    249.576    255.279   -0.00313    6.49711    9.28502  283.67943   14.70744 2.3503e+00     2.5935     0.4124    90.2037 0.0000e+00
        353 291.701586    0.02445     1.4669     88.015     14.142  47035.143    29.7923    10.2343     14.000    10.2328    22.8513     5.7065     8.1551     87.851    249.157    254.851   -0.00278    6.49567    9.28296  283.61538   14.70435 2.3258e+00     2.5386     0.4019    90.4399 0.0000e+00
        357 291.701597    0.02472     1.4836     89.017     15.137  47084.206    29.8277    10.2461     15.000    10.2664    22.8770     5.6960     8.1401     87.732    248.692    254.382   -0.00348    6.49252    9.27845  283.47079   14.69729 1.8819e+00     2.4714     0.3978    90.5327 0.0000e+00
        362 291.701613    0.02509     1.5055     90.333     16.153  47086.442    29.8351    10.2997     16.000    10.3054    22.8741     5.6998     8.1456     87.897    248.860    254.552   -0.00042    6.48460    9.26715  283.12617   14.68077 1.8457e+00     2.3351     0.3878    90.7605 0.0000e+00
        367 291.701627    0.02544     1.5263     91.580     17.163  47095.668    29.8428    10.3130     17.000    10.3203    22.8778     5.6790     8.1158     87.606    247.951    253.623   -0.00301    6.48241    9.26401  283.02924   14.67611 1.5779e+00     2.2792     0.3784    90.9727 0.0000e+00
        372 291.701641    0.02577     1.5463     92.781     18.164  47101.243    29.8484    10.3320     18.000    10.3379    22.8792     5.6697     8.1026     87.502    247.545    253.209   -0.00309    6.47949    9.25985  282.90182   14.66999 1.3385e+00     2.0696     0.3770    91.0053 0.0000e+00
        379 291.701661    0.02625     1.5753     94.517     19.190  47107.075    29.8554    10.3606     19.000    10.3648    22.8800     5.6465     8.0694     87.203    246.532    252.173   -0.00410    6.47515    9.25363  282.71169   14.66086 1.3611e+00     2.1893     0.3697    91.1716 0.0000e+00
        383 291.701673    0.02654     1.5923     95.535     20.188  47100.249    29.8514    10.3711     20.000    10.3697    22.8751     5.6481     8.0717     87.245    246.603    252.244   -0.00268    6.47385    9.25177  282.65615   14.65822 1.0291e+00     2.1465     0.3684    91.2020 0.0000e+00
        388 291.701686    0.02685     1.6110     96.659     21.193  47103.515    29.8533    10.3715     21.000    10.3703    22.8766     5.6532     8.0789     87.325    246.824    252.470   -0.00090    6.47371    9.25157  282.64969   14.65790 9.1373e-01     1.9856     0.3667    91.2391 0.0000e+00
        394 291.701704    0.02728     1.6367     98.201     22.216  47115.928    29.8629    10.3819     22.000    10.3875    22.8823     5.6418     8.0627     87.174    246.326    251.963   -0.00177    6.47185    9.24892  282.56692   14.65390 8.5973e-01     1.9625     0.3629    91.3268 0.0000e+00
        398 291.701717    0.02759     1.6554     99.322     23.212  47135.531    29.8791    10.4071     23.000    10.4182    22.8909     5.6427     8.0640     87.246    246.365    252.004   -0.00095    6.46763    9.24289  282.38039   14.64491 6.6710e-01     1.9986     0.3617    91.3558 0.0000e+00
        404 291.701734    0.02801     1.6806    100.834     24.230  47133.482    29.8806    10.4364     24.000    10.4401    22.8872     5.6358     8.0541     87.195    246.063    251.695   -0.00068    6.46344    9.23690  282.19833   14.63619 6.0410e-01     1.8575     0.3541    91.5284 0.0000e+00
        410 291.701750    0.02839     1.7033    102.196     25.237  47143.701    29.8893    10.4533     25.000    10.4541    22.8912     5.6302     8.0461     87.145    245.817    251.444   -0.00117    6.46069    9.23297  282.07722   14.63036 4.7019e-01     1.8609     0.3474    91.6813 0.0000e+00
        415 291.701765    0.02875     1.7250    103.500     26.245  47148.447    29.8933    10.4620     26.000    10.4604    22.8928     5.6245     8.0380     87.076    245.569    251.191   -0.00116    6.45931    9.23099  282.01641   14.62744 3.6202e-01     1.8324     0.3438    91.7642 0.0000e+00
        421 291.701782    0.02917     1.7498    104.988     27.257  47147.733    29.8924    10.4628     27.000    10.4603    22.8921     5.6183     8.0291     86.980    245.296    250.911   -0.00166    6.45923    9.23089  282.01322   14.62729 2.9907e-01     1.7464     0.3440    91.7598 0.0000e+00
        426 291.701798    0.02954     1.7727    106.364     28.269  47151.154    29.8947    10.4652     28.000    10.4615    22.8935     5.6081     8.0145     86.829    244.852    250.457   -0.00237    6.45879    9.23026  281.99395   14.62636 2.1948e-01     1.6854     0.3417    91.8130 0.0000e+00
        431 291.701812    0.02987     1.7923    107.536     29.271  47155.317    29.8972    10.4647     29.000    10.4615    22.8955     5.6098     8.0170     86.856    244.928    250.535   -0.00150    6.45876    9.23022  281.99223   14.62627 1.3679e-01     1.7019     0.3442    91.7544 0.0000e+00
        437 291.701830    0.03031     1.8184    109.105     30.288  47155.121    29.8965    10.4641     30.000    10.4604    22.8952     5.6116     8.0197     86.884    245.008    250.617   -0.00052    6.45887    9.23038  281.99690   14.62650 1.0795e-01     1.7433     0.3414    91.8194 0.0000e+00
        443 291.701846    0.03069     1.8413    110.481     31.298  47161.558    29.9006    10.4636     31.000    10.4603    22.8984     5.6111     8.0188     86.876    244.982    250.592   -0.00052    6.45878    9.23025  281.99210   14.62625 6.0554e-02     1.7477     0.3417    91.8114 0.0000e+00
        447 291.701859    0.03100     1.8599    111.591     32.301  47165.925    29.9034    10.4647     32.000    10.4617    22.9004     5.6128     8.0212     86.905    245.055    250.667   -0.00009    6.45851    9.22985  281.97962   14.62564 3.7208e-02     1.8701     0.3416    91.8142 0.0000e+00
        453 291.701875    0.03140     1.8837    113.024     33.316  47166.960    29.9039    10.4662     33.000    10.4626    22.9006     5.6110     8.0187     86.881    244.976    250.587   -0.00050    6.45827    9.22952  281.96917   14.62514 3.6383e-02     1.9158     0.3420    91.8062 0.0000e+00
        458 291.701891    0.03177     1.9061    114.367     34.322  47170.573    29.9061    10.4672     34.000    10.4644    22.9022     5.6138     8.0227     86.927    245.099    250.712    0.00016    6.45805    9.22920  281.95905   14.62464 3.6382e-02     1.7876     0.3415    91.8174 0.0000e+00
        464 291.701908    0.03218     1.9311    115.868     35.334  47180.682    29.9136    10.4737     35.000    10.4740    22.9070     5.6113     8.0191     86.905    244.989    250.601   -0.00028    6.45682    9.22744  281.90404   14.62198 3.6382e-02     1.7317     0.3389    91.8760 0.0000e+00
        470 291.701924    0.03258     1.9548    117.289     36.344  47205.472    29.9324    10.4896     36.000    10.4950    22.9190     5.6145     8.0237     86.995    245.125    250.743    0.00043    6.45381    9.22314  281.76931   14.61546 3.6382e-02     1.7339     0.3374    91.9101 0.0000e+00
        475 291.701940    0.03294     1.9763    118.576     37.351  47232.771    29.9542    10.5160     37.000    10.5219    22.9316     5.6144     8.0236     87.056    245.119    250.740    0.00089    6.44922    9.21659  281.56562   14.60562 3.6382e-02     1.6273     0.3301    92.0779 0.0000e+00
        481 291.701956    0.03333     1.9999    119.992     38.365  47277.794    29.9891    10.5491     38.000    10.5584    22.9534     5.5976     7.9995     86.876    244.378    249.987   -0.00117    6.44314    9.20790  281.29410   14.59249 3.6382e-02     1.5223     0.3223    92.2577 0.0000e+00
        486 291.701971    0.03369     2.0214    121.286     39.366  47280.232    29.9935    10.5753     39.000    10.5754    22.9524     5.5786     7.9724     86.633    243.550    249.140   -0.00302    6.43930    9.20240  281.12643   14.58445 3.6382e-02     1.5074     0.3163    92.3961 0.0000e+00
        493 291.701992    0.03420     2.0517    123.103     40.388  47288.970    30.0004    10.5865     40.000    10.5852    22.9559     5.5616     7.9481     86.395    242.807    248.381   -0.00352    6.43744    9.19974  281.04431   14.58049 3.6382e-02     1.3519     0.3103    92.5357 0.0000e+00
        498 291.702006    0.03454     2.0728    124.365     41.388  47336.659    30.0347    10.5967     41.000    10.5942    22.9809     5.5598     7.9454     86.404    242.722    248.299   -0.00218    6.43460    9.19569  280.91358   14.57409 3.6382e-02     1.4219     0.3107    92.5271 0.0000e+00
        504 291.702023    0.03495     2.0969    125.813     42.401  47448.996    30.1127    10.5905     42.000    10.5754    23.0426     5.5487     7.9296     86.263    242.223    247.804   -0.00238    6.43228    9.19236  280.79505   14.56810 3.6382e-02     1.3462     0.3022    92.7231 0.0000e+00
        510 291.702041    0.03537     2.1223    127.339     43.408  47641.861    30.2424    10.5419     43.000    10.5008    23.1518     5.5312     7.9046     85.972    241.434    247.024   -0.00378    6.43375    9.19448  280.82972   14.56924 3.6382e-02     1.2847     0.2967    92.8520 0.0000e+00
        517 291.702061    0.03586     2.1518    129.108     44.424  48093.445    30.5466    10.4269     44.000    10.4090    23.4077     5.4830     7.8358     85.175    239.271    244.872   -0.00852    6.43733    9.19958  280.91541   14.57211 3.6382e-02     1.1437     0.2916    92.9690 0.0000e+00
        523 291.702077    0.03624     2.1741    130.449     45.427  48241.919    30.6481    10.4042     45.000    10.3939    23.4906     5.4374     7.7706     84.480    237.261    242.835   -0.01127    6.43633    9.19816  280.84928   14.56853 3.6382e-02     0.9912     0.2770    93.3085 0.0000e+00
        529 291.702095    0.03667     2.2002    132.010     46.438  48388.770    30.7494    10.3892     46.000    10.3780    23.5720     5.4055     7.7249     84.010    235.848    241.407   -0.01016    6.43428    9.19524  280.73764   14.56278 3.6382e-02     0.9252     0.2686    93.5052 0.0000e+00
        536 291.702116    0.03717     2.2301    133.807     47.449  48522.862    30.8388    10.3500     47.000    10.3070    23.6481     5.3892     7.7017     83.734    235.122    240.682   -0.00707    6.43610    9.19782  280.79574   14.56520 3.6382e-02     0.7559     0.2644    93.6022 0.0000e+00
        543 291.702137    0.03767     2.2602    135.612     48.461  48750.931    30.9791    10.1843     48.000    10.1441    23.7848     5.3741     7.6801     83.273    234.430    240.007   -0.00716    6.45358    9.22282  281.52109   14.59934 3.6382e-02     0.7260     0.2600    93.7065 0.0000e+00
        549 291.702154    0.03807     2.2843    137.055     49.470  48818.623    31.0159    10.0997     49.000    10.0647    23.8274     5.3811     7.6901     83.247    234.727    240.320   -0.00440    6.46399    9.23769  281.96345   14.62036 3.6382e-02     0.6882     0.2579    93.7559 0.0000e+00
        555 291.702172    0.03850     2.3104    138.622     50.476  48857.891    31.0291     9.9873     50.000     9.9363    23.8560     5.3994     7.7162     83.332    235.517    241.135   -0.00168    6.47938    9.25968  282.62658   14.65203 3.6382e-02     0.6795     0.2580    93.7542 0.0000e+00
        563 291.702192    0.03901     2.3406    140.436     51.494  48935.017    31.0599     9.8052     51.000     9.7347    23.9094     5.4060     7.7258     83.119    235.796    241.434   -0.00261    6.50402    9.29489  283.68667   14.70262 3.6382e-02     0.6903     0.2591    93.7269 0.0000e+00
        568 291.702207    0.03935     2.3608    141.649     52.492  49085.100    31.1455     9.6544     52.000     9.6137    24.0003     5.3931     7.7073     82.691    235.212    240.857   -0.00539    6.52202    9.32063  284.44688   14.73863 3.6382e-02     0.7514     0.2606    93.6939 0.0000e+00
        575 291.702227    0.03984     2.3905    143.430     53.509  49210.335    31.2233     9.5790     53.000     9.5648    24.0731     5.3588     7.6582     82.068    233.696    239.322   -0.00781    6.52960    9.33145  284.75688   14.75314 3.6382e-02     0.7029     0.2627    93.6436 0.0000e+00
