CTD-processing/allCTD/CNV/2014_07-23_t6_s02_cast197_4141.cnv
* Sea-Bird SBE19plus Data File:
* FileName = C:\Users\kris.holderied\Documents\kasitsna\Research-Projects-and-Data\Oceanography-AK\CTD-Data-ALL-to-2014-06\2014-CTD-KachemakBay-CookInlet\2014-07-EVOSTC-CookInlet-quarterly\2014-07-23-CookInlet-Tran6-Douglas\2014-07-23-CookInlet-Tran6-cast197.hex
* Software Version 1.59
* Temperature SN =  4141
* Conductivity SN =  4141
* System UpLoad Time = Jul 23 2014 23:18:00
** Cook Inlet LTM Transect 6 (Douglas) East to West
** Date: 07-23
** Station: 6-02
** Start time: 08:51
** Depth (m): 47
** Comment:  CTD time is Alaska Daylight time.  Transducer  depth (transducer is 9 ft).
** Comment:
# nquan = 27
# nvalues = 47                          
# units = specified
# name 0 = scan: Scan Count
# name 1 = timeJ: Julian Days
# name 2 = timeH: Time, Elapsed [hours]
# name 3 = timeM: Time, Elapsed [minutes]
# name 4 = timeS: Time, Elapsed [seconds]
# name 5 = prdM: Pressure, Strain Gauge [db]
# name 6 = specc: Specific Conductance [uS/cm]
# name 7 = sal00: Salinity, Practical [PSU]
# name 8 = tv290C: Temperature [ITS-90, deg C]
# name 9 = depSM: Depth [salt water, m], lat = 59.00
# name 10 = potemp090C: Potential Temperature [ITS-90, deg C]
# name 11 = sigma-é00: Density [sigma-theta, kg/m^3]
# name 12 = sbeox0ML/L: Oxygen, SBE 43 [ml/l]
# name 13 = sbeox0Mg/L: Oxygen, SBE 43 [mg/l]
# name 14 = sbeox0PS: Oxygen, SBE 43 [% saturation]
# name 15 = sbox0Mm/Kg: Oxygen, SBE 43 [umol/kg]
# name 16 = sbeox0Mm/L: Oxygen, SBE 43 [umol/l]
# name 17 = sbox0dV/dT: Oxygen, SBE 43 [dov/dt]
# name 18 = oxsolML/L: Oxygen Saturation, Garcia & Gordon [ml/l]
# name 19 = oxsolMg/L: Oxygen Saturation, Garcia & Gordon [mg/l]
# name 20 = oxsolMm/Kg: Oxygen Saturation, Garcia & Gordon [umol/kg]
# name 21 = n2satMg/L: Nitrogen Saturation [mg/l]
# name 22 = par: PAR/Irradiance, Biospherical/Licor
# name 23 = wetStar: Fluorescence, WET Labs WETstar [mg/m^3]
# name 24 = CStarAt0: Beam Attenuation, WET Labs C-Star [1/m]
# name 25 = CStarTr0: Beam Transmission, WET Labs C-Star [%]
# name 26 = flag: flag
# span 0 =        355,        561       
# span 1 = 204.370261, 204.370856       
# span 2 =    0.02459,    0.03886       
# span 3 =     1.4756,     2.3317       
# span 4 =     88.535,    139.899       
# span 5 =      1.012,     47.426       
# span 6 =  49635.331,  50233.681       
# span 7 =    31.5507,    31.8016       
# span 8 =     8.5618,     9.6611       
# span 9 =      1.000,     47.000       
# span 10 =     8.5557,     9.6496      
# span 11 =    24.3207,    24.6814      
# span 12 =     5.7348,     6.1794      
# span 13 =     8.1955,     8.8309      
# span 14 =     86.202,     94.969      
# span 15 =    249.945,    269.412      
# span 16 =    256.114,    275.969      
# span 17 =   -0.02198,    0.00199      
# span 18 =    6.50371,    6.65403      
# span 19 =    9.29445,    9.50928      
# span 20 =  283.55888,  290.01128      
# span 21 =   14.69447,   15.00195      
# span 22 = 1.3440e-01, 1.1041e+02      
# span 23 =     1.1006,     4.3582      
# span 24 =     0.2657,     0.4887      
# span 25 =    88.4999,    93.5722      
# span 26 = 0.0000e+00, 0.0000e+00      
# interval = meters: 1                  
# start_time = Jul 23 2014 08:51:42 [Instrument's time stamp, header]
# bad_flag = -9.990e-29
*END*
        355 204.370261    0.02459     1.4756     88.535      1.012  49641.140    31.5602     9.6611      1.000     9.6496    24.3222     6.1765     8.8269     94.969    269.294    275.844    0.00199    6.50371    9.29445  283.55888   14.69447 1.1041e+02     3.2500     0.4704    88.9072 0.0000e+00
        393 204.370371    0.02725     1.6349     98.093      2.025  49635.331    31.5507     9.6235      2.000     9.6074    24.3207     6.1639     8.8088     94.691    268.744    275.280   -0.00201    6.50950    9.30271  283.81145   14.70659 8.7615e+01     3.0648     0.4757    88.7870 0.0000e+00
        397 204.370382    0.02750     1.6501     99.003      3.035  49660.912    31.5646     9.5962      3.000     9.5883    24.3360     6.1704     8.8181     94.742    269.022    275.569   -0.00122    6.51281    9.30746  283.95197   14.71326 6.2042e+01     3.3601     0.4887    88.4999 0.0000e+00
        400 204.370392    0.02774     1.6642     99.852      4.039  49663.345    31.5638     9.5809      4.000     9.5698    24.3379     6.1794     8.8309     94.848    269.412    275.969    0.00032    6.51503    9.31064  284.04836   14.71787 4.7315e+01     3.6198     0.4885    88.5050 0.0000e+00
        404 204.370401    0.02797     1.6779    100.671      5.045  49673.711    31.5685     9.5645      5.000     9.5569    24.3442     6.1777     8.8286     94.791    269.340    275.897   -0.00022    6.51720    9.31373  284.14082   14.72228 3.7229e+01     4.1488     0.4747    88.8094 0.0000e+00
        407 204.370412    0.02821     1.6927    101.563      6.053  49685.845    31.5754     9.5553      6.000     9.5534    24.3511     6.1577     8.8000     94.470    268.467    275.004   -0.00304    6.51822    9.31519  284.18359   14.72429 3.1014e+01     4.0208     0.4674    88.9730 0.0000e+00
        411 204.370423    0.02849     1.7093    102.560      7.065  49684.789    31.5739     9.5526      7.000     9.5492    24.3503     6.1334     8.7652     94.090    267.405    273.916   -0.00599    6.51868    9.31584  284.20366   14.72525 2.6645e+01     3.9798     0.4641    89.0458 0.0000e+00
        415 204.370435    0.02878     1.7266    103.595      8.075  49690.008    31.5765     9.5478      8.000     9.5467    24.3531     6.1220     8.7489     93.906    266.907    273.407   -0.00609    6.51927    9.31668  284.22855   14.72644 2.2814e+01     4.1249     0.4631    89.0682 0.0000e+00
        420 204.370447    0.02907     1.7438    104.628      9.087  49689.089    31.5753     9.5469      9.000     9.5443    24.3523     6.1234     8.7509     93.925    266.968    273.470   -0.00380    6.51945    9.31694  284.23661   14.72683 1.9436e+01     3.7889     0.4599    89.1384 0.0000e+00
        423 204.370458    0.02933     1.7595    105.571     10.097  49692.560    31.5770     9.5443     10.000     9.5433    24.3540     6.1205     8.7468     93.877    266.845    273.343   -0.00325    6.51973    9.31736  284.24891   14.72741 1.6576e+01     3.7546     0.4635    89.0595 0.0000e+00
        427 204.370468    0.02956     1.7739    106.433     11.104  49691.951    31.5761     9.5447     11.000     9.5425    24.3534     6.1266     8.7556     93.971    267.110    273.615   -0.00165    6.51972    9.31733  284.24831   14.72739 1.4116e+01     4.3582     0.4599    89.1375 0.0000e+00
        430 204.370477    0.02979     1.7877    107.264     12.109  49691.030    31.5748     9.5429     12.000     9.5390    24.3526     6.1328     8.7643     94.060    267.378    273.890   -0.00012    6.52004    9.31779  284.26248   14.72807 1.2095e+01     3.9363     0.4564    89.2165 0.0000e+00
        434 204.370489    0.03006     1.8037    108.222     13.121  49689.780    31.5725     9.5358     13.000     9.5296    24.3520     6.1264     8.7553     93.948    267.103    273.609   -0.00106    6.52116    9.31940  284.31168   14.73043 1.0458e+01     3.8510     0.4537    89.2763 0.0000e+00
        438 204.370501    0.03036     1.8216    109.297     14.135  49695.349    31.5748     9.5269     14.000     9.5224    24.3552     6.1109     8.7332     93.693    266.426    272.915   -0.00317    6.52234    9.32108  284.36211   14.73284 8.9832e+00     3.8558     0.4518    89.3199 0.0000e+00
        442 204.370512    0.03063     1.8379    110.272     15.149  49695.989    31.5740     9.5211     15.000     9.5165    24.3555     6.1059     8.7260     93.603    266.207    272.691   -0.00344    6.52319    9.32230  284.39918   14.73461 7.6370e+00     3.6765     0.4393    89.5994 0.0000e+00
        445 204.370522    0.03085     1.8511    111.067     16.155  49699.892    31.5758     9.5166     16.000     9.5137    24.3576     6.1073     8.7280     93.617    266.268    272.754   -0.00231    6.52377    9.32312  284.42381   14.73578 6.5364e+00     3.7346     0.4418    89.5429 0.0000e+00
        448 204.370530    0.03105     1.8631    111.788     17.160  49700.075    31.5752     9.5151     17.000     9.5115    24.3575     6.1020     8.7203     93.531    266.033    272.513   -0.00252    6.52401    9.32347  284.43426   14.73628 5.6047e+00     3.6186     0.4368    89.6540 0.0000e+00
        451 204.370538    0.03126     1.8757    112.542     18.163  49698.157    31.5730     9.5123     18.000     9.5074    24.3562     6.0969     8.7130     93.445    265.812    272.286   -0.00297    6.52452    9.32419  284.45654   14.73735 4.8744e+00     3.3533     0.4417    89.5452 0.0000e+00
        455 204.370550    0.03153     1.8918    113.508     19.175  49699.107    31.5726     9.5072     19.000     9.5020    24.3567     6.0932     8.7079     93.380    265.654    272.125   -0.00268    6.52526    9.32524  284.48882   14.73890 4.2374e+00     3.6138     0.4310    89.7849 0.0000e+00
        460 204.370563    0.03185     1.9109    114.651     20.193  49698.626    31.5707     9.4985     20.000     9.4927    24.3566     6.0819     8.6917     93.187    265.161    271.619   -0.00360    6.52659    9.32716  284.54697   14.74170 3.6345e+00     3.2764     0.4276    89.8622 0.0000e+00
        464 204.370575    0.03212     1.9273    115.638     21.203  49703.935    31.5733     9.4936     21.000     9.4905    24.3595     6.0746     8.6812     93.066    264.840    271.291   -0.00359    6.52719    9.32801  284.57222   14.74289 3.0768e+00     3.3197     0.4259    89.8981 0.0000e+00
        467 204.370585    0.03237     1.9422    116.531     22.205  49706.769    31.5748     9.4926     22.000     9.4907    24.3608     6.0678     8.6716     92.962    264.545    270.990   -0.00379    6.52728    9.32813  284.57577   14.74305 2.6411e+00     3.2882     0.4221    89.9858 0.0000e+00
        471 204.370597    0.03265     1.9590    117.542     23.218  49705.500    31.5735     9.4928     23.000     9.4895    24.3597     6.0658     8.6686     92.929    264.456    270.898   -0.00287    6.52729    9.32815  284.57663   14.74309 2.2850e+00     3.3346     0.4220    89.9873 0.0000e+00
        475 204.370608    0.03294     1.9760    118.561     24.232  49707.616    31.5744     9.4915     24.000     9.4890    24.3606     6.0624     8.6637     92.875    264.305    270.743   -0.00257    6.52744    9.32837  284.58305   14.74340 1.9863e+00     3.2712     0.4246    89.9288 0.0000e+00
        479 204.370618    0.03318     1.9908    119.446     25.240  49705.025    31.5721     9.4916     25.000     9.4867    24.3589     6.0688     8.6730     92.972    264.588    271.033   -0.00120    6.52752    9.32848  284.58684   14.74359 1.7045e+00     3.0346     0.4250    89.9202 0.0000e+00
        482 204.370628    0.03340     2.0043    120.259     26.246  49706.997    31.5726     9.4882     26.000     9.4838    24.3598     6.0661     8.6690     92.924    264.467    270.910   -0.00079    6.52800    9.32916  284.60754   14.74459 1.4754e+00     3.3504     0.4238    89.9473 0.0000e+00
        486 204.370638    0.03365     2.0189    121.132     27.252  49703.917    31.5694     9.4836     27.000     9.4711    24.3580     6.0624     8.6637     92.856    264.308    270.745   -0.00177    6.52880    9.33030  284.64269   14.74628 1.2637e+00     3.1551     0.4169    90.1013 0.0000e+00
        490 204.370650    0.03393     2.0358    122.148     28.266  49698.851    31.5609     9.4505     28.000     9.4181    24.3567     6.0653     8.6680     92.829    264.437    270.879   -0.00118    6.53393    9.33764  284.86686   14.75703 1.0857e+00     3.1833     0.4068    90.3283 0.0000e+00
        494 204.370662    0.03422     2.0529    123.172     29.277  49725.078    31.5706     9.3897     29.000     9.3449    24.3738     6.0453     8.6393     92.404    263.559    269.983   -0.00454    6.54229    9.34959  285.22659   14.77419 9.3840e-01     3.0156     0.3963    90.5672 0.0000e+00
        498 204.370673    0.03448     2.0689    124.136     30.287  49785.587    31.6017     9.3094     30.000     9.2773    24.4109     6.0223     8.6064     91.906    262.544    268.954   -0.00807    6.55261    9.36434  285.66630   14.79509 8.1796e-01     2.7932     0.3831    90.8659 0.0000e+00
        501 204.370683    0.03473     2.0840    125.041     31.297  49819.886    31.6187     9.2606     31.000     9.2295    24.4317     5.9970     8.5703     91.432    261.440    267.827   -0.00998    6.55898    9.37344  285.93816   14.80802 7.1772e-01     2.9326     0.3747    91.0571 0.0000e+00
        504 204.370693    0.03496     2.0976    125.858     32.304  49844.332    31.6292     9.2149     32.000     9.1733    24.4470     5.9782     8.5435     91.059    260.616    266.987   -0.01124    6.56519    9.38231  286.20439   14.82070 6.2680e-01     2.7783     0.3739    91.0757 0.0000e+00
        508 204.370703    0.03520     2.1119    126.716     33.308  49884.547    31.6467     9.1417     33.000     9.0959    24.4721     5.9654     8.5252     90.727    260.050    266.414   -0.01106    6.57510    9.39648  286.62983   14.84097 5.5249e-01     2.7972     0.3577    91.4460 0.0000e+00
        512 204.370716    0.03552     2.1310    127.860     34.322  49943.997    31.6752     9.0508     34.000     9.0148    24.5084     5.9382     8.4862     90.147    258.854    265.198   -0.01221    6.58718    9.41375  287.14607   14.86553 4.8292e-01     2.3831     0.3468    91.6963 0.0000e+00
        517 204.370730    0.03586     2.1518    129.107     35.337  49985.832    31.6942     8.9807     35.000     8.9510    24.5341     5.8999     8.4316     89.438    257.181    263.490   -0.01378    6.59665    9.42728  287.55179   14.88485 4.2423e-01     2.2890     0.3398    91.8548 0.0000e+00
        521 204.370742    0.03614     2.1686    130.117     36.350  49968.002    31.6727     8.9215     36.000     8.8385    24.5263     5.8804     8.4038     89.014    256.333    262.621   -0.01348    6.60626    9.44101  287.97287   14.90506 3.7359e-01     2.1519     0.3263    92.1656 0.0000e+00
        525 204.370751    0.03636     2.1817    130.902     37.357  50009.741    31.6788     8.7660     37.000     8.6636    24.5547     5.8621     8.3775     88.432    255.527    261.801   -0.01454    6.62899    9.47349  288.95532   14.95198 3.3870e-01     1.9961     0.2999    92.7757 0.0000e+00
        527 204.370759    0.03656     2.1936    131.613     38.361  50152.722    31.7588     8.6305     38.000     8.5893    24.6377     5.8287     8.3297     87.707    254.047    260.307   -0.01819    6.64565    9.49728  289.65776   14.98523 3.0245e-01     2.0409     0.2780    93.2860 0.0000e+00
        530 204.370768    0.03676     2.2054    132.327     39.362  50215.908    31.7957     8.5836     39.000     8.5724    24.6736     5.7790     8.2588     86.889    251.877    258.091   -0.02198    6.65103    9.50499  289.88278   14.99583 2.7396e-01     1.7370     0.2785    93.2742 0.0000e+00
        534 204.370778    0.03700     2.2200    133.203     40.377  50226.576    31.8013     8.5743     40.000     8.5687    24.6794     5.7509     8.2186     86.451    250.648    256.834   -0.02058    6.65218    9.50663  289.93100   14.99811 2.4673e-01     1.4055     0.2703    93.4660 0.0000e+00
        538 204.370791    0.03731     2.2384    134.306     41.389  50228.255    31.8016     8.5717     41.000     8.5673    24.6800     5.7386     8.2010     86.261    250.112    256.284   -0.01526    6.65256    9.50718  289.94753   14.99890 2.2431e-01     1.2505     0.2697    93.4788 0.0000e+00
        543 204.370805    0.03765     2.2586    135.518     42.407  50227.149    31.8004     8.5711     42.000     8.5662    24.6792     5.7348     8.1955     86.202    249.945    256.114   -0.00991    6.65270    9.50737  289.95367   14.99920 2.0273e-01     1.1805     0.2697    93.4790 0.0000e+00
        547 204.370815    0.03790     2.2735    136.412     43.417  50227.957    31.8003     8.5700     43.000     8.5648    24.6793     5.7353     8.1963     86.208    249.968    256.137   -0.00736    6.65287    9.50761  289.96109   14.99956 1.8248e-01     1.1006     0.2685    93.5089 0.0000e+00
        550 204.370824    0.03809     2.2856    137.139     44.421  50229.287    31.8006     8.5686     44.000     8.5634    24.6798     5.7447     8.2097     86.347    250.380    256.559   -0.00424    6.65306    9.50789  289.96943   14.99995 1.6281e-01     1.1360     0.2657    93.5722 0.0000e+00
        552 204.370832    0.03829     2.2977    137.862     45.422  50230.262    31.8006     8.5671     45.000     8.5611    24.6800     5.7566     8.2268     86.523    250.897    257.090   -0.00154    6.65328    9.50819  289.97867   15.00039 1.5042e-01     1.1845     0.2700    93.4725 0.0000e+00
        556 204.370842    0.03855     2.3130    138.779     46.434  50231.930    31.8010     8.5646     46.000     8.5587    24.6807     5.7594     8.2307     86.560    251.020    257.215   -0.00051    6.65364    9.50872  289.99457   15.00115 1.3830e-01     1.1938     0.2683    93.5127 0.0000e+00
        561 204.370856    0.03886     2.3317    139.899     47.426  50233.681    31.8013     8.5618     47.000     8.5557    24.6814     5.7523     8.2205     86.447    250.707    256.895   -0.00153    6.65403    9.50928  290.01128   15.00195 1.3440e-01     1.3245     0.2712    93.4439 0.0000e+00
