CTD-processing/allCTD/CNV/2014_08-13_t9_s04_cast029_4141.cnv
* Sea-Bird SBE19plus Data File:
* FileName = C:\Users\kris.holderied\Documents\kasitsna\Research-Projects-and-Data\Oceanography-AK\CTD-Data-ALL-to-2014-06\2014-CTD-KachemakBay-CookInlet\2014-08-13-CookInlet-HomerSpit-monthly\2014-08-13-CookInlet-Tran9-cast029.hex
* Software Version 1.59
* Temperature SN =  4141
* Conductivity SN =  4141
* System UpLoad Time = Oct 13 2014 00:32:14
** Cook Inlet LTM Transect 9 (Homer Spit) North to South
** Date: 08-13
** Station: 9-04
** Start time: 12:09
** Depth (m): 89.9
** Comment:  CTD time is Alaska Daylight time.  R/V Barnacle. Transducer  depth.
** Comment:
# nquan = 27
# nvalues = 89                          
# units = specified
# name 0 = scan: Scan Count
# name 1 = timeJ: Julian Days
# name 2 = timeH: Time, Elapsed [hours]
# name 3 = timeM: Time, Elapsed [minutes]
# name 4 = timeS: Time, Elapsed [seconds]
# name 5 = prdM: Pressure, Strain Gauge [db]
# name 6 = specc: Specific Conductance [uS/cm]
# name 7 = sal00: Salinity, Practical [PSU]
# name 8 = tv290C: Temperature [ITS-90, deg C]
# name 9 = depSM: Depth [salt water, m], lat = 59.00
# name 10 = potemp090C: Potential Temperature [ITS-90, deg C]
# name 11 = sigma-é00: Density [sigma-theta, kg/m^3]
# name 12 = sbeox0ML/L: Oxygen, SBE 43 [ml/l]
# name 13 = sbeox0Mg/L: Oxygen, SBE 43 [mg/l]
# name 14 = sbeox0PS: Oxygen, SBE 43 [% saturation]
# name 15 = sbox0Mm/Kg: Oxygen, SBE 43 [umol/kg]
# name 16 = sbeox0Mm/L: Oxygen, SBE 43 [umol/l]
# name 17 = sbox0dV/dT: Oxygen, SBE 43 [dov/dt]
# name 18 = oxsolML/L: Oxygen Saturation, Garcia & Gordon [ml/l]
# name 19 = oxsolMg/L: Oxygen Saturation, Garcia & Gordon [mg/l]
# name 20 = oxsolMm/Kg: Oxygen Saturation, Garcia & Gordon [umol/kg]
# name 21 = n2satMg/L: Nitrogen Saturation [mg/l]
# name 22 = par: PAR/Irradiance, Biospherical/Licor
# name 23 = wetStar: Fluorescence, WET Labs WETstar [mg/m^3]
# name 24 = CStarAt0: Beam Attenuation, WET Labs C-Star [1/m]
# name 25 = CStarTr0: Beam Transmission, WET Labs C-Star [%]
# name 26 = flag: flag
# span 0 =        316,        632       
# span 1 = 225.508261, 225.509174       
# span 2 =    0.02188,    0.04379       
# span 3 =     1.3129,     2.6271       
# span 4 =     78.776,    157.627       
# span 5 =      1.016,     89.832       
# span 6 =  38978.428,  49370.821       
# span 7 =    24.3099,    31.3673       
# span 8 =     9.9337,    11.5114       
# span 9 =      1.000,     89.000       
# span 10 =     9.9198,    11.5150      
# span 11 =    18.4132,    24.1292      
# span 12 =     5.6630,     6.7060      
# span 13 =     8.0931,     9.5835      
# span 14 =     87.490,    103.491      
# span 15 =    246.955,    294.073      
# span 16 =    252.913,    299.487      
# span 17 =   -0.04043,    0.01066      
# span 18 =    6.31106,    6.56670      
# span 19 =    9.01915,    9.38448      
# span 20 =  275.34330,  287.96652      
# span 21 =   14.30343,   14.93519      
# span 22 = 4.4580e-02, 1.1923e+02      
# span 23 =     0.7807,     3.0105      
# span 24 =     0.4121,     2.7232      
# span 25 =    50.6208,    90.2107      
# span 26 = 0.0000e+00, 0.0000e+00      
# interval = meters: 1                  
# start_time = Aug 13 2014 12:10:35 [Instrument's time stamp, header]
# bad_flag = -9.990e-29
*END*
        316 225.508261    0.02188     1.3129     78.776      1.016  38978.428    24.3099    11.3352      1.000    11.3066    18.4132     6.7060     9.5835    102.120    294.073    299.487   -0.00110    6.56670    9.38448  287.96652   14.93519 1.1923e+02     0.7807     2.4060    54.7979 0.0000e+00
        322 225.508280    0.02232     1.3396     80.374      2.020  40442.931    25.3157    11.3020      2.000    11.3037    19.1982     6.6905     9.5614    102.462    293.169    298.797    0.00125    6.52976    9.33168  286.12630   14.84294 6.4199e+01     0.8238     2.3722    55.2653 0.0000e+00
        328 225.508295    0.02270     1.3616     81.697      3.031  42528.130    26.7622    11.3347      3.000    11.3705    20.3146     6.6913     9.5626    103.491    292.884    298.835    0.01066    6.46565    9.24006  283.00699   14.68766 4.3079e+01     1.0843     2.0867    59.4040 0.0000e+00
        333 225.508310    0.02306     1.3836     83.014      4.042  43554.241    27.4844    11.4261      4.000    11.4588    20.8593     6.6120     9.4491    102.934    289.257    295.291    0.00198    6.42347    9.17979  281.01077   14.58913 3.2871e+01     1.5542     1.6743    65.7984 0.0000e+00
        337 225.508323    0.02336     1.4017     84.105      5.045  44519.874    28.1654    11.4975      5.000    11.5150    21.3753     6.5169     9.3134    102.049    284.955    291.046   -0.00868    6.38604    9.12630  279.23217   14.50118 2.4762e+01     1.9649     1.4619    69.3983 0.0000e+00
        342 225.508336    0.02367     1.4203     85.219      6.055  44934.890    28.4570    11.5114      6.000    11.5021    21.5992     6.5068     9.2988    102.109    284.450    290.593   -0.00554    6.37237    9.10675  278.57312   14.46844 1.9735e+01     2.5500     1.4092    70.3085 0.0000e+00
        347 225.508350    0.02400     1.4400     86.401      7.073  45220.214    28.6547    11.4904      7.000    11.4719    21.7561     6.4959     9.2833    102.020    283.929    290.107   -0.00330    6.36727    9.09948  278.30762   14.45492 1.4990e+01     2.9292     1.4441    69.7005 0.0000e+00
        350 225.508360    0.02426     1.4556     87.333      8.074  45253.601    28.6737    11.4482      8.000    11.4285    21.7782     6.4621     9.2350    101.410    282.446    288.598   -0.00840    6.37227    9.10661  278.51997   14.46501 1.1446e+01     3.0105     1.4084    70.3224 0.0000e+00
        354 225.508372    0.02452     1.4716     88.293      9.087  45375.794    28.7564    11.4213      9.000    11.4154    21.8471     6.4224     9.1782    100.780    280.690    286.823   -0.01200    6.37262    9.10712  278.51648   14.46450 8.5246e+00     2.9539     1.5008    68.7156 0.0000e+00
        358 225.508382    0.02478     1.4866     89.197     10.094  45442.735    28.8013    11.4039     10.000    11.3716    21.8849     6.3744     9.1096    100.020    278.586    284.682   -0.01566    6.37318    9.10792  278.53068   14.46500 6.3021e+00     2.5770     1.4173    70.1630 0.0000e+00
        361 225.508392    0.02503     1.5016     90.094     11.107  45793.635    29.0410    11.3410     11.000    11.3139    22.0819     6.3262     9.0407     99.279    276.423    282.527   -0.01826    6.37211    9.10639  278.43038   14.45923 4.6528e+00     2.3512     1.4544    69.5206 0.0000e+00
        365 225.508402    0.02527     1.5158     90.947     12.116  46061.573    29.2252    11.3037     12.000    11.2783    22.2313     6.2480     8.9290     98.088    272.968    279.036   -0.02361    6.36979    9.10307  278.28819   14.45168 3.4758e+00     2.2343     1.4224    70.0765 0.0000e+00
        368 225.508411    0.02549     1.5293     91.761     13.118  46834.444    29.7643    11.2615     13.000    11.2426    22.6573     6.1402     8.7750     96.638    268.148    274.223   -0.03206    6.35383    9.08026  277.47516   14.41056 2.5974e+00     1.9832     1.3555    71.2574 0.0000e+00
        372 225.508422    0.02574     1.5445     92.670     14.131  47071.457    29.9295    11.2474     14.000    11.2557    22.7880     6.0473     8.6422     95.247    264.055    270.072   -0.03608    6.34908    9.07348  277.23251   14.39828 2.0115e+00     1.6750     1.4044    70.3947 0.0000e+00
        375 225.508433    0.02600     1.5603     93.620     15.143  47363.096    30.1365    11.2634     15.000    11.2636    22.9460     5.9322     8.4777     93.588    258.988    264.931   -0.04043    6.33859    9.05848  276.73150   14.37345 1.5541e+00     1.4156     1.1749    74.5621 0.0000e+00
        379 225.508443    0.02625     1.5751     94.508     16.148  47439.847    30.1904    11.2645     16.000    11.2615    22.9878     5.8661     8.3832     92.579    256.091    261.979   -0.03948    6.33628    9.05518  276.61953   14.36787 1.2107e+00     1.2309     1.0040    77.8022 0.0000e+00
        383 225.508454    0.02651     1.5906     95.437     17.166  47473.224    30.2134    11.2638     17.000    11.2614    23.0058     5.8552     8.3676     92.419    255.611    261.492   -0.02867    6.33544    9.05399  276.57806   14.36579 9.5310e-01     1.1357     0.9670    78.5238 0.0000e+00
        386 225.508464    0.02674     1.6045     96.267     18.174  47520.394    30.2462    11.2620     18.000    11.2553    23.0315     5.8537     8.3656     92.412    255.542    261.426   -0.01989    6.33437    9.05246  276.52434   14.36308 7.4893e-01     1.0352     0.9304    79.2460 0.0000e+00
        389 225.508472    0.02695     1.6174     97.042     19.180  47591.265    30.2950    11.2541     19.000    11.2453    23.0709     5.8479     8.3571     92.332    255.273    261.163   -0.01502    6.33349    9.05118  276.47489   14.36052 5.9604e-01     1.0456     0.9022    79.8072 0.0000e+00
        392 225.508482    0.02717     1.6303     97.816     20.191  47684.643    30.3595    11.2444     20.000    11.2387    23.1226     5.8473     8.3564     92.343    255.240    261.141   -0.01102    6.33221    9.04936  276.40540   14.35693 4.7084e-01     1.0499     0.8612    80.6297 0.0000e+00
        395 225.508490    0.02738     1.6427     98.562     21.199  47725.032    30.3872    11.2403     21.000    11.2367    23.1449     5.8517     8.3627     92.420    255.425    261.338   -0.00719    6.33167    9.04858  276.37554   14.35539 3.7028e-01     0.9794     0.8392    81.0763 0.0000e+00
        398 225.508499    0.02759     1.6551     99.305     22.205  47774.280    30.4214    11.2390     22.000    11.2356    23.1718     5.8512     8.3621     92.430    255.400    261.318   -0.00507    6.33046    9.04687  276.31579   14.35239 3.0208e-01     1.0426     0.8284    81.2948 0.0000e+00
        401 225.508508    0.02781     1.6687    100.120     23.218  47786.649    30.4297    11.2379     23.000    11.2340    23.1783     5.8620     8.3774     92.602    255.865    261.796   -0.00236    6.33028    9.04660  276.30593   14.35189 2.4186e-01     1.2647     0.8065    81.7387 0.0000e+00
        405 225.508518    0.02804     1.6823    100.940     24.227  47803.422    30.4409    11.2359     24.000    11.2317    23.1874     5.8731     8.3933     92.780    256.349    262.293    0.00026    6.33010    9.04635  276.29585   14.35136 1.9680e-01     1.0887     0.7833    82.2145 0.0000e+00
        408 225.508527    0.02827     1.6963    101.780     25.233  47878.690    30.4934    11.2334     25.000    11.2268    23.2287     5.8791     8.4019     92.902    256.602    262.562    0.00132    6.32833    9.04382  276.20745   14.34692 1.6128e-01     0.9649     0.7560    82.7791 0.0000e+00
        412 225.508538    0.02853     1.7116    102.698     26.247  47994.049    30.5737    11.2259     26.000    11.2185    23.2925     5.8862     8.4120     93.046    256.895    262.878    0.00230    6.32613    9.04067  276.09387   14.34115 1.3628e-01     1.0036     0.7199    83.5301 0.0000e+00
        416 225.508549    0.02879     1.7273    103.637     27.257  48243.671    30.7491    11.2192     27.000    11.2119    23.4300     5.8874     8.4136     93.154    256.910    262.929    0.00245    6.32000    9.03192  275.78975   14.32588 1.1533e-01     0.9782     0.6660    84.6647 0.0000e+00
        419 225.508560    0.02906     1.7433    104.595     28.269  48438.474    30.8857    11.2115     28.000    11.2062    23.5375     5.8947     8.4241     93.336    257.203    263.257    0.00323    6.31557    9.02557  275.56707   14.31467 9.9591e-02     1.0055     0.6013    86.0432 0.0000e+00
        423 225.508571    0.02930     1.7582    105.490     29.275  48503.800    30.9312    11.2083     29.000    11.1999    23.5734     5.9084     8.4437     93.573    257.792    263.869    0.00441    6.31417    9.02359  275.49680   14.31113 8.9570e-02     0.9464     0.5471    87.2176 0.0000e+00
        427 225.508581    0.02955     1.7732    106.390     30.283  48547.779    30.9607    11.1979     30.000    11.1841    23.5982     5.9215     8.4625     93.778    258.360    264.456    0.00516    6.31440    9.02391  275.49976   14.31114 8.6543e-02     0.8763     0.5076    88.0840 0.0000e+00
        430 225.508592    0.02982     1.7892    107.352     31.293  48574.566    30.9770    11.1765     31.000    11.1703    23.6146     5.9254     8.4680     93.807    258.525    264.630    0.00368    6.31665    9.02713  275.59369   14.31558 8.0157e-02     0.8862     0.4940    88.3833 0.0000e+00
        435 225.508604    0.03011     1.8064    108.384     32.304  48634.168    31.0197    11.1847     32.000    11.1945    23.6463     5.9280     8.4716     93.888    258.627    264.742    0.00295    6.31382    9.02309  275.46196   14.30911 7.5833e-02     0.8984     0.4620    89.0932 0.0000e+00
        439 225.508616    0.03039     1.8234    109.403     33.316  48626.138    31.0159    11.2062     33.000    11.2032    23.6397     5.9243     8.4664     93.871    258.468    264.578    0.00172    6.31106    9.01915  275.34330   14.30343 7.3313e-02     0.8544     0.4271    89.8713 0.0000e+00
        442 225.508627    0.03065     1.8389    110.334     34.325  48626.185    31.0154    11.2048     34.000    11.1976    23.6396     5.9283     8.4721     93.932    258.643    264.757    0.00151    6.31129    9.01946  275.35286   14.30389 7.0746e-02     0.8483     0.4180    90.0771 0.0000e+00
        446 225.508637    0.03089     1.8535    111.208     35.333  48631.611    31.0183    11.1993     35.000    11.1891    23.6427     5.9285     8.4725     93.926    258.652    264.768    0.00111    6.31192    9.02036  275.37967   14.30516 7.0091e-02     0.8832     0.4124    90.2047 0.0000e+00
        449 225.508647    0.03113     1.8680    112.079     36.344  48639.210    31.0220    11.1876     36.000    11.1763    23.6477     5.9254     8.4680     93.855    258.515    264.628   -0.00021    6.31335    9.02240  275.44056   14.30807 6.5943e-02     0.8523     0.4121    90.2091 0.0000e+00
        453 225.508657    0.03137     1.8823    112.935     37.353  48646.041    31.0250    11.1752     37.000    11.1577    23.6523     5.9317     8.4770     93.931    258.788    264.909    0.00023    6.31491    9.02464  275.50739   14.31125 6.4085e-02     0.8902     0.4211    90.0084 0.0000e+00
        456 225.508666    0.03160     1.8961    113.768     38.364  48663.961    31.0347    11.1520     38.000    11.1357    23.6638     5.9454     8.4966     94.109    259.385    265.523    0.00190    6.31765    9.02855  275.62384   14.31680 6.1736e-02     0.8920     0.4282    89.8489 0.0000e+00
        459 225.508676    0.03183     1.9093    114.561     39.373  48680.055    31.0439    11.1357     39.000    11.1248    23.6739     5.9594     8.5166     94.302    259.993    266.149    0.00311    6.31949    9.03120  275.70180   14.32049 6.1433e-02     0.8636     0.4204    90.0234 0.0000e+00
        462 225.508684    0.03203     1.9222    115.330     40.380  48679.351    31.0419    11.1259     40.000    11.0965    23.6741     5.9719     8.5343     94.478    260.533    266.701    0.00412    6.32091    9.03322  275.76354   14.32346 6.0080e-02     0.9178     0.4209    90.0114 0.0000e+00
        466 225.508694    0.03226     1.9355    116.130     41.390  48698.827    31.0493    11.0722     41.000    11.0341    23.6892     5.9767     8.5413     94.450    260.742    266.919    0.00288    6.32789    9.04320  276.06415   14.33783 5.8696e-02     0.8837     0.4193    90.0471 0.0000e+00
        469 225.508703    0.03249     1.9493    116.958     42.400  48746.311    31.0776    11.0277     42.000    11.0101    23.7189     5.9911     8.5620     94.605    261.367    267.566    0.00282    6.33282    9.05023  276.27104   14.34762 5.8284e-02     0.8266     0.4211    90.0064 0.0000e+00
        472 225.508712    0.03272     1.9632    117.793     43.409  48762.163    31.0859    11.0065     43.000    10.9842    23.7291     6.0155     8.5967     94.950    262.423    268.650    0.00537    6.33536    9.05387  276.37916   14.35277 5.7056e-02     0.8834     0.4191    90.0512 0.0000e+00
        476 225.508723    0.03296     1.9774    118.643     44.419  48782.605    31.0961    10.9724     44.000    10.9396    23.7429     6.0472     8.6421     95.388    263.806    270.069    0.00800    6.33961    9.05992  276.56025   14.36140 5.4005e-02     0.8400     0.4121    90.2107 0.0000e+00
        479 225.508733    0.03320     1.9918    119.509     45.430  48797.738    31.1004    10.9194     45.000    10.8641    23.7554     6.0645     8.6668     95.554    264.556    270.841    0.00772    6.34666    9.07001  276.86473   14.37597 5.4593e-02     0.8189     0.4308    89.7902 0.0000e+00
        483 225.508743    0.03344     2.0063    120.379     46.440  48863.535    31.1375    10.8401     46.000    10.8130    23.7980     6.0667     8.6699     95.449    264.643    270.940    0.00438    6.35602    9.08338  277.26140   14.39481 5.4624e-02     0.8275     0.5331    87.5230 0.0000e+00
        486 225.508753    0.03368     2.0207    121.245     47.451  48894.444    31.1555    10.8108     47.000    10.7955    23.8171     6.0383     8.6293     94.953    263.398    269.672   -0.00122    6.35929    9.08807  277.39925   14.40135 5.4897e-02     0.8193     0.5721    86.6735 0.0000e+00
        489 225.508762    0.03391     2.0344    122.066     48.460  48895.993    31.1540    10.7916     48.000    10.7667    23.8191     5.9997     8.5742     94.306    261.713    267.947   -0.00802    6.36200    9.09194  277.51674   14.40697 5.4449e-02     0.8629     0.5982    86.1074 0.0000e+00
        492 225.508771    0.03413     2.0477    122.861     49.468  48895.473    31.1481    10.7470     49.000    10.6900    23.8221     5.9807     8.5470     93.912    260.882    267.097   -0.01018    6.36837    9.10103  277.79351   14.42025 5.4292e-02     0.8542     0.6384    85.2498 0.0000e+00
        496 225.508781    0.03435     2.0610    123.659     50.479  48954.701    31.1802    10.6669     50.000    10.6300    23.8608     5.9787     8.5441     93.737    260.786    267.008   -0.00947    6.37810    9.11494  278.20758   14.43994 5.4087e-02     0.8411     0.7059    83.8251 0.0000e+00
        499 225.508790    0.03457     2.0742    124.452     51.487  48970.510    31.1852    10.6188     51.000    10.5729    23.8729     5.9821     8.5490     93.696    260.931    267.159   -0.00728    6.38452    9.12411  278.48439   14.45317 5.3875e-02     0.8465     0.7780    82.3253 0.0000e+00
        502 225.508799    0.03479     2.0877    125.260     52.496  48992.208    31.1918    10.5488     52.000    10.5048    23.8899     5.9798     8.5458     93.523    260.828    267.059   -0.00653    6.39395    9.13758  278.89056   14.47260 5.3115e-02     0.8634     0.9195    79.4699 0.0000e+00
        505 225.508809    0.03503     2.1016    126.098     53.504  49043.903    31.2225    10.5035     53.000    10.4842    23.9215     5.9668     8.5272     93.246    260.250    266.476   -0.00747    6.39897    9.14476  279.10139   14.48256 5.2577e-02     0.8940     1.0238    77.4198 0.0000e+00
