CTD-processing/allCTD/CNV/2014_12-17_t9_s08_cast165_4141.cnv
* Sea-Bird SBE19plus Data File:
* FileName = C:\Users\kris.holderied\Documents\kasitsna\Research-Projects-and-Data\Oceanography-AK\CTD-Data-ALL-to-2014-10\2014-CTD-KachemakBay-CookInlet\2014-12-17-CookInlet-HomerSpit-monthly\2014-12-17-CookInlet-Tran9-cast165.hex
* Software Version 1.59
* Temperature SN =  4141
* Conductivity SN =  4141
* System UpLoad Time = Jan 16 2015 13:04:26
** Cook Inlet LTM Tran9 (Homer Spit) North to South
** Date: 12-17
** Station: 9-08
** Start time:  11:39
** Depth (m): 93
** Comment:  CTD time is local time (AKST).
** Comment: On Kasitsna Bay Lab R/V Banacle.
# nquan = 27
# nvalues = 84                          
# units = specified
# name 0 = scan: Scan Count
# name 1 = timeJ: Julian Days
# name 2 = timeH: Time, Elapsed [hours]
# name 3 = timeM: Time, Elapsed [minutes]
# name 4 = timeS: Time, Elapsed [seconds]
# name 5 = prdM: Pressure, Strain Gauge [db]
# name 6 = specc: Specific Conductance [uS/cm]
# name 7 = sal00: Salinity, Practical [PSU]
# name 8 = tv290C: Temperature [ITS-90, deg C]
# name 9 = depSM: Depth [salt water, m], lat = 59.00
# name 10 = potemp090C: Potential Temperature [ITS-90, deg C]
# name 11 = sigma-é00: Density [sigma-theta, kg/m^3]
# name 12 = sbeox0ML/L: Oxygen, SBE 43 [ml/l]
# name 13 = sbeox0Mg/L: Oxygen, SBE 43 [mg/l]
# name 14 = sbeox0PS: Oxygen, SBE 43 [% saturation]
# name 15 = sbox0Mm/Kg: Oxygen, SBE 43 [umol/kg]
# name 16 = sbeox0Mm/L: Oxygen, SBE 43 [umol/l]
# name 17 = sbox0dV/dT: Oxygen, SBE 43 [dov/dt]
# name 18 = oxsolML/L: Oxygen Saturation, Garcia & Gordon [ml/l]
# name 19 = oxsolMg/L: Oxygen Saturation, Garcia & Gordon [mg/l]
# name 20 = oxsolMm/Kg: Oxygen Saturation, Garcia & Gordon [umol/kg]
# name 21 = n2satMg/L: Nitrogen Saturation [mg/l]
# name 22 = par: PAR/Irradiance, Biospherical/Licor
# name 23 = wetStar: Fluorescence, WET Labs WETstar [mg/m^3]
# name 24 = CStarAt0: Beam Attenuation, WET Labs C-Star [1/m]
# name 25 = CStarTr0: Beam Transmission, WET Labs C-Star [%]
# name 26 = flag: flag
# span 0 =        230,        612       
# span 1 = 351.485767, 351.486871       
# span 2 =    0.01590,    0.04241       
# span 3 =     0.9539,     2.5447       
# span 4 =     57.236,    152.685       
# span 5 =      1.010,     84.797       
# span 6 =  47643.321,  49113.176       
# span 7 =    29.5659,    30.9311       
# span 8 =     5.7961,     8.1063       
# span 9 =      1.000,     84.000       
# span 10 =     5.7985,     8.0983      
# span 11 =    23.2831,    24.0661      
# span 12 =     5.6943,     6.1926      
# span 13 =     8.1377,     8.8499      
# span 14 =     84.223,     86.378      
# span 15 =    248.330,    270.271      
# span 16 =    254.306,    276.563      
# span 17 =   -0.00751,    0.00646      
# span 18 =    6.76084,    7.19465      
# span 19 =    9.66192,   10.28188      
# span 20 =  294.84353,  314.00251      
# span 21 =   15.23628,   16.15528      
# span 22 = 3.5122e-02, 1.7801e+01      
# span 23 =     0.2026,     0.4188      
# span 24 =     0.4955,     1.5099      
# span 25 =    68.5583,    88.3486      
# span 26 = 0.0000e+00, 0.0000e+00      
# interval = meters: 1                  
# start_time = Dec 17 2014 11:38:33 [Instrument's time stamp, header]
# bad_flag = -9.990e-29
*END*
        230 351.485767    0.01590     0.9539     57.236      1.010  47643.321    29.5659     5.8103      1.000     5.8051    23.2831     6.1926     8.8499     86.071    270.271    276.563    0.00120    7.19465   10.28188  314.00251   16.15528 1.7801e+01     0.3405     1.1090    75.7960 0.0000e+00
        315 351.486014    0.02183     1.3097     78.581      2.018  47891.993    29.7330     5.7961      2.000     5.7985    23.4166     6.1429     8.7790     85.449    268.068    274.346   -0.00016    7.18907   10.27390  313.71762   16.14103 1.1348e+01     0.4188     1.2420    73.3113 0.0000e+00
        328 351.486051    0.02274     1.3641     81.847      3.032  47944.290    29.7720     5.8160      3.000     5.8245    23.4452     6.1432     8.7793     85.515    268.071    274.356    0.00058    7.18382   10.26639  313.47959   16.12953 7.8732e+00     0.4068     1.2597    72.9843 0.0000e+00
        334 351.486069    0.02315     1.3890     83.339      4.040  48124.788    29.9038     5.8615      4.000     5.9533    23.5442     6.1400     8.7747     85.638    267.907    274.214    0.00116    7.16982   10.24639  312.83863   16.09846 5.4935e+00     0.3965     1.2685    72.8252 0.0000e+00
        339 351.486083    0.02350     1.4098     84.591      5.047  48491.692    30.2161     6.1931      5.000     6.3326    23.7520     6.1322     8.7635     86.378    267.509    273.862    0.00646    7.09931   10.14562  309.69915   15.94765 4.0549e+00     0.3838     1.2178    73.7582 0.0000e+00
        345 351.486099    0.02387     1.4320     85.920      6.056  48725.720    30.4478     6.5906      6.000     6.7200    23.8865     6.0627     8.6643     86.329    264.445    270.762    0.00414    7.02281   10.03630  306.32178   15.78576 2.9802e+00     0.3591     1.0196    77.5105 0.0000e+00
        350 351.486114    0.02424     1.4542     87.254      7.065  48600.492    30.4015     6.8243      7.000     6.8468    23.8210     5.9682     8.5292     85.421    260.337    266.539   -0.00525    6.98677    9.98480  304.76940   15.71197 2.3595e+00     0.3471     0.9372    79.1131 0.0000e+00
        355 351.486129    0.02461     1.4766     88.595      8.078  48603.819    30.4110     6.8692      8.000     6.8867    23.8228     5.9323     8.4779     85.002    258.773    264.937   -0.00751    6.97906    9.97377  304.43225   15.69586 1.8238e+00     0.3238     0.9060    79.7325 0.0000e+00
        360 351.486144    0.02494     1.4966     89.795      9.083  48727.735    30.5100     6.9498      9.000     7.0000    23.8905     5.9307     8.4756     85.193    258.686    264.866   -0.00334    6.96151    9.94869  303.64671   15.65800 1.3201e+00     0.3114     0.8747    80.3588 0.0000e+00
        365 351.486158    0.02530     1.5180     91.083     10.097  48693.792    30.5039     7.0556     10.000     7.0666    23.8721     5.9271     8.4704     85.346    258.532    264.704   -0.00046    6.94475    9.92475  302.92145   15.62344 9.8801e-01     0.3049     0.8318    81.2250 0.0000e+00
        370 351.486173    0.02564     1.5385     92.310     11.102  48703.219    30.5129     7.0731     11.000     7.0838    23.8769     5.8988     8.4300     84.979    257.300    263.443   -0.00348    6.94153    9.92014  302.77950   15.61664 6.9668e-01     0.2880     0.8246    81.3703 0.0000e+00
        376 351.486189    0.02604     1.5627     93.760     12.112  48723.377    30.5327     7.1107     12.000     7.1231    23.8876     5.8821     8.4061     84.822    256.565    262.694   -0.00357    6.93460    9.91024  302.47386   15.60199 5.2534e-01     0.2946     0.7999    81.8744 0.0000e+00
        382 351.486208    0.02648     1.5889     95.334     13.133  48749.834    30.5590     7.1605     13.000     7.1854    23.9018     5.8778     8.3999     84.872    256.373    262.501   -0.00165    6.92545    9.89716  302.07055   15.58264 3.6970e-01     0.2820     0.7824    82.2351 0.0000e+00
        386 351.486218    0.02675     1.6048     96.286     14.137  48780.224    30.5893     7.2189     14.000     7.2582    23.9180     5.8746     8.3954     84.958    256.232    262.361   -0.00043    6.91474    9.88185  301.59866   15.56001 1.7346e-01     0.3231     0.7891    82.0970 0.0000e+00
        389 351.486228    0.02696     1.6175     97.052     15.144  48854.181    30.6518     7.2897     15.000     7.3630    23.9578     5.8660     8.3831     85.006    255.846    261.976   -0.00001    6.90066    9.86173  300.97267   15.52990 5.1476e-02     0.3082     0.7720    82.4465 0.0000e+00
        392 351.486236    0.02716     1.6298     97.788     16.152  48783.200    30.6187     7.3918     16.000     7.4201    23.9184     5.8637     8.3799     85.154    255.757    261.875    0.00110    6.88598    9.84075  300.34398   15.50005 3.5122e-02     0.3400     0.7352    83.2114 0.0000e+00
        395 351.486244    0.02737     1.6421     98.525     17.158  48775.935    30.6195     7.4307     17.000     7.4526    23.9138     5.8598     8.3743     85.175    255.588    261.701    0.00138    6.87979    9.83192  300.07572   15.48724 3.6397e-02     0.2795     0.7179    83.5712 0.0000e+00
        398 351.486254    0.02759     1.6555     99.329     18.172  48782.982    30.6302     7.4691     18.000     7.4985    23.9170     5.8478     8.3571     85.081    255.063    261.164   -0.00009    6.87324    9.82255  299.78875   15.47352 3.6377e-02     0.2769     0.7030    83.8830 0.0000e+00
        402 351.486263    0.02782     1.6688    100.127     19.184  48998.249    30.7910     7.5404     19.000     7.6738    24.0337     5.8324     8.3352     85.085    254.363    260.476   -0.00043    6.85482    9.79623  298.95131   15.43289 3.6384e-02     0.2571     0.6854    84.2517 0.0000e+00
        404 351.486271    0.02802     1.6812    100.873     20.188  48902.455    30.7533     7.7249     20.000     7.7907    23.9790     5.8374     8.3423     85.497    254.595    260.699    0.00285    6.82764    9.75738  297.78195   15.37725 3.6382e-02     0.2555     0.6108    85.8415 0.0000e+00
        408 351.486281    0.02823     1.6939    101.631     21.203  48955.982    30.8051     7.8204     21.000     7.8908    24.0066     5.8345     8.3380     85.669    254.457    260.566    0.00474    6.81047    9.73285  297.02533   15.34094 3.6382e-02     0.2923     0.5666    86.7924 0.0000e+00
        410 351.486289    0.02843     1.7058    102.351     22.206  48855.473    30.7493     7.9142     22.000     7.9339    23.9497     5.8213     8.3192     85.627    253.899    259.980    0.00300    6.79844    9.71564  296.51659   15.31689 3.6382e-02     0.2557     0.5223    87.7588 0.0000e+00
        413 351.486297    0.02864     1.7182    103.093     23.216  48862.106    30.7583     7.9453     23.000     7.9567    23.9525     5.7998     8.2886     85.377    252.963    259.022   -0.00023    6.79324    9.70822  296.28916   15.30599 3.6382e-02     0.2513     0.5079    88.0754 0.0000e+00
        416 351.486306    0.02885     1.7310    103.859     24.228  48849.429    30.7517     7.9627     24.000     7.9643    23.9448     5.7901     8.2746     85.263    252.537    258.584   -0.00157    6.79085    9.70481  296.18725   15.30116 3.6382e-02     0.2304     0.4978    88.2971 0.0000e+00
        420 351.486315    0.02907     1.7438    104.626     25.238  48859.797    30.7594     7.9685     25.000     7.9705    23.9501     5.7784     8.2578     85.106    252.025    258.061   -0.00263    6.78960    9.70301  296.13111   15.29845 3.6382e-02     0.2333     0.4962    88.3326 0.0000e+00
        423 351.486324    0.02928     1.7564    105.386     26.248  48864.307    30.7631     7.9750     26.000     7.9751    23.9521     5.7702     8.2462     85.001    251.668    257.696   -0.00320    6.78843    9.70133  296.07930   15.29596 3.6382e-02     0.2395     0.4955    88.3486 0.0000e+00
        426 351.486333    0.02948     1.7690    106.141     27.257  48869.498    30.7668     7.9787     27.000     7.9778    23.9545     5.7683     8.2434     84.982    251.584    257.611   -0.00278    6.78770    9.70031  296.04709   15.29441 3.6382e-02     0.2307     0.4965    88.3261 0.0000e+00
        429 351.486342    0.02969     1.7817    106.902     28.266  48871.578    30.7682     7.9810     28.000     7.9789    23.9553     5.7694     8.2451     85.004    251.635    257.663   -0.00196    6.78729    9.69972  296.02888   15.29353 3.6382e-02     0.2230     0.4963    88.3302 0.0000e+00
        432 351.486350    0.02991     1.7946    107.673     29.275  48873.174    30.7690     7.9820     29.000     7.9796    23.9558     5.7686     8.2440     84.994    251.601    257.628   -0.00150    6.78709    9.69943  296.02013   15.29311 3.6382e-02     0.3250     0.4982    88.2892 0.0000e+00
        435 351.486360    0.03013     1.8077    108.463     30.283  48876.323    30.7709     7.9828     30.000     7.9804    23.9572     5.7660     8.2402     84.957    251.483    257.507   -0.00164    6.78690    9.69915  296.01131   15.29268 3.6382e-02     0.2319     0.4971    88.3148 0.0000e+00
        438 351.486370    0.03036     1.8216    109.294     31.293  48875.997    30.7703     7.9832     31.000     7.9797    23.9566     5.7696     8.2453     85.012    251.641    257.670   -0.00098    6.78686    9.69910  296.00967   15.29260 3.6382e-02     0.2259     0.4989    88.2734 0.0000e+00
        442 351.486379    0.03059     1.8355    110.132     32.305  48882.740    30.7745     7.9827     32.000     7.9800    23.9600     5.7746     8.2524     85.086    251.859    257.892    0.00006    6.78673    9.69893  296.00346   15.29229 3.6382e-02     0.2187     0.4995    88.2609 0.0000e+00
        445 351.486388    0.03081     1.8488    110.929     33.317  48888.582    30.7782     7.9833     33.000     7.9805    23.9628     5.7709     8.2472     85.035    251.697    257.728   -0.00036    6.78648    9.69855  295.99128   15.29170 3.6382e-02     0.2298     0.5072    88.0923 0.0000e+00
        448 351.486397    0.03102     1.8613    111.680     34.323  48891.375    30.7797     7.9835     34.000     7.9795    23.9641     5.7660     8.2402     84.965    251.485    257.511   -0.00115    6.78638    9.69842  295.98674   15.29148 3.6382e-02     0.2156     0.5123    87.9771 0.0000e+00
        451 351.486405    0.03123     1.8738    112.430     35.332  48896.686    30.7828     7.9824     35.000     7.9788    23.9666     5.7658     8.2399     84.961    251.473    257.500   -0.00114    6.78642    9.69848  295.98769   15.29151 3.6382e-02     0.2188     0.5201    87.8069 0.0000e+00
        454 351.486414    0.03145     1.8866    113.197     36.344  48900.023    30.7846     7.9822     36.000     7.9793    23.9682     5.7679     8.2429     84.992    251.564    257.594   -0.00061    6.78637    9.69839  295.98490   15.29136 3.6382e-02     0.2168     0.5237    87.7292 0.0000e+00
        457 351.486423    0.03166     1.8993    113.955     37.354  48903.581    30.7868     7.9829     37.000     7.9797    23.9697     5.7665     8.2409     84.975    251.506    257.534   -0.00063    6.78616    9.69811  295.97559   15.29091 3.6382e-02     0.2093     0.5277    87.6410 0.0000e+00
        460 351.486431    0.03186     1.9116    114.697     38.361  48906.479    30.7885     7.9832     38.000     7.9796    23.9710     5.7632     8.2362     84.927    251.359    257.385   -0.00101    6.78604    9.69794  295.96991   15.29063 3.6382e-02     0.2180     0.5252    87.6969 0.0000e+00
        463 351.486441    0.03207     1.9244    115.463     39.372  48912.380    30.7921     7.9834     39.000     7.9814    23.9738     5.7628     8.2356     84.924    251.342    257.368   -0.00105    6.78585    9.69765  295.96075   15.29018 3.6382e-02     0.2127     0.5245    87.7110 0.0000e+00
        466 351.486450    0.03228     1.9372    116.230     40.382  48912.195    30.7919     7.9863     40.000     7.9829    23.9734     5.7654     8.2394     84.968    251.456    257.484   -0.00048    6.78543    9.69705  295.94241   15.28931 3.6382e-02     0.2294     0.5236    87.7321 0.0000e+00
        469 351.486458    0.03249     1.9495    116.969     41.390  48917.648    30.7955     7.9873     41.000     7.9856    23.9760     5.7700     8.2460     85.039    251.654    257.688    0.00021    6.78511    9.69661  295.92797   15.28860 3.6382e-02     0.2372     0.5220    87.7665 0.0000e+00
        472 351.486467    0.03270     1.9619    117.716     42.404  48915.702    30.7942     7.9904     42.000     7.9870    23.9745     5.7763     8.2551     85.138    251.934    257.974    0.00093    6.78470    9.69600  295.91003   15.28775 3.6382e-02     0.2214     0.5206    87.7977 0.0000e+00
        475 351.486475    0.03290     1.9739    118.434     43.408  48916.164    30.7942     7.9913     43.000     7.9882    23.9744     5.7774     8.2564     85.155    251.977    258.017    0.00104    6.78455    9.69580  295.90391   15.28746 3.6382e-02     0.2194     0.5200    87.8086 0.0000e+00
        478 351.486483    0.03310     1.9859    119.155     44.419  48915.491    30.7935     7.9928     44.000     7.9896    23.9736     5.7735     8.2508     85.100    251.805    257.842    0.00015    6.78435    9.69552  295.89551   15.28706 3.6382e-02     0.2137     0.5256    87.6875 0.0000e+00
        481 351.486492    0.03330     1.9982    119.891     45.431  48923.323    30.7988     7.9950     45.000     7.9936    23.9776     5.7759     8.2543     85.143    251.910    257.950    0.00007    6.78377    9.69468  295.86870   15.28576 3.6382e-02     0.2079     0.5144    87.9334 0.0000e+00
        483 351.486500    0.03350     2.0103    120.619     46.441  48923.071    30.7989     7.9992     46.000     7.9952    23.9771     5.7802     8.2605     85.214    252.099    258.144    0.00087    6.78312    9.69375  295.84048   15.28442 3.6382e-02     0.2146     0.4994    88.2624 0.0000e+00
        486 351.486509    0.03370     2.0221    121.327     47.445  48925.941    30.8005     7.9994     47.000     7.9943    23.9783     5.7823     8.2634     85.246    252.188    258.235    0.00096    6.78301    9.69360  295.83549   15.28417 3.6382e-02     0.2241     0.5045    88.1496 0.0000e+00
        489 351.486517    0.03391     2.0347    122.082     48.455  48932.275    30.8043     7.9985     48.000     7.9938    23.9814     5.7795     8.2595     85.207    252.070    258.116    0.00021    6.78298    9.69355  295.83317   15.28404 3.6382e-02     0.2165     0.5106    88.0162 0.0000e+00
        492 351.486526    0.03413     2.0479    122.875     49.467  48935.998    30.8064     7.9983     49.000     7.9930    23.9831     5.7800     8.2602     85.214    252.087    258.134    0.00008    6.78292    9.69348  295.83035   15.28390 3.6382e-02     0.2040     0.5159    87.9011 0.0000e+00
        496 351.486536    0.03436     2.0614    123.684     50.479  48941.361    30.8095     7.9967     50.000     7.9899    23.9858     5.7801     8.2603     85.213    252.090    258.137   -0.00006    6.78305    9.69365  295.83497   15.28410 3.6382e-02     0.2214     0.5143    87.9346 0.0000e+00
        499 351.486545    0.03457     2.0745    124.470     51.490  48946.006    30.8118     7.9933     51.000     7.9851    23.9880     5.7804     8.2608     85.213    252.106    258.154   -0.00016    6.78346    9.69425  295.85257   15.28494 3.6382e-02     0.2304     0.5118    87.9900 0.0000e+00
        502 351.486554    0.03478     2.0871    125.225     52.494  48960.862    30.8209     7.9881     52.000     7.9806    23.9959     5.7832     8.2647     85.248    252.223    258.275    0.00009    6.78386    9.69481  295.86765   15.28562 3.6382e-02     0.2153     0.5230    87.7449 0.0000e+00
        505 351.486562    0.03500     2.1002    126.015     53.512  48970.544    30.8266     7.9843     53.000     7.9765    24.0009     5.7847     8.2668     85.266    252.286    258.342    0.00018    6.78419    9.69529  295.88059   15.28621 3.6382e-02     0.2071     0.5765    86.5779 0.0000e+00
