CTD-processing/allCTD/CNV/2014_08-13_t4_s09_cast041_4141.cnv
* Sea-Bird SBE19plus Data File:
* FileName = C:\Users\kris.holderied\Documents\kasitsna\Research-Projects-and-Data\Oceanography-AK\CTD-Data-ALL-to-2014-06\2014-CTD-KachemakBay-CookInlet\2014-08-13-CookInlet-Tran4-Barabara-extra\2014-08-13-CookInlet-Tran4-cast041.hex
* Software Version 1.59
* Temperature SN =  4141
* Conductivity SN =  4141
* System UpLoad Time = Oct 13 2014 01:08:32
** Cook Inlet LTM Transect 4 (Barabara) South to North
** Date: 08-13
** Station: 4-09
** Start time: 15:57
** Depth (m): 29
** Comment:  CTD time is Alaska Daylight time.  R/V Barnacle. Transducer  depth.
** Comment:
# nquan = 27
# nvalues = 29                          
# units = specified
# name 0 = scan: Scan Count
# name 1 = timeJ: Julian Days
# name 2 = timeH: Time, Elapsed [hours]
# name 3 = timeM: Time, Elapsed [minutes]
# name 4 = timeS: Time, Elapsed [seconds]
# name 5 = prdM: Pressure, Strain Gauge [db]
# name 6 = specc: Specific Conductance [uS/cm]
# name 7 = sal00: Salinity, Practical [PSU]
# name 8 = tv290C: Temperature [ITS-90, deg C]
# name 9 = depSM: Depth [salt water, m], lat = 59.00
# name 10 = potemp090C: Potential Temperature [ITS-90, deg C]
# name 11 = sigma-é00: Density [sigma-theta, kg/m^3]
# name 12 = sbeox0ML/L: Oxygen, SBE 43 [ml/l]
# name 13 = sbeox0Mg/L: Oxygen, SBE 43 [mg/l]
# name 14 = sbeox0PS: Oxygen, SBE 43 [% saturation]
# name 15 = sbox0Mm/Kg: Oxygen, SBE 43 [umol/kg]
# name 16 = sbeox0Mm/L: Oxygen, SBE 43 [umol/l]
# name 17 = sbox0dV/dT: Oxygen, SBE 43 [dov/dt]
# name 18 = oxsolML/L: Oxygen Saturation, Garcia & Gordon [ml/l]
# name 19 = oxsolMg/L: Oxygen Saturation, Garcia & Gordon [mg/l]
# name 20 = oxsolMm/Kg: Oxygen Saturation, Garcia & Gordon [umol/kg]
# name 21 = n2satMg/L: Nitrogen Saturation [mg/l]
# name 22 = par: PAR/Irradiance, Biospherical/Licor
# name 23 = wetStar: Fluorescence, WET Labs WETstar [mg/m^3]
# name 24 = CStarAt0: Beam Attenuation, WET Labs C-Star [1/m]
# name 25 = CStarTr0: Beam Transmission, WET Labs C-Star [%]
# name 26 = flag: flag
# span 0 =        276,        402       
# span 1 = 225.666237, 225.666600       
# span 2 =    0.01913,    0.02784       
# span 3 =     1.1476,     1.6703       
# span 4 =     68.854,    100.215       
# span 5 =      1.015,     29.250       
# span 6 =  43960.624,  48632.919       
# span 7 =    27.8406,    31.0574       
# span 8 =    11.5306,    12.4324       
# span 9 =      1.000,     29.000       
# span 10 =    11.5272,    12.4373      
# span 11 =    20.9953,    23.6144      
# span 12 =     5.5975,     6.1939      
# span 13 =     7.9994,     8.8517      
# span 14 =     89.334,     99.105      
# span 15 =    244.216,    270.786      
# span 16 =    249.983,    276.620      
# span 17 =   -0.02974,    0.00020      
# span 18 =    6.19903,    6.30017      
# span 19 =    8.85903,    9.00357      
# span 20 =  270.74419,  275.57978      
# span 21 =   14.08752,   14.32752      
# span 22 = 1.2653e+00, 1.5389e+02      
# span 23 =     0.7645,     1.7652      
# span 24 =     0.4560,     2.4314      
# span 25 =    54.4725,    89.2263      
# span 26 = 0.0000e+00, 0.0000e+00      
# interval = meters: 1                  
# start_time = Aug 13 2014 15:58:14 [Instrument's time stamp, header]
# bad_flag = -9.990e-29
*END*
        276 225.666237    0.01913     1.1476     68.854      1.015  43960.624    27.8406    12.2280      1.000    12.2835    20.9953     5.9160     8.4546     93.894    258.775    264.210    0.00020    6.30017    9.00357  275.57978   14.32752 1.5389e+02     0.8064     2.4314    54.4725 0.0000e+00
        303 225.666313    0.02096     1.2576     75.455      2.022  45011.010    28.5911    12.3854      2.000    12.4373    21.5478     6.1939     8.8517     99.105    270.786    276.620   -0.00067    6.24966    8.93140  273.22274   14.21152 1.4539e+02     0.7645     1.9954    60.7619 0.0000e+00
        306 225.666323    0.02120     1.2719     76.312      3.030  46282.873    29.4918    12.4324      3.000    12.4104    22.2363     6.0610     8.6617     97.626    264.795    270.683   -0.01043    6.20828    8.87225  271.23055   14.11240 1.2062e+02     0.7822     1.3914    70.6269 0.0000e+00
        311 225.666336    0.02150     1.2899     77.395      4.036  46841.330    29.8822    12.3868      4.000    12.3336    22.5471     5.9883     8.5579     96.601    261.541    267.438   -0.01752    6.19903    8.85903  270.74419   14.08752 1.0899e+02     0.8943     1.0019    77.8531 0.0000e+00
        315 225.666348    0.02181     1.3085     78.511      5.048  47237.103    30.1454    12.2082      5.000    12.0526    22.7839     5.9378     8.4857     95.585    259.275    265.182   -0.02021    6.21213    8.87775  271.25331   14.11089 9.8549e+01     1.0944     0.7762    82.3680 0.0000e+00
        319 225.666361    0.02211     1.3265     79.589      6.054  47778.717    30.4962    11.8723      6.000    11.7871    23.1169     5.8721     8.3919     94.066    256.325    262.251   -0.02702    6.24261    8.92131  272.49554   14.16904 9.1738e+01     1.3487     0.6225    85.5945 0.0000e+00
        324 225.666375    0.02245     1.3469     80.813      7.066  48001.028    30.6390    11.7294      7.000    11.7113    23.2536     5.8013     8.2906     92.733    253.199    259.087   -0.02974    6.25592    8.94034  273.04034   14.19459 8.2902e+01     1.3945     0.5346    87.4890 0.0000e+00
        329 225.666390    0.02279     1.3675     82.053      8.077  48084.685    30.6935    11.6879      8.000    11.6741    23.3035     5.7957     8.2826     92.593    252.940    258.834   -0.01929    6.25929    8.94514  273.17385   14.20077 7.2144e+01     1.5077     0.5315    87.5588 0.0000e+00
        334 225.666403    0.02311     1.3868     83.205      9.090  48153.607    30.7397    11.6648      9.000    11.6605    23.3434     5.8010     8.2902     92.660    253.162    259.072   -0.01035    6.26053    8.94693  273.21753   14.20267 6.1431e+01     1.6386     0.5233    87.7368 0.0000e+00
        337 225.666413    0.02336     1.4020     84.123     10.095  48203.095    30.7738    11.6595     10.000    11.6550    23.3708     5.7953     8.2820     92.578    252.907    258.817   -0.00822    6.25989    8.94600  273.18211   14.20085 5.2208e+01     1.6692     0.5264    87.6687 0.0000e+00
        341 225.666424    0.02362     1.4170     85.022     11.107  48283.556    30.8300    11.6554     11.000    11.6537    23.4152     5.7895     8.2738     92.511    252.645    258.561   -0.00593    6.25821    8.94360  273.09698   14.19654 4.3949e+01     1.7284     0.5004    88.2429 0.0000e+00
        345 225.666434    0.02386     1.4313     85.875     12.113  48314.353    30.8512    11.6532     12.000    11.6479    23.4321     5.7765     8.2551     92.310    252.068    257.975   -0.00627    6.25766    8.94282  273.06845   14.19509 3.6223e+01     1.7105     0.4834    88.6173 0.0000e+00
        348 225.666444    0.02410     1.4457     86.744     13.117  48322.763    30.8560    11.6453     13.000    11.6372    23.4372     5.7629     8.2357     92.080    251.475    257.369   -0.00658    6.25853    8.94407  273.10508   14.19683 2.9025e+01     1.7270     0.4722    88.8649 0.0000e+00
        352 225.666457    0.02440     1.4642     87.851     14.137  48356.210    30.8783    11.6357     14.000    11.6345    23.4562     5.7518     8.2199     91.898    250.989    256.877   -0.00637    6.25892    8.94463  273.11722   14.19732 2.2049e+01     1.7652     0.4735    88.8362 0.0000e+00
        356 225.666468    0.02467     1.4804     88.823     15.139  48373.066    30.8901    11.6383     15.000    11.6396    23.4650     5.7436     8.2082     91.779    250.630    256.511   -0.00518    6.25812    8.94347  273.07966   14.19547 1.6669e+01     1.6948     0.4654    89.0165 0.0000e+00
        360 225.666479    0.02494     1.4964     89.781     16.153  48389.390    30.9019    11.6451     16.000    11.6465    23.4730     5.7379     8.2001     91.709    250.380    256.258   -0.00461    6.25674    8.94151  273.01739   14.19244 1.2792e+01     1.6023     0.4562    89.2215 0.0000e+00
        364 225.666490    0.02520     1.5119     90.716     17.161  48410.054    30.9169    11.6519     17.000    11.6561    23.4834     5.7396     8.2025     91.758    250.451    256.332   -0.00259    6.25523    8.93935  272.94876   14.18909 9.9730e+00     1.5379     0.4560    89.2263 0.0000e+00
        368 225.666501    0.02546     1.5273     91.637     18.170  48433.400    30.9346    11.6665     18.000    11.6749    23.4945     5.7369     8.1986     91.752    250.328    256.209   -0.00175    6.25261    8.93560  272.83148   14.18340 8.0991e+00     1.6267     0.4611    89.1112 0.0000e+00
        371 225.666511    0.02571     1.5431     92.585     19.182  48435.264    30.9372    11.6830     19.000    11.6829    23.4937     5.7314     8.1908     91.698    250.089    255.965   -0.00190    6.25031    8.93232  272.73133   14.17859 6.8316e+00     1.5557     0.4611    89.1116 0.0000e+00
        375 225.666522    0.02597     1.5585     93.512     20.191  48458.721    30.9536    11.6846     20.000    11.6772    23.5061     5.7326     8.1924     91.728    250.136    256.016   -0.00112    6.24944    8.93108  272.69022   14.17657 5.9468e+00     1.6108     0.4668    88.9863 0.0000e+00
        379 225.666532    0.02622     1.5730     94.382     21.202  48484.469    30.9703    11.6738     21.000    11.6590    23.5210     5.7235     8.1795     91.573    249.738    255.612   -0.00198    6.25023    8.93219  272.72029   14.17793 5.2939e+00     1.5297     0.4883    88.5082 0.0000e+00
        382 225.666541    0.02645     1.5867     95.200     22.212  48508.911    30.9847    11.6492     22.000    11.6086    23.5367     5.7089     8.1586     91.299    249.096    254.958   -0.00428    6.25292    8.93605  272.83371   14.18331 4.6966e+00     1.5914     0.5173    87.8703 0.0000e+00
        385 225.666551    0.02666     1.5995     95.967     23.219  48567.935    31.0198    11.5884     23.000    11.5549    23.5748     5.6904     8.1322     90.908    248.282    254.135   -0.00696    6.25962    8.94563  273.11620   14.19671 4.0710e+00     1.4347     0.5834    86.4290 0.0000e+00
        388 225.666560    0.02687     1.6120     96.718     24.229  48610.215    31.0451    11.5481     24.000    11.5340    23.6018     5.6677     8.0996     90.480    247.282    253.119   -0.00971    6.26399    8.95187  273.29960   14.20540 3.4550e+00     1.2630     0.6348    85.3257 0.0000e+00
        391 225.666567    0.02706     1.6241     97.443     25.239  48625.698    31.0543    11.5348     25.000    11.5294    23.6112     5.6394     8.0592     90.008    246.044    251.853   -0.01193    6.26540    8.95388  273.35836   14.20818 2.8744e+00     1.1807     0.6766    84.4389 0.0000e+00
        394 225.666576    0.02726     1.6356     98.136     26.248  48630.514    31.0570    11.5321     26.000    11.5282    23.6138     5.6125     8.0208     89.575    244.872    250.655   -0.01385    6.26566    8.95425  273.36901   14.20867 2.3657e+00     1.1792     0.6891    84.1755 0.0000e+00
        396 225.666584    0.02745     1.6470     98.821     27.256  48630.283    31.0564    11.5311     27.000    11.5272    23.6135     5.5975     7.9994     89.334    244.216    249.983   -0.01356    6.26580    8.95446  273.37554   14.20899 1.9413e+00     1.1294     0.7005    83.9349 0.0000e+00
        399 225.666591    0.02764     1.6585     99.510     28.264  48631.686    31.0569    11.5306     28.000    11.5272    23.6141     5.5979     7.9998     89.339    244.231    249.999   -0.01045    6.26586    8.95454  273.37787   14.20911 1.5789e+00     1.0710     0.7068    83.8029 0.0000e+00
        402 225.666600    0.02784     1.6703    100.215     29.250  48632.919    31.0574    11.5309     29.000    11.5276    23.6144     5.6081     8.0145     89.504    244.680    250.457   -0.00682    6.26580    8.95445  273.37507   14.20897 1.2653e+00     1.0977     0.7222    83.4810 0.0000e+00
