CTD-processing/allCTD/CNV/2014_04-06_t6_s05_cast242_5028.cnv
* Sea-Bird SBE19plus Data File:
* FileName = C:\Users\kris.holderied\Documents\kasitsna\Research-Projects-and-Data\Oceanography-AK\CTD-CookInlet-GulfWatchAK\2014-04-EVOSTC-CookInlet-Ocean\2014-04-06-CookInlet-Tran6-Douglas\2014-04-06-CookInlet-Tran6-cast242.hex
* Software Version 1.59
* Temperature SN =  5028
* Conductivity SN =  5028
* System UpLoad Time = Apr 09 2014 11:23:46
** Cook Inlet LTM Transect 6 (Douglas) east to west
** Date: 6 Apr 2014
** Station: 9-05
** Start time: 10:11
** Depth (m): 105
** Comment:  CTD instrument time is AK Daylight time
** Comment:
# nquan = 27
# nvalues = 96                          
# units = specified
# name 0 = scan: Scan Count
# name 1 = timeJ: Julian Days
# name 2 = timeH: Time, Elapsed [hours]
# name 3 = timeM: Time, Elapsed [minutes]
# name 4 = timeS: Time, Elapsed [seconds]
# name 5 = prdM: Pressure, Strain Gauge [db]
# name 6 = specc: Specific Conductance [uS/cm]
# name 7 = sal00: Salinity, Practical [PSU]
# name 8 = tv290C: Temperature [ITS-90, deg C]
# name 9 = depSM: Depth [salt water, m], lat = 59.00
# name 10 = potemp090C: Potential Temperature [ITS-90, deg C]
# name 11 = sigma-é00: Density [sigma-theta, kg/m^3]
# name 12 = sbeox0ML/L: Oxygen, SBE 43 [ml/l]
# name 13 = sbeox0Mg/L: Oxygen, SBE 43 [mg/l]
# name 14 = sbeox0PS: Oxygen, SBE 43 [% saturation]
# name 15 = sbox0Mm/Kg: Oxygen, SBE 43 [umol/kg]
# name 16 = sbeox0Mm/L: Oxygen, SBE 43 [umol/l]
# name 17 = sbox0dV/dT: Oxygen, SBE 43 [dov/dt]
# name 18 = oxsolML/L: Oxygen Saturation, Garcia & Gordon [ml/l]
# name 19 = oxsolMg/L: Oxygen Saturation, Garcia & Gordon [mg/l]
# name 20 = oxsolMm/Kg: Oxygen Saturation, Garcia & Gordon [umol/kg]
# name 21 = potemp090C: Potential Temperature [ITS-90, deg C]
# name 22 = n2satMg/L: Nitrogen Saturation [mg/l]
# name 23 = par: PAR/Irradiance, Biospherical/Licor
# name 24 = flECO-AFL: Fluorescence, WET Labs ECO-AFL/FL [mg/m^3]
# name 25 = turbWETntu0: Turbidity, WET Labs ECO [NTU]
# name 26 = flag: flag
# span 0 =         10,        828       
# span 1 =  96.424353,  96.426721       
# span 2 =    0.00060,    0.05741       
# span 3 =     0.0357,     3.4447       
# span 4 =      2.140,    206.680       
# span 5 =      1.009,     96.929       
# span 6 =  48917.684,  51549.824       
# span 7 =    30.3134,    31.9911       
# span 8 =     4.5517,     4.7896       
# span 9 =      1.000,     96.000       
# span 10 =     4.6224,     4.7828      
# span 11 =    24.0055,    25.3138      
# span 12 =     6.2161,     7.5573      
# span 13 =     8.8835,    10.8001      
# span 14 =     84.157,    104.106      
# span 15 =    271.179,    329.192      
# span 16 =    277.613,    337.508      
# span 17 =   -0.00069,    0.02740      
# span 18 =    7.25361,    7.38680      
# span 19 =   10.36614,   10.55648      
# span 20 =  315.94849,  322.25057      
# span 21 =     4.5516,     4.7828      
# span 22 =   16.23795,   16.54443      
# span 23 = 3.8242e-02, 4.4907e+01      
# span 24 =     0.3765,     0.5487      
# span 25 =     0.3027,     1.3989      
# span 26 = 0.0000e+00, 0.0000e+00      
# interval = meters: 1                  
# start_time = Apr 06 2014 10:11:02 [Instrument's time stamp, header]
# bad_flag = -9.990e-29
*END*
         10  96.424353    0.00060     0.0357      2.140      1.009  48917.684    30.3134     4.5517      1.000     4.6224    24.0055     6.2161     8.8835     84.157    271.179    277.613    0.00080    7.38680   10.55648  322.25057     4.5516   16.54443 4.1954e+01     0.5087     1.3989 0.0000e+00
        285  96.425152    0.01975     1.1850     71.099      2.019  51485.697    31.9739     4.7337      2.000     4.7342    25.3056     6.2599     8.9461     86.180    272.665    279.569    0.01476    7.26362   10.38044  316.38148     4.7336   16.25863 4.4907e+01     0.4750     0.3027 0.0000e+00
        275  96.425122    0.01905     1.1429     68.574      3.029  51339.509    31.8800     4.7302      3.000     4.7303    25.2313     6.6114     9.4483     90.948    287.997    295.263    0.02554    7.26939   10.38868  316.66102     4.7300   16.27230 3.5069e+01     0.4746     0.3654 0.0000e+00
        279  96.425134    0.01933     1.1595     69.569      4.038  51343.007    31.8821     4.7310      4.000     4.7315    25.2328     6.7531     9.6508     92.901    294.171    301.593    0.02740    7.26915   10.38834  316.65011     4.7307   16.27177 2.9212e+01     0.5068     0.3615 0.0000e+00
        283  96.425145    0.01959     1.1758     70.546      5.047  51345.571    31.8837     4.7326      5.000     4.7327    25.2340     6.8069     9.7276     93.645    296.510    303.992    0.02522    7.26877   10.38781  316.63354     4.7323   16.27097 2.5023e+01     0.5335     0.3606 0.0000e+00
        287  96.425157    0.01988     1.1926     71.558      6.057  51349.693    31.8862     4.7338      6.000     4.7343    25.2359     6.8612     9.8053     94.396    298.876    306.419    0.02328    7.26845   10.38735  316.61900     4.7333   16.27027 2.2140e+01     0.5437     0.3618 0.0000e+00
        292  96.425170    0.02019     1.2115     72.687      7.066  51352.466    31.8881     4.7358      7.000     4.7358    25.2372     6.8878     9.8434     94.769    300.038    307.610    0.02018    7.26800   10.38670  316.59892     4.7353   16.26931 2.0269e+01     0.5466     0.3655 0.0000e+00
        296  96.425183    0.02052     1.2311     73.864      8.075  51353.040    31.8882     4.7365      8.000     4.7358    25.2372     6.9355     9.9115     95.427    302.115    309.740    0.01812    7.26789   10.38655  316.59407     4.7359   16.26908 1.8586e+01     0.5487     0.3617 0.0000e+00
        300  96.425195    0.02079     1.2479     74.873      9.085  51354.597    31.8887     4.7363      9.000     4.7356    25.2376     6.9966     9.9988     96.267    304.776    312.468    0.01768    7.26790   10.38655  316.59426     4.7357   16.26908 1.6926e+01     0.5378     0.3616 0.0000e+00
        304  96.425206    0.02106     1.2635     75.812     10.095  51355.934    31.8891     4.7363     10.000     4.7357    25.2380     7.0236    10.0375     96.639    305.954    313.676    0.01605    7.26787   10.38651  316.59283     4.7356   16.26901 1.5600e+01     0.5378     0.3585 0.0000e+00
        308  96.425218    0.02135     1.2810     76.863     11.104  51358.612    31.8905     4.7367     11.000     4.7366    25.2391     7.0567    10.0847     97.096    307.393    315.152    0.01460    7.26772   10.38630  316.58621     4.7359   16.26869 1.4730e+01     0.5444     0.3558 0.0000e+00
        313  96.425232    0.02168     1.3003     78.019     12.113  51366.846    31.8963     4.7392     12.000     4.7399    25.2433     7.1098    10.1606     97.837    309.706    317.524    0.01396    7.26703   10.38531  316.55459     4.7383   16.26717 1.3866e+01     0.5361     0.3589 0.0000e+00
        317  96.425244    0.02196     1.3179     79.076     13.123  51368.927    31.8978     4.7421     13.000     4.7418    25.2443     7.1887    10.2734     98.931    313.144    321.049    0.01468    7.26644   10.38446  316.52860     4.7412   16.26592 1.2843e+01     0.5325     0.3681 0.0000e+00
        321  96.425256    0.02225     1.3354     80.124     14.132  51371.559    31.8995     4.7435     14.000     4.7431    25.2454     7.2658    10.3835     99.995    316.498    324.489    0.01531    7.26612   10.38401  316.51419     4.7425   16.26523 1.1764e+01     0.5247     0.3622 0.0000e+00
        326  96.425270    0.02258     1.3550     81.303     15.142  51376.129    31.9025     4.7453     15.000     4.7454    25.2476     7.3169    10.4566    100.705    318.726    326.772    0.01450    7.26565   10.38334  316.49307     4.7442   16.26421 1.0828e+01     0.5278     0.3667 0.0000e+00
        332  96.425285    0.02296     1.3774     82.646     16.151  51381.981    31.9069     4.7491     16.000     4.7493    25.2507     7.3453    10.4972    101.109    319.962    328.042    0.01257    7.26477   10.38208  316.45388     4.7480   16.26233 1.0033e+01     0.5121     0.3680 0.0000e+00
        337  96.425300    0.02331     1.3986     83.916     17.161  51382.148    31.9070     4.7517     17.000     4.7507    25.2506     7.3798    10.5465    101.590    321.466    329.583    0.01135    7.26430   10.38142  316.43379     4.7505   16.26138 9.2817e+00     0.5201     0.3670 0.0000e+00
        341  96.425312    0.02360     1.4160     84.960     18.171  51382.520    31.9069     4.7519     18.000     4.7506    25.2504     7.4156    10.5976    102.083    323.024    331.180    0.01084    7.26428   10.38139  316.43277     4.7507   16.26133 8.4938e+00     0.5199     0.3688 0.0000e+00
        344  96.425322    0.02385     1.4311     85.869     19.180  51383.937    31.9073     4.7521     19.000     4.7508    25.2508     7.4428    10.6364    102.458    324.208    332.394    0.01031    7.26424   10.38132  316.43064     4.7507   16.26122 7.7434e+00     0.5106     0.3668 0.0000e+00
        349  96.425335    0.02414     1.4484     86.906     20.190  51385.290    31.9078     4.7525     20.000     4.7513    25.2512     7.4530    10.6512    102.601    324.655    332.853    0.00903    7.26413   10.38117  316.42584     4.7511   16.26099 7.0844e+00     0.5108     0.3640 0.0000e+00
        356  96.425357    0.02467     1.4805     88.828     21.199  51388.096    31.9095     4.7536     21.000     4.7527    25.2524     7.4474    10.6431    102.527    324.410    332.601    0.00621    7.26386   10.38078  316.41368     4.7521   16.26040 6.5646e+00     0.5041     0.3593 0.0000e+00
        362  96.425373    0.02507     1.5041     90.244     22.209  51391.722    31.9121     4.7560     22.000     4.7553    25.2542     7.4348    10.6250    102.361    323.859    332.038    0.00429    7.26332   10.38000  316.38946     4.7545   16.25924 5.8759e+00     0.4947     0.3605 0.0000e+00
        366  96.425385    0.02534     1.5204     91.224     23.218  51391.371    31.9116     4.7572     23.000     4.7557    25.2537     7.4428    10.6366    102.474    324.209    332.396    0.00388    7.26313   10.37973  316.38144     4.7556   16.25887 5.3068e+00     0.5027     0.3595 0.0000e+00
        374  96.425409    0.02593     1.5559     93.356     24.228  51391.941    31.9116     4.7578     24.000     4.7560    25.2536     7.4624    10.6645    102.746    325.064    333.273    0.00336    7.26303   10.37960  316.37725     4.7560   16.25867 4.8765e+00     0.5205     0.3627 0.0000e+00
        382  96.425430    0.02643     1.5858     95.146     25.238  51392.076    31.9112     4.7577     25.000     4.7558    25.2533     7.4657    10.6692    102.790    325.205    333.417    0.00250    7.26306   10.37964  316.37866     4.7559   16.25873 4.4029e+00     0.5140     0.3746 0.0000e+00
        387  96.425445    0.02680     1.6078     96.465     26.247  51392.822    31.9111     4.7574     26.000     4.7556    25.2533     7.4720    10.6783    102.877    325.482    333.702    0.00219    7.26311   10.37970  316.38066     4.7556   16.25883 3.9903e+00     0.5133     0.3771 0.0000e+00
        392  96.425460    0.02715     1.6290     97.742     27.257  51394.696    31.9120     4.7577     27.000     4.7561    25.2540     7.4822    10.6928    103.018    325.925    334.155    0.00210    7.26302   10.37958  316.37659     4.7558   16.25863 3.6235e+00     0.5010     0.3756 0.0000e+00
        399  96.425481    0.02765     1.6591     99.548     28.266  51397.581    31.9138     4.7592     28.000     4.7578    25.2552     7.4892    10.7029    103.119    326.230    334.469    0.00178    7.26267   10.37909  316.36119     4.7572   16.25789 3.2894e+00     0.5217     0.3752 0.0000e+00
        406  96.425501    0.02815     1.6889    101.332     29.276  51399.600    31.9151     4.7612     29.000     4.7594    25.2561     7.4988    10.7165    103.256    326.644    334.894    0.00164    7.26226   10.37850  316.34299     4.7591   16.25702 2.9498e+00     0.5194     0.3631 0.0000e+00
        412  96.425519    0.02857     1.7145    102.870     30.285  51399.912    31.9150     4.7618     30.000     4.7596    25.2559     7.5038    10.7236    103.327    326.863    335.118    0.00142    7.26217   10.37837  316.33907     4.7596   16.25684 2.6703e+00     0.5146     0.3694 0.0000e+00
        419  96.425537    0.02901     1.7403    104.420     31.295  51400.653    31.9150     4.7617     31.000     4.7596    25.2559     7.5057    10.7265    103.354    326.949    335.207    0.00111    7.26217   10.37837  316.33905     4.7596   16.25683 2.4305e+00     0.5293     0.3562 0.0000e+00
        424  96.425553    0.02938     1.7630    105.782     32.305  51401.872    31.9153     4.7620     32.000     4.7599    25.2562     7.5104    10.7331    103.419    327.151    335.413    0.00101    7.26212   10.37829  316.33667     4.7597   16.25672 2.2001e+00     0.5392     0.3579 0.0000e+00
        430  96.425570    0.02979     1.7876    107.256     33.314  51405.201    31.9174     4.7631     33.000     4.7614    25.2577     7.5181    10.7441    103.529    327.487    335.759    0.00106    7.26181   10.37786  316.32292     4.7608   16.25606 1.9864e+00     0.5244     0.3743 0.0000e+00
        437  96.425591    0.03031     1.8183    109.100     34.324  51409.221    31.9202     4.7656     34.000     4.7639    25.2597     7.5188    10.7451    103.547    327.517    335.790    0.00077    7.26124   10.37703  316.29735     4.7632   16.25483 1.7873e+00     0.5251     0.3602 0.0000e+00
        444  96.425609    0.03073     1.8439    110.633     35.333  51410.243    31.9207     4.7671     35.000     4.7649    25.2600     7.5235    10.7518    103.615    327.719    335.998    0.00075    7.26095   10.37663  316.28485     4.7647   16.25423 1.6157e+00     0.5142     0.3573 0.0000e+00
        449  96.425626    0.03114     1.8682    112.090     36.343  51412.395    31.9219     4.7681     36.000     4.7659    25.2608     7.5230    10.7511    103.612    327.699    335.977    0.00052    7.26072   10.37629  316.27432     4.7655   16.25373 1.4633e+00     0.5039     0.3624 0.0000e+00
        455  96.425642    0.03153     1.8917    113.503     37.353  51413.007    31.9220     4.7688     37.000     4.7661    25.2608     7.5307    10.7621    103.720    328.034    336.321    0.00067    7.26060   10.37612  316.26919     4.7662   16.25348 1.3271e+00     0.5007     0.3647 0.0000e+00
        462  96.425663    0.03201     1.9208    115.251     38.362  51413.031    31.9214     4.7684     38.000     4.7656    25.2604     7.5321    10.7642    103.738    328.097    336.385    0.00051    7.26070   10.37627  316.27382     4.7656   16.25370 1.1996e+00     0.5194     0.3703 0.0000e+00
        468  96.425679    0.03240     1.9441    116.646     39.371  51415.082    31.9224     4.7688     39.000     4.7662    25.2611     7.5333    10.7659    103.757    328.149    336.439    0.00041    7.26058   10.37610  316.26822     4.7660   16.25343 1.0823e+00     0.5163     0.3788 0.0000e+00
        475  96.425702    0.03295     1.9770    118.621     40.381  51416.009    31.9226     4.7693     40.000     4.7665    25.2613     7.5326    10.7649    103.748    328.118    336.406    0.00023    7.26048   10.37595  316.26383     4.7665   16.25322 9.8252e-01     0.5184     0.3713 0.0000e+00
        481  96.425719    0.03336     2.0018    120.106     41.392  51416.771    31.9227     4.7696     41.000     4.7666    25.2613     7.5309    10.7625    103.726    328.045    336.332    0.00007    7.26043   10.37588  316.26163     4.7667   16.25312 8.8748e-01     0.5301     0.3676 0.0000e+00
        489  96.425740    0.03387     2.0321    121.926     42.401  51417.276    31.9226     4.7695     42.000     4.7665    25.2612     7.5404    10.7760    103.856    328.458    336.755    0.00037    7.26044   10.37590  316.26213     4.7666   16.25315 8.1109e-01     0.5004     0.3649 0.0000e+00
        495  96.425757    0.03428     2.0565    123.392     43.410  51418.001    31.9226     4.7696     43.000     4.7665    25.2612     7.5430    10.7797    103.892    328.569    336.870    0.00034    7.26044   10.37589  316.26204     4.7665   16.25314 7.3391e-01     0.4970     0.3792 0.0000e+00
        502  96.425779    0.03481     2.0889    125.334     44.420  51418.443    31.9223     4.7696     44.000     4.7664    25.2611     7.5478    10.7865    103.957    328.778    337.084    0.00038    7.26045   10.37591  316.26255     4.7664   16.25317 6.6687e-01     0.4898     0.3732 0.0000e+00
        510  96.425801    0.03533     2.1195    127.172     45.430  51418.688    31.9220     4.7695     45.000     4.7662    25.2608     7.5472    10.7856    103.949    328.753    337.058    0.00021    7.26048   10.37595  316.26384     4.7663   16.25323 5.9846e-01     0.5001     0.3699 0.0000e+00
        517  96.425822    0.03584     2.1502    129.015     46.440  51420.094    31.9225     4.7695     46.000     4.7664    25.2611     7.5434    10.7803    103.898    328.589    336.889   -0.00001    7.26044   10.37590  316.26235     4.7663   16.25316 5.4664e-01     0.5123     0.3688 0.0000e+00
        525  96.425844    0.03636     2.1815    130.891     47.449  51421.563    31.9231     4.7701     47.000     4.7669    25.2616     7.5396    10.7749    103.847    328.423    336.719   -0.00019    7.26033   10.37573  316.25686     4.7667   16.25289 4.9813e-01     0.5160     0.3741 0.0000e+00
        531  96.425863    0.03683     2.2100    132.600     48.459  51422.274    31.9232     4.7704     48.000     4.7670    25.2617     7.5478    10.7865    103.960    328.778    337.083    0.00013    7.26027   10.37564  316.25431     4.7670   16.25277 4.5427e-01     0.5059     0.3701 0.0000e+00
        538  96.425882    0.03728     2.2367    134.200     49.468  51424.543    31.9243     4.7708     49.000     4.7679    25.2625     7.5445    10.7819    103.917    328.637    336.939   -0.00005    7.26013   10.37546  316.24834     4.7673   16.25248 4.1117e-01     0.5030     0.3797 0.0000e+00
        544  96.425901    0.03774     2.2645    135.872     50.478  51427.007    31.9261     4.7733     50.000     4.7703    25.2636     7.5474    10.7860    103.964    328.761    337.067    0.00004    7.25962   10.37472  316.22551     4.7697   16.25139 3.7381e-01     0.4939     0.3660 0.0000e+00
        554  96.425928    0.03838     2.3033    138.199     51.488  51427.690    31.9265     4.7754     51.000     4.7721    25.2638     7.5573    10.8001    104.106    329.192    337.508    0.00037    7.25923   10.37417  316.20880     4.7717   16.25059 3.3936e-01     0.5212     0.3633 0.0000e+00
        559  96.425944    0.03876     2.3258    139.546     52.497  51428.381    31.9266     4.7760     52.000     4.7724    25.2638     7.5562    10.7986    104.092    329.145    337.460    0.00022    7.25912   10.37400  316.20368     4.7723   16.25035 3.1027e-01     0.5139     0.3662 0.0000e+00
        565  96.425961    0.03918     2.3508    141.048     53.507  51432.731    31.9293     4.7767     53.000     4.7733    25.2658     7.5558    10.7980    104.091    329.128    337.443    0.00013    7.25887   10.37365  316.19216     4.7729   16.24979 2.8439e-01     0.4954     0.3687 0.0000e+00
