CTD-processing/allCTD/CNV/2014_02-17_t7_s02_cast207_5028.cnv
* Sea-Bird SBE19plus Data File:
* FileName = C:\Users\kris.holderied\Documents\kasitsna\Research-Projects-and-Data\Oceanography-AK\CTD-CookInlet-GulfWatchAK\2014-02-EVOSTC-CookInlet-LTM-BATCH-UPLOAD\2014-02-CookInlet-Seasonal-cast207.hex
* Software Version 1.59
* Temperature SN =  5028
* Conductivity SN =  5028
* System UpLoad Time = Apr 09 2014 20:34:29
** Cook Inlet LTM 2014 February Seasonal - Batch upload
** Date: 2014-02-16
** Station: 7-02
** Start time: 06:28
** Depth (m): 43
** CoComment:
** Comment:
# nquan = 27
# nvalues = 42                          
# units = specified
# name 0 = scan: Scan Count
# name 1 = timeJ: Julian Days
# name 2 = timeH: Time, Elapsed [hours]
# name 3 = timeM: Time, Elapsed [minutes]
# name 4 = timeS: Time, Elapsed [seconds]
# name 5 = prdM: Pressure, Strain Gauge [db]
# name 6 = specc: Specific Conductance [uS/cm]
# name 7 = sal00: Salinity, Practical [PSU]
# name 8 = tv290C: Temperature [ITS-90, deg C]
# name 9 = depSM: Depth [salt water, m], lat = 59.00
# name 10 = potemp090C: Potential Temperature [ITS-90, deg C]
# name 11 = sigma-é00: Density [sigma-theta, kg/m^3]
# name 12 = sbeox0ML/L: Oxygen, SBE 43 [ml/l]
# name 13 = sbeox0Mg/L: Oxygen, SBE 43 [mg/l]
# name 14 = sbeox0PS: Oxygen, SBE 43 [% saturation]
# name 15 = sbox0Mm/Kg: Oxygen, SBE 43 [umol/kg]
# name 16 = sbeox0Mm/L: Oxygen, SBE 43 [umol/l]
# name 17 = sbox0dV/dT: Oxygen, SBE 43 [dov/dt]
# name 18 = oxsolML/L: Oxygen Saturation, Garcia & Gordon [ml/l]
# name 19 = oxsolMg/L: Oxygen Saturation, Garcia & Gordon [mg/l]
# name 20 = oxsolMm/Kg: Oxygen Saturation, Garcia & Gordon [umol/kg]
# name 21 = potemp090C: Potential Temperature [ITS-90, deg C]
# name 22 = n2satMg/L: Nitrogen Saturation [mg/l]
# name 23 = par: PAR/Irradiance, Biospherical/Licor
# name 24 = flECO-AFL: Fluorescence, WET Labs ECO-AFL/FL [mg/m^3]
# name 25 = turbWETntu0: Turbidity, WET Labs ECO [NTU]
# name 26 = flag: flag
# span 0 =        278,        467       
# span 1 =  48.269330,  48.269879       
# span 2 =    0.01920,    0.03235       
# span 3 =     1.1522,     1.9415       
# span 4 =     69.130,    116.484       
# span 5 =      1.010,     42.401       
# span 6 =  51306.487,  51445.265       
# span 7 =    31.3456,    31.5994       
# span 8 =     2.5635,     3.3402       
# span 9 =      1.000,     42.000       
# span 10 =     2.5806,     3.3378      
# span 11 =    25.0027,    25.1426      
# span 12 =     6.9984,     8.0760      
# span 13 =    10.0014,    11.5414      
# span 14 =     90.958,    106.919      
# span 15 =    304.923,    351.838      
# span 16 =    312.547,    360.673      
# span 17 =    0.00039,    0.01637      
# span 18 =    7.53407,    7.69438      
# span 19 =   10.76693,   10.99604      
# span 20 =  328.21943,  335.24866      
# span 21 =     2.5634,     3.3378      
# span 22 =   16.82312,   17.15804      
# span 23 = 4.4140e-02, 1.2338e-01      
# span 24 =     0.2916,     0.3623      
# span 25 =     2.8648,     5.5046      
# span 26 = 0.0000e+00, 0.0000e+00      
# interval = meters: 1                  
# start_time = Feb 17 2014 06:26:41 [Instrument's time stamp, header]
# bad_flag = -9.990e-29
*END*
        278  48.269330    0.01920     1.1522     69.130      1.010  51341.930    31.3456     2.5635      1.000     2.5806    25.0036     6.9984    10.0014     90.958    304.923    312.547    0.01224    7.69438   10.99604  335.24866     2.5634   17.15804 1.2338e-01     0.3259     4.7826 0.0000e+00
        296  48.269383    0.02048     1.2285     73.707      2.019  51327.377    31.3493     2.6143      2.000     2.6150    25.0027     7.2915    10.4203     94.886    317.693    325.637    0.01637    7.68436   10.98172  334.81240     2.6142   17.13731 7.4615e-02     0.3117     4.8507 0.0000e+00
        300  48.269396    0.02078     1.2471     74.826      3.029  51332.835    31.3531     2.6169      3.000     2.6216    25.0055     7.2794    10.4030     94.739    317.169    325.099    0.01326    7.68366   10.98072  334.78104     2.6167   17.13580 5.4024e-02     0.3051     4.9360 0.0000e+00
        304  48.269408    0.02106     1.2638     75.828      4.038  51355.889    31.3728     2.6342      4.000     2.6534    25.0199     7.1682    10.2440     93.344    312.317    320.131    0.00745    7.67931   10.97449  334.58630     2.6340   17.12648 4.9689e-02     0.2916     4.9163 0.0000e+00
        309  48.269421    0.02138     1.2827     76.959      5.047  51320.567    31.3579     2.6690      5.000     2.6701    25.0053     7.2012    10.2913     93.847    313.761    321.607    0.00727    7.67340   10.96606  334.33420     2.6687   17.11456 4.7177e-02     0.2929     4.9917 0.0000e+00
        314  48.269436    0.02173     1.3037     78.224      6.057  51317.693    31.3549     2.6671      6.000     2.6662    25.0031     7.3093    10.4457     95.248    318.469    326.432    0.00967    7.67394   10.96683  334.35821     2.6667   17.11572 4.5426e-02     0.3081     5.0169 0.0000e+00
        319  48.269449    0.02206     1.3237     79.424      7.067  51327.409    31.3613     2.6684      7.000     2.6735    25.0080     7.3844    10.5530     96.234    321.740    329.787    0.01049    7.67333   10.96596  334.33016     2.6680   17.11436 4.4849e-02     0.3246     4.9568 0.0000e+00
        323  48.269461    0.02234     1.3406     80.435      8.076  51322.630    31.3605     2.6793      8.000     2.6813    25.0066     7.4851    10.6968     97.572    326.125    334.281    0.01243    7.67131   10.96306  334.24216     2.6788   17.11018 4.5112e-02     0.3231     4.9649 0.0000e+00
        327  48.269472    0.02262     1.3569     81.414      9.085  51321.090    31.3599     2.6830      9.000     2.6839    25.0058     7.5927    10.8508     98.985    330.818    339.090    0.01442    7.67061   10.96207  334.21223     2.6826   17.10877 4.4664e-02     0.3116     5.0209 0.0000e+00
        331  48.269485    0.02293     1.3754     82.523     10.095  51321.421    31.3604     2.6859     10.000     2.6882    25.0060     7.6595    10.9462     99.862    333.727    342.073    0.01444    7.67004   10.96125  334.18731     2.6854   17.10758 4.4236e-02     0.2960     4.8785 0.0000e+00
        335  48.269497    0.02320     1.3922     83.534     11.104  51343.064    31.3779     2.6986     11.000     2.7148    25.0190     7.6999    11.0039    100.434    335.483    343.877    0.01371    7.66668   10.95645  334.03651     2.6981   17.10035 4.4473e-02     0.3019     4.9133 0.0000e+00
        339  48.269508    0.02347     1.4082     84.494     12.113  51325.532    31.3737     2.7292     12.000     2.7372    25.0133     7.7845    11.1249    101.613    339.174    347.658    0.01483    7.66103   10.94838  333.79250     2.7286   17.08878 4.5019e-02     0.3156     5.0956 0.0000e+00
        343  48.269521    0.02378     1.4265     85.593     13.123  51307.120    31.3643     2.7420     13.000     2.7415    25.0047     7.8714    11.2490    102.771    342.958    351.534    0.01565    7.65908   10.94559  333.70997     2.7414   17.08490 4.4767e-02     0.3177     5.2715 0.0000e+00
        348  48.269533    0.02409     1.4450     86.701     14.132  51306.487    31.3634     2.7423     14.000     2.7401    25.0039     7.8778    11.2582    102.856    343.242    351.824    0.01326    7.65908   10.94558  333.71013     2.7415   17.08491 4.4651e-02     0.3201     5.2514 0.0000e+00
        352  48.269545    0.02436     1.4614     87.683     15.142  51308.261    31.3631     2.7387     15.000     2.7376    25.0041     7.8979    11.2869    103.109    344.117    352.721    0.01188    7.65976   10.94657  333.74015     2.7380   17.08634 4.4583e-02     0.3146     5.2420 0.0000e+00
        356  48.269558    0.02466     1.4798     88.788     16.151  51309.003    31.3629     2.7380     16.000     2.7365    25.0039     7.9388    11.3454    103.641    345.900    354.549    0.01134    7.65991   10.94678  333.74673     2.7372   17.08665 4.4504e-02     0.3168     5.1578 0.0000e+00
        360  48.269570    0.02496     1.4977     89.864     17.161  51319.611    31.3699     2.7392     17.000     2.7436    25.0093     7.9589    11.3740    103.911    346.770    355.442    0.01023    7.65932   10.94593  333.71897     2.7383   17.08530 4.4450e-02     0.3209     5.2505 0.0000e+00
        364  48.269581    0.02521     1.5128     90.767     18.170  51333.397    31.3817     2.7508     18.000     2.7652    25.0180     7.9762    11.3988    104.176    347.522    356.217    0.00946    7.65648   10.94188  333.59272     2.7499   17.07926 4.4394e-02     0.3119     5.3748 0.0000e+00
        368  48.269592    0.02550     1.5296     91.778     19.180  51365.974    31.4156     2.7971     19.000     2.8301    25.0412     8.0172    11.4574    104.857    349.301    358.048    0.00984    7.64587   10.92672  333.12284     2.7961   17.05681 4.4366e-02     0.3083     5.4546 0.0000e+00
        373  48.269607    0.02585     1.5513     93.075     20.190  51322.117    31.4057     2.8729     20.000     2.8838    25.0273     8.0688    11.5311    105.724    351.555    360.353    0.01034    7.63196   10.90683  332.52116     2.8718   17.02827 4.4314e-02     0.3220     5.5046 0.0000e+00
        377  48.269619    0.02613     1.5678     94.071     21.199  51311.151    31.4021     2.8891     21.000     2.8960    25.0231     8.0623    11.5219    105.679    351.274    360.064    0.00872    7.62906   10.90270  332.39645     2.8880   17.02236 4.4322e-02     0.3176     5.3481 0.0000e+00
        381  48.269629    0.02637     1.5822     94.929     22.209  51330.607    31.4191     2.9058     22.000     2.9233    25.0353     8.0502    11.5046    105.578    350.744    359.525    0.00722    7.62500   10.89689  332.21548     2.9047   17.01370 4.4339e-02     0.3174     5.2900 0.0000e+00
        385  48.269641    0.02666     1.5994     95.962     23.218  51350.457    31.4441     2.9518     23.000     2.9772    25.0515     8.0568    11.5140    105.803    351.025    359.818    0.00669    7.61498   10.88257  331.77364     2.9505   16.99261 4.4295e-02     0.3116     5.1419 0.0000e+00
        390  48.269655    0.02699     1.6197     97.180     24.227  51355.521    31.4638     3.0157     24.000     3.0417    25.0620     8.0708    11.5340    106.169    351.630    360.442    0.00649    7.60186   10.86382  331.19853     3.0144   16.96521 4.4337e-02     0.3143     4.8842 0.0000e+00
        394  48.269666    0.02727     1.6362     98.172     25.237  51386.950    31.5002     3.0756     25.000     3.1150    25.0861     8.0620    11.5215    106.238    351.239    360.050    0.00572    7.58869   10.84500  330.61715     3.0742   16.93744 4.4302e-02     0.3141     4.6903 0.0000e+00
        398  48.269678    0.02754     1.6524     99.146     26.247  51409.999    31.5372     3.1599     26.000     3.2040    25.1084     8.0621    11.5216    106.488    351.236    360.055    0.00554    7.57096   10.81965  329.83714     3.1584   16.90024 4.4202e-02     0.3121     4.4187 0.0000e+00
        402  48.269690    0.02784     1.6703    100.215     27.256  51399.827    31.5528     3.2488     27.000     3.2769    25.1132     8.0760    11.5414    106.918    351.838    360.673    0.00588    7.55348   10.79468  329.07448     3.2473   16.86394 4.4185e-02     0.3171     4.0304 0.0000e+00
        406  48.269703    0.02814     1.6885    101.313     28.266  51394.275    31.5626     3.3037     28.000     3.3157    25.1164     8.0646    11.5251    106.919    351.341    360.166    0.00498    7.54274   10.77933  328.60532     3.3021   16.84160 4.4164e-02     0.3227     3.6778 0.0000e+00
        411  48.269716    0.02846     1.7077    102.461     29.276  51392.897    31.5672     3.3272     29.000     3.3297    25.1179     8.0308    11.4768    106.536    349.868    358.656    0.00306    7.53812   10.77273  328.40365     3.3255   16.83200 4.4157e-02     0.3290     3.4834 0.0000e+00
        415  48.269729    0.02876     1.7258    103.551     30.286  51400.680    31.5739     3.3346     30.000     3.3347    25.1226     8.0121    11.4501    106.312    349.052    357.821    0.00189    7.53641   10.77028  328.32751     3.3328   16.82836 4.4162e-02     0.3278     3.3369 0.0000e+00
        419  48.269741    0.02906     1.7434    104.602     31.295  51408.786    31.5797     3.3379     31.000     3.3367    25.1270     8.0055    11.4407    106.237    348.763    357.526    0.00133    7.53550   10.76898  328.28656     3.3360   16.82639 4.4403e-02     0.3322     3.3384 0.0000e+00
        423  48.269752    0.02934     1.7604    105.623     32.304  51415.599    31.5841     3.3389     32.000     3.3373    25.1304     8.0054    11.4405    106.241    348.755    357.519    0.00109    7.53507   10.76838  328.26697     3.3370   16.82544 4.5016e-02     0.3320     3.1449 0.0000e+00
        427  48.269764    0.02959     1.7758    106.551     33.315  51422.944    31.5887     3.3394     33.000     3.3377    25.1340     8.0062    11.4417    106.257    348.791    357.557    0.00094    7.53475   10.76790  328.25130     3.3375   16.82467 4.4575e-02     0.3251     2.9818 0.0000e+00
        431  48.269773    0.02984     1.7907    107.440     34.324  51427.122    31.5911     3.3397     34.000     3.3378    25.1359     8.0123    11.4503    106.340    349.054    357.828    0.00098    7.53457   10.76766  328.24327     3.3378   16.82428 4.4381e-02     0.3245     3.0167 0.0000e+00
        435  48.269786    0.03013     1.8080    108.478     35.333  51428.984    31.5918     3.3398     35.000     3.3377    25.1365     8.0212    11.4632    106.460    349.445    358.228    0.00113    7.53452   10.76758  328.24091     3.3378   16.82417 4.4330e-02     0.3343     2.9396 0.0000e+00
        440  48.269800    0.03048     1.8286    109.715     36.343  51430.989    31.5926     3.3398     36.000     3.3377    25.1371     8.0204    11.4620    106.449    349.408    358.191    0.00086    7.53448   10.76752  328.23868     3.3377   16.82406 4.4304e-02     0.3442     2.8648 0.0000e+00
        444  48.269813    0.03079     1.8479    110.871     37.353  51434.409    31.5944     3.3398     37.000     3.3377    25.1386     8.0246    11.4679    106.507    349.590    358.378    0.00080    7.53438   10.76738  328.23397     3.3376   16.82383 4.4261e-02     0.3358     2.9821 0.0000e+00
        449  48.269825    0.03108     1.8648    111.889     38.362  51438.883    31.5970     3.3399     38.000     3.3377    25.1407     8.0292    11.4745    106.570    349.791    358.585    0.00084    7.53423   10.76716  328.22687     3.3377   16.82348 4.4248e-02     0.3511     3.0272 0.0000e+00
        452  48.269836    0.03135     1.8812    112.870     39.371  51440.811    31.5978     3.3400     39.000     3.3378    25.1413     8.0294    11.4749    106.574    349.801    358.595    0.00067    7.53416   10.76707  328.22374     3.3378   16.82333 4.4246e-02     0.3623     3.0239 0.0000e+00
        456  48.269848    0.03163     1.8976    113.854     40.381  51442.466    31.5984     3.3401     40.000     3.3378    25.1417     8.0378    11.4868    106.685    350.164    358.968    0.00084    7.53411   10.76700  328.22133     3.3378   16.82321 4.4222e-02     0.3584     2.9967 0.0000e+00
        461  48.269861    0.03194     1.9165    114.992     41.391  51443.742    31.5988     3.3402     41.000     3.3378    25.1420     8.0372    11.4859    106.677    350.138    358.941    0.00065    7.53409   10.76697  328.22035     3.3378   16.82316 4.4201e-02     0.3485     2.8761 0.0000e+00
        467  48.269879    0.03235     1.9415    116.484     42.401  51445.265    31.5994     3.3400     42.000     3.3376    25.1426     8.0350    11.4829    106.649    350.041    358.842    0.00039    7.53407   10.76693  328.21943     3.3376   16.82312 4.4140e-02     0.3276     2.9092 0.0000e+00
