CTD-processing/allCTD/CNV/2014_10-18_t6_s18_cast118_4141.cnv
* Sea-Bird SBE19plus Data File:
* FileName = C:\Users\kris.holderied\Documents\kasitsna\Research-Projects-and-Data\Oceanography-AK\CTD-Data-ALL-to-2014-10\2014-CTD-KachemakBay-CookInlet\2014-10-EVOSTC-CookInlet\2014-10-18-CookInlet-Tran6-Douglas\2014-10-18-CookInlet-Tran6-cast118.hex
* Software Version 1.59
* Temperature SN =  4141
* Conductivity SN =  4141
* System UpLoad Time = Oct 18 2014 10:05:23
** Cook Inlet LTM Tran6 (Douglas)  east to west
** Date: 10-18
** Station: 6-18
** Start time: 05:52
** Depth (m): 173
** Comment:  CTD time is Alaska Daylight time.  R/V Pandalus. Transducer  depth.
** Comment:
# nquan = 27
# nvalues = 170                         
# units = specified
# name 0 = scan: Scan Count
# name 1 = timeJ: Julian Days
# name 2 = timeH: Time, Elapsed [hours]
# name 3 = timeM: Time, Elapsed [minutes]
# name 4 = timeS: Time, Elapsed [seconds]
# name 5 = prdM: Pressure, Strain Gauge [db]
# name 6 = specc: Specific Conductance [uS/cm]
# name 7 = sal00: Salinity, Practical [PSU]
# name 8 = tv290C: Temperature [ITS-90, deg C]
# name 9 = depSM: Depth [salt water, m], lat = 59.00
# name 10 = potemp090C: Potential Temperature [ITS-90, deg C]
# name 11 = sigma-é00: Density [sigma-theta, kg/m^3]
# name 12 = sbeox0ML/L: Oxygen, SBE 43 [ml/l]
# name 13 = sbeox0Mg/L: Oxygen, SBE 43 [mg/l]
# name 14 = sbeox0PS: Oxygen, SBE 43 [% saturation]
# name 15 = sbox0Mm/Kg: Oxygen, SBE 43 [umol/kg]
# name 16 = sbeox0Mm/L: Oxygen, SBE 43 [umol/l]
# name 17 = sbox0dV/dT: Oxygen, SBE 43 [dov/dt]
# name 18 = oxsolML/L: Oxygen Saturation, Garcia & Gordon [ml/l]
# name 19 = oxsolMg/L: Oxygen Saturation, Garcia & Gordon [mg/l]
# name 20 = oxsolMm/Kg: Oxygen Saturation, Garcia & Gordon [umol/kg]
# name 21 = n2satMg/L: Nitrogen Saturation [mg/l]
# name 22 = par: PAR/Irradiance, Biospherical/Licor
# name 23 = wetStar: Fluorescence, WET Labs WETstar [mg/m^3]
# name 24 = CStarAt0: Beam Attenuation, WET Labs C-Star [1/m]
# name 25 = CStarTr0: Beam Transmission, WET Labs C-Star [%]
# name 26 = flag: flag
# span 0 =        209,       1514       
# span 1 = 291.245498, 291.249273       
# span 2 =    0.01445,    0.10506       
# span 3 =     0.8670,     6.3036       
# span 4 =     52.020,    378.213       
# span 5 =      1.024,    171.674       
# span 6 =  46566.411,  52014.488       
# span 7 =    29.4469,    32.5984       
# span 8 =     6.3181,    10.4206       
# span 9 =      1.000,    170.000       
# span 10 =     6.3034,    10.4185      
# span 11 =    22.6122,    25.6176      
# span 12 =     4.3051,     5.8864      
# span 13 =     6.1523,     8.4123      
# span 14 =     61.785,     90.067      
# span 15 =    187.460,    257.071      
# span 16 =    192.263,    262.887      
# span 17 =   -0.02955,    0.00330      
# span 18 =    6.40912,    6.96776      
# span 19 =    9.15928,    9.95764      
# span 20 =  279.53355,  303.40778      
# span 21 =   14.50311,   15.63810      
# span 22 = 3.6292e-02, 9.3836e-02      
# span 23 =     0.1778,     3.3626      
# span 24 =     0.2368,     0.8647      
# span 25 =    81.8877,    94.2525      
# span 26 = 0.0000e+00, 0.0000e+00      
# interval = meters: 1                  
# start_time = Oct 18 2014 05:52:39 [Instrument's time stamp, header]
# bad_flag = -9.990e-29
*END*
[from data line 162]
       1456 291.249107    0.10106     6.0636    363.818    164.605  51984.132    32.5861     6.3452    163.000     6.3280    25.6044     4.3273     6.1842     62.139    188.435    193.259   -0.00575    6.96393    9.95215  303.24474   15.63037 3.7304e-02     0.2125     0.5255    87.6888 0.0000e+00
       1464 291.249128    0.10157     6.0942    365.653    165.614  51993.928    32.5904     6.3350    164.000     6.3188    25.6091     4.3164     6.1686     61.969    187.957    192.770   -0.00426    6.96539    9.95424  303.30689   15.63332 3.7293e-02     0.2060     0.5393    87.3875 0.0000e+00
       1471 291.249149    0.10208     6.1250    367.499    166.624  51999.837    32.5931     6.3304    165.000     6.3157    25.6118     4.3087     6.1576     61.854    187.623    192.429   -0.00309    6.96602    9.95513  303.33339   15.63457 3.7338e-02     0.2033     0.5559    87.0264 0.0000e+00
       1479 291.249173    0.10265     6.1587    369.525    167.631  52002.634    32.5940     6.3278    166.000     6.3129    25.6129     4.3064     6.1543     61.817    187.522    192.325   -0.00179    6.96639    9.95567  303.34947   15.63533 3.7330e-02     0.2035     0.5565    87.0121 0.0000e+00
       1490 291.249204    0.10340     6.2040    372.238    168.651  52005.639    32.5951     6.3252    167.000     6.3096    25.6141     4.3063     6.1542     61.813    187.517    192.320   -0.00095    6.96676    9.95619  303.36487   15.63606 3.7325e-02     0.1985     0.5739    86.6341 0.0000e+00
       1496 291.249221    0.10380     6.2283    373.696    169.653  52009.146    32.5963     6.3214    168.000     6.3059    25.6155     4.3079     6.1565     61.830    187.587    192.392   -0.00052    6.96733    9.95700  303.38924   15.63722 3.7330e-02     0.2039     0.6203    85.6456 0.0000e+00
       1504 291.249244    0.10436     6.2615    375.690    170.663  52012.747    32.5979     6.3192    169.000     6.3045    25.6171     4.3111     6.1610     61.873    187.724    192.534   -0.00003    6.96760    9.95740  303.40075   15.63776 3.7410e-02     0.2062     0.5999    86.0754 0.0000e+00
       1514 291.249273    0.10506     6.3036    378.213    171.674  52014.488    32.5984     6.3181    170.000     6.3034    25.6176     4.3051     6.1523     61.785    187.460    192.263   -0.00068    6.96776    9.95764  303.40778   15.63810 3.7427e-02     0.2016     0.6094    85.8685 0.0000e+00
