CTD-processing/allCTD/CNV/2014_04-06_t6_s11_cast248_5028.cnv
* Sea-Bird SBE19plus Data File:
* FileName = C:\Users\kris.holderied\Documents\kasitsna\Research-Projects-and-Data\Oceanography-AK\CTD-CookInlet-GulfWatchAK\2014-04-EVOSTC-CookInlet-Ocean\2014-04-06-CookInlet-Tran6-Douglas\2014-04-06-CookInlet-Tran6-cast248.hex
* Software Version 1.59
* Temperature SN =  5028
* Conductivity SN =  5028
* System UpLoad Time = Apr 09 2014 11:29:37
** Cook Inlet LTM Transect 6 (Douglas) east to west
** Date: 6 Apr 2014
** Station: 6-11
** Start time: 12:12
** Depth (m): 114
** Comment:  CTD instrument time is AK Daylight time
** Comment:
# nquan = 27
# nvalues = 111                         
# units = specified
# name 0 = scan: Scan Count
# name 1 = timeJ: Julian Days
# name 2 = timeH: Time, Elapsed [hours]
# name 3 = timeM: Time, Elapsed [minutes]
# name 4 = timeS: Time, Elapsed [seconds]
# name 5 = prdM: Pressure, Strain Gauge [db]
# name 6 = specc: Specific Conductance [uS/cm]
# name 7 = sal00: Salinity, Practical [PSU]
# name 8 = tv290C: Temperature [ITS-90, deg C]
# name 9 = depSM: Depth [salt water, m], lat = 59.00
# name 10 = potemp090C: Potential Temperature [ITS-90, deg C]
# name 11 = sigma-é00: Density [sigma-theta, kg/m^3]
# name 12 = sbeox0ML/L: Oxygen, SBE 43 [ml/l]
# name 13 = sbeox0Mg/L: Oxygen, SBE 43 [mg/l]
# name 14 = sbeox0PS: Oxygen, SBE 43 [% saturation]
# name 15 = sbox0Mm/Kg: Oxygen, SBE 43 [umol/kg]
# name 16 = sbeox0Mm/L: Oxygen, SBE 43 [umol/l]
# name 17 = sbox0dV/dT: Oxygen, SBE 43 [dov/dt]
# name 18 = oxsolML/L: Oxygen Saturation, Garcia & Gordon [ml/l]
# name 19 = oxsolMg/L: Oxygen Saturation, Garcia & Gordon [mg/l]
# name 20 = oxsolMm/Kg: Oxygen Saturation, Garcia & Gordon [umol/kg]
# name 21 = potemp090C: Potential Temperature [ITS-90, deg C]
# name 22 = n2satMg/L: Nitrogen Saturation [mg/l]
# name 23 = par: PAR/Irradiance, Biospherical/Licor
# name 24 = flECO-AFL: Fluorescence, WET Labs ECO-AFL/FL [mg/m^3]
# name 25 = turbWETntu0: Turbidity, WET Labs ECO [NTU]
# name 26 = flag: flag
# span 0 =         63,        706       
# span 1 =  96.508524,  96.510386       
# span 2 =    0.00432,    0.04899       
# span 3 =     0.2588,     2.9394       
# span 4 =     15.528,    176.365       
# span 5 =      1.010,    112.078       
# span 6 =  47102.833,  51905.898       
# span 7 =    29.2507,    32.2839       
# span 8 =     4.8350,     4.9327       
# span 9 =      1.000,    111.000       
# span 10 =     4.8540,     4.9246      
# span 11 =    23.1379,    25.5348      
# span 12 =     6.0382,     7.3020      
# span 13 =     8.6292,    10.4352      
# span 14 =     81.664,    101.051      
# span 15 =    263.699,    318.029      
# span 16 =    269.666,    326.107      
# span 17 =   -0.00077,    0.03056      
# span 18 =    7.22158,    7.39371      
# span 19 =   10.32035,   10.56634      
# span 20 =  314.47105,  322.89474      
# span 21 =     4.8349,     4.9246      
# span 22 =   16.16643,   16.57962      
# span 23 = 3.8444e-02, 1.0633e+02      
# span 24 =     0.3089,     0.5299      
# span 25 =     0.2548,     5.2014      
# span 26 = 0.0000e+00, 0.0000e+00      
# interval = meters: 1                  
# start_time = Apr 06 2014 12:12:01 [Instrument's time stamp, header]
# bad_flag = -9.990e-29
*END*
[from data line 54]
        461  96.509675    0.03191     1.9147    114.882     55.526  51660.043    32.1151     4.9140     55.000     4.9100    25.3985     7.2994    10.4315    101.015    317.916    325.990   -0.00001    7.22600   10.32667  314.71979     4.9100   16.17895 7.1417e-01     0.4454     0.3605 0.0000e+00
        465  96.509688    0.03225     1.9349    116.095     56.536  51660.868    32.1152     4.9142     56.000     4.9101    25.3986     7.2877    10.4147    100.854    317.404    325.466   -0.00049    7.22597   10.32663  314.71816     4.9101   16.17888 6.5620e-01     0.4485     0.3583 0.0000e+00
        469  96.509700    0.03253     1.9520    117.118     57.546  51661.639    32.1152     4.9142     57.000     4.9101    25.3986     7.2802    10.4041    100.751    317.080    325.134   -0.00077    7.22596   10.32661  314.71769     4.9101   16.17885 6.0088e-01     0.4550     0.3591 0.0000e+00
        473  96.509711    0.03279     1.9672    118.031     58.556  51662.356    32.1153     4.9143     58.000     4.9101    25.3986     7.2851    10.4111    100.818    317.292    325.351   -0.00052    7.22594   10.32658  314.71693     4.9101   16.17881 5.5150e-01     0.4601     0.3665 0.0000e+00
        477  96.509722    0.03306     1.9833    118.999     59.566  51663.012    32.1152     4.9143     59.000     4.9100    25.3985     7.2930    10.4224    100.928    317.639    325.706   -0.00015    7.22593   10.32658  314.71679     4.9100   16.17881 5.0777e-01     0.4699     0.3663 0.0000e+00
        481  96.509734    0.03334     2.0006    120.037     60.575  51663.711    32.1152     4.9144     60.000     4.9101    25.3985     7.2943    10.4243    100.946    317.693    325.763   -0.00010    7.22593   10.32656  314.71634     4.9100   16.17879 4.6605e-01     0.4699     0.3578 0.0000e+00
        485  96.509746    0.03363     2.0178    121.066     61.585  51664.507    32.1153     4.9145     61.000     4.9101    25.3986     7.2913    10.4201    100.905    317.565    325.630   -0.00023    7.22590   10.32654  314.71549     4.9101   16.17875 4.2698e-01     0.4589     0.3606 0.0000e+00
        490  96.509759    0.03393     2.0360    122.158     62.595  51665.384    32.1154     4.9146     62.000     4.9102    25.3987     7.2867    10.4134    100.841    317.361    325.422   -0.00041    7.22586   10.32648  314.71376     4.9102   16.17866 3.9207e-01     0.4530     0.3653 0.0000e+00
        495  96.509773    0.03428     2.0565    123.393     63.604  51666.373    32.1156     4.9148     63.000     4.9103    25.3988     7.2835    10.4088    100.798    317.223    325.280   -0.00051    7.22583   10.32643  314.71223     4.9102   16.17859 3.5964e-01     0.4549     0.3618 0.0000e+00
        499  96.509786    0.03459     2.0753    124.521     64.614  51667.221    32.1157     4.9149     64.000     4.9103    25.3989     7.2869    10.4137    100.846    317.374    325.435   -0.00031    7.22581   10.32640  314.71117     4.9103   16.17854 3.2979e-01     0.4526     0.3658 0.0000e+00
        503  96.509798    0.03488     2.0929    125.576     65.624  51668.179    32.1159     4.9150     65.000     4.9103    25.3991     7.2866    10.4132    100.841    317.357    325.417   -0.00031    7.22578   10.32637  314.71004     4.9103   16.17849 3.0346e-01     0.4462     0.3741 0.0000e+00
        508  96.509811    0.03518     2.1108    126.650     66.633  51669.070    32.1161     4.9151     66.000     4.9103    25.3992     7.2859    10.4123    100.833    317.330    325.390   -0.00032    7.22576   10.32633  314.70889     4.9103   16.17843 2.7940e-01     0.4484     0.3665 0.0000e+00
        511  96.509822    0.03545     2.1269    127.617     67.643  51669.895    32.1161     4.9152     67.000     4.9104    25.3993     7.2816    10.4062    100.774    317.143    325.199   -0.00046    7.22573   10.32630  314.70783     4.9103   16.17838 2.5712e-01     0.4391     0.3688 0.0000e+00
        515  96.509833    0.03571     2.1429    128.572     68.653  51670.573    32.1161     4.9154     68.000     4.9105    25.3993     7.2776    10.4004    100.718    316.968    325.019   -0.00061    7.22571   10.32626  314.70674     4.9104   16.17833 2.3745e-01     0.4341     0.3651 0.0000e+00
        520  96.509847    0.03604     2.1627    129.762     69.663  51671.064    32.1160     4.9155     69.000     4.9105    25.3991     7.2783    10.4014    100.728    316.996    325.047   -0.00050    7.22569   10.32623  314.70600     4.9105   16.17829 2.2023e-01     0.4382     0.3593 0.0000e+00
        526  96.509863    0.03643     2.1859    131.152     70.673  51671.192    32.1156     4.9155     70.000     4.9105    25.3988     7.2765    10.3987    100.702    316.915    324.964   -0.00050    7.22571   10.32625  314.70680     4.9105   16.17833 2.0363e-01     0.4432     0.3709 0.0000e+00
        530  96.509876    0.03674     2.2039    132.233     71.683  51671.962    32.1157     4.9156     71.000     4.9105    25.3989     7.2768    10.3993    100.708    316.934    324.984   -0.00043    7.22569   10.32622  314.70593     4.9105   16.17829 1.8731e-01     0.4556     0.3517 0.0000e+00
        534  96.509886    0.03698     2.2192    133.152     72.692  51672.717    32.1157     4.9158     72.000     4.9107    25.3989     7.2759    10.3980    100.694    316.891    324.940   -0.00045    7.22565   10.32618  314.70459     4.9106   16.17823 1.7285e-01     0.4413     0.3622 0.0000e+00
        538  96.509898    0.03727     2.2365    134.193     73.701  51673.144    32.1155     4.9160     73.000     4.9107    25.3987     7.2764    10.3986    100.701    316.912    324.961   -0.00039    7.22563   10.32615  314.70357     4.9107   16.17818 1.6024e-01     0.4343     0.3759 0.0000e+00
        542  96.509911    0.03759     2.2551    135.306     74.711  51674.128    32.1157     4.9161     74.000     4.9108    25.3989     7.2725    10.3931    100.649    316.744    324.789   -0.00050    7.22561   10.32611  314.70240     4.9107   16.17812 1.4830e-01     0.4413     0.3719 0.0000e+00
        546  96.509923    0.03788     2.2727    136.360     75.722  51674.362    32.1154     4.9163     75.000     4.9108    25.3987     7.2686    10.3875    100.595    316.574    324.615   -0.00061    7.22559   10.32609  314.70185     4.9108   16.17810 1.3766e-01     0.4461     0.3633 0.0000e+00
        551  96.509937    0.03820     2.2922    137.534     76.731  51674.830    32.1152     4.9162     76.000     4.9107    25.3985     7.2710    10.3909    100.628    316.677    324.721   -0.00046    7.22561   10.32612  314.70266     4.9107   16.17814 1.2854e-01     0.4385     0.3690 0.0000e+00
        556  96.509952    0.03857     2.3145    138.869     77.742  51676.251    32.1157     4.9163     77.000     4.9109    25.3989     7.2749    10.3965    100.682    316.849    324.897   -0.00023    7.22557   10.32605  314.70070     4.9107   16.17804 1.1998e-01     0.4515     0.3640 0.0000e+00
        561  96.509965    0.03889     2.3332    139.991     78.751  51678.935    32.1172     4.9169     78.000     4.9117    25.4000     7.2694    10.3888    100.610    316.612    324.654   -0.00043    7.22539   10.32581  314.69291     4.9112   16.17766 1.1179e-01     0.4603     0.3543 0.0000e+00
        565  96.509977    0.03916     2.3495    140.967     79.760  51679.825    32.1175     4.9177     79.000     4.9120    25.4001     7.2685    10.3873    100.598    316.568    324.609   -0.00045    7.22524   10.32560  314.68618     4.9120   16.17734 1.0447e-01     0.4633     0.3482 0.0000e+00
        569  96.509988    0.03943     2.3655    141.931     80.771  51679.481    32.1168     4.9177     80.000     4.9117    25.3996     7.2688    10.3878    100.602    316.582    324.623   -0.00039    7.22527   10.32564  314.68776     4.9119   16.17742 9.7827e-02     0.4636     0.3559 0.0000e+00
        573  96.510000    0.03971     2.3830    142.980     81.781  51678.760    32.1157     4.9173     81.000     4.9112    25.3988     7.2650    10.3825    100.549    316.421    324.458   -0.00053    7.22540   10.32582  314.69362     4.9114   16.17770 9.1992e-02     0.4484     0.3777 0.0000e+00
        578  96.510015    0.04007     2.4045    144.268     82.791  51680.819    32.1165     4.9170     82.000     4.9114    25.3995     7.2652    10.3828    100.551    316.430    324.466   -0.00043    7.22540   10.32583  314.69360     4.9110   16.17770 8.6753e-02     0.4401     0.3645 0.0000e+00
        583  96.510030    0.04045     2.4267    145.599     83.800  51688.645    32.1218     4.9188     83.000     4.9140    25.4035     7.2576    10.3719    100.454    316.096    324.126   -0.00067    7.22483   10.32501  314.66750     4.9128   16.17644 8.1765e-02     0.4519     0.3490 0.0000e+00
        588  96.510042    0.04074     2.4443    146.658     84.810  51691.855    32.1241     4.9213     84.000     4.9158    25.4050     7.2600    10.3753    100.494    316.200    324.233   -0.00048    7.22430   10.32425  314.64375     4.9152   16.17529 7.7217e-02     0.4395     0.3591 0.0000e+00
        591  96.510053    0.04099     2.4598    147.585     85.820  51692.185    32.1239     4.9221     85.000     4.9161    25.4049     7.2588    10.3735    100.479    316.145    324.177   -0.00048    7.22417   10.32406  314.63813     4.9159   16.17503 7.3219e-02     0.4390     0.3588 0.0000e+00
        595  96.510065    0.04127     2.4761    148.568     86.830  51694.046    32.1248     4.9225     86.000     4.9165    25.4055     7.2577    10.3720    100.466    316.098    324.129   -0.00048    7.22406   10.32391  314.63307     4.9162   16.17479 6.9678e-02     0.4411     0.3631 0.0000e+00
        600  96.510078    0.04159     2.4954    149.723     87.839  51693.877    32.1243     4.9228     87.000     4.9163    25.4050     7.2527    10.3649    100.397    315.880    323.905   -0.00061    7.22402   10.32385  314.63165     4.9165   16.17472 6.6447e-02     0.4329     0.3669 0.0000e+00
        605  96.510092    0.04192     2.5154    150.922     88.850  51695.637    32.1250     4.9227     88.000     4.9165    25.4056     7.2470    10.3567    100.318    315.631    323.649   -0.00077    7.22401   10.32383  314.63101     4.9163   16.17469 6.3508e-02     0.4380     0.3570 0.0000e+00
        609  96.510105    0.04224     2.5344    152.061     89.860  51694.554    32.1238     4.9228     89.000     4.9161    25.4047     7.2470    10.3566    100.317    315.630    323.648   -0.00067    7.22405   10.32388  314.63282     4.9164   16.17478 6.0876e-02     0.4423     0.3531 0.0000e+00
        614  96.510118    0.04254     2.5524    153.143     90.869  51695.028    32.1235     4.9225     90.000     4.9160    25.4045     7.2440    10.3524    100.275    315.501    323.516   -0.00071    7.22411   10.32398  314.63574     4.9160   16.17492 5.8485e-02     0.4423     0.3568 0.0000e+00
        618  96.510129    0.04282     2.5689    154.134     91.879  51697.116    32.1245     4.9227     91.000     4.9163    25.4053     7.2437    10.3520    100.272    315.488    323.503   -0.00065    7.22403   10.32387  314.63211     4.9161   16.17475 5.6326e-02     0.4394     0.3720 0.0000e+00
        622  96.510141    0.04311     2.5868    155.207     92.889  51700.042    32.1261     4.9234     92.000     4.9172    25.4065     7.2428    10.3507    100.263    315.450    323.465   -0.00060    7.22383   10.32357  314.62282     4.9167   16.17429 5.4460e-02     0.4341     0.3707 0.0000e+00
        627  96.510157    0.04348     2.6092    156.551     93.899  51704.224    32.1289     4.9250     93.000     4.9187    25.4085     7.2443    10.3529    100.290    315.516    323.532   -0.00045    7.22342   10.32299  314.60446     4.9182   16.17341 5.2697e-02     0.4455     0.3771 0.0000e+00
        632  96.510170    0.04380     2.6280    157.680     94.909  51705.955    32.1297     4.9260     94.000     4.9194    25.4091     7.2492    10.3598    100.360    315.726    323.748   -0.00019    7.22321   10.32269  314.59499     4.9191   16.17295 5.1039e-02     0.4558     0.3727 0.0000e+00
        635  96.510180    0.04404     2.6424    158.545     95.919  51707.473    32.1305     4.9266     95.000     4.9199    25.4096     7.2465    10.3560    100.325    315.610    323.630   -0.00029    7.22308   10.32250  314.58910     4.9196   16.17267 4.9557e-02     0.4429     0.3730 0.0000e+00
        639  96.510191    0.04431     2.6587    159.519     96.929  51708.891    32.1311     4.9270     96.000     4.9202    25.4100     7.2395    10.3460    100.230    315.307    323.319   -0.00055    7.22296   10.32234  314.58393     4.9201   16.17242 4.8266e-02     0.4340     0.3691 0.0000e+00
        645  96.510207    0.04469     2.6815    160.892     97.938  51709.318    32.1309     4.9274     97.000     4.9203    25.4099     7.2371    10.3425    100.196    315.198    323.208   -0.00058    7.22291   10.32226  314.58174     4.9203   16.17232 4.7092e-02     0.4333     0.3585 0.0000e+00
        650  96.510222    0.04504     2.7026    162.154     98.948  51709.570    32.1306     4.9273     98.000     4.9200    25.4096     7.2403    10.3471    100.240    315.338    323.351   -0.00037    7.22295   10.32233  314.58367     4.9201   16.17241 4.5980e-02     0.4441     0.3694 0.0000e+00
        654  96.510233    0.04533     2.7198    163.186     99.959  51710.261    32.1305     4.9272     99.000     4.9200    25.4096     7.2373    10.3429    100.199    315.210    323.219   -0.00046    7.22297   10.32234  314.58411     4.9200   16.17243 4.5019e-02     0.4372     0.3643 0.0000e+00
        658  96.510246    0.04562     2.7371    164.224    100.968  51712.284    32.1315     4.9274    100.000     4.9203    25.4103     7.2339    10.3380    100.152    315.061    323.067   -0.00055    7.22289   10.32222  314.58048     4.9201   16.17225 4.4166e-02     0.4301     0.3686 0.0000e+00
        662  96.510258    0.04591     2.7545    165.268    101.979  51713.507    32.1319     4.9279    101.000     4.9207    25.4107     7.2291    10.3310    100.087    314.849    322.850   -0.00068    7.22277   10.32207  314.57543     4.9206   16.17202 4.3384e-02     0.4298     0.3629 0.0000e+00
        666  96.510270    0.04621     2.7725    166.349    102.989  51714.665    32.1323     4.9283    102.000     4.9209    25.4109     7.2287    10.3306    100.084    314.835    322.835   -0.00062    7.22269   10.32196  314.57194     4.9208   16.17185 4.2633e-02     0.4238     0.3628 0.0000e+00
        671  96.510283    0.04652     2.7912    167.469    103.998  51715.705    32.1325     4.9285    103.000     4.9211    25.4111     7.2315    10.3345    100.123    314.957    322.960   -0.00043    7.22264   10.32188  314.56950     4.9210   16.17173 4.1939e-02     0.4110     0.3606 0.0000e+00
        675  96.510295    0.04681     2.8085    168.509    105.008  51717.915    32.1337     4.9289    104.000     4.9216    25.4120     7.2317    10.3347    100.126    314.962    322.966   -0.00040    7.22252   10.32171  314.56404     4.9213   16.17146 4.1319e-02     0.4200     0.3605 0.0000e+00
        679  96.510307    0.04708     2.8249    169.495    106.018  51719.742    32.1346     4.9296    105.000     4.9222    25.4126     7.2325    10.3360    100.141    315.000    323.005   -0.00032    7.22236   10.32147  314.55666     4.9219   16.17111 4.0762e-02     0.4131     0.3712 0.0000e+00
        683  96.510319    0.04738     2.8431    170.589    107.028  51720.595    32.1347     4.9301    106.000     4.9224    25.4127     7.2313    10.3343    100.125    314.947    322.950   -0.00034    7.22226   10.32134  314.55264     4.9223   16.17092 4.0313e-02     0.4162     0.3862 0.0000e+00
        688  96.510334    0.04772     2.8634    171.803    108.038  51721.680    32.1351     4.9304    107.000     4.9226    25.4129     7.2322    10.3355    100.138    314.984    322.989   -0.00028    7.22219   10.32124  314.54960     4.9225   16.17077 3.9882e-02     0.4186     0.3899 0.0000e+00
