CTD-processing/allCTD/CNV/2014_10-17_t7_s19_cast103_4141.cnv
* Sea-Bird SBE19plus Data File:
* FileName = C:\Users\kris.holderied\Documents\kasitsna\Research-Projects-and-Data\Oceanography-AK\CTD-Data-ALL-to-2014-10\2014-CTD-KachemakBay-CookInlet\2014-10-EVOSTC-CookInlet\2014-10-17-CookInlet-Tran7-Augustine\2014-10-17-CookInlet-Tran7-cast103.hex
* Software Version 1.59
* Temperature SN =  4141
* Conductivity SN =  4141
* System UpLoad Time = Oct 17 2014 19:32:41
** Cook Inlet LTM Tran7 (Augustine)  east to west PARTIAL
** Date: 2014-10-17
** Station: 7-19
** Start time: 18:45
** Depth (m): 77
** Comment:  CTD time is Alaska Daylight time.  R/V Pandalus. Transducer  depth.
** Comment:
# nquan = 27
# nvalues = 76                          
# units = specified
# name 0 = scan: Scan Count
# name 1 = timeJ: Julian Days
# name 2 = timeH: Time, Elapsed [hours]
# name 3 = timeM: Time, Elapsed [minutes]
# name 4 = timeS: Time, Elapsed [seconds]
# name 5 = prdM: Pressure, Strain Gauge [db]
# name 6 = specc: Specific Conductance [uS/cm]
# name 7 = sal00: Salinity, Practical [PSU]
# name 8 = tv290C: Temperature [ITS-90, deg C]
# name 9 = depSM: Depth [salt water, m], lat = 59.00
# name 10 = potemp090C: Potential Temperature [ITS-90, deg C]
# name 11 = sigma-é00: Density [sigma-theta, kg/m^3]
# name 12 = sbeox0ML/L: Oxygen, SBE 43 [ml/l]
# name 13 = sbeox0Mg/L: Oxygen, SBE 43 [mg/l]
# name 14 = sbeox0PS: Oxygen, SBE 43 [% saturation]
# name 15 = sbox0Mm/Kg: Oxygen, SBE 43 [umol/kg]
# name 16 = sbeox0Mm/L: Oxygen, SBE 43 [umol/l]
# name 17 = sbox0dV/dT: Oxygen, SBE 43 [dov/dt]
# name 18 = oxsolML/L: Oxygen Saturation, Garcia & Gordon [ml/l]
# name 19 = oxsolMg/L: Oxygen Saturation, Garcia & Gordon [mg/l]
# name 20 = oxsolMm/Kg: Oxygen Saturation, Garcia & Gordon [umol/kg]
# name 21 = n2satMg/L: Nitrogen Saturation [mg/l]
# name 22 = par: PAR/Irradiance, Biospherical/Licor
# name 23 = wetStar: Fluorescence, WET Labs WETstar [mg/m^3]
# name 24 = CStarAt0: Beam Attenuation, WET Labs C-Star [1/m]
# name 25 = CStarTr0: Beam Transmission, WET Labs C-Star [%]
# name 26 = flag: flag
# span 0 =         25,        752       
# span 1 = 290.737569, 290.739674       
# span 2 =    0.00165,    0.05217       
# span 3 =     0.0995,     3.1301       
# span 4 =      5.968,    187.806       
# span 5 =      1.009,     76.688       
# span 6 =  46256.112,  49387.008       
# span 7 =    29.2230,    31.3231       
# span 8 =     9.4701,    10.5743       
# span 9 =      1.000,     76.000       
# span 10 =     9.4596,    10.5767      
# span 11 =    22.4474,    24.1686      
# span 12 =     5.1682,     6.0708      
# span 13 =     7.3858,     8.6757      
# span 14 =     79.034,     92.611      
# span 15 =    225.370,    265.169      
# span 16 =    230.810,    271.121      
# span 17 =   -0.02792,    0.00636      
# span 18 =    6.42138,    6.55498      
# span 19 =    9.17679,    9.36773      
# span 20 =  280.25023,  286.31835      
# span 21 =   14.54072,   14.83595      
# span 22 = 3.3245e-02, 2.4578e+01      
# span 23 =     0.0077,     3.2894      
# span 24 =     0.2488,     0.6532      
# span 25 =    85.2846,    93.9693      
# span 26 = 0.0000e+00, 0.0000e+00      
# interval = meters: 1                  
# start_time = Oct 17 2014 17:42:00 [Instrument's time stamp, header]
# bad_flag = -9.990e-29
*END*
         25 290.737569    0.00165     0.0995      5.968      1.009  46256.112    29.2230     9.9859      1.000     9.9925    22.4474     6.0708     8.6757     92.611    265.169    271.121    0.00303    6.55498    9.36773  286.31835   14.83595 2.4578e+01     0.0077     0.5578    86.9513 0.0000e+00
        184 290.738029    0.01270     0.7620     45.719      2.014  46304.603    29.2603    10.0182      2.000    10.0177    22.4714     5.4563     7.7975     83.323    238.321    243.677    0.00636    6.54876    9.35884  286.04005   14.82249 1.2174e+01     2.5991     0.4770    88.7610 0.0000e+00
        360 290.738538    0.02492     1.4949     89.692      3.000  46353.271    29.2967    10.0419      3.000    10.0426    22.4960     5.9065     8.4410     90.260    257.982    263.786   -0.00386    6.54383    9.35178  285.81753   14.81170 4.2221e+00     2.6757     0.4989    88.2752 0.0000e+00
        356 290.738527    0.02464     1.4785     88.707      4.023  46346.352    29.2913    10.0407      4.000    10.0399    22.4920     5.8862     8.4121     89.946    257.097    262.880   -0.00271    6.54423    9.35236  285.83615   14.81262 6.2936e+00     3.0576     0.4892    88.4901 0.0000e+00
        368 290.738562    0.02550     1.5297     91.780      5.063  46348.012    29.2921    10.0405      5.000    10.0410    22.4926     5.8914     8.4194     90.025    257.321    263.110   -0.00157    6.54423    9.35236  285.83603   14.81261 7.8001e+00     2.9896     0.4812    88.6659 0.0000e+00
        375 290.738581    0.02594     1.5563     93.381      6.046  46347.702    29.2916    10.0417      6.000    10.0414    22.4921     5.9000     8.4316     90.158    257.696    263.492   -0.00021    6.54407    9.35212  285.82910   14.81228 6.1792e+00     2.9761     0.4834    88.6200 0.0000e+00
        388 290.738620    0.02688     1.6128     96.766      7.062  46346.642    29.2904    10.0420      7.000    10.0412    22.4912     5.8960     8.4259     90.096    257.523    263.315   -0.00156    6.54408    9.35215  285.83007   14.81233 6.2809e+00     3.0824     0.4743    88.7985 0.0000e+00
        395 290.738639    0.02735     1.6408     98.446      8.063  46346.447    29.2899    10.0414      8.000    10.0404    22.4908     5.9046     8.4382     90.226    257.896    263.697   -0.00030    6.54419    9.35231  285.83492   14.81256 5.1926e+00     3.0523     0.6532    85.2846 0.0000e+00
        411 290.738685    0.02844     1.7065    102.390      9.087  46344.709    29.2878    10.0373      9.000    10.0359    22.4899     5.9063     8.4407     90.244    257.975    263.776   -0.00045    6.54487    9.35327  285.86479   14.81400 4.9500e+00     3.0488     0.4669    88.9478 0.0000e+00
        416 290.738700    0.02880     1.7279    103.676     10.094  46345.564    29.2879    10.0371     10.000    10.0359    22.4901     5.9060     8.4402     90.238    257.958    263.760   -0.00052    6.54489    9.35330  285.86561   14.81404 4.1612e+00     3.0116     0.4818    88.6526 0.0000e+00
        426 290.738730    0.02952     1.7711    106.266     11.105  46347.719    29.2890    10.0365     11.000    10.0352    22.4910     5.9079     8.4430     90.267    258.045    263.848    0.00006    6.54494    9.35337  285.86730   14.81412 3.7105e+00     3.2894     0.4831    88.6230 0.0000e+00
        437 290.738761    0.03026     1.8153    108.916     12.116  46346.591    29.2878    10.0363     12.000    10.0348    22.4900     5.8993     8.4308     90.135    257.670    263.464   -0.00076    6.54502    9.35349  285.87112   14.81430 3.2363e+00     2.9997     0.4850    88.5829 0.0000e+00
        442 290.738775    0.03060     1.8359    110.153     13.116  46354.622    29.2930    10.0366     13.000    10.0383    22.4941     5.9074     8.4423     90.262    258.021    263.825    0.00034    6.54474    9.35309  285.85811   14.81366 2.6847e+00     3.2206     0.4812    88.6660 0.0000e+00
        457 290.738819    0.03165     1.8987    113.922     14.153  46375.352    29.3090    10.0531     14.000    10.0536    22.5040     5.8846     8.4096     89.954    257.019    262.803   -0.00284    6.54171    9.34876  285.72309   14.80714 2.5583e+00     2.9921     0.4757    88.7868 0.0000e+00
        460 290.738830    0.03191     1.9145    114.873     15.132  46381.028    29.3127    10.0544     15.000    10.0565    22.5067     5.8850     8.4103     89.967    257.041    262.827   -0.00258    6.54137    9.34827  285.70713   14.80636 1.9906e+00     2.9276     0.4750    88.8030 0.0000e+00
        469 290.738853    0.03247     1.9482    116.889     16.152  46386.788    29.3172    10.0614     16.000    10.0617    22.5091     5.8979     8.4286     90.179    257.600    263.398    0.00012    6.54017    9.34656  285.65412   14.80381 1.8136e+00     3.0205     0.4721    88.8675 0.0000e+00
        476 290.738874    0.03299     1.9790    118.742     17.161  46412.333    29.3354    10.0675     17.000    10.0715    22.5223     5.8879     8.4143     90.048    257.158    262.950   -0.00192    6.53853    9.34421  285.57882   14.80013 1.5199e+00     2.9723     0.4715    88.8810 0.0000e+00
        480 290.738886    0.03327     1.9961    119.764     18.176  46452.333    29.3645    10.0810     18.000    10.0860    22.5429     5.8846     8.4096     90.041    257.010    262.804   -0.00137    6.53539    9.33972  285.43572   14.79317 1.2045e+00     3.0814     0.4663    88.9953 0.0000e+00
        484 290.738896    0.03351     2.0106    120.636     19.182  46480.122    29.3849    10.0925     19.000    10.1009    22.5569     5.8832     8.4077     90.055    256.948    262.744   -0.00095    6.53288    9.33615  285.32251   14.78767 9.4737e-01     2.9803     0.4633    89.0641 0.0000e+00
        487 290.738906    0.03375     2.0250    121.499     20.180  46629.148    29.4924    10.1232     20.000    10.1516    22.6358     5.8813     8.4049     90.149    256.843    262.657   -0.00004    6.52399    9.32343  284.91216   14.76761 7.4703e-01     2.9525     0.4524    89.3074 0.0000e+00
        493 290.738924    0.03418     2.0504    123.023     21.197  46730.776    29.5723    10.2017     21.000    10.2181    22.6853     5.8494     8.3595     89.860    255.441    261.236   -0.00225    6.50945    9.30266  284.26360   14.73626 6.7999e-01     2.8097     0.4219    89.9895 0.0000e+00
        500 290.738944    0.03465     2.0792    124.752     22.223  47093.260    29.8356    10.2835     22.000    10.3619    22.8772     5.7698     8.2457     88.946    251.919    257.682   -0.00992    6.48689    9.27041  283.22508   14.68550 5.8244e-01     2.3629     0.3912    90.6821 0.0000e+00
        503 290.738953    0.03488     2.0928    125.568     23.223  47625.898    30.2278    10.4423     23.000    10.5355    23.1565     5.7446     8.2095     89.086    250.745    256.551   -0.00621    6.44829    9.21525  281.46280   14.59959 4.3312e-01     2.3592     0.3361    91.9409 0.0000e+00
        506 290.738962    0.03508     2.1050    126.298     24.218  47694.992    30.2895    10.5595     24.000    10.5767    23.1852     5.7116     8.1626     88.837    249.304    255.084   -0.00558    6.42936    9.18819  280.62857   14.55942 3.2285e-01     2.2880     0.2923    92.9540 0.0000e+00
        512 290.738979    0.03549     2.1293    127.758     25.233  47898.176    30.4339    10.5743     25.000    10.5680    23.2951     5.5310     7.9043     86.134    241.392    247.015   -0.02475    6.42138    9.17679  280.25023   14.54072 2.9596e-01     1.5212     0.2740    93.3795 0.0000e+00
        519 290.739000    0.03600     2.1604    129.621     26.259  47982.977    30.4904    10.5497     26.000    10.5040    23.3432     5.4019     7.7199     84.109    235.747    241.250   -0.02792    6.42249    9.17839  280.28574   14.54219 2.8955e-01     1.0862     0.2643    93.6057 0.0000e+00
        523 290.739010    0.03625     2.1748    130.489     27.259  48024.966    30.5077    10.4468     27.000    10.3639    23.3738     5.3990     7.7155     83.885    235.610    241.116   -0.02155    6.43615    9.19791  280.87373   14.57027 2.2365e-01     0.9237     0.2666    93.5517 0.0000e+00
        526 290.739019    0.03646     2.1876    131.259     28.266  48165.786    30.5945    10.3449     28.000    10.3397    23.4582     5.3892     7.7016     83.594    235.164    240.680   -0.01825    6.44686    9.21321  281.31767   14.59116 1.6239e-01     0.8270     0.2643    93.6066 0.0000e+00
        529 290.739029    0.03668     2.2007    132.042     29.271  48329.981    30.7116    10.3599     29.000    10.4200    23.5470     5.3832     7.6932     83.591    234.883    240.414   -0.01429    6.43994    9.20332  280.99126   14.57506 1.0517e-01     0.8540     0.2639    93.6158 0.0000e+00
        533 290.739039    0.03695     2.2171    133.023     30.272  48284.045    30.6881    10.4386     30.000    10.3856    23.5157     5.3990     7.7156     83.966    235.577    241.117   -0.00574    6.42990    9.18896  280.56154   14.55460 6.8477e-02     0.7768     0.2584    93.7459 0.0000e+00
        545 290.739075    0.03781     2.2686    136.114     31.331  48361.255    30.7119    10.1860     31.000    10.1516    23.5761     5.3218     7.6054     82.324    232.196    237.670   -0.01282    6.46437    9.23823  282.04904   14.62568 1.0434e-01     0.5532     0.2571    93.7734 0.0000e+00
        547 290.739080    0.03792     2.2751    136.509     32.321  48353.307    30.7029    10.1622     32.000    10.1208    23.5728     5.3405     7.6320     82.565    233.012    238.504   -0.00776    6.46814    9.24360  282.21398   14.63361 5.6977e-02     0.6556     0.2622    93.6573 0.0000e+00
        549 290.739086    0.03805     2.2830    136.978     33.317  48336.481    30.6863    10.1271     33.000    10.0604    23.5657     5.3407     7.6325     82.498    233.026    238.517   -0.00727    6.47376    9.25166  282.46191   14.64554 3.3245e-02     0.6566     0.2640    93.6106 0.0000e+00
        551 290.739091    0.03819     2.2914    137.487     34.296  48479.296    30.7798    10.0726     34.000    10.0689    23.6475     5.3480     7.6428     82.561    233.322    238.840   -0.00592    6.47762    9.25716  282.60731   14.65212 3.6454e-02     0.5992     0.2632    93.6316 0.0000e+00
        559 290.739114    0.03874     2.3245    139.470     35.331  48553.308    30.8337    10.0897     35.000    10.0949    23.6867     5.3995     7.7164     83.416    235.561    241.140    0.00284    6.47295    9.25049  282.39302   14.64165 3.6378e-02     0.5788     0.2533    93.8622 0.0000e+00
        567 290.739138    0.03931     2.3585    141.510     36.360  48565.043    30.8429    10.1016     36.000    10.0951    23.6919     5.4342     7.7660     83.979    237.075    242.692    0.00545    6.47088    9.24755  282.30159   14.63724 3.6382e-02     0.5196     0.2497    93.9480 0.0000e+00
        569 290.739143    0.03943     2.3659    141.954     37.351  48626.392    30.8854    10.0988     37.000    10.0922    23.7256     5.4305     7.7608     83.939    236.904    242.525    0.00375    6.46952    9.24560  282.23298   14.63378 3.6382e-02     0.5830     0.2524    93.8841 0.0000e+00
        571 290.739150    0.03961     2.3766    142.592     38.354  48656.767    30.9059    10.0953     38.000    10.0847    23.7422     5.4398     7.7740     84.088    237.308    242.942    0.00414    6.46917    9.24509  282.21278   14.63274 3.6382e-02     0.5809     0.2514    93.9094 0.0000e+00
        574 290.739159    0.03982     2.3894    143.365     39.361  48703.318    30.9366    10.0809     39.000    10.0618    23.7684     5.4528     7.7926     84.279    237.869    243.522    0.00491    6.46994    9.24619  282.23929   14.63388 3.6382e-02     0.5398     0.2505    93.9285 0.0000e+00
        581 290.739178    0.04028     2.4166    144.996     40.378  48736.052    30.9519    10.0229     40.000     9.9893    23.7899     5.4524     7.7920     84.175    237.848    243.506    0.00202    6.47752    9.25702  282.56380   14.64934 3.6382e-02     0.5626     0.2488    93.9693 0.0000e+00
        590 290.739203    0.04087     2.4523    147.136     41.412  48814.730    30.9919     9.9031     41.000     9.8713    23.8404     5.4453     7.7820     83.866    237.527    243.189   -0.00156    6.49288    9.27897  283.21993   14.68057 3.6382e-02     0.5873     0.2499    93.9446 0.0000e+00
        592 290.739210    0.04105     2.4632    147.789     42.408  48938.702    31.0765     9.8848     42.000     9.8649    23.9094     5.4430     7.7786     83.842    237.409    243.086   -0.00189    6.49195    9.27765  283.16050   14.67738 3.6382e-02     0.5672     0.2491    93.9627 0.0000e+00
        594 290.739217    0.04121     2.4727    148.362     43.403  48931.990    31.0692     9.8689     43.000     9.8241    23.9064     5.4410     7.7757     83.778    237.322    242.996   -0.00196    6.49451    9.28131  283.27289   14.68279 3.6382e-02     0.6892     0.2507    93.9236 0.0000e+00
        597 290.739225    0.04139     2.4835    149.011     44.399  49000.816    31.1112     9.8212     44.000     9.7985    23.9468     5.4198     7.7454     83.387    236.387    242.048   -0.00445    6.49958    9.28855  283.48277   14.69266 3.6382e-02     0.6525     0.2505    93.9305 0.0000e+00
        607 290.739252    0.04205     2.5232    151.390     45.441  49048.515    31.1395     9.7833     45.000     9.7510    23.9750     5.3034     7.5790     81.542    231.304    236.848   -0.01406    6.50380    9.29459  283.65919   14.70097 3.6382e-02     0.4976     0.2492    93.9597 0.0000e+00
        611 290.739266    0.04238     2.5428    152.565     46.438  49060.350    31.1406     9.7304     46.000     9.6793    23.9843     5.2898     7.5596     81.239    230.707    236.241   -0.01097    6.51133    9.30535  283.98482   14.71655 3.6382e-02     0.4365     0.2509    93.9202 0.0000e+00
        614 290.739274    0.04258     2.5548    153.287     47.443  49121.250    31.1754     9.6721     47.000     9.6503    24.0208     5.2848     7.5525     81.077    230.483    236.019   -0.00952    6.51822    9.31519  284.27523   14.73030 3.6382e-02     0.4231     0.2527    93.8774 0.0000e+00
        617 290.739283    0.04281     2.5683    154.096     48.453  49141.440    31.1863     9.6502     48.000     9.6379    24.0328     5.2670     7.5271     80.772    229.705    235.226   -0.00981    6.52091    9.31904  284.38934   14.73571 3.6382e-02     0.4281     0.2544    93.8379 0.0000e+00
        623 290.739299    0.04318     2.5911    155.467     49.463  49151.587    31.1916     9.6392     49.000     9.6317    24.0387     5.2449     7.4954     80.415    228.737    234.235   -0.00897    6.52227    9.32098  284.44700   14.73845 3.6382e-02     0.4596     0.2534    93.8608 0.0000e+00
        630 290.739321    0.04370     2.6222    157.331     50.487  49155.219    31.1932     9.6357     50.000     9.6296    24.0406     5.2270     7.4699     80.136    227.957    233.438   -0.00667    6.52270    9.32159  284.46505   14.73931 3.6382e-02     0.3930     0.2534    93.8611 0.0000e+00
        634 290.739332    0.04397     2.6379    158.273     51.486  49153.395    31.1913     9.6338     51.000     9.6253    24.0394     5.2304     7.4748     80.183    228.105    233.588   -0.00433    6.52306    9.32211  284.48124   14.74009 3.6382e-02     0.3862     0.2568    93.7817 0.0000e+00
        638 290.739343    0.04423     2.6540    159.238     52.496  49156.717    31.1924     9.6276     52.000     9.6190    24.0412     5.2351     7.4815     80.245    228.310    233.799   -0.00227    6.52390    9.32331  284.51729   14.74181 3.6382e-02     0.4278     0.2549    93.8262 0.0000e+00
        642 290.739355    0.04451     2.6710    160.261     53.509  49159.242    31.1931     9.6226     53.000     9.6129    24.0426     5.2331     7.4787     80.206    228.224    233.712   -0.00191    6.52460    9.32430  284.54726   14.74324 3.6382e-02     0.3990     0.2544    93.8388 0.0000e+00
