CTD-processing/allCTD/CNV/2014_10-19_t9_s10_cast152_4141.cnv
* Sea-Bird SBE19plus Data File:
* FileName = C:\Users\kris.holderied\Documents\kasitsna\Research-Projects-and-Data\Oceanography-AK\CTD-Data-ALL-to-2014-10\2014-CTD-KachemakBay-CookInlet\2014-10-EVOSTC-CookInlet\2014-10-19-CookInlet-Tran9-HomerSpit\2014-10-19-CookInlet-Tran9-cast152.hex
* Software Version 1.59
* Temperature SN =  4141
* Conductivity SN =  4141
* System UpLoad Time = Nov 25 2014 12:56:04
** Cook Inlet LTM Tran9 (Homer Spit) south to north
** Date: 10-19
** Station: 9-10
** Start time:  11:31
** Depth (m): 65
** Comment:  CTD time is Alaska Daylight time.  R/V Pandalus. Transducer  depth.
** Comment:
# nquan = 27
# nvalues = 65                          
# units = specified
# name 0 = scan: Scan Count
# name 1 = timeJ: Julian Days
# name 2 = timeH: Time, Elapsed [hours]
# name 3 = timeM: Time, Elapsed [minutes]
# name 4 = timeS: Time, Elapsed [seconds]
# name 5 = prdM: Pressure, Strain Gauge [db]
# name 6 = specc: Specific Conductance [uS/cm]
# name 7 = sal00: Salinity, Practical [PSU]
# name 8 = tv290C: Temperature [ITS-90, deg C]
# name 9 = depSM: Depth [salt water, m], lat = 59.00
# name 10 = potemp090C: Potential Temperature [ITS-90, deg C]
# name 11 = sigma-é00: Density [sigma-theta, kg/m^3]
# name 12 = sbeox0ML/L: Oxygen, SBE 43 [ml/l]
# name 13 = sbeox0Mg/L: Oxygen, SBE 43 [mg/l]
# name 14 = sbeox0PS: Oxygen, SBE 43 [% saturation]
# name 15 = sbox0Mm/Kg: Oxygen, SBE 43 [umol/kg]
# name 16 = sbeox0Mm/L: Oxygen, SBE 43 [umol/l]
# name 17 = sbox0dV/dT: Oxygen, SBE 43 [dov/dt]
# name 18 = oxsolML/L: Oxygen Saturation, Garcia & Gordon [ml/l]
# name 19 = oxsolMg/L: Oxygen Saturation, Garcia & Gordon [mg/l]
# name 20 = oxsolMm/Kg: Oxygen Saturation, Garcia & Gordon [umol/kg]
# name 21 = n2satMg/L: Nitrogen Saturation [mg/l]
# name 22 = par: PAR/Irradiance, Biospherical/Licor
# name 23 = wetStar: Fluorescence, WET Labs WETstar [mg/m^3]
# name 24 = CStarAt0: Beam Attenuation, WET Labs C-Star [1/m]
# name 25 = CStarTr0: Beam Transmission, WET Labs C-Star [%]
# name 26 = flag: flag
# span 0 =        143,        718       
# span 1 = 292.480954, 292.482619       
# span 2 =    0.00985,    0.04978       
# span 3 =     0.5910,     2.9869       
# span 4 =     35.460,    179.210       
# span 5 =      1.023,     65.591       
# span 6 =  47369.246,  48780.034       
# span 7 =    29.8988,    30.9447       
# span 8 =     9.1292,     9.8035       
# span 9 =      1.000,     65.000       
# span 10 =     9.1492,     9.7969      
# span 11 =    23.1072,    23.8201      
# span 12 =     5.0818,     5.5631      
# span 13 =     7.2625,     7.9502      
# span 14 =     76.413,     84.243      
# span 15 =    221.830,    242.800      
# span 16 =    226.955,    248.447      
# span 17 =   -0.00817,    0.00344      
# span 18 =    6.50906,    6.65174      
# span 19 =    9.30209,    9.50601      
# span 20 =  283.93123,  290.35964      
# span 21 =   14.71479,   15.02635      
# span 22 = 4.9196e-02, 8.1199e+01      
# span 23 =     0.3297,     1.6513      
# span 24 =     0.5846,     2.7270      
# span 25 =    68.2740,    86.4012      
# span 26 = 0.0000e+00, 0.0000e+00      
# interval = meters: 1                  
# start_time = Oct 19 2014 11:31:59 [Instrument's time stamp, header]
# bad_flag = -9.990e-29
*END*
        143 292.480954    0.00985     0.5910     35.460      1.023  47369.246    29.8988     9.1292      1.000     9.1492    23.1072     5.0818     7.2625     76.413    221.830    226.955    0.00115    6.65174    9.50601  290.35964   15.02635 8.1199e+01     1.0371     2.7270    68.2740 0.0000e+00
        292 292.481385    0.02019     1.2117     72.703      2.011  47498.906    29.9995     9.2368      2.000     9.2379    23.1696     5.5296     7.9023     83.388    241.359    246.951    0.00144    6.63133    9.47684  289.44895   14.98242 6.2674e+01     1.4210     0.9989    79.3240 0.0000e+00
        305 292.481423    0.02110     1.2660     75.959      3.026  47474.612    29.9819     9.2369      3.000     9.2316    23.1559     5.5594     7.9449     83.826    242.663    248.282    0.00051    6.63207    9.47788  289.48476   14.98421 4.5874e+01     1.3861     0.8860    80.1323 0.0000e+00
        309 292.481436    0.02140     1.2840     77.041      4.039  47490.487    29.9911     9.2265      4.000     9.2333    23.1648     5.5614     7.9477     83.842    242.748    248.371    0.00070    6.63320    9.47950  289.53171   14.98641 3.3589e+01     1.6513     0.8854    80.1445 0.0000e+00
        314 292.481451    0.02176     1.3058     78.350      5.047  47456.807    29.9681     9.2334      5.000     9.2260    23.1457     5.5595     7.9451     83.814    242.670    248.287   -0.00008    6.63317    9.47946  289.53576   14.98670 2.4945e+01     1.5496     0.8548    80.7597 0.0000e+00
        321 292.481469    0.02220     1.3323     79.935      6.051  47462.890    29.9706     9.2229      6.000     9.2255    23.1492     5.5602     7.9460     83.805    242.699    248.317   -0.00030    6.63461    9.48152  289.59784   14.98966 1.9397e+01     1.4721     0.8855    80.1423 0.0000e+00
        327 292.481488    0.02267     1.3599     81.592      7.064  47564.963    30.0449     9.2485      7.000     9.2549    23.2034     5.5600     7.9458     83.891    242.679    248.310    0.00058    6.62767    9.47160  289.27926   14.97413 1.5641e+01     1.4540     0.8440    80.9774 0.0000e+00
        336 292.481513    0.02325     1.3948     83.690      8.078  47615.501    30.0827     9.2707      8.000     9.2732    23.2296     5.5504     7.9321     83.808    242.255    247.882   -0.00052    6.62277    9.46460  289.05825   14.96341 1.2362e+01     1.3847     0.8192    81.4810 0.0000e+00
        342 292.481531    0.02368     1.4210     85.258      9.088  47610.784    30.0794     9.2738      9.000     9.2719    23.2265     5.5508     7.9327     83.818    242.272    247.899   -0.00031    6.62246    9.46415  289.04529   14.96281 9.9586e+00     1.3164     0.8009    81.8543 0.0000e+00
        347 292.481546    0.02406     1.4435     86.609     10.090  47618.920    30.0845     9.2727     10.000     9.2723    23.2307     5.5551     7.9388     83.883    242.458    248.090    0.00027    6.62240    9.46407  289.04166   14.96261 8.0580e+00     1.3278     0.7940    81.9951 0.0000e+00
        356 292.481572    0.02467     1.4802     88.812     11.109  47634.226    30.0956     9.2786     11.000     9.2794    23.2385     5.5582     7.9432     83.947    242.590    248.228    0.00054    6.62106    9.46216  288.98099   14.95966 6.6225e+00     1.3212     0.7841    82.1995 0.0000e+00
        362 292.481590    0.02510     1.5057     90.342     12.115  47651.466    30.1081     9.2849     12.000     9.2883    23.2473     5.5605     7.9466     84.002    242.694    248.336    0.00055    6.61960    9.46007  288.91483   14.95645 5.3087e+00     1.3229     0.7751    82.3837 0.0000e+00
        368 292.481605    0.02546     1.5276     91.657     13.118  47678.280    30.1287     9.3030     13.000     9.3102    23.2607     5.5631     7.9502     84.084    242.800    248.447    0.00102    6.61606    9.45502  288.75671   14.94881 4.3536e+00     1.3130     0.7657    82.5787 0.0000e+00
        376 292.481630    0.02606     1.5635     93.810     14.138  47748.961    30.1843     9.3531     14.000     9.3685    23.2964     5.5572     7.9417     84.119    242.533    248.183    0.00048    6.60635    9.44113  288.32257   14.92783 3.6122e+00     1.3290     0.7506    82.8907 0.0000e+00
        382 292.481646    0.02646     1.5876     95.255     15.141  47864.871    30.2730     9.4144     15.000     9.4484    23.3562     5.5547     7.9382     84.243    242.409    248.071    0.00141    6.59359    9.42290  287.74892   14.90006 2.9593e+00     1.2921     0.7109    83.7174 0.0000e+00
        388 292.481663    0.02685     1.6112     96.670     16.148  47863.205    30.2810     9.4888     16.000     9.4966    23.3510     5.5196     7.8881     83.854    240.882    246.506   -0.00239    6.58240    9.40690  287.26190   14.87674 2.4711e+00     1.3085     0.6722    84.5305 0.0000e+00
        396 292.481686    0.02740     1.6443     98.659     17.166  47862.232    30.2826     9.5096     17.000     9.5113    23.3490     5.4753     7.8248     83.221    238.950    244.529   -0.00653    6.57929    9.40247  287.12723   14.87029 2.0909e+00     1.1653     0.6597    84.7960 0.0000e+00
        401 292.481702    0.02781     1.6685    100.108     18.170  47879.970    30.2964     9.5238     18.000     9.5280    23.3576     5.4725     7.8208     83.212    238.826    244.404   -0.00373    6.57665    9.39870  287.00940   14.86460 1.7478e+00     1.1872     0.6549    84.8984 0.0000e+00
        408 292.481722    0.02828     1.6967    101.801     19.178  47948.787    30.3499     9.5676     19.000     9.5860    23.3925     5.4639     7.8085     83.190    238.441    244.018   -0.00221    6.56804    9.38638  286.62367   14.84595 1.4612e+00     1.2213     0.6533    84.9325 0.0000e+00
        416 292.481745    0.02883     1.7296    103.777     20.198  48034.091    30.4199     9.6510     20.000     9.6687    23.4341     5.4404     7.7749     83.021    237.405    242.969   -0.00227    6.55300    9.36489  285.95584   14.81373 1.2287e+00     1.1404     0.6632    84.7209 0.0000e+00
        421 292.481758    0.02914     1.7483    104.897     21.195  48075.222    30.4534     9.6908     21.000     9.7043    23.4540     5.4060     7.7257     82.587    235.899    241.432   -0.00543    6.54583    9.35465  285.63770   14.79838 1.0318e+00     1.0874     0.6625    84.7366 0.0000e+00
        429 292.481781    0.02969     1.7816    106.895     22.210  48108.723    30.4820     9.7334     22.000     9.7394    23.4695     5.3528     7.6496     81.865    233.573    239.055   -0.00817    6.53850    9.34417  285.31321   14.78274 8.7806e-01     1.0011     0.6564    84.8656 0.0000e+00
        436 292.481803    0.03022     1.8133    108.795     23.221  48192.483    30.5436     9.7591     23.000     9.7613    23.5135     5.3257     7.6110     81.530    232.383    237.847   -0.00648    6.53221    9.33517  285.02626   14.76878 7.3271e-01     0.9623     0.6405    85.2046 0.0000e+00
        441 292.481818    0.03057     1.8344    110.063     24.224  48242.437    30.5791     9.7659     24.000     9.7646    23.5402     5.3186     7.6009     81.452    232.067    237.530   -0.00459    6.52974    9.33165  284.91122   14.76313 6.2320e-01     0.9240     0.6273    85.4860 0.0000e+00
        448 292.481839    0.03107     1.8644    111.866     25.237  48259.153    30.5908     9.7688     25.000     9.7666    23.5489     5.3119     7.5913     81.361    231.774    237.232   -0.00300    6.52884    9.33036  284.86948   14.76109 5.3415e-01     0.8370     0.6185    85.6727 0.0000e+00
        456 292.481862    0.03163     1.8973    113.841     26.252  48300.824    30.6202     9.7729     26.000     9.7726    23.5711     5.2986     7.5722     81.179    231.186    236.635   -0.00295    6.52701    9.32775  284.78356   14.75685 4.5816e-01     0.7807     0.6169    85.7090 0.0000e+00
        462 292.481877    0.03198     1.9189    115.136     27.254  48341.786    30.6493     9.7790     27.000     9.7760    23.5929     5.3003     7.5747     81.233    231.258    236.714   -0.00127    6.52492    9.32476  284.68622   14.75208 3.8838e-01     0.8031     0.6155    85.7368 0.0000e+00
        469 292.481897    0.03248     1.9488    116.926     28.263  48361.300    30.6625     9.7778     28.000     9.7745    23.6034     5.3025     7.5777     81.270    231.348    236.809   -0.00051    6.52454    9.32422  284.66670   14.75110 3.3466e-01     0.7645     0.5950    86.1777 0.0000e+00
        478 292.481924    0.03313     1.9877    119.262     29.286  48372.781    30.6701     9.7777     29.000     9.7750    23.6093     5.3039     7.5798     81.295    231.408    236.871   -0.00021    6.52424    9.32379  284.65195   14.75036 2.8815e-01     0.7521     0.5846    86.4012 0.0000e+00
        482 292.481936    0.03339     2.0037    120.224     30.280  48401.658    30.6905     9.7818     30.000     9.7819    23.6246     5.3038     7.5797     81.311    231.400    236.866   -0.00012    6.52280    9.32173  284.58510   14.74708 2.4952e-01     0.7323     0.5890    86.3073 0.0000e+00
        489 292.481956    0.03389     2.0336    122.013     31.293  48423.082    30.7062     9.7901     31.000     9.7877    23.6356     5.2987     7.5723     81.257    231.176    236.639   -0.00059    6.52095    9.31909  284.50109   14.74300 2.1811e-01     0.6943     0.5968    86.1406 0.0000e+00
        498 292.481981    0.03449     2.0694    124.167     32.310  48489.261    30.7524     9.7907     32.000     9.7866    23.6715     5.2742     7.5373     80.905    230.098    235.545   -0.00318    6.51893    9.31620  284.40310   14.73813 1.8736e-01     0.6246     0.6630    84.7300 0.0000e+00
        503 292.481996    0.03484     2.0907    125.440     33.309  48533.969    30.7833     9.7900     33.000     9.7864    23.6958     5.2608     7.5183     80.715    229.510    234.949   -0.00372    6.51773    9.31450  284.34433   14.73519 1.6079e-01     0.5883     0.7338    83.2397 0.0000e+00
        510 292.482017    0.03534     2.1205    127.232     34.327  48551.414    30.7942     9.7823     34.000     9.7690    23.7055     5.2534     7.5076     80.593    229.183    234.616   -0.00287    6.51839    9.31543  284.37020   14.73638 1.4015e-01     0.5187     0.7521    82.8597 0.0000e+00
        516 292.482034    0.03577     2.1463    128.780     35.329  48589.011    30.8150     9.7419     35.000     9.7249    23.7283     5.2618     7.5196     80.662    229.545    234.991   -0.00119    6.52331    9.32246  284.57852   14.74626 1.2185e-01     0.5576     0.7063    83.8146 0.0000e+00
        524 292.482058    0.03634     2.1802    130.810     36.347  48648.170    30.8519     9.7079     36.000     9.7065    23.7624     5.2954     7.5677     81.135    231.003    236.492    0.00336    6.52665    9.32723  284.71449   14.75262 1.0843e-01     0.5791     0.6728    84.5186 0.0000e+00
        530 292.482076    0.03676     2.2054    132.327     37.353  48676.714    30.8739     9.7267     37.000     9.7328    23.7766     5.3049     7.5813     81.326    231.416    236.918    0.00344    6.52302    9.32205  284.55240   14.74477 9.7712e-02     0.5250     0.6537    84.9231 0.0000e+00
        536 292.482092    0.03714     2.2287    133.719     38.357  48679.970    30.8787     9.7495     38.000     9.7488    23.7768     5.2955     7.5678     81.224    231.003    236.495    0.00110    6.51955    9.31709  284.40103   14.73752 8.9521e-02     0.5437     0.6530    84.9378 0.0000e+00
        544 292.482116    0.03773     2.2636    135.819     39.376  48691.586    30.8876     9.7581     39.000     9.7568    23.7823     5.2653     7.5246     80.781    229.685    235.147   -0.00329    6.51794    9.31479  284.32918   14.73404 8.2626e-02     0.4852     0.6512    84.9769 0.0000e+00
        551 292.482134    0.03817     2.2902    137.415     40.381  48700.713    30.8952     9.7702     40.000     9.7686    23.7863     5.2633     7.5217     80.775    229.596    235.057   -0.00179    6.51590    9.31188  284.23924   14.72971 7.6893e-02     0.4344     0.6494    85.0143 0.0000e+00
        557 292.482153    0.03860     2.3160    138.961     41.391  48703.366    30.8974     9.7763     41.000     9.7735    23.7871     5.2545     7.5093     80.654    229.214    234.667   -0.00206    6.51492    9.31048  284.19635   14.72766 7.1758e-02     0.4441     0.6643    84.7000 0.0000e+00
        564 292.482174    0.03912     2.3468    140.806     42.399  48704.349    30.8980     9.7796     42.000     9.7749    23.7871     5.2509     7.5041     80.604    229.057    234.505   -0.00141    6.51443    9.30977  284.17485   14.72662 6.7836e-02     0.4388     0.6802    84.3622 0.0000e+00
        572 292.482197    0.03967     2.3803    142.818     43.415  48712.555    30.9032     9.7786     43.000     9.7733    23.7913     5.2455     7.4964     80.523    228.821    234.264   -0.00140    6.51435    9.30966  284.17003   14.72637 6.4521e-02     0.4058     0.6879    84.1997 0.0000e+00
        578 292.482212    0.04004     2.4022    144.130     44.419  48726.185    30.9126     9.7798     44.000     9.7774    23.7985     5.2366     7.4836     80.392    228.430    233.866   -0.00199    6.51379    9.30886  284.14375   14.72508 6.1825e-02     0.4154     0.7001    83.9435 0.0000e+00
        585 292.482233    0.04054     2.4324    145.942     45.426  48732.065    30.9171     9.7855     45.000     9.7818    23.8010     5.2411     7.4901     80.475    228.628    234.069   -0.00091    6.51279    9.30742  284.09924   14.72293 5.9617e-02     0.4008     0.6755    84.4618 0.0000e+00
        595 292.482262    0.04123     2.4740    148.441     46.452  48742.723    30.9249     9.7911     46.000     9.7891    23.8062     5.2397     7.4880     80.465    228.562    234.004   -0.00027    6.51167    9.30582  284.04878   14.72048 5.8015e-02     0.3654     0.6791    84.3849 0.0000e+00
        598 292.482273    0.04149     2.4893    149.360     47.443  48747.493    30.9285     9.7973     47.000     9.7941    23.8081     5.2332     7.4788     80.380    228.282    233.717   -0.00097    6.51061    9.30432  284.00256   14.71826 5.6463e-02     0.3810     0.7133    83.6667 0.0000e+00
        605 292.482293    0.04198     2.5184    151.104     48.453  48746.707    30.9280     9.8002     48.000     9.7952    23.8072     5.2209     7.4611     80.194    227.741    233.163   -0.00212    6.51023    9.30377  283.98598   14.71747 5.4881e-02     0.3726     0.7360    83.1929 0.0000e+00
        616 292.482323    0.04271     2.5623    153.738     49.479  48750.626    30.9304     9.8009     49.000     9.7959    23.8090     5.2149     7.4526     80.105    227.480    232.897   -0.00137    6.51003    9.30347  283.97639   14.71700 5.3874e-02     0.3344     0.7388    83.1360 0.0000e+00
        620 292.482334    0.04297     2.5778    154.667     50.475  48749.699    30.9292     9.8012     50.000     9.7951    23.8082     5.2168     7.4554     80.136    227.567    232.984   -0.00065    6.51002    9.30346  283.97611   14.71699 5.3028e-02     0.3378     0.7282    83.3547 0.0000e+00
        627 292.482354    0.04344     2.6063    156.378     51.484  48754.770    30.9322     9.7988     51.000     9.7926    23.8108     5.2263     7.4689     80.278    227.977    233.406    0.00057    6.51025    9.30380  283.98588   14.71745 5.2263e-02     0.3591     0.6789    84.3926 0.0000e+00
        636 292.482382    0.04413     2.6477    158.860     52.506  48757.552    30.9335     9.7970     52.000     9.7909    23.8121     5.2309     7.4755     80.347    228.179    233.612    0.00027    6.51044    9.30407  283.99383   14.71782 5.1685e-02     0.3479     0.6357    85.3059 0.0000e+00
        641 292.482395    0.04442     2.6654    159.923     53.502  48762.311    30.9364     9.7970     53.000     9.7922    23.8144     5.2347     7.4809     80.406    228.342    233.780    0.00039    6.51032    9.30390  283.98807   14.71753 5.1324e-02     0.3418     0.6258    85.5164 0.0000e+00
