CTD-processing/allCTD/CNV/2014_07-23_t6_s09_cast204_4141.cnv
* Sea-Bird SBE19plus Data File:
* FileName = C:\Users\kris.holderied\Documents\kasitsna\Research-Projects-and-Data\Oceanography-AK\CTD-Data-ALL-to-2014-06\2014-CTD-KachemakBay-CookInlet\2014-07-EVOSTC-CookInlet-quarterly\2014-07-23-CookInlet-Tran6-Douglas\2014-07-23-CookInlet-Tran6-cast204.hex
* Software Version 1.59
* Temperature SN =  4141
* Conductivity SN =  4141
* System UpLoad Time = Jul 23 2014 23:27:53
** Cook Inlet LTM Transect 6 (Douglas) East to West
** Date: 07-23
** Station: 6-09
** Start time: 11:44
** Depth (m): 129
** Comment:  CTD time is Alaska Daylight time.  Transducer  depth (transducer is 9 ft).
** Comment:
# nquan = 27
# nvalues = 127                         
# units = specified
# name 0 = scan: Scan Count
# name 1 = timeJ: Julian Days
# name 2 = timeH: Time, Elapsed [hours]
# name 3 = timeM: Time, Elapsed [minutes]
# name 4 = timeS: Time, Elapsed [seconds]
# name 5 = prdM: Pressure, Strain Gauge [db]
# name 6 = specc: Specific Conductance [uS/cm]
# name 7 = sal00: Salinity, Practical [PSU]
# name 8 = tv290C: Temperature [ITS-90, deg C]
# name 9 = depSM: Depth [salt water, m], lat = 59.00
# name 10 = potemp090C: Potential Temperature [ITS-90, deg C]
# name 11 = sigma-é00: Density [sigma-theta, kg/m^3]
# name 12 = sbeox0ML/L: Oxygen, SBE 43 [ml/l]
# name 13 = sbeox0Mg/L: Oxygen, SBE 43 [mg/l]
# name 14 = sbeox0PS: Oxygen, SBE 43 [% saturation]
# name 15 = sbox0Mm/Kg: Oxygen, SBE 43 [umol/kg]
# name 16 = sbeox0Mm/L: Oxygen, SBE 43 [umol/l]
# name 17 = sbox0dV/dT: Oxygen, SBE 43 [dov/dt]
# name 18 = oxsolML/L: Oxygen Saturation, Garcia & Gordon [ml/l]
# name 19 = oxsolMg/L: Oxygen Saturation, Garcia & Gordon [mg/l]
# name 20 = oxsolMm/Kg: Oxygen Saturation, Garcia & Gordon [umol/kg]
# name 21 = n2satMg/L: Nitrogen Saturation [mg/l]
# name 22 = par: PAR/Irradiance, Biospherical/Licor
# name 23 = wetStar: Fluorescence, WET Labs WETstar [mg/m^3]
# name 24 = CStarAt0: Beam Attenuation, WET Labs C-Star [1/m]
# name 25 = CStarTr0: Beam Transmission, WET Labs C-Star [%]
# name 26 = flag: flag
# span 0 =        259,        933       
# span 1 = 204.490285, 204.492232       
# span 2 =    0.01794,    0.06468       
# span 3 =     1.0766,     3.8814       
# span 4 =     64.598,    232.888       
# span 5 =      1.012,    128.223       
# span 6 =  50059.674,  51184.126       
# span 7 =    31.8401,    32.3114       
# span 8 =     7.8016,     9.6914       
# span 9 =      1.000,    127.000       
# span 10 =     7.7907,     9.6409      
# span 11 =    24.5576,    25.1926      
# span 12 =     5.5536,     6.0902      
# span 13 =     7.9367,     8.7035      
# span 14 =     82.324,     93.710      
# span 15 =    241.930,    265.470      
# span 16 =    248.024,    271.990      
# span 17 =   -0.01031,    0.00135      
# span 18 =    6.48564,    6.74676      
# span 19 =    9.26862,    9.64180      
# span 20 =  282.69917,  293.90664      
# span 21 =   14.65203,   15.18594      
# span 22 = 4.2042e-02, 4.7418e+02      
# span 23 =     0.8578,     2.7051      
# span 24 =     0.2455,     1.4033      
# span 25 =    75.8503,    94.0477      
# span 26 = 0.0000e+00, 0.0000e+00      
# interval = meters: 1                  
# start_time = Jul 23 2014 11:44:56 [Instrument's time stamp, header]
# bad_flag = -9.990e-29
*END*
        259 204.490285    0.01794     1.0766     64.598      1.012  50104.544    31.8847     9.6914      1.000     9.6409    24.5703     5.8942     8.4233     90.874    256.917    263.232    0.00031    6.48564    9.26862  282.69917   14.65203 4.7418e+02     0.8578     1.4033    75.8503 0.0000e+00
        462 204.490871    0.03201     1.9207    115.239      2.026  50065.981    31.8529     9.6085      2.000     9.5947    24.5591     6.0902     8.7035     93.710    265.470    271.990   -0.00111    6.49900    9.28772  283.28822   14.68034 4.7285e+02     1.1554     0.3795    90.5980 0.0000e+00
        457 204.490857    0.03169     1.9009    114.054      3.025  50076.995    31.8569     9.5859      3.000     9.5715    24.5659     6.0827     8.6927     93.550    265.139    271.652   -0.00140    6.50205    9.29208  283.41937   14.68661 4.2009e+02     1.1217     0.4217    89.9963 0.0000e+00
        461 204.490867    0.03192     1.9153    114.920      4.043  50059.674    31.8401     9.5560      4.000     9.5273    24.5576     6.0800     8.6890     93.438    265.027    271.535   -0.00186    6.50706    9.29923  283.63943   14.69719 3.3650e+02     1.1131     0.4246    89.9284 0.0000e+00
        464 204.490876    0.03213     1.9279    115.673      5.052  50071.007    31.8418     9.5122      5.000     9.4843    24.5660     6.0763     8.6837     93.291    264.862    271.369   -0.00303    6.51325    9.30809  283.90735   14.71000 2.9536e+02     1.1382     0.4261    89.8955 0.0000e+00
        466 204.490884    0.03232     1.9393    116.357      6.052  50079.852    31.8425     9.4748      6.000     9.4419    24.5724     6.0735     8.6797     93.173    264.740    271.245   -0.00362    6.51859    9.31572  284.13842   14.72105 2.5059e+02     1.1759     0.4277    89.8591 0.0000e+00
        470 204.490893    0.03254     1.9522    117.133      7.057  50129.493    31.8710     9.4308      7.000     9.4142    24.6017     6.0644     8.6667     92.959    264.335    270.838   -0.00456    6.52372    9.32305  284.35386   14.73124 1.9885e+02     1.3031     0.4261    89.8962 0.0000e+00
        474 204.490905    0.03282     1.9692    118.152      8.079  50167.787    31.8940     9.4042      8.000     9.3947    24.6239     6.0290     8.6161     92.377    262.786    269.256   -0.00834    6.52658    9.32714  284.47241   14.73682 1.6008e+02     1.4983     0.4288    89.8358 0.0000e+00
        477 204.490915    0.03309     1.9851    119.104      9.096  50180.827    31.9005     9.3880      9.000     9.3646    24.6315     6.0059     8.5831     91.994    261.778    268.226   -0.01031    6.52865    9.33009  284.56042   14.74100 1.4790e+02     1.6217     0.4246    89.9291 0.0000e+00
        480 204.490924    0.03327     1.9967    119.800     10.097  50204.830    31.9116     9.3492     10.000     9.3175    24.6464     6.0172     8.5992     92.094    262.264    268.728   -0.00710    6.53378    9.33743  284.78013   14.75146 1.2910e+02     1.7030     0.4262    89.8934 0.0000e+00
        483 204.490932    0.03347     2.0083    120.497     11.094  50237.884    31.9288     9.3089     11.000     9.2823    24.6663     6.0302     8.6178     92.222    262.827    269.310   -0.00407    6.53887    9.34470  284.99624   14.76173 1.0621e+02     1.8549     0.4237    89.9490 0.0000e+00
        487 204.490943    0.03374     2.0242    121.455     12.108  50271.443    31.9442     9.2532     12.000     9.2238    24.6870     6.0372     8.6278     92.223    263.125    269.621   -0.00261    6.54629    9.35530  285.31358   14.77683 9.4600e+01     2.0546     0.4254    89.9115 0.0000e+00
        492 204.490957    0.03407     2.0441    122.646     13.128  50325.211    31.9742     9.1996     13.000     9.1898    24.7188     6.0108     8.5899     91.728    261.964    268.440   -0.00564    6.55281    9.36461  285.58884   14.78988 7.9180e+01     2.2928     0.4250    89.9198 0.0000e+00
        496 204.490968    0.03435     2.0606    123.638     14.136  50337.577    31.9805     9.1860     14.000     9.1794    24.7260     5.9887     8.5585     91.368    261.005    267.458   -0.00823    6.55451    9.36705  285.66112   14.79331 7.2825e+01     2.4233     0.4191    90.0529 0.0000e+00
        499 204.490978    0.03458     2.0751    124.505     15.141  50346.825    31.9856     9.1789     15.000     9.1770    24.7310     5.9973     8.5708     91.488    261.376    267.841   -0.00476    6.55531    9.36821  285.69500   14.79491 6.0549e+01     2.5382     0.4175    90.0881 0.0000e+00
        503 204.490988    0.03483     2.0898    125.391     16.151  50346.296    31.9845     9.1768     16.000     9.1722    24.7305     6.0022     8.5778     91.558    261.588    268.058   -0.00257    6.55568    9.36872  285.71081   14.79567 5.3898e+01     2.5933     0.4185    90.0657 0.0000e+00
        506 204.490998    0.03508     2.1048    126.290     17.162  50351.368    31.9870     9.1725     17.000     9.1698    24.7331     6.0058     8.5829     91.605    261.744    268.218   -0.00156    6.55618    9.36943  285.73179   14.79666 4.7980e+01     2.5455     0.4170    90.1003 0.0000e+00
        510 204.491009    0.03533     2.1195    127.169     18.168  50351.762    31.9865     9.1705     18.000     9.1666    24.7331     6.0128     8.5928     91.707    262.048    268.529   -0.00015    6.55650    9.36990  285.74620   14.79735 4.2060e+01     2.5702     0.4133    90.1820 0.0000e+00
        514 204.491021    0.03560     2.1363    128.180     19.179  50354.886    31.9882     9.1697     19.000     9.1676    24.7346     6.0062     8.5834     91.605    261.760    268.235   -0.00097    6.55654    9.36996  285.74734   14.79740 3.6484e+01     2.6244     0.4125    90.2014 0.0000e+00
        518 204.491033    0.03590     2.1541    129.248     20.197  50337.006    31.9742     9.1632     20.000     9.1364    24.7246     6.0007     8.5757     91.501    261.526    267.993   -0.00174    6.55809    9.37217  285.81749   14.80080 3.1657e+01     2.6060     0.4170    90.1006 0.0000e+00
        521 204.491043    0.03613     2.1679    130.075     21.204  50371.140    31.9921     9.1232     21.000     9.1041    24.7449     5.9969     8.5701     91.371    261.352    267.819   -0.00245    6.56316    9.37941  286.03278   14.81103 2.7559e+01     2.6323     0.4181    90.0769 0.0000e+00
        524 204.491050    0.03633     2.1799    130.796     22.209  50383.864    31.9969     9.0972     22.000     9.0759    24.7528     5.9915     8.5624     91.239    261.115    267.579   -0.00340    6.56674    9.38452  286.18657   14.81836 2.4261e+01     2.6335     0.4091    90.2783 0.0000e+00
        527 204.491059    0.03654     2.1922    131.534     23.219  50416.970    32.0165     9.0738     23.000     9.0685    24.7716     5.9895     8.5596     91.173    261.024    267.490   -0.00329    6.56931    9.38820  286.29322   14.82338 2.1218e+01     2.6741     0.4082    90.2984 0.0000e+00
        530 204.491068    0.03675     2.2048    132.290     24.219  50422.134    32.0192     9.0702     24.000     9.0655    24.7743     5.9863     8.5551     91.120    260.887    267.351   -0.00319    6.56973    9.38880  286.31102   14.82423 1.8604e+01     2.6100     0.4033    90.4080 0.0000e+00
        534 204.491079    0.03702     2.2212    133.270     25.232  50425.488    32.0203     9.0647     25.000     9.0601    24.7760     5.9860     8.5546     91.105    260.873    267.336   -0.00237    6.57048    9.38987  286.34321   14.82575 1.6489e+01     2.5940     0.4059    90.3504 0.0000e+00
        539 204.491094    0.03735     2.2410    134.459     26.255  50428.280    32.0216     9.0629     26.000     9.0604    24.7773     5.9796     8.5453     91.003    260.589    267.046   -0.00242    6.57068    9.39015  286.35133   14.82614 1.4558e+01     2.6200     0.4014    90.4511 0.0000e+00
        542 204.491104    0.03760     2.2562    135.372     27.264  50428.468    32.0212     9.0627     27.000     9.0588    24.7771     5.9769     8.5414     90.961    260.472    266.925   -0.00233    6.57073    9.39024  286.35402   14.82627 1.2429e+01     2.6069     0.4019    90.4416 0.0000e+00
        545 204.491112    0.03780     2.2677    136.065     28.268  50425.641    32.0184     9.0600     28.000     9.0483    24.7754     5.9793     8.5450     90.991    260.579    267.035   -0.00165    6.57124    9.39097  286.37687   14.82738 1.0696e+01     2.7020     0.4066    90.3356 0.0000e+00
        548 204.491120    0.03799     2.2793    136.760     29.268  50430.104    32.0190     9.0458     29.000     9.0293    24.7781     5.9766     8.5411     90.921    260.459    266.913   -0.00173    6.57329    9.39390  286.46539   14.83160 9.5929e+00     2.6064     0.4040    90.3938 0.0000e+00
        552 204.491130    0.03823     2.2941    137.645     30.279  50446.595    32.0273     9.0257     30.000     9.0127    24.7877     5.9684     8.5295     90.762    260.103    266.550   -0.00286    6.57588    9.39759  286.57528   14.83682 8.5747e+00     2.6224     0.3995    90.4945 0.0000e+00
        556 204.491143    0.03854     2.3126    138.757     31.297  50459.588    32.0328     9.0035     31.000     8.9919    24.7954     5.9603     8.5179     90.598    259.748    266.189   -0.00346    6.57890    9.40190  286.70448   14.84298 7.4609e+00     2.6240     0.3947    90.6033 0.0000e+00
        560 204.491155    0.03884     2.3301    139.804     32.308  50467.716    32.0352     8.9840     32.000     8.9693    24.8003     5.9558     8.5114     90.491    259.549    265.986   -0.00342    6.58164    9.40583  286.82275   14.84862 6.1417e+00     2.6280     0.3930    90.6413 0.0000e+00
        564 204.491166    0.03910     2.3457    140.742     33.316  50485.168    32.0442     8.9645     33.000     8.9559    24.8104     5.9547     8.5098     90.440    259.497    265.935   -0.00298    6.58410    9.40934  286.92725   14.85358 5.2875e+00     2.6578     0.3946    90.6056 0.0000e+00
        567 204.491176    0.03933     2.3600    141.597     34.325  50498.476    32.0525     8.9601     34.000     8.9597    24.8176     5.9545     8.5096     90.433    259.488    265.927   -0.00231    6.58440    9.40977  286.93831   14.85408 4.6789e+00     2.5564     0.3914    90.6800 0.0000e+00
        571 204.491185    0.03955     2.3733    142.400     35.333  50485.557    32.0435     8.9640     35.000     8.9513    24.8100     5.9555     8.5110     90.451    259.533    265.971   -0.00170    6.58422    9.40950  286.93229   14.85383 4.2756e+00     2.5505     0.3930    90.6425 0.0000e+00
        574 204.491194    0.03977     2.3866    143.194     36.341  50478.384    32.0354     8.9459     36.000     8.9185    24.8064     5.9582     8.5149     90.451    259.653    266.095   -0.00117    6.58721    9.41378  287.06365   14.86013 3.5058e+00     2.7051     0.3934    90.6344 0.0000e+00
        577 204.491204    0.04001     2.4006    144.038     37.349  50498.806    32.0432     8.9040     37.000     8.8790    24.8189     5.9523     8.5064     90.282    259.391    265.829   -0.00224    6.59303    9.42209  287.31361   14.87205 3.0660e+00     2.5373     0.3824    90.8816 0.0000e+00
        581 204.491215    0.04028     2.4165    144.993     38.359  50537.846    32.0665     8.8783     38.000     8.8768    24.8411     5.9374     8.4851     90.018    258.738    265.165   -0.00418    6.59580    9.42606  287.42850   14.87745 2.9552e+00     2.4883     0.3806    90.9242 0.0000e+00
        585 204.491227    0.04056     2.4336    146.018     39.376  50537.387    32.0676     8.8916     39.000     8.8913    24.8400     5.9259     8.4687     89.870    258.235    264.650   -0.00456    6.59380    9.42321  287.34171   14.87330 2.5999e+00     2.5230     0.3833    90.8631 0.0000e+00
        589 204.491237    0.04081     2.4486    146.916     40.386  50525.909    32.0594     8.8934     40.000     8.8851    24.8332     5.9311     8.4762     89.950    258.467    264.885   -0.00254    6.59390    9.42334  287.34791   14.87363 2.2179e+00     2.4448     0.3809    90.9184 0.0000e+00
        592 204.491246    0.04102     2.4616    147.696     41.387  50533.965    32.0638     8.8876     41.000     8.8877    24.8376     5.9307     8.4757     89.934    258.448    264.867   -0.00185    6.59455    9.42427  287.37482   14.87490 1.7549e+00     2.3933     0.3805    90.9261 0.0000e+00
        595 204.491257    0.04127     2.4761    148.565     42.396  50545.795    32.0740     8.9040     42.000     8.9167    24.8431     5.9309     8.4758     89.975    258.451    264.872   -0.00127    6.59170    9.42020  287.24926   14.86886 1.5276e+00     2.4431     0.3817    90.8990 0.0000e+00
        599 204.491268    0.04156     2.4933    149.596     43.411  50518.314    32.0591     8.9370     43.000     8.9328    24.8264     5.9306     8.4754     90.028    258.444    264.860   -0.00039    6.58751    9.41421  287.07114   14.86040 1.3419e+00     2.4251     0.3857    90.8081 0.0000e+00
        604 204.491281    0.04184     2.5106    150.633     44.422  50478.636    32.0263     8.9070     44.000     8.8635    24.8054     5.9379     8.4858     90.059    258.767    265.185    0.00006    6.59331    9.42250  287.32988   14.87290 1.3969e+00     2.4355     0.3842    90.8413 0.0000e+00
        607 204.491292    0.04211     2.5265    151.593     45.431  50546.646    32.0655     8.8515     45.000     8.8411    24.8446     5.9295     8.4738     89.843    258.390    264.810   -0.00181    6.59979    9.43176  287.60112   14.88570 1.1165e+00     2.5476     0.3763    91.0222 0.0000e+00
        611 204.491302    0.04236     2.5415    152.490     46.445  50557.998    32.0720     8.8444     46.000     8.8399    24.8508     5.9168     8.4557     89.641    257.838    264.245   -0.00362    6.60056    9.43285  287.63289   14.88720 9.0680e-01     2.4337     0.3778    90.9873 0.0000e+00
        614 204.491311    0.04258     2.5545    153.270     47.447  50552.056    32.0673     8.8438     47.000     8.8340    24.8471     5.9152     8.4534     89.612    257.767    264.172   -0.00312    6.60084    9.43326  287.64633   14.88786 8.0996e-01     2.4225     0.3772    91.0016 0.0000e+00
        617 204.491320    0.04281     2.5684    154.102     48.452  50559.966    32.0715     8.8373     48.000     8.8312    24.8514     5.9152     8.4534     89.602    257.768    264.174   -0.00242    6.60163    9.43438  287.67947   14.88942 9.9053e-01     2.3927     0.3758    91.0333 0.0000e+00
        621 204.491332    0.04309     2.5853    155.119     49.468  50556.320    32.0678     8.8331     49.000     8.8222    24.8493     5.9184     8.4581     89.642    257.909    264.318   -0.00144    6.60240    9.43548  287.71341   14.89107 9.0984e-01     2.3615     0.3760    91.0284 0.0000e+00
        626 204.491345    0.04338     2.6028    156.170     50.480  50567.657    32.0739     8.8235     50.000     8.8148    24.8555     5.9185     8.4581     89.626    257.908    264.318   -0.00100    6.60354    9.43712  287.76175   14.89335 8.2006e-01     2.3215     0.3735    91.0845 0.0000e+00
        629 204.491355    0.04364     2.6186    157.117     51.486  50536.582    32.0473     8.7947     51.000     8.7547    24.8391     5.9107     8.4470     89.436    257.575    263.973   -0.00234    6.60893    9.44482  288.00112   14.90490 7.5225e-01     2.3784     0.3701    91.1628 0.0000e+00
        633 204.491367    0.04392     2.6352    158.110     52.501  50601.178    32.0855     8.7483     52.000     8.7400    24.8759     5.8930     8.4218     89.098    256.798    263.185   -0.00483    6.61413    9.45226  288.21749   14.91509 6.7301e-01     2.4547     0.3635    91.3138 0.0000e+00
        637 204.491377    0.04417     2.6500    159.001     53.520  50592.121    32.0772     8.7385     53.000     8.7207    24.8710     5.8795     8.4024     88.869    256.207    262.579   -0.00580    6.61595    9.45484  288.29771   14.91896 3.7824e-01     2.3387     0.3608    91.3746 0.0000e+00
