CTD-processing/allCTD/CNV/2014_10-18_t6_s04_cast107_4141.cnv
* Sea-Bird SBE19plus Data File:
* FileName = C:\Users\kris.holderied\Documents\kasitsna\Research-Projects-and-Data\Oceanography-AK\CTD-Data-ALL-to-2014-10\2014-CTD-KachemakBay-CookInlet\2014-10-EVOSTC-CookInlet\2014-10-18-CookInlet-Tran6-Douglas\2014-10-18-CookInlet-Tran6-cast107.hex
* Software Version 1.59
* Temperature SN =  4141
* Conductivity SN =  4141
* System UpLoad Time = Oct 18 2014 09:51:31
** Cook Inlet LTM Tran6 (Douglas)  east to west
** Date: 10-18
** Station: 6-04
** Start time: 01:04
** Depth (m): 105
** Comment:  CTD time is Alaska Daylight time.  R/V Pandalus. Transducer  depth.
** Comment:
# nquan = 27
# nvalues = 103                         
# units = specified
# name 0 = scan: Scan Count
# name 1 = timeJ: Julian Days
# name 2 = timeH: Time, Elapsed [hours]
# name 3 = timeM: Time, Elapsed [minutes]
# name 4 = timeS: Time, Elapsed [seconds]
# name 5 = prdM: Pressure, Strain Gauge [db]
# name 6 = specc: Specific Conductance [uS/cm]
# name 7 = sal00: Salinity, Practical [PSU]
# name 8 = tv290C: Temperature [ITS-90, deg C]
# name 9 = depSM: Depth [salt water, m], lat = 59.00
# name 10 = potemp090C: Potential Temperature [ITS-90, deg C]
# name 11 = sigma-é00: Density [sigma-theta, kg/m^3]
# name 12 = sbeox0ML/L: Oxygen, SBE 43 [ml/l]
# name 13 = sbeox0Mg/L: Oxygen, SBE 43 [mg/l]
# name 14 = sbeox0PS: Oxygen, SBE 43 [% saturation]
# name 15 = sbox0Mm/Kg: Oxygen, SBE 43 [umol/kg]
# name 16 = sbeox0Mm/L: Oxygen, SBE 43 [umol/l]
# name 17 = sbox0dV/dT: Oxygen, SBE 43 [dov/dt]
# name 18 = oxsolML/L: Oxygen Saturation, Garcia & Gordon [ml/l]
# name 19 = oxsolMg/L: Oxygen Saturation, Garcia & Gordon [mg/l]
# name 20 = oxsolMm/Kg: Oxygen Saturation, Garcia & Gordon [umol/kg]
# name 21 = n2satMg/L: Nitrogen Saturation [mg/l]
# name 22 = par: PAR/Irradiance, Biospherical/Licor
# name 23 = wetStar: Fluorescence, WET Labs WETstar [mg/m^3]
# name 24 = CStarAt0: Beam Attenuation, WET Labs C-Star [1/m]
# name 25 = CStarTr0: Beam Transmission, WET Labs C-Star [%]
# name 26 = flag: flag
# span 0 =        327,        880       
# span 1 = 291.045619, 291.047219       
# span 2 =    0.02264,    0.06102       
# span 3 =     1.3581,     3.6617       
# span 4 =     81.484,    219.700       
# span 5 =      1.027,    103.984       
# span 6 =  45242.380,  50863.621       
# span 7 =    28.5656,    32.1245       
# span 8 =     7.9686,    10.7251       
# span 9 =      1.000,    103.000       
# span 10 =     7.9536,    10.7257      
# span 11 =    21.8627,    25.0221      
# span 12 =     4.8754,     5.8531      
# span 13 =     6.9673,     8.3646      
# span 14 =     72.448,     89.808      
# span 15 =    212.418,    255.805      
# span 16 =    217.732,    261.398      
# span 17 =   -0.01765,    0.00263      
# span 18 =    6.46117,    6.72941      
# span 19 =    9.23365,    9.61701      
# span 20 =  281.85426,  293.19947      
# span 21 =   14.61402,   15.15292      
# span 22 = 4.5308e-02, 6.0139e-02      
# span 23 =     0.2183,     2.4298      
# span 24 =     0.2511,     0.4303      
# span 25 =    89.8014,    93.9164      
# span 26 = 0.0000e+00, 0.0000e+00      
# interval = meters: 1                  
# start_time = Oct 18 2014 01:04:20 [Instrument's time stamp, header]
# bad_flag = -9.990e-29
*END*
        327 291.045619    0.02264     1.3581     81.484      1.027  45242.380    28.5656    10.4406      1.000    10.4365    21.8627     5.8418     8.3486     89.635    255.314    260.896   -0.00079    6.51732    9.31390  284.83621   14.76777 4.9582e-02     2.3310     0.4275    89.8638 0.0000e+00
        331 291.045630    0.02289     1.3731     82.387      2.012  45249.852    28.5698    10.4348      2.000    10.4353    21.8669     5.8425     8.3495     89.638    255.343    260.927   -0.00089    6.51795    9.31480  284.86265   14.76901 5.2457e-02     2.3757     0.4290    89.8303 0.0000e+00
        335 291.045643    0.02320     1.3922     83.532      3.020  45251.080    28.5707    10.4386      3.000    10.4403    21.8670     5.8531     8.3646     89.808    255.805    261.398    0.00107    6.51738    9.31398  284.83746   14.76780 6.0139e-02     2.3090     0.4270    89.8757 0.0000e+00
        342 291.045664    0.02371     1.4224     85.345      4.044  45249.876    28.5699    10.4430      4.000    10.4428    21.8657     5.8433     8.3506     89.665    255.376    260.960   -0.00091    6.51678    9.31313  284.81174   14.76658 4.6745e-02     2.4298     0.4262    89.8918 0.0000e+00
        347 291.045678    0.02406     1.4433     86.596      5.048  45252.629    28.5717    10.4454      5.000    10.4462    21.8668     5.8465     8.3552     89.720    255.518    261.104   -0.00021    6.51638    9.31255  284.79382   14.76571 4.6820e-02     2.3459     0.4303    89.8014 0.0000e+00
        352 291.045692    0.02439     1.4631     87.786      6.057  45278.754    28.5905    10.4542      6.000    10.4641    21.8800     5.8423     8.3492     89.683    255.330    260.916   -0.00036    6.51434    9.30963  284.70089   14.76119 4.7046e-02     2.3150     0.4246    89.9293 0.0000e+00
        357 291.045706    0.02471     1.4829     88.972      7.066  45295.792    28.6046    10.4783      7.000    10.4859    21.8870     5.8392     8.3448     89.692    255.195    260.780   -0.00041    6.51032    9.30389  284.52331   14.75264 4.8321e-02     2.2815     0.4214    90.0026 0.0000e+00
        362 291.045721    0.02508     1.5046     90.275      8.067  45345.845    28.6422    10.5062      8.000    10.5190    21.9118     5.8320     8.3345     89.657    254.871    260.456   -0.00055    6.50480    9.29601  284.27532   14.74062 4.6996e-02     2.3403     0.4169    90.1027 0.0000e+00
        372 291.045751    0.02579     1.5475     92.852      9.100  45405.975    28.6881    10.5461      9.000    10.5574    21.9410     5.8215     8.3196     89.600    254.407    259.989   -0.00084    6.49723    9.28520  283.93669   14.72423 4.6233e-02     2.2441     0.4163    90.1157 0.0000e+00
        376 291.045761    0.02603     1.5621     93.725     10.094  45512.711    28.7657    10.5779     10.000    10.5914    21.9963     5.8138     8.3085     89.587    254.055    259.643   -0.00098    6.48951    9.27416  283.58385   14.70703 4.6479e-02     2.1620     0.4197    90.0397 0.0000e+00
        380 291.045772    0.02632     1.5789     94.734     11.090  45543.502    28.7895    10.6020     11.000    10.6056    22.0107     5.8029     8.2929     89.479    253.575    259.156   -0.00148    6.48514    9.26791  283.38864   14.69759 4.6233e-02     2.2373     0.4068    90.3299 0.0000e+00
        390 291.045801    0.02700     1.6200     97.203     12.122  45541.587    28.7885    10.6094     12.000    10.6080    22.0088     5.7666     8.2411     88.934    251.991    257.537   -0.00470    6.48413    9.26648  283.34538   14.69553 4.5842e-02     2.2230     0.4008    90.4656 0.0000e+00
        395 291.045815    0.02734     1.6407     98.445     13.121  45548.461    28.7929    10.6089     13.000    10.6047    22.0123     5.7687     8.2440     88.968    252.081    257.630   -0.00263    6.48403    9.26633  283.33986   14.69525 4.5883e-02     2.1628     0.4022    90.4343 0.0000e+00
        400 291.045831    0.02773     1.6635     99.808     14.131  45575.592    28.8113    10.6068     14.000    10.6107    22.0269     5.7740     8.2517     89.056    252.311    257.868   -0.00077    6.48357    9.26567  283.31560   14.69401 4.5984e-02     2.0935     0.4063    90.3398 0.0000e+00
        406 291.045849    0.02815     1.6890    101.343     15.140  45613.550    28.8396    10.6272     15.000    10.6329    22.0456     5.7736     8.2511     89.106    252.288    257.850   -0.00002    6.47950    9.25986  283.13282   14.68515 4.5909e-02     2.1207     0.3948    90.6020 0.0000e+00
        414 291.045872    0.02870     1.7221    103.326     16.156  45641.424    28.8613    10.6507     16.000    10.6533    22.0586     5.7549     8.2243     88.875    251.466    257.013   -0.00203    6.47530    9.25386  282.94561   14.67611 4.5859e-02     2.0626     0.3828    90.8740 0.0000e+00
        420 291.045888    0.02909     1.7454    104.722     17.160  45686.285    28.8944    10.6707     17.000    10.6799    22.0811     5.7446     8.2096     88.772    251.010    256.553   -0.00228    6.47112    9.24788  282.75672   14.66693 4.5830e-02     1.9271     0.3765    91.0170 0.0000e+00
        426 291.045907    0.02954     1.7726    106.357     18.171  45691.252    28.8999    10.6931     18.000    10.6923    22.0817     5.7330     8.1930     88.640    250.504    256.035   -0.00224    6.46774    9.24305  282.60884   14.65983 4.5779e-02     1.8576     0.3650    91.2794 0.0000e+00
        433 291.045927    0.03002     1.8014    108.086     19.185  45698.084    28.9043    10.6941     19.000    10.6913    22.0851     5.7199     8.1743     88.441    249.930    255.450   -0.00306    6.46743    9.24260  282.59418   14.65911 4.5882e-02     1.7822     0.3688    91.1920 0.0000e+00
        438 291.045941    0.03036     1.8213    109.277     20.186  45702.784    28.9071    10.6926     20.000    10.6897    22.0874     5.7158     8.1685     88.377    249.751    255.268   -0.00240    6.46751    9.24272  282.59726   14.65925 4.5813e-02     1.7706     0.3661    91.2547 0.0000e+00
        445 291.045961    0.03084     1.8503    111.016     21.199  45705.608    28.9084    10.6899     21.000    10.6867    22.0889     5.7042     8.1519     88.194    249.244    254.750   -0.00276    6.46784    9.24320  282.61130   14.65992 4.5753e-02     1.7879     0.3636    91.3106 0.0000e+00
        452 291.045981    0.03133     1.8799    112.794     22.222  45714.887    28.9143    10.6876     22.000    10.6888    22.0939     5.7056     8.1539     88.214    249.305    254.812   -0.00169    6.46793    9.24332  282.61362   14.66000 4.5926e-02     1.7268     0.3660    91.2559 0.0000e+00
        456 291.045992    0.03158     1.8946    113.673     23.227  45807.729    28.9806    10.7039     23.000    10.7257    22.1429     5.7229     8.1786     88.549    250.047    255.584    0.00263    6.46290    9.23614  282.38061   14.64858 4.6181e-02     1.7865     0.3652    91.2749 0.0000e+00
        458 291.045999    0.03177     1.9057    114.343     24.222  45761.876    28.9504    10.7251     24.000    10.6824    22.1158     5.7143     8.1662     88.440    249.676    255.198    0.00138    6.46117    9.23365  282.31206   14.64543 4.5308e-02     1.7109     0.3606    91.3805 0.0000e+00
        462 291.046010    0.03200     1.9203    115.215     25.221  45784.818    28.9560    10.6310     25.000    10.5690    22.1357     5.7044     8.1521     88.110    249.240    254.757   -0.00225    6.47417    9.25224  282.87492   14.67234 4.5607e-02     1.6495     0.3779    90.9843 0.0000e+00
        471 291.046037    0.03265     1.9591    117.548     26.262  45917.780    29.0327    10.4838     26.000    10.4698    22.2196     5.7138     8.1656     88.016    249.633    255.179   -0.00101    6.49179    9.27742  283.62142   14.70774 4.5895e-02     1.9490     0.3947    90.6027 0.0000e+00
        475 291.046048    0.03294     1.9761    118.565     27.263  45953.779    29.0545    10.4571     27.000    10.4328    22.2410     5.7181     8.1718     88.044    249.817    255.373   -0.00059    6.49467    9.28153  283.74134   14.71339 4.5896e-02     1.9191     0.3953    90.5895 0.0000e+00
        478 291.046057    0.03315     1.9887    119.319     28.259  46017.880    29.0957    10.4278     28.000    10.4156    22.2778     5.7318     8.1913     88.220    250.402    255.981    0.00097    6.49711    9.28502  283.83762   14.71783 4.5751e-02     1.9091     0.3891    90.7294 0.0000e+00
        482 291.046068    0.03341     2.0047    120.281     29.268  46101.607    29.1522    10.4121     29.000    10.4025    22.3244     5.7353     8.1963     88.276    250.545    256.138    0.00172    6.49700    9.28487  283.81992   14.71675 4.5644e-02     1.9595     0.3852    90.8198 0.0000e+00
        488 291.046085    0.03382     2.0289    121.734     30.287  46177.393    29.2036    10.3999     30.000    10.3963    22.3663     5.7231     8.1789     88.094    250.003    255.595   -0.00105    6.49659    9.28427  283.79020   14.71512 4.5816e-02     1.9067     0.3755    91.0406 0.0000e+00
        494 291.046101    0.03421     2.0526    123.157     31.296  46208.258    29.2250    10.4023     31.000    10.4007    22.3826     5.7054     8.1536     87.838    249.225    254.803   -0.00288    6.49536    9.28253  283.73228   14.71226 4.5823e-02     1.7800     0.3760    91.0275 0.0000e+00
        499 291.046116    0.03455     2.0729    124.376     32.307  46276.949    29.2731    10.4055     32.000    10.3995    22.4196     5.6936     8.1367     87.689    248.701    254.277   -0.00315    6.49293    9.27904  283.61565   14.70648 4.5960e-02     1.7367     0.3720    91.1192 0.0000e+00
        503 291.046128    0.03485     2.0912    125.471     33.311  46396.170    29.3552    10.3960     33.000    10.3832    22.4850     5.6844     8.1236     87.576    248.285    253.868   -0.00327    6.49086    9.27609  283.50703   14.70096 4.5837e-02     1.7559     0.3614    91.3611 0.0000e+00
        508 291.046143    0.03521     2.1123    126.739     34.322  46486.363    29.4157    10.3756     34.000    10.3670    22.5354     5.6729     8.1072     87.394    247.770    253.354   -0.00348    6.49124    9.27663  283.50966   14.70084 4.5841e-02     1.7522     0.3548    91.5119 0.0000e+00
        514 291.046159    0.03560     2.1358    128.146     35.338  46630.901    29.5133    10.3466     35.000    10.3141    22.6162     5.6430     8.0645     86.932    246.444    252.017   -0.00620    6.49131    9.27673  283.49045   14.69952 4.5853e-02     1.4741     0.3474    91.6827 0.0000e+00
        518 291.046172    0.03589     2.1537    129.220     36.345  46767.795    29.6024    10.2905     36.000    10.2798    22.6947     5.6290     8.0444     86.659    245.812    251.390   -0.00673    6.49558    9.28283  283.65487   14.70702 4.5942e-02     1.4033     0.3492    91.6411 0.0000e+00
        522 291.046183    0.03617     2.1704    130.224     37.350  46801.814    29.6251    10.2835     37.000    10.2785    22.7136     5.6113     8.0192     86.386    245.036    250.601   -0.00711    6.49562    9.28289  283.65176   14.70678 4.5991e-02     1.4135     0.3439    91.7609 0.0000e+00
        526 291.046196    0.03649     2.1893    131.356     38.360  46863.363    29.6678    10.2834     38.000    10.2787    22.7468     5.5973     7.9991     86.193    244.415    249.974   -0.00651    6.49386    9.28037  283.56542   14.70247 4.5899e-02     1.3284     0.3385    91.8849 0.0000e+00
        532 291.046213    0.03689     2.2132    132.789     39.369  46999.043    29.7611    10.2709     39.000    10.2555    22.8216     5.5919     7.9914     86.138    244.161    249.733   -0.00409    6.49176    9.27738  283.45319   14.69672 4.5860e-02     1.2865     0.3351    91.9630 0.0000e+00
        539 291.046233    0.03736     2.2418    134.508     40.388  47108.306    29.8315    10.2200     40.000    10.2005    22.8846     5.5641     7.9516     85.653    242.931    248.491   -0.00626    6.49606    9.28352  283.62353   14.70458 4.5886e-02     1.2050     0.3260    92.1737 0.0000e+00
        544 291.046246    0.03769     2.2615    135.689     41.393  47141.206    29.8514    10.1966     41.000    10.1861    22.9039     5.5597     7.9454     85.553    242.737    248.297   -0.00494    6.49855    9.28708  283.72689   14.70945 4.5971e-02     1.1332     0.3294    92.0940 0.0000e+00
        548 291.046259    0.03799     2.2791    136.748     42.400  47160.271    29.8630    10.1854     42.000    10.1816    22.9149     5.5559     7.9400     85.480    242.571    248.129   -0.00392    6.49968    9.28869  283.77295   14.71161 4.5923e-02     1.1023     0.3289    92.1077 0.0000e+00
        552 291.046271    0.03829     2.2978    137.867     43.409  47177.087    29.8751    10.1911     43.000    10.1877    22.9234     5.5498     7.9312     85.404    242.300    247.854   -0.00328    6.49836    9.28680  283.71309   14.70869 4.5916e-02     1.0400     0.3269    92.1516 0.0000e+00
        557 291.046286    0.03864     2.3184    139.107     44.420  47186.750    29.8816    10.1923     44.000    10.1883    22.9282     5.5489     7.9300     85.395    242.261    247.815   -0.00221    6.49792    9.28617  283.69239   14.70768 4.5891e-02     1.0452     0.3268    92.1539 0.0000e+00
        562 291.046300    0.03899     2.3390    140.341     45.429  47200.463    29.8913    10.1961     45.000    10.1921    22.9352     5.5481     7.9288     85.396    242.222    247.778   -0.00137    6.49698    9.28484  283.64961   14.70559 4.6022e-02     1.0901     0.3222    92.2618 0.0000e+00
        568 291.046316    0.03935     2.3611    141.663     46.437  47206.959    29.8957    10.1980     46.000    10.1927    22.9383     5.5513     7.9335     85.451    242.364    247.923   -0.00043    6.49652    9.28418  283.62874   14.70458 4.5889e-02     1.0266     0.3233    92.2344 0.0000e+00
        574 291.046334    0.03979     2.3873    143.238     47.452  47226.636    29.9085    10.1934     47.000    10.1851    22.9491     5.5475     7.9278     85.389    242.190    247.749   -0.00076    6.49665    9.28436  283.63111   14.70464 4.5888e-02     1.0750     0.3239    92.2222 0.0000e+00
        579 291.046348    0.04015     2.4087    144.525     48.460  47245.304    29.9199    10.1821     48.000    10.1694    22.9598     5.5412     7.9189     85.278    241.915    247.470   -0.00155    6.49778    9.28598  283.67761   14.70681 4.6013e-02     1.0628     0.3227    92.2496 0.0000e+00
        584 291.046362    0.04047     2.4279    145.672     49.469  47267.721    29.9336    10.1685     49.000    10.1605    22.9727     5.5345     7.9094     85.158    241.621    247.172   -0.00229    6.49914    9.28792  283.73353   14.70944 4.5920e-02     1.0355     0.3223    92.2593 0.0000e+00
        588 291.046375    0.04078     2.4468    146.805     50.474  47302.484    29.9569    10.1625     50.000    10.1521    22.9918     5.5361     7.9116     85.183    241.685    247.242   -0.00129    6.49902    9.28776  283.72313   14.70884 4.5876e-02     1.0501     0.3191    92.3320 0.0000e+00
        594 291.046392    0.04119     2.4715    148.292     51.488  47444.353    30.0492    10.1049     51.000    10.0738    23.0731     5.5317     7.9053     85.058    241.471    247.042   -0.00172    6.50339    9.29399  283.89106   14.71650 4.5877e-02     1.0160     0.3174    92.3724 0.0000e+00
        600 291.046410    0.04163     2.4978    149.866     52.503  47627.001    30.1717    10.0609     52.000    10.0566    23.1757     5.5007     7.8611     84.568    240.099    245.663   -0.00533    6.50454    9.29564  283.91298   14.71705 4.5970e-02     1.0210     0.3101    92.5405 0.0000e+00
        605 291.046424    0.04195     2.5171    151.026     53.504  47726.081    30.2415    10.0662     53.000    10.0633    23.2293     5.4867     7.8410     84.399    239.472    245.035   -0.00520    6.50088    9.29042  283.73855   14.70842 4.5881e-02     0.8923     0.3074    92.6031 0.0000e+00
