CTD-processing/allCTD/CNV/2014_04-06_t6_s13_cast250_5028.cnv
* Sea-Bird SBE19plus Data File:
* FileName = C:\Users\kris.holderied\Documents\kasitsna\Research-Projects-and-Data\Oceanography-AK\CTD-CookInlet-GulfWatchAK\2014-04-EVOSTC-CookInlet-Ocean\2014-04-06-CookInlet-Tran6-Douglas\2014-04-06-CookInlet-Tran6-cast250.hex
* Software Version 1.59
* Temperature SN =  5028
* Conductivity SN =  5028
* System UpLoad Time = Apr 09 2014 11:31:25
** Cook Inlet LTM Transect 6 (Douglas) east to west
** Date: 6 Apr 2014
** Station: 6-13
** Start time: 12:56
** Depth (m): 133
** Comment:  CTD instrument time is AK Daylight time
** Comment:
# nquan = 27
# nvalues = 130                         
# units = specified
# name 0 = scan: Scan Count
# name 1 = timeJ: Julian Days
# name 2 = timeH: Time, Elapsed [hours]
# name 3 = timeM: Time, Elapsed [minutes]
# name 4 = timeS: Time, Elapsed [seconds]
# name 5 = prdM: Pressure, Strain Gauge [db]
# name 6 = specc: Specific Conductance [uS/cm]
# name 7 = sal00: Salinity, Practical [PSU]
# name 8 = tv290C: Temperature [ITS-90, deg C]
# name 9 = depSM: Depth [salt water, m], lat = 59.00
# name 10 = potemp090C: Potential Temperature [ITS-90, deg C]
# name 11 = sigma-é00: Density [sigma-theta, kg/m^3]
# name 12 = sbeox0ML/L: Oxygen, SBE 43 [ml/l]
# name 13 = sbeox0Mg/L: Oxygen, SBE 43 [mg/l]
# name 14 = sbeox0PS: Oxygen, SBE 43 [% saturation]
# name 15 = sbox0Mm/Kg: Oxygen, SBE 43 [umol/kg]
# name 16 = sbeox0Mm/L: Oxygen, SBE 43 [umol/l]
# name 17 = sbox0dV/dT: Oxygen, SBE 43 [dov/dt]
# name 18 = oxsolML/L: Oxygen Saturation, Garcia & Gordon [ml/l]
# name 19 = oxsolMg/L: Oxygen Saturation, Garcia & Gordon [mg/l]
# name 20 = oxsolMm/Kg: Oxygen Saturation, Garcia & Gordon [umol/kg]
# name 21 = potemp090C: Potential Temperature [ITS-90, deg C]
# name 22 = n2satMg/L: Nitrogen Saturation [mg/l]
# name 23 = par: PAR/Irradiance, Biospherical/Licor
# name 24 = flECO-AFL: Fluorescence, WET Labs ECO-AFL/FL [mg/m^3]
# name 25 = turbWETntu0: Turbidity, WET Labs ECO [NTU]
# name 26 = flag: flag
# span 0 =         54,        883       
# span 1 =  96.539297,  96.541696       
# span 2 =    0.00368,    0.06126       
# span 3 =     0.2206,     3.6753       
# span 4 =     13.235,    220.518       
# span 5 =      1.009,    131.269       
# span 6 =  51535.040,  51999.302       
# span 7 =    32.0691,    32.3317       
# span 8 =     4.9069,     5.0074       
# span 9 =      1.000,    130.000       
# span 10 =     4.9034,     4.9978      
# span 11 =    25.3616,    25.5606      
# span 12 =     5.7855,     7.1271      
# span 13 =     8.2680,    10.1853      
# span 14 =     80.039,     98.717      
# span 15 =    251.992,    310.377      
# span 16 =    258.377,    318.295      
# span 17 =   -0.00161,    0.02262      
# span 18 =    7.19942,    7.22857      
# span 19 =   10.28868,   10.33035      
# span 20 =  313.51224,  314.85184      
# span 21 =     4.9036,     4.9978      
# span 22 =   16.12060,   16.18542      
# span 23 = 3.7912e-02, 1.6832e+02      
# span 24 =     0.3103,     0.5465      
# span 25 =    -0.0197,     2.4475      
# span 26 = 0.0000e+00, 0.0000e+00      
# interval = meters: 1                  
# start_time = Apr 06 2014 12:56:22 [Instrument's time stamp, header]
# bad_flag = -9.990e-29
*END*
         54  96.539297    0.00368     0.2206     13.235      1.009  51535.040    32.0691     4.9162      1.000     4.9160    25.3616     5.7855     8.2680     80.039    251.992    258.377    0.00324    7.22857   10.33035  314.85184     4.9162   16.18542 1.6715e+02     0.3630     2.4475 0.0000e+00
        307  96.540029    0.02126     1.2755     76.533      2.018  51861.349    32.2811     4.9277      2.000     4.9281    25.5281     6.3985     9.1442     88.676    278.645    285.759    0.01516    7.21546   10.31160  314.21902     4.9276   16.15443 1.6832e+02     0.3103    -0.0197 0.0000e+00
        283  96.539960    0.01960     1.1760     70.558      3.028  51810.089    32.2478     4.9283      3.000     4.9267    25.5016     6.6024     9.4355     91.482    287.531    294.863    0.02262    7.21711   10.31397  314.30083     4.9281   16.15846 1.3339e+02     0.3113     0.4013 0.0000e+00
        286  96.539967    0.01977     1.1863     71.176      4.038  51811.818    32.2479     4.9258      4.000     4.9245    25.5020     6.5988     9.4303     91.427    287.372    294.701    0.01943    7.21752   10.31456  314.31882     4.9255   16.15932 1.1082e+02     0.3135     0.4133 0.0000e+00
        290  96.539979    0.02005     1.2032     72.190      5.047  51813.962    32.2485     4.9241      5.000     4.9230    25.5026     6.5853     9.4111     91.237    286.787    294.101    0.01568    7.21780   10.31496  314.33075     4.9237   16.15989 9.4999e+01     0.3443     0.3903 0.0000e+00
        295  96.539993    0.02039     1.2234     73.402      6.057  51815.758    32.2489     4.9228      6.000     4.9221    25.5032     6.5777     9.4001     91.129    286.454    293.759    0.01229    7.21799   10.31523  314.33898     4.9224   16.16027 8.1326e+01     0.3640     0.3801 0.0000e+00
        300  96.540009    0.02077     1.2465     74.791      7.067  51816.796    32.2491     4.9225      7.000     4.9218    25.5033     6.5751     9.3965     91.093    286.342    293.645    0.00948    7.21804   10.31530  314.34104     4.9220   16.16037 7.1750e+01     0.3802     0.3752 0.0000e+00
        306  96.540025    0.02116     1.2699     76.194      8.076  51815.482    32.2472     4.9205      8.000     4.9177    25.5021     6.5615     9.3770     90.898    285.747    293.034    0.00678    7.21849   10.31595  314.36090     4.9199   16.16132 6.4532e+01     0.4185     0.3900 0.0000e+00
        310  96.540039    0.02148     1.2886     77.315      9.085  51819.110    32.2482     4.9160      9.000     4.9143    25.5034     6.5718     9.3917     91.032    286.197    293.496    0.00588    7.21921   10.31698  314.39190     4.9153   16.16280 5.7995e+01     0.4417     0.3805 0.0000e+00
        315  96.540053    0.02183     1.3095     78.571     10.095  51821.402    32.2489     4.9143     10.000     4.9132    25.5041     6.5995     9.4313     91.412    287.402    294.732    0.00574    7.21947   10.31735  314.40320     4.9136   16.16333 5.3092e+01     0.4568     0.3658 0.0000e+00
        321  96.540070    0.02222     1.3336     80.015     11.104  51823.363    32.2497     4.9139     11.000     4.9136    25.5048     6.6388     9.4876     91.957    289.117    296.491    0.00595    7.21950   10.31739  314.40420     4.9131   16.16338 4.8808e+01     0.4747     0.3623 0.0000e+00
        326  96.540084    0.02256     1.3539     81.232     12.113  51823.127    32.2493     4.9152     12.000     4.9143    25.5043     6.6835     9.5514     92.579    291.063    298.486    0.00651    7.21930   10.31710  314.39537     4.9143   16.16296 4.4477e+01     0.4756     0.3669 0.0000e+00
        330  96.540096    0.02287     1.3722     82.333     13.123  51823.551    32.2490     4.9147     13.000     4.9135    25.5041     6.7371     9.6281     93.320    293.399    300.882    0.00749    7.21940   10.31724  314.39978     4.9138   16.16317 4.1099e+01     0.4940     0.3702 0.0000e+00
        335  96.540109    0.02318     1.3908     83.447     14.133  51825.372    32.2497     4.9144     14.000     4.9139    25.5047     6.7822     9.6924     93.943    295.357    302.890    0.00795    7.21942   10.31727  314.40032     4.9134   16.16319 3.7563e+01     0.5182     0.3678 0.0000e+00
        339  96.540122    0.02347     1.4086     84.518     15.143  51825.910    32.2499     4.9159     15.000     4.9155    25.5047     6.8142     9.7383     94.392    296.756    304.325    0.00784    7.21914   10.31687  314.38833     4.9149   16.16262 3.4489e+01     0.5137     0.3688 0.0000e+00
        344  96.540135    0.02380     1.4278     85.667     16.152  51824.583    32.2485     4.9164     16.000     4.9147    25.5036     6.8573     9.7998     94.988    298.632    306.248    0.00808    7.21913   10.31685  314.38799     4.9152   16.16261 3.1980e+01     0.5225     0.3777 0.0000e+00
        350  96.540152    0.02421     1.4526     87.155     17.161  51826.181    32.2488     4.9150     17.000     4.9134    25.5040     6.8909     9.8478     95.451    300.095    307.749    0.00751    7.21936   10.31718  314.39806     4.9137   16.16309 2.9259e+01     0.5390     0.4123 0.0000e+00
        355  96.540167    0.02456     1.4738     88.426     18.171  51826.956    32.2486     4.9138     18.000     4.9117    25.5039     6.9044     9.8671     95.635    300.684    308.352    0.00646    7.21957   10.31749  314.40753     4.9125   16.16354 2.6828e+01     0.5465     0.3973 0.0000e+00
        359  96.540179    0.02485     1.4909     89.456     19.180  51828.863    32.2491     4.9126     19.000     4.9109    25.5046     6.9317     9.9061     96.010    301.871    309.570    0.00640    7.21975   10.31775  314.41520     4.9112   16.16390 2.4410e+01     0.5332     0.3679 0.0000e+00
        363  96.540192    0.02516     1.5094     90.561     20.190  51829.989    32.2492     4.9119     20.000     4.9101    25.5047     6.9641     9.9523     96.457    303.280    311.015    0.00654    7.21987   10.31791  314.42000     4.9105   16.16413 2.2405e+01     0.5331     0.3668 0.0000e+00
        368  96.540205    0.02548     1.5284     91.705     21.199  51831.404    32.2495     4.9114     21.000     4.9098    25.5050     6.9875     9.9858     96.781    304.300    312.061    0.00626    7.21994   10.31802  314.42328     4.9099   16.16429 2.0636e+01     0.5433     0.3787 0.0000e+00
        373  96.540219    0.02580     1.5481     92.885     22.208  51832.365    32.2497     4.9113     22.000     4.9097    25.5052     7.0004    10.0042     96.958    304.859    312.635    0.00556    7.21995   10.31803  314.42352     4.9097   16.16430 1.8856e+01     0.5205     0.3723 0.0000e+00
        378  96.540233    0.02616     1.5696     94.177     23.218  51832.922    32.2496     4.9115     23.000     4.9098    25.5050     7.0200    10.0324     97.232    305.718    313.515    0.00517    7.21993   10.31800  314.42252     4.9098   16.16425 1.7252e+01     0.5077     0.3591 0.0000e+00
        383  96.540249    0.02652     1.5910     95.459     24.228  51833.559    32.2496     4.9116     24.000     4.9099    25.5050     7.0356    10.0545     97.447    306.394    314.209    0.00470    7.21991   10.31797  314.42178     4.9099   16.16422 1.5778e+01     0.5051     0.3567 0.0000e+00
        388  96.540263    0.02686     1.6117     96.704     25.238  51834.284    32.2496     4.9116     25.000     4.9098    25.5051     7.0411    10.0625     97.524    306.638    314.459    0.00397    7.21990   10.31796  314.42134     4.9098   16.16420 1.4362e+01     0.4956     0.3563 0.0000e+00
        393  96.540277    0.02720     1.6320     97.920     26.247  51834.940    32.2495     4.9118     26.000     4.9099    25.5050     7.0467    10.0705     97.602    306.880    314.707    0.00337    7.21987   10.31792  314.42006     4.9099   16.16413 1.3098e+01     0.4822     0.3584 0.0000e+00
        398  96.540291    0.02755     1.6531     99.186     27.256  51835.517    32.2494     4.9115     27.000     4.9092    25.5049     7.0607    10.0905     97.795    307.489    315.331    0.00321    7.21993   10.31800  314.42252     4.9096   16.16425 1.1991e+01     0.4753     0.3597 0.0000e+00
        404  96.540308    0.02796     1.6773    100.636     28.266  51837.006    32.2497     4.9104     28.000     4.9082    25.5053     7.0710    10.1052     97.935    307.936    315.791    0.00285    7.22009   10.31824  314.42981     4.9084   16.16460 1.0947e+01     0.4883     0.3894 0.0000e+00
        409  96.540323    0.02831     1.6990    101.941     29.276  51838.341    32.2500     4.9100     29.000     4.9079    25.5056     7.0762    10.1126     98.007    308.163    316.024    0.00243    7.22015   10.31832  314.43216     4.9079   16.16471 9.9468e+00     0.5026     0.3989 0.0000e+00
        414  96.540339    0.02868     1.7209    103.253     30.286  51839.064    32.2500     4.9098     30.000     4.9075    25.5056     7.0864    10.1272     98.147    308.607    316.478    0.00229    7.22019   10.31837  314.43379     4.9077   16.16479 9.1160e+00     0.4944     0.3697 0.0000e+00
        421  96.540358    0.02915     1.7488    104.925     31.295  51840.524    32.2504     4.9096     31.000     4.9074    25.5059     7.0943    10.1384     98.256    308.950    316.831    0.00197    7.22021   10.31840  314.43449     4.9074   16.16482 8.3572e+00     0.4920     0.3720 0.0000e+00
        427  96.540375    0.02956     1.7740    106.439     32.304  51841.325    32.2505     4.9098     32.000     4.9076    25.5060     7.0991    10.1453     98.323    309.160    317.045    0.00165    7.22017   10.31835  314.43292     4.9075   16.16475 7.6162e+00     0.4851     0.3698 0.0000e+00
        432  96.540390    0.02992     1.7953    107.719     33.314  51841.867    32.2504     4.9102     33.000     4.9079    25.5059     7.1018    10.1491     98.361    309.277    317.165    0.00139    7.22010   10.31825  314.43003     4.9078   16.16461 6.9381e+00     0.4845     0.3732 0.0000e+00
        438  96.540407    0.03033     1.8194    109.167     34.324  51842.358    32.2503     4.9103     34.000     4.9078    25.5058     7.1031    10.1510     98.380    309.334    317.224    0.00110    7.22008   10.31822  314.42919     4.9079   16.16457 6.3475e+00     0.4902     0.3677 0.0000e+00
        445  96.540427    0.03080     1.8479    110.876     35.333  51843.072    32.2503     4.9103     35.000     4.9077    25.5059     7.1020    10.1494     98.364    309.285    317.174    0.00073    7.22009   10.31823  314.42937     4.9078   16.16458 5.8141e+00     0.4818     0.3712 0.0000e+00
        450  96.540442    0.03117     1.8701    112.207     36.343  51843.779    32.2502     4.9102     36.000     4.9074    25.5058     7.1004    10.1473     98.342    309.218    317.105    0.00047    7.22012   10.31828  314.43074     4.9076   16.16464 5.2948e+00     0.4749     0.3634 0.0000e+00
        454  96.540454    0.03146     1.8872    113.234     37.352  51844.793    32.2504     4.9100     37.000     4.9074    25.5060     7.1035    10.1516     98.384    309.351    317.242    0.00047    7.22015   10.31831  314.43185     4.9073   16.16469 4.8326e+00     0.4764     0.3557 0.0000e+00
        458  96.540467    0.03177     1.9062    114.373     38.363  51845.707    32.2506     4.9104     38.000     4.9078    25.5061     7.1111    10.1624     98.491    309.682    317.580    0.00065    7.22006   10.31819  314.42805     4.9076   16.16451 4.4458e+00     0.4894     0.3570 0.0000e+00
        465  96.540485    0.03220     1.9323    115.940     39.372  51846.644    32.2508     4.9109     39.000     4.9081    25.5062     7.1189    10.1736     98.600    310.021    317.929    0.00077    7.21996   10.31804  314.42353     4.9081   16.16430 4.0710e+00     0.4976     0.3579 0.0000e+00
        471  96.540503    0.03262     1.9574    117.443     40.381  51847.546    32.2510     4.9110     40.000     4.9082    25.5064     7.1161    10.1695     98.561    309.899    317.803    0.00043    7.21994   10.31800  314.42239     4.9081   16.16424 3.6988e+00     0.4736     0.3617 0.0000e+00
        476  96.540518    0.03300     1.9795    118.769     41.391  51849.239    32.2518     4.9114     41.000     4.9086    25.5069     7.1237    10.1806     98.669    310.233    318.146    0.00062    7.21983   10.31786  314.41793     4.9084   16.16402 3.3745e+00     0.4548     0.3737 0.0000e+00
        481  96.540532    0.03332     1.9992    119.950     42.401  51851.324    32.2528     4.9118     42.000     4.9088    25.5077     7.1271    10.1853     98.717    310.377    318.295    0.00061    7.21971   10.31769  314.41254     4.9088   16.16376 3.0867e+00     0.4661     0.3731 0.0000e+00
        486  96.540546    0.03365     2.0188    121.130     43.410  51852.375    32.2529     4.9117     43.000     4.9080    25.5079     7.1264    10.1843     98.707    310.348    318.264    0.00044    7.21972   10.31771  314.41272     4.9086   16.16377 2.8372e+00     0.4680     0.3725 0.0000e+00
        491  96.540562    0.03405     2.0429    122.572     44.420  51853.812    32.2529     4.9096     44.000     4.9058    25.5081     7.1174    10.1715     98.578    309.958    317.864   -0.00006    7.22009   10.31822  314.42849     4.9064   16.16452 2.6138e+00     0.4700     0.3711 0.0000e+00
        497  96.540578    0.03443     2.0656    123.936     45.430  51855.645    32.2534     4.9081     45.000     4.9045    25.5086     7.1091    10.1596     98.459    309.595    317.492   -0.00043    7.22033   10.31857  314.43891     4.9048   16.16501 2.3818e+00     0.4712     0.3696 0.0000e+00
        501  96.540591    0.03474     2.0843    125.057     46.439  51856.609    32.2534     4.9075     46.000     4.9039    25.5087     7.1110    10.1623     98.484    309.676    317.575   -0.00034    7.22043   10.31871  314.44322     4.9041   16.16522 2.1734e+00     0.4679     0.3840 0.0000e+00
        507  96.540607    0.03512     2.1069    126.411     47.449  51857.558    32.2535     4.9069     47.000     4.9034    25.5088     7.1155    10.1688     98.546    309.876    317.780   -0.00012    7.22053   10.31886  314.44750     4.9036   16.16543 1.9929e+00     0.4594     0.3815 0.0000e+00
        512  96.540623    0.03552     2.1308    127.850     48.458  51859.448    32.2543     4.9071     48.000     4.9041    25.5095     7.1156    10.1690     98.548    309.879    317.784   -0.00012    7.22046   10.31876  314.44444     4.9036   16.16528 1.8156e+00     0.4399     0.3781 0.0000e+00
        517  96.540636    0.03582     2.1495    128.970     49.468  51865.231    32.2582     4.9092     49.000     4.9081    25.5124     7.1141    10.1668     98.535    309.813    317.717   -0.00017    7.21990   10.31796  314.41920     4.9057   16.16406 1.6548e+00     0.4388     0.3766 0.0000e+00
        521  96.540648    0.03610     2.1662    129.971     50.478  51869.745    32.2621     4.9149     50.000     4.9139    25.5148     7.1126    10.1647     98.530    309.746    317.649   -0.00019    7.21872   10.31627  314.36696     4.9113   16.16156 1.5148e+00     0.4331     0.3832 0.0000e+00
        525  96.540660    0.03640     2.1838    131.030     51.488  51868.763    32.2619     4.9193     51.000     4.9166    25.5142     7.1116    10.1633     98.527    309.703    317.605   -0.00020    7.21798   10.31521  314.33492     4.9156   16.16003 1.3908e+00     0.4302     0.3844 0.0000e+00
        530  96.540673    0.03671     2.2024    132.146     52.498  51868.771    32.2618     4.9211     52.000     4.9178    25.5139     7.1056    10.1547     98.448    309.442    317.337   -0.00042    7.21767   10.31478  314.32156     4.9173   16.15940 1.2747e+00     0.4260     0.3958 0.0000e+00
        534  96.540687    0.03704     2.2224    133.343     53.507  51871.601    32.2636     4.9227     53.000     4.9202    25.5152     7.0994    10.1458     98.367    309.173    317.062   -0.00062    7.21731   10.31426  314.30565     4.9188   16.15864 1.1676e+00     0.4187     0.4098 0.0000e+00
