CTD-processing/allCTD/CNV/2014_10-18_t7_s21_cast140_4141.cnv
* Sea-Bird SBE19plus Data File:
* FileName = C:\Users\kris.holderied\Documents\kasitsna\Research-Projects-and-Data\Oceanography-AK\CTD-Data-ALL-to-2014-10\2014-CTD-KachemakBay-CookInlet\2014-10-EVOSTC-CookInlet\2014-10-17-CookInlet-Tran7-Augustine\2014-10-18-CookInlet-Tran7-cast140.hex
* Software Version 1.59
* Temperature SN =  4141
* Conductivity SN =  4141
* System UpLoad Time = Oct 18 2014 20:43:04
** Cook Inlet LTM Tran7 (Augustine) west to east 2ND RUN
** Date: 10-18
** Station: 7-21
** Start time:  18:51
** Depth (m): 70
** Comment:  CTD time is Alaska Daylight time.  R/V Pandalus. Transducer  depth.
** Comment:
# nquan = 27
# nvalues = 71                          
# units = specified
# name 0 = scan: Scan Count
# name 1 = timeJ: Julian Days
# name 2 = timeH: Time, Elapsed [hours]
# name 3 = timeM: Time, Elapsed [minutes]
# name 4 = timeS: Time, Elapsed [seconds]
# name 5 = prdM: Pressure, Strain Gauge [db]
# name 6 = specc: Specific Conductance [uS/cm]
# name 7 = sal00: Salinity, Practical [PSU]
# name 8 = tv290C: Temperature [ITS-90, deg C]
# name 9 = depSM: Depth [salt water, m], lat = 59.00
# name 10 = potemp090C: Potential Temperature [ITS-90, deg C]
# name 11 = sigma-é00: Density [sigma-theta, kg/m^3]
# name 12 = sbeox0ML/L: Oxygen, SBE 43 [ml/l]
# name 13 = sbeox0Mg/L: Oxygen, SBE 43 [mg/l]
# name 14 = sbeox0PS: Oxygen, SBE 43 [% saturation]
# name 15 = sbox0Mm/Kg: Oxygen, SBE 43 [umol/kg]
# name 16 = sbeox0Mm/L: Oxygen, SBE 43 [umol/l]
# name 17 = sbox0dV/dT: Oxygen, SBE 43 [dov/dt]
# name 18 = oxsolML/L: Oxygen Saturation, Garcia & Gordon [ml/l]
# name 19 = oxsolMg/L: Oxygen Saturation, Garcia & Gordon [mg/l]
# name 20 = oxsolMm/Kg: Oxygen Saturation, Garcia & Gordon [umol/kg]
# name 21 = n2satMg/L: Nitrogen Saturation [mg/l]
# name 22 = par: PAR/Irradiance, Biospherical/Licor
# name 23 = wetStar: Fluorescence, WET Labs WETstar [mg/m^3]
# name 24 = CStarAt0: Beam Attenuation, WET Labs C-Star [1/m]
# name 25 = CStarTr0: Beam Transmission, WET Labs C-Star [%]
# name 26 = flag: flag
# span 0 =        135,        728       
# span 1 = 291.786477, 291.788192       
# span 2 =    0.00934,    0.05050       
# span 3 =     0.5603,     3.0297       
# span 4 =     33.618,    181.783       
# span 5 =      1.003,     71.681       
# span 6 =  46387.106,  48717.853       
# span 7 =    29.3176,    30.9077       
# span 8 =     9.8026,    10.6799       
# span 9 =      1.000,     71.000       
# span 10 =     9.8660,    10.6777      
# span 11 =    22.5144,    23.7801      
# span 12 =     5.3552,     5.9986      
# span 13 =     7.6533,     8.5727      
# span 14 =     82.381,     91.658      
# span 15 =    233.610,    262.000      
# span 16 =    239.166,    267.899      
# span 17 =   -0.01116,    0.01215      
# span 18 =    6.41232,    6.57592      
# span 19 =    9.16385,    9.39764      
# span 20 =  279.87671,  287.19816      
# span 21 =   14.52319,   14.87741      
# span 22 = 3.8491e-02, 1.5521e+00      
# span 23 =     0.4790,     3.7285      
# span 24 =    -0.4392,     7.5602      
# span 25 =    46.7658,    93.6008      
# span 26 = 0.0000e+00, 0.0000e+00      
# interval = meters: 1                  
# start_time = Oct 18 2014 18:51:58 [Instrument's time stamp, header]
# bad_flag = -9.990e-29
*END*
[from data line 54]
        624 291.787890    0.04324     2.5947    155.682     55.533  48443.253    30.7251     9.9073     55.000     9.8974    23.6319     5.4648     7.8098     84.030    238.424    244.058   -0.00247    6.50340    9.29401  283.73653   14.70636 3.9369e-02     0.8208     0.2770    93.3103 0.0000e+00
        629 291.787905    0.04362     2.6170    157.019     56.536  48470.977    30.7429     9.8976     56.000     9.8865    23.6475     5.4477     7.7854     83.759    237.675    243.295   -0.00384    6.50403    9.29491  283.75983   14.70741 3.9283e-02     0.8135     0.2768    93.3125 0.0000e+00
        634 291.787921    0.04399     2.6395    158.372     57.543  48518.703    30.7745     9.8846     57.000     9.8755    23.6741     5.4453     7.7819     83.715    237.565    243.189   -0.00289    6.50458    9.29569  283.77622   14.70806 3.9144e-02     0.7337     0.2755    93.3440 0.0000e+00
        641 291.787941    0.04447     2.6681    160.087     58.561  48539.329    30.7879     9.8789     58.000     9.8721    23.6855     5.4430     7.7787     83.677    237.462    243.086   -0.00166    6.50482    9.29605  283.78404   14.70838 3.9093e-02     0.7020     0.2760    93.3313 0.0000e+00
        647 291.787956    0.04485     2.6909    161.451     59.562  48569.705    30.8086     9.8773     59.000     9.8705    23.7019     5.4319     7.7628     83.515    236.973    242.590   -0.00249    6.50418    9.29513  283.75154   14.70674 3.8999e-02     0.7250     0.2734    93.3933 0.0000e+00
        654 291.787977    0.04534     2.7200    163.198     60.580  48604.816    30.8328     9.8765     60.000     9.8699    23.7209     5.4184     7.7435     83.318    236.379    241.986   -0.00288    6.50330    9.29387  283.70768   14.70455 3.8973e-02     0.6781     0.2714    93.4405 0.0000e+00
        659 291.787993    0.04570     2.7424    164.544     61.582  48631.377    30.8510     9.8766     61.000     9.8700    23.7352     5.4030     7.7215     83.092    235.705    241.299   -0.00386    6.50253    9.29276  283.66981   14.70266 3.8918e-02     0.6560     0.2697    93.4799 0.0000e+00
        667 291.788014    0.04622     2.7732    166.391     62.596  48645.957    30.8609     9.8771     62.000     9.8704    23.7429     5.3961     7.7117     82.992    235.403    240.993   -0.00268    6.50204    9.29207  283.64660   14.70151 3.8858e-02     0.7017     0.2693    93.4908 0.0000e+00
        673 291.788032    0.04666     2.7996    167.974     63.604  48649.428    30.8630     9.8771     63.000     9.8702    23.7445     5.3932     7.7073     82.947    235.272    240.858   -0.00203    6.50195    9.29193  283.64197   14.70128 3.8862e-02     0.5814     0.2690    93.4955 0.0000e+00
        679 291.788049    0.04706     2.8238    169.428     64.612  48673.545    30.8794     9.8766     64.000     9.8694    23.7574     5.4034     7.7220     83.113    235.716    241.315    0.00029    6.50134    9.29106  283.61174   14.69977 3.8791e-02     0.5926     0.2677    93.5260 0.0000e+00
        686 291.788069    0.04754     2.8522    171.129     65.624  48676.208    30.8808     9.8764     65.000     9.8694    23.7586     5.3842     7.6945     82.817    234.877    240.458   -0.00244    6.50131    9.29101  283.61007   14.69968 3.8728e-02     0.6013     0.2672    93.5375 0.0000e+00
        694 291.788092    0.04809     2.8857    173.142     66.639  48684.566    30.8863     9.8762     66.000     9.8688    23.7629     5.3710     7.6758     82.618    234.304    239.872   -0.00289    6.50111    9.29073  283.60032   14.69920 3.8728e-02     0.6055     0.2685    93.5079 0.0000e+00
        700 291.788110    0.04852     2.9111    174.662     67.644  48692.821    30.8916     9.8755     67.000     9.8681    23.7672     5.3687     7.6723     82.583    234.199    239.765   -0.00168    6.50098    9.29055  283.59368   14.69885 3.8781e-02     0.5999     0.2659    93.5671 0.0000e+00
        706 291.788126    0.04893     2.9356    176.135     68.647  48697.537    30.8945     9.8754     68.000     9.8677    23.7694     5.3672     7.6703     82.562    234.135    239.701   -0.00129    6.50088    9.29041  283.58864   14.69860 3.8692e-02     0.5765     0.2667    93.5490 0.0000e+00
        714 291.788152    0.04953     2.9718    178.309     69.665  48714.249    30.9057     9.8742     69.000     9.8661    23.7784     5.3657     7.6680     82.541    234.064    239.630   -0.00086    6.50058    9.28998  283.57307   14.69781 3.8695e-02     0.5605     0.2663    93.5592 0.0000e+00
        720 291.788169    0.04995     2.9972    179.835     70.671  48717.853    30.9077     9.8737     70.000     9.8660    23.7801     5.3741     7.6801     82.670    234.430    240.005    0.00067    6.50058    9.28998  283.57232   14.69777 3.8666e-02     0.5676     0.2653    93.5831 0.0000e+00
        728 291.788192    0.05050     3.0297    181.783     71.681  48716.639    30.9065     9.8740     71.000     9.8664    23.7790     5.3552     7.6533     82.381    233.610    239.166   -0.00285    6.50058    9.28998  283.57263   14.69779 3.8491e-02     0.4790     0.2654    93.5801 0.0000e+00
