CTD-processing/allCTD/CNV/2014_08-14_alongbay_skb08_cast050_4141.cnv
* Sea-Bird SBE19plus Data File:
* FileName = C:\Users\kris.holderied\Documents\kasitsna\Research-Projects-and-Data\Oceanography-AK\CTD-Data-ALL-to-2014-06\2014-CTD-KachemakBay-CookInlet\2014-08-14-KachemakBay-AlongBayLine\2014-08-14-KachemakBay-AlongBay-cast050.hex
* Software Version 1.59
* Temperature SN =  4141
* Conductivity SN =  4141
* System UpLoad Time = Oct 13 2014 01:28:49
** Kachemak Bay Along-bay Line West to East
** Date: 08-14
** Station: KB08
** Start time: 13:05
** Depth (m): 47.2
** Comment:  CTD time is Alaska Daylight time.  R/V Barnacle. Transducer  depth.
** Comment:
# nquan = 27
# nvalues = 77                          
# units = specified
# name 0 = scan: Scan Count
# name 1 = timeJ: Julian Days
# name 2 = timeH: Time, Elapsed [hours]
# name 3 = timeM: Time, Elapsed [minutes]
# name 4 = timeS: Time, Elapsed [seconds]
# name 5 = prdM: Pressure, Strain Gauge [db]
# name 6 = specc: Specific Conductance [uS/cm]
# name 7 = sal00: Salinity, Practical [PSU]
# name 8 = tv290C: Temperature [ITS-90, deg C]
# name 9 = depSM: Depth [salt water, m], lat = 59.00
# name 10 = potemp090C: Potential Temperature [ITS-90, deg C]
# name 11 = sigma-é00: Density [sigma-theta, kg/m^3]
# name 12 = sbeox0ML/L: Oxygen, SBE 43 [ml/l]
# name 13 = sbeox0Mg/L: Oxygen, SBE 43 [mg/l]
# name 14 = sbeox0PS: Oxygen, SBE 43 [% saturation]
# name 15 = sbox0Mm/Kg: Oxygen, SBE 43 [umol/kg]
# name 16 = sbeox0Mm/L: Oxygen, SBE 43 [umol/l]
# name 17 = sbox0dV/dT: Oxygen, SBE 43 [dov/dt]
# name 18 = oxsolML/L: Oxygen Saturation, Garcia & Gordon [ml/l]
# name 19 = oxsolMg/L: Oxygen Saturation, Garcia & Gordon [mg/l]
# name 20 = oxsolMm/Kg: Oxygen Saturation, Garcia & Gordon [umol/kg]
# name 21 = n2satMg/L: Nitrogen Saturation [mg/l]
# name 22 = par: PAR/Irradiance, Biospherical/Licor
# name 23 = wetStar: Fluorescence, WET Labs WETstar [mg/m^3]
# name 24 = CStarAt0: Beam Attenuation, WET Labs C-Star [1/m]
# name 25 = CStarTr0: Beam Transmission, WET Labs C-Star [%]
# name 26 = flag: flag
# span 0 =        331,        539       
# span 1 = 226.547170, 226.547771       
# span 2 =    0.02293,    0.03735       
# span 3 =     1.3756,     2.2408       
# span 4 =     82.539,    134.447       
# span 5 =      1.025,     77.701       
# span 6 =  37756.087,  49233.983       
# span 7 =    23.4273,    31.3099       
# span 8 =    10.1935,    11.5925       
# span 9 =      1.000,     77.000       
# span 10 =    10.1833,    11.5861      
# span 11 =    17.8220,    24.0407      
# span 12 =     5.6621,     6.6887      
# span 13 =     8.0917,     9.5589      
# span 14 =     87.886,    102.796      
# span 15 =    246.950,    293.492      
# span 16 =    252.869,    298.721      
# span 17 =   -0.03376,    0.02183      
# span 18 =    6.30893,    6.68938      
# span 19 =    9.01609,    9.55980      
# span 20 =  275.34405,  293.51778      
# span 21 =   14.30514,   15.20439      
# span 22 = 4.8826e-02, 8.7623e+01      
# span 23 =     0.6711,     2.7705      
# span 24 =     0.5062,     4.0943      
# span 25 =    35.9291,    88.1143      
# span 26 = 0.0000e+00, 0.0000e+00      
# interval = meters: 1                  
# start_time = Aug 14 2014 13:06:33 [Instrument's time stamp, header]
# bad_flag = -9.990e-29
*END*
[from data line 54]
        478 226.547595    0.03311     1.9864    119.183     55.526  49084.699    31.2417    10.4293     55.000    10.3977    23.9488     5.8453     8.3535     91.212    254.945    261.051    0.00005    6.40851    9.15839  279.50981   14.50204 4.9255e-02     0.7208     1.1683    74.6811 0.0000e+00
        480 226.547602    0.03329     1.9975    119.853     56.537  49114.070    31.2580    10.3967     56.000    10.3766    23.9671     5.8280     8.3289     90.888    254.190    260.282   -0.00331    6.41237    9.16391  279.67336   14.50980 4.9399e-02     0.7101     1.2542    73.0860 0.0000e+00
        483 226.547610    0.03348     2.0087    120.523     57.546  49123.439    31.2620    10.3788     57.000    10.3557    23.9732     5.8079     8.3001     90.542    253.310    259.383   -0.00641    6.41469    9.16723  279.77298   14.51455 4.9513e-02     0.6826     1.3188    71.9140 0.0000e+00
        486 226.547618    0.03366     2.0199    121.193     58.556  49123.893    31.2587    10.3529     58.000    10.3178    23.9750     5.7922     8.2777     90.244    252.626    258.683   -0.00798    6.41845    9.17260  279.93645   14.52239 4.9018e-02     0.6711     1.4145    70.2215 0.0000e+00
        488 226.547625    0.03385     2.0310    121.857     59.562  49145.698    31.2690    10.3146     59.000    10.2840    23.9894     5.7804     8.2607     89.989    252.102    258.150   -0.00890    6.42337    9.17964  280.14700   14.53242 4.8826e-02     0.6833     1.6261    66.6022 0.0000e+00
        491 226.547633    0.03404     2.0423    122.537     60.576  49173.190    31.2844    10.2845     60.000    10.2660    24.0064     5.7659     8.2401     89.715    251.470    257.506   -0.00956    6.42696    9.18476  280.29872   14.53962 4.9070e-02     0.7099     1.8174    63.4866 0.0000e+00
        494 226.547642    0.03423     2.0535    123.209     61.584  49187.144    31.2921    10.2710     61.000    10.2571    24.0147     5.7497     8.2170     89.441    250.762    256.784   -0.01006    6.42852    9.18701  280.36499   14.54276 4.9360e-02     0.7131     1.9031    62.1423 0.0000e+00
        497 226.547649    0.03441     2.0649    123.890     62.595  49191.132    31.2933    10.2613     62.000    10.2470    24.0172     5.7334     8.1937     89.170    250.050    256.055   -0.01053    6.42983    9.18887  280.42129   14.54545 4.9042e-02     0.7001     1.9614    61.2431 0.0000e+00
        499 226.547657    0.03460     2.0761    124.564     63.603  49169.028    31.2760    10.2505     63.000    10.2280    24.0054     5.7244     8.1807     88.997    249.656    255.649   -0.01013    6.43205    9.19205  280.52141   14.55032 4.9639e-02     0.7529     2.0655    59.6681 0.0000e+00
        502 226.547665    0.03479     2.0875    125.252     64.614  49206.910    31.2997    10.2296     64.000    10.2155    24.0275     5.7201     8.1745     88.904    249.463    255.457   -0.00869    6.43400    9.19483  280.60049   14.55400 4.8907e-02     0.7412     2.1992    57.7117 0.0000e+00
        505 226.547673    0.03498     2.0990    125.940     65.623  49216.246    31.3049    10.2227     65.000    10.2140    24.0328     5.7127     8.1640     88.779    249.141    255.129   -0.00778    6.43476    9.19591  280.63180   14.55548 4.9318e-02     0.7628     2.2844    56.4914 0.0000e+00
        508 226.547681    0.03518     2.1105    126.632     66.634  49217.471    31.3052    10.2211     66.000    10.2126    24.0333     5.6998     8.1455     88.574    248.576    254.551   -0.00784    6.43497    9.19622  280.64100   14.55592 4.9196e-02     0.7911     2.3064    56.1814 0.0000e+00
        510 226.547689    0.03537     2.1221    127.325     67.644  49218.403    31.3053    10.2198     67.000    10.2112    24.0336     5.6909     8.1329     88.435    248.191    254.157   -0.00774    6.43515    9.19646  280.64853   14.55628 4.9261e-02     0.7130     2.3195    55.9975 0.0000e+00
        513 226.547697    0.03556     2.1337    128.023     68.653  49221.781    31.3071    10.2187     68.000    10.2117    24.0351     5.6750     8.1101     88.187    247.496    253.445   -0.00802    6.43523    9.19660  280.65205   14.55645 4.9897e-02     0.7587     2.3410    55.6969 0.0000e+00
        516 226.547705    0.03575     2.1454    128.726     69.663  49219.737    31.3054    10.2201     69.000    10.2131    24.0336     5.6809     8.1185     88.279    247.753    253.707   -0.00609    6.43510    9.19640  280.64670   14.55619 4.9309e-02     0.7834     2.3278    55.8820 0.0000e+00
        519 226.547713    0.03595     2.1571    129.428     70.672  49220.290    31.3054    10.2206     70.000    10.2125    24.0336     5.6833     8.1219     88.317    247.857    253.813   -0.00382    6.43503    9.19631  280.64375   14.55605 4.9605e-02     0.7367     2.3192    56.0004 0.0000e+00
        522 226.547722    0.03615     2.1689    130.136     71.683  49221.781    31.3061    10.2206     71.000    10.2123    24.0340     5.6797     8.1169     88.264    247.706    253.658   -0.00311    6.43500    9.19626  280.64222   14.55597 4.9557e-02     0.7192     2.3146    56.0660 0.0000e+00
        524 226.547730    0.03634     2.1806    130.838     72.691  49216.786    31.3020    10.2191     72.000    10.2057    24.0311     5.6768     8.1127     88.213    247.577    253.526   -0.00349    6.43539    9.19682  280.65999   14.55684 4.9647e-02     0.7753     2.3481    55.5991 0.0000e+00
        527 226.547738    0.03654     2.1925    131.550     73.703  49222.320    31.3046    10.2122     73.000    10.2006    24.0343     5.6847     8.1241     88.324    247.922    253.880   -0.00174    6.43625    9.19804  280.69657   14.55858 4.9637e-02     0.7474     2.3709    55.2827 0.0000e+00
        530 226.547746    0.03674     2.2042    132.252     74.712  49225.370    31.3057    10.2077     74.000    10.1969    24.0360     5.6847     8.1240     88.316    247.920    253.879   -0.00096    6.43682    9.19885  280.72094   14.55975 4.9615e-02     0.7851     2.4259    54.5278 0.0000e+00
        533 226.547754    0.03693     2.2158    132.950     75.723  49228.765    31.3073    10.2042     75.000    10.1921    24.0378     5.6749     8.1100     88.157    247.492    253.442   -0.00228    6.43726    9.19949  280.73958   14.56064 4.9369e-02     0.7531     2.4601    54.0635 0.0000e+00
        536 226.547762    0.03712     2.2274    133.643     76.732  49233.983    31.3099    10.1993     76.000    10.1870    24.0407     5.6646     8.0952     87.989    247.040    252.979   -0.00374    6.43785    9.20033  280.76443   14.56181 4.9677e-02     0.7840     2.5120    53.3666 0.0000e+00
        539 226.547771    0.03735     2.2408    134.447     77.701  49102.265    31.2159    10.1935     77.000    10.1833    23.9684     5.6621     8.0917     87.886    246.950    252.869   -0.00398    6.44253    9.20702  280.98867   14.57292 4.8984e-02     0.7976     2.5713    52.5808 0.0000e+00
