CTD-processing/allCTD/CNV/2014_02-17_t7_s20_cast216_5028.cnv
* Sea-Bird SBE19plus Data File:
* FileName = C:\Users\kris.holderied\Documents\kasitsna\Research-Projects-and-Data\Oceanography-AK\CTD-CookInlet-GulfWatchAK\2014-02-EVOSTC-CookInlet-LTM-BATCH-UPLOAD\2014-02-CookInlet-Seasonal-cast216.hex
* Software Version 1.59
* Temperature SN =  5028
* Conductivity SN =  5028
* System UpLoad Time = Apr 09 2014 20:41:15
** Cook Inlet LTM 2014 February Seasonal - Batch upload
** Date: 2014-02-17
** Station: 7-20
** Start time: 11:34
** Depth (m): 81
** CoComment:
** Comment:
# nquan = 27
# nvalues = 80                          
# units = specified
# name 0 = scan: Scan Count
# name 1 = timeJ: Julian Days
# name 2 = timeH: Time, Elapsed [hours]
# name 3 = timeM: Time, Elapsed [minutes]
# name 4 = timeS: Time, Elapsed [seconds]
# name 5 = prdM: Pressure, Strain Gauge [db]
# name 6 = specc: Specific Conductance [uS/cm]
# name 7 = sal00: Salinity, Practical [PSU]
# name 8 = tv290C: Temperature [ITS-90, deg C]
# name 9 = depSM: Depth [salt water, m], lat = 59.00
# name 10 = potemp090C: Potential Temperature [ITS-90, deg C]
# name 11 = sigma-é00: Density [sigma-theta, kg/m^3]
# name 12 = sbeox0ML/L: Oxygen, SBE 43 [ml/l]
# name 13 = sbeox0Mg/L: Oxygen, SBE 43 [mg/l]
# name 14 = sbeox0PS: Oxygen, SBE 43 [% saturation]
# name 15 = sbox0Mm/Kg: Oxygen, SBE 43 [umol/kg]
# name 16 = sbeox0Mm/L: Oxygen, SBE 43 [umol/l]
# name 17 = sbox0dV/dT: Oxygen, SBE 43 [dov/dt]
# name 18 = oxsolML/L: Oxygen Saturation, Garcia & Gordon [ml/l]
# name 19 = oxsolMg/L: Oxygen Saturation, Garcia & Gordon [mg/l]
# name 20 = oxsolMm/Kg: Oxygen Saturation, Garcia & Gordon [umol/kg]
# name 21 = potemp090C: Potential Temperature [ITS-90, deg C]
# name 22 = n2satMg/L: Nitrogen Saturation [mg/l]
# name 23 = par: PAR/Irradiance, Biospherical/Licor
# name 24 = flECO-AFL: Fluorescence, WET Labs ECO-AFL/FL [mg/m^3]
# name 25 = turbWETntu0: Turbidity, WET Labs ECO [NTU]
# name 26 = flag: flag
# span 0 =        102,        601       
# span 1 =  48.482029,  48.483471       
# span 2 =    0.00703,    0.04164       
# span 3 =     0.4217,     2.4979       
# span 4 =     25.305,    149.877       
# span 5 =      1.009,     80.771       
# span 6 =  50715.081,  51373.401       
# span 7 =    31.4296,    31.9216       
# span 8 =     4.6275,     4.9207       
# span 9 =      1.000,     80.000       
# span 10 =     4.5224,     4.9152      
# span 11 =    24.8848,    25.2445      
# span 12 =     5.9852,     7.5428      
# span 13 =     8.5534,    10.7795      
# span 14 =     82.243,    104.247      
# span 15 =    260.756,    328.572      
# span 16 =    267.298,    336.863      
# span 17 =   -0.00361,    0.02964      
# span 18 =    7.23485,    7.30948      
# span 19 =   10.33932,   10.44597      
# span 20 =  315.15246,  318.51486      
# span 21 =     4.6274,     4.9166      
# span 22 =   16.20033,   16.36234      
# span 23 = 3.8343e-02, 2.7991e+01      
# span 24 =     0.2476,     0.2945      
# span 25 =     0.5394,     0.6754      
# span 26 = 0.0000e+00, 0.0000e+00      
# interval = meters: 1                  
# start_time = Feb 17 2014 11:33:42 [Instrument's time stamp, header]
# bad_flag = -9.990e-29
*END*
        102  48.482029    0.00703     0.4217     25.305      1.009  50715.081    31.4296     4.6275      1.000     4.5224    24.8848     6.1051     8.7248     83.524    266.033    272.654   -0.00361    7.30948   10.44597  318.51486     4.6274   16.36234 2.7991e+01     0.2554     0.5394 0.0000e+00
        185  48.482269    0.01280     0.7682     46.090      2.019  51080.617    31.7032     4.7326      2.000     4.7326    25.0908     5.9852     8.5534     82.243    260.756    267.298    0.00079    7.27769   10.40055  317.06623     4.7324   16.29230 2.5258e+01     0.2728     0.5666 0.0000e+00
        295  48.482586    0.02040     1.2240     73.439      3.028  51339.767    31.9216     4.9168      3.000     4.9152    25.2445     6.7946     9.7101     93.908    295.975    303.446    0.02964    7.23485   10.33932  315.15246     4.9166   16.20033 1.7556e+01     0.2848     0.5743 0.0000e+00
        287  48.482565    0.01989     1.1936     71.616      4.038  51317.295    31.9016     4.8987      4.000     4.8984    25.2305     6.7329     9.6219     93.009    293.291    300.690    0.02395    7.23900   10.34525  315.33746     4.8984   16.20921 1.5346e+01     0.2823     0.5751 0.0000e+00
        291  48.482574    0.02012     1.2070     72.422      5.048  51319.048    31.9025     4.8990      5.000     4.8992    25.2311     6.7688     9.6733     93.505    294.854    302.293    0.02212    7.23891   10.34511  315.33311     4.8986   16.20900 1.3395e+01     0.2770     0.5775 0.0000e+00
        294  48.482583    0.02033     1.2197     73.179      6.057  51319.915    31.9027     4.9000      6.000     4.9004    25.2313     6.8307     9.7618     94.363    297.552    305.059    0.02178    7.23871   10.34484  315.32478     4.8995   16.20861 1.1487e+01     0.2690     0.6064 0.0000e+00
        297  48.482592    0.02053     1.2317     73.902      7.066  51319.775    31.9024     4.9013      7.000     4.9013    25.2309     6.9149     9.8821     95.530    301.220    308.820    0.02257    7.23850   10.34455  315.31587     4.9008   16.20818 1.0091e+01     0.2739     0.6754 0.0000e+00
        300  48.482600    0.02074     1.2448     74.686      8.076  51319.640    31.9020     4.9020      8.000     4.9014    25.2305     7.0049    10.0106     96.774    305.138    312.837    0.02341    7.23839   10.34439  315.31126     4.9014   16.20796 9.2155e+00     0.2816     0.6350 0.0000e+00
        303  48.482611    0.02098     1.2592     75.550      9.085  51320.501    31.9021     4.9019      9.000     4.9012    25.2306     7.0653    10.0970     97.609    307.771    315.536    0.02265    7.23840   10.34439  315.31137     4.9013   16.20797 8.6658e+00     0.2836     0.5633 0.0000e+00
        306  48.482620    0.02121     1.2726     76.353     10.095  51322.209    31.9027     4.9018     10.000     4.9012    25.2311     7.1015    10.1487     98.108    309.347    317.151    0.02102    7.23840   10.34439  315.31102     4.9011   16.20795 8.0680e+00     0.2782     0.5574 0.0000e+00
        309  48.482627    0.02139     1.2834     77.006     11.104  51324.488    31.9039     4.9023     11.000     4.9024    25.2320     7.1540    10.2237     98.835    311.632    319.494    0.02079    7.23826   10.34420  315.30484     4.9015   16.20765 7.4187e+00     0.2776     0.5676 0.0000e+00
        311  48.482634    0.02156     1.2937     77.625     12.114  51325.647    31.9044     4.9035     12.000     4.9036    25.2323     7.2167    10.3134     99.706    314.366    322.298    0.02121    7.23802   10.34385  315.29438     4.9027   16.20715 6.8408e+00     0.2773     0.5849 0.0000e+00
        314  48.482643    0.02176     1.3051     78.309     13.123  51324.684    31.9035     4.9048     13.000     4.9040    25.2315     7.2794    10.4030    100.574    317.098    325.098    0.02145    7.23785   10.34361  315.28708     4.9038   16.20680 6.3424e+00     0.2752     0.5991 0.0000e+00
        318  48.482652    0.02198     1.3191     79.147     14.132  51325.241    31.9035     4.9050     14.000     4.9042    25.2314     7.3177    10.4578    101.104    318.767    326.809    0.02016    7.23781   10.34355  315.28534     4.9040   16.20672 5.9243e+00     0.2728     0.5893 0.0000e+00
        321  48.482662    0.02221     1.3329     79.972     15.142  51326.807    31.9042     4.9055     15.000     4.9048    25.2319     7.3258    10.4693    101.217    319.119    327.171    0.01774    7.23769   10.34339  315.28012     4.9044   16.20648 5.4470e+00     0.2826     0.5739 0.0000e+00
        324  48.482670    0.02240     1.3442     80.654     16.151  51326.944    31.9039     4.9061     16.000     4.9049    25.2316     7.3370    10.4853    101.373    319.606    327.670    0.01605    7.23761   10.34326  315.27657     4.9049   16.20631 4.9107e+00     0.2873     0.5716 0.0000e+00
        326  48.482677    0.02258     1.3547     81.280     17.160  51327.502    31.9038     4.9061     17.000     4.9048    25.2316     7.3617    10.5206    101.714    320.681    328.773    0.01533    7.23761   10.34327  315.27677     4.9048   16.20632 4.4624e+00     0.2856     0.5709 0.0000e+00
        329  48.482685    0.02279     1.3670     82.019     18.171  51328.650    31.9041     4.9061     18.000     4.9051    25.2318     7.3948    10.5678    102.171    322.122    330.250    0.01480    7.23758   10.34323  315.27540     4.9049   16.20625 4.1123e+00     0.2792     0.5604 0.0000e+00
        333  48.482697    0.02307     1.3838     83.029     19.180  51329.568    31.9043     4.9066     19.000     4.9054    25.2319     7.4114    10.5916    102.403    322.846    330.993    0.01311    7.23749   10.34309  315.27129     4.9053   16.20605 3.7753e+00     0.2683     0.5686 0.0000e+00
        337  48.482707    0.02330     1.3983     83.897     20.190  51330.680    31.9047     4.9069     20.000     4.9055    25.2322     7.4045    10.5817    102.308    322.545    330.683    0.01093    7.23741   10.34299  315.26801     4.9055   16.20590 3.3876e+00     0.2621     0.5652 0.0000e+00
        339  48.482715    0.02349     1.4095     84.571     21.199  51331.306    31.9046     4.9070     21.000     4.9052    25.2321     7.4046    10.5819    102.310    322.551    330.690    0.00961    7.23740   10.34298  315.26760     4.9055   16.20588 3.0282e+00     0.2625     0.5649 0.0000e+00
        342  48.482723    0.02368     1.4206     85.236     22.208  51332.161    31.9047     4.9067     22.000     4.9047    25.2322     7.4196    10.6034    102.517    323.204    331.359    0.00906    7.23745   10.34305  315.26980     4.9051   16.20598 2.7387e+00     0.2685     0.5868 0.0000e+00
        345  48.482733    0.02392     1.4354     86.123     23.218  51332.997    31.9045     4.9057     23.000     4.9032    25.2322     7.4458    10.6408    102.876    324.344    332.528    0.00880    7.23764   10.34331  315.27785     4.9040   16.20636 2.4890e+00     0.2672     0.6272 0.0000e+00
        350  48.482745    0.02422     1.4529     87.176     24.228  51335.371    31.9053     4.9045     24.000     4.9029    25.2330     7.4476    10.6433    102.898    324.421    332.607    0.00740    7.23782   10.34356  315.28519     4.9027   16.20671 2.2452e+00     0.2707     0.6411 0.0000e+00
        353  48.482755    0.02445     1.4673     88.040     25.237  51336.680    31.9059     4.9051     25.000     4.9043    25.2334     7.4343    10.6243    102.717    323.844    332.016    0.00574    7.23767   10.34335  315.27869     4.9034   16.20640 2.0184e+00     0.2757     0.6216 0.0000e+00
        356  48.482764    0.02467     1.4805     88.830     26.247  51335.969    31.9052     4.9065     26.000     4.9049    25.2327     7.4380    10.6296    102.770    324.004    332.180    0.00505    7.23746   10.34306  315.26997     4.9046   16.20599 1.8223e+00     0.2826     0.6097 0.0000e+00
        360  48.482774    0.02491     1.4948     89.686     27.256  51336.730    31.9054     4.9071     27.000     4.9056    25.2328     7.4528    10.6508    102.977    324.650    332.841    0.00493    7.23735   10.34289  315.26499     4.9052   16.20575 1.6535e+00     0.2821     0.5980 0.0000e+00
        363  48.482785    0.02516     1.5096     90.574     28.266  51336.654    31.9050     4.9079     28.000     4.9060    25.2324     7.4619    10.6638    103.105    325.047    333.248    0.00456    7.23722   10.34271  315.25962     4.9059   16.20550 1.4997e+00     0.2681     0.5795 0.0000e+00
        367  48.482793    0.02539     1.5230     91.377     29.275  51336.558    31.9044     4.9080     29.000     4.9056    25.2320     7.4660    10.6697    103.162    325.226    333.432    0.00409    7.23724   10.34273  315.26042     4.9059   16.20554 1.3545e+00     0.2779     0.5935 0.0000e+00
        369  48.482802    0.02558     1.5348     92.088     30.285  51337.676    31.9046     4.9077     30.000     4.9054    25.2322     7.4680    10.6726    103.189    325.315    333.524    0.00366    7.23728   10.34280  315.26232     4.9056   16.20563 1.2207e+00     0.2740     0.5869 0.0000e+00
        372  48.482811    0.02577     1.5467     92.801     31.295  51338.067    31.9043     4.9075     31.000     4.9047    25.2320     7.4711    10.6770    103.230    325.448    333.660    0.00329    7.23734   10.34288  315.26470     4.9052   16.20574 1.1019e+00     0.2818     0.5763 0.0000e+00
        376  48.482820    0.02601     1.5607     93.644     32.304  51338.690    31.9040     4.9065     32.000     4.9036    25.2318     7.4780    10.6868    103.322    325.746    333.966    0.00306    7.23753   10.34315  315.27292     4.9042   16.20613 9.9652e-01     0.2888     0.5788 0.0000e+00
        380  48.482834    0.02635     1.5807     94.842     33.314  51340.085    31.9043     4.9056     33.000     4.9032    25.2322     7.4877    10.7007    103.455    326.172    334.402    0.00283    7.23767   10.34336  315.27919     4.9032   16.20643 9.0066e-01     0.2779     0.6042 0.0000e+00
        385  48.482848    0.02668     1.6008     96.047     34.324  51342.735    31.9058     4.9063     34.000     4.9048    25.2333     7.4878    10.7008    103.458    326.174    334.404    0.00228    7.23747   10.34307  315.27026     4.9038   16.20600 8.0408e-01     0.2836     0.6163 0.0000e+00
        388  48.482857    0.02691     1.6143     96.860     35.333  51343.039    31.9059     4.9079     35.000     4.9059    25.2332     7.4845    10.6960    103.416    326.029    334.256    0.00178    7.23720   10.34266  315.25800     4.9054   16.20542 7.1562e-01     0.2792     0.6208 0.0000e+00
        391  48.482865    0.02708     1.6250     97.499     36.343  51342.729    31.9053     4.9085     36.000     4.9058    25.2326     7.4870    10.6996    103.452    326.137    334.367    0.00165    7.23711   10.34255  315.25469     4.9060   16.20526 6.4151e-01     0.2708     0.6139 0.0000e+00
        394  48.482872    0.02726     1.6356     98.136     37.353  51343.192    31.9050     4.9084     37.000     4.9052    25.2324     7.4902    10.7042    103.496    326.278    334.511    0.00156    7.23715   10.34260  315.25603     4.9057   16.20533 5.7815e-01     0.2614     0.5868 0.0000e+00
        397  48.482882    0.02749     1.6495     98.973     38.362  51344.732    31.9054     4.9077     38.000     4.9046    25.2329     7.4940    10.7097    103.548    326.445    334.682    0.00146    7.23724   10.34275  315.26042     4.9050   16.20554 5.2545e-01     0.2599     0.5800 0.0000e+00
        402  48.482896    0.02785     1.6707    100.243     39.372  51346.362    31.9059     4.9067     39.000     4.9035    25.2333     7.5027    10.7221    103.666    326.823    335.070    0.00147    7.23739   10.34295  315.26653     4.9039   16.20582 4.7724e-01     0.2603     0.6003 0.0000e+00
        407  48.482910    0.02817     1.6899    101.395     40.381  51348.081    31.9063     4.9057     40.000     4.9025    25.2338     7.5013    10.7201    103.644    326.762    335.007    0.00113    7.23755   10.34318  315.27326     4.9028   16.20614 4.2882e-01     0.2592     0.6461 0.0000e+00
        410  48.482920    0.02840     1.7040    102.243     41.391  51349.554    31.9068     4.9053     41.000     4.9025    25.2342     7.4952    10.7113    103.558    326.494    334.732    0.00064    7.23759   10.34324  315.27503     4.9024   16.20622 3.8625e-01     0.2570     0.6654 0.0000e+00
        413  48.482928    0.02861     1.7169    103.015     42.401  51350.225    31.9068     4.9057     42.000     4.9029    25.2342     7.4988    10.7165    103.610    326.654    334.896    0.00066    7.23753   10.34316  315.27262     4.9026   16.20611 3.4876e-01     0.2581     0.6365 0.0000e+00
        416  48.482937    0.02883     1.7297    103.784     43.410  51350.478    31.9066     4.9061     43.000     4.9031    25.2340     7.5054    10.7260    103.702    326.941    335.191    0.00082    7.23747   10.34306  315.26981     4.9030   16.20597 3.1525e-01     0.2633     0.5891 0.0000e+00
        420  48.482948    0.02908     1.7445    104.670     44.420  51350.771    31.9062     4.9061     44.000     4.9026    25.2337     7.5080    10.7295    103.736    327.051    335.303    0.00078    7.23749   10.34309  315.27068     4.9029   16.20602 2.8547e-01     0.2698     0.5985 0.0000e+00
        425  48.482962    0.02943     1.7656    105.936     45.429  51352.211    31.9066     4.9054     45.000     4.9022    25.2341     7.5043    10.7244    103.686    326.895    335.144    0.00044    7.23758   10.34323  315.27476     4.9022   16.20621 2.5845e-01     0.2735     0.5845 0.0000e+00
        431  48.482980    0.02986     1.7914    107.483     46.439  51352.773    31.9066     4.9058     46.000     4.9024    25.2340     7.5064    10.7274    103.715    326.985    335.236    0.00036    7.23751   10.34314  315.27192     4.9025   16.20608 2.3303e-01     0.2821     0.5826 0.0000e+00
        435  48.482993    0.03016     1.8096    108.577     47.449  51353.777    31.9067     4.9055     47.000     4.9023    25.2342     7.5166    10.7419    103.855    327.427    335.689    0.00067    7.23756   10.34319  315.27365     4.9022   16.20615 2.0971e-01     0.2854     0.6017 0.0000e+00
        438  48.483001    0.03037     1.8219    109.315     48.458  51354.954    31.9071     4.9059     48.000     4.9030    25.2345     7.5199    10.7466    103.902    327.571    335.838    0.00070    7.23747   10.34307  315.26986     4.9025   16.20597 1.8978e-01     0.2822     0.5959 0.0000e+00
        441  48.483009    0.03056     1.8336    110.019     49.469  51354.957    31.9068     4.9067     49.000     4.9036    25.2341     7.5197    10.7464    103.901    327.562    335.828    0.00058    7.23735   10.34290  315.26457     4.9032   16.20573 1.7328e-01     0.2728     0.5821 0.0000e+00
        445  48.483022    0.03084     1.8508    111.049     50.478  51355.046    31.9065     4.9074     50.000     4.9041    25.2338     7.5221    10.7498    103.936    327.668    335.936    0.00054    7.23723   10.34273  315.25947     4.9039   16.20549 1.5979e-01     0.2690     0.5697 0.0000e+00
        452  48.483041    0.03132     1.8792    112.751     51.488  51355.531    31.9064     4.9077     51.000     4.9037    25.2337     7.5159    10.7410    103.851    327.398    335.660    0.00014    7.23719   10.34268  315.25796     4.9040   16.20541 1.4684e-01     0.2945     0.5598 0.0000e+00
        456  48.483054    0.03163     1.8976    113.857     52.498  51357.180    31.9069     4.9071     52.000     4.9033    25.2342     7.5078    10.7293    103.737    327.041    335.294   -0.00025    7.23728   10.34280  315.26157     4.9033   16.20558 1.3360e-01     0.2801     0.5779 0.0000e+00
        460  48.483063    0.03186     1.9116    114.694     53.507  51357.785    31.9068     4.9072     53.000     4.9031    25.2341     7.5053    10.7259    103.704    326.938    335.188   -0.00038    7.23727   10.34278  315.26099     4.9034   16.20556 1.2231e-01     0.2655     0.5791 0.0000e+00
