CTD-processing/allCTD/CNV/2014_06-18_t9_s07_cast152_4141.cnv
* Sea-Bird SBE19plus Data File:
* FileName = C:\Users\kris.holderied\Documents\kasitsna\Research-Projects-and-Data\Oceanography-AK\CTD-Data-ALL-to-2014-03\2014-CTD-KachemakBay-CookInlet\2014-06-18-CookInlet-HomerSpit-monthly\2014-06-18-CookInlet-T9-HomerSpit-cast152.hex
* Software Version 1.59
* Temperature SN =  4141
* Conductivity SN =  4141
* System UpLoad Time = Jul 20 2014 20:03:00
** Cook Inlet LTM Transect 9  (Homer Spit) South to North
** Date: 2014-06-18
** Station: 9-07
** Start time: 18:23
** Depth (m): 102.1
** Comment:  CTD time is Alaska Daylight time
** Comment:
# nquan = 27
# nvalues = 97                          
# units = specified
# name 0 = scan: Scan Count
# name 1 = timeJ: Julian Days
# name 2 = timeH: Time, Elapsed [hours]
# name 3 = timeM: Time, Elapsed [minutes]
# name 4 = timeS: Time, Elapsed [seconds]
# name 5 = prdM: Pressure, Strain Gauge [db]
# name 6 = specc: Specific Conductance [uS/cm]
# name 7 = sal00: Salinity, Practical [PSU]
# name 8 = tv290C: Temperature [ITS-90, deg C]
# name 9 = depSM: Depth [salt water, m], lat = 59.00
# name 10 = potemp090C: Potential Temperature [ITS-90, deg C]
# name 11 = sigma-é00: Density [sigma-theta, kg/m^3]
# name 12 = sbeox0ML/L: Oxygen, SBE 43 [ml/l]
# name 13 = sbeox0Mg/L: Oxygen, SBE 43 [mg/l]
# name 14 = sbeox0PS: Oxygen, SBE 43 [% saturation]
# name 15 = sbox0Mm/Kg: Oxygen, SBE 43 [umol/kg]
# name 16 = sbeox0Mm/L: Oxygen, SBE 43 [umol/l]
# name 17 = sbox0dV/dT: Oxygen, SBE 43 [dov/dt]
# name 18 = oxsolML/L: Oxygen Saturation, Garcia & Gordon [ml/l]
# name 19 = oxsolMg/L: Oxygen Saturation, Garcia & Gordon [mg/l]
# name 20 = oxsolMm/Kg: Oxygen Saturation, Garcia & Gordon [umol/kg]
# name 21 = n2satMg/L: Nitrogen Saturation [mg/l]
# name 22 = par: PAR/Irradiance, Biospherical/Licor
# name 23 = wetStar: Fluorescence, WET Labs WETstar [mg/m^3]
# name 24 = CStarAt0: Beam Attenuation, WET Labs C-Star [1/m]
# name 25 = CStarTr0: Beam Transmission, WET Labs C-Star [%]
# name 26 = flag: flag
# span 0 =        312,        837       
# span 1 = 169.768157, 169.769677       
# span 2 =    0.02160,    0.05809       
# span 3 =     1.2962,     3.4849       
# span 4 =     77.773,    209.097       
# span 5 =      1.007,     97.933       
# span 6 =  46140.752,  50731.466       
# span 7 =    29.1138,    31.8007       
# span 8 =     6.5548,     9.7424       
# span 9 =      1.000,     97.000       
# span 10 =     6.5468,     9.7091      
# span 11 =    22.4006,    24.9493      
# span 12 =     6.3474,     7.2476      
# span 13 =     9.0711,    10.3576      
# span 14 =     91.112,    109.034      
# span 15 =    276.575,    316.262      
# span 16 =    283.475,    323.679      
# span 17 =   -0.02679,    0.01148      
# span 18 =    6.59487,    6.96663      
# span 19 =    9.42474,    9.95602      
# span 20 =  288.07408,  303.55656      
# span 21 =   14.91768,   15.64846      
# span 22 = 3.6360e-02, 2.1730e+00      
# span 23 =     0.4795,    13.6731      
# span 24 =     0.3367,     2.0223      
# span 25 =    60.2985,    91.9258      
# span 26 = 0.0000e+00, 0.0000e+00      
# interval = meters: 1                  
# start_time = Jun 18 2014 18:24:51 [Instrument's time stamp, header]
# bad_flag = -9.990e-29
*END*
        312 169.768157    0.02160     1.2962     77.773      1.007  46140.752    29.1138     9.7424      1.000     9.7091    22.4006     6.9625     9.9501    105.577    304.130    310.945    0.01148    6.59487    9.42474  288.07408   14.92035 2.1730e+00     5.7209     2.0223    60.2985 0.0000e+00
        401 169.768413    0.02775     1.6651     99.904      2.025  47170.974    29.8055     9.5155      2.000     9.4461    22.9754     7.1793    10.2599    108.799    313.426    320.626   -0.00829    6.59867    9.43016  288.07788   14.91768 1.8508e+00     6.4011     1.6556    66.1062 0.0000e+00
        402 169.768416    0.02782     1.6690    100.137      3.028  47407.457    29.9535     9.3808      3.000     9.3355    23.1117     7.2095    10.3030    109.034    314.701    321.974   -0.00103    6.61210    9.44936  288.62592   14.94328 1.7200e+00     7.1133     1.4820    69.0518 0.0000e+00
        407 169.768431    0.02816     1.6897    101.380      4.042  47601.049    30.0748     9.2752      4.000     9.2155    23.2227     7.2178    10.3149    108.990    315.030    322.346   -0.00057    6.62245    9.46414  289.04623   14.96287 1.6002e+00     7.6006     1.3904    70.6387 0.0000e+00
        412 169.768447    0.02857     1.7141    102.847      5.042  47990.408    30.2959     8.9000      5.000     8.6812    23.4517     7.2476    10.3576    108.682    316.262    323.679   -0.00325    6.66875    9.53031  291.00173   15.05539 1.5239e+00     9.3842     1.2874    72.5111 0.0000e+00
        421 169.768471    0.02914     1.7480    104.879      6.053  48561.562    30.6060     8.2752      6.000     8.2136    23.7862     7.2289    10.3309    107.107    315.344    322.844   -0.01342    6.74932    9.64546  294.42164   15.21746 1.4505e+00    13.6731     0.9955    77.9717 0.0000e+00
        429 169.768495    0.02970     1.7823    106.941      7.081  48673.381    30.6674     8.1660      7.000     8.1538    23.8499     7.0956    10.1403    104.913    309.507    316.889   -0.02328    6.76330    9.66543  295.01286   15.24544 1.3864e+00     9.5721     0.8797    80.2540 0.0000e+00
        434 169.768509    0.03005     1.8030    108.181      8.069  48690.075    30.6734     8.1315      8.000     8.1187    23.8595     7.0898    10.1320    104.749    309.252    316.631   -0.01641    6.76833    9.67262  295.22966   15.25576 1.3189e+00     8.6826     0.8584    80.6868 0.0000e+00
        442 169.768533    0.03062     1.8370    110.219      9.086  48741.910    30.7015     8.0811      9.000     8.0590    23.8886     7.0648    10.0964    104.281    308.155    315.517   -0.01083    6.77482    9.68189  295.50417   15.26875 1.2607e+00     7.8235     0.8101    81.6667 0.0000e+00
        450 169.768557    0.03121     1.8725    112.348     10.097  49010.728    30.8757     7.9968     10.000     7.9799    24.0371     7.0250    10.0393    103.611    306.370    313.733   -0.00983    6.78009    9.68943  295.69129   15.27696 1.2040e+00     6.5909     0.8024    81.8254 0.0000e+00
        457 169.768575    0.03165     1.8988    113.925     11.107  49186.414    30.9808     7.8879     11.000     7.7933    24.1349     6.9935     9.9944    102.963    304.968    312.329   -0.01055    6.79224    9.70679  296.19285   15.30049 1.1208e+00     6.2006     0.7533    82.8372 0.0000e+00
        462 169.768591    0.03201     1.9207    115.243     12.114  49486.606    31.1525     7.6541     12.000     7.5715    24.3020     6.9503     9.9327    101.898    303.035    310.399   -0.01518    6.82086    9.74770  297.39248   15.35703 1.0560e+00     5.8917     0.6119    85.8153 0.0000e+00
        467 169.768607    0.03239     1.9437    116.620     13.126  49836.045    31.3651     7.4673     13.000     7.4573    24.4945     6.8571     9.7995    100.242    298.916    306.238   -0.02270    6.84052    9.77579  298.19345   15.39438 9.9367e-01     5.0603     0.5197    87.8144 0.0000e+00
        472 169.768620    0.03272     1.9630    117.778     14.133  49932.465    31.4321     7.4690     14.000     7.4594    24.5470     6.7628     9.6648     98.912    294.792    302.029   -0.02679    6.83726    9.77113  298.03621   15.38660 9.3129e-01     4.1597     0.4882    88.5120 0.0000e+00
        476 169.768632    0.03302     1.9811    118.864     15.143  50028.630    31.4947     7.4448     15.000     7.4593    24.5995     6.7318     9.6204     98.443    293.424    300.642   -0.02234    6.83825    9.77254  298.06406   15.38768 8.6270e-01     3.2820     0.4800    88.6920 0.0000e+00
        481 169.768645    0.03330     1.9982    119.891     16.150  50062.379    31.5269     7.4996     16.000     7.5150    24.6173     6.7319     9.6205     98.588    293.421    300.645   -0.01443    6.82825    9.75824  297.62278   15.36649 7.9680e-01     3.0141     0.4538    89.2749 0.0000e+00
        485 169.768657    0.03360     2.0161    120.969     17.161  50027.257    31.5032     7.5072     17.000     7.4890    24.5977     6.7582     9.6582     98.976    294.575    301.821   -0.00600    6.82811    9.75805  297.62253   15.36658 7.3616e-01     2.7979     0.4509    89.3405 0.0000e+00
        489 169.768670    0.03390     2.0340    122.040     18.166  50029.318    31.4956     7.4556     18.000     7.4242    24.5987     6.7715     9.6772     99.050    295.157    302.417   -0.00300    6.83651    9.77006  297.98847   15.38407 6.6929e-01     3.2805     0.4511    89.3360 0.0000e+00
        495 169.768686    0.03430     2.0581    123.487     19.181  50098.260    31.5327     7.3928     19.000     7.3778    24.6364     6.7393     9.6311     98.460    293.740    300.977   -0.00652    6.84469    9.78174  298.33379   15.40039 6.1611e-01     3.1391     0.4216    89.9957 0.0000e+00
        501 169.768703    0.03471     2.0826    124.954     20.191  50139.530    31.5555     7.3603     20.000     7.3556    24.6587     6.6971     9.5708     97.785    291.894    299.092   -0.00949    6.84878    9.78759  298.50564   15.40850 5.4782e-01     2.6738     0.4085    90.2923 0.0000e+00
        506 169.768718    0.03506     2.1034    126.207     21.198  50177.725    31.5822     7.3632     21.000     7.3693    24.6793     6.6774     9.5427     97.522    291.032    298.214   -0.00860    6.84712    9.78522  298.42731   15.40466 4.9180e-01     2.5210     0.4075    90.3136 0.0000e+00
        511 169.768733    0.03541     2.1246    127.478     22.210  50215.505    31.6122     7.3880     22.000     7.4035    24.6996     6.6769     9.5419     97.588    291.001    298.189   -0.00468    6.84187    9.77772  298.19288   15.39335 4.3610e-01     2.1316     0.4170    90.1011 0.0000e+00
        516 169.768746    0.03575     2.1450    128.697     23.215  50230.802    31.6293     7.4284     23.000     7.4424    24.7075     6.6868     9.5562     97.835    291.433    298.634   -0.00126    6.83480    9.76761  297.88219   15.37845 3.8180e-01     2.4565     0.4189    90.0581 0.0000e+00
        522 169.768764    0.03616     2.1696    130.176     24.230  50245.541    31.6477     7.4796     24.000     7.4887    24.7151     6.7024     9.5784     98.190    292.110    299.330    0.00237    6.82597    9.75499  297.49501   15.35990 3.2883e-01     2.8014     0.4258    89.9036 0.0000e+00
        527 169.768779    0.03652     2.1913    131.476     25.238  50239.683    31.6460     7.4967     25.000     7.4931    24.7114     6.7125     9.5929     98.376    292.553    299.782    0.00299    6.82337    9.75128  297.38298   15.35456 2.7940e-01     2.9880     0.4352    89.6907 0.0000e+00
        532 169.768793    0.03686     2.2118    132.708     26.245  50276.275    31.6699     7.4894     26.000     7.4817    24.7312     6.7069     9.5849     98.292    292.303    299.532    0.00111    6.82343    9.75137  297.37996   15.35432 2.4037e-01     2.8659     0.4433    89.5110 0.0000e+00
        537 169.768808    0.03723     2.2339    134.032     27.260  50302.304    31.6802     7.4456     27.000     7.3918    24.7453     6.7042     9.5810     98.161    292.179    299.409   -0.00045    6.82982    9.76049  297.65428   15.36737 2.0438e-01     2.7365     0.4348    89.7005 0.0000e+00
        542 169.768821    0.03755     2.2531    135.188     28.266  50398.681    31.7279     7.3336     28.000     7.3050    24.7980     6.6702     9.5324     97.443    290.682    297.891   -0.00605    6.84522    9.78250  298.30988   15.39846 1.7626e-01     2.3129     0.4030    90.4169 0.0000e+00
        546 169.768835    0.03787     2.2721    136.323     29.277  50444.765    31.7522     7.2904     29.000     7.2778    24.8230     6.5891     9.4166     96.179    287.143    294.271   -0.01514    6.85093    9.79066  298.55148   15.40988 1.5506e-01     2.3091     0.3914    90.6815 0.0000e+00
        551 169.768847    0.03817     2.2903    137.418     30.283  50458.164    31.7577     7.2705     30.000     7.2608    24.8300     6.5456     9.3543     95.503    285.243    292.325   -0.01655    6.85380    9.79477  298.67466   15.41574 1.3685e-01     1.9113     0.3579    91.4435 0.0000e+00
        556 169.768862    0.03851     2.3105    138.627     31.298  50446.204    31.7445     7.2454     31.000     7.2246    24.8230     6.5260     9.3263     95.154    284.393    291.452   -0.01374    6.85835    9.80127  298.87490   15.42535 1.2049e-01     1.6102     0.3367    91.9258 0.0000e+00
        560 169.768875    0.03882     2.3294    139.764     32.303  50469.244    31.7553     7.2173     32.000     7.2077    24.8352     6.5172     9.3138     94.971    284.005    291.058   -0.01054    6.86229    9.80690  299.04310   15.43333 1.0720e-01     1.3514     0.3512    91.5959 0.0000e+00
        565 169.768888    0.03915     2.3487    140.919     33.318  50461.169    31.7461     7.1999     33.000     7.1829    24.8304     6.5188     9.3161     94.952    284.079    291.132   -0.00711    6.86544    9.81139  299.18160   15.43997 9.6339e-02     1.2760     0.3637    91.3089 0.0000e+00
        569 169.768900    0.03943     2.3655    141.931     34.323  50446.768    31.7294     7.1637     34.000     7.1408    24.8220     6.5137     9.3087     94.788    283.858    290.904   -0.00604    6.87192    9.82066  299.46647   15.45364 8.6541e-02     1.1727     0.3784    90.9737 0.0000e+00
        573 169.768911    0.03969     2.3817    142.902     35.332  50478.700    31.7459     7.1337     35.000     7.1243    24.8390     6.5026     9.2929     94.571    283.368    290.407   -0.00645    6.87591    9.82636  299.63545   15.46163 7.8864e-02     1.2418     0.3800    90.9360 0.0000e+00
        577 169.768923    0.03998     2.3990    143.939     36.342  50451.776    31.7234     7.1143     36.000     7.0871    24.8238     6.4963     9.2838     94.423    283.096    290.124   -0.00569    6.88000    9.83221  299.81843   15.47045 7.1987e-02     1.2972     0.3945    90.6100 0.0000e+00
        581 169.768936    0.04029     2.4175    145.053     37.353  50460.993    31.7192     7.0570     37.000     7.0360    24.8282     6.4914     9.2769     94.225    282.883    289.906   -0.00556    6.88929    9.84547  300.22145   15.48969 6.6018e-02     1.2447     0.4049    90.3726 0.0000e+00
        586 169.768949    0.04060     2.4357    146.141     38.362  50494.734    31.7380     7.0327     38.000     7.0278    24.8462     6.4959     9.2833     94.249    283.075    290.108   -0.00382    6.89229    9.84978  300.34732   15.49563 6.1318e-02     1.4849     0.3990    90.5071 0.0000e+00
        590 169.768960    0.04089     2.4535    147.208     39.373  50499.747    31.7407     7.0308     39.000     7.0275    24.8486     6.4954     9.2826     94.239    283.052    290.085   -0.00234    6.89246    9.85003  300.35429   15.49594 5.8071e-02     1.1601     0.4021    90.4375 0.0000e+00
        594 169.768972    0.04117     2.4701    148.206     40.380  50496.802    31.7380     7.0298     40.000     7.0247    24.8466     6.4879     9.2718     94.125    282.721    289.746   -0.00298    6.89275    9.85043  300.36710   15.49656 5.4612e-02     1.1439     0.4129    90.1935 0.0000e+00
        598 169.768984    0.04146     2.4874    149.242     41.392  50494.883    31.7355     7.0257     41.000     7.0190    24.8452     6.4922     9.2779     94.178    282.911    289.939   -0.00164    6.89352    9.85154  300.40126   15.49820 5.1934e-02     1.1209     0.4116    90.2228 0.0000e+00
        602 169.768996    0.04175     2.5047    150.282     42.397  50500.114    31.7376     7.0204     42.000     7.0160    24.8476     6.4934     9.2797     94.186    282.965    289.996   -0.00126    6.89426    9.85259  300.43275   15.49970 4.9710e-02     1.0691     0.4048    90.3766 0.0000e+00
        607 169.769010    0.04206     2.5238    151.428     43.415  50502.271    31.7385     7.0191     43.000     7.0156    24.8485     6.5048     9.2960     94.348    283.460    290.504    0.00059    6.89441    9.85281  300.43924   15.50000 4.8193e-02     1.1611     0.4142    90.1636 0.0000e+00
        611 169.769021    0.04235     2.5410    152.459     44.419  50501.680    31.7377     7.0199     44.000     7.0154    24.8477     6.4975     9.2856     94.244    283.143    290.178   -0.00044    6.89433    9.85268  300.43560   15.49984 4.6695e-02     1.1220     0.4095    90.2679 0.0000e+00
        615 169.769034    0.04264     2.5582    153.490     45.432  50501.256    31.7366     7.0178     45.000     7.0126    24.8472     6.4920     9.2777     94.159    282.901    289.931   -0.00125    6.89471    9.85323  300.45233   15.50063 4.5601e-02     1.0422     0.4141    90.1665 0.0000e+00
        619 169.769045    0.04291     2.5746    154.478     46.438  50503.672    31.7375     7.0159     46.000     7.0109    24.8481     6.4932     9.2795     94.174    282.957    289.988   -0.00103    6.89497    9.85361  300.46367   15.50117 4.4418e-02     0.8755     0.4033    90.4070 0.0000e+00
        623 169.769057    0.04319     2.5915    155.488     47.449  50488.449    31.7252     7.0096     47.000     6.9952    24.8394     6.4970     9.2849     94.207    283.126    290.158   -0.00022    6.89653    9.85584  300.53407   15.50458 4.3506e-02     1.1292     0.4296    89.8193 0.0000e+00
        627 169.769068    0.04348     2.6086    156.518     48.459  50493.658    31.7247     6.9885     48.000     6.9765    24.8417     6.4910     9.2762     94.073    282.860    289.888   -0.00151    6.89992    9.86068  300.68111   15.51160 4.2756e-02     1.0126     0.4204    90.0237 0.0000e+00
        631 169.769080    0.04376     2.6254    157.522     49.467  50502.034    31.7278     6.9756     49.000     6.9667    24.8458     6.4857     9.2687     93.970    282.628    289.650   -0.00194    6.90183    9.86341  300.76320   15.51550 4.2185e-02     1.1843     0.4251    89.9172 0.0000e+00
        635 169.769092    0.04404     2.6421    158.529     50.479  50503.842    31.7269     6.9662     50.000     6.9577    24.8463     6.4799     9.2604     93.865    282.374    289.390   -0.00246    6.90338    9.86562  300.83027   15.51870 4.1860e-02     1.1367     0.4328    89.7455 0.0000e+00
        639 169.769103    0.04431     2.6583    159.501     51.488  50500.562    31.7229     6.9594     51.000     6.9453    24.8441     6.4742     9.2523     93.766    282.128    289.137   -0.00263    6.90464    9.86743  300.88622   15.52139 4.1333e-02     1.0229     0.4330    89.7401 0.0000e+00
        643 169.769114    0.04456     2.6739    160.432     52.498  50555.538    31.7575     6.9416     52.000     6.9605    24.8738     6.4739     9.2518     93.744    282.106    289.123   -0.00239    6.90590    9.86922  300.93218   15.52344 4.1335e-02     1.0785     0.4420    89.5377 0.0000e+00
        647 169.769125    0.04483     2.6896    161.376     53.506  50600.216    31.8007     7.0120     53.000     7.0422    24.8984     6.4826     9.2642     94.049    282.479    289.512    0.00061    6.89274    9.85041  300.35156   15.49556 4.0822e-02     1.0793     0.4314    89.7771 0.0000e+00
