CTD-processing/allCTD/CNV/2014_01-09_t9_s09_cast143_4141.cnv
* Sea-Bird SBE19plus Data File:
* FileName = C:\Users\kris.holderied\Documents\kasitsna\Research-Projects-and-Data\Oceanography-AK\CTD-CookInlet-GulfWatchAK\2014-01-09-CookInlet-HomerSpit-Monthly\2014_01_09_CookInlet_Tran9_cast143.hex
* Software Version 1.59
* Temperature SN =  4141
* Conductivity SN =  4141
* System UpLoad Time = Apr 14 2014 19:19:56
** Cook Inlet LTM Transect 9 (Homer Spit) Monthly
** Date: 2014-01-09
** Station: 9-09
** Start time: 14:30
** Depth (m): 79.2
** Comment:  CTD time is AKDT (one hour ahead of local).
** Comment:
# nquan = 27
# nvalues = 73                          
# units = specified
# name 0 = scan: Scan Count
# name 1 = timeJ: Julian Days
# name 2 = timeH: Time, Elapsed [hours]
# name 3 = timeM: Time, Elapsed [minutes]
# name 4 = timeS: Time, Elapsed [seconds]
# name 5 = prdM: Pressure, Strain Gauge [db]
# name 6 = specc: Specific Conductance [uS/cm]
# name 7 = sal00: Salinity, Practical [PSU]
# name 8 = tv290C: Temperature [ITS-90, deg C]
# name 9 = depSM: Depth [salt water, m], lat = 59.00
# name 10 = potemp090C: Potential Temperature [ITS-90, deg C]
# name 11 = sigma-é00: Density [sigma-theta, kg/m^3]
# name 12 = sbeox0ML/L: Oxygen, SBE 43 [ml/l]
# name 13 = sbeox0Mg/L: Oxygen, SBE 43 [mg/l]
# name 14 = sbeox0PS: Oxygen, SBE 43 [% saturation]
# name 15 = sbox0Mm/Kg: Oxygen, SBE 43 [umol/kg]
# name 16 = sbeox0Mm/L: Oxygen, SBE 43 [umol/l]
# name 17 = sbox0dV/dT: Oxygen, SBE 43 [dov/dt]
# name 18 = oxsolML/L: Oxygen Saturation, Garcia & Gordon [ml/l]
# name 19 = oxsolMg/L: Oxygen Saturation, Garcia & Gordon [mg/l]
# name 20 = oxsolMm/Kg: Oxygen Saturation, Garcia & Gordon [umol/kg]
# name 21 = n2satMg/L: Nitrogen Saturation [mg/l]
# name 22 = par: PAR/Irradiance, Biospherical/Licor
# name 23 = wetStar: Fluorescence, WET Labs WETstar [mg/m^3]
# name 24 = CStarAt0: Beam Attenuation, WET Labs C-Star [1/m]
# name 25 = CStarTr0: Beam Transmission, WET Labs C-Star [%]
# name 26 = flag: flag
# span 0 =         67,        579       
# span 1 =   9.646072,   9.647550       
# span 2 =    0.00462,    0.04011       
# span 3 =     0.2769,     2.4064       
# span 4 =     16.616,    144.381       
# span 5 =      1.007,     73.694       
# span 6 =  50518.183,  51009.165       
# span 7 =    31.0832,    31.5535       
# span 8 =     3.7104,     4.6197       
# span 9 =      1.000,     73.000       
# span 10 =     3.7137,     4.6179      
# span 11 =    24.6984,    25.0019      
# span 12 =     6.0253,     6.3850      
# span 13 =     8.6109,     9.1247      
# span 14 =     80.425,     86.366      
# span 15 =    262.606,    278.224      
# span 16 =    269.093,    285.152      
# span 17 =   -0.01589,    0.00861      
# span 18 =    7.30545,    7.49188      
# span 19 =   10.44022,   10.70665      
# span 20 =  318.31228,  326.52288      
# span 21 =   16.35226,   16.74457      
# span 22 = 3.6356e-02, 2.3673e+00      
# span 23 =     0.2380,     0.3574      
# span 24 =     0.7179,     1.7298      
# span 25 =    64.8945,    83.5709      
# span 26 = 0.0000e+00, 0.0000e+00      
# interval = meters: 1                  
# start_time = Jan 09 2014 15:30:04 [Instrument's time stamp, header]
# bad_flag = -9.990e-29
*END*
[from data line 54]
        493   9.647302    0.03415     2.0490    122.941     55.526  50975.189    31.5509     4.4942     55.000     4.4922    24.9951     6.2531     8.9364     85.343    272.454    279.264   -0.00078    7.32703   10.47106  319.24561   16.39662 3.6382e-02     0.2659     0.8124    81.6197 0.0000e+00
        496   9.647312    0.03439     2.0632    123.790     56.533  50972.964    31.5494     4.4966     56.000     4.4929    24.9937     6.2475     8.9283     85.270    272.209    279.012   -0.00135    7.32667   10.47055  319.23055   16.39591 3.6382e-02     0.2731     0.8221    81.4229 0.0000e+00
        500   9.647323    0.03463     2.0781    124.689     57.549  50972.637    31.5487     4.4968     57.000     4.4919    24.9931     6.2460     8.9260     85.249    272.142    278.943   -0.00131    7.32668   10.47057  319.23117   16.39595 3.6382e-02     0.2685     0.8182    81.5006 0.0000e+00
        503   9.647332    0.03487     2.0920    125.521     58.555  50967.585    31.5441     4.4938     58.000     4.4833    24.9898     6.2456     8.9257     85.236    272.129    278.929   -0.00113    7.32744   10.47165  319.26512   16.39758 3.6382e-02     0.2753     0.8298    81.2663 0.0000e+00
        506   9.647342    0.03510     2.1059    126.356     59.566  50974.008    31.5453     4.4819     59.000     4.4733    24.9920     6.2442     8.9235     85.193    272.065    278.865   -0.00130    7.32948   10.47456  319.35326   16.40177 3.6382e-02     0.2635     0.8354    81.1521 0.0000e+00
        510   9.647352    0.03533     2.1197    127.179     60.576  50982.865    31.5497     4.4768     60.000     4.4711    24.9959     6.2421     8.9206     85.156    271.974    278.772   -0.00141    7.33018   10.47557  319.38288   16.40316 3.6382e-02     0.2684     0.8442    80.9738 0.0000e+00
        513   9.647361    0.03555     2.1329    127.973     61.584  50980.944    31.5471     4.4733     61.000     4.4656    24.9942     6.2391     8.9163     85.107    271.845    278.639   -0.00157    7.33092   10.47662  319.41536   16.40472 3.6382e-02     0.2665     0.8561    80.7327 0.0000e+00
        516   9.647370    0.03576     2.1461    128.765     62.595  50982.030    31.5462     4.4680     62.000     4.4580    24.9940     6.2397     8.9171     85.103    271.869    278.664   -0.00140    7.33193   10.47805  319.45919   16.40680 3.6382e-02     0.2725     0.8614    80.6249 0.0000e+00
        519   9.647379    0.03599     2.1594    129.564     63.606  50981.760    31.5431     4.4575     63.000     4.4469    24.9926     6.2400     8.9175     85.084    271.882    278.677   -0.00118    7.33391   10.48090  319.54638   16.41097 3.6382e-02     0.2783     0.8674    80.5047 0.0000e+00
        522   9.647388    0.03621     2.1725    130.348     64.614  50996.086    31.5506     4.4499     64.000     4.4447    24.9993     6.2391     8.9162     85.060    271.840    278.636   -0.00131    7.33490   10.48229  319.58693   16.41286 3.6382e-02     0.2654     0.8814    80.2231 0.0000e+00
        525   9.647397    0.03642     2.1854    131.121     65.621  50995.104    31.5490     4.4481     65.000     4.4416    24.9983     6.2396     8.9170     85.063    271.865    278.661   -0.00108    7.33530   10.48288  319.60511   16.41373 3.6382e-02     0.2702     0.8866    80.1188 0.0000e+00
        529   9.647407    0.03665     2.1990    131.941     66.634  50998.340    31.5500     4.4449     66.000     4.4390    24.9995     6.2392     8.9164     85.051    271.846    278.642   -0.00096    7.33583   10.48364  319.62776   16.41481 3.6382e-02     0.2602     0.8886    80.0807 0.0000e+00
        532   9.647416    0.03688     2.2127    132.765     67.645  51000.120    31.5502     4.4427     67.000     4.4364    24.9998     6.2409     8.9189     85.070    271.922    278.720   -0.00073    7.33620   10.48418  319.64392   16.41558 3.6382e-02     0.2600     0.8940    79.9728 0.0000e+00
        535   9.647426    0.03710     2.2262    133.572     68.652  50998.446    31.5477     4.4394     68.000     4.4326    24.9983     6.2454     8.9252     85.123    272.116    278.919   -0.00020    7.33691   10.48517  319.67483   16.41705 3.6382e-02     0.2662     0.8985    79.8811 0.0000e+00
        539   9.647435    0.03733     2.2401    134.408     69.661  51005.545    31.5518     4.4377     69.000     4.4330    25.0016     6.2440     8.9232     85.102    272.055    278.857   -0.00029    7.33703   10.48535  319.67922   16.41725 3.6382e-02     0.2696     0.9051    79.7501 0.0000e+00
        542   9.647446    0.03758     2.2550    135.300     70.670  51002.314    31.5487     4.4361     70.000     4.4293    24.9993     6.2427     8.9214     85.080    271.999    278.799   -0.00058    7.33745   10.48595  319.69828   16.41817 3.6382e-02     0.2625     0.9047    79.7572 0.0000e+00
        546   9.647457    0.03786     2.2711    136.269     71.684  51007.255    31.5509     4.4328     71.000     4.4278    25.0013     6.2464     8.9267     85.125    272.159    278.964   -0.00016    7.33791   10.48661  319.71770   16.41908 3.6382e-02     0.2832     0.8981    79.8882 0.0000e+00
        553   9.647476    0.03832     2.2992    137.951     72.682  51009.165    31.5516     4.4325     72.000     4.4275    25.0019     6.2482     8.9294     85.149    272.239    279.046    0.00010    7.33793   10.48664  319.71848   16.41912 3.6382e-02     0.2812     0.8869    80.1154 0.0000e+00
        579   9.647550    0.04011     2.4064    144.381     73.694  51008.127    31.5501     4.4317     73.000     4.4259    25.0009     6.2476     8.9282     85.138    272.206    279.014    0.00048    7.33818   10.48699  319.72954   16.41965 3.6382e-02     0.2380     0.8146    81.5690 0.0000e+00
