CTD-processing/allCTD/CNV/2014_04-11_t3_s05_cast005_5028.cnv
* Sea-Bird SBE19plus Data File:
* FileName = C:\Users\kris.holderied\Documents\kasitsna\Research-Projects-and-Data\Oceanography-AK\CTD-CookInlet-GulfWatchAK\2014-04-EVOSTC-CookInlet-Ocean\2014-04-11-CookInlet-Tran3-AnchorPt\2014-04-11-CookInlet-Tran3-AnchorPt-cast005.hex
* Software Version 1.59
* Temperature SN =  5028
* Conductivity SN =  5028
* System UpLoad Time = Apr 11 2014 15:31:48
** Cook Inlet LTM Transect 3 (Anchor Pt) west to east
** Date: 2014-04-11
** Station: 3-05
** Start time: 11:49
** Depth (m): 27
** Comment:  CTD time is AKDaylight
** Comment:
# nquan = 27
# nvalues = 28                          
# units = specified
# name 0 = scan: Scan Count
# name 1 = timeJ: Julian Days
# name 2 = timeH: Time, Elapsed [hours]
# name 3 = timeM: Time, Elapsed [minutes]
# name 4 = timeS: Time, Elapsed [seconds]
# name 5 = prdM: Pressure, Strain Gauge [db]
# name 6 = specc: Specific Conductance [uS/cm]
# name 7 = sal00: Salinity, Practical [PSU]
# name 8 = tv290C: Temperature [ITS-90, deg C]
# name 9 = depSM: Depth [salt water, m], lat = 59.00
# name 10 = potemp090C: Potential Temperature [ITS-90, deg C]
# name 11 = sigma-é00: Density [sigma-theta, kg/m^3]
# name 12 = sbeox0ML/L: Oxygen, SBE 43 [ml/l]
# name 13 = sbeox0Mg/L: Oxygen, SBE 43 [mg/l]
# name 14 = sbeox0PS: Oxygen, SBE 43 [% saturation]
# name 15 = sbox0Mm/Kg: Oxygen, SBE 43 [umol/kg]
# name 16 = sbeox0Mm/L: Oxygen, SBE 43 [umol/l]
# name 17 = sbox0dV/dT: Oxygen, SBE 43 [dov/dt]
# name 18 = oxsolML/L: Oxygen Saturation, Garcia & Gordon [ml/l]
# name 19 = oxsolMg/L: Oxygen Saturation, Garcia & Gordon [mg/l]
# name 20 = oxsolMm/Kg: Oxygen Saturation, Garcia & Gordon [umol/kg]
# name 21 = potemp090C: Potential Temperature [ITS-90, deg C]
# name 22 = n2satMg/L: Nitrogen Saturation [mg/l]
# name 23 = par: PAR/Irradiance, Biospherical/Licor
# name 24 = flECO-AFL: Fluorescence, WET Labs ECO-AFL/FL [mg/m^3]
# name 25 = turbWETntu0: Turbidity, WET Labs ECO [NTU]
# name 26 = flag: flag
# span 0 =        111,        422       
# span 1 = 101.492390, 101.493291       
# span 2 =    0.00764,    0.02927       
# span 3 =     0.4583,     1.7561       
# span 4 =     27.498,    105.364       
# span 5 =      1.009,     28.266       
# span 6 =  47451.426,  50223.896       
# span 7 =    28.7316,    30.4817       
# span 8 =     1.9346,     2.2070       
# span 9 =      1.000,     28.000       
# span 10 =     2.0281,     2.2057      
# span 11 =    22.9522,    24.3403      
# span 12 =     7.0167,     7.4814      
# span 13 =    10.0275,    10.6918      
# span 14 =     88.090,     95.794      
# span 15 =    306.413,    326.185      
# span 16 =    313.364,    334.122      
# span 17 =    0.00190,    0.02650      
# span 18 =    7.81000,    7.97096      
# span 19 =   11.16127,   11.39131      
# span 20 =  340.50770,  348.11126      
# span 21 =     1.9346,     2.2058      
# span 22 =   17.41113,   17.77831      
# span 23 = 3.7912e-02, 3.8654e+02      
# span 24 =     0.2591,     0.4153      
# span 25 =    10.5011,    22.4348      
# span 26 = 0.0000e+00, 0.0000e+00      
# interval = meters: 1                  
# start_time = Apr 11 2014 11:48:35 [Instrument's time stamp, header]
# bad_flag = -9.990e-29
*END*
        111 101.492390    0.00764     0.4583     27.498      1.009  47451.426    28.7316     1.9346      1.000     2.0281    22.9522     7.0167    10.0275     88.090    306.413    313.364    0.00876    7.97096   11.39131  348.11126     1.9346   17.77831 3.8654e+02     0.4153    10.5011 0.0000e+00
        305 101.492952    0.02113     1.2677     76.062      2.019  50216.354    30.4749     2.1535      2.000     2.1505    24.3377     7.4284    10.6158     94.981    323.867    331.750    0.02650    7.82054   11.17634  340.96503     2.1534   17.43285 5.2085e+01     0.2591    16.6224 0.0000e+00
        308 101.492959    0.02130     1.2777     76.663      3.028  50170.045    30.4439     2.1451      3.000     2.1412    24.3133     7.1611    10.2339     91.525    312.222    319.814    0.01221    7.82411   11.18143  341.13061     2.1449   17.44083 1.1549e+01     0.2937    16.9404 0.0000e+00
        312 101.492972    0.02161     1.2964     77.784      4.037  50173.466    30.4429     2.1352      4.000     2.1308    24.3132     7.1297    10.1891     91.102    310.855    318.414    0.00888    7.82612   11.18430  341.21810     2.1350   17.44498 2.0846e+00     0.3048    17.3170 0.0000e+00
        316 101.492984    0.02190     1.3141     78.845      5.047  50183.177    30.4470     2.1282      5.000     2.1274    24.3169     7.1461    10.2125     91.297    311.567    319.144    0.00801    7.82729   11.18598  341.26820     2.1279   17.44735 3.3915e-01     0.3132    17.7870 0.0000e+00
        321 101.492998    0.02223     1.3338     80.028      6.057  50185.865    30.4482     2.1280      6.000     2.1280    24.3179     7.1608    10.2335     91.486    312.211    319.803    0.00706    7.82725   11.18593  341.26633     2.1277   17.44725 6.9795e-02     0.3252    18.0341 0.0000e+00
        326 101.493012    0.02258     1.3546     81.276      7.066  50187.079    30.4487     2.1286      7.000     2.1285    24.3183     7.1772    10.2569     91.697    312.924    320.533    0.00634    7.82712   11.18573  341.26003     2.1283   17.44695 4.0278e-02     0.3327    18.0030 0.0000e+00
        331 101.493027    0.02292     1.3751     82.503      8.076  50195.612    30.4543     2.1300      8.000     2.1316    24.3226     7.1756    10.2546     91.683    312.852    320.462    0.00514    7.82653   11.18489  341.23322     2.1296   17.44565 3.8146e-02     0.3327    18.2417 0.0000e+00
        336 101.493040    0.02324     1.3948     83.687      9.085  50203.949    30.4610     2.1362      9.000     2.1390    24.3276     7.1831    10.2654     91.798    313.180    320.799    0.00453    7.82493   11.18261  341.16172     2.1358   17.44223 3.7962e-02     0.3263    18.8769 0.0000e+00
        340 101.493054    0.02356     1.4137     84.822     10.095  50200.895    30.4600     2.1421     10.000     2.1421    24.3265     7.1959    10.2837     91.975    313.738    321.370    0.00421    7.82381   11.18101  341.11334     2.1417   17.43994 3.8105e-02     0.3332    19.6860 0.0000e+00
        345 101.493067    0.02388     1.4330     85.978     11.104  50202.511    30.4609     2.1432     11.000     2.1432    24.3271     7.2046    10.2961     92.088    314.116    321.757    0.00378    7.82355   11.18064  341.10196     2.1427   17.43940 3.9822e-02     0.3316    20.1237 0.0000e+00
        350 101.493080    0.02421     1.4523     87.138     12.114  50201.433    30.4598     2.1435     12.000     2.1422    24.3261     7.2165    10.3131     92.241    314.635    322.289    0.00349    7.82355   11.18063  341.10205     2.1430   17.43941 3.9505e-02     0.3196    20.2253 0.0000e+00
        354 101.493094    0.02453     1.4719     88.314     13.124  50206.216    30.4622     2.1427     13.000     2.1434    24.3282     7.2362    10.3413     92.493    315.495    323.170    0.00351    7.82359   11.18069  341.10304     2.1421   17.43945 3.8008e-02     0.3273    20.1662 0.0000e+00
        359 101.493107    0.02483     1.4901     89.404     14.133  50211.262    30.4662     2.1470     14.000     2.1496    24.3311     7.2610    10.3767     92.822    316.573    324.276    0.00378    7.82252   11.17916  341.05545     2.1464   17.43718 3.7924e-02     0.3260    20.3191 0.0000e+00
        363 101.493119    0.02514     1.5084     90.501     15.142  50208.019    30.4652     2.1532     15.000     2.1532    24.3299     7.2907    10.4191     93.214    317.866    325.600    0.00416    7.82136   11.17750  341.00501     2.1525   17.43478 3.7914e-02     0.3290    20.4075 0.0000e+00
        367 101.493132    0.02545     1.5271     91.624     16.152  50205.324    30.4630     2.1533     16.000     2.1520    24.3281     7.3166    10.4562     93.546    318.999    326.760    0.00433    7.82144   11.17762  341.00953     2.1526   17.43501 3.7912e-02     0.3387    20.4786 0.0000e+00
        372 101.493146    0.02577     1.5466     92.796     17.161  50204.243    30.4611     2.1512     17.000     2.1487    24.3267     7.3389    10.4880     93.825    319.972    327.756    0.00428    7.82195   11.17836  341.03229     2.1505   17.43610 3.7912e-02     0.3423    20.4068 0.0000e+00
        377 101.493160    0.02612     1.5671     94.026     18.171  50211.389    30.4648     2.1492     18.000     2.1501    24.3298     7.3632    10.5227     94.133    321.031    328.841    0.00429    7.82216   11.17865  341.04034     2.1484   17.43647 3.7912e-02     0.3409    20.1049 0.0000e+00
        381 101.493172    0.02642     1.5853     95.118     19.181  50217.248    30.4698     2.1549     19.000     2.1580    24.3334     7.3901    10.5612     94.494    322.203    330.043    0.00450    7.82076   11.17664  340.97775     2.1541   17.43348 3.7912e-02     0.3372    20.1609 0.0000e+00
        386 101.493185    0.02672     1.6032     96.191     20.190  50210.698    30.4667     2.1617     20.000     2.1609    24.3305     7.4216    10.6063     94.911    323.577    331.450    0.00487    7.81957   11.17495  340.92711     2.1608   17.43108 3.7912e-02     0.3321    20.4941 0.0000e+00
        390 101.493198    0.02702     1.6214     97.283     21.199  50213.647    30.4683     2.1620     21.000     2.1629    24.3318     7.4422    10.6356     95.175    324.472    332.367    0.00477    7.81944   11.17476  340.92101     2.1610   17.43079 3.7912e-02     0.3370    20.6790 0.0000e+00
        395 101.493211    0.02733     1.6399     98.392     22.209  50223.896    30.4768     2.1698     22.000     2.1749    24.3380     7.4605    10.6618     95.434    325.271    333.187    0.00464    7.81744   11.17191  340.83190     2.1687   17.42653 3.7912e-02     0.3419    20.6910 0.0000e+00
        399 101.493224    0.02767     1.6601     99.603     23.218  50219.422    30.4766     2.1820     23.000     2.1849    24.3370     7.4777    10.6863     95.683    326.019    333.954    0.00446    7.81505   11.16849  340.72795     2.1808   17.42159 3.7912e-02     0.3350    20.9455 0.0000e+00
        404 101.493238    0.02800     1.6795    100.770     24.228  50222.992    30.4817     2.1937     24.000     2.1977    24.3403     7.4777    10.6863     95.715    326.018    333.953    0.00379    7.81245   11.16477  340.61324     2.1926   17.41613 3.7912e-02     0.3475    21.4904 0.0000e+00
        408 101.493250    0.02828     1.6969    101.814     25.238  50217.831    30.4802     2.2027     25.000     2.2036    24.3384     7.4771    10.6855     95.728    325.994    333.928    0.00321    7.81076   11.16236  340.54048     2.2015   17.41268 3.7912e-02     0.3586    21.9413 0.0000e+00
        413 101.493263    0.02858     1.7150    102.899     26.247  50215.318    30.4789     2.2062     26.000     2.2056    24.3372     7.4783    10.6872     95.752    326.046    333.981    0.00273    7.81012   11.16144  340.51299     2.2050   17.41139 3.7912e-02     0.3648    22.2743 0.0000e+00
        417 101.493276    0.02891     1.7346    104.075     27.257  50214.964    30.4784     2.2070     27.000     2.2057    24.3367     7.4787    10.6877     95.758    326.063    333.998    0.00226    7.81000   11.16127  340.50770     2.2058   17.41113 3.7912e-02     0.3714    22.4348 0.0000e+00
        422 101.493291    0.02927     1.7561    105.364     28.266  50215.289    30.4781     2.2069     28.000     2.2055    24.3365     7.4814    10.6918     95.794    326.185    334.122    0.00190    7.81004   11.16132  340.50932     2.2056   17.41121 3.7912e-02     0.3720    22.3419 0.0000e+00
