CTD-processing/allCTD/CNV/2014_02-15_t4_s05_cast184_5028.cnv
* Sea-Bird SBE19plus Data File:
* FileName = C:\Users\kris.holderied\Documents\kasitsna\Research-Projects-and-Data\Oceanography-AK\CTD-CookInlet-GulfWatchAK\2014-02-EVOSTC-CookInlet-LTM-BATCH-UPLOAD\2014-02-CookInlet-Seasonal-cast184.hex
* Software Version 1.59
* Temperature SN =  5028
* Conductivity SN =  5028
* System UpLoad Time = Apr 09 2014 20:21:01
** Cook Inlet LTM 2014 February Seasonal - Batch upload
** Date: 2014-02-15
** Station: 4-05
** Start time: 14:34
** Depth (m): 81
** CoComment:
** Comment:
# nquan = 27
# nvalues = 79                          
# units = specified
# name 0 = scan: Scan Count
# name 1 = timeJ: Julian Days
# name 2 = timeH: Time, Elapsed [hours]
# name 3 = timeM: Time, Elapsed [minutes]
# name 4 = timeS: Time, Elapsed [seconds]
# name 5 = prdM: Pressure, Strain Gauge [db]
# name 6 = specc: Specific Conductance [uS/cm]
# name 7 = sal00: Salinity, Practical [PSU]
# name 8 = tv290C: Temperature [ITS-90, deg C]
# name 9 = depSM: Depth [salt water, m], lat = 59.00
# name 10 = potemp090C: Potential Temperature [ITS-90, deg C]
# name 11 = sigma-é00: Density [sigma-theta, kg/m^3]
# name 12 = sbeox0ML/L: Oxygen, SBE 43 [ml/l]
# name 13 = sbeox0Mg/L: Oxygen, SBE 43 [mg/l]
# name 14 = sbeox0PS: Oxygen, SBE 43 [% saturation]
# name 15 = sbox0Mm/Kg: Oxygen, SBE 43 [umol/kg]
# name 16 = sbeox0Mm/L: Oxygen, SBE 43 [umol/l]
# name 17 = sbox0dV/dT: Oxygen, SBE 43 [dov/dt]
# name 18 = oxsolML/L: Oxygen Saturation, Garcia & Gordon [ml/l]
# name 19 = oxsolMg/L: Oxygen Saturation, Garcia & Gordon [mg/l]
# name 20 = oxsolMm/Kg: Oxygen Saturation, Garcia & Gordon [umol/kg]
# name 21 = potemp090C: Potential Temperature [ITS-90, deg C]
# name 22 = n2satMg/L: Nitrogen Saturation [mg/l]
# name 23 = par: PAR/Irradiance, Biospherical/Licor
# name 24 = flECO-AFL: Fluorescence, WET Labs ECO-AFL/FL [mg/m^3]
# name 25 = turbWETntu0: Turbidity, WET Labs ECO [NTU]
# name 26 = flag: flag
# span 0 =         59,        606       
# span 1 =  46.606673,  46.608254       
# span 2 =    0.00405,    0.04200       
# span 3 =     0.2433,     2.5198       
# span 4 =     14.598,    151.191       
# span 5 =      1.009,     79.761       
# span 6 =  49342.388,  51418.016       
# span 7 =    30.5436,    31.9256       
# span 8 =     4.4900,     4.8296       
# span 9 =      1.000,     79.000       
# span 10 =     4.5159,     4.8252      
# span 11 =    24.1946,    25.2659      
# span 12 =     6.3084,     7.6408      
# span 13 =     9.0153,    10.9194      
# span 14 =     85.499,    105.336      
# span 15 =    275.108,    332.850      
# span 16 =    281.732,    341.237      
# span 17 =   -0.00065,    0.03224      
# span 18 =    7.25342,    7.38388      
# span 19 =   10.36586,   10.55231      
# span 20 =  315.97528,  322.03570      
# span 21 =     4.4899,     4.8252      
# span 22 =   16.23978,   16.53329      
# span 23 = 3.7912e-02, 3.9718e+01      
# span 24 =     0.2983,     0.5000      
# span 25 =     0.5695,     2.5490      
# span 26 = 0.0000e+00, 0.0000e+00      
# interval = meters: 1                  
# start_time = Feb 15 2014 14:33:22 [Instrument's time stamp, header]
# bad_flag = -9.990e-29
*END*
         59  46.606673    0.00405     0.2433     14.598      1.009  49342.388    30.5436     4.4900      1.000     4.5159    24.1946     6.3084     9.0153     85.499    275.108    281.732    0.01391    7.38388   10.55231  322.03570     4.4899   16.53329 3.9718e+01     0.5000     2.5490 0.0000e+00
        277  46.607304    0.01920     1.1520     69.122      2.019  51418.016    31.9256     4.7469      2.000     4.7485    25.2659     6.3206     9.0328     87.030    275.318    282.279    0.01816    7.26333   10.38002  316.37727     4.7467   16.25863 3.8777e+01     0.3642     0.5695 0.0000e+00
        295  46.607355    0.02041     1.2242     73.451      3.029  51258.473    31.8422     4.8103      3.000     4.8105    25.1929     6.7927     9.7074     93.600    295.907    303.362    0.03224    7.25726   10.37135  316.14481     4.8100   16.24788 3.1455e+01     0.3679     0.8105 0.0000e+00
        300  46.607369    0.02074     1.2448     74.688      4.037  51264.102    31.8467     4.8154      4.000     4.8153    25.1959     6.8365     9.7700     94.217    297.815    305.318    0.02995    7.25614   10.36976  316.09521     4.8151   16.24550 2.7327e+01     0.3683     0.8164 0.0000e+00
        303  46.607379    0.02097     1.2586     75.516      5.047  51265.342    31.8471     4.8158      5.000     4.8157    25.1962     6.8812     9.8340     94.834    299.762    307.315    0.02759    7.25605   10.36962  316.09096     4.8154   16.24529 2.2886e+01     0.3659     0.8183 0.0000e+00
        306  46.607388    0.02121     1.2725     76.352      6.057  51266.632    31.8476     4.8163      6.000     4.8160    25.1965     6.9558     9.9405     95.864    303.012    310.648    0.02670    7.25594   10.36946  316.08593     4.8159   16.24505 1.8842e+01     0.3615     0.8173 0.0000e+00
        310  46.607398    0.02143     1.2857     77.139      7.066  51266.714    31.8472     4.8164      7.000     4.8153    25.1962     7.0408    10.0621     97.036    306.716    314.445    0.02675    7.25595   10.36947  316.08651     4.8159   16.24509 1.6206e+01     0.3630     0.8285 0.0000e+00
        313  46.607407    0.02167     1.3001     78.009      8.075  51267.273    31.8468     4.8153      8.000     4.8136    25.1961     7.0985    10.1444     97.827    309.226    317.017    0.02535    7.25616   10.36977  316.09564     4.8147   16.24553 1.4375e+01     0.3625     0.8075 0.0000e+00
        317  46.607418    0.02193     1.3157     78.945      9.085  51268.936    31.8470     4.8133      9.000     4.8117    25.1965     7.1311    10.1911     98.272    310.649    318.475    0.02274    7.25650   10.37027  316.11040     4.8126   16.24623 1.2991e+01     0.3641     0.8009 0.0000e+00
        320  46.607428    0.02214     1.3287     79.724     10.095  51271.819    31.8483     4.8122     10.000     4.8116    25.1976     7.1742    10.2526     98.864    312.523    320.398    0.02146    7.25662   10.37043  316.11522     4.8115   16.24645 1.1692e+01     0.3764     0.7999 0.0000e+00
        323  46.607435    0.02233     1.3398     80.386     11.105  51273.720    31.8491     4.8125     11.000     4.8122    25.1982     7.2361    10.3411     99.718    315.222    323.165    0.02150    7.25654   10.37032  316.11151     4.8117   16.24628 1.0383e+01     0.3822     0.7981 0.0000e+00
        325  46.607442    0.02250     1.3500     81.003     12.114  51274.297    31.8492     4.8132     12.000     4.8127    25.1982     7.3098    10.4465    100.736    318.433    326.458    0.02233    7.25641   10.37014  316.10602     4.8123   16.24601 9.1671e+00     0.3762     0.7992 0.0000e+00
        328  46.607450    0.02269     1.3612     81.673     13.123  51274.351    31.8488     4.8136     13.000     4.8128    25.1979     7.3763    10.5415    101.653    321.329    329.425    0.02264    7.25635   10.37004  316.10338     4.8127   16.24588 8.1214e+00     0.3689     0.8105 0.0000e+00
        331  46.607460    0.02294     1.3759     82.557     14.133  51275.103    31.8489     4.8138     14.000     4.8130    25.1979     7.4174    10.6002    102.220    323.119    331.261    0.02115    7.25630   10.36998  316.10150     4.8129   16.24579 7.2507e+00     0.3618     0.8088 0.0000e+00
        336  46.607475    0.02329     1.3977     83.861     15.142  51275.952    31.8490     4.8141     15.000     4.8131    25.1979     7.3978    10.5723    101.951    322.267    330.388    0.01603    7.25625   10.36991  316.09923     4.8130   16.24569 6.4611e+00     0.3631     0.7814 0.0000e+00
        341  46.607487    0.02358     1.4150     84.899     16.151  51277.369    31.8496     4.8144     16.000     4.8135    25.1984     7.3762    10.5413    101.654    321.325    329.421    0.01230    7.25618   10.36980  316.09583     4.8132   16.24552 5.6341e+00     0.3635     0.8002 0.0000e+00
        343  46.607495    0.02376     1.4258     85.546     17.161  51278.708    31.8501     4.8149     17.000     4.8143    25.1988     7.4014    10.5773    102.002    322.420    330.544    0.01189    7.25607   10.36964  316.09077     4.8137   16.24528 4.9390e+00     0.3559     0.8198 0.0000e+00
        346  46.607502    0.02393     1.4359     86.155     18.171  51279.365    31.8502     4.8157     18.000     4.8149    25.1988     7.4407    10.6335    102.547    324.133    332.302    0.01224    7.25591   10.36942  316.08394     4.8145   16.24495 4.3478e+00     0.3483     0.8174 0.0000e+00
        348  46.607510    0.02411     1.4466     86.798     19.180  51278.858    31.8495     4.8163     19.000     4.8147    25.1982     7.4832    10.6943    103.134    325.988    334.203    0.01270    7.25585   10.36934  316.08175     4.8149   16.24485 3.8445e+00     0.3436     0.8207 0.0000e+00
        351  46.607518    0.02433     1.4595     87.571     20.190  51279.579    31.8494     4.8160     20.000     4.8144    25.1981     7.5102    10.7328    103.504    327.161    335.404    0.01224    7.25590   10.36942  316.08404     4.8146   16.24496 3.4076e+00     0.3415     0.8204 0.0000e+00
        355  46.607530    0.02459     1.4758     88.551     21.199  51280.254    31.8493     4.8157     21.000     4.8141    25.1981     7.5149    10.7395    103.569    327.366    335.615    0.01048    7.25596   10.36949  316.08630     4.8142   16.24507 3.0090e+00     0.3380     0.8013 0.0000e+00
        360  46.607544    0.02495     1.4973     89.836     22.209  51281.370    31.8495     4.8154     22.000     4.8138    25.1983     7.5140    10.7383    103.556    327.328    335.577    0.00825    7.25600   10.36955  316.08800     4.8139   16.24515 2.6244e+00     0.3335     0.7981 0.0000e+00
        365  46.607557    0.02526     1.5157     90.945     23.219  51282.406    31.8497     4.8154     23.000     4.8136    25.1985     7.5151    10.7398    103.571    327.376    335.624    0.00679    7.25600   10.36955  316.08811     4.8137   16.24516 2.2800e+00     0.3347     0.8239 0.0000e+00
        368  46.607567    0.02549     1.5293     91.759     24.228  51283.672    31.8501     4.8153     24.000     4.8138    25.1988     7.5214    10.7489    103.658    327.650    335.906    0.00606    7.25598   10.36953  316.08711     4.8136   16.24511 1.9971e+00     0.3411     0.8407 0.0000e+00
        371  46.607575    0.02569     1.5418     92.510     25.237  51284.777    31.8504     4.8157     25.000     4.8144    25.1990     7.5349    10.7681    103.845    328.236    336.507    0.00583    7.25590   10.36941  316.08344     4.8140   16.24493 1.7612e+00     0.3505     0.8406 0.0000e+00
        374  46.607585    0.02593     1.5558     93.350     26.247  51286.320    31.8513     4.8168     26.000     4.8163    25.1995     7.5385    10.7732    103.898    328.394    336.669    0.00521    7.25566   10.36907  316.07303     4.8150   16.24443 1.5588e+00     0.3422     0.8290 0.0000e+00
        379  46.607597    0.02622     1.5732     94.393     27.257  51286.566    31.8516     4.8198     27.000     4.8192    25.1995     7.5393    10.7744    103.917    328.429    336.704    0.00427    7.25513   10.36831  316.05001     4.8179   16.24333 1.3651e+00     0.3400     0.8297 0.0000e+00
        383  46.607610    0.02654     1.5920     95.522     28.266  51285.638    31.8509     4.8222     28.000     4.8207    25.1988     7.5501    10.7898    104.071    328.898    337.186    0.00397    7.25475   10.36776  316.03340     4.8202   16.24254 1.1750e+00     0.3428     0.8555 0.0000e+00
        387  46.607622    0.02683     1.6096     96.577     29.276  51285.032    31.8502     4.8229     29.000     4.8206    25.1981     7.5486    10.7877    104.052    328.835    337.121    0.00318    7.25466   10.36763  316.02980     4.8208   16.24238 1.0131e+00     0.3368     0.8669 0.0000e+00
        391  46.607634    0.02711     1.6265     97.591     30.285  51285.330    31.8496     4.8220     30.000     4.8191    25.1978     7.5533    10.7944    104.114    329.038    337.329    0.00280    7.25485   10.36790  316.03792     4.8199   16.24277 8.8562e-01     0.3340     0.8386 0.0000e+00
        395  46.607645    0.02737     1.6422     98.530     31.295  51287.111    31.8501     4.8208     31.000     4.8182    25.1983     7.5550    10.7969    104.135    329.113    337.407    0.00239    7.25504   10.36817  316.04610     4.8186   16.24316 7.8135e-01     0.3332     0.8145 0.0000e+00
        398  46.607654    0.02760     1.6557     99.340     32.304  51288.511    31.8504     4.8203     32.000     4.8180    25.1986     7.5623    10.8073    104.233    329.429    337.730    0.00229    7.25510   10.36828  316.04901     4.8180   16.24329 6.8958e-01     0.3331     0.8094 0.0000e+00
        401  46.607663    0.02781     1.6684    100.105     33.314  51288.753    31.8501     4.8202     33.000     4.8173    25.1983     7.5744    10.8246    104.400    329.957    338.272    0.00246    7.25514   10.36832  316.05052     4.8178   16.24336 6.0864e-01     0.3331     0.8171 0.0000e+00
        405  46.607674    0.02807     1.6838    101.029     34.324  51289.759    31.8501     4.8192     34.000     4.8164    25.1984     7.5858    10.8408    104.555    330.454    338.781    0.00252    7.25532   10.36857  316.05818     4.8167   16.24373 5.3360e-01     0.3329     0.8232 0.0000e+00
        410  46.607688    0.02840     1.7040    102.241     35.333  51291.404    31.8507     4.8189     35.000     4.8167    25.1989     7.5890    10.8455    104.599    330.595    338.926    0.00213    7.25533   10.36859  316.05857     4.8165   16.24375 4.6144e-01     0.3338     0.8169 0.0000e+00
        415  46.607702    0.02873     1.7239    103.432     36.343  51292.047    31.8508     4.8195     36.000     4.8170    25.1989     7.5926    10.8506    104.650    330.751    339.086    0.00182    7.25524   10.36846  316.05472     4.8169   16.24356 3.9926e-01     0.3458     0.8058 0.0000e+00
        419  46.607714    0.02903     1.7419    104.515     37.353  51292.521    31.8506     4.8197     37.000     4.8171    25.1988     7.5955    10.8548    104.691    330.879    339.217    0.00160    7.25520   10.36841  316.05298     4.8171   16.24348 3.5161e-01     0.3427     0.8039 0.0000e+00
        423  46.607726    0.02930     1.7579    105.474     38.362  51293.300    31.8507     4.8199     38.000     4.8171    25.1989     7.5961    10.8556    104.699    330.904    339.242    0.00133    7.25517   10.36836  316.05174     4.8172   16.24342 3.1075e-01     0.3338     0.8146 0.0000e+00
        426  46.607734    0.02952     1.7715    106.289     39.372  51294.238    31.8508     4.8198     39.000     4.8171    25.1989     7.5975    10.8576    104.719    330.966    339.306    0.00117    7.25517   10.36837  316.05178     4.8170   16.24342 2.7492e-01     0.3298     0.8270 0.0000e+00
        430  46.607745    0.02976     1.7858    107.148     40.381  51295.846    31.8515     4.8203     40.000     4.8182    25.1995     7.5994    10.8604    104.747    331.050    339.393    0.00103    7.25505   10.36819  316.04631     4.8174   16.24316 2.4395e-01     0.3226     0.8277 0.0000e+00
        434  46.607758    0.03008     1.8051    108.304     41.391  51296.497    31.8519     4.8224     41.000     4.8204    25.1996     7.6093    10.8744    104.888    331.477    339.830    0.00121    7.25466   10.36763  316.02927     4.8195   16.24235 2.1482e-01     0.3113     0.8201 0.0000e+00
        439  46.607772    0.03041     1.8245    109.472     42.401  51295.951    31.8514     4.8239     42.000     4.8211    25.1990     7.6114    10.8774    104.920    331.568    339.923    0.00106    7.25443   10.36730  316.01928     4.8209   16.24188 1.8670e-01     0.3160     0.8396 0.0000e+00
        443  46.607784    0.03071     1.8430    110.580     43.410  51295.939    31.8509     4.8241     43.000     4.8208    25.1987     7.6080    10.8725    104.873    331.421    339.772    0.00069    7.25441   10.36728  316.01877     4.8211   16.24185 1.6338e-01     0.3305     0.8657 0.0000e+00
        449  46.607801    0.03112     1.8674    112.042     44.420  51297.238    31.8512     4.8236     44.000     4.8205    25.1989     7.6054    10.8689    104.837    331.309    339.658    0.00040    7.25450   10.36740  316.02242     4.8204   16.24203 1.4570e-01     0.3498     0.8642 0.0000e+00
        454  46.607816    0.03148     1.8888    113.331     45.429  51298.499    31.8517     4.8242     45.000     4.8214    25.1992     7.6065    10.8705    104.854    331.358    339.708    0.00034    7.25437   10.36722  316.01671     4.8210   16.24175 1.3044e-01     0.3484     0.8613 0.0000e+00
        458  46.607827    0.03175     1.9048    114.287     46.439  51299.222    31.8519     4.8249     46.000     4.8222    25.1993     7.6048    10.8681    104.833    331.285    339.633    0.00016    7.25423   10.36702  316.01049     4.8217   16.24145 1.1634e-01     0.3314     0.8815 0.0000e+00
        462  46.607838    0.03199     1.9198    115.185     47.449  51300.359    31.8524     4.8261     47.000     4.8235    25.1996     7.6095    10.8747    104.901    331.487    339.840    0.00029    7.25400   10.36669  316.00037     4.8228   16.24097 1.0371e-01     0.3231     0.9023 0.0000e+00
        466  46.607850    0.03229     1.9375    116.251     48.459  51299.795    31.8518     4.8273     48.000     4.8240    25.1990     7.6142    10.8815    104.968    331.692    340.050    0.00041    7.25383   10.36646  315.99340     4.8238   16.24064 9.2524e-02     0.3204     0.8806 0.0000e+00
        473  46.607871    0.03279     1.9676    118.053     49.468  51300.057    31.8515     4.8275     49.000     4.8239    25.1988     7.6149    10.8826    104.979    331.725    340.084    0.00029    7.25380   10.36640  315.99190     4.8240   16.24057 8.3071e-02     0.3268     0.8624 0.0000e+00
        479  46.607888    0.03320     1.9923    119.537     50.478  51301.318    31.8519     4.8273     50.000     4.8240    25.1991     7.6176    10.8863    105.016    331.841    340.203    0.00029    7.25381   10.36641  315.99228     4.8238   16.24059 7.5166e-02     0.3442     0.9104 0.0000e+00
        482  46.607896    0.03340     2.0039    120.235     51.487  51302.296    31.8521     4.8277     51.000     4.8244    25.1993     7.6152    10.8829    104.984    331.737    340.096    0.00012    7.25373   10.36630  315.98892     4.8241   16.24043 6.8587e-02     0.3392     0.9225 0.0000e+00
        485  46.607904    0.03359     2.0156    120.938     52.497  51302.996    31.8522     4.8282     52.000     4.8248    25.1993     7.6159    10.8839    104.995    331.767    340.127    0.00010    7.25365   10.36618  315.98511     4.8245   16.24025 6.3018e-02     0.3282     0.9259 0.0000e+00
        488  46.607915    0.03384     2.0303    121.818     53.507  51303.412    31.8521     4.8287     53.000     4.8251    25.1991     7.6184    10.8874    105.029    331.873    340.237    0.00014    7.25356   10.36607  315.98162     4.8249   16.24008 5.8212e-02     0.3174     0.9136 0.0000e+00
