CTD-processing/allCTD/CNV/2014_06-18_t9_s08_cast153_4141.cnv
* Sea-Bird SBE19plus Data File:
* FileName = C:\Users\kris.holderied\Documents\kasitsna\Research-Projects-and-Data\Oceanography-AK\CTD-Data-ALL-to-2014-03\2014-CTD-KachemakBay-CookInlet\2014-06-18-CookInlet-HomerSpit-monthly\2014-06-18-CookInlet-T9-HomerSpit-cast153.hex
* Software Version 1.59
* Temperature SN =  4141
* Conductivity SN =  4141
* System UpLoad Time = Jul 20 2014 20:04:34
** Cook Inlet LTM Transect 9  (Homer Spit) South to North
** Date: 2014-06-18
** Station: 9-08
** Start time: 18:34
** Depth (m): 94.5
** Comment: CTD time is Alaska Daylight time
# nquan = 27
# nvalues = 92                          
# units = specified
# name 0 = scan: Scan Count
# name 1 = timeJ: Julian Days
# name 2 = timeH: Time, Elapsed [hours]
# name 3 = timeM: Time, Elapsed [minutes]
# name 4 = timeS: Time, Elapsed [seconds]
# name 5 = prdM: Pressure, Strain Gauge [db]
# name 6 = specc: Specific Conductance [uS/cm]
# name 7 = sal00: Salinity, Practical [PSU]
# name 8 = tv290C: Temperature [ITS-90, deg C]
# name 9 = depSM: Depth [salt water, m], lat = 59.00
# name 10 = potemp090C: Potential Temperature [ITS-90, deg C]
# name 11 = sigma-é00: Density [sigma-theta, kg/m^3]
# name 12 = sbeox0ML/L: Oxygen, SBE 43 [ml/l]
# name 13 = sbeox0Mg/L: Oxygen, SBE 43 [mg/l]
# name 14 = sbeox0PS: Oxygen, SBE 43 [% saturation]
# name 15 = sbox0Mm/Kg: Oxygen, SBE 43 [umol/kg]
# name 16 = sbeox0Mm/L: Oxygen, SBE 43 [umol/l]
# name 17 = sbox0dV/dT: Oxygen, SBE 43 [dov/dt]
# name 18 = oxsolML/L: Oxygen Saturation, Garcia & Gordon [ml/l]
# name 19 = oxsolMg/L: Oxygen Saturation, Garcia & Gordon [mg/l]
# name 20 = oxsolMm/Kg: Oxygen Saturation, Garcia & Gordon [umol/kg]
# name 21 = n2satMg/L: Nitrogen Saturation [mg/l]
# name 22 = par: PAR/Irradiance, Biospherical/Licor
# name 23 = wetStar: Fluorescence, WET Labs WETstar [mg/m^3]
# name 24 = CStarAt0: Beam Attenuation, WET Labs C-Star [1/m]
# name 25 = CStarTr0: Beam Transmission, WET Labs C-Star [%]
# name 26 = flag: flag
# span 0 =        123,        718       
# span 1 = 169.774623, 169.776346       
# span 2 =    0.00844,    0.04980       
# span 3 =     0.5064,     2.9881       
# span 4 =     30.384,    179.289       
# span 5 =      1.005,     92.855       
# span 6 =  44998.604,  50718.503       
# span 7 =    28.3290,    31.7927       
# span 8 =     6.5652,     9.8519       
# span 9 =      1.000,     92.000       
# span 10 =     6.5578,     9.8482      
# span 11 =    21.7736,    24.9428      
# span 12 =     5.7153,     7.2864      
# span 13 =     8.1678,    10.4129      
# span 14 =     86.435,    110.592      
# span 15 =    249.808,    318.161      
# span 16 =    255.249,    325.407      
# span 17 =   -0.03339,    0.01193      
# span 18 =    6.58169,    6.96521      
# span 19 =    9.40589,    9.95399      
# span 20 =  287.47167,  303.49643      
# span 21 =   14.89101,   15.64562      
# span 22 = 4.0027e-02, 1.7770e+00      
# span 23 =     0.5004,    11.2668      
# span 24 =     0.3864,     2.5244      
# span 25 =    53.6903,    90.7915      
# span 26 = 0.0000e+00, 0.0000e+00      
# interval = meters: 1                  
# start_time = Jun 18 2014 18:34:57 [Instrument's time stamp, header]
# bad_flag = -9.990e-29
*END*
[from data line 54]
        557 169.775880    0.03861     2.3164    138.983     55.526  50562.670    31.7780     7.0367     55.000     7.0346    24.8774     6.4617     9.2344     93.786    281.575    288.580   -0.00062    6.88985    9.84628  300.23155   15.48993 4.0688e-02     0.7445     0.4018    90.4434 0.0000e+00
        561 169.775891    0.03890     2.3338    140.027     56.539  50579.967    31.7921     7.0508     56.000     7.0538    24.8866     6.4672     9.2422     93.904    281.810    288.823    0.00045    6.88697    9.84217  300.10353   15.48377 4.0958e-02     0.7667     0.3996    90.4929 0.0000e+00
        565 169.775902    0.03916     2.3493    140.956     57.545  50539.988    31.7651     7.0583     57.000     7.0360    24.8644     6.4771     9.2564     94.049    282.250    289.268    0.00156    6.88699    9.84220  300.11097   15.48424 4.0560e-02     0.6531     0.3874    90.7700 0.0000e+00
        569 169.775913    0.03942     2.3654    141.923     58.553  50542.499    31.7587     7.0148     58.000     6.9935    24.8651     6.4755     9.2542     93.928    282.181    289.198    0.00036    6.89419    9.85249  300.42443   15.49921 4.0530e-02     0.5923     0.4072    90.3222 0.0000e+00
        573 169.775926    0.03971     2.3827    142.964     59.566  50558.168    31.7644     6.9885     59.000     6.9699    24.8731     6.4609     9.2333     93.662    281.542    288.544   -0.00243    6.89812    9.85810  300.59335   15.50725 4.0554e-02     0.7712     0.4310    89.7834 0.0000e+00
        577 169.775938    0.04000     2.3999    143.993     60.576  50570.331    31.7674     6.9602     60.000     6.9445    24.8792     6.4476     9.2142     93.409    280.959    287.949   -0.00386    6.90249    9.86435  300.78221   15.51625 4.0281e-02     0.7595     0.4543    89.2640 0.0000e+00
        581 169.775949    0.04029     2.4172    145.035     61.586  50589.394    31.7773     6.9437     61.000     6.9362    24.8891     6.4390     9.2020     93.256    280.583    287.567   -0.00424    6.90466    9.86745  300.87369   15.52057 4.0545e-02     0.7518     0.4578    89.1845 0.0000e+00
        585 169.775961    0.04057     2.4342    146.049     62.593  50593.543    31.7792     6.9409     62.000     6.9352    24.8909     6.4382     9.2009     93.240    280.548    287.532   -0.00317    6.90503    9.86798  300.88913   15.52130 4.0413e-02     0.7521     0.4612    89.1104 0.0000e+00
        589 169.775973    0.04085     2.4512    147.075     63.603  50594.262    31.7791     6.9402     63.000     6.9339    24.8910     6.4449     9.2104     93.335    280.840    287.831   -0.00153    6.90513    9.86814  300.89397   15.52153 4.0388e-02     0.7381     0.4661    89.0017 0.0000e+00
        594 169.775986    0.04115     2.4689    148.133     64.615  50592.538    31.7769     6.9371     64.000     6.9268    24.8897     6.4522     9.2208     93.432    281.155    288.153   -0.00010    6.90574    9.86900  300.92082   15.52282 4.0027e-02     0.7284     0.4636    89.0570 0.0000e+00
        598 169.775998    0.04145     2.4871    149.228     65.621  50591.608    31.7738     6.9259     65.000     6.9109    24.8887     6.4397     9.2030     93.226    280.616    287.600   -0.00174    6.90767    9.87176  301.00491   15.52684 4.0230e-02     0.7398     0.4620    89.0921 0.0000e+00
        603 169.776012    0.04179     2.5071    150.426     66.636  50580.841    31.7598     6.8928     66.000     6.8680    24.8821     6.4327     9.1930     93.044    280.308    287.283   -0.00297    6.91358    9.88020  301.26435   15.53927 4.0319e-02     0.6695     0.4737    88.8327 0.0000e+00
        607 169.776025    0.04209     2.5259    151.552     67.645  50619.858    31.7816     6.8654     67.000     6.8572    24.9027     6.4307     9.1901     92.970    280.216    287.194   -0.00262    6.91697    9.88504  301.40609   15.54594 4.0581e-02     0.7639     0.4699    88.9161 0.0000e+00
        611 169.776037    0.04239     2.5436    152.617     68.654  50611.986    31.7742     6.8578     68.000     6.8398    24.8980     6.4214     9.1768     92.814    279.812    286.778   -0.00317    6.91853    9.88728  301.47561   15.54929 4.0385e-02     0.7057     0.4503    89.3535 0.0000e+00
        615 169.776049    0.04267     2.5604    153.624     69.659  50613.642    31.7695     6.8277     69.000     6.8051    24.8982     6.4301     9.1893     92.873    280.192    287.169   -0.00200    6.92357    9.89447  301.69507   15.55978 4.0655e-02     0.6224     0.4248    89.9251 0.0000e+00
        620 169.776062    0.04299     2.5792    154.755     70.670  50637.602    31.7802     6.7975     70.000     6.7846    24.9105     6.4290     9.1877     92.798    280.140    287.118   -0.00185    6.92792    9.90069  301.88088   15.56859 4.0714e-02     0.6296     0.4210    90.0100 0.0000e+00
        625 169.776077    0.04335     2.6013    156.080     71.687  50650.217    31.7863     6.7852     71.000     6.7776    24.9169     6.4233     9.1796     92.694    279.893    286.867   -0.00219    6.92961    9.90310  301.95255   15.57199 4.0608e-02     0.5762     0.4095    90.2692 0.0000e+00
        630 169.776090    0.04366     2.6197    157.181     72.689  50653.453    31.7874     6.7819     72.000     6.7758    24.9183     6.4314     9.1911     92.804    280.242    287.225   -0.00068    6.93009    9.90379  301.97314   15.57296 4.0668e-02     0.6140     0.4162    90.1188 0.0000e+00
        635 169.776104    0.04400     2.6401    158.407     73.705  50647.000    31.7827     6.7826     73.000     6.7715    24.9144     6.4369     9.1991     92.883    280.486    287.474    0.00019    6.93020    9.90395  301.97924   15.57327 4.0728e-02     0.6472     0.4150    90.1444 0.0000e+00
        639 169.776117    0.04431     2.6589    159.534     74.712  50648.504    31.7805     6.7680     74.000     6.7549    24.9146     6.4358     9.1974     92.833    280.436    287.423   -0.00033    6.93264    9.90744  302.08550   15.57835 4.0894e-02     0.7237     0.4149    90.1482 0.0000e+00
        643 169.776129    0.04461     2.6766    160.598     75.723  50640.407    31.7715     6.7516     75.000     6.7295    24.9095     6.4383     9.2010     92.828    280.545    287.533   -0.00049    6.93568    9.91178  302.21930   15.58477 4.0694e-02     0.5649     0.4184    90.0689 0.0000e+00
        647 169.776141    0.04489     2.6935    161.609     76.731  50654.898    31.7750     6.7188     76.000     6.7016    24.9166     6.4335     9.1941     92.691    280.335    287.320   -0.00128    6.94080    9.91910  302.44049   15.59531 4.0803e-02     0.6126     0.4305    89.7975 0.0000e+00
        652 169.776154    0.04518     2.7109    162.655     77.739  50675.675    31.7861     6.7031     77.000     6.6954    24.9274     6.4117     9.1630     92.351    279.384    286.348   -0.00400    6.94281    9.92198  302.52500   15.59929 4.0787e-02     0.5667     0.4292    89.8255 0.0000e+00
        656 169.776167    0.04550     2.7301    163.805     78.751  50675.429    31.7850     6.7004     78.000     6.6909    24.9269     6.4043     9.1524     92.237    279.059    286.016   -0.00403    6.94331    9.92268  302.54653   15.60032 4.0838e-02     0.5004     0.4338    89.7228 0.0000e+00
        661 169.776180    0.04582     2.7492    164.951     79.760  50670.705    31.7794     6.6908     79.000     6.6756    24.9238     6.4203     9.1753     92.444    279.759    286.732   -0.00096    6.94511    9.92525  302.62582   15.60413 4.0669e-02     0.5104     0.4519    89.3177 0.0000e+00
        666 169.776194    0.04615     2.7692    166.153     80.773  50672.155    31.7757     6.6670     80.000     6.6488    24.9237     6.4175     9.1712     92.349    279.634    286.604   -0.00116    6.94912    9.93099  302.80072   15.61248 4.0814e-02     0.5692     0.4957    88.3443 0.0000e+00
        670 169.776207    0.04648     2.7884    167.306     81.780  50672.374    31.7702     6.6390     81.000     6.6169    24.9230     6.4024     9.1497     92.069    278.977    285.930   -0.00342    6.95388    9.93779  303.00829   15.62240 4.0929e-02     0.5060     0.5391    87.3924 0.0000e+00
        675 169.776221    0.04680     2.8077    168.460     82.792  50701.141    31.7844     6.6107     82.000     6.6021    24.9379     6.3970     9.1420     91.940    278.740    285.691   -0.00336    6.95781    9.94340  303.17507   15.63029 4.0987e-02     0.6202     0.6670    84.6471 0.0000e+00
        679 169.776233    0.04710     2.8259    169.555     83.799  50691.618    31.7767     6.6071     83.000     6.5916    24.9322     6.3826     9.1215     91.722    278.116    285.050   -0.00417    6.95872    9.94472  303.21694   15.63232 4.1001e-02     0.7015     0.7331    83.2566 0.0000e+00
        684 169.776246    0.04742     2.8450    170.698     84.809  50705.500    31.7831     6.5921     84.000     6.5824    24.9392     6.3748     9.1101     91.580    277.769    284.696   -0.00422    6.96087    9.94776  303.30785   15.63663 4.0881e-02     0.7351     0.7985    81.9060 0.0000e+00
        688 169.776260    0.04774     2.8643    171.859     85.821  50707.253    31.7828     6.5866     85.000     6.5769    24.9396     6.3768     9.1131     91.597    277.859    284.789   -0.00267    6.96178    9.94907  303.34753   15.63852 4.0944e-02     0.6159     0.8302    81.2592 0.0000e+00
        693 169.776273    0.04805     2.8830    172.981     86.830  50710.987    31.7840     6.5817     86.000     6.5731    24.9413     6.3737     9.1086     91.543    277.721    284.648   -0.00224    6.96251    9.95013  303.37910   15.64002 4.1134e-02     0.6670     0.8879    80.0948 0.0000e+00
        697 169.776286    0.04835     2.9010    174.061     87.844  50709.490    31.7821     6.5797     87.000     6.5691    24.9400     6.3713     9.1052     91.503    277.618    284.542   -0.00190    6.96293    9.95072  303.39769   15.64092 4.1103e-02     0.7315     0.9054    79.7437 0.0000e+00
        701 169.776296    0.04861     2.9167    175.001     88.849  50708.877    31.7798     6.5721     88.000     6.5611    24.9392     6.3603     9.0895     91.328    277.140    284.051   -0.00284    6.96426    9.95263  303.45599   15.64371 4.1180e-02     0.8074     1.0207    77.4908 0.0000e+00
        705 169.776307    0.04887     2.9324    175.943     89.858  50716.063    31.7836     6.5680     89.000     6.5600    24.9427     6.3550     9.0819     91.244    276.906    283.813   -0.00321    6.96476    9.95333  303.47647   15.64467 4.0992e-02     0.7510     1.2044    73.9949 0.0000e+00
        709 169.776320    0.04917     2.9502    177.009     90.868  50717.010    31.7835     6.5666     90.000     6.5586    24.9427     6.3593     9.0881     91.304    277.095    284.006   -0.00162    6.96498    9.95365  303.48626   15.64514 4.0976e-02     0.8035     1.2544    73.0806 0.0000e+00
        714 169.776333    0.04948     2.9688    178.125     91.877  50716.810    31.7827     6.5661     91.000     6.5579    24.9423     6.3480     9.0719     91.140    276.603    283.502   -0.00245    6.96510    9.95382  303.49132   15.64538 4.1197e-02     0.8603     1.3141    72.0075 0.0000e+00
        718 169.776346    0.04980     2.9881    179.289     92.855  50718.503    31.7834     6.5652     92.000     6.5578    24.9428     6.3388     9.0587     91.006    276.199    283.089   -0.00321    6.96521    9.95399  303.49643   15.64562 4.0888e-02     0.7615     1.4760    69.1171 0.0000e+00
