CTD-processing/allCTD/CNV/2014_12-17_t9_s03_cast170_4141.cnv
* Sea-Bird SBE19plus Data File:
* FileName = C:\Users\kris.holderied\Documents\kasitsna\Research-Projects-and-Data\Oceanography-AK\CTD-Data-ALL-to-2014-10\2014-CTD-KachemakBay-CookInlet\2014-12-17-CookInlet-HomerSpit-monthly\2014-12-17-CookInlet-Tran9-cast170.hex
* Software Version 1.59
* Temperature SN =  4141
* Conductivity SN =  4141
* System UpLoad Time = Jan 16 2015 13:11:30
** Cook Inlet LTM Tran9 (Homer Spit) North to South
** Date: 12-17
** Station: 12:34
** Start time:  9-03
** Depth (m): 92.7
** Comment:  CTD time is local time (AKST).
** Comment: On Kasitsna Bay Lab R/V Banacle.
# nquan = 27
# nvalues = 87                          
# units = specified
# name 0 = scan: Scan Count
# name 1 = timeJ: Julian Days
# name 2 = timeH: Time, Elapsed [hours]
# name 3 = timeM: Time, Elapsed [minutes]
# name 4 = timeS: Time, Elapsed [seconds]
# name 5 = prdM: Pressure, Strain Gauge [db]
# name 6 = specc: Specific Conductance [uS/cm]
# name 7 = sal00: Salinity, Practical [PSU]
# name 8 = tv290C: Temperature [ITS-90, deg C]
# name 9 = depSM: Depth [salt water, m], lat = 59.00
# name 10 = potemp090C: Potential Temperature [ITS-90, deg C]
# name 11 = sigma-é00: Density [sigma-theta, kg/m^3]
# name 12 = sbeox0ML/L: Oxygen, SBE 43 [ml/l]
# name 13 = sbeox0Mg/L: Oxygen, SBE 43 [mg/l]
# name 14 = sbeox0PS: Oxygen, SBE 43 [% saturation]
# name 15 = sbox0Mm/Kg: Oxygen, SBE 43 [umol/kg]
# name 16 = sbeox0Mm/L: Oxygen, SBE 43 [umol/l]
# name 17 = sbox0dV/dT: Oxygen, SBE 43 [dov/dt]
# name 18 = oxsolML/L: Oxygen Saturation, Garcia & Gordon [ml/l]
# name 19 = oxsolMg/L: Oxygen Saturation, Garcia & Gordon [mg/l]
# name 20 = oxsolMm/Kg: Oxygen Saturation, Garcia & Gordon [umol/kg]
# name 21 = n2satMg/L: Nitrogen Saturation [mg/l]
# name 22 = par: PAR/Irradiance, Biospherical/Licor
# name 23 = wetStar: Fluorescence, WET Labs WETstar [mg/m^3]
# name 24 = CStarAt0: Beam Attenuation, WET Labs C-Star [1/m]
# name 25 = CStarTr0: Beam Transmission, WET Labs C-Star [%]
# name 26 = flag: flag
# span 0 =        268,        635       
# span 1 = 351.524292, 351.525354       
# span 2 =    0.01857,    0.04405       
# span 3 =     1.1143,     2.6431       
# span 4 =     66.855,    158.585       
# span 5 =      1.012,     87.822       
# span 6 =  47067.748,  49101.046       
# span 7 =    29.1609,    30.9189       
# span 8 =     5.7503,     8.0939       
# span 9 =      1.000,     87.000       
# span 10 =     5.7579,     8.0863      
# span 11 =    22.9701,    24.0588      
# span 12 =     5.6985,     6.2415      
# span 13 =     8.1437,     8.9197      
# span 14 =     84.058,     86.430      
# span 15 =    248.518,    272.487      
# span 16 =    254.495,    278.747      
# span 17 =   -0.00797,    0.04628      
# span 18 =    6.76361,    7.22429      
# span 19 =    9.66588,   10.32424      
# span 20 =  294.96842,  315.39227      
# span 21 =   15.24233,   16.22313      
# span 22 = 3.5641e-02, 7.1015e+00      
# span 23 =     0.1917,     0.4919      
# span 24 =     0.5479,     1.5616      
# span 25 =    67.6750,    87.1995      
# span 26 = 0.0000e+00, 0.0000e+00      
# interval = meters: 1                  
# start_time = Dec 17 2014 12:33:52 [Instrument's time stamp, header]
# bad_flag = -9.990e-29
*END*
[from data line 54]
        513 351.525001    0.03558     2.1346    128.076     55.527  49013.072    30.8655     8.0503     55.000     8.0454    24.0223     5.7659     8.2401     85.139    251.464    257.505   -0.00046    6.77232    9.67832  295.35681   15.26105 3.6382e-02     0.2040     0.5847    86.4004 0.0000e+00
        517 351.525011    0.03581     2.1490    128.942     56.536  49012.974    30.8651     8.0508     56.000     8.0455    24.0219     5.7617     8.2341     85.078    251.280    257.317   -0.00109    6.77226    9.67823  295.35410   15.26092 3.6382e-02     0.2010     0.5913    86.2568 0.0000e+00
        520 351.525021    0.03606     2.1635    129.812     57.546  49017.072    30.8677     8.0517     57.000     8.0473    24.0238     5.7588     8.2299     85.039    251.155    257.189   -0.00123    6.77201    9.67788  295.34265   15.26036 3.6382e-02     0.2128     0.5954    86.1690 0.0000e+00
        524 351.525031    0.03630     2.1781    130.686     58.553  49017.887    30.8680     8.0533     58.000     8.0482    24.0238     5.7558     8.2257     84.997    251.023    257.054   -0.00136    6.77174    9.67749  295.33106   15.25981 3.6382e-02     0.2049     0.6022    86.0232 0.0000e+00
        527 351.525042    0.03656     2.1932    131.594     59.566  49017.748    30.8676     8.0541     59.000     8.0486    24.0234     5.7573     8.2277     85.020    251.087    257.119   -0.00098    6.77165    9.67737  295.32722   15.25963 3.6382e-02     0.2057     0.6055    85.9530 0.0000e+00
        531 351.525052    0.03680     2.2081    132.488     60.578  49022.045    30.8702     8.0546     60.000     8.0506    24.0254     5.7594     8.2307     85.054    251.180    257.214   -0.00037    6.77145    9.67707  295.31758   15.25916 3.6382e-02     0.1917     0.6096    85.8653 0.0000e+00
        534 351.525062    0.03703     2.2222    133.330     61.585  49027.098    30.8739     8.0583     61.000     8.0549    24.0277     5.7620     8.2345     85.102    251.293    257.331   -0.00002    6.77072    9.67603  295.28533   15.25761 3.6382e-02     0.2073     0.6202    85.6378 0.0000e+00
        538 351.525071    0.03727     2.2361    134.168     62.596  49028.007    30.8747     8.0620     62.000     8.0568    24.0278     5.7626     8.2354     85.119    251.320    257.359    0.00013    6.77012    9.67518  295.25897   15.25635 3.6382e-02     0.2114     0.6409    85.1942 0.0000e+00
        541 351.525081    0.03749     2.2496    134.978     63.604  49027.398    30.8740     8.0631     63.000     8.0575    24.0272     5.7571     8.2274     85.038    251.079    257.111   -0.00056    6.76998    9.67497  295.25318   15.25607 3.6382e-02     0.1983     0.6503    84.9970 0.0000e+00
        544 351.525090    0.03772     2.2632    135.791     64.613  49029.150    30.8748     8.0638     64.000     8.0583    24.0277     5.7499     8.2171     84.934    250.763    256.788   -0.00161    6.76984    9.67477  295.24673   15.25576 3.6382e-02     0.2062     0.6533    84.9313 0.0000e+00
        548 351.525100    0.03796     2.2771    136.626     65.623  49031.585    30.8763     8.0648     65.000     8.0590    24.0287     5.7466     8.2125     84.889    250.623    256.645   -0.00183    6.76961    9.67446  295.23696   15.25529 3.6382e-02     0.2096     0.6530    84.9376 0.0000e+00
        551 351.525110    0.03818     2.2911    137.465     66.633  49031.962    30.8762     8.0656     66.000     8.0598    24.0286     5.7507     8.2184     84.950    250.800    256.826   -0.00090    6.76950    9.67429  295.23172   15.25504 3.6382e-02     0.2023     0.6588    84.8144 0.0000e+00
        554 351.525120    0.03842     2.3054    138.321     67.641  49037.931    30.8801     8.0668     67.000     8.0618    24.0315     5.7514     8.2193     84.965    250.829    256.857   -0.00050    6.76915    9.67379  295.21564   15.25426 3.6382e-02     0.2131     0.6642    84.6996 0.0000e+00
        558 351.525130    0.03867     2.3205    139.229     68.657  49046.504    30.8860     8.0698     68.000     8.0644    24.0358     5.7471     8.2132     84.911    250.643    256.668   -0.00088    6.76842    9.67275  295.18278   15.25266 3.6382e-02     0.2041     0.7149    83.6355 0.0000e+00
        561 351.525140    0.03891     2.3345    140.069     69.663  49050.316    30.8885     8.0716     69.000     8.0659    24.0375     5.7399     8.2030     84.809    250.327    256.344   -0.00160    6.76803    9.67219  295.16529   15.25182 3.6382e-02     0.2091     0.8072    81.7279 0.0000e+00
        565 351.525149    0.03914     2.3484    140.903     70.673  49054.931    30.8916     8.0732     70.000     8.0673    24.0396     5.7346     8.1952     84.734    250.092    256.104   -0.00213    6.76767    9.67166  295.14852   15.25101 3.6382e-02     0.2049     0.8434    80.9887 0.0000e+00
        568 351.525159    0.03938     2.3624    141.744     71.682  49065.027    30.8984     8.0749     71.000     8.0700    24.0448     5.7285     8.1866     84.653    249.829    255.836   -0.00223    6.76710    9.67087  295.12254   15.24974 3.6382e-02     0.2061     0.8775    80.3024 0.0000e+00
        571 351.525169    0.03960     2.3764    142.586     72.693  49072.736    30.9039     8.0784     72.000     8.0729    24.0486     5.7210     8.1759     84.551    249.499    255.500   -0.00275    6.76631    9.66973  295.08710   15.24802 3.6382e-02     0.1976     0.9503    78.8560 0.0000e+00
        575 351.525178    0.03984     2.3903    143.416     73.702  49072.947    30.9039     8.0803     73.000     8.0737    24.0483     5.7130     8.1645     84.437    249.152    255.144   -0.00303    6.76602    9.66932  295.07435   15.24742 3.6382e-02     0.2080     0.9975    77.9308 0.0000e+00
        578 351.525188    0.04007     2.4041    144.247     74.712  49074.246    30.9046     8.0808     74.000     8.0743    24.0487     5.7111     8.1616     84.408    249.065    255.055   -0.00286    6.76591    9.66916  295.06949   15.24718 3.6382e-02     0.2038     1.0269    77.3587 0.0000e+00
        581 351.525198    0.04030     2.4180    145.079     75.720  49080.098    30.9084     8.0823     75.000     8.0780    24.0515     5.7089     8.1587     84.383    248.973    254.962   -0.00229    6.76552    9.66860  295.05151   15.24630 3.6382e-02     0.2029     1.0379    77.1460 0.0000e+00
        585 351.525207    0.04054     2.4320    145.922     76.731  49082.495    30.9105     8.0880     76.000     8.0830    24.0524     5.7098     8.1599     84.408    249.011    255.000   -0.00165    6.76455    9.66722  295.00923   15.24428 3.6382e-02     0.2074     1.0349    77.2029 0.0000e+00
        588 351.525217    0.04076     2.4461    146.768     77.743  49080.210    30.9089     8.0913     77.000     8.0843    24.0507     5.7128     8.1642     84.457    249.144    255.136   -0.00071    6.76412    9.66660  294.99088   15.24341 3.6382e-02     0.2018     1.0323    77.2531 0.0000e+00
        591 351.525227    0.04100     2.4599    147.593     78.752  49082.995    30.9105     8.0922     78.000     8.0854    24.0519     5.7116     8.1626     84.444    249.092    255.083   -0.00070    6.76391    9.66631  294.98124   15.24294 3.6382e-02     0.2037     1.0377    77.1499 0.0000e+00
        595 351.525236    0.04122     2.4733    148.397     79.760  49084.189    30.9111     8.0932     79.000     8.0862    24.0522     5.7085     8.1579     84.397    248.949    254.937   -0.00101    6.76372    9.66603  294.97282   15.24254 3.6382e-02     0.2057     1.0460    76.9904 0.0000e+00
        598 351.525246    0.04145     2.4868    149.210     80.770  49083.400    30.9102     8.0939     80.000     8.0863    24.0514     5.7011     8.1474     84.290    248.631    254.611   -0.00170    6.76365    9.66593  294.97017   15.24242 3.6382e-02     0.1990     1.0398    77.1109 0.0000e+00
        601 351.525256    0.04168     2.5007    150.043     81.776  49085.200    30.9110     8.0939     81.000     8.0855    24.0521     5.6985     8.1437     84.253    248.518    254.495   -0.00200    6.76361    9.66588  294.96842   15.24233 3.6382e-02     0.2087     1.0486    76.9391 0.0000e+00
        605 351.525266    0.04194     2.5163    150.978     82.792  49084.772    30.9101     8.0922     82.000     8.0828    24.0516     5.7074     8.1564     84.380    248.905    254.893   -0.00038    6.76393    9.66633  294.98223   15.24299 3.6382e-02     0.1952     1.0961    76.0322 0.0000e+00
        608 351.525276    0.04218     2.5311    151.866     83.801  49087.328    30.9111     8.0902     83.000     8.0818    24.0527     5.7095     8.1596     84.409    249.002    254.991    0.00010    6.76419    9.66670  294.99314   15.24351 3.6382e-02     0.2093     1.1327    75.3388 0.0000e+00
        612 351.525286    0.04242     2.5455    152.729     84.812  49087.561    30.9107     8.0893     84.000     8.0811    24.0525     5.7065     8.1551     84.361    248.865    254.851   -0.00050    6.76434    9.66691  294.99988   15.24383 3.6382e-02     0.2190     1.1432    75.1434 0.0000e+00
        615 351.525296    0.04265     2.5592    153.551     85.818  49089.340    30.9114     8.0891     85.000     8.0802    24.0531     5.7070     8.1559     84.369    248.888    254.874   -0.00050    6.76435    9.66693  295.00005   15.24384 3.6382e-02     0.2053     1.1792    74.4684 0.0000e+00
        619 351.525306    0.04289     2.5735    154.407     86.827  49095.313    30.9151     8.0887     86.000     8.0816    24.0561     5.7082     8.1576     84.388    248.940    254.928   -0.00026    6.76424    9.66677  294.99434   15.24355 3.6382e-02     0.2117     1.2525    73.1167 0.0000e+00
        635 351.525354    0.04405     2.6431    158.585     87.822  49101.046    30.9189     8.0907     87.000     8.0821    24.0588     5.7075     8.1566     84.384    248.909    254.897    0.00014    6.76377    9.66610  294.97329   15.24252 3.6382e-02     0.2072     1.2884    72.4635 0.0000e+00
