CTD-processing/allCTD/CNV/2014_07-23_t6_s04_cast199_4141.cnv
* Sea-Bird SBE19plus Data File:
* FileName = C:\Users\kris.holderied\Documents\kasitsna\Research-Projects-and-Data\Oceanography-AK\CTD-Data-ALL-to-2014-06\2014-CTD-KachemakBay-CookInlet\2014-07-EVOSTC-CookInlet-quarterly\2014-07-23-CookInlet-Tran6-Douglas\2014-07-23-CookInlet-Tran6-cast199.hex
* Software Version 1.59
* Temperature SN =  4141
* Conductivity SN =  4141
* System UpLoad Time = Jul 23 2014 23:19:50
** Cook Inlet LTM Transect 6 (Douglas) East to West
** Date: 07-23
** Station: 6-04
** Start time: 09:19
** Depth (m): 105
** Comment:  CTD time is Alaska Daylight time.  Transducer  depth (transducer is 9 ft).
** Comment:
# nquan = 27
# nvalues = 104                         
# units = specified
# name 0 = scan: Scan Count
# name 1 = timeJ: Julian Days
# name 2 = timeH: Time, Elapsed [hours]
# name 3 = timeM: Time, Elapsed [minutes]
# name 4 = timeS: Time, Elapsed [seconds]
# name 5 = prdM: Pressure, Strain Gauge [db]
# name 6 = specc: Specific Conductance [uS/cm]
# name 7 = sal00: Salinity, Practical [PSU]
# name 8 = tv290C: Temperature [ITS-90, deg C]
# name 9 = depSM: Depth [salt water, m], lat = 59.00
# name 10 = potemp090C: Potential Temperature [ITS-90, deg C]
# name 11 = sigma-é00: Density [sigma-theta, kg/m^3]
# name 12 = sbeox0ML/L: Oxygen, SBE 43 [ml/l]
# name 13 = sbeox0Mg/L: Oxygen, SBE 43 [mg/l]
# name 14 = sbeox0PS: Oxygen, SBE 43 [% saturation]
# name 15 = sbox0Mm/Kg: Oxygen, SBE 43 [umol/kg]
# name 16 = sbeox0Mm/L: Oxygen, SBE 43 [umol/l]
# name 17 = sbox0dV/dT: Oxygen, SBE 43 [dov/dt]
# name 18 = oxsolML/L: Oxygen Saturation, Garcia & Gordon [ml/l]
# name 19 = oxsolMg/L: Oxygen Saturation, Garcia & Gordon [mg/l]
# name 20 = oxsolMm/Kg: Oxygen Saturation, Garcia & Gordon [umol/kg]
# name 21 = n2satMg/L: Nitrogen Saturation [mg/l]
# name 22 = par: PAR/Irradiance, Biospherical/Licor
# name 23 = wetStar: Fluorescence, WET Labs WETstar [mg/m^3]
# name 24 = CStarAt0: Beam Attenuation, WET Labs C-Star [1/m]
# name 25 = CStarTr0: Beam Transmission, WET Labs C-Star [%]
# name 26 = flag: flag
# span 0 =        125,        724       
# span 1 = 204.388750, 204.390481       
# span 2 =    0.00860,    0.05018       
# span 3 =     0.5162,     3.0108       
# span 4 =     30.970,    180.648       
# span 5 =      1.005,    104.963       
# span 6 =  49343.064,  50463.607       
# span 7 =    31.4057,    31.9069       
# span 8 =     8.3476,    10.1952       
# span 9 =      1.000,    104.000       
# span 10 =     8.3379,    10.1875      
# span 11 =    24.1265,    24.7965      
# span 12 =     5.4152,     6.3079      
# span 13 =     7.7388,     9.0146      
# span 14 =     84.172,     97.962      
# span 15 =    236.142,    275.074      
# span 16 =    241.841,    281.711      
# span 17 =   -0.01555,    0.01024      
# span 18 =    6.43348,    6.68164      
# span 19 =    9.19408,    9.54873      
# span 20 =  280.54851,  291.18222      
# span 21 =   14.55098,   15.05748      
# span 22 = 4.4196e-02, 1.1781e+02      
# span 23 =     0.8022,     4.1139      
# span 24 =     0.2422,     0.5551      
# span 25 =    87.3700,    94.1243      
# span 26 = 0.0000e+00, 0.0000e+00      
# interval = meters: 1                  
# start_time = Jul 23 2014 09:19:17 [Instrument's time stamp, header]
# bad_flag = -9.990e-29
*END*
[from data line 54]
        518 204.389887    0.03591     2.1546    129.276     55.537  49886.395    31.6152     8.9794     55.000     8.9701    24.4728     5.8341     8.3374     88.392    254.324    260.548   -0.00181    6.60021    9.43236  287.72409   14.89341 9.3399e-02     1.7018     0.2888    93.0353 0.0000e+00
        521 204.389897    0.03614     2.1687    130.124     56.541  49888.837    31.6155     8.9728     56.000     8.9608    24.4741     5.8253     8.3250     88.247    253.945    260.159   -0.00263    6.60117    9.43373  287.76524   14.89538 8.7398e-02     1.5945     0.2873    93.0700 0.0000e+00
        524 204.389906    0.03635     2.1810    130.858     57.546  49894.261    31.6176     8.9637     57.000     8.9498    24.4771     5.8253     8.3249     88.229    253.941    260.156   -0.00274    6.60241    9.43550  287.81848   14.89791 8.2119e-02     1.7031     0.2870    93.0765 0.0000e+00
        527 204.389914    0.03656     2.1937    131.620     58.543  49902.501    31.6212     8.9509     58.000     8.9358    24.4818     5.8389     8.3442     88.411    254.529    260.760   -0.00028    6.60415    9.43799  287.89321   14.90147 7.6653e-02     1.6789     0.2864    93.0914 0.0000e+00
        533 204.389931    0.03696     2.2175    133.049     59.563  49919.319    31.6290     8.9267     59.000     8.9123    24.4917     5.8194     8.3165     88.074    253.680    259.893   -0.00280    6.60737    9.44259  288.03062   14.90800 7.2906e-02     1.6129     0.2812    93.2113 0.0000e+00
        540 204.389950    0.03740     2.2439    134.633     60.593  49923.937    31.6270     8.8928     60.000     8.8591    24.4952     5.8080     8.3003     87.836    253.186    259.389   -0.00349    6.61245    9.44985  288.25125   14.91856 6.9652e-02     1.4606     0.2779    93.2888 0.0000e+00
        542 204.389958    0.03760     2.2561    135.365     61.592  49941.386    31.6325     8.8499     61.000     8.8037    24.5061     5.8031     8.2931     87.678    252.963    259.162   -0.00424    6.61854    9.45856  288.51393   14.93108 6.6622e-02     1.4070     0.2772    93.3062 0.0000e+00
        545 204.389965    0.03778     2.2666    135.996     62.583  49961.204    31.6376     8.7928     62.000     8.6973    24.5188     5.7961     8.2833     87.466    252.660    258.855   -0.00521    6.62677    9.47032  288.86890   14.94803 6.4264e-02     1.4509     0.2708    93.4551 0.0000e+00
        549 204.389976    0.03802     2.2814    136.885     63.591  50131.710    31.7336     8.6356     63.000     8.5714    24.6176     5.7731     8.2505     86.867    251.635    257.830   -0.00893    6.64598    9.49777  289.67816   14.98631 6.1305e-02     1.3891     0.2634    93.6263 0.0000e+00
        556 204.389997    0.03853     2.3122    138.730     64.622  50277.306    31.8188     8.5257     64.000     8.5173    24.7007     5.7257     8.1826     85.989    249.547    255.711   -0.01152    6.65868    9.51592  290.20842   15.01130 1.0832e-01     1.2226     0.2572    93.7716 0.0000e+00
        561 204.390011    0.03888     2.3329    139.976     65.636  50283.023    31.8215     8.5198     65.000     8.5113    24.7037     5.7173     8.1706     85.853    249.180    255.336   -0.00857    6.65944    9.51701  290.24055   15.01282 9.4902e-02     1.1534     0.2585    93.7407 0.0000e+00
        564 204.390019    0.03908     2.3446    140.676     66.636  50285.728    31.8225     8.5171     66.000     8.5067    24.7049     5.7188     8.1728     85.872    249.248    255.405   -0.00601    6.65982    9.51754  290.25656   15.01358 5.3982e-02     1.1352     0.2574    93.7686 0.0000e+00
        566 204.390027    0.03925     2.3550    141.298     67.639  50291.356    31.8252     8.5120     67.000     8.4998    24.7078     5.7201     8.1746     85.882    249.299    255.460   -0.00488    6.66045    9.51844  290.28332   15.01485 5.5441e-02     0.9960     0.2580    93.7541 0.0000e+00
        569 204.390035    0.03944     2.3666    141.997     68.639  50301.462    31.8309     8.5049     68.000     8.4949    24.7133     5.7256     8.1825     85.954    249.539    255.706   -0.00324    6.66127    9.51962  290.31754   15.01647 5.4073e-02     1.0919     0.2584    93.7437 0.0000e+00
        574 204.390049    0.03978     2.3868    143.208     69.656  50311.872    31.8369     8.4998     69.000     8.4917    24.7188     5.7268     8.1841     85.965    249.588    255.758   -0.00187    6.66178    9.52034  290.33806   15.01742 5.3010e-02     1.1175     0.2574    93.7675 0.0000e+00
        581 204.390070    0.04030     2.4177    145.060     70.682  50321.222    31.8423     8.4949     70.000     8.4852    24.7238     5.7126     8.1639     85.746    248.971    255.126   -0.00275    6.66226    9.52103  290.35764   15.01833 5.2188e-02     1.0930     0.2556    93.8104 0.0000e+00
        585 204.390082    0.04059     2.4352    146.113     71.697  50330.951    31.8476     8.4882     71.000     8.4770    24.7290     5.7097     8.1597     85.692    248.842    254.995   -0.00241    6.66304    9.52214  290.39007   15.01986 5.1369e-02     1.0872     0.2546    93.8351 0.0000e+00
        588 204.390090    0.04076     2.4459    146.751     72.694  50336.084    31.8499     8.4824     72.000     8.4680    24.7316     5.7127     8.1640     85.727    248.971    255.129   -0.00182    6.66380    9.52324  290.42255   15.02141 5.0608e-02     1.0737     0.2562    93.7945 0.0000e+00
        591 204.390097    0.04094     2.4568    147.411     73.693  50346.990    31.8556     8.4728     73.000     8.4599    24.7376     5.7127     8.1640     85.712    248.970    255.129   -0.00144    6.66500    9.52495  290.47325   15.02380 5.0698e-02     1.0104     0.2548    93.8285 0.0000e+00
        594 204.390108    0.04121     2.4727    148.364     74.699  50357.470    31.8612     8.4641     74.000     8.4539    24.7432     5.7116     8.1625     85.682    248.921    255.081   -0.00147    6.66604    9.52645  290.51733   15.02588 4.9456e-02     1.0101     0.2539    93.8488 0.0000e+00
        602 204.390131    0.04176     2.5053    150.320     75.736  50365.774    31.8653     8.4554     75.000     8.4452    24.7477     5.7033     8.1505     85.542    248.557    254.708   -0.00171    6.66719    9.52808  290.56570   15.02818 4.8831e-02     0.9268     0.2517    93.9003 0.0000e+00
        606 204.390143    0.04204     2.5224    151.344     76.744  50371.195    31.8676     8.4492     76.000     8.4365    24.7505     5.6905     8.1324     85.341    248.001    254.139   -0.00334    6.66801    9.52926  290.60096   15.02985 4.8737e-02     0.9239     0.2539    93.8479 0.0000e+00
        609 204.390150    0.04221     2.5329    151.973     77.744  50372.255    31.8665     8.4395     77.000     8.4200    24.7510     5.6948     8.1385     85.386    248.189    254.332   -0.00239    6.66952    9.53140  290.66622   15.03298 4.7837e-02     1.0057     0.2565    93.7890 0.0000e+00
        611 204.390157    0.04239     2.5433    152.601     78.743  50388.371    31.8752     8.4253     78.000     8.4105    24.7599     5.7028     8.1499     85.483    248.534    254.688   -0.00098    6.67127    9.53391  290.74025   15.03648 4.7711e-02     0.9809     0.2502    93.9368 0.0000e+00
        614 204.390166    0.04260     2.5557    153.342     79.744  50396.513    31.8788     8.4145     79.000     8.3982    24.7643     5.7021     8.1489     85.454    248.503    254.657   -0.00082    6.67273    9.53599  290.80252   15.03944 4.7162e-02     0.9244     0.2526    93.8795 0.0000e+00
        622 204.390188    0.04312     2.5873    155.238     80.777  50412.864    31.8874     8.3993     80.000     8.3884    24.7734     5.6894     8.1308     85.239    247.947    254.089   -0.00198    6.67463    9.53871  290.88270   15.04323 4.6920e-02     0.9593     0.2508    93.9220 0.0000e+00
        628 204.390205    0.04352     2.6114    156.686     81.799  50416.202    31.8884     8.3934     81.000     8.3814    24.7750     5.6909     8.1329     85.251    248.013    254.157   -0.00103    6.67549    9.53994  290.91979   15.04500 4.6894e-02     0.8965     0.2475    94.0007 0.0000e+00
        630 204.390212    0.04370     2.6220    157.319     82.794  50420.991    31.8905     8.3886     82.000     8.3768    24.7775     5.6938     8.1372     85.287    248.141    254.289   -0.00046    6.67611    9.54083  290.94610   15.04625 4.6309e-02     0.8708     0.2503    93.9343 0.0000e+00
        633 204.390219    0.04386     2.6314    157.885     83.781  50424.491    31.8919     8.3845     83.000     8.3735    24.7791     5.6943     8.1378     85.287    248.160    254.309   -0.00035    6.67665    9.54161  290.96943   15.04736 4.6248e-02     0.9116     0.2492    93.9603 0.0000e+00
        636 204.390229    0.04410     2.6457    158.744     84.794  50429.508    31.8944     8.3810     84.000     8.3718    24.7817     5.6956     8.1395     85.301    248.214    254.366   -0.00030    6.67708    9.54222  290.98737   15.04821 4.5998e-02     0.8387     0.2500    93.9419 0.0000e+00
        643 204.390249    0.04459     2.6754    160.526     85.828  50430.789    31.8946     8.3791     85.000     8.3694    24.7821     5.6740     8.1088     84.974    247.275    253.403   -0.00276    6.67736    9.54261  290.99926   15.04877 4.5935e-02     0.8511     0.2461    94.0333 0.0000e+00
        648 204.390263    0.04494     2.6965    161.792     86.837  50430.521    31.8932     8.3741     86.000     8.3599    24.7817     5.6701     8.1031     84.905    247.103    253.226   -0.00243    6.67817    9.54378  291.03482   15.05048 4.5837e-02     0.8884     0.2442    94.0771 0.0000e+00
        651 204.390273    0.04516     2.7098    162.589     87.842  50442.520    31.9000     8.3666     87.000     8.3591    24.7881     5.6748     8.1098     84.965    247.306    253.436   -0.00143    6.67899    9.54495  291.06884   15.05207 4.5793e-02     0.8708     0.2475    94.0002 0.0000e+00
        654 204.390282    0.04538     2.7225    163.352     88.845  50440.894    31.8988     8.3690     88.000     8.3605    24.7868     5.6739     8.1086     84.956    247.269    253.398   -0.00106    6.67869    9.54451  291.05587   15.05146 4.5581e-02     0.9102     0.2444    94.0711 0.0000e+00
        658 204.390293    0.04564     2.7382    164.294     89.850  50442.614    31.8997     8.3700     89.000     8.3629    24.7875     5.6757     8.1111     84.984    247.344    253.475   -0.00075    6.67849    9.54424  291.04729   15.05105 4.5338e-02     0.8917     0.2444    94.0730 0.0000e+00
        665 204.390312    0.04609     2.7658    165.945     90.872  50438.324    31.8960     8.3683     90.000     8.3553    24.7848     5.6806     8.1181     85.053    247.559    253.695    0.00012    6.67893    9.54485  291.06676   15.05199 4.5272e-02     0.9051     0.2448    94.0650 0.0000e+00
        671 204.390329    0.04650     2.7896    167.375     91.889  50448.404    31.9008     8.3565     91.000     8.3449    24.7903     5.6792     8.1161     85.012    247.498    253.633   -0.00028    6.68049    9.54708  291.13309   15.05514 4.5269e-02     0.9079     0.2422    94.1243 0.0000e+00
        674 204.390338    0.04673     2.8036    168.215     92.891  50453.490    31.9034     8.3531     92.000     8.3437    24.7929     5.6759     8.1115     84.958    247.355    253.487   -0.00087    6.68087    9.54764  291.14947   15.05591 4.5078e-02     0.8579     0.2486    93.9737 0.0000e+00
        677 204.390347    0.04694     2.8167    169.004     93.893  50453.931    31.9031     8.3528     93.000     8.3427    24.7927     5.6719     8.1057     84.897    247.180    253.308   -0.00133    6.68094    9.54772  291.15196   15.05603 4.5378e-02     0.8448     0.2444    94.0723 0.0000e+00
        681 204.390359    0.04722     2.8332    169.992     94.901  50455.617    31.9036     8.3508     94.000     8.3405    24.7935     5.6741     8.1088     84.926    247.273    253.404   -0.00086    6.68121    9.54812  291.16395   15.05660 4.4930e-02     0.8741     0.2476    93.9976 0.0000e+00
        687 204.390377    0.04767     2.8600    171.601     95.920  50458.785    31.9048     8.3479     95.000     8.3379    24.7948     5.6720     8.1059     84.891    247.185    253.313   -0.00072    6.68159    9.54867  291.18022   15.05738 4.4872e-02     0.9227     0.2437    94.0910 0.0000e+00
        693 204.390394    0.04807     2.8837    173.024     96.947  50460.075    31.9052     8.3476     96.000     8.3382    24.7952     5.6613     8.0906     84.729    246.716    252.834   -0.00183    6.68163    9.54871  291.18144   15.05743 4.5111e-02     0.8777     0.2474    94.0025 0.0000e+00
        696 204.390401    0.04824     2.8947    173.681     97.944  50460.244    31.9050     8.3476     97.000     8.3380    24.7950     5.6573     8.0848     84.669    246.540    252.654   -0.00231    6.68164    9.54873  291.18222   15.05748 4.4893e-02     0.8748     0.2430    94.1054 0.0000e+00
        698 204.390409    0.04842     2.9052    174.311     98.937  50463.607    31.9069     8.3480     98.000     8.3405    24.7965     5.6613     8.0906     84.731    246.717    252.835   -0.00166    6.68150    9.54852  291.17554   15.05715 4.4196e-02     0.8988     0.2456    94.0447 0.0000e+00
        702 204.390418    0.04865     2.9192    175.149     99.944  50461.327    31.9054     8.3514     99.000     8.3427    24.7948     5.6764     8.1121     84.962    247.372    253.505    0.00087    6.68105    9.54789  291.15659   15.05625 4.4646e-02     0.8022     0.2475    94.0005 0.0000e+00
        708 204.390437    0.04909     2.9451    176.709    100.971  50459.906    31.9043     8.3536    100.000     8.3440    24.7936     5.6768     8.1127     84.972    247.391    253.525    0.00061    6.68075    9.54746  291.14389   15.05564 4.4724e-02     0.8447     0.2464    94.0275 0.0000e+00
        713 204.390452    0.04947     2.9682    178.092    101.983  50459.391    31.9036     8.3544    101.000     8.3442    24.7930     5.6666     8.0981     84.820    246.947    253.070   -0.00101    6.68068    9.54735  291.14070   15.05550 4.4836e-02     0.8774     0.2468    94.0161 0.0000e+00
        717 204.390464    0.04974     2.9846    179.078    102.996  50460.692    31.9040     8.3541    102.000     8.3440    24.7934     5.6630     8.0931     84.767    246.791    252.910   -0.00150    6.68070    9.54739  291.14171   15.05555 4.4800e-02     0.8719     0.2479    93.9896 0.0000e+00
        720 204.390473    0.04996     2.9975    179.850    103.996  50461.013    31.9039     8.3544    103.000     8.3444    24.7933     5.6712     8.1046     84.889    247.146    253.273   -0.00033    6.68067    9.54733  291.13985   15.05545 4.4759e-02     0.8152     0.2450    94.0585 0.0000e+00
        724 204.390481    0.05018     3.0108    180.648    104.963  50461.989    31.9041     8.3550    104.000     8.3458    24.7934     5.6762     8.1119     84.967    247.367    253.500    0.00098    6.68056    9.54719  291.13556   15.05526 4.4338e-02     0.8242     0.2569    93.7779 0.0000e+00
