CTD-processing/allCTD/CNV/2014_12-17_t9_s04_cast169_4141.cnv
* Sea-Bird SBE19plus Data File:
* FileName = C:\Users\kris.holderied\Documents\kasitsna\Research-Projects-and-Data\Oceanography-AK\CTD-Data-ALL-to-2014-10\2014-CTD-KachemakBay-CookInlet\2014-12-17-CookInlet-HomerSpit-monthly\2014-12-17-CookInlet-Tran9-cast169.hex
* Software Version 1.59
* Temperature SN =  4141
* Conductivity SN =  4141
* System UpLoad Time = Jan 16 2015 13:10:07
** Cook Inlet LTM Tran9 (Homer Spit) North to South
** Date: 12-17
** Station: 9-04
** Start time:  12:24
** Depth (m): 94.2
** Comment:  CTD time is local time (AKST).
** Comment: On Kasitsna Bay Lab R/V Banacle.
# nquan = 27
# nvalues = 90                          
# units = specified
# name 0 = scan: Scan Count
# name 1 = timeJ: Julian Days
# name 2 = timeH: Time, Elapsed [hours]
# name 3 = timeM: Time, Elapsed [minutes]
# name 4 = timeS: Time, Elapsed [seconds]
# name 5 = prdM: Pressure, Strain Gauge [db]
# name 6 = specc: Specific Conductance [uS/cm]
# name 7 = sal00: Salinity, Practical [PSU]
# name 8 = tv290C: Temperature [ITS-90, deg C]
# name 9 = depSM: Depth [salt water, m], lat = 59.00
# name 10 = potemp090C: Potential Temperature [ITS-90, deg C]
# name 11 = sigma-é00: Density [sigma-theta, kg/m^3]
# name 12 = sbeox0ML/L: Oxygen, SBE 43 [ml/l]
# name 13 = sbeox0Mg/L: Oxygen, SBE 43 [mg/l]
# name 14 = sbeox0PS: Oxygen, SBE 43 [% saturation]
# name 15 = sbox0Mm/Kg: Oxygen, SBE 43 [umol/kg]
# name 16 = sbeox0Mm/L: Oxygen, SBE 43 [umol/l]
# name 17 = sbox0dV/dT: Oxygen, SBE 43 [dov/dt]
# name 18 = oxsolML/L: Oxygen Saturation, Garcia & Gordon [ml/l]
# name 19 = oxsolMg/L: Oxygen Saturation, Garcia & Gordon [mg/l]
# name 20 = oxsolMm/Kg: Oxygen Saturation, Garcia & Gordon [umol/kg]
# name 21 = n2satMg/L: Nitrogen Saturation [mg/l]
# name 22 = par: PAR/Irradiance, Biospherical/Licor
# name 23 = wetStar: Fluorescence, WET Labs WETstar [mg/m^3]
# name 24 = CStarAt0: Beam Attenuation, WET Labs C-Star [1/m]
# name 25 = CStarTr0: Beam Transmission, WET Labs C-Star [%]
# name 26 = flag: flag
# span 0 =        210,        679       
# span 1 = 351.517814, 351.519172       
# span 2 =    0.01449,    0.04707       
# span 3 =     0.8694,     2.8239       
# span 4 =     52.166,    169.432       
# span 5 =      1.011,     90.857       
# span 6 =  46909.141,  49097.072       
# span 7 =    29.0423,    30.9175       
# span 8 =     5.6912,     8.1003       
# span 9 =      1.000,     90.000       
# span 10 =     5.7062,     8.0919      
# span 11 =    22.8829,    24.0565      
# span 12 =     5.6901,     6.1599      
# span 13 =     8.1317,     8.8032      
# span 14 =     82.757,     86.541      
# span 15 =    248.149,    268.890      
# span 16 =    254.118,    275.105      
# span 17 =   -0.01076,    0.00555      
# span 18 =    6.76245,    7.24019      
# span 19 =    9.66422,   10.34695      
# span 20 =  294.91675,  316.11331      
# span 21 =   15.23984,   16.25795      
# span 22 = 3.3407e-02, 7.4709e+00      
# span 23 =     0.1863,     0.4628      
# span 24 =     0.5057,     1.5723      
# span 25 =    67.6053,    88.1226      
# span 26 = 0.0000e+00, 0.0000e+00      
# interval = meters: 1                  
# start_time = Dec 17 2014 12:24:47 [Instrument's time stamp, header]
# bad_flag = -9.990e-29
*END*
        210 351.517814    0.01449     0.8694     52.166      1.011  46909.141    29.0423     5.6912      1.000     5.7062    22.8829     5.9914     8.5624     82.757    261.592    267.578   -0.01076    7.24019   10.34695  316.11331   16.25795 7.4709e+00     0.3861     1.5723    67.6053 0.0000e+00
        297 351.518066    0.02054     1.2322     73.930      2.018  47331.274    29.3405     5.7486      2.000     5.7603    23.1120     6.1599     8.8032     85.367    268.890    275.105    0.00028    7.21598   10.31236  314.98605   16.20305 4.3307e+00     0.4580     1.4623    69.3928 0.0000e+00
        315 351.518120    0.02183     1.3100     78.600      3.029  47736.061    29.6260     5.7980      3.000     5.8163    23.3320     6.1596     8.8027     85.623    268.817    275.089    0.00040    7.19386   10.28075  313.95273   16.15266 2.3398e+00     0.4628     1.3481    71.3922 0.0000e+00
        324 351.518146    0.02246     1.3475     80.851      4.038  48261.156    30.0485     6.1416      4.000     6.2690    23.6257     6.1448     8.7816     86.356    268.093    274.427    0.00555    7.11591   10.16934  310.46158   15.98466 1.4286e+00     0.4167     1.2494    73.1755 0.0000e+00
        333 351.518171    0.02305     1.3829     82.974      5.047  48398.915    30.2221     6.5865      5.000     6.6686    23.7093     6.0872     8.6993     86.541    265.560    271.856    0.00345    7.03390   10.05215  306.85863   15.81229 9.3561e-01     0.4080     1.0859    76.2315 0.0000e+00
        340 351.518193    0.02357     1.4143     84.860      6.058  48610.035    30.4301     6.9511      6.000     7.0456    23.8273     6.0051     8.5819     86.220    261.948    268.189   -0.00110    6.96495    9.95361  303.81542   15.66637 3.7309e-01     0.3574     0.9354    79.1479 0.0000e+00
        347 351.518212    0.02403     1.4415     86.491      7.067  48657.178    30.5072     7.2199      7.000     7.2725    23.8532     5.9396     8.4884     85.854    259.085    265.265   -0.00353    6.91829    9.88693  301.77253   15.56865 9.5526e-02     0.3400     0.8468    80.9210 0.0000e+00
        353 351.518230    0.02446     1.4677     88.061      8.075  48577.344    30.4651     7.3032      8.000     7.3049    23.8091     5.8700     8.3888     84.987    256.057    262.154   -0.00904    6.90696    9.87074  301.29138   15.54587 3.3407e-02     0.3349     0.7732    82.4239 0.0000e+00
        360 351.518248    0.02490     1.4939     89.636      9.085  48585.552    30.4714     7.3099      9.000     7.3138    23.8133     5.8377     8.3426     84.535    254.647    260.711   -0.00884    6.90562    9.86881  301.23144   15.54298 3.6381e-02     0.3162     0.7596    82.7049 0.0000e+00
        366 351.518267    0.02534     1.5205     91.228     10.099  48588.167    30.4752     7.3249     10.000     7.3259    23.8143     5.8378     8.3429     84.569    254.654    260.718   -0.00460    6.90305    9.86516  301.11959   15.53764 3.6382e-02     0.3053     0.7500    82.9031 0.0000e+00
        371 351.518280    0.02567     1.5402     92.415     11.103  48597.536    30.4819     7.3293     11.000     7.3324    23.8191     5.8330     8.3359     84.510    254.439    260.499   -0.00337    6.90206    9.86374  301.07481   15.53548 3.6382e-02     0.3074     0.7557    82.7851 0.0000e+00
        377 351.518298    0.02608     1.5651     93.903     12.113  48599.545    30.4848     7.3412     12.000     7.3439    23.8197     5.8334     8.3365     84.541    254.458    260.519   -0.00189    6.90003    9.86084  300.98610   15.53123 3.6382e-02     0.2935     0.7458    82.9901 0.0000e+00
        383 351.518316    0.02652     1.5912     95.474     13.122  48597.092    30.4842     7.3507     13.000     7.3507    23.8181     5.8296     8.3310     84.503    254.290    260.347   -0.00144    6.89856    9.85873  300.92228   15.52818 3.6382e-02     0.2856     0.7490    82.9242 0.0000e+00
        388 351.518331    0.02690     1.6138     96.828     14.138  48617.037    30.4983     7.3547     14.000     7.3662    23.8286     5.8244     8.3237     84.445    254.064    260.119   -0.00142    6.89730    9.85693  300.86414   15.52535 3.6382e-02     0.2844     0.7491    82.9230 0.0000e+00
        392 351.518343    0.02718     1.6310     97.861     15.143  48772.898    30.6156     7.4132     15.000     7.4720    23.9129     5.8219     8.3201     84.587    253.935    260.007   -0.00023    6.88274    9.83613  300.20449   15.49341 3.6382e-02     0.3143     0.7473    82.9591 0.0000e+00
        397 351.518355    0.02747     1.6481     98.885     16.145  48766.887    30.6285     7.5219     16.000     7.5575    23.9085     5.8303     8.3321     84.928    254.303    260.383    0.00312    6.86500    9.81078  299.43213   15.45651 3.6382e-02     0.3117     0.7101    83.7356 0.0000e+00
        403 351.518375    0.02794     1.6764    100.584     17.159  48773.792    30.6409     7.5724     17.000     7.5618    23.9115     5.8040     8.2945     84.649    253.153    259.206   -0.00028    6.85652    9.79865  299.06118   15.43876 3.6382e-02     0.2688     0.7001    83.9433 0.0000e+00
        412 351.518400    0.02855     1.7129    102.772     18.183  48768.422    30.6305     7.5333     18.000     7.5187    23.9085     5.7791     8.2589     84.205    252.069    258.095   -0.00350    6.86312    9.80809  299.35014   15.45259 3.6382e-02     0.2516     0.7211    83.5049 0.0000e+00
        415 351.518409    0.02877     1.7261    103.566     19.185  48755.980    30.6183     7.5139     19.000     7.4851    23.9016     5.7809     8.2614     84.187    252.148    258.174   -0.00286    6.86673    9.81323  299.50909   15.46022 3.6382e-02     0.2437     0.7334    83.2492 0.0000e+00
        418 351.518418    0.02898     1.7386    104.319     20.185  48799.211    30.6414     7.4738     20.000     7.4715    23.9252     5.7780     8.2575     84.082    252.020    258.050   -0.00305    6.87199    9.82076  299.73191   15.47076 3.6382e-02     0.2781     0.7528    82.8438 0.0000e+00
        422 351.518428    0.02921     1.7524    105.145     21.199  48843.265    30.6727     7.4812     21.000     7.5028    23.9489     5.7775     8.2565     84.104    251.986    258.020   -0.00253    6.86943    9.81710  299.61308   15.46496 3.6382e-02     0.2518     0.7536    82.8276 0.0000e+00
        425 351.518437    0.02944     1.7664    105.985     22.208  48873.248    30.7010     7.5297     22.000     7.5511    23.9644     5.7897     8.2740     84.391    252.514    258.566    0.00043    6.86053    9.80438  299.22055   15.44612 3.6382e-02     0.2593     0.7431    83.0459 0.0000e+00
        428 351.518447    0.02968     1.7807    106.842     23.219  48846.959    30.6873     7.5608     23.000     7.5661    23.9495     5.7995     8.2880     84.586    252.946    259.003    0.00254    6.85625    9.79827  299.03831   15.43748 3.6382e-02     0.2499     0.7343    83.2276 0.0000e+00
        432 351.518457    0.02991     1.7948    107.685     24.225  48837.066    30.6815     7.5706     24.000     7.5700    23.9437     5.7924     8.2778     84.498    252.639    258.687    0.00111    6.85498    9.79646  298.98503   15.43496 3.6382e-02     0.2458     0.7313    83.2925 0.0000e+00
        435 351.518468    0.03017     1.8102    108.611     25.237  48847.214    30.6890     7.5761     25.000     7.5787    23.9488     5.7859     8.2687     84.420    252.357    258.401   -0.00031    6.85378    9.79474  298.93082   15.43234 3.6382e-02     0.2324     0.7213    83.4999 0.0000e+00
        439 351.518479    0.03043     1.8259    109.553     26.247  48854.103    30.6947     7.5846     26.000     7.5908    23.9522     5.7851     8.2675     84.428    252.320    258.364   -0.00016    6.85219    9.79248  298.86072   15.42898 3.6382e-02     0.2478     0.7148    83.6365 0.0000e+00
        443 351.518489    0.03067     1.8406    110.438     27.257  48884.154    30.7186     7.6066     27.000     7.6284    23.9680     5.7847     8.2668     84.476    252.295    258.343    0.00005    6.84766    9.78599  298.65839   15.41922 3.6382e-02     0.2434     0.7092    83.7538 0.0000e+00
        446 351.518499    0.03091     1.8549    111.295     28.268  48948.595    30.7709     7.6562     28.000     7.7049    24.0023     5.7870     8.2702     84.636    252.389    258.446    0.00134    6.83756    9.77156  298.20793   15.39751 3.6382e-02     0.2728     0.6919    84.1160 0.0000e+00
        450 351.518509    0.03115     1.8690    112.139     29.273  49002.599    30.8238     7.7556     29.000     7.8223    24.0302     5.7891     8.2733     84.888    252.476    258.543    0.00300    6.81974    9.74608  297.42226   15.35981 3.6382e-02     0.2356     0.6517    84.9671 0.0000e+00
        453 351.518519    0.03140     1.8840    113.041     30.285  48936.499    30.7950     7.8681     30.000     7.8853    23.9921     5.7982     8.2863     85.224    252.882    258.949    0.00529    6.80354    9.72293  296.72673   15.32673 3.6382e-02     0.2332     0.6059    85.9430 0.0000e+00
        457 351.518530    0.03167     1.9001    114.003     31.293  48903.662    30.7753     7.8914     31.000     7.8902    23.9734     5.7849     8.2673     85.063    252.308    258.357    0.00277    6.80080    9.71902  296.61299   15.32138 3.6382e-02     0.2262     0.5934    86.2135 0.0000e+00
        461 351.518542    0.03195     1.9174    115.042     32.306  48913.072    30.7819     7.8942     32.000     7.8959    23.9782     5.7655     8.2395     84.787    251.460    257.490   -0.00104    6.80007    9.71799  296.57997   15.31978 3.6382e-02     0.2168     0.6008    86.0539 0.0000e+00
        465 351.518554    0.03223     1.9342    116.050     33.314  48919.475    30.7876     7.9053     33.000     7.9071    23.9812     5.7544     8.2236     84.647    250.973    256.992   -0.00201    6.79811    9.71518  296.49348   15.31563 3.6382e-02     0.2182     0.6117    85.8197 0.0000e+00
        469 351.518566    0.03251     1.9508    117.046     34.326  48919.551    30.7886     7.9136     34.000     7.9143    23.9807     5.7475     8.2138     84.562    250.672    256.684   -0.00241    6.79679    9.71329  296.43598   15.31288 3.6382e-02     0.2139     0.6261    85.5106 0.0000e+00
        473 351.518576    0.03278     1.9664    117.985     35.334  48946.952    30.8088     7.9238     35.000     7.9343    23.9952     5.7474     8.2135     84.591    250.662    256.677   -0.00156    6.79431    9.70976  296.32383   15.30744 3.6382e-02     0.2284     0.6420    85.1713 0.0000e+00
        477 351.518587    0.03304     1.9819    118.914     36.343  48945.260    30.8109     7.9478     36.000     7.9509    23.9935     5.7496     8.2166     84.670    250.757    256.774   -0.00050    6.79051    9.70431  296.15828   15.29953 3.6382e-02     0.2254     0.6469    85.0682 0.0000e+00
        480 351.518598    0.03328     1.9972    119.832     37.351  48936.739    30.8057     7.9556     37.000     7.9538    23.9884     5.7478     8.2141     84.656    250.681    256.695   -0.00035    6.78954    9.70293  296.11734   15.29760 3.6382e-02     0.2240     0.6410    85.1923 0.0000e+00
        484 351.518608    0.03354     2.0128    120.767     38.362  48940.494    30.8084     7.9591     38.000     7.9579    23.9900     5.7409     8.2044     84.564    250.384    256.391   -0.00122    6.78889    9.70200  296.08861   15.29621 3.6382e-02     0.2123     0.6364    85.2901 0.0000e+00
        488 351.518620    0.03381     2.0288    121.731     39.371  48941.348    30.8092     7.9636     39.000     7.9615    23.9901     5.7395     8.2023     84.552    250.321    256.327   -0.00125    6.78815    9.70095  296.05645   15.29468 3.6382e-02     0.2178     0.6241    85.5558 0.0000e+00
        492 351.518630    0.03408     2.0446    122.674     40.384  48960.296    30.8228     7.9686     40.000     7.9747    24.0000     5.7430     8.2075     84.621    250.474    256.485   -0.00030    6.78679    9.69900  295.99408   15.29165 3.6382e-02     0.2036     0.6145    85.7606 0.0000e+00
        495 351.518641    0.03432     2.0592    123.550     41.390  48964.084    30.8279     7.9873     41.000     7.9913    24.0014     5.7453     8.2107     84.693    250.573    256.587    0.00031    6.78369    9.69456  295.85830   15.28515 3.6382e-02     0.2042     0.5952    86.1746 0.0000e+00
        499 351.518652    0.03457     2.0747    124.480     42.403  48994.333    30.8511     8.0041     42.000     8.0148    24.0172     5.7479     8.2145     84.777    250.682    256.703    0.00085    6.78006    9.68938  295.69560   15.27728 3.6382e-02     0.2160     0.5866    86.3591 0.0000e+00
        503 351.518662    0.03483     2.0897    125.380     43.411  48984.082    30.8469     8.0261     43.000     8.0258    24.0109     5.7495     8.2167     84.841    250.755    256.776    0.00121    6.77687    9.68482  295.55819   15.27074 3.6382e-02     0.1930     0.5614    86.9054 0.0000e+00
        506 351.518672    0.03507     2.1041    126.247     44.422  48977.578    30.8426     8.0306     44.000     8.0262    24.0069     5.7515     8.2194     84.876    250.839    256.862    0.00099    6.77637    9.68411  295.53773   15.26978 3.6382e-02     0.2071     0.5530    87.0876 0.0000e+00
        509 351.518682    0.03530     2.1181    127.087     45.430  48978.518    30.8428     8.0305     45.000     8.0261    24.0071     5.7557     8.2255     84.938    251.024    257.049    0.00121    6.77637    9.68411  295.53772   15.26978 3.6382e-02     0.2052     0.5493    87.1686 0.0000e+00
        513 351.518691    0.03554     2.1323    127.938     46.437  48979.767    30.8433     8.0305     46.000     8.0260    24.0074     5.7580     8.2287     84.972    251.124    257.152    0.00117    6.77635    9.68408  295.53682   15.26974 3.6382e-02     0.2125     0.5481    87.1963 0.0000e+00
        516 351.518702    0.03578     2.1472    128.833     47.450  48980.749    30.8434     8.0300     47.000     8.0244    24.0076     5.7602     8.2319     85.004    251.221    257.253    0.00096    6.77641    9.68418  295.53950   15.26986 3.6382e-02     0.2054     0.5446    87.2724 0.0000e+00
        520 351.518712    0.03603     2.1619    129.714     48.459  48982.632    30.8439     8.0276     48.000     8.0207    24.0084     5.7615     8.2337     85.018    251.276    257.308    0.00077    6.77676    9.68467  295.55445   15.27058 3.6382e-02     0.2126     0.5419    87.3310 0.0000e+00
        523 351.518722    0.03628     2.1766    130.594     49.467  48987.613    30.8464     8.0243     49.000     8.0181    24.0108     5.7629     8.2357     85.033    251.334    257.369    0.00055    6.77716    9.68524  295.57103   15.27136 3.6382e-02     0.2047     0.5292    87.6082 0.0000e+00
        527 351.518733    0.03653     2.1915    131.493     50.476  48992.349    30.8487     8.0211     50.000     8.0141    24.0131     5.7650     8.2388     85.060    251.428    257.466    0.00049    6.77755    9.68581  295.58761   15.27214 3.6382e-02     0.2007     0.5206    87.7967 0.0000e+00
        531 351.518743    0.03679     2.2075    132.449     51.489  48998.430    30.8520     8.0176     51.000     8.0122    24.0162     5.7711     8.2474     85.145    251.693    257.737    0.00095    6.77794    9.68634  295.60329   15.27287 3.6382e-02     0.2090     0.5069    88.0981 0.0000e+00
        534 351.518754    0.03704     2.2229    133.373     52.498  49005.649    30.8565     8.0165     52.000     8.0105    24.0199     5.7717     8.2483     85.154    251.717    257.764    0.00086    6.77791    9.68631  295.60117   15.27276 3.6382e-02     0.2133     0.5057    88.1226 0.0000e+00
        538 351.518764    0.03729     2.2376    134.257     53.503  49015.156    30.8623     8.0147     53.000     8.0088    24.0248     5.7732     8.2505     85.176    251.781    257.829    0.00044    6.77794    9.68636  295.60107   15.27272 3.6382e-02     0.2213     0.5139    87.9421 0.0000e+00
