CTD-processing/allCTD/CNV/2014_07-24_t7_s22_cast021_4141.cnv
* Sea-Bird SBE19plus Data File:
* FileName = C:\Users\kris.holderied\Documents\kasitsna\Research-Projects-and-Data\Oceanography-AK\CTD-Data-ALL-to-2014-06\2014-CTD-KachemakBay-CookInlet\2014-07-EVOSTC-CookInlet-quarterly\2014-07-24-CookInlet-Tran7-Augustine\2014-07-24-CookInlet-Tran7-cast021.hex
* Software Version 1.59
* Temperature SN =  4141
* Conductivity SN =  4141
* System UpLoad Time = Jul 24 2014 17:35:07
** Cook Inlet LTM Transect 7 (Augustine) West to East
** Date: 07-24
** Station: 7-22
** Start time: 16:36
** Depth (m): 79
** Comment:  CTD time is Alaska Daylight time.  Transducer  depth (transducer is 9 ft).
** Comment:
# nquan = 27
# nvalues = 80                          
# units = specified
# name 0 = scan: Scan Count
# name 1 = timeJ: Julian Days
# name 2 = timeH: Time, Elapsed [hours]
# name 3 = timeM: Time, Elapsed [minutes]
# name 4 = timeS: Time, Elapsed [seconds]
# name 5 = prdM: Pressure, Strain Gauge [db]
# name 6 = specc: Specific Conductance [uS/cm]
# name 7 = sal00: Salinity, Practical [PSU]
# name 8 = tv290C: Temperature [ITS-90, deg C]
# name 9 = depSM: Depth [salt water, m], lat = 59.00
# name 10 = potemp090C: Potential Temperature [ITS-90, deg C]
# name 11 = sigma-é00: Density [sigma-theta, kg/m^3]
# name 12 = sbeox0ML/L: Oxygen, SBE 43 [ml/l]
# name 13 = sbeox0Mg/L: Oxygen, SBE 43 [mg/l]
# name 14 = sbeox0PS: Oxygen, SBE 43 [% saturation]
# name 15 = sbox0Mm/Kg: Oxygen, SBE 43 [umol/kg]
# name 16 = sbeox0Mm/L: Oxygen, SBE 43 [umol/l]
# name 17 = sbox0dV/dT: Oxygen, SBE 43 [dov/dt]
# name 18 = oxsolML/L: Oxygen Saturation, Garcia & Gordon [ml/l]
# name 19 = oxsolMg/L: Oxygen Saturation, Garcia & Gordon [mg/l]
# name 20 = oxsolMm/Kg: Oxygen Saturation, Garcia & Gordon [umol/kg]
# name 21 = n2satMg/L: Nitrogen Saturation [mg/l]
# name 22 = par: PAR/Irradiance, Biospherical/Licor
# name 23 = wetStar: Fluorescence, WET Labs WETstar [mg/m^3]
# name 24 = CStarAt0: Beam Attenuation, WET Labs C-Star [1/m]
# name 25 = CStarTr0: Beam Transmission, WET Labs C-Star [%]
# name 26 = flag: flag
# span 0 =        264,        741       
# span 1 = 205.692982, 205.694364       
# span 2 =    0.01824,    0.05139       
# span 3 =     1.0943,     3.0835       
# span 4 =     65.659,    185.008       
# span 5 =      1.013,     80.737       
# span 6 =  49056.085,  50145.701       
# span 7 =    31.2465,    31.7512       
# span 8 =     8.7391,    10.6775       
# span 9 =      1.000,     80.000       
# span 10 =     8.7317,    10.6643      
# span 11 =    23.9463,    24.6162      
# span 12 =     5.7469,     6.5339      
# span 13 =     8.2127,     9.3375      
# span 14 =     87.549,    102.413      
# span 15 =    250.639,    284.964      
# span 16 =    256.652,    291.803      
# span 17 =   -0.02267,    0.00232      
# span 18 =    6.36951,    6.62984      
# span 19 =    9.10267,    9.47471      
# span 20 =  277.79684,  288.97534      
# span 21 =   14.41957,   14.95266      
# span 22 = 4.6488e-02, 2.0948e+02      
# span 23 =     1.7469,     6.0911      
# span 24 =     0.2980,     0.6115      
# span 25 =    85.6428,    92.8212      
# span 26 = 0.0000e+00, 0.0000e+00      
# interval = meters: 1                  
# start_time = Jul 24 2014 16:36:48 [Instrument's time stamp, header]
# bad_flag = -9.990e-29
*END*
[from data line 54]
        627 205.694032    0.04344     2.6067    156.404     55.521  49747.004    31.5849     9.4643     55.000     9.4455    24.3737     6.1049     8.7246     93.477    266.159    272.647   -0.00471    6.53092    9.33334  284.73112   14.75044 5.5125e-02     3.7990     0.4098    90.2614 0.0000e+00
        632 205.694049    0.04383     2.6300    157.802     56.541  49775.028    31.6018     9.4466     56.000     9.4436    24.3897     6.0751     8.6820     92.995    264.857    271.316   -0.00755    6.53276    9.33597  284.80696   14.75400 5.3844e-02     3.5294     0.4098    90.2629 0.0000e+00
        637 205.694062    0.04416     2.6495    158.973     57.547  49751.755    31.5823     9.4268     57.000     9.3993    24.3776     6.0725     8.6783     92.903    264.746    271.200   -0.00541    6.53645    9.34123  284.97080   14.76192 5.3003e-02     3.2362     0.4029    90.4189 0.0000e+00
        641 205.694075    0.04446     2.6681    160.088     58.553  49792.541    31.6062     9.3948     58.000     9.3883    24.4014     6.0610     8.6618     92.675    264.237    270.684   -0.00565    6.54006    9.34640  285.12176   14.76904 5.2186e-02     3.3867     0.3950    90.5960 0.0000e+00
        646 205.694089    0.04481     2.6887    161.320     59.566  49789.948    31.6035     9.3924     59.000     9.3844    24.3997     6.0385     8.6296     92.325    263.257    269.681   -0.00669    6.54052    9.34706  285.14222   14.77003 5.1330e-02     3.3455     0.3922    90.6605 0.0000e+00
        651 205.694104    0.04516     2.7098    162.588     60.576  49801.240    31.6113     9.3934     60.000     9.3962    24.4056     6.0377     8.6285     92.319    263.219    269.644   -0.00439    6.54005    9.34639  285.12017   14.76894 5.0952e-02     3.1953     0.3913    90.6800 0.0000e+00
        656 205.694118    0.04550     2.7296    163.778     61.585  49771.877    31.5909     9.3991     61.000     9.3788    24.3888     6.0454     8.6394     92.435    263.558    269.985   -0.00165    6.54007    9.34642  285.12582   14.76929 5.0308e-02     3.0972     0.3912    90.6828 0.0000e+00
        661 205.694131    0.04580     2.7484    164.906     62.595  49812.921    31.6169     9.3809     62.000     9.3888    24.4119     6.0418     8.6343     92.359    263.395    269.825   -0.00181    6.54161    9.34862  285.18663   14.77210 4.9758e-02     3.3481     0.3917    90.6716 0.0000e+00
        665 205.694144    0.04612     2.7670    166.020     63.605  49791.593    31.6061     9.4149     63.000     9.4138    24.3982     6.0408     8.6329     92.407    263.357    269.783   -0.00099    6.53716    9.34226  284.99617   14.76304 4.9433e-02     3.0093     0.3930    90.6413 0.0000e+00
        669 205.694156    0.04641     2.7843    167.059     64.614  49756.911    31.5812     9.4144     64.000     9.3790    24.3788     6.0537     8.6514     92.589    263.924    270.358    0.00081    6.53828    9.34386  285.05036   14.76573 4.9205e-02     3.1177     0.4020    90.4379 0.0000e+00
        673 205.694168    0.04670     2.8017    168.100     65.622  49779.721    31.5866     9.3404     65.000     9.3025    24.3947     6.0491     8.6447     92.370    263.719    270.152   -0.00075    6.54875    9.35882  285.50244   14.78733 4.8775e-02     3.1223     0.3897    90.7158 0.0000e+00
        678 205.694180    0.04699     2.8198    169.187     66.634  49799.889    31.5913     9.2749     66.000     9.2195    24.4086     6.0233     8.6079     91.846    262.591    269.000   -0.00564    6.55806    9.37211  285.90431   14.80652 4.8658e-02     3.2069     0.3759    91.0310 0.0000e+00
        682 205.694193    0.04730     2.8383    170.298     67.644  49894.250    31.6454     9.1900     67.000     9.1889    24.4642     5.9799     8.5458     91.044    260.683    267.060   -0.01076    6.56812    9.38650  286.32741   14.82653 4.8486e-02     2.9247     0.3620    91.3467 0.0000e+00
        686 205.694205    0.04760     2.8557    171.340     68.655  49894.799    31.6500     9.2235     68.000     9.2322    24.4626     5.9577     8.5141     90.776    259.717    266.070   -0.01042    6.56305    9.37926  286.10682   14.81596 4.8289e-02     2.6621     0.3613    91.3624 0.0000e+00
        690 205.694217    0.04788     2.8723    172.340     69.660  49867.323    31.6330     9.2426     69.000     9.2389    24.4463     5.9646     8.5240     90.910    260.022    266.380   -0.00587    6.56098    9.37630  286.02131   14.81194 4.7953e-02     2.6933     0.3684    91.2015 0.0000e+00
        695 205.694230    0.04819     2.8915    173.493     70.670  49859.022    31.6281     9.2528     70.000     9.2422    24.4409     5.9779     8.5431     91.131    260.606    266.975   -0.00170    6.55971    9.37448  285.96741   14.80939 4.7882e-02     2.7144     0.3663    91.2490 0.0000e+00
        700 205.694246    0.04857     2.9143    174.855     71.684  49869.719    31.6331     9.2377     71.000     9.2303    24.4472     5.9872     8.5563     91.245    261.007    267.388   -0.00009    6.56170    9.37732  286.05221   14.81342 4.7896e-02     2.6016     0.3629    91.3266 0.0000e+00
        705 205.694260    0.04891     2.9345    176.068     72.694  49860.027    31.6255     9.2358     72.000     9.2191    24.4416     5.9843     8.5523     91.193    260.885    267.262   -0.00027    6.56229    9.37817  286.07974   14.81476 4.7710e-02     2.7277     0.3644    91.2923 0.0000e+00
        709 205.694272    0.04920     2.9521    177.124     73.699  49865.513    31.6260     9.2148     73.000     9.1922    24.4452     5.9705     8.5325     90.940    260.282    266.645   -0.00278    6.56532    9.38250  286.21077   14.82103 4.7653e-02     2.7997     0.3650    91.2784 0.0000e+00
        714 205.694286    0.04952     2.9715    178.289     74.711  49904.667    31.6523     9.2089     74.000     9.2146    24.4667     5.9683     8.5293     90.910    260.177    266.543   -0.00235    6.56508    9.38215  286.19409   14.82013 4.7543e-02     2.9465     0.3660    91.2565 0.0000e+00
        719 205.694300    0.04987     2.9923    179.537     75.722  49789.537    31.5585     9.1217     75.000     8.9689    24.4069     5.9703     8.5322     90.710    260.282    266.634   -0.00261    6.58179    9.40604  286.93940   14.85613 4.7472e-02     2.6976     0.3688    91.1909 0.0000e+00
        724 205.694314    0.05020     3.0121    180.725     76.733  50046.116    31.7019     8.8667     76.000     8.8333    24.5581     5.9216     8.4626     89.544    258.122    264.461   -0.01176    6.61310    9.45078  288.26179   14.91876 4.7466e-02     2.6141     0.3355    91.9552 0.0000e+00
        728 205.694327    0.05051     3.0302    181.812     77.742  50091.420    31.7249     8.8096     77.000     8.7856    24.5848     5.8517     8.3625     88.386    255.064    261.335   -0.01823    6.62054    9.46141  288.57853   14.93380 4.7324e-02     2.2565     0.3091    92.5640 0.0000e+00
        733 205.694339    0.05080     3.0479    182.876     78.749  50103.631    31.7273     8.7710     78.000     8.7429    24.5926     5.8139     8.3085     87.740    253.413    259.645   -0.01877    6.62614    9.46941  288.82048   14.94536 4.7487e-02     2.0017     0.3052    92.6522 0.0000e+00
        737 205.694352    0.05111     3.0664    183.984     79.764  50140.335    31.7485     8.7427     79.000     8.7322    24.6134     5.8041     8.2947     87.551    252.986    259.213   -0.01385    6.62943    9.47411  288.95775   14.95183 4.7483e-02     1.9926     0.2984    92.8120 0.0000e+00
        741 205.694364    0.05139     3.0835    185.008     80.737  50145.701    31.7512     8.7391     80.000     8.7317    24.6162     5.8043     8.2950     87.549    252.994    259.222   -0.00977    6.62984    9.47471  288.97534   14.95266 4.6488e-02     1.7469     0.2980    92.8212 0.0000e+00
