CTD-processing/allCTD/CNV/2014_07-21_t9_s05_cast163_4141.cnv
* Sea-Bird SBE19plus Data File:
* FileName = C:\Users\kris.holderied\Documents\kasitsna\Research-Projects-and-Data\Oceanography-AK\CTD-Data-ALL-to-2014-06\2014-CTD-KachemakBay-CookInlet\2014-07-EVOSTC-CookInlet-quarterly\2014-07-21-CookInlet-Tran9-HomerSpit\2014-07-21-CookInlet-Tran9-cast163.hex
* Software Version 1.59
* Temperature SN =  4141
* Conductivity SN =  4141
* System UpLoad Time = Jul 21 2014 17:56:21
** Cook Inlet LTM Transect 9 (Homer Spit) North to South
** Date: 07-21
** Station: 9-05
** Start time: 16:16
** Depth (m): 95
** Comment:  CTD time is Alaska Daylight time.
** Comment: Two Niskin bottle water samples for OA.  Near bottom (90 m) and 1 m depths.
# nquan = 27
# nvalues = 93                          
# units = specified
# name 0 = scan: Scan Count
# name 1 = timeJ: Julian Days
# name 2 = timeH: Time, Elapsed [hours]
# name 3 = timeM: Time, Elapsed [minutes]
# name 4 = timeS: Time, Elapsed [seconds]
# name 5 = prdM: Pressure, Strain Gauge [db]
# name 6 = specc: Specific Conductance [uS/cm]
# name 7 = sal00: Salinity, Practical [PSU]
# name 8 = tv290C: Temperature [ITS-90, deg C]
# name 9 = depSM: Depth [salt water, m], lat = 59.00
# name 10 = potemp090C: Potential Temperature [ITS-90, deg C]
# name 11 = sigma-é00: Density [sigma-theta, kg/m^3]
# name 12 = sbeox0ML/L: Oxygen, SBE 43 [ml/l]
# name 13 = sbeox0Mg/L: Oxygen, SBE 43 [mg/l]
# name 14 = sbeox0PS: Oxygen, SBE 43 [% saturation]
# name 15 = sbox0Mm/Kg: Oxygen, SBE 43 [umol/kg]
# name 16 = sbeox0Mm/L: Oxygen, SBE 43 [umol/l]
# name 17 = sbox0dV/dT: Oxygen, SBE 43 [dov/dt]
# name 18 = oxsolML/L: Oxygen Saturation, Garcia & Gordon [ml/l]
# name 19 = oxsolMg/L: Oxygen Saturation, Garcia & Gordon [mg/l]
# name 20 = oxsolMm/Kg: Oxygen Saturation, Garcia & Gordon [umol/kg]
# name 21 = n2satMg/L: Nitrogen Saturation [mg/l]
# name 22 = par: PAR/Irradiance, Biospherical/Licor
# name 23 = wetStar: Fluorescence, WET Labs WETstar [mg/m^3]
# name 24 = CStarAt0: Beam Attenuation, WET Labs C-Star [1/m]
# name 25 = CStarTr0: Beam Transmission, WET Labs C-Star [%]
# name 26 = flag: flag
# span 0 =        263,        713       
# span 1 = 202.678895, 202.680198       
# span 2 =    0.01819,    0.04947       
# span 3 =     1.0916,     2.9685       
# span 4 =     65.496,    178.110       
# span 5 =      1.013,     93.883       
# span 6 =  38832.609,  50123.332       
# span 7 =    24.3715,    31.6471       
# span 8 =     8.1529,    13.6633       
# span 9 =      1.000,     93.000       
# span 10 =     8.1295,    13.6540      
# span 11 =    18.0543,    24.6156      
# span 12 =     5.8109,     6.9644      
# span 13 =     8.3043,     9.9528      
# span 14 =     86.498,    108.788      
# span 15 =    253.280,    303.875      
# span 16 =    259.513,    311.029      
# span 17 =   -0.03057,    0.04103      
# span 18 =    6.24675,    6.72263      
# span 19 =    8.92722,    9.60731      
# span 20 =  273.45923,  293.02008      
# span 21 =   14.22156,   15.14633      
# span 22 = 3.6377e-02, 3.2512e+00      
# span 23 =     0.3737,     9.4892      
# span 24 =     0.2713,     4.7673      
# span 25 =    35.2578,    93.4410      
# span 26 = 0.0000e+00, 0.0000e+00      
# interval = meters: 1                  
# start_time = Jul 21 2014 16:16:31 [Instrument's time stamp, header]
# bad_flag = -9.990e-29
*END*
        263 202.678895    0.01819     1.0916     65.496      1.013  38832.609    24.3715    13.6633      1.000    13.6540    18.0543     5.9734     8.5366     95.629    262.035    266.772    0.00136    6.24675    8.92722  274.03222   14.26736 3.2512e+00     1.0144     4.7673    35.2578 0.0000e+00
        430 202.679379    0.02981     1.7889    107.332      2.026  41383.826    26.1104    13.1457      2.000    12.6096    19.4911     6.4432     9.2079    103.144    282.251    287.752   -0.00706    6.24679    8.92728  273.64754   14.24186 2.1093e+00     1.5761     3.0264    47.0121 0.0000e+00
        435 202.679393    0.03016     1.8094    108.565      3.032  44039.000    27.9068    12.3692      3.000    12.3020    21.0212     6.3579     9.0861    101.260    278.097    283.945   -0.02714    6.27870    8.97289  274.63375   14.28191 1.6226e+00     1.5779     2.8348    49.2437 0.0000e+00
        438 202.679402    0.03037     1.8217    109.304      4.034  45488.309    28.9132    12.2359      4.000    11.8856    21.8243     6.4363     9.1982    102.870    281.308    287.448   -0.01276    6.25677    8.94155  273.45923   14.22156 1.4638e+00     1.5956     2.2470    57.0435 0.0000e+00
        441 202.679411    0.03059     1.8352    110.110      5.049  46718.862    29.7207    11.6081      5.000    11.1526    22.5624     6.6810     9.5479    105.897    291.790    298.375    0.02575    6.30870    9.01577  275.52981   14.31754 1.5606e+00     2.6088     1.6411    66.3928 0.0000e+00
        445 202.679420    0.03080     1.8481    110.889      6.063  47708.894    30.3440    10.8916      6.000    10.6564    23.1712     6.8812     9.8340    107.839    300.357    307.317    0.04057    6.38109    9.11922  278.52577   14.45853 1.6072e+00     4.1054     1.2995    72.2595 0.0000e+00
        447 202.679428    0.03099     1.8596    111.578      7.068  48350.371    30.7653    10.6172      7.000    10.5714    23.5454     6.9644     9.9528    108.788    303.875    311.029    0.04103    6.40184    9.14887  279.32929   14.49531 1.5248e+00     5.8591     1.0925    76.0910 0.0000e+00
        450 202.679436    0.03118     1.8707    112.242      8.070  48774.327    31.0569    10.5543      8.000    10.5188    23.7831     6.9248     9.8963    108.223    302.079    309.263    0.02871    6.39869    9.14437  279.12724   14.48446 1.4596e+00     7.5778     0.9320    79.2214 0.0000e+00
        453 202.679444    0.03139     1.8834    113.005      9.083  49097.835    31.2809    10.5182      9.000    10.5339    23.9636     6.8016     9.7202    106.366    296.653    303.761    0.00293    6.39455    9.13846  278.89747   14.47256 1.4207e+00     9.2719     0.7656    82.5811 0.0000e+00
        456 202.679454    0.03162     1.8968    113.809     10.103  49296.838    31.4253    10.5520     10.000    10.5863    24.0703     6.6455     9.4970    104.096    289.811    296.788   -0.02272    6.38398    9.12335  278.40728   14.44851 1.3835e+00     9.4892     0.6938    84.0769 0.0000e+00
        459 202.679462    0.03181     1.9081    114.487     11.106  49275.814    31.4150    10.5939     11.000    10.5960    24.0552     6.5674     9.3854    102.959    286.411    293.300   -0.03053    6.37863    9.11570  278.17790   14.43757 1.2464e+00     8.3688     0.6814    84.3373 0.0000e+00
        462 202.679469    0.03198     1.9188    115.127     12.112  49220.184    31.3754    10.5959     12.000    10.5369    24.0242     6.5323     9.3353    102.388    284.888    291.733   -0.03057    6.37996    9.11761  278.24449   14.44092 1.0903e+00     8.1853     0.6861    84.2385 0.0000e+00
        464 202.679476    0.03216     1.9298    115.787     13.115  49167.225    31.3274    10.5107     13.000    10.4122    24.0011     6.5329     9.3362    102.177    284.922    291.760   -0.02563    6.39369    9.13723  278.84961   14.47009 9.6729e-01     7.7158     0.6827    84.3088 0.0000e+00
        467 202.679486    0.03237     1.9425    116.550     14.133  49334.064    31.4285    10.3746     14.000    10.3467    24.1027     6.5117     9.3060    101.612    283.971    290.816   -0.02298    6.40847    9.15834  279.46621   14.49919 8.7352e-01     7.4025     0.6075    85.9100 0.0000e+00
        470 202.679495    0.03259     1.9555    117.332     15.145  49401.931    31.4727    10.3469     15.000    10.3530    24.1419     6.4544     9.2239    100.684    281.457    288.252   -0.02580    6.41052    9.16127  279.54500   14.50278 7.8793e-01     7.6024     0.5895    86.2972 0.0000e+00
        473 202.679503    0.03280     1.9678    118.070     16.155  49402.087    31.4739    10.3594     16.000    10.3637    24.1407     6.3886     9.1300     99.687    278.592    285.318   -0.02944    6.40873    9.15871  279.46711   14.49905 6.7584e-01     6.3495     0.5889    86.3102 0.0000e+00
        476 202.679511    0.03299     1.9792    118.750     17.162  49409.809    31.4800    10.3683     17.000    10.3769    24.1441     6.3679     9.1003     99.386    277.684    284.388   -0.02711    6.40723    9.15657  279.40108   14.49587 5.7594e-01     6.1335     0.6178    85.6903 0.0000e+00
        479 202.679519    0.03318     1.9906    119.436     18.167  49411.570    31.4826    10.3828     18.000    10.3878    24.1436     6.3764     9.1125     99.551    278.056    284.769   -0.01919    6.40511    9.15353  279.30844   14.49142 4.9201e-01     6.0381     0.6159    85.7302 0.0000e+00
        482 202.679527    0.03338     2.0029    120.171     19.181  49401.466    31.4761    10.3915     19.000    10.3885    24.1372     6.3832     9.1223     99.673    278.356    285.075   -0.01232    6.40417    9.15219  279.26919   14.48957 4.0165e-01     6.1055     0.6032    86.0019 0.0000e+00
        485 202.679536    0.03358     2.0152    120.911     20.187  49398.707    31.4734    10.3891     20.000    10.3866    24.1355     6.3760     9.1120     99.554    278.042    284.753   -0.01002    6.40461    9.15284  279.28927   14.49054 3.1736e-01     6.1326     0.6086    85.8865 0.0000e+00
        488 202.679545    0.03380     2.0281    121.686     21.200  49406.255    31.4784    10.3897     21.000    10.3847    24.1393     6.3712     9.1052     99.483    277.833    284.540   -0.00860    6.40432    9.15242  279.27551   14.48986 2.5110e-01     6.1276     0.6115    85.8230 0.0000e+00
        491 202.679554    0.03402     2.0409    122.454     22.214  49410.164    31.4800    10.3837     22.000    10.3710    24.1416     6.3906     9.1329     99.775    278.679    285.406   -0.00385    6.40509    9.15352  279.30871   14.49145 2.0264e-01     5.8814     0.6065    85.9320 0.0000e+00
        494 202.679562    0.03421     2.0526    123.155     23.222  49411.972    31.4792    10.3691     23.000    10.3448    24.1433     6.3994     9.1454     99.879    279.060    285.798   -0.00074    6.40717    9.15647  279.39833   14.49574 1.5681e-01     6.4311     0.6099    85.8589 0.0000e+00
        496 202.679570    0.03439     2.0634    123.804     24.228  49383.925    31.4543    10.3321     24.000    10.2651    24.1302     6.3907     9.1329     99.647    278.683    285.407   -0.00257    6.41333    9.16529  279.67074   14.50888 1.1380e-01     6.4189     0.5799    86.5043 0.0000e+00
        499 202.679577    0.03457     2.0743    124.460     25.232  49420.466    31.4692    10.2474     25.000    10.1952    24.1559     6.3701     9.1035     99.153    277.778    284.488   -0.00677    6.42454    9.18131  280.15259   14.53188 8.9522e-02     6.0775     0.5507    87.1380 0.0000e+00
        502 202.679585    0.03477     2.0865    125.189     26.242  49452.024    31.4826    10.1794     26.000    10.1381    24.1777     6.3175     9.0283     98.196    275.478    282.138   -0.01373    6.43352    9.19414  280.53822   14.55028 7.4711e-02     5.5195     0.5048    88.1453 0.0000e+00
        505 202.679595    0.03500     2.1002    126.010     27.257  49501.645    31.5102    10.1229     27.000    10.1061    24.2085     6.2437     8.9228     96.947    272.251    278.842   -0.02300    6.44030    9.20383  280.82553   14.56391 6.4951e-02     5.4841     0.4817    88.6543 0.0000e+00
        508 202.679604    0.03523     2.1136    126.814     28.274  49513.664    31.5158    10.1034     28.000    10.0903    24.2161     6.2004     8.8610     96.237    270.362    276.909   -0.02503    6.44283    9.20746  280.93379   14.56907 5.5393e-02     4.5306     0.4642    89.0435 0.0000e+00
        511 202.679612    0.03542     2.1250    127.501     29.279  49504.709    31.5070    10.0876     29.000    10.0618    24.2119     6.1838     8.8373     95.942    269.641    276.169   -0.02178    6.44541    9.21114  281.04738   14.57455 4.7323e-02     4.2820     0.4709    88.8958 0.0000e+00
        514 202.679620    0.03560     2.1361    128.168     30.283  49477.161    31.4826    10.0516     30.000     9.9917    24.1988     6.1799     8.8317     95.790    269.473    275.993   -0.01820    6.45148    9.21981  281.31542   14.58747 4.1689e-02     4.0843     0.4486    89.3914 0.0000e+00
        517 202.679629    0.03580     2.1479    128.877     31.290  49500.083    31.4876     9.9679     31.000     9.9162    24.2165     6.1644     8.8096     95.379    268.794    275.303   -0.01716    6.46309    9.23640  281.81687   14.61144 3.9811e-02     3.8436     0.3950    90.5994 0.0000e+00
        520 202.679637    0.03602     2.1612    129.670     32.301  49556.004    31.5178     9.8989     32.000     9.8745    24.2512     6.1311     8.7620     94.739    267.334    273.816   -0.01883    6.47161    9.24857  282.17881   14.62864 3.9461e-02     3.6854     0.3568    91.4680 0.0000e+00
        523 202.679647    0.03626     2.1755    130.531     33.314  49594.421    31.5408     9.8702     33.000     9.8643    24.2738     6.0849     8.6960     93.980    265.313    271.752   -0.02052    6.47472    9.25303  282.30842   14.63474 3.9157e-02     2.9917     0.3250    92.1969 0.0000e+00
        526 202.679657    0.03649     2.1895    131.370     34.329  49598.935    31.5433     9.8679     34.000     9.8644    24.2762     6.0395     8.6310     93.275    263.332    269.724   -0.02195    6.47495    9.25335  282.31768   14.63517 3.7969e-02     2.1264     0.3250    92.1976 0.0000e+00
        529 202.679665    0.03670     2.2018    132.105     35.345  49600.498    31.5440     9.8685     35.000     9.8655    24.2767     6.0232     8.6077     93.024    262.619    268.995   -0.01972    6.47483    9.25318  282.31228   14.63492 3.6489e-02     1.8901     0.3258    92.1770 0.0000e+00
        532 202.679673    0.03687     2.2122    132.730     36.340  49599.446    31.5429     9.8694     36.000     9.8661    24.2757     6.0308     8.6185     93.142    262.950    269.333   -0.01449    6.47474    9.25304  282.30859   14.63475 3.6377e-02     2.0871     0.3255    92.1846 0.0000e+00
        535 202.679681    0.03705     2.2232    133.394     37.341  49601.014    31.5438     9.8708     37.000     9.8657    24.2762     6.0415     8.6339     93.312    263.419    269.814   -0.00925    6.47452    9.25273  282.29876   14.63427 3.6382e-02     1.6233     0.3140    92.4486 0.0000e+00
        538 202.679690    0.03729     2.2373    134.240     38.361  49585.524    31.5317     9.8652     38.000     9.8358    24.2677     6.0506     8.6469     93.433    263.816    270.218   -0.00515    6.47581    9.25458  282.35750   14.63713 3.6425e-02     1.5941     0.2986    92.8059 0.0000e+00
        542 202.679701    0.03754     2.2525    135.153     39.381  49565.545    31.5095     9.8063     39.000     9.7511    24.2599     6.0413     8.6336     93.157    263.415    269.805   -0.00554    6.48511    9.26787  282.76506   14.65672 3.6781e-02     1.5690     0.2735    93.3896 0.0000e+00
        545 202.679710    0.03775     2.2647    135.879     40.386  49479.750    31.4385     9.7297     40.000     9.6130    24.2168     6.0263     8.6122     92.726    262.770    269.134   -0.00852    6.49897    9.28769  283.38157   14.68649 3.6667e-02     1.8026     0.2713    93.4410 0.0000e+00
        547 202.679717    0.03793     2.2756    136.534     41.386  49528.182    31.4532     9.5861     41.000     9.5013    24.2513     6.0034     8.5794     92.092    261.762    268.110   -0.01244    6.51893    9.31620  284.24221   14.72759 3.6382e-02     1.4062     0.2846    93.1319 0.0000e+00
        550 202.679725    0.03812     2.2875    137.251     42.396  49618.462    31.5028     9.4848     42.000     9.4517    24.3061     5.9801     8.5461     91.559    260.733    267.071   -0.01528    6.53144    9.33407  284.77208   14.75273 3.6477e-02     0.9991     0.3038    92.6856 0.0000e+00
        553 202.679735    0.03834     2.3009    138.053     43.407  49702.041    31.5567     9.4521     43.000     9.4581    24.3535     5.9795     8.5453     91.515    260.696    267.045   -0.01296    6.53386    9.33754  284.86481   14.75695 3.6476e-02     0.9659     0.3103    92.5358 0.0000e+00
        557 202.679744    0.03859     2.3155    138.929     44.422  49696.934    31.5551     9.4687     44.000     9.4645    24.3495     6.0218     8.6057     92.196    262.541    268.934   -0.00281    6.53155    9.33423  284.76494   14.75218 3.7070e-02     1.0123     0.2966    92.8534 0.0000e+00
        560 202.679754    0.03882     2.3291    139.748     45.436  49688.090    31.5479     9.4658     45.000     9.4563    24.3445     6.0373     8.6280     92.424    263.221    269.629    0.00133    6.53227    9.33527  284.79780   14.75378 3.7285e-02     0.9141     0.3003    92.7677 0.0000e+00
        563 202.679763    0.03902     2.3410    140.461     46.438  49690.422    31.5482     9.4590     46.000     9.4485    24.3457     6.0229     8.6073     92.188    262.588    268.981   -0.00114    6.53323    9.33664  284.83947   14.75577 3.6658e-02     0.8314     0.2928    92.9414 0.0000e+00
        566 202.679771    0.03923     2.3534    141.203     47.444  49696.287    31.5510     9.4517     47.000     9.4436    24.3491     6.0096     8.5883     91.971    262.007    268.386   -0.00355    6.53416    9.33797  284.87903   14.75765 3.7143e-02     0.8128     0.2871    93.0748 0.0000e+00
        569 202.679780    0.03945     2.3674    142.042     48.460  49691.806    31.5465     9.4450     48.000     9.4331    24.3466     6.0038     8.5800     91.867    261.756    268.129   -0.00371    6.53534    9.33965  284.93109   14.76016 3.7430e-02     0.7276     0.2953    92.8828 0.0000e+00
        572 202.679790    0.03968     2.3811    142.868     49.476  49684.398    31.5392     9.4333     49.000     9.4120    24.3429     6.0020     8.5775     91.812    261.682    268.052   -0.00324    6.53733    9.34249  285.01894   14.76439 3.7838e-02     0.7599     0.2898    93.0096 0.0000e+00
        575 202.679798    0.03988     2.3928    143.566     50.479  49694.656    31.5429     9.4105     50.000     9.3945    24.3493     5.9976     8.5711     91.699    261.485    267.852   -0.00363    6.54045    9.34697  285.15333   14.77080 3.7567e-02     0.7093     0.2967    92.8512 0.0000e+00
        578 202.679806    0.04007     2.4042    144.253     51.482  49695.429    31.5409     9.3953     51.000     9.3776    24.3501     5.9938     8.5658     91.610    261.321    267.684   -0.00375    6.54275    9.35023  285.25282   14.77557 3.7878e-02     0.7301     0.3008    92.7545 0.0000e+00
        581 202.679815    0.04029     2.4171    145.027     52.494  49706.062    31.5457     9.3785     52.000     9.3608    24.3565     5.9945     8.5668     91.590    261.350    267.716   -0.00330    6.54497    9.35341  285.34806   14.78011 3.8567e-02     0.7106     0.2899    93.0099 0.0000e+00
        584 202.679825    0.04052     2.4312    145.870     53.510  49710.880    31.5456     9.3563     53.000     9.3415    24.3599     5.9928     8.5643     91.518    261.272    267.637   -0.00286    6.54818    9.35801  285.48744   14.78677 3.8941e-02     0.6820     0.2916    92.9709 0.0000e+00
