CTD-processing/allCTD/CNV/2014_07-24_t7_s16_cast015_4141.cnv
* Sea-Bird SBE19plus Data File:
* FileName = C:\Users\kris.holderied\Documents\kasitsna\Research-Projects-and-Data\Oceanography-AK\CTD-Data-ALL-to-2014-06\2014-CTD-KachemakBay-CookInlet\2014-07-EVOSTC-CookInlet-quarterly\2014-07-24-CookInlet-Tran7-Augustine\2014-07-24-CookInlet-Tran7-cast015.hex
* Software Version 1.59
* Temperature SN =  4141
* Conductivity SN =  4141
* System UpLoad Time = Jul 24 2014 17:28:14
** Cook Inlet LTM Transect 7 (Augustine) West to East
** Date: 07-24
** Station: 7-16
** Start time: 13:57
** Depth (m): 89.2
** Comment:  CTD time is Alaska Daylight time.  Transducer  depth (transducer is 9 ft).
** Comment:
# nquan = 27
# nvalues = 86                          
# units = specified
# name 0 = scan: Scan Count
# name 1 = timeJ: Julian Days
# name 2 = timeH: Time, Elapsed [hours]
# name 3 = timeM: Time, Elapsed [minutes]
# name 4 = timeS: Time, Elapsed [seconds]
# name 5 = prdM: Pressure, Strain Gauge [db]
# name 6 = specc: Specific Conductance [uS/cm]
# name 7 = sal00: Salinity, Practical [PSU]
# name 8 = tv290C: Temperature [ITS-90, deg C]
# name 9 = depSM: Depth [salt water, m], lat = 59.00
# name 10 = potemp090C: Potential Temperature [ITS-90, deg C]
# name 11 = sigma-é00: Density [sigma-theta, kg/m^3]
# name 12 = sbeox0ML/L: Oxygen, SBE 43 [ml/l]
# name 13 = sbeox0Mg/L: Oxygen, SBE 43 [mg/l]
# name 14 = sbeox0PS: Oxygen, SBE 43 [% saturation]
# name 15 = sbox0Mm/Kg: Oxygen, SBE 43 [umol/kg]
# name 16 = sbeox0Mm/L: Oxygen, SBE 43 [umol/l]
# name 17 = sbox0dV/dT: Oxygen, SBE 43 [dov/dt]
# name 18 = oxsolML/L: Oxygen Saturation, Garcia & Gordon [ml/l]
# name 19 = oxsolMg/L: Oxygen Saturation, Garcia & Gordon [mg/l]
# name 20 = oxsolMm/Kg: Oxygen Saturation, Garcia & Gordon [umol/kg]
# name 21 = n2satMg/L: Nitrogen Saturation [mg/l]
# name 22 = par: PAR/Irradiance, Biospherical/Licor
# name 23 = wetStar: Fluorescence, WET Labs WETstar [mg/m^3]
# name 24 = CStarAt0: Beam Attenuation, WET Labs C-Star [1/m]
# name 25 = CStarTr0: Beam Transmission, WET Labs C-Star [%]
# name 26 = flag: flag
# span 0 =        109,        668       
# span 1 = 205.581561, 205.583179       
# span 2 =    0.00748,    0.04630       
# span 3 =     0.4489,     2.7779       
# span 4 =     26.933,    166.673       
# span 5 =      1.007,     86.818       
# span 6 =  49022.276,  50414.783       
# span 7 =    31.2081,    31.8920       
# span 8 =     8.4279,    11.2188       
# span 9 =      1.000,     86.000       
# span 10 =     8.4208,    11.2169      
# span 11 =    23.9022,    24.7721      
# span 12 =     5.7058,     7.1807      
# span 13 =     8.1542,    10.2620      
# span 14 =     85.542,    113.458      
# span 15 =    248.664,    313.185      
# span 16 =    254.823,    320.691      
# span 17 =   -0.10172,    0.02926      
# span 18 =    6.29533,    6.67017      
# span 19 =    8.99665,    9.53234      
# span 20 =  274.58429,  290.68864      
# span 21 =   14.26566,   15.03395      
# span 22 = 4.6770e-02, 2.9129e+02      
# span 23 =     0.8870,    17.7161      
# span 24 =     0.2272,     1.1325      
# span 25 =    75.3447,    94.4787      
# span 26 = 0.0000e+00, 0.0000e+00      
# interval = meters: 1                  
# start_time = Jul 24 2014 13:57:00 [Instrument's time stamp, header]
# bad_flag = -9.990e-29
*END*
        109 205.581561    0.00748     0.4489     26.933      1.007  49101.419    31.3680    11.2188      1.000    11.2169    23.9105     6.4418     9.2060    102.326    280.972    287.690    0.02926    6.29533    8.99665  274.58429   14.26566 2.9129e+02     1.9683     0.9824    78.4524 0.0000e+00
        327 205.582194    0.02266     1.3596     81.579      2.027  49102.213    31.3656    11.2008      2.000    11.1978    23.9118     7.0886    10.1304    112.557    309.186    316.579    0.00007    6.29782    9.00021  274.69221   14.27084 2.2945e+02     5.6038     0.9287    79.2960 0.0000e+00
        345 205.582244    0.02387     1.4320     85.922      3.039  49104.415    31.3661    11.1950      3.000    11.1908    23.9132     7.1413    10.2056    113.380    311.481    318.930    0.00038    6.29859    9.00131  274.72512   14.27242 1.5059e+02     6.1455     0.9487    78.8847 0.0000e+00
        348 205.582253    0.02407     1.4440     86.641      4.041  49093.326    31.3572    11.1894      4.000    11.1700    23.9073     7.1475    10.2144    113.458    311.755    319.207    0.00149    6.29970    9.00290  274.77523   14.27485 9.6056e+01     6.4922     0.9391    79.0764 0.0000e+00
        350 205.582260    0.02425     1.4548     87.288      5.043  49079.767    31.3437    11.1592      5.000    11.1206    23.9022     7.1480    10.2153    113.384    311.780    319.232    0.00031    6.30430    9.00948  274.97756   14.28459 6.5152e+01     7.5726     0.9594    78.6758 0.0000e+00
        353 205.582268    0.02443     1.4661     87.968      6.054  49107.418    31.3573    11.1092      6.000    11.0645    23.9215     7.1513    10.2199    113.323    311.913    319.374   -0.00077    6.31051    9.01835  275.24325   14.29726 4.7065e+01     7.8891     1.0009    77.8623 0.0000e+00
        356 205.582276    0.02463     1.4780     88.679      7.061  49131.678    31.3664    11.0403      7.000    10.9813    23.9406     7.1636    10.2376    113.358    312.447    319.927   -0.00049    6.31949    9.03119  275.62980   14.31575 3.4590e+01     9.9547     1.0716    76.5005 0.0000e+00
        359 205.582286    0.02487     1.4923     89.538      8.070  49215.714    31.4158    10.9541      8.000    10.9266    23.9940     7.1776    10.2574    113.403    313.038    320.549    0.00015    6.32923    9.04511  276.04031   14.33522 2.5542e+01    12.2870     1.1185    75.6093 0.0000e+00
        363 205.582298    0.02516     1.5092     90.554      9.081  49252.290    31.4362    10.9101      9.000    10.8880    24.0175     7.1767    10.2563    113.298    312.996    320.513   -0.00090    6.33439    9.05248  276.25900   14.34561 1.8242e+01    14.8057     1.1325    75.3447 0.0000e+00
        368 205.582312    0.02549     1.5290     91.740     10.107  49142.709    31.3432    10.7814     10.000    10.5690    23.9673     7.1807    10.2620    112.981    313.185    320.691   -0.00311    6.35576    9.08302  277.20465   14.39126 1.3020e+01    16.6196     1.0767    76.4016 0.0000e+00
        371 205.582321    0.02571     1.5429     92.574     11.103  49022.276    31.2081    10.3656     11.000     9.9774    23.9324     7.1457    10.2118    111.324    311.664    319.123   -0.01512    6.41881    9.17312  279.96394   14.52390 9.6041e+00    16.8774     0.8936    79.9983 0.0000e+00
        374 205.582329    0.02591     1.5548     93.287     12.110  49480.667    31.4673     9.8535     12.000     9.6743    24.2189     7.0014    10.0056    108.044    305.286    312.680   -0.04222    6.48015    9.26078  282.55997   14.64707 7.8536e+00    17.7161     0.6780    84.4056 0.0000e+00
        377 205.582339    0.02612     1.5676     94.053     13.123  49708.559    31.5966     9.6166     13.000     9.5480    24.3579     6.7308     9.6190    103.414    293.450    300.598   -0.07646    6.50854    9.30135  283.75940   14.70392 6.6588e+00    16.0302     0.5835    86.4258 0.0000e+00
        380 205.582348    0.02635     1.5809     94.853     14.129  49794.407    31.6456     9.5337     14.000     9.5085    24.4094     6.4425     9.2069     98.836    280.864    287.721   -0.10158    6.51839    9.31544  284.17501   14.72360 5.6120e+00    11.0099     0.5293    87.6053 0.0000e+00
        384 205.582358    0.02660     1.5961     95.764     15.138  49747.902    31.6048     9.4780     15.000     9.4063    24.3864     6.2595     8.9454     95.886    272.894    279.550   -0.10172    6.52811    9.32933  284.60516   14.74434 4.6475e+00     8.0745     0.4948    88.3661 0.0000e+00
        388 205.582370    0.02688     1.6129     96.775     16.156  49770.623    31.5989     9.3214     16.000     9.2333    24.4065     6.1863     8.8408     94.434    269.697    276.279   -0.08135    6.55099    9.36202  285.59669   14.79177 3.8766e+00     6.4706     0.4161    90.1225 0.0000e+00
        392 205.582380    0.02712     1.6274     97.646     17.162  49878.089    31.6542     9.1775     17.000     9.1324    24.4722     6.1224     8.7495     93.193    266.893    273.424   -0.06763    6.56957    9.38856  286.38815   14.82938 3.3530e+00     5.7243     0.3553    91.5017 0.0000e+00
        395 205.582390    0.02735     1.6410     98.461     18.171  49928.997    31.6806     9.1132     18.000     9.0869    24.5028     6.0332     8.6220     91.720    262.998    269.442   -0.06270    6.57781    9.40035  286.73911   14.84606 2.9626e+00     4.5804     0.3234    92.2345 0.0000e+00
        398 205.582399    0.02758     1.6545     99.269     19.180  49955.198    31.6933     9.0757     19.000     9.0582    24.5185     5.9596     8.5169     90.534    259.786    266.155   -0.05781    6.58274    9.40741  286.95015   14.85609 2.6429e+00     3.5359     0.3125    92.4844 0.0000e+00
        401 205.582408    0.02780     1.6677    100.064     20.192  49971.343    31.7010     9.0534     20.000     9.0383    24.5281     5.9277     8.4713     90.009    258.394    264.732   -0.04778    6.58570    9.41163  287.07582   14.86207 2.3311e+00     2.8993     0.3134    92.4650 0.0000e+00
        404 205.582417    0.02802     1.6807    100.841     21.195  49974.067    31.6988     9.0278     21.000     9.0040    24.5303     5.9268     8.4700     89.942    258.352    264.690   -0.03608    6.58954    9.41712  287.24289   14.87006 2.0579e+00     3.0520     0.3042    92.6771 0.0000e+00
        408 205.582428    0.02826     1.6959    101.751     22.203  49993.207    31.7060     8.9867     22.000     8.9645    24.5422     5.9166     8.4555     89.711    257.908    264.238   -0.02692    6.59527    9.42529  287.48892   14.88179 1.7995e+00     2.7568     0.2928    92.9421 0.0000e+00
        412 205.582440    0.02857     1.7144    102.865     23.220  50028.577    31.7254     8.9520     23.000     8.9435    24.5627     5.8975     8.4282     89.363    257.069    263.383   -0.02055    6.59954    9.43140  287.66948   14.89035 1.5749e+00     2.3317     0.2808    93.2203 0.0000e+00
        417 205.582453    0.02887     1.7320    103.921     24.234  50032.833    31.7264     8.9405     24.000     8.9303    24.5652     5.8892     8.4163     89.215    256.707    263.014   -0.01473    6.60119    9.43376  287.74078   14.89375 1.3912e+00     2.1026     0.2781    93.2836 0.0000e+00
        420 205.582462    0.02911     1.7463    104.777     25.237  50028.214    31.7201     8.9234     25.000     8.8996    24.5630     5.8827     8.4069     89.079    256.424    262.722   -0.01181    6.60396    9.43772  287.86211   14.89957 1.2473e+00     2.1730     0.2744    93.3702 0.0000e+00
        424 205.582473    0.02935     1.7607    105.644     26.245  50051.147    31.7305     8.8867     26.000     8.8645    24.5767     5.8739     8.3945     88.879    256.039    262.331   -0.01015    6.60892    9.44481  288.07447   14.90968 1.1231e+00     2.0743     0.2698    93.4784 0.0000e+00
        427 205.582484    0.02960     1.7760    106.559     27.261  50070.769    31.7385     8.8503     27.000     8.8265    24.5886     5.8561     8.3689     88.541    255.256    261.533   -0.01025    6.61395    9.45198  288.28998   14.91995 1.0035e+00     1.9586     0.2575    93.7659 0.0000e+00
        431 205.582493    0.02983     1.7898    107.388     28.265  50098.154    31.7529     8.8191     28.000     8.8046    24.6045     5.8413     8.3477     88.264    254.605    260.869   -0.01017    6.61793    9.45769  288.45942   14.92798 8.8662e-01     1.8256     0.2530    93.8713 0.0000e+00
        434 205.582504    0.03008     1.8050    108.297     29.265  50113.421    31.7607     8.8029     29.000     8.7928    24.6131     5.8230     8.3217     87.961    253.808    260.055   -0.01011    6.62000    9.46063  288.54676   14.93213 7.8928e-01     1.8618     0.2529    93.8732 0.0000e+00
        440 205.582520    0.03048     1.8288    109.728     30.290  50127.322    31.7668     8.7808     30.000     8.7713    24.6212     5.8144     8.3094     87.791    253.433    259.673   -0.00730    6.62301    9.46493  288.67575   14.93827 7.0566e-01     1.7818     0.2465    94.0240 0.0000e+00
        445 205.582534    0.03080     1.8485    110.912     31.309  50131.695    31.7674     8.7671     31.000     8.7522    24.6239     5.8007     8.2898     87.558    252.834    259.060   -0.00682    6.62500    9.46779  288.76230   14.94240 6.2981e-01     1.4462     0.2469    94.0149 0.0000e+00
        448 205.582542    0.03101     1.8606    111.636     32.301  50145.109    31.7735     8.7469     32.000     8.7316    24.6316     5.8014     8.2907     87.531    252.859    259.087   -0.00545    6.62773    9.47169  288.87882   14.94795 5.6858e-01     1.3614     0.2437    94.0902 0.0000e+00
        451 205.582552    0.03125     1.8748    112.489     33.309  50157.020    31.7784     8.7269     33.000     8.7092    24.6385     5.7943     8.2806     87.388    252.548    258.771   -0.00517    6.63049    9.47564  288.99736   14.95359 5.1237e-01     1.3603     0.2413    94.1457 0.0000e+00
        455 205.582564    0.03152     1.8910    113.460     34.324  50179.712    31.7904     8.7029     34.000     8.6897    24.6515     5.7782     8.2575     87.105    251.844    258.052   -0.00619    6.63353    9.47997  289.12602   14.95969 4.6370e-01     1.3621     0.2385    94.2110 0.0000e+00
        459 205.582575    0.03181     1.9084    114.501     35.328  50194.361    31.7965     8.6781     35.000     8.6622    24.6601     5.7669     8.2416     86.892    251.355    257.553   -0.00629    6.63694    9.48485  289.27219   14.96665 4.1512e-01     1.3975     0.2348    94.2972 0.0000e+00
        465 205.582591    0.03219     1.9315    115.891     36.348  50220.337    31.8097     8.6470     36.000     8.6345    24.6750     5.7649     8.2386     86.808    251.262    257.462   -0.00451    6.64099    9.49064  289.44448   14.97483 3.7517e-01     1.3240     0.2321    94.3632 0.0000e+00
        469 205.582604    0.03250     1.9503    117.015     37.358  50232.943    31.8153     8.6291     37.000     8.6178    24.6822     5.7629     8.2357     86.744    251.168    257.367   -0.00342    6.64342    9.49411  289.54838   14.97977 3.3788e-01     1.2172     0.2318    94.3720 0.0000e+00
        472 205.582614    0.03273     1.9639    117.833     38.362  50242.086    31.8197     8.6178     38.000     8.6051    24.6872     5.7575     8.2280     86.645    250.934    257.129   -0.00349    6.64491    9.49625  289.61218   14.98280 3.0685e-01     1.1770     0.2314    94.3787 0.0000e+00
        476 205.582623    0.03297     1.9777    118.665     39.369  50254.325    31.8255     8.6023     39.000     8.5927    24.6942     5.7569     8.2271     86.609    250.907    257.103   -0.00312    6.64696    9.49917  289.69939   14.98695 2.7738e-01     1.2147     0.2306    94.3984 0.0000e+00
        479 205.582634    0.03322     1.9932    119.591     40.377  50267.295    31.8334     8.5972     40.000     8.5964    24.7011     5.7560     8.2259     86.590    250.866    257.063   -0.00240    6.64739    9.49979  289.71619   14.98772 2.5124e-01     1.2196     0.2301    94.4102 0.0000e+00
        484 205.582647    0.03352     2.0114    120.683     41.390  50260.418    31.8286     8.6001     41.000     8.5938    24.6969     5.7567     8.2270     86.605    250.901    257.097   -0.00156    6.64716    9.49945  289.70723   14.98731 2.2979e-01     1.1607     0.2275    94.4700 0.0000e+00
        488 205.582660    0.03384     2.0301    121.808     42.408  50255.519    31.8229     8.5881     42.000     8.5664    24.6942     5.7571     8.2275     86.583    250.916    257.112   -0.00131    6.64919    9.50235  289.79632   14.99159 2.0858e-01     1.2209     0.2279    94.4622 0.0000e+00
        492 205.582670    0.03408     2.0446    122.677     43.412  50280.690    31.8357     8.5594     43.000     8.5438    24.7087     5.7550     8.2244     86.503    250.821    257.019   -0.00153    6.65292    9.50769  289.95514   14.99912 1.9027e-01     1.1506     0.2288    94.4400 0.0000e+00
        495 205.582679    0.03430     2.0578    123.469     44.415  50299.671    31.8462     8.5430     44.000     8.5337    24.7192     5.7465     8.2122     86.348    250.445    256.636   -0.00273    6.65491    9.51054  290.03897   15.00309 1.7157e-01     1.1760     0.2275    94.4717 0.0000e+00
        498 205.582689    0.03454     2.0729    124.371     45.428  50308.511    31.8508     8.5353     45.000     8.5284    24.7240     5.7458     8.2113     86.327    250.415    256.607   -0.00249    6.65587    9.51189  290.07906   15.00498 1.5641e-01     1.2495     0.2278    94.4641 0.0000e+00
        502 205.582701    0.03481     2.0888    125.327     46.439  50311.546    31.8520     8.5324     46.000     8.5269    24.7254     5.7366     8.1982     86.184    250.015    256.197   -0.00279    6.65625    9.51243  290.09509   15.00575 1.4409e-01     1.0966     0.2282    94.4548 0.0000e+00
        506 205.582712    0.03508     2.1048    126.289     47.450  50313.840    31.8530     8.5309     47.000     8.5258    24.7264     5.7279     8.1857     86.050    249.635    255.808   -0.00353    6.65643    9.51271  290.10321   15.00613 1.3378e-01     1.1481     0.2272    94.4787 0.0000e+00
        510 205.582723    0.03535     2.1206    127.236     48.455  50314.428    31.8528     8.5305     48.000     8.5253    24.7264     5.7274     8.1849     86.042    249.611    255.783   -0.00257    6.65650    9.51280  290.10588   15.00626 1.2330e-01     0.9792     0.2284    94.4499 0.0000e+00
        514 205.582734    0.03562     2.1371    128.223     49.473  50312.309    31.8505     8.5282     49.000     8.5169    24.7250     5.7295     8.1880     86.068    249.704    255.879   -0.00168    6.65694    9.51343  290.12536   15.00720 1.1449e-01     1.0146     0.2277    94.4679 0.0000e+00
        517 205.582744    0.03585     2.1512    129.069     50.483  50307.634    31.8444     8.5126     50.000     8.4810    24.7225     5.7352     8.1961     86.120    249.953    256.132   -0.00073    6.65953    9.51712  290.23879   15.01264 1.0627e-01     1.0708     0.2292    94.4289 0.0000e+00
        520 205.582753    0.03605     2.1634    129.802     51.482  50347.188    31.8657     8.4730     51.000     8.4545    24.7451     5.7321     8.1918     86.009    249.815    255.996   -0.00134    6.66454    9.52428  290.45074   15.02268 9.9038e-02     0.9151     0.2311    94.3868 0.0000e+00
        524 205.582763    0.03631     2.1788    130.727     52.488  50371.457    31.8803     8.4604     52.000     8.4546    24.7585     5.7193     8.1734     85.801    249.251    255.423   -0.00304    6.66578    9.52607  290.50165   15.02506 9.2626e-02     1.0437     0.2313    94.3809 0.0000e+00
        529 205.582779    0.03669     2.2013    132.076     53.516  50371.886    31.8803     8.4610     53.000     8.4570    24.7583     5.7079     8.1572     85.631    248.756    254.915   -0.00355    6.66569    9.52594  290.49742   15.02486 8.7474e-02     1.0261     0.2306    94.3963 0.0000e+00
