CTD-processing/allCTD/CNV/2014_07-23_t6_s10_cast205_4141.cnv
* Sea-Bird SBE19plus Data File:
* FileName = C:\Users\kris.holderied\Documents\kasitsna\Research-Projects-and-Data\Oceanography-AK\CTD-Data-ALL-to-2014-06\2014-CTD-KachemakBay-CookInlet\2014-07-EVOSTC-CookInlet-quarterly\2014-07-23-CookInlet-Tran6-Douglas\2014-07-23-CookInlet-Tran6-cast205.hex
* Software Version 1.59
* Temperature SN =  4141
* Conductivity SN =  4141
* System UpLoad Time = Jul 23 2014 23:29:12
** Cook Inlet LTM Transect 6 (Douglas) East to West
** Date: 07-23
** Station: 6-10
** Start time: 12:15
** Depth (m): 98.4
** Comment:  CTD time is Alaska Daylight time.  Transducer  depth (transducer is 9 ft).
** Comment:
# nquan = 27
# nvalues = 100                         
# units = specified
# name 0 = scan: Scan Count
# name 1 = timeJ: Julian Days
# name 2 = timeH: Time, Elapsed [hours]
# name 3 = timeM: Time, Elapsed [minutes]
# name 4 = timeS: Time, Elapsed [seconds]
# name 5 = prdM: Pressure, Strain Gauge [db]
# name 6 = specc: Specific Conductance [uS/cm]
# name 7 = sal00: Salinity, Practical [PSU]
# name 8 = tv290C: Temperature [ITS-90, deg C]
# name 9 = depSM: Depth [salt water, m], lat = 59.00
# name 10 = potemp090C: Potential Temperature [ITS-90, deg C]
# name 11 = sigma-é00: Density [sigma-theta, kg/m^3]
# name 12 = sbeox0ML/L: Oxygen, SBE 43 [ml/l]
# name 13 = sbeox0Mg/L: Oxygen, SBE 43 [mg/l]
# name 14 = sbeox0PS: Oxygen, SBE 43 [% saturation]
# name 15 = sbox0Mm/Kg: Oxygen, SBE 43 [umol/kg]
# name 16 = sbeox0Mm/L: Oxygen, SBE 43 [umol/l]
# name 17 = sbox0dV/dT: Oxygen, SBE 43 [dov/dt]
# name 18 = oxsolML/L: Oxygen Saturation, Garcia & Gordon [ml/l]
# name 19 = oxsolMg/L: Oxygen Saturation, Garcia & Gordon [mg/l]
# name 20 = oxsolMm/Kg: Oxygen Saturation, Garcia & Gordon [umol/kg]
# name 21 = n2satMg/L: Nitrogen Saturation [mg/l]
# name 22 = par: PAR/Irradiance, Biospherical/Licor
# name 23 = wetStar: Fluorescence, WET Labs WETstar [mg/m^3]
# name 24 = CStarAt0: Beam Attenuation, WET Labs C-Star [1/m]
# name 25 = CStarTr0: Beam Transmission, WET Labs C-Star [%]
# name 26 = flag: flag
# span 0 =        152,        759       
# span 1 = 204.511107, 204.512866       
# span 2 =    0.01046,    0.05267       
# span 3 =     0.6277,     3.1603       
# span 4 =     37.665,    189.619       
# span 5 =      1.009,    100.961       
# span 6 =  49390.464,  51163.212       
# span 7 =    31.3641,    32.3060       
# span 8 =     7.7751,    10.2024       
# span 9 =      1.000,    100.000       
# span 10 =     7.7663,    10.1349      
# span 11 =    24.1785,    25.1920      
# span 12 =     5.5002,     6.2510      
# span 13 =     7.8604,     8.9334      
# span 14 =     81.732,     96.950      
# span 15 =    239.734,    272.507      
# span 16 =    245.637,    279.173      
# span 17 =   -0.06897,    0.04515      
# span 18 =    6.41666,    6.75102      
# span 19 =    9.17005,    9.64788      
# span 20 =  279.73303,  294.09184      
# span 21 =   14.51040,   15.19480      
# span 22 = 4.5649e-02, 9.2216e+02      
# span 23 =     0.9546,     7.1693      
# span 24 =     0.2486,     2.5581      
# span 25 =    66.7538,    93.9728      
# span 26 = 0.0000e+00, 0.0000e+00      
# interval = meters: 1                  
# start_time = Jul 23 2014 12:15:22 [Instrument's time stamp, header]
# bad_flag = -9.990e-29
*END*
        152 204.511107    0.01046     0.6277     37.665      1.009  49904.943    31.8148    10.2024      1.000    10.1349    24.4323     5.5153     7.8819     85.948    240.437    246.312    0.00615    6.41666    9.17005  279.73303   14.51040 9.2216e+02     1.1346     2.5581    66.7538 0.0000e+00
        326 204.511611    0.02255     1.3529     81.176      2.017  49927.313    31.8087    10.0210      2.000    10.0099    24.4576     6.1767     8.8271     95.871    269.264    275.850    0.00192    6.44233    9.20674  280.84567   14.56368 7.7166e+02     1.3549     0.7662    84.8266 0.0000e+00
        350 204.511681    0.02423     1.4536     87.216      3.025  49936.392    31.8112     9.9921      3.000     9.9911    24.4643     6.2452     8.9249     96.881    272.249    278.910   -0.00014    6.44629    9.21239  281.01638   14.57183 7.7474e+02     1.3357     0.5540    87.0679 0.0000e+00
        355 204.511697    0.02460     1.4764     88.583      4.051  49938.269    31.8116     9.9881      4.000     9.9842    24.4653     6.2485     8.9297     96.923    272.393    279.057   -0.00012    6.44684    9.21317  281.03999   14.57296 4.8578e+02     1.3437     0.5544    87.0565 0.0000e+00
        359 204.511706    0.02483     1.4900     89.402      5.054  49928.840    31.8039     9.9836      5.000     9.9710    24.4601     6.2510     8.9334     96.950    272.507    279.173    0.00080    6.44778    9.21453  281.08278   14.57504 3.4243e+02     1.3846     0.5534    87.0808 0.0000e+00
        361 204.511714    0.02502     1.5012     90.073      6.048  49949.283    31.8160     9.9693      6.000     9.9664    24.4719     6.2477     8.9286     96.875    272.359    279.024   -0.00040    6.44931    9.21671  281.14584   14.57801 3.1930e+02     1.3709     0.5505    87.1413 0.0000e+00
        365 204.511724    0.02527     1.5160     90.960      7.059  49906.221    31.7797     9.9273      7.000     9.8676    24.4504     6.2483     8.9294     96.772    272.389    279.049   -0.00150    6.45673    9.22731  281.47536   14.59392 2.5725e+02     1.3940     0.5560    87.0216 0.0000e+00
        370 204.511738    0.02560     1.5359     92.155      8.078  49998.992    31.8287     9.8041      8.000     9.7758    24.5088     6.2270     8.8990     96.212    271.443    278.096   -0.00576    6.47214    9.24934  282.13104   14.62510 2.1945e+02     1.4961     0.5564    87.0156 0.0000e+00
        374 204.511751    0.02591     1.5545     93.270      9.089  50040.047    31.8497     9.7471      9.000     9.7320    24.5345     6.1927     8.8501     95.576    269.945    276.568   -0.00995    6.47935    9.25964  282.43849   14.63972 1.6941e+02     1.8480     0.5565    87.0117 0.0000e+00
        378 204.511762    0.02617     1.5704     94.226     10.096  50064.223    31.8637     9.7262     10.000     9.7207    24.5487     6.1750     8.8247     95.268    269.166    275.775   -0.01008    6.48175    9.26307  282.53907   14.64447 1.4451e+02     2.2178     0.5535    87.0767 0.0000e+00
        381 204.511772    0.02642     1.5851     95.107     11.103  50065.536    31.8629     9.7172     11.000     9.7094    24.5497     6.1674     8.8138     95.130    268.834    275.433   -0.00851    6.48307    9.26495  282.59611   14.64720 1.1083e+02     2.5814     0.5493    87.1681 0.0000e+00
        385 204.511783    0.02668     1.6006     96.037     12.110  50076.156    31.8684     9.7055     12.000     9.7009    24.5558     6.1692     8.8165     95.137    268.914    275.517   -0.00614    6.48451    9.26701  282.65731   14.65011 9.6486e+01     2.8493     0.5424    87.3204 0.0000e+00
        389 204.511795    0.02698     1.6186     97.118     13.123  50075.916    31.8670     9.6987     13.000     9.6901    24.5557     6.1709     8.8188     95.149    268.986    275.591   -0.00355    6.48554    9.26848  282.70195   14.65226 8.1333e+01     3.1477     0.5397    87.3785 0.0000e+00
        394 204.511808    0.02727     1.6363     98.179     14.141  50086.596    31.8720     9.6835     14.000     9.6768    24.5622     6.1592     8.8021     94.939    268.474    275.069   -0.00437    6.48749    9.27127  282.78568   14.65624 6.7294e+01     3.2344     0.5343    87.4970 0.0000e+00
        397 204.511817    0.02750     1.6499     98.994     15.136  50087.432    31.8710     9.6752     15.000     9.6619    24.5628     6.1593     8.8023     94.924    268.481    275.075   -0.00376    6.48872    9.27302  282.83868   14.65878 5.6980e+01     3.4636     0.5342    87.4978 0.0000e+00
        401 204.511828    0.02776     1.6654     99.925     16.150  50097.435    31.8740     9.6484     16.000     9.6336    24.5695     6.1610     8.8047     94.895    268.553    275.151   -0.00256    6.49241    9.27830  282.99806   14.66639 4.8735e+01     3.6078     0.5309    87.5698 0.0000e+00
        405 204.511839    0.02804     1.6819    100.911     17.162  50118.183    31.8859     9.6312     17.000     9.6248    24.5816     6.1467     8.7842     94.647    267.926    274.512   -0.00415    6.49437    9.28110  283.07985   14.67025 4.0461e+01     3.6369     0.5221    87.7636 0.0000e+00
        408 204.511850    0.02829     1.6977    101.859     18.168  50120.573    31.8861     9.6234     18.000     9.6122    24.5829     6.1398     8.7745     94.526    267.626    274.206   -0.00433    6.49547    9.28267  283.12738   14.67252 3.3702e+01     3.6647     0.5190    87.8307 0.0000e+00
        413 204.511862    0.02859     1.7152    102.913     19.181  50121.401    31.8817     9.5897     19.000     9.5647    24.5849     6.1355     8.7681     94.384    267.433    274.009   -0.00397    6.50048    9.28983  283.34524   14.68297 2.8760e+01     3.6645     0.5107    88.0130 0.0000e+00
        417 204.511874    0.02887     1.7322    103.932     20.195  50161.229    31.9044     9.5525     20.000     9.5473    24.6086     6.1298     8.7600     94.234    267.179    273.754   -0.00436    6.50485    9.29608  283.52929   14.69168 2.4353e+01     3.5657     0.5088    88.0553 0.0000e+00
        420 204.511884    0.02911     1.7465    104.789     21.200  50171.288    31.9113     9.5542     21.000     9.5557    24.6137     6.1226     8.7497     94.131    266.865    273.434   -0.00412    6.50432    9.29532  283.50475   14.69048 2.0547e+01     3.6326     0.5081    88.0719 0.0000e+00
        423 204.511893    0.02934     1.7603    105.619     22.200  50163.076    31.9053     9.5565     22.000     9.5514    24.6088     6.1209     8.7474     94.106    266.794    273.359   -0.00344    6.50424    9.29521  283.50266   14.69040 1.7670e+01     3.9063     0.5070    88.0949 0.0000e+00
        429 204.511909    0.02970     1.7824    106.942     23.219  50169.895    31.9095     9.5545     23.000     9.5554    24.6123     6.1175     8.7426     94.053    266.646    273.209   -0.00258    6.50435    9.29537  283.50652   14.69057 1.5063e+01     3.7546     0.5094    88.0432 0.0000e+00
        434 204.511924    0.03006     1.8035    108.207     24.239  50167.025    31.9086     9.5667     24.000     9.5695    24.6097     6.1192     8.7449     94.103    266.718    273.282   -0.00124    6.50264    9.29291  283.43240   14.68702 1.2769e+01     3.7947     0.5065    88.1069 0.0000e+00
        437 204.511933    0.03028     1.8164    108.984     25.235  50149.388    31.8964     9.5714     25.000     9.5592    24.5994     6.1290     8.7590     94.257    267.150    273.722    0.00036    6.50248    9.29269  283.42847   14.68689 1.1190e+01     3.7667     0.5117    87.9924 0.0000e+00
        440 204.511942    0.03050     1.8297    109.781     26.245  50177.927    31.9145     9.5596     26.000     9.5674    24.6155     6.1389     8.7732     94.395    267.578    274.165    0.00176    6.50342    9.29403  283.46485   14.68855 9.4084e+00     3.7368     0.5098    88.0357 0.0000e+00
        444 204.511952    0.03074     1.8446    110.673     27.252  50164.955    31.9073     9.5776     27.000     9.5848    24.6071     6.1333     8.7651     94.342    267.334    273.912    0.00091    6.50114    9.29077  283.36779   14.68394 8.0282e+00     3.6576     0.5116    87.9949 0.0000e+00
        449 204.511966    0.03108     1.8647    111.879     28.262  50141.453    31.8922     9.5914     28.000     9.5908    24.5930     6.1337     8.7657     94.368    267.356    273.931    0.00032    6.49980    9.28886  283.31341   14.68140 7.2023e+00     3.7207     0.5107    88.0134 0.0000e+00
        454 204.511983    0.03149     1.8892    113.354     29.283  49390.464    31.3641     9.6046     29.000     9.5954    24.1785     6.1473     8.7851     94.283    268.058    274.538    0.00006    6.52001    9.31776  284.30987   14.73119 5.8438e+00     3.8061     0.5133    87.9573 0.0000e+00
        458 204.511995    0.03176     1.9054    114.326     30.290  50115.529    31.8717     9.5814     30.000     9.5715    24.5786     5.9989     8.5730     92.261    261.483    267.909   -0.01695    6.50209    9.29214  283.41734   14.68646 4.9855e+00     3.7300     0.5356    87.4693 0.0000e+00
        462 204.512004    0.03199     1.9193    115.159     31.301  50136.464    31.8845     9.5699     31.000     9.5436    24.5905     5.9338     8.4800     91.244    258.643    265.003   -0.02631    6.50319    9.29371  283.46221   14.68855 4.4609e+00     3.7564     0.5141    87.9416 0.0000e+00
        465 204.512013    0.03219     1.9313    115.880     32.306  50135.308    31.8788     9.5374     32.000     9.5377    24.5912     5.9738     8.5371     91.790    260.386    266.788   -0.01555    6.50809    9.30071  283.67533   14.69876 3.9495e+00     4.0655     0.5102    88.0245 0.0000e+00
        467 204.512021    0.03239     1.9435    116.608     33.297  50167.427    31.9009     9.5370     33.000     9.5211    24.6086     6.0265     8.6126     92.614    262.683    269.147   -0.00221    6.50722    9.29947  283.63261   14.69663 3.1732e+00     7.1693     0.5091    88.0498 0.0000e+00
        474 204.512041    0.03287     1.9721    118.326     34.332  50163.292    31.8966     9.5302     34.000     9.5281    24.6064     6.0525     8.6497     92.996    263.813    270.305    0.00263    6.50838    9.30113  283.68382   14.69910 2.9551e+00     3.8186     0.5334    87.5189 0.0000e+00
        480 204.512056    0.03324     1.9945    119.669     35.354  50150.890    31.8891     9.5421     35.000     9.5265    24.5986     5.8719     8.3915     90.239    255.942    262.237   -0.02032    6.50699    9.29913  283.62526   14.69634 2.3744e+00     4.3741     0.4963    88.3320 0.0000e+00
        482 204.512062    0.03338     2.0031    120.187     36.337  50142.789    31.8808     9.5259     36.000     9.5022    24.5947     5.6531     8.0788     86.841    246.407    252.467   -0.04965    6.50965    9.30293  283.74221   14.70196 1.9233e+00     3.7395     0.5036    88.1709 0.0000e+00
        484 204.512070    0.03356     2.0137    120.824     37.338  50192.157    31.9122     9.5047     37.000     9.5006    24.6227     5.5002     7.8604     84.470    239.734    245.637   -0.06897    6.51136    9.30540  283.80954   14.70505 1.6693e+00     3.4861     0.5155    87.9072 0.0000e+00
        488 204.512082    0.03385     2.0309    121.854     38.354  50184.858    31.9069     9.5067     38.000     9.4795    24.6182     5.7894     8.2736     88.912    252.342    258.554   -0.01294    6.51132    9.30532  283.80847   14.70502 1.4654e+00     3.8481     0.5428    87.3107 0.0000e+00
        494 204.512099    0.03426     2.0551    123.305     39.380  50195.494    31.8961     9.3772     39.000     9.3083    24.6303     6.1525     8.7925     94.213    268.164    274.770    0.04515    6.53039    9.33258  284.63649   14.74466 1.5565e+00     3.8013     0.5156    87.9066 0.0000e+00
        498 204.512110    0.03453     2.0718    124.306     40.384  50307.881    31.9591     9.2634     40.000     9.2500    24.6974     6.1149     8.7389     93.441    266.511    273.092    0.02297    6.54419    9.35230  285.21917   14.77227 1.1934e+00     3.6556     0.4807    88.6776 0.0000e+00
        502 204.512120    0.03476     2.0857    125.144     41.385  50363.813    32.0023     9.2939     41.000     9.3372    24.7265     6.0683     8.6721     92.816    264.469    271.009    0.00935    6.53795    9.34339  284.93933   14.75871 9.6239e-01     3.3328     0.4876    88.5239 0.0000e+00
        506 204.512131    0.03504     2.1024    126.146     42.405  50270.626    31.9444     9.3531     42.000     9.3324    24.6720     6.0540     8.6518     92.685    263.864    270.374    0.00447    6.53184    9.33466  284.68832   14.74695 8.2952e-01     3.1736     0.4985    88.2834 0.0000e+00
        509 204.512142    0.03529     2.1175    127.047     43.411  50252.341    31.9246     9.3065     43.000     9.2589    24.6638     6.0616     8.6627     92.693    264.195    270.712    0.00308    6.53940    9.34545  285.01991   14.76288 7.0307e-01     3.2650     0.4678    88.9616 0.0000e+00
        513 204.512154    0.03557     2.1344    128.062     44.410  50289.354    31.9426     9.2519     44.000     9.2306    24.6864     6.0535     8.6510     92.468    263.836    270.349    0.00016    6.54655    9.35567  285.32523   14.77741 6.1619e-01     3.3833     0.4915    88.4391 0.0000e+00
        520 204.512173    0.03605     2.1631    129.784     45.447  50351.799    31.9795     9.2050     45.000     9.1952    24.7227     6.0205     8.6038     91.891    262.388    268.874   -0.00488    6.55178    9.36315  285.54332   14.78769 5.4150e-01     3.3262     0.4582    89.1758 0.0000e+00
        523 204.512183    0.03628     2.1769    130.612     46.450  50360.309    31.9839     9.1968     46.000     9.1912    24.7274     6.0085     8.5867     91.693    261.863    268.339   -0.00599    6.55279    9.36460  285.58615   14.78972 4.7184e-01     4.9333     0.4539    89.2726 0.0000e+00
        526 204.512190    0.03645     2.1870    131.220     47.439  50364.437    31.9862     9.1956     47.000     9.1959    24.7294     6.0127     8.5928     91.757    262.047    268.527   -0.00438    6.55287    9.36470  285.58865   14.78983 4.0844e-01     3.2540     0.4537    89.2765 0.0000e+00
        529 204.512199    0.03666     2.1993    131.959     48.445  50384.455    32.0024     9.2136     48.000     9.2287    24.7393     6.0180     8.6003     91.884    262.276    268.764   -0.00201    6.54957    9.35999  285.44198   14.78275 3.5633e-01     3.2463     0.4718    88.8758 0.0000e+00
        534 204.512215    0.03704     2.2225    133.348     49.467  50305.167    31.9411     9.1788     49.000     9.1078    24.6968     6.0207     8.6042     91.819    262.406    268.886   -0.00151    6.55725    9.37096  285.78849   14.79957 3.9596e-01     3.1490     0.4620    89.0932 0.0000e+00
        540 204.512232    0.03745     2.2469    134.813     50.485  50466.638    32.0233     8.9627     50.000     8.9374    24.7945     5.9800     8.5460     90.808    260.604    267.065   -0.00948    6.58528    9.41101  286.98258   14.85631 5.6939e-01     3.0283     0.4369    89.6541 0.0000e+00
        544 204.512242    0.03771     2.2627    135.761     51.489  50502.946    32.0434     8.9284     51.000     8.9185    24.8156     5.9428     8.4927     90.185    258.976    265.402   -0.01340    6.58943    9.41696  287.15816   14.86463 2.3956e-01     3.1108     0.4201    90.0299 0.0000e+00
        548 204.512253    0.03796     2.2773    136.639     52.492  50510.075    32.0470     8.9212     52.000     8.9152    24.8194     5.9349     8.4816     90.055    258.635    265.054   -0.01092    6.59033    9.41824  287.19612   14.86643 2.1180e-01     2.9077     0.4267    89.8833 0.0000e+00
        552 204.512265    0.03824     2.2947    137.682     53.512  50506.856    32.0446     8.9237     53.000     8.9133    24.8172     5.9252     8.4677     89.911    258.211    264.619   -0.00860    6.59008    9.41788  287.18562   14.86593 1.9061e-01     2.7511     0.4213    90.0045 0.0000e+00
