CTD-processing/allCTD/CNV/2014_04-11_t3_s07_cast007_5028.cnv
* Sea-Bird SBE19plus Data File:
* FileName = C:\Users\kris.holderied\Documents\kasitsna\Research-Projects-and-Data\Oceanography-AK\CTD-CookInlet-GulfWatchAK\2014-04-EVOSTC-CookInlet-Ocean\2014-04-11-CookInlet-Tran3-AnchorPt\2014-04-11-CookInlet-Tran3-AnchorPt-cast007.hex
* Software Version 1.59
* Temperature SN =  5028
* Conductivity SN =  5028
* System UpLoad Time = Apr 11 2014 15:32:58
** Cook Inlet LTM Transect 3 (Anchor Pt) west to east
** Date: 2014-04-11
** Station: 3-07
** Start time: 12:24
** Depth (m): 109
** Comment:  CTD time is AKDaylight
** Comment:
# nquan = 27
# nvalues = 107                         
# units = specified
# name 0 = scan: Scan Count
# name 1 = timeJ: Julian Days
# name 2 = timeH: Time, Elapsed [hours]
# name 3 = timeM: Time, Elapsed [minutes]
# name 4 = timeS: Time, Elapsed [seconds]
# name 5 = prdM: Pressure, Strain Gauge [db]
# name 6 = specc: Specific Conductance [uS/cm]
# name 7 = sal00: Salinity, Practical [PSU]
# name 8 = tv290C: Temperature [ITS-90, deg C]
# name 9 = depSM: Depth [salt water, m], lat = 59.00
# name 10 = potemp090C: Potential Temperature [ITS-90, deg C]
# name 11 = sigma-é00: Density [sigma-theta, kg/m^3]
# name 12 = sbeox0ML/L: Oxygen, SBE 43 [ml/l]
# name 13 = sbeox0Mg/L: Oxygen, SBE 43 [mg/l]
# name 14 = sbeox0PS: Oxygen, SBE 43 [% saturation]
# name 15 = sbox0Mm/Kg: Oxygen, SBE 43 [umol/kg]
# name 16 = sbeox0Mm/L: Oxygen, SBE 43 [umol/l]
# name 17 = sbox0dV/dT: Oxygen, SBE 43 [dov/dt]
# name 18 = oxsolML/L: Oxygen Saturation, Garcia & Gordon [ml/l]
# name 19 = oxsolMg/L: Oxygen Saturation, Garcia & Gordon [mg/l]
# name 20 = oxsolMm/Kg: Oxygen Saturation, Garcia & Gordon [umol/kg]
# name 21 = potemp090C: Potential Temperature [ITS-90, deg C]
# name 22 = n2satMg/L: Nitrogen Saturation [mg/l]
# name 23 = par: PAR/Irradiance, Biospherical/Licor
# name 24 = flECO-AFL: Fluorescence, WET Labs ECO-AFL/FL [mg/m^3]
# name 25 = turbWETntu0: Turbidity, WET Labs ECO [NTU]
# name 26 = flag: flag
# span 0 =        186,        922       
# span 1 = 101.517713, 101.519840       
# span 2 =    0.01288,    0.06394       
# span 3 =     0.7728,     3.8364       
# span 4 =     46.366,    230.186       
# span 5 =      1.009,    108.038       
# span 6 =  50216.861,  51149.348       
# span 7 =    30.5675,    31.4341       
# span 8 =     2.4814,     3.6140       
# span 9 =      1.000,    107.000       
# span 10 =     2.4876,     3.6087      
# span 11 =    24.3882,    24.9870      
# span 12 =     6.6227,     7.5229      
# span 13 =     9.4645,    10.7510      
# span 14 =     85.441,     99.224      
# span 15 =    288.728,    327.838      
# span 16 =    295.769,    335.973      
# span 17 =   -0.00104,    0.00371      
# span 18 =    7.49181,    7.75141      
# span 19 =   10.70656,   11.07754      
# span 20 =  326.42804,  337.93637      
# span 21 =     2.4813,     3.6075      
# span 22 =   16.73865,   17.28875      
# span 23 = 3.7912e-02, 4.6262e+02      
# span 24 =     0.2771,    19.3497      
# span 25 =     3.8475,     8.4283      
# span 26 = 0.0000e+00, 0.0000e+00      
# interval = meters: 1                  
# start_time = Apr 11 2014 12:24:44 [Instrument's time stamp, header]
# bad_flag = -9.990e-29
*END*
        186 101.517713    0.01288     0.7728     46.366      1.009  50216.861    30.5675     2.4814      1.000     2.4876    24.3882     6.6227     9.4645     85.441    288.728    295.769    0.00069    7.75141   11.07754  337.93637     2.4813   17.28875 4.6262e+02    19.3497     4.6012 0.0000e+00
        378 101.518266    0.02616     1.5696     94.177      2.019  50249.726    30.6022     2.5306      2.000     2.5308    24.4124     7.0422    10.0640     90.989    307.009    314.504    0.00038    7.73998   11.06120  337.42991     2.5305   17.26457 1.7444e+02     5.4800     4.3250 0.0000e+00
        460 101.518505    0.03189     1.9136    114.813      3.028  50274.569    30.6219     2.5437      3.000     2.5426    24.4271     7.2010    10.2909     93.080    313.928    321.597    0.00019    7.73640   11.05609  337.26920     2.5435   17.25687 4.4846e+01     0.2771     4.3564 0.0000e+00
        468 101.518527    0.03244     1.9463    116.775      4.038  50283.975    30.6268     2.5402      4.000     2.5389    24.4312     7.1840    10.2666     92.854    313.184    320.836   -0.00047    7.73681   11.05668  337.28563     2.5400   17.25763 2.7007e+01     0.2840     4.4641 0.0000e+00
        474 101.518544    0.03282     1.9693    118.160      5.048  50291.521    30.6305     2.5370      5.000     2.5354    24.4344     7.1780    10.2581     92.772    312.925    320.571   -0.00063    7.73724   11.05728  337.30320     2.5368   17.25844 1.6459e+01     0.2782     4.5644 0.0000e+00
        479 101.518559    0.03319     1.9913    119.479      6.057  50297.180    30.6328     2.5335      6.000     2.5323    24.4366     7.1788    10.2593     92.777    312.960    320.608   -0.00053    7.73779   11.05807  337.32650     2.5333   17.25954 1.0164e+01     0.2982     4.6006 0.0000e+00
        484 101.518574    0.03356     2.0136    120.817      7.066  50300.951    30.6343     2.5314      7.000     2.5306    24.4379     7.1803    10.2613     92.791    313.021    320.671   -0.00042    7.73812   11.05854  337.34052     2.5311   17.26020 6.0000e+00     0.3027     4.6518 0.0000e+00
        489 101.518589    0.03392     2.0353    122.117      8.075  50307.754    30.6381     2.5306      8.000     2.5301    24.4410     7.1850    10.2680     92.852    313.225    320.881   -0.00023    7.73809   11.05850  337.33818     2.5302   17.26008 3.7569e+00     0.3018     4.6536 0.0000e+00
        495 101.518604    0.03428     2.0563    123.378      9.085  50321.165    30.6466     2.5308      9.000     2.5312    24.4478     7.1997    10.2891     93.049    313.867    321.540    0.00030    7.73758   11.05778  337.31374     2.5304   17.25888 2.2455e+00     0.3120     4.6428 0.0000e+00
        499 101.518618    0.03460     2.0761    124.566     10.095  50340.815    30.6599     2.5331     10.000     2.5342    24.4583     7.2175    10.3146     93.293    314.641    322.337    0.00086    7.73643   11.05613  337.26022     2.5326   17.25629 1.3079e+00     0.3167     4.6257 0.0000e+00
        504 101.518632    0.03494     2.0966    125.793     11.104  50363.341    30.6757     2.5377     11.000     2.5392    24.4706     7.2314    10.3343     93.493    315.239    322.953    0.00120    7.73471   11.05368  337.18120     2.5371   17.25247 7.8660e-01     0.3157     4.6576 0.0000e+00
        509 101.518647    0.03530     2.1177    127.062     12.113  50379.941    30.6878     2.5434     12.000     2.5466    24.4799     7.2414    10.3486     93.643    315.672    323.400    0.00134    7.73295   11.05116  337.10153     2.5428   17.24865 4.6232e-01     0.2990     4.8126 0.0000e+00
        514 101.518661    0.03564     2.1386    128.317     13.124  50404.974    30.7075     2.5561     13.000     2.5622    24.4946     7.2588    10.3735     93.911    316.427    324.178    0.00177    7.72944   11.04615  336.94369     2.5555   17.24107 2.7696e-01     0.2849     4.8782 0.0000e+00
        519 101.518676    0.03599     2.1593    129.556     14.133  50414.288    30.7174     2.5714     14.000     2.5752    24.5013     7.2765    10.3989     94.183    317.198    324.970    0.00214    7.72596   11.04116  336.78937     2.5707   17.23371 1.6756e-01     0.2964     4.9588 0.0000e+00
        524 101.518690    0.03634     2.1801    130.804     15.142  50417.494    30.7215     2.5806     15.000     2.5816    24.5039     7.2980    10.4295     94.485    318.132    325.927    0.00251    7.72394   11.03829  336.70108     2.5799   17.22950 1.0459e-01     0.3054     4.9631 0.0000e+00
        530 101.518705    0.03670     2.2021    132.129     16.152  50427.588    30.7289     2.5851     16.000     2.5877    24.5095     7.3209    10.4623     94.797    319.131    326.952    0.00282    7.72270   11.03652  336.64501     2.5843   17.22681 7.1312e-02     0.3045     4.9390 0.0000e+00
        535 101.518721    0.03709     2.2255    133.531     17.161  50460.233    30.7542     2.5999     17.000     2.6085    24.5286     7.3434    10.4944     95.140    320.104    327.956    0.00310    7.71850   11.03052  336.45564     2.5989   17.21772 5.2096e-02     0.3020     4.9406 0.0000e+00
        540 101.518737    0.03746     2.2474    134.844     18.171  50487.844    30.7798     2.6281     18.000     2.6357    24.5469     7.3666    10.5276     95.525    321.109    328.992    0.00350    7.71170   11.02079  336.15287     2.6271   17.20324 4.2102e-02     0.2959     5.0782 0.0000e+00
        545 101.518751    0.03781     2.2684    136.107     19.181  50505.943    30.7965     2.6472     19.000     2.6557    24.5588     7.3876    10.5576     95.854    322.022    329.930    0.00371    7.70713   11.01425  335.94974     2.6462   17.19353 3.8206e-02     0.2882     5.0652 0.0000e+00
        550 101.518765    0.03814     2.2887    137.325     20.190  50511.204    30.8051     2.6681     20.000     2.6711    24.5640     7.3975    10.5717     96.039    322.450    330.371    0.00353    7.70262   11.00781  335.75153     2.6671   17.18409 3.7927e-02     0.3029     5.1181 0.0000e+00
        555 101.518780    0.03849     2.3094    138.562     21.199  50508.761    30.8047     2.6749     21.000     2.6748    24.5632     7.4067    10.5849     96.174    322.852    330.782    0.00321    7.70134   11.00599  335.69614     2.6738   17.18146 3.7913e-02     0.3098     5.1794 0.0000e+00
        560 101.518794    0.03883     2.3295    139.769     22.209  50510.880    30.8062     2.6771     22.000     2.6770    24.5643     7.4147    10.5963     96.284    323.200    331.139    0.00291    7.70084   11.00527  335.67394     2.6760   17.18040 3.7912e-02     0.3256     5.2806 0.0000e+00
        565 101.518808    0.03917     2.3501    141.009     23.218  50514.497    30.8089     2.6799     23.000     2.6803    24.5662     7.4164    10.5987     96.314    323.273    331.215    0.00245    7.70014   11.00427  335.64291     2.6788   17.17891 3.7912e-02     0.3204     5.2721 0.0000e+00
        570 101.518824    0.03954     2.3727    142.363     24.228  50526.686    30.8183     2.6866     24.000     2.6899    24.5732     7.4189    10.6024     96.371    323.384    331.331    0.00205    7.69837   11.00174  335.56337     2.6854   17.17510 3.7912e-02     0.3141     5.2424 0.0000e+00
        576 101.518839    0.03990     2.3942    143.651     25.237  50536.520    30.8278     2.6996     25.000     2.7033    24.5798     7.4382    10.6300     96.659    324.222    332.191    0.00241    7.69535   10.99743  335.42957     2.6983   17.16870 3.7912e-02     0.3132     5.3187 0.0000e+00
        581 101.518853    0.04026     2.4152    144.914     26.247  50540.258    30.8330     2.7115     26.000     2.7136    24.5830     7.4472    10.6429     96.808    324.614    332.593    0.00233    7.69281   10.99379  335.31766     2.7101   17.16337 3.7912e-02     0.3075     5.3941 0.0000e+00
        586 101.518868    0.04061     2.4366    146.198     27.256  50539.951    30.8342     2.7187     27.000     2.7191    24.5834     7.4526    10.6505     96.896    324.846    332.832    0.00209    7.69136   10.99172  335.25425     2.7173   17.16036 3.7912e-02     0.3100     5.3921 0.0000e+00
        591 101.518884    0.04099     2.4598    147.587     28.266  50546.877    30.8400     2.7249     28.000     2.7266    24.5875     7.4578    10.6579     96.982    325.071    333.064    0.00187    7.68984   10.98955  335.18684     2.7235   17.15713 3.7912e-02     0.3157     5.3836 0.0000e+00
        597 101.518899    0.04136     2.4817    148.904     29.275  50567.125    30.8559     2.7357     29.000     2.7427    24.5994     7.4652    10.6686     97.116    325.392    333.397    0.00183    7.68695   10.98541  335.05682     2.7341   17.15090 3.7912e-02     0.3198     5.3298 0.0000e+00
        602 101.518915    0.04173     2.5038    150.231     30.285  50621.716    30.9007     2.7681     30.000     2.7870    24.6327     7.4761    10.6841     97.367    325.857    333.884    0.00211    7.67836   10.97315  334.67187     2.7665   17.13244 3.7912e-02     0.3304     5.3322 0.0000e+00
        607 101.518929    0.04208     2.5250    151.502     31.295  50634.353    30.9214     2.8167     31.000     2.8265    24.6454     7.4951    10.7113     97.746    326.682    334.732    0.00272    7.66796   10.95827  334.21401     2.8151   17.11061 3.7912e-02     0.3115     5.2435 0.0000e+00
        612 101.518945    0.04246     2.5476    152.858     32.305  50638.735    30.9302     2.8410     32.000     2.8471    24.6505     7.4956    10.7119     97.817    326.698    334.750    0.00237    7.66283   10.95095  333.98904     2.8393   17.09989 3.7912e-02     0.3320     5.2824 0.0000e+00
        618 101.518961    0.04284     2.5704    154.224     33.314  50661.141    30.9511     2.8650     33.000     2.8736    24.6653     7.4859    10.6982     97.764    326.274    334.322    0.00174    7.65716   10.94285  333.73729     2.8632   17.08785 3.7912e-02     0.3446     5.0278 0.0000e+00
        623 101.518976    0.04320     2.5920    155.522     34.323  50671.970    30.9646     2.8909     34.000     2.8968    24.6740     7.4859    10.6982     97.836    326.271    334.322    0.00157    7.65152   10.93479  333.48835     2.8890   17.07598 3.7912e-02     0.3189     5.0585 0.0000e+00
        628 101.518990    0.04354     2.6125    156.750     35.333  50685.097    30.9778     2.9094     35.000     2.9159    24.6831     7.4847    10.6963     97.874    326.213    334.265    0.00137    7.64730   10.92875  333.30136     2.9075   17.06705 3.7912e-02     0.3378     5.0387 0.0000e+00
        633 101.519006    0.04392     2.6353    158.115     36.343  50708.648    30.9998     2.9350     36.000     2.9435    24.6986     7.4880    10.7011     97.994    326.353    334.413    0.00138    7.64127   10.92014  333.03352     2.9331   17.05423 3.7912e-02     0.3443     4.6928 0.0000e+00
        639 101.519022    0.04431     2.6583    159.500     37.353  50727.271    31.0191     2.9630     37.000     2.9719    24.7117     7.4926    10.7078     98.137    326.552    334.622    0.00148    7.63493   10.91108  332.75301     2.9611   17.04083 3.7912e-02     0.3398     4.6952 0.0000e+00
        644 101.519037    0.04467     2.6801    160.809     38.362  50782.902    31.0651     2.9974     38.000     3.0205    24.7455     7.4870    10.6997     98.177    326.295    334.369    0.00127    7.62602   10.89835  332.35391     2.9953   17.02169 3.7912e-02     0.3589     4.7979 0.0000e+00
        649 101.519051    0.04501     2.7005    162.033     39.372  50890.822    31.1593     3.0822     39.000     3.1215    24.8137     7.4933    10.7087     98.531    326.550    334.653    0.00195    7.60510   10.86845  331.41996     3.0800   16.97695 3.7912e-02     0.3621     4.5484 0.0000e+00
        654 101.519066    0.04536     2.7217    163.302     40.382  50874.366    31.1690     3.1651     40.000     3.1767    24.8146     7.5229    10.7510     99.130    327.838    335.973    0.00327    7.58895   10.84537  330.71610     3.1628   16.94348 3.7912e-02     0.3706     4.1477 0.0000e+00
        659 101.519081    0.04572     2.7436    164.613     41.391  50861.965    31.1664     3.1897     41.000     3.1901    24.8105     7.4889    10.7024     98.740    326.358    334.455    0.00164    7.58445   10.83894  330.52116     3.1874   16.93423 3.7912e-02     0.3737     4.0169 0.0000e+00
        665 101.519096    0.04608     2.7646    165.878     42.401  50854.901    31.1619     3.1927     42.000     3.1893    24.8066     7.4484    10.6445     98.211    324.594    332.646   -0.00013    7.58411   10.83845  330.50741     3.1904   16.93359 3.7912e-02     0.3655     3.9273 0.0000e+00
        669 101.519110    0.04641     2.7843    167.059     43.410  50855.913    31.1612     3.1891     43.000     3.1877    24.8063     7.4249    10.6110     97.892    323.571    331.598   -0.00104    7.58483   10.83948  330.53913     3.1867   16.93511 3.7912e-02     0.3615     3.8691 0.0000e+00
        674 101.519124    0.04676     2.8051    168.305     44.420  50877.067    31.1773     3.1985     44.000     3.2012    24.8184     7.4281    10.6155     97.967    323.705    331.739   -0.00071    7.58224   10.83578  330.42239     3.1960   16.92949 3.7912e-02     0.3804     3.9081 0.0000e+00
        679 101.519138    0.04709     2.8256    169.535     45.430  50870.237    31.1744     3.2070     45.000     3.2047    24.8154     7.4403    10.6329     98.146    324.235    332.281   -0.00011    7.58079   10.83370  330.35992     3.2044   16.92654 3.7912e-02     0.4019     3.9917 0.0000e+00
        684 101.519153    0.04745     2.8468    170.810     46.440  50863.453    31.1689     3.2054     46.000     3.2003    24.8111     7.4370    10.6282     98.095    324.094    332.135   -0.00025    7.58138   10.83454  330.38698     3.2028   16.92784 3.7912e-02     0.3825     3.9985 0.0000e+00
        689 101.519167    0.04779     2.8671    172.028     47.449  50862.682    31.1663     3.1993     47.000     3.1953    24.8095     7.4392    10.6314     98.108    324.191    332.234   -0.00022    7.58265   10.83637  330.44301     3.1967   16.93051 3.7912e-02     0.3840     4.0968 0.0000e+00
        694 101.519181    0.04812     2.8870    173.218     48.459  50865.859    31.1675     3.1975     48.000     3.1944    24.8106     7.4361    10.6270     98.064    324.057    332.097   -0.00033    7.58293   10.83676  330.45474     3.1948   16.93107 3.7912e-02     0.3794     4.0655 0.0000e+00
        699 101.519195    0.04846     2.9075    174.448     49.468  50864.255    31.1655     3.1961     49.000     3.1923    24.8092     7.4418    10.6351     98.135    324.307    332.352   -0.00012    7.58329   10.83728  330.47107     3.1933   16.93185 3.7912e-02     0.3759     4.2287 0.0000e+00
        704 101.519210    0.04881     2.9286    175.719     50.478  50858.718    31.1602     3.1922     50.000     3.1869    24.8054     7.4458    10.6407     98.174    324.479    332.527   -0.00002    7.58430   10.83873  330.51640     3.1894   16.93403 3.7912e-02     0.3609     4.0837 0.0000e+00
        709 101.519225    0.04918     2.9505    177.029     51.488  50859.724    31.1589     3.1863     51.000     3.1827    24.8048     7.4434    10.6373     98.127    324.376    332.422   -0.00018    7.58547   10.84040  330.56756     3.1835   16.93646 3.7912e-02     0.3698     4.0157 0.0000e+00
        714 101.519239    0.04951     2.9710    178.257     52.497  50888.482    31.1791     3.1915     52.000     3.1973    24.8205     7.4467    10.6421     98.196    324.515    332.569   -0.00001    7.58346   10.83753  330.47496     3.1886   16.93198 3.7912e-02     0.3792     4.1050 0.0000e+00
        719 101.519253    0.04984     2.9904    179.426     53.507  50923.819    31.2088     3.2162     53.000     3.2299    24.8421     7.4501    10.6470     98.322    324.657    332.723    0.00031    7.57729   10.82871  330.19903     3.2132   16.91875 3.7912e-02     0.3912     3.9964 0.0000e+00
