CTD-processing/allCTD/CNV/2015_06-26_t9_s03_cast114_5028.cnv
* Sea-Bird SBE19plus Data File:
* FileName = C:\Users\Kris.Holderied\Documents\kasitsna\Research-KBL\Oceanography-AK\CTD-Data-ALL-to-2015-04\2015-CTD-KachemakBay-CookInlet\2015-06-26-CookInlet-HomerSpit-Monthly\2015-06-26-CookInlet-Tran9-cast114.hex
* Software Version 1.59
* Temperature SN =  5028
* Conductivity SN =  5028
* System UpLoad Time = Jul 03 2015 13:49:12
** Cook Inlet LTM Tran 9 (Homer Spit) North to South
** Date: 06-26
** Station: 9-03
** Start time (AKDT): 12:26
** Depth (m): 91.4
** Comment:  R/V Barnacle
** Comment:
# nquan = 27
# nvalues = 81                          
# units = specified
# name 0 = scan: Scan Count
# name 1 = timeJ: Julian Days
# name 2 = timeH: Time, Elapsed [hours]
# name 3 = timeM: Time, Elapsed [minutes]
# name 4 = timeS: Time, Elapsed [seconds]
# name 5 = prdM: Pressure, Strain Gauge [db]
# name 6 = specc: Specific Conductance [uS/cm]
# name 7 = sal00: Salinity, Practical [PSU]
# name 8 = tv290C: Temperature [ITS-90, deg C]
# name 9 = depSM: Depth [salt water, m], lat = 59.00
# name 10 = potemp090C: Potential Temperature [ITS-90, deg C]
# name 11 = sigma-é00: Density [sigma-theta, kg/m^3]
# name 12 = sbeox0ML/L: Oxygen, SBE 43 [ml/l]
# name 13 = sbeox0Mg/L: Oxygen, SBE 43 [mg/l]
# name 14 = sbeox0PS: Oxygen, SBE 43 [% saturation]
# name 15 = sbox0Mm/Kg: Oxygen, SBE 43 [umol/kg]
# name 16 = sbeox0Mm/L: Oxygen, SBE 43 [umol/l]
# name 17 = sbox0dV/dT: Oxygen, SBE 43 [dov/dt]
# name 18 = oxsolML/L: Oxygen Saturation, Garcia & Gordon [ml/l]
# name 19 = oxsolMg/L: Oxygen Saturation, Garcia & Gordon [mg/l]
# name 20 = oxsolMm/Kg: Oxygen Saturation, Garcia & Gordon [umol/kg]
# name 21 = potemp090C: Potential Temperature [ITS-90, deg C]
# name 22 = n2satMg/L: Nitrogen Saturation [mg/l]
# name 23 = par: PAR/Irradiance, Biospherical/Licor
# name 24 = flECO-AFL: Fluorescence, WET Labs ECO-AFL/FL [mg/m^3]
# name 25 = turbWETntu0: Turbidity, WET Labs ECO [NTU]
# name 26 = flag: flag
# span 0 =        226,        646       
# span 1 = 177.518615, 177.519830       
# span 2 =    0.01564,    0.04480       
# span 3 =     0.9387,     2.6883       
# span 4 =     56.323,    161.298       
# span 5 =      1.010,     81.780       
# span 6 =  40688.710,  50069.020       
# span 7 =    25.6439,    31.4980       
# span 8 =     7.3440,    13.1488       
# span 9 =      1.000,     81.000       
# span 10 =     7.3377,    13.1065      
# span 11 =    19.1468,    24.6003      
# span 12 =     6.3597,     8.2324      
# span 13 =     9.0886,    11.7649      
# span 14 =     92.822,    122.167      
# span 15 =    277.209,    358.966      
# span 16 =    284.023,    367.658      
# span 17 =   -0.05301,    0.04171      
# span 18 =    6.19901,    6.85688      
# span 19 =    8.85900,    9.79918      
# span 20 =  271.30373,  298.88645      
# span 21 =     7.3378,    13.1485      
# span 22 =   14.12452,   15.42719      
# span 23 = 5.3103e-02, 1.9890e+02      
# span 24 =     0.1134,     9.2772      
# span 25 =     0.2626,     1.6011      
# span 26 = 0.0000e+00, 0.0000e+00      
# interval = meters: 1                  
# start_time = Jun 26 2015 12:25:52 [Instrument's time stamp, header]
# bad_flag = -9.990e-29
*END*
[from data line 54]
        544 177.519533    0.03768     2.2609    135.653     55.526  49942.790    31.4324     7.5403     55.000     7.5447    24.5380     6.4659     9.2404     94.723    281.851    288.767   -0.00294    6.82610    9.75519  297.55247     7.5353   15.36352 5.9329e-02     0.3330     0.5314 0.0000e+00
        547 177.519544    0.03795     2.2766    136.596     56.535  49935.462    31.4293     7.5555     56.000     7.5555    24.5335     6.4659     9.2405     94.755    281.854    288.769   -0.00205    6.82387    9.75200  297.45655     7.5503   15.35897 5.8628e-02     0.3229     0.4858 0.0000e+00
        551 177.519555    0.03820     2.2923    137.540     57.546  49940.766    31.4344     7.5665     57.000     7.5686    24.5360     6.4670     9.2420     94.798    281.902    288.818   -0.00134    6.82192    9.74921  297.37082     7.5613   15.35486 5.8022e-02     0.3394     0.4790 0.0000e+00
        555 177.519566    0.03847     2.3082    138.490     58.556  49939.325    31.4352     7.5799     58.000     7.5797    24.5348     6.4692     9.2453     94.860    281.998    288.917   -0.00068    6.81981    9.74619  297.27903     7.5745   15.35047 5.7430e-02     0.3545     0.4932 0.0000e+00
        559 177.519577    0.03873     2.3240    139.441     59.565  49938.450    31.4356     7.5889     59.000     7.5850    24.5339     6.4693     9.2451     94.879    281.998    288.916   -0.00040    6.81838    9.74415  297.21717     7.5835   15.34751 5.6884e-02     0.3563     0.4894 0.0000e+00
        563 177.519588    0.03900     2.3402    140.410     60.575  49934.928    31.4328     7.5895     60.000     7.5815    24.5316     6.4679     9.2433     94.860    281.940    288.857   -0.00047    6.81841    9.74419  297.21908     7.5840   15.34762 5.6393e-02     0.3417     0.4458 0.0000e+00
        567 177.519600    0.03929     2.3570    141.419     61.585  49927.701    31.4261     7.5823     61.000     7.5675    24.5274     6.4654     9.2397     94.803    281.832    288.745   -0.00071    6.81984    9.74624  297.28279     7.5766   15.35069 5.5976e-02     0.3370     0.4362 0.0000e+00
        571 177.519611    0.03956     2.3740    142.440     62.595  49918.754    31.4156     7.5594     62.000     7.5368    24.5222     6.4592     9.2308     94.656    281.563    288.468   -0.00136    6.82388    9.75201  297.46006     7.5537   15.35919 5.5626e-02     0.3215     0.4454 0.0000e+00
        575 177.519623    0.03985     2.3910    143.458     63.605  49917.129    31.4079     7.5223     63.000     7.4958    24.5213     6.4467     9.2129     94.387    281.018    287.909   -0.00256    6.83001    9.76077  297.72759     7.5165   15.37199 5.5305e-02     0.3116     0.4994 0.0000e+00
        579 177.519635    0.04013     2.4075    144.452     64.615  49910.483    31.3954     7.4781     64.000     7.4410    24.5175     6.4338     9.1946     94.096    280.457    287.334   -0.00364    6.83748    9.77145  298.05438     7.4723   15.38763 5.5022e-02     0.3027     0.5788 0.0000e+00
        583 177.519646    0.04041     2.4241    145.447     65.624  49923.047    31.3927     7.4126     65.000     7.3784    24.5243     6.4219     9.1775     93.780    279.937    286.802   -0.00449    6.84787    9.78630  298.50534     7.4067   15.40916 5.4755e-02     0.2659     0.6251 0.0000e+00
        587 177.519658    0.04069     2.4414    146.484     66.634  49960.670    31.4105     7.3654     66.000     7.3458    24.5447     6.4029     9.1504     93.412    279.104    285.954   -0.00540    6.85449    9.79576  298.78792     7.3594   15.42257 5.4521e-02     0.2167     0.6717 0.0000e+00
        591 177.519670    0.04098     2.4590    147.538     67.643  49997.641    31.4322     7.3440     67.000     7.3377    24.5646     6.3817     9.1201     93.070    278.174    285.007   -0.00584    6.85688    9.79918  298.88645     7.3378   15.42719 5.4310e-02     0.1964     0.7238 0.0000e+00
        595 177.519683    0.04127     2.4762    148.573     68.653  50028.755    31.4545     7.3506     68.000     7.3544    24.5813     6.3637     9.0943     92.835    277.383    284.202   -0.00571    6.85484    9.79625  298.79235     7.3444   15.42260 5.4146e-02     0.1767     0.7528 0.0000e+00
        599 177.519694    0.04156     2.4933    149.598     69.663  50031.935    31.4596     7.3702     69.000     7.3712    24.5827     6.3597     9.0886     92.822    277.209    284.023   -0.00429    6.85153    9.79152  298.64758     7.3639   15.41567 5.4000e-02     0.1779     0.7381 0.0000e+00
        604 177.519707    0.04184     2.5105    150.629     70.673  50038.330    31.4662     7.3853     70.000     7.3864    24.5858     6.3598     9.0887     92.859    277.211    284.026   -0.00292    6.84886    9.78770  298.53033     7.3789   15.41006 5.3859e-02     0.1775     0.7249 0.0000e+00
        608 177.519718    0.04212     2.5273    151.640     71.682  50043.958    31.4721     7.4001     71.000     7.4005    24.5885     6.3621     9.0920     92.928    277.312    284.130   -0.00180    6.84626    9.78400  298.41645     7.3937   15.40460 5.3757e-02     0.1720     0.7002 0.0000e+00
        612 177.519730    0.04240     2.5440    152.639     72.693  50042.865    31.4730     7.4127     72.000     7.4099    24.5875     6.3661     9.0977     93.013    277.486    284.308   -0.00088    6.84424    9.78111  298.32869     7.4062   15.40041 5.3662e-02     0.1626     0.6812 0.0000e+00
        615 177.519741    0.04267     2.5604    153.622     73.702  50045.523    31.4754     7.4190     73.000     7.4154    24.5886     6.3694     9.1025     93.077    277.630    284.457   -0.00031    6.84315    9.77955  298.28083     7.4124   15.39811 5.3598e-02     0.1548     0.7013 0.0000e+00
        619 177.519752    0.04295     2.5765    154.593     74.712  50053.426    31.4817     7.4261     74.000     7.4254    24.5925     6.3661     9.0978     93.047    277.485    284.309   -0.00041    6.84176    9.77757  298.21925     7.4193   15.39515 5.3504e-02     0.1587     0.7000 0.0000e+00
        623 177.519764    0.04321     2.5926    155.558     75.721  50064.737    31.4917     7.4410     75.000     7.4456    24.5983     6.3627     9.0929     93.035    277.334    284.157   -0.00051    6.83899    9.77360  298.09674     7.4341   15.38926 5.3426e-02     0.1496     0.6699 0.0000e+00
        627 177.519774    0.04347     2.6084    156.507     76.732  50069.020    31.4980     7.4636     76.000     7.4683    24.6003     6.3677     9.1000     93.161    277.551    284.380    0.00024    6.83515    9.76812  297.92891     7.4567   15.38123 5.3371e-02     0.1253     0.6353 0.0000e+00
        631 177.519785    0.04373     2.6239    157.433     77.741  50057.430    31.4925     7.4819     77.000     7.4786    24.5935     6.3774     9.1140     93.339    277.979    284.815    0.00117    6.83254    9.76438  297.81668     7.4748   15.37589 5.3332e-02     0.1135     0.6057 0.0000e+00
        634 177.519796    0.04399     2.6391    158.347     78.751  50051.485    31.4887     7.4865     78.000     7.4791    24.5899     6.3810     9.1191     93.399    278.135    284.974    0.00125    6.83200    9.76361  297.79448     7.4792   15.37485 5.3286e-02     0.1156     0.6103 0.0000e+00
        638 177.519806    0.04425     2.6545    159.269     79.761  50050.095    31.4871     7.4856     79.000     7.4762    24.5887     6.3784     9.1154     93.358    278.024    284.860    0.00063    6.83221    9.76391  297.80387     7.4783   15.37531 5.3226e-02     0.1266     0.6047 0.0000e+00
        642 177.519817    0.04450     2.6700    160.200     80.771  50053.605    31.4883     7.4810     80.000     7.4700    24.5904     6.3785     9.1154     93.349    278.025    284.862    0.00029    6.83287    9.76486  297.83228     7.4736   15.37666 5.3153e-02     0.1235     0.5904 0.0000e+00
        646 177.519830    0.04480     2.6883    161.298     81.780  50057.372    31.4890     7.4721     81.000     7.4596    24.5921     6.3808     9.1187     93.365    278.126    284.966    0.00026    6.83423    9.76680  297.89103     7.4646   15.37946 5.3103e-02     0.1134     0.6046 0.0000e+00
