CTD-processing/allCTD/CNV/2015_02-22_t3_s09_cast210_4141.cnv
* Sea-Bird SBE19plus Data File:
* FileName = C:\Users\amdoroff\Desktop\2015_02_22_CookInlet_Tran3_AnchorPt\2015_02_22_CookInlet_Tran3_Cast210.hex
* Software Version 1.59
* Temperature SN =  4141
* Conductivity SN =  4141
* System UpLoad Time = Feb 22 2015 17:15:04
** Cook Inlet LTM Tran3 Anchor Pt E to W
** Date 02-22
** Station: 3-09
** Start Time: 13:33
** Depth (m): 70
** Comment
# nquan = 27
# nvalues = 71                          
# units = specified
# name 0 = scan: Scan Count
# name 1 = timeJ: Julian Days
# name 2 = timeH: Time, Elapsed [hours]
# name 3 = timeM: Time, Elapsed [minutes]
# name 4 = timeS: Time, Elapsed [seconds]
# name 5 = prdM: Pressure, Strain Gauge [db]
# name 6 = specc: Specific Conductance [uS/cm]
# name 7 = sal00: Salinity, Practical [PSU]
# name 8 = tv290C: Temperature [ITS-90, deg C]
# name 9 = depSM: Depth [salt water, m], lat = 59.00
# name 10 = potemp090C: Potential Temperature [ITS-90, deg C]
# name 11 = sigma-é00: Density [sigma-theta, kg/m^3]
# name 12 = sbeox0ML/L: Oxygen, SBE 43 [ml/l]
# name 13 = sbeox0Mg/L: Oxygen, SBE 43 [mg/l]
# name 14 = sbeox0PS: Oxygen, SBE 43 [% saturation]
# name 15 = sbox0Mm/Kg: Oxygen, SBE 43 [umol/kg]
# name 16 = sbeox0Mm/L: Oxygen, SBE 43 [umol/l]
# name 17 = sbox0dV/dT: Oxygen, SBE 43 [dov/dt]
# name 18 = oxsolML/L: Oxygen Saturation, Garcia & Gordon [ml/l]
# name 19 = oxsolMg/L: Oxygen Saturation, Garcia & Gordon [mg/l]
# name 20 = oxsolMm/Kg: Oxygen Saturation, Garcia & Gordon [umol/kg]
# name 21 = n2satMg/L: Nitrogen Saturation [mg/l]
# name 22 = par: PAR/Irradiance, Biospherical/Licor
# name 23 = wetStar: Fluorescence, WET Labs WETstar [mg/m^3]
# name 24 = CStarAt0: Beam Attenuation, WET Labs C-Star [1/m]
# name 25 = CStarTr0: Beam Transmission, WET Labs C-Star [%]
# name 26 = flag: flag
# span 0 =         61,        834       
# span 1 =  53.565485,  53.567723       
# span 2 =    0.00414,    0.05785       
# span 3 =     0.2484,     3.4707       
# span 4 =     14.904,    208.240       
# span 5 =      1.004,     71.648       
# span 6 =  50278.433,  50559.430       
# span 7 =    30.8804,    31.2311       
# span 8 =     3.5459,     4.3722       
# span 9 =      1.000,     71.000       
# span 10 =     3.5450,     4.3744      
# span 11 =    24.5518,    24.7537      
# span 12 =     6.3228,     6.8080      
# span 13 =     9.0359,     9.7293      
# span 14 =     83.978,     90.835      
# span 15 =    275.598,    296.755      
# span 16 =    282.376,    304.044      
# span 17 =   -0.00971,    0.00124      
# span 18 =    7.36453,    7.53260      
# span 19 =   10.52464,   10.76484      
# span 20 =  320.95525,  328.34489      
# span 21 =   16.47924,   16.83198      
# span 22 = 3.6337e-02, 3.1417e+01      
# span 23 =     0.3501,     0.6669      
# span 24 =     6.2608,    10.7022      
# span 25 =     6.9153,    20.9133      
# span 26 = 0.0000e+00, 0.0000e+00      
# interval = meters: 1                  
# start_time = Feb 22 2015 13:34:03 [Instrument's time stamp, header]
# bad_flag = -9.990e-29
*END*
         61  53.565485    0.00414     0.2484     14.904      1.004  50349.130    30.9289     3.5506      1.000     3.5450    24.5899     6.3228     9.0359     83.978    275.598    282.376   -0.00340    7.52912   10.75986  328.17912   16.82391 3.1417e+01     0.3501     8.6734    14.9524 0.0000e+00
        281  53.566124    0.01948     1.1684     70.104      2.009  50278.433    30.8804     3.5459      2.000     3.5475    24.5518     6.4715     9.2484     85.914    282.090    289.016   -0.00971    7.53260   10.76484  328.34489   16.83198 4.9150e+00     0.5036     7.8361    13.5804 0.0000e+00
        338  53.566288    0.02341     1.4046     84.276      3.029  50288.366    30.8879     3.5518      3.000     3.5523    24.5572     6.8060     9.7264     90.371    296.670    303.955    0.00050    7.53113   10.76273  328.27846   16.82879 1.0317e+00     0.4967     7.9388    13.7488 0.0000e+00
        345  53.566307    0.02388     1.4326     85.953      4.036  50301.119    30.8970     3.5559      4.000     3.5594    24.5642     6.8080     9.7293     90.412    296.755    304.044    0.00047    7.52989   10.76097  328.22257   16.82611 1.7104e-01     0.5112     7.8514    14.0567 0.0000e+00
        352  53.566328    0.02436     1.4617     87.701      5.046  50311.223    30.9068     3.5699      5.000     3.5739    24.5707     6.8071     9.7280     90.438    296.713    304.003    0.00031    7.52680   10.75654  328.08534   16.81954 4.3146e-02     0.5127     7.2243    16.4450 0.0000e+00
        360  53.566351    0.02494     1.4962     89.773      6.058  50320.732    30.9174     3.5891      6.000     3.5953    24.5774     6.8053     9.7254     90.463    296.632    303.922    0.00024    7.52269   10.75067  327.90428   16.81089 3.6337e-02     0.5080     7.2730    16.2340 0.0000e+00
        368  53.566375    0.02549     1.5293     91.758      7.064  50322.871    30.9255     3.6187      7.000     3.6206    24.5812     6.8007     9.7188     90.473    296.432    303.718    0.00013    7.51681   10.74227  327.64665   16.79862 3.6382e-02     0.5176     7.0207    17.3001 0.0000e+00
        378  53.566402    0.02615     1.5689     94.132      8.080  50322.523    30.9226     3.6100      8.000     3.6137    24.5798     6.7979     9.7148     90.414    296.309    303.591   -0.00047    7.51855   10.74476  327.72321   16.80227 3.6382e-02     0.5386     7.2415    16.3607 0.0000e+00
        383  53.566419    0.02656     1.5936     95.617      9.084  50339.218    30.9412     3.6419      9.000     3.6476    24.5917     6.7988     9.7162     90.509    296.348    303.636    0.00027    7.51171   10.73499  327.42123   16.78784 3.6382e-02     0.5190     7.6727    14.7482 0.0000e+00
        391  53.566441    0.02710     1.6260     97.559     10.092  50338.528    30.9445     3.6596     10.000     3.6638    24.5927     6.8003     9.7183     90.570    296.410    303.700    0.00060    7.50828   10.73008  327.27120   16.78070 3.6382e-02     0.5365     7.2662    16.3490 0.0000e+00
        401  53.566471    0.02781     1.6683    100.095     11.111  50373.489    30.9767     3.6972     11.000     3.7141    24.6150     6.7917     9.7061     90.559    296.032    303.319    0.00001    7.49972   10.71785  326.89100   16.76250 3.6382e-02     0.5417     7.3824    15.9771 0.0000e+00
        407  53.566486    0.02816     1.6898    101.386     12.106  50358.798    30.9744     3.7311     12.000     3.7337    24.6101     6.7918     9.7062     90.636    296.038    303.323    0.00058    7.49359   10.70909  326.62551   16.74989 3.6382e-02     0.5379     7.9497    13.7774 0.0000e+00
        417  53.566515    0.02887     1.7320    103.918     13.129  50348.739    30.9678     3.7344     13.000     3.7332    24.6046     6.7711     9.6765     90.361    295.132    302.394   -0.00171    7.49332   10.70869  326.61515   16.74943 3.6382e-02     0.5507     6.9160    17.7872 0.0000e+00
        423  53.566533    0.02930     1.7582    105.489     14.129  50358.946    30.9755     3.7395     14.000     3.7412    24.6102     6.7779     9.6863     90.468    295.429    302.699   -0.00035    7.49200   10.70681  326.55584   16.74657 3.6382e-02     0.5457     6.9794    17.5826 0.0000e+00
        432  53.566561    0.02995     1.7973    107.839     15.148  50378.373    30.9926     3.7578     15.000     3.7672    24.6221     6.7750     9.6822     90.481    295.302    302.573   -0.00013    7.48777   10.70077  326.36787   16.73757 3.6382e-02     0.5530     6.5518    19.5685 0.0000e+00
        438  53.566577    0.03035     1.8209    109.253     16.148  50402.442    31.0190     3.8020     16.000     3.8169    24.6391     6.7727     9.6790     90.565    295.198    302.471    0.00039    7.47832   10.68728  325.95100   16.71765 3.6382e-02     0.5588     7.6839    14.7170 0.0000e+00
        447  53.566602    0.03095     1.8573    111.440     17.161  50403.308    31.0305     3.8504     17.000     3.8594    24.6439     6.7755     9.6829     90.717    295.318    302.595    0.00112    7.46888   10.67377  325.53750   16.69795 3.6382e-02     0.5548     6.4781    19.8896 0.0000e+00
        455  53.566627    0.03154     1.8925    113.549     18.173  50406.879    31.0433     3.8962     18.000     3.9012    24.6498     6.7631     9.6651     90.660    294.773    302.039    0.00004    7.45984   10.66086  325.14182   16.67909 3.6382e-02     0.5610     7.1774    16.6414 0.0000e+00
        462  53.566645    0.03199     1.9193    115.159     19.176  50438.274    31.0729     3.9332     19.000     3.9494    24.6699     6.7555     9.6543     90.658    294.436    301.700   -0.00009    7.45162   10.64911  324.77723   16.66163 3.6382e-02     0.5669     7.0973    17.0147 0.0000e+00
        472  53.566674    0.03268     1.9607    117.641     20.195  50442.061    31.0913     4.0024     20.000     4.0126    24.6779     6.7431     9.6365     90.656    293.893    301.146   -0.00013    7.43810   10.62978  324.18509   16.63341 3.6382e-02     0.5876     6.8996    17.8654 0.0000e+00
        478  53.566692    0.03311     1.9864    119.186     21.198  50433.048    31.0927     4.0368     21.000     4.0380    24.6758     6.7338     9.6232     90.607    293.488    300.729   -0.00058    7.43179   10.62078  323.91122   16.62038 3.6382e-02     0.5857     7.5474    15.1656 0.0000e+00
        486  53.566715    0.03366     2.0194    121.166     22.207  50432.850    31.0940     4.0451     22.000     4.0448    24.6761     6.7293     9.6169     90.567    293.295    300.532   -0.00062    7.43022   10.61852  323.84239   16.61711 3.6382e-02     0.5917     6.3316    20.7413 0.0000e+00
        496  53.566745    0.03438     2.0624    123.744     23.224  50428.442    31.0895     4.0413     23.000     4.0392    24.6730     6.7172     9.5996     90.393    292.768    299.992   -0.00155    7.43113   10.61983  323.88309   16.61906 3.6382e-02     0.5917     6.5184    19.7004 0.0000e+00
        502  53.566761    0.03477     2.0866    125.196     24.225  50432.376    31.0928     4.0460     24.000     4.0442    24.6752     6.7152     9.5967     90.379    292.681    299.904   -0.00118    7.43012   10.61838  323.83847   16.61692 3.6382e-02     0.5897     7.1805    16.6651 0.0000e+00
        510  53.566784    0.03532     2.1191    127.147     25.241  50433.743    31.0931     4.0454     25.000     4.0440    24.6755     6.7163     9.5983     90.392    292.728    299.951   -0.00056    7.43021   10.61851  323.84211   16.61709 3.6382e-02     0.5815     6.2608    20.9133 0.0000e+00
        516  53.566802    0.03575     2.1452    128.709     26.243  50440.619    31.0981     4.0489     26.000     4.0500    24.6791     6.7116     9.5916     90.339    292.520    299.739   -0.00084    7.42933   10.61725  323.80256   16.61519 3.6382e-02     0.5910     6.6950    18.7796 0.0000e+00
        526  53.566833    0.03649     2.1895    131.368     27.267  50446.171    31.1047     4.0632     27.000     4.0652    24.6830     6.7155     9.5971     90.427    292.690    299.914    0.00009    7.42640   10.61307  323.67378   16.60904 3.6382e-02     0.6226     6.4125    20.2674 0.0000e+00
        532  53.566849    0.03687     2.2124    132.742     28.273  50445.040    31.1056     4.0724     28.000     4.0719    24.6828     6.7142     9.5953     90.431    292.635    299.857   -0.00008    7.42469   10.61063  323.59943   16.60550 3.6382e-02     0.5709     8.8008    11.2009 0.0000e+00
        535  53.566859    0.03710     2.2261    133.568     29.263  50455.678    31.1130     4.0752     29.000     4.0798    24.6884     6.7185     9.6014     90.498    292.818    300.046    0.00032    7.42382   10.60939  323.55985   16.60360 3.6382e-02     0.5817     9.6701     8.9533 0.0000e+00
        547  53.566892    0.03791     2.2748    136.486     30.293  50451.292    31.1139     4.0939     30.000     4.0933    24.6873     6.7146     9.5959     90.489    292.652    299.877   -0.00028    7.42038   10.60446  323.40998   16.59646 3.6382e-02     0.5971     6.9912    18.0175 0.0000e+00
        553  53.566909    0.03830     2.2985    137.909     31.299  50475.971    31.1311     4.0978     31.000     4.1101    24.7006     6.7022     9.5781     90.340    292.103    299.318   -0.00170    7.41881   10.60222  323.33739   16.59294 3.6382e-02     0.5958     8.8768    11.1002 0.0000e+00
        556  53.566919    0.03856     2.3137    138.821     32.294  50484.143    31.1424     4.1247     32.000     4.1344    24.7071     6.7068     9.5848     90.469    292.305    299.527   -0.00058    7.41338   10.59446  323.09873   16.58154 3.6382e-02     0.5890     9.8002     8.6580 0.0000e+00
        569  53.566956    0.03944     2.3665    141.988     33.325  50457.958    31.1288     4.1454     33.000     4.1406    24.6943     6.7041     9.5808     90.469    292.189    299.404   -0.00086    7.41032   10.59010  322.96984   16.57548 3.6382e-02     0.6190     7.3584    16.1532 0.0000e+00
        574  53.566971    0.03980     2.3884    143.301     34.331  50459.525    31.1281     4.1399     34.000     4.1367    24.6943     6.6953     9.5682     90.339    291.807    299.012   -0.00194    7.41136   10.59158  323.01497   16.57763 3.6382e-02     0.6084     9.6290     9.0346 0.0000e+00
        577  53.566979    0.04000     2.4003    144.016     35.324  50475.941    31.1389     4.1402     35.000     4.1447    24.7028     6.6973     9.5713     90.374    291.895    299.106   -0.00139    7.41075   10.59071  322.98558   16.57618 3.6382e-02     0.6105    10.6277     7.0032 0.0000e+00
        587  53.567007    0.04067     2.4401    146.405     36.340  50469.415    31.1359     4.1487     36.000     4.1468    24.6996     6.7020     9.5778     90.453    292.096    299.311   -0.00051    7.40938   10.58875  322.92679   16.57340 3.6382e-02     0.6040     8.4105    12.7889 0.0000e+00
        595  53.567032    0.04126     2.4758    148.548     37.357  50456.859    31.1269     4.1489     37.000     4.1429    24.6925     6.7049     9.5819     90.487    292.224    299.441   -0.00024    7.40979   10.58934  322.94717   16.57441 3.6382e-02     0.6288     9.6639     9.1207 0.0000e+00
        599  53.567042    0.04151     2.4906    149.434     38.355  50489.669    31.1483     4.1470     38.000     4.1549    24.7096     6.7102     9.5895     90.567    292.450    299.676    0.00040    7.40906   10.58829  322.90976   16.57254 3.6382e-02     0.6047    10.7022     6.9153 0.0000e+00
        606  53.567063    0.04201     2.5206    151.233     39.366  50483.575    31.1476     4.1643     39.000     4.1671    24.7075     6.7081     9.5865     90.576    292.358    299.581    0.00014    7.40598   10.58389  322.77610   16.56619 3.6382e-02     0.6186     8.6297    12.7827 0.0000e+00
        617  53.567094    0.04275     2.5647    153.881     40.388  50487.947    31.1528     4.1758     40.000     4.1807    24.7104     6.6954     9.5685     90.434    291.807    299.018   -0.00135    7.40366   10.58057  322.67400   16.56131 3.6382e-02     0.6392     7.6869    14.7698 0.0000e+00
        621  53.567105    0.04303     2.5817    154.903     41.387  50512.602    31.1742     4.1977     41.000     4.2084    24.7253     6.6970     9.5707     90.517    291.873    299.090   -0.00047    7.39865   10.57341  322.45080   16.55061 3.6382e-02     0.6049     9.2153     9.9726 0.0000e+00
        626  53.567122    0.04343     2.6057    156.341     42.396  50487.157    31.1606     4.2161     42.000     4.2142    24.7127     6.7044     9.5812     90.648    292.195    299.416    0.00068    7.39601   10.56964  322.33994   16.54539 3.6382e-02     0.6259     7.1375    17.1077 0.0000e+00
        635  53.567147    0.04402     2.6413    158.476     43.414  50482.095    31.1560     4.2134     43.000     4.2098    24.7094     6.6967     9.5702     90.536    291.861    299.073   -0.00059    7.39672   10.57065  322.37166   16.54692 3.6382e-02     0.6277     6.5670    19.3995 0.0000e+00
        641  53.567164    0.04443     2.6657    159.941     44.420  50504.927    31.1727     4.2205     44.000     4.2252    24.7220     6.6994     9.5741     90.599    291.978    299.196    0.00004    7.39462   10.56764  322.27610   16.54231 3.6382e-02     0.6236     7.2691    16.2601 0.0000e+00
        647  53.567181    0.04485     2.6911    161.469     45.427  50499.348    31.1723     4.2377     45.000     4.2378    24.7200     6.6998     9.5746     90.640    291.993    299.211    0.00029    7.39156   10.56327  322.14343   16.53600 3.6382e-02     0.6353     6.7977    18.3151 0.0000e+00
        655  53.567205    0.04542     2.7252    163.510     46.441  50492.507    31.1688     4.2448     46.000     4.2404    24.7165     6.6964     9.5698     90.608    291.847    299.060   -0.00019    7.39044   10.56168  322.09586   16.53375 3.6382e-02     0.6316     6.4624    19.8795 0.0000e+00
        662  53.567224    0.04587     2.7521    165.128     47.452  50496.181    31.1694     4.2388     47.000     4.2369    24.7176     6.6926     9.5644     90.545    291.681    298.891   -0.00066    7.39150   10.56318  322.14160   16.53592 3.6382e-02     0.6361     7.2022    16.5633 0.0000e+00
        666  53.567238    0.04621     2.7728    166.367     48.455  50492.175    31.1670     4.2420     48.000     4.2373    24.7153     6.6910     9.5621     90.529    291.613    298.821   -0.00069    7.39103   10.56252  322.12191   16.53500 3.6382e-02     0.6232     7.7463    14.4575 0.0000e+00
        675  53.567263    0.04681     2.8083    168.500     49.469  50506.802    31.1765     4.2423     49.000     4.2434    24.7229     6.6897     9.5603     90.518    291.555    298.763   -0.00059    7.39050   10.56176  322.09666   16.53376 3.6382e-02     0.6305     6.4892    19.8094 0.0000e+00
        684  53.567288    0.04741     2.8446    170.675     50.483  50507.657    31.1815     4.2637     50.000     4.2630    24.7248     6.6854     9.5541     90.510    291.367    298.571   -0.00039    7.38642   10.55593  321.91801   16.52524 3.6382e-02     0.6310     7.2063    16.5992 0.0000e+00
        688  53.567301    0.04773     2.8637    171.825     51.483  50503.246    31.1791     4.2683     51.000     4.2646    24.7223     6.6902     9.5609     90.582    291.574    298.782    0.00028    7.38573   10.55493  321.88840   16.52384 3.6382e-02     0.6298     8.2489    12.7453 0.0000e+00
        696  53.567323    0.04825     2.8948    173.685     52.497  50504.259    31.1788     4.2665     52.000     4.2632    24.7224     6.6924     9.5641     90.609    291.672    298.882    0.00027    7.38604   10.55539  321.90245   16.52451 3.6382e-02     0.6406     6.4382    20.0586 0.0000e+00
        704  53.567348    0.04884     2.9307    175.840     53.507  50501.720    31.1765     4.2661     53.000     4.2613    24.7206     6.6862     9.5552     90.523    291.401    298.605   -0.00064    7.38624   10.55567  321.91147   16.52495 3.6382e-02     0.6506     6.6152    19.1329 0.0000e+00
