CTD-processing/allCTD/CNV/2015_04-08_t6_s10_cast018_5028.cnv
* Sea-Bird SBE19plus Data File:
* FileName = C:\Users\kris.holderied\Documents\kasitsna\Research-Projects-and-Data\Oceanography-AK\CTD-Data-ALL-to-2015-02\2015-CTD-KachemakBay-CookInlet\2015-04-EVOSTC-CookInlet-quarterly\2015-04-08-CookInlet-Tran6-Douglas\2015-04-08-CookInlet-Tran6-cast018.hex
* Software Version 1.59
* Temperature SN =  5028
* Conductivity SN =  5028
* System UpLoad Time = Apr 09 2015 19:12:11
** Cook Inlet LTM Tran 6 (Douglas) East to West - partial
** Date: 04-08
** Station: 6-10
** Start time (AKDT): 03:40
** Depth (m): 96
** Comment:  KBL CTD. Time is local (AKDT)
** Comment: On R/V Pandalus.  Weather limited stations (1-12, skipped  7,9)
# nquan = 27
# nvalues = 92                          
# units = specified
# name 0 = scan: Scan Count
# name 1 = timeJ: Julian Days
# name 2 = timeH: Time, Elapsed [hours]
# name 3 = timeM: Time, Elapsed [minutes]
# name 4 = timeS: Time, Elapsed [seconds]
# name 5 = prdM: Pressure, Strain Gauge [db]
# name 6 = specc: Specific Conductance [uS/cm]
# name 7 = sal00: Salinity, Practical [PSU]
# name 8 = tv290C: Temperature [ITS-90, deg C]
# name 9 = depSM: Depth [salt water, m], lat = 59.00
# name 10 = potemp090C: Potential Temperature [ITS-90, deg C]
# name 11 = sigma-é00: Density [sigma-theta, kg/m^3]
# name 12 = sbeox0ML/L: Oxygen, SBE 43 [ml/l]
# name 13 = sbeox0Mg/L: Oxygen, SBE 43 [mg/l]
# name 14 = sbeox0PS: Oxygen, SBE 43 [% saturation]
# name 15 = sbox0Mm/Kg: Oxygen, SBE 43 [umol/kg]
# name 16 = sbeox0Mm/L: Oxygen, SBE 43 [umol/l]
# name 17 = sbox0dV/dT: Oxygen, SBE 43 [dov/dt]
# name 18 = oxsolML/L: Oxygen Saturation, Garcia & Gordon [ml/l]
# name 19 = oxsolMg/L: Oxygen Saturation, Garcia & Gordon [mg/l]
# name 20 = oxsolMm/Kg: Oxygen Saturation, Garcia & Gordon [umol/kg]
# name 21 = potemp090C: Potential Temperature [ITS-90, deg C]
# name 22 = n2satMg/L: Nitrogen Saturation [mg/l]
# name 23 = par: PAR/Irradiance, Biospherical/Licor
# name 24 = flECO-AFL: Fluorescence, WET Labs ECO-AFL/FL [mg/m^3]
# name 25 = turbWETntu0: Turbidity, WET Labs ECO [NTU]
# name 26 = flag: flag
# span 0 =         55,        584       
# span 1 =  98.153398,  98.154927       
# span 2 =    0.00378,    0.04048       
# span 3 =     0.2265,     2.4284       
# span 4 =     13.589,    145.705       
# span 5 =      1.010,     92.890       
# span 6 =  49038.979,  51042.840       
# span 7 =    30.5836,    31.9057       
# span 8 =     5.6586,     6.0101       
# span 9 =      1.000,     92.000       
# span 10 =     5.6817,     6.0048      
# span 11 =    24.1016,    25.1077      
# span 12 =     5.5362,     6.8673      
# span 13 =     7.9118,     9.8141      
# span 14 =     77.892,     95.740      
# span 15 =    241.208,    299.522      
# span 16 =    247.245,    306.696      
# span 17 =   -0.00765,    0.03990      
# span 18 =    7.05049,    7.17619      
# span 19 =   10.07585,   10.25549      
# span 20 =  307.16298,  313.00448      
# span 21 =     5.6585,     6.0048      
# span 22 =   15.81989,   16.10345      
# span 23 = 3.1337e-02, 1.0115e-01      
# span 24 =     0.2616,     0.3666      
# span 25 =     0.2482,     2.4840      
# span 26 = 0.0000e+00, 0.0000e+00      
# interval = meters: 1                  
# start_time = Apr 08 2015 03:40:40 [Instrument's time stamp, header]
# bad_flag = -9.990e-29
*END*
[from data line 54]
        444  98.154523    0.03077     1.8467    110.800     55.526  50963.110    31.8627     6.0032     55.000     5.9975    25.0745     6.5538     9.3660     92.915    285.534    292.693   -0.00145    7.05358   10.08027  307.30728     5.9988   15.82694 3.7976e-02     0.3186     0.2700 0.0000e+00
        447  98.154532    0.03099     1.8593    111.561     56.536  50970.709    31.8672     6.0020     56.000     5.9985    25.0782     6.5538     9.3660     92.914    285.532    292.692   -0.00127    7.05357   10.08026  307.30583     5.9974   15.82685 3.7977e-02     0.3190     0.2774 0.0000e+00
        450  98.154539    0.03115     1.8692    112.155     57.547  50981.631    31.8746     6.0035     57.000     6.0005    25.0839     6.5563     9.3695     92.957    285.637    292.802   -0.00089    7.05299   10.07943  307.27871     5.9989   15.82553 3.7979e-02     0.3062     0.2882 0.0000e+00
        452  98.154546    0.03131     1.8787    112.722     58.556  50992.395    31.8820     6.0053     58.000     6.0024    25.0894     6.5589     9.3732     93.003    285.749    292.919   -0.00058    7.05232   10.07847  307.24794     6.0007   15.82403 3.7985e-02     0.2933     0.2928 0.0000e+00
        454  98.154553    0.03149     1.8891    113.348     59.566  51000.194    31.8873     6.0075     59.000     6.0040    25.0934     6.5624     9.3782     93.060    285.901    293.075   -0.00021    7.05172   10.07760  307.22024     6.0028   15.82268 3.8008e-02     0.2869     0.2820 0.0000e+00
        458  98.154563    0.03174     1.9043    114.259     60.575  51002.336    31.8886     6.0093     60.000     6.0048    25.0942     6.5654     9.3826     93.108    286.033    293.211    0.00007    7.05137   10.07711  307.20491     6.0045   15.82195 3.8220e-02     0.2929     0.2705 0.0000e+00
        465  98.154582    0.03219     1.9316    115.896     61.585  51004.376    31.8897     6.0097     61.000     6.0048    25.0950     6.5569     9.3705     92.989    285.663    292.831   -0.00057    7.05124   10.07693  307.19915     6.0048   15.82167 3.8284e-02     0.3040     0.2674 0.0000e+00
        470  98.154599    0.03259     1.9555    117.328     62.595  51002.688    31.8880     6.0098     62.000     6.0046    25.0937     6.5480     9.3577     92.862    285.275    292.434   -0.00111    7.05132   10.07704  307.20306     6.0047   15.82187 3.7974e-02     0.3165     0.2643 0.0000e+00
        474  98.154608    0.03283     1.9695    118.170     63.604  51000.294    31.8858     6.0095     63.000     6.0043    25.0921     6.5475     9.3570     92.853    285.252    292.410   -0.00101    7.05145   10.07722  307.20925     6.0044   15.82217 3.7977e-02     0.3127     0.2690 0.0000e+00
        476  98.154616    0.03300     1.9799    118.792     64.614  51002.850    31.8871     6.0095     64.000     6.0043    25.0931     6.5501     9.3607     92.891    285.366    292.527   -0.00071    7.05139   10.07715  307.20665     6.0043   15.82204 3.7977e-02     0.3067     0.2749 0.0000e+00
        478  98.154622    0.03316     1.9894    119.364     65.624  51008.144    31.8903     6.0096     65.000     6.0043    25.0956     6.5540     9.3663     92.948    285.535    292.701   -0.00035    7.05123   10.07692  307.19887     6.0043   15.82166 3.7976e-02     0.2952     0.2704 0.0000e+00
        481  98.154629    0.03331     1.9990    119.942     66.634  51013.455    31.8935     6.0098     66.000     6.0044    25.0981     6.5589     9.3734     93.020    285.750    292.921    0.00003    7.05107   10.07668  307.19071     6.0044   15.82125 3.7976e-02     0.2860     0.2676 0.0000e+00
        483  98.154636    0.03349     2.0093    120.558     67.643  51011.330    31.8916     6.0099     67.000     6.0044    25.0966     6.5634     9.3797     93.083    285.945    293.122    0.00036    7.05113   10.07677  307.19408     6.0044   15.82142 3.7976e-02     0.2799     0.2677 0.0000e+00
        486  98.154644    0.03368     2.0207    121.241     68.653  51010.635    31.8906     6.0098     68.000     6.0042    25.0958     6.5642     9.3809     93.093    285.979    293.156    0.00035    7.05118   10.07685  307.19649     6.0043   15.82154 3.7976e-02     0.2827     0.2701 0.0000e+00
        489  98.154654    0.03391     2.0344    122.062     69.663  51019.084    31.8960     6.0097     69.000     6.0040    25.1001     6.5602     9.3753     93.041    285.808    292.981   -0.00007    7.05095   10.07652  307.18516     6.0041   15.82098 3.7976e-02     0.2919     0.2730 0.0000e+00
        497  98.154676    0.03445     2.0670    124.022     70.673  51031.747    31.9041     6.0092     70.000     6.0035    25.1066     6.5509     9.3620     92.913    285.400    292.565   -0.00067    7.05065   10.07609  307.17018     6.0035   15.82024 3.7976e-02     0.2868     0.2770 0.0000e+00
        504  98.154694    0.03490     2.0938    125.627     71.683  51034.164    31.9053     6.0092     71.000     6.0035    25.1075     6.5485     9.3584     92.879    285.293    292.456   -0.00062    7.05060   10.07601  307.16736     6.0035   15.82010 3.7976e-02     0.2906     0.2903 0.0000e+00
        506  98.154701    0.03506     2.1034    126.205     72.692  51035.205    31.9057     6.0094     72.000     6.0037    25.1077     6.5484     9.3584     92.878    285.290    292.454   -0.00057    7.05055   10.07595  307.16555     6.0036   15.82001 3.7976e-02     0.2934     0.2918 0.0000e+00
        508  98.154708    0.03521     2.1124    126.745     73.702  51035.399    31.9053     6.0095     73.000     6.0038    25.1075     6.5482     9.3580     92.874    285.279    292.441   -0.00059    7.05054   10.07592  307.16489     6.0037   15.81998 3.7976e-02     0.2827     0.2829 0.0000e+00
        510  98.154714    0.03536     2.1216    127.295     74.712  51035.571    31.9050     6.0098     74.000     6.0039    25.1072     6.5485     9.3584     92.878    285.290    292.453   -0.00055    7.05051   10.07589  307.16394     6.0038   15.81994 3.7976e-02     0.2832     0.2779 0.0000e+00
        513  98.154721    0.03553     2.1316    127.894     75.722  51036.038    31.9049     6.0100     75.000     6.0039    25.1071     6.5497     9.3601     92.897    285.344    292.509   -0.00045    7.05049   10.07585  307.16298     6.0039   15.81989 3.7976e-02     0.2858     0.2755 0.0000e+00
        515  98.154729    0.03571     2.1431    128.585     76.731  51036.134    31.9044     6.0100     76.000     6.0039    25.1068     6.5511     9.3622     92.916    285.405    292.570   -0.00030    7.05049   10.07586  307.16319     6.0039   15.81990 3.7976e-02     0.2769     0.2790 0.0000e+00
        518  98.154738    0.03593     2.1560    129.361     77.741  51035.645    31.9036     6.0101     77.000     6.0038    25.1062     6.5521     9.3636     92.930    285.449    292.616   -0.00023    7.05052   10.07590  307.16473     6.0039   15.81998 3.7976e-02     0.2714     0.2884 0.0000e+00
        522  98.154748    0.03619     2.1713    130.278     78.751  51035.467    31.9030     6.0100     78.000     6.0034    25.1057     6.5536     9.3657     92.951    285.515    292.683   -0.00013    7.05058   10.07599  307.16728     6.0036   15.82010 3.7976e-02     0.2731     0.2893 0.0000e+00
        527  98.154764    0.03656     2.1934    131.606     79.761  51035.781    31.9027     6.0097     79.000     6.0032    25.1055     6.5529     9.3647     92.940    285.485    292.652   -0.00020    7.05064   10.07608  307.17024     6.0033   15.82024 3.7976e-02     0.2991     0.2713 0.0000e+00
        532  98.154778    0.03690     2.2142    132.851     80.770  51036.961    31.9030     6.0098     80.000     6.0034    25.1058     6.5520     9.3635     92.928    285.445    292.612   -0.00024    7.05061   10.07602  307.16835     6.0033   15.82015 3.7976e-02     0.3316     0.2677 0.0000e+00
        535  98.154787    0.03710     2.2260    133.557     81.780  51037.579    31.9031     6.0100     81.000     6.0034    25.1057     6.5494     9.3598     92.892    285.334    292.497   -0.00045    7.05057   10.07597  307.16684     6.0034   15.82008 3.7976e-02     0.3051     0.2760 0.0000e+00
        538  98.154794    0.03726     2.2360    134.159     82.790  51037.701    31.9026     6.0100     82.000     6.0032    25.1055     6.5488     9.3590     92.884    285.310    292.473   -0.00055    7.05059   10.07599  307.16756     6.0033   15.82012 3.7976e-02     0.2815     0.2775 0.0000e+00
        540  98.154800    0.03744     2.2466    134.794     83.800  51037.634    31.9021     6.0099     83.000     6.0029    25.1050     6.5520     9.3636     92.928    285.448    292.614   -0.00030    7.05063   10.07605  307.16978     6.0032   15.82022 3.7976e-02     0.2697     0.2724 0.0000e+00
        544  98.154813    0.03774     2.2642    135.852     84.810  51037.654    31.9015     6.0096     84.000     6.0027    25.1047     6.5546     9.3672     92.964    285.560    292.729   -0.00005    7.05070   10.07616  307.17293     6.0028   15.82038 3.7976e-02     0.2804     0.2742 0.0000e+00
        551  98.154831    0.03816     2.2898    137.387     85.820  51037.111    31.9007     6.0094     85.000     6.0025    25.1040     6.5482     9.3580     92.872    285.281    292.443   -0.00056    7.05077   10.07626  307.17611     6.0026   15.82053 3.7976e-02     0.2874     0.2754 0.0000e+00
        554  98.154842    0.03843     2.3060    138.362     86.830  51038.098    31.9008     6.0095     86.000     6.0024    25.1041     6.5479     9.3576     92.868    285.268    292.429   -0.00054    7.05076   10.07625  307.17573     6.0025   15.82051 3.7976e-02     0.2903     0.2804 0.0000e+00
        558  98.154853    0.03871     2.3225    139.349     87.840  51039.733    31.9015     6.0093     87.000     6.0021    25.1047     6.5487     9.3588     92.879    285.303    292.465   -0.00039    7.05076   10.07625  307.17549     6.0023   15.82050 3.7976e-02     0.2785     0.2775 0.0000e+00
        563  98.154868    0.03905     2.3427    140.564     88.849  51041.030    31.9019     6.0090     88.000     6.0019    25.1050     6.5479     9.3577     92.868    285.269    292.430   -0.00038    7.05079   10.07629  307.17677     6.0019   15.82056 3.7976e-02     0.2763     0.2654 0.0000e+00
        567  98.154880    0.03934     2.3601    141.605     89.859  51041.410    31.9016     6.0090     89.000     6.0017    25.1049     6.5483     9.3582     92.873    285.285    292.447   -0.00034    7.05080   10.07630  307.17716     6.0018   15.82058 3.7976e-02     0.2729     0.2637 0.0000e+00
        571  98.154890    0.03959     2.3753    142.520     90.869  51042.086    31.9015     6.0089     90.000     6.0014    25.1048     6.5510     9.3620     92.911    285.401    292.566   -0.00012    7.05083   10.07634  307.17827     6.0016   15.82063 3.7976e-02     0.2616     0.2787 0.0000e+00
        576  98.154905    0.03993     2.3961    143.763     91.879  51042.840    31.9016     6.0087     91.000     6.0014    25.1048     6.5506     9.3614     92.904    285.383    292.548   -0.00015    7.05085   10.07637  307.17934     6.0013   15.82068 3.7976e-02     0.2721     0.2936 0.0000e+00
        584  98.154927    0.04048     2.4284    145.705     92.890  51042.746    31.9011     6.0089     92.000     6.0014    25.1045     6.5422     9.3494     92.786    285.020    292.176   -0.00083    7.05084   10.07637  307.17922     6.0015   15.82068 3.7976e-02     0.3181     0.2863 0.0000e+00
