CTD-processing/allCTD/CNV/2015_02-22_t3_s16_cast203_4141.cnv
* Sea-Bird SBE19plus Data File:
* FileName = C:\Users\amdoroff\Desktop\2015_02_22_CookInlet_Tran3_AnchorPt\2015_02_22_CookInlet_Tran3_Cast203.hex
* Software Version 1.59
* Temperature SN =  4141
* Conductivity SN =  4141
* System UpLoad Time = Feb 22 2015 17:10:52
** Cook Inlet LTM Tran3 Anchor Pt E to W
** Date 02-22
** Station: 3-16
** Start Time: 11:47
** Depth (m): 7.6
** Comment
# nquan = 27
# nvalues = 8                           
# units = specified
# name 0 = scan: Scan Count
# name 1 = timeJ: Julian Days
# name 2 = timeH: Time, Elapsed [hours]
# name 3 = timeM: Time, Elapsed [minutes]
# name 4 = timeS: Time, Elapsed [seconds]
# name 5 = prdM: Pressure, Strain Gauge [db]
# name 6 = specc: Specific Conductance [uS/cm]
# name 7 = sal00: Salinity, Practical [PSU]
# name 8 = tv290C: Temperature [ITS-90, deg C]
# name 9 = depSM: Depth [salt water, m], lat = 59.00
# name 10 = potemp090C: Potential Temperature [ITS-90, deg C]
# name 11 = sigma-é00: Density [sigma-theta, kg/m^3]
# name 12 = sbeox0ML/L: Oxygen, SBE 43 [ml/l]
# name 13 = sbeox0Mg/L: Oxygen, SBE 43 [mg/l]
# name 14 = sbeox0PS: Oxygen, SBE 43 [% saturation]
# name 15 = sbox0Mm/Kg: Oxygen, SBE 43 [umol/kg]
# name 16 = sbeox0Mm/L: Oxygen, SBE 43 [umol/l]
# name 17 = sbox0dV/dT: Oxygen, SBE 43 [dov/dt]
# name 18 = oxsolML/L: Oxygen Saturation, Garcia & Gordon [ml/l]
# name 19 = oxsolMg/L: Oxygen Saturation, Garcia & Gordon [mg/l]
# name 20 = oxsolMm/Kg: Oxygen Saturation, Garcia & Gordon [umol/kg]
# name 21 = n2satMg/L: Nitrogen Saturation [mg/l]
# name 22 = par: PAR/Irradiance, Biospherical/Licor
# name 23 = wetStar: Fluorescence, WET Labs WETstar [mg/m^3]
# name 24 = CStarAt0: Beam Attenuation, WET Labs C-Star [1/m]
# name 25 = CStarTr0: Beam Transmission, WET Labs C-Star [%]
# name 26 = flag: flag
# span 0 =        137,        350       
# span 1 =  53.492003,  53.492620       
# span 2 =    0.00947,    0.02427       
# span 3 =     0.5680,     1.4559       
# span 4 =     34.082,     87.351       
# span 5 =      1.015,      8.062       
# span 6 =  50817.907,  50872.729       
# span 7 =    31.3668,    31.3696       
# span 8 =     3.9110,     4.0496       
# span 9 =      1.000,      8.000       
# span 10 =     3.9105,     4.0034      
# span 11 =    24.8933,    24.9072      
# span 12 =     6.2179,     6.6391      
# span 13 =     8.8860,     9.4879      
# span 14 =     83.854,     89.226      
# span 15 =    270.948,    289.296      
# span 16 =    277.692,    296.502      
# span 17 =   -0.00076,    0.00730      
# span 18 =    7.41567,    7.44079      
# span 19 =   10.59774,   10.63363      
# span 20 =  323.14021,  324.23011      
# span 21 =   16.58260,   16.63442      
# span 22 = 1.1051e-01, 1.7379e+01      
# span 23 =     0.4661,     0.6641      
# span 24 =     1.1897,     1.3368      
# span 25 =    71.5920,    74.3163      
# span 26 = 0.0000e+00, 0.0000e+00      
# interval = meters: 1                  
# start_time = Feb 22 2015 11:47:55 [Instrument's time stamp, header]
# bad_flag = -9.990e-29
*END*
        137  53.492003    0.00947     0.5680     34.082      1.015  50817.907    31.3680     4.0496      1.000     4.0034    24.8933     6.2179     8.8860     83.854    270.948    277.692   -0.00076    7.41567   10.59774  323.14021   16.58260 1.7379e+01     0.4661     1.1897    74.3163 0.0000e+00
        311  53.492506    0.02153     1.2922     77.532      2.016  50865.580    31.3696     3.9220      2.000     3.9202    24.9067     6.6172     9.4566     88.955    288.341    295.523    0.00730    7.43874   10.63069  324.14057   16.63015 7.4736e+00     0.6217     1.2399    73.3504 0.0000e+00
        322  53.492538    0.02230     1.3382     80.294      3.037  50864.262    31.3668     3.9157      3.000     3.9136    24.9050     6.6277     9.4717     89.082    288.801    295.993    0.00439    7.44002   10.63253  324.19727   16.63287 3.8240e+00     0.6439     1.2288    73.5525 0.0000e+00
        326  53.492548    0.02255     1.3528     81.166      4.038  50868.606    31.3685     3.9131      4.000     3.9117    24.9067     6.6242     9.4667     89.030    288.649    295.838    0.00274    7.44039   10.63307  324.21286   16.63360 9.8555e-01     0.6354     1.3112    72.0530 0.0000e+00
        329  53.492558    0.02279     1.3671     82.027      5.040  50870.405    31.3688     3.9114      5.000     3.9111    24.9071     6.6253     9.4682     89.041    288.696    295.887    0.00187    7.44070   10.63350  324.22603   16.63422 1.1051e-01     0.6476     1.3368    71.5920 0.0000e+00
        334  53.492572    0.02312     1.3872     83.229      6.051  50870.815    31.3687     3.9117      6.000     3.9112    24.9070     6.6367     9.4846     89.196    289.194    296.397    0.00234    7.44063   10.63340  324.22315   16.63409 1.1823e-01     0.6581     1.2779    72.6550 0.0000e+00
        341  53.492594    0.02364     1.4185     85.107      7.067  50871.675    31.3686     3.9110      7.000     3.9105    24.9070     6.6391     9.4879     89.226    289.296    296.502    0.00138    7.44079   10.63363  324.23011   16.63442 2.7507e-01     0.6641     1.2287    73.5528 0.0000e+00
        350  53.492620    0.02427     1.4559     87.351      8.062  50872.729    31.3689     3.9113      8.000     3.9109    24.9072     6.6348     9.4818     89.169    289.109    296.309    0.00012    7.44070   10.63351  324.22624   16.63424 2.4778e-01     0.6601     1.2218    73.6812 0.0000e+00
