CTD-processing/allCTD/CNV/2015_11-04_t9_s07_cast037_5028.cnv
* Sea-Bird SBE19plus Data File:
* FileName = C:\Users\Kris.Holderied\Documents\kasitsna\Research-KBL\Oceanography-AK\CTD-Data-ALL-to-2015-10\2015-CTD-KachemakBay-CookInlet\2015-11-EVOSTC-CookInlet-quarterly\2015-11-04-CookInlet-Tran9-HomerSpit\2015-11-04-CookInlet-Tran9-cast037.hex
* Software Version 1.59
* Temperature SN =  5028
* Conductivity SN =  5028
* System UpLoad Time = Nov 07 2015 12:28:07
** Cook Inlet LTM Tran9 Homer Spit south to north

** Date: 11-04
** Station: 9-07
** Start time (AKST): 22:03
** Depth (m): 99.3
** Comment: M/V Ursus.
** Comment:
# nquan = 27
# nvalues = 91                          
# units = specified
# name 0 = scan: Scan Count
# name 1 = timeJ: Julian Days
# name 2 = timeH: Time, Elapsed [hours]
# name 3 = timeM: Time, Elapsed [minutes]
# name 4 = timeS: Time, Elapsed [seconds]
# name 5 = prdM: Pressure, Strain Gauge [db]
# name 6 = specc: Specific Conductance [uS/cm]
# name 7 = sal00: Salinity, Practical [PSU]
# name 8 = tv290C: Temperature [ITS-90, deg C]
# name 9 = depSM: Depth [salt water, m], lat = 59.00
# name 10 = potemp090C: Potential Temperature [ITS-90, deg C]
# name 11 = sigma-é00: Density [sigma-theta, kg/m^3]
# name 12 = sbeox0ML/L: Oxygen, SBE 43 [ml/l]
# name 13 = sbeox0Mg/L: Oxygen, SBE 43 [mg/l]
# name 14 = sbeox0PS: Oxygen, SBE 43 [% saturation]
# name 15 = sbox0Mm/Kg: Oxygen, SBE 43 [umol/kg]
# name 16 = sbeox0Mm/L: Oxygen, SBE 43 [umol/l]
# name 17 = sbox0dV/dT: Oxygen, SBE 43 [dov/dt]
# name 18 = oxsolML/L: Oxygen Saturation, Garcia & Gordon [ml/l]
# name 19 = oxsolMg/L: Oxygen Saturation, Garcia & Gordon [mg/l]
# name 20 = oxsolMm/Kg: Oxygen Saturation, Garcia & Gordon [umol/kg]
# name 21 = potemp090C: Potential Temperature [ITS-90, deg C]
# name 22 = n2satMg/L: Nitrogen Saturation [mg/l]
# name 23 = par: PAR/Irradiance, Biospherical/Licor
# name 24 = flECO-AFL: Fluorescence, WET Labs ECO-AFL/FL [mg/m^3]
# name 25 = turbWETntu0: Turbidity, WET Labs ECO [NTU]
# name 26 = flag: flag
# span 0 =        329,       1204       
# span 1 = 308.918865, 308.921398       
# span 2 =    0.02276,    0.08355       
# span 3 =     1.3651,     5.0130       
# span 4 =     81.907,    300.782       
# span 5 =      1.009,     91.879       
# span 6 =  46065.375,  48783.201       
# span 7 =    28.9294,    30.8297       
# span 8 =     8.0146,     9.2647       
# span 9 =      1.000,     91.000       
# span 10 =     8.1275,     9.2577      
# span 11 =    22.5028,    23.8543      
# span 12 =     5.3998,     5.7886      
# span 13 =     7.7168,     8.2725      
# span 14 =     81.410,     86.299      
# span 15 =    235.621,    252.628      
# span 16 =    241.153,    258.520      
# span 17 =   -0.00824,    0.00302      
# span 18 =    6.60570,    6.87200      
# span 19 =    9.44020,    9.82078      
# span 20 =  288.22003,  300.21067      
# span 21 =     8.0145,     9.2605      
# span 22 =   14.92163,   15.50045      
# span 23 = 3.7976e-02, 1.5487e-01      
# span 24 =     0.0998,     0.4450      
# span 25 =     0.4787,     4.8837      
# span 26 = 0.0000e+00, 0.0000e+00      
# interval = meters: 1                  
# start_time = Nov 04 2015 22:01:48 [Instrument's time stamp, header]
# bad_flag = -9.990e-29
*END*
[from data line 54]
        870 308.920431    0.06035     3.6208    217.247     55.527  48343.887    30.5619     9.1893     55.000     9.1829    23.6172     5.5630     7.9501     84.106    242.712    248.444    0.00089    6.61430    9.45249  288.57901     9.1836   14.93855 4.5254e-02     0.1165     0.7528 0.0000e+00
        878 308.920455    0.06093     3.6560    219.358     56.537  48351.199    30.5659     9.1836     56.000     9.1745    23.6211     5.5665     7.9551     84.150    242.864    248.601    0.00059    6.61497    9.45345  288.60729     9.1778   14.93989 4.5171e-02     0.1220     0.7240 0.0000e+00
        887 308.920480    0.06153     3.6914    221.483     57.546  48368.906    30.5755     9.1662     57.000     9.1560    23.6313     5.5769     7.9700     84.280    243.316    249.065    0.00088    6.61711    9.45651  288.69773     9.1603   14.94417 4.5024e-02     0.1268     0.6933 0.0000e+00
        895 308.920504    0.06210     3.7263    223.577     58.556  48390.384    30.5879     9.1498     58.000     9.1396    23.6436     5.6021     8.0060     84.637    244.413    250.191    0.00218    6.61900    9.45921  288.77675     9.1438   14.94790 4.4991e-02     0.1258     0.6174 0.0000e+00
        904 308.920530    0.06272     3.7629    225.772     59.565  48430.323    30.6119     9.1236     59.000     9.1106    23.6663     5.6207     8.0325     84.881    245.217    251.020    0.00216    6.62183    9.46326  288.89407     9.1175   14.95341 4.4987e-02     0.1366     0.5574 0.0000e+00
        913 308.920556    0.06333     3.7999    227.997     60.575  48460.469    30.6300     9.1045     60.000     9.0972    23.6834     5.6468     8.0698     85.249    246.351    252.186    0.00280    6.62387    9.46617  288.97809     9.0984   14.95735 4.4942e-02     0.1310     0.5552 0.0000e+00
        922 308.920581    0.06395     3.8370    230.217     61.585  48470.575    30.6362     9.1014     61.000     9.0945    23.6887     5.6631     8.0932     85.493    247.063    252.916    0.00243    6.62407    9.46646  288.98540     9.0951   14.95767 4.4944e-02     0.1358     0.6290 0.0000e+00
        931 308.920607    0.06456     3.8737    232.420     62.595  48486.352    30.6461     9.0961     62.000     9.0871    23.6973     5.6606     8.0895     85.450    246.949    252.801    0.00087    6.62442    9.46696  288.99805     9.0898   14.95824 4.4875e-02     0.1452     0.6219 0.0000e+00
        939 308.920632    0.06517     3.9103    234.620     63.604  48515.614    30.6642     9.0820     63.000     9.0721    23.7136     5.6654     8.0963     85.505    247.154    253.014    0.00062    6.62573    9.46883  289.05072     9.0755   14.96068 4.4817e-02     0.1517     0.6744 0.0000e+00
        948 308.920658    0.06579     3.9476    236.859     64.614  48543.142    30.6812     9.0686     64.000     9.0593    23.7290     5.6800     8.1172     85.710    247.788    253.667    0.00122    6.62698    9.47062  289.10084     9.0620   14.96301 4.4809e-02     0.1438     0.6409 0.0000e+00
        958 308.920685    0.06643     3.9858    239.151     65.624  48565.372    30.6947     9.0564     65.000     9.0472    23.7413     5.6919     8.1342     85.873    248.304    254.199    0.00131    6.62821    9.47237  289.15087     9.0497   14.96534 4.4774e-02     0.1572     0.5162 0.0000e+00
        967 308.920710    0.06705     4.0231    241.388     66.634  48588.127    30.7092     9.0491     66.000     9.0419    23.7538     5.7053     8.1535     86.070    248.888    254.800    0.00153    6.62867    9.47303  289.16756     9.0423   14.96608 4.4714e-02     0.1611     0.4787 0.0000e+00
        976 308.920737    0.06769     4.0612    243.671     67.643  48601.971    30.7183     9.0474     67.000     9.0404    23.7611     5.7114     8.1621     86.164    249.150    255.070    0.00108    6.62852    9.47283  289.15916     9.0405   14.96564 4.4693e-02     0.1494     0.4851 0.0000e+00
        985 308.920763    0.06832     4.0990    245.941     68.653  48614.889    30.7272     9.0497     68.000     9.0436    23.7678     5.7132     8.1647     86.201    249.228    255.152    0.00062    6.62780    9.47179  289.12583     9.0427   14.96401 4.4623e-02     0.1483     0.4949 0.0000e+00
        994 308.920790    0.06895     4.1371    248.227     69.663  48622.643    30.7328     9.0542     69.000     9.0480    23.7715     5.7092     8.1590     86.152    249.053    254.973   -0.00001    6.62690    9.47051  289.08553     9.0471   14.96206 4.4573e-02     0.1410     0.5854 0.0000e+00
       1003 308.920816    0.06959     4.1753    250.518     70.672  48631.365    30.7389     9.0574     70.000     9.0501    23.7758     5.7005     8.1465     86.030    248.670    254.583   -0.00065    6.62616    9.46944  289.05185     9.0502   14.96043 4.4557e-02     0.1263     0.6794 0.0000e+00
       1012 308.920842    0.07022     4.2130    252.781     71.682  48639.751    30.7438     9.0536     71.000     9.0450    23.7803     5.7013     8.1478     86.038    248.707    254.622   -0.00032    6.62652    9.46996  289.06631     9.0463   14.96110 4.4480e-02     0.1452     0.6225 0.0000e+00
       1021 308.920869    0.07086     4.2517    255.102     72.692  48645.529    30.7469     9.0497     72.000     9.0421    23.7833     5.7045     8.1524     86.081    248.846    254.765    0.00001    6.62696    9.47059  289.08469     9.0423   14.96197 4.4425e-02     0.1439     0.6119 0.0000e+00
       1030 308.920895    0.07149     4.2893    257.360     73.702  48647.873    30.7481     9.0493     73.000     9.0417    23.7843     5.7057     8.1540     86.098    248.897    254.816    0.00002    6.62697    9.47060  289.08489     9.0418   14.96197 4.4400e-02     0.1453     0.5822 0.0000e+00
       1040 308.920922    0.07213     4.3281    259.685     74.712  48649.146    30.7485     9.0492     74.000     9.0414    23.7847     5.7101     8.1603     86.164    249.087    255.011    0.00030    6.62697    9.47061  289.08471     9.0415   14.96196 4.4350e-02     0.1385     0.5467 0.0000e+00
       1049 308.920948    0.07276     4.3658    261.946     75.722  48652.190    30.7501     9.0486     75.000     9.0406    23.7860     5.7086     8.1582     86.142    249.024    254.948   -0.00003    6.62699    9.47062  289.08507     9.0409   14.96197 4.4319e-02     0.1382     0.6148 0.0000e+00
       1058 308.920975    0.07341     4.4046    264.274     76.732  48655.518    30.7519     9.0474     76.000     9.0393    23.7876     5.7120     8.1630     86.192    249.172    255.099    0.00018    6.62709    9.47077  289.08902     9.0396   14.96215 4.4293e-02     0.1370     0.6299 0.0000e+00
       1067 308.921002    0.07405     4.4428    266.567     77.741  48658.529    30.7534     9.0464     77.000     9.0381    23.7890     5.7153     8.1678     86.240    249.316    255.247    0.00027    6.62717    9.47089  289.09241     9.0384   14.96231 4.4259e-02     0.1282     0.5613 0.0000e+00
       1077 308.921030    0.07471     4.4825    268.952     78.751  48662.667    30.7557     9.0444     78.000     9.0360    23.7910     5.7151     8.1674     86.234    249.303    255.234    0.00004    6.62737    9.47117  289.10030     9.0364   14.96268 4.4240e-02     0.1362     0.6242 0.0000e+00
       1086 308.921057    0.07538     4.5227    271.361     79.761  48665.496    30.7571     9.0438     79.000     9.0356    23.7923     5.7120     8.1630     86.188    249.170    255.098   -0.00029    6.62740    9.47122  289.10128     9.0357   14.96272 4.4238e-02     0.1380     0.5566 0.0000e+00
       1096 308.921086    0.07606     4.5639    273.835     80.771  48669.323    30.7593     9.0435     80.000     9.0350    23.7941     5.7141     8.1660     86.220    249.261    255.192    0.00001    6.62735    9.47114  289.09852     9.0352   14.96258 4.4206e-02     0.1451     0.5449 0.0000e+00
       1106 308.921114    0.07674     4.6042    276.249     81.780  48679.146    30.7656     9.0427     81.000     9.0342    23.7991     5.7151     8.1674     86.237    249.302    255.235    0.00003    6.62720    9.47092  289.09042     9.0343   14.96217 4.4175e-02     0.1531     0.5579 0.0000e+00
       1116 308.921142    0.07742     4.6451    278.707     82.790  48696.453    30.7772     9.0414     82.000     9.0325    23.8083     5.7116     8.1625     86.189    249.150    255.081   -0.00027    6.62689    9.47049  289.07459     9.0330   14.96137 4.4150e-02     0.1277     0.6032 0.0000e+00
       1126 308.921171    0.07809     4.6857    281.139     83.800  48709.984    30.7860     9.0395     83.000     9.0308    23.8155     5.7139     8.1657     86.225    249.248    255.184    0.00001    6.62679    9.47034  289.06795     9.0310   14.96101 4.4145e-02     0.1360     0.6854 0.0000e+00
       1135 308.921199    0.07878     4.7270    283.619     84.810  48718.589    30.7914     9.0383     84.000     9.0293    23.8200     5.7160     8.1687     86.257    249.337    255.276    0.00008    6.62674    9.47027  289.06471     9.0297   14.96084 4.4133e-02     0.1302     0.6390 0.0000e+00
       1145 308.921227    0.07945     4.7671    286.025     85.820  48731.533    30.7997     9.0363     85.000     9.0268    23.8268     5.7187     8.1726     86.299    249.455    255.398    0.00017    6.62668    9.47019  289.06022     9.0275   14.96059 4.4098e-02     0.1369     0.6488 0.0000e+00
       1155 308.921255    0.08013     4.8077    288.461     86.830  48747.829    30.8101     9.0322     86.000     9.0222    23.8356     5.7143     8.1663     86.230    249.261    255.202   -0.00028    6.62683    9.47041  289.06440     9.0234   14.96074 4.4078e-02     0.1258     0.7082 0.0000e+00
       1165 308.921283    0.08080     4.8480    290.881     87.840  48760.033    30.8175     9.0265     87.000     9.0165    23.8422     5.7133     8.1649     86.208    249.216    255.158   -0.00030    6.62736    9.47117  289.08567     9.0175   14.96173 4.4094e-02     0.1309     0.7221 0.0000e+00
       1174 308.921312    0.08148     4.8887    293.325     88.850  48766.089    30.8208     9.0229     88.000     9.0130    23.8454     5.7161     8.1689     86.245    249.335    255.281    0.00001    6.62776    9.47173  289.10203     9.0138   14.96250 4.4060e-02     0.1311     0.7704 0.0000e+00
       1184 308.921340    0.08216     4.9294    295.766     89.860  48772.441    30.8241     9.0179     89.000     9.0080    23.8488     5.7157     8.1682     86.230    249.315    255.261   -0.00013    6.62835    9.47258  289.12698     9.0087   14.96368 4.4040e-02     0.1409     0.8350 0.0000e+00
       1194 308.921368    0.08284     4.9702    298.215     90.869  48776.413    30.8261     9.0151     90.000     9.0049    23.8507     5.7165     8.1694     86.239    249.350    255.298   -0.00011    6.62868    9.47305  289.14079     9.0058   14.96433 4.4042e-02     0.1357     0.8824 0.0000e+00
       1204 308.921398    0.08355     5.0130    300.782     91.879  48783.201    30.8297     9.0103     91.000     9.0005    23.8543     5.7140     8.1659     86.194    249.243    255.189   -0.00031    6.62923    9.47383  289.16368     9.0010   14.96541 4.3996e-02     0.1341     1.0305 0.0000e+00
