CTD-processing/allCTD/CNV/2015_04-12_t3_s06_cast051_5028.cnv
* Sea-Bird SBE19plus Data File:
* FileName = C:\Users\kris.holderied\Documents\kasitsna\Research-Projects-and-Data\Oceanography-AK\CTD-Data-ALL-to-2015-02\2015-CTD-KachemakBay-CookInlet\2015-04-EVOSTC-CookInlet-quarterly\2015-04-12-CookInlet-Tran3-AnchorPt\20125_04_12_CookInlet_Tran3_cast051.hex
* Software Version 1.59
* Temperature SN =  5028
* Conductivity SN =  5028
* System UpLoad Time = Apr 12 2015 19:53:41
** Cook Inlet LTM Tran3 (Anchor Pt) Southeast to Northwest
** Date: 04-12
** Station: 3-06
** Start time (AKDT): 18:03
** Depth (m): 47
** Comment:  KBL CTD.
** Comment: On R/V Pandalus.
# nquan = 27
# nvalues = 46                          
# units = specified
# name 0 = scan: Scan Count
# name 1 = timeJ: Julian Days
# name 2 = timeH: Time, Elapsed [hours]
# name 3 = timeM: Time, Elapsed [minutes]
# name 4 = timeS: Time, Elapsed [seconds]
# name 5 = prdM: Pressure, Strain Gauge [db]
# name 6 = specc: Specific Conductance [uS/cm]
# name 7 = sal00: Salinity, Practical [PSU]
# name 8 = tv290C: Temperature [ITS-90, deg C]
# name 9 = depSM: Depth [salt water, m], lat = 59.00
# name 10 = potemp090C: Potential Temperature [ITS-90, deg C]
# name 11 = sigma-é00: Density [sigma-theta, kg/m^3]
# name 12 = sbeox0ML/L: Oxygen, SBE 43 [ml/l]
# name 13 = sbeox0Mg/L: Oxygen, SBE 43 [mg/l]
# name 14 = sbeox0PS: Oxygen, SBE 43 [% saturation]
# name 15 = sbox0Mm/Kg: Oxygen, SBE 43 [umol/kg]
# name 16 = sbeox0Mm/L: Oxygen, SBE 43 [umol/l]
# name 17 = sbox0dV/dT: Oxygen, SBE 43 [dov/dt]
# name 18 = oxsolML/L: Oxygen Saturation, Garcia & Gordon [ml/l]
# name 19 = oxsolMg/L: Oxygen Saturation, Garcia & Gordon [mg/l]
# name 20 = oxsolMm/Kg: Oxygen Saturation, Garcia & Gordon [umol/kg]
# name 21 = potemp090C: Potential Temperature [ITS-90, deg C]
# name 22 = n2satMg/L: Nitrogen Saturation [mg/l]
# name 23 = par: PAR/Irradiance, Biospherical/Licor
# name 24 = flECO-AFL: Fluorescence, WET Labs ECO-AFL/FL [mg/m^3]
# name 25 = turbWETntu0: Turbidity, WET Labs ECO [NTU]
# name 26 = flag: flag
# span 0 =         40,        541       
# span 1 = 102.752289, 102.753738       
# span 2 =    0.00272,    0.03749       
# span 3 =     0.1633,     2.2492       
# span 4 =      9.799,    134.951       
# span 5 =      1.010,     46.439       
# span 6 =  45017.522,  49863.985       
# span 7 =    27.2505,    30.6184       
# span 8 =     2.4634,     3.7235       
# span 9 =      1.000,     46.000       
# span 10 =     2.4977,     3.7213      
# span 11 =    21.7389,    24.3286      
# span 12 =     7.0195,     7.6578      
# span 13 =    10.0316,    10.9437      
# span 14 =     89.800,     96.416      
# span 15 =    306.357,    334.823      
# span 16 =    313.491,    341.996      
# span 17 =   -0.00322,    0.00670      
# span 18 =    7.51317,    7.94341      
# span 19 =   10.73707,   11.35192      
# span 20 =  327.56960,  347.31695      
# span 21 =     2.4633,     3.7208      
# span 22 =   16.79622,   17.74705      
# span 23 = 3.7976e-02, 2.7664e+01      
# span 24 =     0.0882,     0.3210      
# span 25 =     3.1931,    20.0119      
# span 26 = 0.0000e+00, 0.0000e+00      
# interval = meters: 1                  
# start_time = Apr 12 2015 18:03:08 [Instrument's time stamp, header]
# bad_flag = -9.990e-29
*END*
         40 102.752289    0.00272     0.1633      9.799      1.010  45017.522    27.2505     2.4634      1.000     2.4977    21.7389     7.6578    10.9437     96.416    334.823    341.996    0.00366    7.94341   11.35192  347.31695     2.4633   17.74705 2.7664e+01     0.0882     3.1931 0.0000e+00
        116 102.752508    0.00796     0.4775     28.648      2.019  48258.959    29.2903     2.5116      2.000     2.5111    23.3657     7.0195    10.0316     89.800    306.357    313.491   -0.00076    7.81529   11.16883  341.08082     2.5115   17.44310 1.5269e+01     0.1901     3.7709 0.0000e+00
        339 102.753153    0.02345     1.4070     84.420      3.028  48888.641    29.6965     2.5505      3.000     2.5502    23.6875     7.3165    10.4560     93.991    319.195    326.755    0.00025    7.78427   11.12450  339.60204     2.5504   17.37133 1.1254e+01     0.2409     3.7348 0.0000e+00
        373 102.753251    0.02580     1.5482     92.892      4.037  48943.936    29.7352     2.5633      4.000     2.5689    23.7175     7.3691    10.5312     94.724    321.481    329.106    0.00075    7.77963   11.11786  339.38865     2.5631   17.36105 5.8399e+00     0.2425     3.6754 0.0000e+00
        379 102.753269    0.02623     1.5738     94.428      5.047  48957.342    29.7481     2.5808      5.000     2.5871    23.7266     7.3732    10.5371     94.826    321.657    329.289    0.00094    7.77552   11.11200  339.20663     2.5806   17.35235 3.0670e+00     0.2338     3.9995 0.0000e+00
        386 102.753291    0.02675     1.6051     96.308      6.057  49009.064    29.7924     2.6205      6.000     2.6338    23.7591     7.3759    10.5409     94.983    321.762    329.406    0.00124    7.76542   11.09756  338.75520     2.6202   17.33075 2.0266e+00     0.2234     4.0501 0.0000e+00
        393 102.753311    0.02724     1.6347     98.082      7.066  49160.783    29.9096     2.6833      7.000     2.7357    23.8479     7.3654    10.5259     95.075    321.277    328.939    0.00113    7.74701   11.07125  337.92276     2.6829   17.29077 1.1620e+00     0.2024     4.0804 0.0000e+00
        397 102.753321    0.02747     1.6484     98.907      8.076  49364.869    30.0696     2.7760      8.000     2.8767    23.9685     7.3586    10.5161     95.312    320.941    328.634    0.00195    7.72065   11.03358  336.73323     2.7755   17.23366 6.2931e-01     0.2072     4.4732 0.0000e+00
        399 102.753329    0.02767     1.6604     99.621      9.085  49505.279    30.2012     2.9259      9.000     3.0223    24.0620     7.3667    10.5276     95.861    321.264    328.994    0.00441    7.68486   10.98244  335.14191     2.9254   17.15758 3.5160e-01     0.2186     5.1700 0.0000e+00
        403 102.753339    0.02791     1.6747    100.480     10.094  49521.513    30.2500     3.0789     10.000     3.1373    24.0889     7.3783    10.5442     96.411    321.762    329.512    0.00670    7.65301   10.93692  333.74390     3.0783   17.09101 1.8158e-01     0.2353     6.3101 0.0000e+00
        407 102.753350    0.02818     1.6909    101.457     11.104  49530.372    30.2800     3.1774     11.000     3.2192    24.1049     7.3486    10.5019     96.278    320.465    328.190    0.00487    7.63269   10.90787  332.85229     3.1768   17.04855 9.2341e-02     0.2328     7.2200 0.0000e+00
        410 102.753360    0.02843     1.7058    102.349     12.113  49698.461    30.4173     3.2773     12.000     3.3477    24.2060     7.2880    10.4153     95.809    317.788    325.481    0.00134    7.60672   10.87076  331.68725     3.2766   16.99266 5.4633e-02     0.2364     7.6832 0.0000e+00
        414 102.753371    0.02868     1.7209    103.254     13.122  49667.730    30.4244     3.3932     13.000     3.4201    24.2020     7.2617    10.3777     95.744    316.645    324.309    0.00061    7.58449   10.83900  330.71938     3.3925   16.94666 4.0558e-02     0.2483     8.6962 0.0000e+00
        418 102.753382    0.02893     1.7360    104.160     14.132  49648.728    30.4209     3.4334     14.000     3.4437    24.1958     7.2430    10.3510     95.591    315.831    323.473   -0.00005    7.57713   10.82847  330.40022     3.4326   16.93151 3.8365e-02     0.2483     9.5446 0.0000e+00
        421 102.753390    0.02915     1.7489    104.931     15.142  49666.875    30.4367     3.4503     15.000     3.4640    24.2070     7.2102    10.3040     95.206    314.394    322.004   -0.00210    7.57315   10.82278  330.22307     3.4494   16.92303 3.8082e-02     0.2485     9.8392 0.0000e+00
        423 102.753398    0.02934     1.7603    105.621     16.152  49715.787    30.4743     3.4712     16.000     3.4974    24.2351     7.1861    10.2696     94.962    313.336    320.929   -0.00322    7.56732   10.81446  329.96006     3.4702   16.91038 3.7996e-02     0.2579    10.1309 0.0000e+00
        427 102.753407    0.02955     1.7731    106.388     17.161  49743.616    30.5028     3.5135     17.000     3.5357    24.2542     7.1744    10.2529     94.925    312.821    320.408   -0.00293    7.55796   10.80108  329.54572     3.5125   16.89058 3.7980e-02     0.2661    10.7843 0.0000e+00
        432 102.753423    0.02994     1.7962    107.770     18.171  49721.510    30.4971     3.5540     18.000     3.5565    24.2462     7.1671    10.2425     94.919    312.504    320.081   -0.00198    7.55069   10.79069  329.23131     3.5529   16.87566 3.7976e-02     0.2673    12.1957 0.0000e+00
        437 102.753438    0.03030     1.8176    109.055     19.180  49716.627    30.4945     3.5587     19.000     3.5585    24.2437     7.1466    10.2133     94.658    311.614    319.169   -0.00275    7.54995   10.78963  329.19979     3.5576   16.87418 3.7976e-02     0.2647    12.7209 0.0000e+00
        440 102.753446    0.03049     1.8292    109.754     20.190  49732.841    30.5056     3.5615     20.000     3.5660    24.2522     7.1410    10.2052     94.597    311.366    318.917   -0.00271    7.54885   10.78807  329.14927     3.5603   16.87173 3.7976e-02     0.2710    12.9437 0.0000e+00
        443 102.753455    0.03068     1.8412    110.474     21.200  49742.719    30.5138     3.5702     21.000     3.5757    24.2580     7.1424    10.2072     94.641    311.426    318.980   -0.00209    7.54683   10.78517  329.05907     3.5689   16.86741 3.7976e-02     0.2764    12.8843 0.0000e+00
        447 102.753465    0.03094     1.8566    111.394     22.209  49745.916    30.5185     3.5825     22.000     3.5844    24.2606     7.1442    10.2098     94.697    311.502    319.060   -0.00132    7.54430   10.78155  328.94779     3.5812   16.86211 3.7976e-02     0.2754    13.1817 0.0000e+00
        451 102.753477    0.03124     1.8742    112.454     23.218  49725.121    30.5043     3.5840     23.000     3.5778    24.2492     7.1419    10.2065     94.661    311.406    318.958   -0.00119    7.54474   10.78219  328.97080     3.5827   16.86326 3.7976e-02     0.2817    13.6477 0.0000e+00
        455 102.753491    0.03155     1.8930    113.583     24.228  49736.127    30.5094     3.5763     24.000     3.5763    24.2539     7.1323    10.1928     94.519    310.987    318.530   -0.00162    7.54591   10.78387  329.02035     3.5750   16.86560 3.7976e-02     0.2771    13.3659 0.0000e+00
        460 102.753504    0.03188     1.9124    114.742     25.237  49743.218    30.5148     3.5812     25.000     3.5816    24.2579     7.1295    10.1888     94.496    310.862    318.403   -0.00143    7.54471   10.78215  328.96686     3.5798   16.86303 3.7976e-02     0.2824    13.3759 0.0000e+00
        463 102.753514    0.03210     1.9264    115.587     26.247  49749.769    30.5194     3.5841     26.000     3.5872    24.2613     7.1322    10.1926     94.542    310.980    318.524   -0.00089    7.54396   10.78107  328.93282     3.5826   16.86139 3.7976e-02     0.2714    13.6049 0.0000e+00
        466 102.753523    0.03232     1.9393    116.361     27.257  49777.312    30.5403     3.5957     27.000     3.6046    24.2769     7.1310    10.1909     94.567    310.924    318.472   -0.00068    7.54073   10.77647  328.78723     3.5941   16.85439 3.7976e-02     0.2633    13.6868 0.0000e+00
        470 102.753534    0.03260     1.9559    117.357     28.266  49773.915    30.5418     3.6133     28.000     3.6162    24.2765     7.1353    10.1970     94.665    311.109    318.662   -0.00007    7.53737   10.77165  328.64067     3.6117   16.84742 3.7976e-02     0.2720    14.2664 0.0000e+00
        475 102.753548    0.03294     1.9762    118.574     29.276  49774.645    30.5440     3.6224     29.000     3.6227    24.2774     7.1351    10.1968     94.685    311.099    318.652    0.00007    7.53557   10.76908  328.56183     3.6207   16.84367 3.7976e-02     0.2694    14.8034 0.0000e+00
        480 102.753561    0.03323     1.9942    119.650     30.285  49776.930    30.5458     3.6261     30.000     3.6259    24.2787     7.1271    10.1854     94.589    310.753    318.297   -0.00049    7.53480   10.76799  328.52808     3.6243   16.84205 3.7976e-02     0.2655    15.0800 0.0000e+00
        484 102.753572    0.03351     2.0107    120.643     31.295  49781.869    30.5495     3.6297     31.000     3.6302    24.2813     7.1218    10.1778     94.529    310.520    318.060   -0.00076    7.53394   10.76675  328.48962     3.6279   16.84021 3.7976e-02     0.2756    15.1352 0.0000e+00
        487 102.753582    0.03376     2.0256    121.534     32.304  49793.872    30.5584     3.6344     32.000     3.6392    24.2878     7.1211    10.1768     94.537    310.486    318.027   -0.00065    7.53260   10.76485  328.42952     3.6325   16.83732 3.7976e-02     0.2849    15.2042 0.0000e+00
        491 102.753593    0.03400     2.0399    122.392     33.314  49829.529    30.5859     3.6509     33.000     3.6632    24.3083     7.1210    10.1766     94.592    310.478    318.025   -0.00028    7.52815   10.75849  328.22885     3.6489   16.82767 3.7976e-02     0.2902    15.5198 0.0000e+00
        495 102.753604    0.03428     2.0565    123.389     34.324  49820.571    30.5849     3.6746     34.000     3.6764    24.3055     7.1220    10.1781     94.660    310.522    318.070    0.00012    7.52380   10.75227  328.04001     3.6726   16.81870 3.7976e-02     0.2990    16.5969 0.0000e+00
        499 102.753617    0.03458     2.0749    124.495     35.334  49820.691    30.5860     3.6808     35.000     3.6813    24.3058     7.1163    10.1699     94.598    310.273    317.815   -0.00020    7.52262   10.75057  327.98817     3.6787   16.81623 3.7976e-02     0.2950    17.6784 0.0000e+00
        503 102.753628    0.03485     2.0911    125.469     36.343  49831.316    30.5943     3.6878     36.000     3.6891    24.3119     7.1045    10.1530     94.463    309.755    317.285   -0.00094    7.52091   10.74812  327.91142     3.6856   16.81256 3.7976e-02     0.2962    17.8936 0.0000e+00
        507 102.753640    0.03514     2.1084    126.506     37.352  49816.274    30.5841     3.6899     37.000     3.6845    24.3036     7.1020    10.1496     94.429    309.652    317.177   -0.00095    7.52104   10.74831  327.91980     3.6876   16.81300 3.7976e-02     0.3095    18.0402 0.0000e+00
        512 102.753655    0.03549     2.1291    127.744     38.362  49812.003    30.5788     3.6815     38.000     3.6769    24.3000     7.1026    10.1504     94.414    309.678    317.203   -0.00082    7.52286   10.75091  328.00030     3.6792   16.81684 3.7976e-02     0.3122    17.7616 0.0000e+00
        516 102.753665    0.03574     2.1444    128.662     39.372  49826.082    30.5873     3.6792     39.000     3.6803    24.3070     7.1017    10.1491     94.402    309.636    317.162   -0.00074    7.52284   10.75089  327.99743     3.6769   16.81667 3.7976e-02     0.2975    17.5055 0.0000e+00
        518 102.753673    0.03593     2.1562    129.371     40.381  49833.668    30.5931     3.6842     40.000     3.6859    24.3111     7.1025    10.1502     94.429    309.671    317.200   -0.00060    7.52163   10.74916  327.94338     3.6818   16.81408 3.7976e-02     0.2943    17.5189 0.0000e+00
        521 102.753681    0.03613     2.1676    130.058     41.391  49829.959    30.5913     3.6893     41.000     3.6871    24.3093     7.1081    10.1582     94.514    309.916    317.449   -0.00012    7.52076   10.74793  327.90620     3.6869   16.81231 3.7976e-02     0.3034    17.7231 0.0000e+00
        525 102.753693    0.03640     2.1841    131.046     42.400  49816.533    30.5808     3.6855     42.000     3.6809    24.3013     7.1122    10.1640     94.552    310.094    317.629    0.00011    7.52201   10.74970  327.96296     3.6830   16.81506 3.7976e-02     0.3149    17.9308 0.0000e+00
        530 102.753707    0.03675     2.2051    132.305     43.411  49852.429    30.6061     3.6917     43.000     3.6977    24.3208     7.1056    10.1546     94.494    309.800    317.334   -0.00027    7.51958   10.74623  327.85079     3.6891   16.80962 3.7976e-02     0.3019    17.9413 0.0000e+00
        534 102.753718    0.03701     2.2211    133.264     44.420  49851.559    30.6083     3.7058     44.000     3.7083    24.3214     7.1058    10.1548     94.531    309.806    317.342   -0.00011    7.51684   10.74233  327.73152     3.7032   16.80395 3.7976e-02     0.3026    18.6320 0.0000e+00
        537 102.753728    0.03723     2.2342    134.050     45.430  49863.985    30.6184     3.7146     45.000     3.7178    24.3286     7.1067    10.1562     94.570    309.845    317.384    0.00012    7.51470   10.73927  327.63592     3.7120   16.79937 3.7976e-02     0.3032    19.1895 0.0000e+00
        541 102.753738    0.03749     2.2492    134.951     46.439  49858.776    30.6164     3.7235     46.000     3.7213    24.3262     7.1038    10.1520     94.551    309.721    317.255   -0.00005    7.51317   10.73707  327.56960     3.7208   16.79622 3.7976e-02     0.3210    20.0119 0.0000e+00
