CTD-processing/allCTD/CNV/2015_10-19_t4_s08_cast223_5028.cnv
* Sea-Bird SBE19plus Data File:
* FileName = C:\Users\Kris.Holderied\Documents\kasitsna\Research-KBL\Oceanography-AK\CTD-Data-ALL-to-2015-06\2015-CTD-KachemakBay-CookInlet\2015-10-19-CookInlet-Tran4-special\2015-10-19-CookInlet-Tran4-cast223.hex
* Software Version 1.59
* Temperature SN =  5028
* Conductivity SN =  5028
* System UpLoad Time = Oct 31 2015 16:47:11
** Cook Inlet LTM Transect 4 Barabara special, South to North

** Date: 10-19
** Station: 4-08
** Start time (AKDT): 17:49
** Depth (m): 30.4
** Comment:  R/V Edgecumbe
** Comment:
# nquan = 27
# nvalues = 23                          
# units = specified
# name 0 = scan: Scan Count
# name 1 = timeJ: Julian Days
# name 2 = timeH: Time, Elapsed [hours]
# name 3 = timeM: Time, Elapsed [minutes]
# name 4 = timeS: Time, Elapsed [seconds]
# name 5 = prdM: Pressure, Strain Gauge [db]
# name 6 = specc: Specific Conductance [uS/cm]
# name 7 = sal00: Salinity, Practical [PSU]
# name 8 = tv290C: Temperature [ITS-90, deg C]
# name 9 = depSM: Depth [salt water, m], lat = 59.00
# name 10 = potemp090C: Potential Temperature [ITS-90, deg C]
# name 11 = sigma-é00: Density [sigma-theta, kg/m^3]
# name 12 = sbeox0ML/L: Oxygen, SBE 43 [ml/l]
# name 13 = sbeox0Mg/L: Oxygen, SBE 43 [mg/l]
# name 14 = sbeox0PS: Oxygen, SBE 43 [% saturation]
# name 15 = sbox0Mm/Kg: Oxygen, SBE 43 [umol/kg]
# name 16 = sbeox0Mm/L: Oxygen, SBE 43 [umol/l]
# name 17 = sbox0dV/dT: Oxygen, SBE 43 [dov/dt]
# name 18 = oxsolML/L: Oxygen Saturation, Garcia & Gordon [ml/l]
# name 19 = oxsolMg/L: Oxygen Saturation, Garcia & Gordon [mg/l]
# name 20 = oxsolMm/Kg: Oxygen Saturation, Garcia & Gordon [umol/kg]
# name 21 = potemp090C: Potential Temperature [ITS-90, deg C]
# name 22 = n2satMg/L: Nitrogen Saturation [mg/l]
# name 23 = par: PAR/Irradiance, Biospherical/Licor
# name 24 = flECO-AFL: Fluorescence, WET Labs ECO-AFL/FL [mg/m^3]
# name 25 = turbWETntu0: Turbidity, WET Labs ECO [NTU]
# name 26 = flag: flag
# span 0 =        326,        439       
# span 1 = 292.743453, 292.743778       
# span 2 =    0.02259,    0.03041       
# span 3 =     1.3552,     1.8243       
# span 4 =     81.309,    109.457       
# span 5 =      1.009,     23.219       
# span 6 =  46103.912,  47840.425       
# span 7 =    29.0138,    30.2803       
# span 8 =     9.1379,     9.6410       
# span 9 =      1.000,     23.000       
# span 10 =     9.1371,     9.6390      
# span 11 =    22.4145,    23.3283      
# span 12 =     5.4832,     6.0098      
# span 13 =     7.8360,     8.5886      
# span 14 =     83.561,     90.132      
# span 15 =    239.296,    262.498      
# span 16 =    244.878,    268.398      
# span 17 =   -0.00976,    0.00251      
# span 18 =    6.56174,    6.68835      
# span 19 =    9.37739,    9.55832      
# span 20 =  286.37072,  292.15330      
# span 21 =     9.1378,     9.6389      
# span 22 =   14.83414,   15.11569      
# span 23 = 3.3440e-01, 1.0394e+01      
# span 24 =     0.1774,     0.8939      
# span 25 =     0.3828,     0.6769      
# span 26 = 0.0000e+00, 0.0000e+00      
# interval = meters: 1                  
# start_time = Oct 19 2015 17:49:13 [Instrument's time stamp, header]
# bad_flag = -9.990e-29
*END*
        326 292.743453    0.02259     1.3552     81.309      1.009  46103.912    29.0138     9.1379      1.000     9.1371    22.4145     5.9939     8.5658     89.617    261.818    267.685    0.00145    6.68835    9.55832  292.15330     9.1378   15.11569 1.0394e+01     0.8939     0.6589 0.0000e+00
        331 292.743467    0.02294     1.3763     82.581      2.019  46132.884    29.0341     9.1420      2.000     9.1489    22.4298     6.0033     8.5793     89.777    262.226    268.108    0.00176    6.68687    9.55621  292.08411     9.1418   15.11231 7.2978e+00     0.8897     0.6769 0.0000e+00
        335 292.743479    0.02321     1.3929     83.577      3.028  46205.230    29.0865     9.1612      3.000     9.1780    22.4679     6.0098     8.5885     89.943    262.498    268.396    0.00219    6.68175    9.54889  291.84976     9.1609   15.10090 5.4843e+00     0.8658     0.6571 0.0000e+00
        339 292.743490    0.02348     1.4089     84.535      4.037  46392.337    29.2215     9.2009      4.000     9.2333    22.5674     6.0098     8.5886     90.102    262.475    268.398    0.00251    6.67004    9.53216  291.31006     9.2004   15.07455 4.3676e+00     0.8163     0.6556 0.0000e+00
        343 292.743502    0.02376     1.4258     85.547      5.047  46740.033    29.4728     9.2735      5.000     9.3085    22.7526     5.9924     8.5637     90.132    261.667    267.620    0.00208    6.64847    9.50134  290.31563     9.2730   15.02600 3.5939e+00     0.7545     0.6609 0.0000e+00
        348 292.743515    0.02407     1.4438     86.627      6.057  47020.684    29.6764     9.3376      6.000     9.3448    22.9020     5.9479     8.5001     89.708    259.686    265.634   -0.00082    6.63029    9.47534  289.47911     9.3369   14.98519 3.0296e+00     0.7390     0.6413 0.0000e+00
        352 292.743528    0.02440     1.4640     87.837      7.066  47187.211    29.7935     9.3471      7.000     9.3528    22.9920     5.8717     8.3913     88.644    256.338    262.231   -0.00686    6.62388    9.46619  289.17388     9.3464   14.97012 2.5783e+00     0.7781     0.5818 0.0000e+00
        357 292.743543    0.02474     1.4848     89.086      8.075  47420.659    29.9613     9.3855      8.000     9.4086    23.1171     5.8181     8.3145     88.004    253.962    259.833   -0.00863    6.61109    9.44790  288.58008     9.3847   14.94105 2.1915e+00     0.7602     0.5265 0.0000e+00
        362 292.743557    0.02510     1.5057     90.342      9.085  47499.653    30.0225     9.4356      9.000     9.4531    23.1573     5.7865     8.2695     87.660    252.578    258.427   -0.00737    6.60114    9.43368  288.13432     9.4347   14.91949 1.8740e+00     0.6871     0.4831 0.0000e+00
        368 292.743573    0.02548     1.5287     91.722     10.095  47572.627    30.0790     9.4810     10.000     9.4878    23.1944     5.7208     8.1756     86.783    249.699    255.491   -0.00976    6.59209    9.42076  287.72921     9.4800   14.89990 1.6181e+00     0.6024     0.4352 0.0000e+00
        374 292.743590    0.02588     1.5528     93.171     11.104  47639.699    30.1293     9.5109     11.000     9.5333    23.2291     5.6842     8.1233     86.312    248.095    253.858   -0.00867    6.58561    9.41151  287.43678     9.5097   14.88572 1.3994e+00     0.5471     0.4103 0.0000e+00
        379 292.743605    0.02625     1.5749     94.491     12.114  47678.480    30.1648     9.5797     12.000     9.5969    23.2460     5.6585     8.0865     86.072    246.966    252.707   -0.00694    6.57409    9.39504  286.92904     9.5784   14.86130 1.2197e+00     0.4450     0.4028 0.0000e+00
        385 292.743622    0.02665     1.5985     95.911     13.123  47696.721    30.1815     9.6136     13.000     9.6156    23.2538     5.6131     8.0217     85.455    244.983    250.680   -0.00763    6.56846    9.38699  286.68116     9.6122   14.84938 1.0662e+00     0.3576     0.4107 0.0000e+00
        390 292.743637    0.02701     1.6206     97.235     14.133  47723.106    30.2006     9.6210     14.000     9.6216    23.2675     5.5686     7.9581     84.802    243.038    248.693   -0.00883    6.56659    9.38431  286.59551     9.6195   14.84521 9.3236e-01     0.3405     0.4045 0.0000e+00
        395 292.743653    0.02739     1.6432     98.593     15.142  47735.667    30.2095     9.6255     15.000     9.6246    23.2738     5.5465     7.9265     84.479    242.074    247.708   -0.00746    6.56555    9.38282  286.54823     9.6240   14.84291 8.1804e-01     0.3171     0.3949 0.0000e+00
        401 292.743669    0.02779     1.6671    100.028     16.151  47748.722    30.2184     9.6271     16.000     9.6264    23.2805     5.5353     7.9105     84.316    241.581    247.205   -0.00558    6.56494    9.38196  286.51999     9.6254   14.84152 7.1971e-01     0.2873     0.3828 0.0000e+00
        407 292.743687    0.02822     1.6930    101.583     17.161  47756.874    30.2242     9.6308     17.000     9.6302    23.2845     5.5281     7.9002     84.216    241.267    246.885   -0.00384    6.56418    9.38087  286.48545     9.6289   14.83985 6.3386e-01     0.2704     0.3908 0.0000e+00
        413 292.743704    0.02860     1.7163    102.980     18.171  47765.563    30.2304     9.6346     18.000     9.6344    23.2886     5.5217     7.8910     84.128    240.986    246.598   -0.00291    6.56336    9.37971  286.44885     9.6326   14.83807 5.6011e-01     0.2464     0.3869 0.0000e+00
        418 292.743718    0.02897     1.7380    104.279     19.180  47773.937    30.2364     9.6390     19.000     9.6381    23.2927     5.5135     7.8793     84.015    240.627    246.232   -0.00254    6.56247    9.37843  286.40874     9.6369   14.83613 5.3858e-01     0.2255     0.4034 0.0000e+00
        423 292.743734    0.02933     1.7599    105.594     20.190  47780.509    30.2408     9.6410     20.000     9.6390    23.2959     5.5046     7.8665     83.885    240.237    245.833   -0.00244    6.56198    9.37773  286.38661     9.6389   14.83506 5.1022e-01     0.2169     0.4094 0.0000e+00
        429 292.743749    0.02969     1.7814    106.882     21.199  47790.369    30.2473     9.6408     21.000     9.6374    23.3009     5.4992     7.8589     83.806    240.001    245.593   -0.00209    6.56174    9.37739  286.37471     9.6385   14.83446 4.3969e-01     0.2040     0.3960 0.0000e+00
        433 292.743763    0.03003     1.8019    108.111     22.208  47811.564    30.2612     9.6367     22.000     9.6318    23.3125     5.4939     7.8514     83.726    239.768    245.357   -0.00187    6.56175    9.37740  286.37177     9.6344   14.83427 3.8201e-01     0.1914     0.4126 0.0000e+00
        439 292.743778    0.03041     1.8243    109.457     23.219  47840.425    30.2803     9.6306     23.000     9.6268    23.3283     5.4832     7.8360     83.561    239.296    244.878   -0.00224    6.56182    9.37751  286.37072     9.6282   14.83414 3.3440e-01     0.1774     0.4591 0.0000e+00
