CTD-processing/allCTD/CNV/2015_02-22_t3_s03_cast216_4141.cnv
* Sea-Bird SBE19plus Data File:
* FileName = C:\Users\amdoroff\Desktop\2015_02_22_CookInlet_Tran3_AnchorPt\2015_02_22_CookInlet_Tran3_Cast216.hex
* Software Version 1.59
* Temperature SN =  4141
* Conductivity SN =  4141
* System UpLoad Time = Feb 22 2015 17:20:37
** Cook Inlet LTM Tran3 Anchor Pt E to W
** Date 02-22
** Station: 3-03
** Start Time: 15:37
** Depth (m): 31
** Comment
# nquan = 27
# nvalues = 32                          
# units = specified
# name 0 = scan: Scan Count
# name 1 = timeJ: Julian Days
# name 2 = timeH: Time, Elapsed [hours]
# name 3 = timeM: Time, Elapsed [minutes]
# name 4 = timeS: Time, Elapsed [seconds]
# name 5 = prdM: Pressure, Strain Gauge [db]
# name 6 = specc: Specific Conductance [uS/cm]
# name 7 = sal00: Salinity, Practical [PSU]
# name 8 = tv290C: Temperature [ITS-90, deg C]
# name 9 = depSM: Depth [salt water, m], lat = 59.00
# name 10 = potemp090C: Potential Temperature [ITS-90, deg C]
# name 11 = sigma-é00: Density [sigma-theta, kg/m^3]
# name 12 = sbeox0ML/L: Oxygen, SBE 43 [ml/l]
# name 13 = sbeox0Mg/L: Oxygen, SBE 43 [mg/l]
# name 14 = sbeox0PS: Oxygen, SBE 43 [% saturation]
# name 15 = sbox0Mm/Kg: Oxygen, SBE 43 [umol/kg]
# name 16 = sbeox0Mm/L: Oxygen, SBE 43 [umol/l]
# name 17 = sbox0dV/dT: Oxygen, SBE 43 [dov/dt]
# name 18 = oxsolML/L: Oxygen Saturation, Garcia & Gordon [ml/l]
# name 19 = oxsolMg/L: Oxygen Saturation, Garcia & Gordon [mg/l]
# name 20 = oxsolMm/Kg: Oxygen Saturation, Garcia & Gordon [umol/kg]
# name 21 = n2satMg/L: Nitrogen Saturation [mg/l]
# name 22 = par: PAR/Irradiance, Biospherical/Licor
# name 23 = wetStar: Fluorescence, WET Labs WETstar [mg/m^3]
# name 24 = CStarAt0: Beam Attenuation, WET Labs C-Star [1/m]
# name 25 = CStarTr0: Beam Transmission, WET Labs C-Star [%]
# name 26 = flag: flag
# span 0 =         81,        588       
# span 1 =  53.651782,  53.653250       
# span 2 =    0.00554,    0.04077       
# span 3 =     0.3324,     2.4465       
# span 4 =     19.941,    146.793       
# span 5 =      1.009,     32.299       
# span 6 =  49522.767,  49553.810       
# span 7 =    29.9128,    29.9338       
# span 8 =     1.7804,     1.8030       
# span 9 =      1.000,     32.000       
# span 10 =     1.7792,     1.8007      
# span 11 =    23.9118,    23.9276      
# span 12 =     6.9534,     7.2538      
# span 13 =     9.9371,    10.3664      
# span 14 =     87.793,     91.522      
# span 15 =    303.281,    316.387      
# span 16 =    310.538,    323.953      
# span 17 =   -0.00084,    0.00259      
# span 18 =    7.92018,    7.92574      
# span 19 =   11.31872,   11.32667      
# span 20 =  345.44929,  345.69666      
# span 21 =   17.64772,   17.65953      
# span 22 = 7.8947e-02, 5.8032e+00      
# span 23 =     0.2663,     0.5249      
# span 24 =    17.3696,    21.6448      
# span 25 =     0.4469,     1.2872      
# span 26 = 0.0000e+00, 0.0000e+00      
# interval = meters: 1                  
# start_time = Feb 22 2015 15:38:14 [Instrument's time stamp, header]
# bad_flag = -9.990e-29
*END*
         81  53.651782    0.00554     0.3324     19.941      1.009  49545.517    29.9338     1.8030      1.000     1.8007    23.9276     6.9534     9.9371     87.793    303.281    310.538   -0.00017    7.92018   11.31872  345.44929   17.64772 5.8032e+00     0.2663    17.3696     1.2872 0.0000e+00
        309  53.652441    0.02136     1.2820     76.917      2.019  49524.258    29.9150     1.7881      2.000     1.7874    23.9134     7.2172    10.3142     91.078    314.794    322.322    0.00259    7.92420   11.32448  345.62961   17.65635 5.4242e-01     0.4938    19.4870     0.7879 0.0000e+00
        323  53.652482    0.02233     1.3401     80.408      3.021  49522.767    29.9128     1.7858      3.000     1.7842    23.9118     7.2148    10.3106     91.040    314.687    322.211    0.00004    7.92479   11.32532  345.65604   17.65761 1.1699e-01     0.5130    20.0882     0.6630 0.0000e+00
        329  53.652500    0.02279     1.3673     82.036      4.040  49527.376    29.9145     1.7824      4.000     1.7823    23.9133     7.2319    10.3350     91.249    315.430    322.974    0.00145    7.92539   11.32617  345.68120   17.65879 9.3134e-02     0.5125    17.7039     1.2145 0.0000e+00
        337  53.652522    0.02330     1.3983     83.901      5.051  49528.006    29.9146     1.7834      5.000     1.7833    23.9134     7.2313    10.3343     91.245    315.408    322.951    0.00066    7.92517   11.32586  345.67204   17.65836 9.2604e-02     0.5093    17.5928     1.2283 0.0000e+00
        345  53.652545    0.02386     1.4313     85.880      6.051  49526.967    29.9131     1.7823      6.000     1.7814    23.9122     7.2325    10.3359     91.255    315.458    323.001    0.00058    7.92550   11.32633  345.68660   17.65906 1.0320e-01     0.4957    18.3894     1.0334 0.0000e+00
        354  53.652573    0.02453     1.4719     88.311      7.065  49528.727    29.9134     1.7811      7.000     1.7808    23.9126     7.2354    10.3402     91.291    315.588    323.135    0.00040    7.92570   11.32663  345.69555   17.65948 1.0607e-01     0.5049    18.0157     1.1086 0.0000e+00
        366  53.652608    0.02536     1.5217     91.300      8.077  49530.248    29.9139     1.7811      8.000     1.7807    23.9130     7.2360    10.3409     91.297    315.610    323.156    0.00027    7.92568   11.32658  345.69405   17.65941 1.0515e-01     0.5126    17.8168     1.1636 0.0000e+00
        376  53.652635    0.02601     1.5607     93.644      9.083  49531.219    29.9140     1.7809      9.000     1.7806    23.9130     7.2409    10.3479     91.359    315.825    323.377    0.00046    7.92571   11.32663  345.69558   17.65948 9.2520e-02     0.5160    18.2134     1.0541 0.0000e+00
        390  53.652676    0.02700     1.6199     97.193     10.098  49531.853    29.9139     1.7811     10.000     1.7807    23.9130     7.2390    10.3452     91.336    315.743    323.293   -0.00009    7.92568   11.32659  345.69429   17.65942 8.0276e-02     0.5065    17.5441     1.2476 0.0000e+00
        399  53.652702    0.02763     1.6575     99.452     11.102  49533.481    29.9145     1.7811     11.000     1.7806    23.9134     7.2371    10.3426     91.313    315.661    323.210   -0.00030    7.92565   11.32655  345.69281   17.65935 7.9998e-02     0.4999    18.1745     1.0638 0.0000e+00
        412  53.652739    0.02851     1.7108    102.651     12.119  49533.514    29.9140     1.7810     12.000     1.7804    23.9131     7.2333    10.3370     91.263    315.493    323.037   -0.00056    7.92569   11.32660  345.69475   17.65944 9.2293e-02     0.5036    17.8018     1.1768 0.0000e+00
        418  53.652758    0.02898     1.7388    104.331     13.119  49534.996    29.9143     1.7807     13.000     1.7802    23.9134     7.2353    10.3399     91.288    315.581    323.128   -0.00027    7.92574   11.32667  345.69666   17.65953 8.1358e-02     0.5249    19.3135     0.8026 0.0000e+00
        432  53.652797    0.02990     1.7940    107.642     14.144  49536.349    29.9148     1.7809     14.000     1.7803    23.9137     7.2393    10.3456     91.339    315.754    323.305    0.00023    7.92568   11.32658  345.69375   17.65939 8.3520e-02     0.5100    19.0382     0.8682 0.0000e+00
        438  53.652816    0.03037     1.8218    109.309     15.143  49537.240    29.9148     1.7808     15.000     1.7802    23.9138     7.2336    10.3376     91.268    315.508    323.052   -0.00054    7.92569   11.32661  345.69476   17.65944 8.0097e-02     0.4967    21.2206     0.4947 0.0000e+00
        447  53.652841    0.03097     1.8581    111.483     16.146  49537.884    29.9147     1.7809     16.000     1.7801    23.9137     7.2397    10.3462     91.344    315.771    323.322   -0.00025    7.92569   11.32659  345.69417   17.65941 8.4652e-02     0.5214    21.1149     0.5154 0.0000e+00
        457  53.652871    0.03169     1.9011    114.067     17.150  49540.022    29.9156     1.7808     17.000     1.7800    23.9144     7.2361    10.3411     91.300    315.618    323.166   -0.00081    7.92565   11.32654  345.69231   17.65932 8.3780e-02     0.5144    21.6448     0.4469 0.0000e+00
        465  53.652894    0.03224     1.9344    116.066     18.168  49540.467    29.9154     1.7809     18.000     1.7800    23.9142     7.2390    10.3452     91.336    315.742    323.294   -0.00040    7.92564   11.32653  345.69225   17.65931 9.3984e-02     0.5104    20.3871     0.6309 0.0000e+00
        474  53.652921    0.03288     1.9729    118.371     19.177  49541.407    29.9155     1.7807     19.000     1.7798    23.9143     7.2436    10.3518     91.394    315.942    323.498    0.00013    7.92568   11.32659  345.69378   17.65939 9.5761e-02     0.5150    19.9911     0.6770 0.0000e+00
        482  53.652944    0.03342     2.0055    120.333     20.194  49542.989    29.9160     1.7807     20.000     1.7799    23.9147     7.2464    10.3558     91.430    316.065    323.623    0.00027    7.92566   11.32656  345.69260   17.65933 8.8202e-02     0.5023    19.9902     0.6772 0.0000e+00
        491  53.652967    0.03399     2.0397    122.379     21.198  49543.396    29.9158     1.7809     21.000     1.7800    23.9145     7.2407    10.3477     91.358    315.817    323.370   -0.00032    7.92563   11.32652  345.69158   17.65928 9.9433e-02     0.5008    20.0562     0.6707 0.0000e+00
        501  53.652999    0.03475     2.0849    125.092     22.212  49544.093    29.9157     1.7809     22.000     1.7800    23.9145     7.2414    10.3487     91.367    315.847    323.400   -0.00004    7.92563   11.32651  345.69136   17.65927 1.0449e-01     0.5054    20.1256     0.6560 0.0000e+00
        508  53.653019    0.03524     2.1141    126.848     23.216  49544.983    29.9158     1.7809     23.000     1.7799    23.9146     7.2428    10.3507     91.385    315.908    323.463   -0.00001    7.92563   11.32651  345.69130   17.65927 1.0364e-01     0.5091    20.2589     0.6343 0.0000e+00
        519  53.653050    0.03598     2.1589    129.534     24.228  49546.575    29.9163     1.7807     24.000     1.7795    23.9149     7.2402    10.3469     91.351    315.793    323.345   -0.00028    7.92565   11.32654  345.69221   17.65931 8.6465e-02     0.5109    19.8322     0.7029 0.0000e+00
        528  53.653077    0.03662     2.1970    131.821     25.239  49546.998    29.9160     1.7806     25.000     1.7794    23.9148     7.2538    10.3664     91.522    316.387    323.953    0.00091    7.92568   11.32659  345.69367   17.65938 7.9363e-02     0.5146    20.0352     0.6681 0.0000e+00
        537  53.653101    0.03719     2.2318    133.911     26.247  49547.915    29.9161     1.7804     26.000     1.7793    23.9148     7.2487    10.3590     91.457    316.164    323.725    0.00001    7.92571   11.32663  345.69489   17.65944 7.8947e-02     0.5248    20.2109     0.6399 0.0000e+00
        546  53.653127    0.03783     2.2694    136.166     27.262  49549.205    29.9164     1.7804     27.000     1.7792    23.9151     7.2402    10.3469     91.351    315.795    323.347   -0.00084    7.92569   11.32661  345.69418   17.65941 7.9166e-02     0.5124    20.4796     0.6000 0.0000e+00
        554  53.653150    0.03839     2.3036    138.216     28.265  49549.596    29.9162     1.7807     28.000     1.7794    23.9149     7.2403    10.3472     91.354    315.803    323.355   -0.00055    7.92564   11.32654  345.69199   17.65930 8.0302e-02     0.5200    20.7058     0.5705 0.0000e+00
        564  53.653181    0.03911     2.3467    140.800     29.280  49550.491    29.9163     1.7808     29.000     1.7794    23.9150     7.2438    10.3521     91.397    315.952    323.508   -0.00004    7.92561   11.32649  345.69055   17.65923 8.0320e-02     0.5103    20.8223     0.5516 0.0000e+00
        569  53.653194    0.03943     2.3657    141.944     30.278  49551.827    29.9167     1.7806     30.000     1.7793    23.9153     7.2479    10.3579     91.448    316.130    323.690    0.00023    7.92563   11.32653  345.69150   17.65928 8.0950e-02     0.5044    21.1622     0.5054 0.0000e+00
        581  53.653229    0.04028     2.4166    144.995     31.301  49552.126    29.9163     1.7807     31.000     1.7793    23.9150     7.2454    10.3544     91.417    316.022    323.580   -0.00031    7.92562   11.32651  345.69105   17.65925 7.9909e-02     0.4980    19.8649     0.7038 0.0000e+00
        588  53.653250    0.04077     2.4465    146.793     32.299  49553.810    29.9169     1.7806     32.000     1.7793    23.9155     7.2475    10.3574     91.444    316.114    323.674   -0.00014    7.92562   11.32650  345.69068   17.65923 8.1804e-02     0.5045    20.7073     0.5660 0.0000e+00
