CTD-processing/allCTD/CNV/2015_12-10_t4_s06_cast056_5028.cnv
* Sea-Bird SBE19plus Data File:
* FileName = C:\Users\Kris.Holderied\Documents\kasitsna\Research-KBL\Oceanography-AK\CTD-Data-ALL-to-2016-05\2015-CTD-KachemakBay-CookInlet\2015-12-10-CookInlet-Tran4-SPECIAL\2015-12-10-CookInlet-Tran4-cast056.hex
* Software Version 1.59
* Temperature SN =  5028
* Conductivity SN =  5028
* System UpLoad Time = Jun 06 2016 17:53:20
** Cook Inlet LTM Tran4 Barabara  south to north SPECIAL
** Date (YYYY-MM-DD): 2015-12-10
** Station (eg. 9-01):  4-06
** Start time (AKST): 14:41
** Depth (m): 66.5
** Comment:  R/V Edgecumbe. Special transect done with monthly T9 to assess outer bay conditions.
** Comment:
# nquan = 27
# nvalues = 62                          
# units = specified
# name 0 = scan: Scan Count
# name 1 = timeJ: Julian Days
# name 2 = timeH: Time, Elapsed [hours]
# name 3 = timeM: Time, Elapsed [minutes]
# name 4 = timeS: Time, Elapsed [seconds]
# name 5 = prdM: Pressure, Strain Gauge [db]
# name 6 = specc: Specific Conductance [uS/cm]
# name 7 = sal00: Salinity, Practical [PSU]
# name 8 = tv290C: Temperature [ITS-90, deg C]
# name 9 = depSM: Depth [salt water, m], lat = 59.00
# name 10 = potemp090C: Potential Temperature [ITS-90, deg C]
# name 11 = sigma-é00: Density [sigma-theta, kg/m^3]
# name 12 = sbeox0ML/L: Oxygen, SBE 43 [ml/l]
# name 13 = sbeox0Mg/L: Oxygen, SBE 43 [mg/l]
# name 14 = sbeox0PS: Oxygen, SBE 43 [% saturation]
# name 15 = sbox0Mm/Kg: Oxygen, SBE 43 [umol/kg]
# name 16 = sbeox0Mm/L: Oxygen, SBE 43 [umol/l]
# name 17 = sbox0dV/dT: Oxygen, SBE 43 [dov/dt]
# name 18 = oxsolML/L: Oxygen Saturation, Garcia & Gordon [ml/l]
# name 19 = oxsolMg/L: Oxygen Saturation, Garcia & Gordon [mg/l]
# name 20 = oxsolMm/Kg: Oxygen Saturation, Garcia & Gordon [umol/kg]
# name 21 = potemp090C: Potential Temperature [ITS-90, deg C]
# name 22 = n2satMg/L: Nitrogen Saturation [mg/l]
# name 23 = par: PAR/Irradiance, Biospherical/Licor
# name 24 = flECO-AFL: Fluorescence, WET Labs ECO-AFL/FL [mg/m^3]
# name 25 = turbWETntu0: Turbidity, WET Labs ECO [NTU]
# name 26 = flag: flag
# span 0 =        325,        533       
# span 1 = 344.613112, 344.613715       
# span 2 =    0.02247,    0.03694       
# span 3 =     1.3480,     2.2164       
# span 4 =     80.880,    132.986       
# span 5 =      1.009,     62.595       
# span 6 =  49251.910,  49609.813       
# span 7 =    30.8898,    31.1297       
# span 8 =     6.9415,     7.1705       
# span 9 =      1.000,     62.000       
# span 10 =     6.9385,     7.1644      
# span 11 =    24.1783,    24.3548      
# span 12 =     5.9967,     6.0793      
# span 13 =     8.5698,     8.6879      
# span 14 =     86.505,     87.869      
# span 15 =    261.489,    265.066      
# span 16 =    267.811,    271.500      
# span 17 =   -0.00183,    0.00317      
# span 18 =    6.89823,    6.94074      
# span 19 =    9.85826,    9.91902      
# span 20 =  300.75311,  302.62979      
# span 21 =     6.9386,     7.1649      
# span 22 =   15.51749,   15.60756      
# span 23 = 7.0759e-02, 2.5878e+01      
# span 24 =     0.0729,     0.1794      
# span 25 =     0.2847,     0.8158      
# span 26 = 0.0000e+00, 0.0000e+00      
# interval = meters: 1                  
# start_time = Dec 10 2015 14:41:32 [Instrument's time stamp, header]
# bad_flag = -9.990e-29
*END*
        325 344.613112    0.02247     1.3480     80.880      1.009  49251.910    30.8898     7.0245      1.000     7.0238    24.1795     5.9967     8.5698     86.505    261.489    267.811    0.00317    6.93214    9.90672  302.28033     7.0244   15.59128 2.5878e+01     0.1600     0.3962 0.0000e+00
        330 344.613128    0.02284     1.3703     82.219      2.019  49256.124    30.8920     7.0229      2.000     7.0248    24.1814     6.0031     8.5791     86.597    261.770    268.100    0.00243    6.93230    9.90695  302.28677     7.0227   15.59158 2.1553e+01     0.1670     0.3846 0.0000e+00
        333 344.613138    0.02309     1.3853     83.117      3.028  49257.273    30.8932     7.0281      3.000     7.0309    24.1817     6.0118     8.5915     86.733    262.148    268.487    0.00255    6.93141    9.90569  302.24813     7.0278   15.58973 2.0410e+01     0.1794     0.3668 0.0000e+00
        337 344.613147    0.02331     1.3988     83.925      4.038  49257.681    30.8939     7.0333      4.000     7.0366    24.1816     6.0173     8.5992     86.822    262.385    268.730    0.00247    6.93055    9.90445  302.21029     7.0330   15.58792 1.9726e+01     0.1723     0.3424 0.0000e+00
        340 344.613156    0.02352     1.4113     84.681      5.047  49256.454    30.8936     7.0389      5.000     7.0414    24.1806     6.0222     8.6062     86.904    262.600    268.949    0.00232    6.92967    9.90319  302.17218     7.0384   15.58611 1.8621e+01     0.1634     0.3200 0.0000e+00
        343 344.613165    0.02373     1.4237     85.420      6.057  49254.562    30.8925     7.0431      6.000     7.0440    24.1793     6.0287     8.6156     87.005    262.884    269.241    0.00236    6.92904    9.90230  302.14555     7.0425   15.58484 1.6906e+01     0.1603     0.3046 0.0000e+00
        346 344.613173    0.02393     1.4357     86.144      7.067  49254.053    30.8920     7.0449      7.000     7.0448    24.1786     6.0346     8.6240     87.094    263.141    269.504    0.00237    6.92877    9.90191  302.13373     7.0443   15.58428 1.5293e+01     0.1603     0.2968 0.0000e+00
        348 344.613181    0.02413     1.4475     86.851      8.076  49254.775    30.8921     7.0456      8.000     7.0450    24.1787     6.0375     8.6282     87.138    263.268    269.634    0.00213    6.92865    9.90174  302.12863     7.0449   15.58404 1.3603e+01     0.1614     0.2918 0.0000e+00
        351 344.613190    0.02433     1.4593     87.558      9.085  49255.165    30.8920     7.0458      9.000     7.0448    24.1786     6.0380     8.6290     87.146    263.293    269.659    0.00169    6.92863    9.90171  302.12763     7.0450   15.58399 1.2228e+01     0.1655     0.2889 0.0000e+00
        354 344.613198    0.02452     1.4716     88.299     10.095  49255.346    30.8916     7.0454     10.000     7.0436    24.1783     6.0391     8.6304     87.160    263.336    269.704    0.00132    6.92872    9.90183  302.13152     7.0445   15.58418 1.0921e+01     0.1721     0.2887 0.0000e+00
        357 344.613207    0.02473     1.4840     89.043     11.104  49256.560    30.8918     7.0441     11.000     7.0424    24.1786     6.0414     8.6337     87.191    263.438    269.807    0.00115    6.92891    9.90210  302.13962     7.0432   15.58457 9.7310e+00     0.1671     0.2906 0.0000e+00
        360 344.613215    0.02493     1.4956     89.735     12.113  49259.129    30.8929     7.0433     12.000     7.0421    24.1796     6.0445     8.6381     87.234    263.573    269.946    0.00110    6.92898    9.90221  302.14265     7.0423   15.58470 8.6562e+00     0.1635     0.2887 0.0000e+00
        363 344.613222    0.02511     1.5068     90.407     13.123  49261.210    30.8939     7.0434     13.000     7.0426    24.1804     6.0477     8.6428     87.282    263.713    270.090    0.00109    6.92894    9.90214  302.14042     7.0421   15.58459 7.6796e+00     0.1650     0.2847 0.0000e+00
        365 344.613230    0.02530     1.5179     91.073     14.132  49264.286    30.8958     7.0440     14.000     7.0440    24.1818     6.0505     8.6468     87.324    263.836    270.216    0.00109    6.92875    9.90188  302.13196     7.0428   15.58418 6.8636e+00     0.1719     0.2849 0.0000e+00
        368 344.613238    0.02549     1.5292     91.754     15.142  49272.336    30.9013     7.0461     15.000     7.0482    24.1859     6.0512     8.6478     87.342    263.866    270.247    0.00095    6.92815    9.90101  302.10422     7.0449   15.58284 6.1903e+00     0.1758     0.2847 0.0000e+00
        371 344.613246    0.02568     1.5408     92.451     16.152  49284.004    30.9097     7.0512     16.000     7.0541    24.1919     6.0508     8.6473     87.352    263.847    270.230    0.00074    6.92695    9.89931  302.05052     7.0499   15.58024 5.5691e+00     0.1723     0.2848 0.0000e+00
        374 344.613254    0.02587     1.5525     93.151     17.161  49298.685    30.9205     7.0573     17.000     7.0598    24.1995     6.0526     8.6497     87.396    263.923    270.309    0.00074    6.92549    9.89722  301.98463     7.0558   15.57705 4.9687e+00     0.1616     0.2894 0.0000e+00
        376 344.613262    0.02607     1.5640     93.841     18.171  49311.297    30.9296     7.0623     18.000     7.0603    24.2061     6.0535     8.6512     87.426    263.963    270.352    0.00077    6.92427    9.89548  301.92943     7.0608   15.57439 4.4237e+00     0.1578     0.2926 0.0000e+00
        379 344.613270    0.02626     1.5754     94.526     19.180  49319.807    30.9347     7.0598     19.000     7.0516    24.2104     6.0535     8.6511     87.423    263.961    270.352    0.00055    6.92444    9.89572  301.93568     7.0582   15.57466 3.9587e+00     0.1585     0.2944 0.0000e+00
        382 344.613278    0.02645     1.5869     95.216     20.190  49333.035    30.9419     7.0510     20.000     7.0448    24.2173     6.0521     8.6491     87.389    263.896    270.287    0.00019    6.92553    9.89728  301.98106     7.0493   15.57680 3.5605e+00     0.1571     0.2971 0.0000e+00
        385 344.613286    0.02664     1.5985     95.908     21.199  49340.224    30.9455     7.0455     21.000     7.0408    24.2208     6.0500     8.6462     87.350    263.806    270.196   -0.00015    6.92624    9.89830  302.01109     7.0437   15.57821 3.2078e+00     0.1566     0.2981 0.0000e+00
        387 344.613294    0.02684     1.6100     96.603     22.209  49344.269    30.9472     7.0417     22.000     7.0369    24.2226     6.0494     8.6453     87.334    263.779    270.169   -0.00034    6.92677    9.89906  302.03375     7.0398   15.57929 2.8841e+00     0.1583     0.2966 0.0000e+00
        390 344.613302    0.02702     1.6216     97.299     23.219  49347.209    30.9480     7.0375     23.000     7.0304    24.2239     6.0518     8.6486     87.360    263.879    270.272   -0.00021    6.92741    9.89996  302.06085     7.0355   15.58058 2.5937e+00     0.1621     0.2925 0.0000e+00
        393 344.613310    0.02722     1.6332     97.994     24.228  49350.762    30.9487     7.0294     24.000     7.0183    24.2254     6.0558     8.6543     87.401    264.054    270.451    0.00000    6.92868    9.90177  302.11586     7.0273   15.58319 2.3318e+00     0.1582     0.2870 0.0000e+00
        396 344.613318    0.02741     1.6447     98.679     25.237  49358.312    30.9513     7.0167     25.000     7.0026    24.2291     6.0576     8.6569     87.404    264.133    270.533    0.00000    6.93058    9.90450  302.19780     7.0145   15.58709 2.0921e+00     0.1523     0.2867 0.0000e+00
        398 344.613326    0.02760     1.6560     99.360     26.247  49364.792    30.9524     7.0001     26.000     6.9805    24.2322     6.0562     8.6550     87.351    264.071    270.470   -0.00034    6.93320    9.90824  302.31121     6.9978   15.59250 1.8729e+00     0.1507     0.2899 0.0000e+00
        401 344.613333    0.02779     1.6673    100.041     27.257  49382.152    30.9600     6.9769     27.000     6.9606    24.2412     6.0549     8.6529     87.288    264.008    270.408   -0.00078    6.93658    9.91306  302.45562     6.9745   15.59935 1.6800e+00     0.1631     0.2894 0.0000e+00
        404 344.613342    0.02799     1.6790    100.738     28.266  49400.394    30.9692     6.9593     28.000     6.9501    24.2507     6.0570     8.6560     87.289    264.101    270.505   -0.00077    6.93896    9.91647  302.55671     6.9569   15.60414 1.5122e+00     0.1723     0.2908 0.0000e+00
        407 344.613351    0.02819     1.6914    101.484     29.275  49412.117    30.9754     6.9505     29.000     6.9455    24.2567     6.0635     8.6654     87.369    264.383    270.796   -0.00027    6.94010    9.91810  302.60480     6.9480   15.60641 1.3652e+00     0.1742     0.2966 0.0000e+00
        410 344.613360    0.02842     1.7056    102.333     30.285  49418.921    30.9791     6.9472     30.000     6.9436    24.2600     6.0727     8.6786     87.497    264.784    271.208    0.00047    6.94047    9.91863  302.61989     6.9446   15.60711 1.2352e+00     0.1629     0.3079 0.0000e+00
        414 344.613371    0.02867     1.7205    103.229     31.295  49424.517    30.9822     6.9456     31.000     6.9415    24.2627     6.0779     8.6860     87.571    265.010    271.440    0.00077    6.94058    9.91879  302.62408     6.9428   15.60730 1.1143e+00     0.1588     0.3009 0.0000e+00
        418 344.613381    0.02893     1.7355    104.128     32.305  49432.625    30.9869     6.9432     32.000     6.9393    24.2668     6.0792     8.6878     87.588    265.066    271.498    0.00061    6.94074    9.91902  302.62979     6.9404   15.60756 1.0054e+00     0.1638     0.2926 0.0000e+00
        421 344.613392    0.02920     1.7515    105.091     33.314  49441.853    30.9926     6.9416     33.000     6.9385    24.2715     6.0779     8.6859     87.569    265.007    271.440    0.00031    6.94074    9.91902  302.62830     6.9387   15.60746 9.0863e-01     0.1590     0.2938 0.0000e+00
        425 344.613404    0.02947     1.7686    106.114     34.324  49447.766    30.9962     6.9415     34.000     6.9387    24.2743     6.0741     8.6805     87.516    264.840    271.269   -0.00014    6.94059    9.91880  302.62098     6.9386   15.60709 8.2131e-01     0.1546     0.2980 0.0000e+00
        430 344.613416    0.02976     1.7856    107.136     35.333  49448.379    30.9963     6.9417     35.000     6.9386    24.2743     6.0732     8.6792     87.503    264.803    271.230   -0.00028    6.94057    9.91877  302.61987     6.9387   15.60704 7.4252e-01     0.1585     0.2966 0.0000e+00
        434 344.613428    0.03004     1.8026    108.156     36.344  49449.719    30.9967     6.9418     36.000     6.9391    24.2747     6.0756     8.6827     87.538    264.906    271.336   -0.00006    6.94053    9.91871  302.61788     6.9387   15.60694 6.7161e-01     0.1637     0.2950 0.0000e+00
        438 344.613439    0.03033     1.8194    109.163     37.353  49455.746    31.0007     6.9432     37.000     6.9417    24.2776     6.0754     8.6824     87.541    264.897    271.328   -0.00007    6.94011    9.91812  302.59909     6.9400   15.60603 6.0814e-01     0.1541     0.2994 0.0000e+00
        442 344.613451    0.03059     1.8354    110.125     38.362  49463.185    31.0060     6.9469     38.000     6.9459    24.2814     6.0757     8.6827     87.555    264.906    271.339   -0.00006    6.93928    9.91692  302.56151     6.9436   15.60422 5.5028e-01     0.1479     0.3025 0.0000e+00
        445 344.613461    0.03084     1.8504    111.026     39.372  49468.450    31.0100     6.9513     39.000     6.9496    24.2839     6.0772     8.6850     87.588    264.974    271.408    0.00009    6.93841    9.91568  302.52298     6.9478   15.60237 4.9812e-01     0.1551     0.3066 0.0000e+00
        449 344.613471    0.03109     1.8656    111.936     40.381  49469.476    31.0107     6.9540     40.000     6.9516    24.2842     6.0769     8.6844     87.589    264.959    271.394    0.00004    6.93792    9.91499  302.50165     6.9506   15.60135 4.5191e-01     0.1565     0.3054 0.0000e+00
        453 344.613483    0.03137     1.8822    112.932     41.390  49472.052    31.0124     6.9560     41.000     6.9533    24.2853     6.0779     8.6859     87.609    265.003    271.439    0.00003    6.93753    9.91442  302.48414     6.9525   15.60050 4.1078e-01     0.1595     0.3033 0.0000e+00
        457 344.613495    0.03167     1.8998    113.986     42.401  49474.424    31.0139     6.9579     42.000     6.9549    24.2862     6.0769     8.6845     87.599    264.958    271.393   -0.00004    6.93715    9.91388  302.46751     6.9543   15.59970 3.7367e-01     0.1559     0.3083 0.0000e+00
        461 344.613507    0.03195     1.9168    115.007     43.411  49474.276    31.0135     6.9591     43.000     6.9555    24.2858     6.0741     8.6806     87.561    264.838    271.270   -0.00034    6.93698    9.91363  302.45991     6.9554   15.59934 3.3896e-01     0.1480     0.3058 0.0000e+00
        465 344.613518    0.03221     1.9328    115.966     44.420  49475.624    31.0141     6.9595     44.000     6.9561    24.2862     6.0742     8.6805     87.563    264.840    271.272   -0.00030    6.93689    9.91351  302.45605     6.9557   15.59915 3.0797e-01     0.1485     0.3107 0.0000e+00
        469 344.613529    0.03247     1.9485    116.907     45.429  49478.471    31.0158     6.9605     45.000     6.9572    24.2874     6.0743     8.6807     87.568    264.846    271.278   -0.00027    6.93667    9.91319  302.44586     6.9565   15.59866 2.8064e-01     0.1434     0.3196 0.0000e+00
        472 344.613540    0.03274     1.9642    117.855     46.439  49480.184    31.0167     6.9619     46.000     6.9584    24.2880     6.0741     8.6805     87.568    264.836    271.269   -0.00025    6.93638    9.91278  302.43318     6.9579   15.59806 2.5595e-01     0.1476     0.3378 0.0000e+00
        476 344.613551    0.03301     1.9803    118.817     47.449  49480.142    31.0164     6.9627     47.000     6.9588    24.2876     6.0735     8.6796     87.561    264.810    271.242   -0.00029    6.93627    9.91263  302.42867     6.9586   15.59784 2.3375e-01     0.1496     0.3354 0.0000e+00
        480 344.613562    0.03326     1.9959    119.756     48.458  49481.992    31.0173     6.9632     48.000     6.9598    24.2883     6.0740     8.6803     87.569    264.831    271.263   -0.00024    6.93616    9.91246  302.42337     6.9590   15.59758 2.1350e-01     0.1389     0.3226 0.0000e+00
        484 344.613573    0.03352     2.0113    120.678     49.468  49488.816    31.0220     6.9654     49.000     6.9634    24.2917     6.0743     8.6808     87.582    264.845    271.279   -0.00016    6.93560    9.91165  302.39778     6.9611   15.59635 1.9568e-01     0.1523     0.3283 0.0000e+00
        487 344.613583    0.03378     2.0270    121.619     50.478  49497.526    31.0284     6.9704     50.000     6.9703    24.2961     6.0744     8.6809     87.597    264.847    271.281   -0.00012    6.93450    9.91009  302.34865     6.9660   15.59398 1.7960e-01     0.1572     0.3188 0.0000e+00
        491 344.613595    0.03405     2.0428    122.569     51.487  49512.748    31.0403     6.9807     51.000     6.9836    24.3041     6.0771     8.6848     87.663    264.964    271.403    0.00021    6.93230    9.90696  302.25077     6.9762   15.58926 1.6483e-01     0.1606     0.3221 0.0000e+00
        495 344.613605    0.03431     2.0582    123.494     52.498  49514.626    31.0434     6.9937     52.000     6.9937    24.3049     6.0793     8.6879     87.723    265.058    271.500    0.00047    6.93007    9.90376  302.15307     6.9892   15.58459 1.5131e-01     0.1500     0.3348 0.0000e+00
        498 344.613615    0.03454     2.0727    124.364     53.507  49516.488    31.0455     7.0011     53.000     6.9998    24.3056     6.0790     8.6874     87.735    265.044    271.486    0.00039    6.92879    9.90194  302.09706     6.9965   15.58191 1.3918e-01     0.1317     0.3418 0.0000e+00
