CTD-processing/allCTD/CNV/2015_07-29_t9_s04_cast144_5028.cnv
* Sea-Bird SBE19plus Data File:
* FileName = C:\Users\Kris.Holderied\Documents\kasitsna\Research-KBL\Oceanography-AK\CTD-Data-ALL-to-2015-06\2015-CTD-KachemakBay-CookInlet\2015-07-29-CookInlet-HomerSpit-Monthly\2015-07-29-CookInlet-Tran9-cast144.hex
* Software Version 1.59
* Temperature SN =  5028
* Conductivity SN =  5028
* System UpLoad Time = Aug 13 2015 18:47:19
** Cook Inlet LTM Transect 9 (monthly) North to South
** Date (YYYY-MM-DD): 2015-07-29
** Station (ie. 9-01):  9-04
** Start time (AKDT): 14:53
** Depth (m): 93
** Comment:  R/V Barnacle
** Comment:
# nquan = 27
# nvalues = 85                          
# units = specified
# name 0 = scan: Scan Count
# name 1 = timeJ: Julian Days
# name 2 = timeH: Time, Elapsed [hours]
# name 3 = timeM: Time, Elapsed [minutes]
# name 4 = timeS: Time, Elapsed [seconds]
# name 5 = prdM: Pressure, Strain Gauge [db]
# name 6 = specc: Specific Conductance [uS/cm]
# name 7 = sal00: Salinity, Practical [PSU]
# name 8 = tv290C: Temperature [ITS-90, deg C]
# name 9 = depSM: Depth [salt water, m], lat = 59.00
# name 10 = potemp090C: Potential Temperature [ITS-90, deg C]
# name 11 = sigma-é00: Density [sigma-theta, kg/m^3]
# name 12 = sbeox0ML/L: Oxygen, SBE 43 [ml/l]
# name 13 = sbeox0Mg/L: Oxygen, SBE 43 [mg/l]
# name 14 = sbeox0PS: Oxygen, SBE 43 [% saturation]
# name 15 = sbox0Mm/Kg: Oxygen, SBE 43 [umol/kg]
# name 16 = sbeox0Mm/L: Oxygen, SBE 43 [umol/l]
# name 17 = sbox0dV/dT: Oxygen, SBE 43 [dov/dt]
# name 18 = oxsolML/L: Oxygen Saturation, Garcia & Gordon [ml/l]
# name 19 = oxsolMg/L: Oxygen Saturation, Garcia & Gordon [mg/l]
# name 20 = oxsolMm/Kg: Oxygen Saturation, Garcia & Gordon [umol/kg]
# name 21 = potemp090C: Potential Temperature [ITS-90, deg C]
# name 22 = n2satMg/L: Nitrogen Saturation [mg/l]
# name 23 = par: PAR/Irradiance, Biospherical/Licor
# name 24 = flECO-AFL: Fluorescence, WET Labs ECO-AFL/FL [mg/m^3]
# name 25 = turbWETntu0: Turbidity, WET Labs ECO [NTU]
# name 26 = flag: flag
# span 0 =        199,        660       
# span 1 = 210.619738, 210.621075       
# span 2 =    0.01372,    0.04579       
# span 3 =     0.8234,     2.7479       
# span 4 =     49.404,    164.873       
# span 5 =      1.009,     85.821       
# span 6 =  38972.200,  49619.485       
# span 7 =    24.5126,    31.3424       
# span 8 =     8.4871,    14.4176       
# span 9 =      1.000,     85.000       
# span 10 =     8.4788,    14.4028      
# span 11 =    18.0190,    24.3335      
# span 12 =     5.5987,     6.4407      
# span 13 =     8.0011,     9.2045      
# span 14 =     83.748,    104.837      
# span 15 =    244.097,    281.805      
# span 16 =    250.037,    287.643      
# span 17 =   -0.03960,    0.05040      
# span 18 =    6.12002,    6.68509      
# span 19 =    8.74611,    9.55366      
# span 20 =  268.15330,  291.46369      
# span 21 =     8.4786,    14.4174      
# span 22 =   13.97838,   15.07320      
# span 23 = 6.1898e-02, 5.3402e+02      
# span 24 =     0.0340,     0.7843      
# span 25 =     0.4028,     2.0620      
# span 26 = 0.0000e+00, 0.0000e+00      
# interval = meters: 1                  
# start_time = Jul 29 2015 14:51:36 [Instrument's time stamp, header]
# bad_flag = -9.990e-29
*END*
[from data line 54]
        527 210.620689    0.03653     2.1916    131.495     55.527  49361.966    31.3003     9.3647     55.000     9.3573    24.1670     5.8632     8.3791     89.414    255.670    261.849   -0.00059    6.55733    9.37108  285.93997     9.3588   14.80940 9.6964e-02     0.1365     0.6263 0.0000e+00
        531 210.620701    0.03682     2.2093    132.559     56.536  49361.112    31.2987     9.3604     56.000     9.3509    24.1665     5.8634     8.3795     89.409    255.683    261.862   -0.00050    6.55801    9.37205  285.96982     9.3545   14.81083 9.1286e-02     0.1442     0.5974 0.0000e+00
        536 210.620714    0.03712     2.2272    133.631     57.546  49357.275    31.2942     9.3504     57.000     9.3353    24.1645     5.8619     8.3773     89.363    255.616    261.793   -0.00065    6.55965    9.37439  286.04183     9.3444   14.81430 8.6602e-02     0.1520     0.5607 0.0000e+00
        540 210.620725    0.03741     2.2449    134.693     58.556  49352.488    31.2873     9.3276     58.000     9.3052    24.1627     5.8604     8.3750     89.291    255.550    261.724   -0.00099    6.56327    9.37957  286.20034     9.3214   14.82190 8.2734e-02     0.1297     0.5477 0.0000e+00
        544 210.620738    0.03772     2.2630    135.783     59.565  49335.124    31.2684     9.2823     59.000     9.2390    24.1550     5.8576     8.3712     89.148    255.432    261.602   -0.00150    6.57066    9.39014  286.52480     9.2761   14.83749 7.9578e-02     0.1300     0.5587 0.0000e+00
        549 210.620751    0.03804     2.2822    136.934     60.575  49331.063    31.2508     9.1784     60.000     9.1211    24.1573     5.8392     8.3448     88.654    254.627    260.778   -0.00387    6.58658    9.41287  287.21805     9.1721   14.87070 7.6882e-02     0.1324     0.6087 0.0000e+00
        553 210.620765    0.03836     2.3017    138.103     61.585  49370.738    31.2626     9.0669     61.000     9.0214    24.1838     5.8206     8.3183     88.160    253.812    259.950   -0.00572    6.60241    9.43549  287.90080     9.0606   14.90329 7.4563e-02     0.1137     0.6239 0.0000e+00
        558 210.620778    0.03868     2.3210    139.257     62.594  49394.902    31.2662     8.9745     62.000     8.9295    24.2006     5.8113     8.3050     87.840    253.401    259.533   -0.00584    6.61584    9.45470  288.48218     8.9681   14.93106 7.2589e-02     0.1015     0.6845 0.0000e+00
        563 210.620792    0.03900     2.3397    140.384     63.605  49430.261    31.2791     8.8946     63.000     8.8587    24.2229     5.7947     8.2813     87.441    252.673    258.794   -0.00634    6.62708    9.47076  288.96580     8.8881   14.95412 7.0892e-02     0.0818     0.7934 0.0000e+00
        567 210.620805    0.03931     2.3586    141.515     64.614  49452.843    31.2853     8.8305     64.000     8.8010    24.2375     5.7711     8.2475     86.963    251.639    257.738   -0.00718    6.63631    9.48395  289.36415     8.8239   14.97313 6.9477e-02     0.0623     0.8298 0.0000e+00
        572 210.620818    0.03964     2.3783    142.696     65.624  49479.163    31.2969     8.7859     65.000     8.7672    24.2533     5.7488     8.2157     86.547    250.663    256.743   -0.00738    6.64243    9.49270  289.62655     8.7792   14.98562 6.8273e-02     0.0730     0.8637 0.0000e+00
        576 210.620831    0.03995     2.3972    143.832     66.634  49491.932    31.3019     8.7616     66.000     8.7471    24.2608     5.7394     8.2022     86.361    250.250    256.322   -0.00624    6.64582    9.49755  289.77238     8.7549   14.99256 6.7264e-02     0.0893     0.8821 0.0000e+00
        581 210.620844    0.04025     2.4151    144.907     67.643  49500.426    31.3052     8.7461     67.000     8.7338    24.2657     5.7347     8.1954     86.261    250.042    256.110   -0.00497    6.64798    9.50063  289.86515     8.7393   14.99698 6.6438e-02     0.0731     0.9173 0.0000e+00
        585 210.620857    0.04056     2.4337    146.021     68.653  49505.630    31.3067     8.7346     68.000     8.7222    24.2687     5.7283     8.1863     86.144    249.765    255.826   -0.00417    6.64963    9.50299  289.93629     8.7277   15.00037 6.5736e-02     0.0644     0.9139 0.0000e+00
        590 210.620870    0.04088     2.4529    147.173     69.663  49509.027    31.3066     8.7202     69.000     8.7062    24.2707     5.7230     8.1787     86.036    249.531    255.587   -0.00353    6.65177    9.50605  290.02907     8.7132   15.00481 6.5003e-02     0.0702     0.9118 0.0000e+00
        594 210.620883    0.04120     2.4720    148.319     70.673  49516.044    31.3089     8.7051     70.000     8.6928    24.2747     5.7161     8.1689     85.906    249.233    255.283   -0.00322    6.65393    9.50913  290.12183     8.6980   15.00923 6.4450e-02     0.0705     0.9433 0.0000e+00
        599 210.620896    0.04151     2.4907    149.444     71.682  49519.134    31.3089     8.6938     71.000     8.6817    24.2765     5.7136     8.1653     85.847    249.122    255.169   -0.00265    6.65561    9.51153  290.19468     8.6866   15.01272 6.4286e-02     0.0560     0.9935 0.0000e+00
        603 210.620909    0.04181     2.5087    150.523     72.692  49522.391    31.3093     8.6837     72.000     8.6725    24.2783     5.7058     8.1542     85.710    248.781    254.821   -0.00263    6.65709    9.51366  290.25895     8.6764   15.01578 6.3881e-02     0.0340     0.9539 0.0000e+00
        607 210.620921    0.04211     2.5270    151.619     73.702  49525.601    31.3100     8.6760     73.000     8.6657    24.2800     5.6987     8.1441     85.590    248.472    254.505   -0.00266    6.65822    9.51526  290.30736     8.6686   15.01810 6.3402e-02     0.0378     0.9339 0.0000e+00
        612 210.620934    0.04242     2.5453    152.718     74.712  49526.989    31.3096     8.6695     74.000     8.6590    24.2806     5.7007     8.1469     85.606    248.558    254.594   -0.00187    6.65921    9.51667  290.35031     8.6620   15.02015 6.3412e-02     0.0505     0.9238 0.0000e+00
        616 210.620947    0.04273     2.5634    153.804     75.722  49528.711    31.3094     8.6633     75.000     8.6527    24.2815     5.7042     8.1519     85.647    248.713    254.752   -0.00109    6.66014    9.51802  290.39099     8.6557   15.02209 6.3466e-02     0.0599     0.9198 0.0000e+00
        621 210.620960    0.04303     2.5816    154.895     76.731  49529.995    31.3089     8.6569     76.000     8.6458    24.2821     5.7022     8.1491     85.605    248.626    254.663   -0.00102    6.66112    9.51941  290.43335     8.6492   15.02412 6.3301e-02     0.0629     0.9326 0.0000e+00
        625 210.620972    0.04333     2.5999    155.992     77.742  49531.285    31.3082     8.6491     77.000     8.6372    24.2827     5.6963     8.1406     85.501    248.367    254.398   -0.00139    6.66231    9.52112  290.48518     8.6413   15.02660 6.3010e-02     0.0678     0.9397 0.0000e+00
        629 210.620985    0.04364     2.6184    157.106     78.751  49533.294    31.3077     8.6389     78.000     8.6229    24.2838     5.6957     8.1398     85.472    248.341    254.372   -0.00122    6.66385    9.52331  290.55199     8.6311   15.02979 6.2733e-02     0.0620     0.9075 0.0000e+00
        634 210.620998    0.04395     2.6371    158.228     79.761  49540.029    31.3083     8.6139     79.000     8.5886    24.2880     5.6936     8.1367     85.392    248.246    254.275   -0.00128    6.66757    9.52862  290.71281     8.6059   15.03747 6.2703e-02     0.0520     0.9294 0.0000e+00
        638 210.621011    0.04427     2.6559    159.355     80.770  49562.800    31.3178     8.5733     80.000     8.5476    24.3015     5.6805     8.1181     85.124    247.673    253.692   -0.00245    6.67323    9.53671  290.95589     8.5653   15.04905 6.2577e-02     0.0477     1.0423 0.0000e+00
        643 210.621023    0.04455     2.6733    160.398     81.780  49583.281    31.3264     8.5380     81.000     8.5156    24.3134     5.6605     8.0895     84.763    246.800    252.801   -0.00388    6.67815    9.54374  291.16681     8.5299   15.05909 6.2110e-02     0.0657     1.1592 0.0000e+00
        647 210.621035    0.04483     2.6901    161.405     82.791  49598.184    31.3324     8.5111     82.000     8.4933    24.3221     5.6411     8.0617     84.424    245.950    251.932   -0.00489    6.68193    9.54914  291.32896     8.5029   15.06680 6.1898e-02     0.0652     1.3979 0.0000e+00
        651 210.621047    0.04512     2.7073    162.436     83.801  49611.424    31.3388     8.4947     83.000     8.4828    24.3295     5.6246     8.0380     84.148    245.225    251.191   -0.00515    6.68411    9.55226  291.42216     8.4864   15.07124 6.2251e-02     0.0506     1.7467 0.0000e+00
        655 210.621059    0.04542     2.7253    163.518     84.810  49616.797    31.3413     8.4892     84.000     8.4798    24.3323     5.6094     8.0164     83.913    244.565    250.516   -0.00508    6.68483    9.55329  291.45270     8.4808   15.07268 6.2307e-02     0.0634     1.9976 0.0000e+00
        660 210.621075    0.04579     2.7479    164.873     85.821  49619.485    31.3424     8.4871     85.000     8.4788    24.3335     5.5987     8.0011     83.748    244.097    250.037   -0.00439    6.68509    9.55366  291.46369     8.4786   15.07320 6.2252e-02     0.0650     2.0620 0.0000e+00
