CTD-processing/allCTD/CNV/2015_04-12_t3_s10_cast047_5028.cnv
* Sea-Bird SBE19plus Data File:
* FileName = C:\Users\kris.holderied\Documents\kasitsna\Research-Projects-and-Data\Oceanography-AK\CTD-Data-ALL-to-2015-02\2015-CTD-KachemakBay-CookInlet\2015-04-EVOSTC-CookInlet-quarterly\2015-04-12-CookInlet-Tran3-AnchorPt\20125_04_12_CookInlet_Tran3_cast047.hex
* Software Version 1.59
* Temperature SN =  5028
* Conductivity SN =  5028
* System UpLoad Time = Apr 12 2015 19:50:38
** Cook Inlet LTM Tran3 (Anchor Pt) Southeast to Northwest
** Date: 04-12
** Station: 3-10
** Start time (AKDT): 16:25
** Depth (m): 45
** Comment:  KBL CTD.
** Comment: On R/V Pandalus.
# nquan = 27
# nvalues = 44                          
# units = specified
# name 0 = scan: Scan Count
# name 1 = timeJ: Julian Days
# name 2 = timeH: Time, Elapsed [hours]
# name 3 = timeM: Time, Elapsed [minutes]
# name 4 = timeS: Time, Elapsed [seconds]
# name 5 = prdM: Pressure, Strain Gauge [db]
# name 6 = specc: Specific Conductance [uS/cm]
# name 7 = sal00: Salinity, Practical [PSU]
# name 8 = tv290C: Temperature [ITS-90, deg C]
# name 9 = depSM: Depth [salt water, m], lat = 59.00
# name 10 = potemp090C: Potential Temperature [ITS-90, deg C]
# name 11 = sigma-é00: Density [sigma-theta, kg/m^3]
# name 12 = sbeox0ML/L: Oxygen, SBE 43 [ml/l]
# name 13 = sbeox0Mg/L: Oxygen, SBE 43 [mg/l]
# name 14 = sbeox0PS: Oxygen, SBE 43 [% saturation]
# name 15 = sbox0Mm/Kg: Oxygen, SBE 43 [umol/kg]
# name 16 = sbeox0Mm/L: Oxygen, SBE 43 [umol/l]
# name 17 = sbox0dV/dT: Oxygen, SBE 43 [dov/dt]
# name 18 = oxsolML/L: Oxygen Saturation, Garcia & Gordon [ml/l]
# name 19 = oxsolMg/L: Oxygen Saturation, Garcia & Gordon [mg/l]
# name 20 = oxsolMm/Kg: Oxygen Saturation, Garcia & Gordon [umol/kg]
# name 21 = potemp090C: Potential Temperature [ITS-90, deg C]
# name 22 = n2satMg/L: Nitrogen Saturation [mg/l]
# name 23 = par: PAR/Irradiance, Biospherical/Licor
# name 24 = flECO-AFL: Fluorescence, WET Labs ECO-AFL/FL [mg/m^3]
# name 25 = turbWETntu0: Turbidity, WET Labs ECO [NTU]
# name 26 = flag: flag
# span 0 =        212,        453       
# span 1 = 102.685253, 102.685950       
# span 2 =    0.01467,    0.03141       
# span 3 =     0.8803,     1.8846       
# span 4 =     52.818,    113.077       
# span 5 =      1.010,     44.420       
# span 6 =  50664.376,  50754.136       
# span 7 =    31.5656,    31.6120       
# span 8 =     5.1349,     5.6516       
# span 9 =      1.000,     44.000       
# span 10 =     5.1739,     5.6495      
# span 11 =    24.9176,    24.9380      
# span 12 =     6.1519,     6.7991      
# span 13 =     8.7917,     9.7166      
# span 14 =     85.326,     95.388      
# span 15 =    268.061,    296.266      
# span 16 =    274.745,    303.649      
# span 17 =   -0.00048,    0.00533      
# span 18 =    7.12404,    7.21490      
# span 19 =   10.18097,   10.31080      
# span 20 =  310.42464,  314.37709      
# span 21 =     5.1348,     5.6515      
# span 22 =   15.97647,   16.16484      
# span 23 = 2.6717e-01, 8.6489e+01      
# span 24 =     0.5746,     0.8736      
# span 25 =     0.4523,     0.5333      
# span 26 = 0.0000e+00, 0.0000e+00      
# interval = meters: 1                  
# start_time = Apr 12 2015 16:25:53 [Instrument's time stamp, header]
# bad_flag = -9.990e-29
*END*
        212 102.685253    0.01467     0.8803     52.818      1.010  50754.136    31.5656     5.1349      1.000     5.1739    24.9380     6.1519     8.7917     85.326    268.061    274.745    0.00340    7.21490   10.31080  314.37709     5.1348   16.16484 8.6489e+01     0.5746     0.4523 0.0000e+00
        312 102.685543    0.02163     1.2975     77.852      2.019  50664.376    31.6120     5.6516      2.000     5.6495    24.9176     6.7863     9.6983     95.246    295.706    303.075    0.00533    7.12404   10.18097  310.42464     5.6515   15.97647 7.0348e+01     0.6292     0.4701 0.0000e+00
        309 102.685533    0.02142     1.2850     77.099      3.028  50670.552    31.6091     5.6198      3.000     5.6200    24.9188     6.7508     9.6475     94.686    294.159    301.488    0.00432    7.12964   10.18896  310.66805     5.6195   15.98807 5.3561e+01     0.6671     0.4845 0.0000e+00
        312 102.685542    0.02162     1.2968     77.810      4.038  50670.633    31.6088     5.6204      4.000     5.6201    24.9185     6.7569     9.6563     94.773    294.427    301.764    0.00391    7.12955   10.18883  310.66438     5.6201   15.98789 4.3658e+01     0.7261     0.4772 0.0000e+00
        315 102.685550    0.02181     1.3084     78.502      5.047  50671.221    31.6087     5.6204      5.000     5.6199    24.9184     6.7624     9.6642     94.851    294.666    302.009    0.00354    7.12956   10.18885  310.66482     5.6200   15.98791 3.6793e+01     0.7756     0.4674 0.0000e+00
        318 102.685559    0.02203     1.3222     79.334      6.057  50672.076    31.6088     5.6205      6.000     5.6202    24.9185     6.7689     9.6734     94.941    294.947    302.297    0.00318    7.12952   10.18880  310.66321     5.6200   15.98784 3.2467e+01     0.8307     0.4626 0.0000e+00
        322 102.685571    0.02232     1.3394     80.367      7.066  50672.416    31.6086     5.6207      7.000     5.6200    24.9183     6.7744     9.6813     95.019    295.190    302.545    0.00271    7.12951   10.18878  310.66254     5.6201   15.98781 2.9399e+01     0.8736     0.4640 0.0000e+00
        326 102.685582    0.02257     1.3541     81.248      8.076  50673.529    31.6089     5.6205      8.000     5.6198    24.9185     6.7761     9.6837     95.042    295.263    302.621    0.00214    7.12953   10.18881  310.66331     5.6199   15.98784 2.5995e+01     0.8628     0.4745 0.0000e+00
        329 102.685589    0.02276     1.3655     81.930      9.085  50674.691    31.6092     5.6205      9.000     5.6199    24.9188     6.7775     9.6858     95.063    295.325    302.684    0.00177    7.12951   10.18879  310.66257     5.6198   15.98781 2.2758e+01     0.8465     0.4604 0.0000e+00
        331 102.685597    0.02295     1.3765     82.591     10.095  50675.724    31.6094     5.6206     10.000     5.6200    24.9190     6.7799     9.6891     95.096    295.427    302.789    0.00155    7.12948   10.18874  310.66118     5.6199   15.98774 2.0006e+01     0.8227     0.4552 0.0000e+00
        334 102.685606    0.02315     1.3892     83.355     11.104  50676.783    31.6097     5.6210     11.000     5.6206    24.9192     6.7824     9.6926     95.132    295.534    302.899    0.00138    7.12940   10.18864  310.65797     5.6202   15.98759 1.7966e+01     0.7894     0.4794 0.0000e+00
        338 102.685617    0.02342     1.4052     84.311     12.114  50677.811    31.6102     5.6222     12.000     5.6219    24.9195     6.7850     9.6965     95.173    295.652    303.020    0.00118    7.12918   10.18831  310.64790     5.6213   15.98710 1.6462e+01     0.7666     0.4983 0.0000e+00
        342 102.685629    0.02369     1.4216     85.296     13.123  50677.748    31.6099     5.6232     13.000     5.6224    24.9191     6.7864     9.6984     95.193    295.711    303.080    0.00095    7.12903   10.18809  310.64140     5.6223   15.98680 1.4846e+01     0.7354     0.4962 0.0000e+00
        346 102.685638    0.02393     1.4357     86.142     14.133  50678.495    31.6100     5.6236     14.000     5.6226    24.9191     6.7844     9.6955     95.166    295.624    302.991    0.00052    7.12896   10.18800  310.63860     5.6225   15.98666 1.3193e+01     0.7327     0.4970 0.0000e+00
        349 102.685647    0.02415     1.4486     86.914     15.142  50679.108    31.6100     5.6238     15.000     5.6227    24.9191     6.7826     9.6930     95.142    295.548    302.912    0.00019    7.12892   10.18794  310.63667     5.6227   15.98657 1.1703e+01     0.7313     0.5158 0.0000e+00
        352 102.685656    0.02436     1.4617     87.701     16.152  50680.247    31.6103     5.6241     16.000     5.6232    24.9194     6.7841     9.6951     95.163    295.610    302.976    0.00016    7.12886   10.18785  310.63405     5.6228   15.98645 1.0368e+01     0.7284     0.5225 0.0000e+00
        355 102.685666    0.02458     1.4751     88.505     17.162  50681.335    31.6107     5.6248     17.000     5.6241    24.9196     6.7871     9.6995     95.208    295.744    303.113    0.00032    7.12872   10.18765  310.62777     5.6235   15.98615 9.1638e+00     0.7293     0.5060 0.0000e+00
        358 102.685674    0.02480     1.4879     89.274     18.171  50681.640    31.6106     5.6257     18.000     5.6246    24.9195     6.7901     9.7038     95.252    295.874    303.247    0.00042    7.12857   10.18744  310.62162     5.6243   15.98585 8.0710e+00     0.7308     0.4927 0.0000e+00
        361 102.685684    0.02502     1.5014     90.082     19.180  50681.810    31.6103     5.6261     19.000     5.6248    24.9192     6.7915     9.7057     95.271    295.932    303.307    0.00040    7.12852   10.18736  310.61914     5.6247   15.98574 7.1178e+00     0.7169     0.4802 0.0000e+00
        365 102.685695    0.02530     1.5177     91.064     20.190  50682.239    31.6102     5.6265     20.000     5.6249    24.9191     6.7911     9.7051     95.267    295.916    303.290    0.00021    7.12846   10.18729  310.61688     5.6249   15.98563 6.3047e+00     0.7127     0.4832 0.0000e+00
        369 102.685707    0.02557     1.5342     92.050     21.199  50683.166    31.6104     5.6266     21.000     5.6251    24.9192     6.7876     9.7001     95.219    295.764    303.135   -0.00014    7.12841   10.18723  310.61493     5.6250   15.98554 5.5514e+00     0.7163     0.5193 0.0000e+00
        372 102.685716    0.02578     1.5470     92.821     22.209  50683.959    31.6105     5.6269     22.000     5.6253    24.9192     6.7859     9.6977     95.196    295.690    303.059   -0.00038    7.12837   10.18715  310.61285     5.6252   15.98544 4.8527e+00     0.7210     0.5333 0.0000e+00
        375 102.685723    0.02598     1.5590     93.538     23.219  50684.405    31.6104     5.6271     23.000     5.6254    24.9191     6.7882     9.7010     95.228    295.790    303.161   -0.00021    7.12835   10.18712  310.61176     5.6253   15.98539 4.2357e+00     0.7254     0.5208 0.0000e+00
        378 102.685733    0.02621     1.5729     94.372     24.228  50684.987    31.6104     5.6273     24.000     5.6255    24.9191     6.7933     9.7083     95.300    296.011    303.388    0.00015    7.12832   10.18707  310.61033     5.6254   15.98532 3.7124e+00     0.7284     0.5119 0.0000e+00
        383 102.685746    0.02651     1.5903     95.419     25.237  50685.479    31.6102     5.6275     25.000     5.6254    24.9189     6.7956     9.7117     95.334    296.115    303.494    0.00028    7.12830   10.18705  310.60968     5.6255   15.98529 3.2706e+00     0.7292     0.5103 0.0000e+00
        387 102.685758    0.02682     1.6087     96.519     26.246  50686.381    31.6103     5.6274     26.000     5.6253    24.9191     6.7934     9.7085     95.302    296.018    303.394   -0.00004    7.12830   10.18705  310.60977     5.6254   15.98529 2.8772e+00     0.7106     0.4910 0.0000e+00
        391 102.685769    0.02704     1.6229     97.376     27.256  50687.566    31.6107     5.6274     27.000     5.6255    24.9194     6.7941     9.7095     95.312    296.049    303.427   -0.00008    7.12827   10.18702  310.60850     5.6254   15.98523 2.5174e+00     0.7141     0.5019 0.0000e+00
        393 102.685776    0.02724     1.6345     98.069     28.266  50688.455    31.6109     5.6278     28.000     5.6260    24.9195     6.7936     9.7089     95.307    296.028    303.405   -0.00012    7.12820   10.18691  310.60536     5.6256   15.98508 2.1950e+00     0.7246     0.5103 0.0000e+00
        396 102.685784    0.02744     1.6462     98.770     29.276  50689.177    31.6110     5.6285     29.000     5.6267    24.9195     6.7935     9.7086     95.306    296.020    303.397   -0.00021    7.12809   10.18676  310.60057     5.6262   15.98485 1.8993e+00     0.7391     0.5106 0.0000e+00
        400 102.685795    0.02768     1.6610     99.659     30.285  50689.142    31.6107     5.6291     30.000     5.6269    24.9191     6.7965     9.7128     95.348    296.149    303.529   -0.00001    7.12799   10.18662  310.59640     5.6269   15.98465 1.6567e+00     0.7434     0.5041 0.0000e+00
        404 102.685808    0.02802     1.6809    100.854     31.295  50689.337    31.6103     5.6290     31.000     5.6263    24.9189     6.7951     9.7108     95.328    296.088    303.467   -0.00012    7.12803   10.18667  310.59811     5.6266   15.98474 1.4614e+00     0.7613     0.5039 0.0000e+00
        408 102.685820    0.02829     1.6977    101.863     32.305  50690.279    31.6103     5.6286     32.000     5.6260    24.9190     6.7913     9.7054     95.275    295.925    303.299   -0.00048    7.12809   10.18676  310.60094     5.6261   15.98487 1.2828e+00     0.7567     0.4994 0.0000e+00
        412 102.685829    0.02851     1.7106    102.638     33.314  50691.188    31.6105     5.6284     33.000     5.6257    24.9191     6.7937     9.7089     95.309    296.032    303.409   -0.00030    7.12812   10.18680  310.60219     5.6258   15.98493 1.1253e+00     0.7688     0.4998 0.0000e+00
        414 102.685837    0.02871     1.7227    103.360     34.324  50691.911    31.6105     5.6283     34.000     5.6256    24.9192     6.7963     9.7127     95.346    296.146    303.526   -0.00006    7.12814   10.18682  310.60271     5.6257   15.98496 9.8344e-01     0.7723     0.4909 0.0000e+00
        418 102.685847    0.02893     1.7357    104.139     35.333  50692.692    31.6105     5.6282     35.000     5.6254    24.9192     6.7957     9.7117     95.335    296.116    303.494   -0.00014    7.12816   10.18685  310.60329     5.6255   15.98499 8.6107e-01     0.7659     0.5007 0.0000e+00
        422 102.685858    0.02922     1.7529    105.174     36.343  50693.667    31.6106     5.6281     36.000     5.6253    24.9193     6.7954     9.7113     95.331    296.103    303.482   -0.00022    7.12816   10.18686  310.60366     5.6253   15.98500 7.5488e-01     0.7448     0.5002 0.0000e+00
        427 102.685874    0.02958     1.7748    106.487     37.353  50694.239    31.6106     5.6283     37.000     5.6254    24.9193     6.7961     9.7122     95.341    296.133    303.512   -0.00015    7.12814   10.18683  310.60279     5.6254   15.98496 6.5855e-01     0.7299     0.5000 0.0000e+00
        431 102.685886    0.02988     1.7927    107.562     38.362  50694.941    31.6106     5.6284     38.000     5.6254    24.9193     6.7951     9.7110     95.329    296.093    303.472   -0.00024    7.12813   10.18680  310.60204     5.6254   15.98493 5.7611e-01     0.7395     0.5074 0.0000e+00
        435 102.685896    0.03012     1.8070    108.417     39.372  50695.701    31.6107     5.6284     39.000     5.6254    24.9193     6.7962     9.7125     95.344    296.139    303.519   -0.00020    7.12811   10.18679  310.60150     5.6254   15.98490 5.0518e-01     0.7550     0.5075 0.0000e+00
        438 102.685906    0.03034     1.8203    109.217     40.382  50696.573    31.6108     5.6286     40.000     5.6255    24.9195     6.7978     9.7147     95.366    296.208    303.589   -0.00008    7.12808   10.18674  310.60012     5.6255   15.98483 4.4487e-01     0.7500     0.5018 0.0000e+00
        442 102.685916    0.03059     1.8357    110.139     41.391  50697.179    31.6108     5.6288     41.000     5.6256    24.9194     6.7986     9.7159     95.378    296.242    303.625   -0.00007    7.12805   10.18669  310.59850     5.6256   15.98476 3.9298e-01     0.7232     0.4914 0.0000e+00
        446 102.685928    0.03088     1.8531    111.190     42.400  50697.930    31.6109     5.6289     42.000     5.6257    24.9195     6.7981     9.7152     95.372    296.222    303.604   -0.00012    7.12802   10.18666  310.59752     5.6256   15.98471 3.4605e-01     0.7056     0.4778 0.0000e+00
        450 102.685939    0.03115     1.8688    112.130     43.410  50698.923    31.6111     5.6293     43.000     5.6262    24.9197     6.7980     9.7150     95.371    296.215    303.597   -0.00020    7.12794   10.18654  310.59392     5.6260   15.98453 3.0303e-01     0.7360     0.4868 0.0000e+00
        453 102.685950    0.03141     1.8846    113.077     44.420  50699.144    31.6109     5.6297     44.000     5.6263    24.9194     6.7991     9.7166     95.388    296.266    303.649   -0.00011    7.12788   10.18645  310.59130     5.6264   15.98441 2.6717e-01     0.7582     0.5114 0.0000e+00
