CTD-processing/allCTD/CNV/2015_09-04_t9_s09_cast177_5028.cnv
* Sea-Bird SBE19plus Data File:
* FileName = C:\Users\Kris.Holderied\Documents\kasitsna\Research-KBL\Oceanography-AK\CTD-Data-ALL-to-2015-06\2015-CTD-KachemakBay-CookInlet\2015-09-04-CookInlet-HomerSpit-Monthly\2015-09-04-CookInlet-Tran9-cast177.hex
* Software Version 1.59
* Temperature SN =  5028
* Conductivity SN =  5028
* System UpLoad Time = Oct 19 2015 12:08:34
** Cook Inlet LTM Transect 9 Homer Spit Monthly

** Date: 09-04
** Station: 9-09
** Start time (AKDT): 09:50
** Depth (m): 78
** Comment:  R/V Barnacle
** Comment:
# nquan = 27
# nvalues = 71                          
# units = specified
# name 0 = scan: Scan Count
# name 1 = timeJ: Julian Days
# name 2 = timeH: Time, Elapsed [hours]
# name 3 = timeM: Time, Elapsed [minutes]
# name 4 = timeS: Time, Elapsed [seconds]
# name 5 = prdM: Pressure, Strain Gauge [db]
# name 6 = specc: Specific Conductance [uS/cm]
# name 7 = sal00: Salinity, Practical [PSU]
# name 8 = tv290C: Temperature [ITS-90, deg C]
# name 9 = depSM: Depth [salt water, m], lat = 59.00
# name 10 = potemp090C: Potential Temperature [ITS-90, deg C]
# name 11 = sigma-é00: Density [sigma-theta, kg/m^3]
# name 12 = sbeox0ML/L: Oxygen, SBE 43 [ml/l]
# name 13 = sbeox0Mg/L: Oxygen, SBE 43 [mg/l]
# name 14 = sbeox0PS: Oxygen, SBE 43 [% saturation]
# name 15 = sbox0Mm/Kg: Oxygen, SBE 43 [umol/kg]
# name 16 = sbeox0Mm/L: Oxygen, SBE 43 [umol/l]
# name 17 = sbox0dV/dT: Oxygen, SBE 43 [dov/dt]
# name 18 = oxsolML/L: Oxygen Saturation, Garcia & Gordon [ml/l]
# name 19 = oxsolMg/L: Oxygen Saturation, Garcia & Gordon [mg/l]
# name 20 = oxsolMm/Kg: Oxygen Saturation, Garcia & Gordon [umol/kg]
# name 21 = potemp090C: Potential Temperature [ITS-90, deg C]
# name 22 = n2satMg/L: Nitrogen Saturation [mg/l]
# name 23 = par: PAR/Irradiance, Biospherical/Licor
# name 24 = flECO-AFL: Fluorescence, WET Labs ECO-AFL/FL [mg/m^3]
# name 25 = turbWETntu0: Turbidity, WET Labs ECO [NTU]
# name 26 = flag: flag
# span 0 =        290,        551       
# span 1 = 247.410548, 247.411300       
# span 2 =    0.02009,    0.03817       
# span 3 =     1.2055,     2.2900       
# span 4 =     72.328,    137.397       
# span 5 =      1.010,     71.683       
# span 6 =  47403.447,  49647.457       
# span 7 =    30.1135,    31.4758       
# span 8 =     9.2312,    10.7356       
# span 9 =      1.000,     71.000       
# span 10 =     9.2239,    10.7183      
# span 11 =    23.0182,    24.3253      
# span 12 =     5.3119,     5.6591      
# span 13 =     7.5913,     8.0874      
# span 14 =     81.584,     88.258      
# span 15 =    231.666,    247.049      
# span 16 =    237.231,    252.736      
# span 17 =   -0.01223,    0.02346      
# span 18 =    6.40966,    6.56929      
# span 19 =    9.16005,    9.38816      
# span 20 =  279.76967,  286.41712      
# span 21 =     9.2238,    10.7355      
# span 22 =   14.51820,   14.83150      
# span 23 = 5.7707e-02, 6.2101e+01      
# span 24 =     0.3556,     1.5967      
# span 25 =     0.7158,     1.8743      
# span 26 = 0.0000e+00, 0.0000e+00      
# interval = meters: 1                  
# start_time = Sep 04 2015 09:49:59 [Instrument's time stamp, header]
# bad_flag = -9.990e-29
*END*
[from data line 54]
        486 247.411115    0.03370     2.0219    121.313     55.526  49603.385    31.4634     9.3154     55.000     9.3059    24.3021     5.3714     7.6763     81.911    234.196    239.887   -0.00035    6.55759    9.37145  285.91348     9.3096   14.80747 5.8299e-02     0.3956     1.4449 0.0000e+00
        490 247.411126    0.03396     2.0373    122.236     56.537  49606.721    31.4644     9.3085     56.000     9.2986    24.3040     5.3730     7.6786     81.924    234.265    239.959   -0.00026    6.55856    9.37283  285.95514     9.3025   14.80946 5.8276e-02     0.3936     1.4253 0.0000e+00
        494 247.411136    0.03422     2.0532    123.193     57.546  49609.877    31.4652     9.3012     57.000     9.2906    24.3057     5.3746     7.6808     81.935    234.333    240.028   -0.00017    6.55958    9.37429  285.99938     9.2951   14.81157 5.8221e-02     0.3910     1.4181 0.0000e+00
        498 247.411148    0.03449     2.0696    124.174     58.556  49613.901    31.4663     9.2919     58.000     9.2811    24.3081     5.3775     7.6850     81.963    234.459    240.158   -0.00005    6.56088    9.37615  286.05523     9.2858   14.81424 5.8185e-02     0.3914     1.4395 0.0000e+00
        502 247.411159    0.03476     2.0858    125.149     59.565  49618.674    31.4680     9.2833     59.000     9.2733    24.3108     5.3809     7.6897     81.999    234.605    240.308    0.00013    6.56205    9.37783  286.10582     9.2771   14.81665 5.8124e-02     0.3835     1.4983 0.0000e+00
        506 247.411171    0.03505     2.1028    126.166     60.574  49622.966    31.4696     9.2762     60.000     9.2669    24.3132     5.3811     7.6900     81.990    234.613    240.318    0.00001    6.56302    9.37921  286.14728     9.2699   14.81863 5.8079e-02     0.3867     1.5367 0.0000e+00
        510 247.411183    0.03533     2.1196    127.178     61.585  49625.842    31.4704     9.2703     61.000     9.2611    24.3148     5.3809     7.6897     81.977    234.605    240.309   -0.00017    6.56385    9.38039  286.18281     9.2639   14.82032 5.8034e-02     0.4058     1.5373 0.0000e+00
        514 247.411195    0.03563     2.1380    128.281     62.594  49628.743    31.4712     9.2648     62.000     9.2558    24.3163     5.3830     7.6929     82.001    234.699    240.406   -0.00005    6.56460    9.38148  286.21547     9.2583   14.82188 5.7998e-02     0.4128     1.5447 0.0000e+00
        519 247.411208    0.03594     2.1563    129.377     63.604  49629.544    31.4705     9.2588     63.000     9.2484    24.3167     5.3848     7.6955     82.017    234.778    240.487    0.00001    6.56551    9.38277  286.25489     9.2522   14.82377 5.7951e-02     0.4139     1.5645 0.0000e+00
        523 247.411220    0.03622     2.1730    130.378     64.614  49632.040    31.4708     9.2511     64.000     9.2402    24.3181     5.3843     7.6948     81.995    234.755    240.464   -0.00016    6.56661    9.38434  286.30257     9.2444   14.82605 5.7897e-02     0.4100     1.6435 0.0000e+00
        526 247.411231    0.03649     2.1890    131.340     65.624  49635.855    31.4719     9.2433     65.000     9.2329    24.3202     5.3833     7.6933     81.966    234.710    240.419   -0.00039    6.56770    9.38590  286.34956     9.2365   14.82829 5.7854e-02     0.4104     1.7079 0.0000e+00
        530 247.411242    0.03675     2.2048    132.289     66.633  49640.578    31.4740     9.2375     66.000     9.2288    24.3227     5.3862     7.6975     82.001    234.838    240.550   -0.00017    6.56845    9.38697  286.38149     9.2306   14.82981 5.7839e-02     0.4099     1.7776 0.0000e+00
        534 247.411253    0.03700     2.2203    133.220     67.643  49643.182    31.4750     9.2347     67.000     9.2268    24.3240     5.3908     7.7040     82.066    235.035    240.752    0.00020    6.56883    9.38751  286.39742     9.2277   14.83056 5.7826e-02     0.4098     1.8492 0.0000e+00
        538 247.411263    0.03726     2.2357    134.143     68.653  49644.527    31.4753     9.2334     68.000     9.2258    24.3245     5.3937     7.7080     82.107    235.158    240.879    0.00037    6.56900    9.38775  286.40471     9.2262   14.83091 5.7775e-02     0.4097     1.8743 0.0000e+00
        541 247.411274    0.03752     2.2511    135.067     69.663  49645.369    31.4754     9.2327     69.000     9.2250    24.3246     5.3939     7.7085     82.110    235.172    240.893    0.00024    6.56910    9.38790  286.40904     9.2255   14.83112 5.7746e-02     0.4083     1.8216 0.0000e+00
        545 247.411286    0.03780     2.2679    136.074     70.673  49646.430    31.4756     9.2320     70.000     9.2243    24.3249     5.3933     7.7076     82.100    235.145    240.865    0.00005    6.56919    9.38803  286.41305     9.2247   14.83131 5.7730e-02     0.4054     1.8088 0.0000e+00
        551 247.411300    0.03817     2.2900    137.397     71.683  49647.457    31.4758     9.2312     71.000     9.2239    24.3253     5.3919     7.7056     82.078    235.086    240.804   -0.00018    6.56929    9.38816  286.41712     9.2238   14.83150 5.7707e-02     0.4190     1.8293 0.0000e+00
