CTD-processing/allCTD/CNV/2015_06-26_t9_s09_cast107_5028.cnv
* Sea-Bird SBE19plus Data File:
* FileName = C:\Users\Kris.Holderied\Documents\kasitsna\Research-KBL\Oceanography-AK\CTD-Data-ALL-to-2015-04\2015-CTD-KachemakBay-CookInlet\2015-06-26-CookInlet-HomerSpit-Monthly\2015-06-26-CookInlet-Tran9-cast107.hex
* Software Version 1.59
* Temperature SN =  5028
* Conductivity SN =  5028
* System UpLoad Time = Jul 03 2015 13:40:11
** Cook Inlet LTM Tran 9 (Homer Spit) North to South
** Date: 06-26
** Station: 9-09
** Start time (AKDT): 11:15
** Depth (m): 80.2
** Comment:  R/V Barnacle
** Comment:
# nquan = 27
# nvalues = 82                          
# units = specified
# name 0 = scan: Scan Count
# name 1 = timeJ: Julian Days
# name 2 = timeH: Time, Elapsed [hours]
# name 3 = timeM: Time, Elapsed [minutes]
# name 4 = timeS: Time, Elapsed [seconds]
# name 5 = prdM: Pressure, Strain Gauge [db]
# name 6 = specc: Specific Conductance [uS/cm]
# name 7 = sal00: Salinity, Practical [PSU]
# name 8 = tv290C: Temperature [ITS-90, deg C]
# name 9 = depSM: Depth [salt water, m], lat = 59.00
# name 10 = potemp090C: Potential Temperature [ITS-90, deg C]
# name 11 = sigma-é00: Density [sigma-theta, kg/m^3]
# name 12 = sbeox0ML/L: Oxygen, SBE 43 [ml/l]
# name 13 = sbeox0Mg/L: Oxygen, SBE 43 [mg/l]
# name 14 = sbeox0PS: Oxygen, SBE 43 [% saturation]
# name 15 = sbox0Mm/Kg: Oxygen, SBE 43 [umol/kg]
# name 16 = sbeox0Mm/L: Oxygen, SBE 43 [umol/l]
# name 17 = sbox0dV/dT: Oxygen, SBE 43 [dov/dt]
# name 18 = oxsolML/L: Oxygen Saturation, Garcia & Gordon [ml/l]
# name 19 = oxsolMg/L: Oxygen Saturation, Garcia & Gordon [mg/l]
# name 20 = oxsolMm/Kg: Oxygen Saturation, Garcia & Gordon [umol/kg]
# name 21 = potemp090C: Potential Temperature [ITS-90, deg C]
# name 22 = n2satMg/L: Nitrogen Saturation [mg/l]
# name 23 = par: PAR/Irradiance, Biospherical/Licor
# name 24 = flECO-AFL: Fluorescence, WET Labs ECO-AFL/FL [mg/m^3]
# name 25 = turbWETntu0: Turbidity, WET Labs ECO [NTU]
# name 26 = flag: flag
# span 0 =        190,        613       
# span 1 = 177.468730, 177.469955       
# span 2 =    0.01315,    0.04252       
# span 3 =     0.7889,     2.5512       
# span 4 =     47.336,    153.069       
# span 5 =      1.009,     82.791       
# span 6 =  41908.042,  50025.737       
# span 7 =    26.4732,    31.4354       
# span 8 =     7.2376,    12.7720       
# span 9 =      1.000,     82.000       
# span 10 =     7.2321,    12.7330      
# span 11 =    19.8396,    24.5748      
# span 12 =     6.3134,     8.4962      
# span 13 =     9.0225,    12.1419      
# span 14 =     91.959,    127.451      
# span 15 =    275.193,    370.492      
# span 16 =    281.955,    379.439      
# span 17 =   -0.06068,    0.05823      
# span 18 =    6.24228,    6.87522      
# span 19 =    8.92084,    9.82538      
# span 20 =  272.94060,  299.68957      
# span 21 =     7.2320,    12.7719      
# span 22 =   14.19869,   15.46564      
# span 23 = 4.7136e-02, 1.6836e+02      
# span 24 =     0.1203,    10.7269      
# span 25 =     0.2291,     1.2421      
# span 26 = 0.0000e+00, 0.0000e+00      
# interval = meters: 1                  
# start_time = Jun 26 2015 11:14:11 [Instrument's time stamp, header]
# bad_flag = -9.990e-29
*END*
        190 177.468730    0.01315     0.7889     47.336      1.009  41908.042    26.4732    12.7720      1.000    12.7330    19.8396     6.4057     9.1544    102.036    280.499    286.078    0.00940    6.28279    8.97873  275.14203    12.7719   14.31208 1.6836e+02     0.3772     1.2421 0.0000e+00
        296 177.469038    0.02052     1.2309     73.852      2.019  44751.391    28.4171    12.4935      2.000    12.3272    21.3934     7.0418    10.0635    112.802    307.903    314.488    0.00831    6.24228    8.92084  272.94060    12.4932   14.19869 1.2439e+02     0.4506     0.4416 0.0000e+00
        298 177.469042    0.02062     1.2372     74.234      3.028  45923.973    29.1950    11.9709      3.000    11.6391    22.0896     7.1053    10.1542    113.113    310.463    317.323    0.00838    6.28129    8.97659  274.45882    11.9705   14.26832 1.0036e+02     0.5055     0.3388 0.0000e+00
        303 177.469057    0.02097     1.2583     75.496      4.038  46864.974    29.7651    11.0518      4.000    10.7369    22.6926     7.2911    10.4198    114.217    318.395    325.622    0.01131    6.38313    9.12214  278.74444    11.0513   14.47130 8.5264e+01     0.6096     0.3624 0.0000e+00
        308 177.469071    0.02133     1.2797     76.783      5.047  47559.110    30.1879    10.4429      5.000    10.3572    23.1248     7.6544    10.9389    118.663    334.117    341.844    0.03086    6.44995    9.21763  281.54426    10.4424   14.60364 7.1689e+01     0.9628     0.4334 0.0000e+00
        314 177.469089    0.02175     1.3049     78.295      6.057  47728.664    30.2860    10.2627      6.000    10.1942    23.2310     8.1219    11.6070    125.505    354.489    362.724    0.05823    6.47123    9.24803  282.44346    10.2620   14.64627 5.9761e+01     1.5249     0.4009 0.0000e+00
        320 177.469106    0.02216     1.3296     79.779      7.066  47845.034    30.3254     9.9215      7.000     9.6779    23.3167     8.2597    11.8039    126.719    360.474    368.879    0.04156    6.51833    9.31535  284.47532     9.9207   14.74330 4.7413e+01     1.8455     0.3889 0.0000e+00
        325 177.469121    0.02252     1.3510     81.060      8.076  48415.221    30.6372     9.2383      8.000     8.9950    23.6671     8.2935    11.8523    125.583    361.826    370.390    0.01860    6.60422    9.43809  288.12472     9.2374   14.91651 3.6648e+01     2.5590     0.4771 0.0000e+00
        330 177.469135    0.02285     1.3710     82.257      9.085  49015.629    30.9978     8.7981      9.000     8.7201    24.0164     8.3867    11.9855    126.047    365.766    374.550    0.01323    6.65357    9.50862  290.17934     8.7972   15.01323 2.6110e+01     5.3808     0.6868 0.0000e+00
        335 177.469149    0.02318     1.3907     83.442     10.094  49251.664    31.1448     8.6705     10.000     8.6558    24.1506     8.4962    12.1419    127.451    370.492    379.439    0.01736    6.66619    9.52666  290.69181     8.6695   15.03712 1.7815e+01     8.3622     0.6729 0.0000e+00
        339 177.469162    0.02349     1.4094     84.562     11.104  49443.262    31.2781     8.6653     11.000     8.6759    24.2557     8.4551    12.0831    126.930    368.663    377.605    0.00942    6.66120    9.51952  290.44428     8.6642   15.02475 1.1870e+01    10.4044     0.7160 0.0000e+00
        343 177.469173    0.02376     1.4256     85.535     12.114  49502.674    31.3218     8.6827     12.000     8.6745    24.2874     8.3214    11.8922    125.009    362.824    371.636   -0.00395    6.65671    9.51311  290.23967     8.6815   15.01480 7.8707e+00    10.7269     0.6932 0.0000e+00
        347 177.469183    0.02400     1.4401     86.406     13.123  49525.044    31.3339     8.6614     13.000     8.6321    24.3000     8.0724    11.5362    121.220    351.958    360.511   -0.02463    6.65936    9.51689  290.35158     8.6601   15.02010 5.5150e+00     8.5104     0.6194 0.0000e+00
        350 177.469194    0.02427     1.4561     87.365     14.133  49583.202    31.3658     8.6039     14.000     8.5762    24.3336     7.7418    11.0638    116.131    337.534    345.747   -0.04858    6.66658    9.52721  290.65670     8.6025   15.03455 4.0193e+00     6.9070     0.5268 0.0000e+00
        354 177.469205    0.02454     1.4729     88.373     15.142  49648.114    31.4046     8.5611     15.000     8.5493    24.3703     7.4663    10.6701    111.918    325.511    333.444   -0.06068    6.67130    9.53396  290.85232     8.5596   15.04373 3.0533e+00     5.2934     0.4297 0.0000e+00
        359 177.469218    0.02483     1.4899     89.395     16.152  49652.214    31.4023     8.5298     16.000     8.4854    24.3732     7.2836    10.4091    109.102    317.548    325.288   -0.06035    6.67611    9.54083  291.06097     8.5282   15.05371 2.3897e+00     4.3220     0.4007 0.0000e+00
        363 177.469230    0.02514     1.5084     90.505     17.161  49643.245    31.3781     8.4131     17.000     8.3406    24.3713     7.1512    10.2198    106.822    311.775    319.372   -0.05494    6.69472    9.56742  291.87293     8.4114   15.09259 1.9446e+00     3.2755     0.3481 0.0000e+00
        367 177.469243    0.02545     1.5267     91.605     18.171  49659.750    31.3637     8.2453     18.000     8.1703    24.3844     7.0199    10.0321    104.456    306.047    313.509   -0.05161    6.72072    9.60458  293.00266     8.2435   15.14660 1.6282e+00     2.2324     0.2887 0.0000e+00
        372 177.469256    0.02575     1.5455     92.727     19.180  49744.738    31.4026     8.1143     19.000     8.0827    24.4337     6.9027     9.8646    102.432    300.922    308.274   -0.04766    6.73890    9.63057  293.78122     8.1125   15.18363 1.3998e+00     1.3782     0.2622 0.0000e+00
        376 177.469269    0.02607     1.5641     93.848     20.190  49779.003    31.4178     8.0608     20.000     8.0469    24.4533     6.8380     9.7722    101.359    298.095    305.385   -0.03938    6.74639    9.64126  294.10188     8.0589   15.19887 1.2104e+00     1.0359     0.2567 0.0000e+00
        381 177.469283    0.02642     1.5849     95.093     21.199  49790.512    31.4216     8.0368     21.000     8.0279    24.4598     6.8036     9.7230    100.795    296.593    303.847   -0.02926    6.74988    9.64626  294.25234     8.0348   15.20604 1.0480e+00     0.9458     0.2517 0.0000e+00
        386 177.469297    0.02673     1.6038     96.228     22.209  49790.044    31.4180     8.0187     22.000     8.0081    24.4596     6.7792     9.6881    100.391    295.530    302.758   -0.02265    6.75281    9.65043  294.37991     8.0166   15.21215 9.1082e-01     0.8356     0.2373 0.0000e+00
        390 177.469309    0.02702     1.6213     97.279     23.218  49796.565    31.4196     8.0027     23.000     7.9943    24.4631     6.7678     9.6718    100.186    295.032    302.249   -0.01734    6.75520    9.65386  294.48340     8.0005   15.21708 7.9585e-01     0.7634     0.2474 0.0000e+00
        394 177.469320    0.02729     1.6378     98.268     24.227  49797.211    31.4176     7.9904     24.000     7.9806    24.4633     6.7595     9.6599    100.033    294.668    301.876   -0.01336    6.75718    9.65669  294.56959     7.9880   15.22120 6.9586e-01     0.7282     0.2475 0.0000e+00
        398 177.469331    0.02756     1.6538     99.230     25.237  49802.845    31.4189     7.9767     25.000     7.9694    24.4663     6.7503     9.6468     99.867    294.267    301.467   -0.01075    6.75921    9.65959  294.65713     7.9743   15.22538 6.1044e-01     0.6812     0.2554 0.0000e+00
        402 177.469342    0.02783     1.6699    100.192     26.247  49807.606    31.4206     7.9689     26.000     7.9634    24.4687     6.7382     9.6296     99.673    293.742    300.930   -0.00901    6.76033    9.66119  294.70548     7.9664   15.22768 5.3723e-01     0.6861     0.2670 0.0000e+00
        406 177.469354    0.02810     1.6862    101.170     27.257  49809.150    31.4203     7.9631     27.000     7.9577    24.4693     6.7253     9.6111     99.468    293.176    300.350   -0.00784    6.76122    9.66246  294.74393     7.9606   15.22951 4.7345e-01     0.7068     0.2765 0.0000e+00
        409 177.469365    0.02836     1.7017    102.103     28.266  49809.158    31.4190     7.9571     28.000     7.9499    24.4691     6.7161     9.5981     99.319    292.779    299.943   -0.00675    6.76221    9.66388  294.78712     7.9545   15.23159 4.1781e-01     0.6962     0.2787 0.0000e+00
        413 177.469375    0.02862     1.7170    103.019     29.276  49806.180    31.4150     7.9479     29.000     7.9354    24.4673     6.7075     9.5856     99.167    292.401    299.555   -0.00593    6.76381    9.66616  294.85725     7.9451   15.23495 3.6930e-01     0.6481     0.2660 0.0000e+00
        417 177.469386    0.02887     1.7321    103.926     30.285  49802.332    31.4084     7.9263     30.000     7.9075    24.4652     6.6965     9.5700     98.952    291.923    299.066   -0.00568    6.76741    9.67131  295.01508     7.9234   15.24251 3.2810e-01     0.5566     0.2499 0.0000e+00
        420 177.469396    0.02913     1.7474    104.842     31.295  49821.822    31.4175     7.9009     31.000     7.8910    24.4759     6.6831     9.5508     98.703    291.336    298.468   -0.00581    6.77090    9.67630  295.16414     7.8981   15.24959 2.9373e-01     0.4602     0.2443 0.0000e+00
        424 177.469407    0.02938     1.7627    105.759     32.304  49831.211    31.4219     7.8901     32.000     7.8841    24.4809     6.6754     9.5398     98.568    290.999    298.122   -0.00524    6.77238    9.67841  295.22694     7.8871   15.25257 2.6374e-01     0.3907     0.2291 0.0000e+00
        428 177.469417    0.02962     1.7776    106.654     33.314  49833.115    31.4220     7.8851     33.000     7.8792    24.4817     6.6700     9.5322     98.478    290.765    297.883   -0.00450    6.77314    9.67949  295.25986     7.8820   15.25414 2.3741e-01     0.3940     0.2349 0.0000e+00
        431 177.469427    0.02987     1.7922    107.533     34.323  49834.720    31.4218     7.8802     34.000     7.8742    24.4823     6.6651     9.5252     98.394    290.553    297.666   -0.00396    6.77390    9.68057  295.29275     7.8770   15.25571 2.1405e-01     0.4033     0.2351 0.0000e+00
        435 177.469438    0.03012     1.8069    108.415     35.333  49837.340    31.4225     7.8755     35.000     7.8698    24.4835     6.6608     9.5189     98.320    290.361    297.469   -0.00347    6.77459    9.68157  295.32283     7.8722   15.25715 1.9316e-01     0.4286     0.2459 0.0000e+00
        438 177.469448    0.03037     1.8218    109.306     36.343  49838.921    31.4224     7.8712     36.000     7.8648    24.4841     6.6568     9.5132     98.251    290.187    297.292   -0.00308    6.77526    9.68253  295.35167     7.8678   15.25853 1.7391e-01     0.4377     0.2554 0.0000e+00
        442 177.469458    0.03061     1.8368    110.206     37.352  49839.348    31.4213     7.8652     37.000     7.8566    24.4841     6.6513     9.5054     98.157    289.949    297.048   -0.00289    6.77624    9.68392  295.39423     7.8617   15.26056 1.5768e-01     0.4286     0.2922 0.0000e+00
        445 177.469469    0.03086     1.8518    111.111     38.362  49839.799    31.4196     7.8552     38.000     7.8438    24.4841     6.6442     9.4952     98.028    289.639    296.730   -0.00299    6.77785    9.68622  295.46445     7.8517   15.26392 1.4436e-01     0.4340     0.5128 0.0000e+00
        449 177.469479    0.03111     1.8668    112.007     39.372  49838.763    31.4159     7.8397     39.000     7.8241    24.4834     6.6390     9.4878     97.914    289.410    296.496   -0.00300    6.78040    9.68987  295.57580     7.8361   15.26925 1.3261e-01     0.4428     0.5674 0.0000e+00
        453 177.469490    0.03137     1.8823    112.939     40.381  49837.642    31.4108     7.8157     40.000     7.7951    24.4828     6.6341     9.4809     97.786    289.200    296.280   -0.00301    6.78434    9.69550  295.74789     7.8119   15.27748 1.2219e-01     0.4059     0.3007 0.0000e+00
        457 177.469501    0.03165     1.8988    113.928     41.391  49838.635    31.4053     7.7800     41.000     7.7550    24.4835     6.6213     9.4625     97.515    288.641    295.708   -0.00373    6.79008    9.70370  295.99789     7.7762   15.28944 1.1362e-01     0.3652     0.2527 0.0000e+00
        461 177.469513    0.03192     1.9154    114.925     42.401  49841.925    31.4000     7.7359     42.000     7.7059    24.4854     6.6016     9.4343     97.123    287.779    294.825   -0.00506    6.79715    9.71381  296.30560     7.7319   15.30415 1.0728e-01     0.3645     0.2641 0.0000e+00
        465 177.469525    0.03220     1.9320    115.923     43.411  49865.178    31.4076     7.6854     43.000     7.6642    24.4984     6.5864     9.4126     96.793    287.115    294.149   -0.00570    6.80464    9.72450  296.62810     7.6814   15.31951 1.0179e-01     0.3018     0.2719 0.0000e+00
        469 177.469536    0.03247     1.9484    116.903     44.420  49888.265    31.4190     7.6592     44.000     7.6491    24.5110     6.5725     9.3927     96.537    286.502    293.525   -0.00574    6.80819    9.72959  296.77952     7.6552   15.32669 9.6188e-02     0.2766     0.2735 0.0000e+00
        473 177.469548    0.03275     1.9649    117.893     45.430  49890.555    31.4184     7.6483     45.000     7.6377    24.5120     6.5610     9.3762     96.344    286.000    293.011   -0.00539    6.80991    9.73205  296.85436     7.6441   15.33027 9.1217e-02     0.2552     0.2873 0.0000e+00
        477 177.469559    0.03303     1.9818    118.910     46.439  49871.846    31.4019     7.6302     46.000     7.6044    24.5016     6.5555     9.3685     96.214    285.768    292.769   -0.00471    6.81347    9.73713  297.01225     7.6259   15.33787 8.6786e-02     0.2752     0.3073 0.0000e+00
        481 177.469571    0.03331     1.9986    119.913     47.449  49835.097    31.3663     7.5730     47.000     7.5206    24.4815     6.5482     9.3580     95.959    285.452    292.441   -0.00479    6.82396    9.75213  297.47565     7.5687   15.36013 8.3006e-02     0.2628     0.3873 0.0000e+00
        485 177.469582    0.03358     2.0148    120.886     48.459  49839.118    31.3523     7.4741     48.000     7.4199    24.4840     6.5234     9.3225     95.371    284.370    291.333   -0.00683    6.84004    9.77511  298.17594     7.4697   15.39361 7.9523e-02     0.2474     0.5747 0.0000e+00
        488 177.469593    0.03384     2.0305    121.827     49.468  49885.451    31.3702     7.3908     49.000     7.3601    24.5093     6.4859     9.2689     94.653    282.729    289.658   -0.00927    6.85231    9.79264  298.70316     7.3864   15.41869 7.6342e-02     0.2260     0.5176 0.0000e+00
        492 177.469604    0.03410     2.0458    122.748     50.478  49921.293    31.3878     7.3500     50.000     7.3371    24.5287     6.4483     9.2152     94.028    281.087    287.981   -0.01073    6.85793    9.80067  298.94247     7.3454   15.43004 7.3504e-02     0.2040     0.5248 0.0000e+00
        496 177.469614    0.03435     2.0609    123.655     51.487  49931.021    31.3919     7.3368     51.000     7.3272    24.5338     6.4255     9.1826     93.668    280.089    286.961   -0.01032    6.85982    9.80336  299.02324     7.3322   15.43387 7.1038e-02     0.2074     0.5705 0.0000e+00
        499 177.469625    0.03460     2.0760    124.563     52.498  49935.404    31.3931     7.3285     52.000     7.3202    24.5358     6.4120     9.1633     93.454    279.501    286.359   -0.00904    6.86107    9.80516  299.07729     7.3238   15.43644 6.8899e-02     0.2129     0.5794 0.0000e+00
        503 177.469635    0.03486     2.0914    125.483     53.507  49936.940    31.3926     7.3219     53.000     7.3124    24.5363     6.4038     9.1517     93.321    279.145    285.994   -0.00764    6.86213    9.80667  299.12327     7.3172   15.43864 6.7063e-02     0.2121     0.5873 0.0000e+00
