CTD-processing/allCTD/CNV/2015_02-24_t4_s04_repeat_cast265_4141.cnv
* Sea-Bird SBE19plus Data File:
* FileName = C:\Users\KRIS~1.HOL\DOCUME~1\kasitsna\RESEAR~1\OCEANO~1\CTD-DA~1\2015-C~1\2015-0~2\207028~1\2015_02_24_CookInlet_Tran4_S04_repeat_cast265.hex
* Software Version 1.59
* Temperature SN =  4141
* Conductivity SN =  4141
* System UpLoad Time = Apr 10 2015 18:50:40
** Cook Inlet LTM: Repeat station during quarterly sampling. Tran4 (Barabara)
** Date: 02-24
** Station: 4-04
** Start time:  18:13
** Depth (m): 88
** Comment:  KBRR CTD. Time is local (AKST)
** Comment: On R/V Pandalus. Repeat station to compare to  12 Feb Tran4 sampling.
# nquan = 27
# nvalues = 88                          
# units = specified
# name 0 = scan: Scan Count
# name 1 = timeJ: Julian Days
# name 2 = timeH: Time, Elapsed [hours]
# name 3 = timeM: Time, Elapsed [minutes]
# name 4 = timeS: Time, Elapsed [seconds]
# name 5 = prdM: Pressure, Strain Gauge [db]
# name 6 = specc: Specific Conductance [uS/cm]
# name 7 = sal00: Salinity, Practical [PSU]
# name 8 = tv290C: Temperature [ITS-90, deg C]
# name 9 = depSM: Depth [salt water, m], lat = 59.00
# name 10 = potemp090C: Potential Temperature [ITS-90, deg C]
# name 11 = sigma-é00: Density [sigma-theta, kg/m^3]
# name 12 = sbeox0ML/L: Oxygen, SBE 43 [ml/l]
# name 13 = sbeox0Mg/L: Oxygen, SBE 43 [mg/l]
# name 14 = sbeox0PS: Oxygen, SBE 43 [% saturation]
# name 15 = sbox0Mm/Kg: Oxygen, SBE 43 [umol/kg]
# name 16 = sbeox0Mm/L: Oxygen, SBE 43 [umol/l]
# name 17 = sbox0dV/dT: Oxygen, SBE 43 [dov/dt]
# name 18 = oxsolML/L: Oxygen Saturation, Garcia & Gordon [ml/l]
# name 19 = oxsolMg/L: Oxygen Saturation, Garcia & Gordon [mg/l]
# name 20 = oxsolMm/Kg: Oxygen Saturation, Garcia & Gordon [umol/kg]
# name 21 = n2satMg/L: Nitrogen Saturation [mg/l]
# name 22 = par: PAR/Irradiance, Biospherical/Licor
# name 23 = wetStar: Fluorescence, WET Labs WETstar [mg/m^3]
# name 24 = CStarAt0: Beam Attenuation, WET Labs C-Star [1/m]
# name 25 = CStarTr0: Beam Transmission, WET Labs C-Star [%]
# name 26 = flag: flag
# span 0 =        112,        596       
# span 1 =  55.759835,  55.761236       
# span 2 =    0.00771,    0.04132       
# span 3 =     0.4624,     2.4790       
# span 4 =     27.745,    148.742       
# span 5 =      1.005,     88.758       
# span 6 =  49981.046,  50692.414       
# span 7 =    31.2547,    31.6050       
# span 8 =     5.7287,     6.2460       
# span 9 =      1.000,     88.000       
# span 10 =     5.7218,     6.0759      
# span 11 =    24.5646,    24.9037      
# span 12 =     4.5329,     6.5130      
# span 13 =     6.4779,     9.3076      
# span 14 =     64.369,     91.673      
# span 15 =    197.584,    283.824      
# span 16 =    202.438,    290.867      
# span 17 =   -0.04637,    0.13489      
# span 18 =    7.04195,    7.11236      
# span 19 =   10.06365,   10.16428      
# span 20 =  306.95319,  309.92470      
# span 21 =   15.81254,   15.95277      
# span 22 = 6.4372e-02, 2.9694e+00      
# span 23 =     0.3653,     0.9775      
# span 24 =     0.5396,     1.2143      
# span 25 =    74.4291,    87.3817      
# span 26 = 0.0000e+00, 0.0000e+00      
# interval = meters: 1                  
# start_time = Feb 24 2015 18:13:42 [Instrument's time stamp, header]
# bad_flag = -9.990e-29
*END*
        112  55.759835    0.00771     0.4624     27.745      1.005  50135.342    31.3555     6.2119      1.000     6.0759    24.6481     5.7685     8.2436     81.853    251.421    257.619   -0.04637    7.04296   10.06511  306.97253   15.81304 2.2365e+00     0.3937     1.2143    74.4291 0.0000e+00
        259  55.760261    0.01793     1.0755     64.529      2.021  49981.046    31.2547     6.2460      2.000     6.0238    24.5646     4.5329     6.4779     64.369    197.584    202.438   -0.00987    7.04195   10.06365  306.95319   15.81254 2.9694e+00     0.9304     0.8641    80.5895 0.0000e+00
        264  55.760274    0.01825     1.0951     65.707      3.028  50445.246    31.5080     5.8935      3.000     5.8559    24.8069     5.0084     7.1575     70.652    218.259    223.673    0.03830    7.08849   10.13016  308.90873   15.90468 2.3575e+00     0.9775     0.6310    85.4120 0.0000e+00
        269  55.760288    0.01858     1.1146     66.876      4.044  50437.401    31.4890     5.8263      4.000     5.8084    24.7998     5.8723     8.3921     82.700    255.909    262.256    0.13266    7.10061   10.14749  309.43930   15.93003 1.9268e+00     0.8127     0.6102    85.8514 0.0000e+00
        272  55.760299    0.01883     1.1299     67.793      5.047  50467.945    31.5044     5.8005      5.000     5.7976    24.8151     6.1697     8.8170     86.845    268.864    275.536    0.13489    7.10420   10.15263  309.59127   15.93721 1.5995e+00     0.8183     0.6026    86.0144 0.0000e+00
        276  55.760309    0.01908     1.1447     68.681      6.055  50468.237    31.5033     5.7959      6.000     5.7937    24.8147     6.3805     9.1184     89.803    278.055    284.954    0.12205    7.10504   10.15381  309.62765   15.93894 1.3768e+00     0.8250     0.6019    86.0289 0.0000e+00
        279  55.760319    0.01933     1.1600     69.597      7.066  50476.378    31.5083     5.7953      7.000     5.7965    24.8188     6.5094     9.3026     91.619    283.670    290.710    0.10628    7.10489   10.15359  309.61976   15.93855 1.1824e+00     0.8162     0.5983    86.1088 0.0000e+00
        283  55.760330    0.01958     1.1752     70.511      8.074  50474.163    31.5068     5.7980      8.000     5.7972    24.8173     6.5130     9.3076     91.673    283.824    290.867    0.07668    7.10451   10.15305  309.60372   15.93780 1.0284e+00     0.8555     0.5932    86.2163 0.0000e+00
        287  55.760341    0.01985     1.1911     71.466      9.084  50474.315    31.5064     5.7977      9.000     5.7965    24.8170     6.4781     9.2578     91.182    282.305    289.311    0.04932    7.10459   10.15317  309.60730   15.93796 9.0856e-01     0.8117     0.5882    86.3251 0.0000e+00
        291  55.760352    0.02013     1.2076     72.454     10.095  50475.600    31.5065     5.7967     10.000     5.7956    24.8173     6.4591     9.2307     90.912    281.478    288.463    0.03141    7.10474   10.15338  309.61384   15.93828 8.1276e-01     0.7759     0.5842    86.4111 0.0000e+00
        295  55.760364    0.02040     1.2238     73.426     11.104  50476.448    31.5066     5.7962     11.000     5.7950    24.8173     6.4411     9.2050     90.659    280.696    287.662    0.01985    7.10481   10.15349  309.61726   15.93844 7.2329e-01     0.7960     0.5789    86.5251 0.0000e+00
        299  55.760375    0.02066     1.2398     74.390     12.114  50476.964    31.5064     5.7962     12.000     5.7956    24.8172     6.4284     9.1868     90.479    280.138    287.090    0.01215    7.10482   10.15350  309.61740   15.93845 6.4232e-01     0.7505     0.5773    86.5612 0.0000e+00
        302  55.760386    0.02093     1.2561     75.364     13.122  50477.073    31.5061     5.7964     13.000     5.7953    24.8169     6.4253     9.1824     90.436    280.005    286.954    0.00784    7.10480   10.15347  309.61675   15.93842 5.7472e-01     0.7664     0.5736    86.6414 0.0000e+00
        306  55.760398    0.02121     1.2726     76.356     14.133  50477.520    31.5058     5.7960     14.000     5.7945    24.8168     6.4306     9.1899     90.509    280.235    287.189    0.00595    7.10490   10.15361  309.62085   15.93861 5.1378e-01     0.7665     0.5712    86.6928 0.0000e+00
        310  55.760409    0.02148     1.2889     77.334     15.143  50478.329    31.5058     5.7953     15.000     5.7935    24.8168     6.4329     9.1932     90.540    280.333    287.291    0.00445    7.10500   10.15376  309.62561   15.93884 4.5802e-01     0.7531     0.5678    86.7674 0.0000e+00
        314  55.760420    0.02175     1.3048     78.290     16.150  50479.760    31.5060     5.7941     16.000     5.7922    24.8172     6.4332     9.1937     90.542    280.349    287.307    0.00293    7.10521   10.15405  309.63439   15.93925 4.0862e-01     0.7420     0.5655    86.8171 0.0000e+00
        318  55.760432    0.02202     1.3216     79.298     17.160  50481.312    31.5064     5.7929     17.000     5.7909    24.8176     6.4348     9.1960     90.562    280.419    287.379    0.00222    7.10539   10.15431  309.64196   15.93962 3.6330e-01     0.7450     0.5623    86.8865 0.0000e+00
        322  55.760444    0.02231     1.3389     80.332     18.172  50483.612    31.5072     5.7915     18.000     5.7897    24.8185     6.4303     9.1895     90.496    280.221    287.175    0.00083    7.10558   10.15459  309.65014   15.94000 3.2577e-01     0.7408     0.5601    86.9343 0.0000e+00
        326  55.760455    0.02259     1.3551     81.304     19.180  50487.634    31.5094     5.7909     19.000     5.7891    24.8202     6.4286     9.1872     90.473    280.150    287.103    0.00021    7.10557   10.15458  309.64947   15.93996 2.9181e-01     0.7454     0.5590    86.9573 0.0000e+00
        330  55.760466    0.02285     1.3709     82.252     20.188  50491.729    31.5116     5.7904     20.000     5.7885    24.8220     6.4316     9.1915     90.516    280.281    287.238    0.00037    7.10555   10.15455  309.64805   15.93989 2.6207e-01     0.7305     0.5586    86.9660 0.0000e+00
        334  55.760477    0.02312     1.3870     83.220     21.197  50501.888    31.5181     5.7902     21.000     5.7889    24.8273     6.4359     9.1975     90.579    280.462    287.426    0.00074    7.10529   10.15417  309.63478   15.93923 2.3252e-01     0.7035     0.5579    86.9814 0.0000e+00
        338  55.760489    0.02340     1.4042     84.252     22.208  50506.922    31.5214     5.7918     22.000     5.7916    24.8297     6.4268     9.1846     90.456    280.067    287.021   -0.00041    7.10487   10.15356  309.61568   15.93830 2.0976e-01     0.7095     0.5571    87.0001 0.0000e+00
        342  55.760501    0.02370     1.4221     85.323     23.219  50511.681    31.5250     5.7955     23.000     5.7952    24.8321     6.4134     9.1655     90.279    279.485    286.425   -0.00202    7.10406   10.15242  309.57996   15.93659 1.9002e-01     0.6855     0.5572    86.9951 0.0000e+00
        346  55.760513    0.02398     1.4386     86.319     24.230  50511.935    31.5252     5.7982     24.000     5.7967    24.8319     6.4039     9.1519     90.150    279.069    285.999   -0.00257    7.10361   10.15177  309.56042   15.93566 1.7247e-01     0.6533     0.5609    86.9141 0.0000e+00
        350  55.760524    0.02424     1.4540     87.243     25.236  50513.141    31.5256     5.7985     25.000     5.7944    24.8322     6.3996     9.1457     90.090    278.880    285.806   -0.00262    7.10354   10.15166  309.55696   15.93549 1.5588e-01     0.6493     0.5653    86.8213 0.0000e+00
        354  55.760535    0.02450     1.4699     88.195     26.245  50517.488    31.5270     5.7928     26.000     5.7859    24.8340     6.4004     9.1469     90.091    278.918    285.845   -0.00182    7.10444   10.15295  309.59554   15.93733 1.4211e-01     0.6199     0.5672    86.7800 0.0000e+00
        358  55.760547    0.02478     1.4871     89.227     27.256  50528.092    31.5319     5.7832     27.000     5.7778    24.8390     6.3952     9.1395     90.001    278.690    285.613   -0.00216    7.10581   10.15491  309.65389   15.94008 1.3192e-01     0.6223     0.5626    86.8801 0.0000e+00
        362  55.760559    0.02508     1.5046     90.276     28.267  50535.263    31.5355     5.7786     28.000     5.7758    24.8424     6.3925     9.1356     89.954    278.569    285.490   -0.00201    7.10641   10.15577  309.67903   15.94126 1.2181e-01     0.5884     0.5633    86.8659 0.0000e+00
        366  55.760570    0.02536     1.5211     91.268     29.278  50536.510    31.5357     5.7774     29.000     5.7736    24.8427     6.3921     9.1350     89.947    278.552    285.472   -0.00154    7.10659   10.15603  309.68688   15.94164 1.1340e-01     0.5666     0.5592    86.9540 0.0000e+00
        370  55.760581    0.02561     1.5367     92.199     30.285  50541.708    31.5380     5.7741     30.000     5.7698    24.8450     6.3943     9.1381     89.971    278.646    285.569   -0.00103    7.10705   10.15668  309.70602   15.94254 1.0665e-01     0.5680     0.5582    86.9752 0.0000e+00
        374  55.760592    0.02587     1.5522     93.132     31.295  50545.882    31.5399     5.7710     31.000     5.7676    24.8467     6.3925     9.1356     89.942    278.570    285.492   -0.00096    7.10746   10.15727  309.72364   15.94337 1.0072e-01     0.5871     0.5582    86.9733 0.0000e+00
        377  55.760603    0.02613     1.5681     94.087     32.305  50550.577    31.5421     5.7684     32.000     5.7628    24.8488     6.3943     9.1382     89.962    278.647    285.572   -0.00083    7.10781   10.15777  309.73818   15.94406 9.6298e-02     0.5586     0.5593    86.9531 0.0000e+00
        381  55.760614    0.02640     1.5839     95.035     33.313  50560.667    31.5476     5.7633     33.000     5.7597    24.8538     6.3996     9.1457     90.029    278.875    285.806    0.00005    7.10840   10.15861  309.76234   15.94519 9.1468e-02     0.5369     0.5648    86.8307 0.0000e+00
        385  55.760625    0.02667     1.5999     95.995     34.323  50563.300    31.5486     5.7618     34.000     5.7589    24.8548     6.3953     9.1394     89.965    278.686    285.612   -0.00057    7.10862   10.15892  309.77137   15.94561 8.7408e-02     0.5241     0.5702    86.7136 0.0000e+00
        389  55.760636    0.02694     1.6163     96.979     35.335  50563.930    31.5484     5.7615     35.000     5.7587    24.8547     6.3944     9.1382     89.952    278.649    285.575   -0.00075    7.10867   10.15899  309.77363   15.94572 8.4604e-02     0.5421     0.5723    86.6704 0.0000e+00
        393  55.760647    0.02720     1.6320     97.922     36.344  50565.454    31.5490     5.7614     36.000     5.7585    24.8551     6.3950     9.1391     89.961    278.675    285.602   -0.00051    7.10865   10.15897  309.77271   15.94567 8.2205e-02     0.4985     0.5704    86.7095 0.0000e+00
        396  55.760658    0.02745     1.6470     98.818     37.353  50566.246    31.5491     5.7614     37.000     5.7585    24.8552     6.3915     9.1341     89.912    278.522    285.444   -0.00086    7.10865   10.15897  309.77279   15.94568 7.9943e-02     0.5107     0.5713    86.6910 0.0000e+00
        400  55.760668    0.02769     1.6616     99.694     38.360  50567.899    31.5498     5.7616     38.000     5.7587    24.8558     6.3873     9.1280     89.852    278.336    285.254   -0.00119    7.10858   10.15888  309.76994   15.94554 7.7854e-02     0.5464     0.5703    86.7131 0.0000e+00
        403  55.760678    0.02795     1.6769    100.613     39.370  50567.822    31.5492     5.7617     39.000     5.7586    24.8554     6.3814     9.1197     89.770    278.082    284.993   -0.00174    7.10858   10.15888  309.76997   15.94554 7.5836e-02     0.4948     0.5736    86.6405 0.0000e+00
        407  55.760690    0.02822     1.6934    101.603     40.382  50567.795    31.5487     5.7617     40.000     5.7585    24.8550     6.3878     9.1289     89.860    278.363    285.281   -0.00073    7.10862   10.15893  309.77159   15.94562 7.4617e-02     0.5111     0.5720    86.6761 0.0000e+00
        411  55.760701    0.02850     1.7101    102.608     41.393  50568.995    31.5491     5.7617     41.000     5.7587    24.8552     6.3953     9.1395     89.965    278.687    285.613    0.00045    7.10861   10.15891  309.77090   15.94559 7.3428e-02     0.4886     0.5699    86.7211 0.0000e+00
        415  55.760713    0.02876     1.7258    103.550     42.402  50569.936    31.5493     5.7619     42.000     5.7586    24.8554     6.3960     9.1404     89.975    278.715    285.643    0.00035    7.10855   10.15882  309.76829   15.94546 7.2444e-02     0.4880     0.5689    86.7415 0.0000e+00
        419  55.760722    0.02902     1.7408    104.448     43.411  50570.831    31.5495     5.7620     43.000     5.7588    24.8555     6.3924     9.1355     89.927    278.564    285.488   -0.00024    7.10853   10.15880  309.76747   15.94542 7.1255e-02     0.4913     0.5702    86.7159 0.0000e+00
        422  55.760733    0.02927     1.7561    105.364     44.418  50574.436    31.5516     5.7626     44.000     5.7600    24.8571     6.3871     9.1279     89.855    278.332    285.251   -0.00095    7.10833   10.15852  309.75861   15.94499 7.0319e-02     0.4893     0.5739    86.6342 0.0000e+00
        426  55.760745    0.02954     1.7724    106.346     45.429  50575.794    31.5524     5.7645     45.000     5.7614    24.8576     6.3868     9.1273     89.854    278.315    285.233   -0.00077    7.10797   10.15801  309.74275   15.94423 6.9996e-02     0.5093     0.5704    86.7090 0.0000e+00
        430  55.760756    0.02982     1.7890    107.341     46.442  50576.503    31.5526     5.7652     46.000     5.7615    24.8576     6.3847     9.1245     89.827    278.227    285.143   -0.00094    7.10786   10.15784  309.73757   15.94399 6.9346e-02     0.4998     0.5716    86.6832 0.0000e+00
        434  55.760767    0.03007     1.8041    108.244     47.448  50579.033    31.5538     5.7651     47.000     5.7606    24.8586     6.3906     9.1327     89.909    278.480    285.403   -0.00013    7.10781   10.15777  309.73524   15.94387 6.9006e-02     0.4898     0.5735    86.6429 0.0000e+00
        438  55.760777    0.03032     1.8193    109.156     48.455  50583.309    31.5559     5.7633     48.000     5.7586    24.8605     6.3919     9.1347     89.926    278.539    285.464    0.00017    7.10800   10.15805  309.74305   15.94424 6.8151e-02     0.4762     0.5770    86.5671 0.0000e+00
        442  55.760789    0.03061     1.8366    110.195     49.468  50586.113    31.5571     5.7620     49.000     5.7582    24.8616     6.3903     9.1324     89.901    278.467    285.391   -0.00034    7.10817   10.15828  309.74981   15.94455 6.7856e-02     0.4852     0.5798    86.5074 0.0000e+00
        446  55.760802    0.03090     1.8542    111.254     50.480  50587.139    31.5573     5.7620     50.000     5.7581    24.8618     6.3926     9.1357     89.934    278.570    285.496   -0.00002    7.10815   10.15825  309.74901   15.94451 6.7563e-02     0.4557     0.5794    86.5136 0.0000e+00
        450  55.760813    0.03117     1.8704    112.223     51.488  50588.186    31.5576     5.7621     51.000     5.7581    24.8620     6.3913     9.1338     89.915    278.510    285.434   -0.00019    7.10813   10.15823  309.74819   15.94447 6.7174e-02     0.4675     0.5742    86.6283 0.0000e+00
        454  55.760824    0.03144     1.8862    113.172     52.495  50588.426    31.5573     5.7621     52.000     5.7580    24.8618     6.3860     9.1262     89.840    278.279    285.198   -0.00091    7.10815   10.15825  309.74880   15.94450 6.6844e-02     0.4571     0.5739    86.6348 0.0000e+00
        458  55.760835    0.03172     1.9031    114.184     53.507  50589.747    31.5576     5.7618     53.000     5.7574    24.8621     6.3842     9.1237     89.815    278.201    285.118   -0.00099    7.10817   10.15830  309.75010   15.94456 6.6821e-02     0.4667     0.5708    86.7025 0.0000e+00
