CTD-processing/allCTD/CNV/2015_07-10_alongbay_pt.kblandpogi_cast123_5028.cnv
* Sea-Bird SBE19plus Data File:
* FileName = C:\Users\Kris.Holderied\Documents\kasitsna\Research-KBL\Oceanography-AK\CTD-Data-ALL-to-2015-06\2015-CTD-KachemakBay-CookInlet\2015-07-10-KachemakBay-AlongBayLine\2015_07_10_KachemakBay_AlongBay_cast123.hex
* Software Version 1.59
* Temperature SN =  5028
* Conductivity SN =  5028
* System UpLoad Time = Jul 30 2015 17:30:07
** Kachemak Bay Along Bay Line - Flat Island to Bear Cove

** Date: 07-10
** Station:  Pt.KBlandPogi
** Start time (AKDT): 12:57
** Depth (m): 61
** Comment:  R/V Johanna Rose (Nuka Research)
** Comment: Seldovia subbay sampled before the along-bay line.
# nquan = 27
# nvalues = 60                          
# units = specified
# name 0 = scan: Scan Count
# name 1 = timeJ: Julian Days
# name 2 = timeH: Time, Elapsed [hours]
# name 3 = timeM: Time, Elapsed [minutes]
# name 4 = timeS: Time, Elapsed [seconds]
# name 5 = prdM: Pressure, Strain Gauge [db]
# name 6 = specc: Specific Conductance [uS/cm]
# name 7 = sal00: Salinity, Practical [PSU]
# name 8 = tv290C: Temperature [ITS-90, deg C]
# name 9 = depSM: Depth [salt water, m], lat = 59.00
# name 10 = potemp090C: Potential Temperature [ITS-90, deg C]
# name 11 = sigma-é00: Density [sigma-theta, kg/m^3]
# name 12 = sbeox0ML/L: Oxygen, SBE 43 [ml/l]
# name 13 = sbeox0Mg/L: Oxygen, SBE 43 [mg/l]
# name 14 = sbeox0PS: Oxygen, SBE 43 [% saturation]
# name 15 = sbox0Mm/Kg: Oxygen, SBE 43 [umol/kg]
# name 16 = sbeox0Mm/L: Oxygen, SBE 43 [umol/l]
# name 17 = sbox0dV/dT: Oxygen, SBE 43 [dov/dt]
# name 18 = oxsolML/L: Oxygen Saturation, Garcia & Gordon [ml/l]
# name 19 = oxsolMg/L: Oxygen Saturation, Garcia & Gordon [mg/l]
# name 20 = oxsolMm/Kg: Oxygen Saturation, Garcia & Gordon [umol/kg]
# name 21 = potemp090C: Potential Temperature [ITS-90, deg C]
# name 22 = n2satMg/L: Nitrogen Saturation [mg/l]
# name 23 = par: PAR/Irradiance, Biospherical/Licor
# name 24 = flECO-AFL: Fluorescence, WET Labs ECO-AFL/FL [mg/m^3]
# name 25 = turbWETntu0: Turbidity, WET Labs ECO [NTU]
# name 26 = flag: flag
# span 0 =        261,        582       
# span 1 = 191.540948, 191.541877       
# span 2 =    0.01803,    0.04033       
# span 3 =     1.0817,     2.4195       
# span 4 =     64.904,    145.171       
# span 5 =      1.010,     60.575       
# span 6 =  49131.584,  49270.760       
# span 7 =    31.2583,    31.3050       
# span 8 =     9.9018,    10.1431       
# span 9 =      1.000,     60.000       
# span 10 =     9.8953,    10.1344      
# span 11 =    24.0115,    24.0852      
# span 12 =     6.0852,     6.1399      
# span 13 =     8.6963,     8.7745      
# span 14 =     93.907,     95.226      
# span 15 =    265.373,    267.779      
# span 16 =    271.765,    274.208      
# span 17 =   -0.00126,    0.05858      
# span 18 =    6.44769,    6.48003      
# span 19 =    9.21440,    9.26061      
# span 20 =  281.20192,  282.59197      
# span 21 =     9.8952,    10.1430      
# span 22 =   14.58292,   14.64927      
# span 23 = 1.5168e-01, 5.9813e+02      
# span 24 =     0.4392,     1.0557      
# span 25 =     0.2230,     0.3165      
# span 26 = 0.0000e+00, 0.0000e+00      
# interval = meters: 1                  
# start_time = Jul 10 2015 12:57:53 [Instrument's time stamp, header]
# bad_flag = -9.990e-29
*END*
        261 191.540948    0.01803     1.0817     64.904      1.010  49131.584    31.2624    10.1431      1.000    10.1344    24.0115     6.1399     8.7745     95.226    267.779    274.208    0.05858    6.44769    9.21440  281.20192    10.1430   14.58292 5.9813e+02     0.4392     0.2643 0.0000e+00
        266 191.540965    0.01843     1.1057     66.343      2.019  49132.868    31.2583    10.1061      2.000    10.0871    24.0144     6.1366     8.7698     95.096    267.634    274.061    0.03483    6.45307    9.22208  281.43560    10.1059   14.59412 4.5465e+02     0.4476     0.2911 0.0000e+00
        271 191.540978    0.01876     1.1253     67.518      3.028  49151.434    31.2653    10.0612      3.000    10.0450    24.0273     6.1245     8.7525     94.820    267.104    273.522    0.02123    6.45912    9.23072  281.69571    10.0608   14.60653 3.4773e+02     0.4835     0.2550 0.0000e+00
        276 191.540991    0.01908     1.1445     68.671      4.038  49171.484    31.2753    10.0311      4.000    10.0212    24.0400     6.1171     8.7420     94.649    266.778    273.191    0.01303    6.46296    9.23621  281.85971    10.0306   14.61434 2.8297e+02     0.5128     0.2552 0.0000e+00
        280 191.541005    0.01940     1.1642     69.853      5.048  49182.940    31.2802    10.0095      5.000    10.0006    24.0474     6.1129     8.7360     94.543    266.592    273.003    0.00773    6.46580    9.24027  281.98168    10.0090   14.62016 2.3600e+02     0.5427     0.2620 0.0000e+00
        285 191.541018    0.01972     1.1831     70.987      6.056  49194.583    31.2860     9.9933      6.000     9.9877    24.0545     6.1062     8.7264     94.408    266.296    272.702    0.00430    6.46785    9.24321  282.06932     9.9926   14.62432 1.9874e+02     0.5636     0.2741 0.0000e+00
        289 191.541031    0.02003     1.2020     72.118      7.066  49201.716    31.2893     9.9835      7.000     9.9799    24.0587     6.1043     8.7237     94.362    266.216    272.621    0.00242    6.46911    9.24499  282.12254     9.9827   14.62686 1.6670e+02     0.6063     0.2627 0.0000e+00
        294 191.541045    0.02036     1.2213     73.280      8.075  49204.901    31.2903     9.9772      8.000     9.9732    24.0606     6.1065     8.7268     94.382    266.308    272.716    0.00167    6.46996    9.24621  282.15932     9.9763   14.62862 1.4203e+02     0.6660     0.2575 0.0000e+00
        299 191.541058    0.02067     1.2400     74.403      9.085  49208.885    31.2919     9.9704      9.000     9.9670    24.0629     6.1042     8.7235     94.334    266.208    272.614    0.00078    6.47086    9.24750  282.19784     9.9694   14.63046 1.2163e+02     0.7207     0.2489 0.0000e+00
        303 191.541071    0.02098     1.2591     75.548     10.095  49212.925    31.2938     9.9662     10.000     9.9644    24.0651     6.1053     8.7251     94.344    266.256    272.663    0.00043    6.47136    9.24821  282.21909     9.9652   14.63146 1.0519e+02     0.7942     0.2573 0.0000e+00
        308 191.541084    0.02130     1.2783     76.696     11.104  49214.256    31.2941     9.9645     11.000     9.9624    24.0656     6.1080     8.7289     94.381    266.372    272.782    0.00047    6.47159    9.24854  282.22902     9.9634   14.63194 9.1332e+01     0.9022     0.3165 0.0000e+00
        312 191.541098    0.02162     1.2971     77.825     12.114  49215.224    31.2940     9.9617     12.000     9.9584    24.0660     6.1077     8.7286     94.372    266.363    272.773    0.00020    6.47200    9.24913  282.24672     9.9604   14.63278 7.9164e+01     0.9800     0.3016 0.0000e+00
        317 191.541110    0.02193     1.3158     78.947     13.123  49218.594    31.2954     9.9579     13.000     9.9552    24.0678     6.1113     8.7336     94.419    266.515    272.929    0.00029    6.47248    9.24982  282.26719     9.9564   14.63376 6.8861e+01     1.0297     0.2609 0.0000e+00
        321 191.541124    0.02225     1.3351     80.106     14.133  49220.384    31.2959     9.9551     14.000     9.9520    24.0687     6.1138     8.7372     94.453    266.624    273.042    0.00039    6.47284    9.25034  282.28293     9.9536   14.63451 5.9714e+01     1.0557     0.2673 0.0000e+00
        326 191.541137    0.02257     1.3540     81.243     15.142  49223.368    31.2972     9.9519     15.000     9.9494    24.0702     6.1087     8.7298     94.368    266.399    272.812   -0.00031    6.47324    9.25091  282.29993     9.9503   14.63531 5.2031e+01     1.0340     0.2582 0.0000e+00
        331 191.541151    0.02289     1.3731     82.388     16.151  49225.109    31.2978     9.9503     16.000     9.9482    24.0709     6.1078     8.7287     94.352    266.363    272.775   -0.00046    6.47345    9.25120  282.30874     9.9486   14.63573 4.5288e+01     1.0106     0.2729 0.0000e+00
        335 191.541164    0.02321     1.3925     83.550     17.161  49226.358    31.2982     9.9501     17.000     9.9482    24.0713     6.1117     8.7343     94.412    266.534    272.950    0.00003    6.47346    9.25123  282.30943     9.9482   14.63577 3.9482e+01     0.9943     0.2652 0.0000e+00
        340 191.541177    0.02352     1.4114     84.683     18.171  49226.533    31.2979     9.9499     18.000     9.9472    24.0711     6.1092     8.7306     94.372    266.422    272.835   -0.00029    6.47351    9.25128  282.31111     9.9479   14.63585 3.4540e+01     0.9831     0.2470 0.0000e+00
        345 191.541191    0.02386     1.4314     85.885     19.180  49224.954    31.2959     9.9464     19.000     9.9399    24.0701     6.1065     8.7268     94.322    266.305    272.715   -0.00052    6.47408    9.25211  282.33651     9.9443   14.63707 3.0131e+01     0.9772     0.2467 0.0000e+00
        349 191.541205    0.02420     1.4518     87.106     20.190  49230.935    31.2982     9.9346     20.000     9.9288    24.0739     6.1018     8.7202     94.227    266.103    272.509   -0.00099    6.47566    9.25437  282.40455     9.9324   14.64032 2.6368e+01     0.9464     0.2617 0.0000e+00
        388 191.541317    0.02690     1.6138     96.826     21.199  49234.109    31.2997     9.9322     21.000     9.9280    24.0755     6.1033     8.7222     94.245    266.164    272.572    0.00045    6.47593    9.25476  282.41578     9.9300   14.64085 2.3718e+01     0.9144     0.2359 0.0000e+00
        395 191.541336    0.02734     1.6402     98.410     22.209  49237.389    31.3010     9.9276     22.000     9.9241    24.0772     6.1046     8.7242     94.258    266.224    272.634    0.00035    6.47653    9.25561  282.44144     9.9252   14.64207 2.0854e+01     0.8901     0.2291 0.0000e+00
        400 191.541350    0.02769     1.6611     99.669     23.219  49239.192    31.3015     9.9251     23.000     9.9217    24.0781     6.1027     8.7213     94.222    266.136    272.544   -0.00008    6.47687    9.25610  282.45611     9.9225   14.64277 1.8322e+01     0.8721     0.2363 0.0000e+00
        405 191.541365    0.02803     1.6816    100.896     24.228  49239.804    31.3012     9.9231     24.000     9.9190    24.0782     6.1025     8.7212     94.216    266.131    272.539   -0.00016    6.47717    9.25653  282.46918     9.9204   14.64340 1.6038e+01     0.8689     0.2510 0.0000e+00
        410 191.541379    0.02838     1.7027    102.160     25.237  49240.981    31.3011     9.9188     25.000     9.9143    24.0788     6.1012     8.7192     94.187    266.073    272.480   -0.00033    6.47778    9.25740  282.49546     9.9161   14.64466 1.3929e+01     0.8702     0.2436 0.0000e+00
        415 191.541393    0.02872     1.7230    103.379     26.247  49244.399    31.3027     9.9157     26.000     9.9127    24.0806     6.0991     8.7163     94.150    265.982    272.387   -0.00055    6.47815    9.25793  282.51129     9.9129   14.64541 1.2040e+01     0.8543     0.2358 0.0000e+00
        420 191.541408    0.02907     1.7440    104.638     27.257  49246.114    31.3035     9.9163     27.000     9.9143    24.0812     6.1000     8.7176     94.165    266.022    272.428   -0.00030    6.47804    9.25778  282.50636     9.9133   14.64517 1.0315e+01     0.8496     0.2230 0.0000e+00
        424 191.541422    0.02941     1.7644    105.865     28.266  49244.459    31.3022     9.9178     28.000     9.9141    24.0798     6.0969     8.7131     94.120    265.888    272.290   -0.00052    6.47788    9.25754  282.49947     9.9148   14.64485 8.8125e+00     0.8377     0.2286 0.0000e+00
        429 191.541436    0.02975     1.7850    107.102     29.276  49246.102    31.3027     9.9161     29.000     9.9128    24.0805     6.0934     8.7081     94.062    265.733    272.132   -0.00075    6.47809    9.25784  282.50856     9.9130   14.64528 7.5299e+00     0.8421     0.2425 0.0000e+00
        434 191.541451    0.03009     1.8054    108.327     30.285  49247.063    31.3029     9.9162     30.000     9.9129    24.0808     6.0945     8.7097     94.079    265.781    272.182   -0.00053    6.47808    9.25782  282.50805     9.9129   14.64525 6.4558e+00     0.8369     0.2413 0.0000e+00
        439 191.541464    0.03042     1.8252    109.514     31.295  49247.563    31.3029     9.9161     31.000     9.9125    24.0807     6.0998     8.7172     94.161    266.013    272.419    0.00011    6.47809    9.25783  282.50836     9.9127   14.64527 5.5621e+00     0.8356     0.2432 0.0000e+00
        444 191.541479    0.03076     1.8461    110.766     32.304  49248.499    31.3030     9.9156     32.000     9.9118    24.0810     6.0992     8.7163     94.149    265.984    272.389   -0.00006    6.47817    9.25795  282.51181     9.9120   14.64543 4.8045e+00     0.8288     0.2438 0.0000e+00
        449 191.541493    0.03110     1.8661    111.968     33.315  49249.364    31.3031     9.9152     33.000     9.9117    24.0812     6.0998     8.7172     94.158    266.010    272.415   -0.00008    6.47821    9.25801  282.51352     9.9115   14.64551 4.1688e+00     0.8289     0.2440 0.0000e+00
        454 191.541507    0.03145     1.8866    113.197     34.324  49249.616    31.3030     9.9161     34.000     9.9126    24.0809     6.1005     8.7181     94.170    266.040    272.446   -0.00003    6.47808    9.25782  282.50807     9.9123   14.64525 3.6275e+00     0.8255     0.2401 0.0000e+00
        459 191.541521    0.03180     1.9076    114.455     35.334  49249.962    31.3029     9.9165     35.000     9.9127    24.0808     6.0969     8.7131     94.117    265.886    272.290   -0.00038    6.47803    9.25775  282.50599     9.9127   14.64516 3.1621e+00     0.8295     0.2451 0.0000e+00
        464 191.541535    0.03213     1.9278    115.667     36.343  49250.719    31.3031     9.9174     36.000     9.9140    24.0808     6.0951     8.7106     94.091    265.808    272.210   -0.00054    6.47790    9.25757  282.50034     9.9134   14.64489 2.7650e+00     0.8280     0.2383 0.0000e+00
        469 191.541550    0.03248     1.9487    116.923     37.353  49250.193    31.3025     9.9188     37.000     9.9148    24.0801     6.1013     8.7193     94.188    266.075    272.482    0.00017    6.47774    9.25734  282.49331     9.9146   14.64455 2.4198e+00     0.8291     0.2237 0.0000e+00
        474 191.541564    0.03283     1.9694    118.161     38.362  49250.334    31.3022     9.9189     38.000     9.9145    24.0799     6.1036     8.7226     94.224    266.175    272.585    0.00026    6.47774    9.25733  282.49317     9.9147   14.64455 2.1205e+00     0.8303     0.2335 0.0000e+00
        479 191.541579    0.03317     1.9900    119.403     39.372  49251.296    31.3023     9.9187     39.000     9.9144    24.0801     6.1030     8.7218     94.214    266.150    272.558    0.00007    6.47775    9.25735  282.49383     9.9144   14.64458 1.8586e+00     0.8374     0.2599 0.0000e+00
        484 191.541593    0.03351     2.0107    120.644     40.381  49251.579    31.3022     9.9189     40.000     9.9141    24.0799     6.1012     8.7192     94.188    266.073    272.480   -0.00020    6.47773    9.25733  282.49321     9.9144   14.64455 1.6322e+00     0.8435     0.2917 0.0000e+00
        488 191.541607    0.03385     2.0308    121.849     41.391  49252.430    31.3023     9.9181     41.000     9.9133    24.0801     6.1001     8.7177     94.169    266.025    272.431   -0.00030    6.47783    9.25747  282.49751     9.9135   14.64475 1.4296e+00     0.8281     0.2645 0.0000e+00
        493 191.541621    0.03418     2.0509    123.052     42.401  49253.507    31.3026     9.9180     42.000     9.9137    24.0804     6.0997     8.7171     94.162    266.005    272.411   -0.00036    6.47784    9.25748  282.49767     9.9134   14.64476 1.2563e+00     0.8249     0.2359 0.0000e+00
        498 191.541635    0.03452     2.0712    124.271     43.410  49254.459    31.3031     9.9201     43.000     9.9169    24.0805     6.1008     8.7185     94.183    266.051    272.458   -0.00014    6.47751    9.25702  282.48348     9.9154   14.64408 1.1030e+00     0.8198     0.2244 0.0000e+00
        503 191.541649    0.03484     2.0907    125.439     44.420  49253.101    31.3021     9.9233     44.000     9.9194    24.0792     6.1018     8.7200     94.205    266.098    272.506   -0.00008    6.47711    9.25643  282.46601     9.9184   14.64325 9.6899e-01     0.8233     0.2344 0.0000e+00
        508 191.541663    0.03519     2.1111    126.664     45.429  49252.461    31.3016     9.9256     45.000     9.9214    24.0784     6.1044     8.7237     94.250    266.211    272.621    0.00018    6.47680    9.25599  282.45276     9.9207   14.64262 8.5036e-01     0.8482     0.2441 0.0000e+00
        513 191.541677    0.03553     2.1315    127.890     46.440  49251.400    31.3005     9.9268     46.000     9.9213    24.0774     6.1011     8.7192     94.202    266.072    272.478   -0.00023    6.47667    9.25580  282.44724     9.9218   14.64236 7.4464e-01     0.8526     0.2458 0.0000e+00
        517 191.541691    0.03586     2.1517    129.100     47.449  49252.301    31.3005     9.9251     47.000     9.9190    24.0777     6.0988     8.7158     94.162    265.968    272.372   -0.00048    6.47692    9.25616  282.45809     9.9199   14.64288 6.5428e-01     0.8438     0.2357 0.0000e+00
        522 191.541705    0.03619     2.1717    130.303     48.458  49254.904    31.3018     9.9241     48.000     9.9194    24.0789     6.0994     8.7166     94.169    265.991    272.396   -0.00037    6.47700    9.25627  282.46118     9.9189   14.64302 5.7677e-01     0.8483     0.2372 0.0000e+00
        527 191.541719    0.03653     2.1917    131.500     49.468  49254.652    31.3013     9.9253     49.000     9.9199    24.0784     6.1030     8.7217     94.227    266.148    272.557    0.00002    6.47684    9.25606  282.45487     9.9199   14.64272 5.0916e-01     0.8518     0.2347 0.0000e+00
        532 191.541732    0.03686     2.2114    132.683     50.477  49254.890    31.3010     9.9248     50.000     9.9188    24.0782     6.1056     8.7255     94.267    266.264    272.674    0.00020    6.47694    9.25619  282.45886     9.9193   14.64291 4.5027e-01     0.8646     0.2486 0.0000e+00
        537 191.541747    0.03719     2.2314    133.885     51.488  49256.139    31.3014     9.9239     51.000     9.9181    24.0787     6.1059     8.7258     94.268    266.275    272.686    0.00006    6.47705    9.25636  282.46390     9.9182   14.64315 3.9877e-01     0.8654     0.2595 0.0000e+00
        541 191.541760    0.03753     2.2516    135.094     52.498  49256.823    31.3014     9.9237     52.000     9.9177    24.0787     6.1087     8.7299     94.312    266.397    272.812    0.00020    6.47707    9.25638  282.46462     9.9180   14.64319 3.5442e-01     0.8639     0.2468 0.0000e+00
        546 191.541774    0.03785     2.2710    136.260     53.507  49256.054    31.3002     9.9218     53.000     9.9133    24.0781     6.1084     8.7296     94.304    266.389    272.803    0.00008    6.47738    9.25683  282.47840     9.9160   14.64385 3.1585e-01     0.8346     0.2491 0.0000e+00
