CTD-processing/allCTD/CNV/2015_01-16_t9_s10_cast173_4141.cnv
* Sea-Bird SBE19plus Data File:
* FileName = C:\Users\kris.holderied\Documents\kasitsna\Research-Projects-and-Data\Oceanography-AK\CTD-Data-ALL-to-2014-10\2015-CTD-KachemakBay-CookInlet\2015-01-16-CookInlet-HomerSpit-monthly\2015-01-16-CookInlet-Tran9-cast173.hex
* Software Version 1.59
* Temperature SN =  4141
* Conductivity SN =  4141
* System UpLoad Time = Feb 11 2015 17:00:31
** Cook Inlet LTM Tran9 (Homer Spit) North to South
** Date: 01-16
** Station: 9-10
** Start time:  14:02
** Depth (m): 60.7
** Comment:  CTD time is local time (AKST). CTD only transect.
** Comment: Vessel is Kasitsna Bay Lab R/V Barnacle.
# nquan = 27
# nvalues = 57                          
# units = specified
# name 0 = scan: Scan Count
# name 1 = timeJ: Julian Days
# name 2 = timeH: Time, Elapsed [hours]
# name 3 = timeM: Time, Elapsed [minutes]
# name 4 = timeS: Time, Elapsed [seconds]
# name 5 = prdM: Pressure, Strain Gauge [db]
# name 6 = specc: Specific Conductance [uS/cm]
# name 7 = sal00: Salinity, Practical [PSU]
# name 8 = tv290C: Temperature [ITS-90, deg C]
# name 9 = depSM: Depth [salt water, m], lat = 59.00
# name 10 = potemp090C: Potential Temperature [ITS-90, deg C]
# name 11 = sigma-é00: Density [sigma-theta, kg/m^3]
# name 12 = sbeox0ML/L: Oxygen, SBE 43 [ml/l]
# name 13 = sbeox0Mg/L: Oxygen, SBE 43 [mg/l]
# name 14 = sbeox0PS: Oxygen, SBE 43 [% saturation]
# name 15 = sbox0Mm/Kg: Oxygen, SBE 43 [umol/kg]
# name 16 = sbeox0Mm/L: Oxygen, SBE 43 [umol/l]
# name 17 = sbox0dV/dT: Oxygen, SBE 43 [dov/dt]
# name 18 = oxsolML/L: Oxygen Saturation, Garcia & Gordon [ml/l]
# name 19 = oxsolMg/L: Oxygen Saturation, Garcia & Gordon [mg/l]
# name 20 = oxsolMm/Kg: Oxygen Saturation, Garcia & Gordon [umol/kg]
# name 21 = n2satMg/L: Nitrogen Saturation [mg/l]
# name 22 = par: PAR/Irradiance, Biospherical/Licor
# name 23 = wetStar: Fluorescence, WET Labs WETstar [mg/m^3]
# name 24 = CStarAt0: Beam Attenuation, WET Labs C-Star [1/m]
# name 25 = CStarTr0: Beam Transmission, WET Labs C-Star [%]
# name 26 = flag: flag
# span 0 =        253,        465       
# span 1 =  16.585034,  16.585646       
# span 2 =    0.01749,    0.03219       
# span 3 =     1.0491,     1.9314       
# span 4 =     62.948,    115.883       
# span 5 =      1.016,     57.517       
# span 6 =  47628.006,  50079.837       
# span 7 =    29.5783,    31.4898       
# span 8 =     5.9370,     7.3171       
# span 9 =      1.000,     57.000       
# span 10 =     5.9382,     7.3118      
# span 11 =    23.2785,    24.6134      
# span 12 =     6.0085,     6.3232      
# span 13 =     8.5867,     9.0365      
# span 14 =     85.672,     88.644      
# span 15 =    261.892,    275.883      
# span 16 =    268.338,    282.394      
# span 17 =   -0.00271,    0.15180      
# span 18 =    6.85853,    7.17246      
# span 19 =    9.80152,   10.25017      
# span 20 =  298.94384,  313.03526      
# span 21 =   15.42969,   16.10919      
# span 22 = 5.1260e-02, 2.3970e+01      
# span 23 =     0.2480,     0.3624      
# span 24 =     0.4865,     2.2620      
# span 25 =    56.7900,    88.5489      
# span 26 = 0.0000e+00, 0.0000e+00      
# interval = meters: 1                  
# start_time = Jan 16 2015 14:01:24 [Instrument's time stamp, header]
# bad_flag = -9.990e-29
*END*
        253  16.585034    0.01749     1.0491     62.948      1.016  47628.006    29.5783     5.9370      1.000     5.9382    23.2785     6.1448     8.7816     85.672    268.185    274.428    0.15180    7.17246   10.25017  313.03526   16.10919 2.3970e+01     0.3341     2.2620    56.7900 0.0000e+00
        259  16.585053    0.01795     1.0767     64.604      2.017  48215.679    30.0018     6.0501      2.000     6.1000    23.5997     6.3232     9.0365     88.644    275.883    282.394    0.10993    7.13332   10.19423  311.22931   16.02142 1.4897e+01     0.3206     1.9826    60.9645 0.0000e+00
        266  16.585073    0.01843     1.1059     66.352      3.030  48321.169    30.0918     6.1485      3.000     6.1633    23.6592     6.2465     8.9269     87.823    272.521    278.969    0.05011    7.11254   10.16453  310.30438   15.97699 9.9947e+00     0.3382     1.7276    64.9296 0.0000e+00
        273  16.585093    0.01889     1.1334     68.004      4.038  48438.887    30.1867     6.2283      4.000     6.2416    23.7247     6.1713     8.8194     86.984    269.222    275.610    0.02002    7.09475   10.13910  309.50851   15.93869 7.1213e+00     0.3581     1.5928    67.1639 0.0000e+00
        279  16.585110    0.01932     1.1588     69.529      5.048  48448.241    30.1970     6.2525      5.000     6.2589    23.7299     6.1438     8.7801     86.652    268.023    274.383    0.00833    7.09023   10.13265  309.30987   15.92919 4.9801e+00     0.3573     1.4871    68.9516 0.0000e+00
        285  16.585126    0.01969     1.1816     70.898      6.061  48634.191    30.3317     6.2916      6.000     6.3174    23.8314     6.1279     8.7574     86.585    267.304    273.674    0.00410    7.07742   10.11435  308.72048   15.90055 3.5063e+00     0.3624     1.4318    69.9108 0.0000e+00
        289  16.585140    0.02001     1.2009     72.052      7.065  49046.684    30.6316     6.3787      7.000     6.4342    24.0573     6.1170     8.7417     86.777    266.764    273.182    0.00395    7.04901   10.07373  307.41324   15.83702 2.5641e+00     0.3571     1.3556    71.2606 0.0000e+00
        294  16.585153    0.02034     1.2204     73.225      8.074  49136.844    30.7111     6.4770      8.000     6.4921    24.1080     6.1251     8.7534     87.139    267.108    273.548    0.00586    7.02916   10.04536  306.53213   15.79471 1.9360e+00     0.3535     1.1547    74.9321 0.0000e+00
        299  16.585169    0.02071     1.2426     74.556      9.085  49174.598    30.7422     6.5076      9.000     6.5116    24.1288     6.1161     8.7405     87.090    266.709    273.145    0.00309    7.02268   10.03611  306.24364   15.78083 1.5301e+00     0.3393     1.0240    77.4172 0.0000e+00
        304  16.585183    0.02107     1.2640     75.843     10.103  49239.586    30.7885     6.5184     10.000     6.5265    24.1640     6.1079     8.7287     87.021    266.340    272.776    0.00129    7.01876   10.03050  306.06194   15.77199 1.2042e+00     0.3411     0.9906    78.0624 0.0000e+00
        308  16.585193    0.02130     1.2780     76.683     11.098  49282.222    30.8204     6.5344     11.000     6.5387    24.1871     6.1046     8.7242     87.027    266.193    272.633    0.00059    7.01466   10.02465  305.87632   15.76301 9.6872e-01     0.3239     0.9582    78.6977 0.0000e+00
        312  16.585204    0.02157     1.2939     77.632     12.111  49277.683    30.8182     6.5419     12.000     6.5414    24.1844     6.1106     8.7326     87.125    266.453    272.898    0.00130    7.01354   10.02305  305.82842   15.76073 7.8224e-01     0.3327     0.9357    79.1436 0.0000e+00
        316  16.585216    0.02186     1.3117     78.701     13.130  49280.335    30.8198     6.5428     13.000     6.5417    24.1856     6.1056     8.7255     87.057    266.237    272.677    0.00039    7.01332   10.02274  305.81866   15.76025 6.2467e-01     0.3280     0.9298    79.2607 0.0000e+00
        319  16.585227    0.02211     1.3270     79.619     14.130  49308.230    30.8388     6.5445     14.000     6.5476    24.2004     6.0998     8.7172     86.989    265.979    272.416   -0.00068    7.01217   10.02108  305.76359   15.75756 4.9282e-01     0.3329     0.9154    79.5443 0.0000e+00
        323  16.585238    0.02238     1.3428     80.566     15.147  49370.894    30.8835     6.5545     15.000     6.5614    24.2345     6.1019     8.7202     87.065    266.063    272.510    0.00006    7.00846   10.01579  305.59192   15.74918 3.9325e-01     0.3154     0.8806    80.2374 0.0000e+00
        327  16.585248    0.02262     1.3572     81.435     16.150  49377.812    30.8900     6.5664     16.000     6.5676    24.2380     6.1047     8.7242     87.132    266.183    272.635    0.00059    7.00622   10.01259  305.49316   15.74445 3.1752e-01     0.3376     0.8393    81.0735 0.0000e+00
        330  16.585258    0.02287     1.3719     82.316     17.163  49392.909    30.9007     6.5706     17.000     6.5718    24.2459     6.1096     8.7311     87.217    266.395    272.854    0.00108    7.00503   10.01088  305.43897   15.74182 2.5704e-01     0.3404     0.8248    81.3679 0.0000e+00
        334  16.585268    0.02310     1.3857     83.141     18.169  49415.530    30.9168     6.5757     18.000     6.5782    24.2580     6.1073     8.7280     87.205    266.295    272.755    0.00079    7.00345   10.00863  305.36657   15.73831 2.0831e-01     0.3218     0.8134    81.6005 0.0000e+00
        337  16.585278    0.02333     1.4000     84.002     19.182  49472.653    30.9574     6.5841     19.000     6.6003    24.2890     6.1032     8.7220     87.185    266.103    272.566    0.00007    7.00022   10.00401  305.21622   15.73098 1.7027e-01     0.3198     0.8035    81.8011 0.0000e+00
        340  16.585288    0.02357     1.4142     84.854     20.190  49556.072    31.0214     6.6216     20.000     6.6536    24.3347     6.1049     8.7245     87.323    266.167    272.645    0.00106    6.99114    9.99104  304.80701   15.71121 1.4190e-01     0.3224     0.7751    82.3852 0.0000e+00
        344  16.585298    0.02381     1.4285     85.708     21.200  49596.596    31.0599     6.6822     21.000     6.7085    24.3574     6.1050     8.7248     87.471    266.169    272.652    0.00212    6.97953    9.97444  304.29369   15.68659 1.2083e-01     0.3444     0.7468    82.9697 0.0000e+00
        347  16.585307    0.02404     1.4423     86.536     22.210  49623.989    31.0861     6.7260     22.000     6.7552    24.3726     6.1022     8.7207     87.535    266.043    272.527    0.00214    6.97123    9.96259  303.92774   15.66903 1.0316e-01     0.3032     0.7292    83.3363 0.0000e+00
        350  16.585316    0.02426     1.4555     87.333     23.220  49753.100    31.1857     6.7851     23.000     6.8383    24.4434     6.0948     8.7101     87.605    265.698    272.193    0.00196    6.95710    9.94239  303.29062   15.63824 9.1133e-02     0.2816     0.6883    84.1909 0.0000e+00
        353  16.585325    0.02448     1.4686     88.118     24.226  49701.114    31.1615     6.8550     24.000     6.8727    24.4155     6.0960     8.7117     87.751    265.758    272.246    0.00272    6.94696    9.92790  302.85672   15.61765 8.2267e-02     0.2872     0.6554    84.8867 0.0000e+00
        357  16.585335    0.02470     1.4822     88.934     25.239  49742.280    31.1955     6.8880     25.000     6.9123    24.4379     6.0878     8.7001     87.719    265.396    271.882    0.00190    6.94009    9.91808  302.55059   15.60292 7.5421e-02     0.2913     0.6350    85.3215 0.0000e+00
        360  16.585344    0.02492     1.4955     89.730     26.247  49873.798    31.2948     6.9361     26.000     6.9990    24.5099     6.0733     8.6794     87.665    264.746    271.235    0.00053    6.92784    9.90056  301.99521   15.57603 7.0258e-02     0.2642     0.6269    85.4938 0.0000e+00
        363  16.585353    0.02515     1.5087     90.521     27.257  49957.372    31.3710     7.0431     27.000     7.0973    24.5560     6.0680     8.6718     87.850    264.505    270.999    0.00162    6.90728    9.87120  301.08578   15.53234 6.5990e-02     0.2597     0.5972    86.1329 0.0000e+00
        366  16.585363    0.02537     1.5218     91.309     28.267  49932.613    31.3672     7.1228     28.000     7.1454    24.5425     6.0719     8.6773     88.064    264.673    271.169    0.00337    6.89477    9.85332  300.54437   15.50653 6.3673e-02     0.2654     0.5375    87.4270 0.0000e+00
        369  16.585371    0.02558     1.5346     92.075     29.274  50002.770    31.4223     7.1622     29.000     7.1894    24.5806     6.0637     8.6656     88.058    264.308    270.805    0.00273    6.88602    9.84081  300.15173   15.48758 6.0968e-02     0.2878     0.5102    88.0258 0.0000e+00
        372  16.585380    0.02578     1.5473     92.836     30.286  49996.735    31.4247     7.2032     30.000     7.2156    24.5771     6.0560     8.6547     88.031    263.973    270.461    0.00136    6.87943    9.83139  299.86537   15.47391 5.9134e-02     0.2533     0.4865    88.5489 0.0000e+00
        375  16.585389    0.02600     1.5599     93.596     31.294  50036.017    31.4557     7.2279     31.000     7.2416    24.5983     6.0531     8.6506     88.057    263.843    270.334    0.00118    6.87412    9.82381  299.62781   15.46245 5.7876e-02     0.2662     0.5310    87.5684 0.0000e+00
        378  16.585398    0.02621     1.5729     94.373     32.304  50019.443    31.4471     7.2470     32.000     7.2498    24.5888     6.0467     8.6414     87.997    263.567    270.047    0.00049    6.87148    9.82005  299.51587   15.45715 5.6070e-02     0.2804     0.6091    85.8773 0.0000e+00
        382  16.585407    0.02643     1.5858     95.149     33.314  50034.364    31.4584     7.2561     33.000     7.2610    24.5967     6.0324     8.6209     87.813    262.938    269.406   -0.00140    6.86955    9.81727  299.42905   15.45296 5.4668e-02     0.2900     0.6335    85.3540 0.0000e+00
        385  16.585416    0.02665     1.5987     95.921     34.324  50057.546    31.4764     7.2693     34.000     7.2768    24.6090     6.0199     8.6030     87.669    262.391    268.848   -0.00271    6.86664    9.81312  299.29881   15.44667 5.3674e-02     0.2683     0.6217    85.6059 0.0000e+00
        388  16.585424    0.02686     1.6115     96.691     35.333  50063.054    31.4825     7.2850     35.000     7.2881    24.6117     6.0137     8.5942     87.614    262.122    268.574   -0.00269    6.86390    9.80920  299.17843   15.44090 5.3039e-02     0.2671     0.5860    86.3719 0.0000e+00
        391  16.585434    0.02707     1.6244     97.465     36.341  50059.945    31.4813     7.2935     36.000     7.2931    24.6096     6.0142     8.5950     87.637    262.144    268.595   -0.00201    6.86262    9.80736  299.12308   15.43827 5.2359e-02     0.2648     0.5705    86.7084 0.0000e+00
        394  16.585443    0.02730     1.6378     98.270     37.353  50063.515    31.4841     7.2981     37.000     7.2973    24.6113     6.0195     8.6024     87.724    262.372    268.829   -0.00077    6.86176    9.80614  299.08526   15.43645 5.2155e-02     0.2610     0.5650    86.8291 0.0000e+00
        397  16.585452    0.02752     1.6514     99.085     38.361  50063.740    31.4845     7.3021     38.000     7.2998    24.6110     6.0131     8.5933     87.641    262.094    268.545   -0.00104    6.86111    9.80521  299.05693   15.43510 5.1533e-02     0.2574     0.5698    86.7217 0.0000e+00
        401  16.585462    0.02776     1.6657     99.940     39.369  50063.081    31.4838     7.3036     39.000     7.3006    24.6103     6.0085     8.5867     87.575    261.892    268.338   -0.00184    6.86091    9.80492  299.04849   15.43470 5.1341e-02     0.2611     0.5702    86.7148 0.0000e+00
        404  16.585473    0.02801     1.6805    100.832     40.382  50065.492    31.4853     7.3050     40.000     7.3023    24.6113     6.0150     8.5960     87.674    262.174    268.627   -0.00051    6.86063    9.80453  299.03602   15.43410 5.1323e-02     0.2622     0.5708    86.6999 0.0000e+00
        408  16.585482    0.02824     1.6949    101.693     41.390  50067.397    31.4865     7.3067     41.000     7.3039    24.6120     6.0173     8.5993     87.711    262.277    268.732   -0.00004    6.86030    9.80406  299.02156   15.43340 5.1284e-02     0.2635     0.5678    86.7671 0.0000e+00
        411  16.585493    0.02849     1.7095    102.567     42.402  50069.239    31.4875     7.3083     42.000     7.3052    24.6126     6.0212     8.6049     87.773    262.450    268.909    0.00029    6.86000    9.80361  299.00807   15.43275 5.1260e-02     0.2536     0.5537    87.0736 0.0000e+00
        415  16.585503    0.02873     1.7237    103.419     43.409  50071.036    31.4886     7.3099     43.000     7.3070    24.6132     6.0255     8.6111     87.839    262.636    269.100    0.00079    6.85971    9.80322  298.99557   15.43215 5.1411e-02     0.2613     0.5564    87.0127 0.0000e+00
        418  16.585512    0.02897     1.7379    104.273     44.419  50070.934    31.4883     7.3114     44.000     7.3081    24.6128     6.0275     8.6139     87.871    262.720    269.187    0.00086    6.85947    9.80286  298.98483   15.43164 5.1368e-02     0.2566     0.5790    86.5235 0.0000e+00
        422  16.585523    0.02921     1.7525    105.153     45.429  50071.954    31.4888     7.3126     45.000     7.3090    24.6131     6.0198     8.6030     87.762    262.389    268.846   -0.00028    6.85928    9.80259  298.97642   15.43124 5.1744e-02     0.2569     0.6175    85.6951 0.0000e+00
        425  16.585533    0.02946     1.7676    106.056     46.439  50071.697    31.4883     7.3133     46.000     7.3092    24.6126     6.0145     8.5953     87.685    262.157    268.609   -0.00125    6.85919    9.80246  298.97279   15.43107 5.1744e-02     0.2562     0.6383    85.2517 0.0000e+00
        429  16.585544    0.02971     1.7829    106.972     47.449  50071.887    31.4879     7.3134     47.000     7.3090    24.6123     6.0142     8.5949     87.682    262.143    268.595   -0.00089    6.85917    9.80245  298.97244   15.43105 5.1792e-02     0.2572     0.6362    85.2965 0.0000e+00
        432  16.585554    0.02996     1.7979    107.874     48.459  50073.281    31.4884     7.3132     48.000     7.3089    24.6127     6.0122     8.5920     87.651    262.053    268.503   -0.00107    6.85919    9.80247  298.97298   15.43108 5.1922e-02     0.2614     0.6264    85.5047 0.0000e+00
        436  16.585564    0.03021     1.8127    108.760     49.468  50073.835    31.4883     7.3134     49.000     7.3090    24.6126     6.0134     8.5938     87.670    262.106    268.557   -0.00079    6.85916    9.80243  298.97181   15.43102 5.2116e-02     0.2748     0.6227    85.5841 0.0000e+00
        440  16.585575    0.03046     1.8273    109.639     50.478  50075.191    31.4889     7.3137     50.000     7.3096    24.6131     6.0178     8.6001     87.735    262.301    268.757   -0.00007    6.85908    9.80232  298.96810   15.43084 5.2115e-02     0.2634     0.6228    85.5827 0.0000e+00
        443  16.585585    0.03069     1.8419    110.516     51.488  50075.883    31.4891     7.3144     51.000     7.3102    24.6131     6.0174     8.5995     87.730    262.281    268.737   -0.00001    6.85897    9.80216  298.96354   15.43062 5.2345e-02     0.2618     0.6364    85.2905 0.0000e+00
        447  16.585595    0.03094     1.8564    111.382     52.498  50076.874    31.4894     7.3149     52.000     7.3103    24.6133     6.0164     8.5981     87.717    262.240    268.694   -0.00038    6.85888    9.80203  298.95942   15.43043 5.2386e-02     0.2590     0.6468    85.0702 0.0000e+00
        450  16.585605    0.03117     1.8703    112.217     53.506  50077.744    31.4896     7.3152     53.000     7.3107    24.6134     6.0161     8.5976     87.713    262.225    268.679   -0.00030    6.85883    9.80195  298.95686   15.43030 5.2698e-02     0.2480     0.6602    84.7853 0.0000e+00
