CTD-processing/allCTD/CNV/2015_11-04_t3_s08_cast010_5028.cnv
* Sea-Bird SBE19plus Data File:
* FileName = C:\Users\Kris.Holderied\Documents\kasitsna\Research-KBL\Oceanography-AK\CTD-Data-ALL-to-2015-10\2015-CTD-KachemakBay-CookInlet\2015-11-EVOSTC-CookInlet-quarterly\2015-11-04-CookInlet-Tran3-AnchorPt\2015-11-04-CookInlet-Tran3-cast010.hex
* Software Version 1.59
* Temperature SN =  5028
* Conductivity SN =  5028
* System UpLoad Time = Nov 04 2015 13:59:55
** Cook Inlet LTM Tran3 Anchor Pt  Northwest to Southeast

** Date: 11-04
** Station: 3-08
** Start time (AKST): 06:29
** Depth (m): 80.8
** Comment: M/V Ursus.
** Comment:
# nquan = 27
# nvalues = 80                          
# units = specified
# name 0 = scan: Scan Count
# name 1 = timeJ: Julian Days
# name 2 = timeH: Time, Elapsed [hours]
# name 3 = timeM: Time, Elapsed [minutes]
# name 4 = timeS: Time, Elapsed [seconds]
# name 5 = prdM: Pressure, Strain Gauge [db]
# name 6 = specc: Specific Conductance [uS/cm]
# name 7 = sal00: Salinity, Practical [PSU]
# name 8 = tv290C: Temperature [ITS-90, deg C]
# name 9 = depSM: Depth [salt water, m], lat = 59.00
# name 10 = potemp090C: Potential Temperature [ITS-90, deg C]
# name 11 = sigma-é00: Density [sigma-theta, kg/m^3]
# name 12 = sbeox0ML/L: Oxygen, SBE 43 [ml/l]
# name 13 = sbeox0Mg/L: Oxygen, SBE 43 [mg/l]
# name 14 = sbeox0PS: Oxygen, SBE 43 [% saturation]
# name 15 = sbox0Mm/Kg: Oxygen, SBE 43 [umol/kg]
# name 16 = sbeox0Mm/L: Oxygen, SBE 43 [umol/l]
# name 17 = sbox0dV/dT: Oxygen, SBE 43 [dov/dt]
# name 18 = oxsolML/L: Oxygen Saturation, Garcia & Gordon [ml/l]
# name 19 = oxsolMg/L: Oxygen Saturation, Garcia & Gordon [mg/l]
# name 20 = oxsolMm/Kg: Oxygen Saturation, Garcia & Gordon [umol/kg]
# name 21 = potemp090C: Potential Temperature [ITS-90, deg C]
# name 22 = n2satMg/L: Nitrogen Saturation [mg/l]
# name 23 = par: PAR/Irradiance, Biospherical/Licor
# name 24 = flECO-AFL: Fluorescence, WET Labs ECO-AFL/FL [mg/m^3]
# name 25 = turbWETntu0: Turbidity, WET Labs ECO [NTU]
# name 26 = flag: flag
# span 0 =         51,       1368       
# span 1 = 308.269832, 308.273642       
# span 2 =    0.00345,    0.09491       
# span 3 =     0.2071,     5.6949       
# span 4 =     12.428,    341.695       
# span 5 =      1.009,     80.770       
# span 6 =  45826.807,  48160.079       
# span 7 =    28.6519,    30.3738       
# span 8 =     7.8751,     8.8210       
# span 9 =      1.000,     80.000       
# span 10 =     7.8535,     8.8132      
# span 11 =    22.3099,    23.5260      
# span 12 =     5.9430,     6.1872      
# span 13 =     8.4932,     8.8421      
# span 14 =     86.156,     90.532      
# span 15 =    259.622,    270.226      
# span 16 =    265.413,    276.320      
# span 17 =   -0.00202,    0.01501      
# span 18 =    6.67703,    6.89825      
# span 19 =    9.54213,    9.85829      
# span 20 =  291.34203,  301.35290      
# span 21 =     7.8750,     8.8132      
# span 22 =   15.07135,   15.55635      
# span 23 = 3.7905e-02, 9.1831e-02      
# span 24 =     0.2031,     0.2930      
# span 25 =     0.7227,     3.8647      
# span 26 = 0.0000e+00, 0.0000e+00      
# interval = meters: 1                  
# start_time = Nov 04 2015 06:28:21 [Instrument's time stamp, header]
# bad_flag = -9.990e-29
*END*
[from data line 54]
       1181 308.273103    0.08197     4.9186    295.116     55.527  48085.053    30.3274     8.7988     55.000     8.7967    23.4925     5.9865     8.5552     89.587    261.218    267.355   -0.00026    6.68231    9.54970  291.58221     8.7933   15.08301 3.8984e-02     0.2645     0.8256 0.0000e+00
       1188 308.273123    0.08246     4.9476    296.856     56.536  48095.025    30.3349     8.8056     56.000     8.8006    23.4974     5.9883     8.5578     89.632    261.296    267.436    0.00004    6.68099    9.54780  291.52281     8.7999   15.08014 3.9027e-02     0.2607     0.7560 0.0000e+00
       1197 308.273148    0.08307     4.9840    299.040     57.546  48099.065    30.3375     8.8073     57.000     8.8017    23.4992     5.9819     8.5488     89.542    261.020    267.153   -0.00051    6.68061    9.54726  291.50584     8.8016   15.07932 3.9088e-02     0.2522     0.7272 0.0000e+00
       1203 308.273166    0.08347     5.0085    300.509     58.555  48102.766    30.3397     8.8078     58.000     8.8020    23.5009     5.9859     8.5544     89.603    261.191    267.329   -0.00005    6.68044    9.54702  291.49805     8.8020   15.07894 3.9066e-02     0.2603     0.7788 0.0000e+00
       1212 308.273193    0.08413     5.0478    302.867     59.566  48106.214    30.3418     8.8081     59.000     8.8024    23.5025     5.9816     8.5483     89.540    261.002    267.137   -0.00041    6.68030    9.54682  291.49144     8.8022   15.07862 3.9075e-02     0.2401     0.7227 0.0000e+00
       1218 308.273209    0.08451     5.0710    304.258     60.575  48120.962    30.3519     8.8102     60.000     8.8056    23.5101     5.9838     8.5515     89.585    261.100    267.238   -0.00009    6.67954    9.54573  291.45612     8.8042   15.07689 3.9084e-02     0.2599     0.7939 0.0000e+00
       1226 308.273231    0.08505     5.1031    306.189     61.585  48131.652    30.3595     8.8143     61.000     8.8084    23.5155     5.9848     8.5529     89.612    261.140    267.281    0.00004    6.67861    9.54441  291.41404     8.8081   15.07485 3.9130e-02     0.2569     0.7999 0.0000e+00
       1233 308.273253    0.08558     5.1344    308.067     62.595  48131.002    30.3587     8.8146     62.000     8.8084    23.5148     5.9912     8.5620     89.708    261.420    267.567    0.00047    6.67859    9.54438  291.41341     8.8084   15.07482 3.9185e-02     0.2420     0.7923 0.0000e+00
       1241 308.273276    0.08611     5.1668    310.011     63.604  48133.119    30.3598     8.8149     63.000     8.8086    23.5156     5.9883     8.5578     89.664    261.290    267.435   -0.00002    6.67851    9.54425  291.40944     8.8086   15.07463 3.9269e-02     0.2337     0.7446 0.0000e+00
       1249 308.273298    0.08665     5.1989    311.935     64.614  48135.199    30.3609     8.8153     64.000     8.8090    23.5165     5.9836     8.5512     89.596    261.088    267.228   -0.00042    6.67841    9.54411  291.40486     8.8088   15.07440 3.9353e-02     0.2225     0.7503 0.0000e+00
       1257 308.273321    0.08721     5.2327    313.960     65.624  48136.660    30.3615     8.8158     65.000     8.8093    23.5169     5.9811     8.5476     89.561    260.979    267.116   -0.00046    6.67829    9.54394  291.39966     8.8093   15.07415 3.9339e-02     0.2443     0.8278 0.0000e+00
       1264 308.273342    0.08771     5.2625    315.749     66.633  48137.060    30.3614     8.8160     66.000     8.8094    23.5168     5.9857     8.5542     89.630    261.181    267.323    0.00007    6.67827    9.54392  291.39896     8.8094   15.07412 3.9300e-02     0.2475     0.8434 0.0000e+00
       1271 308.273362    0.08819     5.2912    317.473     67.644  48137.232    30.3611     8.8160     67.000     8.8093    23.5166     5.9864     8.5552     89.640    261.210    267.353    0.00004    6.67829    9.54394  291.39953     8.8093   15.07415 3.9242e-02     0.2474     0.8395 0.0000e+00
       1279 308.273387    0.08878     5.3267    319.602     68.653  48140.915    30.3633     8.8164     68.000     8.8098    23.5182     5.9829     8.5502     89.590    261.057    267.197   -0.00030    6.67813    9.54372  291.39228     8.8095   15.07379 3.9237e-02     0.2366     0.8979 0.0000e+00
       1287 308.273408    0.08930     5.3579    321.475     69.663  48146.245    30.3668     8.8178     69.000     8.8111    23.5208     5.9841     8.5519     89.613    261.109    267.251   -0.00010    6.67778    9.54321  291.37609     8.8108   15.07300 3.9196e-02     0.2368     0.8172 0.0000e+00
       1295 308.273433    0.08989     5.3934    323.606     70.673  48149.389    30.3687     8.8187     70.000     8.8117    23.5221     5.9842     8.5521     89.618    261.115    267.257   -0.00007    6.67755    9.54289  291.36587     8.8117   15.07251 3.9192e-02     0.2424     0.7862 0.0000e+00
       1300 308.273447    0.09024     5.4142    324.849     71.683  48147.201    30.3667     8.8186     71.000     8.8113    23.5206     5.9832     8.5507     89.601    261.071    267.212   -0.00021    6.67765    9.54303  291.37083     8.8115   15.07276 3.9178e-02     0.2351     0.8459 0.0000e+00
       1311 308.273477    0.09095     5.4567    327.404     72.692  48147.006    30.3661     8.8180     72.000     8.8108    23.5202     5.9874     8.5566     89.661    261.251    267.396    0.00013    6.67777    9.54320  291.37607     8.8108   15.07301 3.9179e-02     0.2332     0.7915 0.0000e+00
       1317 308.273497    0.09142     5.4854    329.125     73.702  48149.619    30.3675     8.8184     73.000     8.8114    23.5213     5.9864     8.5551     89.648    261.207    267.351   -0.00003    6.67764    9.54303  291.37027     8.8111   15.07272 3.9153e-02     0.2307     0.8488 0.0000e+00
       1324 308.273516    0.09188     5.5127    330.761     74.712  48156.100    30.3718     8.8198     74.000     8.8127    23.5245     5.9794     8.5451     89.548    260.902    267.040   -0.00063    6.67726    9.54248  291.35261     8.8123   15.07186 3.9122e-02     0.2208     0.9058 0.0000e+00
       1331 308.273536    0.09236     5.5418    332.510     75.722  48158.849    30.3735     8.8207     75.000     8.8132    23.5256     5.9829     8.5501     89.604    261.055    267.196   -0.00012    6.67705    9.54218  291.34316     8.8131   15.07141 3.9116e-02     0.2416     0.9030 0.0000e+00
       1343 308.273570    0.09317     5.5906    335.436     76.732  48160.079    30.3738     8.8206     76.000     8.8131    23.5260     5.9855     8.5539     89.643    261.168    267.313    0.00005    6.67705    9.54217  291.34300     8.8129   15.07140 3.9093e-02     0.2170     0.8053 0.0000e+00
       1347 308.273581    0.09346     5.6076    336.453     77.741  48159.541    30.3731     8.8210     77.000     8.8132    23.5254     5.9921     8.5632     89.741    261.454    267.605    0.00059    6.67703    9.54213  291.34203     8.8132   15.07135 3.9010e-02     0.2323     0.9099 0.0000e+00
       1354 308.273604    0.09398     5.6389    338.335     78.751  48158.697    30.3720     8.8207     78.000     8.8128    23.5246     5.9877     8.5570     89.675    261.264    267.410    0.00001    6.67711    9.54226  291.34609     8.8129   15.07155 3.8891e-02     0.2368     1.0026 0.0000e+00
       1364 308.273631    0.09465     5.6791    340.744     79.761  48157.961    30.3711     8.8206     79.000     8.8126    23.5239     5.9822     8.5491     89.591    261.021    267.162   -0.00037    6.67717    9.54234  291.34885     8.8126   15.07169 3.8983e-02     0.2339     1.1431 0.0000e+00
       1368 308.273642    0.09491     5.6949    341.695     80.770  48157.865    30.3707     8.8206     80.000     8.8126    23.5235     5.9856     8.5540     89.642    261.174    267.318   -0.00007    6.67718    9.54237  291.34958     8.8126   15.07173 3.8923e-02     0.2140     1.0672 0.0000e+00
