CTD-processing/allCTD/CNV/2015_07-10_t9_s04_cast275_4141.cnv
* Sea-Bird SBE19plus Data File:
* FileName = C:\Users\Kris.Holderied\Documents\kasitsna\Research-KBL\Oceanography-AK\CTD-Data-ALL-to-2015-10\2015-CTD-KachemakBay-CookInlet\2015-07-10-CookInlet-Tran9-HomerSpit\2015-07-10-CookInlet-Tran9-cast275.hex
* Software Version 1.59
* Temperature SN =  4141
* Conductivity SN =  4141
* System UpLoad Time = Nov 02 2015 19:40:07
** Kachemak Bay Intensive Survey - Homer Spit (Tran 9)
** Date (YYYY-MM-DD): 2015-07-10
** Station (ie. 9-01):  9-04
** Start time (AKDT): 11:22
** Depth (m): 93
** Comment:  Survey included T9, sub-bays and along-bay line on two boats.
** Comment: R/V Barnacle. KBRR CTD.
# nquan = 27
# nvalues = 87                          
# units = specified
# name 0 = scan: Scan Count
# name 1 = timeJ: Julian Days
# name 2 = timeH: Time, Elapsed [hours]
# name 3 = timeM: Time, Elapsed [minutes]
# name 4 = timeS: Time, Elapsed [seconds]
# name 5 = prdM: Pressure, Strain Gauge [db]
# name 6 = specc: Specific Conductance [uS/cm]
# name 7 = sal00: Salinity, Practical [PSU]
# name 8 = tv290C: Temperature [ITS-90, deg C]
# name 9 = depSM: Depth [salt water, m], lat = 59.00
# name 10 = potemp090C: Potential Temperature [ITS-90, deg C]
# name 11 = sigma-é00: Density [sigma-theta, kg/m^3]
# name 12 = sbeox0ML/L: Oxygen, SBE 43 [ml/l]
# name 13 = sbeox0Mg/L: Oxygen, SBE 43 [mg/l]
# name 14 = sbeox0PS: Oxygen, SBE 43 [% saturation]
# name 15 = sbox0Mm/Kg: Oxygen, SBE 43 [umol/kg]
# name 16 = sbeox0Mm/L: Oxygen, SBE 43 [umol/l]
# name 17 = sbox0dV/dT: Oxygen, SBE 43 [dov/dt]
# name 18 = oxsolML/L: Oxygen Saturation, Garcia & Gordon [ml/l]
# name 19 = oxsolMg/L: Oxygen Saturation, Garcia & Gordon [mg/l]
# name 20 = oxsolMm/Kg: Oxygen Saturation, Garcia & Gordon [umol/kg]
# name 21 = n2satMg/L: Nitrogen Saturation [mg/l]
# name 22 = par: PAR/Irradiance, Biospherical/Licor
# name 23 = wetStar: Fluorescence, WET Labs WETstar [mg/m^3]
# name 24 = CStarAt0: Beam Attenuation, WET Labs C-Star [1/m]
# name 25 = CStarTr0: Beam Transmission, WET Labs C-Star [%]
# name 26 = flag: flag
# span 0 =        417,        816       
# span 1 = 191.475809, 191.476965       
# span 2 =    0.02887,    0.05660       
# span 3 =     1.7321,     3.3961       
# span 4 =    103.924,    203.766       
# span 5 =      1.018,     87.829       
# span 6 =  41836.980,  49818.592       
# span 7 =    26.3341,    31.4501       
# span 8 =     7.8777,    11.9317       
# span 9 =      1.000,     87.000       
# span 10 =     7.8563,    11.8250      
# span 11 =    19.8813,    24.4554      
# span 12 =     5.9796,     6.7837      
# span 13 =     8.5454,     9.6946      
# span 14 =     88.248,    105.052      
# span 15 =    260.672,    296.447      
# span 16 =    267.047,    302.962      
# span 17 =   -0.04156,    0.00741      
# span 18 =    6.40034,    6.77586      
# span 19 =    9.14671,    9.68338      
# span 20 =  280.26725,  295.38603      
# span 21 =   14.55824,   15.26032      
# span 22 = 4.4967e-02, 1.9592e+02      
# span 23 =     0.2282,     2.7466      
# span 24 =     0.3577,     2.0629      
# span 25 =    59.6634,    91.4465      
# span 26 = 0.0000e+00, 0.0000e+00      
# interval = meters: 1                  
# start_time = Jul 10 2015 11:23:26 [Instrument's time stamp, header]
# bad_flag = -9.990e-29
*END*
[from data line 54]
        663 191.476523    0.04600     2.7604    165.622     55.524  49514.093    31.3812     9.1752     55.000     9.1374    24.2597     6.1458     8.7829     93.380    267.969    274.470   -0.00315    6.58147    9.40559  286.96712   14.85818 1.0260e-01     0.7792     0.3695    91.1778 0.0000e+00
        667 191.476535    0.04627     2.7764    166.583     56.540  49554.128    31.4017     9.1240     56.000     9.1037    24.2837     6.1363     8.7694     93.142    267.551    274.048   -0.00502    6.58810    9.41505  287.24919   14.87158 9.5044e-02     0.7688     0.3640    91.3015 0.0000e+00
        671 191.476544    0.04652     2.7909    167.454     57.548  49561.602    31.4031     9.0994     57.000     9.0808    24.2885     6.1421     8.7777     93.180    267.801    274.306   -0.00328    6.59165    9.42012  287.40231   14.87889 8.8825e-02     0.7299     0.3653    91.2722 0.0000e+00
        674 191.476554    0.04674     2.8044    168.266     58.552  49560.485    31.3989     9.0789     58.000     9.0558    24.2885     6.1469     8.7845     93.207    268.010    274.520   -0.00205    6.59483    9.42467  287.54108   14.88554 8.3248e-02     0.6869     0.3777    90.9893 0.0000e+00
        677 191.476564    0.04697     2.8184    169.102     59.565  49560.829    31.3943     9.0473     59.000     9.0232    24.2897     6.1451     8.7819     93.112    267.932    274.439   -0.00237    6.59966    9.43157  287.75138   14.89561 7.8916e-02     0.6629     0.3771    91.0034 0.0000e+00
        681 191.476574    0.04723     2.8339    170.034     60.569  49581.152    31.4044     9.0203     60.000     9.0057    24.3016     6.1468     8.7844     93.088    268.002    274.515   -0.00219    6.60318    9.43662  287.90186   14.90276 7.5116e-02     0.6616     0.3730    91.0981 0.0000e+00
        686 191.476587    0.04754     2.8522    171.131     61.594  49580.881    31.4011     9.0017     61.000     8.9842    24.3020     6.1538     8.7943     93.152    268.303    274.824   -0.00081    6.60607    9.44073  288.02728   14.90877 7.1812e-02     0.6079     0.3734    91.0885 0.0000e+00
        689 191.476597    0.04777     2.8663    171.980     62.596  49562.965    31.3850     8.9803     62.000     8.9470    24.2927     6.1491     8.7877     93.028    268.106    274.619   -0.00149    6.60990    9.44622  288.19725   14.91696 6.8801e-02     0.5644     0.3781    90.9818 0.0000e+00
        692 191.476606    0.04800     2.8795    172.772     63.606  49549.668    31.3684     8.9323     63.000     8.8888    24.2870     6.1416     8.7770     92.806    267.782    274.285   -0.00349    6.61768    9.45732  288.53795   14.93331 6.6074e-02     0.5652     0.3726    91.1049 0.0000e+00
        695 191.476615    0.04821     2.8925    173.547     64.610  49583.753    31.3842     8.8789     64.000     8.8502    24.3075     6.1412     8.7763     92.698    267.757    274.266   -0.00401    6.62489    9.46763  288.84652   14.94799 6.4156e-02     0.5358     0.3756    91.0384 0.0000e+00
        699 191.476625    0.04845     2.9071    174.424     65.616  49565.607    31.3645     8.8333     65.000     8.7921    24.2990     6.1583     8.8009     92.850    268.506    275.030   -0.00164    6.63250    9.47851  289.18063   14.96404 6.1443e-02     0.5092     0.3751    91.0489 0.0000e+00
        704 191.476642    0.04884     2.9306    175.834     66.636  49625.934    31.3974     8.7713     66.000     8.7608    24.3340     6.1697     8.8171     92.914    268.993    275.538   -0.00033    6.64028    9.48962  289.50975   14.97963 6.0155e-02     0.3976     0.3754    91.0419 0.0000e+00
        709 191.476656    0.04920     2.9520    177.120     67.640  49627.569    31.3971     8.7652     67.000     8.7519    24.3348     6.1658     8.8115     92.841    268.822    275.364   -0.00095    6.64120    9.49093  289.54955   14.98153 5.7643e-02     0.3246     0.3737    91.0801 0.0000e+00
        714 191.476670    0.04953     2.9720    178.319     68.655  49611.208    31.3812     8.7377     68.000     8.7142    24.3265     6.1622     8.8064     92.722    268.670    275.205   -0.00162    6.64597    9.49776  289.76012   14.99166 5.5730e-02     0.3189     0.3758    91.0327 0.0000e+00
        719 191.476683    0.04985     2.9909    179.454     69.662  49635.713    31.3937     8.7088     69.000     8.6978    24.3406     6.1568     8.7986     92.586    268.426    274.960   -0.00264    6.64972    9.50311  289.91963   14.99923 5.4393e-02     0.2946     0.3838    90.8511 0.0000e+00
        725 191.476701    0.05027     3.0164    180.981     70.670  49631.965    31.3881     8.6914     70.000     8.6747    24.3388     6.1672     8.8135     92.704    268.882    275.427   -0.00069    6.65257    9.50718  290.04415   15.00520 5.3687e-02     0.3013     0.3940    90.6189 0.0000e+00
        735 191.476730    0.05095     3.0573    183.441     71.689  49638.352    31.3876     8.6604     71.000     8.6456    24.3431     6.1459     8.7831     92.320    267.953    274.475   -0.00349    6.65719    9.51379  290.24474   15.01478 5.3689e-02     0.2903     0.4293    89.8330 0.0000e+00
        740 191.476745    0.05132     3.0789    184.737     72.692  49627.907    31.3763     8.6362     72.000     8.6097    24.3378     6.1587     8.8013     92.454    268.509    275.045   -0.00101    6.66129    9.51965  290.42494   15.02344 5.2621e-02     0.2800     0.3950    90.5959 0.0000e+00
        745 191.476760    0.05170     3.1017    186.104     73.698  49631.819    31.3694     8.5743     73.000     8.5421    24.3416     6.1488     8.7873     92.175    268.081    274.607   -0.00288    6.67084    9.53330  290.84037   15.04332 5.1153e-02     0.2827     0.4213    90.0049 0.0000e+00
        751 191.476777    0.05208     3.1252    187.510     74.717  49596.990    31.3306     8.4806     74.000     8.4130    24.3250     6.1340     8.7662     91.737    267.442    273.947   -0.00534    6.68658    9.55580  291.53142   15.07648 5.0442e-02     0.2792     0.4358    89.6779 0.0000e+00
        756 191.476790    0.05240     3.1441    188.648     75.723  49570.203    31.2869     8.3194     75.000     8.2168    24.3144     6.1135     8.7368     91.073    266.548    273.030   -0.00914    6.71280    9.59326  292.67724   15.13139 4.9903e-02     0.2457     0.5167    87.8860 0.0000e+00
        760 191.476802    0.05270     3.1617    189.702     76.732  49676.753    31.3323     8.1322     76.000     8.0736    24.3769     6.0793     8.6879     90.206    265.038    271.499   -0.01390    6.73925    9.63106  293.81259   15.18542 4.9532e-02     0.2505     0.6148    85.7538 0.0000e+00
        764 191.476814    0.05299     3.1793    190.760     77.740  49752.611    31.3732     8.0577     77.000     8.0350    24.4196     6.0452     8.6391     89.573    263.540    269.975   -0.01528    6.74882    9.64474  294.21771   15.20460 4.9016e-02     0.2376     0.7133    83.6680 0.0000e+00
        768 191.476827    0.05329     3.1977    191.862     78.752  49766.196    31.3775     8.0277     78.000     8.0094    24.4273     6.0252     8.6106     89.220    262.669    269.086   -0.01333    6.75322    9.65103  294.40715   15.21363 4.8263e-02     0.2345     0.7581    82.7354 0.0000e+00
        773 191.476840    0.05362     3.2172    193.031     79.758  49776.055    31.3804     8.0050     79.000     7.9906    24.4328     6.0185     8.6010     89.077    262.377    268.788   -0.00993    6.75658    9.65583  294.55195   15.22053 4.7039e-02     0.2290     0.7904    82.0708 0.0000e+00
        779 191.476857    0.05401     3.2407    194.440     80.771  49783.132    31.3827     7.9912     80.000     7.9802    24.4366     6.0141     8.5948     88.985    262.184    268.591   -0.00663    6.75858    9.65869  294.63836   15.22464 4.5668e-02     0.2510     0.8322    81.2184 0.0000e+00
        784 191.476872    0.05437     3.2623    195.740     81.786  49784.537    31.3817     7.9818     81.000     7.9710    24.4371     6.0135     8.5938     88.956    262.156    268.562   -0.00421    6.76007    9.66082  294.70306   15.22774 4.5281e-02     0.2557     0.8579    80.6958 0.0000e+00
        788 191.476884    0.05466     3.2796    196.774     82.793  49791.332    31.3853     7.9774     82.000     7.9694    24.4407     6.0059     8.5830     88.837    261.823    268.222   -0.00398    6.76058    9.66154  294.72416   15.22873 4.5178e-02     0.2430     0.8965    79.9212 0.0000e+00
        792 191.476895    0.05493     3.2957    197.742     83.791  49792.466    31.3857     7.9773     83.000     7.9693    24.4409     6.0063     8.5836     88.843    261.842    268.242   -0.00299    6.76058    9.66155  294.72416   15.22873 4.4967e-02     0.2431     0.8738    80.3757 0.0000e+00
        800 191.476918    0.05548     3.3288    199.731     84.813  49791.528    31.3846     7.9779     84.000     7.9679    24.4400     6.0111     8.5904     88.914    262.049    268.453   -0.00109    6.76053    9.66147  294.72209   15.22863 4.6027e-02     0.2282     0.8495    80.8661 0.0000e+00
        807 191.476938    0.05595     3.3571    201.426     85.822  49769.099    31.3664     7.9645     85.000     7.9367    24.4276     5.9978     8.5715     88.680    261.476    267.863   -0.00264    6.76340    9.66558  294.85105   15.23487 4.6700e-02     0.2361     0.8691    80.4714 0.0000e+00
        811 191.476951    0.05626     3.3758    202.548     86.830  49788.257    31.3713     7.9141     86.000     7.8880    24.4386     6.0076     8.5855     88.728    261.901    268.302   -0.00138    6.77091    9.67631  295.17528   15.25033 4.6640e-02     0.2499     0.9714    78.4449 0.0000e+00
        816 191.476965    0.05660     3.3961    203.766     87.829  49818.592    31.3862     7.8777     87.000     7.8563    24.4554     5.9796     8.5454     88.248    260.672    267.047   -0.00485    6.77586    9.68338  295.38603   15.26032 4.6512e-02     0.2457     1.1387    75.2268 0.0000e+00
