CTD-processing/allCTD/CNV/2015_08-14_t4_s04_cast165_5028.cnv
* Sea-Bird SBE19plus Data File:
* FileName = C:\Users\Kris.Holderied\Documents\kasitsna\Research-KBL\Oceanography-AK\CTD-Data-ALL-to-2015-06\2015-CTD-KachemakBay-CookInlet\2015-08-14-CookInlet-east-and-KachemakBay\2015-08-14-CookInlet-east-and_KBay-cast165.hex
* Software Version 1.59
* Temperature SN =  5028
* Conductivity SN =  5028
* System UpLoad Time = Sep 24 2015 11:35:46
** Cook Inlet East side (T6/T7), along Kachemak Bay to Spit, T9 batch upload
** Date (YYYY-MM-DD): 2015-08-14
** Station (ie. 9-01):  4-04
** Start time (AKDT): 15:07
** Depth (m): 90.3
** Comment:  Nuka R/V Johanna Rose
** Comment:
# nquan = 27
# nvalues = 89                          
# units = specified
# name 0 = scan: Scan Count
# name 1 = timeJ: Julian Days
# name 2 = timeH: Time, Elapsed [hours]
# name 3 = timeM: Time, Elapsed [minutes]
# name 4 = timeS: Time, Elapsed [seconds]
# name 5 = prdM: Pressure, Strain Gauge [db]
# name 6 = specc: Specific Conductance [uS/cm]
# name 7 = sal00: Salinity, Practical [PSU]
# name 8 = tv290C: Temperature [ITS-90, deg C]
# name 9 = depSM: Depth [salt water, m], lat = 59.00
# name 10 = potemp090C: Potential Temperature [ITS-90, deg C]
# name 11 = sigma-é00: Density [sigma-theta, kg/m^3]
# name 12 = sbeox0ML/L: Oxygen, SBE 43 [ml/l]
# name 13 = sbeox0Mg/L: Oxygen, SBE 43 [mg/l]
# name 14 = sbeox0PS: Oxygen, SBE 43 [% saturation]
# name 15 = sbox0Mm/Kg: Oxygen, SBE 43 [umol/kg]
# name 16 = sbeox0Mm/L: Oxygen, SBE 43 [umol/l]
# name 17 = sbox0dV/dT: Oxygen, SBE 43 [dov/dt]
# name 18 = oxsolML/L: Oxygen Saturation, Garcia & Gordon [ml/l]
# name 19 = oxsolMg/L: Oxygen Saturation, Garcia & Gordon [mg/l]
# name 20 = oxsolMm/Kg: Oxygen Saturation, Garcia & Gordon [umol/kg]
# name 21 = potemp090C: Potential Temperature [ITS-90, deg C]
# name 22 = n2satMg/L: Nitrogen Saturation [mg/l]
# name 23 = par: PAR/Irradiance, Biospherical/Licor
# name 24 = flECO-AFL: Fluorescence, WET Labs ECO-AFL/FL [mg/m^3]
# name 25 = turbWETntu0: Turbidity, WET Labs ECO [NTU]
# name 26 = flag: flag
# span 0 =        214,        697       
# span 1 = 226.630488, 226.631888       
# span 2 =    0.01477,    0.04836       
# span 3 =     0.8864,     2.9018       
# span 4 =     53.182,    174.110       
# span 5 =      1.009,     89.859       
# span 6 =  48077.095,  49259.601       
# span 7 =    30.6928,    31.2538       
# span 8 =     9.6562,    11.4892       
# span 9 =      1.000,     89.000       
# span 10 =     9.6468,    11.4506      
# span 11 =    23.3392,    24.0852      
# span 12 =     5.3528,     6.2690      
# span 13 =     7.6498,     8.9590      
# span 14 =     82.136,     99.708      
# span 15 =    233.436,    273.509      
# span 16 =    239.058,    279.973      
# span 17 =   -0.01510,    0.00128      
# span 18 =    6.28657,    6.51724      
# span 19 =    8.98414,    9.31379      
# span 20 =  274.30719,  284.21465      
# span 21 =     9.6469,    11.4891      
# span 22 =   14.25365,   14.72709      
# span 23 = 5.7319e-02, 3.7554e+02      
# span 24 =     0.3114,     1.3862      
# span 25 =     0.2265,     1.7107      
# span 26 = 0.0000e+00, 0.0000e+00      
# interval = meters: 1                  
# start_time = Aug 14 2015 15:07:01 [Instrument's time stamp, header]
# bad_flag = -9.990e-29
*END*
[from data line 54]
        567 226.631511    0.03932     2.3588    141.527     55.526  49097.151    31.2057    10.0671     55.000    10.0490    23.9807     5.6919     8.1343     88.100    248.247    254.200   -0.00842    6.46074    9.23304  281.77936    10.0610   14.61079 1.1364e-01     0.5136     0.5172 0.0000e+00
        571 226.631522    0.03958     2.3750    142.499     56.536  49106.864    31.2093    10.0447     56.000    10.0302    23.9873     5.6747     8.1098     87.793    247.496    253.433   -0.00790    6.46377    9.23737  281.90962    10.0384   14.61700 1.0410e-01     0.5216     0.5320 0.0000e+00
        575 226.631534    0.03986     2.3914    143.483     57.546  49116.454    31.2139    10.0311     57.000    10.0207    23.9931     5.6614     8.0907     87.564    246.915    252.839   -0.00720    6.46550    9.23984  281.98339    10.0247   14.62051 9.6086e-02     0.4975     0.5476 0.0000e+00
        579 226.631544    0.04012     2.4071    144.423     58.556  49117.696    31.2134    10.0228     58.000    10.0118    23.9940     5.6520     8.0773     87.401    246.503    252.418   -0.00620    6.46669    9.24154  282.03497    10.0164   14.62299 8.9557e-02     0.4712     0.5698 0.0000e+00
        583 226.631556    0.04039     2.4232    145.392     59.565  49122.321    31.2152    10.0151     59.000    10.0059    23.9968     5.6407     8.0612     87.214    246.013    251.917   -0.00566    6.46770    9.24298  282.07826    10.0086   14.62505 8.4371e-02     0.4494     0.5842 0.0000e+00
        586 226.631567    0.04066     2.4395    146.369     60.575  49120.746    31.2130    10.0092     60.000     9.9968    23.9960     5.6319     8.0486     87.066    245.629    251.523   -0.00503    6.46862    9.24431  282.11904    10.0026   14.62701 8.0117e-02     0.4413     0.5800 0.0000e+00
        590 226.631578    0.04091     2.4550    147.300     61.585  49116.508    31.2078     9.9954     61.000     9.9763    23.9942     5.6273     8.0420     86.965    245.429    251.317   -0.00434    6.47080    9.24742  282.21452     9.9886   14.63160 7.6423e-02     0.4344     0.5908 0.0000e+00
        594 226.631589    0.04119     2.4712    148.273     62.595  49118.357    31.2054     9.9696     62.000     9.9474    23.9966     5.6190     8.0301     86.786    245.064    250.945   -0.00414    6.47456    9.25279  282.37757     9.9627   14.63941 7.3056e-02     0.4280     0.5924 0.0000e+00
        598 226.631600    0.04145     2.4870    149.218     63.604  49135.299    31.2136     9.9432     63.000     9.9264    24.0072     5.6047     8.0097     86.519    244.436    250.305   -0.00473    6.47796    9.25765  282.52293     9.9363   14.64634 7.0441e-02     0.4179     0.6072 0.0000e+00
        602 226.631611    0.04173     2.5034    150.207     64.614  49141.349    31.2147     9.9226     64.000     9.8992    24.0115     5.5932     7.9933     86.304    243.935    249.793   -0.00478    6.48083    9.26176  282.64716     9.9156   14.65227 6.8436e-02     0.4233     0.6154 0.0000e+00
        605 226.631621    0.04198     2.5187    151.122     65.624  49147.924    31.2143     9.8863     65.000     9.8533    24.0171     5.5833     7.9792     86.083    243.504    249.352   -0.00485    6.48601    9.26915  282.87134     9.8792   14.66300 6.6755e-02     0.4063     0.6342 0.0000e+00
        609 226.631633    0.04224     2.5348    152.089     66.633  49177.434    31.2286     9.8395     66.000     9.8163    24.0358     5.5636     7.9510     85.699    242.638    248.471   -0.00578    6.49207    9.27782  283.13064     9.8323   14.67534 6.5315e-02     0.3812     0.6458 0.0000e+00
        613 226.631645    0.04253     2.5516    153.098     67.643  49195.639    31.2375     9.8123     67.000     9.7956    24.0472     5.5341     7.9089     85.199    241.351    247.155   -0.00719    6.49559    9.28285  283.28081     9.8049   14.68249 6.3932e-02     0.3720     0.6838 0.0000e+00
        617 226.631655    0.04279     2.5670    154.022     68.653  49199.490    31.2376     9.7951     68.000     9.7768    24.0500     5.5102     7.8747     84.798    240.307    246.087   -0.00783    6.49803    9.28634  283.38660     9.7877   14.68755 6.2843e-02     0.3696     0.7178 0.0000e+00
        621 226.631666    0.04302     2.5813    154.876     69.663  49204.109    31.2379     9.7759     69.000     9.7563    24.0533     5.4916     7.8479     84.475    239.491    245.252   -0.00790    6.50077    9.29024  283.50480     9.7683   14.69321 6.2046e-02     0.3600     0.7591 0.0000e+00
        624 226.631676    0.04329     2.5976    155.857     70.673  49211.691    31.2397     9.7522     70.000     9.7332    24.0586     5.4737     7.8224     84.157    238.710    244.453   -0.00768    6.50408    9.29497  283.64772     9.7445   14.70003 6.0553e-02     0.3482     0.8004 0.0000e+00
        628 226.631688    0.04356     2.6135    156.813     71.683  49222.479    31.2443     9.7326     71.000     9.7173    24.0654     5.4580     7.8000     83.883    238.025    243.754   -0.00724    6.50667    9.29869  283.75940     9.7249   14.70535 5.9007e-02     0.3374     0.8375 0.0000e+00
        632 226.631698    0.04382     2.6292    157.751     72.692  49229.828    31.2473     9.7193     72.000     9.7064    24.0699     5.4419     7.7771     83.613    237.324    243.036   -0.00696    6.50845    9.30123  283.83550     9.7115   14.70899 5.8889e-02     0.3292     0.8860 0.0000e+00
        636 226.631709    0.04408     2.6446    158.675     73.702  49234.917    31.2495     9.7111     73.000     9.7000    24.0728     5.4285     7.7579     83.393    236.738    242.436   -0.00651    6.50954    9.30277  283.88189     9.7032   14.71119 5.9561e-02     0.3236     0.9493 0.0000e+00
        639 226.631720    0.04433     2.6600    159.599     74.712  49237.130    31.2498     9.7051     74.000     9.6939    24.0741     5.4155     7.7392     83.181    236.169    241.854   -0.00606    6.51039    9.30399  283.91871     9.6971   14.71296 5.9540e-02     0.3171     1.0068 0.0000e+00
        643 226.631731    0.04461     2.6766    160.594     75.721  49240.208    31.2508     9.6995     75.000     9.6894    24.0757     5.4029     7.7212     82.979    235.619    241.291   -0.00565    6.51113    9.30506  283.95088     9.6914   14.71449 5.9338e-02     0.3279     1.0678 0.0000e+00
        647 226.631742    0.04486     2.6919    161.511     76.731  49242.660    31.2516     9.6962     76.000     9.6870    24.0769     5.3968     7.7125     82.879    235.352    241.020   -0.00481    6.51158    9.30570  283.97007     9.6879   14.71540 5.9073e-02     0.3274     1.1236 0.0000e+00
        651 226.631753    0.04512     2.7074    162.444     77.742  49243.576    31.2517     9.6947     77.000     9.6853    24.0772     5.3909     7.7041     82.787    235.097    240.758   -0.00409    6.51179    9.30599  283.97887     9.6864   14.71582 5.8897e-02     0.3312     1.1938 0.0000e+00
        654 226.631763    0.04537     2.7222    163.334     78.751  49241.358    31.2493     9.6915     78.000     9.6790    24.0759     5.3912     7.7046     82.785    235.112    240.772   -0.00320    6.51234    9.30679  284.00356     9.6831   14.71702 5.8746e-02     0.3293     1.2093 0.0000e+00
        658 226.631775    0.04564     2.7387    164.321     79.761  49243.544    31.2492     9.6831     79.000     9.6700    24.0773     5.3930     7.7072     82.798    235.191    240.854   -0.00219    6.51355    9.30851  284.05583     9.6745   14.71952 5.8624e-02     0.3394     1.2704 0.0000e+00
        662 226.631785    0.04591     2.7545    165.271     80.771  49249.409    31.2519     9.6753     80.000     9.6650    24.0806     5.3887     7.7009     82.717    234.998    240.657   -0.00208    6.51457    9.30996  284.09914     9.6666   14.72157 5.8548e-02     0.3547     1.3474 0.0000e+00
        666 226.631796    0.04617     2.7700    166.199     81.781  49251.776    31.2529     9.6733     81.000     9.6635    24.0817     5.3817     7.6910     82.607    234.695    240.347   -0.00227    6.51481    9.31032  284.10971     9.6645   14.72207 5.8514e-02     0.3384     1.4196 0.0000e+00
        669 226.631807    0.04642     2.7851    167.108     82.791  49248.560    31.2498     9.6700     82.000     9.6564    24.0798     5.3741     7.6801     82.482    234.362    240.006   -0.00244    6.51543    9.31119  284.13681     9.6610   14.72338 5.8464e-02     0.3344     1.4340 0.0000e+00
        673 226.631817    0.04668     2.8006    168.035     83.801  49252.544    31.2510     9.6614     83.000     9.6494    24.0822     5.3671     7.6702     82.361    234.061    239.697   -0.00262    6.51659    9.31286  284.18702     9.6524   14.72578 5.8399e-02     0.3386     1.5475 0.0000e+00
        677 226.631829    0.04695     2.8169    169.016     84.810  49257.609    31.2535     9.6567     84.000     9.6471    24.0849     5.3613     7.6618     82.264    233.804    239.434   -0.00252    6.51716    9.31368  284.21128     9.6476   14.72693 5.8318e-02     0.3287     1.6497 0.0000e+00
        681 226.631839    0.04720     2.8321    169.927     85.820  49258.281    31.2536     9.6562     85.000     9.6468    24.0850     5.3577     7.6567     82.209    233.648    239.275   -0.00229    6.51724    9.31379  284.21465     9.6469   14.72709 5.8260e-02     0.3303     1.6708 0.0000e+00
        685 226.631851    0.04747     2.8480    170.882     86.830  49259.152    31.2538     9.6562     86.000     9.6471    24.0852     5.3556     7.6537     82.176    233.557    239.182   -0.00189    6.51723    9.31378  284.21426     9.6469   14.72707 5.8210e-02     0.3309     1.6829 0.0000e+00
        688 226.631861    0.04771     2.8627    171.764     87.839  49259.070    31.2533     9.6567     87.000     9.6475    24.0847     5.3531     7.6500     82.138    233.446    239.069   -0.00170    6.51717    9.31368  284.21143     9.6473   14.72694 5.8165e-02     0.3153     1.6903 0.0000e+00
        692 226.631873    0.04800     2.8800    172.800     88.849  49259.601    31.2533     9.6573     88.000     9.6482    24.0847     5.3532     7.6503     82.142    233.453    239.075   -0.00128    6.51708    9.31356  284.20780     9.6478   14.72677 5.8020e-02     0.3114     1.7015 0.0000e+00
        697 226.631888    0.04836     2.9018    174.110     89.859  49258.087    31.2519     9.6582     89.000     9.6481    24.0835     5.3528     7.6498     82.136    233.436    239.058   -0.00084    6.51701    9.31346  284.20511     9.6486   14.72665 5.7319e-02     0.3236     1.7107 0.0000e+00
