CTD-processing/allCTD/CNV/2015_04-08_t4_s10_cast030_5028.cnv
* Sea-Bird SBE19plus Data File:
* FileName = C:\Users\kris.holderied\Documents\kasitsna\Research-Projects-and-Data\Oceanography-AK\CTD-Data-ALL-to-2015-02\2015-CTD-KachemakBay-CookInlet\2015-04-EVOSTC-CookInlet-quarterly\2015-04-08-CookInlet-Tran4-Barabara\2015-04-08-CookInlet-Tran4-cast030.hex
* Software Version 1.59
* Temperature SN =  5028
* Conductivity SN =  5028
* System UpLoad Time = Apr 09 2015 19:25:20
** Cook Inlet LTM Tran 4 (Barabara) South to North
** Date: 04-08
** Station: 4-10
** Start time:  11:08
** Depth (m): 13
** Comment:  KBL CTD. Time is local (AKDT)
** Comment: On R/V Pandalus.
# nquan = 27
# nvalues = 13                          
# units = specified
# name 0 = scan: Scan Count
# name 1 = timeJ: Julian Days
# name 2 = timeH: Time, Elapsed [hours]
# name 3 = timeM: Time, Elapsed [minutes]
# name 4 = timeS: Time, Elapsed [seconds]
# name 5 = prdM: Pressure, Strain Gauge [db]
# name 6 = specc: Specific Conductance [uS/cm]
# name 7 = sal00: Salinity, Practical [PSU]
# name 8 = tv290C: Temperature [ITS-90, deg C]
# name 9 = depSM: Depth [salt water, m], lat = 59.00
# name 10 = potemp090C: Potential Temperature [ITS-90, deg C]
# name 11 = sigma-é00: Density [sigma-theta, kg/m^3]
# name 12 = sbeox0ML/L: Oxygen, SBE 43 [ml/l]
# name 13 = sbeox0Mg/L: Oxygen, SBE 43 [mg/l]
# name 14 = sbeox0PS: Oxygen, SBE 43 [% saturation]
# name 15 = sbox0Mm/Kg: Oxygen, SBE 43 [umol/kg]
# name 16 = sbeox0Mm/L: Oxygen, SBE 43 [umol/l]
# name 17 = sbox0dV/dT: Oxygen, SBE 43 [dov/dt]
# name 18 = oxsolML/L: Oxygen Saturation, Garcia & Gordon [ml/l]
# name 19 = oxsolMg/L: Oxygen Saturation, Garcia & Gordon [mg/l]
# name 20 = oxsolMm/Kg: Oxygen Saturation, Garcia & Gordon [umol/kg]
# name 21 = potemp090C: Potential Temperature [ITS-90, deg C]
# name 22 = n2satMg/L: Nitrogen Saturation [mg/l]
# name 23 = par: PAR/Irradiance, Biospherical/Licor
# name 24 = flECO-AFL: Fluorescence, WET Labs ECO-AFL/FL [mg/m^3]
# name 25 = turbWETntu0: Turbidity, WET Labs ECO [NTU]
# name 26 = flag: flag
# span 0 =        190,        386       
# span 1 =  98.464609,  98.465177       
# span 2 =    0.01311,    0.02675       
# span 3 =     0.7866,     1.6048       
# span 4 =     47.196,     96.288       
# span 5 =      1.010,     13.123       
# span 6 =  49236.434,  50355.264       
# span 7 =    30.5833,    31.3102       
# span 8 =     5.1332,     5.2456       
# span 9 =      1.000,     13.000       
# span 10 =     5.1307,     5.2477      
# span 11 =    24.1601,    24.7246      
# span 12 =     5.5077,     6.9254      
# span 13 =     7.8711,     9.8972      
# span 14 =     76.167,     95.822      
# span 15 =    240.060,    301.841      
# span 16 =    245.975,    309.290      
# span 17 =   -0.00707,    0.07068      
# span 18 =    7.20766,    7.26205      
# span 19 =   10.30047,   10.37819      
# span 20 =  314.12748,  316.70759      
# span 21 =     5.1328,     5.2446      
# span 22 =   16.15402,   16.27982      
# span 23 = 6.3198e+00, 4.8944e+02      
# span 24 =     0.2440,     2.4338      
# span 25 =     1.2295,     2.3100      
# span 26 = 0.0000e+00, 0.0000e+00      
# interval = meters: 1                  
# start_time = Apr 08 2015 11:08:15 [Instrument's time stamp, header]
# bad_flag = -9.990e-29
*END*
        190  98.464609    0.01311     0.7866     47.196      1.010  49236.434    30.5833     5.1510      1.000     5.1490    24.1601     5.8209     8.3187     80.154    253.857    259.961    0.00102    7.26205   10.37819  316.70759     5.1510   16.27982 4.8944e+02     2.4338     2.3100 0.0000e+00
        334  98.465026    0.02311     1.3868     83.210      2.019  50209.012    31.1943     5.1423      2.000     5.1400    24.6441     5.5077     7.8711     76.167    240.060    245.975   -0.00707    7.23109   10.33395  315.17373     5.1422   16.20431 2.9870e+02     0.2624     1.6817 0.0000e+00
        338  98.465039    0.02342     1.4054     84.323      3.029  50223.998    31.2028     5.1398      3.000     5.1375    24.6511     5.5989     8.0015     77.428    244.032    250.048   -0.00018    7.23108   10.33393  315.17067     5.1395   16.20412 1.9771e+02     0.2440     1.7417 0.0000e+00
        340  98.465044    0.02357     1.4145     84.866      4.038  50224.489    31.2022     5.1376      4.000     5.1344    24.6509     5.8068     8.2985     80.298    253.091    259.329    0.01416    7.23148   10.33452  315.18850     5.1373   16.20497 1.2828e+02     0.2602     1.7416 0.0000e+00
        343  98.465053    0.02378     1.4269     85.612      5.047  50231.794    31.2058     5.1332      5.000     5.1307    24.6541     6.2442     8.9236     86.340    272.156    278.866    0.04393    7.23207   10.33536  315.21304     5.1328   16.20612 8.3718e+01     0.2804     1.7052 0.0000e+00
        349  98.465068    0.02414     1.4484     86.901      6.057  50258.035    31.2234     5.1334      6.000     5.1377    24.6681     6.7906     9.7045     93.908    295.968    303.269    0.07068    7.23117   10.33407  315.16945     5.1330   16.20398 5.3591e+01     0.3536     1.7083 0.0000e+00
        354  98.465085    0.02454     1.4725     88.349      7.066  50276.237    31.2390     5.1508      7.000     5.1566    24.6786     6.9254     9.8972     95.822    301.841    309.290    0.05610    7.22742   10.32870  315.00258     5.1503   16.19597 3.6139e+01     0.5064     1.8470 0.0000e+00
        361  98.465103    0.02498     1.4985     89.912      8.075  50301.055    31.2599     5.1714      8.000     5.1799    24.6929     6.9205     9.8901     95.814    301.622    309.070    0.03493    7.22286   10.32219  314.79979     5.1708   16.18624 2.4849e+01     0.4898     1.7857 0.0000e+00
        366  98.465119    0.02535     1.5209     91.255      9.085  50325.961    31.2821     5.1976      9.000     5.2054    24.7075     6.9026     9.8644     95.640    300.835    308.268    0.02236    7.21726   10.31419  314.55111     5.1970   16.17431 1.8207e+01     0.4557     1.6137 0.0000e+00
        371  98.465133    0.02569     1.5414     92.483     10.095  50329.923    31.2877     5.2143     10.000     5.2173    24.7102     6.8955     9.8544     95.584    300.528    307.954    0.01514    7.21413   10.30971  314.41365     5.2136   16.16774 1.4270e+01     0.4432     1.3923 0.0000e+00
        376  98.465148    0.02604     1.5628     93.766     11.104  50334.643    31.2922     5.2224     11.000     5.2241    24.7128     6.8898     9.8463     95.526    300.280    307.700    0.00990    7.21251   10.30741  314.34274     5.2216   16.16435 1.0986e+01     0.4666     1.3310 0.0000e+00
        381  98.465162    0.02639     1.5836     95.017     12.114  50350.313    31.3043     5.2312     12.000     5.2365    24.7215     6.8924     9.8500     95.590    300.389    307.815    0.00703    7.21041   10.30440  314.24824     5.2304   16.15980 8.0680e+00     0.4640     1.2822 0.0000e+00
        386  98.465177    0.02675     1.6048     96.288     13.123  50355.264    31.3102     5.2456     13.000     5.2477    24.7246     6.8975     9.8572     95.697    300.610    308.043    0.00541    7.20766   10.30047  314.12748     5.2446   16.15402 6.3198e+00     0.4782     1.2295 0.0000e+00
