CTD-processing/allCTD/CNV/2015_02-23_t6_s16_cast232_4141.cnv
* Sea-Bird SBE19plus Data File:
* FileName = C:\Users\amdoroff\Desktop\2015_02_23_CookInlet_Tran6_Douglas\2015_02_23_CookInlet_Tran6_cast232.hex
* Software Version 1.59
* Temperature SN =  4141
* Conductivity SN =  4141
* System UpLoad Time = Feb 24 2015 01:37:30
** Cook Inlet LTM Tran6 Douglas W to E
** Date 02-23
** Station: 6-16
** Start Time (AKST): 19:30
** Depth (m): 156
** Comment: Dark.
** Comment: On R/V Pandalus. Transect crossed 23-24 Feb.
# nquan = 27
# nvalues = 153                         
# units = specified
# name 0 = scan: Scan Count
# name 1 = timeJ: Julian Days
# name 2 = timeH: Time, Elapsed [hours]
# name 3 = timeM: Time, Elapsed [minutes]
# name 4 = timeS: Time, Elapsed [seconds]
# name 5 = prdM: Pressure, Strain Gauge [db]
# name 6 = specc: Specific Conductance [uS/cm]
# name 7 = sal00: Salinity, Practical [PSU]
# name 8 = tv290C: Temperature [ITS-90, deg C]
# name 9 = depSM: Depth [salt water, m], lat = 59.00
# name 10 = potemp090C: Potential Temperature [ITS-90, deg C]
# name 11 = sigma-é00: Density [sigma-theta, kg/m^3]
# name 12 = sbeox0ML/L: Oxygen, SBE 43 [ml/l]
# name 13 = sbeox0Mg/L: Oxygen, SBE 43 [mg/l]
# name 14 = sbeox0PS: Oxygen, SBE 43 [% saturation]
# name 15 = sbox0Mm/Kg: Oxygen, SBE 43 [umol/kg]
# name 16 = sbeox0Mm/L: Oxygen, SBE 43 [umol/l]
# name 17 = sbox0dV/dT: Oxygen, SBE 43 [dov/dt]
# name 18 = oxsolML/L: Oxygen Saturation, Garcia & Gordon [ml/l]
# name 19 = oxsolMg/L: Oxygen Saturation, Garcia & Gordon [mg/l]
# name 20 = oxsolMm/Kg: Oxygen Saturation, Garcia & Gordon [umol/kg]
# name 21 = n2satMg/L: Nitrogen Saturation [mg/l]
# name 22 = par: PAR/Irradiance, Biospherical/Licor
# name 23 = wetStar: Fluorescence, WET Labs WETstar [mg/m^3]
# name 24 = CStarAt0: Beam Attenuation, WET Labs C-Star [1/m]
# name 25 = CStarTr0: Beam Transmission, WET Labs C-Star [%]
# name 26 = flag: flag
# span 0 =         86,       1029       
# span 1 =  54.813372,  54.816101       
# span 2 =    0.00593,    0.07141       
# span 3 =     0.3556,     4.2843       
# span 4 =     21.337,    257.056       
# span 5 =      0.999,    154.443       
# span 6 =  50643.055,  51075.169       
# span 7 =    31.7293,    31.9935       
# span 8 =     6.2222,     6.5200       
# span 9 =      1.000,    153.000       
# span 10 =     6.2942,     6.5130      
# span 11 =    24.9287,    25.1149      
# span 12 =     5.5516,     6.5841      
# span 13 =     7.9337,     9.4093      
# span 14 =     79.369,     93.743      
# span 15 =    241.876,    286.890      
# span 16 =    247.933,    294.044      
# span 17 =   -0.02801,    0.08732      
# span 18 =    6.96288,    7.02330      
# span 19 =    9.95065,   10.03699      
# span 20 =  303.34368,  306.02816      
# span 21 =   15.63749,   15.76643      
# span 22 = 3.6382e-02, 6.4493e-02      
# span 23 =     0.2015,     0.6545      
# span 24 =    -0.1849,     9.5989      
# span 25 =    28.3064,    93.7635      
# span 26 = 0.0000e+00, 0.0000e+00      
# interval = meters: 1                  
# start_time = Feb 23 2015 19:30:54 [Instrument's time stamp, header]
# bad_flag = -9.990e-29
*END*
[from data line 108]
        790  54.815408    0.05478     3.2871    197.225    110.061  51032.491    31.9825     6.5085    109.000     6.4990    25.1073     6.3517     9.0771     91.191    276.718    283.665   -0.00003    6.96524    9.95403  303.44897   15.64255 3.6382e-02     0.5227     0.4354    89.6868 0.0000e+00
        796  54.815425    0.05520     3.3122    198.732    111.076  51034.602    31.9834     6.5078    110.000     6.4983    25.1081     6.3482     9.0722     91.140    276.566    283.510   -0.00048    6.96529    9.95411  303.45107   15.64265 3.6382e-02     0.5180     0.4520    89.3148 0.0000e+00
        799  54.815435    0.05545     3.3268    199.609    112.079  51035.530    31.9835     6.5079    111.000     6.4985    25.1082     6.3503     9.0752     91.171    276.658    283.604   -0.00039    6.96529    9.95410  303.45074   15.64262 3.6382e-02     0.5016     0.4627    89.0767 0.0000e+00
        803  54.815446    0.05570     3.3422    200.529    113.077  51036.279    31.9837     6.5082    112.000     6.4988    25.1082     6.3575     9.0855     91.275    276.971    283.925    0.00061    6.96523    9.95401  303.44830   15.64251 3.6382e-02     0.5096     0.4656    89.0121 0.0000e+00
        810  54.815465    0.05616     3.3698    202.186    114.099  51036.632    31.9835     6.5087    113.000     6.4992    25.1081     6.3528     9.0788     91.208    276.766    283.715   -0.00023    6.96515    9.95390  303.44481   15.64235 3.6382e-02     0.5117     0.4405    89.5721 0.0000e+00
        816  54.815484    0.05661     3.3967    203.802    115.118  51036.350    31.9829     6.5089    114.000     6.4993    25.1075     6.3578     9.0859     91.280    276.984    283.939    0.00044    6.96515    9.95389  303.44479   15.64235 3.6382e-02     0.5202     0.4483    89.3969 0.0000e+00
        820  54.815494    0.05685     3.4111    204.664    116.118  51041.508    31.9861     6.5092    115.000     6.4994    25.1101     6.3568     9.0845     91.269    276.941    283.894    0.00006    6.96496    9.95362  303.43590   15.64191 3.6382e-02     0.5227     0.4611    89.1124 0.0000e+00
        823  54.815504    0.05710     3.4263    205.581    117.119  51041.123    31.9854     6.5094    116.000     6.4995    25.1095     6.3584     9.0867     91.291    277.009    283.965    0.00015    6.96496    9.95362  303.43598   15.64192 3.6382e-02     0.5185     0.4581    89.1784 0.0000e+00
        830  54.815524    0.05758     3.4549    207.295    118.133  51041.587    31.9852     6.5095    117.000     6.4995    25.1093     6.3562     9.0836     91.260    276.914    283.867   -0.00023    6.96496    9.95362  303.43585   15.64191 3.6382e-02     0.5219     0.4382    89.6241 0.0000e+00
        841  54.815555    0.05832     3.4994    209.965    119.164  51041.088    31.9844     6.5095    118.000     6.4992    25.1087     6.3501     9.0749     91.171    276.648    283.594   -0.00075    6.96500    9.95367  303.43772   15.64200 3.6382e-02     0.5180     0.4367    89.6594 0.0000e+00
        844  54.815564    0.05854     3.5127    210.764    120.169  51043.499    31.9855     6.5091    119.000     6.4987    25.1096     6.3481     9.0721     91.143    276.562    283.507   -0.00101    6.96500    9.95368  303.43748   15.64199 3.6382e-02     0.5047     0.4673    88.9746 0.0000e+00
        847  54.815572    0.05873     3.5235    211.412    121.164  51043.490    31.9849     6.5088    120.000     6.4983    25.1093     6.3508     9.0760     91.181    276.683    283.631   -0.00058    6.96506    9.95378  303.44089   15.64215 3.6382e-02     0.5119     0.4708    88.8952 0.0000e+00
        850  54.815581    0.05893     3.5360    212.159    122.159  51045.148    31.9856     6.5084    121.000     6.4980    25.1098     6.3557     9.0830     91.251    276.894    283.846    0.00005    6.96511    9.95384  303.44235   15.64222 3.6382e-02     0.5389     0.4722    88.8652 0.0000e+00
        865  54.815626    0.06003     3.6015    216.088    123.202  51048.832    31.9878     6.5092    122.000     6.4992    25.1115     6.3526     9.0785     91.209    276.758    283.708   -0.00080    6.96488    9.95351  303.43180   15.64171 3.6382e-02     0.5170     0.4500    89.3613 0.0000e+00
        869  54.815637    0.06028     3.6169    217.011    124.198  51047.597    31.9866     6.5096    123.000     6.4992    25.1104     6.3561     9.0835     91.260    276.911    283.864   -0.00048    6.96486    9.95348  303.43147   15.64170 3.6382e-02     0.5095     0.4658    89.0064 0.0000e+00
        872  54.815644    0.06047     3.6282    217.694    125.192  51047.914    31.9864     6.5098    124.000     6.4992    25.1103     6.3628     9.0931     91.356    277.203    284.163    0.00050    6.96485    9.95346  303.43074   15.64166 3.6382e-02     0.5214     0.4733    88.8412 0.0000e+00
        878  54.815664    0.06093     3.6556    219.336    126.213  51049.635    31.9871     6.5101    125.000     6.4996    25.1109     6.3621     9.0921     91.347    277.171    284.131    0.00020    6.96476    9.95334  303.42690   15.64148 3.6382e-02     0.5302     0.4403    89.5783 0.0000e+00
        887  54.815690    0.06156     3.6933    221.599    127.238  51053.856    31.9899     6.5119    126.000     6.5021    25.1129     6.3541     9.0806     91.237    276.820    283.772   -0.00086    6.96434    9.95274  303.40796   15.64057 3.6382e-02     0.5097     0.4301    89.8059 0.0000e+00
        891  54.815701    0.06184     3.7100    222.603    128.248  51057.050    31.9920     6.5137    127.000     6.5042    25.1142     6.3515     9.0768     91.204    276.705    283.655   -0.00091    6.96395    9.95218  303.39057   15.63972 3.6382e-02     0.5106     0.4570    89.2039 0.0000e+00
        894  54.815710    0.06203     3.7219    223.314    129.245  51056.074    31.9912     6.5154    128.000     6.5047    25.1134     6.3506     9.0757     91.196    276.672    283.620   -0.00107    6.96372    9.95186  303.38101   15.63928 3.6382e-02     0.4983     0.4564    89.2170 0.0000e+00
        898  54.815720    0.06228     3.7370    224.221    130.241  51056.787    31.9913     6.5156    129.000     6.5047    25.1134     6.3560     9.0833     91.273    276.903    283.858   -0.00020    6.96368    9.95180  303.37907   15.63918 3.6382e-02     0.5189     0.4521    89.3137 0.0000e+00
        909  54.815753    0.06307     3.7840    227.039    131.291  51058.519    31.9922     6.5170    130.000     6.5062    25.1141     6.3529     9.0789     91.233    276.769    283.720   -0.00055    6.96341    9.95141  303.36714   15.63861 3.6382e-02     0.5129     0.4299    89.8113 0.0000e+00
        912  54.815761    0.06325     3.7955    227.730    132.281  51059.341    31.9924     6.5173    131.000     6.5061    25.1142     6.3530     9.0790     91.234    276.773    283.724   -0.00045    6.96336    9.95134  303.36479   15.63849 3.6382e-02     0.5026     0.4510    89.3385 0.0000e+00
        915  54.815770    0.06348     3.8087    228.523    133.270  51059.479    31.9920     6.5173    132.000     6.5059    25.1139     6.3518     9.0773     91.217    276.720    283.670   -0.00062    6.96338    9.95137  303.36577   15.63855 3.6382e-02     0.5112     0.4521    89.3133 0.0000e+00
        929  54.815809    0.06443     3.8656    231.935    134.322  51060.651    31.9923     6.5172    133.000     6.5058    25.1141     6.3439     9.0661     91.104    276.377    283.317   -0.00103    6.96337    9.95135  303.36538   15.63852 3.6382e-02     0.5232     0.4265    89.8864 0.0000e+00
        931  54.815817    0.06460     3.8759    232.557    135.320  51061.276    31.9923     6.5173    134.000     6.5059    25.1141     6.3480     9.0718     91.162    276.553    283.498   -0.00041    6.96336    9.95133  303.36487   15.63850 3.6382e-02     0.5043     0.4510    89.3368 0.0000e+00
        934  54.815824    0.06477     3.8862    233.176    136.321  51062.849    31.9930     6.5176    135.000     6.5059    25.1146     6.3511     9.0764     91.208    276.691    283.641    0.00001    6.96329    9.95125  303.36203   15.63836 3.6382e-02     0.5113     0.4581    89.1793 0.0000e+00
        936  54.815831    0.06494     3.8965    233.790    137.317  51061.846    31.9918     6.5176    136.000     6.5059    25.1138     6.3505     9.0756     91.200    276.669    283.617   -0.00007    6.96334    9.95131  303.36435   15.63848 3.6382e-02     0.4991     0.4619    89.0936 0.0000e+00
        943  54.815850    0.06539     3.9236    235.417    138.330  51063.301    31.9923     6.5176    137.000     6.5059    25.1141     6.3507     9.0757     91.202    276.672    283.620   -0.00009    6.96331    9.95127  303.36285   15.63840 3.6382e-02     0.5202     0.4446    89.4817 0.0000e+00
        954  54.815884    0.06620     3.9723    238.338    139.369  51064.151    31.9925     6.5178    138.000     6.5063    25.1143     6.3443     9.0667     91.112    276.396    283.338   -0.00097    6.96327    9.95120  303.36089   15.63831 3.6382e-02     0.5172     0.4409    89.5629 0.0000e+00
        957  54.815890    0.06637     3.9824    238.945    140.367  51066.057    31.9934     6.5184    139.000     6.5066    25.1149     6.3463     9.0694     91.140    276.477    283.422   -0.00068    6.96315    9.95104  303.35535   15.63804 3.6382e-02     0.5204     0.4594    89.1499 0.0000e+00
        959  54.815898    0.06654     3.9925    239.551    141.360  51065.260    31.9924     6.5187    140.000     6.5067    25.1142     6.3501     9.0750     91.196    276.649    283.597   -0.00009    6.96313    9.95101  303.35510   15.63803 3.6382e-02     0.5051     0.4655    89.0133 0.0000e+00
        964  54.815912    0.06689     4.0130    240.779    142.365  51065.979    31.9925     6.5188    141.000     6.5069    25.1142     6.3507     9.0757     91.204    276.671    283.619   -0.00010    6.96310    9.95097  303.35368   15.63797 3.6382e-02     0.5149     0.4473    89.4194 0.0000e+00
        976  54.815946    0.06772     4.0634    243.802    143.407  51066.789    31.9926     6.5188    142.000     6.5066    25.1143     6.3441     9.0664     91.111    276.387    283.328   -0.00097    6.96310    9.95096  303.35359   15.63796 3.6382e-02     0.5109     0.4323    89.7566 0.0000e+00
        978  54.815953    0.06788     4.0728    244.370    144.406  51067.010    31.9923     6.5189    143.000     6.5066    25.1141     6.3482     9.0722     91.169    276.564    283.509   -0.00037    6.96310    9.95096  303.35363   15.63796 3.6382e-02     0.5148     0.4478    89.4088 0.0000e+00
        981  54.815962    0.06808     4.0844    245.063    145.408  51067.461    31.9922     6.5189    144.000     6.5068    25.1139     6.3576     9.0856     91.303    276.972    283.928    0.00063    6.96310    9.95097  303.35377   15.63797 3.6382e-02     0.5107     0.4523    89.3102 0.0000e+00
        984  54.815970    0.06829     4.0976    245.857    146.406  51068.780    31.9927     6.5193    145.000     6.5070    25.1142     6.3600     9.0892     91.341    277.082    284.041    0.00102    6.96301    9.95084  303.34963   15.63778 3.6382e-02     0.5153     0.4530    89.2928 0.0000e+00
        993  54.815995    0.06887     4.1322    247.930    147.431  51069.395    31.9926     6.5193    146.000     6.5067    25.1143     6.3472     9.0707     91.155    276.520    283.464   -0.00088    6.96303    9.95086  303.35043   15.63782 3.6382e-02     0.5119     0.4327    89.7474 0.0000e+00
       1000  54.816016    0.06938     4.1626    249.756    148.452  51071.110    31.9933     6.5193    147.000     6.5068    25.1148     6.3458     9.0688     91.137    276.463    283.406   -0.00047    6.96299    9.95081  303.34849   15.63772 3.6382e-02     0.5092     0.4391    89.6035 0.0000e+00
       1004  54.816026    0.06962     4.1772    250.631    149.452  51071.669    31.9932     6.5195    148.000     6.5067    25.1147     6.3490     9.0733     91.182    276.599    283.546   -0.00007    6.96296    9.95077  303.34738   15.63766 3.6382e-02     0.5067     0.4542    89.2664 0.0000e+00
       1007  54.816035    0.06983     4.1900    251.403    150.451  51072.358    31.9933     6.5196    149.000     6.5069    25.1148     6.3555     9.0826     91.276    276.881    283.835    0.00061    6.96295    9.95074  303.34658   15.63763 3.6382e-02     0.5112     0.4569    89.2070 0.0000e+00
       1012  54.816050    0.07020     4.2121    252.728    151.464  51073.284    31.9935     6.5197    150.000     6.5069    25.1149     6.3571     9.0850     91.300    276.953    283.909    0.00057    6.96292    9.95070  303.34544   15.63757 3.6382e-02     0.5174     0.4427    89.5236 0.0000e+00
       1021  54.816076    0.07082     4.2493    254.958    152.492  51073.694    31.9933     6.5198    151.000     6.5069    25.1148     6.3466     9.0699     91.148    276.494    283.438   -0.00099    6.96291    9.95069  303.34501   15.63755 3.6382e-02     0.5152     0.4345    89.7074 0.0000e+00
       1025  54.816088    0.07112     4.2670    256.020    153.491  51074.418    31.9933     6.5199    152.000     6.5069    25.1148     6.3455     9.0684     91.134    276.449    283.392   -0.00087    6.96289    9.95067  303.34439   15.63752 3.6382e-02     0.5067     0.4496    89.3682 0.0000e+00
       1029  54.816101    0.07141     4.2843    257.056    154.443  51075.169    31.9934     6.5200    153.000     6.5068    25.1149     6.3456     9.0685     91.134    276.451    283.394   -0.00075    6.96288    9.95065  303.34368   15.63749 3.6382e-02     0.5097     0.4554    89.2386 0.0000e+00
