CTD-processing/allCTD/CNV/2015_05-28_t9_s08_cast081_5028.cnv
* Sea-Bird SBE19plus Data File:
* FileName = C:\Users\Kris.Holderied\Documents\kasitsna\Research-KBL\Oceanography-AK\CTD-Data-ALL-to-2015-04\2015-CTD-KachemakBay-CookInlet\2015-05-28-CookInlet-HomerSpit-monthly\2015-05-28-CookInlet-Tran9-cast081.hex
* Software Version 1.59
* Temperature SN =  5028
* Conductivity SN =  5028
* System UpLoad Time = Jul 03 2015 22:25:55
** Cook Inlet LTM Tran 9 (Homer Spit) North to South
** Date:05-28
** Station: 9-08
** Start time (AKDT): 13:11
** Depth (m): 93
** Comment:  R/V Barnacle
** Comment:
# nquan = 27
# nvalues = 88                          
# units = specified
# name 0 = scan: Scan Count
# name 1 = timeJ: Julian Days
# name 2 = timeH: Time, Elapsed [hours]
# name 3 = timeM: Time, Elapsed [minutes]
# name 4 = timeS: Time, Elapsed [seconds]
# name 5 = prdM: Pressure, Strain Gauge [db]
# name 6 = specc: Specific Conductance [uS/cm]
# name 7 = sal00: Salinity, Practical [PSU]
# name 8 = tv290C: Temperature [ITS-90, deg C]
# name 9 = depSM: Depth [salt water, m], lat = 59.00
# name 10 = potemp090C: Potential Temperature [ITS-90, deg C]
# name 11 = sigma-é00: Density [sigma-theta, kg/m^3]
# name 12 = sbeox0ML/L: Oxygen, SBE 43 [ml/l]
# name 13 = sbeox0Mg/L: Oxygen, SBE 43 [mg/l]
# name 14 = sbeox0PS: Oxygen, SBE 43 [% saturation]
# name 15 = sbox0Mm/Kg: Oxygen, SBE 43 [umol/kg]
# name 16 = sbeox0Mm/L: Oxygen, SBE 43 [umol/l]
# name 17 = sbox0dV/dT: Oxygen, SBE 43 [dov/dt]
# name 18 = oxsolML/L: Oxygen Saturation, Garcia & Gordon [ml/l]
# name 19 = oxsolMg/L: Oxygen Saturation, Garcia & Gordon [mg/l]
# name 20 = oxsolMm/Kg: Oxygen Saturation, Garcia & Gordon [umol/kg]
# name 21 = potemp090C: Potential Temperature [ITS-90, deg C]
# name 22 = n2satMg/L: Nitrogen Saturation [mg/l]
# name 23 = par: PAR/Irradiance, Biospherical/Licor
# name 24 = flECO-AFL: Fluorescence, WET Labs ECO-AFL/FL [mg/m^3]
# name 25 = turbWETntu0: Turbidity, WET Labs ECO [NTU]
# name 26 = flag: flag
# span 0 =        217,        600       
# span 1 = 148.549836, 148.550947       
# span 2 =    0.01497,    0.04160       
# span 3 =     0.8983,     2.4961       
# span 4 =     53.897,    149.765       
# span 5 =      1.010,     88.849       
# span 6 =  45049.657,  50322.753       
# span 7 =    28.4450,    31.4508       
# span 8 =     6.2455,     9.3205       
# span 9 =      1.000,     88.000       
# span 10 =     6.2345,     9.3410      
# span 11 =    21.9428,    24.7203      
# span 12 =     6.6849,     9.3484      
# span 13 =     9.5534,    13.3598      
# span 14 =     95.054,    135.510      
# span 15 =    291.347,    407.608      
# span 16 =    298.549,    417.499      
# span 17 =   -0.08275,    0.04026      
# span 18 =    6.62012,    7.03279      
# span 19 =    9.46080,   10.05055      
# span 20 =  288.90698,  306.50726      
# span 21 =     6.2383,     9.3205      
# span 22 =   14.95560,   15.79050      
# span 23 = 4.5880e-02, 1.1540e+03      
# span 24 =    -0.0311,    12.8408      
# span 25 =     0.3332,     1.3899      
# span 26 = 0.0000e+00, 0.0000e+00      
# interval = meters: 1                  
# start_time = May 28 2015 13:10:52 [Instrument's time stamp, header]
# bad_flag = -9.990e-29
*END*
[from data line 54]
        492 148.550634    0.03409     2.0455    122.730     55.526  50204.050    31.4065     6.3634     55.000     6.3551    24.6706     6.8378     9.7718     97.467    298.022    305.375   -0.00328    7.01548   10.02583  305.76815     6.3589   15.75545 4.8251e-02     0.1497     0.4777 0.0000e+00
        495 148.550641    0.03429     2.0574    123.444     56.536  50216.686    31.4140     6.3591     56.000     6.3562    24.6771     6.8367     9.7703     97.446    297.972    305.325   -0.00281    7.01584   10.02634  305.78175     6.3545   15.75606 4.8126e-02     0.1437     0.4705 0.0000e+00
        498 148.550650    0.03449     2.0695    124.171     57.546  50233.645    31.4260     6.3636     57.000     6.3672    24.6860     6.8356     9.7688     97.449    297.925    305.280   -0.00234    7.01454   10.02448  305.72242     6.3589   15.75318 4.7802e-02     0.1304     0.4693 0.0000e+00
        501 148.550659    0.03469     2.0815    124.890     58.556  50233.697    31.4279     6.3758     58.000     6.3754    24.6860     6.8352     9.7682     97.473    297.908    305.261   -0.00178    7.01246   10.02150  305.63144     6.3711   15.74884 4.7387e-02     0.1122     0.4791 0.0000e+00
        503 148.550667    0.03489     2.0933    125.601     59.566  50220.749    31.4193     6.3803     59.000     6.3701    24.6787     6.8360     9.7694     97.488    297.943    305.296   -0.00138    7.01213   10.02104  305.61963     6.3754   15.74832 4.7070e-02     0.1167     0.4897 0.0000e+00
        506 148.550675    0.03509     2.1054    126.326     60.575  50220.502    31.4171     6.3717     60.000     6.3593    24.6780     6.8363     9.7698     97.472    297.959    305.312   -0.00125    7.01364   10.02320  305.68563     6.3667   15.75147 4.6860e-02     0.1259     0.5046 0.0000e+00
        509 148.550683    0.03529     2.1172    127.032     61.585  50228.356    31.4202     6.3620     61.000     6.3519    24.6817     6.8359     9.7693     97.447    297.941    305.295   -0.00123    7.01509   10.02526  305.74746     6.3569   15.75441 4.6623e-02     0.1292     0.5201 0.0000e+00
        512 148.550691    0.03548     2.1286    127.717     62.595  50232.583    31.4214     6.3554     62.000     6.3458    24.6834     6.8340     9.7664     97.404    297.853    305.205   -0.00129    7.01611   10.02673  305.79167     6.3502   15.75651 4.6466e-02     0.1263     0.5290 0.0000e+00
        515 148.550699    0.03566     2.1400    128.397     63.604  50237.256    31.4231     6.3495     63.000     6.3409    24.6855     6.8298     9.7604     97.332    297.670    305.018   -0.00150    7.01700   10.02800  305.82987     6.3443   15.75832 4.6374e-02     0.1273     0.5407 0.0000e+00
        517 148.550707    0.03585     2.1512    129.073     64.613  50240.951    31.4243     6.3452     64.000     6.3372    24.6871     6.8240     9.7522     97.241    297.418    304.761   -0.00184    7.01765   10.02892  305.85740     6.3399   15.75963 4.6266e-02     0.1260     0.5530 0.0000e+00
        520 148.550715    0.03604     2.1625    129.748     65.623  50243.977    31.4253     6.3418     65.000     6.3339    24.6883     6.8185     9.7444     97.156    297.179    304.516   -0.00206    7.01816   10.02965  305.87933     6.3364   15.76067 4.6310e-02     0.1142     0.5618 0.0000e+00
        523 148.550722    0.03623     2.1738    130.427     66.633  50247.698    31.4269     6.3386     66.000     6.3309    24.6899     6.8138     9.7376     97.081    296.972    304.304   -0.00217    7.01862   10.03031  305.89892     6.3331   15.76160 4.6456e-02     0.1045     0.5678 0.0000e+00
        525 148.550730    0.03642     2.1852    131.111     67.643  50252.765    31.4293     6.3357     67.000     6.3282    24.6922     6.8075     9.7286     96.987    296.697    304.023   -0.00235    7.01898   10.03083  305.91402     6.3301   15.76231 4.6599e-02     0.0961     0.5685 0.0000e+00
        528 148.550739    0.03661     2.1967    131.800     68.653  50258.755    31.4326     6.3332     68.000     6.3257    24.6950     6.7975     9.7143     96.841    296.261    303.577   -0.00275    7.01925   10.03120  305.92468     6.3275   15.76280 4.6941e-02     0.0883     0.5619 0.0000e+00
        531 148.550747    0.03680     2.2082    132.492     69.663  50262.821    31.4344     6.3308     69.000     6.3232    24.6968     6.7879     9.7005     96.700    295.840    303.146   -0.00317    7.01954   10.03163  305.93705     6.3251   15.76338 4.7438e-02     0.0852     0.5600 0.0000e+00
        534 148.550754    0.03699     2.2197    133.183     70.673  50263.528    31.4339     6.3281     70.000     6.3194    24.6968     6.7840     9.6950     96.638    295.671    302.973   -0.00306    7.02000   10.03229  305.95716     6.3223   15.76435 4.7701e-02     0.0821     0.5627 0.0000e+00
        537 148.550763    0.03719     2.2313    133.877     71.682  50264.305    31.4332     6.3240     71.000     6.3146    24.6967     6.7877     9.7003     96.681    295.832    303.138   -0.00240    7.02070   10.03328  305.98768     6.3182   15.76580 4.7586e-02     0.0785     0.5661 0.0000e+00
        539 148.550771    0.03738     2.2429    134.576     72.692  50266.122    31.4331     6.3191     72.000     6.3095    24.6972     6.7901     9.7037     96.704    295.936    303.245   -0.00175    7.02153   10.03446  306.02341     6.3131   15.76751 4.7126e-02     0.0803     0.5633 0.0000e+00
        542 148.550778    0.03758     2.2546    135.275     73.702  50269.491    31.4341     6.3143     73.000     6.3058    24.6986     6.7892     9.7025     96.682    295.899    303.207   -0.00160    7.02226   10.03551  306.05508     6.3083   15.76901 4.6985e-02     0.0770     0.5627 0.0000e+00
        545 148.550787    0.03777     2.2663    135.975     74.712  50272.362    31.4350     6.3113     74.000     6.3039    24.6997     6.7839     9.6948     96.599    295.664    302.967   -0.00180    7.02272   10.03616  306.07445     6.3051   15.76993 4.6912e-02     0.0727     0.5661 0.0000e+00
        548 148.550795    0.03797     2.2780    136.677     75.721  50273.491    31.4350     6.3097     75.000     6.3022    24.6999     6.7781     9.6865     96.512    295.411    302.708   -0.00201    7.02298   10.03655  306.08611     6.3034   15.77049 4.6892e-02     0.0786     0.5706 0.0000e+00
        551 148.550803    0.03816     2.2897    137.380     76.731  50273.842    31.4344     6.3079     76.000     6.2998    24.6997     6.7712     9.6766     96.409    295.109    302.398   -0.00229    7.02329   10.03698  306.09944     6.3017   15.77113 4.6840e-02     0.0780     0.5764 0.0000e+00
        553 148.550811    0.03835     2.3014    138.083     77.741  50273.765    31.4334     6.3052     77.000     6.2956    24.6992     6.7689     9.6734     96.371    295.012    302.298   -0.00221    7.02379   10.03770  306.12157     6.2988   15.77218 4.6761e-02     0.0727     0.5807 0.0000e+00
        556 148.550819    0.03855     2.3131    138.786     78.751  50274.126    31.4322     6.3003     78.000     6.2888    24.6990     6.7690     9.6737     96.362    295.021    302.307   -0.00191    7.02466   10.03893  306.15923     6.2939   15.77398 4.6687e-02     0.0668     0.5806 0.0000e+00
        559 148.550827    0.03874     2.3247    139.479     79.761  50279.371    31.4341     6.2933     79.000     6.2824    24.7013     6.7683     9.6727     96.337    294.988    302.274   -0.00171    7.02570   10.04043  306.20414     6.2869   15.77612 4.6596e-02     0.0640     0.5755 0.0000e+00
        562 148.550835    0.03894     2.3361    140.166     80.771  50284.389    31.4360     6.2875     80.000     6.2768    24.7035     6.7646     9.6673     96.272    294.823    302.107   -0.00182    7.02656   10.04166  306.24118     6.2809   15.77788 4.6528e-02     0.0686     0.5736 0.0000e+00
        564 148.550843    0.03913     2.3475    140.852     81.780  50289.041    31.4377     6.2820     81.000     6.2712    24.7055     6.7596     9.6601     96.189    294.604    301.883   -0.00200    7.02741   10.04286  306.27713     6.2753   15.77958 4.6560e-02     0.0797     0.5893 0.0000e+00
        567 148.550851    0.03932     2.3590    141.539     82.790  50294.202    31.4397     6.2765     82.000     6.2662    24.7078     6.7528     9.6504     96.081    294.308    301.579   -0.00230    7.02821   10.04401  306.31129     6.2698   15.78120 4.6830e-02     0.0887     0.6224 0.0000e+00
        570 148.550859    0.03950     2.3703    142.221     83.800  50298.322    31.4412     6.2718     83.000     6.2612    24.7096     6.7474     9.6427     95.994    294.071    301.338   -0.00247    7.02893   10.04504  306.34217     6.2649   15.78266 4.6851e-02     0.0906     0.6606 0.0000e+00
        573 148.550867    0.03969     2.3817    142.900     84.810  50302.771    31.4428     6.2667     84.000     6.2559    24.7115     6.7429     9.6363     95.921    293.876    301.138   -0.00249    7.02967   10.04610  306.37422     6.2598   15.78419 4.6647e-02     0.0822     0.6914 0.0000e+00
        575 148.550875    0.03988     2.3931    143.584     85.820  50308.005    31.4450     6.2614     85.000     6.2509    24.7139     6.7363     9.6269     95.816    293.589    300.845   -0.00264    7.03044   10.04721  306.40714     6.2544   15.78575 4.6446e-02     0.0792     0.7735 0.0000e+00
        578 148.550883    0.04008     2.4046    144.279     86.830  50312.573    31.4468     6.2568     86.000     6.2469    24.7158     6.7271     9.6137     95.676    293.186    300.432   -0.00300    7.03112   10.04817  306.43604     6.2497   15.78711 4.6290e-02     0.0755     0.9354 0.0000e+00
        581 148.550891    0.04028     2.4169    145.016     87.840  50317.478    31.4489     6.2527     87.000     6.2429    24.7180     6.7177     9.6003     95.535    292.778    300.015   -0.00328    7.03170   10.04900  306.46042     6.2456   15.78827 4.6194e-02     0.0605     1.1701 0.0000e+00
        600 148.550947    0.04160     2.4961    149.765     88.849  50322.753    31.4508     6.2455     88.000     6.2345    24.7203     6.6849     9.5534     95.054    291.347    298.549   -0.00264    7.03279   10.05055  306.50726     6.2383   15.79050 4.5880e-02     0.0657     1.3899 0.0000e+00
