CTD-processing/allCTD/CNV/2015_03-31_t9_s10_cast010_5028.cnv
* Sea-Bird SBE19plus Data File:
* FileName = C:\Users\kris.holderied\Documents\kasitsna\Research-Projects-and-Data\Oceanography-AK\CTD-Data-ALL-to-2015-02\2015-CTD-KachemakBay-CookInlet\2015-03-31-CookInlet-HomerSpit-monthly\2015-03-31-CookInlet-Tran9-cast010.hex
* Software Version 1.59
* Temperature SN =  5028
* Conductivity SN =  5028
* System UpLoad Time = Apr 06 2015 13:52:18
** Cook Inlet LTM Tran9 (Homer Spit) South to North
** Date: 03-31
** Station: 9-10
** Start time:  14:44
** Depth (m): 62.2
** Comment:  KBL CTD. Time is local (AKDT)
** Comment: Vessel KBL Barnacle.
# nquan = 27
# nvalues = 56                          
# units = specified
# name 0 = scan: Scan Count
# name 1 = timeJ: Julian Days
# name 2 = timeH: Time, Elapsed [hours]
# name 3 = timeM: Time, Elapsed [minutes]
# name 4 = timeS: Time, Elapsed [seconds]
# name 5 = prdM: Pressure, Strain Gauge [db]
# name 6 = specc: Specific Conductance [uS/cm]
# name 7 = sal00: Salinity, Practical [PSU]
# name 8 = tv290C: Temperature [ITS-90, deg C]
# name 9 = depSM: Depth [salt water, m], lat = 59.00
# name 10 = potemp090C: Potential Temperature [ITS-90, deg C]
# name 11 = sigma-é00: Density [sigma-theta, kg/m^3]
# name 12 = sbeox0ML/L: Oxygen, SBE 43 [ml/l]
# name 13 = sbeox0Mg/L: Oxygen, SBE 43 [mg/l]
# name 14 = sbeox0PS: Oxygen, SBE 43 [% saturation]
# name 15 = sbox0Mm/Kg: Oxygen, SBE 43 [umol/kg]
# name 16 = sbeox0Mm/L: Oxygen, SBE 43 [umol/l]
# name 17 = sbox0dV/dT: Oxygen, SBE 43 [dov/dt]
# name 18 = oxsolML/L: Oxygen Saturation, Garcia & Gordon [ml/l]
# name 19 = oxsolMg/L: Oxygen Saturation, Garcia & Gordon [mg/l]
# name 20 = oxsolMm/Kg: Oxygen Saturation, Garcia & Gordon [umol/kg]
# name 21 = potemp090C: Potential Temperature [ITS-90, deg C]
# name 22 = n2satMg/L: Nitrogen Saturation [mg/l]
# name 23 = par: PAR/Irradiance, Biospherical/Licor
# name 24 = flECO-AFL: Fluorescence, WET Labs ECO-AFL/FL [mg/m^3]
# name 25 = turbWETntu0: Turbidity, WET Labs ECO [NTU]
# name 26 = flag: flag
# span 0 =        362,        587       
# span 1 =  90.614863,  90.615516       
# span 2 =    0.02505,    0.04071       
# span 3 =     1.5029,     2.4427       
# span 4 =     90.174,    146.564       
# span 5 =      1.009,     56.536       
# span 6 =  49890.418,  50824.807       
# span 7 =    30.8965,    31.5412       
# span 8 =     4.6093,     4.9162       
# span 9 =      1.000,     56.000       
# span 10 =     4.6089,     4.9121      
# span 11 =    24.4476,    24.9443      
# span 12 =     6.7889,     7.0721      
# span 13 =     9.7021,    10.1067      
# span 14 =     93.593,     96.688      
# span 15 =    295.815,    308.295      
# span 16 =    303.194,    315.840      
# span 17 =   -0.00589,    0.00076      
# span 18 =    7.25355,    7.32746      
# span 19 =   10.36605,   10.47167      
# span 20 =  316.06041,  319.37524      
# span 21 =     4.6083,     4.9121      
# span 22 =   16.24510,   16.40455      
# span 23 = 3.7976e-02, 1.3715e+02      
# span 24 =     0.2911,     0.5233      
# span 25 =     1.0271,     1.4360      
# span 26 = 0.0000e+00, 0.0000e+00      
# interval = meters: 1                  
# start_time = Mar 31 2015 14:43:54 [Instrument's time stamp, header]
# bad_flag = -9.990e-29
*END*
        362  90.614863    0.02505     1.5029     90.174      1.009  49890.418    30.8965     4.7690      1.000     4.7647    24.4476     7.0577    10.0862     96.540    307.676    315.198    0.00042    7.31067   10.44768  318.70300     4.7689   16.37347 1.3715e+02     0.3106     1.2245 0.0000e+00
        367  90.614879    0.02544     1.5263     91.576      2.019  49919.414    30.9128     4.7545      2.000     4.7483    24.4620     7.0658    10.0976     96.627    308.022    315.557    0.00061    7.31243   10.45020  318.77533     4.7544   16.37685 8.9181e+01     0.3469     1.2987 0.0000e+00
        371  90.614891    0.02571     1.5426     92.558      3.029  49940.565    30.9237     4.7406      3.000     4.7296    24.4721     7.0721    10.1067     96.688    308.295    315.840    0.00076    7.31434   10.45292  318.85522     4.7404   16.38060 6.8207e+01     0.3997     1.2622 0.0000e+00
        375  90.614902    0.02597     1.5584     93.503      4.037  49971.144    30.9394     4.7189      4.000     4.7038    24.4868     7.0702    10.1041     96.622    308.210    315.757    0.00017    7.31739   10.45728  318.98371     4.7187   16.38665 5.2201e+01     0.4388     1.2171 0.0000e+00
        379  90.614912    0.02622     1.5730     94.379      5.047  50017.138    30.9645     4.6920      5.000     4.6784    24.5095     7.0649    10.0965     96.504    307.973    315.521   -0.00059    7.32091   10.46232  319.13027     4.6916   16.39352 4.0780e+01     0.4832     1.2101 0.0000e+00
        382  90.614922    0.02645     1.5870     95.219      6.057  50054.100    30.9851     4.6727      6.000     4.6664    24.5278     7.0578    10.0863     96.374    307.655    315.202   -0.00125    7.32331   10.46574  319.22884     4.6723   16.39812 3.2062e+01     0.5166     1.2299 0.0000e+00
        385  90.614931    0.02668     1.6008     96.047      7.066  50074.699    30.9968     4.6638      7.000     4.6598    24.5380     7.0517    10.0776     96.278    307.387    314.930   -0.00163    7.32430   10.46717  319.26927     4.6633   16.40000 2.4803e+01     0.5233     1.2423 0.0000e+00
        389  90.614941    0.02692     1.6151     96.904      8.075  50091.307    31.0063     4.6578      8.000     4.6536    24.5462     7.0495    10.0745     96.241    307.289    314.833   -0.00154    7.32488   10.46799  319.29187     4.6573   16.40104 1.9279e+01     0.5128     1.2305 0.0000e+00
        393  90.614953    0.02720     1.6321     97.926      9.085  50119.780    31.0237     4.6504      9.000     4.6470    24.5607     7.0483    10.0726     96.217    307.228    314.774   -0.00139    7.32535   10.46866  319.30762     4.6498   16.40172 1.5128e+01     0.4955     1.2152 0.0000e+00
        398  90.614969    0.02760     1.6557     99.340     10.094  50153.233    31.0448     4.6446     10.000     4.6429    24.5780     7.0475    10.0716     96.208    307.191    314.741   -0.00098    7.32534   10.46864  319.30182     4.6439   16.40135 1.1747e+01     0.4821     1.1920 0.0000e+00
        404  90.614987    0.02802     1.6808    100.849     11.104  50193.016    31.0705     4.6403     11.000     4.6364    24.5989     7.0350    10.0538     96.044    306.642    314.185   -0.00152    7.32483   10.46792  319.27314     4.6396   16.39989 9.1626e+00     0.4842     1.2084 0.0000e+00
        410  90.615004    0.02842     1.7053    102.318     12.114  50240.847    31.0998     4.6271     12.000     4.6203    24.6235     7.0248    10.0392     95.893    306.191    313.730   -0.00179    7.32573   10.46920  319.30465     4.6263   16.40126 7.1970e+00     0.4850     1.2090 0.0000e+00
        416  90.615020    0.02883     1.7297    103.785     13.123  50271.506    31.1171     4.6125     13.000     4.6094    24.6387     7.0145    10.0245     95.729    305.736    313.268   -0.00205    7.32746   10.47167  319.37524     4.6116   16.40455 5.6020e+00     0.5003     1.2663 0.0000e+00
        421  90.615034    0.02914     1.7479    104.875     14.133  50299.817    31.1353     4.6093     14.000     4.6089    24.6534     7.0064    10.0128     95.622    305.375    312.904   -0.00212    7.32713   10.47120  319.35638     4.6083   16.40358 4.3990e+00     0.5064     1.2762 0.0000e+00
        425  90.615045    0.02942     1.7651    105.909     15.142  50356.001    31.1737     4.6115     15.000     4.6133    24.6836     6.9989    10.0022     95.551    305.043    312.573   -0.00202    7.32485   10.46794  319.24753     4.6105   16.39824 3.4600e+00     0.4967     1.2868 0.0000e+00
        429  90.615057    0.02969     1.7817    106.905     16.152  50464.952    31.2497     4.6205     16.000     4.6304    24.7430     6.9914     9.9915     95.517    304.698    312.237   -0.00174    7.31953   10.46033  318.99710     4.6194   16.38602 2.7320e+00     0.4579     1.1914 0.0000e+00
        433  90.615068    0.02998     1.7986    107.916     17.161  50602.757    31.3493     4.6466     17.000     4.6628    24.8193     6.9803     9.9755     95.489    304.190    311.740   -0.00149    7.31003   10.44676  318.55946     4.6454   16.36479 2.1847e+00     0.4046     1.1281 0.0000e+00
        437  90.615081    0.03028     1.8166    108.994     18.170  50679.389    31.4097     4.6847     18.000     4.6983    24.8633     6.9608     9.9477     95.349    303.328    310.870   -0.00175    7.30036   10.43294  318.12425     4.6834   16.34384 1.7721e+00     0.3745     1.0572 0.0000e+00
        441  90.615093    0.03058     1.8345    110.072     19.180  50696.425    31.4268     4.7116     19.000     4.7177    24.8740     6.9257     9.8975     94.940    301.794    309.300   -0.00334    7.29479   10.42499  317.87859     4.7103   16.33208 1.4378e+00     0.3600     1.0271 0.0000e+00
        446  90.615106    0.03088     1.8531    111.187     20.190  50711.511    31.4401     4.7270     20.000     4.7310    24.8830     6.8821     9.8352     94.385    299.890    307.352   -0.00540    7.29143   10.42018  317.72927     4.7256   16.32492 1.1671e+00     0.3576     1.0318 0.0000e+00
        450  90.615119    0.03119     1.8714    112.286     21.200  50719.239    31.4471     4.7376     21.000     4.7397    24.8875     6.8543     9.7955     94.034    298.680    306.113   -0.00589    7.28922   10.41702  317.63141     4.7362   16.32024 9.5136e-01     0.3515     1.0378 0.0000e+00
        454  90.615131    0.03148     1.8885    113.308     22.209  50720.890    31.4492     4.7437     22.000     4.7438    24.8885     6.8435     9.7801     93.901    298.210    305.632   -0.00516    7.28806   10.41536  317.58055     4.7422   16.31781 7.7462e-01     0.3409     1.0522 0.0000e+00
        458  90.615143    0.03176     1.9052    114.309     23.218  50723.195    31.4509     4.7466     23.000     4.7462    24.8895     6.8407     9.7761     93.870    298.087    305.506   -0.00410    7.28747   10.41452  317.55472     4.7450   16.31658 6.2978e-01     0.3342     1.0719 0.0000e+00
        462  90.615154    0.03202     1.9215    115.292     24.228  50728.521    31.4547     4.7494     24.000     4.7498    24.8922     6.8431     9.7795     93.911    298.191    305.614   -0.00293    7.28678   10.41354  317.52379     4.7478   16.31509 5.1215e-01     0.3321     1.0877 0.0000e+00
        466  90.615165    0.03229     1.9377    116.259     25.237  50730.455    31.4564     4.7533     25.000     4.7530    24.8931     6.8464     9.7843     93.967    298.337    305.763   -0.00193    7.28602   10.41245  317.49016     4.7516   16.31348 4.1602e-01     0.3400     1.1007 0.0000e+00
        470  90.615176    0.03256     1.9537    117.221     26.247  50741.862    31.4645     4.7571     26.000     4.7616    24.8993     6.8454     9.7829     93.968    298.291    305.718   -0.00148    7.28496   10.41094  317.44233     4.7553   16.31117 3.3936e-01     0.3373     1.1291 0.0000e+00
        474  90.615187    0.03283     1.9694    118.166     27.256  50774.735    31.4905     4.7750     27.000     4.7878    24.9180     6.8424     9.7785     93.982    298.152    305.581   -0.00114    7.28056   10.40464  317.24447     4.7731   16.30165 2.7745e-01     0.3288     1.1556 0.0000e+00
        477  90.615198    0.03309     1.9851    119.106     28.266  50766.705    31.4898     4.7993     28.000     4.8024    24.9149     6.8421     9.7781     94.032    298.140    305.568   -0.00063    7.27635   10.39863  317.06203     4.7973   16.29297 2.2700e-01     0.3282     1.1728 0.0000e+00
        481  90.615208    0.03334     2.0006    120.035     29.276  50757.721    31.4847     4.8061     29.000     4.8040    24.9101     6.8406     9.7760     94.024    298.077    305.503   -0.00053    7.27540   10.39727  317.02222     4.8040   16.29110 1.8578e-01     0.3315     1.1818 0.0000e+00
        485  90.615219    0.03360     2.0159    120.952     30.285  50756.603    31.4833     4.8057     30.000     4.8033    24.9091     6.8321     9.7638     93.905    297.707    305.123   -0.00105    7.27555   10.39749  317.02919     4.8035   16.29143 1.5370e-01     0.3351     1.1684 0.0000e+00
        489  90.615230    0.03386     2.0317    121.901     31.295  50760.310    31.4855     4.8066     31.000     4.8061    24.9108     6.8230     9.7507     93.783    297.309    304.715   -0.00156    7.27527   10.39709  317.01643     4.8044   16.29082 1.2853e-01     0.3146     1.1586 0.0000e+00
        493  90.615242    0.03414     2.0480    122.879     32.305  50759.105    31.4849     4.8099     32.000     4.8088    24.9100     6.8208     9.7476     93.760    297.213    304.617   -0.00139    7.27473   10.39632  316.99324     4.8076   16.28972 1.0868e-01     0.3171     1.1824 0.0000e+00
        496  90.615253    0.03440     2.0642    123.853     33.314  50758.706    31.4846     4.8119     33.000     4.8103    24.9095     6.8226     9.7502     93.790    297.293    304.698   -0.00096    7.27439   10.39582  316.97825     4.8096   16.28901 9.1526e-02     0.3196     1.1616 0.0000e+00
        500  90.615264    0.03467     2.0801    124.805     34.324  50761.264    31.4862     4.8134     34.000     4.8124    24.9106     6.8245     9.7530     93.821    297.376    304.784   -0.00062    7.27403   10.39531  316.96246     4.8111   16.28824 7.5708e-02     0.3324     1.1613 0.0000e+00
        504  90.615275    0.03492     2.0955    125.730     35.333  50765.945    31.4896     4.8164     35.000     4.8166    24.9130     6.8264     9.7556     93.855    297.459    304.869   -0.00035    7.27336   10.39436  316.93236     4.8139   16.28680 6.8742e-02     0.3506     1.1893 0.0000e+00
        508  90.615285    0.03518     2.1110    126.657     36.343  50769.350    31.4925     4.8214     36.000     4.8221    24.9148     6.8304     9.7614     93.923    297.631    305.046    0.00001    7.27234   10.39290  316.88765     4.8188   16.28466 6.2783e-02     0.3397     1.2092 0.0000e+00
        512  90.615297    0.03546     2.1275    127.650     37.353  50777.742    31.4994     4.8289     37.000     4.8311    24.9195     6.8335     9.7658     93.987    297.765    305.185    0.00032    7.27069   10.39054  316.81403     4.8264   16.28113 5.7432e-02     0.3321     1.2113 0.0000e+00
        516  90.615309    0.03574     2.1446    128.675     38.362  50793.046    31.5118     4.8400     38.000     4.8466    24.9281     6.8320     9.7637     94.000    297.700    305.121    0.00026    7.26816   10.38692  316.70100     4.8373   16.27570 5.3193e-02     0.3466     1.2047 0.0000e+00
        520  90.615320    0.03602     2.1615    129.690     39.371  50809.347    31.5272     4.8617     39.000     4.8688    24.9381     6.8286     9.7587     94.011    297.544    304.964    0.00019    7.26362   10.38045  316.50053     4.8589   16.26610 4.9785e-02     0.3447     1.1909 0.0000e+00
        524  90.615332    0.03630     2.1780    130.683     40.381  50806.648    31.5284     4.8780     40.000     4.8811    24.9373     6.8256     9.7545     94.007    297.414    304.831    0.00012    7.26072   10.37630  316.37421     4.8752   16.26008 4.7108e-02     0.3234     1.1746 0.0000e+00
        528  90.615343    0.03658     2.1946    131.677     41.391  50813.287    31.5352     4.8904     41.000     4.8936    24.9414     6.8160     9.7408     93.908    296.997    304.405   -0.00047    7.25822   10.37272  316.26409     4.8875   16.25481 4.5012e-02     0.3253     1.2006 0.0000e+00
        532  90.615356    0.03687     2.2124    132.741     42.401  50808.979    31.5341     4.9011     42.000     4.8999    24.9394     6.8086     9.7303     93.829    296.676    304.075   -0.00082    7.25641   10.37014  316.18582     4.8981   16.25109 4.3392e-02     0.3315     1.2342 0.0000e+00
        536  90.615368    0.03717     2.2305    133.830     43.410  50801.186    31.5285     4.9019     43.000     4.8971    24.9349     6.8005     9.7186     93.715    296.321    303.710   -0.00122    7.25653   10.37032  316.19278     4.8989   16.25144 4.2048e-02     0.3199     1.2669 0.0000e+00
        541  90.615381    0.03746     2.2479    134.875     44.420  50808.623    31.5326     4.8997     44.000     4.8984    24.9384     6.7922     9.7068     93.599    295.962    303.342   -0.00161    7.25673   10.37059  316.19997     4.8966   16.25177 4.1035e-02     0.3294     1.2390 0.0000e+00
        544  90.615392    0.03774     2.2643    135.857     45.430  50810.464    31.5342     4.9037     45.000     4.9020    24.9392     6.7914     9.7056     93.598    295.923    303.303   -0.00134    7.25595   10.36949  316.16597     4.9005   16.25014 4.0292e-02     0.3253     1.2347 0.0000e+00
        548  90.615403    0.03801     2.2802    136.812     46.440  50809.493    31.5335     4.9059     46.000     4.9032    24.9384     6.7946     9.7101     93.646    296.062    303.445   -0.00079    7.25560   10.36898  316.15071     4.9027   16.24942 3.9684e-02     0.3164     1.2632 0.0000e+00
        552  90.615414    0.03826     2.2959    137.757     47.449  50811.227    31.5345     4.9070     47.000     4.9045    24.9391     6.7952     9.7111     93.658    296.092    303.476   -0.00059    7.25536   10.36863  316.14015     4.9037   16.24891 3.9167e-02     0.2990     1.2690 0.0000e+00
        556  90.615425    0.03853     2.3118    138.707     48.458  50815.503    31.5374     4.9091     48.000     4.9077    24.9412     6.7968     9.7132     93.685    296.157    303.543   -0.00038    7.25485   10.36791  316.11740     4.9058   16.24782 3.8762e-02     0.3059     1.2849 0.0000e+00
        560  90.615436    0.03879     2.3274    139.646     49.468  50809.975    31.5338     4.9121     49.000     4.9067    24.9380     6.8000     9.7180     93.735    296.300    303.689   -0.00009    7.25451   10.36743  316.10361     4.9086   16.24718 3.8492e-02     0.3198     1.2964 0.0000e+00
        563  90.615446    0.03905     2.3430    140.581     50.479  50799.633    31.5248     4.9060     50.000     4.8982    24.9316     6.8026     9.7216     93.751    296.413    303.803   -0.00001    7.25602   10.36958  316.17115     4.9024   16.25043 3.8242e-02     0.3125     1.3124 0.0000e+00
        567  90.615457    0.03932     2.3587    141.519     51.488  50806.523    31.5275     4.8992     51.000     4.8956    24.9345     6.7973     9.7141     93.665    296.184    303.568   -0.00050    7.25707   10.37108  316.21618     4.8955   16.25256 3.8073e-02     0.3048     1.3283 0.0000e+00
        571  90.615468    0.03957     2.3743    142.457     52.498  50817.519    31.5351     4.9011     52.000     4.9010    24.9402     6.7914     9.7056     93.593    295.925    303.305   -0.00090    7.25637   10.37008  316.18394     4.8974   16.25099 3.8009e-02     0.3069     1.3325 0.0000e+00
        575  90.615479    0.03983     2.3900    143.401     53.507  50824.807    31.5412     4.9088     53.000     4.9091    24.9443     6.7917     9.7061     93.618    295.937    303.319   -0.00063    7.25472   10.36773  316.11081     4.9051   16.24749 3.7985e-02     0.2956     1.3422 0.0000e+00
