CTD-processing/allCTD/CNV/2015_11-04_t9_s01a_cast030_5028.cnv
* Sea-Bird SBE19plus Data File:
* FileName = C:\Users\Kris.Holderied\Documents\kasitsna\Research-KBL\Oceanography-AK\CTD-Data-ALL-to-2015-10\2015-CTD-KachemakBay-CookInlet\2015-11-EVOSTC-CookInlet-quarterly\2015-11-04-CookInlet-Tran9-HomerSpit\2015-11-04-CookInlet-Tran9-cast030.hex
* Software Version 1.59
* Temperature SN =  5028
* Conductivity SN =  5028
* System UpLoad Time = Nov 07 2015 12:18:53
** Cook Inlet LTM Tran9 Homer Spit south to north

** Date: 11-04
** Station: 9-01a
** Start time (AKST): 20:31
** Depth (m): 50.8
** Comment: M/V Ursus.
** Comment:
# nquan = 27
# nvalues = 47                          
# units = specified
# name 0 = scan: Scan Count
# name 1 = timeJ: Julian Days
# name 2 = timeH: Time, Elapsed [hours]
# name 3 = timeM: Time, Elapsed [minutes]
# name 4 = timeS: Time, Elapsed [seconds]
# name 5 = prdM: Pressure, Strain Gauge [db]
# name 6 = specc: Specific Conductance [uS/cm]
# name 7 = sal00: Salinity, Practical [PSU]
# name 8 = tv290C: Temperature [ITS-90, deg C]
# name 9 = depSM: Depth [salt water, m], lat = 59.00
# name 10 = potemp090C: Potential Temperature [ITS-90, deg C]
# name 11 = sigma-é00: Density [sigma-theta, kg/m^3]
# name 12 = sbeox0ML/L: Oxygen, SBE 43 [ml/l]
# name 13 = sbeox0Mg/L: Oxygen, SBE 43 [mg/l]
# name 14 = sbeox0PS: Oxygen, SBE 43 [% saturation]
# name 15 = sbox0Mm/Kg: Oxygen, SBE 43 [umol/kg]
# name 16 = sbeox0Mm/L: Oxygen, SBE 43 [umol/l]
# name 17 = sbox0dV/dT: Oxygen, SBE 43 [dov/dt]
# name 18 = oxsolML/L: Oxygen Saturation, Garcia & Gordon [ml/l]
# name 19 = oxsolMg/L: Oxygen Saturation, Garcia & Gordon [mg/l]
# name 20 = oxsolMm/Kg: Oxygen Saturation, Garcia & Gordon [umol/kg]
# name 21 = potemp090C: Potential Temperature [ITS-90, deg C]
# name 22 = n2satMg/L: Nitrogen Saturation [mg/l]
# name 23 = par: PAR/Irradiance, Biospherical/Licor
# name 24 = flECO-AFL: Fluorescence, WET Labs ECO-AFL/FL [mg/m^3]
# name 25 = turbWETntu0: Turbidity, WET Labs ECO [NTU]
# name 26 = flag: flag
# span 0 =        362,        684       
# span 1 = 308.855673, 308.856605       
# span 2 =    0.02504,    0.04743       
# span 3 =     1.5021,     2.8460       
# span 4 =     90.126,    170.758       
# span 5 =      1.009,     47.449       
# span 6 =  47977.707,  48571.551       
# span 7 =    30.2886,    30.7130       
# span 8 =     8.8586,     9.3047       
# span 9 =      1.000,     47.000       
# span 10 =     8.8657,     9.3021      
# span 11 =    23.4473,    23.7485      
# span 12 =     5.3001,     5.6097      
# span 13 =     7.5744,     8.0168      
# span 14 =     80.314,     84.730      
# span 15 =    231.247,    244.716      
# span 16 =    236.703,    250.528      
# span 17 =   -0.00360,    0.00357      
# span 18 =    6.59838,    6.67442      
# span 19 =    9.42975,    9.53842      
# span 20 =  287.89525,  291.24599      
# span 21 =     8.8584,     9.3041      
# span 22 =   14.90596,   15.06703      
# span 23 = 3.7974e-02, 8.9935e-02      
# span 24 =     0.0848,     0.2649      
# span 25 =     0.9716,     1.3921      
# span 26 = 0.0000e+00, 0.0000e+00      
# interval = meters: 1                  
# start_time = Nov 04 2015 20:30:40 [Instrument's time stamp, header]
# bad_flag = -9.990e-29
*END*
        362 308.855673    0.02504     1.5021     90.126      1.009  47977.707    30.2886     8.8929      1.000     8.8731    23.4473     5.3828     7.6926     80.704    234.891    240.399   -0.00223    6.66993    9.53199  291.05466     8.8929   15.05795 3.9038e-02     0.2649     1.0390 0.0000e+00
        369 308.855696    0.02558     1.5350     92.098      2.019  48006.170    30.3032     8.8586      2.000     8.8657    23.4640     5.4041     7.7230     80.968    235.815    241.349   -0.00012    6.67442    9.53842  291.24599     8.8584   15.06703 4.4559e-02     0.2300     1.0501 0.0000e+00
        377 308.855717    0.02609     1.5656     93.938      3.028  48196.022    30.4541     8.9943      3.000     9.0689    23.5616     5.4249     7.7527     81.606    236.699    242.276    0.00330    6.64779    9.50036  290.05614     8.9939   15.00957 4.2956e-02     0.1986     1.0616 0.0000e+00
        384 308.855737    0.02657     1.5939     95.632      4.038  48201.026    30.4850     9.2001      4.000     9.2234    23.5546     5.4121     7.7345     81.803    236.143    241.705    0.00329    6.61600    9.45493  288.67121     9.1997   14.94326 3.9376e-02     0.1300     1.0584 0.0000e+00
        390 308.855756    0.02704     1.6222     97.334      5.047  48243.809    30.5242     9.2725      5.000     9.2888    23.5742     5.3422     7.6345     80.897    233.087    238.581   -0.00328    6.60369    9.43734  288.12849     9.2719   14.91716 3.7996e-02     0.1184     1.0414 0.0000e+00
        397 308.855776    0.02752     1.6515     99.090      6.057  48257.907    30.5380     9.3047      6.000     9.3021    23.5799     5.3175     7.5992     80.588    232.009    237.480   -0.00349    6.59838    9.42975  287.89525     9.3041   14.90596 3.7974e-02     0.1134     1.1025 0.0000e+00
        404 308.855796    0.02798     1.6787    100.724      7.066  48284.461    30.5547     9.2940      7.000     9.2902    23.5947     5.3001     7.5744     80.314    231.247    236.703   -0.00360    6.59924    9.43097  287.92843     9.2933   14.90748 3.7976e-02     0.0903     1.1909 0.0000e+00
        411 308.855815    0.02845     1.7071    102.428      8.076  48301.095    30.5647     9.2848      8.000     9.2809    23.6040     5.3103     7.5889     80.457    231.688    237.157   -0.00131    6.60015    9.43228  287.96563     9.2840   14.90922 3.7976e-02     0.0890     1.2267 0.0000e+00
        418 308.855835    0.02893     1.7355    104.132      9.085  48313.640    30.5712     9.2703      9.000     9.2632    23.6112     5.3234     7.6077     80.634    232.260    237.744    0.00020    6.60201    9.43493  288.04452     9.2694   14.91296 3.7976e-02     0.0848     1.1892 0.0000e+00
        424 308.855854    0.02938     1.7627    105.760     10.095  48329.040    30.5795     9.2547     10.000     9.2515    23.6201     5.3451     7.6387     80.938    233.205    238.714    0.00167    6.60394    9.43769  288.12634     9.2537   14.91684 3.7978e-02     0.1087     1.1142 0.0000e+00
        431 308.855874    0.02986     1.7914    107.483     11.105  48334.411    30.5821     9.2493     11.000     9.2464    23.6230     5.3784     7.6863     81.434    234.656    240.200    0.00357    6.60462    9.43867  288.15550     9.2482   14.91822 3.8038e-02     0.1253     1.0849 0.0000e+00
        438 308.855893    0.03033     1.8194    109.162     12.113  48339.778    30.5843     9.2408     12.000     9.2359    23.6261     5.3891     7.7016     81.582    235.123    240.678    0.00277    6.60578    9.44032  288.20505     9.2395   14.92058 3.9540e-02     0.1087     1.0743 0.0000e+00
        444 308.855912    0.03078     1.8469    110.817     13.123  48349.971    30.5897     9.2309     13.000     9.2274    23.6318     5.4022     7.7202     81.764    235.691    241.261    0.00245    6.60699    9.44205  288.25629     9.2296   14.92301 7.1510e-02     0.1175     1.0793 0.0000e+00
        451 308.855932    0.03126     1.8758    112.545     14.132  48358.258    30.5943     9.2246     14.000     9.2222    23.6363     5.4230     7.7499     82.070    236.598    242.189    0.00295    6.60773    9.44310  288.28692     9.2232   14.92445 8.9935e-02     0.1200     1.0338 0.0000e+00
        458 308.855952    0.03175     1.9047    114.282     15.142  48361.022    30.5955     9.2231     15.000     9.2215    23.6376     5.4404     7.7748     82.331    237.356    242.966    0.00299    6.60789    9.44333  288.29380     9.2216   14.92478 7.0195e-02     0.1324     1.0258 0.0000e+00
        465 308.855972    0.03222     1.9336    116.016     16.152  48362.177    30.5958     9.2224     16.000     9.2203    23.6380     5.4472     7.7846     82.434    237.655    243.273    0.00215    6.60798    9.44347  288.29772     9.2207   14.92497 6.0862e-02     0.1263     1.0442 0.0000e+00
        472 308.855993    0.03272     1.9633    117.795     17.161  48364.531    30.5969     9.2209     17.000     9.2191    23.6390     5.4516     7.7909     82.498    237.848    243.470    0.00145    6.60817    9.44373  288.30550     9.2191   14.92533 5.5879e-02     0.1350     0.9954 0.0000e+00
        479 308.856013    0.03320     1.9919    119.515     18.171  48364.410    30.5964     9.2216     18.000     9.2193    23.6386     5.4576     7.7995     82.590    238.109    243.737    0.00125    6.60808    9.44361  288.30203     9.2197   14.92517 5.3183e-02     0.1349     0.9716 0.0000e+00
        486 308.856033    0.03369     2.0212    121.275     19.180  48370.868    30.6000     9.2176     19.000     9.2134    23.6420     5.4571     7.7987     82.577    238.085    243.714    0.00053    6.60850    9.44422  288.31948     9.2157   14.92599 5.1293e-02     0.1194     0.9778 0.0000e+00
        493 308.856054    0.03418     2.0507    123.040     20.189  48388.067    30.6101     9.2062     20.000     9.1994    23.6517     5.4648     7.8098     82.679    238.421    244.060    0.00078    6.60974    9.44599  288.37075     9.2042   14.92840 5.0083e-02     0.1206     0.9897 0.0000e+00
        500 308.856073    0.03465     2.0793    124.755     21.199  48410.040    30.6230     9.1907     21.000     9.1850    23.6641     5.4751     7.8245     82.813    238.867    244.520    0.00107    6.61148    9.44846  288.44282     9.1885   14.93179 4.9121e-02     0.1258     1.0433 0.0000e+00
        507 308.856095    0.03516     2.1092    126.555     22.209  48425.982    30.6324     9.1811     22.000     9.1769    23.6730     5.4964     7.8549     83.121    239.793    245.469    0.00217    6.61249    9.44991  288.48462     9.1788   14.93375 4.8243e-02     0.1298     1.0386 0.0000e+00
        514 308.856114    0.03563     2.1380    128.279     23.218  48440.325    30.6410     9.1736     23.000     9.1691    23.6809     5.5062     7.8689     83.259    240.217    245.905    0.00191    6.61324    9.45098  288.51481     9.1712   14.93516 4.7529e-02     0.1476     1.0364 0.0000e+00
        521 308.856134    0.03611     2.1667    130.001     24.228  48449.319    30.6463     9.1690     24.000     9.1655    23.6857     5.5150     7.8814     83.387    240.598    246.297    0.00166    6.61368    9.45161  288.53277     9.1665   14.93599 4.6917e-02     0.1471     1.0519 0.0000e+00
        528 308.856155    0.03661     2.1965    131.793     25.238  48458.210    30.6514     9.1643     25.000     9.1603    23.6905     5.5249     7.8956     83.531    241.029    246.740    0.00163    6.61415    9.45228  288.55197     9.1617   14.93689 4.6439e-02     0.1413     1.1272 0.0000e+00
        535 308.856175    0.03707     2.2246    133.476     26.247  48468.259    30.6574     9.1595     26.000     9.1555    23.6959     5.5276     7.8995     83.567    241.149    246.863    0.00105    6.61460    9.45292  288.57006     9.1568   14.93773 4.6060e-02     0.1395     1.1475 0.0000e+00
        542 308.856195    0.03757     2.2541    135.243     27.257  48471.340    30.6589     9.1574     27.000     9.1550    23.6974     5.5346     7.9095     83.670    241.455    247.177    0.00107    6.61485    9.45327  288.58038     9.1546   14.93822 4.5747e-02     0.1398     1.2015 0.0000e+00
        549 308.856215    0.03805     2.2831    136.989     28.266  48470.835    30.6583     9.1585     28.000     9.1554    23.6967     5.5379     7.9142     83.721    241.597    247.322    0.00081    6.61471    9.45307  288.57439     9.1556   14.93793 4.5443e-02     0.1401     1.1686 0.0000e+00
        556 308.856235    0.03852     2.3114    138.686     29.276  48476.905    30.6619     9.1571     29.000     9.1537    23.6998     5.5387     7.9154     83.732    241.631    247.358    0.00045    6.61476    9.45316  288.57617     9.1541   14.93800 4.5172e-02     0.1354     1.1638 0.0000e+00
        563 308.856256    0.03902     2.3413    140.475     30.285  48479.999    30.6635     9.1560     30.000     9.1526    23.7012     5.5393     7.9162     83.740    241.658    247.385    0.00023    6.61485    9.45328  288.57950     9.1529   14.93816 4.4979e-02     0.1364     1.2122 0.0000e+00
        570 308.856275    0.03949     2.3695    142.171     31.295  48482.387    30.6646     9.1553     31.000     9.1520    23.7023     5.5430     7.9215     83.795    241.818    247.549    0.00036    6.61491    9.45337  288.58187     9.1521   14.93827 4.4787e-02     0.1514     1.2282 0.0000e+00
        577 308.856295    0.03997     2.3984    143.904     32.304  48485.357    30.6661     9.1539     32.000     9.1496    23.7036     5.5431     7.9217     83.795    241.823    247.555    0.00015    6.61506    9.45357  288.58770     9.1506   14.93854 4.4585e-02     0.1528     1.2473 0.0000e+00
        584 308.856316    0.04046     2.4277    145.659     33.314  48489.046    30.6680     9.1517     33.000     9.1482    23.7054     5.5415     7.9194     83.768    241.752    247.483   -0.00012    6.61530    9.45392  288.59789     9.1483   14.93902 4.4461e-02     0.1577     1.3188 0.0000e+00
        590 308.856335    0.04093     2.4559    147.354     34.324  48489.973    30.6681     9.1515     34.000     9.1474    23.7056     5.5422     7.9204     83.779    241.785    247.516   -0.00008    6.61532    9.45395  288.59875     9.1480   14.93906 4.4240e-02     0.1565     1.3531 0.0000e+00
        597 308.856355    0.04142     2.4850    149.101     35.333  48495.983    30.6713     9.1473     35.000     9.1418    23.7088     5.5464     7.9263     83.835    241.965    247.701    0.00020    6.61581    9.45466  288.61928     9.1437   14.94003 4.3998e-02     0.1662     1.2905 0.0000e+00
        604 308.856376    0.04190     2.5142    150.855     36.343  48502.965    30.6752     9.1426     36.000     9.1382    23.7125     5.5532     7.9361     83.932    242.263    248.008    0.00057    6.61634    9.45541  288.64129     9.1388   14.94106 4.3787e-02     0.1530     1.3498 0.0000e+00
        611 308.856396    0.04238     2.5429    152.573     37.352  48505.354    30.6762     9.1412     37.000     9.1371    23.7136     5.5550     7.9386     83.956    242.339    248.085    0.00040    6.61650    9.45564  288.64782     9.1374   14.94137 4.3616e-02     0.1536     1.3444 0.0000e+00
        618 308.856416    0.04287     2.5722    154.332     38.362  48508.334    30.6777     9.1396     38.000     9.1347    23.7149     5.5543     7.9377     83.944    242.309    248.055    0.00008    6.61666    9.45587  288.65458     9.1357   14.94169 4.3478e-02     0.1485     1.3505 0.0000e+00
        625 308.856436    0.04335     2.6015    156.091     39.372  48514.162    30.6808     9.1356     39.000     9.1303    23.7180     5.5598     7.9454     84.021    242.547    248.300    0.00040    6.61712    9.45653  288.67390     9.1316   14.94260 4.3323e-02     0.1620     1.3906 0.0000e+00
        632 308.856457    0.04385     2.6309    157.857     40.382  48519.892    30.6838     9.1315     40.000     9.1264    23.7210     5.5653     7.9533     84.098    242.786    248.545    0.00056    6.61759    9.45721  288.69377     9.1274   14.94354 4.3214e-02     0.1538     1.3571 0.0000e+00
        640 308.856478    0.04436     2.6614    159.683     41.391  48523.312    30.6855     9.1297     41.000     9.1256    23.7227     5.5689     7.9584     84.150    242.941    248.705    0.00052    6.61778    9.45747  288.70132     9.1255   14.94389 4.3066e-02     0.1597     1.3663 0.0000e+00
        647 308.856499    0.04486     2.6916    161.495     42.401  48524.055    30.6857     9.1300     42.000     9.1259    23.7227     5.5688     7.9585     84.150    242.942    248.705    0.00023    6.61773    9.45740  288.69901     9.1257   14.94378 4.2863e-02     0.1675     1.3782 0.0000e+00
        654 308.856520    0.04537     2.7220    163.321     43.411  48524.711    30.6857     9.1303     43.000     9.1251    23.7228     5.5702     7.9604     84.171    243.000    248.765    0.00017    6.61770    9.45735  288.69756     9.1258   14.94371 4.2134e-02     0.1644     1.3921 0.0000e+00
        661 308.856541    0.04586     2.7519    165.111     44.420  48538.065    30.6936     9.1226     44.000     9.1144    23.7301     5.5703     7.9605     84.163    243.003    248.769   -0.00001    6.61849    9.45848  288.73000     9.1181   14.94523 4.2138e-02     0.1595     1.3135 0.0000e+00
        669 308.856562    0.04638     2.7826    166.953     45.430  48556.135    30.7044     9.1115     45.000     9.1055    23.7402     5.5789     7.9728     84.278    243.377    249.154    0.00052    6.61967    9.46018  288.77893     9.1068   14.94752 4.2147e-02     0.1665     1.2907 0.0000e+00
        676 308.856583    0.04688     2.8129    168.772     46.439  48562.672    30.7079     9.1075     46.000     9.1013    23.7437     5.5958     7.9969     84.527    244.111    249.908    0.00156    6.62011    9.46080  288.79694     9.1027   14.94837 4.2151e-02     0.1752     1.3076 0.0000e+00
        684 308.856605    0.04743     2.8460    170.758     47.449  48571.551    30.7130     9.1019     47.000     9.0972    23.7485     5.6097     8.0168     84.730    244.716    250.528    0.00200    6.62071    9.46166  288.82205     9.0970   14.94955 4.2092e-02     0.1649     1.2800 0.0000e+00
