CTD-processing/allCTD/CNV/2015_07-10_subbays_sadieb_cast287_4141.cnv
* Sea-Bird SBE19plus Data File:
* FileName = C:\Users\Kris.Holderied\Documents\kasitsna\Research-KBL\Oceanography-AK\CTD-Data-ALL-to-2015-10\2015-CTD-KachemakBay-CookInlet\2015-07-10-KachemakBay-Subbays\2015-07-10-KachemakBay-subbays-cast287.hex
* Software Version 1.59
* Temperature SN =  4141
* Conductivity SN =  4141
* System UpLoad Time = Nov 02 2015 20:03:21
** Kachemak Bay Intensive Survey - Sub-bays
** Date: 07-10
** Station: Sadie B
** Start time (AKDT): 16:36
** Depth (m): 34.4
** Comment:  Survey included T9, sub-bays and along-bay line on two boats.
** Comment: R/V Barnacle. KBRR CTD.  Seldovia done with other boat.
# nquan = 27
# nvalues = 30                          
# units = specified
# name 0 = scan: Scan Count
# name 1 = timeJ: Julian Days
# name 2 = timeH: Time, Elapsed [hours]
# name 3 = timeM: Time, Elapsed [minutes]
# name 4 = timeS: Time, Elapsed [seconds]
# name 5 = prdM: Pressure, Strain Gauge [db]
# name 6 = specc: Specific Conductance [uS/cm]
# name 7 = sal00: Salinity, Practical [PSU]
# name 8 = tv290C: Temperature [ITS-90, deg C]
# name 9 = depSM: Depth [salt water, m], lat = 59.00
# name 10 = potemp090C: Potential Temperature [ITS-90, deg C]
# name 11 = sigma-é00: Density [sigma-theta, kg/m^3]
# name 12 = sbeox0ML/L: Oxygen, SBE 43 [ml/l]
# name 13 = sbeox0Mg/L: Oxygen, SBE 43 [mg/l]
# name 14 = sbeox0PS: Oxygen, SBE 43 [% saturation]
# name 15 = sbox0Mm/Kg: Oxygen, SBE 43 [umol/kg]
# name 16 = sbeox0Mm/L: Oxygen, SBE 43 [umol/l]
# name 17 = sbox0dV/dT: Oxygen, SBE 43 [dov/dt]
# name 18 = oxsolML/L: Oxygen Saturation, Garcia & Gordon [ml/l]
# name 19 = oxsolMg/L: Oxygen Saturation, Garcia & Gordon [mg/l]
# name 20 = oxsolMm/Kg: Oxygen Saturation, Garcia & Gordon [umol/kg]
# name 21 = n2satMg/L: Nitrogen Saturation [mg/l]
# name 22 = par: PAR/Irradiance, Biospherical/Licor
# name 23 = wetStar: Fluorescence, WET Labs WETstar [mg/m^3]
# name 24 = CStarAt0: Beam Attenuation, WET Labs C-Star [1/m]
# name 25 = CStarTr0: Beam Transmission, WET Labs C-Star [%]
# name 26 = flag: flag
# span 0 =        432,        553       
# span 1 = 191.693285, 191.693635       
# span 2 =    0.02994,    0.03834       
# span 3 =     1.7963,     2.3011       
# span 4 =    107.780,    138.065       
# span 5 =      1.036,     30.284       
# span 6 =  46737.407,  49454.628       
# span 7 =    29.7699,    31.3028       
# span 8 =     8.6668,    11.9554       
# span 9 =      1.000,     30.000       
# span 10 =     8.6221,    11.8014      
# span 11 =    22.5387,    24.2530      
# span 12 =     6.2860,     7.5870      
# span 13 =     8.9832,    10.8425      
# span 14 =     94.364,    120.128      
# span 15 =    274.083,    331.191      
# span 16 =    280.731,    338.833      
# span 17 =   -0.08278,    0.01340      
# span 18 =    6.26017,    6.66126      
# span 19 =    8.94641,    9.51961      
# span 20 =  273.41690,  290.44840      
# span 21 =   14.21611,   15.02498      
# span 22 = 2.2313e+00, 8.6812e+01      
# span 23 =     0.4913,     7.4119      
# span 24 =     0.4084,     0.9001      
# span 25 =    79.8504,    90.2932      
# span 26 = 0.0000e+00, 0.0000e+00      
# interval = meters: 1                  
# start_time = Jul 10 2015 16:36:32 [Instrument's time stamp, header]
# bad_flag = -9.990e-29
*END*
        432 191.693285    0.02994     1.7963    107.780      1.036  46737.407    29.7699    11.9554      1.000    11.8014    22.5387     7.4624    10.6645    119.202    325.924    333.271    0.00757    6.26017    8.94641  273.41690   14.21611 8.6812e+01     0.7854     0.8026    81.8127 0.0000e+00
        438 191.693301    0.03034     1.8203    109.219      2.021  47247.607    30.1032    11.6840      2.000    11.6299    22.8459     7.4192    10.6029    118.081    323.943    331.344   -0.00794    6.28319    8.97930  274.33969   14.25899 6.8763e+01     0.8603     0.8692    80.4708 0.0000e+00
        443 191.693316    0.03069     1.8415    110.490      3.032  47411.259    30.2064    11.5643      3.000    11.4964    22.9472     7.5206    10.7477    119.467    328.337    335.871    0.00765    6.29513    8.99638  274.83405   14.28227 4.9945e+01     0.9109     0.9001    79.8504 0.0000e+00
        447 191.693328    0.03098     1.8588    111.528      4.041  47611.723    30.3282    11.3757      4.000    11.0851    23.0751     7.5870    10.8425    120.128    331.191    338.833    0.01340    6.31570    9.02577  275.69736   14.32314 4.6570e+01     1.0705     0.8946    79.9600 0.0000e+00
        451 191.693338    0.03123     1.8740    112.439      5.047  48050.501    30.5688    10.7459      5.000    10.3741    23.3707     7.5708    10.8194    118.441    330.389    338.110   -0.00423    6.39212    9.13497  278.95249   14.47805 4.2675e+01     1.1452     0.8293    81.2763 0.0000e+00
        454 191.693349    0.03149     1.8890    113.342      6.058  48578.383    30.8752    10.1871      6.000     9.9990    23.7024     7.5099    10.7323    116.299    327.627    335.392   -0.02617    6.45754    9.22847  281.71627   14.60909 3.9268e+01     1.1897     0.7730    82.4288 0.0000e+00
        458 191.693358    0.03172     1.9030    114.180      7.065  48857.903    31.0385     9.9181      7.000     9.8568    23.8738     7.5083    10.7301    115.712    327.501    335.320   -0.02575    6.48881    9.27316  283.03313   14.67144 3.6196e+01     1.1889     0.7729    82.4310 0.0000e+00
        461 191.693368    0.03195     1.9171    115.024      8.074  48955.905    31.0964     9.8325      8.000     9.8118    23.9328     7.5426    10.7791    116.064    328.976    336.849   -0.01534    6.49858    9.28713  283.44315   14.69082 3.2999e+01     1.1295     0.7937    82.0029 0.0000e+00
        465 191.693379    0.03221     1.9329    115.971      9.080  48964.583    31.0953     9.7803      9.000     9.7401    23.9404     7.5557    10.7978    116.132    329.547    337.436   -0.00872    6.50609    9.29785  283.76831   14.70637 3.1363e+01     1.5528     0.7530    82.8413 0.0000e+00
        470 191.693394    0.03258     1.9547    117.283     10.092  49028.302    31.1258     9.6725     10.000     9.6387    23.9814     7.5500    10.7897    115.793    329.286    337.183   -0.00816    6.52025    9.31809  284.37454   14.73524 3.0397e+01     2.1012     0.7726    82.4358 0.0000e+00
        476 191.693412    0.03300     1.9797    118.782     11.112  49078.862    31.1505     9.5924     11.000     9.5675    24.0134     7.4809    10.6910    114.550    326.263    334.098   -0.01497    6.53073    9.33307  284.82278   14.75658 2.7753e+01     2.7013     0.7681    82.5313 0.0000e+00
        480 191.693423    0.03327     1.9961    119.769     12.115  49098.530    31.1577     9.5452     12.000     9.5057    24.0266     7.4273    10.6143    113.615    323.920    331.703   -0.01965    6.53722    9.34234  285.10203   14.76990 2.3980e+01     2.7451     0.8249    81.3675 0.0000e+00
        484 191.693434    0.03352     2.0113    120.676     13.123  49135.327    31.1721     9.4620     13.000     9.4146    24.0509     7.3890    10.5597    112.834    322.246    329.996   -0.02077    6.54863    9.35865  285.59300   14.79332 2.0278e+01     3.5799     0.8863    80.1329 0.0000e+00
        487 191.693444    0.03377     2.0263    121.576     14.133  49187.304    31.1981     9.3862     14.000     9.3433    24.0831     7.2972    10.4285    111.264    318.230    325.894   -0.02785    6.55851    9.37278  286.01532   14.81341 1.6814e+01     4.5434     0.8606    80.6466 0.0000e+00
        491 191.693455    0.03402     2.0413    122.479     15.142  49226.700    31.2158     9.3155     15.000     9.2825    24.1080     7.0845    10.1244    107.863    308.945    316.394   -0.04947    6.56804    9.38639  286.42366   14.83286 1.4538e+01     7.4119     0.7478    82.9623 0.0000e+00
        495 191.693465    0.03428     2.0567    123.405     16.150  49254.649    31.2272     9.2579     16.000     9.2322    24.1258     6.7847     9.6960    103.175    295.866    303.004   -0.07980    6.57596    9.39770  286.76388   14.84908 1.2861e+01     6.6147     0.6179    85.6860 0.0000e+00
        498 191.693476    0.03454     2.0729    124.374     17.162  49305.455    31.2575     9.2211     17.000     9.2094    24.1552     6.6175     9.4571    100.570    288.568    295.539   -0.08278    6.58002    9.40351  286.93297   14.85703 1.1409e+01     5.4486     0.5711    86.6947 0.0000e+00
        502 191.693487    0.03480     2.0882    125.291     18.171  49317.555    31.2626     9.2004     18.000     9.1750    24.1625     6.5824     9.4069     99.993    287.036    293.971   -0.06223    6.58284    9.40753  287.05354   14.86278 9.9452e+00     3.8656     0.5232    87.7388 0.0000e+00
        506 191.693497    0.03505     2.1028    126.170     19.180  49289.528    31.2342     9.1401     19.000     9.0817    24.1496     6.5075     9.2998     98.704    283.770    290.623   -0.05406    6.59287    9.42188  287.49475   14.88399 8.7385e+00     3.5005     0.4939    88.3840 0.0000e+00
        509 191.693508    0.03530     2.1177    127.060     20.186  49346.854    31.2619     9.0530     20.000     9.0244    24.1846     6.3952     9.1394     96.832    278.865    285.610   -0.05622    6.60446    9.43844  287.99047   14.90757 7.7704e+00     2.5801     0.4713    88.8847 0.0000e+00
        513 191.693519    0.03557     2.1339    128.036     21.196  49390.313    31.2866     9.0151     21.000     9.0107    24.2098     6.3713     9.1052     96.403    277.816    284.542   -0.04443    6.60899    9.44491  288.18067   14.91656 6.8900e+00     1.8789     0.4625    89.0808 0.0000e+00
        517 191.693531    0.03586     2.1516    129.097     22.213  49413.171    31.3028     9.0193     22.000     9.0253    24.2218     6.4304     9.1897     97.317    280.389    287.181   -0.02028    6.60768    9.44304  288.12018   14.91360 6.0956e+00     1.4778     0.4551    89.2469 0.0000e+00
        521 191.693543    0.03612     2.1675    130.049     23.219  49398.858    31.2940     9.0310     23.000     9.0252    24.2131     6.4580     9.2292     97.755    281.596    288.414   -0.00818    6.60633    9.44111  288.06391   14.91095 5.3272e+00     1.5354     0.4595    89.1472 0.0000e+00
        525 191.693552    0.03636     2.1818    130.910     24.229  49352.430    31.2596     9.0211     24.000     9.0048    24.1878     6.4227     9.1786     97.177    280.062    286.836   -0.01046    6.60924    9.44527  288.19801   14.91750 4.6593e+00     1.5959     0.4502    89.3558 0.0000e+00
        528 191.693562    0.03660     2.1959    131.751     25.238  49363.334    31.2628     8.9930     25.000     8.9544    24.1946     6.3879     9.1290     96.593    278.545    285.284   -0.01403    6.61325    9.45100  288.37093   14.92575 4.0412e+00     1.6684     0.4562    89.2219 0.0000e+00
        531 191.693572    0.03683     2.2095    132.572     26.246  49376.721    31.2628     8.9294     26.000     8.8937    24.2043     6.3795     9.1169     96.328    278.174    284.907   -0.01308    6.62262    9.46440  288.77699   14.94515 3.5405e+00     1.5178     0.4420    89.5386 0.0000e+00
        535 191.693581    0.03705     2.2232    133.391     27.256  49418.258    31.2854     8.8867     27.000     8.8620    24.2284     6.4239     9.1804     96.922    280.107    286.893   -0.00519    6.62797    9.47203  289.00302   14.95586 3.0786e+00     0.9818     0.4352    89.6911 0.0000e+00
        538 191.693591    0.03730     2.2379    134.272     28.261  49416.032    31.2766     8.8391     28.000     8.7983    24.2287     6.4841     9.2664     97.719    282.730    289.580    0.00440    6.63540    9.48265  289.32687   14.97137 2.7230e+00     0.9558     0.4198    90.0358 0.0000e+00
        545 191.693611    0.03778     2.2664    135.984     29.274  49454.628    31.2899     8.7471     29.000     8.7186    24.2530     6.4027     9.1501     96.304    279.173    285.944   -0.00829    6.64850    9.50137  289.89119   14.99829 2.4959e+00     0.8245     0.4129    90.1920 0.0000e+00
        553 191.693635    0.03834     2.3011    138.065     30.284  49444.981    31.2711     8.6668     30.000     8.6221    24.2503     6.2860     8.9832     94.364    274.083    280.731   -0.02064    6.66126    9.51961  290.44840   15.02498 2.2313e+00     0.4913     0.4084    90.2932 0.0000e+00
