CTD-processing/allCTD/CNV/2015_09-04_t9_s03_cast183_5028.cnv
* Sea-Bird SBE19plus Data File:
* FileName = C:\Users\Kris.Holderied\Documents\kasitsna\Research-KBL\Oceanography-AK\CTD-Data-ALL-to-2015-06\2015-CTD-KachemakBay-CookInlet\2015-09-04-CookInlet-HomerSpit-Monthly\2015-09-04-CookInlet-Tran9-cast183.hex
* Software Version 1.59
* Temperature SN =  5028
* Conductivity SN =  5028
* System UpLoad Time = Oct 19 2015 12:16:14
** Cook Inlet LTM Transect 9 Homer Spit Monthly

** Date: 09-04
** Station: 9-03
** Start time (AKDT): 11:03
** Depth (m): 90
** Comment:  R/V Barnacle
** Comment:
# nquan = 27
# nvalues = 83                          
# units = specified
# name 0 = scan: Scan Count
# name 1 = timeJ: Julian Days
# name 2 = timeH: Time, Elapsed [hours]
# name 3 = timeM: Time, Elapsed [minutes]
# name 4 = timeS: Time, Elapsed [seconds]
# name 5 = prdM: Pressure, Strain Gauge [db]
# name 6 = specc: Specific Conductance [uS/cm]
# name 7 = sal00: Salinity, Practical [PSU]
# name 8 = tv290C: Temperature [ITS-90, deg C]
# name 9 = depSM: Depth [salt water, m], lat = 59.00
# name 10 = potemp090C: Potential Temperature [ITS-90, deg C]
# name 11 = sigma-é00: Density [sigma-theta, kg/m^3]
# name 12 = sbeox0ML/L: Oxygen, SBE 43 [ml/l]
# name 13 = sbeox0Mg/L: Oxygen, SBE 43 [mg/l]
# name 14 = sbeox0PS: Oxygen, SBE 43 [% saturation]
# name 15 = sbox0Mm/Kg: Oxygen, SBE 43 [umol/kg]
# name 16 = sbeox0Mm/L: Oxygen, SBE 43 [umol/l]
# name 17 = sbox0dV/dT: Oxygen, SBE 43 [dov/dt]
# name 18 = oxsolML/L: Oxygen Saturation, Garcia & Gordon [ml/l]
# name 19 = oxsolMg/L: Oxygen Saturation, Garcia & Gordon [mg/l]
# name 20 = oxsolMm/Kg: Oxygen Saturation, Garcia & Gordon [umol/kg]
# name 21 = potemp090C: Potential Temperature [ITS-90, deg C]
# name 22 = n2satMg/L: Nitrogen Saturation [mg/l]
# name 23 = par: PAR/Irradiance, Biospherical/Licor
# name 24 = flECO-AFL: Fluorescence, WET Labs ECO-AFL/FL [mg/m^3]
# name 25 = turbWETntu0: Turbidity, WET Labs ECO [NTU]
# name 26 = flag: flag
# span 0 =        333,        735       
# span 1 = 247.461355, 247.462518       
# span 2 =    0.02307,    0.05098       
# span 3 =     1.3841,     3.0592       
# span 4 =     83.044,    183.552       
# span 5 =      1.009,     83.801       
# span 6 =  47686.662,  49651.605       
# span 7 =    30.2705,    31.4737       
# span 8 =     9.2303,    10.2158       
# span 9 =      1.000,     83.000       
# span 10 =     9.2222,    10.1892      
# span 11 =    23.2271,    24.3237      
# span 12 =     5.3197,     5.4911      
# span 13 =     7.6024,     7.8473      
# span 14 =     81.736,     84.747      
# span 15 =    232.016,    239.673      
# span 16 =    237.579,    245.231      
# span 17 =   -0.00491,    0.00123      
# span 18 =    6.47216,    6.56961      
# span 19 =    9.24936,    9.38863      
# span 20 =  282.38170,  286.43209      
# span 21 =     9.2222,    10.2157      
# span 22 =   14.64118,   14.83224      
# span 23 = 4.6506e-02, 4.3351e+01      
# span 24 =     0.3655,     0.7228      
# span 25 =     1.1396,     1.6439      
# span 26 = 0.0000e+00, 0.0000e+00      
# interval = meters: 1                  
# start_time = Sep 04 2015 11:02:58 [Instrument's time stamp, header]
# bad_flag = -9.990e-29
*END*
[from data line 54]
        608 247.462150    0.04214     2.5286    151.716     55.526  49582.377    31.4505     9.3292     55.000     9.3215    24.2899     5.3927     7.7067     82.255    235.127    240.838   -0.00020    6.55612    9.36936  285.85311     9.3234   14.80464 5.5035e-02     0.3936     1.2194 0.0000e+00
        612 247.462161    0.04241     2.5447    152.683     56.536  49585.421    31.4518     9.3264     56.000     9.3199    24.2914     5.3939     7.7084     82.268    235.178    240.891   -0.00018    6.55648    9.36986  285.86801     9.3205   14.80534 5.5088e-02     0.3805     1.2603 0.0000e+00
        616 247.462172    0.04268     2.5608    153.648     57.546  49586.321    31.4520     9.3257     57.000     9.3192    24.2917     5.3979     7.7142     82.328    235.354    241.071    0.00016    6.55658    9.37001  285.87239     9.3196   14.80555 5.5029e-02     0.3849     1.2888 0.0000e+00
        619 247.462183    0.04295     2.5770    154.619     58.556  49585.490    31.4508     9.3246     58.000     9.3161    24.2910     5.4038     7.7225     82.415    235.610    241.333    0.00057    6.55678    9.37030  285.88152     9.3184   14.80599 5.4951e-02     0.3889     1.2323 0.0000e+00
        624 247.462195    0.04324     2.5944    155.664     59.565  49584.958    31.4490     9.3179     59.000     9.3068    24.2907     5.4054     7.7249     82.426    235.678    241.403    0.00050    6.55782    9.37179  285.92714     9.3116   14.80818 5.4830e-02     0.3956     1.2732 0.0000e+00
        628 247.462209    0.04355     2.6133    156.797     60.575  49591.453    31.4519     9.3085     60.000     9.2992    24.2943     5.4023     7.7204     82.363    235.542    241.264   -0.00015    6.55907    9.37357  285.98042     9.3021   14.81072 5.4507e-02     0.4017     1.2303 0.0000e+00
        633 247.462221    0.04386     2.6317    157.903     61.585  49595.048    31.4531     9.3022     61.000     9.2930    24.2963     5.4047     7.7238     82.389    235.647    241.373   -0.00001    6.55993    9.37480  286.01729     9.2958   14.81248 5.4532e-02     0.4060     1.1791 0.0000e+00
        637 247.462235    0.04419     2.6510    159.058     62.594  49599.461    31.4550     9.2967     62.000     9.2884    24.2986     5.4051     7.7244     82.387    235.665    241.391   -0.00008    6.56066    9.37583  286.04829     9.2901   14.81395 5.4659e-02     0.3900     1.1481 0.0000e+00
        642 247.462247    0.04450     2.6699    160.195     63.604  49602.195    31.4561     9.2935     63.000     9.2859    24.3000     5.4096     7.7307     82.449    235.858    241.590    0.00020    6.56107    9.37643  286.06607     9.2868   14.81479 5.4624e-02     0.3930     1.1660 0.0000e+00
        646 247.462261    0.04482     2.6890    161.341     64.614  49603.826    31.4566     9.2918     64.000     9.2843    24.3006     5.4131     7.7358     82.500    236.012    241.748    0.00041    6.56131    9.37676  286.07595     9.2850   14.81527 5.4603e-02     0.4030     1.1555 0.0000e+00
        651 247.462274    0.04514     2.7086    162.517     65.624  49604.788    31.4565     9.2895     65.000     9.2808    24.3009     5.4123     7.7347     82.484    235.979    241.713    0.00014    6.56164    9.37724  286.09056     9.2826   14.81597 5.4578e-02     0.3989     1.1742 0.0000e+00
        656 247.462288    0.04547     2.7284    163.702     66.634  49607.253    31.4571     9.2848     66.000     9.2756    24.3022     5.4099     7.7313     82.439    235.874    241.606   -0.00025    6.56230    9.37817  286.11876     9.2778   14.81732 5.4524e-02     0.4072     1.1899 0.0000e+00
        661 247.462302    0.04580     2.7484    164.904     67.643  49610.853    31.4585     9.2796     67.000     9.2703    24.3041     5.4130     7.7357     82.478    236.009    241.745   -0.00002    6.56299    9.37917  286.14852     9.2725   14.81873 5.4438e-02     0.4227     1.2015 0.0000e+00
        665 247.462316    0.04613     2.7678    166.067     68.654  49614.154    31.4597     9.2742     68.000     9.2642    24.3059     5.4132     7.7360     82.472    236.019    241.756   -0.00007    6.56373    9.38023  286.18042     9.2670   14.82025 5.4353e-02     0.4155     1.2019 0.0000e+00
        670 247.462328    0.04643     2.7860    167.157     69.663  49617.796    31.4609     9.2678     69.000     9.2570    24.3078     5.4125     7.7350     82.450    235.987    241.724   -0.00027    6.56461    9.38148  286.21796     9.2605   14.82204 5.4267e-02     0.4011     1.2134 0.0000e+00
        674 247.462341    0.04674     2.8040    168.240     70.673  49620.764    31.4612     9.2583     70.000     9.2444    24.3096     5.4141     7.7372     82.456    236.053    241.791   -0.00022    6.56598    9.38344  286.27743     9.2508   14.82488 5.4214e-02     0.4010     1.2307 0.0000e+00
        678 247.462353    0.04703     2.8223    169.337     71.683  49630.511    31.4657     9.2447     71.000     9.2330    24.3153     5.4153     7.7390     82.452    236.104    241.846   -0.00021    6.56777    9.38599  286.35358     9.2372   14.82850 5.4174e-02     0.4115     1.2584 0.0000e+00
        683 247.462367    0.04736     2.8414    170.486     72.692  49637.536    31.4691     9.2368     72.000     9.2273    24.3192     5.4133     7.7362     82.410    236.020    241.760   -0.00046    6.56876    9.38742  286.39592     9.2293   14.83051 5.4112e-02     0.4047     1.3466 0.0000e+00
        688 247.462380    0.04768     2.8609    171.654     73.702  49641.091    31.4707     9.2333     73.000     9.2247    24.3209     5.4141     7.7373     82.416    236.052    241.793   -0.00036    6.56921    9.38806  286.41494     9.2256   14.83142 5.3813e-02     0.4061     1.3412 0.0000e+00
        692 247.462394    0.04800     2.8800    172.802     74.712  49642.708    31.4712     9.2316     74.000     9.2232    24.3217     5.4182     7.7430     82.475    236.228    241.974    0.00002    6.56943    9.38838  286.42461     9.2238   14.83188 5.1867e-02     0.4026     1.3558 0.0000e+00
        697 247.462407    0.04832     2.8993    173.957     75.722  49644.260    31.4717     9.2305     75.000     9.2224    24.3222     5.4198     7.7455     82.499    236.303    242.051    0.00013    6.56957    9.38858  286.43056     9.2226   14.83216 4.8813e-02     0.4059     1.3454 0.0000e+00
        701 247.462420    0.04864     2.9182    175.094     76.731  49644.920    31.4717     9.2303     76.000     9.2222    24.3222     5.4181     7.7429     82.471    236.225    241.970   -0.00014    6.56961    9.38863  286.43209     9.2223   14.83224 4.8001e-02     0.4161     1.3685 0.0000e+00
        706 247.462433    0.04896     2.9375    176.248     77.741  49645.579    31.4718     9.2304     77.000     9.2223    24.3223     5.4175     7.7422     82.464    236.201    241.946   -0.00022    6.56959    9.38860  286.43115     9.2223   14.83219 4.7826e-02     0.4022     1.4038 0.0000e+00
        711 247.462447    0.04929     2.9570    177.419     78.751  49646.079    31.4717     9.2306     78.000     9.2223    24.3222     5.4196     7.7451     82.495    236.291    242.039   -0.00004    6.56957    9.38857  286.43008     9.2224   14.83214 4.7573e-02     0.3950     1.3928 0.0000e+00
        716 247.462461    0.04962     2.9773    178.637     79.761  49647.051    31.4719     9.2305     79.000     9.2222    24.3224     5.4216     7.7480     82.527    236.380    242.129    0.00011    6.56956    9.38856  286.42985     9.2222   14.83213 4.7090e-02     0.3903     1.4052 0.0000e+00
        720 247.462475    0.04996     2.9979    179.871     80.771  49648.545    31.4725     9.2308     80.000     9.2224    24.3229     5.4185     7.7436     82.480    236.245    241.991   -0.00023    6.56950    9.38848  286.42726     9.2223   14.83200 4.6725e-02     0.3964     1.4061 0.0000e+00
        725 247.462489    0.05029     3.0175    181.049     81.781  49650.096    31.4732     9.2311     81.000     9.2228    24.3234     5.4172     7.7418     82.462    236.189    241.934   -0.00037    6.56941    9.38835  286.42327     9.2226   14.83180 4.6506e-02     0.4050     1.5343 0.0000e+00
        730 247.462503    0.05062     3.0374    182.241     82.791  49651.205    31.4737     9.2318     82.000     9.2234    24.3237     5.4172     7.7418     82.463    236.188    241.932   -0.00027    6.56931    9.38820  286.41858     9.2231   14.83158 4.6530e-02     0.4058     1.6180 0.0000e+00
        735 247.462518    0.05098     3.0592    183.552     83.801  49651.605    31.4736     9.2324     83.000     9.2237    24.3236     5.4145     7.7378     82.422    236.067    241.810   -0.00051    6.56922    9.38807  286.41471     9.2236   14.83140 4.6587e-02     0.4057     1.6439 0.0000e+00
