CTD-processing/allCTD/CNV/2015_11-04_t4_s09_cast021_5028.cnv
* Sea-Bird SBE19plus Data File:
* FileName = C:\Users\Kris.Holderied\Documents\kasitsna\Research-KBL\Oceanography-AK\CTD-Data-ALL-to-2015-10\2015-CTD-KachemakBay-CookInlet\2015-11-EVOSTC-CookInlet-quarterly\2015-11-04-CookInlet-Tran4-Barabara\2015-11-04-CookInlet-Tran4-cast021.hex
* Software Version 1.59
* Temperature SN =  5028
* Conductivity SN =  5028
* System UpLoad Time = Nov 04 2015 19:06:34
** Cook Inlet LTM Tran4 Barabara North to South

** Date: 11-04
** Station: 4-09
** Start time (AKST): 15:48
** Depth (m): 23.8
** Comment: M/V Ursus.
** Comment:
# nquan = 27
# nvalues = 25                          
# units = specified
# name 0 = scan: Scan Count
# name 1 = timeJ: Julian Days
# name 2 = timeH: Time, Elapsed [hours]
# name 3 = timeM: Time, Elapsed [minutes]
# name 4 = timeS: Time, Elapsed [seconds]
# name 5 = prdM: Pressure, Strain Gauge [db]
# name 6 = specc: Specific Conductance [uS/cm]
# name 7 = sal00: Salinity, Practical [PSU]
# name 8 = tv290C: Temperature [ITS-90, deg C]
# name 9 = depSM: Depth [salt water, m], lat = 59.00
# name 10 = potemp090C: Potential Temperature [ITS-90, deg C]
# name 11 = sigma-é00: Density [sigma-theta, kg/m^3]
# name 12 = sbeox0ML/L: Oxygen, SBE 43 [ml/l]
# name 13 = sbeox0Mg/L: Oxygen, SBE 43 [mg/l]
# name 14 = sbeox0PS: Oxygen, SBE 43 [% saturation]
# name 15 = sbox0Mm/Kg: Oxygen, SBE 43 [umol/kg]
# name 16 = sbeox0Mm/L: Oxygen, SBE 43 [umol/l]
# name 17 = sbox0dV/dT: Oxygen, SBE 43 [dov/dt]
# name 18 = oxsolML/L: Oxygen Saturation, Garcia & Gordon [ml/l]
# name 19 = oxsolMg/L: Oxygen Saturation, Garcia & Gordon [mg/l]
# name 20 = oxsolMm/Kg: Oxygen Saturation, Garcia & Gordon [umol/kg]
# name 21 = potemp090C: Potential Temperature [ITS-90, deg C]
# name 22 = n2satMg/L: Nitrogen Saturation [mg/l]
# name 23 = par: PAR/Irradiance, Biospherical/Licor
# name 24 = flECO-AFL: Fluorescence, WET Labs ECO-AFL/FL [mg/m^3]
# name 25 = turbWETntu0: Turbidity, WET Labs ECO [NTU]
# name 26 = flag: flag
# span 0 =        128,        492       
# span 1 = 308.657614, 308.658666       
# span 2 =    0.00885,    0.03410       
# span 3 =     0.5311,     2.0456       
# span 4 =     31.863,    122.736       
# span 5 =      1.009,     25.237       
# span 6 =  46984.118,  47994.386       
# span 7 =    29.4937,    30.2418       
# span 8 =     8.0053,     8.7734       
# span 9 =      1.000,     25.000       
# span 10 =     8.0395,     8.7709      
# span 11 =    22.9518,    23.4628      
# span 12 =     5.6580,     5.8328      
# span 13 =     8.0859,     8.3356      
# span 14 =     83.655,     86.022      
# span 15 =    246.904,    254.658      
# span 16 =    252.686,    260.490      
# span 17 =   -0.00346,    0.00533      
# span 18 =    6.69028,    6.84172      
# span 19 =    9.56109,    9.77750      
# span 20 =  291.95065,  298.71026      
# span 21 =     8.0052,     8.7708      
# span 22 =   15.10100,   15.42674      
# span 23 = 4.9060e-02, 1.2848e+01      
# span 24 =     0.2522,     0.5076      
# span 25 =     1.2657,     2.2488      
# span 26 = 0.0000e+00, 0.0000e+00      
# interval = meters: 1                  
# start_time = Nov 04 2015 15:46:26 [Instrument's time stamp, header]
# bad_flag = -9.990e-29
*END*
        128 308.657614    0.00885     0.5311     31.863      1.009  46984.118    29.4937     8.0053      1.000     8.0395    22.9518     5.8328     8.3356     85.253    254.658    260.490    0.00462    6.84172    9.77750  298.71026     8.0052   15.42674 1.2848e+01     0.4295     2.0734 0.0000e+00
        339 308.658225    0.02351     1.4104     84.622      2.019  47654.614    29.9537     8.1275      2.000     8.1259    23.2958     5.6892     8.1303     83.655    248.291    254.076    0.00116    6.80069    9.71887  296.80411     8.1273   15.33388 7.7950e+00     0.4778     1.4042 0.0000e+00
        341 308.658229    0.02360     1.4161     84.964      3.028  47641.055    29.9443     8.1263      3.000     8.1288    23.2886     5.7119     8.1629     83.982    249.287    255.093    0.00219    6.80134    9.71979  296.83478     8.1260   15.33539 5.3118e+00     0.4940     1.3382 0.0000e+00
        348 308.658248    0.02407     1.4442     86.650      4.038  47637.265    29.9423     8.1337      4.000     8.1342    23.2861     5.7142     8.1662     84.030    249.391    255.199    0.00149    6.80028    9.71828  296.78929     8.1334   15.33322 3.6907e+00     0.4907     1.3100 0.0000e+00
        354 308.658268    0.02455     1.4729     88.372      5.048  47637.301    29.9422     8.1355      5.000     8.1353    23.2857     5.7134     8.1650     84.021    249.354    255.160    0.00070    6.80000    9.71788  296.77736     8.1351   15.33266 2.6948e+00     0.4811     1.2657 0.0000e+00
        361 308.658286    0.02498     1.4990     89.942      6.057  47638.618    29.9428     8.1365      6.000     8.1364    23.2861     5.7238     8.1799     84.176    249.808    255.625    0.00119    6.79982    9.71762  296.76943     8.1360   15.33227 1.9699e+00     0.4852     1.3020 0.0000e+00
        368 308.658307    0.02549     1.5295     91.768      7.066  47638.720    29.9426     8.1376      7.000     8.1364    23.2858     5.7280     8.1859     84.239    249.991    255.813    0.00092    6.79967    9.71741  296.76288     8.1369   15.33196 1.5147e+00     0.4988     1.3060 0.0000e+00
        374 308.658325    0.02590     1.5544     93.262      8.076  47640.013    29.9428     8.1353      8.000     8.1337    23.2862     5.7396     8.2024     84.405    250.497    256.330    0.00135    6.80001    9.71790  296.77772     8.1346   15.33267 1.1279e+00     0.5041     1.2934 0.0000e+00
        381 308.658345    0.02640     1.5839     95.033      9.085  47640.945    29.9423     8.1307      9.000     8.1279    23.2865     5.7654     8.2394     84.777    251.626    257.486    0.00267    6.80074    9.71894  296.80950     8.1299   15.33419 8.3986e-01     0.5076     1.3446 0.0000e+00
        388 308.658365    0.02687     1.6121     96.726     10.095  47644.904    29.9439     8.1257     10.000     8.1236    23.2885     5.7724     8.2493     84.870    251.927    257.794    0.00198    6.80145    9.71995  296.83983     8.1247   15.33563 6.4371e-01     0.4916     1.4855 0.0000e+00
        394 308.658383    0.02730     1.6381     98.284     11.104  47643.331    29.9414     8.1195     11.000     8.1138    23.2875     5.7714     8.2478     84.841    251.881    257.747    0.00096    6.80251    9.72147  296.88638     8.1185   15.33786 5.2689e-01     0.4597     1.6195 0.0000e+00
        401 308.658403    0.02778     1.6667    100.000     12.114  47650.542    29.9436     8.1033     12.000     8.0993    23.2914     5.7686     8.2438     84.770    251.760    257.623    0.00010    6.80492    9.72492  296.99050     8.1022   15.34282 3.7334e-01     0.4376     1.7479 0.0000e+00
        408 308.658423    0.02827     1.6960    101.760     13.123  47663.775    29.9514     8.0964     13.000     8.0933    23.2985     5.7715     8.2481     84.805    251.888    257.756    0.00017    6.80564    9.72594  297.01985     8.0952   15.34419 2.6816e-01     0.4409     1.8634 0.0000e+00
        414 308.658441    0.02870     1.7219    103.316     14.132  47673.680    29.9572     8.0920     14.000     8.0901    23.3037     5.7779     8.2572     84.893    252.165    258.042    0.00051    6.80607    9.72655  297.03697     8.0907   15.34498 1.9667e-01     0.4449     2.0694 0.0000e+00
        421 308.658462    0.02920     1.7517    105.099     15.142  47673.626    29.9562     8.0885     15.000     8.0854    23.3034     5.7774     8.2565     84.879    252.144    258.020    0.00017    6.80665    9.72739  297.06257     8.0871   15.34621 1.4594e-01     0.4404     2.1524 0.0000e+00
        429 308.658483    0.02969     1.7813    106.879     16.152  47685.432    29.9635     8.0852     16.000     8.0881    23.3096     5.7769     8.2557     84.869    252.119    257.995   -0.00007    6.80683    9.72765  297.06871     8.0837   15.34648 1.1172e-01     0.4075     2.2137 0.0000e+00
        435 308.658501    0.03014     1.8083    108.500     17.161  47709.797    29.9848     8.1181     17.000     8.1335    23.3217     5.7886     8.2725     85.116    252.628    258.519    0.00123    6.80081    9.71904  296.80238     8.1165   15.33368 9.0362e-02     0.4127     2.2488 0.0000e+00
        442 308.658522    0.03064     1.8385    110.309     18.171  47691.296    29.9780     8.1622     18.000     8.1623    23.3102     5.7869     8.2701     85.173    252.556    258.443    0.00097    6.79430    9.70973  296.52140     8.1606   15.32029 7.6052e-02     0.4306     2.1589 0.0000e+00
        450 308.658543    0.03115     1.8688    112.126     19.181  47681.996    29.9702     8.1562     19.000     8.1491    23.3050     5.7725     8.2495     84.945    251.928    257.800   -0.00077    6.79557    9.71156  296.57854     8.1544   15.32305 6.6462e-02     0.4309     2.2245 0.0000e+00
        456 308.658562    0.03159     1.8955    113.729     20.190  47691.548    29.9737     8.1378     20.000     8.1335    23.3103     5.7714     8.2479     84.895    251.879    257.750   -0.00080    6.79826    9.71539  296.69416     8.1359   15.32856 6.0216e-02     0.4255     2.1835 0.0000e+00
        463 308.658582    0.03207     1.9246    115.474     21.199  47887.776    30.1204     8.2103     21.000     8.2910    23.4150     5.7720     8.2487     85.125    251.877    257.775    0.00063    6.78070    9.69029  295.89755     8.2083   15.28992 5.5774e-02     0.4232     2.1666 0.0000e+00
        470 308.658602    0.03257     1.9540    117.238     22.209  47994.386    30.2418     8.5411     22.000     8.6117    23.4628     5.7848     8.2671     86.022    252.427    258.350    0.00533    6.72490    9.61055  293.44886     8.5390   15.17251 5.2728e-02     0.3467     1.8354 0.0000e+00
        477 308.658623    0.03305     1.9830    118.982     23.218  47951.769    30.2367     8.7178     23.000     8.7367    23.4330     5.7288     8.1870     85.525    249.991    255.848    0.00045    6.69840    9.57269  292.30117     8.7156   15.11772 5.1043e-02     0.2762     1.4974 0.0000e+00
        484 308.658642    0.03352     2.0112    120.669     24.228  47935.855    30.2314     8.7621     24.000     8.7639    23.4224     5.6777     8.1139     84.843    247.762    253.565   -0.00346    6.69198    9.56351  292.02388     8.7597   15.10449 5.0039e-02     0.2544     1.3862 0.0000e+00
        492 308.658666    0.03410     2.0456    122.736     25.237  47934.153    30.2313     8.7734     25.000     8.7709    23.4207     5.6580     8.0859     84.571    246.904    252.686   -0.00326    6.69028    9.56109  291.95065     8.7708   15.10100 4.9060e-02     0.2522     1.3669 0.0000e+00
