CTD-processing/allCTD/CNV/2015_09-04_t9_s06_cast180_5028.cnv
* Sea-Bird SBE19plus Data File:
* FileName = C:\Users\Kris.Holderied\Documents\kasitsna\Research-KBL\Oceanography-AK\CTD-Data-ALL-to-2015-06\2015-CTD-KachemakBay-CookInlet\2015-09-04-CookInlet-HomerSpit-Monthly\2015-09-04-CookInlet-Tran9-cast180.hex
* Software Version 1.59
* Temperature SN =  5028
* Conductivity SN =  5028
* System UpLoad Time = Oct 19 2015 12:12:16
** Cook Inlet LTM Transect 9 Homer Spit Monthly

** Date: 09-04
** Station: 9-06
** Start time (AKDT): 10:17
** Depth (m): 97
** Comment:  R/V Barnacle
** Comment:
# nquan = 27
# nvalues = 89                          
# units = specified
# name 0 = scan: Scan Count
# name 1 = timeJ: Julian Days
# name 2 = timeH: Time, Elapsed [hours]
# name 3 = timeM: Time, Elapsed [minutes]
# name 4 = timeS: Time, Elapsed [seconds]
# name 5 = prdM: Pressure, Strain Gauge [db]
# name 6 = specc: Specific Conductance [uS/cm]
# name 7 = sal00: Salinity, Practical [PSU]
# name 8 = tv290C: Temperature [ITS-90, deg C]
# name 9 = depSM: Depth [salt water, m], lat = 59.00
# name 10 = potemp090C: Potential Temperature [ITS-90, deg C]
# name 11 = sigma-é00: Density [sigma-theta, kg/m^3]
# name 12 = sbeox0ML/L: Oxygen, SBE 43 [ml/l]
# name 13 = sbeox0Mg/L: Oxygen, SBE 43 [mg/l]
# name 14 = sbeox0PS: Oxygen, SBE 43 [% saturation]
# name 15 = sbox0Mm/Kg: Oxygen, SBE 43 [umol/kg]
# name 16 = sbeox0Mm/L: Oxygen, SBE 43 [umol/l]
# name 17 = sbox0dV/dT: Oxygen, SBE 43 [dov/dt]
# name 18 = oxsolML/L: Oxygen Saturation, Garcia & Gordon [ml/l]
# name 19 = oxsolMg/L: Oxygen Saturation, Garcia & Gordon [mg/l]
# name 20 = oxsolMm/Kg: Oxygen Saturation, Garcia & Gordon [umol/kg]
# name 21 = potemp090C: Potential Temperature [ITS-90, deg C]
# name 22 = n2satMg/L: Nitrogen Saturation [mg/l]
# name 23 = par: PAR/Irradiance, Biospherical/Licor
# name 24 = flECO-AFL: Fluorescence, WET Labs ECO-AFL/FL [mg/m^3]
# name 25 = turbWETntu0: Turbidity, WET Labs ECO [NTU]
# name 26 = flag: flag
# span 0 =        336,        669       
# span 1 = 247.429269, 247.430232       
# span 2 =    0.02329,    0.04639       
# span 3 =     1.3975,     2.7835       
# span 4 =     83.851,    167.011       
# span 5 =      1.009,     89.861       
# span 6 =  46776.782,  49666.434       
# span 7 =    29.6889,    31.4771       
# span 8 =     9.2011,    10.8859       
# span 9 =      1.000,     89.000       
# span 10 =     9.1923,    10.8268      
# span 11 =    22.6627,    24.3313      
# span 12 =     5.2749,     5.7796      
# span 13 =     7.5385,     8.2595      
# span 14 =     81.322,     90.186      
# span 15 =    230.058,    252.395      
# span 16 =    235.580,    258.115      
# span 17 =   -0.01742,    0.00200      
# span 18 =    6.40852,    6.57366      
# span 19 =    9.15841,    9.39443      
# span 20 =  279.81676,  286.60682      
# span 21 =     9.1923,    10.8857      
# span 22 =   14.52093,   14.84058      
# span 23 = 5.5842e-02, 9.6770e+01      
# span 24 =     0.3704,     1.1742      
# span 25 =     0.6996,     1.7120      
# span 26 = 0.0000e+00, 0.0000e+00      
# interval = meters: 1                  
# start_time = Sep 04 2015 10:16:45 [Instrument's time stamp, header]
# bad_flag = -9.990e-29
*END*
[from data line 54]
        541 247.429861    0.03750     2.2498    134.989     55.526  49542.146    31.4292     9.3802     55.000     9.3722    24.2653     5.4083     7.7289     82.574    235.811    241.533    0.00035    6.54963    9.36008  285.57689     9.3743   14.79151 5.6833e-02     0.3955     0.7821 0.0000e+00
        545 247.429872    0.03775     2.2647    135.883     56.536  49544.408    31.4299     9.3767     56.000     9.3691    24.2664     5.4096     7.7308     82.588    235.867    241.591    0.00022    6.55011    9.36075  285.59717     9.3708   14.79248 5.6773e-02     0.4036     0.7588 0.0000e+00
        548 247.429881    0.03800     2.2797    136.782     57.546  49546.094    31.4302     9.3737     57.000     9.3658    24.2671     5.4129     7.7356     82.634    236.015    241.742    0.00038    6.55054    9.36138  285.61600     9.3676   14.79338 5.6715e-02     0.4068     0.7315 0.0000e+00
        552 247.429892    0.03824     2.2946    137.677     58.556  49549.040    31.4315     9.3709     58.000     9.3639    24.2686     5.4164     7.7406     82.682    236.166    241.898    0.00051    6.55088    9.36186  285.63042     9.3648   14.79407 5.6700e-02     0.4040     0.7043 0.0000e+00
        555 247.429903    0.03849     2.3097    138.583     59.565  49550.874    31.4322     9.3696     59.000     9.3625    24.2693     5.4159     7.7399     82.672    236.143    241.874    0.00033    6.55104    9.36209  285.63726     9.3633   14.79439 5.6686e-02     0.4089     0.6996 0.0000e+00
        559 247.429913    0.03874     2.3247    139.480     60.576  49552.786    31.4329     9.3681     60.000     9.3607    24.2702     5.4116     7.7337     82.604    235.954    241.680   -0.00025    6.55122    9.36235  285.64489     9.3618   14.79476 5.6666e-02     0.4088     0.7138 0.0000e+00
        562 247.429923    0.03899     2.3394    140.367     61.585  49554.988    31.4337     9.3665     61.000     9.3594    24.2711     5.4099     7.7314     82.577    235.884    241.609   -0.00047    6.55142    9.36263  285.65326     9.3600   14.79515 5.6635e-02     0.3964     0.7421 0.0000e+00
        566 247.429933    0.03924     2.3543    141.260     62.595  49557.050    31.4346     9.3657     62.000     9.3582    24.2719     5.4116     7.7337     82.600    235.953    241.680   -0.00029    6.55151    9.36276  285.65701     9.3591   14.79533 5.6605e-02     0.3902     0.7758 0.0000e+00
        570 247.429944    0.03949     2.3695    142.172     63.604  49559.439    31.4356     9.3634     63.000     9.3530    24.2730     5.4143     7.7375     82.638    236.071    241.801   -0.00004    6.55179    9.36317  285.66910     9.3567   14.79590 5.6594e-02     0.3906     0.8118 0.0000e+00
        573 247.429955    0.03975     2.3850    143.102     64.614  49567.212    31.4395     9.3551     64.000     9.3437    24.2774     5.4155     7.7393     82.644    236.124    241.856   -0.00002    6.55282    9.36464  285.71273     9.3484   14.79797 5.6526e-02     0.3852     0.8212 0.0000e+00
        577 247.429965    0.04000     2.4003    144.016     65.624  49573.592    31.4424     9.3470     65.000     9.3333    24.2810     5.4122     7.7346     82.581    235.981    241.711   -0.00043    6.55389    9.36615  285.75793     9.3402   14.80012 5.6468e-02     0.3983     0.8914 0.0000e+00
        581 247.429976    0.04026     2.4152    144.911     66.634  49579.456    31.4440     9.3313     66.000     9.3109    24.2847     5.4088     7.7296     82.499    235.828    241.554   -0.00090    6.55610    9.36932  285.85356     9.3243   14.80469 5.6451e-02     0.3973     0.9515 0.0000e+00
        584 247.429986    0.04051     2.4305    145.827     67.643  49597.212    31.4529     9.3081     67.000     9.2921    24.2952     5.4051     7.7245     82.407    235.668    241.393   -0.00128    6.55909    9.37358  285.98066     9.3011   14.81073 5.6411e-02     0.3886     1.0473 0.0000e+00
        588 247.429997    0.04076     2.4459    146.755     68.653  49609.615    31.4591     9.2934     68.000     9.2809    24.3024     5.4009     7.7185     82.319    235.483    241.206   -0.00156    6.56096    9.37627  286.06075     9.2862   14.81453 5.6388e-02     0.3845     1.1098 0.0000e+00
        592 247.430008    0.04102     2.4612    147.673     69.663  49616.305    31.4621     9.2840     69.000     9.2729    24.3063     5.3985     7.7150     82.267    235.376    241.096   -0.00155    6.56220    9.37803  286.11324     9.2767   14.81703 5.6364e-02     0.3836     1.1170 0.0000e+00
        595 247.430018    0.04128     2.4768    148.606     70.672  49622.122    31.4650     9.2784     70.000     9.2697    24.3094     5.4007     7.7181     82.291    235.470    241.194   -0.00112    6.56289    9.37902  286.14253     9.2710   14.81842 5.6323e-02     0.3817     1.1283 0.0000e+00
        599 247.430030    0.04155     2.4928    149.569     71.683  49624.433    31.4659     9.2764     71.000     9.2681    24.3104     5.4067     7.7267     82.380    235.732    241.462   -0.00034    6.56315    9.37940  286.15381     9.2689   14.81896 5.6304e-02     0.3956     1.1725 0.0000e+00
        603 247.430041    0.04182     2.5093    150.560     72.692  49625.195    31.4658     9.2748     72.000     9.2658    24.3106     5.4089     7.7299     82.411    235.830    241.563   -0.00005    6.56338    9.37973  286.16369     9.2673   14.81943 5.6279e-02     0.4106     1.1771 0.0000e+00
        607 247.430052    0.04209     2.5256    151.537     73.702  49624.758    31.4645     9.2714     73.000     9.2601    24.3102     5.4074     7.7277     82.380    235.762    241.493   -0.00028    6.56394    9.38052  286.18808     9.2636   14.82060 5.6267e-02     0.4098     1.1484 0.0000e+00
        611 247.430064    0.04236     2.5418    152.508     74.711  49622.765    31.4616     9.2631     74.000     9.2464    24.3092     5.4067     7.7268     82.354    235.735    241.465   -0.00045    6.56525    9.38241  286.24596     9.2553   14.82337 5.6253e-02     0.4130     1.1557 0.0000e+00
        615 247.430075    0.04263     2.5580    153.477     75.722  49627.513    31.4618     9.2442     75.000     9.2256    24.3123     5.4084     7.7291     82.344    235.805    241.538   -0.00045    6.56800    9.38634  286.36495     9.2363   14.82907 5.6231e-02     0.4185     1.2025 0.0000e+00
        619 247.430086    0.04291     2.5742    154.450     76.732  49638.852    31.4668     9.2256     76.000     9.2107    24.3191     5.4092     7.7302     82.325    235.837    241.572   -0.00052    6.57049    9.38990  286.47149     9.2176   14.83414 5.6187e-02     0.3998     1.2369 0.0000e+00
        623 247.430097    0.04317     2.5904    155.427     77.741  49646.396    31.4699     9.2137     77.000     9.2018    24.3235     5.4129     7.7356     82.361    235.999    241.739   -0.00027    6.57209    9.39218  286.54000     9.2056   14.83740 5.6121e-02     0.4093     1.2725 0.0000e+00
        626 247.430108    0.04343     2.6060    156.361     78.751  49651.470    31.4723     9.2080     78.000     9.1979    24.3263     5.4182     7.7432     82.433    236.231    241.977    0.00017    6.57284    9.39325  286.57188     9.1997   14.83892 5.6076e-02     0.4188     1.3200 0.0000e+00
        630 247.430119    0.04369     2.6212    157.272     79.761  49654.409    31.4735     9.2052     79.000     9.1961    24.3276     5.4221     7.7487     82.488    236.400    242.151    0.00041    6.57320    9.39376  286.58692     9.1968   14.83963 5.6049e-02     0.4057     1.3367 0.0000e+00
        634 247.430129    0.04394     2.6366    158.193     80.771  49655.815    31.4739     9.2040     80.000     9.1950    24.3281     5.4241     7.7516     82.516    236.486    242.239    0.00043    6.57334    9.39397  286.59342     9.1956   14.83994 5.6007e-02     0.3993     1.3961 0.0000e+00
        637 247.430140    0.04420     2.6518    159.106     81.781  49657.179    31.4744     9.2030     81.000     9.1940    24.3286     5.4230     7.7500     82.498    236.438    242.191    0.00016    6.57346    9.39413  286.59817     9.1946   14.84017 5.6001e-02     0.4036     1.4359 0.0000e+00
        641 247.430151    0.04445     2.6670    160.022     82.790  49658.630    31.4748     9.2021     82.000     9.1930    24.3291     5.4229     7.7498     82.495    236.434    242.187 -5.436e-07    6.57358    9.39430  286.60325     9.1935   14.84041 5.6011e-02     0.4037     1.4356 0.0000e+00
        645 247.430161    0.04470     2.6822    160.934     83.800  49660.227    31.4754     9.2014     83.000     9.1924    24.3297     5.4241     7.7516     82.513    236.487    242.241    0.00005    6.57366    9.39443  286.60682     9.1926   14.84058 5.5993e-02     0.4100     1.4367 0.0000e+00
        648 247.430172    0.04496     2.6978    161.865     84.810  49661.863    31.4760     9.2011     84.000     9.1923    24.3303     5.4264     7.7548     82.547    236.584    242.341    0.00016    6.57366    9.39443  286.60679     9.1923   14.84057 5.5938e-02     0.4150     1.4800 0.0000e+00
        652 247.430183    0.04523     2.7138    162.828     85.820  49663.101    31.4765     9.2013     85.000     9.1924    24.3307     5.4272     7.7560     82.560    236.621    242.378    0.00017    6.57363    9.39437  286.60484     9.1923   14.84048 5.5911e-02     0.4197     1.5461 0.0000e+00
        656 247.430195    0.04551     2.7302    163.812     86.830  49663.857    31.4766     9.2015     86.000     9.1925    24.3307     5.4244     7.7521     82.519    236.501    242.255   -0.00018    6.57359    9.39431  286.60309     9.1925   14.84039 5.5857e-02     0.4198     1.6029 0.0000e+00
        660 247.430206    0.04577     2.7465    164.789     87.839  49664.584    31.4767     9.2017     87.000     9.1926    24.3308     5.4231     7.7501     82.498    236.442    242.195   -0.00035    6.57356    9.39427  286.60172     9.1926   14.84032 5.5842e-02     0.4124     1.6676 0.0000e+00
        664 247.430217    0.04605     2.7631    165.786     88.850  49665.340    31.4769     9.2018     88.000     9.1925    24.3309     5.4239     7.7512     82.510    236.475    242.229   -0.00023    6.57354    9.39425  286.60106     9.1926   14.84029 5.5850e-02     0.4203     1.7106 0.0000e+00
        669 247.430232    0.04639     2.7835    167.011     89.861  49666.434    31.4771     9.2018     89.000     9.1923    24.3313     5.4244     7.7520     82.518    236.497    242.251   -0.00015    6.57352    9.39424  286.60067     9.1925   14.84027 5.5862e-02     0.4372     1.7120 0.0000e+00
