CTD-processing/allCTD/CNV/2015_12-10_t4_s02_cast052_5028.cnv
* Sea-Bird SBE19plus Data File:
* FileName = C:\Users\Kris.Holderied\Documents\kasitsna\Research-KBL\Oceanography-AK\CTD-Data-ALL-to-2016-05\2015-CTD-KachemakBay-CookInlet\2015-12-10-CookInlet-Tran4-SPECIAL\2015-12-10-CookInlet-Tran4-cast052.hex
* Software Version 1.59
* Temperature SN =  5028
* Conductivity SN =  5028
* System UpLoad Time = Jun 06 2016 17:49:07
** Cook Inlet LTM Tran4 Barabara  south to north SPECIAL
** Date (YYYY-MM-DD): 2015-12-10
** Station (eg. 9-01):  4-02
** Start time (AKST): 13:46
** Depth (m): 101.8
** Comment:  R/V Edgecumbe. Special transect done with monthly T9 to assess outer bay conditions.
** Comment:
# nquan = 27
# nvalues = 93                          
# units = specified
# name 0 = scan: Scan Count
# name 1 = timeJ: Julian Days
# name 2 = timeH: Time, Elapsed [hours]
# name 3 = timeM: Time, Elapsed [minutes]
# name 4 = timeS: Time, Elapsed [seconds]
# name 5 = prdM: Pressure, Strain Gauge [db]
# name 6 = specc: Specific Conductance [uS/cm]
# name 7 = sal00: Salinity, Practical [PSU]
# name 8 = tv290C: Temperature [ITS-90, deg C]
# name 9 = depSM: Depth [salt water, m], lat = 59.00
# name 10 = potemp090C: Potential Temperature [ITS-90, deg C]
# name 11 = sigma-é00: Density [sigma-theta, kg/m^3]
# name 12 = sbeox0ML/L: Oxygen, SBE 43 [ml/l]
# name 13 = sbeox0Mg/L: Oxygen, SBE 43 [mg/l]
# name 14 = sbeox0PS: Oxygen, SBE 43 [% saturation]
# name 15 = sbox0Mm/Kg: Oxygen, SBE 43 [umol/kg]
# name 16 = sbeox0Mm/L: Oxygen, SBE 43 [umol/l]
# name 17 = sbox0dV/dT: Oxygen, SBE 43 [dov/dt]
# name 18 = oxsolML/L: Oxygen Saturation, Garcia & Gordon [ml/l]
# name 19 = oxsolMg/L: Oxygen Saturation, Garcia & Gordon [mg/l]
# name 20 = oxsolMm/Kg: Oxygen Saturation, Garcia & Gordon [umol/kg]
# name 21 = potemp090C: Potential Temperature [ITS-90, deg C]
# name 22 = n2satMg/L: Nitrogen Saturation [mg/l]
# name 23 = par: PAR/Irradiance, Biospherical/Licor
# name 24 = flECO-AFL: Fluorescence, WET Labs ECO-AFL/FL [mg/m^3]
# name 25 = turbWETntu0: Turbidity, WET Labs ECO [NTU]
# name 26 = flag: flag
# span 0 =        346,        696       
# span 1 = 344.575213, 344.576224       
# span 2 =    0.02399,    0.04827       
# span 3 =     1.4395,     2.8960       
# span 4 =     86.372,    173.763       
# span 5 =      1.009,     93.898       
# span 6 =  49097.198,  49598.624       
# span 7 =    30.7729,    31.1050       
# span 8 =     6.8285,     7.1215       
# span 9 =      1.000,     93.000       
# span 10 =     6.8243,     7.1132      
# span 11 =    24.0947,    24.3371      
# span 12 =     5.9858,     6.1007      
# span 13 =     8.5543,     8.7185      
# span 14 =     86.302,     87.864      
# span 15 =    261.034,    266.025      
# span 16 =    267.324,    272.457      
# span 17 =   -0.00196,    0.00458      
# span 18 =    6.90689,    6.96721      
# span 19 =    9.87063,    9.95684      
# span 20 =  301.13290,  303.82099      
# span 21 =     6.8247,     7.1133      
# span 22 =   15.53569,   15.66508      
# span 23 = 3.7976e-02, 9.2030e+01      
# span 24 =     0.0945,     0.1815      
# span 25 =     0.3630,     1.1220      
# span 26 = 0.0000e+00, 0.0000e+00      
# interval = meters: 1                  
# start_time = Dec 10 2015 13:46:52 [Instrument's time stamp, header]
# bad_flag = -9.990e-29
*END*
[from data line 54]
        540 344.575773    0.03745     2.2471    134.824     55.527  49284.433    30.8867     7.0193     55.000     7.0227    24.1783     6.0811     8.6905     87.711    265.169    271.581   -0.00029    6.93310    9.90811  302.32294     7.0145   15.59334 1.1368e-01     0.1337     0.4546 0.0000e+00
        544 344.575785    0.03774     2.2641    135.847     56.536  49282.502    30.8876     7.0346     56.000     7.0335    24.1770     6.0823     8.6922     87.760    265.224    271.636    0.00003    6.93063    9.90456  302.21523     7.0297   15.58820 1.0387e-01     0.1412     0.4608 0.0000e+00
        548 344.575797    0.03801     2.2806    136.837     57.546  49281.111    30.8870     7.0401     57.000     7.0359    24.1759     6.0820     8.6918     87.767    265.212    271.624    0.00002    6.92977    9.90334  302.17823     7.0351   15.58643 9.5490e-02     0.1455     0.4773 0.0000e+00
        552 344.575807    0.03827     2.2964    137.786     58.556  49289.362    30.8927     7.0418     58.000     7.0391    24.1801     6.0804     8.6895     87.751    265.141    271.552   -0.00014    6.92924    9.90257  302.15357     7.0368   15.58524 8.8190e-02     0.1346     0.4773 0.0000e+00
        556 344.575819    0.03853     2.3121    138.725     59.565  49307.230    30.9055     7.0479     59.000     7.0475    24.1895     6.0796     8.6884     87.758    265.104    271.517   -0.00014    6.92767    9.90034  302.08286     7.0427   15.58181 8.1402e-02     0.1294     0.4938 0.0000e+00
        560 344.575831    0.03882     2.3294    139.762     60.576  49314.316    30.9115     7.0563     60.000     7.0533    24.1931     6.0796     8.6884     87.778    265.101    271.514   -0.00004    6.92606    9.89803  302.01132     7.0510   15.57837 7.5591e-02     0.1265     0.4862 0.0000e+00
        564 344.575843    0.03913     2.3476    140.853     61.585  49325.551    30.9196     7.0605     61.000     7.0560    24.1989     6.0775     8.6853     87.761    265.007    271.420   -0.00017    6.92502    9.89655  301.96432     7.0551   15.57610 7.0655e-02     0.1148     0.4908 0.0000e+00
        569 344.575856    0.03943     2.3657    141.942     62.594  49339.231    30.9289     7.0621     62.000     7.0567    24.2060     6.0741     8.6806     87.722    264.860    271.271   -0.00040    6.92435    9.89558  301.93261     7.0566   15.57455 6.6282e-02     0.1129     0.5396 0.0000e+00
        573 344.575868    0.03972     2.3833    142.996     63.604  49345.490    30.9327     7.0621     63.000     7.0562    24.2091     6.0720     8.6776     87.694    264.767    271.177   -0.00051    6.92417    9.89533  301.92399     7.0566   15.57412 6.2625e-02     0.1122     0.5342 0.0000e+00
        577 344.575880    0.04001     2.4005    144.028     64.614  49349.204    30.9347     7.0611     64.000     7.0539    24.2108     6.0700     8.6747     87.664    264.680    271.088   -0.00059    6.92425    9.89544  301.92703     7.0554   15.57426 5.9305e-02     0.1213     0.5214 0.0000e+00
        581 344.575892    0.04030     2.4176    145.058     65.624  49354.474    30.9373     7.0573     65.000     7.0489    24.2133     6.0681     8.6719     87.629    264.592    270.999   -0.00069    6.92473    9.89612  301.94713     7.0516   15.57521 5.6380e-02     0.1237     0.5419 0.0000e+00
        585 344.575904    0.04059     2.4354    146.121     66.634  49363.559    30.9421     7.0513     66.000     7.0427    24.2179     6.0649     8.6675     87.575    264.457    270.862   -0.00085    6.92547    9.89718  301.97787     7.0456   15.57665 5.3730e-02     0.1351     0.5570 0.0000e+00
        590 344.575916    0.04087     2.4522    147.131     67.644  49380.993    30.9529     7.0466     67.000     7.0408    24.2270     6.0623     8.6636     87.533    264.336    270.740   -0.00094    6.92572    9.89755  301.98659     7.0407   15.57702 5.1847e-02     0.1365     0.5667 0.0000e+00
        593 344.575927    0.04113     2.4680    148.083     68.653  49404.922    30.9694     7.0487     68.000     7.0457    24.2398     6.0616     8.6627     87.537    264.306    270.713   -0.00075    6.92464    9.89599  301.93543     7.0428   15.57452 5.0722e-02     0.1285     0.5791 0.0000e+00
        597 344.575938    0.04141     2.4843    149.060     69.663  49419.061    30.9797     7.0544     69.000     7.0505    24.2472     6.0623     8.6636     87.565    264.334    270.743   -0.00046    6.92326    9.89402  301.87312     7.0484   15.57150 4.8673e-02     0.1231     0.5855 0.0000e+00
        601 344.575950    0.04169     2.5010    150.058     70.673  49431.132    30.9884     7.0586     70.000     7.0552    24.2534     6.0632     8.6650     87.591    264.373    270.784   -0.00025    6.92219    9.89250  301.82477     7.0525   15.56916 4.6548e-02     0.1319     0.6208 0.0000e+00
        605 344.575962    0.04196     2.5179    151.072     71.683  49444.846    30.9985     7.0647     71.000     7.0618    24.2606     6.0615     8.6625     87.584    264.295    270.707   -0.00025    6.92077    9.89046  301.76053     7.0584   15.56605 4.4740e-02     0.1331     0.6559 0.0000e+00
        609 344.575973    0.04225     2.5349    152.096     72.692  49462.713    31.0116     7.0718     72.000     7.0695    24.2700     6.0581     8.6576     87.556    264.142    270.553   -0.00040    6.91903    9.88798  301.68202     7.0655   15.56226 4.3232e-02     0.1263     0.6591 0.0000e+00
        614 344.575986    0.04254     2.5522    153.132     73.702  49484.044    31.0276     7.0808     73.000     7.0793    24.2814     6.0569     8.6560     87.568    264.092    270.504   -0.00031    6.91686    9.88489  301.58430     7.0744   15.55753 4.0186e-02     0.1358     0.6942 0.0000e+00
        618 344.575998    0.04284     2.5705    154.230     74.711  49501.274    31.0409     7.0917     74.000     7.0895    24.2905     6.0562     8.6550     87.587    264.057    270.471   -0.00015    6.91451    9.88153  301.47918     7.0852   15.55246 3.9658e-02     0.1202     0.7020 0.0000e+00
        622 344.576011    0.04315     2.5890    155.342     75.721  49504.378    31.0440     7.0996     75.000     7.0943    24.2919     6.0539     8.6516     87.571    263.954    270.366   -0.00025    6.91313    9.87955  301.41818     7.0929   15.54955 3.9657e-02     0.1154     0.6935 0.0000e+00
        627 344.576023    0.04345     2.6070    156.419     76.731  49506.445    31.0453     7.1019     76.000     7.0958    24.2927     6.0531     8.6505     87.566    263.920    270.332   -0.00028    6.91269    9.87892  301.39879     7.0952   15.54861 3.9025e-02     0.1185     0.7052 0.0000e+00
        631 344.576035    0.04373     2.6241    157.443     77.741  49518.696    31.0537     7.1036     77.000     7.0984    24.2990     6.0512     8.6477     87.545    263.834    270.245   -0.00035    6.91205    9.87800  301.36892     7.0968   15.54716 3.8464e-02     0.1231     0.7116 0.0000e+00
        635 344.576047    0.04401     2.6407    158.443     78.751  49541.709    31.0699     7.1076     78.000     7.1036    24.3112     6.0479     8.6431     87.516    263.690    270.101   -0.00050    6.91067    9.87605  301.30579     7.1007   15.54408 3.8129e-02     0.1195     0.7341 0.0000e+00
        639 344.576058    0.04430     2.6576    159.458     79.762  49560.806    31.0837     7.1135     79.000     7.1091    24.3214     6.0453     8.6393     87.497    263.571    269.981   -0.00051    6.90910    9.87380  301.23411     7.1065   15.54060 3.8016e-02     0.1264     0.7863 0.0000e+00
        643 344.576071    0.04458     2.6752    160.509     80.771  49578.865    31.0966     7.1182     80.000     7.1124    24.3308     6.0383     8.6294     87.413    263.265    269.671   -0.00086    6.90777    9.87189  301.17320     7.1111   15.53765 3.7991e-02     0.1314     0.8591 0.0000e+00
        647 344.576082    0.04486     2.6919    161.516     81.780  49586.310    31.1016     7.1200     81.000     7.1130    24.3346     6.0337     8.6229     87.354    263.066    269.467   -0.00104    6.90726    9.87117  301.14987     7.1128   15.53651 3.7979e-02     0.1229     0.9251 0.0000e+00
        651 344.576094    0.04513     2.7080    162.482     82.790  49589.892    31.1036     7.1203     82.000     7.1131    24.3362     6.0310     8.6190     87.316    262.947    269.346   -0.00105    6.90711    9.87095  301.14270     7.1131   15.53616 3.7976e-02     0.1098     0.9935 0.0000e+00
        655 344.576104    0.04540     2.7239    163.431     83.800  49590.804    31.1039     7.1205     83.000     7.1132    24.3363     6.0310     8.6188     87.316    262.943    269.342   -0.00087    6.90707    9.87089  301.14113     7.1132   15.53609 3.7976e-02     0.0945     1.0299 0.0000e+00
        658 344.576115    0.04565     2.7394    164.362     84.810  49591.104    31.1036     7.1206     84.000     7.1131    24.3361     6.0300     8.6175     87.302    262.903    269.301   -0.00075    6.90706    9.87089  301.14095     7.1132   15.53608 3.7976e-02     0.0980     1.0368 0.0000e+00
        662 344.576126    0.04592     2.7550    165.303     85.820  49591.816    31.1036     7.1204     85.000     7.1127    24.3362     6.0288     8.6157     87.283    262.848    269.245   -0.00076    6.90709    9.87093  301.14216     7.1129   15.53614 3.7976e-02     0.1145     1.0302 0.0000e+00
        666 344.576137    0.04619     2.7712    166.269     86.830  49592.981    31.1040     7.1202     86.000     7.1126    24.3364     6.0312     8.6192     87.319    262.955    269.355   -0.00043    6.90710    9.87095  301.14272     7.1126   15.53616 3.7976e-02     0.1153     1.0258 0.0000e+00
        670 344.576149    0.04647     2.7878    167.271     87.840  49594.286    31.1044     7.1204     87.000     7.1128    24.3368     6.0332     8.6220     87.347    263.038    269.440   -0.00020    6.90706    9.87088  301.14044     7.1127   15.53605 3.7976e-02     0.1140     1.0224 0.0000e+00
        674 344.576160    0.04675     2.8047    168.280     88.849  49595.174    31.1047     7.1208     88.000     7.1131    24.3370     6.0337     8.6227     87.356    263.062    269.465   -0.00016    6.90698    9.87077  301.13721     7.1130   15.53589 3.7976e-02     0.1110     1.0609 0.0000e+00
        678 344.576172    0.04702     2.8215    169.289     89.859  49595.563    31.1045     7.1210     89.000     7.1131    24.3368     6.0338     8.6229     87.359    263.068    269.471   -0.00016    6.90696    9.87074  301.13615     7.1131   15.53584 3.7976e-02     0.1020     1.0812 0.0000e+00
        682 344.576184    0.04730     2.8380    170.280     90.869  49596.230    31.1045     7.1210     90.000     7.1131    24.3369     6.0321     8.6205     87.333    262.992    269.393   -0.00031    6.90696    9.87073  301.13608     7.1131   15.53584 3.7976e-02     0.0957     1.0721 0.0000e+00
        686 344.576195    0.04757     2.8544    171.266     91.879  49597.075    31.1047     7.1212     91.000     7.1132    24.3370     6.0298     8.6172     87.301    262.894    269.292   -0.00048    6.90693    9.87069  301.13488     7.1131   15.53579 3.7976e-02     0.1016     1.0702 0.0000e+00
        690 344.576207    0.04787     2.8721    172.323     92.890  49597.693    31.1047     7.1215     92.000     7.1132    24.3370     6.0279     8.6145     87.274    262.812    269.207   -0.00056    6.90689    9.87063  301.13290     7.1133   15.53569 3.7976e-02     0.1150     1.1220 0.0000e+00
        696 344.576224    0.04827     2.8960    173.763     93.898  49598.624    31.1050     7.1213     93.000     7.1130    24.3371     6.0280     8.6144     87.273    262.807    269.205   -0.00052    6.90689    9.87065  301.13349     7.1130   15.53571 3.7976e-02     0.1395     1.0063 0.0000e+00
