CTD-processing/allCTD/CNV/2015_04-12_t3_s01_cast056_5028.cnv
* Sea-Bird SBE19plus Data File:
* FileName = C:\Users\kris.holderied\Documents\kasitsna\Research-Projects-and-Data\Oceanography-AK\CTD-Data-ALL-to-2015-02\2015-CTD-KachemakBay-CookInlet\2015-04-EVOSTC-CookInlet-quarterly\2015-04-12-CookInlet-Tran3-AnchorPt\20125_04_12_CookInlet_Tran3_cast056.hex
* Software Version 1.59
* Temperature SN =  5028
* Conductivity SN =  5028
* System UpLoad Time = Apr 12 2015 19:56:46
** Cook Inlet LTM Tran3 (Anchor Pt) Southeast to Northwest
** Date: 04-12
** Station: 3-01
** Start time (AKDT): 19:18
** Depth (m): 18
** Comment:  KBL CTD.
** Comment: On R/V Pandalus.
# nquan = 27
# nvalues = 19                          
# units = specified
# name 0 = scan: Scan Count
# name 1 = timeJ: Julian Days
# name 2 = timeH: Time, Elapsed [hours]
# name 3 = timeM: Time, Elapsed [minutes]
# name 4 = timeS: Time, Elapsed [seconds]
# name 5 = prdM: Pressure, Strain Gauge [db]
# name 6 = specc: Specific Conductance [uS/cm]
# name 7 = sal00: Salinity, Practical [PSU]
# name 8 = tv290C: Temperature [ITS-90, deg C]
# name 9 = depSM: Depth [salt water, m], lat = 59.00
# name 10 = potemp090C: Potential Temperature [ITS-90, deg C]
# name 11 = sigma-é00: Density [sigma-theta, kg/m^3]
# name 12 = sbeox0ML/L: Oxygen, SBE 43 [ml/l]
# name 13 = sbeox0Mg/L: Oxygen, SBE 43 [mg/l]
# name 14 = sbeox0PS: Oxygen, SBE 43 [% saturation]
# name 15 = sbox0Mm/Kg: Oxygen, SBE 43 [umol/kg]
# name 16 = sbeox0Mm/L: Oxygen, SBE 43 [umol/l]
# name 17 = sbox0dV/dT: Oxygen, SBE 43 [dov/dt]
# name 18 = oxsolML/L: Oxygen Saturation, Garcia & Gordon [ml/l]
# name 19 = oxsolMg/L: Oxygen Saturation, Garcia & Gordon [mg/l]
# name 20 = oxsolMm/Kg: Oxygen Saturation, Garcia & Gordon [umol/kg]
# name 21 = potemp090C: Potential Temperature [ITS-90, deg C]
# name 22 = n2satMg/L: Nitrogen Saturation [mg/l]
# name 23 = par: PAR/Irradiance, Biospherical/Licor
# name 24 = flECO-AFL: Fluorescence, WET Labs ECO-AFL/FL [mg/m^3]
# name 25 = turbWETntu0: Turbidity, WET Labs ECO [NTU]
# name 26 = flag: flag
# span 0 =        129,        387       
# span 1 = 102.804664, 102.805410       
# span 2 =    0.00887,    0.02679       
# span 3 =     0.5322,     1.6072       
# span 4 =     31.930,     96.434       
# span 5 =      1.009,     19.180       
# span 6 =  47677.322,  49452.849       
# span 7 =    28.9787,    30.2192       
# span 8 =     2.7256,     3.1592       
# span 9 =      1.000,     19.000       
# span 10 =     2.7454,     3.1584      
# span 11 =    23.1016,    24.0581      
# span 12 =     7.1680,     7.3925      
# span 13 =    10.2438,    10.5647      
# span 14 =     92.717,     94.873      
# span 15 =    312.676,    322.732      
# span 16 =    320.122,    330.150      
# span 17 =   -0.00053,    0.01117      
# span 18 =    7.63925,    7.79125      
# span 19 =   10.91725,   11.13447      
# span 20 =  333.15396,  340.13525      
# span 21 =     2.7255,     3.1582      
# span 22 =   17.06312,   17.39951      
# span 23 = 3.7976e-02, 4.9248e+01      
# span 24 =     0.2381,     0.3363      
# span 25 =     5.2899,    22.4792      
# span 26 = 0.0000e+00, 0.0000e+00      
# interval = meters: 1                  
# start_time = Apr 12 2015 19:18:11 [Instrument's time stamp, header]
# bad_flag = -9.990e-29
*END*
        129 102.804664    0.00887     0.5322     31.930      1.009  47677.322    28.9787     2.7256      1.000     2.7454    23.1016     7.3925    10.5647     94.873    322.732    330.150    0.00874    7.79125   11.13447  340.13525     2.7255   17.39951 4.9248e+01     0.2381     5.2899 0.0000e+00
        355 102.805319    0.02460     1.4764     88.587      2.019  49035.529    29.8424     2.7780      2.000     2.8375    23.7873     7.1680    10.2438     92.717    312.676    320.122    0.01086    7.73152   11.04911  337.25955     2.7779   17.25958 2.4912e+01     0.2696     5.8636 0.0000e+00
        322 102.805222    0.02226     1.3356     80.137      3.029  48984.226    29.8442     2.8851      3.000     2.9319    23.7805     7.2193    10.3172     93.621    314.927    322.416    0.01053    7.71136   11.02030  336.38962     2.8849   17.21827 8.8771e+00     0.2680     7.5364 0.0000e+00
        324 102.805230    0.02246     1.3476     80.854      4.038  48950.479    29.8351     2.9415      4.000     2.9571    23.7690     7.2436    10.3519     94.061    315.989    323.500    0.01117    7.70096   11.00544  335.93978     2.9413   17.19696 2.9739e+00     0.2640     8.9763 0.0000e+00
        327 102.805238    0.02267     1.3601     81.605      5.047  48971.937    29.8539     2.9613      5.000     2.9709    23.7825     7.2415    10.3489     94.093    315.894    323.406    0.00945    7.69616   10.99858  335.72615     2.9610   17.18674 1.1668e+00     0.2600     9.9843 0.0000e+00
        331 102.805248    0.02290     1.3738     82.430      6.057  49010.905    29.8833     2.9763      6.000     2.9834    23.8048     7.2270    10.3281     93.958    315.252    322.757    0.00678    7.69172   10.99224  335.52527     2.9760   17.17708 3.6134e-01     0.2616    10.5842 0.0000e+00
        334 102.805259    0.02315     1.3892     83.352      7.066  49055.400    29.9161     2.9901      7.000     2.9963    23.8299     7.2140    10.3095     93.843    314.679    322.177    0.00459    7.68735   10.98600  335.32643     2.9897   17.16751 1.1098e-01     0.2714    10.2814 0.0000e+00
        338 102.805270    0.02343     1.4058     84.347      8.076  49086.036    29.9393     3.0025      8.000     3.0100    23.8474     7.2078    10.3007     93.805    314.404    321.902    0.00320    7.68377   10.98087  335.16435     3.0021   17.15972 5.0908e-02     0.2790     9.2015 0.0000e+00
        342 102.805282    0.02371     1.4227     85.359      9.085  49148.684    29.9858     3.0223      9.000     3.0335    23.8829     7.2092    10.3026     93.900    314.451    321.962    0.00279    7.67753   10.97196  334.88070     3.0219   17.14606 4.0232e-02     0.2718     9.2278 0.0000e+00
        347 102.805294    0.02400     1.4398     86.386     10.094  49160.587    29.9982     3.0422     10.000     3.0463    23.8913     7.2170    10.3138     94.056    314.789    322.310    0.00286    7.67308   10.96561  334.68397     3.0417   17.13667 3.8241e-02     0.2775    10.8057 0.0000e+00
        350 102.805305    0.02427     1.4560     87.360     11.104  49188.359    30.0187     3.0517     11.000     3.0579    23.9068     7.2187    10.3162     94.114    314.860    322.387    0.00246    7.67021   10.96149  334.55309     3.0511   17.13038 3.8017e-02     0.2750    11.9124 0.0000e+00
        354 102.805316    0.02452     1.4713     88.277     12.114  49214.155    30.0387     3.0645     12.000     3.0696    23.9218     7.2157    10.3120     94.118    314.726    322.255    0.00188    7.66670   10.95648  334.39546     3.0639   17.12281 3.7981e-02     0.2909    13.0251 0.0000e+00
        358 102.805327    0.02479     1.4875     89.249     13.123  49249.771    30.0650     3.0759     13.000     3.0821    23.9418     7.2139    10.3094     94.138    314.642    322.174    0.00148    7.66317   10.95143  334.23489     3.0752   17.11508 3.7977e-02     0.2892    14.3855 0.0000e+00
        363 102.805340    0.02512     1.5070     90.417     14.133  49303.371    30.1049     3.0931     14.000     3.1004    23.9722     7.2124    10.3074     94.185    314.569    322.110    0.00125    7.65781   10.94378  333.99142     3.0923   17.10335 3.7976e-02     0.2990    15.3093 0.0000e+00
        368 102.805355    0.02546     1.5271     91.627     15.142  49391.708    30.1694     3.1160     15.000     3.1274    24.0218     7.2085    10.3016     94.227    314.378    321.930    0.00107    7.65009   10.93274  333.63837     3.1151   17.08633 3.7976e-02     0.2958    16.0364 0.0000e+00
        371 102.805366    0.02572     1.5436     92.616     16.151  49423.366    30.1955     3.1375     16.000     3.1431    24.0409     7.2048    10.2964     94.247    314.215    321.768    0.00088    7.64462   10.92492  333.39361     3.1366   17.07460 3.7976e-02     0.2834    17.2321 0.0000e+00
        375 102.805377    0.02599     1.5597     93.583     17.161  49439.974    30.2089     3.1485     17.000     3.1512    24.0507     7.2025    10.2931     94.251    314.109    321.663    0.00065    7.64184   10.92096  333.26939     3.1475   17.06865 3.7976e-02     0.2955    18.8215 0.0000e+00
        381 102.805392    0.02636     1.5813     94.878     18.171  49447.959    30.2156     3.1556     18.000     3.1560    24.0554     7.1968    10.2849     94.198    313.859    321.409    0.00017    7.64013   10.91852  333.19319     3.1546   17.06500 3.7976e-02     0.3040    20.4766 0.0000e+00
        387 102.805410    0.02679     1.6072     96.434     19.180  49452.849    30.2192     3.1592     19.000     3.1584    24.0581     7.1878    10.2721     94.091    313.465    321.007   -0.00053    7.63925   10.91725  333.15396     3.1582   17.06312 3.7976e-02     0.3363    22.4792 0.0000e+00
