CTD-processing/allCTD/CNV/2015_02-12_t9_s04_cast196_4141.cnv
* Sea-Bird SBE19plus Data File:
* FileName = C:\Users\kris.holderied\Documents\kasitsna\Research-Projects-and-Data\Oceanography-AK\CTD-Data-ALL-to-2014-10\2015-CTD-KachemakBay-CookInlet\2015-02-EVOSTC-CookInlet-quarterly\2015-02-12-CookInlet-Tran9-HomerSpit\2015-02-12-CookInlet-Tran9-cast196.hex
* Software Version 1.59
* Temperature SN =  4141
* Conductivity SN =  4141
* System UpLoad Time = Feb 13 2015 09:48:22
** Cook Inlet LTM Tran9 (Homer Spit) South to North
** Date: 02-12
** Station: 9-04
** Start time (AKST): 16:14
** Depth (m): 94
** Comment:  Very clear water.
** Comment: Vessel is ADFG R/V Pandalus.
# nquan = 27
# nvalues = 93                          
# units = specified
# name 0 = scan: Scan Count
# name 1 = timeJ: Julian Days
# name 2 = timeH: Time, Elapsed [hours]
# name 3 = timeM: Time, Elapsed [minutes]
# name 4 = timeS: Time, Elapsed [seconds]
# name 5 = prdM: Pressure, Strain Gauge [db]
# name 6 = specc: Specific Conductance [uS/cm]
# name 7 = sal00: Salinity, Practical [PSU]
# name 8 = tv290C: Temperature [ITS-90, deg C]
# name 9 = depSM: Depth [salt water, m], lat = 59.00
# name 10 = potemp090C: Potential Temperature [ITS-90, deg C]
# name 11 = sigma-é00: Density [sigma-theta, kg/m^3]
# name 12 = sbeox0ML/L: Oxygen, SBE 43 [ml/l]
# name 13 = sbeox0Mg/L: Oxygen, SBE 43 [mg/l]
# name 14 = sbeox0PS: Oxygen, SBE 43 [% saturation]
# name 15 = sbox0Mm/Kg: Oxygen, SBE 43 [umol/kg]
# name 16 = sbeox0Mm/L: Oxygen, SBE 43 [umol/l]
# name 17 = sbox0dV/dT: Oxygen, SBE 43 [dov/dt]
# name 18 = oxsolML/L: Oxygen Saturation, Garcia & Gordon [ml/l]
# name 19 = oxsolMg/L: Oxygen Saturation, Garcia & Gordon [mg/l]
# name 20 = oxsolMm/Kg: Oxygen Saturation, Garcia & Gordon [umol/kg]
# name 21 = n2satMg/L: Nitrogen Saturation [mg/l]
# name 22 = par: PAR/Irradiance, Biospherical/Licor
# name 23 = wetStar: Fluorescence, WET Labs WETstar [mg/m^3]
# name 24 = CStarAt0: Beam Attenuation, WET Labs C-Star [1/m]
# name 25 = CStarTr0: Beam Transmission, WET Labs C-Star [%]
# name 26 = flag: flag
# span 0 =        198,        715       
# span 1 =  43.677352,  43.678849       
# span 2 =    0.01367,    0.04959       
# span 3 =     0.8201,     2.9756       
# span 4 =     49.206,    178.533       
# span 5 =      1.029,     93.888       
# span 6 =  50526.796,  50782.307       
# span 7 =    31.3532,    31.5241       
# span 8 =     4.5193,     5.2944       
# span 9 =      1.000,     93.000       
# span 10 =     4.4238,     5.2934      
# span 11 =    24.8133,    24.9014      
# span 12 =     6.1104,     6.4591      
# span 13 =     8.7323,     9.2305      
# span 14 =     84.571,     89.324      
# span 15 =    266.267,    281.477      
# span 16 =    272.890,    288.461      
# span 17 =   -0.00509,    0.04524      
# span 18 =    7.18924,    7.33236      
# span 19 =   10.27414,   10.47867      
# span 20 =  313.27586,  319.52736      
# span 21 =   16.11262,   16.41084      
# span 22 = 1.8074e-02, 1.0421e+01      
# span 23 =     0.3490,     0.7627      
# span 24 =     0.2688,     2.6196      
# span 25 =    60.1167,    88.9472      
# span 26 = 0.0000e+00, 0.0000e+00      
# interval = meters: 1                  
# start_time = Feb 12 2015 16:14:34 [Instrument's time stamp, header]
# bad_flag = -9.990e-29
*END*
[from data line 54]
        571  43.678433    0.03961     2.3765    142.593     55.526  50695.432    31.5081     5.1725     55.000     5.1685    24.8896     6.3841     9.1235     88.537    278.190    285.114    0.00204    7.21069   10.30480  314.20896   16.15710 3.6382e-02     0.5348     0.6735    84.5040 0.0000e+00
        575  43.678444    0.03989     2.3932    143.594     56.535  50695.562    31.5077     5.1724     56.000     5.1682    24.8892     6.3621     9.0922     88.232    277.233    284.134   -0.00173    7.21073   10.30486  314.21095   16.15720 3.6382e-02     0.5243     0.6796    84.3740 0.0000e+00
        579  43.678456    0.04017     2.4102    144.611     57.546  50695.531    31.5071     5.1721     57.000     5.1671    24.8888     6.3740     9.1090     88.395    277.749    284.662    0.00001    7.21081   10.30497  314.21447   16.15737 3.6382e-02     0.5326     0.6909    84.1375 0.0000e+00
        584  43.678468    0.04046     2.4272    145.634     58.556  50696.684    31.5071     5.1709     58.000     5.1657    24.8890     6.3753     9.1109     88.410    277.807    284.722    0.00037    7.21103   10.30528  314.22365   16.15780 3.6382e-02     0.5279     0.6931    84.0902 0.0000e+00
        588  43.678480    0.04074     2.4445    146.671     59.566  50693.329    31.5036     5.1671     59.000     5.1594    24.8866     6.3674     9.0997     88.291    277.463    284.368   -0.00120    7.21184   10.30644  314.25971   16.15954 3.6382e-02     0.5423     0.6969    84.0102 0.0000e+00
        592  43.678492    0.04102     2.4616    147.693     60.575  50696.341    31.5039     5.1613     60.000     5.1544    24.8875     6.3787     9.1158     88.436    277.956    284.875    0.00047    7.21282   10.30785  314.30271   16.16158 3.6382e-02     0.5309     0.7057    83.8269 0.0000e+00
        596  43.678503    0.04131     2.4784    148.705     61.586  50698.845    31.5040     5.1562     61.000     5.1485    24.8882     6.3705     9.1042     88.311    277.600    284.509   -0.00070    7.21370   10.30909  314.34037   16.16337 3.6382e-02     0.5533     0.7121    83.6912 0.0000e+00
        600  43.678515    0.04158     2.4947    149.680     62.594  50691.571    31.4964     5.1457     62.000     5.1341    24.8832     6.3680     9.1005     88.250    277.491    284.396   -0.00126    7.21587   10.31220  314.43639   16.16797 3.6382e-02     0.5329     0.7233    83.4587 0.0000e+00
        604  43.678526    0.04186     2.5114    150.683     63.604  50685.587    31.4883     5.1296     63.000     5.1104    24.8786     6.3668     9.0987     88.194    277.437    284.339   -0.00135    7.21906   10.31675  314.57667   16.17469 3.6382e-02     0.5372     0.7447    83.0137 0.0000e+00
        608  43.678538    0.04213     2.5282    151.694     64.614  50708.193    31.4980     5.1044     64.000     5.0957    24.8890     6.3694     9.1025     88.183    277.548    284.456   -0.00131    7.22291   10.32227  314.74183   16.18251 3.6382e-02     0.5199     0.7652    82.5905 0.0000e+00
        612  43.678550    0.04242     2.5454    152.722     65.625  50710.578    31.4976     5.0973     65.000     5.0874    24.8895     6.3761     9.1120     88.260    277.838    284.753   -0.00025    7.22417   10.32406  314.79644   16.18512 3.6382e-02     0.5279     0.7834    82.2124 0.0000e+00
        616  43.678562    0.04270     2.5619    153.716     66.634  50698.711    31.4856     5.0817     66.000     5.0630    24.8818     6.3791     9.1164     88.263    277.976    284.892   -0.00035    7.22746   10.32876  314.94185   16.19208 3.6382e-02     0.5151     0.7864    82.1519 0.0000e+00
        620  43.678573    0.04297     2.5780    154.678     67.642  50702.349    31.4822     5.0565     67.000     5.0357    24.8818     6.3870     9.1278     88.318    278.321    285.246    0.00022    7.23196   10.33520  315.13825   16.20144 3.6382e-02     0.5072     0.8039    81.7938 0.0000e+00
        624  43.678584    0.04324     2.5947    155.681     68.653  50713.474    31.4819     5.0219     68.000     5.0049    24.8853     6.3858     9.1260     88.227    278.266    285.192   -0.00059    7.23799   10.34381  315.39978   16.21390 3.6382e-02     0.5304     0.8208    81.4467 0.0000e+00
        628  43.678596    0.04352     2.6111    156.666     69.664  50734.499    31.4925     5.0061     69.000     4.9977    24.8954     6.3861     9.1264     88.204    278.276    285.204   -0.00095    7.24020   10.34696  315.49285   16.21828 3.6382e-02     0.5007     0.8415    81.0285 0.0000e+00
        631  43.678606    0.04378     2.6268    157.608     70.671  50733.294    31.4892     4.9972     70.000     4.9883    24.8937     6.3951     9.1393     88.308    278.671    285.609    0.00017    7.24189   10.34939  315.56728   16.22184 3.6382e-02     0.5247     0.8581    80.6922 0.0000e+00
        635  43.678618    0.04406     2.6433    158.596     71.681  50741.661    31.4935     4.9928     71.000     4.9872    24.8977     6.4000     9.1462     88.367    278.879    285.823    0.00050    7.24246   10.35020  315.59083   16.22294 3.6382e-02     0.5226     0.8636    80.5818 0.0000e+00
        640  43.678630    0.04434     2.6605    159.632     72.694  50741.104    31.4923     4.9912     72.000     4.9844    24.8969     6.4004     9.1468     88.370    278.899    285.842    0.00038    7.24279   10.35067  315.60534   16.22363 3.6382e-02     0.5113     0.8718    80.4165 0.0000e+00
        643  43.678641    0.04461     2.6766    160.595     73.702  50733.684    31.4854     4.9853     73.000     4.9728    24.8920     6.4012     9.1479     88.364    278.934    285.877    0.00002    7.24416   10.35263  315.66632   16.22657 3.6382e-02     0.5148     0.8768    80.3166 0.0000e+00
        647  43.678652    0.04487     2.6920    161.518     74.711  50720.171    31.4724     4.9703     74.000     4.9481    24.8834     6.4068     9.1559     88.402    279.181    286.128    0.00034    7.24737   10.35722  315.80927   16.23342 3.6382e-02     0.5239     0.8877    80.0993 0.0000e+00
        651  43.678662    0.04513     2.7076    162.459     75.723  50744.422    31.4823     4.9416     75.000     4.9301    24.8943     6.4007     9.1472     88.262    278.911    285.853   -0.00088    7.25187   10.36366  316.00221   16.24256 3.6382e-02     0.4940     0.9099    79.6548 0.0000e+00
        654  43.678673    0.04538     2.7225    163.351     76.735  50753.898    31.4867     4.9342     76.000     4.9266    24.8986     6.3982     9.1437     88.215    278.802    285.744   -0.00139    7.25296   10.36521  316.04810   16.24473 3.6382e-02     0.5186     0.9232    79.3901 0.0000e+00
        658  43.678682    0.04560     2.7362    164.175     77.742  50758.009    31.4884     4.9313     77.000     4.9253    24.9003     6.4012     9.1481     88.252    278.935    285.881   -0.00075    7.25339   10.36582  316.06626   16.24559 3.6382e-02     0.5337     0.9347    79.1617 0.0000e+00
        661  43.678692    0.04583     2.7498    164.988     78.751  50757.186    31.4872     4.9305     78.000     4.9235    24.8994     6.4075     9.1570     88.335    279.206    286.158   -0.00010    7.25359   10.36611  316.07523   16.24602 3.6382e-02     0.5293     0.9386    79.0853 0.0000e+00
        664  43.678702    0.04605     2.7634    165.803     79.760  50756.742    31.4860     4.9281     79.000     4.9206    24.8986     6.4139     9.1661     88.417    279.485    286.444    0.00064    7.25406   10.36678  316.09605   16.24702 3.6382e-02     0.5175     0.9498    78.8638 0.0000e+00
        668  43.678711    0.04629     2.7771    166.629     80.772  50754.114    31.4828     4.9244     80.000     4.9136    24.8966     6.4127     9.1644     88.392    279.434    286.391    0.00035    7.25486   10.36791  316.13129   16.24871 3.6382e-02     0.5301     0.9459    78.9399 0.0000e+00
        671  43.678720    0.04652     2.7910    167.457     81.778  50756.336    31.4818     4.9150     81.000     4.9052    24.8967     6.4067     9.1558     88.288    279.172    286.123   -0.00074    7.25654   10.37032  316.20444   16.25219 3.6382e-02     0.5188     0.9505    78.8514 0.0000e+00
        674  43.678731    0.04676     2.8055    168.332     82.790  50765.193    31.4863     4.9102     82.000     4.9037    24.9009     6.4035     9.1512     88.237    279.032    285.980   -0.00118    7.25716   10.37121  316.23040   16.25341 3.6382e-02     0.5031     0.9565    78.7326 0.0000e+00
        678  43.678741    0.04701     2.8206    169.236     83.801  50764.379    31.4850     4.9090     83.000     4.9015    24.9000     6.4069     9.1561     88.281    279.182    286.133   -0.00072    7.25744   10.37160  316.24262   16.25400 3.6382e-02     0.5128     0.9555    78.7519 0.0000e+00
        682  43.678752    0.04726     2.8356    170.138     84.810  50768.027    31.4866     4.9068     84.000     4.9007    24.9014     6.4142     9.1664     88.376    279.495    286.455    0.00025    7.25772   10.37201  316.25472   16.25457 3.6382e-02     0.5017     0.9523    78.8151 0.0000e+00
        685  43.678762    0.04751     2.8505    171.030     85.821  50764.980    31.4838     4.9062     85.000     4.8977    24.8993     6.4155     9.1685     88.393    279.558    286.519    0.00034    7.25796   10.37236  316.26581   16.25511 3.6382e-02     0.5226     0.9564    78.7333 0.0000e+00
        689  43.678772    0.04776     2.8653    171.919     86.830  50767.612    31.4842     4.9019     86.000     4.8942    24.9001     6.4161     9.1693     88.393    279.583    286.544    0.00008    7.25869   10.37340  316.29737   16.25661 3.6382e-02     0.5221     0.9606    78.6525 0.0000e+00
        692  43.678783    0.04801     2.8805    172.827     87.840  50764.645    31.4810     4.8987     87.000     4.8878    24.8979     6.4179     9.1719     88.408    279.662    286.625    0.00007    7.25941   10.37443  316.32951   16.25815 3.6382e-02     0.5014     0.9581    78.7003 0.0000e+00
        696  43.678793    0.04825     2.8951    173.708     88.849  50752.302    31.4696     4.8874     88.000     4.8670    24.8900     6.4189     9.1733     88.391    279.708    286.670   -0.00005    7.26194   10.37804  316.44204   16.26356 3.6382e-02     0.5076     0.9664    78.5357 0.0000e+00
        699  43.678803    0.04849     2.9097    174.582     89.858  50741.530    31.4553     4.8582     89.000     4.8272    24.8818     6.4159     9.1689     88.279    279.577    286.533   -0.00108    7.26773   10.38631  316.69678   16.27573 3.6382e-02     0.5006     0.9847    78.1793 0.0000e+00
        703  43.678814    0.04876     2.9254    175.524     90.869  50771.373    31.4658     4.8152     90.000     4.7972    24.8946     6.4190     9.1734     88.237    279.711    286.674   -0.00131    7.27473   10.39631  316.99777   16.29001 3.6382e-02     0.4968     1.0088    77.7077 0.0000e+00
        707  43.678825    0.04903     2.9416    176.494     91.881  50782.307    31.4688     4.7970     91.000     4.7782    24.8990     6.4247     9.1814     88.278    279.954    286.925   -0.00073    7.27776   10.40065  317.12856   16.29622 3.6382e-02     0.5286     1.0221    77.4520 0.0000e+00
        711  43.678836    0.04930     2.9574    177.446     92.886  50676.089    31.3856     4.7518     92.000     4.6594    24.8378     6.4313     9.1910     88.224    280.261    287.222   -0.00082    7.28974   10.41776  317.66941   16.32230 3.6382e-02     0.4999     1.0486    76.9405 0.0000e+00
        715  43.678849    0.04959     2.9756    178.533     93.888  50705.486    31.3532     4.5193     93.000     4.4238    24.8359     6.4251     9.1820     87.626    279.988    286.942   -0.00509    7.33236   10.47867  319.52736   16.41084 3.6382e-02     0.4964     1.2381    73.4108 0.0000e+00
