CTD-processing/allCTD/CNV/2015_07-10_alongbay_skb02_cast125_5028.cnv
* Sea-Bird SBE19plus Data File:
* FileName = C:\Users\Kris.Holderied\Documents\kasitsna\Research-KBL\Oceanography-AK\CTD-Data-ALL-to-2015-06\2015-CTD-KachemakBay-CookInlet\2015-07-10-KachemakBay-AlongBayLine\2015_07_10_KachemakBay_AlongBay_cast125.hex
* Software Version 1.59
* Temperature SN =  5028
* Conductivity SN =  5028
* System UpLoad Time = Jul 30 2015 17:31:53
** Kachemak Bay Along Bay Line - Flat Island to Bear Cove

** Date: 07-10
** Station: KB02
** Start time (AKDT): 13:53
** Depth (m): 122
** Comment:  R/V Johanna Rose (Nuka Research)
** Comment: Seldovia subbay sampled before the along-bay line.
# nquan = 27
# nvalues = 121                         
# units = specified
# name 0 = scan: Scan Count
# name 1 = timeJ: Julian Days
# name 2 = timeH: Time, Elapsed [hours]
# name 3 = timeM: Time, Elapsed [minutes]
# name 4 = timeS: Time, Elapsed [seconds]
# name 5 = prdM: Pressure, Strain Gauge [db]
# name 6 = specc: Specific Conductance [uS/cm]
# name 7 = sal00: Salinity, Practical [PSU]
# name 8 = tv290C: Temperature [ITS-90, deg C]
# name 9 = depSM: Depth [salt water, m], lat = 59.00
# name 10 = potemp090C: Potential Temperature [ITS-90, deg C]
# name 11 = sigma-é00: Density [sigma-theta, kg/m^3]
# name 12 = sbeox0ML/L: Oxygen, SBE 43 [ml/l]
# name 13 = sbeox0Mg/L: Oxygen, SBE 43 [mg/l]
# name 14 = sbeox0PS: Oxygen, SBE 43 [% saturation]
# name 15 = sbox0Mm/Kg: Oxygen, SBE 43 [umol/kg]
# name 16 = sbeox0Mm/L: Oxygen, SBE 43 [umol/l]
# name 17 = sbox0dV/dT: Oxygen, SBE 43 [dov/dt]
# name 18 = oxsolML/L: Oxygen Saturation, Garcia & Gordon [ml/l]
# name 19 = oxsolMg/L: Oxygen Saturation, Garcia & Gordon [mg/l]
# name 20 = oxsolMm/Kg: Oxygen Saturation, Garcia & Gordon [umol/kg]
# name 21 = potemp090C: Potential Temperature [ITS-90, deg C]
# name 22 = n2satMg/L: Nitrogen Saturation [mg/l]
# name 23 = par: PAR/Irradiance, Biospherical/Licor
# name 24 = flECO-AFL: Fluorescence, WET Labs ECO-AFL/FL [mg/m^3]
# name 25 = turbWETntu0: Turbidity, WET Labs ECO [NTU]
# name 26 = flag: flag
# span 0 =        174,        987       
# span 1 = 191.579043, 191.581396       
# span 2 =    0.01203,    0.06849       
# span 3 =     0.7218,     4.1095       
# span 4 =     43.306,    246.570       
# span 5 =      1.010,    122.178       
# span 6 =  48191.390,  49905.605       
# span 7 =    30.8309,    31.4679       
# span 8 =     8.1018,    12.2773       
# span 9 =      1.000,    121.000       
# span 10 =     8.0906,    12.2679      
# span 11 =    23.3022,    24.4881      
# span 12 =     6.0595,     6.8151      
# span 13 =     8.6597,     9.7395      
# span 14 =     89.937,    106.822      
# span 15 =    264.152,    297.252      
# span 16 =    270.621,    304.363      
# span 17 =   -0.01023,    0.00592      
# span 18 =    6.17642,    6.73794      
# span 19 =    8.82671,    9.62919      
# span 20 =  269.55753,  293.72386      
# span 21 =     8.0906,    12.2772      
# span 22 =   14.02685,   15.18064      
# span 23 = 5.4575e-02, 6.3390e+02      
# span 24 =     0.0530,     1.8130      
# span 25 =     0.2207,     1.1154      
# span 26 = 0.0000e+00, 0.0000e+00      
# interval = meters: 1                  
# start_time = Jul 10 2015 13:53:06 [Instrument's time stamp, header]
# bad_flag = -9.990e-29
*END*
[from data line 54]
        603 191.580284    0.04182     2.5094    150.561     55.526  49747.682    31.4579     8.5699     55.000     8.5454    24.4113     6.2663     8.9551     93.980    273.184    279.853   -0.00785    6.66770    9.52880  290.68333     8.5643   15.03545 2.1035e-01     0.1396     0.4209 0.0000e+00
        609 191.580302    0.04224     2.5342    152.053     56.537  49761.451    31.4606     8.5261     56.000     8.5036    24.4199     6.2546     8.9385     93.715    272.673    279.332   -0.00637    6.67412    9.53798  290.96068     8.5206   15.04869 1.9159e-01     0.1137     0.3554 0.0000e+00
        615 191.580318    0.04264     2.5585    153.512     57.546  49765.809    31.4548     8.4704     57.000     8.4437    24.4236     6.2520     8.9347     93.554    272.555    279.212   -0.00482    6.68274    9.55030  291.33556     8.4647   15.06662 1.7485e-01     0.1235     0.3829 0.0000e+00
        621 191.580335    0.04304     2.5821    154.927     58.556  49778.086    31.4536     8.4085     58.000     8.3853    24.4318     6.2434     8.9225     93.296    272.183    278.832   -0.00451    6.69209    9.56367  291.74104     8.4027   15.08599 1.5976e-01     0.0936     0.4321 0.0000e+00
        627 191.580352    0.04346     2.6076    156.455     59.565  49805.630    31.4675     8.3760     59.000     8.3671    24.4475     6.2393     8.9166     93.175    271.999    278.649   -0.00351    6.69637    9.56978  291.92318     8.3702   15.09464 1.4590e-01     0.0886     0.5113 0.0000e+00
        632 191.580369    0.04385     2.6311    157.868     60.575  49787.055    31.4502     8.3504     60.000     8.3242    24.4376     6.2411     8.9192     93.137    272.079    278.728   -0.00243    6.70100    9.57640  292.12783     8.3445   15.10448 1.3348e-01     0.0889     0.4804 0.0000e+00
        638 191.580385    0.04425     2.6548    159.286     61.585  49813.359    31.4609     8.3033     61.000     8.2904    24.4529     6.2334     8.9081     92.929    271.738    278.383   -0.00276    6.70765    9.58590  292.41330     8.2973   15.11807 1.2212e-01     0.0784     0.5391 0.0000e+00
        644 191.580403    0.04468     2.6807    160.845     62.595  49822.785    31.4648     8.2881     62.000     8.2797    24.4581     6.2303     8.9038     92.854    271.603    278.246   -0.00214    6.70978    9.58894  292.50458     8.2820   15.12242 1.1195e-01     0.0842     0.5701 0.0000e+00
        650 191.580420    0.04507     2.7041    162.246     63.604  49826.330    31.4661     8.2837     63.000     8.2772    24.4599     6.2306     8.9041     92.850    271.614    278.258   -0.00141    6.71038    9.58980  292.53013     8.2775   15.12363 1.0302e-01     0.0802     0.5685 0.0000e+00
        655 191.580435    0.04544     2.7263    163.580     64.614  49826.822    31.4659     8.2830     64.000     8.2763    24.4598     6.2271     8.8992     92.797    271.463    278.103   -0.00127    6.71049    9.58997  292.53530     8.2767   15.12388 9.5696e-02     0.0530     0.5806 0.0000e+00
        662 191.580454    0.04589     2.7535    165.212     65.623  49826.354    31.4649     8.2810     65.000     8.2735    24.4592     6.2193     8.8881     92.676    271.124    277.756   -0.00143    6.71085    9.59047  292.55073     8.2746   15.12462 8.9410e-02     0.0736     0.5770 0.0000e+00
        668 191.580470    0.04629     2.7772    166.630     66.634  49827.118    31.4644     8.2776     66.000     8.2700    24.4594     6.2174     8.8853     92.640    271.040    277.670   -0.00121    6.71138    9.59123  292.57407     8.2711   15.12573 8.4192e-02     0.0665     0.6043 0.0000e+00
        673 191.580487    0.04669     2.8013    168.079     67.643  49827.381    31.4636     8.2740     67.000     8.2654    24.4593     6.2197     8.8886     92.666    271.140    277.772   -0.00062    6.71195    9.59205  292.59901     8.2675   15.12693 7.9984e-02     0.0677     0.5788 0.0000e+00
        679 191.580504    0.04711     2.8266    169.596     68.653  49826.985    31.4616     8.2655     68.000     8.2548    24.4590     6.2141     8.8806     92.564    270.897    277.522   -0.00100    6.71334    9.59403  292.65950     8.2588   15.12983 7.6476e-02     0.0708     0.5695 0.0000e+00
        685 191.580520    0.04748     2.8490    170.942     69.663  49827.324    31.4595     8.2536     69.000     8.2408    24.4591     6.2116     8.8770     92.500    270.785    277.408   -0.00106    6.71523    9.59673  292.74184     8.2468   15.13377 7.3550e-02     0.0768     0.6119 0.0000e+00
        691 191.580537    0.04789     2.8733    172.399     70.673  49833.308    31.4606     8.2364     70.000     8.2256    24.4624     6.2084     8.8724     92.417    270.646    277.266   -0.00117    6.71778    9.60038  292.85207     8.2296   15.13903 7.1137e-02     0.0739     0.6399 0.0000e+00
        696 191.580554    0.04828     2.8970    173.818     71.682  49837.467    31.4617     8.2274     71.000     8.2178    24.4646     6.1970     8.8561     92.229    270.148    276.756   -0.00180    6.71910    9.60227  292.90923     8.2205   15.14175 6.9019e-02     0.0743     0.6425 0.0000e+00
        702 191.580570    0.04867     2.9205    175.231     72.692  49840.342    31.4621     8.2203     72.000     8.2114    24.4660     6.1899     8.8461     92.111    269.842    276.444   -0.00189    6.72016    9.60379  292.95513     8.2132   15.14395 6.7292e-02     0.0690     0.6672 0.0000e+00
        708 191.580587    0.04911     2.9462    176.771     73.702  49842.476    31.4625     8.2156     73.000     8.2071    24.4670     6.1902     8.8465     92.105    269.854    276.456   -0.00122    6.72086    9.60478  292.98506     8.2085   15.14537 6.5787e-02     0.0635     0.6631 0.0000e+00
        714 191.580604    0.04950     2.9701    178.203     74.712  49842.906    31.4617     8.2118     74.000     8.2030    24.4669     6.1876     8.8427     92.057    269.737    276.336   -0.00106    6.72146    9.60564  293.01125     8.2046   15.14663 6.4534e-02     0.0677     0.6669 0.0000e+00
        720 191.580621    0.04992     2.9951    179.707     75.722  49843.235    31.4606     8.2063     75.000     8.1970    24.4669     6.1791     8.8306     91.920    269.371    275.962   -0.00145    6.72234    9.60690  293.04995     8.1990   15.14848 6.3414e-02     0.0648     0.6804 0.0000e+00
        726 191.580638    0.05032     3.0193    181.157     76.732  49844.301    31.4600     8.2007     76.000     8.1909    24.4673     6.1701     8.8177     91.774    268.978    275.559   -0.00176    6.72323    9.60817  293.08841     8.1933   15.15032 6.2416e-02     0.0611     0.7060 0.0000e+00
        731 191.580655    0.05072     3.0434    182.605     77.742  49846.079    31.4598     8.1937     77.000     8.1841    24.4681     6.1693     8.8165     91.746    268.940    275.521   -0.00132    6.72431    9.60970  293.13502     8.1862   15.15255 6.1534e-02     0.0537     0.6987 0.0000e+00
        737 191.580672    0.05113     3.0676    184.054     78.751  49848.739    31.4603     8.1883     78.000     8.1793    24.4693     6.1622     8.8064     91.629    268.629    275.203   -0.00150    6.72509    9.61082  293.16888     8.1807   15.15416 6.0769e-02     0.0611     0.7192 0.0000e+00
        743 191.580689    0.05154     3.0921    185.527     79.761  49851.500    31.4613     8.1851     79.000     8.1768    24.4706     6.1571     8.7990     91.548    268.407    274.974   -0.00145    6.72555    9.61148  293.18847     8.1774   15.15509 6.0083e-02     0.0708     0.7193 0.0000e+00
        749 191.580705    0.05192     3.1151    186.908     80.771  49852.330    31.4613     8.1838     80.000     8.1753    24.4707     6.1581     8.8006     91.561    268.452    275.022   -0.00093    6.72575    9.61177  293.19723     8.1759   15.15551 5.9488e-02     0.0723     0.7388 0.0000e+00
        755 191.580722    0.05233     3.1402    188.410     81.781  49853.164    31.4611     8.1817     81.000     8.1729    24.4709     6.1589     8.8016     91.567    268.485    275.055   -0.00058    6.72607    9.61222  293.21102     8.1738   15.15617 5.9025e-02     0.0798     0.7358 0.0000e+00
        760 191.580738    0.05271     3.1627    189.764     82.791  49852.475    31.4596     8.1782     82.000     8.1681    24.4703     6.1562     8.7978     91.520    268.369    274.937   -0.00071    6.72666    9.61307  293.23707     8.1702   15.15742 5.9016e-02     0.0596     0.7458 0.0000e+00
        766 191.580755    0.05312     3.1871    191.226     83.801  49854.132    31.4593     8.1718     83.000     8.1614    24.4709     6.1549     8.7960     91.487    268.314    274.880   -0.00067    6.72766    9.61449  293.28024     8.1637   15.15948 5.8897e-02     0.0641     0.7726 0.0000e+00
        772 191.580772    0.05353     3.2119    192.714     84.810  49857.689    31.4604     8.1660     84.000     8.1566    24.4727     6.1525     8.7925     91.439    268.205    274.769   -0.00073    6.72849    9.61568  293.31584     8.1578   15.16118 5.8440e-02     0.0748     0.8161 0.0000e+00
        778 191.580789    0.05394     3.2362    194.172     85.820  49856.770    31.4587     8.1618     85.000     8.1509    24.4719     6.1460     8.7832     91.333    267.924    274.480   -0.00107    6.72920    9.61670  293.34724     8.1535   15.16268 5.8109e-02     0.0696     0.8166 0.0000e+00
        783 191.580806    0.05434     3.2602    195.613     86.830  49857.425    31.4575     8.1538     86.000     8.1426    24.4721     6.1373     8.7708     91.187    267.546    274.093   -0.00152    6.73046    9.61850  293.40220     8.1455   15.16531 5.7786e-02     0.0781     0.8166 0.0000e+00
        789 191.580823    0.05475     3.2850    197.099     87.840  49860.153    31.4577     8.1459     87.000     8.1359    24.4735     6.1338     8.7659     91.119    267.394    273.937   -0.00139    6.73167    9.62022  293.45425     8.1374   15.16780 5.7491e-02     0.0580     0.8122 0.0000e+00
        795 191.580839    0.05513     3.3078    198.469     88.849  49863.425    31.4591     8.1433     88.000     8.1349    24.4749     6.1279     8.7574     91.026    267.134    273.672   -0.00142    6.73199    9.62069  293.46814     8.1348   15.16846 5.7262e-02     0.0596     0.8591 0.0000e+00
        801 191.580856    0.05554     3.3322    199.932     89.859  49865.668    31.4605     8.1446     89.000     8.1370    24.4758     6.1206     8.7470     90.922    266.816    273.346   -0.00153    6.73174    9.62032  293.45667     8.1360   15.16791 5.7077e-02     0.0996     0.8819 0.0000e+00
        806 191.580872    0.05593     3.3562    201.371     90.869  49865.912    31.4606     8.1476     90.000     8.1396    24.4756     6.1171     8.7420     90.876    266.664    273.191   -0.00129    6.73128    9.61967  293.43695     8.1388   15.16696 5.6893e-02     0.0737     0.8516 0.0000e+00
        812 191.580889    0.05633     3.3797    202.782     91.879  49865.644    31.4603     8.1493     91.000     8.1406    24.4750     6.1212     8.7477     90.939    266.840    273.370   -0.00054    6.73103    9.61931  293.42620     8.1405   15.16645 5.6745e-02     0.0761     0.8374 0.0000e+00
        818 191.580906    0.05675     3.4051    204.307     92.890  49867.040    31.4609     8.1501     92.000     8.1414    24.4754     6.1265     8.7554     91.020    267.072    273.609    0.00004    6.73088    9.61911  293.41971     8.1411   15.16614 5.6626e-02     0.0965     0.8321 0.0000e+00
        824 191.580922    0.05713     3.4281    205.684     93.900  49866.274    31.4599     8.1499     93.000     8.1397    24.4747     6.1249     8.7531     90.995    267.001    273.536   -0.00013    6.73096    9.61921  293.42328     8.1408   15.16631 5.6519e-02     0.0783     0.8593 0.0000e+00
        830 191.580939    0.05754     3.4526    207.155     94.909  49866.993    31.4593     8.1458     94.000     8.1349    24.4749     6.1218     8.7486     90.941    266.867    273.398   -0.00048    6.73159    9.62012  293.45088     8.1367   15.16763 5.6427e-02     0.0610     0.8767 0.0000e+00
        836 191.580957    0.05798     3.4784    208.704     95.919  49869.369    31.4597     8.1406     95.000     8.1298    24.4759     6.1228     8.7500     90.945    266.910    273.443   -0.00032    6.73237    9.62124  293.48455     8.1314   15.16924 5.6315e-02     0.0690     0.8313 0.0000e+00
        842 191.580974    0.05837     3.5027    210.161     96.929  49870.509    31.4591     8.1344     96.000     8.1225    24.4763     6.1210     8.7475     90.906    266.833    273.364   -0.00046    6.73334    9.62262  293.52662     8.1251   15.17125 5.6222e-02     0.0617     0.8161 0.0000e+00
        847 191.580991    0.05878     3.5268    211.611     97.939  49874.749    31.4607     8.1285     97.000     8.1178    24.4784     6.1147     8.7386     90.802    266.560    273.085   -0.00090    6.73418    9.62382  293.56277     8.1190   15.17297 5.6163e-02     0.0667     0.8106 0.0000e+00
        854 191.581009    0.05920     3.5522    213.131     98.948  49876.071    31.4606     8.1248     98.000     8.1139    24.4789     6.1078     8.7287     90.691    266.257    272.775   -0.00121    6.73475    9.62464  293.58736     8.1153   15.17415 5.6083e-02     0.0706     0.8044 0.0000e+00
        859 191.581024    0.05958     3.5749    214.493     99.958  49878.763    31.4615     8.1215     99.000     8.1111    24.4801     6.1052     8.7249     90.646    266.143    272.658   -0.00109    6.73522    9.62529  293.60713     8.1119   15.17509 5.6031e-02     0.0656     0.8161 0.0000e+00
        865 191.581041    0.05997     3.5984    215.902    100.968  49880.639    31.4621     8.1197    100.000     8.1094    24.4808     6.1041     8.7233     90.626    266.094    272.609   -0.00086    6.73546    9.62565  293.61767     8.1100   15.17559 5.5975e-02     0.0580     0.8605 0.0000e+00
        871 191.581058    0.06040     3.6237    217.421    101.978  49882.215    31.4624     8.1177    101.000     8.1073    24.4814     6.1007     8.7185     90.572    265.947    272.458   -0.00087    6.73575    9.62605  293.62990     8.1079   15.17617 5.5932e-02     0.0712     0.9599 0.0000e+00
        876 191.581074    0.06079     3.6473    218.839    102.988  49883.724    31.4629     8.1166    102.000     8.1063    24.4819     6.0987     8.7156     90.540    265.858    272.367   -0.00079    6.73590    9.62628  293.63654     8.1067   15.17649 5.5896e-02     0.0789     0.8754 0.0000e+00
        882 191.581092    0.06119     3.6715    220.292    103.998  49884.439    31.4627     8.1155    103.000     8.1050    24.4820     6.0981     8.7149     90.530    265.836    272.344   -0.00061    6.73608    9.62653  293.64410     8.1055   15.17685 5.5850e-02     0.0712     0.8584 0.0000e+00
        888 191.581108    0.06160     3.6958    221.747    105.008  49885.889    31.4631     8.1143    104.000     8.1038    24.4825     6.0965     8.7126     90.504    265.764    272.271   -0.00057    6.73624    9.62675  293.65099     8.1042   15.17718 5.5809e-02     0.0623     0.8188 0.0000e+00
        894 191.581125    0.06199     3.7194    223.165    106.018  49886.922    31.4633     8.1134    105.000     8.1029    24.4827     6.0931     8.7077     90.452    265.617    272.120   -0.00071    6.73637    9.62694  293.65662     8.1032   15.17744 5.5780e-02     0.0593     0.8423 0.0000e+00
        900 191.581142    0.06240     3.7438    224.628    107.028  49888.240    31.4636     8.1127    106.000     8.1024    24.4831     6.0914     8.7052     90.425    265.540    272.041   -0.00066    6.73645    9.62706  293.66004     8.1025   15.17761 5.5762e-02     0.0624     0.8564 0.0000e+00
        905 191.581158    0.06280     3.7680    226.078    108.039  49888.905    31.4636     8.1129    107.000     8.1024    24.4831     6.0924     8.7066     90.439    265.582    272.085   -0.00039    6.73642    9.62703  293.65905     8.1025   15.17756 5.5719e-02     0.0690     0.8395 0.0000e+00
