CTD-processing/allCTD/CNV/2015_11-04_t3_s15a_cast017_5028.cnv
* Sea-Bird SBE19plus Data File:
* FileName = C:\Users\Kris.Holderied\Documents\kasitsna\Research-KBL\Oceanography-AK\CTD-Data-ALL-to-2015-10\2015-CTD-KachemakBay-CookInlet\2015-11-EVOSTC-CookInlet-quarterly\2015-11-04-CookInlet-Tran3-AnchorPt\2015-11-04-CookInlet-Tran3-cast017.hex
* Software Version 1.59
* Temperature SN =  5028
* Conductivity SN =  5028
* System UpLoad Time = Nov 04 2015 14:06:34
** Cook Inlet LTM Tran3 Anchor Pt  Northwest to Southeast

** Date: 11-04
** Station: 3-15
** Start time (AKST): 10:15
** Depth (m): 20.1
** Comment: Partial drop then full deploy
** Comment: On upcast the cable fouled on the winch. CTD left in             waterthen brought up by hand.
** Comment: M/V Ursus.
# nquan = 27
# nvalues = 22                          
# units = specified
# name 0 = scan: Scan Count
# name 1 = timeJ: Julian Days
# name 2 = timeH: Time, Elapsed [hours]
# name 3 = timeM: Time, Elapsed [minutes]
# name 4 = timeS: Time, Elapsed [seconds]
# name 5 = prdM: Pressure, Strain Gauge [db]
# name 6 = specc: Specific Conductance [uS/cm]
# name 7 = sal00: Salinity, Practical [PSU]
# name 8 = tv290C: Temperature [ITS-90, deg C]
# name 9 = depSM: Depth [salt water, m], lat = 59.00
# name 10 = potemp090C: Potential Temperature [ITS-90, deg C]
# name 11 = sigma-é00: Density [sigma-theta, kg/m^3]
# name 12 = sbeox0ML/L: Oxygen, SBE 43 [ml/l]
# name 13 = sbeox0Mg/L: Oxygen, SBE 43 [mg/l]
# name 14 = sbeox0PS: Oxygen, SBE 43 [% saturation]
# name 15 = sbox0Mm/Kg: Oxygen, SBE 43 [umol/kg]
# name 16 = sbeox0Mm/L: Oxygen, SBE 43 [umol/l]
# name 17 = sbox0dV/dT: Oxygen, SBE 43 [dov/dt]
# name 18 = oxsolML/L: Oxygen Saturation, Garcia & Gordon [ml/l]
# name 19 = oxsolMg/L: Oxygen Saturation, Garcia & Gordon [mg/l]
# name 20 = oxsolMm/Kg: Oxygen Saturation, Garcia & Gordon [umol/kg]
# name 21 = potemp090C: Potential Temperature [ITS-90, deg C]
# name 22 = n2satMg/L: Nitrogen Saturation [mg/l]
# name 23 = par: PAR/Irradiance, Biospherical/Licor
# name 24 = flECO-AFL: Fluorescence, WET Labs ECO-AFL/FL [mg/m^3]
# name 25 = turbWETntu0: Turbidity, WET Labs ECO [NTU]
# name 26 = flag: flag
# span 0 =         68,        374       
# span 1 = 308.427416, 308.428300       
# span 2 =    0.00465,    0.02587       
# span 3 =     0.2792,     1.5526       
# span 4 =     16.754,     93.154       
# span 5 =      1.009,     22.209       
# span 6 =  47742.918,  48169.023       
# span 7 =    30.0558,    30.3667       
# span 8 =     8.2358,     8.5621       
# span 9 =      1.000,     22.000       
# span 10 =     8.2609,     8.5603      
# span 11 =    23.3376,    23.5577      
# span 12 =     4.7289,     5.8020      
# span 13 =     6.7580,     8.2916      
# span 14 =     69.972,     86.385      
# span 15 =    206.365,    253.152      
# span 16 =    211.192,    259.115      
# span 17 =   -0.00565,    0.02268      
# span 18 =    6.71627,    6.77515      
# span 19 =    9.59822,    9.68237      
# span 20 =  293.04546,  295.64870      
# span 21 =     8.2355,     8.5603      
# span 22 =   15.15274,   15.27790      
# span 23 = 1.3440e+00, 4.8887e+01      
# span 24 =     0.2865,     0.3324      
# span 25 =     0.5618,     0.7230      
# span 26 = 0.0000e+00, 0.0000e+00      
# interval = meters: 1                  
# start_time = Nov 04 2015 10:15:12 [Instrument's time stamp, header]
# bad_flag = -9.990e-29
*END*
         68 308.427416    0.00465     0.2792     16.754      1.009  47742.918    30.0558     8.3963      1.000     8.3922    23.3376     5.5460     7.9258     82.104    242.038    247.686    0.00786    6.75510    9.65372  294.80352     8.3961   15.23796 4.8887e+01     0.3175     0.7230 0.0000e+00
        200 308.427797    0.01379     0.8272     49.629      2.019  47834.345    30.1130     8.3587      2.000     8.3514    23.3880     4.7289     6.7580     69.972    206.365    211.192   -0.00565    6.75822    9.65816  294.92397     8.3585   15.24348 3.2115e+01     0.2963     0.6116 0.0000e+00
        195 308.427784    0.01347     0.8082     48.495      3.028  47832.507    30.1050     8.3153      3.000     8.2721    23.3878     4.9803     7.1173     73.613    217.335    222.418    0.01093    6.76522    9.66818  295.23009     8.3150   15.25812 2.4463e+01     0.3208     0.6152 0.0000e+00
        201 308.427802    0.01392     0.8351     50.108      4.038  47922.169    30.1555     8.2358      4.000     8.2609    23.4387     5.1187     7.3151     75.551    223.366    228.602    0.01711    6.77515    9.68237  295.64870     8.2355   15.27790 1.9271e+01     0.3151     0.5871 0.0000e+00
        208 308.427822    0.01439     0.8632     51.794      5.048  47907.119    30.1598     8.3407      5.000     8.3811    23.4272     5.0504     7.2175     74.719    220.386    225.549    0.00562    6.75893    9.65918  294.94406     8.3402   15.24424 1.5623e+01     0.3176     0.5808 0.0000e+00
        214 308.427839    0.01481     0.8886     53.319      6.057  48010.524    30.2493     8.4650      6.000     8.4915    23.4795     4.9368     7.0551     73.288    215.419    220.477   -0.00455    6.73605    9.62650  293.93088     8.4644   15.19550 1.3292e+01     0.3324     0.6026 0.0000e+00
        221 308.427858    0.01527     0.9158     54.950      7.066  48008.806    30.2561     8.5238      7.000     8.5300    23.4763     4.9859     7.1253     74.120    217.562    222.670    0.00130    6.72683    9.61331  293.52919     8.5232   15.17628 1.1250e+01     0.3217     0.6129 0.0000e+00
        228 308.427878    0.01573     0.9439     56.633      8.076  48053.145    30.2890     8.5410      8.000     8.5429    23.4997     5.1453     7.3532     76.535    224.514    229.790    0.01401    6.72279    9.60754  293.34642     8.5402   15.16742 9.4873e+00     0.2955     0.5984 0.0000e+00
        233 308.427895    0.01614     0.9686     58.117      9.085  48081.067    30.3090     8.5472      9.000     8.5473    23.5144     5.2568     7.5125     78.215    229.376    234.770    0.01753    6.72099    9.60497  293.26355     8.5463   15.16339 8.2209e+00     0.2941     0.5971 0.0000e+00
        240 308.427914    0.01660     0.9958     59.750     10.095  48072.667    30.3030     8.5497     10.000     8.5491    23.5094     5.3775     7.6849     80.011    234.642    240.158    0.02003    6.72086    9.60478  293.25937     8.5487   15.16321 7.0663e+00     0.2955     0.5839 0.0000e+00
        247 308.427934    0.01708     1.0251     61.506     11.104  48095.484    30.3186     8.5501     11.000     8.5490    23.5215     5.3491     7.6443     79.597    233.399    238.889    0.00894    6.72012    9.60372  293.22366     8.5490   15.16144 6.0660e+00     0.3008     0.5618 0.0000e+00
        253 308.427952    0.01751     1.0506     63.036     12.113  48105.658    30.3253     8.5507     12.000     8.5500    23.5267     5.3396     7.6309     79.461    232.986    238.468    0.00422    6.71975    9.60319  293.20581     8.5495   15.16056 5.3639e+00     0.2901     0.5774 0.0000e+00
        260 308.427973    0.01801     1.0805     64.832     13.124  48117.261    30.3334     8.5532     13.000     8.5533    23.5327     5.4202     7.7460     80.670    236.502    242.067    0.00883    6.71901    9.60214  293.17182     8.5520   15.15890 4.6403e+00     0.3027     0.5854 0.0000e+00
        267 308.427991    0.01845     1.1073     66.438     14.133  48157.891    30.3622     8.5592     14.000     8.5593    23.5543     5.4757     7.8253     81.522    238.917    244.545    0.00920    6.71685    9.59905  293.07140     8.5578   15.15399 4.0377e+00     0.2865     0.5843 0.0000e+00
        273 308.428010    0.01891     1.1343     68.060     15.142  48160.235    30.3638     8.5618     15.000     8.5603    23.5552     5.6913     8.1334     84.737    248.324    254.173    0.02268    6.71639    9.59840  293.05125     8.5603   15.15302 3.5265e+00     0.2879     0.6133 0.0000e+00
        280 308.428030    0.01938     1.1626     69.756     16.151  48161.880    30.3644     8.5618     16.000     8.5602    23.5558     5.7560     8.2259     85.701    251.147    257.063    0.01812    6.71636    9.59835  293.04969     8.5602   15.15294 3.0511e+00     0.2936     0.6122 0.0000e+00
        286 308.428048    0.01982     1.1895     71.371     17.161  48163.413    30.3651     8.5618     17.000     8.5602    23.5563     5.7593     8.2306     85.750    251.290    257.210    0.01087    6.71632    9.59830  293.04794     8.5601   15.15286 2.6808e+00     0.2954     0.6087 0.0000e+00
        294 308.428069    0.02032     1.2193     73.160     18.171  48164.703    30.3656     8.5619     18.000     8.5601    23.5566     5.7620     8.2345     85.791    251.408    257.331    0.00595    6.71630    9.59826  293.04665     8.5601   15.15279 2.3179e+00     0.3001     0.5878 0.0000e+00
        300 308.428087    0.02075     1.2452     74.714     19.181  48165.336    30.3656     8.5621     19.000     8.5601    23.5567     5.7667     8.2412     85.862    251.613    257.541    0.00383    6.71627    9.59822  293.04546     8.5602   15.15274 2.0112e+00     0.2984     0.5883 0.0000e+00
        306 308.428105    0.02119     1.2715     76.291     20.190  48166.735    30.3661     8.5615     20.000     8.5593    23.5571     5.7790     8.2587     86.043    252.148    258.088    0.00318    6.71634    9.59832  293.04820     8.5595   15.15287 1.7741e+00     0.3173     0.6133 0.0000e+00
        314 308.428127    0.02171     1.3023     78.136     21.199  48168.077    30.3665     8.5611     21.000     8.5590    23.5575     5.7871     8.2704     86.164    252.504    258.453    0.00228    6.71637    9.59837  293.04965     8.5590   15.15293 1.5368e+00     0.2988     0.6306 0.0000e+00
        374 308.428300    0.02587     1.5526     93.154     22.209  48169.023    30.3667     8.5612     22.000     8.5589    23.5577     5.8020     8.2916     86.385    253.152    259.115    0.00179    6.71636    9.59834  293.04892     8.5590   15.15290 1.3440e+00     0.2983     0.6339 0.0000e+00
