CTD-processing/allCTD/CNV/2015_02-12_t9_s06_cast198_4141.cnv
* Sea-Bird SBE19plus Data File:
* FileName = C:\Users\kris.holderied\Documents\kasitsna\Research-Projects-and-Data\Oceanography-AK\CTD-Data-ALL-to-2014-10\2015-CTD-KachemakBay-CookInlet\2015-02-EVOSTC-CookInlet-quarterly\2015-02-12-CookInlet-Tran9-HomerSpit\2015-02-12-CookInlet-Tran9-cast198.hex
* Software Version 1.59
* Temperature SN =  4141
* Conductivity SN =  4141
* System UpLoad Time = Feb 13 2015 09:50:09
** Cook Inlet LTM Tran9 (Homer Spit) South to North
** Date: 02-12
** Station: 9-06
** Start time (AKST): 16:29
** Depth (m): 98
** Comment: Zooplankton, Phytoplankton samples.
** Comment: Vessel is ADFG R/V Pandalus.
# nquan = 27
# nvalues = 97                          
# units = specified
# name 0 = scan: Scan Count
# name 1 = timeJ: Julian Days
# name 2 = timeH: Time, Elapsed [hours]
# name 3 = timeM: Time, Elapsed [minutes]
# name 4 = timeS: Time, Elapsed [seconds]
# name 5 = prdM: Pressure, Strain Gauge [db]
# name 6 = specc: Specific Conductance [uS/cm]
# name 7 = sal00: Salinity, Practical [PSU]
# name 8 = tv290C: Temperature [ITS-90, deg C]
# name 9 = depSM: Depth [salt water, m], lat = 59.00
# name 10 = potemp090C: Potential Temperature [ITS-90, deg C]
# name 11 = sigma-é00: Density [sigma-theta, kg/m^3]
# name 12 = sbeox0ML/L: Oxygen, SBE 43 [ml/l]
# name 13 = sbeox0Mg/L: Oxygen, SBE 43 [mg/l]
# name 14 = sbeox0PS: Oxygen, SBE 43 [% saturation]
# name 15 = sbox0Mm/Kg: Oxygen, SBE 43 [umol/kg]
# name 16 = sbeox0Mm/L: Oxygen, SBE 43 [umol/l]
# name 17 = sbox0dV/dT: Oxygen, SBE 43 [dov/dt]
# name 18 = oxsolML/L: Oxygen Saturation, Garcia & Gordon [ml/l]
# name 19 = oxsolMg/L: Oxygen Saturation, Garcia & Gordon [mg/l]
# name 20 = oxsolMm/Kg: Oxygen Saturation, Garcia & Gordon [umol/kg]
# name 21 = n2satMg/L: Nitrogen Saturation [mg/l]
# name 22 = par: PAR/Irradiance, Biospherical/Licor
# name 23 = wetStar: Fluorescence, WET Labs WETstar [mg/m^3]
# name 24 = CStarAt0: Beam Attenuation, WET Labs C-Star [1/m]
# name 25 = CStarTr0: Beam Transmission, WET Labs C-Star [%]
# name 26 = flag: flag
# span 0 =        256,        796       
# span 1 =  43.687740,  43.689304       
# span 2 =    0.01771,    0.05523       
# span 3 =     1.0625,     3.3137       
# span 4 =     63.749,    198.822       
# span 5 =      1.018,     97.898       
# span 6 =  50060.680,  50944.626       
# span 7 =    31.0884,    31.6770       
# span 8 =     4.2879,     5.3519       
# span 9 =      1.000,     97.000       
# span 10 =     4.2821,     5.3507      
# span 11 =    24.5765,    25.0372      
# span 12 =     6.0120,     6.5179      
# span 13 =     8.5918,     9.3148      
# span 14 =     82.769,     89.728      
# span 15 =    262.070,    284.011      
# span 16 =    268.498,    291.093      
# span 17 =   -0.00547,    0.00533      
# span 18 =    7.17918,    7.36878      
# span 19 =   10.25978,   10.53073      
# span 20 =  312.83840,  321.08346      
# span 21 =   16.09178,   16.48446      
# span 22 = 3.5960e-02, 4.5832e+00      
# span 23 =     0.4750,     0.7735      
# span 24 =    -0.1650,     4.4457      
# span 25 =    64.9535,    88.7027      
# span 26 = 0.0000e+00, 0.0000e+00      
# interval = meters: 1                  
# start_time = Feb 12 2015 16:29:17 [Instrument's time stamp, header]
# bad_flag = -9.990e-29
*END*
        256  43.687740    0.01771     1.0625     63.749      1.018  50060.680    31.0884     4.9913      1.000     4.9919    24.5765     6.0120     8.5918     82.769    262.070    268.498    0.00145    7.26378   10.38067  316.63613   16.27434 4.5832e+00     0.4972     4.4457    64.9535 0.0000e+00
        450  43.688302    0.03119     1.8713    112.281      2.043  50648.864    31.4506     4.9601      2.000     5.0421    24.8665     6.5054     9.2968     89.728    283.480    290.531   -0.00191    7.24990   10.36083  315.92042   16.23879 3.9730e-01     0.6232    -0.1650    88.7027 0.0000e+00
        417  43.688205    0.02887     1.7323    103.938      3.017  50944.626    31.6770     5.0416      3.000     5.2065    25.0372     6.3829     9.1218     88.344    278.100    285.062   -0.00303    7.22512   10.32542  314.79229   16.18418 7.8177e-01     0.5900     0.6541    84.9156 0.0000e+00
        419  43.688212    0.02903     1.7414    104.486      4.026  50733.462    31.5657     5.2030      4.000     5.2564    24.9315     6.3975     9.1426     88.820    278.760    285.710    0.00047    7.20270   10.29337  313.84768   16.13965 7.0674e-01     0.6226     0.5940    86.2010 0.0000e+00
        422  43.688219    0.02921     1.7522    105.129      5.044  50661.085    31.5286     5.2649      5.000     5.2839    24.8952     6.4208     9.1758     89.252    279.782    286.747    0.00533    7.19384   10.28071  313.47265   16.12196 3.9959e-01     0.5862     0.5728    86.6581 0.0000e+00
        424  43.688226    0.02938     1.7631    105.786      6.064  50670.895    31.5404     5.2920      6.000     5.3131    24.9016     6.4136     9.1657     89.219    279.474    286.433    0.00479    7.18864   10.27329  313.24455   16.11104 1.8628e-01     0.6226     0.5683    86.7576 0.0000e+00
        426  43.688233    0.02954     1.7728    106.369      7.074  50642.111    31.5251     5.3163      7.000     5.3208    24.8868     6.3861     9.1263     88.878    278.276    285.201    0.00047    7.18521   10.26839  313.09940   16.10419 3.6676e-02     0.6849     0.5636    86.8561 0.0000e+00
        429  43.688240    0.02969     1.7817    106.902      8.072  50615.584    31.5076     5.3217      8.000     5.3100    24.8723     6.3680     9.1005     88.628    277.495    284.397   -0.00215    7.18513   10.26825  313.10007   16.10431 3.5960e-02     0.7262     0.5704    86.7087 0.0000e+00
        431  43.688246    0.02985     1.7909    107.452      9.080  50609.334    31.5003     5.3097      9.000     5.2998    24.8679     6.3512     9.0766     88.365    276.764    283.647   -0.00428    7.18754   10.27172  313.20674   16.10941 3.6253e-02     0.7735     0.5663    86.7993 0.0000e+00
        433  43.688252    0.03001     1.8007    108.041     10.093  50670.226    31.5407     5.3050     10.000     5.3219    24.9004     6.3376     9.0571     88.190    276.163    283.039   -0.00547    7.18638   10.27006  313.14649   16.10638 3.6302e-02     0.7427     0.5640    86.8497 0.0000e+00
        436  43.688261    0.03021     1.8126    108.757     11.089  50656.949    31.5358     5.3277     11.000     5.3385    24.8940     6.3359     9.0547     88.211    276.090    282.963   -0.00450    7.18274   10.26485  312.98953   16.09892 3.6380e-02     0.7207     0.5629    86.8730 0.0000e+00
        440  43.688272    0.03048     1.8286    109.719     12.125  50642.234    31.5295     5.3485     12.000     5.3507    24.8866     6.3409     9.0618     88.320    276.309    283.185   -0.00223    7.17949   10.26020  312.85019   16.09231 3.6385e-02     0.6837     0.5584    86.9700 0.0000e+00
        443  43.688281    0.03068     1.8412    110.474     13.121  50633.874    31.5239     5.3519     13.000     5.3484    24.8819     6.3387     9.0586     88.293    276.213    283.086   -0.00183    7.17918   10.25978  312.83840   16.09178 3.6381e-02     0.6654     0.5592    86.9540 0.0000e+00
        446  43.688290    0.03091     1.8547    111.279     14.129  50627.346    31.5178     5.3463     14.000     5.3380    24.8777     6.3315     9.0484     88.178    275.902    282.767   -0.00247    7.18042   10.26154  312.89349   16.09443 3.6382e-02     0.6445     0.5628    86.8753 0.0000e+00
        450  43.688301    0.03115     1.8693    112.157     15.142  50610.552    31.5024     5.3300     15.000     5.3080    24.8673     6.3306     9.0471     88.122    275.865    282.725   -0.00252    7.18395   10.26658  313.05050   16.10196 3.6382e-02     0.6040     0.5713    86.6911 0.0000e+00
        453  43.688310    0.03140     1.8841    113.043     16.154  50597.105    31.4836     5.2865     16.000     5.2547    24.8573     6.3281     9.0435     87.984    275.757    282.611   -0.00290    7.19230   10.27851  313.41734   16.11951 3.6382e-02     0.5878     0.5868    86.3544 0.0000e+00
        456  43.688320    0.03163     1.8979    113.873     17.163  50622.668    31.4912     5.2411     17.000     5.2202    24.8684     6.3271     9.0420     87.879    275.709    282.566   -0.00339    7.19972   10.28912  313.73722   16.13471 3.6382e-02     0.5590     0.6033    86.0004 0.0000e+00
        460  43.688329    0.03185     1.9111    114.669     18.169  50643.442    31.4990     5.2128     18.000     5.1995    24.8777     6.3332     9.0508     87.910    275.976    282.842   -0.00248    7.20421   10.29554  313.93017   16.14386 3.6382e-02     0.5469     0.6183    85.6777 0.0000e+00
        463  43.688339    0.03208     1.9249    115.496     19.180  50649.704    31.4987     5.1932     19.000     5.1823    24.8796     6.3293     9.0452     87.814    275.804    282.666   -0.00249    7.20758   10.30036  314.07657   16.15083 3.6382e-02     0.5439     0.6304    85.4198 0.0000e+00
        466  43.688349    0.03232     1.9394    116.363     20.188  50659.175    31.5016     5.1782     20.000     5.1698    24.8835     6.3410     9.0620     87.948    276.316    283.192   -0.00130    7.21003   10.30386  314.18235   16.15586 3.6382e-02     0.5476     0.6396    85.2230 0.0000e+00
        470  43.688360    0.03258     1.9548    117.287     21.200  50671.566    31.5076     5.1684     21.000     5.1653    24.8893     6.3569     9.0846     88.150    277.004    283.898    0.00105    7.21143   10.30585  314.24125   16.15864 3.6382e-02     0.5518     0.6345    85.3315 0.0000e+00
        474  43.688370    0.03283     1.9698    118.188     22.210  50674.462    31.5085     5.1659     22.000     5.1627    24.8903     6.3594     9.0882     88.180    277.113    284.010    0.00077    7.21182   10.30641  314.25787   16.15942 3.6382e-02     0.5448     0.6329    85.3655 0.0000e+00
        477  43.688380    0.03307     1.9838    119.028     23.217  50657.313    31.4952     5.1613     23.000     5.1459    24.8804     6.3819     9.1202     88.474    278.094    285.014    0.00267    7.21325   10.30845  314.32336   16.16259 3.6382e-02     0.5639     0.6335    85.3528 0.0000e+00
        480  43.688389    0.03329     1.9979    119.871     24.227  50665.818    31.4955     5.1372     24.000     5.1254    24.8831     6.3706     9.1043     88.268    277.605    284.513    0.00113    7.21738   10.31435  314.50224   16.17111 3.6382e-02     0.5915     0.6403    85.2064 0.0000e+00
        484  43.688400    0.03354     2.0124    120.745     25.236  50678.494    31.5006     5.1226     25.000     5.1164    24.8889     6.3602     9.0893     88.095    277.146    284.044   -0.00146    7.21964   10.31760  314.59934   16.17571 3.6382e-02     0.5882     0.6512    84.9740 0.0000e+00
        488  43.688410    0.03380     2.0277    121.665     26.248  50691.688    31.5082     5.1178     26.000     5.1177    24.8954     6.3657     9.0972     88.166    277.386    284.292   -0.00059    7.22013   10.31829  314.61833   16.17659 3.6382e-02     0.5838     0.6539    84.9183 0.0000e+00
        491  43.688421    0.03405     2.0427    122.564     27.256  50686.935    31.5048     5.1199     27.000     5.1163    24.8925     6.3840     9.1235     88.423    278.187    285.112    0.00161    7.21992   10.31799  314.61037   16.17623 3.6382e-02     0.6016     0.6513    84.9730 0.0000e+00
        495  43.688432    0.03430     2.0577    123.460     28.267  50689.887    31.5057     5.1168     28.000     5.1135    24.8936     6.3821     9.1207     88.390    278.104    285.027    0.00130    7.22041   10.31868  314.63123   16.17721 3.6382e-02     0.6319     0.6523    84.9523 0.0000e+00
        498  43.688441    0.03454     2.0728    124.366     29.277  50686.597    31.5023     5.1138     29.000     5.1087    24.8912     6.3804     9.1182     88.358    278.028    284.949    0.00010    7.22109   10.31966  314.66152   16.17867 3.6382e-02     0.6087     0.6554    84.8867 0.0000e+00
        502  43.688452    0.03479     2.0877    125.263     30.284  50685.309    31.4996     5.1075     30.000     5.1008    24.8897     6.3877     9.1287     88.445    278.348    285.275    0.00087    7.22232   10.32142  314.71556   16.18125 3.6382e-02     0.6205     0.6582    84.8283 0.0000e+00
        506  43.688463    0.03505     2.1027    126.165     31.296  50690.314    31.5011     5.1011     31.000     5.0956    24.8917     6.3820     9.1205     88.352    278.095    285.018   -0.00007    7.22336   10.32289  314.76010   16.18336 3.6382e-02     0.6272     0.6643    84.6992 0.0000e+00
        509  43.688472    0.03529     2.1174    127.044     32.306  50695.716    31.5032     5.0953     32.000     5.0920    24.8939     6.3784     9.1155     88.292    277.943    284.862   -0.00092    7.22425   10.32417  314.79837   16.18518 3.6382e-02     0.6294     0.6675    84.6302 0.0000e+00
        513  43.688483    0.03553     2.1318    127.908     33.311  50682.711    31.4932     5.0926     33.000     5.0781    24.8863     6.3813     9.1195     88.320    278.069    284.989   -0.00051    7.22519   10.32551  314.84160   16.18727 3.6382e-02     0.6229     0.6724    84.5265 0.0000e+00
        516  43.688493    0.03578     2.1473    128.835     34.324  50671.629    31.4780     5.0592     34.000     5.0386    24.8779     6.3917     9.1344     88.384    278.523    285.452    0.00022    7.23170   10.33482  315.12813   16.20098 3.6382e-02     0.6347     0.6760    84.4510 0.0000e+00
        520  43.688504    0.03605     2.1629    129.773     35.333  50708.640    31.4973     5.0330     35.000     5.0285    24.8960     6.3823     9.1210     88.210    278.110    285.034   -0.00119    7.23530   10.33997  315.27951   16.20810 3.6382e-02     0.6085     0.6939    84.0748 0.0000e+00
        524  43.688516    0.03631     2.1785    130.710     36.344  50711.234    31.4979     5.0300     36.000     5.0257    24.8968     6.3733     9.1081     88.080    277.718    284.632   -0.00267    7.23579   10.34066  315.30024   16.20908 3.6382e-02     0.6173     0.7020    83.9035 0.0000e+00
        527  43.688525    0.03656     2.1935    131.611     37.353  50694.109    31.4836     5.0206     37.000     5.0078    24.8865     6.3868     9.1274     88.239    278.308    285.235   -0.00051    7.23812   10.34399  315.40508   16.21414 3.6382e-02     0.6582     0.7062    83.8159 0.0000e+00
        531  43.688536    0.03681     2.2087    132.522     38.359  50710.160    31.4914     5.0077     38.000     5.0002    24.8941     6.4001     9.1464     88.399    278.884    285.827    0.00079    7.23997   10.34664  315.48343   16.21783 3.6382e-02     0.6098     0.7139    83.6550 0.0000e+00
        535  43.688548    0.03710     2.2259    133.553     39.372  50680.450    31.4675     4.9937     39.000     4.9644    24.8767     6.4041     9.1521     88.411    279.065    286.007    0.00078    7.24357   10.35178  315.64540   16.22564 3.6382e-02     0.6074     0.7213    83.4993 0.0000e+00
        539  43.688560    0.03739     2.2433    134.601     40.382  50690.467    31.4594     4.9268     40.000     4.9005    24.8774     6.4025     9.1498     88.243    278.996    285.937   -0.00081    7.25557   10.36894  316.16861   16.25057 3.6382e-02     0.6064     0.7429    83.0514 0.0000e+00
        543  43.688572    0.03767     2.2602    135.611     41.391  50716.139    31.4682     4.8884     41.000     4.8686    24.8884     6.3859     9.1261     87.937    278.268    285.194   -0.00356    7.26183   10.37788  316.43744   16.26333 3.6382e-02     0.6110     0.7816    82.2509 0.0000e+00
        548  43.688584    0.03796     2.2773    136.640     42.400  50726.882    31.4673     4.8527     42.000     4.8381    24.8915     6.4054     9.1540     88.131    279.120    286.067   -0.00084    7.26810   10.38683  316.70991   16.27631 3.6382e-02     0.5770     0.8135    81.5968 0.0000e+00
        552  43.688597    0.03825     2.2954    137.725     43.409  50747.446    31.4774     4.8369     43.000     4.8296    24.9012     6.4175     9.1712     88.269    279.639    286.603    0.00005    7.27037   10.39009  316.80589   16.28083 3.6382e-02     0.5523     0.8574    80.7075 0.0000e+00
        557  43.688610    0.03858     2.3152    138.911     44.421  50739.250    31.4679     4.8214     44.000     4.8058    24.8954     6.4321     9.1921     88.431    280.279    287.256    0.00168    7.27354   10.39462  316.94599   16.28754 3.6382e-02     0.5451     0.8914    80.0245 0.0000e+00
        561  43.688624    0.03891     2.3345    140.067     45.432  50736.453    31.4575     4.7849     45.000     4.7632    24.8909     6.4339     9.1947     88.373    280.359    287.338    0.00073    7.28043   10.40445  317.24701   16.30191 3.6382e-02     0.5300     0.9322    79.2129 0.0000e+00
        565  43.688635    0.03920     2.3516    141.094     46.439  50754.625    31.4621     4.7516     46.000     4.7348    24.8981     6.4151     9.1679     88.047    279.541    286.501   -0.00249    7.28605   10.41250  317.49031   16.31347 3.6382e-02     0.5240     1.0012    77.8580 0.0000e+00
        570  43.688648    0.03948     2.3688    142.128     47.446  50763.264    31.4613     4.7234     47.000     4.7106    24.9004     6.4230     9.1791     88.094    279.880    286.849   -0.00171    7.29103   10.41962  317.70666   16.32377 3.6382e-02     0.5073     1.0437    77.0348 0.0000e+00
        574  43.688661    0.03980     2.3881    143.289     48.461  50787.366    31.4748     4.7122     48.000     4.7099    24.9123     6.4351     9.1965     88.245    280.408    287.394    0.00012    7.29234   10.42148  317.75954   16.32623 3.6382e-02     0.5061     1.0572    76.7750 0.0000e+00
        578  43.688673    0.04010     2.4060    144.358     49.468  50781.529    31.4706     4.7133     49.000     4.7076    24.9088     6.4390     9.2021     88.299    280.580    287.569    0.00041    7.29234   10.42148  317.76078   16.32630 3.6382e-02     0.4984     1.0641    76.6413 0.0000e+00
        583  43.688685    0.04040     2.4240    145.437     50.477  50784.701    31.4711     4.7083     50.000     4.7036    24.9098     6.4422     9.2066     88.332    280.717    287.709    0.00045    7.29319   10.42270  317.79770   16.32805 3.6382e-02     0.4957     1.0717    76.4981 0.0000e+00
        587  43.688699    0.04071     2.4427    146.565     51.490  50785.373    31.4705     4.7053     51.000     4.7002    24.9096     6.4367     9.1986     88.249    280.475    287.462   -0.00014    7.29375   10.42351  317.82219   16.32923 3.6382e-02     0.4977     1.0722    76.4866 0.0000e+00
        591  43.688710    0.04099     2.4598    147.587     52.497  50789.350    31.4722     4.7032     52.000     4.6999    24.9111     6.4403     9.2038     88.295    280.633    287.623   -0.00031    7.29405   10.42391  317.83427   16.32979 3.6382e-02     0.4849     1.0821    76.2975 0.0000e+00
        596  43.688723    0.04129     2.4773    148.637     53.506  50789.448    31.4718     4.7036     53.000     4.7001    24.9109     6.4422     9.2066     88.322    280.715    287.709    0.00030    7.29399   10.42384  317.83208   16.32969 3.6382e-02     0.5092     1.0889    76.1681 0.0000e+00
