CTD-processing/allCTD/CNV/2015_07-29_t9_s02_cast146_5028.cnv
* Sea-Bird SBE19plus Data File:
* FileName = C:\Users\Kris.Holderied\Documents\kasitsna\Research-KBL\Oceanography-AK\CTD-Data-ALL-to-2015-06\2015-CTD-KachemakBay-CookInlet\2015-07-29-CookInlet-HomerSpit-Monthly\2015-07-29-CookInlet-Tran9-cast146.hex
* Software Version 1.59
* Temperature SN =  5028
* Conductivity SN =  5028
* System UpLoad Time = Aug 13 2015 18:50:09
** Cook Inlet LTM Transect 9 (monthly) North to South
** Date (YYYY-MM-DD): 2015-07-29
** Station (ie. 9-01):  9-02
** Start time (AKDT): 15:12
** Depth (m): 74.4
** Comment:  R/V Barnacle
** Comment:
# nquan = 27
# nvalues = 67                          
# units = specified
# name 0 = scan: Scan Count
# name 1 = timeJ: Julian Days
# name 2 = timeH: Time, Elapsed [hours]
# name 3 = timeM: Time, Elapsed [minutes]
# name 4 = timeS: Time, Elapsed [seconds]
# name 5 = prdM: Pressure, Strain Gauge [db]
# name 6 = specc: Specific Conductance [uS/cm]
# name 7 = sal00: Salinity, Practical [PSU]
# name 8 = tv290C: Temperature [ITS-90, deg C]
# name 9 = depSM: Depth [salt water, m], lat = 59.00
# name 10 = potemp090C: Potential Temperature [ITS-90, deg C]
# name 11 = sigma-é00: Density [sigma-theta, kg/m^3]
# name 12 = sbeox0ML/L: Oxygen, SBE 43 [ml/l]
# name 13 = sbeox0Mg/L: Oxygen, SBE 43 [mg/l]
# name 14 = sbeox0PS: Oxygen, SBE 43 [% saturation]
# name 15 = sbox0Mm/Kg: Oxygen, SBE 43 [umol/kg]
# name 16 = sbeox0Mm/L: Oxygen, SBE 43 [umol/l]
# name 17 = sbox0dV/dT: Oxygen, SBE 43 [dov/dt]
# name 18 = oxsolML/L: Oxygen Saturation, Garcia & Gordon [ml/l]
# name 19 = oxsolMg/L: Oxygen Saturation, Garcia & Gordon [mg/l]
# name 20 = oxsolMm/Kg: Oxygen Saturation, Garcia & Gordon [umol/kg]
# name 21 = potemp090C: Potential Temperature [ITS-90, deg C]
# name 22 = n2satMg/L: Nitrogen Saturation [mg/l]
# name 23 = par: PAR/Irradiance, Biospherical/Licor
# name 24 = flECO-AFL: Fluorescence, WET Labs ECO-AFL/FL [mg/m^3]
# name 25 = turbWETntu0: Turbidity, WET Labs ECO [NTU]
# name 26 = flag: flag
# span 0 =        209,        721       
# span 1 = 210.632766, 210.634247       
# span 2 =    0.01444,    0.04998       
# span 3 =     0.8666,     2.9989       
# span 4 =     51.999,    179.933       
# span 5 =      1.009,     67.643       
# span 6 =  39425.615,  49435.290       
# span 7 =    24.8517,    31.3050       
# span 8 =     9.0555,    14.1938       
# span 9 =      1.000,     67.000       
# span 10 =     9.0487,    14.1901      
# span 11 =    18.3226,    24.2181      
# span 12 =     5.6221,     6.8194      
# span 13 =     8.0345,     9.7456      
# span 14 =     87.672,    109.185      
# span 15 =    246.538,    298.368      
# span 16 =    251.081,    304.554      
# span 17 =   -0.04855,   -0.00078      
# span 18 =    6.16192,    6.60229      
# span 19 =    8.80600,    9.43532      
# span 20 =  270.25681,  287.88601      
# span 21 =     9.0487,    14.1937      
# span 22 =   14.08424,   14.90241      
# span 23 = 6.4631e-02, 2.8792e+02      
# span 24 =     0.1089,     1.3552      
# span 25 =     0.5445,     1.6702      
# span 26 = 0.0000e+00, 0.0000e+00      
# interval = meters: 1                  
# start_time = Jul 29 2015 15:10:19 [Instrument's time stamp, header]
# bad_flag = -9.990e-29
*END*
[from data line 54]
        672 210.634105    0.04657     2.7943    167.657     55.527  49399.703    31.2984     9.1575     55.000     9.1438    24.1976     5.8249     8.3243     88.422    253.993    260.139   -0.00254    6.58759    9.41432  287.25082     9.1518   14.87207 6.8106e-02     0.1330     0.9736 0.0000e+00
        675 210.634115    0.04683     2.8094    168.566     56.537  49401.643    31.2970     9.1417     56.000     9.1269    24.1991     5.8226     8.3211     88.356    253.894    260.037   -0.00230    6.58995    9.41770  287.35360     9.1359   14.87699 6.7569e-02     0.1332     0.9803 0.0000e+00
        679 210.634126    0.04708     2.8247    169.483     57.546  49409.903    31.3003     9.1265     57.000     9.1148    24.2039     5.8177     8.3140     88.252    253.676    259.816   -0.00238    6.59205    9.42069  287.44337     9.1205   14.88127 6.7123e-02     0.1314     0.9371 0.0000e+00
        683 210.634137    0.04734     2.8407    170.444     58.555  49410.489    31.2987     9.1152     58.000     9.1009    24.2045     5.8155     8.3110     88.197    253.584    259.722   -0.00219    6.59377    9.42315  287.51844     9.1092   14.88486 6.6732e-02     0.1259     0.9676 0.0000e+00
        687 210.634148    0.04762     2.8571    171.424     59.565  49416.452    31.3001     9.0987     59.000     9.0870    24.2081     5.8157     8.3112     88.168    253.590    259.729   -0.00178    6.59612    9.42652  287.62016     9.0926   14.88972 6.6362e-02     0.1263     1.0743 0.0000e+00
        691 210.634160    0.04789     2.8732    172.391     60.575  49425.432    31.3050     9.0915     60.000     9.0847    24.2131     5.8140     8.3088     88.131    253.516    259.654   -0.00160    6.59698    9.42774  287.65590     9.0853   14.89141 6.6072e-02     0.1186     0.9893 0.0000e+00
        695 210.634171    0.04816     2.8896    173.378     61.585  49424.929    31.3041     9.0905     61.000     9.0826    24.2125     5.8118     8.3057     88.096    253.422    259.557   -0.00139    6.59716    9.42800  287.66420     9.0842   14.89181 6.5835e-02     0.1274     0.9727 0.0000e+00
        698 210.634182    0.04843     2.9059    174.355     62.594  49423.987    31.3024     9.0865     62.000     9.0769    24.2119     5.8070     8.2988     88.014    253.211    259.342   -0.00154    6.59782    9.42895  287.69319     9.0800   14.89320 6.5567e-02     0.1288     1.0213 0.0000e+00
        702 210.634194    0.04870     2.9221    175.325     63.604  49423.340    31.3006     9.0798     63.000     9.0685    24.2115     5.8034     8.2936     87.945    253.052    259.178   -0.00162    6.59887    9.43045  287.73904     9.0733   14.89540 6.5333e-02     0.1178     1.1113 0.0000e+00
        706 210.634205    0.04897     2.9382    176.293     64.615  49425.593    31.3004     9.0704     64.000     9.0589    24.2128     5.7993     8.2878     87.865    252.875    258.997   -0.00169    6.60026    9.43243  287.79922     9.0638   14.89828 6.5139e-02     0.1124     1.0684 0.0000e+00
        710 210.634216    0.04925     2.9545    177.269     65.624  49428.029    31.3004     9.0609     65.000     9.0500    24.2142     5.7948     8.2813     87.777    252.676    258.794   -0.00182    6.60166    9.43443  287.85979     9.0542   14.90117 6.4961e-02     0.1168     1.0375 0.0000e+00
        714 210.634229    0.04954     2.9725    178.352     66.634  49435.290    31.3043     9.0555     66.000     9.0488    24.2181     5.7926     8.2782     87.737    252.582    258.698   -0.00161    6.60229    9.43532  287.88601     9.0487   14.90241 6.4805e-02     0.1177     1.0589 0.0000e+00
        721 210.634247    0.04998     2.9989    179.933     67.643  49432.184    31.3018     9.0570     67.000     9.0487    24.2160     5.7882     8.2721     87.672    252.392    258.505   -0.00131    6.60217    9.43516  287.88164     9.0501   14.90222 6.4631e-02     0.1089     0.9976 0.0000e+00
