CTD-processing/allCTD/CNV/2015_09-24_t4_s07_cast199_5028.cnv
* Sea-Bird SBE19plus Data File:
* FileName = C:\Users\Kris.Holderied\Documents\kasitsna\Research-KBL\Oceanography-AK\CTD-Data-ALL-to-2015-06\2015-CTD-KachemakBay-CookInlet\2015-09-24-CookInlet-Tran4-special\2015-09-24-CookInlet-Tran4-cast199.hex
* Software Version 1.59
* Temperature SN =  5028
* Conductivity SN =  5028
* System UpLoad Time = Oct 19 2015 12:42:42
** Cook Inlet LTM Transect 4 Homer Spit special

** Date: 09-24
** Station: 9-07
** Start time (AKDT): 15:26
** Depth (m): 35.4
** Comment:  R/V Edgecumbe
** Comment:
# nquan = 27
# nvalues = 31                          
# units = specified
# name 0 = scan: Scan Count
# name 1 = timeJ: Julian Days
# name 2 = timeH: Time, Elapsed [hours]
# name 3 = timeM: Time, Elapsed [minutes]
# name 4 = timeS: Time, Elapsed [seconds]
# name 5 = prdM: Pressure, Strain Gauge [db]
# name 6 = specc: Specific Conductance [uS/cm]
# name 7 = sal00: Salinity, Practical [PSU]
# name 8 = tv290C: Temperature [ITS-90, deg C]
# name 9 = depSM: Depth [salt water, m], lat = 59.00
# name 10 = potemp090C: Potential Temperature [ITS-90, deg C]
# name 11 = sigma-é00: Density [sigma-theta, kg/m^3]
# name 12 = sbeox0ML/L: Oxygen, SBE 43 [ml/l]
# name 13 = sbeox0Mg/L: Oxygen, SBE 43 [mg/l]
# name 14 = sbeox0PS: Oxygen, SBE 43 [% saturation]
# name 15 = sbox0Mm/Kg: Oxygen, SBE 43 [umol/kg]
# name 16 = sbeox0Mm/L: Oxygen, SBE 43 [umol/l]
# name 17 = sbox0dV/dT: Oxygen, SBE 43 [dov/dt]
# name 18 = oxsolML/L: Oxygen Saturation, Garcia & Gordon [ml/l]
# name 19 = oxsolMg/L: Oxygen Saturation, Garcia & Gordon [mg/l]
# name 20 = oxsolMm/Kg: Oxygen Saturation, Garcia & Gordon [umol/kg]
# name 21 = potemp090C: Potential Temperature [ITS-90, deg C]
# name 22 = n2satMg/L: Nitrogen Saturation [mg/l]
# name 23 = par: PAR/Irradiance, Biospherical/Licor
# name 24 = flECO-AFL: Fluorescence, WET Labs ECO-AFL/FL [mg/m^3]
# name 25 = turbWETntu0: Turbidity, WET Labs ECO [NTU]
# name 26 = flag: flag
# span 0 =        349,        488       
# span 1 = 267.644097, 267.644498       
# span 2 =    0.02416,    0.03379       
# span 3 =     1.4495,     2.0274       
# span 4 =     86.972,    121.645       
# span 5 =      1.009,     31.295       
# span 6 =  45316.655,  48933.922       
# span 7 =    28.5157,    31.0813       
# span 8 =     9.5160,    10.4432       
# span 9 =      1.000,     31.000       
# span 10 =     9.5151,    10.4446      
# span 11 =    21.9649,    23.9085      
# span 12 =     5.1619,     6.4127      
# span 13 =     7.3769,     9.1644      
# span 14 =     79.563,     97.953      
# span 15 =    225.146,    280.218      
# span 16 =    230.530,    286.391      
# span 17 =   -0.02840,    0.00827      
# span 18 =    6.43040,    6.65047      
# span 19 =    9.18969,    9.50419      
# span 20 =  280.58661,  290.61633      
# span 21 =     9.5154,    10.4418      
# span 22 =   14.55585,   15.04415      
# span 23 = 8.3664e-01, 8.0565e+01      
# span 24 =     0.3067,     1.9702      
# span 25 =     0.3648,     1.3790      
# span 26 = 0.0000e+00, 0.0000e+00      
# interval = meters: 1                  
# start_time = Sep 24 2015 15:26:03 [Instrument's time stamp, header]
# bad_flag = -9.990e-29
*END*
        349 267.644097    0.02416     1.4495     86.972      1.009  45316.655    28.5157     9.5419      1.000     9.5418    21.9649     6.3931     9.1364     96.141    279.381    285.517    0.00257    6.64974    9.50314  290.59448     9.5418   15.04328 2.7024e+01     1.0450     0.4638 0.0000e+00
        355 267.644115    0.02459     1.4756     88.538      2.019  45323.152    28.5196     9.5402      2.000     9.5383    21.9682     6.3981     9.1435     96.215    279.598    285.739    0.00185    6.64983    9.50327  290.59731     9.5400   15.04340 3.0341e+01     1.1009     0.4544 0.0000e+00
        362 267.644135    0.02507     1.5039     90.234      3.028  45356.745    28.5416     9.5320      3.000     9.5290    21.9867     6.4000     9.1462     96.239    279.675    285.824    0.00108    6.65010    9.50366  290.60424     9.5317   15.04364 4.9823e+01     1.3029     0.4471 0.0000e+00
        369 267.644155    0.02556     1.5334     92.002      4.037  45382.522    28.5582     9.5246      4.000     9.5217    22.0008     6.4086     9.1585     96.363    280.045    286.206    0.00118    6.65047    9.50419  290.61633     9.5242   15.04415 7.7295e+01     1.4968     0.4569 0.0000e+00
        375 267.644172    0.02595     1.5574     93.446      5.047  45435.339    28.5936     9.5160      5.000     9.5151    22.0297     6.4127     9.1644     96.428    280.218    286.391    0.00102    6.65024    9.50386  290.59805     9.5154   15.04313 8.0565e+01     1.5586     0.4814 0.0000e+00
        380 267.644188    0.02634     1.5802     94.810      6.057  45668.337    28.7577     9.5343      6.000     9.5836    22.1549     6.4113     9.1624     96.548    280.122    286.328    0.00121    6.64059    9.49007  290.14089     9.5337   15.02060 7.8426e+01     1.6653     0.4832 0.0000e+00
        385 267.644200    0.02665     1.5990     95.940      7.066  46439.391    29.3183     9.7253      7.000     9.8978    22.5624     6.3911     9.1336     97.001    279.129    285.427    0.00326    6.58900    9.41634  287.77260     9.7245   14.90508 6.3989e+01     1.7391     0.5058 0.0000e+00
        389 267.644213    0.02695     1.6170     97.020      8.076  47139.482    29.8507    10.0860      8.000    10.2026    22.9203     6.3810     9.1191     97.953    278.590    284.975    0.00827    6.51456    9.30996  284.42149    10.0851   14.74266 5.5071e+01     1.8323     0.4851 0.0000e+00
        394 267.644226    0.02727     1.6361     98.165      9.085  47387.732    30.0493    10.2976      9.000    10.3312    23.0411     6.3020     9.0062     97.311    275.111    281.449    0.00302    6.47607    9.25495  282.70738    10.2966   14.65986 4.4785e+01     1.9702     0.4411 0.0000e+00
        398 267.644240    0.02758     1.6550     99.301     10.094  47605.922    30.2099    10.3619     10.000    10.3847    23.1555     6.1289     8.7587     94.867    267.521    273.715   -0.01291    6.46034    9.23247  281.98924    10.3608   14.62485 3.7300e+01     1.9007     0.4005 0.0000e+00
        402 267.644251    0.02787     1.6722    100.329     11.104  47850.503    30.3874    10.4123     11.000    10.4308    23.2855     6.0205     8.6040     93.400    262.761    268.879   -0.01887    6.44594    9.21189  281.32496    10.4111   14.59235 3.0527e+01     1.8387     0.3845 0.0000e+00
        406 267.644263    0.02814     1.6883    101.296     12.113  48087.987    30.5579    10.4432     12.000    10.4446    23.4132     5.9777     8.5427     92.899    260.856    266.964   -0.01684    6.43460    9.19569  280.79510    10.4418   14.56630 2.4633e+01     1.7444     0.3788 0.0000e+00
        410 267.644275    0.02841     1.7050    102.298     13.123  48255.941    30.6753    10.4387     13.000    10.4234    23.5054     5.9311     8.4762     92.236    258.802    264.886   -0.01552    6.43040    9.18969  280.58661    10.4372   14.55585 2.0433e+01     1.4839     0.3690 0.0000e+00
        414 267.644286    0.02871     1.7225    103.351     14.133  48347.665    30.7360    10.4087     14.000    10.3929    23.5577     5.8353     8.3392     90.722    254.607    260.605   -0.01972    6.43210    9.19211  280.64606    10.4071   14.55844 1.7467e+01     1.1109     0.3648 0.0000e+00
        419 267.644299    0.02901     1.7403    104.419     15.142  48375.065    30.7511    10.3767     15.000    10.3569    23.5748     5.7180     8.1717     88.846    249.486    255.368   -0.02532    6.43596    9.19762  280.80981    10.3751   14.56622 1.4886e+01     0.8416     0.4017 0.0000e+00
        423 267.644311    0.02930     1.7583    105.495     16.152  48409.190    30.7703    10.3391     16.000    10.3229    23.5960     5.6171     8.0274     87.216    245.077    250.860   -0.02746    6.44044    9.20404  280.99964    10.3373   14.57523 1.2571e+01     0.6973     0.4294 0.0000e+00
        427 267.644324    0.02960     1.7759    106.557     17.161  48469.447    30.8087    10.3091     17.000    10.2901    23.6309     5.5202     7.8889     85.677    240.841    246.532   -0.02840    6.44307    9.20778  281.10454    10.3072   14.58009 1.0757e+01     0.6139     0.4367 0.0000e+00
        432 267.644336    0.02991     1.7948    107.686     18.171  48552.132    30.8618    10.2691     18.000    10.2482    23.6789     5.4483     7.7862     84.516    237.693    243.322   -0.02656    6.44650    9.21269  281.24124    10.2670   14.58642 9.1996e+00     0.5677     0.4614 0.0000e+00
        436 267.644350    0.03023     1.8136    108.816     19.180  48628.051    30.9096    10.2253     19.000    10.2055    23.7234     5.4232     7.7503     84.072    236.588    242.201   -0.02074    6.45068    9.21866  281.41121    10.2232   14.59436 7.8418e+00     0.5116     0.4862 0.0000e+00
        441 267.644362    0.03053     1.8318    109.908     20.190  48673.101    30.9370    10.1924     20.000    10.1818    23.7501     5.4197     7.7453     83.972    236.430    242.045   -0.01470    6.45418    9.22367  281.55686    10.1902   14.60122 6.7122e+00     0.4586     0.4828 0.0000e+00
        445 267.644375    0.03083     1.8499    110.996     21.199  48691.873    30.9474    10.1725     21.000    10.1558    23.7615     5.4192     7.7446     83.934    236.405    242.023   -0.01030    6.45655    9.22706  281.65716    10.1703   14.60598 5.7626e+00     0.4171     0.4797 0.0000e+00
        450 267.644389    0.03116     1.8698    112.185     22.208  48731.172    30.9692    10.1279     22.000    10.0997    23.7858     5.4076     7.7280     83.684    235.894    241.505   -0.00820    6.46196    9.23478  281.88614    10.1254   14.61685 4.9231e+00     0.3916     0.5096 0.0000e+00
        454 267.644402    0.03149     1.8895    113.370     23.219  48793.446    31.0051    10.0675     23.000    10.0419    23.8237     5.3814     7.6906     83.188    234.743    240.335   -0.00841    6.46900    9.24485  282.18285    10.0649   14.63090 4.2036e+00     0.3764     0.5205 0.0000e+00
        459 267.644415    0.03179     1.9071    114.426     24.228  48844.750    31.0352    10.0223     24.000    10.0047    23.8546     5.3578     7.6568     82.757    233.703    239.278   -0.00857    6.47415    9.25220  282.39867    10.0197   14.64110 3.6061e+00     0.3647     0.5082 0.0000e+00
        463 267.644426    0.03206     1.9237    115.422     25.237  48870.440    31.0496     9.9954     25.000     9.9804    23.8701     5.3338     7.6226     82.346    232.654    238.208   -0.00858    6.47736    9.25680  282.53489     9.9927   14.64756 3.0773e+00     0.3504     0.5582 0.0000e+00
        467 267.644438    0.03233     1.9396    116.376     26.247  48889.647    31.0599     9.9731     26.000     9.9620    23.8818     5.3064     7.5833     81.887    231.454    236.982   -0.00902    6.48009    9.26070  282.65085     9.9703   14.65306 2.5943e+00     0.3492     0.6528 0.0000e+00
        470 267.644448    0.03260     1.9558    117.349     27.256  48901.850    31.0663     9.9594     27.000     9.9506    23.8891     5.2752     7.5388     81.385    230.092    235.589   -0.00958    6.48177    9.26309  282.72182     9.9565   14.65643 2.1612e+00     0.3504     0.7695 0.0000e+00
        474 267.644460    0.03288     1.9728    118.368     28.267  48907.878    31.0684     9.9457     28.000     9.9330    23.8930     5.2405     7.4892     80.827    228.579    234.040   -0.01016    6.48364    9.26577  282.80222     9.9426   14.66027 1.7583e+00     0.3308     0.9245 0.0000e+00
        479 267.644472    0.03316     1.9897    119.381     29.276  48920.053    31.0741     9.9266     29.000     9.9164    23.9006     5.2057     7.4395     80.259    227.061    232.487   -0.01070    6.48612    9.26931  282.90828     9.9234   14.66532 1.3895e+00     0.3132     1.1418 0.0000e+00
        483 267.644484    0.03344     2.0068    120.405     30.285  48930.349    31.0796     9.9153     30.000     9.9101    23.9067     5.1781     7.4000     79.817    225.854    231.254   -0.01036    6.48749    9.27127  282.96644     9.9120   14.66809 1.0768e+00     0.3067     1.3223 0.0000e+00
        488 267.644498    0.03379     2.0274    121.645     31.295  48933.922    31.0813     9.9127     31.000     9.9093    23.9085     5.1619     7.3769     79.563    225.146    230.530   -0.00844    6.48779    9.27171  282.97923     9.9093   14.66869 8.3664e-01     0.3086     1.3790 0.0000e+00
