CTD-processing/allCTD/CNV/2015_04-13_t7_s07_cast062_5028.cnv
* Sea-Bird SBE19plus Data File:
* FileName = C:\Users\kris.holderied\Documents\kasitsna\Research-Projects-and-Data\Oceanography-AK\CTD-Data-ALL-to-2015-04\2015-CTD-KachemakBay-CookInlet\2015-04-EVOSTC-CookInlet-quarterly\2015-04-13-CookInlet-Tran7-Augustine\2015_04_13_CookInlet_Tran7_cast062.hex
* Software Version 1.59
* Temperature SN =  5028
* Conductivity SN =  5028
* System UpLoad Time = Apr 28 2015 15:20:55
** Cook Inlet LTM Tran7 (Augustine) West to East
** Date: 04-13
** Station: 7-07
** Start time (AKDT): 03:14
** Depth (m): 59
** Comment:  KBL CTD.
** Comment: On R/V Pandalus.
# nquan = 27
# nvalues = 58                          
# units = specified
# name 0 = scan: Scan Count
# name 1 = timeJ: Julian Days
# name 2 = timeH: Time, Elapsed [hours]
# name 3 = timeM: Time, Elapsed [minutes]
# name 4 = timeS: Time, Elapsed [seconds]
# name 5 = prdM: Pressure, Strain Gauge [db]
# name 6 = specc: Specific Conductance [uS/cm]
# name 7 = sal00: Salinity, Practical [PSU]
# name 8 = tv290C: Temperature [ITS-90, deg C]
# name 9 = depSM: Depth [salt water, m], lat = 59.00
# name 10 = potemp090C: Potential Temperature [ITS-90, deg C]
# name 11 = sigma-é00: Density [sigma-theta, kg/m^3]
# name 12 = sbeox0ML/L: Oxygen, SBE 43 [ml/l]
# name 13 = sbeox0Mg/L: Oxygen, SBE 43 [mg/l]
# name 14 = sbeox0PS: Oxygen, SBE 43 [% saturation]
# name 15 = sbox0Mm/Kg: Oxygen, SBE 43 [umol/kg]
# name 16 = sbeox0Mm/L: Oxygen, SBE 43 [umol/l]
# name 17 = sbox0dV/dT: Oxygen, SBE 43 [dov/dt]
# name 18 = oxsolML/L: Oxygen Saturation, Garcia & Gordon [ml/l]
# name 19 = oxsolMg/L: Oxygen Saturation, Garcia & Gordon [mg/l]
# name 20 = oxsolMm/Kg: Oxygen Saturation, Garcia & Gordon [umol/kg]
# name 21 = potemp090C: Potential Temperature [ITS-90, deg C]
# name 22 = n2satMg/L: Nitrogen Saturation [mg/l]
# name 23 = par: PAR/Irradiance, Biospherical/Licor
# name 24 = flECO-AFL: Fluorescence, WET Labs ECO-AFL/FL [mg/m^3]
# name 25 = turbWETntu0: Turbidity, WET Labs ECO [NTU]
# name 26 = flag: flag
# span 0 =        284,        577       
# span 1 = 103.135599, 103.136446       
# span 2 =    0.01966,    0.03998       
# span 3 =     1.1796,     2.3986       
# span 4 =     70.775,    143.919       
# span 5 =      1.009,     58.555       
# span 6 =  50101.358,  50945.367       
# span 7 =    30.9435,    31.6592       
# span 8 =     4.1609,     5.4009       
# span 9 =      1.000,     58.000       
# span 10 =     4.2611,     5.3968      
# span 11 =    24.5403,    25.0215      
# span 12 =     6.6539,     6.9127      
# span 13 =     9.5092,     9.8790      
# span 14 =     89.718,     95.742      
# span 15 =    290.066,    301.243      
# span 16 =    297.165,    308.722      
# span 17 =   -0.00317,    0.00706      
# span 18 =    7.16435,    7.42220      
# span 19 =   10.23857,   10.60706      
# span 20 =  312.16072,  323.56797      
# span 21 =     4.1609,     5.3966      
# span 22 =   16.05897,   16.60434      
# span 23 = 3.7817e-02, 4.1602e-02      
# span 24 =     0.3348,     0.4310      
# span 25 =     0.4137,     1.1550      
# span 26 = 0.0000e+00, 0.0000e+00      
# interval = meters: 1                  
# start_time = Apr 13 2015 03:14:05 [Instrument's time stamp, header]
# bad_flag = -9.990e-29
*END*
        284 103.135599    0.01966     1.1796     70.775      1.009  50101.358    30.9435     4.1609      1.000     4.2611    24.5403     6.6539     9.5092     89.718    290.066    297.165    0.00045    7.42220   10.60706  323.56797     4.1609   16.60434 4.1602e-02     0.3348     1.1550 0.0000e+00
        400 103.135933    0.02768     1.6609     99.656      2.019  50655.491    31.3329     4.3914      2.000     4.3893    24.8324     6.9048     9.8676     93.863    300.893    308.366    0.00051    7.35564   10.51196  320.54094     4.3913   16.45915 3.7817e-02     0.4050     0.9129 0.0000e+00
        395 103.135920    0.02737     1.6421     98.525      3.029  50616.153    31.3064     4.3838      3.000     4.3876    24.8118     6.8936     9.8517     93.679    300.415    307.868    0.00079    7.35873   10.51636  320.68418     4.3836   16.46604 3.7993e-02     0.4016     0.9461 0.0000e+00
        398 103.135929    0.02756     1.6537     99.220      4.038  50612.164    31.3044     4.3888      4.000     4.3905    24.8097     6.8994     9.8600     93.768    300.669    308.129    0.00110    7.35793   10.51522  320.65008     4.3885   16.46443 3.7981e-02     0.4014     0.9534 0.0000e+00
        401 103.135937    0.02775     1.6652     99.909      5.048  50611.241    31.3039     4.3915      5.000     4.3927    24.8090     6.9022     9.8640     93.813    300.792    308.255    0.00113    7.35749   10.51459  320.63104     4.3911   16.46353 3.7977e-02     0.4002     0.9612 0.0000e+00
        403 103.135944    0.02794     1.6764    100.584      6.057  50611.082    31.3037     4.3936      6.000     4.3943    24.8088     6.9030     9.8650     93.827    300.822    308.286    0.00093    7.35711   10.51404  320.61438     4.3932   16.46274 3.7976e-02     0.3955     0.9647 0.0000e+00
        406 103.135952    0.02812     1.6873    101.239      7.066  50609.285    31.3022     4.3948      7.000     4.3941    24.8075     6.9025     9.8644     93.823    300.804    308.266    0.00070    7.35698   10.51386  320.60926     4.3943   16.46250 3.7976e-02     0.3825     0.9606 0.0000e+00
        409 103.135960    0.02830     1.6980    101.879      8.076  50609.759    31.3019     4.3944      8.000     4.3934    24.8072     6.9015     9.8630     93.808    300.762    308.223    0.00044    7.35705   10.51396  320.61233     4.3939   16.46265 3.7976e-02     0.3795     0.9720 0.0000e+00
        411 103.135966    0.02847     1.7085    102.512      9.085  50611.220    31.3024     4.3939      9.000     4.3929    24.8076     6.9013     9.8626     93.804    300.750    308.211    0.00024    7.35713   10.51408  320.61594     4.3933   16.46282 3.7976e-02     0.3912     0.9953 0.0000e+00
        414 103.135974    0.02866     1.7194    103.167     10.094  50612.345    31.3026     4.3936     10.000     4.3927    24.8079     6.9032     9.8654     93.831    300.837    308.300    0.00026    7.35717   10.51414  320.61756     4.3929   16.46289 3.7976e-02     0.3934     0.9805 0.0000e+00
        416 103.135982    0.02885     1.7311    103.863     11.104  50613.273    31.3026     4.3935     11.000     4.3927    24.8079     6.9056     9.8687     93.861    300.937    308.402    0.00033    7.35720   10.51417  320.61860     4.3927   16.46294 3.7976e-02     0.3969     0.9584 0.0000e+00
        420 103.135991    0.02907     1.7441    104.649     12.113  50614.405    31.3030     4.3936     12.000     4.3930    24.8082     6.9051     9.8681     93.856    300.917    308.381    0.00020    7.35716   10.51412  320.61681     4.3928   16.46286 3.7976e-02     0.4083     0.9485 0.0000e+00
        423 103.136001    0.02930     1.7579    105.475     13.123  50615.056    31.3030     4.3941     13.000     4.3935    24.8082     6.9047     9.8675     93.851    300.900    308.364    0.00004    7.35707   10.51399  320.61286     4.3932   16.46267 3.7976e-02     0.4107     0.9531 0.0000e+00
        426 103.136010    0.02951     1.7708    106.249     14.133  50616.938    31.3040     4.3947     14.000     4.3948    24.8088     6.9046     9.8673     93.851    300.894    308.358   -0.00001    7.35692   10.51377  320.60607     4.3938   16.46234 3.7976e-02     0.4058     0.9699 0.0000e+00
        429 103.136018    0.02971     1.7829    106.972     15.142  50621.880    31.3073     4.3968     15.000     4.3999    24.8113     6.9016     9.8630     93.818    300.761    308.223   -0.00023    7.35637   10.51298  320.58136     4.3958   16.46115 3.7976e-02     0.4013     0.9751 0.0000e+00
        432 103.136026    0.02991     1.7948    107.689     16.151  50634.324    31.3170     4.4044     16.000     4.4149    24.8182     6.8997     9.8604     93.816    300.679    308.141   -0.00032    7.35454   10.51036  320.49922     4.4033   16.45721 3.7976e-02     0.4006     0.9655 0.0000e+00
        435 103.136035    0.03012     1.8070    108.422     17.161  50641.494    31.3256     4.4229     17.000     4.4368    24.8232     6.9020     9.8637     93.895    300.778    308.244    0.00006    7.35081   10.50504  320.33526     4.4218   16.44938 3.7976e-02     0.4030     0.9555 0.0000e+00
        438 103.136044    0.03033     1.8198    109.191     18.171  50640.948    31.3299     4.4459     18.000     4.4584    24.8244     6.9078     9.8719     94.028    301.029    308.501    0.00072    7.34652   10.49891  320.14796     4.4447   16.44045 3.7976e-02     0.4139     0.9530 0.0000e+00
        441 103.136053    0.03056     1.8333    109.996     19.180  50638.759    31.3329     4.4674     19.000     4.4776    24.8245     6.9127     9.8790     94.146    301.243    308.722    0.00120    7.34253   10.49321  319.97433     4.4662   16.43218 3.7976e-02     0.4257     0.9556 0.0000e+00
        444 103.136063    0.03078     1.8469    110.815     20.190  50644.715    31.3407     4.4862     20.000     4.4984    24.8288     6.9126     9.8789     94.193    301.240    308.720    0.00121    7.33882   10.48791  319.81136     4.4849   16.42439 3.7976e-02     0.4301     0.9561 0.0000e+00
        448 103.136072    0.03101     1.8608    111.646     21.199  50664.542    31.3594     4.5113     21.000     4.5317    24.8411     6.9077     9.8718     94.195    301.020    308.497    0.00090    7.33344   10.48022  319.57298     4.5100   16.41297 3.7976e-02     0.4266     0.9470 0.0000e+00
        451 103.136082    0.03124     1.8744    112.463     22.209  50708.382    31.3979     4.5518     22.000     4.5912    24.8676     6.9050     9.8680     94.275    300.896    308.378    0.00104    7.32441   10.46731  319.17108     4.5503   16.39369 3.7976e-02     0.4298     0.9320 0.0000e+00
        454 103.136091    0.03145     1.8869    113.214     23.219  50795.273    31.4723     4.6209     23.000     4.6993    24.9195     6.9044     9.8671     94.471    300.854    308.351    0.00182    7.30858   10.44469  318.46538     4.6193   16.35981 3.7976e-02     0.4310     0.9417 0.0000e+00
        457 103.136099    0.03165     1.8987    113.924     24.229  50920.526    31.5856     4.7474     24.000     4.8675    24.9961     6.9034     9.8655     94.816    300.784    308.302    0.00330    7.28087   10.40510  317.23423     4.7457   16.30076 3.7976e-02     0.4246     0.8976 0.0000e+00
        460 103.136107    0.03185     1.9111    114.666     25.238  50945.367    31.6418     4.9284     25.000     5.0349    25.0215     6.9089     9.8735     95.342    301.019    308.552    0.00559    7.24657   10.35607  315.73157     4.9266   16.22902 3.7976e-02     0.4120     0.7839 0.0000e+00
        463 103.136117    0.03208     1.9247    115.482     26.246  50891.999    31.6406     5.0941     26.000     5.1561    25.0027     6.9105     9.8758     95.742    301.095    308.623    0.00706    7.21787   10.31507  314.48738     5.0922   16.16980 3.7976e-02     0.4021     0.6506 0.0000e+00
        466 103.136127    0.03232     1.9390    116.341     27.256  50851.438    31.6327     5.1895     27.000     5.2234    24.9860     6.8779     9.8292     95.502    299.679    307.166    0.00457    7.20180   10.29210  313.79207     5.1875   16.13674 3.7976e-02     0.4014     0.5494 0.0000e+00
        470 103.136136    0.03255     1.9531    117.186     28.266  50841.027    31.6369     5.2456     28.000     5.2693    24.9833     6.8317     9.7632     94.991    297.668    305.104    0.00070    7.19194   10.27801  313.36349     5.2436   16.11632 3.7976e-02     0.3944     0.4989 0.0000e+00
        473 103.136146    0.03279     1.9670    118.023     29.276  50838.837    31.6438     5.2876     29.000     5.3050    24.9840     6.7960     9.7122     94.593    296.112    303.510   -0.00180    7.18444   10.26728  313.03599     5.2854   16.10070 3.7976e-02     0.3856     0.4812 0.0000e+00
        476 103.136156    0.03301     1.9805    118.829     30.285  50825.772    31.6404     5.3167     30.000     5.3246    24.9781     6.7746     9.6815     94.359    295.180    302.553   -0.00282    7.17961   10.26038  312.82745     5.3145   16.09078 3.7976e-02     0.3784     0.4709 0.0000e+00
        479 103.136164    0.03322     1.9930    119.581     31.295  50821.231    31.6398     5.3307     31.000     5.3349    24.9760     6.7617     9.6631     94.210    294.618    301.977   -0.00316    7.17725   10.25701  312.72540     5.3284   16.08593 3.7976e-02     0.3635     0.4534 0.0000e+00
        482 103.136173    0.03342     2.0052    120.311     32.305  50823.419    31.6427     5.3402     32.000     5.3446    24.9773     6.7531     9.6509     94.114    294.245    301.595   -0.00317    7.17548   10.25449  312.64824     5.3378   16.08224 3.7976e-02     0.3556     0.4525 0.0000e+00
        485 103.136181    0.03363     2.0179    121.072     33.315  50826.338    31.6465     5.3508     33.000     5.3549    24.9792     6.7481     9.6438     94.070    294.027    301.371   -0.00286    7.17349   10.25164  312.56081     5.3484   16.07806 3.7976e-02     0.3585     0.4505 0.0000e+00
        489 103.136191    0.03386     2.0317    121.900     34.324  50823.431    31.6460     5.3605     34.000     5.3614    24.9777     6.7449     9.6391     94.046    293.886    301.227   -0.00242    7.17188   10.24933  312.49073     5.3579   16.07472 3.7976e-02     0.3767     0.4360 0.0000e+00
        492 103.136201    0.03411     2.0462    122.770     35.333  50822.034    31.6456     5.3657     35.000     5.3648    24.9768     6.7446     9.6387     94.053    293.873    301.213   -0.00192    7.17100   10.24808  312.45283     5.3631   16.07293 3.7976e-02     0.3688     0.4406 0.0000e+00
        496 103.136211    0.03434     2.0605    123.631     36.343  50823.164    31.6466     5.3687     36.000     5.3676    24.9773     6.7442     9.6381     94.056    293.856    301.196   -0.00150    7.17044   10.24727  312.42798     5.3660   16.07174 3.7976e-02     0.3628     0.4332 0.0000e+00
        499 103.136221    0.03457     2.0744    124.466     37.352  50824.947    31.6478     5.3714     37.000     5.3705    24.9780     6.7410     9.6336     94.019    293.719    301.055   -0.00142    7.16991   10.24651  312.40476     5.3687   16.07063 3.7976e-02     0.3609     0.4309 0.0000e+00
        502 103.136230    0.03480     2.0882    125.290     38.362  50826.538    31.6491     5.3747     38.000     5.3736    24.9786     6.7372     9.6282     93.973    293.554    300.886   -0.00143    7.16930   10.24565  312.37818     5.3718   16.06935 3.7976e-02     0.3567     0.4259 0.0000e+00
        505 103.136239    0.03503     2.1016    126.093     39.372  50826.135    31.6489     5.3774     39.000     5.3755    24.9782     6.7365     9.6271     93.969    293.520    300.852   -0.00125    7.16884   10.24499  312.35843     5.3745   16.06842 3.7976e-02     0.3546     0.4147 0.0000e+00
        509 103.136249    0.03525     2.1150    126.898     40.381  50826.725    31.6492     5.3789     40.000     5.3766    24.9782     6.7375     9.6286     93.986    293.565    300.897   -0.00095    7.16858   10.24462  312.34682     5.3759   16.06786 3.7976e-02     0.3603     0.4167 0.0000e+00
        512 103.136259    0.03549     2.1291    127.745     41.391  50828.110    31.6499     5.3801     41.000     5.3778    24.9786     6.7400     9.6321     94.025    293.674    301.009   -0.00061    7.16833   10.24427  312.33620     5.3770   16.06735 3.7976e-02     0.3729     0.4281 0.0000e+00
        516 103.136269    0.03573     2.1438    128.627     42.401  50829.274    31.6505     5.3815     42.000     5.3790    24.9790     6.7421     9.6352     94.058    293.766    301.104   -0.00033    7.16808   10.24390  312.32491     5.3783   16.06681 3.7976e-02     0.3808     0.4256 0.0000e+00
        519 103.136279    0.03597     2.1585    129.508     43.410  50829.811    31.6506     5.3826     43.000     5.3797    24.9789     6.7428     9.6361     94.070    293.795    301.134   -0.00025    7.16789   10.24362  312.31641     5.3794   16.06641 3.7976e-02     0.3758     0.4289 0.0000e+00
        523 103.136289    0.03622     2.1733    130.396     44.420  50830.691    31.6509     5.3833     44.000     5.3803    24.9791     6.7435     9.6372     94.082    293.827    301.166   -0.00019    7.16775   10.24343  312.31056     5.3800   16.06613 3.7976e-02     0.3646     0.4336 0.0000e+00
        526 103.136300    0.03648     2.1885    131.310     45.430  50832.021    31.6515     5.3841     45.000     5.3813    24.9795     6.7442     9.6381     94.093    293.854    301.195   -0.00016    7.16758   10.24319  312.30307     5.3807   16.06577 3.7976e-02     0.3650     0.4324 0.0000e+00
        530 103.136311    0.03673     2.2038    132.229     46.439  50833.559    31.6523     5.3854     46.000     5.3827    24.9800     6.7450     9.6393     94.107    293.890    301.231   -0.00010    7.16733   10.24283  312.29190     5.3819   16.06524 3.7976e-02     0.3764     0.4319 0.0000e+00
        534 103.136321    0.03698     2.2191    133.148     47.449  50835.101    31.6532     5.3870     47.000     5.3843    24.9806     6.7431     9.6366     94.085    293.808    301.147   -0.00022    7.16701   10.24237  312.27783     5.3834   16.06456 3.7976e-02     0.3861     0.4250 0.0000e+00
        537 103.136332    0.03724     2.2345    134.069     48.458  50836.586    31.6541     5.3886     48.000     5.3860    24.9811     6.7398     9.6318     94.043    293.663    300.999   -0.00049    7.16668   10.24191  312.26355     5.3850   16.06387 3.7976e-02     0.3829     0.4137 0.0000e+00
        541 103.136343    0.03750     2.2499    134.995     49.468  50838.606    31.6554     5.3905     49.000     5.3880    24.9819     6.7402     9.6325     94.054    293.682    301.018   -0.00039    7.16630   10.24136  312.24658     5.3868   16.06307 3.7976e-02     0.3794     0.4229 0.0000e+00
        545 103.136353    0.03776     2.2656    135.938     50.478  50839.602    31.6560     5.3928     50.000     5.3898    24.9821     6.7422     9.6353     94.088    293.769    301.108   -0.00018    7.16590   10.24078  312.22857     5.3890   16.06220 3.7976e-02     0.3814     0.4403 0.0000e+00
        549 103.136365    0.03802     2.2813    136.876     51.488  50839.782    31.6559     5.3941     51.000     5.3906    24.9819     6.7431     9.6366     94.103    293.807    301.147   -0.00011    7.16567   10.24046  312.21892     5.3903   16.06175 3.7976e-02     0.3826     0.4712 0.0000e+00
        552 103.136375    0.03827     2.2966    137.794     52.498  50840.758    31.6563     5.3949     52.000     5.3914    24.9821     6.7441     9.6380     94.119    293.850    301.192   -0.00007    7.16551   10.24023  312.21190     5.3910   16.06141 3.7976e-02     0.3788     0.4398 0.0000e+00
        556 103.136386    0.03853     2.3119    138.715     53.508  50841.632    31.6566     5.3958     53.000     5.3922    24.9823     6.7452     9.6396     94.137    293.900    301.243   -0.00001    7.16535   10.24000  312.20492     5.3918   16.06107 3.7976e-02     0.3781     0.4282 0.0000e+00
