CTD-processing/allCTD/CNV/2015_02-23_t6_s22_cast225_4141.cnv
* Sea-Bird SBE19plus Data File:
* FileName = C:\Users\amdoroff\Desktop\2015_02_23_CookInlet_Tran6_Douglas\2015_02_23_CookInlet_Tran6_cast225.hex
* Software Version 1.59
* Temperature SN =  4141
* Conductivity SN =  4141
* System UpLoad Time = Feb 24 2015 01:30:26
** Cook Inlet LTM Tran6 Douglas W to E
** Date 02-23
** Station: 6-22
** Start Time (AKST): 17:14
** Depth (m): 167
** Comment:
** Comment: On R/V Pandalus. Transect crossed 23-24 Feb.
# nquan = 27
# nvalues = 165                         
# units = specified
# name 0 = scan: Scan Count
# name 1 = timeJ: Julian Days
# name 2 = timeH: Time, Elapsed [hours]
# name 3 = timeM: Time, Elapsed [minutes]
# name 4 = timeS: Time, Elapsed [seconds]
# name 5 = prdM: Pressure, Strain Gauge [db]
# name 6 = specc: Specific Conductance [uS/cm]
# name 7 = sal00: Salinity, Practical [PSU]
# name 8 = tv290C: Temperature [ITS-90, deg C]
# name 9 = depSM: Depth [salt water, m], lat = 59.00
# name 10 = potemp090C: Potential Temperature [ITS-90, deg C]
# name 11 = sigma-é00: Density [sigma-theta, kg/m^3]
# name 12 = sbeox0ML/L: Oxygen, SBE 43 [ml/l]
# name 13 = sbeox0Mg/L: Oxygen, SBE 43 [mg/l]
# name 14 = sbeox0PS: Oxygen, SBE 43 [% saturation]
# name 15 = sbox0Mm/Kg: Oxygen, SBE 43 [umol/kg]
# name 16 = sbeox0Mm/L: Oxygen, SBE 43 [umol/l]
# name 17 = sbox0dV/dT: Oxygen, SBE 43 [dov/dt]
# name 18 = oxsolML/L: Oxygen Saturation, Garcia & Gordon [ml/l]
# name 19 = oxsolMg/L: Oxygen Saturation, Garcia & Gordon [mg/l]
# name 20 = oxsolMm/Kg: Oxygen Saturation, Garcia & Gordon [umol/kg]
# name 21 = n2satMg/L: Nitrogen Saturation [mg/l]
# name 22 = par: PAR/Irradiance, Biospherical/Licor
# name 23 = wetStar: Fluorescence, WET Labs WETstar [mg/m^3]
# name 24 = CStarAt0: Beam Attenuation, WET Labs C-Star [1/m]
# name 25 = CStarTr0: Beam Transmission, WET Labs C-Star [%]
# name 26 = flag: flag
# span 0 =         26,        917       
# span 1 =  54.718590,  54.721170       
# span 2 =    0.00171,    0.06364       
# span 3 =     0.1028,     3.8183       
# span 4 =      6.170,    229.098       
# span 5 =      0.973,    166.575       
# span 6 =  50112.998,  51265.511       
# span 7 =    31.3662,    32.1241       
# span 8 =     6.1937,     6.5516       
# span 9 =      1.000,    165.000       
# span 10 =     6.3201,     6.5449      
# span 11 =    24.6594,    25.2154      
# span 12 =     5.5803,     6.3885      
# span 13 =     7.9748,     9.1298      
# span 14 =     79.932,     91.415      
# span 15 =    243.130,    278.356      
# span 16 =    249.216,    285.310      
# span 17 =   -0.01119,    0.04256      
# span 18 =    6.95347,    7.04727      
# span 19 =    9.93721,   10.07125      
# span 20 =  302.90434,  307.17785      
# span 21 =   15.61601,   15.82279      
# span 22 = 3.6382e-02, 4.0000e+01      
# span 23 =     0.1341,     0.6815      
# span 24 =    -0.8910,     7.8047      
# span 25 =    36.7464,    98.9081      
# span 26 = 0.0000e+00, 0.0000e+00      
# interval = meters: 1                  
# start_time = Feb 23 2015 17:14:40 [Instrument's time stamp, header]
# bad_flag = -9.990e-29
*END*
[from data line 108]
        710  54.720570    0.04923     2.9538    177.230    110.054  51195.898    32.0993     6.5258    109.000     6.5163    25.1971     6.2487     8.9300     89.818    272.207    279.067   -0.00084    6.95707    9.94234  303.06610   15.62382 3.6382e-02     0.4887     0.4566    89.2121 0.0000e+00
        713  54.720578    0.04941     2.9648    177.890    111.053  51201.505    32.1027     6.5256    110.000     6.5159    25.1998     6.2511     8.9334     89.854    272.311    279.172   -0.00042    6.95694    9.94217  303.06022   15.62352 3.6382e-02     0.4928     0.4536    89.2791 0.0000e+00
        717  54.720590    0.04972     2.9831    178.984    112.072  51202.589    32.1027     6.5245    111.000     6.5144    25.2000     6.2521     8.9349     89.867    272.356    279.219   -0.00022    6.95712    9.94242  303.06773   15.62388 3.6382e-02     0.4917     0.4456    89.4591 0.0000e+00
        723  54.720608    0.05013     3.0080    180.480    113.100  51206.174    32.1045     6.5235    112.000     6.5147    25.2016     6.2452     8.9250     89.766    272.055    278.911   -0.00102    6.95720    9.94253  303.07072   15.62402 3.6382e-02     0.4965     0.4331    89.7372 0.0000e+00
        727  54.720618    0.05039     3.0230    181.379    114.104  51208.798    32.1063     6.5255    113.000     6.5173    25.2027     6.2428     8.9216     89.737    271.950    278.804   -0.00122    6.95680    9.94195  303.05273   15.62315 3.6382e-02     0.4961     0.4423    89.5331 0.0000e+00
        730  54.720627    0.05060     3.0355    182.128    115.108  51208.493    32.1060     6.5277    114.000     6.5186    25.2022     6.2478     8.9287     89.813    272.166    279.025   -0.00042    6.95645    9.94145  303.03762   15.62243 3.6382e-02     0.4863     0.4439    89.4983 0.0000e+00
        732  54.720635    0.05079     3.0478    182.866    116.116  51206.497    32.1043     6.5288    115.000     6.5180    25.2009     6.2466     8.9270     89.797    272.116    278.973   -0.00022    6.95636    9.94134  303.03457   15.62230 3.6382e-02     0.5049     0.4503    89.3505 0.0000e+00
        736  54.720644    0.05101     3.0608    183.645    117.124  51203.965    32.1018     6.5270    116.000     6.5148    25.1990     6.2410     8.9191     89.712    271.874    278.725   -0.00112    6.95676    9.94191  303.05240   15.62315 3.6382e-02     0.4879     0.4448    89.4764 0.0000e+00
        739  54.720654    0.05125     3.0751    184.507    118.133  51199.524    32.0973     6.5217    117.000     6.5068    25.1961     6.2429     8.9217     89.724    271.956    278.808   -0.00099    6.95782    9.94342  303.09928   15.62541 3.6382e-02     0.4916     0.4437    89.5006 0.0000e+00
        743  54.720666    0.05154     3.0920    185.521    119.145  51208.302    32.1016     6.5155    118.000     6.5047    25.2004     6.2458     8.9259     89.757    272.083    278.940   -0.00039    6.95862    9.94457  303.13314   15.62701 3.6382e-02     0.4935     0.4490    89.3814 0.0000e+00
        748  54.720679    0.05186     3.1114    186.686    120.159  51210.379    32.1023     6.5141    119.000     6.5034    25.2011     6.2465     8.9269     89.764    272.111    278.969   -0.00034    6.95883    9.94486  303.14179   15.62742 3.6382e-02     0.4940     0.4500    89.3594 0.0000e+00
        752  54.720692    0.05217     3.1304    187.821    121.171  51209.690    32.1011     6.5126    120.000     6.5010    25.2003     6.2484     8.9296     89.788    272.195    279.054   -0.00009    6.95911    9.94527  303.15444   15.62802 3.6382e-02     0.4786     0.4435    89.5045 0.0000e+00
        756  54.720703    0.05244     3.1465    188.789    122.183  51211.065    32.1012     6.5103    121.000     6.4992    25.2007     6.2500     8.9318     89.805    272.262    279.124   -0.00004    6.95947    9.94579  303.17005   15.62877 3.6382e-02     0.4834     0.4578    89.1847 0.0000e+00
        759  54.720713    0.05266     3.1598    189.589    123.192  51232.966    32.1160     6.5110    122.000     6.5079    25.2123     6.2497     8.9314     89.811    272.245    279.108   -0.00001    6.95870    9.94467  303.13251   15.62692 3.6382e-02     0.4882     0.4651    89.0228 0.0000e+00
        762  54.720721    0.05286     3.1715    190.289    124.200  51227.441    32.1136     6.5209    123.000     6.5131    25.2091     6.2449     8.9245     89.761    272.037    278.895   -0.00050    6.95721    9.94255  303.06886   15.62390 3.6382e-02     0.4746     0.4867    88.5431 0.0000e+00
        765  54.720729    0.05305     3.1831    190.987    125.198  51222.273    32.1101     6.5241    124.000     6.5134    25.2061     6.2423     8.9208     89.729    271.925    278.779   -0.00087    6.95684    9.94203  303.05395   15.62320 3.6382e-02     0.4840     0.4940    88.3814 0.0000e+00
        770  54.720742    0.05337     3.2022    192.130    126.210  51223.202    32.1102     6.5238    125.000     6.5131    25.2062     6.2397     8.9172     89.691    271.815    278.666   -0.00097    6.95689    9.94209  303.05568   15.62328 3.6382e-02     0.4789     0.4843    88.5985 0.0000e+00
        777  54.720764    0.05389     3.2332    193.995    127.243  51229.010    32.1138     6.5239    126.000     6.5158    25.2090     6.2379     8.9146     89.667    271.734    278.584   -0.00070    6.95671    9.94184  303.04722   15.62286 3.6382e-02     0.4803     0.4728    88.8508 0.0000e+00
        781  54.720775    0.05414     3.2485    194.909    128.249  51232.379    32.1172     6.5319    127.000     6.5233    25.2106     6.2385     8.9154     89.694    271.759    278.609   -0.00050    6.95527    9.93978  302.98406   15.61983 3.6382e-02     0.4666     0.4890    88.4920 0.0000e+00
        783  54.720782    0.05433     3.2593    195.560    129.250  51227.749    32.1139     6.5338    128.000     6.5228    25.2078     6.2400     8.9175     89.718    271.826    278.679   -0.00015    6.95511    9.93954  302.97751   15.61953 3.6382e-02     0.4628     0.5121    87.9833 0.0000e+00
        786  54.720790    0.05450     3.2701    196.208    130.257  51228.450    32.1139     6.5339    129.000     6.5227    25.2078     6.2354     8.9110     89.652    271.625    278.473   -0.00070    6.95510    9.93953  302.97727   15.61952 3.6382e-02     0.4681     0.5126    87.9722 0.0000e+00
        789  54.720798    0.05469     3.2813    196.878    131.262  51229.953    32.1144     6.5338    130.000     6.5230    25.2083     6.2300     8.9034     89.576    271.393    278.235   -0.00140    6.95507    9.93949  302.97583   15.61945 3.6382e-02     0.4740     0.5122    87.9803 0.0000e+00
        792  54.720806    0.05491     3.2945    197.670    132.270  51231.030    32.1148     6.5343    131.000     6.5233    25.2085     6.2304     8.9040     89.584    271.413    278.254   -0.00126    6.95497    9.93936  302.97184   15.61926 3.6382e-02     0.4793     0.5114    87.9992 0.0000e+00
        796  54.720819    0.05522     3.3129    198.775    133.285  51232.313    32.1154     6.5351    132.000     6.5240    25.2089     6.2302     8.9036     89.580    271.396    278.238   -0.00090    6.95483    9.93914  302.96511   15.61894 3.6382e-02     0.4881     0.5075    88.0844 0.0000e+00
        802  54.720836    0.05562     3.3369    200.217    134.300  51232.822    32.1153     6.5357    133.000     6.5246    25.2088     6.2259     8.8975     89.521    271.214    278.051   -0.00105    6.95473    9.93900  302.96089   15.61874 3.6382e-02     0.4876     0.4985    88.2829 0.0000e+00
        807  54.720851    0.05597     3.3586    201.514    135.318  51236.416    32.1176     6.5368    134.000     6.5262    25.2104     6.2237     8.8944     89.493    271.118    277.952   -0.00102    6.95446    9.93861  302.94845   15.61814 3.6382e-02     0.4812     0.5007    88.2355 0.0000e+00
        811  54.720861    0.05622     3.3730    202.378    136.326  51236.946    32.1179     6.5391    135.000     6.5284    25.2105     6.2234     8.8939     89.493    271.103    277.938   -0.00076    6.95406    9.93805  302.93127   15.61732 3.6382e-02     0.4740     0.5099    88.0321 0.0000e+00
        813  54.720869    0.05642     3.3849    203.093    137.332  51236.180    32.1171     6.5404    136.000     6.5291    25.2096     6.2177     8.8857     89.413    270.855    277.683   -0.00126    6.95389    9.93779  302.92377   15.61697 3.6382e-02     0.4742     0.5218    87.7700 0.0000e+00
        816  54.720877    0.05660     3.3959    203.752    138.337  51237.172    32.1175     6.5409    137.000     6.5295    25.2098     6.2213     8.8909     89.466    271.011    277.843   -0.00120    6.95378    9.93765  302.91949   15.61676 3.6382e-02     0.4702     0.5242    87.7195 0.0000e+00
        819  54.720885    0.05680     3.4077    204.461    139.340  51238.688    32.1182     6.5414    138.000     6.5298    25.2103     6.2290     8.9018     89.578    271.346    278.186    0.00020    6.95367    9.93748  302.91417   15.61650 3.6382e-02     0.4734     0.5213    87.7810 0.0000e+00
        823  54.720896    0.05707     3.4241    205.447    140.353  51239.706    32.1185     6.5417    139.000     6.5298    25.2105     6.2340     8.9090     89.651    271.563    278.409    0.00069    6.95361    9.93740  302.91164   15.61638 3.6382e-02     0.4695     0.5163    87.8913 0.0000e+00
        828  54.720912    0.05745     3.4473    206.835    141.375  51241.108    32.1189     6.5418    140.000     6.5298    25.2109     6.2113     8.8765     89.324    270.573    277.395   -0.00211    6.95358    9.93737  302.91031   15.61631 3.6382e-02     0.4762     0.5109    88.0112 0.0000e+00
        833  54.720925    0.05776     3.4652    207.914    142.391  51242.879    32.1197     6.5420    141.000     6.5297    25.2115     6.2188     8.8874     89.435    270.904    277.734   -0.00098    6.95352    9.93726  302.90718   15.61616 3.6382e-02     0.4634     0.5155    87.9103 0.0000e+00
        836  54.720934    0.05796     3.4774    208.644    143.398  51244.248    32.1201     6.5419    142.000     6.5295    25.2120     6.2321     8.9062     89.624    271.478    278.323    0.00062    6.95350    9.93725  302.90662   15.61613 3.6382e-02     0.4796     0.5246    87.7087 0.0000e+00
        838  54.720940    0.05813     3.4875    209.250    144.399  51244.472    32.1198     6.5417    143.000     6.5287    25.2117     6.2251     8.8963     89.524    271.175    278.012    0.00023    6.95355    9.93732  302.90873   15.61623 3.6382e-02     0.4661     0.5410    87.3518 0.0000e+00
        840  54.720947    0.05829     3.4978    209.867    145.399  51246.605    32.1206     6.5409    144.000     6.5281    25.2124     6.2234     8.8939     89.498    271.100    277.935   -0.00022    6.95363    9.93745  302.91242   15.61641 3.6382e-02     0.4821     0.5726    86.6636 0.0000e+00
        844  54.720958    0.05853     3.5121    210.725    146.407  51249.281    32.1220     6.5404    145.000     6.5277    25.2135     6.2139     8.8802     89.361    270.685    277.510   -0.00159    6.95366    9.93747  302.91286   15.61642 3.6382e-02     0.4652     0.5740    86.6326 0.0000e+00
        850  54.720975    0.05896     3.5372    212.233    147.438  51251.246    32.1228     6.5402    146.000     6.5277    25.2143     6.2153     8.8823     89.382    270.750    277.577   -0.00079    6.95366    9.93747  302.91278   15.61642 3.6382e-02     0.4709     0.5632    86.8664 0.0000e+00
        854  54.720988    0.05927     3.5561    213.365    148.451  51251.449    32.1226     6.5404    147.000     6.5277    25.2140     6.2087     8.8728     89.287    270.459    277.279   -0.00146    6.95363    9.93744  302.91181   15.61638 3.6382e-02     0.4611     0.5616    86.9012 0.0000e+00
        857  54.720996    0.05946     3.5681    214.085    149.452  51252.199    32.1226     6.5403    148.000     6.5274    25.2140     6.2127     8.8786     89.344    270.636    277.460   -0.00093    6.95366    9.93747  302.91268   15.61641 3.6382e-02     0.4649     0.5870    86.3524 0.0000e+00
        860  54.721005    0.05967     3.5801    214.809    150.455  51253.319    32.1228     6.5402    149.000     6.5273    25.2143     6.2223     8.8922     89.482    271.050    277.885    0.00040    6.95365    9.93747  302.91250   15.61641 3.6382e-02     0.4765     0.6076    85.9082 0.0000e+00
        864  54.721015    0.05990     3.5939    215.633    151.470  51253.984    32.1228     6.5401    150.000     6.5271    25.2143     6.2192     8.8879     89.437    270.919    277.750    0.00017    6.95368    9.93750  302.91341   15.61645 3.6382e-02     0.4561     0.6096    85.8629 0.0000e+00
        867  54.721024    0.06013     3.6079    216.475    152.483  51255.489    32.1234     6.5400    151.000     6.5271    25.2148     6.2141     8.8805     89.364    270.696    277.521   -0.00079    6.95366    9.93747  302.91264   15.61641 3.6382e-02     0.4686     0.6135    85.7813 0.0000e+00
        870  54.721033    0.06036     3.6212    217.272    153.489  51255.847    32.1231     6.5401    152.000     6.5270    25.2146     6.2161     8.8836     89.394    270.786    277.615   -0.00050    6.95365    9.93746  302.91217   15.61639 3.6382e-02     0.4653     0.6127    85.7983 0.0000e+00
        874  54.721043    0.06059     3.6355    218.128    154.496  51256.979    32.1235     6.5402    153.000     6.5272    25.2149     6.2161     8.8834     89.394    270.783    277.611   -0.00036    6.95362    9.93742  302.91099   15.61633 3.6382e-02     0.4614     0.6093    85.8711 0.0000e+00
        878  54.721055    0.06088     3.6531    219.189    155.511  51256.446    32.1227     6.5406    154.000     6.5275    25.2142     6.2129     8.8789     89.348    270.645    277.469   -0.00072    6.95360    9.93738  302.90990   15.61628 3.6382e-02     0.4640     0.6028    86.0104 0.0000e+00
        882  54.721068    0.06119     3.6714    220.285    156.529  51257.099    32.1227     6.5408    155.000     6.5275    25.2141     6.2095     8.8740     89.299    270.495    277.316   -0.00100    6.95356    9.93733  302.90845   15.61621 3.6382e-02     0.4639     0.5863    86.3660 0.0000e+00
        886  54.721078    0.06143     3.6856    221.139    157.540  51258.136    32.1230     6.5409    156.000     6.5275    25.2144     6.2077     8.8714     89.274    270.418    277.237   -0.00114    6.95355    9.93731  302.90763   15.61617 3.6382e-02     0.4730     0.5909    86.2675 0.0000e+00
        888  54.721086    0.06163     3.6974    221.847    158.541  51258.557    32.1229     6.5410    157.000     6.5274    25.2144     6.2162     8.8836     89.396    270.788    277.616   -0.00018    6.95353    9.93729  302.90706   15.61615 3.6382e-02     0.4605     0.5982    86.1100 0.0000e+00
        891  54.721095    0.06183     3.7099    222.593    159.538  51260.064    32.1234     6.5409    158.000     6.5271    25.2148     6.2251     8.8964     89.525    271.177    278.015    0.00113    6.95353    9.93728  302.90667   15.61613 3.6382e-02     0.4642     0.6070    85.9194 0.0000e+00
        896  54.721109    0.06218     3.7311    223.865    160.565  51260.465    32.1231     6.5407    159.000     6.5269    25.2146     6.2178     8.8858     89.419    270.857    277.686   -0.00004    6.95357    9.93735  302.90878   15.61623 3.6382e-02     0.4658     0.6144    85.7612 0.0000e+00
        901  54.721124    0.06253     3.7516    225.095    161.586  51262.192    32.1238     6.5407    160.000     6.5268    25.2151     6.2069     8.8703     89.262    270.383    277.201   -0.00167    6.95353    9.93729  302.90683   15.61613 3.6382e-02     0.4689     0.6247    85.5407 0.0000e+00
        904  54.721132    0.06273     3.7636    225.814    162.588  51263.313    32.1241     6.5407    161.000     6.5269    25.2154     6.2127     8.8785     89.346    270.634    277.458   -0.00073    6.95352    9.93727  302.90604   15.61609 3.6382e-02     0.4588     0.6390    85.2359 0.0000e+00
