CTD-processing/allCTD/CNV/2015_05-28_t9_s09_cast082_5028.cnv
* Sea-Bird SBE19plus Data File:
* FileName = C:\Users\Kris.Holderied\Documents\kasitsna\Research-KBL\Oceanography-AK\CTD-Data-ALL-to-2015-04\2015-CTD-KachemakBay-CookInlet\2015-05-28-CookInlet-HomerSpit-monthly\2015-05-28-CookInlet-Tran9-cast082.hex
* Software Version 1.59
* Temperature SN =  5028
* Conductivity SN =  5028
* System UpLoad Time = Jul 03 2015 22:27:12
** Cook Inlet LTM Tran 9 (Homer Spit) North to South
** Date: 05-28
** Station:  9-09
** Start time (AKDT): 13:21
** Depth (m): 78.6
** Comment:  R/V Barnacle
** Comment:
# nquan = 27
# nvalues = 74                          
# units = specified
# name 0 = scan: Scan Count
# name 1 = timeJ: Julian Days
# name 2 = timeH: Time, Elapsed [hours]
# name 3 = timeM: Time, Elapsed [minutes]
# name 4 = timeS: Time, Elapsed [seconds]
# name 5 = prdM: Pressure, Strain Gauge [db]
# name 6 = specc: Specific Conductance [uS/cm]
# name 7 = sal00: Salinity, Practical [PSU]
# name 8 = tv290C: Temperature [ITS-90, deg C]
# name 9 = depSM: Depth [salt water, m], lat = 59.00
# name 10 = potemp090C: Potential Temperature [ITS-90, deg C]
# name 11 = sigma-é00: Density [sigma-theta, kg/m^3]
# name 12 = sbeox0ML/L: Oxygen, SBE 43 [ml/l]
# name 13 = sbeox0Mg/L: Oxygen, SBE 43 [mg/l]
# name 14 = sbeox0PS: Oxygen, SBE 43 [% saturation]
# name 15 = sbox0Mm/Kg: Oxygen, SBE 43 [umol/kg]
# name 16 = sbeox0Mm/L: Oxygen, SBE 43 [umol/l]
# name 17 = sbox0dV/dT: Oxygen, SBE 43 [dov/dt]
# name 18 = oxsolML/L: Oxygen Saturation, Garcia & Gordon [ml/l]
# name 19 = oxsolMg/L: Oxygen Saturation, Garcia & Gordon [mg/l]
# name 20 = oxsolMm/Kg: Oxygen Saturation, Garcia & Gordon [umol/kg]
# name 21 = potemp090C: Potential Temperature [ITS-90, deg C]
# name 22 = n2satMg/L: Nitrogen Saturation [mg/l]
# name 23 = par: PAR/Irradiance, Biospherical/Licor
# name 24 = flECO-AFL: Fluorescence, WET Labs ECO-AFL/FL [mg/m^3]
# name 25 = turbWETntu0: Turbidity, WET Labs ECO [NTU]
# name 26 = flag: flag
# span 0 =        185,        606       
# span 1 = 148.556400, 148.557619       
# span 2 =    0.01278,    0.04202       
# span 3 =     0.7670,     2.5210       
# span 4 =     46.021,    151.263       
# span 5 =      1.009,     74.712       
# span 6 =  46625.984,  50317.229       
# span 7 =    29.4159,    31.4563       
# span 8 =     6.1424,     9.2955       
# span 9 =      1.000,     74.000       
# span 10 =     6.1383,     9.3093      
# span 11 =    22.7053,    24.7234      
# span 12 =     5.6686,     8.8577      
# span 13 =     8.1009,    12.6585      
# span 14 =     85.254,    127.244      
# span 15 =    247.548,    386.156      
# span 16 =    253.157,    395.584      
# span 17 =   -0.07911,    0.10129      
# span 18 =    6.62385,    7.05371      
# span 19 =    9.46614,   10.08045      
# span 20 =  289.08247,  307.43503      
# span 21 =     6.1378,     9.2954      
# span 22 =   14.96417,   15.83505      
# span 23 = 4.6112e-02, 1.1172e+03      
# span 24 =     0.0701,     9.1534      
# span 25 =     0.3824,     1.0822      
# span 26 = 0.0000e+00, 0.0000e+00      
# interval = meters: 1                  
# start_time = May 28 2015 13:20:27 [Instrument's time stamp, header]
# bad_flag = -9.990e-29
*END*
        185 148.556400    0.01278     0.7670     46.021      1.009  46625.984    29.4159     9.2955      1.000     9.3093    22.7053     5.6686     8.1009     85.254    247.548    253.157   -0.00483    6.64872    9.50169  290.35155     9.2954   15.02798 1.1172e+03     0.5999     1.0164 0.0000e+00
        338 148.556844    0.02341     1.4050     84.300      2.019  47757.891    30.1804     9.2351      2.000     9.1897    23.3112     5.6961     8.1403     85.991    248.592    254.388   -0.00009    6.62385    9.46614  289.08247     9.2350   14.96417 6.8298e+02     0.3016     0.8791 0.0000e+00
        343 148.556859    0.02378     1.4266     85.597      3.029  47959.949    30.3081     9.1370      3.000     9.0883    23.4260     6.0631     8.6648     91.404    264.580    270.779    0.03003    6.63285    9.47901  289.44281     9.1368   14.98086 5.3836e+02     0.3824     0.6488 0.0000e+00
        347 148.556869    0.02403     1.4417     86.502      4.037  48122.593    30.4102     9.0529      4.000     9.0091    23.5185     6.5958     9.4260     99.313    287.797    294.566    0.06989    6.64092    9.49054  289.76872     9.0525   14.99602 4.1360e+02     0.4793     0.5363 0.0000e+00
        350 148.556879    0.02426     1.4553     87.320      5.047  48234.292    30.4782     8.9808      5.000     8.9257    23.5825     7.0557    10.0832    106.115    307.843    315.103    0.09721    6.64870    9.50166  290.08999     8.9803   15.01109 3.3172e+02     0.5406     0.4542 0.0000e+00
        353 148.556888    0.02446     1.4679     88.076      6.057  48321.964    30.5266     8.8907      6.000     8.7922    23.6338     7.3261    10.4697    109.995    319.629    327.183    0.10129    6.66008    9.51791  290.57165     8.8901   15.03390 2.6606e+02     0.6685     0.4348 0.0000e+00
        356 148.556896    0.02466     1.4800     88.800      7.066  48385.203    30.5472     8.7282      7.000     8.5284    23.6739     7.4650    10.6682    111.686    325.676    333.386    0.09059    6.68360    9.55153  291.58641     8.7274   15.08229 2.0578e+02     0.9047     0.4765 0.0000e+00
        359 148.556904    0.02486     1.4918     89.508      8.076  48492.766    30.5765     8.4160      8.000     8.1161    23.7421     7.5751    10.8256    112.553    330.458    338.305    0.07591    6.72960    9.61727  293.57350     8.4152   15.17706 1.6130e+02     1.2879     0.5349 0.0000e+00
        362 148.556913    0.02506     1.5036     90.215      9.086  48751.439    30.6917     7.9852      9.000     7.6874    23.8935     7.7497    11.0750    114.105    338.022    346.100    0.06686    6.79053    9.70434  296.18763     7.9844   15.30139 1.1838e+02     1.9186     0.5533 0.0000e+00
        365 148.556920    0.02526     1.5152     90.915     10.095  49072.369    30.8525     7.5871     10.000     7.3700    24.0748     7.9975    11.4293    116.812    348.770    357.169    0.06736    6.84513    9.78237  298.51608     7.5862   15.41186 8.6790e+01     3.0494     0.5902 0.0000e+00
        367 148.556928    0.02545     1.5267     91.601     11.104  49331.723    30.9859     7.2980     11.000     7.1566    24.2190     8.2696    11.8180    120.102    360.585    369.319    0.07249    6.88445    9.83856  300.18868     7.2970   15.49112 5.9675e+01     4.8076     0.6437 0.0000e+00
        370 148.556936    0.02563     1.5381     92.283     12.113  49487.294    31.0630     7.1141     12.000     7.0036    24.3040     8.5538    12.2242    123.775    372.948    382.013    0.07924    6.91006    9.87516  301.28063     7.1131   15.54289 3.8277e+01     7.4295     0.7187 0.0000e+00
        373 148.556944    0.02582     1.5496     92.975     13.123  49567.119    31.0913     6.9585     13.000     6.8250    24.3466     8.7975    12.5724    126.874    383.558    392.896    0.08271    6.93364    9.90886  302.29622     6.9574   15.59121 2.4350e+01     9.1534     0.7974 0.0000e+00
        376 148.556952    0.02602     1.5614     93.685     14.133  49698.400    31.1489     6.7701     14.000     6.6546    24.4161     8.8577    12.6585    127.244    386.156    395.584    0.07095    6.96130    9.94839  303.48171     6.7690   15.64750 1.6160e+01     8.3750     0.7701 0.0000e+00
        379 148.556961    0.02624     1.5743     94.456     15.142  49870.528    31.2390     6.6077     15.000     6.5473    24.5077     8.6226    12.3225    123.480    375.874    385.085    0.03619    6.98343    9.98003  304.41954     6.6064   15.69184 1.1644e+01     5.3898     0.6321 0.0000e+00
        383 148.556972    0.02650     1.5896     95.378     16.151  49983.670    31.3011     6.5201     16.000     6.4993    24.5677     8.0338    11.4812    114.860    350.189    358.792   -0.02073    6.99477    9.99623  304.89604     6.5187   15.71430 9.1774e+00     2.7781     0.5008 0.0000e+00
        387 148.556984    0.02678     1.6065     96.387     17.161  50019.710    31.3199     6.4886     17.000     6.4795    24.5865     7.3942    10.5671    105.648    322.302    330.226   -0.06851    6.99903   10.00232  305.07599     6.4872   15.72281 7.5011e+00     1.7371     0.4440 0.0000e+00
        390 148.556995    0.02704     1.6224     97.342     18.171  50029.390    31.3238     6.4755     18.000     6.4680    24.5912     7.0694    10.1031    100.979    308.146    315.724   -0.07911    7.00099   10.00511  305.15996     6.4740   15.72679 6.1866e+00     1.5406     0.4400 0.0000e+00
        394 148.557006    0.02732     1.6395     98.370     19.180  50032.090    31.3230     6.4637     19.000     6.4558    24.5920     6.9404     9.9186     99.107    302.520    309.959   -0.06863    7.00296   10.00793  305.24558     6.4620   15.73088 5.1237e+00     1.4363     0.4454 0.0000e+00
        399 148.557019    0.02763     1.6576     99.458     20.190  50023.401    31.3133     6.4464     20.000     6.4287    24.5865     6.9049     9.8678     98.554    300.973    308.373   -0.05197    7.00622   10.01259  305.38937     6.4448   15.73777 4.2321e+00     1.3582     0.4430 0.0000e+00
        403 148.557031    0.02792     1.6751    100.507     21.200  50034.523    31.3137     6.4098     21.000     6.3934    24.5914     6.9034     9.8656     98.448    300.903    308.303   -0.03830    7.01219   10.02112  305.64815     6.4081   15.75010 3.5273e+00     1.2705     0.4433 0.0000e+00
        407 148.557043    0.02820     1.6920    101.517     22.209  50053.336    31.3220     6.3864     22.000     6.3786    24.6009     6.9000     9.8608     98.351    300.754    308.153   -0.02862    7.01564   10.02606  305.79581     6.3845   15.75711 2.9526e+00     1.1387     0.4604 0.0000e+00
        411 148.557055    0.02848     1.7090    102.537     23.219  50059.700    31.3240     6.3763     23.000     6.3720    24.6037     6.8883     9.8440     98.162    300.243    307.630   -0.02176    7.01721   10.02829  305.86310     6.3744   15.76031 2.4758e+00     1.0076     0.4694 0.0000e+00
        415 148.557066    0.02876     1.7254    103.523     24.228  50058.774    31.3222     6.3722     24.000     6.3684    24.6028     6.8655     9.8115     97.828    299.253    306.615   -0.01782    7.01795   10.02936  305.89607     6.3702   15.76189 2.0717e+00     0.9909     0.5050 0.0000e+00
        419 148.557077    0.02901     1.7405    104.433     25.238  50051.832    31.3162     6.3685     25.000     6.3643    24.5985     6.8510     9.7908     97.609    298.621    305.967   -0.01485    7.01884   10.03062  305.93569     6.3665   15.76380 1.7322e+00     0.9746     0.5081 0.0000e+00
        422 148.557087    0.02926     1.7553    105.319     26.247  50050.233    31.3141     6.3656     26.000     6.3633    24.5972     6.8571     9.7996     97.688    298.889    306.240   -0.01111    7.01943   10.03146  305.96187     6.3634   15.76506 1.4498e+00     0.9552     0.4992 0.0000e+00
        426 148.557098    0.02951     1.7709    106.252     27.256  50054.081    31.3165     6.3668     27.000     6.3705    24.5990     6.8719     9.8206     97.902    299.530    306.899   -0.00710    7.01910   10.03099  305.94701     6.3646   15.76434 1.2103e+00     0.9557     0.4772 0.0000e+00
        430 148.557109    0.02978     1.7867    107.204     28.266  50059.380    31.3226     6.3826     28.000     6.3928    24.6019     6.8835     9.8373     98.109    300.039    307.420   -0.00416    7.01624   10.02691  305.82143     6.3803   15.75832 1.0133e+00     0.9653     0.4514 0.0000e+00
        433 148.557119    0.03002     1.8011    108.066     29.276  50044.172    31.3153     6.4020     29.000     6.4043    24.5936     6.8957     9.8546     98.321    300.569    307.962   -0.00204    7.01340   10.02285  305.70023     6.3996   15.75258 8.5005e-01     0.9798     0.4389 0.0000e+00
        436 148.557128    0.03024     1.8145    108.868     30.285  50042.130    31.3144     6.4075     30.000     6.4059    24.5923     6.9118     9.8775     98.563    301.269    308.679   -0.00033    7.01254   10.02162  305.66297     6.4050   15.75081 7.1732e-01     0.9762     0.4343 0.0000e+00
        440 148.557137    0.03046     1.8275    109.647     31.295  50051.092    31.3203     6.4085     31.000     6.4074    24.5969     6.9251     9.8966     98.758    301.848    309.272    0.00085    7.01211   10.02102  305.64303     6.4059   15.74984 6.0586e-01     0.9208     0.4271 0.0000e+00
        443 148.557146    0.03067     1.8401    110.408     32.304  50068.688    31.3327     6.4123     32.000     6.4185    24.6062     6.9288     9.9020     98.829    302.010    309.442    0.00113    7.01092   10.01930  305.58816     6.4096   15.74717 5.1341e-01     0.8313     0.4179 0.0000e+00
        446 148.557155    0.03087     1.8524    111.144     33.314  50087.982    31.3482     6.4265     33.000     6.4410    24.6167     6.9235     9.8944     98.797    301.776    309.205    0.00068    7.00787   10.01495  305.45228     6.4237   15.74063 4.3606e-01     0.7754     0.4071 0.0000e+00
        448 148.557162    0.03107     1.8642    111.851     34.323  50086.233    31.3510     6.4504     34.000     6.4610    24.6158     6.9184     9.8871     98.781    301.553    308.976    0.00030    7.00382   10.00916  305.27598     6.4476   15.73221 3.7314e-01     0.7431     0.3967 0.0000e+00
        451 148.557171    0.03127     1.8761    112.565     35.334  50078.794    31.3486     6.4682     35.000     6.4706    24.6118     6.9233     9.8941     98.889    301.767    309.194    0.00070    7.00103   10.00517  305.15548     6.4653   15.72648 3.2102e-01     0.6971     0.3883 0.0000e+00
        454 148.557180    0.03148     1.8886    113.314     36.343  50055.275    31.3326     6.4721     36.000     6.4575    24.5987     6.9394     9.9172     99.119    302.476    309.916    0.00175    7.00114   10.00533  305.16435     6.4691   15.72697 2.7737e-01     0.6556     0.3824 0.0000e+00
        457 148.557189    0.03170     1.9018    114.106     37.353  50048.034    31.3229     6.4496     37.000     6.4278    24.5939     6.9571     9.9423     99.312    303.245    310.702    0.00250    7.00526   10.01122  305.34529     6.4465   15.73563 2.4115e-01     0.6154     0.3896 0.0000e+00
        461 148.557198    0.03191     1.9148    114.891     38.362  50048.483    31.3170     6.4188     38.000     6.3910    24.5931     6.9604     9.9471     99.285    303.390    310.851    0.00186    7.01057   10.01880  305.57688     6.4157   15.74669 2.1022e-01     0.5883     0.4067 0.0000e+00
        464 148.557207    0.03212     1.9276    115.655     39.371  50049.576    31.3100     6.3793     39.000     6.3449    24.5924     6.9504     9.9328     99.047    302.955    310.406    0.00014    7.01737   10.02852  305.87348     6.3761   15.76086 1.8350e-01     0.5621     0.4333 0.0000e+00
        467 148.557215    0.03233     1.9399    116.395     40.381  50061.136    31.3088     6.3328     40.000     6.2958    24.5973     6.9265     9.8987     98.598    301.911    309.338   -0.00241    7.02505   10.03951  306.20700     6.3295   15.77676 1.6083e-01     0.4967     0.4756 0.0000e+00
        469 148.557223    0.03253     1.9518    117.109     41.390  50074.551    31.3087     6.2844     41.000     6.2486    24.6030     6.8926     9.8503     98.005    300.435    307.826   -0.00541    7.03301   10.05087  306.55194     6.2811   15.79320 1.4139e-01     0.3970     0.5022 0.0000e+00
        472 148.557232    0.03273     1.9635    117.813     42.401  50104.437    31.3206     6.2408     42.000     6.2160    24.6178     6.8505     9.7901     97.314    298.593    305.944   -0.00841    7.03964   10.06035  306.83669     6.2373   15.80672 1.2478e-01     0.3023     0.5278 0.0000e+00
        475 148.557240    0.03293     1.9754    118.523     43.410  50122.619    31.3273     6.2121     43.000     6.1913    24.6266     6.8072     9.7281     96.638    296.702    304.009   -0.01079    7.04406   10.06666  307.02664     6.2086   15.81575 1.1096e-01     0.2512     0.5815 0.0000e+00
        478 148.557248    0.03313     1.9874    119.247     44.420  50138.296    31.3331     6.1878     44.000     6.1717    24.6341     6.7682     9.6725     96.034    295.003    302.270   -0.01224    7.04780   10.07202  307.18771     6.1842   15.82340 9.9342e-02     0.2091     0.6234 0.0000e+00
        481 148.557257    0.03332     1.9994    119.964     45.430  50155.376    31.3414     6.1720     45.000     6.1632    24.6426     6.7349     9.6249     95.530    293.548    300.783   -0.01282    7.05003   10.07520  307.28201     6.1683   15.82786 8.9710e-02     0.1780     0.6659 0.0000e+00
        484 148.557265    0.03352     2.0114    120.684     46.439  50162.849    31.3449     6.1658     46.000     6.1604    24.6461     6.7069     9.5848     95.121    292.324    299.529   -0.01276    7.05088   10.07641  307.31811     6.1621   15.82956 8.1705e-02     0.1673     0.7090 0.0000e+00
        487 148.557273    0.03373     2.0236    121.418     47.449  50165.522    31.3459     6.1639     47.000     6.1596    24.6471     6.6851     9.5537     94.809    291.375    298.557   -0.01210    7.05115   10.07680  307.32952     6.1600   15.83010 7.5284e-02     0.1699     0.7484 0.0000e+00
        490 148.557282    0.03394     2.0361    122.166     48.459  50166.289    31.3459     6.1634     48.000     6.1592    24.6472     6.6699     9.5320     94.592    290.713    297.878   -0.01098    7.05124   10.07692  307.33321     6.1595   15.83028 7.0251e-02     0.1718     0.7547 0.0000e+00
        493 148.557291    0.03415     2.0488    122.930     49.468  50166.802    31.3457     6.1631     49.000     6.1588    24.6470     6.6623     9.5211     94.484    290.383    297.540   -0.00944    7.05130   10.07701  307.33593     6.1591   15.83041 6.6062e-02     0.1684     0.7344 0.0000e+00
        496 148.557299    0.03436     2.0615    123.691     50.479  50167.431    31.3457     6.1628     50.000     6.1585    24.6470     6.6606     9.5187     94.459    290.308    297.463   -0.00770    7.05135   10.07709  307.33838     6.1586   15.83053 6.2648e-02     0.1670     0.7345 0.0000e+00
        499 148.557308    0.03456     2.0740    124.441     51.488  50167.758    31.3454     6.1626     51.000     6.1583    24.6468     6.6612     9.5195     94.466    290.332    297.488   -0.00614    7.05139   10.07714  307.34007     6.1584   15.83061 5.9828e-02     0.1655     0.7350 0.0000e+00
        502 148.557317    0.03477     2.0864    125.182     52.497  50167.962    31.3450     6.1626     52.000     6.1581    24.6466     6.6621     9.5208     94.479    290.373    297.530   -0.00487    7.05142   10.07718  307.34126     6.1583   15.83067 5.7584e-02     0.1629     0.7338 0.0000e+00
        505 148.557325    0.03498     2.0985    125.913     53.507  50168.292    31.3447     6.1623     53.000     6.1573    24.6465     6.6610     9.5193     94.462    290.325    297.480   -0.00401    7.05147   10.07725  307.34367     6.1580   15.83078 5.5650e-02     0.1608     0.7382 0.0000e+00
