CTD-processing/allCTD/CNV/2015_08-14_t4_s03_cast166_5028.cnv
* Sea-Bird SBE19plus Data File:
* FileName = C:\Users\Kris.Holderied\Documents\kasitsna\Research-KBL\Oceanography-AK\CTD-Data-ALL-to-2015-06\2015-CTD-KachemakBay-CookInlet\2015-08-14-CookInlet-east-and-KachemakBay\2015-08-14-CookInlet-east-and_KBay-cast166.hex
* Software Version 1.59
* Temperature SN =  5028
* Conductivity SN =  5028
* System UpLoad Time = Sep 24 2015 11:36:43
** Cook Inlet East side (T6/T7), along Kachemak Bay to Spit, T9 batch upload
** Date (YYYY-MM-DD): 2015-08-14
** Station (ie. 9-01):  4-03
** Start time (AKDT): 15:16
** Depth (m): 110
** Comment:  Nuka R/V Johanna Rose
** Comment:
# nquan = 27
# nvalues = 109                         
# units = specified
# name 0 = scan: Scan Count
# name 1 = timeJ: Julian Days
# name 2 = timeH: Time, Elapsed [hours]
# name 3 = timeM: Time, Elapsed [minutes]
# name 4 = timeS: Time, Elapsed [seconds]
# name 5 = prdM: Pressure, Strain Gauge [db]
# name 6 = specc: Specific Conductance [uS/cm]
# name 7 = sal00: Salinity, Practical [PSU]
# name 8 = tv290C: Temperature [ITS-90, deg C]
# name 9 = depSM: Depth [salt water, m], lat = 59.00
# name 10 = potemp090C: Potential Temperature [ITS-90, deg C]
# name 11 = sigma-é00: Density [sigma-theta, kg/m^3]
# name 12 = sbeox0ML/L: Oxygen, SBE 43 [ml/l]
# name 13 = sbeox0Mg/L: Oxygen, SBE 43 [mg/l]
# name 14 = sbeox0PS: Oxygen, SBE 43 [% saturation]
# name 15 = sbox0Mm/Kg: Oxygen, SBE 43 [umol/kg]
# name 16 = sbeox0Mm/L: Oxygen, SBE 43 [umol/l]
# name 17 = sbox0dV/dT: Oxygen, SBE 43 [dov/dt]
# name 18 = oxsolML/L: Oxygen Saturation, Garcia & Gordon [ml/l]
# name 19 = oxsolMg/L: Oxygen Saturation, Garcia & Gordon [mg/l]
# name 20 = oxsolMm/Kg: Oxygen Saturation, Garcia & Gordon [umol/kg]
# name 21 = potemp090C: Potential Temperature [ITS-90, deg C]
# name 22 = n2satMg/L: Nitrogen Saturation [mg/l]
# name 23 = par: PAR/Irradiance, Biospherical/Licor
# name 24 = flECO-AFL: Fluorescence, WET Labs ECO-AFL/FL [mg/m^3]
# name 25 = turbWETntu0: Turbidity, WET Labs ECO [NTU]
# name 26 = flag: flag
# span 0 =        120,        912       
# span 1 = 226.636074, 226.638364       
# span 2 =    0.00827,    0.06323       
# span 3 =     0.4963,     3.7939       
# span 4 =     29.779,    227.637       
# span 5 =      1.009,    110.059       
# span 6 =  48578.778,  49314.077       
# span 7 =    31.0426,    31.2756       
# span 8 =     9.5950,    11.6215       
# span 9 =      1.000,    109.000       
# span 10 =     9.5823,    11.5752      
# span 11 =    23.5861,    24.1120      
# span 12 =     5.2614,     6.4049      
# span 13 =     7.5191,     9.1532      
# span 14 =     80.632,    101.560      
# span 15 =    229.443,    279.425      
# span 16 =    234.975,    286.043      
# span 17 =   -0.01127,    0.03356      
# span 18 =    6.25453,    6.52515      
# span 19 =    8.93834,    9.32510      
# span 20 =  272.89225,  284.55246      
# span 21 =     9.5833,    11.6214      
# span 22 =   14.18588,   14.74317      
# span 23 = 5.7485e-02, 2.3097e+02      
# span 24 =     0.2900,     1.5270      
# span 25 =     0.2410,     1.6304      
# span 26 = 0.0000e+00, 0.0000e+00      
# interval = meters: 1                  
# start_time = Aug 14 2015 15:15:27 [Instrument's time stamp, header]
# bad_flag = -9.990e-29
*END*
        120 226.636074    0.00827     0.4963     29.779      1.009  48578.778    31.0426    11.6215      1.000    11.5752    23.5861     5.4152     7.7389     86.546    236.269    241.843    0.03356    6.25453    8.93834  272.89225    11.6214   14.18588 2.3097e+02     1.2032     0.3168 0.0000e+00
        539 226.637285    0.03733     2.2399    134.396      2.019  48695.004    31.0784    11.2160      2.000    11.2086    23.6859     6.4049     9.1532    101.560    279.425    286.043   -0.00255    6.30721    9.01364  275.16255    11.2157   14.29452 1.9182e+02     1.4044     0.2663 0.0000e+00
        514 226.637214    0.03563     2.1378    128.270      3.029  48707.032    31.0867    11.2168      3.000    11.1970    23.6922     6.3346     9.0527    100.440    276.354    282.901   -0.00057    6.30681    9.01306  275.14328    11.2164   14.29356 1.4449e+02     1.4556     0.2775 0.0000e+00
        518 226.637225    0.03590     2.1540    129.240      4.038  48713.667    31.0862    11.1739      4.000    11.1426    23.6994     6.3302     9.0466    100.279    276.164    282.708   -0.00144    6.31264    9.02138  275.39546    11.1734   14.30564 1.1449e+02     1.5106     0.2751 0.0000e+00
        522 226.637237    0.03617     2.1703    130.217      5.047  48719.512    31.0834    11.1138      5.000    11.0809    23.7077     6.3141     9.0235     99.893    275.458    281.989   -0.00342    6.32089    9.03318  275.75340    11.1132   14.32279 9.5274e+01     1.4854     0.2655 0.0000e+00
        526 226.637247    0.03645     2.1868    131.207      6.057  48713.541    31.0713    11.0466      6.000    11.0145    23.7100     6.2838     8.9801     99.263    274.133    280.633   -0.00640    6.33049    9.04691  276.17192    11.0459   14.34289 8.0351e+01     1.5270     0.2640 0.0000e+00
        530 226.637259    0.03672     2.2028    132.166      7.066  48745.647    31.0881    10.9979      7.000    10.9865    23.7315     6.2407     8.9186     98.490    272.250    278.711   -0.00952    6.33644    9.05541  276.42557    10.9971   14.35498 6.8434e+01     1.4951     0.2731 0.0000e+00
        534 226.637270    0.03699     2.2195    133.168      8.076  48762.192    31.0977    10.9827      8.000    10.9806    23.7416     6.1989     8.8588     97.803    270.422    276.843   -0.01127    6.33814    9.05783  276.49670    10.9817   14.35834 5.8363e+01     1.4370     0.2841 0.0000e+00
        537 226.637281    0.03725     2.2350    134.101      9.086  48764.454    31.0988    10.9817      9.000    10.9795    23.7427     6.1786     8.8298     97.481    269.535    275.935   -0.01040    6.33822    9.05796  276.50017    10.9806   14.35850 4.9744e+01     1.4325     0.2798 0.0000e+00
        541 226.637293    0.03752     2.2511    135.065     10.095  48766.672    31.0996    10.9789     10.000    10.9768    23.7438     6.1730     8.8218     97.388    269.292    275.686   -0.00812    6.33856    9.05844  276.51475    10.9778   14.35919 4.2405e+01     1.3830     0.2679 0.0000e+00
        545 226.637303    0.03779     2.2672    136.033     11.104  48776.035    31.1058    10.9791     11.000    10.9798    23.7487     6.1751     8.8249     97.426    269.385    275.782   -0.00557    6.33829    9.05805  276.50158    10.9778   14.35854 3.6081e+01     1.3557     0.2577 0.0000e+00
        549 226.637315    0.03805     2.2827    136.961     12.114  48766.204    31.0987    10.9808     12.000    10.9661    23.7428     6.1768     8.8274     97.453    269.463    275.861   -0.00380    6.33836    9.05815  276.50611    10.9793   14.35879 3.0645e+01     1.3473     0.2560 0.0000e+00
        553 226.637325    0.03831     2.2986    137.916     13.123  48742.720    31.0775    10.9439     13.000    10.9089    23.7327     6.1763     8.8266     97.353    269.440    275.834   -0.00326    6.34424    9.06656  276.76563    10.9424   14.37130 2.6049e+01     1.3574     0.2638 0.0000e+00
        556 226.637336    0.03857     2.3142    138.855     14.133  48763.032    31.0847    10.8853     14.000    10.8598    23.7485     6.1620     8.8061     97.008    268.809    275.193   -0.00443    6.35197    9.07760  277.09834    10.8836   14.38720 2.2190e+01     1.3159     0.2620 0.0000e+00
        560 226.637347    0.03883     2.3300    139.799     15.143  48782.948    31.0937    10.8440     15.000    10.8275    23.7626     6.1329     8.7645     96.471    267.537    273.894   -0.00661    6.35725    9.08515  277.32490    10.8423   14.39802 1.8987e+01     1.2444     0.2570 0.0000e+00
        564 226.637358    0.03910     2.3459    140.753     16.152  48796.697    31.1002    10.8193     16.000    10.8083    23.7719     6.1014     8.7194     95.928    266.160    272.486   -0.00834    6.36037    9.08961  277.45867    10.8174   14.40440 1.6207e+01     1.1967     0.2565 0.0000e+00
        568 226.637370    0.03937     2.3620    141.718     17.162  48810.206    31.1074    10.8026     17.000    10.7955    23.7804     6.0781     8.6862     95.532    265.141    271.446   -0.00864    6.36237    9.09246  277.54338    10.8007   14.40843 1.3882e+01     1.2127     0.2819 0.0000e+00
        572 226.637380    0.03962     2.3777    142.661     18.171  48831.597    31.1215    10.7969     18.000    10.7962    23.7923     6.0632     8.6648     95.294    264.487    270.780   -0.00778    6.36258    9.09276  277.54938    10.7949   14.40866 1.1888e+01     1.2254     0.2833 0.0000e+00
        575 226.637391    0.03988     2.3929    143.573     19.180  48838.861    31.1265    10.8000     19.000    10.8005    23.7958     6.0557     8.6542     95.186    264.161    270.447   -0.00652    6.36196    9.09187  277.52120    10.7978   14.40729 1.0206e+01     1.2183     0.2682 0.0000e+00
        579 226.637402    0.04016     2.4092    144.554     20.189  48848.023    31.1335    10.8076     20.000    10.8106    23.7999     6.0625     8.6640     95.313    264.457    270.752   -0.00401    6.36064    9.08999  277.46260    10.8052   14.40445 8.7395e+00     1.2104     0.2582 0.0000e+00
        583 226.637413    0.04042     2.4247    145.483     21.198  48845.330    31.1323    10.8169     21.000    10.8159    23.7974     6.0739     8.6802     95.510    264.954    271.259   -0.00153    6.35941    9.08824  277.40971    10.8144   14.40193 7.4681e+00     1.1957     0.2513 0.0000e+00
        587 226.637424    0.04067     2.4403    146.419     22.208  48841.202    31.1291    10.8180     22.000    10.8135    23.7947     6.0908     8.7043     95.776    265.691    272.014    0.00034    6.35938    9.08819  277.40908    10.8155   14.40191 6.3929e+00     1.2031     0.2585 0.0000e+00
        590 226.637434    0.04092     2.4556    147.335     23.218  48841.220    31.1282    10.8140     23.000    10.8094    23.7947     6.1026     8.7213     95.954    266.209    272.543    0.00163    6.35997    9.08903  277.43462    10.8113   14.40314 5.4864e+00     1.2167     0.2619 0.0000e+00
        594 226.637446    0.04119     2.4717    148.302     24.228  48841.292    31.1275    10.8108     24.000    10.8055    23.7947     6.0949     8.7103     95.826    265.875    272.201    0.00027    6.36043    9.08970  277.45513    10.8080   14.40412 4.7093e+00     1.1977     0.2710 0.0000e+00
        598 226.637457    0.04146     2.4874    149.242     25.238  48834.218    31.1213    10.8047     25.000    10.7939    23.7910     6.0877     8.7000     95.696    265.559    271.877   -0.00070    6.36152    9.09125  277.50338    10.8019   14.40646 4.0303e+00     1.1952     0.2582 0.0000e+00
        602 226.637467    0.04172     2.5030    150.181     26.247  48828.541    31.1150    10.7878     26.000    10.7731    23.7890     6.0795     8.6883     95.529    265.203    271.512   -0.00162    6.36409    9.09493  277.61626    10.7848   14.41189 3.4646e+00     1.2136     0.2532 0.0000e+00
        605 226.637478    0.04197     2.5185    151.110     27.256  48836.732    31.1181    10.7679     27.000    10.7583    23.7948     6.0678     8.6715     95.305    264.689    270.988   -0.00265    6.36672    9.09868  277.72913    10.7647   14.41728 2.9817e+00     1.2012     0.2498 0.0000e+00
        609 226.637489    0.04223     2.5337    152.023     28.266  48843.607    31.1213    10.7581     28.000    10.7525    23.7991     6.0541     8.6519     95.072    264.091    270.376   -0.00348    6.36793    9.10040  277.78079    10.7548   14.41974 2.5650e+00     1.1771     0.2422 0.0000e+00
        613 226.637500    0.04249     2.5497    152.979     29.275  48847.319    31.1232    10.7546     29.000    10.7512    23.8011     6.0391     8.6305     94.830    263.436    269.705   -0.00411    6.36833    9.10098  277.79775    10.7512   14.42055 2.2105e+00     1.1613     0.2472 0.0000e+00
        617 226.637511    0.04277     2.5658    153.949     30.285  48848.342    31.1236    10.7552     30.000    10.7514    23.8013     6.0294     8.6166     94.679    263.012    269.272   -0.00402    6.36824    9.10085  277.79379    10.7517   14.42035 1.9103e+00     1.1501     0.2476 0.0000e+00
        621 226.637522    0.04302     2.5813    154.880     31.295  48844.686    31.1203    10.7531     31.000    10.7451    23.7991     6.0278     8.6143     94.648    262.943    269.201   -0.00321    6.36866    9.10145  277.81249    10.7495   14.42126 1.6502e+00     1.1432     0.2511 0.0000e+00
        624 226.637533    0.04328     2.5968    155.806     32.304  48845.519    31.1194    10.7435     32.000    10.7335    23.8001     6.0274     8.6137     94.621    262.925    269.183   -0.00252    6.37001    9.10338  277.87146    10.7397   14.42409 1.4273e+00     1.1372     0.2579 0.0000e+00
        628 226.637543    0.04354     2.6123    156.735     33.314  48853.276    31.1232    10.7327     33.000    10.7258    23.8049     6.0247     8.6099     94.559    262.806    269.062   -0.00226    6.37133    9.10528  277.92781    10.7289   14.42677 1.2322e+00     1.1497     0.2596 0.0000e+00
        632 226.637554    0.04380     2.6280    157.682     34.324  48859.559    31.1267    10.7284     34.000    10.7243    23.8084     6.0200     8.6031     94.478    262.598    268.850   -0.00219    6.37180    9.10594  277.94691    10.7244   14.42767 1.0652e+00     1.1918     0.2620 0.0000e+00
        636 226.637566    0.04407     2.6442    158.654     35.334  48861.342    31.1276    10.7287     35.000    10.7248    23.8091     6.0143     8.5951     94.390    262.354    268.600   -0.00217    6.37172    9.10583  277.94366    10.7246   14.42752 9.2399e-01     1.1951     0.2573 0.0000e+00
        639 226.637576    0.04433     2.6600    159.600     36.343  48866.862    31.1312    10.7296     36.000    10.7276    23.8117     6.0089     8.5873     94.310    262.116    268.358   -0.00215    6.37145    9.10544  277.93091    10.7254   14.42689 8.0204e-01     1.1320     0.2410 0.0000e+00
        643 226.637587    0.04458     2.6753    160.518     37.353  48878.794    31.1398    10.7349     37.000    10.7343    23.8176     6.0059     8.5831     94.278    261.983    268.223   -0.00187    6.37036    9.10388  277.88198    10.7306   14.42451 6.9487e-01     1.0950     0.2417 0.0000e+00
        647 226.637598    0.04485     2.6910    161.461     38.362  48869.952    31.1333    10.7366     38.000    10.7139    23.8123     6.0124     8.5923     94.380    262.269    268.514   -0.00086    6.37040    9.10395  277.88523    10.7321   14.42469 6.0216e-01     1.1377     0.2756 0.0000e+00
        651 226.637609    0.04512     2.7070    162.423     39.372  48848.257    31.1106    10.6766     39.000    10.6160    23.8047     6.0258     8.6115     94.454    262.854    269.111   -0.00007    6.37960    9.11709  278.28845    10.6721   14.44409 5.2299e-01     1.1416     0.3537 0.0000e+00
        654 226.637620    0.04538     2.7227    163.362     40.381  48915.172    31.1465    10.5837     40.000    10.5541    23.8484     6.0180     8.6004     94.166    262.507    268.767   -0.00172    6.39096    9.13332  278.77205    10.5792   14.46710 4.5482e-01     0.9481     0.2953 0.0000e+00
        658 226.637631    0.04564     2.7386    164.319     41.391  48940.861    31.1595    10.5435     41.000    10.5240    23.8654     5.9886     8.5583     93.631    261.217    267.451   -0.00462    6.39599    9.14051  278.98679    10.5389   14.47733 4.0062e-01     0.8575     0.2783 0.0000e+00
        662 226.637643    0.04591     2.7550    165.297     42.401  48956.793    31.1672    10.5167     42.000    10.5034    23.8759     5.9600     8.5175     93.134    259.968    266.176   -0.00664    6.39940    9.14539  279.13286    10.5119   14.48429 3.5338e-01     0.7944     0.2775 0.0000e+00
        666 226.637652    0.04616     2.7698    166.190     43.410  48963.244    31.1696    10.5028     43.000    10.4903    23.8802     5.9440     8.4946     92.857    259.267    265.458   -0.00677    6.40123    9.14799  279.21127    10.4979   14.48803 3.1208e-01     0.7964     0.2785 0.0000e+00
        670 226.637664    0.04643     2.7857    167.142     44.420  48966.103    31.1694    10.4871     44.000    10.4723    23.8827     5.9326     8.4782     92.646    258.768    264.948   -0.00624    6.40342    9.15112  279.30602    10.4821   14.49257 2.7682e-01     0.7703     0.2848 0.0000e+00
        673 226.637675    0.04670     2.8017    168.103     45.429  48970.484    31.1697    10.4675     45.000    10.4500    23.8862     5.9208     8.4614     92.424    258.254    264.423   -0.00587    6.40613    9.15500  279.42346    10.4624   14.49819 2.4490e-01     0.7423     0.3009 0.0000e+00
        677 226.637685    0.04695     2.8169    169.016     46.439  48973.377    31.1684    10.4438     46.000    10.4216    23.8893     5.9066     8.4411     92.153    257.633    263.787   -0.00598    6.40948    9.15979  279.56868    10.4386   14.50515 2.1694e-01     0.7207     0.3186 0.0000e+00
        681 226.637697    0.04721     2.8327    169.959     47.449  48978.737    31.1677    10.4098     47.000    10.3838    23.8944     5.8908     8.4186     91.840    256.945    263.084   -0.00633    6.41424    9.16659  279.77503    10.4045   14.51502 1.9375e-01     0.6943     0.3350 0.0000e+00
        685 226.637707    0.04747     2.8484    170.905     48.459  48989.575    31.1702    10.3707     48.000    10.3439    23.9029     5.8723     8.3920     91.474    256.131    262.254   -0.00683    6.41959    9.17424  280.00601    10.3653   14.52607 1.7321e-01     0.6725     0.3580 0.0000e+00
        688 226.637718    0.04773     2.8637    171.824     49.468  48987.021    31.1626    10.3263     49.000    10.2853    23.9043     5.8514     8.3622     91.056    255.220    261.321   -0.00761    6.42612    9.18357  280.29038    10.3207   14.53971 1.5626e-01     0.6465     0.3744 0.0000e+00
        692 226.637728    0.04798     2.8787    172.723     50.477  49005.753    31.1673    10.2596     50.000    10.2197    23.9190     5.8289     8.3301     90.578    254.237    260.318   -0.00856    6.43526    9.19662  280.68480    10.2540   14.55857 1.4340e-01     0.6137     0.3870 0.0000e+00
        696 226.637739    0.04825     2.8951    173.708     51.487  49045.844    31.1878    10.2001     51.000    10.1779    23.9449     5.7950     8.2817     89.947    252.753    258.805   -0.01001    6.44276    9.20734  281.00482    10.1944   14.57380 1.3134e-01     0.5972     0.4302 0.0000e+00
        700 226.637751    0.04851     2.9108    174.645     52.497  49064.458    31.1973    10.1745     52.000    10.1605    23.9566     5.7605     8.2324     89.366    251.246    257.264   -0.01096    6.44596    9.21193  281.14153    10.1687   14.58030 1.2033e-01     0.5769     0.4554 0.0000e+00
        703 226.637761    0.04878     2.9265    175.592     53.508  49073.974    31.2020    10.1617     53.000    10.1517    23.9623     5.7380     8.2002     88.995    250.263    256.260   -0.01041    6.44756    9.21421  281.20962    10.1558   14.58354 1.1092e-01     0.5576     0.4573 0.0000e+00
