CTD-processing/allCTD/CNV/2015_02-23_t6_s13_cast235_4141.cnv
* Sea-Bird SBE19plus Data File:
* FileName = C:\Users\amdoroff\Desktop\2015_02_23_CookInlet_Tran6_Douglas\2015_02_23_CookInlet_Tran6_cast235.hex
* Software Version 1.59
* Temperature SN =  4141
* Conductivity SN =  4141
* System UpLoad Time = Feb 24 2015 01:41:05
** Cook Inlet LTM Tran6 Douglas W to E
** Date 02-23
** Station: 6-13
** Start Time (AKST): 20:33
** Depth (m): 134
** Comment: Dark.
** Comment: On R/V Pandalus. Transect crossed 23-24 Feb.
# nquan = 27
# nvalues = 132                         
# units = specified
# name 0 = scan: Scan Count
# name 1 = timeJ: Julian Days
# name 2 = timeH: Time, Elapsed [hours]
# name 3 = timeM: Time, Elapsed [minutes]
# name 4 = timeS: Time, Elapsed [seconds]
# name 5 = prdM: Pressure, Strain Gauge [db]
# name 6 = specc: Specific Conductance [uS/cm]
# name 7 = sal00: Salinity, Practical [PSU]
# name 8 = tv290C: Temperature [ITS-90, deg C]
# name 9 = depSM: Depth [salt water, m], lat = 59.00
# name 10 = potemp090C: Potential Temperature [ITS-90, deg C]
# name 11 = sigma-é00: Density [sigma-theta, kg/m^3]
# name 12 = sbeox0ML/L: Oxygen, SBE 43 [ml/l]
# name 13 = sbeox0Mg/L: Oxygen, SBE 43 [mg/l]
# name 14 = sbeox0PS: Oxygen, SBE 43 [% saturation]
# name 15 = sbox0Mm/Kg: Oxygen, SBE 43 [umol/kg]
# name 16 = sbeox0Mm/L: Oxygen, SBE 43 [umol/l]
# name 17 = sbox0dV/dT: Oxygen, SBE 43 [dov/dt]
# name 18 = oxsolML/L: Oxygen Saturation, Garcia & Gordon [ml/l]
# name 19 = oxsolMg/L: Oxygen Saturation, Garcia & Gordon [mg/l]
# name 20 = oxsolMm/Kg: Oxygen Saturation, Garcia & Gordon [umol/kg]
# name 21 = n2satMg/L: Nitrogen Saturation [mg/l]
# name 22 = par: PAR/Irradiance, Biospherical/Licor
# name 23 = wetStar: Fluorescence, WET Labs WETstar [mg/m^3]
# name 24 = CStarAt0: Beam Attenuation, WET Labs C-Star [1/m]
# name 25 = CStarTr0: Beam Transmission, WET Labs C-Star [%]
# name 26 = flag: flag
# span 0 =          1,        788       
# span 1 =  54.856932,  54.859209       
# span 2 =   -0.00002,    0.05464       
# span 3 =    -0.0011,     3.2785       
# span 4 =     -0.066,    196.709       
# span 5 =      0.980,    133.254       
# span 6 =  50930.269,  51102.310       
# span 7 =    31.9709,    32.0240       
# span 8 =     6.1434,     6.5652       
# span 9 =      1.000,    132.000       
# span 10 =     6.3590,     6.5240      
# span 11 =    25.0901,    25.1838      
# span 12 =     5.9751,     6.3620      
# span 13 =     8.5392,     9.0918      
# span 14 =     85.039,     91.365      
# span 15 =    260.302,    277.166      
# span 16 =    266.850,    284.125      
# span 17 =   -0.01189,    0.01493      
# span 18 =    6.95625,    7.02391      
# span 19 =    9.94118,   10.03787      
# span 20 =  303.06028,  305.99035      
# span 21 =   15.62405,   15.76349      
# span 22 = 3.6036e-02, 4.0585e-02      
# span 23 =     0.2768,     0.6296      
# span 24 =    -1.1764,     7.0872      
# span 25 =    21.7320,   106.6182      
# span 26 = 0.0000e+00, 0.0000e+00      
# interval = meters: 1                  
# start_time = Feb 23 2015 20:33:59 [Instrument's time stamp, header]
# bad_flag = -9.990e-29
*END*
[from data line 54]
        472  54.858296    0.03271     1.9626    117.759     55.532  50992.086    31.9819     6.5174     55.000     6.5127    25.1051     6.3317     9.0485     90.922    275.846    282.771    0.00002    6.96382    9.95199  303.38738   15.63961 3.6382e-02     0.5243     0.4237    89.9492 0.0000e+00
        475  54.858306    0.03295     1.9769    118.615     56.532  50992.405    31.9817     6.5174     56.000     6.5127    25.1049     6.3390     9.0590     91.027    276.165    283.098    0.00082    6.96383    9.95200  303.38810   15.63964 3.6382e-02     0.5318     0.4247    89.9259 0.0000e+00
        480  54.858318    0.03323     1.9940    119.642     57.543  50992.688    31.9814     6.5174     57.000     6.5123    25.1046     6.3416     9.0628     91.064    276.279    283.216    0.00088    6.96385    9.95204  303.38904   15.63969 3.6382e-02     0.5335     0.4208    90.0147 0.0000e+00
        484  54.858331    0.03356     2.0135    120.813     58.563  50992.646    31.9807     6.5169     58.000     6.5118    25.1042     6.3347     9.0529     90.964    275.979    282.908   -0.00028    6.96397    9.95221  303.39443   15.63995 3.6382e-02     0.5209     0.4176    90.0861 0.0000e+00
        488  54.858341    0.03381     2.0284    121.707     59.570  50993.779    31.9810     6.5167     59.000     6.5117    25.1045     6.3344     9.0525     90.959    275.967    282.894   -0.00071    6.96397    9.95222  303.39465   15.63996 3.6382e-02     0.5253     0.4230    89.9651 0.0000e+00
        491  54.858351    0.03403     2.0414    122.485     60.570  50994.556    31.9811     6.5168     60.000     6.5119    25.1046     6.3419     9.0631     91.067    276.292    283.228    0.00047    6.96395    9.95217  303.39327   15.63989 3.6382e-02     0.5236     0.4252    89.9156 0.0000e+00
        494  54.858360    0.03427     2.0561    123.368     61.578  50994.157    31.9804     6.5171     61.000     6.5119    25.1040     6.3442     9.0664     91.100    276.391    283.330    0.00061    6.96395    9.95217  303.39342   15.63989 3.6382e-02     0.5323     0.4207    90.0166 0.0000e+00
        499  54.858375    0.03461     2.0770    124.622     62.591  50994.301    31.9800     6.5168     62.000     6.5114    25.1037     6.3427     9.0643     91.078    276.327    283.264    0.00014    6.96400    9.95225  303.39597   15.64002 3.6382e-02     0.5439     0.4123    90.2048 0.0000e+00
        506  54.858393    0.03504     2.1024    126.145     63.613  50993.033    31.9786     6.5165     63.000     6.5111    25.1027     6.3354     9.0539     90.972    276.010    282.939   -0.00093    6.96412    9.95242  303.40125   15.64028 3.6382e-02     0.5435     0.4106    90.2432 0.0000e+00
        509  54.858404    0.03531     2.1185    127.110     64.620  50995.978    31.9801     6.5166     64.000     6.5112    25.1039     6.3364     9.0554     90.988    276.055    282.984   -0.00070    6.96404    9.95230  303.39741   15.64010 3.6382e-02     0.5298     0.4245    89.9314 0.0000e+00
        513  54.858413    0.03553     2.1314    127.885     65.625  50996.899    31.9803     6.5167     65.000     6.5113    25.1040     6.3410     9.0618     91.053    276.251    283.186   -0.00007    6.96400    9.95225  303.39584   15.64001 3.6382e-02     0.5357     0.4231    89.9628 0.0000e+00
        516  54.858422    0.03573     2.1442    128.652     66.632  50996.897    31.9799     6.5169     66.000     6.5112    25.1036     6.3464     9.0695     91.131    276.487    283.427    0.00058    6.96399    9.95225  303.39583   15.64002 3.6382e-02     0.5547     0.4218    89.9927 0.0000e+00
        519  54.858432    0.03596     2.1578    129.470     67.635  50996.953    31.9794     6.5168     67.000     6.5111    25.1033     6.3486     9.0727     91.162    276.583    283.526    0.00072    6.96403    9.95229  303.39726   15.64009 3.6382e-02     0.5439     0.4242    89.9382 0.0000e+00
        524  54.858448    0.03635     2.1811    130.868     68.649  50997.517    31.9794     6.5168     68.000     6.5111    25.1033     6.3449     9.0675     91.109    276.422    283.361   -0.00011    6.96403    9.95230  303.39726   15.64009 3.6382e-02     0.5414     0.4099    90.2605 0.0000e+00
        532  54.858468    0.03685     2.2113    132.676     69.678  50998.156    31.9793     6.5170     69.000     6.5111    25.1033     6.3407     9.0615     91.050    276.241    283.176   -0.00050    6.96401    9.95227  303.39657   15.64006 3.6382e-02     0.5234     0.4099    90.2592 0.0000e+00
        535  54.858477    0.03706     2.2239    133.437     70.684  50999.748    31.9800     6.5171     70.000     6.5111    25.1037     6.3355     9.0541     90.976    276.016    282.945   -0.00131    6.96397    9.95220  303.39445   15.63995 3.6382e-02     0.5310     0.4197    90.0390 0.0000e+00
        537  54.858485    0.03724     2.2345    134.073     71.683  51000.668    31.9802     6.5172     71.000     6.5111    25.1038     6.3377     9.0571     91.007    276.107    283.038   -0.00092    6.96394    9.95215  303.39297   15.63988 3.6382e-02     0.5341     0.4282    89.8486 0.0000e+00
        540  54.858492    0.03742     2.2450    134.697     72.679  51000.503    31.9796     6.5173     72.000     6.5110    25.1034     6.3384     9.0581     91.016    276.137    283.069   -0.00065    6.96395    9.95219  303.39400   15.63993 3.6382e-02     0.5292     0.4279    89.8559 0.0000e+00
        544  54.858503    0.03769     2.2615    135.688     73.689  51000.664    31.9792     6.5171     73.000     6.5108    25.1032     6.3376     9.0571     91.005    276.106    283.037   -0.00068    6.96400    9.95225  303.39589   15.64003 3.6382e-02     0.5430     0.4202    90.0274 0.0000e+00
        551  54.858526    0.03823     2.2937    137.620     74.723  51001.674    31.9794     6.5172     74.000     6.5109    25.1033     6.3405     9.0613     91.048    276.234    283.168   -0.00006    6.96398    9.95222  303.39494   15.63998 3.6382e-02     0.5459     0.4071    90.3246 0.0000e+00
        556  54.858538    0.03852     2.3111    138.667     75.732  51002.059    31.9792     6.5173     75.000     6.5108    25.1032     6.3386     9.0585     91.020    276.150    283.082   -0.00044    6.96397    9.95221  303.39476   15.63997 3.6382e-02     0.5239     0.4181    90.0764 0.0000e+00
        559  54.858546    0.03872     2.3234    139.405     76.731  51003.141    31.9795     6.5173     76.000     6.5107    25.1035     6.3368     9.0558     90.994    276.067    282.997   -0.00048    6.96395    9.95217  303.39357   15.63991 3.6382e-02     0.5386     0.4271    89.8711 0.0000e+00
        562  54.858555    0.03893     2.3355    140.129     77.732  51002.976    31.9789     6.5174     77.000     6.5109    25.1029     6.3371     9.0564     90.999    276.084    283.015   -0.00068    6.96397    9.95221  303.39470   15.63997 3.6382e-02     0.5309     0.4276    89.8615 0.0000e+00
        566  54.858567    0.03921     2.3525    141.148     78.743  51004.040    31.9792     6.5175     78.000     6.5109    25.1032     6.3455     9.0684     91.120    276.451    283.391    0.00047    6.96393    9.95215  303.39292   15.63988 3.6382e-02     0.5336     0.4209    90.0116 0.0000e+00
        572  54.858585    0.03965     2.3794    142.764     79.767  51004.530    31.9791     6.5176     79.000     6.5109    25.1031     6.3387     9.0586     91.022    276.154    283.087   -0.00055    6.96392    9.95214  303.39270   15.63988 3.6382e-02     0.5422     0.4090    90.2819 0.0000e+00
        577  54.858600    0.04001     2.4003    144.019     80.781  51005.923    31.9797     6.5178     80.000     6.5110    25.1035     6.3382     9.0579     91.016    276.133    283.066   -0.00055    6.96387    9.95206  303.39017   15.63975 3.6382e-02     0.5330     0.4156    90.1319 0.0000e+00
        580  54.858608    0.04022     2.4130    144.778     81.792  51005.022    31.9786     6.5178     81.000     6.5108    25.1026     6.3382     9.0580     91.015    276.133    283.064   -0.00050    6.96392    9.95214  303.39267   15.63988 3.6382e-02     0.5424     0.4234    89.9554 0.0000e+00
        583  54.858616    0.04039     2.4232    145.392     82.792  51007.842    31.9800     6.5179     82.000     6.5108    25.1038     6.3373     9.0566     91.003    276.093    283.023   -0.00061    6.96384    9.95201  303.38858   15.63967 3.6382e-02     0.5236     0.4284    89.8418 0.0000e+00
        585  54.858623    0.04056     2.4333    146.000     83.784  51007.287    31.9791     6.5178     83.000     6.5107    25.1031     6.3392     9.0592     91.029    276.174    283.106   -0.00045    6.96387    9.95207  303.39065   15.63978 3.6382e-02     0.5350     0.4297    89.8123 0.0000e+00
        589  54.858634    0.04083     2.4502    147.010     84.798  51007.816    31.9790     6.5177     84.000     6.5105    25.1031     6.3459     9.0690     91.126    276.469    283.410    0.00038    6.96390    9.95211  303.39167   15.63983 3.6382e-02     0.5388     0.4204    90.0241 0.0000e+00
        598  54.858659    0.04143     2.4855    149.131     85.831  51008.673    31.9791     6.5177     85.000     6.5104    25.1032     6.3475     9.0712     91.149    276.538    283.480    0.00026    6.96390    9.95211  303.39163   15.63982 3.6382e-02     0.5380     0.4031    90.4128 0.0000e+00
        602  54.858672    0.04174     2.5040    150.241     86.841  51009.172    31.9791     6.5176     86.000     6.5102    25.1031     6.3472     9.0707     91.143    276.522    283.463    0.00006    6.96391    9.95213  303.39221   15.63986 3.6382e-02     0.5305     0.4157    90.1303 0.0000e+00
        605  54.858680    0.04193     2.5156    150.939     87.843  51009.616    31.9788     6.5175     87.000     6.5102    25.1029     6.3467     9.0702     91.137    276.505    283.446   -0.00016    6.96395    9.95218  303.39380   15.63993 3.6382e-02     0.5306     0.4236    89.9513 0.0000e+00
        607  54.858687    0.04211     2.5266    151.597     88.839  51012.603    31.9805     6.5178     88.000     6.5105    25.1043     6.3474     9.0712     91.148    276.533    283.476   -0.00014    6.96384    9.95201  303.38839   15.63967 3.6382e-02     0.5326     0.4258    89.9033 0.0000e+00
        611  54.858698    0.04235     2.5410    152.460     89.849  51013.257    31.9805     6.5180     89.000     6.5104    25.1042     6.3488     9.0731     91.169    276.594    283.537   -0.00004    6.96378    9.95194  303.38611   15.63955 3.6382e-02     0.5428     0.4255    89.9091 0.0000e+00
        616  54.858713    0.04273     2.5640    153.838     90.868  51013.980    31.9806     6.5183     90.000     6.5108    25.1043     6.3494     9.0740     91.179    276.621    283.565    0.00001    6.96374    9.95187  303.38422   15.63946 3.6382e-02     0.5386     0.4159    90.1260 0.0000e+00
        622  54.858731    0.04316     2.5895    155.371     91.886  51014.291    31.9803     6.5181     91.000     6.5099    25.1041     6.3435     9.0655     91.093    276.363    283.301   -0.00085    6.96378    9.95193  303.38580   15.63954 3.6382e-02     0.5355     0.4126    90.1996 0.0000e+00
        626  54.858742    0.04343     2.6059    156.354     92.898  51015.760    31.9807     6.5178     92.000     6.5099    25.1045     6.3432     9.0650     91.088    276.349    283.286   -0.00072    6.96381    9.95198  303.38739   15.63962 3.6382e-02     0.5275     0.4186    90.0630 0.0000e+00
        629  54.858751    0.04364     2.6182    157.095     93.905  51016.077    31.9805     6.5176     93.000     6.5081    25.1044     6.3420     9.0633     91.069    276.295    283.232   -0.00076    6.96386    9.95206  303.38978   15.63974 3.6382e-02     0.5239     0.4246    89.9278 0.0000e+00
        632  54.858759    0.04382     2.6292    157.751     94.899  51018.964    31.9817     6.5159     94.000     6.5073    25.1055     6.3445     9.0670     91.104    276.409    283.348   -0.00056    6.96408    9.95237  303.39896   15.64016 3.6382e-02     0.5311     0.4315    89.7744 0.0000e+00
        636  54.858769    0.04407     2.6440    158.640     95.905  51018.408    31.9808     6.5157     95.000     6.5075    25.1048     6.3537     9.0802     91.236    276.810    283.759    0.00057    6.96416    9.95248  303.40248   15.64034 3.6382e-02     0.5344     0.4290    89.8311 0.0000e+00
        643  54.858791    0.04460     2.6760    160.559     96.934  51016.897    31.9792     6.5154     96.000     6.5071    25.1036     6.3476     9.0713     91.144    276.540    283.482   -0.00042    6.96427    9.95264  303.40785   15.64060 3.6382e-02     0.5292     0.4109    90.2363 0.0000e+00
        649  54.858808    0.04500     2.6999    161.995     97.952  51017.178    31.9788     6.5148     97.000     6.5064    25.1034     6.3398     9.0602     91.032    276.202    283.136   -0.00135    6.96438    9.95281  303.41277   15.64083 3.6382e-02     0.5328     0.4133    90.1837 0.0000e+00
        652  54.858816    0.04520     2.7121    162.724     98.956  51018.509    31.9792     6.5147     98.000     6.5060    25.1037     6.3406     9.0614     91.044    276.239    283.173   -0.00103    6.96438    9.95279  303.41228   15.64081 3.6382e-02     0.5272     0.4246    89.9288 0.0000e+00
        654  54.858823    0.04538     2.7225    163.352     99.951  51021.079    31.9805     6.5143     99.000     6.5057    25.1048     6.3454     9.0682     91.113    276.449    283.388   -0.00044    6.96440    9.95281  303.41279   15.64082 3.6382e-02     0.5350     0.4313    89.7789 0.0000e+00
        657  54.858831    0.04557     2.7340    164.038    100.959  51022.776    31.9811     6.5142    100.000     6.5057    25.1053     6.3522     9.0780     91.210    276.742    283.690    0.00052    6.96437    9.95278  303.41161   15.64077 3.6382e-02     0.5329     0.4311    89.7847 0.0000e+00
        661  54.858842    0.04582     2.7494    164.963    101.969  51022.197    31.9803     6.5144    101.000     6.5059    25.1046     6.3527     9.0786     91.216    276.762    283.710    0.00049    6.96438    9.95280  303.41230   15.64081 3.6382e-02     0.5367     0.4268    89.8793 0.0000e+00
        667  54.858860    0.04624     2.7746    166.475    102.990  51022.174    31.9799     6.5148    102.000     6.5062    25.1043     6.3454     9.0681     91.113    276.444    283.384   -0.00065    6.96433    9.95272  303.41006   15.64070 3.6382e-02     0.5275     0.4145    90.1557 0.0000e+00
        673  54.858876    0.04664     2.7981    167.888    104.014  51023.674    31.9805     6.5151    103.000     6.5066    25.1048     6.3498     9.0746     91.177    276.639    283.584   -0.00003    6.96425    9.95262  303.40681   15.64054 3.6382e-02     0.5418     0.4190    90.0531 0.0000e+00
        675  54.858884    0.04684     2.8101    168.604    105.013  51023.648    31.9800     6.5154    104.000     6.5062    25.1044     6.3509     9.0759     91.192    276.682    283.627    0.00011    6.96423    9.95258  303.40551   15.64049 3.6382e-02     0.5379     0.4307    89.7927 0.0000e+00
        678  54.858892    0.04702     2.8214    169.284    106.006  51023.727    31.9795     6.5151    105.000     6.5059    25.1040     6.3597     9.0886     91.318    277.070    284.025    0.00084    6.96431    9.95269  303.40932   15.64067 3.6382e-02     0.5306     0.4292    89.8255 0.0000e+00
        682  54.858903    0.04729     2.8373    170.236    107.024  51025.487    31.9803     6.5152    106.000     6.5064    25.1047     6.3555     9.0827     91.259    276.887    283.838    0.00046    6.96426    9.95262  303.40670   15.64054 3.6382e-02     0.5369     0.4245    89.9300 0.0000e+00
        686  54.858916    0.04760     2.8562    171.373    108.038  51026.414    31.9807     6.5160    107.000     6.5071    25.1048     6.3507     9.0758     91.192    276.677    283.623   -0.00070    6.96411    9.95240  303.40019   15.64023 3.6382e-02     0.5256     0.4197    90.0392 0.0000e+00
