CTD-processing/allCTD/CNV/2015_02-23_t6_s19_cast228_4141.cnv
* Sea-Bird SBE19plus Data File:
* FileName = C:\Users\amdoroff\Desktop\2015_02_23_CookInlet_Tran6_Douglas\2015_02_23_CookInlet_Tran6_cast228.hex
* Software Version 1.59
* Temperature SN =  4141
* Conductivity SN =  4141
* System UpLoad Time = Feb 24 2015 01:33:42
** Cook Inlet LTM Tran6 Douglas W to E
** Date 02-23
** Station: 6-19
** Start Time (AKST): 18:11
** Depth (m): 180
** Comment:
** Comment: On R/V Pandalus. Transect crossed 23-24 Feb.
# nquan = 27
# nvalues = 178                         
# units = specified
# name 0 = scan: Scan Count
# name 1 = timeJ: Julian Days
# name 2 = timeH: Time, Elapsed [hours]
# name 3 = timeM: Time, Elapsed [minutes]
# name 4 = timeS: Time, Elapsed [seconds]
# name 5 = prdM: Pressure, Strain Gauge [db]
# name 6 = specc: Specific Conductance [uS/cm]
# name 7 = sal00: Salinity, Practical [PSU]
# name 8 = tv290C: Temperature [ITS-90, deg C]
# name 9 = depSM: Depth [salt water, m], lat = 59.00
# name 10 = potemp090C: Potential Temperature [ITS-90, deg C]
# name 11 = sigma-é00: Density [sigma-theta, kg/m^3]
# name 12 = sbeox0ML/L: Oxygen, SBE 43 [ml/l]
# name 13 = sbeox0Mg/L: Oxygen, SBE 43 [mg/l]
# name 14 = sbeox0PS: Oxygen, SBE 43 [% saturation]
# name 15 = sbox0Mm/Kg: Oxygen, SBE 43 [umol/kg]
# name 16 = sbeox0Mm/L: Oxygen, SBE 43 [umol/l]
# name 17 = sbox0dV/dT: Oxygen, SBE 43 [dov/dt]
# name 18 = oxsolML/L: Oxygen Saturation, Garcia & Gordon [ml/l]
# name 19 = oxsolMg/L: Oxygen Saturation, Garcia & Gordon [mg/l]
# name 20 = oxsolMm/Kg: Oxygen Saturation, Garcia & Gordon [umol/kg]
# name 21 = n2satMg/L: Nitrogen Saturation [mg/l]
# name 22 = par: PAR/Irradiance, Biospherical/Licor
# name 23 = wetStar: Fluorescence, WET Labs WETstar [mg/m^3]
# name 24 = CStarAt0: Beam Attenuation, WET Labs C-Star [1/m]
# name 25 = CStarTr0: Beam Transmission, WET Labs C-Star [%]
# name 26 = flag: flag
# span 0 =         53,        980       
# span 1 =  54.758506,  54.761189       
# span 2 =    0.00358,    0.06799       
# span 3 =     0.2149,     4.0795       
# span 4 =     12.895,    244.771       
# span 5 =      1.002,    179.745       
# span 6 =  50845.395,  51273.800       
# span 7 =    31.8829,    32.1323       
# span 8 =     6.2453,     6.5509       
# span 9 =      1.000,    178.000       
# span 10 =     6.3608,     6.5436      
# span 11 =    25.0411,    25.2572      
# span 12 =     5.8768,     6.3766      
# span 13 =     8.3986,     9.1129      
# span 14 =     84.105,     91.390      
# span 15 =    256.046,    277.811      
# span 16 =    262.458,    284.781      
# span 17 =   -0.03281,    0.04483      
# span 18 =    6.95388,    7.00023      
# span 19 =    9.93779,   10.00404      
# span 20 =  302.92995,  304.91732      
# span 21 =   15.61736,   15.71193      
# span 22 = 3.6382e-02, 7.4819e+00      
# span 23 =     0.2111,     0.6643      
# span 24 =     0.3772,     6.9867      
# span 25 =    35.7782,    91.0003      
# span 26 = 0.0000e+00, 0.0000e+00      
# interval = meters: 1                  
# start_time = Feb 23 2015 18:12:02 [Instrument's time stamp, header]
# bad_flag = -9.990e-29
*END*
[from data line 108]
        711  54.760412    0.04934     2.9601    177.606    110.062  51179.948    32.0923     6.5474    109.000     6.5381    25.1888     6.2533     8.9366     89.925    272.411    279.273   -0.00071    6.95390    9.93781  302.93044   15.61738 3.6382e-02     0.5195     0.3845    90.8365 0.0000e+00
        715  54.760422    0.04956     2.9739    178.435    111.068  51180.564    32.0923     6.5475    110.000     6.5379    25.1889     6.2519     8.9346     89.906    272.351    279.210   -0.00098    6.95388    9.93779  302.92995   15.61736 3.6382e-02     0.5261     0.3843    90.8415 0.0000e+00
        718  54.760431    0.04979     2.9877    179.260    112.076  51181.698    32.0925     6.5472    111.000     6.5372    25.1891     6.2561     8.9406     89.965    272.533    279.397   -0.00028    6.95392    9.93784  302.93127   15.61741 3.6382e-02     0.5120     0.3850    90.8240 0.0000e+00
        722  54.760442    0.05004     3.0026    180.159    113.082  51182.983    32.0928     6.5464    112.000     6.5364    25.1894     6.2557     8.9402     89.959    272.518    279.383   -0.00022    6.95404    9.93802  302.93664   15.61767 3.6382e-02     0.5132     0.3887    90.7393 0.0000e+00
        726  54.760454    0.05035     3.0206    181.236    114.101  51184.930    32.0936     6.5460    113.000     6.5362    25.1901     6.2535     8.9369     89.926    272.419    279.281   -0.00063    6.95406    9.93805  302.93741   15.61770 3.6382e-02     0.5070     0.3880    90.7556 0.0000e+00
        730  54.760465    0.05061     3.0366    182.198    115.115  51185.855    32.0937     6.5459    114.000     6.5361    25.1902     6.2553     8.9394     89.951    272.496    279.361   -0.00024    6.95407    9.93806  302.93769   15.61772 3.6382e-02     0.5033     0.3891    90.7299 0.0000e+00
        733  54.760474    0.05082     3.0494    182.962    116.117  51186.746    32.0939     6.5459    115.000     6.5361    25.1903     6.2565     8.9411     89.969    272.548    279.414   -0.00020    6.95405    9.93804  302.93710   15.61769 3.6382e-02     0.5101     0.3910    90.6887 0.0000e+00
        736  54.760483    0.05104     3.0623    183.736    117.120  51186.967    32.0935     6.5460    116.000     6.5360    25.1901     6.2581     8.9434     89.992    272.618    279.485   -0.00003    6.95406    9.93804  302.93717   15.61770 3.6382e-02     0.5418     0.3916    90.6748 0.0000e+00
        740  54.760495    0.05132     3.0789    184.733    118.134  51187.327    32.0933     6.5458    117.000     6.5349    25.1900     6.2592     8.9449     90.006    272.665    279.533    0.00003    6.95411    9.93811  302.93939   15.61780 3.6382e-02     0.5175     0.3901    90.7071 0.0000e+00
        745  54.760508    0.05165     3.0988    185.929    119.148  51189.384    32.0935     6.5422    118.000     6.5297    25.1906     6.2527     8.9356     89.905    272.380    279.242   -0.00086    6.95468    9.93894  302.96438   15.61899 3.6382e-02     0.5086     0.3862    90.7959 0.0000e+00
        749  54.760522    0.05196     3.1176    187.056    120.168  51194.339    32.0958     6.5380    119.000     6.5274    25.1929     6.2524     8.9352     89.894    272.368    279.229   -0.00085    6.95526    9.93976  302.98870   15.62015 3.6382e-02     0.5039     0.3896    90.7205 0.0000e+00
        752  54.760531    0.05218     3.1312    187.870    121.178  51195.453    32.0959     6.5376    120.000     6.5275    25.1931     6.2520     8.9347     89.888    272.353    279.214   -0.00071    6.95532    9.93984  302.99112   15.62026 3.6382e-02     0.4976     0.3952    90.5917 0.0000e+00
        755  54.760538    0.05236     3.1415    188.492    122.182  51196.163    32.0961     6.5379    121.000     6.5277    25.1931     6.2524     8.9353     89.896    272.372    279.234   -0.00071    6.95525    9.93976  302.98847   15.62013 3.6382e-02     0.4940     0.3984    90.5197 0.0000e+00
        757  54.760545    0.05252     3.1513    189.074    123.177  51196.313    32.0957     6.5382    122.000     6.5277    25.1929     6.2568     8.9415     89.957    272.559    279.425   -0.00024    6.95523    9.93972  302.98741   15.62007 3.6382e-02     0.4947     0.4029    90.4183 0.0000e+00
        760  54.760554    0.05273     3.1639    189.835    124.183  51196.707    32.0955     6.5380    123.000     6.5269    25.1928     6.2639     8.9517     90.059    272.870    279.745    0.00068    6.95528    9.93978  302.98951   15.62018 3.6382e-02     0.4876     0.4023    90.4313 0.0000e+00
        766  54.760569    0.05309     3.1855    191.133    125.210  51198.127    32.0959     6.5373    124.000     6.5268    25.1931     6.2636     8.9514     90.055    272.860    279.735    0.00043    6.95536    9.93990  302.99298   15.62035 3.6382e-02     0.4869     0.3959    90.5769 0.0000e+00
        770  54.760583    0.05343     3.2058    192.351    126.229  51198.059    32.0953     6.5373    125.000     6.5263    25.1927     6.2562     8.9408     89.949    272.540    279.405   -0.00073    6.95538    9.93993  302.99396   15.62039 3.6382e-02     0.4783     0.3927    90.6500 0.0000e+00
        774  54.760592    0.05365     3.2192    193.151    127.234  51198.293    32.0949     6.5367    126.000     6.5251    25.1925     6.2524     8.9353     89.891    272.369    279.230   -0.00124    6.95550    9.94011  302.99934   15.62065 3.6382e-02     0.4825     0.3970    90.5513 0.0000e+00
        776  54.760600    0.05384     3.2304    193.825    128.234  51199.865    32.0954     6.5358    127.000     6.5246    25.1929     6.2529     8.9360     89.897    272.391    279.254   -0.00105    6.95564    9.94030  303.00529   15.62094 3.6382e-02     0.4896     0.4000    90.4854 0.0000e+00
        779  54.760609    0.05405     3.2430    194.581    129.238  51202.326    32.0965     6.5354    128.000     6.5244    25.1939     6.2543     8.9380     89.918    272.453    279.317   -0.00074    6.95563    9.94029  303.00467   15.62090 3.6382e-02     0.4816     0.3998    90.4887 0.0000e+00
        784  54.760622    0.05438     3.2627    195.763    130.252  51202.731    32.0962     6.5352    129.000     6.5236    25.1938     6.2516     8.9341     89.877    272.333    279.194   -0.00086    6.95570    9.94039  303.00753   15.62104 3.6382e-02     0.4810     0.3965    90.5623 0.0000e+00
        790  54.760640    0.05482     3.2891    197.344    131.286  51205.189    32.0972     6.5339    130.000     6.5221    25.1947     6.2577     8.9429     89.963    272.600    279.469    0.00003    6.95586    9.94062  303.01427   15.62136 3.6382e-02     0.4839     0.3965    90.5646 0.0000e+00
        793  54.760649    0.05503     3.3017    198.103    132.289  51207.682    32.0983     6.5327    131.000     6.5203    25.1957     6.2590     8.9446     89.979    272.655    279.525    0.00036    6.95600    9.94081  303.01993   15.62163 3.6382e-02     0.4892     0.4106    90.2451 0.0000e+00
        796  54.760656    0.05520     3.3117    198.705    133.289  51210.730    32.0996     6.5314    132.000     6.5197    25.1970     6.2547     8.9386     89.917    272.472    279.337   -0.00052    6.95614    9.94102  303.02596   15.62191 3.6382e-02     0.4933     0.4183    90.0693 0.0000e+00
        798  54.760664    0.05537     3.3219    199.315    134.284  51213.128    32.1008     6.5311    133.000     6.5197    25.1979     6.2571     8.9420     89.950    272.573    279.441   -0.00038    6.95613    9.94102  303.02539   15.62187 3.6382e-02     0.4959     0.4209    90.0133 0.0000e+00
        802  54.760674    0.05562     3.3370    200.222    135.297  51214.485    32.1013     6.5311    134.000     6.5196    25.1983     6.2589     8.9446     89.977    272.651    279.521   -0.00006    6.95611    9.94099  303.02455   15.62183 3.6382e-02     0.4968     0.4187    90.0615 0.0000e+00
        808  54.760692    0.05604     3.3627    201.764    136.327  51215.196    32.1013     6.5311    135.000     6.5195    25.1983     6.2550     8.9390     89.920    272.481    279.347   -0.00053    6.95612    9.94099  303.02441   15.62182 3.6382e-02     0.4841     0.4119    90.2161 0.0000e+00
        813  54.760705    0.05637     3.3819    202.912    137.347  51216.070    32.1015     6.5311    136.000     6.5195    25.1984     6.2464     8.9268     89.798    272.109    278.966   -0.00139    6.95611    9.94096  303.02390   15.62180 3.6382e-02     0.4940     0.4136    90.1767 0.0000e+00
        815  54.760712    0.05653     3.3918    203.508    138.344  51216.217    32.1011     6.5313    137.000     6.5195    25.1981     6.2437     8.9229     89.759    271.992    278.845   -0.00178    6.95610    9.94096  303.02370   15.62179 3.6382e-02     0.4750     0.4202    90.0277 0.0000e+00
        817  54.760719    0.05670     3.4016    204.094    139.335  51217.442    32.1015     6.5313    138.000     6.5191    25.1984     6.2459     8.9260     89.790    272.085    278.942   -0.00133    6.95608    9.94092  303.02247   15.62173 3.6382e-02     0.4659     0.4230    89.9654 0.0000e+00
        821  54.760728    0.05692     3.4152    204.913    140.337  51219.850    32.1025     6.5307    139.000     6.5184    25.1994     6.2517     8.9343     89.873    272.339    279.201   -0.00036    6.95613    9.94100  303.02467   15.62183 3.6382e-02     0.4718     0.4254    89.9108 0.0000e+00
        830  54.760755    0.05756     3.4538    207.230    141.396  51221.287    32.1029     6.5301    140.000     6.5179    25.1998     6.2496     8.9313     89.842    272.247    279.107   -0.00047    6.95620    9.94112  303.02798   15.62199 3.6382e-02     0.4801     0.4221    89.9856 0.0000e+00
        832  54.760762    0.05774     3.4643    207.856    142.390  51222.811    32.1035     6.5300    141.000     6.5177    25.2002     6.2391     8.9162     89.690    271.788    278.637   -0.00193    6.95620    9.94111  303.02765   15.62197 3.6382e-02     0.4730     0.4324    89.7527 0.0000e+00
        835  54.760769    0.05790     3.4737    208.426    143.390  51222.619    32.1029     6.5298    142.000     6.5172    25.1999     6.2373     8.9138     89.666    271.714    278.562   -0.00217    6.95624    9.94117  303.02978   15.62207 3.6382e-02     0.4646     0.4401    89.5805 0.0000e+00
        837  54.760775    0.05806     3.4835    209.009    144.383  51223.756    32.1031     6.5295    143.000     6.5166    25.2001     6.2453     8.9253     89.780    272.061    278.917   -0.00097    6.95630    9.94125  303.03193   15.62217 3.6382e-02     0.4717     0.4464    89.4411 0.0000e+00
        840  54.760785    0.05829     3.4975    209.851    145.400  51224.539    32.1030     6.5286    144.000     6.5158    25.2001     6.2527     8.9358     89.884    272.383    279.248    0.00028    6.95644    9.94145  303.03799   15.62247 3.6382e-02     0.4957     0.4433    89.5104 0.0000e+00
        846  54.760800    0.05865     3.5191    211.147    146.419  51225.971    32.1034     6.5282    145.000     6.5158    25.2005     6.2532     8.9364     89.890    272.403    279.268    0.00019    6.95649    9.94152  303.04008   15.62256 3.6382e-02     0.4755     0.4473    89.4202 0.0000e+00
        851  54.760816    0.05903     3.5417    212.503    147.437  51225.808    32.1029     6.5281    146.000     6.5150    25.2000     6.2516     8.9341     89.866    272.332    279.195   -0.00015    6.95654    9.94159  303.04229   15.62267 3.6382e-02     0.4800     0.4445    89.4833 0.0000e+00
        855  54.760828    0.05931     3.5584    213.504    148.446  51226.307    32.1025     6.5270    147.000     6.5143    25.1999     6.2492     8.9308     89.830    272.232    279.091   -0.00064    6.95672    9.94185  303.05024   15.62305 3.6382e-02     0.4633     0.4557    89.2324 0.0000e+00
        858  54.760837    0.05952     3.5716    214.298    149.453  51228.272    32.1035     6.5274    148.000     6.5150    25.2006     6.2517     8.9344     89.867    272.338    279.201   -0.00029    6.95663    9.94172  303.04613   15.62285 3.6382e-02     0.4751     0.4575    89.1928 0.0000e+00
        861  54.760846    0.05974     3.5843    215.057    150.458  51227.326    32.1024     6.5275    149.000     6.5138    25.1998     6.2527     8.9356     89.880    272.378    279.242    0.00001    6.95665    9.94176  303.04732   15.62291 3.6382e-02     0.4701     0.4628    89.0727 0.0000e+00
        865  54.760855    0.05997     3.5982    215.892    151.467  51229.375    32.1031     6.5263    150.000     6.5134    25.2005     6.2447     8.9243     89.764    272.035    278.890   -0.00111    6.95681    9.94198  303.05396   15.62323 3.6382e-02     0.4731     0.4698    88.9191 0.0000e+00
        868  54.760866    0.06024     3.6142    216.854    152.474  51230.332    32.1034     6.5268    151.000     6.5140    25.2006     6.2446     8.9242     89.764    272.029    278.884   -0.00103    6.95672    9.94186  303.05032   15.62305 3.6382e-02     0.4676     0.4687    88.9415 0.0000e+00
        874  54.760883    0.06062     3.6375    218.248    153.494  51230.729    32.1032     6.5274    152.000     6.5143    25.2005     6.2497     8.9314     89.838    272.252    279.112   -0.00012    6.95663    9.94171  303.04596   15.62285 3.6382e-02     0.4743     0.4618    89.0952 0.0000e+00
        879  54.760897    0.06096     3.6580    219.478    154.516  51230.217    32.1023     6.5266    153.000     6.5125    25.1999     6.2524     8.9353     89.874    272.368    279.232    0.00028    6.95680    9.94196  303.05351   15.62321 3.6382e-02     0.4669     0.4644    89.0404 0.0000e+00
        882  54.760906    0.06117     3.6702    220.209    155.521  51232.741    32.1033     6.5253    154.000     6.5117    25.2009     6.2530     8.9361     89.881    272.394    279.258   -0.00003    6.95697    9.94220  303.06078   15.62356 3.6382e-02     0.4968     0.4879    88.5163 0.0000e+00
        884  54.760912    0.06133     3.6799    220.792    156.518  51234.295    32.1039     6.5251    155.000     6.5118    25.2013     6.2512     8.9335     89.854    272.313    279.176   -0.00027    6.95697    9.94220  303.06056   15.62354 3.6382e-02     0.4669     0.5001    88.2464 0.0000e+00
        887  54.760919    0.06152     3.6909    221.455    157.511  51235.064    32.1039     6.5251    156.000     6.5114    25.2014     6.2528     8.9359     89.878    272.385    279.249   -0.00014    6.95696    9.94219  303.06040   15.62353 3.6382e-02     0.4669     0.5001    88.2453 0.0000e+00
        894  54.760939    0.06199     3.7192    223.152    158.545  51234.836    32.1032     6.5249    157.000     6.5115    25.2009     6.2466     8.9270     89.787    272.114    278.971   -0.00084    6.95702    9.94229  303.06333   15.62368 3.6382e-02     0.4659     0.4914    88.4396 0.0000e+00
        900  54.760957    0.06241     3.7449    224.692    159.569  51236.810    32.1042     6.5251    158.000     6.5116    25.2016     6.2398     8.9173     89.692    271.820    278.670   -0.00154    6.95696    9.94219  303.06011   15.62352 3.6382e-02     0.4701     0.4917    88.4331 0.0000e+00
        902  54.760965    0.06259     3.7556    225.337    160.568  51237.322    32.1042     6.5254    159.000     6.5120    25.2016     6.2477     8.9286     89.807    272.164    279.023   -0.00044    6.95691    9.94211  303.05777   15.62341 3.6382e-02     0.4636     0.4992    88.2683 0.0000e+00
        905  54.760971    0.06276     3.7657    225.942    161.564  51237.215    32.1037     6.5257    160.000     6.5119    25.2011     6.2546     8.9384     89.905    272.464    279.330    0.00063    6.95688    9.94208  303.05690   15.62337 3.6382e-02     0.4757     0.5045    88.1498 0.0000e+00
        908  54.760980    0.06297     3.7778    226.671    162.570  51237.783    32.1036     6.5257    161.000     6.5119    25.2011     6.2550     8.9389     89.910    272.481    279.347    0.00065    6.95687    9.94207  303.05670   15.62336 3.6382e-02     0.4723     0.5017    88.2122 0.0000e+00
