CTD-processing/allCTD/CNV/2015_02-24_t7_s21_cast250_4141.cnv
* Sea-Bird SBE19plus Data File:
* FileName = C:\Users\amdoroff\Desktop\2015_02_24_CookInlet_Tran7_Augustine\2015_02_24_CookInlet_Tran7_cast250.hex
* Software Version 1.59
* Temperature SN =  4141
* Conductivity SN =  4141
* System UpLoad Time = Feb 24 2015 13:07:56
** Cook Inlet LTM Tran7 Augustine E to W
** Date 02-24
** Station: 7-21
** Start Time (AKST): 05:58
** Depth (m):  75
** Comment:
** Comment: On R/V Pandalus.
# nquan = 27
# nvalues = 75                          
# units = specified
# name 0 = scan: Scan Count
# name 1 = timeJ: Julian Days
# name 2 = timeH: Time, Elapsed [hours]
# name 3 = timeM: Time, Elapsed [minutes]
# name 4 = timeS: Time, Elapsed [seconds]
# name 5 = prdM: Pressure, Strain Gauge [db]
# name 6 = specc: Specific Conductance [uS/cm]
# name 7 = sal00: Salinity, Practical [PSU]
# name 8 = tv290C: Temperature [ITS-90, deg C]
# name 9 = depSM: Depth [salt water, m], lat = 59.00
# name 10 = potemp090C: Potential Temperature [ITS-90, deg C]
# name 11 = sigma-é00: Density [sigma-theta, kg/m^3]
# name 12 = sbeox0ML/L: Oxygen, SBE 43 [ml/l]
# name 13 = sbeox0Mg/L: Oxygen, SBE 43 [mg/l]
# name 14 = sbeox0PS: Oxygen, SBE 43 [% saturation]
# name 15 = sbox0Mm/Kg: Oxygen, SBE 43 [umol/kg]
# name 16 = sbeox0Mm/L: Oxygen, SBE 43 [umol/l]
# name 17 = sbox0dV/dT: Oxygen, SBE 43 [dov/dt]
# name 18 = oxsolML/L: Oxygen Saturation, Garcia & Gordon [ml/l]
# name 19 = oxsolMg/L: Oxygen Saturation, Garcia & Gordon [mg/l]
# name 20 = oxsolMm/Kg: Oxygen Saturation, Garcia & Gordon [umol/kg]
# name 21 = n2satMg/L: Nitrogen Saturation [mg/l]
# name 22 = par: PAR/Irradiance, Biospherical/Licor
# name 23 = wetStar: Fluorescence, WET Labs WETstar [mg/m^3]
# name 24 = CStarAt0: Beam Attenuation, WET Labs C-Star [1/m]
# name 25 = CStarTr0: Beam Transmission, WET Labs C-Star [%]
# name 26 = flag: flag
# span 0 =        105,        514       
# span 1 =  55.249328,  55.250512       
# span 2 =    0.00721,    0.03562       
# span 3 =     0.4328,     2.1374       
# span 4 =     25.965,    128.242       
# span 5 =      1.011,     75.689       
# span 6 =  50410.305,  50518.384       
# span 7 =    31.5197,    31.5790       
# span 8 =     6.0750,     6.1684       
# span 9 =      1.000,     75.000       
# span 10 =     6.0909,     6.1630      
# span 11 =    24.7945,    24.8314      
# span 12 =     6.1564,     6.4612      
# span 13 =     8.7981,     9.2338      
# span 14 =     87.232,     91.727      
# span 15 =    268.292,    281.568      
# span 16 =    274.944,    288.560      
# span 17 =   -0.00144,    0.02829      
# span 18 =    7.03958,    7.05772      
# span 19 =   10.06026,   10.08618      
# span 20 =  306.77045,  307.57134      
# span 21 =   15.80252,   15.84091      
# span 22 = 3.6249e-02, 9.3096e-02      
# span 23 =     0.3523,     0.5431      
# span 24 =     0.4167,     1.6694      
# span 25 =    73.8789,    89.5173      
# span 26 = 0.0000e+00, 0.0000e+00      
# interval = meters: 1                  
# start_time = Feb 24 2015 05:58:36 [Instrument's time stamp, header]
# bad_flag = -9.990e-29
*END*
        105  55.249328    0.00721     0.4328     25.965      1.011  50410.305    31.5197     6.0750      1.000     6.0909    24.7945     6.1564     8.7981     87.232    268.292    274.944    0.00516    7.05772   10.08618  307.57134   15.84091 9.3096e-02     0.3523     1.6694    73.8789 0.0000e+00
        307  55.249912    0.02123     1.2734     76.404      2.037  50473.873    31.5765     6.1419      2.000     6.1478    24.8314     6.4612     9.2338     91.727    281.568    288.560    0.02829    7.04401   10.06660  306.96308   15.81169 6.3138e-02     0.5204     0.4167    89.5173 0.0000e+00
        300  55.249894    0.02077     1.2466     74.795      3.035  50464.356    31.5708     6.1483      3.000     6.1499    24.8260     6.4290     9.1877     91.280    280.165    287.121    0.01798    7.04323   10.06548  306.93078   15.81017 4.1945e-02     0.5173     0.4843    88.5986 0.0000e+00
        303  55.249902    0.02096     1.2577     75.464      4.036  50460.310    31.5678     6.1501      4.000     6.1497    24.8234     6.4145     9.1669     91.075    279.532    286.471    0.01197    7.04307   10.06524  306.92422   15.80987 4.1560e-02     0.5217     0.4843    88.5956 0.0000e+00
        306  55.249909    0.02116     1.2694     76.166      5.045  50462.073    31.5686     6.1503      5.000     6.1506    24.8240     6.4069     9.1560     90.968    279.200    286.131    0.00787    7.04301   10.06516  306.92162   15.80975 4.1738e-02     0.5431     0.4863    88.5520 0.0000e+00
        309  55.249918    0.02137     1.2819     76.916      6.057  50462.472    31.5686     6.1514      6.000     6.1512    24.8239     6.4078     9.1573     90.982    279.240    286.171    0.00587    7.04283   10.06490  306.91369   15.80938 4.0425e-02     0.5088     0.4894    88.4829 0.0000e+00
        312  55.249927    0.02157     1.2943     77.660      7.070  50462.756    31.5683     6.1517      7.000     6.1511    24.8237     6.4081     9.1578     90.988    279.253    286.185    0.00449    7.04278   10.06483  306.91168   15.80927 4.0230e-02     0.5180     0.4870    88.5358 0.0000e+00
        314  55.249934    0.02177     1.3059     78.356      8.071  50464.782    31.5693     6.1517      8.000     6.1511    24.8245     6.4101     9.1607     91.017    279.342    286.275    0.00349    7.04273   10.06477  306.90939   15.80916 4.0615e-02     0.5131     0.4895    88.4824 0.0000e+00
        317  55.249943    0.02196     1.3179     79.074      9.084  50464.596    31.5687     6.1519      9.000     6.1513    24.8239     6.4069     9.1561     90.972    279.202    286.133    0.00232    7.04272   10.06475  306.90933   15.80916 4.0498e-02     0.5073     0.4857    88.5653 0.0000e+00
        320  55.249952    0.02217     1.3305     79.829     10.093  50465.238    31.5686     6.1521     10.000     6.1510    24.8240     6.4019     9.1489     90.901    278.984    285.909    0.00100    7.04270   10.06472  306.90832   15.80912 4.0631e-02     0.5169     0.4857    88.5641 0.0000e+00
        323  55.249960    0.02239     1.3433     80.600     11.106  50464.115    31.5674     6.1517     11.000     6.1502    24.8230     6.4066     9.1556     90.966    279.188    286.119    0.00083    7.04282   10.06490  306.91395   15.80939 3.9503e-02     0.5312     0.4840    88.6023 0.0000e+00
        326  55.249969    0.02260     1.3557     81.340     12.114  50462.889    31.5659     6.1509     12.000     6.1486    24.8219     6.4110     9.1619     91.026    279.379    286.314    0.00138    7.04303   10.06520  306.92353   15.80985 3.7543e-02     0.5228     0.4842    88.5986 0.0000e+00
        329  55.249978    0.02280     1.3679     82.075     13.123  50464.032    31.5658     6.1489     13.000     6.1470    24.8221     6.4051     9.1535     90.937    279.121    286.050    0.00033    7.04335   10.06566  306.93746   15.81052 3.6249e-02     0.5122     0.4872    88.5322 0.0000e+00
        332  55.249986    0.02301     1.3802     82.812     14.132  50464.983    31.5658     6.1479     14.000     6.1467    24.8223     6.4040     9.1519     90.919    279.074    286.002   -0.00035    7.04352   10.06590  306.94464   15.81086 3.6381e-02     0.5216     0.4847    88.5878 0.0000e+00
        335  55.249995    0.02321     1.3926     83.556     15.140  50470.662    31.5694     6.1485     15.000     6.1485    24.8250     6.4096     9.1600     91.004    279.320    286.254    0.00031    7.04326   10.06552  306.93257   15.81027 3.6383e-02     0.5364     0.4828    88.6314 0.0000e+00
        338  55.250004    0.02342     1.4052     84.314     16.152  50466.739    31.5664     6.1496     16.000     6.1480    24.8225     6.4173     9.1710     91.112    279.653    286.595    0.00119    7.04322   10.06547  306.93147   15.81023 3.6382e-02     0.5145     0.4843    88.5963 0.0000e+00
        341  55.250012    0.02363     1.4176     85.057     17.164  50470.203    31.5683     6.1496     17.000     6.1495    24.8241     6.4199     9.1747     91.151    279.768    286.713    0.00129    7.04313   10.06533  306.92689   15.81000 3.6382e-02     0.5279     0.4815    88.6579 0.0000e+00
        344  55.250020    0.02382     1.4293     85.759     18.170  50475.734    31.5721     6.1521     18.000     6.1523    24.8268     6.4167     9.1702     91.114    279.629    286.571    0.00063    7.04253   10.06449  306.90042   15.80873 3.6382e-02     0.5155     0.4864    88.5516 0.0000e+00
        347  55.250029    0.02402     1.4412     86.469     19.176  50472.832    31.5700     6.1539     19.000     6.1528    24.8249     6.4148     9.1673     91.088    279.543    286.482    0.00003    7.04234   10.06422  306.89250   15.80836 3.6382e-02     0.5286     0.4856    88.5675 0.0000e+00
        350  55.250038    0.02424     1.4542     87.252     20.188  50473.672    31.5702     6.1548     20.000     6.1532    24.8250     6.4134     9.1653     91.070    279.481    286.419   -0.00021    7.04218   10.06397  306.88519   15.80801 3.6382e-02     0.5206     0.4849    88.5842 0.0000e+00
        353  55.250047    0.02446     1.4678     88.070     21.204  50473.343    31.5696     6.1548     21.000     6.1531    24.8245     6.4132     9.1651     91.068    279.474    286.412   -0.00032    7.04221   10.06401  306.88660   15.80808 3.6382e-02     0.5136     0.4846    88.5899 0.0000e+00
        356  55.250056    0.02467     1.4801     88.806     22.209  50473.598    31.5693     6.1548     22.000     6.1528    24.8242     6.4112     9.1623     91.039    279.388    286.323   -0.00059    7.04223   10.06404  306.88757   15.80813 3.6382e-02     0.5047     0.4860    88.5583 0.0000e+00
        359  55.250064    0.02487     1.4921     89.527     23.216  50473.605    31.5687     6.1547     23.000     6.1532    24.8238     6.4155     9.1684     91.101    279.576    286.517   -0.00019    7.04226   10.06410  306.88935   15.80821 3.6382e-02     0.5260     0.4859    88.5625 0.0000e+00
        362  55.250072    0.02508     1.5047     90.282     24.226  50475.296    31.5695     6.1553     24.000     6.1535    24.8244     6.4194     9.1740     91.157    279.745    286.690    0.00039    7.04214   10.06392  306.88352   15.80793 3.6382e-02     0.5207     0.4864    88.5519 0.0000e+00
        365  55.250082    0.02530     1.5177     91.061     25.240  50476.907    31.5703     6.1557     25.000     6.1537    24.8250     6.4174     9.1711     91.129    279.658    286.601    0.00011    7.04204   10.06378  306.87931   15.80773 3.6382e-02     0.5073     0.4833    88.6198 0.0000e+00
        368  55.250091    0.02550     1.5299     91.793     26.253  50476.934    31.5698     6.1557     26.000     6.1534    24.8246     6.4140     9.1662     91.081    279.510    286.448   -0.00057    7.04205   10.06379  306.87986   15.80776 3.6382e-02     0.5066     0.4855    88.5714 0.0000e+00
        371  55.250097    0.02567     1.5407     92.443     27.260  50477.423    31.5697     6.1556     27.000     6.1525    24.8245     6.4165     9.1698     91.116    279.618    286.560   -0.00047    7.04208   10.06383  306.88095   15.80781 3.6382e-02     0.5151     0.4860    88.5592 0.0000e+00
        373  55.250105    0.02585     1.5509     93.056     28.261  50477.243    31.5689     6.1546     28.000     6.1525    24.8239     6.4223     9.1781     91.196    279.873    286.820    0.00035    7.04227   10.06411  306.88970   15.80824 3.6382e-02     0.5140     0.4930    88.4044 0.0000e+00
        376  55.250113    0.02604     1.5624     93.744     29.266  50479.281    31.5700     6.1551     29.000     6.1531    24.8247     6.4240     9.1806     91.223    279.948    286.897    0.00053    7.04214   10.06393  306.88400   15.80796 3.6382e-02     0.5077     0.4882    88.5097 0.0000e+00
        379  55.250123    0.02628     1.5767     94.602     30.282  50477.979    31.5686     6.1554     30.000     6.1529    24.8237     6.4242     9.1808     91.225    279.956    286.905    0.00028    7.04216   10.06394  306.88465   15.80799 3.6382e-02     0.5185     0.4819    88.6499 0.0000e+00
        383  55.250133    0.02653     1.5919     95.516     31.302  50481.223    31.5704     6.1555     31.000     6.1533    24.8251     6.4211     9.1765     91.183    279.821    286.767   -0.00023    7.04207   10.06381  306.88008   15.80777 3.6382e-02     0.5158     0.4839    88.6050 0.0000e+00
        386  55.250142    0.02675     1.6047     96.279     32.311  50481.541    31.5702     6.1559     32.000     6.1532    24.8249     6.4210     9.1764     91.183    279.818    286.764   -0.00043    7.04200   10.06372  306.87742   15.80764 3.6382e-02     0.5038     0.4842    88.5993 0.0000e+00
        389  55.250150    0.02693     1.6156     96.933     33.315  50481.511    31.5697     6.1559     33.000     6.1530    24.8246     6.4236     9.1799     91.218    279.928    286.877   -0.00010    7.04203   10.06376  306.87905   15.80772 3.6382e-02     0.5378     0.4843    88.5967 0.0000e+00
        391  55.250157    0.02710     1.6264     97.582     34.323  50481.923    31.5695     6.1557     34.000     6.1530    24.8244     6.4278     9.1859     91.276    280.110    287.064    0.00033    7.04206   10.06381  306.88043   15.80778 3.6382e-02     0.5153     0.4859    88.5602 0.0000e+00
        394  55.250165    0.02729     1.6374     98.243     35.332  50483.428    31.5700     6.1559     35.000     6.1531    24.8249     6.4309     9.1903     91.321    280.243    287.200    0.00059    7.04202   10.06375  306.87838   15.80769 3.6382e-02     0.5078     0.4892    88.4883 0.0000e+00
        397  55.250173    0.02748     1.6487     98.925     36.341  50484.228    31.5702     6.1561     36.000     6.1531    24.8250     6.4313     9.1910     91.328    280.264    287.222    0.00048    7.04197   10.06368  306.87623   15.80758 3.6382e-02     0.5221     0.4878    88.5183 0.0000e+00
        400  55.250181    0.02768     1.6607     99.640     37.349  50484.113    31.5696     6.1560     37.000     6.1529    24.8245     6.4329     9.1933     91.351    280.336    287.295    0.00043    7.04201   10.06374  306.87824   15.80768 3.6382e-02     0.5227     0.4860    88.5590 0.0000e+00
        403  55.250190    0.02790     1.6737    100.420     38.361  50485.192    31.5699     6.1562     38.000     6.1529    24.8247     6.4313     9.1910     91.328    280.265    287.223    0.00013    7.04197   10.06368  306.87625   15.80759 3.6382e-02     0.5193     0.4838    88.6081 0.0000e+00
        406  55.250200    0.02812     1.6870    101.220     39.375  50484.806    31.5691     6.1559     39.000     6.1523    24.8241     6.4298     9.1887     91.305    280.196    287.152   -0.00034    7.04206   10.06382  306.88052   15.80779 3.6382e-02     0.5105     0.4841    88.5992 0.0000e+00
        409  55.250208    0.02832     1.6992    101.955     40.382  50485.970    31.5693     6.1556     40.000     6.1526    24.8244     6.4336     9.1942     91.358    280.363    287.323    0.00001    7.04210   10.06386  306.88203   15.80787 3.6382e-02     0.5300     0.4852    88.5770 0.0000e+00
        412  55.250216    0.02852     1.7112    102.675     41.392  50488.068    31.5705     6.1565     41.000     6.1532    24.8252     6.4381     9.2006     91.425    280.558    287.523    0.00057    7.04190   10.06358  306.87303   15.80743 3.6382e-02     0.5118     0.4879    88.5173 0.0000e+00
        415  55.250225    0.02872     1.7231    103.384     42.404  50481.157    31.5652     6.1563     42.000     6.1513    24.8210     6.4419     9.2061     91.476    280.727    287.694    0.00083    7.04217   10.06397  306.88631   15.80809 3.6382e-02     0.5179     0.4892    88.4899 0.0000e+00
        417  55.250232    0.02891     1.7344    104.062     43.412  50486.924    31.5684     6.1546     43.000     6.1515    24.8237     6.4413     9.2053     91.467    280.703    287.672    0.00055    7.04231   10.06415  306.89109   15.80830 3.6382e-02     0.5390     0.4891    88.4907 0.0000e+00
        420  55.250240    0.02909     1.7454    104.723     44.416  50495.119    31.5738     6.1560     44.000     6.1545    24.8279     6.4385     9.2012     91.432    280.576    287.542    0.00005    7.04183   10.06347  306.86906   15.80723 3.6382e-02     0.5177     0.4892    88.4880 0.0000e+00
        423  55.250248    0.02929     1.7571    105.426     45.425  50491.978    31.5717     6.1586     45.000     6.1552    24.8258     6.4368     9.1988     91.412    280.503    287.467   -0.00039    7.04149   10.06298  306.85477   15.80656 3.6382e-02     0.5203     0.4864    88.5504 0.0000e+00
        426  55.250257    0.02950     1.7700    106.200     46.439  50488.739    31.5690     6.1586     46.000     6.1539    24.8238     6.4394     9.2024     91.447    280.613    287.579   -0.00011    7.04160   10.06315  306.86044   15.80684 3.6382e-02     0.5087     0.4836    88.6132 0.0000e+00
        429  55.250266    0.02972     1.7831    106.984     47.453  50494.025    31.5719     6.1574     47.000     6.1547    24.8263     6.4450     9.2106     91.527    280.862    287.835    0.00049    7.04166   10.06324  306.86229   15.80691 3.6382e-02     0.5073     0.4801    88.6911 0.0000e+00
        432  55.250274    0.02992     1.7950    107.700     48.461  50496.111    31.5733     6.1594     48.000     6.1565    24.8271     6.4500     9.2178     91.604    281.081    288.059    0.00097    7.04127   10.06268  306.84500   15.80608 3.6382e-02     0.5046     0.4835    88.6151 0.0000e+00
        435  55.250283    0.03011     1.8064    108.382     49.464  50492.774    31.5707     6.1606     49.000     6.1563    24.8249     6.4517     9.2201     91.628    281.152    288.131    0.00105    7.04119   10.06257  306.84247   15.80597 3.6382e-02     0.5100     0.4859    88.5605 0.0000e+00
        437  55.250290    0.03031     1.8184    109.107     50.479  50496.658    31.5728     6.1605     50.000     6.1567    24.8266     6.4478     9.2144     91.573    280.980    287.956    0.00027    7.04112   10.06246  306.83855   15.80578 3.6382e-02     0.5399     0.4844    88.5955 0.0000e+00
        440  55.250299    0.03052     1.8307    109.839     51.487  50495.606    31.5718     6.1608     51.000     6.1561    24.8258     6.4433     9.2081     91.510    280.788    287.759   -0.00058    7.04114   10.06248  306.83944   15.80582 3.6382e-02     0.5231     0.4831    88.6242 0.0000e+00
        443  55.250308    0.03071     1.8430    110.577     52.495  50494.835    31.5706     6.1601     52.000     6.1557    24.8249     6.4432     9.2079     91.505    280.779    287.749   -0.00066    7.04129   10.06270  306.84633   15.80615 3.6382e-02     0.5167     0.4790    88.7146 0.0000e+00
        446  55.250317    0.03093     1.8559    111.357     53.506  50497.720    31.5722     6.1602     53.000     6.1561    24.8262     6.4461     9.2122     91.549    280.911    287.884   -0.00025    7.04120   10.06258  306.84215   15.80595 3.6382e-02     0.5043     0.4788    88.7176 0.0000e+00
