CTD-processing/allCTD/CNV/2015_09-04_t9_s04_cast182_5028.cnv
* Sea-Bird SBE19plus Data File:
* FileName = C:\Users\Kris.Holderied\Documents\kasitsna\Research-KBL\Oceanography-AK\CTD-Data-ALL-to-2015-06\2015-CTD-KachemakBay-CookInlet\2015-09-04-CookInlet-HomerSpit-Monthly\2015-09-04-CookInlet-Tran9-cast182.hex
* Software Version 1.59
* Temperature SN =  5028
* Conductivity SN =  5028
* System UpLoad Time = Oct 19 2015 12:14:50
** Cook Inlet LTM Transect 9 Homer Spit Monthly

** Date: 09-04
** Station: 9-04
** Start time (AKDT): 10:53
** Depth (m): 91.4
** Comment:  R/V Barnacle
** Comment:
# nquan = 27
# nvalues = 85                          
# units = specified
# name 0 = scan: Scan Count
# name 1 = timeJ: Julian Days
# name 2 = timeH: Time, Elapsed [hours]
# name 3 = timeM: Time, Elapsed [minutes]
# name 4 = timeS: Time, Elapsed [seconds]
# name 5 = prdM: Pressure, Strain Gauge [db]
# name 6 = specc: Specific Conductance [uS/cm]
# name 7 = sal00: Salinity, Practical [PSU]
# name 8 = tv290C: Temperature [ITS-90, deg C]
# name 9 = depSM: Depth [salt water, m], lat = 59.00
# name 10 = potemp090C: Potential Temperature [ITS-90, deg C]
# name 11 = sigma-é00: Density [sigma-theta, kg/m^3]
# name 12 = sbeox0ML/L: Oxygen, SBE 43 [ml/l]
# name 13 = sbeox0Mg/L: Oxygen, SBE 43 [mg/l]
# name 14 = sbeox0PS: Oxygen, SBE 43 [% saturation]
# name 15 = sbox0Mm/Kg: Oxygen, SBE 43 [umol/kg]
# name 16 = sbeox0Mm/L: Oxygen, SBE 43 [umol/l]
# name 17 = sbox0dV/dT: Oxygen, SBE 43 [dov/dt]
# name 18 = oxsolML/L: Oxygen Saturation, Garcia & Gordon [ml/l]
# name 19 = oxsolMg/L: Oxygen Saturation, Garcia & Gordon [mg/l]
# name 20 = oxsolMm/Kg: Oxygen Saturation, Garcia & Gordon [umol/kg]
# name 21 = potemp090C: Potential Temperature [ITS-90, deg C]
# name 22 = n2satMg/L: Nitrogen Saturation [mg/l]
# name 23 = par: PAR/Irradiance, Biospherical/Licor
# name 24 = flECO-AFL: Fluorescence, WET Labs ECO-AFL/FL [mg/m^3]
# name 25 = turbWETntu0: Turbidity, WET Labs ECO [NTU]
# name 26 = flag: flag
# span 0 =        432,        767       
# span 1 = 247.454904, 247.455874       
# span 2 =    0.02992,    0.05319       
# span 3 =     1.7955,     3.1915       
# span 4 =    107.730,    191.491       
# span 5 =      1.010,     85.820       
# span 6 =  47089.675,  49657.041       
# span 7 =    29.9065,    31.4748       
# span 8 =     9.2138,    10.8621       
# span 9 =      1.000,     85.000       
# span 10 =     9.2058,    10.8304      
# span 11 =    22.8359,    24.3272      
# span 12 =     5.3391,     5.7432      
# span 13 =     7.6302,     8.2076      
# span 14 =     81.988,     89.696      
# span 15 =    232.839,    250.765      
# span 16 =    238.446,    256.491      
# span 17 =   -0.01552,    0.00045      
# span 18 =    6.40294,    6.57188      
# span 19 =    9.15044,    9.39188      
# span 20 =  279.57107,  286.52960      
# span 21 =     9.2058,    10.8620      
# span 22 =   14.51034,   14.83689      
# span 23 = 5.3488e-02, 3.6774e+01      
# span 24 =     0.3619,     1.1435      
# span 25 =     1.0330,     1.5036      
# span 26 = 0.0000e+00, 0.0000e+00      
# interval = meters: 1                  
# start_time = Sep 04 2015 10:53:16 [Instrument's time stamp, header]
# bad_flag = -9.990e-29
*END*
[from data line 54]
        638 247.455500    0.04423     2.6533    159.201     55.527  49566.089    31.4430     9.3582     55.000     9.3498    24.2796     5.3992     7.7160     82.402    235.412    241.128   -0.00023    6.55224    9.36380  285.68648     9.3524   14.79670 5.7027e-02     0.3938     1.2461 0.0000e+00
        642 247.455511    0.04449     2.6695    160.169     56.536  49567.386    31.4428     9.3532     56.000     9.3439    24.2802     5.3994     7.7162     82.396    235.420    241.136   -0.00032    6.55298    9.36486  285.71860     9.3472   14.79823 5.6944e-02     0.3838     1.2056 0.0000e+00
        646 247.455523    0.04476     2.6857    161.143     57.546  49568.213    31.4420     9.3463     57.000     9.3365    24.2807     5.4021     7.7202     82.425    235.540    241.259   -0.00011    6.55401    9.36634  285.76371     9.3402   14.80040 5.6861e-02     0.3893     1.1562 0.0000e+00
        649 247.455534    0.04503     2.7019    162.116     58.556  49566.432    31.4395     9.3400     58.000     9.3322    24.2797     5.4048     7.7240     82.453    235.657    241.379    0.00001    6.55503    9.36779  285.80814     9.3339   14.80254 5.6760e-02     0.3910     1.0857 0.0000e+00
        653 247.455545    0.04531     2.7182    163.094     59.565  49574.482    31.4444     9.3376     59.000     9.3306    24.2839     5.4074     7.7277     82.491    235.769    241.494    0.00018    6.55516    9.36798  285.81281     9.3314   14.80273 5.6644e-02     0.3725     1.0616 0.0000e+00
        657 247.455556    0.04557     2.7344    164.061     60.575  49577.799    31.4460     9.3359     60.000     9.3278    24.2855     5.4069     7.7270     82.481    235.748    241.473    0.00005    6.55535    9.36824  285.82044     9.3295   14.80309 5.6538e-02     0.3619     1.0619 0.0000e+00
        661 247.455567    0.04584     2.7506    165.038     61.585  49578.960    31.4459     9.3316     61.000     9.3213    24.2860     5.4055     7.7250     82.452    235.687    241.411   -0.00023    6.55597    9.36915  285.84776     9.3251   14.80440 5.6449e-02     0.3796     1.0627 0.0000e+00
        665 247.455579    0.04612     2.7675    166.047     62.594  49583.587    31.4476     9.3236     62.000     9.3136    24.2886     5.4062     7.7260     82.449    235.716    241.442   -0.00025    6.55706    9.37069  285.89422     9.3171   14.80662 5.6385e-02     0.3935     1.0542 0.0000e+00
        669 247.455591    0.04641     2.7845    167.069     63.604  49587.972    31.4493     9.3172     63.000     9.3074    24.2910     5.4075     7.7278     82.457    235.770    241.497   -0.00020    6.55791    9.37190  285.93050     9.3106   14.80835 5.6320e-02     0.3968     1.0652 0.0000e+00
        673 247.455603    0.04669     2.8012    168.075     64.614  49590.332    31.4495     9.3099     64.000     9.2981    24.2923     5.4090     7.7300     82.467    235.835    241.565   -0.00014    6.55896    9.37341  285.97621     9.3032   14.81053 5.6255e-02     0.3974     1.0628 0.0000e+00
        677 247.455614    0.04697     2.8180    169.082     65.624  49595.552    31.4513     9.2991     65.000     9.2862    24.2954     5.4109     7.7328     82.478    235.921    241.652   -0.00012    6.56046    9.37556  286.04072     9.2922   14.81361 5.6195e-02     0.3969     1.0942 0.0000e+00
        681 247.455626    0.04725     2.8350    170.101     66.634  49602.885    31.4544     9.2870     66.000     9.2745    24.2997     5.4136     7.7366     82.498    236.037    241.772   -0.00003    6.56208    9.37787  286.11019     9.2801   14.81692 5.6137e-02     0.3980     1.1707 0.0000e+00
        685 247.455638    0.04753     2.8520    171.120     67.644  49611.667    31.4587     9.2772     67.000     9.2682    24.3047     5.4159     7.7399     82.518    236.136    241.875    0.00002    6.56333    9.37966  286.16313     9.2701   14.81943 5.6068e-02     0.4030     1.1682 0.0000e+00
        689 247.455649    0.04781     2.8684    172.106     68.653  49615.242    31.4605     9.2751     68.000     9.2671    24.3064     5.4178     7.7426     82.544    236.218    241.960    0.00011    6.56356    9.37999  286.17295     9.2679   14.81989 5.5998e-02     0.4075     1.1524 0.0000e+00
        693 247.455661    0.04808     2.8846    173.075     69.663  49614.474    31.4591     9.2716     69.000     9.2605    24.3058     5.4181     7.7431     82.542    236.232    241.974    0.00002    6.56413    9.38079  286.19758     9.2643   14.82108 5.5963e-02     0.4034     1.1833 0.0000e+00
        697 247.455672    0.04835     2.9012    174.071     70.673  49616.624    31.4590     9.2634     70.000     9.2480    24.3071     5.4189     7.7441     82.537    236.263    242.006   -0.00010    6.56533    9.38251  286.24971     9.2559   14.82357 5.5860e-02     0.3997     1.2391 0.0000e+00
        701 247.455684    0.04863     2.9178    175.070     71.683  49621.899    31.4594     9.2428     71.000     9.2224    24.3106     5.4209     7.7470     82.531    236.351    242.096   -0.00014    6.56830    9.38676  286.37824     9.2353   14.82971 5.5794e-02     0.4053     1.3360 0.0000e+00
        705 247.455695    0.04891     2.9344    176.064     72.693  49641.985    31.4702     9.2217     72.000     9.2095    24.3223     5.4191     7.7444     82.470    236.268    242.015   -0.00055    6.57093    9.39052  286.48984     9.2140   14.83500 5.5750e-02     0.3939     1.4281 0.0000e+00
        709 247.455707    0.04920     2.9516    177.098     73.702  49649.908    31.4744     9.2149     73.000     9.2065    24.3267     5.4220     7.7487     82.505    236.398    242.148   -0.00033    6.57173    9.39166  286.52321     9.2073   14.83658 5.5588e-02     0.3870     1.4711 0.0000e+00
        714 247.455720    0.04950     2.9703    178.219     74.712  49651.369    31.4748     9.2140     74.000     9.2060    24.3272     5.4270     7.7557     82.579    236.613    242.369    0.00019    6.57186    9.39184  286.52863     9.2061   14.83684 5.5192e-02     0.4158     1.4362 0.0000e+00
        718 247.455733    0.04982     2.9890    179.339     75.721  49651.943    31.4748     9.2138     75.000     9.2059    24.3272     5.4271     7.7559     82.580    236.618    242.374    0.00009    6.57188    9.39188  286.52960     9.2059   14.83689 5.4704e-02     0.4315     1.4127 0.0000e+00
        723 247.455746    0.05012     3.0069    180.414     76.731  49652.547    31.4748     9.2138     76.000     9.2058    24.3272     5.4256     7.7538     82.558    236.554    242.309   -0.00013    6.57187    9.39187  286.52942     9.2059   14.83688 5.4124e-02     0.4335     1.4430 0.0000e+00
        727 247.455758    0.05043     3.0257    181.542     77.741  49652.929    31.4746     9.2139     77.000     9.2059    24.3271     5.4245     7.7521     82.540    236.502    242.256   -0.00027    6.57187    9.39186  286.52917     9.2058   14.83687 5.3924e-02     0.4314     1.4132 0.0000e+00
        732 247.455772    0.05074     3.0444    182.663     78.751  49653.573    31.4747     9.2142     78.000     9.2063    24.3271     5.4242     7.7517     82.537    236.492    242.245   -0.00026    6.57182    9.39179  286.52706     9.2060   14.83676 5.3882e-02     0.4237     1.4001 0.0000e+00
        736 247.455785    0.05107     3.0640    183.841     79.761  49653.749    31.4745     9.2153     79.000     9.2074    24.3268     5.4227     7.7496     82.516    236.427    242.178   -0.00034    6.57167    9.39157  286.52066     9.2070   14.83646 5.3863e-02     0.4207     1.3885 0.0000e+00
        741 247.455799    0.05140     3.0838    185.028     80.771  49653.594    31.4741     9.2160     80.000     9.2075    24.3264     5.4210     7.7472     82.492    236.354    242.103   -0.00044    6.57159    9.39145  286.51713     9.2076   14.83629 5.3707e-02     0.4203     1.4183 0.0000e+00
        746 247.455813    0.05173     3.1035    186.211     81.781  49654.638    31.4744     9.2159     81.000     9.2074    24.3266     5.4195     7.7451     82.469    236.289    242.037   -0.00047    6.57159    9.39146  286.51719     9.2074   14.83630 5.3560e-02     0.4148     1.4368 0.0000e+00
        750 247.455826    0.05204     3.1225    187.347     82.790  49655.239    31.4744     9.2160     82.000     9.2073    24.3266     5.4174     7.7420     82.437    236.195    241.941   -0.00060    6.57158    9.39144  286.51667     9.2074   14.83627 5.3690e-02     0.4121     1.4579 0.0000e+00
        755 247.455840    0.05237     3.1424    188.547     83.800  49655.786    31.4743     9.2159     83.000     9.2071    24.3266     5.4208     7.7468     82.488    236.343    242.093   -0.00019    6.57159    9.39146  286.51731     9.2072   14.83630 5.3628e-02     0.4185     1.4494 0.0000e+00
        760 247.455854    0.05272     3.1630    189.777     84.810  49656.584    31.4745     9.2159     84.000     9.2071    24.3267     5.4255     7.7535     82.560    236.547    242.302    0.00024    6.57158    9.39145  286.51691     9.2071   14.83628 5.3494e-02     0.4235     1.4523 0.0000e+00
        767 247.455874    0.05319     3.1915    191.491     85.820  49657.041    31.4744     9.2165     85.000     9.2076    24.3266     5.4249     7.7527     82.551    236.520    242.274    0.00006    6.57151    9.39134  286.51366     9.2075   14.83613 5.3488e-02     0.4282     1.5036 0.0000e+00
