CTD-processing/allCTD/CNV/2015_09-24_t4_s01_cast205_5028.cnv
* Sea-Bird SBE19plus Data File:
* FileName = C:\Users\Kris.Holderied\Documents\kasitsna\Research-KBL\Oceanography-AK\CTD-Data-ALL-to-2015-06\2015-CTD-KachemakBay-CookInlet\2015-09-24-CookInlet-Tran4-special\2015-09-24-CookInlet-Tran4-cast205.hex
* Software Version 1.59
* Temperature SN =  5028
* Conductivity SN =  5028
* System UpLoad Time = Oct 19 2015 12:48:41
** Cook Inlet LTM Transect 4 Homer Spit special
** Date: 09-24
** Station: 9-01
** Start time (AKDT): 16:19
** Depth (m): 17.4
** Comment:  R/V Edgecumbe
** Comment:
# nquan = 27
# nvalues = 17                          
# units = specified
# name 0 = scan: Scan Count
# name 1 = timeJ: Julian Days
# name 2 = timeH: Time, Elapsed [hours]
# name 3 = timeM: Time, Elapsed [minutes]
# name 4 = timeS: Time, Elapsed [seconds]
# name 5 = prdM: Pressure, Strain Gauge [db]
# name 6 = specc: Specific Conductance [uS/cm]
# name 7 = sal00: Salinity, Practical [PSU]
# name 8 = tv290C: Temperature [ITS-90, deg C]
# name 9 = depSM: Depth [salt water, m], lat = 59.00
# name 10 = potemp090C: Potential Temperature [ITS-90, deg C]
# name 11 = sigma-é00: Density [sigma-theta, kg/m^3]
# name 12 = sbeox0ML/L: Oxygen, SBE 43 [ml/l]
# name 13 = sbeox0Mg/L: Oxygen, SBE 43 [mg/l]
# name 14 = sbeox0PS: Oxygen, SBE 43 [% saturation]
# name 15 = sbox0Mm/Kg: Oxygen, SBE 43 [umol/kg]
# name 16 = sbeox0Mm/L: Oxygen, SBE 43 [umol/l]
# name 17 = sbox0dV/dT: Oxygen, SBE 43 [dov/dt]
# name 18 = oxsolML/L: Oxygen Saturation, Garcia & Gordon [ml/l]
# name 19 = oxsolMg/L: Oxygen Saturation, Garcia & Gordon [mg/l]
# name 20 = oxsolMm/Kg: Oxygen Saturation, Garcia & Gordon [umol/kg]
# name 21 = potemp090C: Potential Temperature [ITS-90, deg C]
# name 22 = n2satMg/L: Nitrogen Saturation [mg/l]
# name 23 = par: PAR/Irradiance, Biospherical/Licor
# name 24 = flECO-AFL: Fluorescence, WET Labs ECO-AFL/FL [mg/m^3]
# name 25 = turbWETntu0: Turbidity, WET Labs ECO [NTU]
# name 26 = flag: flag
# span 0 =        150,        404       
# span 1 = 267.680499, 267.681236       
# span 2 =    0.01032,    0.02800       
# span 3 =     0.6192,     1.6796       
# span 4 =     37.151,    100.776       
# span 5 =      1.010,     17.161       
# span 6 =  47979.500,  48864.339       
# span 7 =    30.3895,    30.9716       
# span 8 =     9.3997,     9.5220       
# span 9 =      1.000,     17.000       
# span 10 =     9.3979,     9.5209      
# span 11 =    23.4446,    23.9041      
# span 12 =     5.6119,     5.9009      
# span 13 =     8.0199,     8.4330      
# span 14 =     85.173,     89.987      
# span 15 =    244.898,    257.408      
# span 16 =    250.626,    263.534      
# span 17 =   -0.00214,    0.00221      
# span 18 =    6.55402,    6.59002      
# span 19 =    9.36635,    9.41780      
# span 20 =  285.90337,  287.58743      
# span 21 =     9.3979,     9.5218      
# span 22 =   14.80952,   14.89180      
# span 23 = 1.3012e+01, 7.6187e+01      
# span 24 =     1.0356,     1.4045      
# span 25 =     0.3286,     2.5902      
# span 26 = 0.0000e+00, 0.0000e+00      
# interval = meters: 1                  
# start_time = Sep 24 2015 16:19:18 [Instrument's time stamp, header]
# bad_flag = -9.990e-29
*END*
        150 267.680499    0.01032     0.6192     37.151      1.010  47979.500    30.3895     9.4213      1.000     9.4589    23.4446     5.6119     8.0199     85.173    244.898    250.626    0.00221    6.59002    9.41780  287.58743     9.4212   14.89180 5.2045e+01     1.0356     2.5902 0.0000e+00
        343 267.681060    0.02378     1.4270     85.619      2.019  48641.985    30.8372     9.5220      2.000     9.5209    23.7798     5.8700     8.3888     89.563    256.066    262.156    0.00211    6.55402    9.36635  285.90337     9.5218   14.80952 4.7612e+01     1.1099     0.3286 0.0000e+00
        345 267.681064    0.02387     1.4322     85.935      3.028  48629.861    30.8287     9.5200      3.000     9.5197    23.7734     5.8703     8.3893     89.558    256.080    262.168    0.00175    6.55473    9.36736  285.93642     9.5196   14.81113 5.5476e+01     1.1845     0.3903 0.0000e+00
        349 267.681077    0.02419     1.4515     87.089      4.037  48630.298    30.8286     9.5203      4.000     9.5200    23.7733     5.8766     8.3983     89.655    256.354    262.449    0.00170    6.55467    9.36728  285.93416     9.5199   14.81103 6.7153e+01     1.2366     0.4136 0.0000e+00
        354 267.681091    0.02452     1.4712     88.272      5.047  48630.046    30.8280     9.5203      5.000     9.5197    23.7729     5.8802     8.4034     89.710    256.514    262.612    0.00138    6.55470    9.36732  285.93534     9.5198   14.81109 7.3938e+01     1.2492     0.4203 0.0000e+00
        359 267.681104    0.02483     1.4897     89.382      6.057  48630.808    30.8281     9.5206      6.000     9.5202    23.7730     5.8849     8.4101     89.782    256.717    262.820    0.00132    6.55466    9.36727  285.93379     9.5199   14.81101 7.6187e+01     1.3165     0.4242 0.0000e+00
        363 267.681117    0.02514     1.5086     90.514      7.066  48631.675    30.8283     9.5209      7.000     9.5202    23.7731     5.8846     8.4097     89.779    256.704    262.807    0.00082    6.55460    9.36717  285.93085     9.5202   14.81087 7.0244e+01     1.3993     0.4102 0.0000e+00
        368 267.681130    0.02546     1.5274     91.647      8.076  48632.440    30.8285     9.5210      8.000     9.5192    23.7732     5.8889     8.4157     89.843    256.889    262.996    0.00079    6.55459    9.36716  285.93054     9.5201   14.81085 6.4060e+01     1.4045     0.4016 0.0000e+00
        372 267.681143    0.02575     1.5453     92.718      9.085  48640.645    30.8332     9.5164      9.000     9.5098    23.7776     5.8952     8.4249     89.934    257.166    263.281    0.00109    6.55504    9.36781  285.94900     9.5155   14.81172 5.4781e+01     1.3925     0.3882 0.0000e+00
        376 267.681155    0.02605     1.5629     93.775     10.094  48662.211    30.8462     9.5031     10.000     9.4981    23.7899     5.8941     8.4233     89.899    257.115    263.232    0.00049    6.55643    9.36980  286.00630     9.5020   14.81440 4.6266e+01     1.3750     0.3813 0.0000e+00
        380 267.681167    0.02634     1.5805     94.831     11.104  48670.299    30.8508     9.4979     11.000     9.4972    23.7943     5.8928     8.4214     89.870    257.055    263.172    0.00005    6.55699    9.37059  286.02919     9.4967   14.81548 3.9146e+01     1.3784     0.3774 0.0000e+00
        384 267.681178    0.02662     1.5969     95.811     12.114  48669.535    30.8499     9.4989     12.000     9.4958    23.7935     5.8964     8.4265     89.927    257.212    263.331    0.00027    6.55688    9.37043  286.02446     9.4976   14.81526 3.2487e+01     1.3794     0.3861 0.0000e+00
        388 267.681189    0.02687     1.6119     96.717     13.123  48682.986    30.8581     9.4922     13.000     9.4729    23.8009     5.9009     8.4330     89.987    257.408    263.534    0.00053    6.55751    9.37134  286.05010     9.4908   14.81645 2.6674e+01     1.3781     0.3952 0.0000e+00
        392 267.681200    0.02712     1.6273     97.639     14.132  48749.242    30.8989     9.4522     14.000     9.4264    23.8391     5.9008     8.4328     89.929    257.392    263.529    0.00008    6.56159    9.37716  286.21730     9.4507   14.82428 2.2524e+01     1.3513     0.3907 0.0000e+00
        395 267.681210    0.02738     1.6431     98.585     15.142  48807.851    30.9348     9.4153     15.000     9.4054    23.8729     5.8909     8.4187     89.726    256.953    263.087   -0.00127    6.56542    9.38264  286.37495     9.4138   14.83167 1.8739e+01     1.3396     0.4034 0.0000e+00
        399 267.681222    0.02767     1.6599     99.596     16.151  48845.599    30.9592     9.4026     16.000     9.3991    23.8940     5.8815     8.4053     89.573    256.539    262.669   -0.00197    6.56623    9.38379  286.40440     9.4010   14.83298 1.5428e+01     1.3096     0.4139 0.0000e+00
        404 267.681236    0.02800     1.6796    100.776     17.161  48864.339    30.9716     9.3997     17.000     9.3979    23.9041     5.8738     8.3943     89.456    256.201    262.326   -0.00214    6.56613    9.38366  286.39729     9.3979   14.83259 1.3012e+01     1.2603     0.3978 0.0000e+00
