CTD-processing/allCTD/CNV/2015_03-31_t9_s05_cast005_5028.cnv
* Sea-Bird SBE19plus Data File:
* FileName = C:\Users\kris.holderied\Documents\kasitsna\Research-Projects-and-Data\Oceanography-AK\CTD-Data-ALL-to-2015-02\2015-CTD-KachemakBay-CookInlet\2015-03-31-CookInlet-HomerSpit-monthly\2015-03-31-CookInlet-Tran9-cast005.hex
* Software Version 1.59
* Temperature SN =  5028
* Conductivity SN =  5028
* System UpLoad Time = Apr 06 2015 13:46:00
** Cook Inlet LTM Tran9 (Homer Spit) South to North
** Date: 03-31
** Station: 9-05
** Start time:  13:49
** Depth (m): 97.2
** Comment:  KBL CTD. Time is local (AKDT)
** Comment: Vessel KBL Barnacle.
# nquan = 27
# nvalues = 89                          
# units = specified
# name 0 = scan: Scan Count
# name 1 = timeJ: Julian Days
# name 2 = timeH: Time, Elapsed [hours]
# name 3 = timeM: Time, Elapsed [minutes]
# name 4 = timeS: Time, Elapsed [seconds]
# name 5 = prdM: Pressure, Strain Gauge [db]
# name 6 = specc: Specific Conductance [uS/cm]
# name 7 = sal00: Salinity, Practical [PSU]
# name 8 = tv290C: Temperature [ITS-90, deg C]
# name 9 = depSM: Depth [salt water, m], lat = 59.00
# name 10 = potemp090C: Potential Temperature [ITS-90, deg C]
# name 11 = sigma-é00: Density [sigma-theta, kg/m^3]
# name 12 = sbeox0ML/L: Oxygen, SBE 43 [ml/l]
# name 13 = sbeox0Mg/L: Oxygen, SBE 43 [mg/l]
# name 14 = sbeox0PS: Oxygen, SBE 43 [% saturation]
# name 15 = sbox0Mm/Kg: Oxygen, SBE 43 [umol/kg]
# name 16 = sbeox0Mm/L: Oxygen, SBE 43 [umol/l]
# name 17 = sbox0dV/dT: Oxygen, SBE 43 [dov/dt]
# name 18 = oxsolML/L: Oxygen Saturation, Garcia & Gordon [ml/l]
# name 19 = oxsolMg/L: Oxygen Saturation, Garcia & Gordon [mg/l]
# name 20 = oxsolMm/Kg: Oxygen Saturation, Garcia & Gordon [umol/kg]
# name 21 = potemp090C: Potential Temperature [ITS-90, deg C]
# name 22 = n2satMg/L: Nitrogen Saturation [mg/l]
# name 23 = par: PAR/Irradiance, Biospherical/Licor
# name 24 = flECO-AFL: Fluorescence, WET Labs ECO-AFL/FL [mg/m^3]
# name 25 = turbWETntu0: Turbidity, WET Labs ECO [NTU]
# name 26 = flag: flag
# span 0 =        252,        657       
# span 1 =  90.576664,  90.577836       
# span 2 =    0.01743,    0.04557       
# span 3 =     1.0454,     2.7340       
# span 4 =     62.724,    164.038       
# span 5 =      1.009,     89.859       
# span 6 =  49602.031,  50910.942       
# span 7 =    30.7117,    31.5958       
# span 8 =     4.5156,     4.9804       
# span 9 =      1.000,     89.000       
# span 10 =     4.5126,     4.9750      
# span 11 =    24.2968,    24.9813      
# span 12 =     6.6835,     7.0472      
# span 13 =     9.5515,    10.0712      
# span 14 =     91.394,     96.232      
# span 15 =    291.406,    307.193      
# span 16 =    298.487,    314.729      
# span 17 =   -0.00415,    0.00257      
# span 18 =    7.24060,    7.33521      
# span 19 =   10.34754,   10.48275      
# span 20 =  315.48912,  319.66432      
# span 21 =     4.5150,     4.9750      
# span 22 =   16.21777,   16.41755      
# span 23 = 3.9808e-02, 6.1307e+02      
# span 24 =     0.1693,     0.5516      
# span 25 =     0.5414,     1.2387      
# span 26 = 0.0000e+00, 0.0000e+00      
# interval = meters: 1                  
# start_time = Mar 31 2015 13:49:21 [Instrument's time stamp, header]
# bad_flag = -9.990e-29
*END*
        252  90.576664    0.01743     1.0454     62.724      1.009  49602.031    30.7117     4.8121      1.000     4.7998    24.2968     6.6835     9.5515     91.394    291.406    298.487    0.00257    7.31234   10.45007  318.82504     4.8120   16.38004 6.1307e+02     0.1961     1.1967 0.0000e+00
        345  90.576933    0.02389     1.4335     86.013      2.019  49830.796    30.8460     4.7252      2.000     4.7065    24.4121     7.0304    10.0471     96.031    306.495    313.977    0.00027    7.32089   10.46228  319.15961     4.7250   16.39541 3.9348e+02     0.2174     1.2387 0.0000e+00
        356  90.576965    0.02466     1.4799     88.792      3.028  50056.387    30.9881     4.6725      3.000     4.6386    24.5302     7.0472    10.0712     96.232    307.193    314.729   -0.00071    7.32319   10.46558  319.22324     4.6723   16.39785 3.0364e+02     0.2429     1.1728 0.0000e+00
        360  90.576977    0.02494     1.4966     89.795      4.037  50336.151    31.1630     4.6000      4.000     4.5655    24.6762     7.0295    10.0458     95.934    306.376    313.937   -0.00221    7.32742   10.47162  319.36196     4.5997   16.40374 2.4169e+02     0.2667     1.0726 0.0000e+00
        364  90.576988    0.02521     1.5127     90.762      5.048  50488.905    31.2545     4.5440      5.000     4.5275    24.7545     7.0172    10.0283     95.696    305.819    313.389   -0.00310    7.33283   10.47934  319.57316     4.5436   16.41341 1.9344e+02     0.2980     0.9791 0.0000e+00
        368  90.576999    0.02549     1.5290     91.741      6.057  50569.381    31.3030     4.5170      6.000     4.5126    24.7958     7.0028    10.0078     95.469    305.180    312.747   -0.00358    7.33521   10.48275  319.66432     4.5166   16.41755 1.5159e+02     0.3321     0.9260 0.0000e+00
        372  90.577010    0.02574     1.5449     92.695      7.066  50625.847    31.3409     4.5156      7.000     4.5237    24.8259     6.9828     9.9791     95.216    304.297    311.851   -0.00415    7.33361   10.48046  319.58495     4.5150   16.41361 1.1913e+02     0.3498     0.9054 0.0000e+00
        375  90.577021    0.02600     1.5603     93.620      8.075  50643.122    31.3563     4.5337      8.000     4.5426    24.8363     6.9681     9.9582     95.068    303.656    311.197   -0.00404    7.32963   10.47478  319.40837     4.5331   16.40515 9.5514e+01     0.3614     0.8869 0.0000e+00
        379  90.577032    0.02627     1.5764     94.582      9.085  50638.569    31.3561     4.5492      9.000     4.5526    24.8346     6.9539     9.9379     94.909    303.038    310.564   -0.00390    7.32690   10.47088  319.29007     4.5486   16.39953 7.6872e+01     0.3899     0.8793 0.0000e+00
        383  90.577044    0.02655     1.5931     95.587     10.094  50636.249    31.3555     4.5559     10.000     4.5570    24.8334     6.9392     9.9169     94.724    302.397    309.907   -0.00397    7.32573   10.46921  319.23952     4.5552   16.39713 6.2503e+01     0.4336     0.8797 0.0000e+00
        387  90.577055    0.02682     1.6087     96.521     11.104  50636.240    31.3557     4.5590     11.000     4.5592    24.8333     6.9326     9.9074     94.641    302.108    309.610   -0.00356    7.32517   10.46841  319.21514     4.5583   16.39596 5.0952e+01     0.4789     0.8624 0.0000e+00
        391  90.577065    0.02706     1.6236     97.414     12.114  50637.222    31.3562     4.5607     12.000     4.5606    24.8336     6.9312     9.9053     94.625    302.045    309.546   -0.00289    7.32484   10.46794  319.20075     4.5599   16.39527 4.1752e+01     0.5125     0.8788 0.0000e+00
        395  90.577078    0.02737     1.6424     98.543     13.123  50638.419    31.3569     4.5623     13.000     4.5620    24.8340     6.9295     9.9030     94.607    301.973    309.472   -0.00223    7.32454   10.46750  319.18735     4.5614   16.39464 3.4446e+01     0.5476     0.8479 0.0000e+00
        400  90.577091    0.02768     1.6610     99.657     14.133  50642.060    31.3592     4.5638     14.000     4.5640    24.8356     6.9265     9.8986     94.570    301.840    309.337   -0.00187    7.32416   10.46695  319.16995     4.5629   16.39380 2.8171e+01     0.5516     0.8225 0.0000e+00
        403  90.577102    0.02793     1.6757    100.544     15.142  50644.495    31.3609     4.5660     15.000     4.5661    24.8368     6.9270     9.8993     94.583    301.860    309.357   -0.00146    7.32368   10.46627  319.14885     4.5650   16.39279 2.3191e+01     0.5452     0.8418 0.0000e+00
        407  90.577112    0.02819     1.6914    101.485     16.152  50645.614    31.3616     4.5679     16.000     4.5675    24.8371     6.9276     9.9003     94.597    301.890    309.388   -0.00107    7.32331   10.46574  319.13261     4.5668   16.39201 1.9157e+01     0.5401     0.8128 0.0000e+00
        411  90.577124    0.02847     1.7083    102.498     17.161  50649.219    31.3639     4.5695     17.000     4.5693    24.8388     6.9251     9.8965     94.567    301.776    309.271   -0.00099    7.32292   10.46518  319.11497     4.5684   16.39117 1.5852e+01     0.5267     0.8001 0.0000e+00
        415  90.577135    0.02873     1.7238    103.428     18.171  50654.504    31.3674     4.5710     18.000     4.5694    24.8414     6.9225     9.8929     94.537    301.663    309.157   -0.00100    7.32248   10.46454  319.09483     4.5698   16.39020 1.3176e+01     0.5325     0.8213 0.0000e+00
        418  90.577144    0.02897     1.7380    104.279     19.179  50661.703    31.3714     4.5692     19.000     4.5644    24.8447     6.9237     9.8948     94.553    301.720    309.216   -0.00077    7.32261   10.46474  319.09967     4.5679   16.39041 1.0964e+01     0.5282     0.8375 0.0000e+00
        421  90.577154    0.02919     1.7511    105.065     20.190  50682.208    31.3838     4.5643     20.000     4.5631    24.8551     6.9216     9.8915     94.519    301.619    309.116   -0.00079    7.32286   10.46510  319.10751     4.5629   16.39073 9.1592e+00     0.4984     0.8290 0.0000e+00
        424  90.577162    0.02939     1.7633    105.797     21.200  50693.538    31.3913     4.5653     21.000     4.5655    24.8610     6.9159     9.8835     94.449    301.370    308.863   -0.00112    7.32232   10.46432  319.08195     4.5639   16.38948 7.6772e+00     0.4571     0.8076 0.0000e+00
        427  90.577170    0.02958     1.7752    106.511     22.209  50698.059    31.3944     4.5678     22.000     4.5685    24.8632     6.9132     9.8797     94.421    301.254    308.744   -0.00116    7.32173   10.46348  319.05557     4.5662   16.38821 6.4349e+00     0.4330     0.7961 0.0000e+00
        430  90.577179    0.02978     1.7870    107.218     23.219  50701.661    31.3972     4.5712     23.000     4.5719    24.8650     6.9096     9.8746     94.381    301.098    308.584   -0.00117    7.32098   10.46241  319.02254     4.5696   16.38663 5.3897e+00     0.4256     0.7878 0.0000e+00
        433  90.577186    0.02998     1.7986    107.916     24.228  50702.234    31.3977     4.5742     24.000     4.5741    24.8652     6.9027     9.8647     94.294    300.796    308.275   -0.00147    7.32042   10.46161  318.99808     4.5726   16.38547 4.5210e+00     0.4263     0.7917 0.0000e+00
        435  90.577194    0.03017     1.8102    108.610     25.237  50703.118    31.3983     4.5763     25.000     4.5762    24.8655     6.8973     9.8568     94.224    300.556    308.030   -0.00171    7.32001   10.46103  318.98010     4.5747   16.38461 3.7816e+00     0.4299     0.8011 0.0000e+00
        438  90.577203    0.03037     1.8218    109.308     26.247  50706.347    31.4006     4.5787     26.000     4.5800    24.8670     6.8937     9.8518     94.182    300.402    307.872   -0.00167    7.31949   10.46028  318.95702     4.5769   16.38350 3.1668e+00     0.4303     0.7885 0.0000e+00
        441  90.577211    0.03056     1.8334    110.007     27.257  50718.547    31.4096     4.5842     27.000     4.5919    24.8737     6.8908     9.8476     94.161    300.273    307.742   -0.00157    7.31806   10.45825  318.89286     4.5824   16.38042 2.6570e+00     0.4263     0.7834 0.0000e+00
        444  90.577218    0.03075     1.8450    110.702     28.266  50735.910    31.4244     4.5996     28.000     4.6134    24.8839     6.8897     9.8461     94.191    300.223    307.694   -0.00123    7.31462   10.45333  318.73960     4.5977   16.37306 2.2353e+00     0.4175     0.7777 0.0000e+00
        447  90.577227    0.03094     1.8568    111.410     29.276  50739.649    31.4315     4.6219     29.000     4.6345    24.8871     6.8929     9.8508     94.291    300.366    307.841   -0.00054    7.31033   10.44720  318.55161     4.6200   16.36408 1.8868e+00     0.4070     0.7436 0.0000e+00
        450  90.577236    0.03115     1.8691    112.147     30.285  50744.722    31.4392     4.6431     30.000     4.6556    24.8911     6.8974     9.8571     94.404    300.557    308.038    0.00017    7.30623   10.44135  318.37191     4.6410   16.35550 1.5960e+00     0.3954     0.7240 0.0000e+00
        453  90.577244    0.03136     1.8818    112.906     31.295  50759.301    31.4539     4.6662     31.000     4.6822    24.9002     6.8967     9.8561     94.457    300.525    308.009    0.00044    7.30146   10.43451  318.16079     4.6640   16.34540 1.3531e+00     0.3817     0.7110 0.0000e+00
        456  90.577253    0.03158     1.8947    113.685     32.304  50770.238    31.4673     4.6952     32.000     4.7115    24.9079     6.8916     9.8488     94.461    300.298    307.777    0.00034    7.29569   10.42626  317.90694     4.6930   16.33326 1.1519e+00     0.3694     0.6912 0.0000e+00
        459  90.577263    0.03180     1.9080    114.478     33.314  50772.653    31.4747     4.7237     33.000     4.7376    24.9109     6.8874     9.8428     94.474    300.117    307.593    0.00027    7.29032   10.41859  317.67197     4.7214   16.32205 9.8517e-01     0.3651     0.6679 0.0000e+00
        462  90.577272    0.03202     1.9212    115.273     34.324  50784.624    31.4882     4.7500     34.000     4.7649    24.9189     6.8843     9.8384     94.500    299.979    307.454    0.00032    7.28504   10.41105  317.43966     4.7477   16.31094 8.4396e-01     0.3492     0.6696 0.0000e+00
        465  90.577281    0.03224     1.9343    116.059     35.333  50780.249    31.4905     4.7759     35.000     4.7846    24.9179     6.8832     9.8367     94.544    299.929    307.403    0.00044    7.28039   10.40441  317.23740     4.7735   16.30131 7.2464e-01     0.3364     0.6660 0.0000e+00
        468  90.577290    0.03246     1.9473    116.840     36.343  50776.681    31.4911     4.7921     36.000     4.7973    24.9167     6.8819     9.8349     94.564    299.875    307.347    0.00046    7.27754   10.40033  317.11345     4.7895   16.29541 6.2380e-01     0.3370     0.6531 0.0000e+00
        471  90.577299    0.03267     1.9602    117.614     37.353  50785.386    31.4994     4.8047     37.000     4.8124    24.9219     6.8747     9.8246     94.498    299.557    307.023    0.00001    7.27493   10.39660  316.99802     4.8021   16.28989 5.3774e-01     0.3452     0.6590 0.0000e+00
        475  90.577308    0.03289     1.9731    118.387     38.363  50790.302    31.5058     4.8211     38.000     4.8277    24.9254     6.8664     9.8127     94.425    299.194    306.652   -0.00048    7.27174   10.39206  316.85841     4.8184   16.28322 4.6570e-01     0.3371     0.6502 0.0000e+00
        478  90.577317    0.03311     1.9864    119.183     39.372  50787.732    31.5066     4.8347     39.000     4.8379    24.9245     6.8633     9.8083     94.414    299.061    306.515   -0.00052    7.26934   10.38862  316.75393     4.8319   16.27824 4.0357e-01     0.3216     0.6445 0.0000e+00
        481  90.577326    0.03333     2.0002    120.011     40.381  50791.318    31.5107     4.8445     40.000     4.8477    24.9268     6.8624     9.8071     94.427    299.022    306.476   -0.00039    7.26742   10.38588  316.66956     4.8417   16.27421 3.4984e-01     0.3078     0.6431 0.0000e+00
        484  90.577336    0.03357     2.0141    120.845     41.390  50796.844    31.5162     4.8547     41.000     4.8577    24.9301     6.8603     9.8040     94.424    298.926    306.378   -0.00037    7.26538   10.38295  316.57948     4.8518   16.26990 3.0443e-01     0.3023     0.6429 0.0000e+00
        488  90.577346    0.03380     2.0278    121.666     42.401  50799.602    31.5196     4.8641     42.000     4.8656    24.9318     6.8571     9.7994     94.403    298.788    306.237   -0.00044    7.26357   10.38037  316.50012     4.8611   16.26611 2.6500e-01     0.3082     0.6422 0.0000e+00
        491  90.577355    0.03403     2.0414    122.484     43.410  50798.247    31.5197     4.8709     43.000     4.8701    24.9312     6.8532     9.7939     94.366    298.619    306.064   -0.00059    7.26238   10.37867  316.44841     4.8679   16.26365 2.3093e-01     0.3092     0.6397 0.0000e+00
        494  90.577365    0.03425     2.0550    123.301     44.420  50798.444    31.5201     4.8743     44.000     4.8726    24.9311     6.8475     9.7859     94.296    298.374    305.812   -0.00089    7.26177   10.37780  316.42207     4.8712   16.26240 2.0190e-01     0.2990     0.6385 0.0000e+00
        497  90.577374    0.03447     2.0686    124.116     45.429  50799.813    31.5210     4.8766     45.000     4.8749    24.9316     6.8417     9.7774     94.221    298.117    305.550   -0.00118    7.26133   10.37716  316.40225     4.8734   16.26144 1.7750e-01     0.2913     0.6434 0.0000e+00
        501  90.577383    0.03470     2.0822    124.929     46.439  50803.415    31.5235     4.8792     46.000     4.8787    24.9334     6.8387     9.7732     94.187    297.985    305.415   -0.00122    7.26074   10.37632  316.37629     4.8760   16.26020 1.5656e-01     0.2972     0.6468 0.0000e+00
        504  90.577393    0.03493     2.0958    125.746     47.449  50813.735    31.5313     4.8844     47.000     4.8876    24.9390     6.8400     9.7750     94.222    298.041    305.474   -0.00088    7.25945   10.37448  316.31847     4.8811   16.25741 1.3866e-01     0.2933     0.6303 0.0000e+00
        507  90.577403    0.03516     2.1095    126.571     48.459  50827.658    31.5430     4.8964     48.000     4.9022    24.9470     6.8428     9.7791     94.296    298.162    305.601   -0.00033    7.25680   10.37070  316.20055     4.8930   16.25176 1.2351e-01     0.2910     0.6126 0.0000e+00
        511  90.577412    0.03539     2.1235    127.407     49.468  50824.399    31.5432     4.9098     49.000     4.9103    24.9457     6.8436     9.7801     94.336    298.195    305.633   -0.00006    7.25446   10.36735  316.09894     4.9063   16.24692 1.1129e-01     0.2760     0.5978 0.0000e+00
        514  90.577422    0.03562     2.1373    128.238     50.478  50821.288    31.5417     4.9150     50.000     4.9122    24.9440     6.8435     9.7800     94.346    298.193    305.631   -0.00005    7.25362   10.36615  316.06292     4.9115   16.24521 1.0081e-01     0.2674     0.5972 0.0000e+00
        517  90.577431    0.03585     2.1511    129.068     51.488  50822.809    31.5424     4.9161     51.000     4.9132    24.9444     6.8418     9.7776     94.325    298.117    305.554   -0.00018    7.25339   10.36583  316.05292     4.9125   16.24473 9.1488e-02     0.2763     0.6163 0.0000e+00
        521  90.577441    0.03609     2.1652    129.915     52.498  50832.900    31.5494     4.9185     52.000     4.9197    24.9497     6.8359     9.7693     94.255    297.862    305.293   -0.00057    7.25264   10.36475  316.01836     4.9149   16.24306 8.3656e-02     0.2744     0.6410 0.0000e+00
        524  90.577451    0.03633     2.1797    130.783     53.507  50848.641    31.5620     4.9292     53.000     4.9348    24.9586     6.8325     9.7643     94.240    297.710    305.140   -0.00065    7.25018   10.36124  315.90851     4.9254   16.23778 7.7411e-02     0.2602     0.6448 0.0000e+00
