CTD-processing/allCTD/CNV/2015_07-10_alongbay_pt.bede_cast120_5028.cnv
* Sea-Bird SBE19plus Data File:
* FileName = C:\Users\Kris.Holderied\Documents\kasitsna\Research-KBL\Oceanography-AK\CTD-Data-ALL-to-2015-06\2015-CTD-KachemakBay-CookInlet\2015-07-10-KachemakBay-AlongBayLine\2015_07_10_KachemakBay_AlongBay_cast120.hex
* Software Version 1.59
* Temperature SN =  5028
* Conductivity SN =  5028
* System UpLoad Time = Jul 30 2015 17:27:50
** Kachemak Bay Along Bay Line - Flat Island to Bear Cove

** Date: 07-10
** Station: Pt.Bede
** Start time (AKDT): 11:44
** Depth (m): 51
** Comment:  R/V Johanna Rose (Nuka Research)
** Comment: Seldovia subbay sampled before the along-bay line.
# nquan = 27
# nvalues = 50                          
# units = specified
# name 0 = scan: Scan Count
# name 1 = timeJ: Julian Days
# name 2 = timeH: Time, Elapsed [hours]
# name 3 = timeM: Time, Elapsed [minutes]
# name 4 = timeS: Time, Elapsed [seconds]
# name 5 = prdM: Pressure, Strain Gauge [db]
# name 6 = specc: Specific Conductance [uS/cm]
# name 7 = sal00: Salinity, Practical [PSU]
# name 8 = tv290C: Temperature [ITS-90, deg C]
# name 9 = depSM: Depth [salt water, m], lat = 59.00
# name 10 = potemp090C: Potential Temperature [ITS-90, deg C]
# name 11 = sigma-é00: Density [sigma-theta, kg/m^3]
# name 12 = sbeox0ML/L: Oxygen, SBE 43 [ml/l]
# name 13 = sbeox0Mg/L: Oxygen, SBE 43 [mg/l]
# name 14 = sbeox0PS: Oxygen, SBE 43 [% saturation]
# name 15 = sbox0Mm/Kg: Oxygen, SBE 43 [umol/kg]
# name 16 = sbeox0Mm/L: Oxygen, SBE 43 [umol/l]
# name 17 = sbox0dV/dT: Oxygen, SBE 43 [dov/dt]
# name 18 = oxsolML/L: Oxygen Saturation, Garcia & Gordon [ml/l]
# name 19 = oxsolMg/L: Oxygen Saturation, Garcia & Gordon [mg/l]
# name 20 = oxsolMm/Kg: Oxygen Saturation, Garcia & Gordon [umol/kg]
# name 21 = potemp090C: Potential Temperature [ITS-90, deg C]
# name 22 = n2satMg/L: Nitrogen Saturation [mg/l]
# name 23 = par: PAR/Irradiance, Biospherical/Licor
# name 24 = flECO-AFL: Fluorescence, WET Labs ECO-AFL/FL [mg/m^3]
# name 25 = turbWETntu0: Turbidity, WET Labs ECO [NTU]
# name 26 = flag: flag
# span 0 =        131,        602       
# span 1 = 191.488826, 191.490187       
# span 2 =    0.00906,    0.04171       
# span 3 =     0.5436,     2.5026       
# span 4 =     32.615,    150.154       
# span 5 =      1.009,     50.478       
# span 6 =  48941.648,  49239.328       
# span 7 =    31.1245,    31.2735       
# span 8 =     9.7865,    10.0007       
# span 9 =      1.000,     50.000       
# span 10 =     9.7818,     9.9750      
# span 11 =    23.9282,    24.0788      
# span 12 =     6.0549,     6.0813      
# span 13 =     8.6530,     8.6907      
# span 14 =     93.188,     93.936      
# span 15 =    264.053,    265.249      
# span 16 =    270.410,    271.588      
# span 17 =   -0.00787,    0.00132      
# span 18 =    6.47383,    6.49777      
# span 19 =    9.25175,    9.28596      
# span 20 =  282.37063,  283.36737      
# span 21 =     9.7820,    10.0005      
# span 22 =   14.63943,   14.68648      
# span 23 = 5.8425e-01, 5.8887e+02      
# span 24 =     0.3651,     1.3436      
# span 25 =     0.2137,     0.4791      
# span 26 = 0.0000e+00, 0.0000e+00      
# interval = meters: 1                  
# start_time = Jul 10 2015 11:43:22 [Instrument's time stamp, header]
# bad_flag = -9.990e-29
*END*
        131 191.488826    0.00906     0.5436     32.615      1.009  48941.648    31.1245    10.0007      1.000     9.9750    23.9282     6.0813     8.6907     93.936    265.249    271.588   -0.00787    6.47383    9.25175  282.37063    10.0005   14.63943 5.8094e+02     1.3436     0.4791 0.0000e+00
        324 191.489385    0.02246     1.3475     80.852      2.019  49155.175    31.2457     9.8812      2.000     9.8789    24.0413     6.0585     8.6582     93.417    264.220    270.573    0.00132    6.48542    9.26831  282.83903     9.8811   14.66131 5.8887e+02     0.3766     0.2250 0.0000e+00
        331 191.489404    0.02292     1.3752     82.513      3.028  49159.019    31.2472     9.8760      3.000     9.8747    24.0433     6.0601     8.6605     93.432    264.290    270.645    0.00089    6.48610    9.26929  282.86831     9.8756   14.66271 4.4666e+02     0.3681     0.2202 0.0000e+00
        337 191.489420    0.02331     1.3985     83.910      4.038  49161.188    31.2481     9.8745      4.000     9.8740    24.0443     6.0635     8.6653     93.482    264.437    270.796    0.00071    6.48627    9.26954  282.87551     9.8741   14.66305 3.7830e+02     0.3651     0.2180 0.0000e+00
        342 191.489437    0.02371     1.4223     85.340      5.047  49161.593    31.2480     9.8745      5.000     9.8740    24.0442     6.0691     8.6732     93.568    264.680    271.044    0.00090    6.48628    9.26954  282.87573     9.8740   14.66306 3.2214e+02     0.3840     0.2234 0.0000e+00
        348 191.489453    0.02411     1.4464     86.782      6.057  49160.974    31.2471     9.8741      6.000     9.8722    24.0436     6.0665     8.6696     93.527    264.570    270.931    0.00024    6.48638    9.26968  282.88017     9.8734   14.66328 2.7003e+02     0.3924     0.2364 0.0000e+00
        354 191.489470    0.02451     1.4704     88.225      7.066  49163.668    31.2480     9.8701      7.000     9.8687    24.0450     6.0644     8.6666     93.486    264.477    270.837   -0.00016    6.48692    9.27045  282.90324     9.8693   14.66438 2.2519e+02     0.4152     0.2469 0.0000e+00
        360 191.489487    0.02491     1.4945     89.670      8.075  49165.335    31.2489     9.8710      8.000     9.8712    24.0455     6.0619     8.6630     93.450    264.366    270.723   -0.00040    6.48674    9.27020  282.89549     9.8701   14.66400 1.8669e+02     0.4511     0.2579 0.0000e+00
        365 191.489504    0.02531     1.5186     91.117      9.085  49164.480    31.2482     9.8737      9.000     9.8730    24.0446     6.0658     8.6687     93.516    264.540    270.901    0.00006    6.48640    9.26971  282.88062     9.8727   14.66329 1.5321e+02     0.4756     0.2297 0.0000e+00
        371 191.489520    0.02570     1.5423     92.537     10.095  49163.828    31.2473     9.8737     10.000     9.8717    24.0439     6.0683     8.6722     93.554    264.648    271.011    0.00022    6.48642    9.26975  282.88193     9.8726   14.66336 1.2540e+02     0.4984     0.2385 0.0000e+00
        377 191.489536    0.02609     1.5655     93.933     11.104  49164.754    31.2470     9.8691     11.000     9.8653    24.0444     6.0664     8.6695     93.516    264.566    270.928   -0.00016    6.48709    9.27070  282.91098     9.8679   14.66475 1.0453e+02     0.5564     0.2261 0.0000e+00
        383 191.489553    0.02650     1.5899     95.392     12.113  49170.016    31.2495     9.8635     12.000     9.8614    24.0473     6.0672     8.6706     93.516    264.596    270.959   -0.00018    6.48779    9.27171  282.94095     9.8621   14.66617 8.7744e+01     0.6075     0.2202 0.0000e+00
        388 191.489570    0.02690     1.6138     96.827     13.123  49171.976    31.2503     9.8624     13.000     9.8612    24.0481     6.0676     8.6711     93.521    264.613    270.977   -0.00014    6.48791    9.27187  282.94568     9.8610   14.66640 7.4797e+01     0.6514     0.2252 0.0000e+00
        394 191.489587    0.02731     1.6385     98.310     14.132  49173.610    31.2514     9.8652     14.000     9.8660    24.0486     6.0691     8.6733     93.551    264.680    271.045   -0.00000    6.48746    9.27123  282.92586     9.8637   14.66544 6.4406e+01     0.7035     0.2296 0.0000e+00
        400 191.489603    0.02770     1.6619     99.713     15.143  49169.888    31.2491     9.8713     15.000     9.8699    24.0458     6.0740     8.6804     93.638    264.897    271.266    0.00044    6.48670    9.27014  282.89351     9.8696   14.66391 5.5838e+01     0.7510     0.2418 0.0000e+00
        405 191.489619    0.02809     1.6853    101.119     16.152  49168.966    31.2478     9.8695     16.000     9.8653    24.0451     6.0793     8.6879     93.715    265.126    271.501    0.00066    6.48701    9.27058  282.90719     9.8677   14.66457 4.8540e+01     0.7687     0.2364 0.0000e+00
        411 191.489636    0.02848     1.7092    102.552     17.162  49174.234    31.2503     9.8633     17.000     9.8607    24.0481     6.0766     8.6840     93.662    265.006    271.378    0.00005    6.48778    9.27169  282.93999     9.8615   14.66613 4.2305e+01     0.7697     0.2253 0.0000e+00
        417 191.489653    0.02890     1.7341    104.044     18.171  49175.859    31.2509     9.8621     18.000     9.8599    24.0487     6.0707     8.6757     93.569    264.752    271.119   -0.00057    6.48793    9.27190  282.94637     9.8601   14.66643 3.7081e+01     0.7553     0.2323 0.0000e+00
        423 191.489670    0.02931     1.7586    105.516     19.180  49176.033    31.2505     9.8612     19.000     9.8574    24.0485     6.0679     8.6716     93.523    264.627    270.990   -0.00069    6.48807    9.27211  282.95278     9.8591   14.66674 3.2558e+01     0.7400     0.2645 0.0000e+00
        429 191.489687    0.02970     1.7819    106.914     20.189  49179.274    31.2513     9.8525     20.000     9.8464    24.0506     6.0676     8.6711     93.501    264.614    270.978   -0.00062    6.48928    9.27383  283.00491     9.8503   14.66923 2.8786e+01     0.7442     0.2388 0.0000e+00
        434 191.489703    0.03009     1.8054    108.326     21.199  49185.943    31.2547     9.8460     21.000     9.8417    24.0543     6.0686     8.6725     93.505    264.655    271.021   -0.00045    6.49007    9.27496  283.03816     9.8437   14.67081 2.5418e+01     0.7426     0.2317 0.0000e+00
        440 191.489720    0.03050     1.8298    109.787     22.209  49190.499    31.2563     9.8370     22.000     9.8318    24.0570     6.0692     8.6735     93.498    264.684    271.051   -0.00035    6.49128    9.27669  283.09041     9.8345   14.67330 2.2319e+01     0.7189     0.2246 0.0000e+00
        446 191.489737    0.03090     1.8544    111.266     23.218  49196.841    31.2598     9.8332     23.000     9.8314    24.0605     6.0647     8.6671     93.424    264.488    270.851   -0.00073    6.49167    9.27725  283.10634     9.8307   14.67404 1.9381e+01     0.7040     0.2143 0.0000e+00
        452 191.489753    0.03130     1.8782    112.691     24.228  49195.731    31.2586     9.8332     24.000     9.8298    24.0595     6.0647     8.6670     93.422    264.485    270.848   -0.00053    6.49172    9.27731  283.10869     9.8306   14.67416 1.6803e+01     0.7023     0.2202 0.0000e+00
        457 191.489770    0.03170     1.9018    114.108     25.237  49197.386    31.2591     9.8310     25.000     9.8275    24.0602     6.0663     8.6693     93.443    264.555    270.920   -0.00029    6.49201    9.27773  283.12108     9.8283   14.67475 1.4578e+01     0.6934     0.2224 0.0000e+00
        464 191.489788    0.03212     1.9274    115.642     26.247  49199.515    31.2602     9.8313     26.000     9.8293    24.0611     6.0698     8.6743     93.497    264.707    271.076    0.00009    6.49193    9.27762  283.11750     9.8284   14.67458 1.2632e+01     0.6809     0.2202 0.0000e+00
        469 191.489804    0.03253     1.9519    117.111     27.257  49198.339    31.2591     9.8327     27.000     9.8296    24.0600     6.0700     8.6746     93.502    264.716    271.085    0.00003    6.49177    9.27739  283.11092     9.8297   14.67427 1.1022e+01     0.6832     0.2201 0.0000e+00
        475 191.489820    0.03292     1.9747    118.484     28.266  49198.706    31.2588     9.8314     28.000     9.8273    24.0600     6.0672     8.6707     93.457    264.596    270.962   -0.00031    6.49197    9.27767  283.11944     9.8284   14.67468 9.6481e+00     0.6880     0.2213 0.0000e+00
        481 191.489837    0.03330     1.9981    119.885     29.275  49201.314    31.2599     9.8293     29.000     9.8258    24.0613     6.0641     8.6664     93.407    264.464    270.827   -0.00055    6.49223    9.27804  283.13042     9.8261   14.67520 8.4655e+00     0.6821     0.2165 0.0000e+00
        487 191.489854    0.03373     2.0237    121.423     30.286  49202.671    31.2605     9.8295     30.000     9.8270    24.0617     6.0651     8.6676     93.421    264.502    270.866   -0.00033    6.49217    9.27797  283.12797     9.8262   14.67507 7.3937e+00     0.6863     0.2211 0.0000e+00
        493 191.489872    0.03415     2.0488    122.926     31.295  49201.561    31.2596     9.8316     31.000     9.8285    24.0606     6.0689     8.6731     93.484    264.669    271.037    0.00009    6.49191    9.27759  283.11664     9.8283   14.67454 6.4673e+00     0.6836     0.2336 0.0000e+00
        498 191.489888    0.03455     2.0728    124.370     32.304  49202.044    31.2596     9.8324     32.000     9.8292    24.0605     6.0717     8.6770     93.528    264.789    271.160    0.00025    6.49180    9.27743  283.11199     9.8288   14.67432 5.6645e+00     0.6830     0.2366 0.0000e+00
        504 191.489905    0.03493     2.0959    125.754     33.314  49202.328    31.2595     9.8341     33.000     9.8314    24.0603     6.0733     8.6793     93.557    264.860    271.232    0.00026    6.49156    9.27709  283.10147     9.8305   14.67381 4.9742e+00     0.6939     0.2237 0.0000e+00
        510 191.489921    0.03534     2.1200    127.200     34.324  49199.240    31.2569     9.8340     34.000     9.8270    24.0583     6.0683     8.6722     93.478    264.644    271.011   -0.00033    6.49167    9.27725  283.10713     9.8303   14.67410 4.3650e+00     0.6908     0.2137 0.0000e+00
        516 191.489938    0.03574     2.1448    128.689     35.333  49207.862    31.2613     9.8241     35.000     9.8202    24.0633     6.0611     8.6619     93.350    264.330    270.691   -0.00101    6.49290    9.27900  283.15911     9.8203   14.67657 3.8378e+00     0.6569     0.2213 0.0000e+00
        522 191.489956    0.03615     2.1693    130.158     36.343  49207.891    31.2617     9.8296     36.000     9.8279    24.0626     6.0636     8.6655     93.399    264.437    270.800   -0.00045    6.49210    9.27786  283.12442     9.8257   14.67491 3.3722e+00     0.6805     0.2231 0.0000e+00
        527 191.489971    0.03654     2.1922    131.529     37.352  49204.175    31.2590     9.8326     37.000     9.8280    24.0601     6.0701     8.6747     93.504    264.721    271.090    0.00029    6.49179    9.27742  283.11156     9.8286   14.67430 2.9711e+00     0.6905     0.2228 0.0000e+00
        533 191.489988    0.03694     2.2163    132.981     38.362  49204.426    31.2582     9.8282     38.000     9.8204    24.0602     6.0669     8.6702     93.446    264.582    270.948   -0.00020    6.49244    9.27835  283.14018     9.8241   14.67567 2.6135e+00     0.6848     0.2490 0.0000e+00
        539 191.490005    0.03734     2.2406    134.435     39.372  49211.019    31.2610     9.8175     39.000     9.8088    24.0641     6.0614     8.6623     93.340    264.341    270.702   -0.00084    6.49386    9.28037  283.20074     9.8133   14.67856 2.3055e+00     0.6809     0.2490 0.0000e+00
        544 191.490021    0.03774     2.2644    135.866     40.381  49219.552    31.2646     9.8025     40.000     9.7924    24.0694     6.0589     8.6588     93.274    264.232    270.592   -0.00092    6.49584    9.28321  283.28566     9.7982   14.68261 2.0331e+00     0.6669     0.2400 0.0000e+00
        550 191.490038    0.03812     2.2875    137.249     41.391  49231.913    31.2712     9.7895     41.000     9.7832    24.0767     6.0549     8.6530     93.188    264.053    270.410   -0.00120    6.49743    9.28548  283.35306     9.7850   14.68580 1.7961e+00     0.6543     0.2450 0.0000e+00
        556 191.490054    0.03851     2.3109    138.655     42.401  49235.815    31.2732     9.7865     42.000     9.7818    24.0787     6.0628     8.6643     93.305    264.397    270.763   -0.00016    6.49777    9.28596  283.36737     9.7820   14.68648 1.5873e+00     0.6609     0.2282 0.0000e+00
        561 191.490070    0.03892     2.3348    140.090     43.410  49236.749    31.2735     9.7873     43.000     9.7835    24.0788     6.0679     8.6716     93.385    264.619    270.991    0.00033    6.49764    9.28578  283.36178     9.7826   14.68621 1.4032e+00     0.6673     0.2199 0.0000e+00
        567 191.490087    0.03931     2.3583    141.496     44.420  49235.707    31.2726     9.7896     44.000     9.7854    24.0778     6.0653     8.6679     93.350    264.507    270.876   -0.00006    6.49735    9.28536  283.34906     9.7849   14.68561 1.2378e+00     0.6684     0.2253 0.0000e+00
        572 191.490102    0.03968     2.3809    142.854     45.430  49235.113    31.2719     9.7910     45.000     9.7861    24.0771     6.0625     8.6639     93.309    264.385    270.750   -0.00034    6.49718    9.28512  283.34209     9.7860   14.68528 1.0943e+00     0.6635     0.2213 0.0000e+00
        578 191.490119    0.04007     2.4043    144.257     46.439  49235.170    31.2715     9.7903     46.000     9.7844    24.0769     6.0602     8.6606     93.272    264.284    270.648   -0.00050    6.49731    9.28530  283.34746     9.7852   14.68554 9.6638e-01     0.6674     0.2219 0.0000e+00
        583 191.490134    0.04045     2.4267    145.602     47.449  49237.094    31.2722     9.7887     47.000     9.7835    24.0777     6.0578     8.6571     93.232    264.179    270.540   -0.00060    6.49749    9.28556  283.35522     9.7836   14.68591 8.5472e-01     0.6771     0.2264 0.0000e+00
        589 191.490150    0.04083     2.4499    146.995     48.458  49238.085    31.2725     9.7888     48.000     9.7837    24.0779     6.0571     8.6562     93.222    264.150    270.509   -0.00053    6.49748    9.28553  283.35457     9.7836   14.68588 7.5456e-01     0.6611     0.2312 0.0000e+00
        595 191.490167    0.04122     2.4734    148.407     49.468  49238.651    31.2725     9.7890     49.000     9.7836    24.0779     6.0604     8.6609     93.273    264.292    270.655   -0.00009    6.49744    9.28549  283.35315     9.7837   14.68581 6.6488e-01     0.6657     0.2265 0.0000e+00
        602 191.490187    0.04171     2.5026    150.154     50.478  49239.328    31.2726     9.7891     50.000     9.7837    24.0779     6.0570     8.6560     93.222    264.146    270.506   -0.00038    6.49742    9.28547  283.35246     9.7836   14.68577 5.8425e-01     0.6703     0.2270 0.0000e+00
