CTD-processing/allCTD/CNV/2015_10-19_t9_s04_cast212_5028.cnv
* Sea-Bird SBE19plus Data File:
* FileName = C:\Users\Kris.Holderied\Documents\kasitsna\Research-KBL\Oceanography-AK\CTD-Data-ALL-to-2015-06\2015-CTD-KachemakBay-CookInlet\2015-10-19-CookInlet-HomerSpit-monthly\2015-10-19-CookInlet-Tran9-cast212.hex
* Software Version 1.59
* Temperature SN =  5028
* Conductivity SN =  5028
* System UpLoad Time = Oct 31 2015 16:34:11
** Cook Inlet LTM Transect 9 Homer Spit monthly

** Date: 10-19
** Station: 9-04
** Start time (AKDT): 15:24
** Depth (m): 93.9
** Comment:  R/V Edgecumbe
** Comment:
# nquan = 27
# nvalues = 86                          
# units = specified
# name 0 = scan: Scan Count
# name 1 = timeJ: Julian Days
# name 2 = timeH: Time, Elapsed [hours]
# name 3 = timeM: Time, Elapsed [minutes]
# name 4 = timeS: Time, Elapsed [seconds]
# name 5 = prdM: Pressure, Strain Gauge [db]
# name 6 = specc: Specific Conductance [uS/cm]
# name 7 = sal00: Salinity, Practical [PSU]
# name 8 = tv290C: Temperature [ITS-90, deg C]
# name 9 = depSM: Depth [salt water, m], lat = 59.00
# name 10 = potemp090C: Potential Temperature [ITS-90, deg C]
# name 11 = sigma-é00: Density [sigma-theta, kg/m^3]
# name 12 = sbeox0ML/L: Oxygen, SBE 43 [ml/l]
# name 13 = sbeox0Mg/L: Oxygen, SBE 43 [mg/l]
# name 14 = sbeox0PS: Oxygen, SBE 43 [% saturation]
# name 15 = sbox0Mm/Kg: Oxygen, SBE 43 [umol/kg]
# name 16 = sbeox0Mm/L: Oxygen, SBE 43 [umol/l]
# name 17 = sbox0dV/dT: Oxygen, SBE 43 [dov/dt]
# name 18 = oxsolML/L: Oxygen Saturation, Garcia & Gordon [ml/l]
# name 19 = oxsolMg/L: Oxygen Saturation, Garcia & Gordon [mg/l]
# name 20 = oxsolMm/Kg: Oxygen Saturation, Garcia & Gordon [umol/kg]
# name 21 = potemp090C: Potential Temperature [ITS-90, deg C]
# name 22 = n2satMg/L: Nitrogen Saturation [mg/l]
# name 23 = par: PAR/Irradiance, Biospherical/Licor
# name 24 = flECO-AFL: Fluorescence, WET Labs ECO-AFL/FL [mg/m^3]
# name 25 = turbWETntu0: Turbidity, WET Labs ECO [NTU]
# name 26 = flag: flag
# span 0 =        454,        860       
# span 1 = 292.642284, 292.643458       
# span 2 =    0.03148,    0.05965       
# span 3 =     1.8888,     3.5796       
# span 4 =    113.331,    214.772       
# span 5 =      1.009,     86.830       
# span 6 =  45917.255,  48563.753       
# span 7 =    28.8543,    30.7389       
# span 8 =     8.9049,     9.6712       
# span 9 =      1.000,     86.000       
# span 10 =     8.9429,     9.6688      
# span 11 =    22.3243,    23.7148      
# span 12 =     5.1840,     5.8898      
# span 13 =     7.4085,     8.4171      
# span 14 =     78.936,     88.420      
# span 15 =    226.156,    257.236      
# span 16 =    231.518,    263.038      
# span 17 =   -0.01148,    0.00636      
# span 18 =    6.56236,    6.73029      
# span 19 =    9.37826,    9.61825      
# span 20 =  286.36566,  294.01121      
# span 21 =     8.9047,     9.6702      
# span 22 =   14.83340,   15.20510      
# span 23 = 5.0383e-02, 9.6901e+01      
# span 24 =     0.0891,     0.7653      
# span 25 =     0.4461,     2.4870      
# span 26 = 0.0000e+00, 0.0000e+00      
# interval = meters: 1                  
# start_time = Oct 19 2015 15:23:00 [Instrument's time stamp, header]
# bad_flag = -9.990e-29
*END*
[from data line 54]
        711 292.643026    0.04929     2.9570    177.421     55.527  48325.699    30.5851     9.4597     55.000     9.4492    23.5935     5.3564     7.6547     81.481    233.701    239.215   -0.00090    6.57376    9.39456  286.81714     9.4539   14.85424 5.5498e-02     0.1344     0.5719 0.0000e+00
        715 292.643037    0.04956     2.9737    178.420     56.536  48332.512    30.5884     9.4513     56.000     9.4419    23.5974     5.3658     7.6683     81.611    234.111    239.636   -0.00003    6.57484    9.39611  286.86327     9.4454   14.85644 5.4889e-02     0.1412     0.5648 0.0000e+00
        719 292.643050    0.04985     2.9913    179.477     57.546  48339.687    30.5922     9.4449     57.000     9.4368    23.6014     5.3806     7.6894     81.827    234.758    240.298    0.00122    6.57561    9.39721  286.89568     9.4389   14.85797 5.4396e-02     0.1465     0.5654 0.0000e+00
        723 292.643062    0.05016     3.0095    180.569     58.556  48343.840    30.5941     9.4408     58.000     9.4329    23.6036     5.3904     7.7034     81.969    235.184    240.735    0.00166    6.57613    9.39794  286.91762     9.4347   14.85901 5.3984e-02     0.1447     0.5759 0.0000e+00
        728 292.643076    0.05048     3.0287    181.722     59.566  48346.594    30.5950     9.4359     59.000     9.4261    23.6050     5.3962     7.7117     82.049    235.437    240.995    0.00155    6.57681    9.39892  286.94697     9.4297   14.86041 5.3845e-02     0.1387     0.5594 0.0000e+00
        733 292.643089    0.05081     3.0490    182.939     60.575  48354.103    30.5982     9.4239     60.000     9.4098    23.6095     5.3978     7.7140     82.053    235.506    241.066    0.00100    6.57841    9.40121  287.01565     9.4176   14.86368 5.3538e-02     0.1425     0.5568 0.0000e+00
        738 292.643104    0.05115     3.0688    184.131     61.584  48370.324    30.6069     9.4068     61.000     9.3972    23.6189     5.4004     7.7176     82.066    235.616    241.180    0.00062    6.58054    9.40424  287.10557     9.4004   14.86794 5.3266e-02     0.1420     0.5476 0.0000e+00
        742 292.643117    0.05148     3.0885    185.309     62.595  48374.217    30.6084     9.4008     62.000     9.3907    23.6211     5.4117     7.7339     82.228    236.111    241.688    0.00123    6.58135    9.40540  287.14043     9.3943   14.86960 5.3069e-02     0.1339     0.5298 0.0000e+00
        747 292.643131    0.05181     3.1084    186.504     63.604  48379.053    30.6100     9.3903     63.000     9.3803    23.6239     5.4207     7.7468     82.347    236.503    242.090    0.00152    6.58281    9.40750  287.20341     9.3837   14.87261 5.2862e-02     0.1252     0.5037 0.0000e+00
        752 292.643145    0.05214     3.1286    187.716     64.614  48385.245    30.6133     9.3853     64.000     9.3781    23.6273     5.4277     7.7568     82.446    236.810    242.405    0.00145    6.58341    9.40835  287.22859     9.3786   14.87380 5.2715e-02     0.1364     0.4618 0.0000e+00
        757 292.643159    0.05247     3.1485    188.910     65.624  48387.290    30.6143     9.3850     65.000     9.3783    23.6281     5.4392     7.7732     82.621    237.309    242.917    0.00194    6.58341    9.40835  287.22828     9.3781   14.87378 5.2508e-02     0.1406     0.4461 0.0000e+00
        761 292.643172    0.05281     3.1684    190.105     66.634  48388.617    30.6148     9.3857     66.000     9.3791    23.6284     5.4457     7.7825     82.721    237.594    243.208    0.00183    6.58328    9.40816  287.22259     9.3788   14.87350 5.2315e-02     0.1451     0.4589 0.0000e+00
        766 292.643186    0.05312     3.1872    191.230     67.643  48389.388    30.6151     9.3864     67.000     9.3795    23.6285     5.4468     7.7840     82.738    237.639    243.254    0.00133    6.58316    9.40799  287.21723     9.3794   14.87325 5.2240e-02     0.1480     0.4901 0.0000e+00
        770 292.643198    0.05343     3.2062    192.370     68.653  48389.729    30.6149     9.3867     68.000     9.3793    23.6284     5.4444     7.7806     82.703    237.535    243.147    0.00061    6.58312    9.40794  287.21590     9.3795   14.87318 5.2185e-02     0.1364     0.4833 0.0000e+00
        776 292.643213    0.05379     3.2271    193.629     69.663  48390.155    30.6146     9.3856     69.000     9.3774    23.6283     5.4451     7.7815     82.710    237.563    243.176    0.00036    6.58330    9.40820  287.22367     9.3783   14.87356 5.2165e-02     0.1385     0.4696 0.0000e+00
        781 292.643229    0.05417     3.2497    194.984     70.673  48392.363    30.6154     9.3829     70.000     9.3743    23.6294     5.4470     7.7843     82.735    237.647    243.263    0.00030    6.58367    9.40872  287.23944     9.3755   14.87431 5.2132e-02     0.1387     0.4782 0.0000e+00
        786 292.643243    0.05450     3.2702    196.210     71.682  48396.140    30.6173     9.3804     71.000     9.3722    23.6313     5.4459     7.7828     82.715    237.600    243.215    0.00006    6.58394    9.40912  287.25082     9.3730   14.87485 5.2285e-02     0.1494     0.4967 0.0000e+00
        791 292.643257    0.05483     3.2898    197.390     72.692  48402.103    30.6209     9.3791     72.000     9.3715    23.6343     5.4451     7.7816     82.702    237.563    243.177   -0.00016    6.58398    9.40917  287.25166     9.3716   14.87488 5.2281e-02     0.1375     0.4854 0.0000e+00
        795 292.643271    0.05517     3.3100    198.599     73.702  48411.315    30.6269     9.3791     73.000     9.3710    23.6390     5.4504     7.7891     82.786    237.793    243.414    0.00031    6.58373    9.40882  287.23946     9.3714   14.87427 5.2142e-02     0.1407     0.4860 0.0000e+00
        800 292.643285    0.05551     3.3304    199.825     74.712  48427.810    30.6380     9.3789     74.000     9.3734    23.6478     5.4492     7.7875     82.773    237.740    243.362    0.00017    6.58329    9.40818  287.21775     9.3711   14.87318 5.2203e-02     0.1280     0.5042 0.0000e+00
        805 292.643299    0.05585     3.3509    201.055     75.722  48445.573    30.6513     9.3879     75.000     9.3849    23.6567     5.4381     7.7717     82.629    237.256    242.869   -0.00080    6.58141    9.40549  287.13296     9.3800   14.86908 5.2039e-02     0.1156     0.5363 0.0000e+00
        810 292.643314    0.05619     3.3716    202.297     76.731  48460.009    30.6627     9.4010     76.000     9.4005    23.6636     5.4214     7.7476     82.404    236.520    242.117   -0.00178    6.57902    9.40207  287.02676     9.3930   14.86395 5.1909e-02     0.1243     0.6243 0.0000e+00
        815 292.643328    0.05653     3.3916    203.499     77.741  48493.922    30.6890     9.4233     77.000     9.4285    23.6807     5.3920     7.7057     82.012    235.236    240.806   -0.00348    6.57467    9.39585  286.83213     9.4151   14.85454 5.1561e-02     0.1225     0.6555 0.0000e+00
        820 292.643341    0.05685     3.4107    204.643     78.751  48513.494    30.7063     9.4538     78.000     9.4531    23.6895     5.3587     7.6580     81.569    233.780    239.318   -0.00492    6.56949    9.38846  286.60413     9.4456   14.84357 5.1106e-02     0.1067     0.7401 0.0000e+00
        824 292.643354    0.05716     3.4297    205.784     79.761  48508.207    30.7036     9.4641     79.000     9.4554    23.6858     5.2995     7.5735     80.685    231.198    236.674   -0.00831    6.56811    9.38650  286.54495     9.4557   14.84075 5.1188e-02     0.1050     0.8506 0.0000e+00
        829 292.643368    0.05750     3.4501    207.003     80.771  48509.383    30.7038     9.4627     80.000     9.4532    23.6862     5.2382     7.4859     79.749    228.524    233.936   -0.01122    6.56830    9.38676  286.55298     9.4543   14.84113 5.1217e-02     0.1059     0.8814 0.0000e+00
        834 292.643382    0.05784     3.4702    208.210     81.781  48512.500    30.7052     9.4601     81.000     9.4505    23.6877     5.2223     7.4631     79.503    227.829    233.226   -0.00908    6.56862    9.38721  286.56655     9.4515   14.84178 5.1185e-02     0.0947     0.8743 0.0000e+00
        839 292.643396    0.05818     3.4905    209.432     82.790  48516.409    30.7072     9.4572     82.000     9.4464    23.6897     5.2220     7.4628     79.495    227.818    233.215   -0.00609    6.56896    9.38769  286.58057     9.4485   14.84244 5.0805e-02     0.0891     0.8902 0.0000e+00
        844 292.643410    0.05851     3.5110    210.659     83.800  48525.994    30.7127     9.4513     83.000     9.4407    23.6949     5.2205     7.4607     79.465    227.752    233.149   -0.00421    6.56958    9.38859  286.60648     9.4425   14.84366 5.0481e-02     0.0976     0.9175 0.0000e+00
        849 292.643425    0.05886     3.5313    211.880     84.811  48550.230    30.7289     9.4489     84.000     9.4423    23.7081     5.2169     7.4556     79.415    227.594    232.990   -0.00310    6.56925    9.38812  286.58833     9.4400   14.84273 5.0383e-02     0.1042     1.0064 0.0000e+00
        854 292.643440    0.05922     3.5528    213.170     85.820  48563.753    30.7389     9.4555     85.000     9.4480    23.7148     5.2091     7.4444     79.312    227.252    232.641   -0.00258    6.56786    9.38613  286.52581     9.4466   14.83970 5.0477e-02     0.0966     1.2070 0.0000e+00
        860 292.643458    0.05965     3.5796    214.772     86.830  48559.521    30.7360     9.4593     86.000     9.4486    23.7120     5.1840     7.4085     78.936    226.156    231.518   -0.00366    6.56744    9.38554  286.50837     9.4500   14.83888 5.0450e-02     0.1095     1.4771 0.0000e+00
