CTD-processing/allCTD/CNV/2015_04-13_t7_s10_cast064_5028.cnv
* Sea-Bird SBE19plus Data File:
* FileName = C:\Users\kris.holderied\Documents\kasitsna\Research-Projects-and-Data\Oceanography-AK\CTD-Data-ALL-to-2015-04\2015-CTD-KachemakBay-CookInlet\2015-04-EVOSTC-CookInlet-quarterly\2015-04-13-CookInlet-Tran7-Augustine\2015_04_13_CookInlet_Tran7_cast064.hex
* Software Version 1.59
* Temperature SN =  5028
* Conductivity SN =  5028
* System UpLoad Time = Apr 28 2015 15:22:27
** Cook Inlet LTM Tran7 (Augustine) West to East
** Date: 04-13
** Station: 7-10
** Start time (AKDT): 04:04
** Depth (m): 75
** Comment:  KBL CTD.
** Comment: On R/V Pandalus.
# nquan = 27
# nvalues = 75                          
# units = specified
# name 0 = scan: Scan Count
# name 1 = timeJ: Julian Days
# name 2 = timeH: Time, Elapsed [hours]
# name 3 = timeM: Time, Elapsed [minutes]
# name 4 = timeS: Time, Elapsed [seconds]
# name 5 = prdM: Pressure, Strain Gauge [db]
# name 6 = specc: Specific Conductance [uS/cm]
# name 7 = sal00: Salinity, Practical [PSU]
# name 8 = tv290C: Temperature [ITS-90, deg C]
# name 9 = depSM: Depth [salt water, m], lat = 59.00
# name 10 = potemp090C: Potential Temperature [ITS-90, deg C]
# name 11 = sigma-é00: Density [sigma-theta, kg/m^3]
# name 12 = sbeox0ML/L: Oxygen, SBE 43 [ml/l]
# name 13 = sbeox0Mg/L: Oxygen, SBE 43 [mg/l]
# name 14 = sbeox0PS: Oxygen, SBE 43 [% saturation]
# name 15 = sbox0Mm/Kg: Oxygen, SBE 43 [umol/kg]
# name 16 = sbeox0Mm/L: Oxygen, SBE 43 [umol/l]
# name 17 = sbox0dV/dT: Oxygen, SBE 43 [dov/dt]
# name 18 = oxsolML/L: Oxygen Saturation, Garcia & Gordon [ml/l]
# name 19 = oxsolMg/L: Oxygen Saturation, Garcia & Gordon [mg/l]
# name 20 = oxsolMm/Kg: Oxygen Saturation, Garcia & Gordon [umol/kg]
# name 21 = potemp090C: Potential Temperature [ITS-90, deg C]
# name 22 = n2satMg/L: Nitrogen Saturation [mg/l]
# name 23 = par: PAR/Irradiance, Biospherical/Licor
# name 24 = flECO-AFL: Fluorescence, WET Labs ECO-AFL/FL [mg/m^3]
# name 25 = turbWETntu0: Turbidity, WET Labs ECO [NTU]
# name 26 = flag: flag
# span 0 =        204,        646       
# span 1 = 103.170565, 103.171843       
# span 2 =    0.01413,    0.04479       
# span 3 =     0.8475,     2.6878       
# span 4 =     50.851,    161.266       
# span 5 =      1.010,     75.722       
# span 6 =  49669.031,  50935.539       
# span 7 =    30.7732,    31.7451       
# span 8 =     4.5129,     5.6860       
# span 9 =      1.000,     75.000       
# span 10 =     4.6461,     5.6803      
# span 11 =    24.3691,    25.0391      
# span 12 =     6.6565,     6.9382      
# span 13 =     9.5128,     9.9154      
# span 14 =     93.150,     94.811      
# span 15 =    290.024,    302.551      
# span 16 =    297.280,    309.862      
# span 17 =   -0.00150,    0.01180      
# span 18 =    7.11205,    7.37079      
# span 19 =   10.16383,   10.53359      
# span 20 =  309.87144,  321.41147      
# span 21 =     4.5128,     5.6803      
# span 22 =   15.94958,   16.50237      
# span 23 = 3.7210e-02, 4.4951e-02      
# span 24 =     0.3519,     0.4877      
# span 25 =     0.2777,     0.8775      
# span 26 = 0.0000e+00, 0.0000e+00      
# interval = meters: 1                  
# start_time = Apr 13 2015 04:04:46 [Instrument's time stamp, header]
# bad_flag = -9.990e-29
*END*
[from data line 54]
        555 103.171579    0.03845     2.3072    138.431     55.527  50884.556    31.7429     5.6762     55.000     5.6723    25.0184     6.6681     9.5294     93.735    290.530    297.798   -0.00071    7.11380   10.16632  309.94750     5.6719   15.95321 3.7976e-02     0.3737     0.2824 0.0000e+00
        559 103.171590    0.03872     2.3232    139.392     56.536  50885.853    31.7435     5.6771     56.000     5.6733    25.0188     6.6680     9.5293     93.736    290.526    297.795   -0.00061    7.11362   10.16607  309.93993     5.6727   15.95285 3.7976e-02     0.3725     0.2867 0.0000e+00
        563 103.171603    0.03904     2.3424    140.543     57.546  50885.531    31.7430     5.6782     57.000     5.6739    25.0184     6.6690     9.5307     93.752    290.568    297.837   -0.00039    7.11344   10.16582  309.93221     5.6738   15.95248 3.7976e-02     0.3620     0.2986 0.0000e+00
        568 103.171618    0.03939     2.3631    141.788     58.556  50886.323    31.7430     5.6781     58.000     5.6736    25.0184     6.6653     9.5253     93.700    290.406    297.672   -0.00060    7.11346   10.16585  309.93313     5.6737   15.95252 3.7976e-02     0.3798     0.3015 0.0000e+00
        573 103.171631    0.03970     2.3821    142.927     59.565  50887.479    31.7434     5.6784     59.000     5.6741    25.0186     6.6617     9.5202     93.650    290.251    297.512   -0.00074    7.11340   10.16576  309.93022     5.6739   15.95238 3.7976e-02     0.3874     0.2929 0.0000e+00
        577 103.171644    0.04002     2.4012    144.072     60.575  50888.695    31.7439     5.6791     60.000     5.6749    25.0189     6.6595     9.5171     93.621    290.154    297.413   -0.00078    7.11327   10.16557  309.92454     5.6744   15.95212 3.7976e-02     0.3764     0.2873 0.0000e+00
        582 103.171657    0.04032     2.4188    145.129     61.585  50890.225    31.7448     5.6805     61.000     5.6766    25.0195     6.6632     9.5224     93.677    290.316    297.579   -0.00034    7.11298   10.16516  309.91171     5.6758   15.95150 3.7976e-02     0.3702     0.2777 0.0000e+00
        586 103.171670    0.04063     2.4377    146.259     62.594  50889.933    31.7444     5.6820     62.000     5.6775    25.0190     6.6691     9.5309     93.763    290.575    297.844    0.00015    7.11276   10.16484  309.90212     5.6772   15.95105 3.7976e-02     0.3624     0.2788 0.0000e+00
        591 103.171685    0.04100     2.4599    147.595     63.605  50890.940    31.7448     5.6830     63.000     5.6784    25.0193     6.6704     9.5327     93.784    290.629    297.900    0.00018    7.11257   10.16457  309.89399     5.6781   15.95065 3.7976e-02     0.3794     0.2951 0.0000e+00
        596 103.171699    0.04132     2.4794    148.762     64.614  50891.620    31.7449     5.6838     64.000     5.6790    25.0193     6.6671     9.5280     93.740    290.487    297.754   -0.00018    7.11243   10.16437  309.88783     5.6788   15.95036 3.7976e-02     0.3897     0.3171 0.0000e+00
        600 103.171710    0.04160     2.4959    149.752     65.624  50892.246    31.7450     5.6842     65.000     5.6792    25.0193     6.6672     9.5281     93.741    290.489    297.757   -0.00019    7.11236   10.16427  309.88480     5.6791   15.95022 3.7976e-02     0.3755     0.3260 0.0000e+00
        604 103.171722    0.04189     2.5130    150.783     66.634  50892.674    31.7448     5.6844     66.000     5.6793    25.0191     6.6659     9.5262     93.723    290.433    297.699   -0.00029    7.11232   10.16421  309.88320     5.6793   15.95014 3.7976e-02     0.3596     0.3084 0.0000e+00
        609 103.171736    0.04221     2.5329    151.976     67.644  50893.011    31.7446     5.6845     67.000     5.6791    25.0189     6.6668     9.5276     93.736    290.473    297.741   -0.00022    7.11233   10.16423  309.88356     5.6793   15.95016 3.7976e-02     0.3695     0.2922 0.0000e+00
        614 103.171751    0.04258     2.5549    153.294     68.654  50893.559    31.7444     5.6841     68.000     5.6786    25.0189     6.6682     9.5296     93.755    290.535    297.804   -0.00010    7.11241   10.16434  309.88696     5.6787   15.95032 3.7976e-02     0.3827     0.3128 0.0000e+00
        619 103.171765    0.04291     2.5746    154.475     69.663  50895.104    31.7450     5.6839     69.000     5.6788    25.0193     6.6672     9.5282     93.742    290.492    297.760   -0.00020    7.11240   10.16433  309.88674     5.6786   15.95031 3.7976e-02     0.3808     0.3049 0.0000e+00
        623 103.171777    0.04318     2.5912    155.473     70.673  50895.750    31.7450     5.6846     70.000     5.6793    25.0193     6.6673     9.5282     93.744    290.494    297.762   -0.00022    7.11229   10.16418  309.88192     5.6791   15.95008 3.7976e-02     0.3668     0.2951 0.0000e+00
        627 103.171788    0.04348     2.6090    156.541     71.683  50896.318    31.7451     5.6850     71.000     5.6797    25.0193     6.6667     9.5274     93.736    290.467    297.734   -0.00024    7.11221   10.16405  309.87819     5.6795   15.94990 3.7976e-02     0.3629     0.2917 0.0000e+00
        632 103.171803    0.04382     2.6293    157.756     72.692  50896.843    31.7450     5.6856     72.000     5.6801    25.0192     6.6612     9.5194     93.659    290.226    297.487   -0.00061    7.11212   10.16393  309.87453     5.6799   15.94973 3.7976e-02     0.3783     0.2950 0.0000e+00
        637 103.171817    0.04416     2.6495    158.970     73.702  50897.432    31.7451     5.6860     73.000     5.6803    25.0192     6.6565     9.5128     93.595    290.024    297.280   -0.00084    7.11205   10.16383  309.87144     5.6803   15.94958 3.7976e-02     0.3897     0.3048 0.0000e+00
        641 103.171830    0.04446     2.6680    160.080     74.712  50897.969    31.7449     5.6860     74.000     5.6801    25.0191     6.6590     9.5164     93.630    290.133    297.392   -0.00053    7.11205   10.16384  309.87173     5.6802   15.94960 3.7976e-02     0.3835     0.2943 0.0000e+00
        646 103.171843    0.04479     2.6878    161.266     75.722  50898.568    31.7448     5.6858     75.000     5.6799    25.0190     6.6660     9.5263     93.727    290.434    297.701    0.00011    7.11210   10.16390  309.87352     5.6800   15.94968 3.7976e-02     0.3519     0.2895 0.0000e+00
