CTD-processing/allCTD/CNV/2015_02-12_t4_s04_cast186_4141.cnv
* Sea-Bird SBE19plus Data File:
* FileName = C:\Users\kris.holderied\Documents\kasitsna\Research-Projects-and-Data\Oceanography-AK\CTD-Data-ALL-to-2014-10\2015-CTD-KachemakBay-CookInlet\2015-02-EVOSTC-CookInlet-quarterly\2015-02-12-CookInlet-Tran4-Barabara\2015-02-12-CookInlet-Tran4-cast186.hex
* Software Version 1.59
* Temperature SN =  4141
* Conductivity SN =  4141
* System UpLoad Time = Feb 12 2015 13:21:10
** Cook Inlet LTM Tran4 (Barabara) South to North
** Date: 02-12
** Station: 4-04
** Start time (AKST): 11:22
** Depth (m): 86
** Comment:  Zooplankton, Phytoplankton samples.
** Comment: Vessel is ADFG R/V Pandalus.
# nquan = 27
# nvalues = 83                          
# units = specified
# name 0 = scan: Scan Count
# name 1 = timeJ: Julian Days
# name 2 = timeH: Time, Elapsed [hours]
# name 3 = timeM: Time, Elapsed [minutes]
# name 4 = timeS: Time, Elapsed [seconds]
# name 5 = prdM: Pressure, Strain Gauge [db]
# name 6 = specc: Specific Conductance [uS/cm]
# name 7 = sal00: Salinity, Practical [PSU]
# name 8 = tv290C: Temperature [ITS-90, deg C]
# name 9 = depSM: Depth [salt water, m], lat = 59.00
# name 10 = potemp090C: Potential Temperature [ITS-90, deg C]
# name 11 = sigma-é00: Density [sigma-theta, kg/m^3]
# name 12 = sbeox0ML/L: Oxygen, SBE 43 [ml/l]
# name 13 = sbeox0Mg/L: Oxygen, SBE 43 [mg/l]
# name 14 = sbeox0PS: Oxygen, SBE 43 [% saturation]
# name 15 = sbox0Mm/Kg: Oxygen, SBE 43 [umol/kg]
# name 16 = sbeox0Mm/L: Oxygen, SBE 43 [umol/l]
# name 17 = sbox0dV/dT: Oxygen, SBE 43 [dov/dt]
# name 18 = oxsolML/L: Oxygen Saturation, Garcia & Gordon [ml/l]
# name 19 = oxsolMg/L: Oxygen Saturation, Garcia & Gordon [mg/l]
# name 20 = oxsolMm/Kg: Oxygen Saturation, Garcia & Gordon [umol/kg]
# name 21 = n2satMg/L: Nitrogen Saturation [mg/l]
# name 22 = par: PAR/Irradiance, Biospherical/Licor
# name 23 = wetStar: Fluorescence, WET Labs WETstar [mg/m^3]
# name 24 = CStarAt0: Beam Attenuation, WET Labs C-Star [1/m]
# name 25 = CStarTr0: Beam Transmission, WET Labs C-Star [%]
# name 26 = flag: flag
# span 0 =         76,        872       
# span 1 =  43.472694,  43.474996       
# span 2 =    0.00520,    0.06046       
# span 3 =     0.3118,     3.6277       
# span 4 =     18.708,    217.662       
# span 5 =      1.005,     83.796       
# span 6 =  50544.797,  50683.900       
# span 7 =    31.4648,    31.5457       
# span 8 =     5.3176,     5.4594       
# span 9 =      1.000,     83.000       
# span 10 =     5.3413,     5.4546      
# span 11 =    24.8388,    24.8900      
# span 12 =     6.1217,     6.3635      
# span 13 =     8.7485,     9.0940      
# span 14 =     85.159,     88.736      
# span 15 =    266.770,    277.296      
# span 16 =    273.393,    284.192      
# span 17 =   -0.00844,    0.00126      
# span 18 =    7.16011,    7.18811      
# span 19 =   10.23251,   10.27253      
# span 20 =  312.00687,  313.24298      
# span 21 =   16.05212,   16.11128      
# span 22 = 3.6232e-02, 5.3364e+00      
# span 23 =     0.4319,     0.8149      
# span 24 =     0.3720,     0.9761      
# span 25 =    79.7138,    91.1186      
# span 26 = 0.0000e+00, 0.0000e+00      
# interval = meters: 1                  
# start_time = Feb 12 2015 11:20:22 [Instrument's time stamp, header]
# bad_flag = -9.990e-29
*END*
[from data line 54]
        683  43.474449    0.04733     2.8397    170.385     55.527  50645.620    31.5202     5.3934     55.000     5.3884    24.8746     6.3384     9.0583     88.374    276.204    283.075   -0.00087    7.17227   10.24990  312.53940   16.07756 3.6382e-02     0.6107     0.5124    87.9771 0.0000e+00
        690  43.474469    0.04782     2.8689    172.131     56.535  50647.172    31.5202     5.3909     56.000     5.3857    24.8750     6.3336     9.0514     88.302    275.994    282.859   -0.00110    7.17270   10.25051  312.55815   16.07845 3.6382e-02     0.6046     0.5329    87.5270 0.0000e+00
        698  43.474493    0.04839     2.9034    174.206     57.549  50649.416    31.5200     5.3850     57.000     5.3798    24.8755     6.3358     9.0544     88.319    276.086    282.954   -0.00049    7.17373   10.25197  312.60240   16.08056 3.6382e-02     0.6005     0.5453    87.2557 0.0000e+00
        704  43.474512    0.04885     2.9308    175.846     58.553  50657.401    31.5253     5.3860     58.000     5.3838    24.8795     6.3330     9.0505     88.286    275.967    282.833   -0.00055    7.17329   10.25136  312.58245   16.07959 3.6382e-02     0.6023     0.5773    86.5614 0.0000e+00
        712  43.474535    0.04940     2.9638    177.828     59.568  50671.229    31.5379     5.4034     59.000     5.4075    24.8875     6.3322     9.0493     88.319    275.929    282.795   -0.00015    7.16973   10.24625  312.42440   16.07201 3.6382e-02     0.5828     0.6027    86.0135 0.0000e+00
        719  43.474555    0.04989     2.9932    179.593     60.574  50673.196    31.5457     5.4371     60.000     5.4413    24.8900     6.3268     9.0416     88.318    275.692    282.554   -0.00017    7.16361   10.23751  312.15720   16.05925 3.6382e-02     0.5745     0.6054    85.9550 0.0000e+00
        727  43.474578    0.05042     3.0251    181.506     61.588  50658.392    31.5396     5.4594     61.000     5.4546    24.8827     6.3290     9.0448     88.392    275.790    282.652    0.00046    7.16011   10.23251  312.00687   16.05212 3.6382e-02     0.5431     0.5713    86.6899 0.0000e+00
        733  43.474595    0.05084     3.0505    183.031     62.594  50659.183    31.5390     5.4557     62.000     5.4504    24.8826     6.3271     9.0420     88.357    275.706    282.566   -0.00023    7.16077   10.23346  312.03589   16.05351 3.6382e-02     0.5677     0.5570    87.0015 0.0000e+00
        740  43.474614    0.05129     3.0772    184.634     63.603  50660.018    31.5388     5.4545     63.000     5.4483    24.8826     6.3363     9.0552     88.484    276.110    282.980    0.00079    7.16098   10.23376  312.04507   16.05395 3.6382e-02     0.5550     0.5447    87.2704 0.0000e+00
        747  43.474637    0.05184     3.1103    186.620     64.614  50657.664    31.5341     5.4420     64.000     5.4329    24.8803     6.3372     9.0565     88.467    276.150    283.020    0.00013    7.16334   10.23713  312.14847   16.05889 3.6382e-02     0.5638     0.5440    87.2847 0.0000e+00
        755  43.474659    0.05236     3.1417    188.505     65.628  50663.555    31.5351     5.4294     65.000     5.4226    24.8825     6.3393     9.0595     88.471    276.239    283.112    0.00011    7.16542   10.24010  312.23831   16.06316 3.6382e-02     0.5607     0.5496    87.1626 0.0000e+00
        761  43.474676    0.05277     3.1663    189.980     66.629  50669.094    31.5381     5.4280     66.000     5.4233    24.8850     6.3376     9.0570     88.445    276.162    283.034   -0.00022    7.16552   10.24025  312.24210   16.06333 3.6382e-02     0.5606     0.5568    87.0049 0.0000e+00
        770  43.474700    0.05336     3.2021    192.127     67.648  50668.586    31.5372     5.4276     67.000     5.4217    24.8844     6.3451     9.0678     88.549    276.491    283.371    0.00062    7.16563   10.24040  312.24697   16.06357 3.6382e-02     0.5595     0.5505    87.1415 0.0000e+00
        775  43.474718    0.05378     3.2270    193.621     68.651  50671.418    31.5385     5.4271     68.000     5.4221    24.8855     6.3360     9.0548     88.422    276.096    282.967   -0.00076    7.16566   10.24045  312.24812   16.06362 3.6382e-02     0.5863     0.5588    86.9622 0.0000e+00
        783  43.474739    0.05429     3.2572    195.433     69.663  50671.621    31.5380     5.4261     69.000     5.4205    24.8852     6.3539     9.0804     88.669    276.875    283.765    0.00126    7.16585   10.24072  312.25637   16.06401 3.6382e-02     0.5688     0.5534    87.0782 0.0000e+00
        791  43.474761    0.05483     3.2897    197.380     70.672  50672.930    31.5383     5.4253     70.000     5.4199    24.8855     6.3387     9.0586     88.455    276.211    283.084   -0.00111    7.16597   10.24089  312.26166   16.06426 3.6382e-02     0.5746     0.5498    87.1586 0.0000e+00
        798  43.474783    0.05534     3.3204    199.223     71.684  50672.983    31.5377     5.4248     71.000     5.4188    24.8851     6.3446     9.0672     88.537    276.472    283.352   -0.00010    7.16608   10.24105  312.26650   16.06450 3.6382e-02     0.5776     0.5493    87.1686 0.0000e+00
        805  43.474802    0.05581     3.3486    200.916     72.692  50675.817    31.5390     5.4241     72.000     5.4193    24.8863     6.3457     9.0686     88.550    276.516    283.398    0.00005    7.16614   10.24113  312.26854   16.06459 3.6382e-02     0.5878     0.5479    87.1985 0.0000e+00
        811  43.474822    0.05628     3.3769    202.614     73.701  50676.717    31.5397     5.4267     73.000     5.4218    24.8865     6.3383     9.0581     88.454    276.196    283.069   -0.00087    7.16568   10.24047  312.24844   16.06362 3.6382e-02     0.5695     0.5475    87.2092 0.0000e+00
        819  43.474843    0.05680     3.4077    204.460     74.712  50676.078    31.5388     5.4269     74.000     5.4213    24.8858     6.3500     9.0748     88.618    276.706    283.592    0.00066    7.16569   10.24048  312.24888   16.06365 3.6382e-02     0.5787     0.5428    87.3106 0.0000e+00
        826  43.474863    0.05726     3.4358    206.150     75.723  50677.800    31.5400     5.4293     75.000     5.4236    24.8865     6.3483     9.0723     88.598    276.628    283.512    0.00018    7.16521   10.23980  312.22805   16.06265 3.6382e-02     0.5626     0.5428    87.3105 0.0000e+00
        832  43.474881    0.05771     3.4625    207.749     76.730  50678.607    31.5396     5.4269     76.000     5.4217    24.8864     6.3523     9.0781     88.649    276.805    283.693    0.00038    7.16565   10.24043  312.24728   16.06357 3.6382e-02     0.5605     0.5459    87.2437 0.0000e+00
        840  43.474903    0.05823     3.4940    209.638     77.747  50681.905    31.5422     5.4312     77.000     5.4279    24.8880     6.3493     9.0739     88.618    276.675    283.561   -0.00024    7.16478   10.23918  312.20873   16.06173 3.6382e-02     0.5670     0.5458    87.2450 0.0000e+00
        844  43.474917    0.05856     3.5135    210.811     78.750  50674.881    31.5384     5.4383     78.000     5.4299    24.8842     6.3395     9.0598     88.494    276.248    283.122   -0.00124    7.16376   10.23773  312.16541   16.05968 3.6382e-02     0.5563     0.5502    87.1492 0.0000e+00
        849  43.474931    0.05891     3.5343    212.055     79.758  50675.137    31.5361     5.4288     79.000     5.4191    24.8835     6.3453     9.0680     88.553    276.500    283.380   -0.00043    7.16549   10.24020  312.24095   16.06328 3.6382e-02     0.5549     0.5550    87.0443 0.0000e+00
        855  43.474948    0.05931     3.5589    213.533     80.770  50683.900    31.5406     5.4236     80.000     5.4179    24.8876     6.3424     9.0639     88.505    276.372    283.251   -0.00077    7.16615   10.24113  312.26822   16.06457 3.6382e-02     0.5576     0.5662    86.8008 0.0000e+00
        862  43.474967    0.05976     3.5857    215.139     81.783  50679.848    31.5361     5.4181     81.000     5.4094    24.8848     6.3453     9.0681     88.532    276.502    283.382   -0.00023    7.16732   10.24281  312.32037   16.06707 3.6382e-02     0.5593     0.5810    86.4810 0.0000e+00
        867  43.474983    0.06014     3.6082    216.491     82.793  50669.632    31.5272     5.4113     82.000     5.3938    24.8785     6.3471     9.0707     88.537    276.582    283.463   -0.00033    7.16890   10.24508  312.39131   16.07048 3.6382e-02     0.5467     0.5821    86.4553 0.0000e+00
        872  43.474996    0.06046     3.6277    217.662     83.796  50666.328    31.5175     5.3779     83.000     5.3547    24.8745     6.3452     9.0680     88.435    276.500    283.378   -0.00085    7.17506   10.25388  312.66086   16.08336 3.6382e-02     0.5538     0.6339    85.3456 0.0000e+00
