CTD-processing/allCTD/CNV/2015_03-31_t9_s03_cast003_5028.cnv
* Sea-Bird SBE19plus Data File:
* FileName = C:\Users\kris.holderied\Documents\kasitsna\Research-Projects-and-Data\Oceanography-AK\CTD-Data-ALL-to-2015-02\2015-CTD-KachemakBay-CookInlet\2015-03-31-CookInlet-HomerSpit-monthly\2015-03-31-CookInlet-Tran9-cast003.hex
* Software Version 1.59
* Temperature SN =  5028
* Conductivity SN =  5028
* System UpLoad Time = Apr 06 2015 13:43:33
** Cook Inlet LTM Tran9 (Homer Spit) South to North
** Date: 03-31
** Station: 9-03
** Start time:  13:32
** Depth (m): 94.2
** Comment:  KBL CTD. Time is local (AKDT)
** Comment: Vessel KBL Barnacle.
# nquan = 27
# nvalues = 88                          
# units = specified
# name 0 = scan: Scan Count
# name 1 = timeJ: Julian Days
# name 2 = timeH: Time, Elapsed [hours]
# name 3 = timeM: Time, Elapsed [minutes]
# name 4 = timeS: Time, Elapsed [seconds]
# name 5 = prdM: Pressure, Strain Gauge [db]
# name 6 = specc: Specific Conductance [uS/cm]
# name 7 = sal00: Salinity, Practical [PSU]
# name 8 = tv290C: Temperature [ITS-90, deg C]
# name 9 = depSM: Depth [salt water, m], lat = 59.00
# name 10 = potemp090C: Potential Temperature [ITS-90, deg C]
# name 11 = sigma-é00: Density [sigma-theta, kg/m^3]
# name 12 = sbeox0ML/L: Oxygen, SBE 43 [ml/l]
# name 13 = sbeox0Mg/L: Oxygen, SBE 43 [mg/l]
# name 14 = sbeox0PS: Oxygen, SBE 43 [% saturation]
# name 15 = sbox0Mm/Kg: Oxygen, SBE 43 [umol/kg]
# name 16 = sbeox0Mm/L: Oxygen, SBE 43 [umol/l]
# name 17 = sbox0dV/dT: Oxygen, SBE 43 [dov/dt]
# name 18 = oxsolML/L: Oxygen Saturation, Garcia & Gordon [ml/l]
# name 19 = oxsolMg/L: Oxygen Saturation, Garcia & Gordon [mg/l]
# name 20 = oxsolMm/Kg: Oxygen Saturation, Garcia & Gordon [umol/kg]
# name 21 = potemp090C: Potential Temperature [ITS-90, deg C]
# name 22 = n2satMg/L: Nitrogen Saturation [mg/l]
# name 23 = par: PAR/Irradiance, Biospherical/Licor
# name 24 = flECO-AFL: Fluorescence, WET Labs ECO-AFL/FL [mg/m^3]
# name 25 = turbWETntu0: Turbidity, WET Labs ECO [NTU]
# name 26 = flag: flag
# span 0 =        273,        614       
# span 1 =  90.565001,  90.565988       
# span 2 =    0.01891,    0.04260       
# span 3 =     1.1343,     2.5559       
# span 4 =     68.056,    153.356       
# span 5 =      1.009,     88.849       
# span 6 =  49855.387,  50902.235       
# span 7 =    30.8520,    31.5890       
# span 8 =     4.5687,     4.9640       
# span 9 =      1.000,     88.000       
# span 10 =     4.5682,     4.9589      
# span 11 =    24.4221,    24.9767      
# span 12 =     6.7652,     7.0191      
# span 13 =     9.6682,    10.0309      
# span 14 =     93.403,     95.765      
# span 15 =    294.773,    305.906      
# span 16 =    302.135,    313.471      
# span 17 =   -0.00336,    0.01545      
# span 18 =    7.24307,    7.32970      
# span 19 =   10.35106,   10.47487      
# span 20 =  315.59284,  319.54032      
# span 21 =     4.5683,     4.9590      
# span 22 =   16.22265,   16.41349      
# span 23 = 4.0912e-02, 6.8398e+02      
# span 24 =     0.1563,     0.4779      
# span 25 =     0.6265,     1.3499      
# span 26 = 0.0000e+00, 0.0000e+00      
# interval = meters: 1                  
# start_time = Mar 31 2015 13:32:28 [Instrument's time stamp, header]
# bad_flag = -9.990e-29
*END*
        273  90.565001    0.01891     1.1343     68.056      1.009  49855.387    30.8520     4.6736      1.000     4.6594    24.4221     6.9909     9.9906     95.378    304.769    312.213    0.01545    7.32970   10.47487  319.54032     4.6735   16.41349 6.8398e+02     0.1563     1.0053 0.0000e+00
        282  90.565025    0.01949     1.1694     70.164      2.019  50165.505    31.0525     4.6237      2.000     4.6143    24.5863     6.9751     9.9681     95.175    304.031    311.506    0.00745    7.32864   10.47336  319.44310     4.6236   16.40804 4.8302e+02     0.1607     0.9634 0.0000e+00
        288  90.565044    0.01995     1.1970     71.822      3.028  50342.475    31.1663     4.5931      3.000     4.5828    24.6796     7.0085    10.0158     95.634    305.460    312.999    0.00670    7.32847   10.47311  319.40645     4.5929   16.40584 3.5187e+02     0.2178     0.9047 0.0000e+00
        294  90.565060    0.02032     1.2188     73.130      4.037  50438.196    31.2263     4.5709      4.000     4.5689    24.7295     7.0191    10.0309     95.765    305.906    313.471    0.00518    7.32945   10.47452  319.43381     4.5706   16.40689 2.6325e+02     0.2644     0.8761 0.0000e+00
        298  90.565073    0.02065     1.2391     74.346      5.047  50459.371    31.2398     4.5687      5.000     4.5682    24.7404     7.0138    10.0234     95.697    305.673    313.235    0.00322    7.32918   10.47412  319.41839     4.5683   16.40610 2.0007e+02     0.2824     0.8331 0.0000e+00
        303  90.565087    0.02098     1.2590     75.539      6.057  50478.798    31.2528     4.5694      6.000     4.5716    24.7506     6.9960     9.9980     95.464    304.895    312.441    0.00107    7.32842   10.47304  319.38220     4.5690   16.40433 1.5667e+02     0.3067     0.8266 0.0000e+00
        308  90.565100    0.02130     1.2780     76.683      7.066  50548.941    31.3024     4.5792      7.000     4.5866    24.7890     6.9780     9.9722     95.272    304.098    311.636   -0.00036    7.32424   10.46707  319.18805     4.5787   16.39489 1.2169e+02     0.3115     0.8239 0.0000e+00
        312  90.565113    0.02160     1.2958     77.748      8.076  50621.308    31.3551     4.5955      8.000     4.6007    24.8291     6.9724     9.9643     95.268    303.844    311.388   -0.00037    7.31877   10.45925  318.93716     4.5949   16.38274 9.7710e+01     0.3170     0.7970 0.0000e+00
        316  90.565125    0.02188     1.3128     78.770      9.085  50643.919    31.3722     4.6053      9.000     4.6069    24.8417     6.9641     9.9523     95.187    303.477    311.015   -0.00066    7.31618   10.45556  318.82073     4.6047   16.37713 7.8586e+01     0.3412     0.7779 0.0000e+00
        320  90.565136    0.02214     1.3285     79.711     10.095  50649.424    31.3763     4.6088     10.000     4.6083    24.8445     6.9469     9.9279     94.963    302.729    310.250   -0.00172    7.31537   10.45439  318.78436     4.6081   16.37538 6.3706e+01     0.3721     0.7831 0.0000e+00
        323  90.565146    0.02239     1.3436     80.616     11.104  50651.143    31.3770     4.6087     11.000     4.6068    24.8451     6.9283     9.9013     94.710    301.918    309.419   -0.00275    7.31535   10.45436  318.78319     4.6079   16.37533 5.2073e+01     0.4108     0.7833 0.0000e+00
        327  90.565156    0.02264     1.3586     81.516     12.113  50653.761    31.3777     4.6063     12.000     4.6036    24.8459     6.9132     9.8796     94.498    301.257    308.742   -0.00336    7.31573   10.45491  318.79964     4.6055   16.37610 4.2488e+01     0.4470     0.7884 0.0000e+00
        331  90.565168    0.02292     1.3752     82.512     13.123  50660.839    31.3815     4.6036     13.000     4.6026    24.8492     6.9090     9.8737     94.437    301.077    308.558   -0.00299    7.31603   10.45534  318.81149     4.6028   16.37665 3.5009e+01     0.4711     0.7998 0.0000e+00
        335  90.565180    0.02320     1.3924     83.543     14.133  50672.314    31.3889     4.6041     14.000     4.6044    24.8551     6.9094     9.8741     94.447    301.088    308.571   -0.00221    7.31558   10.45469  318.79005     4.6031   16.37560 2.8925e+01     0.4779     0.7834 0.0000e+00
        339  90.565191    0.02348     1.4089     84.531     15.142  50681.497    31.3953     4.6069     15.000     4.6072    24.8599     6.9098     9.8747     94.463    301.105    308.590   -0.00164    7.31476   10.45353  318.75300     4.6059   16.37381 2.3938e+01     0.4627     0.7962 0.0000e+00
        343  90.565203    0.02376     1.4254     85.527     16.151  50683.004    31.3963     4.6087     16.000     4.6069    24.8605     6.9095     9.8744     94.465    301.094    308.579   -0.00125    7.31440   10.45300  318.73698     4.6076   16.37305 1.9890e+01     0.4441     0.8039 0.0000e+00
        347  90.565215    0.02406     1.4432     86.592     17.161  50682.906    31.3952     4.6062     17.000     4.6030    24.8598     6.9046     9.8674     94.392    300.881    308.361   -0.00133    7.31490   10.45371  318.75893     4.6051   16.37410 1.6553e+01     0.4131     0.7990 0.0000e+00
        351  90.565227    0.02434     1.4603     87.616     18.171  50687.768    31.3972     4.6027     18.000     4.6014    24.8618     6.8965     9.8558     94.274    300.528    308.000   -0.00169    7.31543   10.45448  318.78158     4.6014   16.37517 1.3781e+01     0.3959     0.8145 0.0000e+00
        355  90.565238    0.02460     1.4764     88.586     19.180  50704.944    31.4092     4.6059     19.000     4.6136    24.8710     6.8951     9.8539     94.270    300.464    307.937   -0.00141    7.31425   10.45280  318.72751     4.6046   16.37255 1.1499e+01     0.3883     0.8270 0.0000e+00
        359  90.565250    0.02487     1.4924     89.546     20.190  50745.108    31.4420     4.6322     20.000     4.6570    24.8943     6.8950     9.8536     94.348    300.450    307.930   -0.00072    7.30802   10.44389  318.44846     4.6308   16.35913 9.6124e+00     0.3956     0.8153 0.0000e+00
        363  90.565261    0.02516     1.5096     90.575     21.200  50747.388    31.4553     4.6872     21.000     4.7077    24.8992     6.8996     9.8602     94.545    300.651    308.137    0.00044    7.29769   10.42914  317.99711     4.6857   16.33761 8.0745e+00     0.4037     0.7919 0.0000e+00
        368  90.565274    0.02547     1.5279     91.674     22.209  50735.003    31.4558     4.7302     22.000     4.7414    24.8952     6.9003     9.8613     94.654    300.685    308.171    0.00104    7.29011   10.41829  317.66778     4.7287   16.32194 6.8014e+00     0.4046     0.7598 0.0000e+00
        372  90.565285    0.02573     1.5443     92.660     23.218  50730.976    31.4574     4.7523     23.000     4.7582    24.8942     6.8869     9.8421     94.521    300.099    307.569    0.00002    7.28614   10.41263  317.49541     4.7507   16.31373 5.7495e+00     0.3977     0.7355 0.0000e+00
        376  90.565297    0.02601     1.5608     93.649     24.228  50738.224    31.4651     4.7668     24.000     4.7727    24.8987     6.8798     9.8319     94.460    299.787    307.251   -0.00039    7.28323   10.40847  317.36713     4.7651   16.30759 4.8728e+00     0.3889     0.7225 0.0000e+00
        380  90.565309    0.02630     1.5779     94.674     25.238  50740.545    31.4695     4.7817     25.000     4.7842    24.9007     6.8740     9.8236     94.417    299.533    306.992   -0.00055    7.28041   10.40442  317.24325     4.7800   16.30168 4.1349e+00     0.3853     0.7108 0.0000e+00
        384  90.565320    0.02658     1.5946     95.675     26.247  50735.894    31.4668     4.7859     26.000     4.7812    24.8980     6.8707     9.8189     94.380    299.390    306.844   -0.00069    7.27980   10.40356  317.21771     4.7842   16.30047 3.5180e+00     0.3669     0.7030 0.0000e+00
        387  90.565331    0.02683     1.6100     96.597     27.256  50747.550    31.4732     4.7812     27.000     4.7801    24.9037     6.8675     9.8143     94.329    299.248    306.700   -0.00083    7.28030   10.40428  317.23800     4.7794   16.30141 3.0048e+00     0.3538     0.6933 0.0000e+00
        391  90.565341    0.02708     1.6248     97.487     28.266  50761.847    31.4833     4.7844     28.000     4.7879    24.9112     6.8631     9.8081     94.283    299.057    306.506   -0.00099    7.27925   10.40278  317.18988     4.7826   16.29908 2.5668e+00     0.3453     0.6808 0.0000e+00
        395  90.565352    0.02733     1.6397     98.380     29.276  50764.581    31.4867     4.7941     29.000     4.7967    24.9130     6.8652     9.8111     94.336    299.149    306.601   -0.00059    7.27740   10.40013  317.10843     4.7921   16.29519 2.2015e+00     0.3425     0.6511 0.0000e+00
        398  90.565362    0.02758     1.6550     99.299     30.285  50765.876    31.4888     4.8019     30.000     4.8035    24.9139     6.8687     9.8161     94.404    299.302    306.758   -0.00011    7.27592   10.39802  317.04395     4.7998   16.29212 1.8897e+00     0.3430     0.6605 0.0000e+00
        402  90.565373    0.02785     1.6709    100.256     31.295  50769.470    31.4924     4.8093     31.000     4.8109    24.9160     6.8674     9.8143     94.405    299.245    306.701   -0.00011    7.27446   10.39593  316.97958     4.8071   16.28904 1.6218e+00     0.3466     0.6930 0.0000e+00
        406  90.565386    0.02815     1.6887    101.323     32.305  50772.238    31.4956     4.8173     32.000     4.8193    24.9176     6.8633     9.8083     94.368    299.062    306.514   -0.00033    7.27290   10.39370  316.91111     4.8150   16.28577 1.3909e+00     0.3438     0.7026 0.0000e+00
        411  90.565399    0.02846     1.7079    102.473     33.314  50781.282    31.5040     4.8294     33.000     4.8338    24.9229     6.8589     9.8021     94.341    298.872    306.321   -0.00044    7.27039   10.39012  316.80003     4.8270   16.28045 1.1938e+00     0.3341     0.7160 0.0000e+00
        415  90.565412    0.02877     1.7264    103.586     34.324  50782.527    31.5074     4.8438     34.000     4.8461    24.9243     6.8578     9.8004     94.359    298.820    306.268   -0.00028    7.26772   10.38629  316.68296     4.8414   16.27486 1.0213e+00     0.3437     0.7193 0.0000e+00
        419  90.565423    0.02905     1.7429    104.575     35.334  50786.518    31.5117     4.8529     35.000     4.8553    24.9266     6.8577     9.8003     94.381    298.814    306.262   -0.00014    7.26592   10.38372  316.60384     4.8504   16.27108 8.7207e-01     0.3393     0.7343 0.0000e+00
        423  90.565434    0.02931     1.7585    105.507     36.343  50788.736    31.5147     4.8618     36.000     4.8630    24.9281     6.8547     9.7960     94.363    298.685    306.131   -0.00023    7.26421   10.38128  316.52892     4.8593   16.26750 7.4307e-01     0.3301     0.7444 0.0000e+00
        427  90.565445    0.02955     1.7734    106.405     37.352  50789.774    31.5162     4.8680     37.000     4.8682    24.9287     6.8516     9.7916     94.335    298.548    305.991   -0.00041    7.26305   10.37962  316.47821     4.8654   16.26508 6.3254e-01     0.3369     0.7503 0.0000e+00
        430  90.565454    0.02980     1.7882    107.289     38.362  50791.081    31.5176     4.8728     38.000     4.8719    24.9293     6.8506     9.7901     94.333    298.505    305.946   -0.00039    7.26216   10.37834  316.43927     4.8701   16.26322 5.3699e-01     0.3353     0.7573 0.0000e+00
        434  90.565465    0.03005     1.8032    108.191     39.371  50791.079    31.5178     4.8756     39.000     4.8737    24.9291     6.8492     9.7882     94.320    298.445    305.885   -0.00042    7.26165   10.37763  316.41738     4.8729   16.26218 4.5809e-01     0.3347     0.7713 0.0000e+00
        438  90.565476    0.03032     1.8192    109.150     40.381  50791.993    31.5182     4.8770     40.000     4.8747    24.9293     6.8481     9.7867     94.309    298.398    305.837   -0.00045    7.26138   10.37724  316.40558     4.8742   16.26161 3.9083e-01     0.3344     0.7881 0.0000e+00
        442  90.565488    0.03061     1.8365    110.192     41.391  50794.216    31.5195     4.8781     41.000     4.8760    24.9302     6.8474     9.7856     94.302    298.365    305.803   -0.00043    7.26112   10.37686  316.39376     4.8753   16.26105 3.3294e-01     0.3372     0.7882 0.0000e+00
        446  90.565500    0.03088     1.8531    111.187     42.401  50797.094    31.5214     4.8800     42.000     4.8782    24.9315     6.8484     9.7870     94.321    298.409    305.849   -0.00030    7.26071   10.37628  316.37579     4.8770   16.26018 2.8461e-01     0.3416     0.7754 0.0000e+00
        450  90.565511    0.03115     1.8688    112.125     43.411  50801.208    31.5243     4.8825     43.000     4.8812    24.9336     6.8476     9.7860     94.319    298.376    305.816   -0.00027    7.26013   10.37546  316.34988     4.8795   16.25894 2.4581e-01     0.3419     0.7918 0.0000e+00
        453  90.565522    0.03140     1.8840    113.042     44.420  50805.796    31.5277     4.8860     44.000     4.8848    24.9359     6.8463     9.7841     94.310    298.319    305.758   -0.00033    7.25937   10.37437  316.31595     4.8828   16.25731 2.1299e-01     0.3347     0.7783 0.0000e+00
        457  90.565532    0.03166     1.8993    113.955     45.430  50809.890    31.5307     4.8896     45.000     4.8884    24.9380     6.8463     9.7840     94.320    298.317    305.756   -0.00025    7.25858   10.37323  316.28069     4.8864   16.25562 1.8498e-01     0.3222     0.7387 0.0000e+00
        460  90.565542    0.03189     1.9134    114.804     46.439  50812.413    31.5328     4.8931     46.000     4.8911    24.9392     6.8447     9.7817     94.307    298.247    305.685   -0.00031    7.25789   10.37225  316.25029     4.8897   16.25417 1.6149e-01     0.3142     0.7257 0.0000e+00
        463  90.565551    0.03211     1.9268    115.610     47.449  50813.235    31.5332     4.8950     47.000     4.8923    24.9394     6.8452     9.7825     94.320    298.269    305.708   -0.00029    7.25752   10.37172  316.23425     4.8916   16.25340 1.4224e-01     0.3037     0.7229 0.0000e+00
        467  90.565560    0.03234     1.9407    116.440     48.459  50815.564    31.5346     4.8962     48.000     4.8938    24.9403     6.8465     9.7843     94.340    298.323    305.764   -0.00016    7.25724   10.37132  316.22173     4.8928   16.25280 1.2575e-01     0.2964     0.7412 0.0000e+00
        470  90.565571    0.03258     1.9550    117.301     49.469  50822.427    31.5393     4.8984     49.000     4.8981    24.9438     6.8480     9.7863     94.368    298.384    305.827   -0.00006    7.25663   10.37044  316.19383     4.8949   16.25145 1.1173e-01     0.3010     0.7667 0.0000e+00
        474  90.565581    0.03283     1.9697    118.180     50.478  50836.036    31.5498     4.9058     50.000     4.9084    24.9513     6.8457     9.7832     94.360    298.287    305.730   -0.00009    7.25484   10.36790  316.11386     4.9022   16.24760 9.9908e-02     0.3004     0.7836 0.0000e+00
        477  90.565591    0.03308     1.9845    119.068     51.488  50839.537    31.5540     4.9164     51.000     4.9170    24.9535     6.8392     9.7739     94.298    298.003    305.439   -0.00045    7.25279   10.36496  316.02357     4.9128   16.24328 8.9770e-02     0.2967     0.7814 0.0000e+00
        481  90.565602    0.03332     1.9993    119.960     52.498  50841.209    31.5562     4.9235     52.000     4.9225    24.9545     6.8321     9.7638     94.217    297.693    305.122   -0.00082    7.25147   10.36307  315.96569     4.9197   16.24052 8.1329e-02     0.2960     0.7775 0.0000e+00
        484  90.565612    0.03357     2.0140    120.842     53.508  50844.957    31.5593     4.9284     53.000     4.9273    24.9566     6.8260     9.7550     94.146    297.426    304.849   -0.00110    7.25044   10.36161  315.92039     4.9246   16.23835 7.4623e-02     0.2958     0.7783 0.0000e+00
