CTD-processing/allCTD/CNV/2015_12-10_t9_s05_cast045_5028.cnv
* Sea-Bird SBE19plus Data File:
* FileName = C:\Users\Kris.Holderied\Documents\kasitsna\Research-KBL\Oceanography-AK\CTD-Data-ALL-to-2015-10\2015-CTD-KachemakBay-CookInlet\2015-12-10_CookInlet-HomerSpit-monthly-BLANK\2015-12-10-CookInlet-Tran9-cast045.hex
* Software Version 1.59
* Temperature SN =  5028
* Conductivity SN =  5028
* System UpLoad Time = Jan 06 2016 11:17:45
** Cook Inlet LTM Tran9 Homer Spit
** Date (YYYY-MM-DD): 2015-12-10
** Station (ie. 9-01):  9-05
** Start time (AKST): 12:22
** Depth (m): 100.6
** Comment: R/V Edgecumbe
** Comment:
# nquan = 27
# nvalues = 93                          
# units = specified
# name 0 = scan: Scan Count
# name 1 = timeJ: Julian Days
# name 2 = timeH: Time, Elapsed [hours]
# name 3 = timeM: Time, Elapsed [minutes]
# name 4 = timeS: Time, Elapsed [seconds]
# name 5 = prdM: Pressure, Strain Gauge [db]
# name 6 = specc: Specific Conductance [uS/cm]
# name 7 = sal00: Salinity, Practical [PSU]
# name 8 = tv290C: Temperature [ITS-90, deg C]
# name 9 = depSM: Depth [salt water, m], lat = 59.00
# name 10 = potemp090C: Potential Temperature [ITS-90, deg C]
# name 11 = sigma-é00: Density [sigma-theta, kg/m^3]
# name 12 = sbeox0ML/L: Oxygen, SBE 43 [ml/l]
# name 13 = sbeox0Mg/L: Oxygen, SBE 43 [mg/l]
# name 14 = sbeox0PS: Oxygen, SBE 43 [% saturation]
# name 15 = sbox0Mm/Kg: Oxygen, SBE 43 [umol/kg]
# name 16 = sbeox0Mm/L: Oxygen, SBE 43 [umol/l]
# name 17 = sbox0dV/dT: Oxygen, SBE 43 [dov/dt]
# name 18 = oxsolML/L: Oxygen Saturation, Garcia & Gordon [ml/l]
# name 19 = oxsolMg/L: Oxygen Saturation, Garcia & Gordon [mg/l]
# name 20 = oxsolMm/Kg: Oxygen Saturation, Garcia & Gordon [umol/kg]
# name 21 = potemp090C: Potential Temperature [ITS-90, deg C]
# name 22 = n2satMg/L: Nitrogen Saturation [mg/l]
# name 23 = par: PAR/Irradiance, Biospherical/Licor
# name 24 = flECO-AFL: Fluorescence, WET Labs ECO-AFL/FL [mg/m^3]
# name 25 = turbWETntu0: Turbidity, WET Labs ECO [NTU]
# name 26 = flag: flag
# span 0 =        296,        632       
# span 1 = 344.516317, 344.517288       
# span 2 =    0.02049,    0.04380       
# span 3 =     1.2294,     2.6281       
# span 4 =     73.764,    157.685       
# span 5 =      1.010,     93.899       
# span 6 =  49368.385,  49630.603       
# span 7 =    30.8475,    31.1113       
# span 8 =     6.3292,     7.0593       
# span 9 =      1.000,     93.000       
# span 10 =     6.3364,     7.0517      
# span 11 =    24.2336,    24.3573      
# span 12 =     5.9853,     6.1247      
# span 13 =     8.5535,     8.7528      
# span 14 =     84.932,     87.763      
# span 15 =    260.978,    267.030      
# span 16 =    267.302,    273.530      
# span 17 =   -0.00156,    0.02375      
# span 18 =    6.91678,    7.04711      
# span 19 =    9.88477,   10.07102      
# span 20 =  301.56162,  307.27744      
# span 21 =     6.3291,     7.0517      
# span 22 =   15.55614,   15.82966      
# span 23 = 3.8046e-02, 2.3647e+01      
# span 24 =     0.0653,     0.1389      
# span 25 =     0.8316,     1.8123      
# span 26 = 0.0000e+00, 0.0000e+00      
# interval = meters: 1                  
# start_time = Dec 10 2015 12:22:16 [Instrument's time stamp, header]
# bad_flag = -9.990e-29
*END*
        296 344.516317    0.02049     1.2294     73.764      1.010  49368.385    30.8475     6.3292      1.000     6.3364    24.2336     5.9853     8.5535     84.932    260.978    267.302    0.02375    7.04711   10.07102  307.27744     6.3291   15.82966 2.3647e+01     0.1215     1.7215 0.0000e+00
        301 344.516332    0.02085     1.2511     75.066      2.019  49399.601    30.8740     6.3585      2.000     6.3758    24.2508     5.9879     8.5573     85.043    261.088    267.420    0.01629    7.04105   10.06237  307.00815     6.3583   15.81672 1.7910e+01     0.1230     1.0835 0.0000e+00
        305 344.516343    0.02113     1.2678     76.067      3.028  49397.860    30.8779     6.3889      3.000     6.3938    24.2502     5.9984     8.5722     85.254    261.543    267.885    0.01309    7.03586   10.05494  306.78169     6.3887   15.80592 1.5307e+01     0.1240     0.8610 0.0000e+00
        309 344.516354    0.02139     1.2834     77.002      4.037  49399.392    30.8796     6.3950      4.000     6.3922    24.2508     6.0037     8.5799     85.344    261.779    268.127    0.01025    7.03477   10.05338  306.73404     6.3947   15.80364 1.3458e+01     0.1272     0.8316 0.0000e+00
        313 344.516365    0.02165     1.2989     77.936      5.048  49408.140    30.8843     6.3898      5.000     6.3865    24.2552     6.0055     8.5825     85.362    261.856    268.207    0.00766    7.03540   10.05430  306.76059     6.3895   15.80488 1.1803e+01     0.1389     0.8499 0.0000e+00
        317 344.516376    0.02191     1.3146     78.879      6.057  49415.694    30.8882     6.3853      6.000     6.3838    24.2588     6.0117     8.5913     85.442    262.123    268.481    0.00604    7.03598   10.05512  306.78452     6.3848   15.80601 1.0292e+01     0.1155     0.8669 0.0000e+00
        320 344.516387    0.02218     1.3307     79.842      7.066  49420.101    30.8905     6.3842      7.000     6.3837    24.2608     6.0210     8.6047     85.574    262.529    268.898    0.00515    7.03605   10.05522  306.78710     6.3836   15.80612 8.7381e+00     0.0948     0.8834 0.0000e+00
        324 344.516398    0.02244     1.3463     80.781      8.076  49425.972    30.8943     6.3848      8.000     6.3850    24.2637     6.0289     8.6158     85.688    262.870    269.249    0.00441    7.03578   10.05484  306.77451     6.3841   15.80550 7.2397e+00     0.0952     0.8918 0.0000e+00
        328 344.516408    0.02269     1.3615     81.692      9.085  49433.208    30.8991     6.3865      9.000     6.3863    24.2673     6.0368     8.6272     85.807    263.215    269.602    0.00392    7.03526   10.05409  306.75062     6.3858   15.80435 5.9680e+00     0.1047     0.9061 0.0000e+00
        331 344.516419    0.02295     1.3767     82.601     10.094  49441.209    30.9042     6.3869     10.000     6.3855    24.2713     6.0453     8.6394     85.932    263.585    269.983    0.00359    7.03497   10.05367  306.73671     6.3861   15.80367 4.9401e+00     0.1072     0.9307 0.0000e+00
        335 344.516429    0.02319     1.3915     83.491     11.105  49447.703    30.9081     6.3860     11.000     6.3845    24.2744     6.0526     8.6498     86.036    263.902    270.308    0.00326    7.03494   10.05363  306.73444     6.3850   15.80354 4.0492e+00     0.0969     0.9507 0.0000e+00
        338 344.516439    0.02343     1.4058     84.350     12.114  49449.745    30.9088     6.3850     12.000     6.3834    24.2752     6.0600     8.6603     86.139    264.224    270.638    0.00301    7.03506   10.05380  306.73964     6.3840   15.80378 3.3060e+00     0.1013     0.9782 0.0000e+00
        342 344.516450    0.02367     1.4203     85.219     13.123  49451.303    30.9093     6.3841     13.000     6.3826    24.2757     6.0662     8.6693     86.227    264.498    270.919    0.00274    7.03519   10.05398  306.74496     6.3830   15.80403 2.6891e+00     0.0963     0.9980 0.0000e+00
        345 344.516459    0.02392     1.4349     86.092     14.133  49452.395    30.9094     6.3834     14.000     6.3818    24.2759     6.0718     8.6772     86.305    264.740    271.167    0.00246    7.03530   10.05415  306.74993     6.3822   15.80427 2.1949e+00     0.1030     0.9995 0.0000e+00
        349 344.516470    0.02416     1.4494     86.966     15.141  49454.717    30.9105     6.3829     15.000     6.3822    24.2768     6.0770     8.6846     86.379    264.968    271.401    0.00224    7.03532   10.05418  306.75034     6.3818   15.80429 1.7969e+00     0.0891     0.9998 0.0000e+00
        352 344.516480    0.02441     1.4646     87.874     16.151  49457.237    30.9119     6.3842     16.000     6.3838    24.2778     6.0801     8.6891     86.426    265.102    271.538    0.00191    7.03504   10.05378  306.73797     6.3829   15.80369 1.5017e+00     0.0873     1.0138 0.0000e+00
        356 344.516491    0.02467     1.4801     88.808     17.162  49455.785    30.9107     6.3853     17.000     6.3835    24.2767     6.0843     8.6950     86.486    265.281    271.721    0.00166    7.03492   10.05361  306.73317     6.3839   15.80347 1.2258e+00     0.0876     1.0351 0.0000e+00
        360 344.516502    0.02493     1.4957     89.740     18.171  49456.415    30.9105     6.3845     18.000     6.3829    24.2767     6.0905     8.7039     86.573    265.553    271.999    0.00168    7.03507   10.05381  306.73951     6.3830   15.80377 9.8869e-01     0.0729     1.0486 0.0000e+00
        364 344.516512    0.02519     1.5114     90.680     19.180  49459.851    30.9125     6.3850     19.000     6.3850    24.2782     6.0945     8.7096     86.632    265.726    272.178    0.00154    7.03489   10.05355  306.73112     6.3835   15.80337 8.0293e-01     0.0760     1.0433 0.0000e+00
        368 344.516524    0.02546     1.5271     91.629     20.190  49464.065    30.9157     6.3888     20.000     6.3911    24.2802     6.0935     8.7082     86.628    265.685    272.136    0.00110    7.03412   10.05246  306.69718     6.3872   15.80174 6.5496e-01     0.0929     1.0360 0.0000e+00
        371 344.516534    0.02571     1.5429     92.574     21.199  49468.780    30.9202     6.3980     21.000     6.4021    24.2826     6.0948     8.7101     86.667    265.740    272.193    0.00091    7.03239   10.04999  306.62117     6.3963   15.79809 5.3611e-01     0.0905     1.0526 0.0000e+00
        375 344.516546    0.02599     1.5593     93.555     22.209  49465.607    30.9194     6.4082     22.000     6.4099    24.2807     6.1011     8.7190     86.777    266.014    272.473    0.00124    7.03076   10.04765  306.55030     6.4064   15.79472 4.4022e-01     0.0834     1.0586 0.0000e+00
        379 344.516558    0.02627     1.5759     94.554     23.218  49466.611    30.9208     6.4149     23.000     6.4167    24.2811     6.1023     8.7208     86.809    266.068    272.529    0.00107    7.02959   10.04599  306.49952     6.4130   15.79229 3.6329e-01     0.0928     1.0754 0.0000e+00
        383 344.516568    0.02654     1.5920     95.520     24.228  49470.241    30.9243     6.4226     24.000     6.4259    24.2828     6.1019     8.7204     86.822    266.053    272.514    0.00077    7.02816   10.04394  306.43651     6.4207   15.78928 3.0012e-01     0.1075     1.0929 0.0000e+00
        387 344.516579    0.02680     1.6076     96.454     25.237  49479.002    30.9319     6.4340     25.000     6.4426    24.2875     6.1039     8.7232     86.877    266.138    272.601    0.00082    7.02593   10.04076  306.33801     6.4320   15.78455 2.4932e-01     0.1095     1.0894 0.0000e+00
        391 344.516590    0.02705     1.6235     97.410     26.247  49488.696    30.9425     6.4578     26.000     6.4697    24.2929     6.1072     8.7278     86.978    266.278    272.747    0.00109    7.02154   10.03448  306.14499     6.4556   15.77531 2.0804e-01     0.0999     1.0719 0.0000e+00
        394 344.516601    0.02731     1.6389     98.332     27.257  49478.456    30.9391     6.4806     27.000     6.4840    24.2874     6.1115     8.7340     87.084    266.468    272.940    0.00140    7.01796   10.02937  305.99060     6.4784   15.76796 1.7460e-01     0.0739     1.0821 0.0000e+00
        398 344.516612    0.02757     1.6539     99.236     28.267  49465.663    30.9309     6.4872     28.000     6.4818    24.2802     6.1100     8.7318     87.071    266.404    272.872    0.00103    7.01726   10.02837  305.96191     6.4850   15.76663 1.4697e-01     0.0653     1.0933 0.0000e+00
        402 344.516622    0.02782     1.6688    100.128     29.276  49463.226    30.9276     6.4805     29.000     6.4720    24.2784     6.1045     8.7239     86.977    266.163    272.625    0.00015    7.01851   10.03016  306.01726     6.4781   15.76929 1.2495e-01     0.0714     1.1202 0.0000e+00
        405 344.516633    0.02807     1.6841    101.047     30.286  49463.270    30.9249     6.4682     30.000     6.4591    24.2778     6.1013     8.7193     86.904    266.023    272.482   -0.00036    7.02066   10.03323  306.11106     6.4657   15.77377 1.0739e-01     0.0882     1.1585 0.0000e+00
        409 344.516644    0.02833     1.6998    101.988     31.295  49472.105    30.9285     6.4570     31.000     6.4521    24.2821     6.0999     8.7174     86.864    265.963    272.421   -0.00061    7.02231   10.03559  306.18174     6.4545   15.77712 9.2961e-02     0.0998     1.1932 0.0000e+00
        413 344.516654    0.02859     1.7155    102.931     32.305  49478.005    30.9315     6.4534     32.000     6.4506    24.2848     6.1018     8.7201     86.886    266.045    272.506   -0.00042    7.02277   10.03624  306.20075     6.4508   15.77801 8.1667e-02     0.0876     1.2219 0.0000e+00
        416 344.516665    0.02885     1.7308    103.848     33.314  49483.306    30.9348     6.4542     33.000     6.4530    24.2874     6.1039     8.7231     86.919    266.135    272.599   -0.00018    7.02248   10.03584  306.18772     6.4515   15.77737 7.2977e-02     0.0762     1.2554 0.0000e+00
        420 344.516675    0.02910     1.7461    104.766     34.324  49484.991    30.9361     6.4572     34.000     6.4556    24.2880     6.1063     8.7266     86.961    266.245    272.711    0.00001    7.02195   10.03507  306.16416     6.4543   15.77625 6.6185e-02     0.0831     1.2609 0.0000e+00
        424 344.516687    0.02936     1.7618    105.709     35.334  49485.097    30.9360     6.4592     35.000     6.4571    24.2878     6.1113     8.7336     87.035    266.456    272.928    0.00037    7.02161   10.03458  306.14926     6.4563   15.77554 6.0945e-02     0.0888     1.2783 0.0000e+00
        428 344.516697    0.02962     1.7776    106.656     36.343  49487.483    30.9376     6.4610     36.000     6.4595    24.2888     6.1116     8.7341     87.044    266.472    272.944    0.00032    7.02126   10.03408  306.13369     6.4580   15.77479 5.6960e-02     0.0994     1.3060 0.0000e+00
        432 344.516709    0.02990     1.7940    107.643     37.353  49488.346    30.9383     6.4641     37.000     6.4623    24.2889     6.1092     8.7306     87.017    266.366    272.835    0.00000    7.02070   10.03328  306.10948     6.4611   15.77363 5.3824e-02     0.1072     1.3166 0.0000e+00
        436 344.516721    0.03018     1.8107    108.640     38.362  49489.177    30.9387     6.4662     38.000     6.4643    24.2891     6.1078     8.7287     87.001    266.306    272.774   -0.00014    7.02035   10.03278  306.09400     6.4630   15.77289 5.1373e-02     0.0864     1.3153 0.0000e+00
        439 344.516731    0.03043     1.8258    109.548     39.372  49492.433    30.9411     6.4689     39.000     6.4680    24.2905     6.1069     8.7275     86.996    266.268    272.735   -0.00022    7.01978   10.03197  306.06872     6.4658   15.77168 4.9464e-02     0.0820     1.3416 0.0000e+00
        443 344.516741    0.03067     1.8404    110.426     40.382  49494.312    30.9426     6.4729     40.000     6.4726    24.2913     6.1091     8.7305     87.036    266.361    272.831   -0.00003    7.01906   10.03093  306.03698     6.4696   15.77016 4.7950e-02     0.0771     1.3251 0.0000e+00
        446 344.516751    0.03091     1.8546    111.275     41.391  49501.028    30.9479     6.4790     41.000     6.4816    24.2947     6.1122     8.7349     87.095    266.495    272.970    0.00026    7.01783   10.02918  305.98242     6.4756   15.76754 4.6780e-02     0.0747     1.3133 0.0000e+00
        449 344.516760    0.03114     1.8685    112.108     42.400  49508.465    30.9546     6.4903     42.000     6.4960    24.2986     6.1121     8.7348     87.121    266.491    272.967    0.00032    7.01567   10.02609  305.88714     6.4868   15.76297 4.5962e-02     0.0777     1.3112 0.0000e+00
        453 344.516770    0.03137     1.8824    112.946     43.410  49517.548    30.9635     6.5072     43.000     6.5165    24.3035     6.1115     8.7340     87.152    266.465    272.940    0.00034    7.01248   10.02154  305.74672     6.5037   15.75624 4.5501e-02     0.0762     1.3118 0.0000e+00
        456 344.516780    0.03161     1.8965    113.791     44.420  49519.957    30.9687     6.5291     44.000     6.5383    24.3049     6.1137     8.7371     87.231    266.559    273.038    0.00064    7.00866   10.01607  305.57951     6.5255   15.74825 4.4714e-02     0.0695     1.3064 0.0000e+00
        460 344.516790    0.03185     1.9111    114.666     45.430  49514.994    30.9685     6.5501     45.000     6.5545    24.3022     6.1148     8.7386     87.288    266.607    273.086    0.00081    7.00525   10.01120  305.43172     6.5463   15.74121 4.3754e-02     0.0814     1.2795 0.0000e+00
        463 344.516800    0.03209     1.9255    115.531     46.439  49508.122    30.9656     6.5624     46.000     6.5614    24.2983     6.1132     8.7365     87.290    266.541    273.019    0.00059    7.00337   10.00852  305.35082     6.5586   15.73736 4.2046e-02     0.1066     1.2835 0.0000e+00
        467 344.516810    0.03233     1.9399    116.394     47.449  49505.663    30.9640     6.5661     47.000     6.5626    24.2967     6.1117     8.7341     87.274    266.472    272.947    0.00030    7.00284   10.00775  305.32810     6.5622   15.73629 4.3892e-02     0.1016     1.2609 0.0000e+00
        470 344.516820    0.03257     1.9541    117.245     48.458  49506.118    30.9640     6.5668     48.000     6.5626    24.2966     6.1101     8.7319     87.252    266.403    272.875    0.00006    7.00273   10.00761  305.32377     6.5627   15.73608 4.4968e-02     0.0948     1.2474 0.0000e+00
        473 344.516830    0.03280     1.9680    118.080     49.468  49506.814    30.9640     6.5665     49.000     6.5619    24.2966     6.1074     8.7280     87.213    266.284    272.754   -0.00023    7.00277   10.00766  305.32522     6.5624   15.73615 4.5433e-02     0.0908     1.2563 0.0000e+00
        477 344.516839    0.03303     1.9817    118.900     50.478  49507.338    30.9637     6.5655     50.000     6.5602    24.2966     6.1036     8.7226     87.157    266.118    272.584   -0.00055    7.00295   10.00791  305.33308     6.5613   15.73653 4.5075e-02     0.0856     1.2656 0.0000e+00
        480 344.516849    0.03325     1.9954    119.724     51.488  49508.597    30.9637     6.5636     51.000     6.5582    24.2968     6.0994     8.7166     87.093    265.935    272.396   -0.00087    7.00327   10.00836  305.34675     6.5593   15.73718 4.6160e-02     0.0839     1.2572 0.0000e+00
        483 344.516859    0.03349     2.0093    120.557     52.497  49510.465    30.9643     6.5619     52.000     6.5570    24.2974     6.0993     8.7165     87.089    265.934    272.396   -0.00083    7.00351   10.00871  305.35705     6.5576   15.73767 4.3139e-02     0.0917     1.2530 0.0000e+00
        487 344.516868    0.03372     2.0231    121.388     53.507  49511.425    30.9644     6.5612     53.000     6.5561    24.2976     6.1021     8.7205     87.128    266.054    272.519   -0.00047    7.00363   10.00889  305.36267     6.5567   15.73793 4.4039e-02     0.0923     1.2479 0.0000e+00
