CTD-processing/allCTD/CNV/2015_04-08_t9_s04_cast034_5028.cnv
* Sea-Bird SBE19plus Data File:
* FileName = C:\Users\kris.holderied\Documents\kasitsna\Research-Projects-and-Data\Oceanography-AK\CTD-Data-ALL-to-2015-02\2015-CTD-KachemakBay-CookInlet\2015-04-EVOSTC-CookInlet-quarterly\2015-04-08-CookInlet-Tran9-HomerSpit\2015-04-08-CookInlet-Tran9-cast034.hex
* Software Version 1.59
* Temperature SN =  5028
* Conductivity SN =  5028
* System UpLoad Time = Apr 09 2015 19:30:16
** Cook Inlet LTM Tran 9 (Homer Spit) South to North
** Date: 04-08
** Station: 9-04
** Start time (AKDT): 14:33
** Depth (m): 94
** Comment:  KBL CTD. Time is local (AKDT)
** Comment: On R/V Pandalus.
# nquan = 27
# nvalues = 93                          
# units = specified
# name 0 = scan: Scan Count
# name 1 = timeJ: Julian Days
# name 2 = timeH: Time, Elapsed [hours]
# name 3 = timeM: Time, Elapsed [minutes]
# name 4 = timeS: Time, Elapsed [seconds]
# name 5 = prdM: Pressure, Strain Gauge [db]
# name 6 = specc: Specific Conductance [uS/cm]
# name 7 = sal00: Salinity, Practical [PSU]
# name 8 = tv290C: Temperature [ITS-90, deg C]
# name 9 = depSM: Depth [salt water, m], lat = 59.00
# name 10 = potemp090C: Potential Temperature [ITS-90, deg C]
# name 11 = sigma-é00: Density [sigma-theta, kg/m^3]
# name 12 = sbeox0ML/L: Oxygen, SBE 43 [ml/l]
# name 13 = sbeox0Mg/L: Oxygen, SBE 43 [mg/l]
# name 14 = sbeox0PS: Oxygen, SBE 43 [% saturation]
# name 15 = sbox0Mm/Kg: Oxygen, SBE 43 [umol/kg]
# name 16 = sbeox0Mm/L: Oxygen, SBE 43 [umol/l]
# name 17 = sbox0dV/dT: Oxygen, SBE 43 [dov/dt]
# name 18 = oxsolML/L: Oxygen Saturation, Garcia & Gordon [ml/l]
# name 19 = oxsolMg/L: Oxygen Saturation, Garcia & Gordon [mg/l]
# name 20 = oxsolMm/Kg: Oxygen Saturation, Garcia & Gordon [umol/kg]
# name 21 = potemp090C: Potential Temperature [ITS-90, deg C]
# name 22 = n2satMg/L: Nitrogen Saturation [mg/l]
# name 23 = par: PAR/Irradiance, Biospherical/Licor
# name 24 = flECO-AFL: Fluorescence, WET Labs ECO-AFL/FL [mg/m^3]
# name 25 = turbWETntu0: Turbidity, WET Labs ECO [NTU]
# name 26 = flag: flag
# span 0 =        239,        655       
# span 1 =  98.607586,  98.608792       
# span 2 =    0.01650,    0.04544       
# span 3 =     0.9897,     2.7260       
# span 4 =     59.383,    163.559       
# span 5 =      1.009,     93.899       
# span 6 =  48680.594,  50830.722       
# span 7 =    30.2478,    31.5953       
# span 8 =     5.0784,     5.4817       
# span 9 =      1.000,     93.000       
# span 10 =     5.0775,     5.4756      
# span 11 =    23.8596,    24.9526      
# span 12 =     6.6691,     7.0938      
# span 13 =     9.5309,    10.1376      
# span 14 =     92.668,     98.635      
# span 15 =    290.593,    309.291      
# span 16 =    297.844,    316.807      
# span 17 =   -0.00355,    0.04502      
# span 18 =    7.19113,    7.23688      
# span 19 =   10.27683,   10.34223      
# span 20 =  313.37386,  315.39810      
# span 21 =     5.0773,     5.4815      
# span 22 =   16.11714,   16.21456      
# span 23 = 4.0940e-02, 2.8644e+02      
# span 24 =     0.1420,     0.6997      
# span 25 =     0.6152,     1.6662      
# span 26 = 0.0000e+00, 0.0000e+00      
# interval = meters: 1                  
# start_time = Apr 08 2015 14:33:56 [Instrument's time stamp, header]
# bad_flag = -9.990e-29
*END*
[from data line 54]
        479  98.608282    0.03321     1.9925    119.548     55.527  50657.040    31.5034     5.2751     55.000     5.2714    24.8745     6.8374     9.7713     95.052    297.946    305.357   -0.00084    7.19331   10.27996  313.45627     5.2710   16.12128 5.6116e-02     0.2523     0.6814 0.0000e+00
        483  98.608294    0.03350     2.0098    120.589     56.536  50658.477    31.5042     5.2764     56.000     5.2730    24.8750     6.8349     9.7678     95.021    297.840    305.249   -0.00085    7.19304   10.27957  313.44400     5.2723   16.12070 5.4463e-02     0.2405     0.6844 0.0000e+00
        488  98.608308    0.03385     2.0308    121.847     57.547  50657.515    31.5032     5.2774     57.000     5.2718    24.8742     6.8329     9.7649     94.994    297.750    305.156   -0.00079    7.19292   10.27941  313.43944     5.2731   16.12049 5.2605e-02     0.2183     0.6210 0.0000e+00
        493  98.608321    0.03415     2.0490    122.942     58.556  50659.621    31.5031     5.2727     58.000     5.2651    24.8746     6.8320     9.7636     94.972    297.713    305.118   -0.00073    7.19373   10.28056  313.47439     5.2684   16.12214 5.1177e-02     0.2398     0.6402 0.0000e+00
        496  98.608332    0.03441     2.0643    123.858     59.565  50660.818    31.5021     5.2661     59.000     5.2546    24.8745     6.8283     9.7583     94.904    297.549    304.951   -0.00098    7.19491   10.28224  313.52567     5.2617   16.12459 4.9767e-02     0.2532     0.7106 0.0000e+00
        500  98.608343    0.03467     2.0802    124.812     60.575  50664.727    31.5006     5.2488     60.000     5.2326    24.8753     6.8232     9.7510     94.793    297.327    304.724   -0.00136    7.19795   10.28660  313.65828     5.2443   16.13091 4.8490e-02     0.2412     0.7836 0.0000e+00
        505  98.608355    0.03497     2.0979    125.876     61.584  50684.630    31.5089     5.2255     61.000     5.2137    24.8845     6.8107     9.7332     94.573    296.781    304.166   -0.00223    7.20155   10.29174  313.81232     5.2210   16.13822 4.7252e-02     0.2393     0.8470 0.0000e+00
        509  98.608368    0.03529     2.1170    127.020     62.595  50703.385    31.5189     5.2138     62.000     5.2082    24.8936     6.7934     9.7084     94.312    296.022    303.391   -0.00302    7.20307   10.29391  313.87565     5.2092   16.14119 4.5183e-02     0.2361     0.9646 0.0000e+00
        514  98.608383    0.03562     2.1375    128.253     63.604  50709.276    31.5222     5.2129     63.000     5.2087    24.8964     6.7796     9.6887     94.121    295.422    302.777   -0.00317    7.20307   10.29391  313.87479     5.2083   16.14113 4.5076e-02     0.2440     1.0338 0.0000e+00
        519  98.608396    0.03595     2.1571    129.426     64.614  50713.089    31.5247     5.2144     64.000     5.2107    24.8982     6.7732     9.6797     94.038    295.146    302.494   -0.00274    7.20271   10.29339  313.85839     5.2096   16.14034 4.6186e-02     0.2315     0.9688 0.0000e+00
        523  98.608407    0.03622     2.1730    130.382     65.624  50715.138    31.5261     5.2166     65.000     5.2127    24.8991     6.7686     9.6730     93.979    294.941    302.285   -0.00243    7.20224   10.29273  313.83793     5.2118   16.13937 4.4801e-02     0.2156     1.0209 0.0000e+00
        526  98.608418    0.03649     2.1892    131.352     66.633  50718.641    31.5284     5.2184     66.000     5.2148    24.9007     6.7650     9.6679     93.935    294.785    302.125   -0.00215    7.20184   10.29215  313.81975     5.2135   16.13849 4.4009e-02     0.2076     1.0020 0.0000e+00
        531  98.608432    0.03681     2.2087    132.522     67.643  50728.418    31.5355     5.2225     67.000     5.2199    24.9059     6.7679     9.6720     93.988    294.909    302.254   -0.00133    7.20078   10.29062  313.77178     5.2176   16.13617 4.3483e-02     0.1979     0.9327 0.0000e+00
        537  98.608448    0.03719     2.2316    133.894     68.653  50733.305    31.5395     5.2283     68.000     5.2248    24.9085     6.7675     9.6715     93.998    294.892    302.237   -0.00086    7.19959   10.28893  313.71946     5.2233   16.13367 4.2744e-02     0.1909     0.9175 0.0000e+00
        541  98.608462    0.03752     2.2514    135.083     69.663  50734.864    31.5408     5.2314     69.000     5.2272    24.9091     6.7646     9.6672     93.966    294.762    302.105   -0.00083    7.19899   10.28808  313.69325     5.2263   16.13241 4.2432e-02     0.1873     0.8974 0.0000e+00
        545  98.608472    0.03779     2.2672    136.032     70.673  50739.154    31.5437     5.2335     70.000     5.2302    24.9112     6.7592     9.6597     93.898    294.531    301.868   -0.00103    7.19849   10.28738  313.67092     5.2283   16.13134 4.1675e-02     0.2005     0.9114 0.0000e+00
        549  98.608484    0.03806     2.2833    136.998     71.682  50741.258    31.5455     5.2373     71.000     5.2338    24.9122     6.7559     9.6549     93.861    294.385    301.719   -0.00106    7.19776   10.28633  313.63875     5.2320   16.12980 4.2462e-02     0.2177     0.9418 0.0000e+00
        554  98.608499    0.03841     2.3049    138.296     72.693  50743.175    31.5472     5.2415     72.000     5.2378    24.9131     6.7556     9.6545     93.869    294.374    301.708   -0.00075    7.19695   10.28517  313.60308     5.2362   16.12810 4.2703e-02     0.2145     0.9237 0.0000e+00
        560  98.608515    0.03880     2.3278    139.668     73.702  50746.080    31.5497     5.2462     73.000     5.2425    24.9145     6.7526     9.6501     93.838    294.240    301.570   -0.00069    7.19603   10.28384  313.56229     5.2408   16.12614 4.2261e-02     0.2040     0.9008 0.0000e+00
        564  98.608527    0.03911     2.3462    140.775     74.712  50745.557    31.5495     5.2494     74.000     5.2443    24.9140     6.7496     9.6458     93.802    294.109    301.436   -0.00077    7.19549   10.28308  313.53915     5.2439   16.12505 4.2032e-02     0.2114     0.9255 0.0000e+00
        568  98.608539    0.03939     2.3631    141.789     75.722  50745.306    31.5490     5.2500     75.000     5.2442    24.9135     6.7516     9.6487     93.832    294.197    301.527   -0.00048    7.19542   10.28298  313.53629     5.2444   16.12491 4.1902e-02     0.2128     0.9742 0.0000e+00
        572  98.608551    0.03967     2.3803    142.817     76.731  50746.167    31.5489     5.2494     76.000     5.2438    24.9136     6.7532     9.6510     93.853    294.268    301.599   -0.00030    7.19552   10.28311  313.54043     5.2438   16.12511 4.1813e-02     0.1944     0.9704 0.0000e+00
        577  98.608564    0.03998     2.3990    143.940     77.741  50758.135    31.5572     5.2519     77.000     5.2502    24.9199     6.7537     9.6517     93.870    294.287    301.621   -0.00019    7.19469   10.28193  313.50250     5.2461   16.12327 4.1754e-02     0.1902     0.9916 0.0000e+00
        582  98.608578    0.04034     2.4200    145.200     78.751  50765.521    31.5643     5.2635     78.000     5.2609    24.9242     6.7537     9.6518     93.902    294.288    301.623   -0.00002    7.19237   10.27862  313.40013     5.2576   16.11837 4.1711e-02     0.2003     0.9090 0.0000e+00
        587  98.608594    0.04069     2.4415    146.493     79.761  50757.623    31.5594     5.2685     79.000     5.2621    24.9198     6.7451     9.6394     93.790    293.912    301.236   -0.00058    7.19173   10.27772  313.37386     5.2626   16.11714 4.1641e-02     0.2102     0.9203 0.0000e+00
        591  98.608606    0.04100     2.4598    147.590     80.771  50754.168    31.5562     5.2668     80.000     5.2600    24.9174     6.7354     9.6256     93.649    293.491    300.804   -0.00127    7.19219   10.27836  313.39432     5.2608   16.11813 4.1509e-02     0.2087     1.0945 0.0000e+00
        595  98.608618    0.04128     2.4766    148.598     81.781  50754.741    31.5558     5.2654     81.000     5.2590    24.9173     6.7353     9.6254     93.645    293.486    300.799   -0.00107    7.19244   10.27872  313.40514     5.2594   16.11864 4.1469e-02     0.2057     1.0841 0.0000e+00
        600  98.608631    0.04160     2.4961    149.767     82.791  50755.991    31.5560     5.2646     82.000     5.2578    24.9175     6.7388     9.6304     93.691    293.638    300.955   -0.00058    7.19258   10.27892  313.41141     5.2585   16.11894 4.1432e-02     0.2114     0.9183 0.0000e+00
        605  98.608647    0.04197     2.5183    151.101     83.801  50767.982    31.5632     5.2620     83.000     5.2543    24.9236     6.7414     9.6340     93.725    293.748    301.069   -0.00027    7.19268   10.27906  313.41380     5.2558   16.11902 4.1420e-02     0.1981     0.9046 0.0000e+00
        611  98.608662    0.04233     2.5397    152.385     84.810  50792.975    31.5792     5.2589     84.000     5.2505    24.9366     6.7416     9.6344     93.732    293.755    301.080   -0.00019    7.19244   10.27871  313.39910     5.2527   16.11826 4.1368e-02     0.1953     0.9850 0.0000e+00
        615  98.608676    0.04267     2.5603    153.620     85.820  50806.428    31.5863     5.2509     85.000     5.2392    24.9431     6.7284     9.6155     93.534    293.175    300.489   -0.00112    7.19348   10.28020  313.44247     5.2446   16.12029 4.1343e-02     0.1807     1.1687 0.0000e+00
        620  98.608689    0.04298     2.5787    154.720     86.830  50816.689    31.5905     5.2398     86.000     5.2296    24.9477     6.7036     9.5801     93.168    292.095    299.382   -0.00278    7.19517   10.28262  313.51483     5.2334   16.12372 4.1303e-02     0.1758     1.3397 0.0000e+00
        624  98.608702    0.04328     2.5973    155.835     87.839  50823.971    31.5935     5.2328     87.000     5.2246    24.9508     6.6849     9.5534     92.895    291.281    298.549   -0.00355    7.19622   10.28412  313.55994     5.2263   16.12585 4.1244e-02     0.1583     1.4673 0.0000e+00
        630  98.608717    0.04367     2.6201    157.204     88.849  50827.707    31.5950     5.2294     88.000     5.2225    24.9523     6.6740     9.5378     92.736    290.804    298.060   -0.00324    7.19674   10.28486  313.58175     5.2229   16.12689 4.1280e-02     0.1648     1.5442 0.0000e+00
        635  98.608733    0.04403     2.6416    158.496     89.860  50829.062    31.5953     5.2289     89.000     5.2223    24.9526     6.6693     9.5311     92.670    290.601    297.852   -0.00262    7.19682   10.28497  313.58513     5.2222   16.12705 4.1251e-02     0.1568     1.6101 0.0000e+00
        639  98.608745    0.04432     2.6592    159.554     90.869  50829.362    31.5950     5.2291     90.000     5.2224    24.9524     6.6691     9.5309     92.668    290.593    297.844   -0.00201    7.19679   10.28493  313.58393     5.2224   16.12699 4.1225e-02     0.1600     1.6270 0.0000e+00
        644  98.608758    0.04464     2.6785    160.710     91.879  50830.043    31.5950     5.2292     91.000     5.2225    24.9524     6.6694     9.5312     92.672    290.605    297.856   -0.00145    7.19677   10.28490  313.58316     5.2224   16.12696 4.1070e-02     0.1748     1.6662 0.0000e+00
        649  98.608774    0.04502     2.7013    162.080     92.889  50830.322    31.5948     5.2296     92.000     5.2229    24.9522     6.6694     9.5312     92.673    290.604    297.855   -0.00104    7.19672   10.28483  313.58106     5.2228   16.12686 4.0983e-02     0.1840     1.6478 0.0000e+00
        655  98.608792    0.04544     2.7260    163.559     93.899  50830.722    31.5947     5.2300     93.000     5.2234    24.9521     6.6713     9.5339     92.700    290.686    297.940   -0.00057    7.19664   10.28473  313.57778     5.2231   16.12670 4.0940e-02     0.1599     1.6198 0.0000e+00
