CTD-processing/allCTD/CNV/2015_11-04_t3_s11_cast013_5028.cnv
* Sea-Bird SBE19plus Data File:
* FileName = C:\Users\Kris.Holderied\Documents\kasitsna\Research-KBL\Oceanography-AK\CTD-Data-ALL-to-2015-10\2015-CTD-KachemakBay-CookInlet\2015-11-EVOSTC-CookInlet-quarterly\2015-11-04-CookInlet-Tran3-AnchorPt\2015-11-04-CookInlet-Tran3-cast013.hex
* Software Version 1.59
* Temperature SN =  5028
* Conductivity SN =  5028
* System UpLoad Time = Nov 04 2015 14:03:44
** Cook Inlet LTM Tran3 Anchor Pt  Northwest to Southeast

** Date: 11-04
** Station: 3-11
** Start time (AKST): 08:32
** Depth (m): 38.5
** Comment: M/V Ursus.
** Comment:
# nquan = 27
# nvalues = 39                          
# units = specified
# name 0 = scan: Scan Count
# name 1 = timeJ: Julian Days
# name 2 = timeH: Time, Elapsed [hours]
# name 3 = timeM: Time, Elapsed [minutes]
# name 4 = timeS: Time, Elapsed [seconds]
# name 5 = prdM: Pressure, Strain Gauge [db]
# name 6 = specc: Specific Conductance [uS/cm]
# name 7 = sal00: Salinity, Practical [PSU]
# name 8 = tv290C: Temperature [ITS-90, deg C]
# name 9 = depSM: Depth [salt water, m], lat = 59.00
# name 10 = potemp090C: Potential Temperature [ITS-90, deg C]
# name 11 = sigma-é00: Density [sigma-theta, kg/m^3]
# name 12 = sbeox0ML/L: Oxygen, SBE 43 [ml/l]
# name 13 = sbeox0Mg/L: Oxygen, SBE 43 [mg/l]
# name 14 = sbeox0PS: Oxygen, SBE 43 [% saturation]
# name 15 = sbox0Mm/Kg: Oxygen, SBE 43 [umol/kg]
# name 16 = sbeox0Mm/L: Oxygen, SBE 43 [umol/l]
# name 17 = sbox0dV/dT: Oxygen, SBE 43 [dov/dt]
# name 18 = oxsolML/L: Oxygen Saturation, Garcia & Gordon [ml/l]
# name 19 = oxsolMg/L: Oxygen Saturation, Garcia & Gordon [mg/l]
# name 20 = oxsolMm/Kg: Oxygen Saturation, Garcia & Gordon [umol/kg]
# name 21 = potemp090C: Potential Temperature [ITS-90, deg C]
# name 22 = n2satMg/L: Nitrogen Saturation [mg/l]
# name 23 = par: PAR/Irradiance, Biospherical/Licor
# name 24 = flECO-AFL: Fluorescence, WET Labs ECO-AFL/FL [mg/m^3]
# name 25 = turbWETntu0: Turbidity, WET Labs ECO [NTU]
# name 26 = flag: flag
# span 0 =         96,        547       
# span 1 = 308.354836, 308.356139       
# span 2 =    0.00662,    0.03792       
# span 3 =     0.3973,     2.2750       
# span 4 =     23.836,    136.500       
# span 5 =      1.010,     39.371       
# span 6 =  47889.551,  48235.528       
# span 7 =    30.1859,    30.4418       
# span 8 =     8.5956,     8.7750       
# span 9 =      1.000,     39.000       
# span 10 =     8.5848,     8.7714      
# span 11 =    23.4107,    23.5855      
# span 12 =     5.6199,     5.9552      
# span 13 =     8.0314,     8.5105      
# span 14 =     83.649,     89.133      
# span 15 =    245.242,    259.830      
# span 16 =    250.983,    265.957      
# span 17 =   -0.00166,    0.01246      
# span 18 =    6.68118,    6.71909      
# span 19 =    9.54807,    9.60226      
# span 20 =  291.50745,  293.21067      
# span 21 =     8.5955,     8.7714      
# span 22 =   15.07899,   15.16136      
# span 23 = 4.8915e-02, 1.8104e+00      
# span 24 =     0.2890,     0.3272      
# span 25 =     0.4622,     0.8916      
# span 26 = 0.0000e+00, 0.0000e+00      
# interval = meters: 1                  
# start_time = Nov 04 2015 08:30:34 [Instrument's time stamp, header]
# bad_flag = -9.990e-29
*END*
         96 308.354836    0.00662     0.3973     23.836      1.010  47889.551    30.1859     8.5956      1.000     8.5848    23.4107     5.6199     8.0314     83.649    245.242    250.983    0.01246    6.71909    9.60226  293.21067     8.5955   15.16136 1.8104e+00     0.3055     0.8916 0.0000e+00
        306 308.355443    0.02118     1.2707     76.242      2.019  48221.965    30.4418     8.7702      2.000     8.7705    23.5855     5.7919     8.2772     86.684    252.708    258.668    0.01111    6.68164    9.54874  291.52641     8.7700   15.07986 1.2423e+00     0.2890     0.4622 0.0000e+00
        306 308.355442    0.02117     1.2704     76.224      3.028  48215.037    30.4358     8.7645      3.000     8.7646    23.5816     5.8215     8.3195     87.112    253.999    259.989    0.00870    6.68276    9.55033  291.57618     8.7642   15.08227 9.2964e-01     0.2912     0.4766 0.0000e+00
        313 308.355463    0.02167     1.3001     78.007      4.038  48216.327    30.4365     8.7661      4.000     8.7659    23.5820     5.8511     8.3618     87.558    255.289    261.309    0.00705    6.68249    9.54996  291.56467     8.7657   15.08171 7.8236e-01     0.2904     0.4686 0.0000e+00
        319 308.355479    0.02206     1.3237     79.424      5.047  48217.379    30.4368     8.7666      5.000     8.7664    23.5822     5.8688     8.3872     87.825    256.064    262.103    0.00583    6.68240    9.54982  291.56031     8.7662   15.08150 6.4183e-01     0.2972     0.5134 0.0000e+00
        326 308.355500    0.02256     1.3538     81.225      6.057  48218.092    30.4370     8.7676      6.000     8.7671    23.5822     5.8752     8.3963     87.923    256.342    262.387    0.00366    6.68225    9.54961  291.55386     8.7670   15.08120 5.6028e-01     0.3046     0.5105 0.0000e+00
        333 308.355521    0.02305     1.3829     82.974      7.066  48219.251    30.4375     8.7677      7.000     8.7671    23.5825     5.8805     8.4039     88.003    256.574    262.625    0.00233    6.68221    9.54954  291.55182     8.7670   15.08110 4.8844e-01     0.2916     0.4993 0.0000e+00
        338 308.355534    0.02338     1.4029     84.177      8.076  48220.041    30.4376     8.7680      8.000     8.7671    23.5827     5.8936     8.4225     88.199    257.143    263.207    0.00260    6.68217    9.54949  291.55032     8.7671   15.08102 4.2793e-01     0.2985     0.4884 0.0000e+00
        346 308.355559    0.02397     1.4382     86.293      9.085  48220.778    30.4377     8.7679      9.000     8.7670    23.5827     5.9059     8.4400     88.382    257.678    263.755    0.00215    6.68217    9.54949  291.55023     8.7670   15.08102 3.7415e-01     0.2994     0.4774 0.0000e+00
        352 308.355577    0.02440     1.4638     87.827     10.094  48220.977    30.4373     8.7677     10.000     8.7660    23.5825     5.9061     8.4404     88.386    257.691    263.768    0.00124    6.68222    9.54956  291.55232     8.7667   15.08112 3.4647e-01     0.2959     0.4956 0.0000e+00
        358 308.355592    0.02476     1.4857     89.142     11.104  48222.727    30.4380     8.7664     11.000     8.7653    23.5832     5.9113     8.4478     88.461    257.917    263.999    0.00114    6.68238    9.54979  291.55933     8.7653   15.08145 3.5976e-01     0.3132     0.4916 0.0000e+00
        366 308.355616    0.02534     1.5201     91.207     12.113  48223.176    30.4379     8.7663     12.000     8.7647    23.5831     5.9173     8.4563     88.550    258.175    264.264    0.00096    6.68241    9.54982  291.56034     8.7651   15.08151 3.6137e-01     0.3027     0.4767 0.0000e+00
        372 308.355633    0.02575     1.5450     92.698     13.123  48225.030    30.4386     8.7654     13.000     8.7643    23.5838     5.9174     8.4565     88.551    258.182    264.270    0.00051    6.68250    9.54996  291.56423     8.7642   15.08169 3.1092e-01     0.2903     0.4895 0.0000e+00
        378 308.355652    0.02619     1.5717     94.302     14.132  48225.854    30.4389     8.7666     14.000     8.7659    23.5839     5.9269     8.4701     88.695    258.595    264.693    0.00099    6.68231    9.54969  291.55594     8.7652   15.08129 2.7809e-01     0.2941     0.4752 0.0000e+00
        387 308.355676    0.02679     1.6072     96.433     15.142  48225.608    30.4387     8.7698     15.000     8.7690    23.5833     5.9307     8.4756     88.758    258.763    264.865    0.00071    6.68185    9.54903  291.53600     8.7683   15.08034 2.4905e-01     0.2950     0.5187 0.0000e+00
        392 308.355691    0.02714     1.6284     97.704     16.151  48225.232    30.4382     8.7713     16.000     8.7701    23.5828     5.9379     8.4859     88.870    259.078    265.188    0.00107    6.68163    9.54872  291.52655     8.7698   15.07989 2.2502e-01     0.2954     0.6263 0.0000e+00
        399 308.355712    0.02765     1.6592     99.551     17.161  48225.363    30.4380     8.7721     17.000     8.7705    23.5824     5.9378     8.4857     88.868    259.072    265.182    0.00053    6.68152    9.54856  291.52195     8.7705   15.07967 2.0610e-01     0.2992     0.5591 0.0000e+00
        406 308.355732    0.02812     1.6869    101.212     18.171  48225.976    30.4381     8.7724     18.000     8.7706    23.5825     5.9379     8.4859     88.871    259.077    265.187    0.00022    6.68149    9.54852  291.52065     8.7706   15.07961 1.8645e-01     0.3062     0.5147 0.0000e+00
        412 308.355748    0.02851     1.7109    102.656     19.180  48226.592    30.4380     8.7721     19.000     8.7701    23.5825     5.9394     8.4879     88.892    259.140    265.252    0.00019    6.68152    9.54856  291.52192     8.7703   15.07967 1.6885e-01     0.3092     0.5416 0.0000e+00
        420 308.355771    0.02907     1.7439    104.636     20.189  48228.001    30.4385     8.7717     20.000     8.7697    23.5830     5.9403     8.4893     88.906    259.182    265.294    0.00010    6.68157    9.54863  291.52401     8.7697   15.07977 1.5349e-01     0.3078     0.5232 0.0000e+00
        426 308.355790    0.02952     1.7714    106.285     21.199  48228.015    30.4382     8.7722     21.000     8.7705    23.5827     5.9494     8.5023     89.044    259.580    265.702    0.00077    6.68150    9.54853  291.52105     8.7702   15.07963 1.3941e-01     0.3136     0.5369 0.0000e+00
        433 308.355809    0.02997     1.7981    107.885     22.209  48227.759    30.4377     8.7731     22.000     8.7710    23.5821     5.9472     8.4991     89.011    259.482    265.602    0.00023    6.68139    9.54838  291.51648     8.7709   15.07941 1.2774e-01     0.3160     0.5572 0.0000e+00
        439 308.355829    0.03045     1.8267    109.600     23.219  48228.049    30.4375     8.7734     23.000     8.7712    23.5820     5.9476     8.4998     89.018    259.502    265.621    0.00010    6.68135    9.54832  291.51469     8.7712   15.07933 1.1706e-01     0.3010     0.5979 0.0000e+00
        445 308.355846    0.03086     1.8517    111.100     24.228  48228.207    30.4372     8.7737     24.000     8.7714    23.5817     5.9432     8.4934     88.953    259.308    265.423   -0.00035    6.68132    9.54828  291.51356     8.7713   15.07927 1.0731e-01     0.3083     0.5422 0.0000e+00
        453 308.355868    0.03139     1.8832    112.993     25.237  48228.494    30.4370     8.7738     25.000     8.7713    23.5815     5.9404     8.4894     88.911    259.187    265.299   -0.00047    6.68131    9.54826  291.51313     8.7713   15.07925 9.9000e-02     0.3015     0.5255 0.0000e+00
        460 308.355887    0.03185     1.9108    114.649     26.247  48229.341    30.4372     8.7740     26.000     8.7714    23.5817     5.9445     8.4953     88.973    259.366    265.483   -0.00003    6.68129    9.54823  291.51209     8.7714   15.07920 9.1153e-02     0.3145     0.5322 0.0000e+00
        466 308.355906    0.03230     1.9381    116.284     27.257  48230.023    30.4372     8.7741     27.000     8.7714    23.5817     5.9528     8.5071     89.097    259.728    265.852    0.00063    6.68126    9.54820  291.51098     8.7714   15.07915 8.4843e-02     0.3208     0.5234 0.0000e+00
        473 308.355927    0.03281     1.9683    118.097     28.266  48230.366    30.4371     8.7741     28.000     8.7713    23.5816     5.9438     8.4943     88.962    259.335    265.451   -0.00045    6.68126    9.54819  291.51085     8.7714   15.07915 7.9304e-02     0.3063     0.5519 0.0000e+00
        480 308.355946    0.03327     1.9960    119.762     29.276  48230.312    30.4366     8.7740     29.000     8.7710    23.5813     5.9471     8.4990     89.011    259.479    265.598   -0.00005    6.68131    9.54826  291.51324     8.7711   15.07927 7.4484e-02     0.2976     0.5165 0.0000e+00
        486 308.355964    0.03370     2.0217    121.305     30.285  48230.699    30.4364     8.7739     30.000     8.7709    23.5811     5.9498     8.5029     89.052    259.598    265.719    0.00009    6.68133    9.54829  291.51394     8.7709   15.07930 7.0240e-02     0.3125     0.5290 0.0000e+00
        493 308.355983    0.03414     2.0483    122.900     31.295  48231.894    30.4368     8.7742     31.000     8.7712    23.5815     5.9483     8.5007     89.029    259.530    265.651   -0.00007    6.68127    9.54820  291.51117     8.7711   15.07916 6.6530e-02     0.3272     0.5256 0.0000e+00
        500 308.356005    0.03468     2.0810    124.862     32.305  48232.591    30.4369     8.7744     32.000     8.7712    23.5815     5.9458     8.4971     88.992    259.421    265.538   -0.00034    6.68123    9.54814  291.50946     8.7712   15.07908 6.3092e-02     0.3244     0.5329 0.0000e+00
        506 308.356023    0.03510     2.1061    126.365     33.314  48233.188    30.4369     8.7745     33.000     8.7712    23.5815     5.9542     8.5092     89.119    259.790    265.916    0.00044    6.68122    9.54813  291.50902     8.7712   15.07906 6.0115e-02     0.3133     0.5165 0.0000e+00
        513 308.356043    0.03559     2.1352    128.113     34.324  48233.601    30.4368     8.7743     34.000     8.7709    23.5814     5.9534     8.5080     89.106    259.754    265.880    0.00014    6.68125    9.54817  291.51032     8.7709   15.07912 5.7625e-02     0.3167     0.5434 0.0000e+00
        521 308.356066    0.03614     2.1684    130.103     35.333  48234.452    30.4369     8.7743     35.000     8.7708    23.5816     5.9498     8.5029     89.053    259.598    265.720   -0.00030    6.68125    9.54817  291.51027     8.7708   15.07912 5.5497e-02     0.3106     0.5176 0.0000e+00
        526 308.356080    0.03649     2.1895    131.371     36.343  48234.810    30.4368     8.7745     36.000     8.7709    23.5814     5.9494     8.5023     89.047    259.580    265.702   -0.00028    6.68123    9.54814  291.50937     8.7709   15.07908 5.3602e-02     0.2955     0.5449 0.0000e+00
        534 308.356102    0.03699     2.2196    133.174     37.353  48234.976    30.4365     8.7747     37.000     8.7710    23.5812     5.9532     8.5078     89.104    259.747    265.872    0.00005    6.68121    9.54811  291.50857     8.7710   15.07904 5.1967e-02     0.3164     0.5616 0.0000e+00
        541 308.356123    0.03751     2.2505    135.032     38.362  48235.250    30.4363     8.7747     38.000     8.7710    23.5810     5.9552     8.5105     89.133    259.830    265.957    0.00021    6.68121    9.54811  291.50863     8.7710   15.07904 5.0350e-02     0.3167     0.5296 0.0000e+00
        547 308.356139    0.03792     2.2750    136.500     39.371  48235.528    30.4360     8.7750     39.000     8.7712    23.5808     5.9385     8.4866     88.883    259.100    265.209   -0.00166    6.68118    9.54807  291.50745     8.7711   15.07899 4.8915e-02     0.2984     0.5770 0.0000e+00
