CTD-processing/allCTD/CNV/2015_06-26_t9_s10_cast106_5028.cnv
* Sea-Bird SBE19plus Data File:
* FileName = C:\Users\Kris.Holderied\Documents\kasitsna\Research-KBL\Oceanography-AK\CTD-Data-ALL-to-2015-04\2015-CTD-KachemakBay-CookInlet\2015-06-26-CookInlet-HomerSpit-Monthly\2015-06-26-CookInlet-Tran9-cast106.hex
* Software Version 1.59
* Temperature SN =  5028
* Conductivity SN =  5028
* System UpLoad Time = Jul 03 2015 13:38:55
** Cook Inlet LTM Tran 9 (Homer Spit) North to South
** Date: 06-26
** Station:  9-10
** Start time (AKDT): 10:39
** Depth (m): 62.8
** Comment:  R/V Barnacle
** Comment:
# nquan = 27
# nvalues = 58                          
# units = specified
# name 0 = scan: Scan Count
# name 1 = timeJ: Julian Days
# name 2 = timeH: Time, Elapsed [hours]
# name 3 = timeM: Time, Elapsed [minutes]
# name 4 = timeS: Time, Elapsed [seconds]
# name 5 = prdM: Pressure, Strain Gauge [db]
# name 6 = specc: Specific Conductance [uS/cm]
# name 7 = sal00: Salinity, Practical [PSU]
# name 8 = tv290C: Temperature [ITS-90, deg C]
# name 9 = depSM: Depth [salt water, m], lat = 59.00
# name 10 = potemp090C: Potential Temperature [ITS-90, deg C]
# name 11 = sigma-é00: Density [sigma-theta, kg/m^3]
# name 12 = sbeox0ML/L: Oxygen, SBE 43 [ml/l]
# name 13 = sbeox0Mg/L: Oxygen, SBE 43 [mg/l]
# name 14 = sbeox0PS: Oxygen, SBE 43 [% saturation]
# name 15 = sbox0Mm/Kg: Oxygen, SBE 43 [umol/kg]
# name 16 = sbeox0Mm/L: Oxygen, SBE 43 [umol/l]
# name 17 = sbox0dV/dT: Oxygen, SBE 43 [dov/dt]
# name 18 = oxsolML/L: Oxygen Saturation, Garcia & Gordon [ml/l]
# name 19 = oxsolMg/L: Oxygen Saturation, Garcia & Gordon [mg/l]
# name 20 = oxsolMm/Kg: Oxygen Saturation, Garcia & Gordon [umol/kg]
# name 21 = potemp090C: Potential Temperature [ITS-90, deg C]
# name 22 = n2satMg/L: Nitrogen Saturation [mg/l]
# name 23 = par: PAR/Irradiance, Biospherical/Licor
# name 24 = flECO-AFL: Fluorescence, WET Labs ECO-AFL/FL [mg/m^3]
# name 25 = turbWETntu0: Turbidity, WET Labs ECO [NTU]
# name 26 = flag: flag
# span 0 =        472,        709       
# span 1 = 177.444799, 177.445487       
# span 2 =    0.03268,    0.04919       
# span 3 =     1.9606,     2.9512       
# span 4 =    117.638,    177.072       
# span 5 =      1.010,     58.556       
# span 6 =  43488.535,  49927.103       
# span 7 =    27.5497,    31.4266       
# span 8 =     7.3544,    12.7128       
# span 9 =      1.000,     58.000       
# span 10 =     7.3357,    12.6761      
# span 11 =    20.6824,    24.5291      
# span 12 =     6.4228,     8.5048      
# span 13 =     9.1788,    12.1542      
# span 14 =     93.666,    128.664      
# span 15 =    279.975,    370.972      
# span 16 =    286.843,    379.823      
# span 17 =   -0.06697,    0.04659      
# span 18 =    6.24484,    6.85717      
# span 19 =    8.92451,    9.79959      
# span 20 =  273.06816,  298.90938      
# span 21 =     7.3492,    12.7126      
# span 22 =   14.20508,   15.42845      
# span 23 = 7.3228e-02, 1.9263e+02      
# span 24 =     0.2562,    11.3282      
# span 25 =     0.2624,     0.8470      
# span 26 = 0.0000e+00, 0.0000e+00      
# interval = meters: 1                  
# start_time = Jun 26 2015 10:38:33 [Instrument's time stamp, header]
# bad_flag = -9.990e-29
*END*
        472 177.444799    0.03268     1.9606    117.638      1.010  43488.535    27.5497    12.7128      1.000    12.6761    20.6824     7.1482    10.2156    114.421    312.772    319.241   -0.00170    6.24736    8.92810  273.35342    12.7126   14.22197 1.9263e+02     0.4672     0.4648 0.0000e+00
        478 177.444817    0.03310     1.9860    119.157      2.019  44647.471    28.3446    12.4967      2.000    12.3100    21.3365     7.1770    10.2567    114.929    313.830    320.526    0.00187    6.24484    8.92451  273.06816    12.4965   14.20508 1.4829e+02     0.4878     0.3601 0.0000e+00
        483 177.444833    0.03349     2.0095    120.570      3.028  46251.983    29.3845    11.5694      3.000    11.1022    22.3063     7.2267    10.3276    114.209    315.700    322.743   -0.00273    6.32844    9.04397  276.45930    11.5691   14.36336 1.1863e+02     0.6094     0.3603 0.0000e+00
        489 177.444849    0.03388     2.0325    121.950      4.038  47435.709    30.1080    10.5129      4.000    10.3301    23.0504     7.4249    10.6110    115.214    324.124    331.597    0.00029    6.44379    9.20882  281.29487    10.5125   14.59201 9.7930e+01     0.8607     0.3294 0.0000e+00
        494 177.444865    0.03425     2.0549    123.294      5.047  47826.441    30.3303    10.0581      5.000     9.8940    23.2986     7.9674    11.3863    122.591    347.723    355.826    0.04467    6.49849    9.28700  283.61483    10.0575   14.70213 8.1320e+01     1.4299     0.3725 0.0000e+00
        499 177.444878    0.03458     2.0750    124.503      6.056  48153.549    30.5155     9.6995      6.000     9.5969    23.5006     8.2044    11.7249    125.405    357.996    366.410    0.04659    6.54206    9.34925  285.45969     9.6989   14.78961 6.5639e+01     1.9741     0.4119 0.0000e+00
        504 177.444892    0.03491     2.0944    125.663      7.066  48362.857    30.6330     9.4734      7.000     9.3578    23.6279     8.3767    11.9711    127.498    365.467    374.103    0.04286    6.56981    9.38893  286.63532     9.4727   14.84534 5.2517e+01     2.6087     0.5092 0.0000e+00
        510 177.444909    0.03532     2.1189    127.135      8.076  48755.920    30.8627     9.1309      8.000     9.0248    23.8603     8.5048    12.1542    128.664    370.972    379.823    0.03247    6.61010    9.44649  288.32732     9.1302   14.92528 4.0537e+01     4.2053     0.5456 0.0000e+00
        517 177.444929    0.03580     2.1480    128.881      9.085  49128.809    31.0886     8.8767      9.000     8.8459    24.0757     8.4478    12.0727    127.266    368.408    377.277    0.01075    6.63794    9.48627  289.48072     8.8757   14.97948 2.9227e+01     8.5028     0.7761 0.0000e+00
        526 177.444957    0.03647     2.1883    131.300     10.095  49226.613    31.1471     8.8071     10.000     8.8011    24.1319     8.3084    11.8735    125.018    362.308    371.051   -0.00701    6.64572    9.49740  289.80415     8.8061   14.99471 1.9234e+01     9.8135     0.7336 0.0000e+00
        534 177.444980    0.03701     2.2206    133.236     11.104  49287.145    31.1835     8.7684     11.000     8.7511    24.1663     8.2517    11.7925    124.087    359.825    368.520   -0.00844    6.64991    9.50338  289.97716     8.7673   15.00282 1.2766e+01    10.5480     0.7556 0.0000e+00
        544 177.445010    0.03773     2.2638    135.826     12.113  49342.745    31.2176     8.7370     12.000     8.7306    24.1976     8.0823    11.5504    121.480    352.426    360.954   -0.01658    6.65312    9.50797  290.10829     8.7358   15.00895 8.4730e+00     9.8713     0.6376 0.0000e+00
        548 177.445020    0.03799     2.2793    136.760     13.123  49386.086    31.2469     8.7334     13.000     8.7281    24.2212     8.0677    11.5294    121.275    351.780    360.301   -0.01341    6.65239    9.50693  290.06991     8.7321   15.00699 5.8490e+00    10.6705     0.7433 0.0000e+00
        552 177.445032    0.03825     2.2954    137.725     14.133  49356.405    31.2221     8.7086     14.000     8.6253    24.2053     8.0356    11.4836    120.708    350.386    358.868   -0.01278    6.65719    9.51379  290.28379     8.7072   15.01731 3.9605e+00    11.3282     0.8386 0.0000e+00
        556 177.445042    0.03851     2.3110    138.659     15.142  49373.029    31.2055     8.5206     15.000     8.3932    24.2202     7.9524    11.3648    118.947    346.756    355.154   -0.01885    6.68609    9.55509  291.53965     8.5191   15.07737 2.7281e+00    10.4296     0.8470 0.0000e+00
        560 177.445054    0.03879     2.3273    139.636     16.152  49549.229    31.2969     8.3089     16.000     8.2496    24.3228     7.7097    11.0179    114.838    336.140    344.316   -0.03678    6.71399    9.59496  292.72698     8.3073   15.13371 2.0299e+00     7.3618     0.7128 0.0000e+00
        563 177.445064    0.03904     2.3422    140.534     17.161  49644.013    31.3493     8.2201     17.000     8.1958    24.3768     7.3913    10.5630    109.909    322.242    330.097   -0.05700    6.72514    9.61089  293.19719     8.2185   15.15595 1.5941e+00     4.8124     0.5792 0.0000e+00
        567 177.445074    0.03928     2.3568    141.410     18.171  49687.101    31.3737     8.1853     18.000     8.1639    24.4009     7.1381    10.2010    106.075    311.193    318.786   -0.06697    6.72935    9.61690  293.37389     8.1836   15.16429 1.2921e+00     3.6329     0.4908 0.0000e+00
        570 177.445084    0.03951     2.3711    142.266     19.180  49705.780    31.3801     8.1453     19.000     8.1053    24.4118     7.0146    10.0246    104.150    305.807    313.272   -0.06314    6.73516    9.62522  293.62443     8.1435   15.17623 1.0679e+00     2.8768     0.4091 0.0000e+00
        573 177.445094    0.03975     2.3852    143.111     20.190  49746.715    31.3987     8.0830     20.000     8.0543    24.4352     6.9611     9.9481    103.222    303.467    310.883   -0.05349    6.74384    9.63763  293.99633     8.0811   15.19391 9.1073e-01     1.8996     0.3268 0.0000e+00
        577 177.445103    0.03998     2.3989    143.935     21.199  49777.986    31.4141     8.0448     21.000     8.0284    24.4528     6.9086     9.8731    102.365    301.173    308.538   -0.04588    6.74900    9.64499  294.21592     8.0428   15.20433 7.8701e-01     1.2574     0.2809 0.0000e+00
        580 177.445113    0.04021     2.4125    144.753     22.209  49780.824    31.4120     8.0213     22.000     8.0001    24.4545     6.8587     9.8018    101.571    298.999    306.311   -0.03990    6.75269    9.65026  294.37618     8.0192   15.21199 6.8248e-01     1.0113     0.2797 0.0000e+00
        583 177.445123    0.04045     2.4267    145.603     23.219  49777.742    31.4034     7.9837     23.000     7.9543    24.4531     6.8236     9.7516    100.958    297.467    304.741   -0.03404    6.75882    9.65903  294.64382     7.9816   15.22481 5.9502e-01     0.9314     0.2831 0.0000e+00
        587 177.445134    0.04071     2.4429    146.576     24.228  49798.421    31.4095     7.9337     24.000     7.9101    24.4650     6.7923     9.7069    100.386    296.102    303.345   -0.02814    6.76623    9.66962  294.96361     7.9314   15.24005 5.2151e-01     0.8493     0.2770 0.0000e+00
        592 177.445147    0.04103     2.4621    147.723     25.238  49809.132    31.4088     7.8847     25.000     7.8614    24.4713     6.7575     9.6571     99.759    294.580    301.789   -0.02282    6.77380    9.68043  295.29157     7.8823   15.25571 4.5681e-01     0.7190     0.2679 0.0000e+00
        596 177.445159    0.04131     2.4788    148.727     26.247  49835.788    31.4212     7.8491     26.000     7.8396    24.4861     6.7240     9.6092     99.193    293.117    300.294   -0.01977    6.77872    9.68747  295.50198     7.8466   15.26570 4.0243e-01     0.5720     0.2632 0.0000e+00
        600 177.445170    0.04159     2.4950    149.701     27.256  49845.070    31.4257     7.8394     27.000     7.8347    24.4910     6.7015     9.5771     98.842    292.135    299.289   -0.01667    6.78002    9.68933  295.55729     7.8368   15.26832 3.5683e-01     0.5035     0.2852 0.0000e+00
        604 177.445181    0.04185     2.5110    150.661     28.266  49847.632    31.4266     7.8363     28.000     7.8333    24.4921     6.6908     9.5618     98.677    291.668    298.811   -0.01323    6.78045    9.68995  295.57577     7.8337   15.26920 3.1742e-01     0.4805     0.3762 0.0000e+00
        607 177.445192    0.04211     2.5270    151.619     29.275  49848.102    31.4264     7.8362     29.000     7.8334    24.4920     6.6819     9.5490     98.545    291.277    298.411   -0.01054    6.78048    9.68998  295.57699     7.8335   15.26926 2.8340e-01     0.4618     0.3714 0.0000e+00
        612 177.445204    0.04240     2.5439    152.634     30.285  49846.960    31.4250     7.8355     30.000     7.8318    24.4911     6.6730     9.5364     98.412    290.890    298.014   -0.00839    6.78065    9.69022  295.58451     7.8327   15.26963 2.5409e-01     0.4636     0.2857 0.0000e+00
        616 177.445216    0.04269     2.5616    153.694     31.295  49847.680    31.4249     7.8340     31.000     7.8307    24.4911     6.6642     9.5237     98.278    290.505    297.621   -0.00675    6.78088    9.69056  295.59464     7.8311   15.27011 2.2840e-01     0.4984     0.2823 0.0000e+00
        620 177.445228    0.04298     2.5784    154.705     32.304  49848.197    31.4247     7.8334     32.000     7.8294    24.4911     6.6582     9.5153     98.190    290.247    297.356   -0.00546    6.78100    9.69072  295.59971     7.8303   15.27036 2.0651e-01     0.4840     0.2936 0.0000e+00
        624 177.445239    0.04324     2.5948    155.688     33.314  49846.849    31.4228     7.8307     33.000     7.8242    24.4901     6.6530     9.5078     98.106    290.020    297.123   -0.00449    6.78148    9.69141  295.62100     7.8276   15.27138 1.8802e-01     0.4314     0.2771 0.0000e+00
        627 177.445250    0.04349     2.6097    156.580     34.323  49842.971    31.4183     7.8222     34.000     7.8100    24.4877     6.6498     9.5033     98.037    289.884    296.983   -0.00387    6.78299    9.69358  295.68790     7.8190   15.27459 1.7233e-01     0.4073     0.2684 0.0000e+00
        631 177.445260    0.04373     2.6239    157.432     35.333  49841.579    31.4142     7.8054     35.000     7.7880    24.4868     6.6482     9.5009     97.973    289.811    296.908   -0.00337    6.78578    9.69755  295.80940     7.8021   15.28041 1.5885e-01     0.3688     0.2780 0.0000e+00
        634 177.445269    0.04397     2.6381    158.288     36.342  49840.208    31.4087     7.7799     36.000     7.7578    24.4860     6.6432     9.4937     97.838    289.592    296.683   -0.00335    6.78995    9.70352  295.99149     7.7766   15.28912 1.4713e-01     0.3176     0.2624 0.0000e+00
        638 177.445280    0.04422     2.6529    159.172     37.353  49839.443    31.4021     7.7451     37.000     7.7186    24.4857     6.6333     9.4797     97.612    289.164    296.245   -0.00391    6.79564    9.71165  296.23959     7.7416   15.30099 1.3709e-01     0.3210     0.2928 0.0000e+00
        641 177.445290    0.04446     2.6680    160.081     38.362  49852.438    31.4041     7.7046     38.000     7.6841    24.4929     6.6174     9.4570     97.289    288.469    295.535   -0.00480    6.80182    9.72047  296.50664     7.7011   15.31373 1.2832e-01     0.3242     0.3066 0.0000e+00
        645 177.445301    0.04471     2.6829    160.975     39.372  49863.944    31.4071     7.6768     39.000     7.6605    24.4992     6.5974     9.4282     96.934    287.592    294.637   -0.00581    6.80600    9.72645  296.68722     7.6731   15.32233 1.2053e-01     0.3169     0.3043 0.0000e+00
        648 177.445311    0.04496     2.6973    161.840     40.381  49866.949    31.4052     7.6547     40.000     7.6396    24.5007     6.5821     9.4065     96.660    286.927    293.957   -0.00611    6.80952    9.73148  296.84023     7.6510   15.32964 1.1386e-01     0.3106     0.3061 0.0000e+00
        652 177.445320    0.04519     2.7116    162.695     41.391  49870.023    31.4039     7.6366     41.000     7.6203    24.5022     6.5677     9.3858     96.408    286.296    293.311   -0.00619    6.81239    9.73559  296.96500     7.6327   15.33561 1.0813e-01     0.3029     0.3165 0.0000e+00
        655 177.445330    0.04543     2.7257    163.540     42.402  49851.933    31.3868     7.6122     42.000     7.5825    24.4922     6.5554     9.3684     96.164    285.766    292.766   -0.00625    6.81694    9.74208  297.16616     7.6083   15.34528 1.0310e-01     0.2977     0.3379 0.0000e+00
        658 177.445340    0.04566     2.7394    164.366     43.410  49863.768    31.3877     7.5700     43.000     7.5472    24.4986     6.5463     9.3554     95.938    285.368    292.360   -0.00619    6.82349    9.75144  297.44958     7.5660   15.35880 9.8759e-02     0.3035     0.3715 0.0000e+00
        662 177.445349    0.04588     2.7531    165.186     44.420  49889.056    31.4006     7.5445     44.000     7.5351    24.5123     6.5359     9.3404     95.737    284.908    291.892   -0.00606    6.82688    9.75629  297.59366     7.5404   15.36562 9.4893e-02     0.2850     0.4013 0.0000e+00
        665 177.445359    0.04611     2.7665    165.989     45.430  49898.010    31.4053     7.5376     45.000     7.5327    24.5169     6.5244     9.3239     95.557    284.405    291.378   -0.00580    6.82774    9.75753  297.63001     7.5335   15.36734 9.1509e-02     0.2916     0.4249 0.0000e+00
        668 177.445368    0.04633     2.7799    166.792     46.439  49899.914    31.4060     7.5367     46.000     7.5326    24.5177     6.5138     9.3088     95.400    283.944    290.905   -0.00550    6.82786    9.75769  297.63466     7.5324   15.36755 8.8590e-02     0.3012     0.4480 0.0000e+00
        671 177.445377    0.04656     2.7936    167.614     47.449  49908.220    31.4117     7.5387     47.000     7.5399    24.5218     6.5064     9.2983     95.300    283.622    290.576   -0.00493    6.82728    9.75686  297.60811     7.5344   15.36627 8.6115e-02     0.2946     0.4645 0.0000e+00
        675 177.445387    0.04679     2.8072    168.430     48.459  49913.384    31.4166     7.5495     48.000     7.5521    24.5243     6.5034     9.2941     95.283    283.492    290.444   -0.00401    6.82538    9.75415  297.52492     7.5451   15.36228 8.3919e-02     0.2935     0.4765 0.0000e+00
        678 177.445396    0.04701     2.8206    169.237     49.469  49903.868    31.4111     7.5595     49.000     7.5553    24.5186     6.5042     9.2951     95.312    283.524    290.475   -0.00297    6.82406    9.75226  297.46889     7.5550   15.35962 8.2026e-02     0.3201     0.5161 0.0000e+00
        681 177.445405    0.04723     2.8340    170.037     50.478  49898.142    31.4065     7.5586     50.000     7.5507    24.5152     6.5019     9.2919     95.275    283.428    290.376   -0.00248    6.82441    9.75277  297.48526     7.5540   15.36042 8.0402e-02     0.3588     0.5548 0.0000e+00
        684 177.445415    0.04745     2.8473    170.837     51.487  49899.340    31.4061     7.5536     51.000     7.5453    24.5155     6.4947     9.2816     95.158    283.114    290.055   -0.00266    6.82521    9.75392  297.52021     7.5489   15.36210 7.9058e-02     0.3630     0.5782 0.0000e+00
        688 177.445424    0.04768     2.8609    171.651     52.498  49897.639    31.4033     7.5470     52.000     7.5367    24.5143     6.4900     9.2748     95.072    282.907    289.842   -0.00269    6.82635    9.75554  297.57009     7.5423   15.36449 7.8211e-02     0.3368     0.5886 0.0000e+00
        691 177.445434    0.04791     2.8746    172.474     53.508  49889.897    31.3958     7.5365     53.000     7.5186    24.5097     6.4886     9.2728     95.025    282.849    289.781   -0.00241    6.82833    9.75837  297.65771     7.5317   15.36870 7.7235e-02     0.3303     0.6239 0.0000e+00
