CTD-processing/allCTD/CNV/2015_02-23_t6_s21_cast226_4141.cnv
* Sea-Bird SBE19plus Data File:
* FileName = C:\Users\amdoroff\Desktop\2015_02_23_CookInlet_Tran6_Douglas\2015_02_23_CookInlet_Tran6_cast226.hex
* Software Version 1.59
* Temperature SN =  4141
* Conductivity SN =  4141
* System UpLoad Time = Feb 24 2015 01:31:29
** Cook Inlet LTM Tran6 Douglas W to E
** Date 02-23
** Station: 6-21
** Start Time (AKST): 17:32
** Depth (m): 170
** Comment: Line jerked at start of profile.  Brought CTD back up to surface and re-dropped it.
** Comment: On R/V Pandalus. Transect crossed 23-24 Feb.
# nquan = 27
# nvalues = 168                         
# units = specified
# name 0 = scan: Scan Count
# name 1 = timeJ: Julian Days
# name 2 = timeH: Time, Elapsed [hours]
# name 3 = timeM: Time, Elapsed [minutes]
# name 4 = timeS: Time, Elapsed [seconds]
# name 5 = prdM: Pressure, Strain Gauge [db]
# name 6 = specc: Specific Conductance [uS/cm]
# name 7 = sal00: Salinity, Practical [PSU]
# name 8 = tv290C: Temperature [ITS-90, deg C]
# name 9 = depSM: Depth [salt water, m], lat = 59.00
# name 10 = potemp090C: Potential Temperature [ITS-90, deg C]
# name 11 = sigma-é00: Density [sigma-theta, kg/m^3]
# name 12 = sbeox0ML/L: Oxygen, SBE 43 [ml/l]
# name 13 = sbeox0Mg/L: Oxygen, SBE 43 [mg/l]
# name 14 = sbeox0PS: Oxygen, SBE 43 [% saturation]
# name 15 = sbox0Mm/Kg: Oxygen, SBE 43 [umol/kg]
# name 16 = sbeox0Mm/L: Oxygen, SBE 43 [umol/l]
# name 17 = sbox0dV/dT: Oxygen, SBE 43 [dov/dt]
# name 18 = oxsolML/L: Oxygen Saturation, Garcia & Gordon [ml/l]
# name 19 = oxsolMg/L: Oxygen Saturation, Garcia & Gordon [mg/l]
# name 20 = oxsolMm/Kg: Oxygen Saturation, Garcia & Gordon [umol/kg]
# name 21 = n2satMg/L: Nitrogen Saturation [mg/l]
# name 22 = par: PAR/Irradiance, Biospherical/Licor
# name 23 = wetStar: Fluorescence, WET Labs WETstar [mg/m^3]
# name 24 = CStarAt0: Beam Attenuation, WET Labs C-Star [1/m]
# name 25 = CStarTr0: Beam Transmission, WET Labs C-Star [%]
# name 26 = flag: flag
# span 0 =         24,        935       
# span 1 =  54.731617,  54.734254       
# span 2 =    0.00158,    0.06485       
# span 3 =     0.0944,     3.8910       
# span 4 =      5.667,    233.464       
# span 5 =      0.985,    169.571       
# span 6 =  50985.375,  51444.917       
# span 7 =    32.0056,    32.2957       
# span 8 =     6.4047,     6.5607       
# span 9 =      1.000,    168.000       
# span 10 =     6.3993,     6.5611      
# span 11 =    25.1214,    25.3658      
# span 12 =     5.7073,     6.3204      
# span 13 =     8.1564,     9.0325      
# span 14 =     81.998,     90.909      
# span 15 =    248.644,    275.336      
# span 16 =    254.889,    282.268      
# span 17 =   -0.04512,    0.00279      
# span 18 =    6.95235,    6.97018      
# span 19 =    9.93559,    9.96109      
# span 20 =  302.86664,  303.60688      
# span 21 =   15.61437,   15.64915      
# span 22 = 3.5307e-02, 2.9850e+01      
# span 23 =     0.1243,     0.6353      
# span 24 =     0.0654,    10.5959      
# span 25 =    23.8302,    91.2150      
# span 26 = 0.0000e+00, 0.0000e+00      
# interval = meters: 1                  
# start_time = Feb 23 2015 17:33:26 [Instrument's time stamp, header]
# bad_flag = -9.990e-29
*END*
[from data line 54]
        598  54.733277    0.04144     2.4861    149.165     55.539  51199.126    32.1210     6.4924     55.000     6.4877    25.2179     6.2190     8.8876     89.334    270.909    277.740    0.00068    6.96147    9.94863  303.25179   15.63258 3.5307e-02     0.5329     0.3930    90.6423 0.0000e+00
        601  54.733287    0.04168     2.5006    150.033     56.547  51200.618    32.1216     6.4925     56.000     6.4876    25.2184     6.2104     8.8754     89.212    270.535    277.357   -0.00069    6.96144    9.94859  303.25042   15.63251 3.6536e-02     0.5121     0.4003    90.4778 0.0000e+00
        604  54.733295    0.04186     2.5114    150.684     57.545  51201.111    32.1215     6.4923     57.000     6.4873    25.2182     6.2081     8.8720     89.178    270.433    277.252   -0.00120    6.96146    9.94862  303.25153   15.63256 3.6296e-02     0.5130     0.4028    90.4211 0.0000e+00
        606  54.733303    0.04203     2.5221    151.327     58.551  51202.540    32.1219     6.4923     58.000     6.4873    25.2187     6.2099     8.8745     89.204    270.511    277.334   -0.00080    6.96145    9.94861  303.25076   15.63252 3.6568e-02     0.5156     0.4007    90.4671 0.0000e+00
        609  54.733310    0.04223     2.5340    152.039     59.562  51203.935    32.1225     6.4923     59.000     6.4873    25.2191     6.2143     8.8809     89.268    270.705    277.532   -0.00019    6.96142    9.94857  303.24929   15.63245 6.1138e-02     0.5088     0.4009    90.4637 0.0000e+00
        612  54.733320    0.04245     2.5470    152.820     60.568  51205.661    32.1232     6.4924     60.000     6.4874    25.2197     6.2166     8.8842     89.302    270.806    277.636    0.00015    6.96137    9.94850  303.24696   15.63234 6.0491e-02     0.5240     0.4010    90.4620 0.0000e+00
        616  54.733331    0.04273     2.5638    153.826     61.579  51207.588    32.1242     6.4928     61.000     6.4877    25.2203     6.2137     8.8801     89.262    270.679    277.506   -0.00032    6.96127    9.94835  303.24264   15.63213 4.2572e-02     0.5174     0.3996    90.4928 0.0000e+00
        621  54.733346    0.04308     2.5849    155.096     62.602  51208.621    32.1244     6.4932     62.000     6.4881    25.2206     6.2098     8.8743     89.205    270.506    277.329   -0.00075    6.96119    9.94824  303.23888   15.63195 3.5867e-02     0.5265     0.3961    90.5715 0.0000e+00
        625  54.733357    0.04334     2.6007    156.044     63.616  51212.475    32.1267     6.4938     63.000     6.4889    25.2223     6.2096     8.8740     89.205    270.497    277.320   -0.00079    6.96098    9.94794  303.22940   15.63148 3.6374e-02     0.5194     0.3983    90.5217 0.0000e+00
        628  54.733365    0.04353     2.6120    156.722     64.620  51215.915    32.1288     6.4946     64.000     6.4898    25.2239     6.2131     8.8791     89.258    270.649    277.476   -0.00020    6.96076    9.94763  303.21934   15.63100 3.6465e-02     0.5131     0.4016    90.4483 0.0000e+00
        630  54.733372    0.04370     2.6222    157.334     65.624  51216.453    32.1289     6.4955     65.000     6.4903    25.2238     6.2163     8.8837     89.307    270.791    277.620    0.00018    6.96061    9.94742  303.21294   15.63069 3.6558e-02     0.5114     0.4057    90.3540 0.0000e+00
        633  54.733379    0.04387     2.6323    157.935     66.630  51216.348    32.1284     6.4959     66.000     6.4904    25.2234     6.2190     8.8876     89.346    270.908    277.741    0.00046    6.96056    9.94734  303.21068   15.63059 4.5869e-02     0.5092     0.4085    90.2921 0.0000e+00
        635  54.733386    0.04405     2.6430    158.580     67.631  51218.061    32.1291     6.4962     67.000     6.4908    25.2240     6.2178     8.8860     89.331    270.856    277.689    0.00023    6.96048    9.94723  303.20709   15.63041 4.3740e-02     0.5285     0.4068    90.3293 0.0000e+00
        639  54.733397    0.04431     2.6585    159.511     68.642  51218.600    32.1292     6.4967     68.000     6.4910    25.2239     6.2123     8.8779     89.251    270.612    277.438   -0.00063    6.96041    9.94712  303.20401   15.63027 3.9038e-02     0.5366     0.4031    90.4141 0.0000e+00
        645  54.733415    0.04473     2.6841    161.048     69.673  51220.104    32.1298     6.4970     69.000     6.4912    25.2244     6.2055     8.8684     89.156    270.321    277.140   -0.00123    6.96032    9.94699  303.19986   15.63007 3.6027e-02     0.5465     0.3992    90.5026 0.0000e+00
        649  54.733427    0.04502     2.7012    162.070     70.686  51220.991    32.1299     6.4972     70.000     6.4915    25.2244     6.2027     8.8643     89.116    270.197    277.012   -0.00130    6.96028    9.94694  303.19818   15.62998 3.6381e-02     0.5272     0.4003    90.4756 0.0000e+00
        652  54.733435    0.04520     2.7119    162.716     71.691  51222.430    32.1305     6.4977     71.000     6.4921    25.2249     6.2026     8.8640     89.114    270.188    277.004   -0.00115    6.96018    9.94679  303.19334   15.62975 3.6383e-02     0.5352     0.4048    90.3743 0.0000e+00
        654  54.733441    0.04536     2.7212    163.271     72.692  51224.022    32.1313     6.4984     72.000     6.4931    25.2255     6.2035     8.8654     89.130    270.229    277.045   -0.00102    6.96002    9.94658  303.18707   15.62945 3.6380e-02     0.5174     0.4068    90.3303 0.0000e+00
        656  54.733447    0.04551     2.7305    163.829     73.701  51226.465    32.1327     6.4995     73.000     6.4944    25.2264     6.2088     8.8731     89.211    270.464    277.287   -0.00030    6.95979    9.94624  303.17633   15.62893 3.7447e-02     0.5154     0.4130    90.1909 0.0000e+00
        659  54.733454    0.04566     2.7401    164.407     74.697  51227.908    32.1335     6.5008     74.000     6.4954    25.2269     6.2112     8.8764     89.247    270.566    277.391    0.00022    6.95955    9.94587  303.16504   15.62839 3.7515e-02     0.5101     0.4103    90.2526 0.0000e+00
        662  54.733463    0.04587     2.7525    165.152     75.710  51228.909    32.1340     6.5023     75.000     6.4970    25.2271     6.2081     8.8721     89.207    270.433    277.256   -0.00015    6.95928    9.94549  303.15352   15.62784 3.6491e-02     0.5256     0.4092    90.2754 0.0000e+00
        666  54.733476    0.04619     2.7717    166.300     76.728  51229.455    32.1344     6.5045     76.000     6.4987    25.2271     6.1999     8.8603     89.093    270.074    276.887   -0.00122    6.95890    9.94497  303.13737   15.62707 3.6392e-02     0.5196     0.4005    90.4710 0.0000e+00
        671  54.733491    0.04656     2.7937    167.623     77.752  51231.496    32.1356     6.5063     77.000     6.5005    25.2278     6.1967     8.8558     89.052    269.937    276.747   -0.00116    6.95856    9.94447  303.12187   15.62632 3.6383e-02     0.5251     0.3974    90.5416 0.0000e+00
        675  54.733501    0.04680     2.8077    168.463     78.765  51238.253    32.1403     6.5084     78.000     6.5046    25.2312     6.1943     8.8523     89.024    269.829    276.637   -0.00120    6.95800    9.94367  303.09650   15.62509 3.6382e-02     0.5072     0.4055    90.3600 0.0000e+00
        677  54.733508    0.04696     2.8179    169.074     79.766  51240.980    32.1424     6.5120     79.000     6.5077    25.2324     6.1930     8.8504     89.014    269.771    276.578   -0.00125    6.95732    9.94272  303.06699   15.62368 3.6382e-02     0.5086     0.4137    90.1760 0.0000e+00
        680  54.733515    0.04712     2.8272    169.632     80.767  51240.041    32.1418     6.5148     80.000     6.5094    25.2316     6.1907     8.8470     88.985    269.669    276.474   -0.00122    6.95689    9.94208  303.04833   15.62280 3.6382e-02     0.5097     0.4184    90.0703 0.0000e+00
        682  54.733521    0.04729     2.8374    170.242     81.769  51242.694    32.1434     6.5166     81.000     6.5107    25.2328     6.1895     8.8455     88.975    269.623    276.426   -0.00130    6.95653    9.94157  303.03210   15.62201 3.6382e-02     0.5222     0.4192    90.0501 0.0000e+00
        685  54.733531    0.04751     2.8508    171.051     82.782  51240.214    32.1415     6.5177     82.000     6.5108    25.2311     6.1885     8.8440     88.961    269.577    276.378   -0.00115    6.95644    9.94144  303.02874   15.62186 3.6382e-02     0.5186     0.4172    90.0951 0.0000e+00
        689  54.733543    0.04781     2.8682    172.092     83.803  51245.758    32.1449     6.5185     83.000     6.5125    25.2338     6.1847     8.8386     88.910    269.412    276.210   -0.00138    6.95615    9.94104  303.01548   15.62121 3.6382e-02     0.5133     0.4131    90.1879 0.0000e+00
        693  54.733554    0.04808     2.8849    173.095     84.814  51248.531    32.1469     6.5207     84.000     6.5142    25.2349     6.1853     8.8394     88.925    269.437    276.237   -0.00094    6.95570    9.94040  302.99570   15.62026 3.6382e-02     0.5083     0.4111    90.2334 0.0000e+00
        697  54.733564    0.04832     2.8991    173.947     85.827  51248.031    32.1462     6.5218     85.000     6.5145    25.2344     6.1874     8.8424     88.957    269.528    276.330   -0.00033    6.95556    9.94020  302.98981   15.61998 3.6382e-02     0.5067     0.4185    90.0668 0.0000e+00
        700  54.733572    0.04852     2.9111    174.665     86.835  51247.113    32.1451     6.5218     86.000     6.5139    25.2334     6.1813     8.8337     88.868    269.262    276.056   -0.00116    6.95561    9.94026  302.99204   15.62010 3.6382e-02     0.4986     0.4229    89.9667 0.0000e+00
        702  54.733580    0.04870     2.9220    175.318     87.832  51251.269    32.1475     6.5213     87.000     6.5146    25.2354     6.1669     8.8131     88.661    268.634    275.412   -0.00281    6.95558    9.94022  302.99025   15.62000 3.6382e-02     0.5007     0.4229    89.9658 0.0000e+00
        705  54.733589    0.04891     2.9346    176.075     88.847  51253.647    32.1488     6.5227     88.000     6.5154    25.2363     6.1720     8.8204     88.739    268.858    275.643   -0.00207    6.95530    9.93982  302.97755   15.61939 3.6382e-02     0.4964     0.4250    89.9201 0.0000e+00
        709  54.733599    0.04914     2.9484    176.902     89.862  51253.981    32.1487     6.5232     89.000     6.5157    25.2362     6.1855     8.8397     88.934    269.446    276.246    0.00027    6.95522    9.93971  302.97423   15.61924 3.6382e-02     0.5031     0.4222    89.9813 0.0000e+00
        712  54.733607    0.04935     2.9610    177.661     90.872  51253.787    32.1481     6.5234     90.000     6.5152    25.2357     6.1728     8.8216     88.751    268.893    275.678   -0.00111    6.95521    9.93968  302.97370   15.61921 3.6382e-02     0.5067     0.4225    89.9754 0.0000e+00
        715  54.733616    0.04955     2.9731    178.386     91.878  51256.043    32.1490     6.5226     91.000     6.5146    25.2366     6.1673     8.8137     88.671    268.651    275.432   -0.00241    6.95529    9.93981  302.97720   15.61937 3.6382e-02     0.4964     0.4247    89.9265 0.0000e+00
        718  54.733624    0.04976     2.9854    179.125     92.885  51256.912    32.1492     6.5227     92.000     6.5147    25.2367     6.1620     8.8062     88.596    268.424    275.198   -0.00214    6.95528    9.93979  302.97659   15.61935 3.6382e-02     0.4922     0.4245    89.9318 0.0000e+00
        721  54.733633    0.04998     2.9990    179.942     93.895  51258.895    32.1500     6.5221     93.000     6.5134    25.2374     6.1653     8.8109     88.642    268.565    275.344   -0.00166    6.95533    9.93986  302.97879   15.61945 3.6382e-02     0.5020     0.4257    89.9039 0.0000e+00
        724  54.733644    0.05024     3.0140    180.842     94.913  51262.693    32.1520     6.5209     94.000     6.5123    25.2391     6.1736     8.8227     88.759    268.924    275.711   -0.00012    6.95545    9.94003  302.98330   15.61965 3.6382e-02     0.4934     0.4257    89.9047 0.0000e+00
        728  54.733654    0.05047     3.0277    181.662     95.925  51265.871    32.1535     6.5201     95.000     6.5114    25.2404     6.1744     8.8239     88.770    268.961    275.750    0.00003    6.95549    9.94010  302.98478   15.61971 3.6382e-02     0.4849     0.4287    89.8383 0.0000e+00
        730  54.733661    0.05066     3.0396    182.373     96.933  51272.708    32.1576     6.5194     96.000     6.5110    25.2438     6.1688     8.8159     88.690    268.715    275.498   -0.00065    6.95543    9.94000  302.98100   15.61953 3.6382e-02     0.4772     0.4344    89.7103 0.0000e+00
        733  54.733669    0.05084     3.0503    183.020     97.936  51275.702    32.1593     6.5193     97.000     6.5110    25.2451     6.1604     8.8039     88.571    268.350    275.124   -0.00179    6.95537    9.93992  302.97807   15.61937 3.6382e-02     0.4778     0.4364    89.6636 0.0000e+00
        736  54.733678    0.05103     3.0618    183.710     98.940  51277.775    32.1602     6.5194     98.000     6.5101    25.2459     6.1578     8.8001     88.534    268.236    275.009   -0.00202    6.95531    9.93983  302.97520   15.61923 3.6382e-02     0.4823     0.4349    89.6982 0.0000e+00
        739  54.733687    0.05127     3.0762    184.575     99.955  51286.562    32.1653     6.5164     99.000     6.5046    25.2502     6.1617     8.8056     88.586    268.403    275.180   -0.00114    6.95555    9.94017  302.98437   15.61965 3.6382e-02     0.4631     0.4292    89.8253 0.0000e+00
        743  54.733699    0.05154     3.0926    185.553    100.978  51298.436    32.1719     6.5103    100.000     6.5008    25.2562     6.1619     8.8059     88.580    268.410    275.189   -0.00078    6.95622    9.94115  303.01226   15.62096 3.6382e-02     0.4578     0.4264    89.8888 0.0000e+00
        746  54.733708    0.05176     3.1055    186.330    101.986  51301.333    32.1733     6.5093    101.000     6.5008    25.2574     6.1545     8.7955     88.474    268.091    274.863   -0.00157    6.95633    9.94129  303.01613   15.62113 3.6382e-02     0.5034     0.4307    89.7924 0.0000e+00
        749  54.733715    0.05193     3.1161    186.965    102.990  51302.395    32.1735     6.5094    102.000     6.5002    25.2576     6.1515     8.7911     88.430    267.958    274.726   -0.00187    6.95630    9.94125  303.01506   15.62108 3.6382e-02     0.4589     0.4345    89.7074 0.0000e+00
        751  54.733722    0.05210     3.1263    187.580    103.996  51304.917    32.1748     6.5088    103.000     6.4986    25.2587     6.1501     8.7893     88.411    267.901    274.668   -0.00186    6.95636    9.94133  303.01708   15.62117 3.6382e-02     0.4697     0.4370    89.6518 0.0000e+00
        754  54.733730    0.05228     3.1370    188.218    105.000  51308.707    32.1765     6.5072    104.000     6.4975    25.2603     6.1524     8.7923     88.440    267.996    274.765   -0.00134    6.95652    9.94156  303.02363   15.62148 3.6382e-02     0.4777     0.4406    89.5702 0.0000e+00
        757  54.733738    0.05249     3.1495    188.972    106.010  51312.286    32.1783     6.5061    105.000     6.4963    25.2619     6.1575     8.7997     88.513    268.219    274.994   -0.00055    6.95662    9.94172  303.02792   15.62168 3.6382e-02     0.4760     0.4372    89.6470 0.0000e+00
        761  54.733749    0.05276     3.1653    189.918    107.031  51314.644    32.1792     6.5050    106.000     6.4957    25.2628     6.1557     8.7971     88.484    268.139    274.913   -0.00044    6.95676    9.94191  303.03350   15.62194 3.6382e-02     0.4560     0.4298    89.8119 0.0000e+00
        764  54.733759    0.05300     3.1799    190.791    108.047  51316.064    32.1798     6.5049    107.000     6.4958    25.2632     6.1459     8.7832     88.345    267.714    274.477   -0.00164    6.95676    9.94190  303.03318   15.62192 3.6382e-02     0.4689     0.4309    89.7881 0.0000e+00
