CTD-processing/allCTD/CNV/2015_06-26_t9_s04_cast113_5028.cnv
* Sea-Bird SBE19plus Data File:
* FileName = C:\Users\Kris.Holderied\Documents\kasitsna\Research-KBL\Oceanography-AK\CTD-Data-ALL-to-2015-04\2015-CTD-KachemakBay-CookInlet\2015-06-26-CookInlet-HomerSpit-Monthly\2015-06-26-CookInlet-Tran9-cast113.hex
* Software Version 1.59
* Temperature SN =  5028
* Conductivity SN =  5028
* System UpLoad Time = Jul 03 2015 13:47:54
** Cook Inlet LTM Tran 9 (Homer Spit) North to South
** Date: 06-26
** Station: 9-04
** Start time (AKDT): 12:17
** Depth (m): 91.4
** Comment:  R/V Barnacle
** Comment:
# nquan = 27
# nvalues = 83                          
# units = specified
# name 0 = scan: Scan Count
# name 1 = timeJ: Julian Days
# name 2 = timeH: Time, Elapsed [hours]
# name 3 = timeM: Time, Elapsed [minutes]
# name 4 = timeS: Time, Elapsed [seconds]
# name 5 = prdM: Pressure, Strain Gauge [db]
# name 6 = specc: Specific Conductance [uS/cm]
# name 7 = sal00: Salinity, Practical [PSU]
# name 8 = tv290C: Temperature [ITS-90, deg C]
# name 9 = depSM: Depth [salt water, m], lat = 59.00
# name 10 = potemp090C: Potential Temperature [ITS-90, deg C]
# name 11 = sigma-é00: Density [sigma-theta, kg/m^3]
# name 12 = sbeox0ML/L: Oxygen, SBE 43 [ml/l]
# name 13 = sbeox0Mg/L: Oxygen, SBE 43 [mg/l]
# name 14 = sbeox0PS: Oxygen, SBE 43 [% saturation]
# name 15 = sbox0Mm/Kg: Oxygen, SBE 43 [umol/kg]
# name 16 = sbeox0Mm/L: Oxygen, SBE 43 [umol/l]
# name 17 = sbox0dV/dT: Oxygen, SBE 43 [dov/dt]
# name 18 = oxsolML/L: Oxygen Saturation, Garcia & Gordon [ml/l]
# name 19 = oxsolMg/L: Oxygen Saturation, Garcia & Gordon [mg/l]
# name 20 = oxsolMm/Kg: Oxygen Saturation, Garcia & Gordon [umol/kg]
# name 21 = potemp090C: Potential Temperature [ITS-90, deg C]
# name 22 = n2satMg/L: Nitrogen Saturation [mg/l]
# name 23 = par: PAR/Irradiance, Biospherical/Licor
# name 24 = flECO-AFL: Fluorescence, WET Labs ECO-AFL/FL [mg/m^3]
# name 25 = turbWETntu0: Turbidity, WET Labs ECO [NTU]
# name 26 = flag: flag
# span 0 =        266,        611       
# span 1 = 177.512837, 177.513837       
# span 2 =    0.01837,    0.04236       
# span 3 =     1.1021,     2.5415       
# span 4 =     66.128,    152.490       
# span 5 =      1.010,     83.800       
# span 6 =  41906.861,  50026.221       
# span 7 =    26.4621,    31.4657       
# span 8 =     7.3883,    12.9760       
# span 9 =      1.000,     83.000       
# span 10 =     7.3816,    12.9758      
# span 11 =    19.7965,    24.5751      
# span 12 =     6.3751,     8.3536      
# span 13 =     9.1106,    11.9381      
# span 14 =     93.084,    124.467      
# span 15 =    277.880,    364.290      
# span 16 =    284.709,    373.072      
# span 17 =   -0.06021,    0.05182      
# span 18 =    6.21703,    6.85034      
# span 19 =    8.88475,    9.78983      
# span 20 =  271.90325,  298.60516      
# span 21 =     7.3816,    12.9757      
# span 22 =   14.14996,   15.41380      
# span 23 = 5.4001e-02, 2.9616e+02      
# span 24 =     0.1355,     8.8395      
# span 25 =     0.2515,     0.9909      
# span 26 = 0.0000e+00, 0.0000e+00      
# interval = meters: 1                  
# start_time = Jun 26 2015 12:17:23 [Instrument's time stamp, header]
# bad_flag = -9.990e-29
*END*
[from data line 54]
        493 177.513495    0.03416     2.0497    122.981     55.527  49928.934    31.4261     7.5603     55.000     7.5533    24.5303     6.4742     9.2524     94.884    282.216    289.140   -0.00189    6.82328    9.75115  297.43152     7.5552   15.35778 6.5984e-02     0.3447     0.3891 0.0000e+00
        497 177.513507    0.03444     2.0662    123.974     56.536  49930.631    31.4262     7.5571     56.000     7.5510    24.5309     6.4714     9.2483     94.836    282.092    289.012   -0.00177    6.82378    9.75186  297.45302     7.5519   15.35881 6.4323e-02     0.3402     0.3916 0.0000e+00
        501 177.513518    0.03471     2.0828    124.969     57.546  49931.950    31.4265     7.5558     57.000     7.5503    24.5313     6.4728     9.2503     94.855    282.156    289.077   -0.00127    6.82395    9.75211  297.46057     7.5506   15.35916 6.2998e-02     0.3129     0.3844 0.0000e+00
        505 177.513530    0.03499     2.0995    125.970     58.555  49933.898    31.4274     7.5559     58.000     7.5514    24.5320     6.4741     9.2522     94.875    282.212    289.135   -0.00085    6.82389    9.75203  297.45789     7.5505   15.35903 6.1809e-02     0.2935     0.3838 0.0000e+00
        509 177.513542    0.03528     2.1167    127.000     59.566  49937.627    31.4300     7.5587     59.000     7.5549    24.5337     6.4720     9.2492     94.851    282.118    289.040   -0.00080    6.82335    9.75125  297.43369     7.5532   15.35787 6.0793e-02     0.2737     0.3803 0.0000e+00
        513 177.513554    0.03557     2.1340    128.040     60.575  49938.412    31.4306     7.5621     60.000     7.5576    24.5337     6.4714     9.2483     94.850    282.091    289.012   -0.00068    6.82278    9.75044  297.40903     7.5565   15.35669 5.9936e-02     0.2788     0.3827 0.0000e+00
        517 177.513566    0.03586     2.1518    129.110     61.585  49940.463    31.4320     7.5642     61.000     7.5595    24.5345     6.4723     9.2496     94.869    282.131    289.054   -0.00041    6.82240    9.74988  297.39168     7.5586   15.35586 5.9202e-02     0.3001     0.4001 0.0000e+00
        522 177.513579    0.03617     2.1703    130.215     62.594  49941.379    31.4324     7.5658     62.000     7.5603    24.5346     6.4680     9.2433     94.809    281.941    288.859   -0.00066    6.82212    9.74949  297.37992     7.5601   15.35530 5.8552e-02     0.3214     0.4288 0.0000e+00
        526 177.513591    0.03647     2.1880    131.281     63.604  49942.638    31.4329     7.5663     63.000     7.5602    24.5350     6.4615     9.2341     94.715    281.659    288.570   -0.00108    6.82203    9.74936  297.37564     7.5605   15.35509 5.7942e-02     0.3269     0.4341 0.0000e+00
        530 177.513603    0.03676     2.2057    132.340     64.614  49936.111    31.4275     7.5636     64.000     7.5506    24.5310     6.4569     9.2274     94.638    281.459    288.363   -0.00126    6.82269    9.75031  297.40571     7.5577   15.35655 5.7428e-02     0.3225     0.4155 0.0000e+00
        535 177.513616    0.03705     2.2232    133.392     65.623  49929.093    31.4189     7.5438     65.000     7.5245    24.5270     6.4521     9.2206     94.520    281.252    288.151   -0.00162    6.82617    9.75528  297.55842     7.5378   15.36387 5.6992e-02     0.3132     0.4321 0.0000e+00
        539 177.513627    0.03734     2.2402    134.411     66.633  49937.041    31.4197     7.5182     66.000     7.5008    24.5312     6.4462     9.2123     94.379    280.995    287.889   -0.00206    6.83012    9.76093  297.72968     7.5121   15.37204 5.6565e-02     0.3105     0.4776 0.0000e+00
        543 177.513639    0.03761     2.2567    135.402     67.643  49943.451    31.4200     7.4963     67.000     7.4812    24.5344     6.4386     9.2013     94.220    280.659    287.545   -0.00245    6.83352    9.76579  297.87695     7.4902   15.37906 5.6209e-02     0.2793     0.5194 0.0000e+00
        547 177.513651    0.03789     2.2733    136.397     68.653  49944.677    31.4175     7.4790     68.000     7.4624    24.5349     6.4277     9.1859     94.023    280.188    287.062   -0.00299    6.83635    9.76983  298.00009     7.4727   15.38495 5.5866e-02     0.2725     0.5446 0.0000e+00
        551 177.513662    0.03817     2.2904    137.425     69.663  49942.831    31.4120     7.4559     69.000     7.4361    24.5336     6.4174     9.1712     93.819    279.739    286.602   -0.00336    6.84021    9.77535  298.16885     7.4496   15.39302 5.5617e-02     0.2816     0.5476 0.0000e+00
        555 177.513675    0.03846     2.3080    138.479     70.673  49949.687    31.4114     7.4269     70.000     7.4091    24.5371     6.4050     9.1534     93.575    279.195    286.046   -0.00384    6.84478    9.78187  298.36683     7.4205   15.40247 5.5380e-02     0.2506     0.5592 0.0000e+00
        559 177.513687    0.03876     2.3258    139.551     71.683  49963.637    31.4173     7.4069     71.000     7.3951    24.5445     6.3930     9.1363     93.361    278.674    285.514   -0.00404    6.84766    9.78599  298.49030     7.4004   15.40834 5.5181e-02     0.2247     0.6057 0.0000e+00
        564 177.513700    0.03907     2.3441    140.644     72.692  49967.947    31.4181     7.3960     72.000     7.3850    24.5465     6.3857     9.1258     93.232    278.354    285.187   -0.00367    6.84933    9.78838  298.56238     7.3895   15.41178 5.4980e-02     0.2100     0.6418 0.0000e+00
        568 177.513712    0.03938     2.3626    141.753     73.702  49977.232    31.4227     7.3883     73.000     7.3816    24.5513     6.3799     9.1175     93.133    278.099    284.927   -0.00319    6.85034    9.78983  298.60516     7.3816   15.41380 5.4819e-02     0.2057     0.6602 0.0000e+00
        573 177.513726    0.03969     2.3815    142.891     74.712  49988.589    31.4308     7.3923     74.000     7.3911    24.5572     6.3756     9.1114     93.084    277.911    284.736   -0.00260    6.84935    9.78840  298.55993     7.3856   15.41161 5.4691e-02     0.2433     0.7262 0.0000e+00
        577 177.513738    0.04000     2.3998    143.989     75.722  49991.960    31.4348     7.4048     75.000     7.4033    24.5586     6.3787     9.1158     93.158    278.046    284.874   -0.00151    6.84720    9.78533  298.46599     7.3980   15.40711 5.4560e-02     0.2540     0.7059 0.0000e+00
        581 177.513751    0.04029     2.4174    145.046     76.731  49998.947    31.4410     7.4153     76.000     7.4120    24.5621     6.3807     9.1186     93.213    278.130    284.962   -0.00078    6.84528    9.78258  298.38126     7.4083   15.40304 5.4455e-02     0.2516     0.7148 0.0000e+00
        585 177.513762    0.04058     2.4346    146.073     77.741  50012.814    31.4515     7.4232     77.000     7.4211    24.5692     6.3779     9.1147     93.196    278.006    284.837   -0.00071    6.84356    9.78013  298.30433     7.4162   15.39933 5.4361e-02     0.2474     0.7059 0.0000e+00
        589 177.513774    0.04085     2.4514    147.082     78.751  50021.187    31.4587     7.4339     78.000     7.4331    24.5735     6.3754     9.1110     93.185    277.894    284.722   -0.00066    6.84157    9.77729  298.21630     7.4268   15.39510 5.4272e-02     0.2146     0.6718 0.0000e+00
        593 177.513786    0.04113     2.4681    148.085     79.760  50023.381    31.4619     7.4466     79.000     7.4447    24.5743     6.3751     9.1107     93.211    277.883    284.711   -0.00039    6.83944    9.77423  298.12286     7.4393   15.39063 5.4183e-02     0.1990     0.6604 0.0000e+00
        597 177.513797    0.04142     2.4850    149.100     80.771  50025.250    31.4645     7.4567     80.000     7.4527    24.5749     6.3751     9.1106     93.233    277.880    284.709   -0.00022    6.83774    9.77181  298.04890     7.4494   15.38709 5.4129e-02     0.2005     0.6763 0.0000e+00
        601 177.513809    0.04170     2.5019    150.114     81.780  50026.221    31.4657     7.4625     81.000     7.4564    24.5751     6.3762     9.1123     93.263    277.933    284.763   -0.00006    6.83678    9.77044  298.00679     7.4551   15.38507 5.4080e-02     0.1803     0.5951 0.0000e+00
        606 177.513821    0.04198     2.5190    151.142     82.790  50023.975    31.4638     7.4634     82.000     7.4509    24.5735     6.3821     9.1207     93.351    278.190    285.026    0.00036    6.83672    9.77035  298.00485     7.4559   15.38499 5.4001e-02     0.1559     0.5392 0.0000e+00
        611 177.513837    0.04236     2.5415    152.490     83.800  50004.088    31.4437     7.4289     83.000     7.4009    24.5624     6.3821     9.1206     93.264    278.191    285.024   -0.00021    6.84303    9.77937  298.28317     7.4213   15.39836 5.4012e-02     0.1355     0.5210 0.0000e+00
