CTD-processing/allCTD/CNV/2015_09-24_t9_s01_cast195_5028.cnv
* Sea-Bird SBE19plus Data File:
* FileName = C:\Users\Kris.Holderied\Documents\kasitsna\Research-KBL\Oceanography-AK\CTD-Data-ALL-to-2015-06\2015-CTD-KachemakBay-CookInlet\2015-09-24-CookInlet-HomerSpit-special\2015-09-24-CookInlet-Tran9-cast195.hex
* Software Version 1.59
* Temperature SN =  5028
* Conductivity SN =  5028
* System UpLoad Time = Oct 19 2015 12:31:23
** Cook Inlet LTM Transect 9 Homer Spit special

** Date: 09-24
** Station: 9-01
** Start time (AKDT): 14:29
** Depth (m): 64.3
** Comment:  R/V Edgecumbe
** Comment:
# nquan = 27
# nvalues = 55                          
# units = specified
# name 0 = scan: Scan Count
# name 1 = timeJ: Julian Days
# name 2 = timeH: Time, Elapsed [hours]
# name 3 = timeM: Time, Elapsed [minutes]
# name 4 = timeS: Time, Elapsed [seconds]
# name 5 = prdM: Pressure, Strain Gauge [db]
# name 6 = specc: Specific Conductance [uS/cm]
# name 7 = sal00: Salinity, Practical [PSU]
# name 8 = tv290C: Temperature [ITS-90, deg C]
# name 9 = depSM: Depth [salt water, m], lat = 59.00
# name 10 = potemp090C: Potential Temperature [ITS-90, deg C]
# name 11 = sigma-é00: Density [sigma-theta, kg/m^3]
# name 12 = sbeox0ML/L: Oxygen, SBE 43 [ml/l]
# name 13 = sbeox0Mg/L: Oxygen, SBE 43 [mg/l]
# name 14 = sbeox0PS: Oxygen, SBE 43 [% saturation]
# name 15 = sbox0Mm/Kg: Oxygen, SBE 43 [umol/kg]
# name 16 = sbeox0Mm/L: Oxygen, SBE 43 [umol/l]
# name 17 = sbox0dV/dT: Oxygen, SBE 43 [dov/dt]
# name 18 = oxsolML/L: Oxygen Saturation, Garcia & Gordon [ml/l]
# name 19 = oxsolMg/L: Oxygen Saturation, Garcia & Gordon [mg/l]
# name 20 = oxsolMm/Kg: Oxygen Saturation, Garcia & Gordon [umol/kg]
# name 21 = potemp090C: Potential Temperature [ITS-90, deg C]
# name 22 = n2satMg/L: Nitrogen Saturation [mg/l]
# name 23 = par: PAR/Irradiance, Biospherical/Licor
# name 24 = flECO-AFL: Fluorescence, WET Labs ECO-AFL/FL [mg/m^3]
# name 25 = turbWETntu0: Turbidity, WET Labs ECO [NTU]
# name 26 = flag: flag
# span 0 =        326,        518       
# span 1 = 267.604842, 267.605396       
# span 2 =    0.02258,    0.03588       
# span 3 =     1.3548,     2.1531       
# span 4 =     81.289,    129.184       
# span 5 =      1.010,     55.527       
# span 6 =  46960.865,  49176.203       
# span 7 =    29.6984,    31.1916       
# span 8 =     9.5222,    10.0887       
# span 9 =      1.000,     55.000       
# span 10 =     9.5165,    10.0863      
# span 11 =    22.8424,    24.0565      
# span 12 =     5.1553,     5.7890      
# span 13 =     7.3674,     8.2731      
# span 14 =     79.034,     88.980      
# span 15 =    224.834,    252.627      
# span 16 =    230.234,    258.539      
# span 17 =   -0.02331,    0.01348      
# span 18 =    6.47889,    6.55740      
# span 19 =    9.25898,    9.37118      
# span 20 =  282.67684,  286.31389      
# span 21 =     9.5167,    10.0882      
# span 22 =   14.65569,   14.83379      
# span 23 = 6.7462e-02, 7.9882e+01      
# span 24 =     0.3008,     0.5716      
# span 25 =     0.4277,     1.2887      
# span 26 = 0.0000e+00, 0.0000e+00      
# interval = meters: 1                  
# start_time = Sep 24 2015 14:29:37 [Instrument's time stamp, header]
# bad_flag = -9.990e-29
*END*
        326 267.604842    0.02258     1.3548     81.289      1.010  46960.865    29.6984     9.8312      1.000     9.8736    22.8424     5.7266     8.1839     87.335    250.039    255.751    0.00480    6.55740    9.37118  286.31389     9.8310   14.83379 6.5830e+01     0.5716     0.5457 0.0000e+00
        331 267.604855    0.02292     1.3752     82.510      2.019  47992.954    30.4391     9.9712      2.000    10.0273    23.3976     5.7890     8.2731     88.980    252.627    258.539    0.01348    6.50630    9.29816  283.92863     9.9710   14.71670 5.8273e+01     0.5292     0.5430 0.0000e+00
        335 267.604866    0.02317     1.3905     83.429      3.028  48259.463    30.6369    10.0626      3.000    10.0818    23.5371     5.7415     8.2052     88.535    250.519    256.416    0.00868    6.48498    9.26769  282.95946    10.0623   14.66953 5.7708e+01     0.4664     0.5580 0.0000e+00
        338 267.604876    0.02340     1.4042     84.249      4.038  48313.834    30.6778    10.0887      4.000    10.0863    23.5648     5.5988     8.0013     86.407    244.287    250.044   -0.00655    6.47957    9.25995  282.71528    10.0882   14.65769 6.0245e+01     0.4410     0.5662 0.0000e+00
        341 267.604885    0.02362     1.4176     85.053      5.047  48372.909    30.7181    10.0816      5.000    10.0622    23.5974     5.4550     7.7956     84.196    238.001    243.618   -0.02028    6.47889    9.25898  282.67684    10.0811   14.65569 6.3763e+01     0.4358     0.5774 0.0000e+00
        344 267.604894    0.02385     1.4310     85.858      6.057  48518.840    30.8158    10.0427      6.000    10.0090    23.6798     5.3831     7.6930     83.068    234.849    240.410   -0.02331    6.48036    9.26109  282.71832    10.0420   14.65728 7.1949e+01     0.4378     0.5804 0.0000e+00
        348 267.604904    0.02408     1.4445     86.671      7.066  48658.737    30.9074     9.9913      7.000     9.9693    23.7597     5.3472     7.6416     82.469    233.262    238.804   -0.02155    6.48385    9.26606  282.84813     9.9906   14.66311 7.9882e+01     0.4346     0.5768 0.0000e+00
        351 267.604913    0.02431     1.4583     87.499      8.076  48749.203    30.9667     9.9589      8.000     9.9461    23.8112     5.3161     7.5972     81.963    231.895    237.416   -0.01933    6.48599    9.26912  282.92727     9.9581   14.66666 7.8819e+01     0.4213     0.5801 0.0000e+00
        354 267.604923    0.02454     1.4728     88.369      9.085  48815.936    31.0110     9.9403      9.000     9.9303    23.8488     5.2888     7.5582     81.532    230.696    236.197   -0.01718    6.48679    9.27028  282.95211     9.9393   14.66767 7.0570e+01     0.4055     0.5920 0.0000e+00
        358 267.604934    0.02480     1.4880     89.278     10.094  48867.656    31.0449     9.9236     10.000     9.9125    23.8779     5.2719     7.5341     81.259    229.952    235.444   -0.01432    6.48774    9.27163  282.98539     9.9226   14.66913 5.9994e+01     0.3876     0.5741 0.0000e+00
        362 267.604944    0.02505     1.5029     90.175     11.104  48893.051    31.0602     9.9067     11.000     9.8967    23.8926     5.2613     7.5188     81.073    229.484    234.966   -0.01167    6.48952    9.27418  283.05892     9.9055   14.67258 5.0234e+01     0.3983     0.5642 0.0000e+00
        365 267.604954    0.02529     1.5171     91.028     12.114  48902.494    31.0644     9.8906     12.000     9.8755    23.8985     5.2536     7.5080     80.929    229.151    234.627   -0.00965    6.49163    9.27719  283.14935     9.8893   14.67689 4.2577e+01     0.4046     0.5600 0.0000e+00
        368 267.604963    0.02551     1.5306     91.834     13.123  48915.168    31.0700     9.8674     13.000     9.8478    23.9066     5.2489     7.5013     80.818    228.944    234.418   -0.00802    6.49470    9.28157  283.28082     9.8661   14.68316 3.5798e+01     0.3923     0.5467 0.0000e+00
        371 267.604972    0.02572     1.5435     92.613     14.133  48928.462    31.0750     9.8372     14.000     9.8123    23.9155     5.2464     7.4976     80.729    228.833    234.305   -0.00676    6.49880    9.28744  283.45752     9.8356   14.69159 3.0156e+01     0.3704     0.5282 0.0000e+00
        375 267.604982    0.02594     1.5564     93.383     15.142  48955.305    31.0894     9.8050     15.000     9.7898    23.9319     5.2468     7.4981     80.685    228.844    234.321   -0.00560    6.50280    9.29315  283.62740     9.8033   14.69965 2.5822e+01     0.3626     0.5183 0.0000e+00
        378 267.604990    0.02615     1.5692     94.152     16.152  48971.478    31.0980     9.7868     16.000     9.7777    23.9416     5.2511     7.5043     80.723    229.029    234.512   -0.00420    6.50503    9.29634  283.72194     9.7851   14.70414 2.2157e+01     0.3737     0.5044 0.0000e+00
        381 267.604999    0.02637     1.5820     94.922     17.161  48979.329    31.1018     9.7762     17.000     9.7681    23.9462     5.2588     7.5154     80.826    229.367    234.860   -0.00265    6.50639    9.29828  283.77997     9.7744   14.70690 1.8936e+01     0.3759     0.4938 0.0000e+00
        384 267.605009    0.02659     1.5953     95.720     18.171  48983.100    31.1027     9.7656     18.000     9.7544    23.9486     5.2678     7.5281     80.944    229.754    235.257   -0.00128    6.50789    9.30041  283.84440     9.7636   14.70998 1.6188e+01     0.3724     0.4909 0.0000e+00
        387 267.605018    0.02683     1.6094     96.566     19.180  48994.815    31.1085     9.7502     19.000     9.7427    23.9556     5.2726     7.5352     80.995    229.968    235.476   -0.00059    6.50984    9.30321  283.92784     9.7481   14.71395 1.3851e+01     0.3643     0.4914 0.0000e+00
        391 267.605028    0.02706     1.6239     97.431     20.190  49004.436    31.1141     9.7443     20.000     9.7412    23.9609     5.2718     7.5339     80.974    229.929    235.438   -0.00062    6.51045    9.30408  283.95276     9.7421   14.71512 1.1916e+01     0.3486     0.4838 0.0000e+00
        394 267.605038    0.02730     1.6381     98.289     21.199  48999.442    31.1097     9.7406     21.000     9.7294    23.9581     5.2707     7.5323     80.949    229.881    235.388   -0.00070    6.51116    9.30509  283.98449     9.7384   14.71665 1.0202e+01     0.3553     0.4836 0.0000e+00
        398 267.605048    0.02754     1.6525     99.151     22.210  49009.577    31.1144     9.7256     22.000     9.7174    23.9642     5.2709     7.5327     80.928    229.889    235.398   -0.00072    6.51310    9.30788  284.06780     9.7232   14.72063 8.7592e+00     0.3592     0.4814 0.0000e+00
        401 267.605059    0.02779     1.6675    100.053     23.219  49016.351    31.1177     9.7173     23.000     9.7114    23.9681     5.2733     7.5361     80.952    229.995    235.507   -0.00050    6.51416    9.30939  284.11286     9.7148   14.72276 7.5575e+00     0.3594     0.4693 0.0000e+00
        405 267.605069    0.02805     1.6828    100.969     24.227  49017.469    31.1173     9.7111     24.000     9.7050    23.9688     5.2785     7.5435     81.020    230.221    235.739   -0.00001    6.51507    9.31069  284.15230     9.7085   14.72465 6.5154e+00     0.3576     0.4581 0.0000e+00
        408 267.605079    0.02829     1.6977    101.864     25.238  49018.405    31.1167     9.7049     25.000     9.6986    23.9694     5.2837     7.5509     81.088    230.444    235.968    0.00036    6.51597    9.31198  284.19157     9.7023   14.72653 5.6307e+00     0.3610     0.4487 0.0000e+00
        412 267.605090    0.02853     1.7121    102.728     26.246  49020.357    31.1168     9.6987     26.000     9.6919    23.9705     5.2890     7.5585     81.159    230.678    236.208    0.00063    6.51687    9.31325  284.23014     9.6959   14.72838 4.8823e+00     0.3696     0.4365 0.0000e+00
        415 267.605099    0.02877     1.7261    103.567     27.257  49024.027    31.1181     9.6918     27.000     9.6834    23.9726     5.2960     7.5686     81.255    230.983    236.521    0.00098    6.51780    9.31459  284.27017     9.6889   14.73029 4.2440e+00     0.3542     0.4277 0.0000e+00
        419 267.605109    0.02900     1.7400    104.398     28.266  49037.607    31.1261     9.6835     28.000     9.6786    23.9802     5.3032     7.5789     81.355    231.296    236.843    0.00131    6.51865    9.31581  284.30534     9.6805   14.73193 3.7060e+00     0.3432     0.4324 0.0000e+00
        422 267.605119    0.02924     1.7542    105.253     29.275  49056.111    31.1385     9.6825     29.000     9.6831    23.9901     5.3079     7.5856     81.431    231.497    237.050    0.00141    6.51828    9.31528  284.28630     9.6793   14.73098 3.2259e+00     0.3429     0.4540 0.0000e+00
        426 267.605129    0.02948     1.7691    106.149     30.285  49071.835    31.1503     9.6904     30.000     9.6914    23.9980     5.3033     7.5790     81.381    231.295    236.845    0.00081    6.51665    9.31294  284.21301     9.6872   14.72742 2.7868e+00     0.3440     0.5085 0.0000e+00
        429 267.605140    0.02974     1.7848    107.085     31.294  49076.124    31.1536     9.6963     31.000     9.6936    23.9997     5.2803     7.5461     81.040    230.292    235.818   -0.00134    6.51566    9.31153  284.16957     9.6930   14.72533 2.3787e+00     0.3304     0.5893 0.0000e+00
        433 267.605151    0.03001     1.8006    108.036     32.304  49079.664    31.1558     9.6972     32.000     9.6934    24.0013     5.2411     7.4901     80.442    228.584    234.070   -0.00467    6.51545    9.31124  284.16012     9.6937   14.72487 2.0093e+00     0.3140     0.6665 0.0000e+00
        437 267.605161    0.03027     1.8160    108.960     33.314  49081.898    31.1569     9.6963     33.000     9.6912    24.0022     5.2063     7.4403     79.906    227.064    232.515   -0.00697    6.51552    9.31133  284.16262     9.6928   14.72499 1.6941e+00     0.3086     0.7076 0.0000e+00
        441 267.605173    0.03053     1.8315    109.887     34.324  49086.267    31.1590     9.6920     34.000     9.6831    24.0046     5.1895     7.4163     79.642    226.330    231.763   -0.00689    6.51606    9.31209  284.18540     9.6883   14.72607 1.4239e+00     0.3012     0.7313 0.0000e+00
        444 267.605182    0.03077     1.8466    110.795     35.333  49094.495    31.1629     9.6814     35.000     9.6704    24.0094     5.1821     7.4057     79.511    226.005    231.431   -0.00592    6.51741    9.31403  284.24307     9.6776   14.72881 1.1785e+00     0.3008     0.8124 0.0000e+00
        448 267.605193    0.03102     1.8616    111.693     36.343  49104.257    31.1678     9.6694     36.000     9.6599    24.0151     5.1738     7.3939     79.366    225.643    231.061   -0.00524    6.51894    9.31622  284.30814     9.6655   14.73190 9.6258e-01     0.3079     0.9411 0.0000e+00
        452 267.605204    0.03129     1.8774    112.642     37.353  49108.278    31.1689     9.6591     37.000     9.6488    24.0176     5.1622     7.3773     79.170    225.136    230.542   -0.00506    6.52037    9.31826  284.36967     9.6551   14.73484 7.7654e-01     0.3243     1.0750 0.0000e+00
        456 267.605216    0.03157     1.8943    113.656     38.362  49109.400    31.1674     9.6449     38.000     9.6313    24.0187     5.1553     7.3674     79.039    224.834    230.234   -0.00448    6.52247    9.32125  284.46085     9.6408   14.73921 6.2449e-01     0.3182     1.1459 0.0000e+00
        460 267.605227    0.03185     1.9106    114.636     39.372  49115.241    31.1684     9.6252     39.000     9.6100    24.0226     5.1572     7.3701     79.034    224.917    230.320   -0.00337    6.52525    9.32523  284.58127     9.6210   14.74496 5.0635e-01     0.3170     1.1301 0.0000e+00
        463 267.605238    0.03210     1.9260    115.561     40.381  49129.480    31.1755     9.6055     40.000     9.5934    24.0313     5.1679     7.3854     79.167    225.381    230.796   -0.00178    6.52779    9.32886  284.68947     9.6012   14.75011 4.1377e-01     0.3083     1.1240 0.0000e+00
        467 267.605248    0.03235     1.9410    116.457     41.391  49142.395    31.1825     9.5934     41.000     9.5847    24.0387     5.1796     7.4021     79.329    225.890    231.320   -0.00032    6.52924    9.33094  284.75073     9.5890   14.75301 3.3453e-01     0.3111     1.1951 0.0000e+00
        470 267.605259    0.03259     1.9556    117.334     42.401  49140.511    31.1796     9.5847     42.000     9.5727    24.0379     5.1840     7.4085     79.380    226.084    231.518    0.00014    6.53060    9.33289  284.81058     9.5802   14.75588 2.7008e-01     0.3187     1.2887 0.0000e+00
        474 267.605269    0.03284     1.9704    118.225     43.410  49143.124    31.1792     9.5711     43.000     9.5601    24.0397     5.1803     7.4033     79.300    225.923    231.354   -0.00041    6.53259    9.33572  284.89635     9.5665   14.75999 2.2058e-01     0.3246     1.2560 0.0000e+00
        477 267.605279    0.03309     1.9853    119.119     44.420  49147.235    31.1803     9.5609     44.000     9.5514    24.0423     5.1818     7.4054     79.306    225.988    231.421   -0.00052    6.53400    9.33774  284.95750     9.5562   14.76291 1.8477e-01     0.3361     1.1596 0.0000e+00
        481 267.605289    0.03333     2.0003    120.016     45.430  49146.975    31.1785     9.5521     45.000     9.5412    24.0423     5.1956     7.4250     79.500    226.588    232.036    0.00068    6.53535    9.33967  285.01632     9.5473   14.76573 1.5738e-01     0.3459     1.0801 0.0000e+00
        485 267.605300    0.03359     2.0156    120.934     46.439  49149.347    31.1784     9.5413     46.000     9.5317    24.0439     5.2119     7.4484     79.731    227.300    232.766    0.00189    6.53692    9.34191  285.08425     9.5364   14.76898 1.3775e-01     0.3480     0.9954 0.0000e+00
        488 267.605311    0.03385     2.0311    121.864     47.449  49155.428    31.1813     9.5348     47.000     9.5293    24.0472     5.2285     7.4719     79.974    228.019    233.502    0.00272    6.53773    9.34307  285.11871     9.5298   14.77061 1.2270e-01     0.3501     0.9035 0.0000e+00
        492 267.605322    0.03411     2.0467    122.802     48.459  49154.927    31.1805     9.5343     48.000     9.5277    24.0466     5.2457     7.4966     80.236    228.772    234.273    0.00358    6.53782    9.34320  285.12302     9.5293   14.77082 1.1047e-01     0.3554     0.8585 0.0000e+00
        496 267.605333    0.03437     2.0619    123.715     49.469  49153.146    31.1783     9.5307     49.000     9.5220    24.0455     5.2540     7.5086     80.356    229.136    234.645    0.00339    6.53844    9.34409  285.15042     9.5254   14.77214 1.0035e-01     0.3537     0.8578 0.0000e+00
        499 267.605342    0.03460     2.0764    124.587     50.478  49157.065    31.1799     9.5252     50.000     9.5177    24.0477     5.2567     7.5124     80.388    229.252    234.765    0.00263    6.53918    9.34513  285.18153     9.5198   14.77362 9.2311e-02     0.3579     0.8392 0.0000e+00
        503 267.605353    0.03485     2.0911    125.465     51.488  49163.726    31.1837     9.5222     51.000     9.5165    24.0512     5.2611     7.5186     80.452    229.443    234.961    0.00223    6.53945    9.34552  285.19249     9.5167   14.77413 8.5649e-02     0.3633     0.8270 0.0000e+00
        506 267.605363    0.03510     2.1058    126.349     52.497  49168.602    31.1868     9.5223     52.000     9.5175    24.0535     5.2661     7.5257     80.529    229.658    235.182    0.00208    6.53930    9.34532  285.18560     9.5167   14.77379 7.9947e-02     0.3547     0.8710 0.0000e+00
        510 267.605373    0.03534     2.1203    127.220     53.507  49170.666    31.1880     9.5239     53.000     9.5189    24.0543     5.2640     7.5228     80.501    229.569    235.091    0.00143    6.53901    9.34490  285.17277     9.5183   14.77317 7.4919e-02     0.3454     0.9623 0.0000e+00
