CTD-processing/allCTD/CNV/2015_02-23_t6_s10_cast238_4141.cnv
* Sea-Bird SBE19plus Data File:
* FileName = C:\Users\amdoroff\Desktop\2015_02_23_CookInlet_Tran6_Douglas\2015_02_23_CookInlet_Tran6_cast238.hex
* Software Version 1.59
* Temperature SN =  4141
* Conductivity SN =  4141
* System UpLoad Time = Feb 24 2015 01:44:24
** Cook Inlet LTM Tran6 Douglas W to E
** Date 02-23
** Station: 6-10
** Start Time (AKST): 21:42
** Depth (m): 97
** Comment: Dark.
** Comment: On R/V Pandalus. Transect crossed 23-24 Feb.
# nquan = 27
# nvalues = 95                          
# units = specified
# name 0 = scan: Scan Count
# name 1 = timeJ: Julian Days
# name 2 = timeH: Time, Elapsed [hours]
# name 3 = timeM: Time, Elapsed [minutes]
# name 4 = timeS: Time, Elapsed [seconds]
# name 5 = prdM: Pressure, Strain Gauge [db]
# name 6 = specc: Specific Conductance [uS/cm]
# name 7 = sal00: Salinity, Practical [PSU]
# name 8 = tv290C: Temperature [ITS-90, deg C]
# name 9 = depSM: Depth [salt water, m], lat = 59.00
# name 10 = potemp090C: Potential Temperature [ITS-90, deg C]
# name 11 = sigma-é00: Density [sigma-theta, kg/m^3]
# name 12 = sbeox0ML/L: Oxygen, SBE 43 [ml/l]
# name 13 = sbeox0Mg/L: Oxygen, SBE 43 [mg/l]
# name 14 = sbeox0PS: Oxygen, SBE 43 [% saturation]
# name 15 = sbox0Mm/Kg: Oxygen, SBE 43 [umol/kg]
# name 16 = sbeox0Mm/L: Oxygen, SBE 43 [umol/l]
# name 17 = sbox0dV/dT: Oxygen, SBE 43 [dov/dt]
# name 18 = oxsolML/L: Oxygen Saturation, Garcia & Gordon [ml/l]
# name 19 = oxsolMg/L: Oxygen Saturation, Garcia & Gordon [mg/l]
# name 20 = oxsolMm/Kg: Oxygen Saturation, Garcia & Gordon [umol/kg]
# name 21 = n2satMg/L: Nitrogen Saturation [mg/l]
# name 22 = par: PAR/Irradiance, Biospherical/Licor
# name 23 = wetStar: Fluorescence, WET Labs WETstar [mg/m^3]
# name 24 = CStarAt0: Beam Attenuation, WET Labs C-Star [1/m]
# name 25 = CStarTr0: Beam Transmission, WET Labs C-Star [%]
# name 26 = flag: flag
# span 0 =         39,        687       
# span 1 =  54.904880,  54.906755       
# span 2 =    0.00267,    0.04767       
# span 3 =     0.1603,     2.8602       
# span 4 =      9.620,    171.611       
# span 5 =      1.023,     95.879       
# span 6 =  50472.782,  50756.374       
# span 7 =    31.5580,    31.7733       
# span 8 =     6.0489,     6.3766       
# span 9 =      1.000,     95.000       
# span 10 =     6.0987,     6.3686      
# span 11 =    24.8279,    24.9587      
# span 12 =     6.1606,     6.8400      
# span 13 =     8.8040,     9.7750      
# span 14 =     87.546,     96.878      
# span 15 =    268.461,    298.072      
# span 16 =    275.132,    305.473      
# span 17 =   -0.02884,    0.00177      
# span 18 =    6.99637,    7.06033      
# span 19 =    9.99852,   10.08992      
# span 20 =  304.84961,  307.67570      
# span 21 =   15.71017,   15.84573      
# span 22 = 3.6379e-02, 4.8926e-02      
# span 23 =     0.1819,     0.5860      
# span 24 =     0.3922,     2.6360      
# span 25 =    65.9264,    90.6606      
# span 26 = 0.0000e+00, 0.0000e+00      
# interval = meters: 1                  
# start_time = Feb 23 2015 21:42:52 [Instrument's time stamp, header]
# bad_flag = -9.990e-29
*END*
[from data line 54]
        539  54.906326    0.03739     2.2432    134.592     55.522  50727.497    31.7700     6.3679     55.000     6.3644    24.9567     6.3956     9.1399     91.392    278.671    285.625   -0.00062    6.99792   10.00073  304.91722   15.71340 3.6382e-02     0.5057     0.4014    90.4510 0.0000e+00
        544  54.906339    0.03769     2.2613    135.675     56.531  50726.377    31.7691     6.3695     56.000     6.3648    24.9558     6.3974     9.1425     91.421    278.750    285.706   -0.00044    6.99769   10.00040  304.90762   15.71295 3.6382e-02     0.5104     0.3970    90.5523 0.0000e+00
        549  54.906354    0.03807     2.2839    137.032     57.560  50727.369    31.7693     6.3694     57.000     6.3646    24.9560     6.4015     9.1485     91.481    278.932    285.893    0.00038    6.99771   10.00042  304.90810   15.71297 3.6382e-02     0.5131     0.3952    90.5930 0.0000e+00
        552  54.906364    0.03828     2.2973    137.841     58.570  50728.097    31.7694     6.3695     58.000     6.3649    24.9560     6.4011     9.1478     91.475    278.912    285.873   -0.00017    6.99767   10.00037  304.90660   15.71289 3.6382e-02     0.5043     0.3985    90.5177 0.0000e+00
        555  54.906371    0.03845     2.3072    138.434     59.564  50729.010    31.7695     6.3698     59.000     6.3649    24.9562     6.4070     9.1563     91.560    279.171    286.138    0.00056    6.99763   10.00031  304.90498   15.71282 3.6382e-02     0.5089     0.4140    90.1685 0.0000e+00
        557  54.906378    0.03863     2.3177    139.061     60.556  50730.860    31.7704     6.3699     60.000     6.3653    24.9567     6.4092     9.1595     91.592    279.268    286.236    0.00080    6.99757   10.00022  304.90188   15.71266 3.6382e-02     0.5024     0.4126    90.1996 0.0000e+00
        562  54.906391    0.03893     2.3359    140.152     61.583  50730.409    31.7697     6.3704     61.000     6.3653    24.9562     6.4077     9.1572     91.571    279.201    286.168    0.00027    6.99752   10.00015  304.90015   15.71259 3.6382e-02     0.5169     0.4017    90.4457 0.0000e+00
        566  54.906404    0.03926     2.3552    141.311     62.602  50732.257    31.7705     6.3707     62.000     6.3657    24.9569     6.3999     9.1462     91.461    278.862    285.822   -0.00078    6.99743   10.00002  304.89593   15.71239 3.6382e-02     0.5081     0.3951    90.5962 0.0000e+00
        570  54.906414    0.03949     2.3698    142.188     63.599  50733.694    31.7711     6.3711     63.000     6.3662    24.9573     6.3981     9.1435     91.436    278.783    285.741   -0.00111    6.99734    9.99990  304.89209   15.71220 3.6382e-02     0.5052     0.4014    90.4520 0.0000e+00
        574  54.906426    0.03977     2.3865    143.192     64.619  50734.457    31.7713     6.3719     64.000     6.3666    24.9573     6.3990     9.1448     91.451    278.820    285.779   -0.00069    6.99720    9.99970  304.88582   15.71190 3.6382e-02     0.5219     0.3976    90.5395 0.0000e+00
        577  54.906436    0.04001     2.4008    144.049     65.631  50734.653    31.7710     6.3720     65.000     6.3667    24.9571     6.3988     9.1446     91.448    278.812    285.770   -0.00053    6.99719    9.99969  304.88542   15.71188 3.6382e-02     0.5118     0.4004    90.4744 0.0000e+00
        580  54.906444    0.04021     2.4126    144.755     66.627  50735.659    31.7713     6.3723     66.000     6.3667    24.9573     6.3987     9.1444     91.448    278.809    285.767   -0.00061    6.99714    9.99961  304.88315   15.71178 3.6382e-02     0.5014     0.4105    90.2454 0.0000e+00
        583  54.906454    0.04045     2.4269    145.617     67.631  50735.244    31.7705     6.3721     67.000     6.3665    24.9567     6.4016     9.1487     91.489    278.938    285.900   -0.00023    6.99720    9.99970  304.88603   15.71191 3.6382e-02     0.5169     0.4026    90.4248 0.0000e+00
        589  54.906469    0.04081     2.4488    146.930     68.662  50736.952    31.7712     6.3723     68.000     6.3667    24.9573     6.4026     9.1499     91.503    278.977    285.940   -0.00015    6.99714    9.99960  304.88311   15.71177 3.6382e-02     0.5004     0.3947    90.6040 0.0000e+00
        593  54.906481    0.04109     2.4657    147.942     69.678  50738.160    31.7716     6.3725     69.000     6.3667    24.9575     6.4076     9.1570     91.574    279.192    286.160    0.00050    6.99708    9.99954  304.88080   15.71166 3.6382e-02     0.5136     0.4015    90.4477 0.0000e+00
        595  54.906488    0.04126     2.4759    148.552     70.677  50738.194    31.7711     6.3725     70.000     6.3667    24.9573     6.4065     9.1554     91.558    279.145    286.111    0.00022    6.99710    9.99956  304.88175   15.71171 3.6382e-02     0.5021     0.4097    90.2650 0.0000e+00
        598  54.906495    0.04143     2.4859    149.156     71.673  50737.964    31.7705     6.3726     71.000     6.3666    24.9567     6.4077     9.1573     91.577    279.202    286.170    0.00002    6.99712    9.99958  304.88245   15.71174 3.6382e-02     0.5029     0.4106    90.2425 0.0000e+00
        601  54.906504    0.04164     2.4984    149.902     72.679  50739.125    31.7709     6.3727     72.000     6.3667    24.9570     6.4074     9.1569     91.573    279.189    286.156    0.00007    6.99709    9.99954  304.88110   15.71168 3.6382e-02     0.4950     0.4068    90.3320 0.0000e+00
        605  54.906517    0.04197     2.5183    151.097     73.700  50739.469    31.7707     6.3728     73.000     6.3667    24.9568     6.4042     9.1523     91.527    279.050    286.014   -0.00048    6.99708    9.99953  304.88082   15.71167 3.6382e-02     0.5098     0.3989    90.5087 0.0000e+00
        611  54.906532    0.04233     2.5398    152.386     74.722  50741.412    31.7715     6.3728     74.000     6.3666    24.9575     6.4053     9.1538     91.543    279.094    286.059   -0.00024    6.99704    9.99947  304.87881   15.71157 3.6382e-02     0.5107     0.3941    90.6161 0.0000e+00
        614  54.906542    0.04257     2.5539    153.235     75.725  50743.132    31.7723     6.3731     75.000     6.3672    24.9581     6.4049     9.1532     91.537    279.077    286.041   -0.00033    6.99697    9.99937  304.87540   15.71141 3.6382e-02     0.5060     0.4027    90.4225 0.0000e+00
        617  54.906551    0.04278     2.5667    154.004     76.728  50742.523    31.7715     6.3737     76.000     6.3674    24.9574     6.4035     9.1513     91.520    279.017    285.981   -0.00046    6.99690    9.99926  304.87246   15.71126 3.6382e-02     0.5042     0.4023    90.4311 0.0000e+00
        620  54.906561    0.04301     2.5803    154.818     77.744  50743.567    31.7718     6.3738     77.000     6.3673    24.9576     6.4038     9.1516     91.524    279.028    285.993   -0.00058    6.99686    9.99922  304.87116   15.71121 3.6382e-02     0.5112     0.4022    90.4333 0.0000e+00
        623  54.906569    0.04322     2.5934    155.602     78.752  50743.136    31.7710     6.3738     78.000     6.3671    24.9571     6.4068     9.1561     91.567    279.164    286.131   -0.00011    6.99692    9.99929  304.87331   15.71131 3.6382e-02     0.4910     0.4038    90.3992 0.0000e+00
        626  54.906578    0.04343     2.6061    156.365     79.756  50745.818    31.7724     6.3740     79.000     6.3676    24.9582     6.4079     9.1576     91.584    279.211    286.180    0.00002    6.99681    9.99912  304.86821   15.71106 3.6382e-02     0.5111     0.4063    90.3423 0.0000e+00
        630  54.906589    0.04368     2.6210    157.261     80.765  50745.857    31.7721     6.3743     80.000     6.3676    24.9578     6.4088     9.1589     91.597    279.249    286.218    0.00003    6.99678    9.99909  304.86703   15.71101 3.6382e-02     0.5087     0.4038    90.3972 0.0000e+00
        635  54.906602    0.04400     2.6398    158.390     81.782  50745.896    31.7716     6.3743     81.000     6.3674    24.9575     6.4029     9.1504     91.512    278.990    285.953   -0.00078    6.99680    9.99913  304.86825   15.71106 3.6382e-02     0.5071     0.4033    90.4093 0.0000e+00
        639  54.906614    0.04430     2.6579    159.473     82.798  50744.912    31.7704     6.3742     82.000     6.3672    24.9566     6.4067     9.1560     91.566    279.161    286.127   -0.00035    6.99687    9.99923  304.87161   15.71123 3.6382e-02     0.5135     0.3982    90.5258 0.0000e+00
        642  54.906624    0.04453     2.6718    160.308     83.797  50747.281    31.7716     6.3741     83.000     6.3673    24.9576     6.4153     9.1682     91.689    279.534    286.510    0.00078    6.99682    9.99916  304.86927   15.71111 3.6382e-02     0.5032     0.4017    90.4468 0.0000e+00
        646  54.906634    0.04478     2.6868    161.206     84.811  50748.447    31.7720     6.3744     84.000     6.3674    24.9577     6.4145     9.1669     91.677    279.494    286.470    0.00060    6.99675    9.99906  304.86627   15.71097 3.6382e-02     0.5272     0.3999    90.4854 0.0000e+00
        649  54.906645    0.04502     2.7015    162.088     85.822  50748.889    31.7718     6.3745     85.000     6.3673    24.9576     6.4096     9.1600     91.609    279.284    286.255   -0.00043    6.99675    9.99906  304.86614   15.71096 3.6382e-02     0.5075     0.4016    90.4464 0.0000e+00
        653  54.906654    0.04526     2.7154    162.923     86.831  50750.062    31.7721     6.3745     86.000     6.3674    24.9579     6.4137     9.1657     91.666    279.459    286.434    0.00004    6.99673    9.99903  304.86531   15.71092 3.6382e-02     0.5082     0.4025    90.4258 0.0000e+00
        656  54.906664    0.04549     2.7289    163.735     87.838  50750.456    31.7719     6.3746     87.000     6.3673    24.9578     6.4163     9.1694     91.703    279.572    286.549    0.00039    6.99672    9.99902  304.86504   15.71091 3.6382e-02     0.5077     0.4054    90.3607 0.0000e+00
        660  54.906674    0.04573     2.7439    164.632     88.841  50749.639    31.7709     6.3746     88.000     6.3672    24.9570     6.4147     9.1673     91.682    279.507    286.483   -0.00004    6.99677    9.99908  304.86725   15.71102 3.6382e-02     0.5187     0.4030    90.4169 0.0000e+00
        664  54.906688    0.04607     2.7645    165.869     89.864  50749.545    31.7703     6.3745     89.000     6.3666    24.9566     6.4095     9.1597     91.605    279.276    286.247   -0.00068    6.99681    9.99915  304.86929   15.71112 3.6382e-02     0.4980     0.3957    90.5807 0.0000e+00
        669  54.906700    0.04636     2.7814    166.883     90.878  50753.372    31.7724     6.3738     90.000     6.3671    24.9583     6.4013     9.1479     91.487    278.916    285.878   -0.00166    6.99684    9.99918  304.86966   15.71113 3.6382e-02     0.5184     0.3990    90.5048 0.0000e+00
        672  54.906709    0.04657     2.7940    167.641     91.875  50754.678    31.7731     6.3753     91.000     6.3679    24.9586     6.4048     9.1531     91.542    279.072    286.038   -0.00105    6.99657    9.99879  304.85791   15.71057 3.6382e-02     0.5060     0.4014    90.4521 0.0000e+00
        675  54.906719    0.04680     2.8080    168.479     92.884  50753.654    31.7720     6.3756     92.000     6.3680    24.9577     6.4103     9.1609     91.621    279.313    286.284   -0.00006    6.99657    9.99880  304.85826   15.71059 3.6382e-02     0.5045     0.4011    90.4573 0.0000e+00
        679  54.906730    0.04707     2.8245    169.469     93.898  50756.154    31.7733     6.3759     93.000     6.3684    24.9587     6.4142     9.1665     91.678    279.481    286.457    0.00031    6.99645    9.99863  304.85289   15.71032 3.6382e-02     0.5139     0.3984    90.5198 0.0000e+00
        683  54.906742    0.04736     2.8416    170.497     94.909  50755.909    31.7727     6.3764     94.000     6.3686    24.9582     6.4157     9.1687     91.700    279.549    286.526    0.00045    6.99639    9.99855  304.85044   15.71021 3.6382e-02     0.5071     0.3992    90.5011 0.0000e+00
        687  54.906755    0.04767     2.8602    171.611     95.879  50756.374    31.7726     6.3766     95.000     6.3685    24.9581     6.4104     9.1612     91.625    279.320    286.291   -0.00053    6.99637    9.99852  304.84961   15.71017 3.6382e-02     0.5106     0.3975    90.5404 0.0000e+00
