CTD-processing/allCTD/CNV/2015_04-12_t3_s05_cast052_5028.cnv
* Sea-Bird SBE19plus Data File:
* FileName = C:\Users\kris.holderied\Documents\kasitsna\Research-Projects-and-Data\Oceanography-AK\CTD-Data-ALL-to-2015-02\2015-CTD-KachemakBay-CookInlet\2015-04-EVOSTC-CookInlet-quarterly\2015-04-12-CookInlet-Tran3-AnchorPt\20125_04_12_CookInlet_Tran3_cast052.hex
* Software Version 1.59
* Temperature SN =  5028
* Conductivity SN =  5028
* System UpLoad Time = Apr 12 2015 19:54:26
** Cook Inlet LTM Tran3 (Anchor Pt) Southeast to Northwest
** Date: 04-12
** Station: 3-05
** Start time (AKDT):  18:22
** Depth (m): 24
** Comment:  KBL CTD.
** Comment: On R/V Pandalus.
# nquan = 27
# nvalues = 24                          
# units = specified
# name 0 = scan: Scan Count
# name 1 = timeJ: Julian Days
# name 2 = timeH: Time, Elapsed [hours]
# name 3 = timeM: Time, Elapsed [minutes]
# name 4 = timeS: Time, Elapsed [seconds]
# name 5 = prdM: Pressure, Strain Gauge [db]
# name 6 = specc: Specific Conductance [uS/cm]
# name 7 = sal00: Salinity, Practical [PSU]
# name 8 = tv290C: Temperature [ITS-90, deg C]
# name 9 = depSM: Depth [salt water, m], lat = 59.00
# name 10 = potemp090C: Potential Temperature [ITS-90, deg C]
# name 11 = sigma-é00: Density [sigma-theta, kg/m^3]
# name 12 = sbeox0ML/L: Oxygen, SBE 43 [ml/l]
# name 13 = sbeox0Mg/L: Oxygen, SBE 43 [mg/l]
# name 14 = sbeox0PS: Oxygen, SBE 43 [% saturation]
# name 15 = sbox0Mm/Kg: Oxygen, SBE 43 [umol/kg]
# name 16 = sbeox0Mm/L: Oxygen, SBE 43 [umol/l]
# name 17 = sbox0dV/dT: Oxygen, SBE 43 [dov/dt]
# name 18 = oxsolML/L: Oxygen Saturation, Garcia & Gordon [ml/l]
# name 19 = oxsolMg/L: Oxygen Saturation, Garcia & Gordon [mg/l]
# name 20 = oxsolMm/Kg: Oxygen Saturation, Garcia & Gordon [umol/kg]
# name 21 = potemp090C: Potential Temperature [ITS-90, deg C]
# name 22 = n2satMg/L: Nitrogen Saturation [mg/l]
# name 23 = par: PAR/Irradiance, Biospherical/Licor
# name 24 = flECO-AFL: Fluorescence, WET Labs ECO-AFL/FL [mg/m^3]
# name 25 = turbWETntu0: Turbidity, WET Labs ECO [NTU]
# name 26 = flag: flag
# span 0 =        136,        378       
# span 1 = 102.765831, 102.766530       
# span 2 =    0.00938,    0.02615       
# span 3 =     0.5628,     1.5692       
# span 4 =     33.768,     94.152       
# span 5 =      1.010,     24.228       
# span 6 =  49295.408,  49733.702       
# span 7 =    30.1050,    30.4959       
# span 8 =     3.0600,     3.5256       
# span 9 =      1.000,     24.000       
# span 10 =     3.0978,     3.5244      
# span 11 =    23.9726,    24.2478      
# span 12 =     6.5876,     7.1393      
# span 13 =     9.4143,    10.2027      
# span 14 =     86.079,     94.191      
# span 15 =    287.267,    311.308      
# span 16 =    294.202,    318.839      
# span 17 =   -0.00001,    0.03468      
# span 18 =    7.55611,    7.65878      
# span 19 =   10.79843,   10.94516      
# span 20 =  329.46713,  334.03371      
# span 21 =     3.0599,     3.5242      
# span 22 =   16.88688,   17.10536      
# span 23 = 3.7976e-02, 3.9382e+01      
# span 24 =     0.2332,     0.3000      
# span 25 =     6.1874,    15.2092      
# span 26 = 0.0000e+00, 0.0000e+00      
# interval = meters: 1                  
# start_time = Apr 12 2015 18:22:14 [Instrument's time stamp, header]
# bad_flag = -9.990e-29
*END*
        136 102.765831    0.00938     0.5628     33.768      1.010  49295.408    30.1050     3.0882      1.000     3.0978    23.9726     6.8022     9.7211     88.817    296.678    303.789    0.01543    7.65878   10.94516  334.03371     3.0881   17.10536 3.9382e+01     0.2332     6.5344 0.0000e+00
        294 102.766287    0.02033     1.2195     73.170      2.018  49616.592    30.3131     3.0600      2.000     3.1371    24.1407     6.5876     9.4143     86.079    287.267    294.202    0.01581    7.65332   10.93736  333.74071     3.0599   17.09060 1.5822e+01     0.2374     6.1874 0.0000e+00
        294 102.766288    0.02034     1.2205     73.229      3.029  49544.272    30.2888     3.1594      3.000     3.1998    24.1134     6.7018     9.5777     87.775    292.259    299.306    0.02119    7.63565   10.91210  332.97896     3.1593   17.05453 7.6645e+00     0.2397     6.2069 0.0000e+00
        297 102.766296    0.02056     1.2336     74.014      4.038  49580.157    30.3279     3.2216      4.000     3.2648    24.1394     6.8591     9.8024     89.997    299.109    306.330    0.02848    7.62183   10.89235  332.36783     3.2214   17.02534 3.5522e+00     0.2499     6.5325 0.0000e+00
        301 102.766307    0.02081     1.2485     74.912      5.047  49647.227    30.3927     3.3033      5.000     3.3466    24.1843     7.0219    10.0351     92.360    306.194    313.599    0.03468    7.60303   10.86549  331.53356     3.3030   16.98545 1.3574e+00     0.2494     7.6572 0.0000e+00
        304 102.766318    0.02106     1.2639     75.833      6.057  49639.678    30.4038     3.3720      6.000     3.3923    24.1874     7.1128    10.1649     93.720    310.154    317.656    0.03435    7.58955   10.84622  330.94440     3.3716   16.95743 4.9948e-01     0.2476     9.4272 0.0000e+00
        308 102.766327    0.02129     1.2773     76.639      7.066  49638.738    30.4103     3.4032      7.000     3.4137    24.1899     7.1393    10.2027     94.145    311.308    318.839    0.02984    7.58333   10.83734  330.67256     3.4028   16.94449 1.8048e-01     0.2647    10.5757 0.0000e+00
        310 102.766335    0.02148     1.2884     77.304      8.076  49640.929    30.4147     3.4169      8.000     3.4240    24.1922     7.1356    10.1975     94.130    311.148    318.676    0.02470    7.58053   10.83334  330.54997     3.4165   16.93865 7.8111e-02     0.2913    11.0442 0.0000e+00
        313 102.766342    0.02165     1.2987     77.924      9.085  49650.221    30.4227     3.4261      9.000     3.4338    24.1978     7.1286    10.1876     94.065    310.845    318.366    0.02030    7.57839   10.83028  330.45459     3.4257   16.93408 4.8053e-02     0.3000    11.3919 0.0000e+00
        315 102.766349    0.02183     1.3096     78.575     10.094  49663.545    30.4337     3.4370     10.000     3.4449    24.2058     7.1229    10.1793     94.021    310.588    318.107    0.01657    7.57579   10.82656  330.33858     3.4365   16.92853 4.0662e-02     0.2971    11.7363 0.0000e+00
        319 102.766359    0.02205     1.3230     79.381     11.104  49668.544    30.4396     3.4495     11.000     3.4552    24.2094     7.1176    10.1718     93.985    310.359    317.872    0.01300    7.57313   10.82277  330.22167     3.4489   16.92295 3.8634e-02     0.2816    12.0702 0.0000e+00
        324 102.766373    0.02240     1.3438     80.629     12.113  49688.720    30.4569     3.4665     12.000     3.4734    24.2217     7.1149    10.1679     93.999    310.235    317.749    0.00918    7.56908   10.81697  330.04091     3.4658   16.91429 3.8038e-02     0.2857    12.4692 0.0000e+00
        328 102.766387    0.02273     1.3636     81.816     13.123  49694.420    30.4644     3.4835     13.000     3.4870    24.2261     7.1158    10.1691     94.055    310.274    317.791    0.00675    7.56552   10.81189  329.88442     3.4827   16.90683 3.7977e-02     0.2913    13.0393 0.0000e+00
        332 102.766397    0.02297     1.3779     82.674     14.132  49709.931    30.4765     3.4921     14.000     3.4973    24.2350     7.1144    10.1671     94.064    310.210    317.728    0.00533    7.56329   10.80870  329.78424     3.4913   16.90202 3.7977e-02     0.2893    13.7331 0.0000e+00
        336 102.766408    0.02323     1.3940     83.642     15.142  49710.060    30.4784     3.5022     15.000     3.5040    24.2357     7.1133    10.1656     94.075    310.164    317.681    0.00405    7.56131   10.80587  329.69756     3.5013   16.89789 3.7976e-02     0.2869    14.0777 0.0000e+00
        341 102.766423    0.02357     1.4146     84.876     16.152  49714.098    30.4820     3.5079     16.000     3.5088    24.2381     7.1105    10.1617     94.054    310.042    317.556    0.00271    7.56006   10.80408  329.64244     3.5069   16.89526 3.7976e-02     0.2873    14.4952 0.0000e+00
        345 102.766436    0.02390     1.4341     86.046     17.161  49721.854    30.4880     3.5130     17.000     3.5140    24.2424     7.1093    10.1599     94.053    309.985    317.500    0.00184    7.55881   10.80229  329.58630     3.5120   16.89257 3.7976e-02     0.2824    14.7389 0.0000e+00
        350 102.766449    0.02422     1.4527     87.163     18.170  49721.177    30.4878     3.5162     18.000     3.5158    24.2420     7.1153    10.1685     94.140    310.250    317.771    0.00174    7.55821   10.80144  329.56037     3.5152   16.89134 3.7976e-02     0.2873    14.7724 0.0000e+00
        355 102.766464    0.02458     1.4748     88.488     19.180  49722.165    30.4883     3.5178     19.000     3.5169    24.2423     7.1152    10.1684     94.143    310.245    317.766    0.00118    7.55789   10.80098  329.54641     3.5167   16.89067 3.7976e-02     0.2888    14.7979 0.0000e+00
        360 102.766478    0.02491     1.4948     89.687     20.190  49724.097    30.4893     3.5183     20.000     3.5177    24.2430     7.1105    10.1616     94.082    310.038    317.554    0.00044    7.55775   10.80078  329.54017     3.5171   16.89037 3.7976e-02     0.2944    14.8470 0.0000e+00
        363 102.766488    0.02516     1.5094     90.561     21.199  49729.033    30.4924     3.5197     21.000     3.5202    24.2454     7.1125    10.1644     94.114    310.124    317.644    0.00041    7.55733   10.80018  329.52081     3.5185   16.88944 3.7976e-02     0.2886    14.8863 0.0000e+00
        367 102.766498    0.02539     1.5231     91.388     22.209  49733.702    30.4959     3.5229     22.000     3.5235    24.2478     7.1163    10.1698     94.173    310.288    317.812    0.00059    7.55655   10.79906  329.48608     3.5217   16.88777 3.7976e-02     0.2969    14.8878 0.0000e+00
        371 102.766511    0.02570     1.5422     92.530     23.218  49732.231    30.4950     3.5255     23.000     3.5244    24.2470     7.1172    10.1712     94.191    310.329    317.853    0.00048    7.55611   10.79843  329.46713     3.5242   16.88688 3.7976e-02     0.2942    15.1368 0.0000e+00
        378 102.766530    0.02615     1.5692     94.152     24.228  49732.441    30.4947     3.5256     24.000     3.5243    24.2467     7.1137    10.1661     94.145    310.176    317.697   -0.00001    7.55611   10.79844  329.46730     3.5242   16.88689 3.7976e-02     0.2903    15.2092 0.0000e+00
