CTD-processing/allCTD/CNV/2015_08-14_t4_s01_cast168_5028.cnv
* Sea-Bird SBE19plus Data File:
* FileName = C:\Users\Kris.Holderied\Documents\kasitsna\Research-KBL\Oceanography-AK\CTD-Data-ALL-to-2015-06\2015-CTD-KachemakBay-CookInlet\2015-08-14-CookInlet-east-and-KachemakBay\2015-08-14-CookInlet-east-and_KBay-cast168.hex
* Software Version 1.59
* Temperature SN =  5028
* Conductivity SN =  5028
* System UpLoad Time = Sep 24 2015 11:39:20
** Cook Inlet East side (T6/T7), along Kachemak Bay to Spit, T9 batch upload
** Date (YYYY-MM-DD): 2015-08-14
** Station (ie. 9-01):  4-01
** Start time (AKDT): 15:53
** Depth (m): 20
** Comment:  Nuka R/V Johanna Rose
** Comment:
# nquan = 27
# nvalues = 20                          
# units = specified
# name 0 = scan: Scan Count
# name 1 = timeJ: Julian Days
# name 2 = timeH: Time, Elapsed [hours]
# name 3 = timeM: Time, Elapsed [minutes]
# name 4 = timeS: Time, Elapsed [seconds]
# name 5 = prdM: Pressure, Strain Gauge [db]
# name 6 = specc: Specific Conductance [uS/cm]
# name 7 = sal00: Salinity, Practical [PSU]
# name 8 = tv290C: Temperature [ITS-90, deg C]
# name 9 = depSM: Depth [salt water, m], lat = 59.00
# name 10 = potemp090C: Potential Temperature [ITS-90, deg C]
# name 11 = sigma-é00: Density [sigma-theta, kg/m^3]
# name 12 = sbeox0ML/L: Oxygen, SBE 43 [ml/l]
# name 13 = sbeox0Mg/L: Oxygen, SBE 43 [mg/l]
# name 14 = sbeox0PS: Oxygen, SBE 43 [% saturation]
# name 15 = sbox0Mm/Kg: Oxygen, SBE 43 [umol/kg]
# name 16 = sbeox0Mm/L: Oxygen, SBE 43 [umol/l]
# name 17 = sbox0dV/dT: Oxygen, SBE 43 [dov/dt]
# name 18 = oxsolML/L: Oxygen Saturation, Garcia & Gordon [ml/l]
# name 19 = oxsolMg/L: Oxygen Saturation, Garcia & Gordon [mg/l]
# name 20 = oxsolMm/Kg: Oxygen Saturation, Garcia & Gordon [umol/kg]
# name 21 = potemp090C: Potential Temperature [ITS-90, deg C]
# name 22 = n2satMg/L: Nitrogen Saturation [mg/l]
# name 23 = par: PAR/Irradiance, Biospherical/Licor
# name 24 = flECO-AFL: Fluorescence, WET Labs ECO-AFL/FL [mg/m^3]
# name 25 = turbWETntu0: Turbidity, WET Labs ECO [NTU]
# name 26 = flag: flag
# span 0 =        188,        411       
# span 1 = 226.663968, 226.664612       
# span 2 =    0.01300,    0.02849       
# span 3 =     0.7798,     1.7097       
# span 4 =     46.787,    102.582       
# span 5 =      1.009,     20.189       
# span 6 =  48047.511,  48737.471       
# span 7 =    30.6615,    31.0662       
# span 8 =    10.8583,    11.5049       
# span 9 =      1.000,     20.000       
# span 10 =    10.8549,    11.4822      
# span 11 =    23.3117,    23.7350      
# span 12 =     5.4957,     6.3244      
# span 13 =     7.8539,     9.0382      
# span 14 =     87.423,    100.474      
# span 15 =    239.841,    275.929      
# span 16 =    245.440,    282.449      
# span 17 =   -0.01692,    0.00111      
# span 18 =    6.28531,    6.35695      
# span 19 =    8.98233,    9.08472      
# span 20 =  274.31214,  277.32105      
# span 21 =    10.8566,    11.5047      
# span 22 =   14.25547,   14.39800      
# span 23 = 8.3403e+00, 4.5169e+02      
# span 24 =     0.9600,     1.8463      
# span 25 =    -0.0277,     3.9680      
# span 26 = 0.0000e+00, 0.0000e+00      
# interval = meters: 1                  
# start_time = Aug 14 2015 15:55:20 [Instrument's time stamp, header]
# bad_flag = -9.990e-29
*END*
        188 226.663968    0.01300     0.7798     46.787      1.009  48047.511    30.6615    11.5049      1.000    11.4822    23.3117     5.4957     7.8539     87.423    239.841    245.440    0.00111    6.28531    8.98233  274.31214    11.5047   14.25547 4.5169e+02     0.9917     3.9680 0.0000e+00
        344 226.664417    0.02379     1.4271     85.626      2.019  48618.105    31.0343    11.3209      2.000    11.3102    23.6331     6.3244     9.0382    100.474    275.929    282.449    0.00071    6.29483    8.99595  274.63621    11.3206   14.26947 4.0255e+02     0.9600    -0.0277 0.0000e+00
        333 226.664387    0.02308     1.3846     83.077      3.028  48567.085    30.9974    11.3072      3.000    11.2945    23.6069     6.2417     8.9201     99.103    272.325    278.754   -0.00004    6.29818    9.00073  274.78982    11.3069   14.27699 3.0274e+02     1.0169     0.3816 0.0000e+00
        338 226.664400    0.02338     1.4031     84.185      4.038  48568.995    30.9954    11.2796      4.000    11.2653    23.6102     6.2388     8.9159     98.998    272.200    278.627   -0.00077    6.30198    9.00616  274.95483    11.2791   14.28490 2.3546e+02     1.1072     0.4052 0.0000e+00
        342 226.664414    0.02370     1.4220     85.322      5.048  48575.755    30.9964    11.2494      5.000    11.2383    23.6164     6.2385     8.9154     98.929    272.181    278.610   -0.00109    6.30601    9.01192  275.12900    11.2488   14.29324 1.9019e+02     1.2465     0.3871 0.0000e+00
        347 226.664426    0.02402     1.4409     86.453      6.057  48584.893    31.0005    11.2314      6.000    11.2271    23.6227     6.2417     8.9201     98.945    272.323    278.756   -0.00074    6.30828    9.01517  275.22628    11.2307   14.29789 1.5327e+02     1.4671     0.3722 0.0000e+00
        351 226.664440    0.02433     1.4596     87.573      7.067  48586.570    31.0006    11.2248      7.000    11.2216    23.6240     6.2499     8.9317     99.061    272.680    279.121    0.00010    6.30918    9.01645  275.26506    11.2239   14.29974 1.2301e+02     1.6756     0.3647 0.0000e+00
        356 226.664452    0.02464     1.4784     88.702      8.076  48586.500    30.9996    11.2199      8.000    11.2165    23.6241     6.2592     8.9451     99.197    273.085    279.536    0.00089    6.30987    9.01743  275.29518    11.2190   14.30119 1.0019e+02     1.7717     0.3771 0.0000e+00
        360 226.664466    0.02495     1.4969     89.813      9.085  48580.773    30.9943    11.2122      9.000    11.2000    23.6213     6.2650     8.9532     99.268    273.336    279.792    0.00095    6.31114    9.01924  275.35116    11.2111   14.30389 8.0786e+01     1.8463     0.4071 0.0000e+00
        365 226.664478    0.02526     1.5156     90.939     10.095  48552.817    30.9695    11.1697     10.000    11.1131    23.6094     6.2709     8.9618     99.258    273.602    280.062    0.00061    6.31789    9.02890  275.64911    11.1685   14.31826 6.5103e+01     1.8269     0.4401 0.0000e+00
        369 226.664491    0.02557     1.5340     92.038     11.104  48598.351    30.9863    11.0348     11.000    10.9791    23.6460     6.2484     8.9297     98.627    272.610    279.056   -0.00316    6.33555    9.05413  276.40953    11.0334   14.35461 5.3194e+01     1.6486     0.4261 0.0000e+00
        374 226.664504    0.02587     1.5526     93.159     12.113  48669.543    31.0249    10.9334     12.000    10.9079    23.6936     6.1675     8.8140     97.161    269.068    275.443   -0.01113    6.34780    9.07164  276.93128    10.9320   14.37944 4.3173e+01     1.5378     0.4117 0.0000e+00
        378 226.664517    0.02619     1.5714     94.284     13.123  48701.124    31.0418    10.8894     13.000    10.8777    23.7144     6.0793     8.6880     95.691    265.215    271.504   -0.01692    6.35313    9.07926  277.15821    10.8879   14.39024 3.5352e+01     1.5045     0.4230 0.0000e+00
        383 226.664530    0.02651     1.5904     95.426     14.132  48713.306    31.0479    10.8705     14.000    10.8625    23.7224     6.0295     8.6168     94.871    263.038    269.278   -0.01669    6.35548    9.08262  277.25860    10.8688   14.39503 2.8696e+01     1.4588     0.4429 0.0000e+00
        387 226.664543    0.02681     1.6087     96.524     15.142  48722.486    31.0526    10.8583     15.000    10.8549    23.7281     6.0109     8.5902     94.556    262.224    268.446   -0.01335    6.35695    9.08472  277.32105    10.8566   14.39800 2.3372e+01     1.4011     0.4402 0.0000e+00
        391 226.664556    0.02711     1.6269     97.614     16.152  48735.772    31.0618    10.8605     16.000    10.8690    23.7350     6.0030     8.5789     94.442    261.880    268.095   -0.00992    6.35628    9.08377  277.29006    10.8586   14.39648 1.9049e+01     1.3354     0.4292 0.0000e+00
        396 226.664569    0.02743     1.6460     98.762     17.160  48737.471    31.0662    10.8911     17.000    10.9031    23.7331     6.0026     8.5783     94.501    261.863    268.077   -0.00623    6.35191    9.07752  277.09985    10.8892   14.38736 1.5414e+01     1.3275     0.4577 0.0000e+00
        401 226.664582    0.02775     1.6647     99.885     18.171  48720.215    31.0563    10.9155     18.000    10.9161    23.7212     6.0066     8.5839     94.606    262.035    268.251   -0.00358    6.34898    9.07332  276.97518    10.9134   14.38143 1.2498e+01     1.3489     0.5038 0.0000e+00
        406 226.664597    0.02809     1.6855    101.130     19.181  48719.596    31.0558    10.9188     19.000    10.9164    23.7203     6.0121     8.5919     94.701    262.279    268.501   -0.00175    6.34855    9.07271  276.95655    10.9166   14.38054 1.0237e+01     1.3060     0.4902 0.0000e+00
        411 226.664612    0.02849     1.7097    102.582     20.189  48720.198    31.0558    10.9183     20.000    10.9162    23.7203     6.0151     8.5963     94.748    262.415    268.639   -0.00078    6.34860    9.07279  276.95898    10.9160   14.38066 8.3403e+00     1.2238     0.4463 0.0000e+00
