CTD-processing/allCTD/CNV/2015_11-04_t4_s05_cast025_5028.cnv
* Sea-Bird SBE19plus Data File:
* FileName = C:\Users\Kris.Holderied\Documents\kasitsna\Research-KBL\Oceanography-AK\CTD-Data-ALL-to-2015-10\2015-CTD-KachemakBay-CookInlet\2015-11-EVOSTC-CookInlet-quarterly\2015-11-04-CookInlet-Tran4-Barabara\2015-11-04-CookInlet-Tran4-cast025.hex
* Software Version 1.59
* Temperature SN =  5028
* Conductivity SN =  5028
* System UpLoad Time = Nov 04 2015 19:09:34
** Cook Inlet LTM Tran4 Barabara North to South

** Date: 11-04
** Station: 4-05
** Start time (AKST): 17:07
** Depth (m): 76.4
** Comment: M/V Ursus.
** Comment:
# nquan = 27
# nvalues = 76                          
# units = specified
# name 0 = scan: Scan Count
# name 1 = timeJ: Julian Days
# name 2 = timeH: Time, Elapsed [hours]
# name 3 = timeM: Time, Elapsed [minutes]
# name 4 = timeS: Time, Elapsed [seconds]
# name 5 = prdM: Pressure, Strain Gauge [db]
# name 6 = specc: Specific Conductance [uS/cm]
# name 7 = sal00: Salinity, Practical [PSU]
# name 8 = tv290C: Temperature [ITS-90, deg C]
# name 9 = depSM: Depth [salt water, m], lat = 59.00
# name 10 = potemp090C: Potential Temperature [ITS-90, deg C]
# name 11 = sigma-é00: Density [sigma-theta, kg/m^3]
# name 12 = sbeox0ML/L: Oxygen, SBE 43 [ml/l]
# name 13 = sbeox0Mg/L: Oxygen, SBE 43 [mg/l]
# name 14 = sbeox0PS: Oxygen, SBE 43 [% saturation]
# name 15 = sbox0Mm/Kg: Oxygen, SBE 43 [umol/kg]
# name 16 = sbeox0Mm/L: Oxygen, SBE 43 [umol/l]
# name 17 = sbox0dV/dT: Oxygen, SBE 43 [dov/dt]
# name 18 = oxsolML/L: Oxygen Saturation, Garcia & Gordon [ml/l]
# name 19 = oxsolMg/L: Oxygen Saturation, Garcia & Gordon [mg/l]
# name 20 = oxsolMm/Kg: Oxygen Saturation, Garcia & Gordon [umol/kg]
# name 21 = potemp090C: Potential Temperature [ITS-90, deg C]
# name 22 = n2satMg/L: Nitrogen Saturation [mg/l]
# name 23 = par: PAR/Irradiance, Biospherical/Licor
# name 24 = flECO-AFL: Fluorescence, WET Labs ECO-AFL/FL [mg/m^3]
# name 25 = turbWETntu0: Turbidity, WET Labs ECO [NTU]
# name 26 = flag: flag
# span 0 =        179,        831       
# span 1 = 308.712692, 308.714576       
# span 2 =    0.01238,    0.05761       
# span 3 =     0.7429,     3.4565       
# span 4 =     44.576,    207.387       
# span 5 =      1.009,     76.731       
# span 6 =  45072.440,  48938.883       
# span 7 =    28.3312,    30.9379       
# span 8 =     8.2247,     9.1489       
# span 9 =      1.000,     76.000       
# span 10 =     8.4623,     9.1446      
# span 11 =    21.9979,    23.9466      
# span 12 =     5.6604,     5.7384      
# span 13 =     8.0893,     8.2008      
# span 14 =     82.905,     86.342      
# span 15 =    246.909,    250.387      
# span 16 =    252.795,    256.278      
# span 17 =   -0.00203,    0.00675      
# span 18 =    6.62262,    6.87353      
# span 19 =    9.46439,    9.82296      
# span 20 =  288.89652,  300.46954      
# span 21 =     8.2246,     9.1447      
# span 22 =   14.95297,   15.51498      
# span 23 = 4.1430e-02, 8.2366e-01      
# span 24 =     0.1528,     0.3655      
# span 25 =     0.3990,     4.0690      
# span 26 = 0.0000e+00, 0.0000e+00      
# interval = meters: 1                  
# start_time = Nov 04 2015 17:05:32 [Instrument's time stamp, header]
# bad_flag = -9.990e-29
*END*
        179 308.712692    0.01238     0.7429     44.576      1.009  45072.440    28.3312     8.2247      1.000     8.4623    21.9979     5.6937     8.1369     82.905    248.883    254.281    0.00316    6.87353    9.82296  300.46954     8.2246   15.51498 8.2366e-01     0.3498     4.0690 0.0000e+00
        297 308.713032    0.02056     1.2333     74.000      2.019  48064.900    30.3346     8.7685      2.000     8.7729    23.5016     5.6798     8.1170     84.942    247.837    253.661    0.00675    6.68686    9.55619  291.77981     8.7683   15.09240 6.6888e-01     0.3579     0.7524 0.0000e+00
        306 308.713057    0.02115     1.2690     76.141      3.028  48113.825    30.3666     8.7760      3.000     8.7744    23.5258     5.6941     8.1374     85.189    248.453    254.298    0.00506    6.68404    9.55216  291.64783     8.7757   15.08597 5.0725e-01     0.3655     0.6148 0.0000e+00
        313 308.713078    0.02165     1.2990     77.937      4.038  48119.932    30.3707     8.7775      4.000     8.7788    23.5288     5.6974     8.1422     85.244    248.598    254.447    0.00294    6.68363    9.55158  291.62937     8.7771   15.08507 3.8146e-01     0.3479     0.5911 0.0000e+00
        319 308.713097    0.02211     1.3269     79.613      5.047  48115.922    30.3676     8.7789      5.000     8.7772    23.5262     5.7088     8.1585     85.416    249.096    254.957    0.00254    6.68355    9.55147  291.62668     8.7784   15.08496 3.0435e-01     0.3488     0.6003 0.0000e+00
        326 308.713116    0.02257     1.3543     81.257      6.057  48120.902    30.3705     8.7775      6.000     8.7787    23.5287     5.7161     8.1689     85.525    249.415    255.284    0.00197    6.68365    9.55160  291.63007     8.7769   15.08511 2.5198e-01     0.3577     0.5896 0.0000e+00
        333 308.713137    0.02306     1.3835     83.013      7.066  48129.312    30.3777     8.7901      7.000     8.7953    23.5325     5.7270     8.1845     85.716    249.889    255.770    0.00207    6.68145    9.54845  291.53290     8.7894   15.08044 2.1170e-01     0.3633     0.5836 0.0000e+00
        340 308.713157    0.02354     1.4125     84.749      8.076  48125.982    30.3773     8.8075      8.000     8.8085    23.5296     5.7319     8.1914     85.821    250.099    255.984    0.00164    6.67885    9.54474  291.42040     8.8067   15.07507 1.8522e-01     0.3465     0.5720 0.0000e+00
        347 308.713176    0.02400     1.4397     86.380      9.085  48121.351    30.3739     8.8092      9.000     8.8067    23.5267     5.7384     8.2008     85.920    250.387    256.278    0.00145    6.67875    9.54461  291.41704     8.8083   15.07492 1.6351e-01     0.3438     0.5522 0.0000e+00
        353 308.713195    0.02445     1.4671     88.028     10.095  48130.522    30.3796     8.8072     10.000     8.8106    23.5315     5.7368     8.1984     85.895    250.315    256.205    0.00063    6.67880    9.54468  291.41783     8.8062   15.07493 1.4255e-01     0.3570     0.5515 0.0000e+00
        361 308.713217    0.02498     1.4985     89.912     11.103  48131.277    30.3824     8.8266     11.000     8.8280    23.5308     5.7346     8.1952     85.901    250.216    256.104    0.00031    6.67577    9.54035  291.28594     8.8255   15.06862 1.2801e-01     0.3499     0.5430 0.0000e+00
        367 308.713234    0.02540     1.5238     91.428     12.114  48136.093    30.3864     8.8341     12.000     8.8378    23.5328     5.7319     8.1915     85.878    250.101    255.987   -0.00003    6.67448    9.53850  291.22898     8.8329   15.06588 1.1457e-01     0.3231     0.5405 0.0000e+00
        374 308.713254    0.02587     1.5525     93.149     13.123  48154.877    30.4029     8.8617     13.000     8.8750    23.5416     5.7377     8.1997     86.027    250.352    256.246    0.00072    6.66966    9.53161  291.01601     8.8604   15.05564 1.0339e-01     0.3272     0.5277 0.0000e+00
        381 308.713276    0.02640     1.5842     95.049     14.132  48158.191    30.4128     8.9194     14.000     8.9279    23.5407     5.7359     8.1972     86.117    250.274    256.166    0.00085    6.66063    9.51870  290.62208     8.9180   15.03678 9.4928e-02     0.3138     0.5133 0.0000e+00
        387 308.713293    0.02681     1.6086     96.516     15.142  48155.559    30.4134     8.9404     15.000     8.9456    23.5381     5.7199     8.1743     85.918    249.578    255.452   -0.00061    6.65747    9.51419  290.48524     8.9389   15.03025 8.6704e-02     0.2887     0.5135 0.0000e+00
        395 308.713316    0.02737     1.6422     98.532     16.152  48168.322    30.4267     8.9760     16.000     8.9842    23.5432     5.7136     8.1653     85.898    249.299    255.169   -0.00047    6.65162    9.50583  290.22842     8.9743   15.01792 7.9874e-02     0.2894     0.5107 0.0000e+00
        402 308.713336    0.02785     1.6708    100.246     17.161  48169.083    30.4309     9.0061     17.000     9.0112    23.5420     5.7071     8.1559     85.859    249.013    254.876   -0.00050    6.64697    9.49919  290.02596     9.0043   15.00822 7.3632e-02     0.2771     0.5233 0.0000e+00
        409 308.713355    0.02830     1.6981    101.886     18.170  48164.818    30.4300     9.0239     18.000     9.0240    23.5385     5.6966     8.1411     85.736    248.561    254.412   -0.00101    6.64437    9.49547  289.91343     9.0220   15.00286 6.8240e-02     0.2437     0.4980 0.0000e+00
        416 308.713378    0.02885     1.7308    103.850     19.180  48161.600    30.4275     9.0257     19.000     9.0234    23.5364     5.6890     8.1301     85.624    248.229    254.071   -0.00116    6.64420    9.49523  289.90671     9.0238   15.00254 6.3750e-02     0.2593     0.5116 0.0000e+00
        423 308.713396    0.02929     1.7574    105.443     20.190  48169.187    30.4330     9.0300     20.000     9.0313    23.5400     5.6898     8.1312     85.646    248.260    254.104   -0.00064    6.64334    9.49400  289.86800     9.0279   15.00067 6.7518e-02     0.2343     0.5165 0.0000e+00
        430 308.713417    0.02978     1.7872    107.229     21.199  48167.984    30.4331     9.0399     21.000     9.0389    23.5386     5.6934     8.1364     85.719    248.418    254.265    0.00000    6.64186    9.49188  289.80398     9.0377   14.99761 9.1467e-02     0.2244     0.4995 0.0000e+00
        437 308.713438    0.03029     1.8175    109.047     22.209  48167.492    30.4326     9.0421     22.000     9.0399    23.5379     5.6938     8.1370     85.730    248.437    254.285    0.00000    6.64156    9.49146  289.79102     9.0398   14.99699 7.5060e-02     0.2252     0.5005 0.0000e+00
        444 308.713458    0.03076     1.8460    110.762     23.218  48168.789    30.4331     9.0425     23.000     9.0403    23.5383     5.6921     8.1347     85.706    248.366    254.212   -0.00018    6.64147    9.49132  289.78688     9.0402   14.99679 6.7108e-02     0.2111     0.5221 0.0000e+00
        451 308.713479    0.03126     1.8758    112.551     24.228  48169.659    30.4334     9.0430     24.000     9.0407    23.5384     5.6920     8.1345     85.705    248.361    254.207   -0.00017    6.64139    9.49120  289.78307     9.0406   14.99661 6.2693e-02     0.2262     0.5314 0.0000e+00
        458 308.713499    0.03176     1.9052    114.311     25.238  48170.441    30.4335     9.0432     25.000     9.0407    23.5385     5.6905     8.1323     85.683    248.293    254.137   -0.00026    6.64134    9.49114  289.78138     9.0407   14.99653 5.9593e-02     0.2187     0.5202 0.0000e+00
        465 308.713519    0.03222     1.9333    115.998     26.247  48172.745    30.4348     9.0438     26.000     9.0418    23.5394     5.6887     8.1298     85.658    248.217    254.060   -0.00035    6.64121    9.49094  289.77504     9.0412   14.99622 5.7175e-02     0.2295     0.5201 0.0000e+00
        472 308.713539    0.03272     1.9634    117.801     27.257  48177.477    30.4383     9.0480     27.000     9.0473    23.5415     5.6907     8.1325     85.697    248.299    254.144   -0.00004    6.64043    9.48984  289.74081     9.0452   14.99457 5.5090e-02     0.2240     0.5030 0.0000e+00
        479 308.713560    0.03321     1.9927    119.563     28.266  48177.932    30.4390     9.0546     28.000     9.0527    23.5412     5.6914     8.1337     85.722    248.334    254.180    0.00006    6.63943    9.48841  289.69714     9.0517   14.99248 5.3285e-02     0.2205     0.4921 0.0000e+00
        486 308.713580    0.03369     2.0214    121.283     29.276  48177.995    30.4389     9.0566     29.000     9.0539    23.5408     5.6884     8.1293     85.680    248.202    254.044   -0.00025    6.63913    9.48799  289.68435     9.0536   14.99188 5.1815e-02     0.2171     0.4929 0.0000e+00
        494 308.713602    0.03422     2.0532    123.190     30.285  48181.239    30.4410     9.0582     30.000     9.0566    23.5422     5.6923     8.1349     85.744    248.374    254.221    0.00016    6.63882    9.48753  289.66998     9.0551   14.99118 5.0562e-02     0.2152     0.4802 0.0000e+00
        500 308.713620    0.03465     2.0793    124.760     31.295  48185.867    30.4449     9.0658     31.000     9.0649    23.5440     5.6955     8.1395     85.808    248.510    254.361    0.00040    6.63751    9.48567  289.61265     9.0627   14.98843 4.9497e-02     0.2058     0.4937 0.0000e+00
        507 308.713640    0.03514     2.1086    126.515     32.305  48181.049    30.4414     9.0684     32.000     9.0640    23.5410     5.6972     8.1418     85.836    248.583    254.435    0.00031    6.63728    9.48534  289.60342     9.0652   14.98800 4.8539e-02     0.2036     0.4933 0.0000e+00
        514 308.713662    0.03566     2.1394    128.363     33.315  48183.264    30.4421     9.0655     33.000     9.0623    23.5420     5.6984     8.1435     85.849    248.636    254.490    0.00018    6.63769    9.48592  289.62095     9.0621   14.98883 4.7680e-02     0.2135     0.5093 0.0000e+00
        521 308.713681    0.03612     2.1672    130.030     34.324  48185.980    30.4438     9.0672     34.000     9.0650    23.5431     5.6951     8.1389     85.804    248.493    254.343   -0.00020    6.63735    9.48544  289.60594     9.0638   14.98811 4.6933e-02     0.2247     0.5044 0.0000e+00
        529 308.713703    0.03664     2.1984    131.906     35.333  48188.186    30.4457     9.0730     35.000     9.0709    23.5437     5.6933     8.1363     85.789    248.414    254.263   -0.00024    6.63642    9.48411  289.56515     9.0694   14.98615 4.6318e-02     0.2173     0.4991 0.0000e+00
        535 308.713721    0.03708     2.2251    133.508     36.343  48189.667    30.4469     9.0772     36.000     9.0755    23.5440     5.6966     8.1411     85.848    248.560    254.411    0.00012    6.63574    9.48314  289.53552     9.0736   14.98473 4.5759e-02     0.2017     0.4984 0.0000e+00
        542 308.713743    0.03760     2.2560    135.363     37.352  48205.299    30.4599     9.0954     37.000     9.1008    23.5514     5.6955     8.1394     85.872    248.508    254.361    0.00015    6.63250    9.47851  289.39204     9.0916   14.97782 4.5282e-02     0.2075     0.4846 0.0000e+00
        550 308.713763    0.03809     2.2856    137.136     38.362  48208.100    30.4658     9.1277     38.000     9.1300    23.5511     5.6909     8.1328     85.867    248.305    254.153    0.00002    6.62748    9.47134  289.17309     9.1238   14.96734 4.4840e-02     0.2036     0.4842 0.0000e+00
        556 308.713783    0.03856     2.3137    138.824     39.372  48207.264    30.4670     9.1440     39.000     9.1427    23.5496     5.6775     8.1138     85.699    247.726    253.560   -0.00091    6.62502    9.46782  289.06615     9.1400   14.96222 4.4520e-02     0.1858     0.4824 0.0000e+00
        564 308.713804    0.03908     2.3447    140.682     40.382  48206.748    30.4668     9.1488     40.000     9.1445    23.5488     5.6678     8.0999     85.561    247.302    253.126   -0.00127    6.62432    9.46681  289.03558     9.1447   14.96076 4.4177e-02     0.1704     0.4929 0.0000e+00
        571 308.713825    0.03957     2.3742    142.453     41.391  48211.946    30.4700     9.1489     41.000     9.1446    23.5513     5.6643     8.0949     85.510    247.148    252.969   -0.00103    6.62417    9.46660  289.02835     9.1447   14.96040 4.3892e-02     0.1681     0.4829 0.0000e+00
        578 308.713847    0.04010     2.4060    144.360     42.401  48215.115    30.4717     9.1476     42.000     9.1428    23.5528     5.6662     8.0976     85.537    247.231    253.054   -0.00045    6.62429    9.46676  289.03302     9.1433   14.96062 4.3640e-02     0.1854     0.4818 0.0000e+00
        586 308.713867    0.04059     2.4355    146.130     43.410  48215.890    30.4714     9.1449     43.000     9.1390    23.5530     5.6639     8.0943     85.497    247.130    252.950   -0.00052    6.62469    9.46735  289.05082     9.1405   14.96147 4.3412e-02     0.1905     0.4841 0.0000e+00
        593 308.713888    0.04110     2.4659    147.954     44.420  48218.754    30.4723     9.1392     44.000     9.1336    23.5545     5.6637     8.0940     85.484    247.121    252.942   -0.00042    6.62550    9.46850  289.08557     9.1347   14.96313 4.3190e-02     0.1834     0.4888 0.0000e+00
        600 308.713909    0.04161     2.4963    149.778     45.430  48220.813    30.4730     9.1370     45.000     9.1319    23.5554     5.6686     8.1010     85.553    247.333    253.160    0.00010    6.62580    9.46893  289.09827     9.1324   14.96373 4.3008e-02     0.1694     0.4883 0.0000e+00
        607 308.713931    0.04211     2.5270    151.617     46.439  48222.044    30.4730     9.1341     46.000     9.1277    23.5559     5.6691     8.1017     85.555    247.354    253.181    0.00001    6.62622    9.46953  289.11657     9.1294   14.96461 4.2867e-02     0.1677     0.4930 0.0000e+00
        614 308.713951    0.04259     2.5555    153.332     47.449  48233.538    30.4794     9.1251     47.000     9.1170    23.5623     5.6682     8.1005     85.529    247.316    253.143   -0.00020    6.62728    9.47104  289.16079     9.1203   14.96669 4.2689e-02     0.1608     0.4899 0.0000e+00
        622 308.713974    0.04314     2.5885    155.309     48.459  48249.467    30.4886     9.1135     48.000     9.1063    23.5713     5.6702     8.1033     85.542    247.401    253.233   -0.00009    6.62859    9.47292  289.21569     9.1086   14.96928 4.2612e-02     0.1723     0.4901 0.0000e+00
        629 308.713994    0.04363     2.6179    157.075     49.468  48261.075    30.4954     9.1069     49.000     9.1008    23.5776     5.6708     8.1041     85.540    247.422    253.256   -0.00012    6.62928    9.47390  289.24378     9.1019   14.97059 4.2517e-02     0.1730     0.5105 0.0000e+00
        636 308.714014    0.04412     2.6472    158.831     50.478  48270.150    30.5010     9.1045     50.000     9.0991    23.5824     5.6719     8.1057     85.557    247.472    253.307   -0.00005    6.62940    9.47407  289.24770     9.0993   14.97076 4.2383e-02     0.1689     0.4996 0.0000e+00
        644 308.714035    0.04462     2.6776    160.657     51.488  48276.478    30.5050     9.1043     51.000     9.0991    23.5855     5.6793     8.1164     85.671    247.795    253.640    0.00051    6.62925    9.47386  289.24036     9.0991   14.97039 4.2210e-02     0.1802     0.4933 0.0000e+00
        651 308.714056    0.04513     2.7077    162.460     52.497  48281.986    30.5084     9.1046     52.000     9.0993    23.5882     5.6873     8.1277     85.794    248.142    253.995    0.00088    6.62907    9.47360  289.23178     9.0992   14.96997 4.1430e-02     0.1649     0.4696 0.0000e+00
        658 308.714078    0.04565     2.7389    164.336     53.507  48288.967    30.5129     9.1049     53.000     9.0992    23.5917     5.6860     8.1259     85.778    248.086    253.939    0.00032    6.62883    9.47326  289.22023     9.0994   14.96940 4.1608e-02     0.1714     0.4938 0.0000e+00
