CTD-processing/allCTD/CNV/2015_02-24_t7_s07_cast259_4141.cnv
* Sea-Bird SBE19plus Data File:
* FileName = C:\Users\amdoroff\Desktop\2015_02_24_CookInlet_Tran7_Augustine\2015_02_24_CookInlet_Tran7_cast259.hex
* Software Version 1.59
* Temperature SN =  4141
* Conductivity SN =  4141
* System UpLoad Time = Feb 24 2015 13:14:59
** Cook Inlet LTM Tran7 Augustine E to W
** Date 02-24
** Station: 7-07
** Start Time (AKST): 10:25
** Depth (m):  58
** Comment:
** Comment: On R/V Pandalus.
# nquan = 27
# nvalues = 58                          
# units = specified
# name 0 = scan: Scan Count
# name 1 = timeJ: Julian Days
# name 2 = timeH: Time, Elapsed [hours]
# name 3 = timeM: Time, Elapsed [minutes]
# name 4 = timeS: Time, Elapsed [seconds]
# name 5 = prdM: Pressure, Strain Gauge [db]
# name 6 = specc: Specific Conductance [uS/cm]
# name 7 = sal00: Salinity, Practical [PSU]
# name 8 = tv290C: Temperature [ITS-90, deg C]
# name 9 = depSM: Depth [salt water, m], lat = 59.00
# name 10 = potemp090C: Potential Temperature [ITS-90, deg C]
# name 11 = sigma-é00: Density [sigma-theta, kg/m^3]
# name 12 = sbeox0ML/L: Oxygen, SBE 43 [ml/l]
# name 13 = sbeox0Mg/L: Oxygen, SBE 43 [mg/l]
# name 14 = sbeox0PS: Oxygen, SBE 43 [% saturation]
# name 15 = sbox0Mm/Kg: Oxygen, SBE 43 [umol/kg]
# name 16 = sbeox0Mm/L: Oxygen, SBE 43 [umol/l]
# name 17 = sbox0dV/dT: Oxygen, SBE 43 [dov/dt]
# name 18 = oxsolML/L: Oxygen Saturation, Garcia & Gordon [ml/l]
# name 19 = oxsolMg/L: Oxygen Saturation, Garcia & Gordon [mg/l]
# name 20 = oxsolMm/Kg: Oxygen Saturation, Garcia & Gordon [umol/kg]
# name 21 = n2satMg/L: Nitrogen Saturation [mg/l]
# name 22 = par: PAR/Irradiance, Biospherical/Licor
# name 23 = wetStar: Fluorescence, WET Labs WETstar [mg/m^3]
# name 24 = CStarAt0: Beam Attenuation, WET Labs C-Star [1/m]
# name 25 = CStarTr0: Beam Transmission, WET Labs C-Star [%]
# name 26 = flag: flag
# span 0 =        108,        608       
# span 1 =  55.434904,  55.436351       
# span 2 =    0.00742,    0.04215       
# span 3 =     0.4451,     2.5295       
# span 4 =     26.705,    151.772       
# span 5 =      1.010,     58.516       
# span 6 =  50729.212,  50846.816       
# span 7 =    31.6505,    31.6982       
# span 8 =     5.4774,     5.6817       
# span 9 =      1.000,     58.000       
# span 10 =     5.5547,     5.6781      
# span 11 =    24.9474,    25.0055      
# span 12 =     6.1108,     6.5535      
# span 13 =     8.7330,     9.3657      
# span 14 =     85.476,     92.067      
# span 15 =    266.249,    285.558      
# span 16 =    272.909,    292.682      
# span 17 =   -0.00439,    0.00139      
# span 18 =    7.11687,    7.14924      
# span 19 =   10.17072,   10.21697      
# span 20 =  310.10196,  311.49284      
# span 21 =   15.96091,   16.02699      
# span 22 = 3.6382e-02, 5.4498e+01      
# span 23 =     0.3982,     0.7076      
# span 24 =     0.4190,     0.8174      
# span 25 =    83.4103,    90.0558      
# span 26 = 0.0000e+00, 0.0000e+00      
# interval = meters: 1                  
# start_time = Feb 24 2015 10:25:49 [Instrument's time stamp, header]
# bad_flag = -9.990e-29
*END*
        108  55.434904    0.00742     0.4451     26.705      1.010  50846.816    31.6982     5.4774      1.000     5.5547    25.0055     6.1108     8.7330     85.476    266.249    272.909   -0.00439    7.14924   10.21697  311.49284   16.02699 5.4498e+01     0.3982     0.8174    83.4103 0.0000e+00
        338  55.435569    0.02339     1.4037     84.224      2.043  50737.270    31.6568     5.6271      2.000     5.6319    24.9556     6.4773     9.2567     90.896    282.233    289.277   -0.00188    7.12614   10.18397  310.50447   15.98008 4.6403e+01     0.5514     0.4514    89.4786 0.0000e+00
        356  55.435623    0.02466     1.4800     88.799      3.020  50729.244    31.6531     5.6374      3.000     5.6371    24.9516     6.4896     9.2744     91.088    282.773    289.829   -0.00343    7.12458   10.18175  310.43794   15.97693 3.7648e+01     0.6531     0.4308    89.7911 0.0000e+00
        359  55.435630    0.02484     1.4907     89.443      4.041  50732.226    31.6548     5.6378      4.000     5.6392    24.9529     6.4904     9.2755     91.101    282.805    289.862   -0.00334    7.12444   10.18154  310.43165   15.97663 3.1288e+01     0.6071     0.4307    89.7914 0.0000e+00
        361  55.435637    0.02502     1.5011     90.064      5.042  50733.111    31.6554     5.6403      5.000     5.6414    24.9531     6.5023     9.2925     91.274    283.325    290.395   -0.00122    7.12399   10.18089  310.41151   15.97566 2.6031e+01     0.6229     0.4326    89.7495 0.0000e+00
        364  55.435645    0.02521     1.5123     90.737      6.052  50731.014    31.6539     5.6421      6.000     5.6421    24.9516     6.5088     9.3017     91.368    283.607    290.683    0.00018    7.12376   10.18056  310.40200   15.97522 2.2543e+01     0.5972     0.4327    89.7461 0.0000e+00
        367  55.435654    0.02541     1.5247     91.482      7.062  50730.461    31.6531     5.6430      7.000     5.6422    24.9510     6.5143     9.3094     91.445    283.843    290.925    0.00058    7.12365   10.18041  310.39728   15.97499 1.9119e+01     0.6353     0.4308    89.7901 0.0000e+00
        370  55.435664    0.02564     1.5388     92.328      8.071  50729.212    31.6516     5.6420      8.000     5.6404    24.9499     6.5148     9.3103     91.450    283.868    290.951    0.00056    7.12388   10.18073  310.40756   15.97549 1.6973e+01     0.6471     0.4280    89.8534 0.0000e+00
        374  55.435675    0.02591     1.5548     93.290      9.084  50734.363    31.6545     5.6407      9.000     5.6411    24.9523     6.5166     9.3130     91.475    283.949    291.034    0.00037    7.12395   10.18084  310.41017   15.97560 1.5122e+01     0.6432     0.4256    89.9060 0.0000e+00
        378  55.435687    0.02621     1.5724     94.342     10.093  50735.209    31.6551     5.6435     10.000     5.6439    24.9525     6.5145     9.3098     91.451    283.853    290.935    0.00012    7.12345   10.18012  310.38828   15.97456 1.3790e+01     0.6490     0.4220    89.9873 0.0000e+00
        383  55.435700    0.02653     1.5915     95.488     11.106  50733.227    31.6535     5.6451     11.000     5.6438    24.9511     6.5132     9.3080     91.435    283.796    290.878   -0.00029    7.12327   10.17986  310.38078   15.97421 1.2577e+01     0.6583     0.4224    89.9798 0.0000e+00
        387  55.435713    0.02683     1.6096     96.578     12.113  50734.124    31.6536     5.6444     12.000     5.6433    24.9511     6.5084     9.3012     91.368    283.592    290.667   -0.00068    7.12338   10.18001  310.38532   15.97442 1.1406e+01     0.6611     0.4247    89.9264 0.0000e+00
        392  55.435726    0.02715     1.6289     97.734     13.121  50733.638    31.6525     5.6431     13.000     5.6415    24.9505     6.5058     9.2974     91.326    283.474    290.546   -0.00117    7.12366   10.18042  310.39790   15.97503 1.0152e+01     0.6398     0.4213    90.0034 0.0000e+00
        397  55.435742    0.02752     1.6512     99.071     14.132  50737.317    31.6545     5.6433     14.000     5.6432    24.9521     6.5185     9.3156     91.506    284.029    291.115    0.00070    7.12352   10.18023  310.39162   15.97472 9.1283e+00     0.6564     0.4214    90.0005 0.0000e+00
        403  55.435758    0.02792     1.6750    100.498     15.142  50736.714    31.6542     5.6463     15.000     5.6456    24.9515     6.5173     9.3139     91.496    283.977    291.063    0.00029    7.12303   10.17952  310.37047   15.97371 8.1741e+00     0.6536     0.4205    90.0204 0.0000e+00
        409  55.435774    0.02830     1.6980    101.881     16.157  50736.210    31.6538     5.6482     16.000     5.6475    24.9509     6.5140     9.3092     91.454    283.834    290.916   -0.00034    7.12272   10.17908  310.35715   15.97308 7.3642e+00     0.6668     0.4190    90.0558 0.0000e+00
        413  55.435786    0.02860     1.7158    102.950     17.162  50736.131    31.6533     5.6485     17.000     5.6471    24.9506     6.5172     9.3138     91.500    283.975    291.061    0.00010    7.12270   10.17906  310.35628   15.97304 6.5587e+00     0.6402     0.4288    89.8353 0.0000e+00
        417  55.435799    0.02888     1.7330    103.977     18.167  50738.171    31.6544     5.6494     18.000     5.6490    24.9513     6.5201     9.3179     91.543    284.101    291.190    0.00024    7.12250   10.17876  310.34732   15.97261 5.9176e+00     0.6347     0.4263    89.8908 0.0000e+00
        422  55.435813    0.02923     1.7535    105.211     19.180  50734.412    31.6516     5.6504     19.000     5.6465    24.9489     6.5256     9.3258     91.620    284.339    291.433    0.00081    7.12248   10.17874  310.34706   15.97261 5.3322e+00     0.7076     0.4231    89.9647 0.0000e+00
        427  55.435827    0.02957     1.7746    106.475     20.192  50737.115    31.6516     5.6437     20.000     5.6410    24.9497     6.5157     9.3115     91.466    283.905    290.988   -0.00085    7.12360   10.18033  310.39562   15.97493 4.6865e+00     0.6102     0.4236    89.9510 0.0000e+00
        432  55.435841    0.02990     1.7938    107.630     21.198  50741.577    31.6539     5.6422     21.000     5.6411    24.9517     6.5145     9.3099     91.448    283.854    290.937   -0.00084    7.12374   10.18054  310.40113   15.97517 4.0055e+00     0.6160     0.4246    89.9285 0.0000e+00
        436  55.435855    0.03024     1.8142    108.849     22.208  50742.768    31.6549     5.6456     22.000     5.6448    24.9521     6.5167     9.3130     91.487    283.950    291.036   -0.00041    7.12311   10.17964  310.37368   15.97386 3.5365e+00     0.6445     0.4213    90.0034 0.0000e+00
        442  55.435870    0.03060     1.8361    110.167     23.217  50741.413    31.6535     5.6457     23.000     5.6440    24.9510     6.5255     9.3255     91.608    284.331    291.426    0.00065    7.12316   10.17971  310.37604   15.97398 3.1155e+00     0.6338     0.4214    90.0012 0.0000e+00
        447  55.435885    0.03097     1.8583    111.497     24.232  50745.074    31.6562     5.6490     24.000     5.6498    24.9528     6.5250     9.3249     91.612    284.313    291.407    0.00044    7.12248   10.17874  310.34612   15.97255 2.7364e+00     0.6457     0.4193    90.0486 0.0000e+00
        451  55.435898    0.03128     1.8769    112.614     25.237  50741.140    31.6538     5.6532     25.000     5.6510    24.9505     6.5232     9.3222     91.593    284.233    291.324   -0.00011    7.12190   10.17790  310.32126   15.97137 2.4112e+00     0.6331     0.4272    89.8718 0.0000e+00
        456  55.435912    0.03161     1.8962    113.773     26.243  50742.443    31.6542     5.6530     26.000     5.6512    24.9508     6.5286     9.3301     91.670    284.471    291.569    0.00059    7.12190   10.17790  310.32121   15.97137 2.1344e+00     0.6450     0.4230    89.9632 0.0000e+00
        462  55.435928    0.03198     1.9191    115.147     27.260  50743.092    31.6542     5.6529     27.000     5.6507    24.9508     6.5218     9.3204     91.574    284.176    291.267   -0.00054    7.12192   10.17795  310.32239   15.97143 1.8888e+00     0.6226     0.4224    89.9788 0.0000e+00
        466  55.435941    0.03231     1.9387    116.322     28.267  50742.793    31.6535     5.6530     28.000     5.6507    24.9503     6.5228     9.3217     91.588    284.218    291.309   -0.00041    7.12193   10.17795  310.32265   15.97144 1.6500e+00     0.6382     0.4283    89.8468 0.0000e+00
        471  55.435954    0.03261     1.9568    117.406     29.273  50743.712    31.6535     5.6523     29.000     5.6496    24.9503     6.5272     9.3281     91.648    284.410    291.506    0.00016    7.12205   10.17811  310.32781   15.97168 1.4374e+00     0.6016     0.4251    89.9181 0.0000e+00
        476  55.435969    0.03299     1.9791    118.745     30.284  50744.776    31.6535     5.6514     30.000     5.6488    24.9505     6.5358     9.3403     91.766    284.783    291.889    0.00095    7.12221   10.17835  310.33481   15.97202 1.2537e+00     0.6355     0.4225    89.9761 0.0000e+00
        482  55.435986    0.03337     2.0021    120.126     31.298  50745.787    31.6537     5.6511     31.000     5.6483    24.9507     6.5332     9.3367     91.731    284.674    291.776    0.00025    7.12226   10.17842  310.33688   15.97212 1.0805e+00     0.6188     0.4229    89.9676 0.0000e+00
        486  55.435998    0.03368     2.0210    121.260     32.302  50746.422    31.6534     5.6499     32.000     5.6471    24.9506     6.5320     9.3350     91.710    284.619    291.721   -0.00017    7.12245   10.17869  310.34522   15.97252 9.3192e-01     0.6047     0.4266    89.8840 0.0000e+00
        491  55.436013    0.03403     2.0414    122.486     33.315  50747.955    31.6539     5.6493     33.000     5.6472    24.9510     6.5256     9.3258     91.619    284.340    291.434   -0.00095    7.12254   10.17882  310.34925   15.97271 8.0615e-01     0.6260     0.4238    89.9485 0.0000e+00
        496  55.436026    0.03435     2.0611    123.664     34.324  50754.684    31.6588     5.6533     34.000     5.6539    24.9545     6.5305     9.3328     91.700    284.553    291.654   -0.00024    7.12164   10.17753  310.30878   15.97076 6.9348e-01     0.6022     0.4258    89.9022 0.0000e+00
        500  55.436040    0.03466     2.0800    124.797     35.334  50748.990    31.6553     5.6575     35.000     5.6554    24.9512     6.5428     9.3504     91.879    285.089    292.202    0.00139    7.12110   10.17676  310.28612   15.96969 5.9177e-01     0.6049     0.4254    89.9115 0.0000e+00
        505  55.436052    0.03497     2.0983    125.895     36.342  50748.078    31.6546     5.6596     36.000     5.6566    24.9504     6.5404     9.3468     91.849    284.982    292.092    0.00066    7.12077   10.17629  310.27207   15.96903 4.9801e-01     0.5982     0.4273    89.8673 0.0000e+00
        509  55.436066    0.03531     2.1184    127.102     37.350  50749.688    31.6551     5.6592     37.000     5.6567    24.9509     6.5351     9.3393     91.775    284.754    291.859   -0.00033    7.12082   10.17636  310.27407   15.96912 4.1495e-01     0.6079     0.4249    89.9221 0.0000e+00
        515  55.436083    0.03570     2.1424    128.544     38.367  50749.273    31.6546     5.6602     38.000     5.6565    24.9503     6.5385     9.3442     91.824    284.903    292.011    0.00011    7.12067   10.17614  310.26775   15.96882 3.3969e-01     0.6278     0.4246    89.9303 0.0000e+00
        520  55.436096    0.03602     2.1614    129.682     39.374  50745.373    31.6505     5.6559     39.000     5.6498    24.9477     6.5370     9.3421     91.792    284.837    291.943   -0.00027    7.12158   10.17745  310.30844   15.97077 2.7627e-01     0.6085     0.4246    89.9297 0.0000e+00
        524  55.436107    0.03630     2.1777    130.663     40.379  50753.691    31.6550     5.6523     40.000     5.6509    24.9517     6.5303     9.3325     91.693    284.546    291.646   -0.00103    7.12198   10.17802  310.32451   15.97153 2.2320e-01     0.6166     0.4276    89.8601 0.0000e+00
        528  55.436120    0.03659     2.1952    131.714     41.388  50761.627    31.6617     5.6605     41.000     5.6629    24.9560     6.5361     9.3407     91.795    284.795    291.902   -0.00024    7.12029   10.17560  310.24950   15.96792 1.7430e-01     0.6455     0.4270    89.8751 0.0000e+00
        533  55.436133    0.03691     2.2149    132.892     42.398  50753.143    31.6571     5.6693     42.000     5.6672    24.9513     6.5417     9.3487     91.890    285.038    292.150    0.00065    7.11902   10.17379  310.19566   15.96538 1.3086e-01     0.6426     0.4257    89.9050 0.0000e+00
        538  55.436149    0.03729     2.2373    134.240     43.415  50752.445    31.6568     5.6727     43.000     5.6695    24.9507     6.5414     9.3484     91.894    285.027    292.139    0.00033    7.11846   10.17298  310.17126   15.96422 9.1377e-02     0.5998     0.4235    89.9542 0.0000e+00
        542  55.436161    0.03759     2.2554    135.324     44.424  50752.248    31.6561     5.6722     44.000     5.6689    24.9503     6.5430     9.3505     91.914    285.097    292.210    0.00031    7.11859   10.17318  310.17723   15.96451 5.8229e-02     0.6071     0.4317    89.7689 0.0000e+00
        546  55.436172    0.03785     2.2710    136.261     45.422  50750.984    31.6548     5.6723     45.000     5.6680    24.9492     6.5413     9.3481     91.889    285.021    292.132   -0.00009    7.11863   10.17323  310.17928   15.96461 3.9161e-02     0.6197     0.4323    89.7565 0.0000e+00
        551  55.436186    0.03819     2.2915    137.493     46.440  50748.442    31.6523     5.6711     46.000     5.6683    24.9474     6.5449     9.3532     91.936    285.178    292.292    0.00021    7.11894   10.17368  310.19345   15.96530 3.6386e-02     0.6212     0.4271    89.8737 0.0000e+00
        556  55.436201    0.03855     2.3130    138.782     47.451  50754.733    31.6565     5.6729     47.000     5.6696    24.9505     6.5416     9.3486     91.896    285.034    292.147   -0.00030    7.11843   10.17295  310.17021   15.96417 3.6382e-02     0.6380     0.4280    89.8536 0.0000e+00
        561  55.436214    0.03887     2.3323    139.935     48.460  50754.027    31.6557     5.6733     48.000     5.6692    24.9498     6.5459     9.3547     91.957    285.222    292.338    0.00016    7.11842   10.17293  310.16968   15.96414 3.6382e-02     0.6042     0.4317    89.7680 0.0000e+00
        565  55.436227    0.03917     2.3501    141.007     49.469  50755.240    31.6559     5.6728     49.000     5.6689    24.9501     6.5512     9.3622     92.030    285.452    292.574    0.00066    7.11848   10.17302  310.17257   15.96428 3.6382e-02     0.5992     0.4301    89.8062 0.0000e+00
        569  55.436239    0.03946     2.3675    142.047     50.474  50757.692    31.6572     5.6731     50.000     5.6697    24.9510     6.5535     9.3657     92.065    285.558    292.682    0.00069    7.11838   10.17289  310.16812   15.96407 3.6382e-02     0.6244     0.4289    89.8312 0.0000e+00
        574  55.436254    0.03981     2.3886    143.315     51.488  50756.305    31.6558     5.6737     51.000     5.6694    24.9499     6.5485     9.3584     91.994    285.335    292.455   -0.00018    7.11834   10.17281  310.16614   15.96398 3.6382e-02     0.6003     0.4267    89.8808 0.0000e+00
        579  55.436268    0.04016     2.4093    144.559     52.501  50758.335    31.6567     5.6732     52.000     5.6696    24.9506     6.5462     9.3553     91.962    285.238    292.355   -0.00060    7.11838   10.17288  310.16791   15.96406 3.6382e-02     0.6055     0.4285    89.8422 0.0000e+00
        583  55.436280    0.04045     2.4265    145.592     53.506  50756.755    31.6553     5.6742     53.000     5.6689    24.9494     6.5502     9.3609     92.019    285.411    292.532   -0.00001    7.11827   10.17272  310.16361   15.96386 3.6382e-02     0.6098     0.4318    89.7671 0.0000e+00
