CTD-processing/allCTD/CNV/2015_02-24_t7_s20_cast251_4141.cnv
* Sea-Bird SBE19plus Data File:
* FileName = C:\Users\amdoroff\Desktop\2015_02_24_CookInlet_Tran7_Augustine\2015_02_24_CookInlet_Tran7_cast251.hex
* Software Version 1.59
* Temperature SN =  4141
* Conductivity SN =  4141
* System UpLoad Time = Feb 24 2015 13:08:42
** Cook Inlet LTM Tran7 Augustine E to W
** Date 02-24
** Station: 7-20
** Start Time (AKST): 06:34
** Depth (m):  86
** Comment:
** Comment: On R/V Pandalus.
# nquan = 27
# nvalues = 85                          
# units = specified
# name 0 = scan: Scan Count
# name 1 = timeJ: Julian Days
# name 2 = timeH: Time, Elapsed [hours]
# name 3 = timeM: Time, Elapsed [minutes]
# name 4 = timeS: Time, Elapsed [seconds]
# name 5 = prdM: Pressure, Strain Gauge [db]
# name 6 = specc: Specific Conductance [uS/cm]
# name 7 = sal00: Salinity, Practical [PSU]
# name 8 = tv290C: Temperature [ITS-90, deg C]
# name 9 = depSM: Depth [salt water, m], lat = 59.00
# name 10 = potemp090C: Potential Temperature [ITS-90, deg C]
# name 11 = sigma-é00: Density [sigma-theta, kg/m^3]
# name 12 = sbeox0ML/L: Oxygen, SBE 43 [ml/l]
# name 13 = sbeox0Mg/L: Oxygen, SBE 43 [mg/l]
# name 14 = sbeox0PS: Oxygen, SBE 43 [% saturation]
# name 15 = sbox0Mm/Kg: Oxygen, SBE 43 [umol/kg]
# name 16 = sbeox0Mm/L: Oxygen, SBE 43 [umol/l]
# name 17 = sbox0dV/dT: Oxygen, SBE 43 [dov/dt]
# name 18 = oxsolML/L: Oxygen Saturation, Garcia & Gordon [ml/l]
# name 19 = oxsolMg/L: Oxygen Saturation, Garcia & Gordon [mg/l]
# name 20 = oxsolMm/Kg: Oxygen Saturation, Garcia & Gordon [umol/kg]
# name 21 = n2satMg/L: Nitrogen Saturation [mg/l]
# name 22 = par: PAR/Irradiance, Biospherical/Licor
# name 23 = wetStar: Fluorescence, WET Labs WETstar [mg/m^3]
# name 24 = CStarAt0: Beam Attenuation, WET Labs C-Star [1/m]
# name 25 = CStarTr0: Beam Transmission, WET Labs C-Star [%]
# name 26 = flag: flag
# span 0 =         34,        687       
# span 1 =  55.274574,  55.276463       
# span 2 =    0.00227,    0.04761       
# span 3 =     0.1365,     2.8568       
# span 4 =      8.187,    171.409       
# span 5 =      1.000,     85.812       
# span 6 =  50440.916,  50554.117       
# span 7 =    31.5312,    31.6145       
# span 8 =     5.9681,     6.1923       
# span 9 =      1.000,     85.000       
# span 10 =     6.0542,     6.1863      
# span 11 =    24.8164,    24.8572      
# span 12 =     5.6597,     6.5434      
# span 13 =     8.0882,     9.3512      
# span 14 =     80.467,     92.478      
# span 15 =    246.628,    285.159      
# span 16 =    252.761,    292.229      
# span 17 =   -0.00974,    0.00116      
# span 18 =    7.03453,    7.07552      
# span 19 =   10.05304,   10.11164      
# span 20 =  306.54538,  308.34768      
# span 21 =   15.79169,   15.87785      
# span 22 = 3.0883e-02, 6.1634e-02      
# span 23 =     0.2675,     0.6464      
# span 24 =    -1.9510,     6.7856      
# span 25 =    34.3538,   110.7035      
# span 26 = 0.0000e+00, 0.0000e+00      
# interval = meters: 1                  
# start_time = Feb 24 2015 06:35:15 [Instrument's time stamp, header]
# bad_flag = -9.990e-29
*END*
[from data line 54]
        576  55.276144    0.03994     2.3966    143.797     55.533  50530.021    31.5984     6.1854     55.000     6.1810    24.8438     6.4310     9.1905     91.403    280.244    287.207   -0.00009    7.03583   10.05491  306.60302   15.79445 3.6382e-02     0.4883     0.4219    89.9914 0.0000e+00
        580  55.276155    0.04021     2.4124    144.745     56.543  50529.465    31.5976     6.1856     56.000     6.1811    24.8431     6.4265     9.1841     91.340    280.049    287.007   -0.00071    7.03581   10.05489  306.60263   15.79443 3.6382e-02     0.4689     0.4209    90.0125 0.0000e+00
        583  55.276163    0.04042     2.4249    145.493     57.546  50530.097    31.5975     6.1857     57.000     6.1809    24.8431     6.4259     9.1831     91.331    280.022    286.979   -0.00085    7.03581   10.05488  306.60230   15.79442 3.6382e-02     0.4791     0.4264    89.8883 0.0000e+00
        586  55.276172    0.04062     2.4372    146.229     58.551  50531.404    31.5980     6.1857     58.000     6.1812    24.8435     6.4305     9.1899     91.397    280.226    287.188   -0.00023    7.03579   10.05484  306.60141   15.79437 3.6382e-02     0.5125     0.4307    89.7913 0.0000e+00
        589  55.276182    0.04085     2.4514    147.084     59.561  50531.723    31.5978     6.1860     59.000     6.1813    24.8433     6.4339     9.1946     91.445    280.373    287.338    0.00026    7.03574   10.05478  306.59935   15.79428 3.6382e-02     0.4806     0.4273    89.8678 0.0000e+00
        593  55.276193    0.04113     2.4676    148.054     60.574  50533.935    31.5990     6.1867     60.000     6.1821    24.8441     6.4270     9.1849     91.350    280.074    287.031   -0.00062    7.03558   10.05455  306.59199   15.79392 3.6382e-02     0.4756     0.4256    89.9068 0.0000e+00
        597  55.276204    0.04140     2.4841    149.043     61.586  50533.550    31.5983     6.1870     61.000     6.1821    24.8436     6.4270     9.1848     91.350    280.072    287.030   -0.00075    7.03556   10.05452  306.59127   15.79389 3.6382e-02     0.4716     0.4224    89.9785 0.0000e+00
        601  55.276214    0.04166     2.4992    149.955     62.598  50534.765    31.5987     6.1872     62.000     6.1822    24.8439     6.4299     9.1889     91.391    280.196    287.158   -0.00017    7.03551   10.05445  306.58902   15.79378 3.6382e-02     0.4726     0.4220    89.9878 0.0000e+00
        604  55.276224    0.04188     2.5127    150.759     63.607  50535.536    31.5988     6.1873     63.000     6.1823    24.8439     6.4329     9.1931     91.434    280.327    287.291    0.00004    7.03548   10.05440  306.58765   15.79372 3.6382e-02     0.4677     0.4250    89.9215 0.0000e+00
        607  55.276233    0.04208     2.5249    151.494     64.615  50536.415    31.5990     6.1876     64.000     6.1825    24.8441     6.4376     9.2000     91.503    280.535    287.504    0.00055    7.03542   10.05432  306.58512   15.79359 3.6382e-02     0.4802     0.4274    89.8663 0.0000e+00
        610  55.276241    0.04228     2.5372    152.230     65.619  50536.723    31.5987     6.1880     65.000     6.1827    24.8439     6.4395     9.2027     91.530    280.616    287.587    0.00063    7.03537   10.05426  306.58320   15.79351 3.6382e-02     0.4751     0.4295    89.8189 0.0000e+00
        613  55.276251    0.04253     2.5517    153.102     66.625  50536.694    31.5983     6.1881     66.000     6.1826    24.8435     6.4396     9.2028     91.531    280.620    287.592    0.00043    7.03538   10.05427  306.58369   15.79353 3.6382e-02     0.4738     0.4262    89.8939 0.0000e+00
        619  55.276266    0.04290     2.5735    154.412     67.644  50536.558    31.5976     6.1876     67.000     6.1818    24.8430     6.4336     9.1943     91.446    280.361    287.326   -0.00049    7.03550   10.05444  306.58894   15.79378 3.6382e-02     0.4818     0.4207    90.0167 0.0000e+00
        624  55.276282    0.04325     2.5952    155.710     68.663  50538.429    31.5984     6.1872     68.000     6.1819    24.8437     6.4269     9.1846     91.349    280.067    287.025   -0.00144    7.03552   10.05447  306.58961   15.79382 3.6382e-02     0.4763     0.4192    90.0515 0.0000e+00
        627  55.276291    0.04349     2.6093    156.560     69.666  50537.796    31.5975     6.1876     69.000     6.1815    24.8430     6.4316     9.1914     91.416    280.272    287.234   -0.00035    7.03551   10.05445  306.58920   15.79380 3.6382e-02     0.4656     0.4235    89.9525 0.0000e+00
        630  55.276300    0.04370     2.6221    157.324     70.671  50537.995    31.5971     6.1870     70.000     6.1809    24.8427     6.4315     9.1913     91.413    280.271    287.234   -0.00052    7.03562   10.05461  306.59425   15.79404 3.6382e-02     0.4769     0.4280    89.8529 0.0000e+00
        633  55.276309    0.04392     2.6350    158.099     71.686  50538.615    31.5970     6.1867     71.000     6.1809    24.8427     6.4389     9.2018     91.517    280.590    287.561    0.00033    7.03568   10.05469  306.59696   15.79417 3.6382e-02     0.4796     0.4289    89.8324 0.0000e+00
        636  55.276318    0.04412     2.6473    158.837     72.693  50541.508    31.5985     6.1870     72.000     6.1816    24.8439     6.4442     9.2094     91.595    280.820    287.797    0.00104    7.03555   10.05451  306.59084   15.79387 3.6382e-02     0.4805     0.4289    89.8316 0.0000e+00
        639  55.276326    0.04433     2.6597    159.582     73.696  50542.906    31.5993     6.1879     73.000     6.1825    24.8443     6.4488     9.2160     91.663    281.023    288.005    0.00116    7.03538   10.05425  306.58288   15.79349 3.6382e-02     0.4807     0.4268    89.8807 0.0000e+00
        643  55.276336    0.04457     2.6742    160.453     74.706  50543.462    31.5993     6.1889     74.000     6.1832    24.8444     6.4476     9.2143     91.648    280.971    287.951    0.00082    7.03520   10.05400  306.57531   15.79313 3.6382e-02     0.4915     0.4255    89.9069 0.0000e+00
        647  55.276348    0.04487     2.6920    161.519     75.722  50543.565    31.5991     6.1896     75.000     6.1834    24.8440     6.4393     9.2024     91.531    280.609    287.580   -0.00050    7.03510   10.05387  306.57129   15.79294 3.6382e-02     0.4751     0.4205    90.0199 0.0000e+00
        652  55.276362    0.04518     2.7110    162.660     76.728  50544.030    31.5989     6.1895     76.000     6.1833    24.8439     6.4329     9.1933     91.441    280.332    287.296   -0.00127    7.03512   10.05390  306.57210   15.79298 3.6382e-02     0.4936     0.4224    89.9788 0.0000e+00
        657  55.276377    0.04555     2.7331    163.988     77.744  50545.134    31.5992     6.1898     77.000     6.1836    24.8441     6.4316     9.1914     91.422    280.272    287.235   -0.00101    7.03506   10.05380  306.56927   15.79284 3.6382e-02     0.4767     0.4173    90.0949 0.0000e+00
        662  55.276391    0.04587     2.7525    165.149     78.760  50545.574    31.5991     6.1902     78.000     6.1838    24.8440     6.4326     9.1928     91.437    280.315    287.279   -0.00070    7.03500   10.05373  306.56714   15.79274 3.6382e-02     0.4733     0.4169    90.1030 0.0000e+00
        665  55.276400    0.04610     2.7661    165.965     79.764  50546.461    31.5993     6.1902     79.000     6.1838    24.8442     6.4355     9.1970     91.479    280.443    287.410   -0.00025    7.03498   10.05369  306.56569   15.79267 3.6382e-02     0.4754     0.4244    89.9331 0.0000e+00
        668  55.276409    0.04631     2.7787    166.721     80.770  50547.073    31.5992     6.1905     80.000     6.1840    24.8441     6.4341     9.1949     91.459    280.380    287.346   -0.00030    7.03496   10.05365  306.56473   15.79262 3.6382e-02     0.4682     0.4255    89.9080 0.0000e+00
        671  55.276418    0.04653     2.7914    167.483     81.779  50547.282    31.5989     6.1906     81.000     6.1837    24.8438     6.4333     9.1938     91.448    280.347    287.312   -0.00060    7.03495   10.05364  306.56438   15.79261 3.6382e-02     0.4724     0.4233    89.9585 0.0000e+00
        674  55.276427    0.04675     2.8045    168.271     82.787  50547.619    31.5987     6.1904     82.000     6.1835    24.8437     6.4381     9.2006     91.514    280.552    287.522   -0.00007    7.03499   10.05371  306.56650   15.79271 3.6382e-02     0.4764     0.4251    89.9188 0.0000e+00
        678  55.276437    0.04698     2.8192    169.152     83.794  50549.556    31.5995     6.1903     83.000     6.1838    24.8444     6.4431     9.2078     91.587    280.774    287.749    0.00062    7.03496   10.05366  306.56479   15.79263 3.6382e-02     0.4829     0.4237    89.9490 0.0000e+00
        682  55.276450    0.04729     2.8374    170.243     84.810  50550.432    31.5997     6.1907     84.000     6.1841    24.8445     6.4422     9.2066     91.576    280.736    287.711    0.00026    7.03488   10.05355  306.56134   15.79246 3.6382e-02     0.5089     0.4210    90.0103 0.0000e+00
        687  55.276463    0.04761     2.8568    171.409     85.812  50554.117    31.6021     6.1923     85.000     6.1863    24.8462     6.4393     9.2023     91.538    280.606    287.578   -0.00031    7.03453   10.05304  306.54538   15.79169 3.6382e-02     0.4896     0.4176    90.0860 0.0000e+00
