CTD-processing/allCTD/CNV/2015_08-14_t6_s01_cast150_5028.cnv
* Sea-Bird SBE19plus Data File:
* FileName = C:\Users\Kris.Holderied\Documents\kasitsna\Research-KBL\Oceanography-AK\CTD-Data-ALL-to-2015-06\2015-CTD-KachemakBay-CookInlet\2015-08-14-CookInlet-east-and-KachemakBay\2015-08-14-CookInlet-east-and_KBay-cast150.hex
* Software Version 1.59
* Temperature SN =  5028
* Conductivity SN =  5028
* System UpLoad Time = Sep 24 2015 11:20:26
** Cook Inlet East side (T6/T7), along Kachemak Bay to Spit, T9 batch upload
** Date (YYYY-MM-DD): 2015-08-14
** Station (ie. 9-01): 6-01
** Start time (AKDT): 10:35
** Depth (m): 38
** Comment:  Nuka R/V Johanna Rose
** Comment:
# nquan = 27
# nvalues = 37                          
# units = specified
# name 0 = scan: Scan Count
# name 1 = timeJ: Julian Days
# name 2 = timeH: Time, Elapsed [hours]
# name 3 = timeM: Time, Elapsed [minutes]
# name 4 = timeS: Time, Elapsed [seconds]
# name 5 = prdM: Pressure, Strain Gauge [db]
# name 6 = specc: Specific Conductance [uS/cm]
# name 7 = sal00: Salinity, Practical [PSU]
# name 8 = tv290C: Temperature [ITS-90, deg C]
# name 9 = depSM: Depth [salt water, m], lat = 59.00
# name 10 = potemp090C: Potential Temperature [ITS-90, deg C]
# name 11 = sigma-é00: Density [sigma-theta, kg/m^3]
# name 12 = sbeox0ML/L: Oxygen, SBE 43 [ml/l]
# name 13 = sbeox0Mg/L: Oxygen, SBE 43 [mg/l]
# name 14 = sbeox0PS: Oxygen, SBE 43 [% saturation]
# name 15 = sbox0Mm/Kg: Oxygen, SBE 43 [umol/kg]
# name 16 = sbeox0Mm/L: Oxygen, SBE 43 [umol/l]
# name 17 = sbox0dV/dT: Oxygen, SBE 43 [dov/dt]
# name 18 = oxsolML/L: Oxygen Saturation, Garcia & Gordon [ml/l]
# name 19 = oxsolMg/L: Oxygen Saturation, Garcia & Gordon [mg/l]
# name 20 = oxsolMm/Kg: Oxygen Saturation, Garcia & Gordon [umol/kg]
# name 21 = potemp090C: Potential Temperature [ITS-90, deg C]
# name 22 = n2satMg/L: Nitrogen Saturation [mg/l]
# name 23 = par: PAR/Irradiance, Biospherical/Licor
# name 24 = flECO-AFL: Fluorescence, WET Labs ECO-AFL/FL [mg/m^3]
# name 25 = turbWETntu0: Turbidity, WET Labs ECO [NTU]
# name 26 = flag: flag
# span 0 =        589,        747       
# span 1 = 226.441957, 226.442414       
# span 2 =    0.04086,    0.05184       
# span 3 =     2.4516,     3.1103       
# span 4 =    147.095,    186.617       
# span 5 =      1.010,     37.353       
# span 6 =  48976.591,  49356.518       
# span 7 =    31.1524,    31.3361       
# span 8 =     9.5940,    10.1383       
# span 9 =      1.000,     37.000       
# span 10 =     9.5913,    10.1336      
# span 11 =    23.9266,    24.1584      
# span 12 =     5.6413,     5.8432      
# span 13 =     8.0619,     8.3505      
# span 14 =     86.490,     90.522      
# span 15 =    245.996,    254.857      
# span 16 =    251.938,    260.956      
# span 17 =   -0.00602,   -0.00015      
# span 18 =    6.45291,    6.52270      
# span 19 =    9.22185,    9.32159      
# span 20 =  281.45259,  284.43233      
# span 21 =     9.5912,    10.1382      
# span 22 =   14.59536,   14.73716      
# span 23 = 8.9356e-01, 1.8314e+02      
# span 24 =     0.8383,     1.2632      
# span 25 =     0.2817,     0.3235      
# span 26 = 0.0000e+00, 0.0000e+00      
# interval = meters: 1                  
# start_time = Aug 14 2015 10:33:58 [Instrument's time stamp, header]
# bad_flag = -9.990e-29
*END*
        589 226.441957    0.04086     2.4516    147.095      1.010  48976.591    31.1524    10.1383      1.000    10.1336    23.9266     5.8409     8.3473     90.517    254.762    260.857   -0.00015    6.45291    9.22185  281.45259    10.1382   14.59536 1.8314e+02     1.0748     0.2817 0.0000e+00
        595 226.441973    0.04125     2.4751    148.505      2.019  48984.121    31.1553    10.1227      2.000    10.1160    23.9315     5.8432     8.3505     90.522    254.857    260.956   -0.00015    6.45498    9.22481  281.54169    10.1225   14.59961 1.3161e+02     1.1404     0.3026 0.0000e+00
        600 226.441988    0.04160     2.4959    149.754      3.028  48989.479    31.1560    10.1011      3.000    10.0857    23.9355     5.8421     8.3490     90.463    254.810    260.909   -0.00045    6.45800    9.22913  281.67243    10.1008   14.60586 9.8308e+01     1.2051     0.3069 0.0000e+00
        605 226.442002    0.04193     2.5159    150.956      4.038  49012.414    31.1675    10.0669      4.000    10.0559    23.9501     5.8306     8.3326     90.225    254.306    260.397   -0.00175    6.46235    9.23534  281.85786    10.0665   14.61469 8.1487e+01     1.2325     0.2946 0.0000e+00
        610 226.442016    0.04226     2.5354    152.126      5.047  49019.133    31.1684    10.0397      5.000    10.0202    23.9553     5.8151     8.3103     89.931    253.625    259.700   -0.00303    6.46616    9.24079  282.02290    10.0391   14.62258 7.2238e+01     1.2632     0.2984 0.0000e+00
        614 226.442028    0.04257     2.5543    153.258      6.057  49023.537    31.1642     9.9851      6.000     9.9484    23.9610     5.7988     8.2871     89.570    252.915    258.975   -0.00425    6.47407    9.25210  282.36628     9.9844   14.63902 6.4554e+01     1.2418     0.2982 0.0000e+00
        619 226.442042    0.04289     2.5732    154.393      7.066  49101.777    31.2088     9.9040      7.000     9.8798    24.0088     5.7793     8.2593     89.137    252.055    258.107   -0.00557    6.48372    9.26588  282.77387     9.9033   14.65834 5.7212e+01     1.1935     0.2966 0.0000e+00
        623 226.442055    0.04321     2.5926    155.556      8.075  49143.877    31.2328     9.8634      8.000     9.8513    24.0342     5.7606     8.2326     88.782    251.232    257.270   -0.00602    6.48850    9.27272  282.97550     9.8625   14.66789 5.0679e+01     1.1719     0.2969 0.0000e+00
        627 226.442067    0.04349     2.6096    156.578      9.085  49152.182    31.2343     9.8331      9.000     9.8053    24.0403     5.7517     8.2198     88.587    250.842    256.872   -0.00550    6.49276    9.27880  283.15922     9.8321   14.67667 4.4173e+01     1.1472     0.2903 0.0000e+00
        631 226.442079    0.04378     2.6265    157.590     10.095  49192.028    31.2549     9.7785     10.000     9.7582    24.0652     5.7425     8.2066     88.351    250.434    256.460   -0.00534    6.49968    9.28870  283.45436     9.7774   14.69071 3.8439e+01     1.1058     0.2862 0.0000e+00
        636 226.442091    0.04408     2.6449    158.695     11.104  49225.781    31.2741     9.7460     11.000     9.7403    24.0854     5.7244     8.1808     88.019    249.638    255.650   -0.00570    6.50353    9.29418  283.61634     9.7448   14.69838 3.3416e+01     1.0433     0.2821 0.0000e+00
        640 226.442104    0.04438     2.6627    159.762     12.113  49229.673    31.2751     9.7358     12.000     9.7271    24.0878     5.7118     8.1628     87.807    249.089    255.089   -0.00543    6.50493    9.29620  283.67713     9.7345   14.70128 2.8932e+01     1.0302     0.3060 0.0000e+00
        644 226.442115    0.04466     2.6798    160.785     13.123  49239.702    31.2796     9.7197     13.000     9.7118    24.0939     5.7117     8.1627     87.777    249.084    255.086   -0.00406    6.50705    9.29923  283.76776     9.7183   14.70560 2.4980e+01     1.0319     0.3189 0.0000e+00
        648 226.442128    0.04496     2.6979    161.873     14.132  49251.326    31.2859     9.7085     14.000     9.7055    24.1007     5.7079     8.1571     87.700    248.913    254.912   -0.00328    6.50838    9.30114  283.82413     9.7069   14.70827 2.1572e+01     1.0189     0.3029 0.0000e+00
        652 226.442139    0.04524     2.7145    162.873     15.142  49252.999    31.2863     9.7058     15.000     9.6996    24.1014     5.7059     8.1543     87.665    248.828    254.825   -0.00265    6.50874    9.30165  283.83969     9.7043   14.70902 1.8662e+01     1.0136     0.3026 0.0000e+00
        657 226.442152    0.04553     2.7314    163.886     16.151  49254.740    31.2848     9.6879     16.000     9.6670    24.1031     5.7047     8.1527     87.612    248.778    254.774   -0.00217    6.51138    9.30541  283.95384     9.6862   14.71448 1.6274e+01     0.9946     0.2964 0.0000e+00
        661 226.442164    0.04583     2.7502    165.015     17.161  49288.865    31.3036     9.6508     17.000     9.6404    24.1237     5.6929     8.1357     87.369    248.254    254.243   -0.00294    6.51592    9.31189  284.14606     9.6490   14.72359 1.4128e+01     0.9556     0.2983 0.0000e+00
        665 226.442177    0.04612     2.7673    166.041     18.171  49304.061    31.3119     9.6365     18.000     9.6298    24.1326     5.6800     8.1173     87.148    247.691    253.669   -0.00353    6.51762    9.31433  284.21792     9.6345   14.72700 1.2313e+01     0.9349     0.2993 0.0000e+00
        669 226.442188    0.04641     2.7847    167.079     19.180  49313.576    31.3171     9.6278     19.000     9.6228    24.1379     5.6712     8.1048     87.000    247.307    253.277   -0.00345    6.51864    9.31579  284.26108     9.6258   14.72904 1.0707e+01     0.9161     0.2919 0.0000e+00
        673 226.442200    0.04670     2.8018    168.107     20.189  49319.660    31.3201     9.6217     20.000     9.6153    24.1413     5.6648     8.0955     86.891    247.025    252.988   -0.00316    6.51939    9.31686  284.29276     9.6196   14.73055 9.3224e+00     0.9005     0.2872 0.0000e+00
        678 226.442213    0.04701     2.8205    169.228     21.199  49330.214    31.3257     9.6111     21.000     9.6045    24.1474     5.6615     8.0909     86.824    246.880    252.842   -0.00264    6.52067    9.31869  284.34701     9.6089   14.73311 8.0938e+00     0.8762     0.2893 0.0000e+00
        682 226.442225    0.04729     2.8374    170.243     22.209  49338.661    31.3304     9.6047     22.000     9.6013    24.1521     5.6604     8.0893     86.797    246.831    252.793   -0.00209    6.52140    9.31973  284.37743     9.6024   14.73455 7.0467e+00     0.8609     0.3076 0.0000e+00
        686 226.442237    0.04759     2.8551    171.306     23.218  49340.273    31.3310     9.6038     23.000     9.6005    24.1527     5.6558     8.0827     86.725    246.630    252.587   -0.00193    6.52151    9.31988  284.38192     9.6014   14.73477 6.1524e+00     0.8521     0.3235 0.0000e+00
        691 226.442250    0.04789     2.8732    172.391     24.228  49343.270    31.3322     9.6005     24.000     9.5956    24.1542     5.6537     8.0797     86.687    246.538    252.493   -0.00168    6.52193    9.32049  284.39997     9.5979   14.73563 5.3519e+00     0.8472     0.3086 0.0000e+00
        695 226.442262    0.04817     2.8904    173.424     25.237  49348.296    31.3348     9.5964     25.000     9.5920    24.1569     5.6548     8.0813     86.698    246.587    252.544   -0.00113    6.52242    9.32120  284.42067     9.5937   14.73661 4.6638e+00     0.8443     0.2972 0.0000e+00
        699 226.442274    0.04847     2.9081    174.485     26.247  49351.317    31.3361     9.5940     26.000     9.5913    24.1584     5.6514     8.0765     86.643    246.440    252.393   -0.00118    6.52270    9.32159  284.43233     9.5912   14.73716 4.0772e+00     0.8383     0.3120 0.0000e+00
        703 226.442286    0.04875     2.9250    175.501     27.256  49351.348    31.3359     9.5948     27.000     9.5926    24.1580     5.6482     8.0718     86.594    246.298    252.248   -0.00120    6.52259    9.32144  284.42791     9.5919   14.73695 3.5612e+00     0.8571     0.3112 0.0000e+00
        707 226.442298    0.04906     2.9434    176.602     28.266  49350.804    31.3353     9.5965     28.000     9.5943    24.1573     5.6477     8.0711     86.589    246.274    252.223   -0.00095    6.52237    9.32112  284.41839     9.5935   14.73649 3.1158e+00     0.8640     0.3063 0.0000e+00
        712 226.442311    0.04936     2.9615    177.691     29.275  49349.700    31.3343     9.5979     29.000     9.5947    24.1563     5.6476     8.0709     86.590    246.271    252.221   -0.00067    6.52223    9.32091  284.41219     9.5948   14.73621 2.7091e+00     0.8700     0.2998 0.0000e+00
        716 226.442323    0.04963     2.9779    178.672     30.285  49350.457    31.3343     9.5979     30.000     9.5948    24.1564     5.6454     8.0678     86.556    246.177    252.123   -0.00076    6.52222    9.32091  284.41219     9.5946   14.73620 2.3745e+00     0.8514     0.2990 0.0000e+00
        720 226.442335    0.04993     2.9961    179.764     31.295  49350.512    31.3340     9.5984     31.000     9.5952    24.1561     5.6436     8.0653     86.530    246.099    252.044   -0.00073    6.52216    9.32082  284.40939     9.5951   14.73607 2.0749e+00     0.8466     0.2885 0.0000e+00
        724 226.442347    0.05022     3.0132    180.794     32.304  49350.616    31.3337     9.5984     32.000     9.5943    24.1558     5.6417     8.0625     86.499    246.014    251.957   -0.00078    6.52218    9.32085  284.41041     9.5949   14.73612 1.8145e+00     0.8540     0.2974 0.0000e+00
        729 226.442360    0.05054     3.0319    181.911     33.314  49352.521    31.3344     9.5970     33.000     9.5929    24.1566     5.6413     8.0619     86.491    245.996    251.938   -0.00066    6.52235    9.32108  284.41741     9.5934   14.73645 1.5842e+00     0.8459     0.3053 0.0000e+00
        733 226.442373    0.05083     3.0503    183.017     34.324  49354.447    31.3352     9.5961     34.000     9.5922    24.1575     5.6443     8.0663     86.538    246.131    252.077   -0.00026    6.52244    9.32121  284.42118     9.5925   14.73663 1.3832e+00     0.8462     0.3126 0.0000e+00
        737 226.442385    0.05114     3.0685    184.112     35.334  49355.759    31.3356     9.5959     35.000     9.5922    24.1578     5.6440     8.0659     86.532    246.116    252.061   -0.00022    6.52245    9.32123  284.42148     9.5922   14.73664 1.2100e+00     0.8426     0.3095 0.0000e+00
        742 226.442399    0.05145     3.0870    185.219     36.343  49356.114    31.3355     9.5962     36.000     9.5923    24.1577     5.6413     8.0619     86.490    245.996    251.938   -0.00049    6.52241    9.32118  284.41989     9.5923   14.73657 1.0584e+00     0.8481     0.3013 0.0000e+00
        747 226.442414    0.05184     3.1103    186.617     37.353  49356.518    31.3354     9.5964     37.000     9.5925    24.1576     5.6421     8.0631     86.503    246.031    251.975   -0.00029    6.52239    9.32114  284.41889     9.5924   14.73652 8.9356e-01     0.8547     0.3229 0.0000e+00
