CTD-processing/allCTD/CNV/2015_08-14_t9_s05_cast172_5028.cnv
* Sea-Bird SBE19plus Data File:
* FileName = C:\Users\Kris.Holderied\Documents\kasitsna\Research-KBL\Oceanography-AK\CTD-Data-ALL-to-2015-06\2015-CTD-KachemakBay-CookInlet\2015-08-14-CookInlet-east-and-KachemakBay\2015-08-14-CookInlet-east-and_KBay-cast172.hex
* Software Version 1.59
* Temperature SN =  5028
* Conductivity SN =  5028
* System UpLoad Time = Sep 24 2015 11:43:30
** Cook Inlet East side (T6/T7), along Kachemak Bay to Spit, T9 batch upload
** Date (YYYY-MM-DD): 2015-08-14
** Station (ie. 9-01):  9-05
** Start time (AKDT): 17:28
** Depth (m): 97.8
** Comment:  Nuka R/V Johanna Rose
** Comment:
# nquan = 27
# nvalues = 96                          
# units = specified
# name 0 = scan: Scan Count
# name 1 = timeJ: Julian Days
# name 2 = timeH: Time, Elapsed [hours]
# name 3 = timeM: Time, Elapsed [minutes]
# name 4 = timeS: Time, Elapsed [seconds]
# name 5 = prdM: Pressure, Strain Gauge [db]
# name 6 = specc: Specific Conductance [uS/cm]
# name 7 = sal00: Salinity, Practical [PSU]
# name 8 = tv290C: Temperature [ITS-90, deg C]
# name 9 = depSM: Depth [salt water, m], lat = 59.00
# name 10 = potemp090C: Potential Temperature [ITS-90, deg C]
# name 11 = sigma-é00: Density [sigma-theta, kg/m^3]
# name 12 = sbeox0ML/L: Oxygen, SBE 43 [ml/l]
# name 13 = sbeox0Mg/L: Oxygen, SBE 43 [mg/l]
# name 14 = sbeox0PS: Oxygen, SBE 43 [% saturation]
# name 15 = sbox0Mm/Kg: Oxygen, SBE 43 [umol/kg]
# name 16 = sbeox0Mm/L: Oxygen, SBE 43 [umol/l]
# name 17 = sbox0dV/dT: Oxygen, SBE 43 [dov/dt]
# name 18 = oxsolML/L: Oxygen Saturation, Garcia & Gordon [ml/l]
# name 19 = oxsolMg/L: Oxygen Saturation, Garcia & Gordon [mg/l]
# name 20 = oxsolMm/Kg: Oxygen Saturation, Garcia & Gordon [umol/kg]
# name 21 = potemp090C: Potential Temperature [ITS-90, deg C]
# name 22 = n2satMg/L: Nitrogen Saturation [mg/l]
# name 23 = par: PAR/Irradiance, Biospherical/Licor
# name 24 = flECO-AFL: Fluorescence, WET Labs ECO-AFL/FL [mg/m^3]
# name 25 = turbWETntu0: Turbidity, WET Labs ECO [NTU]
# name 26 = flag: flag
# span 0 =        125,        846       
# span 1 = 226.728436, 226.730522       
# span 2 =    0.00857,    0.05865       
# span 3 =     0.5146,     3.5189       
# span 4 =     30.875,    211.132       
# span 5 =      1.009,     96.929       
# span 6 =  43341.483,  49304.817       
# span 7 =    27.5256,    31.2429       
# span 8 =     9.3684,    13.7730       
# span 9 =      1.000,     96.000       
# span 10 =     9.3584,    13.7009      
# span 11 =    20.4638,    24.1223      
# span 12 =     5.3765,     6.3161      
# span 13 =     7.6837,     9.0263      
# span 14 =     81.971,    102.160      
# span 15 =    234.463,    276.115      
# span 16 =    240.119,    282.075      
# span 17 =   -0.02402,   -0.00057      
# span 18 =    6.11172,    6.55920      
# span 19 =    8.73426,    9.37376      
# span 20 =  267.47603,  286.03419      
# span 21 =     9.3582,    13.7728      
# span 22 =   13.94007,   14.81414      
# span 23 = 6.4619e-02, 4.3764e+02      
# span 24 =     0.2538,     0.9573      
# span 25 =     0.2201,     2.9434      
# span 26 = 0.0000e+00, 0.0000e+00      
# interval = meters: 1                  
# start_time = Aug 14 2015 17:28:26 [Instrument's time stamp, header]
# bad_flag = -9.990e-29
*END*
        125 226.728436    0.00857     0.5146     30.875      1.009  43341.483    27.5256    13.7730      1.000    13.7009    20.4638     6.0591     8.6590     99.134    265.172    270.600   -0.00128    6.11172    8.73426  267.47603    13.7728   13.94007 2.1602e+02     0.3439     0.2201 0.0000e+00
        423 226.729301    0.02932     1.7593    105.556      2.019  45189.378    28.7545    12.8478      2.000    12.5272    21.5883     6.3161     9.0263    102.160    276.115    282.075   -0.01022    6.18320    8.83641  270.30555    12.8475   14.07095 4.3764e+02     0.3416     0.2699 0.0000e+00
        429 226.729316    0.02969     1.7815    106.889      3.028  46405.522    29.5525    12.1571      3.000    11.9356    22.3335     6.2163     8.8837     99.591    271.556    277.620   -0.02402    6.24225    8.92080  272.68847    12.1567   14.18205 3.6283e+02     0.3201     0.2968 0.0000e+00
        433 226.729330    0.03002     1.8013    108.079      4.038  47146.519    30.0354    11.7308      4.000    11.6436    22.7849     6.1881     8.8434     98.543    270.205    276.361   -0.02310    6.27967    8.97428  274.20238    11.7303   14.25268 3.0340e+02     0.3361     0.3153 0.0000e+00
        438 226.729342    0.03034     1.8202    109.210      5.047  47455.965    30.2369    11.5625      5.000    11.4977    22.9713     6.2082     8.8722     98.635    271.034    277.260   -0.01460    6.29416    8.99498  274.78503    11.5620   14.27979 2.4344e+02     0.3171     0.3382 0.0000e+00
        443 226.729356    0.03066     1.8398    110.387      6.057  47728.908    30.4146    11.4177      6.000    11.3739    23.1348     6.2186     8.8870     98.605    271.443    277.722   -0.00968    6.30657    9.01271  275.28259    11.4170   14.30293 2.0650e+02     0.3435     0.3379 0.0000e+00
        447 226.729370    0.03100     1.8602    111.609      7.066  47859.122    30.4981    11.3400      7.000    11.3286    23.2134     6.2207     8.8901     98.528    271.515    277.818   -0.00684    6.31370    9.02292  275.57304    11.3392   14.31650 1.7652e+02     0.3997     0.3541 0.0000e+00
        452 226.729384    0.03132     1.8791    112.745      8.076  47891.016    30.5183    11.3212      8.000    11.3143    23.2324     6.2263     8.8980     98.589    271.754    278.067   -0.00413    6.31543    9.02539  275.64357    11.3203   14.31980 1.4475e+02     0.4498     0.3620 0.0000e+00
        457 226.729397    0.03165     1.8986    113.915      9.085  47918.713    30.5359    11.3068      9.000    11.3000    23.2486     6.2256     8.8970     98.557    271.717    278.033   -0.00292    6.31668    9.02716  275.69335    11.3058   14.32211 1.2233e+02     0.4730     0.3681 0.0000e+00
        461 226.729411    0.03197     1.9182    115.094     10.095  47947.648    30.5548    11.2961     10.000    11.2921    23.2652     6.2253     8.8965     98.542    271.698    278.019   -0.00210    6.31737    9.02816  275.71911    11.2949   14.32327 1.0423e+02     0.4933     0.3664 0.0000e+00
        466 226.729425    0.03231     1.9384    116.305     11.104  47983.894    30.5791    11.2866     11.000    11.2789    23.2857     6.2247     8.8958     98.529    271.671    277.997   -0.00145    6.31769    9.02860  275.72736    11.2853   14.32357 8.8140e+01     0.5566     0.3671 0.0000e+00
        471 226.729438    0.03262     1.9569    117.416     12.114  48020.504    30.6031    11.2725     12.000    11.2649    23.3068     6.2166     8.8841     98.385    271.308    277.631   -0.00191    6.31863    9.02996  275.76286    11.2711   14.32518 7.5047e+01     0.5925     0.3431 0.0000e+00
        475 226.729451    0.03295     1.9765    118.589     13.124  48051.551    30.6232    11.2591     13.000    11.2535    23.3248     6.2123     8.8780     98.301    271.117    277.441   -0.00194    6.31964    9.03140  275.80200    11.2576   14.32697 6.5753e+01     0.6290     0.3211 0.0000e+00
        480 226.729465    0.03326     1.9959    119.751     14.133  48072.608    30.6366    11.2493     14.000    11.2419    23.3370     6.2106     8.8755     98.262    271.039    277.364   -0.00157    6.32043    9.03252  275.83311    11.2477   14.32841 5.6264e+01     0.6596     0.3213 0.0000e+00
        485 226.729478    0.03358     2.0150    120.899     15.142  48105.442    30.6579    11.2348     15.000    11.2229    23.3561     6.2068     8.8701     98.184    270.867    277.194   -0.00157    6.32155    9.03412  275.87699    11.2330   14.33042 4.8276e+01     0.6835     0.3443 0.0000e+00
        489 226.729492    0.03390     2.0342    122.050     16.152  48176.568    30.7046    11.2050     16.000    11.1863    23.3976     6.2003     8.8609     98.049    270.575    276.906   -0.00193    6.32371    9.03721  275.95990    11.2032   14.33421 4.1600e+01     0.6821     0.3703 0.0000e+00
        494 226.729504    0.03422     2.0527    123.161     17.162  48284.517    30.7767    11.1690     17.000    11.1525    23.4598     6.1909     8.8475     97.869    270.151    276.488   -0.00250    6.32571    9.04007  276.03055    11.1669   14.33730 3.5763e+01     0.7038     0.3861 0.0000e+00
        498 226.729517    0.03452     2.0711    124.266     18.171  48416.224    30.8658    11.1362     18.000    11.1120    23.5349     6.1808     8.8330     97.696    269.688    276.035   -0.00286    6.32658    9.04132  276.04843    11.1340   14.33780 3.0935e+01     0.7439     0.3473 0.0000e+00
        502 226.729529    0.03482     2.0894    125.362     19.180  48543.083    30.9487    11.0779     19.000    11.0465    23.6095     6.1744     8.8239     97.524    269.390    275.750   -0.00306    6.33117    9.04787  276.22829    11.0757   14.34608 2.6412e+01     0.8206     0.2807 0.0000e+00
        507 226.729543    0.03515     2.1089    126.531     20.190  48618.868    30.9959    11.0238     20.000    11.0083    23.6556     6.1607     8.8042     97.223    268.777    275.135   -0.00389    6.33664    9.05568  276.45444    11.0214   14.35673 2.2607e+01     0.9304     0.2526 0.0000e+00
        511 226.729555    0.03545     2.1267    127.600     21.200  48642.300    31.0089    10.9950     21.000    10.9771    23.6707     6.1407     8.7756     96.855    267.899    274.241   -0.00502    6.34003    9.06054  276.59853    10.9926   14.36358 1.9307e+01     0.9573     0.2563 0.0000e+00
        516 226.729569    0.03575     2.1452    128.711     22.209  48666.789    31.0220    10.9615     22.000    10.9430    23.6867     6.1251     8.7533     96.547    267.215    273.544   -0.00545    6.34408    9.06633  276.77094    10.9589   14.37178 1.6499e+01     0.9386     0.2751 0.0000e+00
        520 226.729581    0.03606     2.1637    129.825     23.219  48681.025    31.0271    10.9210     23.000    10.8916    23.6977     6.1185     8.7439     96.363    266.926    273.252   -0.00487    6.34940    9.07393  277.00025    10.9183   14.38274 1.4120e+01     0.9102     0.2947 0.0000e+00
        525 226.729594    0.03636     2.1816    130.896     24.228  48719.216    31.0473    10.8650     24.000    10.8444    23.7231     6.1064     8.7266     96.069    266.391    272.711   -0.00510    6.35625    9.08372  277.29206    10.8622   14.39663 1.2098e+01     0.8554     0.3078 0.0000e+00
        529 226.729606    0.03667     2.2000    131.999     25.237  48743.658    31.0607    10.8340     25.000    10.8217    23.7388     6.0840     8.6947     95.661    265.411    271.712   -0.00607    6.35997    9.08903  277.44973    10.8310   14.40413 1.0387e+01     0.7963     0.3302 0.0000e+00
        533 226.729618    0.03695     2.2173    133.035     26.247  48752.955    31.0647    10.8153     26.000    10.8034    23.7451     6.0627     8.6641     95.289    264.478    270.758   -0.00656    6.36236    9.09244  277.55241    10.8123   14.40903 8.9685e+00     0.7713     0.3028 0.0000e+00
        538 226.729632    0.03727     2.2361    134.165     27.257  48764.834    31.0703    10.7948     27.000    10.7817    23.7530     6.0443     8.6379     94.963    263.676    269.939   -0.00658    6.36495    9.09615  277.66327    10.7917   14.41432 7.7728e+00     0.7333     0.2772 0.0000e+00
        542 226.729644    0.03757     2.2542    135.253     28.266  48773.428    31.0733    10.7716     28.000    10.7557    23.7594     6.0333     8.6222     94.744    263.195    269.448   -0.00585    6.36801    9.10053  277.79535    10.7684   14.42063 6.7610e+00     0.6863     0.2723 0.0000e+00
        546 226.729657    0.03788     2.2726    136.357     29.276  48780.259    31.0743    10.7417     29.000    10.7208    23.7652     6.0192     8.6021     94.463    262.579    268.819   -0.00574    6.37209    9.10635  277.97133    10.7384   14.42905 5.9008e+00     0.6723     0.2547 0.0000e+00
        551 226.729669    0.03818     2.2909    137.453     30.285  48789.699    31.0756    10.6994     30.000    10.6742    23.7735     6.0045     8.5810     94.146    261.934    268.161   -0.00588    6.37786    9.11460  278.22106    10.6959   14.44101 5.1429e+00     0.6340     0.2749 0.0000e+00
        555 226.729683    0.03849     2.3095    138.571     31.295  48806.938    31.0821    10.6541     31.000    10.6305    23.7863     5.9900     8.5603     93.831    261.300    267.515   -0.00600    6.38384    9.12315  278.47855    10.6506   14.45330 4.4873e+00     0.5767     0.2934 0.0000e+00
        560 226.729695    0.03879     2.3276    139.654     32.304  48813.763    31.0809    10.6068     32.000    10.5778    23.7933     5.9712     8.5334     93.439    260.473    266.671   -0.00643    6.39043    9.13257  278.76398    10.6032   14.46698 3.8930e+00     0.5507     0.3380 0.0000e+00
        564 226.729708    0.03910     2.3459    140.755     33.314  48837.656    31.0911    10.5533     33.000    10.5315    23.8103     5.9403     8.4893     92.854    259.123    265.293   -0.00800    6.39743    9.14256  279.06448    10.5496   14.48132 3.3797e+00     0.5191     0.3693 0.0000e+00
        568 226.729720    0.03940     2.3641    141.845     34.324  48857.088    31.1005    10.5207     34.000    10.5043    23.8232     5.9103     8.4464     92.326    257.811    263.954   -0.00880    6.40156    9.14848  279.24142    10.5168   14.48975 2.9172e+00     0.4956     0.4103 0.0000e+00
        573 226.729733    0.03971     2.3826    142.953     35.333  48854.447    31.0939    10.4843     35.000    10.4537    23.8242     5.8908     8.4185     91.945    256.962    263.084   -0.00844    6.40690    9.15610  279.47396    10.4803   14.50091 2.5164e+00     0.4740     0.4392 0.0000e+00
        577 226.729745    0.04000     2.4001    144.006     36.343  48875.912    31.1016    10.4255     36.000    10.3970    23.8400     5.8778     8.3999     91.629    256.389    262.502   -0.00778    6.41476    9.16734  279.81265    10.4214   14.51709 2.1523e+00     0.4466     0.4945 0.0000e+00
        582 226.729759    0.04032     2.4191    145.146     37.352  48903.839    31.1148    10.3749     37.000    10.3554    23.8587     5.8565     8.3695     91.204    255.455    261.550   -0.00784    6.42127    9.17664  280.09141    10.3708   14.53038 1.8258e+00     0.4390     0.5483 0.0000e+00
        586 226.729771    0.04061     2.4368    146.210     38.362  48915.977    31.1194    10.3451     38.000    10.3277    23.8673     5.8366     8.3411     90.839    254.588    260.665   -0.00773    6.42526    9.18233  280.26283    10.3408   14.53857 1.5388e+00     0.4225     0.6145 0.0000e+00
        590 226.729784    0.04092     2.4554    147.324     39.372  48924.637    31.1214    10.3155     39.000    10.2982    23.8739     5.8198     8.3171     90.520    253.851    259.911   -0.00726    6.42931    9.18813  280.43787    10.3110   14.54694 1.2928e+00     0.3970     0.6458 0.0000e+00
        594 226.729796    0.04121     2.4729    148.373     40.381  48935.961    31.1259    10.2898     40.000    10.2752    23.8816     5.8100     8.3030     90.319    253.421    259.473   -0.00637    6.43272    9.19300  280.58460    10.2853   14.55394 1.0856e+00     0.3960     0.6577 0.0000e+00
        599 226.729810    0.04155     2.4927    149.562     41.392  48947.872    31.1315    10.2700     41.000    10.2601    23.8893     5.7996     8.2882     90.122    252.967    259.010   -0.00540    6.43527    9.19664  280.69345    10.2654   14.55912 9.1084e-01     0.3999     0.6684 0.0000e+00
        604 226.729822    0.04184     2.5106    150.634     42.401  48947.179    31.1290    10.2575     42.000    10.2434    23.8895     5.7905     8.2752     89.955    252.570    258.604   -0.00484    6.43712    9.19929  280.77426    10.2528   14.56300 7.6369e-01     0.3899     0.6595 0.0000e+00
        608 226.729835    0.04214     2.5288    151.729     43.410  48955.342    31.1318    10.2368     43.000    10.2246    23.8951     5.7827     8.2640     89.794    252.227    258.253   -0.00431    6.43991    9.20327  280.89436    10.2320   14.56874 6.4248e-01     0.3810     0.6627 0.0000e+00
        612 226.729848    0.04246     2.5474    152.846     44.420  48961.808    31.1342    10.2226     44.000    10.2108    23.8993     5.7735     8.2510     89.627    251.829    257.848   -0.00401    6.44180    9.20598  280.97583    10.2177   14.57263 5.4040e-01     0.4054     0.6852 0.0000e+00
        617 226.729861    0.04277     2.5661    153.969     45.429  48960.605    31.1304    10.2017     45.000    10.1842    23.8998     5.7636     8.2368     89.429    251.395    257.403   -0.00392    6.44489    9.21040  281.11056    10.1967   14.57909 4.5503e-01     0.3947     0.6761 0.0000e+00
        621 226.729873    0.04307     2.5842    155.052     46.439  48974.651    31.1369    10.1777     46.000    10.1655    23.9088     5.7536     8.2224     89.230    250.954    256.954   -0.00401    6.44801    9.21485  281.24393    10.1725   14.58545 3.8448e-01     0.3774     0.6778 0.0000e+00
        626 226.729886    0.04337     2.6023    156.138     47.449  48980.786    31.1390    10.1637     47.000    10.1522    23.9128     5.7450     8.2102     89.072    250.581    256.573   -0.00376    6.44988    9.21752  281.32436    10.1585   14.58929 3.2536e-01     0.3729     0.6752 0.0000e+00
        630 226.729898    0.04366     2.6199    157.195     48.459  48981.267    31.1372    10.1490     48.000    10.1325    23.9138     5.7380     8.2002     88.934    250.275    256.260   -0.00353    6.45203    9.22060  281.41797    10.1436   14.59377 2.7637e-01     0.3720     0.6781 0.0000e+00
        634 226.729911    0.04397     2.6382    158.290     49.469  48982.392    31.1336    10.1173     49.000    10.0932    23.9162     5.7339     8.1944     88.807    250.096    256.078   -0.00322    6.45665    9.22719  281.61847    10.1119   14.60338 2.3694e-01     0.3680     0.7071 0.0000e+00
        639 226.729924    0.04428     2.6564    159.384     50.478  49002.729    31.1428    10.0800     50.000    10.0623    23.9296     5.7212     8.1763     88.543    249.540    255.511   -0.00380    6.46154    9.23417  281.82802    10.0744   14.61337 2.0394e-01     0.3543     0.7542 0.0000e+00
        643 226.729936    0.04457     2.6743    160.458     51.487  49009.673    31.1439    10.0529     51.000    10.0327    23.9349     5.7066     8.1554     88.266    248.901    254.859   -0.00440    6.46532    9.23959  281.99174    10.0472   14.62120 1.7737e-01     0.3471     0.8091 0.0000e+00
        647 226.729949    0.04488     2.6928    161.565     52.497  49016.535    31.1442    10.0202     52.000     9.9953    23.9405     5.6915     8.1337     87.969    248.239    254.182   -0.00482    6.46992    9.24617  282.19099    10.0145   14.63073 1.5533e-01     0.3366     0.8629 0.0000e+00
        652 226.729961    0.04518     2.7108    162.645     53.507  49029.850    31.1475     9.9755     53.000     9.9513    23.9503     5.6740     8.1087     87.614    247.473    253.400   -0.00549    6.47612    9.25502  282.45851     9.9696   14.64352 1.3709e-01     0.3226     0.8842 0.0000e+00
