CTD-processing/allCTD/CNV/2015_02-23_t6_s03_cast245_4141.cnv
* Sea-Bird SBE19plus Data File:
* FileName = C:\Users\amdoroff\Desktop\2015_02_23_CookInlet_Tran6_Douglas\2015_02_23_CookInlet_Tran6_cast245.hex
* Software Version 1.59
* Temperature SN =  4141
* Conductivity SN =  4141
* System UpLoad Time = Feb 24 2015 01:52:19
** Cook Inlet LTM Tran6 Douglas W to E
** Date 02-24
** Station: 6-03
** Start Time (AKST): 00:07
** Depth (m): 101
** Comment: Dark. New day (after midnight).
** Comment: On R/V Pandalus. Transect crossed 23-24 Feb.
# nquan = 27
# nvalues = 100                         
# units = specified
# name 0 = scan: Scan Count
# name 1 = timeJ: Julian Days
# name 2 = timeH: Time, Elapsed [hours]
# name 3 = timeM: Time, Elapsed [minutes]
# name 4 = timeS: Time, Elapsed [seconds]
# name 5 = prdM: Pressure, Strain Gauge [db]
# name 6 = specc: Specific Conductance [uS/cm]
# name 7 = sal00: Salinity, Practical [PSU]
# name 8 = tv290C: Temperature [ITS-90, deg C]
# name 9 = depSM: Depth [salt water, m], lat = 59.00
# name 10 = potemp090C: Potential Temperature [ITS-90, deg C]
# name 11 = sigma-é00: Density [sigma-theta, kg/m^3]
# name 12 = sbeox0ML/L: Oxygen, SBE 43 [ml/l]
# name 13 = sbeox0Mg/L: Oxygen, SBE 43 [mg/l]
# name 14 = sbeox0PS: Oxygen, SBE 43 [% saturation]
# name 15 = sbox0Mm/Kg: Oxygen, SBE 43 [umol/kg]
# name 16 = sbeox0Mm/L: Oxygen, SBE 43 [umol/l]
# name 17 = sbox0dV/dT: Oxygen, SBE 43 [dov/dt]
# name 18 = oxsolML/L: Oxygen Saturation, Garcia & Gordon [ml/l]
# name 19 = oxsolMg/L: Oxygen Saturation, Garcia & Gordon [mg/l]
# name 20 = oxsolMm/Kg: Oxygen Saturation, Garcia & Gordon [umol/kg]
# name 21 = n2satMg/L: Nitrogen Saturation [mg/l]
# name 22 = par: PAR/Irradiance, Biospherical/Licor
# name 23 = wetStar: Fluorescence, WET Labs WETstar [mg/m^3]
# name 24 = CStarAt0: Beam Attenuation, WET Labs C-Star [1/m]
# name 25 = CStarTr0: Beam Transmission, WET Labs C-Star [%]
# name 26 = flag: flag
# span 0 =         65,        774       
# span 1 =  55.006332,  55.008383       
# span 2 =    0.00448,    0.05368       
# span 3 =     0.2684,     3.2207       
# span 4 =     16.107,    193.241       
# span 5 =      1.010,    100.963       
# span 6 =  49911.120,  51392.372       
# span 7 =    31.2238,    32.1024       
# span 8 =     5.7653,     6.2073       
# span 9 =      1.000,    100.000       
# span 10 =     6.0021,     6.1360      
# span 11 =    24.5451,    25.2916      
# span 12 =     5.4984,     6.4862      
# span 13 =     7.8579,     9.2694      
# span 14 =     77.986,     92.062      
# span 15 =    239.701,    282.660      
# span 16 =    245.563,    289.673      
# span 17 =   -0.01135,    0.05520      
# span 18 =    7.04495,    7.07990      
# span 19 =   10.06794,   10.11788      
# span 20 =  307.01059,  308.36521      
# span 21 =   15.81408,   15.87637      
# span 22 = 9.1918e-03, 1.1348e-01      
# span 23 =     0.2662,     0.7589      
# span 24 =    -2.6989,    11.0720      
# span 25 =    20.2780,   102.7039      
# span 26 = 0.0000e+00, 0.0000e+00      
# interval = meters: 1                  
# start_time = Feb 24 2015 00:08:51 [Instrument's time stamp, header]
# bad_flag = -9.990e-29
*END*
[from data line 54]
        586  55.007840    0.04065     2.4389    146.334     55.534  50468.712    31.5461     6.1339     55.000     6.1294    24.8087     6.4630     9.2363     91.716    281.651    288.638   -0.00124    7.04676   10.07052  307.08965   15.81786 3.6382e-02     0.5610     0.5409    87.3522 0.0000e+00
        591  55.007852    0.04096     2.4575    147.453     56.537  50469.793    31.5465     6.1343     56.000     6.1300    24.8090     6.4650     9.2391     91.745    281.736    288.725   -0.00067    7.04667   10.07039  307.08591   15.81768 3.6382e-02     0.5631     0.5423    87.3203 0.0000e+00
        595  55.007865    0.04125     2.4748    148.486     57.547  50470.258    31.5463     6.1344     57.000     6.1299    24.8089     6.4673     9.2424     91.778    281.837    288.829   -0.00037    7.04666   10.07038  307.08539   15.81765 3.6382e-02     0.5583     0.5484    87.1888 0.0000e+00
        599  55.007875    0.04151     2.4907    149.443     58.558  50471.598    31.5469     6.1351     58.000     6.1306    24.8093     6.4716     9.2485     91.839    282.020    289.017    0.00027    7.04653   10.07019  307.07952   15.81737 3.6382e-02     0.5611     0.5491    87.1723 0.0000e+00
        602  55.007886    0.04177     2.5057    150.344     59.559  50471.355    31.5462     6.1351     59.000     6.1303    24.8088     6.4724     9.2496     91.851    282.057    289.055    0.00016    7.04654   10.07022  307.08058   15.81743 3.6382e-02     0.5653     0.5520    87.1100 0.0000e+00
        608  55.007902    0.04215     2.5289    151.732     60.572  50472.915    31.5469     6.1355     60.000     6.1307    24.8093     6.4757     9.2544     91.900    282.204    289.205    0.00040    7.04646   10.07009  307.07651   15.81723 3.6382e-02     0.5694     0.5461    87.2385 0.0000e+00
        615  55.007922    0.04263     2.5580    153.479     61.598  50473.045    31.5466     6.1356     61.000     6.1304    24.8090     6.4651     9.2393     91.750    281.743    288.733   -0.00111    7.04646   10.07009  307.07657   15.81723 3.6382e-02     0.5569     0.5422    87.3241 0.0000e+00
        618  55.007932    0.04288     2.5727    154.359     62.593  50473.719    31.5465     6.1353     62.000     6.1302    24.8090     6.4660     9.2406     91.762    281.783    288.773   -0.00104    7.04652   10.07018  307.07918   15.81736 3.6382e-02     0.5580     0.5537    87.0720 0.0000e+00
        622  55.007943    0.04314     2.5884    155.304     63.606  50476.528    31.5480     6.1357     63.000     6.1315    24.8102     6.4739     9.2518     91.875    282.122    289.122    0.00021    7.04638   10.06998  307.07280   15.81705 3.6382e-02     0.5546     0.5519    87.1113 0.0000e+00
        626  55.007954    0.04340     2.6041    156.246     64.611  50475.102    31.5469     6.1376     64.000     6.1319    24.8091     6.4744     9.2526     91.887    282.147    289.147    0.00026    7.04610   10.06959  307.06120   15.81650 3.6382e-02     0.5558     0.5528    87.0923 0.0000e+00
        630  55.007967    0.04371     2.6224    157.344     65.617  50475.995    31.5468     6.1362     65.000     6.1311    24.8091     6.4751     9.2537     91.894    282.180    289.181    0.00008    7.04634   10.06993  307.07160   15.81699 3.6382e-02     0.5694     0.5515    87.1212 0.0000e+00
        637  55.007986    0.04418     2.6507    159.041     66.639  50479.633    31.5494     6.1395     66.000     6.1351    24.8109     6.4734     9.2512     91.878    282.104    289.103   -0.00016    7.04567   10.06897  307.04175   15.81556 3.6382e-02     0.5671     0.5421    87.3250 0.0000e+00
        642  55.008001    0.04452     2.6716    160.296     67.653  50478.909    31.5487     6.1409     67.000     6.1354    24.8102     6.4740     9.2520     91.888    282.129    289.129   -0.00016    7.04548   10.06870  307.03360   15.81518 3.6382e-02     0.5643     0.5458    87.2459 0.0000e+00
        645  55.008010    0.04474     2.6846    161.077     68.656  50477.275    31.5471     6.1408     68.000     6.1345    24.8089     6.4754     9.2540     91.907    282.191    289.192    0.00009    7.04557   10.06883  307.03802   15.81539 3.6382e-02     0.5645     0.5605    86.9229 0.0000e+00
        648  55.008019    0.04494     2.6967    161.802     69.656  50477.681    31.5468     6.1397     69.000     6.1339    24.8087     6.4706     9.2471     91.836    281.981    288.976   -0.00067    7.04577   10.06911  307.04641   15.81579 3.6382e-02     0.5604     0.5641    86.8470 0.0000e+00
        652  55.008030    0.04523     2.7135    162.807     70.663  50479.118    31.5472     6.1394     70.000     6.1336    24.8091     6.4699     9.2461     91.827    281.952    288.947   -0.00074    7.04580   10.06915  307.04778   15.81586 3.6382e-02     0.5689     0.5563    87.0166 0.0000e+00
        659  55.008049    0.04568     2.7409    164.451     71.687  50480.382    31.5476     6.1394     71.000     6.1337    24.8095     6.4761     9.2550     91.915    282.221    289.223    0.00015    7.04578   10.06912  307.04686   15.81581 3.6382e-02     0.5660     0.5485    87.1857 0.0000e+00
        664  55.008065    0.04606     2.7639    165.833     72.704  50480.592    31.5473     6.1396     72.000     6.1337    24.8092     6.4797     9.2600     91.965    282.375    289.380    0.00064    7.04575   10.06909  307.04588   15.81577 3.6382e-02     0.5809     0.5464    87.2319 0.0000e+00
        668  55.008075    0.04629     2.7772    166.630     73.708  50481.094    31.5472     6.1396     73.000     6.1336    24.8091     6.4713     9.2482     91.848    282.015    289.012   -0.00076    7.04577   10.06910  307.04626   15.81578 3.6382e-02     0.5683     0.5609    86.9160 0.0000e+00
        670  55.008083    0.04648     2.7888    167.328     74.711  50481.452    31.5469     6.1397     74.000     6.1336    24.8090     6.4742     9.2523     91.888    282.140    289.139   -0.00058    7.04577   10.06910  307.04641   15.81579 3.6382e-02     0.5681     0.5674    86.7730 0.0000e+00
        673  55.008090    0.04668     2.8006    168.036     75.712  50483.322    31.5478     6.1397     75.000     6.1339    24.8096     6.4749     9.2533     91.899    282.169    289.170   -0.00017    7.04573   10.06905  307.04448   15.81570 3.6382e-02     0.5581     0.5648    86.8318 0.0000e+00
        678  55.008105    0.04703     2.8217    169.301     76.725  50484.626    31.5483     6.1404     76.000     6.1343    24.8100     6.4733     9.2510     91.877    282.099    289.098   -0.00045    7.04558   10.06883  307.03783   15.81538 3.6382e-02     0.5623     0.5559    87.0246 0.0000e+00
        685  55.008126    0.04752     2.8513    171.077     77.756  50484.987    31.5482     6.1407     77.000     6.1344    24.8098     6.4778     9.2574     91.941    282.293    289.297    0.00023    7.04553   10.06877  307.03615   15.81530 3.6382e-02     0.5695     0.5506    87.1394 0.0000e+00
        688  55.008135    0.04774     2.8645    171.867     78.750  50485.360    31.5480     6.1407     78.000     6.1344    24.8096     6.4730     9.2505     91.873    282.085    289.084   -0.00049    7.04555   10.06879  307.03663   15.81533 3.6382e-02     0.5680     0.5573    86.9944 0.0000e+00
        692  55.008144    0.04797     2.8782    172.694     79.757  50485.423    31.5475     6.1408     79.000     6.1343    24.8093     6.4738     9.2517     91.885    282.121    289.120   -0.00059    7.04556   10.06881  307.03717   15.81535 3.6382e-02     0.5560     0.5634    86.8618 0.0000e+00
        695  55.008155    0.04822     2.8932    173.592     80.776  50486.348    31.5477     6.1408     80.000     6.1343    24.8095     6.4778     9.2574     91.942    282.293    289.297    0.00005    7.04555   10.06880  307.03681   15.81534 3.6382e-02     0.5560     0.5574    86.9921 0.0000e+00
        699  55.008164    0.04844     2.9063    174.377     81.776  50488.346    31.5486     6.1411     81.000     6.1347    24.8102     6.4789     9.2589     91.958    282.341    289.346    0.00013    7.04546   10.06867  307.03272   15.81514 3.6382e-02     0.5695     0.5570    87.0016 0.0000e+00
        702  55.008175    0.04871     2.9224    175.342     82.779  50488.433    31.5483     6.1415     82.000     6.1348    24.8099     6.4762     9.2551     91.921    282.226    289.228   -0.00032    7.04540   10.06859  307.03021   15.81502 3.6382e-02     0.5698     0.5560    87.0232 0.0000e+00
        709  55.008194    0.04915     2.9488    176.925     83.815  50488.979    31.5482     6.1415     83.000     6.1348    24.8098     6.4758     9.2546     91.916    282.207    289.209   -0.00025    7.04540   10.06858  307.03023   15.81502 3.6382e-02     0.5607     0.5510    87.1308 0.0000e+00
        712  55.008204    0.04940     2.9637    177.823     84.821  50490.044    31.5485     6.1418     84.000     6.1350    24.8101     6.4737     9.2516     91.886    282.117    289.117   -0.00066    7.04534   10.06850  307.02739   15.81488 3.6382e-02     0.5702     0.5583    86.9736 0.0000e+00
        715  55.008212    0.04957     2.9747    178.480     85.812  50488.397    31.5469     6.1417     85.000     6.1343    24.8088     6.4768     9.2561     91.930    282.254    289.257   -0.00027    7.04542   10.06862  307.03161   15.81508 3.6382e-02     0.5783     0.5639    86.8510 0.0000e+00
        718  55.008221    0.04981     2.9887    179.323     86.819  50490.559    31.5478     6.1412     86.000     6.1342    24.8096     6.4824     9.2640     92.009    282.496    289.505    0.00037    7.04548   10.06869  307.03359   15.81518 3.6382e-02     0.5744     0.5607    86.9199 0.0000e+00
        724  55.008237    0.05018     3.0108    180.650     87.841  50491.137    31.5478     6.1414     87.000     6.1343    24.8095     6.4862     9.2694     92.062    282.660    289.673    0.00067    7.04545   10.06865  307.03244   15.81513 3.6382e-02     0.5568     0.5517    87.1168 0.0000e+00
        729  55.008251    0.05053     3.0315    181.888     88.857  50490.446    31.5468     6.1414     88.000     6.1337    24.8088     6.4781     9.2579     91.947    282.309    289.312   -0.00068    7.04551   10.06873  307.03504   15.81525 3.6382e-02     0.5591     0.5479    87.1990 0.0000e+00
        732  55.008261    0.05076     3.0460    182.760     89.869  50490.535    31.5463     6.1405     89.000     6.1330    24.8085     6.4780     9.2578     91.944    282.306    289.309   -0.00069    7.04564   10.06893  307.04136   15.81556 3.6382e-02     0.5488     0.5531    87.0851 0.0000e+00
        735  55.008269    0.05095     3.0574    183.442     90.874  50492.691    31.5472     6.1402     90.000     6.1329    24.8092     6.4802     9.2608     91.974    282.400    289.406   -0.00039    7.04566   10.06895  307.04166   15.81557 3.6382e-02     0.5579     0.5589    86.9621 0.0000e+00
        737  55.008276    0.05112     3.0675    184.050     91.870  50492.627    31.5467     6.1403     91.000     6.1329    24.8088     6.4813     9.2623     91.989    282.444    289.451   -0.00021    7.04567   10.06896  307.04229   15.81560 3.6382e-02     0.5516     0.5695    86.7296 0.0000e+00
        741  55.008286    0.05136     3.0817    184.901     92.873  50493.450    31.5468     6.1404     92.000     6.1329    24.8089     6.4806     9.2614     91.980    282.416    289.422   -0.00036    7.04566   10.06895  307.04178   15.81557 3.6382e-02     0.5837     0.5636    86.8589 0.0000e+00
        747  55.008305    0.05182     3.1093    186.555     93.915  50494.947    31.5474     6.1407     93.000     6.1333    24.8094     6.4776     9.2571     91.938    282.286    289.290   -0.00056    7.04558   10.06882  307.03785   15.81539 3.6382e-02     0.5633     0.5489    87.1782 0.0000e+00
        751  55.008316    0.05208     3.1249    187.492     94.911  50497.415    31.5488     6.1414     94.000     6.1343    24.8104     6.4757     9.2545     91.914    282.204    289.206   -0.00079    7.04541   10.06859  307.03025   15.81502 3.6382e-02     0.5739     0.5541    87.0641 0.0000e+00
        754  55.008326    0.05231     3.1387    188.325     95.911  50496.644    31.5479     6.1420     95.000     6.1343    24.8096     6.4806     9.2614     91.984    282.415    289.421   -0.00017    7.04533   10.06848  307.02715   15.81487 3.6382e-02     0.5629     0.5608    86.9192 0.0000e+00
        759  55.008338    0.05261     3.1568    189.406     96.935  50498.714    31.5490     6.1426     96.000     6.1351    24.8104     6.4808     9.2617     91.989    282.425    289.432    0.00004    7.04520   10.06828  307.02108   15.81458 3.6382e-02     0.5590     0.5515    87.1212 0.0000e+00
        762  55.008349    0.05288     3.1723    190.340     97.945  50498.475    31.5484     6.1432     97.000     6.1354    24.8099     6.4726     9.2499     91.872    282.065    289.063   -0.00110    7.04512   10.06817  307.01769   15.81442 3.6382e-02     0.5638     0.5535    87.0757 0.0000e+00
        765  55.008357    0.05308     3.1850    191.099     98.947  50500.385    31.5494     6.1436     98.000     6.1360    24.8106     6.4685     9.2441     91.817    281.888    288.882   -0.00155    7.04501   10.06802  307.01286   15.81419 3.6382e-02     0.5562     0.5632    86.8650 0.0000e+00
        769  55.008368    0.05332     3.1995    191.970     99.949  50500.219    31.5489     6.1440     99.000     6.1358    24.8102     6.4747     9.2530     91.906    282.160    289.160   -0.00064    7.04495   10.06794  307.01059   15.81408 3.6382e-02     0.5717     0.5628    86.8743 0.0000e+00
        774  55.008383    0.05368     3.2207    193.241    100.963  50501.163    31.5490     6.1438    100.000     6.1357    24.8103     6.4785     9.2584     91.959    282.326    289.331    0.00012    7.04499   10.06800  307.01213   15.81416 3.6382e-02     0.5728     0.5517    87.1155 0.0000e+00
