CTD-processing/allCTD/CNV/2015_11-04_t9_s06_cast036_5028.cnv
* Sea-Bird SBE19plus Data File:
* FileName = C:\Users\Kris.Holderied\Documents\kasitsna\Research-KBL\Oceanography-AK\CTD-Data-ALL-to-2015-10\2015-CTD-KachemakBay-CookInlet\2015-11-EVOSTC-CookInlet-quarterly\2015-11-04-CookInlet-Tran9-HomerSpit\2015-11-04-CookInlet-Tran9-cast036.hex
* Software Version 1.59
* Temperature SN =  5028
* Conductivity SN =  5028
* System UpLoad Time = Nov 07 2015 12:26:04
** Cook Inlet LTM Tran9 Homer Spit south to north

** Date: 11-04
** Station: 9-06
** Start time (AKST): 21:37
** Depth (m): 101
** Comment: M/V Ursus.
** Comment:
# nquan = 27
# nvalues = 97                          
# units = specified
# name 0 = scan: Scan Count
# name 1 = timeJ: Julian Days
# name 2 = timeH: Time, Elapsed [hours]
# name 3 = timeM: Time, Elapsed [minutes]
# name 4 = timeS: Time, Elapsed [seconds]
# name 5 = prdM: Pressure, Strain Gauge [db]
# name 6 = specc: Specific Conductance [uS/cm]
# name 7 = sal00: Salinity, Practical [PSU]
# name 8 = tv290C: Temperature [ITS-90, deg C]
# name 9 = depSM: Depth [salt water, m], lat = 59.00
# name 10 = potemp090C: Potential Temperature [ITS-90, deg C]
# name 11 = sigma-é00: Density [sigma-theta, kg/m^3]
# name 12 = sbeox0ML/L: Oxygen, SBE 43 [ml/l]
# name 13 = sbeox0Mg/L: Oxygen, SBE 43 [mg/l]
# name 14 = sbeox0PS: Oxygen, SBE 43 [% saturation]
# name 15 = sbox0Mm/Kg: Oxygen, SBE 43 [umol/kg]
# name 16 = sbeox0Mm/L: Oxygen, SBE 43 [umol/l]
# name 17 = sbox0dV/dT: Oxygen, SBE 43 [dov/dt]
# name 18 = oxsolML/L: Oxygen Saturation, Garcia & Gordon [ml/l]
# name 19 = oxsolMg/L: Oxygen Saturation, Garcia & Gordon [mg/l]
# name 20 = oxsolMm/Kg: Oxygen Saturation, Garcia & Gordon [umol/kg]
# name 21 = potemp090C: Potential Temperature [ITS-90, deg C]
# name 22 = n2satMg/L: Nitrogen Saturation [mg/l]
# name 23 = par: PAR/Irradiance, Biospherical/Licor
# name 24 = flECO-AFL: Fluorescence, WET Labs ECO-AFL/FL [mg/m^3]
# name 25 = turbWETntu0: Turbidity, WET Labs ECO [NTU]
# name 26 = flag: flag
# span 0 =        141,       1383       
# span 1 = 308.900418, 308.904012       
# span 2 =    0.00975,    0.09599       
# span 3 =     0.5851,     5.7597       
# span 4 =     35.108,    345.581       
# span 5 =      1.009,     97.938       
# span 6 =  47452.577,  48803.217       
# span 7 =    29.8187,    30.8387       
# span 8 =     8.1178,     9.2652       
# span 9 =      1.000,     97.000       
# span 10 =     8.1076,     9.2604      
# span 11 =    23.1913,    23.8641      
# span 12 =     5.3229,     5.7775      
# span 13 =     7.6069,     8.2567      
# span 14 =     80.431,     86.265      
# span 15 =    232.257,    252.141      
# span 16 =    237.719,    258.025      
# span 17 =   -0.01434,    0.00403      
# span 18 =    6.60565,    6.80859      
# span 19 =    9.44013,    9.73016      
# span 20 =  288.21792,  297.18321      
# span 21 =     8.1177,     9.2608      
# span 22 =   14.92154,   15.35253      
# span 23 = 4.0205e-02, 2.3970e-01      
# span 24 =     0.0944,     0.4607      
# span 25 =     0.5252,     1.8271      
# span 26 = 0.0000e+00, 0.0000e+00      
# interval = meters: 1                  
# start_time = Nov 04 2015 21:36:01 [Instrument's time stamp, header]
# bad_flag = -9.990e-29
*END*
[from data line 54]
       1014 308.902943    0.07037     4.2219    253.314     55.526  48332.537    30.5552     9.1986     55.000     9.1931    23.6105     5.5623     7.9490     84.108    242.681    248.411   -0.00004    6.61322    9.45095  288.53377     9.1929   14.93642 4.7285e-02     0.1181     0.7081 0.0000e+00
       1022 308.902965    0.07088     4.2529    255.176     56.536  48341.105    30.5603     9.1945     56.000     9.1861    23.6151     5.5524     7.9350     83.955    242.252    247.972   -0.00087    6.61359    9.45149  288.54904     9.1887   14.93713 4.7304e-02     0.1371     0.7315 0.0000e+00
       1029 308.902987    0.07141     4.2847    257.085     57.546  48354.076    30.5677     9.1856     57.000     9.1778    23.6223     5.5550     7.9386     83.981    242.361    248.086   -0.00040    6.61460    9.45293  288.59092     9.1796   14.93910 4.7255e-02     0.1440     0.6974 0.0000e+00
       1037 308.903008    0.07192     4.3155    258.931     58.556  48361.518    30.5716     9.1788     58.000     9.1701    23.6264     5.5688     7.9584     84.179    242.961    248.702    0.00078    6.61543    9.45411  288.62590     9.1728   14.94076 4.7218e-02     0.1311     0.6811 0.0000e+00
       1044 308.903030    0.07245     4.3471    260.826     59.566  48381.753    30.5828     9.1599     59.000     9.1437    23.6380     5.5789     7.9728     84.303    243.401    249.155    0.00098    6.61772    9.45738  288.72264     9.1539   14.94533 4.7234e-02     0.1213     0.6535 0.0000e+00
       1052 308.903053    0.07299     4.3795    262.772     60.575  48446.580    30.6220     9.1173     60.000     9.1034    23.6752     5.5996     8.0024     84.556    244.294    250.077    0.00171    6.62234    9.46399  288.91375     9.1110   14.95431 4.7251e-02     0.1372     0.6522 0.0000e+00
       1060 308.903075    0.07352     4.4113    264.680     61.585  48473.421    30.6380     9.1000     61.000     9.0918    23.6903     5.6418     8.0628     85.170    246.133    251.964    0.00403    6.62421    9.46665  288.99073     9.0937   14.95792 4.7224e-02     0.1366     0.5883 0.0000e+00
       1068 308.903099    0.07409     4.4455    266.729     62.595  48489.306    30.6476     9.0923     62.000     9.0834    23.6991     5.6598     8.0884     85.432    246.915    252.767    0.00326    6.62492    9.46768  289.01959     9.0859   14.95926 4.7239e-02     0.1218     0.5593 0.0000e+00
       1076 308.903121    0.07463     4.4781    268.687     63.604  48515.975    30.6643     9.0803     63.000     9.0704    23.7139     5.6638     8.0941     85.478    247.085    252.945    0.00185    6.62599    9.46919  289.06168     9.0738   14.96120 4.7224e-02     0.1160     0.5833 0.0000e+00
       1084 308.903145    0.07521     4.5124    270.745     64.614  48553.639    30.6882     9.0657     64.000     9.0553    23.7348     5.6807     8.1183     85.719    247.819    253.701    0.00208    6.62711    9.47081  289.10517     9.0591   14.96318 4.7198e-02     0.1404     0.5818 0.0000e+00
       1092 308.903169    0.07577     4.5464    272.782     65.624  48592.921    30.7139     9.0558     65.000     9.0488    23.7565     5.6890     8.1302     85.840    248.176    254.072    0.00159    6.62748    9.47133  289.11479     9.0491   14.96354 4.7167e-02     0.1516     0.5252 0.0000e+00
       1100 308.903192    0.07634     4.5804    274.824     66.634  48607.754    30.7237     9.0545     66.000     9.0470    23.7643     5.6858     8.1256     85.795    248.035    253.929    0.00049    6.62724    9.47100  289.10231     9.0477   14.96290 4.7161e-02     0.1554     0.5500 0.0000e+00
       1109 308.903217    0.07692     4.6155    276.928     67.643  48619.380    30.7308     9.0506     67.000     9.0427    23.7705     5.6922     8.1348     85.888    248.314    254.216    0.00066    6.62752    9.47139  289.11259     9.0437   14.96336 4.7152e-02     0.1413     0.5521 0.0000e+00
       1117 308.903240    0.07749     4.6494    278.962     68.653  48632.882    30.7397     9.0493     68.000     9.0432    23.7777     5.6990     8.1444     85.992    248.605    254.516    0.00080    6.62732    9.47111  289.10207     9.0423   14.96283 4.7146e-02     0.1504     0.5709 0.0000e+00
       1125 308.903265    0.07808     4.6850    281.100     69.663  48636.264    30.7423     9.0535     69.000     9.0468    23.7790     5.6988     8.1441     85.998    248.595    254.506    0.00036    6.62660    9.47007  289.06996     9.0464   14.96128 4.7158e-02     0.1472     0.5760 0.0000e+00
       1134 308.903289    0.07867     4.7200    283.198     70.673  48645.683    30.7483     9.0530     70.000     9.0454    23.7839     5.6934     8.1363     85.919    248.358    254.265   -0.00027    6.62640    9.46980  289.06032     9.0458   14.96080 4.7119e-02     0.1410     0.6420 0.0000e+00
       1142 308.903314    0.07926     4.7558    285.348     71.683  48659.697    30.7573     9.0502     71.000     9.0411    23.7914     5.6908     8.1327     85.880    248.245    254.151   -0.00039    6.62644    9.46985  289.05981     9.0429   14.96074 4.7089e-02     0.1340     0.7009 0.0000e+00
       1151 308.903339    0.07986     4.7916    287.494     72.692  48681.850    30.7707     9.0380     72.000     9.0278    23.8037     5.6962     8.1404     85.945    248.476    254.390    0.00008    6.62766    9.47159  289.10948     9.0306   14.96306 4.7108e-02     0.1505     0.6741 0.0000e+00
       1160 308.903364    0.08047     4.8278    289.670     73.702  48691.162    30.7759     9.0312     73.000     9.0232    23.8088     5.7016     8.1481     86.017    248.711    254.633    0.00033    6.62845    9.47272  289.14248     9.0237   14.96461 4.7119e-02     0.1480     0.6426 0.0000e+00
       1169 308.903390    0.08108     4.8646    291.877     74.712  48692.767    30.7764     9.0297     74.000     9.0218    23.8094     5.7055     8.1538     86.074    248.885    254.811    0.00038    6.62864    9.47299  289.15073     9.0221   14.96501 4.7095e-02     0.1449     0.6427 0.0000e+00
       1177 308.903415    0.08169     4.9013    294.078     75.722  48693.929    30.7767     9.0289     75.000     9.0212    23.8098     5.7048     8.1528     86.062    248.852    254.777    0.00007    6.62876    9.47316  289.15553     9.0212   14.96523 4.7089e-02     0.1468     0.6660 0.0000e+00
       1186 308.903442    0.08232     4.9391    296.347     76.731  48694.151    30.7764     9.0292     76.000     9.0213    23.8095     5.7054     8.1536     86.071    248.879    254.804    0.00002    6.62871    9.47310  289.15396     9.0214   14.96516 4.7054e-02     0.1535     0.6488 0.0000e+00
       1196 308.903468    0.08296     4.9773    298.638     77.741  48693.986    30.7757     9.0276     77.000     9.0187    23.8092     5.7096     8.1596     86.131    249.062    254.993    0.00024    6.62899    9.47349  289.16590     9.0197   14.96573 4.7084e-02     0.1508     0.6464 0.0000e+00
       1205 308.903494    0.08359     5.0153    300.920     78.751  48696.634    30.7762     9.0214     78.000     9.0119    23.8106     5.7122     8.1634     86.159    249.176    255.108    0.00019    6.62988    9.47477  289.20448     9.0134   14.96757 4.7086e-02     0.1476     0.5560 0.0000e+00
       1214 308.903522    0.08424     5.0544    303.267     79.761  48705.547    30.7813     9.0159     79.000     9.0070    23.8154     5.7151     8.1674     86.194    249.299    255.236    0.00018    6.63048    9.47561  289.22891     9.0078   14.96872 4.7081e-02     0.1434     0.5569 0.0000e+00
       1223 308.903548    0.08488     5.0927    305.560     80.770  48718.875    30.7899     9.0136     80.000     9.0053    23.8225     5.7198     8.1741     86.265    249.500    255.443    0.00040    6.63046    9.47558  289.22606     9.0054   14.96855 4.7046e-02     0.1396     0.5653 0.0000e+00
       1233 308.903576    0.08554     5.1321    307.927     81.781  48725.095    30.7939     9.0141     81.000     9.0058    23.8255     5.7129     8.1643     86.165    249.201    255.139   -0.00039    6.63021    9.47524  289.21466     9.0058   14.96799 4.7048e-02     0.1528     0.6281 0.0000e+00
       1242 308.903603    0.08620     5.1717    310.303     82.790  48730.549    30.7970     9.0127     82.000     9.0030    23.8283     5.7098     8.1599     86.117    249.065    254.999   -0.00042    6.63028    9.47534  289.21695     9.0042   14.96809 4.7042e-02     0.1447     0.7037 0.0000e+00
       1252 308.903631    0.08686     5.2114    312.684     83.800  48750.367    30.8094     9.0044     83.000     8.9945    23.8392     5.7097     8.1597     86.106    249.058    254.995   -0.00031    6.63098    9.47633  289.24405     8.9959   14.96933 4.7033e-02     0.1423     0.6505 0.0000e+00
       1261 308.903658    0.08751     5.2506    315.034     84.810  48762.553    30.8170     9.0014     84.000     8.9925    23.8457     5.7117     8.1626     86.134    249.142    255.083   -0.00003    6.63110    9.47651  289.24771     8.9927   14.96948 4.7027e-02     0.1482     0.6761 0.0000e+00
       1271 308.903685    0.08817     5.2900    317.402     85.820  48772.382    30.8232     8.9991     85.000     8.9892    23.8508     5.7134     8.1651     86.161    249.219    255.162    0.00004    6.63117    9.47661  289.24935     8.9903   14.96953 4.7027e-02     0.1361     0.6988 0.0000e+00
       1280 308.903712    0.08882     5.3292    319.751     86.830  48785.592    30.8314     8.9947     86.000     8.9857    23.8579     5.7152     8.1676     86.182    249.291    255.239    0.00008    6.63147    9.47703  289.26017     8.9859   14.97001 4.7003e-02     0.1443     0.8926 0.0000e+00
       1289 308.903739    0.08946     5.3679    322.074     87.840  48786.594    30.8317     8.9945     87.000     8.9854    23.8581     5.7176     8.1710     86.219    249.397    255.347    0.00014    6.63149    9.47707  289.26130     8.9855   14.97007 4.7001e-02     0.1515     0.9804 0.0000e+00
       1299 308.903766    0.09011     5.4066    324.397     88.849  48789.301    30.8330     8.9938     88.000     8.9845    23.8593     5.7163     8.1692     86.199    249.341    255.290   -0.00007    6.63152    9.47711  289.26237     8.9848   14.97011 4.6968e-02     0.1480     1.0083 0.0000e+00
       1308 308.903793    0.09076     5.4456    326.738     89.860  48793.223    30.8352     8.9929     89.000     8.9835    23.8612     5.7180     8.1715     86.223    249.412    255.363    0.00002    6.63158    9.47719  289.26402     8.9837   14.97018 4.6970e-02     0.1580     1.0696 0.0000e+00
       1317 308.903820    0.09140     5.4841    329.049     90.870  48796.056    30.8366     8.9921     90.000     8.9829    23.8624     5.7151     8.1674     86.179    249.286    255.235   -0.00025    6.63162    9.47725  289.26561     8.9829   14.97025 4.6972e-02     0.1526     1.1770 0.0000e+00
       1326 308.903847    0.09205     5.5229    331.374     91.879  48796.455    30.8365     8.9924     91.000     8.9829    23.8624     5.7169     8.1699     86.206    249.363    255.314   -0.00004    6.63159    9.47721  289.26422     8.9830   14.97019 4.6970e-02     0.1432     1.1425 0.0000e+00
       1336 308.903874    0.09269     5.5615    333.689     92.889  48799.275    30.8380     8.9917     92.000     8.9822    23.8636     5.7147     8.1670     86.174    249.273    255.221   -0.00023    6.63163    9.47726  289.26563     8.9822   14.97025 4.6954e-02     0.1471     1.2741 0.0000e+00
       1345 308.903901    0.09335     5.6009    336.056     93.898  48800.005    30.8380     8.9918     93.000     8.9823    23.8637     5.7171     8.1702     86.209    249.373    255.324    0.00003    6.63162    9.47724  289.26508     8.9822   14.97022 4.6940e-02     0.1465     1.3216 0.0000e+00
       1355 308.903928    0.09400     5.6396    338.379     94.909  48800.796    30.8382     8.9919     94.000     8.9822    23.8638     5.7176     8.1710     86.217    249.397    255.348   -0.00001    6.63159    9.47721  289.26406     8.9822   14.97017 4.6943e-02     0.1441     1.3638 0.0000e+00
       1364 308.903955    0.09465     5.6789    340.737     95.919  48801.538    30.8383     8.9919     95.000     8.9822    23.8639     5.7138     8.1657     86.161    249.233    255.180   -0.00033    6.63158    9.47720  289.26352     8.9822   14.97015 4.6932e-02     0.1523     1.4171 0.0000e+00
       1373 308.903982    0.09530     5.7178    343.070     96.929  48802.396    30.8385     8.9920     96.000     8.9821    23.8640     5.7158     8.1683     86.190    249.315    255.264   -0.00006    6.63156    9.47717  289.26277     8.9821   14.97011 4.6944e-02     0.1374     1.4797 0.0000e+00
       1383 308.904012    0.09599     5.7597    345.581     97.938  48803.217    30.8387     8.9919     97.000     8.9821    23.8641     5.7172     8.1704     86.212    249.376    255.327    0.00006    6.63156    9.47717  289.26252     8.9819   14.97010 4.6946e-02     0.1216     1.5493 0.0000e+00
