CTD-processing/allCTD/CNV/2015_04-13_t7_s09_cast063_5028.cnv
* Sea-Bird SBE19plus Data File:
* FileName = C:\Users\kris.holderied\Documents\kasitsna\Research-Projects-and-Data\Oceanography-AK\CTD-Data-ALL-to-2015-04\2015-CTD-KachemakBay-CookInlet\2015-04-EVOSTC-CookInlet-quarterly\2015-04-13-CookInlet-Tran7-Augustine\2015_04_13_CookInlet_Tran7_cast063.hex
* Software Version 1.59
* Temperature SN =  5028
* Conductivity SN =  5028
* System UpLoad Time = Apr 28 2015 15:21:41
** Cook Inlet LTM Tran7 (Augustine) West to East
** Date: 04-13
** Station: 7-09
** Start time (AKDT): 03:46
** Depth (m): 75
** Comment:  KBL CTD.
** Comment: On R/V Pandalus.
# nquan = 27
# nvalues = 75                          
# units = specified
# name 0 = scan: Scan Count
# name 1 = timeJ: Julian Days
# name 2 = timeH: Time, Elapsed [hours]
# name 3 = timeM: Time, Elapsed [minutes]
# name 4 = timeS: Time, Elapsed [seconds]
# name 5 = prdM: Pressure, Strain Gauge [db]
# name 6 = specc: Specific Conductance [uS/cm]
# name 7 = sal00: Salinity, Practical [PSU]
# name 8 = tv290C: Temperature [ITS-90, deg C]
# name 9 = depSM: Depth [salt water, m], lat = 59.00
# name 10 = potemp090C: Potential Temperature [ITS-90, deg C]
# name 11 = sigma-é00: Density [sigma-theta, kg/m^3]
# name 12 = sbeox0ML/L: Oxygen, SBE 43 [ml/l]
# name 13 = sbeox0Mg/L: Oxygen, SBE 43 [mg/l]
# name 14 = sbeox0PS: Oxygen, SBE 43 [% saturation]
# name 15 = sbox0Mm/Kg: Oxygen, SBE 43 [umol/kg]
# name 16 = sbeox0Mm/L: Oxygen, SBE 43 [umol/l]
# name 17 = sbox0dV/dT: Oxygen, SBE 43 [dov/dt]
# name 18 = oxsolML/L: Oxygen Saturation, Garcia & Gordon [ml/l]
# name 19 = oxsolMg/L: Oxygen Saturation, Garcia & Gordon [mg/l]
# name 20 = oxsolMm/Kg: Oxygen Saturation, Garcia & Gordon [umol/kg]
# name 21 = potemp090C: Potential Temperature [ITS-90, deg C]
# name 22 = n2satMg/L: Nitrogen Saturation [mg/l]
# name 23 = par: PAR/Irradiance, Biospherical/Licor
# name 24 = flECO-AFL: Fluorescence, WET Labs ECO-AFL/FL [mg/m^3]
# name 25 = turbWETntu0: Turbidity, WET Labs ECO [NTU]
# name 26 = flag: flag
# span 0 =        169,        644       
# span 1 = 103.157477, 103.158852       
# span 2 =    0.01166,    0.04464       
# span 3 =     0.6998,     2.6789       
# span 4 =     41.989,    160.732       
# span 5 =      1.009,     75.722       
# span 6 =  48739.648,  50942.290       
# span 7 =    30.1365,    31.7258       
# span 8 =     4.0396,     5.6115       
# span 9 =      1.000,     75.000       
# span 10 =     4.4023,     5.6058      
# span 11 =    23.8937,    25.0301      
# span 12 =     6.6572,     6.8295      
# span 13 =     9.5138,     9.7601      
# span 14 =     88.821,     95.003      
# span 15 =    290.493,    297.564      
# span 16 =    297.312,    305.008      
# span 17 =   -0.00155,    0.00587      
# span 18 =    7.12554,    7.50338      
# span 19 =   10.18312,   10.72307      
# span 20 =  310.46155,  327.43024      
# span 21 =     4.0395,     5.6058      
# span 22 =   15.97777,   16.79015      
# span 23 = 3.7976e-02, 4.8303e-02      
# span 24 =     0.3161,     0.5027      
# span 25 =     0.3221,     1.7375      
# span 26 = 0.0000e+00, 0.0000e+00      
# interval = meters: 1                  
# start_time = Apr 13 2015 03:46:04 [Instrument's time stamp, header]
# bad_flag = -9.990e-29
*END*
        169 103.157477    0.01166     0.6998     41.989      1.009  48739.648    30.1365     4.0396      1.000     4.4023    23.8937     6.6572     9.5138     88.821    290.493    297.312    0.00388    7.50338   10.72307  327.43024     4.0395   16.79015 4.8303e-02     0.3161     1.7375 0.0000e+00
        343 103.157980    0.02374     1.4244     85.462      2.020  50867.736    31.5838     4.8754      2.000     4.8705    24.9820     6.7849     9.6963     93.479    295.628    303.016    0.00587    7.25774   10.37204  316.22643     4.8752   16.25286 4.0916e-02     0.4982     0.5422 0.0000e+00
        342 103.157979    0.02371     1.4229     85.371      3.029  50807.845    31.5441     4.8616      3.000     4.8622    24.9512     6.7890     9.7022     93.477    295.818    303.199    0.00488    7.26280   10.37927  316.46059     4.8614   16.26412 3.8392e-02     0.4813     0.6039 0.0000e+00
        346 103.157990    0.02398     1.4385     86.311      4.037  50805.196    31.5418     4.8616      4.000     4.8599    24.9494     6.7944     9.7099     93.550    296.053    303.439    0.00405    7.26293   10.37945  316.46666     4.8613   16.26442 3.8051e-02     0.4808     0.5951 0.0000e+00
        350 103.158001    0.02426     1.4555     87.328      5.048  50809.795    31.5440     4.8597      5.000     4.8602    24.9513     6.7960     9.7122     93.569    296.122    303.511    0.00304    7.26314   10.37975  316.47522     4.8594   16.26482 3.7985e-02     0.4951     0.5861 0.0000e+00
        355 103.158014    0.02456     1.4736     88.415      6.057  50810.154    31.5443     4.8621      6.000     4.8628    24.9513     6.7981     9.7152     93.603    296.213    303.603    0.00229    7.26271   10.37914  316.45654     4.8617   16.26393 3.7977e-02     0.5027     0.5788 0.0000e+00
        359 103.158027    0.02487     1.4925     89.552      7.066  50809.917    31.5442     4.8645      7.000     4.8647    24.9509     6.8016     9.7202     93.656    296.365    303.760    0.00186    7.26231   10.37857  316.43924     4.8640   16.26311 3.7976e-02     0.4936     0.5961 0.0000e+00
        364 103.158040    0.02519     1.5115     90.691      8.076  50810.081    31.5441     4.8660      8.000     4.8659    24.9508     6.8053     9.7255     93.711    296.527    303.926    0.00153    7.26205   10.37819  316.42802     4.8654   16.26257 3.7976e-02     0.4940     0.5856 0.0000e+00
        368 103.158054    0.02551     1.5302     91.815      9.085  50810.681    31.5443     4.8674      9.000     4.8674    24.9508     6.8088     9.7304     93.761    296.677    304.079    0.00132    7.26178   10.37781  316.41639     4.8668   16.26202 3.7976e-02     0.4922     0.5758 0.0000e+00
        374 103.158069    0.02587     1.5521     93.126     10.095  50810.324    31.5438     4.8682     10.000     4.8675    24.9502     6.8087     9.7302     93.761    296.671    304.073    0.00084    7.26169   10.37767  316.41220     4.8675   16.26182 3.7976e-02     0.4981     0.5891 0.0000e+00
        378 103.158082    0.02620     1.5719     94.313     11.104  50814.235    31.5462     4.8692     11.000     4.8705    24.9521     6.8072     9.7283     93.746    296.611    304.012    0.00044    7.26139   10.37724  316.39868     4.8685   16.26117 3.7976e-02     0.4976     0.6059 0.0000e+00
        382 103.158094    0.02647     1.5882     95.295     12.114  50816.906    31.5486     4.8743     12.000     4.8769    24.9535     6.8092     9.7310     93.785    296.694    304.098    0.00045    7.26038   10.37581  316.35438     4.8735   16.25905 3.7976e-02     0.4773     0.6143 0.0000e+00
        388 103.158110    0.02685     1.6112     96.670     13.123  50815.839    31.5493     4.8833     13.000     4.8851    24.9531     6.8095     9.7314     93.810    296.707    304.110    0.00039    7.25878   10.37352  316.28485     4.8824   16.25574 3.7976e-02     0.4901     0.5748 0.0000e+00
        395 103.158130    0.02734     1.6406     98.438     14.133  50813.840    31.5492     4.8913     14.000     4.8914    24.9522     6.8090     9.7308     93.822    296.688    304.091    0.00023    7.25738   10.37152  316.22400     4.8903   16.25284 3.7976e-02     0.4954     0.5733 0.0000e+00
        400 103.158144    0.02769     1.6610     99.662     15.142  50819.447    31.5534     4.8951     15.000     4.8985    24.9551     6.8097     9.7317     93.842    296.716    304.120    0.00020    7.25653   10.37031  316.18609     4.8940   16.25102 3.7976e-02     0.4814     0.6009 0.0000e+00
        405 103.158160    0.02805     1.6831    100.985     16.152  50857.541    31.5840     4.9179     16.000     4.9472    24.9769     6.8093     9.7312     93.908    296.692    304.103    0.00041    7.25109   10.36252  315.94210     4.9168   16.23928 3.7976e-02     0.4836     0.5898 0.0000e+00
        410 103.158174    0.02840     1.7044    102.262     17.161  50942.290    31.6675     5.0375     17.000     5.1114    25.0301     6.8113     9.7340     94.258    296.764    304.192    0.00196    7.22634   10.32716  314.84756     5.0363   16.18684 3.7976e-02     0.4907     0.5488 0.0000e+00
        415 103.158189    0.02875     1.7247    103.484     18.170  50894.263    31.6704     5.2079     18.000     5.2504    25.0138     6.8295     9.7601     94.897    297.564    305.008    0.00486    7.19682   10.28498  313.56665     5.2066   16.12585 3.7976e-02     0.5015     0.4946 0.0000e+00
        419 103.158200    0.02904     1.7422    104.531     19.180  50846.319    31.6532     5.2847     19.000     5.3004    24.9917     6.8254     9.7542     95.003    297.390    304.823    0.00442    7.18447   10.26734  313.03535     5.2833   16.10063 3.7976e-02     0.4975     0.4551 0.0000e+00
        423 103.158211    0.02928     1.7566    105.395     20.190  50839.072    31.6534     5.3114     20.000     5.3209    24.9889     6.7974     9.7141     94.672    296.169    303.570    0.00164    7.17990   10.26080  312.83698     5.3099   16.09118 3.7976e-02     0.4716     0.4475 0.0000e+00
        427 103.158222    0.02955     1.7730    106.380     21.199  50833.303    31.6529     5.3305     21.000     5.3354    24.9864     6.7701     9.6751     94.335    294.982    302.352   -0.00075    7.17666   10.25616  312.69623     5.3290   16.08448 3.7976e-02     0.4721     0.4380 0.0000e+00
        431 103.158236    0.02989     1.7932    107.595     22.209  50833.332    31.6554     5.3448     22.000     5.3475    24.9868     6.7550     9.6536     94.159    294.326    301.681   -0.00155    7.17410   10.25251  312.58499     5.3431   16.07918 3.7976e-02     0.4825     0.4350 0.0000e+00
        436 103.158248    0.03018     1.8105    108.627     23.219  50834.839    31.6578     5.3534     23.000     5.3556    24.9877     6.7519     9.6491     94.135    294.188    301.539   -0.00136    7.17251   10.25024  312.51553     5.3517   16.07586 3.7976e-02     0.4877     0.4199 0.0000e+00
        440 103.158260    0.03047     1.8281    109.687     24.228  50837.383    31.6608     5.3618     24.000     5.3637    24.9892     6.7521     9.6495     94.160    294.198    301.551   -0.00091    7.17094   10.24798  312.44622     5.3600   16.07255 3.7976e-02     0.4799     0.4078 0.0000e+00
        445 103.158274    0.03080     1.8482    110.890     25.237  50838.721    31.6629     5.3701     25.000     5.3714    24.9900     6.7503     9.6469     94.154    294.118    301.468   -0.00071    7.16941   10.24581  312.37971     5.3683   16.06937 3.7976e-02     0.4723     0.4072 0.0000e+00
        449 103.158286    0.03108     1.8646    111.876     26.248  50844.664    31.6680     5.3773     26.000     5.3803    24.9932     6.7465     9.6413     94.120    293.949    301.297   -0.00077    7.16796   10.24373  312.31525     5.3753   16.06628 3.7976e-02     0.4647     0.4118 0.0000e+00
        452 103.158297    0.03134     1.8801    112.808     27.257  50849.642    31.6731     5.3874     27.000     5.3924    24.9960     6.7454     9.6398     94.131    293.903    301.249   -0.00061    7.16598   10.24090  312.22827     5.3854   16.06211 3.7976e-02     0.4548     0.3949 0.0000e+00
        457 103.158309    0.03165     1.8990    113.941     28.266  50854.686    31.6798     5.4050     28.000     5.4112    24.9993     6.7421     9.6351     94.128    293.759    301.103   -0.00047    7.16267   10.23618  312.08300     5.4029   16.05517 3.7976e-02     0.4677     0.3700 0.0000e+00
        461 103.158323    0.03197     1.9182    115.094     29.276  50852.602    31.6816     5.4230     29.000     5.4267    24.9987     6.7373     9.6283     94.103    293.551    300.889   -0.00052    7.15953   10.23168  311.94615     5.4208   16.04865 3.7976e-02     0.4617     0.3657 0.0000e+00
        465 103.158334    0.03225     1.9351    116.105     30.285  50851.395    31.6825     5.4340     30.000     5.4361    24.9983     6.7352     9.6253     94.098    293.458    300.794   -0.00048    7.15761   10.22894  311.86268     5.4318   16.04467 3.7976e-02     0.4394     0.3808 0.0000e+00
        470 103.158347    0.03254     1.9523    117.140     31.295  50854.817    31.6863     5.4432     31.000     5.4471    25.0002     6.7354     9.6255     94.123    293.463    300.799   -0.00028    7.15586   10.22644  311.78604     5.4409   16.04100 3.7976e-02     0.4215     0.3877 0.0000e+00
        474 103.158359    0.03285     1.9706    118.234     32.305  50860.335    31.6929     5.4590     32.000     5.4646    25.0036     6.7342     9.6238     94.146    293.412    300.748   -0.00012    7.15287   10.22217  311.65479     5.4566   16.03473 3.7976e-02     0.4183     0.3711 0.0000e+00
        478 103.158371    0.03313     1.9878    119.266     33.314  50861.542    31.6967     5.4757     33.000     5.4808    25.0047     6.7308     9.6190     94.138    293.263    300.596   -0.00018    7.14986   10.21787  311.52344     5.4732   16.02845 3.7976e-02     0.4215     0.3629 0.0000e+00
        482 103.158382    0.03339     2.0035    120.213     34.324  50858.409    31.6969     5.4894     34.000     5.4918    25.0033     6.7294     9.6170     94.150    293.203    300.534   -0.00014    7.14752   10.21453  311.42205     5.4867   16.02363 3.7976e-02     0.4186     0.3680 0.0000e+00
        486 103.158393    0.03366     2.0195    121.172     35.333  50856.540    31.6969     5.4980     35.000     5.4989    25.0024     6.7268     9.6133     94.134    293.093    300.420   -0.00020    7.14606   10.21243  311.35831     5.4953   16.02060 3.7976e-02     0.3940     0.3689 0.0000e+00
        490 103.158406    0.03396     2.0375    122.252     36.343  50861.360    31.7014     5.5065     36.000     5.5096    25.0051     6.7157     9.5974     94.000    292.608    299.924   -0.00090    7.14442   10.21008  311.28576     5.5037   16.01712 3.7976e-02     0.3796     0.3609 0.0000e+00
        495 103.158419    0.03428     2.0565    123.387     37.352  50862.574    31.7048     5.5209     37.000     5.5228    25.0060     6.7115     9.5915     93.975    292.424    299.736   -0.00088    7.14181   10.20635  311.17171     5.5181   16.01167 3.7976e-02     0.3898     0.3612 0.0000e+00
        499 103.158431    0.03455     2.0731    124.385     38.362  50857.791    31.7025     5.5282     38.000     5.5268    25.0033     6.7111     9.5908     93.985    292.408    299.718   -0.00062    7.14068   10.20475  311.12364     5.5253   16.00939 3.7976e-02     0.3894     0.3670 0.0000e+00
        502 103.158440    0.03479     2.0875    125.250     39.372  50858.879    31.7032     5.5308     39.000     5.5294    25.0038     6.7117     9.5916     93.999    292.431    299.743   -0.00051    7.14020   10.20406  311.10267     5.5278   16.00839 3.7976e-02     0.3783     0.3661 0.0000e+00
        506 103.158451    0.03504     2.1023    126.141     40.381  50860.138    31.7042     5.5337     40.000     5.5322    25.0042     6.7130     9.5935     94.024    292.490    299.803   -0.00028    7.13967   10.20331  311.07954     5.5306   16.00728 3.7976e-02     0.3829     0.3473 0.0000e+00
        510 103.158464    0.03535     2.1210    127.257     41.391  50861.623    31.7055     5.5375     41.000     5.5362    25.0048     6.7087     9.5873     93.972    292.298    299.607   -0.00051    7.13896   10.20229  311.04832     5.5344   16.00579 3.7976e-02     0.3910     0.3421 0.0000e+00
        515 103.158478    0.03568     2.1411    128.468     42.400  50861.837    31.7061     5.5417     42.000     5.5397    25.0047     6.7019     9.5777     93.888    292.006    299.308   -0.00088    7.13822   10.20123  311.01600     5.5385   16.00425 3.7976e-02     0.3878     0.3435 0.0000e+00
        518 103.158488    0.03593     2.1560    129.359     43.410  50863.624    31.7073     5.5439     43.000     5.5426    25.0054     6.7010     9.5764     93.881    291.966    299.267   -0.00080    7.13779   10.20062  310.99698     5.5406   16.00334 3.7976e-02     0.3911     0.3500 0.0000e+00
        521 103.158496    0.03614     2.1683    130.100     44.420  50869.304    31.7115     5.5475     44.000     5.5485    25.0084     6.7025     9.5785     93.912    292.028    299.332   -0.00055    7.13699   10.19947  310.96116     5.5442   16.00162 3.7976e-02     0.3905     0.3597 0.0000e+00
        525 103.158506    0.03637     2.1819    130.911     45.430  50868.542    31.7119     5.5545     45.000     5.5539    25.0078     6.7051     9.5822     93.964    292.143    299.449   -0.00021    7.13578   10.19774  310.90878     5.5511   15.99912 3.7976e-02     0.3820     0.3586 0.0000e+00
        529 103.158519    0.03667     2.1999    131.995     46.440  50865.387    31.7101     5.5590     46.000     5.5562    25.0060     6.7055     9.5828     93.979    292.162    299.468   -0.00008    7.13511   10.19678  310.88003     5.5555   15.99776 3.7976e-02     0.3843     0.3483 0.0000e+00
        533 103.158531    0.03696     2.2180    133.079     47.449  50866.220    31.7106     5.5605     47.000     5.5578    25.0061     6.7001     9.5751     93.907    291.925    299.225   -0.00051    7.13482   10.19637  310.86759     5.5569   15.99716 3.7976e-02     0.3819     0.3356 0.0000e+00
        537 103.158541    0.03721     2.2325    133.951     48.459  50868.877    31.7122     5.5624     48.000     5.5604    25.0073     6.6964     9.5697     93.860    291.763    299.059   -0.00073    7.13444   10.19583  310.85053     5.5587   15.99635 3.7976e-02     0.3743     0.3309 0.0000e+00
        540 103.158551    0.03745     2.2469    134.814     49.469  50870.904    31.7138     5.5656     49.000     5.5641    25.0082     6.6949     9.5677     93.847    291.700    298.995   -0.00072    7.13382   10.19494  310.82328     5.5618   15.99504 3.7976e-02     0.3702     0.3410 0.0000e+00
        544 103.158562    0.03772     2.2629    135.773     50.478  50871.043    31.7144     5.5700     50.000     5.5678    25.0081     6.6954     9.5684     93.865    291.722    299.017   -0.00051    7.13305   10.19383  310.78953     5.5662   15.99343 3.7976e-02     0.3753     0.3397 0.0000e+00
        548 103.158573    0.03799     2.2793    136.759     51.488  50869.447    31.7133     5.5725     51.000     5.5688    25.0070     6.6956     9.5687     93.872    291.732    299.027   -0.00039    7.13269   10.19332  310.77417     5.5685   15.99271 3.7976e-02     0.3710     0.3358 0.0000e+00
        552 103.158586    0.03827     2.2967    137.801     52.497  50868.215    31.7119     5.5724     52.000     5.5676    25.0059     6.6947     9.5674     93.859    291.690    298.984   -0.00041    7.13276   10.19342  310.77748     5.5685   15.99287 3.7976e-02     0.3936     0.3422 0.0000e+00
        556 103.158598    0.03857     2.3142    138.850     53.507  50870.623    31.7128     5.5709     53.000     5.5673    25.0068     6.6927     9.5645     93.827    291.602    298.894   -0.00054    7.13297   10.19373  310.78667     5.5668   15.99330 3.7976e-02     0.3918     0.3660 0.0000e+00
