CTD-processing/allCTD/CNV/2015_04-13_t7_s21_cast071_5028.cnv
* Sea-Bird SBE19plus Data File:
* FileName = C:\Users\kris.holderied\Documents\kasitsna\Research-Projects-and-Data\Oceanography-AK\CTD-Data-ALL-to-2015-04\2015-CTD-KachemakBay-CookInlet\2015-04-EVOSTC-CookInlet-quarterly\2015-04-13-CookInlet-Tran7-Augustine\2015_04_13_CookInlet_Tran7_cast071.hex
* Software Version 1.59
* Temperature SN =  5028
* Conductivity SN =  5028
* System UpLoad Time = Apr 28 2015 15:28:00
** Cook Inlet LTM Tran7 (Augustine) West to East
** Date: 04-13
** Station: 7-21
** Start time (AKDT): 07:28
** Depth (m): 74
** Comment:  KBL CTD.
** Comment: On R/V Pandalus.
# nquan = 27
# nvalues = 73                          
# units = specified
# name 0 = scan: Scan Count
# name 1 = timeJ: Julian Days
# name 2 = timeH: Time, Elapsed [hours]
# name 3 = timeM: Time, Elapsed [minutes]
# name 4 = timeS: Time, Elapsed [seconds]
# name 5 = prdM: Pressure, Strain Gauge [db]
# name 6 = specc: Specific Conductance [uS/cm]
# name 7 = sal00: Salinity, Practical [PSU]
# name 8 = tv290C: Temperature [ITS-90, deg C]
# name 9 = depSM: Depth [salt water, m], lat = 59.00
# name 10 = potemp090C: Potential Temperature [ITS-90, deg C]
# name 11 = sigma-é00: Density [sigma-theta, kg/m^3]
# name 12 = sbeox0ML/L: Oxygen, SBE 43 [ml/l]
# name 13 = sbeox0Mg/L: Oxygen, SBE 43 [mg/l]
# name 14 = sbeox0PS: Oxygen, SBE 43 [% saturation]
# name 15 = sbox0Mm/Kg: Oxygen, SBE 43 [umol/kg]
# name 16 = sbeox0Mm/L: Oxygen, SBE 43 [umol/l]
# name 17 = sbox0dV/dT: Oxygen, SBE 43 [dov/dt]
# name 18 = oxsolML/L: Oxygen Saturation, Garcia & Gordon [ml/l]
# name 19 = oxsolMg/L: Oxygen Saturation, Garcia & Gordon [mg/l]
# name 20 = oxsolMm/Kg: Oxygen Saturation, Garcia & Gordon [umol/kg]
# name 21 = potemp090C: Potential Temperature [ITS-90, deg C]
# name 22 = n2satMg/L: Nitrogen Saturation [mg/l]
# name 23 = par: PAR/Irradiance, Biospherical/Licor
# name 24 = flECO-AFL: Fluorescence, WET Labs ECO-AFL/FL [mg/m^3]
# name 25 = turbWETntu0: Turbidity, WET Labs ECO [NTU]
# name 26 = flag: flag
# span 0 =        154,        538       
# span 1 = 103.312201, 103.313312       
# span 2 =    0.01059,    0.03728       
# span 3 =     0.6354,     2.2371       
# span 4 =     38.127,    134.220       
# span 5 =      1.010,     73.703       
# span 6 =  49179.288,  50778.636       
# span 7 =    30.6020,    31.6726       
# span 8 =     5.1953,     5.7332       
# span 9 =      1.000,     73.000       
# span 10 =     5.4112,     5.7273      
# span 11 =    24.1610,    24.9689      
# span 12 =     5.6938,     6.6900      
# span 13 =     8.1371,     9.5607      
# span 14 =     79.950,     94.024      
# span 15 =    248.082,    291.518      
# span 16 =    254.287,    298.777      
# span 17 =   -0.00097,    0.06933      
# span 18 =    7.10757,    7.26120      
# span 19 =   10.15742,   10.37699      
# span 20 =  309.69476,  316.71122      
# span 21 =     5.1952,     5.7274      
# span 22 =   15.94146,   16.27940      
# span 23 = 4.4308e-02, 1.6358e+01      
# span 24 =     0.2426,     0.4466      
# span 25 =     0.2034,     0.9445      
# span 26 = 0.0000e+00, 0.0000e+00      
# interval = meters: 1                  
# start_time = Apr 13 2015 07:28:56 [Instrument's time stamp, header]
# bad_flag = -9.990e-29
*END*
        154 103.312201    0.01059     0.6354     38.127      1.010  49179.288    30.6020     5.1953      1.000     5.4112    24.1610     6.3698     9.1031     87.600    277.858    284.474    0.00712    7.26120   10.37699  316.71122     5.1952   16.27940 1.6209e+01     0.2426     0.9445 0.0000e+00
        297 103.312617    0.02058     1.2350     74.102      2.019  50774.009    31.6724     5.6260      2.000     5.6519    24.9689     5.6938     8.1371     79.950    248.082    254.287    0.03002    7.12455   10.18170  310.42411     5.6259   15.97625 1.6358e+01     0.4424     0.2034 0.0000e+00
        289 103.312592    0.01997     1.1984     71.902      3.028  50595.395    31.5629     5.6478      3.000     5.6617    24.8790     6.1181     8.7433     85.845    266.599    273.232    0.05197    7.12711   10.18535  310.57008     5.6476   15.98360 1.3051e+01     0.4263     0.2875 0.0000e+00
        291 103.312598    0.02014     1.2083     72.495      4.038  50579.557    31.5545     5.6627      4.000     5.6660    24.8707     6.3686     9.1014     89.385    277.520    284.422    0.06481    7.12501   10.18234  310.48091     5.6623   15.97938 1.1058e+01     0.4358     0.2937 0.0000e+00
        293 103.312605    0.02031     1.2182     73.095      5.047  50569.386    31.5477     5.6663      5.000     5.6636    24.8649     6.5405     9.3471     91.801    285.015    292.102    0.06933    7.12471   10.18192  310.46991     5.6659   15.97888 9.5298e+00     0.4466     0.2901 0.0000e+00
        296 103.312613    0.02049     1.2289     73.735      6.057  50572.813    31.5490     5.6635      6.000     5.6618    24.8663     6.6259     9.4692     92.995    288.737    295.916    0.06480    7.12511   10.18250  310.48697     5.6631   15.97969 8.3797e+00     0.4436     0.2772 0.0000e+00
        299 103.312621    0.02067     1.2403     74.417      7.067  50580.564    31.5537     5.6625      7.000     5.6648    24.8701     6.6515     9.5057     93.354    289.849    297.057    0.05507    7.12506   10.18243  310.48351     5.6620   15.97951 7.4393e+00     0.4403     0.2641 0.0000e+00
        301 103.312628    0.02086     1.2519     75.116      8.076  50589.356    31.5602     5.6669      8.000     5.6730    24.8747     6.6546     9.5101     93.411    289.984    297.196    0.04469    7.12401   10.18093  310.43639     5.6663   15.97724 6.5966e+00     0.4379     0.2555 0.0000e+00
        304 103.312637    0.02106     1.2636     75.818      9.085  50586.469    31.5595     5.6761      9.000     5.6800    24.8731     6.6528     9.5075     93.406    289.904    297.115    0.03586    7.12249   10.17876  310.37078     5.6754   15.97411 5.9111e+00     0.4238     0.2596 0.0000e+00
        307 103.312645    0.02125     1.2752     76.514     10.094  50583.621    31.5582     5.6819     10.000     5.6833    24.8715     6.6537     9.5088     93.429    289.941    297.152    0.02910    7.12159   10.17745  310.33151     5.6811   15.97225 5.3876e+00     0.4134     0.2726 0.0000e+00
        310 103.312652    0.02144     1.2865     77.193     11.104  50582.561    31.5576     5.6846     11.000     5.6847    24.8706     6.6549     9.5105     93.452    289.996    297.208    0.02377    7.12117   10.17686  310.31366     5.6837   15.97140 4.9460e+00     0.4072     0.2826 0.0000e+00
        312 103.312660    0.02163     1.2976     77.857     12.114  50582.947    31.5576     5.6859     12.000     5.6855    24.8705     6.6567     9.5131     93.480    290.072    297.286    0.01940    7.12095   10.17654  310.30407     5.6849   15.97095 4.5652e+00     0.3999     0.2774 0.0000e+00
        315 103.312668    0.02181     1.3088     78.529     13.123  50584.574    31.5584     5.6867     13.000     5.6863    24.8710     6.6581     9.5151     93.503    290.134    297.350    0.01589    7.12077   10.17629  310.29606     5.6857   15.97056 4.2294e+00     0.4073     0.2709 0.0000e+00
        318 103.312676    0.02200     1.3205     79.230     14.133  50586.166    31.5592     5.6876     14.000     5.6870    24.8716     6.6581     9.5151     93.505    290.133    297.350    0.01279    7.12057   10.17601  310.28741     5.6865   15.97014 3.8977e+00     0.4192     0.2674 0.0000e+00
        321 103.312685    0.02221     1.3327     79.960     15.142  50587.146    31.5595     5.6884     15.000     5.6875    24.8718     6.6592     9.5166     93.522    290.181    297.398    0.01024    7.12043   10.17581  310.28111     5.6872   15.96984 3.5614e+00     0.4095     0.2659 0.0000e+00
        324 103.312693    0.02241     1.3448     80.690     16.152  50588.397    31.5600     5.6888     16.000     5.6879    24.8721     6.6626     9.5215     93.571    290.330    297.551    0.00839    7.12033   10.17566  310.27660     5.6876   15.96963 3.2418e+00     0.4083     0.2642 0.0000e+00
        327 103.312702    0.02262     1.3570     81.418     17.161  50589.835    31.5606     5.6893     17.000     5.6883    24.8725     6.6657     9.5259     93.615    290.463    297.688    0.00692    7.12023   10.17552  310.27215     5.6880   15.96941 2.9518e+00     0.4100     0.2584 0.0000e+00
        330 103.312710    0.02283     1.3698     82.190     18.171  50591.720    31.5615     5.6898     18.000     5.6890    24.8732     6.6686     9.5301     93.658    290.591    297.819    0.00563    7.12009   10.17533  310.26602     5.6885   15.96912 2.6884e+00     0.4095     0.2539 0.0000e+00
        333 103.312720    0.02307     1.3840     83.038     19.180  50595.477    31.5639     5.6910     19.000     5.6905    24.8749     6.6724     9.5355     93.716    290.757    297.990    0.00457    7.11979   10.17489  310.25244     5.6895   15.96846 2.4503e+00     0.4034     0.2660 0.0000e+00
        336 103.312730    0.02329     1.3975     83.853     20.190  50598.270    31.5656     5.6926     20.000     5.6918    24.8762     6.6744     9.5383     93.749    290.843    298.077    0.00373    7.11942   10.17438  310.23621     5.6911   15.96768 2.2274e+00     0.3813     0.2735 0.0000e+00
        339 103.312738    0.02348     1.4092     84.554     21.199  50599.749    31.5664     5.6938     21.000     5.6926    24.8766     6.6726     9.5358     93.727    290.766    297.999    0.00283    7.11920   10.17405  310.22603     5.6921   15.96719 2.0257e+00     0.3722     0.2698 0.0000e+00
        342 103.312746    0.02368     1.4209     85.251     22.209  50600.631    31.5666     5.6944     22.000     5.6929    24.8768     6.6712     9.5339     93.709    290.706    297.938    0.00210    7.11908   10.17387  310.22061     5.6927   15.96693 1.8457e+00     0.3790     0.2641 0.0000e+00
        345 103.312756    0.02390     1.4341     86.044     23.219  50601.455    31.5668     5.6948     23.000     5.6931    24.8768     6.6731     9.5365     93.737    290.788    298.021    0.00169    7.11900   10.17377  310.21732     5.6930   15.96677 1.6830e+00     0.3954     0.2649 0.0000e+00
        349 103.312765    0.02416     1.4494     86.962     24.228  50602.796    31.5673     5.6951     24.000     5.6934    24.8772     6.6760     9.5407     93.778    290.913    298.150    0.00147    7.11893   10.17367  310.21426     5.6932   15.96663 1.5337e+00     0.4027     0.2656 0.0000e+00
        352 103.312776    0.02441     1.4643     87.861     25.238  50605.410    31.5687     5.6956     25.000     5.6941    24.8783     6.6764     9.5413     93.786    290.931    298.169    0.00110    7.11879   10.17346  310.20745     5.6936   15.96630 1.3933e+00     0.3987     0.2648 0.0000e+00
        356 103.312786    0.02465     1.4792     88.751     26.247  50608.190    31.5704     5.6965     26.000     5.6950    24.8795     6.6777     9.5431     93.807    290.987    298.227    0.00087    7.11855   10.17312  310.19698     5.6945   15.96580 1.2663e+00     0.3981     0.2606 0.0000e+00
        360 103.312797    0.02491     1.4949     89.696     27.257  50609.446    31.5709     5.6974     27.000     5.6956    24.8799     6.6809     9.5476     93.853    291.123    298.366    0.00084    7.11837   10.17285  310.18862     5.6953   15.96539 1.1543e+00     0.3958     0.2534 0.0000e+00
        363 103.312808    0.02517     1.5102     90.610     28.266  50611.375    31.5719     5.6979     28.000     5.6962    24.8805     6.6825     9.5499     93.878    291.194    298.439    0.00072    7.11823   10.17266  310.18261     5.6958   15.96510 1.0520e+00     0.3987     0.2547 0.0000e+00
        367 103.312817    0.02540     1.5236     91.415     29.275  50614.081    31.5734     5.6988     29.000     5.6972    24.8816     6.6817     9.5488     93.870    291.160    298.404    0.00048    7.11802   10.17236  310.17287     5.6966   15.96463 9.5533e-01     0.4048     0.2612 0.0000e+00
        370 103.312826    0.02560     1.5364     92.181     30.285  50615.639    31.5742     5.6998     30.000     5.6979    24.8822     6.6801     9.5466     93.851    291.092    298.335    0.00019    7.11782   10.17207  310.16407     5.6975   15.96421 8.6822e-01     0.3885     0.2611 0.0000e+00
        373 103.312836    0.02583     1.5501     93.007     31.294  50616.465    31.5744     5.7006     31.000     5.6984    24.8823     6.6802     9.5466     93.853    291.093    298.336    0.00006    7.11768   10.17187  310.15788     5.6982   15.96391 7.9135e-01     0.3786     0.2594 0.0000e+00
        377 103.312847    0.02612     1.5670     94.021     32.305  50617.571    31.5748     5.7011     32.000     5.6987    24.8825     6.6809     9.5477     93.865    291.126    298.371    0.00006    7.11758   10.17173  310.15356     5.6986   15.96371 7.2255e-01     0.3870     0.2558 0.0000e+00
        381 103.312860    0.02641     1.5846     95.075     33.314  50620.836    31.5767     5.7015     33.000     5.6994    24.8840     6.6797     9.5460     93.851    291.073    298.317   -0.00011    7.11741   10.17149  310.14576     5.6990   15.96333 6.5763e-01     0.4118     0.2773 0.0000e+00
        385 103.312870    0.02668     1.6005     96.031     34.324  50625.295    31.5795     5.7026     34.000     5.7006    24.8860     6.6827     9.5503     93.897    291.203    298.450    0.00006    7.11709   10.17103  310.13128     5.7000   15.96263 5.9788e-01     0.4116     0.2828 0.0000e+00
        389 103.312881    0.02693     1.6155     96.931     35.333  50626.933    31.5804     5.7036     35.000     5.7012    24.8866     6.6875     9.5572     93.968    291.414    298.667    0.00040    7.11688   10.17074  310.12207     5.7009   15.96219 5.4475e-01     0.4029     0.2687 0.0000e+00
        392 103.312891    0.02716     1.6298     97.787     36.342  50629.351    31.5816     5.7041     36.000     5.7016    24.8876     6.6881     9.5580     93.977    291.438    298.692    0.00033    7.11675   10.17053  310.11560     5.7013   15.96187 4.9781e-01     0.4036     0.2672 0.0000e+00
        395 103.312900    0.02739     1.6437     98.622     37.352  50633.427    31.5841     5.7047     37.000     5.7023    24.8895     6.6884     9.5584     93.985    291.452    298.706    0.00020    7.11652   10.17021  310.10508     5.7019   15.96136 4.5482e-01     0.4016     0.2716 0.0000e+00
        399 103.312912    0.02766     1.6594     99.565     38.362  50638.158    31.5871     5.7057     38.000     5.7031    24.8917     6.6890     9.5592     93.996    291.473    298.729    0.00017    7.11622   10.16979  310.09151     5.7027   15.96070 4.1780e-01     0.3912     0.2620 0.0000e+00
        404 103.312925    0.02798     1.6788    100.729     39.371  50641.617    31.5892     5.7066     39.000     5.7038    24.8933     6.6831     9.5508     93.917    291.217    298.467   -0.00034    7.11595   10.16941  310.07970     5.7036   15.96013 3.8232e-01     0.3927     0.2653 0.0000e+00
        408 103.312938    0.02829     1.6978    101.868     40.381  50643.719    31.5902     5.7070     40.000     5.7041    24.8941     6.6819     9.5491     93.902    291.166    298.415   -0.00045    7.11584   10.16925  310.07444     5.7039   15.95988 3.5004e-01     0.3970     0.2638 0.0000e+00
        412 103.312949    0.02857     1.7140    102.843     41.391  50649.172    31.5936     5.7078     41.000     5.7052    24.8967     6.6870     9.5564     93.978    291.388    298.643    0.00001    7.11555   10.16883  310.06083     5.7046   15.95922 3.2027e-01     0.3921     0.2509 0.0000e+00
        416 103.312960    0.02882     1.7290    103.742     42.401  50652.986    31.5960     5.7089     42.000     5.7060    24.8985     6.6900     9.5607     94.024    291.518    298.777    0.00023    7.11525   10.16841  310.04744     5.7056   15.95857 2.9323e-01     0.3827     0.2461 0.0000e+00
        419 103.312970    0.02905     1.7431    104.584     43.411  50659.288    31.6001     5.7098     43.000     5.7073    24.9016     6.6885     9.5586     94.007    291.452    298.710    0.00005    7.11491   10.16791  310.03153     5.7064   15.95780 2.6894e-01     0.3725     0.2430 0.0000e+00
        423 103.312979    0.02929     1.7575    105.447     44.419  50669.456    31.6069     5.7115     44.000     5.7090    24.9068     6.6853     9.5539     93.969    291.308    298.563   -0.00025    7.11430   10.16704  310.00344     5.7081   15.95643 2.4691e-01     0.3633     0.2419 0.0000e+00
        427 103.312992    0.02958     1.7751    106.505     45.430  50674.201    31.6101     5.7132     45.000     5.7100    24.9091     6.6836     9.5515     93.951    291.233    298.488   -0.00035    7.11387   10.16642  309.98376     5.7097   15.95548 2.2736e-01     0.3614     0.2423 0.0000e+00
        432 103.313006    0.02992     1.7950    107.697     46.440  50676.327    31.6112     5.7139     46.000     5.7104    24.9099     6.6789     9.5448     93.887    291.028    298.278   -0.00060    7.11370   10.16618  309.97615     5.7103   15.95511 2.0905e-01     0.3865     0.2439 0.0000e+00
        436 103.313017    0.03020     1.8116    108.697     47.450  50678.387    31.6122     5.7142     47.000     5.7107    24.9106     6.6734     9.5369     93.812    290.789    298.034   -0.00097    7.11360   10.16604  309.97172     5.7105   15.95490 1.9226e-01     0.3881     0.2387 0.0000e+00
        439 103.313028    0.03045     1.8269    109.613     48.459  50682.831    31.6149     5.7146     48.000     5.7115    24.9127     6.6746     9.5387     93.832    290.842    298.088   -0.00072    7.11339   10.16574  309.96193     5.7109   15.95442 1.7731e-01     0.3888     0.2371 0.0000e+00
        443 103.313038    0.03070     1.8422    110.530     49.469  50689.570    31.6192     5.7158     49.000     5.7126    24.9161     6.6786     9.5443     93.893    291.014    298.265   -0.00030    7.11299   10.16517  309.94353     5.7120   15.95352 1.6372e-01     0.3918     0.2289 0.0000e+00
        447 103.313049    0.03096     1.8575    111.449     50.478  50692.565    31.6211     5.7169     50.000     5.7133    24.9174     6.6831     9.5508     93.960    291.211    298.467    0.00010    7.11273   10.16481  309.93179     5.7130   15.95296 1.5142e-01     0.3795     0.2287 0.0000e+00
        451 103.313060    0.03123     1.8739    112.435     51.488  50694.501    31.6220     5.7174     51.000     5.7136    24.9181     6.6839     9.5519     93.972    291.244    298.501    0.00010    7.11258   10.16460  309.92528     5.7135   15.95264 1.3993e-01     0.3650     0.2305 0.0000e+00
        455 103.313074    0.03155     1.8928    113.570     52.497  50696.963    31.6233     5.7178     52.000     5.7140    24.9191     6.6852     9.5538     93.992    291.300    298.559    0.00010    7.11246   10.16441  309.91933     5.7138   15.95236 1.2998e-01     0.3578     0.2317 0.0000e+00
        460 103.313086    0.03184     1.9105    114.628     53.507  50701.374    31.6260     5.7185     53.000     5.7148    24.9212     6.6836     9.5516     93.974    291.235    298.492   -0.00006    7.11222   10.16408  309.90856     5.7143   15.95183 1.2088e-01     0.3689     0.2270 0.0000e+00
