CTD-processing/allCTD/CNV/2015_02-24_t7_s23_cast248_4141.cnv
* Sea-Bird SBE19plus Data File:
* FileName = C:\Users\amdoroff\Desktop\2015_02_24_CookInlet_Tran7_Augustine\2015_02_24_CookInlet_Tran7_cast248.hex
* Software Version 1.59
* Temperature SN =  4141
* Conductivity SN =  4141
* System UpLoad Time = Feb 24 2015 13:06:28
** Cook Inlet LTM Tran7 Augustine E to W
** Date 02-24
** Station: 7-23
** Start Time (AKST): 05:34
** Depth (m):  52
** Comment:
** Comment: On R/V Pandalus.
# nquan = 27
# nvalues = 53                          
# units = specified
# name 0 = scan: Scan Count
# name 1 = timeJ: Julian Days
# name 2 = timeH: Time, Elapsed [hours]
# name 3 = timeM: Time, Elapsed [minutes]
# name 4 = timeS: Time, Elapsed [seconds]
# name 5 = prdM: Pressure, Strain Gauge [db]
# name 6 = specc: Specific Conductance [uS/cm]
# name 7 = sal00: Salinity, Practical [PSU]
# name 8 = tv290C: Temperature [ITS-90, deg C]
# name 9 = depSM: Depth [salt water, m], lat = 59.00
# name 10 = potemp090C: Potential Temperature [ITS-90, deg C]
# name 11 = sigma-é00: Density [sigma-theta, kg/m^3]
# name 12 = sbeox0ML/L: Oxygen, SBE 43 [ml/l]
# name 13 = sbeox0Mg/L: Oxygen, SBE 43 [mg/l]
# name 14 = sbeox0PS: Oxygen, SBE 43 [% saturation]
# name 15 = sbox0Mm/Kg: Oxygen, SBE 43 [umol/kg]
# name 16 = sbeox0Mm/L: Oxygen, SBE 43 [umol/l]
# name 17 = sbox0dV/dT: Oxygen, SBE 43 [dov/dt]
# name 18 = oxsolML/L: Oxygen Saturation, Garcia & Gordon [ml/l]
# name 19 = oxsolMg/L: Oxygen Saturation, Garcia & Gordon [mg/l]
# name 20 = oxsolMm/Kg: Oxygen Saturation, Garcia & Gordon [umol/kg]
# name 21 = n2satMg/L: Nitrogen Saturation [mg/l]
# name 22 = par: PAR/Irradiance, Biospherical/Licor
# name 23 = wetStar: Fluorescence, WET Labs WETstar [mg/m^3]
# name 24 = CStarAt0: Beam Attenuation, WET Labs C-Star [1/m]
# name 25 = CStarTr0: Beam Transmission, WET Labs C-Star [%]
# name 26 = flag: flag
# span 0 =         39,        560       
# span 1 =  55.232771,  55.234279       
# span 2 =    0.00262,    0.03881       
# span 3 =     0.1570,     2.3286       
# span 4 =      9.419,    139.716       
# span 5 =      1.001,     53.479       
# span 6 =  48937.644,  50511.963       
# span 7 =    30.7452,    31.5865       
# span 8 =     6.1618,     7.6680       
# span 9 =      1.000,     53.000       
# span 10 =     6.1616,     6.7922      
# span 11 =    23.9702,    24.8368      
# span 12 =     6.2785,     6.4543      
# span 13 =     8.9726,     9.2239      
# span 14 =     91.091,     91.876      
# span 15 =    273.841,    281.268      
# span 16 =    280.398,    288.253      
# span 17 =   -0.00223,    0.00505      
# span 18 =    6.84252,    7.04027      
# span 19 =    9.77864,   10.06125      
# span 20 =  298.42225,  306.79869      
# span 21 =   15.40758,   15.80382      
# span 22 = 3.6344e-02, 9.3092e-02      
# span 23 =     0.3836,     0.5405      
# span 24 =     0.4924,     4.8422      
# span 25 =    56.3573,    88.4169      
# span 26 = 0.0000e+00, 0.0000e+00      
# interval = meters: 1                  
# start_time = Feb 24 2015 05:35:02 [Instrument's time stamp, header]
# bad_flag = -9.990e-29
*END*
         39  55.232771    0.00262     0.1570      9.419      1.001  48937.644    30.7452     7.6680      1.000     6.7922    23.9702     6.2785     8.9726     91.876    273.841    280.398    0.00505    6.84252    9.77864  298.42225   15.40758 8.6970e-02     0.3836     4.8422    56.3573 0.0000e+00
        320  55.233587    0.02219     1.3310     79.862      2.032  50417.195    31.5511     6.2263      2.000     6.1903    24.8002     6.4188     9.1730     91.287    279.724    286.661    0.00124    7.03173   10.04905  306.43674   15.78669 9.3092e-02     0.5370     0.6682    87.0559 0.0000e+00
        336  55.233631    0.02327     1.3961     83.767      3.025  50480.498    31.5851     6.1651      3.000     6.1640    24.8352     6.4126     9.1642     91.091    279.446    286.386   -0.00099    7.03979   10.06057  306.77820   15.80284 7.7755e-02     0.5380     0.5006    88.2352 0.0000e+00
        341  55.233647    0.02364     1.4184     85.105      4.041  50481.577    31.5849     6.1628      4.000     6.1616    24.8354     6.4188     9.1731     91.173    279.715    286.662   -0.00006    7.04017   10.06110  306.79439   15.80362 7.6194e-02     0.5199     0.4939    88.3830 0.0000e+00
        346  55.233660    0.02395     1.4367     86.199      5.049  50484.844    31.5865     6.1618      5.000     6.1621    24.8368     6.4239     9.1804     91.245    279.939    286.892    0.00055    7.04027   10.06125  306.79869   15.80382 7.5889e-02     0.5110     0.4944    88.3727 0.0000e+00
        350  55.233672    0.02424     1.4540     87.242      6.051  50484.744    31.5864     6.1639      6.000     6.1643    24.8364     6.4294     9.1884     91.328    280.181    287.140    0.00086    7.03993   10.06076  306.78384   15.80311 7.5817e-02     0.5165     0.4963    88.3323 0.0000e+00
        355  55.233687    0.02460     1.4762     88.573      7.070  50483.526    31.5854     6.1657      7.000     6.1650    24.8355     6.4308     9.1902     91.351    280.240    287.199    0.00083    7.03967   10.06040  306.77305   15.80260 7.5805e-02     0.5277     0.4954    88.3513 0.0000e+00
        360  55.233701    0.02492     1.4954     89.727      8.073  50484.651    31.5856     6.1651      8.000     6.1644    24.8358     6.4315     9.1912     91.359    280.270    287.231    0.00034    7.03976   10.06052  306.77663   15.80277 7.5563e-02     0.5251     0.4990    88.2714 0.0000e+00
        365  55.233716    0.02529     1.5173     91.039      9.085  50485.204    31.5855     6.1650      9.000     6.1642    24.8356     6.4351     9.1963     91.410    280.425    287.390    0.00058    7.03978   10.06055  306.77772   15.80282 7.5376e-02     0.5115     0.4965    88.3270 0.0000e+00
        371  55.233732    0.02567     1.5401     92.404     10.098  50486.284    31.5857     6.1649     10.000     6.1646    24.8359     6.4247     9.1816     91.262    279.974    286.927   -0.00078    7.03979   10.06055  306.77766   15.80282 7.5350e-02     0.5233     0.4964    88.3298 0.0000e+00
        375  55.233745    0.02600     1.5599     93.591     11.102  50485.422    31.5847     6.1651     11.000     6.1636    24.8350     6.4143     9.1667     91.115    279.521    286.463   -0.00223    7.03980   10.06058  306.77863   15.80287 7.5308e-02     0.5164     0.4983    88.2873 0.0000e+00
        380  55.233760    0.02635     1.5809     94.853     12.117  50487.278    31.5854     6.1647     12.000     6.1642    24.8356     6.4315     9.1913     91.359    280.271    287.232    0.00066    7.03985   10.06064  306.78032   15.80295 7.5303e-02     0.5350     0.4964    88.3295 0.0000e+00
        385  55.233772    0.02666     1.5991     95.949     13.118  50487.554    31.5854     6.1659     13.000     6.1653    24.8355     6.4235     9.1798     91.247    279.920    286.872   -0.00053    7.03964   10.06036  306.77186   15.80254 7.5291e-02     0.5265     0.5033    88.1780 0.0000e+00
        391  55.233790    0.02708     1.6246     97.477     14.134  50487.404    31.5850     6.1672     14.000     6.1661    24.8351     6.4305     9.1898     91.350    280.228    287.188    0.00035    7.03944   10.06007  306.76322   15.80213 7.5022e-02     0.5222     0.4986    88.2806 0.0000e+00
        397  55.233808    0.02749     1.6496     98.975     15.146  50487.228    31.5843     6.1665     15.000     6.1643    24.8345     6.4254     9.1825     91.274    280.002    286.956   -0.00039    7.03960   10.06029  306.76990   15.80246 7.5053e-02     0.5177     0.4924    88.4169 0.0000e+00
        401  55.233820    0.02780     1.6676    100.056     16.148  50488.521    31.5843     6.1645     16.000     6.1627    24.8348     6.4244     9.1811     91.256    279.960    286.912   -0.00076    7.03992   10.06075  306.78381   15.80312 7.5287e-02     0.5194     0.4993    88.2646 0.0000e+00
        406  55.233835    0.02815     1.6891    101.344     17.162  50490.826    31.5853     6.1640     17.000     6.1628    24.8357     6.4266     9.1841     91.287    280.054    287.010   -0.00027    7.03995   10.06079  306.78497   15.80317 4.3345e-02     0.5144     0.4963    88.3310 0.0000e+00
        411  55.233849    0.02850     1.7104    102.624     18.170  50491.315    31.5853     6.1643     18.000     6.1631    24.8357     6.4322     9.1923     91.368    280.301    287.262    0.00042    7.03990   10.06072  306.78284   15.80307 3.6344e-02     0.5061     0.5007    88.2344 0.0000e+00
        416  55.233864    0.02885     1.7312    103.871     19.179  50491.828    31.5853     6.1652     19.000     6.1636    24.8356     6.4369     9.1989     91.436    280.505    287.471    0.00073    7.03976   10.06051  306.77652   15.80277 3.6378e-02     0.5162     0.4980    88.2946 0.0000e+00
        422  55.233879    0.02921     1.7521    105.128     20.195  50491.991    31.5848     6.1648     20.000     6.1633    24.8353     6.4381     9.2007     91.452    280.557    287.525    0.00061    7.03984   10.06063  306.78013   15.80294 3.6381e-02     0.5270     0.4945    88.3706 0.0000e+00
        426  55.233891    0.02948     1.7691    106.149     21.202  50493.805    31.5858     6.1655     21.000     6.1642    24.8359     6.4361     9.1979     91.426    280.470    287.436   -0.00006    7.03969   10.06043  306.77354   15.80263 3.6382e-02     0.5101     0.4986    88.2804 0.0000e+00
        429  55.233901    0.02974     1.7848    107.089     22.204  50493.647    31.5853     6.1661     22.000     6.1649    24.8355     6.4415     9.2055     91.504    280.705    287.676    0.00049    7.03960   10.06030  306.76986   15.80245 3.6382e-02     0.5405     0.5045    88.1494 0.0000e+00
        434  55.233915    0.03007     1.8041    108.248     23.214  50494.584    31.5857     6.1672     23.000     6.1655    24.8356     6.4435     9.2084     91.535    280.793    287.767    0.00063    7.03940   10.06001  306.76124   15.80204 3.6382e-02     0.5233     0.5027    88.1909 0.0000e+00
        440  55.233931    0.03047     1.8278    109.666     24.233  50494.040    31.5850     6.1679     24.000     6.1662    24.8351     6.4333     9.1939     91.392    280.352    287.314   -0.00094    7.03932   10.05989  306.75783   15.80188 3.6382e-02     0.5275     0.4978    88.2983 0.0000e+00
        444  55.233944    0.03076     1.8460    110.758     25.241  50494.958    31.5852     6.1683     25.000     6.1663    24.8352     6.4348     9.1960     91.413    280.415    287.379   -0.00071    7.03926   10.05981  306.75496   15.80174 3.6382e-02     0.5231     0.5065    88.1077 0.0000e+00
        448  55.233955    0.03102     1.8615    111.689     26.246  50494.984    31.5847     6.1683     26.000     6.1660    24.8348     6.4396     9.2028     91.482    280.625    287.594    0.00011    7.03928   10.05983  306.75571   15.80178 3.6382e-02     0.5196     0.5082    88.0683 0.0000e+00
        452  55.233966    0.03130     1.8781    112.687     27.253  50496.301    31.5850     6.1677     27.000     6.1654    24.8351     6.4398     9.2031     91.483    280.632    287.602   -0.00002    7.03936   10.05995  306.75951   15.80196 3.6382e-02     0.5159     0.5050    88.1392 0.0000e+00
        457  55.233980    0.03165     1.8985    113.913     28.262  50496.906    31.5850     6.1678     28.000     6.1656    24.8351     6.4365     9.1984     91.436    280.487    287.453   -0.00049    7.03934   10.05993  306.75869   15.80192 3.6382e-02     0.5193     0.4978    88.2972 0.0000e+00
        463  55.234000    0.03209     1.9257    115.545     29.280  50497.425    31.5849     6.1678     29.000     6.1655    24.8351     6.4370     9.1991     91.443    280.509    287.476   -0.00030    7.03936   10.05994  306.75924   15.80194 3.6382e-02     0.5108     0.4961    88.3358 0.0000e+00
        468  55.234013    0.03243     1.9458    116.750     30.296  50498.092    31.5850     6.1683     30.000     6.1661    24.8350     6.4320     9.1919     91.373    280.291    287.252   -0.00090    7.03927   10.05982  306.75544   15.80176 3.6382e-02     0.5116     0.5039    88.1640 0.0000e+00
        471  55.234023    0.03265     1.9591    117.543     31.294  50498.768    31.5850     6.1687     31.000     6.1662    24.8350     6.4307     9.1900     91.355    280.235    287.194   -0.00101    7.03921   10.05974  306.75282   15.80164 3.6382e-02     0.5137     0.5162    87.8917 0.0000e+00
        474  55.234032    0.03288     1.9723    118.340     32.296  50499.011    31.5847     6.1688     32.000     6.1662    24.8348     6.4362     9.1980     91.434    280.476    287.441   -0.00026    7.03920   10.05972  306.75236   15.80162 3.6382e-02     0.5159     0.5192    87.8278 0.0000e+00
        479  55.234045    0.03318     1.9910    119.459     33.309  50499.747    31.5848     6.1688     33.000     6.1661    24.8349     6.4436     9.2085     91.539    280.797    287.771    0.00066    7.03919   10.05970  306.75192   15.80160 3.6382e-02     0.5186     0.5071    88.0926 0.0000e+00
        484  55.234061    0.03357     2.0143    120.856     34.331  50499.949    31.5844     6.1688     34.000     6.1659    24.8346     6.4445     9.2098     91.551    280.836    287.811    0.00047    7.03921   10.05975  306.75327   15.80167 3.6382e-02     0.5208     0.5023    88.1996 0.0000e+00
        488  55.234072    0.03385     2.0307    121.841     35.333  50501.124    31.5848     6.1688     35.000     6.1659    24.8349     6.4441     9.2093     91.546    280.821    287.795    0.00012    7.03920   10.05972  306.75247   15.80162 3.6382e-02     0.5080     0.5098    88.0347 0.0000e+00
        492  55.234084    0.03412     2.0469    122.816     36.344  50501.811    31.5848     6.1689     36.000     6.1661    24.8349     6.4445     9.2098     91.551    280.835    287.810    0.00008    7.03917   10.05968  306.75114   15.80157 3.6382e-02     0.5347     0.5091    88.0499 0.0000e+00
        496  55.234094    0.03438     2.0627    123.763     37.355  50501.489    31.5842     6.1692     37.000     6.1660    24.8343     6.4449     9.2103     91.557    280.854    287.830   -0.00005    7.03915   10.05965  306.75061   15.80154 3.6382e-02     0.5167     0.5109    88.0098 0.0000e+00
        500  55.234105    0.03463     2.0777    124.664     38.356  50502.407    31.5842     6.1689     38.000     6.1657    24.8345     6.4447     9.2101     91.554    280.846    287.821   -0.00010    7.03920   10.05972  306.75259   15.80163 3.6382e-02     0.5280     0.5134    87.9546 0.0000e+00
        505  55.234119    0.03497     2.0980    125.882     39.369  50503.164    31.5842     6.1683     39.000     6.1652    24.8345     6.4465     9.2127     91.579    280.925    287.901   -0.00002    7.03928   10.05984  306.75630   15.80181 3.6382e-02     0.5130     0.5055    88.1287 0.0000e+00
        510  55.234135    0.03535     2.1208    127.246     40.394  50503.780    31.5842     6.1686     40.000     6.1651    24.8345     6.4471     9.2135     91.588    280.948    287.926   -0.00002    7.03925   10.05980  306.75489   15.80175 3.6382e-02     0.5216     0.5057    88.1237 0.0000e+00
        513  55.234145    0.03558     2.1346    128.074     41.395  50504.314    31.5841     6.1684     41.000     6.1652    24.8344     6.4468     9.2131     91.583    280.937    287.914   -0.00015    7.03929   10.05985  306.75666   15.80183 3.6382e-02     0.5104     0.5177    87.8588 0.0000e+00
        516  55.234152    0.03577     2.1465    128.789     42.399  50504.873    31.5840     6.1687     42.000     6.1654    24.8343     6.4485     9.2155     91.607    281.008    287.987   -0.00009    7.03924   10.05978  306.75455   15.80173 3.6382e-02     0.5222     0.5297    87.5980 0.0000e+00
        519  55.234162    0.03598     2.1592    129.551     43.405  50505.352    31.5839     6.1689     43.000     6.1654    24.8343     6.4513     9.2195     91.648    281.132    288.114    0.00022    7.03921   10.05974  306.75333   15.80168 3.6382e-02     0.5113     0.5281    87.6323 0.0000e+00
        523  55.234172    0.03625     2.1751    130.505     44.415  50506.061    31.5839     6.1690     44.000     6.1654    24.8343     6.4543     9.2239     91.692    281.268    288.253    0.00045    7.03920   10.05972  306.75266   15.80164 3.6382e-02     0.5123     0.5255    87.6898 0.0000e+00
        528  55.234186    0.03657     2.1940    131.641     45.432  50507.009    31.5841     6.1691     45.000     6.1654    24.8344     6.4531     9.2221     91.674    281.210    288.195    0.00008    7.03918   10.05969  306.75181   15.80160 3.6382e-02     0.5345     0.5227    87.7514 0.0000e+00
        532  55.234198    0.03687     2.2125    132.750     46.437  50507.406    31.5839     6.1691     46.000     6.1654    24.8343     6.4468     9.2130     91.583    280.935    287.911   -0.00076    7.03918   10.05969  306.75181   15.80160 3.6382e-02     0.5225     0.5137    87.9485 0.0000e+00
        537  55.234212    0.03720     2.2321    133.925     47.451  50508.078    31.5839     6.1691     47.000     6.1653    24.8343     6.4486     9.2156     91.609    281.012    287.991   -0.00059    7.03917   10.05968  306.75161   15.80159 3.6382e-02     0.5114     0.5144    87.9318 0.0000e+00
        541  55.234224    0.03749     2.2493    134.954     48.467  50508.713    31.5839     6.1692     48.000     6.1653    24.8342     6.4524     9.2210     91.664    281.179    288.162    0.00018    7.03916   10.05966  306.75109   15.80157 3.6382e-02     0.5189     0.5151    87.9166 0.0000e+00
        544  55.234233    0.03771     2.2625    135.747     49.468  50509.081    31.5837     6.1692     49.000     6.1652    24.8341     6.4514     9.2197     91.650    281.138    288.120   -0.00016    7.03917   10.05968  306.75146   15.80159 3.6382e-02     0.5344     0.5265    87.6674 0.0000e+00
        547  55.234243    0.03794     2.2762    136.573     50.470  50509.682    31.5837     6.1693     50.000     6.1652    24.8341     6.4507     9.2187     91.641    281.108    288.089   -0.00033    7.03916   10.05967  306.75108   15.80157 3.6382e-02     0.5276     0.5330    87.5252 0.0000e+00
        552  55.234255    0.03824     2.2943    137.659     51.488  50510.738    31.5839     6.1693     51.000     6.1651    24.8342     6.4522     9.2208     91.662    281.172    288.154   -0.00013    7.03915   10.05966  306.75068   15.80154 3.6382e-02     0.5252     0.5268    87.6611 0.0000e+00
        556  55.234268    0.03855     2.3130    138.778     52.503  50511.308    31.5838     6.1693     52.000     6.1651    24.8342     6.4494     9.2169     91.623    281.053    288.031   -0.00048    7.03914   10.05964  306.75014   15.80152 3.6382e-02     0.5222     0.5208    87.7937 0.0000e+00
        560  55.234279    0.03881     2.3286    139.716     53.479  50511.963    31.5838     6.1695     53.000     6.1652    24.8342     6.4507     9.2186     91.640    281.104    288.085   -0.00043    7.03913   10.05962  306.74958   15.80150 3.6382e-02     0.5075     0.5280    87.6329 0.0000e+00
