CTD-processing/allCTD/CNV/2015_07-10_subbays_sadiec_cast288_4141.cnv
* Sea-Bird SBE19plus Data File:
* FileName = C:\Users\Kris.Holderied\Documents\kasitsna\Research-KBL\Oceanography-AK\CTD-Data-ALL-to-2015-10\2015-CTD-KachemakBay-CookInlet\2015-07-10-KachemakBay-Subbays\2015-07-10-KachemakBay-subbays-cast288.hex
* Software Version 1.59
* Temperature SN =  4141
* Conductivity SN =  4141
* System UpLoad Time = Nov 02 2015 20:04:11
** Kachemak Bay Intensive Survey - Sub-bays

** Date: 07-10
** Station: Sadie C
** Start time (AKDT): 16:53
** Depth (m): 27.7
** Comment:  Survey included T9, sub-bays and along-bay line on two boats.
** Comment: R/V Barnacle. KBRR CTD.  Seldovia done with other boat.
# nquan = 27
# nvalues = 19                          
# units = specified
# name 0 = scan: Scan Count
# name 1 = timeJ: Julian Days
# name 2 = timeH: Time, Elapsed [hours]
# name 3 = timeM: Time, Elapsed [minutes]
# name 4 = timeS: Time, Elapsed [seconds]
# name 5 = prdM: Pressure, Strain Gauge [db]
# name 6 = specc: Specific Conductance [uS/cm]
# name 7 = sal00: Salinity, Practical [PSU]
# name 8 = tv290C: Temperature [ITS-90, deg C]
# name 9 = depSM: Depth [salt water, m], lat = 59.00
# name 10 = potemp090C: Potential Temperature [ITS-90, deg C]
# name 11 = sigma-é00: Density [sigma-theta, kg/m^3]
# name 12 = sbeox0ML/L: Oxygen, SBE 43 [ml/l]
# name 13 = sbeox0Mg/L: Oxygen, SBE 43 [mg/l]
# name 14 = sbeox0PS: Oxygen, SBE 43 [% saturation]
# name 15 = sbox0Mm/Kg: Oxygen, SBE 43 [umol/kg]
# name 16 = sbeox0Mm/L: Oxygen, SBE 43 [umol/l]
# name 17 = sbox0dV/dT: Oxygen, SBE 43 [dov/dt]
# name 18 = oxsolML/L: Oxygen Saturation, Garcia & Gordon [ml/l]
# name 19 = oxsolMg/L: Oxygen Saturation, Garcia & Gordon [mg/l]
# name 20 = oxsolMm/Kg: Oxygen Saturation, Garcia & Gordon [umol/kg]
# name 21 = n2satMg/L: Nitrogen Saturation [mg/l]
# name 22 = par: PAR/Irradiance, Biospherical/Licor
# name 23 = wetStar: Fluorescence, WET Labs WETstar [mg/m^3]
# name 24 = CStarAt0: Beam Attenuation, WET Labs C-Star [1/m]
# name 25 = CStarTr0: Beam Transmission, WET Labs C-Star [%]
# name 26 = flag: flag
# span 0 =        596,        667       
# span 1 = 191.705482, 191.705688       
# span 2 =    0.04129,    0.04623       
# span 3 =     2.4771,     2.7738       
# span 4 =    148.630,    166.429       
# span 5 =      1.049,     19.175       
# span 6 =  45450.241,  49298.908       
# span 7 =    28.9355,    31.2437       
# span 8 =     9.1615,    12.7896       
# span 9 =      1.000,     19.000       
# span 10 =     9.1443,    12.7856      
# span 11 =    21.7396,    24.1538      
# span 12 =     6.8895,     7.4655      
# span 13 =     9.8457,    10.6690      
# span 14 =    104.555,    116.620      
# span 15 =    300.427,    325.601      
# span 16 =    307.684,    333.408      
# span 17 =   -0.04946,    0.01571      
# span 18 =    6.17893,    6.58933      
# span 19 =    8.83032,    9.41681      
# span 20 =  270.01895,  287.33917      
# span 21 =   14.05537,   14.87651      
# span 22 = 7.7705e+00, 2.9434e+02      
# span 23 =     1.2650,     5.1679      
# span 24 =     0.6210,     0.8832      
# span 25 =    80.1903,    85.6237      
# span 26 = 0.0000e+00, 0.0000e+00      
# interval = meters: 1                  
# start_time = Jul 10 2015 16:53:25 [Instrument's time stamp, header]
# bad_flag = -9.990e-29
*END*
        596 191.705482    0.04129     2.4771    148.630      1.049  45450.241    28.9355    12.7896      1.000    12.7856    21.7396     7.2113    10.3054    116.620    315.198    322.050    0.00346    6.18343    8.83673  270.27586   14.06882 2.7959e+02     1.2650     0.7642    82.6065 0.0000e+00
        600 191.705494    0.04157     2.4941    149.646      2.030  45458.989    28.9401    12.7764      2.000    12.7675    21.7457     7.1869    10.2707    116.199    314.134    320.965   -0.00155    6.18494    8.83890  270.34089   14.07193 2.9434e+02     1.4683     0.7857    82.1697 0.0000e+00
        603 191.705503    0.04179     2.5071    150.427      3.033  45483.862    28.9563    12.7643      3.000    12.7477    21.7604     7.1703    10.2471    115.914    313.407    320.226   -0.00470    6.18589    8.84026  270.37840   14.07367 2.3017e+02     1.3760     0.7860    82.1617 0.0000e+00
        606 191.705511    0.04198     2.5189    151.133      4.034  45862.437    29.2211    12.7388      4.000    12.6610    21.9701     7.1532    10.2227    115.768    312.596    319.463   -0.00555    6.17893    8.83032  270.01895   14.05537 1.7543e+02     1.3280     0.7839    82.2043 0.0000e+00
        608 191.705519    0.04218     2.5312    151.870      5.053  46290.255    29.5124    12.6150      5.000    12.2803    22.2185     7.1565    10.2274    115.732    312.663    319.610   -0.00437    6.18371    8.83714  270.16179   14.06106 1.6186e+02     1.6920     0.7965    81.9469 0.0000e+00
        611 191.705528    0.04238     2.5427    152.562      6.055  46717.804    29.7545    11.9681      6.000    11.0104    22.5243     7.1703    10.2471    114.558    313.173    320.226   -0.01108    6.25928    8.94516  273.38193   14.21448 1.3736e+02     1.8939     0.8119    81.6294 0.0000e+00
        614 191.705535    0.04257     2.5544    153.263      7.064  47950.637    30.4867    10.6534      7.000    10.0966    23.3222     7.1131    10.1654    111.001    310.432    317.672   -0.04075    6.40836    9.15820  279.67472   14.51295 1.1010e+02     2.3440     0.7407    83.0972 0.0000e+00
        617 191.705544    0.04278     2.5666    153.997      8.074  48769.771    30.9837     9.9788      8.000     9.8457    23.8212     7.1411    10.2054    110.160    311.502    318.923   -0.04946    6.48247    9.26410  282.77128   14.65913 9.4858e+01     2.3833     0.7129    83.6762 0.0000e+00
        620 191.705553    0.04299     2.5793    154.759      9.084  48955.316    31.0931     9.8130      9.000     9.7658    23.9333     7.3317    10.4778    112.770    319.782    327.436   -0.01141    6.50151    9.29130  283.57042   14.69692 7.5764e+01     2.3499     0.7154    83.6227 0.0000e+00
        623 191.705561    0.04320     2.5920    155.522     10.098  48990.669    31.1082     9.7410     10.000     9.6908    23.9567     7.4607    10.6621    114.584    325.402    333.197    0.01571    6.51117    9.30511  283.98544   14.71670 6.2365e+01     2.2822     0.7471    82.9652 0.0000e+00
        626 191.705570    0.04340     2.6039    156.233     11.105  49023.280    31.1215     9.6700     11.000     9.6114    23.9785     7.4655    10.6690    114.488    325.601    333.408    0.01171    6.52078    9.31884  284.39854   14.73640 4.9834e+01     1.9850     0.7833    82.2175 0.0000e+00
        629 191.705578    0.04359     2.6157    156.940     12.111  49076.444    31.1482     9.5907     12.000     9.5444    24.0119     7.4398    10.6323    113.914    324.471    332.263    0.00303    6.53107    9.33356  284.83818   14.75732 3.9382e+01     2.9101     0.8214    81.4369 0.0000e+00
        632 191.705586    0.04381     2.6283    157.701     13.118  49135.167    31.1807     9.5276     13.000     9.5037    24.0473     7.4135    10.5946    113.377    323.312    331.087   -0.00360    6.53880    9.34460  285.16530   14.77283 3.0877e+01     2.8837     0.8832    80.1903 0.0000e+00
        635 191.705597    0.04405     2.6428    158.569     14.135  49151.357    31.1869     9.4918     14.000     9.4615    24.0579     7.3991    10.5740    113.072    322.679    330.443   -0.00645    6.54370    9.35160  285.37599   14.78288 2.3634e+01     3.6900     0.8818    80.2164 0.0000e+00
        639 191.705607    0.04429     2.6573    159.435     15.138  49164.821    31.1879     9.4315     15.000     9.3925    24.0681     7.3834    10.5516    112.682    321.992    329.742   -0.00741    6.55238    9.36401  285.75189   14.80086 1.8366e+01     4.2885     0.8321    81.2244 0.0000e+00
        643 191.705618    0.04457     2.6742    160.451     16.144  49198.675    31.2022     9.3641     16.000     9.3305    24.0898     7.2678    10.3864    110.764    316.944    324.580   -0.02133    6.56156    9.37712  286.14591   14.81963 1.4827e+01     4.7307     0.7564    82.7729 0.0000e+00
        648 191.705635    0.04495     2.6969    161.814     17.167  49229.774    31.2113     9.2732     17.000     9.2347    24.1111     7.1005    10.1473    108.002    309.642    317.109   -0.03792    6.57440    9.39548  286.70010   14.84609 1.1789e+01     4.8685     0.7366    83.1824 0.0000e+00
        657 191.705660    0.04556     2.7336    164.018     18.171  49267.410    31.2268     9.1964     18.000     9.1795    24.1352     6.9669     9.9564    105.801    303.810    311.143   -0.03273    6.58495    9.41054  287.15319   14.86769 9.5525e+00     5.1679     0.6834    84.2962 0.0000e+00
        667 191.705688    0.04623     2.7738    166.429     19.175  49298.908    31.2437     9.1615     19.000     9.1443    24.1538     6.8895     9.8457    104.555    300.427    307.684   -0.02045    6.58933    9.41681  287.33917   14.87651 7.7705e+00     3.9655     0.6210    85.6237 0.0000e+00
