CTD-processing/allCTD/CNV/2015_09-24_t9_s09_cast187_5028.cnv
* Sea-Bird SBE19plus Data File:
* FileName = C:\Users\Kris.Holderied\Documents\kasitsna\Research-KBL\Oceanography-AK\CTD-Data-ALL-to-2015-06\2015-CTD-KachemakBay-CookInlet\2015-09-24-CookInlet-HomerSpit-special\2015-09-24-CookInlet-Tran9-cast187.hex
* Software Version 1.59
* Temperature SN =  5028
* Conductivity SN =  5028
* System UpLoad Time = Oct 19 2015 12:22:58
** Cook Inlet LTM Transect 9 Homer Spit special

** Date: 09-24
** Station: 9-09
** Start time (AKDT): 13:27
** Depth (m): 81.4
** Comment:  R/V Edgecumbe
** Comment:
# nquan = 27
# nvalues = 72                          
# units = specified
# name 0 = scan: Scan Count
# name 1 = timeJ: Julian Days
# name 2 = timeH: Time, Elapsed [hours]
# name 3 = timeM: Time, Elapsed [minutes]
# name 4 = timeS: Time, Elapsed [seconds]
# name 5 = prdM: Pressure, Strain Gauge [db]
# name 6 = specc: Specific Conductance [uS/cm]
# name 7 = sal00: Salinity, Practical [PSU]
# name 8 = tv290C: Temperature [ITS-90, deg C]
# name 9 = depSM: Depth [salt water, m], lat = 59.00
# name 10 = potemp090C: Potential Temperature [ITS-90, deg C]
# name 11 = sigma-é00: Density [sigma-theta, kg/m^3]
# name 12 = sbeox0ML/L: Oxygen, SBE 43 [ml/l]
# name 13 = sbeox0Mg/L: Oxygen, SBE 43 [mg/l]
# name 14 = sbeox0PS: Oxygen, SBE 43 [% saturation]
# name 15 = sbox0Mm/Kg: Oxygen, SBE 43 [umol/kg]
# name 16 = sbeox0Mm/L: Oxygen, SBE 43 [umol/l]
# name 17 = sbox0dV/dT: Oxygen, SBE 43 [dov/dt]
# name 18 = oxsolML/L: Oxygen Saturation, Garcia & Gordon [ml/l]
# name 19 = oxsolMg/L: Oxygen Saturation, Garcia & Gordon [mg/l]
# name 20 = oxsolMm/Kg: Oxygen Saturation, Garcia & Gordon [umol/kg]
# name 21 = potemp090C: Potential Temperature [ITS-90, deg C]
# name 22 = n2satMg/L: Nitrogen Saturation [mg/l]
# name 23 = par: PAR/Irradiance, Biospherical/Licor
# name 24 = flECO-AFL: Fluorescence, WET Labs ECO-AFL/FL [mg/m^3]
# name 25 = turbWETntu0: Turbidity, WET Labs ECO [NTU]
# name 26 = flag: flag
# span 0 =        435,        770       
# span 1 = 267.560654, 267.561623       
# span 2 =    0.03014,    0.05341       
# span 3 =     1.8084,     3.2045       
# span 4 =    108.505,    192.271       
# span 5 =      1.009,     72.691       
# span 6 =  43533.259,  49240.699       
# span 7 =    27.2279,    31.2324       
# span 8 =     9.1023,    10.2976       
# span 9 =      1.000,     72.000       
# span 10 =     9.1135,    10.3079      
# span 11 =    21.0251,    24.0855      
# span 12 =     4.9606,     6.6274      
# span 13 =     7.0892,     9.4712      
# span 14 =     76.026,     98.186      
# span 15 =    216.335,    289.885      
# span 16 =    221.542,    295.980      
# span 17 =   -0.03898,    0.00299      
# span 18 =    6.44928,    6.77124      
# span 19 =    9.21667,    9.67678      
# span 20 =  281.39924,  296.17620      
# span 21 =     9.1022,    10.2966      
# span 22 =   14.59464,   15.31528      
# span 23 = 5.7990e-02, 4.1304e+02      
# span 24 =     0.2760,     1.0687      
# span 25 =     0.3228,     1.9509      
# span 26 = 0.0000e+00, 0.0000e+00      
# interval = meters: 1                  
# start_time = Sep 24 2015 13:25:32 [Instrument's time stamp, header]
# bad_flag = -9.990e-29
*END*
[from data line 54]
        641 267.561250    0.04444     2.6665    159.989     55.526  49138.309    31.1881     9.7030     55.000     9.7020    24.0259     5.1814     7.4048     79.552    225.974    231.402   -0.00644    6.51327    9.30812  284.05790     9.6971   14.71985 1.0123e-01     0.3043     0.8394 0.0000e+00
        644 267.561260    0.04468     2.6807    160.840     56.536  49146.316    31.1941     9.7092     56.000     9.7027    24.0296     5.1471     7.3557     79.037    224.474    229.868   -0.00798    6.51214    9.30650  284.00748     9.7031   14.71742 9.2189e-02     0.2993     0.9441 0.0000e+00
        648 267.561269    0.04491     2.6949    161.696     57.546  49153.976    31.1989     9.7078     57.000     9.6996    24.0336     5.1070     7.2983     78.421    222.724    228.077   -0.00974    6.51212    9.30648  284.00596     9.7016   14.71733 8.4561e-02     0.2949     1.0639 0.0000e+00
        651 267.561280    0.04515     2.7091    162.548     58.556  49160.057    31.2023     9.7043     58.000     9.6949    24.0368     5.0644     7.2376     77.765    220.869    226.178   -0.01148    6.51249    9.30700  284.02083     9.6980   14.71802 7.8288e-02     0.3007     1.1641 0.0000e+00
        655 267.561290    0.04540     2.7236    163.413     59.565  49164.953    31.2045     9.6985     59.000     9.6872    24.0395     5.0334     7.1932     77.280    219.515    224.792   -0.01178    6.51322    9.30804  284.05205     9.6921   14.71951 7.3422e-02     0.3006     1.2533 0.0000e+00
        658 267.561299    0.04563     2.7381    164.284     60.575  49170.622    31.2069     9.6893     60.000     9.6755    24.0428     5.0157     7.1680     76.994    218.743    224.002   -0.01063    6.51444    9.30978  284.10428     9.6828   14.72200 6.9673e-02     0.2828     1.3117 0.0000e+00
        662 267.561310    0.04588     2.7527    165.161     61.585  49181.988    31.2127     9.6766     61.000     9.6635    24.0495     5.0035     7.1506     76.789    218.212    223.459   -0.00919    6.51602    9.31204  284.17104     9.6700   14.72517 6.6864e-02     0.2765     1.3389 0.0000e+00
        665 267.561320    0.04612     2.7670    166.022     62.595  49193.295    31.2190     9.6663     62.000     9.6553    24.0560     4.9928     7.1352     76.609    217.740    222.978   -0.00799    6.51723    9.31378  284.22229     9.6596   14.72760 6.4607e-02     0.2760     1.4210 0.0000e+00
        668 267.561329    0.04635     2.7811    166.863     63.604  49198.723    31.2214     9.6594     63.000     9.6481    24.0591     4.9803     7.1174     76.408    217.196    222.421   -0.00728    6.51812    9.31504  284.26023     9.6526   14.72940 6.2856e-02     0.2808     1.5464 0.0000e+00
        672 267.561339    0.04659     2.7951    167.705     64.614  49202.629    31.2227     9.6515     64.000     9.6392    24.0613     4.9744     7.1090     76.305    216.938    222.158   -0.00627    6.51920    9.31658  284.30651     9.6446   14.73161 6.1521e-02     0.2854     1.6488 0.0000e+00
        675 267.561349    0.04682     2.8092    168.552     65.624  49205.406    31.2230     9.6422     65.000     9.6286    24.0630     4.9708     7.1038     76.233    216.778    221.994   -0.00507    6.52052    9.31847  284.36372     9.6353   14.73434 6.0472e-02     0.2867     1.6976 0.0000e+00
        679 267.561359    0.04705     2.8233    169.396     66.633  49207.616    31.2226     9.6302     66.000     9.6132    24.0647     4.9630     7.0926     76.093    216.438    221.647   -0.00472    6.52227    9.32097  284.43935     9.6231   14.73796 5.9695e-02     0.2869     1.6852 0.0000e+00
        682 267.561369    0.04729     2.8375    170.249     67.644  49210.442    31.2217     9.6119     67.000     9.5917    24.0669     4.9606     7.0892     76.026    216.335    221.542   -0.00410    6.52492    9.32477  284.55465     9.6047   14.74348 5.9131e-02     0.2874     1.6251 0.0000e+00
        685 267.561378    0.04753     2.8518    171.106     68.653  49217.261    31.2232     9.5899     68.000     9.5703    24.0715     4.9686     7.1006     76.112    216.682    221.897   -0.00270    6.52804    9.32922  284.68922     9.5826   14.74991 5.8723e-02     0.2886     1.6424 0.0000e+00
        689 267.561388    0.04777     2.8659    171.954     69.663  49224.297    31.2250     9.5696     69.000     9.5527    24.0762     4.9821     7.1199     76.285    217.268    222.498   -0.00104    6.53088    9.33328  284.81199     9.5622   14.75577 5.8428e-02     0.2953     1.7399 0.0000e+00
        692 267.561398    0.04801     2.8805    172.831     70.673  49234.464    31.2298     9.5554     70.000     9.5438    24.0822     4.9969     7.1411     76.491    217.915    223.162    0.00042    6.53272    9.33591  284.89054     9.5479   14.75951 5.8178e-02     0.3064     1.8547 0.0000e+00
        702 267.561426    0.04866     2.9200    175.203     71.683  49239.959    31.2324     9.5490     71.000     9.5403    24.0852     5.0162     7.1686     76.776    218.754    224.023    0.00155    6.53352    9.33706  284.92473     9.5415   14.76113 5.8022e-02     0.3190     1.9509 0.0000e+00
        770 267.561623    0.05341     3.2045    192.271     72.691  49240.699    31.2323     9.5466     72.000     9.5390    24.0855     5.0273     7.1846     76.942    219.238    224.520   -0.00214    6.53389    9.33757  284.94030     9.5390   14.76189 5.7990e-02     0.3375     1.8767 0.0000e+00
