CTD-processing/allCTD/CNV/2015_11-04_t3_s15b_cast018_5028.cnv
* Sea-Bird SBE19plus Data File:
* FileName = C:\Users\Kris.Holderied\Documents\kasitsna\Research-KBL\Oceanography-AK\CTD-Data-ALL-to-2015-10\2015-CTD-KachemakBay-CookInlet\2015-11-EVOSTC-CookInlet-quarterly\2015-11-04-CookInlet-Tran3-AnchorPt\2015-11-04-CookInlet-Tran3-cast018.hex
* Software Version 1.59
* Temperature SN =  5028
* Conductivity SN =  5028
* System UpLoad Time = Nov 04 2015 14:08:03
** Cook Inlet LTM Tran3 Anchor Pt  Northwest to Southeast

** Date: 11-04
** Station: 3-15b
** Start time (AKST): 13:02
** Depth (m): 18.7
** Comment: Repeat because of long delay with cable problem
** Comment: M/V Ursus.
# nquan = 27
# nvalues = 19                          
# units = specified
# name 0 = scan: Scan Count
# name 1 = timeJ: Julian Days
# name 2 = timeH: Time, Elapsed [hours]
# name 3 = timeM: Time, Elapsed [minutes]
# name 4 = timeS: Time, Elapsed [seconds]
# name 5 = prdM: Pressure, Strain Gauge [db]
# name 6 = specc: Specific Conductance [uS/cm]
# name 7 = sal00: Salinity, Practical [PSU]
# name 8 = tv290C: Temperature [ITS-90, deg C]
# name 9 = depSM: Depth [salt water, m], lat = 59.00
# name 10 = potemp090C: Potential Temperature [ITS-90, deg C]
# name 11 = sigma-é00: Density [sigma-theta, kg/m^3]
# name 12 = sbeox0ML/L: Oxygen, SBE 43 [ml/l]
# name 13 = sbeox0Mg/L: Oxygen, SBE 43 [mg/l]
# name 14 = sbeox0PS: Oxygen, SBE 43 [% saturation]
# name 15 = sbox0Mm/Kg: Oxygen, SBE 43 [umol/kg]
# name 16 = sbeox0Mm/L: Oxygen, SBE 43 [umol/l]
# name 17 = sbox0dV/dT: Oxygen, SBE 43 [dov/dt]
# name 18 = oxsolML/L: Oxygen Saturation, Garcia & Gordon [ml/l]
# name 19 = oxsolMg/L: Oxygen Saturation, Garcia & Gordon [mg/l]
# name 20 = oxsolMm/Kg: Oxygen Saturation, Garcia & Gordon [umol/kg]
# name 21 = potemp090C: Potential Temperature [ITS-90, deg C]
# name 22 = n2satMg/L: Nitrogen Saturation [mg/l]
# name 23 = par: PAR/Irradiance, Biospherical/Licor
# name 24 = flECO-AFL: Fluorescence, WET Labs ECO-AFL/FL [mg/m^3]
# name 25 = turbWETntu0: Turbidity, WET Labs ECO [NTU]
# name 26 = flag: flag
# span 0 =        124,        423       
# span 1 = 308.542232, 308.543095       
# span 2 =    0.00856,    0.02931       
# span 3 =     0.5136,     1.7582       
# span 4 =     30.815,    105.491       
# span 5 =      1.009,     19.181       
# span 6 =  45906.780,  48144.781       
# span 7 =    28.8433,    30.3485       
# span 8 =     7.7149,     8.5435       
# span 9 =      1.000,     19.000       
# span 10 =     8.0817,     8.5415      
# span 11 =    22.4625,    23.5461      
# span 12 =     5.7155,     6.0496      
# span 13 =     8.1680,     8.6454      
# span 14 =     84.940,     87.179      
# span 15 =    249.393,    264.352      
# span 16 =    255.255,    270.174      
# span 17 =   -0.00036,    0.00534      
# span 18 =    6.71983,    6.93432      
# span 19 =    9.60332,    9.90983      
# span 20 =  293.20388,  302.99925      
# span 21 =     7.7148,     8.5415      
# span 22 =   15.16037,   15.63318      
# span 23 = 1.8375e+00, 4.0771e+01      
# span 24 =     0.2625,     0.3952      
# span 25 =     0.6476,     5.5468      
# span 26 = 0.0000e+00, 0.0000e+00      
# interval = meters: 1                  
# start_time = Nov 04 2015 13:00:18 [Instrument's time stamp, header]
# bad_flag = -9.990e-29
*END*
        124 308.542232    0.00856     0.5136     30.815      1.009  45906.780    28.8433     7.7149      1.000     8.0817    22.4625     6.0496     8.6454     87.179    264.352    270.174    0.00241    6.93432    9.90983  302.99925     7.7148   15.63318 3.8809e+01     0.2625     5.5468 0.0000e+00
        303 308.542749    0.02098     1.2590     75.542      2.019  48068.463    30.3003     8.5020      2.000     8.5127    23.5135     5.7155     8.1680     84.940    249.393    255.255    0.00534    6.72869    9.61597  293.60239     8.5018   15.17957 4.0771e+01     0.3952     0.8069 0.0000e+00
        314 308.542780    0.02173     1.3035     78.209      3.028  48114.539    30.3321     8.5271      3.000     8.5275    23.5353     5.7243     8.1806     85.145    249.769    255.648    0.00436    6.72301    9.60786  293.34582     8.5268   15.16721 3.1745e+01     0.3853     0.7128 0.0000e+00
        321 308.542800    0.02220     1.3321     79.929      4.038  48114.520    30.3318     8.5282      4.000     8.5278    23.5349     5.7357     8.1969     85.317    250.267    256.157    0.00330    6.72287    9.60765  293.33942     8.5278   15.16691 2.5329e+01     0.3575     0.6907 0.0000e+00
        327 308.542819    0.02267     1.3601     81.608      5.047  48115.111    30.3318     8.5282      5.000     8.5278    23.5349     5.7434     8.2079     85.431    250.602    256.500    0.00242    6.72287    9.60766  293.33975     8.5277   15.16693 2.0045e+01     0.3607     0.6826 0.0000e+00
        334 308.542839    0.02314     1.3882     83.291      6.057  48116.740    30.3326     8.5287      6.000     8.5284    23.5354     5.7511     8.2189     85.547    250.938    256.844    0.00192    6.72274    9.60748  293.33409     8.5282   15.16665 1.6111e+01     0.3843     0.7105 0.0000e+00
        341 308.542859    0.02360     1.4162     84.973      7.066  48119.870    30.3345     8.5300      7.000     8.5297    23.5368     5.7637     8.2369     85.737    251.486    257.405    0.00206    6.72248    9.60709  293.32195     8.5293   15.16606 1.2990e+01     0.3759     0.7435 0.0000e+00
        347 308.542877    0.02406     1.4435     86.610      8.075  48124.716    30.3377     8.5317      8.000     8.5321    23.5391     5.7702     8.2462     85.839    251.771    257.697    0.00168    6.72208    9.60652  293.30378     8.5309   15.16519 1.0626e+01     0.3588     0.7292 0.0000e+00
        354 308.542896    0.02451     1.4706     88.234      9.085  48133.536    30.3441     8.5365      9.000     8.5368    23.5434     5.7766     8.2554     85.948    252.050    257.984    0.00150    6.72108    9.60510  293.25917     8.5356   15.16303 8.7638e+00     0.3510     0.6961 0.0000e+00
        361 308.542916    0.02498     1.4990     89.938     10.095  48136.438    30.3461     8.5393     10.000     8.5389    23.5446     5.7807     8.2613     86.016    252.230    258.169    0.00115    6.72056    9.60435  293.23622     8.5383   15.16193 7.3199e+00     0.3308     0.6983 0.0000e+00
        368 308.542936    0.02546     1.5276     91.656     11.104  48138.689    30.3475     8.5410     11.000     8.5400    23.5454     5.7837     8.2655     86.065    252.361    258.303    0.00084    6.72024    9.60390  293.22214     8.5399   15.16125 6.0707e+00     0.3102     0.7004 0.0000e+00
        374 308.542954    0.02591     1.5545     93.271     12.114  48138.940    30.3472     8.5412     12.000     8.5399    23.5452     5.7904     8.2751     86.164    252.652    258.600    0.00096    6.72023    9.60388  293.22144     8.5400   15.16122 5.1893e+00     0.2930     0.6476 0.0000e+00
        381 308.542973    0.02636     1.5813     94.879     13.123  48138.938    30.3467     8.5410     13.000     8.5397    23.5449     5.7942     8.2805     86.219    252.815    258.768    0.00080    6.72027    9.60394  293.22343     8.5397   15.16131 4.4875e+00     0.3246     0.6919 0.0000e+00
        387 308.542993    0.02683     1.6094     96.566     14.133  48139.395    30.3467     8.5410     14.000     8.5396    23.5448     5.7948     8.2813     86.229    252.843    258.796    0.00044    6.72029    9.60396  293.22413     8.5396   15.16135 3.8516e+00     0.3223     0.6777 0.0000e+00
        394 308.543013    0.02732     1.6392     98.349     15.142  48140.950    30.3474     8.5415     15.000     8.5402    23.5453     5.8006     8.2897     86.317    253.099    259.058    0.00064    6.72016    9.60379  293.21868     8.5401   15.16108 3.2935e+00     0.3286     0.6791 0.0000e+00
        401 308.543033    0.02779     1.6671    100.023     16.152  48141.855    30.3476     8.5420     16.000     8.5405    23.5455     5.8044     8.2951     86.375    253.264    259.226    0.00063    6.72008    9.60367  293.21498     8.5404   15.16090 2.8436e+00     0.3222     0.6947 0.0000e+00
        408 308.543053    0.02827     1.6965    101.788     17.161  48142.023    30.3473     8.5419     17.000     8.5402    23.5453     5.8011     8.2903     86.324    253.116    259.076    0.00002    6.72012    9.60372  293.21658     8.5402   15.16098 2.4547e+00     0.3203     0.6593 0.0000e+00
        415 308.543074    0.02877     1.7263    103.576     18.171  48143.974    30.3483     8.5422     18.000     8.5407    23.5460     5.7989     8.2872     86.293    253.021    258.979   -0.00021    6.72002    9.60359  293.21231     8.5405   15.16077 2.1267e+00     0.3350     0.6546 0.0000e+00
        423 308.543095    0.02931     1.7582    105.491     19.181  48144.781    30.3485     8.5435     19.000     8.5415    23.5461     5.7972     8.2848     86.271    252.949    258.906   -0.00036    6.71983    9.60332  293.20388     8.5415   15.16037 1.8375e+00     0.3157     0.6584 0.0000e+00
