CTD-processing/allCTD/CNV/2015_02-24_t7_s02_cast263_4141.cnv
* Sea-Bird SBE19plus Data File:
* FileName = C:\Users\amdoroff\Desktop\2015_02_24_CookInlet_Tran7_Augustine\2015_02_24_CookInlet_Tran7_cast263.hex
* Software Version 1.59
* Temperature SN =  4141
* Conductivity SN =  4141
* System UpLoad Time = Feb 24 2015 13:17:52
** Cook Inlet LTM Tran7 Augustine E to W
** Date 02-24
** Station: 7-02
** Start Time (AKST): 11:50
** Depth (m):  40
** Comment:
** Comment: On R/V Pandalus.
# nquan = 27
# nvalues = 40                          
# units = specified
# name 0 = scan: Scan Count
# name 1 = timeJ: Julian Days
# name 2 = timeH: Time, Elapsed [hours]
# name 3 = timeM: Time, Elapsed [minutes]
# name 4 = timeS: Time, Elapsed [seconds]
# name 5 = prdM: Pressure, Strain Gauge [db]
# name 6 = specc: Specific Conductance [uS/cm]
# name 7 = sal00: Salinity, Practical [PSU]
# name 8 = tv290C: Temperature [ITS-90, deg C]
# name 9 = depSM: Depth [salt water, m], lat = 59.00
# name 10 = potemp090C: Potential Temperature [ITS-90, deg C]
# name 11 = sigma-é00: Density [sigma-theta, kg/m^3]
# name 12 = sbeox0ML/L: Oxygen, SBE 43 [ml/l]
# name 13 = sbeox0Mg/L: Oxygen, SBE 43 [mg/l]
# name 14 = sbeox0PS: Oxygen, SBE 43 [% saturation]
# name 15 = sbox0Mm/Kg: Oxygen, SBE 43 [umol/kg]
# name 16 = sbeox0Mm/L: Oxygen, SBE 43 [umol/l]
# name 17 = sbox0dV/dT: Oxygen, SBE 43 [dov/dt]
# name 18 = oxsolML/L: Oxygen Saturation, Garcia & Gordon [ml/l]
# name 19 = oxsolMg/L: Oxygen Saturation, Garcia & Gordon [mg/l]
# name 20 = oxsolMm/Kg: Oxygen Saturation, Garcia & Gordon [umol/kg]
# name 21 = n2satMg/L: Nitrogen Saturation [mg/l]
# name 22 = par: PAR/Irradiance, Biospherical/Licor
# name 23 = wetStar: Fluorescence, WET Labs WETstar [mg/m^3]
# name 24 = CStarAt0: Beam Attenuation, WET Labs C-Star [1/m]
# name 25 = CStarTr0: Beam Transmission, WET Labs C-Star [%]
# name 26 = flag: flag
# span 0 =         33,        435       
# span 1 =  55.494110,  55.495271       
# span 2 =    0.00225,    0.03011       
# span 3 =     0.1352,     1.8068       
# span 4 =      8.113,    108.409       
# span 5 =      1.008,     40.372       
# span 6 =  49828.310,  50870.745       
# span 7 =    30.2050,    31.3400       
# span 8 =     1.9673,     4.3517       
# span 9 =      1.000,     40.000       
# span 10 =     1.9647,     4.3491      
# span 11 =    24.1268,    24.8434      
# span 12 =     6.7395,     7.3374      
# span 13 =     9.6314,    10.4859      
# span 14 =     85.772,     95.789      
# span 15 =    293.859,    319.899      
# span 16 =    300.986,    327.690      
# span 17 =   -0.01199,    0.01579      
# span 18 =    7.36309,    7.86761      
# span 19 =   10.52260,   11.24361      
# span 20 =  320.86632,  343.07648      
# span 21 =   16.47460,   17.53393      
# span 22 = 3.6231e-02, 9.5223e+01      
# span 23 =     0.1609,     0.4981      
# span 24 =     1.9288,     6.9957      
# span 25 =    19.6890,    61.7434      
# span 26 = 0.0000e+00, 0.0000e+00      
# interval = meters: 1                  
# start_time = Feb 24 2015 11:51:23 [Instrument's time stamp, header]
# bad_flag = -9.990e-29
*END*
         33  55.494110    0.00225     0.1352      8.113      1.008  49828.310    30.2050     2.0800      1.000     2.0211    24.1268     6.9597     9.9462     88.656    303.504    310.822   -0.00451    7.85028   11.21884  342.33913   17.49912 9.5223e+01     0.1609     6.9957    19.6890 0.0000e+00
        183  55.494543    0.01264     0.7584     45.502      2.012  50088.934    30.3503     2.0032      2.000     2.0000    24.2480     6.7395     9.6314     85.772    293.859    300.986   -0.00799    7.85729   11.22885  342.59865   17.51085 4.8244e+01     0.2256     3.1033    43.5340 0.0000e+00
        330  55.494967    0.02282     1.3696     82.176      3.044  49985.034    30.2824     2.0076      3.000     2.0047    24.1934     7.3234    10.4659     93.171    319.337    327.062   -0.00088    7.86015   11.23293  342.74204   17.51793 1.8739e+01     0.2576     3.8448    38.2368 0.0000e+00
        319  55.494937    0.02211     1.3271     79.622      4.003  49948.568    30.2568     2.0047      4.000     1.9872    24.1731     7.2708    10.3906     92.478    317.046    324.710   -0.00311    7.86211   11.23574  342.83446   17.52241 1.0343e+01     0.2625     3.9052    37.6708 0.0000e+00
        322  55.494946    0.02231     1.3388     80.326      5.055  49944.957    30.2469     1.9798      5.000     1.9647    24.1668     7.2747    10.3964     92.465    317.226    324.892   -0.00324    7.86761   11.24361  343.07648   17.53393 6.3677e+00     0.2739     3.8003    38.6712 0.0000e+00
        325  55.494954    0.02250     1.3502     81.009      6.068  50040.579    30.3067     1.9673      6.000     1.9910    24.2155     7.2890    10.4167     92.655    317.831    325.528   -0.00108    7.86688   11.24254  343.02805   17.53139 3.4968e+00     0.2856     3.8081    38.5957 0.0000e+00
        327  55.494960    0.02266     1.3593     81.559      7.071  50156.905    30.3918     1.9963      7.000     2.1151    24.2816     7.2878    10.4150     92.761    317.756    325.472    0.00000    7.85649   11.22772  342.55329   17.50853 1.9170e+00     0.3006     3.8313    38.3730 0.0000e+00
        329  55.494966    0.02280     1.3680     82.080      8.068  50672.533    30.7698     2.1185      8.000     2.3590    24.5759     7.2684    10.3872     93.042    316.818    324.604    0.00158    7.81189   11.16398  340.51100   17.41012 1.0303e+00     0.3099     3.7330    39.3294 0.0000e+00
        332  55.494973    0.02296     1.3775     82.652      9.072  50330.111    30.6163     2.3956      9.000     2.4848    24.4336     7.2956    10.4262     93.947    318.051    325.822    0.00766    7.76557   11.09778  338.53874   17.31715 5.7009e-01     0.3297     3.7328    39.3295 0.0000e+00
        335  55.494982    0.02317     1.3902     83.413     10.086  50156.357    30.5269     2.4984     10.000     2.5124    24.3546     7.3374    10.4859     94.674    319.899    327.690    0.01378    7.75023   11.07585  337.89599   17.28701 3.5337e-01     0.3304     3.6460    40.1956 0.0000e+00
        338  55.494992    0.02343     1.4058     84.347     11.115  50191.062    30.5569     2.5255     11.000     2.5530    24.3765     7.2923    10.4213     94.174    317.922    325.671    0.00700    7.74336   11.06603  337.58906   17.27231 2.1217e-01     0.3493     3.5349    41.3228 0.0000e+00
        341  55.495001    0.02363     1.4180     85.082     12.114  50247.871    30.6069     2.5724     12.000     2.6286    24.4131     7.2284    10.3301     93.491    315.126    322.818   -0.00094    7.73161   11.04925  337.06525   17.24725 1.2121e-01     0.3544     3.6579    40.0718 0.0000e+00
        344  55.495010    0.02383     1.4300     85.801     13.116  50726.272    30.9599     2.6928     13.000     2.9318    24.6857     7.1828    10.2650     93.408    313.057    320.784   -0.00224    7.68975   10.98943  335.15111   17.15495 7.5224e-02     0.3574     3.5443    41.2380 0.0000e+00
        348  55.495019    0.02407     1.4442     86.649     14.133  50870.745    31.1692     3.1238     14.000     3.3567    24.8179     7.1841    10.2668     94.569    313.074    320.843    0.00635    7.59678   10.85657  331.05638   16.95964 5.3415e-02     0.3673     3.0644    46.5045 0.0000e+00
        351  55.495029    0.02430     1.4580     87.480     15.151  50809.602    31.2179     3.4824     15.000     3.6444    24.8261     7.2042    10.2956     95.710    313.947    321.741    0.01579    7.52717   10.75709  328.02024   16.81518 4.3755e-02     0.3575     2.7598    50.1756 0.0000e+00
        354  55.495037    0.02449     1.4694     88.165     16.155  50761.547    31.2389     3.7025     16.000     3.8314    24.8231     7.1702    10.2469     95.789    312.463    320.220    0.01425    7.48543   10.69742  326.20179   16.72868 3.8678e-02     0.3596     2.5626    52.6930 0.0000e+00
        356  55.495044    0.02467     1.4801     88.806     17.155  50767.016    31.2820     3.8678     17.000     3.9539    24.8421     7.1022    10.1496     95.292    309.492    317.179    0.00724    7.45301   10.65110  324.78318   16.66107 3.6231e-02     0.3883     2.3880    55.0461 0.0000e+00
        359  55.495052    0.02486     1.4918     89.508     18.169  50623.492    31.2072     3.9659     18.000     3.9881    24.7735     7.0376    10.0573     94.604    306.699    314.296    0.00009    7.43890   10.63093  324.18998   16.63317 3.6365e-02     0.3984     2.2537    56.9264 0.0000e+00
        362  55.495061    0.02507     1.5041     90.245     19.179  50640.567    31.2257     3.9976     19.000     4.0303    24.7853     6.9683     9.9584     93.758    303.679    311.205   -0.00741    7.43222   10.62140  323.89545   16.61909 3.6385e-02     0.4266     2.1957    57.7558 0.0000e+00
        365  55.495069    0.02528     1.5168     91.005     20.184  50658.561    31.2513     4.0566     20.000     4.0804    24.8001     6.9094     9.8741     93.115    301.105    308.572   -0.01199    7.42025   10.60428  323.36872   16.59394 3.6381e-02     0.4534     2.1308    58.7025 0.0000e+00
        369  55.495080    0.02553     1.5316     91.895     21.196  50666.365    31.2658     4.0976     21.000     4.1229    24.8076     6.8810     9.8336     92.834    299.866    307.305   -0.01151    7.41210   10.59264  323.01158   16.57690 3.6383e-02     0.4377     2.0042    60.5916 0.0000e+00
        373  55.495091    0.02580     1.5479     92.875     22.214  50629.984    31.2510     4.1428     22.000     4.1497    24.7915     6.8638     9.8091     92.695    299.123    306.538   -0.00951    7.40470   10.58206  322.69396   16.56186 3.6382e-02     0.4604     1.9340    61.6622 0.0000e+00
        376  55.495101    0.02603     1.5622     93.731     23.222  50721.606    31.3178     4.1637     23.000     4.1976    24.8426     6.8477     9.7860     92.566    298.403    305.816   -0.00818    7.39760   10.57192  322.36856   16.54611 3.6382e-02     0.4332     2.0088    60.5212 0.0000e+00
        379  55.495110    0.02625     1.5752     94.514     24.226  50636.431    31.2694     4.2078     24.000     4.2061    24.7999     6.8446     9.7817     92.595    298.285    305.682   -0.00643    7.39208   10.56402  322.14114   16.53549 3.6382e-02     0.4457     1.9900    60.8056 0.0000e+00
        382  55.495120    0.02648     1.5887     95.324     25.236  50666.728    31.2903     4.2110     25.000     4.2168    24.8162     6.8443     9.7812     92.610    298.264    305.666   -0.00451    7.39046   10.56170  322.06551   16.53181 3.6382e-02     0.4451     1.9684    61.1348 0.0000e+00
        386  55.495129    0.02672     1.6029     96.174     26.247  50647.035    31.2780     4.2177     26.000     4.2162    24.8057     6.8363     9.7698     92.510    297.921    305.311   -0.00428    7.38988   10.56088  322.04352   16.53081 3.6382e-02     0.4461     1.9530    61.3699 0.0000e+00
        389  55.495139    0.02695     1.6173     97.036     27.255  50670.414    31.2942     4.2210     27.000     4.2286    24.8183     6.8315     9.7629     92.461    297.705    305.093   -0.00385    7.38848   10.55888  321.97853   16.52766 3.6382e-02     0.4686     1.9288    61.7434 0.0000e+00
        393  55.495150    0.02721     1.6325     97.948     28.266  50624.054    31.2637     4.2279     28.000     4.2178    24.7934     6.8284     9.7584     92.416    297.576    304.955   -0.00310    7.38875   10.55927  321.99841   16.52873 3.6382e-02     0.4461     1.9491    61.4298 0.0000e+00
        396  55.495160    0.02746     1.6474     98.844     29.278  50694.863    31.3119     4.2300     29.000     4.2441    24.8315     6.8247     9.7531     92.400    297.404    304.789   -0.00287    7.38597   10.55528  321.86475   16.52218 3.6382e-02     0.4503     1.9526    61.3774 0.0000e+00
        400  55.495170    0.02769     1.6613     99.677     30.285  50696.529    31.3181     4.2541     30.000     4.2673    24.8340     6.8283     9.7583     92.507    297.562    304.951   -0.00116    7.38134   10.54868  321.66268   16.51255 3.6382e-02     0.4738     2.0072    60.5455 0.0000e+00
        403  55.495180    0.02792     1.6753    100.517     31.293  50680.243    31.3117     4.2767     31.000     4.2830    24.8268     6.8363     9.7697     92.664    297.914    305.310    0.00038    7.37762   10.54335  321.50246   16.50494 3.6382e-02     0.4541     1.9715    61.0881 0.0000e+00
        407  55.495190    0.02817     1.6901    101.408     32.304  50681.227    31.3155     4.2925     32.000     4.2951    24.8282     6.8284     9.7584     92.593    297.565    304.954   -0.00016    7.37459   10.53903  321.37013   16.49864 3.6382e-02     0.4586     1.9548    61.3422 0.0000e+00
        410  55.495201    0.02842     1.7052    102.313     33.317  50695.805    31.3271     4.3019     33.000     4.3078    24.8365     6.8166     9.7417     92.463    297.053    304.431   -0.00148    7.37233   10.53580  321.26904   16.49378 3.6382e-02     0.4576     1.9584    61.2882 0.0000e+00
        414  55.495210    0.02865     1.7192    103.154     34.324  50683.500    31.3210     4.3141     34.000     4.3129    24.8305     6.8109     9.7336     92.409    296.807    304.176   -0.00151    7.37047   10.53313  321.18961   16.49003 3.6382e-02     0.4696     2.0206    60.3434 0.0000e+00
        417  55.495220    0.02888     1.7327    103.963     35.332  50698.808    31.3316     4.3165     35.000     4.3203    24.8386     6.8055     9.7257     92.346    296.566    303.933   -0.00193    7.36950   10.53175  321.14506   16.48786 3.6382e-02     0.4623     2.0450    59.9765 0.0000e+00
        420  55.495229    0.02912     1.7468    104.808     36.339  50691.757    31.3274     4.3217     36.000     4.3238    24.8349     6.8093     9.7312     92.408    296.735    304.104   -0.00110    7.36878   10.53072  321.11486   16.48645 3.6382e-02     0.4658     1.9915    60.7842 0.0000e+00
        424  55.495240    0.02937     1.7623    105.738     37.355  50706.220    31.3400     4.3358     37.000     4.3408    24.8434     6.8085     9.7302     92.437    296.701    304.072   -0.00056    7.36564   10.52624  320.97550   16.47977 3.6382e-02     0.4760     2.0159    60.4149 0.0000e+00
        427  55.495250    0.02961     1.7767    106.600     38.364  50695.518    31.3344     4.3453     38.000     4.3449    24.8380     6.7990     9.7164     92.325    296.285    303.644   -0.00132    7.36421   10.52419  320.91470   16.47690 3.6382e-02     0.4981     2.1641    58.2207 0.0000e+00
        431  55.495260    0.02984     1.7906    107.435     39.367  50697.240    31.3358     4.3489     39.000     4.3481    24.8389     6.7930     9.7079     92.253    296.024    303.377   -0.00190    7.36351   10.52319  320.88378   16.47543 3.6382e-02     0.4832     2.2202    57.4051 0.0000e+00
        435  55.495271    0.03011     1.8068    108.409     40.372  50694.092    31.3338     4.3517     40.000     4.3491    24.8370     6.7979     9.7149     92.324    296.236    303.593   -0.00093    7.36309   10.52260  320.86632   16.47460 3.6382e-02     0.4847     2.0216    60.3308 0.0000e+00
