CTD-processing/allCTD/CNV/2015_02-24_t9_s06_repeat_cast266_4141.cnv
* Sea-Bird SBE19plus Data File:
* FileName = C:\Users\KRIS~1.HOL\DOCUME~1\kasitsna\RESEAR~1\OCEANO~1\CTD-DA~1\2015-C~1\2015-0~2\207028~1\2015_02_24_CookInlet_Tran9_S06_repeat_cast266.hex
* Software Version 1.59
* Temperature SN =  4141
* Conductivity SN =  4141
* System UpLoad Time = Apr 10 2015 19:00:34
** Cook Inlet LTM: Repeat station during quarterly sampling. Tran9 (Homer Spit)
** Date: 02-24
** Station: 9-06
** Start time (AKST):  19:12
** Depth (m): 101
** Comment:  KBRR CTD. Time is local (AKST)
** Comment: On R/V Pandalus. First of two repeat stations to compare to 12 Feb Tran9 sampling.
# nquan = 27
# nvalues = 99                          
# units = specified
# name 0 = scan: Scan Count
# name 1 = timeJ: Julian Days
# name 2 = timeH: Time, Elapsed [hours]
# name 3 = timeM: Time, Elapsed [minutes]
# name 4 = timeS: Time, Elapsed [seconds]
# name 5 = prdM: Pressure, Strain Gauge [db]
# name 6 = specc: Specific Conductance [uS/cm]
# name 7 = sal00: Salinity, Practical [PSU]
# name 8 = tv290C: Temperature [ITS-90, deg C]
# name 9 = depSM: Depth [salt water, m], lat = 59.00
# name 10 = potemp090C: Potential Temperature [ITS-90, deg C]
# name 11 = sigma-é00: Density [sigma-theta, kg/m^3]
# name 12 = sbeox0ML/L: Oxygen, SBE 43 [ml/l]
# name 13 = sbeox0Mg/L: Oxygen, SBE 43 [mg/l]
# name 14 = sbeox0PS: Oxygen, SBE 43 [% saturation]
# name 15 = sbox0Mm/Kg: Oxygen, SBE 43 [umol/kg]
# name 16 = sbeox0Mm/L: Oxygen, SBE 43 [umol/l]
# name 17 = sbox0dV/dT: Oxygen, SBE 43 [dov/dt]
# name 18 = oxsolML/L: Oxygen Saturation, Garcia & Gordon [ml/l]
# name 19 = oxsolMg/L: Oxygen Saturation, Garcia & Gordon [mg/l]
# name 20 = oxsolMm/Kg: Oxygen Saturation, Garcia & Gordon [umol/kg]
# name 21 = n2satMg/L: Nitrogen Saturation [mg/l]
# name 22 = par: PAR/Irradiance, Biospherical/Licor
# name 23 = wetStar: Fluorescence, WET Labs WETstar [mg/m^3]
# name 24 = CStarAt0: Beam Attenuation, WET Labs C-Star [1/m]
# name 25 = CStarTr0: Beam Transmission, WET Labs C-Star [%]
# name 26 = flag: flag
# span 0 =        102,        673       
# span 1 =  55.801832,  55.803483       
# span 2 =    0.00703,    0.04666       
# span 3 =     0.4215,     2.7992       
# span 4 =     25.288,    167.952       
# span 5 =      1.018,     99.931       
# span 6 =  50369.916,  50708.912       
# span 7 =    31.3138,    31.5302       
# span 8 =     4.9266,     5.4069       
# span 9 =      1.000,     99.000       
# span 10 =     5.0501,     5.4023      
# span 11 =    24.7334,    24.8904      
# span 12 =     6.3751,     6.9040      
# span 13 =     9.1107,     9.8665      
# span 14 =     88.749,     95.150      
# span 15 =    277.798,    300.844      
# span 16 =    284.712,    308.332      
# span 17 =   -0.00286,    0.01024      
# span 18 =    7.17200,    7.25519      
# span 19 =   10.24950,   10.36840      
# span 20 =  312.53810,  316.14941      
# span 21 =   16.07767,   16.24962      
# span 22 = 3.6382e-02, 1.1504e-01      
# span 23 =     0.2739,     0.7754      
# span 24 =     0.5968,     8.5433      
# span 25 =    28.8922,    86.1394      
# span 26 = 0.0000e+00, 0.0000e+00      
# interval = meters: 1                  
# start_time = Feb 24 2015 19:14:13 [Instrument's time stamp, header]
# bad_flag = -9.990e-29
*END*
[from data line 54]
        502  55.802990    0.03482     2.0895    125.373     55.524  50572.428    31.4692     5.3902     55.000     5.3850    24.8346     6.4252     9.1822     89.546    279.995    286.949    0.00006    7.17527   10.25418  312.68225   16.08457 3.6382e-02     0.5767     0.6198    85.6464 0.0000e+00
        506  55.803002    0.03510     2.1057    126.342     56.539  50573.458    31.4689     5.3880     56.000     5.3827    24.8347     6.4249     9.1818     89.538    279.982    286.935   -0.00011    7.17564   10.25471  312.69833   16.08534 3.6382e-02     0.5545     0.6162    85.7230 0.0000e+00
        510  55.803012    0.03535     2.1206    127.238     57.545  50575.561    31.4694     5.3860     57.000     5.3811    24.8354     6.4293     9.1881     89.595    280.175    287.134    0.00022    7.17596   10.25516  312.71206   16.08599 3.6382e-02     0.5828     0.6214    85.6130 0.0000e+00
        514  55.803023    0.03560     2.1362    128.169     58.553  50577.956    31.4705     5.3854     58.000     5.3818    24.8362     6.4328     9.1930     89.642    280.324    287.286    0.00060    7.17602   10.25525  312.71440   16.08610 3.6382e-02     0.5402     0.6249    85.5366 0.0000e+00
        518  55.803034    0.03588     2.1530    129.183     59.569  50586.451    31.4765     5.3888     59.000     5.3882    24.8406     6.4303     9.1896     89.620    280.219    287.180    0.00010    7.17514   10.25400  312.67473   16.08418 3.6382e-02     0.5662     0.6200    85.6410 0.0000e+00
        521  55.803045    0.03613     2.1681    130.087     60.573  50589.834    31.4799     5.3958     60.000     5.3950    24.8425     6.4328     9.1931     89.671    280.325    287.289    0.00036    7.17379   10.25206  312.61538   16.08134 3.6382e-02     0.5408     0.6183    85.6774 0.0000e+00
        525  55.803056    0.03640     2.1840    131.040     61.584  50588.172    31.4795     5.4020     61.000     5.3993    24.8416     6.4348     9.1960     89.712    280.415    287.380    0.00051    7.17276   10.25060  312.57078   16.07922 3.6382e-02     0.5767     0.6061    85.9401 0.0000e+00
        529  55.803067    0.03667     2.2002    132.013     62.596  50587.587    31.4793     5.4056     62.000     5.4023    24.8410     6.4340     9.1948     89.709    280.379    287.344    0.00033    7.17215   10.24973  312.54446   16.07797 3.6382e-02     0.5762     0.6057    85.9498 0.0000e+00
        533  55.803078    0.03693     2.2158    132.949     63.602  50585.771    31.4778     5.4069     63.000     5.3999    24.8397     6.4307     9.1901     89.663    280.232    287.192   -0.00025    7.17200   10.24950  312.53810   16.07767 3.6382e-02     0.5618     0.6021    86.0252 0.0000e+00
        537  55.803089    0.03720     2.2323    133.940     64.615  50588.349    31.4781     5.4018     64.000     5.3942    24.8405     6.4281     9.1864     89.617    280.122    287.081   -0.00074    7.17286   10.25073  312.57547   16.07945 3.6382e-02     0.5501     0.6001    86.0702 0.0000e+00
        541  55.803101    0.03747     2.2485    134.909     65.625  50590.048    31.4777     5.3966     65.000     5.3882    24.8408     6.4289     9.1874     89.615    280.152    287.111   -0.00066    7.17378   10.25204  312.61524   16.08135 3.6382e-02     0.5706     0.5968    86.1394 0.0000e+00
        544  55.803112    0.03774     2.2642    135.850     66.633  50576.255    31.4657     5.3866     66.000     5.3665    24.8324     6.4329     9.1933     89.645    280.334    287.295   -0.00026    7.17603   10.25527  312.71622   16.08620 3.6382e-02     0.5575     0.5995    86.0833 0.0000e+00
        548  55.803123    0.03801     2.2803    136.821     67.645  50553.595    31.4414     5.3470     67.000     5.3108    24.8176     6.4315     9.1913     89.526    280.276    287.231   -0.00114    7.18398   10.26662  313.06693   16.10300 3.6382e-02     0.5410     0.6093    85.8709 0.0000e+00
        552  55.803134    0.03826     2.2959    137.754     68.652  50568.229    31.4386     5.2879     68.000     5.2576    24.8220     6.4270     9.1848     89.336    280.078    287.030   -0.00264    7.19422   10.28126  313.51194   16.12421 3.6382e-02     0.5328     0.6268    85.4946 0.0000e+00
        556  55.803145    0.03853     2.3121    138.723     69.662  50608.453    31.4572     5.2474     69.000     5.2343    24.8412     6.4275     9.1857     89.268    280.097    287.055   -0.00266    7.20027   10.28991  313.76962   16.13639 3.6382e-02     0.5240     0.6493    85.0163 0.0000e+00
        560  55.803157    0.03882     2.3289    139.735     70.673  50576.105    31.4297     5.2242     70.000     5.1913    24.8219     6.4298     9.1889     89.234    280.201    287.156   -0.00221    7.20560   10.29752  314.00788   16.14784 3.6382e-02     0.5077     0.6558    84.8778 0.0000e+00
        564  55.803168    0.03908     2.3447    140.683     71.684  50617.308    31.4483     5.1805     71.000     5.1652    24.8415     6.4321     9.1921     89.183    280.295    287.258   -0.00208    7.21220   10.30696  314.28957   16.16118 3.6382e-02     0.4797     0.6737    84.4994 0.0000e+00
        567  55.803178    0.03934     2.3602    141.613     72.691  50617.184    31.4433     5.1600     72.000     5.1442    24.8398     6.4353     9.1966     89.181    280.433    287.399   -0.00168    7.21599   10.31237  314.45494   16.16908 3.6382e-02     0.4748     0.6893    84.1687 0.0000e+00
        571  55.803190    0.03961     2.3769    142.613     73.703  50628.783    31.4470     5.1419     73.000     5.1301    24.8447     6.4373     9.1995     89.172    280.519    287.488   -0.00133    7.21892   10.31655  314.58113   16.17507 3.6382e-02     0.4835     0.6966    84.0175 0.0000e+00
        575  55.803201    0.03988     2.3930    143.579     74.712  50624.774    31.4404     5.1264     74.000     5.1112    24.8412     6.4360     9.1977     89.117    280.463    287.431   -0.00139    7.22190   10.32083  314.71248   16.18135 3.6382e-02     0.4472     0.7132    83.6690 0.0000e+00
        579  55.803212    0.04015     2.4089    144.531     75.721  50640.224    31.4473     5.1111     75.000     5.1029    24.8483     6.4330     9.1935     89.048    280.334    287.300   -0.00181    7.22421   10.32413  314.81105   16.18602 3.6382e-02     0.4199     0.7231    83.4625 0.0000e+00
        583  55.803223    0.04042     2.4252    145.515     76.732  50702.566    31.4912     5.1185     76.000     5.1388    24.8823     6.4369     9.1989     89.144    280.492    287.472   -0.00068    7.22081   10.31926  314.65214   16.17827 3.6382e-02     0.4380     0.7230    83.4637 0.0000e+00
        587  55.803235    0.04069     2.4414    146.482     77.742  50688.503    31.4924     5.1718     77.000     5.1836    24.8774     6.4431     9.2079     89.344    280.765    287.749    0.00110    7.21158   10.30607  314.25139   16.15918 3.6382e-02     0.4090     0.7025    83.8933 0.0000e+00
        591  55.803246    0.04095     2.4569    147.416     78.751  50654.812    31.4736     5.1947     78.000     5.1912    24.8600     6.4459     9.2118     89.420    280.890    287.873    0.00163    7.20853   10.30172  314.12393   16.15319 3.6382e-02     0.4071     0.6873    84.2125 0.0000e+00
        594  55.803256    0.04121     2.4726    148.356     79.761  50686.571    31.4977     5.2076     79.000     5.2192    24.8777     6.4359     9.1977     89.324    280.452    287.428    0.00020    7.20516   10.29689  313.97153   16.14584 3.6382e-02     0.4210     0.6852    84.2581 0.0000e+00
        598  55.803268    0.04147     2.4883    149.297     80.771  50665.051    31.4884     5.2359     80.000     5.2345    24.8672     6.4310     9.1906     89.310    280.240    287.210   -0.00010    7.20075   10.29060  313.78269   16.13689 3.6382e-02     0.4457     0.6806    84.3534 0.0000e+00
        602  55.803278    0.04174     2.5039    150.232     81.780  50639.882    31.4713     5.2391     81.000     5.2256    24.8533     6.4294     9.1884     89.285    280.177    287.140   -0.00032    7.20104   10.29100  313.79938   16.13775 3.6382e-02     0.4145     0.6781    84.4059 0.0000e+00
        606  55.803289    0.04200     2.5199    151.197     82.789  50667.777    31.4879     5.2295     82.000     5.2309    24.8675     6.4211     9.1764     89.159    279.809    286.767   -0.00132    7.20187   10.29220  313.83146   16.13921 3.6382e-02     0.4555     0.6799    84.3671 0.0000e+00
        610  55.803301    0.04228     2.5367    152.201     83.803  50687.702    31.5059     5.2524     83.000     5.2626    24.8794     6.4235     9.1798     89.251    279.909    286.872   -0.00066    7.19708   10.28535  313.61906   16.12902 3.6382e-02     0.4088     0.6742    84.4879 0.0000e+00
        614  55.803312    0.04254     2.5522    153.131     84.810  50680.525    31.5068     5.2821     84.000     5.2898    24.8767     6.4297     9.1887     89.402    280.181    287.152    0.00095    7.19194   10.27800  313.39557   16.11838 3.6382e-02     0.4043     0.6756    84.4600 0.0000e+00
        617  55.803323    0.04280     2.5680    154.083     85.817  50687.721    31.5173     5.3110     85.000     5.3176    24.8818     6.4261     9.1835     89.419    280.023    286.990    0.00075    7.18649   10.27021  313.15661   16.10697 3.6382e-02     0.3989     0.6734    84.5044 0.0000e+00
        622  55.803335    0.04309     2.5855    155.128     86.831  50652.823    31.4947     5.3200     86.000     5.3012    24.8630     6.4238     9.1802     89.392    279.926    286.886    0.00031    7.18604   10.26957  313.14277   16.10640 3.6382e-02     0.3927     0.7036    83.8716 0.0000e+00
        626  55.803347    0.04337     2.6022    156.132     87.842  50681.863    31.5105     5.3023     87.000     5.2941    24.8774     6.4068     9.1558     89.127    279.180    286.125   -0.00200    7.18830   10.27280  313.23694   16.11082 3.6382e-02     0.4006     0.7679    82.5331 0.0000e+00
        629  55.803357    0.04363     2.6179    157.073     88.848  50688.861    31.5143     5.2998     88.000     5.2938    24.8807     6.4006     9.1471     89.039    278.911    285.851   -0.00254    7.18855   10.27316  313.24683   16.11127 3.6382e-02     0.3804     0.8156    81.5549 0.0000e+00
        633  55.803369    0.04391     2.6343    158.058     89.859  50699.002    31.5217     5.3039     89.000     5.3007    24.8861     6.3994     9.1455     89.036    278.859    285.799   -0.00185    7.18749   10.27165  313.19915   16.10897 3.6382e-02     0.3787     0.8504    80.8477 0.0000e+00
        637  55.803381    0.04419     2.6512    159.075     90.870  50695.479    31.5199     5.3095     90.000     5.3042    24.8841     6.3977     9.1429     89.022    278.784    285.721   -0.00152    7.18663   10.27041  313.16204   16.10722 3.6382e-02     0.3720     0.8827    80.1972 0.0000e+00
        641  55.803392    0.04446     2.6676    160.057     91.879  50701.981    31.5246     5.3131     91.000     5.3093    24.8874     6.3945     9.1383     88.987    278.643    285.577   -0.00142    7.18578   10.26921  313.12434   16.10540 3.6382e-02     0.3462     0.9062    79.7296 0.0000e+00
        645  55.803404    0.04474     2.6842    161.054     92.890  50698.550    31.5228     5.3180     92.000     5.3117    24.8855     6.3884     9.1298     88.913    278.381    285.309   -0.00163    7.18503   10.26814  313.09216   16.10387 3.6382e-02     0.3435     0.9382    79.0920 0.0000e+00
        649  55.803414    0.04501     2.7005    162.032     93.899  50702.006    31.5250     5.3197     93.000     5.3140    24.8870     6.3865     9.1270     88.892    278.298    285.223   -0.00160    7.18464   10.26757  313.07435   16.10302 3.6382e-02     0.3506     0.9508    78.8454 0.0000e+00
        653  55.803426    0.04528     2.7164    162.986     94.907  50704.458    31.5268     5.3222     94.000     5.3167    24.8882     6.3813     9.1196     88.825    278.069    284.990   -0.00170    7.18412   10.26683  313.05156   16.10193 3.6382e-02     0.3374     0.9711    78.4452 0.0000e+00
        657  55.803438    0.04556     2.7335    164.008     95.919  50708.912    31.5302     5.3262     95.000     5.3205    24.8904     6.3943     9.1381     89.017    278.635    285.570   -0.00012    7.18328   10.26562  313.01415   16.10013 3.6382e-02     0.3490     1.0094    77.6991 0.0000e+00
        661  55.803449    0.04584     2.7503    165.020     96.929  50708.348    31.5297     5.3282     96.000     5.3212    24.8899     6.3958     9.1402     89.041    278.699    285.636    0.00086    7.18296   10.26517  313.00040   16.09948 3.6382e-02     0.3474     1.0947    76.0596 0.0000e+00
        665  55.803461    0.04611     2.7668    166.008     97.940  50707.623    31.5288     5.3284     97.000     5.3206    24.8891     6.3817     9.1200     88.845    278.085    285.007   -0.00194    7.18295   10.26515  313.00033   16.09947 3.6382e-02     0.3653     1.1265    75.4556 0.0000e+00
        669  55.803471    0.04638     2.7826    166.954     98.949  50708.455    31.5288     5.3278     98.000     5.3204    24.8891     6.3909     9.1331     88.971    278.484    285.415   -0.00032    7.18307   10.26533  313.00548   16.09972 3.6382e-02     0.3414     1.1467    75.0757 0.0000e+00
        673  55.803483    0.04666     2.7992    167.952     99.931  50706.835    31.5270     5.3269     99.000     5.3188    24.8878     6.3751     9.1107     88.749    277.798    284.712   -0.00183    7.18331   10.26567  313.01630   16.10025 3.6382e-02     0.3383     1.1547    74.9252 0.0000e+00
