CTD-processing/allCTD/CNV/2015_05-28_t9_s01_cast074_5028.cnv
* Sea-Bird SBE19plus Data File:
* FileName = C:\Users\Kris.Holderied\Documents\kasitsna\Research-KBL\Oceanography-AK\CTD-Data-ALL-to-2015-04\2015-CTD-KachemakBay-CookInlet\2015-05-28-CookInlet-HomerSpit-monthly\2015-05-28-CookInlet-Tran9-cast074.hex
* Software Version 1.59
* Temperature SN =  5028
* Conductivity SN =  5028
* System UpLoad Time = Jul 03 2015 22:16:58
** Cook Inlet LTM Tran 9 (Homer Spit) North to South
** Date: 05-28
** Station:  9-01
** Start time (AKDT): 11:38
** Depth (m): 63.7
** Comment:  R/V Barnacle
** Comment:
# nquan = 27
# nvalues = 60                          
# units = specified
# name 0 = scan: Scan Count
# name 1 = timeJ: Julian Days
# name 2 = timeH: Time, Elapsed [hours]
# name 3 = timeM: Time, Elapsed [minutes]
# name 4 = timeS: Time, Elapsed [seconds]
# name 5 = prdM: Pressure, Strain Gauge [db]
# name 6 = specc: Specific Conductance [uS/cm]
# name 7 = sal00: Salinity, Practical [PSU]
# name 8 = tv290C: Temperature [ITS-90, deg C]
# name 9 = depSM: Depth [salt water, m], lat = 59.00
# name 10 = potemp090C: Potential Temperature [ITS-90, deg C]
# name 11 = sigma-é00: Density [sigma-theta, kg/m^3]
# name 12 = sbeox0ML/L: Oxygen, SBE 43 [ml/l]
# name 13 = sbeox0Mg/L: Oxygen, SBE 43 [mg/l]
# name 14 = sbeox0PS: Oxygen, SBE 43 [% saturation]
# name 15 = sbox0Mm/Kg: Oxygen, SBE 43 [umol/kg]
# name 16 = sbeox0Mm/L: Oxygen, SBE 43 [umol/l]
# name 17 = sbox0dV/dT: Oxygen, SBE 43 [dov/dt]
# name 18 = oxsolML/L: Oxygen Saturation, Garcia & Gordon [ml/l]
# name 19 = oxsolMg/L: Oxygen Saturation, Garcia & Gordon [mg/l]
# name 20 = oxsolMm/Kg: Oxygen Saturation, Garcia & Gordon [umol/kg]
# name 21 = potemp090C: Potential Temperature [ITS-90, deg C]
# name 22 = n2satMg/L: Nitrogen Saturation [mg/l]
# name 23 = par: PAR/Irradiance, Biospherical/Licor
# name 24 = flECO-AFL: Fluorescence, WET Labs ECO-AFL/FL [mg/m^3]
# name 25 = turbWETntu0: Turbidity, WET Labs ECO [NTU]
# name 26 = flag: flag
# span 0 =        265,        455       
# span 1 = 148.485603, 148.486152       
# span 2 =    0.01834,    0.03152       
# span 3 =     1.1007,     1.8912       
# span 4 =     66.045,    113.475       
# span 5 =      1.010,     60.576       
# span 6 =  46511.270,  50168.908       
# span 7 =    29.3575,    31.4125       
# span 8 =     6.5398,     9.6163       
# span 9 =      1.000,     60.000       
# span 10 =     6.5326,     9.6874      
# span 11 =    22.6103,    24.6536      
# span 12 =     7.0023,     8.3093      
# span 13 =    10.0069,    11.8748      
# span 14 =    100.226,    123.023      
# span 15 =    305.196,    362.290      
# span 16 =    312.721,    371.095      
# span 17 =   -0.03439,    0.06704      
# span 18 =    6.60293,    6.98642      
# span 19 =    9.43625,    9.98430      
# span 20 =  288.33681,  304.50645      
# span 21 =     6.5347,     9.6162      
# span 22 =   14.93108,   15.69528      
# span 23 = 6.6545e-02, 8.6652e+02      
# span 24 =     0.2752,     6.4057      
# span 25 =     0.3293,     0.7281      
# span 26 = 0.0000e+00, 0.0000e+00      
# interval = meters: 1                  
# start_time = May 28 2015 11:38:10 [Instrument's time stamp, header]
# bad_flag = -9.990e-29
*END*
        265 148.485603    0.01834     1.1007     66.045      1.010  46511.270    29.3575     9.6163      1.000     9.6874    22.6103     8.1232    11.6089    123.023    354.761    362.782    0.06704    6.60293    9.43625  288.36698     9.6162   14.93335 8.6652e+02     0.2752     0.7281 0.0000e+00
        270 148.485617    0.01871     1.1226     67.357      2.019  46806.285    29.5550     9.5582      2.000     9.3827    22.7729     8.1172    11.6003    122.930    354.442    362.513    0.04263    6.60330    9.43677  288.33681     9.5580   14.93108 6.8948e+02     0.3087     0.6570 0.0000e+00
        274 148.485629    0.01897     1.1382     68.294      3.028  47186.746    29.7652     9.1422      3.000     8.6924    22.9996     8.1261    11.6131    122.103    354.754    362.913    0.02608    6.65613    9.51226  290.57836     9.1418   15.03731 4.4819e+02     0.4094     0.5251 0.0000e+00
        278 148.485638    0.01921     1.1523     69.137      4.038  48039.436    30.2413     8.3042      4.000     7.8036    23.4940     8.0910    11.5628    119.681    353.050    361.344    0.00475    6.76221    9.66386  295.06593     8.3038   15.24966 3.1379e+02     0.9266     0.5439 0.0000e+00
        281 148.485649    0.01946     1.1675     70.052      5.047  48953.429    30.7630     7.5422      5.000     7.3341    24.0101     8.0776    11.5437    117.822    352.288    360.747   -0.01020    6.85647    9.79858  299.02919     7.5418   15.43670 2.1506e+02     2.2951     0.5618 0.0000e+00
        285 148.485661    0.01974     1.1844     71.061      6.057  49343.705    30.9820     7.2106      6.000     7.1379    24.2275     8.2083    11.7305    118.988    357.912    366.584   -0.00231    6.89841    9.85852  300.79516     7.2101   15.52006 1.4120e+02     3.6882     0.5664 0.0000e+00
        289 148.485672    0.02002     1.2012     72.071      7.066  49483.999    31.0590     7.0888      7.000     7.0481    24.3043     8.3093    11.8748    120.178    362.290    371.095    0.00596    6.91419    9.88107  301.46103     7.0882   15.55151 9.3065e+01     4.9543     0.5772 0.0000e+00
        293 148.485683    0.02029     1.2171     73.024      8.076  49582.761    31.1142     7.0128      8.000     6.9706    24.3576     8.2973    11.8577    119.838    361.748    370.559    0.00283    6.92381    9.89482  301.86453     7.0121   15.57053 6.0381e+01     6.2120     0.6038 0.0000e+00
        297 148.485694    0.02054     1.2323     73.939      9.085  49709.852    31.1894     6.9400      9.000     6.9090    24.4262     8.2172    11.7431    118.540    358.229    366.979   -0.00507    6.93203    9.90657  302.20290     6.9392   15.58635 4.1009e+01     6.4057     0.6258 0.0000e+00
        300 148.485704    0.02077     1.2467     74.804     10.094  49792.210    31.2381     6.8939     10.000     6.8796    24.4705     8.0916    11.5638    116.642    352.741    361.373   -0.01459    6.93721    9.91396  302.41541     6.8930   15.59629 2.8882e+01     5.4194     0.6665 0.0000e+00
        303 148.485713    0.02100     1.2601     75.609     11.104  49822.630    31.2555     6.8751     11.000     6.8692    24.4867     7.9351    11.3400    114.348    345.911    354.381   -0.02456    6.93943    9.91712  302.50711     6.8741   15.60059 2.0548e+01     4.5581     0.7068 0.0000e+00
        307 148.485722    0.02122     1.2734     76.401     12.114  49839.620    31.2655     6.8680     12.000     6.8615    24.4955     7.7842    11.1244    112.163    339.331    347.643   -0.03219    6.94010    9.91810  302.53424     6.8669   15.60184 1.4957e+01     4.2470     0.7183 0.0000e+00
        310 148.485732    0.02146     1.2873     77.238     13.123  49888.747    31.2973     6.8571     13.000     6.8427    24.5219     7.6767    10.9707    110.609    334.635    342.841   -0.03439    6.94041    9.91853  302.53963     6.8560   15.60198 1.0887e+01     3.8660     0.6768 0.0000e+00
        314 148.485743    0.02171     1.3023     78.139     14.133  49957.359    31.3399     6.8315     14.000     6.8173    24.5588     7.6144    10.8817    109.677    331.908    340.060   -0.03143    6.94257    9.92163  302.62333     6.8302   15.60579 8.2507e+00     3.0021     0.5526 0.0000e+00
        318 148.485754    0.02198     1.3190     79.139     15.142  49989.623    31.3582     6.8108     15.000     6.8048    24.5758     7.5308    10.7621    108.433    328.255    336.323   -0.02958    6.94506    9.92519  302.72677     6.8095   15.61065 6.5512e+00     1.9993     0.4260 0.0000e+00
        321 148.485765    0.02225     1.3348     80.089     16.152  49994.185    31.3594     6.8024     16.000     6.7969    24.5779     7.4216    10.6062    106.842    323.497    331.448   -0.03104    6.94636    9.92704  302.78266     6.8010   15.61331 5.2997e+00     1.6317     0.3926 0.0000e+00
        325 148.485775    0.02249     1.3496     80.978     17.161  49999.271    31.3613     6.7956     17.000     6.7921    24.5802     7.3460    10.4982    105.738    320.202    328.073   -0.03022    6.94736    9.92847  302.82569     6.7942   15.61535 4.2840e+00     1.6039     0.4159 0.0000e+00
        328 148.485785    0.02273     1.3636     81.814     18.171  50001.568    31.3619     6.7926     18.000     6.7897    24.5811     7.3116    10.4490    105.236    318.701    326.535   -0.02639    6.94782    9.92913  302.84534     6.7911   15.61629 3.4599e+00     1.5931     0.4254 0.0000e+00
        331 148.485794    0.02295     1.3766     82.598     19.180  50002.074    31.3614     6.7904     19.000     6.7869    24.5810     7.2997    10.4320    105.059    318.183    326.004   -0.02176    6.94819    9.92966  302.86184     6.7888   15.61708 2.8072e+00     1.5433     0.4288 0.0000e+00
        334 148.485803    0.02315     1.3892     83.350     20.189  50000.729    31.3594     6.7872     20.000     6.7809    24.5798     7.2920    10.4210    104.939    317.849    325.661   -0.01788    6.94882    9.93056  302.88917     6.7855   15.61839 2.2889e+00     1.5845     0.4538 0.0000e+00
        337 148.485811    0.02335     1.4014     84.084     21.199  50000.954    31.3577     6.7799     21.000     6.7730    24.5796     7.2844    10.4101    104.810    317.515    325.320   -0.01501    6.95005    9.93233  302.94318     6.7781   15.62097 1.8766e+00     1.5745     0.4332 0.0000e+00
        340 148.485820    0.02356     1.4135     84.809     22.209  50007.603    31.3608     6.7735     22.000     6.7699    24.5827     7.2773    10.4000    104.695    317.206    325.004   -0.01272    6.95095    9.93360  302.98115     6.7717   15.62277 1.5470e+00     1.5208     0.3951 0.0000e+00
        343 148.485828    0.02376     1.4255     85.530     23.219  50010.436    31.3619     6.7717     23.000     6.7695    24.5839     7.2718    10.3922    104.613    316.967    324.759   -0.01071    6.95119    9.93395  302.99160     6.7697   15.62326 1.2782e+00     1.4622     0.3688 0.0000e+00
        346 148.485836    0.02396     1.4376     86.255     24.228  50011.308    31.3620     6.7717     24.000     6.7698    24.5840     7.2671    10.3854    104.544    316.760    324.548   -0.00900    6.95118    9.93393  302.99116     6.7696   15.62324 1.0584e+00     1.4488     0.3738 0.0000e+00
        349 148.485845    0.02416     1.4497     86.982     25.238  50010.401    31.3610     6.7718     25.000     6.7690    24.5832     7.2620    10.3781    104.471    316.539    324.320   -0.00765    6.95122    9.93399  302.99302     6.7697   15.62333 8.7809e-01     1.4636     0.3671 0.0000e+00
        352 148.485853    0.02436     1.4617     87.702     26.247  50010.794    31.3606     6.7709     26.000     6.7679    24.5830     7.2562    10.3699    104.385    316.287    324.062   -0.00667    6.95139    9.93422  303.00023     6.7686   15.62368 7.3005e-01     1.4634     0.3625 0.0000e+00
        355 148.485861    0.02456     1.4737     88.421     27.256  50010.955    31.3602     6.7700     27.000     6.7669    24.5827     7.2523    10.3642    104.327    316.116    323.887   -0.00578    6.95155    9.93446  303.00735     6.7676   15.62402 6.0820e-01     1.4335     0.3643 0.0000e+00
        358 148.485870    0.02476     1.4856     89.140     28.267  50010.069    31.3589     6.7690     28.000     6.7647    24.5819     7.2511    10.3626    104.306    316.066    323.836   -0.00481    6.95176    9.93476  303.01674     6.7666   15.62447 5.0573e-01     1.3899     0.3641 0.0000e+00
        360 148.485878    0.02496     1.4976     89.854     29.276  50010.957    31.3585     6.7660     29.000     6.7598    24.5820     7.2497    10.3605    104.278    316.005    323.773   -0.00403    6.95227    9.93548  303.03884     6.7635   15.62553 4.2289e-01     1.3694     0.3669 0.0000e+00
        363 148.485886    0.02516     1.5095     90.568     30.285  50016.896    31.3612     6.7608     30.000     6.7563    24.5848     7.2451    10.3540    104.202    315.804    323.568   -0.00371    6.95296    9.93648  303.06854     6.7583   15.62693 3.5686e-01     1.3487     0.3642 0.0000e+00
        366 148.485894    0.02536     1.5215     91.289     31.295  50023.053    31.3646     6.7587     31.000     6.7566    24.5878     7.2391    10.3454    104.112    315.539    323.297   -0.00358    6.95315    9.93676  303.07600     6.7561   15.62728 3.0303e-01     1.2882     0.3445 0.0000e+00
        369 148.485903    0.02556     1.5337     92.024     32.304  50025.595    31.3662     6.7599     32.000     6.7584    24.5888     7.2345    10.3388    104.050    315.339    323.093   -0.00330    6.95290    9.93638  303.06430     6.7572   15.62671 2.5869e-01     1.2549     0.3419 0.0000e+00
        372 148.485912    0.02577     1.5461     92.769     33.314  50025.217    31.3657     6.7616     33.000     6.7593    24.5883     7.2272    10.3284    103.949    315.021    322.766   -0.00319    6.95265    9.93602  303.05350     6.7588   15.62620 2.2253e-01     1.2377     0.3383 0.0000e+00
        375 148.485920    0.02598     1.5587     93.522     34.324  50025.684    31.3657     6.7623     34.000     6.7594    24.5882     7.2204    10.3187    103.853    314.725    322.463   -0.00325    6.95253    9.93587  303.04863     6.7594   15.62597 1.9291e-01     1.2351     0.3296 0.0000e+00
        378 148.485929    0.02619     1.5713     94.276     35.334  50026.176    31.3656     6.7622     35.000     6.7581    24.5881     7.2195    10.3173    103.838    314.682    322.420   -0.00276    6.95255    9.93590  303.04961     6.7592   15.62601 1.6885e-01     1.2454     0.3293 0.0000e+00
        381 148.485938    0.02640     1.5838     95.028     36.343  50026.277    31.3648     6.7602     36.000     6.7542    24.5878     7.2182    10.3154    103.814    314.626    322.362   -0.00232    6.95290    9.93639  303.06495     6.7571   15.62675 1.4936e-01     1.1868     0.3385 0.0000e+00
        384 148.485946    0.02661     1.5964     95.781     37.352  50028.187    31.3648     6.7551     37.000     6.7471    24.5884     7.2124    10.3072    103.720    314.376    322.106   -0.00244    6.95373    9.93757  303.10076     6.7520   15.62846 1.3348e-01     1.1716     0.3530 0.0000e+00
        387 148.485955    0.02682     1.6089     96.532     38.362  50034.066    31.3671     6.7480     38.000     6.7407    24.5911     7.2058    10.2977    103.609    314.084    321.808   -0.00264    6.95478    9.93908  303.14594     6.7447   15.63060 1.2054e-01     1.2133     0.3677 0.0000e+00
        390 148.485964    0.02702     1.6213     97.277     39.372  50038.870    31.3689     6.7423     39.000     6.7361    24.5933     7.1988    10.2877    103.496    313.780    321.497   -0.00284    6.95561    9.94026  303.18128     6.7390   15.63227 1.1017e-01     1.2265     0.3794 0.0000e+00
        393 148.485972    0.02722     1.6336     98.014     40.381  50043.465    31.3710     6.7386     40.000     6.7342    24.5954     7.1916    10.2775    103.386    313.468    321.179   -0.00296    6.95612    9.94099  303.20283     6.7352   15.63330 1.0179e-01     1.2308     0.3921 0.0000e+00
        396 148.485981    0.02743     1.6460     98.762     41.391  50041.116    31.3685     6.7367     41.000     6.7284    24.5938     7.1820    10.2638    103.242    313.050    320.749   -0.00322    6.95653    9.94158  303.22118     6.7332   15.63419 9.5090e-02     1.1991     0.3976 0.0000e+00
        399 148.485990    0.02765     1.6587     99.522     42.401  50040.920    31.3664     6.7282     42.000     6.7172    24.5932     7.1716    10.2490    103.070    312.599    320.286   -0.00360    6.95801    9.94370  303.28596     6.7246   15.63728 8.9654e-02     1.1034     0.4005 0.0000e+00
        402 148.485998    0.02786     1.6714    100.284     43.410  50051.072    31.3712     6.7181     43.000     6.7109    24.5982     7.1628    10.2364    102.923    312.213    319.892   -0.00381    6.95942    9.94570  303.34574     6.7144   15.64012 8.5208e-02     1.0343     0.4410 0.0000e+00
        405 148.486007    0.02807     1.6840    101.040     44.419  50052.519    31.3708     6.7128     44.000     6.7040    24.5986     7.1538    10.2233    102.779    311.814    319.485   -0.00388    6.96027    9.94693  303.38311     6.7091   15.64190 8.1727e-02     1.0007     0.4827 0.0000e+00
        408 148.486016    0.02827     1.6965    101.788     45.430  50055.482    31.3709     6.7046     45.000     6.6935    24.5998     7.1403    10.2042    102.567    311.229    318.885   -0.00431    6.96161    9.94884  303.44081     6.7007   15.64465 7.8830e-02     0.9757     0.5159 0.0000e+00
        411 148.486024    0.02848     1.7089    102.535     46.440  50065.794    31.3756     6.6942     46.000     6.6859    24.6049     7.1250    10.1824    102.326    310.561    318.203   -0.00492    6.96308    9.95094  303.50349     6.6903   15.64762 7.6431e-02     0.9313     0.5552 0.0000e+00
        414 148.486033    0.02869     1.7214    103.283     47.449  50074.183    31.3801     6.6889     47.000     6.6842    24.6090     7.1109    10.1621    102.113    309.945    317.573   -0.00522    6.96372    9.95186  303.53020     6.6849   15.64887 7.4507e-02     0.9189     0.5764 0.0000e+00
        417 148.486042    0.02890     1.7339    104.034     48.459  50074.023    31.3793     6.6879     48.000     6.6823    24.6085     7.0974    10.1428    101.915    309.354    316.967   -0.00534    6.96393    9.95215  303.53926     6.6838   15.64930 7.2989e-02     0.9404     0.5818 0.0000e+00
        420 148.486050    0.02911     1.7464    104.784     49.468  50075.385    31.3794     6.6857     49.000     6.6805    24.6089     7.0859    10.1264    101.747    308.856    316.457   -0.00532    6.96427    9.95263  303.55390     6.6816   15.65000 7.1730e-02     0.9560     0.5968 0.0000e+00
        423 148.486059    0.02932     1.7588    105.531     50.478  50077.107    31.3799     6.6844     50.000     6.6794    24.6095     7.0812    10.1197    101.676    308.650    316.245   -0.00480    6.96445    9.95290  303.56200     6.6801   15.65039 7.0662e-02     0.9096     0.6413 0.0000e+00
        426 148.486068    0.02952     1.7713    106.277     51.488  50078.519    31.3802     6.6834     51.000     6.6786    24.6098     7.0811    10.1196    101.672    308.646    316.242   -0.00388    6.96460    9.95311  303.56835     6.6791   15.65069 6.9793e-02     0.8725     0.6139 0.0000e+00
        429 148.486076    0.02973     1.7838    107.026     52.498  50079.769    31.3805     6.6829     52.000     6.6783    24.6102     7.0799    10.1179    101.654    308.595    316.189   -0.00322    6.96468    9.95322  303.57168     6.6784   15.65085 6.9098e-02     0.8434     0.5895 0.0000e+00
        432 148.486085    0.02993     1.7961    107.765     53.507  50080.331    31.3804     6.6828     53.000     6.6782    24.6102     7.0780    10.1151    101.627    308.511    316.104   -0.00281    6.96469    9.95325  303.57238     6.6783   15.65088 6.8507e-02     0.8243     0.5923 0.0000e+00
