CTD-processing/allCTD/CNV/2015_02-23_t6_s12_cast236_4141.cnv
* Sea-Bird SBE19plus Data File:
* FileName = C:\Users\amdoroff\Desktop\2015_02_23_CookInlet_Tran6_Douglas\2015_02_23_CookInlet_Tran6_cast236.hex
* Software Version 1.59
* Temperature SN =  4141
* Conductivity SN =  4141
* System UpLoad Time = Feb 24 2015 01:42:09
** Cook Inlet LTM Tran6 Douglas W to E
** Date 02-23
** Station: 6-12
** Start Time (AKST): 20:52
** Depth (m): 140
** Comment: Dark.
** Comment: On R/V Pandalus. Transect crossed 23-24 Feb.
# nquan = 27
# nvalues = 139                         
# units = specified
# name 0 = scan: Scan Count
# name 1 = timeJ: Julian Days
# name 2 = timeH: Time, Elapsed [hours]
# name 3 = timeM: Time, Elapsed [minutes]
# name 4 = timeS: Time, Elapsed [seconds]
# name 5 = prdM: Pressure, Strain Gauge [db]
# name 6 = specc: Specific Conductance [uS/cm]
# name 7 = sal00: Salinity, Practical [PSU]
# name 8 = tv290C: Temperature [ITS-90, deg C]
# name 9 = depSM: Depth [salt water, m], lat = 59.00
# name 10 = potemp090C: Potential Temperature [ITS-90, deg C]
# name 11 = sigma-é00: Density [sigma-theta, kg/m^3]
# name 12 = sbeox0ML/L: Oxygen, SBE 43 [ml/l]
# name 13 = sbeox0Mg/L: Oxygen, SBE 43 [mg/l]
# name 14 = sbeox0PS: Oxygen, SBE 43 [% saturation]
# name 15 = sbox0Mm/Kg: Oxygen, SBE 43 [umol/kg]
# name 16 = sbeox0Mm/L: Oxygen, SBE 43 [umol/l]
# name 17 = sbox0dV/dT: Oxygen, SBE 43 [dov/dt]
# name 18 = oxsolML/L: Oxygen Saturation, Garcia & Gordon [ml/l]
# name 19 = oxsolMg/L: Oxygen Saturation, Garcia & Gordon [mg/l]
# name 20 = oxsolMm/Kg: Oxygen Saturation, Garcia & Gordon [umol/kg]
# name 21 = n2satMg/L: Nitrogen Saturation [mg/l]
# name 22 = par: PAR/Irradiance, Biospherical/Licor
# name 23 = wetStar: Fluorescence, WET Labs WETstar [mg/m^3]
# name 24 = CStarAt0: Beam Attenuation, WET Labs C-Star [1/m]
# name 25 = CStarTr0: Beam Transmission, WET Labs C-Star [%]
# name 26 = flag: flag
# span 0 =         43,        831       
# span 1 =  54.870120,  54.872401       
# span 2 =    0.00288,    0.05762       
# span 3 =     0.1730,     3.4572       
# span 4 =     10.378,    207.434       
# span 5 =      1.005,    140.353       
# span 6 =  50901.753,  51439.288       
# span 7 =    31.9275,    32.2316       
# span 8 =     6.0965,     6.5403       
# span 9 =      1.000,    139.000       
# span 10 =     6.3348,     6.5285      
# span 11 =    25.0716,    25.3536      
# span 12 =     5.9276,     6.4944      
# span 13 =     8.4711,     9.2811      
# span 14 =     84.807,     92.505      
# span 15 =    258.247,    282.862      
# span 16 =    264.725,    290.037      
# span 17 =   -0.00185,    0.06584      
# span 18 =    6.96117,    7.02066      
# span 19 =    9.94821,   10.03322      
# span 20 =  303.27803,  305.78500      
# span 21 =   15.63450,   15.75289      
# span 22 = 3.6360e-02, 6.8433e-02      
# span 23 =     0.1515,     0.5643      
# span 24 =     0.3760,     8.4389      
# span 25 =    30.3640,    91.0270      
# span 26 = 0.0000e+00, 0.0000e+00      
# interval = meters: 1                  
# start_time = Feb 23 2015 20:52:48 [Instrument's time stamp, header]
# bad_flag = -9.990e-29
*END*
[from data line 108]
        696  54.872012    0.04829     2.8975    173.849    110.049  50989.043    31.9576     6.5365    109.000     6.5272    25.0841     6.3348     9.0531     90.993    275.990    282.913    0.00002    6.96186    9.94918  303.30818   15.63593 3.6382e-02     0.4987     0.3941    90.6171 0.0000e+00
        700  54.872022    0.04853     2.9121    174.729    111.057  50988.981    31.9571     6.5366    110.000     6.5272    25.0837     6.3380     9.0577     91.039    276.131    283.057    0.00023    6.96185    9.94918  303.30804   15.63593 3.6382e-02     0.5050     0.3896    90.7198 0.0000e+00
        706  54.872040    0.04896     2.9375    176.250    112.081  50989.539    31.9571     6.5368    111.000     6.5273    25.0837     6.3323     9.0495     90.958    275.881    282.802   -0.00049    6.96183    9.94914  303.30720   15.63589 3.6382e-02     0.5061     0.3799    90.9398 0.0000e+00
        711  54.872055    0.04933     2.9597    177.583    113.108  50991.143    31.9577     6.5368    112.000     6.5273    25.0842     6.3206     9.0328     90.790    275.371    282.278   -0.00185    6.96178    9.94909  303.30520   15.63580 3.6382e-02     0.5119     0.3817    90.8979 0.0000e+00
        714  54.872063    0.04950     2.9704    178.227    114.107  50991.905    31.9578     6.5369    113.000     6.5273    25.0843     6.3202     9.0322     90.784    275.351    282.258   -0.00179    6.96178    9.94908  303.30482   15.63577 3.6382e-02     0.4809     0.3924    90.6557 0.0000e+00
        716  54.872069    0.04966     2.9797    178.784    115.094  50991.741    31.9573     6.5370    114.000     6.5273    25.0838     6.3281     9.0435     90.897    275.696    282.612   -0.00073    6.96178    9.94908  303.30508   15.63579 3.6382e-02     0.4928     0.3968    90.5568 0.0000e+00
        720  54.872079    0.04990     2.9941    179.647    116.100  50992.188    31.9571     6.5370    115.000     6.5270    25.0837     6.3366     9.0556     91.019    276.067    282.991    0.00053    6.96179    9.94910  303.30560   15.63581 3.6382e-02     0.5014     0.3936    90.6289 0.0000e+00
        728  54.872103    0.05048     3.0284    181.703    117.145  50992.727    31.9569     6.5367    116.000     6.5269    25.0836     6.3199     9.0318     90.780    275.341    282.248   -0.00157    6.96184    9.94916  303.30756   15.63591 3.6382e-02     0.5117     0.3760    91.0270 0.0000e+00
        732  54.872114    0.05075     3.0448    182.690    118.142  50993.313    31.9569     6.5369    117.000     6.5269    25.0835     6.3184     9.0296     90.758    275.274    282.179   -0.00167    6.96181    9.94913  303.30664   15.63587 3.6382e-02     0.5053     0.3860    90.8015 0.0000e+00
        735  54.872124    0.05098     3.0587    183.523    119.152  50994.519    31.9572     6.5369    118.000     6.5268    25.0838     6.3314     9.0482     90.945    275.841    282.760    0.00034    6.96180    9.94911  303.30590   15.63583 3.6382e-02     0.4981     0.3892    90.7260 0.0000e+00
        738  54.872133    0.05119     3.0715    184.288    120.160  50994.480    31.9567     6.5369    119.000     6.5267    25.0834     6.3349     9.0532     90.995    275.993    282.915    0.00091    6.96182    9.94914  303.30695   15.63588 3.6382e-02     0.5047     0.3887    90.7383 0.0000e+00
        741  54.872141    0.05139     3.0836    185.017    121.158  50995.643    31.9571     6.5370    120.000     6.5268    25.0838     6.3316     9.0485     90.948    275.851    282.770    0.00017    6.96179    9.94909  303.30542   15.63581 3.6382e-02     0.5000     0.3909    90.6874 0.0000e+00
        747  54.872158    0.05179     3.1071    186.429    122.174  50995.829    31.9568     6.5371    121.000     6.5267    25.0835     6.3315     9.0484     90.947    275.848    282.767   -0.00004    6.96179    9.94910  303.30567   15.63582 3.6382e-02     0.5081     0.3822    90.8865 0.0000e+00
        754  54.872179    0.05230     3.1381    188.286    123.204  50996.641    31.9568     6.5371    122.000     6.5267    25.0836     6.3239     9.0375     90.838    275.516    282.427   -0.00103    6.96179    9.94909  303.30551   15.63581 3.6382e-02     0.5031     0.3777    90.9895 0.0000e+00
        757  54.872188    0.05251     3.1507    189.044    124.201  50996.996    31.9566     6.5373    123.000     6.5268    25.0834     6.3228     9.0359     90.821    275.467    282.376   -0.00102    6.96177    9.94907  303.30478   15.63578 3.6382e-02     0.5097     0.3902    90.7047 0.0000e+00
        760  54.872196    0.05272     3.1632    189.793    125.199  50999.014    31.9576     6.5374    124.000     6.5267    25.0841     6.3294     9.0453     90.917    275.752    282.668   -0.00027    6.96171    9.94898  303.30199   15.63564 3.6382e-02     0.4964     0.3917    90.6702 0.0000e+00
        764  54.872209    0.05300     3.1800    190.802    126.212  50999.319    31.9574     6.5374    125.000     6.5268    25.0840     6.3355     9.0540     91.005    276.018    282.943    0.00064    6.96171    9.94897  303.30175   15.63564 3.6382e-02     0.4998     0.3880    90.7556 0.0000e+00
        769  54.872223    0.05336     3.2017    192.103    127.227  50999.167    31.9568     6.5378    126.000     6.5271    25.0835     6.3277     9.0428     90.893    275.679    282.593   -0.00052    6.96167    9.94891  303.30017   15.63556 3.6382e-02     0.5056     0.3831    90.8674 0.0000e+00
        775  54.872240    0.05377     3.2262    193.572    128.240  51000.147    31.9571     6.5380    127.000     6.5272    25.0837     6.3218     9.0345     90.809    275.424    282.332   -0.00114    6.96162    9.94885  303.29822   15.63546 3.6382e-02     0.5155     0.3812    90.9118 0.0000e+00
        780  54.872255    0.05413     3.2475    194.851    129.258  51000.191    31.9567     6.5382    128.000     6.5273    25.0834     6.3189     9.0303     90.768    275.297    282.202   -0.00105    6.96162    9.94885  303.29800   15.63546 3.6382e-02     0.4969     0.3823    90.8834 0.0000e+00
        784  54.872265    0.05436     3.2615    195.688    130.258  51002.294    31.9577     6.5384    129.000     6.5273    25.0841     6.3222     9.0351     90.816    275.442    282.351   -0.00079    6.96154    9.94874  303.29466   15.63530 3.6382e-02     0.5080     0.3881    90.7541 0.0000e+00
        787  54.872274    0.05459     3.2755    196.528    131.261  51001.834    31.9569     6.5385    130.000     6.5274    25.0835     6.3346     9.0528     90.994    275.979    282.902    0.00092    6.96156    9.94875  303.29530   15.63533 3.6382e-02     0.4964     0.3920    90.6645 0.0000e+00
        791  54.872287    0.05489     3.2934    197.602    132.277  51003.365    31.9575     6.5385    131.000     6.5273    25.0840     6.3365     9.0555     91.022    276.064    282.989    0.00107    6.96152    9.94871  303.29380   15.63525 3.6382e-02     0.4989     0.3843    90.8399 0.0000e+00
        797  54.872302    0.05526     3.3157    198.943    133.285  51003.441    31.9571     6.5385    132.000     6.5272    25.0836     6.3306     9.0471     90.937    275.808    282.726   -0.00021    6.96154    9.94874  303.29457   15.63530 3.6382e-02     0.4999     0.3782    90.9777 0.0000e+00
        804  54.872322    0.05573     3.3440    200.642    134.308  51003.467    31.9567     6.5388    133.000     6.5275    25.0833     6.3263     9.0410     90.875    275.620    282.534   -0.00064    6.96152    9.94871  303.29409   15.63527 3.6382e-02     0.5350     0.3798    90.9430 0.0000e+00
        808  54.872335    0.05603     3.3621    201.725    135.315  51004.471    31.9569     6.5390    134.000     6.5274    25.0835     6.3254     9.0397     90.863    275.581    282.493   -0.00079    6.96147    9.94864  303.29174   15.63516 3.6382e-02     0.5075     0.3875    90.7675 0.0000e+00
        811  54.872345    0.05627     3.3760    202.560    136.309  51005.945    31.9575     6.5390    135.000     6.5274    25.0840     6.3312     9.0479     90.946    275.832    282.752    0.00007    6.96145    9.94861  303.29073   15.63511 3.6382e-02     0.5096     0.3903    90.7039 0.0000e+00
        816  54.872359    0.05661     3.3967    203.802    137.327  51005.718    31.9569     6.5390    136.000     6.5274    25.0835     6.3313     9.0481     90.948    275.838    282.757    0.00003    6.96148    9.94865  303.29191   15.63517 3.6382e-02     0.5042     0.3828    90.8744 0.0000e+00
        822  54.872376    0.05701     3.4205    205.231    138.347  51006.631    31.9571     6.5392    137.000     6.5276    25.0836     6.3273     9.0424     90.891    275.664    282.578   -0.00060    6.96144    9.94859  303.29029   15.63509 3.6383e-02     0.5295     0.3785    90.9729 0.0000e+00
        826  54.872387    0.05729     3.4372    206.234    139.347  51009.238    31.9585     6.5397    138.000     6.5281    25.0847     6.3274     9.0425     90.894    275.666    282.581   -0.00044    6.96129    9.94837  303.28325   15.63475 3.6376e-02     0.5001     0.3819    90.8953 0.0000e+00
        831  54.872401    0.05762     3.4572    207.434    140.353  51010.429    31.9590     6.5403    139.000     6.5285    25.0850     6.3244     9.0382     90.853    275.537    282.449   -0.00090    6.96117    9.94821  303.27803   15.63450 3.6445e-02     0.5024     0.3832    90.8651 0.0000e+00
