CTD-processing/allCTD/CNV/2015_07-29_t9_s10_cast138_5028.cnv
* Sea-Bird SBE19plus Data File:
* FileName = C:\Users\Kris.Holderied\Documents\kasitsna\Research-KBL\Oceanography-AK\CTD-Data-ALL-to-2015-06\2015-CTD-KachemakBay-CookInlet\2015-07-29-CookInlet-HomerSpit-Monthly\2015-07-29-CookInlet-Tran9-cast138.hex
* Software Version 1.59
* Temperature SN =  5028
* Conductivity SN =  5028
* System UpLoad Time = Aug 13 2015 18:38:37
** Cook Inlet LTM Transect 9 (monthly) North to South
** Date (YYYY-MM-DD): 2015-07-29
** Station (ie. 9-01):  9-10
** Start time (AKDT): 13:30
** Depth (m): 64
** Comment:  R/V Barnacle
** Comment:
# nquan = 27
# nvalues = 57                          
# units = specified
# name 0 = scan: Scan Count
# name 1 = timeJ: Julian Days
# name 2 = timeH: Time, Elapsed [hours]
# name 3 = timeM: Time, Elapsed [minutes]
# name 4 = timeS: Time, Elapsed [seconds]
# name 5 = prdM: Pressure, Strain Gauge [db]
# name 6 = specc: Specific Conductance [uS/cm]
# name 7 = sal00: Salinity, Practical [PSU]
# name 8 = tv290C: Temperature [ITS-90, deg C]
# name 9 = depSM: Depth [salt water, m], lat = 59.00
# name 10 = potemp090C: Potential Temperature [ITS-90, deg C]
# name 11 = sigma-é00: Density [sigma-theta, kg/m^3]
# name 12 = sbeox0ML/L: Oxygen, SBE 43 [ml/l]
# name 13 = sbeox0Mg/L: Oxygen, SBE 43 [mg/l]
# name 14 = sbeox0PS: Oxygen, SBE 43 [% saturation]
# name 15 = sbox0Mm/Kg: Oxygen, SBE 43 [umol/kg]
# name 16 = sbeox0Mm/L: Oxygen, SBE 43 [umol/l]
# name 17 = sbox0dV/dT: Oxygen, SBE 43 [dov/dt]
# name 18 = oxsolML/L: Oxygen Saturation, Garcia & Gordon [ml/l]
# name 19 = oxsolMg/L: Oxygen Saturation, Garcia & Gordon [mg/l]
# name 20 = oxsolMm/Kg: Oxygen Saturation, Garcia & Gordon [umol/kg]
# name 21 = potemp090C: Potential Temperature [ITS-90, deg C]
# name 22 = n2satMg/L: Nitrogen Saturation [mg/l]
# name 23 = par: PAR/Irradiance, Biospherical/Licor
# name 24 = flECO-AFL: Fluorescence, WET Labs ECO-AFL/FL [mg/m^3]
# name 25 = turbWETntu0: Turbidity, WET Labs ECO [NTU]
# name 26 = flag: flag
# span 0 =        371,        572       
# span 1 = 210.557993, 210.558575       
# span 2 =    0.02571,    0.03968       
# span 3 =     1.5428,     2.3811       
# span 4 =     92.566,    142.867       
# span 5 =      1.009,     57.545       
# span 6 =  40709.722,  49451.253       
# span 7 =    25.7305,    31.2963       
# span 8 =     8.8781,    14.5275       
# span 9 =      1.000,     57.000       
# span 10 =     8.8678,    14.3946      
# span 11 =    18.9341,    24.2372      
# span 12 =     5.7778,     6.5899      
# span 13 =     8.2570,     9.4176      
# span 14 =     87.171,    105.199      
# span 15 =    251.930,    287.642      
# span 16 =    258.036,    294.305      
# span 17 =   -0.02266,    0.00862      
# span 18 =    6.08471,    6.62904      
# span 19 =    8.69565,    9.47357      
# span 20 =  266.69418,  289.04828      
# span 21 =     8.8723,    14.5274      
# span 22 =   13.90965,   14.95801      
# span 23 = 8.3951e-02, 4.3613e+02      
# span 24 =     0.0719,     1.4432      
# span 25 =     0.4769,     1.4151      
# span 26 = 0.0000e+00, 0.0000e+00      
# interval = meters: 1                  
# start_time = Jul 29 2015 13:21:58 [Instrument's time stamp, header]
# bad_flag = -9.990e-29
*END*
        371 210.557993    0.02571     1.5428     92.566      1.009  40709.722    25.7305    14.5275      1.000    14.3946    18.9341     6.4011     9.1479    105.199    280.564    285.876    0.00070    6.08471    8.69565  266.69418    14.5274   13.90965 4.3613e+02     0.3354     1.1175 0.0000e+00
        377 210.558009    0.02612     1.5670     94.021      2.019  43276.254    27.4726    13.7096      2.000    13.2396    20.4337     6.3287     9.0443    103.386    276.981    282.640   -0.00978    6.12242    8.74955  267.95069    13.7094   13.96303 2.7560e+02     0.3651     0.9973 0.0000e+00
        383 210.558026    0.02651     1.5905     95.429      3.028  44613.435    28.3215    12.5268      3.000    12.2024    21.3124     6.2961     8.9978    100.869    275.316    281.184   -0.02266    6.24213    8.92063  272.95528    12.5265   14.19974 1.8626e+02     0.5044     0.8796 0.0000e+00
        387 210.558039    0.02683     1.6099     96.592      4.037  45471.207    28.8615    11.8124      4.000    11.6213    21.8595     6.3778     9.1145    100.985    278.740    284.834   -0.01384    6.31563    9.02567  276.02185    11.8120   14.34456 1.2937e+02     0.7035     0.9471 0.0000e+00
        392 210.558052    0.02712     1.6274     97.642      5.047  45956.279    29.1738    11.5062      5.000    11.4613    22.1560     6.4012     9.1480    100.897    279.681    285.878   -0.01012    6.34430    9.06665  277.19494    11.5056   14.39952 9.2466e+01     0.9091     1.0073 0.0000e+00
        396 210.558065    0.02746     1.6476     98.857      6.056  46151.718    29.3007    11.4016      6.000    11.3376    22.2728     6.4410     9.2049    101.380    281.389    287.657   -0.00365    6.35339    9.07964  277.56057    11.4009   14.41652 6.5879e+01     1.1291     1.0113 0.0000e+00
        402 210.558080    0.02782     1.6690    100.138      7.066  46409.879    29.4657    11.2417      7.000    11.2113    22.4287     6.4558     9.2260    101.370    281.992    288.316   -0.00217    6.36857    9.10132  278.18112    11.2409   14.44557 4.8727e+01     1.3295     1.0106 0.0000e+00
        407 210.558097    0.02822     1.6934    101.604      8.076  46717.098    29.6778    11.2045      8.000    11.1896    22.5998     6.4654     9.2397    101.575    282.363    288.744   -0.00048    6.36511    9.09637  277.98344    11.2035   14.43525 3.6447e+01     1.4432     0.9581 0.0000e+00
        412 210.558112    0.02857     1.7142    102.853      9.085  47060.132    29.9104    11.1232      9.000    11.0252    22.7945     6.5369     9.3419    102.671    285.432    291.939    0.00617    6.36684    9.09886  278.00633    11.1222   14.43541 2.7454e+01     1.4213     0.8228 0.0000e+00
        417 210.558124    0.02888     1.7325    103.948     10.095  47696.522    30.3334    10.8904     10.000    10.7770    23.1632     6.5899     9.4176    103.263    287.642    294.305    0.00862    6.38170    9.12009  278.55450    10.8893   14.45995 2.1042e+01     1.2466     0.7604 0.0000e+00
        421 210.558137    0.02917     1.7503    105.017     11.104  48479.875    30.8596    10.6579     11.000    10.5470    23.6120     6.5243     9.3238    102.065    284.653    291.374   -0.00100    6.39242    9.13540  278.89974    10.6566   14.47436 1.6811e+01     1.0306     0.6601 0.0000e+00
        426 210.558150    0.02948     1.7691    106.148     12.114  48898.407    31.1256    10.4109     12.000    10.3193    23.8607     6.4295     9.1884    100.216    280.450    287.142   -0.01239    6.41586    9.16890  279.85473    10.4095   14.51900 1.3892e+01     0.8107     0.4911 0.0000e+00
        430 210.558162    0.02978     1.7867    107.200     13.123  49044.698    31.2093    10.2513     13.000    10.2128    23.9525     6.3418     9.0632     98.558    276.602    283.227   -0.01902    6.43471    9.19584  280.65158    10.2498   14.55680 1.1529e+01     0.6379     0.4769 0.0000e+00
        434 210.558173    0.03005     1.8029    108.173     14.133  49088.701    31.2321    10.1880     14.000    10.1572    23.9808     6.2647     8.9528     97.239    273.228    279.780   -0.02203    6.44263    9.20716  280.98952    10.1865   14.57288 9.5050e+00     0.5599     0.5533 0.0000e+00
        437 210.558184    0.03030     1.8178    109.068     15.143  49123.279    31.2497    10.1365     15.000    10.1112    24.0030     6.2210     8.8904     96.463    271.317    277.830   -0.02135    6.44916    9.21649  281.26799    10.1348   14.58613 7.8616e+00     0.5297     0.5900 0.0000e+00
        441 210.558194    0.03054     1.8325    109.952     16.152  49138.073    31.2548    10.0969     16.000    10.0680    24.0135     6.1942     8.8521     95.967    270.146    276.633   -0.01889    6.45452    9.22415  281.49916    10.0951   14.59718 6.4775e+00     0.4906     0.6211 0.0000e+00
        444 210.558204    0.03079     1.8474    110.841     17.161  49113.685    31.2295    10.0361     17.000     9.9789    24.0037     6.1740     8.8233     95.513    269.269    275.732   -0.01669    6.46415    9.23792  281.92181    10.0343   14.61750 5.3674e+00     0.4644     0.6474 0.0000e+00
        448 210.558215    0.03103     1.8622    111.730     18.170  49139.860    31.2348     9.9349     18.000     9.8856    24.0244     6.1496     8.7884     94.927    268.198    274.642   -0.01581    6.47828    9.25810  282.53220     9.9329   14.64668 4.4464e+00     0.4305     0.6600 0.0000e+00
        451 210.558224    0.03127     1.8763    112.576     19.180  49194.133    31.2634     9.8625     19.000     9.8407    24.0584     6.1190     8.7447     94.322    266.855    273.274   -0.01575    6.48735    9.27108  282.91873     9.8604   14.66506 3.6613e+00     0.3668     0.6774 0.0000e+00
        455 210.558234    0.03150     1.8896    113.379     20.190  49221.386    31.2790     9.8376     20.000     9.8286    24.0746     6.0968     8.7131     93.939    265.885    272.286   -0.01460    6.49025    9.27523  283.04077     9.8354   14.67083 3.0179e+00     0.3366     0.6938 0.0000e+00
        458 210.558243    0.03171     1.9025    114.150     21.199  49236.521    31.2882     9.8295     21.000     9.8218    24.0831     6.0829     8.6931     93.712    265.274    271.663   -0.01276    6.49102    9.27632  283.07161     9.8272   14.67227 2.4888e+00     0.3267     0.7033 0.0000e+00
        461 210.558251    0.03192     1.9151    114.906     22.209  49233.412    31.2843     9.8195     22.000     9.8052    24.0817     6.0731     8.6791     93.539    264.848    271.225   -0.01098    6.49260    9.27857  283.14071     9.8172   14.67559 2.0525e+00     0.3217     0.7064 0.0000e+00
        464 210.558260    0.03213     1.9277    115.664     23.218  49236.866    31.2840     9.8013     23.000     9.7883    24.0844     6.0646     8.6670     93.371    264.477    270.846   -0.00954    6.49521    9.28230  283.25398     9.7988   14.68101 1.6940e+00     0.3140     0.7035 0.0000e+00
        467 210.558269    0.03234     1.9407    116.443     24.228  49243.584    31.2862     9.7861     24.000     9.7761    24.0886     6.0545     8.6525     93.185    264.033    270.394   -0.00852    6.49728    9.28527  283.34319     9.7835   14.68527 1.3980e+00     0.2974     0.6955 0.0000e+00
        470 210.558278    0.03258     1.9547    117.279     25.238  49242.891    31.2837     9.7733     25.000     9.7589    24.0887     6.0439     8.6374     92.995    263.574    269.924   -0.00764    6.49922    9.28803  283.42762     9.7706   14.68932 1.1541e+00     0.2884     0.7005 0.0000e+00
        474 210.558289    0.03283     1.9699    118.192     26.247  49250.499    31.2857     9.7506     26.000     9.7366    24.0940     6.0325     8.6210     92.774    263.073    269.411   -0.00696    6.50237    9.29254  283.56373     9.7478   14.69582 9.5646e-01     0.2812     0.6946 0.0000e+00
        477 210.558300    0.03309     1.9852    119.114     27.257  49263.030    31.2919     9.7337     27.000     9.7226    24.1015     6.0151     8.5962     92.476    262.313    268.635   -0.00696    6.50454    9.29563  283.65613     9.7307   14.70022 8.0033e-01     0.2775     0.6716 0.0000e+00
        481 210.558310    0.03332     1.9996    119.973     28.266  49252.698    31.2819     9.7166     28.000     9.6901    24.0965     6.0036     8.5797     92.258    261.811    268.120   -0.00669    6.50739    9.29972  283.78212     9.7136   14.70628 6.7432e-01     0.2660     0.6482 0.0000e+00
        484 210.558320    0.03355     2.0133    120.799     29.276  49242.188    31.2684     9.6728     29.000     9.6249    24.0929     5.9962     8.5693     92.049    261.492    267.793   -0.00631    6.51425    9.30950  284.08183     9.6697   14.72067 5.7358e-01     0.2276     0.6117 0.0000e+00
        487 210.558329    0.03378     2.0269    121.617     30.285  49216.978    31.2387     9.5857     30.000     9.5086    24.0835     5.9857     8.5542     91.694    261.036    267.322   -0.00692    6.52801    9.32917  284.68459     9.5825   14.74961 4.9452e-01     0.2021     0.5744 0.0000e+00
        491 210.558338    0.03401     2.0405    122.429     31.294  49256.880    31.2504     9.4662     31.000     9.4113    24.1116     5.9636     8.5225     91.121    260.063    266.334   -0.00875    6.54475    9.35311  285.40700     9.4629   14.78411 4.2627e-01     0.1730     0.5903 0.0000e+00
        494 210.558348    0.03423     2.0537    123.224     32.305  49315.358    31.2813     9.3935     32.000     9.3722    24.1473     5.9358     8.4827     90.567    258.839    265.090   -0.01045    6.55395    9.36625  285.79813     9.3901   14.80269 3.6546e-01     0.1521     0.6375 0.0000e+00
        497 210.558356    0.03444     2.0666    123.995     33.314  49336.861    31.2929     9.3702     33.000     9.3613    24.1600     5.9213     8.4621     90.307    258.206    264.444   -0.01001    6.55684    9.37038  285.92051     9.3667   14.80850 3.1426e-01     0.1446     0.6817 0.0000e+00
        500 210.558365    0.03465     2.0794    124.761     34.324  49342.210    31.2953     9.3630     34.000     9.3572    24.1630     5.9170     8.4560     90.230    258.020    264.255   -0.00826    6.55778    9.37172  285.96069     9.3594   14.81040 2.7199e-01     0.1386     0.7060 0.0000e+00
        503 210.558375    0.03487     2.0924    125.544     35.334  49344.701    31.2962     9.3602     35.000     9.3559    24.1642     5.9117     8.4484     90.143    257.787    264.016   -0.00687    6.55816    9.37226  285.97676     9.3564   14.81117 2.3726e-01     0.1402     0.7368 0.0000e+00
        506 210.558384    0.03509     2.1056    126.336     36.343  49345.455    31.2963     9.3597     36.000     9.3560    24.1643     5.9055     8.4395     90.047    257.515    263.739   -0.00593    6.55822    9.37235  285.97963     9.3559   14.81130 2.0854e-01     0.1408     0.7521 0.0000e+00
        509 210.558392    0.03531     2.1185    127.109     37.352  49344.959    31.2955     9.3598     37.000     9.3557    24.1637     5.9019     8.4343     89.991    257.358    263.576   -0.00499    6.55823    9.37237  285.98039     9.3559   14.81134 1.8526e-01     0.1387     0.7564 0.0000e+00
        512 210.558401    0.03552     2.1310    127.861     38.362  49343.317    31.2938     9.3593     38.000     9.3534    24.1625     5.9041     8.4375     90.024    257.456    263.677   -0.00382    6.55838    9.37258  285.98702     9.3553   14.81167 1.6640e-01     0.1433     0.7767 0.0000e+00
        515 210.558410    0.03572     2.1435    128.609     39.371  49339.551    31.2902     9.3557     39.000     9.3458    24.1603     5.9087     8.4441     90.084    257.657    263.882   -0.00259    6.55905    9.37353  286.01669     9.3516   14.81311 1.5106e-01     0.1430     0.7461 0.0000e+00
        518 210.558418    0.03593     2.1560    129.359     40.381  49334.571    31.2850     9.3456     40.000     9.3300    24.1577     5.9077     8.4427     90.047    257.615    263.838   -0.00218    6.56074    9.37595  286.09131     9.3414   14.81670 1.3858e-01     0.1347     0.7497 0.0000e+00
        522 210.558428    0.03615     2.1688    130.128     41.391  49340.039    31.2859     9.3280     41.000     9.3150    24.1613     5.8999     8.4316     89.893    257.275    263.492   -0.00266    6.56327    9.37957  286.20045     9.3236   14.82191 1.2847e-01     0.1245     0.8000 0.0000e+00
        525 210.558437    0.03636     2.1818    130.908     42.401  49349.776    31.2908     9.3168     42.000     9.3091    24.1669     5.8912     8.4191     89.741    256.892    263.101   -0.00310    6.56468    9.38160  286.26080     9.3123   14.82477 1.1995e-01     0.1212     0.8369 0.0000e+00
        528 210.558445    0.03658     2.1948    131.688     43.410  49354.068    31.2928     9.3125     43.000     9.3070    24.1691     5.8840     8.4088     89.624    256.578    262.780   -0.00321    6.56522    9.38236  286.28341     9.3080   14.82585 1.1292e-01     0.1203     0.8515 0.0000e+00
        531 210.558454    0.03679     2.2076    132.454     44.420  49355.476    31.2932     9.3114     44.000     9.3064    24.1696     5.8809     8.4044     89.574    256.443    262.640   -0.00292    6.56537    9.38257  286.28981     9.3067   14.82615 1.0732e-01     0.1350     0.8454 0.0000e+00
        534 210.558463    0.03700     2.2202    133.213     45.430  49355.746    31.2929     9.3109     45.000     9.3057    24.1695     5.8807     8.4041     89.571    256.436    262.633   -0.00235    6.56544    9.38267  286.29294     9.3062   14.82630 1.0283e-01     0.1397     0.8316 0.0000e+00
        537 210.558472    0.03721     2.2328    133.966     46.439  49355.071    31.2919     9.3100     46.000     9.3036    24.1688     5.8806     8.4039     89.566    256.428    262.625   -0.00189    6.56562    9.38292  286.30100     9.3052   14.82669 9.9221e-02     0.1324     0.8237 0.0000e+00
        540 210.558481    0.03742     2.2451    134.709     47.449  49353.595    31.2901     9.3074     47.000     9.2985    24.1678     5.8785     8.4009     89.528    256.338    262.533   -0.00175    6.56608    9.38359  286.32149     9.3024   14.82768 9.6388e-02     0.1378     0.8371 0.0000e+00
        543 210.558489    0.03763     2.2575    135.451     48.458  49345.079    31.2826     9.3001     48.000     9.2821    24.1632     5.8770     8.3989     89.487    256.277    262.469   -0.00170    6.56746    9.38555  286.38270     9.2950   14.83063 9.4016e-02     0.1367     0.8730 0.0000e+00
        546 210.558498    0.03784     2.2702    136.209     49.468  49330.783    31.2690     9.2768     49.000     9.2443    24.1561     5.8772     8.3992     89.437    256.289    262.480   -0.00168    6.57143    9.39123  286.55801     9.2716   14.83907 9.1964e-02     0.1308     0.9642 0.0000e+00
        549 210.558507    0.03806     2.2833    136.997     50.478  49319.949    31.2545     9.2304     50.000     9.1801    24.1521     5.8741     8.3947     89.289    256.152    262.339   -0.00216    6.57883    9.40180  286.88151     9.2251   14.85459 9.0227e-02     0.1257     1.1076 0.0000e+00
        552 210.558517    0.03827     2.2965    137.793     51.488  49303.355    31.2316     9.1525     51.000     9.0770    24.1461     5.8641     8.3803     88.968    255.714    261.888   -0.00360    6.59119    9.41947  287.42251     9.1471   14.88055 8.8697e-02     0.1253     1.2389 0.0000e+00
        555 210.558525    0.03849     2.3097    138.582     52.498  49318.103    31.2254     9.0375     52.000     8.9588    24.1590     5.8439     8.3515     88.433    254.831    260.987   -0.00599    6.60832    9.44396  288.16607     9.0321   14.91612 8.7387e-02     0.1067     1.3361 0.0000e+00
        559 210.558535    0.03872     2.3230    139.377     53.507  49398.076    31.2672     8.9385     53.000     8.9025    24.2067     5.8105     8.3038     87.758    253.364    259.497   -0.00884    6.62112    9.46224  288.71047     8.9330   14.94196 8.6437e-02     0.0836     1.3720 0.0000e+00
