CTD-processing/allCTD/CNV/2015_07-10_alongbay_skb13_cast136_5028.cnv
* Sea-Bird SBE19plus Data File:
* FileName = C:\Users\Kris.Holderied\Documents\kasitsna\Research-KBL\Oceanography-AK\CTD-Data-ALL-to-2015-06\2015-CTD-KachemakBay-CookInlet\2015-07-10-KachemakBay-AlongBayLine\2015_07_10_KachemakBay_AlongBay_cast136.hex
* Software Version 1.59
* Temperature SN =  5028
* Conductivity SN =  5028
* System UpLoad Time = Jul 30 2015 17:44:43
** Kachemak Bay Along Bay Line - Flat Island to Bear Cove

** Date:07-10
** Station: KB13
** Start time (AKDT): 17:56
** Depth (m): 24
** Comment:  R/V Johanna Rose (Nuka Research)
** Comment: Seldovia subbay sampled before the along-bay line.
# nquan = 27
# nvalues = 23                          
# units = specified
# name 0 = scan: Scan Count
# name 1 = timeJ: Julian Days
# name 2 = timeH: Time, Elapsed [hours]
# name 3 = timeM: Time, Elapsed [minutes]
# name 4 = timeS: Time, Elapsed [seconds]
# name 5 = prdM: Pressure, Strain Gauge [db]
# name 6 = specc: Specific Conductance [uS/cm]
# name 7 = sal00: Salinity, Practical [PSU]
# name 8 = tv290C: Temperature [ITS-90, deg C]
# name 9 = depSM: Depth [salt water, m], lat = 59.00
# name 10 = potemp090C: Potential Temperature [ITS-90, deg C]
# name 11 = sigma-é00: Density [sigma-theta, kg/m^3]
# name 12 = sbeox0ML/L: Oxygen, SBE 43 [ml/l]
# name 13 = sbeox0Mg/L: Oxygen, SBE 43 [mg/l]
# name 14 = sbeox0PS: Oxygen, SBE 43 [% saturation]
# name 15 = sbox0Mm/Kg: Oxygen, SBE 43 [umol/kg]
# name 16 = sbeox0Mm/L: Oxygen, SBE 43 [umol/l]
# name 17 = sbox0dV/dT: Oxygen, SBE 43 [dov/dt]
# name 18 = oxsolML/L: Oxygen Saturation, Garcia & Gordon [ml/l]
# name 19 = oxsolMg/L: Oxygen Saturation, Garcia & Gordon [mg/l]
# name 20 = oxsolMm/Kg: Oxygen Saturation, Garcia & Gordon [umol/kg]
# name 21 = potemp090C: Potential Temperature [ITS-90, deg C]
# name 22 = n2satMg/L: Nitrogen Saturation [mg/l]
# name 23 = par: PAR/Irradiance, Biospherical/Licor
# name 24 = flECO-AFL: Fluorescence, WET Labs ECO-AFL/FL [mg/m^3]
# name 25 = turbWETntu0: Turbidity, WET Labs ECO [NTU]
# name 26 = flag: flag
# span 0 =        289,        615       
# span 1 = 191.746772, 191.747714       
# span 2 =    0.02002,    0.04265       
# span 3 =     1.2013,     2.5590       
# span 4 =     72.077,    153.539       
# span 5 =      1.009,     23.218       
# span 6 =  26779.379,  49278.209       
# span 7 =    16.2103,    31.0862       
# span 8 =     8.1612,    13.5779       
# span 9 =      1.000,     23.000       
# span 10 =     8.1531,    13.5846      
# span 11 =    11.7904,    24.1759      
# span 12 =     5.4644,     6.7787      
# span 13 =     7.8092,     9.6874      
# span 14 =     83.007,    101.161      
# span 15 =    241.197,    295.673      
# span 16 =    244.040,    302.735      
# span 17 =   -0.00769,    0.03343      
# span 18 =    6.58156,    6.74582      
# span 19 =    9.40570,    9.64045      
# span 20 =  288.33718,  294.15682      
# span 21 =     8.1590,    13.5778      
# span 22 =   14.93655,   15.20287      
# span 23 = 2.9087e-01, 1.7574e+02      
# span 24 =     0.0697,     1.8697      
# span 25 =     0.7270,     6.6454      
# span 26 = 0.0000e+00, 0.0000e+00      
# interval = meters: 1                  
# start_time = Jul 10 2015 17:54:09 [Instrument's time stamp, header]
# bad_flag = -9.990e-29
*END*
        289 191.746772    0.02002     1.2013     72.077      1.009  26779.379    16.2103    13.5779      1.000    13.5846    11.7904     5.4644     7.8092     83.007    241.197    244.040    0.01512    6.58322    9.40808  290.58044    13.5778   15.09469 1.7574e+02     0.6412     6.6454 0.0000e+00
        509 191.747408    0.03531     2.1184    127.104      2.019  27822.081    16.8976    13.3901      2.000    13.1216    12.3511     5.8688     8.3871     89.171    258.899    262.100    0.02116    6.58156    9.40570  290.34677    13.3899   15.08056 1.0828e+02     0.9532     5.7113 0.0000e+00
        516 191.747429    0.03579     2.1476    128.853      3.028  32567.276    20.0242    12.3276      3.000    11.8223    14.9371     6.0363     8.6264     91.410    265.613    269.580    0.02770    6.60361    9.43721  290.57840    12.3273   15.07831 4.7369e+01     1.5669     3.2695 0.0000e+00
        521 191.747443    0.03614     2.1682    130.095      4.038  38285.101    23.8350    11.2648      4.000    10.9506    18.0575     6.0443     8.6378     91.623    265.148    269.936    0.01651    6.59678    9.42745  289.38939    11.2643   15.00529 2.9832e+01     1.8697     1.9092 0.0000e+00
        526 191.747457    0.03648     2.1884    131.307      5.046  41901.275    26.2586    10.5725      5.000    10.3333    20.0484     6.1654     8.8110     93.489    269.934    275.347    0.02151    6.59488    9.42474  288.73973    10.5720   14.96404 2.0585e+01     1.6603     1.4345 0.0000e+00
        531 191.747471    0.03682     2.2089    132.536      6.056  44844.493    28.2366     9.9884      6.000     9.7623    21.6787     6.1653     8.8109     93.469    269.501    275.342    0.01440    6.59624    9.42669  288.33718     9.9877   14.93655 1.4713e+01     1.0550     1.2806 0.0000e+00
        536 191.747486    0.03716     2.2295    133.770      7.066  46415.496    29.2714     9.4844      7.000     9.3264    22.5633     6.0625     8.6639     91.498    264.778    270.751   -0.00258    6.62602    9.46925  289.38830     9.4836   14.98252 1.0817e+01     0.7266     1.2202 0.0000e+00
        541 191.747499    0.03748     2.2490    134.942      8.075  47339.677    29.8746     9.1561      8.000     9.0499    23.0844     6.0513     8.6480     91.015    264.154    270.252   -0.00665    6.64865    9.50157  290.22850     9.1553   15.02018 8.0955e+00     0.6401     1.0346 0.0000e+00
        546 191.747514    0.03785     2.2707    136.241      9.085  48012.695    30.3126     8.9161      9.000     8.8476    23.4628     6.3318     9.0487     94.990    276.292    282.775    0.01814    6.66546    9.52561  290.85519     8.9151   15.04833 6.2137e+00     0.4757     0.9561 0.0000e+00
        551 191.747528    0.03816     2.2900    137.398     10.094  48342.045    30.5235     8.7790     10.000     8.7364    23.6482     6.5411     9.3478     97.964    285.374    292.124    0.02962    6.67681    9.54183  291.29758     8.7780   15.06860 4.7761e+00     0.3702     0.9934 0.0000e+00
        556 191.747543    0.03852     2.3115    138.692     11.105  48545.665    30.6505     8.6730     11.000     8.6200    23.7633     6.7149     9.5963    100.414    292.929    299.890    0.03343    6.68720    9.55668  291.71812     8.6719   15.08817 3.6755e+00     0.2792     1.0612 0.0000e+00
        560 191.747556    0.03885     2.3310    139.863     12.114  48760.036    30.7815     8.5442     12.000     8.4944    23.8848     6.7787     9.6874    101.161    295.673    302.735    0.02705    6.70088    9.57622  292.28012     8.5430   15.11448 2.7705e+00     0.2074     1.1600 0.0000e+00
        565 191.747571    0.03920     2.3518    141.107     13.123  48920.557    30.8788     8.4443     13.000     8.4203    23.9756     6.7774     9.6856    100.979    295.594    302.681    0.01658    6.71172    9.59171  292.72692     8.4430   15.13542 2.1322e+00     0.1564     1.0095 0.0000e+00
        570 191.747585    0.03954     2.3723    142.340     14.132  49000.119    30.9250     8.3840     14.000     8.3538    24.0205     6.7556     9.6545    100.548    294.630    301.707    0.00830    6.71881    9.60184  293.02333     8.3827   15.14939 1.7137e+00     0.1438     0.9234 0.0000e+00
        575 191.747598    0.03987     2.3920    143.521     15.143  49071.342    30.9654     8.3240     15.000     8.3034    24.0609     6.7385     9.6299    100.183    293.869    300.939    0.00350    6.72614    9.61233  293.33172     8.3225   15.16395 1.3652e+00     0.1420     0.9638 0.0000e+00
        580 191.747614    0.04022     2.4133    144.800     16.152  49138.964    31.0054     8.2784     16.000     8.2622    24.0988     6.6979     9.5719     99.503    292.087    299.126   -0.00161    6.73132    9.61972  293.54644     8.2769   15.17404 1.0910e+00     0.1439     0.9193 0.0000e+00
        585 191.747627    0.04054     2.4325    145.951     17.161  49201.126    31.0436     8.2461     17.000     8.2328    24.1334     6.6512     9.5052     98.762    290.042    297.041   -0.00539    6.73456    9.62435  293.67771     8.2445   15.18015 8.8776e-01     0.1245     0.8264 0.0000e+00
        590 191.747642    0.04089     2.4535    147.210     18.171  49242.715    31.0685     8.2214     18.000     8.2127    24.1565     6.6072     9.4424     98.070    288.118    295.078   -0.00769    6.73723    9.62817  293.78771     8.2197   15.18530 7.2927e-01     0.0939     0.7426 0.0000e+00
        594 191.747654    0.04121     2.4728    148.370     19.180  49259.758    31.0774     8.2047     19.000     8.1948    24.1659     6.6005     9.4328     97.940    287.825    294.780   -0.00622    6.73939    9.63126  293.87923     8.2028   15.18963 6.0365e-01     0.0768     0.7270 0.0000e+00
        600 191.747670    0.04157     2.4938    149.627     20.190  49274.938    31.0851     8.1880     20.000     8.1834    24.1743     6.5950     9.4250     97.827    287.583    294.535   -0.00461    6.74159    9.63440  293.97262     8.1861   15.19406 5.0155e-01     0.0914     0.7547 0.0000e+00
        604 191.747683    0.04190     2.5137    150.822     21.199  49278.209    31.0862     8.1835     21.000     8.1796    24.1759     6.5632     9.3796     97.346    286.197    293.116   -0.00583    6.74223    9.63532  294.00037     8.1814   15.19538 4.1767e-01     0.0745     0.7685 0.0000e+00
        609 191.747698    0.04224     2.5344    152.064     22.209  49277.646    31.0843     8.1773     22.000     8.1703    24.1754     6.5386     9.3444     96.966    285.124    292.016   -0.00624    6.74326    9.63679  294.04535     8.1751   15.19753 3.5043e-01     0.0697     0.7976 0.0000e+00
        615 191.747714    0.04265     2.5590    153.539     23.218  49277.939    31.0817     8.1612     23.000     8.1531    24.1755     6.5339     9.3376     96.859    284.915    291.803   -0.00461    6.74582    9.64045  294.15682     8.1590   15.20287 2.9087e-01     0.0810     0.9551 0.0000e+00
