CTD-processing/allCTD/CNV/2015_02-12_t9_s02_cast194_4141.cnv
* Sea-Bird SBE19plus Data File:
* FileName = C:\Users\kris.holderied\Documents\kasitsna\Research-Projects-and-Data\Oceanography-AK\CTD-Data-ALL-to-2014-10\2015-CTD-KachemakBay-CookInlet\2015-02-EVOSTC-CookInlet-quarterly\2015-02-12-CookInlet-Tran9-HomerSpit\2015-02-12-CookInlet-Tran9-cast194.hex
* Software Version 1.59
* Temperature SN =  4141
* Conductivity SN =  4141
* System UpLoad Time = Feb 13 2015 09:46:36
** Cook Inlet LTM Tran9 (Homer Spit) South to North
** Date: 02-12
** Station: 9-02
** Start time (AKST): 15:58
** Depth (m): 73
** Comment: Very clear water.
** Comment: Vessel is ADFG R/V Pandalus.
# nquan = 27
# nvalues = 73                          
# units = specified
# name 0 = scan: Scan Count
# name 1 = timeJ: Julian Days
# name 2 = timeH: Time, Elapsed [hours]
# name 3 = timeM: Time, Elapsed [minutes]
# name 4 = timeS: Time, Elapsed [seconds]
# name 5 = prdM: Pressure, Strain Gauge [db]
# name 6 = specc: Specific Conductance [uS/cm]
# name 7 = sal00: Salinity, Practical [PSU]
# name 8 = tv290C: Temperature [ITS-90, deg C]
# name 9 = depSM: Depth [salt water, m], lat = 59.00
# name 10 = potemp090C: Potential Temperature [ITS-90, deg C]
# name 11 = sigma-é00: Density [sigma-theta, kg/m^3]
# name 12 = sbeox0ML/L: Oxygen, SBE 43 [ml/l]
# name 13 = sbeox0Mg/L: Oxygen, SBE 43 [mg/l]
# name 14 = sbeox0PS: Oxygen, SBE 43 [% saturation]
# name 15 = sbox0Mm/Kg: Oxygen, SBE 43 [umol/kg]
# name 16 = sbeox0Mm/L: Oxygen, SBE 43 [umol/l]
# name 17 = sbox0dV/dT: Oxygen, SBE 43 [dov/dt]
# name 18 = oxsolML/L: Oxygen Saturation, Garcia & Gordon [ml/l]
# name 19 = oxsolMg/L: Oxygen Saturation, Garcia & Gordon [mg/l]
# name 20 = oxsolMm/Kg: Oxygen Saturation, Garcia & Gordon [umol/kg]
# name 21 = n2satMg/L: Nitrogen Saturation [mg/l]
# name 22 = par: PAR/Irradiance, Biospherical/Licor
# name 23 = wetStar: Fluorescence, WET Labs WETstar [mg/m^3]
# name 24 = CStarAt0: Beam Attenuation, WET Labs C-Star [1/m]
# name 25 = CStarTr0: Beam Transmission, WET Labs C-Star [%]
# name 26 = flag: flag
# span 0 =        268,        663       
# span 1 =  43.667080,  43.668224       
# span 2 =    0.01854,    0.04598       
# span 3 =     1.1124,     2.7590       
# span 4 =     66.745,    165.543       
# span 5 =      1.018,     73.692       
# span 6 =  50604.724,  50773.155       
# span 7 =    31.4402,    31.5094       
# span 8 =     4.7566,     5.3130       
# span 9 =      1.000,     73.000       
# span 10 =     4.7378,     5.2242      
# span 11 =    24.8639,    24.8987      
# span 12 =     6.2617,     6.4063      
# span 13 =     8.9487,     9.1553      
# span 14 =     87.108,     88.399      
# span 15 =    272.862,    279.166      
# span 16 =    279.650,    286.108      
# span 17 =   -0.00311,    0.00176      
# span 18 =    7.18728,    7.28514      
# span 19 =   10.27134,   10.41119      
# span 20 =  313.19258,  317.45033      
# span 21 =   16.10869,   16.31156      
# span 22 = 3.5903e-02, 1.3818e+01      
# span 23 =     0.5019,     0.7531      
# span 24 =     0.6239,     3.0429      
# span 25 =    66.0504,    85.5569      
# span 26 = 0.0000e+00, 0.0000e+00      
# interval = meters: 1                  
# start_time = Feb 12 2015 15:59:29 [Instrument's time stamp, header]
# bad_flag = -9.990e-29
*END*
        268  43.667080    0.01854     1.1124     66.745      1.018  50604.724    31.4979     5.3130      1.000     5.1835    24.8639     6.2617     8.9487     87.108    272.862    279.650    0.00176    7.18728   10.27134  313.19258   16.10869 1.3818e+01     0.5781     3.0429    66.0504 0.0000e+00
        339  43.667286    0.02346     1.4075     84.450      2.015  50631.617    31.4856     5.1510      2.000     5.1566    24.8736     6.3403     9.0609     87.870    276.284    283.157   -0.00043    7.21549   10.31166  314.42291   16.16737 7.8568e+00     0.6920     0.7470    83.6930 0.0000e+00
        344  43.667301    0.02384     1.4301     85.806      3.027  50640.576    31.4941     5.1641      3.000     5.1716    24.8790     6.3507     9.0759     88.049    276.740    283.626    0.00031    7.21282   10.30785  314.30499   16.16173 4.8724e+00     0.7250     0.6668    84.6470 0.0000e+00
        348  43.667313    0.02412     1.4470     86.820      4.034  50635.841    31.4931     5.1772      4.000     5.1795    24.8768     6.3527     9.0786     88.102    276.825    283.712    0.00114    7.21061   10.30468  314.20935   16.15718 3.9981e+00     0.6979     0.6589    84.8137 0.0000e+00
        353  43.667326    0.02443     1.4659     87.957      5.048  50630.227    31.4897     5.1815      5.000     5.1806    24.8737     6.3524     9.0782     88.105    276.812    283.698    0.00049    7.21003   10.30386  314.18510   16.15603 3.3860e+00     0.7090     0.6638    84.7084 0.0000e+00
        357  43.667339    0.02475     1.4849     89.097      6.057  50625.029    31.4852     5.1791      6.000     5.1764    24.8703     6.3480     9.0719     88.036    276.621    283.500   -0.00029    7.21067   10.30477  314.21389   16.15742 3.0820e+00     0.7330     0.6642    84.6999 0.0000e+00
        362  43.667352    0.02506     1.5033     90.201      7.067  50633.282    31.4894     5.1745      7.000     5.1758    24.8742     6.3489     9.0733     88.042    276.662    283.543   -0.00038    7.21126   10.30559  314.23795   16.15855 2.5254e+00     0.7461     0.6628    84.7299 0.0000e+00
        366  43.667365    0.02536     1.5216     91.296      8.076  50636.646    31.4923     5.1796      8.000     5.1801    24.8759     6.3591     9.0878     88.196    277.105    283.998    0.00086    7.21023   10.30414  314.19316   16.15640 2.2044e+00     0.7415     0.6610    84.7673 0.0000e+00
        371  43.667377    0.02566     1.5399     92.397      9.084  50641.866    31.4959     5.1824      9.000     5.1845    24.8785     6.3652     9.0964     88.287    277.366    284.266    0.00135    7.20960   10.30323  314.16458   16.15503 1.8922e+00     0.7531     0.6580    84.8329 0.0000e+00
        375  43.667390    0.02597     1.5585     93.508     10.095  50635.882    31.4922     5.1861     10.000     5.1849    24.8751     6.3608     9.0902     88.232    277.177    284.071    0.00049    7.20913   10.30258  314.14552   16.15414 1.6546e+00     0.7316     0.6629    84.7270 0.0000e+00
        379  43.667403    0.02627     1.5763     94.580     11.105  50646.064    31.4988     5.1870     11.000     5.1897    24.8803     6.3560     9.0834     88.172    276.969    283.860   -0.00040    7.20866   10.30189  314.12303   16.15304 1.3725e+00     0.7173     0.6656    84.6717 0.0000e+00
        383  43.667414    0.02656     1.5934     95.603     12.114  50644.420    31.4986     5.1938     12.000     5.1943    24.8794     6.3561     9.0835     88.188    276.972    283.863   -0.00025    7.20748   10.30021  314.07220   16.15063 1.0402e+00     0.7286     0.6733    84.5069 0.0000e+00
        388  43.667427    0.02684     1.6105     96.628     13.122  50645.016    31.4991     5.1960     13.000     5.1959    24.8795     6.3583     9.0867     88.223    277.069    283.962    0.00003    7.20709   10.29965  314.05522   16.14981 7.8620e-01     0.7174     0.6755    84.4622 0.0000e+00
        392  43.667439    0.02714     1.6286     97.716     14.131  50650.843    31.5033     5.1995     14.000     5.2003    24.8825     6.3641     9.0950     88.314    277.322    284.222    0.00065    7.20628   10.29849  314.01867   16.14805 6.4698e-01     0.6948     0.6739    84.4946 0.0000e+00
        396  43.667452    0.02746     1.6476     98.858     15.143  50647.417    31.5009     5.2019     15.000     5.2007    24.8804     6.3561     9.0835     88.206    276.973    283.864   -0.00030    7.20598   10.29806  314.00641   16.14748 4.7539e-01     0.7256     0.6709    84.5578 0.0000e+00
        401  43.667464    0.02777     1.6659     99.956     16.152  50650.290    31.5026     5.2024     16.000     5.2021    24.8816     6.3465     9.0699     88.076    276.556    283.437   -0.00180    7.20583   10.29786  313.99978   16.14716 2.8025e-01     0.7460     0.6719    84.5384 0.0000e+00
        405  43.667477    0.02806     1.6836    101.017     17.161  50654.366    31.5055     5.2058     17.000     5.2062    24.8836     6.3536     9.0799     88.182    276.862    283.751   -0.00030    7.20511   10.29682  313.96762   16.14562 1.4149e-01     0.6728     0.6709    84.5590 0.0000e+00
        409  43.667489    0.02835     1.7014    102.085     18.171  50651.445    31.5035     5.2079     18.000     5.2065    24.8818     6.3511     9.0764     88.151    276.754    283.640   -0.00064    7.20483   10.29642  313.95576   16.14506 5.3717e-02     0.6725     0.6675    84.6298 0.0000e+00
        414  43.667502    0.02865     1.7193    103.159     19.180  50651.712    31.5032     5.2079     19.000     5.2063    24.8815     6.3507     9.0758     88.145    276.737    283.623   -0.00046    7.20485   10.29644  313.95663   16.14511 3.5903e-02     0.6737     0.6630    84.7260 0.0000e+00
        418  43.667514    0.02896     1.7374    104.241     20.189  50653.201    31.5037     5.2077     20.000     5.2062    24.8820     6.3515     9.0769     88.155    276.770    283.657   -0.00044    7.20486   10.29647  313.95727   16.14513 3.6382e-02     0.6666     0.6637    84.7117 0.0000e+00
        422  43.667527    0.02927     1.7559    105.356     21.201  50653.489    31.5033     5.2075     21.000     5.2059    24.8817     6.3540     9.0805     88.190    276.882    283.770    0.00004    7.20492   10.29655  313.95990   16.14526 3.6382e-02     0.6719     0.6620    84.7475 0.0000e+00
        427  43.667540    0.02957     1.7741    106.448     22.210  50656.228    31.5049     5.2085     22.000     5.2082    24.8829     6.3488     9.0731     88.121    276.655    283.539   -0.00070    7.20466   10.29619  313.94846   16.14471 3.6382e-02     0.6641     0.6632    84.7223 0.0000e+00
        431  43.667552    0.02986     1.7914    107.485     23.218  50652.389    31.5021     5.2097     23.000     5.2072    24.8804     6.3587     9.0872     88.259    277.088    283.982    0.00032    7.20459   10.29608  313.94579   16.14459 3.6382e-02     0.6947     0.6619    84.7495 0.0000e+00
        435  43.667564    0.03015     1.8088    108.525     24.227  50661.496    31.5081     5.2107     24.000     5.2124    24.8851     6.3590     9.0877     88.269    277.098    283.994    0.00053    7.20413   10.29542  313.92445   16.14355 3.6382e-02     0.6683     0.6633    84.7180 0.0000e+00
        439  43.667576    0.03045     1.8270    109.618     25.237  50661.469    31.5094     5.2195     25.000     5.2200    24.8852     6.3611     9.0908     88.318    277.192    284.090    0.00041    7.20255   10.29316  313.85545   16.14026 3.6382e-02     0.6992     0.6488    85.0260 0.0000e+00
        444  43.667590    0.03076     1.8456    110.738     26.248  50656.138    31.5058     5.2220     26.000     5.2199    24.8821     6.3610     9.0905     88.319    277.186    284.083    0.00039    7.20229   10.29280  313.84536   16.13979 3.6382e-02     0.6995     0.6336    85.3522 0.0000e+00
        448  43.667602    0.03106     1.8635    111.808     27.258  50660.037    31.5080     5.2220     27.000     5.2214    24.8838     6.3572     9.0850     88.267    277.019    283.912   -0.00029    7.20221   10.29268  313.84108   16.13959 3.6382e-02     0.6626     0.6339    85.3441 0.0000e+00
        452  43.667614    0.03135     1.8809    112.854     28.265  50660.682    31.5086     5.2254     28.000     5.2242    24.8839     6.3599     9.0890     88.312    277.139    284.035   -0.00000    7.20159   10.29179  313.81406   16.13830 3.6382e-02     0.6585     0.6292    85.4454 0.0000e+00
        457  43.667626    0.03165     1.8985    113.912     29.275  50658.737    31.5070     5.2264     29.000     5.2236    24.8826     6.3611     9.0907     88.331    277.190    284.087    0.00007    7.20148   10.29165  313.80990   16.13811 3.6382e-02     0.6342     0.6255    85.5241 0.0000e+00
        461  43.667639    0.03194     1.9164    114.986     30.285  50658.706    31.5061     5.2245     30.000     5.2209    24.8821     6.3663     9.0981     88.399    277.418    284.321    0.00059    7.20185   10.29217  313.82607   16.13888 3.6382e-02     0.6901     0.6249    85.5351 0.0000e+00
        465  43.667651    0.03224     1.9343    116.059     31.295  50662.028    31.5073     5.2217     31.000     5.2188    24.8833     6.3556     9.0829     88.245    276.953    283.844   -0.00091    7.20229   10.29278  313.84442   16.13974 3.6382e-02     0.6654     0.6279    85.4722 0.0000e+00
        470  43.667664    0.03254     1.9521    117.126     32.304  50664.481    31.5083     5.2208     32.000     5.2190    24.8842     6.3558     9.0830     88.245    276.954    283.846   -0.00108    7.20237   10.29291  313.84824   16.13992 3.6382e-02     0.6352     0.6307    85.4123 0.0000e+00
        474  43.667676    0.03283     1.9698    118.188     33.314  50664.631    31.5083     5.2222     33.000     5.2204    24.8840     6.3651     9.0964     88.379    277.365    284.267    0.00069    7.20214   10.29257  313.83780   16.13943 3.6382e-02     0.6362     0.6311    85.4037 0.0000e+00
        478  43.667688    0.03312     1.9874    119.243     34.324  50664.473    31.5078     5.2233     34.000     5.2210    24.8837     6.3663     9.0981     88.397    277.417    284.320    0.00021    7.20198   10.29234  313.83076   16.13909 3.6382e-02     0.6462     0.6277    85.4758 0.0000e+00
        482  43.667700    0.03341     2.0049    120.297     35.333  50664.912    31.5077     5.2235     35.000     5.2209    24.8835     6.3568     9.0844     88.265    277.001    283.894   -0.00031    7.20195   10.29230  313.82986   16.13905 3.6382e-02     0.6599     0.6268    85.4958 0.0000e+00
        486  43.667712    0.03371     2.0229    121.373     36.342  50666.816    31.5086     5.2238     36.000     5.2217    24.8841     6.3469     9.0702     88.128    276.567    283.449   -0.00232    7.20185   10.29217  313.82555   16.13884 3.6382e-02     0.6603     0.6255    85.5239 0.0000e+00
        491  43.667726    0.03403     2.0414    122.486     37.353  50666.366    31.5080     5.2247     37.000     5.2220    24.8836     6.3569     9.0847     88.269    277.006    283.899   -0.00042    7.20173   10.29199  313.82023   16.13859 3.6382e-02     0.6537     0.6276    85.4790 0.0000e+00
        495  43.667738    0.03433     2.0594    123.564     38.362  50666.753    31.5078     5.2248     38.000     5.2217    24.8835     6.3621     9.0922     88.341    277.234    284.133    0.00062    7.20173   10.29199  313.82029   16.13860 3.6382e-02     0.6671     0.6257    85.5185 0.0000e+00
        500  43.667751    0.03462     2.0772    124.633     39.372  50667.183    31.5074     5.2240     39.000     5.2201    24.8832     6.3551     9.0820     88.242    276.927    283.818   -0.00079    7.20189   10.29221  313.82709   16.13892 3.6382e-02     0.6399     0.6239    85.5569 0.0000e+00
        504  43.667763    0.03492     2.0954    125.723     40.381  50669.757    31.5082     5.2217     40.000     5.2182    24.8841     6.3558     9.0831     88.248    276.959    283.850   -0.00050    7.20224   10.29272  313.84222   16.13963 3.6382e-02     0.6512     0.6251    85.5317 0.0000e+00
        508  43.667776    0.03523     2.1139    126.835     41.390  50670.773    31.5083     5.2212     41.000     5.2178    24.8843     6.3570     9.0848     88.262    277.008    283.902   -0.00022    7.20231   10.29282  313.84543   16.13979 3.6382e-02     0.6326     0.6242    85.5525 0.0000e+00
        513  43.667789    0.03555     2.1331    127.983     42.400  50656.223    31.4968     5.2164     42.000     5.1994    24.8757     6.3597     9.0886     88.284    277.130    284.023   -0.00044    7.20370   10.29480  313.90845   16.14284 3.6382e-02     0.6387     0.6276    85.4784 0.0000e+00
        518  43.667803    0.03587     2.1525    129.149     43.412  50641.063    31.4754     5.1665     43.000     5.1363    24.8642     6.3671     9.0992     88.268    277.454    284.353    0.00037    7.21331   10.30853  314.33067   16.16303 3.6382e-02     0.6352     0.6479    85.0451 0.0000e+00
        522  43.667815    0.03619     2.1712    130.270     44.420  50692.369    31.5018     5.1272     44.000     5.1215    24.8894     6.3503     9.0752     87.969    276.716    283.604   -0.00301    7.21880   10.31639  314.56250   16.17395 3.6382e-02     0.6036     0.7054    83.8319 0.0000e+00
        527  43.667829    0.03650     2.1901    131.404     45.428  50696.802    31.5037     5.1243     45.000     5.1202    24.8913     6.3602     9.0895     88.102    277.150    284.049   -0.00090    7.21922   10.31698  314.58001   16.17478 3.6382e-02     0.5556     0.7232    83.4609 0.0000e+00
        531  43.667842    0.03683     2.2098    132.587     46.440  50689.943    31.4977     5.1204     46.000     5.1105    24.8869     6.3692     9.1023     88.214    277.543    284.450    0.00027    7.22018   10.31836  314.62322   16.17686 3.6382e-02     0.5370     0.7277    83.3651 0.0000e+00
        536  43.667856    0.03716     2.2298    133.790     47.449  50695.283    31.4969     5.1022     47.000     5.0940    24.8884     6.3699     9.1032     88.185    277.573    284.481   -0.00005    7.22335   10.32288  314.76084   16.18342 3.6382e-02     0.5356     0.7453    83.0013 0.0000e+00
        541  43.667870    0.03750     2.2501    135.003     48.459  50702.974    31.5000     5.0939     48.000     5.0886    24.8916     6.3709     9.1046     88.183    277.613    284.524   -0.00022    7.22464   10.32473  314.81603   16.18603 3.6382e-02     0.5280     0.7590    82.7171 0.0000e+00
        546  43.667884    0.03783     2.2698    136.186     49.467  50704.394    31.4998     5.0905     49.000     5.0849    24.8919     6.3716     9.1057     88.186    277.646    284.558   -0.00026    7.22525   10.32559  314.84234   16.18728 3.6382e-02     0.5188     0.7665    82.5623 0.0000e+00
        550  43.667898    0.03815     2.2893    137.360     50.478  50702.223    31.4964     5.0839     50.000     5.0762    24.8899     6.3771     9.1135     88.246    277.885    284.802    0.00036    7.22654   10.32745  314.89943   16.19002 3.6382e-02     0.5164     0.7747    82.3909 0.0000e+00
        555  43.667912    0.03849     2.3093    138.555     51.488  50706.083    31.4965     5.0747     51.000     5.0672    24.8910     6.3696     9.1028     88.122    277.556    284.464   -0.00089    7.22812   10.32972  314.96816   16.19329 3.6382e-02     0.5159     0.7793    82.2979 0.0000e+00
        560  43.667925    0.03882     2.3291    139.747     52.497  50706.729    31.4943     5.0644     52.000     5.0564    24.8904     6.3751     9.1107     88.176    277.798    284.712   -0.00034    7.23000   10.33240  315.05032   16.19721 3.6382e-02     0.5208     0.7824    82.2344 0.0000e+00
        565  43.667939    0.03915     2.3490    140.943     53.507  50713.667    31.4969     5.0567     53.000     5.0512    24.8933     6.3773     9.1138     88.191    277.893    284.810   -0.00005    7.23122   10.33414  315.10256   16.19968 3.6382e-02     0.5147     0.7879    82.1208 0.0000e+00
