CTD-processing/allCTD/CNV/2015_07-10_alongbay_skb06_cast129_5028.cnv
* Sea-Bird SBE19plus Data File:
* FileName = C:\Users\Kris.Holderied\Documents\kasitsna\Research-KBL\Oceanography-AK\CTD-Data-ALL-to-2015-06\2015-CTD-KachemakBay-CookInlet\2015-07-10-KachemakBay-AlongBayLine\2015_07_10_KachemakBay_AlongBay_cast129.hex
* Software Version 1.59
* Temperature SN =  5028
* Conductivity SN =  5028
* System UpLoad Time = Jul 30 2015 17:38:20
** Kachemak Bay Along Bay Line - Flat Island to Bear Cove

** Date: 07-10
** Station: KB06
** Start time (AKDT): 15:22
** Depth (m): 99
** Comment:  R/V Johanna Rose (Nuka Research)
** Comment: Seldovia subbay sampled before the along-bay line.
# nquan = 27
# nvalues = 97                          
# units = specified
# name 0 = scan: Scan Count
# name 1 = timeJ: Julian Days
# name 2 = timeH: Time, Elapsed [hours]
# name 3 = timeM: Time, Elapsed [minutes]
# name 4 = timeS: Time, Elapsed [seconds]
# name 5 = prdM: Pressure, Strain Gauge [db]
# name 6 = specc: Specific Conductance [uS/cm]
# name 7 = sal00: Salinity, Practical [PSU]
# name 8 = tv290C: Temperature [ITS-90, deg C]
# name 9 = depSM: Depth [salt water, m], lat = 59.00
# name 10 = potemp090C: Potential Temperature [ITS-90, deg C]
# name 11 = sigma-é00: Density [sigma-theta, kg/m^3]
# name 12 = sbeox0ML/L: Oxygen, SBE 43 [ml/l]
# name 13 = sbeox0Mg/L: Oxygen, SBE 43 [mg/l]
# name 14 = sbeox0PS: Oxygen, SBE 43 [% saturation]
# name 15 = sbox0Mm/Kg: Oxygen, SBE 43 [umol/kg]
# name 16 = sbeox0Mm/L: Oxygen, SBE 43 [umol/l]
# name 17 = sbox0dV/dT: Oxygen, SBE 43 [dov/dt]
# name 18 = oxsolML/L: Oxygen Saturation, Garcia & Gordon [ml/l]
# name 19 = oxsolMg/L: Oxygen Saturation, Garcia & Gordon [mg/l]
# name 20 = oxsolMm/Kg: Oxygen Saturation, Garcia & Gordon [umol/kg]
# name 21 = potemp090C: Potential Temperature [ITS-90, deg C]
# name 22 = n2satMg/L: Nitrogen Saturation [mg/l]
# name 23 = par: PAR/Irradiance, Biospherical/Licor
# name 24 = flECO-AFL: Fluorescence, WET Labs ECO-AFL/FL [mg/m^3]
# name 25 = turbWETntu0: Turbidity, WET Labs ECO [NTU]
# name 26 = flag: flag
# span 0 =        177,        683       
# span 1 = 191.640729, 191.642193       
# span 2 =    0.01222,    0.04736       
# span 3 =     0.7333,     2.8416       
# span 4 =     43.999,    170.495       
# span 5 =      1.009,     97.938       
# span 6 =  41497.829,  49711.788       
# span 7 =    26.1316,    31.4207       
# span 8 =     8.0428,    12.1744       
# span 9 =      1.000,     97.000       
# span 10 =     8.0339,    12.1481      
# span 11 =    19.6825,    24.3908      
# span 12 =     6.0204,     6.9515      
# span 13 =     8.6038,     9.9344      
# span 14 =     89.154,    109.146      
# span 15 =    262.472,    304.287      
# span 16 =    268.874,    310.453      
# span 17 =   -0.02858,    0.00229      
# span 18 =    6.36902,    6.75288      
# span 19 =    9.10198,    9.65052      
# span 20 =  278.79173,  294.40238      
# span 21 =     8.0334,    12.1743      
# span 22 =   14.48547,   15.21358      
# span 23 = 5.7478e-02, 2.8625e+02      
# span 24 =     0.0309,     1.0125      
# span 25 =     0.2201,     2.3565      
# span 26 = 0.0000e+00, 0.0000e+00      
# interval = meters: 1                  
# start_time = Jul 10 2015 15:21:55 [Instrument's time stamp, header]
# bad_flag = -9.990e-29
*END*
        177 191.640729    0.01222     0.7333     43.999      1.009  41497.829    26.1316    12.1744      1.000    12.1481    19.6825     6.6654     9.5255    104.548    291.932    297.676    0.00229    6.37598    9.11192  279.26139    12.1743   14.51091 2.8625e+02     0.5745     2.3565 0.0000e+00
        306 191.641102    0.02117     1.2702     76.215      2.019  42562.101    26.8447    12.0118      2.000    11.8884    20.2626     6.9515     9.9344    109.146    304.287    310.453   -0.00183    6.36902    9.10198  278.79173    12.0115   14.48547 1.8855e+02     0.7176     1.5774 0.0000e+00
        312 191.641120    0.02161     1.2964     77.782      3.028  43850.075    27.7098    11.6387      3.000    11.2989    20.9975     6.9499     9.9322    108.847    304.002    310.384   -0.00386    6.38527    9.12520  279.30100    11.6383   14.50633 1.3157e+02     0.9047     1.4636 0.0000e+00
        316 191.641132    0.02190     1.3142     78.852      4.038  45936.992    29.0938    10.8660      4.000    10.5265    22.2030     6.9105     9.8757    107.384    301.918    308.619   -0.01089    6.43594    9.19760  281.18454    10.8656   14.59085 1.0535e+02     1.0125     1.2492 0.0000e+00
        320 191.641144    0.02217     1.3303     79.819      5.047  47035.684    29.8018    10.2917      5.000    10.0978    22.8488     6.8049     9.7248    104.904    297.117    303.904   -0.02373    6.48737    9.27110  283.25323    10.2912   14.68697 9.5613e+01     0.8988     0.9265 0.0000e+00
        324 191.641155    0.02245     1.3472     80.830      6.058  47469.586    30.0663     9.9501      6.000     9.8394    23.1103     6.7278     9.6146    103.113    293.673    300.460   -0.02858    6.52490    9.32474  284.81958     9.9494   14.76083 8.5360e+01     0.7489     0.6511 0.0000e+00
        328 191.641167    0.02274     1.3643     81.856      7.067  47636.959    30.1585     9.7459      7.000     9.6696    23.2149     6.7121     9.5922    102.471    292.963    299.763   -0.02463    6.55033    9.36108  285.90049     9.7451   14.81214 7.4417e+01     0.7526     0.5349 0.0000e+00
        332 191.641179    0.02302     1.3807     82.843      8.076  47782.212    30.2427     9.6072      8.000     9.5527    23.3024     6.7607     9.6618    102.953    295.060    301.935   -0.01506    6.56684    9.38467  286.59664     9.6063   14.84509 6.4184e+01     0.7822     0.4452 0.0000e+00
        337 191.641191    0.02330     1.3981     83.887      9.085  48141.635    30.4827     9.5153      9.000     9.5079    23.5042     6.8189     9.7449    103.789    297.539    304.533   -0.00527    6.57003    9.38922  286.67928     9.5143   14.84806 5.5044e+01     0.7715     0.3917 0.0000e+00
        340 191.641202    0.02357     1.4144     84.867     10.095  48589.567    30.7983     9.5263     10.000     9.5576    23.7488     6.8472     9.7853    104.456    298.701    305.796    0.00034    6.55512    9.36791  285.96033     9.5252   14.81240 4.7240e+01     0.6717     0.3578 0.0000e+00
        345 191.641214    0.02386     1.4317     85.904     11.105  48865.335    31.0014     9.6008     11.000     9.6334    23.8956     6.8247     9.7532    104.421    297.679    304.793    0.00083    6.53579    9.34030  285.07637     9.5996   14.76930 4.0692e+01     0.5407     0.3431 0.0000e+00
        349 191.641226    0.02415     1.4486     86.917     12.114  48895.182    31.0292     9.6565     12.000     9.6678    23.9086     6.7299     9.6177    103.115    293.540    300.558   -0.00698    6.52660    9.32716  284.67173     9.6552   14.74985 3.4987e+01     0.4768     0.3298 0.0000e+00
        353 191.641237    0.02442     1.4653     87.918     13.123  48904.828    31.0385     9.6794     13.000     9.6891    23.9122     6.6365     9.4843    101.742    289.466    296.387   -0.01390    6.52290    9.32189  284.50973     9.6780   14.74206 3.0225e+01     0.4564     0.3259 0.0000e+00
        357 191.641250    0.02471     1.4829     88.972     14.133  48933.172    31.0613     9.7044     14.000     9.7168    23.9260     6.5917     9.4202    101.125    287.507    294.387   -0.01390    6.51837    9.31540  284.30812     9.7029   14.73233 2.6060e+01     0.4615     0.3384 0.0000e+00
        361 191.641261    0.02498     1.4989     89.934     15.142  48986.354    31.1017     9.7305     15.000     9.7348    23.9534     6.5837     9.4088    101.087    287.150    294.028   -0.01038    6.51295    9.30766  284.06407     9.7288   14.72049 2.2501e+01     0.4513     0.3607 0.0000e+00
        365 191.641273    0.02527     1.5163     90.979     16.151  49023.781    31.1278     9.7321     16.000     9.7138    23.9736     6.5766     9.3986    100.998    286.834    293.711   -0.00758    6.51161    9.30575  284.00017     9.7304   14.71733 1.9417e+01     0.4151     0.3692 0.0000e+00
        369 191.641284    0.02555     1.5326     91.958     17.162  49057.067    31.1453     9.6891     17.000     9.6563    23.9940     6.5530     9.3649    100.552    285.800    292.657   -0.00802    6.51705    9.31351  284.23146     9.6873   14.72832 1.6671e+01     0.3724     0.3768 0.0000e+00
        373 191.641296    0.02583     1.5500     92.997     18.171  49093.846    31.1633     9.6319     18.000     9.6081    24.0172     6.5152     9.3109     99.858    284.146    290.971   -0.00985    6.52451    9.32418  284.55055     9.6300   14.74351 1.4383e+01     0.3189     0.4248 0.0000e+00
        377 191.641308    0.02611     1.5667     94.000     19.180  49114.354    31.1715     9.5877     19.000     9.5640    24.0307     6.4834     9.2654     99.279    282.755    289.550   -0.01072    6.53053    9.33278  284.80921     9.5856   14.75585 1.2308e+01     0.2703     0.4799 0.0000e+00
        381 191.641319    0.02639     1.5834     95.001     20.190  49142.453    31.1849     9.5434     20.000     9.5134    24.0482     6.4626     9.2357     98.872    281.841    288.619   -0.01018    6.53635    9.34110  285.05836     9.5412   14.76771 1.0606e+01     0.2296     0.4633 0.0000e+00
        385 191.641331    0.02667     1.6003     96.017     21.199  49193.688    31.2129     9.4857     21.000     9.4641    24.0792     6.4390     9.2019     98.403    280.803    287.564   -0.01005    6.54349    9.35130  285.36103     9.4835   14.78206 9.1332e+00     0.1957     0.4388 0.0000e+00
        389 191.641343    0.02695     1.6169     97.014     22.209  49231.141    31.2347     9.4550     22.000     9.4466    24.1011     6.4155     9.1684     97.991    279.774    286.516   -0.00981    6.54702    9.35634  285.50865     9.4526   14.78903 7.8854e+00     0.1751     0.4362 0.0000e+00
        393 191.641354    0.02723     1.6338     98.028     23.219  49244.262    31.2423     9.4456     23.000     9.4411    24.1085     6.3976     9.1429     97.702    278.991    285.717   -0.00879    6.54805    9.35782  285.55173     9.4432   14.79107 6.8037e+00     0.1678     0.4331 0.0000e+00
        397 191.641366    0.02751     1.6507     99.040     24.228  49257.931    31.2510     9.4420     24.000     9.4379    24.1158     6.3870     9.1277     97.538    278.525    285.242   -0.00734    6.54820    9.35803  285.55608     9.4395   14.79124 5.8847e+00     0.1694     0.4297 0.0000e+00
        401 191.641378    0.02779     1.6674    100.047     25.237  49290.614    31.2731     9.4382     25.000     9.4303    24.1337     6.3811     9.1192     97.454    278.264    284.980   -0.00578    6.54783    9.35750  285.53507     9.4355   14.79014 5.0909e+00     0.1642     0.4178 0.0000e+00
        405 191.641390    0.02807     1.6841    101.044     26.247  49313.661    31.2870     9.4249     26.000     9.4140    24.1467     6.3774     9.1139     97.377    278.100    284.816   -0.00462    6.54916    9.35941  285.58946     9.4221   14.79269 4.4434e+00     0.1616     0.3809 0.0000e+00
        409 191.641401    0.02835     1.7010    102.061     27.256  49329.638    31.2959     9.4105     27.000     9.4030    24.1559     6.3718     9.1059     97.266    277.852    284.564   -0.00398    6.55087    9.36185  285.66164     9.4076   14.79610 3.9086e+00     0.1534     0.3292 0.0000e+00
        413 191.641413    0.02863     1.7179    103.076     28.266  49338.737    31.3008     9.4022     28.000     9.3966    24.1610     6.3666     9.0985     97.172    277.624    284.332   -0.00348    6.55187    9.36327  285.70350     9.3992   14.79809 3.4552e+00     0.1322     0.2917 0.0000e+00
        417 191.641425    0.02892     1.7349    104.094     29.275  49344.506    31.3037     9.3976     29.000     9.3930    24.1641     6.3641     9.0950     97.127    277.516    284.222   -0.00283    6.55241    9.36405  285.72616     9.3945   14.79916 3.0600e+00     0.1250     0.2824 0.0000e+00
        421 191.641436    0.02919     1.7511    105.068     30.286  49347.446    31.3050     9.3948     30.000     9.3902    24.1656     6.3632     9.0936     97.107    277.474    284.179   -0.00221    6.55276    9.36455  285.74114     9.3916   14.79987 2.7138e+00     0.1314     0.2815 0.0000e+00
        425 191.641448    0.02946     1.7676    106.054     31.295  49348.786    31.3051     9.3914     31.000     9.3844    24.1662     6.3617     9.0915     97.077    277.409    284.113   -0.00182    6.55325    9.36525  285.76238     9.3881   14.80089 2.4106e+00     0.1273     0.2717 0.0000e+00
        429 191.641459    0.02973     1.7839    107.036     32.304  49353.079    31.3064     9.3827     32.000     9.3739    24.1686     6.3592     9.0880     97.021    277.301    284.003   -0.00170    6.55445    9.36697  285.81412     9.3793   14.80336 2.1438e+00     0.1225     0.2596 0.0000e+00
        433 191.641470    0.03001     1.8004    108.026     33.314  49359.880    31.3094     9.3726     33.000     9.3646    24.1726     6.3571     9.0849     96.969    277.206    283.907   -0.00162    6.55578    9.36887  285.87110     9.3692   14.80607 1.9107e+00     0.1211     0.2562 0.0000e+00
        437 191.641482    0.03029     1.8171    109.027     34.324  49364.829    31.3112     9.3635     34.000     9.3554    24.1754     6.3557     9.0830     96.930    277.148    283.848   -0.00146    6.55704    9.37066  285.92491     9.3599   14.80863 1.7031e+00     0.1150     0.2660 0.0000e+00
        441 191.641493    0.03055     1.8329    109.976     35.334  49372.108    31.3148     9.3556     35.000     9.3496    24.1795     6.3535     9.0797     96.881    277.046    283.745   -0.00141    6.55802    9.37207  285.96671     9.3519   14.81061 1.5174e+00     0.1057     0.2922 0.0000e+00
        445 191.641505    0.03082     1.8494    110.963     36.343  49377.663    31.3178     9.3515     36.000     9.3457    24.1824     6.3462     9.0693     96.763    276.728    283.421   -0.00175    6.55850    9.37275  285.98661     9.3477   14.81156 1.3574e+00     0.0854     0.3283 0.0000e+00
        449 191.641515    0.03109     1.8656    111.937     37.353  49385.572    31.3222     9.3458     37.000     9.3356    24.1867     6.3387     9.0587     96.640    276.403    283.088   -0.00212    6.55914    9.37366  286.01346     9.3419   14.81282 1.2113e+00     0.0837     0.3214 0.0000e+00
        453 191.641527    0.03136     1.8818    112.906     38.362  49400.007    31.3300     9.3322     38.000     9.3199    24.1950     6.3372     9.0566     96.593    276.336    283.021   -0.00194    6.56077    9.37600  286.08250     9.3282   14.81609 1.0878e+00     0.0979     0.2788 0.0000e+00
        457 191.641539    0.03165     1.8990    113.942     39.372  49409.863    31.3340     9.3137     39.000     9.2983    24.2010     6.3394     9.0596     96.588    276.426    283.116   -0.00147    6.56330    9.37962  286.19112     9.3096   14.82126 9.7547e-01     0.0973     0.2473 0.0000e+00
        461 191.641550    0.03191     1.9147    114.885     40.381  49427.554    31.3432     9.2934     40.000     9.2819    24.2114     6.3365     9.0556     96.507    276.302    282.991   -0.00155    6.56586    9.38327  286.29949     9.2892   14.82641 8.7772e-01     0.0905     0.2585 0.0000e+00
        465 191.641562    0.03220     1.9320    115.922     41.391  49448.275    31.3558     9.2820     41.000     9.2773    24.2230     6.3252     9.0394     96.318    275.804    282.484   -0.00228    6.56699    9.38489  286.34569     9.2777   14.82857 7.8937e-01     0.1032     0.2613 0.0000e+00
        469 191.641573    0.03247     1.9480    116.877     42.401  49460.490    31.3641     9.2835     42.000     9.2816    24.2294     6.3127     9.0215     96.136    275.257    281.926   -0.00282    6.56643    9.38408  286.31920     9.2791   14.82727 7.1028e-01     0.1028     0.2704 0.0000e+00
        472 191.641584    0.03274     1.9642    117.855     43.410  49455.636    31.3607     9.2866     43.000     9.2773    24.2262     6.2988     9.0016     95.929    274.650    281.304   -0.00332    6.56610    9.38362  286.30613     9.2821   14.82666 6.4148e-01     0.1142     0.2957 0.0000e+00
        477 191.641596    0.03303     1.9813    118.877     44.420  49450.044    31.3543     9.2719     44.000     9.2583    24.2235     6.2937     8.9944     95.817    274.430    281.078   -0.00326    6.56852    9.38708  286.41234     9.2672   14.83176 5.7909e-01     0.1360     0.2451 0.0000e+00
        480 191.641607    0.03329     1.9973    119.839     45.430  49470.878    31.3669     9.2600     45.000     9.2570    24.2352     6.2981     9.0006     95.866    274.617    281.273   -0.00208    6.56972    9.38879  286.46122     9.2553   14.83405 5.2301e-01     0.1373     0.2273 0.0000e+00
        484 191.641619    0.03357     2.0145    120.869     46.440  49492.221    31.3826     9.2680     46.000     9.2747    24.2462     6.2896     8.9884     95.762    274.241    280.891   -0.00211    6.56789    9.38617  286.37815     9.2632   14.83001 4.7403e-01     0.1436     0.2347 0.0000e+00
        489 191.641631    0.03386     2.0313    121.879     47.449  49516.923    31.4036     9.2976     47.000     9.3142    24.2581     6.2840     8.9805     95.753    273.997    280.644   -0.00170    6.56269    9.37874  286.14846     9.2927   14.81895 4.2804e-01     0.1737     0.2306 0.0000e+00
        492 191.641642    0.03413     2.0473    122.840     48.459  49524.288    31.4140     9.3391     48.000     9.3547    24.2598     6.2762     8.9693     95.729    273.657    280.296   -0.00130    6.55623    9.36950  285.86606     9.3341   14.80540 3.8757e-01     0.2225     0.2201 0.0000e+00
        496 191.641653    0.03441     2.0643    123.861     49.468  49526.429    31.4207     9.3798     49.000     9.3869    24.2586     6.2578     8.9430     95.538    272.855    279.474   -0.00207    6.55005    9.36068  285.59704     9.3746   14.79252 3.5014e-01     0.2718     0.2340 0.0000e+00
        500 191.641665    0.03466     2.0800    124.801     50.478  49490.347    31.3962     9.3895     50.000     9.3632    24.2380     6.2429     8.9216     95.315    272.207    278.805   -0.00287    6.54969    9.36015  285.58695     9.3842   14.79213 3.1726e-01     0.3039     0.2419 0.0000e+00
        504 191.641676    0.03495     2.0971    125.823     51.488  49427.680    31.3423     9.3214     51.000     9.2443    24.2065     6.2221     8.8919     94.822    271.308    277.876   -0.00485    6.56187    9.37757  286.12696     9.3160   14.81816 2.8855e-01     0.2941     0.2619 0.0000e+00
        508 191.641687    0.03521     2.1128    126.766     52.497  49395.990    31.2990     9.1729     52.000     9.0666    24.1957     6.1978     8.8573     94.116    270.254    276.793   -0.00794    6.58536    9.41114  287.15430     9.1675   14.86745 2.6229e-01     0.2379     0.2923 0.0000e+00
        512 191.641698    0.03548     2.1288    127.729     53.507  49444.771    31.3066     8.9859     53.000     8.9015    24.2304     6.1833     8.8366     93.511    269.614    276.146   -0.00975    6.61245    9.44986  288.32603     8.9805   14.92343 2.4006e-01     0.1559     0.3373 0.0000e+00
