CTD-processing/allCTD/CNV/2015_05-28_t9_s07_cast080_5028.cnv
* Sea-Bird SBE19plus Data File:
* FileName = C:\Users\Kris.Holderied\Documents\kasitsna\Research-KBL\Oceanography-AK\CTD-Data-ALL-to-2015-04\2015-CTD-KachemakBay-CookInlet\2015-05-28-CookInlet-HomerSpit-monthly\2015-05-28-CookInlet-Tran9-cast080.hex
* Software Version 1.59
* Temperature SN =  5028
* Conductivity SN =  5028
* System UpLoad Time = Jul 03 2015 22:24:30
** Cook Inlet LTM Tran 9 (Homer Spit) North to South
** Date: 05-28
** Station:  9-07
** Start time (AKDT): 13:01
** Depth (m): 98.8
** Comment:  R/V Barnacle
** Comment:
# nquan = 27
# nvalues = 94                          
# units = specified
# name 0 = scan: Scan Count
# name 1 = timeJ: Julian Days
# name 2 = timeH: Time, Elapsed [hours]
# name 3 = timeM: Time, Elapsed [minutes]
# name 4 = timeS: Time, Elapsed [seconds]
# name 5 = prdM: Pressure, Strain Gauge [db]
# name 6 = specc: Specific Conductance [uS/cm]
# name 7 = sal00: Salinity, Practical [PSU]
# name 8 = tv290C: Temperature [ITS-90, deg C]
# name 9 = depSM: Depth [salt water, m], lat = 59.00
# name 10 = potemp090C: Potential Temperature [ITS-90, deg C]
# name 11 = sigma-é00: Density [sigma-theta, kg/m^3]
# name 12 = sbeox0ML/L: Oxygen, SBE 43 [ml/l]
# name 13 = sbeox0Mg/L: Oxygen, SBE 43 [mg/l]
# name 14 = sbeox0PS: Oxygen, SBE 43 [% saturation]
# name 15 = sbox0Mm/Kg: Oxygen, SBE 43 [umol/kg]
# name 16 = sbeox0Mm/L: Oxygen, SBE 43 [umol/l]
# name 17 = sbox0dV/dT: Oxygen, SBE 43 [dov/dt]
# name 18 = oxsolML/L: Oxygen Saturation, Garcia & Gordon [ml/l]
# name 19 = oxsolMg/L: Oxygen Saturation, Garcia & Gordon [mg/l]
# name 20 = oxsolMm/Kg: Oxygen Saturation, Garcia & Gordon [umol/kg]
# name 21 = potemp090C: Potential Temperature [ITS-90, deg C]
# name 22 = n2satMg/L: Nitrogen Saturation [mg/l]
# name 23 = par: PAR/Irradiance, Biospherical/Licor
# name 24 = flECO-AFL: Fluorescence, WET Labs ECO-AFL/FL [mg/m^3]
# name 25 = turbWETntu0: Turbidity, WET Labs ECO [NTU]
# name 26 = flag: flag
# span 0 =        148,        626       
# span 1 = 148.542625, 148.544008       
# span 2 =    0.01021,    0.04340       
# span 3 =     0.6128,     2.6046       
# span 4 =     36.767,    156.276       
# span 5 =      1.009,     94.909       
# span 6 =  47403.267,  50392.454       
# span 7 =    29.9887,    31.4797       
# span 8 =     6.1593,     9.6440       
# span 9 =      1.000,     94.000       
# span 10 =     6.1511,     9.6393      
# span 11 =    23.0984,    24.7537      
# span 12 =     6.6153,     8.6434      
# span 13 =     9.4538,    12.3523      
# span 14 =     93.892,    126.531      
# span 15 =    288.301,    376.830      
# span 16 =    295.437,    386.016      
# span 17 =   -0.08045,    0.00899      
# span 18 =    6.57239,    7.04565      
# span 19 =    9.39261,   10.06893      
# span 20 =  286.89846,  307.05764      
# span 21 =     6.1517,     9.6439      
# span 22 =   14.86056,   15.81661      
# span 23 = 4.2826e-02, 1.1656e+03      
# span 24 =     0.0560,     9.7057      
# span 25 =     0.3305,     1.6107      
# span 26 = 0.0000e+00, 0.0000e+00      
# interval = meters: 1                  
# start_time = May 28 2015 13:00:46 [Instrument's time stamp, header]
# bad_flag = -9.990e-29
*END*
[from data line 54]
        514 148.543684    0.03563     2.1379    128.272     55.527  50215.052    31.4217     6.4043     55.000     6.4120    24.6776     6.8685     9.8157     98.008    299.359    306.747   -0.00340    7.00809   10.01525  305.44349     6.3998   15.73991 5.3731e-02     0.2244     0.4533 0.0000e+00
        517 148.543692    0.03582     2.1495    128.972     56.536  50209.648    31.4205     6.4203     56.000     6.4229    24.6747     6.8708     9.8190     98.077    299.460    306.849   -0.00242    7.00553   10.01160  305.33296     6.4157   15.73465 5.2003e-02     0.1948     0.4377 0.0000e+00
        520 148.543700    0.03602     2.1611    129.666     57.546  50208.559    31.4210     6.4298     57.000     6.4311    24.6739     6.8747     9.8247     98.156    299.634    307.027   -0.00156    7.00396   10.00936  305.26458     6.4250   15.73139 5.0537e-02     0.1877     0.4407 0.0000e+00
        522 148.543708    0.03621     2.1726    130.356     58.556  50214.957    31.4266     6.4383     58.000     6.4424    24.6772     6.8797     9.8318     98.250    299.850    307.250   -0.00081    7.00231   10.00700  305.19191     6.4335   15.72790 4.9278e-02     0.1802     0.4382 0.0000e+00
        525 148.543716    0.03640     2.1841    131.048     59.565  50222.506    31.4337     6.4513     59.000     6.4541    24.6813     6.8864     9.8414     98.380    300.142    307.550    0.00001    6.99986   10.00351  305.08394     6.4463   15.72272 4.8173e-02     0.1746     0.4334 0.0000e+00
        528 148.543724    0.03660     2.1957    131.742     60.575  50205.386    31.4227     6.4585     60.000     6.4452    24.6717     6.8946     9.8531     98.507    300.500    307.914    0.00071    6.99918   10.00253  305.05722     6.4535   15.72149 4.7254e-02     0.1841     0.4387 0.0000e+00
        531 148.543732    0.03679     2.2073    132.436     61.584  50196.859    31.4136     6.4436     61.000     6.4199    24.6664     6.8993     9.8599     98.534    300.708    308.125    0.00077    7.00205   10.00663  305.18362     6.4385   15.72756 4.6491e-02     0.2024     0.4629 0.0000e+00
        534 148.543740    0.03698     2.2188    133.128     62.595  50206.699    31.4151     6.4175     62.000     6.3950    24.6708     6.8964     9.8557     98.433    300.578    307.994    0.00005    7.00625   10.01262  305.36524     6.4123   15.73621 4.5826e-02     0.1977     0.4885 0.0000e+00
        536 148.543748    0.03717     2.2303    133.820     63.605  50223.034    31.4217     6.3946     63.000     6.3772    24.6788     6.8844     9.8386     98.214    300.054    307.460   -0.00126    7.00968   10.01754  305.51284     6.3893   15.74322 4.5282e-02     0.1543     0.5074 0.0000e+00
        539 148.543756    0.03736     2.2419    134.513     64.614  50231.522    31.4241     6.3785     64.000     6.3622    24.6827     6.8661     9.8125     97.918    299.257    306.643   -0.00275    7.01221   10.02115  305.62185     6.3731   15.74840 4.4728e-02     0.1360     0.5243 0.0000e+00
        542 148.543764    0.03756     2.2534    135.204     65.623  50232.899    31.4217     6.3629     65.000     6.3438    24.6827     6.8479     9.7864     97.620    298.462    305.829   -0.00404    7.01486   10.02494  305.73742     6.3576   15.75392 4.4285e-02     0.1201     0.5476 0.0000e+00
        545 148.543772    0.03775     2.2650    135.896     66.634  50232.822    31.4175     6.3437     66.000     6.3211    24.6819     6.8320     9.7637     97.347    297.769    305.118   -0.00495    7.01821   10.02973  305.88365     6.3382   15.76091 4.3970e-02     0.0981     0.5739 0.0000e+00
        547 148.543780    0.03795     2.2765    136.590     67.644  50244.706    31.4209     6.3206     67.000     6.3027    24.6874     6.8167     9.7417     97.079    297.097    304.433   -0.00561    7.02184   10.03492  306.04015     6.3151   15.76835 4.3762e-02     0.0775     0.5864 0.0000e+00
        550 148.543788    0.03813     2.2881    137.286     68.653  50265.285    31.4319     6.3057     68.000     6.2964    24.6979     6.8021     9.7208     96.844    296.458    303.780   -0.00602    7.02377   10.03767  306.12127     6.3001   15.77218 4.3536e-02     0.0698     0.6067 0.0000e+00
        553 148.543796    0.03832     2.2997    137.980     69.663  50279.861    31.4408     6.3022     69.000     6.2950    24.7053     6.7908     9.7048     96.681    295.968    303.280   -0.00592    7.02393   10.03791  306.12602     6.2965   15.77237 4.3360e-02     0.0719     0.6284 0.0000e+00
        556 148.543804    0.03852     2.3113    138.676     70.673  50274.147    31.4357     6.2982     70.000     6.2824    24.7017     6.7826     9.6930     96.552    295.609    302.911   -0.00558    7.02483   10.03919  306.16623     6.2924   15.77430 4.3235e-02     0.0723     0.6250 0.0000e+00
        558 148.543812    0.03871     2.3229    139.373     71.682  50278.388    31.4354     6.2838     71.000     6.2674    24.7033     6.7731     9.6794     96.384    295.194    302.487   -0.00549    7.02723   10.04261  306.27019     6.2779   15.77926 4.3168e-02     0.0700     0.6134 0.0000e+00
        561 148.543820    0.03891     2.3345    140.070     72.693  50292.562    31.4422     6.2703     72.000     6.2600    24.7104     6.7642     9.6668     96.232    294.806    302.091   -0.00546    7.02911   10.04531  306.35032     6.2644   15.78305 4.3100e-02     0.0660     0.5998 0.0000e+00
        564 148.543828    0.03911     2.3461    140.768     73.702  50299.136    31.4453     6.2652     73.000     6.2575    24.7135     6.7595     9.6599     96.154    294.598    301.878   -0.00496    7.02981   10.04631  306.37987     6.2591   15.78445 4.3073e-02     0.0678     0.5947 0.0000e+00
        567 148.543837    0.03930     2.3577    141.465     74.712  50301.992    31.4464     6.2631     74.000     6.2559    24.7146     6.7552     9.6538     96.090    294.411    301.687   -0.00441    7.03010   10.04672  306.39192     6.2570   15.78502 4.2990e-02     0.0650     0.5997 0.0000e+00
        570 148.543844    0.03949     2.3693    142.158     75.722  50304.039    31.4471     6.2616     75.000     6.2540    24.7153     6.7502     9.6466     96.015    294.191    301.462   -0.00408    7.03032   10.04704  306.40162     6.2554   15.78548 4.2926e-02     0.0614     0.6117 0.0000e+00
        572 148.543852    0.03968     2.3808    142.848     76.731  50306.600    31.4480     6.2597     76.000     6.2524    24.7163     6.7465     9.6414     95.960    294.033    301.300   -0.00371    7.03058   10.04741  306.41264     6.2535   15.78599 4.2866e-02     0.0696     0.6231 0.0000e+00
        575 148.543860    0.03987     2.3922    143.535     77.742  50309.180    31.4491     6.2584     77.000     6.2516    24.7174     6.7459     9.6405     95.948    294.004    301.271   -0.00318    7.03077   10.04767  306.42001     6.2521   15.78634 4.2826e-02     0.0792     0.6373 0.0000e+00
        578 148.543869    0.04006     2.4037    144.220     78.751  50310.758    31.4496     6.2579     78.000     6.2513    24.7178     6.7469     9.6419     95.961    294.047    301.315   -0.00257    7.03082   10.04774  306.42217     6.2515   15.78645 4.2828e-02     0.0840     0.6460 0.0000e+00
        581 148.543876    0.04025     2.4151    144.906     79.761  50311.580    31.4496     6.2577     79.000     6.2510    24.7179     6.7463     9.6411     95.952    294.020    301.288   -0.00217    7.03084   10.04778  306.42324     6.2512   15.78650 4.2832e-02     0.0843     0.6365 0.0000e+00
        583 148.543884    0.04045     2.4267    145.599     80.770  50312.131    31.4495     6.2574     80.000     6.2503    24.7178     6.7452     9.6396     95.937    293.975    301.242   -0.00193    7.03090   10.04785  306.42570     6.2508   15.78661 4.2877e-02     0.0809     0.6325 0.0000e+00
        586 148.543893    0.04064     2.4383    146.301     81.781  50312.764    31.4493     6.2566     81.000     6.2491    24.7178     6.7459     9.6407     95.946    294.008    301.275   -0.00160    7.03103   10.04804  306.43138     6.2500   15.78688 4.3087e-02     0.0764     0.6382 0.0000e+00
        589 148.543900    0.04083     2.4501    147.004     82.790  50313.373    31.4490     6.2553     82.000     6.2468    24.7177     6.7459     9.6406     95.942    294.006    301.273   -0.00134    7.03127   10.04839  306.44197     6.2486   15.78739 4.3294e-02     0.0760     0.6556 0.0000e+00
        592 148.543909    0.04103     2.4619    147.711     83.801  50314.677    31.4489     6.2525     83.000     6.2422    24.7180     6.7425     9.6356     95.886    293.855    301.117   -0.00142    7.03173   10.04905  306.46205     6.2457   15.78835 4.3252e-02     0.0796     0.6916 0.0000e+00
        595 148.543917    0.04123     2.4737    148.423     84.811  50318.100    31.4497     6.2471     84.000     6.2346    24.7193     6.7353     9.6254     95.773    293.543    300.798   -0.00182    7.03259   10.05026  306.49873     6.2402   15.79009 4.3163e-02     0.0776     0.7526 0.0000e+00
        598 148.543926    0.04143     2.4855    149.132     85.820  50325.236    31.4527     6.2391     85.000     6.2265    24.7226     6.7265     9.6129     95.631    293.157    300.404   -0.00234    7.03377   10.05195  306.54931     6.2321   15.79249 4.3131e-02     0.0715     0.8435 0.0000e+00
        600 148.543933    0.04162     2.4973    149.838     86.830  50333.855    31.4567     6.2316     86.000     6.2209    24.7267     6.7151     9.5965     95.455    292.659    299.896   -0.00292    7.03481   10.05344  306.59355     6.2245   15.79458 4.3119e-02     0.0782     0.9788 0.0000e+00
        603 148.543942    0.04182     2.5091    150.545     87.840  50338.895    31.4588     6.2266     87.000     6.2156    24.7290     6.7018     9.5777     95.258    292.082    299.305   -0.00356    7.03553   10.05448  306.62430     6.2195   15.79604 4.3207e-02     0.0809     1.1005 0.0000e+00
        606 148.543950    0.04201     2.5209    151.257     88.850  50341.410    31.4589     6.2205     88.000     6.2057    24.7298     6.6916     9.5629     95.097    291.633    298.845   -0.00389    7.03654   10.05592  306.66788     6.2133   15.79812 4.3343e-02     0.0791     1.1942 0.0000e+00
        609 148.543958    0.04221     2.5329    151.974     89.859  50346.718    31.4598     6.2086     89.000     6.1904    24.7320     6.6827     9.5502     94.945    291.245    298.448   -0.00402    7.03846   10.05867  306.75121     6.2012   15.80208 4.3480e-02     0.0814     1.2766 0.0000e+00
        612 148.543966    0.04242     2.5450    152.699     90.869  50359.618    31.4654     6.1934     90.000     6.1772    24.7382     6.6695     9.5313     94.728    290.667    297.858   -0.00447    7.04071   10.06188  306.84719     6.1860   15.80664 4.3660e-02     0.0766     1.4161 0.0000e+00
        615 148.543975    0.04262     2.5572    153.434     91.879  50371.137    31.4705     6.1811     91.000     6.1673    24.7438     6.6539     9.5091     94.482    289.987    297.162   -0.00505    7.04249   10.06443  306.92335     6.1736   15.81025 4.3852e-02     0.0643     1.5303 0.0000e+00
        618 148.543983    0.04283     2.5699    154.193     92.889  50380.239    31.4746     6.1721     92.000     6.1605    24.7481     6.6390     9.4878     94.253    289.336    296.497   -0.00539    7.04379   10.06628  306.97834     6.1646   15.81285 4.4186e-02     0.0560     1.5826 0.0000e+00
        621 148.543994    0.04307     2.5842    155.054     93.899  50386.701    31.4774     6.1657     93.000     6.1554    24.7511     6.6262     9.4695     94.060    288.778    295.926   -0.00536    7.04471   10.06758  307.01755     6.1582   15.81471 4.4827e-02     0.0706     1.6004 0.0000e+00
        626 148.544008    0.04340     2.6046    156.276     94.909  50392.454    31.4797     6.1593     94.000     6.1511    24.7537     6.6153     9.4538     93.892    288.301    295.437   -0.00486    7.04565   10.06893  307.05764     6.1517   15.81661 4.5565e-02     0.0674     1.6107 0.0000e+00
