CTD-processing/allCTD/CNV/2015_10-19_t9_s07_cast209_5028.cnv
* Sea-Bird SBE19plus Data File:
* FileName = C:\Users\Kris.Holderied\Documents\kasitsna\Research-KBL\Oceanography-AK\CTD-Data-ALL-to-2015-06\2015-CTD-KachemakBay-CookInlet\2015-10-19-CookInlet-HomerSpit-monthly\2015-10-19-CookInlet-Tran9-cast209.hex
* Software Version 1.59
* Temperature SN =  5028
* Conductivity SN =  5028
* System UpLoad Time = Oct 31 2015 16:30:56
** Cook Inlet LTM Transect 9 Homer Spit monthly

** Date: 10-19
** Station: 9-07
** Start time (AKDT): 14:54
** Depth (m): 100.6
** Comment:  R/V Edgecumbe
** Comment:
# nquan = 27
# nvalues = 90                          
# units = specified
# name 0 = scan: Scan Count
# name 1 = timeJ: Julian Days
# name 2 = timeH: Time, Elapsed [hours]
# name 3 = timeM: Time, Elapsed [minutes]
# name 4 = timeS: Time, Elapsed [seconds]
# name 5 = prdM: Pressure, Strain Gauge [db]
# name 6 = specc: Specific Conductance [uS/cm]
# name 7 = sal00: Salinity, Practical [PSU]
# name 8 = tv290C: Temperature [ITS-90, deg C]
# name 9 = depSM: Depth [salt water, m], lat = 59.00
# name 10 = potemp090C: Potential Temperature [ITS-90, deg C]
# name 11 = sigma-é00: Density [sigma-theta, kg/m^3]
# name 12 = sbeox0ML/L: Oxygen, SBE 43 [ml/l]
# name 13 = sbeox0Mg/L: Oxygen, SBE 43 [mg/l]
# name 14 = sbeox0PS: Oxygen, SBE 43 [% saturation]
# name 15 = sbox0Mm/Kg: Oxygen, SBE 43 [umol/kg]
# name 16 = sbeox0Mm/L: Oxygen, SBE 43 [umol/l]
# name 17 = sbox0dV/dT: Oxygen, SBE 43 [dov/dt]
# name 18 = oxsolML/L: Oxygen Saturation, Garcia & Gordon [ml/l]
# name 19 = oxsolMg/L: Oxygen Saturation, Garcia & Gordon [mg/l]
# name 20 = oxsolMm/Kg: Oxygen Saturation, Garcia & Gordon [umol/kg]
# name 21 = potemp090C: Potential Temperature [ITS-90, deg C]
# name 22 = n2satMg/L: Nitrogen Saturation [mg/l]
# name 23 = par: PAR/Irradiance, Biospherical/Licor
# name 24 = flECO-AFL: Fluorescence, WET Labs ECO-AFL/FL [mg/m^3]
# name 25 = turbWETntu0: Turbidity, WET Labs ECO [NTU]
# name 26 = flag: flag
# span 0 =        299,        700       
# span 1 = 292.621904, 292.623065       
# span 2 =    0.02069,    0.04856       
# span 3 =     1.2414,     2.9136       
# span 4 =     74.485,    174.816       
# span 5 =      1.009,     90.870       
# span 6 =  45980.410,  48564.266       
# span 7 =    28.9135,    30.7409       
# span 8 =     9.0240,     9.6612       
# span 9 =      1.000,     90.000       
# span 10 =     9.0252,     9.6572      
# span 11 =    22.3531,    23.7119      
# span 12 =     5.0874,     5.9780      
# span 13 =     7.2704,     8.5432      
# span 14 =     77.510,     89.260      
# span 15 =    221.942,    261.131      
# span 16 =    227.205,    266.980      
# span 17 =   -0.01471,    0.00816      
# span 18 =    6.55859,    6.70977      
# span 19 =    9.37288,    9.58893      
# span 20 =  286.14146,  293.10636      
# span 21 =     9.0239,     9.6599      
# span 22 =   14.82162,   15.16164      
# span 23 = 4.7877e-02, 1.2097e+02      
# span 24 =     0.0479,     0.8796      
# span 25 =     0.3943,     1.8025      
# span 26 = 0.0000e+00, 0.0000e+00      
# interval = meters: 1                  
# start_time = Oct 19 2015 14:54:18 [Instrument's time stamp, header]
# bad_flag = -9.990e-29
*END*
[from data line 54]
        547 292.622623    0.03794     2.2764    136.586     55.526  48281.294    30.5531     9.4533     55.000     9.4419    23.5696     5.4103     7.7319     82.273    236.062    241.626    0.00147    6.57605    9.39784  286.92387     9.4474   14.85948 5.7329e-02     0.1077     0.4377 0.0000e+00
        551 292.622634    0.03821     2.2929    137.574     56.536  48289.522    30.5571     9.4433     56.000     9.4345    23.5743     5.4253     7.7533     82.484    236.712    242.293    0.00224    6.57733    9.39966  286.97811     9.4374   14.86206 5.5997e-02     0.1018     0.4126 0.0000e+00
        555 292.622646    0.03849     2.3095    138.570     57.546  48304.004    30.5664     9.4398     57.000     9.4355    23.5821     5.4399     7.7742     82.706    237.351    242.948    0.00286    6.57745    9.39983  286.98120     9.4338   14.86217 5.5147e-02     0.1135     0.3943 0.0000e+00
        559 292.622657    0.03878     2.3268    139.606     58.556  48327.914    30.5836     9.4459     58.000     9.4451    23.5946     5.4484     7.7863     82.854    237.714    243.322    0.00293    6.57583    9.39753  286.90732     9.4398   14.85856 5.4357e-02     0.1181     0.3982 0.0000e+00
        564 292.622670    0.03908     2.3444    140.661     59.566  48342.825    30.5952     9.4575     59.000     9.4572    23.6018     5.4413     7.7761     82.774    237.404    243.007    0.00163    6.57365    9.39441  286.81005     9.4513   14.85387 5.3458e-02     0.1053     0.4193 0.0000e+00
        568 292.622682    0.03937     2.3624    141.742     60.575  48365.218    30.6125     9.4731     60.000     9.4764    23.6129     5.4194     7.7449     82.479    236.448    242.031   -0.00061    6.57066    9.39013  286.67626     9.4667   14.84740 5.2905e-02     0.0998     0.4574 0.0000e+00
        572 292.622695    0.03966     2.3800    142.799     61.585  48374.047    30.6208     9.4925     61.000     9.4889    23.6164     5.3914     7.7049     82.093    235.226    240.781   -0.00272    6.56750    9.38560  286.53732     9.4860   14.84072 5.2312e-02     0.1017     0.5283 0.0000e+00
        576 292.622706    0.03996     2.3975    143.847     62.595  48371.676    30.6189     9.4940     62.000     9.4854    23.6147     5.3503     7.6461     81.468    233.431    238.944   -0.00554    6.56735    9.38539  286.53135     9.4874   14.84044 5.1571e-02     0.0917     0.5907 0.0000e+00
        581 292.622719    0.04026     2.4157    144.942     63.605  48390.136    30.6314     9.4938     63.000     9.4939    23.6245     5.3077     7.5853     80.826    231.573    237.044   -0.00799    6.56684    9.38467  286.50655     9.4872   14.83921 5.0958e-02     0.1105     0.6241 0.0000e+00
        585 292.622732    0.04057     2.4338    146.027     64.614  48390.567    30.6331     9.5074     64.000     9.5022    23.6237     5.3012     7.5760     80.752    231.289    236.753   -0.00617    6.56481    9.38177  286.41822     9.5005   14.83498 5.0539e-02     0.1099     0.6678 0.0000e+00
        589 292.622744    0.04086     2.4518    147.109     65.623  48395.657    30.6364     9.5087     65.000     9.5038    23.6261     5.2894     7.5591     80.577    230.774    236.226   -0.00515    6.56447    9.38129  286.40271     9.5018   14.83422 5.0116e-02     0.1118     0.6933 0.0000e+00
        594 292.622757    0.04116     2.4696    148.176     66.633  48420.044    30.6543     9.5181     66.000     9.5211    23.6386     5.2674     7.5276     80.266    229.807    235.240   -0.00559    6.56235    9.37825  286.30650     9.5111   14.82955 4.9688e-02     0.0987     0.7265 0.0000e+00
        598 292.622769    0.04146     2.4875    149.247     67.643  48422.887    30.6582     9.5358     67.000     9.5321    23.6389     5.2540     7.5084     80.095    229.222    234.641   -0.00490    6.55963    9.37436  286.18776     9.5287   14.82386 4.9376e-02     0.0813     0.8296 0.0000e+00
        602 292.622781    0.04176     2.5051    150.305     68.653  48428.194    30.6622     9.5410     68.000     9.5343    23.6412     5.2222     7.4631     79.623    227.839    233.225   -0.00610    6.55870    9.37304  286.14672     9.5338   14.82188 4.9096e-02     0.0692     0.9348 0.0000e+00
        607 292.622794    0.04205     2.5230    151.377     69.663  48432.381    30.6647     9.5410     69.000     9.5317    23.6432     5.1875     7.4135     79.095    226.322    231.673   -0.00758    6.55859    9.37288  286.14146     9.5337   14.82162 4.8863e-02     0.0758     0.9590 0.0000e+00
        611 292.622807    0.04236     2.5418    152.509     70.672  48440.695    30.6694     9.5357     70.000     9.5256    23.6478     5.1686     7.3865     78.800    225.498    230.831   -0.00702    6.55917    9.37371  286.16521     9.5282   14.82273 4.8675e-02     0.0846     0.9841 0.0000e+00
        615 292.622819    0.04267     2.5601    153.607     71.683  48449.934    30.6746     9.5294     71.000     9.5156    23.6528     5.1615     7.3763     78.683    225.186    230.512   -0.00562    6.55986    9.37470  286.19412     9.5218   14.82410 4.8529e-02     0.0900     0.9858 0.0000e+00
        620 292.622832    0.04297     2.5779    154.673     72.692  48461.785    30.6805     9.5142     72.000     9.4987    23.6598     5.1594     7.3733     78.627    225.093    230.418   -0.00426    6.56181    9.37748  286.27723     9.5065   14.82804 4.8397e-02     0.0954     0.9785 0.0000e+00
        624 292.622845    0.04328     2.5971    155.826     73.702  48480.915    30.6915     9.4985     73.000     9.4859    23.6709     5.1613     7.3761     78.636    225.176    230.507   -0.00295    6.56364    9.38009  286.35351     9.4907   14.83165 4.8319e-02     0.0921     0.9630 0.0000e+00
        629 292.622859    0.04361     2.6167    157.003     74.712  48497.749    30.7017     9.4895     74.000     9.4800    23.6802     5.1697     7.3880     78.753    225.539    230.879   -0.00137    6.56450    9.38132  286.38859     9.4817   14.83328 4.8243e-02     0.0873     0.9613 0.0000e+00
        634 292.622872    0.04393     2.6359    158.155     75.721  48505.796    30.7066     9.4868     75.000     9.4784    23.6845     5.1756     7.3963     78.839    225.792    231.140   -0.00042    6.56469    9.38159  286.39561     9.4789   14.83360 4.8170e-02     0.0632     0.9774 0.0000e+00
        638 292.622886    0.04425     2.6552    159.310     76.732  48512.747    30.7109     9.4860     76.000     9.4776    23.6880     5.1725     7.3920     78.794    225.660    231.005   -0.00054    6.56463    9.38151  286.39206     9.4779   14.83341 4.8102e-02     0.0479     1.0043 0.0000e+00
        643 292.622898    0.04456     2.6739    160.436     77.742  48517.099    30.7135     9.4854     77.000     9.4770    23.6901     5.1638     7.3795     78.661    225.277    230.614   -0.00121    6.56460    9.38147  286.39027     9.4772   14.83332 4.8099e-02     0.0693     1.0174 0.0000e+00
        647 292.622912    0.04488     2.6927    161.562     78.751  48519.066    30.7144     9.4851     78.000     9.4767    23.6909     5.1574     7.3705     78.564    224.999    230.330   -0.00148    6.56461    9.38148  286.39045     9.4768   14.83332 4.8077e-02     0.0849     1.0292 0.0000e+00
        652 292.622925    0.04521     2.7127    162.761     79.761  48521.836    30.7159     9.4850     79.000     9.4767    23.6921     5.1545     7.3663     78.520    224.872    230.200   -0.00132    6.56455    9.38140  286.38760     9.4766   14.83318 4.8028e-02     0.0827     1.0524 0.0000e+00
        657 292.622940    0.04554     2.7327    163.960     80.771  48526.314    30.7187     9.4854     80.000     9.4771    23.6943     5.1538     7.3653     78.511    224.840    230.168   -0.00098    6.56438    9.38115  286.37959     9.4769   14.83279 4.8027e-02     0.0821     1.0957 0.0000e+00
        662 292.622953    0.04587     2.7522    165.130     81.781  48530.481    30.7212     9.4860     81.000     9.4777    23.6962     5.1489     7.3584     78.440    224.629    229.952   -0.00108    6.56418    9.38087  286.37056     9.4774   14.83234 4.7987e-02     0.0847     1.0865 0.0000e+00
        666 292.622965    0.04616     2.7698    166.190     82.790  48533.365    30.7230     9.4866     82.000     9.4780    23.6974     5.1415     7.3478     78.329    224.305    229.621   -0.00149    6.56402    9.38065  286.36309     9.4779   14.83198 4.7968e-02     0.0683     1.1169 0.0000e+00
        670 292.622978    0.04646     2.7877    167.260     83.800  48537.125    30.7252     9.4867     83.000     9.4778    23.6991     5.1355     7.3391     78.238    224.041    229.351   -0.00163    6.56391    9.38048  286.35780     9.4779   14.83172 4.8007e-02     0.0620     1.1516 0.0000e+00
        674 292.622990    0.04677     2.8058    168.350     84.810  48541.946    30.7281     9.4864     84.000     9.4771    23.7015     5.1315     7.3334     78.179    223.867    229.173   -0.00156    6.56384    9.38038  286.35413     9.4774   14.83153 4.7992e-02     0.0634     1.1815 0.0000e+00
        679 292.623003    0.04706     2.8241    169.448     85.820  48544.769    30.7296     9.4858     85.000     9.4764    23.7028     5.1282     7.3286     78.127    223.721    229.024   -0.00140    6.56387    9.38042  286.35497     9.4767   14.83157 4.7952e-02     0.0735     1.2457 0.0000e+00
        683 292.623015    0.04736     2.8416    170.495     86.830  48546.882    30.7305     9.4851     86.000     9.4755    23.7037     5.1215     7.3191     78.024    223.430    228.726   -0.00162    6.56392    9.38050  286.35699     9.4759   14.83166 4.7940e-02     0.0856     1.2974 0.0000e+00
        687 292.623027    0.04764     2.8584    171.506     87.840  48549.983    30.7322     9.4843     87.000     9.4748    23.7051     5.1139     7.3083     77.908    223.098    228.387   -0.00192    6.56396    9.38056  286.35840     9.4751   14.83172 4.7913e-02     0.0941     1.3723 0.0000e+00
        691 292.623038    0.04793     2.8754    172.527     88.850  48553.780    30.7344     9.4842     88.000     9.4749    23.7068     5.1077     7.2994     77.815    222.828    228.111   -0.00196    6.56390    9.38046  286.35501     9.4748   14.83155 4.7877e-02     0.0922     1.4582 0.0000e+00
        695 292.623051    0.04821     2.8929    173.574     89.860  48559.482    30.7380     9.4844     89.000     9.4749    23.7097     5.0986     7.2864     77.678    222.429    227.703   -0.00222    6.56370    9.38019  286.34585     9.4750   14.83110 4.7888e-02     0.0807     1.5773 0.0000e+00
        700 292.623065    0.04856     2.9136    174.816     90.870  48564.266    30.7409     9.4842     90.000     9.4744    23.7119     5.0874     7.2704     77.510    221.942    227.205   -0.00260    6.56362    9.38006  286.34144     9.4746   14.83087 4.7924e-02     0.0810     1.8025 0.0000e+00
