CTD-processing/allCTD/CNV/2015_01-16_t9_s09_cast174_4141.cnv
* Sea-Bird SBE19plus Data File:
* FileName = C:\Users\kris.holderied\Documents\kasitsna\Research-Projects-and-Data\Oceanography-AK\CTD-Data-ALL-to-2014-10\2015-CTD-KachemakBay-CookInlet\2015-01-16-CookInlet-HomerSpit-monthly\2015-01-16-CookInlet-Tran9-cast174.hex
* Software Version 1.59
* Temperature SN =  4141
* Conductivity SN =  4141
* System UpLoad Time = Feb 11 2015 17:01:35
** Cook Inlet LTM Tran9 (Homer Spit) North to South
** Date: 01-16
** Station: 9-09
** Start time:  14:09
** Depth (m): 80.2
** Comment:  CTD time is local time (AKST). CTD only transect.
** Comment: Vessel is Kasitsna Bay Lab R/V Barnacle.
# nquan = 27
# nvalues = 73                          
# units = specified
# name 0 = scan: Scan Count
# name 1 = timeJ: Julian Days
# name 2 = timeH: Time, Elapsed [hours]
# name 3 = timeM: Time, Elapsed [minutes]
# name 4 = timeS: Time, Elapsed [seconds]
# name 5 = prdM: Pressure, Strain Gauge [db]
# name 6 = specc: Specific Conductance [uS/cm]
# name 7 = sal00: Salinity, Practical [PSU]
# name 8 = tv290C: Temperature [ITS-90, deg C]
# name 9 = depSM: Depth [salt water, m], lat = 59.00
# name 10 = potemp090C: Potential Temperature [ITS-90, deg C]
# name 11 = sigma-é00: Density [sigma-theta, kg/m^3]
# name 12 = sbeox0ML/L: Oxygen, SBE 43 [ml/l]
# name 13 = sbeox0Mg/L: Oxygen, SBE 43 [mg/l]
# name 14 = sbeox0PS: Oxygen, SBE 43 [% saturation]
# name 15 = sbox0Mm/Kg: Oxygen, SBE 43 [umol/kg]
# name 16 = sbeox0Mm/L: Oxygen, SBE 43 [umol/l]
# name 17 = sbox0dV/dT: Oxygen, SBE 43 [dov/dt]
# name 18 = oxsolML/L: Oxygen Saturation, Garcia & Gordon [ml/l]
# name 19 = oxsolMg/L: Oxygen Saturation, Garcia & Gordon [mg/l]
# name 20 = oxsolMm/Kg: Oxygen Saturation, Garcia & Gordon [umol/kg]
# name 21 = n2satMg/L: Nitrogen Saturation [mg/l]
# name 22 = par: PAR/Irradiance, Biospherical/Licor
# name 23 = wetStar: Fluorescence, WET Labs WETstar [mg/m^3]
# name 24 = CStarAt0: Beam Attenuation, WET Labs C-Star [1/m]
# name 25 = CStarTr0: Beam Transmission, WET Labs C-Star [%]
# name 26 = flag: flag
# span 0 =        258,        593       
# span 1 =  16.590455,  16.591424       
# span 2 =    0.01787,    0.04110       
# span 3 =     1.0720,     2.4664       
# span 4 =     64.320,    147.986       
# span 5 =      1.027,     73.700       
# span 6 =  47438.469,  50082.312       
# span 7 =    29.5011,    31.4878       
# span 8 =     6.2161,     7.3208       
# span 9 =      1.000,     73.000       
# span 10 =     6.2131,     7.3140      
# span 11 =    23.1835,    24.6131      
# span 12 =     6.0062,     6.2951      
# span 13 =     8.5835,     8.9963      
# span 14 =     86.910,     88.380      
# span 15 =    261.794,    274.771      
# span 16 =    268.237,    281.141      
# span 17 =   -0.00291,    0.06112      
# span 18 =    6.85818,    7.12624      
# span 19 =    9.80102,   10.18413      
# span 20 =  298.93004,  311.04706      
# span 21 =   15.42905,   16.01483      
# span 22 = 3.6347e-02, 1.2638e+01      
# span 23 =     0.2432,     0.3703      
# span 24 =     0.3800,     2.0591      
# span 25 =    59.7406,    90.9365      
# span 26 = 0.0000e+00, 0.0000e+00      
# interval = meters: 1                  
# start_time = Jan 16 2015 14:09:11 [Instrument's time stamp, header]
# bad_flag = -9.990e-29
*END*
        258  16.590455    0.01787     1.0720     64.320      1.027  47438.469    29.5011     6.2329      1.000     6.2270    23.1835     6.2951     8.9963     88.338    274.771    281.141    0.06112    7.12624   10.18413  311.04706   16.01483 1.2638e+01     0.3207     2.0591    59.7406 0.0000e+00
        264  16.590472    0.01828     1.0969     65.816      2.017  47840.992    29.7741     6.2161      2.000     6.2131    23.4008     6.2382     8.9150     87.662    272.228    278.599    0.03144    7.11620   10.16975  310.54231   15.98965 7.9252e+00     0.3703     1.8798    62.5177 0.0000e+00
        271  16.590491    0.01873     1.1239     67.436      3.027  48547.923    30.2704     6.2725      3.000     6.3214    23.7854     6.1730     8.8219     87.146    269.282    275.687    0.01296    7.08351   10.12305  309.00023   15.91413 5.3255e+00     0.3479     1.6133    66.8577 0.0000e+00
        278  16.590513    0.01926     1.1556     69.337      4.038  48906.398    30.5415     6.4087      4.000     6.4239    23.9827     6.1406     8.7756     87.122    267.817    274.240    0.00616    7.04825   10.07266  307.40265   15.83689 4.1410e+00     0.3630     1.2685    72.8340 0.0000e+00
        288  16.590540    0.01990     1.1938     71.630      5.047  49107.210    30.6917     6.4755      5.000     6.4831    24.0929     6.1202     8.7463     87.054    266.897    273.327    0.00207    7.03027   10.04697  306.58563   15.79734 3.3558e+00     0.3468     1.1194    75.5938 0.0000e+00
        297  16.590566    0.02054     1.2323     73.938      6.061  49109.712    30.6962     6.4936      6.000     6.4914    24.0942     6.1090     8.7304     86.935    266.410    272.829   -0.00019    7.02711   10.04244  306.44717   15.79073 2.5640e+00     0.3368     1.0220    77.4513 0.0000e+00
        303  16.590584    0.02095     1.2570     75.423      7.065  49149.572    30.7233     6.4934      7.000     6.4994    24.1156     6.1083     8.7294     86.940    266.373    272.796   -0.00017    7.02588   10.04068  306.38701   15.78774 1.8535e+00     0.3510     1.0009    77.8631 0.0000e+00
        309  16.590601    0.02138     1.2825     76.951      8.072  49208.074    30.7675     6.5170      8.000     6.5198    24.1475     6.1072     8.7278     86.998    266.318    272.749    0.00030    7.01996   10.03223  306.11949   15.77481 1.3970e+00     0.3431     0.9399    79.0615 0.0000e+00
        316  16.590622    0.02187     1.3125     78.748      9.089  49212.855    30.7713     6.5226      9.000     6.5238    24.1498     6.1001     8.7176     86.910    266.005    272.428   -0.00067    7.01885   10.03065  306.07057   15.77247 1.0810e+00     0.3655     0.9123    79.6051 0.0000e+00
        322  16.590639    0.02228     1.3371     80.227     10.099  49314.992    30.8444     6.5386     10.000     6.5522    24.2054     6.0950     8.7104     86.912    265.770    272.204   -0.00054    7.01286   10.02208  305.79252   15.75891 7.8996e-01     0.3555     0.9020    79.8110 0.0000e+00
        327  16.590653    0.02262     1.3572     81.432     11.103  49357.755    30.8794     6.5714     11.000     6.5735    24.2290     6.0992     8.7165     87.059    265.950    272.393    0.00090    7.00588   10.01211  305.48124   15.74393 5.4522e-01     0.3559     0.8550    80.7554 0.0000e+00
        331  16.590666    0.02293     1.3755     82.528     12.114  49362.873    30.8830     6.5747     12.000     6.5748    24.2314     6.1037     8.7229     87.132    266.145    272.594    0.00117    7.00517   10.01109  305.44961   15.74241 3.6993e-01     0.3402     0.8440    80.9780 0.0000e+00
        335  16.590678    0.02323     1.3937     83.625     13.123  49392.952    30.9039     6.5775     13.000     6.5766    24.2475     6.0990     8.7160     87.081    265.930    272.379    0.00023    7.00374   10.00906  305.38273   15.73914 2.4184e-01     0.3554     0.8331    81.1987 0.0000e+00
        340  16.590692    0.02354     1.4127     84.759     14.132  49443.210    30.9383     6.5779     14.000     6.5842    24.2746     6.0975     8.7139     87.081    265.860    272.314    0.00005    7.00209   10.00668  305.30206   15.73515 1.3847e-01     0.3519     0.8092    81.6851 0.0000e+00
        345  16.590705    0.02386     1.4316     85.899     15.142  49573.517    31.0344     6.6136     15.000     6.6599    24.3459     6.0979     8.7144     87.213    265.856    272.328    0.00080    6.99184    9.99204  304.83420   15.71245 6.9675e-02     0.3239     0.7888    82.1019 0.0000e+00
        349  16.590718    0.02419     1.4509     87.056     16.152  49691.096    31.1382     6.7413     16.000     6.7868    24.4115     6.1032     8.7222     87.610    266.075    272.571    0.00381    6.96635    9.95561  303.70330   15.65811 3.8579e-02     0.3289     0.7617    82.6615 0.0000e+00
        354  16.590732    0.02452     1.4710     88.263     17.162  49673.066    31.1396     6.8228     17.000     6.8402    24.4023     6.0971     8.7134     87.689    265.811    272.298    0.00348    6.95314    9.93673  303.13015   15.63078 3.6347e-02     0.2973     0.6951    84.0491 0.0000e+00
        358  16.590745    0.02481     1.4889     89.337     18.172  49685.750    31.1546     6.8602     18.000     6.8706    24.4093     6.0714     8.6766     87.403    264.687    271.148   -0.00043    6.94643    9.92714  302.83546   15.61666 3.6382e-02     0.2790     0.6555    84.8848 0.0000e+00
        362  16.590756    0.02509     1.5056     90.337     19.180  49738.547    31.1955     6.8875     19.000     6.9117    24.4380     6.0664     8.6695     87.410    264.463    270.926   -0.00069    6.94017    9.91819  302.55408   15.60308 3.6382e-02     0.2768     0.6385    85.2462 0.0000e+00
        366  16.590768    0.02538     1.5228     91.366     20.189  49780.255    31.2340     6.9444     20.000     6.9646    24.4609     6.0760     8.6831     87.685    264.873    271.352    0.00184    6.92929    9.90265  302.07324   15.57999 3.6382e-02     0.2846     0.6127    85.7984 0.0000e+00
        371  16.590780    0.02566     1.5398     92.388     21.203  49762.159    31.2270     6.9792     21.000     6.9831    24.4509     6.0777     8.6857     87.777    264.953    271.431    0.00230    6.92403    9.89513  301.84673   15.56922 3.6382e-02     0.2821     0.5940    86.1990 0.0000e+00
        374  16.590791    0.02592     1.5552     93.310     22.208  49756.804    31.2241     6.9867     22.000     6.9899    24.4477     6.0653     8.6681     87.613    264.415    270.880    0.00019    6.92295    9.89359  301.80078   15.56704 3.6382e-02     0.2917     0.5872    86.3470 0.0000e+00
        378  16.590801    0.02617     1.5705     94.229     23.219  49899.929    31.3269     7.0084     23.000     7.0561    24.5258     6.0521     8.6492     87.525    263.820    270.291   -0.00117    6.91481    9.88197  301.42292   15.54860 3.6382e-02     0.2698     0.5844    86.4055 0.0000e+00
        382  16.590812    0.02643     1.5858     95.150     24.226  49942.697    31.3714     7.0961     24.000     7.1331    24.5493     6.0563     8.6550     87.787    263.992    270.473    0.00114    6.89883    9.85911  300.71914   15.51485 3.6382e-02     0.2719     0.5434    87.2970 0.0000e+00
        385  16.590823    0.02670     1.6015     96.091     25.240  49933.321    31.3753     7.1593     25.000     7.1739    24.5440     6.0609     8.6616     87.984    264.194    270.678    0.00283    6.88862    9.84452  300.27574   15.49369 3.6382e-02     0.2824     0.5012    88.2251 0.0000e+00
        389  16.590833    0.02694     1.6163     96.979     26.247  49938.209    31.3828     7.1861     26.000     7.1946    24.5464     6.0585     8.6582     88.008    264.090    270.572    0.00212    6.88402    9.83795  300.07447   15.48406 3.6382e-02     0.2828     0.4730    88.8469 0.0000e+00
        392  16.590843    0.02718     1.6309     97.857     27.256  49991.774    31.4237     7.2099     27.000     7.2298    24.5754     6.0606     8.6612     88.111    264.175    270.667    0.00218    6.87842    9.82994  299.82176   15.47184 3.6382e-02     0.2907     0.4571    89.2026 0.0000e+00
        396  16.590853    0.02743     1.6456     98.735     28.267  49999.750    31.4354     7.2483     28.000     7.2570    24.5795     6.0678     8.6716     88.301    264.490    270.991    0.00318    6.87181    9.82051  299.53293   15.45800 3.6382e-02     0.2772     0.4245    89.9312 0.0000e+00
        399  16.590863    0.02767     1.6600     99.601     29.272  49988.233    31.4294     7.2630     29.000     7.2626    24.5729     6.0715     8.6767     88.380    264.649    271.152    0.00325    6.86975    9.81756  299.44479   15.45382 3.6382e-02     0.2951     0.4008    90.4650 0.0000e+00
        403  16.590874    0.02793     1.6755    100.529     30.285  49988.309    31.4295     7.2660     30.000     7.2634    24.5725     6.0563     8.6551     88.165    263.989    270.475    0.00016    6.86930    9.81691  299.42522   15.45289 3.6382e-02     0.2836     0.3922    90.6622 0.0000e+00
        407  16.590885    0.02819     1.6912    101.472     31.293  49990.444    31.4305     7.2662     31.000     7.2639    24.5733     6.0665     8.6697     88.316    264.434    270.932    0.00078    6.86920    9.81677  299.42058   15.45266 3.6382e-02     0.3005     0.3877    90.7624 0.0000e+00
        411  16.590897    0.02847     1.7085    102.508     32.303  49997.296    31.4347     7.2653     32.000     7.2599    24.5767     6.0701     8.6748     88.368    264.590    271.092    0.00144    6.86916    9.81671  299.41777   15.45251 3.6382e-02     0.2964     0.3852    90.8200 0.0000e+00
        415  16.590910    0.02878     1.7265    103.593     33.316  50002.043    31.4368     7.2609     33.000     7.2570    24.5790     6.0592     8.6592     88.201    264.113    270.604   -0.00056    6.86976    9.81757  299.44353   15.45374 3.6382e-02     0.2945     0.3802    90.9339 0.0000e+00
        419  16.590921    0.02906     1.7437    104.619     34.325  49995.410    31.4310     7.2568     34.000     7.2491    24.5750     6.0536     8.6512     88.109    263.871    270.356   -0.00144    6.87065    9.81885  299.48364   15.45567 3.6382e-02     0.2882     0.3800    90.9365 0.0000e+00
        423  16.590933    0.02933     1.7598    105.585     35.332  49996.311    31.4298     7.2486     35.000     7.2413    24.5751     6.0413     8.6335     87.911    263.331    269.802   -0.00291    6.87201    9.82079  299.54278   15.45850 3.6382e-02     0.2865     0.3876    90.7653 0.0000e+00
        427  16.590944    0.02960     1.7761    106.567     36.341  50004.692    31.4340     7.2419     36.000     7.2381    24.5794     6.0499     8.6458     88.025    263.705    270.187   -0.00140    6.87289    9.82204  299.57963   15.46024 3.6382e-02     0.2827     0.3899    90.7141 0.0000e+00
        431  16.590956    0.02989     1.7934    107.603     37.352  50008.630    31.4362     7.2414     37.000     7.2387    24.5812     6.0582     8.6577     88.146    264.066    270.557    0.00037    6.87286    9.82201  299.57819   15.46016 3.6382e-02     0.3144     0.3934    90.6314 0.0000e+00
        436  16.590968    0.03019     1.8112    108.670     38.362  50012.042    31.4384     7.2431     38.000     7.2405    24.5827     6.0463     8.6408     87.979    263.550    270.029   -0.00126    6.87250    9.82148  299.56176   15.45937 3.6382e-02     0.2810     0.3980    90.5311 0.0000e+00
        440  16.590981    0.03049     1.8292    109.752     39.371  50034.926    31.4547     7.2480     39.000     7.2498    24.5948     6.0388     8.6301     87.889    263.219    269.693   -0.00191    6.87098    9.81931  299.49189   15.45597 3.6382e-02     0.2958     0.4054    90.3627 0.0000e+00
        444  16.590993    0.03078     1.8473    110.836     40.383  50035.218    31.4562     7.2583     40.000     7.2567    24.5946     6.0374     8.6280     87.889    263.156    269.628   -0.00121    6.86929    9.81691  299.41850   15.45246 3.6382e-02     0.2866     0.4686    88.9472 0.0000e+00
        449  16.591006    0.03108     1.8646    111.878     41.390  50037.630    31.4581     7.2620     41.000     7.2605    24.5957     6.0260     8.6118     87.733    262.664    269.124   -0.00229    6.86863    9.81595  299.38910   15.45105 3.6382e-02     0.2943     0.5427    87.3126 0.0000e+00
        453  16.591018    0.03138     1.8827    112.964     42.400  50054.119    31.4705     7.2700     42.000     7.2711    24.6043     6.0163     8.5979     87.614    262.235    268.687   -0.00274    6.86680    9.81334  299.30697   15.44709 3.6382e-02     0.2749     0.5599    86.9384 0.0000e+00
        457  16.591031    0.03169     1.9012    114.073     43.411  50053.328    31.4709     7.2787     43.000     7.2771    24.6035     6.0168     8.5987     87.640    262.260    268.713   -0.00177    6.86542    9.81137  299.24708   15.44422 3.6382e-02     0.2752     0.5311    87.5656 0.0000e+00
        462  16.591044    0.03199     1.9195    115.171     44.421  50062.188    31.4777     7.2846     44.000     7.2840    24.6081     6.0210     8.6046     87.716    262.439    268.897   -0.00057    6.86418    9.80960  299.19190   15.44156 3.6382e-02     0.2432     0.5065    88.1067 0.0000e+00
        466  16.591055    0.03227     1.9366    116.196     45.431  50060.279    31.4769     7.2905     45.000     7.2875    24.6067     6.0294     8.6167     87.851    262.809    269.276    0.00067    6.86329    9.80833  299.15338   15.43973 3.6382e-02     0.2720     0.4802    88.6863 0.0000e+00
        470  16.591067    0.03254     1.9525    117.153     46.439  50064.038    31.4795     7.2933     46.000     7.2909    24.6084     6.0339     8.6231     87.923    263.003    269.476    0.00114    6.86272    9.80752  299.12824   15.43852 3.6382e-02     0.2447     0.4706    88.8993 0.0000e+00
        473  16.591077    0.03281     1.9687    118.123     47.449  50062.740    31.4786     7.2961     47.000     7.2927    24.6074     6.0354     8.6251     87.949    263.066    269.539    0.00090    6.86233    9.80696  299.11134   15.43772 3.6382e-02     0.2636     0.4743    88.8176 0.0000e+00
        477  16.591089    0.03308     1.9847    119.083     48.459  50062.535    31.4782     7.2971     48.000     7.2931    24.6068     6.0359     8.6259     87.959    263.090    269.564    0.00067    6.86220    9.80676  299.10555   15.43744 3.6382e-02     0.2683     0.4759    88.7839 0.0000e+00
        481  16.591100    0.03333     2.0002    120.010     49.466  50066.954    31.4810     7.2985     49.000     7.2950    24.6089     6.0352     8.6249     87.953    263.058    269.531    0.00022    6.86184    9.80624  299.08934   15.43666 3.6382e-02     0.2796     0.4819    88.6489 0.0000e+00
        485  16.591111    0.03360     2.0161    120.969     50.480  50068.076    31.4817     7.3000     50.000     7.2974    24.6092     6.0359     8.6259     87.966    263.088    269.563    0.00022    6.86156    9.80587  299.07737   15.43609 3.6382e-02     0.2688     0.4873    88.5313 0.0000e+00
        489  16.591122    0.03387     2.0321    121.926     51.486  50076.049    31.4878     7.3062     51.000     7.3056    24.6131     6.0339     8.6230     87.953    263.001    269.474   -0.00006    6.86032    9.80408  299.02193   15.43341 3.6382e-02     0.2797     0.5003    88.2430 0.0000e+00
        493  16.591133    0.03415     2.0487    122.923     52.497  50068.801    31.4832     7.3117     52.000     7.3071    24.6089     6.0309     8.6188     87.919    262.872    269.341   -0.00042    6.85966    9.80315  298.99472   15.43214 3.6382e-02     0.2648     0.5395    87.3819 0.0000e+00
        497  16.591145    0.03443     2.0656    123.935     53.508  50068.276    31.4823     7.3115     53.000     7.3059    24.6082     6.0259     8.6116     87.844    262.653    269.115   -0.00104    6.85973    9.80324  298.99785   15.43229 3.6382e-02     0.2535     0.5509    87.1334 0.0000e+00
