CTD-processing/allCTD/CNV/2015_09-24_t9_s08_cast188_5028.cnv
* Sea-Bird SBE19plus Data File:
* FileName = C:\Users\Kris.Holderied\Documents\kasitsna\Research-KBL\Oceanography-AK\CTD-Data-ALL-to-2015-06\2015-CTD-KachemakBay-CookInlet\2015-09-24-CookInlet-HomerSpit-special\2015-09-24-CookInlet-Tran9-cast188.hex
* Software Version 1.59
* Temperature SN =  5028
* Conductivity SN =  5028
* System UpLoad Time = Oct 19 2015 12:23:58
** Cook Inlet LTM Transect 9 Homer Spit special

** Date: 09-24
** Station: 9-08
** Start time (AKDT): 13:34
** Depth (m): 95.1
** Comment:  R/V Edgecumbe
** Comment:
# nquan = 27
# nvalues = 89                          
# units = specified
# name 0 = scan: Scan Count
# name 1 = timeJ: Julian Days
# name 2 = timeH: Time, Elapsed [hours]
# name 3 = timeM: Time, Elapsed [minutes]
# name 4 = timeS: Time, Elapsed [seconds]
# name 5 = prdM: Pressure, Strain Gauge [db]
# name 6 = specc: Specific Conductance [uS/cm]
# name 7 = sal00: Salinity, Practical [PSU]
# name 8 = tv290C: Temperature [ITS-90, deg C]
# name 9 = depSM: Depth [salt water, m], lat = 59.00
# name 10 = potemp090C: Potential Temperature [ITS-90, deg C]
# name 11 = sigma-é00: Density [sigma-theta, kg/m^3]
# name 12 = sbeox0ML/L: Oxygen, SBE 43 [ml/l]
# name 13 = sbeox0Mg/L: Oxygen, SBE 43 [mg/l]
# name 14 = sbeox0PS: Oxygen, SBE 43 [% saturation]
# name 15 = sbox0Mm/Kg: Oxygen, SBE 43 [umol/kg]
# name 16 = sbeox0Mm/L: Oxygen, SBE 43 [umol/l]
# name 17 = sbox0dV/dT: Oxygen, SBE 43 [dov/dt]
# name 18 = oxsolML/L: Oxygen Saturation, Garcia & Gordon [ml/l]
# name 19 = oxsolMg/L: Oxygen Saturation, Garcia & Gordon [mg/l]
# name 20 = oxsolMm/Kg: Oxygen Saturation, Garcia & Gordon [umol/kg]
# name 21 = potemp090C: Potential Temperature [ITS-90, deg C]
# name 22 = n2satMg/L: Nitrogen Saturation [mg/l]
# name 23 = par: PAR/Irradiance, Biospherical/Licor
# name 24 = flECO-AFL: Fluorescence, WET Labs ECO-AFL/FL [mg/m^3]
# name 25 = turbWETntu0: Turbidity, WET Labs ECO [NTU]
# name 26 = flag: flag
# span 0 =        428,        765       
# span 1 = 267.566410, 267.567385       
# span 2 =    0.02967,    0.05308       
# span 3 =     1.7803,     3.1846       
# span 4 =    106.819,    191.074       
# span 5 =      1.010,     89.860       
# span 6 =  43762.144,  49256.818       
# span 7 =    27.3905,    31.2310       
# span 8 =     9.1407,    10.2989       
# span 9 =      1.000,     89.000       
# span 10 =     9.1983,    10.2848      
# span 11 =    21.1466,    24.0916      
# span 12 =     5.0854,     6.6486      
# span 13 =     7.2674,     9.5015      
# span 14 =     77.767,     99.761      
# span 15 =    221.773,    290.777      
# span 16 =    227.112,    296.926      
# span 17 =   -0.04942,    0.00745      
# span 18 =    6.44834,    6.75826      
# span 19 =    9.21533,    9.65823      
# span 20 =  281.35442,  295.57332      
# span 21 =     9.1406,    10.2981      
# span 22 =   14.59242,   15.28582      
# span 23 = 5.3686e-02, 3.1894e+02      
# span 24 =     0.3036,     1.1431      
# span 25 =     0.3513,     2.1462      
# span 26 = 0.0000e+00, 0.0000e+00      
# interval = meters: 1                  
# start_time = Sep 24 2015 13:33:51 [Instrument's time stamp, header]
# bad_flag = -9.990e-29
*END*
[from data line 54]
        633 267.567001    0.04387     2.6324    157.946     55.526  49134.195    31.1769     9.6403     55.000     9.6373    24.0272     5.2137     7.4509     79.931    227.380    232.843   -0.00950    6.52273    9.32163  284.47013     9.6343   14.73962 1.2310e-01     0.3450     0.8000 0.0000e+00
        636 267.567012    0.04413     2.6474    158.843     56.536  49139.999    31.1814     9.6464     56.000     9.6443    24.0297     5.2031     7.4358     79.782    226.919    232.372   -0.00798    6.52166    9.32010  284.42273     9.6404   14.73733 1.1059e-01     0.3441     0.8429 0.0000e+00
        640 267.567023    0.04438     2.6629    159.774     57.546  49143.824    31.1845     9.6533     57.000     9.6490    24.0311     5.1899     7.4169     79.593    226.342    231.781   -0.00688    6.52053    9.31849  284.37311     9.6472   14.73495 9.9986e-02     0.3316     0.8986 0.0000e+00
        644 267.567033    0.04464     2.6783    160.699     58.556  49149.385    31.1882     9.6547     58.000     9.6464    24.0338     5.1694     7.3876     79.283    225.447    230.865   -0.00691    6.52018    9.31799  284.35695     9.6485   14.73416 9.1230e-02     0.3112     0.9556 0.0000e+00
        647 267.567044    0.04489     2.6933    161.601     59.565  49157.906    31.1933     9.6510     59.000     9.6427    24.0384     5.1503     7.3602     78.985    224.610    230.010   -0.00700    6.52051    9.31845  284.36996     9.6446   14.73476 8.4161e-02     0.3125     0.9888 0.0000e+00
        651 267.567054    0.04514     2.7085    162.512     60.575  49161.022    31.1946     9.6475     60.000     9.6384    24.0400     5.1298     7.3310     78.666    223.718    229.096   -0.00705    6.52095    9.31909  284.38891     9.6410   14.73566 7.8378e-02     0.3238     1.0147 0.0000e+00
        655 267.567065    0.04540     2.7241    163.443     61.585  49161.170    31.1935     9.6415     61.000     9.6280    24.0401     5.1089     7.3012     78.335    222.809    228.165   -0.00727    6.52187    9.32040  284.42901     9.6348   14.73759 7.3739e-02     0.3133     1.0059 0.0000e+00
        659 267.567076    0.04566     2.7397    164.381     62.594  49160.975    31.1908     9.6256     62.000     9.6080    24.0406     5.0971     7.2842     78.125    222.292    227.636   -0.00668    6.52425    9.32381  284.53276     9.6189   14.74256 7.0106e-02     0.3073     1.0069 0.0000e+00
        662 267.567087    0.04592     2.7552    165.309     63.605  49166.652    31.1919     9.6065     63.000     9.5905    24.0444     5.0939     7.2797     78.043    222.150    227.493   -0.00552    6.52696    9.32767  284.64973     9.5997   14.74814 6.7342e-02     0.3173     1.0253 0.0000e+00
        666 267.567098    0.04617     2.7705    166.229     64.614  49173.984    31.1944     9.5898     64.000     9.5769    24.0490     5.1028     7.2924     78.154    222.540    227.892   -0.00355    6.52925    9.33095  284.74848     9.5829   14.75286 6.5175e-02     0.3239     1.0136 0.0000e+00
        670 267.567108    0.04643     2.7859    167.153     65.624  49189.765    31.2041     9.5825     65.000     9.5769    24.0578     5.1223     7.3202     78.444    223.386    228.761   -0.00090    6.52990    9.33188  284.77431     9.5755   14.75405 6.3537e-02     0.3291     0.9639 0.0000e+00
        673 267.567119    0.04670     2.8018    168.109     66.634  49201.246    31.2125     9.5877     66.000     9.5864    24.0635     5.1382     7.3429     78.700    224.078    229.470    0.00096    6.52879    9.33029  284.72434     9.5807   14.75163 6.2183e-02     0.3239     0.9675 0.0000e+00
        677 267.567131    0.04697     2.8183    169.099     67.643  49197.439    31.2106     9.5972     67.000     9.5879    24.0605     5.1387     7.3438     78.724    224.103    229.495    0.00095    6.52751    9.32846  284.66909     9.5900   14.74900 6.1010e-02     0.3138     1.0545 0.0000e+00
        682 267.567143    0.04726     2.8354    170.125     68.653  49187.295    31.2017     9.5872     68.000     9.5696    24.0552     5.1184     7.3146     78.390    223.217    228.585   -0.00119    6.52933    9.33107  284.75024     9.5798   14.75291 5.9993e-02     0.3038     1.1212 0.0000e+00
        686 267.567155    0.04755     2.8531    171.184     69.663  49191.777    31.2016     9.5660     69.000     9.5489    24.0585     5.0917     7.2764     77.944    222.049    227.391   -0.00380    6.53238    9.33544  284.88256     9.5585   14.75924 5.9248e-02     0.3036     1.0617 0.0000e+00
        690 267.567166    0.04784     2.8701    172.208     70.672  49200.928    31.2052     9.5472     70.000     9.5338    24.0642     5.1012     7.2901     78.061    222.466    227.820   -0.00238    6.53494    9.33908  284.99225     9.5397   14.76447 5.8720e-02     0.3220     0.9881 0.0000e+00
        694 267.567179    0.04812     2.8868    173.209     71.682  49219.408    31.2166     9.5391     71.000     9.5328    24.0745     5.1305     7.3321     78.502    223.744    229.130    0.00091    6.53562    9.34006  285.01933     9.5314   14.76572 5.8281e-02     0.3185     0.9370 0.0000e+00
        698 267.567190    0.04840     2.9041    174.244     72.692  49232.422    31.2262     9.5458     72.000     9.5424    24.0810     5.1477     7.3565     78.780    224.489    229.894    0.00242    6.53425    9.33809  284.95742     9.5381   14.76272 5.7916e-02     0.3209     0.9568 0.0000e+00
        702 267.567202    0.04869     2.9212    175.271     73.702  49227.229    31.2230     9.5522     73.000     9.5415    24.0775     5.1348     7.3382     78.593    223.931    229.323    0.00077    6.53348    9.33699  284.92485     9.5442   14.76118 5.7571e-02     0.3257     1.0712 0.0000e+00
        706 267.567214    0.04896     2.9378    176.267     74.711  49215.912    31.2132     9.5412     74.000     9.5201    24.0715     5.1065     7.2977     78.135    222.695    228.055   -0.00223    6.53547    9.33984  285.01338     9.5332   14.76545 5.7260e-02     0.3244     1.1776 0.0000e+00
        710 267.567225    0.04924     2.9539    177.233     75.721  49223.537    31.2146     9.5150     75.000     9.4961    24.0768     5.0854     7.2674     77.767    221.773    227.112   -0.00415    6.53919    9.34516  285.17410     9.5070   14.77313 5.6962e-02     0.3258     1.2082 0.0000e+00
        714 267.567236    0.04949     2.9697    178.182     76.731  49239.203    31.2230     9.4982     76.000     9.4871    24.0860     5.0925     7.2776     77.851    222.080    227.429   -0.00289    6.54126    9.34811  285.26173     9.4901   14.77729 5.6657e-02     0.3369     1.3563 0.0000e+00
        718 267.567247    0.04976     2.9859    179.151     77.741  49243.967    31.2253     9.4943     77.000     9.4854    24.0885     5.1184     7.3147     78.242    223.211    228.587    0.00025    6.54174    9.34879  285.28186     9.4860   14.77824 5.6330e-02     0.3506     1.5468 0.0000e+00
        722 267.567259    0.05004     3.0021    180.127     78.751  49245.481    31.2259     9.4935     78.000     9.4851    24.0890     5.1319     7.3339     78.446    223.796    229.187    0.00152    6.54182    9.34891  285.28520     9.4852   14.77840 5.6111e-02     0.3457     1.6150 0.0000e+00
        725 267.567270    0.05030     3.0181    181.086     79.761  49246.909    31.2265     9.4936     79.000     9.4854    24.0895     5.1336     7.3364     78.474    223.872    229.265    0.00123    6.54177    9.34884  285.28322     9.4852   14.77830 5.5930e-02     0.3332     1.6646 0.0000e+00
        729 267.567280    0.05057     3.0339    182.032     80.771  49248.948    31.2276     9.4945     80.000     9.4869    24.0903     5.1336     7.3365     78.477    223.876    229.269    0.00084    6.54160    9.34861  285.27581     9.4859   14.77795 5.5715e-02     0.3348     1.7115 0.0000e+00
        733 267.567291    0.05082     3.0493    182.955     81.780  49252.210    31.2298     9.4968     81.000     9.4899    24.0916     5.1318     7.3339     78.455    223.796    229.188    0.00045    6.54117    9.34799  285.25650     9.4881   14.77701 5.5559e-02     0.3463     1.7822 0.0000e+00
        737 267.567302    0.05109     3.0654    183.926     82.790  49252.779    31.2302     9.5001     82.000     9.4924    24.0914     5.1278     7.3282     78.399    223.623    229.009   -0.00007    6.54068    9.34729  285.23516     9.4913   14.77599 5.5565e-02     0.3476     1.8962 0.0000e+00
        741 267.567314    0.05137     3.0821    184.925     83.800  49252.578    31.2298     9.5019     83.000     9.4934    24.0909     5.1211     7.3186     78.300    223.330    228.711   -0.00066    6.54043    9.34693  285.22437     9.4930   14.77548 5.5536e-02     0.3435     1.9932 0.0000e+00
        745 267.567325    0.05164     3.0983    185.898     84.810  49253.126    31.2299     9.5027     84.000     9.4940    24.0908     5.1121     7.3057     78.162    222.935    228.305   -0.00136    6.54031    9.34676  285.21915     9.4937   14.77523 5.5182e-02     0.3372     2.0483 0.0000e+00
        748 267.567336    0.05190     3.1141    186.849     85.819  49253.600    31.2299     9.5033     85.000     9.4942    24.0908     5.1064     7.2975     78.076    222.686    228.051   -0.00162    6.54024    9.34666  285.21603     9.4941   14.77508 5.4371e-02     0.3364     2.0535 0.0000e+00
        752 267.567347    0.05216     3.1296    187.774     86.829  49253.854    31.2297     9.5033     86.000     9.4938    24.0906     5.1052     7.2959     78.059    222.635    227.999   -0.00138    6.54024    9.34666  285.21635     9.4941   14.77509 5.3686e-02     0.3367     2.1036 0.0000e+00
        756 267.567357    0.05241     3.1446    188.676     87.840  49254.747    31.2298     9.5029     87.000     9.4936    24.0908     5.1059     7.2968     78.068    222.664    228.029   -0.00101    6.54030    9.34673  285.21844     9.4936   14.77520 5.3787e-02     0.3361     2.1462 0.0000e+00
        760 267.567369    0.05269     3.1612    189.669     88.849  49256.818    31.2310     9.5039     88.000     9.4953    24.0915     5.1073     7.2989     78.092    222.727    228.093   -0.00065    6.54010    9.34646  285.20996     9.4944   14.77479 5.4255e-02     0.3359     2.1313 0.0000e+00
        765 267.567385    0.05308     3.1846    191.074     89.860  49256.326    31.2305     9.5066     89.000     9.4971    24.0907     5.1069     7.2983     78.091    222.710    228.075   -0.00040    6.53973    9.34593  285.19382     9.4970   14.77402 5.5053e-02     0.3362     2.0948 0.0000e+00
