CTD-processing/allCTD/CNV/2015_04-12_t3_s16_cast041_5028.cnv
* Sea-Bird SBE19plus Data File:
* FileName = C:\Users\kris.holderied\Documents\kasitsna\Research-Projects-and-Data\Oceanography-AK\CTD-Data-ALL-to-2015-02\2015-CTD-KachemakBay-CookInlet\2015-04-EVOSTC-CookInlet-quarterly\2015-04-12-CookInlet-Tran3-AnchorPt\20125_04_12_CookInlet_Tran3_cast041.hex
* Software Version 1.59
* Temperature SN =  5028
* Conductivity SN =  5028
* System UpLoad Time = Apr 12 2015 19:47:26
** Cook Inlet LTM Tran3 (Anchor Pt) Southeast to Northwest
** Date: 04-12
** Station: 3-16
** Start time (AKDT): 14:34
** Depth (m): 10
** Comment:  KBL CTD.
** Comment: On R/V Pandalus.
# nquan = 27
# nvalues = 10                          
# units = specified
# name 0 = scan: Scan Count
# name 1 = timeJ: Julian Days
# name 2 = timeH: Time, Elapsed [hours]
# name 3 = timeM: Time, Elapsed [minutes]
# name 4 = timeS: Time, Elapsed [seconds]
# name 5 = prdM: Pressure, Strain Gauge [db]
# name 6 = specc: Specific Conductance [uS/cm]
# name 7 = sal00: Salinity, Practical [PSU]
# name 8 = tv290C: Temperature [ITS-90, deg C]
# name 9 = depSM: Depth [salt water, m], lat = 59.00
# name 10 = potemp090C: Potential Temperature [ITS-90, deg C]
# name 11 = sigma-é00: Density [sigma-theta, kg/m^3]
# name 12 = sbeox0ML/L: Oxygen, SBE 43 [ml/l]
# name 13 = sbeox0Mg/L: Oxygen, SBE 43 [mg/l]
# name 14 = sbeox0PS: Oxygen, SBE 43 [% saturation]
# name 15 = sbox0Mm/Kg: Oxygen, SBE 43 [umol/kg]
# name 16 = sbeox0Mm/L: Oxygen, SBE 43 [umol/l]
# name 17 = sbox0dV/dT: Oxygen, SBE 43 [dov/dt]
# name 18 = oxsolML/L: Oxygen Saturation, Garcia & Gordon [ml/l]
# name 19 = oxsolMg/L: Oxygen Saturation, Garcia & Gordon [mg/l]
# name 20 = oxsolMm/Kg: Oxygen Saturation, Garcia & Gordon [umol/kg]
# name 21 = potemp090C: Potential Temperature [ITS-90, deg C]
# name 22 = n2satMg/L: Nitrogen Saturation [mg/l]
# name 23 = par: PAR/Irradiance, Biospherical/Licor
# name 24 = flECO-AFL: Fluorescence, WET Labs ECO-AFL/FL [mg/m^3]
# name 25 = turbWETntu0: Turbidity, WET Labs ECO [NTU]
# name 26 = flag: flag
# span 0 =        115,        344       
# span 1 = 102.607529, 102.608193       
# span 2 =    0.00792,    0.02384       
# span 3 =     0.4752,     1.4304       
# span 4 =     28.514,     85.826       
# span 5 =      1.009,     10.094       
# span 6 =  49699.757,  49981.060       
# span 7 =    30.9514,    31.0721       
# span 8 =     5.3154,     5.6689       
# span 9 =      1.000,     10.000       
# span 10 =     5.3152,     5.6271      
# span 11 =    24.3932,    24.5284      
# span 12 =     6.5293,     6.6779      
# span 13 =     9.3310,     9.5434      
# span 14 =     91.274,     92.658      
# span 15 =    284.660,    291.095      
# span 16 =    291.597,    298.234      
# span 17 =   -0.02441,    0.00744      
# span 18 =    7.15286,    7.20716      
# span 19 =   10.22216,   10.29975      
# span 20 =  311.84102,  314.16590      
# span 21 =     5.3151,     5.6688      
# span 22 =   16.04663,   16.15683      
# span 23 = 8.6787e+00, 8.5150e+01      
# span 24 =     0.3964,     0.4932      
# span 25 =     0.8110,     1.1692      
# span 26 = 0.0000e+00, 0.0000e+00      
# interval = meters: 1                  
# start_time = Apr 12 2015 14:34:22 [Instrument's time stamp, header]
# bad_flag = -9.990e-29
*END*
        115 102.607529    0.00792     0.4752     28.514      1.009  49699.757    30.9514     5.6689      1.000     5.6271    24.3932     6.5293     9.3310     91.274    284.660    291.597   -0.02441    7.15286   10.22216  311.84102     5.6688   16.04663 8.5150e+01     0.3964     1.1692 0.0000e+00
        298 102.608057    0.02059     1.2357     74.144      2.019  49972.435    31.0695     5.3283      2.000     5.3266    24.5249     6.6616     9.5202     92.457    290.387    297.509    0.00744    7.20506   10.29674  314.07514     5.3282   16.15252 6.5408e+01     0.4216     0.8213 0.0000e+00
        313 102.608102    0.02168     1.3006     78.039      3.029  49980.724    31.0721     5.3155      3.000     5.3152    24.5284     6.6543     9.5097     92.330    290.068    297.182    0.00364    7.20711   10.29968  314.16356     5.3152   16.15672 4.9589e+01     0.4922     0.8110 0.0000e+00
        317 102.608113    0.02194     1.3168     79.010      4.038  49980.028    31.0712     5.3154      4.000     5.3153    24.5277     6.6637     9.5231     92.459    290.476    297.600    0.00336    7.20716   10.29975  314.16590     5.3151   16.15683 3.3562e+01     0.4932     0.8778 0.0000e+00
        321 102.608125    0.02222     1.3332     79.994      5.047  49980.237    31.0709     5.3158      5.000     5.3156    24.5274     6.6700     9.5321     92.548    290.753    297.884    0.00297    7.20710   10.29967  314.16365     5.3155   16.15673 2.5623e+01     0.4715     0.8996 0.0000e+00
        326 102.608139    0.02255     1.3532     81.193      6.057  49980.190    31.0704     5.3161      6.000     5.3158    24.5271     6.6738     9.5376     92.601    290.920    298.055    0.00228    7.20707   10.29962  314.16231     5.3157   16.15666 2.0226e+01     0.4609     0.9706 0.0000e+00
        330 102.608152    0.02288     1.3725     82.347      7.066  49980.499    31.0702     5.3163      7.000     5.3159    24.5268     6.6767     9.5417     92.641    291.044    298.182    0.00178    7.20704   10.29959  314.16135     5.3158   16.15662 1.6252e+01     0.4640     0.9638 0.0000e+00
        335 102.608166    0.02321     1.3928     83.571      8.076  49980.459    31.0698     5.3166      8.000     5.3161    24.5264     6.6753     9.5396     92.622    290.979    298.116    0.00106    7.20701   10.29955  314.16011     5.3161   16.15656 1.3426e+01     0.4514     0.8827 0.0000e+00
        340 102.608180    0.02355     1.4129     84.773      9.085  49980.644    31.0694     5.3167      9.000     5.3159    24.5262     6.6723     9.5355     92.582    290.854    297.988    0.00045    7.20704   10.29957  314.16106     5.3160   16.15661 1.0980e+01     0.4294     0.8732 0.0000e+00
        344 102.608193    0.02384     1.4304     85.826     10.094  49981.060    31.0692     5.3166     10.000     5.3158    24.5260     6.6779     9.5434     92.658    291.095    298.234    0.00062    7.20705   10.29961  314.16200     5.3159   16.15666 8.6787e+00     0.4414     0.8985 0.0000e+00
