CTD-processing/allCTD/CNV/2015_04-13_t7_s13_cast066_5028.cnv
* Sea-Bird SBE19plus Data File:
* FileName = C:\Users\kris.holderied\Documents\kasitsna\Research-Projects-and-Data\Oceanography-AK\CTD-Data-ALL-to-2015-04\2015-CTD-KachemakBay-CookInlet\2015-04-EVOSTC-CookInlet-quarterly\2015-04-13-CookInlet-Tran7-Augustine\2015_04_13_CookInlet_Tran7_cast066.hex
* Software Version 1.59
* Temperature SN =  5028
* Conductivity SN =  5028
* System UpLoad Time = Apr 28 2015 15:24:03
** Cook Inlet LTM Tran7 (Augustine) West to East
** Date: 04-13
** Station: 7-13
** Start time (AKDT): 05:05
** Depth (m): 69
** Comment:  KBL CTD.
** Comment: On R/V Pandalus.
# nquan = 27
# nvalues = 69                          
# units = specified
# name 0 = scan: Scan Count
# name 1 = timeJ: Julian Days
# name 2 = timeH: Time, Elapsed [hours]
# name 3 = timeM: Time, Elapsed [minutes]
# name 4 = timeS: Time, Elapsed [seconds]
# name 5 = prdM: Pressure, Strain Gauge [db]
# name 6 = specc: Specific Conductance [uS/cm]
# name 7 = sal00: Salinity, Practical [PSU]
# name 8 = tv290C: Temperature [ITS-90, deg C]
# name 9 = depSM: Depth [salt water, m], lat = 59.00
# name 10 = potemp090C: Potential Temperature [ITS-90, deg C]
# name 11 = sigma-é00: Density [sigma-theta, kg/m^3]
# name 12 = sbeox0ML/L: Oxygen, SBE 43 [ml/l]
# name 13 = sbeox0Mg/L: Oxygen, SBE 43 [mg/l]
# name 14 = sbeox0PS: Oxygen, SBE 43 [% saturation]
# name 15 = sbox0Mm/Kg: Oxygen, SBE 43 [umol/kg]
# name 16 = sbeox0Mm/L: Oxygen, SBE 43 [umol/l]
# name 17 = sbox0dV/dT: Oxygen, SBE 43 [dov/dt]
# name 18 = oxsolML/L: Oxygen Saturation, Garcia & Gordon [ml/l]
# name 19 = oxsolMg/L: Oxygen Saturation, Garcia & Gordon [mg/l]
# name 20 = oxsolMm/Kg: Oxygen Saturation, Garcia & Gordon [umol/kg]
# name 21 = potemp090C: Potential Temperature [ITS-90, deg C]
# name 22 = n2satMg/L: Nitrogen Saturation [mg/l]
# name 23 = par: PAR/Irradiance, Biospherical/Licor
# name 24 = flECO-AFL: Fluorescence, WET Labs ECO-AFL/FL [mg/m^3]
# name 25 = turbWETntu0: Turbidity, WET Labs ECO [NTU]
# name 26 = flag: flag
# span 0 =        132,        619       
# span 1 = 103.212509, 103.213918       
# span 2 =    0.00912,    0.04293       
# span 3 =     0.5470,     2.5754       
# span 4 =     32.822,    154.526       
# span 5 =      1.010,     69.662       
# span 6 =  50083.180,  50831.971       
# span 7 =    31.1253,    31.6963       
# span 8 =     5.0267,     5.6847       
# span 9 =      1.000,     69.000       
# span 10 =     5.1755,     5.6792      
# span 11 =    24.5957,    24.9967      
# span 12 =     6.6693,     6.8255      
# span 13 =     9.5311,     9.7542      
# span 14 =     93.248,     94.064      
# span 15 =    290.595,    297.545      
# span 16 =    297.853,    304.824      
# span 17 =   -0.00081,    0.03092      
# span 18 =    7.11494,    7.26058      
# span 19 =   10.16796,   10.37609      
# span 20 =  310.01052,  316.50817      
# span 21 =     5.0266,     5.6793      
# span 22 =   15.95643,   16.26774      
# span 23 = 3.7976e-02, 4.9046e-02      
# span 24 =     0.4273,     0.4990      
# span 25 =     0.2551,     1.4240      
# span 26 = 0.0000e+00, 0.0000e+00      
# interval = meters: 1                  
# start_time = Apr 13 2015 05:05:28 [Instrument's time stamp, header]
# bad_flag = -9.990e-29
*END*
[from data line 54]
        555 103.213732    0.03845     2.3074    138.445     55.526  50804.940    31.6872     5.6723     55.000     5.6682    24.9749     6.6851     9.5536     93.930    291.281    298.556   -0.00006    7.11710   10.17105  310.10498     5.6680   15.96094 3.7976e-02     0.4657     0.2758 0.0000e+00
        559 103.213743    0.03873     2.3238    139.427     56.536  50805.626    31.6873     5.6729     56.000     5.6688    24.9749     6.6836     9.5515     93.910    291.215    298.488   -0.00023    7.11699   10.17089  310.10006     5.6685   15.96070 3.7976e-02     0.4722     0.2669 0.0000e+00
        563 103.213755    0.03901     2.3407    140.441     57.545  50806.007    31.6872     5.6733     57.000     5.6690    24.9747     6.6842     9.5525     93.921    291.246    298.520   -0.00019    7.11692   10.17079  310.09705     5.6689   15.96056 3.7976e-02     0.4572     0.2647 0.0000e+00
        568 103.213770    0.03938     2.3630    141.781     58.556  50807.049    31.6875     5.6738     58.000     5.6696    24.9750     6.6841     9.5523     93.920    291.240    298.514   -0.00017    7.11683   10.17066  310.09307     5.6692   15.96037 3.7976e-02     0.4485     0.2709 0.0000e+00
        573 103.213786    0.03973     2.3841    143.047     59.565  50807.833    31.6878     5.6749     59.000     5.6706    24.9751     6.6799     9.5463     93.864    291.057    298.327   -0.00045    7.11664   10.17039  310.08466     5.6702   15.95997 3.7976e-02     0.4457     0.2781 0.0000e+00
        577 103.213796    0.04000     2.4003    144.017     60.575  50808.568    31.6879     5.6756     60.000     5.6715    24.9751     6.6773     9.5425     93.829    290.942    298.209   -0.00065    7.11649   10.17018  310.07830     5.6709   15.95966 3.7976e-02     0.4377     0.2804 0.0000e+00
        581 103.213808    0.04028     2.4166    144.996     61.584  50809.863    31.6886     5.6772     61.000     5.6733    24.9755     6.6818     9.5490     93.896    291.139    298.410   -0.00021    7.11621   10.16977  310.06578     5.6724   15.95907 3.7976e-02     0.4288     0.2866 0.0000e+00
        585 103.213821    0.04059     2.4351    146.107     62.595  50809.643    31.6884     5.6792     62.000     5.6745    24.9751     6.6855     9.5542     93.952    291.299    298.574    0.00011    7.11588   10.16930  310.05167     5.6743   15.95840 3.7976e-02     0.4320     0.2741 0.0000e+00
        591 103.213836    0.04094     2.4564    147.382     63.604  50809.099    31.6874     5.6786     63.000     5.6732    24.9744     6.6866     9.5559     93.966    291.348    298.624    0.00009    7.11603   10.16952  310.05846     5.6736   15.95872 3.7976e-02     0.4527     0.2551 0.0000e+00
        596 103.213851    0.04131     2.4788    148.728     64.613  50811.554    31.6887     5.6786     64.000     5.6741    24.9754     6.6826     9.5502     93.911    291.175    298.448   -0.00028    7.11596   10.16942  310.05509     5.6736   15.95856 3.7976e-02     0.4607     0.2642 0.0000e+00
        600 103.213864    0.04163     2.4977    149.859     65.624  50811.646    31.6884     5.6794     65.000     5.6747    24.9751     6.6834     9.5513     93.923    291.210    298.484   -0.00022    7.11584   10.16925  310.05004     5.6743   15.95832 3.7976e-02     0.4584     0.2728 0.0000e+00
        604 103.213875    0.04190     2.5142    150.851     66.634  50814.427    31.6901     5.6808     66.000     5.6771    24.9763     6.6834     9.5513     93.927    291.208    298.482   -0.00018    7.11552   10.16879  310.03569     5.6757   15.95763 3.7976e-02     0.4385     0.2608 0.0000e+00
        608 103.213887    0.04217     2.5306    151.834     67.644  50813.570    31.6896     5.6834     67.000     5.6788    24.9756     6.6844     9.5526     93.946    291.250    298.524   -0.00012    7.11510   10.16819  310.01765     5.6782   15.95677 3.7976e-02     0.4326     0.2678 0.0000e+00
        613 103.213900    0.04249     2.5495    152.973     68.653  50813.251    31.6890     5.6844     68.000     5.6792    24.9751     6.6854     9.5540     93.962    291.293    298.569   -0.00005    7.11498   10.16801  310.01212     5.6791   15.95651 3.7976e-02     0.4332     0.2808 0.0000e+00
        619 103.213918    0.04293     2.5754    154.526     69.662  50813.577    31.6889     5.6847     69.000     5.6792    24.9749     6.6861     9.5551     93.973    291.327    298.603   -0.00008    7.11494   10.16796  310.01052     5.6793   15.95643 3.7976e-02     0.4595     0.2990 0.0000e+00
