CTD-processing/allCTD/CNV/2015_02-22_t3_s14_cast205_4141.cnv
* Sea-Bird SBE19plus Data File:
* FileName = C:\Users\amdoroff\Desktop\2015_02_22_CookInlet_Tran3_AnchorPt\2015_02_22_CookInlet_Tran3_Cast205.hex
* Software Version 1.59
* Temperature SN =  4141
* Conductivity SN =  4141
* System UpLoad Time = Feb 22 2015 17:11:52
** Cook Inlet LTM Tran3 Anchor Pt E to W
** Date 02-22
** Station: 3-14
** Start Time: 12:08
** Depth (m): 23
** Comment
# nquan = 27
# nvalues = 24                          
# units = specified
# name 0 = scan: Scan Count
# name 1 = timeJ: Julian Days
# name 2 = timeH: Time, Elapsed [hours]
# name 3 = timeM: Time, Elapsed [minutes]
# name 4 = timeS: Time, Elapsed [seconds]
# name 5 = prdM: Pressure, Strain Gauge [db]
# name 6 = specc: Specific Conductance [uS/cm]
# name 7 = sal00: Salinity, Practical [PSU]
# name 8 = tv290C: Temperature [ITS-90, deg C]
# name 9 = depSM: Depth [salt water, m], lat = 59.00
# name 10 = potemp090C: Potential Temperature [ITS-90, deg C]
# name 11 = sigma-é00: Density [sigma-theta, kg/m^3]
# name 12 = sbeox0ML/L: Oxygen, SBE 43 [ml/l]
# name 13 = sbeox0Mg/L: Oxygen, SBE 43 [mg/l]
# name 14 = sbeox0PS: Oxygen, SBE 43 [% saturation]
# name 15 = sbox0Mm/Kg: Oxygen, SBE 43 [umol/kg]
# name 16 = sbeox0Mm/L: Oxygen, SBE 43 [umol/l]
# name 17 = sbox0dV/dT: Oxygen, SBE 43 [dov/dt]
# name 18 = oxsolML/L: Oxygen Saturation, Garcia & Gordon [ml/l]
# name 19 = oxsolMg/L: Oxygen Saturation, Garcia & Gordon [mg/l]
# name 20 = oxsolMm/Kg: Oxygen Saturation, Garcia & Gordon [umol/kg]
# name 21 = n2satMg/L: Nitrogen Saturation [mg/l]
# name 22 = par: PAR/Irradiance, Biospherical/Licor
# name 23 = wetStar: Fluorescence, WET Labs WETstar [mg/m^3]
# name 24 = CStarAt0: Beam Attenuation, WET Labs C-Star [1/m]
# name 25 = CStarTr0: Beam Transmission, WET Labs C-Star [%]
# name 26 = flag: flag
# span 0 =         90,        438       
# span 1 =  53.506393,  53.507400       
# span 2 =    0.00621,    0.03037       
# span 3 =     0.3726,     1.8223       
# span 4 =     22.358,    109.338       
# span 5 =      1.012,     24.192       
# span 6 =  50718.983,  50772.757       
# span 7 =    31.4697,    31.5014       
# span 8 =     4.7864,     4.8081       
# span 9 =      1.000,     24.000       
# span 10 =     4.7942,     4.8084      
# span 11 =    24.8983,    24.9252      
# span 12 =     6.2041,     6.4753      
# span 13 =     8.8663,     9.2538      
# span 14 =     85.248,     88.988      
# span 15 =    270.337,    282.159      
# span 16 =    277.077,    289.184      
# span 17 =   -0.00302,    0.00683      
# span 18 =    7.27565,    7.27780      
# span 19 =   10.39763,   10.40070      
# span 20 =  317.03628,  317.11940      
# span 21 =   16.29181,   16.29565      
# span 22 = 3.6381e-02, 1.2878e+01      
# span 23 =     0.2697,     0.8596      
# span 24 =     1.2329,     4.9500      
# span 25 =    41.6281,    73.4768      
# span 26 = 0.0000e+00, 0.0000e+00      
# interval = meters: 1                  
# start_time = Feb 22 2015 12:08:50 [Instrument's time stamp, header]
# bad_flag = -9.990e-29
*END*
         90  53.506393    0.00621     0.3726     22.358      1.012  50772.757    31.5014     4.7864      1.000     4.7942    24.9252     6.2041     8.8663     85.248    270.337    277.077   -0.00302    7.27780   10.40070  317.11940   16.29565 1.2878e+01     0.2697     4.9500    41.6281 0.0000e+00
        284  53.506954    0.01966     1.1798     70.791      2.004  50723.247    31.4733     4.8021      2.000     4.8023    24.9013     6.4319     9.1917     88.390    280.267    287.246    0.00683    7.27663   10.39903  317.07841   16.29381 3.7696e+00     0.6061     1.6429    69.3423 0.0000e+00
        314  53.507039    0.02170     1.3021     78.125      3.034  50720.293    31.4712     4.8030      3.000     4.8037    24.8996     6.4599     9.2319     88.777    281.492    288.502    0.00336    7.27659   10.39898  317.07747   16.29378 4.8633e+00     0.7015     1.2964    72.3172 0.0000e+00
        321  53.507060    0.02222     1.3331     79.986      4.043  50720.879    31.4723     4.8081      4.000     4.8084    24.8999     6.4550     9.2247     88.719    281.274    288.277    0.00094    7.27565   10.39763  317.03628   16.29181 1.3525e+00     0.7507     1.3185    71.9204 0.0000e+00
        325  53.507072    0.02251     1.3503     81.020      5.043  50718.983    31.4699     4.8055      5.000     4.8038    24.8983     6.4519     9.2204     88.671    281.142    288.142    0.00005    7.27622   10.39844  317.06168   16.29303 1.5719e-01     0.8019     1.3594    71.1885 0.0000e+00
        330  53.507087    0.02288     1.3726     82.357      6.054  50722.238    31.4709     4.8025      6.000     4.8013    24.8995     6.4653     9.2396     88.850    281.727    288.741    0.00126    7.27670   10.39913  317.08220   16.29401 3.6443e-02     0.7861     1.3217    71.8613 0.0000e+00
        337  53.507107    0.02334     1.4007     84.044      7.066  50724.451    31.4717     4.8013      7.000     4.8009    24.9002     6.4728     9.2503     88.950    282.052    289.075    0.00146    7.27686   10.39937  317.08915   16.29433 3.6383e-02     0.7694     1.2740    72.7256 0.0000e+00
        344  53.507126    0.02380     1.4277     85.662      8.082  50725.486    31.4721     4.8022      8.000     4.8024    24.9005     6.4682     9.2437     88.889    281.850    288.868    0.00025    7.27668   10.39910  317.08079   16.29393 3.6381e-02     0.7815     1.2329    73.4768 0.0000e+00
        348  53.507138    0.02410     1.4457     86.742      9.083  50724.262    31.4710     4.8031      9.000     4.8025    24.8995     6.4628     9.2361     88.817    281.618    288.630   -0.00056    7.27658   10.39897  317.07710   16.29376 3.6382e-02     0.8596     1.3230    71.8403 0.0000e+00
        353  53.507154    0.02447     1.4684     88.103     10.091  50724.948    31.4710     4.8032     10.000     4.8025    24.8995     6.4734     9.2511     88.962    282.077    289.101    0.00064    7.27657   10.39894  317.07644   16.29373 3.6382e-02     0.7977     1.3017    72.2226 0.0000e+00
        360  53.507174    0.02496     1.4974     89.845     11.105  50725.822    31.4710     4.8032     11.000     4.8025    24.8995     6.4687     9.2444     88.897    281.873    288.891   -0.00022    7.27657   10.39895  317.07674   16.29375 3.6382e-02     0.7852     1.2633    72.9192 0.0000e+00
        367  53.507192    0.02539     1.5232     91.395     12.116  50726.152    31.4709     4.8035     12.000     4.8026    24.8994     6.4722     9.2495     88.947    282.028    289.051    0.00010    7.27652   10.39887  317.07447   16.29364 3.6382e-02     0.7895     1.2760    72.6888 0.0000e+00
        372  53.507207    0.02573     1.5442     92.652     13.125  50726.141    31.4702     4.8029     13.000     4.8017    24.8990     6.4714     9.2483     88.934    281.992    289.013   -0.00006    7.27665   10.39906  317.08008   16.29391 3.6382e-02     0.7756     1.3984    70.5011 0.0000e+00
        376  53.507220    0.02606     1.5637     93.820     14.125  50728.121    31.4710     4.8025     14.000     4.8014    24.8996     6.4715     9.2484     88.934    281.996    289.017   -0.00019    7.27670   10.39913  317.08211   16.29400 3.6382e-02     0.7829     1.5175    68.4310 0.0000e+00
        385  53.507244    0.02664     1.5983     95.900     15.147  50729.420    31.4713     4.8023     15.000     4.8013    24.8999     6.4706     9.2471     88.921    281.954    288.975   -0.00023    7.27671   10.39914  317.08249   16.29402 3.6382e-02     0.7860     1.3465    71.4208 0.0000e+00
        390  53.507261    0.02703     1.6219     97.316     16.155  50730.392    31.4716     4.8024     16.000     4.8014    24.9000     6.4666     9.2414     88.868    281.782    288.799   -0.00072    7.27668   10.39910  317.08112   16.29395 3.6382e-02     0.8143     1.4463    69.6591 0.0000e+00
        394  53.507272    0.02732     1.6392     98.352     17.154  50731.397    31.4718     4.8025     17.000     4.8014    24.9002     6.4650     9.2391     88.845    281.711    288.726   -0.00073    7.27665   10.39905  317.07948   16.29388 3.6382e-02     0.7833     1.4573    69.4673 0.0000e+00
        401  53.507292    0.02778     1.6665     99.989     18.169  50730.830    31.4709     4.8028     18.000     4.8016    24.8995     6.4712     9.2481     88.932    281.984    289.006    0.00008    7.27665   10.39906  317.07994   16.29390 3.6382e-02     0.7699     1.4208    70.1051 0.0000e+00
        409  53.507314    0.02831     1.6985    101.908     19.185  50730.107    31.4700     4.8032     19.000     4.8019    24.8988     6.4728     9.2502     88.953    282.051    289.074    0.00012    7.27663   10.39903  317.07916   16.29386 3.6382e-02     0.7652     1.5258    68.2899 0.0000e+00
        414  53.507328    0.02865     1.7193    103.156     20.189  50731.867    31.4708     4.8034     20.000     4.8020    24.8993     6.4707     9.2472     88.925    281.960    288.980   -0.00029    7.27655   10.39892  317.07573   16.29370 3.6382e-02     0.7524     1.6244    66.6280 0.0000e+00
        419  53.507343    0.02902     1.7408    104.448     21.196  50732.279    31.4706     4.8036     21.000     4.8021    24.8992     6.4721     9.2493     88.945    282.022    289.044   -0.00009    7.27652   10.39888  317.07466   16.29365 3.6382e-02     0.7703     1.5896    67.2081 0.0000e+00
        426  53.507364    0.02950     1.7703    106.215     22.208  50732.280    31.4701     4.8036     22.000     4.8020    24.8988     6.4693     9.2453     88.906    281.901    288.920   -0.00041    7.27655   10.39892  317.07586   16.29371 3.6382e-02     0.7570     1.4911    68.8848 0.0000e+00
        433  53.507385    0.03003     1.8015    108.092     23.225  50732.442    31.4697     4.8036     23.000     4.8020    24.8985     6.4689     9.2448     88.901    281.885    288.904   -0.00036    7.27656   10.39893  317.07635   16.29374 3.6382e-02     0.7838     1.5495    67.8964 0.0000e+00
        438  53.507400    0.03037     1.8223    109.338     24.192  50733.024    31.4697     4.8037     24.000     4.8021    24.8985     6.4753     9.2538     88.988    282.159    289.184    0.00036    7.27653   10.39890  317.07547   16.29369 3.6382e-02     0.7499     1.7501    64.5487 0.0000e+00
