CTD-processing/allCTD/CNV/2015_07-10_t9_s02_cast277_4141.cnv
* Sea-Bird SBE19plus Data File:
* FileName = C:\Users\Kris.Holderied\Documents\kasitsna\Research-KBL\Oceanography-AK\CTD-Data-ALL-to-2015-10\2015-CTD-KachemakBay-CookInlet\2015-07-10-CookInlet-Tran9-HomerSpit\2015-07-10-CookInlet-Tran9-cast277.hex
* Software Version 1.59
* Temperature SN =  4141
* Conductivity SN =  4141
* System UpLoad Time = Nov 02 2015 19:43:03
** Kachemak Bay Intensive Survey - Homer Spit (Tran 9)
** Date (YYYY-MM-DD): 2015-07-10
** Station (ie. 9-01): 9-02
** Start time (AKDT): 11:42
** Depth (m): 75.6
** Comment:  Survey included T9, sub-bays and along-bay line on two boats.
** Comment: R/V Barnacle. KBRR CTD.
# nquan = 27
# nvalues = 63                          
# units = specified
# name 0 = scan: Scan Count
# name 1 = timeJ: Julian Days
# name 2 = timeH: Time, Elapsed [hours]
# name 3 = timeM: Time, Elapsed [minutes]
# name 4 = timeS: Time, Elapsed [seconds]
# name 5 = prdM: Pressure, Strain Gauge [db]
# name 6 = specc: Specific Conductance [uS/cm]
# name 7 = sal00: Salinity, Practical [PSU]
# name 8 = tv290C: Temperature [ITS-90, deg C]
# name 9 = depSM: Depth [salt water, m], lat = 59.00
# name 10 = potemp090C: Potential Temperature [ITS-90, deg C]
# name 11 = sigma-é00: Density [sigma-theta, kg/m^3]
# name 12 = sbeox0ML/L: Oxygen, SBE 43 [ml/l]
# name 13 = sbeox0Mg/L: Oxygen, SBE 43 [mg/l]
# name 14 = sbeox0PS: Oxygen, SBE 43 [% saturation]
# name 15 = sbox0Mm/Kg: Oxygen, SBE 43 [umol/kg]
# name 16 = sbeox0Mm/L: Oxygen, SBE 43 [umol/l]
# name 17 = sbox0dV/dT: Oxygen, SBE 43 [dov/dt]
# name 18 = oxsolML/L: Oxygen Saturation, Garcia & Gordon [ml/l]
# name 19 = oxsolMg/L: Oxygen Saturation, Garcia & Gordon [mg/l]
# name 20 = oxsolMm/Kg: Oxygen Saturation, Garcia & Gordon [umol/kg]
# name 21 = n2satMg/L: Nitrogen Saturation [mg/l]
# name 22 = par: PAR/Irradiance, Biospherical/Licor
# name 23 = wetStar: Fluorescence, WET Labs WETstar [mg/m^3]
# name 24 = CStarAt0: Beam Attenuation, WET Labs C-Star [1/m]
# name 25 = CStarTr0: Beam Transmission, WET Labs C-Star [%]
# name 26 = flag: flag
# span 0 =        292,        537       
# span 1 = 191.488910, 191.489617       
# span 2 =    0.02022,    0.03721       
# span 3 =     1.2126,     2.2326       
# span 4 =     72.751,    133.959       
# span 5 =      0.999,     63.596       
# span 6 =  42662.500,  49603.687       
# span 7 =    26.9056,    31.3905       
# span 8 =     8.8218,    11.8369       
# span 9 =      1.000,     63.000       
# span 10 =     8.8131,    11.4837      
# span 11 =    20.3418,    24.3210      
# span 12 =     6.0547,     6.8211      
# span 13 =     8.6527,     9.7478      
# span 14 =     92.507,    106.722      
# span 15 =    264.053,    298.549      
# span 16 =    270.401,    304.627      
# span 17 =   -0.06765,    0.04547      
# span 18 =    6.38933,    6.63308      
# span 19 =    9.13098,    9.47934      
# span 20 =  279.66189,  289.19968      
# span 21 =   14.52696,   14.96484      
# span 22 = 7.1191e-02, 2.8328e+02      
# span 23 =     0.2863,     2.0615      
# span 24 =     0.3734,     2.1358      
# span 25 =    58.2841,    91.0884      
# span 26 = 0.0000e+00, 0.0000e+00      
# interval = meters: 1                  
# start_time = Jul 10 2015 11:42:49 [Instrument's time stamp, header]
# bad_flag = -9.990e-29
*END*
[from data line 54]
        502 191.489518    0.03481     2.0888    125.329     55.526  49554.084    31.3751     8.9328     55.000     8.9276    24.2921     6.1530     8.7932     92.982    268.274    274.790   -0.00173    6.61734    9.45684  288.52139   14.93249 1.2710e-01     0.3105     0.4534    89.2852 0.0000e+00
        506 191.489529    0.03509     2.1054    126.323     56.538  49554.346    31.3749     8.9334     56.000     8.9267    24.2918     6.1626     8.8070     93.130    268.695    275.223    0.00037    6.61724    9.45670  288.51756   14.93231 1.1570e-01     0.3436     0.4497    89.3654 0.0000e+00
        510 191.489541    0.03537     2.1219    127.314     57.543  49552.112    31.3724     8.9296     57.000     8.9171    24.2904     6.1600     8.8033     93.082    268.583    275.107   -0.00024    6.61791    9.45766  288.54709   14.93373 1.0552e-01     0.3408     0.4415    89.5497 0.0000e+00
        515 191.489553    0.03566     2.1396    128.378     58.556  49544.486    31.3632     8.9063     58.000     8.8800    24.2868     6.1657     8.8114     93.114    268.831    275.360   -0.00008    6.62174    9.46313  288.71501   14.94179 9.7142e-02     0.3164     0.4382    89.6223 0.0000e+00
        519 191.489565    0.03595     2.1570    129.418     59.567  49582.006    31.3844     8.8732     59.000     8.8637    24.3084     6.1606     8.8041     92.980    268.604    275.133   -0.00109    6.62572    9.46882  288.88260   14.94971 9.0166e-02     0.3174     0.4296    89.8160 0.0000e+00
        523 191.489577    0.03624     2.1742    130.450     60.574  49581.305    31.3822     8.8646     60.000     8.8525    24.3081     6.1634     8.8082     93.004    268.729    275.261   -0.00117    6.62709    9.47078  288.94237   14.95257 8.4429e-02     0.2863     0.4121    90.2100 0.0000e+00
        527 191.489590    0.03655     2.1926    131.557     61.584  49589.976    31.3864     8.8543     61.000     8.8447    24.3128     6.1643     8.8094     92.997    268.763    275.298   -0.00028    6.62845    9.47271  288.99996   14.95531 7.9305e-02     0.3082     0.4056    90.3568 0.0000e+00
        532 191.489603    0.03685     2.2113    132.676     62.593  49585.998    31.3816     8.8440     62.000     8.8274    24.3107     6.1473     8.7851     92.718    268.024    274.540   -0.00332    6.63017    9.47518  289.07592   14.95897 7.4716e-02     0.2933     0.4079    90.3050 0.0000e+00
        537 191.489617    0.03721     2.2326    133.959     63.596  49603.687    31.3905     8.8218     63.000     8.8131    24.3210     6.1661     8.8119     92.959    268.838    275.377   -0.00003    6.63308    9.47934  289.19968   14.96484 7.1191e-02     0.2966     0.3916    90.6728 0.0000e+00
