CTD-processing/allCTD/CNV/2015_03-31_t9_s06_cast006_5028.cnv
* Sea-Bird SBE19plus Data File:
* FileName = C:\Users\kris.holderied\Documents\kasitsna\Research-Projects-and-Data\Oceanography-AK\CTD-Data-ALL-to-2015-02\2015-CTD-KachemakBay-CookInlet\2015-03-31-CookInlet-HomerSpit-monthly\2015-03-31-CookInlet-Tran9-cast006.hex
* Software Version 1.59
* Temperature SN =  5028
* Conductivity SN =  5028
* System UpLoad Time = Apr 06 2015 13:47:14
** Cook Inlet LTM Tran9 (Homer Spit) South to North
** Date: 03-31
** Station: 9-06
** Start time:  13:58
** Depth (m): 100
** Comment:  KBL CTD. Time is local (AKDT)
** Comment: Vessel KBL Barnacle.
# nquan = 27
# nvalues = 90                          
# units = specified
# name 0 = scan: Scan Count
# name 1 = timeJ: Julian Days
# name 2 = timeH: Time, Elapsed [hours]
# name 3 = timeM: Time, Elapsed [minutes]
# name 4 = timeS: Time, Elapsed [seconds]
# name 5 = prdM: Pressure, Strain Gauge [db]
# name 6 = specc: Specific Conductance [uS/cm]
# name 7 = sal00: Salinity, Practical [PSU]
# name 8 = tv290C: Temperature [ITS-90, deg C]
# name 9 = depSM: Depth [salt water, m], lat = 59.00
# name 10 = potemp090C: Potential Temperature [ITS-90, deg C]
# name 11 = sigma-é00: Density [sigma-theta, kg/m^3]
# name 12 = sbeox0ML/L: Oxygen, SBE 43 [ml/l]
# name 13 = sbeox0Mg/L: Oxygen, SBE 43 [mg/l]
# name 14 = sbeox0PS: Oxygen, SBE 43 [% saturation]
# name 15 = sbox0Mm/Kg: Oxygen, SBE 43 [umol/kg]
# name 16 = sbeox0Mm/L: Oxygen, SBE 43 [umol/l]
# name 17 = sbox0dV/dT: Oxygen, SBE 43 [dov/dt]
# name 18 = oxsolML/L: Oxygen Saturation, Garcia & Gordon [ml/l]
# name 19 = oxsolMg/L: Oxygen Saturation, Garcia & Gordon [mg/l]
# name 20 = oxsolMm/Kg: Oxygen Saturation, Garcia & Gordon [umol/kg]
# name 21 = potemp090C: Potential Temperature [ITS-90, deg C]
# name 22 = n2satMg/L: Nitrogen Saturation [mg/l]
# name 23 = par: PAR/Irradiance, Biospherical/Licor
# name 24 = flECO-AFL: Fluorescence, WET Labs ECO-AFL/FL [mg/m^3]
# name 25 = turbWETntu0: Turbidity, WET Labs ECO [NTU]
# name 26 = flag: flag
# span 0 =        293,        715       
# span 1 =  90.582904,  90.584127       
# span 2 =    0.02026,    0.04961       
# span 3 =     1.2155,     2.9769       
# span 4 =     72.930,    178.614       
# span 5 =      1.010,     90.869       
# span 6 =  49803.999,  50915.827       
# span 7 =    30.8412,    31.5987       
# span 8 =     4.5262,     5.0536       
# span 9 =      1.000,     90.000       
# span 10 =     4.5244,     5.0504      
# span 11 =    24.4020,    24.9836      
# span 12 =     6.7588,     7.0715      
# span 13 =     9.6590,    10.1059      
# span 14 =     93.337,     96.734      
# span 15 =    294.491,    308.292      
# span 16 =    301.848,    315.815      
# span 17 =   -0.00188,    0.01392      
# span 18 =    7.22795,    7.33339      
# span 19 =   10.32946,   10.48015      
# span 20 =  314.94034,  319.59743      
# span 21 =     4.5256,     5.0492      
# span 22 =   16.19164,   16.41460      
# span 23 = 3.8995e-02, 5.7748e+02      
# span 24 =     0.1790,     0.5915      
# span 25 =     0.4978,     1.4434      
# span 26 = 0.0000e+00, 0.0000e+00      
# interval = meters: 1                  
# start_time = Mar 31 2015 13:58:10 [Instrument's time stamp, header]
# bad_flag = -9.990e-29
*END*
[from data line 54]
        573  90.583715    0.03973     2.3836    143.017     55.527  50822.647    31.5541     4.9794     55.000     4.9741    24.9469     6.8359     9.7692     94.394    297.860    305.291   -0.00005    7.24185   10.34932  315.54892     4.9754   16.22069 5.8281e-02     0.2670     0.5065 0.0000e+00
        577  90.583727    0.04000     2.3999    143.992     56.536  50840.871    31.5661     4.9795     56.000     4.9818    24.9564     6.8249     9.7535     94.250    297.377    304.799   -0.00099    7.24125   10.34847  315.51981     4.9754   16.21926 5.5858e-02     0.2600     0.5178 0.0000e+00
        581  90.583738    0.04027     2.4163    144.978     57.546  50854.649    31.5785     4.9951     57.000     5.0045    24.9646     6.8250     9.7536     94.295    297.382    304.807   -0.00060    7.23794   10.34374  315.37330     4.9910   16.21223 5.3741e-02     0.2524     0.5459 0.0000e+00
        585  90.583750    0.04055     2.4327    145.963     58.556  50861.808    31.5893     5.0246     58.000     5.0366    24.9700     6.8274     9.7571     94.402    297.486    304.915    0.00008    7.23231   10.33569  315.12625     5.0204   16.20043 5.1829e-02     0.2664     0.5068 0.0000e+00
        589  90.583761    0.04083     2.4497    146.982     59.565  50844.565    31.5825     5.0506     59.000     5.0504    24.9618     6.8303     9.7612     94.497    297.613    305.042    0.00053    7.22815   10.32974  314.94724     5.0463   16.19194 5.0273e-02     0.2698     0.5010 0.0000e+00
        593  90.583773    0.04111     2.4669    148.013     60.575  50834.556    31.5758     5.0536     60.000     5.0458    24.9562     6.8289     9.7591     94.478    297.550    304.976    0.00029    7.22795   10.32946  314.94034     5.0492   16.19164 4.8903e-02     0.2755     0.4978 0.0000e+00
        597  90.583785    0.04139     2.4836    149.016     61.585  50832.344    31.5718     5.0445     61.000     5.0337    24.9540     6.8202     9.7467     94.335    297.172    304.588   -0.00055    7.22970   10.33197  315.01755     5.0401   16.19533 4.7717e-02     0.2686     0.5011 0.0000e+00
        601  90.583797    0.04168     2.5007    150.040     62.595  50838.520    31.5730     5.0323     62.000     5.0231    24.9563     6.8087     9.7303     94.150    296.671    304.076   -0.00150    7.23176   10.33490  315.10651     5.0278   16.19956 4.6681e-02     0.2526     0.5120 0.0000e+00
        605  90.583809    0.04197     2.5183    151.099     63.604  50841.466    31.5724     5.0226     63.000     5.0133    24.9569     6.8024     9.7212     94.040    296.395    303.793   -0.00177    7.23346   10.33734  315.18051     5.0180   16.20309 4.5784e-02     0.2450     0.5156 0.0000e+00
        610  90.583821    0.04226     2.5354    152.126     64.614  50845.434    31.5726     5.0131     64.000     5.0047    24.9581     6.7994     9.7170     93.978    296.268    303.662   -0.00172    7.23510   10.33968  315.25148     5.0085   16.20646 4.4918e-02     0.2442     0.5460 0.0000e+00
        614  90.583833    0.04254     2.5524    153.143     65.624  50851.533    31.5749     5.0066     65.000     5.0003    24.9606     6.8005     9.7187     93.981    296.317    303.713   -0.00136    7.23612   10.34112  315.29490     5.0019   16.20852 4.4256e-02     0.2297     0.5534 0.0000e+00
        618  90.583844    0.04283     2.5694    154.164     66.634  50854.439    31.5758     5.0040     66.000     4.9986    24.9615     6.8042     9.7238     94.025    296.474    303.874   -0.00085    7.23652   10.34171  315.31228     4.9993   16.20934 4.3685e-02     0.2225     0.5336 0.0000e+00
        622  90.583856    0.04311     2.5866    155.197     67.644  50855.001    31.5754     5.0026     67.000     4.9967    24.9614     6.8082     9.7295     94.077    296.647    304.052   -0.00040    7.23680   10.34212  315.32461     4.9977   16.20993 4.3159e-02     0.2262     0.5248 0.0000e+00
        626  90.583869    0.04339     2.6036    156.219     68.654  50856.311    31.5753     5.0005     68.000     4.9944    24.9616     6.8076     9.7287     94.064    296.623    304.027   -0.00040    7.23716   10.34262  315.34020     4.9956   16.21067 4.2724e-02     0.2163     0.5306 0.0000e+00
        630  90.583879    0.04366     2.6198    157.188     69.664  50856.596    31.5745     4.9979     69.000     4.9907    24.9612     6.8073     9.7283     94.054    296.610    304.014   -0.00045    7.23765   10.34332  315.36145     4.9929   16.21169 4.2306e-02     0.2157     0.5476 0.0000e+00
        634  90.583891    0.04393     2.6355    158.130     70.673  50858.282    31.5742     4.9936     70.000     4.9862    24.9615     6.8071     9.7281     94.042    296.603    304.007   -0.00043    7.23840   10.34440  315.39429     4.9886   16.21326 4.2084e-02     0.2130     0.5308 0.0000e+00
        637  90.583901    0.04419     2.6514    159.086     71.683  50861.801    31.5752     4.9893     71.000     4.9821    24.9627     6.8028     9.7219     93.974    296.415    303.814   -0.00076    7.23910   10.34540  315.42458     4.9842   16.21469 4.2146e-02     0.2015     0.5101 0.0000e+00
        641  90.583913    0.04446     2.6677    160.060     72.692  50866.988    31.5775     4.9856     72.000     4.9790    24.9649     6.8000     9.7178     93.927    296.290    303.687   -0.00089    7.23962   10.34615  315.44656     4.9804   16.21573 4.0999e-02     0.1917     0.5026 0.0000e+00
        645  90.583924    0.04473     2.6842    161.053     73.702  50872.653    31.5804     4.9834     73.000     4.9778    24.9675     6.7986     9.7159     93.905    296.229    303.626   -0.00087    7.23987   10.34649  315.45627     4.9782   16.21618 4.0946e-02     0.1966     0.5233 0.0000e+00
        649  90.583936    0.04502     2.7012    162.074     74.712  50875.234    31.5816     4.9832     74.000     4.9782    24.9685     6.7998     9.7176     93.922    296.281    303.679   -0.00062    7.23985   10.34647  315.45518     4.9779   16.21613 4.0786e-02     0.2021     0.5271 0.0000e+00
        653  90.583948    0.04530     2.7181    163.088     75.722  50875.516    31.5815     4.9840     75.000     4.9788    24.9683     6.7996     9.7173     93.921    296.273    303.671   -0.00051    7.23972   10.34628  315.44967     4.9785   16.21586 4.0585e-02     0.1914     0.5207 0.0000e+00
        657  90.583959    0.04559     2.7352    164.110     76.732  50875.939    31.5814     4.9845     76.000     4.9792    24.9682     6.7969     9.7135     93.884    296.156    303.550   -0.00063    7.23964   10.34617  315.44629     4.9790   16.21570 4.0370e-02     0.1923     0.5257 0.0000e+00
        662  90.583972    0.04587     2.7522    165.132     77.741  50878.376    31.5828     4.9852     77.000     4.9804    24.9692     6.7972     9.7138     93.891    296.165    303.560   -0.00053    7.23945   10.34589  315.43755     4.9796   16.21528 4.0052e-02     0.1920     0.5358 0.0000e+00
        666  90.583983    0.04616     2.7696    166.176     78.751  50880.988    31.5845     4.9872     78.000     4.9824    24.9704     6.7981     9.7151     93.908    296.204    303.601   -0.00033    7.23902   10.34529  315.41849     4.9815   16.21437 3.9813e-02     0.1952     0.5427 0.0000e+00
        670  90.583996    0.04646     2.7873    167.239     79.761  50881.097    31.5844     4.9885     79.000     4.9827    24.9701     6.7973     9.7140     93.901    296.172    303.567   -0.00035    7.23879   10.34496  315.40867     4.9828   16.21390 3.9899e-02     0.1866     0.5599 0.0000e+00
        674  90.584008    0.04675     2.8046    168.276     80.771  50881.828    31.5842     4.9878     80.000     4.9809    24.9701     6.7977     9.7146     93.905    296.190    303.586   -0.00030    7.23893   10.34516  315.41470     4.9820   16.21419 3.9850e-02     0.1887     0.5738 0.0000e+00
        678  90.584019    0.04702     2.8215    169.288     81.781  50884.713    31.5852     4.9852     81.000     4.9776    24.9711     6.7977     9.7147     93.900    296.192    303.588   -0.00031    7.23933   10.34572  315.43155     4.9794   16.21499 3.9775e-02     0.1963     0.5770 0.0000e+00
        682  90.584031    0.04730     2.8381    170.286     82.791  50889.032    31.5867     4.9812     82.000     4.9731    24.9728     6.7976     9.7144     93.890    296.183    303.580   -0.00035    7.23995   10.34660  315.45805     4.9753   16.21624 3.9648e-02     0.1992     0.6080 0.0000e+00
        686  90.584042    0.04757     2.8543    171.259     83.800  50896.346    31.5904     4.9772     83.000     4.9696    24.9761     6.7958     9.7118     93.859    296.105    303.501   -0.00048    7.24047   10.34736  315.48014     4.9712   16.21728 3.9578e-02     0.2023     0.6760 0.0000e+00
        690  90.584053    0.04784     2.8700    172.199     84.810  50902.057    31.5932     4.9745     84.000     4.9674    24.9787     6.7911     9.7051     93.789    295.900    303.291   -0.00078    7.24080   10.34783  315.49346     4.9684   16.21790 3.9573e-02     0.1969     0.7587 0.0000e+00
        694  90.584064    0.04810     2.8858    173.149     85.820  50906.958    31.5957     4.9728     85.000     4.9661    24.9809     6.7873     9.6997     93.735    295.733    303.120   -0.00096    7.24097   10.34806  315.50015     4.9667   16.21821 4.0053e-02     0.1888     0.8996 0.0000e+00
        697  90.584075    0.04836     2.9018    174.107     86.830  50909.446    31.5968     4.9721     86.000     4.9659    24.9818     6.7824     9.6927     93.666    295.518    302.901   -0.00112    7.24103   10.34815  315.50231     4.9659   16.21831 4.1510e-02     0.1870     1.0342 0.0000e+00
        701  90.584087    0.04864     2.9183    175.101     87.840  50910.832    31.5973     4.9722     87.000     4.9658    24.9822     6.7746     9.6816     93.559    295.180    302.554   -0.00146    7.24099   10.34810  315.50072     4.9659   16.21823 3.9738e-02     0.1790     1.0927 0.0000e+00
        706  90.584099    0.04893     2.9357    176.140     88.850  50912.318    31.5977     4.9718     88.000     4.9650    24.9826     6.7680     9.6721     93.467    294.890    302.257   -0.00163    7.24103   10.34816  315.50249     4.9655   16.21831 3.8995e-02     0.1873     1.1771 0.0000e+00
        710  90.584112    0.04924     2.9541    177.248     89.859  50914.452    31.5985     4.9709     89.000     4.9641    24.9833     6.7590     9.6593     93.341    294.499    301.857   -0.00188    7.24117   10.34836  315.50831     4.9644   16.21859 3.9103e-02     0.1838     1.4222 0.0000e+00
        715  90.584127    0.04961     2.9769    178.614     90.869  50915.827    31.5987     4.9702     90.000     4.9636    24.9836     6.7588     9.6590     93.337    294.491    301.848   -0.00138    7.24127   10.34849  315.51228     4.9637   16.21878 3.9227e-02     0.1832     1.4434 0.0000e+00
