CTD-processing/allCTD/CNV/2015_04-12_t3_s12_cast045_5028.cnv
* Sea-Bird SBE19plus Data File:
* FileName = C:\Users\kris.holderied\Documents\kasitsna\Research-Projects-and-Data\Oceanography-AK\CTD-Data-ALL-to-2015-02\2015-CTD-KachemakBay-CookInlet\2015-04-EVOSTC-CookInlet-quarterly\2015-04-12-CookInlet-Tran3-AnchorPt\20125_04_12_CookInlet_Tran3_cast045.hex
* Software Version 1.59
* Temperature SN =  5028
* Conductivity SN =  5028
* System UpLoad Time = Apr 12 2015 19:49:30
** Cook Inlet LTM Tran3 (Anchor Pt) Southeast to Northwest
** Date: 04-12
** Station: 3-12
** Start time (AKDT): 15:48
** Depth (m): 32
** Comment:  KBL CTD.
** Comment: On R/V Pandalus.
# nquan = 27
# nvalues = 32                          
# units = specified
# name 0 = scan: Scan Count
# name 1 = timeJ: Julian Days
# name 2 = timeH: Time, Elapsed [hours]
# name 3 = timeM: Time, Elapsed [minutes]
# name 4 = timeS: Time, Elapsed [seconds]
# name 5 = prdM: Pressure, Strain Gauge [db]
# name 6 = specc: Specific Conductance [uS/cm]
# name 7 = sal00: Salinity, Practical [PSU]
# name 8 = tv290C: Temperature [ITS-90, deg C]
# name 9 = depSM: Depth [salt water, m], lat = 59.00
# name 10 = potemp090C: Potential Temperature [ITS-90, deg C]
# name 11 = sigma-é00: Density [sigma-theta, kg/m^3]
# name 12 = sbeox0ML/L: Oxygen, SBE 43 [ml/l]
# name 13 = sbeox0Mg/L: Oxygen, SBE 43 [mg/l]
# name 14 = sbeox0PS: Oxygen, SBE 43 [% saturation]
# name 15 = sbox0Mm/Kg: Oxygen, SBE 43 [umol/kg]
# name 16 = sbeox0Mm/L: Oxygen, SBE 43 [umol/l]
# name 17 = sbox0dV/dT: Oxygen, SBE 43 [dov/dt]
# name 18 = oxsolML/L: Oxygen Saturation, Garcia & Gordon [ml/l]
# name 19 = oxsolMg/L: Oxygen Saturation, Garcia & Gordon [mg/l]
# name 20 = oxsolMm/Kg: Oxygen Saturation, Garcia & Gordon [umol/kg]
# name 21 = potemp090C: Potential Temperature [ITS-90, deg C]
# name 22 = n2satMg/L: Nitrogen Saturation [mg/l]
# name 23 = par: PAR/Irradiance, Biospherical/Licor
# name 24 = flECO-AFL: Fluorescence, WET Labs ECO-AFL/FL [mg/m^3]
# name 25 = turbWETntu0: Turbidity, WET Labs ECO [NTU]
# name 26 = flag: flag
# span 0 =        112,        430       
# span 1 = 102.659117, 102.660037       
# span 2 =    0.00771,    0.02976       
# span 3 =     0.4623,     1.7857       
# span 4 =     27.735,    107.144       
# span 5 =      1.010,     32.304       
# span 6 =  49501.157,  50758.639       
# span 7 =    30.8002,    31.6627       
# span 8 =     5.3426,     5.6117       
# span 9 =      1.000,     32.000       
# span 10 =     5.3994,     5.6077      
# span 11 =    24.3098,    24.9623      
# span 12 =     6.6551,     6.9005      
# span 13 =     9.5108,     9.8615      
# span 14 =     92.185,     96.713      
# span 15 =    290.204,    300.688      
# span 16 =    297.216,    308.174      
# span 17 =   -0.00475,    0.00327      
# span 18 =    7.12798,    7.21916      
# span 19 =   10.18659,   10.31690      
# span 20 =  310.57830,  314.79212      
# span 21 =     5.3426,     5.6116      
# span 22 =   15.98359,   16.18770      
# span 23 = 2.7251e+00, 1.0721e+02      
# span 24 =     0.4562,     0.7305      
# span 25 =     0.2303,     1.3297      
# span 26 = 0.0000e+00, 0.0000e+00      
# interval = meters: 1                  
# start_time = Apr 12 2015 15:48:40 [Instrument's time stamp, header]
# bad_flag = -9.990e-29
*END*
        112 102.659117    0.00771     0.4623     27.735      1.010  49501.157    30.8002     5.3426      1.000     5.3994    24.3098     6.6551     9.5108     92.185    290.204    297.216   -0.00475    7.21916   10.31690  314.79212     5.3426   16.18770 1.0721e+02     0.4562     1.3297 0.0000e+00
        345 102.659792    0.02389     1.4338     86.027      2.019  50758.639    31.6627     5.6117      2.000     5.6077    24.9623     6.8427     9.7790     95.994    298.151    305.597    0.00327    7.12798   10.18659  310.57830     5.6116   15.98359 9.8641e+01     0.5458     0.2303 0.0000e+00
        326 102.659737    0.02256     1.3536     81.216      3.028  50629.602    31.5746     5.5892      3.000     5.5899    24.8950     6.8295     9.7601     95.699    297.598    305.007    0.00217    7.13645   10.19870  310.97218     5.5890   16.00269 7.4466e+01     0.5576     0.3423 0.0000e+00
        329 102.659746    0.02281     1.3686     82.116      4.037  50628.868    31.5739     5.5904      4.000     5.5904    24.8943     6.8389     9.7734     95.832    298.005    305.424    0.00228    7.13628   10.19847  310.96529     5.5900   16.00237 5.8041e+01     0.6078     0.3452 0.0000e+00
        333 102.659757    0.02305     1.3827     82.960      5.047  50630.873    31.5749     5.5912      5.000     5.5915    24.8951     6.8495     9.7886     95.984    298.467    305.898    0.00255    7.13609   10.19819  310.95665     5.5908   16.00195 4.6799e+01     0.6361     0.3370 0.0000e+00
        336 102.659766    0.02326     1.3961     83.767      6.057  50630.059    31.5741     5.5922      6.000     5.5914    24.8943     6.8573     9.7998     96.095    298.810    306.248    0.00258    7.13597   10.19802  310.95171     5.5917   16.00172 3.9976e+01     0.6464     0.3303 0.0000e+00
        340 102.659776    0.02351     1.4109     84.655      7.066  50632.003    31.5749     5.5921      7.000     5.5922    24.8950     6.8658     9.8119     96.214    299.178    306.626    0.00252    7.13594   10.19798  310.95012     5.5915   16.00164 3.6083e+01     0.6763     0.3296 0.0000e+00
        344 102.659789    0.02383     1.4297     85.784      8.076  50632.381    31.5750     5.5937      8.000     5.5935    24.8949     6.8782     9.8296     96.392    299.719    307.181    0.00269    7.13567   10.19758  310.93810     5.5931   16.00107 3.4608e+01     0.7251     0.3394 0.0000e+00
        349 102.659802    0.02416     1.4494     86.961      9.085  50632.474    31.5747     5.5944      9.000     5.5938    24.8946     6.8902     9.8468     96.561    300.242    307.716    0.00269    7.13556   10.19743  310.93359     5.5937   16.00086 3.2776e+01     0.7305     0.3542 0.0000e+00
        352 102.659813    0.02441     1.4644     87.862     10.095  50634.620    31.5758     5.5948     10.000     5.5945    24.8953     6.8959     9.8549     96.642    300.488    307.968    0.00251    7.13544   10.19726  310.92821     5.5940   16.00059 2.9407e+01     0.7196     0.3476 0.0000e+00
        356 102.659822    0.02462     1.4772     88.635     11.104  50637.728    31.5777     5.5959     11.000     5.5958    24.8968     6.8985     9.8586     96.682    300.601    308.085    0.00211    7.13517   10.19687  310.91584     5.5950   16.00000 2.6576e+01     0.6909     0.3432 0.0000e+00
        359 102.659832    0.02485     1.4913     89.476     12.113  50638.238    31.5778     5.5971     12.000     5.5962    24.8967     6.9005     9.8615     96.713    300.688    308.174    0.00178    7.13497   10.19658  310.90709     5.5961   15.99959 2.4360e+01     0.6637     0.3403 0.0000e+00
        363 102.659843    0.02512     1.5074     90.441     13.123  50637.078    31.5765     5.5970     13.000     5.5955    24.8957     6.8978     9.8577     96.676    300.574    308.056    0.00106    7.13504   10.19668  310.91051     5.5959   15.99976 2.2466e+01     0.6552     0.3441 0.0000e+00
        367 102.659854    0.02539     1.5233     91.397     14.132  50637.867    31.5764     5.5963     14.000     5.5951    24.8957     6.8952     9.8540     96.638    300.461    307.941    0.00050    7.13515   10.19685  310.91550     5.5952   15.99999 2.0478e+01     0.6547     0.3562 0.0000e+00
        370 102.659865    0.02564     1.5383     92.295     15.143  50639.957    31.5774     5.5962     15.000     5.5954    24.8965     6.8915     9.8487     96.586    300.299    307.775    0.00007    7.13511   10.19680  310.91373     5.5951   15.99990 1.8518e+01     0.6525     0.3554 0.0000e+00
        374 102.659875    0.02588     1.5527     93.162     16.152  50642.836    31.5790     5.5971     16.000     5.5966    24.8977     6.8859     9.8407     96.511    300.055    307.526   -0.00045    7.13490   10.19649  310.90407     5.5958   15.99944 1.6671e+01     0.6444     0.3493 0.0000e+00
        377 102.659884    0.02611     1.5666     93.998     17.162  50644.303    31.5798     5.5985     17.000     5.5978    24.8982     6.8829     9.8363     96.472    299.922    307.389   -0.00065    7.13463   10.19610  310.89205     5.5972   15.99886 1.4926e+01     0.6350     0.3584 0.0000e+00
        380 102.659894    0.02634     1.5805     94.827     18.171  50645.782    31.5806     5.5995     18.000     5.5987    24.8987     6.8802     9.8325     96.437    299.806    307.270   -0.00076    7.13442   10.19580  310.88258     5.5981   15.99840 1.3384e+01     0.6237     0.3607 0.0000e+00
        384 102.659904    0.02659     1.5953     95.719     19.180  50647.660    31.5816     5.6005     19.000     5.5996    24.8994     6.8759     9.8264     96.380    299.620    307.080   -0.00094    7.13420   10.19548  310.87257     5.5991   15.99793 1.2024e+01     0.6081     0.3576 0.0000e+00
        388 102.659915    0.02687     1.6118     96.707     20.190  50648.469    31.5818     5.6015     20.000     5.6000    24.8995     6.8701     9.8181     96.301    299.368    306.822   -0.00120    7.13404   10.19525  310.86563     5.5999   15.99760 1.0809e+01     0.5968     0.3613 0.0000e+00
        391 102.659926    0.02711     1.6266     97.595     21.200  50649.204    31.5819     5.6017     21.000     5.6001    24.8995     6.8643     9.8099     96.221    299.116    306.563   -0.00141    7.13399   10.19518  310.86338     5.6001   15.99749 9.6838e+00     0.6148     0.3584 0.0000e+00
        395 102.659935    0.02733     1.6401     98.407     22.209  50649.970    31.5820     5.6018     22.000     5.6002    24.8996     6.8623     9.8069     96.192    299.024    306.469   -0.00141    7.13395   10.19513  310.86195     5.6002   15.99742 8.6523e+00     0.6318     0.3530 0.0000e+00
        398 102.659945    0.02758     1.6546     99.275     23.218  50650.795    31.5821     5.6021     23.000     5.6003    24.8997     6.8602     9.8039     96.164    298.934    306.377   -0.00122    7.13392   10.19508  310.86028     5.6003   15.99734 7.7313e+00     0.6357     0.3497 0.0000e+00
        402 102.659956    0.02783     1.6698    100.189     24.227  50651.841    31.5824     5.6022     24.000     5.6004    24.8999     6.8542     9.7953     96.079    298.672    306.109   -0.00148    7.13388   10.19504  310.85902     5.6003   15.99728 6.9283e+00     0.6407     0.3442 0.0000e+00
        405 102.659965    0.02806     1.6831    100.986     25.237  50652.606    31.5824     5.6023     25.000     5.6004    24.8999     6.8528     9.7934     96.061    298.612    306.049   -0.00137    7.13385   10.19499  310.85757     5.6004   15.99721 6.1575e+00     0.6275     0.3438 0.0000e+00
        408 102.659974    0.02825     1.6952    101.710     26.247  50653.512    31.5826     5.6025     26.000     5.6005    24.9000     6.8537     9.7946     96.073    298.650    306.086   -0.00111    7.13383   10.19495  310.85636     5.6004   15.99715 5.4490e+00     0.6053     0.3474 0.0000e+00
        411 102.659983    0.02848     1.7090    102.540     27.257  50654.442    31.5828     5.6026     27.000     5.6006    24.9002     6.8557     9.7975     96.102    298.738    306.177   -0.00079    7.13379   10.19489  310.85451     5.6006   15.99706 4.8482e+00     0.6114     0.3492 0.0000e+00
        416 102.659997    0.02882     1.7289    103.735     28.266  50655.586    31.5832     5.6029     28.000     5.6008    24.9004     6.8553     9.7970     96.097    298.720    306.159   -0.00061    7.13373   10.19481  310.85200     5.6007   15.99694 4.3575e+00     0.6091     0.3582 0.0000e+00
        420 102.660010    0.02912     1.7472    104.834     29.275  50656.707    31.5835     5.6031     29.000     5.6009    24.9007     6.8556     9.7972     96.101    298.729    306.167   -0.00051    7.13368   10.19474  310.84967     5.6009   15.99683 3.8916e+00     0.6098     0.3613 0.0000e+00
        423 102.660018    0.02933     1.7596    105.575     30.285  50657.423    31.5835     5.6033     30.000     5.6010    24.9007     6.8578     9.8005     96.133    298.828    306.269   -0.00029    7.13365   10.19470  310.84835     5.6010   15.99676 3.4506e+00     0.6271     0.3683 0.0000e+00
        426 102.660026    0.02952     1.7714    106.284     31.295  50658.257    31.5836     5.6034     31.000     5.6011    24.9008     6.8562     9.7982     96.111    298.758    306.197   -0.00037    7.13362   10.19465  310.84698     5.6010   15.99670 3.0607e+00     0.6179     0.3638 0.0000e+00
        430 102.660037    0.02976     1.7857    107.144     32.304  50659.126    31.5838     5.6036     32.000     5.6012    24.9008     6.8517     9.7917     96.049    298.563    305.997   -0.00074    7.13357   10.19460  310.84520     5.6012   15.99662 2.7251e+00     0.6058     0.3493 0.0000e+00
