CTD-processing/allCTD/CNV/2015_10-19_t9_s03_cast213_5028.cnv
* Sea-Bird SBE19plus Data File:
* FileName = C:\Users\Kris.Holderied\Documents\kasitsna\Research-KBL\Oceanography-AK\CTD-Data-ALL-to-2015-06\2015-CTD-KachemakBay-CookInlet\2015-10-19-CookInlet-HomerSpit-monthly\2015-10-19-CookInlet-Tran9-cast213.hex
* Software Version 1.59
* Temperature SN =  5028
* Conductivity SN =  5028
* System UpLoad Time = Oct 31 2015 16:35:22
** Cook Inlet LTM Transect 9 Homer Spit monthly

** Date: 10-19
** Station: 9-03
** Start time (AKDT): 15:30
** Depth (m): 92.4
** Comment:  R/V Edgecumbe
** Comment:
# nquan = 27
# nvalues = 86                          
# units = specified
# name 0 = scan: Scan Count
# name 1 = timeJ: Julian Days
# name 2 = timeH: Time, Elapsed [hours]
# name 3 = timeM: Time, Elapsed [minutes]
# name 4 = timeS: Time, Elapsed [seconds]
# name 5 = prdM: Pressure, Strain Gauge [db]
# name 6 = specc: Specific Conductance [uS/cm]
# name 7 = sal00: Salinity, Practical [PSU]
# name 8 = tv290C: Temperature [ITS-90, deg C]
# name 9 = depSM: Depth [salt water, m], lat = 59.00
# name 10 = potemp090C: Potential Temperature [ITS-90, deg C]
# name 11 = sigma-é00: Density [sigma-theta, kg/m^3]
# name 12 = sbeox0ML/L: Oxygen, SBE 43 [ml/l]
# name 13 = sbeox0Mg/L: Oxygen, SBE 43 [mg/l]
# name 14 = sbeox0PS: Oxygen, SBE 43 [% saturation]
# name 15 = sbox0Mm/Kg: Oxygen, SBE 43 [umol/kg]
# name 16 = sbeox0Mm/L: Oxygen, SBE 43 [umol/l]
# name 17 = sbox0dV/dT: Oxygen, SBE 43 [dov/dt]
# name 18 = oxsolML/L: Oxygen Saturation, Garcia & Gordon [ml/l]
# name 19 = oxsolMg/L: Oxygen Saturation, Garcia & Gordon [mg/l]
# name 20 = oxsolMm/Kg: Oxygen Saturation, Garcia & Gordon [umol/kg]
# name 21 = potemp090C: Potential Temperature [ITS-90, deg C]
# name 22 = n2satMg/L: Nitrogen Saturation [mg/l]
# name 23 = par: PAR/Irradiance, Biospherical/Licor
# name 24 = flECO-AFL: Fluorescence, WET Labs ECO-AFL/FL [mg/m^3]
# name 25 = turbWETntu0: Turbidity, WET Labs ECO [NTU]
# name 26 = flag: flag
# span 0 =        296,        677       
# span 1 = 292.646919, 292.648022       
# span 2 =    0.02050,    0.04697       
# span 3 =     1.2299,     2.8182       
# span 4 =     73.796,    169.092       
# span 5 =      1.010,     86.830       
# span 6 =  45881.034,  48522.361       
# span 7 =    28.8110,    30.7120       
# span 8 =     8.7640,     9.6143       
# span 9 =      1.000,     86.000       
# span 10 =     8.8531,     9.6098      
# span 11 =    22.3108,    23.6908      
# span 12 =     5.1697,     5.9389      
# span 13 =     7.3880,     8.4873      
# span 14 =     78.732,     88.658      
# span 15 =    225.535,    259.379      
# span 16 =    230.878,    265.233      
# span 17 =   -0.01293,    0.01167      
# span 18 =    6.56289,    6.75363      
# span 19 =    9.37903,    9.65161      
# span 20 =  286.37340,  295.03508      
# span 21 =     8.7639,     9.6126      
# span 22 =   14.83350,   15.25417      
# span 23 = 4.6178e-02, 1.8313e+02      
# span 24 =     0.0872,     0.6622      
# span 25 =     0.5701,     2.0555      
# span 26 = 0.0000e+00, 0.0000e+00      
# interval = meters: 1                  
# start_time = Oct 19 2015 15:30:20 [Instrument's time stamp, header]
# bad_flag = -9.990e-29
*END*
[from data line 54]
        531 292.647597    0.03679     2.2072    132.429     55.526  48319.266    30.5834     9.4809     55.000     9.4713    23.5889     5.3430     7.6357     81.315    233.120    238.619    0.00072    6.57076    9.39027  286.68729     9.4751   14.84804 5.5306e-02     0.1121     0.6384 0.0000e+00
        535 292.647611    0.03711     2.2267    133.602     56.536  48326.906    30.5868     9.4689     56.000     9.4529    23.5934     5.3419     7.6341     81.278    233.071    238.569    0.00018    6.57235    9.39255  286.75566     9.4630   14.85130 5.4968e-02     0.1201     0.6589 0.0000e+00
        541 292.647626    0.03747     2.2483    134.899     57.546  48348.914    30.5986     9.4443     57.000     9.4316    23.6065     5.3457     7.6396     81.299    233.234    238.740    0.00012    6.57543    9.39695  286.88631     9.4383   14.85750 5.4634e-02     0.1191     0.6844 0.0000e+00
        546 292.647642    0.03785     2.2709    136.252     58.556  48360.475    30.6041     9.4285     58.000     9.4168    23.6133     5.3619     7.6628     81.519    233.940    239.464    0.00121    6.57750    9.39991  286.97476     9.4224   14.86170 5.4329e-02     0.1297     0.6497 0.0000e+00
        551 292.647656    0.03820     2.2920    137.522     59.565  48373.289    30.6110     9.4157     59.000     9.4067    23.6207     5.3802     7.6889     81.778    234.736    240.281    0.00224    6.57906    9.40214  287.04083     9.4096   14.86483 5.4078e-02     0.1191     0.6352 0.0000e+00
        556 292.647672    0.03856     2.3140    138.838     60.575  48383.283    30.6169     9.4108     60.000     9.4034    23.6261     5.3943     7.7090     81.986    235.349    240.909    0.00256    6.57953    9.40280  287.05961     9.4045   14.86571 5.3888e-02     0.1303     0.5914 0.0000e+00
        562 292.647687    0.03893     2.3355    140.127     61.585  48388.624    30.6199     9.4077     61.000     9.3998    23.6289     5.4033     7.7219     82.119    235.743    241.313    0.00241    6.57986    9.40328  287.07341     9.4012   14.86636 5.3656e-02     0.1377     0.5899 0.0000e+00
        566 292.647701    0.03926     2.3556    141.336     62.594  48394.132    30.6230     9.4052     62.000     9.3984    23.6318     5.4017     7.7196     82.092    235.672    241.242    0.00138    6.58010    9.40362  287.08299     9.3986   14.86680 5.3479e-02     0.1244     0.6002 0.0000e+00
        571 292.647715    0.03959     2.3759    142.553     63.604  48399.818    30.6265     9.4051     63.000     9.3989    23.6345     5.4034     7.7219     82.118    235.743    241.315    0.00096    6.57995    9.40341  287.07574     9.3985   14.86644 5.3294e-02     0.1211     0.5773 0.0000e+00
        576 292.647728    0.03993     2.3956    143.734     64.614  48406.463    30.6309     9.4066     64.000     9.4009    23.6378     5.4034     7.7220     82.124    235.743    241.316    0.00067    6.57955    9.40283  287.05726     9.3999   14.86554 5.2977e-02     0.1183     0.5701 0.0000e+00
        580 292.647741    0.04024     2.4143    144.861     65.624  48411.468    30.6344     9.4092     65.000     9.4033    23.6401     5.3978     7.7140     82.046    235.500    241.067   -0.00005    6.57903    9.40209  287.03394     9.4023   14.86441 5.1507e-02     0.1050     0.6004 0.0000e+00
        585 292.647754    0.04055     2.4329    145.972     66.634  48414.358    30.6363     9.4113     66.000     9.4048    23.6413     5.3898     7.7026     81.929    235.151    240.709   -0.00079    6.57865    9.40154  287.01698     9.4043   14.86359 4.6178e-02     0.1191     0.6193 0.0000e+00
        589 292.647767    0.04085     2.4513    147.081     67.644  48417.028    30.6379     9.4124     67.000     9.4061    23.6424     5.3842     7.6945     81.846    234.902    240.456   -0.00111    6.57841    9.40120  287.00610     9.4054   14.86306 4.7421e-02     0.1255     0.6121 0.0000e+00
        594 292.647780    0.04116     2.4697    148.179     68.653  48422.595    30.6417     9.4147     68.000     9.4093    23.6450     5.3799     7.6884     81.788    234.717    240.267   -0.00119    6.57792    9.40051  286.98432     9.4075   14.86201 4.9076e-02     0.1355     0.6260 0.0000e+00
        598 292.647793    0.04147     2.4884    149.302     69.663  48428.379    30.6459     9.4190     69.000     9.4134    23.6475     5.3772     7.6846     81.756    234.598    240.146   -0.00103    6.57711    9.39934  286.94784     9.4118   14.86025 4.9832e-02     0.1305     0.6513 0.0000e+00
        603 292.647807    0.04182     2.5089    150.535     70.673  48432.434    30.6486     9.4220     70.000     9.4146    23.6493     5.3663     7.6689     81.597    234.120    239.657   -0.00162    6.57656    9.39856  286.92352     9.4146   14.85907 5.0180e-02     0.1326     0.6661 0.0000e+00
        608 292.647822    0.04217     2.5302    151.813     71.682  48441.940    30.6548     9.4214     71.000     9.4142    23.6543     5.3565     7.6550     81.451    233.694    239.222   -0.00198    6.57638    9.39830  286.91415     9.4140   14.85860 5.0286e-02     0.1322     0.6922 0.0000e+00
        613 292.647837    0.04253     2.5517    153.100     72.692  48459.198    30.6670     9.4253     72.000     9.4223    23.6632     5.3483     7.6432     81.338    233.332    238.853   -0.00197    6.57530    9.39676  286.86480     9.4177   14.85619 5.0617e-02     0.1227     0.8126 0.0000e+00
        618 292.647850    0.04286     2.5715    154.292     73.702  48477.105    30.6809     9.4385     73.000     9.4373    23.6720     5.3361     7.6258     81.185    232.800    238.311   -0.00220    6.57279    9.39317  286.75274     9.4308   14.85078 5.0784e-02     0.1029     0.8082 0.0000e+00
        623 292.647864    0.04317     2.5901    155.408     74.711  48493.458    30.6940     9.4538     74.000     9.4525    23.6798     5.3126     7.5922     80.861    231.772    237.260   -0.00336    6.57001    9.38920  286.62926     9.4460   14.84482 5.0782e-02     0.1025     0.8976 0.0000e+00
        627 292.647876    0.04347     2.6085    156.512     75.722  48493.000    30.6948     9.4654     75.000     9.4599    23.6786     5.2744     7.5376     80.300    230.104    235.552   -0.00556    6.56829    9.38674  286.55446     9.4576   14.84124 5.0170e-02     0.0938     0.9574 0.0000e+00
        631 292.647889    0.04378     2.6268    157.606     76.731  48495.885    30.6969     9.4696     76.000     9.4625    23.6797     5.2352     7.4816     79.712    228.394    233.802   -0.00744    6.56759    9.38575  286.52391     9.4615   14.83977 5.0067e-02     0.1007     1.0123 0.0000e+00
        636 292.647901    0.04408     2.6447    158.684     77.741  48497.748    30.6980     9.4714     77.000     9.4633    23.6803     5.2132     7.4502     79.381    227.434    232.820   -0.00734    6.56729    9.38530  286.51024     9.4632   14.83912 5.0205e-02     0.1091     1.0548 0.0000e+00
        640 292.647914    0.04438     2.6628    159.770     78.751  48498.336    30.6981     9.4715     78.000     9.4631    23.6803     5.2099     7.4456     79.332    227.293    232.676   -0.00548    6.56726    9.38527  286.50928     9.4632   14.83907 5.0060e-02     0.0943     1.0935 0.0000e+00
        644 292.647926    0.04468     2.6808    160.849     79.761  48500.452    30.6991     9.4714     79.000     9.4631    23.6811     5.2073     7.4418     79.292    227.179    232.559   -0.00403    6.56723    9.38523  286.50776     9.4630   14.83899 4.9836e-02     0.0976     1.1092 0.0000e+00
        649 292.647939    0.04498     2.6990    161.941     80.771  48501.477    30.6994     9.4715     80.000     9.4631    23.6814     5.2022     7.4345     79.214    226.954    232.329   -0.00329    6.56720    9.38518  286.50634     9.4631   14.83892 4.9895e-02     0.1020     1.1772 0.0000e+00
        653 292.647951    0.04528     2.7168    163.007     81.781  48502.930    30.7000     9.4717     81.000     9.4632    23.6819     5.1997     7.4309     79.177    226.845    232.218   -0.00260    6.56716    9.38512  286.50419     9.4631   14.83882 4.9877e-02     0.0973     1.2047 0.0000e+00
        657 292.647964    0.04557     2.7345    164.069     82.790  48507.333    30.7028     9.4722     82.000     9.4642    23.6839     5.1963     7.4261     79.129    226.700    232.070   -0.00211    6.56696    9.38484  286.49501     9.4636   14.83837 4.9928e-02     0.0984     1.1664 0.0000e+00
        661 292.647976    0.04586     2.7521    165.125     83.800  48511.804    30.7057     9.4736     83.000     9.4654    23.6860     5.1920     7.4198     79.065    226.506    231.871   -0.00193    6.56664    9.38437  286.48017     9.4649   14.83765 4.9946e-02     0.0947     1.1859 0.0000e+00
        666 292.647988    0.04616     2.7695    166.170     84.810  48514.751    30.7075     9.4747     84.000     9.4661    23.6872     5.1888     7.4153     79.021    226.371    231.733   -0.00166    6.56641    9.38405  286.46991     9.4658   14.83715 5.0531e-02     0.0919     1.2309 0.0000e+00
        670 292.648001    0.04646     2.7874    167.243     85.820  48518.774    30.7099     9.4752     85.000     9.4661    23.6891     5.1826     7.4066     78.929    226.102    231.458   -0.00172    6.56624    9.38381  286.46209     9.4661   14.83676 5.0760e-02     0.1021     1.2529 0.0000e+00
        677 292.648022    0.04697     2.8182    169.092     86.830  48522.361    30.7120     9.4748     86.000     9.4655    23.6908     5.1697     7.3880     78.732    225.535    230.878   -0.00195    6.56620    9.38376  286.46002     9.4657   14.83666 5.0381e-02     0.1154     1.2963 0.0000e+00
