CTD-processing/allCTD/CNV/2015_09-04_t9_s02_cast184_5028.cnv
* Sea-Bird SBE19plus Data File:
* FileName = C:\Users\Kris.Holderied\Documents\kasitsna\Research-KBL\Oceanography-AK\CTD-Data-ALL-to-2015-06\2015-CTD-KachemakBay-CookInlet\2015-09-04-CookInlet-HomerSpit-Monthly\2015-09-04-CookInlet-Tran9-cast184.hex
* Software Version 1.59
* Temperature SN =  5028
* Conductivity SN =  5028
* System UpLoad Time = Oct 19 2015 12:17:33
** Cook Inlet LTM Transect 9 Homer Spit Monthly

** Date: 09-04
** Station: 9-02
** Start time (AKDT): 11:13
** Depth (m): 72
** Comment:  R/V Barnacle
** Comment:
# nquan = 27
# nvalues = 67                          
# units = specified
# name 0 = scan: Scan Count
# name 1 = timeJ: Julian Days
# name 2 = timeH: Time, Elapsed [hours]
# name 3 = timeM: Time, Elapsed [minutes]
# name 4 = timeS: Time, Elapsed [seconds]
# name 5 = prdM: Pressure, Strain Gauge [db]
# name 6 = specc: Specific Conductance [uS/cm]
# name 7 = sal00: Salinity, Practical [PSU]
# name 8 = tv290C: Temperature [ITS-90, deg C]
# name 9 = depSM: Depth [salt water, m], lat = 59.00
# name 10 = potemp090C: Potential Temperature [ITS-90, deg C]
# name 11 = sigma-é00: Density [sigma-theta, kg/m^3]
# name 12 = sbeox0ML/L: Oxygen, SBE 43 [ml/l]
# name 13 = sbeox0Mg/L: Oxygen, SBE 43 [mg/l]
# name 14 = sbeox0PS: Oxygen, SBE 43 [% saturation]
# name 15 = sbox0Mm/Kg: Oxygen, SBE 43 [umol/kg]
# name 16 = sbeox0Mm/L: Oxygen, SBE 43 [umol/l]
# name 17 = sbox0dV/dT: Oxygen, SBE 43 [dov/dt]
# name 18 = oxsolML/L: Oxygen Saturation, Garcia & Gordon [ml/l]
# name 19 = oxsolMg/L: Oxygen Saturation, Garcia & Gordon [mg/l]
# name 20 = oxsolMm/Kg: Oxygen Saturation, Garcia & Gordon [umol/kg]
# name 21 = potemp090C: Potential Temperature [ITS-90, deg C]
# name 22 = n2satMg/L: Nitrogen Saturation [mg/l]
# name 23 = par: PAR/Irradiance, Biospherical/Licor
# name 24 = flECO-AFL: Fluorescence, WET Labs ECO-AFL/FL [mg/m^3]
# name 25 = turbWETntu0: Turbidity, WET Labs ECO [NTU]
# name 26 = flag: flag
# span 0 =        337,        608       
# span 1 = 247.468496, 247.469279       
# span 2 =    0.02335,    0.04213       
# span 3 =     1.4013,     2.5281       
# span 4 =     84.080,    151.685       
# span 5 =      1.009,     67.643       
# span 6 =  47976.513,  49626.507       
# span 7 =    30.4559,    31.4686       
# span 8 =     9.2643,    10.2068       
# span 9 =      1.000,     67.000       
# span 10 =     9.2582,    10.2001      
# span 11 =    23.3726,    24.3140      
# span 12 =     5.3112,     5.4589      
# span 13 =     7.5903,     7.8014      
# span 14 =     81.510,     84.347      
# span 15 =    231.607,    238.228      
# span 16 =    237.199,    243.797      
# span 17 =   -0.00350,    0.00149      
# span 18 =    6.47204,    6.56483      
# span 19 =    9.24920,    9.38179      
# span 20 =  282.44004,  286.22576      
# span 21 =     9.2582,    10.2067      
# span 22 =   14.64542,   14.82239      
# span 23 = 5.3960e-02, 3.6596e+01      
# span 24 =     0.3674,     0.7545      
# span 25 =     1.0891,     1.6904      
# span 26 = 0.0000e+00, 0.0000e+00      
# interval = meters: 1                  
# start_time = Sep 04 2015 11:13:14 [Instrument's time stamp, header]
# bad_flag = -9.990e-29
*END*
[from data line 54]
        555 247.469126    0.03847     2.3083    138.500     55.526  49611.295    31.4632     9.2736     55.000     9.2647    24.3085     5.4039     7.7227     82.330    235.610    241.337   -0.00003    6.56367    9.38013  286.17675     9.2678   14.82006 5.4904e-02     0.3979     1.3805 0.0000e+00
        559 247.469137    0.03872     2.3230    139.382     56.536  49615.372    31.4649     9.2686     56.000     9.2606    24.3107     5.4067     7.7268     82.366    235.734    241.464    0.00011    6.56431    9.38105  286.20425     9.2627   14.82137 5.4838e-02     0.3973     1.3492 0.0000e+00
        562 247.469147    0.03897     2.3380    140.277     57.546  49619.304    31.4668     9.2653     57.000     9.2585    24.3127     5.4098     7.7310     82.406    235.863    241.597    0.00027    6.56471    9.38163  286.22127     9.2594   14.82217 5.4698e-02     0.3992     1.3749 0.0000e+00
        566 247.469157    0.03922     2.3531    141.184     58.555  49621.673    31.4679     9.2643     58.000     9.2582    24.3137     5.4117     7.7338     82.435    235.948    241.685    0.00031    6.56483    9.38179  286.22576     9.2582   14.82239 5.4654e-02     0.4001     1.3621 0.0000e+00
        570 247.469168    0.03948     2.3690    142.142     59.565  49622.720    31.4683     9.2647     59.000     9.2591    24.3139     5.4134     7.7363     82.461    236.024    241.762    0.00033    6.56475    9.38168  286.22241     9.2585   14.82223 5.4635e-02     0.3880     1.3693 0.0000e+00
        574 247.469180    0.03976     2.3855    143.128     60.575  49623.409    31.4686     9.2664     60.000     9.2610    24.3140     5.4127     7.7353     82.454    235.993    241.731    0.00016    6.56449    9.38132  286.21140     9.2600   14.82170 5.4574e-02     0.4023     1.4101 0.0000e+00
        577 247.469191    0.04003     2.4015    144.092     61.585  49623.121    31.4682     9.2683     61.000     9.2626    24.3133     5.4109     7.7327     82.430    235.914    241.650   -0.00011    6.56422    9.38093  286.19971     9.2619   14.82114 5.4499e-02     0.4082     1.4016 0.0000e+00
        581 247.469201    0.04029     2.4172    145.032     62.595  49622.771    31.4677     9.2696     62.000     9.2633    24.3128     5.4093     7.7305     82.408    235.845    241.580   -0.00027    6.56406    9.38070  286.19276     9.2630   14.82081 5.4427e-02     0.4076     1.3933 0.0000e+00
        585 247.469212    0.04054     2.4322    145.934     63.604  49623.354    31.4677     9.2700     63.000     9.2637    24.3127     5.4078     7.7283     82.386    235.779    241.512   -0.00041    6.56400    9.38060  286.18994     9.2634   14.82068 5.4331e-02     0.3999     1.4215 0.0000e+00
        588 247.469223    0.04078     2.4471    146.824     64.614  49624.166    31.4679     9.2707     64.000     9.2642    24.3128     5.4095     7.7306     82.412    235.851    241.585   -0.00024    6.56389    9.38045  286.18525     9.2639   14.82045 5.4280e-02     0.3930     1.4633 0.0000e+00
        592 247.469233    0.04105     2.4629    147.777     65.624  49625.280    31.4684     9.2714     65.000     9.2650    24.3131     5.4094     7.7305     82.412    235.846    241.581   -0.00019    6.56376    9.38027  286.17963     9.2646   14.82018 5.4238e-02     0.4000     1.4809 0.0000e+00
        598 247.469250    0.04144     2.4864    149.185     66.634  49625.864    31.4685     9.2723     66.000     9.2654    24.3130     5.4064     7.7263     82.369    235.719    241.451   -0.00041    6.56363    9.38009  286.17408     9.2653   14.81991 5.4174e-02     0.4041     1.5241 0.0000e+00
        608 247.469279    0.04213     2.5281    151.685     67.643  49626.507    31.4686     9.2726     67.000     9.2656    24.3130     5.3981     7.7145     82.243    235.358    241.080   -0.00086    6.56359    9.38002  286.17210     9.2655   14.81982 5.3960e-02     0.4050     1.6904 0.0000e+00
