CTD-processing/allCTD/CNV/2015_01-16_t9_s03_cast180_4141.cnv
* Sea-Bird SBE19plus Data File:
* FileName = C:\Users\kris.holderied\Documents\kasitsna\Research-Projects-and-Data\Oceanography-AK\CTD-Data-ALL-to-2014-10\2015-CTD-KachemakBay-CookInlet\2015-01-16-CookInlet-HomerSpit-monthly\2015-01-16-CookInlet-Tran9-cast180.hex
* Software Version 1.59
* Temperature SN =  4141
* Conductivity SN =  4141
* System UpLoad Time = Feb 11 2015 17:10:09
** Cook Inlet LTM Tran9 (Homer Spit) North to South
** Date: 01-16
** Station: 9-03
** Start time:  15:09
** Depth (m): 89.9
** Comment:  CTD time is local time (AKST). CTD only transect.
** Comment: Vessel is Kasitsna Bay Lab R/V Barnacle.
# nquan = 27
# nvalues = 83                          
# units = specified
# name 0 = scan: Scan Count
# name 1 = timeJ: Julian Days
# name 2 = timeH: Time, Elapsed [hours]
# name 3 = timeM: Time, Elapsed [minutes]
# name 4 = timeS: Time, Elapsed [seconds]
# name 5 = prdM: Pressure, Strain Gauge [db]
# name 6 = specc: Specific Conductance [uS/cm]
# name 7 = sal00: Salinity, Practical [PSU]
# name 8 = tv290C: Temperature [ITS-90, deg C]
# name 9 = depSM: Depth [salt water, m], lat = 59.00
# name 10 = potemp090C: Potential Temperature [ITS-90, deg C]
# name 11 = sigma-é00: Density [sigma-theta, kg/m^3]
# name 12 = sbeox0ML/L: Oxygen, SBE 43 [ml/l]
# name 13 = sbeox0Mg/L: Oxygen, SBE 43 [mg/l]
# name 14 = sbeox0PS: Oxygen, SBE 43 [% saturation]
# name 15 = sbox0Mm/Kg: Oxygen, SBE 43 [umol/kg]
# name 16 = sbeox0Mm/L: Oxygen, SBE 43 [umol/l]
# name 17 = sbox0dV/dT: Oxygen, SBE 43 [dov/dt]
# name 18 = oxsolML/L: Oxygen Saturation, Garcia & Gordon [ml/l]
# name 19 = oxsolMg/L: Oxygen Saturation, Garcia & Gordon [mg/l]
# name 20 = oxsolMm/Kg: Oxygen Saturation, Garcia & Gordon [umol/kg]
# name 21 = n2satMg/L: Nitrogen Saturation [mg/l]
# name 22 = par: PAR/Irradiance, Biospherical/Licor
# name 23 = wetStar: Fluorescence, WET Labs WETstar [mg/m^3]
# name 24 = CStarAt0: Beam Attenuation, WET Labs C-Star [1/m]
# name 25 = CStarTr0: Beam Transmission, WET Labs C-Star [%]
# name 26 = flag: flag
# span 0 =        286,        702       
# span 1 =  16.631518,  16.632724       
# span 2 =    0.01976,    0.04870       
# span 3 =     1.1857,     2.9218       
# span 4 =     71.139,    175.309       
# span 5 =      1.011,     83.791       
# span 6 =  48657.147,  50076.025       
# span 7 =    30.3915,    31.4727       
# span 8 =     6.5248,     7.3020       
# span 9 =      1.000,     83.000       
# span 10 =     6.5748,     7.2947      
# span 11 =    23.8503,    24.6023      
# span 12 =     5.9234,     6.1217      
# span 13 =     8.4651,     8.7485      
# span 14 =     84.191,     87.989      
# span 15 =    258.376,    266.958      
# span 16 =    264.540,    273.394      
# span 17 =   -0.00169,    0.01157      
# span 18 =    6.86167,    7.03612      
# span 19 =    9.80602,   10.05533      
# span 20 =  299.08431,  306.91361      
# span 21 =   15.43646,   15.81421      
# span 22 = 3.6382e-02, 5.3131e+00      
# span 23 =     0.2401,     0.3472      
# span 24 =     0.5154,     1.8391      
# span 25 =    63.1382,    87.9110      
# span 26 = 0.0000e+00, 0.0000e+00      
# interval = meters: 1                  
# start_time = Jan 16 2015 15:08:12 [Instrument's time stamp, header]
# bad_flag = -9.990e-29
*END*
[from data line 54]
        580  16.632371    0.04023     2.4137    144.824     55.527  50050.816    31.4663     7.2939     55.000     7.2887    24.5980     6.0234     8.6080     87.763    262.547    269.005   -0.00036    6.86323    9.80825  299.15357   15.43978 3.6382e-02     0.2470     0.5568    87.0047 0.0000e+00
        584  16.632381    0.04049     2.4294    145.764     56.536  50051.139    31.4660     7.2934     56.000     7.2880    24.5978     6.0254     8.6108     87.791    262.631    269.091   -0.00003    6.86333    9.80839  299.15764   15.43998 3.6382e-02     0.2519     0.5632    86.8665 0.0000e+00
        588  16.632393    0.04076     2.4455    146.728     57.544  50052.828    31.4666     7.2931     57.000     7.2881    24.5984     6.0331     8.6218     87.903    262.967    269.437    0.00070    6.86334    9.80840  299.15792   15.43999 3.6382e-02     0.2640     0.5655    86.8148 0.0000e+00
        592  16.632405    0.04104     2.4623    147.740     58.555  50053.530    31.4667     7.2935     58.000     7.2884    24.5984     6.0310     8.6189     87.873    262.878    269.345    0.00049    6.86328    9.80833  299.15549   15.43988 3.6382e-02     0.2500     0.5644    86.8410 0.0000e+00
        596  16.632416    0.04132     2.4795    148.767     59.566  50053.561    31.4663     7.2938     59.000     7.2884    24.5981     6.0236     8.6084     87.767    262.556    269.015   -0.00085    6.86324    9.80825  299.15350   15.43978 3.6382e-02     0.2490     0.5604    86.9280 0.0000e+00
        600  16.632429    0.04162     2.4969    149.814     60.574  50054.660    31.4666     7.2937     60.000     7.2883    24.5983     6.0226     8.6069     87.751    262.513    268.970   -0.00083    6.86324    9.80826  299.15364   15.43979 3.6382e-02     0.2522     0.5620    86.8924 0.0000e+00
        605  16.632441    0.04192     2.5149    150.896     61.586  50055.639    31.4668     7.2938     61.000     7.2885    24.5985     6.0265     8.6125     87.809    262.683    269.145   -0.00021    6.86321    9.80821  299.15225   15.43972 3.6382e-02     0.2429     0.5592    86.9532 0.0000e+00
        609  16.632453    0.04220     2.5321    151.924     62.594  50057.570    31.4678     7.2945     62.000     7.2892    24.5992     6.0261     8.6118     87.805    262.663    269.124   -0.00013    6.86306    9.80800  299.14547   15.43939 3.6382e-02     0.2433     0.5667    86.7889 0.0000e+00
        613  16.632464    0.04249     2.5492    152.949     63.606  50058.501    31.4682     7.2952     63.000     7.2899    24.5994     6.0265     8.6125     87.812    262.681    269.144   -0.00027    6.86295    9.80784  299.14060   15.43916 3.6382e-02     0.2589     0.5815    86.4691 0.0000e+00
        617  16.632476    0.04276     2.5656    153.936     64.612  50059.085    31.4682     7.2963     64.000     7.2905    24.5994     6.0254     8.6109     87.798    262.633    269.094   -0.00021    6.86276    9.80757  299.13243   15.43877 3.6382e-02     0.2459     0.5958    86.1615 0.0000e+00
        621  16.632488    0.04305     2.5827    154.961     65.624  50057.665    31.4668     7.2960     65.000     7.2898    24.5982     6.0181     8.6005     87.691    262.316    268.769   -0.00127    6.86287    9.80774  299.13776   15.43903 3.6382e-02     0.2401     0.6069    85.9210 0.0000e+00
        625  16.632501    0.04334     2.6009    156.053     66.632  50064.442    31.4711     7.2966     66.000     7.2917    24.6016     6.0194     8.6022     87.713    262.369    268.824   -0.00089    6.86258    9.80732  299.12412   15.43836 3.6382e-02     0.2561     0.5989    86.0947 0.0000e+00
        630  16.632514    0.04367     2.6205    157.231     67.645  50062.936    31.4699     7.2982     67.000     7.2921    24.6004     6.0262     8.6120     87.814    262.666    269.128    0.00027    6.86239    9.80704  299.11597   15.43798 3.6382e-02     0.2504     0.6232    85.5738 0.0000e+00
        634  16.632527    0.04399     2.6392    158.353     68.651  50063.585    31.4699     7.2983     68.000     7.2923    24.6004     6.0301     8.6175     87.871    262.836    269.302    0.00051    6.86238    9.80702  299.11533   15.43795 3.6382e-02     0.2457     0.6328    85.3686 0.0000e+00
        639  16.632541    0.04431     2.6588    159.530     69.663  50064.762    31.4703     7.2987     69.000     7.2925    24.6007     6.0291     8.6162     87.859    262.795    269.260    0.00029    6.86228    9.80689  299.11131   15.43776 3.6382e-02     0.2567     0.6430    85.1501 0.0000e+00
        644  16.632554    0.04463     2.6778    160.667     70.672  50064.208    31.4695     7.2989     70.000     7.2923    24.6001     6.0238     8.6086     87.782    262.565    269.024   -0.00068    6.86229    9.80691  299.11181   15.43779 3.6382e-02     0.2414     0.6492    85.0175 0.0000e+00
        648  16.632567    0.04495     2.6970    161.817     71.683  50064.837    31.4694     7.2983     71.000     7.2919    24.6000     6.0257     8.6113     87.807    262.646    269.106   -0.00035    6.86239    9.80704  299.11610   15.43799 3.6382e-02     0.2476     0.6463    85.0811 0.0000e+00
        653  16.632580    0.04526     2.7157    162.940     72.692  50065.367    31.4693     7.2982     72.000     7.2915    24.6000     6.0287     8.6156     87.851    262.776    269.241    0.00004    6.86241    9.80707  299.11698   15.43803 3.6382e-02     0.2494     0.6323    85.3788 0.0000e+00
        657  16.632593    0.04556     2.7338    164.026     73.703  50070.197    31.4723     7.2990     73.000     7.2933    24.6023     6.0261     8.6119     87.816    262.662    269.125   -0.00032    6.86217    9.80672  299.10563   15.43748 3.6382e-02     0.2581     0.6328    85.3686 0.0000e+00
        661  16.632605    0.04585     2.7509    165.055     74.712  50069.292    31.4715     7.3004     74.000     7.2939    24.6014     6.0307     8.6184     87.885    262.862    269.329    0.00020    6.86197    9.80644  299.09720   15.43708 3.6382e-02     0.2507     0.6765    84.4397 0.0000e+00
        665  16.632617    0.04613     2.7679    166.075     75.722  50070.849    31.4722     7.3008     75.000     7.2941    24.6020     6.0340     8.6232     87.935    263.008    269.479    0.00057    6.86187    9.80630  299.09294   15.43687 3.6382e-02     0.2479     0.6919    84.1159 0.0000e+00
        670  16.632628    0.04643     2.7854    167.125     76.731  50071.162    31.4719     7.3008     76.000     7.2938    24.6018     6.0331     8.6219     87.922    262.969    269.438    0.00023    6.86188    9.80630  299.09307   15.43688 3.6382e-02     0.2446     0.6987    83.9724 0.0000e+00
        674  16.632642    0.04673     2.8036    168.215     77.740  50071.537    31.4717     7.3008     77.000     7.2939    24.6016     6.0338     8.6228     87.931    262.997    269.467   -0.00002    6.86189    9.80633  299.09383   15.43692 3.6382e-02     0.2514     0.7003    83.9391 0.0000e+00
        678  16.632654    0.04704     2.8227    169.363     78.749  50072.537    31.4720     7.3009     78.000     7.2941    24.6018     6.0377     8.6284     87.989    263.167    269.642    0.00053    6.86186    9.80628  299.09229   15.43684 3.6382e-02     0.2453     0.6990    83.9667 0.0000e+00
        683  16.632669    0.04739     2.8437    170.624     79.764  50074.091    31.4727     7.3016     79.000     7.2946    24.6023     6.0330     8.6218     87.922    262.964    269.433   -0.00033    6.86172    9.80609  299.08630   15.43655 3.6382e-02     0.2412     0.6959    84.0327 0.0000e+00
        688  16.632682    0.04771     2.8624    171.741     80.771  50072.865    31.4714     7.3018     80.000     7.2944    24.6013     6.0283     8.6151     87.854    262.760    269.224   -0.00088    6.86175    9.80613  299.08782   15.43663 3.6382e-02     0.2516     0.7230    83.4644 0.0000e+00
        692  16.632695    0.04802     2.8807    172.841     81.780  50074.362    31.4720     7.3015     81.000     7.2940    24.6017     6.0271     8.6133     87.836    262.708    269.171   -0.00096    6.86177    9.80615  299.08834   15.43665 3.6382e-02     0.2457     0.7231    83.4622 0.0000e+00
        697  16.632708    0.04832     2.8992    173.952     82.789  50075.237    31.4721     7.3014     82.000     7.2941    24.6019     6.0258     8.6114     87.816    262.649    269.111   -0.00079    6.86178    9.80617  299.08882   15.43668 3.6382e-02     0.2461     0.7107    83.7223 0.0000e+00
        702  16.632724    0.04870     2.9218    175.309     83.791  50076.025    31.4723     7.3020     83.000     7.2947    24.6020     6.0266     8.6127     87.831    262.688    269.151   -0.00057    6.86167    9.80602  299.08431   15.43646 3.6382e-02     0.2572     0.6952    84.0473 0.0000e+00
