CTD-processing/allCTD/CNV/2015_11-04_t3_s14_cast016_5028.cnv
* Sea-Bird SBE19plus Data File:
* FileName = C:\Users\Kris.Holderied\Documents\kasitsna\Research-KBL\Oceanography-AK\CTD-Data-ALL-to-2015-10\2015-CTD-KachemakBay-CookInlet\2015-11-EVOSTC-CookInlet-quarterly\2015-11-04-CookInlet-Tran3-AnchorPt\2015-11-04-CookInlet-Tran3-cast016.hex
* Software Version 1.59
* Temperature SN =  5028
* Conductivity SN =  5028
* System UpLoad Time = Nov 04 2015 14:05:55
** Cook Inlet LTM Tran3 Anchor Pt  Northwest to Southeast

** Date: 11-04
** Station: 3-14
** Start time (AKST): 10:02
** Depth (m): 27.9
** Comment: M/V Ursus.
** Comment:
# nquan = 27
# nvalues = 29                          
# units = specified
# name 0 = scan: Scan Count
# name 1 = timeJ: Julian Days
# name 2 = timeH: Time, Elapsed [hours]
# name 3 = timeM: Time, Elapsed [minutes]
# name 4 = timeS: Time, Elapsed [seconds]
# name 5 = prdM: Pressure, Strain Gauge [db]
# name 6 = specc: Specific Conductance [uS/cm]
# name 7 = sal00: Salinity, Practical [PSU]
# name 8 = tv290C: Temperature [ITS-90, deg C]
# name 9 = depSM: Depth [salt water, m], lat = 59.00
# name 10 = potemp090C: Potential Temperature [ITS-90, deg C]
# name 11 = sigma-é00: Density [sigma-theta, kg/m^3]
# name 12 = sbeox0ML/L: Oxygen, SBE 43 [ml/l]
# name 13 = sbeox0Mg/L: Oxygen, SBE 43 [mg/l]
# name 14 = sbeox0PS: Oxygen, SBE 43 [% saturation]
# name 15 = sbox0Mm/Kg: Oxygen, SBE 43 [umol/kg]
# name 16 = sbeox0Mm/L: Oxygen, SBE 43 [umol/l]
# name 17 = sbox0dV/dT: Oxygen, SBE 43 [dov/dt]
# name 18 = oxsolML/L: Oxygen Saturation, Garcia & Gordon [ml/l]
# name 19 = oxsolMg/L: Oxygen Saturation, Garcia & Gordon [mg/l]
# name 20 = oxsolMm/Kg: Oxygen Saturation, Garcia & Gordon [umol/kg]
# name 21 = potemp090C: Potential Temperature [ITS-90, deg C]
# name 22 = n2satMg/L: Nitrogen Saturation [mg/l]
# name 23 = par: PAR/Irradiance, Biospherical/Licor
# name 24 = flECO-AFL: Fluorescence, WET Labs ECO-AFL/FL [mg/m^3]
# name 25 = turbWETntu0: Turbidity, WET Labs ECO [NTU]
# name 26 = flag: flag
# span 0 =         54,        508       
# span 1 = 308.417467, 308.418782       
# span 2 =    0.00365,    0.03520       
# span 3 =     0.2190,     2.1121       
# span 4 =     13.141,    126.724       
# span 5 =      1.010,     29.276       
# span 6 =  48084.202,  48227.922       
# span 7 =    30.3171,    30.4207       
# span 8 =     8.4382,     8.6618       
# span 9 =      1.000,     29.000       
# span 10 =     8.5174,     8.6591      
# span 11 =    23.5175,    23.5881      
# span 12 =     5.8834,     6.1000      
# span 13 =     8.4079,     8.7176      
# span 14 =     87.799,     90.595      
# span 15 =    256.696,    266.149      
# span 16 =    262.751,    272.427      
# span 17 =   -0.00036,    0.03512      
# span 18 =    6.69889,    6.73436      
# span 19 =    9.57339,    9.62407      
# span 20 =  292.27931,  293.82573      
# span 21 =     8.4381,     8.6591      
# span 22 =   15.11592,   15.18992      
# span 23 = 7.3789e-01, 4.3931e+01      
# span 24 =     0.3129,     0.3662      
# span 25 =     0.4187,     3.4008      
# span 26 = 0.0000e+00, 0.0000e+00      
# interval = meters: 1                  
# start_time = Nov 04 2015 10:00:56 [Instrument's time stamp, header]
# bad_flag = -9.990e-29
*END*
         54 308.417467    0.00365     0.2190     13.141      1.010  48204.954    30.3832     8.4382      1.000     8.5174    23.5881     6.1000     8.7176     90.595    266.149    272.427    0.03512    6.73436    9.62407  293.82573     8.4381   15.18992 4.3931e+01     0.3442     3.4008 0.0000e+00
        145 308.417731    0.00999     0.5992     35.951      2.019  48084.202    30.3171     8.5682      2.000     8.5578    23.5175     6.0424     8.6352     89.955    263.652    269.852    0.02084    6.71749    9.59998  293.11023     8.5680   15.15602 3.0603e+01     0.3279     0.7511 0.0000e+00
        335 308.418281    0.02320     1.3920     83.519      3.028  48216.873    30.4207     8.6480      3.000     8.6485    23.5870     5.8834     8.4079     87.799    256.696    262.751    0.00263    6.70091    9.57627  292.36665     8.6477   15.12009 2.6849e+01     0.3282     0.4524 0.0000e+00
        339 308.418293    0.02347     1.4081     84.484      4.039  48214.538    30.4189     8.6498      4.000     8.6496    23.5853     5.8886     8.4153     87.880    256.923    262.983    0.00177    6.70072    9.57600  292.35874     8.6494   15.11971 2.0372e+01     0.3295     0.4931 0.0000e+00
        345 308.418309    0.02387     1.4322     85.935      5.048  48214.892    30.4185     8.6487      5.000     8.6483    23.5852     5.8947     8.4241     87.968    257.190    263.256    0.00153    6.70089    9.57625  292.36631     8.6483   15.12008 1.6803e+01     0.3456     0.4566 0.0000e+00
        353 308.418332    0.02442     1.4650     87.899      6.057  48216.555    30.4197     8.6516      6.000     8.6519    23.5857     5.8923     8.4206     87.939    257.086    263.150    0.00056    6.70042    9.57557  292.34559     8.6510   15.11909 1.3970e+01     0.3516     0.4409 0.0000e+00
        358 308.418349    0.02481     1.4886     89.318      7.066  48215.592    30.4188     8.6532      7.000     8.6525    23.5848     5.8977     8.4284     88.022    257.321    263.390    0.00068    6.70021    9.57527  292.33662     8.6525   15.11866 1.1601e+01     0.3451     0.4187 0.0000e+00
        365 308.418367    0.02526     1.5157     90.939      8.076  48216.317    30.4189     8.6533      8.000     8.6526    23.5849     5.9090     8.4446     88.192    257.817    263.897    0.00125    6.70019    9.57524  292.33577     8.6525   15.11862 9.9577e+00     0.3579     0.4549 0.0000e+00
        373 308.418390    0.02580     1.5480     92.882      9.085  48217.280    30.4192     8.6535      9.000     8.6528    23.5851     5.9077     8.4426     88.172    257.757    263.837    0.00048    6.70015    9.57518  292.33390     8.6526   15.11853 8.8425e+00     0.3662     0.4547 0.0000e+00
        378 308.418405    0.02617     1.5704     94.224     10.094  48218.254    30.4196     8.6545     10.000     8.6541    23.5853     5.9095     8.4452     88.201    257.835    263.916    0.00031    6.69999    9.57495  292.32674     8.6535   15.11819 7.5755e+00     0.3396     0.4427 0.0000e+00
        385 308.418426    0.02668     1.6007     96.040     11.104  48218.355    30.4195     8.6566     11.000     8.6561    23.5849     5.9179     8.4573     88.332    258.204    264.294    0.00079    6.69966    9.57448  292.31270     8.6556   15.11751 6.8110e+00     0.3349     0.4585 0.0000e+00
        393 308.418448    0.02721     1.6326     97.958     12.114  48218.689    30.4196     8.6588     12.000     8.6580    23.5847     5.9152     8.4535     88.296    258.089    264.175    0.00005    6.69935    9.57403  292.29896     8.6575   15.11686 6.0436e+00     0.3371     0.4584 0.0000e+00
        397 308.418462    0.02753     1.6516     99.096     13.123  48218.192    30.4189     8.6593     13.000     8.6579    23.5841     5.9228     8.4643     88.409    258.418    264.512    0.00066    6.69929    9.57396  292.29669     8.6580   15.11676 5.2653e+00     0.3406     0.4615 0.0000e+00
        407 308.418489    0.02817     1.6905    101.432     14.132  48219.284    30.4191     8.6583     14.000     8.6571    23.5844     5.9191     8.4590     88.353    258.257    264.348    0.00001    6.69942    9.57415  292.30253     8.6570   15.11703 4.7386e+00     0.3437     0.4554 0.0000e+00
        413 308.418506    0.02858     1.7151    102.907     15.142  48219.935    30.4192     8.6589     15.000     8.6575    23.5844     5.9186     8.4583     88.346    258.235    264.325   -0.00010    6.69935    9.57403  292.29907     8.6574   15.11687 4.1791e+00     0.3333     0.4606 0.0000e+00
        418 308.418523    0.02899     1.7394    104.363     16.152  48220.233    30.4190     8.6589     16.000     8.6572    23.5842     5.9225     8.4639     88.405    258.407    264.502    0.00018    6.69934    9.57403  292.29911     8.6573   15.11687 3.7448e+00     0.3129     0.4805 0.0000e+00
        427 308.418548    0.02959     1.7754    106.526     17.161  48221.643    30.4195     8.6588     17.000     8.6575    23.5847     5.9254     8.4679     88.447    258.530    264.627    0.00024    6.69933    9.57401  292.29830     8.6572   15.11683 3.3255e+00     0.3325     0.4967 0.0000e+00
        432 308.418562    0.02992     1.7953    107.721     18.171  48221.639    30.4191     8.6595     18.000     8.6577    23.5843     5.9277     8.4712     88.482    258.629    264.728    0.00026    6.69925    9.57389  292.29477     8.6577   15.11666 2.9149e+00     0.3254     0.4706 0.0000e+00
        439 308.418582    0.03042     1.8250    109.501     19.180  48222.273    30.4191     8.6591     19.000     8.6571    23.5844     5.9292     8.4735     88.505    258.698    264.799    0.00022    6.69931    9.57398  292.29735     8.6572   15.11679 2.5976e+00     0.3313     0.4862 0.0000e+00
        446 308.418603    0.03092     1.8552    111.313     20.190  48223.124    30.4193     8.6593     20.000     8.6575    23.5845     5.9268     8.4701     88.470    258.594    264.693   -0.00013    6.69926    9.57392  292.29560     8.6574   15.11670 2.3383e+00     0.3543     0.4916 0.0000e+00
        453 308.418623    0.03140     1.8840    113.039     21.199  48223.401    30.4191     8.6596     21.000     8.6575    23.5843     5.9276     8.4712     88.482    258.628    264.727   -0.00007    6.69924    9.57388  292.29450     8.6575   15.11665 2.0673e+00     0.3618     0.4830 0.0000e+00
        460 308.418642    0.03186     1.9113    114.678     22.209  48224.250    30.4193     8.6598     22.000     8.6577    23.5845     5.9282     8.4720     88.491    258.652    264.753   -0.00004    6.69920    9.57382  292.29265     8.6576   15.11656 1.8178e+00     0.3385     0.4883 0.0000e+00
        465 308.418658    0.03225     1.9349    116.094     23.218  48224.701    30.4192     8.6604     23.000     8.6581    23.5843     5.9272     8.4706     88.478    258.610    264.709   -0.00017    6.69911    9.57370  292.28899     8.6581   15.11639 1.5978e+00     0.3411     0.4795 0.0000e+00
        474 308.418683    0.03283     1.9699    118.195     24.228  48225.389    30.4194     8.6604     24.000     8.6582    23.5844     5.9275     8.4710     88.482    258.624    264.723   -0.00012    6.69910    9.57368  292.28829     8.6581   15.11635 1.4150e+00     0.3374     0.4668 0.0000e+00
        480 308.418700    0.03324     1.9946    119.673     25.237  48225.899    30.4194     8.6612     25.000     8.6588    23.5843     5.9297     8.4741     88.516    258.718    264.820    0.00004    6.69898    9.57351  292.28306     8.6587   15.11611 1.2477e+00     0.3325     0.4632 0.0000e+00
        486 308.418718    0.03367     2.0204    121.224     26.247  48226.647    30.4195     8.6615     26.000     8.6590    23.5844     5.9328     8.4785     88.563    258.853    264.958    0.00023    6.69893    9.57344  292.28088     8.6589   15.11600 1.1053e+00     0.3204     0.4882 0.0000e+00
        493 308.418738    0.03417     2.0497    122.984     27.257  48227.331    30.4196     8.6617     27.000     8.6591    23.5844     5.9286     8.4726     88.502    258.672    264.773   -0.00025    6.69889    9.57339  292.27931     8.6591   15.11592 9.7372e-01     0.3271     0.4721 0.0000e+00
        500 308.418760    0.03468     2.0810    124.858     28.266  48227.629    30.4193     8.6618     28.000     8.6589    23.5843     5.9265     8.4695     88.470    258.578    264.676   -0.00036    6.69890    9.57339  292.27948     8.6590   15.11593 8.6369e-01     0.3536     0.4627 0.0000e+00
        508 308.418782    0.03520     2.1121    126.724     29.276  48227.922    30.4190     8.6612     29.000     8.6581    23.5842     5.9275     8.4710     88.483    258.622    264.721   -0.00018    6.69900    9.57354  292.28408     8.6583   15.11616 7.3789e-01     0.3292     0.4835 0.0000e+00
