CTD-processing/allCTD/CNV/2015_11-04_t3_s09_cast011_5028.cnv
* Sea-Bird SBE19plus Data File:
* FileName = C:\Users\Kris.Holderied\Documents\kasitsna\Research-KBL\Oceanography-AK\CTD-Data-ALL-to-2015-10\2015-CTD-KachemakBay-CookInlet\2015-11-EVOSTC-CookInlet-quarterly\2015-11-04-CookInlet-Tran3-AnchorPt\2015-11-04-CookInlet-Tran3-cast011.hex
* Software Version 1.59
* Temperature SN =  5028
* Conductivity SN =  5028
* System UpLoad Time = Nov 04 2015 14:01:48
** Cook Inlet LTM Tran3 Anchor Pt  Northwest to Southeast

** Date: 11-04
** Station: 3-09
** Start time (AKST): 07:32
** Depth (m): 73.6
** Comment: M/V Ursus.
** Comment:
# nquan = 27
# nvalues = 75                          
# units = specified
# name 0 = scan: Scan Count
# name 1 = timeJ: Julian Days
# name 2 = timeH: Time, Elapsed [hours]
# name 3 = timeM: Time, Elapsed [minutes]
# name 4 = timeS: Time, Elapsed [seconds]
# name 5 = prdM: Pressure, Strain Gauge [db]
# name 6 = specc: Specific Conductance [uS/cm]
# name 7 = sal00: Salinity, Practical [PSU]
# name 8 = tv290C: Temperature [ITS-90, deg C]
# name 9 = depSM: Depth [salt water, m], lat = 59.00
# name 10 = potemp090C: Potential Temperature [ITS-90, deg C]
# name 11 = sigma-é00: Density [sigma-theta, kg/m^3]
# name 12 = sbeox0ML/L: Oxygen, SBE 43 [ml/l]
# name 13 = sbeox0Mg/L: Oxygen, SBE 43 [mg/l]
# name 14 = sbeox0PS: Oxygen, SBE 43 [% saturation]
# name 15 = sbox0Mm/Kg: Oxygen, SBE 43 [umol/kg]
# name 16 = sbeox0Mm/L: Oxygen, SBE 43 [umol/l]
# name 17 = sbox0dV/dT: Oxygen, SBE 43 [dov/dt]
# name 18 = oxsolML/L: Oxygen Saturation, Garcia & Gordon [ml/l]
# name 19 = oxsolMg/L: Oxygen Saturation, Garcia & Gordon [mg/l]
# name 20 = oxsolMm/Kg: Oxygen Saturation, Garcia & Gordon [umol/kg]
# name 21 = potemp090C: Potential Temperature [ITS-90, deg C]
# name 22 = n2satMg/L: Nitrogen Saturation [mg/l]
# name 23 = par: PAR/Irradiance, Biospherical/Licor
# name 24 = flECO-AFL: Fluorescence, WET Labs ECO-AFL/FL [mg/m^3]
# name 25 = turbWETntu0: Turbidity, WET Labs ECO [NTU]
# name 26 = flag: flag
# span 0 =         34,        795       
# span 1 = 308.313092, 308.315294       
# span 2 =    0.00226,    0.05513       
# span 3 =     0.1356,     3.3080       
# span 4 =      8.138,    198.482       
# span 5 =      1.010,     75.721       
# span 6 =  47429.277,  48218.798       
# span 7 =    29.8248,    30.4199       
# span 8 =     8.3073,     8.8508       
# span 9 =      1.000,     75.000       
# span 10 =     8.2792,     8.8432      
# span 11 =    23.1695,    23.5576      
# span 12 =     5.7346,     5.9568      
# span 13 =     8.1952,     8.5128      
# span 14 =     85.230,     89.297      
# span 15 =    250.235,    259.907      
# span 16 =    256.105,    266.030      
# span 17 =   -0.00079,    0.01449      
# span 18 =    6.67055,    6.77882      
# span 19 =    9.53289,    9.68761      
# span 20 =  291.05039,  295.88710      
# span 21 =     8.3072,     8.8433      
# span 22 =   15.05723,   15.29064      
# span 23 = 3.7915e-02, 7.6712e-02      
# span 24 =     0.3084,     0.4039      
# span 25 =     0.5261,     1.1060      
# span 26 = 0.0000e+00, 0.0000e+00      
# interval = meters: 1                  
# start_time = Nov 04 2015 07:30:43 [Instrument's time stamp, header]
# bad_flag = -9.990e-29
*END*
[from data line 54]
        650 308.314876    0.04508     2.7048    162.289     55.526  48205.508    30.4178     8.8435     55.000     8.8379    23.5566     5.9549     8.5102     89.256    259.827    265.948    0.00035    6.67174    9.53458  291.10239     8.8379   15.05972 3.8152e-02     0.3397     0.6951 0.0000e+00
        656 308.314894    0.04551     2.7307    163.843     56.536  48204.977    30.4169     8.8432     56.000     8.8373    23.5560     5.9556     8.5111     89.265    259.855    265.976    0.00024    6.67181    9.53469  291.10585     8.8375   15.05989 3.8157e-02     0.3330     0.6557 0.0000e+00
        666 308.314921    0.04616     2.7697    166.184     57.546  48205.991    30.4171     8.8425     57.000     8.8370    23.5563     5.9518     8.5056     89.206    259.686    265.803   -0.00026    6.67190    9.53481  291.10965     8.8368   15.06007 3.8238e-02     0.3246     0.6196 0.0000e+00
        671 308.314935    0.04650     2.7900    167.398     58.555  48208.390    30.4186     8.8439     58.000     8.8386    23.5572     5.9518     8.5057     89.210    259.690    265.807   -0.00021    6.67163    9.53442  291.09736     8.8381   15.05947 3.8147e-02     0.3177     0.6843 0.0000e+00
        679 308.314958    0.04706     2.8235    169.410     59.565  48209.021    30.4187     8.8446     59.000     8.8389    23.5572     5.9497     8.5027     89.180    259.597    265.713   -0.00033    6.67153    9.53428  291.09314     8.8386   15.05927 3.8082e-02     0.3131     0.6625 0.0000e+00
        685 308.314978    0.04753     2.8515    171.089     60.575  48210.343    30.4193     8.8456     60.000     8.8400    23.5575     5.9447     8.4955     89.107    259.377    265.488   -0.00058    6.67136    9.53404  291.08557     8.8395   15.05891 3.8087e-02     0.3167     0.6542 0.0000e+00
        690 308.314992    0.04788     2.8726    172.355     61.585  48209.970    30.4188     8.8468     61.000     8.8407    23.5570     5.9481     8.5005     89.161    259.531    265.644   -0.00026    6.67120    9.53381  291.07872     8.8406   15.05859 3.8136e-02     0.3287     0.8024 0.0000e+00
        702 308.315025    0.04865     2.9190    175.141     62.595  48211.220    30.4192     8.8464     62.000     8.8404    23.5573     5.9532     8.5078     89.238    259.753    265.872    0.00007    6.67124    9.53388  291.08057     8.8401   15.05867 3.8000e-02     0.3084     0.7188 0.0000e+00
        706 308.315037    0.04895     2.9369    176.215     63.604  48211.542    30.4191     8.8472     63.000     8.8409    23.5572     5.9527     8.5070     89.231    259.730    265.848   -0.00013    6.67112    9.53370  291.07541     8.8408   15.05843 3.8009e-02     0.3245     0.7514 0.0000e+00
        713 308.315058    0.04944     2.9661    177.969     64.614  48212.220    30.4192     8.8476     64.000     8.8412    23.5572     5.9518     8.5057     89.217    259.688    265.806   -0.00019    6.67106    9.53361  291.07252     8.8411   15.05829 3.8032e-02     0.3368     0.7955 0.0000e+00
        722 308.315084    0.05007     3.0040    180.241     65.623  48212.473    30.4190     8.8478     65.000     8.8410    23.5571     5.9489     8.5016     89.175    259.564    265.678   -0.00033    6.67104    9.53358  291.07161     8.8413   15.05825 3.8027e-02     0.3317     0.7967 0.0000e+00
        728 308.315102    0.05051     3.0302    181.811     66.633  48212.917    30.4188     8.8473     66.000     8.8406    23.5570     5.9548     8.5100     89.262    259.821    265.941    0.00022    6.67111    9.53369  291.07513     8.8407   15.05841 3.8046e-02     0.3412     0.7904 0.0000e+00
        735 308.315123    0.05100     3.0603    183.620     67.643  48214.465    30.4195     8.8478     67.000     8.8415    23.5575     5.9499     8.5031     89.191    259.608    265.723   -0.00031    6.67100    9.53353  291.07016     8.8411   15.05817 3.8045e-02     0.3463     0.8262 0.0000e+00
        743 308.315146    0.05156     3.0932    185.594     68.653  48214.889    30.4195     8.8491     68.000     8.8423    23.5573     5.9480     8.5004     89.166    259.527    265.640   -0.00037    6.67081    9.53326  291.06185     8.8423   15.05778 3.8159e-02     0.3732     0.7843 0.0000e+00
        749 308.315163    0.05197     3.1181    187.085     69.663  48215.641    30.4196     8.8492     69.000     8.8423    23.5574     5.9568     8.5128     89.297    259.907    266.030    0.00044    6.67080    9.53323  291.06104     8.8422   15.05773 3.9065e-02     0.3751     0.8391 0.0000e+00
        757 308.315186    0.05251     3.1504    189.023     70.673  48216.017    30.4195     8.8494     70.000     8.8423    23.5573     5.9495     8.5024     89.187    259.590    265.705   -0.00035    6.67078    9.53321  291.06033     8.8423   15.05770 3.8714e-02     0.3689     0.8608 0.0000e+00
        765 308.315209    0.05307     3.1844    191.067     71.682  48216.594    30.4195     8.8496     71.000     8.8425    23.5573     5.9467     8.4985     89.147    259.470    265.583   -0.00046    6.67074    9.53315  291.05846     8.8425   15.05761 3.8363e-02     0.3929     0.9456 0.0000e+00
        771 308.315226    0.05348     3.2090    192.542     72.692  48217.148    30.4195     8.8498     72.000     8.8425    23.5573     5.9543     8.5093     89.260    259.798    265.918    0.00032    6.67071    9.53312  291.05760     8.8425   15.05758 3.8281e-02     0.4018     0.8639 0.0000e+00
        779 308.315249    0.05403     3.2417    194.504     73.702  48217.660    30.4194     8.8497     73.000     8.8424    23.5573     5.9516     8.5054     89.219    259.681    265.799   -0.00008    6.67073    9.53314  291.05826     8.8424   15.05761 3.8253e-02     0.3822     0.8259 0.0000e+00
        788 308.315275    0.05465     3.2791    196.747     74.712  48218.798    30.4199     8.8503     74.000     8.8430    23.5576     5.9484     8.5009     89.173    259.542    265.656   -0.00033    6.67062    9.53299  291.05347     8.8429   15.05737 3.8095e-02     0.3637     0.8823 0.0000e+00
        795 308.315294    0.05513     3.3080    198.482     75.721  48218.755    30.4196     8.8508     75.000     8.8432    23.5571     5.9474     8.4995     89.161    259.501    265.614   -0.00033    6.67055    9.53289  291.05039     8.8433   15.05723 3.7923e-02     0.3490     1.1060 0.0000e+00
