CTD-processing/allCTD/CNV/2015_07-10_alongbay_skb10_cast133_5028.cnv
* Sea-Bird SBE19plus Data File:
* FileName = C:\Users\Kris.Holderied\Documents\kasitsna\Research-KBL\Oceanography-AK\CTD-Data-ALL-to-2015-06\2015-CTD-KachemakBay-CookInlet\2015-07-10-KachemakBay-AlongBayLine\2015_07_10_KachemakBay_AlongBay_cast133.hex
* Software Version 1.59
* Temperature SN =  5028
* Conductivity SN =  5028
* System UpLoad Time = Jul 30 2015 17:42:13
** Kachemak Bay Along Bay Line - Flat Island to Bear Cove

** Date: 07-10
** Station:  KB10
** Start time (AKDT): 17:11
** Depth (m): 62
** Comment:  R/V Johanna Rose (Nuka Research)
** Comment: Seldovia subbay sampled before the along-bay line.
# nquan = 27
# nvalues = 61                          
# units = specified
# name 0 = scan: Scan Count
# name 1 = timeJ: Julian Days
# name 2 = timeH: Time, Elapsed [hours]
# name 3 = timeM: Time, Elapsed [minutes]
# name 4 = timeS: Time, Elapsed [seconds]
# name 5 = prdM: Pressure, Strain Gauge [db]
# name 6 = specc: Specific Conductance [uS/cm]
# name 7 = sal00: Salinity, Practical [PSU]
# name 8 = tv290C: Temperature [ITS-90, deg C]
# name 9 = depSM: Depth [salt water, m], lat = 59.00
# name 10 = potemp090C: Potential Temperature [ITS-90, deg C]
# name 11 = sigma-é00: Density [sigma-theta, kg/m^3]
# name 12 = sbeox0ML/L: Oxygen, SBE 43 [ml/l]
# name 13 = sbeox0Mg/L: Oxygen, SBE 43 [mg/l]
# name 14 = sbeox0PS: Oxygen, SBE 43 [% saturation]
# name 15 = sbox0Mm/Kg: Oxygen, SBE 43 [umol/kg]
# name 16 = sbeox0Mm/L: Oxygen, SBE 43 [umol/l]
# name 17 = sbox0dV/dT: Oxygen, SBE 43 [dov/dt]
# name 18 = oxsolML/L: Oxygen Saturation, Garcia & Gordon [ml/l]
# name 19 = oxsolMg/L: Oxygen Saturation, Garcia & Gordon [mg/l]
# name 20 = oxsolMm/Kg: Oxygen Saturation, Garcia & Gordon [umol/kg]
# name 21 = potemp090C: Potential Temperature [ITS-90, deg C]
# name 22 = n2satMg/L: Nitrogen Saturation [mg/l]
# name 23 = par: PAR/Irradiance, Biospherical/Licor
# name 24 = flECO-AFL: Fluorescence, WET Labs ECO-AFL/FL [mg/m^3]
# name 25 = turbWETntu0: Turbidity, WET Labs ECO [NTU]
# name 26 = flag: flag
# span 0 =        301,        534       
# span 1 = 191.716101, 191.716773       
# span 2 =    0.02086,    0.03700       
# span 3 =     1.2519,     2.2198       
# span 4 =     75.115,    133.193       
# span 5 =      1.009,     61.585       
# span 6 =  28307.616,  49737.593       
# span 7 =    17.1687,    31.2594       
# span 8 =     7.3691,    12.4048       
# span 9 =      1.000,     61.000       
# span 10 =     7.3637,    12.3487      
# span 11 =    12.7206,    24.4244      
# span 12 =     5.8252,     6.9925      
# span 13 =     8.3247,     9.9930      
# span 14 =     84.905,    105.597      
# span 15 =    253.948,    305.197      
# span 16 =    260.152,    312.286      
# span 17 =   -0.01812,    0.05292      
# span 18 =    6.44176,    6.86074      
# span 19 =    9.20592,    9.80468      
# span 20 =  282.38686,  299.09554      
# span 21 =     7.3635,    12.4046      
# span 22 =   14.66547,   15.43788      
# span 23 = 6.2380e-02, 6.8406e+01      
# span 24 =     0.0206,     1.7858      
# span 25 =     0.2825,    11.7293      
# span 26 = 0.0000e+00, 0.0000e+00      
# interval = meters: 1                  
# start_time = Jul 10 2015 17:09:56 [Instrument's time stamp, header]
# bad_flag = -9.990e-29
*END*
        301 191.716101    0.02086     1.2519     75.115      1.009  28307.616    17.1687    12.4048      1.000    12.3487    12.7206     6.1462     8.7835     91.573    271.045    274.490    0.00200    6.71097    9.59065  295.94493    12.4046   15.34738 6.8406e+01     0.9208    11.7293 0.0000e+00
        307 191.716117    0.02124     1.2746     76.474      2.019  33564.178    20.7033    12.2436      2.000    12.1960    15.4759     6.3600     9.0891     96.596    279.698    284.037    0.02944    6.58768    9.41446  289.73325    12.2433   15.03502 2.0415e+01     1.0716    11.3283 0.0000e+00
        312 191.716130    0.02157     1.2942     77.653      3.028  39816.188    24.9505    12.0419      3.000    11.6916    18.7921     6.5571     9.3707    101.813    287.428    292.839    0.05292    6.44176    9.20592  282.38686    12.0416   14.66547 6.1128e+00     1.2475     8.6655 0.0000e+00
        316 191.716143    0.02188     1.3129     78.772      4.038  43464.510    27.3882    11.0828      4.000    10.6375    20.8416     6.7494     9.6455    104.226    295.269    301.427    0.05081    6.47585    9.25464  283.30585    11.0824   14.69936 3.7290e+00     1.5316     4.4996 0.0000e+00
        321 191.716156    0.02219     1.3314     79.884      5.048  45078.620    28.4257    10.2324      5.000     9.9776    21.7868     6.8069     9.7277    103.871    297.513    303.996    0.03028    6.55326    9.36527  286.42771    10.2319   14.84445 2.7380e+00     1.7858     2.2974 0.0000e+00
        325 191.716169    0.02251     1.3505     81.030      6.057  46137.065    29.1004     9.6770      6.000     9.4755    22.4001     6.9035     9.8657    104.515    301.553    308.310    0.02256    6.60515    9.43942  288.52272     9.6764   14.94184 2.0684e+00     1.7672     1.6334 0.0000e+00
        329 191.716182    0.02281     1.3686     82.114      7.066  46974.276    29.6391     9.3053      7.000     9.2238    22.8777     6.9640     9.9523    104.932    304.057    311.014    0.01784    6.63668    9.48448  289.76504     9.3046   14.99900 1.6127e+00     1.6029     1.2074 0.0000e+00
        334 191.716195    0.02313     1.3878     83.270      8.076  47601.601    30.0617     9.1831      8.000     9.1785    23.2265     6.9925     9.9930    105.364    305.197    312.286    0.01406    6.63661    9.48437  289.66306     9.1823   14.99239 1.2895e+00     1.2737     0.8839 0.0000e+00
        338 191.716208    0.02342     1.4056     84.337      9.085  48220.828    30.4949     9.1850      9.000     9.1845    23.5648     6.9882     9.9868    105.597    304.907    312.092    0.01138    6.61781    9.45751  288.74710     9.1841   14.94685 1.0770e+00     0.7774     0.6160 0.0000e+00
        343 191.716221    0.02374     1.4246     85.473     10.095  48535.226    30.7142     9.1809     10.000     9.1721    23.7367     6.9372     9.9138    104.964    302.629    309.812    0.00435    6.60903    9.44497  288.31583     9.1799   14.92535 9.3014e-01     0.3408     0.3700 0.0000e+00
        347 191.716233    0.02404     1.4421     86.524     11.104  48607.943    30.7624     9.1639     11.000     9.1527    23.7771     6.8205     9.7472    103.193    297.530    304.604   -0.00714    6.60947    9.44559  288.32349     9.1628   14.92551 8.1439e-01     0.1957     0.3170 0.0000e+00
        352 191.716246    0.02434     1.4605     87.630     12.114  48658.904    30.7937     9.1346     12.000     9.1033    23.8060     6.6971     9.5708    101.280    292.136    299.091   -0.01677    6.61246    9.44987  288.44575     9.1333   14.93123 7.2284e-01     0.1610     0.3344 0.0000e+00
        356 191.716258    0.02463     1.4778     88.670     13.124  48733.806    30.8347     9.0537     13.000     8.9924    23.8504     6.6427     9.4931    100.304    289.752    296.663   -0.01812    6.62263    9.46440  288.87667     9.0523   14.95166 6.5527e-01     0.1475     0.3698 0.0000e+00
        360 191.716269    0.02491     1.4947     89.682     14.132  48908.152    30.9405     8.9378     14.000     8.8915    23.9506     6.6131     9.4507     99.666    288.431    295.339   -0.01665    6.63522    9.48239  289.39751     8.9363   14.97612 5.8773e-01     0.1181     0.3799 0.0000e+00
        364 191.716281    0.02518     1.5110     90.659     15.142  49043.207    31.0229     8.8542     15.000     8.8175    24.0278     6.5771     9.3993     98.993    286.842    293.734   -0.01612    6.64407    9.49505  289.76191     8.8527   14.99319 5.2465e-01     0.0881     0.3582 0.0000e+00
        367 191.716292    0.02545     1.5267     91.605     16.152  49128.183    31.0740     8.7970     16.000     8.7731    24.0763     6.5435     9.3512     98.392    285.360    292.231   -0.01544    6.65037    9.50405  290.02287     8.7954   15.00545 4.6800e-01     0.0803     0.3503 0.0000e+00
        371 191.716302    0.02569     1.5420     92.518     17.161  49142.291    31.0773     8.7544     17.000     8.7245    24.0853     6.5147     9.3101     97.868    284.102    290.945   -0.01461    6.65657    9.51290  290.29063     8.7527   15.01823 4.1973e-01     0.0844     0.3263 0.0000e+00
        375 191.716314    0.02596     1.5579     93.474     18.171  49174.301    31.0921     8.7046     18.000     8.6860    24.1044     6.4885     9.2727     97.376    282.956    289.777   -0.01367    6.66335    9.52260  290.58112     8.7028   15.03205 3.7690e-01     0.0893     0.3541 0.0000e+00
        379 191.716324    0.02622     1.5731     94.387     19.179  49193.090    31.1010     8.6777     19.000     8.6627    24.1153     6.4811     9.2621     97.212    282.630    289.445   -0.01142    6.66698    9.52779  290.73629     8.6758   15.03943 3.3927e-01     0.0763     0.5516 0.0000e+00
        382 191.716335    0.02648     1.5888     95.330     20.190  49209.152    31.1082     8.6526     20.000     8.6380    24.1247     6.4902     9.2751     97.297    283.022    289.850   -0.00793    6.67043    9.53271  290.88383     8.6506   15.04645 3.0635e-01     0.0807     0.4586 0.0000e+00
        386 191.716345    0.02674     1.6042     96.253     21.199  49225.273    31.1157     8.6300     21.000     8.6174    24.1340     6.5008     9.2903     97.412    283.483    290.325   -0.00517    6.67348    9.53706  291.01404     8.6280   15.05264 2.7646e-01     0.0954     0.3467 0.0000e+00
        390 191.716356    0.02700     1.6199     97.192     22.209  49245.777    31.1270     8.6121     22.000     8.6049    24.1455     6.5073     9.2997     97.479    283.767    290.618   -0.00336    6.67568    9.54020  291.10670     8.6099   15.05702 2.5103e-01     0.0937     0.3200 0.0000e+00
        394 191.716368    0.02726     1.6355     98.129     23.218  49268.665    31.1419     8.6070     23.000     8.6078    24.1579     6.5043     9.2952     97.430    283.628    290.480   -0.00278    6.67580    9.54039  291.10868     8.6047   15.05705 2.2794e-01     0.0842     0.3049 0.0000e+00
        397 191.716378    0.02751     1.6507     99.042     24.228  49280.292    31.1505     8.6135     24.000     8.6122    24.1637     6.4982     9.2865     97.358    283.360    290.207   -0.00256    6.67446    9.53847  291.04839     8.6111   15.05414 2.0812e-01     0.0757     0.2934 0.0000e+00
        401 191.716389    0.02778     1.6666     99.994     25.237  49283.346    31.1522     8.6137     25.000     8.6073    24.1651     6.4883     9.2723     97.212    282.928    289.764   -0.00269    6.67434    9.53830  291.04306     8.6112   15.05387 1.9020e-01     0.0753     0.2825 0.0000e+00
        405 191.716399    0.02803     1.6816    100.894     26.247  49290.698    31.1556     8.6045     26.000     8.5925    24.1691     6.4708     9.2473     96.931    282.164    288.983   -0.00371    6.67559    9.54008  291.09631     8.6018   15.05640 1.7479e-01     0.0803     0.2833 0.0000e+00
        408 191.716410    0.02829     1.6975    101.852     27.257  49301.797    31.1600     8.5845     27.000     8.5670    24.1754     6.4554     9.2255     96.662    281.495    288.300   -0.00445    6.67839    9.54409  291.21649     8.5818   15.06213 1.6125e-01     0.0653     0.2869 0.0000e+00
        412 191.716421    0.02854     1.7124    102.743     28.266  49315.660    31.1651     8.5560     28.000     8.5346    24.1837     6.4458     9.2117     96.459    281.071    287.869   -0.00460    6.68244    9.54987  291.39073     8.5532   15.07043 1.4935e-01     0.0604     0.2920 0.0000e+00
        416 191.716432    0.02881     1.7285    103.708     29.276  49340.966    31.1773     8.5218     29.000     8.5046    24.1983     6.4336     9.1942     96.209    280.535    287.324   -0.00489    6.68705    9.55645  291.58758     8.5189   15.07978 1.3892e-01     0.0548     0.2913 0.0000e+00
        419 191.716442    0.02906     1.7435    104.610     30.286  49364.901    31.1902     8.4980     30.000     8.4840    24.2118     6.4212     9.1765     95.981    279.992    286.771   -0.00508    6.69006    9.56076  291.71506     8.4951   15.08582 1.2978e-01     0.0423     0.2938 0.0000e+00
        423 191.716452    0.02930     1.7580    105.479     31.295  49379.478    31.1971     8.4790     31.000     8.4635    24.2201     6.4112     9.1622     95.795    279.552    286.324   -0.00503    6.69262    9.56442  291.82434     8.4760   15.09101 1.2185e-01     0.0347     0.2939 0.0000e+00
        427 191.716463    0.02955     1.7733    106.397     32.305  49385.410    31.1970     8.4536     32.000     8.4310    24.2237     6.4040     9.1519     95.632    279.237    286.002   -0.00479    6.69645    9.56989  291.99011     8.4505   15.09893 1.1435e-01     0.0236     0.2937 0.0000e+00
        430 191.716473    0.02979     1.7875    107.252     33.314  49392.941    31.1964     8.4174     33.000     8.3890    24.2286     6.3977     9.1430     95.461    278.964    285.723   -0.00462    6.70194    9.57774  292.22830     8.4142   15.11031 1.0742e-01     0.0296     0.3152 0.0000e+00
        434 191.716483    0.03005     1.8029    108.173     34.324  49437.323    31.2210     8.3773     34.000     8.3658    24.2537     6.3826     9.1213     95.164    278.296    285.045   -0.00525    6.70692    9.58485  292.43807     8.3740   15.12023 1.0145e-01     0.0468     0.3709 0.0000e+00
        437 191.716494    0.03030     1.8180    109.080     35.333  49466.762    31.2397     8.3675     35.000     8.3634    24.2699     6.3693     9.1024     94.957    277.714    284.455   -0.00535    6.70759    9.58582  292.46295     8.3640   15.12134 9.6702e-02     0.0532     0.3873 0.0000e+00
        441 191.716504    0.03054     1.8324    109.944     36.343  49468.833    31.2401     8.3631     36.000     8.3525    24.2707     6.3645     9.0956     94.876    277.505    284.240   -0.00454    6.70822    9.58673  292.49055     8.3596   15.12266 9.3375e-02     0.0462     0.3512 0.0000e+00
        445 191.716515    0.03080     1.8484    110.906     37.353  49475.517    31.2421     8.3492     37.000     8.3376    24.2744     6.3462     9.0693     94.574    276.703    283.420   -0.00499    6.71024    9.58961  292.57740     8.3456   15.12680 9.0347e-02     0.0427     0.3540 0.0000e+00
        448 191.716525    0.03104     1.8626    111.758     38.362  49483.627    31.2453     8.3352     38.000     8.3240    24.2789     6.3271     9.0420     94.262    275.869    282.567   -0.00582    6.71222    9.59243  292.66219     8.3315   15.13083 8.7603e-02     0.0497     0.3648 0.0000e+00
        452 191.716535    0.03130     1.8778    112.668     39.372  49498.546    31.2534     8.3225     39.000     8.3104    24.2871     6.3169     9.0275     94.089    275.425    282.114   -0.00550    6.71379    9.59467  292.72830     8.3187   15.13396 8.5082e-02     0.0412     0.3736 0.0000e+00
        455 191.716546    0.03156     1.8932    113.591     40.382  49485.529    31.2403     8.2993     40.000     8.2641    24.2802     6.3087     9.0158     93.910    275.070    281.748   -0.00509    6.71788    9.60052  292.90858     8.2954   15.14262 8.2616e-02     0.0327     0.3744 0.0000e+00
        459 191.716556    0.03179     1.9074    114.443     41.391  49473.636    31.2219     8.2365     41.000     8.1809    24.2749     6.2938     8.9946     93.545    274.423    281.084   -0.00594    6.72823    9.61530  293.36122     8.2325   15.16431 8.0425e-02     0.0407     0.3940 0.0000e+00
        463 191.716567    0.03205     1.9235    115.412     42.401  49487.244    31.2153     8.1342     42.000     8.0620    24.2843     6.2670     8.9561     92.927    273.247    279.883   -0.00804    6.74410    9.63799  294.05065     8.1303   15.19725 7.8284e-02     0.0332     0.4611 0.0000e+00
        466 191.716578    0.03230     1.9383    116.297     43.410  49481.232    31.1898     8.0005     43.000     7.9084    24.2833     6.2419     8.9203     92.260    272.155    278.763   -0.00998    6.76570    9.66885  294.99253     7.9965   15.24233 7.6242e-02     0.0206     0.5752 0.0000e+00
        470 191.716588    0.03255     1.9530    117.183     44.420  49573.300    31.2320     7.8634     44.000     7.8171    24.3358     6.2018     8.8630     91.407    270.392    276.972   -0.01252    6.78490    9.69630  295.81486     7.8593   15.28141 7.4508e-02     0.0274     0.7115 0.0000e+00
        474 191.716599    0.03282     1.9692    118.152     45.430  49620.440    31.2540     7.7975     45.000     7.7732    24.3623     6.1523     8.7923     90.555    268.228    274.763   -0.01431    6.79409    9.70945  296.20810     7.7933   15.30009 7.2918e-02     0.0308     0.8034 0.0000e+00
        477 191.716609    0.03306     1.9834    119.005     46.439  49625.824    31.2520     7.7640     46.000     7.7378    24.3654     6.1205     8.7469     90.016    266.841    273.342   -0.01421    6.79938    9.71700  296.43770     7.7597   15.31106 7.1574e-02     0.0283     0.8389 0.0000e+00
        481 191.716619    0.03331     1.9989    119.931     47.449  49626.244    31.2448     7.7208     47.000     7.6891    24.3658     6.1005     8.7182     89.629    265.967    272.447   -0.01294    6.80639    9.72701  296.74293     7.7164   15.32566 7.0381e-02     0.0328     0.8875 0.0000e+00
        484 191.716630    0.03357     2.0145    120.873     48.458  49630.061    31.2384     7.6679     48.000     7.6299    24.3680     6.0807     8.6898     89.227    265.102    271.562   -0.01183    6.81490    9.73918  297.11337     7.6634   15.34336 6.9309e-02     0.0343     0.9881 0.0000e+00
        488 191.716641    0.03381     2.0288    121.731     49.468  49628.666    31.2270     7.6063     49.000     7.5584    24.3675     6.0521     8.6490     88.676    263.857    270.287   -0.01212    6.82499    9.75360  297.55365     7.6018   15.36442 6.8435e-02     0.0489     1.1093 0.0000e+00
        492 191.716651    0.03408     2.0445    122.672     50.478  49644.689    31.2240     7.5229     50.000     7.4751    24.3766     6.0100     8.5889     87.890    262.020    268.406   -0.01350    6.83815    9.77240  298.12447     7.5184   15.39167 6.7656e-02     0.0493     1.2776 0.0000e+00
        495 191.716662    0.03434     2.0599    123.595     51.488  49687.848    31.2414     7.4486     51.000     7.4211    24.4003     5.9614     8.5194     87.040    259.894    266.235   -0.01503    6.84901    9.78792  298.59119     7.4439   15.41387 6.6943e-02     0.0423     1.4643 0.0000e+00
        499 191.716672    0.03456     2.0739    124.433     52.497  49711.022    31.2517     7.4166     52.000     7.4000    24.4128     5.9169     8.4558     86.333    257.950    264.248   -0.01575    6.85357    9.79444  298.78619     7.4119   15.42313 6.6331e-02     0.0430     1.5768 0.0000e+00
        503 191.716683    0.03483     2.0899    125.397     53.507  49723.162    31.2564     7.3972     53.000     7.3865    24.4192     5.8758     8.3971     85.698    256.158    262.413   -0.01537    6.85639    9.79847  298.90746     7.3925   15.42890 6.5836e-02     0.0417     1.6751 0.0000e+00
