CTD-processing/allCTD/CNV/2015_04-12_t3_s03_cast054_5028.cnv
* Sea-Bird SBE19plus Data File:
* FileName = C:\Users\kris.holderied\Documents\kasitsna\Research-Projects-and-Data\Oceanography-AK\CTD-Data-ALL-to-2015-02\2015-CTD-KachemakBay-CookInlet\2015-04-EVOSTC-CookInlet-quarterly\2015-04-12-CookInlet-Tran3-AnchorPt\20125_04_12_CookInlet_Tran3_cast054.hex
* Software Version 1.59
* Temperature SN =  5028
* Conductivity SN =  5028
* System UpLoad Time = Apr 12 2015 19:55:34
** Cook Inlet LTM Tran3 (Anchor Pt) Southeast to Northwest
** Date: 04-12
** Station: 3-03
** Start time (AKDT): 18:56
** Depth (m): 30
** Comment:  KBL CTD.
** Comment: On R/V Pandalus.
# nquan = 27
# nvalues = 30                          
# units = specified
# name 0 = scan: Scan Count
# name 1 = timeJ: Julian Days
# name 2 = timeH: Time, Elapsed [hours]
# name 3 = timeM: Time, Elapsed [minutes]
# name 4 = timeS: Time, Elapsed [seconds]
# name 5 = prdM: Pressure, Strain Gauge [db]
# name 6 = specc: Specific Conductance [uS/cm]
# name 7 = sal00: Salinity, Practical [PSU]
# name 8 = tv290C: Temperature [ITS-90, deg C]
# name 9 = depSM: Depth [salt water, m], lat = 59.00
# name 10 = potemp090C: Potential Temperature [ITS-90, deg C]
# name 11 = sigma-é00: Density [sigma-theta, kg/m^3]
# name 12 = sbeox0ML/L: Oxygen, SBE 43 [ml/l]
# name 13 = sbeox0Mg/L: Oxygen, SBE 43 [mg/l]
# name 14 = sbeox0PS: Oxygen, SBE 43 [% saturation]
# name 15 = sbox0Mm/Kg: Oxygen, SBE 43 [umol/kg]
# name 16 = sbeox0Mm/L: Oxygen, SBE 43 [umol/l]
# name 17 = sbox0dV/dT: Oxygen, SBE 43 [dov/dt]
# name 18 = oxsolML/L: Oxygen Saturation, Garcia & Gordon [ml/l]
# name 19 = oxsolMg/L: Oxygen Saturation, Garcia & Gordon [mg/l]
# name 20 = oxsolMm/Kg: Oxygen Saturation, Garcia & Gordon [umol/kg]
# name 21 = potemp090C: Potential Temperature [ITS-90, deg C]
# name 22 = n2satMg/L: Nitrogen Saturation [mg/l]
# name 23 = par: PAR/Irradiance, Biospherical/Licor
# name 24 = flECO-AFL: Fluorescence, WET Labs ECO-AFL/FL [mg/m^3]
# name 25 = turbWETntu0: Turbidity, WET Labs ECO [NTU]
# name 26 = flag: flag
# span 0 =        199,        537       
# span 1 = 102.789683, 102.790661       
# span 2 =    0.01378,    0.03724       
# span 3 =     0.8267,     2.2344       
# span 4 =     49.600,    134.062       
# span 5 =      1.009,     30.284       
# span 6 =  49461.334,  49655.317       
# span 7 =    30.2107,    30.3935       
# span 8 =     3.0655,     3.3353       
# span 9 =      1.000,     30.000       
# span 10 =     3.0699,     3.3337      
# span 11 =    24.0587,    24.1824      
# span 12 =     6.5357,     7.2074      
# span 13 =     9.3402,    10.3001      
# span 14 =     85.361,     94.714      
# span 15 =    285.027,    314.299      
# span 16 =    291.885,    321.881      
# span 17 =   -0.00061,    0.00266      
# span 18 =    7.59696,    7.65758      
# span 19 =   10.85681,   10.94345      
# span 20 =  331.26900,  333.95320      
# span 21 =     3.0654,     3.3336      
# span 22 =   16.97289,   17.10111      
# span 23 = 3.7873e-02, 4.5445e+01      
# span 24 =     0.2282,     0.2881      
# span 25 =     5.8236,    19.9591      
# span 26 = 0.0000e+00, 0.0000e+00      
# interval = meters: 1                  
# start_time = Apr 12 2015 18:56:19 [Instrument's time stamp, header]
# bad_flag = -9.990e-29
*END*
        199 102.789683    0.01378     0.8267     49.600      1.009  49461.334    30.2107     3.0655      1.000     3.0699    24.0587     6.5357     9.3402     85.361    285.027    291.885    0.00266    7.65758   10.94345  333.95320     3.0654   17.10111 4.5445e+01     0.2401     5.8236 0.0000e+00
        402 102.790269    0.02784     1.6703    100.217      2.019  49528.521    30.2851     3.1848      2.000     3.1847    24.1084     7.1805    10.2615     94.096    313.130    320.679    0.00008    7.63099   10.90544  332.77702     3.1847   17.04495 2.1378e+01     0.2476     6.1658 0.0000e+00
        409 102.790289    0.02834     1.7004    102.026      3.028  49533.708    30.2885     3.1866      3.000     3.1885    24.1110     7.1934    10.2801     94.273    313.695    321.259    0.00029    7.63046   10.90469  332.75319     3.1865   17.04381 9.9958e+00     0.2497     6.4248 0.0000e+00
        413 102.790301    0.02860     1.7162    102.971      4.038  49552.522    30.3021     3.1924      4.000     3.2020    24.1214     7.1956    10.2832     94.323    313.785    321.354    0.00041    7.62865   10.90209  332.67064     3.1923   17.03983 4.2054e+00     0.2429     6.4034 0.0000e+00
        417 102.790311    0.02886     1.7313    103.879      5.047  49559.198    30.3107     3.2109      5.000     3.2191    24.1266     7.2014    10.2916     94.449    314.039    321.615    0.00087    7.62472   10.89649  332.49789     3.2106   17.03159 1.6664e+00     0.2288     6.3334 0.0000e+00
        421 102.790323    0.02915     1.7490    104.940      6.056  49553.514    30.3099     3.2253      6.000     3.2286    24.1249     7.2074    10.3001     94.560    314.299    321.881    0.00122    7.62203   10.89264  332.38110     3.2249   17.02605 7.4708e-01     0.2312     6.5884 0.0000e+00
        426 102.790338    0.02950     1.7700    106.199      7.066  49550.873    30.3092     3.2320      7.000     3.2328    24.1238     7.2021    10.2925     94.506    314.069    321.646    0.00056    7.62081   10.89089  332.32812     3.2316   17.02354 3.4287e-01     0.2433     6.6555 0.0000e+00
        431 102.790354    0.02989     1.7932    107.590      8.075  49551.792    30.3100     3.2348      8.000     3.2355    24.1242     7.1975    10.2860     94.453    313.870    321.442    0.00004    7.62023   10.89007  332.30278     3.2344   17.02233 1.4351e-01     0.2397     6.6697 0.0000e+00
        436 102.790366    0.03019     1.8111    108.664      9.085  49568.059    30.3216     3.2393      9.000     3.2456    24.1330     7.1996    10.2889     94.497    313.956    321.533    0.00017    7.61878   10.88800  332.23691     3.2388   17.01915 7.8782e-02     0.2282     6.7425 0.0000e+00
        439 102.790376    0.03042     1.8248    109.487     10.095  49606.464    30.3506     3.2538     10.000     3.2704    24.1549     7.2009    10.2909     94.568    314.010    321.595    0.00044    7.61454   10.88194  332.04487     3.2532   17.00991 4.9968e-02     0.2355     6.9523 0.0000e+00
        443 102.790388    0.03070     1.8421    110.523     11.104  49616.560    30.3649     3.2866     11.000     3.2961    24.1636     7.2054    10.2974     94.714    314.204    321.796    0.00101    7.60760   10.87203  331.73961     3.2860   16.99536 4.0452e-02     0.2512     7.7241 0.0000e+00
        450 102.790409    0.03119     1.8717    112.302     12.114  49606.043    30.3626     3.3080     12.000     3.3081    24.1600     7.1957    10.2835     94.635    313.783    321.364    0.00025    7.60368   10.86642  331.56976     3.3074   16.98730 3.7873e-02     0.2433     8.7344 0.0000e+00
        455 102.790423    0.03154     1.8920    113.520     13.123  49610.818    30.3660     3.3105     13.000     3.3113    24.1624     7.1858    10.2692     94.512    313.346    320.918   -0.00056    7.60304   10.86551  331.54097     3.3098   16.98592 3.7972e-02     0.2391     8.9263 0.0000e+00
        459 102.790433    0.03178     1.9066    114.395     14.132  49616.325    30.3698     3.3135     14.000     3.3151    24.1653     7.1873    10.2713     94.541    313.411    320.985   -0.00033    7.60228   10.86442  331.50679     3.3127   16.98428 3.7976e-02     0.2403     9.1164 0.0000e+00
        462 102.790444    0.03203     1.9220    115.321     15.142  49625.492    30.3767     3.3184     15.000     3.3211    24.1704     7.1860    10.2695     94.540    313.353    320.927   -0.00032    7.60100   10.86259  331.44941     3.3175   16.98153 3.7976e-02     0.2490     9.4811 0.0000e+00
        467 102.790456    0.03234     1.9407    116.443     16.152  49633.230    30.3834     3.3264     16.000     3.3280    24.1750     7.1846    10.2675     94.545    313.290    320.864   -0.00027    7.59916   10.85996  331.36763     3.3255   16.97761 3.7976e-02     0.2592    10.5213 0.0000e+00
        474 102.790476    0.03282     1.9689    118.132     17.161  49633.407    30.3843     3.3318     17.000     3.3311    24.1754     7.1817    10.2634     94.520    313.164    320.735   -0.00033    7.59809   10.85843  331.32086     3.3308   16.97539 3.7976e-02     0.2569    12.5477 0.0000e+00
        479 102.790493    0.03322     1.9934    119.604     18.171  49636.420    30.3861     3.3326     18.000     3.3318    24.1766     7.1792    10.2598     94.489    313.054    320.622   -0.00043    7.59786   10.85809  331.30998     3.3316   16.97486 3.7976e-02     0.2487    13.6646 0.0000e+00
        483 102.790502    0.03344     2.0067    120.403     19.180  49638.148    30.3868     3.3329     19.000     3.3320    24.1772     7.1809    10.2624     94.515    313.131    320.701   -0.00029    7.59775   10.85793  331.30517     3.3319   16.97463 3.7976e-02     0.2510    14.1173 0.0000e+00
        486 102.790512    0.03369     2.0214    121.283     20.189  49640.446    30.3879     3.3333     20.000     3.3322    24.1780     7.1821    10.2640     94.531    313.181    320.753   -0.00019    7.59762   10.85777  331.29967     3.3321   16.97437 3.7976e-02     0.2650    14.3816 0.0000e+00
        492 102.790530    0.03410     2.0459    122.757     21.199  49642.502    30.3889     3.3334     21.000     3.3323    24.1788     7.1815    10.2631     94.524    313.155    320.727   -0.00022    7.59755   10.85765  331.29599     3.3323   16.97419 3.7976e-02     0.2822    15.3971 0.0000e+00
        499 102.790549    0.03457     2.0742    124.450     22.209  49644.044    30.3894     3.3333     22.000     3.3321    24.1792     7.1771    10.2568     94.466    312.961    320.529   -0.00045    7.59754   10.85764  331.29547     3.3321   16.97416 3.7976e-02     0.2806    16.3899 0.0000e+00
        503 102.790561    0.03487     2.0920    125.520     23.218  49645.101    30.3895     3.3333     23.000     3.3320    24.1794     7.1741    10.2525     94.426    312.830    320.394   -0.00061    7.59752   10.85762  331.29480     3.3321   16.97413 3.7976e-02     0.2881    16.4868 0.0000e+00
        507 102.790574    0.03516     2.1096    126.573     24.228  49646.592    30.3901     3.3333     24.000     3.3320    24.1798     7.1765    10.2560     94.459    312.938    320.505   -0.00038    7.59750   10.85759  331.29380     3.3320   16.97408 3.7976e-02     0.2765    16.4727 0.0000e+00
        512 102.790586    0.03546     2.1275    127.651     25.237  49648.608    30.3910     3.3335     25.000     3.3321    24.1805     7.1801    10.2611     94.507    313.093    320.663   -0.00009    7.59743   10.85749  331.29046     3.3321   16.97391 3.7976e-02     0.2658    16.7384 0.0000e+00
        517 102.790601    0.03582     2.1492    128.954     26.247  49649.609    30.3912     3.3334     26.000     3.3319    24.1806     7.1809    10.2623     94.518    313.130    320.701   -0.00006    7.59743   10.85749  331.29049     3.3319   16.97392 3.7976e-02     0.2645    17.4743 0.0000e+00
        523 102.790620    0.03627     2.1762    130.570     27.257  49651.664    30.3921     3.3336     27.000     3.3323    24.1814     7.1778    10.2578     94.478    312.993    320.561   -0.00027    7.59734   10.85736  331.28624     3.3321   16.97372 3.7976e-02     0.2738    17.9265 0.0000e+00
        528 102.790634    0.03661     2.1966    131.794     28.266  49653.292    30.3928     3.3343     28.000     3.3330    24.1819     7.1738    10.2521     94.427    312.818    320.383   -0.00052    7.59717   10.85711  331.27865     3.3327   16.97335 3.7976e-02     0.2724    18.5054 0.0000e+00
        532 102.790646    0.03689     2.2135    132.808     29.275  49654.131    30.3930     3.3349     29.000     3.3334    24.1820     7.1752    10.2540     94.446    312.876    320.442   -0.00038    7.59705   10.85695  331.27368     3.3333   16.97311 3.7976e-02     0.2843    19.2057 0.0000e+00
        537 102.790661    0.03724     2.2344    134.062     30.284  49655.317    30.3935     3.3353     30.000     3.3337    24.1824     7.1786    10.2588     94.492    313.024    320.593   -0.00004    7.59696   10.85681  331.26900     3.3336   16.97289 3.7976e-02     0.2831    19.9591 0.0000e+00
