CTD-processing/allCTD/CNV/2015_04-12_t3_s07_cast050_5028.cnv
* Sea-Bird SBE19plus Data File:
* FileName = C:\Users\kris.holderied\Documents\kasitsna\Research-Projects-and-Data\Oceanography-AK\CTD-Data-ALL-to-2015-02\2015-CTD-KachemakBay-CookInlet\2015-04-EVOSTC-CookInlet-quarterly\2015-04-12-CookInlet-Tran3-AnchorPt\20125_04_12_CookInlet_Tran3_cast050.hex
* Software Version 1.59
* Temperature SN =  5028
* Conductivity SN =  5028
* System UpLoad Time = Apr 12 2015 19:52:50
** Cook Inlet LTM Tran3 (Anchor Pt) Southeast to Northwest
** Date: 04-12
** Station: 3-07
** Start time (AKDT): 17:40
** Depth (m): 108
** Comment:  KBL CTD.
** Comment: On R/V Pandalus.
# nquan = 27
# nvalues = 105                         
# units = specified
# name 0 = scan: Scan Count
# name 1 = timeJ: Julian Days
# name 2 = timeH: Time, Elapsed [hours]
# name 3 = timeM: Time, Elapsed [minutes]
# name 4 = timeS: Time, Elapsed [seconds]
# name 5 = prdM: Pressure, Strain Gauge [db]
# name 6 = specc: Specific Conductance [uS/cm]
# name 7 = sal00: Salinity, Practical [PSU]
# name 8 = tv290C: Temperature [ITS-90, deg C]
# name 9 = depSM: Depth [salt water, m], lat = 59.00
# name 10 = potemp090C: Potential Temperature [ITS-90, deg C]
# name 11 = sigma-é00: Density [sigma-theta, kg/m^3]
# name 12 = sbeox0ML/L: Oxygen, SBE 43 [ml/l]
# name 13 = sbeox0Mg/L: Oxygen, SBE 43 [mg/l]
# name 14 = sbeox0PS: Oxygen, SBE 43 [% saturation]
# name 15 = sbox0Mm/Kg: Oxygen, SBE 43 [umol/kg]
# name 16 = sbeox0Mm/L: Oxygen, SBE 43 [umol/l]
# name 17 = sbox0dV/dT: Oxygen, SBE 43 [dov/dt]
# name 18 = oxsolML/L: Oxygen Saturation, Garcia & Gordon [ml/l]
# name 19 = oxsolMg/L: Oxygen Saturation, Garcia & Gordon [mg/l]
# name 20 = oxsolMm/Kg: Oxygen Saturation, Garcia & Gordon [umol/kg]
# name 21 = potemp090C: Potential Temperature [ITS-90, deg C]
# name 22 = n2satMg/L: Nitrogen Saturation [mg/l]
# name 23 = par: PAR/Irradiance, Biospherical/Licor
# name 24 = flECO-AFL: Fluorescence, WET Labs ECO-AFL/FL [mg/m^3]
# name 25 = turbWETntu0: Turbidity, WET Labs ECO [NTU]
# name 26 = flag: flag
# span 0 =         58,        799       
# span 1 = 102.736866, 102.739012       
# span 2 =    0.00395,    0.05544       
# span 3 =     0.2366,     3.3260       
# span 4 =     14.197,    199.561       
# span 5 =      1.009,    106.018       
# span 6 =  49051.592,  50491.892       
# span 7 =    29.8828,    31.2692       
# span 8 =     2.8533,     4.8362       
# span 9 =      1.000,    105.000       
# span 10 =     2.8599,     4.8290      
# span 11 =    23.8138,    24.7378      
# span 12 =     6.8488,     7.8254      
# span 13 =     9.7876,    11.1833      
# span 14 =     94.041,    101.427      
# span 15 =    298.484,    341.355      
# span 16 =    305.868,    349.484      
# span 17 =   -0.00536,    0.01674      
# span 18 =    7.28064,    7.71545      
# span 19 =   10.40477,   11.02616      
# span 20 =  317.30452,  336.55769      
# span 21 =     2.8533,     4.8288      
# span 22 =   16.30542,   17.22609      
# span 23 = 3.7976e-02, 4.1958e+01      
# span 24 =     0.1728,     0.4316      
# span 25 =     4.2418,    24.1854      
# span 26 = 0.0000e+00, 0.0000e+00      
# interval = meters: 1                  
# start_time = Apr 12 2015 17:40:51 [Instrument's time stamp, header]
# bad_flag = -9.990e-29
*END*
[from data line 54]
        596 102.738422    0.04130     2.4781    148.684     55.527  50184.919    30.9566     4.2526     55.000     4.2548    24.5473     6.9772     9.9710     94.291    304.135    311.601   -0.00074    7.39961   10.57478  322.54889     4.2490   16.55616 3.7976e-02     0.3868    24.1825 0.0000e+00
        599 102.738433    0.04156     2.4934    149.606     56.536  50179.348    30.9541     4.2610     56.000     4.2594    24.5446     6.9797     9.9746     94.342    304.243    311.710   -0.00030    7.39824   10.57282  322.48981     4.2573   16.55336 3.7976e-02     0.4060    24.1831 0.0000e+00
        604 102.738446    0.04188     2.5129    150.775     57.546  50186.040    30.9595     4.2668     57.000     4.2666    24.5483     6.9718     9.9634     94.253    303.901    311.360   -0.00069    7.39692   10.57094  322.43141     4.2631   16.55057 3.7976e-02     0.4188    24.1815 0.0000e+00
        608 102.738459    0.04218     2.5308    151.850     58.556  50190.724    30.9641     4.2749     58.000     4.2744    24.5511     6.9691     9.9596     94.239    303.785    311.243   -0.00068    7.39522   10.56851  322.35635     4.2712   16.54697 3.7976e-02     0.4076    24.1836 0.0000e+00
        613 102.738471    0.04248     2.5487    152.921     59.565  50190.162    30.9645     4.2805     59.000     4.2782    24.5509     6.9689     9.9593     94.249    303.775    311.232   -0.00049    7.39420   10.56706  322.31200     4.2767   16.54487 3.7976e-02     0.4093    24.1851 0.0000e+00
        617 102.738485    0.04281     2.5686    154.114     60.576  50191.471    30.9657     4.2839     60.000     4.2810    24.5515     6.9648     9.9534     94.202    303.596    311.050   -0.00063    7.39352   10.56609  322.28235     4.2800   16.54345 3.7976e-02     0.4316    24.1854 0.0000e+00
        621 102.738496    0.04309     2.5852    155.109     61.585  50191.476    30.9655     4.2855     61.000     4.2819    24.5513     6.9625     9.9501     94.174    303.496    310.947   -0.00071    7.39324   10.56568  322.27020     4.2816   16.54287 3.7976e-02     0.4302    24.1830 0.0000e+00
        625 102.738508    0.04335     2.6015    156.088     62.595  50190.724    30.9646     4.2859     62.000     4.2813    24.5505     6.9645     9.9529     94.201    303.580    311.033   -0.00046    7.39323   10.56567  322.26998     4.2818   16.54287 3.7976e-02     0.4220    24.1825 0.0000e+00
        631 102.738526    0.04378     2.6268    157.610     63.605  50192.478    30.9650     4.2847     63.000     4.2811    24.5510     6.9630     9.9508     94.178    303.516    310.967   -0.00045    7.39343   10.56595  322.27825     4.2806   16.54326 3.7976e-02     0.4061    24.1822 0.0000e+00
        637 102.738542    0.04418     2.6504    159.024     64.615  50213.924    30.9804     4.2903     64.000     4.2958    24.5626     6.9625     9.9501     94.195    303.492    310.947   -0.00031    7.39164   10.56340  322.19683     4.2862   16.53932 3.7976e-02     0.4028    24.1822 0.0000e+00
        641 102.738552    0.04443     2.6656    159.939     65.624  50238.058    31.0015     4.3128     65.000     4.3227    24.5771     6.9662     9.9554     94.309    303.647    311.110    0.00030    7.38657   10.55614  321.97096     4.3085   16.52850 3.7976e-02     0.3991    24.1811 0.0000e+00
        644 102.738562    0.04466     2.6798    160.787     66.633  50245.332    31.0113     4.3366     66.000     4.3435    24.5826     6.9678     9.9577     94.392    303.717    311.183    0.00066    7.38181   10.54934  321.76174     4.3322   16.51850 3.7976e-02     0.4007    24.1826 0.0000e+00
        648 102.738573    0.04493     2.6959    161.751     67.643  50250.763    31.0190     4.3566     67.000     4.3619    24.5868     6.9644     9.9528     94.396    303.565    311.028    0.00052    7.37784   10.54367  321.58753     4.3521   16.51019 3.7976e-02     0.3966    24.1836 0.0000e+00
        653 102.738589    0.04530     2.7178    163.067     68.653  50248.073    31.0216     4.3779     68.000     4.3767    24.5867     6.9572     9.9425     94.349    303.250    310.706    0.00008    7.37390   10.53804  321.41595     4.3734   16.50202 3.7976e-02     0.3978    24.1821 0.0000e+00
        658 102.738603    0.04563     2.7378    164.268     69.663  50245.281    31.0202     4.3827     69.000     4.3792    24.5852     6.9507     9.9332     94.270    302.967    310.416   -0.00036    7.37312   10.53692  321.38214     4.3781   16.50042 3.7976e-02     0.4119    24.1817 0.0000e+00
        662 102.738613    0.04588     2.7527    165.161     70.673  50253.341    31.0258     4.3852     70.000     4.3850    24.5894     6.9433     9.9228     94.180    302.648    310.089   -0.00083    7.37240   10.53589  321.34951     4.3805   16.49884 3.7976e-02     0.4050    24.1812 0.0000e+00
        665 102.738622    0.04609     2.7656    165.936     71.682  50278.099    31.0442     4.3943     71.000     4.4025    24.6031     6.9397     9.9175     94.163    302.485    309.927   -0.00088    7.36986   10.53227  321.23470     4.3895   16.49331 3.7976e-02     0.3966    24.1813 0.0000e+00
        668 102.738631    0.04631     2.7789    166.732     72.692  50283.691    31.0523     4.4153     72.000     4.4189    24.6075     6.9422     9.9211     94.250    302.593    310.039   -0.00034    7.36572   10.52635  321.05259     4.4104   16.48461 3.7976e-02     0.3958    24.1813 0.0000e+00
        672 102.738642    0.04659     2.7951    167.704     73.702  50264.523    31.0407     4.4241     73.000     4.4183    24.5974     6.9461     9.9266     94.316    302.765    310.212    0.00012    7.36471   10.52491  321.01193     4.4192   16.48273 3.7976e-02     0.4076    24.1814 0.0000e+00
        677 102.738657    0.04693     2.8156    168.937     74.712  50275.918    31.0480     4.4243     74.000     4.4234    24.6032     6.9344     9.9099     94.162    302.253    309.689   -0.00072    7.36431   10.52434  320.99280     4.4193   16.48178 3.7976e-02     0.4080    24.1822 0.0000e+00
        682 102.738671    0.04726     2.8360    170.160     75.722  50288.998    31.0592     4.4365     75.000     4.4386    24.6109     6.9287     9.9017     94.119    302.002    309.433   -0.00086    7.36158   10.52043  320.87115     4.4314   16.47595 3.7976e-02     0.3944    24.1831 0.0000e+00
        685 102.738682    0.04752     2.8513    171.078     76.731  50307.026    31.0743     4.4512     76.000     4.4574    24.6214     6.9320     9.9065     94.207    302.143    309.583   -0.00023    7.35821   10.51561  320.72093     4.4461   16.46875 3.7976e-02     0.3828    24.1827 0.0000e+00
        688 102.738690    0.04773     2.8638    171.827     77.741  50309.234    31.0790     4.4677     77.000     4.4709    24.6235     6.9341     9.9095     94.276    302.233    309.675    0.00013    7.35503   10.51108  320.58215     4.4625   16.46213 3.7976e-02     0.3743    24.1795 0.0000e+00
        691 102.738698    0.04793     2.8756    172.534     78.751  50310.463    31.0820     4.4792     78.000     4.4791    24.6246     6.9359     9.9122     94.330    302.314    309.759    0.00035    7.35284   10.50795  320.48616     4.4739   16.45755 3.7976e-02     0.3685    24.1707 0.0000e+00
        694 102.738708    0.04815     2.8889    173.335     79.761  50302.915    31.0776     4.4852     79.000     4.4811    24.6207     6.9356     9.9116     94.336    302.299    309.742    0.00030    7.35198   10.50671  320.44979     4.4799   16.45584 3.7976e-02     0.3730    24.1229 0.0000e+00
        699 102.738721    0.04848     2.9086    174.518     80.771  50313.490    31.0856     4.4908     80.000     4.4898    24.6265     6.9274     9.8999     94.242    301.941    309.377   -0.00030    7.35060   10.50474  320.38757     4.4854   16.45284 3.7976e-02     0.3823    23.9729 0.0000e+00
        705 102.738738    0.04887     2.9323    175.937     81.781  50317.060    31.0904     4.5035     81.000     4.5008    24.6290     6.9232     9.8939     94.217    301.757    309.189   -0.00039    7.34810   10.50117  320.27812     4.4981   16.44762 3.7976e-02     0.3862    23.7605 0.0000e+00
        708 102.738748    0.04913     2.9476    176.855     82.790  50320.670    31.0934     4.5082     82.000     4.5061    24.6309     6.9222     9.8926     94.217    301.714    309.146   -0.00034    7.34711   10.49976  320.23432     4.5027   16.44552 3.7976e-02     0.3826    23.2104 0.0000e+00
        711 102.738757    0.04934     2.9602    177.615     83.800  50332.655    31.1024     4.5138     83.000     4.5158    24.6375     6.9205     9.8901     94.212    301.638    309.070   -0.00037    7.34569   10.49772  320.17029     4.5082   16.44244 3.7976e-02     0.3621    22.8103 0.0000e+00
        714 102.738765    0.04953     2.9722    178.334     84.811  50356.154    31.1207     4.5260     84.000     4.5357    24.6507     6.9202     9.8896     94.247    301.621    309.055   -0.00021    7.34261   10.49332  320.03177     4.5204   16.43578 3.7976e-02     0.3541    22.6196 0.0000e+00
        717 102.738774    0.04974     2.9843    179.058     85.820  50380.491    31.1422     4.5500     85.000     4.5634    24.6654     6.9213     9.8912     94.331    301.665    309.107    0.00021    7.33729   10.48573  319.79569     4.5442   16.42446 3.7976e-02     0.3489    21.9216 0.0000e+00
        720 102.738783    0.04996     2.9978    179.866     86.830  50385.713    31.1518     4.5797     86.000     4.5887    24.6700     6.9231     9.8938     94.428    301.741    309.185    0.00067    7.33155   10.47752  319.54403     4.5738   16.41245 3.7976e-02     0.3468    20.6664 0.0000e+00
        725 102.738796    0.05027     3.0163    180.981     87.839  50382.776    31.1556     4.6076     87.000     4.6091    24.6702     6.9171     9.8851     94.412    301.479    308.916    0.00044    7.32644   10.47021  319.32102     4.6016   16.40183 3.7976e-02     0.3534    19.2286 0.0000e+00
        730 102.738811    0.05063     3.0380    182.278     88.850  50377.855    31.1551     4.6231     88.000     4.6182    24.6682     6.9043     9.8670     94.274    300.925    308.349   -0.00045    7.32372   10.46633  319.20317     4.6170   16.39622 3.7976e-02     0.3628    18.1551 0.0000e+00
        734 102.738821    0.05087     3.0525    183.153     89.860  50361.913    31.1434     4.6220     89.000     4.6102    24.6591     6.9010     9.8623     94.218    300.783    308.200   -0.00072    7.32449   10.46743  319.23964     4.6158   16.39800 3.7976e-02     0.3599    17.9561 0.0000e+00
        736 102.738829    0.05107     3.0644    183.864     90.870  50361.325    31.1408     4.6141     90.000     4.6042    24.6579     6.8997     9.8603     94.180    300.723    308.139   -0.00085    7.32600   10.46959  319.30602     4.6079   16.40117 3.7976e-02     0.3536    18.0530 0.0000e+00
        739 102.738838    0.05127     3.0760    184.561     91.879  50374.942    31.1488     4.6101     91.000     4.6070    24.6646     6.8956     9.8544     94.120    300.543    307.955   -0.00107    7.32633   10.47005  319.31792     4.6039   16.40170 3.7976e-02     0.3508    18.4868 0.0000e+00
        743 102.738849    0.05155     3.0928    185.566     92.889  50414.833    31.1794     4.6274     92.000     4.6380    24.6870     6.8942     9.8525     94.160    300.476    307.893   -0.00075    7.32176   10.46353  319.11187     4.6211   16.39177 3.7976e-02     0.3503    18.5907 0.0000e+00
        749 102.738867    0.05196     3.1178    187.070     93.899  50440.999    31.2091     4.6832     93.000     4.6915    24.7050     6.9032     9.8654     94.430    300.866    308.299    0.00085    7.31044   10.44736  318.61324     4.6768   16.36794 3.7976e-02     0.3647    18.3029 0.0000e+00
        754 102.738879    0.05227     3.1362    188.171     94.909  50449.035    31.2203     4.7115     94.000     4.7184    24.7110     6.9005     9.8615     94.464    300.744    308.175    0.00084    7.30493   10.43947  318.37060     4.7049   16.35635 3.7976e-02     0.3498    17.7509 0.0000e+00
        757 102.738890    0.05252     3.1510    189.060     95.920  50476.882    31.2447     4.7378     95.000     4.7517    24.7275     6.8906     9.8473     94.403    300.306    307.732    0.00025    7.29910   10.43115  318.11181     4.7312   16.34393 3.7976e-02     0.3493    16.8585 0.0000e+00
        761 102.738899    0.05275     3.1651    189.907     96.928  50491.892    31.2624     4.7740     96.000     4.7836    24.7378     6.8853     9.8398     94.424    300.074    307.497    0.00025    7.29188   10.42083  317.79403     4.7672   16.32873 3.7976e-02     0.3646    16.7196 0.0000e+00
        764 102.738909    0.05298     3.1788    190.731     97.938  50475.941    31.2559     4.7961     97.000     4.7952    24.7303     6.8829     9.8364     94.438    299.973    307.392    0.00028    7.28833   10.41575  317.64133     4.7892   16.32150 3.7976e-02     0.3628    16.5710 0.0000e+00
        768 102.738921    0.05325     3.1954    191.721     98.949  50482.941    31.2628     4.8080     98.000     4.8072    24.7346     6.8734     9.8227     94.338    299.555    306.965   -0.00033    7.28590   10.41228  317.53433     4.8011   16.31637 3.7976e-02     0.3572    16.5490 0.0000e+00
        774 102.738939    0.05371     3.2224    193.344     99.959  50480.931    31.2642     4.8229     99.000     4.8172    24.7341     6.8617     9.8060     94.212    299.046    306.442   -0.00086    7.28323   10.40846  317.41784     4.8159   16.31083 3.7976e-02     0.3898    16.4994 0.0000e+00
        779 102.738952    0.05401     3.2404    194.427    100.968  50478.385    31.2622     4.8243    100.000     4.8173    24.7325     6.8543     9.7954     94.112    298.723    306.111   -0.00117    7.28307   10.40823  317.41126     4.8173   16.31053 3.7976e-02     0.3727    16.4514 0.0000e+00
        782 102.738960    0.05422     3.2531    195.186    101.978  50484.208    31.2659     4.8249    101.000     4.8199    24.7353     6.8488     9.7877     94.041    298.486    305.869   -0.00143    7.28278   10.40782  317.39809     4.8178   16.30988 3.7976e-02     0.3594    16.6057 0.0000e+00
        785 102.738969    0.05443     3.2659    195.956    102.988  50487.325    31.2682     4.8283    102.000     4.8233    24.7369     6.8488     9.7876     94.050    298.484    305.868   -0.00122    7.28207   10.40681  317.36658     4.8212   16.30838 3.7976e-02     0.3650    16.9044 0.0000e+00
        789 102.738980    0.05470     3.2819    196.913    103.999  50486.787    31.2682     4.8319    103.000     4.8255    24.7364     6.8515     9.7914     94.095    298.600    305.986   -0.00072    7.28145   10.40592  317.33977     4.8246   16.30710 3.7976e-02     0.3710    17.0951 0.0000e+00
        793 102.738994    0.05503     3.3016    198.097    105.009  50487.989    31.2689     4.8336    104.000     4.8270    24.7368     6.8524     9.7927     94.112    298.640    306.028   -0.00049    7.28112   10.40545  317.32527     4.8262   16.30641 3.7976e-02     0.3587    16.9216 0.0000e+00
        799 102.739012    0.05544     3.3260    199.561    106.018  50488.283    31.2692     4.8362    105.000     4.8290    24.7367     6.8508     9.7904     94.096    298.571    305.957   -0.00042    7.28064   10.40477  317.30452     4.8288   16.30542 3.7976e-02     0.3447    16.7766 0.0000e+00
