CTD-processing/allCTD/CNV/2015_02-22_t3_s06_cast213_4141.cnv
* Sea-Bird SBE19plus Data File:
* FileName = C:\Users\amdoroff\Desktop\2015_02_22_CookInlet_Tran3_AnchorPt\2015_02_22_CookInlet_Tran3_Cast213.hex
* Software Version 1.59
* Temperature SN =  4141
* Conductivity SN =  4141
* System UpLoad Time = Feb 22 2015 17:18:34
** Cook Inlet LTM Tran3 Anchor Pt E to W
** Date 02-22
** Station: 3-06
** Start Time: 14:46
** Depth (m): 49
** Comment
# nquan = 27
# nvalues = 50                          
# units = specified
# name 0 = scan: Scan Count
# name 1 = timeJ: Julian Days
# name 2 = timeH: Time, Elapsed [hours]
# name 3 = timeM: Time, Elapsed [minutes]
# name 4 = timeS: Time, Elapsed [seconds]
# name 5 = prdM: Pressure, Strain Gauge [db]
# name 6 = specc: Specific Conductance [uS/cm]
# name 7 = sal00: Salinity, Practical [PSU]
# name 8 = tv290C: Temperature [ITS-90, deg C]
# name 9 = depSM: Depth [salt water, m], lat = 59.00
# name 10 = potemp090C: Potential Temperature [ITS-90, deg C]
# name 11 = sigma-é00: Density [sigma-theta, kg/m^3]
# name 12 = sbeox0ML/L: Oxygen, SBE 43 [ml/l]
# name 13 = sbeox0Mg/L: Oxygen, SBE 43 [mg/l]
# name 14 = sbeox0PS: Oxygen, SBE 43 [% saturation]
# name 15 = sbox0Mm/Kg: Oxygen, SBE 43 [umol/kg]
# name 16 = sbeox0Mm/L: Oxygen, SBE 43 [umol/l]
# name 17 = sbox0dV/dT: Oxygen, SBE 43 [dov/dt]
# name 18 = oxsolML/L: Oxygen Saturation, Garcia & Gordon [ml/l]
# name 19 = oxsolMg/L: Oxygen Saturation, Garcia & Gordon [mg/l]
# name 20 = oxsolMm/Kg: Oxygen Saturation, Garcia & Gordon [umol/kg]
# name 21 = n2satMg/L: Nitrogen Saturation [mg/l]
# name 22 = par: PAR/Irradiance, Biospherical/Licor
# name 23 = wetStar: Fluorescence, WET Labs WETstar [mg/m^3]
# name 24 = CStarAt0: Beam Attenuation, WET Labs C-Star [1/m]
# name 25 = CStarTr0: Beam Transmission, WET Labs C-Star [%]
# name 26 = flag: flag
# span 0 =         54,        714       
# span 1 =  53.615767,  53.617676       
# span 2 =    0.00368,    0.04949       
# span 3 =     0.2208,     2.9695       
# span 4 =     13.248,    178.169       
# span 5 =      1.005,     50.435       
# span 6 =  49531.223,  49677.754       
# span 7 =    29.9209,    30.0009       
# span 8 =     1.7663,     1.8563       
# span 9 =      1.000,     50.000       
# span 10 =     1.7660,     1.8204      
# span 11 =    23.9177,    23.9803      
# span 12 =     6.2482,     7.3530      
# span 13 =     8.9292,    10.5081      
# span 14 =     78.891,     93.001      
# span 15 =    272.517,    320.699      
# span 16 =    279.042,    328.384      
# span 17 =   -0.02615,    0.00053      
# span 18 =    7.90671,    7.92783      
# span 19 =   11.29948,   11.32967      
# span 20 =  344.84917,  345.78379      
# span 21 =   17.61906,   17.66360      
# span 22 = 3.6382e-02, 1.2872e+01      
# span 23 =     0.2194,     0.6061      
# span 24 =    12.7561,    26.3960      
# span 25 =     0.1363,     3.8579      
# span 26 = 0.0000e+00, 0.0000e+00      
# interval = meters: 1                  
# start_time = Feb 22 2015 14:46:29 [Instrument's time stamp, header]
# bad_flag = -9.990e-29
*END*
         54  53.615767    0.00368     0.2208     13.248      1.005  49595.374    29.9825     1.8563      1.000     1.8204    23.9629     7.3530    10.5081     93.001    320.699    328.384   -0.00693    7.90671   11.29948  344.84917   17.61906 1.2872e+01     0.2194    17.6608     2.5973 0.0000e+00
        168  53.616096    0.01159     0.6956     41.736      2.003  49574.907    29.9522     1.8011      2.000     1.8052    23.9424     6.2482     8.9292     78.891    272.517    279.042   -0.02615    7.91955   11.31783  345.41701   17.64612 4.1437e-01     0.5588    12.7561     3.8579 0.0000e+00
        322  53.616542    0.02228     1.3366     80.194      3.004  49531.223    29.9209     1.7945      3.000     1.7833    23.9177     7.1828    10.2649     90.662    313.289    320.783   -0.00457    7.92258   11.32216  345.55746   17.65290 1.8797e-01     0.4090    16.4882     1.6826 0.0000e+00
        337  53.616587    0.02335     1.4013     84.077      4.030  49543.391    29.9229     1.7748      4.000     1.7689    23.9206     7.2456    10.3547     91.411    316.031    323.590   -0.00296    7.92648   11.32773  345.72658   17.66091 4.6847e-02     0.4054    15.7091     1.9824 0.0000e+00
        343  53.616603    0.02375     1.4249     85.497      5.042  49555.956    29.9287     1.7673      5.000     1.7664    23.9256     7.2742    10.3956     91.758    317.276    324.867    0.00053    7.92768   11.32944  345.77711   17.66329 4.2058e-02     0.4304    15.3175     2.1865 0.0000e+00
        352  53.616630    0.02439     1.4635     87.810      6.061  49557.905    29.9292     1.7663      6.000     1.7660    23.9261     7.2736    10.3947     91.748    317.249    324.840    0.00003    7.92783   11.32967  345.78379   17.66360 4.3857e-02     0.4575    13.0364     3.8065 0.0000e+00
        359  53.616648    0.02484     1.4904     89.424      7.069  49560.370    29.9303     1.7665      7.000     1.7664    23.9270     7.2686    10.3875     91.685    317.030    324.615   -0.00050    7.92774   11.32954  345.77966   17.66340 4.3726e-02     0.4525    15.3223     2.2136 0.0000e+00
        367  53.616672    0.02541     1.5246     91.477      8.076  49561.505    29.9308     1.7672      8.000     1.7672    23.9273     7.2710    10.3910     91.718    317.135    324.723   -0.00024    7.92757   11.32929  345.77174   17.66303 4.5426e-02     0.4555    15.3007     2.3255 0.0000e+00
        378  53.616704    0.02618     1.5706     94.238      9.093  49564.066    29.9322     1.7679      9.000     1.7681    23.9284     7.2772    10.3998     91.798    317.404    324.999    0.00007    7.92736   11.32900  345.76254   17.66258 5.0611e-02     0.4533    17.5303     1.3193 0.0000e+00
        382  53.616716    0.02646     1.5875     95.248     10.082  49564.215    29.9320     1.7690     10.000     1.7686    23.9283     7.2764    10.3986     91.790    317.369    324.963   -0.00022    7.92716   11.32870  345.75352   17.66215 6.4870e-02     0.4660    18.2767     1.0564 0.0000e+00
        395  53.616754    0.02738     1.6430     98.577     11.105  49564.761    29.9318     1.7688     11.000     1.7683    23.9281     7.2843    10.4100     91.890    317.715    325.318    0.00013    7.92719   11.32874  345.75492   17.66222 7.1306e-02     0.4546    13.6802     3.3681 0.0000e+00
        403  53.616778    0.02794     1.6763    100.575     12.114  49566.225    29.9323     1.7687     12.000     1.7684    23.9284     7.2828    10.4079     91.871    317.649    325.250   -0.00019    7.92720   11.32876  345.75531   17.66224 8.0279e-02     0.4590    14.8385     2.4599 0.0000e+00
        410  53.616798    0.02842     1.7054    102.322     13.119  49568.583    29.9336     1.7701     13.000     1.7698    23.9295     7.2793    10.4029     91.831    317.498    325.095   -0.00046    7.92684   11.32825  345.73920   17.66147 7.8939e-02     0.4621    13.9115     3.1207 0.0000e+00
        422  53.616833    0.02927     1.7560    105.360     14.140  49567.392    29.9323     1.7699     14.000     1.7691    23.9284     7.2815    10.4060     91.857    317.592    325.191    0.00009    7.92695   11.32841  345.74455   17.66173 7.8559e-02     0.4734    13.8214     3.2625 0.0000e+00
        430  53.616853    0.02976     1.7855    107.132     15.138  49570.060    29.9336     1.7700     15.000     1.7696    23.9295     7.2826    10.4076     91.873    317.641    325.242    0.00002    7.92685   11.32827  345.73993   17.66150 6.6701e-02     0.4748    14.7645     2.6206 0.0000e+00
        443  53.616892    0.03069     1.8417    110.501     16.157  49570.592    29.9337     1.7711     16.000     1.7703    23.9295     7.2798    10.4036     91.840    317.519    325.117   -0.00037    7.92664   11.32796  345.73037   17.66105 6.7974e-02     0.4694    15.1228     2.4313 0.0000e+00
        449  53.616911    0.03113     1.8677    112.064     17.157  49571.952    29.9342     1.7713     17.000     1.7707    23.9298     7.2881    10.4155     91.946    317.881    325.488    0.00038    7.92655   11.32784  345.72672   17.66087 7.5245e-02     0.4748    14.7150     2.7040 0.0000e+00
        462  53.616946    0.03199     1.9198    115.191     18.177  49578.283    29.9386     1.7741     18.000     1.7742    23.9332     7.2888    10.4164     91.963    317.910    325.518    0.00012    7.92576   11.32670  345.69091   17.65916 7.8541e-02     0.4836    13.5519     3.4259 0.0000e+00
        468  53.616966    0.03245     1.9471    116.823     19.178  49574.886    29.9362     1.7752     19.000     1.7739    23.9312     7.2836    10.4089     91.898    317.681    325.284   -0.00053    7.92566   11.32656  345.68732   17.65899 7.7031e-02     0.4911    16.5805     1.5828 0.0000e+00
        479  53.616995    0.03317     1.9900    119.401     20.193  49580.265    29.9394     1.7759     20.000     1.7756    23.9337     7.2789    10.4022     91.843    317.477    325.075   -0.00078    7.92535   11.32612  345.67279   17.65829 5.8681e-02     0.4737    14.2481     2.9476 0.0000e+00
        486  53.617016    0.03366     2.0199    121.192     21.195  49582.109    29.9405     1.7773     21.000     1.7767    23.9345     7.2771    10.3998     91.825    317.400    324.997   -0.00066    7.92500   11.32562  345.65744   17.65756 4.6483e-02     0.4683    16.9152     1.4810 0.0000e+00
        493  53.617036    0.03414     2.0484    122.906     22.207  49583.452    29.9410     1.7777     22.000     1.7771    23.9350     7.2868    10.4135     91.948    317.821    325.428    0.00037    7.92488   11.32545  345.65209   17.65731 4.6096e-02     0.4791    14.6280     2.5953 0.0000e+00
        505  53.617073    0.03503     2.1020    126.117     23.233  49591.159    29.9463     1.7805     23.000     1.7802    23.9390     7.2890    10.4166     91.985    317.914    325.525    0.00039    7.92405   11.32426  345.61420   17.65549 4.6329e-02     0.4682    14.3173     2.9425 0.0000e+00
        510  53.617087    0.03536     2.1217    127.302     24.229  49599.803    29.9521     1.7824     24.000     1.7829    23.9436     7.2849    10.4109     91.943    317.737    325.344   -0.00036    7.92333   11.32323  345.58146   17.65391 4.7059e-02     0.4709    19.2851     0.7771 0.0000e+00
        519  53.617113    0.03599     2.1596    129.575     25.226  49602.046    29.9538     1.7850     25.000     1.7844    23.9448     7.2832    10.4085     91.928    317.663    325.269   -0.00043    7.92272   11.32235  345.55426   17.65262 4.9067e-02     0.4755    19.2310     0.8367 0.0000e+00
        531  53.617146    0.03678     2.2070    132.421     26.261  49618.466    29.9648     1.7870     26.000     1.7892    23.9534     7.2759    10.3980     91.848    317.342    324.944   -0.00077    7.92172   11.32093  345.50782   17.65037 5.2365e-02     0.5003    19.9945     0.6777 0.0000e+00
        534  53.617156    0.03701     2.2208    133.245     27.234  49627.049    29.9714     1.7920     27.000     1.7928    23.9584     7.2787    10.4020     91.899    317.461    325.066   -0.00049    7.92032   11.31894  345.44536   17.64738 5.0897e-02     0.5030    20.7113     0.5710 0.0000e+00
        547  53.617194    0.03793     2.2756    136.538     28.289  49636.979    29.9793     1.7983     28.000     1.7999    23.9642     7.2809    10.4051     91.946    317.553    325.164   -0.00041    7.91865   11.31653  345.37014   17.64379 4.3378e-02     0.5225    15.0216     2.3489 0.0000e+00
        550  53.617202    0.03812     2.2873    137.235     29.266  49632.061    29.9763     1.8014     29.000     1.8004    23.9618     7.2731    10.3939     91.853    317.214    324.815   -0.00114    7.91817   11.31585  345.35033   17.64286 3.6401e-02     0.5165    20.2402     0.6468 0.0000e+00
        558  53.617225    0.03868     2.3211    139.267     30.286  49633.374    29.9769     1.8022     30.000     1.8010    23.9622     7.2736    10.3947     91.862    317.236    324.838   -0.00064    7.91798   11.31558  345.34171   17.64245 3.6386e-02     0.5123    15.8473     2.0093 0.0000e+00
        566  53.617248    0.03925     2.3549    141.294     31.300  49633.759    29.9766     1.8020     31.000     1.8008    23.9619     7.2732    10.3942     91.856    317.220    324.822   -0.00044    7.91803   11.31566  345.34415   17.64257 3.6382e-02     0.5180    17.3095     1.3356 0.0000e+00
        571  53.617263    0.03958     2.3751    142.506     32.300  49639.561    29.9804     1.8037     32.000     1.8037    23.9649     7.2720    10.3924     91.847    317.164    324.765   -0.00049    7.91748   11.31487  345.31911   17.64136 3.6382e-02     0.5198    19.3281     0.7995 0.0000e+00
        583  53.617297    0.04040     2.4239    145.437     33.322  49640.759    29.9816     1.8071     33.000     1.8062    23.9656     7.2753    10.3971     91.897    317.309    324.913   -0.00014    7.91672   11.31379  345.28587   17.63978 3.6382e-02     0.5212    16.5920     1.7639 0.0000e+00
        589  53.617316    0.04085     2.4509    147.053     34.326  49643.839    29.9834     1.8081     34.000     1.8082    23.9670     7.2737    10.3948     91.881    317.240    324.843   -0.00045    7.91643   11.31337  345.27259   17.63915 3.6382e-02     0.4954    20.3965     0.6798 0.0000e+00
        595  53.617331    0.04123     2.4742    148.450     35.324  49652.972    29.9900     1.8120     35.000     1.8124    23.9721     7.2722    10.3926     91.874    317.170    324.774   -0.00048    7.91528   11.31172  345.22076   17.63666 3.6382e-02     0.5176    20.6120     0.6738 0.0000e+00
        607  53.617367    0.04207     2.5243    151.460     36.352  49655.590    29.9922     1.8153     36.000     1.8146    23.9736     7.2636    10.3805     91.777    316.801    324.396   -0.00108    7.91449   11.31060  345.18579   17.63499 3.6382e-02     0.5243    20.5251     0.6696 0.0000e+00
        611  53.617377    0.04233     2.5397    152.384     37.345  49656.573    29.9927     1.8166     37.000     1.8152    23.9740     7.2628    10.3794     91.770    316.766    324.360   -0.00105    7.91421   11.31020  345.17356   17.63441 3.6382e-02     0.5263    22.9179     0.3449 0.0000e+00
        618  53.617399    0.04285     2.5712    154.270     38.356  49657.284    29.9928     1.8170     38.000     1.8154    23.9740     7.2653    10.3829     91.802    316.874    324.470   -0.00060    7.91413   11.31008  345.16977   17.63423 3.6382e-02     0.5445    20.4141     0.7868 0.0000e+00
        630  53.617433    0.04366     2.6196    157.175     39.385  49661.389    29.9952     1.8178     39.000     1.8162    23.9759     7.2613    10.3770     91.754    316.694    324.287   -0.00068    7.91383   11.30965  345.15620   17.63358 3.6382e-02     0.5709    20.6196     0.6186 0.0000e+00
        633  53.617441    0.04388     2.6326    157.954     40.380  49662.113    29.9952     1.8179     40.000     1.8162    23.9758     7.2614    10.3773     91.756    316.702    324.295   -0.00063    7.91382   11.30964  345.15570   17.63355 3.6382e-02     0.5555    23.5223     0.2868 0.0000e+00
        640  53.617462    0.04437     2.6619    159.712     41.385  49663.150    29.9954     1.8183     41.000     1.8165    23.9760     7.2638    10.3807     91.787    316.804    324.400   -0.00034    7.91373   11.30951  345.15173   17.63337 3.6382e-02     0.5556    22.1906     0.4569 0.0000e+00
        653  53.617500    0.04529     2.7174    163.046     42.413  49664.534    29.9959     1.8185     42.000     1.8167    23.9764     7.2662    10.3841     91.819    316.909    324.508   -0.00012    7.91365   11.30940  345.14822   17.63320 3.6382e-02     0.5563    20.7655     0.5529 0.0000e+00
        656  53.617508    0.04548     2.7284    163.707     43.407  49667.487    29.9973     1.8186     43.000     1.8171    23.9776     7.2677    10.3864     91.840    316.978    324.579   -0.00004    7.91355   11.30925  345.14339   17.63296 3.6382e-02     0.5732    23.4041     0.2830 0.0000e+00
        664  53.617533    0.04607     2.7643    165.861     44.418  49668.224    29.9975     1.8192     44.000     1.8171    23.9776     7.2664    10.3843     91.823    316.916    324.515   -0.00027    7.91344   11.30909  345.13847   17.63273 3.6382e-02     0.5665    21.7771     0.4651 0.0000e+00
        677  53.617570    0.04695     2.8165    168.992     45.442  49670.200    29.9983     1.8190     45.000     1.8171    23.9783     7.2616    10.3776     91.764    316.710    324.305   -0.00091    7.91341   11.30906  345.13724   17.63266 3.6382e-02     0.5835    23.9587     0.2441 0.0000e+00
        678  53.617573    0.04704     2.8228    169.366     46.432  49673.611    30.0001     1.8193     46.000     1.8175    23.9797     7.2668    10.3849     91.830    316.934    324.534   -0.00024    7.91325   11.30882  345.12956   17.63229 3.6382e-02     0.5517    25.5719     0.1689 0.0000e+00
        688  53.617600    0.04769     2.8614    171.685     47.444  49672.799    29.9991     1.8196     47.000     1.8174    23.9789     7.2656    10.3832     91.816    316.883    324.482   -0.00039    7.91326   11.30884  345.13026   17.63233 3.6382e-02     0.5845    24.6184     0.2177 0.0000e+00
        700  53.617636    0.04855     2.9133    174.797     48.476  49673.679    29.9991     1.8194     48.000     1.8175    23.9790     7.2545    10.3674     91.674    316.400    323.987   -0.00164    7.91328   11.30888  345.13162   17.63239 3.6382e-02     0.6006    25.4057     0.1741 0.0000e+00
        702  53.617642    0.04868     2.9209    175.251     49.453  49675.487    29.9999     1.8194     49.000     1.8174    23.9795     7.2568    10.3706     91.704    316.497    324.087   -0.00134    7.91324   11.30881  345.12931   17.63229 3.6382e-02     0.6061    26.3960     0.1363 0.0000e+00
        714  53.617676    0.04949     2.9695    178.169     50.435  49677.754    30.0009     1.8198     50.000     1.8176    23.9803     7.2752    10.3970     91.939    317.302    324.912    0.00031    7.91313   11.30865  345.12420   17.63204 3.6382e-02     0.5950    26.2838     0.1411 0.0000e+00
