CTD-processing/allCTD/CNV/2015_09-24_t9_s03_cast193_5028.cnv
* Sea-Bird SBE19plus Data File:
* FileName = C:\Users\Kris.Holderied\Documents\kasitsna\Research-KBL\Oceanography-AK\CTD-Data-ALL-to-2015-06\2015-CTD-KachemakBay-CookInlet\2015-09-24-CookInlet-HomerSpit-special\2015-09-24-CookInlet-Tran9-cast193.hex
* Software Version 1.59
* Temperature SN =  5028
* Conductivity SN =  5028
* System UpLoad Time = Oct 19 2015 12:29:23
** Cook Inlet LTM Transect 9 Homer Spit special

** Date: 09-24
** Station: 9-03
** Start time (AKDT): 14:15
** Depth (m): 92.1
** Comment:  R/V Edgecumbe
** Comment:
# nquan = 27
# nvalues = 83                          
# units = specified
# name 0 = scan: Scan Count
# name 1 = timeJ: Julian Days
# name 2 = timeH: Time, Elapsed [hours]
# name 3 = timeM: Time, Elapsed [minutes]
# name 4 = timeS: Time, Elapsed [seconds]
# name 5 = prdM: Pressure, Strain Gauge [db]
# name 6 = specc: Specific Conductance [uS/cm]
# name 7 = sal00: Salinity, Practical [PSU]
# name 8 = tv290C: Temperature [ITS-90, deg C]
# name 9 = depSM: Depth [salt water, m], lat = 59.00
# name 10 = potemp090C: Potential Temperature [ITS-90, deg C]
# name 11 = sigma-é00: Density [sigma-theta, kg/m^3]
# name 12 = sbeox0ML/L: Oxygen, SBE 43 [ml/l]
# name 13 = sbeox0Mg/L: Oxygen, SBE 43 [mg/l]
# name 14 = sbeox0PS: Oxygen, SBE 43 [% saturation]
# name 15 = sbox0Mm/Kg: Oxygen, SBE 43 [umol/kg]
# name 16 = sbeox0Mm/L: Oxygen, SBE 43 [umol/l]
# name 17 = sbox0dV/dT: Oxygen, SBE 43 [dov/dt]
# name 18 = oxsolML/L: Oxygen Saturation, Garcia & Gordon [ml/l]
# name 19 = oxsolMg/L: Oxygen Saturation, Garcia & Gordon [mg/l]
# name 20 = oxsolMm/Kg: Oxygen Saturation, Garcia & Gordon [umol/kg]
# name 21 = potemp090C: Potential Temperature [ITS-90, deg C]
# name 22 = n2satMg/L: Nitrogen Saturation [mg/l]
# name 23 = par: PAR/Irradiance, Biospherical/Licor
# name 24 = flECO-AFL: Fluorescence, WET Labs ECO-AFL/FL [mg/m^3]
# name 25 = turbWETntu0: Turbidity, WET Labs ECO [NTU]
# name 26 = flag: flag
# span 0 =        322,        637       
# span 1 = 267.594828, 267.595741       
# span 2 =    0.02228,    0.04417       
# span 3 =     1.3367,     2.6501       
# span 4 =     80.200,    159.005       
# span 5 =      1.009,     83.800       
# span 6 =  45742.193,  49216.425       
# span 7 =    28.8324,    31.2000       
# span 8 =     9.4564,    10.0276       
# span 9 =      1.000,     83.000       
# span 10 =     9.4482,    10.0260      
# span 11 =    22.1852,    24.0742      
# span 12 =     5.2474,     6.1296      
# span 13 =     7.4991,     8.7599      
# span 14 =     80.419,     92.884      
# span 15 =    228.856,    267.808      
# span 16 =    234.350,    273.750      
# span 17 =   -0.02730,    0.00681      
# span 18 =    6.48158,    6.61059      
# span 19 =    9.26283,    9.44720      
# span 20 =  282.74725,  288.82125      
# span 21 =     9.4482,    10.0267      
# span 22 =   14.65824,   14.95722      
# span 23 = 5.3807e-02, 8.5931e+01      
# span 24 =     0.3197,     0.7582      
# span 25 =     0.3321,     0.8586      
# span 26 = 0.0000e+00, 0.0000e+00      
# interval = meters: 1                  
# start_time = Sep 24 2015 14:15:13 [Instrument's time stamp, header]
# bad_flag = -9.990e-29
*END*
[from data line 54]
        527 267.595421    0.03651     2.1903    131.418     55.526  49141.990    31.1674     9.5274     55.000     9.5188    24.0377     5.2923     7.5632     80.930    230.807    236.355    0.00140    6.53938    9.34543  285.19352     9.5215   14.77425 1.1027e-01     0.3701     0.5323 0.0000e+00
        530 267.595432    0.03675     2.2051    132.307     56.536  49144.599    31.1683     9.5234     56.000     9.5148    24.0391     5.3120     7.5915     81.224    231.667    237.236    0.00278    6.53992    9.34619  285.21636     9.5174   14.77534 1.0173e-01     0.3677     0.5114 0.0000e+00
        534 267.595443    0.03700     2.2205    133.229     57.546  49144.952    31.1674     9.5179     57.000     9.5069    24.0393     5.3274     7.6134     81.450    232.339    237.924    0.00344    6.54076    9.34740  285.25295     9.5118   14.77709 9.4944e-02     0.3679     0.5121 0.0000e+00
        538 267.595453    0.03727     2.2364    134.185     58.556  49149.342    31.1689     9.5088     58.000     9.4973    24.0418     5.3356     7.6251     81.560    232.695    238.289    0.00312    6.54201    9.34919  285.30700     9.5025   14.77967 8.9140e-02     0.3785     0.5128 0.0000e+00
        541 267.595464    0.03753     2.2520    135.119     59.565  49154.029    31.1703     9.4981     59.000     9.4857    24.0446     5.3386     7.6293     81.586    232.822    238.420    0.00241    6.54348    9.35129  285.37028     9.4918   14.78269 8.4172e-02     0.3877     0.4927 0.0000e+00
        545 267.595475    0.03779     2.2674    136.044     60.575  49162.897    31.1748     9.4880     60.000     9.4781    24.0497     5.3394     7.6306     81.584    232.859    238.459    0.00164    6.54476    9.35311  285.42439     9.4816   14.78526 7.9914e-02     0.3822     0.4716 0.0000e+00
        549 267.595486    0.03806     2.2833    136.995     61.585  49169.581    31.1783     9.4824     61.000     9.4743    24.0533     5.3443     7.6376     81.650    233.071    238.676    0.00146    6.54543    9.35407  285.45265     9.4759   14.78659 7.5847e-02     0.3894     0.4744 0.0000e+00
        553 267.595497    0.03832     2.2992    137.953     62.595  49173.471    31.1802     9.4794     62.000     9.4710    24.0553     5.3490     7.6442     81.717    233.274    238.886    0.00145    6.54577    9.35456  285.46715     9.4728   14.78728 7.2209e-02     0.3876     0.4923 0.0000e+00
        557 267.595508    0.03858     2.3151    138.909     63.604  49176.818    31.1817     9.4759     63.000     9.4674    24.0570     5.3480     7.6427     81.695    233.227    238.838    0.00089    6.54621    9.35519  285.48599     9.4692   14.78818 6.9673e-02     0.3820     0.5053 0.0000e+00
        560 267.595519    0.03885     2.3308    139.849     64.614  49179.719    31.1828     9.4726     64.000     9.4640    24.0585     5.3456     7.6394     81.654    233.125    238.734    0.00031    6.54665    9.35581  285.50441     9.4658   14.78905 6.7690e-02     0.3915     0.4970 0.0000e+00
        564 267.595530    0.03912     2.3468    140.808     65.624  49182.674    31.1840     9.4694     65.000     9.4606    24.0599     5.3460     7.6400     81.655    233.146    238.755    0.00015    6.54707    9.35642  285.52248     9.4624   14.78991 6.5991e-02     0.3828     0.4847 0.0000e+00
        568 267.595542    0.03939     2.3634    141.807     66.634  49186.152    31.1856     9.4660     66.000     9.4578    24.0617     5.3486     7.6437     81.689    233.256    238.869    0.00023    6.54748    9.35700  285.53976     9.4590   14.79073 6.4403e-02     0.3665     0.4925 0.0000e+00
        572 267.595553    0.03967     2.3801    142.803     67.643  49188.782    31.1867     9.4642     67.000     9.4566    24.0629     5.3502     7.6460     81.711    233.327    238.941    0.00026    6.54770    9.35732  285.54913     9.4571   14.79118 6.2790e-02     0.3561     0.5219 0.0000e+00
        576 267.595564    0.03994     2.3964    143.785     68.653  49190.257    31.1873     9.4635     68.000     9.4560    24.0635     5.3479     7.6427     81.675    233.226    238.839   -0.00007    6.54778    9.35743  285.55246     9.4563   14.79134 6.1498e-02     0.3581     0.5197 0.0000e+00
        580 267.595576    0.04022     2.4129    144.772     69.662  49191.374    31.1876     9.4633     69.000     9.4561    24.0637     5.3447     7.6381     81.626    233.086    238.695   -0.00042    6.54780    9.35746  285.55321     9.4559   14.79137 6.0644e-02     0.3645     0.5178 0.0000e+00
        584 267.595587    0.04049     2.4293    145.761     70.673  49191.018    31.1870     9.4640     70.000     9.4566    24.0632     5.3439     7.6370     81.615    233.051    238.659   -0.00046    6.54773    9.35736  285.55016     9.4565   14.79122 5.9715e-02     0.3599     0.5524 0.0000e+00
        588 267.595599    0.04077     2.4461    146.765     71.683  49191.411    31.1869     9.4640     71.000     9.4560    24.0631     5.3458     7.6397     81.643    233.132    238.742   -0.00023    6.54773    9.35736  285.55038     9.4564   14.79123 5.8747e-02     0.3622     0.5219 0.0000e+00
        592 267.595611    0.04105     2.4631    147.786     72.693  49192.532    31.1871     9.4631     72.000     9.4547    24.0634     5.3493     7.6447     81.695    233.284    238.898    0.00008    6.54784    9.35752  285.55501     9.4554   14.79145 5.7854e-02     0.3601     0.5019 0.0000e+00
        596 267.595623    0.04133     2.4800    148.800     73.702  49193.886    31.1874     9.4615     73.000     9.4523    24.0640     5.3507     7.6468     81.715    233.350    238.965    0.00016    6.54807    9.35784  285.56488     9.4537   14.79192 5.6852e-02     0.3704     0.5155 0.0000e+00
        600 267.595634    0.04161     2.4966    149.795     74.711  49196.618    31.1886     9.4588     74.000     9.4498    24.0653     5.3484     7.6434     81.675    233.246    238.860   -0.00018    6.54840    9.35832  285.57897     9.4509   14.79259 5.6180e-02     0.3720     0.5065 0.0000e+00
        604 267.595645    0.04188     2.5128    150.770     75.722  49200.153    31.1904     9.4572     75.000     9.4488    24.0670     5.3465     7.6406     81.643    233.162    238.773   -0.00041    6.54856    9.35855  285.58539     9.4492   14.79290 5.5893e-02     0.3610     0.5022 0.0000e+00
        608 267.595657    0.04214     2.5287    151.723     76.731  49204.708    31.1931     9.4565     76.000     9.4482    24.0692     5.3451     7.6388     81.623    233.104    238.714   -0.00047    6.54854    9.35852  285.58417     9.4484   14.79283 5.5839e-02     0.3620     0.5206 0.0000e+00
        612 267.595667    0.04241     2.5444    152.664     77.741  49209.299    31.1959     9.4564     77.000     9.4492    24.0714     5.3434     7.6363     81.598    233.028    238.637   -0.00055    6.54843    9.35836  285.57880     9.4482   14.79256 5.5523e-02     0.3590     0.5747 0.0000e+00
        616 267.595679    0.04268     2.5609    153.654     78.752  49215.177    31.2000     9.4597     78.000     9.4539    24.0742     5.3375     7.6277     81.516    232.767    238.371   -0.00090    6.54779    9.35744  285.54982     9.4514   14.79116 5.5187e-02     0.3459     0.6683 0.0000e+00
        620 267.595691    0.04297     2.5781    154.684     79.761  49213.146    31.1987     9.4640     79.000     9.4561    24.0725     5.3265     7.6121     81.355    232.288    237.880   -0.00161    6.54722    9.35664  285.52576     9.4555   14.79001 5.4886e-02     0.3430     0.7457 0.0000e+00
        624 267.595703    0.04326     2.5956    155.735     80.771  49213.406    31.1986     9.4650     80.000     9.4566    24.0723     5.3117     7.5910     81.131    231.645    237.222   -0.00252    6.54708    9.35644  285.51982     9.4564   14.78972 5.4533e-02     0.3554     0.7767 0.0000e+00
        628 267.595715    0.04354     2.6126    156.759     81.781  49213.510    31.1983     9.4653     81.000     9.4566    24.0720     5.3040     7.5800     81.015    231.311    236.879   -0.00258    6.54705    9.35639  285.51831     9.4567   14.78965 5.4243e-02     0.3781     0.7884 0.0000e+00
        632 267.595727    0.04383     2.6300    157.802     82.790  49214.571    31.1986     9.4655     82.000     9.4568    24.0723     5.2989     7.5727     80.937    231.087    236.650   -0.00235    6.54702    9.35635  285.51698     9.4567   14.78959 5.3988e-02     0.3864     0.7987 0.0000e+00
        637 267.595741    0.04417     2.6501    159.005     83.800  49216.425    31.1996     9.4660     83.000     9.4574    24.0730     5.2966     7.5694     80.903    230.987    236.548   -0.00188    6.54690    9.35618  285.51164     9.4571   14.78933 5.3807e-02     0.3735     0.8586 0.0000e+00
