CTD-processing/allCTD/CNV/2016_04-10_t6_s25_cast191_5028.cnv
* Sea-Bird SBE19plus Data File:
* FileName = C:\Users\Kris.Holderied\Documents\kasitsna\Research-KBL\Oceanography-AK\CTD-Data-ALL-to-2016-02\2016-CTD-KachemakBay-CookInlet\2016-04-CookInlet-quarterly\2016-04-10-CookInlet-Tran6-Douglas\2016-04-10-CookInlet-Tran6-cast191.hex
* Software Version 1.59
* Temperature SN =  5028
* Conductivity SN =  5028
* System UpLoad Time = Apr 11 2016 02:24:33
** Cook Inlet LTM Tran6 Douglas east to west
** Date (YYYY-MM-DD): 2016-04-10
** Station (ie. 9-01): 6-25
** Start time (AKST): 15:06
** Depth (m): 173
** Comment:  R/V Pandalus. Skipped stations.
** Comment:
# nquan = 27
# nvalues = 172                         
# units = specified
# name 0 = scan: Scan Count
# name 1 = timeJ: Julian Days
# name 2 = timeH: Time, Elapsed [hours]
# name 3 = timeM: Time, Elapsed [minutes]
# name 4 = timeS: Time, Elapsed [seconds]
# name 5 = prdM: Pressure, Strain Gauge [db]
# name 6 = specc: Specific Conductance [uS/cm]
# name 7 = sal00: Salinity, Practical [PSU]
# name 8 = tv290C: Temperature [ITS-90, deg C]
# name 9 = depSM: Depth [salt water, m], lat = 59.00
# name 10 = potemp090C: Potential Temperature [ITS-90, deg C]
# name 11 = sigma-é00: Density [sigma-theta, kg/m^3]
# name 12 = sbeox0ML/L: Oxygen, SBE 43 [ml/l]
# name 13 = sbeox0Mg/L: Oxygen, SBE 43 [mg/l]
# name 14 = sbeox0PS: Oxygen, SBE 43 [% saturation]
# name 15 = sbox0Mm/Kg: Oxygen, SBE 43 [umol/kg]
# name 16 = sbeox0Mm/L: Oxygen, SBE 43 [umol/l]
# name 17 = sbox0dV/dT: Oxygen, SBE 43 [dov/dt]
# name 18 = oxsolML/L: Oxygen Saturation, Garcia & Gordon [ml/l]
# name 19 = oxsolMg/L: Oxygen Saturation, Garcia & Gordon [mg/l]
# name 20 = oxsolMm/Kg: Oxygen Saturation, Garcia & Gordon [umol/kg]
# name 21 = potemp090C: Potential Temperature [ITS-90, deg C]
# name 22 = n2satMg/L: Nitrogen Saturation [mg/l]
# name 23 = par: PAR/Irradiance, Biospherical/Licor
# name 24 = flECO-AFL: Fluorescence, WET Labs ECO-AFL/FL [mg/m^3]
# name 25 = turbWETntu0: Turbidity, WET Labs ECO [NTU]
# name 26 = flag: flag
# span 0 =         50,        945       
# span 1 = 101.628926, 101.631516       
# span 2 =    0.00338,    0.06555       
# span 3 =     0.2027,     3.9329       
# span 4 =     12.163,    235.977       
# span 5 =      1.009,    173.696       
# span 6 =  47812.225,  51094.118       
# span 7 =    29.5944,    32.0024       
# span 8 =     4.8067,     6.5733       
# span 9 =      1.000,    172.000       
# span 10 =     4.8088,     6.5621      
# span 11 =    23.3945,    25.1190      
# span 12 =     5.8824,     6.7537      
# span 13 =     8.4065,     9.6517      
# span 14 =     80.657,     93.256      
# span 15 =    256.480,    294.764      
# span 16 =    262.707,    301.620      
# span 17 =   -0.00880,    0.03743      
# span 18 =    6.95596,    7.33353      
# span 19 =    9.94076,   10.48035      
# span 20 =  303.05181,  320.06831      
# span 21 =     4.8064,     6.5619      
# span 22 =   15.62371,   16.44399      
# span 23 = 3.7976e-02, 6.4044e+02      
# span 24 =     0.1164,     0.4640      
# span 25 =     0.2916,     4.1829      
# span 26 = 0.0000e+00, 0.0000e+00      
# interval = meters: 1                  
# start_time = Apr 10 2016 15:05:27 [Instrument's time stamp, header]
# bad_flag = -9.990e-29
*END*
         50 101.628926    0.00338     0.2027     12.163      1.009  47812.225    29.5944     5.0148      1.000     4.9128    23.3945     6.7537     9.6517     92.089    294.764    301.620   -0.00025    7.33353   10.48035  320.06831     5.0148   16.44399 6.4044e+02     0.4640     4.1829 0.0000e+00
        207 101.629382    0.01434     0.8603     51.617      2.019  49522.826    30.6721     4.9275      2.000     4.9281    24.2530     5.8824     8.4065     80.657    256.480    262.707   -0.00880    7.29360   10.42328  318.01542     4.9274   16.34166 2.8260e+02     0.2026     3.6443 0.0000e+00
        263 101.629543    0.01820     1.0922     65.534      3.029  49199.465    30.4495     4.8932      3.000     4.8393    24.0806     5.9253     8.4678     81.048    258.400    264.622   -0.00461    7.31076   10.44780  318.82096     4.8929   16.38092 1.6716e+02     0.2371     3.7193 0.0000e+00
        265 101.629550    0.01835     1.1011     66.067      4.038  49285.819    30.4940     4.8263      4.000     4.8088    24.1228     6.0230     8.6075     82.277    262.651    268.987    0.00178    7.32035   10.46151  319.22605     4.8260   16.40001 9.3193e+01     0.2697     3.6986 0.0000e+00
        268 101.629556    0.01852     1.1116     66.695      5.047  49389.777    30.5605     4.8067      5.000     4.8219    24.1775     6.1729     8.8217     84.325    269.172    275.681    0.01229    7.32054   10.46178  319.21755     4.8064   16.39933 4.7648e+01     0.3092     3.6299 0.0000e+00
        270 101.629563    0.01868     1.1209     67.253      6.056  49645.551    30.7408     4.8349      6.000     4.9170    24.3174     6.2911     8.9907     86.106    274.292    280.963    0.02107    7.30680   10.44215  318.57495     4.8345   16.36801 2.8790e+01     0.3402     3.4400 0.0000e+00
        272 101.629569    0.01883     1.1298     67.785      7.066  49902.380    30.9358     4.9288      7.000     5.0524    24.4621     6.3687     9.1017     87.482    277.639    284.431    0.02607    7.28085   10.40506  317.39879     4.9283   16.31125 1.8812e+01     0.3561     3.0823 0.0000e+00
        274 101.629576    0.01898     1.1386     68.316      8.075  50010.648    31.0371     5.0603      8.000     5.1739    24.5283     6.4443     9.2096     88.859    280.911    287.802    0.02997    7.25300   10.36527  316.16440     5.0597   16.25209 1.3119e+01     0.3605     2.7239 0.0000e+00
        276 101.629581    0.01913     1.1479     68.874      9.085  50022.447    31.0713     5.1876      9.000     5.2672    24.5417     6.5360     9.3405     90.416    284.902    291.895    0.03440    7.22925   10.33134  315.12511     5.1869   16.20249 1.0026e+01     0.3528     2.3207 0.0000e+00
        279 101.629589    0.01931     1.1584     69.505     10.095  50011.491    31.0832     5.2834     10.000     5.3351    24.5407     6.6235     9.4657     91.842    288.721    295.806    0.03743    7.21212   10.30685  314.37852     5.2827   16.16690 7.9410e+00     0.3401     2.0218 0.0000e+00
        282 101.629597    0.01948     1.1693     70.159     11.104  50025.224    31.1059     5.3505     11.000     5.3941    24.5514     6.6618     9.5205     92.533    290.388    297.518    0.03550    7.19948   10.28879  313.82422     5.3497   16.14042 6.1158e+00     0.3244     1.8204 0.0000e+00
        284 101.629604    0.01966     1.1798     70.788     12.113  50067.554    31.1462     5.4073     12.000     5.4555    24.5768     6.6476     9.5001     92.484    289.761    296.882    0.02944    7.18785   10.27215  313.30911     5.4064   16.11573 4.5641e+00     0.3105     1.7447 0.0000e+00
        287 101.629612    0.01985     1.1911     71.464     13.123  50106.366    31.1861     5.4747     13.000     5.5248    24.6009     6.6140     9.4521     92.188    288.290    295.382    0.02247    7.17444   10.25299  312.71714     5.4736   16.08738 3.3479e+00     0.3011     1.6753 0.0000e+00
        290 101.629622    0.02010     1.2059     72.355     14.133  50138.163    31.2257     5.5650     14.000     5.6088    24.6220     6.5706     9.3901     91.805    286.394    293.445    0.01507    7.15718   10.22832  311.95847     5.5639   16.05109 2.4658e+00     0.3044     1.5677 0.0000e+00
        295 101.629636    0.02044     1.2263     73.580     15.142  50136.927    31.2433     5.6598     15.000     5.6832    24.6252     6.5281     9.3293     91.426    284.536    291.543    0.00831    7.14026   10.20414  311.22012     5.6587   16.01586 1.9406e+00     0.3315     1.4356 0.0000e+00
        300 101.629650    0.02077     1.2463     74.777     16.152  50160.914    31.2703     5.7145     16.000     5.7363    24.6402     6.5074     9.2997     91.272    283.631    290.620    0.00479    7.12975   10.18912  310.75714     5.7132   15.99370 1.6121e+00     0.3335     1.3633 0.0000e+00
        304 101.629660    0.02101     1.2608     75.649     17.161  50232.323    31.3287     5.7634     17.000     5.8035    24.6807     6.5052     9.2965     91.381    283.523    290.521    0.00419    7.11875   10.17342  310.26624     5.7621   15.97008 1.3379e+00     0.3194     1.3095 0.0000e+00
        307 101.629669    0.02124     1.2742     76.454     18.170  50271.757    31.3690     5.8326     18.000     5.8702    24.7045     6.5117     9.3058     91.647    283.801    290.813    0.00465    7.10523   10.15409  309.66965     5.8312   15.94149 1.1167e+00     0.3155     1.2109 0.0000e+00
        310 101.629680    0.02148     1.2886     77.318     19.180  50283.094    31.3888     5.8956     19.000     5.9241    24.7127     6.5266     9.3272     92.006    284.450    291.480    0.00561    7.09375   10.13768  309.16646     5.8941   15.91745 9.3505e-01     0.3214     1.1153 0.0000e+00
        314 101.629691    0.02175     1.3048     78.286     20.190  50296.169    31.4080     5.9503     20.000     5.9717    24.7214     6.5321     9.3350     92.213    284.685    291.723    0.00544    7.08372   10.12334  308.72682     5.9486   15.89643 7.5973e-01     0.3400     1.0531 0.0000e+00
        319 101.629704    0.02206     1.3239     79.433     21.199  50305.859    31.4235     5.9982     21.000     6.0136    24.7280     6.5254     9.3254     92.231    284.389    291.422    0.00394    7.07499   10.11087  308.34442     5.9966   15.87814 5.9560e-01     0.3510     1.0002 0.0000e+00
        324 101.629720    0.02245     1.3468     80.809     22.209  50322.519    31.4433     6.0431     22.000     6.0555    24.7382     6.5156     9.3114     92.203    283.963    290.987    0.00236    7.06662   10.09890  307.97626     6.0413   15.86052 4.8487e-01     0.3365     0.9351 0.0000e+00
        328 101.629732    0.02273     1.3638     81.826     23.219  50330.680    31.4538     6.0708     23.000     6.0805    24.7432     6.5138     9.3089     92.244    283.883    290.907    0.00188    7.06153   10.09163  307.75303     6.0689   15.84984 4.2690e-01     0.3349     0.8848 0.0000e+00
        331 101.629741    0.02295     1.3766     82.597     24.227  50339.826    31.4630     6.0886     24.000     6.0987    24.7484     6.5155     9.3114     92.313    283.957    290.984    0.00180    7.05813   10.08678  307.60354     6.0867   15.84268 3.8013e-01     0.3442     0.8788 0.0000e+00
        335 101.629751    0.02319     1.3914     83.483     25.237  50340.908    31.4671     6.1085     25.000     6.1145    24.7492     6.5218     9.3203     92.447    284.230    291.264    0.00204    7.05465   10.08181  307.45170     6.1065   15.83542 3.3055e-01     0.3363     0.8312 0.0000e+00
        339 101.629764    0.02350     1.4104     84.625     26.247  50338.607    31.4680     6.1235     26.000     6.1255    24.7481     6.5251     9.3250     92.526    284.372    291.409    0.00190    7.05213   10.07820  307.34198     6.1214   15.83019 2.7722e-01     0.3237     0.8010 0.0000e+00
        344 101.629777    0.02382     1.4291     85.744     27.257  50343.813    31.4729     6.1329     27.000     6.1345    24.7508     6.5207     9.3187     92.487    284.180    291.214    0.00106    7.05035   10.07565  307.26356     6.1307   15.82644 2.3097e-01     0.3482     0.8157 0.0000e+00
        348 101.629789    0.02410     1.4459     86.753     28.266  50344.117    31.4740     6.1400     28.000     6.1398    24.7508     6.5222     9.3209     92.525    284.248    291.283    0.00089    7.04912   10.07390  307.20991     6.1377   15.82388 1.9755e-01     0.3543     0.7394 0.0000e+00
        352 101.629800    0.02437     1.4622     87.733     29.276  50346.864    31.4761     6.1440     29.000     6.1441    24.7521     6.5249     9.3248     92.573    284.363    291.402    0.00088    7.04835   10.07280  307.17613     6.1417   15.82226 1.7568e-01     0.3533     0.6967 0.0000e+00
        356 101.629812    0.02465     1.4789     88.733     30.285  50351.407    31.4799     6.1500     30.000     6.1502    24.7544     6.5273     9.3281     92.622    284.466    291.508    0.00084    7.04719   10.07115  307.12492     6.1476   15.81980 1.5821e-01     0.3499     0.7067 0.0000e+00
        360 101.629825    0.02496     1.4978     89.870     31.294  50353.366    31.4819     6.1552     31.000     6.1551    24.7552     6.5308     9.3331     92.684    284.618    291.663    0.00087    7.04622   10.06976  307.08257     6.1528   15.81777 1.4091e-01     0.3405     0.7265 0.0000e+00
        365 101.629837    0.02526     1.5152     90.914     32.305  50360.445    31.4873     6.1609     32.000     6.1623    24.7589     6.5322     9.3351     92.720    284.678    291.726    0.00078    7.04504   10.06806  307.02965     6.1584   15.81524 1.2398e-01     0.3475     0.7200 0.0000e+00
        368 101.629847    0.02550     1.5296     91.773     33.314  50372.566    31.4968     6.1688     33.000     6.1744    24.7654     6.5323     9.3353     92.745    284.683    291.734    0.00066    7.04330   10.06558  306.95197     6.1661   15.81150 1.0866e-01     0.3648     0.7035 0.0000e+00
        372 101.629857    0.02573     1.5441     92.644     34.324  50396.584    31.5162     6.1857     34.000     6.1992    24.7786     6.5339     9.3375     92.816    284.746    291.802    0.00081    7.03960   10.06030  306.78704     6.1830   15.80355 9.7319e-02     0.3821     0.6783 0.0000e+00
        376 101.629871    0.02606     1.5635     93.808     35.334  50432.948    31.5497     6.2323     35.000     6.2483    24.7994     6.5414     9.3484     93.045    285.070    292.140    0.00171    7.03037   10.04711  306.37851     6.2294   15.78395 8.9077e-02     0.3842     0.6029 0.0000e+00
        381 101.629885    0.02642     1.5849     95.092     36.343  50426.352    31.5521     6.2715     36.000     6.2751    24.7966     6.5461     9.3549     93.198    285.272    292.346    0.00206    7.02380   10.03771  306.09296     6.2686   15.77033 8.1252e-02     0.3782     0.5736 0.0000e+00
        385 101.629896    0.02668     1.6006     96.035     37.353  50420.236    31.5494     6.2820     37.000     6.2799    24.7932     6.5357     9.3401     93.071    284.821    291.883    0.00080    7.02222   10.03545  306.02488     6.2789   15.76710 7.4634e-02     0.3705     0.5507 0.0000e+00
        389 101.629906    0.02691     1.6147     96.885     38.363  50413.231    31.5441     6.2820     38.000     6.2767    24.7890     6.5320     9.3349     93.016    284.662    291.719    0.00013    7.02247   10.03581  306.03719     6.2788   15.76771 6.9150e-02     0.3752     0.5262 0.0000e+00
        393 101.629918    0.02719     1.6318     97.905     39.372  50418.851    31.5468     6.2784     39.000     6.2764    24.7916     6.5332     9.3366     93.026    284.714    291.773    0.00011    7.02293   10.03647  306.05663     6.2751   15.76862 6.4599e-02     0.3841     0.5220 0.0000e+00
        397 101.629930    0.02749     1.6496     98.973     40.381  50453.791    31.5720     6.2861     40.000     6.2961    24.8105     6.5307     9.3331     93.024    284.601    291.662   -0.00003    7.02048   10.03297  305.94399     6.2829   15.76314 6.1330e-02     0.3826     0.5105 0.0000e+00
        401 101.629941    0.02776     1.6652     99.911     41.391  50477.064    31.5929     6.3139     41.000     6.3228    24.8236     6.5321     9.3350     93.117    284.656    291.723    0.00040    7.01495   10.02507  305.69922     6.3105   15.75139 5.9006e-02     0.3711     0.4746 0.0000e+00
        405 101.629953    0.02805     1.6827    100.961     42.401  50475.308    31.5951     6.3344     42.000     6.3368    24.8228     6.5365     9.3414     93.226    284.852    291.923    0.00088    7.01149   10.02012  305.54865     6.3309   15.74421 5.7297e-02     0.3583     0.4403 0.0000e+00
        410 101.629967    0.02837     1.7024    102.144     43.411  50481.861    31.6014     6.3466     43.000     6.3474    24.8263     6.5334     9.3369     93.212    284.716    291.784    0.00052    7.00920   10.01686  305.44813     6.3430   15.73940 5.4994e-02     0.3647     0.4303 0.0000e+00
        414 101.629979    0.02865     1.7190    103.138     44.421  50503.155    31.6177     6.3568     44.000     6.3603    24.8378     6.5257     9.3259     93.134    284.374    291.438   -0.00011    7.00677   10.01339  305.33872     6.3532   15.73411 5.2347e-02     0.3600     0.4180 0.0000e+00
        417 101.629989    0.02892     1.7350    104.100     45.430  50518.343    31.6302     6.3702     45.000     6.3720    24.8461     6.5219     9.3204     93.117    284.206    291.267   -0.00029    7.00401   10.00943  305.21550     6.3665   15.72819 5.0104e-02     0.3450     0.3989 0.0000e+00
        423 101.630005    0.02927     1.7563    105.378     46.439  50531.916    31.6415     6.3825     46.000     6.3820    24.8535     6.5210     9.3191     93.137    284.163    291.226   -0.00012    7.00148   10.00581  305.10307     6.3786   15.72278 4.8572e-02     0.3328     0.3973 0.0000e+00
        428 101.630020    0.02964     1.7785    106.711     47.449  50544.094    31.6509     6.3906     47.000     6.3894    24.8599     6.5139     9.3091     93.060    283.856    290.913   -0.00054    6.99971   10.00329  305.02434     6.3867   15.71899 4.7679e-02     0.3153     0.4152 0.0000e+00
        432 101.630032    0.02993     1.7958    107.745     48.458  50549.690    31.6554     6.3961     48.000     6.3936    24.8627     6.5108     9.3046     93.030    283.719    290.773   -0.00064    6.99861   10.00171  304.97536     6.3921   15.71664 4.6871e-02     0.3219     0.4102 0.0000e+00
        436 101.630043    0.03020     1.8116    108.697     49.468  50557.414    31.6609     6.3992     49.000     6.3972    24.8667     6.5106     9.3042     93.036    283.706    290.761   -0.00052    6.99785   10.00063  304.94100     6.3951   15.71498 4.6294e-02     0.3297     0.3809 0.0000e+00
        440 101.630054    0.03046     1.8277    109.660     50.479  50568.304    31.6688     6.4039     50.000     6.4023    24.8724     6.5126     9.3071     93.080    283.792    290.851   -0.00022    6.99672    9.99901  304.89022     6.3997   15.71253 4.5996e-02     0.3425     0.3923 0.0000e+00
        444 101.630066    0.03076     1.8457    110.739     51.488  50574.928    31.6739     6.4091     51.000     6.4066    24.8758     6.5131     9.3079     93.102    283.813    290.873   -0.00007    6.99564    9.99746  304.84189     6.4048   15.71020 4.5068e-02     0.3427     0.4070 0.0000e+00
        450 101.630084    0.03119     1.8713    112.280     52.498  50587.554    31.6833     6.4150     52.000     6.4128    24.8824     6.5109     9.3047     93.089    283.716    290.775   -0.00017    6.99423    9.99546  304.77876     6.4107   15.70715 4.4307e-02     0.3434     0.3840 0.0000e+00
        455 101.630098    0.03152     1.8909    113.457     53.507  50599.311    31.6919     6.4201     53.000     6.4187    24.8886     6.5113     9.3053     93.112    283.735    290.797   -0.00007    6.99300    9.99370  304.72343     6.4157   15.70448 4.3617e-02     0.3484     0.3793 0.0000e+00
