CTD-processing/allCTD/CNV/2016_07-27_t4_s04_cast017_5028.cnv
* Sea-Bird SBE19plus Data File:
* FileName = C:\Users\Kris.Holderied\Documents\kasitsna\Research-KBL\Oceanography-AK\CTD-Data-ALL-to-2016-05\2016-CTD-KachemakBay-CookInlet\2016-07-27-CookInlet-Tran4-Barabara-special\2016-07-27-CookInlet-Tran4-cast017.hex
* Software Version 1.59
* Temperature SN =  5028
* Conductivity SN =  5028
* System UpLoad Time = Jul 27 2016 20:20:49
** Cook Inlet LTM Tran4 Barabara north to south
** Date (YYYY-MM-DD): 2016-07-27
** Station (eg. 9-01):  4-04
** Start time (AKDT): 13:33
** Depth (m): 86
** Comment:  R/V Edgecumbe.  Part of all-bay survey with T9 and along-bay stations (1-9).
** Comment:
# nquan = 27
# nvalues = 83                          
# units = specified
# name 0 = scan: Scan Count
# name 1 = timeJ: Julian Days
# name 2 = timeH: Time, Elapsed [hours]
# name 3 = timeM: Time, Elapsed [minutes]
# name 4 = timeS: Time, Elapsed [seconds]
# name 5 = prdM: Pressure, Strain Gauge [db]
# name 6 = specc: Specific Conductance [uS/cm]
# name 7 = sal00: Salinity, Practical [PSU]
# name 8 = tv290C: Temperature [ITS-90, deg C]
# name 9 = depSM: Depth [salt water, m], lat = 59.00
# name 10 = potemp090C: Potential Temperature [ITS-90, deg C]
# name 11 = sigma-é00: Density [sigma-theta, kg/m^3]
# name 12 = sbeox0ML/L: Oxygen, SBE 43 [ml/l]
# name 13 = sbeox0Mg/L: Oxygen, SBE 43 [mg/l]
# name 14 = sbeox0PS: Oxygen, SBE 43 [% saturation]
# name 15 = sbox0Mm/Kg: Oxygen, SBE 43 [umol/kg]
# name 16 = sbeox0Mm/L: Oxygen, SBE 43 [umol/l]
# name 17 = sbox0dV/dT: Oxygen, SBE 43 [dov/dt]
# name 18 = oxsolML/L: Oxygen Saturation, Garcia & Gordon [ml/l]
# name 19 = oxsolMg/L: Oxygen Saturation, Garcia & Gordon [mg/l]
# name 20 = oxsolMm/Kg: Oxygen Saturation, Garcia & Gordon [umol/kg]
# name 21 = potemp090C: Potential Temperature [ITS-90, deg C]
# name 22 = n2satMg/L: Nitrogen Saturation [mg/l]
# name 23 = par: PAR/Irradiance, Biospherical/Licor
# name 24 = flECO-AFL: Fluorescence, WET Labs ECO-AFL/FL [mg/m^3]
# name 25 = turbWETntu0: Turbidity, WET Labs ECO [NTU]
# name 26 = flag: flag
# span 0 =        288,        581       
# span 1 = 209.566456, 209.567303       
# span 2 =    0.01996,    0.04028       
# span 3 =     1.1974,     2.4165       
# span 4 =     71.845,    144.989       
# span 5 =      1.010,     83.800       
# span 6 =  43435.136,  49878.056       
# span 7 =    27.4799,    31.6776       
# span 8 =     9.5052,    12.3152       
# span 9 =      1.000,     83.000       
# span 10 =     9.5077,    12.2809      
# span 11 =    20.7006,    24.4323      
# span 12 =     5.7541,     6.8551      
# span 13 =     8.2232,     9.7966      
# span 14 =     88.332,    108.702      
# span 15 =    250.849,    299.773      
# span 16 =    256.979,    306.147      
# span 17 =   -0.03621,    0.01852      
# span 18 =    6.30278,    6.53873      
# span 19 =    9.00730,    9.34450      
# span 20 =  275.77351,  285.14413      
# span 21 =     9.5033,    12.3151      
# span 22 =   14.33827,   14.77151      
# span 23 = 6.3367e-02, 8.3195e+01      
# span 24 =     0.1844,     2.7226      
# span 25 =     0.2840,     1.8936      
# span 26 = 0.0000e+00, 0.0000e+00      
# interval = meters: 1                  
# start_time = Jul 27 2016 13:34:30 [Instrument's time stamp, header]
# bad_flag = -9.990e-29
*END*
        288 209.566456    0.01996     1.1974     71.845      1.010  43435.136    27.4799    12.3152      1.000    12.2809    20.7006     6.8513     9.7912    108.702    299.773    305.980    0.01852    6.30278    9.00730  275.77351    12.3151   14.33827 8.3195e+01     1.8325     1.7145 0.0000e+00
        293 209.566471    0.02031     1.2183     73.098      2.019  44504.688    28.2029    12.0174      2.000    11.7972    21.3133     6.8551     9.7966    108.571    299.759    306.147    0.01197    6.31409    9.02347  276.10228    12.0171   14.35109 5.3000e+01     2.1268     1.3254 0.0000e+00
        298 209.566484    0.02061     1.2366     74.193      3.028  45634.365    28.9502    11.5305      3.000    11.3293    21.9781     6.7733     9.6798    106.673    295.994    302.498   -0.00357    6.35006    9.07488  277.49463    11.5301   14.41477 3.6189e+01     2.6021     1.0595 0.0000e+00
        303 209.566498    0.02096     1.2575     75.451      4.038  46708.921    29.6633    11.1080      4.000    11.0152    22.6050     6.5977     9.4287    103.432    288.141    294.652   -0.02239    6.37895    9.11616  278.58651    11.1076   14.46419 2.5036e+01     2.7226     0.9841 0.0000e+00
        307 209.566512    0.02128     1.2767     76.604      5.047  47400.026    30.1286    10.9099      5.000    10.8138    23.0005     6.4626     9.2356    101.179    282.129    288.617   -0.02986    6.38733    9.12813  278.84435    10.9094   14.47465 1.8519e+01     2.5054     0.8561 0.0000e+00
        311 209.566523    0.02154     1.2925     77.548      6.057  47814.900    30.3999    10.7235      6.000    10.6311    23.2431     6.4432     9.2080    100.643    281.217    287.754   -0.02532    6.40205    9.14918  279.42124    10.7228   14.50117 1.4608e+01     2.2593     0.7385 0.0000e+00
        315 209.566533    0.02179     1.3072     78.431      7.066  48142.606    30.6148    10.5847      7.000    10.5447    23.4338     6.4378     9.2002    100.394    280.929    287.512   -0.01962    6.41253    9.16415  279.82626    10.5839   14.51970 1.1849e+01     1.9007     0.6288 0.0000e+00
        319 209.566544    0.02205     1.3230     79.377      8.076  48339.512    30.7465    10.5254      8.000    10.5014    23.5462     6.3968     9.1417     99.711    279.111    285.683   -0.01833    6.41541    9.16825  279.92083    10.5244   14.52369 9.6512e+00     1.5722     0.5301 0.0000e+00
        323 209.566556    0.02233     1.3401     80.406      9.085  48372.478    30.7616    10.4605      9.000    10.3768    23.5688     6.3776     9.1142     99.280    278.263    284.821   -0.01577    6.42385    9.18033  280.28334    10.4595   14.54098 7.8722e+00     1.5018     0.5154 0.0000e+00
        327 209.566568    0.02264     1.3581     81.488     10.094  48422.839    30.7708    10.2439     10.000    10.1423    23.6118     6.3586     9.0870     98.526    277.423    283.974   -0.01477    6.45387    9.22323  281.58111    10.2428   14.60305 6.5863e+00     1.3678     0.5120 0.0000e+00
        331 209.566580    0.02293     1.3756     82.535     11.104  48563.778    30.8475    10.0615     11.000     9.9992    23.7016     6.2404     8.9181     96.359    272.243    278.695   -0.02287    6.47642    9.25545  282.54033    10.0602   14.64863 5.4855e+00     1.0671     0.5410 0.0000e+00
        335 209.566590    0.02317     1.3902     83.411     12.114  48681.310    30.9171     9.9585     12.000     9.9023    23.7726     6.1002     8.7178     94.024    266.109    272.435   -0.03183    6.48812    9.27217  283.03099     9.9572   14.67182 4.5767e+00     0.8272     0.5419 0.0000e+00
        338 209.566600    0.02339     1.4039     84.231     13.123  48798.470    30.9876     9.8671     13.000     9.8051    23.8424     5.9908     8.5615     92.194    261.319    267.549   -0.03621    6.49820    9.28658  283.45147     9.8657   14.69165 3.8822e+00     0.5538     0.5171 0.0000e+00
        341 209.566610    0.02362     1.4174     85.046     14.133  48911.163    31.0541     9.7689     14.000     9.7111    23.9100     5.9233     8.4650     90.996    258.357    264.534   -0.03530    6.50945    9.30265  283.92329     9.7674   14.71395 3.3360e+00     0.3818     0.5027 0.0000e+00
        344 209.566619    0.02385     1.4312     85.870     15.142  49006.214    31.1095     9.6828     15.000     9.6412    23.9671     5.8854     8.4108     90.275    256.690    262.842   -0.03135    6.51947    9.31698  284.34470     9.6811   14.73388 2.8785e+00     0.2872     0.5383 0.0000e+00
        348 209.566628    0.02408     1.4449     86.696     16.151  49056.620    31.1363     9.6199     16.000     9.5766    23.9981     5.8588     8.3729     89.759    255.524    261.656   -0.02690    6.52737    9.32826  284.68047     9.6182   14.74983 2.4769e+00     0.2295     0.5486 0.0000e+00
        351 209.566638    0.02432     1.4588     87.530     17.161  49095.645    31.1539     9.5478     17.000     9.5077    24.0232     5.8367     8.3412     89.287    254.549    260.664   -0.02305    6.53703    9.34205  285.09449     9.5460   14.76956 2.1272e+00     0.2000     0.5068 0.0000e+00
        355 209.566648    0.02456     1.4736     88.418     18.171  49254.385    31.2595     9.5052     18.000     9.5378    24.1124     5.8083     8.3007     88.830    253.292    259.400   -0.01995    6.53873    9.34450  285.14413     9.5033   14.77151 1.8328e+00     0.1844     0.5007 0.0000e+00
        359 209.566660    0.02484     1.4906     89.439     19.180  49458.255    31.4187     9.6262     19.000     9.7264    24.2174     5.7887     8.2725     88.857    252.409    258.521   -0.01440    6.51468    9.31013  284.06622     9.6242   14.71931 1.5841e+00     0.1883     0.4733 0.0000e+00
        363 209.566672    0.02513     1.5075     90.450     20.190  49352.085    31.3654     9.7936     20.000     9.7915    24.1491     5.8299     8.3316     89.789    254.227    260.366   -0.00478    6.49294    9.27906  283.13710     9.7914   14.67509 1.3740e+00     0.2239     0.4126 0.0000e+00
        366 209.566682    0.02537     1.5222     91.331     21.199  49269.812    31.3013     9.7497     21.000     9.6970    24.1062     5.8845     8.4095     90.504    256.616    262.802    0.00128    6.50188    9.29183  283.53886     9.7474   14.69456 1.1987e+00     0.2588     0.3995 0.0000e+00
        370 209.566692    0.02560     1.5362     92.174     22.208  49326.181    31.3304     9.6717     22.000     9.6526    24.1414     5.8917     8.4198     90.477    256.920    263.123    0.00122    6.51181    9.30602  283.96193     9.6693   14.71468 1.0447e+00     0.2479     0.4174 0.0000e+00
        373 209.566701    0.02583     1.5500     93.001     23.218  49396.956    31.3776     9.6543     23.000     9.6731    24.1810     5.8650     8.3817     90.060    255.747    261.932   -0.00179    6.51232    9.30675  283.97331     9.6519   14.71504 9.1213e-01     0.2102     0.4174 0.0000e+00
        376 209.566711    0.02606     1.5639     93.834     24.228  49470.433    31.4356     9.7048     24.000     9.7606    24.2182     5.8373     8.3421     89.768    254.530    260.694   -0.00349    6.50269    9.29298  283.54293     9.7022   14.69422 7.9876e-01     0.1914     0.3945 0.0000e+00
        380 209.566721    0.02630     1.5778     94.670     25.237  49512.942    31.4789     9.8110     25.000     9.8699    24.2350     5.8345     8.3380     89.959    254.402    260.567   -0.00192    6.48574    9.26877  282.79943     9.8082   14.65848 7.0010e-01     0.2160     0.3660 0.0000e+00
        383 209.566730    0.02653     1.5918     95.510     26.247  49486.953    31.4726     9.9066     26.000     9.9364    24.2146     5.8666     8.3839     90.641    255.807    262.001    0.00264    6.47240    9.24971  282.22350     9.9038   14.63095 6.1488e-01     0.2938     0.3633 0.0000e+00
        386 209.566740    0.02677     1.6060     96.360     27.256  49482.305    31.4755     9.9576     27.000     9.9748    24.2085     5.9150     8.4531     91.492    257.919    264.163    0.00736    6.46506    9.23922  281.90518     9.9545   14.61571 5.4277e-01     0.3708     0.4501 0.0000e+00
        390 209.566750    0.02700     1.6204     97.224     28.267  49466.214    31.4675     9.9872     28.000     9.9894    24.1975     5.9531     8.5076     92.137    259.585    265.867    0.00973    6.46120    9.23370  281.73970     9.9841   14.60783 4.7916e-01     0.4359     0.4077 0.0000e+00
        393 209.566760    0.02725     1.6349     98.093     29.276  49460.409    31.4638     9.9935     29.000     9.9892    24.1936     5.9719     8.5344     92.437    260.405    266.705    0.00922    6.46047    9.23265  281.70878     9.9902   14.60636 4.2401e-01     0.4587     0.3367 0.0000e+00
        397 209.566771    0.02749     1.6495     98.970     30.285  49464.801    31.4661     9.9908     30.000     9.9858    24.1959     5.9767     8.5413     92.508    260.614    266.920    0.00725    6.46074    9.23303  281.71999     9.9875   14.60689 3.7596e-01     0.4472     0.3297 0.0000e+00
        400 209.566781    0.02774     1.6644     99.865     31.295  49477.261    31.4743     9.9894     31.000     9.9873    24.2025     5.9728     8.5357     92.449    260.440    266.743    0.00489    6.46060    9.23284  281.71231     9.9860   14.60649 3.3454e-01     0.4245     0.3318 0.0000e+00
        404 209.566791    0.02799     1.6792    100.750     32.304  49484.700    31.4795     9.9923     32.000     9.9922    24.2061     5.9675     8.5282     92.376    260.210    266.508    0.00299    6.45999    9.23197  281.68439     9.9887   14.60514 2.9874e-01     0.4036     0.3161 0.0000e+00
        407 209.566801    0.02823     1.6937    101.620     33.314  49494.988    31.4873    10.0001     33.000    10.0011    24.2110     5.9683     8.5293     92.409    260.242    266.543    0.00223    6.45856    9.22992  281.62087     9.9964   14.60207 2.6808e-01     0.4024     0.3136 0.0000e+00
        411 209.566811    0.02846     1.7080    102.481     34.324  49486.007    31.4813    10.0059     34.000     9.9962    24.2054     5.9750     8.5389     92.522    260.539    266.846    0.00228    6.45799    9.22911  281.59754    10.0021   14.60098 2.4140e-01     0.4071     0.3020 0.0000e+00
        414 209.566821    0.02871     1.7227    103.361     35.333  49460.122    31.4603     9.9878     35.000     9.9580    24.1920     5.9799     8.5458     92.547    260.753    267.061    0.00190    6.46141    9.23400  281.75053     9.9839   14.60838 2.1841e-01     0.3854     0.2854 0.0000e+00
        418 209.566832    0.02896     1.7373    104.239     36.343  49452.857    31.4482     9.9370     36.000     9.9012    24.1908     5.9747     8.5385     92.358    260.528    266.831    0.00028    6.46911    9.24501  282.08648     9.9330   14.62450 1.9842e-01     0.3580     0.2840 0.0000e+00
        422 209.566842    0.02921     1.7521    105.128     37.353  49480.114    31.4605     9.8863     37.000     9.8635    24.2087     5.9539     8.5087     91.941    259.617    265.902   -0.00240    6.47578    9.25453  282.37238     9.8822   14.63813 1.8141e-01     0.3045     0.3011 0.0000e+00
        425 209.566853    0.02946     1.7676    106.057     38.363  49499.357    31.4698     9.8568     38.000     9.8431    24.2207     5.9281     8.4719     91.490    258.489    264.750   -0.00467    6.47957    9.25996  282.53451     9.8527   14.64585 1.6677e-01     0.2506     0.3174 0.0000e+00
        429 209.566863    0.02972     1.7832    106.990     39.373  49510.880    31.4754     9.8409     39.000     9.8300    24.2277     5.9085     8.4438     91.158    257.631    263.873   -0.00564    6.48159    9.26285  282.62075     9.8366   14.64995 1.5375e-01     0.2296     0.3596 0.0000e+00
        433 209.566874    0.02997     1.7983    107.896     40.381  49517.436    31.4781     9.8285     40.000     9.8176    24.2317     5.8983     8.4294     90.979    257.188    263.421   -0.00538    6.48325    9.26520  282.69148     9.8242   14.65332 1.4242e-01     0.2215     0.4281 0.0000e+00
        436 209.566884    0.03022     1.8131    108.787     41.391  49526.494    31.4827     9.8181     41.000     9.8102    24.2371     5.8917     8.4197     90.857    256.893    263.120   -0.00477    6.48454    9.26706  282.74655     9.8136   14.65594 1.3247e-01     0.2073     0.4265 0.0000e+00
        440 209.566894    0.03047     1.8277    109.664     42.400  49529.229    31.4834     9.8121     42.000     9.8034    24.2386     5.8879     8.4142     90.786    256.726    262.949   -0.00410    6.48537    9.26824  282.78214     9.8075   14.65764 1.2396e-01     0.1964     0.3487 0.0000e+00
        443 209.566904    0.03070     1.8423    110.539     43.410  49532.094    31.4840     9.8047     43.000     9.7945    24.2403     5.8887     8.4155     90.785    256.762    262.987   -0.00311    6.48639    9.26970  282.82645     9.8000   14.65976 1.1650e-01     0.2142     0.3443 0.0000e+00
        447 209.566915    0.03095     1.8573    111.436     44.419  49536.483    31.4853     9.7942     44.000     9.7825    24.2430     5.8881     8.4146     90.754    256.735    262.960   -0.00248    6.48784    9.27177  282.88878     9.7893   14.66273 1.0999e-01     0.2155     0.3615 0.0000e+00
        450 209.566925    0.03120     1.8720    112.318     45.430  49544.007    31.4886     9.7824     45.000     9.7716    24.2476     5.8832     8.4078     90.659    256.525    262.745   -0.00246    6.48938    9.27398  282.95485     9.7775   14.66588 1.0424e-01     0.2071     0.3478 0.0000e+00
        454 209.566935    0.03143     1.8858    113.146     46.439  49548.106    31.4898     9.7730     46.000     9.7621    24.2501     5.8783     8.4007     90.565    256.308    262.524   -0.00253    6.49067    9.27581  283.01020     9.7680   14.66853 9.9266e-02     0.2002     0.3417 0.0000e+00
        457 209.566944    0.03166     1.8992    113.949     47.449  49552.645    31.4913     9.7635     47.000     9.7525    24.2528     5.8758     8.3971     90.510    256.201    262.415   -0.00237    6.49195    9.27763  283.06515     9.7584   14.67114 9.4900e-02     0.2061     0.3463 0.0000e+00
        460 209.566953    0.03188     1.9125    114.747     48.459  49560.199    31.4951     9.7544     48.000     9.7440    24.2572     5.8733     8.3934     90.454    256.087    262.299   -0.00220    6.49310    9.27929  283.11432     9.7491   14.67348 9.1131e-02     0.2311     0.3509 0.0000e+00
        463 209.566963    0.03210     1.9261    115.565     49.468  49568.004    31.4991     9.7464     49.000     9.7373    24.2616     5.8698     8.3884     90.386    255.932    262.141   -0.00215    6.49406    9.28066  283.15495     9.7411   14.67541 8.7807e-02     0.2314     0.3829 0.0000e+00
        467 209.566973    0.03234     1.9407    116.444     50.478  49574.199    31.5023     9.7406     50.000     9.7328    24.2650     5.8632     8.3791     90.276    255.648    261.851   -0.00231    6.49477    9.28167  283.18485     9.7351   14.67683 8.4913e-02     0.2193     0.3906 0.0000e+00
        470 209.566983    0.03260     1.9560    117.362     51.488  49577.583    31.5037     9.7368     51.000     9.7290    24.2668     5.8559     8.3687     90.156    255.328    261.524   -0.00252    6.49525    9.28236  283.20517     9.7312   14.67780 8.2392e-02     0.2310     0.3823 0.0000e+00
        474 209.566994    0.03286     1.9712    118.274     52.498  49579.569    31.5041     9.7325     52.000     9.7230    24.2679     5.8526     8.3640     90.098    255.186    261.378   -0.00230    6.49585    9.28322  283.23117     9.7268   14.67904 8.0160e-02     0.2386     0.3723 0.0000e+00
        478 209.567004    0.03310     1.9859    119.152     53.507  49583.380    31.5054     9.7252     53.000     9.7145    24.2700     5.8483     8.3578     90.018    254.997    261.186   -0.00220    6.49683    9.28462  283.27340     9.7194   14.68105 7.8305e-02     0.2230     0.3579 0.0000e+00
