CTD-processing/allCTD/CNV/2016_12-13_t4_s08_cast184_5028.cnv
* Sea-Bird SBE19plus Data File:
* FileName = P:\My Documents\kasitsna\Research-KBL\Oceanography-AK\CTD-Data-ALL-to-2016-05\2016-CTD-KachemakBay-CookInlet\2016-12-CookInlet-quarterly\2016-12-13-CookInlet-Tran4-Barabara\2016-12-13-CookInlet-Tran4-cast184.hex
* Software Version 1.59
* Temperature SN =  5028
* Conductivity SN =  5028
* System UpLoad Time = Dec 13 2016 15:43:02
** Cook Inlet LTM Tran 4 south to north
** Date: (YYYY-MM-DD): 2016-12-13
** Station: (eg. 9-01): 4-08
** Start time (AKST): 14:41
** Depth (m): 30.8
** Comment: R/V Alaska Dream Catcher. CTD on AKDT (1 hr ahead).
** Comment:
# nquan = 27
# nvalues = 31                          
# units = specified
# name 0 = scan: Scan Count
# name 1 = timeJ: Julian Days
# name 2 = timeH: Time, Elapsed [hours]
# name 3 = timeM: Time, Elapsed [minutes]
# name 4 = timeS: Time, Elapsed [seconds]
# name 5 = prdM: Pressure, Strain Gauge [db]
# name 6 = specc: Specific Conductance [uS/cm]
# name 7 = sal00: Salinity, Practical [PSU]
# name 8 = tv290C: Temperature [ITS-90, deg C]
# name 9 = depSM: Depth [salt water, m], lat = 59.00
# name 10 = potemp090C: Potential Temperature [ITS-90, deg C]
# name 11 = sigma-é00: Density [sigma-theta, kg/m^3]
# name 12 = sbeox0ML/L: Oxygen, SBE 43 [ml/l]
# name 13 = sbeox0Mg/L: Oxygen, SBE 43 [mg/l]
# name 14 = sbeox0PS: Oxygen, SBE 43 [% saturation]
# name 15 = sbox0Mm/Kg: Oxygen, SBE 43 [umol/kg]
# name 16 = sbeox0Mm/L: Oxygen, SBE 43 [umol/l]
# name 17 = sbox0dV/dT: Oxygen, SBE 43 [dov/dt]
# name 18 = oxsolML/L: Oxygen Saturation, Garcia & Gordon [ml/l]
# name 19 = oxsolMg/L: Oxygen Saturation, Garcia & Gordon [mg/l]
# name 20 = oxsolMm/Kg: Oxygen Saturation, Garcia & Gordon [umol/kg]
# name 21 = potemp090C: Potential Temperature [ITS-90, deg C]
# name 22 = n2satMg/L: Nitrogen Saturation [mg/l]
# name 23 = par: PAR/Irradiance, Biospherical/Licor
# name 24 = flECO-AFL: Fluorescence, WET Labs ECO-AFL/FL [mg/m^3]
# name 25 = turbWETntu0: Turbidity, WET Labs ECO [NTU]
# name 26 = flag: flag
# span 0 =        115,        466       
# span 1 = 348.654359, 348.655372       
# span 2 =    0.00795,    0.03226       
# span 3 =     0.4769,     1.9355       
# span 4 =     28.616,    116.128       
# span 5 =      1.010,     31.295       
# span 6 =  48554.926,  50186.908       
# span 7 =    30.2627,    31.4394       
# span 8 =     5.7428,     6.5442       
# span 9 =      1.000,     31.000       
# span 10 =     5.8502,     6.5488      
# span 11 =    23.8363,    24.6739      
# span 12 =     6.0665,     6.2063      
# span 13 =     8.6696,     8.8694      
# span 14 =     84.494,     88.716      
# span 15 =    264.675,    270.499      
# span 16 =    270.930,    277.172      
# span 17 =   -0.00043,    0.02405      
# span 18 =    6.98446,    7.18037      
# span 19 =    9.98150,   10.26146      
# span 20 =  304.41493,  313.26961      
# span 21 =     5.7428,     6.5416      
# span 22 =   15.69080,   16.11722      
# span 23 = 1.9276e-01, 2.1107e+01      
# span 24 =     0.0897,     0.1577      
# span 25 =     0.7117,     1.0656      
# span 26 = 0.0000e+00, 0.0000e+00      
# interval = meters: 1                  
# start_time = Dec 13 2016 15:41:48 [Instrument's time stamp, header]
# bad_flag = -9.990e-29
*END*
        115 348.654359    0.00795     0.4769     28.616      1.010  48554.926    30.2627     5.7428      1.000     5.8502    23.8363     6.0665     8.6696     84.494    264.675    270.930    0.00642    7.18037   10.26146  313.26961     5.7428   16.11722 2.0497e+01     0.1577     1.0656 0.0000e+00
        314 348.654934    0.02174     1.3043     78.258      2.019  50087.847    31.2953     6.0907      2.000     6.0832    24.6159     6.1448     8.7816     86.971    267.832    274.428    0.02405    7.06521   10.09689  307.94861     6.0905   15.85982 2.1107e+01     0.1272     0.7545 0.0000e+00
        311 348.654924    0.02150     1.2900     77.402      3.029  50011.306    31.2410     6.0625      3.000     6.0565    24.5761     6.1313     8.7623     86.688    267.258    273.825    0.01345    7.07286   10.10783  308.29747     6.0622   15.87665 1.5044e+01     0.1173     0.8326 0.0000e+00
        316 348.654940    0.02190     1.3138     78.829      4.038  50021.518    31.2453     6.0510      4.000     6.0500    24.5809     6.1355     8.7683     86.726    267.438    274.012    0.00877    7.07458   10.11028  308.37064     6.0507   15.88012 1.2001e+01     0.1319     0.8442 0.0000e+00
        322 348.654955    0.02226     1.3355     80.131      5.048  50031.004    31.2517     6.0524      5.000     6.0573    24.5857     6.1455     8.7825     86.873    267.870    274.456    0.00653    7.07406   10.10954  308.34660     6.0520   15.87895 9.5999e+00     0.1326     0.8061 0.0000e+00
        327 348.654970    0.02262     1.3574     81.443      6.057  50055.605    31.2733     6.0791      6.000     6.0958    24.5996     6.1548     8.7959     87.073    268.275    274.874    0.00533    7.06861   10.10175  308.10474     6.0786   15.86733 7.6989e+00     0.1180     0.7932 0.0000e+00
        333 348.654989    0.02307     1.3841     83.044      7.066  50056.219    31.2825     6.1274      7.000     6.1411    24.6011     6.1701     8.8177     87.393    268.941    275.557    0.00488    7.06015   10.08967  307.73577     6.1269   15.84972 6.4075e+00     0.1170     0.8003 0.0000e+00
        339 348.655005    0.02345     1.4070     84.419      8.076  50070.500    31.3003     6.1721      8.000     6.1882    24.6098     6.1739     8.8231     87.549    269.103    275.725    0.00396    7.05193   10.07792  307.37485     6.1714   15.83244 5.4904e+00     0.1093     0.8078 0.0000e+00
        344 348.655019    0.02381     1.4283     85.699      9.085  50069.280    31.3065     6.2117      9.000     6.2219    24.6099     6.1787     8.8300     87.702    269.313    275.941    0.00350    7.04509   10.06815  307.07694     6.2110   15.81822 4.6972e+00     0.0955     0.7628 0.0000e+00
        350 348.655036    0.02421     1.4522     87.133     10.094  50068.004    31.3100     6.2375     10.000     6.2437    24.6095     6.1728     8.8216     87.673    269.057    275.677    0.00207    7.04067   10.06183  306.88416     6.2367   15.80902 4.0338e+00     0.1009     0.7212 0.0000e+00
        355 348.655053    0.02460     1.4763     88.577     11.104  50070.987    31.3154     6.2575     11.000     6.2617    24.6113     6.1730     8.8219     87.721    269.066    275.687    0.00149    7.03712   10.05675  306.72892     6.2566   15.80160 3.4769e+00     0.0904     0.7211 0.0000e+00
        361 348.655069    0.02498     1.4988     89.931     12.114  50069.804    31.3161     6.2681     12.000     6.2700    24.6106     6.1778     8.8287     87.811    269.275    275.903    0.00143    7.03535   10.05422  306.65197     6.2671   15.79793 3.0148e+00     0.0897     0.7171 0.0000e+00
        365 348.655082    0.02531     1.5185     91.111     13.123  50070.762    31.3175     6.2750     13.000     6.2758    24.6109     6.1766     8.8270     87.809    269.221    275.848    0.00092    7.03415   10.05251  306.59970     6.2739   15.79544 2.6136e+00     0.1018     0.7192 0.0000e+00
        371 348.655098    0.02570     1.5419     92.511     14.133  50070.438    31.3176     6.2790     14.000     6.2787    24.6105     6.1760     8.8262     87.809    269.196    275.822    0.00054    7.03348   10.05155  306.57057     6.2779   15.79405 2.2687e+00     0.1115     0.7117 0.0000e+00
        378 348.655118    0.02616     1.5694     94.167     15.142  50073.525    31.3197     6.2817     15.000     6.2823    24.6118     6.1769     8.8274     87.829    269.235    275.861    0.00034    7.03293   10.05077  306.54615     6.2804   15.79288 1.9497e+00     0.1173     0.7160 0.0000e+00
        382 348.655131    0.02647     1.5883     95.300     16.152  50083.425    31.3274     6.2887     16.000     6.2928    24.6171     6.1848     8.8387     87.959    269.578    276.214    0.00087    7.03143   10.04863  306.47927     6.2874   15.78966 1.6907e+00     0.1100     0.7155 0.0000e+00
        387 348.655146    0.02683     1.6096     96.576     17.162  50080.823    31.3272     6.2995     17.000     6.3006    24.6156     6.1914     8.8481     88.075    269.863    276.506    0.00119    7.02967   10.04610  306.40272     6.2981   15.78601 1.4705e+00     0.1052     0.7254 0.0000e+00
        394 348.655164    0.02726     1.6358     98.149     18.170  50081.417    31.3286     6.3071     18.000     6.3069    24.6157     6.1876     8.8428     88.038    269.701    276.340    0.00050    7.02835   10.04422  306.34518     6.3056   15.78326 1.2698e+00     0.1206     0.7808 0.0000e+00
        399 348.655180    0.02766     1.6596     99.578     19.180  50079.714    31.3273     6.3091     19.000     6.3074    24.6145     6.1894     8.8453     88.067    269.779    276.420    0.00037    7.02809   10.04384  306.33416     6.3075   15.78274 1.0896e+00     0.1130     0.7559 0.0000e+00
        404 348.655195    0.02801     1.6801    100.805     20.189  50080.711    31.3274     6.3088     20.000     6.3073    24.6146     6.1954     8.8539     88.152    270.040    276.687    0.00066    7.02812   10.04388  306.33539     6.3072   15.78280 9.4236e-01     0.1079     0.7639 0.0000e+00
        409 348.655209    0.02835     1.7011    102.065     21.199  50080.541    31.3269     6.3091     21.000     6.3070    24.6142     6.1970     8.8561     88.174    270.107    276.756    0.00052    7.02810   10.04386  306.33474     6.3074   15.78277 8.2134e-01     0.1020     0.7876 0.0000e+00
        416 348.655228    0.02880     1.7278    103.668     22.209  50082.765    31.3277     6.3079     22.000     6.3070    24.6150     6.1974     8.8566     88.178    270.124    276.773    0.00028    7.02826   10.04409  306.34148     6.3061   15.78309 7.1011e-01     0.1085     0.8057 0.0000e+00
        421 348.655244    0.02918     1.7508    105.050     23.218  50085.211    31.3297     6.3120     23.000     6.3114    24.6161     6.1995     8.8597     88.218    270.219    276.871    0.00032    7.02749   10.04298  306.30753     6.3101   15.78147 6.0922e-01     0.1057     0.8105 0.0000e+00
        426 348.655258    0.02951     1.7707    106.242     24.228  50091.053    31.3341     6.3164     24.000     6.3183    24.6190     6.2038     8.8658     88.290    270.402    277.060    0.00055    7.02655   10.04165  306.26602     6.3145   15.77947 5.2595e-01     0.0970     0.8111 0.0000e+00
        432 348.655274    0.02990     1.7942    107.651     25.237  50097.623    31.3406     6.3292     25.000     6.3320    24.6226     6.2038     8.8658     88.321    270.403    277.061    0.00047    7.02416   10.03823  306.16066     6.3271   15.77442 4.5509e-01     0.1091     0.8089 0.0000e+00
        438 348.655292    0.03036     1.8213    109.278     26.247  50098.542    31.3433     6.3429     26.000     6.3439    24.6231     6.2011     8.8620     88.313    270.288    276.943    0.00021    7.02179   10.03484  306.05711     6.3407   15.76948 3.9089e-01     0.1168     0.8680 0.0000e+00
        443 348.655307    0.03071     1.8425    110.550     27.257  50114.500    31.3559     6.3539     27.000     6.3621    24.6316     6.1986     8.8584     88.307    270.175    276.829    0.00002    7.01939   10.03142  305.95004     6.3517   15.76432 3.3652e-01     0.1085     0.8611 0.0000e+00
        448 348.655322    0.03106     1.8634    111.804     28.266  50168.655    31.4015     6.3999     28.000     6.4257    24.6619     6.2015     8.8627     88.470    270.295    276.961    0.00080    7.00976   10.01764  305.52096     6.3976   15.74368 2.9186e-01     0.1004     0.8431 0.0000e+00
        454 348.655340    0.03148     1.8889    113.335     29.276  50178.903    31.4230     6.4800     29.000     6.4954    24.6689     6.2063     8.8694     88.716    270.499    277.172    0.00181    6.99568    9.99753  304.90524     6.4776   15.71424 2.5339e-01     0.1064     0.8025 0.0000e+00
        460 348.655357    0.03190     1.9137    114.820     30.285  50174.619    31.4276     6.5234     30.000     6.5288    24.6670     6.1925     8.8498     88.612    269.902    276.560    0.00061    6.98840    9.98711  304.58826     6.5209   15.69912 2.1991e-01     0.0953     0.8486 0.0000e+00
        466 348.655372    0.03226     1.9355    116.128     31.295  50186.908    31.4394     6.5442     31.000     6.5488    24.6739     6.1801     8.8319     88.484    269.356    276.002   -0.00043    6.98446    9.98150  304.41493     6.5416   15.69080 1.9276e-01     0.1052     0.8357 0.0000e+00
