CTD-processing/allCTD/CNV/2016_07-27_alongbay_skb03_cast023_5028.cnv
* Sea-Bird SBE19plus Data File:
* FileName = C:\Users\Kris.Holderied\Documents\kasitsna\Research-KBL\Oceanography-AK\CTD-Data-ALL-to-2016-05\2016-CTD-KachemakBay-CookInlet\2016-07-27-KachemakBay-AlongBay\2016-07-27-KachemakBay-AlongBay-cast023.hex
* Software Version 1.59
* Temperature SN =  5028
* Conductivity SN =  5028
* System UpLoad Time = Jul 27 2016 20:31:45
** Cook Inlet Kachemak Bay Along-Bay west to east (sta 1-9)
** Date (YYYY-MM-DD): 2016-07-27
** Station (eg. 9-01):  KB03
** Start time (AKDT): 15:32
** Depth (m): 106.4
** Comment:  R/V Edgecumbe.  Part of all-bay survey with T4 and T9.
** Comment:
# nquan = 27
# nvalues = 81                          
# units = specified
# name 0 = scan: Scan Count
# name 1 = timeJ: Julian Days
# name 2 = timeH: Time, Elapsed [hours]
# name 3 = timeM: Time, Elapsed [minutes]
# name 4 = timeS: Time, Elapsed [seconds]
# name 5 = prdM: Pressure, Strain Gauge [db]
# name 6 = specc: Specific Conductance [uS/cm]
# name 7 = sal00: Salinity, Practical [PSU]
# name 8 = tv290C: Temperature [ITS-90, deg C]
# name 9 = depSM: Depth [salt water, m], lat = 59.00
# name 10 = potemp090C: Potential Temperature [ITS-90, deg C]
# name 11 = sigma-é00: Density [sigma-theta, kg/m^3]
# name 12 = sbeox0ML/L: Oxygen, SBE 43 [ml/l]
# name 13 = sbeox0Mg/L: Oxygen, SBE 43 [mg/l]
# name 14 = sbeox0PS: Oxygen, SBE 43 [% saturation]
# name 15 = sbox0Mm/Kg: Oxygen, SBE 43 [umol/kg]
# name 16 = sbeox0Mm/L: Oxygen, SBE 43 [umol/l]
# name 17 = sbox0dV/dT: Oxygen, SBE 43 [dov/dt]
# name 18 = oxsolML/L: Oxygen Saturation, Garcia & Gordon [ml/l]
# name 19 = oxsolMg/L: Oxygen Saturation, Garcia & Gordon [mg/l]
# name 20 = oxsolMm/Kg: Oxygen Saturation, Garcia & Gordon [umol/kg]
# name 21 = potemp090C: Potential Temperature [ITS-90, deg C]
# name 22 = n2satMg/L: Nitrogen Saturation [mg/l]
# name 23 = par: PAR/Irradiance, Biospherical/Licor
# name 24 = flECO-AFL: Fluorescence, WET Labs ECO-AFL/FL [mg/m^3]
# name 25 = turbWETntu0: Turbidity, WET Labs ECO [NTU]
# name 26 = flag: flag
# span 0 =         72,        558       
# span 1 = 209.648306, 209.649713       
# span 2 =    0.00491,    0.03866       
# span 3 =     0.2945,     2.3198       
# span 4 =     17.668,    139.189       
# span 5 =      1.010,     81.780       
# span 6 =  45363.793,  49894.554       
# span 7 =    28.7783,    31.6756       
# span 8 =     9.4497,    11.6618       
# span 9 =      1.000,     81.000       
# span 10 =     9.4407,    11.6338      
# span 11 =    21.8222,    24.4473      
# span 12 =     5.4908,     7.0337      
# span 13 =     7.8468,    10.0519      
# span 14 =     86.618,    110.994      
# span 15 =    239.969,    307.148      
# span 16 =    245.216,    314.127      
# span 17 =   -0.02184,    0.02136      
# span 18 =    6.33701,    6.52921      
# span 19 =    9.05622,    9.33090      
# span 20 =  276.71309,  284.63597      
# span 21 =     9.4410,    11.6617      
# span 22 =   14.37346,   14.74553      
# span 23 = 6.0057e-02, 1.8915e+02      
# span 24 =     0.1926,     3.7961      
# span 25 =     0.2916,     1.2213      
# span 26 = 0.0000e+00, 0.0000e+00      
# interval = meters: 1                  
# start_time = Jul 27 2016 15:33:16 [Instrument's time stamp, header]
# bad_flag = -9.990e-29
*END*
[from data line 54]
        470 209.649458    0.03255     1.9532    117.192     55.527  49748.237    31.6065     9.6174     55.000     9.6004    24.3662     5.8202     8.3177     89.432    253.751    259.934    0.00323    6.50803    9.30062  283.73495     9.6114   14.70272 7.1337e-02     0.2550     0.4701 0.0000e+00
        473 209.649467    0.03277     1.9662    117.970     56.536  49771.115    31.6198     9.5997     56.000     9.5802    24.3795     5.8279     8.3286     89.522    254.079    260.274    0.00296    6.51000    9.30345  283.81727     9.5936   14.70660 6.9867e-02     0.2759     0.5060 0.0000e+00
        476 209.649476    0.03300     1.9795    118.771     57.546  49793.473    31.6323     9.5784     57.000     9.5611    24.3926     5.8308     8.3327     89.532    254.202    260.403    0.00231    6.51252    9.30705  283.92374     9.5723   14.71164 6.8661e-02     0.2972     0.5111 0.0000e+00
        479 209.649486    0.03321     1.9929    119.571     58.556  49810.844    31.6418     9.5619     58.000     9.5490    24.4027     5.8299     8.3314     89.490    254.159    260.361    0.00140    6.51449    9.30986  284.00667     9.5557   14.71557 6.7653e-02     0.3386     0.4679 0.0000e+00
        482 209.649495    0.03343     2.0059    120.355     59.565  49818.880    31.6457     9.5519     59.000     9.5384    24.4074     5.8348     8.3384     89.548    254.371    260.580    0.00116    6.51577    9.31169  284.06129     9.5455   14.71816 6.6898e-02     0.3578     0.4291 0.0000e+00
        485 209.649503    0.03364     2.0187    121.121     60.575  49823.528    31.6469     9.5401     60.000     9.5218    24.4102     5.8438     8.3514     89.664    254.765    260.983    0.00163    6.51741    9.31404  284.13216     9.5335   14.72155 6.6562e-02     0.3518     0.4191 0.0000e+00
        489 209.649513    0.03386     2.0313    121.876     61.585  49836.245    31.6530     9.5218     61.000     9.5053    24.4179     5.8455     8.3539     89.659    254.840    261.062    0.00124    6.51980    9.31744  284.23365     9.5152   14.72638 6.6604e-02     0.3599     0.4241 0.0000e+00
        492 209.649521    0.03407     2.0440    122.638     62.594  49850.394    31.6608     9.5090     62.000     9.4981    24.4261     5.8444     8.3522     89.620    254.788    261.011    0.00062    6.52130    9.31959  284.29721     9.5023   14.72939 6.6299e-02     0.3860     0.4180 0.0000e+00
        495 209.649530    0.03428     2.0568    123.407     63.604  49856.996    31.6642     9.5033     63.000     9.4944    24.4297     5.8427     8.3498     89.585    254.713    260.935    0.00018    6.52197    9.32054  284.32521     9.4965   14.73072 6.5761e-02     0.4143     0.4355 0.0000e+00
        498 209.649539    0.03449     2.0698    124.186     64.614  49858.922    31.6647     9.4999     64.000     9.4899    24.4305     5.8411     8.3475     89.554    254.642    260.863   -0.00014    6.52244    9.32122  284.34546     9.4930   14.73168 6.5136e-02     0.4373     0.4675 0.0000e+00
        501 209.649549    0.03471     2.0830    124.978     65.624  49861.404    31.6653     9.4948     65.000     9.4839    24.4319     5.8402     8.3462     89.530    254.603    260.823   -0.00034    6.52316    9.32224  284.37642     9.4878   14.73316 6.4547e-02     0.4517     0.5002 0.0000e+00
        504 209.649557    0.03494     2.0966    125.794     66.634  49864.344    31.6661     9.4886     66.000     9.4777    24.4335     5.8404     8.3464     89.521    254.610    260.830   -0.00040    6.52401    9.32347  284.41311     9.4815   14.73491 6.3972e-02     0.4531     0.5290 0.0000e+00
        507 209.649567    0.03517     2.1102    126.614     67.644  49867.898    31.6674     9.4829     67.000     9.4727    24.4354     5.8396     8.3454     89.499    254.576    260.797   -0.00049    6.52477    9.32456  284.44587     9.4757   14.73647 6.3490e-02     0.4443     0.5375 0.0000e+00
        511 209.649577    0.03540     2.1238    127.426     68.653  49870.583    31.6682     9.4781     68.000     9.4679    24.4368     5.8399     8.3457     89.494    254.587    260.808   -0.00052    6.52542    9.32549  284.47377     9.4709   14.73781 6.3102e-02     0.4477     0.5286 0.0000e+00
        514 209.649586    0.03562     2.1372    128.233     69.663  49873.203    31.6690     9.4735     69.000     9.4634    24.4382     5.8414     8.3480     89.509    254.656    260.879   -0.00036    6.52605    9.32639  284.50092     9.4661   14.73910 6.2727e-02     0.4500     0.5195 0.0000e+00
        517 209.649596    0.03584     2.1507    129.044     70.673  49876.645    31.6704     9.4693     70.000     9.4601    24.4400     5.8413     8.3478     89.500    254.648    260.871   -0.00037    6.52660    9.32717  284.52423     9.4618   14.74021 6.2385e-02     0.4434     0.5128 0.0000e+00
        520 209.649605    0.03607     2.1642    129.855     71.682  49879.055    31.6714     9.4670     71.000     9.4580    24.4411     5.8387     8.3442     89.457    254.537    260.758   -0.00061    6.52690    9.32760  284.53709     9.4593   14.74082 6.2074e-02     0.4361     0.4950 0.0000e+00
        524 209.649614    0.03630     2.1777    130.661     72.692  49879.804    31.6712     9.4647     72.000     9.4548    24.4413     5.8357     8.3398     89.405    254.403    260.621   -0.00084    6.52724    9.32808  284.55162     9.4570   14.74152 6.1782e-02     0.4333     0.4820 0.0000e+00
        527 209.649624    0.03652     2.1911    131.468     73.702  49882.252    31.6720     9.4614     73.000     9.4518    24.4425     5.8330     8.3360     89.358    254.287    260.503   -0.00102    6.52768    9.32870  284.57042     9.4536   14.74241 6.1527e-02     0.4327     0.4800 0.0000e+00
        530 209.649633    0.03675     2.2049    132.293     74.711  49884.133    31.6725     9.4587     74.000     9.4491    24.4434     5.8330     8.3359     89.353    254.284    260.501   -0.00094    6.52805    9.32924  284.58660     9.4508   14.74319 6.1298e-02     0.4291     0.4857 0.0000e+00
        534 209.649643    0.03699     2.2195    133.172     75.722  49886.488    31.6734     9.4560     75.000     9.4468    24.4445     5.8387     8.3442     89.436    254.537    260.759   -0.00030    6.52840    9.32974  284.60155     9.4480   14.74390 6.1087e-02     0.4296     0.4840 0.0000e+00
        537 209.649654    0.03724     2.2345    134.069     76.732  49888.747    31.6743     9.4544     76.000     9.4459    24.4455     5.8419     8.3488     89.483    254.676    260.902    0.00005    6.52858    9.33000  284.60901     9.4463   14.74425 6.0892e-02     0.4456     0.4694 0.0000e+00
        541 209.649664    0.03750     2.2498    134.991     77.742  49890.051    31.6747     9.4540     77.000     9.4454    24.4459     5.8405     8.3466     89.459    254.611    260.835   -0.00011    6.52864    9.33008  284.61162     9.4457   14.74437 6.0719e-02     0.4455     0.4693 0.0000e+00
        545 209.649675    0.03776     2.2654    135.925     78.751  49890.905    31.6748     9.4534     78.000     9.4446    24.4461     5.8340     8.3374     89.360    254.331    260.548   -0.00075    6.52871    9.33017  284.61437     9.4451   14.74451 6.0554e-02     0.4409     0.4695 0.0000e+00
        549 209.649687    0.03804     2.2823    136.938     79.761  49891.645    31.6748     9.4525     79.000     9.4434    24.4462     5.8305     8.3324     89.304    254.176    260.390   -0.00098    6.52885    9.33037  284.62035     9.4440   14.74479 6.0375e-02     0.4542     0.4988 0.0000e+00
        553 209.649699    0.03833     2.3002    138.011     80.771  49892.458    31.6747     9.4512     80.000     9.4418    24.4463     5.8324     8.3351     89.330    254.258    260.475   -0.00065    6.52904    9.33065  284.62856     9.4426   14.74518 6.0218e-02     0.4724     0.5056 0.0000e+00
        558 209.649713    0.03866     2.3198    139.189     81.780  49894.554    31.6756     9.4497     81.000     9.4407    24.4473     5.8376     8.3425     89.408    254.487    260.708   -0.00003    6.52921    9.33090  284.63597     9.4410   14.74553 6.0057e-02     0.4576     0.4977 0.0000e+00
