CTD-processing/allCTD/CNV/2016_07-27_t9_s09_cast002_5028.cnv
* Sea-Bird SBE19plus Data File:
* FileName = C:\Users\Kris.Holderied\Documents\kasitsna\Research-KBL\Oceanography-AK\CTD-Data-ALL-to-2016-05\2016-CTD-KachemakBay-CookInlet\2016-07-27-CookInlet-HomerSpit-monthly\2016-07-27-CookInlet-Tran9-cast002.hex
* Software Version 1.59
* Temperature SN =  5028
* Conductivity SN =  5028
* System UpLoad Time = Jul 27 2016 20:02:22
** Cook Inlet LTM Tran9 Homer Spit monthly
** Date (YYYY-MM-DD): 2016-07-27
** Station (eg. 9-01):  9-09
** Start time (AKDT): 10:34
** Depth (m): 79.9
** Comment:  R/V Edgecumbe.  Part of all-bay survey with T4 and along-bay stations (1-9).
** Comment:
# nquan = 27
# nvalues = 78                          
# units = specified
# name 0 = scan: Scan Count
# name 1 = timeJ: Julian Days
# name 2 = timeH: Time, Elapsed [hours]
# name 3 = timeM: Time, Elapsed [minutes]
# name 4 = timeS: Time, Elapsed [seconds]
# name 5 = prdM: Pressure, Strain Gauge [db]
# name 6 = specc: Specific Conductance [uS/cm]
# name 7 = sal00: Salinity, Practical [PSU]
# name 8 = tv290C: Temperature [ITS-90, deg C]
# name 9 = depSM: Depth [salt water, m], lat = 59.00
# name 10 = potemp090C: Potential Temperature [ITS-90, deg C]
# name 11 = sigma-é00: Density [sigma-theta, kg/m^3]
# name 12 = sbeox0ML/L: Oxygen, SBE 43 [ml/l]
# name 13 = sbeox0Mg/L: Oxygen, SBE 43 [mg/l]
# name 14 = sbeox0PS: Oxygen, SBE 43 [% saturation]
# name 15 = sbox0Mm/Kg: Oxygen, SBE 43 [umol/kg]
# name 16 = sbeox0Mm/L: Oxygen, SBE 43 [umol/l]
# name 17 = sbox0dV/dT: Oxygen, SBE 43 [dov/dt]
# name 18 = oxsolML/L: Oxygen Saturation, Garcia & Gordon [ml/l]
# name 19 = oxsolMg/L: Oxygen Saturation, Garcia & Gordon [mg/l]
# name 20 = oxsolMm/Kg: Oxygen Saturation, Garcia & Gordon [umol/kg]
# name 21 = potemp090C: Potential Temperature [ITS-90, deg C]
# name 22 = n2satMg/L: Nitrogen Saturation [mg/l]
# name 23 = par: PAR/Irradiance, Biospherical/Licor
# name 24 = flECO-AFL: Fluorescence, WET Labs ECO-AFL/FL [mg/m^3]
# name 25 = turbWETntu0: Turbidity, WET Labs ECO [NTU]
# name 26 = flag: flag
# span 0 =        313,        634       
# span 1 = 209.442071, 209.443000       
# span 2 =    0.02164,    0.04394       
# span 3 =     1.2980,     2.6363       
# span 4 =     77.877,    158.181       
# span 5 =      1.009,     78.751       
# span 6 =  41757.842,  49771.868       
# span 7 =    26.3302,    31.6101       
# span 8 =     9.1977,    12.5895       
# span 9 =      1.000,     78.000       
# span 10 =     9.1963,    12.5228      
# span 11 =    19.7620,    24.3731      
# span 12 =     5.5948,     6.7269      
# span 13 =     7.9955,     9.6133      
# span 14 =     85.042,    106.578      
# span 15 =    243.973,    294.598      
# span 16 =    249.861,    300.421      
# span 17 =   -0.03250,    0.00678      
# span 18 =    6.30081,    6.58699      
# span 19 =    9.00449,    9.41347      
# span 20 =  275.39562,  287.25385      
# span 21 =     9.1952,    12.5893      
# span 22 =   14.31346,   14.87271      
# span 23 = 6.8374e-02, 6.1171e+01      
# span 24 =     0.0978,     1.4819      
# span 25 =     0.4408,    10.9546      
# span 26 = 0.0000e+00, 0.0000e+00      
# interval = meters: 1                  
# start_time = Jul 27 2016 10:35:17 [Instrument's time stamp, header]
# bad_flag = -9.990e-29
*END*
[from data line 54]
        532 209.442706    0.03689     2.2133    132.800     55.527  49389.015    31.3226     9.3886     55.000     9.3855    24.1807     5.6091     8.0159     85.597    244.587    250.501    0.00043    6.55292    9.36477  285.74372     9.3827   14.79993 7.2553e-02     0.1300     1.2528 0.0000e+00
        536 209.442718    0.03718     2.2310    133.857     56.537  49411.881    31.3392     9.3958     56.000     9.3942    24.1926     5.6113     8.0191     85.654    244.682    250.602    0.00058    6.55118    9.36229  285.66454     9.3898   14.79607 7.2002e-02     0.1434     1.3065 0.0000e+00
        541 209.442730    0.03747     2.2483    134.897     57.546  49426.800    31.3505     9.4047     57.000     9.4021    24.2000     5.6128     8.0212     85.698    244.742    250.665    0.00064    6.54940    9.35975  285.58504     9.3987   14.79222 7.1538e-02     0.1479     1.3964 0.0000e+00
        545 209.442742    0.03776     2.2656    135.936     58.556  49428.880    31.3523     9.4107     58.000     9.4054    24.2005     5.6114     8.0193     85.691    244.685    250.607    0.00035    6.54847    9.35842  285.54425     9.4045   14.79027 7.1139e-02     0.1477     1.4581 0.0000e+00
        549 209.442755    0.03805     2.2829    136.971     59.565  49433.691    31.3555     9.4125     59.000     9.4076    24.2027     5.6105     8.0181     85.683    244.647    250.569    0.00012    6.54807    9.35785  285.52613     9.4062   14.78939 7.0831e-02     0.1607     1.5467 0.0000e+00
        553 209.442766    0.03834     2.3006    138.036     60.575  49444.834    31.3635     9.4166     60.000     9.4122    24.2084     5.6094     8.0164     85.677    244.594    250.515   -0.00000    6.54713    9.35651  285.48392     9.4102   14.78734 7.0563e-02     0.1699     1.7103 0.0000e+00
        558 209.442780    0.03866     2.3194    139.162     61.585  49450.269    31.3674     9.4203     61.000     9.4155    24.2108     5.6088     8.0154     85.676    244.565    250.487   -0.00009    6.54643    9.35550  285.45246     9.4138   14.78582 7.0345e-02     0.1630     1.6194 0.0000e+00
        562 209.442793    0.03898     2.3387    140.323     62.594  49478.299    31.3876     9.4269     62.000     9.4265    24.2256     5.6074     8.0136     85.680    244.504    250.428   -0.00009    6.54462    9.35292  285.36951     9.4203   14.78177 7.0149e-02     0.1705     1.5617 0.0000e+00
        567 209.442807    0.03930     2.3580    141.480     63.604  49505.166    31.4082     9.4423     63.000     9.4412    24.2392     5.6071     8.0131     85.715    244.488    250.414    0.00006    6.54154    9.34851  285.23118     9.4356   14.77507 6.9978e-02     0.1861     1.6965 0.0000e+00
        571 209.442819    0.03961     2.3766    142.595     64.614  49536.602    31.4316     9.4554     64.000     9.4581    24.2555     5.6116     8.0195     85.822    244.679    250.613    0.00058    6.53865    9.34439  285.10101     9.4486   14.76875 6.9888e-02     0.1915     1.8905 0.0000e+00
        576 209.442832    0.03992     2.3951    143.703     65.624  49588.350    31.4710     9.4806     65.000     9.4857    24.2823     5.6187     8.0296     86.000    244.980    250.929    0.00137    6.53337    9.33684  284.86308     9.4736   14.75722 6.9719e-02     0.2080     2.1122 0.0000e+00
        580 209.442845    0.04022     2.4134    144.803     66.634  49602.230    31.4835     9.5035     66.000     9.5015    24.2884     5.6302     8.0461     86.227    245.484    251.446    0.00218    6.52954    9.33137  284.69456     9.4964   14.74911 6.9529e-02     0.2209     2.4303 0.0000e+00
        584 209.442857    0.04051     2.4305    145.828     67.643  49609.383    31.4894     9.5126     67.000     9.5082    24.2916     5.6458     8.0684     86.486    246.162    252.141    0.00306    6.52798    9.32914  284.62580     9.5054   14.74580 6.9430e-02     0.2217     2.7029 0.0000e+00
        588 209.442868    0.04078     2.4472    146.831     68.653  49615.760    31.4940     9.5174     68.000     9.5127    24.2945     5.6580     8.0859     86.684    246.693    252.686    0.00333    6.52710    9.32787  284.58632     9.5101   14.74390 6.9387e-02     0.2363     2.8162 0.0000e+00
        593 209.442881    0.04108     2.4646    147.878     69.663  49669.824    31.5331     9.5277     69.000     9.5328    24.3234     5.6650     8.0959     86.833    246.991    252.999    0.00318    6.52398    9.32342  284.44241     9.5202   14.73685 6.9369e-02     0.2488     3.0337 0.0000e+00
        597 209.442893    0.04138     2.4828    148.970     70.673  49709.085    31.5639     9.5547     70.000     9.5553    24.3432     5.6707     8.1040     86.991    247.236    253.254    0.00303    6.51879    9.31600  284.21068     9.5472   14.72565 6.9316e-02     0.2901     3.8358 0.0000e+00
        601 209.442906    0.04169     2.5014    150.083     71.683  49718.283    31.5720     9.5692     71.000     9.5646    24.3472     5.6853     8.1248     87.246    247.869    253.904    0.00347    6.51638    9.31256  284.10445     9.5615   14.72053 6.9232e-02     0.3426     4.8768 0.0000e+00
        606 209.442919    0.04201     2.5207    151.240     72.692  49720.743    31.5740     9.5745     72.000     9.5675    24.3479     5.6996     8.1453     87.478    248.495    254.545    0.00373    6.51552    9.31134  284.06687     9.5668   14.71873 6.9062e-02     0.3622     5.3086 0.0000e+00
        611 209.442933    0.04234     2.5403    152.417     73.702  49726.803    31.5781     9.5766     73.000     9.5693    24.3508     5.7028     8.1499     87.532    248.632    254.686    0.00276    6.51507    9.31068  284.04617     9.5686   14.71772 6.8965e-02     0.3828     5.1752 0.0000e+00
        615 209.442946    0.04266     2.5594    153.566     74.712  49731.655    31.5813     9.5778     74.000     9.5712    24.3531     5.7034     8.1508     87.547    248.660    254.715    0.00187    6.51475    9.31023  284.03153     9.5698   14.71701 6.8832e-02     0.3935     5.3775 0.0000e+00
        620 209.442959    0.04297     2.5780    154.680     75.722  49749.447    31.5939     9.5825     75.000     9.5771    24.3624     5.7030     8.1502     87.556    248.638    254.695    0.00125    6.51355    9.30852  283.97680     9.5744   14.71434 6.8680e-02     0.3868     5.6292 0.0000e+00
        624 209.442972    0.04326     2.5959    155.756     76.732  49758.651    31.6007     9.5877     76.000     9.5810    24.3668     5.7079     8.1572     87.646    248.854    254.918    0.00128    6.51252    9.30704  283.93061     9.5795   14.71210 6.8578e-02     0.4027     5.8860 0.0000e+00
        629 209.442985    0.04358     2.6146    156.876     77.741  49761.311    31.6025     9.5905     77.000     9.5833    24.3678     5.7179     8.1715     87.805    249.286    255.361    0.00175    6.51205    9.30636  283.90969     9.5821   14.71110 6.8472e-02     0.4264     6.2544 0.0000e+00
        634 209.443000    0.04394     2.6363    158.181     78.751  49771.868    31.6101     9.5948     78.000     9.5894    24.3731     5.7241     8.1802     87.912    249.553    255.635    0.00174    6.51111    9.30502  283.86744     9.5863   14.70905 6.8374e-02     0.4968     7.8598 0.0000e+00
