CTD-processing/allCTD/CNV/2016_02-15_t6_s11_cast130_5028.cnv
* Sea-Bird SBE19plus Data File:
* FileName = C:\Users\Kris.Holderied\Documents\kasitsna\Research-KBL\Oceanography-AK\CTD-Data-ALL-to-2016-02\2016-CTD-KachemakBay-CookInlet\2016-02-CookInlet-quarterly\2016-02-15-CookInlet-Tran6-Douglas\2016-02-15-CookInlet-Tran6-cast130.hex
* Software Version 1.59
* Temperature SN =  5028
* Conductivity SN =  5028
* System UpLoad Time = Feb 15 2016 19:45:40
** Cook Inlet LTM Tran6 Douglas West to East

** Date: 02-15
** Station: 6-11
** Start time (AKST): 15:42
** Depth (m): 113
** Comment:  R/V Pandalus
** Comment: Zooplankton 50m vert tow, Phytoplankton 40l surface, OA sample at surface and 108m.
# nquan = 27
# nvalues = 112                         
# units = specified
# name 0 = scan: Scan Count
# name 1 = timeJ: Julian Days
# name 2 = timeH: Time, Elapsed [hours]
# name 3 = timeM: Time, Elapsed [minutes]
# name 4 = timeS: Time, Elapsed [seconds]
# name 5 = prdM: Pressure, Strain Gauge [db]
# name 6 = specc: Specific Conductance [uS/cm]
# name 7 = sal00: Salinity, Practical [PSU]
# name 8 = tv290C: Temperature [ITS-90, deg C]
# name 9 = depSM: Depth [salt water, m], lat = 59.00
# name 10 = potemp090C: Potential Temperature [ITS-90, deg C]
# name 11 = sigma-é00: Density [sigma-theta, kg/m^3]
# name 12 = sbeox0ML/L: Oxygen, SBE 43 [ml/l]
# name 13 = sbeox0Mg/L: Oxygen, SBE 43 [mg/l]
# name 14 = sbeox0PS: Oxygen, SBE 43 [% saturation]
# name 15 = sbox0Mm/Kg: Oxygen, SBE 43 [umol/kg]
# name 16 = sbeox0Mm/L: Oxygen, SBE 43 [umol/l]
# name 17 = sbox0dV/dT: Oxygen, SBE 43 [dov/dt]
# name 18 = oxsolML/L: Oxygen Saturation, Garcia & Gordon [ml/l]
# name 19 = oxsolMg/L: Oxygen Saturation, Garcia & Gordon [mg/l]
# name 20 = oxsolMm/Kg: Oxygen Saturation, Garcia & Gordon [umol/kg]
# name 21 = potemp090C: Potential Temperature [ITS-90, deg C]
# name 22 = n2satMg/L: Nitrogen Saturation [mg/l]
# name 23 = par: PAR/Irradiance, Biospherical/Licor
# name 24 = flECO-AFL: Fluorescence, WET Labs ECO-AFL/FL [mg/m^3]
# name 25 = turbWETntu0: Turbidity, WET Labs ECO [NTU]
# name 26 = flag: flag
# span 0 =        156,        641       
# span 1 =  46.655228,  46.656631       
# span 2 =    0.01076,    0.04441       
# span 3 =     0.6453,     2.6647       
# span 4 =     38.716,    159.881       
# span 5 =      1.010,    113.088       
# span 6 =  50332.093,  51039.455       
# span 7 =    31.5506,    32.0226       
# span 8 =     6.4529,     6.7039       
# span 9 =      1.000,    112.000       
# span 10 =     6.4651,     6.6947      
# span 11 =    24.7726,    25.1139      
# span 12 =     5.7625,     6.2907      
# span 13 =     8.2352,     8.9901      
# span 14 =     82.559,     90.476      
# span 15 =    251.093,    274.094      
# span 16 =    257.354,    280.944      
# span 17 =   -0.00104,    0.03604      
# span 18 =    6.93188,    6.99494      
# span 19 =    9.90634,    9.99647      
# span 20 =  301.99333,  304.85064      
# span 21 =     6.4528,     6.6941      
# span 22 =   15.57298,   15.71112      
# span 23 = 3.7976e-02, 4.7552e+01      
# span 24 =     0.1194,     0.1720      
# span 25 =     0.3772,     0.5411      
# span 26 = 0.0000e+00, 0.0000e+00      
# interval = meters: 1                  
# start_time = Feb 15 2016 15:42:53 [Instrument's time stamp, header]
# bad_flag = -9.990e-29
*END*
[from data line 54]
        445  46.656065    0.03082     1.8496    110.979     55.526  50822.609    31.8855     6.6319     55.000     6.6283    25.0146     6.2832     8.9794     90.410    273.763    280.611   -0.00043    6.94974    9.93188  302.80100     6.6272   15.61204 1.9185e-01     0.1449     0.4334 0.0000e+00
        448  46.656074    0.03104     1.8628    111.768     56.537  50829.578    31.8902     6.6337     56.000     6.6296    25.0180     6.2828     8.9787     90.410    273.741    280.589   -0.00043    6.94923    9.93115  302.77778     6.6289   15.61091 1.7533e-01     0.1377     0.4639 0.0000e+00
        451  46.656082    0.03125     1.8752    112.513     57.546  50833.618    31.8928     6.6348     57.000     6.6306    25.0199     6.2848     8.9815     90.442    273.826    280.677   -0.00025    6.94894    9.93073  302.76444     6.6299   15.61027 1.6072e-01     0.1317     0.4281 0.0000e+00
        454  46.656092    0.03148     1.8889    113.337     58.556  50837.559    31.8953     6.6361     58.000     6.6319    25.0217     6.2847     8.9816     90.446    273.825    280.676   -0.00017    6.94861    9.93027  302.74978     6.6311   15.60956 1.4795e-01     0.1309     0.4168 0.0000e+00
        458  46.656102    0.03173     1.9038    114.231     59.566  50840.342    31.8970     6.6376     59.000     6.6332    25.0229     6.2797     8.9744     90.378    273.605    280.452   -0.00056    6.94829    9.92980  302.73535     6.6326   15.60886 1.3644e-01     0.1195     0.4199 0.0000e+00
        461  46.656112    0.03197     1.9184    115.102     60.575  50841.226    31.8973     6.6387     60.000     6.6339    25.0231     6.2780     8.9719     90.355    273.529    280.374   -0.00068    6.94811    9.92954  302.72744     6.6335   15.60848 1.2581e-01     0.1202     0.4257 0.0000e+00
        465  46.656122    0.03221     1.9326    115.958     61.585  50842.919    31.8982     6.6394     61.000     6.6348    25.0236     6.2787     8.9729     90.367    273.559    280.404   -0.00050    6.94796    9.92932  302.72052     6.6342   15.60815 1.1628e-01     0.1252     0.4524 0.0000e+00
        468  46.656132    0.03245     1.9469    116.813     62.595  50846.440    31.9004     6.6408     62.000     6.6370    25.0252     6.2787     8.9729     90.373    273.563    280.409   -0.00042    6.94762    9.92884  302.70527     6.6355   15.60741 1.0781e-01     0.1194     0.4764 0.0000e+00
        471  46.656141    0.03267     1.9601    117.604     63.604  50847.855    31.9013     6.6433     63.000     6.6394    25.0257     6.2806     8.9756     90.405    273.643    280.490   -0.00024    6.94718    9.92821  302.68602     6.6379   15.60649 1.0017e-01     0.1242     0.4259 0.0000e+00
        474  46.656150    0.03287     1.9722    118.334     64.614  50848.398    31.9017     6.6456     64.000     6.6413    25.0256     6.2828     8.9788     90.442    273.740    280.591   -0.00002    6.94680    9.92766  302.66941     6.6401   15.60570 9.3413e-02     0.1271     0.4087 0.0000e+00
        478  46.656159    0.03309     1.9854    119.126     65.624  50849.061    31.9020     6.6472     65.000     6.6422    25.0257     6.2822     8.9780     90.438    273.716    280.566   -0.00007    6.94651    9.92725  302.65678     6.6417   15.60510 8.7448e-02     0.1320     0.4092 0.0000e+00
        481  46.656170    0.03334     2.0007    120.043     66.634  50848.738    31.9014     6.6478     66.000     6.6422    25.0251     6.2792     8.9735     90.394    273.581    280.428   -0.00036    6.94644    9.92715  302.65390     6.6422   15.60496 8.2080e-02     0.1328     0.4123 0.0000e+00
        485  46.656181    0.03361     2.0165    120.988     67.644  50850.329    31.9020     6.6478     67.000     6.6418    25.0257     6.2776     8.9713     90.372    273.513    280.358   -0.00049    6.94642    9.92714  302.65324     6.6420   15.60493 7.7049e-02     0.1296     0.4144 0.0000e+00
        489  46.656191    0.03386     2.0316    121.894     68.653  50853.098    31.9034     6.6475     68.000     6.6414    25.0268     6.2793     8.9738     90.396    273.587    280.434   -0.00031    6.94640    9.92710  302.65192     6.6416   15.60486 7.2762e-02     0.1339     0.4123 0.0000e+00
        492  46.656202    0.03412     2.0468    122.810     69.662  50856.185    31.9050     6.6471     69.000     6.6411    25.0281     6.2807     8.9756     90.415    273.644    280.493   -0.00017    6.94640    9.92709  302.65117     6.6412   15.60482 6.8970e-02     0.1326     0.4139 0.0000e+00
        496  46.656211    0.03435     2.0611    123.668     70.672  50860.602    31.9076     6.6471     70.000     6.6414    25.0302     6.2794     8.9739     90.399    273.590    280.438   -0.00028    6.94628    9.92692  302.64546     6.6411   15.60453 6.5620e-02     0.1394     0.4214 0.0000e+00
        499  46.656220    0.03456     2.0736    124.417     71.682  50864.377    31.9099     6.6476     71.000     6.6419    25.0319     6.2789     8.9731     90.394    273.565    280.414   -0.00035    6.94609    9.92666  302.63681     6.6415   15.60411 6.2722e-02     0.1367     0.4293 0.0000e+00
        501  46.656228    0.03475     2.0853    125.119     72.692  50866.107    31.9106     6.6483     72.000     6.6422    25.0325     6.2800     8.9747     90.412    273.615    280.464   -0.00025    6.94595    9.92646  302.63057     6.6420   15.60381 6.0125e-02     0.1360     0.4262 0.0000e+00
        504  46.656237    0.03495     2.0972    125.833     73.703  50867.117    31.9110     6.6486     73.000     6.6423    25.0327     6.2805     8.9754     90.420    273.637    280.486   -0.00019    6.94589    9.92637  302.62777     6.6423   15.60368 5.7818e-02     0.1440     0.4061 0.0000e+00
        507  46.656245    0.03517     2.1101    126.604     74.712  50868.200    31.9113     6.6486     74.000     6.6422    25.0329     6.2792     8.9735     90.401    273.579    280.427   -0.00032    6.94587    9.92634  302.62680     6.6423   15.60363 5.5765e-02     0.1436     0.4065 0.0000e+00
        511  46.656255    0.03539     2.1234    127.405     75.722  50871.339    31.9130     6.6488     75.000     6.6426    25.0343     6.2787     8.9728     90.395    273.557    280.405   -0.00036    6.94576    9.92618  302.62162     6.6423   15.60338 5.3864e-02     0.1470     0.4073 0.0000e+00
        514  46.656264    0.03562     2.1372    128.234     76.732  50874.140    31.9146     6.6495     76.000     6.6432    25.0355     6.2789     8.9731     90.401    273.565    280.414   -0.00031    6.94557    9.92592  302.61327     6.6429   15.60297 5.2096e-02     0.1534     0.4156 0.0000e+00
        518  46.656275    0.03588     2.1528    129.171     77.741  50874.089    31.9142     6.6500     77.000     6.6433    25.0351     6.2786     8.9727     90.397    273.553    280.401   -0.00031    6.94551    9.92583  302.61060     6.6433   15.60285 5.0479e-02     0.1522     0.4337 0.0000e+00
        522  46.656288    0.03619     2.1717    130.303     78.751  50875.094    31.9144     6.6499     78.000     6.6433    25.0353     6.2776     8.9713     90.383    273.510    280.358   -0.00036    6.94551    9.92583  302.61047     6.6432   15.60284 4.8902e-02     0.1393     0.4298 0.0000e+00
        526  46.656300    0.03648     2.1885    131.310     79.761  50877.662    31.9158     6.6504     79.000     6.6438    25.0363     6.2778     8.9715     90.388    273.518    280.365   -0.00031    6.94537    9.92563  302.60421     6.6436   15.60254 4.7572e-02     0.1331     0.4204 0.0000e+00
        529  46.656309    0.03669     2.2013    132.076     80.770  50878.033    31.9157     6.6508     80.000     6.6439    25.0361     6.2788     8.9729     90.403    273.561    280.409   -0.00024    6.94531    9.92554  302.60155     6.6439   15.60241 4.6465e-02     0.1273     0.4236 0.0000e+00
        532  46.656317    0.03688     2.2132    132.792     81.781  50879.794    31.9165     6.6510     81.000     6.6446    25.0368     6.2803     8.9752     90.426    273.628    280.478   -0.00012    6.94524    9.92544  302.59823     6.6440   15.60225 4.5482e-02     0.1265     0.4179 0.0000e+00
        535  46.656326    0.03710     2.2263    133.576     82.791  50883.745    31.9190     6.6520     82.000     6.6459    25.0386     6.2815     8.9769     90.447    273.678    280.530   -0.00004    6.94496    9.92504  302.58559     6.6450   15.60164 4.4669e-02     0.1273     0.4212 0.0000e+00
        539  46.656336    0.03733     2.2400    134.403     83.801  50886.113    31.9203     6.6534     83.000     6.6468    25.0396     6.2824     8.9782     90.464    273.718    280.571    0.00000    6.94467    9.92462  302.57260     6.6463   15.60101 4.3933e-02     0.1321     0.4291 0.0000e+00
        542  46.656344    0.03754     2.2525    135.149     84.810  50887.842    31.9212     6.6541     84.000     6.6470    25.0402     6.2822     8.9778     90.462    273.708    280.562   -0.00005    6.94453    9.92443  302.56646     6.6469   15.60072 4.3202e-02     0.1342     0.4324 0.0000e+00
        544  46.656352    0.03773     2.2634    135.805     85.820  50888.917    31.9215     6.6543     85.000     6.6471    25.0404     6.2803     8.9752     90.437    273.628    280.480   -0.00024    6.94448    9.92435  302.56408     6.6470   15.60060 4.2637e-02     0.1311     0.4304 0.0000e+00
        547  46.656360    0.03791     2.2746    136.473     86.830  50889.907    31.9218     6.6545     86.000     6.6471    25.0406     6.2787     8.9729     90.414    273.558    280.408   -0.00042    6.94444    9.92429  302.56222     6.6471   15.60051 4.2107e-02     0.1334     0.4293 0.0000e+00
        550  46.656369    0.03813     2.2882    137.291     87.840  50891.710    31.9225     6.6546     87.000     6.6471    25.0412     6.2785     8.9726     90.411    273.547    280.397   -0.00041    6.94438    9.92421  302.55951     6.6471   15.60038 4.1590e-02     0.1320     0.4269 0.0000e+00
        555  46.656383    0.03846     2.3080    138.482     88.849  50894.409    31.9240     6.6549     88.000     6.6475    25.0423     6.2770     8.9705     90.392    273.485    280.333   -0.00044    6.94428    9.92406  302.55474     6.6473   15.60014 4.1060e-02     0.1317     0.4109 0.0000e+00
        560  46.656398    0.03882     2.3292    139.750     89.859  50898.951    31.9269     6.6557     89.000     6.6486    25.0444     6.2747     8.9673     90.363    273.385    280.232   -0.00052    6.94401    9.92369  302.54271     6.6480   15.59956 4.0459e-02     0.1362     0.4055 0.0000e+00
        563  46.656407    0.03905     2.3428    140.571     90.869  50902.873    31.9293     6.6568     90.000     6.6499    25.0463     6.2754     8.9682     90.376    273.412    280.260   -0.00042    6.94371    9.92326  302.52889     6.6491   15.59889 4.0074e-02     0.1317     0.4178 0.0000e+00
        566  46.656415    0.03924     2.3542    141.253     91.879  50903.287    31.9293     6.6579     91.000     6.6505    25.0461     6.2769     8.9704     90.400    273.479    280.328   -0.00026    6.94354    9.92301  302.52146     6.6501   15.59854 3.9514e-02     0.1252     0.4223 0.0000e+00
        569  46.656423    0.03943     2.3658    141.946     92.889  50902.992    31.9288     6.6585     92.000     6.6507    25.0456     6.2781     8.9720     90.417    273.528    280.379   -0.00017    6.94347    9.92291  302.51847     6.6506   15.59839 3.8771e-02     0.1216     0.4186 0.0000e+00
        572  46.656432    0.03964     2.3787    142.725     93.900  50902.023    31.9277     6.6588     93.000     6.6507    25.0448     6.2781     8.9720     90.417    273.529    280.379   -0.00019    6.94348    9.92292  302.51916     6.6508   15.59843 3.8178e-02     0.1291     0.4206 0.0000e+00
        576  46.656443    0.03991     2.3945    143.671     94.909  50902.322    31.9274     6.6589     94.000     6.6508    25.0445     6.2772     8.9707     90.404    273.488    280.338   -0.00028    6.94347    9.92291  302.51894     6.6507   15.59842 3.8001e-02     0.1411     0.4358 0.0000e+00
        580  46.656455    0.04021     2.4123    144.736     95.919  50904.339    31.9284     6.6591     95.000     6.6510    25.0453     6.2740     8.9662     90.359    273.351    280.197   -0.00048    6.94340    9.92281  302.51555     6.6509   15.59826 3.7977e-02     0.1387     0.4472 0.0000e+00
        584  46.656466    0.04048     2.4284    145.708     96.929  50906.723    31.9296     6.6594     96.000     6.6514    25.0462     6.2724     8.9639     90.338    273.281    280.125   -0.00060    6.94328    9.92264  302.50999     6.6512   15.59799 3.7976e-02     0.1400     0.4468 0.0000e+00
        587  46.656476    0.04070     2.4422    146.534     97.939  50909.745    31.9314     6.6600     97.000     6.6520    25.0476     6.2758     8.9688     90.390    273.430    280.278   -0.00023    6.94311    9.92240  302.50248     6.6517   15.59763 3.7976e-02     0.1446     0.4390 0.0000e+00
        590  46.656484    0.04091     2.4546    147.274     98.949  50914.212    31.9341     6.6607     98.000     6.6530    25.0496     6.2772     8.9708     90.412    273.490    280.340   -0.00009    6.94287    9.92206  302.49137     6.6523   15.59708 3.7976e-02     0.1431     0.4239 0.0000e+00
        593  46.656493    0.04111     2.4665    147.991     99.958  50922.364    31.9396     6.6620     99.000     6.6547    25.0538     6.2758     8.9688     90.398    273.427    280.277   -0.00020    6.94242    9.92141  302.47049     6.6534   15.59607 3.7976e-02     0.1470     0.4252 0.0000e+00
        596  46.656502    0.04132     2.4792    148.752    100.968  50930.630    31.9452     6.6640    100.000     6.6567    25.0579     6.2742     8.9665     90.383    273.356    280.206   -0.00033    6.94183    9.92057  302.44335     6.6554   15.59475 3.7976e-02     0.1456     0.4348 0.0000e+00
        600  46.656512    0.04158     2.4945    149.669    101.979  50935.754    31.9487     6.6664    101.000     6.6585    25.0604     6.2737     8.9658     90.382    273.334    280.184   -0.00031    6.94128    9.91979  302.41906     6.6576   15.59358 3.7976e-02     0.1525     0.4366 0.0000e+00
        604  46.656526    0.04190     2.5142    150.853    102.988  50938.216    31.9503     6.6680    102.000     6.6594    25.0615     6.2715     8.9626     90.355    273.238    280.085   -0.00041    6.94096    9.91932  302.40458     6.6591   15.59289 3.7976e-02     0.1491     0.4375 0.0000e+00
        609  46.656538    0.04220     2.5322    151.935    103.998  50940.462    31.9515     6.6686    103.000     6.6600    25.0623     6.2712     8.9622     90.352    273.223    280.071   -0.00039    6.94080    9.91910  302.39733     6.6597   15.59253 3.7976e-02     0.1387     0.4474 0.0000e+00
        612  46.656548    0.04243     2.5456    152.739    105.009  50946.488    31.9553     6.6694    104.000     6.6617    25.0653     6.2729     8.9646     90.381    273.296    280.146   -0.00024    6.94050    9.91867  302.38334     6.6604   15.59185 3.7976e-02     0.1384     0.4471 0.0000e+00
        615  46.656556    0.04263     2.5576    153.454    106.018  50961.806    31.9659     6.6717    105.000     6.6658    25.0734     6.2744     8.9668     90.414    273.362    280.216   -0.00005    6.93963    9.91743  302.34326     6.6627   15.58989 3.7976e-02     0.1380     0.4506 0.0000e+00
        618  46.656564    0.04283     2.5695    154.168    107.028  50984.381    31.9820     6.6768    106.000     6.6725    25.0855     6.2744     8.9668     90.434    273.358    280.215    0.00003    6.93808    9.91521  302.27199     6.6676   15.58643 3.7976e-02     0.1369     0.4551 0.0000e+00
        621  46.656573    0.04304     2.5824    154.943    108.038  51006.059    31.9981     6.6847    107.000     6.6798    25.0971     6.2725     8.9641     90.433    273.271    280.129   -0.00003    6.93608    9.91236  302.18174     6.6753   15.58206 3.7976e-02     0.1341     0.4444 0.0000e+00
