CTD-processing/allCTD/CNV/2016_07-27_alongbay_skb06_cast026_5028.cnv
* Sea-Bird SBE19plus Data File:
* FileName = C:\Users\Kris.Holderied\Documents\kasitsna\Research-KBL\Oceanography-AK\CTD-Data-ALL-to-2016-05\2016-CTD-KachemakBay-CookInlet\2016-07-27-KachemakBay-AlongBay\2016-07-27-KachemakBay-AlongBay-cast026.hex
* Software Version 1.59
* Temperature SN =  5028
* Conductivity SN =  5028
* System UpLoad Time = Jul 27 2016 20:35:06
** Cook Inlet Kachemak Bay Along-Bay west to east (sta 1-9)
** Date (YYYY-MM-DD): 2016-07-27
** Station (eg. 9-01):  KB06
** Start time (AKDT): 16:18
** Depth (m): 99.1
** Comment:  R/V Edgecumbe.  Part of all-bay survey with T4 and T9.
** Comment:
# nquan = 27
# nvalues = 92                          
# units = specified
# name 0 = scan: Scan Count
# name 1 = timeJ: Julian Days
# name 2 = timeH: Time, Elapsed [hours]
# name 3 = timeM: Time, Elapsed [minutes]
# name 4 = timeS: Time, Elapsed [seconds]
# name 5 = prdM: Pressure, Strain Gauge [db]
# name 6 = specc: Specific Conductance [uS/cm]
# name 7 = sal00: Salinity, Practical [PSU]
# name 8 = tv290C: Temperature [ITS-90, deg C]
# name 9 = depSM: Depth [salt water, m], lat = 59.00
# name 10 = potemp090C: Potential Temperature [ITS-90, deg C]
# name 11 = sigma-é00: Density [sigma-theta, kg/m^3]
# name 12 = sbeox0ML/L: Oxygen, SBE 43 [ml/l]
# name 13 = sbeox0Mg/L: Oxygen, SBE 43 [mg/l]
# name 14 = sbeox0PS: Oxygen, SBE 43 [% saturation]
# name 15 = sbox0Mm/Kg: Oxygen, SBE 43 [umol/kg]
# name 16 = sbeox0Mm/L: Oxygen, SBE 43 [umol/l]
# name 17 = sbox0dV/dT: Oxygen, SBE 43 [dov/dt]
# name 18 = oxsolML/L: Oxygen Saturation, Garcia & Gordon [ml/l]
# name 19 = oxsolMg/L: Oxygen Saturation, Garcia & Gordon [mg/l]
# name 20 = oxsolMm/Kg: Oxygen Saturation, Garcia & Gordon [umol/kg]
# name 21 = potemp090C: Potential Temperature [ITS-90, deg C]
# name 22 = n2satMg/L: Nitrogen Saturation [mg/l]
# name 23 = par: PAR/Irradiance, Biospherical/Licor
# name 24 = flECO-AFL: Fluorescence, WET Labs ECO-AFL/FL [mg/m^3]
# name 25 = turbWETntu0: Turbidity, WET Labs ECO [NTU]
# name 26 = flag: flag
# span 0 =        132,        575       
# span 1 = 209.679858, 209.681139       
# span 2 =    0.00909,    0.03984       
# span 3 =     0.5455,     2.3907       
# span 4 =     32.727,    143.442       
# span 5 =      1.009,     92.889       
# span 6 =  32622.897,  49869.832       
# span 7 =    20.1446,    31.6723       
# span 8 =     9.0716,    13.7211       
# span 9 =      1.000,     92.000       
# span 10 =     9.0669,    13.7099      
# span 11 =    14.7905,    24.4227      
# span 12 =     5.6342,     6.9004      
# span 13 =     8.0518,     9.8613      
# span 14 =     85.791,    109.351      
# span 15 =    245.671,    302.997      
# span 16 =    251.621,    308.170      
# span 17 =   -0.04021,    0.01650      
# span 18 =    6.23962,    6.60581      
# span 19 =    8.91704,    9.44036      
# span 20 =  273.19599,  288.07266      
# span 21 =     9.0697,    13.7209      
# span 22 =   14.21765,   14.91192      
# span 23 = 6.0528e-02, 2.5727e+02      
# span 24 =     0.0633,     2.0414      
# span 25 =     0.3312,     5.7802      
# span 26 = 0.0000e+00, 0.0000e+00      
# interval = meters: 1                  
# start_time = Jul 27 2016 16:18:27 [Instrument's time stamp, header]
# bad_flag = -9.990e-29
*END*
[from data line 54]
        450 209.680777    0.03115     1.8693    112.158     55.526  49638.925    31.5433     9.7221     55.000     9.7163    24.3001     5.7894     8.2735     89.126    252.419    258.553    0.00327    6.49569    9.28300  283.21548     9.7161   14.67813 7.5755e-02     0.1065     0.4012 0.0000e+00
        453 209.680786    0.03137     1.8824    112.942     56.536  49647.241    31.5489     9.7227     56.000     9.7180    24.3043     5.7886     8.2724     89.119    252.385    258.519    0.00239    6.49537    9.28253  283.20005     9.7167   14.67737 7.4190e-02     0.0981     0.3891 0.0000e+00
        456 209.680796    0.03160     1.8957    113.741     57.546  49656.522    31.5553     9.7250     57.000     9.7197    24.3090     5.7879     8.2715     89.116    252.354    258.489    0.00167    6.49478    9.28169  283.17304     9.7188   14.67605 7.2797e-02     0.0926     0.3693 0.0000e+00
        459 209.680805    0.03182     1.9091    114.548     58.556  49664.310    31.5605     9.7261     58.000     9.7188    24.3129     5.7944     8.2808     89.222    252.636    258.778    0.00171    6.49440    9.28114  283.15555     9.7198   14.67519 7.1558e-02     0.1001     0.3459 0.0000e+00
        462 209.680814    0.03204     1.9227    115.361     59.565  49673.762    31.5664     9.7239     59.000     9.7141    24.3179     5.8011     8.2903     89.323    252.925    259.076    0.00199    6.49447    9.28125  283.15714     9.7174   14.67525 7.0497e-02     0.1074     0.3326 0.0000e+00
        466 209.680824    0.03227     1.9363    116.180     60.575  49683.588    31.5721     9.7176     60.000     9.7053    24.3233     5.8034     8.2936     89.350    253.025    259.179    0.00157    6.49514    9.28221  283.18502     9.7110   14.67656 6.9558e-02     0.1088     0.3312 0.0000e+00
        469 209.680833    0.03250     1.9500    117.000     61.584  49692.845    31.5769     9.7081     61.000     9.6950    24.3287     5.8104     8.3036     89.441    253.328    259.492    0.00158    6.49629    9.28385  283.23352     9.7015   14.67886 6.8740e-02     0.1046     0.3505 0.0000e+00
        472 209.680843    0.03273     1.9635    117.813     62.594  49701.095    31.5809     9.6978     62.000     9.6857    24.3335     5.8135     8.3082     89.472    253.466    259.633    0.00153    6.49759    9.28570  283.28879     9.6911   14.68148 6.8020e-02     0.0945     0.4029 0.0000e+00
        475 209.680852    0.03295     1.9768    118.608     63.604  49708.108    31.5844     9.6900     63.000     9.6790    24.3375     5.8109     8.3044     89.419    253.350    259.516    0.00068    6.49857    9.28710  283.33039     9.6831   14.68346 6.7529e-02     0.1014     0.3978 0.0000e+00
        479 209.680861    0.03317     1.9900    119.399     64.614  49714.103    31.5874     9.6841     64.000     9.6744    24.3408     5.8107     8.3040     89.405    253.337    259.504    0.00037    6.49927    9.28811  283.36025     9.6772   14.68488 6.7581e-02     0.1053     0.3973 0.0000e+00
        482 209.680870    0.03338     2.0032    120.189     65.623  49717.521    31.5888     9.6799     65.000     9.6700    24.3426     5.8104     8.3036     89.393    253.325    259.492    0.00013    6.49981    9.28889  283.38345     9.6729   14.68598 6.7706e-02     0.1009     0.4048 0.0000e+00
        485 209.680880    0.03361     2.0164    120.985     66.633  49724.129    31.5925     9.6757     66.000     9.6674    24.3461     5.8099     8.3030     89.380    253.305    259.472   -0.00009    6.50026    9.28952  283.40195     9.6685   14.68685 6.7414e-02     0.0959     0.4114 0.0000e+00
        488 209.680888    0.03383     2.0299    121.794     67.644  49734.316    31.5991     9.6746     67.000     9.6674    24.3515     5.8083     8.3006     89.357    253.233    259.399   -0.00023    6.50015    9.28936  283.39542     9.6673   14.68651 6.6886e-02     0.1054     0.4172 0.0000e+00
        491 209.680898    0.03406     2.0436    122.614     68.653  49738.681    31.6017     9.6745     68.000     9.6662    24.3536     5.8039     8.2943     89.290    253.038    259.200   -0.00066    6.50005    9.28922  283.39079     9.6671   14.68628 6.6282e-02     0.1098     0.4177 0.0000e+00
        495 209.680908    0.03429     2.0571    123.429     69.663  49742.350    31.6037     9.6730     69.000     9.6641    24.3554     5.8071     8.2989     89.337    253.178    259.343   -0.00044    6.50018    9.28941  283.39581     9.6655   14.68652 6.5707e-02     0.0930     0.4278 0.0000e+00
        498 209.680917    0.03451     2.0707    124.243     70.673  49747.138    31.6064     9.6708     70.000     9.6620    24.3578     5.8146     8.3097     89.450    253.506    259.680    0.00037    6.50038    9.28969  283.40371     9.6633   14.68688 6.5204e-02     0.0969     0.4241 0.0000e+00
        501 209.680927    0.03474     2.0845    125.067     71.682  49752.591    31.6095     9.6690     71.000     9.6607    24.3606     5.8140     8.3089     89.440    253.481    259.656    0.00033    6.50050    9.28987  283.40854     9.6613   14.68710 6.4761e-02     0.1267     0.4083 0.0000e+00
        505 209.680936    0.03497     2.0982    125.892     72.692  49755.812    31.6113     9.6686     72.000     9.6607    24.3621     5.8052     8.2961     89.303    253.092    259.258   -0.00069    6.50050    9.28986  283.40790     9.6607   14.68706 6.4386e-02     0.1304     0.4206 0.0000e+00
        508 209.680946    0.03520     2.1118    126.710     73.702  49758.095    31.6125     9.6687     73.000     9.6609    24.3630     5.8042     8.2948     89.290    253.052    259.217   -0.00083    6.50042    9.28976  283.40450     9.6608   14.68690 6.4014e-02     0.1256     0.4224 0.0000e+00
        511 209.680955    0.03543     2.1255    127.532     74.712  49760.547    31.6139     9.6690     74.000     9.6612    24.3640     5.8131     8.3075     89.428    253.439    259.615    0.00011    6.50032    9.28961  283.39965     9.6610   14.68666 6.3664e-02     0.1227     0.4214 0.0000e+00
        514 209.680965    0.03565     2.1394    128.363     75.722  49764.331    31.6161     9.6695     75.000     9.6612    24.3657     5.8199     8.3173     89.535    253.734    259.917    0.00075    6.50016    9.28938  283.39230     9.6613   14.68630 6.3349e-02     0.1238     0.4158 0.0000e+00
        518 209.680974    0.03589     2.1533    129.197     76.731  49768.785    31.6188     9.6690     76.000     9.6594    24.3679     5.8234     8.3223     89.590    253.889    260.075    0.00085    6.50012    9.28932  283.38965     9.6608   14.68616 6.3106e-02     0.1321     0.3989 0.0000e+00
        521 209.680985    0.03612     2.1674    130.042     77.741  49775.017    31.6224     9.6666     77.000     9.6561    24.3712     5.8231     8.3218     89.582    253.872    260.059    0.00059    6.50031    9.28959  283.39703     9.6583   14.68650 6.2887e-02     0.1476     0.3802 0.0000e+00
        525 209.680994    0.03636     2.1815    130.887     78.751  49782.253    31.6266     9.6626     78.000     9.6508    24.3751     5.8227     8.3212     89.571    253.854    260.042    0.00022    6.50071    9.29016  283.41333     9.6542   14.68726 6.2660e-02     0.1577     0.3902 0.0000e+00
        528 209.681003    0.03659     2.1951    131.704     79.761  49789.676    31.6306     9.6567     79.000     9.6424    24.3791     5.8282     8.3292     89.646    254.095    260.289    0.00051    6.50139    9.29113  283.44189     9.6481   14.68861 6.2439e-02     0.1544     0.4106 0.0000e+00
        531 209.681013    0.03681     2.2084    132.506     80.771  49800.278    31.6363     9.6471     80.000     9.6304    24.3852     5.8329     8.3358     89.702    254.296    260.497    0.00075    6.50253    9.29277  283.48997     9.6384   14.69089 6.2243e-02     0.1590     0.4467 0.0000e+00
        534 209.681022    0.03703     2.2218    133.309     81.781  49813.893    31.6437     9.6336     81.000     9.6132    24.3931     5.8313     8.3335     89.656    254.226    260.428    0.00028    6.50415    9.29508  283.55822     9.6248   14.69412 6.2053e-02     0.1715     0.5046 0.0000e+00
        538 209.681032    0.03726     2.2357    134.140     82.791  49834.638    31.6553     9.6139     82.000     9.5951    24.4053     5.8262     8.3262     89.545    253.999    260.198   -0.00054    6.50648    9.29842  283.65679     9.6050   14.69879 6.1876e-02     0.1723     0.5964 0.0000e+00
        541 209.681042    0.03750     2.2499    134.995     83.800  49852.857    31.6657     9.5994     83.000     9.5870    24.4158     5.8221     8.3203     89.459    253.816    260.014   -0.00109    6.50812    9.30075  283.72514     9.5904   14.70201 6.1678e-02     0.1812     0.7856 0.0000e+00
        544 209.681051    0.03774     2.2643    135.859     84.810  49859.117    31.6691     9.5949     84.000     9.5848    24.4192     5.8184     8.3151     89.395    253.655    259.849   -0.00119    6.50862    9.30147  283.74604     9.5858   14.70300 6.1528e-02     0.1803     0.9224 0.0000e+00
        548 209.681062    0.03798     2.2787    136.719     85.820  49861.416    31.6701     9.5935     85.000     9.5838    24.4202     5.8023     8.2919     89.145    252.951    259.128   -0.00236    6.50877    9.30169  283.75256     9.5844   14.70331 6.1371e-02     0.1762     1.0094 0.0000e+00
        551 209.681071    0.03821     2.2930    137.579     86.830  49862.824    31.6705     9.5929     86.000     9.5832    24.4207     5.7928     8.2785     88.999    252.539    258.706   -0.00298    6.50885    9.30180  283.75588     9.5835   14.70347 6.1230e-02     0.1880     1.0757 0.0000e+00
        555 209.681081    0.03845     2.3074    138.445     87.839  49863.915    31.6708     9.5924     87.000     9.5826    24.4210     5.7962     8.2833     89.049    252.685    258.856   -0.00201    6.50891    9.30189  283.75842     9.5829   14.70359 6.1095e-02     0.1980     1.1287 0.0000e+00
        558 209.681092    0.03870     2.3221    139.324     88.850  49865.010    31.6711     9.5919     88.000     9.5819    24.4213     5.7989     8.2873     89.091    252.806    258.980   -0.00124    6.50897    9.30198  283.76106     9.5823   14.70372 6.0958e-02     0.1884     1.1606 0.0000e+00
        562 209.681102    0.03895     2.3368    140.206     89.860  49866.175    31.6714     9.5913     89.000     9.5812    24.4217     5.8000     8.2889     89.108    252.856    259.031   -0.00091    6.50904    9.30207  283.76376     9.5816   14.70384 6.0843e-02     0.1826     1.1731 0.0000e+00
        565 209.681112    0.03920     2.3517    141.101     90.869  49867.530    31.6718     9.5906     90.000     9.5804    24.4221     5.8030     8.2930     89.151    252.982    259.160   -0.00047    6.50913    9.30219  283.76725     9.5808   14.70401 6.0707e-02     0.1847     1.1756 0.0000e+00
        569 209.681124    0.03947     2.3682    142.091     91.879  49868.822    31.6722     9.5899     91.000     9.5797    24.4226     5.8033     8.2934     89.154    252.995    259.173   -0.00034    6.50921    9.30232  283.77102     9.5800   14.70419 6.0611e-02     0.1831     1.1827 0.0000e+00
        575 209.681139    0.03984     2.3907    143.442     92.889  49869.832    31.6723     9.5891     92.000     9.5789    24.4227     5.8009     8.2902     89.118    252.895    259.071   -0.00055    6.50933    9.30247  283.77564     9.5791   14.70441 6.0528e-02     0.1886     1.1798 0.0000e+00
