CTD-processing/allCTD/CNV/2016_04-10_t6_s28_cast194_5028.cnv
* Sea-Bird SBE19plus Data File:
* FileName = C:\Users\Kris.Holderied\Documents\kasitsna\Research-KBL\Oceanography-AK\CTD-Data-ALL-to-2016-02\2016-CTD-KachemakBay-CookInlet\2016-04-CookInlet-quarterly\2016-04-10-CookInlet-Tran6-Douglas\2016-04-10-CookInlet-Tran6-cast194.hex
* Software Version 1.59
* Temperature SN =  5028
* Conductivity SN =  5028
* System UpLoad Time = Apr 11 2016 02:28:09
** Cook Inlet LTM Tran6 Douglas east to west
** Date (YYYY-MM-DD): 2016-04-10
** Station (ie. 9-01): 6-28
** Start time (AKST): 16:00
** Depth (m): 40
** Comment:  R/V Pandalus. Skipped stations.
** Comment:
# nquan = 27
# nvalues = 41                          
# units = specified
# name 0 = scan: Scan Count
# name 1 = timeJ: Julian Days
# name 2 = timeH: Time, Elapsed [hours]
# name 3 = timeM: Time, Elapsed [minutes]
# name 4 = timeS: Time, Elapsed [seconds]
# name 5 = prdM: Pressure, Strain Gauge [db]
# name 6 = specc: Specific Conductance [uS/cm]
# name 7 = sal00: Salinity, Practical [PSU]
# name 8 = tv290C: Temperature [ITS-90, deg C]
# name 9 = depSM: Depth [salt water, m], lat = 59.00
# name 10 = potemp090C: Potential Temperature [ITS-90, deg C]
# name 11 = sigma-é00: Density [sigma-theta, kg/m^3]
# name 12 = sbeox0ML/L: Oxygen, SBE 43 [ml/l]
# name 13 = sbeox0Mg/L: Oxygen, SBE 43 [mg/l]
# name 14 = sbeox0PS: Oxygen, SBE 43 [% saturation]
# name 15 = sbox0Mm/Kg: Oxygen, SBE 43 [umol/kg]
# name 16 = sbeox0Mm/L: Oxygen, SBE 43 [umol/l]
# name 17 = sbox0dV/dT: Oxygen, SBE 43 [dov/dt]
# name 18 = oxsolML/L: Oxygen Saturation, Garcia & Gordon [ml/l]
# name 19 = oxsolMg/L: Oxygen Saturation, Garcia & Gordon [mg/l]
# name 20 = oxsolMm/Kg: Oxygen Saturation, Garcia & Gordon [umol/kg]
# name 21 = potemp090C: Potential Temperature [ITS-90, deg C]
# name 22 = n2satMg/L: Nitrogen Saturation [mg/l]
# name 23 = par: PAR/Irradiance, Biospherical/Licor
# name 24 = flECO-AFL: Fluorescence, WET Labs ECO-AFL/FL [mg/m^3]
# name 25 = turbWETntu0: Turbidity, WET Labs ECO [NTU]
# name 26 = flag: flag
# span 0 =         30,        428       
# span 1 = 101.666486, 101.667637       
# span 2 =    0.00204,    0.02968       
# span 3 =     0.1225,     1.7809       
# span 4 =      7.353,    106.852       
# span 5 =      1.010,     41.391       
# span 6 =  44589.505,  49784.988       
# span 7 =    27.5280,    30.8357       
# span 8 =     4.7018,     5.0317       
# span 9 =      1.000,     41.000       
# span 10 =     4.7012,     5.0290      
# span 11 =    21.7620,    24.3830      
# span 12 =     5.7757,     6.7628      
# span 13 =     8.2541,     9.6646      
# span 14 =     79.284,     93.019      
# span 15 =    251.783,    294.838      
# span 16 =    257.944,    302.024      
# span 17 =   -0.01945,    0.03304      
# span 18 =    7.26767,    7.44895      
# span 19 =   10.38622,   10.64529      
# span 20 =  316.85171,  325.71398      
# span 21 =     4.7012,     5.0289      
# span 22 =   16.28564,   16.72106      
# span 23 = 3.7976e-02, 1.5628e+02      
# span 24 =     0.1922,     0.3444      
# span 25 =     3.0658,     8.7980      
# span 26 = 0.0000e+00, 0.0000e+00      
# interval = meters: 1                  
# start_time = Apr 10 2016 15:59:37 [Instrument's time stamp, header]
# bad_flag = -9.990e-29
*END*
         30 101.666486    0.00204     0.1225      7.353      1.010  44589.505    27.5280     4.9851      1.000     4.9351    21.7620     6.6238     9.4660     88.894    289.646    295.818   -0.00523    7.44895   10.64529  325.71398     4.9851   16.72106 8.1369e+01     0.2668     8.7980 0.0000e+00
        198 101.666971    0.01369     0.8212     49.272      2.019  49784.988    30.8347     4.9151      2.000     4.9321    24.3830     5.7757     8.2541     79.284    251.783    257.944   -0.01945    7.28694   10.41377  317.67448     4.9149   16.32477 1.5628e+02     0.2083     3.0658 0.0000e+00
        281 101.667209    0.01942     1.1649     69.893      3.029  49276.441    30.5007     4.8867      3.000     4.8801    24.1220     5.8106     8.3039     79.495    253.389    259.501   -0.01775    7.30936   10.44581  318.74715     4.8865   16.37720 1.1380e+02     0.1922     3.7372 0.0000e+00
        297 101.667256    0.02054     1.2320     73.920      4.038  49270.721    30.4927     4.8692      4.000     4.8571    24.1174     5.9165     8.4552     80.905    258.009    264.231   -0.00791    7.31282   10.45075  318.89946     4.8690   16.38448 6.3523e+01     0.2180     3.7055 0.0000e+00
        300 101.667266    0.02077     1.2462     74.773      5.047  49282.664    30.4961     4.8493      5.000     4.8384    24.1222     6.1903     8.8465     84.609    269.945    276.456    0.01343    7.31616   10.45552  319.04371     4.8490   16.39133 3.6208e+01     0.2548     3.6620 0.0000e+00
        303 101.667274    0.02097     1.2581     75.487      6.056  49288.030    30.4960     4.8332      6.000     4.8112    24.1237     6.4096     9.1600     87.575    279.512    286.256    0.02825    7.31899   10.45957  319.16667     4.8329   16.39718 2.2735e+01     0.2745     3.7101 0.0000e+00
        305 101.667281    0.02113     1.2681     76.087      7.066  49293.029    30.4931     4.8057      7.000     4.7645    24.1242     6.5284     9.3298     89.136    284.691    291.560    0.03304    7.32401   10.46673  319.38525     4.8052   16.40759 1.3962e+01     0.2873     3.8272 0.0000e+00
        308 101.667288    0.02129     1.2776     76.657      8.077  49335.747    30.5120     4.7594      8.000     4.7214    24.1439     6.5980     9.4292     89.998    287.720    294.667    0.03304    7.33126   10.47710  319.69514     4.7588   16.42225 8.1479e+00     0.3113     4.0584 0.0000e+00
        310 101.667295    0.02147     1.2881     77.285      9.086  49407.750    30.5514     4.7161      9.000     4.7012    24.1796     6.6359     9.4833     90.444    289.362    296.358    0.03015    7.33697   10.48525  319.93287     4.7155   16.43340 4.6527e+00     0.3287     4.2898 0.0000e+00
        313 101.667304    0.02170     1.3016     78.096     10.095  49460.593    30.5840     4.7018     10.000     4.7027    24.2069     6.6502     9.5039     90.629    289.981    297.000    0.02480    7.33789   10.48658  319.96465     4.7012   16.43478 2.6771e+00     0.3165     4.3734 0.0000e+00
        317 101.667315    0.02194     1.3165     78.987     11.104  49475.305    30.5946     4.7064     11.000     4.7110    24.2148     6.6559     9.5120     90.723    290.226    297.254    0.01949    7.33655   10.48467  319.90413     4.7056   16.43186 1.5631e+00     0.3083     4.3825 0.0000e+00
        320 101.667323    0.02215     1.3291     79.745     12.114  49488.850    30.6053     4.7157     12.000     4.7258    24.2224     6.6571     9.5137     90.765    290.274    297.306    0.01577    7.33438   10.48157  319.80709     4.7149   16.42719 9.3803e-01     0.3165     4.4120 0.0000e+00
        323 101.667331    0.02234     1.3407     80.442     13.123  49509.485    30.6224     4.7322     13.000     4.7478    24.2343     6.6565     9.5128     90.804    290.246    297.280    0.01300    7.33062   10.47618  319.63919     4.7314   16.41914 5.6231e-01     0.3269     4.3843 0.0000e+00
        326 101.667340    0.02256     1.3534     81.203     14.132  49538.670    30.6475     4.7586     14.000     4.7749    24.2515     6.6546     9.5102     90.852    290.161    297.198    0.01061    7.32473   10.46777  319.37689     4.7576   16.40655 3.2731e-01     0.3358     4.3101 0.0000e+00
        329 101.667351    0.02280     1.3680     82.081     15.142  49543.627    30.6562     4.7856     15.000     4.7941    24.2556     6.6580     9.5150     90.963    290.307    297.348    0.00870    7.31954   10.46035  319.14931     4.7845   16.39569 2.0099e-01     0.3252     4.3419 0.0000e+00
        333 101.667361    0.02305     1.3828     82.966     16.152  49548.325    30.6621     4.8008     16.000     4.8052    24.2587     6.6627     9.5217     91.064    290.511    297.559    0.00726    7.31656   10.45611  319.01881     4.7997   16.38946 1.3473e-01     0.3189     4.3359 0.0000e+00
        336 101.667370    0.02326     1.3956     83.739     17.162  49552.008    30.6659     4.8089     17.000     4.8109    24.2609     6.6630     9.5221     91.087    290.522    297.570    0.00584    7.31496   10.45381  318.94811     4.8077   16.38609 9.6466e-02     0.3136     4.3318 0.0000e+00
        339 101.667378    0.02346     1.4077     84.463     18.171  49551.475    30.6659     4.8131     18.000     4.8132    24.2605     6.6680     9.5293     91.166    290.742    297.795    0.00499    7.31422   10.45275  318.91599     4.8118   16.38456 7.1598e-02     0.3043     4.3778 0.0000e+00
        342 101.667388    0.02369     1.4217     85.302     19.180  49552.956    30.6668     4.8150     19.000     4.8148    24.2611     6.6823     9.5497     91.365    291.362    298.431    0.00488    7.31382   10.45218  318.89845     4.8137   16.38372 5.4985e-02     0.3013     4.4392 0.0000e+00
        347 101.667402    0.02403     1.4418     86.506     20.190  49559.493    30.6715     4.8183     20.000     4.8187    24.2644     6.7010     9.5763     91.630    292.174    299.263    0.00476    7.31303   10.45105  318.86285     4.8169   16.38200 4.5913e-02     0.3044     4.5000 0.0000e+00
        352 101.667416    0.02437     1.4620     87.721     21.199  49575.482    30.6832     4.8239     21.000     4.8283    24.2731     6.7115     9.5913     91.793    292.629    299.732    0.00411    7.31147   10.44882  318.79209     4.8225   16.37859 4.2519e-02     0.3099     4.6006 0.0000e+00
        355 101.667425    0.02458     1.4748     88.487     22.209  49604.771    30.7051     4.8353     22.000     4.8462    24.2893     6.7186     9.6015     91.929    292.937    300.053    0.00391    7.30840   10.44443  318.65307     4.8337   16.37189 4.0696e-02     0.3046     4.5925 0.0000e+00
        358 101.667433    0.02478     1.4868     89.208     23.218  49641.403    30.7338     4.8550     23.000     4.8719    24.3100     6.7256     9.6115     92.087    293.235    300.363    0.00399    7.30353   10.43746  318.43408     4.8534   16.36135 3.9455e-02     0.2943     4.5772 0.0000e+00
        361 101.667442    0.02500     1.5001     90.008     24.228  49656.557    30.7499     4.8842     24.000     4.8950    24.3197     6.7326     9.6216     92.258    293.540    300.679    0.00405    7.29759   10.42899  318.17246     4.8826   16.34883 3.8676e-02     0.3058     4.5820 0.0000e+00
        365 101.667453    0.02525     1.5147     90.885     25.237  49648.237    30.7474     4.9017     25.000     4.9042    24.3159     6.7416     9.6344     92.419    293.932    301.079    0.00398    7.29465   10.42479  318.04554     4.8999   16.34280 3.8156e-02     0.3112     4.6104 0.0000e+00
        368 101.667463    0.02550     1.5299     91.796     26.247  49650.036    30.7496     4.9084     26.000     4.9090    24.3170     6.7419     9.6349     92.439    293.946    301.094    0.00319    7.29337   10.42296  317.98947     4.9066   16.34013 3.8013e-02     0.3132     4.6502 0.0000e+00
        373 101.667476    0.02580     1.5480     92.878     27.256  49648.761    30.7491     4.9125     27.000     4.9110    24.3162     6.7379     9.6292     92.394    293.773    300.916    0.00197    7.29267   10.42196  317.95921     4.9106   16.33869 3.7979e-02     0.3187     4.8021 0.0000e+00
        377 101.667489    0.02612     1.5670     94.021     28.266  49648.455    30.7485     4.9130     28.000     4.9110    24.3157     6.7360     9.6264     92.368    293.688    300.829    0.00122    7.29261   10.42187  317.95664     4.9111   16.33857 3.7976e-02     0.3265     4.8745 0.0000e+00
        381 101.667499    0.02636     1.5815     94.889     29.276  49649.747    30.7489     4.9130     29.000     4.9112    24.3160     6.7356     9.6259     92.362    293.672    300.813    0.00083    7.29260   10.42186  317.95616     4.9109   16.33855 3.7976e-02     0.3331     4.9087 0.0000e+00
        384 101.667508    0.02657     1.5943     95.655     30.286  49653.126    30.7509     4.9136     30.000     4.9126    24.3175     6.7379     9.6292     92.397    293.772    300.916    0.00076    7.29241   10.42159  317.94730     4.9115   16.33812 3.7976e-02     0.3309     4.9377 0.0000e+00
        387 101.667516    0.02679     1.6072     96.435     31.295  49661.109    30.7563     4.9158     31.000     4.9170    24.3216     6.7414     9.6342     92.453    293.923    301.072    0.00084    7.29175   10.42064  317.91716     4.9136   16.33667 3.7976e-02     0.3214     4.8945 0.0000e+00
        390 101.667527    0.02703     1.6222     97.330     32.304  49678.008    30.7690     4.9235     32.000     4.9282    24.3308     6.7463     9.6412     92.545    294.135    301.292    0.00105    7.28978   10.41782  317.82843     4.9213   16.33239 3.7976e-02     0.3064     4.8352 0.0000e+00
        395 101.667540    0.02735     1.6411     98.466     33.314  49696.911    30.7852     4.9410     33.000     4.9468    24.3418     6.7546     9.6530     92.708    294.493    301.662    0.00155    7.28592   10.41231  317.65700     4.9387   16.32416 3.7976e-02     0.3032     4.8253 0.0000e+00
        400 101.667554    0.02769     1.6613     99.680     34.324  49714.078    30.8005     4.9603     34.000     4.9669    24.3519     6.7609     9.6619     92.845    294.761    301.939    0.00177    7.28181   10.40643  317.47457     4.9579   16.31542 3.7976e-02     0.3314     4.9684 0.0000e+00
        404 101.667565    0.02796     1.6772    100.635     35.333  49736.470    30.8194     4.9798     35.000     4.9884    24.3649     6.7617     9.6631     92.912    294.793    301.976    0.00164    7.27748   10.40025  317.28191     4.9773   16.30618 3.7976e-02     0.3397     5.0594 0.0000e+00
        407 101.667575    0.02818     1.6911    101.463     36.343  49744.967    30.8286     4.9976     36.000     5.0044    24.3702     6.7628     9.6646     92.973    294.838    302.024    0.00159    7.27393   10.39518  317.12536     4.9950   16.29869 3.7976e-02     0.3299     5.1919 0.0000e+00
        410 101.667584    0.02840     1.7040    102.238     37.353  49751.349    30.8354     5.0119     37.000     5.0169    24.3741     6.7621     9.6637     93.000    294.810    301.996    0.00137    7.27109   10.39111  317.00015     5.0093   16.29270 3.7976e-02     0.3235     5.2886 0.0000e+00
        413 101.667593    0.02861     1.7168    103.011     38.363  49749.003    30.8356     5.0228     38.000     5.0238    24.3731     6.7618     9.6632     93.019    294.794    301.980    0.00113    7.26919   10.38840  316.91775     5.0201   16.28878 3.7976e-02     0.3155     5.2694 0.0000e+00
        417 101.667604    0.02888     1.7326    103.957     39.372  49748.094    30.8357     5.0285     39.000     5.0275    24.3726     6.7593     9.6596     92.998    294.685    301.867    0.00073    7.26819   10.38697  316.87418     5.0257   16.28671 3.7976e-02     0.3097     5.2345 0.0000e+00
        422 101.667619    0.02925     1.7552    105.313     40.382  49746.743    30.8350     5.0317     40.000     5.0290    24.3717     6.7546     9.6529     92.940    294.482    301.659    0.00012    7.26767   10.38622  316.85171     5.0289   16.28564 3.7976e-02     0.3232     5.2245 0.0000e+00
        428 101.667637    0.02968     1.7809    106.852     41.391  49746.280    30.8342     5.0317     41.000     5.0285    24.3711     6.7580     9.6579     92.987    294.633    301.814    0.00025    7.26770   10.38627  316.85346     5.0288   16.28573 3.7976e-02     0.3444     5.3002 0.0000e+00
