CTD-processing/allCTD/CNV/2016_10-13_t4_s04_cast153_5028.cnv
* Sea-Bird SBE19plus Data File:
* FileName = P:\My Documents\kasitsna\Research-KBL\Oceanography-AK\CTD-Data-ALL-to-2016-05\2016-CTD-KachemakBay-CookInlet\2016-10-13-CookInlet-Tran4\2016-10-13-CookInlet-Tran4-cast153.hex
* Software Version 1.59
* Temperature SN =  5028
* Conductivity SN =  5028
* System UpLoad Time = Dec 06 2016 20:37:31
** Cook Inlet LTM Tran 4 Barabara south to north
** Date: (YYYY-MM-DD): 2016-10-13
** Station: (eg. 9-01): 4-04
** Start time (AKDT): 15:31
** Depth (m): 88.4
** Comment: R/V Edgecumbe
** Comment:
# nquan = 27
# nvalues = 82                          
# units = specified
# name 0 = scan: Scan Count
# name 1 = timeJ: Julian Days
# name 2 = timeH: Time, Elapsed [hours]
# name 3 = timeM: Time, Elapsed [minutes]
# name 4 = timeS: Time, Elapsed [seconds]
# name 5 = prdM: Pressure, Strain Gauge [db]
# name 6 = specc: Specific Conductance [uS/cm]
# name 7 = sal00: Salinity, Practical [PSU]
# name 8 = tv290C: Temperature [ITS-90, deg C]
# name 9 = depSM: Depth [salt water, m], lat = 59.00
# name 10 = potemp090C: Potential Temperature [ITS-90, deg C]
# name 11 = sigma-é00: Density [sigma-theta, kg/m^3]
# name 12 = sbeox0ML/L: Oxygen, SBE 43 [ml/l]
# name 13 = sbeox0Mg/L: Oxygen, SBE 43 [mg/l]
# name 14 = sbeox0PS: Oxygen, SBE 43 [% saturation]
# name 15 = sbox0Mm/Kg: Oxygen, SBE 43 [umol/kg]
# name 16 = sbeox0Mm/L: Oxygen, SBE 43 [umol/l]
# name 17 = sbox0dV/dT: Oxygen, SBE 43 [dov/dt]
# name 18 = oxsolML/L: Oxygen Saturation, Garcia & Gordon [ml/l]
# name 19 = oxsolMg/L: Oxygen Saturation, Garcia & Gordon [mg/l]
# name 20 = oxsolMm/Kg: Oxygen Saturation, Garcia & Gordon [umol/kg]
# name 21 = potemp090C: Potential Temperature [ITS-90, deg C]
# name 22 = n2satMg/L: Nitrogen Saturation [mg/l]
# name 23 = par: PAR/Irradiance, Biospherical/Licor
# name 24 = flECO-AFL: Fluorescence, WET Labs ECO-AFL/FL [mg/m^3]
# name 25 = turbWETntu0: Turbidity, WET Labs ECO [NTU]
# name 26 = flag: flag
# span 0 =        347,        751       
# span 1 = 287.648454, 287.649623       
# span 2 =    0.02402,    0.05206       
# span 3 =     1.4408,     3.1235       
# span 4 =     86.448,    187.410       
# span 5 =      1.010,     82.791       
# span 6 =  45631.643,  48220.866       
# span 7 =    28.8971,    30.6138       
# span 8 =    10.3685,    11.0223       
# span 9 =      1.000,     82.000       
# span 10 =    10.3559,    11.0220      
# span 11 =    22.0257,    23.4704      
# span 12 =     5.1066,     6.2410      
# span 13 =     7.2978,     8.9189      
# span 14 =     79.261,     97.123      
# span 15 =    222.829,    272.713      
# span 16 =    228.059,    278.721      
# span 17 =   -0.01290,    0.00185      
# span 18 =    6.42177,    6.44276      
# span 19 =    9.17735,    9.20734      
# span 20 =  280.41237,  281.24242      
# span 21 =    10.3593,    11.0222      
# span 22 =   14.54908,   14.59428      
# span 23 = 5.5590e-02, 3.3891e+02      
# span 24 =     0.1678,     2.4206      
# span 25 =     0.3429,     1.9707      
# span 26 = 0.0000e+00, 0.0000e+00      
# interval = meters: 1                  
# start_time = Oct 13 2016 15:32:20 [Instrument's time stamp, header]
# bad_flag = -9.990e-29
*END*
        347 287.648454    0.02402     1.4408     86.448      1.010  45632.730    28.8998    11.0223      1.000    11.0220    22.0264     6.2261     8.8977     96.953    272.064    278.057    0.00185    6.42177    9.17735  280.61529    11.0222   14.56442 3.3891e+02     1.2740     1.1114 0.0000e+00
        352 287.648469    0.02438     1.4627     87.760      2.019  45631.643    28.8985    11.0204      2.000    11.0161    22.0257     6.2343     8.9094     97.076    272.423    278.423    0.00181    6.42209    9.17781  280.62942    11.0202   14.56510 2.2235e+02     1.3469     0.6558 0.0000e+00
        357 287.648484    0.02473     1.4839     89.036      3.028  45636.844    28.9004    11.0073      3.000    11.0008    22.0294     6.2390     8.9161     97.123    272.627    278.633    0.00139    6.42382    9.18029  280.70416    11.0070   14.56867 1.4604e+02     1.5558     0.3874 0.0000e+00
        362 287.648498    0.02506     1.5038     90.229      4.038  45635.971    28.8971    10.9845      4.000    10.9661    22.0307     6.2410     8.9189     97.103    272.713    278.721    0.00071    6.42713    9.18501  280.84835    10.9840   14.57558 1.0156e+02     1.8223     0.3619 0.0000e+00
        367 287.648512    0.02540     1.5240     91.437      5.047  45659.868    28.9093    10.9447      5.000    10.9345    22.0469     6.2387     8.9157     96.992    272.610    278.620   -0.00028    6.43216    9.19220  281.06358    10.9442   14.58584 8.1850e+01     2.2552     0.3743 0.0000e+00
        372 287.648526    0.02574     1.5444     92.667      6.057  45676.138    28.9184    10.9260      6.000    10.9203    22.0571     6.2393     8.9165     96.967    272.632    278.645   -0.00049    6.43440    9.19540  281.15882    10.9253   14.59036 6.4072e+01     2.4206     0.4019 0.0000e+00
        376 287.648540    0.02607     1.5640     93.843      7.066  45689.213    28.9261    10.9153      7.000    10.9111    22.0648     6.2372     8.9135     96.917    272.538    278.552   -0.00059    6.43558    9.19709  281.20813    10.9145   14.59268 4.9482e+01     2.3280     0.3829 0.0000e+00
        381 287.648554    0.02641     1.5843     95.058      8.075  45699.620    28.9322    10.9083      8.000    10.9057    22.0709     6.2191     8.8878     96.626    271.750    277.748   -0.00220    6.43630    9.19811  281.23794    10.9074   14.59409 3.6140e+01     2.2938     0.3647 0.0000e+00
        386 287.648569    0.02676     1.6053     96.321      9.085  45710.348    28.9391    10.9053      9.000    10.9036    22.0767     6.2009     8.8616     96.340    270.948    276.930   -0.00327    6.43644    9.19832  281.24242    10.9043   14.59428 2.8111e+01     2.3005     0.3670 0.0000e+00
        391 287.648582    0.02708     1.6248     97.488     10.095  45729.337    28.9519    10.9041     10.000    10.9028    22.0869     6.1885     8.8440     96.154    270.407    276.379   -0.00338    6.43608    9.19780  281.22404    10.9030   14.59335 2.2754e+01     2.2744     0.3873 0.0000e+00
        396 287.648597    0.02743     1.6457     98.744     11.104  45751.418    28.9670    10.9046     11.000    10.9037    22.0986     6.1729     8.8217     95.922    269.723    275.683   -0.00358    6.43541    9.19683  281.19112    10.9033   14.59170 1.8515e+01     2.1499     0.3664 0.0000e+00
        401 287.648610    0.02776     1.6655     99.928     12.113  45784.284    28.9898    10.9053     12.000    10.9035    22.1162     6.1519     8.7917     95.611    268.801    274.747   -0.00429    6.43437    9.19535  281.14101    10.9039   14.58922 1.4799e+01     2.1187     0.3452 0.0000e+00
        406 287.648625    0.02810     1.6862    101.171     13.123  45838.356    29.0270    10.9030     13.000    10.8999    22.1455     6.1251     8.7534     95.211    267.621    273.547   -0.00518    6.43316    9.19363  281.08016    10.9015   14.58615 1.2074e+01     2.1020     0.3429 0.0000e+00
        411 287.648639    0.02845     1.7069    102.415     14.132  45903.681    29.0721    10.9000     14.000    10.8982    22.1811     6.0969     8.7131     94.794    266.380    272.289   -0.00598    6.43173    9.19159  281.00802    10.8984   14.58252 9.5135e+00     2.1289     0.3549 0.0000e+00
        416 287.648653    0.02879     1.7272    103.633     15.142  45969.848    29.1181    10.8998     15.000    10.8972    22.2169     6.0732     8.6791     94.452    265.331    271.226   -0.00599    6.42988    9.18895  280.91742    10.8981   14.57799 7.5827e+00     2.1040     0.3814 0.0000e+00
        420 287.648667    0.02913     1.7478    104.868     16.152  46024.696    29.1559    10.8962     16.000    10.8915    22.2468     6.0481     8.6434     94.078    264.230    270.108   -0.00617    6.42884    9.18744  280.86338    10.8944   14.57525 6.0133e+00     2.0530     0.3975 0.0000e+00
        425 287.648681    0.02946     1.7675    106.052     17.161  46058.471    29.1785    10.8894     17.000    10.8846    22.2655     6.0210     8.6047     93.656    263.042    268.899   -0.00666    6.42886    9.18748  280.85930    10.8875   14.57496 4.8597e+00     1.7651     0.3885 0.0000e+00
        430 287.648696    0.02981     1.7888    107.328     18.171  46107.902    29.2118    10.8812     18.000    10.8743    22.2929     5.9963     8.5693     93.274    261.954    267.793   -0.00663    6.42865    9.18718  280.84259    10.8791   14.57403 4.0285e+00     1.7043     0.4181 0.0000e+00
        435 287.648709    0.03014     1.8081    108.484     19.180  46170.277    29.2539    10.8694     19.000    10.8628    22.3277     5.9776     8.5426     92.986    261.131    266.962   -0.00622    6.42855    9.18704  280.82893    10.8673   14.57321 3.3478e+00     1.6497     0.3937 0.0000e+00
        440 287.648723    0.03047     1.8279    109.673     20.190  46210.424    29.2808    10.8603     20.000    10.8548    22.3501     5.9603     8.5179     92.714    260.369    266.189   -0.00580    6.42872    9.18729  280.83005    10.8581   14.57315 2.7738e+00     1.6278     0.3768 0.0000e+00
        445 287.648738    0.03083     1.8500    110.999     21.199  46257.602    29.3125    10.8513     21.000    10.8447    22.3763     5.9454     8.4965     92.482    259.708    265.520   -0.00510    6.42868    9.18723  280.82126    10.8489   14.57260 2.2818e+00     1.6144     0.3589 0.0000e+00
        450 287.648753    0.03119     1.8714    112.283     22.208  46300.413    29.3411    10.8411     22.000    10.8362    22.4002     5.9413     8.4908     92.416    259.527    265.340   -0.00370    6.42893    9.18759  280.82548    10.8386   14.57269 1.8936e+00     1.6309     0.3628 0.0000e+00
        455 287.648767    0.03154     1.8921    113.526     23.219  46322.825    29.3559    10.8365     23.000    10.8314    22.4125     5.9409     8.4901     92.408    259.505    265.321   -0.00247    6.42896    9.18763  280.82348    10.8339   14.57253 1.5660e+00     1.6880     0.3727 0.0000e+00
        460 287.648783    0.03189     1.9136    114.814     24.228  46379.820    29.3946    10.8276     24.000    10.8209    22.4441     5.9367     8.4841     92.347    259.310    265.131   -0.00196    6.42862    9.18714  280.79986    10.8249   14.57124 1.2890e+00     1.7323     0.3788 0.0000e+00
        465 287.648797    0.03223     1.9341    116.048     25.237  46419.274    29.4211    10.8197     25.000    10.8143    22.4660     5.9384     8.4865     92.374    259.381    265.208   -0.00126    6.42864    9.18718  280.79481    10.8168   14.57089 1.0690e+00     1.8017     0.3805 0.0000e+00
        470 287.648812    0.03260     1.9557    117.342     26.247  46471.323    29.4565    10.8124     26.000    10.8064    22.4948     5.9422     8.4921     92.441    259.544    265.382   -0.00037    6.42821    9.18655  280.76795    10.8095   14.56947 8.7932e-01     1.9079     0.3938 0.0000e+00
        475 287.648826    0.03294     1.9761    118.565     27.256  46503.323    29.4778    10.8065     27.000    10.8022    22.5125     5.9421     8.4919     92.439    259.532    265.375   -0.00038    6.42816    9.18648  280.76090    10.8034   14.56904 7.2282e-01     1.9729     0.3992 0.0000e+00
        480 287.648841    0.03329     1.9973    119.836     28.266  46522.186    29.4905    10.8040     28.000    10.7996    22.5227     5.9420     8.4917     92.439    259.522    265.367   -0.00022    6.42800    9.18625  280.75104    10.8007   14.56852 5.9488e-01     1.9816     0.3917 0.0000e+00
        485 287.648855    0.03363     2.0181    121.084     29.276  46565.651    29.5201    10.7997     29.000    10.7934    22.5465     5.9369     8.4844     92.368    259.294    265.140   -0.00068    6.42737    9.18536  280.71734    10.7964   14.56678 4.9340e-01     2.0177     0.4029 0.0000e+00
        491 287.648872    0.03404     2.0420    122.518     30.286  46649.961    29.5778    10.7894     30.000    10.7812    22.5931     5.9315     8.4767     92.299    259.049    264.902   -0.00085    6.42646    9.18405  280.66447    10.7859   14.56402 4.0871e-01     2.0621     0.3991 0.0000e+00
        496 287.648886    0.03438     2.0625    123.753     31.295  46711.713    29.6197    10.7788     31.000    10.7721    22.6274     5.9173     8.4565     92.080    258.420    264.267   -0.00185    6.42621    9.18370  280.64454    10.7752   14.56290 3.4045e-01     1.9642     0.3979 0.0000e+00
        501 287.648901    0.03472     2.0836    125.016     32.305  46741.241    29.6393    10.7721     32.000    10.7662    22.6438     5.8866     8.4125     91.601    257.074    262.896   -0.00406    6.42634    9.18388  280.64526    10.7685   14.56285 2.8742e-01     1.8818     0.4077 0.0000e+00
        506 287.648916    0.03509     2.1055    126.332     33.314  46773.612    29.6608    10.7648     33.000    10.7556    22.6618     5.8581     8.3717     91.155    255.823    261.621   -0.00542    6.42647    9.18407  280.64620    10.7611   14.56281 2.4452e-01     1.7935     0.3923 0.0000e+00
        511 287.648929    0.03541     2.1245    127.470     34.324  46829.970    29.6983    10.7491     34.000    10.7368    22.6936     5.8498     8.3599     91.017    255.454    261.251   -0.00453    6.42713    9.18502  280.66640    10.7452   14.56363 2.1032e-01     1.6966     0.4034 0.0000e+00
        516 287.648944    0.03575     2.1453    128.718     35.334  46884.068    29.7339    10.7303     35.000    10.7218    22.7245     5.8290     8.3303     90.678    254.540    260.324   -0.00491    6.42830    9.18669  280.70896    10.7263   14.56552 1.8257e-01     1.5014     0.3989 0.0000e+00
        521 287.648958    0.03610     2.1658    129.947     36.343  46909.622    29.7505    10.7218     36.000    10.7151    22.7388     5.8053     8.2964     90.302    253.500    259.265   -0.00557    6.42881    9.18740  280.72696    10.7177   14.56631 1.5961e-01     1.4184     0.3867 0.0000e+00
        526 287.648973    0.03645     2.1869    131.215     37.352  46956.845    29.7823    10.7131     37.000    10.7031    22.7651     5.7935     8.2795     90.119    252.978    258.737   -0.00477    6.42871    9.18727  280.71578    10.7089   14.56565 1.4037e-01     1.4021     0.3890 0.0000e+00
        531 287.648988    0.03684     2.2104    132.621     38.362  47010.556    29.8181    10.6989     38.000    10.6917    22.7953     5.7833     8.2650     89.954    252.528    258.285   -0.00386    6.42922    9.18800  280.72966    10.6946   14.56617 1.2492e-01     1.4459     0.3883 0.0000e+00
        536 287.649003    0.03718     2.2311    133.867     39.372  47040.754    29.8382    10.6925     39.000    10.6848    22.8121     5.7676     8.2424     89.708    251.835    257.580   -0.00400    6.42929    9.18810  280.72822    10.6880   14.56602 1.1252e-01     1.4297     0.3816 0.0000e+00
        541 287.649017    0.03753     2.2517    135.102     40.382  47083.235    29.8667    10.6835     40.000    10.6739    22.8357     5.7523     8.2206     89.468    251.160    256.895   -0.00412    6.42939    9.18824  280.72604    10.6789   14.56580 1.0258e-01     1.4232     0.3941 0.0000e+00
        546 287.649032    0.03787     2.2722    136.335     41.391  47129.605    29.8974    10.6700     41.000    10.6596    22.8619     5.7383     8.2005     89.242    250.543    256.271   -0.00407    6.43001    9.18914  280.74611    10.6653   14.56664 9.4518e-02     1.4164     0.3886 0.0000e+00
        551 287.649046    0.03822     2.2936    137.616     42.400  47160.413    29.9172    10.6568     42.000    10.6473    22.8795     5.7296     8.1882     89.093    250.160    255.884   -0.00361    6.43104    9.19059  280.78571    10.6520   14.56845 8.7756e-02     1.4577     0.3679 0.0000e+00
        556 287.649060    0.03856     2.3135    138.808     43.410  47181.720    29.9306    10.6462     43.000    10.6383    22.8917     5.7347     8.1955     89.160    250.383    256.114   -0.00210    6.43196    9.19192  280.82307    10.6413   14.57019 8.2031e-02     1.4645     0.3704 0.0000e+00
        561 287.649074    0.03890     2.3336    140.018     44.421  47191.321    29.9363    10.6407     44.000    10.6342    22.8971     5.7507     8.2183     89.401    251.077    256.827   -0.00007    6.43250    9.19269  280.84489    10.6357   14.57121 7.7373e-02     1.3982     0.3801 0.0000e+00
        567 287.649091    0.03930     2.3577    141.460     45.430  47198.812    29.9406    10.6356     45.000    10.6278    22.9013     5.7698     8.2455     89.689    251.908    257.677    0.00168    6.43303    9.19345  280.86702    10.6305   14.57225 7.3495e-02     1.4369     0.3832 0.0000e+00
        572 287.649106    0.03964     2.3785    142.708     46.440  47212.446    29.9490    10.6286     46.000    10.6207    22.9090     5.7743     8.2520     89.751    252.103    257.878    0.00136    6.43367    9.19436  280.89272    10.6234   14.57344 7.0290e-02     1.4330     0.4030 0.0000e+00
        577 287.649120    0.03999     2.3993    143.955     47.449  47228.342    29.9591    10.6223     47.000    10.6148    22.9179     5.7796     8.2597     89.827    252.335    258.117    0.00129    6.43413    9.19501  280.91028    10.6170   14.57424 6.7716e-02     1.4238     0.4145 0.0000e+00
        582 287.649136    0.04036     2.4216    145.298     48.459  47241.787    29.9675    10.6168     48.000    10.6095    22.9254     5.7745     8.2523     89.741    252.108    257.888    0.00028    6.43455    9.19562  280.92678    10.6114   14.57500 6.5548e-02     1.4922     0.4656 0.0000e+00
        587 287.649149    0.04070     2.4418    146.511     49.468  47250.241    29.9726    10.6130     49.000    10.6066    22.9300     5.7730     8.2502     89.714    252.043    257.823   -0.00018    6.43488    9.19608  280.93974    10.6075   14.57560 6.3788e-02     1.4883     0.4737 0.0000e+00
        592 287.649163    0.04102     2.4614    147.683     50.477  47255.360    29.9756    10.6118     50.000    10.6058    22.9326     5.7812     8.2619     89.841    252.401    258.190    0.00059    6.43492    9.19614  280.94081    10.6061   14.57564 6.2305e-02     1.4683     0.4608 0.0000e+00
        596 287.649176    0.04135     2.4812    148.873     51.488  47260.943    29.9790    10.6108     51.000    10.6039    22.9355     5.7847     8.2669     89.895    252.551    258.344    0.00070    6.43491    9.19613  280.93963    10.6051   14.57556 6.1055e-02     1.4721     0.4772 0.0000e+00
        601 287.649191    0.04170     2.5017    150.099     52.498  47296.506    30.0033    10.6073     52.000    10.5994    22.9549     5.7800     8.2602     89.830    252.342    258.135    0.00002    6.43442    9.19542  280.91271    10.6014   14.57418 5.9993e-02     1.4448     0.4895 0.0000e+00
        607 287.649206    0.04206     2.5236    151.414     53.507  47348.757    30.0391    10.6023     53.000    10.5946    22.9836     5.7684     8.2436     89.660    251.829    257.617   -0.00098    6.43366    9.19434  280.87166    10.5962   14.57207 5.9117e-02     1.3733     0.5254 0.0000e+00
