CTD-processing/allCTD/CNV/2016_07-29_subbays_sadie07_cast039_5028.cnv
* Sea-Bird SBE19plus Data File:
* FileName = C:\Users\Kris.Holderied\Documents\kasitsna\Research-KBL\Oceanography-AK\CTD-Data-ALL-to-2016-05\2016-CTD-KachemakBay-CookInlet\2016-07-29-KachemakBay-Plankton\2016-07-29-KachemakBay-Plankton-cast039.hex
* Software Version 1.59
* Temperature SN =  5028
* Conductivity SN =  5028
* System UpLoad Time = Aug 05 2016 20:05:58
** Kachemak Bay CTDs for sub-bay plankton sampling
** Date (YYYY-MM-DD): 2016-07-29
** Station (eg. 9-01):  Sadie07
** Start time (AKDT): 12:49
** Depth (m): 47.5
** Comment:  R/V Edgecumbe.  Sampling to evaluate sub-bay water column.
** Comment:
# nquan = 27
# nvalues = 47                          
# units = specified
# name 0 = scan: Scan Count
# name 1 = timeJ: Julian Days
# name 2 = timeH: Time, Elapsed [hours]
# name 3 = timeM: Time, Elapsed [minutes]
# name 4 = timeS: Time, Elapsed [seconds]
# name 5 = prdM: Pressure, Strain Gauge [db]
# name 6 = specc: Specific Conductance [uS/cm]
# name 7 = sal00: Salinity, Practical [PSU]
# name 8 = tv290C: Temperature [ITS-90, deg C]
# name 9 = depSM: Depth [salt water, m], lat = 59.00
# name 10 = potemp090C: Potential Temperature [ITS-90, deg C]
# name 11 = sigma-é00: Density [sigma-theta, kg/m^3]
# name 12 = sbeox0ML/L: Oxygen, SBE 43 [ml/l]
# name 13 = sbeox0Mg/L: Oxygen, SBE 43 [mg/l]
# name 14 = sbeox0PS: Oxygen, SBE 43 [% saturation]
# name 15 = sbox0Mm/Kg: Oxygen, SBE 43 [umol/kg]
# name 16 = sbeox0Mm/L: Oxygen, SBE 43 [umol/l]
# name 17 = sbox0dV/dT: Oxygen, SBE 43 [dov/dt]
# name 18 = oxsolML/L: Oxygen Saturation, Garcia & Gordon [ml/l]
# name 19 = oxsolMg/L: Oxygen Saturation, Garcia & Gordon [mg/l]
# name 20 = oxsolMm/Kg: Oxygen Saturation, Garcia & Gordon [umol/kg]
# name 21 = potemp090C: Potential Temperature [ITS-90, deg C]
# name 22 = n2satMg/L: Nitrogen Saturation [mg/l]
# name 23 = par: PAR/Irradiance, Biospherical/Licor
# name 24 = flECO-AFL: Fluorescence, WET Labs ECO-AFL/FL [mg/m^3]
# name 25 = turbWETntu0: Turbidity, WET Labs ECO [NTU]
# name 26 = flag: flag
# span 0 =        348,        538       
# span 1 = 211.535842, 211.536391       
# span 2 =    0.02411,    0.03729       
# span 3 =     1.4463,     2.2376       
# span 4 =     86.776,    134.259       
# span 5 =      1.010,     47.449       
# span 6 =  41379.186,  49640.960       
# span 7 =    26.1480,    31.5527       
# span 8 =     9.7555,    13.7408       
# span 9 =      1.000,     47.000       
# span 10 =     9.7491,    13.7125      
# span 11 =    19.4083,    24.3020      
# span 12 =     5.7124,     6.9249      
# span 13 =     8.1637,     9.8965      
# span 14 =     88.011,    112.267      
# span 15 =    249.062,    303.381      
# span 16 =    255.115,    309.270      
# span 17 =   -0.04738,    0.00773      
# span 18 =    6.16824,    6.49354      
# span 19 =    8.81504,    9.27991      
# span 20 =  270.22932,  283.17067      
# span 21 =     9.7504,    13.7407      
# span 22 =   14.07772,   14.67683      
# span 23 = 1.9728e-01, 3.4791e+02      
# span 24 =     0.1461,     1.7638      
# span 25 =     0.2667,     0.9321      
# span 26 = 0.0000e+00, 0.0000e+00      
# interval = meters: 1                  
# start_time = Jul 29 2016 12:50:10 [Instrument's time stamp, header]
# bad_flag = -9.990e-29
*END*
        348 211.535842    0.02411     1.4463     86.776      1.010  41379.186    26.1480    13.7408      1.000    13.7125    19.4083     6.9249     9.8965    112.267    303.381    309.270    0.00773    6.16824    8.81504  270.22932    13.7407   14.07772 3.4791e+02     1.3570     0.9321 0.0000e+00
        353 211.535855    0.02441     1.4648     87.891      2.019  42612.329    26.9824    13.3542      2.000    12.9177    20.1246     6.9133     9.8799    111.764    302.660    308.748    0.00299    6.18621    8.84071  270.82467    13.3540   14.10293 2.3840e+02     1.4413     0.9138 0.0000e+00
        356 211.535864    0.02462     1.4776     88.655      3.028  44726.138    28.4022    12.5725      3.000    11.8815    21.3660     6.8446     9.7816    109.836    299.291    305.680   -0.00926    6.23342    8.90818  272.55763    12.5721   14.18033 1.7278e+02     1.6081     0.8473 0.0000e+00
        358 211.535872    0.02482     1.4890     89.340      4.038  46769.032    29.7528    11.6217      4.000    11.0417    22.5833     6.7366     9.6274    106.859    294.221    300.860   -0.02697    6.30659    9.01275  275.42901    11.6212   14.31253 1.2986e+02     1.7638     0.7598 0.0000e+00
        361 211.535880    0.02500     1.5000     90.001      5.047  47985.767    30.5386    10.9093      5.000    10.6318    23.3182     6.6133     9.4510    103.822    288.622    295.349   -0.04311    6.37140    9.10538  278.06150    10.9088   14.43548 1.0456e+02     1.5592     0.5729 0.0000e+00
        364 211.535887    0.02519     1.5111     90.666      6.057  48466.509    30.8438    10.5956      6.000    10.4866    23.6096     6.5350     9.3392    102.091    285.124    291.854   -0.04738    6.40193    9.14900  279.31504    10.5949   14.49429 8.6970e+01     1.3134     0.4230 0.0000e+00
        366 211.535895    0.02537     1.5222     91.334      7.066  48659.669    30.9649    10.4606      7.000    10.4115    23.7269     6.5076     9.3000    101.438    283.894    290.630   -0.04263    6.41555    9.16846  279.87769    10.4598   14.52074 7.2444e+01     1.1423     0.3393 0.0000e+00
        369 211.535903    0.02556     1.5332     91.995      8.076  48726.823    31.0046    10.3971      8.000    10.3430    23.7685     6.5177     9.3144    101.479    284.322    291.080   -0.03376    6.42274    9.17874  280.18001    10.3962   14.53506 6.0908e+01     1.0400     0.3083 0.0000e+00
        372 211.535910    0.02573     1.5442     92.652      9.085  48779.017    31.0324    10.3256      9.000    10.2480    23.8022     6.5379     9.3433    101.654    285.197    291.985   -0.02541    6.43158    9.19138  280.55651    10.3246   14.55296 5.1622e+01     0.9373     0.2882 0.0000e+00
        374 211.535918    0.02592     1.5551     93.307     10.095  48850.062    31.0695    10.2223     10.000    10.1281    23.8482     6.5448     9.3532    101.558    285.484    292.292   -0.02020    6.44455    9.20990  281.10953    10.2212   14.57928 4.4391e+01     0.8018     0.2669 0.0000e+00
        377 211.535926    0.02610     1.5661     93.968     11.105  48949.093    31.1233    10.0959     11.000     9.9945    23.9109     6.5089     9.3018    100.758    283.899    290.687   -0.02044    6.46013    9.23217  281.77185    10.0947   14.61075 3.8417e+01     0.7131     0.2667 0.0000e+00
        380 211.535934    0.02629     1.5772     94.629     12.114  49090.985    31.2065     9.9641     12.000     9.8892    23.9973     6.4387     9.2015     99.437    280.813    287.551   -0.02444    6.47532    9.25389  282.41073     9.9627   14.64098 3.3050e+01     0.6537     0.2839 0.0000e+00
        382 211.535940    0.02647     1.5881     95.287     13.124  49205.152    31.2752     9.8743     13.000     9.8364    24.0656     6.3408     9.0616     97.775    276.525    283.179   -0.03020    6.48520    9.26800  282.82248     9.8729   14.66040 2.8368e+01     0.6215     0.3191 0.0000e+00
        385 211.535948    0.02665     1.5991     95.943     14.133  49257.568    31.3064     9.8324     14.000     9.8133    24.0967     6.2317     8.9058     96.024    271.760    278.309   -0.03540    6.48985    9.27465  283.01687     9.8309   14.66957 2.4366e+01     0.6147     0.3413 0.0000e+00
        387 211.535956    0.02684     1.6100     96.600     15.143  49283.842    31.3217     9.8106     15.000     9.8017    24.1122     6.1279     8.7575     94.389    267.231    273.674   -0.03921    6.49232    9.27817  283.12013     9.8089   14.67445 2.0867e+01     0.6026     0.3557 0.0000e+00
        390 211.535964    0.02701     1.6210     97.258     16.151  49294.210    31.3275     9.8021     16.000     9.7979    24.1181     6.0508     8.6473     93.187    263.867    270.230   -0.03972    6.49328    9.27955  283.16062     9.8004   14.67636 1.7918e+01     0.5618     0.3656 0.0000e+00
        393 211.535971    0.02720     1.6320     97.918     17.161  49300.884    31.3314     9.7992     17.000     9.7981    24.1217     6.0059     8.5832     92.492    261.909    268.227   -0.03665    6.49354    9.27991  283.17067     9.7973   14.67683 1.5365e+01     0.5413     0.3727 0.0000e+00
        395 211.535979    0.02738     1.6430     98.582     18.171  49310.326    31.3378     9.8011     18.000     9.8049    24.1264     5.9898     8.5601     92.251    261.204    267.506   -0.03100    6.49298    9.27912  283.14542     9.7992   14.67560 1.3206e+01     0.5524     0.3774 0.0000e+00
        398 211.535987    0.02757     1.6542     99.250     19.180  49317.063    31.3433     9.8099     19.000     9.8158    24.1293     5.9875     8.5568     92.236    261.103    267.403   -0.02489    6.49151    9.27701  283.08009     9.8079   14.67245 1.1367e+01     0.5433     0.3588 0.0000e+00
        401 211.535994    0.02776     1.6653     99.920     20.190  49318.918    31.3455     9.8203     20.000     9.8244    24.1293     5.9896     8.5599     92.293    261.197    267.500   -0.01947    6.48993    9.27476  283.01155     9.8181   14.66917 9.7917e+00     0.5509     0.3443 0.0000e+00
        403 211.536002    0.02795     1.6765    100.591     21.200  49325.240    31.3507     9.8288     21.000     9.8311    24.1320     5.9919     8.5631     92.348    261.295    267.601   -0.01499    6.48852    9.27274  282.94913     9.8264   14.66616 8.4134e+00     0.5744     0.3386 0.0000e+00
        406 211.536010    0.02813     1.6878    101.270     22.209  49338.561    31.3604     9.8349     22.000     9.8359    24.1386     5.9921     8.5633     92.368    261.300    267.607   -0.01169    6.48723    9.27090  282.89112     9.8326   14.66335 7.2280e+00     0.5809     0.3356 0.0000e+00
        409 211.536018    0.02832     1.6994    101.964     23.218  49349.985    31.3686     9.8391     23.000     9.8367    24.1444     5.9895     8.5595     92.340    261.182    267.488   -0.00938    6.48630    9.26957  282.84890     9.8366   14.66129 6.1961e+00     0.6023     0.3461 0.0000e+00
        412 211.536026    0.02852     1.7112    102.671     24.228  49361.051    31.3759     9.8384     24.000     9.8321    24.1502     5.9845     8.5524     92.267    260.965    267.268   -0.00783    6.48610    9.26928  282.83852     9.8358   14.66077 5.3057e+00     0.6387     0.3689 0.0000e+00
        415 211.536035    0.02872     1.7231    103.384     25.238  49382.262    31.3897     9.8329     25.000     9.8243    24.1619     5.9767     8.5412     92.143    260.621    266.918   -0.00688    6.48630    9.26958  282.84424     9.8302   14.66098 4.5254e+00     0.6602     0.3923 0.0000e+00
        417 211.536043    0.02892     1.7349    104.096     26.247  49414.089    31.4107     9.8249     26.000     9.8182    24.1795     5.9642     8.5234     91.947    260.072    266.360   -0.00662    6.48657    9.26996  282.85108     9.8220   14.66122 3.8589e+00     0.6748     0.4066 0.0000e+00
        420 211.536051    0.02911     1.7467    104.802     27.257  49430.067    31.4209     9.8204     27.000     9.8159    24.1883     5.9461     8.4976     91.665    259.281    265.553   -0.00698    6.48678    9.27026  282.85768     9.8175   14.66150 3.3034e+00     0.6603     0.4124 0.0000e+00
        423 211.536059    0.02931     1.7583    105.499     28.266  49441.741    31.4285     9.8182     28.000     9.8127    24.1945     5.9244     8.4666     91.332    258.337    264.587   -0.00766    6.48677    9.27025  282.85575     9.8152   14.66138 2.8395e+00     0.5866     0.4150 0.0000e+00
        426 211.536067    0.02949     1.7699    106.192     29.276  49459.997    31.4405     9.8147     29.000     9.8090    24.2045     5.9063     8.4407     91.053    257.544    263.778   -0.00800    6.48679    9.27026  282.85340     9.8115   14.66122 2.4463e+00     0.5548     0.4334 0.0000e+00
        429 211.536075    0.02969     1.7815    106.888     30.286  49483.491    31.4562     9.8114     30.000     9.8080    24.2173     5.8929     8.4215     90.847    256.953    263.175   -0.00775    6.48660    9.27000  282.84192     9.8081   14.66060 2.1020e+00     0.5211     0.4508 0.0000e+00
        431 211.536083    0.02988     1.7931    107.587     31.295  49507.278    31.4726     9.8116     31.000     9.8088    24.2301     5.8831     8.4076     90.707    256.526    262.741   -0.00706    6.48589    9.26898  282.80719     9.8082   14.65888 1.8111e+00     0.4551     0.4564 0.0000e+00
        434 211.536091    0.03008     1.8049    108.291     32.305  49523.106    31.4834     9.8121     32.000     9.8076    24.2384     5.8752     8.3961     90.591    256.175    262.384   -0.00637    6.48536    9.26823  282.78214     9.8086   14.65764 1.5658e+00     0.4224     0.4535 0.0000e+00
        437 211.536100    0.03028     1.8166    108.995     33.314  49537.049    31.4926     9.8106     33.000     9.8058    24.2458     5.8671     8.3846     90.469    255.822    262.025   -0.00582    6.48519    9.26799  282.77263     9.8070   14.65715 1.3572e+00     0.3862     0.4516 0.0000e+00
        440 211.536107    0.03048     1.8284    109.703     34.324  49544.922    31.4974     9.8091     34.000     9.8040    24.2500     5.8588     8.3727     90.340    255.456    261.651   -0.00544    6.48521    9.26801  282.77231     9.8053   14.65711 1.1781e+00     0.3378     0.4544 0.0000e+00
        443 211.536116    0.03067     1.8401    110.408     35.333  49550.271    31.5006     9.8072     35.000     9.8012    24.2527     5.8510     8.3617     90.219    255.120    261.307   -0.00513    6.48535    9.26822  282.77773     9.8033   14.65736 1.0244e+00     0.2983     0.4634 0.0000e+00
        445 211.536124    0.03086     1.8519    111.115     36.342  49555.013    31.5031     9.8041     36.000     9.7972    24.2552     5.8455     8.3538     90.129    254.878    261.060   -0.00470    6.48568    9.26869  282.79126     9.8002   14.65800 8.8996e-01     0.2776     0.4725 0.0000e+00
        448 211.536132    0.03106     1.8638    111.827     37.352  49561.026    31.5064     9.7997     37.000     9.7923    24.2585     5.8434     8.3507     90.090    254.784    260.965   -0.00403    6.48616    9.26937  282.81137     9.7958   14.65894 7.7498e-01     0.2648     0.4791 0.0000e+00
        451 211.536141    0.03126     1.8757    112.544     38.362  49570.059    31.5116     9.7949     38.000     9.7870    24.2634     5.8399     8.3458     90.030    254.632    260.811   -0.00352    6.48664    9.27006  282.83096     9.7907   14.65986 6.7699e-01     0.2442     0.4843 0.0000e+00
        454 211.536149    0.03146     1.8876    113.253     39.372  49584.627    31.5208     9.7900     39.000     9.7830    24.2714     5.8303     8.3321     89.877    254.210    260.379   -0.00370    6.48695    9.27050  282.84220     9.7857   14.66036 5.9174e-01     0.2294     0.4986 0.0000e+00
        457 211.536157    0.03166     1.8993    113.960     40.381  49593.779    31.5264     9.7861     40.000     9.7779    24.2763     5.8197     8.3168     89.708    253.745    259.905   -0.00410    6.48727    9.27097  282.85501     9.7817   14.66095 5.1752e-01     0.2126     0.5138 0.0000e+00
        460 211.536165    0.03185     1.9110    114.662     41.390  49597.994    31.5282     9.7805     41.000     9.7717    24.2787     5.8126     8.3067     89.589    253.435    259.588   -0.00411    6.48799    9.27200  282.88575     9.7760   14.66241 4.5296e-01     0.1927     0.5271 0.0000e+00
        462 211.536173    0.03204     1.9226    115.359     42.401  49603.667    31.5310     9.7746     42.000     9.7666    24.2818     5.8078     8.3000     89.506    253.228    259.377   -0.00384    6.48873    9.27305  282.91691     9.7700   14.66390 3.9517e-01     0.1752     0.5404 0.0000e+00
        465 211.536181    0.03223     1.9342    116.050     43.410  49610.194    31.5346     9.7702     43.000     9.7631    24.2853     5.8028     8.2927     89.421    253.005    259.150   -0.00361    6.48919    9.27371  282.93617     9.7655   14.66481 3.4507e-01     0.1675     0.5603 0.0000e+00
        468 211.536189    0.03243     1.9457    116.743     44.420  49616.937    31.5385     9.7670     44.000     9.7603    24.2889     5.7963     8.2835     89.319    252.726    258.864   -0.00355    6.48948    9.27412  282.94792     9.7623   14.66534 3.0193e-01     0.1671     0.5930 0.0000e+00
        471 211.536197    0.03263     1.9576    117.457     45.430  49623.858    31.5426     9.7644     45.000     9.7576    24.2926     5.7892     8.2733     89.206    252.414    258.546   -0.00357    6.48970    9.27443  282.95616     9.7594   14.66573 2.6426e-01     0.1698     0.6413 0.0000e+00
        480 211.536225    0.03329     1.9974    119.846     46.440  49631.254    31.5470     9.7614     46.000     9.7554    24.2965     5.7740     8.2516     88.969    251.750    257.867   -0.00310    6.48993    9.27476  282.96539     9.7564   14.66615 2.3191e-01     0.1616     0.6925 0.0000e+00
        538 211.536391    0.03729     2.2376    134.259     47.449  49640.960    31.5527     9.7555     47.000     9.7491    24.3020     5.7124     8.1637     88.011    249.062    255.115    0.00106    6.49054    9.27562  282.99005     9.7504   14.66731 1.9728e-01     0.1461     0.7106 0.0000e+00
