CTD-processing/allCTD/CNV/2016_08-31_t6_s12b_cast106_5028.cnv
* Sea-Bird SBE19plus Data File:
* FileName = C:\Users\Kim.Powell\Desktop\2016_08-31_T6_5028\2016_08-31_T6_5028_cast106.hex
* Software Version 1.59
* Temperature SN =  5028
* Conductivity SN =  5028
* System UpLoad Time = Aug 31 2016 22:10:22
** CookInlet LTM Transect 7
** 2016_08-30
** Station: 6-12b
** Start Time: 14:48
** Depth (m): 140.8
** Comment:
** Comment:
# nquan = 27
# nvalues = 137                         
# units = specified
# name 0 = scan: Scan Count
# name 1 = timeJ: Julian Days
# name 2 = timeH: Time, Elapsed [hours]
# name 3 = timeM: Time, Elapsed [minutes]
# name 4 = timeS: Time, Elapsed [seconds]
# name 5 = prdM: Pressure, Strain Gauge [db]
# name 6 = specc: Specific Conductance [uS/cm]
# name 7 = sal00: Salinity, Practical [PSU]
# name 8 = tv290C: Temperature [ITS-90, deg C]
# name 9 = depSM: Depth [salt water, m], lat = 59.00
# name 10 = potemp090C: Potential Temperature [ITS-90, deg C]
# name 11 = sigma-é00: Density [sigma-theta, kg/m^3]
# name 12 = sbeox0ML/L: Oxygen, SBE 43 [ml/l]
# name 13 = sbeox0Mg/L: Oxygen, SBE 43 [mg/l]
# name 14 = sbeox0PS: Oxygen, SBE 43 [% saturation]
# name 15 = sbox0Mm/Kg: Oxygen, SBE 43 [umol/kg]
# name 16 = sbeox0Mm/L: Oxygen, SBE 43 [umol/l]
# name 17 = sbox0dV/dT: Oxygen, SBE 43 [dov/dt]
# name 18 = oxsolML/L: Oxygen Saturation, Garcia & Gordon [ml/l]
# name 19 = oxsolMg/L: Oxygen Saturation, Garcia & Gordon [mg/l]
# name 20 = oxsolMm/Kg: Oxygen Saturation, Garcia & Gordon [umol/kg]
# name 21 = potemp090C: Potential Temperature [ITS-90, deg C]
# name 22 = n2satMg/L: Nitrogen Saturation [mg/l]
# name 23 = par: PAR/Irradiance, Biospherical/Licor
# name 24 = flECO-AFL: Fluorescence, WET Labs ECO-AFL/FL [mg/m^3]
# name 25 = turbWETntu0: Turbidity, WET Labs ECO [NTU]
# name 26 = flag: flag
# span 0 =        188,        878       
# span 1 = 244.617417, 244.619412       
# span 2 =    0.01300,    0.06088       
# span 3 =     0.7798,     3.6534       
# span 4 =     46.788,    219.199       
# span 5 =      1.010,    138.339       
# span 6 =  45718.210,  51382.061       
# span 7 =    29.1827,    32.3573       
# span 8 =     7.2984,    13.4299       
# span 9 =      1.000,    137.000       
# span 10 =     7.2859,    13.4224      
# span 11 =    21.8086,    25.2991      
# span 12 =     4.4039,     6.6716      
# span 13 =     6.2936,     9.5344      
# span 14 =     64.547,    109.122      
# span 15 =    191.822,    291.543      
# span 16 =    196.675,    297.953      
# span 17 =   -0.03333,    0.01845      
# span 18 =    6.09237,    6.82252      
# span 19 =    8.70661,    9.75007      
# span 20 =  266.28103,  297.17611      
# span 21 =     7.2857,    13.4298      
# span 22 =   13.87617,   15.34183      
# span 23 = 7.0997e-02, 7.5712e+02      
# span 24 =     0.0095,     1.8141      
# span 25 =     0.1610,     0.7943      
# span 26 = 0.0000e+00, 0.0000e+00      
# interval = meters: 1                  
# start_time = Aug 31 2016 14:48:18 [Instrument's time stamp, header]
# bad_flag = -9.990e-29
*END*
[from data line 54]
        530 244.618405    0.03671     2.2022    132.131     55.527  48947.305    31.1601    10.5594     55.000    10.5482    23.8635     5.4841     7.8374     85.773    239.213    244.921   -0.00191    6.39378    9.13735  278.89071    10.5531   14.47273 2.5117e-01     0.1825     0.1728 0.0000e+00
        534 244.618416    0.03698     2.2193    133.158     56.536  48967.882    31.1731    10.5496     56.000    10.5393    23.8752     5.4934     7.8507     85.907    239.616    245.337   -0.00036    6.39460    9.13853  278.92356    10.5432   14.47425 2.3290e-01     0.1954     0.1610 0.0000e+00
        538 244.618429    0.03728     2.2372    134.231     57.546  48986.021    31.1847    10.5435     57.000    10.5357    23.8854     5.4873     7.8419     85.807    239.348    245.064   -0.00086    6.39498    9.13906  278.93708    10.5369   14.47485 2.1654e-01     0.2061     0.1667 0.0000e+00
        542 244.618441    0.03757     2.2545    135.268     58.555  48997.469    31.1922    10.5420     58.000    10.5347    23.8915     5.4789     7.8298     85.676    238.976    244.686   -0.00151    6.39488    9.13892  278.93114    10.5353   14.47454 2.0121e-01     0.2083     0.1769 0.0000e+00
        546 244.618452    0.03784     2.2703    136.216     59.565  49006.300    31.1979    10.5404     59.000    10.5302    23.8962     5.4740     7.8228     85.599    238.761    244.467   -0.00164    6.39487    9.13891  278.92958    10.5336   14.47444 1.8739e-01     0.2130     0.1881 0.0000e+00
        549 244.618462    0.03809     2.2852    137.114     60.575  49017.581    31.2045    10.5328     60.000    10.5190    23.9027     5.4724     7.8206     85.564    238.693    244.398   -0.00151    6.39564    9.14000  278.96127    10.5259   14.47593 1.7566e-01     0.2181     0.1834 0.0000e+00
        553 244.618473    0.03834     2.3007    138.045     61.584  49035.167    31.2149    10.5190     61.000    10.5033    23.9131     5.4707     7.8182     85.518    238.617    244.323   -0.00142    6.39714    9.14215  279.02400    10.5120   14.47889 1.6565e-01     0.2302     0.1641 0.0000e+00
        557 244.618484    0.03862     2.3173    139.040     62.595  49054.696    31.2260    10.5000     62.000    10.4795    23.9249     5.4662     7.8118     85.419    238.416    244.121   -0.00165    6.39932    9.14527  279.11585    10.4929   14.48324 1.5671e-01     0.2342     0.1630 0.0000e+00
        561 244.618496    0.03891     2.3344    140.063     63.604  49075.946    31.2368    10.4682     63.000    10.4354    23.9386     5.4593     7.8019     85.258    238.113    243.813   -0.00220    6.40329    9.15095  279.28543    10.4610   14.49132 1.4852e-01     0.2328     0.1736 0.0000e+00
        565 244.618508    0.03920     2.3515    141.091     64.614  49105.545    31.2495    10.4043     64.000    10.3510    23.9593     5.4512     7.7904     85.021    237.756    243.452   -0.00298    6.41167    9.16291  279.64498    10.3970   14.50847 1.4084e-01     0.2341     0.1923 0.0000e+00
        570 244.618520    0.03948     2.3690    142.143     65.624  49172.161    31.2845    10.3091     65.000    10.2674    24.0024     5.4305     7.7607     84.541    236.840    242.525   -0.00497    6.42351    9.17984  280.14975    10.3017   14.53249 1.3370e-01     0.2056     0.1882 0.0000e+00
        574 244.618532    0.03976     2.3859    143.153     66.633  49217.585    31.3088    10.2495     66.000    10.2221    24.0313     5.4039     7.7226     84.031    235.673    241.336   -0.00683    6.43085    9.19033  280.46198    10.2420   14.54734 1.2737e-01     0.1851     0.1834 0.0000e+00
        577 244.618543    0.04003     2.4016    144.095     67.643  49235.568    31.3166    10.2129     67.000    10.1870    24.0434     5.3875     7.6993     83.713    234.957    240.606   -0.00699    6.43565    9.19719  280.66796    10.2054   14.55717 1.2188e-01     0.1808     0.1854 0.0000e+00
        581 244.618554    0.04030     2.4179    145.074     68.653  49251.759    31.3233    10.1784     68.000    10.1533    24.0544     5.3726     7.6781     83.424    234.307    239.943   -0.00685    6.44023    9.20373  280.86446    10.1707   14.56654 1.1721e-01     0.1655     0.1868 0.0000e+00
        585 244.618566    0.04059     2.4351    146.105     69.663  49263.211    31.3261    10.1398     69.000    10.1108    24.0630     5.3648     7.6669     83.234    233.965    239.595   -0.00607    6.44553    9.21132  281.09369    10.1320   14.57750 1.1315e-01     0.1596     0.1911 0.0000e+00
        589 244.618577    0.04086     2.4516    147.097     70.673  49282.646    31.3342    10.0986     70.000    10.0705    24.0761     5.3586     7.6579     83.065    233.687    239.313   -0.00533    6.45099    9.21911  281.32803    10.0908   14.58868 1.0957e-01     0.1578     0.2015 0.0000e+00
        593 244.618589    0.04113     2.4677    148.061     71.683  49296.287    31.3382    10.0576     71.000    10.0242    24.0859     5.3479     7.6426     82.828    233.219    238.836   -0.00531    6.45660    9.22714  281.57012    10.0497   14.60025 1.0627e-01     0.1402     0.1987 0.0000e+00
        597 244.618600    0.04140     2.4841    149.047     72.692  49316.793    31.3454    10.0037     72.000     9.9605    24.1004     5.3371     7.6273     82.569    232.749    238.359   -0.00542    6.46393    9.23761  281.88581     9.9957   14.61532 1.0322e-01     0.1125     0.2017 0.0000e+00
        601 244.618612    0.04169     2.5013    150.080     73.702  49361.269    31.3662     9.9247     73.000     9.8774    24.1295     5.3208     7.6041     82.186    232.032    237.630   -0.00608    6.47425    9.25236  282.32768     9.9166   14.63638 1.0037e-01     0.1029     0.2006 0.0000e+00
        606 244.618625    0.04199     2.5192    151.154     74.712  49427.770    31.4031     9.8506     74.000     9.8214    24.1703     5.2994     7.5734     81.740    231.086    236.671   -0.00705    6.48323    9.26519  282.70793     9.8425   14.65442 9.7763e-02     0.0888     0.1939 0.0000e+00
        610 244.618636    0.04228     2.5367    152.204     75.721  49463.429    31.4226     9.8106     75.000     9.7856    24.1920     5.2887     7.5581     81.514    230.615    236.194   -0.00644    6.48810    9.27215  282.91435     9.8024   14.66421 9.5522e-02     0.0824     0.2039 0.0000e+00
        614 244.618649    0.04256     2.5535    153.209     76.731  49481.811    31.4300     9.7712     76.000     9.7352    24.2041     5.2829     7.5497     81.357    230.356    235.932   -0.00550    6.49341    9.27974  283.14283     9.7629   14.67512 9.3628e-02     0.0768     0.2114 0.0000e+00
        618 244.618660    0.04285     2.5710    154.257     77.741  49525.308    31.4528     9.7150     77.000     9.6850    24.2309     5.2696     7.5306     81.064    229.770    235.338   -0.00561    6.50048    9.28984  283.44335     9.7066   14.68940 9.1950e-02     0.0779     0.2043 0.0000e+00
        622 244.618673    0.04315     2.5889    155.336     78.751  49558.382    31.4700     9.6723     78.000     9.6412    24.2513     5.2548     7.5096     80.770    229.122    234.678   -0.00575    6.50588    9.29754  283.67288     9.6638   14.70031 9.0345e-02     0.0683     0.1959 0.0000e+00
        626 244.618684    0.04343     2.6057    156.342     79.761  49572.674    31.4715     9.6111     79.000     9.5399    24.2622     5.2479     7.4998     80.557    228.821    234.373   -0.00541    6.51460    9.31000  284.05000     9.6026   14.71834 8.8868e-02     0.0494     0.1912 0.0000e+00
        630 244.618696    0.04369     2.6216    157.296     80.771  49644.113    31.5026     9.4725     80.000     9.3816    24.3084     5.2384     7.4863     80.182    228.397    233.950   -0.00606    6.53324    9.33666  284.85019     9.4640   14.75648 8.7556e-02     0.0254     0.1986 0.0000e+00
        634 244.618707    0.04396     2.6377    158.265     81.781  49763.103    31.5662     9.3289     81.000     9.2709    24.3808     5.2120     7.4485     79.558    227.228    232.768   -0.00814    6.55131    9.36248  285.61782     9.3203   14.79293 8.6310e-02     0.0237     0.2238 0.0000e+00
        638 244.618719    0.04425     2.6550    159.299     82.791  49832.272    31.6019     9.2375     82.000     9.1965    24.4229     5.1799     7.4026     78.926    225.820    231.335   -0.00967    6.56305    9.37926  286.11818     9.2288   14.81670 8.5207e-02     0.0295     0.2616 0.0000e+00
        643 244.618732    0.04455     2.6733    160.400     83.800  49878.928    31.6252     9.1731     83.000     9.1417    24.4513     5.1507     7.3608     78.379    224.537    230.028   -0.00995    6.57144    9.39124  286.47583     9.1643   14.83371 8.4186e-02     0.0301     0.2480 0.0000e+00
        647 244.618744    0.04486     2.6915    161.490     84.810  49904.157    31.6346     9.1173     84.000     9.0716    24.4672     5.1287     7.3294     77.954    223.578    229.048   -0.00951    6.57919    9.40232  286.80927     9.1084   14.84961 8.3288e-02     0.0335     0.2444 0.0000e+00
        651 244.618756    0.04515     2.7087    162.523     85.820  49951.288    31.6545     9.0277     85.000     8.9572    24.4966     5.1145     7.3092     77.594    222.955    228.416   -0.00888    6.59146    9.41985  287.33564     9.0189   14.87469 8.2473e-02     0.0176     0.2415 0.0000e+00
        655 244.618767    0.04542     2.7248    163.490     86.830  50033.738    31.6938     8.9014     86.000     8.8152    24.5465     5.1005     7.2891     77.183    222.331    227.788   -0.00884    6.60836    9.44401  288.05849     8.8925   14.90908 8.1744e-02     0.0144     0.2367 0.0000e+00
        659 244.618778    0.04566     2.7400    164.402     87.840  50138.001    31.7457     8.7595     87.000     8.6761    24.6087     5.0834     7.2647     76.706    221.570    227.022   -0.00944    6.62709    9.47078  288.85736     8.7506   14.94705 8.1071e-02     0.0165     0.2272 0.0000e+00
        662 244.618789    0.04592     2.7556    165.334     88.850  50254.739    31.8088     8.6359     88.000     8.5881    24.6768     5.0671     7.2414     76.281    220.848    226.297   -0.00960    6.64270    9.49308  289.51854     8.6270   14.97838 8.0429e-02     0.0095     0.2262 0.0000e+00
        666 244.618800    0.04621     2.7726    166.357     89.860  50322.486    31.8464     8.5727     89.000     8.5509    24.7157     5.0524     7.2204     75.970    220.197    225.640   -0.00880    6.65048    9.50420  289.84670     8.5637   14.99391 7.9850e-02     0.0173     0.2313 0.0000e+00
        671 244.618813    0.04651     2.7908    167.446     90.870  50345.628    31.8589     8.5506     90.000     8.5368    24.7288     5.0421     7.2057     75.785    219.745    225.180   -0.00728    6.65323    9.50813  289.96289     8.5415   14.99941 7.9292e-02     0.0198     0.2306 0.0000e+00
        675 244.618825    0.04681     2.8082    168.493     91.879  50354.683    31.8630     8.5385     91.000     8.5183    24.7338     5.0364     7.1975     75.679    219.495    224.923   -0.00585    6.65486    9.51046  290.03230     8.5294   15.00271 7.8789e-02     0.0167     0.2378 0.0000e+00
        679 244.618837    0.04709     2.8254    169.526     92.889  50374.517    31.8718     8.5083     92.000     8.4697    24.7452     5.0323     7.1916     75.572    219.314    224.742   -0.00479    6.65899    9.51637  290.20935     8.4991   15.01113 7.8315e-02     0.0223     0.2529 0.0000e+00
        683 244.618848    0.04737     2.8422    170.531     93.899  50414.852    31.8874     8.4291     93.000     8.3456    24.7692     5.0206     7.1750     75.270    218.801    224.222   -0.00510    6.67019    9.53237  290.69052     8.4198   15.03406 7.7906e-02     0.0309     0.2527 0.0000e+00
        687 244.618860    0.04763     2.8579    171.477     94.909  50532.890    31.9462     8.2777     94.000     8.1817    24.8374     4.9946     7.1377     74.655    217.653    223.058   -0.00722    6.69041    9.56127  291.55223     8.2684   15.07497 7.7533e-02     0.0463     0.2528 0.0000e+00
        691 244.618871    0.04790     2.8737    172.423     95.919  50684.795    32.0288     8.1293     95.000     8.0736    24.9238     4.9470     7.0697     73.735    215.558    220.931   -0.01071    6.70921    9.58814  292.34710     8.1200   15.11261 7.7135e-02     0.0543     0.2820 0.0000e+00
        695 244.618884    0.04821     2.8926    173.554     96.929  50771.020    32.0760     8.0498     96.000     8.0239    24.9724     4.8907     6.9892     72.787    213.095    218.416   -0.01298    6.71919    9.60240  292.76788     8.0404   15.13251 7.6734e-02     0.0484     0.3012 0.0000e+00
        700 244.618898    0.04855     2.9131    174.787     97.938  50801.353    32.0912     8.0148     97.000     7.9952    24.9893     4.8580     6.9426     72.251    211.669    216.958   -0.01186    6.72384    9.60905  292.96585     8.0054   15.14190 7.6412e-02     0.0368     0.3149 0.0000e+00
        704 244.618910    0.04883     2.9300    175.800     98.949  50816.927    32.0986     7.9964     98.000     7.9787    24.9978     4.8454     6.9246     72.037    211.118    216.396   -0.00986    6.72631    9.61258  293.07119     7.9869   15.14690 7.6106e-02     0.0304     0.3276 0.0000e+00
        708 244.618921    0.04910     2.9458    176.745     99.959  50827.017    32.1025     7.9801     99.000     7.9588    25.0032     4.8372     6.9128     71.889    210.758    216.028   -0.00813    6.72863    9.61588  293.17012     7.9706   15.15161 7.5785e-02     0.0305     0.3392 0.0000e+00
        712 244.618932    0.04936     2.9617    177.703    100.968  50841.213    32.1080     7.9550    100.000     7.9261    25.0111     4.8322     6.9057     71.778    210.541    215.807   -0.00665    6.73222    9.62103  293.32486     7.9453   15.15898 7.5544e-02     0.0223     0.3514 0.0000e+00
        716 244.618943    0.04962     2.9773    178.638    101.978  50870.075    32.1216     7.9176    101.000     7.8891    25.0272     4.8205     6.8891     71.550    210.029    215.286   -0.00615    6.73733    9.62833  293.54287     7.9078   15.16933 7.5330e-02     0.0145     0.3609 0.0000e+00
        719 244.618953    0.04988     2.9929    179.576    102.988  50900.548    32.1373     7.8859    102.000     7.8636    25.0440     4.8016     6.8620     71.225    209.202    214.440   -0.00649    6.74148    9.63426  293.71879     7.8761   15.17767 7.5113e-02     0.0159     0.4002 0.0000e+00
        723 244.618965    0.05017     3.0103    180.616    103.998  50922.935    32.1487     7.8630    103.000     7.8456    25.0562     4.7823     6.8344     70.908    208.358    213.578   -0.00651    6.74447    9.63853  293.84568     7.8531   15.18369 7.4907e-02     0.0275     0.3856 0.0000e+00
        728 244.618979    0.05050     3.0295    181.772    105.008  50936.300    32.1548     7.8461    104.000     7.8287    25.0634     4.7624     6.8060     70.588    207.489    212.689   -0.00632    6.74679    9.64184  293.94437     7.8361   15.18837 7.4686e-02     0.0259     0.3764 0.0000e+00
        733 244.618992    0.05080     3.0483    182.900    106.018  50950.006    32.1613     7.8298    105.000     7.8140    25.0708     4.7508     6.7894     70.393    206.982    212.172   -0.00558    6.74901    9.64501  294.03900     7.8198   15.19286 7.4488e-02     0.0283     0.3845 0.0000e+00
        737 244.619004    0.05110     3.0659    183.953    107.028  50959.862    32.1659     7.8192    106.000     7.8051    25.0760     4.7447     6.7807     70.287    206.713    211.897   -0.00461    6.75043    9.64703  294.09920     7.8090   15.19572 7.4337e-02     0.0377     0.4112 0.0000e+00
        741 244.619016    0.05138     3.0829    184.975    108.038  50965.553    32.1681     7.8107    107.000     7.7957    25.0788     4.7363     6.7687     70.151    206.349    211.524   -0.00410    6.75163    9.64876  294.15105     7.8005   15.19819 7.4147e-02     0.0397     0.4019 0.0000e+00
