CTD-processing/allCTD/CNV/2016_12-13_t4_s10_cast186_5028.cnv
* Sea-Bird SBE19plus Data File:
* FileName = P:\My Documents\kasitsna\Research-KBL\Oceanography-AK\CTD-Data-ALL-to-2016-05\2016-CTD-KachemakBay-CookInlet\2016-12-CookInlet-quarterly\2016-12-13-CookInlet-Tran4-Barabara\2016-12-13-CookInlet-Tran4-cast186.hex
* Software Version 1.59
* Temperature SN =  5028
* Conductivity SN =  5028
* System UpLoad Time = Dec 13 2016 15:44:16
** Cook Inlet LTM Tran 4 south to north
** Date: (YYYY-MM-DD): 2016-12-13
** Station: (eg. 9-01): 4-10
** Start time (AKST): 15:00
** Depth (m): 19.5
** Comment: R/V Alaska Dream Catcher. CTD on AKDT (1 hr ahead).
** Comment:
# nquan = 27
# nvalues = 21                          
# units = specified
# name 0 = scan: Scan Count
# name 1 = timeJ: Julian Days
# name 2 = timeH: Time, Elapsed [hours]
# name 3 = timeM: Time, Elapsed [minutes]
# name 4 = timeS: Time, Elapsed [seconds]
# name 5 = prdM: Pressure, Strain Gauge [db]
# name 6 = specc: Specific Conductance [uS/cm]
# name 7 = sal00: Salinity, Practical [PSU]
# name 8 = tv290C: Temperature [ITS-90, deg C]
# name 9 = depSM: Depth [salt water, m], lat = 59.00
# name 10 = potemp090C: Potential Temperature [ITS-90, deg C]
# name 11 = sigma-é00: Density [sigma-theta, kg/m^3]
# name 12 = sbeox0ML/L: Oxygen, SBE 43 [ml/l]
# name 13 = sbeox0Mg/L: Oxygen, SBE 43 [mg/l]
# name 14 = sbeox0PS: Oxygen, SBE 43 [% saturation]
# name 15 = sbox0Mm/Kg: Oxygen, SBE 43 [umol/kg]
# name 16 = sbeox0Mm/L: Oxygen, SBE 43 [umol/l]
# name 17 = sbox0dV/dT: Oxygen, SBE 43 [dov/dt]
# name 18 = oxsolML/L: Oxygen Saturation, Garcia & Gordon [ml/l]
# name 19 = oxsolMg/L: Oxygen Saturation, Garcia & Gordon [mg/l]
# name 20 = oxsolMm/Kg: Oxygen Saturation, Garcia & Gordon [umol/kg]
# name 21 = potemp090C: Potential Temperature [ITS-90, deg C]
# name 22 = n2satMg/L: Nitrogen Saturation [mg/l]
# name 23 = par: PAR/Irradiance, Biospherical/Licor
# name 24 = flECO-AFL: Fluorescence, WET Labs ECO-AFL/FL [mg/m^3]
# name 25 = turbWETntu0: Turbidity, WET Labs ECO [NTU]
# name 26 = flag: flag
# span 0 =        114,        386       
# span 1 = 348.667817, 348.668602       
# span 2 =    0.00788,    0.02672       
# span 3 =     0.4728,     1.6031       
# span 4 =     28.367,     96.184       
# span 5 =      1.010,     21.200       
# span 6 =  49237.611,  49954.445       
# span 7 =    30.5032,    31.0757       
# span 8 =     4.8972,     5.5717       
# span 9 =      1.000,     21.000       
# span 10 =     4.9310,     5.5695      
# span 11 =    24.1222,    24.5155      
# span 12 =     6.0472,     6.3237      
# span 13 =     8.6420,     9.0372      
# span 14 =     82.732,     88.230      
# span 15 =    263.723,    275.667      
# span 16 =    270.067,    282.418      
# span 17 =   -0.00161,    0.04573      
# span 18 =    7.16458,    7.30933      
# span 19 =   10.23889,   10.44576      
# span 20 =  312.32414,  318.76426      
# span 21 =     4.8971,     5.5701      
# span 22 =   16.06925,   16.37796      
# span 23 = 5.3587e-01, 2.1570e+01      
# span 24 =     0.0778,     0.1545      
# span 25 =     0.7573,     1.2924      
# span 26 = 0.0000e+00, 0.0000e+00      
# interval = meters: 1                  
# start_time = Dec 13 2016 16:01:11 [Instrument's time stamp, header]
# bad_flag = -9.990e-29
*END*
        114 348.667817    0.00788     0.4728     28.367      1.010  49237.611    30.5032     4.8972      1.000     4.9310    24.1222     6.0472     8.6420     82.732    263.723    270.067    0.01260    7.30933   10.44576  318.76426     4.8971   16.37796 2.1570e+01     0.1545     1.2924 0.0000e+00
        286 348.668313    0.01978     1.1870     71.218      2.019  49821.752    30.8958     4.9917      2.000     4.9908    24.4238     6.2151     8.8819     85.470    270.947    277.565    0.04573    7.27163   10.39188  317.00786     4.9916   16.29282 1.7448e+01     0.1114     0.7573 0.0000e+00
        287 348.668316    0.01986     1.1919     71.517      3.029  49810.918    30.8881     4.9899      3.000     4.9907    24.4179     6.2951     8.9963     86.562    274.438    281.139    0.03735    7.27237   10.39294  317.04241     4.9897   16.29449 1.2727e+01     0.1203     0.8165 0.0000e+00
        293 348.668333    0.02026     1.2156     72.933      4.038  49815.587    30.8916     4.9939      4.000     4.9961    24.4203     6.2817     8.9771     86.388    273.852    280.540    0.02352    7.27149   10.39169  317.00343     4.9937   16.29262 9.9847e+00     0.1103     0.8121 0.0000e+00
        299 348.668349    0.02066     1.2397     74.383      5.047  49834.082    30.9068     5.0081      5.000     5.0197    24.4308     6.2713     8.9623     86.283    273.396    280.075    0.01471    7.26829   10.38711  316.86057     5.0077   16.28577 8.0559e+00     0.1079     0.7965 0.0000e+00
        304 348.668364    0.02103     1.2616     75.696      6.057  49862.214    30.9349     5.0527      6.000     5.0768    24.4483     6.2696     8.9600     86.369    273.320    280.003    0.01032    7.25917   10.37407  316.45760     5.0522   16.26647 6.5618e+00     0.0875     0.7827 0.0000e+00
        309 348.668380    0.02139     1.2831     76.984      7.066  49846.183    30.9353     5.1094      7.000     5.1211    24.4426     6.2797     8.9743     86.625    273.760    280.451    0.00833    7.24929   10.35996  316.02882     5.1089   16.24606 5.4852e+00     0.0884     0.8113 0.0000e+00
        315 348.668396    0.02178     1.3066     78.398      8.076  49847.271    30.9411     5.1363      8.000     5.1500    24.4443     6.2803     8.9752     86.693    273.787    280.479    0.00583    7.24436   10.35290  315.81293     5.1357   16.23577 4.6338e+00     0.1167     0.8086 0.0000e+00
        320 348.668412    0.02216     1.3298     79.791      9.085  49883.089    30.9773     5.1948      9.000     5.2249    24.4667     6.2781     8.9719     86.804    273.682    280.377    0.00428    7.23246   10.33592  315.28782     5.1942   16.21062 3.9702e+00     0.1122     0.8310 0.0000e+00
        325 348.668427    0.02253     1.3517     81.103     10.095  49879.096    30.9903     5.2736     10.000     5.2970    24.4684     6.2882     8.9865     87.116    274.124    280.832    0.00453    7.21825   10.31560  314.66765     5.2729   16.18105 3.3799e+00     0.0837     0.8784 0.0000e+00
        331 348.668443    0.02291     1.3744     82.465     11.105  49861.783    30.9890     5.3274     11.000     5.3384    24.4614     6.2880     8.9861     87.224    274.115    280.821    0.00363    7.20905   10.30245  314.26869     5.3266   16.16206 2.8828e+00     0.0852     0.9129 0.0000e+00
        336 348.668459    0.02329     1.3974     83.844     12.114  49845.499    30.9819     5.3502     12.000     5.3507    24.4534     6.2799     8.9745     87.154    273.764    280.459    0.00199    7.20548   10.29736  314.11574     5.3493   16.15481 2.4562e+00     0.1166     0.8962 0.0000e+00
        342 348.668474    0.02366     1.4198     85.188     13.123  49842.696    30.9797     5.3507     13.000     5.3495    24.4515     6.2793     8.9737     87.146    273.740    280.433    0.00121    7.20550   10.29738  314.11702     5.3497   16.15488 2.0778e+00     0.1089     0.8760 0.0000e+00
        347 348.668490    0.02403     1.4415     86.493     14.133  49858.674    30.9909     5.3542     14.000     5.3604    24.4600     6.2828     8.9787     87.208    273.890    280.589    0.00105    7.20436   10.29575  314.06478     5.3531   16.15235 1.7475e+00     0.0978     0.8897 0.0000e+00
        352 348.668505    0.02439     1.4634     87.802     15.142  49874.427    31.0065     5.3803     15.000     5.3902    24.4695     6.2915     8.9912     87.392    274.267    280.978    0.00159    7.19914   10.28829  313.83440     5.3791   16.14132 1.4846e+00     0.0992     0.9157 0.0000e+00
        358 348.668521    0.02478     1.4869     89.216     16.152  49854.294    30.9961     5.3997     16.000     5.3918    24.4591     6.3034     9.0081     87.592    274.787    281.508    0.00207    7.19630   10.28423  313.71365     5.3985   16.13561 1.2581e+00     0.1025     0.9066 0.0000e+00
        363 348.668536    0.02514     1.5086     90.517     17.161  49884.786    31.0133     5.3835     17.000     5.3922    24.4745     6.3002     9.0036     87.524    274.645    281.367    0.00100    7.19827   10.28705  313.79483     5.3822   16.13940 1.0650e+00     0.1013     0.8790 0.0000e+00
        368 348.668552    0.02552     1.5311     91.864     18.170  49954.445    31.0757     5.4574     18.000     5.4998    24.5155     6.3039     9.0089     87.766    274.794    281.531    0.00174    7.18264   10.26472  313.10101     5.4561   16.10612 9.0399e-01     0.0995     0.9153 0.0000e+00
        374 348.668568    0.02590     1.5543     93.260     19.180  49897.440    31.0552     5.5529     19.000     5.5609    24.4887     6.3237     9.0372     88.230    275.667    282.418    0.00373    7.16732   10.24283  312.44153     5.5515   16.07479 7.6227e-01     0.0940     0.8906 0.0000e+00
        379 348.668583    0.02628     1.5770     94.620     20.190  49883.437    31.0480     5.5674     20.000     5.5674    24.4813     6.2989     9.0017     87.908    274.584    281.306    0.00086    7.16521   10.23980  312.35155     5.5659   16.07055 6.4041e-01     0.0778     0.9005 0.0000e+00
        386 348.668602    0.02672     1.6031     96.184     21.200  49879.957    31.0460     5.5717     21.000     5.5695    24.4794     6.2740     8.9662     87.570    273.503    280.198   -0.00161    7.16458   10.23889  312.32414     5.5701   16.06925 5.3587e-01     0.0931     0.8935 0.0000e+00
