CTD-processing/allCTD/CNV/2016_02-15_t6_s24_cast117_5028.cnv
* Sea-Bird SBE19plus Data File:
* FileName = C:\Users\Kris.Holderied\Documents\kasitsna\Research-KBL\Oceanography-AK\CTD-Data-ALL-to-2016-02\2016-CTD-KachemakBay-CookInlet\2016-02-CookInlet-quarterly\2016-02-15-CookInlet-Tran6-Douglas\2016-02-15-CookInlet-Tran6-cast117.hex
* Software Version 1.59
* Temperature SN =  5028
* Conductivity SN =  5028
* System UpLoad Time = Feb 15 2016 19:32:34
** Cook Inlet LTM Tran6 Douglas West to East

** Date: 02-15
** Station: 6-24
** Start time (AKST): 11:25
** Depth (m): 167
** Comment:  R/V Pandalus
** Comment:
# nquan = 27
# nvalues = 165                         
# units = specified
# name 0 = scan: Scan Count
# name 1 = timeJ: Julian Days
# name 2 = timeH: Time, Elapsed [hours]
# name 3 = timeM: Time, Elapsed [minutes]
# name 4 = timeS: Time, Elapsed [seconds]
# name 5 = prdM: Pressure, Strain Gauge [db]
# name 6 = specc: Specific Conductance [uS/cm]
# name 7 = sal00: Salinity, Practical [PSU]
# name 8 = tv290C: Temperature [ITS-90, deg C]
# name 9 = depSM: Depth [salt water, m], lat = 59.00
# name 10 = potemp090C: Potential Temperature [ITS-90, deg C]
# name 11 = sigma-é00: Density [sigma-theta, kg/m^3]
# name 12 = sbeox0ML/L: Oxygen, SBE 43 [ml/l]
# name 13 = sbeox0Mg/L: Oxygen, SBE 43 [mg/l]
# name 14 = sbeox0PS: Oxygen, SBE 43 [% saturation]
# name 15 = sbox0Mm/Kg: Oxygen, SBE 43 [umol/kg]
# name 16 = sbeox0Mm/L: Oxygen, SBE 43 [umol/l]
# name 17 = sbox0dV/dT: Oxygen, SBE 43 [dov/dt]
# name 18 = oxsolML/L: Oxygen Saturation, Garcia & Gordon [ml/l]
# name 19 = oxsolMg/L: Oxygen Saturation, Garcia & Gordon [mg/l]
# name 20 = oxsolMm/Kg: Oxygen Saturation, Garcia & Gordon [umol/kg]
# name 21 = potemp090C: Potential Temperature [ITS-90, deg C]
# name 22 = n2satMg/L: Nitrogen Saturation [mg/l]
# name 23 = par: PAR/Irradiance, Biospherical/Licor
# name 24 = flECO-AFL: Fluorescence, WET Labs ECO-AFL/FL [mg/m^3]
# name 25 = turbWETntu0: Turbidity, WET Labs ECO [NTU]
# name 26 = flag: flag
# span 0 =        167,       1089       
# span 1 =  46.476754,  46.479422       
# span 2 =    0.01155,    0.07559       
# span 3 =     0.6927,     4.5349       
# span 4 =     41.563,    272.092       
# span 5 =      1.009,    166.625       
# span 6 =  49307.840,  51102.650       
# span 7 =    30.8294,    32.0233       
# span 8 =     6.1883,     6.6186       
# span 9 =      1.000,    165.000       
# span 10 =     6.2044,     6.6057      
# span 11 =    24.2364,    25.1275      
# span 12 =     5.6393,     6.4911      
# span 13 =     8.0591,     9.2764      
# span 14 =     79.741,     92.396      
# span 15 =    245.910,    282.876      
# span 16 =    251.851,    289.891      
# span 17 =   -0.00132,    0.00090      
# span 18 =    6.94694,    7.07413      
# span 19 =    9.92787,   10.10963      
# span 20 =  302.65112,  308.48653      
# span 21 =     6.1882,     6.6056      
# span 22 =   15.60442,   15.88734      
# span 23 = 3.7976e-02, 6.9006e+01      
# span 24 =     0.1393,     0.2671      
# span 25 =     0.4250,     0.7753      
# span 26 = 0.0000e+00, 0.0000e+00      
# interval = meters: 1                  
# start_time = Feb 15 2016 11:25:50 [Instrument's time stamp, header]
# bad_flag = -9.990e-29
*END*
[from data line 54]
        638  46.478115    0.04421     2.6524    159.145     55.527  50649.733    31.7391     6.4903     55.000     6.4862    24.9171     6.3266     9.0413     90.647    275.676    282.546   -0.00022    6.97940    9.97426  304.12207     6.4857   15.67562 1.6670e-01     0.2000     0.4658 0.0000e+00
        641  46.478124    0.04443     2.6658    159.945     56.537  50652.053    31.7404     6.4912     56.000     6.4869    24.9180     6.3288     9.0445     90.680    275.772    282.644   -0.00000    6.97920    9.97396  304.11288     6.4864   15.67517 1.5272e-01     0.1970     0.4675 0.0000e+00
        645  46.478136    0.04470     2.6824    160.944     57.546  50654.633    31.7419     6.4921     57.000     6.4877    24.9191     6.3276     9.0428     90.666    275.720    282.591   -0.00013    6.97897    9.97366  304.10308     6.4873   15.67471 1.3930e-01     0.1862     0.4726 0.0000e+00
        649  46.478149    0.04503     2.7020    162.120     58.556  50658.639    31.7444     6.4932     58.000     6.4889    24.9209     6.3253     9.0396     90.638    275.622    282.491   -0.00031    6.97869    9.97323  304.08982     6.4883   15.67407 1.2594e-01     0.1832     0.4567 0.0000e+00
        653  46.478161    0.04531     2.7183    163.100     59.565  50667.282    31.7502     6.4947     59.000     6.4911    24.9254     6.3233     9.0366     90.616    275.533    282.400   -0.00041    6.97818    9.97252  304.06661     6.4897   15.67293 1.1620e-01     0.1996     0.4482 0.0000e+00
        657  46.478170    0.04553     2.7314    163.885     60.575  50677.246    31.7571     6.4970     60.000     6.4934    24.9305     6.3236     9.0371     90.629    275.544    282.413   -0.00035    6.97748    9.97151  304.03434     6.4920   15.67137 1.0706e-01     0.2009     0.4548 0.0000e+00
        660  46.478180    0.04575     2.7452    164.715     61.585  50686.083    31.7632     6.4995     61.000     6.4954    24.9350     6.3252     9.0394     90.661    275.614    282.486   -0.00014    6.97681    9.97055  304.00369     6.4943   15.66988 9.8542e-02     0.2014     0.4530 0.0000e+00
        664  46.478192    0.04604     2.7625    165.751     62.595  50692.922    31.7679     6.5016     62.000     6.4969    24.9384     6.3242     9.0380     90.653    275.567    282.440   -0.00018    6.97624    9.96975  303.97814     6.4963   15.66864 9.2087e-02     0.2080     0.4431 0.0000e+00
        668  46.478204    0.04635     2.7808    166.845     63.604  50698.145    31.7713     6.5028     63.000     6.4978    24.9409     6.3231     9.0363     90.642    275.518    282.389   -0.00028    6.97590    9.96926  303.96252     6.4974   15.66789 8.5764e-02     0.2096     0.4507 0.0000e+00
        672  46.478215    0.04660     2.7961    167.763     64.614  50706.323    31.7766     6.5037     64.000     6.4991    24.9451     6.3227     9.0358     90.641    275.498    282.371   -0.00025    6.97549    9.96867  303.94338     6.4983   15.66695 8.0160e-02     0.2128     0.4545 0.0000e+00
        675  46.478224    0.04683     2.8099    168.591     65.624  50714.697    31.7822     6.5051     65.000     6.5005    24.9493     6.3203     9.0324     90.614    275.394    282.265   -0.00042    6.97500    9.96798  303.92100     6.4996   15.66586 7.5337e-02     0.2123     0.4523 0.0000e+00
        679  46.478235    0.04707     2.8244    169.461     66.634  50721.373    31.7866     6.5068     66.000     6.5021    24.9527     6.3205     9.0326     90.621    275.399    282.271   -0.00038    6.97454    9.96732  303.89983     6.5011   15.66484 7.1147e-02     0.2091     0.4602 0.0000e+00
        683  46.478245    0.04733     2.8396    170.376     67.643  50730.710    31.7931     6.5088     67.000     6.5049    24.9574     6.3197     9.0314     90.618    275.364    282.236   -0.00032    6.97391    9.96641  303.87099     6.5031   15.66343 6.6763e-02     0.2045     0.4576 0.0000e+00
        686  46.478255    0.04758     2.8545    171.272     68.653  50741.552    31.8008     6.5123     68.000     6.5087    24.9630     6.3181     9.0292     90.608    275.293    282.165   -0.00040    6.97299    9.96510  303.82936     6.5065   15.66141 6.2833e-02     0.2084     0.4528 0.0000e+00
        690  46.478267    0.04786     2.8715    172.288     69.663  50747.534    31.8052     6.5164     69.000     6.5120    24.9660     6.3162     9.0264     90.592    275.210    282.081   -0.00040    6.97210    9.96384  303.78989     6.5106   15.65952 6.0211e-02     0.2065     0.4746 0.0000e+00
        695  46.478282    0.04822     2.8935    173.608     70.673  50752.433    31.8088     6.5197     70.000     6.5147    24.9685     6.3101     9.0177     90.514    274.942    281.808   -0.00075    6.97141    9.96285  303.75898     6.5137   15.65803 5.7552e-02     0.2109     0.4821 0.0000e+00
        700  46.478295    0.04851     2.9107    174.642     71.682  50765.036    31.8175     6.5224     71.000     6.5195    24.9750     6.3103     9.0181     90.528    274.952    281.820   -0.00058    6.97058    9.96165  303.72056     6.5163   15.65616 5.5325e-02     0.1884     0.4640 0.0000e+00
        702  46.478303    0.04871     2.9226    175.357     72.693  50785.454    31.8322     6.5275     72.000     6.5272    24.9860     6.3127     9.0215     90.581    275.053    281.925   -0.00021    6.96907    9.95950  303.65168     6.5214   15.65282 5.3312e-02     0.1746     0.4648 0.0000e+00
        705  46.478310    0.04888     2.9329    175.975     73.702  50796.867    31.8410     6.5347     73.000     6.5337    24.9920     6.3145     9.0240     90.627    275.129    282.005    0.00003    6.96750    9.95726  303.58152     6.5285   15.64944 5.1509e-02     0.1829     0.4563 0.0000e+00
        708  46.478318    0.04908     2.9444    176.666     74.712  50801.346    31.8449     6.5415     74.000     6.5387    24.9942     6.3148     9.0245     90.649    275.142    282.020    0.00012    6.96621    9.95542  303.52473     6.5353   15.64671 4.9894e-02     0.1935     0.4440 0.0000e+00
        712  46.478331    0.04939     2.9635    177.813     75.722  50803.109    31.8468     6.5479     75.000     6.5430    24.9950     6.3091     9.0164     90.582    274.894    281.766   -0.00029    6.96510    9.95382  303.47576     6.5415   15.64437 4.8107e-02     0.2044     0.4331 0.0000e+00
        718  46.478348    0.04980     2.9880    179.282     76.731  50805.088    31.8483     6.5513     76.000     6.5455    24.9958     6.3005     9.0039     90.465    274.517    281.379   -0.00087    6.96448    9.95294  303.44865     6.5448   15.64307 4.6868e-02     0.2100     0.4399 0.0000e+00
        722  46.478358    0.05004     3.0025    180.146     77.741  50810.222    31.8517     6.5526     77.000     6.5475    24.9982     6.2990     9.0019     90.449    274.451    281.312   -0.00085    6.96411    9.95241  303.43168     6.5461   15.64226 4.5729e-02     0.1990     0.4507 0.0000e+00
        724  46.478366    0.05023     3.0136    180.817     78.751  50817.381    31.8566     6.5549     78.000     6.5507    25.0019     6.2994     9.0024     90.463    274.468    281.330   -0.00068    6.96351    9.95155  303.40460     6.5482   15.64094 4.4777e-02     0.1854     0.4575 0.0000e+00
        727  46.478374    0.05043     3.0255    181.527     79.760  50823.253    31.8609     6.5585     79.000     6.5543    25.0047     6.3001     9.0035     90.483    274.499    281.362   -0.00049    6.96274    9.95045  303.37021     6.5517   15.63928 4.4007e-02     0.1841     0.4599 0.0000e+00
        731  46.478385    0.05069     3.0417    182.500     80.771  50834.671    31.8695     6.5641     80.000     6.5601    25.0107     6.2987     9.0015     90.480    274.436    281.300   -0.00042    6.96143    9.94858  303.31161     6.5572   15.63646 4.2997e-02     0.1957     0.4744 0.0000e+00
        736  46.478399    0.05102     3.0615    183.689     81.781  50841.003    31.8744     6.5699     81.000     6.5641    25.0139     6.2950     8.9961     90.443    274.274    281.134   -0.00054    6.96027    9.94691  303.25976     6.5630   15.63396 4.1540e-02     0.1983     0.4775 0.0000e+00
        739  46.478410    0.05128     3.0769    184.613     82.790  50845.495    31.8774     6.5718     82.000     6.5652    25.0161     6.2927     8.9928     90.414    274.172    281.031   -0.00064    6.95983    9.94629  303.24003     6.5647   15.63301 4.0181e-02     0.1859     0.4721 0.0000e+00
        743  46.478419    0.05150     3.0897    185.380     83.800  50850.480    31.8805     6.5724     83.000     6.5651    25.0185     6.2912     8.9906     90.395    274.106    280.964   -0.00067    6.95958    9.94595  303.22901     6.5653   15.63248 3.8588e-02     0.1862     0.4664 0.0000e+00
        745  46.478427    0.05170     3.1017    186.100     84.810  50857.188    31.8847     6.5723     84.000     6.5655    25.0217     6.2890     8.9876     90.366    274.009    280.865   -0.00076    6.95940    9.94568  303.21965     6.5652   15.63201 3.8111e-02     0.1875     0.4670 0.0000e+00
        749  46.478436    0.05192     3.1152    186.912     85.820  50865.268    31.8900     6.5735     85.000     6.5678    25.0259     6.2884     8.9868     90.364    273.984    280.840   -0.00070    6.95896    9.94505  303.19934     6.5663   15.63102 3.8021e-02     0.1891     0.4679 0.0000e+00
        754  46.478452    0.05228     3.1372    188.230     86.829  50870.218    31.8937     6.5772     86.000     6.5706    25.0283     6.2861     8.9835     90.342    273.884    280.740   -0.00062    6.95820    9.94397  303.16564     6.5698   15.62940 3.7999e-02     0.1861     0.4698 0.0000e+00
        760  46.478469    0.05270     3.1620    189.720     87.840  50873.106    31.8955     6.5791     87.000     6.5724    25.0296     6.2803     8.9752     90.262    273.629    280.478   -0.00087    6.95781    9.94340  303.14792     6.5716   15.62855 3.8191e-02     0.1675     0.4754 0.0000e+00
        763  46.478478    0.05292     3.1749    190.491     88.850  50881.369    31.9011     6.5808     88.000     6.5758    25.0337     6.2802     8.9751     90.268    273.625    280.475   -0.00076    6.95728    9.94265  303.12391     6.5732   15.62738 3.8313e-02     0.1597     0.4798 0.0000e+00
        766  46.478486    0.05310     3.1859    191.155     89.859  50893.218    31.9096     6.5844     89.000     6.5810    25.0399     6.2827     8.9786     90.316    273.730    280.585   -0.00043    6.95630    9.94125  303.07931     6.5768   15.62522 3.8088e-02     0.1642     0.4867 0.0000e+00
        769  46.478494    0.05330     3.1982    191.893     90.869  50898.334    31.9138     6.5905     90.000     6.5857    25.0425     6.2855     8.9825     90.372    273.851    280.709   -0.00007    6.95513    9.93957  303.02735     6.5828   15.62272 3.8004e-02     0.1637     0.4966 0.0000e+00
        773  46.478508    0.05363     3.2176    193.054     91.879  50897.739    31.9137     6.5951     91.000     6.5880    25.0419     6.2841     8.9807     90.362    273.792    280.648   -0.00012    6.95439    9.93852  302.99561     6.5872   15.62121 3.7981e-02     0.1565     0.4937 0.0000e+00
        778  46.478523    0.05399     3.2393    194.361     92.889  50899.380    31.9146     6.5963     92.000     6.5887    25.0425     6.2768     8.9702     90.260    273.473    280.322   -0.00068    6.95414    9.93815  302.98423     6.5885   15.62066 3.7976e-02     0.1861     0.4863 0.0000e+00
        782  46.478533    0.05425     3.2547    195.280     93.899  50903.264    31.9170     6.5970     93.000     6.5897    25.0442     6.2752     8.9679     90.240    273.403    280.250   -0.00075    6.95392    9.93785  302.97434     6.5891   15.62018 3.7976e-02     0.1823     0.4974 0.0000e+00
        785  46.478543    0.05446     3.2674    196.045     94.909  50905.892    31.9186     6.5981     94.000     6.5906    25.0453     6.2768     8.9701     90.266    273.472    280.321   -0.00050    6.95368    9.93750  302.96333     6.5900   15.61965 3.7976e-02     0.1672     0.5064 0.0000e+00
        789  46.478552    0.05469     3.2815    196.889     95.918  50906.662    31.9188     6.5991     95.000     6.5911    25.0454     6.2772     8.9707     90.273    273.488    280.338   -0.00040    6.95352    9.93727  302.95635     6.5909   15.61931 3.7976e-02     0.1621     0.5091 0.0000e+00
        794  46.478567    0.05506     3.3037    198.224     96.929  50907.172    31.9188     6.5995     96.000     6.5913    25.0453     6.2767     8.9700     90.268    273.468    280.317   -0.00036    6.95344    9.93717  302.95319     6.5913   15.61917 3.7976e-02     0.1570     0.4855 0.0000e+00
        799  46.478583    0.05543     3.3258    199.548     97.939  50907.934    31.9188     6.5997     97.000     6.5914    25.0453     6.2762     8.9692     90.260    273.445    280.294   -0.00032    6.95340    9.93711  302.95157     6.5914   15.61909 3.7976e-02     0.1743     0.4891 0.0000e+00
        803  46.478593    0.05568     3.3409    200.457     98.948  50908.866    31.9191     6.5998     98.000     6.5915    25.0455     6.2742     8.9664     90.232    273.358    280.205   -0.00046    6.95338    9.93707  302.95039     6.5914   15.61903 3.7976e-02     0.1635     0.5028 0.0000e+00
        806  46.478603    0.05591     3.3547    201.280     99.958  50909.803    31.9192     6.6000     99.000     6.5916    25.0457     6.2728     8.9644     90.212    273.298    280.143   -0.00055    6.95334    9.93701  302.94861     6.5915   15.61895 3.7976e-02     0.1489     0.5057 0.0000e+00
        810  46.478614    0.05618     3.3706    202.233    100.969  50910.392    31.9192     6.6001    100.000     6.5915    25.0457     6.2728     8.9644     90.213    273.298    280.143   -0.00048    6.95332    9.93700  302.94805     6.5915   15.61892 3.7976e-02     0.1560     0.5046 0.0000e+00
        815  46.478628    0.05651     3.3906    203.435    101.978  50911.267    31.9193     6.6001    101.000     6.5914    25.0458     6.2721     8.9634     90.202    273.266    280.110   -0.00045    6.95332    9.93699  302.94790     6.5914   15.61891 3.7976e-02     0.1671     0.5081 0.0000e+00
        819  46.478641    0.05682     3.4093    204.560    102.988  50912.003    31.9194     6.6002    102.000     6.5914    25.0458     6.2731     8.9649     90.218    273.313    280.158   -0.00029    6.95331    9.93697  302.94716     6.5914   15.61888 3.7976e-02     0.1647     0.5035 0.0000e+00
        823  46.478652    0.05707     3.4244    205.464    103.998  50912.880    31.9196     6.6003    103.000     6.5915    25.0459     6.2725     8.9640     90.209    273.285    280.129   -0.00032    6.95328    9.93694  302.94603     6.5914   15.61883 3.7976e-02     0.1572     0.4966 0.0000e+00
        827  46.478662    0.05733     3.4401    206.404    105.008  50914.008    31.9199     6.6006    104.000     6.5919    25.0462     6.2723     8.9638     90.208    273.280    280.124   -0.00034    6.95321    9.93684  302.94310     6.5917   15.61868 3.7976e-02     0.1619     0.5093 0.0000e+00
        831  46.478676    0.05767     3.4603    207.619    106.018  50914.646    31.9200     6.6010    105.000     6.5921    25.0462     6.2766     8.9700     90.271    273.466    280.315    0.00002    6.95314    9.93673  302.93956     6.5920   15.61851 3.7976e-02     0.1622     0.5043 0.0000e+00
        836  46.478690    0.05801     3.4802    208.813    107.028  50915.419    31.9201     6.6012    106.000     6.5921    25.0463     6.2777     8.9714     90.285    273.509    280.360    0.00007    6.95311    9.93669  302.93831     6.5921   15.61845 3.7976e-02     0.1532     0.5037 0.0000e+00
        840  46.478701    0.05826     3.4958    209.747    108.038  50915.940    31.9200     6.6013    107.000     6.5920    25.0462     6.2770     8.9705     90.277    273.483    280.333   -0.00011    6.95310    9.93668  302.93821     6.5921   15.61845 3.7976e-02     0.1693     0.5139 0.0000e+00
