CTD-processing/allCTD/CNV/2016-05-17-tutkabay-intensive-cast253_5028.cnv
* Sea-Bird SBE19plus Data File:
* FileName = C:\Users\Kris.Holderied\Documents\kasitsna\Research-KBL\Oceanography-AK\CTD-Data-ALL-to-2016-05\2016-CTD-KachemakBay-CookInlet\2016-05-17-TutkaBay-Intensive-phytoplankton\2016-05-17-TutkaBay-Intensive-cast253.hex
* Software Version 1.59
* Temperature SN =  5028
* Conductivity SN =  5028
* System UpLoad Time = Jun 03 2016 19:09:32
** Tutka Bay Intensive Phytoplankton Transect - head to entrance
** Date (YYYY-MM-DD): 2016-05-17
** Station (ie. 9-01):  to add
** Start time (AKST): to add
** Depth (m): to add
** Comment:  Along-bay transect with CTD, phytoplankton and nutrient sampling
** Comment:
# nquan = 27
# nvalues = 36                          
# units = specified
# name 0 = scan: Scan Count
# name 1 = timeJ: Julian Days
# name 2 = timeH: Time, Elapsed [hours]
# name 3 = timeM: Time, Elapsed [minutes]
# name 4 = timeS: Time, Elapsed [seconds]
# name 5 = prdM: Pressure, Strain Gauge [db]
# name 6 = specc: Specific Conductance [uS/cm]
# name 7 = sal00: Salinity, Practical [PSU]
# name 8 = tv290C: Temperature [ITS-90, deg C]
# name 9 = depSM: Depth [salt water, m], lat = 59.00
# name 10 = potemp090C: Potential Temperature [ITS-90, deg C]
# name 11 = sigma-é00: Density [sigma-theta, kg/m^3]
# name 12 = sbeox0ML/L: Oxygen, SBE 43 [ml/l]
# name 13 = sbeox0Mg/L: Oxygen, SBE 43 [mg/l]
# name 14 = sbeox0PS: Oxygen, SBE 43 [% saturation]
# name 15 = sbox0Mm/Kg: Oxygen, SBE 43 [umol/kg]
# name 16 = sbeox0Mm/L: Oxygen, SBE 43 [umol/l]
# name 17 = sbox0dV/dT: Oxygen, SBE 43 [dov/dt]
# name 18 = oxsolML/L: Oxygen Saturation, Garcia & Gordon [ml/l]
# name 19 = oxsolMg/L: Oxygen Saturation, Garcia & Gordon [mg/l]
# name 20 = oxsolMm/Kg: Oxygen Saturation, Garcia & Gordon [umol/kg]
# name 21 = potemp090C: Potential Temperature [ITS-90, deg C]
# name 22 = n2satMg/L: Nitrogen Saturation [mg/l]
# name 23 = par: PAR/Irradiance, Biospherical/Licor
# name 24 = flECO-AFL: Fluorescence, WET Labs ECO-AFL/FL [mg/m^3]
# name 25 = turbWETntu0: Turbidity, WET Labs ECO [NTU]
# name 26 = flag: flag
# span 0 =        336,        428       
# span 1 = 138.532438, 138.532705       
# span 2 =    0.02323,    0.02963       
# span 3 =     1.3938,     1.7782       
# span 4 =     83.626,    106.698       
# span 5 =      1.009,     36.345       
# span 6 =  45730.424,  49926.468       
# span 7 =    28.7947,    31.3322       
# span 8 =     6.9680,     9.4644       
# span 9 =      1.000,     36.000       
# span 10 =     6.9653,     9.2745      
# span 11 =    22.1946,    24.5354      
# span 12 =     6.6434,     8.8699      
# span 13 =     9.4939,    12.6761      
# span 14 =     95.988,    133.398      
# span 15 =    289.584,    387.533      
# span 16 =    296.690,    396.132      
# span 17 =   -0.08053,    0.00149      
# span 18 =    6.64930,    6.92103      
# span 19 =    9.50252,    9.89085      
# span 20 =  290.51029,  301.69158      
# span 21 =     6.9648,     9.4643      
# span 22 =   15.03811,   15.56140      
# span 23 = 1.0129e-01, 2.4275e+02      
# span 24 =     0.2266,     6.4631      
# span 25 =     0.7108,     0.9445      
# span 26 = 0.0000e+00, 0.0000e+00      
# interval = meters: 1                  
# start_time = May 17 2016 12:45:19 [Instrument's time stamp, header]
# bad_flag = -9.990e-29
*END*
        336 138.532438    0.02323     1.3938     83.626      1.009  45730.424    28.7947     9.4644      1.000     9.2745    22.1946     8.8699    12.6761    133.398    387.533    396.132    0.00149    6.64930    9.50252  290.51029     9.4643   15.03811 2.4275e+02     1.4254     0.7393 0.0000e+00
        340 138.532450    0.02351     1.4108     84.650      2.019  47482.152    29.9595     9.0308      2.000     8.7944    23.1693     8.7780    12.5448    131.734    383.153    392.029   -0.00874    6.66373    9.52314  290.86269     9.0306   15.05013 1.4830e+02     2.1688     0.8457 0.0000e+00
        342 138.532458    0.02371     1.4226     85.357      3.028  48098.558    30.3437     8.6978      3.000     8.4242    23.5191     8.7467    12.4999    130.611    381.651    390.625   -0.01523    6.69701    9.57070  292.21541     8.6975   15.11317 9.9447e+01     3.3108     0.8900 0.0000e+00
        345 138.532465    0.02389     1.4331     85.983      4.038  48526.994    30.5932     8.3557      4.000     8.1042    23.7640     8.7487    12.5027    129.850    381.645    390.714   -0.01717    6.73792    9.62916  293.93009     8.3553   15.19403 7.2258e+01     4.6196     0.9227 0.0000e+00
        347 138.532472    0.02405     1.4430     86.579      5.047  48873.649    30.7912     8.0626      5.000     7.8723    23.9611     8.7127    12.4513    128.632    380.005    389.109   -0.02079    6.77395    9.68065  295.44512     8.0621   15.26555 5.4109e+01     5.6926     0.9416 0.0000e+00
        350 138.532479    0.02422     1.4528     87.169      6.056  49099.066    30.9138     7.8386      6.000     7.6750    24.0888     8.6004    12.2908    126.435    375.059    384.093   -0.02976    6.80298    9.72215  296.67464     7.8380   15.32374 4.0287e+01     6.4631     0.9445 0.0000e+00
        352 138.532486    0.02438     1.4628     87.767      7.066  49278.702    31.0086     7.6489      7.000     7.5221    24.1894     8.4015    12.0065    123.056    366.349    375.209   -0.04438    6.82821    9.75820  297.74553     7.6482   15.37447 3.0336e+01     6.2923     0.9297 0.0000e+00
        354 138.532492    0.02454     1.4728     88.370      8.075  49425.364    31.0865     7.5010      8.000     7.4204    24.2709     8.1645    11.6678    119.239    355.986    364.625   -0.05999    6.84781    9.78619  298.57604     7.5002   15.41378 2.2819e+01     5.5726     0.9045 0.0000e+00
        357 138.532500    0.02471     1.4830     88.982      9.085  49515.175    31.1336     7.4093      9.000     7.3603    24.3204     7.9256    11.3265    115.541    345.554    353.957   -0.07229    6.86005    9.80370  299.09583     7.4085   15.43839 1.7377e+01     4.7162     0.8764 0.0000e+00
        359 138.532507    0.02489     1.4934     89.601     10.095  49567.483    31.1601     7.3517     10.000     7.3146    24.3490     7.7153    11.0259    112.342    336.374    344.563   -0.07944    6.86793    9.81495  299.43084     7.3508   15.45426 1.3233e+01     4.0100     0.8491 0.0000e+00
        362 138.532514    0.02506     1.5038     90.229     11.104  49604.915    31.1783     7.3071     11.000     7.2766    24.3693     7.5551    10.7971    109.910    329.386    337.412   -0.08053    6.87412    9.82381  299.69500     7.3061   15.46679 1.0189e+01     3.5060     0.8234 0.0000e+00
        364 138.532521    0.02524     1.5143     90.860     12.114  49640.532    31.1966     7.2709     12.000     7.2508    24.3884     7.4433    10.6374    108.206    324.507    332.421   -0.07679    6.87902    9.83081  299.90281     7.2698   15.47663 7.8418e+00     3.0905     0.8117 0.0000e+00
        367 138.532529    0.02542     1.5249     91.493     13.123  49663.074    31.2079     7.2482     13.000     7.2348    24.4005     7.3729    10.5366    107.133    321.431    329.275   -0.06959    6.88208    9.83519  300.03315     7.2471   15.48280 6.0772e+00     2.7746     0.8087 0.0000e+00
        370 138.532537    0.02559     1.5354     92.128     14.133  49674.729    31.2130     7.2331     14.000     7.2201    24.4065     7.3223    10.4644    106.364    319.225    327.016   -0.06155    6.88425    9.83829  300.12579     7.2318   15.48719 4.7008e+00     2.6016     0.8073 0.0000e+00
        372 138.532543    0.02576     1.5460     92.763     15.142  49682.639    31.2154     7.2177     15.000     7.2021    24.4105     7.2869    10.4137    105.813    317.678    325.432   -0.05376    6.88659    9.84163  300.22653     7.2163   15.49199 3.6581e+00     2.4809     0.8065 0.0000e+00
        375 138.532551    0.02594     1.5567     93.401     16.151  49697.901    31.2225     7.1996     16.000     7.1862    24.4184     7.2576    10.3719    105.349    316.398    324.124   -0.04662    6.88913    9.84526  300.33495     7.1982   15.49714 2.8445e+00     2.3574     0.8007 0.0000e+00
        377 138.532559    0.02612     1.5674     94.044     17.161  49710.598    31.2284     7.1846     17.000     7.1709    24.4250     7.2306    10.3333    104.926    315.221    322.920   -0.04053    6.89124    9.84828  300.42511     7.1831   15.50141 2.2417e+00     2.2220     0.7765 0.0000e+00
        380 138.532566    0.02630     1.5781     94.682     18.171  49720.055    31.2318     7.1688     18.000     7.1493    24.4298     7.2021    10.2926    104.476    313.977    321.647   -0.03570    6.89359    9.85164  300.52611     7.1672   15.50622 1.7821e+00     2.1021     0.7595 0.0000e+00
        382 138.532573    0.02648     1.5886     95.315     19.180  49734.846    31.2375     7.1447     19.000     7.1144    24.4375     7.1705    10.2474    103.963    312.596    320.235   -0.03222    6.89717    9.85675  300.67976     7.1430   15.51352 1.4367e+00     1.9620     0.7553 0.0000e+00
        385 138.532580    0.02666     1.5991     95.948     20.190  49764.142    31.2507     7.1053     20.000     7.0680    24.4530     7.1330    10.1937    103.334    310.954    318.558   -0.03008    6.90284    9.86485  300.92227     7.1036   15.52503 1.1772e+00     1.7077     0.7424 0.0000e+00
        387 138.532588    0.02683     1.6097     96.582     21.199  49811.813    31.2756     7.0607     21.000     7.0320    24.4785     7.0866    10.1275    102.574    308.926    316.488   -0.02902    6.90882    9.87340  301.17570     7.0588   15.53701 9.7029e-01     1.3386     0.7233 0.0000e+00
        390 138.532595    0.02700     1.6203     97.216     22.209  49850.651    31.2965     7.0281     22.000     7.0077    24.4992     7.0274    10.0428    101.654    306.337    313.842   -0.02914    6.91305    9.87944  301.35390     7.0262   15.54543 8.0977e-01     0.9100     0.7108 0.0000e+00
        392 138.532602    0.02718     1.6308     97.851     23.219  49878.658    31.3116     7.0053     23.000     6.9917    24.5141     6.9598     9.9463    100.634    303.388    310.825   -0.02993    6.91601    9.88368  301.47862     7.0033   15.55132 6.7591e-01     0.5689     0.7194 0.0000e+00
        395 138.532610    0.02736     1.6414     98.487     24.228  49895.740    31.3207     6.9919     24.000     6.9846    24.5230     6.8931     9.8509     99.642    300.474    307.842   -0.03055    6.91774    9.88614  301.55140     6.9898   15.55475 5.6480e-01     0.3701     0.7549 0.0000e+00
        398 138.532618    0.02754     1.6521     99.125     25.238  49903.690    31.3247     6.9857     25.000     6.9818    24.5270     6.8373     9.7712     98.826    298.044    305.354   -0.03014    6.91854    9.88729  301.58504     6.9835   15.55634 4.7159e-01     0.2904     0.7743 0.0000e+00
        400 138.532624    0.02771     1.6627     99.763     26.248  49905.846    31.3253     6.9838     26.000     6.9805    24.5278     6.7986     9.7158     98.262    296.355    303.624   -0.02826    6.91882    9.88768  301.59691     6.9815   15.55691 3.9605e-01     0.2707     0.7807 0.0000e+00
        403 138.532632    0.02789     1.6732    100.396     27.256  49906.247    31.3249     6.9826     27.000     6.9785    24.5276     6.7725     9.6786     97.882    295.219    302.460   -0.02556    6.91903    9.88799  301.60612     6.9803   15.55735 3.3424e-01     0.2651     0.7838 0.0000e+00
        405 138.532639    0.02807     1.6838    101.026     28.266  49907.566    31.3250     6.9804     28.000     6.9758    24.5279     6.7562     9.6553     97.642    294.509    301.733   -0.02253    6.91938    9.88847  301.62105     6.9780   15.55806 2.8465e-01     0.2628     0.7894 0.0000e+00
        408 138.532647    0.02823     1.6942    101.653     29.275  49910.298    31.3260     6.9777     29.000     6.9733    24.5290     6.7429     9.6364     97.445    293.931    301.141   -0.01967    6.91976    9.88904  301.63778     6.9752   15.55885 2.4270e-01     0.2592     0.7990 0.0000e+00
        410 138.532653    0.02841     1.7047    102.284     30.285  49912.463    31.3266     6.9755     30.000     6.9711    24.5298     6.7299     9.6177     97.252    293.362    300.559   -0.01732    6.92009    9.88950  301.65158     6.9729   15.55951 2.0774e-01     0.2490     0.8158 0.0000e+00
        413 138.532661    0.02859     1.7153    102.918     31.295  49914.500    31.3272     6.9733     31.000     6.9689    24.5307     6.7160     9.5979     97.046    292.756    299.937   -0.01543    6.92041    9.88996  301.66544     6.9706   15.56016 1.7839e-01     0.2407     0.8398 0.0000e+00
        415 138.532669    0.02877     1.7259    103.556     32.304  49917.137    31.3282     6.9713     32.000     6.9672    24.5317     6.7017     9.5775     96.837    292.133    299.299   -0.01392    6.92069    9.89035  301.67721     6.9685   15.56072 1.5556e-01     0.2369     0.8748 0.0000e+00
        418 138.532676    0.02895     1.7367    104.200     33.314  49919.456    31.3291     6.9698     33.000     6.9662    24.5326     6.6867     9.5560     96.617    291.479    298.629   -0.01273    6.92088    9.89064  301.68554     6.9670   15.56112 1.3826e-01     0.2291     0.9025 0.0000e+00
        420 138.532683    0.02913     1.7477    104.860     34.324  49921.187    31.3297     6.9689     34.000     6.9656    24.5332     6.6735     9.5371     96.424    290.902    298.038   -0.01158    6.92100    9.89080  301.69044     6.9660   15.56135 1.2310e-01     0.2266     0.9122 0.0000e+00
        423 138.532692    0.02934     1.7602    105.613     35.333  49922.853    31.3303     6.9685     35.000     6.9653    24.5337     6.6611     9.5194     96.244    290.361    297.484   -0.01026    6.92103    9.89085  301.69158     6.9655   15.56140 1.1098e-01     0.2348     0.8947 0.0000e+00
        428 138.532705    0.02963     1.7782    106.698     36.345  49926.468    31.3322     6.9680     36.000     6.9657    24.5354     6.6434     9.4939     95.988    289.584    296.690   -0.00861    6.92101    9.89082  301.69064     6.9648   15.56135 1.0129e-01     0.2395     0.8786 0.0000e+00
