CTD-processing/allCTD/CNV/2016_01-07_t9_s04_cast067_5028.cnv
* Sea-Bird SBE19plus Data File:
* FileName = C:\Users\Kris.Holderied\Documents\kasitsna\Research-KBL\Oceanography-AK\CTD-Data-ALL-to-2015-10\2016-CTD-KachemakBay-CookInlet\2016-01-07-CookInlet-HomerSpit-monthly-plus\2016-01-07-CookInlet-Tran9-plus-cast067.hex
* Software Version 1.59
* Temperature SN =  5028
* Conductivity SN =  5028
* System UpLoad Time = Feb 09 2016 08:00:44
** Cook Inlet LTM Tran9 Homer Spit
** Date (YYYY-MM-DD): 2016-01-07
** Station (ie. 9-01):  9-04
** Start time (AKST): 13:11
** Depth (m): 97.5
** Comment: R/V Edgecumbe
** Comment:
# nquan = 27
# nvalues = 91                          
# units = specified
# name 0 = scan: Scan Count
# name 1 = timeJ: Julian Days
# name 2 = timeH: Time, Elapsed [hours]
# name 3 = timeM: Time, Elapsed [minutes]
# name 4 = timeS: Time, Elapsed [seconds]
# name 5 = prdM: Pressure, Strain Gauge [db]
# name 6 = specc: Specific Conductance [uS/cm]
# name 7 = sal00: Salinity, Practical [PSU]
# name 8 = tv290C: Temperature [ITS-90, deg C]
# name 9 = depSM: Depth [salt water, m], lat = 59.00
# name 10 = potemp090C: Potential Temperature [ITS-90, deg C]
# name 11 = sigma-é00: Density [sigma-theta, kg/m^3]
# name 12 = sbeox0ML/L: Oxygen, SBE 43 [ml/l]
# name 13 = sbeox0Mg/L: Oxygen, SBE 43 [mg/l]
# name 14 = sbeox0PS: Oxygen, SBE 43 [% saturation]
# name 15 = sbox0Mm/Kg: Oxygen, SBE 43 [umol/kg]
# name 16 = sbeox0Mm/L: Oxygen, SBE 43 [umol/l]
# name 17 = sbox0dV/dT: Oxygen, SBE 43 [dov/dt]
# name 18 = oxsolML/L: Oxygen Saturation, Garcia & Gordon [ml/l]
# name 19 = oxsolMg/L: Oxygen Saturation, Garcia & Gordon [mg/l]
# name 20 = oxsolMm/Kg: Oxygen Saturation, Garcia & Gordon [umol/kg]
# name 21 = potemp090C: Potential Temperature [ITS-90, deg C]
# name 22 = n2satMg/L: Nitrogen Saturation [mg/l]
# name 23 = par: PAR/Irradiance, Biospherical/Licor
# name 24 = flECO-AFL: Fluorescence, WET Labs ECO-AFL/FL [mg/m^3]
# name 25 = turbWETntu0: Turbidity, WET Labs ECO [NTU]
# name 26 = flag: flag
# span 0 =        180,        734       
# span 1 =   7.550355,   7.551958       
# span 2 =    0.01241,    0.05089       
# span 3 =     0.7443,     3.0539       
# span 4 =     44.656,    183.233       
# span 5 =      1.010,     91.880       
# span 6 =  46482.221,  50117.197       
# span 7 =    28.5150,    31.3754       
# span 8 =     4.4543,     6.6125       
# span 9 =      1.000,     91.000       
# span 10 =     4.5218,     6.6048      
# span 11 =    22.5905,    24.6155      
# span 12 =     5.4733,     6.3682      
# span 13 =     7.8219,     9.1008      
# span 14 =     73.119,     89.406      
# span 15 =    239.038,    277.837      
# span 16 =    244.437,    284.403      
# span 17 =   -0.00508,    0.04894      
# span 18 =    6.97633,    7.48562      
# span 19 =    9.96987,   10.69770      
# span 20 =  304.07765,  326.92327      
# span 21 =     4.4542,     6.6047      
# span 22 =   15.67501,   16.77421      
# span 23 = 3.7510e-02, 2.9856e+01      
# span 24 =     0.0718,     0.2450      
# span 25 =     0.4810,     4.6603      
# span 26 = 0.0000e+00, 0.0000e+00      
# interval = meters: 1                  
# start_time = Jan 07 2016 13:11:46 [Instrument's time stamp, header]
# bad_flag = -9.990e-29
*END*
[from data line 54]
        542   7.551402    0.03754     2.2522    135.135     55.527  50048.398    31.3341     6.5551     55.000     6.5508    24.5898     6.2423     8.9209     89.335    272.091    278.782    0.00004    6.98754    9.98589  304.57411     6.5505   15.69883 3.8432e-02     0.1126     0.4994 0.0000e+00
        547   7.551417    0.03791     2.2742    136.452     56.536  50049.757    31.3348     6.5560     56.000     6.5516    24.5901     6.2471     8.9278     89.406    272.301    278.997    0.00040    6.98737    9.98564  304.56615     6.5513   15.69845 3.8240e-02     0.1076     0.5050 0.0000e+00
        552   7.551433    0.03827     2.2967    137.801     57.545  50051.430    31.3356     6.5569     57.000     6.5524    24.5908     6.2407     8.9185     89.316    272.018    278.708   -0.00029    6.98718    9.98538  304.55835     6.5521   15.69807 3.8089e-02     0.1061     0.5234 0.0000e+00
        557   7.551448    0.03864     2.3183    139.099     58.556  50053.159    31.3365     6.5578     58.000     6.5534    24.5913     6.2437     8.9228     89.361    272.149    278.841   -0.00005    6.98698    9.98510  304.54942     6.5529   15.69764 3.8186e-02     0.0985     0.5099 0.0000e+00
        563   7.551463    0.03901     2.3405    140.432     59.565  50054.492    31.3372     6.5591     59.000     6.5543    24.5917     6.2444     8.9239     89.375    272.182    278.875    0.00002    6.98676    9.98477  304.53942     6.5541   15.69716 3.8813e-02     0.0986     0.5084 0.0000e+00
        568   7.551478    0.03937     2.3620    141.720     60.576  50055.316    31.3374     6.5596     60.000     6.5546    24.5918     6.2383     8.9152     89.289    271.916    278.603   -0.00051    6.98667    9.98464  304.53540     6.5545   15.69697 3.8227e-02     0.1073     0.5326 0.0000e+00
        573   7.551494    0.03974     2.3844    143.064     61.585  50057.702    31.3387     6.5604     61.000     6.5559    24.5928     6.2382     8.9150     89.290    271.911    278.598   -0.00043    6.98646    9.98435  304.52614     6.5553   15.69652 3.8002e-02     0.1196     0.5106 0.0000e+00
        579   7.551510    0.04013     2.4080    144.479     62.594  50060.162    31.3403     6.5623     62.000     6.5578    24.5938     6.2409     8.9190     89.334    272.031    278.721   -0.00008    6.98608    9.98381  304.50945     6.5571   15.69572 3.7979e-02     0.1125     0.5124 0.0000e+00
        584   7.551526    0.04052     2.4308    145.851     63.604  50063.518    31.3426     6.5645     63.000     6.5604    24.5953     6.2424     8.9210     89.360    272.092    278.783    0.00001    6.98562    9.98316  304.48888     6.5591   15.69473 3.7977e-02     0.1079     0.5188 0.0000e+00
        590   7.551541    0.04087     2.4523    147.140     64.614  50070.458    31.3478     6.5690     64.000     6.5661    24.5989     6.2412     8.9194     89.356    272.041    278.733   -0.00005    6.98466    9.98177  304.44570     6.5636   15.69265 3.7976e-02     0.0970     0.5205 0.0000e+00
        595   7.551556    0.04122     2.4732    148.393     65.624  50073.432    31.3505     6.5751     65.000     6.5716    24.6002     6.2383     8.9152     89.329    271.913    278.603   -0.00025    6.98353    9.98017  304.39637     6.5696   15.69029 3.7976e-02     0.1059     0.5226 0.0000e+00
        599   7.551569    0.04156     2.4934    149.602     66.634  50075.493    31.3522     6.5795     66.000     6.5755    24.6011     6.2369     8.9132     89.319    271.854    278.543   -0.00027    6.98274    9.97904  304.36167     6.5739   15.68863 3.7976e-02     0.1129     0.5291 0.0000e+00
        604   7.551584    0.04191     2.5144    150.863     67.643  50079.643    31.3555     6.5843     67.000     6.5804    24.6031     6.2353     8.9109     89.308    271.782    278.469   -0.00031    6.98181    9.97771  304.32043     6.5786   15.68665 3.7976e-02     0.1031     0.5268 0.0000e+00
        610   7.551600    0.04228     2.5370    152.218     68.653  50080.610    31.3564     6.5882     68.000     6.5832    24.6033     6.2323     8.9067     89.274    271.653    278.337   -0.00042    6.98113    9.97673  304.29074     6.5825   15.68523 3.7976e-02     0.1037     0.5361 0.0000e+00
        615   7.551615    0.04265     2.5592    153.551     69.663  50086.209    31.3602     6.5906     69.000     6.5865    24.6061     6.2271     8.8991     89.206    271.422    278.101   -0.00071    6.98056    9.97591  304.26495     6.5848   15.68398 3.7976e-02     0.1132     0.5375 0.0000e+00
        621   7.551632    0.04307     2.5839    155.036     70.673  50088.437    31.3620     6.5944     70.000     6.5889    24.6070     6.2229     8.8931     89.155    271.240    277.915   -0.00076    6.97986    9.97492  304.23432     6.5885   15.68252 3.7976e-02     0.1104     0.5787 0.0000e+00
        627   7.551650    0.04350     2.6101    156.604     71.683  50093.087    31.3652     6.5968     71.000     6.5921    24.6092     6.2173     8.8851     89.081    270.994    277.663   -0.00090    6.97933    9.97416  304.21058     6.5907   15.68137 3.7978e-02     0.1177     0.6175 0.0000e+00
        633   7.551667    0.04389     2.6333    157.997     72.692  50093.583    31.3656     6.5999     72.000     6.5942    24.6092     6.2136     8.8800     89.036    270.838    277.503   -0.00087    6.97881    9.97342  304.18790     6.5938   15.68029 3.7989e-02     0.1196     0.6355 0.0000e+00
        639   7.551684    0.04431     2.6584    159.505     73.702  50093.900    31.3655     6.6007     73.000     6.5946    24.6090     6.2064     8.8696     88.934    270.521    277.179   -0.00113    6.97868    9.97324  304.18244     6.5945   15.68003 3.7979e-02     0.1091     0.6890 0.0000e+00
        645   7.551703    0.04475     2.6854    161.122     74.711  50095.497    31.3663     6.6013     74.000     6.5952    24.6095     6.2051     8.8678     88.918    270.466    277.122   -0.00083    6.97855    9.97305  304.17640     6.5950   15.67974 3.7976e-02     0.1103     0.7006 0.0000e+00
        651   7.551720    0.04517     2.7100    162.601     75.721  50096.477    31.3666     6.6019     75.000     6.5957    24.6097     6.2044     8.8667     88.908    270.432    277.088   -0.00063    6.97843    9.97289  304.17148     6.5955   15.67950 3.7976e-02     0.1059     0.7129 0.0000e+00
        657   7.551736    0.04556     2.7336    164.018     76.732  50098.415    31.3676     6.6026     76.000     6.5966    24.6104     6.2072     8.8707     88.950    270.554    277.212   -0.00025    6.97827    9.97265  304.16414     6.5962   15.67915 3.7977e-02     0.1039     0.7131 0.0000e+00
        663   7.551752    0.04594     2.7563    165.376     77.742  50100.956    31.3692     6.6041     77.000     6.5984    24.6115     6.2080     8.8719     88.966    270.591    277.250   -0.00012    6.97796    9.97220  304.15008     6.5976   15.67847 3.7993e-02     0.0936     0.7078 0.0000e+00
        668   7.551767    0.04630     2.7781    166.684     78.751  50102.885    31.3705     6.6064     78.000     6.6002    24.6122     6.2048     8.8672     88.925    270.448    277.104   -0.00035    6.97754    9.97160  304.13155     6.5997   15.67758 3.8035e-02     0.0903     0.7562 0.0000e+00
        673   7.551783    0.04668     2.8004    168.023     79.761  50103.286    31.3705     6.6074     79.000     6.6007    24.6121     6.2003     8.8609     88.863    270.255    276.907   -0.00062    6.97738    9.97137  304.12450     6.6006   15.67725 3.7982e-02     0.1109     0.7886 0.0000e+00
        678   7.551797    0.04702     2.8213    169.279     80.771  50104.110    31.3706     6.6075     80.000     6.6008    24.6122     6.1980     8.8576     88.831    270.154    276.804   -0.00063    6.97734    9.97131  304.12276     6.6007   15.67716 3.7976e-02     0.1069     0.7807 0.0000e+00
        683   7.551812    0.04737     2.8424    170.544     81.780  50105.218    31.3710     6.6080     81.000     6.6013    24.6124     6.1952     8.8535     88.791    270.029    276.676   -0.00074    6.97725    9.97119  304.11893     6.6011   15.67698 3.7976e-02     0.0958     0.7932 0.0000e+00
        688   7.551826    0.04772     2.8630    171.781     82.791  50108.260    31.3728     6.6089     82.000     6.6026    24.6138     6.1989     8.8589     88.848    270.194    276.844   -0.00026    6.97701    9.97084  304.10796     6.6020   15.67645 3.7976e-02     0.1002     0.7955 0.0000e+00
        693   7.551839    0.04804     2.8825    172.948     83.800  50109.993    31.3738     6.6102     83.000     6.6035    24.6144     6.2010     8.8619     88.881    270.285    276.938   -0.00005    6.97675    9.97047  304.09650     6.6032   15.67590 3.7976e-02     0.0992     0.8407 0.0000e+00
        698   7.551854    0.04837     2.9024    174.146     84.810  50111.323    31.3744     6.6110     84.000     6.6041    24.6148     6.1989     8.8588     88.852    270.190    276.841   -0.00023    6.97659    9.97025  304.08965     6.6039   15.67557 3.7976e-02     0.0971     0.9209 0.0000e+00
        702   7.551867    0.04870     2.9222    175.331     85.820  50111.969    31.3744     6.6114     85.000     6.6041    24.6147     6.1946     8.8528     88.792    270.007    276.653   -0.00054    6.97654    9.97019  304.08749     6.6041   15.67547 3.7976e-02     0.1007     0.9351 0.0000e+00
        707   7.551882    0.04905     2.9429    176.571     86.830  50112.952    31.3746     6.6115     86.000     6.6043    24.6149     6.1886     8.8441     88.706    269.741    276.381   -0.00090    6.97651    9.97013  304.08577     6.6042   15.67538 3.7980e-02     0.1052     0.9244 0.0000e+00
        712   7.551896    0.04939     2.9632    177.795     87.840  50113.741    31.3748     6.6116     87.000     6.6043    24.6150     6.1886     8.8440     88.705    269.740    276.380   -0.00070    6.97648    9.97008  304.08441     6.6043   15.67532 3.8021e-02     0.0972     0.9185 0.0000e+00
        717   7.551911    0.04974     2.9843    179.055     88.849  50114.588    31.3749     6.6118     88.000     6.6043    24.6151     6.1878     8.8429     88.695    269.707    276.346   -0.00057    6.97645    9.97005  304.08336     6.6043   15.67527 3.8564e-02     0.0955     0.9250 0.0000e+00
        722   7.551925    0.05008     3.0049    180.296     89.859  50115.634    31.3752     6.6119     89.000     6.6044    24.6154     6.1895     8.8453     88.719    269.779    276.420   -0.00037    6.97641    9.96999  304.08164     6.6044   15.67519 4.0198e-02     0.0935     0.9460 0.0000e+00
        728   7.551940    0.05046     3.0275    181.652     90.869  50116.578    31.3754     6.6121     90.000     6.6045    24.6155     6.1928     8.8501     88.768    269.927    276.571   -0.00001    6.97637    9.96994  304.07986     6.6045   15.67510 3.8711e-02     0.0870     0.9648 0.0000e+00
        734   7.551958    0.05089     3.0539    183.233     91.880  50117.197    31.3754     6.6125     91.000     6.6048    24.6155     6.1914     8.8479     88.747    269.860    276.500   -0.00032    6.97633    9.96987  304.07765     6.6047   15.67501 3.7510e-02     0.0840     1.0197 0.0000e+00
