CTD-processing/allCTD/CNV/2016_08-31_t6_s03_cast117_5028.cnv
* Sea-Bird SBE19plus Data File:
* FileName = C:\Users\Kim.Powell\Desktop\2016_08-31_T6_5028\2016_08-31_T6_5028_cast117.hex
* Software Version 1.59
* Temperature SN =  5028
* Conductivity SN =  5028
* System UpLoad Time = Aug 31 2016 22:23:33
** CookInlet LTM Transect 7
** 2016_08-30
** Station: 6-03
** Start Time: 18:38
** Depth (m): 100.3
** Comment:
** Comment:
# nquan = 27
# nvalues = 92                          
# units = specified
# name 0 = scan: Scan Count
# name 1 = timeJ: Julian Days
# name 2 = timeH: Time, Elapsed [hours]
# name 3 = timeM: Time, Elapsed [minutes]
# name 4 = timeS: Time, Elapsed [seconds]
# name 5 = prdM: Pressure, Strain Gauge [db]
# name 6 = specc: Specific Conductance [uS/cm]
# name 7 = sal00: Salinity, Practical [PSU]
# name 8 = tv290C: Temperature [ITS-90, deg C]
# name 9 = depSM: Depth [salt water, m], lat = 59.00
# name 10 = potemp090C: Potential Temperature [ITS-90, deg C]
# name 11 = sigma-é00: Density [sigma-theta, kg/m^3]
# name 12 = sbeox0ML/L: Oxygen, SBE 43 [ml/l]
# name 13 = sbeox0Mg/L: Oxygen, SBE 43 [mg/l]
# name 14 = sbeox0PS: Oxygen, SBE 43 [% saturation]
# name 15 = sbox0Mm/Kg: Oxygen, SBE 43 [umol/kg]
# name 16 = sbeox0Mm/L: Oxygen, SBE 43 [umol/l]
# name 17 = sbox0dV/dT: Oxygen, SBE 43 [dov/dt]
# name 18 = oxsolML/L: Oxygen Saturation, Garcia & Gordon [ml/l]
# name 19 = oxsolMg/L: Oxygen Saturation, Garcia & Gordon [mg/l]
# name 20 = oxsolMm/Kg: Oxygen Saturation, Garcia & Gordon [umol/kg]
# name 21 = potemp090C: Potential Temperature [ITS-90, deg C]
# name 22 = n2satMg/L: Nitrogen Saturation [mg/l]
# name 23 = par: PAR/Irradiance, Biospherical/Licor
# name 24 = flECO-AFL: Fluorescence, WET Labs ECO-AFL/FL [mg/m^3]
# name 25 = turbWETntu0: Turbidity, WET Labs ECO [NTU]
# name 26 = flag: flag
# span 0 =        199,        702       
# span 1 = 244.777507, 244.778962       
# span 2 =    0.01377,    0.04867       
# span 3 =     0.8262,     2.9201       
# span 4 =     49.574,    175.212       
# span 5 =      1.009,     92.889       
# span 6 =  45236.829,  49471.176       
# span 7 =    28.8589,    31.3706       
# span 8 =     9.4333,    13.6921       
# span 9 =      1.000,     92.000       
# span 10 =     9.4329,    13.6870      
# span 11 =    21.5083,    24.2117      
# span 12 =     5.3269,     5.8343      
# span 13 =     7.6127,     8.3378      
# span 14 =     81.396,     95.969      
# span 15 =    232.277,    255.038      
# span 16 =    237.901,    260.560      
# span 17 =   -0.00872,    0.02160      
# span 18 =    6.06978,    6.54440      
# span 19 =    8.67433,    9.35261      
# span 20 =  265.36036,  285.36414      
# span 21 =     9.4235,    13.6918      
# span 22 =   13.83307,   14.78158      
# span 23 = 6.8365e-02, 2.2326e+02      
# span 24 =     0.1691,     1.0950      
# span 25 =     0.2986,     0.4604      
# span 26 = 0.0000e+00, 0.0000e+00      
# interval = meters: 1                  
# start_time = Aug 31 2016 18:38:47 [Instrument's time stamp, header]
# bad_flag = -9.990e-29
*END*
[from data line 54]
        525 244.778448    0.03637     2.1823    130.936     55.527  47006.066    29.9163    11.7287     55.000    11.7230    22.6940     5.7102     8.1605     90.861    249.360    255.019   -0.00076    6.28463    8.98136  274.44325    11.7220   14.26472 1.0081e-01     0.8123     0.3355 0.0000e+00
        530 244.778463    0.03672     2.2029    132.173     56.537  47004.772    29.9149    11.7284     56.000    11.7183    22.6931     5.7119     8.1630     90.886    249.435    255.096   -0.00049    6.28472    8.98150  274.44767    11.7216   14.26494 9.6696e-02     0.8159     0.3199 0.0000e+00
        534 244.778476    0.03703     2.2221    133.326     57.546  47011.378    29.9183    11.7188     57.000    11.7056    22.6974     5.7192     8.1734     90.985    249.751    255.420    0.00030    6.28588    8.98315  274.49697    11.7118   14.26729 9.3201e-02     0.8084     0.3151 0.0000e+00
        539 244.778488    0.03733     2.2397    134.385     58.555  47023.617    29.9253    11.7066     58.000    11.6986    22.7050     5.7158     8.1684     90.911    249.600    255.268   -0.00024    6.28724    8.98509  274.55427    11.6995   14.27000 9.0153e-02     0.8076     0.3266 0.0000e+00
        543 244.778501    0.03763     2.2578    135.466     59.565  47024.503    29.9255    11.7060     59.000    11.6929    22.7053     5.7099     8.1600     90.816    249.343    255.005   -0.00093    6.28730    8.98519  274.55708    11.6988   14.27013 8.7494e-02     0.8147     0.3264 0.0000e+00
        547 244.778514    0.03794     2.2764    136.586     60.575  47042.485    29.9357    11.6853     60.000    11.6673    22.7170     5.7118     8.1627     90.812    249.422    255.088   -0.00068    6.28967    8.98856  274.65703    11.6780   14.27488 8.5166e-02     0.8118     0.3159 0.0000e+00
        552 244.778528    0.03828     2.2968    137.810     61.584  47061.447    29.9472    11.6706     61.000    11.6658    22.7286     5.7101     8.1602     90.763    249.344    255.011   -0.00084    6.29118    8.99072  274.72002    11.6632   14.27785 8.3117e-02     0.8125     0.3154 0.0000e+00
        557 244.778541    0.03860     2.3159    138.952     62.595  47057.904    29.9445    11.6715     62.000    11.6577    22.7262     5.7109     8.1614     90.776    249.379    255.046   -0.00056    6.29117    8.99070  274.72024    11.6640   14.27788 8.1405e-02     0.8223     0.3223 0.0000e+00
        561 244.778554    0.03892     2.3349    140.094     63.604  47073.578    29.9533    11.6537     63.000    11.6346    22.7363     5.7103     8.1606     90.738    249.354    255.023   -0.00061    6.29320    8.99362  274.80638    11.6461   14.28197 7.9956e-02     0.8125     0.3194 0.0000e+00
        566 244.778568    0.03924     2.3542    141.252     64.614  47098.523    29.9681    11.6297     64.000    11.6139    22.7521     5.7027     8.1497     90.579    249.016    254.681   -0.00145    6.29584    8.99738  274.91724    11.6219   14.28722 7.8725e-02     0.8022     0.3272 0.0000e+00
        570 244.778580    0.03952     2.3715    142.289     65.624  47114.962    29.9768    11.6051     65.000    11.5603    22.7632     5.6981     8.1430     90.462    248.810    254.474   -0.00184    6.29880    9.00161  275.04351    11.5972   14.29323 7.7617e-02     0.7984     0.3062 0.0000e+00
        574 244.778592    0.03981     2.3887    143.323     66.634  47199.077    30.0272    11.5200     66.000    11.4817    22.8173     5.6899     8.1315     90.198    248.443    254.112   -0.00282    6.30824    9.01511  275.44121    11.5121   14.31209 7.6588e-02     0.7801     0.3062 0.0000e+00
        579 244.778605    0.04014     2.4081    144.483     67.643  47255.831    30.0609    11.4626     67.000    11.4145    22.8536     5.6737     8.1083     89.850    247.726    253.388   -0.00426    6.31464    9.02425  275.71078    11.4545   14.32487 7.5772e-02     0.7595     0.3171 0.0000e+00
        584 244.778621    0.04051     2.4306    145.834     68.653  47406.173    30.1492    11.2969     68.000    11.2107    22.9511     5.6620     8.0915     89.397    247.190    252.863   -0.00519    6.33356    9.05130  276.51078    11.2888   14.36284 7.4987e-02     0.7180     0.3194 0.0000e+00
        590 244.778636    0.04088     2.4530    147.178     69.663  47598.602    30.2654    11.1163     69.000    11.0681    23.0727     5.6226     8.0352     88.497    245.441    251.104   -0.00872    6.35347    9.07974  277.34679    11.1081   14.40241 7.4273e-02     0.6644     0.3107 0.0000e+00
        594 244.778650    0.04121     2.4726    148.353     70.673  47690.370    30.3205    11.0318     70.000    11.0015    23.1302     5.6037     8.0082     88.070    244.604    250.261   -0.00866    6.36279    9.09306  277.73795    11.0236   14.42092 7.3654e-02     0.6304     0.3068 0.0000e+00
        599 244.778663    0.04153     2.4916    149.494     71.683  47728.696    30.3435    10.9989     71.000    10.9844    23.1538     5.6039     8.0086     88.025    244.609    250.273   -0.00616    6.36635    9.09816  277.88721    10.9906   14.42797 7.3130e-02     0.6248     0.3089 0.0000e+00
        603 244.778676    0.04184     2.5101    150.608     72.692  47747.005    30.3537    10.9776     72.000    10.9437    23.1654     5.6057     8.0112     88.018    244.685    250.353   -0.00416    6.36888    9.10176  277.99407    10.9692   14.43305 7.2690e-02     0.6364     0.3157 0.0000e+00
        608 244.778689    0.04216     2.5296    151.779     73.702  47830.488    30.4025    10.8907     73.000    10.8242    23.2181     5.5979     8.0000     87.758    244.330    250.003   -0.00419    6.37885    9.11601  278.41504    10.8822   14.45301 7.2254e-02     0.6371     0.3312 0.0000e+00
        613 244.778704    0.04250     2.5501    153.009     74.712  47973.616    30.4887    10.7630     74.000    10.7299    23.3069     5.5721     7.9631     87.160    243.182    248.850   -0.00641    6.39295    9.13617  279.00640    10.7545   14.48097 7.1873e-02     0.5865     0.3638 0.0000e+00
        618 244.778717    0.04283     2.5699    154.191     75.722  48009.337    30.5103    10.7347     75.000    10.7277    23.3285     5.5581     7.9432     86.901    242.569    248.227   -0.00604    6.39598    9.14049  279.13263    10.7261   14.48693 7.1504e-02     0.5411     0.3453 0.0000e+00
        623 244.778732    0.04317     2.5901    155.405     76.731  48004.408    30.5069    10.7386     76.000    10.7315    23.3251     5.5596     7.9452     86.928    242.631    248.290   -0.00384    6.39559    9.13993  279.11658    10.7298   14.48618 7.1203e-02     0.5619     0.3380 0.0000e+00
        627 244.778745    0.04350     2.6102    156.611     77.742  48005.476    30.5064    10.7316     77.000    10.6972    23.3260     5.5612     7.9475     86.940    242.702    248.363   -0.00241    6.39659    9.14136  279.15980    10.7227   14.48825 7.0923e-02     0.5694     0.3410 0.0000e+00
        632 244.778759    0.04384     2.6301    157.806     78.751  48088.570    30.5550    10.6488     78.000    10.5831    23.3778     5.5533     7.9362     86.688    242.344    248.009   -0.00299    6.40607    9.15492  279.55974    10.6399   14.50720 7.0650e-02     0.5381     0.3414 0.0000e+00
        637 244.778773    0.04416     2.6493    158.958     79.761  48224.674    30.6369    10.5317     79.000    10.4971    23.4613     5.5257     7.8967     86.083    241.119    246.776   -0.00564    6.41901    9.17341  280.10142    10.5227   14.53280 7.0379e-02     0.5113     0.3509 0.0000e+00
        641 244.778786    0.04447     2.6684    160.107     80.770  48281.056    30.6705    10.4822     80.000    10.4557    23.4956     5.5041     7.8659     85.673    240.171    245.814   -0.00656    6.42452    9.18129  280.33280    10.4731   14.54373 7.0166e-02     0.4953     0.3522 0.0000e+00
        646 244.778799    0.04480     2.6879    161.274     81.781  48328.742    30.6984    10.4379     81.000    10.4046    23.5248     5.5009     7.8613     85.556    240.022    245.668   -0.00513    6.42957    9.18850  280.54480    10.4287   14.55376 6.9984e-02     0.4868     0.3467 0.0000e+00
        651 244.778813    0.04513     2.7075    162.449     82.791  48396.985    30.7387    10.3757     82.000    10.3355    23.5665     5.4940     7.8515     85.355    239.713    245.362   -0.00458    6.43662    9.19857  280.84091    10.3664   14.56777 6.9819e-02     0.4517     0.3574 0.0000e+00
        656 244.778827    0.04546     2.7277    163.661     83.800  48486.821    30.7915    10.2926     83.000    10.2362    23.6214     5.4770     7.8272     84.966    238.957    244.602   -0.00533    6.44610    9.21213  281.23978    10.2832   14.58665 6.9627e-02     0.4146     0.3637 0.0000e+00
        661 244.778842    0.04581     2.7486    164.915     84.810  48623.623    30.8727    10.1719     84.000    10.1202    23.7046     5.4539     7.7942     84.430    237.931    243.571   -0.00667    6.45974    9.23162  281.81180    10.1625   14.61370 6.9467e-02     0.3872     0.3479 0.0000e+00
        666 244.778856    0.04617     2.7701    166.203     85.820  48740.726    30.9422    10.0698     85.000    10.0250    23.7754     5.4380     7.7714     84.032    237.220    242.860   -0.00674    6.47129    9.24812  282.29624    10.0603   14.63659 6.9290e-02     0.3571     0.3438 0.0000e+00
        671 244.778871    0.04651     2.7904    167.426     86.830  48841.854    31.0010     9.9749     86.000     9.9104    23.8368     5.4280     7.7571     83.736    236.769    242.413   -0.00616    6.48229    9.26384  282.75912     9.9654   14.65850 6.9170e-02     0.3467     0.3312 0.0000e+00
        675 244.778883    0.04682     2.8090    168.542     87.840  48973.157    31.0788     9.8627     87.000     9.8173    23.9156     5.4091     7.7302     83.282    235.930    241.572   -0.00690    6.49501    9.28202  283.29210     9.8532   14.68368 6.9007e-02     0.3340     0.3441 0.0000e+00
        680 244.778897    0.04715     2.8289    169.735     88.850  49067.702    31.1341     9.7789     88.000     9.7326    23.9722     5.3908     7.7041     82.877    235.119    240.755   -0.00710    6.50466    9.29581  283.69722     9.7693   14.70283 6.8877e-02     0.2856     0.3611 0.0000e+00
        685 244.778913    0.04751     2.8508    171.047     89.860  49172.746    31.1960     9.6894     89.000     9.6540    24.0348     5.3765     7.6835     82.526    234.478    240.113   -0.00661    6.51488    9.31042  284.12579     9.6798   14.72308 6.8730e-02     0.2388     0.3671 0.0000e+00
        690 244.778927    0.04786     2.8716    172.295     90.868  49246.351    31.2387     9.6241     90.000     9.5828    24.0786     5.3617     7.6625     82.204    233.824    239.454   -0.00622    6.52247    9.32125  284.44415     9.6144   14.73813 6.8537e-02     0.2231     0.3425 0.0000e+00
        695 244.778942    0.04822     2.8933    173.597     91.879  49347.090    31.2974     9.5357     91.000     9.4943    24.1384     5.3453     7.6390     81.825    233.097    238.724   -0.00629    6.53272    9.33591  284.87491     9.5260   14.75850 6.8434e-02     0.1927     0.3197 0.0000e+00
        702 244.778962    0.04867     2.9201    175.212     92.889  49471.176    31.3706     9.4333     92.000     9.4329    24.2117     5.3269     7.6127     81.396    232.277    237.901   -0.00654    6.54440    9.35261  285.36414     9.4235   14.78158 6.8365e-02     0.1691     0.3039 0.0000e+00
