CTD-processing/allCTD/CNV/2016_09-23_t9_s05_cast134_5028.cnv
* Sea-Bird SBE19plus Data File:
* FileName = P:\My Documents\kasitsna\Research-KBL\Oceanography-AK\CTD-Data-ALL-to-2016-05\2016-CTD-KachemakBay-CookInlet\2016-09-23-CookInlet-HomerSpit\2016-09-23-CookInlet-Tran9-cast134.hex
* Software Version 1.59
* Temperature SN =  5028
* Conductivity SN =  5028
* System UpLoad Time = Oct 13 2016 11:52:39
** Cook Inlet LTM Tran 9
** Date: (YYYY-MM-DD): 2016-09-23
** Station: (eg. 9-01): 9-05
** Start time (AKDT): 11:19
** Depth (m): 95.4
** Comment:
** Comment:
# nquan = 27
# nvalues = 84                          
# units = specified
# name 0 = scan: Scan Count
# name 1 = timeJ: Julian Days
# name 2 = timeH: Time, Elapsed [hours]
# name 3 = timeM: Time, Elapsed [minutes]
# name 4 = timeS: Time, Elapsed [seconds]
# name 5 = prdM: Pressure, Strain Gauge [db]
# name 6 = specc: Specific Conductance [uS/cm]
# name 7 = sal00: Salinity, Practical [PSU]
# name 8 = tv290C: Temperature [ITS-90, deg C]
# name 9 = depSM: Depth [salt water, m], lat = 59.00
# name 10 = potemp090C: Potential Temperature [ITS-90, deg C]
# name 11 = sigma-é00: Density [sigma-theta, kg/m^3]
# name 12 = sbeox0ML/L: Oxygen, SBE 43 [ml/l]
# name 13 = sbeox0Mg/L: Oxygen, SBE 43 [mg/l]
# name 14 = sbeox0PS: Oxygen, SBE 43 [% saturation]
# name 15 = sbox0Mm/Kg: Oxygen, SBE 43 [umol/kg]
# name 16 = sbeox0Mm/L: Oxygen, SBE 43 [umol/l]
# name 17 = sbox0dV/dT: Oxygen, SBE 43 [dov/dt]
# name 18 = oxsolML/L: Oxygen Saturation, Garcia & Gordon [ml/l]
# name 19 = oxsolMg/L: Oxygen Saturation, Garcia & Gordon [mg/l]
# name 20 = oxsolMm/Kg: Oxygen Saturation, Garcia & Gordon [umol/kg]
# name 21 = potemp090C: Potential Temperature [ITS-90, deg C]
# name 22 = n2satMg/L: Nitrogen Saturation [mg/l]
# name 23 = par: PAR/Irradiance, Biospherical/Licor
# name 24 = flECO-AFL: Fluorescence, WET Labs ECO-AFL/FL [mg/m^3]
# name 25 = turbWETntu0: Turbidity, WET Labs ECO [NTU]
# name 26 = flag: flag
# span 0 =        268,        649       
# span 1 = 267.473110, 267.474213       
# span 2 =    0.01854,    0.04499       
# span 3 =     1.1122,     2.6997       
# span 4 =     66.734,    161.982       
# span 5 =      1.010,     84.810       
# span 6 =  44158.786,  48706.809       
# span 7 =    27.8971,    30.9118       
# span 8 =    10.0139,    11.4775       
# span 9 =      1.000,     84.000       
# span 10 =    10.0042,    11.4766      
# span 11 =    21.1989,    23.7608      
# span 12 =     4.9712,     5.5448      
# span 13 =     7.1043,     7.9241      
# span 14 =     78.311,     86.571      
# span 15 =    217.010,    242.492      
# span 16 =    222.013,    247.632      
# span 17 =   -0.01371,    0.03000      
# span 18 =    6.32666,    6.48046      
# span 19 =    9.04142,    9.26122      
# span 20 =  276.24921,  282.70004      
# span 21 =    10.0046,    11.4769      
# span 22 =   14.35090,   14.65603      
# span 23 = 6.1181e-02, 6.9772e+01      
# span 24 =     0.2732,     0.6276      
# span 25 =     0.7864,     2.7241      
# span 26 = 0.0000e+00, 0.0000e+00      
# interval = meters: 1                  
# start_time = Sep 23 2016 11:20:10 [Instrument's time stamp, header]
# bad_flag = -9.990e-29
*END*
[from data line 54]
        515 267.473826    0.03571     2.1430    128.583     55.527  48522.153    30.8130    10.1680     55.000    10.1522    23.6581     5.3034     7.5792     82.061    231.377    236.851   -0.00064    6.46274    9.23590  281.95548    10.1619   14.62080 6.2962e-02     0.3964     0.9855 0.0000e+00
        520 267.473839    0.03601     2.1610    129.660     56.537  48544.803    30.8262    10.1491     56.000    10.1371    23.6715     5.3004     7.5748     81.988    231.242    236.716   -0.00107    6.46487    9.23894  282.04450    10.1429   14.62501 6.2839e-02     0.4131     1.0710 0.0000e+00
        524 267.473851    0.03632     2.1790    130.741     57.546  48557.579    30.8334    10.1386     57.000    10.1288    23.6790     5.3004     7.5748     81.973    231.240    236.715   -0.00087    6.46606    9.24065  282.09466    10.1322   14.62738 6.2709e-02     0.4055     1.0781 0.0000e+00
        528 267.473864    0.03663     2.1974    131.846     58.555  48565.133    30.8376    10.1324     58.000    10.1245    23.6832     5.3012     7.5759     81.977    231.275    236.752   -0.00067    6.46676    9.24165  282.12403    10.1259   14.62877 6.2657e-02     0.3907     1.0620 0.0000e+00
        533 267.473877    0.03694     2.2166    132.999     59.565  48567.966    30.8389    10.1302     59.000    10.1233    23.6846     5.2996     7.5736     81.948    231.203    236.679   -0.00062    6.46701    9.24202  282.13475    10.1236   14.62928 6.2583e-02     0.4027     1.1285 0.0000e+00
        538 267.473891    0.03727     2.2365    134.191     60.575  48568.868    30.8390    10.1296     60.000    10.1227    23.6848     5.2999     7.5741     81.951    231.217    236.694   -0.00051    6.46709    9.24212  282.13797    10.1229   14.62943 6.2488e-02     0.3937     1.1204 0.0000e+00
        542 267.473904    0.03758     2.2551    135.304     61.585  48569.729    30.8392    10.1291     61.000    10.1217    23.6850     5.3036     7.5793     82.008    231.378    236.858   -0.00006    6.46716    9.24222  282.14095    10.1223   14.62957 6.2425e-02     0.3973     1.1642 0.0000e+00
        547 267.473917    0.03790     2.2736    136.414     62.594  48571.098    30.8395    10.1276     62.000    10.1194    23.6856     5.3060     7.5829     82.043    231.484    236.967    0.00013    6.46737    9.24252  282.14964    10.1206   14.62999 6.2330e-02     0.3848     1.1692 0.0000e+00
        551 267.473930    0.03821     2.2928    137.569     63.604  48574.761    30.8413    10.1244     63.000    10.1157    23.6875     5.3049     7.5813     82.021    231.435    236.918   -0.00008    6.46773    9.24303  282.16511    10.1174   14.63072 6.2270e-02     0.3841     1.1207 0.0000e+00
        556 267.473944    0.03853     2.3118    138.708     64.615  48579.429    30.8437    10.1207     64.000    10.1120    23.6900     5.3066     7.5837     82.042    231.510    236.994   -0.00002    6.46816    9.24365  282.18310    10.1135   14.63157 6.2248e-02     0.4077     1.1807 0.0000e+00
        560 267.473956    0.03885     2.3308    139.847     65.624  48583.348    30.8457    10.1177     65.000    10.1092    23.6920     5.3061     7.5830     82.030    231.487    236.972   -0.00011    6.46850    9.24414  282.19741    10.1104   14.63225 6.2201e-02     0.3978     1.1764 0.0000e+00
        565 267.473970    0.03916     2.3493    140.960     66.634  48587.127    30.8476    10.1146     66.000    10.1051    23.6940     5.3043     7.5803     81.997    231.406    236.890   -0.00036    6.46885    9.24464  282.21228    10.1073   14.63295 6.2150e-02     0.3980     1.1817 0.0000e+00
        569 267.473982    0.03947     2.3682    142.091     67.643  48594.562    30.8516    10.1081     67.000    10.0954    23.6982     5.3042     7.5802     81.986    231.401    236.885   -0.00038    6.46961    9.24573  282.24435    10.1006   14.63447 6.2070e-02     0.4119     1.2168 0.0000e+00
        574 267.473996    0.03979     2.3877    143.265     68.653  48608.519    30.8596    10.0966     68.000    10.0857    23.7063     5.3063     7.5832     82.002    231.490    236.978   -0.00024    6.47090    9.24757  282.29827    10.0891   14.63702 6.1977e-02     0.4031     1.3887 0.0000e+00
        579 267.474009    0.04011     2.4067    144.402     69.663  48616.531    30.8640    10.0899     69.000    10.0793    23.7109     5.3075     7.5850     82.012    231.544    237.033   -0.00015    6.47167    9.24866  282.33051    10.0823   14.63854 6.1940e-02     0.3920     1.3491 0.0000e+00
        583 267.474022    0.04043     2.4255    145.531     70.672  48623.753    30.8678    10.0836     70.000    10.0733    23.7149     5.3072     7.5845     81.997    231.529    237.019   -0.00025    6.47240    9.24971  282.36126    10.0759   14.64000 6.1905e-02     0.4011     1.2151 0.0000e+00
        588 267.474036    0.04076     2.4458    146.745     71.683  48630.521    30.8714    10.0774     71.000    10.0670    23.7187     5.3068     7.5840     81.983    231.513    237.004   -0.00030    6.47314    9.25076  282.39227    10.0695   14.64147 6.1879e-02     0.4071     1.1191 0.0000e+00
        593 267.474051    0.04110     2.4661    147.968     72.692  48637.355    30.8751    10.0715     72.000    10.0610    23.7226     5.3050     7.5813     81.945    231.430    236.920   -0.00050    6.47381    9.25173  282.42079    10.0635   14.64282 6.1800e-02     0.4059     1.1402 0.0000e+00
        598 267.474064    0.04144     2.4861    149.168     73.702  48645.033    30.8792    10.0645     73.000    10.0534    23.7270     5.3045     7.5807     81.928    231.409    236.900   -0.00048    6.47463    9.25290  282.45530    10.0564   14.64445 6.1732e-02     0.4236     1.0927 0.0000e+00
        602 267.474078    0.04177     2.5061    150.367     74.712  48652.457    30.8832    10.0583     74.000    10.0483    23.7312     5.3027     7.5781     81.890    231.329    236.819   -0.00063    6.47535    9.25392  282.48534    10.0501   14.64588 6.1652e-02     0.4252     0.9775 0.0000e+00
        607 267.474092    0.04209     2.5258    151.550     75.722  48657.443    30.8857    10.0536     75.000    10.0426    23.7339     5.3077     7.5852     81.961    231.547    237.043   -0.00010    6.47591    9.25472  282.50916    10.0453   14.64701 6.1606e-02     0.4163     0.9546 0.0000e+00
        612 267.474105    0.04242     2.5451    152.707     76.732  48663.934    30.8892    10.0483     76.000    10.0390    23.7375     5.3118     7.5911     82.017    231.726    237.226    0.00022    6.47652    9.25559  282.53461    10.0399   14.64821 6.1563e-02     0.4132     0.9594 0.0000e+00
        616 267.474118    0.04273     2.5639    153.837     77.741  48665.642    30.8899    10.0474     77.000    10.0388    23.7382     5.3140     7.5943     82.050    231.823    237.326    0.00028    6.47662    9.25574  282.53892    10.0389   14.64841 6.1487e-02     0.4049     0.9717 0.0000e+00
        621 267.474132    0.04306     2.5837    155.021     78.751  48666.434    30.8900    10.0470     78.000    10.0380    23.7383     5.3165     7.5979     82.089    231.933    237.439    0.00036    6.47667    9.25581  282.54103    10.0384   14.64851 6.1419e-02     0.3873     0.9071 0.0000e+00
        626 267.474146    0.04340     2.6043    156.255     79.761  48667.851    30.8904    10.0459     79.000    10.0356    23.7389     5.3175     7.5992     82.100    231.972    237.479    0.00026    6.47681    9.25601  282.54693    10.0371   14.64879 6.1381e-02     0.3894     0.8611 0.0000e+00
        630 267.474159    0.04371     2.6227    157.362     80.771  48673.200    30.8931    10.0408     80.000    10.0274    23.7418     5.3182     7.6002     82.103    232.002    237.510    0.00012    6.47741    9.25686  282.57217    10.0320   14.64999 6.1320e-02     0.3886     0.9408 0.0000e+00
        635 267.474173    0.04404     2.6423    158.539     81.780  48687.247    30.9011    10.0284     81.000    10.0140    23.7500     5.3154     7.5962     82.042    231.877    237.384   -0.00029    6.47883    9.25890  282.63217    10.0195   14.65283 6.1309e-02     0.4220     0.8953 0.0000e+00
        640 267.474186    0.04436     2.6614    159.685     82.791  48700.661    30.9088    10.0181     82.000    10.0074    23.7578     5.3112     7.5902     81.963    231.693    237.197   -0.00081    6.47999    9.26054  282.68028    10.0090   14.65510 6.1251e-02     0.4300     0.8335 0.0000e+00
        644 267.474199    0.04467     2.6801    160.806     83.800  48704.297    30.9106    10.0156     83.000    10.0056    23.7596     5.3148     7.5954     82.015    231.850    237.359   -0.00032    6.48027    9.26095  282.69212    10.0064   14.65565 6.1215e-02     0.4220     0.8379 0.0000e+00
        649 267.474213    0.04499     2.6997    161.982     84.810  48706.809    30.9118    10.0139     84.000    10.0042    23.7608     5.3164     7.5976     82.037    231.919    237.430   -0.00011    6.48046    9.26122  282.70004    10.0046   14.65603 6.1181e-02     0.4149     0.8605 0.0000e+00
