CTD-processing/allCTD/CNV/2016_07-27_t9_s04_cast007_5028.cnv
* Sea-Bird SBE19plus Data File:
* FileName = C:\Users\Kris.Holderied\Documents\kasitsna\Research-KBL\Oceanography-AK\CTD-Data-ALL-to-2016-05\2016-CTD-KachemakBay-CookInlet\2016-07-27-CookInlet-HomerSpit-monthly\2016-07-27-CookInlet-Tran9-cast007.hex
* Software Version 1.59
* Temperature SN =  5028
* Conductivity SN =  5028
* System UpLoad Time = Jul 27 2016 20:07:06
** Cook Inlet LTM Tran9 Homer Spit monthly
** Date (YYYY-MM-DD): 2016-07-27
** Station (eg. 9-01):  9-04
** Start time (AKDT): 11:37
** Depth (m): 94.2
** Comment:  R/V Edgecumbe.  Part of all-bay survey with T4 and along-bay stations (1-9).
** Comment:
# nquan = 27
# nvalues = 91                          
# units = specified
# name 0 = scan: Scan Count
# name 1 = timeJ: Julian Days
# name 2 = timeH: Time, Elapsed [hours]
# name 3 = timeM: Time, Elapsed [minutes]
# name 4 = timeS: Time, Elapsed [seconds]
# name 5 = prdM: Pressure, Strain Gauge [db]
# name 6 = specc: Specific Conductance [uS/cm]
# name 7 = sal00: Salinity, Practical [PSU]
# name 8 = tv290C: Temperature [ITS-90, deg C]
# name 9 = depSM: Depth [salt water, m], lat = 59.00
# name 10 = potemp090C: Potential Temperature [ITS-90, deg C]
# name 11 = sigma-é00: Density [sigma-theta, kg/m^3]
# name 12 = sbeox0ML/L: Oxygen, SBE 43 [ml/l]
# name 13 = sbeox0Mg/L: Oxygen, SBE 43 [mg/l]
# name 14 = sbeox0PS: Oxygen, SBE 43 [% saturation]
# name 15 = sbox0Mm/Kg: Oxygen, SBE 43 [umol/kg]
# name 16 = sbeox0Mm/L: Oxygen, SBE 43 [umol/l]
# name 17 = sbox0dV/dT: Oxygen, SBE 43 [dov/dt]
# name 18 = oxsolML/L: Oxygen Saturation, Garcia & Gordon [ml/l]
# name 19 = oxsolMg/L: Oxygen Saturation, Garcia & Gordon [mg/l]
# name 20 = oxsolMm/Kg: Oxygen Saturation, Garcia & Gordon [umol/kg]
# name 21 = potemp090C: Potential Temperature [ITS-90, deg C]
# name 22 = n2satMg/L: Nitrogen Saturation [mg/l]
# name 23 = par: PAR/Irradiance, Biospherical/Licor
# name 24 = flECO-AFL: Fluorescence, WET Labs ECO-AFL/FL [mg/m^3]
# name 25 = turbWETntu0: Turbidity, WET Labs ECO [NTU]
# name 26 = flag: flag
# span 0 =        224,        540       
# span 1 = 209.485553, 209.486468       
# span 2 =    0.01548,    0.03744       
# span 3 =     0.9290,     2.2467       
# span 4 =     55.738,    134.799       
# span 5 =      1.009,     91.879       
# span 6 =  35247.454,  49857.142       
# span 7 =    21.9274,    31.6668       
# span 8 =     9.0951,    13.7175       
# span 9 =      1.000,     91.000       
# span 10 =     9.0979,    13.7801      
# span 11 =    16.1604,    24.4150      
# span 12 =     5.7909,     7.1176      
# span 13 =     8.2757,    10.1717      
# span 14 =     88.020,    113.609      
# span 15 =    252.507,    312.328      
# span 16 =    258.620,    317.870      
# span 17 =   -0.09328,    0.00771      
# span 18 =    6.26498,    6.60056      
# span 19 =    8.95328,    9.43285      
# span 20 =  274.46958,  287.83330      
# span 21 =     9.0939,    13.7175      
# span 22 =   14.27866,   14.90027      
# span 23 = 6.2637e-02, 1.1288e+02      
# span 24 =     0.0708,     1.5359      
# span 25 =     0.4276,     4.1662      
# span 26 = 0.0000e+00, 0.0000e+00      
# interval = meters: 1                  
# start_time = Jul 27 2016 11:38:16 [Instrument's time stamp, header]
# bad_flag = -9.990e-29
*END*
        224 209.485553    0.01548     0.9290     55.738      1.009  35247.454    21.9274    13.7175      1.000    13.7801    16.1604     6.6659     9.5262    105.366    292.949    297.697    0.00771    6.33690    9.05606  278.51445    13.7175   14.49228 1.1288e+02     1.2889     4.1662 0.0000e+00
        295 209.485758    0.02042     1.2250     73.502      2.019  38310.358    24.0129    13.6318      2.000    13.1873    17.7848     7.1176    10.1717    113.609    312.328    317.870    0.00558    6.26498    8.95328  274.90485    13.6316   14.31069 6.3202e+01     1.5318     1.7889 0.0000e+00
        295 209.485759    0.02044     1.2261     73.568      3.028  42336.382    26.7489    12.7953      3.000    11.8328    20.0479     6.9332     9.9082    110.650    303.571    309.636   -0.01038    6.26903    8.95907  274.46958    12.7949   14.27866 4.3432e+01     1.5359     1.6837 0.0000e+00
        298 209.485766    0.02061     1.2367     74.202      4.037  45465.003    28.8276    11.5628      4.000    10.7986    21.8751     6.6817     9.5488    105.283    292.038    298.405   -0.04134    6.35233    9.07812  277.61700    11.5622   14.42104 3.3158e+01     1.4220     1.3049 0.0000e+00
        300 209.485773    0.02078     1.2469     74.813      5.048  47207.134    29.9591    10.6572      5.000    10.2099    22.9093     6.3963     9.1410     99.545    279.275    285.659   -0.07303    6.43053    9.18987  280.75231    10.6566   14.56661 2.6179e+01     1.0652     0.9909 0.0000e+00
        303 209.485780    0.02095     1.2569     75.416      6.057  48060.123    30.4996    10.1205      6.000     9.8285    23.4198     6.1534     8.7938     94.953    268.525    274.808   -0.09297    6.48302    9.26488  282.90467    10.1198   14.66745 2.1472e+01     0.7406     0.7819 0.0000e+00
        305 209.485787    0.02112     1.2673     76.036      7.067  48479.137    30.7522     9.7735      7.000     9.5781    23.6731     6.0217     8.6057     92.353    262.714    268.931   -0.09328    6.52171    9.32018  284.52351     9.7728   14.74386 1.8114e+01     0.4940     0.6564 0.0000e+00
        308 209.485795    0.02130     1.2778     76.668      8.076  48759.504    30.9192     9.5366      8.000     9.4254    23.8414     5.9508     8.5043     90.879    259.575    265.762   -0.08488    6.54864    9.35865  285.65146     9.5358   14.79713 1.5339e+01     0.3658     0.5802 0.0000e+00
        310 209.485802    0.02148     1.2886     77.314      9.085  48860.513    30.9713     9.3949      9.000     9.2822    23.9044     5.9159     8.4544     90.091    258.038    264.206   -0.07335    6.56693    9.38480  286.43196     9.3940   14.83424 1.3070e+01     0.2779     0.5347 0.0000e+00
        313 209.485810    0.02167     1.2997     77.985     10.095  48972.645    31.0300     9.2479     10.000     9.1633    23.9731     5.8948     8.4243     89.510    257.100    263.263   -0.06180    6.58584    9.41182  287.23761     9.2468   14.87252 1.1153e+01     0.2267     0.5174 0.0000e+00
        316 209.485818    0.02185     1.3111     78.666     11.105  49101.089    31.1049     9.1381     11.000     9.0979    24.0487     5.8675     8.3852     88.919    255.886    262.039   -0.05238    6.59868    9.43017  287.77633     9.1370   14.89797 9.4492e+00     0.1880     0.5184 0.0000e+00
        318 209.485826    0.02203     1.3221     79.328     12.114  49258.176    31.2089     9.0951     12.000     9.1085    24.1367     5.8359     8.3402     88.416    254.491    260.634   -0.04513    6.60056    9.43285  287.83330     9.0939   14.90027 7.9699e+00     0.1529     0.5453 0.0000e+00
        321 209.485833    0.02221     1.3330     79.978     13.124  49354.107    31.2800     9.1247     13.000     9.1630    24.1877     5.8114     8.3051     88.143    253.410    259.539   -0.03825    6.59319    9.42233  287.49797     9.1233   14.88395 6.7154e+00     0.1295     0.5835 0.0000e+00
        323 209.485840    0.02239     1.3437     80.622     14.132  49381.419    31.3059     9.1764     14.000     9.2179    24.2000     5.7957     8.2825     88.020    252.719    258.835   -0.03162    6.58451    9.40992  287.11606     9.1750   14.86559 5.6353e+00     0.1162     0.6192 0.0000e+00
        326 209.485848    0.02257     1.3544     81.263     15.141  49402.528    31.3280     9.2322     15.000     9.2743    24.2086     5.7909     8.2757     88.069    252.507    258.620   -0.02531    6.57544    9.39695  286.71782     9.2306   14.84646 4.7351e+00     0.1150     0.6454 0.0000e+00
        329 209.485855    0.02275     1.3651     81.905     16.151  49402.250    31.3351     9.2880     16.000     9.3183    24.2055     5.7952     8.2819     88.247    252.696    258.813   -0.01929    6.56701    9.38491  286.35125     9.2863   14.82891 3.9659e+00     0.1216     0.6466 0.0000e+00
        331 209.485863    0.02293     1.3758     82.551     17.161  49405.342    31.3422     9.3274     17.000     9.3477    24.2050     5.8042     8.2947     88.465    253.087    259.213   -0.01405    6.56098    9.37630  286.08864     9.3255   14.81633 3.3275e+00     0.1256     0.6496 0.0000e+00
        334 209.485870    0.02311     1.3868     83.206     18.171  49440.860    31.3707     9.3560     18.000     9.3777    24.2228     5.8103     8.3035     88.631    253.352    259.489   -0.01017    6.55562    9.36864  285.84994     9.3541   14.80480 2.8014e+00     0.1190     0.6739 0.0000e+00
        336 209.485878    0.02329     1.3978     83.866     19.180  49499.731    31.4160     9.3877     19.000     9.4214    24.2532     5.8135     8.3080     88.767    253.481    259.629   -0.00725    6.54911    9.35932  285.55718     9.3858   14.79062 2.3569e+00     0.1204     0.6612 0.0000e+00
        339 209.485886    0.02348     1.4088     84.528     20.190  49537.486    31.4488     9.4366     20.000     9.4730    24.2711     5.8168     8.3126     88.932    253.619    259.775   -0.00481    6.54067    9.34726  285.18423     9.4345   14.77266 2.0003e+00     0.1188     0.6192 0.0000e+00
        342 209.485893    0.02366     1.4198     85.190     21.200  49531.628    31.4507     9.4843     21.000     9.5077    24.2651     5.8236     8.3225     89.131    253.920    260.081   -0.00263    6.53370    9.33730  284.88209     9.4820   14.75820 1.7146e+00     0.1017     0.5691 0.0000e+00
        344 209.485901    0.02385     1.4309     85.854     22.209  49539.198    31.4601     9.5177     22.000     9.5373    24.2672     5.8313     8.3335     89.322    254.257    260.428   -0.00085    6.52848    9.32985  284.65415     9.5153   14.74727 1.4714e+00     0.0985     0.5316 0.0000e+00
        347 209.485909    0.02403     1.4419     86.516     23.219  49551.993    31.4726     9.5470     23.000     9.5650    24.2723     5.8376     8.3425     89.483    254.530    260.709    0.00033    6.52373    9.32308  284.44595     9.5445   14.73726 1.2712e+00     0.1017     0.5007 0.0000e+00
        350 209.485916    0.02422     1.4529     87.175     24.228  49547.871    31.4726     9.5722     24.000     9.5827    24.2683     5.8433     8.3508     89.621    254.781    260.965    0.00111    6.52011    9.31789  284.28879     9.5696   14.72974 1.1035e+00     0.0961     0.4694 0.0000e+00
        352 209.485924    0.02440     1.4640     87.838     25.237  49543.035    31.4710     9.5891     25.000     9.5926    24.2644     5.8483     8.3578     89.729    254.997    261.184    0.00157    6.51774    9.31451  284.18689     9.5864   14.72488 9.5696e-01     0.0863     0.4525 0.0000e+00
        355 209.485932    0.02458     1.4751     88.505     26.247  49542.873    31.4715     9.5968     26.000     9.5992    24.2636     5.8500     8.3603     89.771    255.073    261.262    0.00154    6.51662    9.31290  284.13802     9.5940   14.72253 8.3265e-01     0.0783     0.4484 0.0000e+00
        358 209.485939    0.02477     1.4862     89.173     27.257  49559.269    31.4838     9.6056     27.000     9.6140    24.2718     5.8466     8.3553     89.742    254.920    261.107    0.00102    6.51484    9.31036  284.05815     9.6027   14.71867 7.2670e-01     0.0791     0.4500 0.0000e+00
        360 209.485947    0.02496     1.4973     89.842     28.267  49562.661    31.4878     9.6211     28.000     9.6268    24.2725     5.8426     8.3498     89.716    254.751    260.934    0.00051    6.51246    9.30696  283.95410     9.6181   14.71367 6.3477e-01     0.0745     0.4453 0.0000e+00
        363 209.485955    0.02514     1.5085     90.512     29.276  49554.450    31.4830     9.6316     29.000     9.6298    24.2671     5.8424     8.3494     89.730    254.741    260.923    0.00038    6.51115    9.30509  283.89868     9.6285   14.71104 5.5759e-01     0.0708     0.4362 0.0000e+00
        366 209.485963    0.02533     1.5198     91.191     30.285  49550.683    31.4800     9.6324     30.000     9.6267    24.2646     5.8439     8.3515     89.752    254.806    260.990    0.00041    6.51117    9.30511  283.90010     9.6291   14.71112 4.9122e-01     0.0781     0.4289 0.0000e+00
        369 209.485971    0.02553     1.5313     91.876     31.295  49550.817    31.4792     9.6290     31.000     9.6211    24.2646     5.8445     8.3523     89.753    254.831    261.014    0.00027    6.51168    9.30585  283.92243     9.6256   14.71219 4.3256e-01     0.0800     0.4276 0.0000e+00
        371 209.485979    0.02571     1.5427     92.565     32.305  49550.974    31.4780     9.6224     32.000     9.6122    24.2647     5.8433     8.3506     89.721    254.777    260.960   -0.00004    6.51268    9.30727  283.96607     9.6189   14.71429 3.8191e-01     0.0819     0.4321 0.0000e+00
        374 209.485987    0.02590     1.5542     93.254     33.314  49554.687    31.4790     9.6133     33.000     9.6040    24.2670     5.8397     8.3456     89.650    254.625    260.804   -0.00052    6.51395    9.30909  284.02077     9.6097   14.71690 3.3832e-01     0.0931     0.4386 0.0000e+00
        377 209.485994    0.02609     1.5657     93.945     34.324  49562.622    31.4832     9.6060     34.000     9.5997    24.2714     5.8356     8.3396     89.574    254.441    260.617   -0.00100    6.51481    9.31032  284.05710     9.6024   14.71862 3.0066e-01     0.1004     0.4383 0.0000e+00
        380 209.486003    0.02629     1.5773     94.637     35.333  49573.548    31.4901     9.6029     35.000     9.6001    24.2772     5.8329     8.3358     89.530    254.322    260.497   -0.00120    6.51498    9.31057  284.06307     9.5990   14.71888 2.6744e-01     0.1001     0.4341 0.0000e+00
        382 209.486011    0.02648     1.5887     95.323     36.343  49581.092    31.4951     9.6047     36.000     9.6036    24.2810     5.8304     8.3321     89.498    254.211    260.383   -0.00119    6.51451    9.30989  284.04116     9.6008   14.71781 2.3929e-01     0.0913     0.4306 0.0000e+00
        385 209.486019    0.02667     1.6002     96.010     37.352  49589.997    31.5016     9.6090     37.000     9.6104    24.2853     5.8251     8.3246     89.429    253.979    260.147   -0.00141    6.51361    9.30860  284.00088     9.6050   14.71586 2.1529e-01     0.0918     0.4415 0.0000e+00
        388 209.486026    0.02686     1.6116     96.697     38.362  49605.995    31.5136     9.6178     38.000     9.6241    24.2934     5.8206     8.3182     89.384    253.782    259.948   -0.00154    6.51185    9.30609  283.92197     9.6137   14.71204 1.9423e-01     0.0958     0.4584 0.0000e+00
        391 209.486035    0.02705     1.6230     97.380     39.372  49617.235    31.5231     9.6326     39.000     9.6398    24.2983     5.8190     8.3159     89.395    253.712    259.877   -0.00127    6.50934    9.30249  283.81069     9.6284   14.70667 1.7559e-01     0.0991     0.4768 0.0000e+00
        393 209.486043    0.02724     1.6343     98.061     40.381  49627.753    31.5321     9.6483     40.000     9.6563    24.3029     5.8204     8.3179     89.452    253.771    259.938   -0.00072    6.50670    9.29873  283.69462     9.6440   14.70108 1.5960e-01     0.1073     0.4908 0.0000e+00
        396 209.486050    0.02743     1.6457     98.745     41.391  49633.531    31.5380     9.6647     41.000     9.6670    24.3049     5.8251     8.3246     89.560    253.974    260.147   -0.00001    6.50411    9.29503  283.58128     9.6603   14.69564 1.4599e-01     0.1148     0.4994 0.0000e+00
        399 209.486058    0.02762     1.6572     99.434     42.400  49639.863    31.5429     9.6717     42.000     9.6657    24.3077     5.8333     8.3363     89.702    254.330    260.513    0.00082    6.50291    9.29331  283.52795     9.6672   14.69307 1.3437e-01     0.1127     0.5029 0.0000e+00
        402 209.486067    0.02782     1.6688    100.127     43.410  49665.842    31.5605     9.6693     43.000     9.6613    24.3218     5.8395     8.3453     89.804    254.601    260.793    0.00134    6.50251    9.29275  283.50692     9.6646   14.69199 1.2435e-01     0.1115     0.5124 0.0000e+00
        404 209.486074    0.02801     1.6804    100.822     44.420  49693.184    31.5788     9.6650     44.000     9.6585    24.3367     5.8404     8.3464     89.818    254.630    260.828    0.00115    6.50237    9.29253  283.49629     9.6602   14.69141 1.1599e-01     0.1128     0.5070 0.0000e+00
        407 209.486082    0.02820     1.6919    101.517     45.430  49703.190    31.5851     9.6630     45.000     9.6571    24.3421     5.8399     8.3458     89.811    254.611    260.809    0.00073    6.50240    9.29257  283.49608     9.6581   14.69138 1.0914e-01     0.1164     0.4651 0.0000e+00
        410 209.486091    0.02839     1.7036    102.215     46.439  49705.866    31.5864     9.6617     46.000     9.6554    24.3433     5.8430     8.3503     89.858    254.748    260.949    0.00074    6.50252    9.29275  283.50126     9.6567   14.69162 1.0330e-01     0.1139     0.4564 0.0000e+00
        413 209.486099    0.02859     1.7153    102.919     47.449  49707.126    31.5866     9.6598     47.000     9.6527    24.3438     5.8474     8.3566     89.922    254.940    261.146    0.00094    6.50279    9.29313  283.51268     9.6547   14.69217 9.8168e-02     0.1112     0.4758 0.0000e+00
        416 209.486107    0.02879     1.7271    103.625     48.459  49709.021    31.5872     9.6571     48.000     9.6499    24.3447     5.8498     8.3599     89.953    255.043    261.252    0.00091    6.50315    9.29365  283.52812     9.6519   14.69291 9.3623e-02     0.1112     0.5050 0.0000e+00
        418 209.486115    0.02898     1.7389    104.333     49.469  49712.617    31.5889     9.6546     49.000     9.6484    24.3465     5.8487     8.3584     89.933    254.997    261.204    0.00055    6.50344    9.29407  283.54026     9.6493   14.69348 8.9708e-02     0.1171     0.5098 0.0000e+00
        421 209.486123    0.02918     1.7506    105.038     50.478  49715.508    31.5904     9.6537     50.000     9.6481    24.3478     5.8465     8.3552     89.898    254.898    261.104    0.00011    6.50350    9.29415  283.54268     9.6483   14.69359 8.6404e-02     0.1214     0.5042 0.0000e+00
        424 209.486131    0.02937     1.7623    105.738     51.488  49718.349    31.5920     9.6537     51.000     9.6488    24.3490     5.8469     8.3558     89.905    254.914    261.121    0.00000    6.50342    9.29404  283.53890     9.6482   14.69341 8.3516e-02     0.1219     0.4983 0.0000e+00
        427 209.486139    0.02956     1.7740    106.440     52.497  49722.589    31.5947     9.6550     52.000     9.6506    24.3510     5.8480     8.3574     89.925    254.962    261.171    0.00008    6.50313    9.29363  283.52585     9.6493   14.69277 8.1008e-02     0.1206     0.4934 0.0000e+00
        430 209.486148    0.02976     1.7857    107.145     53.506  49723.800    31.5954     9.6569     53.000     9.6518    24.3512     5.8473     8.3564     89.919    254.932    261.139    0.00000    6.50283    9.29319  283.51251     9.6511   14.69212 7.8820e-02     0.1172     0.4901 0.0000e+00
