CTD-processing/allCTD/CNV/2016_12-13_t4_s07_cast183_5028.cnv
* Sea-Bird SBE19plus Data File:
* FileName = P:\My Documents\kasitsna\Research-KBL\Oceanography-AK\CTD-Data-ALL-to-2016-05\2016-CTD-KachemakBay-CookInlet\2016-12-CookInlet-quarterly\2016-12-13-CookInlet-Tran4-Barabara\2016-12-13-CookInlet-Tran4-cast183.hex
* Software Version 1.59
* Temperature SN =  5028
* Conductivity SN =  5028
* System UpLoad Time = Dec 13 2016 15:42:26
** Cook Inlet LTM Tran 4 south to north
** Date: (YYYY-MM-DD): 2016-12-13
** Station: (eg. 9-01): 4-07
** Start time (AKST): 14:24
** Depth (m): 37.8
** Comment: R/V Alaska Dream Catcher. CTD on AKDT (1 hr ahead).
** Comment:
# nquan = 27
# nvalues = 39                          
# units = specified
# name 0 = scan: Scan Count
# name 1 = timeJ: Julian Days
# name 2 = timeH: Time, Elapsed [hours]
# name 3 = timeM: Time, Elapsed [minutes]
# name 4 = timeS: Time, Elapsed [seconds]
# name 5 = prdM: Pressure, Strain Gauge [db]
# name 6 = specc: Specific Conductance [uS/cm]
# name 7 = sal00: Salinity, Practical [PSU]
# name 8 = tv290C: Temperature [ITS-90, deg C]
# name 9 = depSM: Depth [salt water, m], lat = 59.00
# name 10 = potemp090C: Potential Temperature [ITS-90, deg C]
# name 11 = sigma-é00: Density [sigma-theta, kg/m^3]
# name 12 = sbeox0ML/L: Oxygen, SBE 43 [ml/l]
# name 13 = sbeox0Mg/L: Oxygen, SBE 43 [mg/l]
# name 14 = sbeox0PS: Oxygen, SBE 43 [% saturation]
# name 15 = sbox0Mm/Kg: Oxygen, SBE 43 [umol/kg]
# name 16 = sbeox0Mm/L: Oxygen, SBE 43 [umol/l]
# name 17 = sbox0dV/dT: Oxygen, SBE 43 [dov/dt]
# name 18 = oxsolML/L: Oxygen Saturation, Garcia & Gordon [ml/l]
# name 19 = oxsolMg/L: Oxygen Saturation, Garcia & Gordon [mg/l]
# name 20 = oxsolMm/Kg: Oxygen Saturation, Garcia & Gordon [umol/kg]
# name 21 = potemp090C: Potential Temperature [ITS-90, deg C]
# name 22 = n2satMg/L: Nitrogen Saturation [mg/l]
# name 23 = par: PAR/Irradiance, Biospherical/Licor
# name 24 = flECO-AFL: Fluorescence, WET Labs ECO-AFL/FL [mg/m^3]
# name 25 = turbWETntu0: Turbidity, WET Labs ECO [NTU]
# name 26 = flag: flag
# span 0 =         68,        443       
# span 1 = 348.643007, 348.644092       
# span 2 =    0.00467,    0.03069       
# span 3 =     0.2805,     1.8415       
# span 4 =     16.832,    110.494       
# span 5 =      1.009,     39.372       
# span 6 =  48284.898,  50385.555       
# span 7 =    30.2344,    31.6363       
# span 8 =     6.3472,     6.8557       
# span 9 =      1.000,     39.000       
# span 10 =     6.5583,     6.8472      
# span 11 =    23.7398,    24.7898      
# span 12 =     5.9375,     6.2366      
# span 13 =     8.4853,     8.9127      
# span 14 =     85.757,     88.445      
# span 15 =    258.746,    272.154      
# span 16 =    265.169,    278.525      
# span 17 =    0.00018,    0.03552      
# span 18 =    6.92401,    7.08486      
# span 19 =    9.89510,   10.12497      
# span 20 =  301.73786,  309.16519      
# span 21 =     6.3471,     6.8555      
# span 22 =   15.56240,   15.92169      
# span 23 = 1.2107e-01, 1.2375e+01      
# span 24 =     0.0862,     0.1820      
# span 25 =     0.4109,     1.1739      
# span 26 = 0.0000e+00, 0.0000e+00      
# interval = meters: 1                  
# start_time = Dec 13 2016 15:25:39 [Instrument's time stamp, header]
# bad_flag = -9.990e-29
*END*
         68 348.643007    0.00467     0.2805     16.832      1.009  48284.898    30.2344     6.3472      1.000     6.5583    23.7398     6.2366     8.9127     88.014    272.154    278.525    0.00703    7.08486   10.12497  309.16519     6.3471   15.92169 1.2375e+01     0.1820     1.1739 0.0000e+00
        307 348.643699    0.02127     1.2764     76.587      2.019  50385.555    31.6363     6.8557      2.000     6.8405    24.7898     5.9375     8.4853     85.757    258.746    265.169    0.03552    6.92401    9.89510  301.73786     6.8555   15.56240 9.7575e+00     0.0978     0.4109 0.0000e+00
        295 348.643662    0.02039     1.2230     73.378      3.029  50229.082    31.5322     6.8224      3.000     6.8235    24.7113     5.9536     8.5083     85.846    259.477    265.888    0.02174    6.93524    9.91115  302.25863     6.8222   15.58761 7.9019e+00     0.1179     0.4756 0.0000e+00
        299 348.643674    0.02067     1.2404     74.426      4.038  50230.619    31.5334     6.8253      4.000     6.8267    24.7118     5.9531     8.5075     85.844    259.452    265.863    0.01542    6.93473    9.91042  302.23624     6.8250   15.58654 6.4681e+00     0.1317     0.5026 0.0000e+00
        303 348.643685    0.02095     1.2572     75.431      5.047  50230.681    31.5335     6.8287      5.000     6.8291    24.7115     5.9580     8.5145     85.922    259.665    266.082    0.01152    6.93416    9.90962  302.21169     6.8283   15.58537 5.5203e+00     0.1268     0.5397 0.0000e+00
        307 348.643697    0.02123     1.2737     76.423      6.057  50227.728    31.5311     6.8292      6.000     6.8275    24.7095     5.9675     8.5282     86.059    260.083    266.509    0.00911    6.93420    9.90967  302.21386     6.8287   15.58548 4.7302e+00     0.1163     0.5172 0.0000e+00
        311 348.643709    0.02152     1.2908     77.450      7.066  50231.231    31.5327     6.8271      7.000     6.8270    24.7111     5.9754     8.5395     86.169    260.425    266.861    0.00714    6.93446    9.91004  302.22480     6.8265   15.58600 4.0780e+00     0.1141     0.5061 0.0000e+00
        315 348.643722    0.02182     1.3093     78.560      8.076  50232.329    31.5333     6.8289      8.000     6.8286    24.7113     5.9867     8.5556     86.337    260.919    267.367    0.00585    6.93414    9.90958  302.21062     6.8283   15.58532 3.5858e+00     0.1076     0.4982 0.0000e+00
        320 348.643735    0.02213     1.3278     79.671      9.085  50232.057    31.5327     6.8291      9.000     6.8281    24.7109     6.0020     8.5775     86.558    261.588    268.052    0.00526    6.93414    9.90958  302.21080     6.8283   15.58533 3.2266e+00     0.1157     0.4925 0.0000e+00
        324 348.643746    0.02242     1.3450     80.702     10.095  50234.730    31.5341     6.8292     10.000     6.8290    24.7120     6.0141     8.5948     86.733    262.115    268.592    0.00476    6.93406    9.90947  302.20726     6.8283   15.58515 2.9287e+00     0.1108     0.4953 0.0000e+00
        327 348.643757    0.02267     1.3604     81.623     11.104  50236.266    31.5350     6.8309     11.000     6.8306    24.7125     6.0208     8.6044     86.834    262.406    268.891    0.00407    6.93375    9.90903  302.19346     6.8299   15.58449 2.6588e+00     0.1048     0.5255 0.0000e+00
        331 348.643768    0.02295     1.3766     82.594     12.114  50235.445    31.5341     6.8316     12.000     6.8304    24.7117     6.0299     8.6173     86.965    262.800    269.294    0.00365    6.93367    9.90892  302.19037     6.8306   15.58435 2.4122e+00     0.1027     0.5444 0.0000e+00
        336 348.643782    0.02326     1.3960     83.757     13.123  50238.203    31.5355     6.8318     13.000     6.8317    24.7128     6.0391     8.6305     87.100    263.202    269.706    0.00322    6.93358    9.90878  302.18585     6.8307   15.58413 2.1976e+00     0.1041     0.5251 0.0000e+00
        341 348.643795    0.02358     1.4147     84.880     14.133  50241.427    31.5379     6.8350     14.000     6.8357    24.7142     6.0473     8.6422     87.225    263.559    270.072    0.00289    6.93296    9.90790  302.15872     6.8338   15.58283 1.9850e+00     0.1150     0.5271 0.0000e+00
        344 348.643806    0.02384     1.4305     85.828     15.143  50240.805    31.5375     6.8382     15.000     6.8380    24.7136     6.0539     8.6516     87.326    263.845    270.366    0.00265    6.93246    9.90719  302.13709     6.8368   15.58179 1.7918e+00     0.1127     0.5418 0.0000e+00
        348 348.643817    0.02411     1.4462     86.774     16.152  50243.170    31.5392     6.8409     16.000     6.8411    24.7145     6.0594     8.6595     87.413    264.085    270.612    0.00241    6.93195    9.90645  302.11427     6.8395   15.58070 1.6201e+00     0.1176     0.5448 0.0000e+00
        352 348.643829    0.02439     1.4632     87.794     17.161  50242.997    31.5392     6.8438     17.000     6.8432    24.7141     6.0644     8.6667     87.491    264.305    270.838    0.00212    6.93149    9.90580  302.09436     6.8423   15.57975 1.4631e+00     0.1266     0.5338 0.0000e+00
        356 348.643841    0.02467     1.4806     88.838     18.171  50242.715    31.5388     6.8453     18.000     6.8440    24.7136     6.0700     8.6746     87.574    264.547    271.085    0.00191    6.93126    9.90546  302.08446     6.8438   15.57928 1.3166e+00     0.1240     0.5210 0.0000e+00
        360 348.643852    0.02496     1.4977     89.862     19.181  50243.488    31.5389     6.8459     19.000     6.8444    24.7137     6.0772     8.6850     87.680    264.863    271.409    0.00191    6.93117    9.90533  302.08035     6.8443   15.57908 1.1830e+00     0.1233     0.5202 0.0000e+00
        365 348.643865    0.02526     1.5152     90.915     20.190  50243.540    31.5385     6.8461     20.000     6.8441    24.7134     6.0825     8.6925     87.756    265.091    271.643    0.00175    6.93115    9.90531  302.07999     6.8443   15.57907 1.0624e+00     0.1176     0.5335 0.0000e+00
        369 348.643876    0.02554     1.5322     91.933     21.200  50245.162    31.5391     6.8458     21.000     6.8441    24.7139     6.0853     8.6965     87.796    265.214    271.769    0.00145    6.93118    9.90534  302.08065     6.8439   15.57910 9.5037e-01     0.1129     0.5480 0.0000e+00
        373 348.643888    0.02580     1.5479     92.876     22.208  50245.935    31.5393     6.8463     22.000     6.8445    24.7140     6.0862     8.6979     87.811    265.257    271.812    0.00109    6.93110    9.90523  302.07725     6.8443   15.57894 8.4830e-01     0.1159     0.5570 0.0000e+00
        376 348.643899    0.02607     1.5642     93.850     23.218  50247.475    31.5400     6.8468     23.000     6.8451    24.7145     6.0917     8.7057     87.891    265.494    272.056    0.00115    6.93098    9.90507  302.07210     6.8447   15.57869 7.5656e-01     0.1099     0.5788 0.0000e+00
        381 348.643911    0.02636     1.5815     94.887     24.228  50248.002    31.5400     6.8474     24.000     6.8455    24.7144     6.0982     8.7150     87.986    265.777    272.346    0.00131    6.93087    9.90491  302.06734     6.8454   15.57846 6.7441e-01     0.0990     0.5928 0.0000e+00
        385 348.643923    0.02666     1.5995     95.968     25.238  50248.903    31.5402     6.8478     25.000     6.8458    24.7146     6.0996     8.7169     88.007    265.837    272.407    0.00104    6.93080    9.90481  302.06432     6.8456   15.57831 6.0149e-01     0.0896     0.5890 0.0000e+00
        389 348.643935    0.02695     1.6169     97.016     26.247  50249.841    31.5405     6.8482     26.000     6.8461    24.7147     6.0986     8.7155     87.994    265.794    272.363    0.00058    6.93072    9.90469  302.06062     6.8460   15.57814 5.3555e-01     0.0869     0.5933 0.0000e+00
        393 348.643947    0.02722     1.6335     98.009     27.256  50250.574    31.5406     6.8485     27.000     6.8462    24.7147     6.1008     8.7188     88.027    265.893    272.464    0.00053    6.93067    9.90463  302.05857     6.8461   15.57804 4.7601e-01     0.0862     0.6058 0.0000e+00
        397 348.643958    0.02750     1.6498     98.986     28.267  50251.166    31.5406     6.8487     28.000     6.8464    24.7147     6.1054     8.7252     88.092    266.089    272.666    0.00069    6.93063    9.90457  302.05696     6.8463   15.57796 4.2290e-01     0.0892     0.6092 0.0000e+00
        401 348.643970    0.02777     1.6663     99.980     29.276  50251.906    31.5407     6.8491     29.000     6.8468    24.7148     6.1092     8.7306     88.148    266.254    272.835    0.00075    6.93058    9.90449  302.05436     6.8466   15.57784 3.7693e-01     0.1041     0.5987 0.0000e+00
        405 348.643982    0.02808     1.6848    101.086     30.285  50252.346    31.5406     6.8497     30.000     6.8472    24.7147     6.1141     8.7376     88.220    266.469    273.054    0.00087    6.93047    9.90434  302.04975     6.8471   15.57762 3.3676e-01     0.0994     0.5759 0.0000e+00
        410 348.643996    0.02840     1.7040    102.241     31.294  50252.770    31.5405     6.8499     31.000     6.8470    24.7145     6.1146     8.7384     88.228    266.491    273.077    0.00063    6.93046    9.90431  302.04908     6.8472   15.57759 3.0072e-01     0.0880     0.5586 0.0000e+00
        414 348.644007    0.02866     1.7199    103.192     32.304  50253.424    31.5404     6.8493     32.000     6.8459    24.7145     6.1126     8.7354     88.197    266.403    272.987    0.00020    6.93054    9.90444  302.05295     6.8466   15.57777 2.6786e-01     0.1174     0.5683 0.0000e+00
        417 348.644017    0.02891     1.7344    104.066     33.314  50254.867    31.5407     6.8482     33.000     6.8448    24.7149     6.1140     8.7376     88.216    266.466    273.052    0.00018    6.93071    9.90468  302.06027     6.8454   15.57812 2.3855e-01     0.1347     0.6018 0.0000e+00
        421 348.644028    0.02918     1.7506    105.037     34.324  50256.316    31.5411     6.8474     34.000     6.8444    24.7154     6.1175     8.7426     88.266    266.619    273.209    0.00034    6.93081    9.90483  302.06458     6.8445   15.57833 2.1265e-01     0.1299     0.6305 0.0000e+00
        426 348.644041    0.02950     1.7700    106.198     35.334  50257.213    31.5412     6.8474     35.000     6.8443    24.7155     6.1189     8.7445     88.285    266.679    273.270    0.00029    6.93083    9.90484  302.06505     6.8443   15.57835 1.9025e-01     0.1203     0.6213 0.0000e+00
        430 348.644055    0.02981     1.7887    107.321     36.343  50258.072    31.5413     6.8473     36.000     6.8442    24.7156     6.1212     8.7478     88.318    266.777    273.371    0.00031    6.93083    9.90484  302.06489     6.8442   15.57834 1.7054e-01     0.1254     0.6183 0.0000e+00
        434 348.644065    0.03007     1.8043    108.260     37.352  50258.861    31.5414     6.8474     37.000     6.8442    24.7157     6.1232     8.7506     88.347    266.864    273.459    0.00034    6.93081    9.90482  302.06444     6.8442   15.57831 1.5287e-01     0.1230     0.6638 0.0000e+00
        438 348.644077    0.03034     1.8205    109.227     38.362  50259.434    31.5414     6.8474     38.000     6.8441    24.7156     6.1266     8.7555     88.396    267.013    273.613    0.00044    6.93082    9.90483  302.06441     6.8441   15.57832 1.3694e-01     0.1016     0.6893 0.0000e+00
        443 348.644092    0.03069     1.8415    110.494     39.372  50260.055    31.5413     6.8474     39.000     6.8440    24.7157     6.1299     8.7602     88.445    267.159    273.762    0.00054    6.93081    9.90482  302.06416     6.8441   15.57831 1.2107e-01     0.0970     0.6888 0.0000e+00
