CTD-processing/allCTD/CNV/2016_06-16_t9_s08_cast263_5028.cnv
* Sea-Bird SBE19plus Data File:
* FileName = C:\Users\Kris.Holderied\Documents\kasitsna\Research-KBL\Oceanography-AK\CTD-Data-ALL-to-2016-05\2016-CTD-KachemakBay-CookInlet\2016-06-16-CookInlet-HomerSpit-monthly\2016-06-16-CookInlet-Tran9-cast263.hex
* Software Version 1.59
* Temperature SN =  5028
* Conductivity SN =  5028
* System UpLoad Time = Jul 26 2016 19:41:36
** Cook Inlet LTM Tran9 Homer Spit monthly
** Date (YYYY-MM-DD): 2016-06-16
** Station (eg. 9-01):  9-08
** Start time (AKDT): 12:18
** Depth (m): 93.9
** Comment:  R/V Edgecumbe.
** Comment:
# nquan = 27
# nvalues = 93                          
# units = specified
# name 0 = scan: Scan Count
# name 1 = timeJ: Julian Days
# name 2 = timeH: Time, Elapsed [hours]
# name 3 = timeM: Time, Elapsed [minutes]
# name 4 = timeS: Time, Elapsed [seconds]
# name 5 = prdM: Pressure, Strain Gauge [db]
# name 6 = specc: Specific Conductance [uS/cm]
# name 7 = sal00: Salinity, Practical [PSU]
# name 8 = tv290C: Temperature [ITS-90, deg C]
# name 9 = depSM: Depth [salt water, m], lat = 59.00
# name 10 = potemp090C: Potential Temperature [ITS-90, deg C]
# name 11 = sigma-é00: Density [sigma-theta, kg/m^3]
# name 12 = sbeox0ML/L: Oxygen, SBE 43 [ml/l]
# name 13 = sbeox0Mg/L: Oxygen, SBE 43 [mg/l]
# name 14 = sbeox0PS: Oxygen, SBE 43 [% saturation]
# name 15 = sbox0Mm/Kg: Oxygen, SBE 43 [umol/kg]
# name 16 = sbeox0Mm/L: Oxygen, SBE 43 [umol/l]
# name 17 = sbox0dV/dT: Oxygen, SBE 43 [dov/dt]
# name 18 = oxsolML/L: Oxygen Saturation, Garcia & Gordon [ml/l]
# name 19 = oxsolMg/L: Oxygen Saturation, Garcia & Gordon [mg/l]
# name 20 = oxsolMm/Kg: Oxygen Saturation, Garcia & Gordon [umol/kg]
# name 21 = potemp090C: Potential Temperature [ITS-90, deg C]
# name 22 = n2satMg/L: Nitrogen Saturation [mg/l]
# name 23 = par: PAR/Irradiance, Biospherical/Licor
# name 24 = flECO-AFL: Fluorescence, WET Labs ECO-AFL/FL [mg/m^3]
# name 25 = turbWETntu0: Turbidity, WET Labs ECO [NTU]
# name 26 = flag: flag
# span 0 =        128,        633       
# span 1 = 168.513319, 168.514779       
# span 2 =    0.00882,    0.04386       
# span 3 =     0.5296,     2.6316       
# span 4 =     31.775,    157.898       
# span 5 =      1.010,     93.899       
# span 6 =  41743.862,  49763.877       
# span 7 =    26.3448,    31.3150       
# span 8 =     7.6302,    12.0575       
# span 9 =      1.000,     93.000       
# span 10 =     7.6257,    12.1122      
# span 11 =    19.8665,    24.4261      
# span 12 =     6.0600,     7.6077      
# span 13 =     8.6604,    10.8722      
# span 14 =     91.293,    116.103      
# span 15 =    265.351,    332.083      
# span 16 =    270.641,    339.760      
# span 17 =   -0.03984,    0.00888      
# span 18 =    6.36038,    6.82043      
# span 19 =    9.08961,    9.74706      
# span 20 =  278.08932,  297.35091      
# span 21 =     7.6250,    12.0574      
# span 22 =   14.44594,   15.35467      
# span 23 = 7.0310e-02, 4.9147e+02      
# span 24 =     0.0106,     5.8672      
# span 25 =     0.4830,     4.3572      
# span 26 = 0.0000e+00, 0.0000e+00      
# interval = meters: 1                  
# start_time = Jun 16 2016 12:18:39 [Instrument's time stamp, header]
# bad_flag = -9.990e-29
*END*
        128 168.513319    0.00882     0.5296     31.775      1.010  41743.862    26.3448    12.0575      1.000    12.1122    19.8665     6.0600     8.6604     94.940    265.351    270.641   -0.00134    6.38625    9.12660  279.68650    12.0574   14.53039 3.0806e+02     1.8417     4.3572 0.0000e+00
        310 168.513845    0.02146     1.2876     77.256      2.019  44677.976    28.2882    11.6485      2.000    11.5240    21.4443     7.3850    10.5538    116.103    322.893    329.814    0.00839    6.36038    9.08961  278.08932    11.6482   14.44594 4.9147e+02     0.7118     3.5987 0.0000e+00
        307 168.513837    0.02125     1.2753     76.517      3.028  45204.381    28.6356    11.3991      3.000    11.1819    21.7568     7.3872    10.5570    115.774    322.887    329.913    0.00888    6.38068    9.11863  278.89284    11.3988   14.48301 2.9483e+02     1.0214     2.7260 0.0000e+00
        310 168.513846    0.02147     1.2881     77.284      4.038  45821.958    29.0306    11.0289      4.000    10.6914    22.1263     7.4316    10.6204    115.832    324.709    331.894    0.00677    6.41587    9.16892  280.32944    11.0284   14.55018 1.8873e+02     1.3828     1.8331 0.0000e+00
        313 168.513854    0.02167     1.2997     77.984      5.047  46410.719    29.3923    10.5555      5.000    10.2124    22.4863     7.4862    10.6985    115.755    326.980    334.334    0.00445    6.46729    9.24241  282.47674    10.5549   14.65147 1.2056e+02     2.0752     1.4184 0.0000e+00
        316 168.513862    0.02185     1.3112     78.673      6.057  46915.301    29.6907    10.0759      6.000     9.7300    22.7966     7.5567    10.7993    115.847    329.959    337.482    0.00327    6.52304    9.32208  284.82512    10.0752   14.76260 7.6434e+01     3.0095     1.2628 0.0000e+00
        318 168.513870    0.02204     1.3227     79.366      7.067  47444.257    30.0039     9.6018      7.000     9.3295    23.1162     7.6077    10.8722    115.656    332.083    339.760    0.00174    6.57808    9.40074  287.13900     9.6010   14.87197 4.6806e+01     4.0497     1.2086 0.0000e+00
        321 168.513878    0.02224     1.3345     80.072      8.075  47936.510    30.3015     9.2329      8.000     9.0554    23.4059     7.5681    10.8156    114.343    330.262    337.992   -0.00588    6.61919    9.45948  288.85175     9.2321   14.95264 2.8635e+01     4.6682     1.2184 0.0000e+00
        324 168.513887    0.02244     1.3466     80.796      9.085  48297.179    30.5235     9.0048      9.000     8.9300    23.6143     7.4324    10.6216    111.883    324.273    331.930   -0.01999    6.64326    9.49388  289.84335     9.0039   14.99911 1.7731e+01     5.1068     1.2143 0.0000e+00
        327 168.513896    0.02265     1.3590     81.543     10.095  48536.109    30.6778     8.9116     10.000     8.8982    23.7491     7.3045    10.4389    109.837    318.652    326.219   -0.02975    6.65041    9.50409  290.11714     8.9106   15.01157 1.1035e+01     5.5385     1.1890 0.0000e+00
        330 168.513904    0.02287     1.3719     82.314     11.104  48808.910    30.8677     8.9052     11.000     8.9184    23.8986     7.2511    10.3626    109.151    316.276    323.834   -0.02860    6.64319    9.49378  289.76005     8.9041   14.99373 6.9386e+00     5.8672     1.1600 0.0000e+00
        333 168.513913    0.02309     1.3851     83.104     12.114  48864.990    30.9054     8.8974     12.000     8.8342    23.9292     7.3016    10.4347    109.917    318.468    326.089   -0.01812    6.64273    9.49313  289.73138     8.8962   14.99221 4.7150e+00     5.4739     1.0185 0.0000e+00
        337 168.513923    0.02330     1.3983     83.901     13.123  48915.312    30.9241     8.7838     13.000     8.6977    23.9609     7.3803    10.5472    110.834    321.891    329.604   -0.00787    6.65884    9.51615  290.42500     8.7825   15.02527 3.2599e+00     4.9757     0.9135 0.0000e+00
        340 168.513932    0.02353     1.4121     84.726     14.132  48989.930    30.9561     8.6460     14.000     8.5731    24.0065     7.3900    10.5611    110.664    322.302    330.039   -0.00561    6.67803    9.54357  291.24889     8.6446   15.06450 2.3053e+00     4.1451     0.8388 0.0000e+00
        343 168.513942    0.02378     1.4265     85.590     15.142  49057.252    30.9863     8.5317     15.000     8.4835    24.0469     7.2567    10.3705    108.412    316.473    324.082   -0.01669    6.69386    9.56620  291.92796     8.5302   15.09682 1.7376e+00     2.8810     0.7539 0.0000e+00
        347 168.513953    0.02405     1.4426     86.555     16.152  49112.269    31.0128     8.4534     16.000     8.4193    24.0793     7.0417    10.0633    105.032    307.087    314.482   -0.03245    6.70449    9.58139  292.38220     8.4519   15.11841 1.3573e+00     1.8327     0.6847 0.0000e+00
        351 168.513965    0.02432     1.4593     87.555     17.161  49167.570    31.0416     8.3896     17.000     8.3703    24.1112     6.8708     9.8190    102.354    299.627    306.851   -0.03984    6.71289    9.59339  292.73932     8.3879   15.13535 1.0750e+00     1.2361     0.6719 0.0000e+00
        355 168.513975    0.02456     1.4739     88.434     18.171  49285.510    31.1213     8.3738     18.000     8.4085    24.1759     6.7783     9.6869    100.990    295.574    302.719   -0.03858    6.71181    9.59184  292.67361     8.3721   15.13188 8.6514e-01     0.8694     0.6466 0.0000e+00
        358 168.513984    0.02480     1.4879     89.275     19.181  49400.894    31.2129     8.4494     19.000     8.5265    24.2366     6.7312     9.6195    100.519    293.501    300.614   -0.03258    6.69642    9.56987  291.98562     8.4475   15.09865 7.0738e-01     0.6390     0.6125 0.0000e+00
        362 168.513995    0.02504     1.5024     90.145     20.190  49390.788    31.2246     8.5793     20.000     8.6268    24.2266     6.7415     9.6343    100.976    293.954    301.076   -0.02228    6.67638    9.54123  291.11465     8.5773   15.05700 5.9063e-01     0.5961     0.5438 0.0000e+00
        366 168.514007    0.02532     1.5192     91.153     21.200  49330.278    31.1927     8.6537     21.000     8.6550    24.1907     6.8094     9.7314    102.143    296.928    304.111   -0.00906    6.66663    9.52727  290.69915     8.6515   15.03728 4.9662e-01     0.5911     0.4980 0.0000e+00
        370 168.514018    0.02559     1.5356     92.136     22.209  49302.511    31.1717     8.6465     22.000     8.6201    24.1754     6.8667     9.8132    102.971    299.428    306.667   -0.00117    6.66860    9.53009  290.78951     8.6443   15.04168 4.1754e-01     0.5698     0.4830 0.0000e+00
        373 168.514029    0.02585     1.5512     93.070     23.218  49288.126    31.1523     8.5853     23.000     8.5290    24.1692     6.8712     9.8196    102.884    299.626    306.868   -0.00097    6.67862    9.54441  291.22823     8.5830   15.06271 3.5391e-01     0.4850     0.4865 0.0000e+00
        377 168.514039    0.02612     1.5670     94.021     24.228  49327.765    31.1640     8.4797     24.000     8.4289    24.1939     6.8305     9.7615    102.041    297.845    305.052   -0.00548    6.69398    9.56636  291.89105     8.4773   15.09433 3.0382e-01     0.3847     0.4931 0.0000e+00
        381 168.514051    0.02640     1.5837     95.022     25.238  49366.496    31.1774     8.3902     25.000     8.3397    24.2174     6.7593     9.6597    100.784    294.732    301.870   -0.01147    6.70688    9.58481  292.44711     8.3878   15.12083 2.6362e-01     0.3151     0.5052 0.0000e+00
        385 168.514062    0.02667     1.5998     95.991     26.247  49327.683    31.1338     8.2847     26.000     8.1979    24.1986     6.6968     9.5705     99.587    292.015    299.082   -0.01560    6.72478    9.61038  293.23279     8.2822   15.15854 2.3033e-01     0.2572     0.5134 0.0000e+00
        389 168.514073    0.02692     1.6152     96.914     27.257  49358.796    31.1315     8.1300     27.000     8.0565    24.2190     6.6376     9.4858     98.360    289.427    296.437   -0.01876    6.74845    9.64421  294.25901     8.1273   15.20754 2.0273e-01     0.1939     0.5299 0.0000e+00
        392 168.514084    0.02718     1.6311     97.868     28.266  49431.305    31.1640     8.0154     28.000     7.9793    24.2609     6.5718     9.3918     97.152    286.545    293.496   -0.02108    6.76453    9.66719  294.94833     8.0127   15.24032 1.7971e-01     0.1470     0.5636 0.0000e+00
        396 168.514095    0.02744     1.6466     98.798     29.275  49463.694    31.1777     7.9604     29.000     7.9409    24.2794     6.5238     9.3232     96.330    284.447    291.354   -0.02067    6.77235    9.67838  295.28415     7.9577   15.25630 1.6044e-01     0.1096     0.5870 0.0000e+00
        400 168.514105    0.02769     1.6612     99.670     30.286  49484.563    31.1879     7.9354     30.000     7.9266    24.2909     6.4976     9.2857     95.895    283.300    290.181   -0.01833    6.77575    9.68323  295.42906     7.9325   15.26318 1.4490e-01     0.0973     0.6128 0.0000e+00
        403 168.514115    0.02794     1.6762    100.575     31.294  49518.887    31.2110     7.9332     31.000     7.9398    24.3094     6.4797     9.2601     95.640    282.517    289.384   -0.01533    6.77506    9.68224  295.39332     7.9303   15.26137 1.3231e-01     0.1082     0.6384 0.0000e+00
        407 168.514127    0.02821     1.6926    101.554     32.304  49530.391    31.2218     7.9536     32.000     7.9608    24.3150     6.4716     9.2485     95.571    282.159    289.019   -0.01168    6.77146    9.67709  295.23463     7.9505   15.25376 1.2206e-01     0.1044     0.6174 0.0000e+00
        411 168.514139    0.02850     1.7099    102.596     33.314  49543.148    31.2336     7.9749     33.000     7.9842    24.3213     6.4723     9.2496     95.636    282.192    289.055   -0.00799    6.76766    9.67167  295.06744     7.9718   15.24573 1.1365e-01     0.1069     0.5908 0.0000e+00
        415 168.514150    0.02877     1.7261    103.569     34.324  49582.100    31.2651     8.0053     34.000     8.0278    24.3417     6.4777     9.2573     95.801    282.419    289.294   -0.00495    6.76161    9.66302  294.79762     8.0020   15.23271 1.0683e-01     0.1072     0.5896 0.0000e+00
        419 168.514161    0.02903     1.7415    104.490     35.333  49612.489    31.2939     8.0566     35.000     8.0851    24.3570     6.4746     9.2529     95.886    282.283    289.158   -0.00302    6.75249    9.64999  294.39568     8.0532   15.21341 1.0123e-01     0.1015     0.6115 0.0000e+00
        423 168.514171    0.02928     1.7564    105.386     36.343  49608.083    31.2989     8.1111     36.000     8.1310    24.3532     6.4704     9.2469     95.946    282.101    288.971   -0.00206    6.74394    9.63777  294.02400     8.1076   15.19564 9.6695e-02     0.0808     0.6051 0.0000e+00
        426 168.514181    0.02951     1.7708    106.251     37.353  49588.717    31.2905     8.1472     37.000     8.1530    24.3415     6.4752     9.2537     96.088    282.310    289.182   -0.00074    6.73880    9.63042  293.80310     8.1437   15.18513 9.3057e-02     0.0785     0.5756 0.0000e+00
        430 168.514192    0.02976     1.7856    107.137     38.362  49568.269    31.2774     8.1581     38.000     8.1469    24.3296     6.4840     9.2663     96.235    282.697    289.575    0.00027    6.73770    9.62885  293.75872     8.1545   15.18306 9.0085e-02     0.0889     0.5582 0.0000e+00
        433 168.514202    0.03003     1.8016    108.094     39.372  49524.434    31.2415     8.1267     39.000     8.0829    24.3060     6.4854     9.2682     96.164    282.763    289.637   -0.00005    6.74409    9.63798  294.04392     8.1229   15.19683 8.7579e-02     0.0891     0.5551 0.0000e+00
        437 168.514214    0.03031     1.8183    109.098     40.382  49519.790    31.2243     8.0403     40.000     7.9858    24.3048     6.4656     9.2400     95.674    281.903    288.755   -0.00285    6.75806    9.65793  294.65315     8.0365   15.22599 8.5404e-02     0.0801     0.5689 0.0000e+00
        441 168.514225    0.03057     1.8340    110.043     41.391  49511.007    31.2021     7.9402     41.000     7.8745    24.3015     6.4379     9.2004     95.034    280.696    287.518   -0.00597    6.77440    9.68130  295.36683     7.9363   15.26015 8.3579e-02     0.0728     0.6060 0.0000e+00
        445 168.514235    0.03080     1.8484    110.902     42.401  49529.379    31.1977     7.8348     42.000     7.7787    24.3129     6.4058     9.1545     94.331    279.292    286.082   -0.00869    6.79085    9.70481  296.08091     7.8308   15.29426 8.2105e-02     0.0650     0.6703 0.0000e+00
        448 168.514245    0.03104     1.8622    111.733     43.410  49603.421    31.2369     7.7596     43.000     7.7475    24.3542     6.3682     9.1008     93.640    277.641    284.402   -0.01090    6.80074    9.71893  296.49992     7.7555   15.31410 8.0826e-02     0.0580     0.7443 0.0000e+00
        451 168.514254    0.03127     1.8762    112.569     44.420  49670.094    31.2827     7.7578     44.000     7.7732    24.3903     6.3363     9.0553     93.196    276.244    282.981   -0.01133    6.79896    9.71640  296.41213     7.7537   15.30972 7.9733e-02     0.0665     0.7643 0.0000e+00
        455 168.514264    0.03150     1.8897    113.381     45.430  49610.475    31.2432     7.7730     45.000     7.7478    24.3572     6.3313     9.0480     93.130    276.031    282.755   -0.00930    6.79837    9.71555  296.39574     7.7688   15.30910 7.8848e-02     0.0677     0.7541 0.0000e+00
        458 168.514273    0.03172     1.9030    114.179     46.439  49597.927    31.2275     7.7331     46.000     7.7005    24.3504     6.3318     9.0488     93.043    276.056    282.778   -0.00765    6.80525    9.72539  296.69795     7.7288   15.32359 7.8075e-02     0.0596     0.7904 0.0000e+00
        461 168.514282    0.03194     1.9163    114.980     47.449  49615.797    31.2325     7.6896     47.000     7.6679    24.3604     6.3248     9.0387     92.850    275.746    282.463   -0.00708    6.81178    9.73472  296.97964     7.6852   15.33701 7.7404e-02     0.0559     0.8396 0.0000e+00
        464 168.514291    0.03216     1.9298    115.790     48.459  49639.247    31.2445     7.6653     48.000     7.6563    24.3731     6.3092     9.0165     92.579    275.067    281.771   -0.00707    6.81502    9.73935  297.11715     7.6609   15.34352 7.6835e-02     0.0654     0.8719 0.0000e+00
        468 168.514302    0.03240     1.9438    116.627     49.468  49646.952    31.2485     7.6601     49.000     7.6547    24.3771     6.2920     8.9919     92.317    274.313    281.000   -0.00708    6.81564    9.74024  297.14318     7.6556   15.34474 7.6362e-02     0.0662     0.8809 0.0000e+00
        471 168.514311    0.03264     1.9583    117.497     50.478  49645.923    31.2471     7.6587     50.000     7.6522    24.3762     6.2786     8.9727     92.116    273.730    280.403   -0.00659    6.81593    9.74064  297.15587     7.6540   15.34535 7.5983e-02     0.0525     0.8669 0.0000e+00
        475 168.514322    0.03289     1.9730    118.381     51.488  49644.964    31.2454     7.6552     51.000     7.6480    24.3754     6.2703     8.9609     91.986    273.368    280.032   -0.00587    6.81656    9.74155  297.18365     7.6504   15.34669 7.5693e-02     0.0451     0.8534 0.0000e+00
        478 168.514332    0.03314     1.9881    119.289     52.498  49642.535    31.2425     7.6502     52.000     7.6410    24.3738     6.2698     8.9602     91.967    273.347    280.010   -0.00458    6.81747    9.74284  297.22357     7.6454   15.34861 7.5385e-02     0.0438     0.8631 0.0000e+00
        482 168.514343    0.03339     2.0036    120.218     53.507  49643.572    31.2414     7.6418     53.000     7.6330    24.3740     6.2663     8.9552     91.898    273.196    279.854   -0.00378    6.81882    9.74476  297.28218     7.6369   15.35141 7.5094e-02     0.0462     0.9014 0.0000e+00
