CTD-processing/allCTD/CNV/2016_09-23_t9_s04_cast133_5028.cnv
* Sea-Bird SBE19plus Data File:
* FileName = P:\My Documents\kasitsna\Research-KBL\Oceanography-AK\CTD-Data-ALL-to-2016-05\2016-CTD-KachemakBay-CookInlet\2016-09-23-CookInlet-HomerSpit\2016-09-23-CookInlet-Tran9-cast133.hex
* Software Version 1.59
* Temperature SN =  5028
* Conductivity SN =  5028
* System UpLoad Time = Oct 13 2016 11:51:40
** Cook Inlet LTM Tran 9
** Date: (YYYY-MM-DD): 2016-09-23
** Station: (eg. 9-01): 9-04
** Start time (AKDT): 11:11
** Depth (m): 93.3
** Comment:
** Comment:
# nquan = 27
# nvalues = 80                          
# units = specified
# name 0 = scan: Scan Count
# name 1 = timeJ: Julian Days
# name 2 = timeH: Time, Elapsed [hours]
# name 3 = timeM: Time, Elapsed [minutes]
# name 4 = timeS: Time, Elapsed [seconds]
# name 5 = prdM: Pressure, Strain Gauge [db]
# name 6 = specc: Specific Conductance [uS/cm]
# name 7 = sal00: Salinity, Practical [PSU]
# name 8 = tv290C: Temperature [ITS-90, deg C]
# name 9 = depSM: Depth [salt water, m], lat = 59.00
# name 10 = potemp090C: Potential Temperature [ITS-90, deg C]
# name 11 = sigma-é00: Density [sigma-theta, kg/m^3]
# name 12 = sbeox0ML/L: Oxygen, SBE 43 [ml/l]
# name 13 = sbeox0Mg/L: Oxygen, SBE 43 [mg/l]
# name 14 = sbeox0PS: Oxygen, SBE 43 [% saturation]
# name 15 = sbox0Mm/Kg: Oxygen, SBE 43 [umol/kg]
# name 16 = sbeox0Mm/L: Oxygen, SBE 43 [umol/l]
# name 17 = sbox0dV/dT: Oxygen, SBE 43 [dov/dt]
# name 18 = oxsolML/L: Oxygen Saturation, Garcia & Gordon [ml/l]
# name 19 = oxsolMg/L: Oxygen Saturation, Garcia & Gordon [mg/l]
# name 20 = oxsolMm/Kg: Oxygen Saturation, Garcia & Gordon [umol/kg]
# name 21 = potemp090C: Potential Temperature [ITS-90, deg C]
# name 22 = n2satMg/L: Nitrogen Saturation [mg/l]
# name 23 = par: PAR/Irradiance, Biospherical/Licor
# name 24 = flECO-AFL: Fluorescence, WET Labs ECO-AFL/FL [mg/m^3]
# name 25 = turbWETntu0: Turbidity, WET Labs ECO [NTU]
# name 26 = flag: flag
# span 0 =        354,        721       
# span 1 = 267.467816, 267.468878       
# span 2 =    0.02452,    0.05003       
# span 3 =     1.4716,     3.0015       
# span 4 =     88.296,    180.089       
# span 5 =      1.009,     80.771       
# span 6 =  42910.394,  48677.582       
# span 7 =    26.9983,    30.8961       
# span 8 =    10.0400,    11.5326       
# span 9 =      1.000,     80.000       
# span 10 =    10.0306,    11.5318      
# span 11 =    20.5520,    23.7443      
# span 12 =     5.0003,     5.8053      
# span 13 =     7.1459,     8.2964      
# span 14 =     78.588,     90.270      
# span 15 =    218.251,    254.045      
# span 16 =    223.313,    259.265      
# span 17 =   -0.02234,    0.00676      
# span 18 =    6.32931,    6.50187      
# span 19 =    9.04522,    9.29183      
# span 20 =  276.38269,  284.52626      
# span 21 =    10.0312,    11.5317      
# span 22 =   14.35769,   14.75939      
# span 23 = 6.1078e-02, 2.4226e+02      
# span 24 =     0.2765,     0.7652      
# span 25 =     0.7659,     5.1027      
# span 26 = 0.0000e+00, 0.0000e+00      
# interval = meters: 1                  
# start_time = Sep 23 2016 11:12:11 [Instrument's time stamp, header]
# bad_flag = -9.990e-29
*END*
        354 267.467816    0.02452     1.4716     88.296      1.009  42910.394    26.9983    11.0077      1.000    11.0489    20.5520     5.8053     8.2964     89.287    254.045    259.265    0.00126    6.50187    9.29183  284.52626    11.0076   14.75939 2.4226e+02     0.7612     5.1027 0.0000e+00
        360 267.467832    0.02490     1.4941     89.648      2.019  43724.240    27.5803    11.1733      2.000    11.2635    20.9762     5.7956     8.2824     89.790    253.513    258.830    0.00360    6.45478    9.22453  282.34829    11.1731   14.65276 8.8211e+01     0.7652     4.3857 0.0000e+00
        364 267.467845    0.02523     1.5137     90.825      3.028  44467.975    28.1170    11.3596      3.000    11.4074    21.3613     5.7836     8.2654     90.270    252.894    258.296    0.00571    6.40701    9.15626  280.15299    11.3593   14.54547 4.3530e+01     0.6492     3.1749 0.0000e+00
        369 267.467859    0.02556     1.5334     92.005      4.038  44827.716    28.3763    11.4442      4.000    11.4595    21.5480     5.7289     8.1872     89.726    250.457    255.854    0.00077    6.38484    9.12458  279.13224    11.4438   14.49554 2.7770e+01     0.5650     2.2182 0.0000e+00
        374 267.467872    0.02588     1.5529     93.172      5.047  44984.452    28.4886    11.4736      5.000    11.4832    21.6301     5.6568     8.0841     88.715    247.282    252.631   -0.00593    6.37627    9.11232  278.73512    11.4731   14.47607 1.9553e+01     0.5549     1.9143 0.0000e+00
        378 267.467886    0.02621     1.5729     94.374      6.057  45304.311    28.7151    11.5001      6.000    11.5124    21.8013     5.6053     8.0106     88.085    244.994    250.335   -0.00812    6.36353    9.09411  278.13148    11.4994   14.44624 1.4125e+01     0.5871     1.8651 0.0000e+00
        383 267.467900    0.02655     1.5926     95.556      7.066  45546.703    28.8874    11.5261      7.000    11.5302    21.9305     5.5709     7.9614     87.688    243.457    248.796   -0.00764    6.35305    9.07914  277.63841    11.5253   14.42192 1.0524e+01     0.6297     1.5155 0.0000e+00
        388 267.467913    0.02685     1.6112     96.673      8.076  45635.387    28.9499    11.5326      8.000    11.5318    21.9779     5.5180     7.8857     86.902    241.134    246.434   -0.00994    6.34966    9.07429  277.47725    11.5317   14.41395 8.0404e+00     0.6273     1.3552 0.0000e+00
        392 267.467926    0.02718     1.6311     97.869      9.085  45725.967    29.0130    11.5314      9.000    11.5283    22.0271     5.4714     7.8192     86.200    239.085    244.352   -0.01108    6.34729    9.07092  277.36051    11.5303   14.40810 6.0693e+00     0.6203     1.3096 0.0000e+00
        397 267.467941    0.02752     1.6509     99.057     10.094  45863.993    29.1090    11.5244     10.000    11.5151    22.1028     5.4446     7.7809     85.818    237.900    243.157   -0.00962    6.34438    9.06675  277.21283    11.5232   14.40064 4.5940e+00     0.6324     1.2238 0.0000e+00
        402 267.467953    0.02782     1.6693    100.160     11.104  46222.023    29.3579    11.4976     11.000    11.4729    22.3007     5.4136     7.7366     85.415    236.498    241.772   -0.00889    6.33803    9.05768  276.88183    11.4963   14.38378 3.5371e+00     0.5821     1.1418 0.0000e+00
        406 267.467967    0.02814     1.6885    101.312     12.113  46714.091    29.6988    11.4460     12.000    11.4274    22.5743     5.3485     7.6436     84.477    233.593    238.866   -0.01135    6.33136    9.04816  276.51667    11.4446   14.36491 2.8163e+00     0.4812     1.0588 0.0000e+00
        411 267.467980    0.02847     1.7084    102.503     13.123  47005.568    29.8994    11.4018     13.000    11.3720    22.7378     5.2339     7.4798     82.694    228.551    233.748   -0.01822    6.32931    9.04522  276.38269    11.4003   14.35769 2.2692e+00     0.4130     0.9918 0.0000e+00
        416 267.467994    0.02880     1.7281    103.683     14.132  47312.247    30.1070    11.3215     14.000    11.2784    22.9131     5.1320     7.3340     81.050    224.058    229.192   -0.02234    6.33188    9.04889  276.44758    11.3198   14.35997 1.8395e+00     0.3580     0.9012 0.0000e+00
        420 267.468007    0.02912     1.7471    104.823     15.142  47526.134    30.2483    11.2326     15.000    11.2053    23.0382     5.0654     7.2389     79.917    221.123    226.217   -0.02202    6.33829    9.05805  276.69338    11.2308   14.37117 1.5052e+00     0.3279     0.8633 0.0000e+00
        425 267.468021    0.02943     1.7662    105.972     16.152  47607.629    30.3002    11.1833     16.000    11.1630    23.0871     5.0273     7.1846     79.259    219.454    224.521   -0.01885    6.34291    9.06465  276.88181    11.1814   14.37998 1.2470e+00     0.3136     0.8565 0.0000e+00
        429 267.468034    0.02975     1.7853    107.117     17.161  47660.683    30.3325    11.1394     17.000    11.1209    23.1199     5.0106     7.1606     78.937    218.716    223.772   -0.01448    6.34758    9.07133  277.07713    11.1374   14.38921 1.0322e+00     0.3016     0.8661 0.0000e+00
        434 267.468047    0.03007     1.8044    108.263     18.171  47696.761    30.3543    11.1086     18.000    11.0958    23.1421     5.0050     7.1527     78.808    218.469    223.524   -0.01048    6.35092    9.07610  277.21659    11.1065   14.39580 8.5025e-01     0.2963     0.9197 0.0000e+00
        439 267.468062    0.03043     1.8255    109.531     19.180  47721.240    30.3671    11.0709     19.000    11.0424    23.1586     5.0037     7.1508     78.730    218.409    223.467   -0.00705    6.35555    9.08271  277.41418    11.0686   14.40521 6.9642e-01     0.2827     0.9148 0.0000e+00
        444 267.468076    0.03075     1.8452    110.712     20.190  47775.669    30.3984    11.0092     20.000    10.9862    23.1935     5.0003     7.1459     78.588    218.251    223.313   -0.00559    6.36273    9.09298  277.71832    11.0069   14.41965 5.7273e-01     0.3060     0.9177 0.0000e+00
        448 267.468088    0.03106     1.8639    111.837     21.199  47817.731    30.4232    10.9687     21.000    10.9538    23.2199     5.0090     7.1583     78.668    218.625    223.702   -0.00340    6.36728    9.09948  277.90948    10.9662   14.42871 4.7144e-01     0.3190     0.9307 0.0000e+00
        453 267.468102    0.03139     1.8834    113.006     22.208  47840.544    30.4359    10.9410     22.000    10.9286    23.2345     5.0211     7.1756     78.817    219.150    224.241   -0.00128    6.37057    9.10418  278.04938    10.9384   14.43535 3.8802e-01     0.3023     0.9392 0.0000e+00
        458 267.468116    0.03174     1.9040    114.243     23.219  47855.703    30.4440    10.9211     23.000    10.9139    23.2442     5.0215     7.1762     78.794    219.166    224.261   -0.00098    6.37298    9.10762  278.15163    10.9184   14.44022 3.1856e-01     0.2795     0.9559 0.0000e+00
        463 267.468130    0.03205     1.9235    115.410     24.228  47861.419    30.4466    10.9123     24.000    10.9071    23.2478     5.0233     7.1789     78.809    219.246    224.342   -0.00068    6.37407    9.10918  278.19843    10.9095   14.44245 2.6316e-01     0.2886     0.9447 0.0000e+00
        467 267.468143    0.03238     1.9429    116.577     25.238  47861.896    30.4459    10.9062     25.000    10.8984    23.2483     5.0270     7.1841     78.855    219.405    224.506   -0.00016    6.37495    9.11043  278.23655    10.9033   14.44428 2.2216e-01     0.3064     0.9505 0.0000e+00
        472 267.468156    0.03269     1.9616    117.694     26.247  47852.433    30.4365    10.8859     26.000    10.8593    23.2445     5.0228     7.1780     78.750    219.223    224.318   -0.00077    6.37812    9.11497  278.37610    10.8829   14.45100 1.8949e-01     0.2877     0.9776 0.0000e+00
        476 267.468169    0.03301     1.9806    118.837     27.257  47860.443    30.4341    10.8172     27.000    10.7717    23.2542     5.0223     7.1775     78.625    219.201    224.298   -0.00140    6.38770    9.12866  278.79165    10.8140   14.47090 1.6244e-01     0.2982     0.9973 0.0000e+00
        481 267.468183    0.03333     1.9999    119.997     28.267  47917.618    30.4640    10.7282     28.000    10.7009    23.2926     5.0430     7.2069     78.811    220.092    225.219   -0.00018    6.39878    9.14450  279.26468    10.7250   14.49343 1.4053e-01     0.3198     1.0440 0.0000e+00
        486 267.468196    0.03366     2.0197    121.181     29.276  47961.870    30.4894    10.6805     29.000    10.6591    23.3204     5.0966     7.2835     79.580    222.426    227.613    0.00435    6.40434    9.15244  279.49975    10.6772   14.50458 1.2336e-01     0.3332     1.0640 0.0000e+00
        490 267.468210    0.03398     2.0387    122.323     30.286  48001.544    30.5124    10.6404     30.000    10.6237    23.3451     5.1389     7.3440     80.183    224.268    229.504    0.00676    6.40897    9.15905  279.69500    10.6370   14.51384 1.1005e-01     0.3237     1.0067 0.0000e+00
        495 267.468223    0.03430     2.0579    123.472     31.295  48029.933    30.5290    10.6149     31.000    10.6050    23.3624     5.1603     7.3746     80.481    225.198    230.460    0.00628    6.41184    9.16316  279.81552    10.6113   14.51953 1.0006e-01     0.3132     1.0001 0.0000e+00
        499 267.468236    0.03460     2.0765    124.588     32.304  48045.037    30.5380    10.6041     32.000    10.5992    23.3712     5.1727     7.3923     80.660    225.736    231.012    0.00527    6.41296    9.16476  279.86205    10.6005   14.52173 9.2477e-02     0.3219     1.0277 0.0000e+00
        504 267.468249    0.03491     2.0949    125.694     33.314  48053.362    30.5434    10.6033     33.000    10.6003    23.3756     5.1812     7.4044     80.793    226.105    231.390    0.00430    6.41286    9.16462  279.85654    10.5995   14.52144 8.6583e-02     0.2968     1.0099 0.0000e+00
        508 267.468262    0.03524     2.1141    126.845     34.324  48061.406    30.5490    10.6056     34.000    10.6024    23.3795     5.1877     7.4137     80.902    226.390    231.683    0.00348    6.41231    9.16384  279.83153    10.6017   14.52022 8.1917e-02     0.2903     1.0250 0.0000e+00
        513 267.468275    0.03554     2.1322    127.935     35.334  48070.205    30.5548    10.6059     35.000    10.6006    23.3840     5.1883     7.4146     80.915    226.414    231.709    0.00241    6.41203    9.16343  279.81786    10.6019   14.51954 7.8232e-02     0.2811     1.1084 0.0000e+00
        517 267.468288    0.03585     2.1510    129.063     36.344  48082.737    30.5631    10.6046     36.000    10.6019    23.3907     5.1850     7.4099     80.866    226.268    231.561    0.00123    6.41188    9.16321  279.80938    10.6005   14.51911 7.5288e-02     0.2797     1.1254 0.0000e+00
        522 267.468302    0.03619     2.1712    130.273     37.352  48087.608    30.5665    10.6086     37.000    10.6047    23.3927     5.1838     7.4081     80.855    226.215    231.506    0.00065    6.41117    9.16221  279.77832    10.6044   14.51760 7.2934e-02     0.2796     0.9799 0.0000e+00
        526 267.468314    0.03648     2.1889    131.337     38.362  48089.823    30.5675    10.6070     38.000    10.5997    23.3938     5.1852     7.4102     80.875    226.277    231.571    0.00051    6.41135    9.16246  279.78576    10.6027   14.51796 7.1078e-02     0.2846     0.9531 0.0000e+00
        531 267.468327    0.03680     2.2078    132.465     39.372  48095.263    30.5699    10.5981     39.000    10.5864    23.3972     5.1862     7.4116     80.877    226.321    231.617    0.00029    6.41250    9.16411  279.83491    10.5936   14.52030 6.9577e-02     0.2765     0.9793 0.0000e+00
        535 267.468340    0.03711     2.2270    133.619     40.382  48109.091    30.5771    10.5797     40.000    10.5670    23.4059     5.1900     7.4170     80.906    226.483    231.784    0.00026    6.41476    9.16734  279.93136    10.5751   14.52489 6.8356e-02     0.3023     1.0078 0.0000e+00
        540 267.468354    0.03743     2.2461    134.766     41.391  48123.746    30.5851    10.5631     41.000    10.5528    23.4149     5.2012     7.4331     81.058    226.973    232.288    0.00097    6.41675    9.17017  280.01522    10.5584   14.52887 6.7378e-02     0.3135     0.9159 0.0000e+00
        544 267.468366    0.03774     2.2644    135.866     42.400  48133.260    30.5901    10.5514     42.000    10.5415    23.4208     5.2129     7.4497     81.220    227.479    232.807    0.00161    6.41817    9.17221  280.07603    10.5466   14.53176 6.6586e-02     0.3072     0.8587 0.0000e+00
        549 267.468380    0.03805     2.2833    136.995     43.411  48142.149    30.5946    10.5404     43.000    10.5310    23.4262     5.2260     7.4686     81.408    228.052    233.395    0.00214    6.41952    9.17413  280.13324    10.5355   14.53448 6.5927e-02     0.3198     0.8874 0.0000e+00
        553 267.468392    0.03836     2.3019    138.112     44.420  48148.908    30.5978    10.5304     44.000    10.5193    23.4304     5.2337     7.4794     81.512    228.385    233.736    0.00207    6.42077    9.17593  280.18691    10.5254   14.53704 6.5391e-02     0.3323     0.8696 0.0000e+00
        558 267.468406    0.03868     2.3210    139.258     45.430  48159.981    30.6031    10.5128     45.000    10.4976    23.4375     5.2400     7.4885     81.582    228.660    234.019    0.00171    6.42301    9.17914  280.28283    10.5077   14.54160 6.4903e-02     0.3283     0.8766 0.0000e+00
        563 267.468419    0.03900     2.3401    140.409     46.439  48179.559    30.6139    10.4899     46.000    10.4727    23.4496     5.2493     7.5017     81.691    229.061    234.433    0.00166    6.42578    9.18308  280.39996    10.4846   14.54717 6.4491e-02     0.3157     0.8211 0.0000e+00
        567 267.468432    0.03931     2.3587    141.523     47.449  48206.500    30.6281    10.4531     47.000    10.4201    23.4668     5.2639     7.5227     81.861    229.696    235.086    0.00212    6.43032    9.18957  280.59358    10.4478   14.55638 6.4188e-02     0.3273     0.8235 0.0000e+00
        572 267.468446    0.03964     2.3786    142.717     48.459  48273.149    30.6663    10.3827     48.000    10.3500    23.5084     5.2744     7.5377     81.919    230.147    235.557    0.00162    6.43861    9.20142  280.94382    10.3773   14.57298 6.3944e-02     0.3371     0.8016 0.0000e+00
        576 267.468459    0.03996     2.3978    143.866     49.468  48335.216    30.7029    10.3268     49.000    10.3027    23.5462     5.2960     7.5685     82.173    231.077    236.518    0.00242    6.44495    9.21047  281.20990    10.3212   14.58557 6.3710e-02     0.3546     0.7667 0.0000e+00
        581 267.468471    0.04026     2.4155    144.929     50.477  48382.559    30.7307    10.2834     50.000    10.2480    23.5749     5.3156     7.5967     82.415    231.929    237.397    0.00320    6.44990    9.21755  281.41827    10.2777   14.59543 6.3501e-02     0.3612     0.7659 0.0000e+00
        585 267.468485    0.04057     2.4343    146.057     51.488  48458.828    30.7763    10.2196     51.000    10.1957    23.6210     5.3183     7.6004     82.365    232.036    237.517    0.00189    6.45699    9.22769  281.71494    10.2139   14.60944 6.3254e-02     0.3855     0.8247 0.0000e+00
        590 267.468498    0.04090     2.4539    147.235     52.497  48500.826    30.8012    10.1849     52.000    10.1679    23.6461     5.3136     7.5937     82.244    231.826    237.308    0.00041    6.46083    9.23319  281.87572    10.1791   14.61703 6.3035e-02     0.4216     0.8732 0.0000e+00
        595 267.468512    0.04123     2.4736    148.418     53.507  48528.197    30.8173    10.1619     53.000    10.1498    23.6624     5.3079     7.5855     82.121    231.570    237.049   -0.00051    6.46343    9.23689  281.98439    10.1560   14.62217 6.2851e-02     0.4176     0.9624 0.0000e+00
