CTD-processing/allCTD/CNV/2016_11-10_t9_s10_cast010_4141.cnv
* Sea-Bird SBE19plus Data File:
* FileName = P:\My Documents\kasitsna\Research-KBL\Oceanography-AK\CTD-Data-ALL-to-2016-05\2016-CTD-KachemakBay-CookInlet\2016-11-10-CookIInlet-Tran9-monthly\2016-11-10-CookInlet-Tran9-cast010.hex
* Software Version 1.59
* Temperature SN =  4141
* Conductivity SN =  4141
* System UpLoad Time = Jan 10 2017 14:27:24
** Cook Inlet LTM Tran 9 south to north
** Date: (YYYY-MM-DD): 2016-11-10
** Station: (eg. 9-01): 9-10
** Start time (AKST): 13:04
** Depth (m): 63.4
** Comment: R/V Edgecumbe. CTD time is 2 hrs ahead of  local time (was on PDT)
** Comment:
# nquan = 27
# nvalues = 56                          
# units = specified
# name 0 = scan: Scan Count
# name 1 = timeJ: Julian Days
# name 2 = timeH: Time, Elapsed [hours]
# name 3 = timeM: Time, Elapsed [minutes]
# name 4 = timeS: Time, Elapsed [seconds]
# name 5 = prdM: Pressure, Strain Gauge [db]
# name 6 = specc: Specific Conductance [uS/cm]
# name 7 = sal00: Salinity, Practical [PSU]
# name 8 = tv290C: Temperature [ITS-90, deg C]
# name 9 = depSM: Depth [salt water, m], lat = 59.00
# name 10 = potemp090C: Potential Temperature [ITS-90, deg C]
# name 11 = sigma-é00: Density [sigma-theta, kg/m^3]
# name 12 = sbeox0ML/L: Oxygen, SBE 43 [ml/l]
# name 13 = sbeox0Mg/L: Oxygen, SBE 43 [mg/l]
# name 14 = sbeox0PS: Oxygen, SBE 43 [% saturation]
# name 15 = sbox0Mm/Kg: Oxygen, SBE 43 [umol/kg]
# name 16 = sbeox0Mm/L: Oxygen, SBE 43 [umol/l]
# name 17 = sbox0dV/dT: Oxygen, SBE 43 [dov/dt]
# name 18 = oxsolML/L: Oxygen Saturation, Garcia & Gordon [ml/l]
# name 19 = oxsolMg/L: Oxygen Saturation, Garcia & Gordon [mg/l]
# name 20 = oxsolMm/Kg: Oxygen Saturation, Garcia & Gordon [umol/kg]
# name 21 = n2satMg/L: Nitrogen Saturation [mg/l]
# name 22 = par: PAR/Irradiance, Biospherical/Licor
# name 23 = wetStar: Fluorescence, WET Labs WETstar [mg/m^3]
# name 24 = CStarAt0: Beam Attenuation, WET Labs C-Star [1/m]
# name 25 = CStarTr0: Beam Transmission, WET Labs C-Star [%]
# name 26 = flag: flag
# span 0 =        190,        556       
# span 1 = 315.628869, 315.629928       
# span 2 =    0.01314,    0.03854       
# span 3 =     0.7882,     2.3124       
# span 4 =     47.290,    138.746       
# span 5 =      1.015,     56.508       
# span 6 =  47193.982,  48625.074       
# span 7 =    29.5213,    30.7623       
# span 8 =     7.3726,     9.2173       
# span 9 =      1.000,     56.000       
# span 10 =     7.4011,     9.2115      
# span 11 =    23.0585,    23.7695      
# span 12 =     5.5288,     6.1529      
# span 13 =     7.9012,     8.7931      
# span 14 =     83.747,     89.136      
# span 15 =    241.184,    268.576      
# span 16 =    246.917,    274.788      
# span 17 =   -0.01180,    0.02756      
# span 18 =    6.60165,    6.93873      
# span 19 =    9.43441,    9.91615      
# span 20 =  287.98424,  302.89951      
# span 21 =   14.90930,   15.62647      
# span 22 = 4.3384e-02, 6.1068e+00      
# span 23 =     0.1906,     0.7174      
# span 24 =     0.4239,     2.0666      
# span 25 =    59.6811,    89.9469      
# span 26 = 0.0000e+00, 0.0000e+00      
# interval = meters: 1                  
# start_time = Nov 10 2016 15:04:47 [Instrument's time stamp, header]
# bad_flag = -9.990e-29
*END*
        190 315.628869    0.01314     0.7882     47.290      1.015  47193.982    29.5213     7.3726      1.000     7.4011    23.0585     5.9234     8.4651     85.372    258.575    264.537    0.02756    6.93873    9.91615  302.89951   15.62647 6.1068e+00     0.7174     2.0666    59.6811 0.0000e+00
        273 315.629108    0.01887     1.1323     67.941      2.024  47335.279    29.6401     7.5116      2.000     7.5434    23.1336     6.1529     8.7931     89.027    268.576    274.788    0.02524    6.91119    9.87678  301.67491   15.56758 3.6189e+00     0.6908     1.8435    63.0734 0.0000e+00
        274 315.629111    0.01894     1.1363     68.178      3.028  47350.176    29.6576     7.5613      3.000     7.5837    23.1408     6.1257     8.7542     88.746    267.387    273.574    0.01520    6.90253    9.86440  301.29456   15.54937 2.6308e+00     0.6648     1.6447    66.2845 0.0000e+00
        291 315.629160    0.02012     1.2070     72.420      4.040  47363.276    29.6738     7.6100      4.000     7.6183    23.1470     6.0635     8.6654     87.953    264.671    270.797   -0.00101    6.89408    9.85233  300.92402   15.53163 1.8693e+00     0.5901     1.5012    68.7089 0.0000e+00
        300 315.629186    0.02075     1.2449     74.691      5.048  47870.688    30.0420     7.7191      5.000     7.8870    23.4212     6.0432     8.6364     88.089    263.713    269.889    0.00054    6.86042    9.80422  299.37479   15.45618 1.3862e+00     0.5908     1.3869    70.7182 0.0000e+00
        305 315.629200    0.02108     1.2648     75.890      6.056  48011.092    30.1998     8.1224      6.000     8.1980    23.4895     6.0529     8.6502     89.136    264.118    270.322    0.00987    6.79063    9.70449  296.30931   15.30925 1.1020e+00     0.6300     0.9554    78.7600 0.0000e+00
        310 315.629215    0.02143     1.2859     77.155      7.062  48015.922    30.2276     8.2915      7.000     8.3437    23.4873     6.0092     8.5878     88.848    262.215    268.373    0.00500    6.76346    9.66567  295.12465   15.25258 9.1364e-01     0.5308     0.7032    83.9267 0.0000e+00
        316 315.629232    0.02185     1.3113     78.678      8.102  47938.971    30.1890     8.3983      8.000     8.3929    23.4419     5.9332     8.4791     87.914    258.908    264.977   -0.00606    6.74884    9.64476  294.49941   15.22289 7.7789e-01     0.3916     0.5564    87.0121 0.0000e+00
        319 315.629243    0.02209     1.3258     79.547      9.073  47961.177    30.2038     8.3966      9.000     8.4017    23.4538     5.9040     8.4374     87.487    257.632    263.674   -0.00855    6.74845    9.64421  294.47912   15.22186 6.6462e-01     0.4239     0.5917    86.2507 0.0000e+00
        326 315.629261    0.02254     1.3522     81.132     10.104  47981.476    30.2201     8.4146     10.000     8.4261    23.4640     5.8947     8.4241     87.394    257.221    263.257   -0.00532    6.74499    9.63926  294.32508   15.21444 5.5599e-01     0.4220     0.5642    86.8449 0.0000e+00
        330 315.629274    0.02284     1.3702     82.210     11.110  47982.394    30.2250     8.4470     11.000     8.4497    23.4632     5.8923     8.4207     87.425    257.117    263.150   -0.00330    6.73983    9.63190  294.10056   15.20370 4.6867e-01     0.4142     0.5505    87.1421 0.0000e+00
        334 315.629286    0.02314     1.3885     83.308     12.106  47971.920    30.2176     8.4498     12.000     8.4485    23.4570     5.8894     8.4165     87.383    256.992    263.020   -0.00237    6.73975    9.63178  294.09853   15.20363 4.0356e-01     0.4077     0.5373    87.4307 0.0000e+00
        341 315.629306    0.02362     1.4172     85.034     13.154  47989.509    30.2299     8.4529     13.000     8.4614    23.4662     5.8666     8.3840     87.058    255.993    262.001   -0.00423    6.73872    9.63031  294.05113   15.20132 3.4213e-01     0.3697     0.5231    87.7410 0.0000e+00
        344 315.629313    0.02379     1.4276     85.656     14.111  47991.943    30.2330     8.4655     14.000     8.4699    23.4667     5.8651     8.3818     87.062    255.930    261.935   -0.00347    6.73667    9.62738  293.96152   15.19703 2.9054e-01     0.4214     0.5388    87.3976 0.0000e+00
        349 315.629328    0.02414     1.4484     86.907     15.145  47990.596    30.2331     8.4760     15.000     8.4745    23.4653     5.8731     8.3932     87.200    256.276    262.290   -0.00092    6.73510    9.62513  293.89312   15.19376 2.5331e-01     0.4071     0.5403    87.3657 0.0000e+00
        354 315.629344    0.02454     1.4728     88.368     16.155  47992.184    30.2337     8.4757     16.000     8.4749    23.4659     5.8579     8.3715     86.975    255.613    261.612   -0.00241    6.73509    9.62512  293.89284   15.19375 2.1249e-01     0.4256     0.5353    87.4754 0.0000e+00
        359 315.629358    0.02486     1.4917     89.503     17.164  47994.929    30.2355     8.4776     17.000     8.4768    23.4670     5.8468     8.3557     86.816    255.132    261.119   -0.00345    6.73474    9.62462  293.87718   15.19299 1.7971e-01     0.4215     0.5442    87.2797 0.0000e+00
        363 315.629370    0.02516     1.5095     90.570     18.167  47996.700    30.2366     8.4792     18.000     8.4792    23.4676     5.8568     8.3699     86.967    255.565    261.562   -0.00101    6.73446    9.62422  293.86462   15.19238 1.5680e-01     0.3776     0.5438    87.2891 0.0000e+00
        368 315.629385    0.02551     1.5308     91.846     19.177  48112.404    30.3202     8.5025     19.000     8.5481    23.5297     5.8650     8.3817     87.183    255.911    261.932    0.00132    6.72726    9.61393  293.53268   15.17619 1.3412e-01     0.3900     0.5426    87.3166 0.0000e+00
        374 315.629401    0.02590     1.5542     93.250     20.195  48107.940    30.3333     8.6205     20.000     8.6326    23.5230     5.8627     8.3784     87.388    255.812    261.829    0.00274    6.70885    9.58760  292.73108   15.13786 1.1751e-01     0.3805     0.5011    88.2266 0.0000e+00
        378 315.629414    0.02621     1.5724     94.345     21.201  48070.943    30.3090     8.6339     21.000     8.6251    23.5019     5.8437     8.3511     87.116    254.984    260.977   -0.00046    6.70788    9.58624  292.69498   15.13624 1.0274e-01     0.3977     0.5412    87.3240 0.0000e+00
        383 315.629427    0.02654     1.5920     95.521     22.205  48098.618    30.3265     8.6234     22.000     8.6227    23.5171     5.8157     8.3111     86.688    253.759    259.727   -0.00451    6.70871    9.58741  292.72675   15.13768 9.2006e-02     0.3970     0.7314    83.5401 0.0000e+00
        389 315.629444    0.02694     1.6163     96.981     23.218  48114.379    30.3382     8.6319     23.000     8.6374    23.5251     5.8056     8.2967     86.561    253.318    259.277   -0.00367    6.70692    9.58486  292.64660   15.13380 8.1699e-02     0.3756     0.5929    86.2178 0.0000e+00
        394 315.629458    0.02728     1.6368     98.205     24.234  48137.493    30.3577     8.6588     24.000     8.6722    23.5364     5.7976     8.2853     86.505    252.966    258.919   -0.00287    6.70203    9.57787  292.42971   15.12336 7.3723e-02     0.3583     0.5685    86.7530 0.0000e+00
        398 315.629472    0.02760     1.6560     99.363     25.234  48164.587    30.3835     8.7111     25.000     8.7330    23.5490     5.8047     8.2954     86.726    253.271    259.235    0.00004    6.69303    9.56501  292.03380   15.10434 6.8200e-02     0.3700     0.4900    88.4772 0.0000e+00
        404 315.629489    0.02801     1.6807    100.842     26.247  48159.395    30.3872     8.7666     26.000     8.7747    23.5437     5.8148     8.3100     86.990    253.716    259.690    0.00237    6.68454    9.55288  291.66490   15.08671 6.3830e-02     0.3659     0.4239    89.9469 0.0000e+00
        410 315.629504    0.02838     1.7032    102.193     27.273  48212.074    30.4275     8.7941     27.000     8.8109    23.5711     5.8063     8.2978     86.938    253.338    259.310    0.00093    6.67870    9.54452  291.40192   15.07399 6.1048e-02     0.3453     0.4506    89.3474 0.0000e+00
        414 315.629517    0.02869     1.7214    103.283     28.261  48176.127    30.4049     8.8151     28.000     8.8113    23.5503     5.7954     8.2822     86.802    252.867    258.822   -0.00070    6.67654    9.54144  291.31358   15.06985 5.7790e-02     0.3453     0.4794    88.7059 0.0000e+00
        420 315.629533    0.02907     1.7441    104.646     29.273  48171.249    30.4001     8.8088     29.000     8.8024    23.5476     5.7791     8.2588     86.543    252.155    258.093   -0.00299    6.67767    9.54306  291.36386   15.07227 5.5371e-02     0.3223     0.4826    88.6369 0.0000e+00
        425 315.629550    0.02947     1.7681    106.083     30.292  48185.148    30.4088     8.8044     30.000     8.8029    23.5550     5.7783     8.2577     86.527    252.119    258.058   -0.00197    6.67797    9.54349  291.37486   15.07277 5.3090e-02     0.3025     0.5131    87.9606 0.0000e+00
        430 315.629562    0.02977     1.7865    107.191     31.283  48326.116    30.5107     8.8310     31.000     8.8757    23.6308     5.7675     8.2423     86.474    251.630    257.576   -0.00175    6.66960    9.53153  290.98812   15.05387 5.1590e-02     0.3223     0.5509    87.1354 0.0000e+00
        436 315.629580    0.03019     1.8114    108.683     32.308  48363.218    30.5530     8.9525     32.000     8.9757    23.6457     5.7550     8.2245     86.546    251.083    257.019   -0.00022    6.64967    9.50305  290.11444   15.01196 4.9880e-02     0.3496     0.6096    85.8649 0.0000e+00
        441 315.629596    0.03057     1.8342    110.051     33.328  48349.497    30.5511     9.0115     33.000     9.0123    23.6354     5.7137     8.1654     86.036    249.280    255.172   -0.00476    6.64101    9.49067  289.73946   14.99405 4.8681e-02     0.3143     0.6263    85.5062 0.0000e+00
        445 315.629605    0.03080     1.8482    110.893     34.307  48341.207    30.5453     9.0146     34.000     9.0112    23.6303     5.7017     8.1483     85.859    248.762    254.640   -0.00536    6.64081    9.49038  289.73178   14.99371 4.7955e-02     0.3164     0.6414    85.1838 0.0000e+00
        452 315.629626    0.03129     1.8776    112.655     35.339  48353.657    30.5536     9.0153     35.000     9.0166    23.6369     5.6856     8.1253     85.622    248.056    253.919   -0.00465    6.64032    9.48969  289.70915   14.99259 4.6865e-02     0.3295     0.6159    85.7292 0.0000e+00
        457 315.629640    0.03165     1.8986    113.913     36.359  48365.497    30.5636     9.0308     36.000     9.0316    23.6423     5.6806     8.1182     85.582    247.837    253.696   -0.00335    6.63760    9.48579  289.58859   14.98679 4.6291e-02     0.2926     0.6322    85.3823 0.0000e+00
        460 315.629649    0.03186     1.9116    114.698     37.332  48368.105    30.5660     9.0376     37.000     9.0368    23.6432     5.6861     8.1260     85.679    248.074    253.940   -0.00156    6.63650    9.48422  289.54051   14.98449 4.5935e-02     0.2848     0.6269    85.4932 0.0000e+00
        467 315.629669    0.03233     1.9402    116.411     38.385  48368.707    30.5668     9.0436     38.000     9.0459    23.6428     5.6812     8.1191     85.617    247.864    253.723   -0.00113    6.63558    9.48291  289.50037   14.98256 4.5323e-02     0.3045     0.5948    86.1826 0.0000e+00
        470 315.629680    0.03259     1.9556    117.337     39.367  48567.261    30.7117     9.0894     39.000     9.1353    23.7492     5.6725     8.1066     85.654    247.459    253.336   -0.00102    6.62261    9.46437  288.90450   14.95349 4.5079e-02     0.2985     0.5959    86.1599 0.0000e+00
        475 315.629694    0.03295     1.9768    118.608     40.378  48566.987    30.7224     9.1722     40.000     9.1826    23.7450     5.6557     8.0827     85.564    246.728    252.586   -0.00083    6.60997    9.44631  288.35422   14.92715 4.4677e-02     0.2824     0.7387    83.1518 0.0000e+00
        481 315.629712    0.03335     2.0013    120.081     41.404  48575.366    30.7315     9.1992     41.000     9.1981    23.7480     5.5760     7.9687     84.413    243.248    249.025   -0.01116    6.60560    9.44006  288.16290   14.91797 4.4284e-02     0.2257     0.8545    80.7680 0.0000e+00
        485 315.629722    0.03361     2.0165    120.988     42.392  48578.386    30.7338     9.2039     42.000     9.2006    23.7490     5.5540     7.9371     84.090    242.286    248.040   -0.01180    6.60481    9.43894  288.12818   14.91630 4.4220e-02     0.2379     0.9059    79.7351 0.0000e+00
        491 315.629739    0.03402     2.0409    122.453     43.414  48580.648    30.7352     9.2059     43.000     9.2017    23.7498     5.5527     7.9353     84.075    242.230    247.983   -0.00651    6.60447    9.43845  288.11296   14.91557 4.3893e-02     0.2242     0.8779    80.2951 0.0000e+00
        496 315.629754    0.03438     2.0628    123.770     44.429  48586.442    30.7390     9.2067     44.000     9.2028    23.7527     5.5480     7.9287     84.008    242.027    247.776   -0.00423    6.60419    9.43804  288.09973   14.91492 4.3566e-02     0.2389     0.8898    80.0554 0.0000e+00
        500 315.629766    0.03466     2.0796    124.776     45.421  48588.202    30.7399     9.2079     45.000     9.2035    23.7533     5.5502     7.9318     84.044    242.122    247.872   -0.00281    6.60397    9.43774  288.09051   14.91447 4.3737e-02     0.2291     0.9137    79.5784 0.0000e+00
        506 315.629783    0.03507     2.1039    126.233     46.452  48595.386    30.7446     9.2088     46.000     9.2048    23.7569     5.5522     7.9346     84.078    242.207    247.961   -0.00084    6.60363    9.43725  288.07434   14.91369 4.3657e-02     0.2332     0.8817    80.2166 0.0000e+00
        510 315.629796    0.03538     2.1228    127.368     47.447  48598.125    30.7464     9.2103     47.000     9.2057    23.7579     5.5432     7.9219     83.946    241.817    247.562   -0.00210    6.60335    9.43685  288.06180   14.91308 4.3534e-02     0.2152     0.9015    79.8213 0.0000e+00
        515 315.629810    0.03571     2.1431    128.583     48.460  48604.457    30.7505     9.2112     48.000     9.2069    23.7611     5.5417     7.9196     83.926    241.746    247.491   -0.00135    6.60303    9.43639  288.04713   14.91236 4.3650e-02     0.2395     0.8986    79.8797 0.0000e+00
        520 315.629823    0.03604     2.1625    129.751     49.463  48610.729    30.7547     9.2127     49.000     9.2083    23.7641     5.5441     7.9231     83.969    241.854    247.601   -0.00073    6.60264    9.43583  288.02914   14.91148 4.3488e-02     0.2413     0.9038    79.7755 0.0000e+00
        526 315.629842    0.03647     2.1884    131.301     50.489  48617.969    30.7596     9.2150     50.000     9.2101    23.7677     5.5453     7.9249     83.994    241.906    247.655    0.00000    6.60208    9.43505  288.00418   14.91027 4.3734e-02     0.2351     0.9493    78.8821 0.0000e+00
        530 315.629853    0.03675     2.2049    132.297     51.483  48621.048    30.7615     9.2156     51.000     9.2107    23.7690     5.5352     7.9104     83.843    241.465    247.204   -0.00155    6.60192    9.43481  287.99674   14.90991 4.3402e-02     0.1906     1.0382    77.1393 0.0000e+00
        535 315.629868    0.03711     2.2268    133.608     52.499  48622.089    30.7619     9.2164     52.000     9.2111    23.7692     5.5288     7.9012     83.747    241.184    246.917   -0.00195    6.60179    9.43462  287.99060   14.90962 4.3384e-02     0.2416     1.0935    76.0826 0.0000e+00
        541 315.629883    0.03747     2.2481    134.885     53.505  48622.929    30.7621     9.2167     53.000     9.2112    23.7693     5.5311     7.9046     83.784    241.286    247.021   -0.00092    6.60173    9.43454  287.98820   14.90950 4.3384e-02     0.2481     1.1439    75.1294 0.0000e+00
