CTD-processing/allCTD/CNV/2016_02-15_t6_s26_cast115_5028.cnv
* Sea-Bird SBE19plus Data File:
* FileName = C:\Users\Kris.Holderied\Documents\kasitsna\Research-KBL\Oceanography-AK\CTD-Data-ALL-to-2016-02\2016-CTD-KachemakBay-CookInlet\2016-02-CookInlet-quarterly\2016-02-15-CookInlet-Tran6-Douglas\2016-02-15-CookInlet-Tran6-cast115.hex
* Software Version 1.59
* Temperature SN =  5028
* Conductivity SN =  5028
* System UpLoad Time = Feb 15 2016 19:29:59
** Cook Inlet LTM Tran6 Douglas West to East

** Date: 02-15
** Station:  6-26
** Start time (AKST): 10:41
** Depth (m): 170
** Comment:  R/V Pandalus
** Comment:  No longer turbid.  Big change from station 6-27.
# nquan = 27
# nvalues = 167                         
# units = specified
# name 0 = scan: Scan Count
# name 1 = timeJ: Julian Days
# name 2 = timeH: Time, Elapsed [hours]
# name 3 = timeM: Time, Elapsed [minutes]
# name 4 = timeS: Time, Elapsed [seconds]
# name 5 = prdM: Pressure, Strain Gauge [db]
# name 6 = specc: Specific Conductance [uS/cm]
# name 7 = sal00: Salinity, Practical [PSU]
# name 8 = tv290C: Temperature [ITS-90, deg C]
# name 9 = depSM: Depth [salt water, m], lat = 59.00
# name 10 = potemp090C: Potential Temperature [ITS-90, deg C]
# name 11 = sigma-é00: Density [sigma-theta, kg/m^3]
# name 12 = sbeox0ML/L: Oxygen, SBE 43 [ml/l]
# name 13 = sbeox0Mg/L: Oxygen, SBE 43 [mg/l]
# name 14 = sbeox0PS: Oxygen, SBE 43 [% saturation]
# name 15 = sbox0Mm/Kg: Oxygen, SBE 43 [umol/kg]
# name 16 = sbeox0Mm/L: Oxygen, SBE 43 [umol/l]
# name 17 = sbox0dV/dT: Oxygen, SBE 43 [dov/dt]
# name 18 = oxsolML/L: Oxygen Saturation, Garcia & Gordon [ml/l]
# name 19 = oxsolMg/L: Oxygen Saturation, Garcia & Gordon [mg/l]
# name 20 = oxsolMm/Kg: Oxygen Saturation, Garcia & Gordon [umol/kg]
# name 21 = potemp090C: Potential Temperature [ITS-90, deg C]
# name 22 = n2satMg/L: Nitrogen Saturation [mg/l]
# name 23 = par: PAR/Irradiance, Biospherical/Licor
# name 24 = flECO-AFL: Fluorescence, WET Labs ECO-AFL/FL [mg/m^3]
# name 25 = turbWETntu0: Turbidity, WET Labs ECO [NTU]
# name 26 = flag: flag
# span 0 =         75,        880       
# span 1 =  46.445817,  46.448145       
# span 2 =    0.00517,    0.06103       
# span 3 =     0.3099,     3.6620       
# span 4 =     18.594,    219.718       
# span 5 =      1.009,    168.645       
# span 6 =  50004.640,  50914.437       
# span 7 =    31.2569,    31.8945       
# span 8 =     6.0933,     6.6130       
# span 9 =      1.000,    167.000       
# span 10 =     6.1098,     6.5989      
# span 11 =    24.5835,    25.0253      
# span 12 =     5.7836,     6.3707      
# span 13 =     8.2653,     9.1043      
# span 14 =     81.976,     91.106      
# span 15 =    252.033,    277.610      
# span 16 =    258.294,    284.512      
# span 17 =   -0.00108,    0.03137      
# span 18 =    6.95238,    7.06572      
# span 19 =    9.93565,   10.09762      
# span 20 =  302.91292,  307.99145      
# span 21 =     6.0931,     6.5989      
# span 22 =   15.61736,   15.86200      
# span 23 = 3.8145e-02, 7.1971e+01      
# span 24 =     0.1475,     0.3178      
# span 25 =     0.4315,     0.6689      
# span 26 = 0.0000e+00, 0.0000e+00      
# interval = meters: 1                  
# start_time = Feb 15 2016 10:41:40 [Instrument's time stamp, header]
# bad_flag = -9.990e-29
*END*
[from data line 108]
        640  46.447451    0.04437     2.6622    159.735    110.058  50710.522    31.7646     6.5379    109.000     6.5300    24.9317     6.3241     9.0378     90.727    275.565    282.435   -0.00033    6.97049    9.96154  303.72981     6.5286   15.65683 3.8325e-02     0.2617     0.4473 0.0000e+00
        643  46.447461    0.04461     2.6770    160.618    111.068  50717.617    31.7696     6.5408    110.000     6.5336    24.9353     6.3227     9.0357     90.715    275.500    282.369   -0.00038    6.96979    9.96054  303.69819     6.5314   15.65530 3.8354e-02     0.2736     0.4555 0.0000e+00
        647  46.447471    0.04486     2.6917    161.502    112.078  50724.469    31.7746     6.5449    111.000     6.5375    24.9388     6.3221     9.0350     90.719    275.476    282.346   -0.00035    6.96890    9.95926  303.65819     6.5354   15.65337 3.8363e-02     0.2768     0.4602 0.0000e+00
        651  46.447483    0.04514     2.7086    162.516    113.087  50727.611    31.7770     6.5486    112.000     6.5402    24.9403     6.3193     9.0309     90.688    275.352    282.220   -0.00043    6.96819    9.95825  303.62707     6.5390   15.65188 3.8367e-02     0.2650     0.4528 0.0000e+00
        656  46.447496    0.04547     2.7278    163.671    114.098  50737.264    31.7837     6.5513    113.000     6.5429    24.9452     6.3134     9.0225     90.613    275.095    281.958   -0.00079    6.96744    9.95717  303.59272     6.5417   15.65021 3.8357e-02     0.2584     0.4525 0.0000e+00
        660  46.447508    0.04574     2.7449    164.695    115.108  50755.065    31.7961     6.5536    114.000     6.5443    24.9546     6.3140     9.0233     90.634    275.119    281.984   -0.00057    6.96650    9.95583  303.54908     6.5439   15.64808 3.8361e-02     0.2606     0.4659 0.0000e+00
        663  46.447517    0.04598     2.7589    165.536    116.118  50773.987    31.8089     6.5545    115.000     6.5465    24.9647     6.3182     9.0293     90.704    275.299    282.172   -0.00011    6.96578    9.95479  303.51437     6.5447   15.64638 3.8358e-02     0.2766     0.4686 0.0000e+00
        666  46.447527    0.04621     2.7725    166.350    117.128  50788.722    31.8193     6.5582    116.000     6.5507    24.9724     6.3199     9.0318     90.743    275.372    282.249    0.00010    6.96470    9.95325  303.46527     6.5482   15.64399 3.8335e-02     0.2852     0.4827 0.0000e+00
        670  46.447538    0.04648     2.7885    167.311    118.138  50795.882    31.8246     6.5623    117.000     6.5537    24.9761     6.3169     9.0275     90.711    275.240    282.115   -0.00012    6.96378    9.95194  303.42414     6.5523   15.64201 3.8330e-02     0.2750     0.4937 0.0000e+00
        675  46.447552    0.04681     2.8086    168.514    119.148  50802.007    31.8289     6.5653    118.000     6.5561    24.9791     6.3119     9.0203     90.648    275.020    281.889   -0.00051    6.96310    9.95097  303.39365     6.5552   15.64054 3.8346e-02     0.2766     0.5214 0.0000e+00
        680  46.447566    0.04713     2.8282    169.693    120.158  50806.798    31.8322     6.5677    119.000     6.5583    24.9814     6.3086     9.0156     90.607    274.876    281.742   -0.00062    6.96257    9.95021  303.36976     6.5574   15.63939 3.8356e-02     0.2674     0.5204 0.0000e+00
        684  46.447578    0.04742     2.8455    170.727    121.168  50809.223    31.8338     6.5696    120.000     6.5600    24.9824     6.3079     9.0146     90.602    274.842    281.709   -0.00057    6.96219    9.94966  303.35275     6.5593   15.63857 3.8342e-02     0.2681     0.5132 0.0000e+00
        688  46.447590    0.04770     2.8622    171.732    122.178  50810.271    31.8344     6.5710    121.000     6.5611    24.9827     6.3067     9.0130     90.589    274.793    281.658   -0.00053    6.96193    9.94930  303.34172     6.5606   15.63804 3.8343e-02     0.2617     0.5250 0.0000e+00
        692  46.447600    0.04797     2.8779    172.676    123.188  50811.561    31.8349     6.5717    122.000     6.5616    24.9830     6.3071     9.0134     90.596    274.809    281.675   -0.00044    6.96178    9.94908  303.33494     6.5613   15.63771 3.8348e-02     0.2611     0.5425 0.0000e+00
        695  46.447610    0.04820     2.8922    173.534    124.198  50812.838    31.8354     6.5723    123.000     6.5620    24.9834     6.3070     9.0134     90.596    274.807    281.672   -0.00037    6.96167    9.94892  303.32985     6.5618   15.63747 3.8338e-02     0.2614     0.5468 0.0000e+00
        699  46.447620    0.04844     2.9064    174.386    125.208  50814.179    31.8360     6.5728    124.000     6.5624    24.9838     6.3056     9.0114     90.578    274.746    281.610   -0.00046    6.96156    9.94877  303.32510     6.5622   15.63724 3.8354e-02     0.2640     0.5401 0.0000e+00
        702  46.447631    0.04871     2.9225    175.349    126.218  50815.443    31.8365     6.5733    125.000     6.5628    24.9841     6.3051     9.0106     90.571    274.720    281.584   -0.00045    6.96146    9.94862  303.32036     6.5626   15.63701 3.8377e-02     0.2704     0.5264 0.0000e+00
        707  46.447645    0.04903     2.9417    176.504    127.229  50817.719    31.8377     6.5739    126.000     6.5634    24.9850     6.3033     9.0081     90.548    274.644    281.506   -0.00050    6.96131    9.94840  303.31360     6.5631   15.63669 3.8365e-02     0.2712     0.5291 0.0000e+00
        712  46.447659    0.04938     2.9628    177.768    128.238  50819.578    31.8387     6.5748    127.000     6.5642    24.9857     6.3050     9.0105     90.575    274.717    281.581   -0.00027    6.96111    9.94812  303.30488     6.5639   15.63627 3.8360e-02     0.2658     0.5488 0.0000e+00
        717  46.447673    0.04970     2.9820    178.918    129.249  50820.426    31.8389     6.5752    128.000     6.5644    24.9858     6.3051     9.0107     90.578    274.722    281.586   -0.00020    6.96103    9.94801  303.30133     6.5643   15.63610 3.8365e-02     0.2683     0.5569 0.0000e+00
        721  46.447684    0.04997     2.9984    179.904    130.258  50821.576    31.8392     6.5755    129.000     6.5646    24.9861     6.3003     9.0037     90.509    274.512    281.371   -0.00057    6.96097    9.94792  303.29869     6.5645   15.63597 3.8351e-02     0.2677     0.5549 0.0000e+00
        724  46.447695    0.05024     3.0140    180.842    131.268  50822.482    31.8394     6.5758    130.000     6.5648    24.9862     6.2976     8.9998     90.471    274.393    281.249   -0.00074    6.96091    9.94783  303.29600     6.5647   15.63584 3.8372e-02     0.2789     0.5459 0.0000e+00
        728  46.447706    0.05051     3.0307    181.839    132.279  50824.091    31.8402     6.5762    131.000     6.5652    24.9867     6.3012     9.0050     90.524    274.552    281.412   -0.00035    6.96083    9.94771  303.29209     6.5649   15.63565 3.8368e-02     0.2859     0.5469 0.0000e+00
        733  46.447719    0.05081     3.0488    182.929    133.289  50826.982    31.8418     6.5769    132.000     6.5660    24.9880     6.3015     9.0054     90.530    274.564    281.425   -0.00021    6.96063    9.94743  303.28325     6.5656   15.63523 3.8377e-02     0.2744     0.5553 0.0000e+00
        737  46.447731    0.05110     3.0658    183.951    134.299  50831.130    31.8444     6.5780    133.000     6.5675    24.9899     6.2993     9.0023     90.503    274.467    281.326   -0.00041    6.96033    9.94700  303.26969     6.5667   15.63457 3.8381e-02     0.2640     0.5593 0.0000e+00
        741  46.447742    0.05136     3.0817    184.899    135.309  50837.990    31.8491     6.5801    134.000     6.5700    24.9933     6.3027     9.0072     90.558    274.613    281.477   -0.00009    6.95979    9.94623  303.24504     6.5685   15.63337 3.8383e-02     0.2531     0.5693 0.0000e+00
        745  46.447754    0.05165     3.0988    185.925    136.319  50845.780    31.8546     6.5834    135.000     6.5733    24.9973     6.3018     9.0060     90.557    274.577    281.440   -0.00006    6.95899    9.94511  303.20940     6.5717   15.63165 3.8411e-02     0.2594     0.5603 0.0000e+00
        749  46.447766    0.05194     3.1163    186.978    137.329  50848.502    31.8566     6.5864    136.000     6.5754    24.9985     6.3006     9.0043     90.548    274.525    281.388   -0.00025    6.95842    9.94427  303.18366     6.5747   15.63041 3.8445e-02     0.2754     0.5595 0.0000e+00
        753  46.447777    0.05220     3.1320    187.917    138.339  50850.375    31.8577     6.5877    137.000     6.5764    24.9992     6.2997     9.0029     90.537    274.482    281.343   -0.00017    6.95816    9.94390  303.17232     6.5759   15.62987 3.8422e-02     0.2784     0.5469 0.0000e+00
        757  46.447789    0.05249     3.1491    188.949    139.349  50852.723    31.8591     6.5888    138.000     6.5775    25.0001     6.2964     8.9983     90.494    274.340    281.199   -0.00053    6.95792    9.94356  303.16155     6.5769   15.62935 3.8398e-02     0.2673     0.5425 0.0000e+00
        762  46.447805    0.05288     3.1724    190.346    140.359  50862.369    31.8658     6.5916    139.000     6.5814    25.0051     6.2924     8.9924     90.445    274.163    281.018   -0.00057    6.95715    9.94247  303.12673     6.5796   15.62766 3.8451e-02     0.2752     0.5607 0.0000e+00
        768  46.447820    0.05323     3.1938    191.625    141.369  50868.534    31.8705     6.5960    140.000     6.5848    25.0082     6.2898     8.9889     90.421    274.053    280.907   -0.00069    6.95622    9.94114  303.08528     6.5840   15.62567 3.8375e-02     0.2885     0.5388 0.0000e+00
        771  46.447830    0.05348     3.2089    192.531    142.380  50868.857    31.8704     6.5973    141.000     6.5853    25.0080     6.2926     8.9928     90.463    274.171    281.028   -0.00021    6.95601    9.94084  303.07631     6.5851   15.62524 3.8428e-02     0.2745     0.5597 0.0000e+00
        774  46.447840    0.05371     3.2224    193.344    143.390  50870.676    31.8713     6.5978    142.000     6.5858    25.0087     6.2911     8.9906     90.442    274.105    280.960   -0.00040    6.95591    9.94068  303.07140     6.5855   15.62500 3.8465e-02     0.2605     0.5599 0.0000e+00
        778  46.447850    0.05395     3.2368    194.207    144.400  50873.561    31.8730     6.5985    143.000     6.5868    25.0099     6.2910     8.9904     90.443    274.099    280.954   -0.00033    6.95571    9.94041  303.06246     6.5862   15.62457 3.8475e-02     0.2592     0.5507 0.0000e+00
        782  46.447861    0.05422     3.2531    195.186    145.410  50877.784    31.8757     6.5998    144.000     6.5881    25.0119     6.2865     8.9840     90.383    273.904    280.755   -0.00066    6.95537    9.93992  303.04714     6.5874   15.62383 3.8505e-02     0.2675     0.5592 0.0000e+00
        786  46.447874    0.05453     3.2717    196.300    146.420  50881.445    31.8781     6.6014    145.000     6.5896    25.0136     6.2929     8.9932     90.481    274.184    281.042   -0.00004    6.95500    9.93940  303.03073     6.5889   15.62304 3.8531e-02     0.2746     0.5569 0.0000e+00
        791  46.447887    0.05484     3.2905    197.433    147.431  50884.756    31.8802     6.6030    146.000     6.5910    25.0151     6.2876     8.9855     90.408    273.949    280.802   -0.00039    6.95465    9.93889  303.01481     6.5904   15.62227 3.8563e-02     0.2651     0.5408 0.0000e+00
        795  46.447899    0.05513     3.3078    198.466    148.440  50887.369    31.8818     6.6042    147.000     6.5921    25.0161     6.2801     8.9750     90.305    273.626    280.471   -0.00097    6.95438    9.93850  303.00262     6.5916   15.62168 3.8443e-02     0.2503     0.5288 0.0000e+00
        799  46.447911    0.05541     3.3244    199.464    149.451  50890.219    31.8835     6.6053    148.000     6.5930    25.0174     6.2846     8.9813     90.373    273.821    280.671   -0.00047    6.95412    9.93815  302.99131     6.5926   15.62114 3.8380e-02     0.2493     0.5215 0.0000e+00
        803  46.447922    0.05568     3.3409    200.457    150.461  50892.172    31.8845     6.6062    149.000     6.5937    25.0181     6.2856     8.9828     90.389    273.864    280.716   -0.00023    6.95394    9.93788  302.98298     6.5933   15.62074 3.8444e-02     0.2514     0.5378 0.0000e+00
        807  46.447933    0.05595     3.3573    201.440    151.471  50893.403    31.8850     6.6068    150.000     6.5941    25.0184     6.2827     8.9786     90.349    273.736    280.585   -0.00050    6.95381    9.93769  302.97724     6.5939   15.62046 3.8456e-02     0.2634     0.5469 0.0000e+00
        811  46.447946    0.05626     3.3755    202.533    152.481  50894.340    31.8853     6.6072    151.000     6.5943    25.0186     6.2865     8.9840     90.404    273.901    280.754   -0.00014    6.95374    9.93759  302.97412     6.5942   15.62031 3.8439e-02     0.2768     0.5542 0.0000e+00
        815  46.447958    0.05656     3.3932    203.594    153.491  50895.898    31.8860     6.6076    152.000     6.5947    25.0190     6.2869     8.9847     90.412    273.921    280.775   -0.00006    6.95364    9.93745  302.96962     6.5945   15.62009 3.8476e-02     0.2665     0.5450 0.0000e+00
        819  46.447969    0.05680     3.4078    204.470    154.501  50897.374    31.8866     6.6080    153.000     6.5950    25.0195     6.2821     8.9778     90.344    273.713    280.561   -0.00048    6.95354    9.93731  302.96529     6.5948   15.61988 3.8556e-02     0.2499     0.5306 0.0000e+00
        822  46.447978    0.05701     3.4211    205.266    155.512  50899.110    31.8874     6.6084    154.000     6.5954    25.0201     6.2789     8.9732     90.299    273.570    280.415   -0.00073    6.95344    9.93716  302.96056     6.5952   15.61966 3.8507e-02     0.2423     0.5290 0.0000e+00
        826  46.447988    0.05726     3.4359    206.155    156.522  50900.838    31.8882     6.6089    155.000     6.5957    25.0207     6.2805     8.9754     90.324    273.641    280.488   -0.00053    6.95333    9.93700  302.95556     6.5955   15.61941 3.8539e-02     0.2535     0.5339 0.0000e+00
        831  46.448004    0.05764     3.4584    207.507    157.532  50902.437    31.8890     6.6095    156.000     6.5962    25.0212     6.2829     8.9789     90.360    273.746    280.596   -0.00020    6.95320    9.93681  302.94968     6.5960   15.61913 3.8609e-02     0.2709     0.5477 0.0000e+00
        837  46.448021    0.05806     3.4832    208.992    158.542  50904.192    31.8898     6.6100    157.000     6.5966    25.0219     6.2799     8.9747     90.319    273.615    280.462   -0.00038    6.95308    9.93664  302.94425     6.5965   15.61887 3.8500e-02     0.2730     0.5181 0.0000e+00
        841  46.448032    0.05832     3.4991    209.947    159.552  50905.698    31.8905     6.6104    158.000     6.5969    25.0223     6.2779     8.9719     90.291    273.529    280.373   -0.00054    6.95299    9.93652  302.94033     6.5967   15.61868 3.8494e-02     0.2629     0.5296 0.0000e+00
        844  46.448041    0.05854     3.5126    210.758    160.562  50907.989    31.8916     6.6107    159.000     6.5974    25.0232     6.2805     8.9754     90.329    273.637    280.485   -0.00030    6.95288    9.93636  302.93511     6.5970   15.61843 3.8498e-02     0.2677     0.5497 0.0000e+00
        848  46.448052    0.05879     3.5272    211.630    161.573  50910.803    31.8933     6.6115    160.000     6.5981    25.0244     6.2826     8.9784     90.362    273.728    280.579   -0.00008    6.95267    9.93606  302.92593     6.5977   15.61798 3.8551e-02     0.2621     0.5619 0.0000e+00
        852  46.448064    0.05910     3.5456    212.735    162.583  50912.723    31.8943     6.6124    161.000     6.5987    25.0251     6.2821     8.9777     90.357    273.707    280.557   -0.00014    6.95249    9.93580  302.91745     6.5985   15.61757 3.8544e-02     0.2677     0.5471 0.0000e+00
