CTD-processing/allCTD/CNV/2016_12-13_t9_s08_cast194_5028.cnv
* Sea-Bird SBE19plus Data File:
* FileName = P:\My Documents\kasitsna\Research-KBL\Oceanography-AK\CTD-Data-ALL-to-2016-05\2016-CTD-KachemakBay-CookInlet\2016-12-CookInlet-quarterly\2016-12-13-CookInlet-Tran9-HomerSpit\2016-12-13-CookInlet-Tran9-cast194.hex
* Software Version 1.59
* Temperature SN =  5028
* Conductivity SN =  5028
* System UpLoad Time = Jan 04 2017 19:31:12
** Cook Inlet LTM Tran 9 south to north
** Date: (YYYY-MM-DD): 2016-12-13
** Station: (eg. 9-01): 9-08
** Start time (AKST): 17:53
** Depth (m): 91.1
** Comment: R/V Alaska Dream Catcher. CTD on AKDT (1 hr ahead).
** Comment:
# nquan = 27
# nvalues = 89                          
# units = specified
# name 0 = scan: Scan Count
# name 1 = timeJ: Julian Days
# name 2 = timeH: Time, Elapsed [hours]
# name 3 = timeM: Time, Elapsed [minutes]
# name 4 = timeS: Time, Elapsed [seconds]
# name 5 = prdM: Pressure, Strain Gauge [db]
# name 6 = specc: Specific Conductance [uS/cm]
# name 7 = sal00: Salinity, Practical [PSU]
# name 8 = tv290C: Temperature [ITS-90, deg C]
# name 9 = depSM: Depth [salt water, m], lat = 59.00
# name 10 = potemp090C: Potential Temperature [ITS-90, deg C]
# name 11 = sigma-é00: Density [sigma-theta, kg/m^3]
# name 12 = sbeox0ML/L: Oxygen, SBE 43 [ml/l]
# name 13 = sbeox0Mg/L: Oxygen, SBE 43 [mg/l]
# name 14 = sbeox0PS: Oxygen, SBE 43 [% saturation]
# name 15 = sbox0Mm/Kg: Oxygen, SBE 43 [umol/kg]
# name 16 = sbeox0Mm/L: Oxygen, SBE 43 [umol/l]
# name 17 = sbox0dV/dT: Oxygen, SBE 43 [dov/dt]
# name 18 = oxsolML/L: Oxygen Saturation, Garcia & Gordon [ml/l]
# name 19 = oxsolMg/L: Oxygen Saturation, Garcia & Gordon [mg/l]
# name 20 = oxsolMm/Kg: Oxygen Saturation, Garcia & Gordon [umol/kg]
# name 21 = potemp090C: Potential Temperature [ITS-90, deg C]
# name 22 = n2satMg/L: Nitrogen Saturation [mg/l]
# name 23 = par: PAR/Irradiance, Biospherical/Licor
# name 24 = flECO-AFL: Fluorescence, WET Labs ECO-AFL/FL [mg/m^3]
# name 25 = turbWETntu0: Turbidity, WET Labs ECO [NTU]
# name 26 = flag: flag
# span 0 =         90,        655       
# span 1 = 348.787943, 348.789578       
# span 2 =    0.00618,    0.04542       
# span 3 =     0.3707,     2.7253       
# span 4 =     22.243,    163.515       
# span 5 =      1.010,     89.860       
# span 6 =  48405.758,  50208.435       
# span 7 =    30.1403,    31.4703       
# span 8 =     5.6728,     6.8046       
# span 9 =      1.000,     89.000       
# span 10 =     5.7403,     6.7972      
# span 11 =    23.7503,    24.6718      
# span 12 =     6.0605,     6.2935      
# span 13 =     8.6610,     8.9939      
# span 14 =     84.217,     89.688      
# span 15 =    264.428,    274.329      
# span 16 =    270.661,    281.065      
# span 17 =   -0.00316,    0.04431      
# span 18 =    6.94123,    7.19624      
# span 19 =    9.91971,   10.28415      
# span 20 =  302.53368,  313.98167      
# span 21 =     5.6728,     6.7969      
# span 22 =   15.60100,   16.15178      
# span 23 = 3.7963e-02, 5.9242e-02      
# span 24 =     0.0698,     0.1393      
# span 25 =     0.8054,     4.5832      
# span 26 = 0.0000e+00, 0.0000e+00      
# interval = meters: 1                  
# start_time = Dec 13 2016 18:54:16 [Instrument's time stamp, header]
# bad_flag = -9.990e-29
*END*
[from data line 54]
        513 348.789167    0.03555     2.1332    127.991     55.527  49989.814    31.1742     5.9210     55.000     5.9173    24.5406     6.2869     8.9845     88.552    274.045    280.770    0.00008    7.09961   10.14605  309.47373     5.9166   15.93297 3.7976e-02     0.1046     0.8223 0.0000e+00
        517 348.789179    0.03585     2.1509    129.057     56.536  49992.744    31.1761     5.9232     56.000     5.9207    24.5419     6.2901     8.9892     88.604    274.189    280.918    0.00031    7.09915   10.14539  309.45325     5.9188   15.93198 3.7976e-02     0.1067     0.8257 0.0000e+00
        522 348.789192    0.03615     2.1688    130.128     57.546  49998.226    31.1804     5.9284     57.000     5.9283    24.5447     6.2910     8.9905     88.630    274.226    280.957    0.00030    7.09807   10.14385  309.40568     5.9239   15.92970 3.7976e-02     0.1083     0.8262 0.0000e+00
        526 348.789203    0.03644     2.1863    131.177     58.555  50013.073    31.1926     5.9406     58.000     5.9466    24.5528     6.2911     8.9906     88.664    274.226    280.959    0.00033    7.09545   10.14011  309.28905     5.9361   15.92410 3.7976e-02     0.0982     0.8572 0.0000e+00
        530 348.789215    0.03672     2.2033    132.196     59.566  50012.483    31.1957     5.9615     59.000     5.9638    24.5529     6.2935     8.9939     88.742    274.329    281.065    0.00061    7.09181   10.13491  309.13048     5.9568   15.91653 3.7976e-02     0.1044     0.9143 0.0000e+00
        534 348.789227    0.03701     2.2209    133.253     60.575  50015.422    31.1998     5.9746     60.000     5.9796    24.5545     6.2934     8.9939     88.771    274.327    281.063    0.00060    7.08944   10.13153  309.02675     5.9698   15.91157 3.7976e-02     0.0961     0.9560 0.0000e+00
        538 348.789240    0.03732     2.2390    134.341     61.585  50096.109    31.2629     6.0155     61.000     6.0632    24.5995     6.2847     8.9815     88.772    273.938    280.676    0.00034    7.07967   10.11756  308.58709     6.0107   15.89037 3.7976e-02     0.0921     0.9732 0.0000e+00
        543 348.789252    0.03761     2.2567    135.402     62.594  50186.958    31.3504     6.1474     62.000     6.2293    24.6527     6.2848     8.9815     89.100    273.924    280.677    0.00187    7.05371   10.08045  307.43939     6.1424   15.83532 3.7976e-02     0.0822     1.0328 0.0000e+00
        547 348.789264    0.03790     2.2738    136.428     63.604  50198.006    31.3912     6.3248     63.000     6.3913    24.6633     6.2934     8.9938     89.617    274.297    281.061    0.00436    7.02259   10.03598  306.07962     6.3196   15.77035 3.7976e-02     0.0820     1.1236 0.0000e+00
        551 348.789276    0.03817     2.2906    137.435     64.614  50208.435    31.4231     6.4597     64.000     6.5192    24.6718     6.2772     8.9708     89.688    273.590    280.340    0.00396    6.99899   10.00226  305.04898     6.4544   15.72110 3.7976e-02     0.0879     1.1963 0.0000e+00
        555 348.789288    0.03846     2.3080    138.480     65.624  50201.788    31.4415     6.5869     65.000     6.6240    24.6705     6.2363     8.9123     89.378    271.807    278.512    0.00123    6.97745    9.97147  304.11021     6.5814   15.67628 3.7976e-02     0.0985     1.2307 0.0000e+00
        559 348.789300    0.03876     2.3254    139.527     66.634  50175.124    31.4360     6.6604     66.000     6.6747    24.6569     6.2030     8.8647     89.050    270.360    277.026   -0.00085    6.96577    9.95478  303.60529     6.6548   15.65223 3.7976e-02     0.1173     1.2468 0.0000e+00
        563 348.789312    0.03904     2.3425    140.552     67.643  50168.478    31.4373     6.6955     67.000     6.7018    24.6535     6.1745     8.8240     88.714    269.119    275.754   -0.00257    6.96003    9.94658  303.35618     6.6898   15.64035 3.7976e-02     0.1094     1.2603 0.0000e+00
        567 348.789324    0.03933     2.3594    141.565     68.653  50177.205    31.4474     6.7201     68.000     6.7264    24.6583     6.1558     8.7973     88.502    268.303    274.919   -0.00316    6.95559    9.94023  303.16125     6.7143   15.63101 3.7976e-02     0.0869     1.2634 0.0000e+00
        571 348.789335    0.03960     2.3762    142.575     69.663  50177.148    31.4510     6.7431     69.000     6.7452    24.6582     6.1489     8.7874     88.451    268.000    274.608   -0.00270    6.95173    9.93472  302.99296     6.7371   15.62297 3.7976e-02     0.0827     1.2784 0.0000e+00
        575 348.789347    0.03989     2.3936    143.617     70.673  50176.969    31.4531     6.7583     70.000     6.7578    24.6580     6.1481     8.7862     88.471    267.964    274.571   -0.00187    6.94917    9.93106  302.88159     6.7523   15.61765 3.7976e-02     0.0858     1.3263 0.0000e+00
        580 348.789360    0.04019     2.4115    144.690     71.683  50179.196    31.4563     6.7698     71.000     6.7679    24.6590     6.1439     8.7802     88.437    267.783    274.386   -0.00154    6.94717    9.92820  302.79414     6.7636   15.61347 3.7976e-02     0.0847     1.4106 0.0000e+00
        584 348.789372    0.04048     2.4288    145.731     72.692  50180.720    31.4583     6.7778     72.000     6.7748    24.6595     6.1404     8.7753     88.405    267.632    274.231   -0.00137    6.94579    9.92623  302.73369     6.7716   15.61058 3.7976e-02     0.0813     1.5629 0.0000e+00
        588 348.789384    0.04076     2.4456    146.734     73.702  50180.387    31.4586     6.7834     73.000     6.7782    24.6591     6.1401     8.7748     88.411    267.617    274.216   -0.00103    6.94488    9.92493  302.69405     6.7771   15.60869 3.7976e-02     0.0840     1.8160 0.0000e+00
        592 348.789395    0.04104     2.4623    147.739     74.711  50183.179    31.4605     6.7856     74.000     6.7804    24.6603     6.1373     8.7708     88.377    267.495    274.091   -0.00096    6.94443    9.92429  302.67439     6.7792   15.60774 3.7976e-02     0.0982     2.0873 0.0000e+00
        596 348.789407    0.04133     2.4798    148.787     75.722  50184.725    31.4615     6.7880     75.000     6.7823    24.6608     6.1317     8.7628     88.302    267.251    273.842   -0.00118    6.94401    9.92368  302.65571     6.7815   15.60685 3.7976e-02     0.0969     2.2794 0.0000e+00
        600 348.789420    0.04163     2.4976    149.856     76.731  50185.550    31.4619     6.7897     76.000     6.7835    24.6609     6.1279     8.7574     88.251    267.085    273.672   -0.00120    6.94372    9.92326  302.64293     6.7831   15.60624 3.7976e-02     0.0959     2.4513 0.0000e+00
        605 348.789432    0.04192     2.5151    150.904     77.742  50185.875    31.4618     6.7902     77.000     6.7836    24.6608     6.1248     8.7529     88.207    266.950    273.533   -0.00117    6.94364    9.92315  302.63949     6.7836   15.60607 3.7976e-02     0.0944     2.5966 0.0000e+00
        609 348.789443    0.04219     2.5317    151.904     78.751  50187.966    31.4628     6.7905     78.000     6.7841    24.6616     6.1249     8.7532     88.211    266.957    273.541   -0.00093    6.94353    9.92301  302.63483     6.7838   15.60584 3.7976e-02     0.1048     2.6809 0.0000e+00
        613 348.789455    0.04248     2.5485    152.912     79.761  50188.300    31.4627     6.7909     79.000     6.7840    24.6614     6.1268     8.7557     88.237    267.035    273.621   -0.00057    6.94347    9.92291  302.63212     6.7841   15.60572 3.7977e-02     0.1185     2.8622 0.0000e+00
        617 348.789467    0.04277     2.5659    153.952     80.771  50191.264    31.4643     6.7910     80.000     6.7848    24.6627     6.1262     8.7549     88.230    267.009    273.595   -0.00051    6.94339    9.92281  302.62840     6.7841   15.60554 3.7978e-02     0.1253     3.0323 0.0000e+00
        621 348.789479    0.04306     2.5835    155.009     81.780  50195.569    31.4673     6.7936     81.000     6.7881    24.6647     6.1254     8.7538     88.226    266.974    273.559   -0.00045    6.94284    9.92201  302.60358     6.7866   15.60434 3.7976e-02     0.1302     3.1835 0.0000e+00
        625 348.789492    0.04335     2.6011    156.069     82.791  50195.571    31.4673     6.7964     82.000     6.7898    24.6644     6.1245     8.7524     88.218    266.934    273.518   -0.00043    6.94239    9.92137  302.58417     6.7893   15.60341 3.7976e-02     0.1307     3.4077 0.0000e+00
        629 348.789503    0.04363     2.6178    157.069     83.801  50196.380    31.4676     6.7974     83.000     6.7904    24.6645     6.1224     8.7495     88.191    266.845    273.427   -0.00051    6.94222    9.92113  302.57681     6.7902   15.60306 3.7976e-02     0.1393     3.5959 0.0000e+00
        633 348.789515    0.04391     2.6343    158.055     84.810  50197.809    31.4682     6.7981     84.000     6.7911    24.6649     6.1200     8.7461     88.158    266.740    273.319   -0.00064    6.94209    9.92094  302.57081     6.7908   15.60278 3.7976e-02     0.1313     3.6950 0.0000e+00
        637 348.789526    0.04420     2.6515    159.092     85.820  50198.883    31.4687     6.7988     85.000     6.7920    24.6651     6.1178     8.7429     88.128    266.644    273.220   -0.00067    6.94193    9.92071  302.56386     6.7915   15.60244 3.7976e-02     0.1249     3.6989 0.0000e+00
        642 348.789539    0.04449     2.6696    160.178     86.829  50200.949    31.4699     6.8004     86.000     6.7938    24.6659     6.1163     8.7408     88.110    266.578    273.153   -0.00067    6.94162    9.92027  302.55004     6.7930   15.60177 3.7976e-02     0.1249     3.8099 0.0000e+00
        646 348.789552    0.04479     2.6873    161.238     87.840  50201.682    31.4703     6.8021     87.000     6.7954    24.6660     6.1160     8.7405     88.110    266.567    273.143   -0.00051    6.94133    9.91986  302.53765     6.7946   15.60118 3.7976e-02     0.1290     4.0830 0.0000e+00
        650 348.789563    0.04508     2.7046    162.277     88.849  50197.687    31.4673     6.8036     88.000     6.7964    24.6635     6.1158     8.7400     88.108    266.556    273.130   -0.00047    6.94123    9.91971  302.53368     6.7960   15.60100 3.7976e-02     0.1243     4.3490 0.0000e+00
        655 348.789578    0.04542     2.7253    163.515     89.860  50165.452    31.4446     6.8046     89.000     6.7972    24.6455     6.1153     8.7394     88.089    266.538    273.108   -0.00041    6.94210    9.92096  302.57705     6.7969   15.60317 3.7976e-02     0.1173     4.5832 0.0000e+00
