CTD-processing/allCTD/CNV/2016_08-31_t6_s10_cast109_5028.cnv
* Sea-Bird SBE19plus Data File:
* FileName = C:\Users\Kim.Powell\Desktop\2016_08-31_T6_5028\2016_08-31_T6_5028_cast109.hex
* Software Version 1.59
* Temperature SN =  5028
* Conductivity SN =  5028
* System UpLoad Time = Aug 31 2016 22:13:55
** CookInlet LTM Transect 7
** 2016_08-30
** Station: 6-10
** Start Time: 15:54
** Depth (m): 97.2
** Comment:
** Comment:
# nquan = 27
# nvalues = 91                          
# units = specified
# name 0 = scan: Scan Count
# name 1 = timeJ: Julian Days
# name 2 = timeH: Time, Elapsed [hours]
# name 3 = timeM: Time, Elapsed [minutes]
# name 4 = timeS: Time, Elapsed [seconds]
# name 5 = prdM: Pressure, Strain Gauge [db]
# name 6 = specc: Specific Conductance [uS/cm]
# name 7 = sal00: Salinity, Practical [PSU]
# name 8 = tv290C: Temperature [ITS-90, deg C]
# name 9 = depSM: Depth [salt water, m], lat = 59.00
# name 10 = potemp090C: Potential Temperature [ITS-90, deg C]
# name 11 = sigma-é00: Density [sigma-theta, kg/m^3]
# name 12 = sbeox0ML/L: Oxygen, SBE 43 [ml/l]
# name 13 = sbeox0Mg/L: Oxygen, SBE 43 [mg/l]
# name 14 = sbeox0PS: Oxygen, SBE 43 [% saturation]
# name 15 = sbox0Mm/Kg: Oxygen, SBE 43 [umol/kg]
# name 16 = sbeox0Mm/L: Oxygen, SBE 43 [umol/l]
# name 17 = sbox0dV/dT: Oxygen, SBE 43 [dov/dt]
# name 18 = oxsolML/L: Oxygen Saturation, Garcia & Gordon [ml/l]
# name 19 = oxsolMg/L: Oxygen Saturation, Garcia & Gordon [mg/l]
# name 20 = oxsolMm/Kg: Oxygen Saturation, Garcia & Gordon [umol/kg]
# name 21 = potemp090C: Potential Temperature [ITS-90, deg C]
# name 22 = n2satMg/L: Nitrogen Saturation [mg/l]
# name 23 = par: PAR/Irradiance, Biospherical/Licor
# name 24 = flECO-AFL: Fluorescence, WET Labs ECO-AFL/FL [mg/m^3]
# name 25 = turbWETntu0: Turbidity, WET Labs ECO [NTU]
# name 26 = flag: flag
# span 0 =        458,        861       
# span 1 = 244.664656, 244.665821       
# span 2 =    0.03173,    0.05969       
# span 3 =     1.9040,     3.5813       
# span 4 =    114.240,    214.878       
# span 5 =      1.009,     91.879       
# span 6 =  46597.816,  50520.440       
# span 7 =    29.7080,    31.9639       
# span 8 =     8.4380,    12.3527       
# span 9 =      1.000,     91.000       
# span 10 =     8.4247,    12.3528      
# span 11 =    22.4184,    24.8278      
# span 12 =     4.8895,     5.8841      
# span 13 =     6.9876,     8.4090      
# span 14 =     73.356,     94.664      
# span 15 =    213.076,    257.017      
# span 16 =    218.366,    262.785      
# span 17 =   -0.02249,    0.00129      
# span 18 =    6.21027,    6.66552      
# span 19 =    8.87510,    9.52569      
# span 20 =  271.26925,  290.47026      
# span 21 =     8.4289,    12.3526      
# span 22 =   14.11339,   15.02322      
# span 23 = 7.6107e-02, 3.5745e+01      
# span 24 =     0.0371,     1.1336      
# span 25 =     0.1795,     0.3981      
# span 26 = 0.0000e+00, 0.0000e+00      
# interval = meters: 1                  
# start_time = Aug 31 2016 15:55:12 [Instrument's time stamp, header]
# bad_flag = -9.990e-29
*END*
        458 244.664656    0.03173     1.9040    114.240      1.009  46597.816    29.7080    12.3527      1.000    12.3528    22.4184     5.8703     8.3892     94.525    256.418    262.166   -0.00001    6.21027    8.87510  271.26925    12.3526   14.11339 3.5745e+01     0.6777     0.2258 0.0000e+00
        482 244.664725    0.03341     2.0045    120.270      2.019  46601.013    29.7095    12.3492      2.000    12.3494    22.4202     5.8793     8.4020     94.664    256.810    262.568    0.00036    6.21066    8.87566  271.28593    12.3490   14.11418 2.7944e+01     0.6778     0.2320 0.0000e+00
        487 244.664741    0.03378     2.0268    121.608      3.028  46601.721    29.7097    12.3500      3.000    12.3477    22.4203     5.8776     8.3997     94.639    256.738    262.495    0.00006    6.21056    8.87551  271.28124    12.3496   14.11396 2.3622e+01     0.6805     0.2416 0.0000e+00
        492 244.664753    0.03407     2.0441    122.648      4.037  46602.970    29.7095    12.3417      4.000    12.3270    22.4216     5.8792     8.4019     94.647    256.806    262.564   -0.00012    6.21166    8.87708  271.32893    12.3411   14.11625 1.9785e+01     0.6790     0.2497 0.0000e+00
        495 244.664764    0.03434     2.0601    123.605      5.048  46625.907    29.7217    12.3031      5.000    12.2651    22.4383     5.8841     8.4090     94.657    257.017    262.785    0.00002    6.21624    8.88363  271.52465    12.3024   14.12558 1.7914e+01     0.7094     0.2532 0.0000e+00
        500 244.664776    0.03462     2.0772    124.631      6.057  46700.395    29.7666    12.2218      6.000    12.1758    22.4879     5.8794     8.4022     94.446    256.799    262.574   -0.00132    6.22516    8.89637  271.90109    12.2211   14.14345 1.7641e+01     0.7852     0.2438 0.0000e+00
        504 244.664789    0.03494     2.0963    125.777      7.066  46827.794    29.8445    12.0973      7.000    12.0127    22.5710     5.8565     8.3695     93.877    255.778    261.551   -0.00442    6.23852    8.91547  272.46250    12.0964   14.17006 1.8367e+01     0.8682     0.2409 0.0000e+00
        508 244.664801    0.03523     2.1137    126.824      8.076  47043.358    29.9779    11.9027      8.000    11.8033    22.7095     5.8273     8.3278     93.103    254.468    260.247   -0.00802    6.25904    8.94480  273.32174    11.9017   14.21071 2.0422e+01     0.8953     0.2435 0.0000e+00
        512 244.664813    0.03550     2.1300    127.799      9.085  47245.889    30.1040    11.7325      9.000    11.6837    22.8379     5.7933     8.2791     92.299    252.950    258.727   -0.01096    6.27670    8.97003  274.05856    11.7314   14.24552 2.3002e+01     0.9124     0.2366 0.0000e+00
        516 244.664825    0.03579     2.1477    128.859     10.095  47342.603    30.1643    11.6554     10.000    11.6428    22.8985     5.7632     8.2362     91.704    251.623    257.384   -0.01164    6.28460    8.98132  274.38710    11.6542   14.26103 2.6622e+01     0.9262     0.2224 0.0000e+00
        521 244.664837    0.03610     2.1658    129.949     11.104  47372.851    30.1833    11.6357     11.000    11.6285    22.9169     5.7534     8.2222     91.520    251.191    256.947   -0.00912    6.28647    8.98400  274.46402    11.6344   14.26463 2.9842e+01     0.9507     0.2294 0.0000e+00
        525 244.664849    0.03637     2.1821    130.928     12.114  47403.873    30.2035    11.6221     12.000    11.6101    22.9349     5.7556     8.2253     91.540    251.282    257.044   -0.00635    6.28751    8.98547  274.50414    11.6206   14.26647 3.2097e+01     0.9544     0.2267 0.0000e+00
        529 244.664860    0.03664     2.1981    131.886     13.123  47447.948    30.2320    11.6000     13.000    11.5837    22.9610     5.7645     8.2380     91.656    251.665    257.444   -0.00386    6.28933    8.98807  274.57678    11.5984   14.26984 3.4070e+01     0.9805     0.2176 0.0000e+00
        533 244.664872    0.03692     2.2155    132.928     14.132  47511.108    30.2730    11.5685     14.000    11.5512    22.9985     5.7784     8.2579     91.839    252.262    258.064   -0.00144    6.29192    8.99179  274.68000    11.5668   14.27462 3.3256e+01     0.9875     0.2138 0.0000e+00
        537 244.664884    0.03722     2.2336    134.017     15.142  47582.542    30.3196    11.5340     15.000    11.5160    23.0407     5.7762     8.2548     91.763    252.157    257.967   -0.00138    6.29470    8.99576  274.78998    11.5321   14.27971 3.1654e+01     1.0377     0.2306 0.0000e+00
        541 244.664896    0.03750     2.2502    135.015     16.151  47645.929    30.3608    11.5029     16.000    11.4874    23.0783     5.7764     8.2551     91.729    252.157    257.976   -0.00143    6.29724    8.99938  274.89064    11.5009   14.28436 2.9564e+01     1.0667     0.2334 0.0000e+00
        545 244.664907    0.03778     2.2665    135.989     17.161  47704.009    30.3987    11.4760     17.000    11.4601    23.1124     5.7862     8.2691     91.855    252.576    258.413   -0.00028    6.29933    9.00238  274.97297    11.4740   14.28816 2.6446e+01     1.1024     0.2220 0.0000e+00
        549 244.664919    0.03806     2.2833    136.997     18.171  47748.873    30.4273    11.4498     18.000    11.4379    23.1393     5.7985     8.2867     92.014    253.105    258.961    0.00073    6.30172    9.00578  275.06975    11.4477   14.29268 2.2914e+01     1.1336     0.2264 0.0000e+00
        553 244.664930    0.03832     2.2992    137.950     19.181  47771.394    30.4411    11.4329     19.000    11.4216    23.1530     5.8075     8.2995     92.133    253.496    259.364    0.00129    6.30344    9.00825  275.14137    11.4307   14.29606 2.0296e+01     1.1037     0.2398 0.0000e+00
        557 244.664941    0.03858     2.3146    138.878     20.190  47797.123    30.4568    11.4133     20.000    11.3977    23.1687     5.8073     8.2992     92.100    253.482    259.354    0.00071    6.30548    9.01116  275.22602    11.4108   14.30005 1.7567e+01     1.0627     0.2453 0.0000e+00
        560 244.664952    0.03885     2.3311    139.864     21.199  47827.227    30.4753    11.3900     21.000    11.3794    23.1871     5.7990     8.2874     91.933    253.115    258.984   -0.00058    6.30786    9.01457  275.32534    11.3875   14.30473 1.5265e+01     1.0382     0.2301 0.0000e+00
        564 244.664963    0.03912     2.3472    140.829     22.209  47839.219    30.4816    11.3735     22.000    11.3599    23.1950     5.7875     8.2708     91.721    252.609    258.468   -0.00185    6.30984    9.01739  275.40950    11.3709   14.30874 1.3446e+01     1.0152     0.2236 0.0000e+00
        568 244.664974    0.03937     2.3624    141.743     23.218  47854.778    30.4901    11.3538     23.000    11.3409    23.2051     5.7740     8.2517     91.474    252.019    257.868   -0.00299    6.31217    9.02072  275.50836    11.3510   14.31344 1.1698e+01     0.9634     0.2155 0.0000e+00
        572 244.664986    0.03965     2.3793    142.757     24.227  47871.972    30.4993    11.3298     24.000    11.3058    23.2165     5.7566     8.2268     91.157    251.256    257.089   -0.00413    6.31503    9.02482  275.63028    11.3270   14.31924 1.0211e+01     0.8938     0.2142 0.0000e+00
        576 244.664998    0.03996     2.3976    143.856     25.238  47923.486    30.5280    11.2619     25.000    11.1880    23.2506     5.7315     8.1909     90.645    250.154    255.970   -0.00591    6.32310    9.03634  275.97295    11.2589   14.33555 8.9647e+00     0.8179     0.2102 0.0000e+00
        580 244.665010    0.04024     2.4142    144.855     26.247  48084.938    30.6230    11.0902     26.000    10.9624    23.3542     5.6915     8.1337     89.736    248.381    254.182   -0.00960    6.34266    9.06430  276.79883    11.0871   14.37472 7.8549e+00     0.6854     0.2049 0.0000e+00
        584 244.665021    0.04050     2.4298    145.787     27.256  48332.899    30.7718    10.8568     27.000    10.7525    23.5101     5.6227     8.0354     88.292    245.343    251.111   -0.01581    6.36861    9.10138  277.88859    10.8536   14.42630 6.9007e+00     0.4902     0.2021 0.0000e+00
        588 244.665032    0.04075     2.4454    146.726     28.266  48525.445    30.8884    10.6889     28.000    10.6481    23.6295     5.5390     7.9159     86.726    241.663    247.373   -0.02167    6.38695    9.12759  278.65645    10.6857   14.46260 6.1445e+00     0.3290     0.1927 0.0000e+00
        592 244.665043    0.04102     2.4615    147.688     29.276  48591.650    30.9283    10.6327     29.000    10.6202    23.6701     5.4787     7.8296     85.698    239.021    244.679   -0.02249    6.39308    9.13635  278.91289    10.6293   14.47472 5.5772e+00     0.2473     0.1927 0.0000e+00
        596 244.665054    0.04129     2.4774    148.646     30.285  48606.321    30.9363    10.6162     30.000    10.6019    23.6792     5.4616     7.8051     85.403    238.272    243.914   -0.01821    6.39503    9.13914  278.99574    10.6127   14.47865 5.0485e+00     0.2331     0.2155 0.0000e+00
        599 244.665065    0.04155     2.4928    149.566     31.294  48626.385    30.9475    10.5945     31.000    10.5783    23.6916     5.4605     7.8037     85.353    238.223    243.867   -0.01350    6.39759    9.14279  279.10371    10.5909   14.48377 4.5197e+00     0.2243     0.2180 0.0000e+00
        603 244.665075    0.04181     2.5081    150.485     32.305  48648.836    30.9604    10.5719     32.000    10.5547    23.7054     5.4535     7.7935     85.207    237.911    243.551   -0.01054    6.40019    9.14652  279.21392    10.5682   14.48900 4.0543e+00     0.2094     0.2019 0.0000e+00
        607 244.665088    0.04210     2.5264    151.586     33.315  48681.758    30.9792    10.5384     33.000    10.5159    23.7257     5.4446     7.7809     85.019    237.523    243.158   -0.00839    6.40407    9.15205  279.37726    10.5346   14.49674 3.6445e+00     0.2048     0.1936 0.0000e+00
        612 244.665102    0.04245     2.5471    152.828     34.323  48729.152    31.0063    10.4884     34.000    10.4593    23.7552     5.4367     7.7696     84.817    237.170    242.804   -0.00662    6.40991    9.16040  279.62412    10.4845   14.50845 3.2191e+00     0.2125     0.1913 0.0000e+00
        616 244.665114    0.04272     2.5632    153.792     35.333  48776.510    31.0335    10.4388     35.000    10.4108    23.7847     5.4297     7.7596     84.632    236.859    242.492   -0.00590    6.41571    9.16869  279.86895    10.4348   14.52006 2.8482e+00     0.1990     0.1946 0.0000e+00
        620 244.665124    0.04297     2.5780    154.682     36.343  48818.123    31.0572    10.3953     36.000    10.3640    23.8105     5.4214     7.7477     84.436    236.490    242.121   -0.00562    6.42079    9.17596  280.08370    10.3913   14.53024 2.5596e+00     0.1802     0.1900 0.0000e+00
        624 244.665135    0.04324     2.5946    155.679     37.353  48879.134    31.0930    10.3387     37.000    10.3014    23.8478     5.4086     7.7294     84.152    235.923    241.548   -0.00571    6.42723    9.18515  280.35424    10.3346   14.54305 2.3226e+00     0.1748     0.1872 0.0000e+00
        628 244.665147    0.04352     2.6115    156.688     38.362  48959.442    31.1409    10.2697     38.000    10.2311    23.8966     5.3884     7.7005     83.737    235.028    240.645   -0.00660    6.43492    9.19614  280.67636    10.2655   14.55827 2.1051e+00     0.1605     0.2006 0.0000e+00
        632 244.665158    0.04380     2.6279    157.676     39.372  49037.056    31.1869    10.2022     39.000    10.1638    23.9437     5.3695     7.6735     83.345    234.193    239.801   -0.00723    6.44251    9.20699  280.99450    10.1978   14.57331 1.9001e+00     0.1434     0.2057 0.0000e+00
        636 244.665171    0.04410     2.6456    158.739     40.381  49114.534    31.2329    10.1353     40.000    10.1057    23.9905     5.3505     7.6464     82.954    233.355    238.954   -0.00744    6.45001    9.21771  281.30866    10.1309   14.58815 1.7150e+00     0.1418     0.1968 0.0000e+00
        640 244.665183    0.04439     2.6635    159.811     41.391  49170.459    31.2659    10.0870     41.000    10.0687    24.0242     5.3387     7.6295     82.700    232.831    238.424   -0.00685    6.45546    9.22549  281.53703    10.0824   14.59895 1.5442e+00     0.1532     0.1936 0.0000e+00
        645 244.665196    0.04469     2.6817    160.902     42.401  49199.062    31.2826    10.0630     42.000    10.0541    24.0411     5.3388     7.6298     82.668    232.836    238.433   -0.00499    6.45816    9.22934  281.64985    10.0583   14.60428 1.3847e+00     0.1583     0.1958 0.0000e+00
        649 244.665208    0.04499     2.6992    161.953     43.410  49206.812    31.2867    10.0558     43.000    10.0490    24.0456     5.3384     7.6291     82.650    232.814    238.412   -0.00349    6.45898    9.23054  281.68493    10.0511   14.60594 1.2466e+00     0.1460     0.1987 0.0000e+00
        652 244.665218    0.04523     2.7139    162.835     44.420  49209.572    31.2878    10.0521     44.000    10.0433    24.0470     5.3326     7.6208     82.554    232.559    238.152   -0.00326    6.45947    9.23122  281.70568    10.0472   14.60693 1.1305e+00     0.1427     0.1992 0.0000e+00
        656 244.665228    0.04546     2.7275    163.648     45.430  49216.056    31.2909    10.0445     45.000    10.0333    24.0508     5.3334     7.6220     82.555    232.597    238.191   -0.00261    6.46041    9.23257  281.74557    10.0395   14.60882 1.0334e+00     0.1428     0.1935 0.0000e+00
        660 244.665239    0.04574     2.7448    164.688     46.439  49229.049    31.2982    10.0327     46.000    10.0233    24.0584     5.3382     7.6287     82.611    232.801    238.402   -0.00153    6.46178    9.23453  281.80347    10.0275   14.61157 9.4705e-01     0.1275     0.1848 0.0000e+00
        665 244.665255    0.04611     2.7664    165.984     47.449  49239.800    31.3039    10.0213     47.000    10.0085    24.0647     5.3292     7.6160     82.456    232.409    238.002   -0.00184    6.46315    9.23648  281.86122    10.0161   14.61431 8.6213e-01     0.1293     0.1977 0.0000e+00
        669 244.665267    0.04640     2.7840    167.042     48.458  49256.471    31.3127    10.0005     48.000     9.9783    24.0749     5.3203     7.6033     82.285    232.021    237.607   -0.00247    6.46572    9.24016  281.97048     9.9953   14.61950 7.7613e-01     0.1355     0.1969 0.0000e+00
        673 244.665278    0.04668     2.8005    168.028     49.468  49288.535    31.3301     9.9636     49.000     9.9371    24.0946     5.3197     7.6024     82.218    231.989    237.579   -0.00221    6.47023    9.24660  282.16181     9.9582   14.62858 6.9926e-01     0.1448     0.1909 0.0000e+00
        677 244.665290    0.04698     2.8187    169.121     50.478  49331.637    31.3544     9.9197     50.000     9.8974    24.1207     5.3097     7.5880     81.998    231.545    237.130   -0.00283    6.47543    9.25404  282.38142     9.9143   14.63899 6.3212e-01     0.1382     0.1925 0.0000e+00
        682 244.665303    0.04727     2.8361    170.165     51.488  49364.816    31.3731     9.8860     51.000     9.8659    24.1408     5.2976     7.5708     81.760    231.013    236.590   -0.00358    6.47946    9.25979  282.55143     9.8803   14.64705 5.7519e-01     0.1463     0.1863 0.0000e+00
        685 244.665313    0.04752     2.8510    171.058     52.498  49389.609    31.3868     9.8597     52.000     9.8351    24.1557     5.2960     7.5684     81.695    230.938    236.516   -0.00318    6.48261    9.26430  282.68495     9.8540   14.65338 5.2710e-01     0.1327     0.1838 0.0000e+00
        689 244.665324    0.04778     2.8669    172.016     53.507  49431.561    31.4102     9.8158     53.000     9.7738    24.1811     5.2963     7.5689     81.633    230.947    236.532   -0.00266    6.48789    9.27184  282.90795     9.8100   14.66395 4.8507e-01     0.1128     0.1799 0.0000e+00
