CTD-processing/allCTD/CNV/2016_02-14_t3_s09_cast104_5028.cnv
* Sea-Bird SBE19plus Data File:
* FileName = C:\Users\Kris.Holderied\Documents\kasitsna\Research-KBL\Oceanography-AK\CTD-Data-ALL-to-2016-02\2016-CTD-KachemakBay-CookInlet\2016-02-CookInlet-quarterly\2016-02-14-CookInlet-Tran3-AnchorPt\2016-02-14-CookInlet-Tran3-cast104.hex
* Software Version 1.59
* Temperature SN =  5028
* Conductivity SN =  5028
* System UpLoad Time = Feb 15 2016 00:32:47
** Cook Inlet LTM Tran3 Anchor Pt Southeast to northwest

** Date: 02-14
** Station: 3-09
** Start time (AKST): 15:29
** Depth (m): 70
** Comment:  R/V Pandalus
** Comment:
# nquan = 27
# nvalues = 63                          
# units = specified
# name 0 = scan: Scan Count
# name 1 = timeJ: Julian Days
# name 2 = timeH: Time, Elapsed [hours]
# name 3 = timeM: Time, Elapsed [minutes]
# name 4 = timeS: Time, Elapsed [seconds]
# name 5 = prdM: Pressure, Strain Gauge [db]
# name 6 = specc: Specific Conductance [uS/cm]
# name 7 = sal00: Salinity, Practical [PSU]
# name 8 = tv290C: Temperature [ITS-90, deg C]
# name 9 = depSM: Depth [salt water, m], lat = 59.00
# name 10 = potemp090C: Potential Temperature [ITS-90, deg C]
# name 11 = sigma-é00: Density [sigma-theta, kg/m^3]
# name 12 = sbeox0ML/L: Oxygen, SBE 43 [ml/l]
# name 13 = sbeox0Mg/L: Oxygen, SBE 43 [mg/l]
# name 14 = sbeox0PS: Oxygen, SBE 43 [% saturation]
# name 15 = sbox0Mm/Kg: Oxygen, SBE 43 [umol/kg]
# name 16 = sbeox0Mm/L: Oxygen, SBE 43 [umol/l]
# name 17 = sbox0dV/dT: Oxygen, SBE 43 [dov/dt]
# name 18 = oxsolML/L: Oxygen Saturation, Garcia & Gordon [ml/l]
# name 19 = oxsolMg/L: Oxygen Saturation, Garcia & Gordon [mg/l]
# name 20 = oxsolMm/Kg: Oxygen Saturation, Garcia & Gordon [umol/kg]
# name 21 = potemp090C: Potential Temperature [ITS-90, deg C]
# name 22 = n2satMg/L: Nitrogen Saturation [mg/l]
# name 23 = par: PAR/Irradiance, Biospherical/Licor
# name 24 = flECO-AFL: Fluorescence, WET Labs ECO-AFL/FL [mg/m^3]
# name 25 = turbWETntu0: Turbidity, WET Labs ECO [NTU]
# name 26 = flag: flag
# span 0 =         84,        438       
# span 1 =  45.645866,  45.646888       
# span 2 =    0.00579,    0.03032       
# span 3 =     0.3473,     1.8193       
# span 4 =     20.836,    109.160       
# span 5 =      1.009,     63.604       
# span 6 =  49625.546,  50167.443       
# span 7 =    30.7209,    31.1589       
# span 8 =     4.7475,     5.2616       
# span 9 =      1.000,     63.000       
# span 10 =     4.7524,     5.2612      
# span 11 =    24.3107,    24.6037      
# span 12 =     5.4619,     6.5958      
# span 13 =     7.8055,     9.4261      
# span 14 =     74.581,     91.433      
# span 15 =    238.140,    287.497      
# span 16 =    243.925,    294.569      
# span 17 =   -0.00096,    0.02687      
# span 18 =    7.21218,    7.32373      
# span 19 =   10.30693,   10.46634      
# span 20 =  314.36160,  319.32201      
# span 21 =     4.7474,     5.2569      
# span 22 =   16.16580,   16.40364      
# span 23 = 3.7976e-02, 9.9762e+00      
# span 24 =     0.2288,     0.2847      
# span 25 =     8.7549,    10.9185      
# span 26 = 0.0000e+00, 0.0000e+00      
# interval = meters: 1                  
# start_time = Feb 14 2016 15:29:42 [Instrument's time stamp, header]
# bad_flag = -9.990e-29
*END*
[from data line 54]
        413  45.646818    0.02862     1.7174    103.044     55.527  50114.402    31.1192     5.2209     55.000     5.2085    24.5765     6.5776     9.4001     91.089    286.711    293.757   -0.00077    7.22111   10.31969  314.75923     5.2169   16.18489 3.7976e-02     0.2530     9.2920 0.0000e+00
        416  45.646827    0.02885     1.7310    103.862     56.536  50108.450    31.1116     5.2065     56.000     5.1946    24.5721     6.5769     9.3990     91.043    286.680    293.725   -0.00096    7.22396   10.32376  314.88475     5.2024   16.19089 3.7976e-02     0.2559     9.4488 0.0000e+00
        420  45.646837    0.02910     1.7458    104.749     57.546  50118.861    31.1159     5.1949     57.000     5.1894    24.5767     6.5772     9.3994     91.024    286.688    293.733   -0.00093    7.22576   10.32633  314.96160     5.1907   16.19453 3.7976e-02     0.2597     9.5873 0.0000e+00
        423  45.646847    0.02933     1.7597    105.583     58.555  50129.148    31.1222     5.1938     58.000     5.1941    24.5819     6.5794     9.4025     91.056    286.784    293.834   -0.00067    7.22564   10.32616  314.95481     5.1895   16.19418 3.7976e-02     0.2575     9.5788 0.0000e+00
        426  45.646856    0.02952     1.7715    106.292     59.565  50160.186    31.1450     5.2033     59.000     5.2154    24.5989     6.5827     9.4072     91.135    286.921    293.979   -0.00018    7.22290   10.32225  314.83044     5.1990   16.18817 3.7976e-02     0.2638     9.6097 0.0000e+00
        429  45.646863    0.02971     1.7826    106.959     60.575  50167.443    31.1543     5.2260     60.000     5.2349    24.6037     6.5872     9.4137     91.253    287.118    294.182    0.00042    7.21856   10.31604  314.63941     5.2215   16.17904 3.7976e-02     0.2608     9.5003 0.0000e+00
        432  45.646871    0.02990     1.7942    107.654     61.584  50160.462    31.1525     5.2427     61.000     5.2457    24.6004     6.5933     9.4224     91.373    287.385    294.456    0.00099    7.21575   10.31204  314.51837     5.2382   16.17329 3.7976e-02     0.2530     9.2907 0.0000e+00
        435  45.646880    0.03011     1.8063    108.376     62.595  50160.784    31.1544     5.2533     62.000     5.2540    24.6008     6.5958     9.4261     91.433    287.497    294.569    0.00116    7.21385   10.30930  314.43500     5.2487   16.16931 3.7976e-02     0.2585     9.1657 0.0000e+00
        438  45.646888    0.03032     1.8193    109.160     63.604  50165.590    31.1589     5.2616     63.000     5.2612    24.6035     6.5926     9.4215     91.410    287.356    294.426    0.00076    7.21218   10.30693  314.36160     5.2569   16.16580 3.7976e-02     0.2631     9.1113 0.0000e+00
