CTD-processing/allCTD/CNV/2016_01-07_alongbay_kb05_cast073_5028.cnv
* Sea-Bird SBE19plus Data File:
* FileName = C:\Users\Kris.Holderied\Documents\kasitsna\Research-KBL\Oceanography-AK\CTD-Data-ALL-to-2015-10\2016-CTD-KachemakBay-CookInlet\2016-01-07-CookInlet-HomerSpit-monthly-plus\2016-01-07-CookInlet-Tran9-plus-cast073.hex
* Software Version 1.59
* Temperature SN =  5028
* Conductivity SN =  5028
* System UpLoad Time = Feb 09 2016 08:08:15
** Cook Inlet LTM Tran9 Homer Spit
** Date (YYYY-MM-DD): 2016-01-07
** Station (ie. 9-01):  KBay 05
** Start time (AKST): 15:07
** Depth (m): 173.7
** Comment: R/V Edgecumbe
** Comment:
# nquan = 27
# nvalues = 161                         
# units = specified
# name 0 = scan: Scan Count
# name 1 = timeJ: Julian Days
# name 2 = timeH: Time, Elapsed [hours]
# name 3 = timeM: Time, Elapsed [minutes]
# name 4 = timeS: Time, Elapsed [seconds]
# name 5 = prdM: Pressure, Strain Gauge [db]
# name 6 = specc: Specific Conductance [uS/cm]
# name 7 = sal00: Salinity, Practical [PSU]
# name 8 = tv290C: Temperature [ITS-90, deg C]
# name 9 = depSM: Depth [salt water, m], lat = 59.00
# name 10 = potemp090C: Potential Temperature [ITS-90, deg C]
# name 11 = sigma-é00: Density [sigma-theta, kg/m^3]
# name 12 = sbeox0ML/L: Oxygen, SBE 43 [ml/l]
# name 13 = sbeox0Mg/L: Oxygen, SBE 43 [mg/l]
# name 14 = sbeox0PS: Oxygen, SBE 43 [% saturation]
# name 15 = sbox0Mm/Kg: Oxygen, SBE 43 [umol/kg]
# name 16 = sbeox0Mm/L: Oxygen, SBE 43 [umol/l]
# name 17 = sbox0dV/dT: Oxygen, SBE 43 [dov/dt]
# name 18 = oxsolML/L: Oxygen Saturation, Garcia & Gordon [ml/l]
# name 19 = oxsolMg/L: Oxygen Saturation, Garcia & Gordon [mg/l]
# name 20 = oxsolMm/Kg: Oxygen Saturation, Garcia & Gordon [umol/kg]
# name 21 = potemp090C: Potential Temperature [ITS-90, deg C]
# name 22 = n2satMg/L: Nitrogen Saturation [mg/l]
# name 23 = par: PAR/Irradiance, Biospherical/Licor
# name 24 = flECO-AFL: Fluorescence, WET Labs ECO-AFL/FL [mg/m^3]
# name 25 = turbWETntu0: Turbidity, WET Labs ECO [NTU]
# name 26 = flag: flag
# span 0 =        252,       1186       
# span 1 =   7.631294,   7.633995       
# span 2 =    0.01745,    0.08226       
# span 3 =     1.0471,     4.9358       
# span 4 =     62.826,    296.148       
# span 5 =      1.010,    162.584       
# span 6 =  47884.834,  50198.162       
# span 7 =    29.5272,    31.4032       
# span 8 =     4.7620,     6.6352       
# span 9 =      1.000,    161.000       
# span 10 =     4.7487,     6.6217      
# span 11 =    23.3634,    24.6353      
# span 12 =     6.1503,     6.3999      
# span 13 =     8.7895,     9.1461      
# span 14 =     84.231,     89.827      
# span 15 =    268.077,    279.174      
# span 16 =    274.676,    285.819      
# span 17 =   -0.00177,    0.05128      
# span 18 =    6.97136,    7.37929      
# span 19 =    9.96277,   10.54573      
# span 20 =  303.85539,  322.03459      
# span 21 =     4.7619,     6.6217      
# span 22 =   15.66430,   16.53761      
# span 23 = 3.7976e-02, 1.0062e+01      
# span 24 =     0.0546,     0.2276      
# span 25 =     0.4254,     1.7913      
# span 26 = 0.0000e+00, 0.0000e+00      
# interval = meters: 1                  
# start_time = Jan 07 2016 15:08:01 [Instrument's time stamp, header]
# bad_flag = -9.990e-29
*END*
        252   7.631294    0.01745     1.0471     62.826      1.010  47884.834    29.5272     4.7620      1.000     4.7487    23.3634     6.2161     8.8834     84.231    271.274    277.610    0.05128    7.37929   10.54573  322.03459     4.7619   16.53761 1.0062e+01     0.2276     1.6687 0.0000e+00
        260   7.631317    0.01801     1.0803     64.817      2.019  48437.487    29.9300     4.8929      2.000     4.9481    23.6692     6.3873     9.1280     87.065    278.658    285.254    0.04384    7.33631   10.48433  320.06433     4.8927   16.44222 6.8941e+00     0.2254     1.7913 0.0000e+00
        266   7.631334    0.01841     1.1046     66.278      3.028  48657.292    30.1140     5.0626      3.000     5.1026    23.7973     6.3999     9.1461     87.701    279.174    285.819    0.03203    7.29743   10.42876  318.32813     5.0624   16.35886 4.8489e+00     0.2156     1.7163 0.0000e+00
        272   7.631352    0.01884     1.1303     67.817      4.038  48667.865    30.1383     5.1498      4.000     5.1623    23.8075     6.3772     9.1137     87.587    278.183    284.806    0.01976    7.28096   10.40522  317.60626     5.1495   16.32442 3.6857e+00     0.2016     1.5959 0.0000e+00
        278   7.631370    0.01927     1.1558     69.346      5.047  48737.685    30.1943     5.1931      5.000     5.2229    23.8472     6.3483     9.0723     87.314    276.912    283.515    0.01098    7.27070   10.39056  317.14642     5.1928   16.30230 2.8656e+00     0.1949     1.5703 0.0000e+00
        284   7.631387    0.01967     1.1803     70.815      6.056  48931.467    30.3521     5.3217      6.000     5.3753    23.9582     6.3480     9.0719     87.671    276.868    283.501    0.00883    7.24078   10.34780  315.80718     5.3213   16.23792 2.2178e+00     0.1779     1.5084 0.0000e+00
        291   7.631405    0.02012     1.2073     72.441      7.066  49164.543    30.5489     5.5111      7.000     5.5771    24.0930     6.3512     9.0765     88.227    276.973    283.646    0.00832    7.19877   10.28776  313.93356     5.5106   16.14792 1.7392e+00     0.1839     1.3651 0.0000e+00
        297   7.631424    0.02057     1.2339     74.033      8.076  49229.160    30.6267     5.6845      8.000     5.7059    24.1351     6.3433     9.0652     88.527    276.615    283.292    0.00684    7.16542   10.24010  312.46617     5.6840   16.07773 1.4020e+00     0.1816     1.1578 0.0000e+00
        303   7.631442    0.02100     1.2603     75.617      9.086  49226.155    30.6323     5.7263      9.000     5.7266    24.1348     6.3125     9.0212     88.188    275.274    281.918    0.00247    7.15805   10.22957  312.14492     5.7256   16.06242 1.1587e+00     0.1712     1.0116 0.0000e+00
        311   7.631465    0.02155     1.2931     77.584     10.095  49234.060    30.6370     5.7245     10.000     5.7232    24.1387     6.3025     9.0069     88.047    274.836    281.470    0.00060    7.15814   10.22969  312.14748     5.7237   16.06252 9.4600e-01     0.1770     1.0005 0.0000e+00
        320   7.631491    0.02218     1.3310     79.862     11.105  49276.801    30.6686     5.7389     11.000     5.7524    24.1621     6.3129     9.0217     88.240    275.282    281.933    0.00114    7.15419   10.22406  311.96861     5.7380   16.05387 7.7688e-01     0.1798     1.0333 0.0000e+00
        328   7.631514    0.02273     1.3637     81.824     12.114  49361.392    30.7460     5.8409     12.000     5.8757    24.2114     6.3246     9.0385     88.663    275.779    282.456    0.00266    7.13331   10.19421  311.04276     5.8399   16.00946 6.3365e-01     0.1759     0.9740 0.0000e+00
        335   7.631535    0.02322     1.3935     83.611     13.123  49388.115    30.7856     5.9542     13.000     5.9773    24.2295     6.3301     9.0463     89.001    276.014    282.702    0.00329    7.11237   10.16429  310.12443     5.9532   15.96556 5.2296e-01     0.1629     0.8615 0.0000e+00
        341   7.631551    0.02362     1.4172     85.031     14.133  49419.819    30.8196     6.0207     14.000     6.0371    24.2486     6.3231     9.0363     89.061    275.702    282.387    0.00239    7.09963   10.14608  309.56305     6.0196   15.93868 4.4569e-01     0.1652     0.7536 0.0000e+00
        346   7.631567    0.02399     1.4395     86.373     15.142  49435.582    30.8374     6.0599     15.000     6.0710    24.2580     6.3176     9.0284     89.077    275.460    282.142    0.00168    7.09226   10.13554  309.23860     6.0587   15.92315 3.7961e-01     0.1646     0.7031 0.0000e+00
        352   7.631582    0.02436     1.4617     87.702     16.151  49473.522    30.8699     6.0960     16.000     6.1133    24.2793     6.3116     9.0198     89.087    275.192    281.873    0.00109    7.08472   10.12478  308.90363     6.0947   15.90706 3.2336e-01     0.1555     0.6737 0.0000e+00
        357   7.631597    0.02473     1.4838     89.026     17.161  49518.351    30.9105     6.1501     17.000     6.1693    24.3049     6.3106     9.0184     89.210    275.143    281.831    0.00136    7.07382   10.10920  308.42071     6.1487   15.88388 2.7664e-01     0.1557     0.6585 0.0000e+00
        362   7.631613    0.02510     1.5059     90.357     18.171  49560.347    30.9485     6.2011     18.000     6.2185    24.3288     6.3138     9.0230     89.385    275.276    281.974    0.00180    7.06356   10.09454  307.96619     6.1997   15.86207 2.3955e-01     0.1667     0.6620 0.0000e+00
        368   7.631630    0.02551     1.5305     91.829     19.180  49583.011    30.9728     6.2502     19.000     6.2588    24.3421     6.3081     9.0149     89.422    275.024    281.719    0.00132    7.05431   10.08131  307.55872     6.2487   15.84255 2.0779e-01     0.1727     0.6674 0.0000e+00
        375   7.631649    0.02596     1.5576     93.457     20.190  49600.711    30.9894     6.2763     20.000     6.2817    24.3520     6.3036     9.0085     89.423    274.826    281.519    0.00077    7.04922   10.07404  307.33401     6.2747   15.83178 2.0010e-01     0.1703     0.6689 0.0000e+00
        381   7.631667    0.02639     1.5836     95.013     21.200  49690.115    31.0564     6.3069     21.000     6.3258    24.4012     6.2947     8.9958     89.401    274.426    281.123    0.00030    7.04105   10.06237  306.96318     6.3052   15.81383 1.7591e-01     0.1411     0.6528 0.0000e+00
        387   7.631684    0.02680     1.6077     96.462     22.209  49752.393    31.1096     6.3638     22.000     6.3746    24.4361     6.2943     8.9952     89.545    274.398    281.103    0.00090    7.02922   10.04545  306.43658     6.3620   15.78852 1.4856e-01     0.1383     0.6217 0.0000e+00
        394   7.631705    0.02730     1.6382     98.294     23.218  49768.120    31.1257     6.3949     23.000     6.3966    24.4450     6.2843     8.9808     89.477    273.959    280.656    0.00014    7.02335   10.03707  306.17833     6.3930   15.77614 1.3018e-01     0.1500     0.6045 0.0000e+00
        402   7.631728    0.02786     1.6712    100.270     24.228  49782.022    31.1369     6.4065     24.000     6.4070    24.4525     6.2818     8.9772     89.471    273.847    280.543   -0.00001    7.02094   10.03363  306.07099     6.4044   15.77098 1.1610e-01     0.1337     0.5664 0.0000e+00
        410   7.631750    0.02839     1.7037    102.225     25.238  49819.719    31.1652     6.4210     25.000     6.4231    24.4730     6.2844     8.9810     89.556    273.955    280.660    0.00034    7.01724   10.02834  305.90363     6.4190   15.76289 1.0435e-01     0.1511     0.5379 0.0000e+00
        418   7.631773    0.02893     1.7357    104.144     26.247  49850.564    31.1888     6.4354     26.000     6.4375    24.4898     6.2829     8.9789     89.580    273.888    280.596    0.00026    7.01379   10.02341  305.74809     6.4333   15.75538 9.4064e-02     0.1473     0.5238 0.0000e+00
        425   7.631794    0.02945     1.7670    106.020     27.257  49880.270    31.2117     6.4509     27.000     6.4523    24.5060     6.2824     8.9782     89.618    273.860    280.571    0.00028    7.01020   10.01828  305.58686     6.4486   15.74760 8.5633e-02     0.1277     0.5053 0.0000e+00
        432   7.631815    0.02994     1.7966    107.793     28.266  49906.233    31.2319     6.4654     28.000     6.4672    24.5201     6.2799     8.9746     89.624    273.748    280.461    0.00015    7.00690   10.01356  305.43886     6.4630   15.74047 7.8546e-02     0.1187     0.4710 0.0000e+00
        439   7.631834    0.03040     1.8240    109.440     29.275  49915.217    31.2394     6.4749     29.000     6.4732    24.5249     6.2794     8.9739     89.642    273.725    280.438    0.00012    7.00499   10.01083  305.35397     6.4725   15.73639 7.2872e-02     0.1254     0.4633 0.0000e+00
        445   7.631853    0.03085     1.8510    111.061     30.285  49920.845    31.2433     6.4775     30.000     6.4762    24.5276     6.2845     8.9812     89.723    273.947    280.666    0.00042    7.00439   10.00997  305.32698     6.4750   15.73508 6.8053e-02     0.1190     0.4467 0.0000e+00
        453   7.631874    0.03136     1.8818    112.910     31.294  49931.702    31.2515     6.4840     31.000     6.4839    24.5333     6.2846     8.9814     89.743    273.951    280.672    0.00028    7.00294   10.00790  305.26228     6.4814   15.73197 6.3825e-02     0.1385     0.4316 0.0000e+00
        460   7.631894    0.03185     1.9108    114.649     32.304  49939.623    31.2578     6.4912     32.000     6.4894    24.5374     6.2852     8.9822     89.770    273.975    280.698    0.00025    7.00148   10.00581  305.19728     6.4885   15.72884 6.0157e-02     0.1372     0.4286 0.0000e+00
        466   7.631914    0.03232     1.9391    116.349     33.314  49944.662    31.2613     6.4936     33.000     6.4914    24.5399     6.2833     8.9794     89.749    273.891    280.612   -0.00002    7.00093   10.00503  305.17275     6.4908   15.72766 5.7004e-02     0.1316     0.4254 0.0000e+00
        472   7.631931    0.03274     1.9643    117.860     34.324  49951.564    31.2659     6.4951     34.000     6.4927    24.5433     6.2848     8.9816     89.776    273.955    280.679    0.00006    7.00047   10.00437  305.15149     6.4922   15.72662 5.4657e-02     0.1307     0.4401 0.0000e+00
        478   7.631949    0.03316     1.9895    119.370     35.334  49962.333    31.2732     6.4968     35.000     6.4941    24.5488     6.2878     8.9859     89.827    274.085    280.813    0.00025    6.99986   10.00350  305.12340     6.4938   15.72526 5.2079e-02     0.1411     0.4689 0.0000e+00
        484   7.631966    0.03357     2.0144    120.865     36.343  49963.982    31.2740     6.4973     36.000     6.4944    24.5494     6.2853     8.9823     89.793    273.975    280.701   -0.00007    6.99973   10.00331  305.11748     6.4943   15.72498 4.9982e-02     0.1254     0.4718 0.0000e+00
        491   7.631986    0.03405     2.0429    122.575     37.352  49970.071    31.2781     6.4990     37.000     6.4975    24.5524     6.2815     8.9769     89.745    273.808    280.531   -0.00035    6.99927   10.00266  305.09646     6.4959   15.72396 4.8281e-02     0.1075     0.4454 0.0000e+00
        498   7.632006    0.03453     2.0721    124.328     38.362  49980.393    31.2861     6.5067     38.000     6.5056    24.5578     6.2753     8.9680     89.677    273.536    280.254   -0.00058    6.99765   10.00033  305.02412     6.5035   15.72047 4.7281e-02     0.1301     0.4745 0.0000e+00
        505   7.632026    0.03501     2.1009    126.051     39.372  49981.262    31.2872     6.5116     39.000     6.5089    24.5580     6.2617     8.9485     89.493    272.943    279.646   -0.00130    6.99679    9.99911  304.98660     6.5084   15.71868 4.4881e-02     0.1402     0.5126 0.0000e+00
        512   7.632046    0.03549     2.1296    127.776     40.382  49981.869    31.2873     6.5128     40.000     6.5096    24.5580     6.2483     8.9294     89.305    272.360    279.049   -0.00177    6.99659    9.99883  304.97789     6.5095   15.71827 4.3622e-02     0.1225     0.5429 0.0000e+00
        519   7.632065    0.03594     2.1566    129.394     41.391  49983.122    31.2878     6.5131     41.000     6.5098    24.5583     6.2491     8.9305     89.317    272.393    279.082   -0.00108    6.99651    9.99872  304.97464     6.5097   15.71811 4.2109e-02     0.1266     0.5826 0.0000e+00
        525   7.632083    0.03638     2.1827    130.962     42.400  49984.386    31.2883     6.5136     42.000     6.5102    24.5587     6.2517     8.9343     89.355    272.507    279.199   -0.00052    6.99641    9.99858  304.97028     6.5101   15.71790 4.1471e-02     0.1300     0.5671 0.0000e+00
        532   7.632103    0.03686     2.2117    132.700     43.410  49985.677    31.2888     6.5140     43.000     6.5106    24.5590     6.2408     8.9188     89.202    272.036    278.717   -0.00113    6.99631    9.99843  304.96575     6.5105   15.71768 4.0467e-02     0.1236     0.5682 0.0000e+00
        538   7.632122    0.03732     2.2394    134.365     44.420  49989.014    31.2908     6.5150     44.000     6.5121    24.5605     6.2485     8.9298     89.315    272.370    279.059   -0.00014    6.99607    9.99809  304.95466     6.5113   15.71714 4.0440e-02     0.1276     0.5821 0.0000e+00
        546   7.632143    0.03782     2.2691    136.144     45.430  49993.773    31.2942     6.5183     45.000     6.5152    24.5628     6.2446     8.9242     89.268    272.200    278.887   -0.00036    6.99538    9.99709  304.92375     6.5145   15.71566 3.9003e-02     0.1340     0.5956 0.0000e+00
        553   7.632165    0.03835     2.3015    138.088     46.439  49996.207    31.2959     6.5205     46.000     6.5172    24.5638     6.2443     8.9237     89.269    272.184    278.870   -0.00022    6.99494    9.99647  304.90443     6.5166   15.71473 3.9574e-02     0.1200     0.5974 0.0000e+00
        561   7.632186    0.03886     2.3316    139.893     47.449  50000.293    31.2986     6.5230     47.000     6.5199    24.5657     6.2318     8.9058     89.097    271.637    278.311   -0.00111    6.99440    9.99570  304.88028     6.5191   15.71357 3.8307e-02     0.1112     0.6471 0.0000e+00
        567   7.632206    0.03933     2.3597    141.581     48.459  50003.281    31.3008     6.5257     48.000     6.5222    24.5671     6.2340     8.9089     89.135    271.733    278.408   -0.00050    6.99387    9.99494  304.85677     6.5216   15.71244 3.8706e-02     0.1247     0.6311 0.0000e+00
        574   7.632224    0.03977     2.3863    143.178     49.469  50008.584    31.3044     6.5283     49.000     6.5255    24.5697     6.2336     8.9084     89.136    271.715    278.391   -0.00036    6.99328    9.99411  304.83064     6.5241   15.71118 3.8390e-02     0.1362     0.6220 0.0000e+00
        580   7.632241    0.04018     2.4109    144.652     50.478  50012.197    31.3072     6.5321     50.000     6.5288    24.5713     6.2345     8.9097     89.160    271.755    278.433   -0.00017    6.99252    9.99301  304.79666     6.5280   15.70955 3.8154e-02     0.1469     0.6413 0.0000e+00
        585   7.632258    0.04059     2.4352    146.115     51.488  50015.490    31.3095     6.5347     51.000     6.5314    24.5729     6.2357     8.9114     89.183    271.806    278.486   -0.00003    6.99199    9.99225  304.77305     6.5305   15.70841 3.8585e-02     0.1295     0.6525 0.0000e+00
        592   7.632278    0.04106     2.4634    147.806     52.497  50021.028    31.3135     6.5383     52.000     6.5352    24.5756     6.2318     8.9058     89.137    271.634    278.310   -0.00031    6.99123    9.99117  304.73924     6.5339   15.70679 3.8083e-02     0.1136     0.6752 0.0000e+00
        599   7.632297    0.04152     2.4912    149.472     53.507  50025.038    31.3165     6.5422     53.000     6.5389    24.5775     6.2296     8.9028     89.117    271.541    278.215   -0.00033    6.99044    9.99004  304.70432     6.5378   15.70511 3.8523e-02     0.1103     0.6600 0.0000e+00
