CTD-processing/allCTD/CNV/2016_01-07_t9_s02_cast069_5028.cnv
* Sea-Bird SBE19plus Data File:
* FileName = C:\Users\Kris.Holderied\Documents\kasitsna\Research-KBL\Oceanography-AK\CTD-Data-ALL-to-2015-10\2016-CTD-KachemakBay-CookInlet\2016-01-07-CookInlet-HomerSpit-monthly-plus\2016-01-07-CookInlet-Tran9-plus-cast069.hex
* Software Version 1.59
* Temperature SN =  5028
* Conductivity SN =  5028
* System UpLoad Time = Feb 09 2016 08:02:53
** Cook Inlet LTM Tran9 Homer Spit
** Date (YYYY-MM-DD): 2016-01-07
** Station (ie. 9-01): 9-02
** Start time (AKST): 13:26
** Depth (m): 78.6
** Comment: R/V Edgecumbe
** Comment:
# nquan = 27
# nvalues = 77                          
# units = specified
# name 0 = scan: Scan Count
# name 1 = timeJ: Julian Days
# name 2 = timeH: Time, Elapsed [hours]
# name 3 = timeM: Time, Elapsed [minutes]
# name 4 = timeS: Time, Elapsed [seconds]
# name 5 = prdM: Pressure, Strain Gauge [db]
# name 6 = specc: Specific Conductance [uS/cm]
# name 7 = sal00: Salinity, Practical [PSU]
# name 8 = tv290C: Temperature [ITS-90, deg C]
# name 9 = depSM: Depth [salt water, m], lat = 59.00
# name 10 = potemp090C: Potential Temperature [ITS-90, deg C]
# name 11 = sigma-é00: Density [sigma-theta, kg/m^3]
# name 12 = sbeox0ML/L: Oxygen, SBE 43 [ml/l]
# name 13 = sbeox0Mg/L: Oxygen, SBE 43 [mg/l]
# name 14 = sbeox0PS: Oxygen, SBE 43 [% saturation]
# name 15 = sbox0Mm/Kg: Oxygen, SBE 43 [umol/kg]
# name 16 = sbeox0Mm/L: Oxygen, SBE 43 [umol/l]
# name 17 = sbox0dV/dT: Oxygen, SBE 43 [dov/dt]
# name 18 = oxsolML/L: Oxygen Saturation, Garcia & Gordon [ml/l]
# name 19 = oxsolMg/L: Oxygen Saturation, Garcia & Gordon [mg/l]
# name 20 = oxsolMm/Kg: Oxygen Saturation, Garcia & Gordon [umol/kg]
# name 21 = potemp090C: Potential Temperature [ITS-90, deg C]
# name 22 = n2satMg/L: Nitrogen Saturation [mg/l]
# name 23 = par: PAR/Irradiance, Biospherical/Licor
# name 24 = flECO-AFL: Fluorescence, WET Labs ECO-AFL/FL [mg/m^3]
# name 25 = turbWETntu0: Turbidity, WET Labs ECO [NTU]
# name 26 = flag: flag
# span 0 =        585,       1027       
# span 1 =   7.562441,   7.563721       
# span 2 =    0.04053,    0.07126       
# span 3 =     2.4315,     4.2759       
# span 4 =    145.892,    256.553       
# span 5 =      1.009,     77.742       
# span 6 =  47520.634,  50093.234       
# span 7 =    29.2790,    31.3617       
# span 8 =     4.7579,     6.5924       
# span 9 =      1.000,     77.000       
# span 10 =     4.8225,     6.5866      
# span 11 =    23.1673,    24.6071      
# span 12 =     6.2060,     6.5772      
# span 13 =     8.8690,     9.3996      
# span 14 =     88.885,     91.681      
# span 15 =    270.506,    287.089      
# span 16 =    277.162,    293.740      
# span 17 =   -0.00410,    0.01134      
# span 18 =    6.98020,    7.39230      
# span 19 =    9.97542,   10.56434      
# span 20 =  304.24922,  322.66482      
# span 21 =     4.7578,     6.5859      
# span 22 =   15.68324,   16.56861      
# span 23 = 3.8105e-02, 2.7552e+01      
# span 24 =     0.0808,     0.2571      
# span 25 =     0.6207,     6.4961      
# span 26 = 0.0000e+00, 0.0000e+00      
# interval = meters: 1                  
# start_time = Jan 07 2016 13:27:29 [Instrument's time stamp, header]
# bad_flag = -9.990e-29
*END*
[from data line 54]
        895   7.563339    0.06207     3.7245    223.469     55.527  50020.115    31.3110     6.5357     55.000     6.5318    24.5740     6.2381     8.9149     89.221    271.913    278.594   -0.00016    6.99176    9.99193  304.76290     6.5311   15.70792 3.9989e-02     0.1316     0.6386 0.0000e+00
        901   7.563357    0.06250     3.7502    225.014     56.536  50026.751    31.3157     6.5389     56.000     6.5360    24.5773     6.2365     8.9126     89.208    271.841    278.523   -0.00023    6.99103    9.99088  304.73001     6.5342   15.70634 3.9758e-02     0.1292     0.6563 0.0000e+00
        908   7.563376    0.06296     3.7775    226.649     57.546  50033.552    31.3211     6.5454     57.000     6.5420    24.5808     6.2359     8.9117     89.215    271.813    278.495   -0.00015    6.98972    9.98901  304.67189     6.5406   15.70354 3.9711e-02     0.1220     0.6829 0.0000e+00
        914   7.563395    0.06343     3.8059    228.351     58.556  50035.719    31.3228     6.5492     58.000     6.5452    24.5817     6.2318     8.9060     89.166    271.638    278.315   -0.00038    6.98902    9.98801  304.64097     6.5443   15.70206 3.9730e-02     0.1231     0.6764 0.0000e+00
        921   7.563415    0.06390     3.8337    230.022     59.566  50042.006    31.3274     6.5530     59.000     6.5495    24.5848     6.2266     8.8984     89.102    271.407    278.079   -0.00062    6.98819    9.98682  304.60391     6.5481   15.70028 3.9816e-02     0.1156     0.6692 0.0000e+00
        928   7.563433    0.06434     3.8605    231.633     60.575  50051.875    31.3349     6.5591     60.000     6.5568    24.5900     6.2256     8.8970     89.104    271.362    278.035   -0.00041    6.98686    9.98492  304.54426     6.5540   15.69740 3.9844e-02     0.1170     0.6988 0.0000e+00
        935   7.563454    0.06483     3.8899    233.393     61.585  50056.831    31.3395     6.5676     61.000     6.5637    24.5925     6.2223     8.8922     89.077    271.216    277.885   -0.00042    6.98525    9.98262  304.47372     6.5625   15.69402 3.9555e-02     0.1224     0.7105 0.0000e+00
        942   7.563475    0.06534     3.9201    235.208     62.595  50058.220    31.3405     6.5704     62.000     6.5658    24.5929     6.2167     8.8842     89.003    270.971    277.635   -0.00066    6.98475    9.98191  304.45176     6.5652   15.69297 4.1733e-02     0.1057     0.7338 0.0000e+00
        949   7.563495    0.06581     3.9489    236.936     63.604  50062.265    31.3433     6.5729     63.000     6.5684    24.5948     6.2150     8.8818     88.986    270.899    277.562   -0.00053    6.98422    9.98114  304.42780     6.5676   15.69182 4.5837e-02     0.0897     0.7539 0.0000e+00
        955   7.563513    0.06626     3.9758    238.548     64.614  50064.385    31.3447     6.5752     64.000     6.5702    24.5956     6.2155     8.8825     88.999    270.920    277.583   -0.00030    6.98380    9.98054  304.40908     6.5698   15.69092 4.1739e-02     0.0868     0.7591 0.0000e+00
        962   7.563532    0.06671     4.0025    240.150     65.624  50064.127    31.3442     6.5761     65.000     6.5705    24.5952     6.2150     8.8818     88.993    270.899    277.562   -0.00028    6.98366    9.98034  304.40324     6.5706   15.69064 3.9267e-02     0.0949     0.7606 0.0000e+00
        968   7.563550    0.06715     4.0292    241.752     66.634  50065.814    31.3449     6.5762     66.000     6.5709    24.5957     6.2154     8.8824     88.999    270.915    277.579   -0.00019    6.98361    9.98028  304.40106     6.5706   15.69054 3.9715e-02     0.0941     0.7477 0.0000e+00
        974   7.563569    0.06760     4.0557    243.343     67.643  50069.799    31.3475     6.5777     67.000     6.5730    24.5976     6.2161     8.8834     89.014    270.946    277.611   -0.00011    6.98325    9.97976  304.38464     6.5721   15.68975 3.9836e-02     0.0967     0.7653 0.0000e+00
        980   7.563585    0.06800     4.0796    244.779     68.653  50075.273    31.3514     6.5813     68.000     6.5767    24.6002     6.2164     8.8839     89.028    270.959    277.625   -0.00004    6.98249    9.97867  304.35082     6.5755   15.68812 4.0000e-02     0.0884     0.7909 0.0000e+00
        986   7.563601    0.06838     4.1027    246.163     69.663  50076.784    31.3525     6.5840     69.000     6.5787    24.6008     6.2144     8.8810     89.006    270.872    277.536   -0.00018    6.98199    9.97797  304.32908     6.5782   15.68708 4.0084e-02     0.0808     0.7748 0.0000e+00
        991   7.563618    0.06877     4.1265    247.588     70.673  50077.324    31.3526     6.5850     70.000     6.5791    24.6008     6.2088     8.8730     88.928    270.628    277.285   -0.00059    6.98182    9.97772  304.32173     6.5791   15.68672 4.0228e-02     0.0846     0.7761 0.0000e+00
        997   7.563633    0.06915     4.1489    248.933     71.682  50078.235    31.3528     6.5852     71.000     6.5793    24.6009     6.2075     8.8712     88.910    270.572    277.228   -0.00054    6.98178    9.97766  304.31964     6.5792   15.68662 3.9391e-02     0.0984     0.7870 0.0000e+00
       1002   7.563649    0.06950     4.1702    250.213     72.692  50078.844    31.3528     6.5854     72.000     6.5794    24.6009     6.2086     8.8728     88.926    270.620    277.277   -0.00036    6.98175    9.97762  304.31864     6.5793   15.68658 3.9095e-02     0.1063     0.8078 0.0000e+00
       1007   7.563663    0.06985     4.1910    251.460     73.702  50081.043    31.3540     6.5858     73.000     6.5801    24.6017     6.2116     8.8771     88.971    270.751    277.413   -0.00006    6.98163    9.97746  304.31317     6.5796   15.68631 3.8652e-02     0.0968     0.7987 0.0000e+00
       1012   7.563677    0.07019     4.2112    252.672     74.712  50084.915    31.3565     6.5877     74.000     6.5823    24.6035     6.2108     8.8759     88.964    270.714    277.375   -0.00011    6.98122    9.97686  304.29456     6.5814   15.68542 3.8105e-02     0.0940     0.8421 0.0000e+00
       1017   7.563691    0.07053     4.2319    253.913     75.722  50086.215    31.3573     6.5896     75.000     6.5837    24.6038     6.2061     8.8692     88.902    270.509    277.165   -0.00048    6.98086    9.97635  304.27876     6.5832   15.68466 3.8162e-02     0.0949     0.8922 0.0000e+00
       1022   7.563705    0.07087     4.2522    255.132     76.731  50088.330    31.3585     6.5909     76.000     6.5849    24.6047     6.2072     8.8707     88.920    270.556    277.212   -0.00030    6.98061    9.97599  304.26754     6.5844   15.68412 3.8342e-02     0.0901     0.9653 0.0000e+00
       1027   7.563721    0.07126     4.2759    256.553     77.742  50093.234    31.3617     6.5924     77.000     6.5866    24.6071     6.2060     8.8690     88.909    270.506    277.162   -0.00026    6.98020    9.97542  304.24922     6.5859   15.68324 3.8362e-02     0.0941     1.0602 0.0000e+00
