CTD-processing/allCTD/CNV/2016_02-16_t7_s03_cast162_5028.cnv
* Sea-Bird SBE19plus Data File:
* FileName = C:\Users\Kris.Holderied\Documents\kasitsna\Research-KBL\Oceanography-AK\CTD-Data-ALL-to-2016-02\2016-CTD-KachemakBay-CookInlet\2016-02-CookInlet-quarterly\2016-02-16-CookInlet-Tran7-Augustine\2016-02-16-CookInlet-Tran7-cast162.hex
* Software Version 1.59
* Temperature SN =  5028
* Conductivity SN =  5028
* System UpLoad Time = Feb 16 2016 10:49:37
** Cook Inlet LTM Tran7 Augustine East to West

** Date: 02-16
** Station: 7-03
** Start time (AKST): 06:17
** Depth (m): 47
** Comment:  R/V Pandalus
** Comment:
# nquan = 27
# nvalues = 48                          
# units = specified
# name 0 = scan: Scan Count
# name 1 = timeJ: Julian Days
# name 2 = timeH: Time, Elapsed [hours]
# name 3 = timeM: Time, Elapsed [minutes]
# name 4 = timeS: Time, Elapsed [seconds]
# name 5 = prdM: Pressure, Strain Gauge [db]
# name 6 = specc: Specific Conductance [uS/cm]
# name 7 = sal00: Salinity, Practical [PSU]
# name 8 = tv290C: Temperature [ITS-90, deg C]
# name 9 = depSM: Depth [salt water, m], lat = 59.00
# name 10 = potemp090C: Potential Temperature [ITS-90, deg C]
# name 11 = sigma-é00: Density [sigma-theta, kg/m^3]
# name 12 = sbeox0ML/L: Oxygen, SBE 43 [ml/l]
# name 13 = sbeox0Mg/L: Oxygen, SBE 43 [mg/l]
# name 14 = sbeox0PS: Oxygen, SBE 43 [% saturation]
# name 15 = sbox0Mm/Kg: Oxygen, SBE 43 [umol/kg]
# name 16 = sbeox0Mm/L: Oxygen, SBE 43 [umol/l]
# name 17 = sbox0dV/dT: Oxygen, SBE 43 [dov/dt]
# name 18 = oxsolML/L: Oxygen Saturation, Garcia & Gordon [ml/l]
# name 19 = oxsolMg/L: Oxygen Saturation, Garcia & Gordon [mg/l]
# name 20 = oxsolMm/Kg: Oxygen Saturation, Garcia & Gordon [umol/kg]
# name 21 = potemp090C: Potential Temperature [ITS-90, deg C]
# name 22 = n2satMg/L: Nitrogen Saturation [mg/l]
# name 23 = par: PAR/Irradiance, Biospherical/Licor
# name 24 = flECO-AFL: Fluorescence, WET Labs ECO-AFL/FL [mg/m^3]
# name 25 = turbWETntu0: Turbidity, WET Labs ECO [NTU]
# name 26 = flag: flag
# span 0 =        201,        478       
# span 1 =  47.262907,  47.263706       
# span 2 =    0.01392,    0.03312       
# span 3 =     0.8354,     1.9868       
# span 4 =     50.122,    119.207       
# span 5 =      1.009,     48.458       
# span 6 =  47747.540,  50424.986       
# span 7 =    29.5797,    31.3546       
# span 8 =     4.8556,     5.3036       
# span 9 =      1.000,     48.000       
# span 10 =     4.8853,     5.3006      
# span 11 =    23.3944,    24.7543      
# span 12 =     6.4064,     6.6255      
# span 13 =     9.1554,     9.4685      
# span 14 =     87.000,     92.029      
# span 15 =    279.625,    288.751      
# span 16 =    286.109,    295.894      
# span 17 =   -0.00024,    0.00900      
# span 18 =    7.19561,    7.36821      
# span 19 =   10.28325,   10.52991      
# span 20 =  313.59379,  321.62800      
# span 21 =     4.8556,     5.3006      
# span 22 =   16.12844,   16.51793      
# span 23 = 3.7976e-02, 9.5269e-02      
# span 24 =     0.1588,     0.2385      
# span 25 =     1.3167,     2.0027      
# span 26 = 0.0000e+00, 0.0000e+00      
# interval = meters: 1                  
# start_time = Feb 16 2016 06:17:45 [Instrument's time stamp, header]
# bad_flag = -9.990e-29
*END*
        201  47.262907    0.01392     0.8354     50.122      1.009  47747.540    29.5797     4.8556      1.000     4.8853    23.3944     6.4064     9.1554     87.000    279.625    286.109    0.00691    7.36821   10.52991  321.62800     4.8556   16.51793 6.9841e-02     0.1588     2.0027 0.0000e+00
        313  47.263228    0.02165     1.2987     77.922      2.018  50271.247    31.1911     4.9273      2.000     4.9279    24.6645     6.5190     9.3163     89.687    284.130    291.137    0.00900    7.26856   10.38750  316.80037     4.9272   16.28173 4.2696e-02     0.1896     1.5622 0.0000e+00
        317  47.263242    0.02196     1.3175     79.053      3.028  50279.529    31.1963     4.9293      3.000     4.9305    24.6685     6.5291     9.3308     89.835    284.572    291.592    0.00724    7.26794   10.38661  316.77179     4.9291   16.28035 3.8679e-02     0.1793     1.5585 0.0000e+00
        321  47.263251    0.02220     1.3324     79.944      4.037  50281.370    31.1977     4.9321      4.000     4.9343    24.6693     6.5419     9.3490     90.017    285.127    292.161    0.00645    7.26737   10.38581  316.74717     4.9318   16.27918 3.8067e-02     0.1709     1.5728 0.0000e+00
        324  47.263262    0.02245     1.3469     80.812      5.047  50283.091    31.1994     4.9369      5.000     4.9395    24.6701     6.5464     9.3555     90.091    285.324    292.363    0.00542    7.26645   10.38448  316.70637     4.9366   16.27723 3.7992e-02     0.1688     1.5873 0.0000e+00
        328  47.263272    0.02270     1.3620     81.718      6.057  50282.202    31.1994     4.9418      6.000     4.9432    24.6696     6.5523     9.3639     90.182    285.579    292.625    0.00446    7.26560   10.38326  316.66944     4.9414   16.27547 3.7978e-02     0.1744     1.5947 0.0000e+00
        331  47.263282    0.02294     1.3762     82.571      7.066  50280.310    31.1982     4.9447      7.000     4.9444    24.6684     6.5621     9.3779     90.323    286.008    293.064    0.00423    7.26517   10.38265  316.65113     4.9442   16.27460 3.7976e-02     0.1797     1.5999 0.0000e+00
        334  47.263291    0.02315     1.3888     83.325      8.076  50283.000    31.1997     4.9452      8.000     4.9460    24.6695     6.5671     9.3851     90.393    286.225    293.286    0.00371    7.26501   10.38242  316.64382     4.9446   16.27425 3.7976e-02     0.1719     1.6044 0.0000e+00
        338  47.263300    0.02337     1.4021     84.127      9.085  50288.651    31.2037     4.9481      9.000     4.9514    24.6724     6.5715     9.3914     90.463    286.419    293.486    0.00324    7.26429   10.38140  316.61180     4.9475   16.27271 3.7976e-02     0.1732     1.6053 0.0000e+00
        341  47.263311    0.02362     1.4174     85.043     10.095  50309.798    31.2201     4.9594     10.000     4.9718    24.6842     6.5762     9.3980     90.562    286.617    293.691    0.00293    7.26153   10.37745  316.48775     4.9587   16.26674 3.7976e-02     0.1692     1.5792 0.0000e+00
        345  47.263321    0.02387     1.4323     85.939     11.104  50330.560    31.2395     4.9856     11.000     5.0026    24.6967     6.5823     9.4067     90.714    286.879    293.964    0.00298    7.25602   10.36958  316.24382     4.9849   16.25505 3.7980e-02     0.1729     1.5432 0.0000e+00
        348  47.263331    0.02411     1.4462     86.772     12.114  50324.339    31.2406     5.0135     12.000     5.0228    24.6946     6.5929     9.4218     90.921    287.339    294.435    0.00341    7.25112   10.36257  316.03074     5.0127   16.24491 3.7995e-02     0.1812     1.5130 0.0000e+00
        352  47.263341    0.02436     1.4613     87.679     13.123  50321.276    31.2415     5.0296     13.000     5.0349    24.6936     6.6009     9.4334     91.069    287.693    294.798    0.00345    7.24829   10.35853  315.90758     5.0287   16.23904 3.8103e-02     0.1855     1.4940 0.0000e+00
        356  47.263353    0.02463     1.4782     88.695     14.132  50330.233    31.2499     5.0429     14.000     5.0504    24.6989     6.6019     9.4347     91.115    287.732    294.838    0.00275    7.24558   10.35466  315.78797     5.0419   16.23331 3.8965e-02     0.1848     1.4833 0.0000e+00
        359  47.263363    0.02488     1.4927     89.561     15.142  50349.531    31.2662     5.0594     15.000     5.0746    24.7100     6.6018     9.4346     91.161    287.728    294.837    0.00230    7.24191   10.34942  315.62484     5.0584   16.22548 4.3459e-02     0.1930     1.4620 0.0000e+00
        362  47.263372    0.02510     1.5060     90.362     16.151  50374.423    31.2892     5.0895     16.000     5.1104    24.7249     6.6039     9.4377     91.270    287.816    294.933    0.00233    7.23561   10.34041  315.34545     5.0883   16.21209 6.8989e-02     0.2023     1.4438 0.0000e+00
        366  47.263383    0.02536     1.5213     91.280     17.161  50374.301    31.2967     5.1279     17.000     5.1425    24.7268     6.6106     9.4471     91.450    288.103    295.227    0.00271    7.22860   10.33039  315.03927     5.1267   16.19748 9.5269e-02     0.2123     1.3872 0.0000e+00
        370  47.263394    0.02562     1.5375     92.252     18.170  50372.321    31.3009     5.1566     18.000     5.1661    24.7270     6.6138     9.4518     91.561    288.246    295.374    0.00266    7.22343   10.32300  314.81391     5.1553   16.18674 7.9759e-02     0.2159     1.3266 0.0000e+00
        373  47.263404    0.02586     1.5520     93.119     19.180  50370.682    31.3030     5.1742     19.000     5.1806    24.7267     6.6112     9.4481     91.564    288.131    295.255    0.00204    7.22028   10.31851  314.67693     5.1729   16.18021 6.4016e-02     0.1979     1.3167 0.0000e+00
        377  47.263413    0.02609     1.5656     93.934     20.190  50366.478    31.3020     5.1857     20.000     5.1883    24.7247     6.6089     9.4447     91.556    288.031    295.153    0.00151    7.21837   10.31577  314.59391     5.1842   16.17626 5.4968e-02     0.1973     1.3380 0.0000e+00
        380  47.263424    0.02633     1.5800     94.800     21.199  50364.727    31.3016     5.1919     21.000     5.1928    24.7237     6.6070     9.4421     91.544    287.949    295.069    0.00104    7.21730   10.31424  314.54784     5.1904   16.17407 4.9364e-02     0.2127     1.3436 0.0000e+00
        384  47.263435    0.02659     1.5954     95.722     22.209  50363.987    31.3014     5.1960     22.000     5.1959    24.7232     6.6056     9.4401     91.534    287.890    295.008    0.00067    7.21660   10.31325  314.51769     5.1945   16.17264 4.5842e-02     0.2105     1.3285 0.0000e+00
        387  47.263444    0.02684     1.6100     96.602     23.219  50367.219    31.3038     5.1991     23.000     5.2003    24.7247     6.6048     9.4389     91.530    287.854    294.971    0.00043    7.21596   10.31233  314.48899     5.1975   16.17126 4.3827e-02     0.1884     1.3249 0.0000e+00
        391  47.263455    0.02707     1.6246     97.475     24.228  50369.623    31.3061     5.2044     24.000     5.2057    24.7260     6.6042     9.4380     91.535    287.826    294.942    0.00028    7.21494   10.31086  314.44403     5.2027   16.16911 4.2360e-02     0.1894     1.3358 0.0000e+00
        395  47.263467    0.02736     1.6418     98.510     25.237  50367.354    31.3051     5.2096     25.000     5.2088    24.7246     6.6056     9.4401     91.565    287.888    295.006    0.00030    7.21409   10.30966  314.40769     5.2078   16.16739 4.1179e-02     0.2119     1.3462 0.0000e+00
        399  47.263478    0.02765     1.6590     99.541     26.247  50366.618    31.3044     5.2110     26.000     5.2091    24.7239     6.6105     9.4471     91.636    288.102    295.225    0.00052    7.21388   10.30936  314.39869     5.2092   16.16696 4.0346e-02     0.2273     1.3638 0.0000e+00
        402  47.263488    0.02787     1.6722    100.333     27.257  50368.116    31.3051     5.2112     27.000     5.2094    24.7244     6.6148     9.4532     91.696    288.288    295.416    0.00070    7.21382   10.30927  314.39607     5.2092   16.16683 3.9848e-02     0.2361     1.3938 0.0000e+00
        405  47.263496    0.02808     1.6849    101.095     28.266  50368.395    31.3048     5.2113     28.000     5.2091    24.7242     6.6168     9.4560     91.724    288.375    295.505    0.00065    7.21382   10.30927  314.39590     5.2092   16.16683 3.9412e-02     0.2214     1.3872 0.0000e+00
        409  47.263507    0.02833     1.7002    102.011     29.275  50370.289    31.3055     5.2111     29.000     5.2094    24.7248     6.6196     9.4601     91.763    288.499    295.633    0.00064    7.21381   10.30925  314.39523     5.2090   16.16679 3.8973e-02     0.2122     1.3670 0.0000e+00
        413  47.263519    0.02861     1.7165    102.988     30.285  50373.002    31.3072     5.2124     30.000     5.2115    24.7260     6.6221     9.4637     91.802    288.609    295.745    0.00063    7.21351   10.30883  314.38203     5.2102   16.16616 3.8585e-02     0.2142     1.3532 0.0000e+00
        416  47.263528    0.02885     1.7308    103.845     31.295  50377.412    31.3103     5.2150     31.000     5.2157    24.7281     6.6231     9.4651     91.823    288.651    295.789    0.00054    7.21292   10.30798  314.35551     5.2127   16.16489 3.8277e-02     0.2054     1.3679 0.0000e+00
        420  47.263538    0.02908     1.7446    104.676     32.305  50386.618    31.3174     5.2212     32.000     5.2246    24.7331     6.6250     9.4678     91.867    288.730    295.872    0.00058    7.21150   10.30595  314.29213     5.2189   16.16184 3.8069e-02     0.2012     1.3987 0.0000e+00
        423  47.263549    0.02934     1.7602    105.612     33.314  50394.266    31.3245     5.2322     33.000     5.2377    24.7375     6.6255     9.4685     91.902    288.751    295.894    0.00060    7.20927   10.30276  314.19339     5.2298   16.15711 3.7991e-02     0.1998     1.3809 0.0000e+00
        427  47.263560    0.02961     1.7766    106.597     34.323  50410.891    31.3392     5.2503     34.000     5.2586    24.7472     6.6253     9.4681     91.947    288.737    295.883    0.00061    7.20545   10.29730  314.02410     5.2478   16.14899 3.7978e-02     0.2111     1.4096 0.0000e+00
        431  47.263570    0.02985     1.7910    107.463     35.334  50416.832    31.3466     5.2686     35.000     5.2753    24.7510     6.6248     9.4675     91.986    288.716    295.862    0.00068    7.20195   10.29232  313.87080     5.2660   16.14166 3.7976e-02     0.2016     1.4470 0.0000e+00
        434  47.263579    0.03008     1.8045    108.272     36.343  50422.089    31.3528     5.2834     36.000     5.2885    24.7543     6.6225     9.4642     91.990    288.614    295.759    0.00049    7.19911   10.28824  313.74563     5.2808   16.13567 3.7976e-02     0.2007     1.4628 0.0000e+00
        438  47.263590    0.03034     1.8201    109.204     37.352  50421.494    31.3546     5.2963     37.000     5.2973    24.7543     6.6215     9.4629     92.006    288.575    295.718    0.00040    7.19682   10.28497  313.64569     5.2935   16.13091 3.7976e-02     0.2082     1.4285 0.0000e+00
        442  47.263603    0.03063     1.8377    110.261     38.362  50418.305    31.3532     5.3024     38.000     5.3001    24.7525     6.6213     9.4625     92.015    288.564    295.707    0.00029    7.19584   10.28358  313.60387     5.2995   16.12892 3.7976e-02     0.2100     1.3681 0.0000e+00
        445  47.263612    0.03086     1.8519    111.113     39.372  50418.146    31.3527     5.3028     39.000     5.3000    24.7521     6.6201     9.4608     91.999    288.511    295.653    0.00009    7.19578   10.28351  313.60173     5.3000   16.12883 3.7976e-02     0.2149     1.3812 0.0000e+00
        449  47.263622    0.03108     1.8651    111.908     40.382  50419.963    31.3534     5.3031     40.000     5.3004    24.7527     6.6191     9.4593     91.986    288.467    295.607   -0.00008    7.19570   10.28338  313.59773     5.3001   16.12863 3.7976e-02     0.2206     1.4048 0.0000e+00
        452  47.263632    0.03134     1.8804    112.825     41.391  50420.533    31.3535     5.3036     41.000     5.3006    24.7527     6.6197     9.4602     91.996    288.492    295.634   -0.00009    7.19561   10.28325  313.59379     5.3006   16.12844 3.7976e-02     0.2273     1.4191 0.0000e+00
        456  47.263644    0.03162     1.8972    113.832     42.401  50420.829    31.3532     5.3036     42.000     5.3003    24.7524     6.6201     9.4608     92.002    288.511    295.653   -0.00008    7.19564   10.28329  313.59495     5.3005   16.12850 3.7976e-02     0.2385     1.4732 0.0000e+00
        460  47.263654    0.03187     1.9118    114.709     43.410  50421.697    31.3533     5.3033     43.000     5.3000    24.7526     6.6187     9.4587     91.981    288.448    295.588   -0.00024    7.19567   10.28334  313.59645     5.3001   16.12857 3.7976e-02     0.2319     1.5294 0.0000e+00
        463  47.263663    0.03209     1.9254    115.524     44.420  50421.999    31.3529     5.3031     44.000     5.2995    24.7523     6.6193     9.4597     91.990    288.480    295.620   -0.00024    7.19573   10.28342  313.59895     5.2999   16.12869 3.7976e-02     0.2281     1.5224 0.0000e+00
        467  47.263674    0.03233     1.9398    116.386     45.429  50422.809    31.3529     5.3026     45.000     5.2991    24.7524     6.6204     9.4612     92.004    288.528    295.670   -0.00015    7.19581   10.28353  313.60253     5.2993   16.12886 3.7976e-02     0.2065     1.5025 0.0000e+00
        470  47.263684    0.03258     1.9545    117.272     46.439  50423.196    31.3527     5.3023     46.000     5.2985    24.7522     6.6203     9.4610     92.001    288.520    295.661   -0.00019    7.19588   10.28364  313.60559     5.2989   16.12901 3.7976e-02     0.1946     1.4678 0.0000e+00
        474  47.263694    0.03282     1.9693    118.158     47.448  50423.709    31.3524     5.3016     47.000     5.2978    24.7520     6.6211     9.4622     92.011    288.555    295.698   -0.00018    7.19601   10.28382  313.61127     5.2981   16.12928 3.7976e-02     0.2003     1.4713 0.0000e+00
        478  47.263706    0.03312     1.9868    119.207     48.458  50424.986    31.3527     5.3011     48.000     5.2976    24.7524     6.6225     9.4642     92.029    288.617    295.761   -0.00011    7.19608   10.28392  313.61442     5.2976   16.12943 3.7976e-02     0.2122     1.4948 0.0000e+00
