CTD-processing/allCTD/CNV/2016_08-31_t6_s25_cast092_5028.cnv
* Sea-Bird SBE19plus Data File:
* FileName = C:\Users\Kim.Powell\Desktop\2016_08-31_T6_5028\2016_08-31_T6_5028_cast092.hex
* Software Version 1.59
* Temperature SN =  5028
* Conductivity SN =  5028
* System UpLoad Time = Aug 31 2016 21:47:58
** CookInlet LTM Transect 7
** 2016_08-30
** Station: 6-25
** Start Time: 08:39
** Depth (m): 167.3
** Comment:
** Comment:
# nquan = 27
# nvalues = 140                         
# units = specified
# name 0 = scan: Scan Count
# name 1 = timeJ: Julian Days
# name 2 = timeH: Time, Elapsed [hours]
# name 3 = timeM: Time, Elapsed [minutes]
# name 4 = timeS: Time, Elapsed [seconds]
# name 5 = prdM: Pressure, Strain Gauge [db]
# name 6 = specc: Specific Conductance [uS/cm]
# name 7 = sal00: Salinity, Practical [PSU]
# name 8 = tv290C: Temperature [ITS-90, deg C]
# name 9 = depSM: Depth [salt water, m], lat = 59.00
# name 10 = potemp090C: Potential Temperature [ITS-90, deg C]
# name 11 = sigma-é00: Density [sigma-theta, kg/m^3]
# name 12 = sbeox0ML/L: Oxygen, SBE 43 [ml/l]
# name 13 = sbeox0Mg/L: Oxygen, SBE 43 [mg/l]
# name 14 = sbeox0PS: Oxygen, SBE 43 [% saturation]
# name 15 = sbox0Mm/Kg: Oxygen, SBE 43 [umol/kg]
# name 16 = sbeox0Mm/L: Oxygen, SBE 43 [umol/l]
# name 17 = sbox0dV/dT: Oxygen, SBE 43 [dov/dt]
# name 18 = oxsolML/L: Oxygen Saturation, Garcia & Gordon [ml/l]
# name 19 = oxsolMg/L: Oxygen Saturation, Garcia & Gordon [mg/l]
# name 20 = oxsolMm/Kg: Oxygen Saturation, Garcia & Gordon [umol/kg]
# name 21 = potemp090C: Potential Temperature [ITS-90, deg C]
# name 22 = n2satMg/L: Nitrogen Saturation [mg/l]
# name 23 = par: PAR/Irradiance, Biospherical/Licor
# name 24 = flECO-AFL: Fluorescence, WET Labs ECO-AFL/FL [mg/m^3]
# name 25 = turbWETntu0: Turbidity, WET Labs ECO [NTU]
# name 26 = flag: flag
# span 0 =        199,       1033       
# span 1 = 244.361603, 244.364017       
# span 2 =    0.01374,    0.07170       
# span 3 =     0.8248,     4.3017       
# span 4 =     49.488,    258.101       
# span 5 =      1.010,    141.369       
# span 6 =  45073.296,  51536.796       
# span 7 =    28.7344,    32.4174       
# span 8 =     7.0396,    13.4578       
# span 9 =      1.000,    140.000       
# span 10 =     7.0241,    13.4570      
# span 11 =    21.4647,    25.3813      
# span 12 =     4.3638,     6.9307      
# span 13 =     6.2363,     9.9047      
# span 14 =     63.608,    113.684      
# span 15 =    190.062,    302.970      
# span 16 =    194.886,    309.527      
# span 17 =   -0.02787,    0.00306      
# span 18 =    6.08596,    6.86047      
# span 19 =    8.69744,    9.80430      
# span 20 =  265.90807,  298.80462      
# span 21 =     7.0270,    13.4575      
# span 22 =   13.85659,   15.41928      
# span 23 = 5.8481e-02, 1.6706e+02      
# span 24 =    -0.0029,     4.4473      
# span 25 =     0.1716,     1.0974      
# span 26 = 0.0000e+00, 0.0000e+00      
# interval = meters: 1                  
# start_time = Aug 31 2016 08:39:53 [Instrument's time stamp, header]
# bad_flag = -9.990e-29
*END*
        199 244.361603    0.01374     0.8248     49.488      1.010  45073.296    28.7344    13.4185      1.000    13.4351    21.4647     5.7895     8.2737     94.772    253.122    258.558    0.00306    6.11131    8.73367  267.20297    13.4184   13.92219 1.6706e+02     4.1402     1.0974 0.0000e+00
        377 244.362116    0.02608     1.5647     93.882      2.018  45430.620    28.9748    13.4578      2.000    13.4570    21.6428     6.9307     9.9047    113.684    302.970    309.527    0.00201    6.09647    8.71247  266.50066    13.4575   13.88753 1.0026e+02     3.4400     0.4871 0.0000e+00
        379 244.362125    0.02626     1.5758     94.550      3.028  45582.515    29.0813    13.4488      3.000    13.4347    21.7268     6.9186     9.8874    113.540    302.415    308.986    0.00153    6.09357    8.70832  266.35199    13.4484   13.87997 6.0171e+01     3.4448     0.4882 0.0000e+00
        383 244.362136    0.02655     1.5927     95.562      4.038  45780.759    29.2190    13.4200      4.000    13.4071    21.8387     6.9034     9.8657    113.320    301.719    308.308   -0.00047    6.09198    8.70604  266.25308    13.4195   13.87468 3.6168e+01     3.4056     0.4824 0.0000e+00
        387 244.362148    0.02682     1.6091     96.545      5.048  45901.641    29.3026    13.3988      5.000    13.3895    21.9074     6.8824     9.8357    112.984    300.779    307.368   -0.00265    6.09149    8.70534  266.21381    13.3981   13.87247 2.4512e+01     3.2456     0.4769 0.0000e+00
        391 244.362159    0.02710     1.6261     97.564      6.057  46036.766    29.3966    13.3815      6.000    13.3739    21.9833     6.8551     9.7966    112.561    299.563    306.149   -0.00474    6.09010    8.70337  266.13362    13.3807   13.86825 1.7495e+01     3.0074     0.4463 0.0000e+00
        396 244.362172    0.02740     1.6438     98.628      7.067  46143.626    29.4711    13.3700      7.000    13.3666    22.0430     6.8146     9.7388    111.921    297.776    304.340   -0.00724    6.08873    8.70141  266.05810    13.3690   13.86433 1.2358e+01     2.7694     0.4287 0.0000e+00
        400 244.362184    0.02768     1.6608     99.645      8.076  46234.426    29.5346    13.3650      8.000    13.3605    22.0932     6.7478     9.6433    110.858    294.845    301.359   -0.01196    6.08696    8.69886  265.96725    13.3639   13.85972 9.1526e+00     2.6418     0.4237 0.0000e+00
        403 244.362194    0.02795     1.6769    100.612      9.085  46303.874    29.5829    13.3578      9.000    13.3526    22.1318     6.6877     9.5574    109.886    292.206    298.673   -0.01518    6.08603    8.69754  265.91666    13.3566   13.85710 7.1290e+00     2.5360     0.4276 0.0000e+00
        407 244.362206    0.02822     1.6934    101.606     10.094  46340.946    29.6082    13.3507     10.000    13.3474    22.1528     6.6479     9.5006    109.234    290.463    296.898   -0.01503    6.08596    8.69744  265.90807    13.3494   13.85659 5.5244e+00     2.4132     0.4050 0.0000e+00
        412 244.362218    0.02851     1.7106    102.634     11.104  46347.539    29.6123    13.3479     11.000    13.3456    22.1565     6.6275     9.4714    108.895    289.568    295.984   -0.01265    6.08616    8.69772  265.91591    13.3464   13.85696 4.2936e+00     2.4136     0.3920 0.0000e+00
        416 244.362230    0.02880     1.7279    103.673     12.114  46359.865    29.6205    13.3454     12.000    13.3413    22.1634     6.6254     9.4683    108.861    289.475    295.891   -0.00882    6.08616    8.69773  265.91431    13.3439   13.85684 3.3847e+00     2.4080     0.3949 0.0000e+00
        420 244.362242    0.02909     1.7453    104.715     13.123  46377.261    29.6319    13.3390     13.000    13.3328    22.1735     6.6256     9.4687    108.857    289.481    295.900   -0.00582    6.08653    8.69826  265.92792    13.3373   13.85745 2.7251e+00     2.3780     0.3970 0.0000e+00
        424 244.362254    0.02938     1.7627    105.759     14.133  46388.884    29.6392    13.3313     14.000    13.3275    22.1806     6.6192     9.4595    108.739    289.200    295.614   -0.00474    6.08723    8.69926  265.95673    13.3294   13.85881 2.2319e+00     2.3943     0.4084 0.0000e+00
        428 244.362266    0.02966     1.7798    106.786     15.142  46391.151    29.6402    13.3283     15.000    13.3241    22.1820     6.6146     9.4530    108.658    289.000    295.411   -0.00386    6.08757    8.69975  265.97116    13.3263   13.85949 1.8123e+00     2.4520     0.4110 0.0000e+00
        432 244.362277    0.02994     1.7963    107.776     16.151  46385.163    29.6350    13.3212     16.000    13.3085    22.1793     6.6159     9.4548    108.660    289.058    295.468   -0.00275    6.08866    8.70130  266.01938    13.3191   13.86183 1.4566e+00     2.4662     0.4082 0.0000e+00
        436 244.362289    0.03022     1.8130    108.778     17.161  46375.127    29.6252    13.2926     17.000    13.2670    22.1773     6.6208     9.4618    108.669    289.271    295.686   -0.00185    6.09265    8.70701  266.19428    13.2903   13.87026 1.1738e+00     2.5336     0.4112 0.0000e+00
        440 244.362301    0.03052     1.8309    109.851     18.171  46385.374    29.6280    13.2432     18.000    13.2229    22.1891     6.6270     9.4707    108.661    289.539    295.963   -0.00142    6.09878    8.71577  266.45912    13.2408   13.88296 9.4735e-01     2.7300     0.4151 0.0000e+00
        445 244.362314    0.03081     1.8491    110.944     19.180  46390.360    29.6283    13.2077     19.000    13.1878    22.1962     6.6403     9.4896    108.798    290.115    296.554   -0.00020    6.10327    8.72219  266.65363    13.2051   13.89230 7.5966e-01     2.8778     0.4174 0.0000e+00
        449 244.362326    0.03110     1.8663    111.978     20.190  46377.206    29.6150    13.1645     20.000    13.1340    22.1943     6.6544     9.5098    108.923    290.733    297.185    0.00075    6.10926    8.73074  266.91541    13.1618   13.90491 6.0167e-01     3.1629     0.4265 0.0000e+00
        453 244.362338    0.03139     1.8831    112.985     21.200  46398.661    29.6258    13.1151     21.000    13.1003    22.2121     6.6575     9.5142    108.870    290.863    297.324    0.00009    6.11512    8.73912  267.16678    13.1123   13.91694 4.7181e-01     3.5811     0.4449 0.0000e+00
        457 244.362350    0.03168     1.9004    114.024     22.209  46408.116    29.6305    13.0965     22.000    13.0886    22.2193     6.6669     9.5276    108.985    291.272    297.744    0.00051    6.11730    8.74224  267.26032    13.0936   13.92140 3.7330e-01     3.7498     0.4584 0.0000e+00
        461 244.362362    0.03197     1.9182    115.091     23.218  46410.799    29.6314    13.0882     23.000    13.0816    22.2216     6.6833     9.5511    109.234    291.988    298.477    0.00193    6.11832    8.74368  267.30409    13.0852   13.92350 2.9848e-01     3.8626     0.4701 0.0000e+00
        466 244.362375    0.03227     1.9361    116.164     24.228  46409.483    29.6294    13.0798     24.000    13.0716    22.2217     6.6925     9.5643    109.364    292.391    298.888    0.00218    6.11947    8.74533  267.35432    13.0766   13.92592 2.4188e-01     3.9036     0.4619 0.0000e+00
        470 244.362386    0.03255     1.9532    117.191     25.237  46404.699    29.6246    13.0670     25.000    13.0535    22.2204     6.6941     9.5665    109.357    292.458    298.956    0.00134    6.12128    8.74793  267.43397    13.0637   13.92976 1.9951e-01     3.9222     0.4640 0.0000e+00
        474 244.362398    0.03284     1.9701    118.204     26.247  46407.703    29.6246    13.0463     26.000    13.0327    22.2244     6.6935     9.5657    109.301    292.432    298.932    0.00046    6.12392    8.75170  267.54819    13.0429   13.93524 1.6753e-01     4.0712     0.4726 0.0000e+00
        478 244.362410    0.03312     1.9873    119.240     27.257  46410.067    29.6240    13.0241     27.000    13.0083    22.2282     6.6900     9.5606    109.192    292.277    298.774   -0.00049    6.12677    8.75577  267.67190    13.0205   13.94118 1.4337e-01     4.2327     0.4885 0.0000e+00
        482 244.362422    0.03341     2.0046    120.276     28.266  46413.026    29.6235    12.9972     28.000    12.9748    22.2329     6.6890     9.5592    109.114    292.232    298.728   -0.00094    6.13024    8.76072  267.82180    12.9935   13.94838 1.2450e-01     4.3409     0.4847 0.0000e+00
        486 244.362434    0.03370     2.0219    121.312     29.276  46417.210    29.6218    12.9473     29.000    12.9024    22.2412     6.6785     9.5443    108.830    291.773    298.262   -0.00236    6.13667    8.76992  268.10094    12.9435   13.96178 1.1006e-01     4.4473     0.4871 0.0000e+00
        490 244.362446    0.03399     2.0394    122.366     30.286  46481.155    29.6591    12.8574     30.000    12.8111    22.2870     6.6430     9.4936    108.074    290.211    296.678   -0.00637    6.14678    8.78436  268.53030    12.8535   13.98223 9.9675e-02     4.3540     0.4834 0.0000e+00
        495 244.362459    0.03430     2.0576    123.453     31.295  46575.801    29.7180    12.7691     31.000    12.7318    22.3494     6.5677     9.3859    106.691    286.902    293.314   -0.01308    6.15584    8.79731  268.90963    12.7652   14.00019 9.2367e-02     3.8596     0.4520 0.0000e+00
        499 244.362471    0.03459     2.0754    124.526     32.305  46667.247    29.7767    12.7029     32.000    12.6717    22.4071     6.4653     9.2395    104.921    282.413    288.741   -0.02025    6.16212    8.80628  269.16893    12.6987   14.01240 8.7307e-02     3.1868     0.4233 0.0000e+00
        503 244.362483    0.03488     2.0927    125.559     33.314  46752.713    29.8321    12.6503     33.000    12.6253    22.4600     6.3744     9.1096    103.367    278.427    284.681   -0.02411    6.16677    8.81293  269.35815    12.6460   14.02126 8.3574e-02     2.7375     0.3958 0.0000e+00
        507 244.362495    0.03517     2.1101    126.603     34.324  46819.144    29.8751    12.6094     34.000    12.5852    22.5009     6.2994     9.0025    102.091    275.141    281.332   -0.02485    6.17039    8.81810  269.50544    12.6050   14.02815 8.0733e-02     2.4864     0.3782 0.0000e+00
        512 244.362508    0.03547     2.1283    127.699     35.333  46894.633    29.9237    12.5591     35.000    12.5230    22.5480     6.2494     8.9310    101.205    272.943    279.098   -0.02246    6.17502    8.82473  269.69544    12.5546   14.03707 7.8622e-02     2.2315     0.3347 0.0000e+00
        516 244.362520    0.03577     2.1464    128.785     36.343  46996.387    29.9884    12.4823     36.000    12.4315    22.6123     6.2077     8.8714    100.409    271.106    277.237   -0.01984    6.18247    8.83537  270.00366    12.4778   14.05160 7.6931e-02     1.8489     0.2987 0.0000e+00
        520 244.362532    0.03605     2.1632    129.790     37.352  47115.177    30.0632    12.3845     37.000    12.3281    22.6884     6.1445     8.7811     99.230    268.325    274.412   -0.02100    6.19229    8.84941  270.41259    12.3798   14.07091 7.5672e-02     1.4717     0.2641 0.0000e+00
        524 244.362544    0.03633     2.1796    130.776     38.362  47210.667    30.1213    12.2868     38.000    12.2426    22.7515     6.0553     8.6535     97.623    264.411    270.426   -0.02486    6.20277    8.86438  270.85333    12.2821   14.09181 7.4706e-02     1.0891     0.2352 0.0000e+00
        528 244.362556    0.03662     2.1972    131.834     39.372  47264.905    30.1521    12.2099     39.000    12.1702    22.7895     5.9607     8.5185     95.962    260.274    266.206   -0.02787    6.21163    8.87704  271.23015    12.2051   14.10976 7.3847e-02     0.8533     0.2232 0.0000e+00
        533 244.362569    0.03693     2.2159    132.955     40.381  47306.190    30.1730    12.1270     40.000    12.0824    22.8209     5.9016     8.4339     94.855    257.683    263.563   -0.02572    6.22170    8.89143  271.66152    12.1220   14.13036 7.3096e-02     0.7186     0.2156 0.0000e+00
        537 244.362581    0.03723     2.2338    134.027     41.391  47359.733    30.2020    12.0384     41.000    11.9881    22.8596     5.8693     8.3878     94.178    256.266    262.124   -0.02168    6.23223    8.90648  272.11108    12.0333   14.15180 7.2502e-02     0.6152     0.2109 0.0000e+00
        541 244.362593    0.03751     2.2504    135.023     42.400  47429.510    30.2429    11.9545     42.000    11.9186    22.9065     5.8366     8.3411     93.510    254.825    260.662   -0.01915    6.24170    8.92001  272.51217    11.9493   14.17086 7.2025e-02     0.5347     0.1970 0.0000e+00
        545 244.362604    0.03777     2.2662    135.975     43.410  47487.365    30.2782    11.9017     43.000    11.8797    22.9435     5.7953     8.2821     92.766    253.015    258.820   -0.01833    6.24730    8.92801  272.74653    11.8963   14.18195 7.1560e-02     0.4939     0.1857 0.0000e+00
        549 244.362615    0.03804     2.2821    136.925     44.420  47526.316    30.3024    11.8715     44.000    11.8481    22.9677     5.7558     8.2257     92.088    251.283    257.055   -0.01745    6.25033    8.93235  272.87252    11.8661   14.18789 7.1207e-02     0.4577     0.1837 0.0000e+00
        553 244.362626    0.03830     2.2984    137.903     45.430  47552.953    30.3168    11.8299     45.000    11.7987    22.9863     5.7251     8.1816     91.523    249.935    255.680   -0.01591    6.25529    8.93944  273.08411    11.8244   14.19798 7.0867e-02     0.3957     0.1781 0.0000e+00
        557 244.362638    0.03859     2.3154    138.927     46.439  47589.833    30.3379    11.7845     46.000    11.7683    23.0110     5.6990     8.1445     91.032    248.794    254.520   -0.01417    6.26050    8.94688  273.30474    11.7788   14.20847 7.0463e-02     0.3170     0.1739 0.0000e+00
        561 244.362651    0.03890     2.3336    140.018     47.449  47604.381    30.3461    11.7676     47.000    11.7573    23.0204     5.6841     8.1232     90.766    248.141    253.854   -0.01139    6.26241    8.94961  273.38584    11.7618   14.21232 7.0156e-02     0.2804     0.1716 0.0000e+00
        565 244.362663    0.03920     2.3517    141.100     48.459  47609.222    30.3482    11.7579     48.000    11.7450    23.0237     5.6793     8.1162     90.671    247.929    253.637   -0.00830    6.26362    8.95133  273.43751    11.7520   14.21479 6.9831e-02     0.2682     0.1834 0.0000e+00
        569 244.362675    0.03947     2.3681    142.084     49.469  47611.050    30.3471    11.7386     49.000    11.7139    23.0264     5.6728     8.1071     90.531    247.647    253.349   -0.00663    6.26623    8.95506  273.55074    11.7327   14.22022 6.9543e-02     0.2443     0.1802 0.0000e+00
        573 244.362685    0.03973     2.3838    143.025     50.478  47627.680    30.3548    11.7018     50.000    11.6774    23.0389     5.6599     8.0887     90.259    247.082    252.774   -0.00648    6.27083    8.96165  273.74845    11.6958   14.22967 6.9364e-02     0.2099     0.1738 0.0000e+00
        577 244.362697    0.04000     2.4002    144.015     51.488  47645.474    30.3633    11.6654     51.000    11.6360    23.0520     5.6524     8.0779     90.074    246.749    252.437   -0.00590    6.27536    8.96812  273.94257    11.6592   14.23894 6.9165e-02     0.1820     0.1771 0.0000e+00
        581 244.362709    0.04031     2.4182    145.092     52.498  47682.576    30.3834    11.6095     52.000    11.5732    23.0776     5.6483     8.0720     89.913    246.564    252.254   -0.00496    6.28205    8.97768  274.22788    11.6031   14.25253 6.8947e-02     0.1607     0.1866 0.0000e+00
        586 244.362723    0.04062     2.4369    146.214     53.507  47737.556    30.4158    11.5503     53.000    11.5263    23.1133     5.6355     8.0537     89.614    245.997    251.683   -0.00519    6.28868    8.98716  274.50769    11.5439   14.26580 6.8694e-02     0.1491     0.1871 0.0000e+00
