CTD-processing/allCTD/CNV/2016_02-15_t6_s20_cast121_5028.cnv
* Sea-Bird SBE19plus Data File:
* FileName = C:\Users\Kris.Holderied\Documents\kasitsna\Research-KBL\Oceanography-AK\CTD-Data-ALL-to-2016-02\2016-CTD-KachemakBay-CookInlet\2016-02-CookInlet-quarterly\2016-02-15-CookInlet-Tran6-Douglas\2016-02-15-CookInlet-Tran6-cast121.hex
* Software Version 1.59
* Temperature SN =  5028
* Conductivity SN =  5028
* System UpLoad Time = Feb 15 2016 19:37:05
** Cook Inlet LTM Tran6 Douglas West to East

** Date: 02-15
** Station: 6-20
** Start time (AKST): 12:48
** Depth (m): 173
** Comment:  R/V Pandalus
** Comment:
# nquan = 27
# nvalues = 171                         
# units = specified
# name 0 = scan: Scan Count
# name 1 = timeJ: Julian Days
# name 2 = timeH: Time, Elapsed [hours]
# name 3 = timeM: Time, Elapsed [minutes]
# name 4 = timeS: Time, Elapsed [seconds]
# name 5 = prdM: Pressure, Strain Gauge [db]
# name 6 = specc: Specific Conductance [uS/cm]
# name 7 = sal00: Salinity, Practical [PSU]
# name 8 = tv290C: Temperature [ITS-90, deg C]
# name 9 = depSM: Depth [salt water, m], lat = 59.00
# name 10 = potemp090C: Potential Temperature [ITS-90, deg C]
# name 11 = sigma-é00: Density [sigma-theta, kg/m^3]
# name 12 = sbeox0ML/L: Oxygen, SBE 43 [ml/l]
# name 13 = sbeox0Mg/L: Oxygen, SBE 43 [mg/l]
# name 14 = sbeox0PS: Oxygen, SBE 43 [% saturation]
# name 15 = sbox0Mm/Kg: Oxygen, SBE 43 [umol/kg]
# name 16 = sbeox0Mm/L: Oxygen, SBE 43 [umol/l]
# name 17 = sbox0dV/dT: Oxygen, SBE 43 [dov/dt]
# name 18 = oxsolML/L: Oxygen Saturation, Garcia & Gordon [ml/l]
# name 19 = oxsolMg/L: Oxygen Saturation, Garcia & Gordon [mg/l]
# name 20 = oxsolMm/Kg: Oxygen Saturation, Garcia & Gordon [umol/kg]
# name 21 = potemp090C: Potential Temperature [ITS-90, deg C]
# name 22 = n2satMg/L: Nitrogen Saturation [mg/l]
# name 23 = par: PAR/Irradiance, Biospherical/Licor
# name 24 = flECO-AFL: Fluorescence, WET Labs ECO-AFL/FL [mg/m^3]
# name 25 = turbWETntu0: Turbidity, WET Labs ECO [NTU]
# name 26 = flag: flag
# span 0 =         20,        900       
# span 1 =  46.533966,  46.536513       
# span 2 =    0.00130,    0.06241       
# span 3 =     0.0783,     3.7449       
# span 4 =      4.696,    224.696       
# span 5 =      1.010,    172.686       
# span 6 =  49652.293,  51291.435       
# span 7 =    31.0896,    32.1407       
# span 8 =     6.3378,     6.6108       
# span 9 =      1.000,    171.000       
# span 10 =     6.3446,     6.6020      
# span 11 =    24.4238,    25.2274      
# span 12 =     5.7589,     6.3302      
# span 13 =     8.2300,     9.0464      
# span 14 =     81.849,     90.695      
# span 15 =    251.078,    275.829      
# span 16 =    257.190,    282.706      
# span 17 =   -0.00153,    0.01468      
# span 18 =    6.94704,    7.03683      
# span 19 =    9.92801,   10.05633      
# span 20 =  302.64458,  306.80030      
# span 21 =     6.3377,     6.6020      
# span 22 =   15.60394,   15.80594      
# span 23 = 3.7976e-02, 8.4871e+01      
# span 24 =     0.0896,     0.2107      
# span 25 =     0.3413,     1.5921      
# span 26 = 0.0000e+00, 0.0000e+00      
# interval = meters: 1                  
# start_time = Feb 15 2016 12:48:50 [Instrument's time stamp, header]
# bad_flag = -9.990e-29
*END*
[from data line 54]
        525  46.535429    0.03641     2.1847    131.084     55.527  50851.644    31.8952     6.5756     55.000     6.5671    25.0294     6.2775     8.9713     90.216    273.510    280.356   -0.00080    6.95838    9.94422  303.17316     6.5710   15.62974 3.7548e-01     0.1248     0.4016 0.0000e+00
        529  46.535441    0.03670     2.2020    132.118     56.536  50858.666    31.8982     6.5680     56.000     6.5606    25.0327     6.2772     8.9707     90.195    273.490    280.337   -0.00080    6.95948    9.94579  303.22005     6.5632   15.63197 3.4264e-01     0.1492     0.4038 0.0000e+00
        534  46.535453    0.03700     2.2200    133.200     57.546  50865.279    31.9015     6.5635     57.000     6.5578    25.0358     6.2795     8.9740     90.222    273.593    280.442   -0.00049    6.96005    9.94660  303.24372     6.5587   15.63308 3.1296e-01     0.1489     0.3995 0.0000e+00
        538  46.535465    0.03726     2.2356    134.136     58.556  50869.652    31.9038     6.5624     58.000     6.5573    25.0379     6.2822     8.9779     90.260    273.711    280.564   -0.00023    6.96013    9.94671  303.24658     6.5575   15.63321 2.8541e-01     0.1486     0.4007 0.0000e+00
        541  46.535474    0.03749     2.2494    134.965     59.566  50873.834    31.9063     6.5624     59.000     6.5573    25.0398     6.2832     8.9794     90.276    273.755    280.609   -0.00013    6.96002    9.94656  303.24126     6.5574   15.63295 2.6056e-01     0.1349     0.4036 0.0000e+00
        544  46.535483    0.03772     2.2631    135.785     60.575  50876.435    31.9076     6.5622     60.000     6.5569    25.0408     6.2829     8.9789     90.272    273.741    280.596   -0.00019    6.95998    9.94651  303.23933     6.5571   15.63285 2.3800e-01     0.1328     0.4057 0.0000e+00
        548  46.535495    0.03800     2.2797    136.782     61.585  50878.219    31.9083     6.5619     61.000     6.5565    25.0415     6.2844     8.9810     90.293    273.804    280.660   -0.00011    6.96001    9.94655  303.24042     6.5567   15.63290 2.1812e-01     0.1244     0.4128 0.0000e+00
        554  46.535512    0.03840     2.3039    138.236     62.595  50880.205    31.9091     6.5615     62.000     6.5561    25.0422     6.2843     8.9809     90.291    273.799    280.656   -0.00012    6.96002    9.94657  303.24089     6.5562   15.63292 1.9939e-01     0.1354     0.4204 0.0000e+00
        558  46.535525    0.03869     2.3217    139.302     63.604  50881.872    31.9097     6.5612     63.000     6.5557    25.0427     6.2843     8.9808     90.291    273.799    280.656   -0.00019    6.96005    9.94660  303.24152     6.5559   15.63295 1.8015e-01     0.1401     0.4238 0.0000e+00
        561  46.535532    0.03889     2.3334    140.007     64.614  50883.229    31.9102     6.5610     64.000     6.5555    25.0431     6.2859     8.9832     90.314    273.871    280.729   -0.00006    6.96006    9.94661  303.24196     6.5556   15.63297 1.6412e-01     0.1457     0.4187 0.0000e+00
        564  46.535542    0.03912     2.3468    140.806     65.624  50885.092    31.9110     6.5610     65.000     6.5555    25.0438     6.2855     8.9826     90.309    273.852    280.710   -0.00012    6.96002    9.94657  303.24038     6.5555   15.63289 1.5092e-01     0.1462     0.4254 0.0000e+00
        569  46.535556    0.03945     2.3668    142.008     66.634  50888.778    31.9131     6.5613     66.000     6.5561    25.0454     6.2805     8.9754     90.238    273.632    280.485   -0.00051    6.95988    9.94636  303.23340     6.5557   15.63255 1.3945e-01     0.1575     0.4260 0.0000e+00
        574  46.535569    0.03977     2.3862    143.172     67.643  50895.636    31.9177     6.5628     67.000     6.5580    25.0488     6.2754     8.9681     90.170    273.409    280.258   -0.00081    6.95943    9.94572  303.21277     6.5570   15.63154 1.2842e-01     0.1594     0.4159 0.0000e+00
        577  46.535579    0.03999     2.3997    143.980     68.653  50899.408    31.9202     6.5644     68.000     6.5593    25.0506     6.2785     8.9727     90.222    273.548    280.401   -0.00047    6.95906    9.94519  303.19616     6.5586   15.63074 1.1890e-01     0.1480     0.4196 0.0000e+00
        580  46.535588    0.04024     2.4144    144.865     69.663  50901.898    31.9217     6.5658     69.000     6.5605    25.0516     6.2823     8.9781     90.280    273.713    280.570   -0.00004    6.95876    9.94476  303.18301     6.5599   15.63011 1.1071e-01     0.1463     0.4225 0.0000e+00
        585  46.535601    0.04054     2.4324    145.946     70.673  50904.762    31.9234     6.5672     70.000     6.5619    25.0528     6.2807     8.9757     90.260    273.640    280.495   -0.00018    6.95846    9.94434  303.16951     6.5612   15.62946 1.0306e-01     0.1370     0.4145 0.0000e+00
        588  46.535612    0.04079     2.4476    146.858     71.683  50908.599    31.9259     6.5687     71.000     6.5636    25.0546     6.2769     8.9703     90.210    273.474    280.326   -0.00046    6.95810    9.94382  303.15328     6.5626   15.62867 9.6071e-02     0.1362     0.4197 0.0000e+00
        592  46.535621    0.04101     2.4604    147.626     72.692  50911.619    31.9278     6.5704     72.000     6.5653    25.0559     6.2741     8.9662     90.174    273.350    280.200   -0.00065    6.95773    9.94330  303.13693     6.5642   15.62788 9.0060e-02     0.1361     0.4200 0.0000e+00
        595  46.535630    0.04123     2.4738    148.429     73.702  50913.412    31.9289     6.5721     73.000     6.5667    25.0566     6.2738     8.9660     90.176    273.342    280.191   -0.00061    6.95740    9.94282  303.12245     6.5659   15.62719 8.4528e-02     0.1465     0.4158 0.0000e+00
        598  46.535640    0.04148     2.4890    149.339     74.712  50915.982    31.9305     6.5736     74.000     6.5683    25.0577     6.2749     8.9674     90.194    273.385    280.236   -0.00039    6.95709    9.94238  303.10841     6.5673   15.62652 7.9304e-02     0.1588     0.4136 0.0000e+00
        602  46.535651    0.04174     2.5043    150.258     75.721  50920.486    31.9336     6.5758     75.000     6.5709    25.0598     6.2726     8.9641     90.167    273.283    280.132   -0.00049    6.95660    9.94167  303.08641     6.5694   15.62546 7.4707e-02     0.1485     0.4164 0.0000e+00
        606  46.535662    0.04199     2.5194    151.165     76.731  50923.428    31.9357     6.5786     76.000     6.5733    25.0611     6.2713     8.9622     90.155    273.226    280.073   -0.00053    6.95604    9.94087  303.06163     6.5721   15.62427 7.0968e-02     0.1500     0.4201 0.0000e+00
        609  46.535672    0.04224     2.5348    152.087     77.741  50925.498    31.9369     6.5806     77.000     6.5749    25.0619     6.2711     8.9619     90.158    273.217    280.065   -0.00044    6.95566    9.94032  303.04458     6.5741   15.62344 6.7402e-02     0.1485     0.4284 0.0000e+00
        613  46.535683    0.04249     2.5495    152.973     78.752  50927.696    31.9383     6.5821     78.000     6.5760    25.0628     6.2700     8.9604     90.146    273.172    280.018   -0.00045    6.95536    9.93990  303.03152     6.5754   15.62282 6.4241e-02     0.1414     0.4281 0.0000e+00
        616  46.535692    0.04271     2.5626    153.755     79.761  50929.464    31.9393     6.5831     79.000     6.5769    25.0634     6.2689     8.9590     90.134    273.125    279.970   -0.00050    6.95515    9.93961  303.02230     6.5763   15.62238 6.1583e-02     0.1378     0.4231 0.0000e+00
        619  46.535699    0.04290     2.5741    154.444     80.771  50930.767    31.9398     6.5838     80.000     6.5774    25.0637     6.2688     8.9589     90.134    273.122    279.967   -0.00047    6.95501    9.93940  303.01598     6.5770   15.62207 5.9714e-02     0.1326     0.4244 0.0000e+00
        621  46.535707    0.04309     2.5853    155.120     81.781  50932.566    31.9407     6.5844     81.000     6.5780    25.0644     6.2687     8.9587     90.134    273.116    279.961   -0.00044    6.95486    9.93920  303.00950     6.5775   15.62176 5.7975e-02     0.1256     0.4300 0.0000e+00
        624  46.535716    0.04328     2.5974    155.841     82.791  50934.426    31.9417     6.5853     82.000     6.5788    25.0651     6.2689     8.9589     90.140    273.123    279.969   -0.00042    6.95469    9.93895  303.00159     6.5783   15.62138 5.5634e-02     0.1236     0.4303 0.0000e+00
        627  46.535724    0.04350     2.6101    156.608     83.800  50936.601    31.9429     6.5862     83.000     6.5798    25.0659     6.2700     8.9605     90.159    273.174    280.021   -0.00028    6.95448    9.93865  302.99247     6.5791   15.62094 5.2357e-02     0.1296     0.4299 0.0000e+00
        630  46.535733    0.04371     2.6224    157.342     84.810  50940.372    31.9452     6.5873     84.000     6.5811    25.0676     6.2707     8.9615     90.172    273.201    280.050   -0.00020    6.95420    9.93824  302.97959     6.5801   15.62031 5.1001e-02     0.1346     0.4331 0.0000e+00
        633  46.535742    0.04390     2.6341    158.049     85.820  50943.811    31.9475     6.5888     85.000     6.5825    25.0692     6.2703     8.9610     90.171    273.185    280.033   -0.00023    6.95386    9.93776  302.96433     6.5815   15.61957 4.8607e-02     0.1332     0.4399 0.0000e+00
        636  46.535750    0.04412     2.6469    158.812     86.830  50947.297    31.9497     6.5904     86.000     6.5841    25.0707     6.2707     8.9614     90.180    273.198    280.047   -0.00020    6.95349    9.93723  302.94778     6.5830   15.61878 4.3411e-02     0.1255     0.4399 0.0000e+00
        640  46.535760    0.04436     2.6615    159.688     87.840  50953.041    31.9536     6.5926     87.000     6.5867    25.0735     6.2685     8.9582     90.155    273.101    279.948   -0.00030    6.95296    9.93648  302.92375     6.5852   15.61762 4.2176e-02     0.1214     0.4338 0.0000e+00
        643  46.535771    0.04460     2.6763    160.577     88.849  50957.714    31.9569     6.5954     88.000     6.5890    25.0758     6.2626     8.9500     90.080    272.850    279.692   -0.00073    6.95236    9.93563  302.89727     6.5878   15.61635 4.1574e-02     0.1308     0.4312 0.0000e+00
        647  46.535781    0.04485     2.6912    161.472     89.859  50959.757    31.9582     6.5973     89.000     6.5901    25.0766     6.2618     8.9488     90.073    272.814    279.655   -0.00070    6.95199    9.93509  302.88090     6.5896   15.61556 4.0409e-02     0.1320     0.4269 0.0000e+00
        651  46.535792    0.04512     2.7072    162.429     90.870  50961.820    31.9594     6.5982     90.000     6.5910    25.0774     6.2619     8.9488     90.076    272.813    279.654   -0.00053    6.95179    9.93481  302.87178     6.5905   15.61512 4.0789e-02     0.1281     0.4308 0.0000e+00
        654  46.535803    0.04537     2.7221    163.326     91.879  50965.415    31.9616     6.5993     91.000     6.5925    25.0790     6.2624     8.9497     90.088    272.839    279.681   -0.00045    6.95151    9.93441  302.85906     6.5915   15.61451 4.0984e-02     0.1307     0.4450 0.0000e+00
        657  46.535811    0.04558     2.7345    164.070     92.889  50972.030    31.9660     6.6010     92.000     6.5951    25.0823     6.2647     8.9530     90.127    272.938    279.784   -0.00018    6.95103    9.93372  302.83710     6.5931   15.61343 4.0708e-02     0.1274     0.4521 0.0000e+00
        660  46.535819    0.04576     2.7461    164.768     93.899  50981.273    31.9725     6.6040     93.000     6.5982    25.0871     6.2653     8.9537     90.145    272.960    279.807   -0.00009    6.95025    9.93259  302.80147     6.5961   15.61171 4.0398e-02     0.1281     0.4540 0.0000e+00
        663  46.535828    0.04597     2.7586    165.517     94.909  50988.006    31.9773     6.6073     94.000     6.6005    25.0905     6.2637     8.9516     90.132    272.892    279.738   -0.00018    6.94950    9.93154  302.76834     6.5991   15.61011 3.9976e-02     0.1302     0.4587 0.0000e+00
        666  46.535837    0.04621     2.7725    166.348     95.918  50993.301    31.9809     6.6091     95.000     6.6015    25.0931     6.2585     8.9441     90.063    272.664    279.506   -0.00056    6.94904    9.93088  302.74730     6.6009   15.60910 3.9669e-02     0.1305     0.4726 0.0000e+00
        670  46.535847    0.04644     2.7864    167.183     96.929  50999.940    31.9852     6.6099     96.000     6.6018    25.0963     6.2529     8.9360     89.986    272.418    279.254   -0.00095    6.94871    9.93041  302.73209     6.6016   15.60835 3.9267e-02     0.1401     0.4746 0.0000e+00
        673  46.535856    0.04667     2.7999    167.995     97.939  51007.966    31.9903     6.6102     97.000     6.6020    25.1004     6.2534     8.9368     89.998    272.441    279.279   -0.00082    6.94843    9.93000  302.71834     6.6019   15.60768 3.9080e-02     0.1239     0.4885 0.0000e+00
        676  46.535866    0.04690     2.8139    168.837     98.948  51012.574    31.9931     6.6104     98.000     6.6020    25.1026     6.2508     8.9330     89.962    272.324    279.161   -0.00077    6.94828    9.92979  302.71141     6.6020   15.60734 3.8782e-02     0.1187     0.5175 0.0000e+00
        680  46.535876    0.04714     2.8284    169.703     99.958  51014.732    31.9941     6.6105     99.000     6.6019    25.1034     6.2421     8.9206     89.837    271.945    278.772   -0.00140    6.94822    9.92970  302.70851     6.6019   15.60720 3.8471e-02     0.1247     0.5451 0.0000e+00
        683  46.535886    0.04737     2.8423    170.538    100.968  51015.814    31.9944     6.6105    100.000     6.6019    25.1036     6.2384     8.9152     89.784    271.784    278.606   -0.00149    6.94819    9.92966  302.70723     6.6019   15.60713 3.8208e-02     0.1212     0.5534 0.0000e+00
        686  46.535895    0.04760     2.8558    171.349    101.978  51016.923    31.9947     6.6106    101.000     6.6019    25.1038     6.2386     8.9156     89.788    271.793    278.616   -0.00123    6.94817    9.92962  302.70586     6.6019   15.60706 3.8050e-02     0.1173     0.5390 0.0000e+00
        690  46.535906    0.04784     2.8704    172.225    102.989  51017.924    31.9950     6.6107    102.000     6.6019    25.1040     6.2446     8.9242     89.874    272.055    278.885   -0.00056    6.94814    9.92958  302.70474     6.6019   15.60701 3.8000e-02     0.1087     0.5456 0.0000e+00
        694  46.535917    0.04812     2.8871    173.228    103.998  51019.936    31.9959     6.6108    103.000     6.6018    25.1048     6.2428     8.9215     89.848    271.974    278.803   -0.00045    6.94809    9.92952  302.70247     6.6019   15.60690 3.7980e-02     0.0978     0.5793 0.0000e+00
        698  46.535928    0.04838     2.9031    174.186    105.009  51025.136    31.9990     6.6107    104.000     6.6015    25.1072     6.2371     8.9134     89.768    271.726    278.547   -0.00093    6.94796    9.92933  302.69597     6.6017   15.60658 3.7977e-02     0.0955     0.5735 0.0000e+00
        701  46.535937    0.04859     2.9156    174.939    106.018  51030.757    32.0024     6.6104    105.000     6.6011    25.1099     6.2390     8.9161     89.797    271.806    278.631   -0.00066    6.94784    9.92916  302.69020     6.6014   15.60629 3.7976e-02     0.1167     0.5633 0.0000e+00
        703  46.535944    0.04878     2.9267    175.603    107.028  51035.530    32.0052     6.6101    106.000     6.6007    25.1122     6.2405     8.9184     89.821    271.877    278.704   -0.00046    6.94777    9.92906  302.68632     6.6010   15.60609 3.7976e-02     0.1323     0.5574 0.0000e+00
        706  46.535952    0.04896     2.9375    176.250    108.038  51040.878    32.0084     6.6098    107.000     6.6002    25.1148     6.2403     8.9181     89.819    271.866    278.694   -0.00041    6.94767    9.92892  302.68137     6.6006   15.60584 3.7976e-02     0.1310     0.5500 0.0000e+00
