CTD-processing/allCTD/CNV/2016_08-30_t7_s13_cast076_5028.cnv
* Sea-Bird SBE19plus Data File:
* FileName = C:\Users\Kim.Powell\Desktop\2016_08-30_T7_5028\2016_08-30_T7_5028_cast076.hex
* Software Version 1.59
* Temperature SN =  5028
* Conductivity SN =  5028
* System UpLoad Time = Aug 30 2016 17:32:06
** CookInlet LTM Transect 7
** 2016_08-30
** Station: 7-13
** Start Time: 11:10
** Depth (m): 68.6
** Comment:
** Comment:
# nquan = 27
# nvalues = 48                          
# units = specified
# name 0 = scan: Scan Count
# name 1 = timeJ: Julian Days
# name 2 = timeH: Time, Elapsed [hours]
# name 3 = timeM: Time, Elapsed [minutes]
# name 4 = timeS: Time, Elapsed [seconds]
# name 5 = prdM: Pressure, Strain Gauge [db]
# name 6 = specc: Specific Conductance [uS/cm]
# name 7 = sal00: Salinity, Practical [PSU]
# name 8 = tv290C: Temperature [ITS-90, deg C]
# name 9 = depSM: Depth [salt water, m], lat = 59.00
# name 10 = potemp090C: Potential Temperature [ITS-90, deg C]
# name 11 = sigma-é00: Density [sigma-theta, kg/m^3]
# name 12 = sbeox0ML/L: Oxygen, SBE 43 [ml/l]
# name 13 = sbeox0Mg/L: Oxygen, SBE 43 [mg/l]
# name 14 = sbeox0PS: Oxygen, SBE 43 [% saturation]
# name 15 = sbox0Mm/Kg: Oxygen, SBE 43 [umol/kg]
# name 16 = sbeox0Mm/L: Oxygen, SBE 43 [umol/l]
# name 17 = sbox0dV/dT: Oxygen, SBE 43 [dov/dt]
# name 18 = oxsolML/L: Oxygen Saturation, Garcia & Gordon [ml/l]
# name 19 = oxsolMg/L: Oxygen Saturation, Garcia & Gordon [mg/l]
# name 20 = oxsolMm/Kg: Oxygen Saturation, Garcia & Gordon [umol/kg]
# name 21 = potemp090C: Potential Temperature [ITS-90, deg C]
# name 22 = n2satMg/L: Nitrogen Saturation [mg/l]
# name 23 = par: PAR/Irradiance, Biospherical/Licor
# name 24 = flECO-AFL: Fluorescence, WET Labs ECO-AFL/FL [mg/m^3]
# name 25 = turbWETntu0: Turbidity, WET Labs ECO [NTU]
# name 26 = flag: flag
# span 0 =        460,        726       
# span 1 = 243.466710, 243.467479       
# span 2 =    0.03188,    0.05033       
# span 3 =     1.9128,     3.0199       
# span 4 =    114.768,    181.196       
# span 5 =      2.019,     49.468       
# span 6 =  45765.774,  48391.497       
# span 7 =    29.1388,    30.7896       
# span 8 =    10.7269,    12.5676       
# span 9 =      2.000,     49.000       
# span 10 =    10.7039,    12.5668      
# span 11 =    21.9382,    23.5466      
# span 12 =     5.3962,     5.9788      
# span 13 =     7.7118,     8.5443      
# span 14 =     84.505,     96.640      
# span 15 =    235.453,    261.110      
# span 16 =    240.998,    267.012      
# span 17 =   -0.01635,    0.01443      
# span 18 =    6.17700,    6.38569      
# span 19 =    8.82755,    9.12579      
# span 20 =  269.79406,  278.62434      
# span 21 =    10.7213,    12.5674      
# span 22 =   14.04203,   14.46147      
# span 23 = 3.5348e-01, 3.6368e+02      
# span 24 =     0.1181,     2.2045      
# span 25 =     0.1738,     0.4914      
# span 26 = 0.0000e+00, 0.0000e+00      
# interval = meters: 1                  
# start_time = Aug 30 2016 11:10:09 [Instrument's time stamp, header]
# bad_flag = -9.990e-29
*END*
        460 243.466710    0.03188     1.9128    114.768      2.019  45765.774    29.1388    12.5676      2.000    12.5668    21.9382     5.7930     8.2788     93.370    253.162    258.715    0.00109    6.20437    8.86667  271.13892    12.5674   14.10941 3.6368e+02     0.2605     0.3637 0.0000e+00
        464 243.466723    0.03218     1.9310    115.858      3.028  45766.783    29.1391    12.5664      3.000    12.5653    21.9386     5.7976     8.2853     93.442    253.362    258.921    0.00115    6.20453    8.86689  271.14550    12.5660   14.10973 2.7566e+02     0.2605     0.3702 0.0000e+00
        468 243.466734    0.03245     1.9472    116.832      4.038  45767.871    29.1394    12.5651      4.000    12.5630    21.9391     5.8000     8.2888     93.478    253.468    259.029    0.00097    6.20469    8.86713  271.15276    12.5645   14.11007 2.2400e+02     0.3257     0.3639 0.0000e+00
        472 243.466746    0.03273     1.9638    117.831      5.047  45771.257    29.1410    12.5601      5.000    12.5537    21.9413     5.8003     8.2893     93.474    253.480    259.042    0.00059    6.20527    8.86795  271.17733    12.5595   14.11125 1.9462e+02     0.3590     0.3612 0.0000e+00
        477 243.466758    0.03304     1.9821    118.923      6.056  45784.809    29.1490    12.5463      6.000    12.5389    21.9500     5.7969     8.2844     93.396    253.329    258.890   -0.00015    6.20677    8.87009  271.24043    12.5455   14.11424 1.6616e+02     0.3641     0.3557 0.0000e+00
        481 243.466770    0.03331     1.9990    119.941      7.067  45799.792    29.1581    12.5339      7.000    12.5280    21.9594     5.7935     8.2794     93.322    253.176    258.736   -0.00078    6.20802    8.87188  271.29281    12.5331   14.11672 1.3060e+02     0.4094     0.3490 0.0000e+00
        484 243.466781    0.03356     2.0140    120.839      8.076  45811.207    29.1650    12.5255      8.000    12.5209    21.9664     5.7974     8.2851     93.374    253.348    258.913   -0.00033    6.20886    8.87307  271.32727    12.5245   14.11834 1.0508e+02     0.4576     0.3555 0.0000e+00
        488 243.466792    0.03383     2.0300    121.802      9.085  45821.144    29.1711    12.5196      9.000    12.5153    21.9722     5.8006     8.2896     93.416    253.484    259.054    0.00001    6.20939    8.87383  271.34919    12.5184   14.11937 8.4691e+01     0.5059     0.3695 0.0000e+00
        493 243.466805    0.03414     2.0484    122.901     10.094  45839.779    29.1832    12.5119     10.000    12.5060    21.9830     5.8005     8.2895     93.408    253.479    259.052   -0.00008    6.20991    8.87458  271.36905    12.5107   14.12027 7.1552e+01     0.5231     0.3721 0.0000e+00
        497 243.466816    0.03442     2.0650    123.900     11.105  45866.523    29.2009    12.5024     11.000    12.4947    21.9985     5.7954     8.2823     93.317    253.252    258.824   -0.00070    6.21047    8.87540  271.38982    12.5009   14.12120 6.1553e+01     0.5368     0.3784 0.0000e+00
        500 243.466827    0.03466     2.0799    124.797     12.114  45904.721    29.2264    12.4906     12.000    12.4820    22.0205     5.7916     8.2767     93.247    253.079    258.652   -0.00111    6.21102    8.87617  271.40777    12.4890   14.12196 4.9829e+01     0.5475     0.3775 0.0000e+00
        504 243.466837    0.03493     2.0961    125.767     13.123  45991.296    29.2859    12.4760     13.000    12.4650    22.0692     5.7897     8.2740     93.222    252.981    258.565   -0.00104    6.21061    8.87558  271.37672    12.4743   14.12023 4.2250e+01     0.5958     0.3613 0.0000e+00
        508 243.466850    0.03524     2.1142    126.851     14.133  46146.200    29.3931    12.4557     14.000    12.4450    22.1559     5.7907     8.2754     93.261    253.005    258.611   -0.00058    6.20909    8.87341  271.28723    12.4539   14.11551 3.5264e+01     0.7036     0.3467 0.0000e+00
        513 243.466863    0.03554     2.1323    127.936     15.143  46288.719    29.4918    12.4376     15.000    12.4301    22.2357     5.8024     8.2922     93.473    253.500    259.136    0.00079    6.20759    8.87127  271.20090    12.4357   14.11098 2.9597e+01     0.9134     0.3456 0.0000e+00
        517 243.466874    0.03580     2.1483    128.896     16.152  46403.428    29.5722    12.4336     16.000    12.4469    22.2987     5.8252     8.3247     93.879    254.476    260.151    0.00303    6.20499    8.86756  271.07067    12.4316   14.10442 2.4850e+01     1.0946     0.3900 0.0000e+00
        520 243.466884    0.03605     2.1633    129.796     17.161  46594.408    29.7112    12.4824     17.000    12.5298    22.3973     5.8488     8.3586     94.440    255.487    261.209    0.00567    6.19325    8.85078  270.53158    12.4802   14.07801 2.0299e+01     1.2791     0.4914 0.0000e+00
        524 243.466896    0.03634     2.1801    130.805     18.170  46800.956    29.8641    12.5618     18.000    12.5377    22.5008     5.8963     8.4264     95.456    257.533    263.328    0.01020    6.17700    8.82755  269.79406    12.5596   14.04203 1.6271e+01     1.7822     0.4015 0.0000e+00
        529 243.466910    0.03667     2.2001    132.007     19.180  46964.060    29.9696    12.4561     19.000    12.3834    22.6022     5.9788     8.5443     96.640    261.110    267.012    0.01443    6.18663    8.84131  270.18796    12.4537   14.06050 1.2976e+01     2.2045     0.3232 0.0000e+00
        533 243.466922    0.03697     2.2187    133.120     20.189  47063.721    30.0255    12.3012     20.000    12.2225    22.6742     5.9775     8.5424     96.339    261.034    266.953    0.00818    6.20465    8.86706  270.95600    12.2986   14.09711 1.0515e+01     2.0046     0.2908 0.0000e+00
        538 243.466935    0.03726     2.2358    134.147     21.199  47160.027    30.0779    12.1373     21.000    12.0416    22.7448     5.9282     8.4720     95.248    258.865    264.753   -0.00180    6.22410    8.89485  271.78635    12.1347   14.13672 8.5928e+00     1.7308     0.2668 0.0000e+00
        542 243.466948    0.03759     2.2553    135.317     22.209  47320.684    30.1698    11.9159     22.000    11.8326    22.8563     5.8677     8.3856     93.890    256.196    262.052   -0.00986    6.24971    8.93147  272.87529    11.9131   14.18855 7.1571e+00     1.3809     0.2526 0.0000e+00
        548 243.466964    0.03797     2.2781    136.684     23.218  47471.781    30.2590    11.7397     23.000    11.6972    22.9572     5.7812     8.2619     92.212    252.395    258.189   -0.01635    6.26958    8.95986  273.71578    11.7369   14.22848 6.1770e+00     1.0860     0.2423 0.0000e+00
        553 243.466980    0.03836     2.3021    138.124     24.228  47545.029    30.3000    11.6371     24.000    11.5947    23.0074     5.7262     8.1832     91.157    249.978    255.730   -0.01617    6.28167    8.97713  274.22980    11.6341   14.25295 5.2376e+00     0.9545     0.2493 0.0000e+00
        559 243.466997    0.03875     2.3253    139.516     25.238  47629.109    30.3479    11.5279     25.000    11.4967    23.0640     5.6909     8.1329     90.413    248.426    254.156   -0.01418    6.29440    8.99532  274.77033    11.5249   14.27865 4.5802e+00     0.7371     0.2168 0.0000e+00
        566 243.467018    0.03926     2.3553    141.315     26.247  47694.723    30.3861    11.4524     26.000    11.4350    23.1070     5.6309     8.0471     89.337    245.797    251.477   -0.01342    6.30302    9.00765  275.13549    11.4493   14.29599 4.0261e+00     0.5257     0.1869 0.0000e+00
        572 243.467035    0.03966     2.3801    142.805     27.257  47729.733    30.4044    11.3945     27.000    11.3585    23.1314     5.6014     8.0050     88.769    244.505    250.160   -0.01122    6.31011    9.01777  275.43793    11.3912   14.31042 3.5406e+00     0.4624     0.1805 0.0000e+00
        578 243.467053    0.04010     2.4061    144.365     28.266  47802.705    30.4472    11.3153     28.000    11.3001    23.1786     5.5706     7.9609     88.155    243.146    248.782   -0.00994    6.31909    9.03060  275.81718    11.3120   14.32841 3.1572e+00     0.3425     0.1795 0.0000e+00
        587 243.467076    0.04066     2.4398    146.388     29.276  47830.454    30.4632    11.2852     29.000    11.2783    23.1963     5.5388     7.9155     87.605    241.755    247.362   -0.00773    6.32251    9.03550  275.96196    11.2818   14.33528 2.7824e+00     0.2606     0.1753 0.0000e+00
        593 243.467095    0.04110     2.4660    147.960     30.285  47838.563    30.4675    11.2755     30.000    11.2690    23.2014     5.5330     7.9072     87.497    241.502    247.105   -0.00511    6.32366    9.03714  276.01071    11.2719   14.33760 2.4856e+00     0.2725     0.1779 0.0000e+00
        601 243.467118    0.04168     2.5005    150.031     31.295  47852.798    30.4750    11.2550     31.000    11.2425    23.2108     5.5243     7.8948     87.325    241.120    246.717   -0.00331    6.32614    9.04068  276.11637    11.2513   14.34263 2.2014e+00     0.2876     0.1819 0.0000e+00
        608 243.467139    0.04216     2.5300    151.798     32.304  47880.471    30.4902    11.2185     32.000    11.2005    23.2290     5.5126     7.8780     87.080    240.602    246.191   -0.00318    6.33048    9.04689  276.30117    11.2147   14.35142 1.9554e+00     0.2553     0.1881 0.0000e+00
        616 243.467160    0.04268     2.5608    153.648     33.314  47922.872    30.5147    11.1706     33.000    11.1588    23.2563     5.4969     7.8556     86.757    239.913    245.492   -0.00348    6.33601    9.05479  276.53483    11.1667   14.36252 1.7334e+00     0.1863     0.1738 0.0000e+00
        624 243.467183    0.04323     2.5938    155.631     34.324  47945.611    30.5275    11.1447     34.000    11.1327    23.2708     5.4827     7.8353     86.491    239.289    244.857   -0.00318    6.33902    9.05909  276.66239    11.1407   14.36857 1.5396e+00     0.1692     0.1815 0.0000e+00
        631 243.467205    0.04375     2.6249    157.497     35.333  47973.727    30.5434    11.1123     35.000    11.1021    23.2889     5.4724     7.8207     86.278    238.836    244.399   -0.00285    6.34278    9.06447  276.82190    11.1082   14.37614 1.3754e+00     0.1568     0.1833 0.0000e+00
        638 243.467225    0.04423     2.6538    159.228     36.343  47987.287    30.5510    11.0981     36.000    11.0907    23.2972     5.4678     7.8141     86.183    238.633    244.193   -0.00213    6.34442    9.06681  276.89102    11.0939   14.37943 1.2372e+00     0.1534     0.1784 0.0000e+00
        645 243.467247    0.04475     2.6852    161.111     37.352  48004.534    30.5604    11.0760     37.000    11.0591    23.3084     5.4621     7.8059     86.057    238.381    243.938   -0.00179    6.34705    9.07057  277.00286    11.0717   14.38475 1.1127e+00     0.1430     0.1783 0.0000e+00
        652 243.467266    0.04521     2.7126    162.759     38.362  48045.694    30.5845    11.0347     38.000    11.0194    23.3343     5.4493     7.7876     85.792    237.815    243.364   -0.00257    6.35172    9.07725  277.19969    11.0302   14.39407 1.0037e+00     0.1617     0.1827 0.0000e+00
        659 243.467287    0.04571     2.7429    164.573     39.372  48091.465    30.6110    10.9856     39.000    10.9647    23.3633     5.4402     7.7746     85.574    237.413    242.960   -0.00260    6.35737    9.08531  277.43800    10.9811   14.40538 9.0764e-01     0.1540     0.1833 0.0000e+00
        666 243.467306    0.04618     2.7708    166.247     40.382  48142.309    30.6410    10.9355     40.000    10.9178    23.3953     5.4334     7.7649     85.391    237.109    242.657   -0.00254    6.36303    9.09340  277.67626    10.9308   14.41667 8.1748e-01     0.1397     0.1752 0.0000e+00
        673 243.467326    0.04665     2.7990    167.938     41.391  48180.224    30.6634    10.8999     41.000    10.8872    23.4188     5.4288     7.7582     85.264    236.901    242.449   -0.00218    6.36701    9.09908  277.84370    10.8951   14.42460 7.3722e-01     0.1365     0.1817 0.0000e+00
        680 243.467346    0.04713     2.8281    169.688     42.401  48203.793    30.6772    10.8782     42.000    10.8704    23.4333     5.4228     7.7497     85.137    236.636    242.181   -0.00191    6.36942    9.10254  277.94503    10.8733   14.42939 6.6411e-01     0.1341     0.1977 0.0000e+00
        686 243.467365    0.04758     2.8550    171.302     43.411  48211.272    30.6814    10.8722     43.000    10.8679    23.4376     5.4161     7.7402     85.024    236.344    241.883   -0.00181    6.37007    9.10347  277.97245    10.8672   14.43069 6.0404e-01     0.1181     0.1897 0.0000e+00
        693 243.467384    0.04805     2.8830    172.979     44.420  48207.394    30.6787    10.8763     44.000    10.8713    23.4348     5.4175     7.7422     85.053    236.406    241.946   -0.00088    6.36961    9.10282  277.95323    10.8713   14.42978 5.5090e-01     0.1485     0.1964 0.0000e+00
        700 243.467404    0.04853     2.9119    174.712     45.429  48216.099    30.6835    10.8683     45.000    10.8541    23.4399     5.4134     7.7362     84.975    236.223    241.760   -0.00094    6.37052    9.10411  277.99147    10.8631   14.43159 5.0381e-01     0.1721     0.1978 0.0000e+00
        706 243.467422    0.04896     2.9374    176.247     46.439  48262.497    30.7118    10.8320     46.000    10.8154    23.4681     5.4051     7.7245     84.795    235.858    241.392   -0.00164    6.37437    9.10961  278.15145    10.8267   14.43914 4.6257e-01     0.1410     0.1979 0.0000e+00
        713 243.467441    0.04943     2.9656    177.937     47.449  48301.834    30.7357    10.8019     47.000    10.7902    23.4920     5.4022     7.7202     84.705    235.722    241.259   -0.00149    6.37754    9.11414  278.28352    10.7965   14.44537 4.2375e-01     0.1511     0.2011 0.0000e+00
        719 243.467461    0.04989     2.9933    179.600     48.458  48330.471    30.7529    10.7789     48.000    10.7597    23.5092     5.4033     7.7219     84.692    235.770    241.313   -0.00094    6.38001    9.11767  278.38659    10.7734   14.45023 3.8668e-01     0.1373     0.1987 0.0000e+00
        726 243.467479    0.05033     3.0199    181.196     49.468  48391.497    30.7896    10.7269     49.000    10.7039    23.5466     5.3962     7.7118     84.505    235.453    240.998   -0.00169    6.38569    9.12579  278.62434    10.7213   14.46147 3.5348e-01     0.1388     0.1847 0.0000e+00
