CTD-processing/allCTD/CNV/2016_12-13_t9_s05_cast191_5028.cnv
* Sea-Bird SBE19plus Data File:
* FileName = P:\My Documents\kasitsna\Research-KBL\Oceanography-AK\CTD-Data-ALL-to-2016-05\2016-CTD-KachemakBay-CookInlet\2016-12-CookInlet-quarterly\2016-12-13-CookInlet-Tran9-HomerSpit\2016-12-13-CookInlet-Tran9-cast191.hex
* Software Version 1.59
* Temperature SN =  5028
* Conductivity SN =  5028
* System UpLoad Time = Jan 04 2017 19:28:23
** Cook Inlet LTM Tran 9 south to north
** Date: (YYYY-MM-DD): 2016-12-13
** Station: (eg. 9-01): 9-05
** Start time (AKST): 17:08
** Depth (m): 94.5
** Comment: R/V Alaska Dream Catcher. CTD on AKDT (1 hr ahead).
** Comment:
# nquan = 27
# nvalues = 94                          
# units = specified
# name 0 = scan: Scan Count
# name 1 = timeJ: Julian Days
# name 2 = timeH: Time, Elapsed [hours]
# name 3 = timeM: Time, Elapsed [minutes]
# name 4 = timeS: Time, Elapsed [seconds]
# name 5 = prdM: Pressure, Strain Gauge [db]
# name 6 = specc: Specific Conductance [uS/cm]
# name 7 = sal00: Salinity, Practical [PSU]
# name 8 = tv290C: Temperature [ITS-90, deg C]
# name 9 = depSM: Depth [salt water, m], lat = 59.00
# name 10 = potemp090C: Potential Temperature [ITS-90, deg C]
# name 11 = sigma-é00: Density [sigma-theta, kg/m^3]
# name 12 = sbeox0ML/L: Oxygen, SBE 43 [ml/l]
# name 13 = sbeox0Mg/L: Oxygen, SBE 43 [mg/l]
# name 14 = sbeox0PS: Oxygen, SBE 43 [% saturation]
# name 15 = sbox0Mm/Kg: Oxygen, SBE 43 [umol/kg]
# name 16 = sbeox0Mm/L: Oxygen, SBE 43 [umol/l]
# name 17 = sbox0dV/dT: Oxygen, SBE 43 [dov/dt]
# name 18 = oxsolML/L: Oxygen Saturation, Garcia & Gordon [ml/l]
# name 19 = oxsolMg/L: Oxygen Saturation, Garcia & Gordon [mg/l]
# name 20 = oxsolMm/Kg: Oxygen Saturation, Garcia & Gordon [umol/kg]
# name 21 = potemp090C: Potential Temperature [ITS-90, deg C]
# name 22 = n2satMg/L: Nitrogen Saturation [mg/l]
# name 23 = par: PAR/Irradiance, Biospherical/Licor
# name 24 = flECO-AFL: Fluorescence, WET Labs ECO-AFL/FL [mg/m^3]
# name 25 = turbWETntu0: Turbidity, WET Labs ECO [NTU]
# name 26 = flag: flag
# span 0 =        102,        689       
# span 1 = 348.756810, 348.758506       
# span 2 =    0.00704,    0.04776       
# span 3 =     0.4224,     2.8655       
# span 4 =     25.342,    171.930       
# span 5 =      1.009,     94.909       
# span 6 =  48397.426,  50289.627       
# span 7 =    30.2627,    31.5558       
# span 8 =     6.3612,     7.0386       
# span 9 =      1.000,     94.000       
# span 10 =     6.4284,     7.0303      
# span 11 =    23.7666,    24.7327      
# span 12 =     6.0061,     6.1279      
# span 13 =     8.5834,     8.7573      
# span 14 =     84.887,     88.439      
# span 15 =    262.058,    267.086      
# span 16 =    268.235,    273.670      
# span 17 =   -0.00077,    0.01597      
# span 18 =    6.89960,    7.07506      
# span 19 =    9.86022,   10.11097      
# span 20 =  300.70783,  308.69187      
# span 21 =     6.3612,     7.0302      
# span 22 =   15.51357,   15.89935      
# span 23 = 3.9917e-02, 4.9589e-02      
# span 24 =     0.0631,     0.1235      
# span 25 =     0.6517,     2.4929      
# span 26 = 0.0000e+00, 0.0000e+00      
# interval = meters: 1                  
# start_time = Dec 13 2016 18:09:23 [Instrument's time stamp, header]
# bad_flag = -9.990e-29
*END*
[from data line 54]
        525 348.758033    0.03640     2.1837    131.022     55.526  50161.203    31.4392     6.7027     55.000     6.7007    24.6539     6.1270     8.7561     88.048    267.050    273.634   -0.00005    6.95877    9.94479  303.30130     6.6980   15.63772 4.1571e-02     0.0835     0.6880 0.0000e+00
        529 348.758045    0.03668     2.2009    132.053     56.537  50166.445    31.4436     6.7094     56.000     6.7089    24.6565     6.1250     8.7532     88.034    266.959    273.541   -0.00018    6.95750    9.94296  303.24493     6.7046   15.63501 4.1581e-02     0.0824     0.6973 0.0000e+00
        533 348.758057    0.03697     2.2183    133.101     57.546  50170.923    31.4480     6.7191     57.000     6.7193    24.6587     6.1245     8.7525     88.049    266.937    273.519   -0.00012    6.95572    9.94042  303.16682     6.7142   15.63127 4.1544e-02     0.0799     0.6606 0.0000e+00
        538 348.758069    0.03727     2.2365    134.191     58.555  50173.332    31.4511     6.7299     58.000     6.7299    24.6599     6.1239     8.7516     88.064    266.909    273.491   -0.00003    6.95384    9.93773  303.08429     6.7250   15.62732 4.1528e-02     0.0854     0.6517 0.0000e+00
        542 348.758082    0.03757     2.2541    135.249     59.565  50180.329    31.4577     6.7418     59.000     6.7436    24.6635     6.1225     8.7497     88.074    266.851    273.432   -0.00006    6.95161    9.93454  302.98605     6.7368   15.62261 4.1596e-02     0.0868     0.6667 0.0000e+00
        546 348.758093    0.03786     2.2712    136.271     60.575  50184.657    31.4627     6.7560     60.000     6.7584    24.6657     6.1256     8.7541     88.149    266.982    273.567    0.00032    6.94910    9.93096  302.87616     6.7508   15.61735 4.1695e-02     0.0876     0.6943 0.0000e+00
        550 348.758106    0.03815     2.2890    137.343     61.584  50193.835    31.4719     6.7741     61.000     6.7788    24.6706     6.1249     8.7530     88.180    266.949    273.535    0.00038    6.94578    9.92621  302.72984     6.7688   15.61034 4.1682e-02     0.0926     0.7015 0.0000e+00
        555 348.758118    0.03845     2.3072    138.435     62.594  50194.916    31.4760     6.7952     62.000     6.7979    24.6711     6.1230     8.7504     88.200    266.868    273.452    0.00032    6.94219    9.92108  302.57322     6.7898   15.60285 4.1798e-02     0.0977     0.7033 0.0000e+00
        559 348.758130    0.03873     2.3239    139.433     63.604  50199.339    31.4815     6.8110     63.000     6.8138    24.6734     6.1216     8.7483     88.214    266.806    273.389    0.00028    6.93939    9.91708  302.45069     6.8056   15.59699 4.2080e-02     0.0966     0.7245 0.0000e+00
        563 348.758142    0.03901     2.3407    140.443     64.613  50206.834    31.4893     6.8284     64.000     6.8329    24.6773     6.1201     8.7463     88.234    266.742    273.325    0.00025    6.93624    9.91259  302.31245     6.8229   15.59036 4.1846e-02     0.0889     0.7428 0.0000e+00
        567 348.758154    0.03931     2.3587    141.521     65.624  50219.635    31.5022     6.8536     65.000     6.8603    24.6843     6.1170     8.7418     88.248    266.604    273.185    0.00022    6.93161    9.90597  302.10846     6.8479   15.58058 4.1764e-02     0.0750     0.7844 0.0000e+00
        571 348.758166    0.03960     2.3762    142.572     66.633  50210.633    31.4994     6.8752     66.000     6.8741    24.6792     6.1142     8.7378     88.250    266.484    273.061    0.00012    6.92827    9.90119  301.96413     6.8695   15.57371 4.1736e-02     0.0690     0.8317 0.0000e+00
        575 348.758178    0.03988     2.3927    143.563     67.643  50199.948    31.4925     6.8812     67.000     6.8737    24.6731     6.1120     8.7347     88.227    266.391    272.964   -0.00007    6.92762    9.90028  301.93817     6.8753   15.57250 4.1712e-02     0.0691     0.8721 0.0000e+00
        579 348.758190    0.04016     2.4096    144.573     68.653  50226.194    31.5103     6.8813     68.000     6.8901    24.6871     6.1057     8.7258     88.147    266.114    272.684   -0.00054    6.92680    9.89909  301.89800     6.8753   15.57051 4.1655e-02     0.0741     0.8705 0.0000e+00
        584 348.758202    0.04046     2.4274    145.647     69.663  50276.665    31.5531     6.9271     69.000     6.9499    24.7148     6.1000     8.7176     88.183    265.857    272.428   -0.00039    6.91751    9.88582  301.48496     6.9212   15.55064 4.1591e-02     0.0796     0.8685 0.0000e+00
        588 348.758214    0.04075     2.4450    146.701     70.672  50261.847    31.5515     6.9787     70.000     6.9867    24.7069     6.1103     8.7322     88.435    266.305    272.885    0.00116    6.90936    9.87417  301.13226     6.9725   15.53382 4.1545e-02     0.0802     0.9059 0.0000e+00
        592 348.758225    0.04103     2.4618    147.709     71.682  50258.197    31.5530     7.0048     71.000     7.0062    24.7047     6.1068     8.7273     88.439    266.156    272.731    0.00095    6.90512    9.86810  300.94779     6.9986   15.52502 4.1557e-02     0.0755     0.9460 0.0000e+00
        596 348.758238    0.04132     2.4789    148.734     72.692  50251.607    31.5500     7.0162     72.000     7.0124    24.7008     6.1004     8.7181     88.368    265.877    272.445    0.00022    6.90344    9.86571  300.87595     7.0098   15.52161 4.1543e-02     0.0820     1.0026 0.0000e+00
        600 348.758250    0.04162     2.4968    149.806     73.702  50249.806    31.5490     7.0204     73.000     7.0146    24.6995     6.0971     8.7133     88.328    265.732    272.296   -0.00013    6.90280    9.86480  300.84854     7.0140   15.52030 4.1533e-02     0.0910     1.0033 0.0000e+00
        604 348.758262    0.04190     2.5142    150.853     74.712  50249.835    31.5488     7.0215     74.000     7.0152    24.6992     6.0947     8.7099     88.295    265.629    272.190   -0.00033    6.90265    9.86457  300.84148     7.0150   15.51997 4.1521e-02     0.0846     0.9926 0.0000e+00
        609 348.758274    0.04219     2.5313    151.875     75.722  50250.638    31.5490     7.0219     75.000     7.0154    24.6993     6.0912     8.7050     88.246    265.478    272.035   -0.00058    6.90258    9.86447  300.83864     7.0153   15.51983 4.1511e-02     0.0828     1.0132 0.0000e+00
        613 348.758286    0.04248     2.5486    152.914     76.731  50251.589    31.5492     7.0222     76.000     7.0157    24.6995     6.0883     8.7008     88.205    265.351    271.906   -0.00072    6.90252    9.86439  300.83595     7.0155   15.51971 4.1491e-02     0.0838     1.0168 0.0000e+00
        617 348.758298    0.04277     2.5659    153.956     77.741  50253.681    31.5503     7.0229     77.000     7.0168    24.7003     6.0889     8.7015     88.214    265.372    271.927   -0.00057    6.90236    9.86417  300.82895     7.0161   15.51937 4.1458e-02     0.0791     1.0215 0.0000e+00
        621 348.758310    0.04306     2.5835    155.007     78.751  50257.178    31.5527     7.0252     78.000     7.0201    24.7019     6.0886     8.7012     88.216    265.360    271.915   -0.00042    6.90187    9.86347  300.80721     7.0184   15.51832 4.1473e-02     0.0831     1.0456 0.0000e+00
        625 348.758322    0.04334     2.6006    156.037     79.760  50257.921    31.5534     7.0288     79.000     7.0229    24.7019     6.0882     8.7006     88.218    265.343    271.897   -0.00039    6.90128    9.86261  300.78113     7.0218   15.51708 4.1455e-02     0.0862     1.0780 0.0000e+00
        629 348.758334    0.04363     2.6178    157.069     80.771  50258.576    31.5537     7.0310     80.000     7.0248    24.7020     6.0900     8.7033     88.250    265.425    271.981   -0.00014    6.90092    9.86211  300.76552     7.0239   15.51633 4.1431e-02     0.0898     1.0969 0.0000e+00
        634 348.758347    0.04393     2.6358    158.149     81.780  50259.738    31.5544     7.0328     81.000     7.0264    24.7022     6.0877     8.6999     88.220    265.322    271.876   -0.00030    6.90059    9.86164  300.75134     7.0257   15.51565 4.1426e-02     0.1051     1.1584 0.0000e+00
        638 348.758359    0.04423     2.6536    159.217     82.791  50261.001    31.5551     7.0345     82.000     7.0280    24.7026     6.0875     8.6997     88.222    265.315    271.870   -0.00033    6.90028    9.86119  300.73769     7.0273   15.51500 4.1428e-02     0.1235     1.3276 0.0000e+00
        642 348.758371    0.04451     2.6706    160.237     83.801  50261.080    31.5550     7.0358     83.000     7.0287    24.7023     6.0914     8.7052     88.280    265.484    272.041    0.00003    6.90009    9.86093  300.72957     7.0285   15.51461 4.1404e-02     0.1160     1.5406 0.0000e+00
        646 348.758383    0.04480     2.6880    161.279     84.810  50261.745    31.5550     7.0362     84.000     7.0289    24.7023     6.0910     8.7047     88.276    265.469    272.026   -0.00002    6.90003    9.86083  300.72665     7.0288   15.51447 4.1383e-02     0.0949     1.6457 0.0000e+00
        650 348.758395    0.04509     2.7056    162.337     85.820  50262.907    31.5554     7.0367     85.000     7.0295    24.7026     6.0867     8.6984     88.214    265.278    271.831   -0.00043    6.89993    9.86069  300.72214     7.0292   15.51425 4.1377e-02     0.1028     1.7166 0.0000e+00
        655 348.758407    0.04539     2.7233    163.396     86.830  50263.651    31.5556     7.0374     86.000     7.0299    24.7026     6.0823     8.6922     88.152    265.087    271.635   -0.00072    6.89981    9.86052  300.71713     7.0298   15.51402 4.1371e-02     0.0869     1.8415 0.0000e+00
        659 348.758419    0.04568     2.7410    164.461     87.840  50264.173    31.5556     7.0378     87.000     7.0301    24.7026     6.0803     8.6894     88.124    265.000    271.546   -0.00077    6.89975    9.86043  300.71435     7.0301   15.51388 4.1371e-02     0.0885     2.0141 0.0000e+00
        663 348.758432    0.04597     2.7584    165.503     88.850  50264.801    31.5556     7.0379     88.000     7.0301    24.7026     6.0834     8.6938     88.168    265.134    271.684   -0.00038    6.89973    9.86041  300.71356     7.0301   15.51384 4.1357e-02     0.0817     1.9944 0.0000e+00
        667 348.758443    0.04626     2.7753    166.520     89.859  50265.424    31.5556     7.0380     89.000     7.0301    24.7026     6.0832     8.6935     88.166    265.128    271.677   -0.00031    6.89972    9.86039  300.71314     7.0301   15.51382 4.1334e-02     0.0916     2.0093 0.0000e+00
        671 348.758456    0.04654     2.7924    167.542     90.869  50266.002    31.5555     7.0381     90.000     7.0301    24.7026     6.0820     8.6919     88.149    265.076    271.624   -0.00042    6.89971    9.86037  300.71254     7.0301   15.51379 4.1344e-02     0.1023     1.9951 0.0000e+00
        675 348.758468    0.04684     2.8104    168.621     91.879  50266.654    31.5555     7.0382     91.000     7.0301    24.7025     6.0861     8.6977     88.209    265.253    271.805   -0.00005    6.89970    9.86035  300.71198     7.0301   15.51377 4.1372e-02     0.0986     2.0441 0.0000e+00
        680 348.758481    0.04715     2.8290    169.742     92.889  50267.533    31.5557     7.0382     92.000     7.0301    24.7027     6.0880     8.7004     88.237    265.338    271.892    0.00010    6.89967    9.86031  300.71086     7.0301   15.51371 4.1331e-02     0.0888     2.2042 0.0000e+00
        684 348.758493    0.04744     2.8467    170.803     93.900  50268.288    31.5558     7.0384     93.000     7.0302    24.7027     6.0855     8.6969     88.201    265.230    271.782   -0.00019    6.89964    9.86027  300.70955     7.0302   15.51365 4.1306e-02     0.0828     2.3390 0.0000e+00
        689 348.758506    0.04776     2.8655    171.930     94.909  50269.035    31.5558     7.0386     94.000     7.0303    24.7028     6.0822     8.6920     88.152    265.080    271.628   -0.00048    6.89960    9.86022  300.70783     7.0302   15.51357 4.1308e-02     0.0874     2.4929 0.0000e+00
