CTD-processing/allCTD/CNV/2016_12-13_t9_s09_cast195_5028.cnv
* Sea-Bird SBE19plus Data File:
* FileName = P:\My Documents\kasitsna\Research-KBL\Oceanography-AK\CTD-Data-ALL-to-2016-05\2016-CTD-KachemakBay-CookInlet\2016-12-CookInlet-quarterly\2016-12-13-CookInlet-Tran9-HomerSpit\2016-12-13-CookInlet-Tran9-cast195.hex
* Software Version 1.59
* Temperature SN =  5028
* Conductivity SN =  5028
* System UpLoad Time = Jan 04 2017 19:32:09
** Cook Inlet LTM Tran 9 south to north
** Date: (YYYY-MM-DD): 2016-12-13
** Station: (eg. 9-01): 9-09
** Start time (AKST): 18:01
** Depth (m): 79.6
** Comment: R/V Alaska Dream Catcher. CTD on AKDT (1 hr ahead).
** Comment:
# nquan = 27
# nvalues = 76                          
# units = specified
# name 0 = scan: Scan Count
# name 1 = timeJ: Julian Days
# name 2 = timeH: Time, Elapsed [hours]
# name 3 = timeM: Time, Elapsed [minutes]
# name 4 = timeS: Time, Elapsed [seconds]
# name 5 = prdM: Pressure, Strain Gauge [db]
# name 6 = specc: Specific Conductance [uS/cm]
# name 7 = sal00: Salinity, Practical [PSU]
# name 8 = tv290C: Temperature [ITS-90, deg C]
# name 9 = depSM: Depth [salt water, m], lat = 59.00
# name 10 = potemp090C: Potential Temperature [ITS-90, deg C]
# name 11 = sigma-é00: Density [sigma-theta, kg/m^3]
# name 12 = sbeox0ML/L: Oxygen, SBE 43 [ml/l]
# name 13 = sbeox0Mg/L: Oxygen, SBE 43 [mg/l]
# name 14 = sbeox0PS: Oxygen, SBE 43 [% saturation]
# name 15 = sbox0Mm/Kg: Oxygen, SBE 43 [umol/kg]
# name 16 = sbeox0Mm/L: Oxygen, SBE 43 [umol/l]
# name 17 = sbox0dV/dT: Oxygen, SBE 43 [dov/dt]
# name 18 = oxsolML/L: Oxygen Saturation, Garcia & Gordon [ml/l]
# name 19 = oxsolMg/L: Oxygen Saturation, Garcia & Gordon [mg/l]
# name 20 = oxsolMm/Kg: Oxygen Saturation, Garcia & Gordon [umol/kg]
# name 21 = potemp090C: Potential Temperature [ITS-90, deg C]
# name 22 = n2satMg/L: Nitrogen Saturation [mg/l]
# name 23 = par: PAR/Irradiance, Biospherical/Licor
# name 24 = flECO-AFL: Fluorescence, WET Labs ECO-AFL/FL [mg/m^3]
# name 25 = turbWETntu0: Turbidity, WET Labs ECO [NTU]
# name 26 = flag: flag
# span 0 =        148,        639       
# span 1 = 348.793516, 348.794937       
# span 2 =    0.01021,    0.04431       
# span 3 =     0.6126,     2.6585       
# span 4 =     36.753,    159.512       
# span 5 =      1.009,     76.732       
# span 6 =  48294.863,  50376.588       
# span 7 =    30.0495,    31.4973       
# span 8 =     5.5593,     6.6559       
# span 9 =      1.000,     76.000       
# span 10 =     5.5897,     6.6487      
# span 11 =    23.6905,    24.7490      
# span 12 =     6.0323,     6.3999      
# span 13 =     8.6207,     9.1461      
# span 14 =     83.541,     91.496      
# span 15 =    263.216,    278.915      
# span 16 =    269.400,    285.817      
# span 17 =   -0.00674,    0.01089      
# span 18 =    6.96804,    7.22082      
# span 19 =    9.95804,   10.31928      
# span 20 =  303.71193,  315.07808      
# span 21 =     5.5592,     6.6493      
# span 22 =   15.65745,   16.20431      
# span 23 = 3.7976e-02, 4.5486e-02      
# span 24 =     0.0852,     0.1270      
# span 25 =     0.8593,     3.3106      
# span 26 = 0.0000e+00, 0.0000e+00      
# interval = meters: 1                  
# start_time = Dec 13 2016 19:02:03 [Instrument's time stamp, header]
# bad_flag = -9.990e-29
*END*
[from data line 54]
        549 348.794676    0.03806     2.2838    137.030     55.526  49963.804    31.0934     5.6020     55.000     5.5984    24.5136     6.3671     9.0992     88.961    277.550    284.354    0.00035    7.15717   10.22831  311.99110     5.5978   16.05320 3.7976e-02     0.1049     0.9233 0.0000e+00
        553 348.794688    0.03835     2.3010    138.061     56.536  49974.209    31.1011     5.6071     56.000     5.6084    24.5192     6.3649     9.0960     88.945    277.452    284.254    0.00008    7.15595   10.22656  311.93630     5.6028   16.05056 3.7976e-02     0.1062     0.9296 0.0000e+00
        557 348.794700    0.03862     2.3174    139.043     57.546  49968.130    31.0984     5.6169     57.000     5.6137    24.5159     6.3648     9.0959     88.964    277.451    284.253    0.00011    7.15440   10.22435  311.86978     5.6126   16.04740 3.7976e-02     0.1097     0.9141 0.0000e+00
        561 348.794712    0.03891     2.3344    140.065     58.556  49963.944    31.0951     5.6170     58.000     5.6113    24.5133     6.3655     9.0969     88.972    277.482    284.283    0.00008    7.15454   10.22456  311.87691     5.6126   16.04776 3.7976e-02     0.0971     0.9063 0.0000e+00
        566 348.794724    0.03922     2.3527    141.161     59.565  49964.327    31.0944     5.6144     59.000     5.6081    24.5130     6.3645     9.0956     88.952    277.440    284.241   -0.00011    7.15502   10.22524  311.89765     5.6100   16.04875 3.7976e-02     0.1145     0.9186 0.0000e+00
        570 348.794736    0.03950     2.3700    142.201     60.575  49965.124    31.0936     5.6104     60.000     5.6048    24.5129     6.3636     9.0941     88.930    277.396    284.196   -0.00026    7.15574   10.22626  311.92898     5.6058   16.05024 3.7976e-02     0.1031     0.9110 0.0000e+00
        574 348.794747    0.03978     2.3868    143.205     61.585  49969.263    31.0959     5.6099     61.000     5.6060    24.5148     6.3627     9.0930     88.919    277.361    284.160   -0.00033    7.15570   10.22622  311.92697     5.6053   16.05014 3.7976e-02     0.1191     0.9097 0.0000e+00
        578 348.794761    0.04008     2.4049    144.293     62.595  49967.018    31.0940     5.6104     62.000     5.6049    24.5132     6.3648     9.0959     88.946    277.449    284.249   -0.00017    7.15571   10.22623  311.92773     5.6057   16.05018 3.7976e-02     0.1221     0.9063 0.0000e+00
        582 348.794773    0.04038     2.4229    145.375     63.604  49970.979    31.0960     5.6097     63.000     5.6059    24.5149     6.3672     9.0994     88.981    277.557    284.361    0.00002    7.15575   10.22628  311.92870     5.6049   16.05021 3.7976e-02     0.1095     0.9089 0.0000e+00
        587 348.794785    0.04067     2.4402    146.413     64.614  49969.816    31.0952     5.6117     64.000     5.6067    24.5140     6.3683     9.1011     89.000    277.605    284.411    0.00004    7.15544   10.22584  311.91576     5.6068   16.04960 3.7976e-02     0.1081     0.9187 0.0000e+00
        591 348.794797    0.04096     2.4579    147.476     65.624  49970.906    31.0953     5.6112     65.000     5.6063    24.5142     6.3692     9.1023     89.012    277.644    284.450    0.00005    7.15553   10.22596  311.91946     5.6062   16.04978 3.7976e-02     0.0997     0.9269 0.0000e+00
        595 348.794810    0.04126     2.4757    148.545     66.634  49986.246    31.1059     5.6137     66.000     5.6190    24.5223     6.3652     9.0965     88.967    277.467    284.271   -0.00025    7.15461   10.22464  311.87667     5.6087   16.04770 3.7976e-02     0.1043     0.9341 0.0000e+00
        599 348.794822    0.04156     2.4933    149.601     67.644  50090.050    31.1850     5.6550     67.000     5.7244    24.5801     6.3616     9.0914     89.051    277.296    284.112    0.00010    7.14393   10.20939  311.39387     5.6498   16.02438 3.7976e-02     0.1097     0.9501 0.0000e+00
        604 348.794834    0.04185     2.5109    150.655     68.653  50376.588    31.4277     5.8876     68.000     6.0871    24.7444     6.3647     9.0957     89.731    277.383    284.246    0.00345    7.09354   10.13738  309.14803     5.8822   15.91640 3.7976e-02     0.1104     1.0993 0.0000e+00
        608 348.794846    0.04213     2.5282    151.691     69.663  50360.980    31.4973     6.3074     69.000     6.4528    24.7490     6.3999     9.1461     91.162    278.915    285.817    0.01060    7.02066   10.03323  305.97033     6.3017   15.76470 3.7976e-02     0.1117     1.5211 0.0000e+00
        612 348.794857    0.04242     2.5451    152.707     70.672  50175.990    31.4143     6.5491     70.000     6.5782    24.6538     6.3909     9.1331     91.496    278.548    285.415    0.01089    6.98485    9.98206  304.43806     6.5432   15.69201 3.7976e-02     0.1158     1.9431 0.0000e+00
        616 348.794870    0.04271     2.5626    153.755     71.683  50131.768    31.3915     6.5941     71.000     6.5982    24.6303     6.2807     8.9757     89.999    273.752    280.494    0.00003    6.97856    9.97306  304.17054     6.5881   15.67936 3.7976e-02     0.1106     2.0233 0.0000e+00
        620 348.794882    0.04300     2.5801    154.805     72.692  50141.738    31.4020     6.6159     72.000     6.6213    24.6357     6.1969     8.8560     88.850    270.101    276.755   -0.00674    6.97455    9.96733  303.99420     6.6098   15.67091 3.7976e-02     0.1092     2.0222 0.0000e+00
        624 348.794894    0.04327     2.5966    155.793     73.702  50142.368    31.4059     6.6375     73.000     6.6390    24.6361     6.1751     8.8248     88.585    269.149    275.780   -0.00674    6.97085    9.96205  303.83308     6.6313   15.66321 3.7976e-02     0.1024     2.1802 0.0000e+00
        628 348.794905    0.04355     2.6131    156.787     74.712  50137.466    31.4044     6.6503     74.000     6.6468    24.6333     6.1716     8.8198     88.560    268.999    275.625   -0.00510    6.96886    9.95919  303.74698     6.6440   15.65912 3.7976e-02     0.0948     2.3987 0.0000e+00
        633 348.794918    0.04387     2.6322    157.934     75.721  50135.392    31.4032     6.6547     75.000     6.6487    24.6319     6.1664     8.8125     88.494    268.773    275.394   -0.00398    6.96820    9.95825  303.71835     6.6483   15.65775 3.7976e-02     0.1056     2.7213 0.0000e+00
        639 348.794937    0.04431     2.6585    159.512     76.732  50134.958    31.4026     6.6559     76.000     6.6478    24.6312     6.1582     8.8007     88.379    268.414    275.025   -0.00294    6.96804    9.95804  303.71193     6.6493   15.65745 3.7976e-02     0.1218     3.3106 0.0000e+00
