CTD-processing/allCTD/CNV/2016_02-16_t7_s23_cast141_5028.cnv
* Sea-Bird SBE19plus Data File:
* FileName = C:\Users\Kris.Holderied\Documents\kasitsna\Research-KBL\Oceanography-AK\CTD-Data-ALL-to-2016-02\2016-CTD-KachemakBay-CookInlet\2016-02-CookInlet-quarterly\2016-02-16-CookInlet-Tran7-Augustine\2016-02-16-CookInlet-Tran7-cast141.hex
* Software Version 1.59
* Temperature SN =  5028
* Conductivity SN =  5028
* System UpLoad Time = Feb 16 2016 10:33:59
** Cook Inlet LTM Tran7 Augustine East to West

** Date: 02-16
** Station: 7-23
** Start time (AKST): 00:02
** Depth (m): 47
** Comment:  R/V Pandalus
** Comment: Start of Augustine line.
# nquan = 27
# nvalues = 52                          
# units = specified
# name 0 = scan: Scan Count
# name 1 = timeJ: Julian Days
# name 2 = timeH: Time, Elapsed [hours]
# name 3 = timeM: Time, Elapsed [minutes]
# name 4 = timeS: Time, Elapsed [seconds]
# name 5 = prdM: Pressure, Strain Gauge [db]
# name 6 = specc: Specific Conductance [uS/cm]
# name 7 = sal00: Salinity, Practical [PSU]
# name 8 = tv290C: Temperature [ITS-90, deg C]
# name 9 = depSM: Depth [salt water, m], lat = 59.00
# name 10 = potemp090C: Potential Temperature [ITS-90, deg C]
# name 11 = sigma-é00: Density [sigma-theta, kg/m^3]
# name 12 = sbeox0ML/L: Oxygen, SBE 43 [ml/l]
# name 13 = sbeox0Mg/L: Oxygen, SBE 43 [mg/l]
# name 14 = sbeox0PS: Oxygen, SBE 43 [% saturation]
# name 15 = sbox0Mm/Kg: Oxygen, SBE 43 [umol/kg]
# name 16 = sbeox0Mm/L: Oxygen, SBE 43 [umol/l]
# name 17 = sbox0dV/dT: Oxygen, SBE 43 [dov/dt]
# name 18 = oxsolML/L: Oxygen Saturation, Garcia & Gordon [ml/l]
# name 19 = oxsolMg/L: Oxygen Saturation, Garcia & Gordon [mg/l]
# name 20 = oxsolMm/Kg: Oxygen Saturation, Garcia & Gordon [umol/kg]
# name 21 = potemp090C: Potential Temperature [ITS-90, deg C]
# name 22 = n2satMg/L: Nitrogen Saturation [mg/l]
# name 23 = par: PAR/Irradiance, Biospherical/Licor
# name 24 = flECO-AFL: Fluorescence, WET Labs ECO-AFL/FL [mg/m^3]
# name 25 = turbWETntu0: Turbidity, WET Labs ECO [NTU]
# name 26 = flag: flag
# span 0 =         92,        467       
# span 1 =  47.001746,  47.002829       
# span 2 =    0.00634,    0.03233       
# span 3 =     0.3805,     1.9400       
# span 4 =     22.831,    116.399       
# span 5 =      1.010,     52.498       
# span 6 =  48756.915,  50396.360       
# span 7 =    30.5152,    31.5425       
# span 8 =     6.2262,     6.5553       
# span 9 =      1.000,     52.000       
# span 10 =     6.2256,     6.4064      
# span 11 =    23.9468,    24.7875      
# span 12 =     5.4388,     6.4139      
# span 13 =     7.7726,     9.1662      
# span 14 =     77.444,     91.163      
# span 15 =    237.011,    279.547      
# span 16 =    242.895,    286.448      
# span 17 =   -0.01698,    0.04132      
# span 18 =    7.02311,    7.03834      
# span 19 =   10.03672,   10.05849      
# span 20 =  306.06145,  306.76092      
# span 21 =     6.2257,     6.5553      
# span 22 =   15.76884,   15.80278      
# span 23 = 6.2403e-02, 1.2666e-01      
# span 24 =     0.1230,     0.1948      
# span 25 =     0.3025,     2.5917      
# span 26 = 0.0000e+00, 0.0000e+00      
# interval = meters: 1                  
# start_time = Feb 16 2016 00:02:08 [Instrument's time stamp, header]
# bad_flag = -9.990e-29
*END*
         92  47.001746    0.00634     0.3805     22.831      1.010  48756.915    30.5152     6.5553      1.000     6.4064    23.9468     6.2305     8.9040     88.644    271.798    278.254   -0.01698    7.02747   10.04295  306.53791     6.5553   15.79593 8.3032e-02     0.1948     2.5917 0.0000e+00
        277  47.002280    0.01917     1.1500     69.000      2.019  50396.360    31.5425     6.2769      2.000     6.2639    24.7875     5.4388     7.7726     77.444    237.011    242.895    0.00382    7.02311   10.03672  306.06145     6.2768   15.76884 8.6224e-02     0.1393     0.3025 0.0000e+00
        261  47.002234    0.01805     1.0828     64.968      3.029  50184.912    31.3972     6.2530      3.000     6.2394    24.6763     5.5955     7.9965     79.548    243.876    249.894    0.00410    7.03405   10.05237  306.57580     6.2528   15.79397 7.1661e-02     0.1411     0.5454 0.0000e+00
        265  47.002246    0.01836     1.1015     66.090      4.038  50192.809    31.3980     6.2311      4.000     6.2278    24.6797     5.8971     8.4275     83.793    257.019    263.362    0.02541    7.03762   10.05746  306.73009     6.2308   15.80132 6.6168e-02     0.1423     0.5458 0.0000e+00
        270  47.002260    0.01867     1.1203     67.216      5.047  50196.968    31.3995     6.2263      5.000     6.2256    24.6814     6.1831     8.8364     87.850    269.489    276.140    0.04132    7.03834   10.05849  306.76092     6.2259   15.80278 6.4310e-02     0.1482     0.5561 0.0000e+00
        274  47.002271    0.01895     1.1367     68.199      6.056  50198.862    31.4003     6.2262      6.000     6.2260    24.6821     6.2786     8.9728     89.207    273.650    280.405    0.03873    7.03833   10.05847  306.76010     6.2257   15.80274 6.4387e-02     0.1592     0.5517 0.0000e+00
        278  47.002282    0.01921     1.1523     69.139      7.065  50200.170    31.4008     6.2268      7.000     6.2265    24.6824     6.2921     8.9921     89.400    274.238    281.007    0.03024    7.03821   10.05830  306.75477     6.2262   15.80249 6.4598e-02     0.1556     0.5561 0.0000e+00
        282  47.002294    0.01948     1.1691     70.149      8.076  50199.617    31.4001     6.2272      8.000     6.2264    24.6818     6.2861     8.9835     89.314    273.976    280.737    0.02154    7.03817   10.05826  306.75369     6.2266   15.80244 6.4647e-02     0.1463     0.5623 0.0000e+00
        286  47.002307    0.01981     1.1889     71.332      9.085  50199.806    31.3996     6.2268      9.000     6.2261    24.6815     6.2806     8.9755     89.235    273.735    280.491    0.01431    7.03827   10.05839  306.75778     6.2260   15.80263 6.4013e-02     0.1478     0.5759 0.0000e+00
        291  47.002322    0.02017     1.2102     72.609     10.094  50202.894    31.4014     6.2276     10.000     6.2274    24.6828     6.2852     8.9821     89.303    273.935    280.696    0.00985    7.03804   10.05807  306.74764     6.2268   15.80214 6.3459e-02     0.1700     0.5707 0.0000e+00
        296  47.002334    0.02047     1.2280     73.683     11.105  50203.679    31.4017     6.2288     11.000     6.2282    24.6829     6.2942     8.9951     89.434    274.329    281.100    0.00768    7.03782   10.05775  306.73798     6.2279   15.80168 6.3250e-02     0.1540     0.5666 0.0000e+00
        300  47.002346    0.02073     1.2440     74.637     12.113  50203.532    31.4012     6.2292     12.000     6.2281    24.6825     6.3062     9.0123     89.605    274.853    281.637    0.00660    7.03780   10.05772  306.73713     6.2282   15.80164 6.3204e-02     0.1389     0.5647 0.0000e+00
        304  47.002357    0.02101     1.2608     75.647     13.122  50202.619    31.4001     6.2289     13.000     6.2275    24.6817     6.3119     9.0202     89.684    275.098    281.887    0.00529    7.03789   10.05786  306.74150     6.2279   15.80185 6.3072e-02     0.1459     0.5565 0.0000e+00
        308  47.002370    0.02132     1.2789     76.734     14.133  50202.102    31.3991     6.2282     14.000     6.2267    24.6810     6.3122     9.0207     89.686    275.113    281.903    0.00369    7.03806   10.05810  306.74901     6.2270   15.80222 6.2908e-02     0.1487     0.5436 0.0000e+00
        312  47.002382    0.02162     1.2971     77.824     15.143  50202.778    31.3991     6.2278     15.000     6.2265    24.6810     6.3216     9.0341     89.819    275.521    282.321    0.00325    7.03812   10.05819  306.75187     6.2265   15.80235 6.2787e-02     0.1405     0.5418 0.0000e+00
        317  47.002395    0.02191     1.3146     78.879     16.151  50203.953    31.3994     6.2278     16.000     6.2267    24.6813     6.3320     9.0490     89.967    275.976    282.787    0.00311    7.03810   10.05816  306.75078     6.2265   15.80230 6.2687e-02     0.1426     0.5557 0.0000e+00
        321  47.002406    0.02219     1.3313     79.877     17.161  50205.361    31.4000     6.2283     17.000     6.2271    24.6817     6.3397     9.0599     90.077    276.308    283.128    0.00283    7.03800   10.05800  306.74607     6.2269   15.80207 6.2577e-02     0.1484     0.5530 0.0000e+00
        325  47.002418    0.02247     1.3481     80.883     18.170  50207.993    31.4014     6.2288     18.000     6.2281    24.6828     6.3471     9.0707     90.185    276.634    283.462    0.00260    7.03785   10.05779  306.73910     6.2273   15.80174 6.2526e-02     0.1408     0.5497 0.0000e+00
        329  47.002430    0.02276     1.3654     81.927     19.180  50213.634    31.4052     6.2310     19.000     6.2306    24.6855     6.3547     9.0814     90.299    276.961    283.798    0.00245    7.03731   10.05702  306.71473     6.2294   15.80056 6.2478e-02     0.1402     0.5484 0.0000e+00
        333  47.002442    0.02306     1.3836     83.017     20.190  50214.732    31.4059     6.2330     20.000     6.2317    24.6858     6.3577     9.0857     90.347    277.094    283.934    0.00198    7.03695   10.05651  306.69904     6.2313   15.79981 6.2456e-02     0.1432     0.5542 0.0000e+00
        338  47.002456    0.02337     1.4025     84.150     21.199  50215.448    31.4061     6.2338     21.000     6.2322    24.6859     6.3590     9.0876     90.368    277.152    283.993    0.00144    7.03681   10.05631  306.69301     6.2320   15.79952 6.2403e-02     0.1354     0.5521 0.0000e+00
        342  47.002467    0.02367     1.4202     85.213     22.209  50215.777    31.4059     6.2339     22.000     6.2321    24.6857     6.3620     9.0920     90.412    277.286    284.130    0.00117    7.03679   10.05627  306.69199     6.2322   15.79947 6.2433e-02     0.1506     0.5680 0.0000e+00
        346  47.002479    0.02393     1.4355     86.132     23.218  50216.539    31.4059     6.2339     23.000     6.2322    24.6858     6.3705     9.1040     90.531    277.651    284.505    0.00145    7.03679   10.05628  306.69202     6.2321   15.79947 6.2736e-02     0.1548     0.5728 0.0000e+00
        349  47.002489    0.02418     1.4508     87.046     24.228  50217.345    31.4061     6.2342     24.000     6.2323    24.6858     6.3777     9.1143     90.634    277.965    284.827    0.00164    7.03675   10.05621  306.69016     6.2322   15.79939 6.4899e-02     0.1419     0.5709 0.0000e+00
        353  47.002501    0.02446     1.4678     88.068     25.237  50217.983    31.4061     6.2343     25.000     6.2322    24.6858     6.3819     9.1203     90.693    278.147    285.014    0.00147    7.03673   10.05618  306.68927     6.2322   15.79934 8.2514e-02     0.1314     0.5576 0.0000e+00
        358  47.002514    0.02479     1.4873     89.241     26.247  50218.763    31.4061     6.2345     26.000     6.2323    24.6859     6.3841     9.1235     90.725    278.243    285.111    0.00114    7.03670   10.05615  306.68820     6.2323   15.79929 1.2666e-01     0.1466     0.5522 0.0000e+00
        362  47.002527    0.02509     1.5056     90.337     27.256  50219.671    31.4063     6.2345     27.000     6.2324    24.6860     6.3841     9.1235     90.726    278.246    285.115    0.00075    7.03667   10.05611  306.68696     6.2323   15.79923 1.1382e-01     0.1538     0.5645 0.0000e+00
        366  47.002539    0.02537     1.5219     91.311     28.267  50221.181    31.4070     6.2349     28.000     6.2329    24.6864     6.3870     9.1277     90.769    278.372    285.244    0.00070    7.03659   10.05599  306.68309     6.2326   15.79905 1.0095e-01     0.1482     0.5637 0.0000e+00
        370  47.002550    0.02563     1.5381     92.287     29.276  50223.047    31.4079     6.2357     29.000     6.2337    24.6871     6.3903     9.1324     90.818    278.516    285.392    0.00074    7.03642   10.05574  306.67530     6.2333   15.79867 9.3302e-02     0.1453     0.5771 0.0000e+00
        374  47.002561    0.02591     1.5546     93.274     30.285  50223.806    31.4080     6.2363     30.000     6.2340    24.6872     6.3934     9.1369     90.864    278.653    285.532    0.00073    7.03631   10.05559  306.67069     6.2338   15.79845 8.8717e-02     0.1430     0.5807 0.0000e+00
        378  47.002572    0.02618     1.5707     94.240     31.295  50224.370    31.4081     6.2366     31.000     6.2340    24.6872     6.3952     9.1394     90.890    278.731    285.611    0.00064    7.03626   10.05552  306.66864     6.2341   15.79835 8.5830e-02     0.1367     0.5881 0.0000e+00
        382  47.002584    0.02646     1.5874     95.244     32.305  50224.298    31.4075     6.2365     32.000     6.2337    24.6867     6.3956     9.1398     90.894    278.743    285.625    0.00043    7.03630   10.05558  306.67033     6.2339   15.79844 8.3955e-02     0.1384     0.5853 0.0000e+00
        386  47.002596    0.02676     1.6056     96.336     33.314  50224.281    31.4070     6.2361     33.000     6.2333    24.6863     6.3969     9.1418     90.912    278.801    285.685    0.00032    7.03638   10.05570  306.67412     6.2335   15.79862 8.2463e-02     0.1507     0.5606 0.0000e+00
        391  47.002609    0.02705     1.6235     97.408     34.324  50224.908    31.4069     6.2359     34.000     6.2331    24.6863     6.3998     9.1460     90.953    278.931    285.817    0.00039    7.03642   10.05575  306.67582     6.2331   15.79870 8.1382e-02     0.1394     0.5506 0.0000e+00
        394  47.002620    0.02732     1.6391     98.347     35.333  50226.176    31.4073     6.2360     35.000     6.2333    24.6867     6.4025     9.1499     90.992    279.050    285.939    0.00044    7.03639   10.05570  306.67436     6.2331   15.79863 8.0602e-02     0.1369     0.5536 0.0000e+00
        398  47.002630    0.02757     1.6542     99.249     36.343  50228.316    31.4084     6.2365     36.000     6.2339    24.6875     6.4053     9.1539     91.033    279.171    286.063    0.00050    7.03626   10.05552  306.66830     6.2335   15.79834 7.9959e-02     0.1423     0.5452 0.0000e+00
        402  47.002642    0.02785     1.6710    100.259     37.353  50229.390    31.4088     6.2372     37.000     6.2344    24.6878     6.4043     9.1524     91.021    279.127    286.018    0.00028    7.03611   10.05531  306.66205     6.2342   15.79804 7.9350e-02     0.1448     0.5686 0.0000e+00
        407  47.002655    0.02817     1.6899    101.395     38.362  50229.716    31.4086     6.2376     38.000     6.2345    24.6876     6.4023     9.1495     90.992    279.039    285.928   -0.00006    7.03606   10.05524  306.65993     6.2345   15.79793 7.8710e-02     0.1448     0.5772 0.0000e+00
        411  47.002668    0.02847     1.7086    102.518     39.372  50230.971    31.4090     6.2378     39.000     6.2348    24.6879     6.4039     9.1518     91.016    279.108    285.999    0.00002    7.03601   10.05516  306.65733     6.2346   15.79781 7.8220e-02     0.1415     0.5914 0.0000e+00
        415  47.002680    0.02877     1.7260    103.562     40.382  50231.772    31.4092     6.2384     40.000     6.2351    24.6880     6.4057     9.1544     91.043    279.186    286.078    0.00012    7.03590   10.05501  306.65279     6.2351   15.79759 7.7777e-02     0.1513     0.5915 0.0000e+00
        419  47.002691    0.02904     1.7421    104.528     41.391  50231.230    31.4084     6.2383     41.000     6.2347    24.6873     6.4038     9.1517     91.016    279.106    285.997   -0.00011    7.03596   10.05508  306.65521     6.2350   15.79771 7.7435e-02     0.1422     0.6078 0.0000e+00
        423  47.002702    0.02930     1.7578    105.470     42.401  50231.883    31.4083     6.2381     42.000     6.2346    24.6873     6.4048     9.1530     91.029    279.146    286.038   -0.00014    7.03600   10.05515  306.65732     6.2346   15.79782 7.7109e-02     0.1415     0.5874 0.0000e+00
        427  47.002714    0.02958     1.7750    106.501     43.410  50233.445    31.4089     6.2382     43.000     6.2348    24.6878     6.4099     9.1603     91.102    279.368    286.265    0.00023    7.03596   10.05509  306.65524     6.2347   15.79771 7.6794e-02     0.1436     0.5771 0.0000e+00
        431  47.002727    0.02988     1.7929    107.571     44.421  50234.651    31.4094     6.2387     44.000     6.2353    24.6881     6.4106     9.1613     91.113    279.398    286.295    0.00021    7.03585   10.05493  306.65020     6.2351   15.79747 7.6513e-02     0.1393     0.5626 0.0000e+00
        436  47.002739    0.03018     1.8107    108.644     45.430  50235.280    31.4094     6.2390     45.000     6.2354    24.6881     6.4088     9.1589     91.089    279.322    286.218   -0.00009    7.03579   10.05486  306.64805     6.2353   15.79737 7.6275e-02     0.1457     0.5725 0.0000e+00
        440  47.002752    0.03049     1.8294    109.764     46.439  50236.315    31.4097     6.2393     46.000     6.2356    24.6883     6.4107     9.1615     91.116    279.403    286.302    0.00003    7.03574   10.05477  306.64533     6.2355   15.79724 7.5951e-02     0.1508     0.5697 0.0000e+00
        444  47.002763    0.03077     1.8466    110.794     47.449  50236.481    31.4094     6.2395     47.000     6.2355    24.6880     6.4109     9.1617     91.119    279.411    286.309   -0.00001    7.03572   10.05474  306.64452     6.2356   15.79720 7.5691e-02     0.1337     0.5695 0.0000e+00
        448  47.002774    0.03102     1.8613    111.680     48.458  50236.989    31.4092     6.2394     48.000     6.2355    24.6879     6.4087     9.1587     91.088    279.317    286.213   -0.00024    7.03573   10.05476  306.64526     6.2355   15.79724 7.5507e-02     0.1241     0.5807 0.0000e+00
        451  47.002785    0.03128     1.8766    112.595     49.468  50237.830    31.4093     6.2394     49.000     6.2354    24.6880     6.4069     9.1561     91.063    279.239    286.133   -0.00039    7.03572   10.05475  306.64497     6.2354   15.79722 7.5336e-02     0.1230     0.5855 0.0000e+00
        456  47.002797    0.03157     1.8942    113.654     50.478  50238.666    31.4095     6.2395     50.000     6.2354    24.6881     6.4066     9.1557     91.059    279.227    286.120   -0.00040    7.03570   10.05472  306.64405     6.2355   15.79718 7.5147e-02     0.1291     0.5727 0.0000e+00
        461  47.002811    0.03191     1.9148    114.886     51.488  50239.094    31.4093     6.2395     51.000     6.2353    24.6880     6.4095     9.1598     91.099    279.350    286.247   -0.00013    7.03571   10.05474  306.64443     6.2353   15.79720 7.4927e-02     0.1518     0.5693 0.0000e+00
        467  47.002829    0.03233     1.9400    116.399     52.498  50239.782    31.4093     6.2397     52.000     6.2353    24.6880     6.4139     9.1662     91.163    279.547    286.448    0.00021    7.03569   10.05472  306.64401     6.2353   15.79718 7.4599e-02     0.1624     0.5868 0.0000e+00
