CTD-processing/allCTD/CNV/2016_04-11_t3_s10_cast204_5028.cnv
* Sea-Bird SBE19plus Data File:
* FileName = C:\Users\Kris.Holderied\Documents\kasitsna\Research-KBL\Oceanography-AK\CTD-Data-ALL-to-2016-02\2016-CTD-KachemakBay-CookInlet\2016-04-CookInlet-quarterly\2016-04-11-CookInlet-Tran3-AnchorPt\2016-04-11-CookInlet-Tran3-cast204.hex
* Software Version 1.59
* Temperature SN =  5028
* Conductivity SN =  5028
* System UpLoad Time = Apr 11 2016 11:21:29
** Cook Inlet LTM Tran3 Anchor Pt west to east
** Date (YYYY-MM-DD): 2016-04-11
** Station (ie. 9-01): 3-10
** Start time (AKST): 09:36
** Depth (m): 47
** Comment:  R/V Pandalus.
** Comment:
# nquan = 27
# nvalues = 47                          
# units = specified
# name 0 = scan: Scan Count
# name 1 = timeJ: Julian Days
# name 2 = timeH: Time, Elapsed [hours]
# name 3 = timeM: Time, Elapsed [minutes]
# name 4 = timeS: Time, Elapsed [seconds]
# name 5 = prdM: Pressure, Strain Gauge [db]
# name 6 = specc: Specific Conductance [uS/cm]
# name 7 = sal00: Salinity, Practical [PSU]
# name 8 = tv290C: Temperature [ITS-90, deg C]
# name 9 = depSM: Depth [salt water, m], lat = 59.00
# name 10 = potemp090C: Potential Temperature [ITS-90, deg C]
# name 11 = sigma-é00: Density [sigma-theta, kg/m^3]
# name 12 = sbeox0ML/L: Oxygen, SBE 43 [ml/l]
# name 13 = sbeox0Mg/L: Oxygen, SBE 43 [mg/l]
# name 14 = sbeox0PS: Oxygen, SBE 43 [% saturation]
# name 15 = sbox0Mm/Kg: Oxygen, SBE 43 [umol/kg]
# name 16 = sbeox0Mm/L: Oxygen, SBE 43 [umol/l]
# name 17 = sbox0dV/dT: Oxygen, SBE 43 [dov/dt]
# name 18 = oxsolML/L: Oxygen Saturation, Garcia & Gordon [ml/l]
# name 19 = oxsolMg/L: Oxygen Saturation, Garcia & Gordon [mg/l]
# name 20 = oxsolMm/Kg: Oxygen Saturation, Garcia & Gordon [umol/kg]
# name 21 = potemp090C: Potential Temperature [ITS-90, deg C]
# name 22 = n2satMg/L: Nitrogen Saturation [mg/l]
# name 23 = par: PAR/Irradiance, Biospherical/Licor
# name 24 = flECO-AFL: Fluorescence, WET Labs ECO-AFL/FL [mg/m^3]
# name 25 = turbWETntu0: Turbidity, WET Labs ECO [NTU]
# name 26 = flag: flag
# span 0 =        197,        449       
# span 1 = 102.400799, 102.401528       
# span 2 =    0.01363,    0.03111       
# span 3 =     0.8177,     1.8669       
# span 4 =     49.060,    112.013       
# span 5 =      1.009,     47.449       
# span 6 =  48953.895,  50432.946       
# span 7 =    30.5809,    31.5395       
# span 8 =     6.1137,     6.1440       
# span 9 =      1.000,     47.000       
# span 10 =     6.1249,     6.1425      
# span 11 =    24.0495,    24.8018      
# span 12 =     6.4432,     6.5640      
# span 13 =     9.2080,     9.3805      
# span 14 =     91.049,     93.072      
# span 15 =    280.786,    286.078      
# span 16 =    287.755,    293.146      
# span 17 =   -0.00011,    0.00553      
# span 18 =    7.04485,    7.09879      
# span 19 =   10.06779,   10.14489      
# span 20 =  307.00245,  309.62579      
# span 21 =     6.1136,     6.1439      
# span 22 =   15.81372,   15.94265      
# span 23 = 6.6417e-02, 8.2086e+01      
# span 24 =     0.2855,     0.4433      
# span 25 =     0.7185,     1.0753      
# span 26 = 0.0000e+00, 0.0000e+00      
# interval = meters: 1                  
# start_time = Apr 11 2016 09:36:20 [Instrument's time stamp, header]
# bad_flag = -9.990e-29
*END*
        197 102.400799    0.01363     0.8177     49.060      1.009  48953.895    30.5809     6.1137      1.000     6.1249    24.0495     6.4629     9.2361     91.049    281.888    288.634    0.00471    7.09879   10.14489  309.62579     6.1136   15.94265 8.2086e+01     0.2855     1.0753 0.0000e+00
        327 102.401174    0.02263     1.3577     81.462      2.019  50432.946    31.5395     6.1440      2.000     6.1425    24.8018     6.4432     9.2080     91.459    280.786    287.755    0.00553    7.04485   10.06779  307.00245     6.1439   15.81372 6.5254e+01     0.3955     0.7185 0.0000e+00
        313 102.401135    0.02169     1.3014     78.084      3.028  50241.440    31.4150     6.1407      3.000     6.1408    24.7040     6.4533     9.2223     91.513    281.254    288.202    0.00468    7.05176   10.07767  307.33892     6.1405   15.83026 5.0184e+01     0.3972     0.7872 0.0000e+00
        316 102.401142    0.02186     1.3116     78.697      4.038  50241.707    31.4148     6.1411      4.000     6.1408    24.7038     6.4591     9.2308     91.597    281.511    288.466    0.00431    7.05170   10.07758  307.33646     6.1408   15.83015 4.0004e+01     0.4240     0.7813 0.0000e+00
        318 102.401149    0.02202     1.3214     79.287      5.047  50242.392    31.4148     6.1412      5.000     6.1407    24.7038     6.4645     9.2385     91.674    281.747    288.707    0.00397    7.05169   10.07756  307.33597     6.1408   15.83012 3.2519e+01     0.4433     0.7709 0.0000e+00
        321 102.401156    0.02219     1.3314     79.885      6.057  50243.107    31.4148     6.1412      6.000     6.1407    24.7039     6.4705     9.2470     91.759    282.007    288.973    0.00370    7.05168   10.07755  307.33562     6.1407   15.83010 2.6700e+01     0.4407     0.7651 0.0000e+00
        323 102.401163    0.02236     1.3419     80.513      7.066  50243.797    31.4148     6.1413      7.000     6.1406    24.7038     6.4775     9.2570     91.858    282.311    289.285    0.00356    7.05167   10.07755  307.33539     6.1407   15.83010 2.2509e+01     0.4403     0.7668 0.0000e+00
        326 102.401171    0.02255     1.3528     81.168      8.076  50244.584    31.4149     6.1413      8.000     6.1405    24.7039     6.4837     9.2659     91.946    282.582    289.563    0.00338    7.05167   10.07755  307.33541     6.1406   15.83009 1.9264e+01     0.4428     0.7712 0.0000e+00
        328 102.401179    0.02274     1.3640     81.840      9.085  50245.347    31.4149     6.1412      9.000     6.1403    24.7039     6.4875     9.2712     91.999    282.747    289.732    0.00302    7.05168   10.07755  307.33576     6.1405   15.83011 1.6508e+01     0.4419     0.7705 0.0000e+00
        331 102.401186    0.02293     1.3755     82.533     10.094  50246.086    31.4149     6.1410     10.000     6.1399    24.7040     6.4899     9.2747     92.033    282.849    289.837    0.00255    7.05170   10.07760  307.33694     6.1402   15.83017 1.4287e+01     0.4323     0.7672 0.0000e+00
        334 102.401195    0.02313     1.3875     83.249     11.104  50247.060    31.4151     6.1407     11.000     6.1396    24.7042     6.4923     9.2782     92.067    282.956    289.947    0.00216    7.05175   10.07766  307.33875     6.1398   15.83026 1.2450e+01     0.4113     0.7651 0.0000e+00
        337 102.401204    0.02332     1.3997     83.981     12.114  50248.076    31.4153     6.1404     12.000     6.1394    24.7043     6.4944     9.2813     92.097    283.051    290.043    0.00184    7.05178   10.07770  307.33985     6.1395   15.83031 1.0851e+01     0.4059     0.7831 0.0000e+00
        340 102.401212    0.02353     1.4121     84.725     13.124  50248.843    31.4153     6.1405     13.000     6.1393    24.7044     6.4970     9.2849     92.133    283.163    290.158    0.00158    7.05177   10.07769  307.33966     6.1394   15.83030 9.4509e+00     0.4037     0.8022 0.0000e+00
        343 102.401220    0.02373     1.4239     85.437     14.133  50249.362    31.4151     6.1402     14.000     6.1384    24.7043     6.5025     9.2926     92.210    283.399    290.400    0.00160    7.05183   10.07777  307.34208     6.1391   15.83041 8.2091e+00     0.3996     0.8157 0.0000e+00
        345 102.401228    0.02392     1.4351     86.110     15.142  50250.918    31.4155     6.1394     15.000     6.1376    24.7047     6.5091     9.3021     92.301    283.686    290.695    0.00177    7.05195   10.07795  307.34715     6.1381   15.83065 7.0828e+00     0.3982     0.8318 0.0000e+00
        348 102.401236    0.02411     1.4466     86.793     16.151  50252.453    31.4160     6.1388     16.000     6.1372    24.7052     6.5149     9.3105     92.384    283.943    290.957    0.00185    7.05202   10.07805  307.35042     6.1375   15.83081 6.0971e+00     0.3987     0.8540 0.0000e+00
        351 102.401244    0.02432     1.4590     87.539     17.162  50253.402    31.4161     6.1384     17.000     6.1366    24.7053     6.5190     9.3162     92.440    284.117    291.136    0.00174    7.05209   10.07813  307.35295     6.1370   15.83093 5.2626e+00     0.4000     0.8743 0.0000e+00
        354 102.401254    0.02452     1.4717     88.305     18.171  50254.846    31.4165     6.1378     18.000     6.1362    24.7058     6.5226     9.3214     92.490    284.274    291.298    0.00159    7.05216   10.07824  307.35614     6.1364   15.83108 4.5437e+00     0.4049     0.8620 0.0000e+00
        357 102.401262    0.02472     1.4835     89.010     19.180  50255.862    31.4167     6.1376     19.000     6.1358    24.7059     6.5242     9.3236     92.512    284.343    291.368    0.00138    7.05219   10.07829  307.35740     6.1361   15.83114 3.9078e+00     0.4223     0.8128 0.0000e+00
        360 102.401269    0.02491     1.4947     89.680     20.190  50256.838    31.4168     6.1372     20.000     6.1352    24.7060     6.5239     9.3233     92.507    284.331    291.356    0.00103    7.05225   10.07838  307.36003     6.1356   15.83126 3.3644e+00     0.4224     0.8082 0.0000e+00
        363 102.401278    0.02511     1.5066     90.398     21.199  50258.075    31.4171     6.1368     21.000     6.1350    24.7063     6.5253     9.3253     92.527    284.395    291.422    0.00083    7.05230   10.07844  307.36204     6.1351   15.83136 2.9007e+00     0.4095     0.8383 0.0000e+00
        366 102.401287    0.02533     1.5195     91.171     22.209  50259.114    31.4174     6.1367     22.000     6.1349    24.7065     6.5278     9.3289     92.562    284.502    291.531    0.00080    7.05231   10.07846  307.36220     6.1349   15.83136 2.5039e+00     0.4069     0.8406 0.0000e+00
        369 102.401295    0.02553     1.5318     91.907     23.219  50259.824    31.4174     6.1368     23.000     6.1349    24.7066     6.5282     9.3294     92.568    284.519    291.549    0.00062    7.05229   10.07844  307.36162     6.1349   15.83134 2.1548e+00     0.4055     0.8455 0.0000e+00
        371 102.401303    0.02571     1.5430     92.581     24.228  50260.542    31.4174     6.1368     24.000     6.1348    24.7066     6.5297     9.3315     92.589    284.583    291.615    0.00050    7.05229   10.07843  307.36133     6.1349   15.83132 1.8451e+00     0.4076     0.8391 0.0000e+00
        374 102.401311    0.02590     1.5543     93.257     25.237  50261.078    31.4173     6.1368     25.000     6.1346    24.7065     6.5342     9.3381     92.654    284.783    291.819    0.00069    7.05230   10.07844  307.36169     6.1348   15.83134 1.5792e+00     0.4174     0.8101 0.0000e+00
        377 102.401320    0.02612     1.5671     94.024     26.247  50261.920    31.4174     6.1365     26.000     6.1341    24.7066     6.5386     9.3443     92.715    284.972    292.013    0.00088    7.05234   10.07850  307.36345     6.1344   15.83142 1.3528e+00     0.4220     0.8253 0.0000e+00
        381 102.401330    0.02636     1.5814     94.887     27.257  50263.087    31.4176     6.1362     27.000     6.1338    24.7069     6.5414     9.3483     92.754    285.093    292.137    0.00079    7.05238   10.07856  307.36539     6.1339   15.83151 1.1577e+00     0.4216     0.8933 0.0000e+00
        384 102.401340    0.02659     1.5954     95.723     28.267  50263.915    31.4177     6.1361     28.000     6.1339    24.7069     6.5444     9.3526     92.797    285.226    292.273    0.00083    7.05238   10.07856  307.36542     6.1338   15.83152 9.8759e-01     0.4203     0.9120 0.0000e+00
        387 102.401349    0.02683     1.6092     96.554     29.276  50264.718    31.4178     6.1362     29.000     6.1340    24.7070     6.5428     9.3503     92.774    285.158    292.203    0.00048    7.05236   10.07852  307.36430     6.1339   15.83146 8.4245e-01     0.4148     0.8564 0.0000e+00
        391 102.401359    0.02706     1.6241     97.447     30.286  50265.234    31.4178     6.1365     30.000     6.1340    24.7070     6.5439     9.3520     92.791    285.206    292.252    0.00030    7.05233   10.07849  307.36301     6.1341   15.83140 7.2037e-01     0.3997     0.8391 0.0000e+00
        394 102.401370    0.02731     1.6387     98.320     31.295  50265.820    31.4177     6.1364     31.000     6.1335    24.7069     6.5481     9.3579     92.849    285.386    292.438    0.00053    7.05235   10.07853  307.36424     6.1338   15.83146 6.1569e-01     0.3912     0.8889 0.0000e+00
        397 102.401378    0.02752     1.6514     99.083     32.305  50267.030    31.4179     6.1359     32.000     6.1330    24.7072     6.5498     9.3602     92.872    285.459    292.512    0.00047    7.05242   10.07861  307.36687     6.1332   15.83158 5.2616e-01     0.3955     0.8744 0.0000e+00
        400 102.401387    0.02774     1.6645     99.872     33.314  50268.068    31.4182     6.1357     33.000     6.1329    24.7074     6.5527     9.3645     92.915    285.591    292.646    0.00053    7.05245   10.07865  307.36814     6.1330   15.83165 4.5190e-01     0.4037     0.8849 0.0000e+00
        404 102.401398    0.02801     1.6801    100.806     34.324  50269.065    31.4184     6.1355     34.000     6.1330    24.7076     6.5550     9.3678     92.947    285.690    292.749    0.00053    7.05245   10.07866  307.36814     6.1328   15.83164 3.8537e-01     0.4118     0.8878 0.0000e+00
        408 102.401409    0.02825     1.6954    101.722     35.334  50269.537    31.4183     6.1360     35.000     6.1334    24.7074     6.5553     9.3682     92.953    285.702    292.761    0.00036    7.05238   10.07856  307.36521     6.1332   15.83150 3.2376e-01     0.4164     0.8584 0.0000e+00
        411 102.401418    0.02847     1.7085    102.512     36.343  50270.008    31.4182     6.1365     36.000     6.1340    24.7074     6.5557     9.3686     92.957    285.715    292.774    0.00024    7.05230   10.07844  307.36174     6.1335   15.83134 2.7768e-01     0.4112     0.8645 0.0000e+00
        414 102.401427    0.02869     1.7212    103.269     37.353  50270.019    31.4179     6.1371     37.000     6.1343    24.7070     6.5556     9.3686     92.958    285.714    292.773    0.00013    7.05221   10.07832  307.35776     6.1342   15.83115 2.4023e-01     0.4036     0.8394 0.0000e+00
        417 102.401436    0.02892     1.7349    104.093     38.362  50270.219    31.4175     6.1372     38.000     6.1338    24.7068     6.5548     9.3674     92.946    285.678    292.736   -0.00002    7.05221   10.07832  307.35798     6.1342   15.83116 2.0850e-01     0.3980     0.8262 0.0000e+00
        421 102.401447    0.02917     1.7497    104.985     39.371  50271.557    31.4179     6.1367     39.000     6.1335    24.7071     6.5562     9.3694     92.965    285.739    292.799   -0.00002    7.05228   10.07840  307.36034     6.1336   15.83127 1.8061e-01     0.3938     0.8493 0.0000e+00
        425 102.401457    0.02941     1.7648    105.890     40.381  50272.412    31.4180     6.1368     40.000     6.1337    24.7072     6.5610     9.3762     93.033    285.948    293.013    0.00029    7.05226   10.07838  307.35982     6.1335   15.83125 1.5699e-01     0.3918     0.8659 0.0000e+00
        428 102.401468    0.02966     1.7800    106.800     41.391  50272.900    31.4180     6.1372     41.000     6.1339    24.7071     6.5631     9.3793     93.064    286.040    293.107    0.00035    7.05221   10.07830  307.35746     6.1338   15.83114 1.3708e-01     0.3934     0.8372 0.0000e+00
        432 102.401478    0.02992     1.7953    107.719     42.401  50273.301    31.4178     6.1373     42.000     6.1335    24.7070     6.5626     9.3786     93.057    286.018    293.085    0.00016    7.05219   10.07829  307.35708     6.1339   15.83112 1.2034e-01     0.3916     0.8308 0.0000e+00
        435 102.401488    0.03016     1.8096    108.573     43.410  50274.402    31.4179     6.1367     43.000     6.1327    24.7072     6.5624     9.3783     93.053    286.009    293.076    0.00003    7.05228   10.07842  307.36101     6.1332   15.83131 1.0664e-01     0.3997     0.8676 0.0000e+00
        438 102.401497    0.03037     1.8223    109.339     44.421  50275.681    31.4183     6.1361     44.000     6.1321    24.7075     6.5624     9.3783     93.051    286.008    293.074   -0.00005    7.05237   10.07854  307.36447     6.1326   15.83147 9.4001e-02     0.4127     0.9062 0.0000e+00
        442 102.401506    0.03059     1.8357    110.142     45.430  50277.028    31.4186     6.1353     45.000     6.1312    24.7079     6.5628     9.3789     93.057    286.027    293.094   -0.00010    7.05247   10.07869  307.36915     6.1317   15.83169 8.3219e-02     0.4154     0.8982 0.0000e+00
        445 102.401516    0.03084     1.8504    111.025     46.439  50278.601    31.4190     6.1347     46.000     6.1309    24.7083     6.5632     9.3796     93.062    286.047    293.115   -0.00010    7.05256   10.07881  307.37253     6.1310   15.83185 7.4222e-02     0.4160     0.8996 0.0000e+00
        449 102.401528    0.03111     1.8669    112.013     47.449  50279.327    31.4190     6.1344     47.000     6.1304    24.7084     6.5640     9.3805     93.072    286.078    293.146   -0.00011    7.05261   10.07888  307.37477     6.1306   15.83196 6.6417e-02     0.4211     0.9587 0.0000e+00
