CTD-processing/allCTD/CNV/2016_08-30_t7_s18_cast071_5028.cnv
* Sea-Bird SBE19plus Data File:
* FileName = C:\Users\Kim.Powell\Desktop\2016_08-30_T7_5028\2016_08-30_T7_5028_cast071.hex
* Software Version 1.59
* Temperature SN =  5028
* Conductivity SN =  5028
* System UpLoad Time = Aug 30 2016 17:26:51
** CookInlet LTM Transect 7
** 2016_08-30
** Station: 7-18
** Start Time: 9:24
** Depth (m): 75.3
** Comment:
** Comment:
# nquan = 27
# nvalues = 73                          
# units = specified
# name 0 = scan: Scan Count
# name 1 = timeJ: Julian Days
# name 2 = timeH: Time, Elapsed [hours]
# name 3 = timeM: Time, Elapsed [minutes]
# name 4 = timeS: Time, Elapsed [seconds]
# name 5 = prdM: Pressure, Strain Gauge [db]
# name 6 = specc: Specific Conductance [uS/cm]
# name 7 = sal00: Salinity, Practical [PSU]
# name 8 = tv290C: Temperature [ITS-90, deg C]
# name 9 = depSM: Depth [salt water, m], lat = 59.00
# name 10 = potemp090C: Potential Temperature [ITS-90, deg C]
# name 11 = sigma-é00: Density [sigma-theta, kg/m^3]
# name 12 = sbeox0ML/L: Oxygen, SBE 43 [ml/l]
# name 13 = sbeox0Mg/L: Oxygen, SBE 43 [mg/l]
# name 14 = sbeox0PS: Oxygen, SBE 43 [% saturation]
# name 15 = sbox0Mm/Kg: Oxygen, SBE 43 [umol/kg]
# name 16 = sbeox0Mm/L: Oxygen, SBE 43 [umol/l]
# name 17 = sbox0dV/dT: Oxygen, SBE 43 [dov/dt]
# name 18 = oxsolML/L: Oxygen Saturation, Garcia & Gordon [ml/l]
# name 19 = oxsolMg/L: Oxygen Saturation, Garcia & Gordon [mg/l]
# name 20 = oxsolMm/Kg: Oxygen Saturation, Garcia & Gordon [umol/kg]
# name 21 = potemp090C: Potential Temperature [ITS-90, deg C]
# name 22 = n2satMg/L: Nitrogen Saturation [mg/l]
# name 23 = par: PAR/Irradiance, Biospherical/Licor
# name 24 = flECO-AFL: Fluorescence, WET Labs ECO-AFL/FL [mg/m^3]
# name 25 = turbWETntu0: Turbidity, WET Labs ECO [NTU]
# name 26 = flag: flag
# span 0 =        308,        604       
# span 1 = 243.393134, 243.393989       
# span 2 =    0.02134,    0.04185       
# span 3 =     1.2802,     2.5110       
# span 4 =     76.813,    150.659       
# span 5 =      1.010,     73.702       
# span 6 =  47244.016,  49652.158       
# span 7 =    30.1286,    31.5405       
# span 8 =     9.6893,    11.9766       
# span 9 =      1.000,     73.000       
# span 10 =     9.6814,    11.9743      
# span 11 =    22.8131,    24.3035      
# span 12 =     5.2403,     6.0893      
# span 13 =     7.4890,     8.7021      
# span 14 =     80.614,     97.437      
# span 15 =    228.480,    265.870      
# span 16 =    234.033,    271.945      
# span 17 =   -0.01961,    0.03678      
# span 18 =    6.24326,    6.50048      
# span 19 =    8.92224,    9.28984      
# span 20 =  272.60511,  283.42345      
# span 21 =     9.6814,    11.9761      
# span 22 =   14.17576,   14.68809      
# span 23 = 6.3623e-02, 3.3464e+01      
# span 24 =     0.1234,     2.3359      
# span 25 =     0.2198,     0.3480      
# span 26 = 0.0000e+00, 0.0000e+00      
# interval = meters: 1                  
# start_time = Aug 30 2016 09:24:50 [Instrument's time stamp, header]
# bad_flag = -9.990e-29
*END*
[from data line 54]
        527 243.393767    0.03653     2.1920    131.517     55.526  49169.772    31.2543    10.0463     55.000    10.0191    24.0221     5.3402     7.6316     82.644    232.898    238.492   -0.00458    6.46167    9.23438  281.80880    10.0402   14.61201 8.5680e-02     0.1596     0.2602 0.0000e+00
        531 243.393780    0.03682     2.2093    132.557     56.536  49219.406    31.2834    10.0031     56.000     9.9792    24.0519     5.3318     7.6197     82.452    232.526    238.119   -0.00436    6.46657    9.24138  282.01423     9.9969   14.62171 8.3103e-02     0.1604     0.2559 0.0000e+00
        535 243.393792    0.03710     2.2264    133.584     57.546  49262.661    31.3094     9.9708     57.000     9.9525    24.0774     5.3257     7.6109     82.313    232.254    237.846   -0.00413    6.47007    9.24638  282.15972     9.9645   14.62857 8.0758e-02     0.1581     0.2523 0.0000e+00
        539 243.393803    0.03739     2.2432    134.591     58.555  49298.674    31.3312     9.9461     58.000     9.9266    24.0985     5.3245     7.6093     82.262    232.198    237.793   -0.00317    6.47265    9.25007  282.26661     9.9398   14.63360 7.8710e-02     0.1587     0.2461 0.0000e+00
        543 243.393815    0.03767     2.2601    135.604     59.565  49336.958    31.3544     9.9194     59.000     9.8969    24.1209     5.3157     7.5968     82.090    231.810    237.401   -0.00334    6.47549    9.25412  282.38385     9.9129   14.63911 7.6843e-02     0.1593     0.2436 0.0000e+00
        548 243.393827    0.03796     2.2776    136.656     60.575  49390.011    31.3865     9.8812     60.000     9.8530    24.1521     5.3082     7.5860     81.922    231.473    237.064   -0.00340    6.47958    9.25997  282.55380     9.8746   14.64711 7.5169e-02     0.1485     0.2512 0.0000e+00
        552 243.393840    0.03825     2.2952    137.715     61.585  49447.401    31.4209     9.8383     61.000     9.8141    24.1860     5.2961     7.5687     81.677    230.940    236.526   -0.00387    6.48424    9.26662  282.74734     9.8316   14.65623 7.3703e-02     0.1299     0.2657 0.0000e+00
        556 243.393851    0.03854     2.3123    138.737     62.595  49494.248    31.4488     9.8021     62.000     9.7770    24.2136     5.2875     7.5563     81.493    230.556    236.138   -0.00400    6.48822    9.27232  282.91367     9.7953   14.66407 7.2324e-02     0.1315     0.3480 0.0000e+00
        560 243.393863    0.03883     2.3297    139.780     63.604  49541.917    31.4772     9.7657     63.000     9.7452    24.2417     5.2835     7.5507     81.382    230.378    235.962   -0.00352    6.49223    9.27804  283.08064     9.7588   14.67194 7.1104e-02     0.1501     0.3343 0.0000e+00
        564 243.393876    0.03913     2.3477    140.862     64.614  49573.737    31.4961     9.7419     64.000     9.7288    24.2602     5.2756     7.5393     81.227    230.026    235.606   -0.00338    6.49484    9.28178  283.18930     9.7349   14.67707 6.9989e-02     0.1497     0.2728 0.0000e+00
        569 243.393888    0.03943     2.3658    141.950     65.624  49593.727    31.5078     9.7271     65.000     9.7090    24.2718     5.2654     7.5248     81.051    229.581    235.153   -0.00348    6.49646    9.28410  283.25694     9.7199   14.68026 6.8997e-02     0.1366     0.2825 0.0000e+00
        573 243.393901    0.03972     2.3836    143.013     66.633  49624.312    31.5260     9.7051     66.000     9.6918    24.2895     5.2630     7.5213     80.984    229.472    235.045   -0.00293    6.49884    9.28749  283.35561     9.6979   14.68491 6.8021e-02     0.1258     0.2870 0.0000e+00
        577 243.393912    0.04001     2.4005    144.029     67.644  49636.719    31.5332     9.6962     67.000     9.6873    24.2966     5.2599     7.5169     80.924    229.334    234.907   -0.00246    6.49982    9.28888  283.39616     9.6889   14.68681 6.7200e-02     0.1234     0.3166 0.0000e+00
        581 243.393924    0.04029     2.4175    145.051     68.653  49639.065    31.5342     9.6947     68.000     9.6883    24.2976     5.2550     7.5099     80.846    229.120    234.687   -0.00229    6.49999    9.28913  283.40341     9.6873   14.68716 6.6416e-02     0.1287     0.3086 0.0000e+00
        586 243.393937    0.04060     2.4357    146.141     69.663  49637.839    31.5331     9.6962     69.000     9.6872    24.2966     5.2543     7.5090     80.838    229.093    234.659   -0.00170    6.49981    9.28888  283.39599     9.6887   14.68680 6.5734e-02     0.1427     0.2882 0.0000e+00
        590 243.393950    0.04091     2.4545    147.271     70.673  49645.704    31.5377     9.6921     70.000     9.6829    24.3008     5.2525     7.5064     80.806    229.013    234.579   -0.00136    6.50022    9.28946  283.41253     9.6844   14.68758 6.5097e-02     0.1312     0.2985 0.0000e+00
        594 243.393962    0.04121     2.4729    148.373     71.682  49650.467    31.5402     9.6897     71.000     9.6817    24.3032     5.2469     7.4984     80.717    228.768    234.328   -0.00152    6.50045    9.28979  283.42199     9.6820   14.68802 6.4553e-02     0.1329     0.3152 0.0000e+00
        599 243.393975    0.04152     2.4910    149.461     72.692  49651.537    31.5405     9.6893     72.000     9.6815    24.3035     5.2422     7.4917     80.644    228.564    234.119   -0.00157    6.50048    9.28984  283.42345     9.6815   14.68809 6.4067e-02     0.1376     0.3159 0.0000e+00
        604 243.393989    0.04185     2.5110    150.659     73.702  49652.158    31.5405     9.6893     73.000     9.6814    24.3035     5.2403     7.4890     80.614    228.480    234.033   -0.00132    6.50048    9.28984  283.42344     9.6814   14.68809 6.3623e-02     0.1358     0.3424 0.0000e+00
