CTD-processing/allCTD/CNV/2016_08-31_t6_s22_cast095_5028.cnv
* Sea-Bird SBE19plus Data File:
* FileName = C:\Users\Kim.Powell\Desktop\2016_08-31_T6_5028\2016_08-31_T6_5028_cast095.hex
* Software Version 1.59
* Temperature SN =  5028
* Conductivity SN =  5028
* System UpLoad Time = Aug 31 2016 21:54:20
** CookInlet LTM Transect 7
** 2016_08-30
** Station: 6-22
** Start Time: 10:06
** Depth (m): 160.9
** Comment:
** Comment:
# nquan = 27
# nvalues = 159                         
# units = specified
# name 0 = scan: Scan Count
# name 1 = timeJ: Julian Days
# name 2 = timeH: Time, Elapsed [hours]
# name 3 = timeM: Time, Elapsed [minutes]
# name 4 = timeS: Time, Elapsed [seconds]
# name 5 = prdM: Pressure, Strain Gauge [db]
# name 6 = specc: Specific Conductance [uS/cm]
# name 7 = sal00: Salinity, Practical [PSU]
# name 8 = tv290C: Temperature [ITS-90, deg C]
# name 9 = depSM: Depth [salt water, m], lat = 59.00
# name 10 = potemp090C: Potential Temperature [ITS-90, deg C]
# name 11 = sigma-é00: Density [sigma-theta, kg/m^3]
# name 12 = sbeox0ML/L: Oxygen, SBE 43 [ml/l]
# name 13 = sbeox0Mg/L: Oxygen, SBE 43 [mg/l]
# name 14 = sbeox0PS: Oxygen, SBE 43 [% saturation]
# name 15 = sbox0Mm/Kg: Oxygen, SBE 43 [umol/kg]
# name 16 = sbeox0Mm/L: Oxygen, SBE 43 [umol/l]
# name 17 = sbox0dV/dT: Oxygen, SBE 43 [dov/dt]
# name 18 = oxsolML/L: Oxygen Saturation, Garcia & Gordon [ml/l]
# name 19 = oxsolMg/L: Oxygen Saturation, Garcia & Gordon [mg/l]
# name 20 = oxsolMm/Kg: Oxygen Saturation, Garcia & Gordon [umol/kg]
# name 21 = potemp090C: Potential Temperature [ITS-90, deg C]
# name 22 = n2satMg/L: Nitrogen Saturation [mg/l]
# name 23 = par: PAR/Irradiance, Biospherical/Licor
# name 24 = flECO-AFL: Fluorescence, WET Labs ECO-AFL/FL [mg/m^3]
# name 25 = turbWETntu0: Turbidity, WET Labs ECO [NTU]
# name 26 = flag: flag
# span 0 =        213,        960       
# span 1 = 244.421736, 244.423899       
# span 2 =    0.01473,    0.06661       
# span 3 =     0.8837,     3.9966       
# span 4 =     53.022,    239.793       
# span 5 =      1.009,    160.565       
# span 6 =  45796.809,  52023.510       
# span 7 =    29.2291,    32.6520       
# span 8 =     6.5318,    13.2117       
# span 9 =      1.000,    159.000       
# span 10 =     6.5143,    13.1967      
# span 11 =    21.8919,    25.6326      
# span 12 =     4.0191,     6.7789      
# span 13 =     5.7439,     9.6877      
# span 14 =     57.990,    110.897      
# span 15 =    175.011,    296.230      
# span 16 =    179.497,    302.745      
# span 17 =   -0.04457,    0.03167      
# span 18 =    6.11272,    6.93076      
# span 19 =    8.73569,    9.90474      
# span 20 =  267.11924,  301.79172      
# span 21 =     6.5180,    13.2114      
# span 22 =   13.91567,   15.56081      
# span 23 = 5.8992e-02, 3.8454e+01      
# span 24 =     0.0094,     3.0042      
# span 25 =     0.1510,     1.0686      
# span 26 = 0.0000e+00, 0.0000e+00      
# interval = meters: 1                  
# start_time = Aug 31 2016 10:06:25 [Instrument's time stamp, header]
# bad_flag = -9.990e-29
*END*
[from data line 108]
        749 244.423286    0.05193     3.1159    186.952    110.058  50478.909    31.9312     8.4679    109.000     8.4559    24.7981     5.0655     7.2391     76.030    220.751    226.225   -0.00434    6.66246    9.52132  290.34560     8.4569   15.01741 6.2976e-02     0.0334     0.2136 0.0000e+00
        753 244.423299    0.05221     3.1327    187.964    111.067  50480.357    31.9316     8.4662    110.000     8.4547    24.7986     5.0625     7.2349     75.983    220.621    226.092   -0.00343    6.66270    9.52166  290.35566     8.4551   15.01789 6.2839e-02     0.0295     0.2160 0.0000e+00
        757 244.423310    0.05250     3.1499    188.992    112.078  50480.763    31.9313     8.4654    111.000     8.4538    24.7985     5.0606     7.2321     75.953    220.537    226.006   -0.00270    6.66282    9.52185  290.36137     8.4543   15.01816 6.2669e-02     0.0362     0.2226 0.0000e+00
        761 244.423322    0.05279     3.1670    190.023    113.088  50481.327    31.9311     8.4645    112.000     8.4525    24.7985     5.0594     7.2303     75.933    220.485    225.952   -0.00208    6.66298    9.52206  290.36797     8.4532   15.01847 6.2541e-02     0.0452     0.2219 0.0000e+00
        765 244.423333    0.05306     3.1839    191.031    114.098  50481.028    31.9302     8.4627    113.000     8.4488    24.7980     5.0559     7.2255     75.878    220.335    225.799   -0.00184    6.66329    9.52250  290.38138     8.4513   15.01912 6.2422e-02     0.0463     0.2305 0.0000e+00
        769 244.423345    0.05333     3.2002    192.010    115.108  50477.983    31.9266     8.4562    114.000     8.4342    24.7962     5.0511     7.2185     75.791    220.123    225.580   -0.00190    6.66443    9.52412  290.43154     8.4447   15.02153 6.2296e-02     0.0376     0.2265 0.0000e+00
        773 244.423356    0.05361     3.2166    192.994    116.117  50466.581    31.9134     8.4261    115.000     8.3700    24.7903     5.0507     7.2179     75.728    220.108    225.564   -0.00180    6.66950    9.53139  290.65471     8.4146   15.03224 6.2167e-02     0.0311     0.2182 0.0000e+00
        777 244.423368    0.05389     3.2336    194.013    117.128  50487.109    31.9050     8.2835    116.000     8.1689    24.8045     5.0423     7.2059     75.356    219.737    225.188   -0.00325    6.69135    9.56260  291.60245     8.2720   15.07755 6.2095e-02     0.0255     0.2250 0.0000e+00
        781 244.423381    0.05419     3.2513    195.076    118.138  50657.246    31.9911     8.0777    117.000     8.0028    24.9019     5.0144     7.1661     74.635    218.502    223.943   -0.00652    6.71871    9.60170  292.76688     8.0663   15.13281 6.2009e-02     0.0294     0.2223 0.0000e+00
        786 244.423393    0.05449     3.2693    196.156    119.148  50772.038    32.0526     7.9629    118.000     7.9246    24.9667     4.9892     7.1301     74.097    217.392    222.820   -0.00790    6.73345    9.62278  293.39091     7.9515   15.16236 6.1886e-02     0.0292     0.2287 0.0000e+00
        790 244.423405    0.05478     3.2868    197.206    120.158  50802.698    32.0646     7.9081    119.000     7.8646    24.9840     4.9684     7.1003     73.700    216.478    221.886   -0.00787    6.74130    9.63398  293.72777     7.8966   15.17840 6.1763e-02     0.0245     0.2320 0.0000e+00
        794 244.423416    0.05506     3.3034    198.207    121.168  50840.241    32.0782     7.8346    120.000     7.7787    25.0051     4.9470     7.0698     73.269    215.544    220.934   -0.00823    6.75193    9.64919  294.18521     7.8232   15.20018 6.1686e-02     0.0276     0.2351 0.0000e+00
        798 244.423428    0.05533     3.3197    199.182    122.178  50926.458    32.1249     7.7549    121.000     7.7139    25.0530     4.9296     7.0449     72.900    214.774    220.155   -0.00822    6.76212    9.66374  294.61504     7.7434   15.22052 6.1584e-02     0.0241     0.2523 0.0000e+00
        802 244.423440    0.05561     3.3365    200.189    123.188  50972.909    32.1470     7.6957    122.000     7.6491    25.0787     4.9091     7.0156     72.510    213.877    219.241   -0.00812    6.77025    9.67536  294.96191     7.6841   15.23699 6.1476e-02     0.0190     0.2700 0.0000e+00
        806 244.423452    0.05591     3.3548    201.288    124.198  51028.486    32.1716     7.6141    123.000     7.5646    25.1094     4.8649     6.9524     71.736    211.944    217.266   -0.00991    6.78175    9.69180  295.45419     7.6025   15.26039 6.1385e-02     0.0336     0.2737 0.0000e+00
        811 244.423466    0.05623     3.3738    202.425    125.208  51102.827    32.2094     7.5343    124.000     7.4986    25.1503     4.8153     6.8815     70.893    209.774    215.050   -0.01169    6.79241    9.70703  295.90689     7.5227   15.28184 6.1291e-02     0.0272     0.2945 0.0000e+00
        815 244.423478    0.05653     3.3914    203.485    126.218  51144.847    32.2303     7.4876    125.000     7.4588    25.1731     4.7770     6.8268     70.264    208.103    213.342   -0.01195    6.79873    9.71607  296.17558     7.4759   15.29458 6.1197e-02     0.0356     0.3070 0.0000e+00
        819 244.423489    0.05679     3.4073    204.440    127.228  51170.710    32.2428     7.4581    126.000     7.4336    25.1871     4.7500     6.7882     69.825    206.923    212.135   -0.01140    6.80275    9.72181  296.34657     7.4464   15.30268 6.1109e-02     0.0343     0.3123 0.0000e+00
        823 244.423500    0.05705     3.4230    205.381    128.238  51181.209    32.2447     7.4297    127.000     7.3915    25.1925     4.7322     6.7626     69.518    206.143    211.336   -0.01030    6.80709    9.72802  296.53431     7.4178   15.31165 6.1032e-02     0.0260     0.3246 0.0000e+00
        827 244.423512    0.05733     3.4400    206.403    129.248  51222.767    32.2628     7.3693    128.000     7.3237    25.2149     4.7163     6.7400     69.198    205.451    210.631   -0.00923    6.81569    9.74030  296.90237     7.3575   15.32913 6.0952e-02     0.0258     0.3322 0.0000e+00
        831 244.423524    0.05764     3.4583    207.500    130.258  51295.689    32.3007     7.2979    129.000     7.2571    25.2545     4.6908     6.7036     68.729    204.331    209.491   -0.00909    6.82515    9.75382  297.30306     7.2860   15.34810 6.0867e-02     0.0280     0.3436 0.0000e+00
        835 244.423537    0.05794     3.4764    208.585    131.268  51358.544    32.3336     7.2390    130.000     7.2037    25.2884     4.6528     6.6493     68.095    202.669    207.795   -0.00991    6.83288    9.76488  297.63009     7.2271   15.36357 6.0799e-02     0.0172     0.3869 0.0000e+00
        840 244.423549    0.05823     3.4941    209.646    132.278  51400.587    32.3538     7.1907    131.000     7.1597    25.3109     4.6050     6.5810     67.329    200.583    205.660   -0.01131    6.83956    9.77442  297.91448     7.1787   15.37706 6.0730e-02     0.0252     0.4282 0.0000e+00
        844 244.423561    0.05852     3.5115    210.692    133.288  51434.156    32.3706     7.1561    132.000     7.1349    25.3288     4.5558     6.5108     66.564    198.437    203.463   -0.01248    6.84424    9.78110  298.11282     7.1440   15.38646 6.0653e-02     0.0308     0.4534 0.0000e+00
        848 244.423573    0.05882     3.5292    211.752    134.299  51452.149    32.3801     7.1417    133.000     7.1262    25.3382     4.5283     6.4713     66.144    197.235    202.233   -0.01147    6.84608    9.78373  298.19031     7.1295   15.39012 6.0524e-02     0.0350     0.4683 0.0000e+00
        852 244.423586    0.05912     3.5470    212.822    135.309  51461.144    32.3848     7.1353    134.000     7.1198    25.3427     4.5134     6.4500     65.919    196.585    201.568   -0.00948    6.84686    9.78485  298.22299     7.1231   15.39166 6.0436e-02     0.0205     0.4981 0.0000e+00
        856 244.423598    0.05941     3.5644    213.867    136.319  51470.288    32.3893     7.1273    135.000     7.1096    25.3473     4.4994     6.4301     65.705    195.977    200.945   -0.00801    6.84792    9.78636  298.26789     7.1150   15.39378 6.0382e-02     0.0157     0.5408 0.0000e+00
        861 244.423610    0.05969     3.5816    214.896    137.329  51483.862    32.3962     7.1158    136.000     7.0964    25.3543     4.4840     6.4081     65.466    195.304    200.256   -0.00714    6.84943    9.78852  298.33159     7.1034   15.39679 6.0359e-02     0.0243     0.5940 0.0000e+00
        865 244.423622    0.05998     3.5988    215.928    138.339  51499.205    32.4036     7.1000    137.000     7.0791    25.3623     4.4663     6.3828     65.186    194.530    199.464   -0.00671    6.85158    9.79159  298.42300     7.0875   15.40113 6.0246e-02     0.0315     0.6239 0.0000e+00
        869 244.423634    0.06027     3.6163    216.979    139.349  51515.361    32.4114     7.0839    138.000     7.0650    25.3706     4.4440     6.3509     64.839    193.556    198.467   -0.00675    6.85376    9.79470  298.51529     7.0714   15.40550 6.0145e-02     0.0207     0.6718 0.0000e+00
        873 244.423647    0.06057     3.6341    218.048    140.359  51526.998    32.4167     7.0707    139.000     7.0524    25.3765     4.4207     6.3177     64.484    192.545    197.431   -0.00683    6.85560    9.79734  298.59370     7.0582   15.40922 6.0098e-02     0.0171     0.7120 0.0000e+00
        878 244.423659    0.06087     3.6521    219.125    141.370  51537.362    32.4213     7.0586    140.000     7.0402    25.3818     4.4013     6.2898     64.184    191.697    196.562   -0.00658    6.85731    9.79978  298.66672     7.0459   15.41268 6.0036e-02     0.0094     0.7262 0.0000e+00
        882 244.423671    0.06117     3.6700    220.201    142.380  51546.992    32.4252     7.0458    141.000     7.0262    25.3865     4.3872     6.2697     63.962    191.082    195.932   -0.00597    6.85915    9.80240  298.74524     7.0331   15.41642 5.9945e-02     0.0203     0.7456 0.0000e+00
        886 244.423683    0.06146     3.6874    221.245    143.390  51558.875    32.4303     7.0310    142.000     7.0111    25.3926     4.3758     6.2534     63.775    190.583    195.423   -0.00537    6.86126    9.80544  298.83594     7.0181   15.42072 5.9896e-02     0.0272     0.7706 0.0000e+00
        890 244.423695    0.06174     3.7041    222.246    144.400  51570.313    32.4353     7.0173    143.000     6.9982    25.3983     4.3622     6.2341     63.560    189.992    194.817   -0.00512    6.86319    9.80819  298.91825     7.0044   15.42463 5.9865e-02     0.0343     0.7781 0.0000e+00
        894 244.423706    0.06200     3.7204    223.223    145.410  51580.615    32.4398     7.0054    144.000     6.9861    25.4035     4.3543     6.2228     63.429    189.646    194.463   -0.00466    6.86486    9.81057  298.98937     6.9925   15.42800 5.9779e-02     0.0357     0.8032 0.0000e+00
        898 244.423718    0.06229     3.7374    224.243    146.420  51591.000    32.4438     6.9901    145.000     6.9653    25.4087     4.3476     6.2132     63.311    189.354    194.165   -0.00401    6.86711    9.81380  299.08602     6.9770   15.43260 5.9751e-02     0.0362     0.8671 0.0000e+00
        903 244.423732    0.06262     3.7571    225.426    147.430  51612.701    32.4517     6.9534    146.000     6.9183    25.4198     4.3324     6.1914     63.039    188.687    193.483   -0.00424    6.87255    9.82157  299.31957     6.9403   15.44371 5.9679e-02     0.0367     0.8920 0.0000e+00
        908 244.423747    0.06298     3.7787    226.721    148.441  51662.560    32.4762     6.9007    147.000     6.8727    25.4461     4.3064     6.1543     62.595    187.551    192.323   -0.00519    6.87982    9.83196  299.62851     6.8875   15.45835 5.9569e-02     0.0352     0.8082 0.0000e+00
        912 244.423760    0.06328     3.7973    227.836    149.450  51687.392    32.4865     6.8654    148.000     6.8312    25.4588     4.2817     6.1191     62.190    186.476    191.223   -0.00592    6.88495    9.83928  299.84819     6.8522   15.46879 5.9502e-02     0.0312     0.8253 0.0000e+00
        916 244.423771    0.06355     3.8131    228.788    150.461  51723.462    32.5037     6.8256    149.000     6.7929    25.4776     4.2628     6.0920     61.864    185.646    190.376   -0.00624    6.89050    9.84721  300.08426     6.8124   15.47997 5.9448e-02     0.0363     0.8544 0.0000e+00
        920 244.423782    0.06381     3.8286    229.717    151.471  51757.356    32.5203     6.7903    150.000     6.7593    25.4952     4.2432     6.0640     61.537    184.790    189.502   -0.00652    6.89538    9.85419  300.29181     6.7769   15.48981 5.9387e-02     0.0282     0.8806 0.0000e+00
        924 244.423793    0.06408     3.8447    230.680    152.481  51791.114    32.5371     6.7577    151.000     6.7303    25.5129     4.2191     6.0296     61.149    183.739    188.427   -0.00699    6.89981    9.86052  300.47937     6.7443   15.49869 5.9351e-02     0.0252     0.9040 0.0000e+00
        928 244.423805    0.06437     3.8619    231.716    153.491  51819.571    32.5514     6.7309    152.000     6.7056    25.5276     4.1925     5.9914     60.730    182.574    187.235   -0.00739    6.90344    9.86570  300.63307     6.7175   15.50596 5.9331e-02     0.0268     0.9154 0.0000e+00
        932 244.423817    0.06467     3.8802    232.815    154.502  51845.204    32.5640     6.7056    153.000     6.6818    25.5408     4.1667     5.9546     60.327    181.451    186.085   -0.00748    6.90691    9.87067  300.78037     6.6921   15.51294 5.9287e-02     0.0178     0.9355 0.0000e+00
        937 244.423831    0.06500     3.9002    234.010    155.512  51868.889    32.5755     6.6817    154.000     6.6570    25.5530     4.1389     5.9148     59.895    180.235    184.841   -0.00749    6.91019    9.87536  300.91982     6.6682   15.51954 5.9218e-02     0.0170     0.9450 0.0000e+00
        942 244.423845    0.06534     3.9201    235.206    156.522  51896.568    32.5886     6.6519    155.000     6.6257    25.5672     4.1146     5.8802     59.508    179.176    183.758   -0.00727    6.91436    9.88131  301.09706     6.6384   15.52794 5.9190e-02     0.0259     0.9681 0.0000e+00
        946 244.423857    0.06563     3.9378    236.266    157.532  51922.068    32.6011     6.6272    156.000     6.6029    25.5803     4.0935     5.8501     59.175    178.258    182.818   -0.00710    6.91775    9.88616  301.24093     6.6136   15.53475 5.9116e-02     0.0175     0.9999 0.0000e+00
        950 244.423869    0.06591     3.9546    237.276    158.542  51939.912    32.6086     6.6039    157.000     6.5765    25.5892     4.0750     5.8235     58.878    177.448    181.988   -0.00683    6.92115    9.89100  301.38604     6.5902   15.54164 5.9061e-02     0.0311     1.0227 0.0000e+00
        955 244.423882    0.06622     3.9730    238.383    159.553  51969.511    32.6226     6.5723    158.000     6.5444    25.6043     4.0516     5.7901     58.502    176.427    180.944   -0.00688    6.92558    9.89734  301.57461     6.5586   15.55058 5.9009e-02     0.0300     1.0359 0.0000e+00
        960 244.423899    0.06661     3.9966    239.793    160.565  52023.510    32.6520     6.5318    159.000     6.5143    25.6326     4.0191     5.7439     57.990    175.011    179.497   -0.00713    6.93076    9.90474  301.79172     6.5180   15.56081 5.8992e-02     0.0292     1.0686 0.0000e+00
