CTD-processing/allCTD/CNV/2016_04-11_t4_s02_cast212_5028.cnv
* Sea-Bird SBE19plus Data File:
* FileName = C:\Users\Kris.Holderied\Documents\kasitsna\Research-KBL\Oceanography-AK\CTD-Data-ALL-to-2016-02\2016-CTD-KachemakBay-CookInlet\2016-04-CookInlet-quarterly\2016-04-11-CookInlet-Tran4-Barabara\2016-04-11-CookInlet-Tran4-cast212.hex
* Software Version 1.59
* Temperature SN =  5028
* Conductivity SN =  5028
* System UpLoad Time = May 12 2016 11:35:41
** Cook Inlet LTM Tran4 Barabara south to north
** Date (YYYY-MM-DD): 2016-04-11
** Station (ie. 9-01): 4-02
** Start time (AKST): 13:21
** Depth (m): 99
** Comment:  R/V Pandalus.
** Comment:
# nquan = 27
# nvalues = 96                          
# units = specified
# name 0 = scan: Scan Count
# name 1 = timeJ: Julian Days
# name 2 = timeH: Time, Elapsed [hours]
# name 3 = timeM: Time, Elapsed [minutes]
# name 4 = timeS: Time, Elapsed [seconds]
# name 5 = prdM: Pressure, Strain Gauge [db]
# name 6 = specc: Specific Conductance [uS/cm]
# name 7 = sal00: Salinity, Practical [PSU]
# name 8 = tv290C: Temperature [ITS-90, deg C]
# name 9 = depSM: Depth [salt water, m], lat = 59.00
# name 10 = potemp090C: Potential Temperature [ITS-90, deg C]
# name 11 = sigma-é00: Density [sigma-theta, kg/m^3]
# name 12 = sbeox0ML/L: Oxygen, SBE 43 [ml/l]
# name 13 = sbeox0Mg/L: Oxygen, SBE 43 [mg/l]
# name 14 = sbeox0PS: Oxygen, SBE 43 [% saturation]
# name 15 = sbox0Mm/Kg: Oxygen, SBE 43 [umol/kg]
# name 16 = sbeox0Mm/L: Oxygen, SBE 43 [umol/l]
# name 17 = sbox0dV/dT: Oxygen, SBE 43 [dov/dt]
# name 18 = oxsolML/L: Oxygen Saturation, Garcia & Gordon [ml/l]
# name 19 = oxsolMg/L: Oxygen Saturation, Garcia & Gordon [mg/l]
# name 20 = oxsolMm/Kg: Oxygen Saturation, Garcia & Gordon [umol/kg]
# name 21 = potemp090C: Potential Temperature [ITS-90, deg C]
# name 22 = n2satMg/L: Nitrogen Saturation [mg/l]
# name 23 = par: PAR/Irradiance, Biospherical/Licor
# name 24 = flECO-AFL: Fluorescence, WET Labs ECO-AFL/FL [mg/m^3]
# name 25 = turbWETntu0: Turbidity, WET Labs ECO [NTU]
# name 26 = flag: flag
# span 0 =        138,        625       
# span 1 = 102.556566, 102.557975       
# span 2 =    0.00952,    0.04335       
# span 3 =     0.5716,     2.6010       
# span 4 =     34.296,    156.059       
# span 5 =      1.009,     96.929       
# span 6 =  49067.407,  50302.517       
# span 7 =    30.6421,    31.4027       
# span 8 =     6.0860,     6.2180       
# span 9 =      1.000,     96.000       
# span 10 =     6.0784,     6.2170      
# span 11 =    24.0902,    24.7018      
# span 12 =     5.3397,     6.6030      
# span 13 =     7.6310,     9.4363      
# span 14 =     75.538,     93.683      
# span 15 =    232.792,    287.789      
# span 16 =    238.473,    294.890      
# span 17 =   -0.01370,    0.05393      
# span 18 =    7.04385,    7.08207      
# span 19 =   10.06636,   10.12099      
# span 20 =  307.01601,  308.86333      
# span 21 =     6.0784,     6.2171      
# span 22 =   15.81521,   15.90612      
# span 23 = 4.5819e-02, 1.1170e+02      
# span 24 =     0.3125,     0.5346      
# span 25 =     0.5705,     1.4442      
# span 26 = 0.0000e+00, 0.0000e+00      
# interval = meters: 1                  
# start_time = Apr 11 2016 13:20:53 [Instrument's time stamp, header]
# bad_flag = -9.990e-29
*END*
        138 102.556566    0.00952     0.5716     34.296      1.009  49067.407    30.6421     6.1837      1.000     6.1583    24.0902     5.5974     7.9992     79.013    244.124    249.979   -0.00508    7.08207   10.12099  308.86333     6.1836   15.90612 1.1170e+02     0.3125     0.8143 0.0000e+00
        193 102.556724    0.01332     0.7993     47.957      2.019  49701.573    31.0451     6.1433      2.000     6.1346    24.4119     5.3397     7.6310     75.538    232.792    238.473   -0.00176    7.06873   10.10192  308.16798     6.1431   15.87129 8.3075e+01     0.3907     0.5989 0.0000e+00
        201 102.556748    0.01388     0.8327     49.961      3.028  49823.480    31.1246     6.1331      3.000     6.1368    24.4758     5.5505     7.9322     78.546    241.962    247.885    0.01557    7.06660   10.09889  308.05470     6.1328   15.86556 6.2515e+01     0.4456     0.5891 0.0000e+00
        204 102.556757    0.01412     0.8472     50.832      4.038  49867.741    31.1563     6.1417      4.000     6.1454    24.4998     5.9069     8.4415     83.624    257.490    263.799    0.04062    7.06369   10.09472  307.92064     6.1413   15.85904 4.9104e+01     0.4711     0.5821 0.0000e+00
        208 102.556768    0.01437     0.8621     51.725      5.047  49841.858    31.1388     6.1461      5.000     6.1407    24.4854     6.1777     8.8285     87.456    269.302    275.895    0.05393    7.06378   10.09485  307.92888     6.1457   15.85950 3.9247e+01     0.4917     0.5880 0.0000e+00
        212 102.556778    0.01462     0.8771     52.626      6.057  49806.978    31.1123     6.1358      6.000     6.1300    24.4658     6.2810     8.9762     88.882    273.812    280.511    0.04981    7.06673   10.09906  308.06307     6.1353   15.86601 3.2691e+01     0.4906     0.5761 0.0000e+00
        215 102.556788    0.01486     0.8918     53.510      7.066  49825.571    31.1234     6.1292      7.000     6.1335    24.4753     6.2942     8.9951     89.061    274.385    281.101    0.03895    7.06730   10.09988  308.08534     6.1286   15.86702 2.7980e+01     0.4930     0.5705 0.0000e+00
        219 102.556799    0.01512     0.9070     54.421      8.075  49899.546    31.1766     6.1430      8.000     6.1570    24.5157     6.2897     8.9886     89.058    274.178    280.899    0.02920    7.06253   10.09306  307.86488     6.1423   15.85631 2.4258e+01     0.5082     0.5770 0.0000e+00
        223 102.556811    0.01542     0.9251     55.503      9.085  49959.791    31.2240     6.1758      9.000     6.1877    24.5491     6.2787     8.9729     88.998    273.688    280.407    0.02071    7.05487   10.08211  307.52113     6.1751   15.83973 2.1298e+01     0.5325     0.5864 0.0000e+00
        243 102.556870    0.01682     1.0095     60.569     10.095  50050.251    31.2932     6.2136     10.000     6.2141    24.5992     5.8648     8.3814     83.242    255.634    261.923   -0.01370    7.04540   10.06858  307.09333     6.2128   15.81906 1.8817e+01     0.5346     0.6379 0.0000e+00
        251 102.556892    0.01735     1.0413     62.477     11.104  50072.864    31.3092     6.2180     11.000     6.2170    24.6113     5.9392     8.4878     84.318    258.876    265.247   -0.00323    7.04393   10.06648  307.02558     6.2171   15.81577 1.6243e+01     0.5292     0.6687 0.0000e+00
        256 102.556908    0.01774     1.0646     63.873     12.114  50077.515    31.3119     6.2177     12.000     6.2164    24.6134     6.1585     8.8011     87.431    268.431    275.038    0.01443    7.04385   10.06636  307.02137     6.2168   15.81555 1.4048e+01     0.5177     0.6654 0.0000e+00
        262 102.556925    0.01814     1.0885     65.312     13.123  50080.661    31.3132     6.2159     13.000     6.2131    24.6147     6.2316     8.9056     88.466    271.619    278.305    0.01513    7.04409   10.06670  307.03129     6.2148   15.81602 1.2104e+01     0.5065     0.6519 0.0000e+00
        268 102.556941    0.01852     1.1111     66.667     14.133  50088.601    31.3174     6.2112     14.000     6.2091    24.6186     6.2190     8.8876     88.279    271.067    277.740    0.00875    7.04466   10.06752  307.05520     6.2101   15.81714 1.0406e+01     0.4845     0.6317 0.0000e+00
        273 102.556957    0.01891     1.1344     68.062     15.142  50099.468    31.3242     6.2099     15.000     6.2086    24.6241     6.2870     8.9847     89.246    274.030    280.778    0.01041    7.04457   10.06739  307.04956     6.2086   15.81684 8.9812e+00     0.4764     0.6566 0.0000e+00
        279 102.556973    0.01929     1.1575     69.451     16.151  50103.967    31.3269     6.2101     16.000     6.2089    24.6262     6.4071     9.1564     90.953    279.263    286.141    0.01563    7.04442   10.06717  307.04213     6.2088   15.81648 7.7168e+00     0.4680     0.6739 0.0000e+00
        284 102.556989    0.01967     1.1806     70.834     17.161  50106.715    31.3284     6.2105     17.000     6.2092    24.6274     6.4832     9.2652     92.036    282.583    289.542    0.01608    7.04427   10.06696  307.03543     6.2091   15.81616 6.6408e+00     0.4850     0.6746 0.0000e+00
        290 102.557004    0.02005     1.2030     72.183     18.171  50109.959    31.3302     6.2107     18.000     6.2093    24.6288     6.4983     9.2867     92.251    283.238    290.214    0.01171    7.04415   10.06679  307.02985     6.2093   15.81589 5.7023e+00     0.4728     0.6551 0.0000e+00
        295 102.557020    0.02044     1.2259     73.554     19.180  50113.623    31.3323     6.2111     19.000     6.2097    24.6304     6.5010     9.2905     92.291    283.354    290.332    0.00782    7.04399   10.06657  307.02252     6.2095   15.81553 4.9003e+00     0.4559     0.6576 0.0000e+00
        301 102.557037    0.02082     1.2495     74.970     20.190  50116.027    31.3336     6.2116     20.000     6.2097    24.6314     6.5015     9.2913     92.301    283.377    290.357    0.00498    7.04385   10.06637  307.01601     6.2099   15.81521 4.2031e+00     0.4616     0.6762 0.0000e+00
        306 102.557052    0.02119     1.2715     76.288     21.199  50118.298    31.3345     6.2108     21.000     6.2086    24.6322     6.5066     9.2987     92.373    283.602    290.588    0.00359    7.04393   10.06648  307.01939     6.2091   15.81537 3.5967e+00     0.4679     0.6577 0.0000e+00
        311 102.557067    0.02156     1.2937     77.622     22.209  50120.007    31.3350     6.2095     22.000     6.2072    24.6328     6.5164     9.3126     92.509    284.027    291.023    0.00302    7.04411   10.06674  307.02721     6.2078   15.81574 3.0868e+00     0.4586     0.6491 0.0000e+00
        317 102.557083    0.02193     1.3157     78.945     23.218  50120.856    31.3348     6.2078     23.000     6.2047    24.6328     6.5236     9.3229     92.607    284.340    291.344    0.00248    7.04442   10.06718  307.04048     6.2059   15.81637 2.6411e+00     0.4543     0.6628 0.0000e+00
        322 102.557099    0.02230     1.3383     80.300     24.228  50122.729    31.3350     6.2044     24.000     6.2010    24.6333     6.5266     9.3272     92.643    284.472    291.480    0.00173    7.04497   10.06797  307.06450     6.2024   15.81752 2.2584e+00     0.4555     0.6736 0.0000e+00
        328 102.557114    0.02268     1.3606     81.633     25.237  50125.320    31.3357     6.2008     25.000     6.1979    24.6343     6.5325     9.3355     92.718    284.725    291.738    0.00147    7.04552   10.06875  307.08788     6.1989   15.81863 1.9329e+00     0.4481     0.6352 0.0000e+00
        333 102.557129    0.02303     1.3818     82.907     26.247  50127.872    31.3366     6.1991     26.000     6.1965    24.6353     6.5414     9.3483     92.841    285.114    292.138    0.00156    7.04578   10.06913  307.09905     6.1969   15.81916 1.6546e+00     0.4405     0.6469 0.0000e+00
        338 102.557144    0.02340     1.4039     84.235     27.257  50129.946    31.3374     6.1982     27.000     6.1957    24.6360     6.5462     9.3552     92.908    285.324    292.353    0.00136    7.04589   10.06928  307.10362     6.1960   15.81937 1.4146e+00     0.4366     0.6845 0.0000e+00
        343 102.557160    0.02377     1.4264     85.585     28.266  50132.655    31.3387     6.1976     28.000     6.1952    24.6371     6.5440     9.3520     92.876    285.228    292.255    0.00067    7.04592   10.06933  307.10468     6.1953   15.81942 1.2093e+00     0.4350     0.6684 0.0000e+00
        349 102.557175    0.02415     1.4486     86.916     29.275  50136.268    31.3406     6.1974     29.000     6.1951    24.6387     6.5479     9.3576     92.932    285.396    292.428    0.00064    7.04586   10.06923  307.10130     6.1951   15.81925 1.0329e+00     0.4485     0.6800 0.0000e+00
        354 102.557190    0.02449     1.4697     88.180     30.285  50137.908    31.3413     6.1976     30.000     6.1951    24.6393     6.5543     9.3667     93.024    285.674    292.713    0.00087    7.04580   10.06915  307.09857     6.1952   15.81912 8.8328e-01     0.4673     0.6758 0.0000e+00
        359 102.557205    0.02485     1.4910     89.461     31.295  50141.416    31.3433     6.1976     31.000     6.1951    24.6408     6.5581     9.3722     93.079    285.840    292.884    0.00081    7.04570   10.06901  307.09404     6.1951   15.81889 7.5723e-01     0.4508     0.7014 0.0000e+00
        364 102.557220    0.02522     1.5130     90.782     32.305  50143.972    31.3446     6.1976     32.000     6.1950    24.6419     6.5625     9.3784     93.142    286.031    293.080    0.00082    7.04564   10.06892  307.09100     6.1950   15.81874 6.4872e-01     0.4199     0.7060 0.0000e+00
        369 102.557235    0.02558     1.5348     92.091     33.314  50145.224    31.3450     6.1978     33.000     6.1952    24.6422     6.5636     9.3799     93.158    286.078    293.128    0.00058    7.04559   10.06885  307.08850     6.1951   15.81862 5.5583e-01     0.4177     0.6892 0.0000e+00
        375 102.557250    0.02595     1.5569     93.415     34.324  50146.114    31.3452     6.1980     34.000     6.1952    24.6423     6.5631     9.3793     93.152    286.059    293.108    0.00028    7.04556   10.06880  307.08717     6.1952   15.81856 4.7622e-01     0.4432     0.7100 0.0000e+00
        380 102.557265    0.02630     1.5781     94.684     35.333  50147.827    31.3459     6.1979     35.000     6.1950    24.6429     6.5704     9.3897     93.256    286.376    293.433    0.00064    7.04553   10.06877  307.08578     6.1951   15.81849 4.0898e-01     0.4477     0.6735 0.0000e+00
        385 102.557279    0.02666     1.5992     95.954     36.343  50151.696    31.3480     6.1976     36.000     6.1943    24.6446     6.5755     9.3971     93.330    286.600    293.664    0.00082    7.04548   10.06870  307.08339     6.1947   15.81837 3.5285e-01     0.4585     0.6719 0.0000e+00
        390 102.557295    0.02702     1.6211     97.265     37.353  50157.041    31.3511     6.1966     37.000     6.1932    24.6471     6.5722     9.3923     93.282    286.453    293.514    0.00021    7.04550   10.06873  307.08342     6.1936   15.81836 3.0488e-01     0.4310     0.6953 0.0000e+00
        395 102.557310    0.02738     1.6427     98.561     38.362  50160.313    31.3526     6.1954     38.000     6.1915    24.6485     6.5738     9.3946     93.304    286.524    293.586    0.00016    7.04563   10.06890  307.08844     6.1924   15.81859 2.6408e-01     0.4133     0.7186 0.0000e+00
        400 102.557324    0.02773     1.6640     99.837     39.372  50163.833    31.3542     6.1935     39.000     6.1899    24.6500     6.5770     9.3992     93.345    286.663    293.729    0.00029    7.04587   10.06926  307.09875     6.1903   15.81907 2.2931e-01     0.4099     0.6772 0.0000e+00
        405 102.557339    0.02807     1.6842    101.053     40.381  50166.234    31.3553     6.1931     40.000     6.1897    24.6509     6.5766     9.3986     93.339    286.645    293.711    0.00008    7.04589   10.06929  307.09934     6.1898   15.81910 2.0011e-01     0.4305     0.6814 0.0000e+00
        410 102.557352    0.02840     1.7040    102.241     41.391  50168.799    31.3566     6.1929     41.000     6.1893    24.6520     6.5791     9.4022     93.375    286.753    293.822    0.00019    7.04586   10.06925  307.09778     6.1895   15.81902 1.7592e-01     0.4441     0.7139 0.0000e+00
        415 102.557366    0.02873     1.7238    103.428     42.401  50171.086    31.3576     6.1923     42.000     6.1886    24.6528     6.5821     9.4065     93.418    286.884    293.957    0.00030    7.04591   10.06930  307.09929     6.1890   15.81908 1.5558e-01     0.4215     0.6966 0.0000e+00
        420 102.557380    0.02907     1.7438    104.628     43.411  50173.355    31.3585     6.1915     43.000     6.1875    24.6537     6.5816     9.4058     93.409    286.863    293.935    0.00010    7.04601   10.06945  307.10341     6.1880   15.81928 1.3802e-01     0.4033     0.6900 0.0000e+00
        424 102.557394    0.02940     1.7642    105.851     44.420  50176.107    31.3597     6.1902     44.000     6.1860    24.6548     6.5811     9.4051     93.401    286.841    293.913   -0.00006    7.04615   10.06966  307.10952     6.1867   15.81956 1.2348e-01     0.4120     0.7230 0.0000e+00
        429 102.557408    0.02973     1.7840    107.039     45.430  50179.118    31.3610     6.1887     45.000     6.1844    24.6560     6.5835     9.4084     93.431    286.943    294.018    0.00005    7.04634   10.06993  307.11739     6.1851   15.81993 1.1123e-01     0.4274     0.7121 0.0000e+00
        434 102.557421    0.03006     1.8034    108.207     46.439  50181.838    31.3622     6.1874     46.000     6.1832    24.6571     6.5847     9.4102     93.447    286.997    294.074    0.00007    7.04650   10.07016  307.12400     6.1837   15.82024 1.0095e-01     0.4418     0.6932 0.0000e+00
        438 102.557435    0.03038     1.8228    109.367     47.449  50184.065    31.3631     6.1865     47.000     6.1823    24.6579     6.5843     9.4095     93.438    286.976    294.052   -0.00006    7.04661   10.07032  307.12853     6.1827   15.82045 9.2580e-02     0.4348     0.6970 0.0000e+00
        443 102.557448    0.03070     1.8419    110.512     48.458  50186.974    31.3644     6.1855     48.000     6.1810    24.6591     6.5838     9.4089     93.430    286.955    294.031   -0.00015    7.04672   10.07047  307.13285     6.1816   15.82066 8.5278e-02     0.4314     0.7371 0.0000e+00
        448 102.557462    0.03103     1.8616    111.697     49.468  50190.150    31.3660     6.1843     49.000     6.1799    24.6604     6.5815     9.4057     93.397    286.856    293.930   -0.00035    7.04683   10.07063  307.13743     6.1804   15.82087 7.8855e-02     0.4362     0.7677 0.0000e+00
        453 102.557476    0.03136     1.8817    112.903     50.478  50193.119    31.3673     6.1833     50.000     6.1787    24.6617     6.5817     9.4059     93.398    286.864    293.938   -0.00032    7.04695   10.07079  307.14220     6.1792   15.82109 7.4208e-02     0.4431     0.7702 0.0000e+00
        457 102.557490    0.03170     1.9019    114.115     51.487  50196.078    31.3687     6.1822     51.000     6.1778    24.6629     6.5853     9.4110     93.447    287.019    294.098   -0.00003    7.04706   10.07095  307.14647     6.1781   15.82129 7.0524e-02     0.4404     0.8000 0.0000e+00
        462 102.557504    0.03204     1.9227    115.361     52.497  50198.153    31.3696     6.1816     52.000     6.1771    24.6636     6.5879     9.4147     93.483    287.133    294.215    0.00014    7.04712   10.07103  307.14879     6.1774   15.82140 6.7302e-02     0.4350     0.7764 0.0000e+00
        467 102.557518    0.03238     1.9427    116.560     53.507  50200.777    31.3707     6.1806     53.000     6.1758    24.6647     6.5859     9.4118     93.453    287.045    294.125   -0.00011    7.04723   10.07120  307.15338     6.1763   15.82161 6.4877e-02     0.4344     0.7706 0.0000e+00
