CTD-processing/allCTD/CNV/2016_06-16_alongbay_skb08_cast276_5028.cnv
* Sea-Bird SBE19plus Data File:
* FileName = C:\Users\Kris.Holderied\Documents\kasitsna\Research-KBL\Oceanography-AK\CTD-Data-ALL-to-2016-05\2016-CTD-KachemakBay-CookInlet\2016-06-16-KachemakBay-AlongBay-partial\2016-06-16-KachemakBay-AlongBay-cast276.hex
* Software Version 1.59
* Temperature SN =  5028
* Conductivity SN =  5028
* System UpLoad Time = Jul 26 2016 19:59:00
** Cook Inlet Kachemak Bay Along-bay line- partial
** Date (YYYY-MM-DD): 2016-06-16
** Station (eg. 9-01):  KB08
** Start time (AKDT): 15:52
** Depth (m): 79.6
** Comment:  R/V Edgecumbe.  Additional stations after monthly Transect 9 survey.
** Comment:
# nquan = 27
# nvalues = 73                          
# units = specified
# name 0 = scan: Scan Count
# name 1 = timeJ: Julian Days
# name 2 = timeH: Time, Elapsed [hours]
# name 3 = timeM: Time, Elapsed [minutes]
# name 4 = timeS: Time, Elapsed [seconds]
# name 5 = prdM: Pressure, Strain Gauge [db]
# name 6 = specc: Specific Conductance [uS/cm]
# name 7 = sal00: Salinity, Practical [PSU]
# name 8 = tv290C: Temperature [ITS-90, deg C]
# name 9 = depSM: Depth [salt water, m], lat = 59.00
# name 10 = potemp090C: Potential Temperature [ITS-90, deg C]
# name 11 = sigma-é00: Density [sigma-theta, kg/m^3]
# name 12 = sbeox0ML/L: Oxygen, SBE 43 [ml/l]
# name 13 = sbeox0Mg/L: Oxygen, SBE 43 [mg/l]
# name 14 = sbeox0PS: Oxygen, SBE 43 [% saturation]
# name 15 = sbox0Mm/Kg: Oxygen, SBE 43 [umol/kg]
# name 16 = sbeox0Mm/L: Oxygen, SBE 43 [umol/l]
# name 17 = sbox0dV/dT: Oxygen, SBE 43 [dov/dt]
# name 18 = oxsolML/L: Oxygen Saturation, Garcia & Gordon [ml/l]
# name 19 = oxsolMg/L: Oxygen Saturation, Garcia & Gordon [mg/l]
# name 20 = oxsolMm/Kg: Oxygen Saturation, Garcia & Gordon [umol/kg]
# name 21 = potemp090C: Potential Temperature [ITS-90, deg C]
# name 22 = n2satMg/L: Nitrogen Saturation [mg/l]
# name 23 = par: PAR/Irradiance, Biospherical/Licor
# name 24 = flECO-AFL: Fluorescence, WET Labs ECO-AFL/FL [mg/m^3]
# name 25 = turbWETntu0: Turbidity, WET Labs ECO [NTU]
# name 26 = flag: flag
# span 0 =         94,        642       
# span 1 = 168.661345, 168.662932       
# span 2 =    0.00643,    0.04453       
# span 3 =     0.3856,     2.6719       
# span 4 =     23.138,    160.315       
# span 5 =      1.009,     73.703       
# span 6 =  41235.408,  49669.441       
# span 7 =    26.1436,    31.2006       
# span 8 =     7.3111,    13.4926       
# span 9 =      1.000,     73.000       
# span 10 =     7.3045,    13.5416      
# span 11 =    19.4554,    24.3830      
# span 12 =     5.5265,     7.9288      
# span 13 =     7.8980,    11.3311      
# span 14 =     86.542,    118.869      
# span 15 =    242.126,    345.898      
# span 16 =    246.815,    354.101      
# span 17 =   -0.07158,    0.01614      
# span 18 =    6.16008,    6.87272      
# span 19 =    8.80336,    9.82181      
# span 20 =  269.64959,  299.62993      
# span 21 =     7.3045,    13.4923      
# span 22 =   14.04567,   15.46362      
# span 23 = 5.7703e-02, 6.8047e+02      
# span 24 =     0.0338,     8.5722      
# span 25 =     0.5813,     3.4804      
# span 26 = 0.0000e+00, 0.0000e+00      
# interval = meters: 1                  
# start_time = Jun 16 2016 15:51:57 [Instrument's time stamp, header]
# bad_flag = -9.990e-29
*END*
         94 168.661345    0.00643     0.3856     23.138      1.009  41235.408    26.1436    13.4718      1.000    13.5416    19.4554     5.5265     7.8980     89.097    242.126    246.815    0.00135    6.20775    8.87150  271.99801    13.4717   14.16269 6.8047e+02     0.4267     3.4804 0.0000e+00
        303 168.661949    0.02094     1.2567     75.402      2.019  42896.762    27.2088    13.4926      2.000    13.4687    20.2733     7.0037    10.0090    113.735    306.566    312.787    0.00210    6.16008    8.80336  269.64959    13.4923   14.04567 5.0685e+02     0.5060     2.5385 0.0000e+00
        341 168.662059    0.02359     1.4154     84.927      3.029  43411.914    27.5423    13.3331      3.000    13.2149    20.5609     7.2472    10.3570    117.515    317.141    323.662    0.00096    6.16711    8.81341  269.87414    13.3328   14.05510 3.7098e+02     0.5913     2.1348 0.0000e+00
        345 168.662073    0.02391     1.4344     86.063      4.038  44052.484    27.9662    13.0041      4.000    12.7203    20.9497     7.2518    10.3635    117.091    317.218    323.864   -0.00259    6.19346    8.85107  270.92352    13.0036   14.10374 2.6446e+02     0.6837     1.5746 0.0000e+00
        351 168.662089    0.02430     1.4580     87.479      5.047  45059.264    28.5836    11.9752      5.000    11.5181    21.6136     7.3103    10.4471    115.943    319.570    326.478   -0.00851    6.30571    9.01148  275.65315    11.9746   14.32796 1.8421e+02     0.8496     1.1455 0.0000e+00
        357 168.662107    0.02473     1.4836     89.019      6.057  46670.569    29.5534    10.4204      6.000     9.9092    22.6313     7.4527    10.6506    114.998    325.467    332.835   -0.01097    6.48109    9.26213  283.03708    10.4198   14.67755 1.2646e+02     1.5515     1.0355 0.0000e+00
        363 168.662124    0.02515     1.5088     90.530      7.066  48024.313    30.3606     9.2255      7.000     9.0399    23.4524     7.6686    10.9592    115.864    334.629    342.479   -0.00334    6.61819    9.45805  288.79421     9.2248   14.94962 8.3668e+01     4.1123     1.0623 0.0000e+00
        369 168.662141    0.02556     1.5335     92.011      8.076  48466.698    30.6138     8.7975      8.000     8.6819    23.7160     7.9288    11.3311    118.869    345.898    354.101    0.01614    6.67022    9.53242  290.99098     8.7967   15.05358 5.1386e+01     6.7435     1.0784 0.0000e+00
        375 168.662158    0.02596     1.5576     93.453      9.085  48804.811    30.7994     8.4450      9.000     8.3377    23.9131     7.8310    11.1914    116.625    341.567    349.735   -0.00197    6.71513    9.59660  292.89375     8.4441   15.14370 3.0248e+01     8.5722     1.2142 0.0000e+00
        381 168.662175    0.02636     1.5817     94.901     10.094  49116.995    30.9802     8.1956     10.000     8.1419    24.0908     7.4339    10.6238    110.220    324.188    331.998   -0.03538    6.74505    9.63935  294.14765     8.1947   15.20284 1.9362e+01     5.8257     1.0144 0.0000e+00
        386 168.662189    0.02672     1.6030     96.182     11.104  49237.371    31.0484     8.0938     11.000     8.0732    24.1588     6.9186     9.8874    102.387    301.697    308.986   -0.06759    6.75759    9.65728  294.67511     8.0928   15.22775 1.4623e+01     2.2276     0.7748 0.0000e+00
        391 168.662204    0.02705     1.6234     97.402     12.113  49279.978    31.0712     8.0520     12.000     8.0371    24.1827     6.6303     9.4753     98.038    289.116    296.108   -0.07158    6.76299    9.66499  294.90354     8.0509   15.23856 1.1488e+01     0.9936     0.7082 0.0000e+00
        395 168.662216    0.02735     1.6409     98.457     13.123  49295.076    31.0771     8.0247     13.000     8.0134    24.1912     6.5792     9.4023     97.225    286.885    293.825   -0.05586    6.76691    9.67060  295.07223     8.0235   15.24659 9.3271e+00     0.5309     0.6252 0.0000e+00
        399 168.662227    0.02762     1.6574     99.446     14.132  49304.825    31.0804     8.0050     14.000     7.9894    24.1965     6.5845     9.4099     97.262    287.115    294.063   -0.04012    6.76980    9.67472  295.19651     8.0036   15.25251 7.7041e+00     0.3622     0.5917 0.0000e+00
        403 168.662239    0.02790     1.6737    100.422     15.142  49317.984    31.0839     7.9712     15.000     7.9433    24.2041     6.5824     9.4069     97.160    287.023    293.970   -0.02958    6.77485    9.68194  295.41446     7.9698   15.26290 6.3551e+00     0.2822     0.5813 0.0000e+00
        407 168.662250    0.02817     1.6902    101.413     16.152  49325.692    31.0788     7.9076     16.000     7.8612    24.2091     6.5655     9.3827     96.767    286.283    293.214   -0.02353    6.78486    9.69625  295.84978     7.9061   15.28370 5.2343e+00     0.2323     0.6077 0.0000e+00
        411 168.662262    0.02845     1.7073    102.440     17.161  49385.711    31.1072     7.8248     17.000     7.8041    24.2429     6.5267     9.3273     96.032    284.582    291.481   -0.02096    6.79639    9.71272  296.34255     7.8232   15.30711 4.3025e+00     0.2014     0.6447 0.0000e+00
        415 168.662274    0.02875     1.7247    103.484     18.171  49412.511    31.1211     7.7972     18.000     7.7890    24.2577     6.4864     9.2697     95.388    282.823    289.683   -0.01890    6.80005    9.71795  296.49769     7.7955   15.31445 3.5724e+00     0.1612     0.6462 0.0000e+00
        419 168.662286    0.02904     1.7423    104.539     19.180  49433.809    31.1340     7.7877     19.000     7.7883    24.2691     6.4623     9.2353     95.021    281.770    288.608   -0.01563    6.80093    9.71921  296.53301     7.7860   15.31609 2.9698e+00     0.1276     0.6219 0.0000e+00
        423 168.662298    0.02933     1.7596    105.575     20.190  49468.702    31.1597     7.7991     20.000     7.8116    24.2877     6.4454     9.2112     94.813    281.028    287.854   -0.01245    6.79803    9.71507  296.40129     7.7972   15.30970 2.4661e+00     0.1041     0.6177 0.0000e+00
        427 168.662310    0.02960     1.7762    106.572     21.199  49480.285    31.1720     7.8285     21.000     7.8388    24.2933     6.4373     9.1996     94.765    280.674    287.492   -0.00938    6.79294    9.70779  296.17750     7.8265   15.29897 2.0481e+00     0.0904     0.6203 0.0000e+00
        431 168.662321    0.02987     1.7923    107.540     22.209  49476.911    31.1725     7.8489     22.000     7.8530    24.2908     6.4377     9.2002     94.815    280.689    287.507   -0.00664    6.78976    9.70325  296.03966     7.8469   15.29239 1.7093e+00     0.0813     0.6268 0.0000e+00
        435 168.662332    0.03014     1.8083    108.496     23.218  49481.035    31.1765     7.8595     23.000     7.8599    24.2926     6.4411     9.2051     94.892    280.841    287.664   -0.00441    6.78796    9.70067  295.96064     7.8573   15.28859 1.4229e+00     0.0645     0.6413 0.0000e+00
        439 168.662343    0.03040     1.8238    109.430     24.228  49483.123    31.1777     7.8606     24.000     7.8499    24.2934     6.4389     9.2019     94.861    280.743    287.563   -0.00337    6.78774    9.70035  295.95068     7.8583   15.28812 1.1807e+00     0.0700     0.6847 0.0000e+00
        443 168.662354    0.03066     1.8399    110.394     25.237  49494.810    31.1824     7.8414     25.000     7.8283    24.2997     6.4238     9.1802     94.600    280.080    286.885   -0.00391    6.79049    9.70429  296.06877     7.8390   15.29373 9.6262e-01     0.0813     0.8462 0.0000e+00
        446 168.662365    0.03092     1.8555    111.332     26.247  49492.134    31.1763     7.8179     26.000     7.7879    24.2982     6.3908     9.1332     94.061    278.646    285.416   -0.00595    6.79439    9.70987  296.23949     7.8155   15.30191 7.7167e-01     0.0807     0.9670 0.0000e+00
        450 168.662376    0.03118     1.8710    112.263     27.256  49472.603    31.1524     7.7564     27.000     7.7013    24.2880     6.3527     9.0787     93.355    276.986    283.714   -0.00857    6.80498    9.72500  296.70405     7.7539   15.32418 6.1647e-01     0.0614     0.9793 0.0000e+00
        454 168.662386    0.03145     1.8868    113.205     28.266  49480.296    31.1406     7.6526     28.000     7.5954    24.2930     6.3138     9.0229     92.555    275.284    281.971   -0.01110    6.82164    9.74882  297.42930     7.6500   15.35884 4.9720e-01     0.0562     0.9618 0.0000e+00
        458 168.662398    0.03171     1.9024    114.147     29.275  49542.691    31.1696     7.5661     29.000     7.5429    24.3277     6.2748     8.9672     91.820    273.575    280.230   -0.01261    6.83382    9.76622  297.95025     7.5635   15.38358 4.0431e-01     0.0524     0.9332 0.0000e+00
        461 168.662409    0.03197     1.9185    115.112     30.285  49572.680    31.1854     7.5373     30.000     7.5299    24.3440     6.2399     8.9175     91.259    272.052    278.675   -0.01268    6.83762    9.77164  298.11078     7.5346   15.39118 3.3101e-01     0.0383     0.9124 0.0000e+00
        465 168.662420    0.03225     1.9352    116.114     31.295  49580.437    31.1892     7.5307     31.000     7.5273    24.3480     6.2207     8.8900     90.966    271.213    277.817   -0.01105    6.83848    9.77287  298.14718     7.5279   15.39290 2.7240e-01     0.0507     0.9210 0.0000e+00
        470 168.662432    0.03254     1.9524    117.142     32.304  49581.735    31.1895     7.5300     32.000     7.5272    24.3483     6.2131     8.8792     90.854    270.882    277.478   -0.00864    6.83857    9.77301  298.15134     7.5271   15.39310 2.2590e-01     0.0650     0.9490 0.0000e+00
        474 168.662444    0.03282     1.9693    118.160     33.314  49581.538    31.1891     7.5307     33.000     7.5278    24.3479     6.2079     8.8717     90.778    270.654    277.244   -0.00670    6.83849    9.77289  298.14776     7.5277   15.39293 1.8934e-01     0.0604     0.9529 0.0000e+00
        478 168.662456    0.03310     1.9859    119.153     34.324  49581.642    31.1887     7.5305     34.000     7.5274    24.3476     6.2000     8.8604     90.662    270.308    276.890   -0.00554    6.83854    9.77295  298.14976     7.5274   15.39302 1.6059e-01     0.0602     0.9243 0.0000e+00
        481 168.662466    0.03336     2.0020    120.123     35.333  49583.994    31.1900     7.5314     35.000     7.5284    24.3485     6.1907     8.8471     90.529    269.905    276.477   -0.00492    6.83834    9.77267  298.14092     7.5282   15.39260 1.3792e-01     0.0653     0.9325 0.0000e+00
        485 168.662478    0.03363     2.0178    121.067     36.343  49576.107    31.1836     7.5289     36.000     7.5191    24.3439     6.1865     8.8411     90.458    269.723    276.289   -0.00410    6.83901    9.77363  298.17161     7.5256   15.39409 1.2018e-01     0.0623     0.9543 0.0000e+00
        489 168.662489    0.03390     2.0337    122.021     37.352  49579.154    31.1831     7.5153     37.000     7.5055    24.3453     6.1806     8.8327     90.344    269.465    276.025   -0.00372    6.84116    9.77671  298.26495     7.5120   15.39855 1.0632e-01     0.0687     0.9605 0.0000e+00
        493 168.662501    0.03418     2.0507    123.042     38.362  49585.882    31.1853     7.5035     38.000     7.4955    24.3487     6.1727     8.8214     90.205    269.119    275.672   -0.00354    6.84292    9.77921  298.34046     7.5000   15.40214 9.6008e-02     0.0712     0.9630 0.0000e+00
        498 168.662513    0.03448     2.0690    124.137     39.372  49588.910    31.1853     7.4933     39.000     7.4840    24.3501     6.1637     8.8086     90.054    268.729    275.273   -0.00341    6.84451    9.78149  298.40966     7.4897   15.40544 8.7987e-02     0.0786     0.9650 0.0000e+00
        502 168.662526    0.03478     2.0869    125.213     40.382  49597.122    31.1886     7.4815     40.000     7.4738    24.3543     6.1558     8.7972     89.915    268.382    274.918   -0.00327    6.84621    9.78393  298.48256     7.4778   15.40890 8.1270e-02     0.0681     0.9455 0.0000e+00
        506 168.662538    0.03508     2.1047    126.283     41.391  49603.438    31.1914     7.4741     41.000     7.4673    24.3575     6.1489     8.7874     89.801    268.080    274.609   -0.00303    6.84725    9.78541  298.52704     7.4703   15.41101 7.6275e-02     0.0583     0.9454 0.0000e+00
        510 168.662550    0.03538     2.1228    127.367     42.401  49610.098    31.1945     7.4678     42.000     7.4621    24.3608     6.1403     8.7751     89.665    267.707    274.228   -0.00297    6.84811    9.78664  298.56335     7.4639   15.41273 7.2311e-02     0.0574     0.9532 0.0000e+00
        515 168.662564    0.03570     2.1421    128.528     43.410  49614.804    31.1968     7.4649     43.000     7.4605    24.3630     6.1328     8.7644     89.550    267.378    273.892   -0.00277    6.84845    9.78713  298.57774     7.4609   15.41341 6.9242e-02     0.0598     0.9605 0.0000e+00
        520 168.662577    0.03602     2.1615    129.689     44.420  49616.772    31.1975     7.4636     44.000     7.4588    24.3638     6.1265     8.7554     89.457    267.105    273.612   -0.00248    6.84861    9.78735  298.58445     7.4596   15.41373 6.6789e-02     0.0707     0.9710 0.0000e+00
        524 168.662591    0.03634     2.1805    130.831     45.430  49619.196    31.1985     7.4619     45.000     7.4574    24.3648     6.1203     8.7465     89.363    266.832    273.333   -0.00233    6.84884    9.78768  298.59411     7.4578   15.41419 6.4783e-02     0.0729     0.9771 0.0000e+00
        529 168.662604    0.03666     2.1995    131.972     46.439  49620.918    31.1992     7.4614     46.000     7.4571    24.3654     6.1199     8.7460     89.356    266.813    273.314   -0.00174    6.84890    9.78776  298.59653     7.4572   15.41430 6.3215e-02     0.0692     0.9978 0.0000e+00
        533 168.662617    0.03697     2.2186    133.114     47.449  49621.667    31.1992     7.4612     47.000     7.4568    24.3654     6.1156     8.7398     89.292    266.625    273.122   -0.00157    6.84892    9.78779  298.59726     7.4569   15.41433 6.1906e-02     0.0720     1.0303 0.0000e+00
        538 168.662629    0.03728     2.2369    134.214     48.459  49622.328    31.1991     7.4610     48.000     7.4564    24.3655     6.1103     8.7322     89.214    266.393    272.884   -0.00165    6.84896    9.78784  298.59893     7.4566   15.41442 6.0896e-02     0.0613     1.0367 0.0000e+00
        542 168.662642    0.03758     2.2547    135.281     49.468  49623.035    31.1991     7.4606     49.000     7.4558    24.3655     6.1100     8.7318     89.210    266.382    272.873   -0.00125    6.84903    9.78794  298.60189     7.4561   15.41456 6.0263e-02     0.0387     0.9964 0.0000e+00
        546 168.662654    0.03788     2.2724    136.345     50.478  49624.083    31.1993     7.4598     50.000     7.4544    24.3657     6.1039     8.7231     89.119    266.115    272.600   -0.00144    6.84913    9.78810  298.60662     7.4553   15.41479 6.0590e-02     0.0400     0.9844 0.0000e+00
        551 168.662667    0.03816     2.2897    137.381     51.488  49626.698    31.2004     7.4581     51.000     7.4529    24.3668     6.0986     8.7156     89.041    265.889    272.368   -0.00156    6.84936    9.78842  298.61599     7.4534   15.41523 6.0927e-02     0.0518     0.9919 0.0000e+00
        555 168.662679    0.03845     2.3072    138.430     52.497  49627.852    31.2006     7.4574     52.000     7.4523    24.3671     6.0998     8.7172     89.055    265.937    272.417   -0.00119    6.84947    9.78857  298.62065     7.4526   15.41545 6.0754e-02     0.0522     0.9955 0.0000e+00
        559 168.662691    0.03876     2.3256    139.534     53.507  49627.831    31.2000     7.4570     53.000     7.4517    24.3667     6.1050     8.7246     89.129    266.162    272.648   -0.00041    6.84955    9.78869  298.62438     7.4521   15.41563 6.0574e-02     0.0382     0.9989 0.0000e+00
