CTD-processing/allCTD/CNV/2016_02-15_t6_s15_cast126_5028.cnv
* Sea-Bird SBE19plus Data File:
* FileName = C:\Users\Kris.Holderied\Documents\kasitsna\Research-KBL\Oceanography-AK\CTD-Data-ALL-to-2016-02\2016-CTD-KachemakBay-CookInlet\2016-02-CookInlet-quarterly\2016-02-15-CookInlet-Tran6-Douglas\2016-02-15-CookInlet-Tran6-cast126.hex
* Software Version 1.59
* Temperature SN =  5028
* Conductivity SN =  5028
* System UpLoad Time = Feb 15 2016 19:42:07
** Cook Inlet LTM Tran6 Douglas West to East

** Date: 02-15
** Station: 6-15
** Start time (AKST): 14:26
** Depth (m): 150
** Comment:  R/V Pandalus
** Comment:
# nquan = 27
# nvalues = 149                         
# units = specified
# name 0 = scan: Scan Count
# name 1 = timeJ: Julian Days
# name 2 = timeH: Time, Elapsed [hours]
# name 3 = timeM: Time, Elapsed [minutes]
# name 4 = timeS: Time, Elapsed [seconds]
# name 5 = prdM: Pressure, Strain Gauge [db]
# name 6 = specc: Specific Conductance [uS/cm]
# name 7 = sal00: Salinity, Practical [PSU]
# name 8 = tv290C: Temperature [ITS-90, deg C]
# name 9 = depSM: Depth [salt water, m], lat = 59.00
# name 10 = potemp090C: Potential Temperature [ITS-90, deg C]
# name 11 = sigma-é00: Density [sigma-theta, kg/m^3]
# name 12 = sbeox0ML/L: Oxygen, SBE 43 [ml/l]
# name 13 = sbeox0Mg/L: Oxygen, SBE 43 [mg/l]
# name 14 = sbeox0PS: Oxygen, SBE 43 [% saturation]
# name 15 = sbox0Mm/Kg: Oxygen, SBE 43 [umol/kg]
# name 16 = sbeox0Mm/L: Oxygen, SBE 43 [umol/l]
# name 17 = sbox0dV/dT: Oxygen, SBE 43 [dov/dt]
# name 18 = oxsolML/L: Oxygen Saturation, Garcia & Gordon [ml/l]
# name 19 = oxsolMg/L: Oxygen Saturation, Garcia & Gordon [mg/l]
# name 20 = oxsolMm/Kg: Oxygen Saturation, Garcia & Gordon [umol/kg]
# name 21 = potemp090C: Potential Temperature [ITS-90, deg C]
# name 22 = n2satMg/L: Nitrogen Saturation [mg/l]
# name 23 = par: PAR/Irradiance, Biospherical/Licor
# name 24 = flECO-AFL: Fluorescence, WET Labs ECO-AFL/FL [mg/m^3]
# name 25 = turbWETntu0: Turbidity, WET Labs ECO [NTU]
# name 26 = flag: flag
# span 0 =         67,        760       
# span 1 =  46.601581,  46.603584       
# span 2 =    0.00460,    0.05269       
# span 3 =     0.2759,     3.1616       
# span 4 =     16.556,    189.695       
# span 5 =      1.009,    150.460       
# span 6 =  49324.359,  51230.803       
# span 7 =    30.8891,    32.1131       
# span 8 =     6.3127,     6.6927       
# span 9 =      1.000,    149.000       
# span 10 =     6.3368,     6.6833      
# span 11 =    24.2681,    25.2027      
# span 12 =     5.8072,     6.2519      
# span 13 =     8.2990,     8.9345      
# span 14 =     82.949,     90.099      
# span 15 =    253.044,    272.361      
# span 16 =    259.346,    279.208      
# span 17 =   -0.00188,    0.02412      
# span 18 =    6.92993,    7.05236      
# span 19 =    9.90357,   10.07853      
# span 20 =  301.88912,  307.54440      
# span 21 =     6.3126,     6.6833      
# span 22 =   15.56767,   15.84219      
# span 23 = 3.7976e-02, 1.2113e+02      
# span 24 =     0.0542,     0.1881      
# span 25 =     0.3742,     1.4404      
# span 26 = 0.0000e+00, 0.0000e+00      
# interval = meters: 1                  
# start_time = Feb 15 2016 14:26:00 [Instrument's time stamp, header]
# bad_flag = -9.990e-29
*END*
[from data line 108]
        620  46.603180    0.04298     2.5787    154.721    110.058  51157.656    32.1041     6.6926    109.000     6.6827    25.1796     6.2245     8.8955     89.820    271.159    277.986   -0.00039    6.92996    9.90360  301.89047     6.6832   15.56774 3.7976e-02     0.1330     0.4629 0.0000e+00
        625  46.603193    0.04330     2.5980    155.882    111.068  51153.565    32.1003     6.6904    110.000     6.6764    25.1769     6.2195     8.8883     89.741    270.941    277.763   -0.00078    6.93048    9.90436  301.91421     6.6809   15.56889 3.7976e-02     0.1267     0.5008 0.0000e+00
        629  46.603205    0.04359     2.6152    156.912    112.078  51147.245    32.0931     6.6776    111.000     6.6593    25.1728     6.2158     8.8830     89.656    270.781    277.597   -0.00108    6.93288    9.90778  302.01981     6.6679   15.57395 3.7976e-02     0.1323     0.4774 0.0000e+00
        632  46.603215    0.04381     2.6289    157.732    113.088  51157.795    32.0976     6.6653    112.000     6.6522    25.1781     6.2148     8.8816     89.620    270.736    277.553   -0.00118    6.93464    9.91030  302.09490     6.6556   15.57751 3.7976e-02     0.1341     0.4748 0.0000e+00
        635  46.603223    0.04403     2.6416    158.495    114.099  51160.607    32.0982     6.6605    113.000     6.6483    25.1792     6.2168     8.8843     89.639    270.821    277.640   -0.00090    6.93538    9.91134  302.12660     6.6508   15.57902 3.7976e-02     0.1326     0.4910 0.0000e+00
        638  46.603233    0.04425     2.6549    159.293    115.108  51161.205    32.0975     6.6567    114.000     6.6444    25.1791     6.2175     8.8854     89.641    270.854    277.674   -0.00072    6.93604    9.91228  302.15534     6.6469   15.58040 3.7976e-02     0.1363     0.5095 0.0000e+00
        641  46.603242    0.04447     2.6685    160.107    116.117  51162.991    32.0975     6.6529    115.000     6.6409    25.1795     6.2166     8.8841     89.620    270.814    277.634   -0.00076    6.93666    9.91317  302.18227     6.6429   15.58168 3.7976e-02     0.1324     0.5277 0.0000e+00
        644  46.603250    0.04468     2.6808    160.845    117.128  51165.695    32.0984     6.6504    116.000     6.6397    25.1806     6.2159     8.8832     89.605    270.784    277.603   -0.00075    6.93701    9.91368  302.19741     6.6403   15.58240 3.7976e-02     0.1294     0.5406 0.0000e+00
        647  46.603259    0.04489     2.6932    161.595    118.138  51166.028    32.0981     6.6499    117.000     6.6392    25.1805     6.2144     8.8809     89.581    270.716    277.533   -0.00078    6.93711    9.91383  302.20174     6.6397   15.58261 3.7976e-02     0.1293     0.5433 0.0000e+00
        651  46.603270    0.04515     2.7088    162.530    119.148  51167.554    32.0985     6.6492    118.000     6.6392    25.1809     6.2107     8.8757     89.528    270.556    277.369   -0.00094    6.93720    9.91395  302.20541     6.6390   15.58278 3.7976e-02     0.1320     0.5313 0.0000e+00
        655  46.603282    0.04544     2.7260    163.558    120.158  51170.633    32.1004     6.6504    119.000     6.6423    25.1823     6.2081     8.8720     89.493    270.441    277.251   -0.00097    6.93692    9.91355  302.19282     6.6401   15.58218 3.7976e-02     0.1359     0.5234 0.0000e+00
        659  46.603292    0.04566     2.7397    164.384    121.168  51173.646    32.1029     6.6550    120.000     6.6484    25.1836     6.2087     8.8729     89.514    270.470    277.281   -0.00070    6.93607    9.91233  302.15529     6.6446   15.58038 3.7976e-02     0.1340     0.5317 0.0000e+00
        661  46.603300    0.04586     2.7515    165.092    122.178  51174.526    32.1042     6.6606    121.000     6.6547    25.1838     6.2105     8.8753     89.551    270.544    277.357   -0.00043    6.93510    9.91096  302.11329     6.6501   15.57837 3.7976e-02     0.1363     0.5361 0.0000e+00
        664  46.603307    0.04605     2.7631    165.785    123.188  51172.594    32.1035     6.6669    122.000     6.6595    25.1825     6.2147     8.8814     89.625    270.730    277.549   -0.00003    6.93413    9.90956  302.07109     6.6563   15.57635 3.7976e-02     0.1355     0.5318 0.0000e+00
        667  46.603317    0.04628     2.7769    166.615    124.198  51167.797    32.1004     6.6709    123.000     6.6606    25.1797     6.2205     8.8897     89.715    270.984    277.808    0.00046    6.93362    9.90885  302.05015     6.6602   15.57537 3.7976e-02     0.1370     0.5105 0.0000e+00
        672  46.603329    0.04657     2.7943    167.657    125.209  51166.830    32.0993     6.6712    124.000     6.6598    25.1787     6.2197     8.8886     89.703    270.949    277.772    0.00028    6.93361    9.90883  302.04992     6.6605   15.57537 3.7976e-02     0.1459     0.4772 0.0000e+00
        676  46.603343    0.04689     2.8133    168.796    126.218  51168.023    32.0994     6.6696    125.000     6.6582    25.1790     6.2155     8.8825     89.639    270.764    277.582   -0.00024    6.93387    9.90919  302.06106     6.6587   15.57589 3.7976e-02     0.1423     0.4845 0.0000e+00
        680  46.603355    0.04717     2.8304    169.823    127.228  51168.944    32.0994     6.6688    126.000     6.6573    25.1791     6.2157     8.8828     89.640    270.773    277.591   -0.00027    6.93400    9.90938  302.06687     6.6578   15.57617 3.7976e-02     0.1441     0.5362 0.0000e+00
        683  46.603363    0.04739     2.8437    170.624    128.239  51168.469    32.0984     6.6678    127.000     6.6554    25.1785     6.2183     8.8866     89.676    270.891    277.711   -0.00007    6.93422    9.90968  302.07619     6.6567   15.57662 3.7976e-02     0.1453     0.5749 0.0000e+00
        686  46.603371    0.04758     2.8548    171.289    129.248  51170.033    32.0987     6.6660    128.000     6.6542    25.1790     6.2194     8.8882     89.689    270.937    277.758   -0.00003    6.93447    9.91005  302.08728     6.6550   15.57715 3.7976e-02     0.1357     0.5374 0.0000e+00
        689  46.603379    0.04777     2.8658    171.949    130.259  51173.106    32.1002     6.6654    129.000     6.6551    25.1803     6.2186     8.8869     89.676    270.900    277.721   -0.00015    6.93450    9.91010  302.08823     6.6542   15.57719 3.7976e-02     0.1369     0.5245 0.0000e+00
        692  46.603388    0.04798     2.8786    172.713    131.269  51177.625    32.1033     6.6677    130.000     6.6600    25.1824     6.2160     8.8834     89.646    270.790    277.609   -0.00034    6.93400    9.90938  302.06568     6.6564   15.57610 3.7976e-02     0.1394     0.5150 0.0000e+00
        696  46.603399    0.04825     2.8949    173.693    132.278  51175.286    32.1025     6.6743    131.000     6.6649    25.1809     6.2127     8.8785     89.610    270.643    277.457   -0.00052    6.93297    9.90791  302.02129     6.6630   15.57399 3.7976e-02     0.1362     0.5043 0.0000e+00
        700  46.603411    0.04852     2.9116    174.694    133.289  51173.501    32.1013     6.6774    132.000     6.6666    25.1796     6.2124     8.8781     89.612    270.631    277.446   -0.00045    6.93253    9.90728  302.00249     6.6659   15.57309 3.7976e-02     0.1321     0.4948 0.0000e+00
        703  46.603421    0.04877     2.9263    175.577    134.299  51172.248    32.1001     6.6782    133.000     6.6658    25.1786     6.2140     8.8804     89.636    270.701    277.517   -0.00027    6.93246    9.90719  301.99992     6.6666   15.57297 3.7976e-02     0.1345     0.4961 0.0000e+00
        707  46.603432    0.04902     2.9412    176.471    135.309  51170.362    32.0980     6.6761    134.000     6.6608    25.1771     6.2146     8.8813     89.640    270.729    277.546   -0.00024    6.93289    9.90781  302.01919     6.6644   15.57390 3.7976e-02     0.1308     0.5291 0.0000e+00
        710  46.603441    0.04927     2.9558    177.350    136.319  51169.094    32.0951     6.6681    135.000     6.6496    25.1759     6.2146     8.8812     89.620    270.726    277.542   -0.00035    6.93431    9.90983  302.08123     6.6563   15.57688 3.7976e-02     0.1303     0.5156 0.0000e+00
        714  46.603451    0.04949     2.9694    178.164    137.329  51171.809    32.0944     6.6568    136.000     6.6361    25.1768     6.2139     8.8802     89.587    270.696    277.511   -0.00052    6.93616    9.91247  302.16134     6.6450   15.58070 3.7976e-02     0.1311     0.5315 0.0000e+00
        717  46.603461    0.04972     2.9833    178.999    138.339  51175.025    32.0932     6.6410    137.000     6.6184    25.1779     6.2128     8.8786     89.537    270.647    277.461   -0.00075    6.93877    9.91619  302.27456     6.6291   15.58610 3.7976e-02     0.1368     0.5466 0.0000e+00
        721  46.603472    0.05001     3.0004    180.025    139.349  51189.456    32.0993     6.6224    138.000     6.6036    25.1851     6.2078     8.8716     89.431    270.430    277.242   -0.00117    6.94147    9.92006  302.39039     6.6104   15.59160 3.7976e-02     0.1344     0.5515 0.0000e+00
        725  46.603484    0.05029     3.0172    181.034    140.359  51197.248    32.1016     6.6086    139.000     6.5903    25.1887     6.2018     8.8630     89.317    270.167    276.972   -0.00156    6.94359    9.92308  302.48145     6.5966   15.59593 3.7976e-02     0.1183     0.5651 0.0000e+00
        728  46.603493    0.05050     3.0297    181.782    141.370  51201.384    32.1022     6.5992    140.000     6.5793    25.1904     6.1970     8.8562     89.229    269.960    276.760   -0.00179    6.94507    9.92520  302.54574     6.5872   15.59899 3.7976e-02     0.1151     0.5813 0.0000e+00
        731  46.603500    0.05068     3.0408    182.449    142.380  51206.847    32.1035     6.5884    141.000     6.5688    25.1928     6.1947     8.8530     89.175    269.860    276.659   -0.00188    6.94675    9.92761  302.61831     6.5763   15.60245 3.7976e-02     0.1138     0.6212 0.0000e+00
        734  46.603509    0.05088     3.0529    183.175    143.390  51216.986    32.1083     6.5785    142.000     6.5625    25.1978     6.1930     8.8505     89.133    269.784    276.582   -0.00182    6.94814    9.92958  302.67695     6.5663   15.60523 3.7976e-02     0.1258     0.6360 0.0000e+00
        737  46.603519    0.05113     3.0678    184.068    144.400  51223.679    32.1114     6.5734    143.000     6.5602    25.2010     6.1905     8.8468     89.087    269.670    276.466   -0.00170    6.94882    9.93056  302.70588     6.5611   15.60660 3.7976e-02     0.1169     0.6434 0.0000e+00
        741  46.603531    0.05141     3.0847    185.083    145.410  51225.577    32.1120     6.5721    144.000     6.5594    25.2017     6.1875     8.8425     89.041    269.538    276.331   -0.00157    6.94899    9.93081  302.71327     6.5597   15.60695 3.7976e-02     0.1061     0.6334 0.0000e+00
        745  46.603542    0.05169     3.1010    186.061    146.420  51227.611    32.1128     6.5716    145.000     6.5590    25.2024     6.1873     8.8423     89.039    269.534    276.327   -0.00125    6.94904    9.93088  302.71517     6.5591   15.60704 3.7976e-02     0.1042     0.6486 0.0000e+00
        749  46.603554    0.05196     3.1175    187.053    147.431  51228.709    32.1131     6.5717    146.000     6.5591    25.2026     6.1884     8.8439     89.055    269.583    276.377   -0.00090    6.94902    9.93084  302.71383     6.5591   15.60697 3.7980e-02     0.1059     0.6613 0.0000e+00
        753  46.603565    0.05221     3.1329    187.972    148.441  51229.207    32.1130     6.5717    147.000     6.5588    25.2025     6.1885     8.8441     89.056    269.587    276.381   -0.00071    6.94903    9.93085  302.71428     6.5590   15.60699 3.7998e-02     0.1179     0.6443 0.0000e+00
        756  46.603574    0.05244     3.1463    188.779    149.451  51230.025    32.1131     6.5715    148.000     6.5585    25.2026     6.1879     8.8432     89.047    269.559    276.352   -0.00068    6.94905    9.93088  302.71526     6.5588   15.60704 3.8086e-02     0.1158     0.6492 0.0000e+00
        760  46.603584    0.05269     3.1616    189.695    150.460  51230.803    32.1130     6.5711    149.000     6.5580    25.2027     6.1879     8.8431     89.045    269.558    276.353   -0.00063    6.94911    9.93098  302.71806     6.5583   15.60718 3.8470e-02     0.1145     0.6504 0.0000e+00
