CTD-processing/allCTD/CNV/2016_05-12_t9_s07_cast230_5028.cnv
* Sea-Bird SBE19plus Data File:
* FileName = C:\Users\Kris.Holderied\Documents\kasitsna\Research-KBL\Oceanography-AK\CTD-Data-ALL-to-2016-05\2016-CTD-KachemakBay-CookInlet\2016-05-12-CookInlet-HomerSpit-monthly\2016-05-12-CookInlet-Tran9-cast230.hex
* Software Version 1.59
* Temperature SN =  5028
* Conductivity SN =  5028
* System UpLoad Time = May 16 2016 17:01:01
** Cook Inlet LTM Tran9 Homer Spit north to south
** Date (YYYY-MM-DD): 2016-05-12
** Station (ie. 9-01):  9-07
** Start time (AKST): 13:28
** Depth (m): 98
** Comment:  R/V Edgecumbe
** Comment:
# nquan = 27
# nvalues = 90                          
# units = specified
# name 0 = scan: Scan Count
# name 1 = timeJ: Julian Days
# name 2 = timeH: Time, Elapsed [hours]
# name 3 = timeM: Time, Elapsed [minutes]
# name 4 = timeS: Time, Elapsed [seconds]
# name 5 = prdM: Pressure, Strain Gauge [db]
# name 6 = specc: Specific Conductance [uS/cm]
# name 7 = sal00: Salinity, Practical [PSU]
# name 8 = tv290C: Temperature [ITS-90, deg C]
# name 9 = depSM: Depth [salt water, m], lat = 59.00
# name 10 = potemp090C: Potential Temperature [ITS-90, deg C]
# name 11 = sigma-é00: Density [sigma-theta, kg/m^3]
# name 12 = sbeox0ML/L: Oxygen, SBE 43 [ml/l]
# name 13 = sbeox0Mg/L: Oxygen, SBE 43 [mg/l]
# name 14 = sbeox0PS: Oxygen, SBE 43 [% saturation]
# name 15 = sbox0Mm/Kg: Oxygen, SBE 43 [umol/kg]
# name 16 = sbeox0Mm/L: Oxygen, SBE 43 [umol/l]
# name 17 = sbox0dV/dT: Oxygen, SBE 43 [dov/dt]
# name 18 = oxsolML/L: Oxygen Saturation, Garcia & Gordon [ml/l]
# name 19 = oxsolMg/L: Oxygen Saturation, Garcia & Gordon [mg/l]
# name 20 = oxsolMm/Kg: Oxygen Saturation, Garcia & Gordon [umol/kg]
# name 21 = potemp090C: Potential Temperature [ITS-90, deg C]
# name 22 = n2satMg/L: Nitrogen Saturation [mg/l]
# name 23 = par: PAR/Irradiance, Biospherical/Licor
# name 24 = flECO-AFL: Fluorescence, WET Labs ECO-AFL/FL [mg/m^3]
# name 25 = turbWETntu0: Turbidity, WET Labs ECO [NTU]
# name 26 = flag: flag
# span 0 =        267,        607       
# span 1 = 133.562378, 133.563362       
# span 2 =    0.01847,    0.04207       
# span 3 =     1.1081,     2.5243       
# span 4 =     66.488,    151.460       
# span 5 =      1.010,     90.869       
# span 6 =  48043.936,  50010.515       
# span 7 =    30.2679,    31.3142       
# span 8 =     6.6070,     8.5866       
# span 9 =      1.000,     90.000       
# span 10 =     6.6021,     8.6204      
# span 11 =    23.5000,    24.5587      
# span 12 =     6.4790,     7.9946      
# span 13 =     9.2590,    11.4250      
# span 14 =     92.979,    119.101      
# span 15 =    282.415,    348.820      
# span 16 =    289.350,    357.037      
# span 17 =   -0.02133,    0.05298      
# span 18 =    6.71231,    6.98518      
# span 19 =    9.59256,    9.98252      
# span 20 =  292.87259,  304.50414      
# span 21 =     6.6018,     8.5865      
# span 22 =   15.14446,   15.69604      
# span 23 = 5.3216e-02, 8.3777e+02      
# span 24 =     0.1840,     4.0320      
# span 25 =     0.9793,     2.0786      
# span 26 = 0.0000e+00, 0.0000e+00      
# interval = meters: 1                  
# start_time = May 12 2016 13:28:43 [Instrument's time stamp, header]
# bad_flag = -9.990e-29
*END*
        267 133.562378    0.01847     1.1081     66.488      1.010  48155.696    30.3703     8.5866      1.000     8.6204    23.5566     7.9946    11.4250    119.101    348.820    357.037    0.05298    6.71231    9.59256  292.87259     8.5865   15.14446 8.3777e+02     0.9702     1.2520 0.0000e+00
        273 133.562397    0.01892     1.1352     68.112      2.019  48043.936    30.2679     8.4221      2.000     8.2820    23.5000     7.9785    11.4020    118.345    348.137    356.318    0.02778    6.74186    9.63479  294.17829     8.4219   15.20722 5.7691e+02     1.0318     1.3414 0.0000e+00
        278 133.562410    0.01923     1.1535     69.209      3.029  48236.283    30.3546     8.1014      3.000     8.0034    23.6135     7.9416    11.3493    117.013    346.489    354.670    0.01132    6.78709    9.69943  296.11890     8.1012   15.29952 3.4797e+02     1.4470     1.4928 0.0000e+00
        282 133.562422    0.01951     1.1707     70.240      4.038  48394.491    30.4421     7.9531      4.000     7.9100    23.7030     7.9203    11.3189    116.373    345.532    353.722    0.00327    6.80607    9.72655  296.92101     7.9528   15.33745 2.0302e+02     2.3255     1.6299 0.0000e+00
        286 133.562434    0.01981     1.1889     71.337      5.047  48477.618    30.4848     7.8571      5.000     7.7963    23.7499     7.9486    11.3594    116.566    346.752    354.987    0.00339    6.81905    9.74510  297.47378     7.8567   15.36365 1.1742e+02     3.3472     1.6518 0.0000e+00
        291 133.562447    0.02012     1.2069     72.412      6.056  48605.348    30.5528     7.7256      6.000     7.6733    23.8213     7.9201    11.3186    115.851    345.481    353.711   -0.00129    6.83650    9.77005  298.21433     7.7250   15.39871 6.8510e+01     3.9058     1.7394 0.0000e+00
        295 133.562459    0.02041     1.2241     73.447      7.066  48704.287    30.6055     7.6259      7.000     7.5822    23.8763     7.8174    11.1719    114.129    340.985    349.126   -0.01085    6.84973    9.78895  298.77540     7.6252   15.42527 4.0211e+01     4.0320     1.8949 0.0000e+00
        299 133.562470    0.02068     1.2408     74.449      8.075  48788.149    30.6500     7.5420      8.000     7.5057    23.9226     7.7099    11.0182    112.375    336.279    344.323   -0.01831    6.86090    9.80491  299.24895     7.5412   15.44768 2.3689e+01     3.9731     1.9511 0.0000e+00
        303 133.562482    0.02095     1.2573     75.440      9.085  48877.543    30.7023     7.4836      9.000     7.4754    23.9716     7.6252    10.8971    111.029    332.568    340.540   -0.02133    6.86772    9.81466  299.53213     7.4828   15.46097 1.3962e+01     3.8915     1.9896 0.0000e+00
        307 133.562494    0.02124     1.2747     76.482     10.094  48924.583    30.7331     7.4749     10.000     7.4586    23.9970     7.5551    10.7970    110.010    329.506    337.413   -0.02130    6.86771    9.81464  299.52421     7.4739   15.46047 8.5863e+00     3.7415     2.0017 0.0000e+00
        311 133.562506    0.02153     1.2919     77.512     11.104  48960.563    30.7497     7.4258     11.000     7.3902    24.0166     7.5118    10.7351    109.268    327.608    335.477   -0.01965    6.87471    9.82465  299.82390     7.4247   15.47470 5.3363e+00     3.4828     1.9523 0.0000e+00
        315 133.562517    0.02180     1.3078     78.467     12.114  49006.762    30.7707     7.3600     12.000     7.3281    24.0418     7.4746    10.6819    108.577    325.977    333.814   -0.01840    6.88415    9.83814  300.22810     7.3589   15.49389 3.2853e+00     3.1374     1.9792 0.0000e+00
        318 133.562527    0.02204     1.3226     79.353     13.123  49046.935    30.7898     7.3096     13.000     7.2876    24.0636     7.4220    10.6067    107.701    323.675    331.463   -0.01885    6.89127    9.84831  300.53218     7.3084   15.50832 2.0838e+00     2.9142     2.0354 0.0000e+00
        322 133.562537    0.02228     1.3368     80.206     14.132  49076.296    30.8045     7.2772     14.000     7.2635    24.0794     7.3636    10.5232    106.784    321.123    328.855   -0.01987    6.89573    9.85468  300.72192     7.2760   15.51731 1.3144e+00     2.8211     2.0786 0.0000e+00
        325 133.562546    0.02251     1.3507     81.040     15.142  49094.911    30.8135     7.2569     15.000     7.2418    24.0893     7.3163    10.4557    106.056    319.060    326.746   -0.01970    6.89854    9.85870  300.84178     7.2556   15.52299 8.2135e-01     2.7755     2.0683 0.0000e+00
        328 133.562556    0.02274     1.3646     81.874     16.151  49132.457    30.8351     7.2327     16.000     7.2206    24.1094     7.2836    10.4090    105.538    317.627    325.285   -0.01829    6.90141    9.86281  300.96109     7.2313   15.52859 5.3155e-01     2.7091     2.0581 0.0000e+00
        332 133.562566    0.02298     1.3785     82.710     17.161  49183.169    30.8679     7.2207     17.000     7.2239    24.1368     7.2583    10.3729    105.165    316.516    324.155   -0.01636    6.90183    9.86340  300.97105     7.2192   15.52893 3.4869e-01     2.5873     2.0432 0.0000e+00
        335 133.562576    0.02321     1.3925     83.552     18.171  49193.604    30.8761     7.2295     18.000     7.2327    24.1422     7.2437    10.3521    104.981    315.880    323.506   -0.01373    6.90007    9.86089  300.89281     7.2279   15.52516 2.3353e-01     2.4369     2.0027 0.0000e+00
        339 133.562586    0.02345     1.4069     84.412     19.180  49188.504    30.8732     7.2357     19.000     7.2348    24.1390     7.2361    10.3410    104.883    315.547    323.162   -0.01104    6.89921    9.85966  300.85633     7.2340   15.52344 1.6582e-01     2.3472     1.9806 0.0000e+00
        342 133.562596    0.02370     1.4218     85.305     20.190  49198.699    30.8801     7.2376     20.000     7.2389    24.1442     7.2286    10.3304    104.784    315.218    322.829   -0.00899    6.89860    9.85879  300.82807     7.2358   15.52206 1.2437e-01     2.3417     1.9875 0.0000e+00
        346 133.562606    0.02395     1.4366     86.198     21.200  49212.037    30.8899     7.2432     21.000     7.2409    24.1512     7.2223    10.3214    104.712    314.939    322.546   -0.00722    6.89726    9.85687  300.76760     7.2414   15.51914 9.7585e-02     2.3429     1.9407 0.0000e+00
        349 133.562617    0.02420     1.4516     87.096     22.209  49219.743    30.8939     7.2381     22.000     7.2254    24.1551     7.2190    10.3166    104.654    314.793    322.398   -0.00583    6.89789    9.85777  300.79412     7.2361   15.52039 8.1998e-02     2.3398     1.8620 0.0000e+00
        353 133.562627    0.02444     1.4666     87.994     23.219  49237.251    30.9018     7.2159     23.000     7.1965    24.1642     7.2174    10.3144    104.584    314.724    322.329   -0.00483    6.90106    9.86230  300.92936     7.2138   15.52680 7.2424e-02     2.3196     1.7945 0.0000e+00
        357 133.562638    0.02469     1.4815     88.891     24.228  49266.349    30.9164     7.1845     24.000     7.1661    24.1798     7.2090    10.3025    104.398    314.357    321.958   -0.00467    6.90539    9.86849  301.11385     7.1824   15.53555 6.6706e-02     2.2081     1.7113 0.0000e+00
        360 133.562648    0.02493     1.4961     89.765     25.237  49292.632    30.9296     7.1574     25.000     7.1408    24.1937     7.1874    10.2715    104.028    313.407    320.989   -0.00565    6.90911    9.87380  301.27173     7.1552   15.54302 6.2992e-02     2.0682     1.6522 0.0000e+00
        364 133.562658    0.02518     1.5108     90.645     26.247  49311.167    30.9374     7.1298     26.000     7.1068    24.2035     7.1561    10.2269    103.515    312.041    319.593   -0.00728    6.91316    9.87960  301.44558     7.1274   15.55128 6.0545e-02     1.9377     1.6313 0.0000e+00
        367 133.562668    0.02542     1.5252     91.513     27.256  49339.885    30.9505     7.0924     27.000     7.0671    24.2187     7.1194    10.1743    102.903    310.433    317.951   -0.00907    6.91852    9.88726  301.67496     7.0900   15.56217 5.8950e-02     1.7352     1.5728 0.0000e+00
        370 133.562678    0.02565     1.5394     92.364     28.266  49371.736    30.9652     7.0517     28.000     7.0195    24.2355     7.0833    10.1228    102.297    308.857    316.342   -0.01060    6.92435    9.89559  301.92437     7.0493   15.57400 5.7876e-02     1.4821     1.5113 0.0000e+00
        374 133.562688    0.02589     1.5536     93.215     29.275  49410.497    30.9823     6.9975     29.000     6.9588    24.2560     7.0490    10.0737    101.685    307.353    314.808   -0.01164    6.93226    9.90689  302.26295     6.9949   15.59008 5.7138e-02     1.2764     1.5071 0.0000e+00
        377 133.562698    0.02613     1.5678     94.071     30.286  49464.798    31.0092     6.9376     30.000     6.9082    24.2850     7.0052    10.0112    100.932    305.437    312.854   -0.01323    6.94064    9.91886  302.61960     6.9350   15.60697 5.6598e-02     1.0908     1.5020 0.0000e+00
        381 133.562707    0.02637     1.5821     94.927     31.294  49503.907    31.0285     6.8955     31.000     6.8749    24.3056     6.9511     9.9338    100.066    303.069    310.435   -0.01513    6.94651    9.92726  302.86976     6.8929   15.61882 5.6200e-02     0.9682     1.4571 0.0000e+00
        384 133.562717    0.02661     1.5963     95.780     32.304  49530.534    31.0416     6.8672     32.000     6.8514    24.3196     6.8989     9.8592     99.258    300.790    308.105   -0.01638    6.95048    9.93293  303.03873     6.8644   15.62683 5.5907e-02     0.8799     1.4032 0.0000e+00
        387 133.562727    0.02684     1.6103     96.620     33.314  49550.438    31.0513     6.8466     33.000     6.8337    24.3299     6.8599     9.8034     98.656    299.083    306.360   -0.01624    6.95334    9.93701  303.16010     6.8438   15.63257 5.5685e-02     0.8162     1.3555 0.0000e+00
        391 133.562737    0.02707     1.6244     97.461     34.325  49569.972    31.0616     6.8302     34.000     6.8179    24.3401     6.8330     9.7651     98.239    297.910    305.162   -0.01503    6.95550    9.94011  303.25168     6.8274   15.63689 5.5497e-02     0.7643     1.3187 0.0000e+00
        394 133.562747    0.02730     1.6384     98.303     35.334  49592.474    31.0739     6.8143     35.000     6.8016    24.3518     6.8144     9.7386     97.944    297.101    304.336   -0.01330    6.95753    9.94301  303.33643     6.8113   15.64089 5.5357e-02     0.7253     1.2987 0.0000e+00
        398 133.562756    0.02754     1.6523     99.136     36.343  49617.600    31.0882     6.7991     36.000     6.7874    24.3650     6.7965     9.7129     97.660    296.312    303.532   -0.01191    6.95932    9.94556  303.41045     6.7960   15.64436 5.5255e-02     0.6942     1.3227 0.0000e+00
        401 133.562766    0.02777     1.6662     99.975     37.352  49634.994    31.0972     6.7842     37.000     6.7692    24.3740     6.7773     9.6853     97.357    295.471    302.673   -0.01096    6.96131    9.94841  303.49469     6.7810   15.64834 5.5158e-02     0.6640     1.3651 0.0000e+00
        404 133.562776    0.02801     1.6805    100.829     38.362  49656.702    31.1078     6.7619     38.000     6.7442    24.3852     6.7571     9.6566     97.024    294.590    301.773   -0.01032    6.96442    9.95286  303.62717     6.7586   15.65461 5.5066e-02     0.6335     1.3744 0.0000e+00
        408 133.562785    0.02824     1.6945    101.672     39.371  49682.580    31.1212     6.7393     39.000     6.7275    24.3987     6.7355     9.6258     96.672    293.645    300.810   -0.01002    6.96746    9.95720  303.75569     6.7360   15.66068 5.4976e-02     0.5974     1.3384 0.0000e+00
        411 133.562795    0.02848     1.7088    102.526     40.381  49697.932    31.1291     6.7263     40.000     6.7184    24.4066     6.7164     9.5985     96.373    292.809    299.956   -0.00951    6.96921    9.95969  303.82933     6.7228   15.66416 5.4914e-02     0.5409     1.2962 0.0000e+00
        415 133.562806    0.02872     1.7232    103.390     41.391  49706.138    31.1330     6.7191     41.000     6.7121    24.4106     6.7002     9.5753     96.127    292.101    299.231   -0.00871    6.97017    9.96108  303.87039     6.7156   15.66611 5.4846e-02     0.5140     1.2873 0.0000e+00
        418 133.562815    0.02896     1.7377    104.261     42.401  49712.299    31.1358     6.7131     42.000     6.7061    24.4135     6.6851     9.5536     95.897    291.439    298.554   -0.00803    6.97102    9.96229  303.90640     6.7096   15.66781 5.4783e-02     0.5056     1.2989 0.0000e+00
        422 133.562826    0.02922     1.7527    105.164     43.410  49718.323    31.1385     6.7073     43.000     6.7015    24.4164     6.6726     9.5359     95.708    290.897    298.000   -0.00719    6.97184    9.96346  303.94127     6.7037   15.66946 5.4773e-02     0.4979     1.3018 0.0000e+00
        425 133.562837    0.02946     1.7679    106.072     44.420  49722.574    31.1404     6.7043     44.000     6.6995    24.4183     6.6567     9.5131     95.474    290.201    297.287   -0.00678    6.97224    9.96403  303.95790     6.7006   15.67024 5.4716e-02     0.5056     1.3130 0.0000e+00
        429 133.562847    0.02971     1.7828    106.967     45.430  49725.133    31.1414     6.7025     45.000     6.6979    24.4193     6.6454     9.4970     95.310    289.711    296.786   -0.00621    6.97248    9.96437  303.96817     6.6987   15.67073 5.4647e-02     0.5137     1.3103 0.0000e+00
        432 133.562857    0.02996     1.7977    107.864     46.439  49726.947    31.1419     6.7012     46.000     6.6966    24.4199     6.6412     9.4909     95.246    289.525    296.596   -0.00512    6.97267    9.96464  303.97631     6.6973   15.67112 5.4618e-02     0.4998     1.2775 0.0000e+00
        436 133.562868    0.03022     1.8129    108.774     47.450  49728.249    31.1422     6.7000     47.000     6.6950    24.4203     6.6356     9.4829     95.163    289.281    296.345   -0.00435    6.97286    9.96491  303.98452     6.6960   15.67151 5.4611e-02     0.4861     1.2663 0.0000e+00
        440 133.562878    0.03047     1.8280    109.680     48.459  49729.704    31.1424     6.6981     48.000     6.6930    24.4206     6.6288     9.4732     95.062    288.984    296.042   -0.00392    6.97316    9.96533  303.99711     6.6940   15.67211 5.4563e-02     0.4880     1.2649 0.0000e+00
        443 133.562889    0.03071     1.8430    110.578     49.468  49731.688    31.1430     6.6964     49.000     6.6915    24.4214     6.6244     9.4669     94.995    288.794    295.846   -0.00343    6.97339    9.96568  304.00746     6.6923   15.67260 5.4510e-02     0.4956     1.2662 0.0000e+00
        447 133.562899    0.03096     1.8578    111.467     50.478  49732.893    31.1432     6.6952     50.000     6.6902    24.4216     6.6202     9.4610     94.933    288.610    295.659   -0.00300    6.97359    9.96595  304.01579     6.6909   15.67300 5.4502e-02     0.4883     1.2690 0.0000e+00
        450 133.562909    0.03121     1.8724    112.346     51.488  49733.694    31.1430     6.6939     51.000     6.6884    24.4217     6.6131     9.4508     94.827    288.301    295.342   -0.00291    6.97382    9.96629  304.02588     6.6895   15.67348 5.4481e-02     0.4829     1.2574 0.0000e+00
        454 133.562919    0.03145     1.8870    113.217     52.497  49735.147    31.1432     6.6920     52.000     6.6870    24.4221     6.6061     9.4407     94.723    287.994    295.027   -0.00290    6.97410    9.96669  304.03798     6.6876   15.67405 5.4444e-02     0.4768     1.2403 0.0000e+00
        457 133.562929    0.03169     1.9014    114.083     53.507  49735.851    31.1431     6.6911     53.000     6.6855    24.4222     6.6011     9.4336     94.649    287.777    294.805   -0.00271    6.97425    9.96691  304.04471     6.6866   15.67437 5.4411e-02     0.4667     1.2316 0.0000e+00
