CTD-processing/allCTD/CNV/2016_07-27_t9_s02_cast009_5028.cnv
* Sea-Bird SBE19plus Data File:
* FileName = C:\Users\Kris.Holderied\Documents\kasitsna\Research-KBL\Oceanography-AK\CTD-Data-ALL-to-2016-05\2016-CTD-KachemakBay-CookInlet\2016-07-27-CookInlet-HomerSpit-monthly\2016-07-27-CookInlet-Tran9-cast009.hex
* Software Version 1.59
* Temperature SN =  5028
* Conductivity SN =  5028
* System UpLoad Time = Jul 27 2016 20:08:47
** Cook Inlet LTM Tran9 Homer Spit monthly
** Date (YYYY-MM-DD): 2016-07-27
** Station (eg. 9-01):  9-02
** Start time (AKDT): 11:52
** Depth (m): 76.8
** Comment:  R/V Edgecumbe.  Part of all-bay survey with T4 and along-bay stations (1-9).
** Comment:
# nquan = 27
# nvalues = 64                          
# units = specified
# name 0 = scan: Scan Count
# name 1 = timeJ: Julian Days
# name 2 = timeH: Time, Elapsed [hours]
# name 3 = timeM: Time, Elapsed [minutes]
# name 4 = timeS: Time, Elapsed [seconds]
# name 5 = prdM: Pressure, Strain Gauge [db]
# name 6 = specc: Specific Conductance [uS/cm]
# name 7 = sal00: Salinity, Practical [PSU]
# name 8 = tv290C: Temperature [ITS-90, deg C]
# name 9 = depSM: Depth [salt water, m], lat = 59.00
# name 10 = potemp090C: Potential Temperature [ITS-90, deg C]
# name 11 = sigma-é00: Density [sigma-theta, kg/m^3]
# name 12 = sbeox0ML/L: Oxygen, SBE 43 [ml/l]
# name 13 = sbeox0Mg/L: Oxygen, SBE 43 [mg/l]
# name 14 = sbeox0PS: Oxygen, SBE 43 [% saturation]
# name 15 = sbox0Mm/Kg: Oxygen, SBE 43 [umol/kg]
# name 16 = sbeox0Mm/L: Oxygen, SBE 43 [umol/l]
# name 17 = sbox0dV/dT: Oxygen, SBE 43 [dov/dt]
# name 18 = oxsolML/L: Oxygen Saturation, Garcia & Gordon [ml/l]
# name 19 = oxsolMg/L: Oxygen Saturation, Garcia & Gordon [mg/l]
# name 20 = oxsolMm/Kg: Oxygen Saturation, Garcia & Gordon [umol/kg]
# name 21 = potemp090C: Potential Temperature [ITS-90, deg C]
# name 22 = n2satMg/L: Nitrogen Saturation [mg/l]
# name 23 = par: PAR/Irradiance, Biospherical/Licor
# name 24 = flECO-AFL: Fluorescence, WET Labs ECO-AFL/FL [mg/m^3]
# name 25 = turbWETntu0: Turbidity, WET Labs ECO [NTU]
# name 26 = flag: flag
# span 0 =        206,        476       
# span 1 = 209.494770, 209.495553       
# span 2 =    0.01421,    0.03299       
# span 3 =     0.8527,     1.9790       
# span 4 =     51.164,    118.742       
# span 5 =      1.010,     64.614       
# span 6 =  38950.514,  49806.714       
# span 7 =    24.5532,    31.6450       
# span 8 =     9.3792,    12.1185       
# span 9 =      1.000,     64.000       
# span 10 =     9.3760,    11.8774      
# span 11 =    18.4683,    24.3950      
# span 12 =     5.7277,     6.5706      
# span 13 =     8.1854,     9.3901      
# span 14 =     87.506,    102.926      
# span 15 =    249.734,    287.022      
# span 16 =    255.798,    293.443      
# span 17 =   -0.06206,    0.00492      
# span 18 =    6.38663,    6.55351      
# span 19 =    9.12712,    9.36563      
# span 20 =  278.97713,  285.76741      
# span 21 =     9.3772,    12.1184      
# span 22 =   14.48391,   14.80101      
# span 23 = 6.5031e-02, 9.7529e+01      
# span 24 =     0.1000,     1.4948      
# span 25 =     0.6129,     1.2289      
# span 26 = 0.0000e+00, 0.0000e+00      
# interval = meters: 1                  
# start_time = Jul 27 2016 11:51:37 [Instrument's time stamp, header]
# bad_flag = -9.990e-29
*END*
[from data line 54]
        447 209.495469    0.03097     1.8586    111.514     55.526  49785.589    31.6353     9.6364     55.000     9.6296    24.3857     5.8201     8.3176     89.484    253.740    259.928    0.00120    6.50409    9.29500  283.55794     9.6305   14.69414 6.8374e-02     0.1233     0.6159 0.0000e+00
        450 209.495478    0.03120     1.8718    112.307     56.536  49787.991    31.6364     9.6349     56.000     9.6271    24.3868     5.8285     8.3296     89.610    254.106    260.303    0.00169    6.50428    9.29526  283.56557     9.6288   14.69450 6.7853e-02     0.1194     0.6350 0.0000e+00
        453 209.495487    0.03141     1.8848    113.086     57.546  49792.045    31.6385     9.6324     57.000     9.6251    24.3888     5.8327     8.3356     89.672    254.288    260.490    0.00165    6.50453    9.29562  283.57623     9.6263   14.69500 6.7350e-02     0.1336     0.6446 0.0000e+00
        456 209.495496    0.03163     1.8977    113.860     58.556  49795.776    31.6405     9.6309     58.000     9.6243    24.3907     5.8358     8.3400     89.717    254.422    260.628    0.00145    6.50465    9.29580  283.58115     9.6247   14.69523 6.6873e-02     0.1519     0.6284 0.0000e+00
        460 209.495505    0.03185     1.9106    114.638     59.565  49797.504    31.6413     9.6306     59.000     9.6238    24.3914     5.8386     8.3440     89.761    254.545    260.754    0.00133    6.50468    9.29584  283.58206     9.6242   14.69527 6.6424e-02     0.1400     0.6129 0.0000e+00
        463 209.495514    0.03206     1.9235    115.410     60.575  49798.820    31.6417     9.6301     60.000     9.6230    24.3918     5.8386     8.3439     89.759    254.542    260.751    0.00099    6.50473    9.29591  283.58412     9.6236   14.69537 6.6108e-02     0.1387     0.6180 0.0000e+00
        466 209.495523    0.03227     1.9362    116.175     61.585  49800.601    31.6424     9.6291     61.000     9.6214    24.3924     5.8355     8.3395     89.710    254.406    260.612    0.00041    6.50484    9.29608  283.58894     9.6225   14.69559 6.5820e-02     0.1489     0.6316 0.0000e+00
        469 209.495532    0.03248     1.9491    116.944     62.595  49803.288    31.6436     9.6275     62.000     9.6199    24.3937     5.8333     8.3364     89.674    254.311    260.515   -0.00005    6.50502    9.29632  283.59617     9.6208   14.69593 6.5519e-02     0.1610     0.6790 0.0000e+00
        472 209.495541    0.03271     1.9625    117.750     63.605  49805.521    31.6446     9.6264     63.000     9.6192    24.3947     5.8332     8.3362     89.670    254.306    260.509   -0.00014    6.50514    9.29649  283.60115     9.6195   14.69617 6.5267e-02     0.1493     0.7771 0.0000e+00
        476 209.495553    0.03299     1.9790    118.742     64.614  49806.714    31.6450     9.6259     64.000     9.6187    24.3950     5.8317     8.3340     89.646    254.240    260.442   -0.00029    6.50520    9.29658  283.60358     9.6189   14.69629 6.5031e-02     0.1306     0.7099 0.0000e+00
