CTD-processing/allCTD/CNV/2016_07-27_t4_s02_cast019_5028.cnv
* Sea-Bird SBE19plus Data File:
* FileName = C:\Users\Kris.Holderied\Documents\kasitsna\Research-KBL\Oceanography-AK\CTD-Data-ALL-to-2016-05\2016-CTD-KachemakBay-CookInlet\2016-07-27-CookInlet-Tran4-Barabara-special\2016-07-27-CookInlet-Tran4-cast019.hex
* Software Version 1.59
* Temperature SN =  5028
* Conductivity SN =  5028
* System UpLoad Time = Jul 27 2016 20:22:39
** Cook Inlet LTM Tran4 Barabara north to south
** Date (YYYY-MM-DD): 2016-07-27
** Station (eg. 9-01): 4-02
** Start time (AKDT): 14:11
** Depth (m): 100
** Comment:  R/V Edgecumbe.  Part of all-bay survey with T9 and along-bay stations (1-9).
** Comment:
# nquan = 27
# nvalues = 95                          
# units = specified
# name 0 = scan: Scan Count
# name 1 = timeJ: Julian Days
# name 2 = timeH: Time, Elapsed [hours]
# name 3 = timeM: Time, Elapsed [minutes]
# name 4 = timeS: Time, Elapsed [seconds]
# name 5 = prdM: Pressure, Strain Gauge [db]
# name 6 = specc: Specific Conductance [uS/cm]
# name 7 = sal00: Salinity, Practical [PSU]
# name 8 = tv290C: Temperature [ITS-90, deg C]
# name 9 = depSM: Depth [salt water, m], lat = 59.00
# name 10 = potemp090C: Potential Temperature [ITS-90, deg C]
# name 11 = sigma-é00: Density [sigma-theta, kg/m^3]
# name 12 = sbeox0ML/L: Oxygen, SBE 43 [ml/l]
# name 13 = sbeox0Mg/L: Oxygen, SBE 43 [mg/l]
# name 14 = sbeox0PS: Oxygen, SBE 43 [% saturation]
# name 15 = sbox0Mm/Kg: Oxygen, SBE 43 [umol/kg]
# name 16 = sbeox0Mm/L: Oxygen, SBE 43 [umol/l]
# name 17 = sbox0dV/dT: Oxygen, SBE 43 [dov/dt]
# name 18 = oxsolML/L: Oxygen Saturation, Garcia & Gordon [ml/l]
# name 19 = oxsolMg/L: Oxygen Saturation, Garcia & Gordon [mg/l]
# name 20 = oxsolMm/Kg: Oxygen Saturation, Garcia & Gordon [umol/kg]
# name 21 = potemp090C: Potential Temperature [ITS-90, deg C]
# name 22 = n2satMg/L: Nitrogen Saturation [mg/l]
# name 23 = par: PAR/Irradiance, Biospherical/Licor
# name 24 = flECO-AFL: Fluorescence, WET Labs ECO-AFL/FL [mg/m^3]
# name 25 = turbWETntu0: Turbidity, WET Labs ECO [NTU]
# name 26 = flag: flag
# span 0 =        313,        649       
# span 1 = 209.592453, 209.593426       
# span 2 =    0.02165,    0.04499       
# span 3 =     1.2987,     2.6995       
# span 4 =     77.921,    161.968       
# span 5 =      1.009,     95.918       
# span 6 =  48128.700,  49838.285       
# span 7 =    30.6558,    31.6451       
# span 8 =     9.5612,    11.0122       
# span 9 =      1.000,     95.000       
# span 10 =     9.5499,    10.9691      
# span 11 =    23.3928,    24.4060      
# span 12 =     5.8703,     7.2618      
# span 13 =     8.3892,    10.3779      
# span 14 =     90.112,    114.325      
# span 15 =    255.922,    316.901      
# span 16 =    262.168,    324.315      
# span 17 =   -0.06240,    0.00520      
# span 18 =    6.35191,    6.51446      
# span 19 =    9.07752,    9.30981      
# span 20 =  277.19210,  284.00414      
# span 21 =     9.5509,    11.0121      
# span 22 =   14.39342,   14.71545      
# span 23 = 6.0057e-02, 7.9356e+01      
# span 24 =     0.5510,     5.2068      
# span 25 =     0.3361,     0.6603      
# span 26 = 0.0000e+00, 0.0000e+00      
# interval = meters: 1                  
# start_time = Jul 27 2016 14:11:50 [Instrument's time stamp, header]
# bad_flag = -9.990e-29
*END*
        313 209.592453    0.02165     1.2987     77.921      1.009  48128.700    30.6558    11.0122      1.000    10.9691    23.3928     7.2618    10.3779    114.325    316.901    324.315    0.00520    6.35191    9.07752  277.19210    11.0121   14.39342 7.9356e+01     4.3900     0.5037 0.0000e+00
        318 209.592467    0.02199     1.3194     79.164      2.018  48485.920    30.8874    10.8309      2.000    10.7285    23.6040     7.2614    10.3773    114.040    316.815    324.294    0.00183    6.36744    9.09971  277.81234    10.8306   14.42218 5.5550e+01     4.8302     0.5927 0.0000e+00
        321 209.592478    0.02224     1.3346     80.077      3.028  48743.867    31.0484    10.6493      3.000    10.5600    23.7602     7.2555    10.3689    113.618    316.511    324.031   -0.00149    6.38592    9.12612  278.57618    10.6490   14.45811 3.6611e+01     5.1289     0.5847 0.0000e+00
        325 209.592488    0.02249     1.3492     80.950      4.038  48924.399    31.1578    10.4976      4.000    10.4106    23.8710     7.2180    10.3153    112.741    314.841    322.356   -0.00615    6.40247    9.14977  279.26788    10.4972   14.49078 2.3994e+01     5.2068     0.5353 0.0000e+00
        328 209.592497    0.02272     1.3632     81.792      5.047  49069.996    31.2423    10.3481      5.000    10.2569    23.9619     7.0978    10.1435    110.566    309.571    316.989   -0.01735    6.41982    9.17457  279.99986    10.3476   14.52547 1.6984e+01     4.8589     0.4978 0.0000e+00
        332 209.592508    0.02296     1.3772     82.631      6.057  49212.038    31.3259    10.2147      6.000    10.1713    24.0493     6.8711     9.8194    106.781    299.656    306.862   -0.03625    6.43503    9.19630  280.63918    10.2141   14.55574 1.3528e+01     3.7865     0.4591 0.0000e+00
        335 209.592517    0.02319     1.3916     83.494      7.066  49280.798    31.3667    10.1550      7.000    10.1428    24.0910     6.5969     9.4277    102.411    287.688    294.619   -0.05491    6.44173    9.20587  280.91987    10.1542   14.56901 1.1144e+01     2.4812     0.4062 0.0000e+00
        338 209.592527    0.02343     1.4057     84.343      8.076  49297.013    31.3759    10.1402      8.000    10.1361    24.1006     6.3952     9.1393     99.252    278.888    285.609   -0.06240    6.44341    9.20829  280.99102    10.1393   14.57237 9.0895e+00     2.0519     0.3892 0.0000e+00
        342 209.592537    0.02366     1.4194     85.165      9.085  49300.847    31.3777    10.1361      9.000    10.1340    24.1027     6.3097     9.0172     97.918    275.160    281.792   -0.05652    6.44392    9.20900  281.01234    10.1351   14.57338 7.3893e+00     1.9537     0.3833 0.0000e+00
        345 209.592546    0.02388     1.4330     85.978     10.095  49301.664    31.3777    10.1346     10.000    10.1328    24.1030     6.2897     8.9886     97.604    274.287    280.899   -0.04472    6.44413    9.20931  281.02141    10.1335   14.57382 6.0488e+00     1.9460     0.3921 0.0000e+00
        348 209.592555    0.02410     1.4461     86.767     11.104  49301.129    31.3767    10.1333     11.000    10.1299    24.1024     6.2894     8.9882     97.596    274.274    280.885   -0.03385    6.44434    9.20962  281.03088    10.1322   14.57427 5.0010e+00     1.9262     0.4004 0.0000e+00
        351 209.592565    0.02433     1.4595     87.572     12.114  49301.069    31.3755    10.1280     12.000    10.1201    24.1024     6.2918     8.9916     97.621    274.378    280.992   -0.02549    6.44515    9.21077  281.06614    10.1266   14.57596 4.1590e+00     1.8788     0.4045 0.0000e+00
        355 209.592575    0.02457     1.4743     88.459     13.124  49307.369    31.3780    10.1153     13.000    10.1048    24.1064     6.2910     8.9906     97.584    274.345    280.958   -0.01872    6.44684    9.21318  281.13864    10.1138   14.57943 3.4294e+00     1.8163     0.4085 0.0000e+00
        358 209.592585    0.02482     1.4890     89.342     14.133  49316.049    31.3816    10.0986     14.000    10.0848    24.1120     6.2778     8.9716     97.345    273.766    280.367   -0.01511    6.44904    9.21632  281.23303    10.0970   14.58393 2.8346e+00     1.6927     0.3919 0.0000e+00
        362 209.592594    0.02505     1.5029     90.173     15.142  49327.193    31.3861    10.0758     15.000    10.0511    24.1193     6.2565     8.9412     96.969    272.836    279.416   -0.01365    6.45206    9.22064  281.36276    10.0741   14.59012 2.3684e+00     1.6391     0.3800 0.0000e+00
        365 209.592604    0.02527     1.5162     90.970     16.152  49349.507    31.3963    10.0348     16.000     9.9894    24.1340     6.2327     8.9071     96.520    271.793    278.352   -0.01318    6.45742    9.22830  281.59255    10.0331   14.60108 2.0016e+00     1.4882     0.3677 0.0000e+00
        368 209.592613    0.02550     1.5296     91.774     17.161  49400.927    31.4225     9.9595     17.000     9.9025    24.1667     6.2052     8.8678     95.952    270.584    277.123   -0.01352    6.46699    9.24198  282.00071     9.9576   14.62050 1.7060e+00     1.2470     0.3524 0.0000e+00
        371 209.592623    0.02572     1.5433     92.598     18.170  49479.810    31.4674     9.8780     18.000     9.8457    24.2150     6.1660     8.8118     95.204    268.864    275.374   -0.01484    6.47666    9.25580  282.40921     9.8761   14.63986 1.4712e+00     0.9790     0.3387 0.0000e+00
        375 209.592632    0.02595     1.5569     93.417     19.180  49525.361    31.4936     9.8356     19.000     9.8203    24.2424     6.1230     8.7503     94.467    266.978    273.450   -0.01601    6.48160    9.26285  282.61675     9.8336   14.64968 1.2746e+00     0.7981     0.3361 0.0000e+00
        378 209.592642    0.02617     1.5703     94.215     20.189  49545.063    31.5046     9.8169     20.000     9.8083    24.2540     6.0932     8.7078     93.976    265.678    272.121   -0.01560    6.48380    9.26600  282.70966     9.8146   14.65408 1.1085e+00     0.7750     0.3485 0.0000e+00
        381 209.592650    0.02638     1.5830     94.982     21.199  49553.799    31.5092     9.8079     21.000     9.8016    24.2591     6.0816     8.6912     93.781    265.170    271.603   -0.01342    6.48489    9.26756  282.75583     9.8055   14.65627 9.6592e-01     0.7981     0.3561 0.0000e+00
        384 209.592659    0.02660     1.5956     95.734     22.209  49559.722    31.5122     9.8026     22.000     9.7971    24.2623     6.0765     8.6840     93.694    264.950    271.378   -0.01092    6.48552    9.26845  282.78228     9.8001   14.65752 8.4168e-01     0.8056     0.3574 0.0000e+00
        387 209.592668    0.02681     1.6083     96.497     23.218  49562.875    31.5133     9.7968     23.000     9.7850    24.2641     6.0699     8.6745     93.581    264.660    271.082   -0.00912    6.48629    9.26956  282.81553     9.7943   14.65911 7.3288e-01     0.7730     0.3529 0.0000e+00
        390 209.592678    0.02704     1.6223     97.340     24.228  49582.906    31.5248     9.7800     24.000     9.7689    24.2758     6.0624     8.6638     93.437    264.330    270.746   -0.00778    6.48820    9.27229  282.89567     9.7774   14.66290 6.4004e-01     0.7439     0.3524 0.0000e+00
        394 209.592689    0.02732     1.6391     98.345     25.238  49602.287    31.5362     9.7662     25.000     9.7582    24.2870     6.0527     8.6499     93.266    263.903    270.313   -0.00661    6.48969    9.27442  282.95764     9.7635   14.66582 5.5848e-01     0.7617     0.3579 0.0000e+00
        399 209.592702    0.02763     1.6575     99.448     26.247  49607.973    31.5381     9.7528     26.000     9.7424    24.2906     6.0457     8.6398     93.131    263.595    269.997   -0.00541    6.49152    9.27704  283.03652     9.7500   14.66959 4.8406e-01     0.7733     0.3460 0.0000e+00
        403 209.592713    0.02789     1.6731    100.388     27.257  49621.047    31.5452     9.7399     27.000     9.7319    24.2982     6.0399     8.6317     93.021    263.345    269.744   -0.00459    6.49307    9.27924  283.10152     9.7370   14.67267 4.2251e-01     0.7381     0.3413 0.0000e+00
        406 209.592723    0.02813     1.6878    101.266     28.266  49630.196    31.5501     9.7314     28.000     9.7249    24.3034     6.0311     8.6192     92.872    262.961    269.352   -0.00440    6.49408    9.28068  283.14396     9.7284   14.67467 3.7112e-01     0.7655     0.3717 0.0000e+00
        410 209.592733    0.02837     1.7023    102.140     29.276  49636.300    31.5532     9.7264     29.000     9.7217    24.3068     6.0247     8.6099     92.764    262.679    269.064   -0.00404    6.49467    9.28152  283.16893     9.7232   14.67586 3.2714e-01     0.7721     0.3886 0.0000e+00
        413 209.592743    0.02861     1.7166    102.996     30.286  49638.715    31.5542     9.7241     30.000     9.7200    24.3079     6.0184     8.6008     92.662    262.402    268.780   -0.00366    6.49494    9.28191  283.18044     9.7209   14.67640 2.8839e-01     0.7495     0.3798 0.0000e+00
        416 209.592753    0.02884     1.7301    103.809     31.295  49640.073    31.5546     9.7230     31.000     9.7189    24.3083     6.0111     8.5904     92.548    262.083    268.454   -0.00358    6.49509    9.28214  283.18699     9.7196   14.67672 2.5479e-01     0.7383     0.3711 0.0000e+00
        419 209.592762    0.02906     1.7434    104.603     32.304  49641.187    31.5548     9.7219     32.000     9.7175    24.3088     6.0059     8.5831     92.467    261.859    268.225   -0.00332    6.49524    9.28235  283.19343     9.7184   14.67702 2.2643e-01     0.7042     0.3710 0.0000e+00
        423 209.592771    0.02928     1.7569    105.413     33.314  49642.483    31.5551     9.7205     33.000     9.7158    24.3092     6.0012     8.5764     92.392    261.654    268.015   -0.00306    6.49542    9.28261  283.20124     9.7169   14.67740 2.0163e-01     0.7068     0.3700 0.0000e+00
        426 209.592781    0.02951     1.7706    106.237     34.324  49643.952    31.5555     9.7187     34.000     9.7133    24.3098     5.9994     8.5737     92.360    261.574    267.933   -0.00264    6.49567    9.28296  283.21185     9.7150   14.67790 1.8008e-01     0.7128     0.3823 0.0000e+00
        429 209.592790    0.02974     1.7843    107.059     35.333  49645.854    31.5560     9.7159     35.000     9.7096    24.3107     5.9997     8.5741     92.358    261.583    267.943   -0.00203    6.49604    9.28350  283.22799     9.7121   14.67866 1.6195e-01     0.7174     0.4017 0.0000e+00
        432 209.592799    0.02996     1.7979    107.874     36.343  49648.546    31.5570     9.7119     36.000     9.7053    24.3121     5.9977     8.5713     92.320    261.498    267.856   -0.00181    6.49657    9.28425  283.25057     9.7080   14.67974 1.4692e-01     0.7556     0.4088 0.0000e+00
        436 209.592809    0.03019     1.8113    108.676     37.352  49650.654    31.5574     9.7074     37.000     9.6996    24.3132     5.9938     8.5657     92.252    261.329    267.684   -0.00185    6.49721    9.28516  283.27798     9.7033   14.68106 1.3419e-01     0.8065     0.4054 0.0000e+00
        439 209.592818    0.03042     1.8249    109.493     38.362  49655.494    31.5596     9.7015     38.000     9.6946    24.3159     5.9845     8.5524     92.098    260.924    267.269   -0.00233    6.49795    9.28622  283.30974     9.6973   14.68257 1.2326e-01     0.7748     0.4161 0.0000e+00
        442 209.592828    0.03064     1.8388    110.326     39.372  49660.278    31.5621     9.6975     39.000     9.6922    24.3184     5.9739     8.5374     91.929    260.461    266.795   -0.00300    6.49842    9.28689  283.32922     9.6933   14.68349 1.1396e-01     0.7921     0.4120 0.0000e+00
        446 209.592837    0.03087     1.8524    111.146     40.381  49662.383    31.5629     9.6962     40.000     9.6912    24.3193     5.9708     8.5328     91.878    260.324    266.655   -0.00273    6.49858    9.28711  283.33587     9.6918   14.68380 1.0621e-01     0.7913     0.4060 0.0000e+00
        449 209.592846    0.03109     1.8656    111.939     41.391  49663.871    31.5634     9.6952     41.000     9.6897    24.3199     5.9726     8.5355     91.905    260.403    266.736   -0.00202    6.49870    9.28728  283.34082     9.6907   14.68404 9.9678e-02     0.7664     0.4054 0.0000e+00
        452 209.592856    0.03132     1.8790    112.739     42.401  49665.576    31.5639     9.6932     42.000     9.6857    24.3206     5.9747     8.5385     91.934    260.497    266.832   -0.00138    6.49895    9.28764  283.35176     9.6887   14.68456 9.4111e-02     0.7516     0.4086 0.0000e+00
        455 209.592865    0.03155     1.8926    113.556     43.411  49668.650    31.5649     9.6875     43.000     9.6759    24.3224     5.9737     8.5370     91.906    260.450    266.785   -0.00121    6.49973    9.28877  283.38549     9.6828   14.68617 8.9320e-02     0.7413     0.4219 0.0000e+00
        459 209.592875    0.03178     1.9064    114.385     44.420  49678.328    31.5697     9.6756     44.000     9.6642    24.3280     5.9707     8.5328     91.839    260.318    266.651   -0.00142    6.50123    9.29091  283.44923     9.6708   14.68920 8.5275e-02     0.7340     0.4286 0.0000e+00
        462 209.592885    0.03200     1.9202    115.210     45.430  49688.784    31.5754     9.6661     45.000     9.6582    24.3340     5.9678     8.5286     91.779    260.192    266.524   -0.00153    6.50236    9.29252  283.49675     9.6612   14.69145 8.1847e-02     0.7562     0.4375 0.0000e+00
        465 209.592894    0.03223     1.9339    116.033     46.440  49693.846    31.5780     9.6618     46.000     9.6556    24.3367     5.9656     8.5256     91.739    260.098    266.428   -0.00149    6.50286    9.29324  283.51791     9.6568   14.69245 7.8958e-02     0.8028     0.4567 0.0000e+00
        468 209.592903    0.03246     1.9478    116.865     47.449  49695.926    31.5788     9.6603     47.000     9.6545    24.3376     5.9634     8.5224     91.702    260.000    266.327   -0.00141    6.50305    9.29350  283.52560     9.6552   14.69282 7.6618e-02     0.8169     0.4643 0.0000e+00
        472 209.592913    0.03269     1.9614    117.685     48.459  49697.076    31.5790     9.6592     48.000     9.6531    24.3379     5.9603     8.5179     91.652    259.861    266.186   -0.00144    6.50318    9.29369  283.53139     9.6541   14.69309 7.4675e-02     0.8024     0.4456 0.0000e+00
        475 209.592922    0.03292     1.9752    118.512     49.469  49698.802    31.5796     9.6576     49.000     9.6507    24.3386     5.9570     8.5132     91.599    259.718    266.040   -0.00149    6.50339    9.29400  283.54058     9.6523   14.69353 7.3131e-02     0.7989     0.4607 0.0000e+00
        478 209.592932    0.03316     1.9894    119.366     50.478  49701.782    31.5809     9.6550     50.000     9.6480    24.3401     5.9528     8.5071     91.529    259.534    265.851   -0.00161    6.50371    9.29445  283.55397     9.6496   14.69417 7.2074e-02     0.7837     0.4675 0.0000e+00
        482 209.592943    0.03340     2.0040    120.238     51.489  49704.886    31.5823     9.6527     51.000     9.6464    24.3416     5.9516     8.5054     91.507    259.481    265.797   -0.00148    6.50399    9.29485  283.56562     9.6471   14.69472 7.1043e-02     0.7788     0.4662 0.0000e+00
        485 209.592952    0.03363     2.0181    121.089     52.497  49706.228    31.5828     9.6519     52.000     9.6461    24.3421     5.9528     8.5071     91.524    259.534    265.852   -0.00104    6.50408    9.29497  283.56937     9.6462   14.69490 6.9990e-02     0.7930     0.4651 0.0000e+00
        489 209.592962    0.03388     2.0325    121.947     53.507  49706.753    31.5826     9.6517     53.000     9.6454    24.3421     5.9504     8.5036     91.485    259.427    265.742   -0.00103    6.50411    9.29502  283.57075     9.6459   14.69496 6.9021e-02     0.7787     0.4421 0.0000e+00
