CTD-processing/allCTD/CNV/2016_12-12_t6_s12_cast169_5028.cnv
* Sea-Bird SBE19plus Data File:
* FileName = P:\My Documents\kasitsna\Research-KBL\Oceanography-AK\CTD-Data-ALL-to-2016-05\2016-CTD-KachemakBay-CookInlet\2016-12-CookInlet-quarterly\2016-12-12-CookInlet-Tran6-Douglas\2016-12-12-CookInlet-Tran6-cast169.hex
* Software Version 1.59
* Temperature SN =  5028
* Conductivity SN =  5028
* System UpLoad Time = Dec 12 2016 22:18:15
** Cook Inlet LTM Tran 6 Douglas east to west, partial
** Date: (YYYY-MM-DD): 2016-12-12
** Station: (eg. 9-01): 6-12
** Start time (AKST): 19:53
** Depth (m): 138.7
** Comment: CTD time 1 hr ahead on AK daylight time
** Comment: R/V Alaska Dream Catcher
** Comment: Partial transect due to weather. Only to 6-16 and skipped stations.
# nquan = 27
# nvalues = 135                         
# units = specified
# name 0 = scan: Scan Count
# name 1 = timeJ: Julian Days
# name 2 = timeH: Time, Elapsed [hours]
# name 3 = timeM: Time, Elapsed [minutes]
# name 4 = timeS: Time, Elapsed [seconds]
# name 5 = prdM: Pressure, Strain Gauge [db]
# name 6 = specc: Specific Conductance [uS/cm]
# name 7 = sal00: Salinity, Practical [PSU]
# name 8 = tv290C: Temperature [ITS-90, deg C]
# name 9 = depSM: Depth [salt water, m], lat = 59.00
# name 10 = potemp090C: Potential Temperature [ITS-90, deg C]
# name 11 = sigma-é00: Density [sigma-theta, kg/m^3]
# name 12 = sbeox0ML/L: Oxygen, SBE 43 [ml/l]
# name 13 = sbeox0Mg/L: Oxygen, SBE 43 [mg/l]
# name 14 = sbeox0PS: Oxygen, SBE 43 [% saturation]
# name 15 = sbox0Mm/Kg: Oxygen, SBE 43 [umol/kg]
# name 16 = sbeox0Mm/L: Oxygen, SBE 43 [umol/l]
# name 17 = sbox0dV/dT: Oxygen, SBE 43 [dov/dt]
# name 18 = oxsolML/L: Oxygen Saturation, Garcia & Gordon [ml/l]
# name 19 = oxsolMg/L: Oxygen Saturation, Garcia & Gordon [mg/l]
# name 20 = oxsolMm/Kg: Oxygen Saturation, Garcia & Gordon [umol/kg]
# name 21 = potemp090C: Potential Temperature [ITS-90, deg C]
# name 22 = n2satMg/L: Nitrogen Saturation [mg/l]
# name 23 = par: PAR/Irradiance, Biospherical/Licor
# name 24 = flECO-AFL: Fluorescence, WET Labs ECO-AFL/FL [mg/m^3]
# name 25 = turbWETntu0: Turbidity, WET Labs ECO [NTU]
# name 26 = flag: flag
# span 0 =        207,       1010       
# span 1 = 347.871093, 347.873417       
# span 2 =    0.01430,    0.07008       
# span 3 =     0.8576,     4.2049       
# span 4 =     51.459,    252.292       
# span 5 =      1.009,    136.319       
# span 6 =  48694.254,  51301.673       
# span 7 =    30.6792,    32.3433       
# span 8 =     7.0862,     7.8482       
# span 9 =      1.000,    135.000       
# span 10 =     7.4108,     7.8462      
# span 11 =    23.9900,    25.2568      
# span 12 =     5.5308,     5.9339      
# span 13 =     7.9041,     8.4801      
# span 14 =     81.497,     85.305      
# span 15 =    240.923,    258.923      
# span 16 =    247.008,    265.008      
# span 17 =   -0.00207,    0.00357      
# span 18 =    6.74486,    6.95027      
# span 19 =    9.63908,    9.93263      
# span 20 =  293.85154,  303.24811      
# span 21 =     7.0862,     7.8462      
# span 22 =   15.18369,   15.63750      
# span 23 = 3.7976e-02, 4.2565e-02      
# span 24 =     0.0929,     0.1406      
# span 25 =     0.2939,     0.6796      
# span 26 = 0.0000e+00, 0.0000e+00      
# interval = meters: 1                  
# start_time = Dec 12 2016 20:53:31 [Instrument's time stamp, header]
# bad_flag = -9.990e-29
*END*
[from data line 54]
        645 347.872362    0.04474     2.6846    161.075     55.527  50972.979    32.2023     7.8411     55.000     7.8360    25.1008     5.7179     8.1714     84.766    249.108    255.361   -0.00021    6.74548    9.63997  293.87666     7.8357   15.18494 3.7976e-02     0.1126     0.3245 0.0000e+00
        650 347.872376    0.04507     2.7042    162.251     56.536  50973.127    32.2020     7.8414     56.000     7.8358    25.1005     5.7189     8.1730     84.783    249.154    255.408   -0.00016    6.74544    9.63991  293.87476     7.8360   15.18484 3.7976e-02     0.1140     0.3277 0.0000e+00
        653 347.872385    0.04531     2.7185    163.109     57.546  50973.476    32.2017     7.8411     57.000     7.8356    25.1004     5.7222     8.1776     84.830    249.296    255.554    0.00012    6.74549    9.63999  293.87723     7.8357   15.18497 3.7976e-02     0.1249     0.3275 0.0000e+00
        657 347.872397    0.04558     2.7348    164.088     58.556  50973.422    32.2012     7.8410     58.000     7.8355    25.0999     5.7213     8.1764     84.817    249.259    255.515   -0.00001    6.74552    9.64003  293.87875     7.8355   15.18504 3.7976e-02     0.1256     0.3385 0.0000e+00
        662 347.872411    0.04591     2.7547    165.281     59.565  50972.623    32.2002     7.8412     59.000     7.8355    25.0992     5.7180     8.1716     84.768    249.115    255.368   -0.00036    6.74555    9.64006  293.88010     7.8355   15.18511 3.7976e-02     0.1195     0.3275 0.0000e+00
        666 347.872423    0.04621     2.7725    166.352     60.575  50971.887    32.1992     7.8412     60.000     7.8354    25.0984     5.7155     8.1680     84.730    249.005    255.254   -0.00051    6.74558    9.64012  293.88194     7.8355   15.18520 3.7976e-02     0.1095     0.3292 0.0000e+00
        671 347.872435    0.04650     2.7898    167.387     61.585  50972.136    32.1989     7.8411     61.000     7.8351    25.0982     5.7119     8.1628     84.676    248.847    255.092   -0.00076    6.74562    9.64017  293.88368     7.8352   15.18529 3.7976e-02     0.1163     0.3353 0.0000e+00
        675 347.872449    0.04683     2.8094    168.565     62.595  50973.257    32.1992     7.8409     62.000     7.8348    25.0984     5.7131     8.1647     84.694    248.902    255.149   -0.00051    6.74564    9.64020  293.88434     7.8349   15.18532 3.7976e-02     0.1139     0.3010 0.0000e+00
        680 347.872463    0.04716     2.8297    169.784     63.604  50974.245    32.1994     7.8409     63.000     7.8349    25.0987     5.7169     8.1701     84.750    249.067    255.318   -0.00009    6.74563    9.64018  293.88375     7.8348   15.18529 3.7976e-02     0.1212     0.3041 0.0000e+00
        685 347.872477    0.04750     2.8499    170.992     64.614  50974.408    32.1992     7.8413     64.000     7.8352    25.0984     5.7203     8.1748     84.800    249.212    255.467    0.00017    6.74558    9.64011  293.88163     7.8351   15.18518 3.7976e-02     0.1246     0.3044 0.0000e+00
        689 347.872488    0.04777     2.8660    171.963     65.624  50974.962    32.1991     7.8415     65.000     7.8352    25.0983     5.7215     8.1765     84.818    249.264    255.520    0.00018    6.74555    9.64007  293.88060     7.8352   15.18514 3.7976e-02     0.0995     0.3144 0.0000e+00
        693 347.872499    0.04804     2.8819    172.915     66.633  50975.773    32.1992     7.8415     66.000     7.8351    25.0984     5.7208     8.1756     84.809    249.235    255.491    0.00003    6.74554    9.64006  293.88015     7.8352   15.18511 3.7976e-02     0.0929     0.3347 0.0000e+00
        697 347.872511    0.04832     2.8996    173.977     67.644  50976.756    32.1995     7.8415     67.000     7.8348    25.0986     5.7201     8.1745     84.798    249.203    255.457   -0.00011    6.74555    9.64006  293.88001     7.8350   15.18511 3.7976e-02     0.1173     0.3184 0.0000e+00
        702 347.872525    0.04865     2.9188    175.128     68.653  50978.188    32.2000     7.8410     68.000     7.8343    25.0991     5.7190     8.1731     84.782    249.159    255.413   -0.00022    6.74559    9.64012  293.88168     7.8345   15.18519 3.7976e-02     0.1276     0.3087 0.0000e+00
        707 347.872539    0.04900     2.9396    176.378     69.663  50979.477    32.2003     7.8407     69.000     7.8340    25.0994     5.7181     8.1718     84.768    249.120    255.373   -0.00030    6.74562    9.64016  293.88309     7.8341   15.18525 3.7976e-02     0.1326     0.3277 0.0000e+00
        711 347.872552    0.04932     2.9589    177.533     70.673  50980.622    32.2006     7.8406     70.000     7.8336    25.0997     5.7194     8.1736     84.787    249.176    255.430   -0.00016    6.74562    9.64018  293.88332     7.8339   15.18526 3.7976e-02     0.1314     0.3860 0.0000e+00
        715 347.872565    0.04961     2.9770    178.620     71.682  50982.081    32.2011     7.8400     71.000     7.8329    25.1002     5.7158     8.1685     84.733    249.019    255.269   -0.00043    6.74569    9.64027  293.88602     7.8332   15.18539 3.7976e-02     0.1217     0.3365 0.0000e+00
        720 347.872578    0.04994     2.9963    179.779     72.692  50986.198    32.2035     7.8398     72.000     7.8330    25.1021     5.7098     8.1598     84.643    248.753    254.997   -0.00088    6.74562    9.64017  293.88242     7.8329   15.18521 3.7976e-02     0.1311     0.3166 0.0000e+00
        725 347.872592    0.05025     3.0150    180.902     73.702  50989.924    32.2057     7.8401     73.000     7.8332    25.1038     5.7090     8.1587     84.634    248.720    254.964   -0.00076    6.74547    9.63996  293.87555     7.8331   15.18487 3.7976e-02     0.1266     0.3273 0.0000e+00
        728 347.872602    0.05051     3.0302    181.814     74.712  50993.145    32.2075     7.8405     74.000     7.8337    25.1052     5.7110     8.1616     84.666    248.807    255.053   -0.00044    6.74533    9.63975  293.86887     7.8334   15.18455 3.7976e-02     0.1173     0.3310 0.0000e+00
        732 347.872612    0.05074     3.0446    182.677     75.722  50994.648    32.2082     7.8411     75.000     7.8340    25.1057     5.7124     8.1636     84.688    248.867    255.115   -0.00025    6.74521    9.63959  293.86373     7.8339   15.18430 3.7976e-02     0.1233     0.3207 0.0000e+00
        737 347.872626    0.05108     3.0651    183.907     76.731  50995.224    32.2082     7.8413     76.000     7.8341    25.1056     5.7102     8.1605     84.657    248.774    255.019   -0.00039    6.74517    9.63953  293.86187     7.8340   15.18421 3.7976e-02     0.1157     0.3112 0.0000e+00
        742 347.872643    0.05149     3.0896    185.374     77.742  50994.910    32.2075     7.8414     77.000     7.8339    25.1051     5.7094     8.1593     84.644    248.737    254.982   -0.00039    6.74520    9.63957  293.86316     7.8340   15.18428 3.7976e-02     0.1179     0.3030 0.0000e+00
        746 347.872654    0.05176     3.1054    186.326     78.751  50996.699    32.2083     7.8412     78.000     7.8336    25.1057     5.7113     8.1621     84.672    248.820    255.066   -0.00018    6.74519    9.63955  293.86246     7.8338   15.18424 3.7976e-02     0.1267     0.3158 0.0000e+00
        751 347.872667    0.05205     3.1231    187.385     79.761  51002.631    32.2120     7.8410     79.000     7.8332    25.1086     5.7122     8.1632     84.686    248.857    255.105   -0.00011    6.74506    9.63937  293.85622     7.8334   15.18392 3.7976e-02     0.1167     0.3642 0.0000e+00
        756 347.872681    0.05241     3.1444    188.665     80.771  51007.863    32.2151     7.8407     80.000     7.8327    25.1112     5.7111     8.1616     84.671    248.807    255.055   -0.00019    6.74497    9.63924  293.85154     7.8330   15.18369 3.7976e-02     0.1134     0.3425 0.0000e+00
        760 347.872694    0.05270     3.1622    189.730     81.780  51009.792    32.2158     7.8396     81.000     7.8304    25.1120     5.7061     8.1546     84.596    248.593    254.836   -0.00061    6.74510    9.63942  293.85691     7.8319   15.18394 3.7976e-02     0.1176     0.3434 0.0000e+00
        764 347.872706    0.05300     3.1799    190.796     82.791  51014.180    32.2179     7.8365     82.000     7.8273    25.1140     5.7025     8.1496     84.539    248.438    254.677   -0.00084    6.74549    9.63998  293.87317     7.8286   15.18471 3.7976e-02     0.1131     0.3192 0.0000e+00
        769 347.872719    0.05331     3.1990    191.941     83.801  51017.063    32.2190     7.8332     83.000     7.8227    25.1153     5.6992     8.1446     84.483    248.288    254.524   -0.00094    6.74595    9.64064  293.89288     7.8252   15.18565 3.7976e-02     0.1116     0.3225 0.0000e+00
        773 347.872732    0.05362     3.2175    193.052     84.810  51021.283    32.2203     7.8263     84.000     7.8129    25.1174     5.6971     8.1418     84.440    248.200    254.434   -0.00099    6.74695    9.64207  293.93590     7.8182   15.18770 3.7976e-02     0.1149     0.3332 0.0000e+00
        778 347.872746    0.05396     3.2376    194.257     85.821  51033.502    32.2261     7.8122     85.000     7.7992    25.1238     5.6973     8.1419     84.418    248.203    254.439   -0.00084    6.74886    9.64479  294.01703     7.8040   15.19155 3.7976e-02     0.1184     0.3312 0.0000e+00
        783 347.872761    0.05432     3.2591    195.544     86.830  51044.733    32.2320     7.8034     86.000     7.7942    25.1298     5.6950     8.1388     84.371    248.104    254.339   -0.00090    6.74994    9.64634  294.06252     7.7952   15.19370 3.7976e-02     0.1271     0.3405 0.0000e+00
        788 347.872774    0.05463     3.2781    196.689     87.840  51047.577    32.2332     7.8017     87.000     7.7924    25.1310     5.6937     8.1369     84.349    248.047    254.280   -0.00079    6.75015    9.64664  294.07142     7.7933   15.19411 3.7976e-02     0.1212     0.3488 0.0000e+00
        792 347.872786    0.05492     3.2954    197.725     88.849  51050.167    32.2342     7.7997     88.000     7.7896    25.1321     5.6938     8.1370     84.347    248.051    254.285   -0.00066    6.75041    9.64701  294.08242     7.7912   15.19464 3.7976e-02     0.1239     0.3523 0.0000e+00
        796 347.872799    0.05524     3.3143    198.857     89.860  51055.276    32.2366     7.7955     89.000     7.7847    25.1346     5.6935     8.1366     84.336    248.037    254.272   -0.00057    6.75094    9.64777  294.10470     7.7870   15.19569 3.7981e-02     0.1304     0.3550 0.0000e+00
        801 347.872813    0.05556     3.3334    200.006     90.869  51062.111    32.2401     7.7902     90.000     7.7794    25.1381     5.6911     8.1332     84.293    247.934    254.166   -0.00067    6.75160    9.64871  294.13231     7.7817   15.19700 3.8001e-02     0.1212     0.3404 0.0000e+00
        805 347.872824    0.05582     3.3495    200.972     91.879  51067.822    32.2429     7.7859     91.000     7.7746    25.1409     5.6881     8.1289     84.242    247.802    254.032   -0.00085    6.75214    9.64949  294.15532     7.7772   15.19808 3.7983e-02     0.1242     0.3495 0.0000e+00
        809 347.872837    0.05613     3.3681    202.085     92.889  51075.015    32.2466     7.7804     92.000     7.7696    25.1446     5.6802     8.1176     84.117    247.457    253.679   -0.00131    6.75283    9.65046  294.18400     7.7716   15.19944 3.7977e-02     0.1279     0.3418 0.0000e+00
        815 347.872853    0.05654     3.3920    203.520     93.899  51081.444    32.2498     7.7756     93.000     7.7653    25.1478     5.6683     8.1005     83.932    246.936    253.145   -0.00193    6.75340    9.65130  294.20852     7.7668   15.20059 3.7976e-02     0.1249     0.3467 0.0000e+00
        820 347.872867    0.05686     3.4113    204.676     94.909  51086.069    32.2519     7.7718     94.000     7.7601    25.1501     5.6691     8.1017     83.938    246.972    253.183   -0.00136    6.75391    9.65201  294.22969     7.7627   15.20159 3.7976e-02     0.1222     0.3465 0.0000e+00
        824 347.872878    0.05713     3.4278    205.669     95.919  51092.793    32.2552     7.7661     95.000     7.7538    25.1534     5.6682     8.1004     83.916    246.931    253.142   -0.00116    6.75464    9.65304  294.26022     7.7570   15.20304 3.7976e-02     0.1229     0.3646 0.0000e+00
        828 347.872891    0.05744     3.4462    206.771     96.929  51100.730    32.2593     7.7599     96.000     7.7487    25.1575     5.6667     8.0983     83.883    246.863    253.074   -0.00104    6.75539    9.65414  294.29236     7.7508   15.20456 3.7976e-02     0.1136     0.4044 0.0000e+00
        832 347.872903    0.05774     3.4644    207.864     97.939  51105.909    32.2617     7.7556     97.000     7.7443    25.1601     5.6614     8.0906     83.798    246.630    252.835   -0.00126    6.75596    9.65495  294.31621     7.7463   15.20569 3.7976e-02     0.1223     0.3752 0.0000e+00
        837 347.872917    0.05805     3.4831    208.983     98.949  51110.729    32.2639     7.7511     98.000     7.7398    25.1624     5.6573     8.0847     83.730    246.451    252.652   -0.00134    6.75655    9.65579  294.34113     7.7418   15.20687 3.7976e-02     0.1188     0.3585 0.0000e+00
        842 347.872931    0.05840     3.5044    210.265     99.958  51115.897    32.2663     7.7470     99.000     7.7366    25.1650     5.6529     8.0785     83.660    246.262    252.459   -0.00133    6.75708    9.65654  294.36348     7.7376   15.20792 3.7976e-02     0.0952     0.3702 0.0000e+00
        847 347.872944    0.05872     3.5232    211.394    100.968  51118.464    32.2673     7.7449    100.000     7.7341    25.1660     5.6493     8.0734     83.602    246.102    252.296   -0.00131    6.75735    9.65693  294.37500     7.7354   15.20847 3.7976e-02     0.1068     0.3753 0.0000e+00
        851 347.872957    0.05902     3.5411    212.466    101.978  51121.791    32.2687     7.7420    101.000     7.7309    25.1675     5.6481     8.0718     83.580    246.053    252.245   -0.00112    6.75774    9.65749  294.39161     7.7324   15.20926 3.7976e-02     0.1094     0.3658 0.0000e+00
        855 347.872970    0.05934     3.5603    213.617    102.988  51125.504    32.2703     7.7388    102.000     7.7277    25.1692     5.6464     8.0693     83.550    245.979    252.170   -0.00101    6.75817    9.65810  294.40960     7.7290   15.21011 3.7976e-02     0.1181     0.3549 0.0000e+00
        860 347.872983    0.05964     3.5787    214.723    103.998  51128.261    32.2713     7.7357    103.000     7.7241    25.1704     5.6434     8.0650     83.500    245.848    252.037   -0.00099    6.75859    9.65870  294.42763     7.7259   15.21097 3.7976e-02     0.1182     0.3509 0.0000e+00
        864 347.872996    0.05994     3.5967    215.801    105.008  51130.219    32.2713     7.7307    104.000     7.7167    25.1712     5.6347     8.0526     83.362    245.468    251.647   -0.00155    6.75936    9.65981  294.46124     7.7208   15.21257 3.7976e-02     0.1085     0.3652 0.0000e+00
        869 347.873009    0.06027     3.6163    216.979    106.018  51137.347    32.2740     7.7196    105.000     7.7048    25.1749     5.6336     8.0510     83.326    245.418    251.597   -0.00133    6.76094    9.66207  294.52909     7.7096   15.21580 3.7976e-02     0.1070     0.3728 0.0000e+00
        874 347.873023    0.06059     3.6356    218.136    107.028  51146.774    32.2784     7.7099    106.000     7.6969    25.1797     5.6275     8.0422     83.220    245.152    251.324   -0.00159    6.76225    9.66393  294.58443     7.6998   15.21843 3.7976e-02     0.1207     0.3654 0.0000e+00
        878 347.873035    0.06091     3.6545    219.270    108.038  51152.221    32.2808     7.7041    107.000     7.6915    25.1825     5.6315     8.0479     83.269    245.324    251.502   -0.00093    6.76302    9.66504  294.61743     7.6939   15.21999 3.7976e-02     0.1193     0.3510 0.0000e+00
