CTD-processing/allCTD/CNV/2016_12-12_t6_s01_cast160_5028.cnv
* Sea-Bird SBE19plus Data File:
* FileName = P:\My Documents\kasitsna\Research-KBL\Oceanography-AK\CTD-Data-ALL-to-2016-05\2016-CTD-KachemakBay-CookInlet\2016-12-CookInlet-quarterly\2016-12-12-CookInlet-Tran6-Douglas\2016-12-12-CookInlet-Tran6-cast160.hex
* Software Version 1.59
* Temperature SN =  5028
* Conductivity SN =  5028
* System UpLoad Time = Dec 12 2016 22:07:50
** Cook Inlet LTM Tran 6 Douglas east to west, partial
** Date: (YYYY-MM-DD): 2016-12-12
** Station: (eg. 9-01): 9-01
** Start time (AKST): 15:54
** Depth (m): 37.5
** Comment: CTD time 1 hr ahead on AK daylight time
** Comment: R/V Alaska Dream Catcher
** Comment: Partial transect due to weather. Only to 6-16 and skipped stations.
# nquan = 27
# nvalues = 34                          
# units = specified
# name 0 = scan: Scan Count
# name 1 = timeJ: Julian Days
# name 2 = timeH: Time, Elapsed [hours]
# name 3 = timeM: Time, Elapsed [minutes]
# name 4 = timeS: Time, Elapsed [seconds]
# name 5 = prdM: Pressure, Strain Gauge [db]
# name 6 = specc: Specific Conductance [uS/cm]
# name 7 = sal00: Salinity, Practical [PSU]
# name 8 = tv290C: Temperature [ITS-90, deg C]
# name 9 = depSM: Depth [salt water, m], lat = 59.00
# name 10 = potemp090C: Potential Temperature [ITS-90, deg C]
# name 11 = sigma-é00: Density [sigma-theta, kg/m^3]
# name 12 = sbeox0ML/L: Oxygen, SBE 43 [ml/l]
# name 13 = sbeox0Mg/L: Oxygen, SBE 43 [mg/l]
# name 14 = sbeox0PS: Oxygen, SBE 43 [% saturation]
# name 15 = sbox0Mm/Kg: Oxygen, SBE 43 [umol/kg]
# name 16 = sbeox0Mm/L: Oxygen, SBE 43 [umol/l]
# name 17 = sbox0dV/dT: Oxygen, SBE 43 [dov/dt]
# name 18 = oxsolML/L: Oxygen Saturation, Garcia & Gordon [ml/l]
# name 19 = oxsolMg/L: Oxygen Saturation, Garcia & Gordon [mg/l]
# name 20 = oxsolMm/Kg: Oxygen Saturation, Garcia & Gordon [umol/kg]
# name 21 = potemp090C: Potential Temperature [ITS-90, deg C]
# name 22 = n2satMg/L: Nitrogen Saturation [mg/l]
# name 23 = par: PAR/Irradiance, Biospherical/Licor
# name 24 = flECO-AFL: Fluorescence, WET Labs ECO-AFL/FL [mg/m^3]
# name 25 = turbWETntu0: Turbidity, WET Labs ECO [NTU]
# name 26 = flag: flag
# span 0 =        564,        685       
# span 1 = 347.706859, 347.707210       
# span 2 =    0.03907,    0.04748       
# span 3 =     2.3441,     2.8488       
# span 4 =    140.649,    170.927       
# span 5 =      2.019,     35.334       
# span 6 =  50099.171,  50123.073       
# span 7 =    31.5432,    31.5544       
# span 8 =     7.4147,     7.4655       
# span 9 =      2.000,     35.000       
# span 10 =     7.4147,     7.4637      
# span 11 =    24.6398,    24.6471      
# span 12 =     6.0226,     6.0488      
# span 13 =     8.6069,     8.6444      
# span 14 =     88.049,     88.502      
# span 15 =    262.499,    263.644      
# span 16 =    268.969,    270.140      
# span 17 =   -0.00059,    0.00083      
# span 18 =    6.83233,    6.84067      
# span 19 =    9.76409,    9.77601      
# span 20 =  297.79322,  298.15701      
# span 21 =     7.4144,     7.4623      
# span 22 =   15.37451,   15.39190      
# span 23 = 1.3493e-01, 4.8637e+00      
# span 24 =     0.1028,     0.1455      
# span 25 =     0.3814,     0.6599      
# span 26 = 0.0000e+00, 0.0000e+00      
# interval = meters: 1                  
# start_time = Dec 12 2016 16:55:32 [Instrument's time stamp, header]
# bad_flag = -9.990e-29
*END*
        564 347.706859    0.03907     2.3441    140.649      2.019  50100.209    31.5456     7.4148      2.000     7.4147    24.6433     6.0265     8.6125     88.098    262.671    269.144    0.00010    6.84067    9.77599  298.15649     7.4146   15.39188 4.8637e+00     0.1455     0.6599 0.0000e+00
        568 347.706872    0.03937     2.3620    141.719      3.029  50101.033    31.5457     7.4147      3.000     7.4153    24.6435     6.0251     8.6105     88.078    262.611    269.082   -0.00007    6.84067    9.77601  298.15701     7.4144   15.39190 3.8905e+00     0.1286     0.4176 0.0000e+00
        571 347.706882    0.03961     2.3765    142.592      4.038  50105.013    31.5486     7.4181      4.000     7.4208    24.6453     6.0226     8.6069     88.049    262.499    268.969   -0.00037    6.84003    9.77508  298.12810     7.4177   15.39051 3.3120e+00     0.1304     0.3847 0.0000e+00
        575 347.706892    0.03985     2.3912    143.474      5.047  50101.636    31.5466     7.4232      5.000     7.4237    24.6431     6.0296     8.6169     88.161    262.804    269.281    0.00024    6.83931    9.77405  298.09747     7.4227   15.38906 2.8570e+00     0.1407     0.3814 0.0000e+00
        578 347.706902    0.04010     2.4058    144.349      6.056  50099.880    31.5451     7.4243      6.000     7.4234    24.6417     6.0368     8.6273     88.268    263.121    269.605    0.00083    6.83920    9.77390  298.09319     7.4237   15.38886 2.5096e+00     0.1445     0.3990 0.0000e+00
        582 347.706913    0.04034     2.4202    145.211      7.066  50099.780    31.5445     7.4237      7.000     7.4221    24.6413     6.0380     8.6288     88.283    263.170    269.655    0.00068    6.83933    9.77408  298.09872     7.4230   15.38913 2.2436e+00     0.1262     0.3955 0.0000e+00
        585 347.706922    0.04058     2.4347    146.082      8.076  50099.171    31.5432     7.4216      8.000     7.4195    24.6407     6.0385     8.6296     88.286    263.194    269.680    0.00044    6.83971    9.77462  298.11536     7.4209   15.38993 2.0351e+00     0.1028     0.3998 0.0000e+00
        589 347.706933    0.04082     2.4495    146.971      9.086  50104.149    31.5459     7.4199      9.000     7.4205    24.6431     6.0399     8.6317     88.305    263.257    269.744    0.00038    6.83986    9.77483  298.12126     7.4191   15.39020 1.8664e+00     0.1070     0.3918 0.0000e+00
        592 347.706943    0.04107     2.4643    147.859     10.095  50107.713    31.5486     7.4235     10.000     7.4254    24.6446     6.0423     8.6350     88.348    263.357    269.848    0.00044    6.83917    9.77386  298.09098     7.4226   15.38874 1.7318e+00     0.1191     0.3899 0.0000e+00
        596 347.706953    0.04132     2.4791    148.748     11.104  50105.267    31.5472     7.4283     11.000     7.4279    24.6429     6.0450     8.6389     88.397    263.476    269.968    0.00057    6.83848    9.77288  298.06147     7.4273   15.38734 1.5962e+00     0.1346     0.3990 0.0000e+00
        600 347.706964    0.04157     2.4942    149.653     12.114  50101.173    31.5438     7.4281     12.000     7.4250    24.6403     6.0466     8.6411     88.418    263.547    270.041    0.00051    6.83867    9.77314  298.07028     7.4269   15.38777 1.4540e+00     0.1391     0.4003 0.0000e+00
        603 347.706974    0.04182     2.5092    150.550     13.124  50102.738    31.5439     7.4246     13.000     7.4224    24.6408     6.0453     8.6394     88.392    263.493    269.985    0.00018    6.83920    9.77390  298.09339     7.4234   15.38888 1.3162e+00     0.1391     0.3969 0.0000e+00
        607 347.706984    0.04206     2.5238    151.427     14.133  50106.460    31.5459     7.4237     14.000     7.4231    24.6425     6.0429     8.6359     88.356    263.386    269.877   -0.00015    6.83926    9.77400  298.09567     7.4224   15.38898 1.1896e+00     0.1438     0.4002 0.0000e+00
        610 347.706994    0.04230     2.5381    152.284     15.141  50107.862    31.5466     7.4251     15.000     7.4248    24.6430     6.0427     8.6356     88.356    263.376    269.867   -0.00023    6.83901    9.77363  298.08452     7.4237   15.38844 1.0735e+00     0.1403     0.4034 0.0000e+00
        614 347.707004    0.04254     2.5524    153.143     16.152  50107.753    31.5464     7.4268     16.000     7.4258    24.6426     6.0458     8.6400     88.405    263.511    270.005    0.00004    6.83875    9.77325  298.07317     7.4254   15.38790 9.6772e-01     0.1299     0.4042 0.0000e+00
        617 347.707014    0.04279     2.5671    154.028     17.161  50107.041    31.5456     7.4275     17.000     7.4255    24.6418     6.0488     8.6444     88.450    263.644    270.140    0.00025    6.83868    9.77316  298.07058     7.4260   15.38778 8.6971e-01     0.1305     0.4047 0.0000e+00
        621 347.707025    0.04304     2.5823    154.937     18.171  50106.880    31.5448     7.4264     18.000     7.4243    24.6413     6.0487     8.6441     88.445    263.638    270.134    0.00012    6.83888    9.77344  298.07920     7.4248   15.38820 7.8060e-01     0.1275     0.4052 0.0000e+00
        624 347.707035    0.04329     2.5974    155.845     19.180  50109.905    31.5465     7.4266     19.000     7.4255    24.6427     6.0457     8.6399     88.403    263.507    270.000   -0.00021    6.83877    9.77329  298.07429     7.4249   15.38795 7.0108e-01     0.1360     0.4059 0.0000e+00
        628 347.707046    0.04353     2.6121    156.725     20.190  50110.043    31.5462     7.4275     20.000     7.4263    24.6424     6.0459     8.6401     88.408    263.515    270.009   -0.00026    6.83865    9.77311  298.06888     7.4257   15.38770 6.2885e-01     0.1382     0.3890 0.0000e+00
        631 347.707055    0.04377     2.6263    157.578     21.200  50114.675    31.5494     7.4295     21.000     7.4307    24.6446     6.0459     8.6402     88.414    263.516    270.010   -0.00018    6.83820    9.77248  298.04891     7.4275   15.38673 5.6406e-01     0.1349     0.3914 0.0000e+00
        635 347.707066    0.04402     2.6410    158.459     22.209  50120.026    31.5538     7.4365     22.000     7.4399    24.6471     6.0445     8.6382     88.410    263.453    269.946   -0.00025    6.83690    9.77061  297.99137     7.4345   15.38397 5.0586e-01     0.1326     0.4087 0.0000e+00
        639 347.707077    0.04428     2.6568    159.406     23.218  50115.120    31.5514     7.4454     23.000     7.4454    24.6441     6.0459     8.6402     88.447    263.517    270.012   -0.00004    6.83562    9.76878  297.93640     7.4433   15.38136 4.5435e-01     0.1305     0.4076 0.0000e+00
        643 347.707088    0.04455     2.6730    160.380     24.228  50113.616    31.5504     7.4487     24.000     7.4472    24.6428     6.0464     8.6409     88.461    263.540    270.035    0.00004    6.83514    9.76810  297.91570     7.4465   15.38037 4.0806e-01     0.1257     0.4278 0.0000e+00
        646 347.707099    0.04481     2.6884    161.304     25.238  50112.068    31.5491     7.4495     25.000     7.4465    24.6417     6.0441     8.6376     88.428    263.438    269.930   -0.00025    6.83508    9.76802  297.91363     7.4472   15.38028 3.6596e-01     0.1275     0.4214 0.0000e+00
        650 347.707108    0.04505     2.7031    162.188     26.247  50113.852    31.5496     7.4485     26.000     7.4462    24.6423     6.0445     8.6383     88.434    263.459    269.951   -0.00025    6.83521    9.76820  297.91918     7.4461   15.38055 3.2850e-01     0.1176     0.4033 0.0000e+00
        653 347.707119    0.04531     2.7186    163.115     27.257  50114.962    31.5500     7.4489     27.000     7.4470    24.6425     6.0444     8.6381     88.432    263.451    269.943   -0.00023    6.83512    9.76807  297.91504     7.4465   15.38034 2.9537e-01     0.1162     0.3988 0.0000e+00
        657 347.707131    0.04559     2.7352    164.111     28.267  50116.764    31.5512     7.4509     28.000     7.4503    24.6432     6.0395     8.6311     88.365    263.238    269.725   -0.00059    6.83476    9.76755  297.89904     7.4484   15.37958 2.6594e-01     0.1318     0.3888 0.0000e+00
        661 347.707142    0.04586     2.7518    165.110     29.275  50111.219    31.5475     7.4548     29.000     7.4536    24.6398     6.0398     8.6315     88.375    263.251    269.737   -0.00054    6.83431    9.76691  297.88061     7.4522   15.37871 2.3983e-01     0.1336     0.3849 0.0000e+00
        665 347.707154    0.04612     2.7675    166.049     30.286  50114.890    31.5500     7.4573     30.000     7.4552    24.6414     6.0453     8.6394     88.462    263.492    269.985    0.00009    6.83381    9.76620  297.85824     7.4546   15.37763 2.1658e-01     0.1204     0.3883 0.0000e+00
        669 347.707164    0.04638     2.7825    166.951     31.295  50115.808    31.5504     7.4582     31.000     7.4548    24.6416     6.0479     8.6430     88.502    263.603    270.099    0.00026    6.83366    9.76599  297.85182     7.4554   15.37732 1.9599e-01     0.1174     0.4050 0.0000e+00
        672 347.707174    0.04663     2.7976    167.858     32.305  50115.111    31.5491     7.4564     32.000     7.4522    24.6409     6.0471     8.6419     88.485    263.567    270.062    0.00006    6.83400    9.76648  297.86695     7.4535   15.37805 1.7773e-01     0.1196     0.4467 0.0000e+00
        676 347.707185    0.04688     2.8128    168.769     33.314  50120.389    31.5521     7.4551     33.000     7.4536    24.6434     6.0452     8.6393     88.457    263.488    269.981   -0.00020    6.83407    9.76657  297.86901     7.4521   15.37814 1.6137e-01     0.1172     0.4658 0.0000e+00
        680 347.707196    0.04714     2.8287    169.723     34.324  50123.073    31.5542     7.4589     34.000     7.4584    24.6445     6.0437     8.6371     88.444    263.422    269.914   -0.00029    6.83337    9.76558  297.83850     7.4558   15.37667 1.4722e-01     0.1190     0.4508 0.0000e+00
        685 347.707210    0.04748     2.8488    170.927     35.334  50122.520    31.5544     7.4655     35.000     7.4637    24.6439     6.0406     8.6325     88.411    263.281    269.770   -0.00045    6.83233    9.76409  297.79322     7.4623   15.37451 1.3493e-01     0.1208     0.4345 0.0000e+00
