CTD-processing/allCTD/CNV/2016_12-13_t7_s19_cast176_5028.cnv
* Sea-Bird SBE19plus Data File:
* FileName = P:\My Documents\kasitsna\Research-KBL\Oceanography-AK\CTD-Data-ALL-to-2016-05\2016-CTD-KachemakBay-CookInlet\2016-12-CookInlet-quarterly\2016-12-13-CookInlet-Tran7-Augustine-partial\2016-12-13-CookInlet-Tran7-cast176.hex
* Software Version 1.59
* Temperature SN =  5028
* Conductivity SN =  5028
* System UpLoad Time = Dec 13 2016 15:26:59
** Cook Inlet LTM Tran 7 east to west PARTIAL
** Date: (YYYY-MM-DD): 2016-12-13
** Station: (eg. 9-01): 7-19
** Start time (AKST): 10:20
** Depth (m): 77.7
** Comment: R/V Alaska Dream Catcher. CTD on AKDT (1 hr ahead).
** Comment: Partial transect due to weather. Only to 7-19 and skipped station.
# nquan = 27
# nvalues = 76                          
# units = specified
# name 0 = scan: Scan Count
# name 1 = timeJ: Julian Days
# name 2 = timeH: Time, Elapsed [hours]
# name 3 = timeM: Time, Elapsed [minutes]
# name 4 = timeS: Time, Elapsed [seconds]
# name 5 = prdM: Pressure, Strain Gauge [db]
# name 6 = specc: Specific Conductance [uS/cm]
# name 7 = sal00: Salinity, Practical [PSU]
# name 8 = tv290C: Temperature [ITS-90, deg C]
# name 9 = depSM: Depth [salt water, m], lat = 59.00
# name 10 = potemp090C: Potential Temperature [ITS-90, deg C]
# name 11 = sigma-é00: Density [sigma-theta, kg/m^3]
# name 12 = sbeox0ML/L: Oxygen, SBE 43 [ml/l]
# name 13 = sbeox0Mg/L: Oxygen, SBE 43 [mg/l]
# name 14 = sbeox0PS: Oxygen, SBE 43 [% saturation]
# name 15 = sbox0Mm/Kg: Oxygen, SBE 43 [umol/kg]
# name 16 = sbeox0Mm/L: Oxygen, SBE 43 [umol/l]
# name 17 = sbox0dV/dT: Oxygen, SBE 43 [dov/dt]
# name 18 = oxsolML/L: Oxygen Saturation, Garcia & Gordon [ml/l]
# name 19 = oxsolMg/L: Oxygen Saturation, Garcia & Gordon [mg/l]
# name 20 = oxsolMm/Kg: Oxygen Saturation, Garcia & Gordon [umol/kg]
# name 21 = potemp090C: Potential Temperature [ITS-90, deg C]
# name 22 = n2satMg/L: Nitrogen Saturation [mg/l]
# name 23 = par: PAR/Irradiance, Biospherical/Licor
# name 24 = flECO-AFL: Fluorescence, WET Labs ECO-AFL/FL [mg/m^3]
# name 25 = turbWETntu0: Turbidity, WET Labs ECO [NTU]
# name 26 = flag: flag
# span 0 =         47,        634       
# span 1 = 348.472542, 348.474239       
# span 2 =    0.00322,    0.04396       
# span 3 =     0.1932,     2.6373       
# span 4 =     11.592,    158.240       
# span 5 =      1.009,     76.731       
# span 6 =  48675.565,  50269.039       
# span 7 =    30.5351,    31.6496       
# span 8 =     6.4715,     7.4419       
# span 9 =      1.000,     76.000       
# span 10 =     6.8970,     7.4401      
# span 11 =    23.9432,    24.7216      
# span 12 =     5.9756,     6.5912      
# span 13 =     8.5398,     9.4195      
# span 14 =     87.472,     93.396      
# span 15 =    260.434,    287.592      
# span 16 =    266.872,    294.364      
# span 17 =   -0.00965,    0.01769      
# span 18 =    6.83172,    7.06202      
# span 19 =    9.76321,   10.09233      
# span 20 =  297.74398,  308.13300      
# span 21 =     6.4714,     7.4416      
# span 22 =   15.37177,   15.87025      
# span 23 = 3.7976e-02, 5.3096e+00      
# span 24 =     0.0999,     0.1480      
# span 25 =     0.4025,     2.1354      
# span 26 = 0.0000e+00, 0.0000e+00      
# interval = meters: 1                  
# start_time = Dec 13 2016 11:20:16 [Instrument's time stamp, header]
# bad_flag = -9.990e-29
*END*
         47 348.472542    0.00322     0.1932     11.592      1.009  48675.565    30.5351     6.4715      1.000     6.8970    23.9432     6.5912     9.4195     93.396    287.592    294.364    0.01769    7.06202   10.09233  308.13300     6.4714   15.87025 5.3096e+00     0.1129     2.1354 0.0000e+00
        180 348.472925    0.01241     0.7450     44.697      2.019  50177.047    31.5578     7.2511      2.000     7.2653    24.6776     6.1421     8.7777     89.476    267.689    274.306   -0.00965    6.86362    9.80880  299.13572     7.2509   15.43870 4.1162e+00     0.1165     0.4025 0.0000e+00
        335 348.473373    0.02319     1.3915     83.490      3.028  50243.418    31.6496     7.4419      3.000     7.4401    24.7216     5.9756     8.5398     87.472    260.434    266.872    0.00564    6.83172    9.76321  297.74398     7.4416   15.37177 3.3573e+00     0.1189     0.4876 0.0000e+00
        326 348.473348    0.02257     1.3539     81.236      4.038  50225.822    31.6344     7.4272      4.000     7.4282    24.7115     6.0042     8.5806     87.848    261.680    268.147    0.00419    6.83475    9.76755  297.87903     7.4268   15.37828 2.8708e+00     0.1389     0.4938 0.0000e+00
        330 348.473360    0.02288     1.3725     82.352      5.047  50221.045    31.6308     7.4285      5.000     7.4261    24.7085     6.0122     8.5920     87.966    262.031    268.505    0.00357    6.83470    9.76747  297.87768     7.4281   15.37823 2.5489e+00     0.1338     0.4982 0.0000e+00
        335 348.473373    0.02316     1.3897     83.382      6.057  50220.747    31.6293     7.4238      6.000     7.4209    24.7080     6.0161     8.5976     88.012    262.199    268.677    0.00275    6.83551    9.76863  297.91296     7.4232   15.37992 2.2663e+00     0.1201     0.4966 0.0000e+00
        338 348.473384    0.02343     1.4061     84.367      7.066  50224.269    31.6307     7.4202      7.000     7.4188    24.7096     6.0198     8.6029     88.060    262.361    268.844    0.00219    6.83600    9.76933  297.93405     7.4196   15.38092 1.9786e+00     0.1203     0.5166 0.0000e+00
        343 348.473397    0.02376     1.4254     85.521      8.076  50226.002    31.6312     7.4190      8.000     7.4180    24.7102     6.0281     8.6147     88.179    262.723    269.214    0.00208    6.83618    9.76958  297.94153     7.4182   15.38127 1.7642e+00     0.1240     0.5254 0.0000e+00
        348 348.473411    0.02409     1.4455     86.730      9.085  50228.010    31.6322     7.4190      9.000     7.4187    24.7109     6.0382     8.6291     88.327    263.161    269.665    0.00218    6.83613    9.76951  297.93933     7.4182   15.38116 1.5832e+00     0.1334     0.5029 0.0000e+00
        352 348.473422    0.02436     1.4617     87.701     10.095  50231.023    31.6341     7.4206     10.000     7.4216    24.7123     6.0427     8.6356     88.398    263.359    269.868    0.00196    6.83579    9.76903  297.92402     7.4197   15.38042 1.4101e+00     0.1223     0.4933 0.0000e+00
        355 348.473433    0.02460     1.4761     88.564     11.104  50229.104    31.6328     7.4235     11.000     7.4225    24.7109     6.0456     8.6397     88.445    263.485    269.995    0.00169    6.83539    9.76845  297.90700     7.4225   15.37962 1.2579e+00     0.1214     0.4975 0.0000e+00
        359 348.473444    0.02489     1.4935     89.612     12.113  50228.200    31.6315     7.4224     12.000     7.4206    24.7100     6.0472     8.6421     88.466    263.557    270.069    0.00129    6.83563    9.76879  297.91749     7.4213   15.38013 1.1348e+00     0.1317     0.4974 0.0000e+00
        365 348.473461    0.02527     1.5163     90.978     13.123  50230.694    31.6326     7.4214     13.000     7.4204    24.7110     6.0457     8.6398     88.442    263.488    269.999    0.00061    6.83573    9.76895  297.92201     7.4202   15.38034 1.0239e+00     0.1288     0.4935 0.0000e+00
        369 348.473473    0.02558     1.5347     92.085     14.133  50231.842    31.6331     7.4223     14.000     7.4212    24.7113     6.0515     8.6481     88.528    263.740    270.257    0.00078    6.83557    9.76872  297.91483     7.4210   15.37999 9.1326e-01     0.1246     0.5020 0.0000e+00
        373 348.473483    0.02580     1.5484     92.906     15.142  50231.427    31.6324     7.4224     15.000     7.4207    24.7107     6.0593     8.6594     88.643    264.083    270.609    0.00124    6.83559    9.76874  297.91573     7.4210   15.38004 8.1478e-01     0.1251     0.5081 0.0000e+00
        376 348.473493    0.02606     1.5634     93.805     16.152  50231.264    31.6317     7.4216     16.000     7.4193    24.7103     6.0638     8.6658     88.707    264.279    270.810    0.00126    6.83575    9.76897  297.92277     7.4201   15.38038 7.3232e-01     0.1295     0.5227 0.0000e+00
        381 348.473507    0.02639     1.5836     95.018     17.162  50233.728    31.6327     7.4201     17.000     7.4188    24.7113     6.0672     8.6707     88.755    264.430    270.964    0.00106    6.83593    9.76923  297.93035     7.4186   15.38074 6.6355e-01     0.1342     0.5085 0.0000e+00
        386 348.473522    0.02676     1.6053     96.321     18.171  50235.575    31.6337     7.4212     18.000     7.4204    24.7120     6.0664     8.6695     88.746    264.392    270.926    0.00061    6.83572    9.76893  297.92110     7.4195   15.38029 5.9738e-01     0.1296     0.5255 0.0000e+00
        390 348.473533    0.02701     1.6207     97.244     19.180  50236.381    31.6341     7.4231     19.000     7.4220    24.7120     6.0677     8.6713     88.768    264.446    270.981    0.00042    6.83540    9.76847  297.90714     7.4214   15.37962 5.3287e-01     0.1324     0.5346 0.0000e+00
        393 348.473543    0.02724     1.6348     98.086     20.190  50234.251    31.6322     7.4235     20.000     7.4209    24.7105     6.0743     8.6807     88.864    264.735    271.276    0.00083    6.83541    9.76849  297.90821     7.4217   15.37968 4.7632e-01     0.1341     0.5290 0.0000e+00
        397 348.473554    0.02752     1.6513     99.079     21.199  50234.571    31.6317     7.4217     21.000     7.4188    24.7103     6.0764     8.6838     88.893    264.830    271.374    0.00077    6.83572    9.76893  297.92150     7.4198   15.38032 4.2740e-01     0.1338     0.5024 0.0000e+00
        402 348.473569    0.02787     1.6723    100.339     22.209  50237.105    31.6327     7.4200     22.000     7.4180    24.7114     6.0797     8.6885     88.937    264.970    271.519    0.00061    6.83595    9.76926  297.93131     7.4180   15.38078 3.8647e-01     0.1273     0.5342 0.0000e+00
        407 348.473583    0.02821     1.6924    101.546     23.219  50237.198    31.6323     7.4199     23.000     7.4174    24.7111     6.0857     8.6971     89.024    265.233    271.787    0.00090    6.83598    9.76929  297.93243     7.4178   15.38084 3.4909e-01     0.1282     0.5207 0.0000e+00
        411 348.473594    0.02847     1.7083    102.496     24.228  50239.366    31.6333     7.4196     24.000     7.4181    24.7119     6.0855     8.6968     89.022    265.225    271.779    0.00055    6.83599    9.76931  297.93281     7.4174   15.38085 3.1343e-01     0.1378     0.5319 0.0000e+00
        414 348.473603    0.02870     1.7220    103.320     25.238  50242.118    31.6350     7.4211     25.000     7.4208    24.7131     6.0866     8.6982     89.041    265.268    271.825    0.00047    6.83568    9.76886  297.91886     7.4188   15.38018 2.8069e-01     0.1331     0.5302 0.0000e+00
        418 348.473614    0.02896     1.7377    104.261     26.247  50241.656    31.6348     7.4248     26.000     7.4239    24.7124     6.0877     8.6998     89.065    265.318    271.874    0.00042    6.83510    9.76803  297.89364     7.4225   15.37897 2.5274e-01     0.1309     0.5177 0.0000e+00
        424 348.473630    0.02935     1.7609    105.651     27.257  50242.324    31.6355     7.4285     27.000     7.4274    24.7125     6.0835     8.6938     89.011    265.135    271.687   -0.00006    6.83449    9.76718  297.86744     7.4260   15.37772 2.2891e-01     0.1297     0.5250 0.0000e+00
        429 348.473645    0.02969     1.7813    106.880     28.267  50242.221    31.6354     7.4316     28.000     7.4300    24.7121     6.0844     8.6953     89.032    265.178    271.731   -0.00005    6.83401    9.76648  297.84637     7.4291   15.37672 2.0539e-01     0.1339     0.5487 0.0000e+00
        432 348.473654    0.02992     1.7950    107.701     29.276  50243.901    31.6365     7.4334     29.000     7.4327    24.7126     6.0871     8.6990     89.074    265.293    271.849    0.00021    6.83367    9.76600  297.83161     7.4308   15.37601 1.8447e-01     0.1304     0.5203 0.0000e+00
        435 348.473663    0.03014     1.8083    108.497     30.286  50244.156    31.6368     7.4367     30.000     7.4358    24.7124     6.0870     8.6990     89.081    265.293    271.849    0.00012    6.83316    9.76527  297.80935     7.4339   15.37495 1.6621e-01     0.1231     0.5325 0.0000e+00
        439 348.473675    0.03042     1.8250    109.501     31.295  50242.764    31.6359     7.4399     31.000     7.4378    24.7113     6.0870     8.6990     89.088    265.294    271.850    0.00007    6.83270    9.76461  297.78960     7.4370   15.37401 1.5075e-01     0.1338     0.5416 0.0000e+00
        445 348.473691    0.03080     1.8485    110.910     32.304  50242.134    31.6352     7.4413     32.000     7.4383    24.7106     6.0853     8.6966     89.065    265.219    271.772   -0.00013    6.83251    9.76434  297.78148     7.4383   15.37363 1.3715e-01     0.1208     0.5439 0.0000e+00
        449 348.473705    0.03113     1.8679    112.076     33.314  50241.863    31.6345     7.4408     33.000     7.4369    24.7101     6.0805     8.6896     88.992    265.006    271.554   -0.00053    6.83262    9.76450  297.78649     7.4378   15.37387 1.2390e-01     0.1087     0.5056 0.0000e+00
        453 348.473714    0.03137     1.8820    112.923     34.323  50242.595    31.6342     7.4392     34.000     7.4353    24.7101     6.0810     8.6903     88.996    265.027    271.575   -0.00056    6.83287    9.76485  297.79711     7.4362   15.37438 1.1211e-01     0.1105     0.5023 0.0000e+00
        456 348.473724    0.03159     1.8955    113.730     35.333  50243.976    31.6345     7.4381     35.000     7.4346    24.7105     6.0819     8.6917     89.008    265.069    271.619   -0.00034    6.83302    9.76507  297.80390     7.4350   15.37470 1.0190e-01     0.1218     0.5093 0.0000e+00
        460 348.473735    0.03186     1.9117    114.701     36.343  50245.364    31.6350     7.4379     36.000     7.4348    24.7109     6.0872     8.6993     89.085    265.299    271.855    0.00003    6.83304    9.76509  297.80446     7.4347   15.37472 9.3299e-02     0.1289     0.5020 0.0000e+00
        465 348.473750    0.03223     1.9338    116.029     37.353  50245.588    31.6347     7.4381     37.000     7.4345    24.7107     6.0839     8.6945     89.037    265.155    271.707   -0.00018    6.83303    9.76508  297.80404     7.4348   15.37471 8.5469e-02     0.1260     0.4912 0.0000e+00
        470 348.473765    0.03258     1.9546    117.279     38.362  50246.475    31.6348     7.4374     38.000     7.4336    24.7108     6.0811     8.6904     88.994    265.032    271.581   -0.00058    6.83313    9.76523  297.80852     7.4339   15.37492 7.7680e-02     0.1311     0.5229 0.0000e+00
        474 348.473775    0.03283     1.9698    118.190     39.372  50247.591    31.6350     7.4369     39.000     7.4333    24.7111     6.0865     8.6982     89.073    265.268    271.822    0.00010    6.83319    9.76532  297.81120     7.4333   15.37504 7.1510e-02     0.1338     0.5324 0.0000e+00
        477 348.473786    0.03308     1.9845    119.072     40.382  50248.657    31.6353     7.4371     40.000     7.4336    24.7114     6.0820     8.6918     89.007    265.071    271.621   -0.00037    6.83316    9.76527  297.80953     7.4334   15.37496 6.6390e-02     0.1303     0.5692 0.0000e+00
        481 348.473797    0.03335     2.0010    120.063     41.392  50248.583    31.6349     7.4373     41.000     7.4333    24.7110     6.0885     8.7011     89.102    265.356    271.913    0.00006    6.83315    9.76526  297.80937     7.4335   15.37496 6.2074e-02     0.1324     0.5773 0.0000e+00
        486 348.473811    0.03368     2.0211    121.268     42.401  50249.391    31.6349     7.4369     42.000     7.4329    24.7111     6.0965     8.7124     89.218    265.702    272.268    0.00074    6.83321    9.76534  297.81202     7.4331   15.37509 5.8295e-02     0.1440     0.5324 0.0000e+00
        491 348.473825    0.03402     2.0413    122.480     43.411  50249.748    31.6346     7.4365     43.000     7.4323    24.7109     6.0958     8.7116     89.208    265.674    272.240    0.00038    6.83329    9.76545  297.81532     7.4325   15.37525 5.4782e-02     0.1433     0.5278 0.0000e+00
        495 348.473837    0.03431     2.0582    123.490     44.420  50250.609    31.6347     7.4361     44.000     7.4319    24.7110     6.0894     8.7023     89.112    265.393    271.951   -0.00028    6.83335    9.76554  297.81786     7.4320   15.37536 5.1553e-02     0.1480     0.5269 0.0000e+00
        499 348.473847    0.03456     2.0740    124.442     45.429  50250.453    31.6341     7.4357     45.000     7.4311    24.7105     6.0887     8.7013     89.101    265.362    271.919   -0.00051    6.83343    9.76565  297.82155     7.4316   15.37554 4.8831e-02     0.1432     0.5344 0.0000e+00
        503 348.473860    0.03486     2.0917    125.501     46.439  50250.667    31.6336     7.4348     46.000     7.4303    24.7103     6.1005     8.7182     89.272    265.878    272.448    0.00053    6.83358    9.76588  297.82843     7.4306   15.37587 4.6399e-02     0.1211     0.5339 0.0000e+00
        507 348.473873    0.03517     2.1102    126.612     47.449  50252.579    31.6344     7.4345     47.000     7.4304    24.7111     6.0982     8.7149     89.238    265.777    272.345    0.00031    6.83360    9.76590  297.82916     7.4302   15.37590 4.3997e-02     0.0999     0.5307 0.0000e+00
        512 348.473886    0.03548     2.1289    127.735     48.459  50253.691    31.6348     7.4352     48.000     7.4312    24.7113     6.0851     8.6961     89.048    265.205    271.758   -0.00106    6.83348    9.76572  297.82337     7.4308   15.37563 4.2026e-02     0.1046     0.5175 0.0000e+00
        516 348.473899    0.03579     2.1476    128.855     49.468  50254.282    31.6350     7.4363     49.000     7.4325    24.7113     6.0910     8.7047     89.138    265.467    272.027   -0.00024    6.83329    9.76546  297.81550     7.4319   15.37525 4.0464e-02     0.1251     0.4931 0.0000e+00
        521 348.473911    0.03609     2.1657    129.942     50.478  50253.626    31.6343     7.4375     50.000     7.4327    24.7105     6.0869     8.6988     89.079    265.286    271.842   -0.00057    6.83314    9.76523  297.80881     7.4329   15.37493 3.9190e-02     0.1246     0.5307 0.0000e+00
        525 348.473924    0.03639     2.1832    130.992     51.488  50253.169    31.6333     7.4366     51.000     7.4313    24.7099     6.0880     8.7003     89.092    265.331    271.887   -0.00044    6.83332    9.76549  297.81701     7.4319   15.37533 3.8263e-02     0.1231     0.5489 0.0000e+00
        529 348.473934    0.03665     2.1991    131.946     52.497  50254.273    31.6335     7.4357     52.000     7.4305    24.7102     6.0892     8.7020     89.108    265.383    271.940   -0.00028    6.83346    9.76569  297.82295     7.4309   15.37561 3.8010e-02     0.1411     0.5687 0.0000e+00
        532 348.473945    0.03691     2.2145    132.873     53.507  50254.983    31.6334     7.4350     53.000     7.4298    24.7103     6.0900     8.7033     89.119    265.423    271.981   -0.00020    6.83357    9.76586  297.82795     7.4302   15.37585 3.7988e-02     0.1406     0.5793 0.0000e+00
