CTD-processing/allCTD/CNV/2016-05-17-tutkabay-intensive-cast247_5028.cnv
* Sea-Bird SBE19plus Data File:
* FileName = C:\Users\Kris.Holderied\Documents\kasitsna\Research-KBL\Oceanography-AK\CTD-Data-ALL-to-2016-05\2016-CTD-KachemakBay-CookInlet\2016-05-17-TutkaBay-Intensive-phytoplankton\2016-05-17-TutkaBay-Intensive-cast247.hex
* Software Version 1.59
* Temperature SN =  5028
* Conductivity SN =  5028
* System UpLoad Time = Jun 03 2016 19:02:33
** Tutka Bay Intensive Phytoplankton Transect - head to entrance
** Date (YYYY-MM-DD): 2016-05-17
** Station (ie. 9-01):  to add
** Start time (AKST): to add
** Depth (m): to add
** Comment:  Along-bay transect with CTD, phytoplankton and nutrient sampling
** Comment:
# nquan = 27
# nvalues = 77                          
# units = specified
# name 0 = scan: Scan Count
# name 1 = timeJ: Julian Days
# name 2 = timeH: Time, Elapsed [hours]
# name 3 = timeM: Time, Elapsed [minutes]
# name 4 = timeS: Time, Elapsed [seconds]
# name 5 = prdM: Pressure, Strain Gauge [db]
# name 6 = specc: Specific Conductance [uS/cm]
# name 7 = sal00: Salinity, Practical [PSU]
# name 8 = tv290C: Temperature [ITS-90, deg C]
# name 9 = depSM: Depth [salt water, m], lat = 59.00
# name 10 = potemp090C: Potential Temperature [ITS-90, deg C]
# name 11 = sigma-é00: Density [sigma-theta, kg/m^3]
# name 12 = sbeox0ML/L: Oxygen, SBE 43 [ml/l]
# name 13 = sbeox0Mg/L: Oxygen, SBE 43 [mg/l]
# name 14 = sbeox0PS: Oxygen, SBE 43 [% saturation]
# name 15 = sbox0Mm/Kg: Oxygen, SBE 43 [umol/kg]
# name 16 = sbeox0Mm/L: Oxygen, SBE 43 [umol/l]
# name 17 = sbox0dV/dT: Oxygen, SBE 43 [dov/dt]
# name 18 = oxsolML/L: Oxygen Saturation, Garcia & Gordon [ml/l]
# name 19 = oxsolMg/L: Oxygen Saturation, Garcia & Gordon [mg/l]
# name 20 = oxsolMm/Kg: Oxygen Saturation, Garcia & Gordon [umol/kg]
# name 21 = potemp090C: Potential Temperature [ITS-90, deg C]
# name 22 = n2satMg/L: Nitrogen Saturation [mg/l]
# name 23 = par: PAR/Irradiance, Biospherical/Licor
# name 24 = flECO-AFL: Fluorescence, WET Labs ECO-AFL/FL [mg/m^3]
# name 25 = turbWETntu0: Turbidity, WET Labs ECO [NTU]
# name 26 = flag: flag
# span 0 =        298,        507       
# span 1 = 138.467733, 138.468339       
# span 2 =    0.02061,    0.03514       
# span 3 =     1.2366,     2.1084       
# span 4 =     74.198,    126.505       
# span 5 =      1.010,     77.741       
# span 6 =  46312.505,  49836.890       
# span 7 =    29.1165,    31.2075       
# span 8 =     6.6757,     8.8021       
# span 9 =      1.000,     77.000       
# span 10 =     6.6653,     8.6545      
# span 11 =    22.5444,    24.4704      
# span 12 =     6.4019,    10.1547      
# span 13 =     9.1490,    14.5121      
# span 14 =     91.795,    147.276      
# span 15 =    279.084,    442.801      
# span 16 =    285.912,    453.510      
# span 17 =   -0.15368,    0.01507      
# span 18 =    6.73441,    6.97417      
# span 19 =    9.62416,    9.96678      
# span 20 =  294.12869,  304.02719      
# span 21 =     6.6692,     8.8020      
# span 22 =   15.20963,   15.67332      
# span 23 = 4.6537e-02, 8.9337e+01      
# span 24 =    19.7878,    41.5084      
# span 25 =    24.1782,    24.1843      
# span 26 = 0.0000e+00, 0.0000e+00      
# interval = meters: 1                  
# start_time = May 17 2016 11:12:18 [Instrument's time stamp, header]
# bad_flag = -9.990e-29
*END*
[from data line 54]
        444 138.468157    0.03076     1.8457    110.739     55.527  49805.376    31.1950     6.7170     55.000     6.7080    24.4597     6.4881     9.2722     93.118    282.841    289.760   -0.00306    6.96767    9.95750  303.74663     6.7124   15.65995 4.8273e-02    21.6776    24.1817 0.0000e+00
        447 138.468165    0.03095     1.8572    111.432     56.536  49807.862    31.1952     6.7110     56.000     6.7026    24.4607     6.4857     9.2688     93.070    282.737    289.653   -0.00279    6.96864    9.95889  303.78862     6.7062   15.66195 4.7863e-02    21.6682    24.1815 0.0000e+00
        449 138.468172    0.03114     1.8687    112.121     57.546  49813.062    31.1975     6.7063     57.000     6.7002    24.4631     6.4812     9.2623     92.997    282.540    289.452   -0.00272    6.96930    9.95982  303.81653     6.7014   15.66327 4.7250e-02    21.6601    24.1814 0.0000e+00
        452 138.468181    0.03134     1.8802    112.811     58.555  49816.099    31.1989     6.7049     58.000     6.7001    24.4644     6.4745     9.2527     92.898    282.246    289.151   -0.00282    6.96945    9.96004  303.82265     6.7000   15.66356 4.6605e-02    21.6626    24.1822 0.0000e+00
        455 138.468189    0.03153     1.8917    113.500     59.565  49817.164    31.1992     6.7052     59.000     6.7004    24.4646     6.4669     9.2419     92.790    281.917    288.813   -0.00297    6.96940    9.95996  303.82023     6.7002   15.66344 4.6537e-02    21.6801    24.1819 0.0000e+00
        458 138.468196    0.03172     1.9032    114.193     60.575  49816.754    31.1985     6.7055     60.000     6.6998    24.4640     6.4601     9.2321     92.693    281.619    288.508   -0.00304    6.96938    9.95994  303.81996     6.7004   15.66343 4.6697e-02    21.6999    24.1819 0.0000e+00
        461 138.468205    0.03191     1.9148    114.889     61.585  49817.101    31.1981     6.7047     61.000     6.6987    24.4638     6.4534     9.2224     92.594    281.324    288.205   -0.00308    6.96952    9.96015  303.82618     6.6995   15.66373 4.6921e-02    21.7007    24.1822 0.0000e+00
        463 138.468213    0.03210     1.9264    115.583     62.595  49819.747    31.1993     6.7038     62.000     6.6987    24.4649     6.4491     9.2163     92.531    281.136    288.014   -0.00297    6.96961    9.96027  303.82955     6.6986   15.66389 4.7157e-02    21.7033    24.1810 0.0000e+00
        466 138.468221    0.03230     1.9379    116.276     63.604  49823.930    31.2019     6.7044     63.000     6.7001    24.4668     6.4469     9.2133     92.503    281.043    287.920   -0.00263    6.96939    9.95996  303.81967     6.6990   15.66341 4.7336e-02    21.7204    24.1808 0.0000e+00
        469 138.468229    0.03249     1.9495    116.973     64.613  49826.299    31.2033     6.7060     64.000     6.7017    24.4678     6.4440     9.2091     92.466    280.916    287.790   -0.00237    6.96908    9.95951  303.80546     6.7005   15.66272 4.7436e-02    21.7542    24.1806 0.0000e+00
        472 138.468237    0.03269     1.9612    117.672     65.624  49830.634    31.2062     6.7081     65.000     6.7052    24.4699     6.4399     9.2033     92.414    280.737    287.606   -0.00229    6.96859    9.95883  303.78408     6.7026   15.66170 4.7558e-02    21.7824    24.1807 0.0000e+00
        475 138.468246    0.03289     1.9729    118.376     66.634  49832.110    31.2075     6.7121     66.000     6.7087    24.4704     6.4370     9.1992     92.381    280.612    287.479   -0.00211    6.96790    9.95783  303.75356     6.7065   15.66023 4.7622e-02    21.8021    24.1809 0.0000e+00
        477 138.468253    0.03308     1.9847    119.081     67.643  49830.508    31.2065     6.7151     67.000     6.7102    24.4692     6.4348     9.1960     92.355    280.515    287.379   -0.00189    6.96745    9.95719  303.73430     6.7094   15.65932 4.7707e-02    21.8164    24.1806 0.0000e+00
        480 138.468261    0.03327     1.9964    119.786     68.653  49830.450    31.2062     6.7163     68.000     6.7105    24.4688     6.4331     9.1936     92.334    280.441    287.304   -0.00172    6.96728    9.95694  303.72696     6.7104   15.65897 4.7887e-02    21.8532    24.1816 0.0000e+00
        483 138.468270    0.03347     2.0082    120.494     69.662  49830.798    31.2060     6.7161     69.000     6.7097    24.4687     6.4316     9.1914     92.312    280.376    287.236   -0.00157    6.96731    9.95699  303.72825     6.7103   15.65903 4.8324e-02    21.8626    24.1816 0.0000e+00
        486 138.468277    0.03367     2.0200    121.201     70.672  49831.911    31.2061     6.7153     70.000     6.7088    24.4689     6.4304     9.1898     92.293    280.326    287.185   -0.00144    6.96744    9.95716  303.73369     6.7094   15.65929 4.8905e-02    21.8472    24.1815 0.0000e+00
        489 138.468286    0.03386     2.0318    121.910     71.682  49833.211    31.2064     6.7146     71.000     6.7083    24.4692     6.4292     9.1879     92.273    280.270    287.127   -0.00133    6.96754    9.95730  303.73795     6.7086   15.65949 4.9142e-02    21.8489    24.1814 0.0000e+00
        491 138.468294    0.03406     2.0436    122.617     72.692  49834.110    31.2065     6.7143     72.000     6.7079    24.4694     6.4262     9.1838     92.231    280.142    286.997   -0.00135    6.96759    9.95739  303.74047     6.7082   15.65961 4.9158e-02    21.8708    24.1804 0.0000e+00
        494 138.468303    0.03426     2.0555    123.327     73.702  49834.620    31.2064     6.7139     73.000     6.7070    24.4693     6.4228     9.1789     92.180    279.992    286.843   -0.00147    6.96765    9.95748  303.74310     6.7077   15.65974 4.9002e-02    21.9061    24.1810 0.0000e+00
        497 138.468310    0.03445     2.0674    124.042     74.712  49834.593    31.2057     6.7129     74.000     6.7046    24.4689     6.4205     9.1755     92.144    279.890    286.739   -0.00146    6.96785    9.95776  303.75183     6.7066   15.66016 4.8594e-02    21.9352    24.1798 0.0000e+00
        500 138.468319    0.03466     2.0795    124.768     75.722  49831.933    31.2027     6.7094     75.000     6.6972    24.4670     6.4170     9.1706     92.086    279.741    286.585   -0.00153    6.96855    9.95875  303.78271     6.7030   15.66164 4.8169e-02    21.9292    24.1794 0.0000e+00
        503 138.468328    0.03487     2.0922    125.534     76.731  49823.847    31.1948     6.6987     76.000     6.6798    24.4621     6.4124     9.1640     91.992    279.541    286.379   -0.00181    6.97065    9.96176  303.87605     6.6922   15.66613 4.7978e-02    21.9164    24.1806 0.0000e+00
        507 138.468339    0.03514     2.1084    126.505     77.741  49836.890    31.1992     6.6757     77.000     6.6653    24.4685     6.4019     9.1490     91.795    279.084    285.912   -0.00248    6.97417    9.96678  304.02719     6.6692   15.67332 4.7905e-02    21.9058    24.1829 0.0000e+00
