CTD-processing/allCTD/CNV/2016_06-16_t9_s10_cast261_5028.cnv
* Sea-Bird SBE19plus Data File:
* FileName = C:\Users\Kris.Holderied\Documents\kasitsna\Research-KBL\Oceanography-AK\CTD-Data-ALL-to-2016-05\2016-CTD-KachemakBay-CookInlet\2016-06-16-CookInlet-HomerSpit-monthly\2016-06-16-CookInlet-Tran9-cast261.hex
* Software Version 1.59
* Temperature SN =  5028
* Conductivity SN =  5028
* System UpLoad Time = Jul 26 2016 19:39:50
** Cook Inlet LTM Tran9 Homer Spit monthly
** Date (YYYY-MM-DD): 2016-06-16
** Station (eg. 9-01):  9-10
** Start time (AKDT): 11:55
** Depth (m): 65.5
** Comment:  R/V Edgecumbe.
** Comment:
# nquan = 27
# nvalues = 62                          
# units = specified
# name 0 = scan: Scan Count
# name 1 = timeJ: Julian Days
# name 2 = timeH: Time, Elapsed [hours]
# name 3 = timeM: Time, Elapsed [minutes]
# name 4 = timeS: Time, Elapsed [seconds]
# name 5 = prdM: Pressure, Strain Gauge [db]
# name 6 = specc: Specific Conductance [uS/cm]
# name 7 = sal00: Salinity, Practical [PSU]
# name 8 = tv290C: Temperature [ITS-90, deg C]
# name 9 = depSM: Depth [salt water, m], lat = 59.00
# name 10 = potemp090C: Potential Temperature [ITS-90, deg C]
# name 11 = sigma-é00: Density [sigma-theta, kg/m^3]
# name 12 = sbeox0ML/L: Oxygen, SBE 43 [ml/l]
# name 13 = sbeox0Mg/L: Oxygen, SBE 43 [mg/l]
# name 14 = sbeox0PS: Oxygen, SBE 43 [% saturation]
# name 15 = sbox0Mm/Kg: Oxygen, SBE 43 [umol/kg]
# name 16 = sbeox0Mm/L: Oxygen, SBE 43 [umol/l]
# name 17 = sbox0dV/dT: Oxygen, SBE 43 [dov/dt]
# name 18 = oxsolML/L: Oxygen Saturation, Garcia & Gordon [ml/l]
# name 19 = oxsolMg/L: Oxygen Saturation, Garcia & Gordon [mg/l]
# name 20 = oxsolMm/Kg: Oxygen Saturation, Garcia & Gordon [umol/kg]
# name 21 = potemp090C: Potential Temperature [ITS-90, deg C]
# name 22 = n2satMg/L: Nitrogen Saturation [mg/l]
# name 23 = par: PAR/Irradiance, Biospherical/Licor
# name 24 = flECO-AFL: Fluorescence, WET Labs ECO-AFL/FL [mg/m^3]
# name 25 = turbWETntu0: Turbidity, WET Labs ECO [NTU]
# name 26 = flag: flag
# span 0 =        423,        653       
# span 1 = 168.496151, 168.496818       
# span 2 =    0.02930,    0.04530       
# span 3 =     1.7579,     2.7181       
# span 4 =    105.475,    163.089       
# span 5 =      2.019,     63.605       
# span 6 =  47171.459,  49666.418       
# span 7 =    29.8632,    31.2552       
# span 8 =     7.6158,     9.9833       
# span 9 =      2.000,     63.000       
# span 10 =     7.6100,     9.9221      
# span 11 =    22.9467,    24.3833      
# span 12 =     6.1831,     8.0800      
# span 13 =     8.8362,    11.5472      
# span 14 =     90.627,    123.462      
# span 15 =    269.563,    352.724      
# span 16 =    276.136,    360.855      
# span 17 =   -0.04713,    0.00009      
# span 18 =    6.52855,    6.82254      
# span 19 =    9.32995,    9.75010      
# span 20 =  285.02473,  297.44222      
# span 21 =     7.6100,     9.9831      
# span 22 =   14.77147,   15.35902      
# span 23 = 1.0125e-01, 5.9849e+02      
# span 24 =     0.0369,     7.1492      
# span 25 =     0.5246,     1.2459      
# span 26 = 0.0000e+00, 0.0000e+00      
# interval = meters: 1                  
# start_time = Jun 16 2016 11:52:42 [Instrument's time stamp, header]
# bad_flag = -9.990e-29
*END*
        423 168.496151    0.02930     1.7579    105.475      2.019  47171.459    29.8632     9.9833      2.000     9.9221    22.9467     8.0603    11.5189    123.462    351.896    359.970    0.00009    6.52855    9.32995  285.02473     9.9831   14.77147 5.9849e+02     1.9523     0.9673 0.0000e+00
        428 168.496166    0.02966     1.7798    106.791      3.029  47257.555    29.9045     9.8292      3.000     9.7788    23.0035     8.0761    11.5415    123.319    352.568    360.678   -0.00109    6.54898    9.35915  285.90081     9.8288   14.81320 3.5229e+02     2.5995     1.0433 0.0000e+00
        432 168.496179    0.02995     1.7969    107.815      4.038  47334.304    29.9435     9.7125      4.000     9.6154    23.0522     8.0800    11.5472    123.094    352.724    360.855   -0.00196    6.56422    9.38092  286.55232     9.7120   14.84419 2.1103e+02     3.1158     1.0780 0.0000e+00
        436 168.496189    0.03022     1.8131    108.785      5.047  47550.135    30.0656     9.4872      5.000     9.3255    23.1827     8.0211    11.4630    121.690    350.107    358.222   -0.00911    6.59187    9.42044  287.72258     9.4867   14.89963 1.2453e+02     3.9697     1.1102 0.0000e+00
        440 168.496201    0.03048     1.8287    109.721      6.056  47910.495    30.2785     9.1863      6.000     9.0715    23.3952     7.8635    11.2377    118.670    343.157    351.185   -0.02448    6.62694    9.47055  289.19306     9.1857   14.96905 7.2985e+01     4.8106     1.1225 0.0000e+00
        444 168.496211    0.03073     1.8442    110.653      7.066  48132.837    30.4111     9.0162      7.000     8.9870    23.5248     7.6299    10.9039    114.803    332.921    340.753   -0.04192    6.64633    9.49827  290.00280     9.0156   15.00720 4.3668e+01     5.1837     1.0924 0.0000e+00
        447 168.496222    0.03100     1.8604    111.622      8.075  48187.568    30.4438     8.9775      8.000     8.9710    23.5562     7.4647    10.6678    112.241    325.701    333.373   -0.04713    6.65065    9.50444  290.18253     8.9767   15.01566 2.6709e+01     5.3986     1.0757 0.0000e+00
        452 168.496235    0.03129     1.8775    112.651      9.085  48218.011    30.4633     8.9674      9.000     8.9605    23.5730     7.4214    10.6060    111.578    323.808    331.441   -0.03798    6.65131    9.50539  290.20676     8.9665   15.01674 1.6545e+01     5.5675     1.0824 0.0000e+00
        456 168.496246    0.03159     1.8950    113.702     10.095  48271.590    30.4981     8.9512     10.000     8.9369    23.6027     7.4366    10.6277    111.791    324.462    332.120   -0.02530    6.65223    9.50670  290.23820     8.9501   15.01809 1.0219e+01     5.9847     1.0999 0.0000e+00
        460 168.496259    0.03187     1.9122    114.734     11.104  48333.887    30.5375     8.9235     11.000     8.9117    23.6376     7.4680    10.6725    112.223    325.820    333.522   -0.01536    6.65466    9.51017  290.33417     8.9223   15.02251 6.2219e+00     6.7888     1.1031 0.0000e+00
        464 168.496270    0.03214     1.9286    115.719     12.113  48368.150    30.5586     8.9056     12.000     8.8955    23.6569     7.5083    10.7302    112.799    327.573    335.322   -0.00760    6.65641    9.51267  290.40488     8.9044   15.02581 3.8891e+00     7.1492     1.0271 0.0000e+00
        467 168.496280    0.03239     1.9434    116.602     13.123  48404.808    30.5807     8.8834     13.000     8.8551    23.6775     7.5256    10.7549    113.019    328.321    336.095   -0.00410    6.65875    9.51602  290.50123     8.8822   15.03032 2.5375e+00     7.0895     0.9684 0.0000e+00
        471 168.496290    0.03262     1.9572    117.431     14.133  48477.565    30.6240     8.8320     14.000     8.7892    23.7191     7.5136    10.7377    112.741    327.784    335.559   -0.00453    6.66455    9.52431  290.74264     8.8306   15.04168 1.6554e+00     6.8486     0.9429 0.0000e+00
        474 168.496299    0.03284     1.9705    118.231     15.142  48562.130    30.6734     8.7655     15.000     8.7230    23.7676     7.4736    10.6806    112.010    326.024    333.773   -0.00774    6.67235    9.53546  291.06914     8.7640   15.05707 1.0876e+00     6.4262     0.9194 0.0000e+00
        477 168.496308    0.03307     1.9838    119.026     16.152  48640.654    30.7188     8.7014     16.000     8.6607    23.8126     7.4009    10.5767    110.794    322.838    330.526   -0.01319    6.67997    9.54635  291.38898     8.6998   15.07217 7.3123e-01     5.8321     0.8886 0.0000e+00
        480 168.496318    0.03329     1.9974    119.845     17.161  48736.293    30.7758     8.6350     17.000     8.5867    23.8671     7.3051    10.4399    109.238    318.644    326.248   -0.01952    6.68746    9.55706  291.70020     8.6333   15.08680 5.1666e-01     5.0810     0.8607 0.0000e+00
        484 168.496327    0.03353     2.0116    120.697     18.171  48882.035    30.8654     8.5527     18.000     8.5016    23.9493     7.2003    10.2899    107.533    314.044    321.565   -0.02507    6.69594    9.56917  292.04657     8.5510   15.10298 3.7843e-01     4.1543     0.8202 0.0000e+00
        487 168.496337    0.03376     2.0257    121.541     19.180  49020.143    30.9500     8.4730     19.000     8.4366    24.0272     7.0892    10.1311    105.742    309.172    316.601   -0.02985    6.70427    9.58108  292.38775     8.4712   15.11893 2.9350e-01     3.0682     0.7207 0.0000e+00
        490 168.496347    0.03399     2.0395    122.373     20.189  49103.971    31.0006     8.4221     20.000     8.4029    24.0743     6.9784     9.9729    104.005    304.330    311.656   -0.03332    6.70975    9.58891  292.61307     8.4201   15.12949 2.4198e-01     2.2062     0.6436 0.0000e+00
        494 168.496356    0.03423     2.0533    123.201     21.199  49151.389    31.0300     8.3996     21.000     8.3921    24.1007     6.8892     9.8453    102.642    300.430    307.670   -0.03402    6.71187    9.59194  292.69804     8.3975   15.13342 2.0523e-01     1.6948     0.6022 0.0000e+00
        497 168.496367    0.03446     2.0675    124.049     22.209  49161.416    31.0352     8.3903     22.000     8.3789    24.1062     6.8306     9.7616    101.751    297.873    305.054   -0.03140    6.71305    9.59363  292.74800     8.3881   15.13579 1.7837e-01     1.4194     0.5691 0.0000e+00
        501 168.496376    0.03470     2.0821    124.924     23.218  49165.188    31.0345     8.3710     23.000     8.3533    24.1084     6.7999     9.7177    101.249    296.534    303.683   -0.02669    6.71601    9.59786  292.87644     8.3687   15.14192 1.5934e-01     1.2801     0.5687 0.0000e+00
        504 168.496387    0.03495     2.0973    125.837     24.228  49177.125    31.0380     8.3412     24.000     8.3167    24.1154     6.7801     9.6894    100.889    295.668    302.798   -0.02201    6.72036    9.60407  293.06401     8.3389   15.15086 1.4503e-01     1.1720     0.6163 0.0000e+00
        508 168.496398    0.03521     2.1127    126.759     25.237  49190.365    31.0397     8.2942     25.000     8.2490    24.1236     6.7625     9.6642    100.521    294.897    302.011   -0.01832    6.72742    9.61415  293.36937     8.2918   15.16544 1.3381e-01     1.0543     0.6898 0.0000e+00
        512 168.496408    0.03547     2.1279    127.673     26.247  49250.020    31.0687     8.2133     26.000     8.1678    24.1580     6.7318     9.6203     99.902    293.548    300.640   -0.01705    6.73846    9.62992  293.84073     8.2108   15.18783 1.2573e-01     0.8172     0.6529 0.0000e+00
        515 168.496419    0.03572     2.1434    128.606     27.257  49337.925    31.1190     8.1429     27.000     8.1213    24.2075     6.6796     9.5458     99.003    291.262    298.312   -0.01787    6.74698    9.64210  294.19821     8.1404   15.20470 1.2009e-01     0.5609     0.5546 0.0000e+00
        519 168.496430    0.03599     2.1594    129.564     28.266  49390.651    31.1515     8.1178     28.000     8.1134    24.2366     6.6267     9.4702     98.183    288.946    295.949   -0.01807    6.74939    9.64555  294.29480     8.1151   15.20917 1.1599e-01     0.3954     0.5246 0.0000e+00
        523 168.496441    0.03625     2.1751    130.508     29.275  49419.831    31.1714     8.1167     29.000     8.1159    24.2523     6.5911     9.4194     97.665    287.390    294.360   -0.01653    6.74868    9.64453  294.25946     8.1139   15.20741 1.1270e-01     0.3151     0.5332 0.0000e+00
        527 168.496452    0.03652     2.1909    131.452     30.286  49443.453    31.1878     8.1197     30.000     8.1129    24.2648     6.5757     9.3974     97.455    286.717    293.674   -0.01350    6.74750    9.64285  294.20443     8.1168   15.20471 1.1004e-01     0.2674     0.5721 0.0000e+00
        531 168.496463    0.03678     2.2068    132.406     31.296  49468.056    31.2022     8.1044     31.000     8.0849    24.2783     6.5641     9.3808     97.258    286.205    293.153   -0.01098    6.74920    9.64529  294.27497     8.1014   15.20802 1.0790e-01     0.2008     0.6369 0.0000e+00
        535 168.496475    0.03705     2.2229    133.376     32.305  49497.911    31.2179     8.0740     32.000     8.0604    24.2949     6.5434     9.3511     96.893    285.295    292.226   -0.01015    6.75316    9.65094  294.44251     8.0710   15.21596 1.0613e-01     0.1354     0.6924 0.0000e+00
        539 168.496486    0.03734     2.2402    134.413     33.314  49512.557    31.2250     8.0561     33.000     8.0477    24.3030     6.5192     9.3166     96.501    284.240    291.148   -0.00959    6.75559    9.65442  294.54657     8.0529   15.22089 1.0475e-01     0.0951     0.6973 0.0000e+00
        543 168.496499    0.03763     2.2579    135.474     34.324  49504.296    31.2165     8.0418     34.000     8.0276    24.2984     6.5032     9.2938     96.228    283.545    290.435   -0.00848    6.75815    9.65808  294.65945     8.0385   15.22632 1.0374e-01     0.0937     0.6800 0.0000e+00
        548 168.496514    0.03800     2.2798    136.789     35.333  49512.466    31.2177     8.0157     35.000     8.0068    24.3030     6.4867     9.2702     95.927    282.823    289.696   -0.00726    6.76210    9.66372  294.83021     8.0123   15.23447 1.0295e-01     0.0866     0.6260 0.0000e+00
        555 168.496532    0.03844     2.3064    138.383     36.343  49502.625    31.2075     7.9978     36.000     7.9796    24.2976     6.4703     9.2466     95.639    282.108    288.962   -0.00587    6.76529    9.66828  294.97091     7.9943   15.24123 1.0233e-01     0.0750     0.5854 0.0000e+00
        558 168.496543    0.03871     2.3227    139.359     37.352  49497.311    31.1976     7.9609     37.000     7.9384    24.2950     6.4583     9.2296     95.377    281.588    288.429   -0.00576    6.77142    9.67703  295.23858     7.9573   15.25405 1.0180e-01     0.0700     0.5841 0.0000e+00
        562 168.496554    0.03896     2.3374    140.246     38.362  49508.806    31.2003     7.9296     38.000     7.9102    24.3015     6.4415     9.2056     95.062    280.852    287.678   -0.00631    6.77609    9.68372  295.44062     7.9260   15.26368 1.0135e-01     0.0553     0.5893 0.0000e+00
        565 168.496564    0.03920     2.3517    141.103     39.372  49506.914    31.1939     7.9005     39.000     7.8783    24.3006     6.4272     9.1851     94.784    280.227    287.037   -0.00647    6.78086    9.69053  295.64888     7.8968   15.27365 1.0125e-01     0.0567     0.5832 0.0000e+00
        569 168.496573    0.03942     2.3655    141.932     40.381  49518.839    31.1971     7.8711     40.000     7.8542    24.3073     6.4118     9.1632     94.497    279.557    286.352   -0.00673    6.78524    9.69679  295.83790     7.8674   15.28266 1.0230e-01     0.0575     0.5940 0.0000e+00
        572 168.496583    0.03965     2.3792    142.751     41.391  49533.682    31.2038     7.8510     41.000     7.8404    24.3153     6.3972     9.1422     94.242    278.915    285.697   -0.00678    6.78805    9.70080  295.95791     7.8472   15.28836 1.0771e-01     0.0585     0.6359 0.0000e+00
        575 168.496593    0.03989     2.3935    143.612     42.400  49558.010    31.2192     7.8439     42.000     7.8441    24.3284     6.3813     9.1195     94.003    278.222    284.991   -0.00662    6.78847    9.70140  295.97255     7.8399   15.28900 1.1902e-01     0.0634     0.6502 0.0000e+00
        579 168.496603    0.04014     2.4084    144.506     43.410  49573.530    31.2312     7.8543     43.000     7.8598    24.3365     6.3703     9.1038     93.871    277.739    284.498   -0.00592    6.78632    9.69833  295.87656     7.8503   15.28436 1.2824e-01     0.0683     0.6564 0.0000e+00
        583 168.496614    0.04040     2.4236    145.415     44.420  49586.823    31.2431     7.8732     44.000     7.8852    24.3431     6.3682     9.1009     93.887    277.648    284.407   -0.00439    6.78290    9.69344  295.72518     7.8690   15.27709 1.3387e-01     0.0662     0.6834 0.0000e+00
        586 168.496624    0.04064     2.4386    146.316     45.430  49597.364    31.2552     7.9061     45.000     7.9191    24.3480     6.3702     9.1036     93.993    277.730    284.493   -0.00278    6.77728    9.68541  295.47914     7.9019   15.26530 1.3721e-01     0.0667     0.6851 0.0000e+00
        590 168.496634    0.04089     2.4533    147.198     46.439  49586.107    31.2512     7.9332     46.000     7.9354    24.3411     6.3753     9.1108     94.124    277.953    284.718   -0.00132    6.77328    9.67970  295.30664     7.9289   15.25708 1.3791e-01     0.0727     0.6993 0.0000e+00
        593 168.496645    0.04113     2.4681    148.085     47.449  49573.738    31.2430     7.9391     47.000     7.9274    24.3339     6.3772     9.1137     94.160    278.042    284.808   -0.00074    6.77274    9.67894  295.28555     7.9346   15.25610 1.3710e-01     0.0629     0.7635 0.0000e+00
        597 168.496655    0.04138     2.4829    148.973     48.459  49569.182    31.2368     7.9226     48.000     7.9045    24.3313     6.3729     9.1075     94.058    277.853    284.614   -0.00115    6.77555    9.68295  295.40852     7.9181   15.26200 1.3639e-01     0.0582     0.8805 0.0000e+00
        600 168.496665    0.04163     2.4977    149.862     49.469  49587.914    31.2463     7.9026     49.000     7.8944    24.3416     6.3603     9.0895     93.834    277.300    284.050   -0.00220    6.77821    9.68673  295.52123     7.8980   15.26734 1.3704e-01     0.0580     0.9797 0.0000e+00
        604 168.496675    0.04188     2.5131    150.784     50.478  49593.152    31.2488     7.8983     50.000     7.8920    24.3442     6.3455     9.0683     93.608    276.653    283.388   -0.00309    6.77876    9.68752  295.54451     7.8936   15.26844 1.3527e-01     0.0574     1.0317 0.0000e+00
        608 168.496687    0.04214     2.5287    151.720     51.488  49595.841    31.2498     7.8956     51.000     7.8904    24.3454     6.3375     9.0568     93.484    276.303    283.029   -0.00313    6.77914    9.68806  295.56084     7.8908   15.26922 1.3222e-01     0.0561     1.0395 0.0000e+00
        612 168.496697    0.04240     2.5441    152.646     52.497  49592.169    31.2465     7.8942     52.000     7.8854    24.3430     6.3347     9.0529     93.439    276.184    282.907   -0.00265    6.77949    9.68858  295.57708     7.8893   15.27001 1.2931e-01     0.0497     1.0198 0.0000e+00
        615 168.496708    0.04266     2.5593    153.559     53.507  49584.275    31.2390     7.8843     53.000     7.8692    24.3385     6.3323     9.0495     93.378    276.082    282.801   -0.00238    6.78136    9.69125  295.65995     7.8792   15.27399 1.2711e-01     0.0415     1.0287 0.0000e+00
        619 168.496718    0.04291     2.5741    154.448     54.517  49580.862    31.2330     7.8643     54.000     7.8459    24.3366     6.3280     9.0433     93.268    275.894    282.608   -0.00246    6.78469    9.69602  295.80568     7.8593   15.28097 1.2547e-01     0.0442     1.0587 0.0000e+00
