CTD-processing/allCTD/CNV/2016_08-30_t7_s07_cast082_5028.cnv
* Sea-Bird SBE19plus Data File:
* FileName = C:\Users\Kim.Powell\Desktop\2016_08-30_T7_5028\2016_08-30_T7_5028_cast082.hex
* Software Version 1.59
* Temperature SN =  5028
* Conductivity SN =  5028
* System UpLoad Time = Aug 30 2016 17:38:33
** CookInlet LTM Transect 7
** 2016_08-30
** Station: 7-07
** Start Time: 13:24
** Depth (m): 59.4
** Comment:
** Comment:
# nquan = 27
# nvalues = 55                          
# units = specified
# name 0 = scan: Scan Count
# name 1 = timeJ: Julian Days
# name 2 = timeH: Time, Elapsed [hours]
# name 3 = timeM: Time, Elapsed [minutes]
# name 4 = timeS: Time, Elapsed [seconds]
# name 5 = prdM: Pressure, Strain Gauge [db]
# name 6 = specc: Specific Conductance [uS/cm]
# name 7 = sal00: Salinity, Practical [PSU]
# name 8 = tv290C: Temperature [ITS-90, deg C]
# name 9 = depSM: Depth [salt water, m], lat = 59.00
# name 10 = potemp090C: Potential Temperature [ITS-90, deg C]
# name 11 = sigma-é00: Density [sigma-theta, kg/m^3]
# name 12 = sbeox0ML/L: Oxygen, SBE 43 [ml/l]
# name 13 = sbeox0Mg/L: Oxygen, SBE 43 [mg/l]
# name 14 = sbeox0PS: Oxygen, SBE 43 [% saturation]
# name 15 = sbox0Mm/Kg: Oxygen, SBE 43 [umol/kg]
# name 16 = sbeox0Mm/L: Oxygen, SBE 43 [umol/l]
# name 17 = sbox0dV/dT: Oxygen, SBE 43 [dov/dt]
# name 18 = oxsolML/L: Oxygen Saturation, Garcia & Gordon [ml/l]
# name 19 = oxsolMg/L: Oxygen Saturation, Garcia & Gordon [mg/l]
# name 20 = oxsolMm/Kg: Oxygen Saturation, Garcia & Gordon [umol/kg]
# name 21 = potemp090C: Potential Temperature [ITS-90, deg C]
# name 22 = n2satMg/L: Nitrogen Saturation [mg/l]
# name 23 = par: PAR/Irradiance, Biospherical/Licor
# name 24 = flECO-AFL: Fluorescence, WET Labs ECO-AFL/FL [mg/m^3]
# name 25 = turbWETntu0: Turbidity, WET Labs ECO [NTU]
# name 26 = flag: flag
# span 0 =        319,        557       
# span 1 = 243.559589, 243.560276       
# span 2 =    0.02208,    0.03858       
# span 3 =     1.3247,     2.3146       
# span 4 =     79.482,    138.879       
# span 5 =      1.010,     55.525       
# span 6 =  45684.602,  47993.912       
# span 7 =    29.1356,    30.5730       
# span 8 =    11.3293,    13.5262       
# span 9 =      1.000,     55.000       
# span 10 =    11.3227,    13.5219      
# span 11 =    21.8133,    23.2744      
# span 12 =     5.4487,     6.5739      
# span 13 =     7.7867,     9.3948      
# span 14 =     86.320,    108.427      
# span 15 =    237.802,    287.232      
# span 16 =    243.337,    293.590      
# span 17 =   -0.03557,    0.01112      
# span 18 =    6.06299,    6.31215      
# span 19 =    8.66462,    9.02069      
# span 20 =  264.90865,  275.52932      
# span 21 =    11.3227,    13.5237      
# span 22 =   13.80852,   14.31509      
# span 23 = 1.1113e-01, 6.7583e+02      
# span 24 =     0.1184,     2.8106      
# span 25 =     0.1580,     0.4830      
# span 26 = 0.0000e+00, 0.0000e+00      
# interval = meters: 1                  
# start_time = Aug 30 2016 13:24:29 [Instrument's time stamp, header]
# bad_flag = -9.990e-29
*END*
        319 243.559589    0.02208     1.3247     79.482      1.010  45686.821    29.1379    13.2201      1.000    13.2209    21.8144     6.2191     8.8878    101.613    271.818    277.747    0.00942    6.12039    8.74664  267.50123    13.2199   13.93491 6.7583e+02     0.8693     0.4071 0.0000e+00
        325 243.559605    0.02248     1.3487     80.919      2.019  45684.602    29.1356    13.2175      2.000    13.2149    21.8133     6.2342     8.9093    101.853    272.476    278.420    0.00688    6.12080    8.74723  267.51932    13.2173   13.93578 5.2224e+02     0.8142     0.4173 0.0000e+00
        329 243.559619    0.02279     1.3675     82.049      3.028  45691.266    29.1396    13.2118      3.000    13.2084    21.8174     6.2509     8.9332    102.117    273.206    279.167    0.00605    6.12138    8.74807  267.54383    13.2114   13.93694 3.5862e+02     0.8840     0.4339 0.0000e+00
        333 243.559631    0.02308     1.3846     83.076      4.038  45719.234    29.1585    13.2057      4.000    13.2030    21.8332     6.2654     8.9539    102.352    273.834    279.812    0.00556    6.12144    8.74815  267.54220    13.2051   13.93679 2.6740e+02     1.0508     0.4447 0.0000e+00
        337 243.559642    0.02336     1.4019     84.117      5.047  45777.769    29.1994    13.2035      5.000    13.2051    21.8652     6.2780     8.9719    102.581    274.377    280.377    0.00509    6.12015    8.74630  267.47729    13.2029   13.93351 2.0400e+02     1.2893     0.4529 0.0000e+00
        342 243.559655    0.02365     1.4192     85.155      6.057  45833.907    29.2392    13.2096      6.000    13.2127    21.8949     6.3019     9.0060    103.008    275.412    281.443    0.00597    6.11786    8.74304  267.36961    13.2088   13.92819 1.6177e+02     1.6042     0.4572 0.0000e+00
        346 243.559666    0.02394     1.4363     86.180      7.066  45883.869    29.2748    13.2178      7.000    13.2211    21.9208     6.3326     9.0500    103.552    276.749    282.815    0.00768    6.11544    8.73958  267.25732    13.2169   13.92266 1.2350e+02     1.8746     0.4666 0.0000e+00
        350 243.559679    0.02425     1.4545     87.272      8.075  45943.721    29.3177    13.2294      8.000    13.2372    21.9518     6.3593     9.0880    104.041    277.906    284.006    0.00816    6.11234    8.73515  267.11355    13.2284   13.91559 9.5244e+01     2.1179     0.4711 0.0000e+00
        354 243.559691    0.02454     1.4723     88.340      9.085  45968.758    29.3367    13.2495      9.000    13.2551    21.9626     6.3884     9.1297    104.573    279.176    285.307    0.00881    6.10907    8.73048  266.96783    13.2483   13.90852 7.3923e+01     2.3966     0.4830 0.0000e+00
        358 243.559703    0.02481     1.4887     89.322     10.095  45973.630    29.3407    13.2612     10.000    13.2654    21.9635     6.4147     9.1672    105.030    280.322    286.479    0.00914    6.10744    8.72815  266.89624    13.2598   13.90507 5.8899e+01     2.4940     0.4625 0.0000e+00
        362 243.559715    0.02510     1.5057     90.340     11.104  46005.686    29.3644    13.2775     11.000    13.2944    21.9787     6.4271     9.1850    105.286    280.862    287.035    0.00792    6.10447    8.72389  266.76244    13.2761   13.89856 4.5473e+01     2.4957     0.4563 0.0000e+00
        367 243.559728    0.02541     1.5246     91.476     12.114  46027.659    29.3831    13.3219     12.000    13.3350    21.9846     6.4353     9.1967    105.530    281.220    287.403    0.00653    6.09814    8.71485  266.48433    13.3203   13.88514 3.5681e+01     2.5354     0.4574 0.0000e+00
        371 243.559740    0.02571     1.5428     92.568     13.123  46023.878    29.3820    13.3460     13.000    13.3494    21.9791     6.4497     9.2172    105.817    281.848    288.043    0.00611    6.09514    8.71056  266.35458    13.3442   13.87891 2.8177e+01     2.5590     0.4476 0.0000e+00
        375 243.559752    0.02599     1.5598     93.588     14.132  46048.466    29.4000    13.3575     14.000    13.3637    21.9908     6.4589     9.2304    106.005    282.247    288.454    0.00536    6.09300    8.70751  266.25819    13.3557   13.87422 2.2176e+01     2.5697     0.4442 0.0000e+00
        379 243.559764    0.02628     1.5767     94.604     15.143  46103.485    29.4401    13.3767     15.000    13.3901    22.0181     6.4624     9.2354    106.131    282.392    288.610    0.00433    6.08906    8.70188  266.07892    13.3747   13.86545 1.7554e+01     2.5877     0.4546 0.0000e+00
        384 243.559776    0.02658     1.5944     95.664     16.151  46206.136    29.5156    13.4152     16.000    13.4381    22.0689     6.4764     9.2555    106.497    282.992    289.238    0.00491    6.08135    8.69086  265.72859    13.4131   13.84834 1.4021e+01     2.6733     0.4531 0.0000e+00
        388 243.559789    0.02688     1.6130     96.777     17.161  46318.362    29.5995    13.4734     17.000    13.4955    22.1224     6.5171     9.3135    107.350    284.751    291.050    0.00859    6.07087    8.67587  265.25677    13.4711   13.82536 1.1130e+01     2.8022     0.4749 0.0000e+00
        392 243.559801    0.02717     1.6302     97.814     18.170  46355.347    29.6287    13.5158     18.000    13.5219    22.1367     6.5577     9.3716    108.133    286.522    292.865    0.01112    6.06444    8.66670  264.97250    13.5134   13.81161 8.8037e+00     2.7911     0.4313 0.0000e+00
        396 243.559813    0.02745     1.6471     98.824     19.180  46360.340    29.6327    13.5262     19.000    13.5184    22.1378     6.5739     9.3948    108.427    287.232    293.590    0.00983    6.06299    8.66462  264.90865    13.5237   13.80852 7.0632e+00     2.7439     0.3990 0.0000e+00
        401 243.559825    0.02775     1.6649     99.895     20.190  46344.090    29.6192    13.5070     20.000    13.4800    22.1311     6.5654     9.3826    108.235    286.863    293.212    0.00518    6.06591    8.66879  265.03786    13.5043   13.81478 5.7104e+00     2.8026     0.3933 0.0000e+00
        405 243.559838    0.02805     1.6828    100.969     21.199  46306.746    29.5872    13.4424     21.000    13.3925    22.1191     6.5381     9.3436    107.621    285.675    291.994   -0.00052    6.07523    8.68211  265.44815    13.4396   13.83460 4.5505e+00     2.8106     0.4023 0.0000e+00
        409 243.559850    0.02833     1.6999    101.992     22.209  46242.237    29.5314    13.3218     22.000    13.2338    22.0993     6.4741     9.2522    106.266    282.883    289.134   -0.00893    6.09255    8.70687  266.21039    13.3189   13.87140 3.6868e+00     2.6650     0.3916 0.0000e+00
        413 243.559862    0.02862     1.7175    103.053     23.218  46242.875    29.5163    13.1356     23.000    13.0517    22.1235     6.3772     9.1136    104.263    278.641    284.806   -0.01907    6.11674    8.74143  267.26085    13.1325   13.92188 3.0149e+00     2.5166     0.3734 0.0000e+00
        418 243.559874    0.02893     1.7357    104.142     24.228  46270.409    29.5210    12.9627     24.000    12.8811    22.1602     6.2660     8.9547    102.078    273.772    279.838   -0.02729    6.13861    8.77268  268.20661    12.9595   13.96724 2.4620e+00     2.3419     0.3617 0.0000e+00
        422 243.559886    0.02922     1.7531    105.186     25.237  46349.047    29.5622    12.7974     25.000    12.7178    22.2233     6.1718     8.8201    100.223    269.640    275.632   -0.03075    6.15822    8.80071  269.04702    12.7942   14.00740 2.0345e+00     1.9739     0.3243 0.0000e+00
        426 243.559899    0.02951     1.7707    106.239     26.246  46490.009    29.6480    12.6423     26.000    12.5583    22.3188     6.0818     8.6914     98.494    265.681    271.610   -0.03192    6.17494    8.82461  269.75220    12.6390   14.04088 1.7220e+00     1.5526     0.2784 0.0000e+00
        430 243.559911    0.02981     1.7888    107.330     27.256  46631.958    29.7301    12.4426     27.000    12.3116    22.4194     5.9913     8.5622     96.674    261.705    267.572   -0.03279    6.19774    8.85719  270.72139    12.4391   14.08704 1.4793e+00     1.2418     0.2536 0.0000e+00
        435 243.559924    0.03011     1.8066    108.397     28.266  46861.355    29.8656    12.1565     28.000    12.0258    22.5768     5.8972     8.4277     94.664    257.556    263.371   -0.03470    6.22993    8.90320  272.08594    12.1530   14.15193 1.2884e+00     0.8649     0.2159 0.0000e+00
        439 243.559935    0.03040     1.8237    109.424     29.275  47057.581    29.9822    11.9279     29.000    11.8588    22.7088     5.8109     8.3043     92.894    253.751    259.514   -0.03557    6.25552    8.93976  273.16812    11.9243   14.20334 1.1334e+00     0.6255     0.1975 0.0000e+00
        443 243.559948    0.03069     1.8415    110.491     30.286  47145.933    30.0331    11.8125     30.000    11.7702    22.7691     5.7753     8.2534     92.127    252.181    257.923   -0.02941    6.26884    8.95880  273.73355    11.8088   14.23024 1.0050e+00     0.5302     0.1887 0.0000e+00
        448 243.559961    0.03102     1.8611    111.665     31.295  47207.429    30.0682    11.7320     31.000    11.7044    22.8108     5.7567     8.2270     91.695    251.363    257.096   -0.02179    6.27817    8.97213  274.12994    11.7282   14.24909 8.9424e-01     0.4753     0.1797 0.0000e+00
        452 243.559975    0.03134     1.8801    112.804     32.305  47255.815    30.0974    11.6858     32.000    11.6666    22.8417     5.7427     8.2068     91.397    250.739    256.466   -0.01631    6.28319    8.97931  274.34086    11.6818   14.25908 7.9715e-01     0.4986     0.1816 0.0000e+00
        456 243.559986    0.03162     1.8969    113.815     33.314  47294.098    30.1208    11.6532     33.000    11.6319    22.8657     5.7448     8.2098     91.381    250.826    256.561   -0.01141    6.28662    8.98421  274.48410    11.6491   14.26585 7.1428e-01     0.5012     0.1834 0.0000e+00
        460 243.559998    0.03191     1.9143    114.858     34.324  47336.758    30.1472    11.6205     34.000    11.6060    22.8920     5.7438     8.2085     91.317    250.777    256.518   -0.00806    6.28995    8.98896  274.62230    11.6164   14.27237 6.4171e-01     0.4541     0.1814 0.0000e+00
        465 243.560012    0.03224     1.9343    116.055     35.334  47360.100    30.1611    11.5991     35.000    11.5876    22.9066     5.7267     8.1840     91.011    250.026    255.753   -0.00705    6.29226    8.99227  274.71961    11.5948   14.27698 5.7792e-01     0.4295     0.1785 0.0000e+00
        470 243.560025    0.03254     1.9525    117.153     36.343  47374.185    30.1691    11.5828     36.000    11.5709    22.9157     5.7092     8.1591     90.707    249.263    254.975   -0.00676    6.29414    8.99495  274.79901    11.5784   14.28074 5.2277e-01     0.4059     0.1716 0.0000e+00
        474 243.560037    0.03283     1.9694    118.165     37.352  47393.682    30.1809    11.5677     37.000    11.5532    22.9275     5.6994     8.1450     90.529    248.830    254.535   -0.00589    6.29569    8.99718  274.86363    11.5632   14.28379 4.7326e-01     0.3845     0.1676 0.0000e+00
        478 243.560049    0.03312     1.9872    119.231     38.362  47429.172    30.2027    11.5392     38.000    11.5169    22.9495     5.6863     8.1263     90.278    248.252    253.949   -0.00556    6.29865    9.00140  274.98684    11.5346   14.28962 4.2735e-01     0.3728     0.1669 0.0000e+00
        483 243.560063    0.03344     2.0063    120.376     39.372  47479.051    30.2335    11.5005     39.000    11.4814    22.9803     5.6661     8.0975     89.901    247.365    253.049   -0.00609    6.30264    9.00710  275.15258    11.4958   14.29743 3.8639e-01     0.3424     0.1642 0.0000e+00
        487 243.560076    0.03376     2.0259    121.552     40.381  47518.800    30.2578    11.4674     40.000    11.4503    23.0050     5.6487     8.0726     89.575    246.598    252.271   -0.00610    6.30612    9.01208  275.29809    11.4626   14.30430 3.5139e-01     0.3115     0.1697 0.0000e+00
        492 243.560089    0.03409     2.0453    122.719     41.391  47548.322    30.2757    11.4429     41.000    11.4286    23.0233     5.6345     8.0522     89.313    245.972    251.636   -0.00569    6.30871    9.01578  275.40625    11.4379   14.30941 3.2206e-01     0.2779     0.1644 0.0000e+00
        496 243.560102    0.03440     2.0643    123.856     42.400  47568.685    30.2873    11.4206     42.000    11.4057    23.0363     5.6205     8.0323     89.056    245.360    251.013   -0.00539    6.31125    9.01940  275.51342    11.4156   14.31450 2.9640e-01     0.2492     0.1662 0.0000e+00
        501 243.560115    0.03470     2.0823    124.941     43.410  47632.867    30.3306    11.4035     43.000    11.4030    23.0728     5.6031     8.0074     88.771    244.592    250.235   -0.00550    6.31183    9.02024  275.52932    11.3983   14.31509 2.7287e-01     0.2405     0.1580 0.0000e+00
        505 243.560127    0.03501     2.1003    126.020     44.420  47758.639    30.4216    11.4286     44.000    11.4321    23.1392     5.5906     7.9896     88.672    244.030    249.676   -0.00454    6.30481    9.01020  275.20462    11.4234   14.29917 2.5130e-01     0.2021     0.1726 0.0000e+00
        510 243.560142    0.03534     2.1202    127.211     45.430  47857.494    30.4893    11.4118     45.000    11.3772    23.1947     5.5732     7.9646     88.402    243.256    248.898   -0.00438    6.30438    9.00959  275.17096    11.4063   14.29728 2.3172e-01     0.1403     0.2181 0.0000e+00
        515 243.560155    0.03566     2.1397    128.384     46.439  47953.855    30.5506    11.3507     46.000    11.3330    23.2531     5.5327     7.9068     87.679    241.476    247.091   -0.00741    6.31016    9.01785  275.40759    11.3452   14.30837 2.1271e-01     0.1184     0.2805 0.0000e+00
        519 243.560167    0.03595     2.1571    129.423     47.449  47982.114    30.5683    11.3331     47.000    11.3271    23.2700     5.4993     7.8591     87.127    240.013    245.598   -0.00884    6.31184    9.02025  275.47632    11.3275   14.31160 1.9468e-01     0.1193     0.3352 0.0000e+00
        523 243.560180    0.03626     2.1753    130.519     48.458  47985.102    30.5701    11.3341     48.000    11.3293    23.2712     5.4866     7.8409     86.929    239.459    245.032   -0.00741    6.31162    9.01994  275.46668    11.3284   14.31113 1.7912e-01     0.1359     0.3520 0.0000e+00
        528 243.560195    0.03662     2.1971    131.824     49.468  47988.455    30.5723    11.3359     49.000    11.3296    23.2726     5.4791     7.8301     86.813    239.129    244.694   -0.00529    6.31130    9.01947  275.45198    11.3300   14.31042 1.6533e-01     0.1497     0.3744 0.0000e+00
        533 243.560208    0.03694     2.2165    132.993     50.478  47987.013    30.5707    11.3341     50.000    11.3269    23.2717     5.4687     7.8154     86.646    238.679    244.233   -0.00453    6.31160    9.01991  275.46548    11.3281   14.31107 1.5293e-01     0.1404     0.3607 0.0000e+00
        537 243.560220    0.03723     2.2339    134.033     51.488  47989.525    30.5718    11.3319     51.000    11.3250    23.2730     5.4640     7.8088     86.569    238.476    244.026   -0.00373    6.31185    9.02027  275.47612    11.3258   14.31158 1.4232e-01     0.1415     0.3316 0.0000e+00
        542 243.560234    0.03756     2.2538    135.226     52.497  47991.780    30.5729    11.3308     52.000    11.3250    23.2740     5.4590     7.8014     86.486    238.253    243.798   -0.00295    6.31195    9.02040  275.48010    11.3247   14.31176 1.3309e-01     0.1327     0.3497 0.0000e+00
        547 243.560249    0.03791     2.2746    136.477     53.507  47992.248    30.5729    11.3319     53.000    11.3251    23.2739     5.4554     7.7963     86.432    238.097    243.637   -0.00231    6.31181    9.02022  275.47437    11.3255   14.31149 1.2480e-01     0.1295     0.3774 0.0000e+00
