CTD-processing/allCTD/CNV/2016_07-29_subbays_sadie03_cast043_5028.cnv
* Sea-Bird SBE19plus Data File:
* FileName = C:\Users\Kris.Holderied\Documents\kasitsna\Research-KBL\Oceanography-AK\CTD-Data-ALL-to-2016-05\2016-CTD-KachemakBay-CookInlet\2016-07-29-KachemakBay-Plankton\2016-07-29-KachemakBay-Plankton-cast043.hex
* Software Version 1.59
* Temperature SN =  5028
* Conductivity SN =  5028
* System UpLoad Time = Aug 05 2016 20:09:35
** Kachemak Bay CTDs for sub-bay plankton sampling
** Date (YYYY-MM-DD): 2016-07-29
** Station (eg. 9-01):  Sadie03
** Start time (AKDT): 13:24
** Depth (m): 84.4
** Comment:  R/V Edgecumbe.  Sampling to evaluate sub-bay water column.
** Comment:
# nquan = 27
# nvalues = 80                          
# units = specified
# name 0 = scan: Scan Count
# name 1 = timeJ: Julian Days
# name 2 = timeH: Time, Elapsed [hours]
# name 3 = timeM: Time, Elapsed [minutes]
# name 4 = timeS: Time, Elapsed [seconds]
# name 5 = prdM: Pressure, Strain Gauge [db]
# name 6 = specc: Specific Conductance [uS/cm]
# name 7 = sal00: Salinity, Practical [PSU]
# name 8 = tv290C: Temperature [ITS-90, deg C]
# name 9 = depSM: Depth [salt water, m], lat = 59.00
# name 10 = potemp090C: Potential Temperature [ITS-90, deg C]
# name 11 = sigma-é00: Density [sigma-theta, kg/m^3]
# name 12 = sbeox0ML/L: Oxygen, SBE 43 [ml/l]
# name 13 = sbeox0Mg/L: Oxygen, SBE 43 [mg/l]
# name 14 = sbeox0PS: Oxygen, SBE 43 [% saturation]
# name 15 = sbox0Mm/Kg: Oxygen, SBE 43 [umol/kg]
# name 16 = sbeox0Mm/L: Oxygen, SBE 43 [umol/l]
# name 17 = sbox0dV/dT: Oxygen, SBE 43 [dov/dt]
# name 18 = oxsolML/L: Oxygen Saturation, Garcia & Gordon [ml/l]
# name 19 = oxsolMg/L: Oxygen Saturation, Garcia & Gordon [mg/l]
# name 20 = oxsolMm/Kg: Oxygen Saturation, Garcia & Gordon [umol/kg]
# name 21 = potemp090C: Potential Temperature [ITS-90, deg C]
# name 22 = n2satMg/L: Nitrogen Saturation [mg/l]
# name 23 = par: PAR/Irradiance, Biospherical/Licor
# name 24 = flECO-AFL: Fluorescence, WET Labs ECO-AFL/FL [mg/m^3]
# name 25 = turbWETntu0: Turbidity, WET Labs ECO [NTU]
# name 26 = flag: flag
# span 0 =        283,        508       
# span 1 = 211.560317, 211.560969       
# span 2 =    0.01956,    0.03518       
# span 3 =     1.1736,     2.1110       
# span 4 =     70.415,    126.660       
# span 5 =      1.009,     80.771       
# span 6 =  43475.516,  49695.025       
# span 7 =    27.6605,    31.4076       
# span 8 =     7.2995,    14.3813       
# span 9 =      1.000,     80.000       
# span 10 =     7.2923,    14.3705      
# span 11 =    20.4477,    24.3956      
# span 12 =     1.7295,     6.6203      
# span 13 =     2.4716,     9.4612      
# span 14 =     25.163,    109.621      
# span 15 =     75.400,    289.658      
# span 16 =     77.239,    295.665      
# span 17 =   -0.09132,    0.02726      
# span 18 =    6.03070,    6.87394      
# span 19 =    8.61846,    9.82355      
# span 20 =  263.93387,  299.67964      
# span 21 =     7.2924,    14.3812      
# span 22 =   13.76944,   15.46594      
# span 23 = 6.6186e-02, 3.9725e+02      
# span 24 =     0.0926,     0.3888      
# span 25 =     0.1668,     0.7060      
# span 26 = 0.0000e+00, 0.0000e+00      
# interval = meters: 1                  
# start_time = Jul 29 2016 13:25:41 [Instrument's time stamp, header]
# bad_flag = -9.990e-29
*END*
[from data line 54]
        427 211.560735    0.02957     1.7747    106.480     55.526  49666.468    31.2109     7.3665     55.000     7.3565    24.3876     2.8042     4.0075     40.858    122.253    125.235   -0.06471    6.86328    9.80832  299.21713     7.3615   15.44386 1.4259e-01     0.1323     0.3910 0.0000e+00
        430 211.560743    0.02977     1.7863    107.181     56.536  49671.250    31.2128     7.3602     56.000     7.3525    24.3898     2.7172     3.8832     39.586    118.461    121.350   -0.05932    6.86418    9.80961  299.25572     7.3551   15.44570 1.2911e-01     0.1477     0.4104 0.0000e+00
        433 211.560750    0.02996     1.7979    107.875     57.546  49673.413    31.2133     7.3568     57.000     7.3498    24.3907     2.6385     3.7706     38.436    115.028    117.834   -0.05439    6.86470    9.81035  299.27818     7.3517   15.44677 1.1772e-01     0.1641     0.4274 0.0000e+00
        435 211.560759    0.03016     1.8094    108.564     58.556  49672.491    31.2118     7.3542     58.000     7.3461    24.3898     2.5724     3.6762     37.471    112.148    114.884   -0.04947    6.86517    9.81102  299.29879     7.3490   15.44776 1.0856e-01     0.1707     0.4420 0.0000e+00
        438 211.560767    0.03035     1.8208    109.247     59.566  49672.984    31.2109     7.3502     59.000     7.3420    24.3897     2.5192     3.6003     36.693    109.831    112.510   -0.04455    6.86584    9.81198  299.32798     7.3449   15.44915 1.0113e-01     0.1655     0.4450 0.0000e+00
        441 211.560775    0.03054     1.8321    109.927     60.576  49674.752    31.2111     7.3465     60.000     7.3386    24.3903     2.4735     3.5350     36.024    107.839    110.470   -0.03990    6.86642    9.81280  299.35289     7.3411   15.45034 9.5056e-02     0.1632     0.4477 0.0000e+00
        443 211.560782    0.03072     1.8435    110.608     61.585  49674.686    31.2100     7.3432     61.000     7.3347    24.3900     2.4298     3.4725     35.384    105.934    108.518   -0.03581    6.86700    9.81362  299.37804     7.3377   15.45154 9.0015e-02     0.1659     0.4555 0.0000e+00
        446 211.560790    0.03091     1.8548    111.289     62.594  49675.808    31.2096     7.3391     62.000     7.3306    24.3903     2.3856     3.4094     34.738    104.007    106.543   -0.03263    6.86766    9.81457  299.40693     7.3335   15.45293 8.5968e-02     0.1706     0.4745 0.0000e+00
        449 211.560799    0.03110     1.8662    111.974     63.604  49677.043    31.2094     7.3352     63.000     7.3264    24.3907     2.3409     3.3454     34.083    102.056    104.545   -0.03010    6.86829    9.81546  299.43420     7.3295   15.45422 8.2633e-02     0.1690     0.4867 0.0000e+00
        452 211.560806    0.03130     1.8778    112.669     64.614  49677.451    31.2085     7.3309     64.000     7.3214    24.3905     2.2927     3.2765     33.377     99.953    102.391   -0.02825    6.86901    9.81650  299.46580     7.3251   15.45574 7.9922e-02     0.1660     0.4963 0.0000e+00
        454 211.560814    0.03149     1.8894    113.365     65.624  49678.947    31.2083     7.3257     65.000     7.3163    24.3909     2.2431     3.2056     32.651     97.790    100.176   -0.02690    6.86982    9.81767  299.50126     7.3199   15.45743 7.7648e-02     0.1712     0.5170 0.0000e+00
        457 211.560823    0.03169     1.9010    114.062     66.634  49680.805    31.2083     7.3209     66.000     7.3114    24.3916     2.1933     3.1345     31.924     95.623     97.955   -0.02584    6.87059    9.81876  299.53433     7.3149   15.45901 7.5729e-02     0.1766     0.5377 0.0000e+00
        460 211.560830    0.03188     1.9127    114.759     67.644  49681.208    31.2072     7.3158     67.000     7.3056    24.3915     2.1433     3.0630     31.192     93.442     95.721   -0.02500    6.87144    9.81998  299.57166     7.3098   15.46079 7.4092e-02     0.1821     0.5645 0.0000e+00
        463 211.560838    0.03207     1.9243    115.455     68.653  49684.863    31.2084     7.3103     68.000     7.3015    24.3932     2.0950     2.9940     30.486     91.337     93.565   -0.02426    6.87226    9.82115  299.60670     7.3042   15.46246 7.2693e-02     0.1923     0.6065 0.0000e+00
        466 211.560847    0.03226     1.9358    116.147     69.663  49687.717    31.2093     7.3069     69.000     7.2991    24.3944     2.0504     2.9303     29.834     89.392     91.572   -0.02335    6.87276    9.82186  299.62819     7.3006   15.46348 7.1461e-02     0.1926     0.6323 0.0000e+00
        468 211.560855    0.03245     1.9472    116.834     70.673  49689.072    31.2095     7.3050     70.000     7.2975    24.3948     2.0103     2.8730     29.249     87.644     89.783   -0.02225    6.87305    9.82228  299.64085     7.2987   15.46408 7.0474e-02     0.1839     0.6531 0.0000e+00
        471 211.560862    0.03265     1.9587    117.523     71.683  49690.348    31.2097     7.3036     71.000     7.2967    24.3952     1.9747     2.8222     28.731     86.094     88.194   -0.02102    6.87326    9.82257  299.64972     7.2972   15.46451 6.9636e-02     0.1733     0.6847 0.0000e+00
        474 211.560871    0.03284     1.9703    118.217     72.693  49691.725    31.2101     7.3033     72.000     7.2970    24.3956     1.9464     2.7815     28.317     84.853     86.923   -0.01942    6.87329    9.82262  299.65106     7.2968   15.46457 6.8945e-02     0.1738     0.6940 0.0000e+00
        477 211.560879    0.03304     1.9819    118.916     73.702  49691.846    31.2098     7.3037     73.000     7.2972    24.3952     1.9230     2.7481     27.978     83.835     85.881   -0.01759    6.87323    9.82254  299.64865     7.2971   15.46445 6.8433e-02     0.1763     0.6938 0.0000e+00
        479 211.560886    0.03322     1.9937    119.621     74.711  49691.259    31.2090     7.3038     74.000     7.2967    24.3947     1.9033     2.7200     27.692     82.977     85.001   -0.01578    6.87324    9.82255  299.64931     7.2972   15.46449 6.8130e-02     0.1788     0.6914 0.0000e+00
        482 211.560895    0.03342     2.0056    120.335     75.721  49691.572    31.2086     7.3031     75.000     7.2958    24.3944     1.8870     2.6967     27.454     82.266     84.272   -0.01400    6.87338    9.82274  299.65511     7.2964   15.46477 6.8120e-02     0.1835     0.6900 0.0000e+00
        485 211.560904    0.03363     2.0177    121.064     76.731  49692.474    31.2087     7.3025     76.000     7.2952    24.3946     1.8711     2.6740     27.222     81.573     83.563   -0.01243    6.87347    9.82287  299.65909     7.2957   15.46496 6.8101e-02     0.1832     0.6975 0.0000e+00
        488 211.560912    0.03383     2.0300    121.801     77.741  49692.520    31.2082     7.3019     77.000     7.2942    24.3943     1.8542     2.6500     26.977     80.840     82.812   -0.01129    6.87359    9.82305  299.66441     7.2949   15.46522 6.7871e-02     0.1790     0.7060 0.0000e+00
        491 211.560921    0.03405     2.0426    122.556     78.751  49693.232    31.2080     7.3009     78.000     7.2931    24.3943     1.8380     2.6266     26.738     80.128     82.083   -0.01028    6.87376    9.82329  299.67189     7.2938   15.46557 6.7563e-02     0.1787     0.6989 0.0000e+00
        495 211.560932    0.03432     2.0593    123.555     79.761  49695.025    31.2086     7.2995     79.000     7.2923    24.3950     1.8132     2.5913     26.378     79.048     80.977   -0.00948    6.87394    9.82355  299.67964     7.2924   15.46594 6.7149e-02     0.1851     0.6901 0.0000e+00
        508 211.560969    0.03518     2.1110    126.660     80.771  49688.234    31.2045     7.3062     80.000     7.2967    24.3909     1.7295     2.4716     25.163     75.400     77.239   -0.00874    6.87308    9.82231  299.64319     7.2990   15.46422 6.6186e-02     0.1996     0.6842 0.0000e+00
