CTD-processing/allCTD/CNV/2016_08-29_t3_s14_cast061_5028.cnv
* Sea-Bird SBE19plus Data File:
* FileName = C:\Users\Kim.Powell\Desktop\2016_08-29_T3_5028\2016_08-29_T3_5028_cast061.hex
* Software Version 1.59
* Temperature SN =  5028
* Conductivity SN =  5028
* System UpLoad Time = Aug 29 2016 21:44:24
** CookInlet LTM Transect 3
** 2016_08-29
** Station: 3-14
** Start Time: 14:34
** Depth (m): 27.6
** Comment:
** Comment:
# nquan = 27
# nvalues = 28                          
# units = specified
# name 0 = scan: Scan Count
# name 1 = timeJ: Julian Days
# name 2 = timeH: Time, Elapsed [hours]
# name 3 = timeM: Time, Elapsed [minutes]
# name 4 = timeS: Time, Elapsed [seconds]
# name 5 = prdM: Pressure, Strain Gauge [db]
# name 6 = specc: Specific Conductance [uS/cm]
# name 7 = sal00: Salinity, Practical [PSU]
# name 8 = tv290C: Temperature [ITS-90, deg C]
# name 9 = depSM: Depth [salt water, m], lat = 59.00
# name 10 = potemp090C: Potential Temperature [ITS-90, deg C]
# name 11 = sigma-é00: Density [sigma-theta, kg/m^3]
# name 12 = sbeox0ML/L: Oxygen, SBE 43 [ml/l]
# name 13 = sbeox0Mg/L: Oxygen, SBE 43 [mg/l]
# name 14 = sbeox0PS: Oxygen, SBE 43 [% saturation]
# name 15 = sbox0Mm/Kg: Oxygen, SBE 43 [umol/kg]
# name 16 = sbeox0Mm/L: Oxygen, SBE 43 [umol/l]
# name 17 = sbox0dV/dT: Oxygen, SBE 43 [dov/dt]
# name 18 = oxsolML/L: Oxygen Saturation, Garcia & Gordon [ml/l]
# name 19 = oxsolMg/L: Oxygen Saturation, Garcia & Gordon [mg/l]
# name 20 = oxsolMm/Kg: Oxygen Saturation, Garcia & Gordon [umol/kg]
# name 21 = potemp090C: Potential Temperature [ITS-90, deg C]
# name 22 = n2satMg/L: Nitrogen Saturation [mg/l]
# name 23 = par: PAR/Irradiance, Biospherical/Licor
# name 24 = flECO-AFL: Fluorescence, WET Labs ECO-AFL/FL [mg/m^3]
# name 25 = turbWETntu0: Turbidity, WET Labs ECO [NTU]
# name 26 = flag: flag
# span 0 =        353,        465       
# span 1 = 242.608368, 242.608690       
# span 2 =    0.02444,    0.03219       
# span 3 =     1.4665,     1.9320       
# span 4 =     87.990,    115.919       
# span 5 =      1.011,     28.267       
# span 6 =  46749.946,  46773.789       
# span 7 =    29.8332,    29.8407       
# span 8 =    12.5531,    12.5810       
# span 9 =      1.000,     28.000       
# span 10 =    12.5502,    12.5795      
# span 11 =    22.4743,    22.4843      
# span 12 =     5.7940,     5.8454      
# span 13 =     8.2802,     8.3536      
# span 14 =     93.820,     94.602      
# span 15 =    253.070,    255.315      
# span 16 =    258.758,    261.056      
# span 17 =   -0.00068,    0.00338      
# span 18 =    6.17557,    6.17904      
# span 19 =    8.82550,    8.83046      
# span 20 =  269.73835,  269.88782      
# span 21 =    12.5502,    12.5809      
# span 22 =   14.03947,   14.04663      
# span 23 = 1.3520e+00, 1.0089e+03      
# span 24 =     0.6213,     1.1639      
# span 25 =     0.4342,     0.5234      
# span 26 = 0.0000e+00, 0.0000e+00      
# interval = meters: 1                  
# start_time = Aug 29 2016 14:34:35 [Instrument's time stamp, header]
# bad_flag = -9.990e-29
*END*
        353 242.608368    0.02444     1.4665     87.990      1.011  46749.946    29.8362    12.5810      1.000    12.5795    22.4753     5.7940     8.2802     93.820    253.070    258.758    0.00338    6.17557    8.82550  269.73835    12.5809   14.03947 1.0089e+03     0.6213     0.4342 0.0000e+00
        358 242.608382    0.02478     1.4868     89.208      2.019  46751.365    29.8366    12.5785      2.000    12.5775    22.4761     5.8049     8.2958     93.994    253.550    259.248    0.00326    6.17588    8.82595  269.75179    12.5782   14.04011 5.3168e+02     0.6801     0.4939 0.0000e+00
        362 242.608393    0.02506     1.5035     90.211      3.028  46752.137    29.8367    12.5770      3.000    12.5759    22.4765     5.8084     8.3007     94.047    253.701    259.403    0.00252    6.17607    8.82622  269.76007    12.5766   14.04051 3.8508e+02     0.6499     0.5234 0.0000e+00
        366 242.608406    0.02534     1.5202     91.212      4.038  46753.799    29.8374    12.5761      4.000    12.5758    22.4772     5.8132     8.3076     94.123    253.909    259.616    0.00208    6.17615    8.82634  269.76355    12.5756   14.04067 3.0469e+02     0.6491     0.5026 0.0000e+00
        370 242.608417    0.02562     1.5370     92.220      5.047  46753.927    29.8371    12.5766      5.000    12.5761    22.4769     5.8193     8.3163     94.222    254.174    259.887    0.00204    6.17611    8.82628  269.76164    12.5759   14.04058 2.3143e+02     0.7085     0.4814 0.0000e+00
        374 242.608429    0.02589     1.5535     93.212      6.056  46754.660    29.8373    12.5774      6.000    12.5772    22.4770     5.8211     8.3188     94.253    254.254    259.968    0.00155    6.17599    8.82611  269.75633    12.5767   14.04033 1.7806e+02     0.7909     0.4708 0.0000e+00
        378 242.608440    0.02617     1.5701     94.206      7.066  46753.483    29.8361    12.5780      7.000    12.5763    22.4759     5.8251     8.3246     94.318    254.429    260.147    0.00134    6.17595    8.82606  269.75518    12.5772   14.04028 1.3708e+02     0.8336     0.4682 0.0000e+00
        382 242.608452    0.02645     1.5871     95.227      8.076  46750.265    29.8332    12.5748      8.000    12.5690    22.4743     5.8287     8.3298     94.369    254.588    260.310    0.00127    6.17648    8.82681  269.77856    12.5738   14.04141 1.0529e+02     0.8937     0.4714 0.0000e+00
        386 242.608464    0.02674     1.6044     96.263      9.086  46752.873    29.8336    12.5637      9.000    12.5583    22.4768     5.8236     8.3225     94.265    254.365    260.082    0.00014    6.17791    8.82885  269.84043    12.5625   14.04438 8.2166e+01     0.9699     0.4840 0.0000e+00
        390 242.608475    0.02702     1.6213     97.279     10.095  46759.273    29.8372    12.5573     10.000    12.5550    22.4808     5.8233     8.3221     94.250    254.352    260.070   -0.00021    6.17859    8.82984  269.86928    12.5560   14.04575 6.4336e+01     1.0995     0.4674 0.0000e+00
        394 242.608487    0.02730     1.6382     98.291     11.104  46762.126    29.8388    12.5562     11.000    12.5550    22.4822     5.8269     8.3272     94.307    254.508    260.230    0.00020    6.17868    8.82996  269.87276    12.5548   14.04591 5.0763e+01     1.1538     0.4655 0.0000e+00
        398 242.608499    0.02759     1.6554     99.322     12.114  46762.885    29.8390    12.5570     12.000    12.5562    22.4822     5.8278     8.3286     94.324    254.550    260.273    0.00017    6.17857    8.82979  269.86764    12.5555   14.04566 4.0143e+01     1.1639     0.4986 0.0000e+00
        402 242.608511    0.02788     1.6726    100.356     13.123  46762.126    29.8382    12.5581     13.000    12.5563    22.4814     5.8277     8.3283     94.322    254.541    260.264    0.00005    6.17845    8.82963  269.86271    12.5565   14.04543 3.1720e+01     1.1528     0.5019 0.0000e+00
        407 242.608523    0.02816     1.6898    101.387     14.133  46762.916    29.8384    12.5580     14.000    12.5565    22.4816     5.8288     8.3300     94.341    254.592    260.316    0.00000    6.17846    8.82964  269.86307    12.5562   14.04545 2.5182e+01     1.1054     0.4925 0.0000e+00
        411 242.608535    0.02845     1.7071    102.428     15.142  46762.859    29.8380    12.5588     15.000    12.5569    22.4812     5.8355     8.3395     94.451    254.883    260.614    0.00063    6.17838    8.82953  269.85980    12.5568   14.04529 2.0149e+01     1.1222     0.4940 0.0000e+00
        415 242.608547    0.02873     1.7239    103.435     16.152  46762.575    29.8374    12.5587     16.000    12.5558    22.4808     5.8405     8.3468     94.532    255.104    260.839    0.00093    6.17841    8.82956  269.86087    12.5567   14.04534 1.6206e+01     1.1263     0.4910 0.0000e+00
        419 242.608558    0.02900     1.7400    104.402     17.161  46763.956    29.8378    12.5567     17.000    12.5533    22.4815     5.8425     8.3496     94.560    255.189    260.926    0.00079    6.17866    8.82991  269.87154    12.5545   14.04585 1.3008e+01     1.1139     0.4802 0.0000e+00
        423 242.608570    0.02928     1.7568    105.408     18.171  46766.221    29.8389    12.5547     18.000    12.5518    22.4827     5.8431     8.3503     94.565    255.213    260.951    0.00048    6.17887    8.83022  269.88055    12.5525   14.04628 1.0467e+01     1.1133     0.4653 0.0000e+00
        427 242.608581    0.02957     1.7743    106.457     19.181  46767.590    29.8394    12.5537     19.000    12.5508    22.4833     5.8440     8.3517     94.578    255.254    260.992    0.00034    6.17898    8.83039  269.88543    12.5513   14.04651 8.4612e+00     1.0765     0.4676 0.0000e+00
        431 242.608593    0.02985     1.7909    107.457     20.190  46768.616    29.8397    12.5531     20.000    12.5505    22.4837     5.8406     8.3469     94.523    255.107    260.843   -0.00015    6.17904    8.83046  269.88782    12.5506   14.04663 6.8562e+00     1.0745     0.4871 0.0000e+00
        435 242.608604    0.03011     1.8067    108.403     21.200  46769.248    29.8398    12.5533     21.000    12.5506    22.4837     5.8365     8.3409     94.456    254.925    260.656   -0.00068    6.17902    8.83044  269.88719    12.5505   14.04660 5.5543e+00     1.0876     0.5046 0.0000e+00
        439 242.608616    0.03039     1.8230    109.380     22.208  46769.949    29.8399    12.5535     22.000    12.5508    22.4838     5.8366     8.3411     94.458    254.929    260.662   -0.00059    6.17898    8.83039  269.88559    12.5507   14.04652 4.5065e+00     1.0609     0.4977 0.0000e+00
        443 242.608628    0.03067     1.8404    110.426     23.219  46770.995    29.8403    12.5539     23.000    12.5512    22.4841     5.8401     8.3460     94.516    255.081    260.817   -0.00010    6.17892    8.83030  269.88250    12.5510   14.04638 3.6616e+00     1.0532     0.5233 0.0000e+00
        447 242.608639    0.03096     1.8576    111.454     24.228  46772.020    29.8407    12.5544     24.000    12.5514    22.4842     5.8428     8.3498     94.561    255.199    260.937    0.00018    6.17884    8.83018  269.87891    12.5513   14.04620 2.9843e+00     1.0588     0.5126 0.0000e+00
        451 242.608651    0.03122     1.8733    112.399     25.238  46772.000    29.8403    12.5543     25.000    12.5508    22.4840     5.8435     8.3509     94.572    255.231    260.970    0.00012    6.17886    8.83021  269.88000    12.5512   14.04625 2.4406e+00     1.0632     0.4965 0.0000e+00
        454 242.608661    0.03149     1.8892    113.355     26.247  46772.697    29.8403    12.5538     26.000    12.5503    22.4841     5.8454     8.3536     94.602    255.315    261.056    0.00021    6.17894    8.83032  269.88308    12.5505   14.04640 1.9980e+00     1.0803     0.4960 0.0000e+00
        459 242.608674    0.03179     1.9076    114.453     27.257  46773.232    29.8403    12.5535     27.000    12.5502    22.4842     5.8444     8.3522     94.586    255.272    261.011   -0.00001    6.17896    8.83035  269.88413    12.5502   14.04645 1.6399e+00     1.0852     0.4735 0.0000e+00
        465 242.608690    0.03219     1.9320    115.919     28.267  46773.789    29.8404    12.5540     28.000    12.5509    22.4843     5.8440     8.3518     94.582    255.259    260.999   -0.00023    6.17893    8.83029  269.88226    12.5503   14.04636 1.3520e+00     1.0894     0.5020 0.0000e+00
