CTD-processing/allCTD/CNV/2016_02-09_t9_s01_cast087_5028.cnv
* Sea-Bird SBE19plus Data File:
* FileName = C:\Users\Kris.Holderied\Documents\kasitsna\Research-KBL\Oceanography-AK\CTD-Data-ALL-to-2016-02\2016-CTD-KachemakBay-CookInlet\2016-02-CookInlet-quarterly\2016-02-09-CookInlet-Tran9-HomerSpit\2016-02-09-CookInlet-Tran9-cast087.hex
* Software Version 1.59
* Temperature SN =  5028
* Conductivity SN =  5028
* System UpLoad Time = Feb 13 2016 19:06:37
** Cook Inlet LTM Tran9 Homer Spit south to north

** Date: 02-09
** Station: 9-01
** Start time (AKST): 13:48
** Depth (m): 60
** Comment:  R/V Pandalus
** Comment:
# nquan = 27
# nvalues = 61                          
# units = specified
# name 0 = scan: Scan Count
# name 1 = timeJ: Julian Days
# name 2 = timeH: Time, Elapsed [hours]
# name 3 = timeM: Time, Elapsed [minutes]
# name 4 = timeS: Time, Elapsed [seconds]
# name 5 = prdM: Pressure, Strain Gauge [db]
# name 6 = specc: Specific Conductance [uS/cm]
# name 7 = sal00: Salinity, Practical [PSU]
# name 8 = tv290C: Temperature [ITS-90, deg C]
# name 9 = depSM: Depth [salt water, m], lat = 59.00
# name 10 = potemp090C: Potential Temperature [ITS-90, deg C]
# name 11 = sigma-é00: Density [sigma-theta, kg/m^3]
# name 12 = sbeox0ML/L: Oxygen, SBE 43 [ml/l]
# name 13 = sbeox0Mg/L: Oxygen, SBE 43 [mg/l]
# name 14 = sbeox0PS: Oxygen, SBE 43 [% saturation]
# name 15 = sbox0Mm/Kg: Oxygen, SBE 43 [umol/kg]
# name 16 = sbeox0Mm/L: Oxygen, SBE 43 [umol/l]
# name 17 = sbox0dV/dT: Oxygen, SBE 43 [dov/dt]
# name 18 = oxsolML/L: Oxygen Saturation, Garcia & Gordon [ml/l]
# name 19 = oxsolMg/L: Oxygen Saturation, Garcia & Gordon [mg/l]
# name 20 = oxsolMm/Kg: Oxygen Saturation, Garcia & Gordon [umol/kg]
# name 21 = potemp090C: Potential Temperature [ITS-90, deg C]
# name 22 = n2satMg/L: Nitrogen Saturation [mg/l]
# name 23 = par: PAR/Irradiance, Biospherical/Licor
# name 24 = flECO-AFL: Fluorescence, WET Labs ECO-AFL/FL [mg/m^3]
# name 25 = turbWETntu0: Turbidity, WET Labs ECO [NTU]
# name 26 = flag: flag
# span 0 =        301,        517       
# span 1 =  40.576332,  40.576956       
# span 2 =    0.02085,    0.03582       
# span 3 =     1.2509,     2.1498       
# span 4 =     75.054,    128.986       
# span 5 =      1.010,     61.584       
# span 6 =  49297.256,  50166.410       
# span 7 =    30.6514,    31.3584       
# span 8 =     5.5484,     6.2519       
# span 9 =      1.000,     61.000       
# span 10 =     5.5471,     6.2472      
# span 11 =    24.1680,    24.6473      
# span 12 =     6.2251,     6.3415      
# span 13 =     8.8963,     9.0627      
# span 14 =     86.778,     89.455      
# span 15 =    271.431,    276.431      
# span 16 =    278.015,    283.212      
# span 17 =   -0.00122,    0.01653      
# span 18 =    7.03607,    7.18689      
# span 19 =   10.05525,   10.27078      
# span 20 =  306.67283,  313.38981      
# span 21 =     5.5478,     6.2471      
# span 22 =   15.79876,   16.12158      
# span 23 = 4.1594e-02, 7.0730e+01      
# span 24 =     0.0937,     0.2254      
# span 25 =     1.2109,     1.7297      
# span 26 = 0.0000e+00, 0.0000e+00      
# interval = meters: 1                  
# start_time = Feb 09 2016 13:48:40 [Instrument's time stamp, header]
# bad_flag = -9.990e-29
*END*
        301  40.576332    0.02085     1.2509     75.054      1.010  49446.100    30.7749     5.6620      1.000     5.6285    24.2547     6.2251     8.8963     86.917    271.431    278.015    0.01653    7.16217   10.23547  312.28818     5.6618   16.06865 7.0730e+01     0.2051     1.2372 0.0000e+00
        307  40.576348    0.02124     1.2742     76.454      2.019  49393.492    30.7258     5.5984      2.000     5.5916    24.2230     6.2266     8.8984     86.778    271.503    278.080    0.01022    7.17533   10.25426  312.87145     5.5982   16.09662 4.6553e+01     0.1976     1.4315 0.0000e+00
        311  40.576359    0.02150     1.2897     77.383      3.029  49445.873    30.7609     5.5961      3.000     5.6014    24.2510     6.2348     8.9102     86.909    271.856    278.448    0.00815    7.17404   10.25241  312.80649     5.5959   16.09338 3.2957e+01     0.2058     1.4969 0.0000e+00
        314  40.576369    0.02173     1.3038     78.227      4.037  49444.827    30.7614     5.6051      4.000     5.6045    24.2505     6.2556     8.9398     87.217    272.759    279.373    0.00796    7.17248   10.25020  312.73900     5.6048   16.09017 2.4818e+01     0.2078     1.4750 0.0000e+00
        317  40.576378    0.02197     1.3185     79.112      5.047  49362.200    30.7028     5.5979      5.000     5.5809    24.2050     6.2764     8.9696     87.458    273.679    280.304    0.00744    7.17650   10.25593  312.92810     5.5976   16.09941 1.9520e+01     0.2016     1.4633 0.0000e+00
        321  40.576389    0.02222     1.3332     79.992      6.057  49297.256    30.6514     5.5662      6.000     5.5531    24.1680     6.2870     8.9847     87.509    274.151    280.777    0.00599    7.18436   10.26717  313.28215     5.5658   16.11648 1.5615e+01     0.2086     1.5073 0.0000e+00
        324  40.576398    0.02245     1.3469     80.816      7.066  49314.112    30.6592     5.5492      7.000     5.5471    24.1760     6.2910     8.9905     87.535    274.325    280.957    0.00458    7.18689   10.27078  313.38981     5.5487   16.12158 1.2726e+01     0.2083     1.5327 0.0000e+00
        328  40.576408    0.02268     1.3604     81.626      8.076  49343.550    30.6788     5.5484      8.000     5.5538    24.1916     6.3042     9.0093     87.728    274.896    281.546    0.00451    7.18610   10.26966  313.35091     5.5478   16.11965 1.0678e+01     0.2103     1.5149 0.0000e+00
        331  40.576418    0.02291     1.3745     82.473      9.085  49477.289    30.7735     5.5653      9.000     5.5953    24.2646     6.3172     9.0279     88.000    275.443    282.127    0.00494    7.17870   10.25907  313.00563     5.5646   16.10282 9.1122e+00     0.2140     1.4563 0.0000e+00
        334  40.576428    0.02316     1.3895     83.368     10.095  49595.900    30.8662     5.6243     10.000     5.6482    24.3312     6.3273     9.0425     88.319    275.868    282.580    0.00549    7.16423   10.23841  312.35472     5.6235   16.07144 7.8802e+00     0.2031     1.3669 0.0000e+00
        338  40.576438    0.02341     1.4047     84.280     11.105  49523.735    30.8225     5.6569     11.000     5.6500    24.2930     6.3400     9.0605     88.539    276.430    283.145    0.00552    7.16076   10.23345  312.21512     5.6561   16.06497 6.8020e+00     0.2117     1.2809 0.0000e+00
        342  40.576449    0.02366     1.4198     85.186     12.114  49541.523    30.8325     5.6475     12.000     5.6521    24.3019     6.3321     9.0492     88.414    276.081    282.790    0.00357    7.16189   10.23506  312.26153     5.6466   16.06715 5.8126e+00     0.2213     1.2845 0.0000e+00
        345  40.576459    0.02391     1.4345     86.067     13.123  49650.180    30.9102     5.6649     13.000     5.6863    24.3613     6.3213     9.0338     88.346    275.596    282.310    0.00205    7.15524   10.22554  311.95315     5.6639   16.05214 4.9314e+00     0.2204     1.3173 0.0000e+00
        349  40.576469    0.02415     1.4486     86.915     14.132  49822.089    31.0372     5.7115     14.000     5.7583    24.4563     6.3270     9.0419     88.597    275.819    282.565    0.00287    7.14134   10.20569  311.31868     5.7104   16.02140 4.1941e+00     0.2214     1.3003 0.0000e+00
        352  40.576479    0.02438     1.4628     87.769     15.142  49957.193    31.1468     5.7982     15.000     5.8395    24.5329     6.3353     9.0537     88.960    276.159    282.934    0.00421    7.12151   10.17735  310.43096     5.7970   15.97867 3.5591e+00     0.2254     1.2443 0.0000e+00
        356  40.576489    0.02463     1.4778     88.668     16.152  49946.528    31.1516     5.8633     16.000     5.8798    24.5292     6.3415     9.0627     89.187    276.431    283.212    0.00469    7.11035   10.16140  309.94543     5.8620   15.95553 3.0245e+00     0.2231     1.2109 0.0000e+00
        359  40.576500    0.02488     1.4928     89.571     17.161  49946.262    31.1561     5.8899     17.000     5.9011    24.5297     6.3267     9.0415     89.038    275.787    282.552    0.00283    7.10566   10.15470  309.74088     5.8886   15.94577 2.5831e+00     0.2160     1.2236 0.0000e+00
        363  40.576510    0.02512     1.5073     90.435     18.170  49955.764    31.1665     5.9119     18.000     5.9210    24.5353     6.3121     9.0206     88.884    275.146    281.897    0.00115    7.10149   10.14875  309.55780     5.9105   15.93700 2.1547e+00     0.2089     1.2241 0.0000e+00
        366  40.576520    0.02537     1.5219     91.312     19.180  49952.619    31.1669     5.9277     19.000     5.9310    24.5338     6.3059     9.0117     88.830    274.877    281.621    0.00052    7.09881   10.14492  309.44147     5.9262   15.93146 1.7744e+00     0.1929     1.2514 0.0000e+00
        370  40.576531    0.02562     1.5370     92.221     20.190  49951.903    31.1674     5.9351     20.000     5.9354    24.5332     6.3015     9.0055     88.784    274.688    281.427    0.00008    7.09756   10.14314  309.38698     5.9335   15.92886 1.4502e+00     0.1774     1.2623 0.0000e+00
        373  40.576540    0.02586     1.5520     93.120     21.199  49954.189    31.1691     5.9382     21.000     5.9377    24.5342     6.3000     9.0033     88.769    274.619    281.356   -0.00011    7.09696   10.14228  309.36058     5.9366   15.92760 1.1844e+00     0.1805     1.2510 0.0000e+00
        377  40.576551    0.02611     1.5667     94.000     22.208  49956.646    31.1707     5.9401     22.000     5.9392    24.5353     6.2998     9.0031     88.773    274.615    281.352   -0.00012    7.09657   10.14171  309.34315     5.9384   15.92676 9.6680e-01     0.1774     1.2656 0.0000e+00
        381  40.576562    0.02636     1.5817     94.899     23.218  49959.650    31.1726     5.9416     23.000     5.9406    24.5366     6.3008     9.0045     88.791    274.655    281.394   -0.00008    7.09623   10.14122  309.32756     5.9398   15.92601 7.8883e-01     0.1818     1.2784 0.0000e+00
        384  40.576572    0.02662     1.5970     95.817     24.228  49963.911    31.1753     5.9431     24.000     5.9418    24.5386     6.3047     9.0101     88.851    274.826    281.570    0.00018    7.09586   10.14069  309.31103     5.9412   15.92521 6.4259e-01     0.1925     1.2856 0.0000e+00
        388  40.576583    0.02687     1.6121     96.728     25.237  49968.869    31.1785     5.9443     25.000     5.9429    24.5410     6.3093     9.0166     88.919    275.023    281.772    0.00047    7.09552   10.14020  309.29530     5.9423   15.92445 5.2106e-01     0.1868     1.3333 0.0000e+00
        392  40.576593    0.02712     1.6271     97.627     26.247  49977.845    31.1845     5.9460     26.000     5.9468    24.5456     6.3106     9.0185     88.945    275.078    281.830    0.00046    7.09494   10.13938  309.26892     5.9439   15.92317 4.2304e-01     0.1721     1.3713 0.0000e+00
        395  40.576603    0.02736     1.6419     98.514     27.256  50007.529    31.2059     5.9531     27.000     5.9608    24.5616     6.3097     9.0172     88.961    275.036    281.791    0.00036    7.09273   10.13623  309.16801     5.9510   15.91827 3.4308e-01     0.1734     1.3423 0.0000e+00
        399  40.576614    0.02761     1.6566     99.396     28.266  50027.843    31.2229     5.9712     28.000     5.9775    24.5729     6.3129     9.0218     89.053    275.173    281.934    0.00068    7.08892   10.13077  308.99803     5.9690   15.91010 2.7732e-01     0.1817     1.3765 0.0000e+00
        402  40.576623    0.02786     1.6715    100.288     29.276  50030.734    31.2271     5.9848     29.000     5.9878    24.5746     6.3182     9.0292     89.158    275.400    282.168    0.00111    7.08645   10.12725  308.89011     5.9825   15.90495 2.1484e-01     0.1688     1.3805 0.0000e+00
        406  40.576634    0.02811     1.6868    101.205     30.285  50047.613    31.2404     5.9958     30.000     6.0038    24.5838     6.3149     9.0245     89.142    275.253    282.020    0.00076    7.08399   10.12373  308.78001     5.9935   15.89965 1.7102e-01     0.1482     1.3714 0.0000e+00
        410  40.576645    0.02837     1.7022    102.131     31.295  50077.616    31.2651     6.0192     31.000     6.0344    24.6006     6.3079     9.0145     89.108    274.944    281.708    0.00029    7.07893   10.11650  308.55452     6.0168   15.88880 1.4707e-01     0.1420     1.3605 0.0000e+00
        413  40.576655    0.02861     1.7170    103.017     32.305  50104.559    31.2896     6.0522     32.000     6.0724    24.6160     6.3097     9.0171     89.216    275.019    281.790    0.00067    7.07230   10.10703  308.26087     6.0496   15.87471 1.2511e-01     0.1398     1.3775 0.0000e+00
        416  40.576665    0.02885     1.7311    103.868     33.314  50125.701    31.3113     6.0919     33.000     6.1127    24.6284     6.3147     9.0243     89.384    275.235    282.014    0.00149    7.06470   10.09617  307.92596     6.0892   15.85866 1.0682e-01     0.1244     1.4043 0.0000e+00
        420  40.576675    0.02910     1.7458    104.748     34.324  50130.533    31.3218     6.1318     34.000     6.1456    24.6319     6.3132     9.0221     89.452    275.169    281.947    0.00155    7.05758   10.08599  307.61474     6.1291   15.84379 9.2488e-02     0.1107     1.3884 0.0000e+00
        424  40.576686    0.02935     1.7611    105.664     35.333  50127.769    31.3246     6.1590     35.000     6.1658    24.6308     6.3092     9.0165     89.455    274.995    281.768    0.00116    7.05295   10.07938  307.41302     6.1562   15.83417 8.1511e-02     0.1179     1.3834 0.0000e+00
        427  40.576696    0.02959     1.7759    106.553     36.343  50124.528    31.3249     6.1744     36.000     6.1765    24.6291     6.3000     9.0034     89.357    274.595    281.358    0.00036    7.05039   10.07572  307.30198     6.1715   15.82888 7.2629e-02     0.1190     1.4092 0.0000e+00
        431  40.576706    0.02984     1.7905    107.429     37.352  50125.795    31.3268     6.1824     37.000     6.1830    24.6297     6.2913     8.9909     89.251    274.215    280.969   -0.00044    7.04899   10.07371  307.24085     6.1794   15.82595 6.5850e-02     0.1326     1.4313 0.0000e+00
        434  40.576717    0.03009     1.8054    108.325     38.362  50130.573    31.3308     6.1890     38.000     6.1902    24.6321     6.2859     8.9831     89.190    273.977    280.726   -0.00073    7.04770   10.07187  307.18372     6.1860   15.82322 6.0657e-02     0.1267     1.4390 0.0000e+00
        438  40.576727    0.03034     1.8201    109.207     39.372  50136.693    31.3361     6.1970     39.000     6.1988    24.6353     6.2796     8.9742     89.120    273.704    280.446   -0.00098    7.04614   10.06964  307.11470     6.1938   15.81991 5.6542e-02     0.1120     1.4230 0.0000e+00
        441  40.576737    0.03057     1.8343    110.057     40.381  50141.579    31.3406     6.2055     40.000     6.2077    24.6378     6.2733     8.9652     89.052    273.430    280.166   -0.00122    7.04454   10.06735  307.04399     6.2022   15.81652 5.3498e-02     0.1107     1.4386 0.0000e+00
        445  40.576747    0.03081     1.8486    110.914     41.391  50156.053    31.3523     6.2169     41.000     6.2224    24.6457     6.2778     8.9716     89.147    273.623    280.366   -0.00062    7.04210   10.06386  306.93537     6.2136   15.81129 5.1244e-02     0.1198     1.5004 0.0000e+00
        448  40.576757    0.03106     1.8634    111.806     42.401  50148.630    31.3492     6.2300     42.000     6.2290    24.6417     6.2901     8.9892     89.348    274.162    280.918    0.00060    7.04008   10.06098  306.84887     6.2266   15.80719 4.9479e-02     0.1192     1.5267 0.0000e+00
        452  40.576767    0.03131     1.8783    112.697     43.410  50155.361    31.3542     6.2343     43.000     6.2355    24.6451     6.2898     8.9888     89.356    274.149    280.906    0.00065    7.03914   10.05964  306.80689     6.2308   15.80517 4.8150e-02     0.1158     1.5212 0.0000e+00
        455  40.576778    0.03155     1.8928    113.570     44.420  50159.728    31.3584     6.2429     44.000     6.2431    24.6473     6.2843     8.9809     89.296    273.905    280.655   -0.00000    7.03754   10.05734  306.73598     6.2393   15.80177 4.6948e-02     0.1159     1.5534 0.0000e+00
        459  40.576787    0.03179     1.9072    114.434     45.430  50156.371    31.3566     6.2484     45.000     6.2456    24.6453     6.2795     8.9740     89.238    273.696    280.441   -0.00031    7.03671   10.05615  306.70042     6.2448   15.80008 4.5909e-02     0.1081     1.5869 0.0000e+00
        462  40.576797    0.03202     1.9214    115.281     46.439  50154.362    31.3549     6.2494     46.000     6.2451    24.6438     6.2757     8.9686     89.187    273.533    280.274   -0.00069    7.03662   10.05603  306.69711     6.2457   15.79993 4.5061e-02     0.1101     1.6071 0.0000e+00
        466  40.576807    0.03226     1.9355    116.131     47.449  50155.746    31.3553     6.2487     47.000     6.2448    24.6442     6.2783     8.9723     89.223    273.646    280.390   -0.00042    7.03671   10.05616  306.70112     6.2449   15.80012 4.4434e-02     0.0997     1.5903 0.0000e+00
        469  40.576817    0.03250     1.9503    117.017     48.458  50157.310    31.3559     6.2488     48.000     6.2451    24.6447     6.2820     8.9775     89.275    273.803    280.551   -0.00007    7.03666   10.05609  306.69872     6.2449   15.80001 4.3914e-02     0.0937     1.5717 0.0000e+00
        473  40.576828    0.03276     1.9655    117.930     49.469  50157.121    31.3554     6.2491     49.000     6.2448    24.6442     6.2800     8.9747     89.246    273.716    280.461   -0.00022    7.03664   10.05607  306.69821     6.2451   15.79998 4.3595e-02     0.1088     1.5765 0.0000e+00
        476  40.576838    0.03301     1.9804    118.824     50.478  50156.865    31.3545     6.2484     50.000     6.2436    24.6437     6.2775     8.9711     89.209    273.610    280.352   -0.00048    7.03680   10.05629  306.70523     6.2443   15.80032 4.3234e-02     0.1113     1.5800 0.0000e+00
        480  40.576849    0.03325     1.9952    119.715     51.488  50156.917    31.3539     6.2472     51.000     6.2424    24.6433     6.2827     8.9787     89.282    273.840    280.589   -0.00009    7.03702   10.05661  306.71486     6.2431   15.80078 4.2803e-02     0.0976     1.6208 0.0000e+00
        483  40.576859    0.03350     2.0099    120.594     52.497  50158.955    31.3546     6.2464     52.000     6.2422    24.6441     6.2861     8.9834     89.327    273.983    280.735    0.00022    7.03714   10.05677  306.71959     6.2421   15.80101 4.2519e-02     0.0974     1.6563 0.0000e+00
        487  40.576869    0.03374     2.0243    121.458     53.507  50161.610    31.3562     6.2470     53.000     6.2434    24.6451     6.2811     8.9764     89.259    273.768    280.515   -0.00025    7.03696   10.05653  306.71170     6.2426   15.80062 4.2370e-02     0.1055     1.6371 0.0000e+00
