CTD-processing/allCTD/CNV/2016_07-27_t4_s07_cast014_5028.cnv
* Sea-Bird SBE19plus Data File:
* FileName = C:\Users\Kris.Holderied\Documents\kasitsna\Research-KBL\Oceanography-AK\CTD-Data-ALL-to-2016-05\2016-CTD-KachemakBay-CookInlet\2016-07-27-CookInlet-Tran4-Barabara-special\2016-07-27-CookInlet-Tran4-cast014.hex
* Software Version 1.59
* Temperature SN =  5028
* Conductivity SN =  5028
* System UpLoad Time = Jul 27 2016 20:18:38
** Cook Inlet LTM Tran4 Barabara north to south
** Date (YYYY-MM-DD): 2016-07-27
** Station (eg. 9-01): 4-07
** Start time (AKDT): 12:59
** Depth (m): 34.7
** Comment:  R/V Edgecumbe.  Part of all-bay survey with T9 and along-bay stations (1-9).
** Comment:
# nquan = 27
# nvalues = 28                          
# units = specified
# name 0 = scan: Scan Count
# name 1 = timeJ: Julian Days
# name 2 = timeH: Time, Elapsed [hours]
# name 3 = timeM: Time, Elapsed [minutes]
# name 4 = timeS: Time, Elapsed [seconds]
# name 5 = prdM: Pressure, Strain Gauge [db]
# name 6 = specc: Specific Conductance [uS/cm]
# name 7 = sal00: Salinity, Practical [PSU]
# name 8 = tv290C: Temperature [ITS-90, deg C]
# name 9 = depSM: Depth [salt water, m], lat = 59.00
# name 10 = potemp090C: Potential Temperature [ITS-90, deg C]
# name 11 = sigma-é00: Density [sigma-theta, kg/m^3]
# name 12 = sbeox0ML/L: Oxygen, SBE 43 [ml/l]
# name 13 = sbeox0Mg/L: Oxygen, SBE 43 [mg/l]
# name 14 = sbeox0PS: Oxygen, SBE 43 [% saturation]
# name 15 = sbox0Mm/Kg: Oxygen, SBE 43 [umol/kg]
# name 16 = sbeox0Mm/L: Oxygen, SBE 43 [umol/l]
# name 17 = sbox0dV/dT: Oxygen, SBE 43 [dov/dt]
# name 18 = oxsolML/L: Oxygen Saturation, Garcia & Gordon [ml/l]
# name 19 = oxsolMg/L: Oxygen Saturation, Garcia & Gordon [mg/l]
# name 20 = oxsolMm/Kg: Oxygen Saturation, Garcia & Gordon [umol/kg]
# name 21 = potemp090C: Potential Temperature [ITS-90, deg C]
# name 22 = n2satMg/L: Nitrogen Saturation [mg/l]
# name 23 = par: PAR/Irradiance, Biospherical/Licor
# name 24 = flECO-AFL: Fluorescence, WET Labs ECO-AFL/FL [mg/m^3]
# name 25 = turbWETntu0: Turbidity, WET Labs ECO [NTU]
# name 26 = flag: flag
# span 0 =        298,        433       
# span 1 = 209.542606, 209.542999       
# span 2 =    0.02061,    0.03003       
# span 3 =     1.2364,     1.8020       
# span 4 =     74.186,    108.124       
# span 5 =      2.019,     29.276       
# span 6 =  41983.633,  49198.548       
# span 7 =    26.5576,    31.3177       
# span 8 =    10.1009,    13.5458       
# span 9 =      2.000,     29.000       
# span 10 =    10.0802,    13.3594      
# span 11 =    19.7612,    24.0314      
# span 12 =     5.8556,     7.1057      
# span 13 =     8.3683,    10.1548      
# span 14 =     90.730,    114.469      
# span 15 =    255.379,    310.522      
# span 16 =    261.512,    317.341      
# span 17 =   -0.02757,    0.00906      
# span 18 =    6.17758,    6.45389      
# span 19 =    8.82838,    9.22325      
# span 20 =  270.30871,  281.47169      
# span 21 =    10.0976,    13.5456      
# span 22 =   14.06358,   14.59585      
# span 23 = 2.2025e-01, 3.3184e+01      
# span 24 =     0.7915,     2.5796      
# span 25 =     0.2598,     1.0235      
# span 26 = 0.0000e+00, 0.0000e+00      
# interval = meters: 1                  
# start_time = Jul 27 2016 13:00:07 [Instrument's time stamp, header]
# bad_flag = -9.990e-29
*END*
        298 209.542606    0.02061     1.2364     74.186      2.019  41983.633    26.5576    13.5458      2.000    13.3594    19.7612     6.9902     9.9897    113.155    306.132    312.182    0.00602    6.17758    8.82838  270.54438    13.5456   14.09120 3.3184e+01     1.4530     0.9740 0.0000e+00
        302 209.542619    0.02091     1.2549     75.294      3.028  43653.175    27.6952    13.1065      3.000    12.9271    20.7218     6.9981    10.0009    113.047    306.189    312.535    0.00205    6.19039    8.84669  270.85019    13.1062   14.10132 2.4525e+01     1.7724     1.0235 0.0000e+00
        306 209.542630    0.02118     1.2705     76.232      4.038  44763.827    28.4500    12.7821      4.000    12.6494    21.3657     7.0786    10.1160    114.110    309.517    316.131    0.00786    6.20323    8.86504  271.24111    12.7816   14.11706 1.8550e+01     1.8198     0.7598 0.0000e+00
        310 209.542642    0.02146     1.2876     77.256      5.048  45804.348    29.1627    12.5367      5.000    12.4375    21.9625     7.1057    10.1548    114.469    310.522    317.341    0.00906    6.20748    8.87111  271.26855    12.5361   14.11554 1.4777e+01     1.8523     0.5717 0.0000e+00
        315 209.542655    0.02179     1.3073     78.436      6.057  47146.334    30.0917    12.3202      6.000    12.2577    22.7217     7.0091    10.0167    113.058    306.074    313.027   -0.00305    6.19956    8.85979  270.72111    12.3195   14.08558 1.2118e+01     1.8834     0.5314 0.0000e+00
        320 209.542671    0.02215     1.3292     79.754      7.066  47955.914    30.6540    12.2036      7.000    12.1729    23.1789     6.9379     9.9149    112.030    302.828    309.847   -0.00933    6.19288    8.85025  270.30871    12.2027   14.06358 1.0211e+01     1.4388     0.4513 0.0000e+00
        325 209.542686    0.02253     1.3519     81.113      8.076  48178.999    30.8004    12.0870      8.000    12.0183    23.3138     6.9596     9.9460    112.208    303.736    310.817   -0.00450    6.20241    8.86388  270.68915    12.0860   14.08124 8.8728e+00     0.9060     0.2994 0.0000e+00
        331 209.542702    0.02291     1.3743     82.460      9.086  48317.135    30.8789    11.8944      9.000    11.8347    23.4099     6.9446     9.9245    111.566    303.049    310.144   -0.00652    6.22466    8.89565  271.63413    11.8933   14.12623 7.8063e+00     0.8056     0.2641 0.0000e+00
        337 209.542721    0.02335     1.4011     84.064     10.095  48409.108    30.9284    11.7421     10.000    11.6987    23.4759     6.9226     9.8931    110.889    302.072    309.164   -0.00795    6.24282    8.92161  272.40915    11.7410   14.16318 6.8407e+00     0.7915     0.2598 0.0000e+00
        343 209.542738    0.02378     1.4267     85.601     11.104  48496.828    30.9749    11.5951     11.000    11.5477    23.5385     6.9097     9.8747    110.370    301.491    308.588   -0.00743    6.26052    8.94691  273.16488    11.5938   14.19922 5.8819e+00     1.1276     0.2885 0.0000e+00
        349 209.542754    0.02416     1.4495     86.970     12.114  48561.409    31.0077    11.4757     12.000    11.4280    23.5853     6.8412     9.7768    109.022    298.489    305.529   -0.01262    6.27516    8.96783  273.79106    11.4743   14.22909 4.9940e+00     1.4954     0.3351 0.0000e+00
        355 209.542771    0.02456     1.4735     88.409     13.123  48632.493    31.0437    11.3446     13.000    11.2981    23.6365     6.7496     9.6458    107.286    294.477    301.437   -0.01787    6.29132    8.99092  274.48231    11.3431   14.26207 4.1637e+00     1.8326     0.4023 0.0000e+00
        361 209.542788    0.02498     1.4988     89.928     14.132  48734.055    31.1011    11.2151     14.000    11.1817    23.7039     6.6230     9.4649    105.021    288.935    295.783   -0.02354    6.30647    9.01257  275.12528    11.2134   14.29264 3.3832e+00     2.2170     0.4524 0.0000e+00
        366 209.542805    0.02536     1.5216     91.293     15.142  48804.129    31.1419    11.1385     15.000    11.1105    23.7491     6.5162     9.3124    103.184    284.264    291.015   -0.02569    6.31519    9.02504  275.49370    11.1367   14.31013 2.6645e+00     2.5796     0.5316 0.0000e+00
        371 209.542819    0.02572     1.5434     92.605     16.152  48863.224    31.1752    11.0649     16.000    11.0287    23.7878     6.4663     9.2410    102.253    282.074    288.785   -0.02180    6.32383    9.03738  275.86017    11.0631   14.32755 2.1215e+00     2.3785     0.5159 0.0000e+00
        377 209.542834    0.02608     1.5646     93.878     17.161  48912.821    31.1991    10.9696     17.000    10.9231    23.8229     6.4299     9.1891    101.486    280.481    287.162   -0.01835    6.33585    9.05456  276.37497    10.9676   14.35210 1.7314e+00     2.0445     0.4544 0.0000e+00
        382 209.542849    0.02644     1.5862     95.174     18.171  48949.267    31.2094    10.8373     18.000    10.7717    23.8537     6.3710     9.1048    100.277    277.900    284.529   -0.01866    6.35353    9.07982  277.13773    10.8352   14.38859 1.4218e+00     1.9578     0.5143 0.0000e+00
        387 209.542865    0.02683     1.6095     96.570     19.181  49016.187    31.2359    10.6617     19.000    10.5966    23.9044     6.2765     8.9697     98.433    273.763    280.307   -0.02209    6.37658    9.11277  278.12933    10.6595   14.43597 1.1711e+00     1.8816     0.5623 0.0000e+00
        393 209.542882    0.02722     1.6336     98.015     20.190  49081.202    31.2594    10.4761     20.000    10.4168    23.9541     6.1613     8.8051     96.253    268.726    275.162   -0.02595    6.40129    9.14809  279.19375    10.4738   14.48683 9.6806e-01     1.5485     0.4606 0.0000e+00
        398 209.542898    0.02760     1.6559     99.354     21.199  49164.941    31.3035    10.3544     21.000    10.3347    24.0089     6.0540     8.6518     94.353    264.033    270.373   -0.02757    6.41639    9.16967  279.83776    10.3521   14.51747 8.1031e-01     1.2101     0.4314 0.0000e+00
        403 209.542911    0.02793     1.6756    100.538     22.209  49186.834    31.3151    10.3262     22.000    10.3172    24.0227     5.9908     8.5614     93.317    261.272    267.549   -0.02474    6.41986    9.17463  279.98516    10.3237   14.52448 6.8452e-01     1.0848     0.4619 0.0000e+00
        408 209.542924    0.02823     1.6941    101.644     23.218  49193.248    31.3177    10.3137     23.000    10.3072    24.0268     5.9641     8.5233     92.877    260.108    266.357   -0.01956    6.42151    9.17698  280.05567    10.3110   14.52785 5.7827e-01     1.0479     0.5171 0.0000e+00
        412 209.542936    0.02852     1.7113    102.677     24.228  49192.826    31.3159    10.3055     24.000    10.2970    24.0268     5.9489     8.5016     92.624    259.446    265.679   -0.01518    6.42272    9.17870  280.10828    10.3028   14.53037 4.8945e-01     1.0452     0.5519 0.0000e+00
        416 209.542947    0.02880     1.7277    103.661     25.238  49193.414    31.3144    10.2927     25.000    10.2820    24.0277     5.9386     8.4867     92.435    258.992    265.215   -0.01196    6.42457    9.18136  280.18921    10.2899   14.53425 4.1611e-01     0.9425     0.5256 0.0000e+00
        420 209.542960    0.02911     1.7462    104.771     26.247  49198.548    31.3156    10.2759     26.000    10.2658    24.0314     5.9242     8.4662     92.178    258.364    264.573   -0.00965    6.42686    9.18464  280.28829    10.2730   14.53899 3.5538e-01     0.9591     0.5733 0.0000e+00
        425 209.542974    0.02942     1.7653    105.917     27.256  49193.892    31.3095    10.2577     27.000    10.2399    24.0298     5.9021     8.4347     91.795    257.403    263.589   -0.00876    6.42967    9.18864  280.41070    10.2547   14.54487 3.0275e-01     1.0194     0.5905 0.0000e+00
        429 209.542986    0.02972     1.7834    107.003     28.266  49155.399    31.2755    10.2056     28.000    10.1590    24.0119     5.8795     8.4024     91.320    256.421    262.578   -0.00896    6.43838    9.20109  280.79559    10.2025   14.56343 2.5913e-01     0.9539     0.6338 0.0000e+00
        433 209.542999    0.03003     1.8020    108.124     29.276  49147.019    31.2561    10.1009     29.000    10.0802    24.0141     5.8556     8.3683     90.730    255.379    261.512   -0.01009    6.45389    9.22325  281.47169    10.0976   14.59585 2.2025e-01     0.9459     0.6820 0.0000e+00
