CTD-processing/allCTD/CNV/2016_06-16_alongbay_skb03_cast271_5028.cnv
* Sea-Bird SBE19plus Data File:
* FileName = C:\Users\Kris.Holderied\Documents\kasitsna\Research-KBL\Oceanography-AK\CTD-Data-ALL-to-2016-05\2016-CTD-KachemakBay-CookInlet\2016-06-16-KachemakBay-AlongBay-partial\2016-06-16-KachemakBay-AlongBay-cast271.hex
* Software Version 1.59
* Temperature SN =  5028
* Conductivity SN =  5028
* System UpLoad Time = Jul 26 2016 19:52:36
** Cook Inlet Kachemak Bay Along-bay line- partial
** Date (YYYY-MM-DD): 2016-06-16
** Station (eg. 9-01):  KB03
** Start time (AKDT): 14:35
** Depth (m): 109.4
** Comment:  R/V Edgecumbe.  Additional stations after monthly Transect 9 survey.
** Comment:
# nquan = 27
# nvalues = 99                          
# units = specified
# name 0 = scan: Scan Count
# name 1 = timeJ: Julian Days
# name 2 = timeH: Time, Elapsed [hours]
# name 3 = timeM: Time, Elapsed [minutes]
# name 4 = timeS: Time, Elapsed [seconds]
# name 5 = prdM: Pressure, Strain Gauge [db]
# name 6 = specc: Specific Conductance [uS/cm]
# name 7 = sal00: Salinity, Practical [PSU]
# name 8 = tv290C: Temperature [ITS-90, deg C]
# name 9 = depSM: Depth [salt water, m], lat = 59.00
# name 10 = potemp090C: Potential Temperature [ITS-90, deg C]
# name 11 = sigma-é00: Density [sigma-theta, kg/m^3]
# name 12 = sbeox0ML/L: Oxygen, SBE 43 [ml/l]
# name 13 = sbeox0Mg/L: Oxygen, SBE 43 [mg/l]
# name 14 = sbeox0PS: Oxygen, SBE 43 [% saturation]
# name 15 = sbox0Mm/Kg: Oxygen, SBE 43 [umol/kg]
# name 16 = sbeox0Mm/L: Oxygen, SBE 43 [umol/l]
# name 17 = sbox0dV/dT: Oxygen, SBE 43 [dov/dt]
# name 18 = oxsolML/L: Oxygen Saturation, Garcia & Gordon [ml/l]
# name 19 = oxsolMg/L: Oxygen Saturation, Garcia & Gordon [mg/l]
# name 20 = oxsolMm/Kg: Oxygen Saturation, Garcia & Gordon [umol/kg]
# name 21 = potemp090C: Potential Temperature [ITS-90, deg C]
# name 22 = n2satMg/L: Nitrogen Saturation [mg/l]
# name 23 = par: PAR/Irradiance, Biospherical/Licor
# name 24 = flECO-AFL: Fluorescence, WET Labs ECO-AFL/FL [mg/m^3]
# name 25 = turbWETntu0: Turbidity, WET Labs ECO [NTU]
# name 26 = flag: flag
# span 0 =        109,        685       
# span 1 = 168.608877, 168.610545       
# span 2 =    0.00750,    0.04752       
# span 3 =     0.4499,     2.8510       
# span 4 =     26.996,    171.057       
# span 5 =      1.010,     99.958       
# span 6 =  46001.894,  49821.071       
# span 7 =    29.4246,    31.3894       
# span 8 =     7.8349,    12.5579       
# span 9 =      1.000,     99.000       
# span 10 =     7.8246,    12.3955      
# span 11 =    22.1660,    24.4533      
# span 12 =     6.1323,     8.3121      
# span 13 =     8.7637,    11.8789      
# span 14 =     90.408,    127.103      
# span 15 =    267.332,    362.498      
# span 16 =    273.869,    371.219      
# span 17 =   -0.04037,    0.02201      
# span 18 =    6.19288,    6.78292      
# span 19 =    8.85024,    9.69348      
# span 20 =  270.32067,  295.69485      
# span 21 =     7.8255,    12.5577      
# span 22 =   14.06433,   15.27511      
# span 23 = 7.1317e-02, 6.7974e+02      
# span 24 =    -0.1003,     7.2057      
# span 25 =     0.3206,     2.8369      
# span 26 = 0.0000e+00, 0.0000e+00      
# interval = meters: 1                  
# start_time = Jun 16 2016 14:36:20 [Instrument's time stamp, header]
# bad_flag = -9.990e-29
*END*
        109 168.608877    0.00750     0.4499     26.996      1.010  46001.894    29.4246    12.5579      1.000    12.3955    22.1660     6.2003     8.8609    100.062    270.916    276.905    0.00312    6.19689    8.85597  270.79417    12.5577   14.09196 6.7974e+02    -0.1003     2.8369 0.0000e+00
        306 168.609447    0.02118     1.2710     76.257      2.019  47881.941    30.6147    12.2169      2.000    12.1664    23.1463     7.4347    10.6249    120.054    324.518    332.032    0.00615    6.19288    8.85024  270.32067    12.2166   14.06433 4.6441e+02     0.1494     0.5894 0.0000e+00
        328 168.609511    0.02271     1.3624     81.744      3.028  48070.908    30.7244    12.0756      3.000    11.9360    23.2568     7.5636    10.8091    121.857    330.111    337.788    0.00439    6.20694    8.87034  270.90156    12.0752   14.09172 4.4904e+02     0.1770     0.3567 0.0000e+00
        331 168.609521    0.02294     1.3765     82.588      4.037  48222.797    30.8059    11.8180      4.000    11.6344    23.3669     7.5690    10.8169    121.345    330.315    338.033    0.00003    6.23770    8.91431  272.21504    11.8175   14.15436 3.8928e+02     0.1859     0.3301 0.0000e+00
        335 168.609530    0.02317     1.3902     83.415      5.047  48455.505    30.9424    11.5446      5.000    11.4074    23.5220     7.5835    10.8376    120.974    330.895    338.679   -0.00362    6.26865    8.95852  273.52394    11.5440   14.21654 3.2369e+02     0.2261     0.3307 0.0000e+00
        338 168.609540    0.02341     1.4047     84.284      6.057  48534.034    30.9707    11.2929      6.000    11.0873    23.5884     7.6790    10.9741    121.858    335.041    342.945    0.00182    6.30137    9.00528  274.93368    11.2922   14.28398 2.8682e+02     0.2870     0.3371 0.0000e+00
        342 168.609551    0.02365     1.4193     85.155      7.066  48625.090    30.9917    10.9075      7.000    10.6556    23.6716     7.8096    11.1607    122.923    340.710    348.775    0.00874    6.35299    9.07906  277.16347    10.9066   14.39068 2.4622e+02     0.3710     0.3206 0.0000e+00
        345 168.609560    0.02389     1.4335     86.010      8.076  48824.828    31.0838    10.4863      8.000    10.2873    23.8149     7.9148    11.3112    123.525    345.256    353.478    0.00980    6.40728    9.15663  279.49249    10.4854   14.50182 2.1293e+02     0.5323     0.3240 0.0000e+00
        348 168.609570    0.02413     1.4478     86.870      9.085  48990.802    31.1634    10.1777      9.000    10.0327    23.9285     8.0452    11.4975    124.783    350.905    359.301    0.01388    6.44709    9.21354  281.19831    10.1767   14.58314 1.7491e+02     0.8615     0.3547 0.0000e+00
        352 168.609581    0.02438     1.4630     87.780     10.095  49004.396    31.1370     9.8952     10.000     9.6992    23.9540     8.2223    11.7505    126.720    358.616    367.207    0.02201    6.48820    9.27228  282.98428     9.8941   14.66869 1.4429e+02     1.1894     0.3809 0.0000e+00
        356 168.609592    0.02465     1.4792     88.752     11.104  49159.611    31.1969     9.5172     11.000     9.3704    24.0613     8.3121    11.8789    127.103    362.498    371.219    0.01959    6.53978    9.34600  285.20401     9.5160   14.77461 1.1700e+02     1.2320     0.3792 0.0000e+00
        360 168.609603    0.02492     1.4951     89.706     12.114  49334.922    31.2884     9.2809     12.000     9.2215    24.1700     8.2332    11.7661    125.317    359.017    367.695    0.00287    6.57005    9.38926  286.49399     9.2796   14.83592 9.8363e+01     1.0825     0.3623 0.0000e+00
        364 168.609614    0.02518     1.5106     90.636     13.123  49397.135    31.3197     9.1933     13.000     9.1646    24.2081     8.1553    11.6547    123.914    355.606    364.215   -0.00735    6.58145    9.40555  286.98030     9.1920   14.85904 8.2365e+01     1.1324     0.3658 0.0000e+00
        367 168.609625    0.02545     1.5267     91.603     14.133  49422.442    31.3309     9.1480     14.000     9.1312    24.2239     8.1251    11.6115    123.339    354.282    362.865   -0.00924    6.58760    9.41434  287.24412     9.1466   14.87161 6.8860e+01     1.1528     0.3716 0.0000e+00
        371 168.609636    0.02571     1.5428     92.568     15.142  49433.084    31.3341     9.1209     15.000     9.1080    24.2306     8.1117    11.5923    123.064    353.696    362.266   -0.00846    6.59142    9.41980  287.40884     9.1194   14.87948 5.7947e+01     1.2234     0.3667 0.0000e+00
        375 168.609648    0.02598     1.5592     93.549     16.152  49436.548    31.3330     9.0984     16.000     9.0838    24.2332     8.1034    11.5806    122.876    353.336    361.899   -0.00734    6.59479    9.42461  287.55469     9.0967   14.88645 4.7901e+01     1.3886     0.3615 0.0000e+00
        379 168.609660    0.02628     1.5766     94.594     17.162  49443.459    31.3337     9.0714     17.000     9.0573    24.2379     8.0890    11.5600    122.585    352.706    361.255   -0.00683    6.59872    9.43022  287.72461     9.0696   14.89457 3.9962e+01     1.4752     0.3600 0.0000e+00
        384 168.609672    0.02657     1.5942     95.653     18.170  49450.679    31.3347     9.0457     18.000     9.0330    24.2427     8.0668    11.5283    122.180    351.739    360.266   -0.00733    6.60243    9.43553  287.88522     9.0439   14.90224 3.3596e+01     1.3357     0.3312 0.0000e+00
        388 168.609684    0.02687     1.6119     96.716     19.180  49460.047    31.3380     9.0259     19.000     9.0177    24.2483     8.0454    11.4977    121.804    350.802    359.308   -0.00742    6.60520    9.43950  288.00473     9.0240   14.90794 2.8372e+01     1.2709     0.3269 0.0000e+00
        392 168.609696    0.02716     1.6296     97.779     20.190  49462.047    31.3373     9.0136     20.000     9.0055    24.2496     8.0264    11.4706    121.483    349.974    358.461   -0.00726    6.60704    9.44213  288.08474     9.0115   14.91176 2.3987e+01     1.3909     0.3477 0.0000e+00
        396 168.609709    0.02745     1.6469     98.816     21.199  49462.975    31.3356     9.0001     21.000     8.9883    24.2504     8.0183    11.4590    121.323    349.619    358.098   -0.00621    6.60910    9.44506  288.17387     8.9980   14.91603 2.0098e+01     1.5413     0.3574 0.0000e+00
        400 168.609720    0.02774     1.6645     99.868     22.209  49452.597    31.3241     8.9736     22.000     8.9442    24.2454     8.0105    11.4479    121.125    349.284    357.752   -0.00547    6.61350    9.45136  288.36747     8.9713   14.92533 1.6740e+01     1.5830     0.3612 0.0000e+00
        405 168.609733    0.02804     1.6824    100.946     23.218  49436.221    31.3017     8.9002     23.000     8.8450    24.2390     7.9798    11.4039    120.445    347.943    356.377   -0.00760    6.62530    9.46821  288.88356     8.8979   14.95008 1.3989e+01     1.4800     0.3619 0.0000e+00
        409 168.609746    0.02834     1.7007    102.042     24.228  49483.447    31.3190     8.7932     24.000     8.7549    24.2688     7.9051    11.2972    119.047    344.678    353.042   -0.01333    6.64041    9.48981  289.53391     8.7907   14.98109 1.1550e+01     1.7746     0.3922 0.0000e+00
        414 168.609759    0.02865     1.7188    103.127     25.238  49500.335    31.3194     8.7169     25.000     8.6740    24.2805     7.8020    11.1498    117.295    340.178    348.438   -0.01952    6.65172    9.50597  290.02387     8.7144   15.00450 9.1373e+00     2.7815     0.4728 0.0000e+00
        418 168.609771    0.02895     1.7366    104.198     26.247  49532.164    31.3286     8.6307     26.000     8.5966    24.3006     7.6773    10.9717    115.204    334.734    342.868   -0.02583    6.66417    9.52376  290.56092     8.6282   15.03012 6.6748e+00     4.6723     0.5890 0.0000e+00
        422 168.609782    0.02922     1.7533    105.196     27.256  49573.334    31.3494     8.5789     27.000     8.5641    24.3247     7.5161    10.7413    112.669    327.700    335.670   -0.03324    6.67103    9.53357  290.85339     8.5762   15.04401 4.5677e+00     6.4679     0.7218 0.0000e+00
        426 168.609794    0.02949     1.7696    106.178     28.266  49594.021    31.3608     8.5607     28.000     8.5552    24.3363     7.3423    10.4930    110.027    320.120    327.910   -0.03995    6.67325    9.53675  290.94700     8.5579   15.04844 3.0774e+00     7.2057     0.7956 0.0000e+00
        430 168.609805    0.02976     1.7856    107.135     29.276  49615.139    31.3750     8.5595     29.000     8.5622    24.3476     7.2211    10.3197    108.217    314.830    322.495   -0.04037    6.67281    9.53612  290.92455     8.5567   15.04730 2.0885e+00     7.0350     0.8034 0.0000e+00
        433 168.609816    0.03003     1.8017    108.103     30.285  49633.283    31.3894     8.5736     30.000     8.5802    24.3567     7.1390    10.2023    107.030    311.247    318.828   -0.03648    6.67008    9.53221  290.80276     8.5707   15.04143 1.4458e+00     6.3802     0.7766 0.0000e+00
        437 168.609827    0.03031     1.8183    109.097     31.295  49625.229    31.3855     8.5887     31.000     8.5836    24.3515     7.0602    10.0897    105.881    307.811    315.307   -0.03292    6.66799    9.52923  290.71329     8.5856   15.03717 1.0294e+00     5.4522     0.7274 0.0000e+00
        441 168.609839    0.03058     1.8346    110.077     32.304  49617.293    31.3780     8.5785     32.000     8.5638    24.3471     6.9741     9.9668    104.563    304.062    311.465   -0.03148    6.66985    9.53188  290.79533     8.5753   15.04112 7.5425e-01     4.6058     0.7146 0.0000e+00
        445 168.609850    0.03084     1.8507    111.041     33.314  49620.071    31.3760     8.5552     33.000     8.5372    24.3491     6.8871     9.8424    103.203    300.268    307.579   -0.03096    6.67342    9.53698  290.95053     8.5519   15.04854 5.6762e-01     3.9533     0.7113 0.0000e+00
        449 168.609861    0.03110     1.8660    111.960     34.323  49619.562    31.3710     8.5271     34.000     8.5060    24.3493     6.8085     9.7300    101.957    296.839    304.066   -0.03031    6.67786    9.54333  291.14397     8.5236   15.05781 4.3403e-01     3.4267     0.6932 0.0000e+00
        452 168.609871    0.03134     1.8804    112.824     35.333  49626.479    31.3709     8.4969     35.000     8.4794    24.3537     6.7407     9.6331    100.872    293.880    301.038   -0.02936    6.68238    9.54979  291.34000     8.4935   15.06717 3.3589e-01     3.3016     0.6937 0.0000e+00
        456 168.609880    0.03158     1.8944    113.665     36.343  49640.726    31.3773     8.4759     36.000     8.4622    24.3619     6.6854     9.5541    100.002    291.469    298.569   -0.02769    6.68526    9.55391  291.46322     8.4723   15.07303 2.6421e-01     3.3888     0.7114 0.0000e+00
        459 168.609890    0.03181     1.9082    114.493     37.353  49647.687    31.3793     8.4593     37.000     8.4463    24.3658     6.6476     9.5001     99.402    289.822    296.884   -0.02487    6.68766    9.55734  291.56672     8.4557   15.07797 2.1409e-01     2.7246     0.7027 0.0000e+00
        462 168.609900    0.03203     1.9221    115.327     38.362  49644.070    31.3737     8.4419     38.000     8.4242    24.3640     6.6173     9.4567     98.906    288.499    295.528   -0.02191    6.69053    9.56143  291.69216     8.4382   15.08398 1.7998e-01     2.1484     0.6966 0.0000e+00
        466 168.609909    0.03227     1.9363    116.176     39.372  49649.119    31.3732     8.4180     39.000     8.4019    24.3671     6.5855     9.4114     98.378    287.113    294.109   -0.01973    6.69415    9.56661  291.84915     8.4142   15.09148 1.5478e-01     1.7969     0.6993 0.0000e+00
        469 168.609919    0.03251     1.9504    117.023     40.381  49651.970    31.3717     8.3977     40.000     8.3813    24.3689     6.5562     9.3696     97.895    285.836    292.801   -0.01792    6.69728    9.57107  291.98495     8.3937   15.09797 1.3620e-01     1.4653     0.6848 0.0000e+00
        472 168.609929    0.03274     1.9643    117.861     41.391  49651.485    31.3677     8.3760     41.000     8.3571    24.3689     6.5360     9.3406     97.542    284.953    291.897   -0.01585    6.70073    9.57601  292.13546     8.3719   15.10518 1.2317e-01     1.1124     0.6537 0.0000e+00
        476 168.609939    0.03298     1.9784    118.705     42.401  49649.380    31.3617     8.3498     42.000     8.3263    24.3681     6.5205     9.3184     97.249    284.277    291.204   -0.01381    6.70494    9.58203  292.31925     8.3457   15.11398 1.1309e-01     0.8698     0.6401 0.0000e+00
        479 168.609949    0.03321     1.9926    119.559     43.410  49654.171    31.3595     8.3163     43.000     8.2941    24.3713     6.5035     9.2941     96.921    283.535    290.445   -0.01235    6.71011    9.58942  292.54387     8.3121   15.12471 1.0491e-01     0.8103     0.6559 0.0000e+00
        483 168.609958    0.03344     2.0068    120.405     44.420  49665.675    31.3630     8.2889     44.000     8.2716    24.3779     6.4794     9.2596     96.504    282.482    289.368   -0.01186    6.71410    9.59512  292.71581     8.2846   15.13291 9.8231e-02     1.0077     0.6746 0.0000e+00
        486 168.609968    0.03368     2.0207    121.244     45.430  49669.229    31.3617     8.2675     45.000     8.2508    24.3801     6.4518     9.2203     96.046    281.281    288.139   -0.01178    6.71739    9.59982  292.85868     8.2632   15.13974 9.2574e-02     1.3339     0.6872 0.0000e+00
        489 168.609978    0.03392     2.0349    122.092     46.439  49665.057    31.3549     8.2451     46.000     8.2217    24.3780     6.4230     9.1791     95.565    280.026    286.852   -0.01185    6.72110    9.60512  293.02083     8.2406   15.14752 8.8033e-02     1.6907     0.6958 0.0000e+00
        493 168.609988    0.03415     2.0489    122.932     47.449  49660.702    31.3461     8.2101     47.000     8.1789    24.3761     6.3956     9.1400     95.078    278.833    285.630   -0.01195    6.72680    9.61327  293.27008     8.2055   15.15945 8.4338e-02     1.9850     0.6940 0.0000e+00
        497 168.609999    0.03443     2.0658    123.948     48.459  49681.793    31.3523     8.1580     48.000     8.1329    24.3885     6.3594     9.0882     94.431    277.250    284.011   -0.01236    6.73445    9.62420  293.60015     8.1533   15.17519 8.1543e-02     1.9898     0.6754 0.0000e+00
        502 168.610014    0.03478     2.0871    125.228     49.468  49708.491    31.3641     8.1166     49.000     8.1030    24.4037     6.3206     9.0328     93.774    275.554    282.278   -0.01197    6.74024    9.63247  293.84800     8.1119   15.18697 7.9496e-02     1.5410     0.6191 0.0000e+00
        506 168.610026    0.03507     2.1041    126.248     50.477  49718.689    31.3683     8.1005     50.000     8.0907    24.4094     6.3057     9.0115     93.522    274.903    281.613   -0.01016    6.74250    9.63570  293.94500     8.0957   15.19159 7.7984e-02     1.3223     0.6187 0.0000e+00
        510 168.610037    0.03533     2.1196    127.177     51.488  49724.440    31.3706     8.0919     51.000     8.0837    24.4123     6.2993     9.0023     93.411    274.622    281.327   -0.00821    6.74370    9.63743  293.99677     8.0870   15.19405 7.6797e-02     1.1200     0.6318 0.0000e+00
        513 168.610047    0.03557     2.1342    128.053     52.498  49728.866    31.3724     8.0870     52.000     8.0802    24.4145     6.2951     8.9963     93.339    274.439    281.140   -0.00667    6.74439    9.63841  294.02598     8.0819   15.19544 7.5826e-02     0.8835     0.6467 0.0000e+00
        517 168.610057    0.03581     2.1486    128.917     53.508  49730.742    31.3728     8.0839     53.000     8.0766    24.4152     6.2950     8.9961     93.330    274.434    281.134   -0.00518    6.74485    9.63906  294.04575     8.0787   15.19638 7.5098e-02     0.7212     0.6525 0.0000e+00
