CTD-processing/allCTD/CNV/2016_08-31_t6_s06_cast114_5028.cnv
* Sea-Bird SBE19plus Data File:
* FileName = C:\Users\Kim.Powell\Desktop\2016_08-31_T6_5028\2016_08-31_T6_5028_cast114.hex
* Software Version 1.59
* Temperature SN =  5028
* Conductivity SN =  5028
* System UpLoad Time = Aug 31 2016 22:19:41
** CookInlet LTM Transect 7
** 2016_08-30
** Station: 6-06
** Start Time: 17:32
** Depth (m): 142.3
** Comment:
** Comment:
# nquan = 27
# nvalues = 139                         
# units = specified
# name 0 = scan: Scan Count
# name 1 = timeJ: Julian Days
# name 2 = timeH: Time, Elapsed [hours]
# name 3 = timeM: Time, Elapsed [minutes]
# name 4 = timeS: Time, Elapsed [seconds]
# name 5 = prdM: Pressure, Strain Gauge [db]
# name 6 = specc: Specific Conductance [uS/cm]
# name 7 = sal00: Salinity, Practical [PSU]
# name 8 = tv290C: Temperature [ITS-90, deg C]
# name 9 = depSM: Depth [salt water, m], lat = 59.00
# name 10 = potemp090C: Potential Temperature [ITS-90, deg C]
# name 11 = sigma-é00: Density [sigma-theta, kg/m^3]
# name 12 = sbeox0ML/L: Oxygen, SBE 43 [ml/l]
# name 13 = sbeox0Mg/L: Oxygen, SBE 43 [mg/l]
# name 14 = sbeox0PS: Oxygen, SBE 43 [% saturation]
# name 15 = sbox0Mm/Kg: Oxygen, SBE 43 [umol/kg]
# name 16 = sbeox0Mm/L: Oxygen, SBE 43 [umol/l]
# name 17 = sbox0dV/dT: Oxygen, SBE 43 [dov/dt]
# name 18 = oxsolML/L: Oxygen Saturation, Garcia & Gordon [ml/l]
# name 19 = oxsolMg/L: Oxygen Saturation, Garcia & Gordon [mg/l]
# name 20 = oxsolMm/Kg: Oxygen Saturation, Garcia & Gordon [umol/kg]
# name 21 = potemp090C: Potential Temperature [ITS-90, deg C]
# name 22 = n2satMg/L: Nitrogen Saturation [mg/l]
# name 23 = par: PAR/Irradiance, Biospherical/Licor
# name 24 = flECO-AFL: Fluorescence, WET Labs ECO-AFL/FL [mg/m^3]
# name 25 = turbWETntu0: Turbidity, WET Labs ECO [NTU]
# name 26 = flag: flag
# span 0 =        333,        900       
# span 1 = 244.731736, 244.733376       
# span 2 =    0.02306,    0.06240       
# span 3 =     1.3836,     3.7439       
# span 4 =     83.013,    224.637       
# span 5 =      1.010,    140.360       
# span 6 =  46001.268,  50672.007       
# span 7 =    29.3210,    32.0339       
# span 8 =     8.3436,    12.8069       
# span 9 =      1.000,    139.000       
# span 10 =     8.3298,    12.8072      
# span 11 =    22.0393,    24.8973      
# span 12 =     5.0264,     5.9309      
# span 13 =     7.1831,     8.4758      
# span 14 =     75.509,     96.010      
# span 15 =    219.042,    259.145      
# span 16 =    224.476,    264.874      
# span 17 =   -0.01510,    0.00883      
# span 18 =    6.16594,    6.67666      
# span 19 =    8.81174,    9.54161      
# span 20 =  269.43206,  290.93600      
# span 21 =     8.3296,    12.8068      
# span 22 =   14.02678,   15.04519      
# span 23 = 6.1397e-02, 3.7761e+01      
# span 24 =     0.0264,     1.2594      
# span 25 =     0.1668,     0.5595      
# span 26 = 0.0000e+00, 0.0000e+00      
# interval = meters: 1                  
# start_time = Aug 31 2016 17:32:19 [Instrument's time stamp, header]
# bad_flag = -9.990e-29
*END*
[from data line 108]
        770 244.732999    0.05337     3.2021    192.127    110.058  50457.558    31.9332     8.5779    109.000     8.5565    24.7832     5.0299     7.1881     75.683    219.199    224.632   -0.00093    6.64595    9.49773  289.63010     8.5669   14.98321 6.3572e-02     0.0474     0.2766 0.0000e+00
        774 244.733011    0.05365     3.2188    193.129    111.068  50474.980    31.9418     8.5574    110.000     8.5363    24.7931     5.0292     7.1872     75.643    219.170    224.604   -0.00093    6.64864    9.50157  289.74464     8.5463   14.98865 6.3448e-02     0.0435     0.2717 0.0000e+00
        778 244.733024    0.05396     3.2375    194.249    112.078  50494.930    31.9523     8.5375    111.000     8.5214    24.8042     5.0266     7.1836     75.575    219.055    224.489   -0.00109    6.65115    9.50515  289.85061     8.5264   14.99367 6.3306e-02     0.0467     0.2849 0.0000e+00
        783 244.733037    0.05429     3.2571    195.424    113.087  50503.956    31.9568     8.5283    112.000     8.5130    24.8092     5.0264     7.1831     75.558    219.042    224.476   -0.00095    6.65233    9.50685  289.90090     8.5170   14.99606 6.3164e-02     0.0569     0.2980 0.0000e+00
        787 244.733050    0.05457     3.2747    196.479    114.098  50508.123    31.9576     8.5173    113.000     8.4942    24.8114     5.0320     7.1913     75.625    219.290    224.731   -0.00035    6.65394    9.50915  289.97043     8.5059   14.99937 6.3073e-02     0.0438     0.3144 0.0000e+00
        791 244.733060    0.05484     3.2902    197.413    115.107  50526.881    31.9664     8.4921    114.000     8.4681    24.8221     5.0359     7.1967     75.644    219.453    224.900   -0.00016    6.65732    9.51397  290.11446     8.4806   15.00621 6.2951e-02     0.0391     0.3262 0.0000e+00
        794 244.733071    0.05510     3.3062    198.374    116.118  50548.450    31.9782     8.4731    115.000     8.4558    24.8342     5.0344     7.1947     75.595    219.387    224.835   -0.00047    6.65965    9.51730  290.21268     8.4615   15.01086 6.2838e-02     0.0463     0.3159 0.0000e+00
        799 244.733083    0.05539     3.3231    199.384    117.128  50555.885    31.9808     8.4593    116.000     8.4358    24.8383     5.0356     7.1964     75.591    219.439    224.890   -0.00045    6.66160    9.52009  290.29654     8.4476   15.01486 6.2750e-02     0.0593     0.3352 0.0000e+00
        803 244.733095    0.05567     3.3402    200.413    118.138  50576.928    31.9912     8.4338    117.000     8.4116    24.8502     5.0366     7.1978     75.568    219.479    224.934   -0.00048    6.66496    9.52490  290.43971     8.4221   15.02166 6.2641e-02     0.0673     0.3689 0.0000e+00
        807 244.733109    0.05600     3.3603    201.621    119.148  50597.428    32.0026     8.4175    118.000     8.4044    24.8616     5.0354     7.1961     75.528    219.427    224.882   -0.00063    6.66691    9.52768  290.52138     8.4057   15.02552 6.2563e-02     0.0493     0.3721 0.0000e+00
        813 244.733124    0.05636     3.3813    202.876    120.158  50600.285    32.0040     8.4168    119.000     8.4063    24.8628     5.0363     7.1973     75.541    219.464    224.920   -0.00041    6.66695    9.52774  290.52280     8.4049   15.02557 6.2452e-02     0.0406     0.3868 0.0000e+00
        817 244.733136    0.05665     3.3988    203.930    121.167  50597.812    32.0024     8.4207    120.000     8.4100    24.8610     5.0387     7.2008     75.582    219.568    225.027   -0.00011    6.66644    9.52701  290.50109     8.4087   15.02454 6.2341e-02     0.0472     0.4136 0.0000e+00
        821 244.733147    0.05691     3.4148    204.888    122.178  50595.314    32.0003     8.4213    121.000     8.4072    24.8593     5.0377     7.1994     75.568    219.528    224.986   -0.00015    6.66644    9.52702  290.50180     8.4091   15.02459 6.2277e-02     0.0334     0.4288 0.0000e+00
        824 244.733158    0.05718     3.4309    205.853    123.188  50598.904    32.0018     8.4174    122.000     8.4030    24.8610     5.0342     7.1944     75.509    219.374    224.827   -0.00055    6.66697    9.52776  290.52403     8.4051   15.02565 6.2213e-02     0.0346     0.4322 0.0000e+00
        829 244.733170    0.05748     3.4486    206.915    124.198  50602.972    32.0035     8.4130    123.000     8.3986    24.8630     5.0378     7.1995     75.556    219.529    224.987   -0.00024    6.66755    9.52859  290.54875     8.4007   15.02682 6.2141e-02     0.0334     0.4374 0.0000e+00
        833 244.733184    0.05779     3.4675    208.053    125.208  50607.612    32.0057     8.4086    124.000     8.3948    24.8654     5.0431     7.2071     75.630    219.761    225.225    0.00024    6.66812    9.52941  290.57292     8.3961   15.02796 6.2041e-02     0.0296     0.4200 0.0000e+00
        838 244.733196    0.05810     3.4856    209.138    126.218  50610.905    32.0072     8.4066    125.000     8.3940    24.8669     5.0451     7.2099     75.658    219.847    225.314    0.00026    6.66835    9.52974  290.58262     8.3940   15.02842 6.1998e-02     0.0350     0.4089 0.0000e+00
        842 244.733209    0.05839     3.5037    210.225    127.228  50611.296    32.0070     8.4066    126.000     8.3936    24.8667     5.0463     7.2117     75.676    219.900    225.369    0.00025    6.66836    9.52976  290.58315     8.3939   15.02845 6.1923e-02     0.0403     0.4011 0.0000e+00
        846 244.733221    0.05869     3.5217    211.301    128.239  50611.490    32.0065     8.4052    127.000     8.3896    24.8665     5.0452     7.2101     75.657    219.853    225.320    0.00003    6.66858    9.53008  290.59294     8.3925   15.02892 6.1877e-02     0.0398     0.4080 0.0000e+00
        850 244.733233    0.05899     3.5394    212.362    129.248  50615.815    32.0076     8.3956    128.000     8.3747    24.8688     5.0407     7.2037     75.574    219.657    225.120   -0.00048    6.66998    9.53206  290.65289     8.3829   15.03178 6.1856e-02     0.0308     0.4199 0.0000e+00
        855 244.733246    0.05929     3.5576    213.456    130.259  50631.099    32.0153     8.3788    129.000     8.3588    24.8773     5.0388     7.2010     75.520    219.571    225.033   -0.00077    6.67216    9.53518  290.74579     8.3659   15.03619 6.1820e-02     0.0264     0.4178 0.0000e+00
        859 244.733259    0.05960     3.5760    214.560    131.268  50646.578    32.0235     8.3648    130.000     8.3495    24.8858     5.0421     7.2056     75.549    219.711    225.178   -0.00042    6.67392    9.53769  290.81977     8.3518   15.03968 6.1784e-02     0.0333     0.4598 0.0000e+00
        864 244.733272    0.05990     3.5942    215.655    132.279  50652.727    32.0271     8.3635    131.000     8.3544    24.8889     5.0420     7.2055     75.547    219.706    225.174   -0.00036    6.67394    9.53773  290.82004     8.3504   15.03969 6.1723e-02     0.0449     0.5387 0.0000e+00
        868 244.733284    0.06022     3.6128    216.770    133.289  50645.234    32.0227     8.3716    132.000     8.3603    24.8842     5.0447     7.2093     75.599    219.825    225.295   -0.00004    6.67292    9.53628  290.77700     8.3584   15.03764 6.1657e-02     0.0522     0.5112 0.0000e+00
        873 244.733298    0.06053     3.6318    217.906    134.299  50641.810    32.0203     8.3750    133.000     8.3618    24.8820     5.0470     7.2127     75.639    219.928    225.400    0.00020    6.67252    9.53570  290.75993     8.3617   15.03684 6.1611e-02     0.0423     0.5560 0.0000e+00
        877 244.733310    0.06083     3.6502    219.010    135.309  50641.401    32.0194     8.3738    134.000     8.3576    24.8814     5.0428     7.2066     75.573    219.742    225.210   -0.00027    6.67273    9.53600  290.76928     8.3605   15.03729 6.1588e-02     0.0400     0.4955 0.0000e+00
        881 244.733323    0.06114     3.6685    220.112    136.320  50647.001    32.0216     8.3654    135.000     8.3465    24.8843     5.0406     7.2035     75.527    219.647    225.113   -0.00054    6.67390    9.53767  290.81954     8.3519   15.03968 6.1545e-02     0.0308     0.4483 0.0000e+00
        886 244.733336    0.06145     3.6870    221.217    137.329  50658.677    32.0277     8.3547    136.000     8.3386    24.8907     5.0423     7.2060     75.538    219.722    225.191   -0.00040    6.67525    9.53961  290.87685     8.3410   15.04240 6.1514e-02     0.0511     0.4604 0.0000e+00
        890 244.733348    0.06174     3.7044    222.262    138.339  50663.038    32.0298     8.3515    137.000     8.3367    24.8929     5.0467     7.2123     75.599    219.913    225.387   -0.00000    6.67563    9.54014  290.89248     8.3379   15.04313 6.1480e-02     0.0513     0.5430 0.0000e+00
        894 244.733360    0.06204     3.7223    223.339    139.349  50665.728    32.0307     8.3481    138.000     8.3322    24.8941     5.0487     7.2151     75.624    220.001    225.476    0.00012    6.67611    9.54083  290.91304     8.3342   15.04411 6.1452e-02     0.0501     0.5595 0.0000e+00
        900 244.733376    0.06240     3.7439    224.637    140.360  50672.007    32.0339     8.3436    139.000     8.3298    24.8973     5.0477     7.2137     75.603    219.954    225.430   -0.00015    6.67666    9.54161  290.93600     8.3296   15.04519 6.1397e-02     0.0380     0.4917 0.0000e+00
