CTD-processing/allCTD/CNV/2016_02-14_t3_s05_cast108_5028.cnv
* Sea-Bird SBE19plus Data File:
* FileName = C:\Users\Kris.Holderied\Documents\kasitsna\Research-KBL\Oceanography-AK\CTD-Data-ALL-to-2016-02\2016-CTD-KachemakBay-CookInlet\2016-02-CookInlet-quarterly\2016-02-14-CookInlet-Tran3-AnchorPt\2016-02-14-CookInlet-Tran3-cast108.hex
* Software Version 1.59
* Temperature SN =  5028
* Conductivity SN =  5028
* System UpLoad Time = Feb 15 2016 00:35:30
** Cook Inlet LTM Tran3 Anchor Pt Southeast to northwest

** Date: 02-14
** Station: 3-05
** Start time (AKST): 16:56
** Depth (m): 25
** Comment:  R/V Pandalus
** Comment:
# nquan = 27
# nvalues = 25                          
# units = specified
# name 0 = scan: Scan Count
# name 1 = timeJ: Julian Days
# name 2 = timeH: Time, Elapsed [hours]
# name 3 = timeM: Time, Elapsed [minutes]
# name 4 = timeS: Time, Elapsed [seconds]
# name 5 = prdM: Pressure, Strain Gauge [db]
# name 6 = specc: Specific Conductance [uS/cm]
# name 7 = sal00: Salinity, Practical [PSU]
# name 8 = tv290C: Temperature [ITS-90, deg C]
# name 9 = depSM: Depth [salt water, m], lat = 59.00
# name 10 = potemp090C: Potential Temperature [ITS-90, deg C]
# name 11 = sigma-é00: Density [sigma-theta, kg/m^3]
# name 12 = sbeox0ML/L: Oxygen, SBE 43 [ml/l]
# name 13 = sbeox0Mg/L: Oxygen, SBE 43 [mg/l]
# name 14 = sbeox0PS: Oxygen, SBE 43 [% saturation]
# name 15 = sbox0Mm/Kg: Oxygen, SBE 43 [umol/kg]
# name 16 = sbeox0Mm/L: Oxygen, SBE 43 [umol/l]
# name 17 = sbox0dV/dT: Oxygen, SBE 43 [dov/dt]
# name 18 = oxsolML/L: Oxygen Saturation, Garcia & Gordon [ml/l]
# name 19 = oxsolMg/L: Oxygen Saturation, Garcia & Gordon [mg/l]
# name 20 = oxsolMm/Kg: Oxygen Saturation, Garcia & Gordon [umol/kg]
# name 21 = potemp090C: Potential Temperature [ITS-90, deg C]
# name 22 = n2satMg/L: Nitrogen Saturation [mg/l]
# name 23 = par: PAR/Irradiance, Biospherical/Licor
# name 24 = flECO-AFL: Fluorescence, WET Labs ECO-AFL/FL [mg/m^3]
# name 25 = turbWETntu0: Turbidity, WET Labs ECO [NTU]
# name 26 = flag: flag
# span 0 =         36,        329       
# span 1 =  45.706085,  45.706934       
# span 2 =    0.00243,    0.02281       
# span 3 =     0.1458,     1.3686       
# span 4 =      8.750,     82.118       
# span 5 =      1.010,     25.239       
# span 6 =  49014.820,  49140.052       
# span 7 =    29.8945,    29.9771       
# span 8 =     3.0000,     3.0323       
# span 9 =      1.000,     25.000       
# span 10 =     3.0022,     3.0313      
# span 11 =    23.8118,    23.8754      
# span 12 =     6.4310,     7.0038      
# span 13 =     9.1904,    10.0091      
# span 14 =     83.752,     91.235      
# span 15 =    280.508,    305.498      
# span 16 =    287.204,    312.791      
# span 17 =   -0.00361,    0.02061      
# span 18 =    7.67613,    7.68660      
# span 19 =   10.96996,   10.98493      
# span 20 =  334.82249,  335.29989      
# span 21 =     2.9999,     3.0314      
# span 22 =   17.14334,   17.16634      
# span 23 = -6.480e-03, 8.8259e-01      
# span 24 =     0.2947,     0.3613      
# span 25 =    24.1799,    24.1895      
# span 26 = 0.0000e+00, 0.0000e+00      
# interval = meters: 1                  
# start_time = Feb 14 2016 16:56:37 [Instrument's time stamp, header]
# bad_flag = -9.990e-29
*END*
         36  45.706085    0.00243     0.1458      8.750      1.010  49014.820    29.8945     3.0000      1.000     3.0022    23.8118     6.4696     9.2458     84.168    282.215    288.935    0.01601    7.68660   10.98493  335.29989     2.9999   17.16634 8.8259e-01     0.3613    24.1799 0.0000e+00
        246  45.706693    0.01702     1.0208     61.250      2.019  49122.814    29.9717     3.0214      2.000     3.0203    23.8717     6.4310     9.1904     83.752    280.508    287.204   -0.00361    7.67845   10.97328  334.92448     3.0213   17.14820 -6.480e-03     0.2972    24.1895 0.0000e+00
        262  45.706739    0.01813     1.0879     65.275      3.028  49121.587    29.9699     3.0197      3.000     3.0197    23.8705     6.6320     9.4778     86.367    289.280    296.185    0.00603    7.67886   10.97386  334.94260     3.0196   17.14907 4.1355e-02     0.2988    24.1884 0.0000e+00
        265  45.706747    0.01831     1.0987     65.921      4.038  49122.481    29.9701     3.0200      4.000     3.0200    23.8706     6.7717     9.6774     88.187    295.373    302.423    0.01458    7.67880   10.97377  334.93989     3.0198   17.14894 3.9018e-02     0.2947    24.1866 0.0000e+00
        268  45.706755    0.01851     1.1105     66.629      5.047  49124.405    29.9710     3.0205      5.000     3.0208    23.8713     6.8828     9.8361     89.635    300.216    307.383    0.01993    7.67867   10.97358  334.93405     3.0202   17.14866 3.8234e-02     0.2979    24.1870 0.0000e+00
        271  45.706764    0.01873     1.1238     67.427      6.057  49126.649    29.9723     3.0216      6.000     3.0221    23.8722     6.9460     9.9265     90.462    302.976    310.209    0.02061    7.67838   10.97317  334.92101     3.0213   17.14804 3.8023e-02     0.3061    24.1883 0.0000e+00
        274  45.706775    0.01897     1.1383     68.300      7.066  49126.754    29.9723     3.0231      7.000     3.0229    23.8720     6.9616     9.9489     90.669    303.658    310.907    0.01735    7.67811   10.97279  334.90941     3.0226   17.14749 3.7982e-02     0.3182    24.1880 0.0000e+00
        278  45.706784    0.01921     1.1522     69.132      8.076  49126.384    29.9716     3.0234      8.000     3.0227    23.8715     6.9560     9.9408     90.595    303.410    310.653    0.01328    7.67806   10.97271  334.90742     3.0230   17.14738 3.7977e-02     0.3323    24.1869 0.0000e+00
        280  45.706792    0.01940     1.1641     69.846      9.085  49126.491    29.9710     3.0228      9.000     3.0222    23.8711     6.9523     9.9356     90.547    303.254    310.493    0.01054    7.67819   10.97292  334.91368     3.0224   17.14769 3.7976e-02     0.3330    24.1850 0.0000e+00
        283  45.706800    0.01958     1.1749     70.495     10.095  49129.543    29.9726     3.0228     10.000     3.0230    23.8723     6.9520     9.9350     90.542    303.235    310.474    0.00875    7.67812   10.97280  334.90988     3.0224   17.14751 3.7976e-02     0.3227    24.1844 0.0000e+00
        286  45.706807    0.01976     1.1857     71.141     11.104  49130.364    29.9729     3.0237     11.000     3.0236    23.8725     6.9539     9.9378     90.570    303.319    310.560    0.00731    7.67794   10.97254  334.90202     3.0232   17.14713 3.7976e-02     0.3112    24.1841 0.0000e+00
        288  45.706815    0.01996     1.1978     71.865     12.114  49131.373    29.9732     3.0244     12.000     3.0243    23.8727     6.9605     9.9473     90.658    303.608    310.856    0.00638    7.67779   10.97234  334.89545     3.0238   17.14681 3.7976e-02     0.3163    24.1845 0.0000e+00
        292  45.706826    0.02020     1.2120     72.719     13.124  49132.979    29.9740     3.0256     13.000     3.0257    23.8733     6.9650     9.9536     90.719    303.801    311.054    0.00533    7.67753   10.97196  334.88379     3.0249   17.14626 3.7976e-02     0.3154    24.1859 0.0000e+00
        295  45.706836    0.02045     1.2269     73.616     14.133  49135.171    29.9754     3.0271     14.000     3.0275    23.8742     6.9667     9.9561     90.746    303.877    311.132    0.00421    7.67716   10.97144  334.86750     3.0264   17.14548 3.7978e-02     0.3038    24.1872 0.0000e+00
        299  45.706845    0.02067     1.2401     74.408     15.142  49137.597    29.9771     3.0292     15.000     3.0300    23.8754     6.9708     9.9619     90.805    304.056    311.316    0.00361    7.67667   10.97073  334.84543     3.0284   17.14443 3.7985e-02     0.2981    24.1855 0.0000e+00
        301  45.706853    0.02086     1.2521     75.124     16.151  49137.426    29.9770     3.0315     16.000     3.0313    23.8752     6.9756     9.9689     90.873    304.268    311.533    0.00324    7.67625   10.97012  334.82704     3.0306   17.14355 3.8009e-02     0.3020    24.1840 0.0000e+00
        304  45.706861    0.02105     1.2630     75.781     17.160  49136.378    29.9760     3.0323     17.000     3.0313    23.8743     6.9804     9.9756     90.936    304.474    311.743    0.00298    7.67613   10.96996  334.82249     3.0314   17.14334 3.8107e-02     0.3108    24.1843 0.0000e+00
        307  45.706868    0.02123     1.2735     76.412     18.171  49136.450    29.9755     3.0322     18.000     3.0310    23.8739     6.9847     9.9818     90.992    304.662    311.936    0.00273    7.67617   10.97001  334.82423     3.0313   17.14343 3.8425e-02     0.3209    24.1854 0.0000e+00
        309  45.706876    0.02140     1.2841     77.048     19.180  49137.155    29.9754     3.0319     19.000     3.0306    23.8739     6.9885     9.9872     91.040    304.827    312.104    0.00248    7.67624   10.97012  334.82756     3.0309   17.14358 3.9700e-02     0.3231    24.1866 0.0000e+00
        312  45.706885    0.02162     1.2969     77.813     20.190  49138.193    29.9756     3.0317     20.000     3.0306    23.8740     6.9900     9.9893     91.059    304.892    312.171    0.00208    7.67628   10.97017  334.82882     3.0306   17.14364 4.2917e-02     0.3202    24.1869 0.0000e+00
        316  45.706896    0.02190     1.3143     78.859     21.200  49138.580    29.9753     3.0315     21.000     3.0303    23.8739     6.9908     9.9905     91.070    304.929    312.208    0.00153    7.67632   10.97023  334.83066     3.0304   17.14373 3.9862e-02     0.3198    24.1869 0.0000e+00
        321  45.706909    0.02220     1.3322     79.934     22.208  49139.020    29.9750     3.0311     22.000     3.0297    23.8736     6.9930     9.9938     91.098    305.027    312.309    0.00122    7.67642   10.97037  334.83499     3.0300   17.14394 3.8125e-02     0.3214    24.1863 0.0000e+00
        324  45.706917    0.02241     1.3444     80.665     23.219  49139.553    29.9747     3.0307     23.000     3.0293    23.8734     6.9945     9.9958     91.116    305.089    312.373    0.00101    7.67649   10.97047  334.83835     3.0295   17.14410 3.8011e-02     0.3257    24.1849 0.0000e+00
        326  45.706925    0.02259     1.3552     81.310     24.228  49139.823    29.9744     3.0306     24.000     3.0290    23.8732     6.9974    10.0000     91.153    305.217    312.504    0.00096    7.67656   10.97057  334.84130     3.0293   17.14424 3.7987e-02     0.3392    24.1850 0.0000e+00
        329  45.706934    0.02281     1.3686     82.118     25.239  49140.052    29.9739     3.0303     25.000     3.0288    23.8729     7.0038    10.0091     91.235    305.498    312.791    0.00109    7.67665   10.97070  334.84527     3.0288   17.14443 3.7974e-02     0.3404    24.1855 0.0000e+00
