CTD-processing/allCTD/CNV/2016_07-27_t9_s01_cast010_5028.cnv
* Sea-Bird SBE19plus Data File:
* FileName = C:\Users\Kris.Holderied\Documents\kasitsna\Research-KBL\Oceanography-AK\CTD-Data-ALL-to-2016-05\2016-CTD-KachemakBay-CookInlet\2016-07-27-CookInlet-HomerSpit-monthly\2016-07-27-CookInlet-Tran9-cast010.hex
* Software Version 1.59
* Temperature SN =  5028
* Conductivity SN =  5028
* System UpLoad Time = Jul 27 2016 20:09:33
** Cook Inlet LTM Tran9 Homer Spit monthly
** Date (YYYY-MM-DD): 2016-07-27
** Station (eg. 9-01):  9-01
** Start time (AKDT): 11:56
** Depth (m): 63.1
** Comment:  R/V Edgecumbe.  Part of all-bay survey with T4 and along-bay stations (1-9).
** Comment:
# nquan = 27
# nvalues = 59                          
# units = specified
# name 0 = scan: Scan Count
# name 1 = timeJ: Julian Days
# name 2 = timeH: Time, Elapsed [hours]
# name 3 = timeM: Time, Elapsed [minutes]
# name 4 = timeS: Time, Elapsed [seconds]
# name 5 = prdM: Pressure, Strain Gauge [db]
# name 6 = specc: Specific Conductance [uS/cm]
# name 7 = sal00: Salinity, Practical [PSU]
# name 8 = tv290C: Temperature [ITS-90, deg C]
# name 9 = depSM: Depth [salt water, m], lat = 59.00
# name 10 = potemp090C: Potential Temperature [ITS-90, deg C]
# name 11 = sigma-é00: Density [sigma-theta, kg/m^3]
# name 12 = sbeox0ML/L: Oxygen, SBE 43 [ml/l]
# name 13 = sbeox0Mg/L: Oxygen, SBE 43 [mg/l]
# name 14 = sbeox0PS: Oxygen, SBE 43 [% saturation]
# name 15 = sbox0Mm/Kg: Oxygen, SBE 43 [umol/kg]
# name 16 = sbeox0Mm/L: Oxygen, SBE 43 [umol/l]
# name 17 = sbox0dV/dT: Oxygen, SBE 43 [dov/dt]
# name 18 = oxsolML/L: Oxygen Saturation, Garcia & Gordon [ml/l]
# name 19 = oxsolMg/L: Oxygen Saturation, Garcia & Gordon [mg/l]
# name 20 = oxsolMm/Kg: Oxygen Saturation, Garcia & Gordon [umol/kg]
# name 21 = potemp090C: Potential Temperature [ITS-90, deg C]
# name 22 = n2satMg/L: Nitrogen Saturation [mg/l]
# name 23 = par: PAR/Irradiance, Biospherical/Licor
# name 24 = flECO-AFL: Fluorescence, WET Labs ECO-AFL/FL [mg/m^3]
# name 25 = turbWETntu0: Turbidity, WET Labs ECO [NTU]
# name 26 = flag: flag
# span 0 =        194,        539       
# span 1 = 209.498486, 209.499486       
# span 2 =    0.01339,    0.03739       
# span 3 =     0.8034,     2.2434       
# span 4 =     48.202,    134.602       
# span 5 =      1.009,     59.565       
# span 6 =  44716.710,  49693.667       
# span 7 =    28.3009,    31.5674       
# span 8 =     9.3239,    11.1383       
# span 9 =      1.000,     59.000       
# span 10 =     9.3229,    11.1125      
# span 11 =    21.5415,    24.3371      
# span 12 =     5.6312,     6.1617      
# span 13 =     8.0476,     8.8057      
# span 14 =     85.893,     95.831      
# span 15 =    245.531,    269.115      
# span 16 =    251.491,    275.182      
# span 17 =   -0.02610,    0.00632      
# span 18 =    6.42976,    6.56470      
# span 19 =    9.18877,    9.38162      
# span 20 =  280.82205,  286.26739      
# span 21 =     9.3228,    11.1382      
# span 22 =   14.57181,   14.82518      
# span 23 = 6.2082e-02, 8.7552e+01      
# span 24 =     0.0959,     1.1965      
# span 25 =     0.5869,     2.3033      
# span 26 = 0.0000e+00, 0.0000e+00      
# interval = meters: 1                  
# start_time = Jul 27 2016 11:57:01 [Instrument's time stamp, header]
# bad_flag = -9.990e-29
*END*
        194 209.498486    0.01339     0.8034     48.202      1.009  44716.710    28.3009    11.1383      1.000    11.1125    21.5415     5.6964     8.1407     88.573    249.026    254.400    0.00456    6.43161    9.19141  281.19394    11.1382   14.59458 8.7552e+01     1.1965     2.3033 0.0000e+00
        304 209.498805    0.02105     1.2631     75.783      2.019  46544.631    29.5143    10.7844      2.000    10.7091    22.5441     6.1617     8.8057     95.831    269.115    275.182    0.00363    6.42976    9.18877  280.82205    10.7841   14.57181 5.0176e+01     1.1781     0.7891 0.0000e+00
        308 209.498818    0.02135     1.2811     76.867      3.028  47173.221    29.9341    10.5891      3.000    10.4545    22.9031     6.1472     8.7849     95.457    268.387    274.534    0.00031    6.43984    9.20318  281.16377    10.5888   14.58646 3.7431e+01     1.1777     0.7498 0.0000e+00
        313 209.498831    0.02167     1.3003     78.016      4.038  47755.556    30.3042    10.2522      4.000    10.1130    23.2468     6.0850     8.6961     94.025    265.583    271.757   -0.00818    6.47199    9.24913  282.47257    10.2518   14.64759 3.0423e+01     1.0528     0.7482 0.0000e+00
        319 209.498847    0.02205     1.3230     79.383      5.047  48249.484    30.6134     9.9389      5.000     9.8350    23.5388     5.9513     8.5050     91.511    259.672    265.784   -0.01987    6.50358    9.29428  283.77048     9.9383   14.70842 2.5934e+01     0.7110     0.7329 0.0000e+00
        324 209.498864    0.02244     1.3465     80.790      6.057  48846.273    30.9922     9.6194      6.000     9.5244    23.8853     5.8308     8.3328     89.247    254.329    260.403   -0.02526    6.53354    9.33709  284.98107     9.6188   14.76478 2.2381e+01     0.4528     0.7087 0.0000e+00
        330 209.498881    0.02287     1.3721     82.328      7.067  49174.042    31.1963     9.4204      7.000     9.3992    24.0762     5.7197     8.1740     87.276    249.435    255.441   -0.02610    6.55365    9.36582  285.80492     9.4196   14.80335 1.9341e+01     0.2424     0.6966 0.0000e+00
        337 209.498899    0.02330     1.3984     83.905      8.076  49229.762    31.2291     9.3756      8.000     9.3650    24.1089     5.6656     8.0966     86.381    247.066    253.022   -0.02034    6.55876    9.37312  286.01856     9.3747   14.81343 1.6644e+01     0.1684     0.7416 0.0000e+00
        343 209.498917    0.02373     1.4240     85.439      9.085  49262.169    31.2467     9.3404      9.000     9.3300    24.1282     5.6703     8.1034     86.396    247.270    253.236   -0.01209    6.56312    9.37936  286.20345     9.3394   14.82220 1.4182e+01     0.1605     0.7319 0.0000e+00
        349 209.498934    0.02416     1.4491     86.948     10.095  49293.389    31.2660     9.3239     10.000     9.3230    24.1459     5.6642     8.0947     86.283    247.000    252.963   -0.00780    6.56470    9.38162  286.26739     9.3228   14.82518 1.1964e+01     0.1363     0.7032 0.0000e+00
        353 209.498947    0.02445     1.4672     88.030     11.104  49297.618    31.2686     9.3240     11.000     9.3229    24.1478     5.6588     8.0870     86.202    246.764    252.722   -0.00592    6.56457    9.38142  286.26101     9.3229   14.82487 1.0031e+01     0.1321     0.6967 0.0000e+00
        357 209.498958    0.02471     1.4827     88.961     12.114  49305.051    31.2735     9.3245     12.000     9.3244    24.1516     5.6539     8.0800     86.131    246.549    252.503   -0.00473    6.56430    9.38104  286.24824     9.3232   14.82424 8.4019e+00     0.1343     0.6906 0.0000e+00
        361 209.498969    0.02497     1.4980     89.877     13.123  49314.458    31.2800     9.3275     13.000     9.3277    24.1563     5.6468     8.0698     86.032    246.239    252.187   -0.00413    6.56359    9.38002  286.21584     9.3261   14.82266 7.0398e+00     0.1383     0.6824 0.0000e+00
        364 209.498980    0.02524     1.5141     90.844     14.133  49323.081    31.2859     9.3289     14.000     9.3265    24.1606     5.6425     8.0637     85.974    246.053    251.997   -0.00342    6.56313    9.37937  286.19472     9.3274   14.82163 5.8896e+00     0.1322     0.6754 0.0000e+00
        369 209.498992    0.02552     1.5313     91.880     15.142  49333.553    31.2926     9.3277     15.000     9.3267    24.1661     5.6385     8.0580     85.914    245.875    251.818   -0.00279    6.56301    9.37919  286.18792     9.3261   14.82128 4.9144e+00     0.1200     0.6653 0.0000e+00
        373 209.499006    0.02585     1.5511     93.065     16.152  49342.328    31.2987     9.3296     16.000     9.3290    24.1705     5.6368     8.0555     85.893    245.796    251.738   -0.00211    6.56248    9.37844  286.16363     9.3279   14.82009 4.0953e+00     0.1327     0.6617 0.0000e+00
        378 209.499018    0.02617     1.5700     94.202     17.161  49352.681    31.3059     9.3328     17.000     9.3331    24.1758     5.6410     8.0617     85.969    245.983    251.930   -0.00103    6.56172    9.37736  286.12909     9.3310   14.81841 3.4140e+00     0.1413     0.6744 0.0000e+00
        382 209.499031    0.02647     1.5880     95.280     18.170  49367.184    31.3164     9.3381     18.000     9.3392    24.1832     5.6402     8.0604     85.973    245.945    251.893   -0.00073    6.56050    9.37562  286.07395     9.3362   14.81574 2.8414e+00     0.1328     0.7086 0.0000e+00
        386 209.499043    0.02676     1.6054     96.322     19.180  49389.008    31.3322     9.3449     19.000     9.3479    24.1945     5.6368     8.0555     85.942    245.792    251.739   -0.00073    6.55885    9.37325  285.99854     9.3429   14.81206 2.3596e+00     0.1374     0.7075 0.0000e+00
        390 209.499055    0.02703     1.6222     97.332     20.190  49455.766    31.3810     9.3612     20.000     9.3822    24.2300     5.6321     8.0489     85.929    245.580    251.531   -0.00072    6.55442    9.36693  285.79577     9.3591   14.80217 1.9597e+00     0.1293     0.6841 0.0000e+00
        394 209.499066    0.02731     1.6387     98.323     21.199  49538.836    31.4466     9.4166     21.000     9.4497    24.2726     5.6312     8.0476     86.057    245.531    251.491    0.00013    6.54363    9.35151  285.31347     9.4144   14.77884 1.6344e+00     0.1177     0.6722 0.0000e+00
        398 209.499078    0.02759     1.6553     99.317     22.209  49577.985    31.4831     9.4856     22.000     9.5100    24.2902     5.6474     8.0707     86.457    246.234    252.215    0.00228    6.53215    9.33509  284.80766     9.4832   14.75451 1.3755e+00     0.0959     0.6385 0.0000e+00
        402 209.499089    0.02786     1.6715    100.289     23.218  49563.076    31.4782     9.5305     23.000     9.5345    24.2793     5.6807     8.1183     87.049    247.687    253.701    0.00530    6.52588    9.32613  284.53727     9.5280   14.74161 1.1626e+00     0.0970     0.5997 0.0000e+00
        406 209.499099    0.02810     1.6861    101.168     24.228  49552.237    31.4712     9.5382     24.000     9.5346    24.2726     5.7038     8.1512     87.413    248.693    254.729    0.00632    6.52506    9.32497  284.50367     9.5356   14.74002 9.8802e-01     0.1070     0.5869 0.0000e+00
        409 209.499109    0.02832     1.6994    101.967     25.237  49546.477    31.4663     9.5355     25.000     9.5296    24.2693     5.7147     8.1668     87.572    249.169    255.217    0.00579    6.52566    9.32581  284.53033     9.5329   14.74132 8.4138e-01     0.1083     0.5926 0.0000e+00
        412 209.499117    0.02854     1.7124    102.743     26.247  49542.035    31.4620     9.5302     26.000     9.5224    24.2668     5.7178     8.1713     87.607    249.306    255.356    0.00470    6.52659    9.32714  284.57177     9.5274   14.74332 7.1596e-01     0.1063     0.6086 0.0000e+00
        415 209.499127    0.02876     1.7259    103.551     27.257  49546.506    31.4637     9.5224     27.000     9.5181    24.2693     5.7126     8.1640     87.515    249.083    255.127    0.00295    6.52764    9.32866  284.61732     9.5195   14.74549 6.0834e-01     0.1018     0.6418 0.0000e+00
        419 209.499137    0.02900     1.7397    104.380     28.266  49560.570    31.4733     9.5232     28.000     9.5240    24.2767     5.7056     8.1538     87.413    248.771    254.810    0.00146    6.52713    9.32792  284.59253     9.5202   14.74426 5.1891e-01     0.1067     0.7082 0.0000e+00
        422 209.499146    0.02923     1.7537    105.224     29.276  49565.553    31.4772     9.5298     29.000     9.5307    24.2788     5.7015     8.1479     87.366    248.592    254.628    0.00068    6.52601    9.32632  284.54320     9.5267   14.74189 4.4363e-01     0.1133     0.6804 0.0000e+00
        425 209.499156    0.02947     1.7685    106.110     30.285  49575.531    31.4849     9.5376     30.000     9.5406    24.2835     5.7037     8.1512     87.419    248.689    254.728    0.00066    6.52457    9.32427  284.47936     9.5344   14.73881 3.8092e-01     0.1058     0.6231 0.0000e+00
        429 209.499167    0.02972     1.7835    107.007     31.295  49590.322    31.4965     9.5499     31.000     9.5538    24.2907     5.7116     8.1624     87.570    249.029    255.078    0.00133    6.52231    9.32103  284.37854     9.5466   14.73394 3.2793e-01     0.0993     0.6074 0.0000e+00
        433 209.499177    0.02997     1.7984    107.903     32.305  49594.880    31.5008     9.5610     32.000     9.5592    24.2923     5.7201     8.1745     87.724    249.400    255.458    0.00190    6.52054    9.31851  284.30125     9.5575   14.73022 2.8409e-01     0.1041     0.6087 0.0000e+00
        436 209.499188    0.03022     1.8133    108.799     33.313  49599.839    31.5040     9.5626     33.000     9.5596    24.2946     5.7252     8.1818     87.807    249.623    255.688    0.00192    6.52017    9.31798  284.28449     9.5590   14.72941 2.4658e-01     0.0994     0.6085 0.0000e+00
        440 209.499198    0.03047     1.8279    109.673     34.324  49642.329    31.5341     9.5670     34.000     9.5713    24.3174     5.7258     8.1827     87.842    249.644    255.714    0.00155    6.51828    9.31527  284.19543     9.5633   14.72504 2.1479e-01     0.1036     0.6430 0.0000e+00
        443 209.499207    0.03070     1.8423    110.540     35.333  49675.789    31.5593     9.5817     35.000     9.5853    24.3347     5.7274     8.1851     87.910    249.711    255.787    0.00146    6.51510    9.31074  284.05244     9.5780   14.71809 1.8718e-01     0.1165     0.6803 0.0000e+00
        447 209.499218    0.03094     1.8566    111.399     36.343  49681.799    31.5647     9.5939     36.000     9.5968    24.3371     5.7340     8.1945     88.038    249.996    256.080    0.00178    6.51313    9.30792  283.96577     9.5900   14.71392 1.6416e-01     0.1222     0.7216 0.0000e+00
        450 209.499228    0.03119     1.8713    112.277     37.353  49678.850    31.5637     9.6054     37.000     9.6048    24.3344     5.7435     8.2079     88.205    250.410    256.503    0.00227    6.51153    9.30563  283.89642     9.6014   14.71061 1.4537e-01     0.1286     0.7177 0.0000e+00
        454 209.499239    0.03145     1.8870    113.219     38.363  49674.448    31.5608     9.6102     38.000     9.6062    24.3315     5.7551     8.2246     88.391    250.917    257.022    0.00273    6.51097    9.30482  283.87279     9.6060   14.70949 1.3037e-01     0.1306     0.6894 0.0000e+00
        458 209.499251    0.03175     1.9049    114.292     39.372  49675.293    31.5610     9.6100     39.000     9.6056    24.3316     5.7636     8.2367     88.520    251.287    257.401    0.00267    6.51098    9.30485  283.87353     9.6057   14.70953 1.1815e-01     0.1145     0.6822 0.0000e+00
        463 209.499264    0.03206     1.9238    115.430     40.382  49676.772    31.5616     9.6103     40.000     9.6063    24.3321     5.7631     8.2360     88.514    251.265    257.379    0.00174    6.51091    9.30474  283.87002     9.6060   14.70936 1.0812e-01     0.1123     0.6874 0.0000e+00
        468 209.499278    0.03240     1.9439    116.635     41.391  49677.212    31.5616     9.6108     41.000     9.6065    24.3320     5.7616     8.2339     88.492    251.200    257.312    0.00093    6.51085    9.30465  283.86737     9.6063   14.70923 9.9856e-02     0.1103     0.6836 0.0000e+00
        472 209.499292    0.03274     1.9645    117.868     42.401  49678.399    31.5620     9.6114     42.000     9.6072    24.3323     5.7637     8.2369     88.526    251.293    257.408    0.00072    6.51074    9.30450  283.86246     9.6069   14.70899 9.2889e-02     0.1035     0.6731 0.0000e+00
        477 209.499307    0.03309     1.9853    119.118     43.411  49679.024    31.5621     9.6118     43.000     9.6068    24.3323     5.7662     8.2405     88.566    251.402    257.519    0.00065    6.51069    9.30442  283.86011     9.6071   14.70888 8.7333e-02     0.1165     0.6878 0.0000e+00
        482 209.499320    0.03341     2.0048    120.288     44.420  49680.603    31.5627     9.6111     44.000     9.6060    24.3328     5.7608     8.2327     88.481    251.165    257.277   -0.00008    6.51075    9.30452  283.86298     9.6064   14.70902 8.2865e-02     0.1329     0.7214 0.0000e+00
        487 209.499333    0.03372     2.0231    121.384     45.430  49682.198    31.5633     9.6106     45.000     9.6058    24.3335     5.7589     8.2300     88.451    251.082    257.192   -0.00040    6.51080    9.30458  283.86466     9.6058   14.70910 7.9048e-02     0.1375     0.7120 0.0000e+00
        491 209.499346    0.03403     2.0418    122.507     46.439  49683.059    31.5635     9.6109     46.000     9.6060    24.3336     5.7648     8.2384     88.542    251.339    257.454    0.00020    6.51075    9.30451  283.86266     9.6059   14.70900 7.5983e-02     0.1283     0.6872 0.0000e+00
        496 209.499360    0.03436     2.0614    123.686     47.449  49684.118    31.5638     9.6109     47.000     9.6058    24.3338     5.7697     8.2454     88.618    251.551    257.672    0.00051    6.51073    9.30448  283.86173     9.6059   14.70895 7.3480e-02     0.1335     0.7123 0.0000e+00
        500 209.499373    0.03467     2.0805    124.832     48.458  49685.481    31.5644     9.6108     48.000     9.6055    24.3343     5.7723     8.2493     88.659    251.669    257.792    0.00056    6.51073    9.30448  283.86149     9.6057   14.70894 7.1290e-02     0.1291     0.7239 0.0000e+00
        505 209.499386    0.03497     2.0984    125.906     49.468  49687.329    31.5652     9.6106     49.000     9.6052    24.3350     5.7707     8.2469     88.634    251.597    257.719    0.00018    6.51072    9.30447  283.86096     9.6053   14.70891 6.9506e-02     0.1268     0.7221 0.0000e+00
        509 209.499397    0.03526     2.1155    126.928     50.478  49688.819    31.5659     9.6106     50.000     9.6052    24.3355     5.7689     8.2444     88.607    251.521    257.642   -0.00012    6.51069    9.30442  283.85944     9.6052   14.70884 6.8084e-02     0.1122     0.7377 0.0000e+00
        513 209.499409    0.03554     2.1325    127.950     51.488  49689.878    31.5662     9.6107     51.000     9.6050    24.3357     5.7679     8.2430     88.592    251.477    257.596   -0.00025    6.51067    9.30440  283.85864     9.6051   14.70880 6.6851e-02     0.1036     0.7196 0.0000e+00
        517 209.499420    0.03581     2.1488    128.928     52.498  49691.101    31.5666     9.6104     52.000     9.6046    24.3361     5.7653     8.2393     88.552    251.363    257.480   -0.00046    6.51069    9.30443  283.85928     9.6048   14.70883 6.5829e-02     0.1105     0.7189 0.0000e+00
        520 209.499431    0.03606     2.1635    129.808     53.507  49692.531    31.5671     9.6102     53.000     9.6043    24.3366     5.7627     8.2356     88.512    251.250    257.364   -0.00069    6.51069    9.30443  283.85948     9.6045   14.70883 6.4952e-02     0.1177     0.7204 0.0000e+00
