CTD-processing/allCTD/CNV/2016_02-14_t3_s15_cast098_5028.cnv
* Sea-Bird SBE19plus Data File:
* FileName = C:\Users\Kris.Holderied\Documents\kasitsna\Research-KBL\Oceanography-AK\CTD-Data-ALL-to-2016-02\2016-CTD-KachemakBay-CookInlet\2016-02-CookInlet-quarterly\2016-02-14-CookInlet-Tran3-AnchorPt\2016-02-14-CookInlet-Tran3-cast098.hex
* Software Version 1.59
* Temperature SN =  5028
* Conductivity SN =  5028
* System UpLoad Time = Feb 15 2016 00:29:56
** Cook Inlet LTM Tran3 Anchor Pt Southeast to northwest

** Date: 02-14
** Station: 3-15
** Start time (AKST): 13:40
** Depth (m): 17
** Comment:  R/V Pandalus
** Comment:
# nquan = 27
# nvalues = 17                          
# units = specified
# name 0 = scan: Scan Count
# name 1 = timeJ: Julian Days
# name 2 = timeH: Time, Elapsed [hours]
# name 3 = timeM: Time, Elapsed [minutes]
# name 4 = timeS: Time, Elapsed [seconds]
# name 5 = prdM: Pressure, Strain Gauge [db]
# name 6 = specc: Specific Conductance [uS/cm]
# name 7 = sal00: Salinity, Practical [PSU]
# name 8 = tv290C: Temperature [ITS-90, deg C]
# name 9 = depSM: Depth [salt water, m], lat = 59.00
# name 10 = potemp090C: Potential Temperature [ITS-90, deg C]
# name 11 = sigma-é00: Density [sigma-theta, kg/m^3]
# name 12 = sbeox0ML/L: Oxygen, SBE 43 [ml/l]
# name 13 = sbeox0Mg/L: Oxygen, SBE 43 [mg/l]
# name 14 = sbeox0PS: Oxygen, SBE 43 [% saturation]
# name 15 = sbox0Mm/Kg: Oxygen, SBE 43 [umol/kg]
# name 16 = sbeox0Mm/L: Oxygen, SBE 43 [umol/l]
# name 17 = sbox0dV/dT: Oxygen, SBE 43 [dov/dt]
# name 18 = oxsolML/L: Oxygen Saturation, Garcia & Gordon [ml/l]
# name 19 = oxsolMg/L: Oxygen Saturation, Garcia & Gordon [mg/l]
# name 20 = oxsolMm/Kg: Oxygen Saturation, Garcia & Gordon [umol/kg]
# name 21 = potemp090C: Potential Temperature [ITS-90, deg C]
# name 22 = n2satMg/L: Nitrogen Saturation [mg/l]
# name 23 = par: PAR/Irradiance, Biospherical/Licor
# name 24 = flECO-AFL: Fluorescence, WET Labs ECO-AFL/FL [mg/m^3]
# name 25 = turbWETntu0: Turbidity, WET Labs ECO [NTU]
# name 26 = flag: flag
# span 0 =        162,        296       
# span 1 =  45.570593,  45.570982       
# span 2 =    0.01119,    0.02050       
# span 3 =     0.6711,     1.2300       
# span 4 =     40.268,     73.802       
# span 5 =      1.009,     17.161       
# span 6 =  49894.090,  50034.170       
# span 7 =    31.0082,    31.1014       
# span 8 =     5.2735,     5.3072       
# span 9 =      1.000,     17.000       
# span 10 =     5.2744,     5.3062      
# span 11 =    24.4825,    24.5529      
# span 12 =     5.4441,     6.3313      
# span 13 =     7.7802,     9.0480      
# span 14 =     75.530,     87.845      
# span 15 =    237.308,    275.978      
# span 16 =    243.133,    282.754      
# span 17 =   -0.00427,    0.04198      
# span 18 =    7.20717,    7.21760      
# span 19 =   10.29975,   10.31467      
# span 20 =  314.15863,  314.63712      
# span 21 =     5.2734,     5.3062      
# span 22 =   16.15637,   16.17952      
# span 23 = 2.5367e-01, 2.9213e+01      
# span 24 =     0.2553,     0.2896      
# span 25 =     1.6116,     1.8090      
# span 26 = 0.0000e+00, 0.0000e+00      
# interval = meters: 1                  
# start_time = Feb 14 2016 13:40:59 [Instrument's time stamp, header]
# bad_flag = -9.990e-29
*END*
        162  45.570593    0.01119     0.6711     40.268      1.009  49894.090    31.0082     5.2735      1.000     5.2744    24.4825     5.5929     7.9929     77.489    243.815    249.781   -0.00338    7.21760   10.31467  314.63712     5.2734   16.17952 2.9213e+01     0.2896     1.7129 0.0000e+00
        265  45.570891    0.01832     1.0992     65.954      2.019  50015.937    31.0943     5.3045      2.000     5.3036    24.5472     5.4441     7.7802     75.530    237.308    243.133   -0.00427    7.20791   10.30082  314.19250     5.3043   16.15800 2.0592e+01     0.2749     1.6292 0.0000e+00
        261  45.570880    0.01807     1.0839     65.034      3.028  50015.787    31.0934     5.3015      3.000     5.3007    24.5468     5.5348     7.9098     76.782    241.262    247.184    0.00174    7.20848   10.30164  314.21790     5.3013   16.15922 1.5197e+01     0.2870     1.6250 0.0000e+00
        263  45.570886    0.01822     1.0931     65.589      4.037  50020.364    31.0959     5.3009      4.000     5.3007    24.5489     5.6724     8.1064     78.691    247.258    253.328    0.01140    7.20846   10.30160  314.21603     5.3007   16.15912 1.1019e+01     0.2856     1.6316 0.0000e+00
        265  45.570892    0.01836     1.1018     66.107      5.047  50023.461    31.0975     5.3011      5.000     5.3011    24.5502     5.8403     8.3463     81.021    254.576    260.826    0.02280    7.20835   10.30146  314.21116     5.3007   16.15888 7.8532e+00     0.2812     1.6368 0.0000e+00
        267  45.570898    0.01850     1.1104     66.623      6.056  50025.884    31.0988     5.3015      6.000     5.3017    24.5511     6.0113     8.5908     83.395    262.032    268.465    0.03359    7.20822   10.30127  314.20483     5.3011   16.15858 5.6475e+00     0.2813     1.6225 0.0000e+00
        270  45.570905    0.01866     1.1197     67.180      7.066  50027.910    31.0999     5.3023      7.000     5.3027    24.5519     6.1595     8.8026     85.454    268.492    275.083    0.04119    7.20803   10.30099  314.19629     5.3018   16.15816 4.1224e+00     0.2815     1.6116 0.0000e+00
        272  45.570912    0.01884     1.1301     67.808      8.076  50030.028    31.1011     5.3035      8.000     5.3039    24.5527     6.2475     8.9282     86.677    272.325    279.011    0.04198    7.20777   10.30062  314.18471     5.3029   16.15761 3.1029e+00     0.2730     1.6469 0.0000e+00
        275  45.570920    0.01902     1.1411     68.463      9.086  50030.866    31.1014     5.3048      9.000     5.3048    24.5529     6.2765     8.9697     87.082    273.589    280.305    0.03713    7.20753   10.30028  314.17423     5.3041   16.15710 2.3809e+00     0.2695     1.6572 0.0000e+00
        277  45.570927    0.01919     1.1514     69.084     10.095  50031.150    31.1013     5.3056     10.000     5.3053    24.5527     6.2858     8.9831     87.214    273.997    280.724    0.03152    7.20739   10.30008  314.16820     5.3049   16.15682 1.8077e+00     0.2692     1.6436 0.0000e+00
        280  45.570934    0.01936     1.1611     69.665     11.104  50031.607    31.1013     5.3062     11.000     5.3057    24.5526     6.2947     8.9958     87.339    274.387    281.124    0.02693    7.20730   10.29995  314.16428     5.3053   16.15663 1.3624e+00     0.2626     1.6439 0.0000e+00
        282  45.570940    0.01951     1.1706     70.238     12.114  50031.881    31.1012     5.3067     12.000     5.3061    24.5524     6.3063     9.0123     87.500    274.889    281.638    0.02355    7.20722   10.29984  314.16088     5.3058   16.15647 1.0409e+00     0.2589     1.6730 0.0000e+00
        284  45.570947    0.01967     1.1807     70.839     13.123  50031.983    31.1008     5.3071     13.000     5.3062    24.5521     6.3177     9.0286     87.659    275.388    282.149    0.02054    7.20717   10.29975  314.15863     5.3061   16.15637 7.9330e-01     0.2625     1.7394 0.0000e+00
        287  45.570955    0.01986     1.1916     71.497     14.133  50032.090    31.1004     5.3072     14.000     5.3060    24.5518     6.3247     9.0386     87.755    275.691    282.460    0.01739    7.20717   10.29976  314.15884     5.3062   16.15638 6.0446e-01     0.2699     1.7897 0.0000e+00
        290  45.570963    0.02006     1.2034     72.201     15.142  50032.622    31.1002     5.3070     15.000     5.3057    24.5517     6.3273     9.0422     87.791    275.803    282.574    0.01425    7.20720   10.29981  314.16042     5.3059   16.15645 4.5612e-01     0.2733     1.8090 0.0000e+00
        293  45.570971    0.02026     1.2156     72.939     16.152  50033.369    31.1002     5.3068     16.000     5.3055    24.5517     6.3281     9.0435     87.802    275.841    282.613    0.01143    7.20724   10.29987  314.16227     5.3056   16.15654 3.3973e-01     0.2612     1.7975 0.0000e+00
        296  45.570982    0.02050     1.2300     73.802     17.161  50034.170    31.1002     5.3066     17.000     5.3053    24.5518     6.3313     9.0480     87.845    275.978    282.754    0.00913    7.20727   10.29991  314.16339     5.3054   16.15660 2.5367e-01     0.2553     1.7945 0.0000e+00
