CTD-processing/allCTD/CNV/2016_05-12_alongbay_9-06(2)_cast244_5028.cnv
* Sea-Bird SBE19plus Data File:
* FileName = C:\Users\Kris.Holderied\Documents\kasitsna\Research-KBL\Oceanography-AK\CTD-Data-ALL-to-2016-05\2016-CTD-KachemakBay-CookInlet\2016-05-12-CookInlet-AlongBay\2016-05-12-CookInlet-AlongBay-cast244.hex
* Software Version 1.59
* Temperature SN =  5028
* Conductivity SN =  5028
* System UpLoad Time = May 16 2016 17:22:16
** Cook Inlet Along-bay Tran7 to Homer Spit SW to NE
** Date (YYYY-MM-DD): 2016-05-12
** Station (ie. 9-01):  9-06(2)
** Start time (AKST): 20:00
** Depth (m): 102
** Comment:  R/V Edgecumbe.  Along-bay line from south of Tran7 to station 9-6.
** Comment:
# nquan = 27
# nvalues = 90                          
# units = specified
# name 0 = scan: Scan Count
# name 1 = timeJ: Julian Days
# name 2 = timeH: Time, Elapsed [hours]
# name 3 = timeM: Time, Elapsed [minutes]
# name 4 = timeS: Time, Elapsed [seconds]
# name 5 = prdM: Pressure, Strain Gauge [db]
# name 6 = specc: Specific Conductance [uS/cm]
# name 7 = sal00: Salinity, Practical [PSU]
# name 8 = tv290C: Temperature [ITS-90, deg C]
# name 9 = depSM: Depth [salt water, m], lat = 59.00
# name 10 = potemp090C: Potential Temperature [ITS-90, deg C]
# name 11 = sigma-é00: Density [sigma-theta, kg/m^3]
# name 12 = sbeox0ML/L: Oxygen, SBE 43 [ml/l]
# name 13 = sbeox0Mg/L: Oxygen, SBE 43 [mg/l]
# name 14 = sbeox0PS: Oxygen, SBE 43 [% saturation]
# name 15 = sbox0Mm/Kg: Oxygen, SBE 43 [umol/kg]
# name 16 = sbeox0Mm/L: Oxygen, SBE 43 [umol/l]
# name 17 = sbox0dV/dT: Oxygen, SBE 43 [dov/dt]
# name 18 = oxsolML/L: Oxygen Saturation, Garcia & Gordon [ml/l]
# name 19 = oxsolMg/L: Oxygen Saturation, Garcia & Gordon [mg/l]
# name 20 = oxsolMm/Kg: Oxygen Saturation, Garcia & Gordon [umol/kg]
# name 21 = potemp090C: Potential Temperature [ITS-90, deg C]
# name 22 = n2satMg/L: Nitrogen Saturation [mg/l]
# name 23 = par: PAR/Irradiance, Biospherical/Licor
# name 24 = flECO-AFL: Fluorescence, WET Labs ECO-AFL/FL [mg/m^3]
# name 25 = turbWETntu0: Turbidity, WET Labs ECO [NTU]
# name 26 = flag: flag
# span 0 =        149,        616       
# span 1 = 133.833947, 133.835298       
# span 2 =    0.01028,    0.04271       
# span 3 =     0.6167,     2.5629       
# span 4 =     37.000,    153.774       
# span 5 =      1.009,     90.870       
# span 6 =  44873.816,  50074.409       
# span 7 =    28.2828,    31.3549       
# span 8 =     6.6542,     8.7393       
# span 9 =      1.000,     90.000       
# span 10 =     6.6465,     8.6287      
# span 11 =    21.9076,    24.5932      
# span 12 =     6.4468,     8.2284      
# span 13 =     9.2131,    11.7592      
# span 14 =     92.487,    122.579      
# span 15 =    281.004,    358.904      
# span 16 =    287.915,    367.479      
# span 17 =   -0.03504,    0.05167      
# span 18 =    6.70916,    6.97055      
# span 19 =    9.58806,    9.96161      
# span 20 =  292.60766,  303.83243      
# span 21 =     6.6465,     8.7393      
# span 22 =   15.12978,   15.66340      
# span 23 = 4.6975e-02, 2.4943e+02      
# span 24 =     0.1522,     3.6747      
# span 25 =     0.5614,     1.5911      
# span 26 = 0.0000e+00, 0.0000e+00      
# interval = meters: 1                  
# start_time = May 12 2016 20:00:16 [Instrument's time stamp, header]
# bad_flag = -9.990e-29
*END*
        149 133.833947    0.01028     0.6167     37.000      1.009  44873.816    28.2828     8.7393      1.000     8.6287    21.9076     7.0342    10.0526    103.841    307.397    314.149    0.03126    6.78603    9.69792  296.65422     8.7393   15.33402 2.4943e+02     2.1527     1.2894 0.0000e+00
        288 133.834350    0.01996     1.1976     71.853      2.018  48908.011    30.8453     8.4642      2.000     8.4539    23.9448     8.2284    11.7592    122.579    358.904    367.479    0.05167    6.70916    9.58806  292.60766     8.4640   15.12978 1.1160e+02     3.6322     1.5283 0.0000e+00
        272 133.834302    0.01880     1.1277     67.663      3.028  48273.766    30.4273     8.4183      3.000     8.3028    23.6254     8.0499    11.5041    119.518    351.211    359.508    0.03285    6.73545    9.62562  293.86237     8.4180   15.19148 6.5074e+01     3.6747     1.5323 0.0000e+00
        275 133.834311    0.01902     1.1410     68.458      4.038  48326.374    30.4314     8.2013      4.000     8.0063    23.6595     8.0150    11.4542    118.426    349.678    357.951    0.01911    6.76847    9.67282  295.29342     8.2009   15.25979 3.8793e+01     3.5161     1.5138 0.0000e+00
        278 133.834320    0.01924     1.1539     69.234      5.047  48549.768    30.5414     7.9024      5.000     7.7383    23.7877     7.9126    11.3079    116.209    345.167    353.377    0.00170    6.80966    9.73168  297.05299     7.9019   15.34333 2.3669e+01     3.2301     1.4862 0.0000e+00
        281 133.834329    0.01945     1.1670     70.022      6.057  48762.281    30.6503     7.6536      6.000     7.5148    23.9074     7.7519    11.0782    113.284    338.116    346.198   -0.01672    6.84348    9.78002  298.49351     7.6531   15.41163 1.5276e+01     2.9979     1.4633 0.0000e+00
        284 133.834338    0.01968     1.1809     70.857      7.066  48950.669    30.7456     7.4339      7.000     7.3268    24.0122     7.5946    10.8535    110.496    331.222    339.175   -0.02984    6.87369    9.82319  299.78064     7.4333   15.47265 1.0112e+01     2.8387     1.5059 0.0000e+00
        288 133.834348    0.01991     1.1949     71.693      8.076  49094.611    30.8183     7.2688      8.000     7.2008    24.0913     7.4851    10.6970    108.539    326.422    334.286   -0.03504    6.89649    9.85577  300.75170     7.2681   15.51867 6.7009e+00     2.6216     1.5280 0.0000e+00
        291 133.834358    0.02015     1.2087     72.524      9.085  49199.574    30.8739     7.1669      9.000     7.1349    24.1485     7.4070    10.5854    107.192    322.997    330.797   -0.03501    6.91013    9.87526  301.32983     7.1661   15.54602 4.4583e+00     2.4205     1.5152 0.0000e+00
        294 133.834367    0.02038     1.2226     73.353     10.094  49249.962    30.9010     7.1228     10.000     7.1035    24.1756     7.3415    10.4918    106.155    320.133    327.873   -0.03317    6.91592    9.88353  301.57402     7.1220   15.55755 3.0484e+00     2.3354     1.4974 0.0000e+00
        298 133.834377    0.02060     1.2358     74.147     11.104  49281.036    30.9172     7.0940     11.000     7.0718    24.1921     7.2994    10.4315    105.486    318.288    325.988   -0.03002    6.91979    9.88907  301.73795     7.0930   15.56530 2.0919e+00     2.3278     1.5058 0.0000e+00
        301 133.834386    0.02082     1.2491     74.945     12.114  49316.606    30.9355     7.0588     12.000     7.0323    24.2111     7.2787    10.4020    105.114    317.382    325.066   -0.02562    6.92458    9.89591  301.94118     7.0577   15.57492 1.4247e+00     2.2993     1.5409 0.0000e+00
        304 133.834395    0.02105     1.2632     75.793     13.123  49360.256    30.9579     7.0155     13.000     6.9862    24.2344     7.2610    10.3767    104.770    316.605    324.277   -0.02141    6.93048    9.90435  302.19174     7.0144   15.58678 9.7193e-01     2.2146     1.5779 0.0000e+00
        308 133.834406    0.02131     1.2783     76.697     14.132  49419.774    30.9896     6.9625     14.000     6.9340    24.2662     7.2184    10.3159    104.051    314.739    322.376   -0.01999    6.93753    9.91442  302.48950     6.9613   15.60085 6.7573e-01     2.0242     1.5911 0.0000e+00
        312 133.834417    0.02157     1.2942     77.653     15.142  49484.017    31.0264     6.9201     15.000     6.9098    24.3007     7.1454    10.2114    102.920    311.541    319.112   -0.02114    6.94267    9.92176  302.70352     6.9188   15.61090 4.8373e-01     1.7505     1.5732 0.0000e+00
        316 133.834429    0.02185     1.3110     78.661     16.151  49516.573    31.0464     6.9076     16.000     6.9062    24.3180     7.0580    10.0866    101.645    307.725    315.208   -0.02268    6.94375    9.92330  302.74546     6.9063   15.61282 3.5302e-01     1.5289     1.5277 0.0000e+00
        320 133.834441    0.02214     1.3288     79.729     17.161  49536.602    31.0600     6.9084     17.000     6.9062    24.3286     6.9927     9.9933    100.715    304.876    312.293   -0.02170    6.94299    9.92223  302.70970     6.9070   15.61105 2.6501e-01     1.3592     1.4470 0.0000e+00
        324 133.834453    0.02243     1.3460     80.760     18.170  49553.066    31.0702     6.9042     18.000     6.8967    24.3372     6.9592     9.9455    100.231    303.416    310.800   -0.01852    6.94320    9.92253  302.71637     6.9027   15.61133 2.0468e-01     1.2136     1.3621 0.0000e+00
        328 133.834465    0.02270     1.3621     81.724     19.180  49580.884    31.0867     6.8909     19.000     6.8787    24.3519     6.9321     9.9066     99.820    302.227    309.587   -0.01595    6.94459    9.92452  302.77258     6.8893   15.61395 1.6137e-01     1.0897     1.2889 0.0000e+00
        332 133.834475    0.02296     1.3776     82.655     20.190  49611.722    31.1041     6.8709     20.000     6.8589    24.3682     6.9023     9.8640     99.356    300.922    308.256   -0.01454    6.94700    9.92796  302.87253     6.8693   15.61864 1.3182e-01     0.9549     1.2002 0.0000e+00
        335 133.834486    0.02322     1.3930     83.581     21.199  49639.979    31.1202     6.8533     21.000     6.8444    24.3831     6.8685     9.8157     98.840    299.444    306.746   -0.01385    6.94910    9.93096  302.95974     6.8516   15.62274 1.1120e-01     0.8281     1.1449 0.0000e+00
        339 133.834497    0.02347     1.4086     84.514     22.209  49665.479    31.1352     6.8407     22.000     6.8329    24.3966     6.8354     9.7685     98.344    297.999    305.268   -0.01324    6.95046    9.93290  303.01493     6.8387   15.62531 9.5787e-02     0.7527     1.1222 0.0000e+00
        343 133.834507    0.02374     1.4243     85.454     23.218  49692.777    31.1519     6.8304     23.000     6.8246    24.4110     6.8068     9.7275     97.920    296.746    303.989   -0.01233    6.95135    9.93417  303.04941     6.8284   15.62688 8.4683e-02     0.6614     1.0840 0.0000e+00
        346 133.834518    0.02398     1.4390     86.339     24.227  49716.745    31.1671     6.8248     24.000     6.8205    24.4237     6.7840     9.6951     97.590    295.752    302.975   -0.01134    6.95156    9.93447  303.05468     6.8228   15.62707 7.6756e-02     0.5875     1.0362 0.0000e+00
        350 133.834527    0.02422     1.4532     87.190     25.237  49736.658    31.1799     6.8214     25.000     6.8187    24.4342     6.7639     9.6663     97.302    294.873    302.078   -0.01038    6.95152    9.93442  303.04999     6.8192   15.62679 7.0774e-02     0.5399     0.9888 0.0000e+00
        353 133.834537    0.02445     1.4673     88.037     26.247  49757.367    31.1937     6.8212     26.000     6.8201    24.4451     6.7455     9.6400     97.045    294.065    301.254   -0.00952    6.95092    9.93355  303.02057     6.8190   15.62534 6.6091e-02     0.4957     0.9228 0.0000e+00
        357 133.834548    0.02469     1.4817     88.902     27.257  49762.458    31.1970     6.8223     27.000     6.8184    24.4476     6.7287     9.6160     96.808    293.333    300.504   -0.00866    6.95059    9.93309  303.00566     6.8199   15.62461 6.2660e-02     0.4621     0.8566 0.0000e+00
        360 133.834557    0.02494     1.4966     89.793     28.266  49764.836    31.1976     6.8189     28.000     6.8141    24.4485     6.7120     9.5921     96.560    292.603    299.757   -0.00802    6.95111    9.93382  303.02780     6.8165   15.62567 5.9940e-02     0.4419     0.8191 0.0000e+00
        364 133.834569    0.02520     1.5119     90.712     29.276  49769.012    31.1993     6.8152     29.000     6.8116    24.4504     6.6967     9.5703     96.333    291.936    299.075   -0.00739    6.95163    9.93458  303.05024     6.8127   15.62672 5.7738e-02     0.4230     0.8270 0.0000e+00
        368 133.834580    0.02547     1.5278     91.671     30.286  49772.959    31.2013     6.8135     30.000     6.8102    24.4522     6.6845     9.5528     96.155    291.405    298.530   -0.00656    6.95180    9.93482  303.05728     6.8109   15.62706 5.5993e-02     0.4049     0.8450 0.0000e+00
        372 133.834591    0.02573     1.5439     92.632     31.295  49780.906    31.2060     6.8118     31.000     6.8082    24.4561     6.6746     9.5387     96.011    290.971    298.087   -0.00574    6.95187    9.93491  303.05868     6.8092   15.62710 5.4639e-02     0.3997     0.8248 0.0000e+00
        375 133.834602    0.02600     1.5600     93.602     32.304  49794.782    31.2150     6.8107     32.000     6.8083    24.4633     6.6695     9.5314     95.941    290.746    297.858   -0.00475    6.95163    9.93457  303.04632     6.8079   15.62647 5.3521e-02     0.3829     0.7980 0.0000e+00
        379 133.834613    0.02627     1.5761     94.566     33.314  49804.940    31.2217     6.8114     33.000     6.8074    24.4685     6.6621     9.5207     95.840    290.421    297.527   -0.00406    6.95122    9.93398  303.02665     6.8085   15.62551 5.2602e-02     0.3619     0.7748 0.0000e+00
        383 133.834624    0.02653     1.5916     95.493     34.324  49812.160    31.2256     6.8076     34.000     6.7977    24.4721     6.6512     9.5054     95.680    289.951    297.047   -0.00400    6.95163    9.93458  303.04397     6.8048   15.62632 5.1897e-02     0.3416     0.7660 0.0000e+00
        387 133.834634    0.02678     1.6065     96.388     35.333  49825.075    31.2316     6.7937     35.000     6.7826    24.4786     6.6374     9.4856     95.453    289.346    296.430   -0.00432    6.95361    9.93740  303.12798     6.7907   15.63030 5.1278e-02     0.3248     0.7754 0.0000e+00
        390 133.834644    0.02702     1.6214     97.286     36.343  49842.001    31.2406     6.7808     36.000     6.7743    24.4873     6.6224     9.4641     95.214    288.687    295.756   -0.00474    6.95528    9.93979  303.19831     6.7777   15.63361 5.0718e-02     0.3031     0.7854 0.0000e+00
        394 133.834655    0.02728     1.6368     98.207     37.352  49853.126    31.2469     6.7757     37.000     6.7721    24.4930     6.6096     9.4458     95.023    288.129    295.186   -0.00472    6.95581    9.94054  303.21966     6.7726   15.63461 5.0286e-02     0.2922     0.7928 0.0000e+00
        397 133.834665    0.02753     1.6517     99.105     38.362  49868.484    31.2575     6.7774     38.000     6.7792    24.5011     6.6010     9.4335     94.910    287.750    294.801   -0.00433    6.95505    9.93947  303.18437     6.7742   15.63288 4.9928e-02     0.2765     0.7923 0.0000e+00
        401 133.834675    0.02776     1.6658     99.946     39.371  49879.019    31.2661     6.7876     39.000     6.7923    24.5066     6.5955     9.4257     94.859    287.512    294.559   -0.00369    6.95301    9.93655  303.09364     6.7842   15.62852 4.9653e-02     0.2625     0.7762 0.0000e+00
        404 133.834685    0.02800     1.6796    100.774     40.381  49885.666    31.2727     6.8015     40.000     6.8091    24.5100     6.5912     9.4195     94.831    287.320    294.363   -0.00306    6.95048    9.93293  302.98221     6.7980   15.62319 4.9433e-02     0.2614     0.7509 0.0000e+00
        407 133.834694    0.02823     1.6936    101.618     41.390  49895.957    31.2831     6.8223     41.000     6.8341    24.5155     6.5883     9.4154     94.842    287.195    294.236   -0.00238    6.94666    9.92747  302.81417     6.8187   15.61513 4.9252e-02     0.2594     0.7306 0.0000e+00
        411 133.834705    0.02846     1.7080    102.478     42.400  49902.240    31.2918     6.8497     42.000     6.8624    24.5189     6.5872     9.4138     94.892    287.146    294.187   -0.00158    6.94185    9.92060  302.60339     6.8461   15.60504 4.9042e-02     0.2695     0.7137 0.0000e+00
        414 133.834715    0.02871     1.7224    103.345     43.410  49906.938    31.2995     6.8771     43.000     6.8905    24.5214     6.5880     9.4150     94.969    287.181    294.223   -0.00083    6.93708    9.91378  302.39495     6.8734   15.59507 4.8859e-02     0.2712     0.6749 0.0000e+00
        418 133.834725    0.02895     1.7369    104.213     44.420  49920.940    31.3143     6.9088     44.000     6.9231    24.5290     6.5899     9.4177     95.075    287.261    294.308   -0.00010    6.93133    9.90556  302.14178     6.9050   15.58294 4.8717e-02     0.2610     0.6239 0.0000e+00
        421 133.834735    0.02919     1.7514    105.084     45.430  49906.926    31.3088     6.9352     45.000     6.9373    24.5212     6.5952     9.4251     95.205    287.490    294.540    0.00063    6.92735    9.89988  301.97085     6.9313   15.57481 4.8599e-02     0.2714     0.5817 0.0000e+00
        425 133.834745    0.02943     1.7660    105.959     46.440  49898.906    31.3041     6.9430     46.000     6.9388    24.5166     6.5976     9.4286     95.254    287.597    294.648    0.00079    6.92631    9.89838  301.92660     6.9390   15.57272 4.8491e-02     0.2854     0.5614 0.0000e+00
        428 133.834755    0.02967     1.7804    106.823     47.449  49898.308    31.3030     6.9418     47.000     6.9360    24.5159     6.5956     9.4258     95.222    287.511    294.560    0.00035    6.92655    9.89873  301.93749     6.9377   15.57324 4.8390e-02     0.2809     0.5723 0.0000e+00
        432 133.834765    0.02991     1.7945    107.671     48.458  49901.350    31.3042     6.9390     48.000     6.9334    24.5171     6.5939     9.4233     95.191    287.434    294.482    0.00002    6.92695    9.89931  301.95461     6.9348   15.57405 4.8293e-02     0.2837     0.6067 0.0000e+00
        435 133.834774    0.03015     1.8086    108.518     49.468  49909.159    31.3088     6.9370     49.000     6.9320    24.5211     6.5894     9.4170     95.125    287.239    294.282   -0.00041    6.92707    9.89947  301.95848     6.9327   15.57422 4.8229e-02     0.2940     0.6427 0.0000e+00
        439 133.834785    0.03039     1.8232    109.389     50.478  49902.036    31.3027     6.9329     50.000     6.9170    24.5168     6.5845     9.4099     95.041    287.025    294.063   -0.00088    6.92800    9.90079  302.00016     6.9286   15.57623 4.8200e-02     0.2703     0.6281 0.0000e+00
        442 133.834795    0.03063     1.8380    110.279     51.487  49892.948    31.2914     6.9072     51.000     6.8819    24.5112     6.5792     9.4023     94.901    286.796    293.825   -0.00145    6.93264    9.90744  302.20424     6.9027   15.58601 4.8158e-02     0.2482     0.6575 0.0000e+00
        446 133.834805    0.03087     1.8527    111.161     52.497  49928.996    31.3104     6.8763     52.000     6.8675    24.5303     6.5642     9.3809     94.630    286.139    293.158   -0.00271    6.93672    9.91326  302.37652     6.8718   15.59414 4.8096e-02     0.2430     0.7317 0.0000e+00
        449 133.834815    0.03112     1.8672    112.030     53.507  49953.616    31.3267     6.8741     53.000     6.8749    24.5434     6.5517     9.3630     94.454    285.588    292.597   -0.00328    6.93633    9.91271  302.35567     6.8695   15.59309 4.8055e-02     0.2492     0.7776 0.0000e+00
