CTD-processing/allCTD/CNV/2016_04-10_t6_s22_cast189_5028.cnv
* Sea-Bird SBE19plus Data File:
* FileName = C:\Users\Kris.Holderied\Documents\kasitsna\Research-KBL\Oceanography-AK\CTD-Data-ALL-to-2016-02\2016-CTD-KachemakBay-CookInlet\2016-04-CookInlet-quarterly\2016-04-10-CookInlet-Tran6-Douglas\2016-04-10-CookInlet-Tran6-cast189.hex
* Software Version 1.59
* Temperature SN =  5028
* Conductivity SN =  5028
* System UpLoad Time = Apr 11 2016 02:22:22
** Cook Inlet LTM Tran6 Douglas east to west
** Date (YYYY-MM-DD): 2016-04-10
** Station (ie. 9-01): 6-22
** Start time (AKST): 14:11
** Depth (m): 164
** Comment:  R/V Pandalus. Skipped stations.
** Comment:
# nquan = 27
# nvalues = 163                         
# units = specified
# name 0 = scan: Scan Count
# name 1 = timeJ: Julian Days
# name 2 = timeH: Time, Elapsed [hours]
# name 3 = timeM: Time, Elapsed [minutes]
# name 4 = timeS: Time, Elapsed [seconds]
# name 5 = prdM: Pressure, Strain Gauge [db]
# name 6 = specc: Specific Conductance [uS/cm]
# name 7 = sal00: Salinity, Practical [PSU]
# name 8 = tv290C: Temperature [ITS-90, deg C]
# name 9 = depSM: Depth [salt water, m], lat = 59.00
# name 10 = potemp090C: Potential Temperature [ITS-90, deg C]
# name 11 = sigma-é00: Density [sigma-theta, kg/m^3]
# name 12 = sbeox0ML/L: Oxygen, SBE 43 [ml/l]
# name 13 = sbeox0Mg/L: Oxygen, SBE 43 [mg/l]
# name 14 = sbeox0PS: Oxygen, SBE 43 [% saturation]
# name 15 = sbox0Mm/Kg: Oxygen, SBE 43 [umol/kg]
# name 16 = sbeox0Mm/L: Oxygen, SBE 43 [umol/l]
# name 17 = sbox0dV/dT: Oxygen, SBE 43 [dov/dt]
# name 18 = oxsolML/L: Oxygen Saturation, Garcia & Gordon [ml/l]
# name 19 = oxsolMg/L: Oxygen Saturation, Garcia & Gordon [mg/l]
# name 20 = oxsolMm/Kg: Oxygen Saturation, Garcia & Gordon [umol/kg]
# name 21 = potemp090C: Potential Temperature [ITS-90, deg C]
# name 22 = n2satMg/L: Nitrogen Saturation [mg/l]
# name 23 = par: PAR/Irradiance, Biospherical/Licor
# name 24 = flECO-AFL: Fluorescence, WET Labs ECO-AFL/FL [mg/m^3]
# name 25 = turbWETntu0: Turbidity, WET Labs ECO [NTU]
# name 26 = flag: flag
# span 0 =        265,        878       
# span 1 = 101.591782, 101.593554       
# span 2 =    0.01832,    0.06087       
# span 3 =     1.0995,     3.6530       
# span 4 =     65.969,    219.178       
# span 5 =      1.009,    164.605       
# span 6 =  50618.510,  51039.639       
# span 7 =    31.7548,    31.9731       
# span 8 =     6.4957,     6.5775       
# span 9 =      1.000,    163.000       
# span 10 =     6.4915,     6.5686      
# span 11 =    24.9210,    25.0929      
# span 12 =     5.8335,     6.5090      
# span 13 =     8.3367,     9.3021      
# span 14 =     83.712,     93.343      
# span 15 =    254.189,    283.620      
# span 16 =    260.524,    290.692      
# span 17 =   -0.00093,    0.00738      
# span 18 =    6.95600,    6.97742      
# span 19 =    9.94083,    9.97143      
# span 20 =  303.05116,  304.03061      
# span 21 =     6.4915,     6.5687      
# span 22 =   15.62363,   15.67116      
# span 23 = 3.7976e-02, 7.8660e+02      
# span 24 =     0.1509,     0.3657      
# span 25 =     0.2900,     1.0672      
# span 26 = 0.0000e+00, 0.0000e+00      
# interval = meters: 1                  
# start_time = Apr 10 2016 14:11:04 [Instrument's time stamp, header]
# bad_flag = -9.990e-29
*END*
[from data line 54]
        484 101.592415    0.03352     2.0112    120.669     55.526  50684.362    31.7643     6.4963     55.000     6.4917    24.9362     6.5035     9.2941     93.210    283.379    290.445   -0.00009    6.97726    9.97121  304.02334     6.4917   15.67081 1.1875e+00     0.3108     0.3078 0.0000e+00
        489 101.592431    0.03389     2.0336    122.014     56.536  50684.797    31.7641     6.4965     56.000     6.4917    24.9360     6.5018     9.2918     93.187    283.308    290.373   -0.00024    6.97724    9.97117  304.02238     6.4918   15.67077 1.0703e+00     0.3159     0.3030 0.0000e+00
        492 101.592440    0.03412     2.0472    122.833     57.546  50685.771    31.7644     6.4966     57.000     6.4919    24.9362     6.5011     9.2907     93.177    283.276    290.340   -0.00033    6.97721    9.97114  304.02119     6.4918   15.67071 9.5285e-01     0.3262     0.3155 0.0000e+00
        495 101.592447    0.03429     2.0574    123.443     58.556  50686.591    31.7645     6.4969     58.000     6.4920    24.9363     6.5032     9.2937     93.207    283.367    290.433   -0.00020    6.97717    9.97107  304.01937     6.4919   15.67062 8.6038e-01     0.3168     0.3299 0.0000e+00
        497 101.592455    0.03448     2.0687    124.124     59.565  50687.528    31.7647     6.4971     59.000     6.4921    24.9364     6.5068     9.2989     93.259    283.523    290.594    0.00006    6.97712    9.97100  304.01719     6.4920   15.67052 7.8776e-01     0.3119     0.3420 0.0000e+00
        502 101.592467    0.03476     2.0857    125.141     60.575  50688.177    31.7647     6.4972     60.000     6.4922    24.9365     6.5090     9.3021     93.291    283.620    290.692    0.00020    6.97709    9.97096  304.01579     6.4922   15.67045 7.2367e-01     0.3066     0.3388 0.0000e+00
        506 101.592481    0.03509     2.1053    126.320     61.585  50689.405    31.7652     6.4974     61.000     6.4925    24.9368     6.5040     9.2948     93.219    283.400    290.467   -0.00031    6.97704    9.97088  304.01337     6.4923   15.67033 6.5427e-01     0.2886     0.3181 0.0000e+00
        510 101.592490    0.03532     2.1193    127.155     62.595  50691.203    31.7660     6.4980     62.000     6.4933    24.9374     6.5020     9.2920     93.193    283.314    290.379   -0.00051    6.97691    9.97070  304.00760     6.4927   15.67005 5.8729e-01     0.2901     0.3178 0.0000e+00
        512 101.592498    0.03551     2.1305    127.831     63.604  50692.423    31.7666     6.4989     63.000     6.4942    24.9377     6.5034     9.2940     93.216    283.375    290.442   -0.00036    6.97674    9.97046  304.00022     6.4935   15.66970 5.3123e-01     0.3076     0.3337 0.0000e+00
        516 101.592508    0.03575     2.1449    128.695     64.614  50692.703    31.7664     6.4998     64.000     6.4946    24.9375     6.5051     9.2965     93.243    283.450    290.519   -0.00019    6.97660    9.97026  303.99419     6.4944   15.66942 4.8545e-01     0.3171     0.3295 0.0000e+00
        521 101.592524    0.03614     2.1683    130.096     65.624  50693.354    31.7665     6.5004     65.000     6.4950    24.9375     6.5056     9.2972     93.251    283.473    290.542   -0.00013    6.97650    9.97011  303.98954     6.4949   15.66919 4.4216e-01     0.3106     0.3144 0.0000e+00
        526 101.592538    0.03646     2.1873    131.236     66.634  50694.950    31.7672     6.5007     66.000     6.4957    24.9380     6.5051     9.2964     93.244    283.448    290.517   -0.00019    6.97641    9.96999  303.98569     6.4951   15.66900 4.0013e-01     0.3069     0.3179 0.0000e+00
        529 101.592546    0.03667     2.1998    131.987     67.643  50699.549    31.7701     6.5019     67.000     6.4983    24.9402     6.5040     9.2949     93.232    283.400    290.469   -0.00028    6.97608    9.96952  303.97079     6.4962   15.66828 3.6283e-01     0.3134     0.3191 0.0000e+00
        532 101.592554    0.03685     2.2108    132.646     68.653  50703.968    31.7733     6.5048     68.000     6.5018    24.9423     6.5036     9.2943     93.236    283.383    290.451   -0.00031    6.97545    9.96863  303.94266     6.4991   15.66693 3.2930e-01     0.3187     0.3238 0.0000e+00
        534 101.592562    0.03703     2.2221    133.326     69.662  50702.888    31.7727     6.5083     69.000     6.5036    24.9414     6.5055     9.2970     93.270    283.466    290.535   -0.00014    6.97492    9.96787  303.91994     6.5024   15.66585 3.0013e-01     0.3174     0.3251 0.0000e+00
        538 101.592572    0.03728     2.2370    134.217     70.672  50702.024    31.7719     6.5097     70.000     6.5041    24.9407     6.5075     9.2999     93.301    283.553    290.625    0.00002    6.97472    9.96758  303.91150     6.5038   15.66545 2.7496e-01     0.3081     0.3285 0.0000e+00
        543 101.592586    0.03763     2.2576    135.456     71.683  50702.329    31.7718     6.5102     71.000     6.5043    24.9405     6.5061     9.2979     93.282    283.492    290.562   -0.00012    6.97465    9.96747  303.90839     6.5042   15.66530 2.5126e-01     0.2998     0.3426 0.0000e+00
        547 101.592599    0.03795     2.2770    136.622     72.692  50703.719    31.7723     6.5104     72.000     6.5048    24.9409     6.5037     9.2944     93.248    283.388    290.456   -0.00036    6.97460    9.96741  303.90599     6.5043   15.66519 2.2847e-01     0.2944     0.3493 0.0000e+00
        551 101.592609    0.03816     2.2901    137.405     73.702  50707.745    31.7748     6.5116     73.000     6.5068    24.9427     6.5047     9.2958     93.266    283.429    290.498   -0.00026    6.97430    9.96697  303.89223     6.5054   15.66452 2.0753e-01     0.2969     0.3549 0.0000e+00
        553 101.592617    0.03835     2.3010    138.057     74.712  50709.341    31.7758     6.5135     74.000     6.5085    24.9433     6.5063     9.2980     93.293    283.497    290.568   -0.00013    6.97394    9.96646  303.87653     6.5072   15.66376 1.8865e-01     0.3026     0.3571 0.0000e+00
        556 101.592624    0.03852     2.3113    138.680     75.722  50711.392    31.7771     6.5152     75.000     6.5103    24.9441     6.5080     9.3006     93.324    283.574    290.647   -0.00000    6.97361    9.96599  303.86190     6.5088   15.66307 1.7229e-01     0.3077     0.3519 0.0000e+00
        559 101.592632    0.03872     2.3234    139.401     76.731  50714.030    31.7789     6.5175     76.000     6.5124    24.9452     6.5089     9.3019     93.343    283.614    290.688    0.00006    6.97316    9.96534  303.84194     6.5110   15.66211 1.5776e-01     0.3066     0.3477 0.0000e+00
        563 101.592644    0.03902     2.3408    140.450     77.741  50713.535    31.7784     6.5197     77.000     6.5134    24.9446     6.5077     9.3002     93.329    283.561    290.635   -0.00008    6.97282    9.96486  303.82748     6.5131   15.66142 1.4550e-01     0.3074     0.3379 0.0000e+00
        568 101.592659    0.03937     2.3621    141.726     78.751  50718.145    31.7814     6.5207     78.000     6.5154    24.9468     6.5051     9.2964     93.296    283.445    290.516   -0.00030    6.97252    9.96442  303.81343     6.5141   15.66074 1.3419e-01     0.3201     0.3275 0.0000e+00
        572 101.592670    0.03962     2.3772    142.635     79.761  50725.486    31.7865     6.5234     79.000     6.5186    24.9505     6.5022     9.2922     93.263    283.318    290.386   -0.00045    6.97184    9.96346  303.78299     6.5167   15.65927 1.2347e-01     0.3136     0.3413 0.0000e+00
        574 101.592678    0.03982     2.3892    143.351     80.770  50731.614    31.7908     6.5263     80.000     6.5217    24.9536     6.5007     9.2903     93.253    283.257    290.325   -0.00054    6.97118    9.96251  303.75319     6.5195   15.65783 1.1379e-01     0.2937     0.3582 0.0000e+00
        577 101.592686    0.04002     2.4013    144.078     81.781  50740.854    31.7974     6.5298     81.000     6.5257    24.9584     6.5040     9.2949     93.310    283.397    290.470   -0.00021    6.97031    9.96126  303.71360     6.5229   15.65592 1.0488e-01     0.2919     0.3621 0.0000e+00
        581 101.592696    0.04025     2.4149    144.893     82.791  50746.266    31.8015     6.5341     82.000     6.5291    24.9610     6.5038     9.2946     93.319    283.387    290.461   -0.00008    6.96941    9.95998  303.67361     6.5272   15.65399 9.6856e-02     0.2993     0.3542 0.0000e+00
        584 101.592705    0.04048     2.4285    145.712     83.801  50747.807    31.8026     6.5370     83.000     6.5309    24.9616     6.5007     9.2901     93.281    283.250    290.320   -0.00039    6.96889    9.95924  303.65100     6.5300   15.65291 9.0860e-02     0.3121     0.3364 0.0000e+00
        587 101.592714    0.04069     2.4415    146.490     84.810  50748.982    31.8032     6.5383     84.000     6.5317    24.9619     6.5000     9.2891     93.274    283.220    290.290   -0.00041    6.96865    9.95890  303.64053     6.5312   15.65241 8.5236e-02     0.3159     0.3350 0.0000e+00
        591 101.592725    0.04095     2.4572    147.430     85.820  50751.338    31.8045     6.5393     85.000     6.5324    24.9628     6.4991     9.2879     93.265    283.180    290.250   -0.00041    6.96844    9.95859  303.63087     6.5320   15.65194 8.0070e-02     0.3031     0.3511 0.0000e+00
        596 101.592739    0.04129     2.4776    148.659     86.830  50754.687    31.8066     6.5403     86.000     6.5336    24.9643     6.4968     9.2845     93.235    283.078    290.145   -0.00053    6.96818    9.95823  303.61924     6.5330   15.65138 7.5440e-02     0.2794     0.3744 0.0000e+00
        599 101.592750    0.04155     2.4931    149.588     87.840  50764.256    31.8131     6.5420     87.000     6.5369    24.9693     6.4974     9.2853     93.251    283.103    290.172   -0.00036    6.96760    9.95740  303.59277     6.5346   15.65009 7.1195e-02     0.2761     0.3810 0.0000e+00
        602 101.592758    0.04175     2.5045    150.273     88.850  50775.868    31.8213     6.5455     88.000     6.5409    24.9753     6.4936     9.2799     93.208    282.934    290.001   -0.00053    6.96666    9.95605  303.54977     6.5380   15.64801 6.7486e-02     0.2857     0.3674 0.0000e+00
        606 101.592768    0.04199     2.5194    151.164     89.859  50784.217    31.8275     6.5503     89.000     6.5445    24.9796     6.4900     9.2750     93.173    282.783    289.847   -0.00072    6.96559    9.95452  303.50198     6.5427   15.64570 6.4300e-02     0.2852     0.3693 0.0000e+00
        612 101.592788    0.04246     2.5474    152.844     90.869  50788.106    31.8305     6.5543     90.000     6.5470    24.9814     6.4899     9.2747     93.181    282.774    289.838   -0.00042    6.96481    9.95341  303.46738     6.5466   15.64404 6.1591e-02     0.2831     0.3515 0.0000e+00
        616 101.592799    0.04274     2.5640    153.841     91.879  50796.711    31.8363     6.5556     91.000     6.5492    24.9858     6.4874     9.2711     93.151    282.665    289.727   -0.00054    6.96434    9.95273  303.44535     6.5478   15.64296 5.8957e-02     0.2911     0.3667 0.0000e+00
        619 101.592807    0.04292     2.5748    154.487     92.889  50803.864    31.8411     6.5576     92.000     6.5517    24.9894     6.4864     9.2696     93.144    282.619    289.681   -0.00055    6.96378    9.95194  303.42014     6.5498   15.64174 5.6662e-02     0.2847     0.3721 0.0000e+00
        622 101.592814    0.04310     2.5863    155.180     93.899  50809.927    31.8454     6.5604     93.000     6.5542    24.9924     6.4861     9.2692     93.149    282.605    289.668   -0.00051    6.96314    9.95102  303.39131     6.5524   15.64035 5.4682e-02     0.2740     0.3640 0.0000e+00
        626 101.592827    0.04339     2.6035    156.213     94.908  50811.958    31.8469     6.5635     94.000     6.5561    24.9932     6.4854     9.2682     93.146    282.573    289.636   -0.00042    6.96257    9.95020  303.36616     6.5554   15.63915 5.2879e-02     0.2764     0.3665 0.0000e+00
        631 101.592842    0.04377     2.6260    157.559     95.919  50813.126    31.8474     6.5648     95.000     6.5568    24.9935     6.4815     9.2626     93.093    282.402    289.461   -0.00064    6.96233    9.94987  303.35588     6.5567   15.63866 5.0836e-02     0.2733     0.3910 0.0000e+00
        634 101.592851    0.04398     2.6389    158.337     96.929  50817.558    31.8502     6.5652     96.000     6.5579    24.9956     6.4816     9.2628     93.097    282.406    289.466   -0.00057    6.96214    9.94960  303.34693     6.5570   15.63821 4.9510e-02     0.2581     0.3745 0.0000e+00
        637 101.592859    0.04418     2.6505    159.028     97.938  50823.785    31.8543     6.5668     97.000     6.5601    24.9987     6.4832     9.2651     93.126    282.477    289.538   -0.00036    6.96168    9.94895  303.32617     6.5585   15.63721 4.8492e-02     0.2614     0.3818 0.0000e+00
        641 101.592871    0.04447     2.6684    160.105     98.948  50828.013    31.8573     6.5699     98.000     6.5625    25.0007     6.4835     9.2655     93.139    282.489    289.551   -0.00024    6.96105    9.94804  303.29792     6.5615   15.63586 4.7504e-02     0.2721     0.3917 0.0000e+00
        647 101.592888    0.04486     2.6917    161.504     99.959  50831.983    31.8600     6.5721     99.000     6.5642    25.0025     6.4808     9.2617     93.107    282.373    289.434   -0.00038    6.96057    9.94735  303.27621     6.5637   15.63481 4.6697e-02     0.2812     0.3539 0.0000e+00
        650 101.592897    0.04508     2.7049    162.293    100.968  50837.489    31.8636     6.5733    100.000     6.5657    25.0052     6.4795     9.2599     93.094    282.316    289.375   -0.00045    6.96022    9.94685  303.26025     6.5647   15.63403 4.5873e-02     0.2729     0.3542 0.0000e+00
        653 101.592905    0.04528     2.7165    162.989    101.978  50842.980    31.8672     6.5748    101.000     6.5673    25.0079     6.4809     9.2619     93.119    282.376    289.437   -0.00033    6.95980    9.94625  303.24126     6.5662   15.63311 4.5058e-02     0.2783     0.3454 0.0000e+00
        657 101.592917    0.04556     2.7335    164.008    102.988  50847.931    31.8705     6.5767    102.000     6.5684    25.0103     6.4831     9.2651     93.157    282.472    289.537   -0.00008    6.95935    9.94561  303.22085     6.5680   15.63213 4.4257e-02     0.2792     0.3510 0.0000e+00
        663 101.592935    0.04600     2.7599    165.595    103.998  50851.976    31.8730     6.5775    103.000     6.5686    25.0121     6.4787     9.2587     93.096    282.277    289.337   -0.00041    6.95910    9.94525  303.20938     6.5687   15.63157 4.3564e-02     0.2757     0.3677 0.0000e+00
        667 101.592947    0.04628     2.7768    166.606    105.008  50857.755    31.8765     6.5773    104.000     6.5682    25.0149     6.4755     9.2541     93.053    282.138    289.196   -0.00063    6.95897    9.94507  303.20303     6.5684   15.63125 4.2888e-02     0.2717     0.3528 0.0000e+00
        670 101.592955    0.04648     2.7890    167.336    106.018  50863.508    31.8800     6.5771    105.000     6.5678    25.0177     6.4751     9.2534     93.047    282.117    289.174   -0.00059    6.95885    9.94489  303.19703     6.5681   15.63095 4.2374e-02     0.2644     0.3436 0.0000e+00
        673 101.592963    0.04666     2.7996    167.975    107.028  50867.953    31.8826     6.5768    106.000     6.5677    25.0198     6.4737     9.2516     93.029    282.059    289.116   -0.00064    6.95876    9.94477  303.19257     6.5678   15.63073 4.2010e-02     0.2571     0.3547 0.0000e+00
        675 101.592970    0.04684     2.8102    168.616    108.038  50871.754    31.8848     6.5768    107.000     6.5676    25.0215     6.4728     9.2503     93.017    282.019    289.075   -0.00069    6.95867    9.94464  303.18809     6.5677   15.63050 4.1630e-02     0.2504     0.3650 0.0000e+00
