CTD-processing/allCTD/CNV/2016_02-15_t6_s23_cast118_5028.cnv
* Sea-Bird SBE19plus Data File:
* FileName = C:\Users\Kris.Holderied\Documents\kasitsna\Research-KBL\Oceanography-AK\CTD-Data-ALL-to-2016-02\2016-CTD-KachemakBay-CookInlet\2016-02-CookInlet-quarterly\2016-02-15-CookInlet-Tran6-Douglas\2016-02-15-CookInlet-Tran6-cast118.hex
* Software Version 1.59
* Temperature SN =  5028
* Conductivity SN =  5028
* System UpLoad Time = Feb 15 2016 19:33:46
** Cook Inlet LTM Tran6 Douglas West to East

** Date: 02-15
** Station: 6-23
** Start time (AKST): 11:47
** Depth (m): 164
** Comment:  R/V Pandalus
** Comment:
# nquan = 27
# nvalues = 162                         
# units = specified
# name 0 = scan: Scan Count
# name 1 = timeJ: Julian Days
# name 2 = timeH: Time, Elapsed [hours]
# name 3 = timeM: Time, Elapsed [minutes]
# name 4 = timeS: Time, Elapsed [seconds]
# name 5 = prdM: Pressure, Strain Gauge [db]
# name 6 = specc: Specific Conductance [uS/cm]
# name 7 = sal00: Salinity, Practical [PSU]
# name 8 = tv290C: Temperature [ITS-90, deg C]
# name 9 = depSM: Depth [salt water, m], lat = 59.00
# name 10 = potemp090C: Potential Temperature [ITS-90, deg C]
# name 11 = sigma-é00: Density [sigma-theta, kg/m^3]
# name 12 = sbeox0ML/L: Oxygen, SBE 43 [ml/l]
# name 13 = sbeox0Mg/L: Oxygen, SBE 43 [mg/l]
# name 14 = sbeox0PS: Oxygen, SBE 43 [% saturation]
# name 15 = sbox0Mm/Kg: Oxygen, SBE 43 [umol/kg]
# name 16 = sbeox0Mm/L: Oxygen, SBE 43 [umol/l]
# name 17 = sbox0dV/dT: Oxygen, SBE 43 [dov/dt]
# name 18 = oxsolML/L: Oxygen Saturation, Garcia & Gordon [ml/l]
# name 19 = oxsolMg/L: Oxygen Saturation, Garcia & Gordon [mg/l]
# name 20 = oxsolMm/Kg: Oxygen Saturation, Garcia & Gordon [umol/kg]
# name 21 = potemp090C: Potential Temperature [ITS-90, deg C]
# name 22 = n2satMg/L: Nitrogen Saturation [mg/l]
# name 23 = par: PAR/Irradiance, Biospherical/Licor
# name 24 = flECO-AFL: Fluorescence, WET Labs ECO-AFL/FL [mg/m^3]
# name 25 = turbWETntu0: Turbidity, WET Labs ECO [NTU]
# name 26 = flag: flag
# span 0 =        138,        956       
# span 1 =  46.491925,  46.494291       
# span 2 =    0.00953,    0.06632       
# span 3 =     0.5714,     3.9791       
# span 4 =     34.286,    238.750       
# span 5 =      1.010,    163.594       
# span 6 =  50242.417,  51148.378       
# span 7 =    31.4261,    32.0535       
# span 8 =     6.1892,     6.6246       
# span 9 =      1.000,    162.000       
# span 10 =     6.1974,     6.6121      
# span 11 =    24.7069,    25.1533      
# span 12 =     5.7151,     6.3377      
# span 13 =     8.1674,     9.0572      
# span 14 =     81.235,     90.720      
# span 15 =    249.072,    276.170      
# span 16 =    255.235,    283.041      
# span 17 =   -0.00112,    0.03427      
# span 18 =    6.94669,    7.04324      
# span 19 =    9.92751,   10.06550      
# span 20 =  302.64212,  306.96717      
# span 21 =     6.1892,     6.6121      
# span 22 =   15.60403,   15.81250      
# span 23 = 3.7976e-02, 7.7570e+01      
# span 24 =     0.1182,     0.2492      
# span 25 =     0.4308,     0.7758      
# span 26 = 0.0000e+00, 0.0000e+00      
# interval = meters: 1                  
# start_time = Feb 15 2016 11:47:48 [Instrument's time stamp, header]
# bad_flag = -9.990e-29
*END*
[from data line 54]
        468  46.492878    0.03240     1.9438    116.631     55.527  50625.206    31.7207     6.4830     55.000     6.4793    24.9035     6.3311     9.0478     90.684    275.877    282.747    0.00006    6.98144    9.97717  304.21506     6.4783   15.68013 2.0415e-01     0.1584     0.4484 0.0000e+00
        472  46.492891    0.03271     1.9625    117.752     56.536  50630.218    31.7241     6.4852     56.000     6.4813    24.9059     6.3298     9.0459     90.672    275.818    282.688   -0.00009    6.98092    9.97643  304.19165     6.4805   15.67900 1.8516e-01     0.1625     0.4569 0.0000e+00
        478  46.492908    0.03312     1.9871    119.226     57.545  50636.149    31.7282     6.4875     57.000     6.4836    24.9089     6.3267     9.0415     90.636    275.684    282.551   -0.00027    6.98036    9.97564  304.16671     6.4827   15.67780 1.6602e-01     0.1753     0.4756 0.0000e+00
        483  46.492922    0.03346     2.0077    120.465     58.555  50648.233    31.7367     6.4904     58.000     6.4874    24.9152     6.3188     9.0302     90.534    275.338    282.198   -0.00083    6.97950    9.97440  304.12684     6.4855   15.67586 1.4203e-01     0.1935     0.5001 0.0000e+00
        486  46.492932    0.03370     2.0220    121.319     59.565  50663.907    31.7478     6.4940     59.000     6.4925    24.9234     6.3218     9.0344     90.591    275.465    282.330   -0.00047    6.97840    9.97284  304.07678     6.4890   15.67343 1.2774e-01     0.1971     0.4812 0.0000e+00
        490  46.492943    0.03396     2.0373    122.238     60.575  50692.074    31.7684     6.5025     60.000     6.5036    24.9387     6.3271     9.0420     90.697    275.692    282.568    0.00021    6.97607    9.96950  303.97072     6.4974   15.66829 1.1761e-01     0.2121     0.4562 0.0000e+00
        496  46.492959    0.03435     2.0610    123.658     61.585  50713.664    31.7858     6.5183     61.000     6.5165    24.9505     6.3221     9.0349     90.670    275.473    282.346   -0.00001    6.97270    9.96468  303.82028     6.5131   15.66105 1.1278e-01     0.2122     0.4490 0.0000e+00
        501  46.492976    0.03475     2.0850    125.099     62.594  50727.177    31.7964     6.5270     62.000     6.5240    24.9577     6.3181     9.0292     90.636    275.293    282.165   -0.00027    6.97081    9.96198  303.73578     6.5217   15.65697 1.0443e-01     0.2157     0.4528 0.0000e+00
        505  46.492986    0.03501     2.1007    126.043     63.604  50732.590    31.8004     6.5309     63.000     6.5270    24.9604     6.3161     9.0263     90.617    275.206    282.075   -0.00032    6.96999    9.96081  303.69933     6.5256   15.65522 9.6221e-02     0.1904     0.4672 0.0000e+00
        509  46.492997    0.03526     2.1152    126.911     64.615  50737.983    31.8042     6.5335     64.000     6.5294    24.9630     6.3127     9.0215     90.577    275.059    281.925   -0.00056    6.96939    9.95996  303.67237     6.5281   15.65392 8.9110e-02     0.1841     0.4431 0.0000e+00
        513  46.493009    0.03555     2.1327    127.962     65.624  50741.145    31.8063     6.5360     65.000     6.5313    24.9644     6.3106     9.0184     90.553    274.965    281.830   -0.00060    6.96888    9.95922  303.64966     6.5305   15.65283 8.3072e-02     0.1946     0.4434 0.0000e+00
        518  46.493023    0.03588     2.1528    129.169     66.633  50743.641    31.8079     6.5375     66.000     6.5323    24.9654     6.3100     9.0177     90.549    274.941    281.805   -0.00049    6.96856    9.95877  303.63570     6.5319   15.65216 7.7451e-02     0.1988     0.4633 0.0000e+00
        523  46.493037    0.03622     2.1731    130.388     67.643  50745.984    31.8092     6.5383     67.000     6.5327    24.9664     6.3072     9.0137     90.512    274.820    281.681   -0.00060    6.96839    9.95852  303.62763     6.5326   15.65177 7.2322e-02     0.2046     0.4717 0.0000e+00
        528  46.493052    0.03659     2.1951    131.704     68.653  50749.667    31.8113     6.5387     68.000     6.5331    24.9681     6.3040     9.0092     90.469    274.682    281.540   -0.00068    6.96823    9.95829  303.62015     6.5329   15.65140 6.7687e-02     0.2072     0.4516 0.0000e+00
        532  46.493063    0.03685     2.2111    132.667     69.663  50756.743    31.8159     6.5393     69.000     6.5341    24.9716     6.3034     9.0082     90.463    274.650    281.509   -0.00063    6.96791    9.95784  303.60542     6.5334   15.65068 6.4183e-02     0.2199     0.4386 0.0000e+00
        535  46.493073    0.03708     2.2247    133.485     70.673  50766.709    31.8226     6.5407     70.000     6.5357    24.9767     6.3043     9.0096     90.484    274.692    281.553   -0.00043    6.96738    9.95709  303.58085     6.5348   15.64948 6.0943e-02     0.2169     0.4333 0.0000e+00
        539  46.493086    0.03739     2.2433    134.598     71.682  50776.212    31.8291     6.5425     71.000     6.5370    24.9816     6.3020     9.0063     90.458    274.589    281.449   -0.00048    6.96679    9.95625  303.55371     6.5364   15.64816 5.7686e-02     0.2040     0.4366 0.0000e+00
        545  46.493102    0.03778     2.2668    136.011     72.693  50789.689    31.8382     6.5442     72.000     6.5390    24.9886     6.2985     9.0011     90.416    274.431    281.289   -0.00060    6.96610    9.95525  303.52120     6.5381   15.64657 5.3423e-02     0.2081     0.4308 0.0000e+00
        549  46.493114    0.03808     2.2845    137.069     73.702  50809.343    31.8520     6.5469     73.000     6.5435    24.9990     6.2950     8.9962     90.380    274.278    281.136   -0.00066    6.96501    9.95370  303.47104     6.5407   15.64413 5.0754e-02     0.2179     0.4326 0.0000e+00
        553  46.493124    0.03831     2.2988    137.928     74.712  50827.563    31.8651     6.5523     74.000     6.5494    25.0088     6.2929     8.9931     90.369    274.183    281.039   -0.00069    6.96355    9.95161  303.40426     6.5459   15.64089 4.9080e-02     0.2222     0.4482 0.0000e+00
        556  46.493135    0.03856     2.3140    138.838     75.721  50845.128    31.8781     6.5589     75.000     6.5567    25.0182     6.2948     8.9959     90.418    274.264    281.125   -0.00031    6.96187    9.94921  303.32836     6.5526   15.63722 4.7031e-02     0.2162     0.4620 0.0000e+00
        561  46.493147    0.03888     2.3325    139.947     76.731  50854.841    31.8859     6.5673     76.000     6.5635    25.0233     6.2930     8.9933     90.415    274.184    281.045   -0.00025    6.96015    9.94675  303.25182     6.5609   15.63354 4.5440e-02     0.2060     0.4555 0.0000e+00
        566  46.493163    0.03924     2.3542    141.253     77.741  50860.046    31.8902     6.5733     77.000     6.5683    25.0259     6.2878     8.9860     90.356    273.959    280.815   -0.00055    6.95900    9.94510  303.20091     6.5667   15.63109 4.4126e-02     0.2006     0.4485 0.0000e+00
        571  46.493178    0.03961     2.3767    142.603     78.751  50862.372    31.8920     6.5769     78.000     6.5711    25.0269     6.2866     8.9842     90.347    273.906    280.761   -0.00047    6.95832    9.94414  303.17115     6.5703   15.62967 4.3161e-02     0.1978     0.4498 0.0000e+00
        576  46.493192    0.03995     2.3970    143.819     79.761  50864.008    31.8930     6.5786     79.000     6.5725    25.0274     6.2835     8.9799     90.307    273.772    280.624   -0.00058    6.95801    9.94369  303.15758     6.5718   15.62901 4.1845e-02     0.1966     0.4733 0.0000e+00
        580  46.493203    0.04021     2.4122    144.735     80.771  50867.437    31.8951     6.5800     80.000     6.5745    25.0290     6.2809     8.9761     90.274    273.657    280.506   -0.00071    6.95768    9.94322  303.14253     6.5732   15.62829 4.0457e-02     0.1937     0.4866 0.0000e+00
        583  46.493213    0.04043     2.4257    145.545     81.780  50869.606    31.8966     6.5822     81.000     6.5764    25.0299     6.2827     8.9785     90.303    273.731    280.582   -0.00050    6.95726    9.94261  303.12388     6.5753   15.62740 4.0132e-02     0.1942     0.4825 0.0000e+00
        587  46.493223    0.04069     2.4415    146.490     82.790  50869.398    31.8962     6.5839     82.000     6.5772    25.0295     6.2878     8.9859     90.381    273.957    280.814   -0.00000    6.95700    9.94225  303.11292     6.5768   15.62687 3.9677e-02     0.1984     0.4817 0.0000e+00
        592  46.493238    0.04104     2.4623    147.741     83.800  50870.438    31.8966     6.5846     83.000     6.5779    25.0297     6.2865     8.9840     90.364    273.899    280.755   -0.00011    6.95687    9.94206  303.10710     6.5775   15.62659 3.9052e-02     0.1941     0.4900 0.0000e+00
        597  46.493251    0.04136     2.4816    148.895     84.810  50873.475    31.8985     6.5858     84.000     6.5795    25.0310     6.2834     8.9797     90.324    273.766    280.619   -0.00038    6.95660    9.94166  303.09461     6.5786   15.62599 3.8365e-02     0.1933     0.4700 0.0000e+00
        601  46.493263    0.04166     2.4993    149.956     85.820  50875.148    31.8996     6.5878     85.000     6.5813    25.0316     6.2852     8.9822     90.354    273.843    280.698   -0.00019    6.95622    9.94113  303.07806     6.5805   15.62520 3.8063e-02     0.1895     0.4701 0.0000e+00
        606  46.493279    0.04203     2.5216    151.298     86.830  50875.652    31.8997     6.5894     86.000     6.5822    25.0315     6.2870     8.9848     90.383    273.921    280.777   -0.00001    6.95595    9.94075  303.06638     6.5821   15.62464 3.7986e-02     0.1891     0.4796 0.0000e+00
        612  46.493295    0.04241     2.5444    152.662     87.839  50876.948    31.9002     6.5895     87.000     6.5820    25.0319     6.2842     8.9808     90.344    273.800    280.654   -0.00030    6.95591    9.94069  303.06469     6.5821   15.62456 3.7976e-02     0.1877     0.4938 0.0000e+00
        616  46.493306    0.04269     2.5612    153.672     88.850  50879.178    31.9013     6.5896     88.000     6.5825    25.0327     6.2847     8.9816     90.352    273.823    280.677   -0.00024    6.95585    9.94059  303.06138     6.5821   15.62440 3.7976e-02     0.1760     0.4948 0.0000e+00
        619  46.493316    0.04292     2.5747    154.485     89.860  50881.502    31.9026     6.5906     89.000     6.5837    25.0336     6.2860     8.9833     90.373    273.876    280.732   -0.00015    6.95562    9.94028  303.05163     6.5830   15.62393 3.7976e-02     0.1857     0.4963 0.0000e+00
        622  46.493326    0.04315     2.5893    155.361     90.869  50882.525    31.9031     6.5919     90.000     6.5846    25.0338     6.2865     8.9840     90.383    273.898    280.755   -0.00010    6.95540    9.93995  303.04156     6.5842   15.62344 3.7976e-02     0.2069     0.4950 0.0000e+00
        628  46.493342    0.04354     2.6128    156.766     91.879  50883.149    31.9031     6.5926     91.000     6.5849    25.0339     6.2835     8.9798     90.342    273.770    280.623   -0.00032    6.95528    9.93979  303.03649     6.5848   15.62320 3.7976e-02     0.2031     0.5029 0.0000e+00
        633  46.493358    0.04392     2.6354    158.124     92.889  50884.358    31.9036     6.5929     92.000     6.5851    25.0342     6.2794     8.9738     90.283    273.587    280.435   -0.00062    6.95520    9.93968  303.03312     6.5850   15.62304 3.7976e-02     0.1829     0.5672 0.0000e+00
        637  46.493369    0.04418     2.6508    159.051     93.899  50885.217    31.9037     6.5931     93.000     6.5852    25.0343     6.2812     8.9764     90.311    273.668    280.519   -0.00039    6.95516    9.93962  303.03130     6.5852   15.62295 3.7976e-02     0.1799     0.5460 0.0000e+00
        641  46.493380    0.04444     2.6663    159.979     94.909  50885.974    31.9038     6.5933     94.000     6.5853    25.0343     6.2839     8.9803     90.350    273.786    280.640   -0.00013    6.95513    9.93958  303.03010     6.5852   15.62289 3.7976e-02     0.1905     0.5066 0.0000e+00
        646  46.493393    0.04476     2.6855    161.130     95.919  50886.806    31.9040     6.5935     95.000     6.5854    25.0344     6.2844     8.9811     90.357    273.809    280.664   -0.00010    6.95510    9.93953  303.02852     6.5853   15.62282 3.7976e-02     0.1852     0.5168 0.0000e+00
        650  46.493407    0.04509     2.7056    162.337     96.929  50887.546    31.9040     6.5936     96.000     6.5853    25.0345     6.2836     8.9799     90.345    273.771    280.625   -0.00020    6.95508    9.93950  303.02763     6.5854   15.62278 3.7976e-02     0.1971     0.5378 0.0000e+00
        655  46.493419    0.04540     2.7239    163.432     97.939  50888.163    31.9040     6.5936     97.000     6.5853    25.0344     6.2827     8.9786     90.332    273.732    280.585   -0.00027    6.95507    9.93950  303.02745     6.5853   15.62276 3.7976e-02     0.2011     0.5174 0.0000e+00
        659  46.493432    0.04571     2.7425    164.549     98.948  50888.874    31.9040     6.5937     98.000     6.5853    25.0345     6.2839     8.9803     90.349    273.783    280.637   -0.00019    6.95506    9.93948  303.02680     6.5853   15.62273 3.7976e-02     0.1964     0.5001 0.0000e+00
        664  46.493445    0.04602     2.7615    165.688     99.958  50889.640    31.9041     6.5938     99.000     6.5853    25.0345     6.2841     8.9806     90.353    273.793    280.648   -0.00014    6.95504    9.93944  303.02580     6.5853   15.62269 3.7976e-02     0.1971     0.4978 0.0000e+00
        668  46.493457    0.04629     2.7774    166.644    100.968  50890.352    31.9041     6.5939    100.000     6.5854    25.0346     6.2809     8.9761     90.308    273.656    280.507   -0.00041    6.95501    9.93941  303.02486     6.5854   15.62265 3.7976e-02     0.1882     0.5085 0.0000e+00
        671  46.493466    0.04653     2.7919    167.514    101.979  50891.318    31.9044     6.5940    101.000     6.5853    25.0347     6.2808     8.9759     90.307    273.653    280.503   -0.00042    6.95499    9.93938  303.02383     6.5854   15.62259 3.7976e-02     0.1831     0.5047 0.0000e+00
        675  46.493478    0.04681     2.8084    168.505    102.988  50892.338    31.9046     6.5940    102.000     6.5853    25.0349     6.2826     8.9785     90.333    273.729    280.581   -0.00023    6.95498    9.93936  303.02312     6.5853   15.62256 3.7976e-02     0.1892     0.5140 0.0000e+00
        681  46.493494    0.04719     2.8315    169.892    103.998  50893.512    31.9050     6.5941    103.000     6.5853    25.0352     6.2817     8.9772     90.320    273.691    280.543   -0.00026    6.95495    9.93932  303.02177     6.5853   15.62249 3.7976e-02     0.1771     0.5420 0.0000e+00
        686  46.493510    0.04758     2.8548    171.291    105.008  50895.502    31.9059     6.5943    104.000     6.5856    25.0359     6.2814     8.9768     90.317    273.677    280.528   -0.00026    6.95487    9.93920  303.01804     6.5854   15.62231 3.7976e-02     0.1744     0.5332 0.0000e+00
        690  46.493521    0.04784     2.8701    172.206    106.018  50899.548    31.9084     6.5949    105.000     6.5865    25.0378     6.2825     8.9784     90.336    273.725    280.579   -0.00015    6.95467    9.93891  303.00882     6.5859   15.62186 3.7976e-02     0.1854     0.5066 0.0000e+00
        693  46.493530    0.04807     2.8839    173.032    107.027  50904.664    31.9117     6.5960    106.000     6.5877    25.0403     6.2830     8.9790     90.347    273.745    280.599   -0.00012    6.95433    9.93843  302.99347     6.5869   15.62112 3.7976e-02     0.1691     0.5108 0.0000e+00
        698  46.493543    0.04837     2.9024    174.144    108.038  50906.969    31.9130     6.5975    107.000     6.5887    25.0412     6.2835     8.9798     90.358    273.768    280.623   -0.00008    6.95403    9.93800  302.97988     6.5883   15.62047 3.7976e-02     0.1585     0.5224 0.0000e+00
