CTD-processing/allCTD/CNV/2016_05-12_t9_s02_cast235_5028.cnv
* Sea-Bird SBE19plus Data File:
* FileName = C:\Users\Kris.Holderied\Documents\kasitsna\Research-KBL\Oceanography-AK\CTD-Data-ALL-to-2016-05\2016-CTD-KachemakBay-CookInlet\2016-05-12-CookInlet-HomerSpit-monthly\2016-05-12-CookInlet-Tran9-cast235.hex
* Software Version 1.59
* Temperature SN =  5028
* Conductivity SN =  5028
* System UpLoad Time = May 16 2016 17:05:43
** Cook Inlet LTM Tran9 Homer Spit north to south
** Date (YYYY-MM-DD): 2016-05-12
** Station (ie. 9-01):  9-02
** Start time (AKST): 14:16
** Depth (m): 73
** Comment:  R/V Edgecumbe
** Comment: on the clear side of convergence zone
# nquan = 27
# nvalues = 61                          
# units = specified
# name 0 = scan: Scan Count
# name 1 = timeJ: Julian Days
# name 2 = timeH: Time, Elapsed [hours]
# name 3 = timeM: Time, Elapsed [minutes]
# name 4 = timeS: Time, Elapsed [seconds]
# name 5 = prdM: Pressure, Strain Gauge [db]
# name 6 = specc: Specific Conductance [uS/cm]
# name 7 = sal00: Salinity, Practical [PSU]
# name 8 = tv290C: Temperature [ITS-90, deg C]
# name 9 = depSM: Depth [salt water, m], lat = 59.00
# name 10 = potemp090C: Potential Temperature [ITS-90, deg C]
# name 11 = sigma-é00: Density [sigma-theta, kg/m^3]
# name 12 = sbeox0ML/L: Oxygen, SBE 43 [ml/l]
# name 13 = sbeox0Mg/L: Oxygen, SBE 43 [mg/l]
# name 14 = sbeox0PS: Oxygen, SBE 43 [% saturation]
# name 15 = sbox0Mm/Kg: Oxygen, SBE 43 [umol/kg]
# name 16 = sbeox0Mm/L: Oxygen, SBE 43 [umol/l]
# name 17 = sbox0dV/dT: Oxygen, SBE 43 [dov/dt]
# name 18 = oxsolML/L: Oxygen Saturation, Garcia & Gordon [ml/l]
# name 19 = oxsolMg/L: Oxygen Saturation, Garcia & Gordon [mg/l]
# name 20 = oxsolMm/Kg: Oxygen Saturation, Garcia & Gordon [umol/kg]
# name 21 = potemp090C: Potential Temperature [ITS-90, deg C]
# name 22 = n2satMg/L: Nitrogen Saturation [mg/l]
# name 23 = par: PAR/Irradiance, Biospherical/Licor
# name 24 = flECO-AFL: Fluorescence, WET Labs ECO-AFL/FL [mg/m^3]
# name 25 = turbWETntu0: Turbidity, WET Labs ECO [NTU]
# name 26 = flag: flag
# span 0 =        126,        548       
# span 1 = 133.595594, 133.596813       
# span 2 =    0.00870,    0.03796       
# span 3 =     0.5219,     2.2775       
# span 4 =     31.316,    136.651       
# span 5 =      1.009,     61.585       
# span 6 =  45806.787,  49980.980       
# span 7 =    28.7071,    31.2961       
# span 8 =     6.6173,     7.3200       
# span 9 =      1.000,     61.000       
# span 10 =     6.6126,     7.2688      
# span 11 =    22.4291,    24.5519      
# span 12 =     6.3209,     6.9872      
# span 13 =     9.0332,     9.9855      
# span 14 =     90.487,    101.051      
# span 15 =    276.141,    304.675      
# span 16 =    282.292,    312.050      
# span 17 =   -0.00973,    0.00175      
# span 18 =    6.91391,    6.99070      
# span 19 =    9.88067,    9.99042      
# span 20 =  301.47282,  305.44078      
# span 21 =     6.6126,     7.3199      
# span 22 =   15.55256,   15.75122      
# span 23 = 4.6467e-02, 2.0842e+02      
# span 24 =     0.2346,     1.1813      
# span 25 =     1.2175,     1.6493      
# span 26 = 0.0000e+00, 0.0000e+00      
# interval = meters: 1                  
# start_time = May 12 2016 14:17:08 [Instrument's time stamp, header]
# bad_flag = -9.990e-29
*END*
        126 133.595594    0.00870     0.5219     31.316      1.009  45806.787    28.7071     7.3200      1.000     7.2688    22.4291     6.3209     9.0332     90.487    276.141    282.292    0.00044    6.99070    9.99042  305.44078     7.3199   15.75122 2.0842e+02     0.2714     1.6493 0.0000e+00
        328 133.596177    0.02269     1.3613     81.676      2.019  49312.394    30.9389     7.1223      2.000     7.0885    24.2052     6.9872     9.9855    101.051    304.675    312.050    0.00175    6.91391    9.88067  301.47282     7.1221   15.55256 1.0021e+02     0.7439     1.4910 0.0000e+00
        323 133.596162    0.02234     1.3405     80.433      3.028  49269.932    30.9017     7.0267      3.000     6.9979    24.1886     6.9467     9.9276    100.224    302.914    310.242   -0.00053    6.93124    9.90544  302.23857     7.0265   15.58924 1.0377e+02     0.8536     1.4750 0.0000e+00
        328 133.596177    0.02268     1.3610     81.659      4.037  49348.733    30.9465     6.9714      4.000     6.9562    24.2310     6.9316     9.9060     99.908    302.244    309.568   -0.00210    6.93808    9.91520  302.52388     6.9710   15.60266 9.2749e+01     0.9120     1.4506 0.0000e+00
        332 133.596190    0.02301     1.3803     82.816      5.047  49383.498    30.9639     6.9350      5.000     6.9142    24.2494     6.8946     9.8532     99.302    300.624    307.914   -0.00487    6.94311    9.92240  302.73814     6.9346   15.61281 7.8874e+01     0.9857     1.4725 0.0000e+00
        337 133.596203    0.02331     1.3986     83.916      6.056  49445.572    30.9985     6.8894      6.000     6.8684    24.2826     6.8523     9.7926     98.610    298.767    306.022   -0.00739    6.94887    9.93063  302.97933     6.8889   15.62417 6.3850e+01     1.0661     1.4924 0.0000e+00
        341 133.596215    0.02361     1.4167     85.003      7.066  49517.667    31.0406     6.8467      7.000     6.8296    24.3212     6.8071     9.7279     97.890    296.785    304.003   -0.00937    6.95381    9.93769  303.18349     6.8461   15.63373 5.0896e+01     1.1620     1.5031 0.0000e+00
        345 133.596227    0.02389     1.4335     86.010      8.076  49570.758    31.0716     6.8160      8.000     6.8031    24.3495     6.7776     9.6858     97.416    295.490    302.685   -0.00973    6.95735    9.94274  303.32907     6.8153   15.64054 3.9271e+01     1.1813     1.5065 0.0000e+00
        349 133.596238    0.02416     1.4492     86.950      9.084  49611.373    31.0953     6.7932      9.000     6.7805    24.3711     6.7600     9.6607     97.127    294.718    301.901   -0.00893    6.95994    9.94645  303.43584     6.7924   15.64554 3.0279e+01     1.1436     1.4753 0.0000e+00
        352 133.596248    0.02441     1.4645     87.869     10.094  49645.610    31.1149     6.7719     10.000     6.7599    24.3892     6.7407     9.6331     96.814    293.872    301.039   -0.00853    6.96249    9.95009  303.54147     6.7711   15.65049 2.3124e+01     1.0606     1.4456 0.0000e+00
        356 133.596259    0.02465     1.4792     88.751     11.104  49675.897    31.1320     6.7526     11.000     6.7425    24.4052     6.7222     9.6067     96.517    293.061    300.213   -0.00824    6.96481    9.95341  303.63808     6.7517   15.65503 1.7589e+01     0.9547     1.4288 0.0000e+00
        360 133.596269    0.02490     1.4941     89.644     12.113  49707.604    31.1510     6.7384     12.000     6.7331    24.4219     6.7007     9.5760     96.189    292.119    299.254   -0.00813    6.96624    9.95545  303.69533     6.7373   15.65768 1.3499e+01     0.8632     1.3983 0.0000e+00
        363 133.596280    0.02515     1.5092     90.551     13.123  49726.180    31.1625     6.7332     13.000     6.7312    24.4317     6.6783     9.5440     95.863    291.140    298.254   -0.00808    6.96655    9.95590  303.70614     6.7320   15.65815 1.0395e+01     0.7937     1.3663 0.0000e+00
        367 133.596290    0.02541     1.5243     91.456     14.133  49727.225    31.1625     6.7314     14.000     6.7261    24.4319     6.6598     9.5176     95.593    290.335    297.429   -0.00769    6.96685    9.95633  303.71912     6.7302   15.65877 7.9452e+00     0.7577     1.3479 0.0000e+00
        370 133.596300    0.02565     1.5392     92.355     15.142  49731.920    31.1637     6.7228     15.000     6.7170    24.4339     6.6419     9.4920     95.318    289.554    296.628   -0.00743    6.96817    9.95821  303.77588     6.7216   15.66147 6.0725e+00     0.7436     1.3558 0.0000e+00
        374 133.596311    0.02590     1.5544     93.261     16.152  49742.921    31.1697     6.7164     16.000     6.7159    24.4395     6.6326     9.4786     95.173    289.145    296.211   -0.00662    6.96894    9.95931  303.80781     6.7151   15.66296 4.5957e+00     0.7234     1.3769 0.0000e+00
        378 133.596321    0.02616     1.5698     94.185     17.161  49745.795    31.1719     6.7202     17.000     6.7229    24.4408     6.6303     9.4754     95.151    289.047    296.112   -0.00511    6.96822    9.95829  303.77644     6.7187   15.66146 3.4845e+00     0.7191     1.3707 0.0000e+00
        382 133.596333    0.02643     1.5856     95.134     18.171  49741.632    31.1700     6.7279     18.000     6.7313    24.4382     6.6289     9.4734     95.146    288.986    296.049   -0.00392    6.96708    9.95665  303.72706     6.7263   15.65911 2.6415e+00     0.7380     1.3266 0.0000e+00
        385 133.596344    0.02670     1.6020     96.120     19.180  49743.252    31.1729     6.7405     19.000     6.7496    24.4389     6.6317     9.4773     95.216    289.106    296.172   -0.00258    6.96490    9.95354  303.63192     6.7389   15.65457 1.9948e+00     0.7473     1.3091 0.0000e+00
        389 133.596355    0.02697     1.6185     97.108     20.190  49738.431    31.1729     6.7625     20.000     6.7708    24.4363     6.6354     9.4827     95.318    289.269    296.337   -0.00135    6.96133    9.94843  303.47704     6.7609   15.64718 1.5158e+00     0.7431     1.2997 0.0000e+00
        393 133.596367    0.02724     1.6345     98.070     21.200  49728.507    31.1684     6.7783     21.000     6.7776    24.4306     6.6394     9.4884     95.408    289.445    296.516   -0.00056    6.95900    9.94511  303.37730     6.7765   15.64245 1.1618e+00     0.7339     1.2703 0.0000e+00
        397 133.596377    0.02750     1.6500     99.001     22.209  49724.982    31.1652     6.7766     22.000     6.7664    24.4284     6.6438     9.4947     95.465    289.636    296.712   -0.00009    6.95941    9.94570  303.39594     6.7748   15.64335 8.8905e-01     0.7061     1.2423 0.0000e+00
        401 133.596388    0.02775     1.6649     99.894     23.218  49737.590    31.1709     6.7620     23.000     6.7535    24.4347     6.6394     9.4884     95.373    289.443    296.515   -0.00058    6.96150    9.94868  303.48516     6.7601   15.64758 6.8582e-01     0.6577     1.2283 0.0000e+00
        404 133.596398    0.02800     1.6795    100.769     24.228  49746.728    31.1748     6.7510     24.000     6.7412    24.4392     6.6291     9.4738     95.204    288.996    296.059   -0.00149    6.96311    9.95098  303.55395     6.7490   15.65084 5.2934e-01     0.6295     1.2175 0.0000e+00
        408 133.596408    0.02823     1.6940    101.641     25.238  49759.187    31.1804     6.7366     25.000     6.7273    24.4454     6.6174     9.4568     95.006    288.479    295.530   -0.00231    6.96517    9.95393  303.64208     6.7345   15.65502 4.1112e-01     0.6284     1.2251 0.0000e+00
        411 133.596418    0.02848     1.7088    102.529     26.247  49773.420    31.1879     6.7262     26.000     6.7225    24.4528     6.6048     9.4389     94.808    287.929    294.970   -0.00300    6.96652    9.95585  303.69844     6.7240   15.65768 3.1899e-01     0.6070     1.2464 0.0000e+00
        415 133.596429    0.02874     1.7243    103.460     27.257  49776.772    31.1895     6.7242     27.000     6.7219    24.4542     6.5958     9.4261     94.675    287.537    294.569   -0.00312    6.96677    9.95621  303.70896     6.7219   15.65817 2.4940e-01     0.5810     1.2492 0.0000e+00
        419 133.596440    0.02901     1.7406    104.439     28.266  49776.248    31.1887     6.7244     28.000     6.7210    24.4535     6.5909     9.4191     94.605    287.324    294.349   -0.00276    6.96677    9.95622  303.70933     6.7220   15.65819 1.9731e-01     0.5775     1.2592 0.0000e+00
        423 133.596452    0.02928     1.7570    105.419     29.276  49778.868    31.1896     6.7218     29.000     6.7178    24.4546     6.5891     9.4164     94.573    287.243    294.267   -0.00231    6.96715    9.95675  303.72536     6.7193   15.65895 1.5815e-01     0.5830     1.2567 0.0000e+00
        426 133.596462    0.02954     1.7729    106.371     30.285  49779.953    31.1893     6.7183     30.000     6.7111    24.4547     6.5895     9.4170     94.571    287.260    294.285   -0.00178    6.96773    9.95758  303.75057     6.7158   15.66016 1.2912e-01     0.5907     1.2631 0.0000e+00
        430 133.596474    0.02981     1.7889    107.332     31.296  49787.199    31.1918     6.7073     31.000     6.6972    24.4582     6.5860     9.4120     94.499    287.108    294.129   -0.00174    6.96940    9.95996  303.82220     6.7046   15.66356 1.0742e-01     0.5744     1.2706 0.0000e+00
        434 133.596484    0.03007     1.8042    108.251     32.305  49800.392    31.1980     6.6937     32.000     6.6843    24.4649     6.5788     9.4016     94.369    286.790    293.805   -0.00212    6.97131    9.96270  303.90371     6.6910   15.66742 9.0975e-02     0.5401     1.2893 0.0000e+00
        438 133.596495    0.03032     1.8192    109.151     33.314  49813.307    31.2045     6.6823     33.000     6.6742    24.4714     6.5713     9.3911     94.242    286.467    293.477   -0.00239    6.97286    9.96491  303.96924     6.6795   15.67052 7.9197e-02     0.5143     1.3163 0.0000e+00
        441 133.596506    0.03057     1.8345    110.067     34.324  49824.334    31.2101     6.6737     34.000     6.6684    24.4769     6.5618     9.3774     94.089    286.046    293.048   -0.00272    6.97399    9.96653  304.01710     6.6709   15.67278 7.0725e-02     0.4922     1.3287 0.0000e+00
        445 133.596516    0.03083     1.8498    110.985     35.333  49829.666    31.2127     6.6701     35.000     6.6657    24.4794     6.5521     9.3635     93.943    285.622    292.614   -0.00296    6.97447    9.96721  304.03706     6.6671   15.67372 6.4338e-02     0.4778     1.3437 0.0000e+00
        449 133.596527    0.03109     1.8654    111.923     36.343  49833.092    31.2141     6.6673     36.000     6.6630    24.4809     6.5438     9.3518     93.820    285.264    292.247   -0.00297    6.97484    9.96775  304.05306     6.6643   15.67448 5.9736e-02     0.4705     1.3655 0.0000e+00
        453 133.596538    0.03136     1.8816    112.894     37.353  49836.084    31.2154     6.6654     37.000     6.6616    24.4821     6.5386     9.3443     93.742    285.035    292.013   -0.00274    6.97509    9.96810  304.06344     6.6623   15.67497 5.6367e-02     0.4591     1.3650 0.0000e+00
        457 133.596550    0.03164     1.8982    113.890     38.362  49837.987    31.2161     6.6644     38.000     6.6609    24.4828     6.5379     9.3434     93.731    285.007    291.984   -0.00215    6.97523    9.96831  304.06952     6.6612   15.67525 5.3858e-02     0.4657     1.3710 0.0000e+00
        461 133.596562    0.03192     1.9151    114.908     39.372  49838.765    31.2160     6.6639     39.000     6.6596    24.4829     6.5353     9.3395     93.691    284.889    291.864   -0.00181    6.97532    9.96843  304.07320     6.6605   15.67543 5.2036e-02     0.4651     1.3656 0.0000e+00
        465 133.596573    0.03219     1.9317    115.904     40.382  49841.047    31.2167     6.6615     40.000     6.6559    24.4837     6.5318     9.3347     93.637    284.739    291.711   -0.00171    6.97567    9.96893  304.08824     6.6581   15.67615 5.0747e-02     0.4755     1.3669 0.0000e+00
        469 133.596585    0.03247     1.9483    116.896     41.391  49846.019    31.2190     6.6572     41.000     6.6522    24.4860     6.5296     9.3315     93.598    284.642    291.613   -0.00153    6.97626    9.96978  304.11343     6.6537   15.67734 4.9713e-02     0.4745     1.3600 0.0000e+00
        473 133.596596    0.03275     1.9647    117.881     42.401  49849.971    31.2208     6.6550     42.000     6.6509    24.4878     6.5250     9.3249     93.528    284.440    291.406   -0.00158    6.97653    9.97017  304.12479     6.6514   15.67787 4.8915e-02     0.4767     1.3732 0.0000e+00
        477 133.596608    0.03303     1.9814    118.885     43.411  49852.036    31.2217     6.6541     43.000     6.6500    24.4885     6.5210     9.3191     93.469    284.266    291.228   -0.00157    6.97664    9.97032  304.12910     6.6505   15.67807 4.8282e-02     0.4647     1.3826 0.0000e+00
        480 133.596619    0.03329     1.9979    119.874     44.420  49854.985    31.2229     6.6529     44.000     6.6474    24.4898     6.5199     9.3176     93.451    284.218    291.178   -0.00133    6.97678    9.97052  304.13497     6.6491   15.67834 4.7764e-02     0.4437     1.3723 0.0000e+00
        484 133.596630    0.03356     2.0139    120.834     45.430  49864.140    31.2281     6.6489     45.000     6.6417    24.4943     6.5168     9.3131     93.401    284.080    291.038   -0.00130    6.97720    9.97111  304.15147     6.6450   15.67911 4.7220e-02     0.4354     1.3979 0.0000e+00
        488 133.596641    0.03383     2.0297    121.783     46.440  49880.091    31.2375     6.6421     46.000     6.6342    24.5026     6.5113     9.3054     93.314    283.842    290.797   -0.00152    6.97786    9.97205  304.17790     6.6382   15.68033 4.7170e-02     0.4086     1.4140 0.0000e+00
        492 133.596652    0.03409     2.0455    122.729     47.449  49899.653    31.2492     6.6348     47.000     6.6274    24.5128     6.5063     9.2981     93.233    283.618    290.570   -0.00166    6.97851    9.97298  304.20316     6.6308   15.68149 4.7099e-02     0.3709     1.4247 0.0000e+00
        496 133.596663    0.03436     2.0612    123.671     48.459  49920.443    31.2621     6.6287     48.000     6.6221    24.5237     6.5004     9.2897     93.144    283.359    290.308   -0.00180    6.97889    9.97353  304.21677     6.6247   15.68209 4.6985e-02     0.3391     1.4294 0.0000e+00
        499 133.596674    0.03461     2.0767    124.603     49.469  49932.002    31.2690     6.6249     49.000     6.6196    24.5296     6.4929     9.2790     93.033    283.031    289.974   -0.00202    6.97921    9.97398  304.22873     6.6207   15.68263 4.6896e-02     0.3073     1.4147 0.0000e+00
        503 133.596684    0.03487     2.0921    125.528     50.478  49937.615    31.2721     6.6231     50.000     6.6180    24.5323     6.4844     9.2668     92.908    282.658    289.592   -0.00228    6.97934    9.97419  304.23408     6.6189   15.68287 4.6822e-02     0.2914     1.4240 0.0000e+00
        507 133.596695    0.03513     2.1076    126.458     51.487  49946.489    31.2774     6.6213     51.000     6.6155    24.5367     6.4766     9.2558     92.797    282.320    289.248   -0.00242    6.97941    9.97428  304.23553     6.6169   15.68292 4.6745e-02     0.2952     1.4060 0.0000e+00
        511 133.596706    0.03539     2.1235    127.411     52.497  49955.002    31.2825     6.6191     52.000     6.6140    24.5410     6.4716     9.2485     92.722    282.096    289.019   -0.00231    6.97953    9.97444  304.23922     6.6147   15.68308 4.6655e-02     0.3024     1.3733 0.0000e+00
        515 133.596718    0.03567     2.1402    128.411     53.507  49962.608    31.2871     6.6180     53.000     6.6131    24.5447     6.4698     9.2460     92.697    282.019    288.940   -0.00190    6.97950    9.97439  304.23677     6.6135   15.68294 4.6496e-02     0.2948     1.3718 0.0000e+00
