CTD-processing/allCTD/CNV/2016_02-15_t6_s17_cast124_5028.cnv
* Sea-Bird SBE19plus Data File:
* FileName = C:\Users\Kris.Holderied\Documents\kasitsna\Research-KBL\Oceanography-AK\CTD-Data-ALL-to-2016-02\2016-CTD-KachemakBay-CookInlet\2016-02-CookInlet-quarterly\2016-02-15-CookInlet-Tran6-Douglas\2016-02-15-CookInlet-Tran6-cast124.hex
* Software Version 1.59
* Temperature SN =  5028
* Conductivity SN =  5028
* System UpLoad Time = Feb 15 2016 19:40:20
** Cook Inlet LTM Tran6 Douglas West to East

** Date: 02-15
** Station: 6-17
** Start time (AKST): 13:46
** Depth (m): 162
** Comment:  R/V Pandalus
** Comment:
# nquan = 27
# nvalues = 161                         
# units = specified
# name 0 = scan: Scan Count
# name 1 = timeJ: Julian Days
# name 2 = timeH: Time, Elapsed [hours]
# name 3 = timeM: Time, Elapsed [minutes]
# name 4 = timeS: Time, Elapsed [seconds]
# name 5 = prdM: Pressure, Strain Gauge [db]
# name 6 = specc: Specific Conductance [uS/cm]
# name 7 = sal00: Salinity, Practical [PSU]
# name 8 = tv290C: Temperature [ITS-90, deg C]
# name 9 = depSM: Depth [salt water, m], lat = 59.00
# name 10 = potemp090C: Potential Temperature [ITS-90, deg C]
# name 11 = sigma-é00: Density [sigma-theta, kg/m^3]
# name 12 = sbeox0ML/L: Oxygen, SBE 43 [ml/l]
# name 13 = sbeox0Mg/L: Oxygen, SBE 43 [mg/l]
# name 14 = sbeox0PS: Oxygen, SBE 43 [% saturation]
# name 15 = sbox0Mm/Kg: Oxygen, SBE 43 [umol/kg]
# name 16 = sbeox0Mm/L: Oxygen, SBE 43 [umol/l]
# name 17 = sbox0dV/dT: Oxygen, SBE 43 [dov/dt]
# name 18 = oxsolML/L: Oxygen Saturation, Garcia & Gordon [ml/l]
# name 19 = oxsolMg/L: Oxygen Saturation, Garcia & Gordon [mg/l]
# name 20 = oxsolMm/Kg: Oxygen Saturation, Garcia & Gordon [umol/kg]
# name 21 = potemp090C: Potential Temperature [ITS-90, deg C]
# name 22 = n2satMg/L: Nitrogen Saturation [mg/l]
# name 23 = par: PAR/Irradiance, Biospherical/Licor
# name 24 = flECO-AFL: Fluorescence, WET Labs ECO-AFL/FL [mg/m^3]
# name 25 = turbWETntu0: Turbidity, WET Labs ECO [NTU]
# name 26 = flag: flag
# span 0 =         19,        733       
# span 1 =  46.573998,  46.576065       
# span 2 =    0.00123,    0.05084       
# span 3 =     0.0736,     3.0509       
# span 4 =      4.417,    183.051       
# span 5 =      1.010,    162.582       
# span 6 =  50043.394,  51244.790       
# span 7 =    31.3344,    32.1216       
# span 8 =     6.3253,     6.6181       
# span 9 =      1.000,    161.000       
# span 10 =     6.3259,     6.6080      
# span 11 =    24.6182,    25.2066      
# span 12 =     5.4730,     6.3110      
# span 13 =     7.8215,     9.0191      
# span 14 =     78.073,     90.535      
# span 15 =    238.499,    274.978      
# span 16 =    244.425,    281.852      
# span 17 =   -0.00927,    0.03336      
# span 18 =    6.94239,    7.02620      
# span 19 =    9.92137,   10.04114      
# span 20 =  302.43153,  306.26400      
# span 21 =     6.3252,     6.6080      
# span 22 =   15.59358,   15.77937      
# span 23 = 3.7976e-02, 1.2740e+02      
# span 24 =     0.1105,     0.2234      
# span 25 =     0.3236,     1.0489      
# span 26 = 0.0000e+00, 0.0000e+00      
# interval = meters: 1                  
# start_time = Feb 15 2016 13:46:29 [Instrument's time stamp, header]
# bad_flag = -9.990e-29
*END*
[from data line 54]
        390  46.575072    0.02702     1.6212     97.270     55.527  51009.731    32.0056     6.5784     55.000     6.5728    25.1160     6.2426     8.9213     89.784    271.963    278.793   -0.00056    6.95287    9.93636  302.90754     6.5737   15.61663 4.3241e-01     0.1432     0.4320 0.0000e+00
        393  46.575080    0.02721     1.6325     97.949     56.537  51014.236    32.0080     6.5774     56.000     6.5721    25.1181     6.2452     8.9250     89.821    272.075    278.909   -0.00030    6.95292    9.93642  302.90893     6.5726   15.61668 3.9203e-01     0.1381     0.4179 0.0000e+00
        396  46.575089    0.02741     1.6449     98.695     57.546  51017.685    32.0099     6.5768     57.000     6.5716    25.1196     6.2471     8.9277     89.848    272.158    278.995   -0.00013    6.95293    9.93643  302.90893     6.5719   15.61668 3.5711e-01     0.1413     0.4079 0.0000e+00
        400  46.575100    0.02768     1.6607     99.643     58.556  51020.727    32.0114     6.5763     58.000     6.5710    25.1209     6.2457     8.9258     89.829    272.100    278.936   -0.00022    6.95295    9.93646  302.90923     6.5713   15.61669 3.2616e-01     0.1531     0.4069 0.0000e+00
        404  46.575112    0.02797     1.6782    100.693     59.565  51022.830    32.0123     6.5759     59.000     6.5708    25.1217     6.2418     8.9201     89.771    271.926    278.757   -0.00057    6.95296    9.93648  302.90970     6.5709   15.61671 2.9587e-01     0.1465     0.4134 0.0000e+00
        407  46.575121    0.02819     1.6913    101.477     60.575  51024.132    32.0127     6.5759     60.000     6.5707    25.1220     6.2430     8.9219     89.790    271.982    278.814   -0.00045    6.95295    9.93645  302.90890     6.5707   15.61666 2.6785e-01     0.1410     0.4168 0.0000e+00
        410  46.575129    0.02837     1.7023    102.138     61.585  51025.331    32.0131     6.5760     61.000     6.5707    25.1223     6.2455     8.9255     89.826    272.089    278.924   -0.00021    6.95292    9.93641  302.90759     6.5707   15.61660 2.4348e-01     0.1425     0.4110 0.0000e+00
        412  46.575136    0.02855     1.7130    102.781     62.595  51026.483    32.0135     6.5760     62.000     6.5707    25.1226     6.2476     8.9285     89.857    272.182    279.020   -0.00005    6.95289    9.93638  302.90635     6.5707   15.61654 2.2275e-01     0.1466     0.4021 0.0000e+00
        415  46.575145    0.02875     1.7250    103.500     63.604  51027.835    32.0139     6.5760     63.000     6.5707    25.1230     6.2493     8.9310     89.882    272.256    279.096    0.00004    6.95286    9.93633  302.90502     6.5707   15.61648 2.0430e-01     0.1482     0.3947 0.0000e+00
        418  46.575154    0.02899     1.7395    104.371     64.614  51029.652    32.0147     6.5761     64.000     6.5706    25.1236     6.2499     8.9317     89.890    272.279    279.120    0.00003    6.95282    9.93628  302.90306     6.5706   15.61638 1.8752e-01     0.1498     0.4002 0.0000e+00
        422  46.575166    0.02926     1.7554    105.323     65.623  51032.293    32.0161     6.5762     65.000     6.5707    25.1247     6.2491     8.9306     89.880    272.245    279.085   -0.00011    6.95275    9.93616  302.89928     6.5706   15.61620 1.7200e-01     0.1540     0.3964 0.0000e+00
        426  46.575176    0.02951     1.7706    106.234     66.633  51034.808    32.0174     6.5765     66.000     6.5711    25.1257     6.2485     8.9297     89.872    272.217    279.057   -0.00019    6.95263    9.93600  302.89392     6.5709   15.61593 1.5811e-01     0.1510     0.3875 0.0000e+00
        429  46.575186    0.02975     1.7854    107.124     67.643  51038.091    32.0193     6.5769     67.000     6.5716    25.1271     6.2483     8.9294     89.871    272.207    279.048   -0.00022    6.95247    9.93577  302.88645     6.5713   15.61557 1.4617e-01     0.1423     0.3865 0.0000e+00
        433  46.575197    0.03000     1.8001    108.004     68.653  51043.150    32.0225     6.5778     68.000     6.5727    25.1295     6.2494     8.9310     89.891    272.257    279.099   -0.00013    6.95219    9.93537  302.87350     6.5720   15.61494 1.3532e-01     0.1350     0.3854 0.0000e+00
        436  46.575206    0.03022     1.8132    108.793     69.663  51050.259    32.0272     6.5792     69.000     6.5745    25.1331     6.2498     8.9316     89.903    272.274    279.117   -0.00007    6.95175    9.93475  302.85351     6.5733   15.61397 1.2532e-01     0.1275     0.3783 0.0000e+00
        439  46.575214    0.03041     1.8246    109.479     70.672  51058.744    32.0330     6.5811     70.000     6.5770    25.1374     6.2492     8.9307     89.901    272.246    279.089   -0.00014    6.95118    9.93392  302.82718     6.5751   15.61269 1.1653e-01     0.1185     0.3721 0.0000e+00
        442  46.575222    0.03059     1.8356    110.135     71.683  51067.320    32.0390     6.5837     71.000     6.5800    25.1418     6.2490     8.9304     89.907    272.236    279.080   -0.00016    6.95047    9.93291  302.79524     6.5776   15.61114 1.0875e-01     0.1323     0.3700 0.0000e+00
        444  46.575229    0.03077     1.8467    110.805     72.692  51073.007    32.0431     6.5869     72.000     6.5826    25.1446     6.2491     8.9306     89.919    272.241    279.087   -0.00012    6.94978    9.93193  302.76428     6.5807   15.60965 1.0184e-01     0.1500     0.3716 0.0000e+00
        447  46.575237    0.03098     1.8587    111.523     73.702  51078.017    32.0465     6.5897     73.000     6.5850    25.1470     6.2474     8.9282     89.902    272.166    279.010   -0.00023    6.94917    9.93106  302.73703     6.5834   15.60834 9.5560e-02     0.1485     0.3759 0.0000e+00
        450  46.575246    0.03119     1.8714    112.286     74.711  51082.843    32.0499     6.5921     74.000     6.5871    25.1494     6.2461     8.9263     89.891    272.108    278.953   -0.00035    6.94862    9.93028  302.71246     6.5857   15.60715 9.0080e-02     0.1467     0.3743 0.0000e+00
        453  46.575256    0.03141     1.8847    113.079     75.721  51087.572    32.0531     6.5942     75.000     6.5890    25.1516     6.2469     8.9274     89.907    272.138    278.983   -0.00025    6.94814    9.92958  302.69055     6.5878   15.60609 8.5489e-02     0.1449     0.3743 0.0000e+00
        457  46.575265    0.03164     1.8982    113.893     76.731  51091.971    32.0560     6.5962     76.000     6.5907    25.1538     6.2443     8.9236     89.876    272.026    278.868   -0.00037    6.94767    9.92892  302.66969     6.5897   15.60509 8.0167e-02     0.1430     0.3752 0.0000e+00
        460  46.575274    0.03185     1.9111    114.668     77.741  51095.111    32.0581     6.5978     77.000     6.5921    25.1552     6.2401     8.9178     89.820    271.845    278.683   -0.00069    6.94733    9.92843  302.65440     6.5911   15.60435 7.5630e-02     0.1441     0.3697 0.0000e+00
        463  46.575283    0.03205     1.9229    115.378     78.751  51099.371    32.0608     6.5992     78.000     6.5935    25.1571     6.2392     8.9165     89.812    271.808    278.646   -0.00071    6.94698    9.92794  302.63881     6.5925   15.60359 7.2270e-02     0.1561     0.3649 0.0000e+00
        465  46.575290    0.03224     1.9342    116.055     79.761  51102.718    32.0629     6.6007     79.000     6.5949    25.1587     6.2367     8.9128     89.779    271.695    278.530   -0.00076    6.94664    9.92744  302.62317     6.5939   15.60284 6.8859e-02     0.1595     0.3613 0.0000e+00
        468  46.575298    0.03243     1.9459    116.752     80.771  51104.787    32.0642     6.6021     80.000     6.5960    25.1594     6.2295     8.9026     89.680    271.383    278.211   -0.00119    6.94635    9.92704  302.61072     6.5952   15.60224 6.5585e-02     0.1551     0.3606 0.0000e+00
        471  46.575306    0.03263     1.9576    117.457     81.781  51106.861    32.0654     6.6032     81.000     6.5968    25.1602     6.2255     8.8968     89.625    271.205    278.029   -0.00147    6.94612    9.92670  302.60026     6.5962   15.60174 6.2763e-02     0.1481     0.3641 0.0000e+00
        474  46.575314    0.03282     1.9688    118.126     82.791  51108.040    32.0659     6.6041     82.000     6.5974    25.1606     6.2301     8.9034     89.694    271.407    278.236   -0.00098    6.94596    9.92647  302.59319     6.5970   15.60140 6.0474e-02     0.1280     0.3632 0.0000e+00
        476  46.575321    0.03299     1.9789    118.734     83.800  51108.922    32.0661     6.6045     83.000     6.5975    25.1607     6.2373     8.9138     89.799    271.722    278.559   -0.00021    6.94588    9.92636  302.58969     6.5974   15.60123 5.8472e-02     0.1105     0.3632 0.0000e+00
        478  46.575328    0.03314     1.9886    119.315     84.810  51109.885    32.0663     6.6047     84.000     6.5974    25.1608     6.2417     8.9200     89.862    271.912    278.755    0.00020    6.94584    9.92630  302.58787     6.5975   15.60115 5.6850e-02     0.1105     0.3687 0.0000e+00
        481  46.575335    0.03330     1.9984    119.906     85.819  51110.879    32.0666     6.6048     85.000     6.5973    25.1610     6.2393     8.9167     89.829    271.810    278.649    0.00001    6.94582    9.92627  302.58702     6.5974   15.60110 5.5226e-02     0.1192     0.3714 0.0000e+00
        483  46.575342    0.03349     2.0093    120.556     86.830  51111.996    32.0668     6.6047     86.000     6.5972    25.1612     6.2368     8.9130     89.792    271.700    278.536   -0.00035    6.94582    9.92626  302.58659     6.5973   15.60108 5.3503e-02     0.1447     0.3684 0.0000e+00
        486  46.575350    0.03369     2.0214    121.284     87.840  51113.054    32.0671     6.6047     87.000     6.5972    25.1615     6.2373     8.9138     89.800    271.723    278.560   -0.00035    6.94580    9.92624  302.58586     6.5972   15.60105 5.2470e-02     0.1579     0.3619 0.0000e+00
        489  46.575359    0.03390     2.0339    122.037     88.849  51114.336    32.0676     6.6048     88.000     6.5973    25.1618     6.2383     8.9151     89.814    271.763    278.601   -0.00020    6.94577    9.92618  302.58410     6.5972   15.60096 5.1198e-02     0.1534     0.3562 0.0000e+00
        492  46.575367    0.03410     2.0460    122.757     89.860  51116.962    32.0689     6.6050     89.000     6.5977    25.1629     6.2326     8.9069     89.733    271.514    278.346   -0.00062    6.94566    9.92605  302.57943     6.5974   15.60073 4.9887e-02     0.1466     0.3630 0.0000e+00
        495  46.575376    0.03430     2.0576    123.458     90.870  51123.450    32.0731     6.6058     90.000     6.5995    25.1661     6.2297     8.9028     89.696    271.389    278.218   -0.00091    6.94535    9.92559  302.56474     6.5981   15.60002 4.8872e-02     0.1427     0.3816 0.0000e+00
        498  46.575384    0.03449     2.0698    124.189     91.880  51134.035    32.0804     6.6083     91.000     6.6027    25.1715     6.2337     8.9085     89.763    271.560    278.395   -0.00045    6.94462    9.92455  302.53138     6.6004   15.59840 4.8025e-02     0.1360     0.3894 0.0000e+00
        501  46.575394    0.03472     2.0834    125.002     92.889  51139.664    32.0845     6.6119     92.000     6.6053    25.1743     6.2334     8.9082     89.770    271.550    278.386   -0.00022    6.94384    9.92345  302.49700     6.6039   15.59674 4.6928e-02     0.1318     0.3810 0.0000e+00
        505  46.575404    0.03497     2.0981    125.885     93.899  51140.849    32.0852     6.6138     93.000     6.6062    25.1747     6.2255     8.8969     89.660    271.204    278.032   -0.00087    6.94350    9.92296  302.48184     6.6058   15.59601 4.5840e-02     0.1456     0.3719 0.0000e+00
        508  46.575413    0.03519     2.1111    126.666     94.909  51142.145    32.0858     6.6144     94.000     6.6065    25.1751     6.2227     8.8928     89.621    271.080    277.905   -0.00101    6.94338    9.92279  302.47660     6.6063   15.59576 4.3744e-02     0.1471     0.3703 0.0000e+00
        510  46.575420    0.03537     2.1220    127.320     95.919  51143.475    32.0863     6.6147     95.000     6.6067    25.1754     6.2218     8.8916     89.610    271.045    277.869   -0.00096    6.94330    9.92268  302.47303     6.6065   15.59559 4.0559e-02     0.1515     0.3842 0.0000e+00
        513  46.575427    0.03553     2.1316    127.898     96.929  51144.376    32.0865     6.6151     96.000     6.6068    25.1756     6.2232     8.8936     89.630    271.105    277.930   -0.00078    6.94325    9.92259  302.47048     6.6068   15.59546 3.8737e-02     0.1530     0.4017 0.0000e+00
        515  46.575434    0.03568     2.1411    128.468     97.938  51145.094    32.0866     6.6152     97.000     6.6068    25.1756     6.2271     8.8991     89.685    271.271    278.101   -0.00044    6.94322    9.92256  302.46938     6.6068   15.59541 3.8254e-02     0.1386     0.4095 0.0000e+00
        517  46.575441    0.03585     2.1514    129.086     98.948  51145.786    32.0866     6.6153     98.000     6.6069    25.1756     6.2302     8.9037     89.732    271.411    278.243   -0.00011    6.94321    9.92254  302.46866     6.6068   15.59538 3.8068e-02     0.1301     0.4123 0.0000e+00
        520  46.575449    0.03605     2.1632    129.792     99.958  51146.429    32.0866     6.6153     99.000     6.6068    25.1755     6.2295     8.9026     89.722    271.378    278.211   -0.00014    6.94319    9.92251  302.46806     6.6069   15.59536 3.8045e-02     0.1345     0.4090 0.0000e+00
        523  46.575458    0.03627     2.1759    130.556    100.968  51147.299    32.0867     6.6154    100.000     6.6066    25.1757     6.2257     8.8972     89.667    271.212    278.041   -0.00051    6.94318    9.92250  302.46762     6.6068   15.59533 3.8099e-02     0.1307     0.4006 0.0000e+00
        526  46.575466    0.03647     2.1882    131.290    101.978  51147.916    32.0866     6.6152    101.000     6.6060    25.1756     6.2225     8.8926     89.620    271.072    277.897   -0.00074    6.94323    9.92257  302.46956     6.6065   15.59542 3.8181e-02     0.1386     0.3961 0.0000e+00
        529  46.575475    0.03667     2.1998    131.990    102.989  51149.086    32.0868     6.6146    102.000     6.6054    25.1759     6.2205     8.8898     89.591    270.987    277.810   -0.00084    6.94330    9.92268  302.47273     6.6058   15.59558 3.8068e-02     0.1533     0.3983 0.0000e+00
        532  46.575483    0.03687     2.2121    132.729    103.998  51150.431    32.0872     6.6141    103.000     6.6048    25.1763     6.2210     8.8905     89.597    271.008    277.831   -0.00075    6.94336    9.92277  302.47555     6.6052   15.59571 3.8046e-02     0.1484     0.4034 0.0000e+00
        535  46.575493    0.03710     2.2262    133.573    105.009  51151.703    32.0875     6.6137    104.000     6.6044    25.1766     6.2231     8.8933     89.625    271.095    277.920   -0.00047    6.94341    9.92283  302.47759     6.6047   15.59581 3.8026e-02     0.1483     0.3951 0.0000e+00
        539  46.575503    0.03735     2.2412    134.469    106.018  51153.092    32.0880     6.6133    105.000     6.6038    25.1770     6.2218     8.8916     89.606    271.040    277.864   -0.00048    6.94346    9.92289  302.47931     6.6042   15.59588 3.7986e-02     0.1437     0.3956 0.0000e+00
        542  46.575512    0.03758     2.2546    135.275    107.028  51155.092    32.0887     6.6126    106.000     6.6029    25.1777     6.2198     8.8887     89.576    270.952    277.774   -0.00064    6.94353    9.92300  302.48225     6.6035   15.59602 3.7978e-02     0.1333     0.4030 0.0000e+00
        545  46.575520    0.03776     2.2657    135.944    108.038  51157.278    32.0897     6.6120    107.000     6.6026    25.1786     6.2200     8.8890     89.579    270.962    277.785   -0.00059    6.94360    9.92310  302.48500     6.6027   15.59615 3.7976e-02     0.1280     0.4112 0.0000e+00
