CTD-processing/allCTD/CNV/2016_08-31_t6_s02_cast118_5028.cnv
* Sea-Bird SBE19plus Data File:
* FileName = C:\Users\Kim.Powell\Desktop\2016_08-31_T6_5028\2016_08-31_T6_5028_cast118.hex
* Software Version 1.59
* Temperature SN =  5028
* Conductivity SN =  5028
* System UpLoad Time = Aug 31 2016 22:24:35
** CookInlet LTM Transect 7
** 2016_08-30
** Station: 6-02
** Start Time: 18:53
** Depth (m): 45.7
** Comment:
** Comment:
# nquan = 27
# nvalues = 45                          
# units = specified
# name 0 = scan: Scan Count
# name 1 = timeJ: Julian Days
# name 2 = timeH: Time, Elapsed [hours]
# name 3 = timeM: Time, Elapsed [minutes]
# name 4 = timeS: Time, Elapsed [seconds]
# name 5 = prdM: Pressure, Strain Gauge [db]
# name 6 = specc: Specific Conductance [uS/cm]
# name 7 = sal00: Salinity, Practical [PSU]
# name 8 = tv290C: Temperature [ITS-90, deg C]
# name 9 = depSM: Depth [salt water, m], lat = 59.00
# name 10 = potemp090C: Potential Temperature [ITS-90, deg C]
# name 11 = sigma-é00: Density [sigma-theta, kg/m^3]
# name 12 = sbeox0ML/L: Oxygen, SBE 43 [ml/l]
# name 13 = sbeox0Mg/L: Oxygen, SBE 43 [mg/l]
# name 14 = sbeox0PS: Oxygen, SBE 43 [% saturation]
# name 15 = sbox0Mm/Kg: Oxygen, SBE 43 [umol/kg]
# name 16 = sbeox0Mm/L: Oxygen, SBE 43 [umol/l]
# name 17 = sbox0dV/dT: Oxygen, SBE 43 [dov/dt]
# name 18 = oxsolML/L: Oxygen Saturation, Garcia & Gordon [ml/l]
# name 19 = oxsolMg/L: Oxygen Saturation, Garcia & Gordon [mg/l]
# name 20 = oxsolMm/Kg: Oxygen Saturation, Garcia & Gordon [umol/kg]
# name 21 = potemp090C: Potential Temperature [ITS-90, deg C]
# name 22 = n2satMg/L: Nitrogen Saturation [mg/l]
# name 23 = par: PAR/Irradiance, Biospherical/Licor
# name 24 = flECO-AFL: Fluorescence, WET Labs ECO-AFL/FL [mg/m^3]
# name 25 = turbWETntu0: Turbidity, WET Labs ECO [NTU]
# name 26 = flag: flag
# span 0 =        192,        517       
# span 1 = 244.787545, 244.788483       
# span 2 =    0.01330,    0.03580       
# span 3 =     0.7977,     2.1485       
# span 4 =     47.863,    128.907       
# span 5 =      1.009,     45.429       
# span 6 =  45618.592,  47161.140       
# span 7 =    29.0926,    30.0048       
# span 8 =    11.4810,    13.1263       
# span 9 =      1.000,     45.000       
# span 10 =    11.4785,    13.1310      
# span 11 =    21.7976,    22.8062      
# span 12 =     5.3489,     5.8573      
# span 13 =     7.6442,     8.3707      
# span 14 =     87.193,     95.421      
# span 15 =    233.787,    255.970      
# span 16 =    238.883,    261.587      
# span 17 =   -0.00681,    0.01256      
# span 18 =    6.13445,    6.31440      
# span 19 =    8.76675,    9.02391      
# span 20 =  268.12135,  275.71279      
# span 21 =    11.4756,    13.1262      
# span 22 =   13.96433,   14.32518      
# span 23 = 1.6646e-01, 3.0072e+02      
# span 24 =     0.7838,     8.8636      
# span 25 =     0.3105,     2.4200      
# span 26 = 0.0000e+00, 0.0000e+00      
# interval = meters: 1                  
# start_time = Aug 31 2016 18:53:16 [Instrument's time stamp, header]
# bad_flag = -9.990e-29
*END*
        192 244.787545    0.01330     0.7977     47.863      1.009  45618.592    29.0926    13.1263      1.000    13.1310    21.7976     5.3489     7.6442     87.193    233.787    238.883    0.01256    6.13445    8.76675  268.12518    13.1262   13.96504 3.0072e+02     8.8636     2.4200 0.0000e+00
        330 244.787942    0.02283     1.3700     82.200      2.019  45836.035    29.2316    13.0742      2.000    13.0853    21.9148     5.8263     8.3262     94.960    254.619    260.199    0.00427    6.13542    8.76813  268.13186    13.0740   13.96479 2.5211e+02     1.2397     0.4152 0.0000e+00
        339 244.787970    0.02350     1.4102     84.609      3.028  45823.796    29.2225    13.0791      3.000    13.0494    21.9068     5.8543     8.3663     95.421    255.845    261.450    0.00355    6.13513    8.76772  268.12135    13.0787   13.96433 1.5550e+02     0.9143     0.3456 0.0000e+00
        343 244.787981    0.02378     1.4270     85.623      4.038  45878.212    29.2539    12.9976      4.000    12.9480    21.9466     5.8573     8.3707     95.328    255.970    261.587    0.00196    6.14437    8.78092  268.51444    12.9970   13.98306 1.0846e+02     0.9508     0.3673 0.0000e+00
        348 244.787994    0.02407     1.4438     86.630      5.047  45952.534    29.2996    12.9188      5.000    12.8846    21.9968     5.8479     8.3572     95.045    255.546    261.167   -0.00083    6.15272    8.79286  268.86643    12.9181   13.99977 8.6126e+01     1.0095     0.3450 0.0000e+00
        351 244.788005    0.02434     1.4602     87.609      6.057  46007.406    29.3303    12.8289      6.000    12.7563    22.0376     5.8491     8.3589     94.905    255.586    261.218   -0.00157    6.16310    8.80769  269.30919    12.8281   14.02089 6.6292e+01     1.0414     0.3344 0.0000e+00
        355 244.788016    0.02461     1.4766     88.596      7.067  46126.289    29.4024    12.6929      7.000    12.6457    22.1189     5.8401     8.3461     94.534    255.175    260.820   -0.00350    6.17788    8.82881  269.93340    12.6920   14.05055 5.1298e+01     1.0601     0.3253 0.0000e+00
        359 244.788028    0.02489     1.4933     89.600      8.075  46200.636    29.4483    12.6203      8.000    12.6104    22.1680     5.8293     8.3307     94.242    254.691    260.337   -0.00473    6.18551    8.83970  270.25362    12.6193   14.06573 4.2175e+01     1.0527     0.3288 0.0000e+00
        363 244.788039    0.02517     1.5100     90.600      9.085  46207.484    29.4520    12.6114      9.000    12.5939    22.1725     5.8337     8.3370     94.297    254.883    260.534   -0.00309    6.18653    8.84117  270.29713    12.6102   14.06780 3.3650e+01     1.0432     0.3221 0.0000e+00
        367 244.788051    0.02545     1.5265     91.590     10.095  46231.410    29.4624    12.5422     10.000    12.4661    22.1935     5.8402     8.3462     94.272    255.162    260.824   -0.00203    6.19513    8.85346  270.66750    12.5409   14.08552 2.8118e+01     1.0508     0.3232 0.0000e+00
        371 244.788062    0.02571     1.5428     92.570     11.104  46353.436    29.5365    12.4093     11.000    12.3733    22.2754     5.8243     8.3235     93.796    254.445    260.113   -0.00450    6.20957    8.87410  271.27670    12.4079   14.11444 2.3045e+01     1.0432     0.3237 0.0000e+00
        375 244.788074    0.02599     1.5595     93.572     12.114  46407.953    29.5702    12.3595     12.000    12.3545    22.3107     5.8105     8.3038     93.495    253.833    259.497   -0.00552    6.21476    8.88151  271.49390    12.3580   14.12472 1.8937e+01     1.0092     0.3162 0.0000e+00
        379 244.788086    0.02628     1.5767     94.605     13.123  46412.356    29.5729    12.3586     13.000    12.3611    22.3129     5.8136     8.3082     93.545    253.968    259.635   -0.00360    6.21477    8.88152  271.49360    12.3570   14.12469 1.5621e+01     0.9989     0.3132 0.0000e+00
        384 244.788098    0.02657     1.5941     95.647     14.132  46404.942    29.5680    12.3672     14.000    12.3683    22.3076     5.8231     8.3218     93.711    254.384    260.059   -0.00135    6.21385    8.88021  271.45481    12.3654   14.12285 1.3017e+01     0.9932     0.3189 0.0000e+00
        388 244.788110    0.02686     1.6113     96.678     15.143  46399.801    29.5643    12.3715     15.000    12.3693    22.3040     5.8272     8.3276     93.784    254.564    260.241   -0.00042    6.21342    8.87960  271.43710    12.3695   14.12202 1.0896e+01     0.9856     0.3427 0.0000e+00
        392 244.788121    0.02713     1.6277     97.664     16.151  46399.966    29.5641    12.3715     16.000    12.3683    22.3039     5.8278     8.3284     93.793    254.589    260.267   -0.00032    6.21342    8.87961  271.43745    12.3695   14.12204 9.1400e+00     0.9952     0.3704 0.0000e+00
        396 244.788133    0.02740     1.6443     98.655     17.161  46401.253    29.5640    12.3641     17.000    12.3509    22.3052     5.8279     8.3286     93.780    254.593    260.272   -0.00031    6.21440    8.88100  271.47964    12.3620   14.12406 7.7022e+00     0.9813     0.3475 0.0000e+00
        400 244.788144    0.02769     1.6613     99.679     18.170  46420.885    29.5756    12.3433     18.000    12.3390    22.3180     5.8216     8.3197     93.645    254.318    259.994   -0.00113    6.21667    8.88424  271.57528    12.3411   14.12860 6.4776e+00     0.9962     0.3468 0.0000e+00
        404 244.788157    0.02799     1.6789    100.737     19.180  46421.644    29.5758    12.3440     19.000    12.3399    22.3181     5.8181     8.3147     93.591    254.165    259.838   -0.00132    6.21657    8.88410  271.57109    12.3416   14.12840 5.4620e+00     0.9818     0.3411 0.0000e+00
        408 244.788169    0.02827     1.6963    101.775     20.190  46424.538    29.5763    12.3314     20.000    12.3131    22.3208     5.8190     8.3159     93.580    254.202    259.876   -0.00096    6.21820    8.88643  271.64162    12.3289   14.13178 4.6227e+00     0.9750     0.3263 0.0000e+00
        412 244.788180    0.02855     1.7128    102.770     21.199  46449.188    29.5903    12.2984     21.000    12.2764    22.3377     5.8140     8.3087     93.443    253.980    259.653   -0.00158    6.22199    8.89184  271.80256    12.2958   14.13944 3.9349e+00     0.9827     0.3288 0.0000e+00
        416 244.788192    0.02883     1.7300    103.801     22.209  46482.442    29.6100    12.2604     22.000    12.2445    22.3599     5.8086     8.3010     93.293    253.737    259.411   -0.00221    6.22620    8.89786  271.98064    12.2577   14.14790 3.3721e+00     0.9623     0.3330 0.0000e+00
        420 244.788204    0.02913     1.7479    104.873     23.219  46505.585    29.6238    12.2365     23.000    12.2275    22.3750     5.8067     8.2983     93.223    253.650    259.326   -0.00206    6.22881    8.90159  272.09055    12.2336   14.15312 2.8926e+00     0.9583     0.3161 0.0000e+00
        425 244.788217    0.02942     1.7656    105.934     24.228  46515.053    29.6289    12.2237     24.000    12.2100    22.3814     5.8054     8.2965     93.180    253.593    259.269   -0.00170    6.23029    8.90372  272.15379    12.2206   14.15613 2.4823e+00     0.9589     0.3133 0.0000e+00
        429 244.788229    0.02971     1.7827    106.964     25.238  46534.722    29.6395    12.1928     25.000    12.1666    22.3952     5.8043     8.2949     93.108    253.542    259.220   -0.00168    6.23394    8.90892  272.30913    12.1897   14.16353 2.1328e+00     0.9600     0.3203 0.0000e+00
        433 244.788241    0.03001     1.8004    108.021     26.248  46575.151    29.6634    12.1462     26.000    12.1218    22.4222     5.8027     8.2926     93.004    253.464    259.147   -0.00190    6.23914    8.91636  272.52939    12.1430   14.17399 1.8394e+00     0.9473     0.3296 0.0000e+00
        437 244.788253    0.03031     1.8186    109.118     27.257  46615.426    29.6875    12.1042     27.000    12.0917    22.4485     5.7981     8.2860     92.862    253.257    258.942   -0.00218    6.24375    8.92294  272.72366    12.1008   14.18321 1.5851e+00     0.9490     0.3375 0.0000e+00
        442 244.788267    0.03062     1.8370    110.222     28.266  46629.948    29.6960    12.0901     28.000    12.0828    22.4577     5.7889     8.2730     92.693    252.855    258.534   -0.00268    6.24528    8.92513  272.78790    12.0865   14.18626 1.3725e+00     0.9432     0.3397 0.0000e+00
        446 244.788278    0.03091     1.8547    111.282     29.276  46635.959    29.6990    12.0807     29.000    12.0671    22.4618     5.7875     8.2709     92.653    252.792    258.470   -0.00218    6.24640    8.92673  272.83594    12.0770   14.18855 1.1921e+00     0.9400     0.3193 0.0000e+00
        450 244.788291    0.03120     1.8718    112.310     30.285  46655.058    29.7098    12.0555     30.000    12.0376    22.4747     5.7880     8.2716     92.618    252.811    258.493   -0.00173    6.24931    8.93089  272.95956    12.0518   14.19443 1.0356e+00     0.9537     0.3105 0.0000e+00
        454 244.788303    0.03149     1.8893    113.356     31.294  46679.282    29.7238    12.0278     31.000    12.0077    22.4906     5.7848     8.2671     92.522    252.668    258.351   -0.00187    6.25242    8.93533  273.09103    12.0239   14.20068 9.0106e-01     0.9418     0.3260 0.0000e+00
        459 244.788315    0.03179     1.9071    114.429     32.304  46710.236    29.7412    11.9842     32.000    11.9461    22.5119     5.7788     8.2585     92.350    252.400    258.082   -0.00236    6.25751    8.94261  273.30771    11.9803   14.21099 7.8349e-01     0.9158     0.3207 0.0000e+00
        463 244.788328    0.03209     1.9255    115.531     33.314  46778.673    29.7817    11.9073     33.000    11.8734    22.5572     5.7663     8.2405     92.023    251.840    257.521   -0.00368    6.26613    8.95493  273.67209    11.9033   14.22829 6.8226e-01     0.9116     0.3272 0.0000e+00
        468 244.788341    0.03240     1.9442    116.653     34.324  46831.960    29.8126    11.8421     34.000    11.7944    22.5930     5.7518     8.2199     91.683    251.200    256.876   -0.00474    6.27360    8.96561  273.98889    11.8379   14.24335 5.9425e-01     0.9180     0.3285 0.0000e+00
        472 244.788353    0.03271     1.9623    117.738     35.333  46926.000    29.8672    11.7258     35.000    11.6679    22.6561     5.7411     8.2046     91.318    250.719    256.399   -0.00544    6.28699    8.98473  274.55648    11.7215   14.27034 5.2060e-01     0.8858     0.3299 0.0000e+00
        476 244.788366    0.03301     1.9806    118.834     36.343  47022.372    29.9259    11.6348     36.000    11.6167    22.7177     5.7208     8.1756     90.853    249.818    255.493   -0.00681    6.29683    8.99880  274.96974    11.6305   14.28990 4.5787e-01     0.8561     0.3352 0.0000e+00
        481 244.788380    0.03333     1.9998    119.985     37.353  47047.261    29.9405    11.6097     37.000    11.6006    22.7336     5.7153     8.1678     90.725    249.574    255.247   -0.00550    6.29961    9.00278  275.08699    11.6053   14.29546 4.0488e-01     0.8295     0.3425 0.0000e+00
        485 244.788392    0.03364     2.0185    121.108     38.363  47052.931    29.9436    11.6050     38.000    11.5996    22.7369     5.7180     8.1716     90.761    249.689    255.367   -0.00346    6.30013    9.00351  275.10849    11.6004   14.29648 3.5787e-01     0.8232     0.3352 0.0000e+00
        490 244.788405    0.03393     2.0357    122.140     39.372  47054.837    29.9439    11.5985     39.000    11.5855    22.7383     5.7206     8.1754     90.790    249.805    255.485   -0.00221    6.30100    9.00475  275.14617    11.5938   14.29828 3.1583e-01     0.8225     0.3386 0.0000e+00
        494 244.788416    0.03422     2.0531    123.187     40.381  47070.194    29.9528    11.5828     40.000    11.5727    22.7479     5.7166     8.1697     90.701    249.628    255.306   -0.00203    6.30275    9.00726  275.22020    11.5780   14.30180 2.7980e-01     0.8180     0.3597 0.0000e+00
        498 244.788429    0.03452     2.0715    124.290     41.391  47079.737    29.9580    11.5711     41.000    11.5586    22.7540     5.7109     8.1614     90.590    249.374    255.048   -0.00220    6.30411    9.00920  275.27795    11.5662   14.30454 2.4991e-01     0.8117     0.3470 0.0000e+00
        503 244.788442    0.03484     2.0904    125.423     42.401  47095.648    29.9667    11.5507     42.000    11.5351    22.7644     5.7076     8.1567     90.503    249.227    254.901   -0.00204    6.30651    9.01263  275.37968    11.5457   14.30938 2.2443e-01     0.8123     0.3325 0.0000e+00
        507 244.788455    0.03515     2.1086    126.518     43.410  47115.206    29.9776    11.5259     43.000    11.5067    22.7773     5.7063     8.1549     90.441    249.169    254.845   -0.00187    6.30942    9.01680  275.50364    11.5207   14.31527 2.0253e-01     0.7945     0.3425 0.0000e+00
        511 244.788468    0.03545     2.1269    127.612     44.420  47142.158    29.9933    11.4973     44.000    11.4849    22.7946     5.7012     8.1475     90.313    248.940    254.615   -0.00208    6.31264    9.02140  275.63957    11.4920   14.32172 1.8336e-01     0.7838     0.3502 0.0000e+00
        517 244.788483    0.03580     2.1485    128.907     45.429  47161.140    30.0048    11.4810     45.000    11.4785    22.8062     5.6926     8.1351     90.151    248.559    254.228   -0.00272    6.31440    9.02391  275.71279    11.4756   14.32518 1.6646e-01     0.7864     0.3550 0.0000e+00
