CTD-processing/allCTD/CNV/2016_12-13_t9_s07_cast193_5028.cnv
* Sea-Bird SBE19plus Data File:
* FileName = P:\My Documents\kasitsna\Research-KBL\Oceanography-AK\CTD-Data-ALL-to-2016-05\2016-CTD-KachemakBay-CookInlet\2016-12-CookInlet-quarterly\2016-12-13-CookInlet-Tran9-HomerSpit\2016-12-13-CookInlet-Tran9-cast193.hex
* Software Version 1.59
* Temperature SN =  5028
* Conductivity SN =  5028
* System UpLoad Time = Jan 04 2017 19:30:21
** Cook Inlet LTM Tran 9 south to north
** Date: (YYYY-MM-DD): 2016-12-13
** Station: (eg. 9-01): 9-07
** Start time (AKST): 17:48
** Depth (m): 66.1
** Comment: R/V Alaska Dream Catcher. CTD on AKDT (1 hr ahead).
** Comment:
# nquan = 27
# nvalues = 65                          
# units = specified
# name 0 = scan: Scan Count
# name 1 = timeJ: Julian Days
# name 2 = timeH: Time, Elapsed [hours]
# name 3 = timeM: Time, Elapsed [minutes]
# name 4 = timeS: Time, Elapsed [seconds]
# name 5 = prdM: Pressure, Strain Gauge [db]
# name 6 = specc: Specific Conductance [uS/cm]
# name 7 = sal00: Salinity, Practical [PSU]
# name 8 = tv290C: Temperature [ITS-90, deg C]
# name 9 = depSM: Depth [salt water, m], lat = 59.00
# name 10 = potemp090C: Potential Temperature [ITS-90, deg C]
# name 11 = sigma-é00: Density [sigma-theta, kg/m^3]
# name 12 = sbeox0ML/L: Oxygen, SBE 43 [ml/l]
# name 13 = sbeox0Mg/L: Oxygen, SBE 43 [mg/l]
# name 14 = sbeox0PS: Oxygen, SBE 43 [% saturation]
# name 15 = sbox0Mm/Kg: Oxygen, SBE 43 [umol/kg]
# name 16 = sbeox0Mm/L: Oxygen, SBE 43 [umol/l]
# name 17 = sbox0dV/dT: Oxygen, SBE 43 [dov/dt]
# name 18 = oxsolML/L: Oxygen Saturation, Garcia & Gordon [ml/l]
# name 19 = oxsolMg/L: Oxygen Saturation, Garcia & Gordon [mg/l]
# name 20 = oxsolMm/Kg: Oxygen Saturation, Garcia & Gordon [umol/kg]
# name 21 = potemp090C: Potential Temperature [ITS-90, deg C]
# name 22 = n2satMg/L: Nitrogen Saturation [mg/l]
# name 23 = par: PAR/Irradiance, Biospherical/Licor
# name 24 = flECO-AFL: Fluorescence, WET Labs ECO-AFL/FL [mg/m^3]
# name 25 = turbWETntu0: Turbidity, WET Labs ECO [NTU]
# name 26 = flag: flag
# span 0 =        203,        659       
# span 1 = 348.783281, 348.784602       
# span 2 =    0.01402,    0.04572       
# span 3 =     0.8414,     2.7432       
# span 4 =     50.483,    164.592       
# span 5 =      1.009,     65.624       
# span 6 =  49064.324,  50126.845       
# span 7 =    30.6116,    31.3638       
# span 8 =     5.8934,     6.4775       
# span 9 =      1.000,     65.000       
# span 10 =     6.0135,     6.4727      
# span 11 =    24.0949,    24.6268      
# span 12 =     6.1357,     6.1953      
# span 13 =     8.7685,     8.8536      
# span 14 =     85.976,     88.418      
# span 15 =    267.610,    270.037      
# span 16 =    274.020,    276.681      
# span 17 =   -0.00257,    0.00234      
# span 18 =    6.99956,    7.13650      
# span 19 =   10.00307,   10.19877      
# span 20 =  305.09196,  311.25787      
# span 21 =     5.8933,     6.4727      
# span 22 =   15.72346,   16.02002      
# span 23 = 3.7976e-02, 4.5568e-02      
# span 24 =     0.0719,     0.1414      
# span 25 =     0.6804,     1.4983      
# span 26 = 0.0000e+00, 0.0000e+00      
# interval = meters: 1                  
# start_time = Dec 13 2016 18:47:05 [Instrument's time stamp, header]
# bad_flag = -9.990e-29
*END*
[from data line 54]
        616 348.784476    0.04271     2.5626    153.753     55.526  50087.667    31.3464     6.4739     55.000     6.4702    24.6096     6.1828     8.8358     88.323    269.491    276.123    0.00003    7.00020   10.00399  305.12026     6.4693   15.72481 3.7976e-02     0.0973     0.7042 0.0000e+00
        620 348.784488    0.04300     2.5797    154.780     56.537  50089.282    31.3474     6.4758     56.000     6.4720    24.6102     6.1821     8.8349     88.318    269.462    276.093   -0.00005    6.99984   10.00347  305.10415     6.4712   15.72404 3.7976e-02     0.0867     0.7139 0.0000e+00
        624 348.784500    0.04328     2.5973    155.836     57.546  50089.672    31.3475     6.4775     57.000     6.4727    24.6100     6.1795     8.8311     88.284    269.348    275.976   -0.00027    6.99956   10.00307  305.09196     6.4727   15.72346 3.7976e-02     0.0792     0.6999 0.0000e+00
        629 348.784513    0.04358     2.6150    156.902     58.556  50088.317    31.3458     6.4762     58.000     6.4694    24.6089     6.1772     8.8279     88.248    269.248    275.874   -0.00048    6.99985   10.00348  305.10498     6.4714   15.72408 3.7976e-02     0.0893     0.7011 0.0000e+00
        633 348.784525    0.04388     2.6328    157.965     59.565  50090.274    31.3461     6.4726     59.000     6.4662    24.6095     6.1787     8.8300     88.262    269.313    275.941   -0.00035    7.00043   10.00432  305.13014     6.4677   15.72528 3.7976e-02     0.0845     0.6979 0.0000e+00
        637 348.784538    0.04419     2.6511    159.068     60.575  50088.192    31.3435     6.4689     60.000     6.4610    24.6080     6.1809     8.8330     88.283    269.407    276.036   -0.00018    7.00116   10.00536  305.16245     6.4639   15.72683 3.7976e-02     0.0814     0.6964 0.0000e+00
        642 348.784550    0.04448     2.6689    160.136     61.584  50087.773    31.3416     6.4628     61.000     6.4544    24.6072     6.1817     8.8343     88.282    269.445    276.075   -0.00021    7.00224   10.00691  305.20999     6.4577   15.72911 3.7976e-02     0.0767     0.7211 0.0000e+00
        646 348.784562    0.04476     2.6857    161.139     62.595  50089.321    31.3410     6.4561     62.000     6.4477    24.6076     6.1825     8.8354     88.278    269.478    276.109   -0.00023    7.00336   10.00851  305.25867     6.4509   15.73143 3.7976e-02     0.0719     0.7160 0.0000e+00
        650 348.784574    0.04506     2.7034    162.205     63.604  50091.753    31.3410     6.4497     63.000     6.4412    24.6084     6.1814     8.8339     88.250    269.432    276.062   -0.00038    7.00441   10.01000  305.30375     6.4444   15.73358 3.7976e-02     0.0880     0.7155 0.0000e+00
        654 348.784587    0.04537     2.7223    163.336     64.614  50099.597    31.3447     6.4427     64.000     6.4372    24.6122     6.1823     8.8351     88.251    269.470    276.103   -0.00035    7.00538   10.01139  305.34515     6.4374   15.73554 3.7976e-02     0.0956     0.7187 0.0000e+00
        659 348.784602    0.04572     2.7432    164.592     65.624  50126.845    31.3638     6.4467     65.000     6.4514    24.6268     6.1820     8.8347     88.266    269.452    276.087   -0.00020    7.00384   10.00919  305.27377     6.4412   15.73207 3.7976e-02     0.0879     0.7473 0.0000e+00
