CTD-processing/allCTD/CNV/2016_04-07_t9_s01_cast165_5028.cnv
* Sea-Bird SBE19plus Data File:
* FileName = C:\Users\Kris.Holderied\Documents\kasitsna\Research-KBL\Oceanography-AK\CTD-Data-ALL-to-2016-02\2016-CTD-KachemakBay-CookInlet\2016-04-CookInlet-quarterly\2016-04-06-Tran9-HomerSpit\2016-04-06-CookInlet-Tran9-cast165.hex
* Software Version 1.59
* Temperature SN =  5028
* Conductivity SN =  5028
* System UpLoad Time = Apr 10 2016 01:30:10
** Cook Inlet LTM Tran9 Homer Spit
** Date (YYYY-MM-DD): 2016-04-07
** Station (ie. 9-01):  9-01
** Start time (AKST): 14:05
** Depth (m): 64
** Comment:  KBL R/V Barnacle
** Comment:
# nquan = 27
# nvalues = 64                          
# units = specified
# name 0 = scan: Scan Count
# name 1 = timeJ: Julian Days
# name 2 = timeH: Time, Elapsed [hours]
# name 3 = timeM: Time, Elapsed [minutes]
# name 4 = timeS: Time, Elapsed [seconds]
# name 5 = prdM: Pressure, Strain Gauge [db]
# name 6 = specc: Specific Conductance [uS/cm]
# name 7 = sal00: Salinity, Practical [PSU]
# name 8 = tv290C: Temperature [ITS-90, deg C]
# name 9 = depSM: Depth [salt water, m], lat = 59.00
# name 10 = potemp090C: Potential Temperature [ITS-90, deg C]
# name 11 = sigma-é00: Density [sigma-theta, kg/m^3]
# name 12 = sbeox0ML/L: Oxygen, SBE 43 [ml/l]
# name 13 = sbeox0Mg/L: Oxygen, SBE 43 [mg/l]
# name 14 = sbeox0PS: Oxygen, SBE 43 [% saturation]
# name 15 = sbox0Mm/Kg: Oxygen, SBE 43 [umol/kg]
# name 16 = sbeox0Mm/L: Oxygen, SBE 43 [umol/l]
# name 17 = sbox0dV/dT: Oxygen, SBE 43 [dov/dt]
# name 18 = oxsolML/L: Oxygen Saturation, Garcia & Gordon [ml/l]
# name 19 = oxsolMg/L: Oxygen Saturation, Garcia & Gordon [mg/l]
# name 20 = oxsolMm/Kg: Oxygen Saturation, Garcia & Gordon [umol/kg]
# name 21 = potemp090C: Potential Temperature [ITS-90, deg C]
# name 22 = n2satMg/L: Nitrogen Saturation [mg/l]
# name 23 = par: PAR/Irradiance, Biospherical/Licor
# name 24 = flECO-AFL: Fluorescence, WET Labs ECO-AFL/FL [mg/m^3]
# name 25 = turbWETntu0: Turbidity, WET Labs ECO [NTU]
# name 26 = flag: flag
# span 0 =        475,        806       
# span 1 =  98.588525,  98.589483       
# span 2 =    0.03294,    0.05593       
# span 3 =     1.9758,     3.3558       
# span 4 =    118.551,    201.345       
# span 5 =      1.010,     64.615       
# span 6 =  48721.206,  50419.711       
# span 7 =    30.4059,    31.4606       
# span 8 =     5.8909,     6.3574       
# span 9 =      1.000,     64.000       
# span 10 =     5.8862,     6.3447      
# span 11 =    23.8820,    24.7704      
# span 12 =     6.4344,     6.8673      
# span 13 =     9.1954,     9.8140      
# span 14 =     90.739,     97.228      
# span 15 =    280.414,    299.539      
# span 16 =    287.360,    306.692      
# span 17 =   -0.00588,    0.00016      
# span 18 =    7.06305,    7.09114      
# span 19 =   10.09382,   10.13394      
# span 20 =  308.07858,  309.03522      
# span 21 =     5.8858,     6.3573      
# span 22 =   15.86966,   15.91091      
# span 23 = 4.3150e-02, 1.3125e+02      
# span 24 =     0.1519,     0.9079      
# span 25 =     0.9643,     2.1023      
# span 26 = 0.0000e+00, 0.0000e+00      
# interval = meters: 1                  
# start_time = Apr 07 2016 14:05:30 [Instrument's time stamp, header]
# bad_flag = -9.990e-29
*END*
[from data line 54]
        745  98.589306    0.05167     3.1001    186.008     55.526  50245.983    31.3566     5.9500     55.000     5.9387    24.6812     6.5723     9.3925     92.748    286.448    293.519   -0.00105    7.08617   10.12684  308.84553     5.9457   15.90229 4.3527e-02     0.3881     1.3152 0.0000e+00
        751  98.589322    0.05206     3.1238    187.431     56.536  50293.962    31.3851     5.9288     56.000     5.9171    24.7062     6.5568     9.3703     92.501    285.765    292.825   -0.00196    7.08836   10.12998  308.93369     5.9244   15.90638 4.3415e-02     0.3135     1.4784 0.0000e+00
        757  98.589340    0.05249     3.1494    188.962     57.546  50323.213    31.4013     5.9111     57.000     5.9038    24.7211     6.5215     9.3198     91.974    284.222    291.249   -0.00396    7.09055   10.13311  309.02469     5.9066   15.91065 4.3317e-02     0.2339     1.5784 0.0000e+00
        763  98.589358    0.05294     3.1761    190.565     58.556  50353.137    31.4202     5.9045     58.000     5.8983    24.7368     6.4968     9.2845     91.622    283.141    290.145   -0.00428    7.09077   10.13343  309.02972     5.8999   15.91081 4.3247e-02     0.2069     1.6733 0.0000e+00
        770  98.589378    0.05340     3.2043    192.255     59.565  50371.932    31.4319     5.9005     59.000     5.8955    24.7466     6.4825     9.2642     91.420    282.518    289.509   -0.00361    7.09089   10.13360  309.03194     5.8958   15.91087 4.3226e-02     0.1943     1.7165 0.0000e+00
        777  98.589398    0.05390     3.2337    194.022     60.575  50376.585    31.4346     5.9003     60.000     5.8956    24.7487     6.4696     9.2457     91.239    281.953    288.931   -0.00305    7.09079   10.13345  309.02667     5.8956   15.91061 4.3206e-02     0.1917     1.6658 0.0000e+00
        785  98.589420    0.05442     3.2652    195.912     61.585  50381.623    31.4376     5.9004     61.000     5.8953    24.7511     6.4658     9.2403     91.188    281.787    288.761   -0.00199    7.09063   10.13322  309.01882     5.8956   15.91022 4.3170e-02     0.1882     1.6855 0.0000e+00
        791  98.589439    0.05487     3.2920    197.522     62.595  50397.410    31.4475     5.8974     62.000     5.8906    24.7592     6.4596     9.2314     91.100    281.516    288.486   -0.00170    7.09067   10.13328  309.01821     5.8925   15.91015 4.3150e-02     0.1722     1.7374 0.0000e+00
        797  98.589456    0.05527     3.3163    198.981     63.605  50413.390    31.4570     5.8924     63.000     5.8864    24.7674     6.4466     9.2129     90.912    280.948    287.906   -0.00212    7.09106   10.13384  309.03287     5.8874   15.91081 4.3150e-02     0.1623     1.9256 0.0000e+00
        806  98.589483    0.05593     3.3558    201.345     64.615  50419.711    31.4606     5.8909     64.000     5.8862    24.7704     6.4344     9.1954     90.739    280.414    287.360   -0.00189    7.09114   10.13394  309.03522     5.8858   15.91091 4.3186e-02     0.1519     2.1023 0.0000e+00
