CTD-processing/allCTD/CNV/2016_10-13_t9_s10_cast140_5028.cnv
* Sea-Bird SBE19plus Data File:
* FileName = P:\My Documents\kasitsna\Research-KBL\Oceanography-AK\CTD-Data-ALL-to-2016-05\2016-CTD-KachemakBay-CookInlet\2016-10-13-CookInlet-HomerSpit-monthly\2016-10-13-CookInlet-Tran9-cast140.hex
* Software Version 1.59
* Temperature SN =  5028
* Conductivity SN =  5028
* System UpLoad Time = Dec 06 2016 20:21:06
** Cook Inlet LTM Tran 9 Homer Spit north to south
** Date: (YYYY-MM-DD): 2016-10-13
** Station: (eg. 9-01): 9-10
** Start time (AKDT): 12:40
** Depth (m): 65.8
** Comment: R/V Edgecumbe
** Comment:
# nquan = 27
# nvalues = 49                          
# units = specified
# name 0 = scan: Scan Count
# name 1 = timeJ: Julian Days
# name 2 = timeH: Time, Elapsed [hours]
# name 3 = timeM: Time, Elapsed [minutes]
# name 4 = timeS: Time, Elapsed [seconds]
# name 5 = prdM: Pressure, Strain Gauge [db]
# name 6 = specc: Specific Conductance [uS/cm]
# name 7 = sal00: Salinity, Practical [PSU]
# name 8 = tv290C: Temperature [ITS-90, deg C]
# name 9 = depSM: Depth [salt water, m], lat = 59.00
# name 10 = potemp090C: Potential Temperature [ITS-90, deg C]
# name 11 = sigma-é00: Density [sigma-theta, kg/m^3]
# name 12 = sbeox0ML/L: Oxygen, SBE 43 [ml/l]
# name 13 = sbeox0Mg/L: Oxygen, SBE 43 [mg/l]
# name 14 = sbeox0PS: Oxygen, SBE 43 [% saturation]
# name 15 = sbox0Mm/Kg: Oxygen, SBE 43 [umol/kg]
# name 16 = sbeox0Mm/L: Oxygen, SBE 43 [umol/l]
# name 17 = sbox0dV/dT: Oxygen, SBE 43 [dov/dt]
# name 18 = oxsolML/L: Oxygen Saturation, Garcia & Gordon [ml/l]
# name 19 = oxsolMg/L: Oxygen Saturation, Garcia & Gordon [mg/l]
# name 20 = oxsolMm/Kg: Oxygen Saturation, Garcia & Gordon [umol/kg]
# name 21 = potemp090C: Potential Temperature [ITS-90, deg C]
# name 22 = n2satMg/L: Nitrogen Saturation [mg/l]
# name 23 = par: PAR/Irradiance, Biospherical/Licor
# name 24 = flECO-AFL: Fluorescence, WET Labs ECO-AFL/FL [mg/m^3]
# name 25 = turbWETntu0: Turbidity, WET Labs ECO [NTU]
# name 26 = flag: flag
# span 0 =        302,        551       
# span 1 = 287.528961, 287.529681       
# span 2 =    0.02089,    0.03817       
# span 3 =     1.2534,     2.2904       
# span 4 =     75.204,    137.423       
# span 5 =      1.009,     49.469       
# span 6 =  45842.099,  47623.474       
# span 7 =    28.9563,    30.2330       
# span 8 =    10.1837,    10.7077       
# span 9 =      1.000,     49.000       
# span 10 =    10.2162,    10.7041      
# span 11 =    22.2081,    23.1358      
# span 12 =     5.5119,     6.3575      
# span 13 =     7.8771,     9.0855      
# span 14 =     85.763,     98.614      
# span 15 =    240.595,    277.699      
# span 16 =    246.162,    283.928      
# span 17 =   -0.01095,    0.01081      
# span 18 =    6.42687,    6.53774      
# span 19 =    9.18465,    9.34309      
# span 20 =  280.53386,  285.63212      
# span 21 =    10.1836,    10.7068      
# span 22 =   14.55512,   14.80423      
# span 23 = 7.7846e-02, 2.7923e+01      
# span 24 =     0.7521,     3.1212      
# span 25 =     0.3377,     2.7174      
# span 26 = 0.0000e+00, 0.0000e+00      
# interval = meters: 1                  
# start_time = Oct 13 2016 12:40:27 [Instrument's time stamp, header]
# bad_flag = -9.990e-29
*END*
        302 287.528961    0.02089     1.2534     75.204      1.009  45842.099    28.9563    10.1837      1.000    10.2162    22.2081     6.2004     8.8610     94.841    270.896    276.912    0.00497    6.53774    9.34309  285.63212    10.1836   14.80423 2.7923e+01     2.0111     2.7174 0.0000e+00
        307 287.528976    0.02125     1.2750     76.502      2.019  46020.035    29.0927    10.2939      2.000    10.3542    22.2966     6.2287     8.9013     95.587    272.104    278.171    0.00745    6.51631    9.31246  284.67122    10.2937   14.75771 2.1822e+01     2.0796     2.0388 0.0000e+00
        312 287.528990    0.02161     1.2964     77.786      3.028  46093.713    29.1597    10.4364      3.000    10.4690    22.3257     6.2713     8.9623     96.583    273.961    280.078    0.01081    6.49324    9.27949  283.65529    10.4362   14.70884 2.3186e+01     2.0706     1.2479 0.0000e+00
        317 287.529005    0.02195     1.3171     79.024      4.038  46118.289    29.1830    10.4953      4.000    10.5094    22.3343     6.2995     9.0026     97.156    275.190    281.337    0.01049    6.48394    9.26620  283.24660    10.4949   14.68919 2.3577e+01     2.0357     0.9049 0.0000e+00
        322 287.529019    0.02229     1.3376     80.256      5.047  46206.023    29.2490    10.5399      5.000    10.5705    22.3783     6.3167     9.0272     97.557    275.929    282.105    0.00918    6.47492    9.25330  282.84032    10.5394   14.66948 2.1921e+01     1.9561     0.8117 0.0000e+00
        327 287.529034    0.02266     1.3592     81.554      6.057  46302.237    29.3257    10.6283      6.000    10.6594    22.4234     6.3269     9.0418     97.950    276.362    282.559    0.00798    6.45932    9.23101  282.14659    10.6277   14.63598 1.9136e+01     1.8517     0.6378 0.0000e+00
        332 287.529049    0.02300     1.3800     82.802      7.067  46340.708    29.3595    10.6940      7.000    10.7041    22.4388     6.3499     9.0746     98.468    277.361    283.585    0.00824    6.44871    9.21586  281.67905    10.6932   14.61346 1.6151e+01     1.9365     0.4208 0.0000e+00
        338 287.529064    0.02336     1.4021     84.125      8.076  46334.863    29.3565    10.7077      8.000    10.7033    22.4342     6.3575     9.0855     98.614    277.699    283.928    0.00616    6.44691    9.21329  281.60163    10.7068   14.60977 1.3699e+01     2.0345     0.3377 0.0000e+00
        343 287.529079    0.02372     1.4230     85.380      9.085  46345.014    29.3624    10.7002      9.000    10.6974    22.4401     6.3330     9.0506     98.221    276.626    282.834    0.00162    6.44773    9.21445  281.63551    10.6992   14.61137 1.1447e+01     2.2798     0.3734 0.0000e+00
        348 287.529094    0.02409     1.4452     86.712     10.095  46356.244    29.3694    10.6960     10.000    10.6931    22.4462     6.3075     9.0140     97.820    275.508    281.692   -0.00155    6.44803    9.21487  281.64693    10.6948   14.61188 9.3103e+00     2.6270     0.3932 0.0000e+00
        353 287.529109    0.02445     1.4667     88.004     11.104  46362.633    29.3730    10.6910     11.000    10.6883    22.4498     6.3015     9.0053     97.718    275.242    281.421   -0.00180    6.44858    9.21566  281.66992    10.6898   14.61297 7.4120e+00     3.0478     0.4573 0.0000e+00
        358 287.529123    0.02479     1.4877     89.262     12.114  46359.427    29.3697    10.6849     12.000    10.6725    22.4483     6.3082     9.0151     97.808    275.538    281.724   -0.00068    6.44957    9.21708  281.71390    10.6835   14.61509 5.9042e+00     3.0781     0.5010 0.0000e+00
        363 287.529139    0.02517     1.5104     90.624     13.124  46328.278    29.3417    10.6322     13.000    10.5877    22.4352     6.3113     9.0195     97.727    275.677    281.862   -0.00081    6.45811    9.22928  282.09026    10.6308   14.63321 4.6299e+00     3.1212     0.5927 0.0000e+00
        368 287.529153    0.02552     1.5309     91.854     14.133  46400.101    29.3804    10.5300     14.000    10.5078    22.4823     6.2913     8.9909     97.225    274.791    280.969   -0.00356    6.47090    9.24755  282.63582    10.5284   14.65916 3.5473e+00     3.0327     0.7792 0.0000e+00
        374 287.529169    0.02589     1.5536     93.215     15.142  46533.338    29.4704    10.5024     15.000    10.5031    22.5569     6.2663     8.9552     96.836    273.681    279.854   -0.00469    6.47106    9.24779  282.62236    10.5007   14.65815 2.6406e+00     2.5681     0.8995 0.0000e+00
        379 287.529184    0.02626     1.5757     94.542     16.152  46635.728    29.5435    10.5173     16.000    10.5290    22.6113     6.2381     8.9149     96.476    272.435    278.595   -0.00497    6.46595    9.24049  282.38445    10.5155   14.64647 1.9479e+00     2.6625     0.9572 0.0000e+00
        384 287.529200    0.02663     1.5975     95.851     17.162  46672.625    29.5734    10.5568     17.000    10.5714    22.6281     6.1926     8.8499     95.873    270.443    276.562   -0.00686    6.45917    9.23080  282.08355    10.5548   14.63195 1.4455e+00     2.8078     0.8940 0.0000e+00
        390 287.529215    0.02698     1.6188     97.129     18.170  46688.092    29.5870    10.5853     18.000    10.5819    22.6340     6.1852     8.8392     95.825    270.115    276.229   -0.00492    6.45460    9.22427  281.88248    10.5832   14.62227 1.1077e+00     2.8385     0.7504 0.0000e+00
        395 287.529231    0.02737     1.6421     98.527     19.180  46760.118    29.6367    10.5815     19.000    10.5871    22.6734     6.1825     8.8354     95.806    269.988    276.109   -0.00297    6.45308    9.22210  281.80516    10.5794   14.61837 8.4511e-01     2.7438     0.6983 0.0000e+00
        400 287.529246    0.02773     1.6638     99.828     20.190  46764.566    29.6394    10.5815     20.000    10.5608    22.6755     6.1583     8.8008     95.434    268.931    275.030   -0.00407    6.45297    9.22194  281.79975    10.5793   14.61810 6.5153e-01     2.8739     0.6794 0.0000e+00
        406 287.529261    0.02810     1.6861    101.168     21.200  46831.385    29.6807    10.5339     21.000    10.5231    22.7154     6.1199     8.7460     94.766    267.245    273.316   -0.00651    6.45796    9.22907  282.00651    10.5316   14.62783 5.0225e-01     2.9212     0.7633 0.0000e+00
        411 287.529277    0.02846     1.7080    102.477     22.209  46908.110    29.7325    10.5195     22.000    10.5184    22.7582     6.0833     8.6936     94.199    265.633    271.678   -0.00767    6.45785    9.22890  281.98972    10.5171   14.62681 3.8558e-01     2.6959     0.8250 0.0000e+00
        416 287.529291    0.02883     1.7299    103.792     23.219  46957.282    29.7675    10.5268     23.000    10.5291    22.7842     6.0559     8.6545     93.812    264.434    270.459   -0.00713    6.45538    9.22538  281.87505    10.5242   14.62118 2.9927e-01     2.5572     0.8035 0.0000e+00
        422 287.529307    0.02921     1.7521    105.127     24.228  46998.592    29.7978    10.5421     24.000    10.5471    22.8053     6.0285     8.6154     93.437    263.233    269.236   -0.00676    6.45198    9.22052  281.72056    10.5395   14.61367 2.3642e-01     2.4208     0.7426 0.0000e+00
        427 287.529322    0.02955     1.7730    106.383     25.238  47032.987    29.8237    10.5607     25.000    10.5640    22.8224     6.0129     8.5931     93.248    262.546    268.538   -0.00555    6.44832    9.21529  281.55600    10.5579   14.60569 1.9413e-01     2.4094     0.7187 0.0000e+00
        431 287.529336    0.02989     1.7937    107.624     26.247  47067.419    29.8491    10.5754     26.000    10.5780    22.8398     5.9952     8.5677     93.018    261.768    267.746   -0.00499    6.44520    9.21084  281.41527    10.5725   14.59885 1.6293e-01     2.4297     0.6951 0.0000e+00
        436 287.529350    0.03024     1.8144    108.864     27.257  47101.796    29.8742    10.5868     27.000    10.5862    22.8574     5.9777     8.5428     92.785    261.000    266.966   -0.00467    6.44258    9.20710  281.29606    10.5838   14.59305 1.4147e-01     2.3840     0.7127 0.0000e+00
        441 287.529365    0.03059     1.8353    110.119     28.266  47134.148    29.8971    10.5917     28.000    10.5897    22.8744     5.9582     8.5148     92.505    260.142    266.092   -0.00471    6.44096    9.20478  281.22061    10.5885   14.58934 1.2554e-01     2.3470     0.6948 0.0000e+00
        446 287.529379    0.03093     1.8560    111.360     29.276  47147.520    29.9064    10.5952     29.000    10.5938    22.8812     5.9328     8.4786     92.124    259.033    264.960   -0.00533    6.44008    9.20352  281.18029    10.5919   14.58737 1.1400e-01     2.2057     0.6105 0.0000e+00
        452 287.529394    0.03129     1.8773    112.639     30.285  47168.606    29.9215    10.6010     30.000    10.6000    22.8919     5.9096     8.4453     91.782    258.015    263.921   -0.00555    6.43866    9.20148  281.11508    10.5976   14.58419 1.0545e-01     2.0849     0.5795 0.0000e+00
        457 287.529409    0.03165     1.8990    113.942     31.295  47185.715    29.9337    10.6056     31.000    10.6020    22.9006     5.8987     8.4298     91.631    257.539    263.437   -0.00448    6.43751    9.19985  281.06276    10.6021   14.58164 9.9102e-02     2.0149     0.5970 0.0000e+00
        462 287.529424    0.03200     1.9203    115.216     32.305  47196.427    29.9406    10.6040     32.000    10.5987    22.9063     5.8915     8.4195     91.519    257.222    263.114   -0.00354    6.43745    9.19976  281.05856    10.6004   14.58141 9.4221e-02     1.9951     0.6059 0.0000e+00
        467 287.529439    0.03236     1.9417    116.503     33.314  47215.486    29.9532    10.6006     33.000    10.5965    22.9167     5.8807     8.4041     91.352    256.749    262.633   -0.00330    6.43741    9.19971  281.05408    10.5968   14.58115 9.0465e-02     1.8886     0.5981 0.0000e+00
        473 287.529455    0.03275     1.9649    117.895     34.323  47229.725    29.9628    10.6003     34.000    10.5960    22.9242     5.8715     8.3910     91.214    256.344    262.221   -0.00288    6.43707    9.19921  281.03676    10.5964   14.58028 8.7671e-02     1.8444     0.5958 0.0000e+00
        478 287.529470    0.03310     1.9862    119.174     35.333  47245.023    29.9730    10.5993     35.000    10.5950    22.9324     5.8621     8.3775     91.072    255.932    261.801   -0.00275    6.43678    9.19881  281.02213    10.5953   14.57954 8.5459e-02     1.7431     0.5960 0.0000e+00
        483 287.529484    0.03346     2.0076    120.456     36.343  47269.349    29.9897    10.5991     36.000    10.5954    22.9454     5.8497     8.3599     90.889    255.390    261.250   -0.00283    6.43611    9.19785  280.98934    10.5951   14.57790 8.3780e-02     1.7500     0.6784 0.0000e+00
        488 287.529500    0.03382     2.0294    121.764     37.352  47297.012    30.0089    10.6008     37.000    10.5975    22.9601     5.8281     8.3289     90.567    254.439    260.282   -0.00376    6.43509    9.19639  280.94067    10.5966   14.57549 8.2496e-02     1.6328     0.6383 0.0000e+00
        493 287.529514    0.03417     2.0502    123.011     38.362  47315.076    30.0215    10.6027     38.000    10.5988    22.9696     5.8063     8.2978     90.240    253.488    259.311   -0.00442    6.43430    9.19527  280.90383    10.5984   14.57368 8.1437e-02     1.6026     0.6129 0.0000e+00
        498 287.529529    0.03453     2.0720    124.320     39.372  47321.353    30.0256    10.6035     39.000    10.5992    22.9727     5.7853     8.2677     89.917    252.568    258.370   -0.00481    6.43402    9.19486  280.89072    10.5991   14.57303 8.0630e-02     1.4302     0.5849 0.0000e+00
        503 287.529544    0.03489     2.0936    125.614     40.381  47327.691    30.0297    10.6039     40.000    10.5995    22.9758     5.7718     8.2485     89.710    251.979    257.769   -0.00435    6.43380    9.19455  280.88024    10.5994   14.57251 7.9977e-02     1.4082     0.5748 0.0000e+00
        508 287.529559    0.03524     2.1144    126.867     41.391  47351.372    30.0459    10.6043     41.000    10.5998    22.9884     5.7617     8.2340     89.563    251.533    257.316   -0.00375    6.43309    9.19353  280.84545    10.5996   14.57079 7.9454e-02     1.4386     0.6205 0.0000e+00
        514 287.529574    0.03560     2.1359    128.157     42.400  47414.412    30.0899    10.6046     42.000    10.5995    23.0226     5.7474     8.2136     89.367    250.903    256.679   -0.00351    6.43124    9.19088  280.75539    10.5998   14.56630 7.9052e-02     1.2969     0.6423 0.0000e+00
        519 287.529589    0.03597     2.1583    129.497     43.410  47476.438    30.1329    10.6027     43.000    10.5956    23.0564     5.7104     8.1607     88.812    249.277    255.024   -0.00537    6.42975    9.18875  280.68083    10.5978   14.56255 7.8712e-02     1.1317     0.6971 0.0000e+00
        524 287.529604    0.03632     2.1793    130.758     44.420  47537.254    30.1745    10.5954     44.000    10.5872    23.0900     5.6541     8.0803     87.946    246.813    252.512   -0.00865    6.42905    9.18776  280.64152    10.5905   14.56051 7.8418e-02     1.0459     0.8058 0.0000e+00
        529 287.529619    0.03668     2.2009    132.052     45.429  47595.818    30.2147    10.5900     45.000    10.5854    23.1222     5.6030     8.0073     87.164    244.576    250.232   -0.01025    6.42816    9.18649  280.59390    10.5849   14.55807 7.8234e-02     0.9195     0.8951 0.0000e+00
        534 287.529634    0.03703     2.2222    133.331     46.439  47617.051    30.2295    10.5921     46.000    10.5874    23.1334     5.5549     7.9385     86.427    242.473    248.082   -0.01095    6.42727    9.18520  280.55157    10.5869   14.55598 7.8109e-02     0.7873     0.8262 0.0000e+00
        539 287.529648    0.03739     2.2437    134.624     47.449  47619.459    30.2309    10.5929     47.000    10.5875    23.1344     5.5237     7.8939     85.944    241.109    246.687   -0.01002    6.42710    9.18496  280.54383    10.5876   14.55561 7.7974e-02     0.7521     0.7988 0.0000e+00
        545 287.529663    0.03776     2.2655    135.930     48.459  47621.508    30.2319    10.5930     48.000    10.5877    23.1352     5.5180     7.8859     85.857    240.863    246.436   -0.00696    6.42704    9.18488  280.54115    10.5875   14.55547 7.7933e-02     0.7748     0.8353 0.0000e+00
        551 287.529681    0.03817     2.2904    137.423     49.469  47623.474    30.2330    10.5938     49.000    10.5885    23.1358     5.5119     7.8771     85.763    240.595    246.162   -0.00466    6.42687    9.18465  280.53386    10.5883   14.55512 7.7846e-02     0.7561     0.8200 0.0000e+00
