CTD-processing/allCTD/CNV/2016_02-15_t6_s25_cast116_5028.cnv
* Sea-Bird SBE19plus Data File:
* FileName = C:\Users\Kris.Holderied\Documents\kasitsna\Research-KBL\Oceanography-AK\CTD-Data-ALL-to-2016-02\2016-CTD-KachemakBay-CookInlet\2016-02-CookInlet-quarterly\2016-02-15-CookInlet-Tran6-Douglas\2016-02-15-CookInlet-Tran6-cast116.hex
* Software Version 1.59
* Temperature SN =  5028
* Conductivity SN =  5028
* System UpLoad Time = Feb 15 2016 19:30:59
** Cook Inlet LTM Tran6 Douglas West to East
** Date: 02-15
** Station: 6-25
** Start time (AKST): 10:55
** Depth (m): 172
** Comment:  R/V Pandalus
** Comment: Zooplankton 50m vert tow, Phytoplankton 40l surface, OA samples surface and 167m.
# nquan = 27
# nvalues = 171                         
# units = specified
# name 0 = scan: Scan Count
# name 1 = timeJ: Julian Days
# name 2 = timeH: Time, Elapsed [hours]
# name 3 = timeM: Time, Elapsed [minutes]
# name 4 = timeS: Time, Elapsed [seconds]
# name 5 = prdM: Pressure, Strain Gauge [db]
# name 6 = specc: Specific Conductance [uS/cm]
# name 7 = sal00: Salinity, Practical [PSU]
# name 8 = tv290C: Temperature [ITS-90, deg C]
# name 9 = depSM: Depth [salt water, m], lat = 59.00
# name 10 = potemp090C: Potential Temperature [ITS-90, deg C]
# name 11 = sigma-é00: Density [sigma-theta, kg/m^3]
# name 12 = sbeox0ML/L: Oxygen, SBE 43 [ml/l]
# name 13 = sbeox0Mg/L: Oxygen, SBE 43 [mg/l]
# name 14 = sbeox0PS: Oxygen, SBE 43 [% saturation]
# name 15 = sbox0Mm/Kg: Oxygen, SBE 43 [umol/kg]
# name 16 = sbeox0Mm/L: Oxygen, SBE 43 [umol/l]
# name 17 = sbox0dV/dT: Oxygen, SBE 43 [dov/dt]
# name 18 = oxsolML/L: Oxygen Saturation, Garcia & Gordon [ml/l]
# name 19 = oxsolMg/L: Oxygen Saturation, Garcia & Gordon [mg/l]
# name 20 = oxsolMm/Kg: Oxygen Saturation, Garcia & Gordon [umol/kg]
# name 21 = potemp090C: Potential Temperature [ITS-90, deg C]
# name 22 = n2satMg/L: Nitrogen Saturation [mg/l]
# name 23 = par: PAR/Irradiance, Biospherical/Licor
# name 24 = flECO-AFL: Fluorescence, WET Labs ECO-AFL/FL [mg/m^3]
# name 25 = turbWETntu0: Turbidity, WET Labs ECO [NTU]
# name 26 = flag: flag
# span 0 =        -13,       1245       
# span 1 =  46.455352,  46.458993       
# span 2 =   -0.00100,    0.08639       
# span 3 =    -0.0599,     5.1835       
# span 4 =     -3.590,    311.009       
# span 5 =      1.009,    172.686       
# span 6 =  50379.703,  50999.106       
# span 7 =    31.5343,    31.9519       
# span 8 =     6.2596,     6.6260       
# span 9 =      1.000,    171.000       
# span 10 =     6.2586,     6.6132      
# span 11 =    24.7836,    25.0690      
# span 12 =     5.9002,     6.4576      
# span 13 =     8.4319,     9.2285      
# span 14 =     83.967,     92.126      
# span 15 =    257.129,    281.409      
# span 16 =    263.502,    288.396      
# span 17 =   -0.00131,    0.00941      
# span 18 =    6.94783,    7.02660      
# span 19 =    9.92914,   10.04171      
# span 20 =  302.70166,  306.21865      
# span 21 =     6.2595,     6.6132      
# span 22 =   15.60705,   15.77639      
# span 23 = 3.7976e-02, 7.2606e+01      
# span 24 =     0.1140,     0.2770      
# span 25 =     0.4447,     0.6090      
# span 26 = 0.0000e+00, 0.0000e+00      
# interval = meters: 1                  
# start_time = Feb 15 2016 10:55:46 [Instrument's time stamp, header]
# bad_flag = -9.990e-29
*END*
[from data line 162]
       1205  46.458876    0.08358     5.0148    300.886    164.604  50991.666    31.9503     6.6238    163.000     6.6097    25.0679     6.2673     8.9566     90.202    273.054    279.899   -0.00004    6.94809    9.92951  302.71302     6.6097   15.60760 3.7976e-02     0.1214     0.5640 0.0000e+00
       1210  46.458892    0.08397     5.0380    302.282    165.614  50992.473    31.9504     6.6239    164.000     6.6097    25.0679     6.2643     8.9522     90.158    272.920    279.761   -0.00030    6.94806    9.92947  302.71185     6.6097   15.60754 3.7976e-02     0.1410     0.5712 0.0000e+00
       1217  46.458911    0.08442     5.0652    303.915    166.624  50993.296    31.9505     6.6240    165.000     6.6097    25.0680     6.2583     8.9436     90.072    272.659    279.493   -0.00067    6.94803    9.92943  302.71066     6.6097   15.60749 3.7976e-02     0.1369     0.5982 0.0000e+00
       1220  46.458922    0.08468     5.0809    304.854    167.635  50994.424    31.9508     6.6241    166.000     6.6098    25.0683     6.2581     8.9434     90.070    272.652    279.487   -0.00061    6.94799    9.92938  302.70904     6.6097   15.60741 3.7976e-02     0.1184     0.5749 0.0000e+00
       1224  46.458932    0.08492     5.0954    305.725    168.645  50995.834    31.9514     6.6244    167.000     6.6100    25.0687     6.2597     8.9458     90.094    272.722    279.559   -0.00039    6.94793    9.92929  302.70613     6.6099   15.60727 3.7976e-02     0.1140     0.5618 0.0000e+00
       1228  46.458944    0.08521     5.1127    306.759    169.655  50996.575    31.9515     6.6247    168.000     6.6101    25.0687     6.2597     8.9457     90.095    272.721    279.557   -0.00034    6.94789    9.92923  302.70419     6.6101   15.60717 3.7976e-02     0.1178     0.5781 0.0000e+00
       1235  46.458964    0.08569     5.1413    308.476    170.665  50997.244    31.9515     6.6247    169.000     6.6101    25.0687     6.2592     8.9450     90.088    272.698    279.534   -0.00029    6.94787    9.92921  302.70360     6.6101   15.60714 3.7988e-02     0.1313     0.5755 0.0000e+00
       1240  46.458980    0.08607     5.1643    309.861    171.676  50998.181    31.9517     6.6248    170.000     6.6100    25.0689     6.2568     8.9415     90.053    272.593    279.427   -0.00045    6.94786    9.92918  302.70277     6.6101   15.60711 3.8136e-02     0.1444     0.5842 0.0000e+00
       1245  46.458993    0.08639     5.1835    311.009    172.686  50999.106    31.9519     6.6248    171.000     6.6101    25.0690     6.2617     8.9486     90.124    272.808    279.647   -0.00002    6.94783    9.92914  302.70166     6.6100   15.60705 3.8974e-02     0.1351     0.6090 0.0000e+00
