CTD-processing/allCTD/CNV/2016_10-13_t9_s07_cast143_5028.cnv
* Sea-Bird SBE19plus Data File:
* FileName = P:\My Documents\kasitsna\Research-KBL\Oceanography-AK\CTD-Data-ALL-to-2016-05\2016-CTD-KachemakBay-CookInlet\2016-10-13-CookInlet-HomerSpit-monthly\2016-10-13-CookInlet-Tran9-cast143.hex
* Software Version 1.59
* Temperature SN =  5028
* Conductivity SN =  5028
* System UpLoad Time = Dec 06 2016 20:23:55
** Cook Inlet LTM Tran 9 Homer Spit north to south
** Date: (YYYY-MM-DD): 2016-10-13
** Station: (eg. 9-01): 9-07
** Start time (AKDT): 9-07
** Depth (m): 102.4
** Comment: R/V Edgecumbe
** Comment:
# nquan = 27
# nvalues = 101                         
# units = specified
# name 0 = scan: Scan Count
# name 1 = timeJ: Julian Days
# name 2 = timeH: Time, Elapsed [hours]
# name 3 = timeM: Time, Elapsed [minutes]
# name 4 = timeS: Time, Elapsed [seconds]
# name 5 = prdM: Pressure, Strain Gauge [db]
# name 6 = specc: Specific Conductance [uS/cm]
# name 7 = sal00: Salinity, Practical [PSU]
# name 8 = tv290C: Temperature [ITS-90, deg C]
# name 9 = depSM: Depth [salt water, m], lat = 59.00
# name 10 = potemp090C: Potential Temperature [ITS-90, deg C]
# name 11 = sigma-é00: Density [sigma-theta, kg/m^3]
# name 12 = sbeox0ML/L: Oxygen, SBE 43 [ml/l]
# name 13 = sbeox0Mg/L: Oxygen, SBE 43 [mg/l]
# name 14 = sbeox0PS: Oxygen, SBE 43 [% saturation]
# name 15 = sbox0Mm/Kg: Oxygen, SBE 43 [umol/kg]
# name 16 = sbeox0Mm/L: Oxygen, SBE 43 [umol/l]
# name 17 = sbox0dV/dT: Oxygen, SBE 43 [dov/dt]
# name 18 = oxsolML/L: Oxygen Saturation, Garcia & Gordon [ml/l]
# name 19 = oxsolMg/L: Oxygen Saturation, Garcia & Gordon [mg/l]
# name 20 = oxsolMm/Kg: Oxygen Saturation, Garcia & Gordon [umol/kg]
# name 21 = potemp090C: Potential Temperature [ITS-90, deg C]
# name 22 = n2satMg/L: Nitrogen Saturation [mg/l]
# name 23 = par: PAR/Irradiance, Biospherical/Licor
# name 24 = flECO-AFL: Fluorescence, WET Labs ECO-AFL/FL [mg/m^3]
# name 25 = turbWETntu0: Turbidity, WET Labs ECO [NTU]
# name 26 = flag: flag
# span 0 =        299,        778       
# span 1 = 287.548870, 287.550258       
# span 2 =    0.02067,    0.05397       
# span 3 =     1.2400,     3.2384       
# span 4 =     74.403,    194.302       
# span 5 =      1.010,    101.979       
# span 6 =  45074.869,  48124.463       
# span 7 =    28.4172,    30.5440       
# span 8 =    10.1519,    10.7262       
# span 9 =      1.000,    101.000       
# span 10 =    10.1853,    10.7236      
# span 11 =    21.7935,    23.4083      
# span 12 =     5.0064,     6.3518      
# span 13 =     7.1547,     9.0773      
# span 14 =     77.755,     98.406      
# span 15 =    218.473,    277.443      
# span 16 =    223.587,    283.671      
# span 17 =   -0.00951,    0.01106      
# span 18 =    6.42446,    6.56489      
# span 19 =    9.18118,    9.38189      
# span 20 =  280.42366,  286.93471      
# span 21 =    10.1518,    10.7240      
# span 22 =   14.54975,   14.86874      
# span 23 = 6.2860e-02, 2.1095e+01      
# span 24 =     0.2209,     2.9376      
# span 25 =     0.3915,     5.0314      
# span 26 = 0.0000e+00, 0.0000e+00      
# interval = meters: 1                  
# start_time = Oct 13 2016 13:09:08 [Instrument's time stamp, header]
# bad_flag = -9.990e-29
*END*
[from data line 54]
        554 287.549610    0.03842     2.3055    138.329     55.526  47675.383    30.2675    10.5969     55.000    10.5883    23.1623     5.5972     7.9990     87.116    244.314    249.973   -0.00719    6.42504    9.18202  280.44650    10.5907   14.55080 6.4576e-02     0.7816     0.6208 0.0000e+00
        559 287.549624    0.03875     2.3250    139.497     56.536  47685.151    30.2735    10.5930     56.000    10.5860    23.1676     5.5685     7.9579     86.664    243.057    248.688   -0.00763    6.42534    9.18245  280.45815    10.5866   14.55133 6.4518e-02     0.7358     0.6159 0.0000e+00
        564 287.549637    0.03908     2.3448    140.685     57.546  47695.717    30.2803    10.5918     57.000    10.5843    23.1733     5.5501     7.9315     86.379    242.252    247.865   -0.00684    6.42522    9.18228  280.45131    10.5853   14.55097 6.4425e-02     0.7099     0.6131 0.0000e+00
        569 287.549652    0.03942     2.3652    141.913     58.556  47708.866    30.2889    10.5889     58.000    10.5804    23.1804     5.5361     7.9117     86.161    241.642    247.243   -0.00575    6.42529    9.18238  280.45252    10.5822   14.55100 6.4340e-02     0.6713     0.6059 0.0000e+00
        573 287.549665    0.03974     2.3843    143.058     59.565  47720.897    30.2965    10.5849     59.000    10.5764    23.1870     5.5191     7.8874     85.894    240.900    246.485   -0.00545    6.42552    9.18271  280.46083    10.5782   14.55137 6.4310e-02     0.6574     0.6196 0.0000e+00
        578 287.549679    0.04008     2.4048    144.288     60.575  47733.143    30.3042    10.5808     60.000    10.5724    23.1937     5.4994     7.8591     85.583    240.035    245.602   -0.00549    6.42578    9.18308  280.47023    10.5739   14.55178 6.4279e-02     0.6593     0.6374 0.0000e+00
        583 287.549693    0.04043     2.4253    145.520     61.585  47743.223    30.3105    10.5772     61.000    10.5689    23.1992     5.4878     7.8426     85.401    239.531    245.088   -0.00473    6.42602    9.18343  280.47919    10.5703   14.55219 6.4269e-02     0.6260     0.6497 0.0000e+00
        588 287.549708    0.04075     2.4453    146.715     62.595  47760.002    30.3214    10.5729     62.000    10.5620    23.2085     5.4768     7.8269     85.227    239.047    244.595   -0.00418    6.42618    9.18365  280.48350    10.5658   14.55236 6.4241e-02     0.5860     0.6974 0.0000e+00
        593 287.549721    0.04109     2.4653    147.918     63.604  47789.644    30.3407    10.5629     63.000    10.5518    23.2251     5.4604     7.8035     84.964    238.329    243.864   -0.00430    6.42678    9.18452  280.50542    10.5557   14.55332 6.4196e-02     0.4985     0.7672 0.0000e+00
        598 287.549736    0.04144     2.4861    149.163     64.614  47813.633    30.3562    10.5539     64.000    10.5434    23.2387     5.4317     7.7625     84.509    237.071    242.580   -0.00546    6.42740    9.18541  280.52877    10.5466   14.55438 6.4162e-02     0.4802     0.8592 0.0000e+00
        602 287.549749    0.04176     2.5055    150.328     65.624  47829.994    30.3664    10.5471     65.000    10.5377    23.2479     5.4001     7.7174     84.011    235.691    241.171   -0.00674    6.42793    9.18615  280.54892    10.5397   14.55530 6.4119e-02     0.4738     0.9769 0.0000e+00
        607 287.549764    0.04211     2.5267    151.604     66.634  47839.228    30.3721    10.5431     66.000    10.5347    23.2529     5.3735     7.6792     83.592    234.527    239.981   -0.00687    6.42826    9.18663  280.56220    10.5356   14.55592 6.4067e-02     0.4472     1.0623 0.0000e+00
        612 287.549777    0.04244     2.5465    152.791     67.643  47844.017    30.3749    10.5412     67.000    10.5326    23.2554     5.3540     7.6515     83.287    233.677    239.112   -0.00646    6.42842    9.18685  280.56829    10.5335   14.55620 6.4004e-02     0.4853     1.1350 0.0000e+00
        617 287.549792    0.04278     2.5666    153.998     68.653  47848.890    30.3776    10.5386     68.000    10.5298    23.2580     5.3467     7.6409     83.169    233.354    238.782   -0.00504    6.42865    9.18719  280.57797    10.5309   14.55665 6.3949e-02     0.4586     1.1500 0.0000e+00
        622 287.549806    0.04313     2.5877    155.261     69.662  47851.870    30.3790    10.5363     69.000    10.5278    23.2595     5.3415     7.6336     83.085    233.129    238.552   -0.00376    6.42893    9.18758  280.58941    10.5284   14.55719 6.3890e-02     0.3912     1.1493 0.0000e+00
        627 287.549820    0.04346     2.6075    156.448     70.673  47853.448    30.3796    10.5351     70.000    10.5264    23.2601     5.3362     7.6260     83.001    232.898    238.315   -0.00303    6.42907    9.18778  280.59537    10.5272   14.55747 6.3845e-02     0.3939     1.1515 0.0000e+00
        631 287.549833    0.04378     2.6268    157.607     71.682  47857.976    30.3821    10.5328     71.000    10.5223    23.2625     5.3317     7.6195     82.929    232.700    238.114   -0.00253    6.42928    9.18809  280.60410    10.5247   14.55788 6.3826e-02     0.3897     1.1921 0.0000e+00
        636 287.549848    0.04413     2.6479    158.872     72.692  47884.960    30.3995    10.5228     72.000    10.5063    23.2778     5.3300     7.6171     82.893    232.623    238.038   -0.00186    6.42997    9.18907  280.63000    10.5146   14.55905 6.3798e-02     0.4058     1.2530 0.0000e+00
        641 287.549862    0.04447     2.6682    160.091     73.702  47948.099    30.4407    10.4982     73.000    10.4784    23.3140     5.3166     7.5980     82.663    232.031    237.441   -0.00256    6.43170    9.19155  280.69582    10.4900   14.56203 6.3763e-02     0.3798     1.3980 0.0000e+00
        646 287.549875    0.04479     2.6872    161.233     74.712  47994.965    30.4708    10.4766     74.000    10.4635    23.3410     5.2859     7.5542     82.163    230.687    236.071   -0.00460    6.43350    9.19411  280.76647    10.4682   14.56529 6.3697e-02     0.3196     1.7189 0.0000e+00
        651 287.549890    0.04513     2.7077    162.463     75.722  48010.985    30.4807    10.4682     75.000    10.4582    23.3501     5.2263     7.4690     81.227    228.083    233.409   -0.00858    6.43427    9.19521  280.79777    10.4597   14.56675 6.3694e-02     0.2662     1.9484 0.0000e+00
        656 287.549904    0.04547     2.7279    163.676     76.731  48016.853    30.4841    10.4656     76.000    10.4563    23.3532     5.1873     7.4133     80.618    226.381    231.667   -0.00951    6.43450    9.19554  280.80679    10.4570   14.56717 6.3651e-02     0.2715     2.0347 0.0000e+00
        661 287.549918    0.04581     2.7486    164.916     77.741  48020.088    30.4858    10.4642     77.000    10.4550    23.3548     5.1760     7.3970     80.439    225.884    231.159   -0.00732    6.43461    9.19570  280.81135    10.4555   14.56738 6.3591e-02     0.2697     2.0936 0.0000e+00
        666 287.549932    0.04615     2.7693    166.160     78.751  48023.148    30.4874    10.4629     78.000    10.4534    23.3562     5.1709     7.3897     80.358    225.659    230.930   -0.00524    6.43473    9.19587  280.81605    10.4541   14.56760 6.3584e-02     0.2490     2.1494 0.0000e+00
        670 287.549946    0.04649     2.7894    167.366     79.761  48026.743    30.4893    10.4612     79.000    10.4515    23.3580     5.1654     7.3819     80.272    225.423    230.689   -0.00395    6.43488    9.19610  280.82266    10.4522   14.56791 6.3567e-02     0.2726     2.1660 0.0000e+00
        676 287.549961    0.04685     2.8107    168.643     80.771  48030.605    30.4914    10.4595     80.000    10.4499    23.3600     5.1587     7.3723     80.166    225.128    230.387   -0.00320    6.43504    9.19631  280.82861    10.4504   14.56819 6.3532e-02     0.2874     2.1716 0.0000e+00
        681 287.549976    0.04721     2.8326    169.954     81.780  48034.273    30.4935    10.4587     81.000    10.4492    23.3618     5.1494     7.3590     80.021    224.722    229.972   -0.00291    6.43507    9.19636  280.82948    10.4495   14.56822 6.3504e-02     0.2803     2.2875 0.0000e+00
        686 287.549991    0.04756     2.8537    171.225     82.790  48037.760    30.4954    10.4577     82.000    10.4478    23.3634     5.1415     7.3477     79.897    224.376    229.619   -0.00265    6.43512    9.19643  280.83140    10.4485   14.56830 6.3457e-02     0.2610     2.3784 0.0000e+00
        691 287.550005    0.04790     2.8739    172.434     83.800  48042.915    30.4984    10.4557     83.000    10.4449    23.3661     5.1335     7.3362     79.771    224.027    229.261   -0.00254    6.43528    9.19666  280.83747    10.4464   14.56858 6.3443e-02     0.2470     2.3593 0.0000e+00
        696 287.550019    0.04824     2.8947    173.679     84.810  48049.971    30.5025    10.4519     84.000    10.4407    23.3700     5.1273     7.3274     79.669    223.754    228.983   -0.00232    6.43566    9.19720  280.85290    10.4423   14.56931 6.3385e-02     0.2549     2.4146 0.0000e+00
        701 287.550035    0.04860     2.9161    174.967     85.820  48056.869    30.5066    10.4483     85.000    10.4376    23.3737     5.1238     7.3224     79.611    223.603    228.829   -0.00186    6.43599    9.19768  280.86649    10.4387   14.56994 6.3332e-02     0.2638     2.4071 0.0000e+00
        706 287.550049    0.04896     2.9373    176.240     86.830  48061.179    30.5089    10.4458     86.000    10.4355    23.3760     5.1184     7.3148     79.525    223.369    228.590   -0.00173    6.43624    9.19803  280.87674    10.4361   14.57042 6.3298e-02     0.2749     2.4197 0.0000e+00
        711 287.550063    0.04929     2.9574    177.444     87.840  48064.100    30.5104    10.4448     87.000    10.4346    23.3774     5.1136     7.3079     79.449    223.158    228.375   -0.00168    6.43632    9.19814  280.87990    10.4350   14.57057 6.3286e-02     0.2660     2.5170 0.0000e+00
        716 287.550077    0.04963     2.9776    178.659     88.850  48066.969    30.5119    10.4440     88.000    10.4338    23.3787     5.1120     7.3055     79.423    223.085    228.300   -0.00131    6.43637    9.19821  280.88157    10.4340   14.57064 6.3277e-02     0.2371     2.5001 0.0000e+00
        721 287.550092    0.04999     2.9992    179.953     89.859  48069.474    30.5132    10.4435     89.000    10.4330    23.3798     5.1080     7.2998     79.360    222.910    228.121   -0.00124    6.43639    9.19824  280.88226    10.4334   14.57067 6.3257e-02     0.2209     2.5455 0.0000e+00
        726 287.550106    0.05033     3.0199    181.196     90.869  48072.168    30.5146    10.4425     90.000    10.4316    23.3811     5.1002     7.2887     79.239    222.572    227.776   -0.00154    6.43647    9.19836  280.88541    10.4323   14.57081 6.3225e-02     0.2523     2.5890 0.0000e+00
        730 287.550120    0.05065     3.0390    182.343     91.879  48076.195    30.5168    10.4408     91.000    10.4293    23.3831     5.0915     7.2763     79.102    222.192    227.387   -0.00194    6.43662    9.19857  280.89129    10.4305   14.57108 6.3198e-02     0.3214     2.6525 0.0000e+00
        735 287.550133    0.05098     3.0588    183.527     92.889  48084.840    30.5221    10.4372     92.000    10.4245    23.3878     5.0903     7.2746     79.080    222.138    227.334   -0.00153    6.43690    9.19898  280.90245    10.4268   14.57160 6.3172e-02     0.2940     2.7518 0.0000e+00
        740 287.550147    0.05131     3.0786    184.719     93.899  48094.838    30.5281    10.4323     93.000    10.4205    23.3933     5.0891     7.2729     79.057    222.086    227.281   -0.00114    6.43733    9.19960  280.91985    10.4218   14.57241 6.3143e-02     0.2799     2.8909 0.0000e+00
        745 287.550161    0.05165     3.0988    185.926     94.909  48100.295    30.5313    10.4298     94.000    10.4182    23.3962     5.0775     7.2564     78.874    221.581    226.765   -0.00185    6.43757    9.19992  280.92899    10.4191   14.57284 6.3110e-02     0.2757     2.8256 0.0000e+00
        749 287.550175    0.05197     3.1185    187.111     95.919  48105.206    30.5340    10.4276     95.000    10.4156    23.3987     5.0680     7.2427     78.724    221.164    226.339   -0.00225    6.43776    9.20021  280.93689    10.4168   14.57321 6.3085e-02     0.2463     2.7975 0.0000e+00
        754 287.550189    0.05232     3.1392    188.351     96.929  48110.691    30.5371    10.4247     96.000    10.4130    23.4017     5.0647     7.2380     78.669    221.018    226.191   -0.00182    6.43803    9.20059  280.94795    10.4139   14.57372 6.3023e-02     0.2501     2.8699 0.0000e+00
        759 287.550202    0.05262     3.1572    189.430     97.939  48114.191    30.5390    10.4231     97.000    10.4112    23.4034     5.0552     7.2244     78.520    220.604    225.767   -0.00213    6.43819    9.20081  280.95417    10.4121   14.57401 6.3011e-02     0.2487     2.9958 0.0000e+00
        763 287.550215    0.05295     3.1768    190.610     98.948  48118.718    30.5415    10.4208     98.000    10.4085    23.4058     5.0422     7.2058     78.315    220.035    225.184   -0.00273    6.43840    9.20113  280.96312    10.4097   14.57442 6.2987e-02     0.2729     3.1319 0.0000e+00
        768 287.550229    0.05326     3.1958    191.746     99.958  48122.249    30.5433    10.4189     99.000    10.4072    23.4076     5.0309     7.1896     78.136    219.541    224.680   -0.00291    6.43860    9.20141  280.97115    10.4076   14.57480 6.2958e-02     0.2922     3.4917 0.0000e+00
        773 287.550243    0.05360     3.2163    192.980    100.969  48123.568    30.5438    10.4182    100.000    10.4066    23.4080     5.0135     7.1648     77.866    218.782    223.903   -0.00356    6.43868    9.20152  280.97433    10.4068   14.57496 6.2924e-02     0.3402     3.7661 0.0000e+00
        778 287.550258    0.05397     3.2384    194.302    101.979  48124.463    30.5440    10.4179    101.000    10.4064    23.4083     5.0064     7.1547     77.755    218.473    223.587   -0.00302    6.43871    9.20157  280.97571    10.4064   14.57502 6.2860e-02     0.5138     4.3619 0.0000e+00
