CTD-processing/allCTD/CNV/2016_02-16_t7_s04_cast161_5028.cnv
* Sea-Bird SBE19plus Data File:
* FileName = C:\Users\Kris.Holderied\Documents\kasitsna\Research-KBL\Oceanography-AK\CTD-Data-ALL-to-2016-02\2016-CTD-KachemakBay-CookInlet\2016-02-CookInlet-quarterly\2016-02-16-CookInlet-Tran7-Augustine\2016-02-16-CookInlet-Tran7-cast161.hex
* Software Version 1.59
* Temperature SN =  5028
* Conductivity SN =  5028
* System UpLoad Time = Feb 16 2016 10:48:48
** Cook Inlet LTM Tran7 Augustine East to West

** Date: 02-16
** Station: 7-04
** Start time (AKST): 05:55
** Depth (m): 51
** Comment:  R/V Pandalus
** Comment: Zooplankton 40m vertical tow, Phytoplankton 40l surface, OA sample surface and 46 m.
# nquan = 27
# nvalues = 51                          
# units = specified
# name 0 = scan: Scan Count
# name 1 = timeJ: Julian Days
# name 2 = timeH: Time, Elapsed [hours]
# name 3 = timeM: Time, Elapsed [minutes]
# name 4 = timeS: Time, Elapsed [seconds]
# name 5 = prdM: Pressure, Strain Gauge [db]
# name 6 = specc: Specific Conductance [uS/cm]
# name 7 = sal00: Salinity, Practical [PSU]
# name 8 = tv290C: Temperature [ITS-90, deg C]
# name 9 = depSM: Depth [salt water, m], lat = 59.00
# name 10 = potemp090C: Potential Temperature [ITS-90, deg C]
# name 11 = sigma-é00: Density [sigma-theta, kg/m^3]
# name 12 = sbeox0ML/L: Oxygen, SBE 43 [ml/l]
# name 13 = sbeox0Mg/L: Oxygen, SBE 43 [mg/l]
# name 14 = sbeox0PS: Oxygen, SBE 43 [% saturation]
# name 15 = sbox0Mm/Kg: Oxygen, SBE 43 [umol/kg]
# name 16 = sbeox0Mm/L: Oxygen, SBE 43 [umol/l]
# name 17 = sbox0dV/dT: Oxygen, SBE 43 [dov/dt]
# name 18 = oxsolML/L: Oxygen Saturation, Garcia & Gordon [ml/l]
# name 19 = oxsolMg/L: Oxygen Saturation, Garcia & Gordon [mg/l]
# name 20 = oxsolMm/Kg: Oxygen Saturation, Garcia & Gordon [umol/kg]
# name 21 = potemp090C: Potential Temperature [ITS-90, deg C]
# name 22 = n2satMg/L: Nitrogen Saturation [mg/l]
# name 23 = par: PAR/Irradiance, Biospherical/Licor
# name 24 = flECO-AFL: Fluorescence, WET Labs ECO-AFL/FL [mg/m^3]
# name 25 = turbWETntu0: Turbidity, WET Labs ECO [NTU]
# name 26 = flag: flag
# span 0 =         49,        452       
# span 1 =  47.247175,  47.248342       
# span 2 =    0.00332,    0.03132       
# span 3 =     0.1995,     1.8789       
# span 4 =     11.970,    112.733       
# span 5 =      1.009,     51.487       
# span 6 =  49827.178,  50531.482       
# span 7 =    30.9825,    31.4627       
# span 8 =     5.2147,     5.4509       
# span 9 =      1.000,     51.000       
# span 10 =     5.2584,     5.4478      
# span 11 =    24.4668,    24.8289      
# span 12 =     6.1765,     6.6055      
# span 13 =     8.8269,     9.4398      
# span 14 =     85.416,     92.158      
# span 15 =    269.274,    287.864      
# span 16 =    275.842,    295.000      
# span 17 =   -0.00026,    0.04857      
# span 18 =    7.16728,    7.23178      
# span 19 =   10.24275,   10.33493      
# span 20 =  312.34776,  315.28297      
# span 21 =     5.2146,     5.4478      
# span 22 =   16.06884,   16.21026      
# span 23 = 3.6248e-02, 5.0766e-02      
# span 24 =     0.2215,     0.2646      
# span 25 =     0.7032,     1.5672      
# span 26 = 0.0000e+00, 0.0000e+00      
# interval = meters: 1                  
# start_time = Feb 16 2016 05:55:44 [Instrument's time stamp, header]
# bad_flag = -9.990e-29
*END*
         49  47.247175    0.00332     0.1995     11.970      1.009  49827.178    30.9825     5.2147      1.000     5.2584    24.4668     6.1765     8.8269     85.416    269.274    275.842    0.01076    7.23178   10.33493  315.28297     5.2146   16.21026 5.0766e-02     0.2643     1.5672 0.0000e+00
        313  47.247939    0.02166     1.2997     77.980      2.019  50531.482    31.4627     5.3940      2.000     5.3888    24.8289     6.4740     9.2520     90.231    282.121    289.128    0.04857    7.17449   10.25307  312.64643     5.3938   16.08290 3.6248e-02     0.2585     0.7032 0.0000e+00
        286  47.247863    0.01982     1.1894     71.367      3.029  50446.205    31.4044     5.3747      3.000     5.3738    24.7847     6.4713     9.2481     90.117    282.019    289.008    0.03256    7.18102   10.26239  312.94779     5.3745   16.09748 3.7976e-02     0.2562     0.8347 0.0000e+00
        289  47.247871    0.02003     1.2019     72.112      4.038  50443.322    31.4015     5.3729      4.000     5.3706    24.7827     6.4638     9.2374     90.007    281.692    288.673    0.02534    7.18146   10.26302  312.96774     5.3726   16.09843 3.7976e-02     0.2443     0.8553 0.0000e+00
        292  47.247880    0.02023     1.2136     72.817      5.048  50451.429    31.4063     5.3711      5.000     5.3730    24.7867     6.4597     9.2316     89.949    281.512    288.490    0.02010    7.18153   10.26313  312.96994     5.3708   16.09852 3.7976e-02     0.2396     0.8901 0.0000e+00
        295  47.247889    0.02045     1.2267     73.604      6.057  50450.686    31.4060     5.3749      6.000     5.3759    24.7860     6.4590     9.2304     89.946    281.479    288.455    0.01579    7.18090   10.26222  312.94226     5.3745   16.09720 3.7976e-02     0.2354     0.8846 0.0000e+00
        299  47.247900    0.02071     1.2425     74.552      7.066  50449.148    31.4049     5.3770      7.000     5.3766    24.7849     6.4627     9.2359     90.003    281.645    288.625    0.01212    7.18060   10.26180  312.92978     5.3764   16.09661 3.7976e-02     0.2438     0.8485 0.0000e+00
        303  47.247911    0.02097     1.2581     75.487      8.076  50447.984    31.4037     5.3769      8.000     5.3755    24.7839     6.4644     9.2383     90.025    281.718    288.701    0.00917    7.18069   10.26191  312.93359     5.3763   16.09680 3.7976e-02     0.2545     0.8365 0.0000e+00
        306  47.247920    0.02119     1.2715     76.291      9.086  50451.262    31.4052     5.3759      9.000     5.3762    24.7853     6.4703     9.2466     90.105    281.972    288.961    0.00744    7.18077   10.26204  312.93702     5.3752   16.09696 3.7976e-02     0.2514     0.8596 0.0000e+00
        309  47.247929    0.02141     1.2847     77.082     10.095  50467.708    31.4171     5.3811     10.000     5.3909    24.7941     6.4813     9.2623     90.277    282.450    289.453    0.00676    7.17931   10.25995  312.87065     5.3803   16.09375 3.7976e-02     0.2474     0.8906 0.0000e+00
        313  47.247940    0.02166     1.2996     77.977     11.104  50474.266    31.4256     5.4027     11.000     5.4150    24.7984     6.4930     9.2792     90.493    282.961    289.978    0.00627    7.17521   10.25410  312.69067     5.4019   16.08515 3.7976e-02     0.2400     0.8691 0.0000e+00
        317  47.247950    0.02192     1.3155     78.931     12.114  50464.764    31.4232     5.4255     12.000     5.4316    24.7940     6.5052     9.2966     90.710    283.495    290.524    0.00589    7.17145   10.24873  312.52824     5.4246   16.07742 3.7976e-02     0.2585     0.8542 0.0000e+00
        320  47.247961    0.02217     1.3301     79.805     13.123  50456.304    31.4190     5.4358     13.000     5.4362    24.7895     6.5103     9.3039     90.801    283.717    290.751    0.00504    7.16989   10.24649  312.46153     5.4349   16.07426 3.7976e-02     0.2646     0.8666 0.0000e+00
        324  47.247971    0.02240     1.3441     80.644     14.133  50448.054    31.4128     5.4357     14.000     5.4314    24.7846     6.5104     9.3041     90.799    283.724    290.756    0.00386    7.17020   10.24693  312.47636     5.4347   16.07499 3.7976e-02     0.2578     0.9065 0.0000e+00
        327  47.247981    0.02266     1.3595     81.569     15.142  50453.284    31.4149     5.4302     15.000     5.4290    24.7868     6.5131     9.3078     90.826    283.840    290.876    0.00295    7.17103   10.24812  312.51204     5.4292   16.07668 3.7976e-02     0.2560     0.9060 0.0000e+00
        331  47.247993    0.02294     1.3762     82.575     16.151  50462.105    31.4210     5.4329     16.000     5.4353    24.7914     6.5207     9.3187     90.940    284.168    291.213    0.00270    7.17028   10.24705  312.47802     5.4317   16.07504 3.7976e-02     0.2545     0.8702 0.0000e+00
        335  47.248004    0.02320     1.3920     83.522     17.160  50459.138    31.4198     5.4392     17.000     5.4395    24.7897     6.5308     9.3332     91.095    284.612    291.667    0.00281    7.16927   10.24561  312.43460     5.4379   16.07297 3.7976e-02     0.2460     0.8723 0.0000e+00
        338  47.248013    0.02343     1.4057     84.344     18.171  50458.610    31.4193     5.4415     18.000     5.4409    24.7892     6.5387     9.3444     91.208    284.952    292.016    0.00280    7.16890   10.24508  312.41879     5.4401   16.07222 3.7976e-02     0.2526     0.9134 0.0000e+00
        342  47.248023    0.02365     1.4193     85.157     19.181  50458.741    31.4192     5.4428     19.000     5.4419    24.7889     6.5427     9.3502     91.268    285.130    292.198    0.00248    7.16868   10.24476  312.40905     5.4414   16.07176 3.7976e-02     0.2642     0.9163 0.0000e+00
        345  47.248033    0.02391     1.4343     86.056     20.190  50458.020    31.4183     5.4433     20.000     5.4416    24.7882     6.5468     9.3560     91.326    285.308    292.380    0.00213    7.16864   10.24470  312.40741     5.4418   16.07168 3.7976e-02     0.2585     0.9260 0.0000e+00
        349  47.248045    0.02419     1.4509     87.057     21.200  50459.243    31.4186     5.4429     21.000     5.4413    24.7885     6.5523     9.3638     91.401    285.545    292.623    0.00192    7.16871   10.24479  312.41007     5.4413   16.07181 3.7976e-02     0.2507     0.9335 0.0000e+00
        353  47.248056    0.02446     1.4674     88.044     22.209  50461.190    31.4196     5.4433     22.000     5.4421    24.7892     6.5547     9.3673     91.436    285.651    292.732    0.00157    7.16859   10.24465  312.40536     5.4415   16.07158 3.7977e-02     0.2428     0.9100 0.0000e+00
        356  47.248065    0.02468     1.4808     88.849     23.218  50462.441    31.4201     5.4443     23.000     5.4432    24.7895     6.5551     9.3679     91.445    285.670    292.752    0.00120    7.16839   10.24435  312.39623     5.4426   16.07115 3.7982e-02     0.2343     0.9119 0.0000e+00
        359  47.248074    0.02489     1.4935     89.609     24.228  50462.189    31.4197     5.4453     24.000     5.4438    24.7890     6.5590     9.3735     91.501    285.841    292.927    0.00117    7.16824   10.24414  312.38981     5.4435   16.07084 3.8009e-02     0.2263     0.9360 0.0000e+00
        363  47.248085    0.02516     1.5093     90.555     25.237  50462.348    31.4194     5.4457     25.000     5.4439    24.7888     6.5641     9.3808     91.573    286.062    293.152    0.00123    7.16818   10.24404  312.38702     5.4439   16.07071 3.8132e-02     0.2270     0.9170 0.0000e+00
        367  47.248097    0.02545     1.5268     91.608     26.247  50462.838    31.4193     5.4457     26.000     5.4435    24.7887     6.5655     9.3827     91.592    286.122    293.215    0.00095    7.16819   10.24407  312.38800     5.4437   16.07076 3.8034e-02     0.2441     0.8689 0.0000e+00
        371  47.248108    0.02568     1.5410     92.460     27.257  50464.087    31.4196     5.4455     27.000     5.4436    24.7890     6.5671     9.3851     91.615    286.193    293.287    0.00076    7.16820   10.24408  312.38800     5.4435   16.07076 3.7987e-02     0.2547     0.8807 0.0000e+00
        374  47.248116    0.02590     1.5540     93.240     28.266  50465.245    31.4200     5.4460     28.000     5.4443    24.7892     6.5723     9.3925     91.688    286.419    293.519    0.00091    7.16812   10.24395  312.38428     5.4438   16.07059 3.7978e-02     0.2502     0.9200 0.0000e+00
        377  47.248126    0.02614     1.5684     94.107     29.276  50465.868    31.4201     5.4468     29.000     5.4451    24.7892     6.5764     9.3983     91.747    286.597    293.702    0.00101    7.16796   10.24373  312.37738     5.4447   16.07025 3.7976e-02     0.2369     0.9142 0.0000e+00
        381  47.248137    0.02639     1.5836     95.015     30.285  50466.315    31.4201     5.4476     30.000     5.4458    24.7892     6.5790     9.4022     91.786    286.714    293.821    0.00089    7.16782   10.24353  312.37144     5.4453   16.06997 3.7976e-02     0.2350     0.8911 0.0000e+00
        384  47.248146    0.02662     1.5973     95.836     31.295  50466.207    31.4197     5.4484     31.000     5.4462    24.7888     6.5820     9.4064     91.830    286.845    293.955    0.00089    7.16771   10.24338  312.36693     5.4460   16.06976 3.7976e-02     0.2392     0.8952 0.0000e+00
        387  47.248155    0.02684     1.6098     96.590     32.304  50465.728    31.4189     5.4486     32.000     5.4459    24.7882     6.5833     9.4082     91.847    286.900    294.012    0.00075    7.16772   10.24338  312.36717     5.4462   16.06977 3.7976e-02     0.2416     0.9283 0.0000e+00
        391  47.248164    0.02705     1.6230     97.377     33.314  50466.626    31.4190     5.4483     33.000     5.4457    24.7882     6.5823     9.4068     91.833    286.857    293.967    0.00047    7.16776   10.24344  312.36900     5.4458   16.06986 3.7976e-02     0.2426     0.9678 0.0000e+00
        394  47.248174    0.02729     1.6372     98.234     34.324  50468.455    31.4198     5.4484     34.000     5.4462    24.7889     6.5817     9.4059     91.824    286.830    293.940    0.00022    7.16770   10.24336  312.36635     5.4458   16.06973 3.7976e-02     0.2314     0.9832 0.0000e+00
        397  47.248184    0.02753     1.6518     99.108     35.334  50469.300    31.4200     5.4491     35.000     5.4467    24.7889     6.5843     9.4096     91.862    286.940    294.053    0.00028    7.16757   10.24318  312.36068     5.4465   16.06946 3.7976e-02     0.2248     0.9966 0.0000e+00
        401  47.248194    0.02777     1.6659     99.953     36.343  50469.325    31.4197     5.4495     36.000     5.4468    24.7887     6.5886     9.4157     91.922    287.127    294.245    0.00049    7.16752   10.24311  312.35872     5.4468   16.06936 3.7976e-02     0.2353     1.0391 0.0000e+00
        404  47.248204    0.02802     1.6807    100.841     37.353  50470.104    31.4197     5.4495     37.000     5.4467    24.7887     6.5904     9.4184     91.949    287.210    294.330    0.00049    7.16753   10.24312  312.35895     5.4467   16.06937 3.7976e-02     0.2402     1.0377 0.0000e+00
        408  47.248215    0.02827     1.6962    101.775     38.363  50471.007    31.4198     5.4495     38.000     5.4467    24.7888     6.5890     9.4163     91.928    287.145    294.263    0.00019    7.16752   10.24310  312.35835     5.4467   16.06935 3.7976e-02     0.2323     0.9977 0.0000e+00
        412  47.248225    0.02852     1.7116    102.696     39.372  50472.205    31.4202     5.4498     39.000     5.4472    24.7891     6.5901     9.4179     91.944    287.193    294.312    0.00014    7.16745   10.24300  312.35528     5.4469   16.06920 3.7976e-02     0.2339     0.9754 0.0000e+00
        415  47.248236    0.02876     1.7258    103.550     40.381  50472.950    31.4204     5.4504     40.000     5.4477    24.7891     6.5934     9.4226     91.992    287.338    294.461    0.00031    7.16733   10.24283  312.35002     5.4474   16.06895 3.7976e-02     0.2311     0.9648 0.0000e+00
        419  47.248245    0.02900     1.7398    104.389     41.391  50473.217    31.4201     5.4508     41.000     5.4478    24.7889     6.5971     9.4279     92.045    287.500    294.626    0.00046    7.16728   10.24276  312.34789     5.4478   16.06885 3.7976e-02     0.2341     1.0128 0.0000e+00
        422  47.248255    0.02924     1.7540    105.240     42.401  50473.662    31.4200     5.4509     42.000     5.4476    24.7888     6.5994     9.4312     92.077    287.601    294.730    0.00049    7.16728   10.24275  312.34776     5.4477   16.06884 3.7976e-02     0.2309     1.0273 0.0000e+00
        425  47.248265    0.02946     1.7681    106.084     43.411  50474.136    31.4198     5.4506     43.000     5.4472    24.7887     6.5987     9.4302     92.066    287.568    294.697    0.00028    7.16732   10.24282  312.34978     5.4474   16.06894 3.7976e-02     0.2233     0.9929 0.0000e+00
        429  47.248274    0.02969     1.7818    106.906     44.420  50474.747    31.4197     5.4505     44.000     5.4470    24.7886     6.5956     9.4257     92.022    287.432    294.557   -0.00008    7.16736   10.24287  312.35138     5.4471   16.06902 3.7976e-02     0.2215     0.9575 0.0000e+00
        432  47.248283    0.02991     1.7948    107.688     45.430  50474.974    31.4194     5.4504     45.000     5.4467    24.7884     6.5944     9.4241     92.006    287.383    294.506   -0.00026    7.16739   10.24291  312.35284     5.4470   16.06909 3.7976e-02     0.2284     0.9666 0.0000e+00
        435  47.248292    0.03013     1.8075    108.451     46.439  50474.926    31.4187     5.4500     46.000     5.4461    24.7880     6.5971     9.4279     92.041    287.499    294.626   -0.00011    7.16749   10.24305  312.35724     5.4465   16.06930 3.7976e-02     0.2344     1.0041 0.0000e+00
        438  47.248302    0.03035     1.8207    109.244     47.449  50476.174    31.4190     5.4495     47.000     5.4458    24.7882     6.6014     9.4341     92.101    287.688    294.819    0.00019    7.16755   10.24315  312.35997     5.4460   16.06943 3.7976e-02     0.2362     1.0657 0.0000e+00
        441  47.248311    0.03058     1.8350    110.102     48.459  50476.848    31.4189     5.4494     48.000     5.4457    24.7882     6.6026     9.4359     92.118    287.741    294.874    0.00021    7.16757   10.24318  312.36097     5.4458   16.06948 3.7976e-02     0.2284     1.0546 0.0000e+00
        445  47.248322    0.03082     1.8494    110.963     49.468  50477.270    31.4187     5.4493     49.000     5.4455    24.7881     6.6015     9.4343     92.103    287.694    294.826    0.00001    7.16760   10.24322  312.36221     5.4456   16.06954 3.7976e-02     0.2237     1.0062 0.0000e+00
        448  47.248331    0.03105     1.8633    111.800     50.478  50477.924    31.4186     5.4492     50.000     5.4454    24.7881     6.6026     9.4358     92.117    287.739    294.872   -0.00001    7.16763   10.24325  312.36331     5.4454   16.06959 3.7976e-02     0.2297     0.9940 0.0000e+00
        452  47.248342    0.03132     1.8789    112.733     51.487  50479.214    31.4191     5.4494     51.000     5.4457    24.7884     6.6055     9.4398     92.158    287.864    295.000    0.00018    7.16757   10.24317  312.36093     5.4455   16.06948 3.7976e-02     0.2385     0.9852 0.0000e+00
