CTD-processing/allCTD/CNV/2016_11-10_t9_s09_cast009_4141.cnv
* Sea-Bird SBE19plus Data File:
* FileName = P:\My Documents\kasitsna\Research-KBL\Oceanography-AK\CTD-Data-ALL-to-2016-05\2016-CTD-KachemakBay-CookInlet\2016-11-10-CookIInlet-Tran9-monthly\2016-11-10-CookInlet-Tran9-cast009.hex
* Software Version 1.59
* Temperature SN =  4141
* Conductivity SN =  4141
* System UpLoad Time = Jan 10 2017 14:26:25
** Cook Inlet LTM Tran 9 south to north
** Date: (YYYY-MM-DD): 2016-11-10
** Station: (eg. 9-01): 9-09
** Start time (AKST): 12:56
** Depth (m): 82
** Comment: R/V Edgecumbe. CTD time is 2 hrs ahead of  local time (was on PDT)
** Comment:
# nquan = 27
# nvalues = 77                          
# units = specified
# name 0 = scan: Scan Count
# name 1 = timeJ: Julian Days
# name 2 = timeH: Time, Elapsed [hours]
# name 3 = timeM: Time, Elapsed [minutes]
# name 4 = timeS: Time, Elapsed [seconds]
# name 5 = prdM: Pressure, Strain Gauge [db]
# name 6 = specc: Specific Conductance [uS/cm]
# name 7 = sal00: Salinity, Practical [PSU]
# name 8 = tv290C: Temperature [ITS-90, deg C]
# name 9 = depSM: Depth [salt water, m], lat = 59.00
# name 10 = potemp090C: Potential Temperature [ITS-90, deg C]
# name 11 = sigma-é00: Density [sigma-theta, kg/m^3]
# name 12 = sbeox0ML/L: Oxygen, SBE 43 [ml/l]
# name 13 = sbeox0Mg/L: Oxygen, SBE 43 [mg/l]
# name 14 = sbeox0PS: Oxygen, SBE 43 [% saturation]
# name 15 = sbox0Mm/Kg: Oxygen, SBE 43 [umol/kg]
# name 16 = sbeox0Mm/L: Oxygen, SBE 43 [umol/l]
# name 17 = sbox0dV/dT: Oxygen, SBE 43 [dov/dt]
# name 18 = oxsolML/L: Oxygen Saturation, Garcia & Gordon [ml/l]
# name 19 = oxsolMg/L: Oxygen Saturation, Garcia & Gordon [mg/l]
# name 20 = oxsolMm/Kg: Oxygen Saturation, Garcia & Gordon [umol/kg]
# name 21 = n2satMg/L: Nitrogen Saturation [mg/l]
# name 22 = par: PAR/Irradiance, Biospherical/Licor
# name 23 = wetStar: Fluorescence, WET Labs WETstar [mg/m^3]
# name 24 = CStarAt0: Beam Attenuation, WET Labs C-Star [1/m]
# name 25 = CStarTr0: Beam Transmission, WET Labs C-Star [%]
# name 26 = flag: flag
# span 0 =        131,        685       
# span 1 = 315.623583, 315.625186       
# span 2 =    0.00904,    0.04752       
# span 3 =     0.5425,     2.8513       
# span 4 =     32.553,    171.077       
# span 5 =      1.009,     77.686       
# span 6 =  47178.171,  48654.258       
# span 7 =    29.5205,    30.7739       
# span 8 =     7.4382,     9.2180       
# span 9 =      1.000,     77.000       
# span 10 =     7.4420,     9.2100      
# span 11 =    23.0493,    23.7789      
# span 12 =     5.5236,     6.0901      
# span 13 =     7.8937,     8.7034      
# span 14 =     83.678,     88.258      
# span 15 =    240.955,    265.854      
# span 16 =    246.684,    271.983      
# span 17 =   -0.00979,    0.00789      
# span 18 =    6.60105,    6.92830      
# span 19 =    9.43355,    9.90123      
# span 20 =  287.95554,  302.44652      
# span 21 =   14.90790,   15.60487      
# span 22 = 4.2006e-02, 6.9496e+00      
# span 23 =     0.1870,     0.7087      
# span 24 =     0.5073,     1.6402      
# span 25 =    66.6238,    88.0888      
# span 26 = 0.0000e+00, 0.0000e+00      
# interval = meters: 1                  
# start_time = Nov 10 2016 14:57:25 [Instrument's time stamp, header]
# bad_flag = -9.990e-29
*END*
[from data line 54]
        568 315.624846    0.03936     2.3615    141.692     55.528  48554.035    30.7103     9.1978     55.000     9.1925    23.7318     5.5624     7.9492     84.193    242.657    248.416   -0.00148    6.60672    9.44166  288.21636   14.92062 4.2341e-02     0.2611     0.6604    84.7809 0.0000e+00
        573 315.624862    0.03975     2.3851    143.107     56.536  48556.566    30.7119     9.1991     56.000     9.1935    23.7329     5.5713     7.9620     84.331    243.047    248.815    0.00036    6.60646    9.44130  288.20467   14.92005 4.2354e-02     0.2222     0.6533    84.9311 0.0000e+00
        579 315.624879    0.04016     2.4093    144.559     57.556  48559.589    30.7136     9.1996     57.000     9.1941    23.7342     5.5720     7.9629     84.343    243.074    248.843    0.00021    6.60631    9.44108  288.19781   14.91972 4.2462e-02     0.1961     0.6532    84.9349 0.0000e+00
        584 315.624893    0.04048     2.4285    145.710     58.548  48567.380    30.7189     9.2017     58.000     9.1965    23.7380     5.5702     7.9604     84.323    242.996    248.764   -0.00009    6.60578    9.44031  288.17325   14.91852 4.2486e-02     0.2076     0.6747    84.4788 0.0000e+00
        591 315.624912    0.04095     2.4573    147.439     59.576  48568.593    30.7196     9.2036     59.000     9.1974    23.7383     5.5612     7.9475     84.191    242.604    248.363   -0.00140    6.60547    9.43987  288.15980   14.91787 4.2422e-02     0.2309     0.6621    84.7465 0.0000e+00
        595 315.624924    0.04123     2.4736    148.417     60.568  48571.026    30.7209     9.2035     60.000     9.1972    23.7393     5.5558     7.9399     84.110    242.370    248.124   -0.00176    6.60543    9.43982  288.15782   14.91778 4.2812e-02     0.2043     0.7057    83.8263 0.0000e+00
        601 315.624943    0.04170     2.5018    150.107     61.590  48572.973    30.7218     9.2035     61.000     9.1974    23.7400     5.5549     7.9386     84.098    242.331    248.084   -0.00117    6.60539    9.43976  288.15585   14.91768 4.2411e-02     0.2573     0.6924    84.1059 0.0000e+00
        606 315.624957    0.04201     2.5209    151.256     62.591  48576.303    30.7238     9.2040     62.000     9.1974    23.7415     5.5527     7.9353     84.065    242.232    247.983   -0.00130    6.60523    9.43954  288.14866   14.91733 4.2339e-02     0.2172     0.7044    83.8538 0.0000e+00
        612 315.624974    0.04243     2.5461    152.764     63.604  48579.848    30.7258     9.2039     63.000     9.1973    23.7432     5.5570     7.9416     84.132    242.423    248.179   -0.00015    6.60517    9.43944  288.14525   14.91716 4.2376e-02     0.2313     0.7070    83.7996 0.0000e+00
        619 315.624994    0.04292     2.5750    154.500     64.637  48587.952    30.7312     9.2043     64.000     9.1992    23.7473     5.5407     7.9181     83.887    241.706    247.446   -0.00203    6.60489    9.43904  288.13176   14.91649 4.2148e-02     0.2041     0.7341    83.2359 0.0000e+00
        622 315.625004    0.04315     2.5889    155.335     65.613  48603.390    30.7421     9.2081     65.000     9.2027    23.7552     5.5425     7.9207     83.927    241.782    247.526   -0.00179    6.60385    9.43757  288.08454   14.91418 4.2478e-02     0.2636     0.8186    81.4939 0.0000e+00
        629 315.625024    0.04363     2.6180    157.081     66.646  48614.157    30.7495     9.2109     66.000     9.2044    23.7606     5.5429     7.9213     83.943    241.799    247.544   -0.00051    6.60312    9.43652  288.05108   14.91256 4.2469e-02     0.2265     0.8144    81.5777 0.0000e+00
        633 315.625036    0.04392     2.6348    158.090     67.623  48631.829    30.7617     9.2123     67.000     9.2064    23.7700     5.5353     7.9106     83.839    241.468    247.209   -0.00183    6.60240    9.43548  288.01690   14.91087 4.2320e-02     0.1870     0.8486    80.8918 0.0000e+00
        640 315.625055    0.04438     2.6631    159.786     68.668  48635.732    30.7642     9.2139     68.000     9.2072    23.7717     5.5373     7.9134     83.872    241.554    247.296   -0.00047    6.60206    9.43500  288.00153   14.91013 4.2006e-02     0.2275     0.9252    79.3498 0.0000e+00
        645 315.625069    0.04471     2.6828    160.970     69.662  48641.579    30.7681     9.2154     69.000     9.2086    23.7745     5.5267     7.8981     83.716    241.088    246.820   -0.00188    6.60168    9.43445  287.98402   14.90928 4.2460e-02     0.2385     0.9648    78.5678 0.0000e+00
        650 315.625084    0.04508     2.7048    162.287     70.667  48642.885    30.7688     9.2163     70.000     9.2092    23.7749     5.5283     7.9004     83.742    241.158    246.892   -0.00098    6.60151    9.43422  287.97701   14.90894 4.2336e-02     0.2415     0.9711    78.4440 0.0000e+00
        656 315.625100    0.04546     2.7271    163.627     71.688  48645.303    30.7701     9.2169     71.000     9.2097    23.7759     5.5286     7.9009     83.749    241.172    246.906   -0.00050    6.60136    9.43401  287.97018   14.90861 4.2494e-02     0.2370     0.9771    78.3261 0.0000e+00
        661 315.625115    0.04581     2.7490    164.943     72.688  48646.153    30.7703     9.2173     72.000     9.2098    23.7760     5.5248     7.8954     83.692    241.007    246.737   -0.00085    6.60130    9.43393  287.96770   14.90849 4.2495e-02     0.2302     0.9873    78.1270 0.0000e+00
        667 315.625132    0.04623     2.7738    166.425     73.715  48648.040    30.7712     9.2174     73.000     9.2099    23.7767     5.5252     7.8962     83.701    241.028    246.759   -0.00062    6.60125    9.43384  287.96485   14.90835 4.2455e-02     0.2215     1.0006    77.8674 0.0000e+00
        671 315.625144    0.04650     2.7901    167.405     74.702  48650.073    30.7722     9.2176     74.000     9.2100    23.7775     5.5306     7.9038     83.782    241.260    246.996    0.00031    6.60117    9.43373  287.96110   14.90817 4.2671e-02     0.2324     1.0404    77.0974 0.0000e+00
        678 315.625164    0.04699     2.8192    169.154     75.732  48651.635    30.7729     9.2179     75.000     9.2100    23.7780     5.5301     7.9032     83.776    241.241    246.977    0.00006    6.60110    9.43364  287.95817   14.90802 4.2391e-02     0.2352     1.0291    77.3166 0.0000e+00
        682 315.625176    0.04728     2.8372    170.231     76.736  48652.968    30.7735     9.2179     76.000     9.2100    23.7784     5.5249     7.8956     83.697    241.011    246.741   -0.00064    6.60107    9.43359  287.95669   14.90795 4.2131e-02     0.2343     1.1072    75.8236 0.0000e+00
        685 315.625186    0.04752     2.8513    171.077     77.686  48654.258    30.7739     9.2180     77.000     9.2098    23.7789     5.5236     7.8937     83.678    240.955    246.684   -0.00114    6.60105    9.43355  287.95554   14.90790 4.2725e-02     0.2065     1.1945    74.1812 0.0000e+00
