CTD-processing/allCTD/CNV/2016_07-29_subbays_tutka03_cast031_5028.cnv
* Sea-Bird SBE19plus Data File:
* FileName = C:\Users\Kris.Holderied\Documents\kasitsna\Research-KBL\Oceanography-AK\CTD-Data-ALL-to-2016-05\2016-CTD-KachemakBay-CookInlet\2016-07-29-KachemakBay-Plankton\2016-07-29-KachemakBay-Plankton-cast031.hex
* Software Version 1.59
* Temperature SN =  5028
* Conductivity SN =  5028
* System UpLoad Time = Aug 05 2016 19:57:41
** Kachemak Bay CTDs for sub-bay plankton sampling
** Date (YYYY-MM-DD): 2016-07-29
** Station (eg. 9-01):  Tutka03
** Start time (AKDT): 10:33
** Depth (m): 82.9
** Comment:  R/V Edgecumbe.  Sampling to evaluate sub-bay water column.
** Comment:
# nquan = 27
# nvalues = 79                          
# units = specified
# name 0 = scan: Scan Count
# name 1 = timeJ: Julian Days
# name 2 = timeH: Time, Elapsed [hours]
# name 3 = timeM: Time, Elapsed [minutes]
# name 4 = timeS: Time, Elapsed [seconds]
# name 5 = prdM: Pressure, Strain Gauge [db]
# name 6 = specc: Specific Conductance [uS/cm]
# name 7 = sal00: Salinity, Practical [PSU]
# name 8 = tv290C: Temperature [ITS-90, deg C]
# name 9 = depSM: Depth [salt water, m], lat = 59.00
# name 10 = potemp090C: Potential Temperature [ITS-90, deg C]
# name 11 = sigma-é00: Density [sigma-theta, kg/m^3]
# name 12 = sbeox0ML/L: Oxygen, SBE 43 [ml/l]
# name 13 = sbeox0Mg/L: Oxygen, SBE 43 [mg/l]
# name 14 = sbeox0PS: Oxygen, SBE 43 [% saturation]
# name 15 = sbox0Mm/Kg: Oxygen, SBE 43 [umol/kg]
# name 16 = sbeox0Mm/L: Oxygen, SBE 43 [umol/l]
# name 17 = sbox0dV/dT: Oxygen, SBE 43 [dov/dt]
# name 18 = oxsolML/L: Oxygen Saturation, Garcia & Gordon [ml/l]
# name 19 = oxsolMg/L: Oxygen Saturation, Garcia & Gordon [mg/l]
# name 20 = oxsolMm/Kg: Oxygen Saturation, Garcia & Gordon [umol/kg]
# name 21 = potemp090C: Potential Temperature [ITS-90, deg C]
# name 22 = n2satMg/L: Nitrogen Saturation [mg/l]
# name 23 = par: PAR/Irradiance, Biospherical/Licor
# name 24 = flECO-AFL: Fluorescence, WET Labs ECO-AFL/FL [mg/m^3]
# name 25 = turbWETntu0: Turbidity, WET Labs ECO [NTU]
# name 26 = flag: flag
# span 0 =        275,        484       
# span 1 = 211.441442, 211.442047       
# span 2 =    0.01906,    0.03356       
# span 3 =     1.1432,     2.0139       
# span 4 =     68.592,    120.839       
# span 5 =      1.009,     79.760       
# span 6 =  43628.569,  49446.767       
# span 7 =    27.6539,    31.3920       
# span 8 =     8.8832,    12.7522       
# span 9 =      1.000,     79.000       
# span 10 =     8.8814,    12.7001      
# span 11 =    20.7559,    24.2075      
# span 12 =     5.3954,     7.8542      
# span 13 =     7.7106,    11.2245      
# span 14 =     82.102,    122.652      
# span 15 =    235.266,    342.680      
# span 16 =    240.961,    350.768      
# span 17 =   -0.07972,    0.03573      
# span 18 =    6.20677,    6.63462      
# span 19 =    8.87010,    9.48154      
# span 20 =  271.12290,  289.32431      
# span 21 =     8.8797,    12.7521      
# span 22 =   14.10645,   14.97180      
# span 23 = 7.4139e-02, 1.5257e+02      
# span 24 =     0.0922,     0.7051      
# span 25 =     0.1635,     0.7762      
# span 26 = 0.0000e+00, 0.0000e+00      
# interval = meters: 1                  
# start_time = Jul 29 2016 10:34:32 [Instrument's time stamp, header]
# bad_flag = -9.990e-29
*END*
        275 211.441442    0.01906     1.1432     68.592      1.009  43628.569    27.6539    12.7522      1.000    12.7001    20.7559     7.4873    10.7001    120.026    327.584    334.382    0.03573    6.23826    8.91508  272.93744    12.7521   14.20160 1.5257e+02     0.7051     0.7090 0.0000e+00
        280 211.441454    0.01935     1.1608     69.650      2.019  46563.557    29.6877    12.3881      2.000    12.0643    22.3959     7.4774    10.6859    120.472    326.624    333.939    0.02761    6.20677    8.87010  271.12290    12.3878   14.10645 1.0853e+02     0.4979     0.5726 0.0000e+00
        283 211.441463    0.01955     1.1732     70.393      3.028  47583.267    30.3588    11.8844      3.000    11.4904    23.0073     7.5294    10.7602    120.526    328.698    336.262    0.02027    6.24692    8.92747  272.71246    11.8840   14.17996 8.3849e+01     0.3217     0.4280 0.0000e+00
        285 211.441470    0.01973     1.1839     71.031      4.038  47989.040    30.5944    11.3870      4.000    11.0237    23.2787     7.6428    10.9223    121.226    333.560    341.327    0.01867    6.30411    9.00921  275.13650    11.3864   14.29517 7.1257e+01     0.2277     0.3030 0.0000e+00
        288 211.441478    0.01990     1.1938     71.631      5.047  48235.100    30.7213    10.9546      5.000    10.6367    23.4527     7.7722    11.1073    122.243    339.152    347.107    0.02145    6.35768    9.08576  277.42714    10.9540   14.40437 6.2351e+01     0.2122     0.2487 0.0000e+00
        290 211.441483    0.02006     1.2035     72.211      6.056  48450.355    30.8316    10.5868      6.000    10.3383    23.6015     7.8542    11.2245    122.652    342.680    350.768    0.02153    6.40372    9.15155  279.39559    10.5861   14.49818 5.4818e+01     0.2331     0.2245 0.0000e+00
        292 211.441490    0.02022     1.2132     72.790      7.066  48614.010    30.9142    10.3103      7.000    10.1204    23.7122     7.8237    11.1808    121.517    341.312    349.404    0.01167    6.43881    9.20170  280.89626    10.3095   14.56968 4.8268e+01     0.2798     0.2079 0.0000e+00
        295 211.441498    0.02039     1.2230     73.382      8.076  48731.944    30.9704    10.0907      8.000     9.9412    23.7924     7.7015    11.0062    119.097    335.956    343.948   -0.00556    6.46731    9.24244  282.11778    10.0898   14.62791 4.2338e+01     0.3389     0.1926 0.0000e+00
        297 211.441505    0.02056     1.2332     73.990      9.085  48827.527    31.0159     9.9168      9.000     9.8062    23.8562     7.5004    10.7188    115.583    327.162    334.966   -0.02692    6.49003    9.27491  283.09131     9.9158   14.67430 3.7047e+01     0.4189     0.1779 0.0000e+00
        299 211.441511    0.02072     1.2435     74.612     10.095  48896.118    31.0470     9.7838     10.000     9.6987    23.9019     7.2597    10.3748    111.568    316.649    324.217   -0.04811    6.50767    9.30010  283.84774     9.7827   14.71036 3.2293e+01     0.5008     0.1715 0.0000e+00
        302 211.441519    0.02090     1.2541     75.245     11.104  48939.311    31.0636     9.6798     11.000     9.6088    23.9316     7.0161    10.0267    107.588    306.014    313.338   -0.06510    6.52184    9.32037  284.45802     9.6786   14.73949 2.8200e+01     0.5388     0.1695 0.0000e+00
        305 211.441527    0.02108     1.2647     75.878     12.114  48984.534    31.0837     9.5928     12.000     9.5405    23.9612     6.8008     9.7190    104.097    296.616    303.723   -0.07586    6.53348    9.33701  284.95770     9.5915   14.76330 2.4682e+01     0.4850     0.1684 0.0000e+00
        307 211.441534    0.02125     1.2751     76.506     13.123  49024.136    31.1032     9.5322     13.000     9.4963    23.9860     6.6278     9.4718    101.325    289.064    295.997   -0.07972    6.54140    9.34832  285.29584     9.5308   14.77939 2.1733e+01     0.3991     0.1663 0.0000e+00
        310 211.441541    0.02143     1.2855     77.129     14.133  49036.748    31.1061     9.4900     14.000     9.4514    23.9949     6.4845     9.2670     99.043    282.813    289.599   -0.07952    6.54738    9.35687  285.55428     9.4885   14.79174 1.9173e+01     0.3058     0.1637 0.0000e+00
        312 211.441548    0.02160     1.2959     77.752     15.142  49029.013    31.0937     9.4412     15.000     9.3894    23.9929     6.3668     9.0988     97.133    277.679    284.342   -0.07679    6.55497    9.36771  285.88574     9.4396   14.80763 1.6965e+01     0.2418     0.1635 0.0000e+00
        315 211.441556    0.02178     1.3063     78.377     16.152  49042.905    31.0946     9.3780     16.000     9.3298    24.0036     6.2629     8.9503     95.414    273.144    279.701   -0.07311    6.56411    9.38077  286.28148     9.3762   14.82655 1.4976e+01     0.1963     0.1705 0.0000e+00
        317 211.441563    0.02194     1.3167     79.005     17.161  49075.455    31.1095     9.3224     17.000     9.2910    24.0239     6.1639     8.8088     93.799    268.823    275.281   -0.06933    6.57155    9.39139  286.59987     9.3206   14.84171 1.3206e+01     0.1649     0.1879 0.0000e+00
        320 211.441570    0.02212     1.3273     79.638     18.170  49112.867    31.1305     9.2864     18.000     9.2746    24.0459     6.0670     8.6704     92.263    264.592    270.954   -0.06575    6.57590    9.39761  286.78343     9.2846   14.85040 1.1632e+01     0.1551     0.2040 0.0000e+00
        322 211.441577    0.02230     1.3379     80.274     19.180  49134.984    31.1442     9.2759     19.000     9.2705    24.0583     5.9859     8.5546     91.016    261.054    267.334   -0.06137    6.57685    9.39897  286.82159     9.2739   14.85217 1.0278e+01     0.1574     0.2138 0.0000e+00
        325 211.441585    0.02248     1.3486     80.915     20.190  49125.691    31.1366     9.2712     20.000     9.2540    24.0531     5.9326     8.4782     90.190    258.726    264.949   -0.05511    6.57786    9.40041  286.86703     9.2691   14.85438 9.0924e+00     0.1526     0.2097 0.0000e+00
        327 211.441592    0.02266     1.3593     81.557     21.199  49090.459    31.1082     9.2474     21.000     9.2015    24.0345     5.9116     8.4482     89.807    257.814    264.010   -0.04703    6.58255    9.40712  287.07678     9.2452   14.86451 8.0649e+00     0.1421     0.2044 0.0000e+00
        330 211.441599    0.02284     1.3701     82.204     22.208  49069.707    31.0845     9.1845     22.000     9.1249    24.0257     5.8985     8.4296     89.471    257.246    263.427   -0.03974    6.59274    9.42169  287.52406     9.1823   14.88599 7.1377e+00     0.1305     0.2137 0.0000e+00
        332 211.441607    0.02302     1.3809     82.852     23.218  49090.547    31.0885     9.1106     23.000     9.0624    24.0403     5.8728     8.3929     88.938    256.125    262.283   -0.03485    6.60342    9.43695  287.98555     9.1082   14.90804 6.2495e+00     0.1273     0.2534 0.0000e+00
        335 211.441615    0.02319     1.3917     83.502     24.228  49116.559    31.0985     9.0537     24.000     9.0191    24.0568     5.8266     8.3267     88.130    254.100    260.213   -0.03285    6.61135    9.44828  288.32664     9.0512   14.92430 5.4129e+00     0.1259     0.3118 0.0000e+00
        338 211.441622    0.02337     1.4026     84.155     25.237  49131.443    31.1028     9.0127     25.000     8.9853    24.0665     5.7699     8.2458     87.196    251.628    257.684   -0.03222    6.61720    9.45664  288.57908     9.0101   14.93635 4.6464e+00     0.1189     0.3716 0.0000e+00
        340 211.441630    0.02356     1.4136     84.817     26.247  49142.377    31.1056     8.9808     26.000     8.9584    24.0735     5.7141     8.1660     86.293    249.193    255.191   -0.03165    6.62179    9.46320  288.77718     8.9781   14.94580 3.9637e+00     0.1219     0.4150 0.0000e+00
        343 211.441638    0.02375     1.4247     85.484     27.256  49155.456    31.1108     8.9560     27.000     8.9390    24.0814     5.6678     8.0999     85.549    247.171    253.123   -0.03016    6.62522    9.46811  288.92472     8.9532   14.95283 3.3695e+00     0.1303     0.4462 0.0000e+00
        346 211.441645    0.02393     1.4358     86.152     28.266  49170.636    31.1184     8.9376     28.000     8.9270    24.0902     5.6291     8.0445     84.935    245.483    251.397   -0.02808    6.62761    9.47153  289.02650     8.9347   14.95767 2.8453e+00     0.1326     0.4693 0.0000e+00
        348 211.441653    0.02412     1.4470     86.817     29.276  49186.938    31.1281     8.9286     29.000     8.9229    24.0991     5.6015     8.0051     84.506    244.275    250.161   -0.02537    6.62852    9.47282  289.06355     8.9256   14.95940 2.3941e+00     0.1333     0.4927 0.0000e+00
        351 211.441661    0.02430     1.4580     87.479     30.285  49192.136    31.1309     8.9251     30.000     8.9197    24.1018     5.5833     7.9791     84.227    243.483    249.352   -0.02222    6.62892    9.47339  289.08012     8.9220   14.96017 2.0212e+00     0.1367     0.5138 0.0000e+00
        354 211.441669    0.02448     1.4690     88.139     31.295  49194.387    31.1316     8.9222     31.000     8.9131    24.1029     5.5714     7.9621     84.042    242.964    248.820   -0.01903    6.62931    9.47395  289.09710     8.9191   14.96099 1.7008e+00     0.1443     0.5221 0.0000e+00
        356 211.441675    0.02466     1.4799     88.796     32.304  49181.924    31.1210     8.9125     32.000     8.8938    24.0961     5.5639     7.9513     83.904    242.636    248.483   -0.01617    6.63123    9.47668  289.18230     8.9092   14.96510 1.4360e+00     0.1525     0.5214 0.0000e+00
        359 211.441683    0.02485     1.4908     89.450     33.314  49194.821    31.1269     8.8931     33.000     8.8814    24.1036     5.5550     7.9387     83.738    242.249    248.087   -0.01401    6.63383    9.48041  289.29399     8.8897   14.97041 1.2093e+00     0.1579     0.5356 0.0000e+00
        361 211.441691    0.02503     1.5018     90.105     34.324  49220.214    31.1429     8.8832     34.000     8.8868    24.1175     5.5404     7.9178     83.507    241.608    247.434   -0.01265    6.63462    9.48154  289.32431     8.8797   14.97180 1.0062e+00     0.1542     0.5864 0.0000e+00
        364 211.441698    0.02521     1.5127     90.759     35.334  49263.130    31.1745     8.8966     35.000     8.9208    24.1403     5.5183     7.8862     83.216    240.639    246.448   -0.01199    6.63127    9.47675  289.17195     8.8931   14.96439 8.3681e-01     0.1419     0.6061 0.0000e+00
        367 211.441706    0.02540     1.5235     91.414     36.343  49267.859    31.1827     8.9340     36.000     8.9513    24.1410     5.4964     7.8549     82.960    239.684    245.471   -0.01139    6.62539    9.46834  288.91510     8.9303   14.95208 7.0345e-01     0.1258     0.5831 0.0000e+00
        369 211.441714    0.02558     1.5345     92.068     37.353  49244.716    31.1694     8.9581     37.000     8.9609    24.1270     5.4902     7.8460     82.903    239.416    245.192   -0.00983    6.62239    9.46407  288.78863     8.9543   14.94609 6.0299e-01     0.1176     0.5092 0.0000e+00
        372 211.441722    0.02575     1.5454     92.724     38.362  49263.963    31.1839     8.9683     38.000     8.9826    24.1369     5.4963     7.8547     83.022    239.679    245.464   -0.00728    6.62028    9.46105  288.69370     8.9643   14.94150 5.1958e-01     0.1206     0.4813 0.0000e+00
        375 211.441729    0.02594     1.5563     93.380     39.371  49299.742    31.2122     8.9937     39.000     9.0257    24.1551     5.5001     7.8602     83.142    239.840    245.634   -0.00501    6.61532    9.45395  288.47185     8.9897   14.93078 4.4622e-01     0.1291     0.4911 0.0000e+00
        377 211.441736    0.02612     1.5673     94.039     40.382  49321.828    31.2341     9.0429     40.000     9.0781    24.1648     5.4944     7.8521     83.159    239.591    245.381   -0.00381    6.60714    9.44226  288.11263     9.0388   14.91352 3.8550e-01     0.1297     0.4806 0.0000e+00
        380 211.441744    0.02631     1.5783     94.700     41.391  49297.397    31.2232     9.0906     41.000     9.1044    24.1490     5.4845     7.8379     83.091    239.161    244.936   -0.00348    6.60061    9.43292  287.83208     9.0863   14.90016 3.3570e-01     0.1202     0.4699 0.0000e+00
        382 211.441752    0.02649     1.5894     95.361     42.400  49270.428    31.2069     9.1129     42.000     9.1083    24.1328     5.4769     7.8269     83.008    238.832    244.595   -0.00336    6.59803    9.42923  287.72405     9.1084   14.89506 2.9263e-01     0.1080     0.4718 0.0000e+00
        385 211.441759    0.02668     1.6004     96.024     43.410  49260.452    31.1993     9.1112     43.000     9.1001    24.1271     5.4702     7.8175     82.900    238.544    244.300   -0.00338    6.59860    9.43006  287.75071     9.1067   14.89636 2.5613e-01     0.1118     0.4998 0.0000e+00
        388 211.441767    0.02686     1.6115     96.688     44.420  49275.254    31.2082     9.1037     44.000     9.1021    24.1353     5.4586     7.8009     82.715    238.037    243.782   -0.00382    6.59932    9.43109  287.78006     9.0991   14.89774 2.2555e-01     0.1152     0.5213 0.0000e+00
        390 211.441775    0.02704     1.6226     97.356     45.429  49305.227    31.2295     9.1091     45.000     9.1222    24.1512     5.4410     7.7757     82.468    237.263    242.994   -0.00464    6.59761    9.42865  287.70117     9.1044   14.89388 1.9939e-01     0.1172     0.5337 0.0000e+00
        393 211.441783    0.02723     1.6338     98.025     46.439  49327.336    31.2482     9.1345     46.000     9.1585    24.1618     5.4226     7.7495     82.248    236.463    242.177   -0.00525    6.59310    9.42221  287.50151     9.1297   14.88425 1.7773e-01     0.1310     0.5547 0.0000e+00
        396 211.441790    0.02741     1.6449     98.696     47.449  49378.979    31.2902     9.1791     47.000     9.2307    24.1878     5.4067     7.7268     82.109    235.762    241.465   -0.00519    6.58480    9.41034  287.13213     9.1741   14.86643 1.5953e-01     0.1390     0.5843 0.0000e+00
        398 211.441798    0.02760     1.6561     99.367     48.459  49422.231    31.3310     9.2576     48.000     9.3195    24.2075     5.3954     7.7106     82.102    235.266    240.961   -0.00438    6.57161    9.39148  286.55146     9.2526   14.83851 1.4426e-01     0.1394     0.6179 0.0000e+00
        401 211.441806    0.02779     1.6673    100.037     49.469  49381.990    31.3139     9.3421     49.000     9.3719    24.1810     5.3972     7.7131     82.274    235.348    241.039   -0.00261    6.56004    9.37495  286.05427     9.3369   14.81480 1.3220e-01     0.1284     0.6217 0.0000e+00
        404 211.441814    0.02798     1.6784    100.706     50.478  49354.850    31.2999     9.3829     50.000     9.3951    24.1638     5.4169     7.7413     82.643    236.213    241.921    0.00003    6.55470    9.36732  285.82619     9.3776   14.80396 1.2261e-01     0.1149     0.6046 0.0000e+00
        407 211.441822    0.02816     1.6896    101.376     51.488  49351.536    31.3003     9.4057     51.000     9.4148    24.1605     5.4452     7.7817     83.115    237.446    243.183    0.00293    6.55137    9.36257  285.68221     9.4003   14.79707 1.1449e-01     0.1110     0.5807 0.0000e+00
        409 211.441830    0.02834     1.7008    102.049     52.497  49369.653    31.3154     9.4265     52.000     9.4455    24.1691     5.4691     7.8158     83.526    238.485    244.249    0.00513    6.54774    9.35737  285.52122     9.4210   14.78931 1.0790e-01     0.1150     0.5594 0.0000e+00
        412 211.441837    0.02853     1.7122    102.730     53.507  49408.507    31.3475     9.4647     53.000     9.4984    24.1881     5.4800     7.8314     83.781    238.957    244.736    0.00575    6.54085    9.34754  285.21587     9.4591   14.77459 1.0249e-01     0.1240     0.5493 0.0000e+00
