CTD-processing/allCTD/CNV/2016_08-31_t6_s17_cast100_5028.cnv
* Sea-Bird SBE19plus Data File:
* FileName = C:\Users\Kim.Powell\Desktop\2016_08-31_T6_5028\2016_08-31_T6_5028_cast100.hex
* Software Version 1.59
* Temperature SN =  5028
* Conductivity SN =  5028
* System UpLoad Time = Aug 31 2016 22:02:26
** CookInlet LTM Transect 7
** 2016_08-30
** Station: 6-17
** Start Time: 12:29
** Depth (m): 161.8
** Comment:
** Comment:
# nquan = 27
# nvalues = 140                         
# units = specified
# name 0 = scan: Scan Count
# name 1 = timeJ: Julian Days
# name 2 = timeH: Time, Elapsed [hours]
# name 3 = timeM: Time, Elapsed [minutes]
# name 4 = timeS: Time, Elapsed [seconds]
# name 5 = prdM: Pressure, Strain Gauge [db]
# name 6 = specc: Specific Conductance [uS/cm]
# name 7 = sal00: Salinity, Practical [PSU]
# name 8 = tv290C: Temperature [ITS-90, deg C]
# name 9 = depSM: Depth [salt water, m], lat = 59.00
# name 10 = potemp090C: Potential Temperature [ITS-90, deg C]
# name 11 = sigma-é00: Density [sigma-theta, kg/m^3]
# name 12 = sbeox0ML/L: Oxygen, SBE 43 [ml/l]
# name 13 = sbeox0Mg/L: Oxygen, SBE 43 [mg/l]
# name 14 = sbeox0PS: Oxygen, SBE 43 [% saturation]
# name 15 = sbox0Mm/Kg: Oxygen, SBE 43 [umol/kg]
# name 16 = sbeox0Mm/L: Oxygen, SBE 43 [umol/l]
# name 17 = sbox0dV/dT: Oxygen, SBE 43 [dov/dt]
# name 18 = oxsolML/L: Oxygen Saturation, Garcia & Gordon [ml/l]
# name 19 = oxsolMg/L: Oxygen Saturation, Garcia & Gordon [mg/l]
# name 20 = oxsolMm/Kg: Oxygen Saturation, Garcia & Gordon [umol/kg]
# name 21 = potemp090C: Potential Temperature [ITS-90, deg C]
# name 22 = n2satMg/L: Nitrogen Saturation [mg/l]
# name 23 = par: PAR/Irradiance, Biospherical/Licor
# name 24 = flECO-AFL: Fluorescence, WET Labs ECO-AFL/FL [mg/m^3]
# name 25 = turbWETntu0: Turbidity, WET Labs ECO [NTU]
# name 26 = flag: flag
# span 0 =        318,        970       
# span 1 = 244.521762, 244.523650       
# span 2 =    0.02201,    0.06730       
# span 3 =     1.3206,     4.0387       
# span 4 =     79.238,    242.321       
# span 5 =      1.010,    141.370       
# span 6 =  46205.622,  51355.345       
# span 7 =    29.4912,    32.3388       
# span 8 =     7.3067,    13.0510       
# span 9 =      1.000,    140.000       
# span 10 =     7.2945,    13.0493      
# span 11 =    22.1198,    25.2834      
# span 12 =     4.4750,     6.5241      
# span 13 =     6.3953,     9.3236      
# span 14 =     65.598,    106.443      
# span 15 =    194.927,    285.060      
# span 16 =    199.856,    291.367      
# span 17 =   -0.01847,    0.00671      
# span 18 =    6.12842,    6.82206      
# span 19 =    8.75812,    9.74941      
# span 20 =  267.77211,  297.16028      
# span 21 =     7.2938,    13.0509      
# span 22 =   13.94650,   15.34113      
# span 23 = 7.2624e-02, 1.6534e+02      
# span 24 =     0.0176,     2.4018      
# span 25 =     0.1525,     1.0706      
# span 26 = 0.0000e+00, 0.0000e+00      
# interval = meters: 1                  
# start_time = Aug 31 2016 12:30:01 [Instrument's time stamp, header]
# bad_flag = -9.990e-29
*END*
[from data line 108]
        834 244.523256    0.05786     3.4716    208.293    110.058  50578.250    31.9706     8.2730    109.000     8.2485    24.8576     4.9258     7.0394     73.629    214.650    219.986   -0.00088    6.69002    9.56070  291.52940     8.2622   15.07379 7.4071e-02     0.0534     0.2381 0.0000e+00
        838 244.523267    0.05812     3.4874    209.242    111.068  50601.621    31.9823     8.2466    110.000     8.2227    24.8707     4.9216     7.0334     73.528    214.465    219.798   -0.00127    6.69347    9.56565  291.67650     8.2358   15.08077 7.4025e-02     0.0351     0.2385 0.0000e+00
        842 244.523278    0.05839     3.5039    210.232    112.078  50626.322    31.9955     8.2230    111.000     8.2037    24.8844     4.9116     7.0191     73.346    214.026    219.351   -0.00199    6.69647    9.56993  291.80300     8.2121   15.08676 7.3993e-02     0.0302     0.2469 0.0000e+00
        846 244.523289    0.05866     3.5196    211.174    113.088  50640.824    32.0030     8.2088    112.000     8.1914    24.8923     4.8993     7.0015     73.142    213.487    218.801   -0.00273    6.69829    9.57253  291.88007     8.1977   15.09041 7.3907e-02     0.0413     0.2565 0.0000e+00
        849 244.523300    0.05892     3.5349    212.095    114.098  50651.004    32.0078     8.1970    113.000     8.1784    24.8978     4.8893     6.9873     72.975    213.049    218.354   -0.00304    6.69986    9.57477  291.94704     8.1859   15.09359 7.3858e-02     0.0471     0.2567 0.0000e+00
        853 244.523311    0.05919     3.5514    213.082    115.108  50663.266    32.0133     8.1805    114.000     8.1590    24.9045     4.8777     6.9706     72.778    212.542    217.835   -0.00339    6.70211    9.57799  292.04315     8.1693   15.09816 7.3839e-02     0.0349     0.2572 0.0000e+00
        858 244.523324    0.05948     3.5690    214.140    116.118  50680.554    32.0214     8.1578    115.000     8.1334    24.9141     4.8693     6.9587     72.620    212.177    217.463   -0.00341    6.70519    9.58239  292.17467     8.1466   15.10441 7.3784e-02     0.0261     0.2625 0.0000e+00
        862 244.523335    0.05976     3.5857    215.141    117.128  50697.046    32.0274     8.1265    116.000     8.0898    24.9235     4.8657     6.9536     72.517    212.017    217.301   -0.00308    6.70967    9.58879  292.36716     8.1151   15.11358 7.3671e-02     0.0280     0.2611 0.0000e+00
        865 244.523345    0.06001     3.6006    216.033    118.138  50734.447    32.0456     8.0795    117.000     8.0443    24.9445     4.8558     6.9394     72.301    211.581    216.858   -0.00350    6.71601    9.59785  292.63717     8.0681   15.12640 7.3610e-02     0.0350     0.2590 0.0000e+00
        869 244.523355    0.06025     3.6146    216.877    119.148  50769.565    32.0637     8.0424    118.000     8.0111    24.9641     4.8404     6.9174     72.021    210.907    216.172   -0.00441    6.72085    9.60478  292.84296     8.0308   15.13615 7.3606e-02     0.0400     0.2692 0.0000e+00
        872 244.523366    0.06050     3.6299    217.796    120.158  50801.771    32.0799     8.0054    119.000     7.9743    24.9821     4.8274     6.8988     71.774    210.336    215.591   -0.00477    6.72577    9.61180  293.05193     7.9939   15.14606 7.3537e-02     0.0487     0.2867 0.0000e+00
        876 244.523378    0.06078     3.6471    218.825    121.168  50839.091    32.0996     7.9687    120.000     7.9442    25.0028     4.8113     6.8759     71.485    209.632    214.874   -0.00511    6.73049    9.61855  293.25189     7.9571   15.15553 7.3504e-02     0.0400     0.2957 0.0000e+00
        880 244.523389    0.06107     3.6644    219.867    122.178  50856.857    32.1068     7.9402    121.000     7.9071    25.0127     4.7968     6.8552     71.228    209.000    214.227   -0.00520    6.73452    9.62431  293.42446     7.9285   15.16374 7.3492e-02     0.0310     0.3070 0.0000e+00
        884 244.523401    0.06135     3.6810    220.861    123.188  50887.707    32.1200     7.8917    122.000     7.8513    25.0299     4.7835     6.8361     70.958    208.415    213.631   -0.00530    6.74135    9.63407  293.71713     7.8799   15.17767 7.3469e-02     0.0366     0.3164 0.0000e+00
        888 244.523413    0.06163     3.6979    221.873    124.198  50937.257    32.1452     7.8373    123.000     7.8059    25.0574     4.7627     6.8064     70.574    207.503    212.703   -0.00603    6.74857    9.64438  294.02375     7.8255   15.19220 7.3369e-02     0.0307     0.3363 0.0000e+00
        893 244.523426    0.06193     3.7160    222.963    125.208  50971.721    32.1630     7.8015    124.000     7.7767    25.0764     4.7412     6.7757     70.206    206.562    211.742   -0.00642    6.75326    9.65109  294.22276     7.7897   15.20163 7.3336e-02     0.0248     0.3636 0.0000e+00
        897 244.523438    0.06223     3.7342    224.053    126.218  50988.818    32.1690     7.7685    125.000     7.7315    25.0858     4.7245     6.7518     69.910    205.834    210.997   -0.00622    6.75808    9.65797  294.42972     7.7565   15.21149 7.3297e-02     0.0220     0.3895 0.0000e+00
        901 244.523450    0.06253     3.7517    225.100    127.229  51026.105    32.1848     7.7104    126.000     7.6651    25.1064     4.7095     6.7303     69.603    205.175    210.326   -0.00621    6.76630    9.66972  294.78182     7.6985   15.22823 7.3261e-02     0.0216     0.4091 0.0000e+00
        906 244.523463    0.06282     3.7692    226.150    128.238  51082.734    32.2124     7.6417    127.000     7.6013    25.1376     4.6901     6.7025     69.219    204.320    209.457   -0.00659    6.77568    9.68312  295.18157     7.6297   15.24721 7.3242e-02     0.0396     0.4520 0.0000e+00
        910 244.523475    0.06314     3.7882    227.290    129.248  51136.383    32.2398     7.5853    128.000     7.5570    25.1671     4.6620     6.6625     68.729    203.093    208.204   -0.00735    6.78317    9.69382  295.49941     7.5732   15.26227 7.3186e-02     0.0372     0.5086 0.0000e+00
        915 244.523489    0.06347     3.8081    228.485    130.259  51166.129    32.2542     7.5510    129.000     7.5274    25.1832     4.6354     6.6245     68.290    201.934    207.019   -0.00748    6.78783    9.70049  295.69794     7.5389   15.27169 7.3115e-02     0.0224     0.5881 0.0000e+00
        919 244.523502    0.06378     3.8270    229.619    131.268  51186.098    32.2637     7.5272    130.000     7.5061    25.1940     4.6136     6.5934     67.937    200.982    206.045   -0.00724    6.79109    9.70514  295.83680     7.5150   15.27827 7.3069e-02     0.0285     0.6176 0.0000e+00
        924 244.523515    0.06408     3.8447    230.685    132.279  51200.169    32.2697     7.5079    131.000     7.4865    25.2014     4.5992     6.5728     67.698    200.354    205.402   -0.00655    6.79383    9.70906  295.95399     7.4956   15.28384 7.3060e-02     0.0252     0.6269 0.0000e+00
        928 244.523527    0.06437     3.8620    231.723    133.289  51214.411    32.2763     7.4911    132.000     7.4712    25.2089     4.5894     6.5588     67.530    199.925    204.964   -0.00574    6.79612    9.71234  296.05173     7.4788   15.28848 7.3025e-02     0.0288     0.6618 0.0000e+00
        932 244.523540    0.06467     3.8805    232.828    134.299  51222.451    32.2778     7.4700    133.000     7.4402    25.2129     4.5836     6.5504     67.412    199.670    204.704   -0.00470    6.79933    9.71693  296.19051     7.4576   15.29510 7.2980e-02     0.0445     0.6767 0.0000e+00
        938 244.523555    0.06504     3.9022    234.133    135.309  51259.133    32.2945     7.4215    134.000     7.3935    25.2328     4.5681     6.5282     67.117    198.990    204.011   -0.00468    6.80614    9.72666  296.48118     7.4090   15.30890 7.2904e-02     0.0537     0.7304 0.0000e+00
        943 244.523571    0.06544     3.9259    235.557    136.318  51292.859    32.3119     7.3887    135.000     7.3708    25.2510     4.5422     6.4912     66.694    197.857    202.853   -0.00527    6.81046    9.73283  296.66412     7.3762   15.31757 7.2835e-02     0.0233     0.8316 0.0000e+00
        948 244.523586    0.06578     3.9468    236.810    137.329  51302.207    32.3153     7.3738    136.000     7.3536    25.2558     4.5239     6.4651     66.404    197.060    202.037   -0.00517    6.81264    9.73595  296.75776     7.3611   15.32202 7.2827e-02     0.0196     0.9014 0.0000e+00
        953 244.523600    0.06611     3.9668    238.008    138.339  51315.503    32.3210     7.3557    137.000     7.3349    25.2627     4.5142     6.4512     66.237    196.635    201.603   -0.00452    6.81520    9.73961  296.86729     7.3430   15.32723 7.2783e-02     0.0232     0.9211 0.0000e+00
        958 244.523614    0.06646     3.9875    239.251    139.349  51331.679    32.3284     7.3366    138.000     7.3180    25.2711     4.5053     6.4385     66.080    196.245    201.204   -0.00393    6.81784    9.74338  296.97991     7.3239   15.33257 7.2756e-02     0.0210     0.9784 0.0000e+00
        963 244.523629    0.06683     4.0099    240.592    140.360  51343.494    32.3337     7.3221    139.000     7.3047    25.2773     4.4906     6.4175     65.846    195.606    200.550   -0.00388    6.81988    9.74628  297.06668     7.3093   15.33669 7.2722e-02     0.0176     1.0706 0.0000e+00
        970 244.523650    0.06730     4.0387    242.321    141.370  51355.345    32.3388     7.3067    140.000     7.2945    25.2834     4.4750     6.3953     65.598    194.927    199.856   -0.00390    6.82206    9.74941  297.16028     7.2938   15.34113 7.2624e-02     0.0284     1.0653 0.0000e+00
