CTD-processing/allCTD/CNV/2016_02-15_t6_s08_cast133_5028.cnv
* Sea-Bird SBE19plus Data File:
* FileName = C:\Users\Kris.Holderied\Documents\kasitsna\Research-KBL\Oceanography-AK\CTD-Data-ALL-to-2016-02\2016-CTD-KachemakBay-CookInlet\2016-02-CookInlet-quarterly\2016-02-15-CookInlet-Tran6-Douglas\2016-02-15-CookInlet-Tran6-cast133.hex
* Software Version 1.59
* Temperature SN =  5028
* Conductivity SN =  5028
* System UpLoad Time = Feb 15 2016 19:48:30
** Cook Inlet LTM Tran6 Douglas West to East

** Date: 02-15
** Station: 6-08
** Start time (AKST): 16:50
** Depth (m): 134
** Comment:  R/V Pandalus
** Comment:
# nquan = 27
# nvalues = 134                         
# units = specified
# name 0 = scan: Scan Count
# name 1 = timeJ: Julian Days
# name 2 = timeH: Time, Elapsed [hours]
# name 3 = timeM: Time, Elapsed [minutes]
# name 4 = timeS: Time, Elapsed [seconds]
# name 5 = prdM: Pressure, Strain Gauge [db]
# name 6 = specc: Specific Conductance [uS/cm]
# name 7 = sal00: Salinity, Practical [PSU]
# name 8 = tv290C: Temperature [ITS-90, deg C]
# name 9 = depSM: Depth [salt water, m], lat = 59.00
# name 10 = potemp090C: Potential Temperature [ITS-90, deg C]
# name 11 = sigma-é00: Density [sigma-theta, kg/m^3]
# name 12 = sbeox0ML/L: Oxygen, SBE 43 [ml/l]
# name 13 = sbeox0Mg/L: Oxygen, SBE 43 [mg/l]
# name 14 = sbeox0PS: Oxygen, SBE 43 [% saturation]
# name 15 = sbox0Mm/Kg: Oxygen, SBE 43 [umol/kg]
# name 16 = sbeox0Mm/L: Oxygen, SBE 43 [umol/l]
# name 17 = sbox0dV/dT: Oxygen, SBE 43 [dov/dt]
# name 18 = oxsolML/L: Oxygen Saturation, Garcia & Gordon [ml/l]
# name 19 = oxsolMg/L: Oxygen Saturation, Garcia & Gordon [mg/l]
# name 20 = oxsolMm/Kg: Oxygen Saturation, Garcia & Gordon [umol/kg]
# name 21 = potemp090C: Potential Temperature [ITS-90, deg C]
# name 22 = n2satMg/L: Nitrogen Saturation [mg/l]
# name 23 = par: PAR/Irradiance, Biospherical/Licor
# name 24 = flECO-AFL: Fluorescence, WET Labs ECO-AFL/FL [mg/m^3]
# name 25 = turbWETntu0: Turbidity, WET Labs ECO [NTU]
# name 26 = flag: flag
# span 0 =         92,        877       
# span 1 =  46.701814,  46.704086       
# span 2 =    0.00631,    0.06083       
# span 3 =     0.3789,     3.6503       
# span 4 =     22.733,    219.019       
# span 5 =      1.010,    135.309       
# span 6 =  50113.839,  50840.367       
# span 7 =    31.3455,    31.8632       
# span 8 =     6.2349,     6.6448       
# span 9 =      1.000,    134.000       
# span 10 =     6.2360,     6.6333      
# span 11 =    24.6377,    24.9962      
# span 12 =     5.6835,     6.3679      
# span 13 =     8.1224,     9.1003      
# span 14 =     80.739,     90.923      
# span 15 =    247.725,    277.516      
# span 16 =    253.829,    284.391      
# span 17 =   -0.00274,    0.00462      
# span 18 =    6.94870,    7.03945      
# span 19 =    9.93038,   10.06007      
# span 20 =  302.76095,  306.82224      
# span 21 =     6.2348,     6.6333      
# span 22 =   15.61022,   15.80593      
# span 23 = 3.7976e-02, 2.3643e+01      
# span 24 =     0.0984,     0.1957      
# span 25 =     0.4581,     0.5838      
# span 26 = 0.0000e+00, 0.0000e+00      
# interval = meters: 1                  
# start_time = Feb 15 2016 16:50:14 [Instrument's time stamp, header]
# bad_flag = -9.990e-29
*END*
         92  46.701814    0.00631     0.3789     22.733      1.010  50113.839    31.3455     6.2349      1.000     6.2360    24.6377     5.6835     8.1224     80.739    247.725    253.829   -0.00274    7.03945   10.06007  306.82224     6.2348   15.80593 2.3643e+01     0.1904     0.5056 0.0000e+00
        256  46.702289    0.01771     1.0626     63.757      2.018  50190.550    31.4025     6.2581      2.000     6.2555    24.6799     6.1438     8.7802     87.359    267.776    274.384    0.00442    7.03298   10.05083  306.52785     6.2579   15.79166 2.2044e+01     0.1957     0.5287 0.0000e+00
        308  46.702440    0.02134     1.2805     76.832      3.028  50205.561    31.4140     6.2664      3.000     6.2670    24.6879     6.3274     9.0425     89.992    275.775    282.583    0.00462    7.03107   10.04810  306.44216     6.2662   15.78753 1.8316e+01     0.1769     0.5237 0.0000e+00
        311  46.702447    0.02150     1.2900     77.402      4.038  50212.244    31.4185     6.2686      4.000     6.2714    24.6912     6.3289     9.0445     90.020    275.835    282.645    0.00389    7.03050   10.04729  306.41644     6.2683   15.78629 1.6234e+01     0.1763     0.5188 0.0000e+00
        315  46.702460    0.02183     1.3095     78.570      5.047  50237.871    31.4378     6.2790      5.000     6.2869    24.7051     6.3357     9.0543     90.150    276.128    282.950    0.00334    7.02789   10.04357  306.29859     6.2786   15.78060 1.4279e+01     0.1881     0.5290 0.0000e+00
        318  46.702469    0.02203     1.3221     79.328      6.057  50249.087    31.4474     6.2916      6.000     6.2985    24.7113     6.3404     9.0611     90.250    276.332    283.161    0.00313    7.02537   10.03996  306.18682     6.2911   15.77523 1.2358e+01     0.1865     0.5457 0.0000e+00
        321  46.702477    0.02223     1.3340     80.039      7.065  50261.098    31.4572     6.3022      7.000     6.3084    24.7177     6.3462     9.0694     90.361    276.585    283.423    0.00311    7.02317   10.03682  306.08911     6.3016   15.77053 1.0815e+01     0.1899     0.5278 0.0000e+00
        325  46.702488    0.02249     1.3496     80.974      8.075  50272.178    31.4667     6.3143      8.000     6.3197    24.7237     6.3485     9.0726     90.425    276.684    283.524    0.00270    7.02075   10.03335  305.98158     6.3136   15.76536 9.6299e+00     0.1857     0.5117 0.0000e+00
        330  46.702503    0.02284     1.3704     82.223      9.085  50289.471    31.4811     6.3299      9.000     6.3350    24.7332     6.3422     9.0636     90.376    276.405    283.241    0.00153    7.01753   10.02874  305.83831     6.3291   15.75848 8.6409e+00     0.1796     0.5099 0.0000e+00
        334  46.702515    0.02315     1.3888     83.331     10.095  50302.233    31.4918     6.3423     10.000     6.3463    24.7401     6.3393     9.0595     90.368    276.276    283.111    0.00094    7.01499   10.02513  305.72596     6.3414   15.75309 7.7341e+00     0.1651     0.5239 0.0000e+00
        338  46.702526    0.02341     1.4046     84.276     11.104  50311.066    31.4992     6.3513     11.000     6.3537    24.7448     6.3418     9.0630     90.427    276.385    283.225    0.00095    7.01318   10.02253  305.64530     6.3504   15.74921 6.9657e+00     0.1537     0.5210 0.0000e+00
        342  46.702537    0.02366     1.4194     85.161     12.113  50316.239    31.5033     6.3565     12.000     6.3577    24.7474     6.3437     9.0657     90.467    276.466    283.307    0.00093    7.01213   10.02103  305.59899     6.3555   15.74698 6.3805e+00     0.1507     0.5088 0.0000e+00
        345  46.702546    0.02389     1.4335     86.009     13.123  50320.781    31.5066     6.3601     13.000     6.3606    24.7496     6.3464     9.0697     90.517    276.587    283.432    0.00088    7.01138   10.01996  305.56563     6.3590   15.74538 5.7637e+00     0.1505     0.4998 0.0000e+00
        349  46.702557    0.02414     1.4484     86.901     14.133  50324.184    31.5090     6.3628     14.000     6.3627    24.7511     6.3500     9.0748     90.575    276.742    283.592    0.00097    7.01084   10.01919  305.54139     6.3617   15.74422 5.1841e+00     0.1508     0.5030 0.0000e+00
        353  46.702568    0.02442     1.4652     87.915     15.142  50326.812    31.5107     6.3648     15.000     6.3643    24.7522     6.3502     9.0751     90.582    276.749    283.599    0.00069    7.01044   10.01862  305.52372     6.3635   15.74337 4.6531e+00     0.1519     0.5003 0.0000e+00
        357  46.702581    0.02472     1.4832     88.992     16.152  50334.711    31.5162     6.3672     16.000     6.3676    24.7562     6.3513     9.0767     90.606    276.797    283.649    0.00056    7.00977   10.01767  305.49367     6.3660   15.74191 4.1809e+00     0.1567     0.4960 0.0000e+00
        361  46.702593    0.02501     1.5004     90.022     17.161  50339.282    31.5195     6.3704     17.000     6.3699    24.7585     6.3510     9.0761     90.610    276.781    283.634    0.00039    7.00911   10.01672  305.46386     6.3690   15.74047 3.7540e+00     0.1537     0.4923 0.0000e+00
        365  46.702603    0.02526     1.5156     90.934     18.170  50343.032    31.5219     6.3719     18.000     6.3712    24.7601     6.3500     9.0748     90.601    276.739    283.591    0.00015    7.00874   10.01619  305.44743     6.3705   15.73968 3.3435e+00     0.1456     0.4890 0.0000e+00
        368  46.702613    0.02550     1.5297     91.784     19.180  50348.345    31.5253     6.3734     19.000     6.3729    24.7627     6.3507     9.0759     90.617    276.771    283.624    0.00013    7.00834   10.01562  305.42937     6.3719   15.73881 2.9743e+00     0.1436     0.4945 0.0000e+00
        372  46.702624    0.02576     1.5459     92.751     20.190  50352.660    31.5283     6.3755     20.000     6.3747    24.7648     6.3521     9.0779     90.644    276.833    283.689    0.00019    7.00787   10.01494  305.40801     6.3738   15.73778 2.6686e+00     0.1395     0.5076 0.0000e+00
        376  46.702637    0.02607     1.5643     93.858     21.200  50355.867    31.5303     6.3773     21.000     6.3759    24.7662     6.3532     9.0794     90.663    276.877    283.734    0.00017    7.00747   10.01438  305.39045     6.3756   15.73693 2.3848e+00     0.1282     0.5025 0.0000e+00
        381  46.702649    0.02636     1.5814     94.886     22.209  50358.032    31.5315     6.3779     22.000     6.3761    24.7671     6.3564     9.0839     90.710    277.015    283.875    0.00031    7.00732   10.01417  305.38366     6.3761   15.73661 2.1102e+00     0.1268     0.4994 0.0000e+00
        384  46.702660    0.02662     1.5972     95.830     23.218  50360.810    31.5329     6.3779     23.000     6.3759    24.7682     6.3585     9.0869     90.741    277.105    283.968    0.00036    7.00725   10.01407  305.38032     6.3760   15.73644 1.8712e+00     0.1261     0.5163 0.0000e+00
        388  46.702672    0.02690     1.6142     96.852     24.228  50362.595    31.5337     6.3778     24.000     6.3757    24.7688     6.3567     9.0844     90.717    277.030    283.892    0.00009    7.00724   10.01404  305.37942     6.3758   15.73639 1.6732e+00     0.1210     0.5252 0.0000e+00
        393  46.702684    0.02719     1.6314     97.882     25.237  50364.195    31.5343     6.3778     25.000     6.3757    24.7694     6.3548     9.0816     90.690    276.945    283.805   -0.00018    7.00720   10.01400  305.37790     6.3757   15.73632 1.5004e+00     0.1207     0.5092 0.0000e+00
        396  46.702694    0.02744     1.6462     98.774     26.247  50365.164    31.5345     6.3779     26.000     6.3758    24.7695     6.3558     9.0831     90.704    276.989    283.851   -0.00013    7.00718   10.01396  305.37662     6.3757   15.73626 1.3437e+00     0.1218     0.4995 0.0000e+00
        399  46.702703    0.02766     1.6594     99.563     27.256  50365.325    31.5342     6.3780     27.000     6.3758    24.7693     6.3568     9.0844     90.718    277.032    283.894   -0.00007    7.00718   10.01396  305.37665     6.3758   15.73626 1.2023e+00     0.1196     0.5125 0.0000e+00
        402  46.702712    0.02788     1.6728    100.368     28.266  50365.908    31.5342     6.3781     28.000     6.3758    24.7692     6.3558     9.0831     90.705    276.991    283.852   -0.00018    7.00717   10.01395  305.37633     6.3758   15.73625 1.0785e+00     0.1244     0.5160 0.0000e+00
        407  46.702725    0.02817     1.6901    101.404     29.275  50367.299    31.5347     6.3783     29.000     6.3760    24.7696     6.3546     9.0813     90.688    276.937    283.797   -0.00030    7.00711   10.01386  305.37356     6.3759   15.73611 9.6861e-01     0.1256     0.5235 0.0000e+00
        412  46.702739    0.02851     1.7109    102.653     30.285  50368.907    31.5354     6.3787     30.000     6.3762    24.7701     6.3558     9.0831     90.706    276.988    283.850   -0.00019    7.00702   10.01373  305.36931     6.3762   15.73591 8.5585e-01     0.1254     0.5458 0.0000e+00
        416  46.702751    0.02880     1.7280    103.682     31.295  50369.896    31.5356     6.3787     31.000     6.3761    24.7702     6.3587     9.0872     90.748    277.116    283.980    0.00003    7.00700   10.01370  305.36836     6.3762   15.73585 7.4842e-01     0.1259     0.5279 0.0000e+00
        420  46.702762    0.02907     1.7440    104.641     32.305  50370.984    31.5359     6.3789     32.000     6.3763    24.7705     6.3623     9.0924     90.799    277.272    284.140    0.00024    7.00696   10.01365  305.36694     6.3762   15.73579 6.6196e-01     0.1279     0.5119 0.0000e+00
        424  46.702776    0.02940     1.7639    105.834     33.313  50371.609    31.5359     6.3790     33.000     6.3763    24.7705     6.3619     9.0919     90.795    277.257    284.125    0.00011    7.00693   10.01361  305.36564     6.3763   15.73573 5.9363e-01     0.1333     0.5236 0.0000e+00
        429  46.702789    0.02970     1.7824    106.942     34.323  50372.440    31.5360     6.3790     34.000     6.3761    24.7706     6.3604     9.0898     90.774    277.193    284.060   -0.00012    7.00694   10.01362  305.36592     6.3761   15.73574 5.3369e-01     0.1303     0.5180 0.0000e+00
        432  46.702798    0.02992     1.7955    107.727     35.333  50373.090    31.5360     6.3790     35.000     6.3763    24.7706     6.3625     9.0927     90.804    277.283    284.152   -0.00001    7.00692   10.01359  305.36510     6.3762   15.73570 4.7974e-01     0.1305     0.5072 0.0000e+00
        435  46.702806    0.03012     1.8073    108.435     36.343  50373.508    31.5358     6.3794     36.000     6.3765    24.7704     6.3650     9.0963     90.840    277.392    284.263    0.00013    7.00688   10.01354  305.36337     6.3763   15.73562 4.3293e-01     0.1226     0.5101 0.0000e+00
        438  46.702815    0.03034     1.8200    109.198     37.352  50374.890    31.5364     6.3796     37.000     6.3766    24.7709     6.3679     9.1003     90.881    277.516    284.391    0.00028    7.00681   10.01345  305.36051     6.3765   15.73549 3.9100e-01     0.1234     0.5073 0.0000e+00
        442  46.702826    0.03060     1.8360    110.158     38.362  50378.318    31.5383     6.3800     38.000     6.3770    24.7724     6.3677     9.1001     90.880    277.508    284.382    0.00018    7.00668   10.01323  305.35371     6.3768   15.73515 3.5153e-01     0.1319     0.4965 0.0000e+00
        447  46.702840    0.03094     1.8565    111.387     39.372  50382.679    31.5410     6.3806     39.000     6.3777    24.7744     6.3649     9.0961     90.844    277.385    284.257   -0.00015    7.00643   10.01288  305.34226     6.3774   15.73460 3.1298e-01     0.1379     0.4957 0.0000e+00
        452  46.702856    0.03133     1.8796    112.775     40.381  50384.487    31.5419     6.3814     40.000     6.3782    24.7751     6.3654     9.0968     90.853    277.407    284.279   -0.00012    7.00627   10.01266  305.33511     6.3781   15.73425 2.7824e-01     0.1344     0.5002 0.0000e+00
        457  46.702870    0.03166     1.8992    113.954     41.391  50386.628    31.5430     6.3820     41.000     6.3788    24.7759     6.3672     9.0993     90.880    277.482    284.357    0.00002    7.00613   10.01246  305.32879     6.3785   15.73394 2.4795e-01     0.1256     0.5270 0.0000e+00
        460  46.702879    0.03188     1.9129    114.772     42.401  50388.549    31.5440     6.3827     42.000     6.3796    24.7766     6.3664     9.0982     90.871    277.448    284.322   -0.00010    7.00596   10.01222  305.32139     6.3791   15.73359 2.2249e-01     0.1226     0.5298 0.0000e+00
        463  46.702889    0.03209     1.9259    115.552     43.410  50390.438    31.5450     6.3834     43.000     6.3803    24.7773     6.3644     9.0953     90.844    277.359    284.231   -0.00029    7.00579   10.01198  305.31382     6.3798   15.73322 2.0127e-01     0.1181     0.5018 0.0000e+00
        467  46.702899    0.03236     1.9418    116.511     44.420  50393.688    31.5470     6.3847     44.000     6.3818    24.7787     6.3639     9.0946     90.841    277.339    284.211   -0.00032    7.00550   10.01157  305.30078     6.3810   15.73259 1.8330e-01     0.1231     0.5069 0.0000e+00
        472  46.702913    0.03269     1.9615    117.689     45.430  50395.881    31.5484     6.3864     45.000     6.3831    24.7796     6.3623     9.0924     90.824    277.271    284.142   -0.00036    7.00515   10.01106  305.28505     6.3827   15.73184 1.6686e-01     0.1259     0.5020 0.0000e+00
        477  46.702929    0.03307     1.9844    119.063     46.439  50397.482    31.5492     6.3875     46.000     6.3840    24.7801     6.3616     9.0914     90.816    277.239    284.109   -0.00035    7.00492   10.01073  305.27501     6.3837   15.73136 1.5220e-01     0.1080     0.5220 0.0000e+00
        483  46.702945    0.03344     2.0067    120.403     47.449  50399.513    31.5503     6.3885     47.000     6.3850    24.7809     6.3633     9.0939     90.844    277.315    284.187   -0.00015    7.00472   10.01044  305.26585     6.3846   15.73092 1.3840e-01     0.0984     0.5344 0.0000e+00
        486  46.702955    0.03370     2.0220    121.321     48.459  50402.239    31.5519     6.3896     48.000     6.3864    24.7821     6.3650     9.0963     90.870    277.388    284.261   -0.00003    7.00447   10.01009  305.25485     6.3855   15.73039 1.2581e-01     0.1213     0.5180 0.0000e+00
        490  46.702965    0.03393     2.0356    122.137     49.468  50404.745    31.5535     6.3910     49.000     6.3877    24.7831     6.3659     9.0975     90.888    277.427    284.302    0.00003    7.00416   10.00964  305.24093     6.3869   15.72972 1.1532e-01     0.1265     0.4997 0.0000e+00
        494  46.702977    0.03423     2.0536    123.215     50.478  50406.775    31.5548     6.3926     50.000     6.3890    24.7838     6.3626     9.0928     90.844    277.282    284.154   -0.00025    7.00383   10.00919  305.22673     6.3885   15.72903 1.0624e-01     0.1200     0.4896 0.0000e+00
        500  46.702996    0.03467     2.0805    124.832     51.488  50408.037    31.5554     6.3939     51.000     6.3898    24.7842     6.3577     9.0858     90.778    277.067    283.934   -0.00057    7.00361   10.00886  305.21658     6.3896   15.72855 9.7557e-02     0.1183     0.4968 0.0000e+00
        505  46.703010    0.03502     2.1015    126.088     52.497  50409.488    31.5560     6.3945     52.000     6.3904    24.7847     6.3604     9.0897     90.818    277.186    284.056   -0.00025    7.00347   10.00866  305.21050     6.3902   15.72825 8.9772e-02     0.1160     0.5061 0.0000e+00
        510  46.703023    0.03532     2.1189    127.137     53.507  50410.265    31.5562     6.3950     53.000     6.3907    24.7847     6.3611     9.0907     90.830    277.218    284.089   -0.00013    7.00338   10.00854  305.20673     6.3906   15.72807 8.3533e-02     0.1115     0.5025 0.0000e+00
