CTD-processing/allCTD/CNV/2016_04-07_t9_s08_cast172_5028.cnv
* Sea-Bird SBE19plus Data File:
* FileName = C:\Users\Kris.Holderied\Documents\kasitsna\Research-KBL\Oceanography-AK\CTD-Data-ALL-to-2016-02\2016-CTD-KachemakBay-CookInlet\2016-04-CookInlet-quarterly\2016-04-06-Tran9-HomerSpit\2016-04-06-CookInlet-Tran9-cast172.hex
* Software Version 1.59
* Temperature SN =  5028
* Conductivity SN =  5028
* System UpLoad Time = Apr 10 2016 01:39:53
** Cook Inlet LTM Tran9 Homer Spit
** Date (YYYY-MM-DD): 2016-04-07
** Station (ie. 9-01):  9-08
** Start time (AKST): 15:29
** Depth (m): 96
** Comment:  KBL R/V Barnacle
** Comment:
# nquan = 27
# nvalues = 89                          
# units = specified
# name 0 = scan: Scan Count
# name 1 = timeJ: Julian Days
# name 2 = timeH: Time, Elapsed [hours]
# name 3 = timeM: Time, Elapsed [minutes]
# name 4 = timeS: Time, Elapsed [seconds]
# name 5 = prdM: Pressure, Strain Gauge [db]
# name 6 = specc: Specific Conductance [uS/cm]
# name 7 = sal00: Salinity, Practical [PSU]
# name 8 = tv290C: Temperature [ITS-90, deg C]
# name 9 = depSM: Depth [salt water, m], lat = 59.00
# name 10 = potemp090C: Potential Temperature [ITS-90, deg C]
# name 11 = sigma-é00: Density [sigma-theta, kg/m^3]
# name 12 = sbeox0ML/L: Oxygen, SBE 43 [ml/l]
# name 13 = sbeox0Mg/L: Oxygen, SBE 43 [mg/l]
# name 14 = sbeox0PS: Oxygen, SBE 43 [% saturation]
# name 15 = sbox0Mm/Kg: Oxygen, SBE 43 [umol/kg]
# name 16 = sbeox0Mm/L: Oxygen, SBE 43 [umol/l]
# name 17 = sbox0dV/dT: Oxygen, SBE 43 [dov/dt]
# name 18 = oxsolML/L: Oxygen Saturation, Garcia & Gordon [ml/l]
# name 19 = oxsolMg/L: Oxygen Saturation, Garcia & Gordon [mg/l]
# name 20 = oxsolMm/Kg: Oxygen Saturation, Garcia & Gordon [umol/kg]
# name 21 = potemp090C: Potential Temperature [ITS-90, deg C]
# name 22 = n2satMg/L: Nitrogen Saturation [mg/l]
# name 23 = par: PAR/Irradiance, Biospherical/Licor
# name 24 = flECO-AFL: Fluorescence, WET Labs ECO-AFL/FL [mg/m^3]
# name 25 = turbWETntu0: Turbidity, WET Labs ECO [NTU]
# name 26 = flag: flag
# span 0 =        163,        614       
# span 1 =  98.645086,  98.646391       
# span 2 =    0.01123,    0.04256       
# span 3 =     0.6740,     2.5534       
# span 4 =     40.439,    153.204       
# span 5 =      1.009,     89.859       
# span 6 =  47983.943,  50451.008       
# span 7 =    29.9934,    31.4695       
# span 8 =     5.8868,     6.7309       
# span 9 =      1.000,     89.000       
# span 10 =     5.8798,     6.7350      
# span 11 =    23.5111,    24.7781      
# span 12 =     6.2110,     6.9789      
# span 13 =     8.8762,     9.9735      
# span 14 =     88.478,     99.611      
# span 15 =    271.019,    304.411      
# span 16 =    277.385,    311.675      
# span 17 =   -0.00641,    0.00268      
# span 18 =    7.00580,    7.09144      
# span 19 =   10.01198,   10.13437      
# span 20 =  305.58469,  309.04625      
# span 21 =     5.8798,     6.7308      
# span 22 =   15.75069,   15.91141      
# span 23 = 3.7976e-02, 1.2465e+02      
# span 24 =     0.2273,     2.0929      
# span 25 =     0.8771,     2.7274      
# span 26 = 0.0000e+00, 0.0000e+00      
# interval = meters: 1                  
# start_time = Apr 07 2016 15:28:15 [Instrument's time stamp, header]
# bad_flag = -9.990e-29
*END*
        163  98.645086    0.01123     0.6740     40.439      1.009  47983.943    29.9934     6.7309      1.000     6.7350    23.5111     6.2110     8.8762     88.478    271.019    277.385    0.00207    7.02265   10.03607  306.44635     6.7308   15.79358 1.2465e+02     0.6318     1.1903 0.0000e+00
        332  98.645577    0.02301     1.3810     82.860      2.019  48682.462    30.4357     6.6969      2.000     6.6026    23.8637     6.9789     9.9735     99.611    304.411    311.675    0.00268    7.00580   10.01198  305.58469     6.6967   15.75069 9.1613e+01     0.8077     1.1340 0.0000e+00
        324  98.645552    0.02241     1.3448     80.687      3.029  48934.081    30.5717     6.4692      3.000     6.3969    23.9990     6.8980     9.8579     98.027    300.844    308.064   -0.00203    7.03693   10.05647  306.90364     6.4690   15.81299 6.5021e+01     1.3053     1.1323 0.0000e+00
        327  98.645562    0.02266     1.3596     81.576      4.037  49105.873    30.6720     6.3685      4.000     6.3551    24.0904     6.8763     9.8269     97.553    299.871    307.095   -0.00505    7.04882   10.07346  307.39480     6.3682   15.83598 4.8002e+01     1.9683     1.1514 0.0000e+00
        331  98.645572    0.02289     1.3732     82.389      5.047  49158.711    30.7052     6.3528      5.000     6.3459    24.1185     6.9068     9.8705     97.972    301.195    308.459   -0.00196    7.04985   10.07494  307.43145     6.3524   15.83759 3.5702e+01     2.0929     1.1592 0.0000e+00
        334  98.645582    0.02313     1.3881     83.284      6.057  49213.697    30.7405     6.3410      6.000     6.3303    24.1478     6.9409     9.9192     98.450    302.670    309.979    0.00131    7.05016   10.07539  307.43647     6.3404   15.83768 2.6956e+01     2.0343     1.1249 0.0000e+00
        338  98.645593    0.02340     1.4042     84.253      7.066  49277.893    30.7802     6.3183      7.000     6.2993    24.1819     6.9520     9.9350     98.580    303.143    310.473    0.00186    7.05205   10.07809  307.50855     6.3177   15.84095 2.0367e+01     1.9468     1.0899 0.0000e+00
        342  98.645605    0.02368     1.4207     85.242      8.076  49341.262    30.8169     6.2822      8.000     6.2644    24.2152     6.9395     9.9173     98.345    302.592    309.919    0.00003    7.05629   10.08414  307.68320     6.2816   15.84913 1.5648e+01     1.8988     1.0872 0.0000e+00
        346  98.645616    0.02395     1.4370     86.220      9.085  49387.510    30.8423     6.2493      9.000     6.2341    24.2392     6.9240     9.8950     98.066    301.906    309.225   -0.00169    7.06055   10.09023  307.86163     6.2486   15.85752 1.2001e+01     1.8812     1.0878 0.0000e+00
        350  98.645628    0.02423     1.4535     87.214     10.094  49420.036    30.8599     6.2257     10.000     6.2202    24.2559     6.9159     9.8835     97.909    301.550    308.866   -0.00228    7.06363   10.09464  307.99138     6.2249   15.86363 9.1255e+00     1.8879     1.0968 0.0000e+00
        354  98.645640    0.02453     1.4720     88.317     11.105  49427.255    30.8627     6.2165     11.000     6.2107    24.2593     6.9167     9.8847     97.901    301.586    308.902   -0.00179    7.06503   10.09664  308.05134     6.2156   15.86648 6.9243e+00     1.8875     1.0691 0.0000e+00
        359  98.645654    0.02485     1.4910     89.463     12.114  49437.481    30.8676     6.2068     12.000     6.2056    24.2643     6.9245     9.8958     97.992    301.921    309.248   -0.00085    7.06641   10.09861  308.10975     6.2058   15.86924 5.2266e+00     1.8489     1.0666 0.0000e+00
        363  98.645666    0.02516     1.5094     90.561     13.124  49437.791    30.8673     6.2067     13.000     6.2039    24.2641     6.9322     9.9068     98.100    302.257    309.591   -0.00007    7.06643   10.09864  308.11079     6.2057   15.86929 4.0147e+00     1.8420     1.0950 0.0000e+00
        368  98.645680    0.02548     1.5287     91.725     14.132  49443.855    30.8699     6.2011     14.000     6.1972    24.2669     6.9324     9.9070     98.091    302.264    309.599   -0.00011    7.06724   10.09979  308.14531     6.2000   15.87093 3.0729e+00     1.8574     1.1052 0.0000e+00
        372  98.645691    0.02575     1.5453     92.716     15.142  49449.665    30.8726     6.1963     15.000     6.1928    24.2695     6.9290     9.9021     98.034    302.115    309.447   -0.00050    7.06792   10.10076  308.17395     6.1951   15.87228 2.3387e+00     1.8228     1.1132 0.0000e+00
        376  98.645702    0.02601     1.5610     93.659     16.152  49454.010    30.8743     6.1916     16.000     6.1871    24.2714     6.9269     9.8993     97.996    302.026    309.357   -0.00065    7.06862   10.10176  308.20390     6.1903   15.87370 1.7857e+00     1.8194     1.0875 0.0000e+00
        379  98.645713    0.02628     1.5768     94.608     17.162  49461.399    30.8777     6.1849     17.000     6.1776    24.2748     6.9247     9.8961     97.951    301.927    309.256   -0.00083    7.06957   10.10312  308.24437     6.1835   15.87561 1.3718e+00     1.7962     1.0573 0.0000e+00
        383  98.645723    0.02653     1.5917     95.501     18.170  49479.795    30.8874     6.1719     18.000     6.1556    24.2842     6.9276     9.9003     97.969    302.052    309.388   -0.00065    7.07128   10.10557  308.31608     6.1704   15.87899 1.0525e+00     1.7123     1.0360 0.0000e+00
        386  98.645733    0.02677     1.6062     96.370     19.179  49537.289    30.9216     6.1451     19.000     6.1299    24.3144     6.9288     9.9018     97.945    302.092    309.438   -0.00063    7.07412   10.10963  308.43088     6.1435   15.88432 8.1660e-01     1.5739     1.0249 0.0000e+00
        390  98.645744    0.02701     1.6207     97.240     20.189  49588.710    30.9527     6.1240     20.000     6.1160    24.3414     6.9211     9.8909     97.808    301.749    309.093   -0.00131    7.07616   10.11255  308.51198     6.1224   15.88806 6.3687e-01     1.4184     1.0065 0.0000e+00
        393  98.645753    0.02725     1.6350     98.099     21.199  49616.411    30.9695     6.1143     21.000     6.1085    24.3559     6.9113     9.8770     97.659    301.321    308.659   -0.00194    7.07699   10.11372  308.54324     6.1127   15.88948 5.0554e-01     1.2982     0.9756 0.0000e+00
        397  98.645763    0.02749     1.6492     98.949     22.209  49645.177    30.9876     6.1077     22.000     6.1028    24.3710     6.9030     9.8651     97.538    300.953    308.287   -0.00225    7.07724   10.11409  308.55001     6.1059   15.88973 4.0608e-01     1.1831     0.9459 0.0000e+00
        400  98.645773    0.02772     1.6630     99.780     23.218  49668.418    31.0024     6.1030     23.000     6.0994    24.3831     6.8938     9.8519     97.407    300.548    307.876   -0.00255    7.07732   10.11420  308.54977     6.1012   15.88966 3.2529e-01     1.0661     0.9262 0.0000e+00
        403  98.645782    0.02794     1.6760    100.563     24.228  49683.673    31.0119     6.1005     24.000     6.0971    24.3910     6.8838     9.8376     97.265    300.109    307.428   -0.00288    7.07730   10.11416  308.54621     6.0985   15.88945 2.6312e-01     1.0062     0.9102 0.0000e+00
        406  98.645791    0.02814     1.6885    101.311     25.237  49698.020    31.0210     6.0985     25.000     6.0952    24.3984     6.8748     9.8247     97.140    299.715    307.027   -0.00308    7.07720   10.11402  308.53972     6.0965   15.88910 2.1735e-01     0.9916     0.9023 0.0000e+00
        409  98.645800    0.02834     1.7009    102.054     26.247  49715.691    31.0324     6.0967     26.000     6.0933    24.4076     6.8677     9.8147     97.044    299.406    306.714   -0.00311    7.07697   10.11370  308.52727     6.0946   15.88846 1.8113e-01     0.9855     0.8976 0.0000e+00
        412  98.645808    0.02856     1.7134    102.804     27.257  49733.338    31.0438     6.0950     27.000     6.0919    24.4168     6.8629     9.8079     96.979    299.194    306.500   -0.00291    7.07671   10.11333  308.51304     6.0928   15.88773 1.5026e-01     0.9628     0.8961 0.0000e+00
        415  98.645817    0.02876     1.7258    103.551     28.266  49755.622    31.0584     6.0934     28.000     6.0889    24.4285     6.8594     9.8028     96.935    299.037    306.342   -0.00265    7.07629   10.11272  308.49115     6.0912   15.88663 1.2572e-01     0.9115     0.9017 0.0000e+00
        418  98.645826    0.02897     1.7383    104.299     29.276  49791.101    31.0817     6.0894     29.000     6.0829    24.4474     6.8548     9.7962     96.876    298.831    306.136   -0.00248    7.07586   10.11211  308.46674     6.0871   15.88537 1.0601e-01     0.8884     0.9125 0.0000e+00
        421  98.645834    0.02919     1.7510    105.058     30.285  49834.140    31.1097     6.0827     30.000     6.0742    24.4702     6.8478     9.7863     96.780    298.518    305.823   -0.00256    7.07566   10.11183  308.45122     6.0804   15.88452 8.9535e-02     0.8637     0.9057 0.0000e+00
        424  98.645843    0.02939     1.7637    105.825     31.295  49881.678    31.1401     6.0729     31.000     6.0632    24.4955     6.8386     9.7730     96.647    298.110    305.413   -0.00284    7.07587   10.11213  308.45271     6.0705   15.88446 7.7893e-02     0.8282     0.8840 0.0000e+00
        427  98.645852    0.02961     1.7768    106.606     32.305  49922.835    31.1659     6.0619     32.000     6.0534    24.5172     6.8300     9.7608     96.517    297.729    305.029   -0.00307    7.07649   10.11301  308.47311     6.0593   15.88533 7.0282e-02     0.7977     0.8771 0.0000e+00
        431  98.645861    0.02983     1.7897    107.383     33.314  49950.717    31.1832     6.0539     33.000     6.0480    24.5318     6.8158     9.7405     96.309    297.106    304.395   -0.00356    7.07701   10.11375  308.49140     6.0513   15.88613 6.3495e-02     0.7506     0.8858 0.0000e+00
        434  98.645870    0.03004     1.8025    108.151     34.324  49969.541    31.1949     6.0496     34.000     6.0440    24.5415     6.7938     9.7090     95.996    296.143    303.411   -0.00460    7.07718   10.11400  308.49598     6.0468   15.88630 5.7849e-02     0.7204     0.8916 0.0000e+00
        437  98.645879    0.03026     1.8153    108.919     35.333  49990.711    31.2081     6.0446     35.000     6.0354    24.5526     6.7728     9.6789     95.696    295.222    302.470   -0.00549    7.07737   10.11427  308.50099     6.0418   15.88649 5.2936e-02     0.6957     0.9026 0.0000e+00
        440  98.645887    0.03047     1.8281    109.683     36.343  50030.601    31.2331     6.0336     36.000     6.0207    24.5736     6.7609     9.6620     95.519    294.701    301.943   -0.00551    7.07804   10.11523  308.52368     6.0308   15.88746 4.9052e-02     0.6577     0.9391 0.0000e+00
        443  98.645896    0.03067     1.8406    110.436     37.353  50071.514    31.2580     6.0191     37.000     6.0103    24.5950     6.7508     9.6475     95.359    294.251    301.489   -0.00527    7.07930   10.11703  308.57208     6.0161   15.88966 4.6658e-02     0.5985     1.0150 0.0000e+00
        446  98.645905    0.03088     1.8530    111.183     38.362  50100.603    31.2763     6.0124     38.000     6.0099    24.6103     6.7327     9.6217     95.100    293.459    300.681   -0.00567    7.07955   10.11738  308.57839     6.0093   15.88989 4.6333e-02     0.5548     1.0746 0.0000e+00
        449  98.645913    0.03109     1.8656    111.933     39.372  50111.699    31.2838     6.0138     39.000     6.0123    24.6161     6.7113     9.5911     94.806    292.524    299.725   -0.00627    7.07896   10.11654  308.55093     6.0107   15.88855 4.4834e-02     0.5292     1.1006 0.0000e+00
        452  98.645922    0.03130     1.8780    112.683     40.381  50119.722    31.2893     6.0162     40.000     6.0138    24.6201     6.6945     9.5671     94.578    291.792    298.976   -0.00641    7.07830   10.11560  308.52097     6.0130   15.88711 4.3116e-02     0.5176     1.0936 0.0000e+00
        455  98.645931    0.03151     1.8905    113.430     41.391  50135.078    31.2996     6.0171     41.000     6.0111    24.6282     6.6854     9.5541     94.457    291.393    298.569   -0.00592    7.07767   10.11471  308.49144     6.0138   15.88566 4.1500e-02     0.5216     1.0638 0.0000e+00
        458  98.645940    0.03172     1.9030    114.181     42.400  50153.101    31.3105     6.0113     42.000     5.9989    24.6374     6.6827     9.5503     94.414    291.274    298.450   -0.00505    7.07812   10.11536  308.50828     6.0079   15.88641 4.0820e-02     0.5191     1.0452 0.0000e+00
        461  98.645948    0.03192     1.9155    114.931     43.410  50173.858    31.3217     5.9976     43.000     5.9863    24.6479     6.6798     9.5462     94.350    291.147    298.323   -0.00439    7.07989   10.11787  308.58188     5.9941   15.88988 4.0539e-02     0.4885     1.0321 0.0000e+00
        464  98.645957    0.03213     1.9281    115.684     44.420  50189.942    31.3303     5.9869     44.000     5.9797    24.6559     6.6719     9.5348     94.219    290.797    297.966   -0.00426    7.08125   10.11982  308.63904     5.9834   15.89256 4.0256e-02     0.4217     1.0163 0.0000e+00
        467  98.645966    0.03234     1.9407    116.442     45.430  50198.632    31.3349     5.9821     45.000     5.9769    24.6601     6.6597     9.5173     94.039    290.262    297.421   -0.00445    7.08184   10.12066  308.66332     5.9785   15.89370 4.0273e-02     0.3903     1.0170 0.0000e+00
        470  98.645974    0.03256     1.9533    117.199     46.439  50204.000    31.3377     5.9799     46.000     5.9751    24.6626     6.6464     9.4984     93.848    289.683    296.828   -0.00467    7.08207   10.12099  308.67265     5.9763   15.89413 4.0359e-02     0.3769     1.0201 0.0000e+00
        473  98.645983    0.03277     1.9659    117.952     47.449  50208.580    31.3400     5.9781     47.000     5.9729    24.6647     6.6351     9.4822     93.687    289.192    296.324   -0.00473    7.08225   10.12125  308.68007     5.9744   15.89448 4.0333e-02     0.3685     1.0201 0.0000e+00
        476  98.645992    0.03298     1.9784    118.704     48.459  50213.210    31.3423     5.9758     48.000     5.9704    24.6668     6.6288     9.4731     93.593    288.914    296.041   -0.00442    7.08254   10.12165  308.69160     5.9720   15.89502 4.0253e-02     0.3766     1.0271 0.0000e+00
        479  98.646001    0.03318     1.9910    119.459     49.468  50218.094    31.3447     5.9736     49.000     5.9684    24.6690     6.6255     9.4685     93.544    288.772    295.896   -0.00385    7.08280   10.12203  308.70236     5.9697   15.89552 3.9863e-02     0.3538     1.0399 0.0000e+00
        482  98.646010    0.03339     2.0035    120.209     50.478  50223.361    31.3475     5.9717     50.000     5.9664    24.6714     6.6229     9.4648     93.504    288.656    295.778   -0.00336    7.08298   10.12228  308.70934     5.9677   15.89584 3.8926e-02     0.3350     1.0514 0.0000e+00
        485  98.646018    0.03360     2.0159    120.952     51.488  50229.749    31.3511     5.9698     51.000     5.9644    24.6744     6.6206     9.4615     93.470    288.557    295.677   -0.00294    7.08312   10.12249  308.71480     5.9658   15.89609 3.8255e-02     0.3354     1.0572 0.0000e+00
        488  98.646026    0.03380     2.0282    121.692     52.498  50236.597    31.3550     5.9678     52.000     5.9622    24.6778     6.6179     9.4577     93.430    288.439    295.557   -0.00262    7.08328   10.12271  308.72064     5.9636   15.89635 3.8181e-02     0.3306     1.0605 0.0000e+00
        491  98.646035    0.03401     2.0407    122.442     53.507  50242.338    31.3581     5.9658     53.000     5.9603    24.6805     6.6129     9.4505     93.357    288.219    295.332   -0.00254    7.08347   10.12299  308.72832     5.9615   15.89671 3.8409e-02     0.3237     1.0523 0.0000e+00
