CTD-processing/allCTD/CNV/2016_12-12_t6_s14_cast170_5028.cnv
* Sea-Bird SBE19plus Data File:
* FileName = P:\My Documents\kasitsna\Research-KBL\Oceanography-AK\CTD-Data-ALL-to-2016-05\2016-CTD-KachemakBay-CookInlet\2016-12-CookInlet-quarterly\2016-12-12-CookInlet-Tran6-Douglas\2016-12-12-CookInlet-Tran6-cast170.hex
* Software Version 1.59
* Temperature SN =  5028
* Conductivity SN =  5028
* System UpLoad Time = Dec 12 2016 22:19:40
** Cook Inlet LTM Tran 6 Douglas east to west, partial
** Date: (YYYY-MM-DD): 2016-12-12
** Station: (eg. 9-01): 6-14
** Start time (AKST): 20:29
** Depth (m): 136.9
** Comment: CTD time 1 hr ahead on AK daylight time
** Comment: R/V Alaska Dream Catcher
** Comment: Partial transect due to weather. Only to 6-16 and skipped stations.
# nquan = 27
# nvalues = 135                         
# units = specified
# name 0 = scan: Scan Count
# name 1 = timeJ: Julian Days
# name 2 = timeH: Time, Elapsed [hours]
# name 3 = timeM: Time, Elapsed [minutes]
# name 4 = timeS: Time, Elapsed [seconds]
# name 5 = prdM: Pressure, Strain Gauge [db]
# name 6 = specc: Specific Conductance [uS/cm]
# name 7 = sal00: Salinity, Practical [PSU]
# name 8 = tv290C: Temperature [ITS-90, deg C]
# name 9 = depSM: Depth [salt water, m], lat = 59.00
# name 10 = potemp090C: Potential Temperature [ITS-90, deg C]
# name 11 = sigma-é00: Density [sigma-theta, kg/m^3]
# name 12 = sbeox0ML/L: Oxygen, SBE 43 [ml/l]
# name 13 = sbeox0Mg/L: Oxygen, SBE 43 [mg/l]
# name 14 = sbeox0PS: Oxygen, SBE 43 [% saturation]
# name 15 = sbox0Mm/Kg: Oxygen, SBE 43 [umol/kg]
# name 16 = sbeox0Mm/L: Oxygen, SBE 43 [umol/l]
# name 17 = sbox0dV/dT: Oxygen, SBE 43 [dov/dt]
# name 18 = oxsolML/L: Oxygen Saturation, Garcia & Gordon [ml/l]
# name 19 = oxsolMg/L: Oxygen Saturation, Garcia & Gordon [mg/l]
# name 20 = oxsolMm/Kg: Oxygen Saturation, Garcia & Gordon [umol/kg]
# name 21 = potemp090C: Potential Temperature [ITS-90, deg C]
# name 22 = n2satMg/L: Nitrogen Saturation [mg/l]
# name 23 = par: PAR/Irradiance, Biospherical/Licor
# name 24 = flECO-AFL: Fluorescence, WET Labs ECO-AFL/FL [mg/m^3]
# name 25 = turbWETntu0: Turbidity, WET Labs ECO [NTU]
# name 26 = flag: flag
# span 0 =         79,       1051       
# span 1 = 347.895874, 347.898687       
# span 2 =    0.00542,    0.07292       
# span 3 =     0.3252,     4.3748       
# span 4 =     19.515,    262.488       
# span 5 =      1.009,    136.318       
# span 6 =  49012.977,  51846.743       
# span 7 =    30.8523,    32.6750       
# span 8 =     7.2521,     7.9776       
# span 9 =      1.000,    135.000       
# span 10 =     7.2398,     7.9758      
# span 11 =    24.0914,    25.5551      
# span 12 =     4.7074,     5.9352      
# span 13 =     6.7275,     8.4820      
# span 14 =     69.071,     87.912      
# span 15 =    204.997,    258.616      
# span 16 =    210.235,    265.065      
# span 17 =   -0.01451,    0.00358      
# span 18 =    6.73073,    6.86828      
# span 19 =    9.61889,    9.81546      
# span 20 =  293.27110,  299.56143      
# span 21 =     7.2399,     7.9758      
# span 22 =   15.15658,   15.46172      
# span 23 = 3.7976e-02, 4.3259e-02      
# span 24 =     0.0421,     0.2622      
# span 25 =     0.1443,     2.3902      
# span 26 = 0.0000e+00, 0.0000e+00      
# interval = meters: 1                  
# start_time = Dec 12 2016 21:29:44 [Instrument's time stamp, header]
# bad_flag = -9.990e-29
*END*
         79 347.895874    0.00542     0.3252     19.515      1.009  49012.977    30.8523     7.4645      1.000     7.5803    24.0914     5.8499     8.3601     85.193    255.142    261.258    0.00358    6.86828    9.81546  299.56143     7.4644   15.46172 3.8075e-02     0.2622     2.3902 0.0000e+00
        500 347.897091    0.03462     2.0771    124.626      2.019  50737.706    32.0446     7.7660      2.000     7.7557    24.9869     5.9098     8.4457     87.373    257.494    263.931    0.00227    6.76350    9.66572  294.69091     7.7658   15.22445 3.8677e-02     0.1365     0.1443 0.0000e+00
        472 347.897010    0.03269     1.9616    117.696      3.029  50606.203    31.9532     7.7424      3.000     7.7449    24.9184     5.9211     8.4619     87.440    258.008    264.437    0.00279    6.77161    9.67731  295.06761     7.7421   15.24280 3.8143e-02     0.1478     0.3204 0.0000e+00
        477 347.897024    0.03303     1.9814    118.886      4.038  50619.451    31.9641     7.7549      4.000     7.7658    24.9252     5.9315     8.4767     87.625    258.460    264.902    0.00293    6.76921    9.67389  294.96123     7.7545   15.23767 3.7992e-02     0.1402     0.3074 0.0000e+00
        481 347.897036    0.03330     1.9984    119.901      5.047  50608.247    31.9592     7.7755      5.000     7.7793    24.9184     5.9317     8.4770     87.666    258.469    264.909    0.00232    6.76626    9.66966  294.83436     7.7751   15.23164 3.7979e-02     0.1264     0.3093 0.0000e+00
        485 347.897048    0.03358     2.0146    120.878      6.057  50602.398    31.9555     7.7812      6.000     7.7814    24.9148     5.9295     8.4739     87.643    258.376    264.813    0.00153    6.76555    9.66864  294.80424     7.7806   15.23022 3.7988e-02     0.1255     0.3149 0.0000e+00
        489 347.897059    0.03388     2.0325    121.952      7.067  50602.237    31.9552     7.7827      7.000     7.7820    24.9144     5.9254     8.4679     87.584    258.194    264.627    0.00068    6.76533    9.66834  294.79520     7.7820   15.22978 3.8094e-02     0.1290     0.3157 0.0000e+00
        493 347.897073    0.03420     2.0519    123.113      8.075  50601.507    31.9542     7.7822      8.000     7.7808    24.9136     5.9243     8.4664     87.567    258.148    264.579    0.00025    6.76545    9.66851  294.80066     7.7814   15.23005 3.9081e-02     0.1217     0.3054 0.0000e+00
        498 347.897085    0.03450     2.0700    124.202      9.085  50603.901    31.9552     7.7814      9.000     7.7807    24.9146     5.9263     8.4693     87.596    258.236    264.669    0.00030    6.76552    9.66861  294.80344     7.7806   15.23018 4.3259e-02     0.1184     0.3185 0.0000e+00
        502 347.897098    0.03480     2.0879    125.272     10.095  50606.829    31.9570     7.7823     10.000     7.7819    24.9158     5.9255     8.4682     87.587    258.200    264.633    0.00009    6.76532    9.66831  294.79402     7.7813   15.22972 4.1127e-02     0.1302     0.3239 0.0000e+00
        507 347.897111    0.03512     2.1069    126.414     11.104  50609.984    31.9589     7.7832     11.000     7.7819    24.9172     5.9301     8.4747     87.658    258.401    264.840    0.00037    6.76509    9.66798  294.78352     7.7822   15.22921 3.9318e-02     0.1462     0.3039 0.0000e+00
        511 347.897124    0.03542     2.1248    127.488     12.113  50619.907    31.9653     7.7827     12.000     7.7829    24.9223     5.9351     8.4818     87.734    258.616    265.061    0.00066    6.76488    9.66769  294.77319     7.7816   15.22870 3.8925e-02     0.1480     0.3130 0.0000e+00
        515 347.897135    0.03569     2.1414    128.482     13.123  50652.589    31.9889     7.7902     13.000     7.8030    24.9398     5.9352     8.4820     87.764    258.615    265.065    0.00060    6.76267    9.66454  294.67208     7.7890   15.22377 3.8819e-02     0.1425     0.3260 0.0000e+00
        519 347.897148    0.03598     2.1591    129.543     14.133  50688.211    32.0196     7.8279     14.000     7.8499    24.9586     5.9316     8.4768     87.803    258.454    264.905    0.00060    6.75555    9.65436  294.35629     7.8266   15.20857 3.8678e-02     0.1391     0.3163 0.0000e+00
        524 347.897161    0.03630     2.1781    130.687     15.143  50730.171    32.0581     7.8871     15.000     7.9188    24.9805     5.9257     8.4685     87.857    258.194    264.644    0.00067    6.74479    9.63898  293.88088     7.8856   15.18572 3.8566e-02     0.1236     0.3266 0.0000e+00
        528 347.897173    0.03661     2.1963    131.777     16.152  50726.481    32.0658     7.9523     16.000     7.9668    24.9772     5.9205     8.4609     87.912    257.964    264.408    0.00083    6.73448    9.62425  293.43283     7.9508   15.16429 3.8525e-02     0.1020     0.3203 0.0000e+00
        533 347.897187    0.03692     2.2155    132.930     17.161  50713.126    32.0597     7.9753     17.000     7.9758    24.9692     5.9030     8.4359     87.695    257.204    263.627   -0.00058    6.73125    9.61963  293.29430     7.9736   15.15770 3.8455e-02     0.0985     0.3245 0.0000e+00
        537 347.897199    0.03723     2.2339    134.031     18.170  50718.606    32.0634     7.9776     18.000     7.9739    24.9718     5.8804     8.4037     87.367    256.221    262.619   -0.00241    6.73073    9.61889  293.27110     7.9758   15.15658 3.8472e-02     0.0856     0.3331 0.0000e+00
        541 347.897212    0.03752     2.2511    135.067     19.180  50738.435    32.0760     7.9722     19.000     7.9660    24.9824     5.8687     8.3869     87.189    255.707    262.096   -0.00289    6.73100    9.61926  293.27941     7.9704   15.15692 3.8459e-02     0.0877     0.3518 0.0000e+00
        546 347.897224    0.03782     2.2692    136.149     20.189  50775.275    32.0998     7.9622     20.000     7.9553    25.0025     5.8611     8.3762     87.071    255.374    261.759   -0.00275    6.73148    9.61996  293.29465     7.9603   15.15755 3.8431e-02     0.1006     0.3657 0.0000e+00
        550 347.897236    0.03811     2.2866    137.193     21.199  50813.323    32.1244     7.9526     21.000     7.9476    25.0232     5.8486     8.3582     86.879    254.820    261.197   -0.00308    6.73187    9.62050  293.30551     7.9506   15.15798 3.8424e-02     0.1237     0.3589 0.0000e+00
        554 347.897249    0.03841     2.3050    138.299     22.209  50831.239    32.1357     7.9479     22.000     7.9448    25.0328     5.8285     8.3295     86.578    253.944    260.301   -0.00390    6.73209    9.62082  293.31240     7.9458   15.15825 3.8379e-02     0.1208     0.3782 0.0000e+00
        559 347.897263    0.03875     2.3248    139.490     23.218  50848.585    32.1469     7.9450     23.000     7.9400    25.0420     5.8092     8.3018     86.291    253.097    259.436   -0.00437    6.73203    9.62074  293.30741     7.9428   15.15797 3.8289e-02     0.0993     0.4047 0.0000e+00
        563 347.897275    0.03904     2.3424    140.542     24.228  50879.964    32.1672     7.9370     24.000     7.9287    25.0591     5.8001     8.2889     86.152    252.700    259.033   -0.00399    6.73237    9.62122  293.31712     7.9347   15.15836 3.8096e-02     0.0976     0.3964 0.0000e+00
        567 347.897287    0.03933     2.3594    141.566     25.237  50907.163    32.1839     7.9253     25.000     7.9186    25.0739     5.7885     8.2724     85.967    252.191    258.515   -0.00390    6.73341    9.62272  293.35834     7.9229   15.16026 3.8074e-02     0.0970     0.3598 0.0000e+00
        572 347.897300    0.03964     2.3784    142.702     26.247  50923.237    32.1934     7.9173     26.000     7.9126    25.0825     5.7642     8.2377     85.596    251.131    257.431   -0.00483    6.73421    9.62386  293.39095     7.9148   15.16177 3.8133e-02     0.0972     0.3545 0.0000e+00
        577 347.897314    0.03998     2.3987    143.921     27.257  50932.089    32.1983     7.9120     27.000     7.9062    25.0871     5.7399     8.2029     85.228    250.072    256.345   -0.00544    6.73480    9.62471  293.41544     7.9094   15.16293 3.8098e-02     0.1008     0.3526 0.0000e+00
        581 347.897326    0.04028     2.4167    145.005     28.266  50942.795    32.2039     7.9037     28.000     7.8960    25.0928     5.7283     8.1863     85.042    249.563    255.825   -0.00498    6.73584    9.62618  293.45871     7.9009   15.16496 3.8031e-02     0.0964     0.3324 0.0000e+00
        585 347.897338    0.04056     2.4337    146.024     29.276  50956.106    32.2112     7.8939     29.000     7.8868    25.0999     5.7200     8.1745     84.905    249.203    255.458   -0.00445    6.73701    9.62786  293.50799     7.8911   15.16729 3.8038e-02     0.1030     0.3514 0.0000e+00
        590 347.897352    0.04089     2.4536    147.216     30.285  50964.140    32.2147     7.8835     30.000     7.8754    25.1041     5.7105     8.1608     84.745    248.784    255.029   -0.00395    6.73845    9.62992  293.56934     7.8806   15.17021 3.8077e-02     0.1040     0.3416 0.0000e+00
        595 347.897367    0.04124     2.4745    148.471     31.295  50975.147    32.2199     7.8710     31.000     7.8647    25.1100     5.7017     8.1482     84.592    248.397    254.634   -0.00358    6.74012    9.63230  293.64045     7.8680   15.17358 3.8098e-02     0.0820     0.3269 0.0000e+00
        599 347.897379    0.04156     2.4933    149.598     32.305  50989.961    32.2289     7.8657     32.000     7.8627    25.1179     5.7001     8.1459     84.564    248.327    254.565   -0.00272    6.74054    9.63291  293.65654     7.8626   15.17431 3.8074e-02     0.0938     0.3349 0.0000e+00
        604 347.897392    0.04184     2.5105    150.631     33.314  50999.210    32.2352     7.8673     33.000     7.8656    25.1226     5.6984     8.1436     84.546    248.255    254.492   -0.00206    6.74002    9.63216  293.63237     7.8641   15.17313 3.8105e-02     0.1007     0.3434 0.0000e+00
        608 347.897404    0.04213     2.5282    151.692     34.324  50999.689    32.2355     7.8698     34.000     7.8669    25.1224     5.6909     8.1328     84.439    247.925    254.154   -0.00209    6.73962    9.63159  293.61525     7.8665   15.17231 3.8120e-02     0.1026     0.3498 0.0000e+00
        612 347.897417    0.04246     2.5477    152.859     35.334  51000.684    32.2359     7.8706     35.000     7.8675    25.1226     5.6779     8.1143     84.248    247.362    253.576   -0.00256    6.73947    9.63138  293.60881     7.8673   15.17200 3.8044e-02     0.1122     0.3681 0.0000e+00
        617 347.897430    0.04278     2.5665    153.991     36.343  51001.264    32.2359     7.8711     36.000     7.8675    25.1226     5.6671     8.0988     84.089    246.890    253.093   -0.00276    6.73939    9.63127  293.60519     7.8677   15.17183 3.8025e-02     0.1255     0.3433 0.0000e+00
        621 347.897443    0.04307     2.5843    155.056     37.353  51001.601    32.2355     7.8702     37.000     7.8647    25.1225     5.6639     8.0943     84.040    246.751    252.950   -0.00234    6.73956    9.63150  293.61239     7.8666   15.17218 3.8028e-02     0.1184     0.3331 0.0000e+00
        626 347.897456    0.04338     2.6029    156.176     38.363  51007.553    32.2384     7.8648     38.000     7.8576    25.1254     5.6630     8.0929     84.017    246.710    252.909   -0.00179    6.74025    9.63249  293.64168     7.8612   15.17357 3.8011e-02     0.1163     0.3457 0.0000e+00
        630 347.897468    0.04369     2.6215    157.292     39.372  51020.562    32.2458     7.8575     39.000     7.8516    25.1324     5.6600     8.0887     83.963    246.578    252.775   -0.00159    6.74104    9.63361  293.67405     7.8538   15.17508 3.8012e-02     0.1185     0.3744 0.0000e+00
        635 347.897482    0.04400     2.6398    158.387     40.382  51029.037    32.2506     7.8538     40.000     7.8491    25.1367     5.6532     8.0789     83.857    246.280    252.470   -0.00175    6.74140    9.63414  293.68866     7.8500   15.17576 3.7990e-02     0.1095     0.4052 0.0000e+00
        639 347.897494    0.04430     2.6581    159.489     41.391  51033.406    32.2529     7.8520     41.000     7.8470    25.1388     5.6442     8.0661     83.722    245.888    252.069   -0.00206    6.74158    9.63440  293.69595     7.8480   15.17610 3.7978e-02     0.1202     0.3818 0.0000e+00
        643 347.897506    0.04458     2.6751    160.509     42.401  51037.072    32.2547     7.8501     42.000     7.8453    25.1404     5.6385     8.0579     83.635    245.639    251.814   -0.00207    6.74178    9.63467  293.70389     7.8461   15.17647 3.7976e-02     0.1275     0.3798 0.0000e+00
        647 347.897517    0.04486     2.6917    161.501     43.411  51041.186    32.2568     7.8481     43.000     7.8425    25.1424     5.6357     8.0539     83.590    245.515    251.688   -0.00182    6.74199    9.63497  293.71259     7.8440   15.17688 3.7976e-02     0.1190     0.3626 0.0000e+00
        652 347.897531    0.04518     2.7104    162.625     44.420  51047.963    32.2605     7.8446     44.000     7.8388    25.1458     5.6268     8.0412     83.454    245.128    251.292   -0.00205    6.74238    9.63553  293.72853     7.8404   15.17762 3.7976e-02     0.1079     0.3637 0.0000e+00
        657 347.897545    0.04553     2.7318    163.909     45.429  51054.658    32.2641     7.8405     45.000     7.8341    25.1492     5.6156     8.0252     83.282    244.640    250.792   -0.00240    6.74284    9.63621  293.74800     7.8361   15.17854 3.7976e-02     0.1101     0.3393 0.0000e+00
        661 347.897558    0.04583     2.7500    165.000     46.439  51063.288    32.2687     7.8348     46.000     7.8266    25.1537     5.6125     8.0208     83.228    244.504    250.655   -0.00208    6.74350    9.63714  293.77536     7.8304   15.17983 3.7976e-02     0.1170     0.3609 0.0000e+00
        665 347.897569    0.04611     2.7669    166.014     47.449  51075.752    32.2756     7.8266     47.000     7.8177    25.1603     5.6093     8.0163     83.170    244.365    250.514   -0.00187    6.74445    9.63849  293.81469     7.8222   15.18168 3.7976e-02     0.1097     0.4374 0.0000e+00
        669 347.897582    0.04642     2.7851    167.105     48.458  51089.171    32.2829     7.8165     48.000     7.8072    25.1674     5.6021     8.0060     83.048    244.048    250.190   -0.00204    6.74568    9.64025  293.86616     7.8120   15.18411 3.7976e-02     0.1183     0.4137 0.0000e+00
        674 347.897595    0.04672     2.8028    168.169     49.468  51098.840    32.2876     7.8070     49.000     7.7984    25.1725     5.5906     7.9895     82.862    243.545    249.675   -0.00256    6.74694    9.64204  293.91937     7.8023   15.18663 3.7976e-02     0.1148     0.3747 0.0000e+00
        677 347.897605    0.04697     2.8184    169.102     50.478  51105.127    32.2904     7.8000     50.000     7.7923    25.1757     5.5835     7.9793     82.744    243.234    249.358   -0.00271    6.74788    9.64340  293.95987     7.7952   15.18855 3.7976e-02     0.1092     0.3590 0.0000e+00
        682 347.897618    0.04728     2.8368    170.208     51.488  51110.348    32.2927     7.7948     51.000     7.7885    25.1783     5.5803     7.9748     82.689    243.096    249.217   -0.00227    6.74857    9.64439  293.98909     7.7900   15.18994 3.7976e-02     0.1069     0.3567 0.0000e+00
        687 347.897634    0.04766     2.8598    171.586     52.497  51113.394    32.2938     7.7913     52.000     7.7854    25.1796     5.5840     7.9801     82.738    243.258    249.383   -0.00128    6.74906    9.64508  294.00998     7.7864   15.19093 3.7976e-02     0.1083     0.3763 0.0000e+00
        692 347.897647    0.04797     2.8778    172.668     53.507  51115.467    32.2945     7.7894     53.000     7.7834    25.1804     5.5810     7.9758     82.690    243.125    249.247   -0.00109    6.74933    9.64546  294.02133     7.7843   15.19147 3.7976e-02     0.1285     0.3629 0.0000e+00
