CTD-processing/allCTD/CNV/2016_02-15_t6_s05_cast136_5028.cnv
* Sea-Bird SBE19plus Data File:
* FileName = C:\Users\Kris.Holderied\Documents\kasitsna\Research-KBL\Oceanography-AK\CTD-Data-ALL-to-2016-02\2016-CTD-KachemakBay-CookInlet\2016-02-CookInlet-quarterly\2016-02-15-CookInlet-Tran6-Douglas\2016-02-15-CookInlet-Tran6-cast136.hex
* Software Version 1.59
* Temperature SN =  5028
* Conductivity SN =  5028
* System UpLoad Time = Feb 15 2016 19:51:22
** Cook Inlet LTM Tran6 Douglas West to East

** Date: 02-15
** Station: 6-05
** Start time (AKST): 17:50
** Depth (m): 105
** Comment:  R/V Pandalus
** Comment: Zooplankton 50m vert tow, Phytoplankton 40l surface, OA samples surface and 108m.
# nquan = 27
# nvalues = 104                         
# units = specified
# name 0 = scan: Scan Count
# name 1 = timeJ: Julian Days
# name 2 = timeH: Time, Elapsed [hours]
# name 3 = timeM: Time, Elapsed [minutes]
# name 4 = timeS: Time, Elapsed [seconds]
# name 5 = prdM: Pressure, Strain Gauge [db]
# name 6 = specc: Specific Conductance [uS/cm]
# name 7 = sal00: Salinity, Practical [PSU]
# name 8 = tv290C: Temperature [ITS-90, deg C]
# name 9 = depSM: Depth [salt water, m], lat = 59.00
# name 10 = potemp090C: Potential Temperature [ITS-90, deg C]
# name 11 = sigma-é00: Density [sigma-theta, kg/m^3]
# name 12 = sbeox0ML/L: Oxygen, SBE 43 [ml/l]
# name 13 = sbeox0Mg/L: Oxygen, SBE 43 [mg/l]
# name 14 = sbeox0PS: Oxygen, SBE 43 [% saturation]
# name 15 = sbox0Mm/Kg: Oxygen, SBE 43 [umol/kg]
# name 16 = sbeox0Mm/L: Oxygen, SBE 43 [umol/l]
# name 17 = sbox0dV/dT: Oxygen, SBE 43 [dov/dt]
# name 18 = oxsolML/L: Oxygen Saturation, Garcia & Gordon [ml/l]
# name 19 = oxsolMg/L: Oxygen Saturation, Garcia & Gordon [mg/l]
# name 20 = oxsolMm/Kg: Oxygen Saturation, Garcia & Gordon [umol/kg]
# name 21 = potemp090C: Potential Temperature [ITS-90, deg C]
# name 22 = n2satMg/L: Nitrogen Saturation [mg/l]
# name 23 = par: PAR/Irradiance, Biospherical/Licor
# name 24 = flECO-AFL: Fluorescence, WET Labs ECO-AFL/FL [mg/m^3]
# name 25 = turbWETntu0: Turbidity, WET Labs ECO [NTU]
# name 26 = flag: flag
# span 0 =         92,        639       
# span 1 =  46.743561,  46.745146       
# span 2 =    0.00629,    0.04432       
# span 3 =     0.3775,     2.6592       
# span 4 =     22.648,    159.553       
# span 5 =      1.010,    105.008       
# span 6 =  50083.444,  50436.960       
# span 7 =    31.3082,    31.5473       
# span 8 =     6.1458,     6.3780       
# span 9 =      1.000,    104.000       
# span 10 =     6.1679,     6.3693      
# span 11 =    24.6190,    24.7804      
# span 12 =     5.9010,     6.3934      
# span 13 =     8.4332,     9.1368      
# span 14 =     83.638,     91.048      
# span 15 =    257.209,    278.638      
# span 16 =    263.540,    285.529      
# span 17 =   -0.00060,    0.02321      
# span 18 =    7.00659,    7.05602      
# span 19 =   10.01311,   10.08376      
# span 20 =  305.34735,  307.55074      
# span 21 =     6.1457,     6.3692      
# span 22 =   15.73482,   15.84079      
# span 23 = 3.7976e-02, 6.2818e+00      
# span 24 =     0.0944,     0.1832      
# span 25 =     0.5104,     3.0521      
# span 26 = 0.0000e+00, 0.0000e+00      
# interval = meters: 1                  
# start_time = Feb 15 2016 17:50:21 [Instrument's time stamp, header]
# bad_flag = -9.990e-29
*END*
         92  46.743561    0.00629     0.3775     22.648      1.010  50083.444    31.3082     6.1458      1.000     6.1679    24.6190     5.9010     8.4332     83.638    257.209    263.540    0.01108    7.05602   10.08376  307.55074     6.1457   15.84079 6.2818e+00     0.1819     3.0521 0.0000e+00
        275  46.744093    0.01906     1.1437     68.622      2.019  50231.893    31.4332     6.2690      2.000     6.2696    24.7027     6.2938     8.9945     89.531    274.306    281.082    0.02321    7.02976   10.04623  306.38062     6.2688   15.78452 3.9551e+00     0.1730     0.5234 0.0000e+00
        281  46.744108    0.01943     1.1656     69.936      3.029  50232.151    31.4332     6.2707      3.000     6.2703    24.7026     6.2917     8.9914     89.504    274.212    280.986    0.01621    7.02946   10.04580  306.36759     6.2705   15.78390 3.1465e+00     0.1672     0.5104 0.0000e+00
        285  46.744120    0.01971     1.1828     70.965      4.037  50231.347    31.4320     6.2698      4.000     6.2676    24.7017     6.2932     8.9935     89.522    274.275    281.050    0.01174    7.02967   10.04610  306.37714     6.2695   15.78436 2.6838e+00     0.1690     0.5334 0.0000e+00
        288  46.744130    0.01996     1.1977     71.861      5.048  50233.808    31.4325     6.2662      5.000     6.2644    24.7026     6.2937     8.9943     89.522    274.299    281.074    0.00889    7.03024   10.04692  306.40158     6.2658   15.78552 2.3678e+00     0.1811     0.5289 0.0000e+00
        292  46.744141    0.02022     1.2128     72.768      6.057  50239.504    31.4357     6.2644      6.000     6.2646    24.7053     6.2968     8.9989     89.566    274.438    281.218    0.00676    7.03039   10.04713  306.40718     6.2639   15.78578 2.1163e+00     0.1832     0.5218 0.0000e+00
        296  46.744152    0.02049     1.2290     73.738      7.067  50247.591    31.4412     6.2667      7.000     6.2680    24.7094     6.3039     9.0090     89.675    274.746    281.534    0.00557    7.02975   10.04622  306.37845     6.2661   15.78438 1.9757e+00     0.1770     0.5227 0.0000e+00
        300  46.744164    0.02076     1.2456     74.734      8.076  50248.075    31.4417     6.2699      8.000     6.2698    24.7094     6.3070     9.0133     89.725    274.878    281.670    0.00430    7.02920   10.04544  306.35445     6.2693   15.78324 1.8501e+00     0.1553     0.5381 0.0000e+00
        304  46.744175    0.02102     1.2616     75.696      9.085  50248.377    31.4416     6.2707      9.000     6.2701    24.7092     6.3102     9.0180     89.774    275.020    281.816    0.00339    7.02908   10.04526  306.34909     6.2700   15.78299 1.6601e+00     0.1352     0.5449 0.0000e+00
        307  46.744185    0.02127     1.2761     76.565     10.094  50248.679    31.4414     6.2710     10.000     6.2701    24.7091     6.3137     9.0230     89.823    275.172    281.971    0.00279    7.02905   10.04521  306.34767     6.2701   15.78292 1.4799e+00     0.1436     0.5423 0.0000e+00
        311  46.744195    0.02150     1.2899     77.397     11.104  50249.538    31.4415     6.2710     11.000     6.2701    24.7091     6.3195     9.0312     89.905    275.422    282.228    0.00253    7.02904   10.04520  306.34732     6.2701   15.78290 1.3304e+00     0.1586     0.5464 0.0000e+00
        314  46.744204    0.02173     1.3037     78.223     12.114  50251.069    31.4421     6.2712     12.000     6.2703    24.7096     6.3252     9.0393     89.987    275.671    282.482    0.00237    7.02898   10.04511  306.34446     6.2702   15.78276 1.1970e+00     0.1525     0.5515 0.0000e+00
        317  46.744214    0.02195     1.3175     79.050     13.124  50251.059    31.4416     6.2713     13.000     6.2702    24.7092     6.3308     9.0473     90.067    275.915    282.733    0.00220    7.02898   10.04511  306.34453     6.2702   15.78277 1.0727e+00     0.1406     0.5763 0.0000e+00
        321  46.744224    0.02220     1.3324     79.943     14.133  50255.252    31.4442     6.2717     14.000     6.2712    24.7112     6.3354     9.0540     90.135    276.117    282.940    0.00202    7.02880   10.04485  306.33610     6.2705   15.78236 9.4754e-01     0.1559     0.5701 0.0000e+00
        325  46.744235    0.02247     1.3482     80.890     15.143  50255.730    31.4442     6.2728     15.000     6.2716    24.7111     6.3400     9.0605     90.203    276.317    283.145    0.00180    7.02862   10.04460  306.32824     6.2716   15.78198 8.3889e-01     0.1432     0.5562 0.0000e+00
        328  46.744245    0.02271     1.3624     81.741     16.152  50258.919    31.4460     6.2730     16.000     6.2726    24.7125     6.3443     9.0666     90.265    276.502    283.335    0.00169    7.02849   10.04441  306.32233     6.2717   15.78169 7.4591e-01     0.1384     0.5594 0.0000e+00
        331  46.744254    0.02293     1.3754     82.523     17.161  50262.323    31.4482     6.2746     17.000     6.2741    24.7140     6.3473     9.0709     90.313    276.632    283.469    0.00152    7.02813   10.04391  306.30630     6.2732   15.78092 6.6240e-01     0.1469     0.5676 0.0000e+00
        334  46.744263    0.02315     1.3892     83.353     18.171  50262.283    31.4479     6.2758     18.000     6.2746    24.7137     6.3516     9.0770     90.376    276.819    283.661    0.00146    7.02794   10.04363  306.29800     6.2744   15.78052 6.0097e-01     0.1486     0.5724 0.0000e+00
        338  46.744274    0.02340     1.4041     84.246     19.180  50262.409    31.4476     6.2763     19.000     6.2747    24.7134     6.3548     9.0816     90.423    276.960    283.805    0.00134    7.02789   10.04355  306.29577     6.2747   15.78042 5.4315e-01     0.1339     0.5649 0.0000e+00
        341  46.744283    0.02364     1.4183     85.099     20.190  50263.821    31.4482     6.2764     20.000     6.2750    24.7138     6.3547     9.0814     90.421    276.955    283.799    0.00096    7.02784   10.04348  306.29354     6.2748   15.78031 4.8688e-01     0.1309     0.5869 0.0000e+00
        345  46.744293    0.02386     1.4316     85.895     21.199  50265.278    31.4487     6.2770     21.000     6.2755    24.7142     6.3578     9.0860     90.468    277.093    283.941    0.00088    7.02772   10.04332  306.28836     6.2752   15.78006 4.3567e-01     0.1263     0.5925 0.0000e+00
        348  46.744303    0.02410     1.4455     86.732     22.209  50267.932    31.4503     6.2776     22.000     6.2765    24.7153     6.3631     9.0935     90.545    277.320    284.175    0.00108    7.02754   10.04306  306.28018     6.2758   15.77966 3.8701e-01     0.1276     0.5810 0.0000e+00
        352  46.744313    0.02435     1.4612     87.669     23.218  50271.377    31.4525     6.2792     23.000     6.2782    24.7168     6.3655     9.0969     90.584    277.425    284.283    0.00098    7.02717   10.04254  306.26372     6.2773   15.77887 3.4185e-01     0.1350     0.5789 0.0000e+00
        355  46.744324    0.02461     1.4768     88.608     24.227  50273.853    31.4539     6.2807     24.000     6.2797    24.7179     6.3654     9.0968     90.587    277.421    284.279    0.00070    7.02685   10.04207  306.24929     6.2787   15.77818 3.0336e-01     0.1241     0.5853 0.0000e+00
        359  46.744334    0.02485     1.4912     89.473     25.237  50277.428    31.4563     6.2827     25.000     6.2815    24.7195     6.3654     9.0968     90.592    277.421    284.278    0.00048    7.02643   10.04146  306.23026     6.2806   15.77726 2.6729e-01     0.1221     0.5938 0.0000e+00
        362  46.744344    0.02508     1.5050     90.299     26.247  50276.287    31.4553     6.2839     26.000     6.2817    24.7186     6.3663     9.0980     90.607    277.459    284.318    0.00040    7.02627   10.04123  306.22352     6.2818   15.77695 2.3793e-01     0.1360     0.6176 0.0000e+00
        366  46.744354    0.02532     1.5189     91.131     27.257  50275.362    31.4541     6.2837     27.000     6.2811    24.7177     6.3671     9.0993     90.617    277.497    284.356    0.00031    7.02636   10.04137  306.22787     6.2815   15.77715 2.1554e-01     0.1335     0.5864 0.0000e+00
        369  46.744363    0.02555     1.5328     91.966     28.266  50276.029    31.4540     6.2833     28.000     6.2808    24.7177     6.3666     9.0986     90.610    277.476    284.335    0.00014    7.02644   10.04148  306.23138     6.2809   15.77733 1.9457e-01     0.1370     0.5756 0.0000e+00
        372  46.744373    0.02577     1.5467     92.799     29.276  50277.485    31.4546     6.2832     29.000     6.2810    24.7182     6.3655     9.0970     90.594    277.425    284.283   -0.00007    7.02641   10.04145  306.23019     6.2808   15.77726 1.7503e-01     0.1358     0.5814 0.0000e+00
        376  46.744383    0.02602     1.5613     93.676     30.285  50279.859    31.4558     6.2838     30.000     6.2818    24.7191     6.3678     9.1002     90.629    277.527    284.387    0.00004    7.02627   10.04124  306.22379     6.2813   15.77696 1.5671e-01     0.1232     0.5716 0.0000e+00
        379  46.744393    0.02627     1.5764     94.584     31.295  50283.204    31.4579     6.2851     31.000     6.2833    24.7206     6.3716     9.1057     90.687    277.693    284.558    0.00030    7.02596   10.04079  306.20949     6.2825   15.77627 1.4175e-01     0.1251     0.5557 0.0000e+00
        383  46.744404    0.02653     1.5916     95.496     32.305  50284.477    31.4586     6.2865     32.000     6.2842    24.7210     6.3759     9.1118     90.751    277.879    284.749    0.00051    7.02569   10.04042  306.19802     6.2839   15.77572 1.2980e-01     0.1409     0.5641 0.0000e+00
        387  46.744415    0.02679     1.6070     96.423     33.314  50285.802    31.4592     6.2872     33.000     6.2848    24.7213     6.3800     9.1176     90.811    278.055    284.930    0.00068    7.02554   10.04021  306.19139     6.2845   15.77540 1.1821e-01     0.1416     0.5737 0.0000e+00
        391  46.744427    0.02707     1.6247     97.481     34.324  50285.978    31.4589     6.2877     34.000     6.2849    24.7211     6.3806     9.1186     90.821    278.084    284.959    0.00049    7.02547   10.04011  306.18840     6.2849   15.77526 1.0660e-01     0.1254     0.5826 0.0000e+00
        395  46.744439    0.02737     1.6421     98.524     35.333  50285.063    31.4578     6.2874     35.000     6.2842    24.7202     6.3794     9.1168     90.803    278.031    284.904    0.00020    7.02558   10.04026  306.19323     6.2845   15.77549 9.7091e-02     0.1184     0.5726 0.0000e+00
        399  46.744450    0.02763     1.6578     99.466     36.342  50284.805    31.4570     6.2869     36.000     6.2835    24.7197     6.3799     9.1175     90.808    278.053    284.927    0.00007    7.02571   10.04044  306.19883     6.2839   15.77576 8.9825e-02     0.1214     0.5681 0.0000e+00
        403  46.744462    0.02792     1.6750    100.501     37.352  50284.808    31.4564     6.2861     37.000     6.2829    24.7193     6.3821     9.1206     90.837    278.148    285.024    0.00017    7.02586   10.04066  306.20574     6.2831   15.77610 8.2904e-02     0.1205     0.5720 0.0000e+00
        407  46.744474    0.02820     1.6923    101.537     38.362  50286.585    31.4571     6.2860     38.000     6.2831    24.7199     6.3830     9.1219     90.850    278.186    285.063    0.00010    7.02583   10.04062  306.20442     6.2829   15.77603 7.7123e-02     0.1126     0.5778 0.0000e+00
        411  46.744484    0.02845     1.7069    102.415     39.371  50288.151    31.4578     6.2865     39.000     6.2835    24.7204     6.3866     9.1272     90.904    278.348    285.228    0.00031    7.02573   10.04047  306.19974     6.2832   15.77581 7.2307e-02     0.1088     0.5831 0.0000e+00
        414  46.744494    0.02869     1.7217    103.301     40.381  50290.271    31.4590     6.2872     40.000     6.2844    24.7212     6.3888     9.1302     90.936    278.440    285.324    0.00039    7.02555   10.04022  306.19189     6.2839   15.77543 6.8028e-02     0.1221     0.5831 0.0000e+00
        418  46.744506    0.02899     1.7393    104.359     41.391  50292.635    31.4604     6.2884     41.000     6.2856    24.7222     6.3863     9.1267     90.904    278.331    285.212    0.00007    7.02530   10.03985  306.18032     6.2850   15.77487 6.3468e-02     0.1315     0.5893 0.0000e+00
        423  46.744519    0.02928     1.7570    105.420     42.401  50293.414    31.4606     6.2895     42.000     6.2863    24.7223     6.3844     9.1240     90.881    278.250    285.130   -0.00020    7.02510   10.03957  306.17184     6.2861   15.77446 5.9945e-02     0.1215     0.5838 0.0000e+00
        426  46.744529    0.02953     1.7719    106.314     43.411  50294.345    31.4609     6.2899     43.000     6.2865    24.7224     6.3877     9.1287     90.928    278.394    285.277    0.00005    7.02503   10.03947  306.16851     6.2864   15.77430 5.6965e-02     0.1199     0.6022 0.0000e+00
        430  46.744539    0.02977     1.7863    107.177     44.421  50295.502    31.4612     6.2902     44.000     6.2868    24.7227     6.3893     9.1310     90.952    278.464    285.348    0.00013    7.02496   10.03937  306.16564     6.2866   15.77416 5.4519e-02     0.1216     0.5997 0.0000e+00
        433  46.744550    0.03003     1.8020    108.122     45.430  50301.864    31.4653     6.2913     45.000     6.2894    24.7258     6.3889     9.1304     90.950    278.443    285.328    0.00003    7.02458   10.03884  306.14823     6.2876   15.77332 5.2119e-02     0.1165     0.5693 0.0000e+00
        438  46.744562    0.03032     1.8190    109.137     46.439  50310.850    31.4720     6.2959     46.000     6.2945    24.7305     6.3867     9.1273     90.934    278.349    285.232   -0.00014    7.02352   10.03731  306.10035     6.2921   15.77101 5.0085e-02     0.1082     0.5558 0.0000e+00
        442  46.744575    0.03062     1.8372    110.233     47.449  50311.262    31.4725     6.2997     47.000     6.2967    24.7305     6.3875     9.1285     90.954    278.383    285.268   -0.00006    7.02286   10.03638  306.07182     6.2959   15.76965 4.8431e-02     0.1145     0.5578 0.0000e+00
        446  46.744586    0.03091     1.8546    111.273     48.459  50312.449    31.4731     6.3011     48.000     6.2975    24.7308     6.3860     9.1264     90.936    278.320    285.203   -0.00018    7.02261   10.03602  306.06100     6.2972   15.76913 4.7235e-02     0.1225     0.5558 0.0000e+00
        449  46.744596    0.03114     1.8686    112.115     49.468  50314.553    31.4742     6.3018     49.000     6.2982    24.7316     6.3837     9.1229     90.904    278.213    285.094   -0.00039    7.02246   10.03579  306.05368     6.2977   15.76877 4.6226e-02     0.1229     0.5573 0.0000e+00
        452  46.744604    0.03134     1.8802    112.810     50.478  50316.372    31.4752     6.3026     50.000     6.2990    24.7322     6.3818     9.1203     90.880    278.135    285.014   -0.00052    7.02230   10.03555  306.04627     6.2984   15.76842 4.5267e-02     0.1226     0.5645 0.0000e+00
        455  46.744612    0.03152     1.8911    113.466     51.488  50318.544    31.4764     6.3035     51.000     6.2999    24.7331     6.3818     9.1203     90.883    278.133    285.013   -0.00051    7.02208   10.03525  306.03682     6.2992   15.76797 4.4376e-02     0.1236     0.5737 0.0000e+00
        458  46.744620    0.03172     1.9029    114.177     52.497  50319.273    31.4766     6.3045     52.000     6.3005    24.7332     6.3849     9.1246     90.928    278.267    285.149   -0.00025    7.02190   10.03500  306.02894     6.3002   15.76759 4.3469e-02     0.1260     0.5716 0.0000e+00
        462  46.744632    0.03199     1.9193    115.156     53.507  50318.406    31.4756     6.3048     53.000     6.3002    24.7323     6.3871     9.1278     90.960    278.363    285.248   -0.00003    7.02189   10.03499  306.02901     6.3004   15.76760 4.2867e-02     0.1371     0.5669 0.0000e+00
