CTD-processing/allCTD/CNV/2016_01-07_alongbay_4-02_cast071_5028.cnv
* Sea-Bird SBE19plus Data File:
* FileName = C:\Users\Kris.Holderied\Documents\kasitsna\Research-KBL\Oceanography-AK\CTD-Data-ALL-to-2015-10\2016-CTD-KachemakBay-CookInlet\2016-01-07-CookInlet-HomerSpit-monthly-plus\2016-01-07-CookInlet-Tran9-plus-cast071.hex
* Software Version 1.59
* Temperature SN =  5028
* Conductivity SN =  5028
* System UpLoad Time = Feb 09 2016 08:05:01
** Cook Inlet LTM Tran9 Homer Spit
** Date (YYYY-MM-DD): 2016-01-07
** Station (ie. 9-01):  4-02
** Start time (AKST): 14:16
** Depth (m): 102.7
** Comment: R/V Edgecumbe
** Comment:
# nquan = 27
# nvalues = 94                          
# units = specified
# name 0 = scan: Scan Count
# name 1 = timeJ: Julian Days
# name 2 = timeH: Time, Elapsed [hours]
# name 3 = timeM: Time, Elapsed [minutes]
# name 4 = timeS: Time, Elapsed [seconds]
# name 5 = prdM: Pressure, Strain Gauge [db]
# name 6 = specc: Specific Conductance [uS/cm]
# name 7 = sal00: Salinity, Practical [PSU]
# name 8 = tv290C: Temperature [ITS-90, deg C]
# name 9 = depSM: Depth [salt water, m], lat = 59.00
# name 10 = potemp090C: Potential Temperature [ITS-90, deg C]
# name 11 = sigma-é00: Density [sigma-theta, kg/m^3]
# name 12 = sbeox0ML/L: Oxygen, SBE 43 [ml/l]
# name 13 = sbeox0Mg/L: Oxygen, SBE 43 [mg/l]
# name 14 = sbeox0PS: Oxygen, SBE 43 [% saturation]
# name 15 = sbox0Mm/Kg: Oxygen, SBE 43 [umol/kg]
# name 16 = sbeox0Mm/L: Oxygen, SBE 43 [umol/l]
# name 17 = sbox0dV/dT: Oxygen, SBE 43 [dov/dt]
# name 18 = oxsolML/L: Oxygen Saturation, Garcia & Gordon [ml/l]
# name 19 = oxsolMg/L: Oxygen Saturation, Garcia & Gordon [mg/l]
# name 20 = oxsolMm/Kg: Oxygen Saturation, Garcia & Gordon [umol/kg]
# name 21 = potemp090C: Potential Temperature [ITS-90, deg C]
# name 22 = n2satMg/L: Nitrogen Saturation [mg/l]
# name 23 = par: PAR/Irradiance, Biospherical/Licor
# name 24 = flECO-AFL: Fluorescence, WET Labs ECO-AFL/FL [mg/m^3]
# name 25 = turbWETntu0: Turbidity, WET Labs ECO [NTU]
# name 26 = flag: flag
# span 0 =        381,        946       
# span 1 =   7.596100,   7.597733       
# span 2 =    0.02641,    0.06560       
# span 3 =     1.5846,     3.9360       
# span 4 =     95.075,    236.157       
# span 5 =      1.009,     94.909       
# span 6 =  49804.429,  50139.836       
# span 7 =    31.1130,    31.3843       
# span 8 =     6.1361,     6.5826       
# span 9 =      1.000,     94.000       
# span 10 =     6.1954,     6.5748      
# span 11 =    24.4663,    24.6262      
# span 12 =     6.2861,     6.3822      
# span 13 =     8.9834,     9.1209      
# span 14 =     89.885,     91.020      
# span 15 =    273.988,    278.208      
# span 16 =    280.735,    285.031      
# span 17 =   -0.00094,    0.00343      
# span 18 =    6.98077,    7.06663      
# span 19 =    9.97622,   10.09892      
# span 20 =  304.26810,  308.05859      
# span 21 =     6.1360,     6.5746      
# span 22 =   15.68404,   15.86579      
# span 23 = 3.7976e-02, 5.2722e+01      
# span 24 =     0.0587,     0.1289      
# span 25 =     0.4349,     0.7263      
# span 26 = 0.0000e+00, 0.0000e+00      
# interval = meters: 1                  
# start_time = Jan 07 2016 14:16:48 [Instrument's time stamp, header]
# bad_flag = -9.990e-29
*END*
        381   7.596100    0.02641     1.5846     95.075      1.009  49804.429    31.1130     6.1361      1.000     6.1954    24.4663     6.3519     9.0775     89.885    276.901    283.676   -0.00002    7.06663   10.09892  308.05859     6.1360   15.86579 5.2722e+01     0.1218     0.5325 0.0000e+00
        390   7.596124    0.02698     1.6189     97.133      2.019  49818.902    31.1558     6.3143      2.000     6.3381    24.4784     6.3765     9.1127     90.637    277.971    284.775    0.00343    7.03522   10.05403  306.68555     6.3142   15.80019 4.0651e+01     0.1289     0.5831 0.0000e+00
        396   7.596144    0.02746     1.6478     98.867      3.028  49809.298    31.1587     6.3684      3.000     6.3761    24.4741     6.3667     9.0986     90.613    277.542    284.335    0.00185    7.02617   10.04110  306.29273     6.3682   15.78145 3.1837e+01     0.1106     0.6014 0.0000e+00
        403   7.596162    0.02789     1.6731    100.389      4.038  49810.855    31.1626     6.3861      4.000     6.3892    24.4750     6.3571     9.0850     90.518    277.127    283.910    0.00058    7.02308   10.03668  306.15760     6.3858   15.77500 2.7025e+01     0.1192     0.5982 0.0000e+00
        409   7.596182    0.02836     1.7017    102.102      5.047  49841.874    31.1872     6.4058      5.000     6.4162    24.4920     6.3536     9.0800     90.524    276.969    283.753    0.00030    7.01873   10.03046  305.96265     6.4054   15.76561 2.3137e+01     0.1268     0.5983 0.0000e+00
        416   7.596202    0.02885     1.7310    103.861      6.057  49856.072    31.2027     6.4393      6.000     6.4438    24.5001     6.3619     9.0918     90.722    277.327    284.121    0.00112    7.01251   10.02157  305.68915     6.4388   15.75251 1.9997e+01     0.1253     0.6214 0.0000e+00
        424   7.596224    0.02938     1.7628    105.768      7.066  49865.928    31.2113     6.4515      7.000     6.4516    24.5054     6.3593     9.0880     90.715    277.211    284.004    0.00052    7.01012   10.01816  305.58341     6.4509   15.74744 1.7319e+01     0.1177     0.5964 0.0000e+00
        431   7.596244    0.02985     1.7911    107.467      8.075  49870.041    31.2137     6.4515      8.000     6.4496    24.5073     6.3604     9.0896     90.732    277.259    284.054    0.00034    7.01001   10.01800  305.57810     6.4508   15.74717 1.5183e+01     0.1248     0.5939 0.0000e+00
        436   7.596260    0.03024     1.8143    108.860      9.085  49874.946    31.2157     6.4468      9.000     6.4437    24.5095     6.3589     9.0876     90.703    277.196    283.990   -0.00000    7.01067   10.01896  305.60652     6.4461   15.74852 1.3246e+01     0.1042     0.6059 0.0000e+00
        442   7.596277    0.03064     1.8384    110.306     10.095  49883.804    31.2202     6.4401     10.000     6.4377    24.5138     6.3644     9.0954     90.770    277.433    284.234    0.00026    7.01156   10.02023  305.64393     6.4393   15.75028 1.1605e+01     0.0910     0.6024 0.0000e+00
        450   7.596299    0.03119     1.8712    112.272     11.104  49890.479    31.2235     6.4358     11.000     6.4342    24.5170     6.3698     9.1031     90.840    277.669    284.476    0.00043    7.01212   10.02103  305.66740     6.4349   15.75139 1.0157e+01     0.1053     0.5975 0.0000e+00
        458   7.596323    0.03175     1.9049    114.292     12.113  49893.895    31.2250     6.4337     12.000     6.4324    24.5184     6.3712     9.1051     90.857    277.729    284.539    0.00024    7.01239   10.02141  305.67858     6.4327   15.75191 8.8773e+00     0.1081     0.6058 0.0000e+00
        465   7.596342    0.03221     1.9327    115.964     13.123  49896.307    31.2260     6.4326     13.000     6.4314    24.5194     6.3731     9.1078     90.882    277.812    284.624    0.00021    7.01252   10.02159  305.68389     6.4316   15.75216 7.7873e+00     0.1094     0.6080 0.0000e+00
        471   7.596361    0.03266     1.9597    117.580     14.133  49898.376    31.2269     6.4319     14.000     6.4303    24.5202     6.3739     9.1089     90.892    277.844    284.657    0.00011    7.01260   10.02171  305.68727     6.4308   15.75232 6.8757e+00     0.0985     0.6331 0.0000e+00
        477   7.596378    0.03307     1.9838    119.030     15.142  49902.897    31.2293     6.4304     15.000     6.4289    24.5222     6.3758     9.1116     90.917    277.926    284.741    0.00014    7.01273   10.02189  305.69209     6.4292   15.75254 5.9938e+00     0.1123     0.6138 0.0000e+00
        483   7.596394    0.03345     2.0074    120.441     16.152  49906.243    31.2311     6.4300     16.000     6.4289    24.5237     6.3764     9.1124     90.926    277.951    284.768    0.00008    7.01271   10.02186  305.69096     6.4287   15.75248 5.2480e+00     0.1075     0.5958 0.0000e+00
        488   7.596410    0.03384     2.0301    121.804     17.162  49909.068    31.2327     6.4312     17.000     6.4309    24.5249     6.3752     9.1108     90.913    277.901    284.716   -0.00007    7.01244   10.02147  305.67863     6.4299   15.75189 4.5999e+00     0.1058     0.5926 0.0000e+00
        494   7.596426    0.03422     2.0528    123.168     18.170  49909.346    31.2329     6.4336     18.000     6.4325    24.5247     6.3753     9.1110     90.920    277.906    284.721   -0.00010    7.01205   10.02092  305.66167     6.4321   15.75108 4.0330e+00     0.0904     0.5966 0.0000e+00
        499   7.596442    0.03460     2.0759    124.556     19.180  49910.112    31.2331     6.4345     19.000     6.4330    24.5248     6.3807     9.1186     90.999    278.140    284.962    0.00028    7.01189   10.02068  305.65464     6.4329   15.75074 3.5327e+00     0.0976     0.5956 0.0000e+00
        505   7.596458    0.03500     2.1001    126.006     20.190  49909.860    31.2325     6.4345     20.000     6.4327    24.5243     6.3822     9.1209     91.020    278.208    285.031    0.00025    7.01191   10.02072  305.65591     6.4329   15.75080 3.1040e+00     0.0898     0.6143 0.0000e+00
        511   7.596475    0.03540     2.1239    127.435     21.199  49910.203    31.2321     6.4339     21.000     6.4320    24.5241     6.3802     9.1180     90.990    278.121    284.942   -0.00005    7.01203   10.02089  305.66121     6.4322   15.75106 2.7308e+00     0.0775     0.6400 0.0000e+00
        516   7.596491    0.03578     2.1468    128.810     22.209  49915.767    31.2358     6.4355     22.000     6.4357    24.5268     6.3795     9.1169     90.985    278.088    284.909   -0.00014    7.01160   10.02028  305.64166     6.4337   15.75011 2.4014e+00     0.0859     0.5831 0.0000e+00
        522   7.596508    0.03619     2.1714    130.284     23.219  49922.192    31.2412     6.4433     23.000     6.4450    24.5301     6.3804     9.1183     91.018    278.127    284.950    0.00003    7.01006   10.01808  305.57351     6.4415   15.74684 2.1085e+00     0.0963     0.5714 0.0000e+00
        528   7.596525    0.03660     2.1958    131.748     24.228  49921.944    31.2423     6.4526     24.000     6.4520    24.5298     6.3789     9.1161     91.017    278.062    284.882   -0.00004    7.00850   10.01585  305.50549     6.4506   15.74360 1.8565e+00     0.0967     0.5564 0.0000e+00
        534   7.596543    0.03702     2.2216    133.296     25.237  49923.764    31.2438     6.4564     25.000     6.4559    24.5305     6.3774     9.1140     91.005    277.997    284.817   -0.00013    7.00781   10.01486  305.47529     6.4543   15.74215 1.6398e+00     0.0870     0.5410 0.0000e+00
        540   7.596561    0.03745     2.2472    134.829     26.247  49924.860    31.2449     6.4609     26.000     6.4596    24.5309     6.3745     9.1097     90.972    277.866    284.683   -0.00031    7.00702   10.01373  305.44070     6.4587   15.74050 1.4469e+00     0.0970     0.5621 0.0000e+00
        547   7.596581    0.03794     2.2764    136.585     27.257  49924.647    31.2446     6.4629     27.000     6.4607    24.5304     6.3717     9.1058     90.937    277.746    284.559   -0.00041    7.00672   10.01330  305.42774     6.4606   15.73988 1.2784e+00     0.0761     0.5354 0.0000e+00
        554   7.596600    0.03840     2.3043    138.261     28.267  49925.673    31.2449     6.4632     28.000     6.4610    24.5306     6.3690     9.1019     90.899    277.629    284.439   -0.00051    7.00664   10.01319  305.42419     6.4609   15.73971 1.1315e+00     0.0723     0.5288 0.0000e+00
        560   7.596617    0.03881     2.3286    139.714     29.276  49926.784    31.2453     6.4636     29.000     6.4613    24.5309     6.3730     9.1076     90.958    277.802    284.617   -0.00007    7.00656   10.01308  305.42071     6.4612   15.73954 1.0009e+00     0.0823     0.5445 0.0000e+00
        566   7.596635    0.03924     2.3543    141.257     30.285  49927.399    31.2454     6.4641     30.000     6.4616    24.5309     6.3753     9.1110     90.992    277.904    284.722    0.00007    7.00648   10.01296  305.41720     6.4616   15.73938 8.8781e-01     0.0945     0.5419 0.0000e+00
        573   7.596655    0.03972     2.3835    143.009     31.295  49928.751    31.2460     6.4646     31.000     6.4623    24.5313     6.3753     9.1110     90.993    277.905    284.722    0.00000    7.00636   10.01279  305.41192     6.4621   15.73912 7.8526e-01     0.0919     0.5449 0.0000e+00
        580   7.596674    0.04018     2.4108    144.649     32.304  49929.591    31.2462     6.4655     32.000     6.4630    24.5314     6.3734     9.1083     90.969    277.823    284.639   -0.00020    7.00621   10.01258  305.40547     6.4628   15.73881 6.9536e-01     0.0851     0.5784 0.0000e+00
        586   7.596693    0.04063     2.4375    146.249     33.314  49930.624    31.2465     6.4660     33.000     6.4634    24.5316     6.3752     9.1107     90.994    277.898    284.715   -0.00004    7.00611   10.01243  305.40091     6.4633   15.73860 6.1817e-01     0.0978     0.5811 0.0000e+00
        593   7.596713    0.04110     2.4661    147.964     34.324  49931.727    31.2469     6.4666     34.000     6.4639    24.5319     6.3708     9.1045     90.934    277.708    284.521   -0.00039    7.00600   10.01227  305.39597     6.4638   15.73836 5.4957e-01     0.0883     0.5877 0.0000e+00
        600   7.596733    0.04160     2.4958    149.746     35.333  49932.964    31.2474     6.4671     35.000     6.4643    24.5322     6.3721     9.1063     90.953    277.762    284.577   -0.00019    7.00589   10.01211  305.39105     6.4642   15.73812 4.8692e-01     0.0902     0.5900 0.0000e+00
        607   7.596753    0.04206     2.5237    151.422     36.343  49935.257    31.2487     6.4678     36.000     6.4655    24.5331     6.3737     9.1086     90.978    277.833    284.649   -0.00004    7.00571   10.01187  305.38322     6.4648   15.73774 4.3222e-01     0.1088     0.5758 0.0000e+00
        613   7.596772    0.04252     2.5513    153.079     37.353  49940.988    31.2528     6.4712     37.000     6.4695    24.5359     6.3713     9.1052     90.953    277.726    284.540   -0.00020    7.00497   10.01081  305.35008     6.4681   15.73615 3.8511e-01     0.0872     0.5630 0.0000e+00
        620   7.596790    0.04297     2.5779    154.677     38.362  49946.437    31.2569     6.4759     38.000     6.4745    24.5387     6.3695     9.1027     90.940    277.648    284.461   -0.00026    7.00402   10.00944  305.30761     6.4727   15.73411 3.4360e-01     0.0761     0.6105 0.0000e+00
        626   7.596809    0.04340     2.6044    156.264     39.372  49947.787    31.2583     6.4809     39.000     6.4783    24.5391     6.3702     9.1037     90.963    277.681    284.495   -0.00010    7.00314   10.00819  305.26931     6.4776   15.73227 3.0576e-01     0.0886     0.5791 0.0000e+00
        633   7.596828    0.04387     2.6324    157.944     40.382  49948.288    31.2585     6.4823     40.000     6.4792    24.5391     6.3707     9.1043     90.972    277.699    284.514   -0.00007    7.00289   10.00783  305.25847     6.4790   15.73176 2.7296e-01     0.0954     0.5761 0.0000e+00
        640   7.596849    0.04439     2.6632    159.790     41.391  49949.979    31.2593     6.4831     41.000     6.4800    24.5397     6.3681     9.1007     90.938    277.590    284.402   -0.00026    7.00274   10.00761  305.25145     6.4797   15.73142 2.4433e-01     0.0866     0.5578 0.0000e+00
        646   7.596865    0.04477     2.6863    161.180     42.401  49952.072    31.2605     6.4846     42.000     6.4816    24.5405     6.3670     9.0991     90.926    277.541    284.352   -0.00031    7.00244   10.00718  305.23806     6.4810   15.73078 2.1884e-01     0.0754     0.5552 0.0000e+00
        651   7.596881    0.04515     2.7091    162.545     43.410  49953.850    31.2616     6.4862     43.000     6.4833    24.5411     6.3696     9.1028     90.966    277.651    284.465   -0.00005    7.00212   10.00673  305.22406     6.4826   15.73011 1.9589e-01     0.0780     0.5813 0.0000e+00
        658   7.596900    0.04560     2.7358    164.145     44.420  49955.138    31.2624     6.4884     44.000     6.4852    24.5415     6.3684     9.1011     90.955    277.601    284.413   -0.00015    7.00172   10.00616  305.20677     6.4847   15.72928 1.6710e-01     0.1026     0.5717 0.0000e+00
        664   7.596919    0.04604     2.7628    165.766     45.429  49956.180    31.2630     6.4899     45.000     6.4866    24.5417     6.3707     9.1043     90.991    277.699    284.514    0.00005    7.00145   10.00577  305.19470     6.4861   15.72870 1.4976e-01     0.1206     0.5397 0.0000e+00
        670   7.596937    0.04649     2.7892    167.353     46.439  49957.965    31.2641     6.4917     46.000     6.4887    24.5424     6.3675     9.0999     90.950    277.561    284.373   -0.00024    7.00111   10.00528  305.17963     6.4878   15.72798 1.3909e-01     0.1096     0.5540 0.0000e+00
        677   7.596957    0.04696     2.8178    169.069     47.449  49959.382    31.2651     6.4947     47.000     6.4913    24.5429     6.3676     9.1000     90.958    277.565    284.377   -0.00015    7.00058   10.00452  305.15628     6.4907   15.72686 1.2652e-01     0.1207     0.5233 0.0000e+00
        684   7.596976    0.04743     2.8457    170.745     48.459  49960.154    31.2655     6.4963     48.000     6.4926    24.5430     6.3642     9.0951     90.914    277.418    284.227   -0.00038    7.00028   10.00410  305.14333     6.4923   15.72624 1.1493e-01     0.1188     0.5276 0.0000e+00
        690   7.596994    0.04785     2.8706    172.237     49.468  49961.037    31.2658     6.4970     49.000     6.4932    24.5431     6.3658     9.0974     90.938    277.487    284.297   -0.00018    7.00015   10.00391  305.13774     6.4930   15.72598 1.0469e-01     0.1227     0.5438 0.0000e+00
        696   7.597012    0.04828     2.8970    173.819     50.478  49962.017    31.2662     6.4978     50.000     6.4938    24.5433     6.3656     9.0971     90.937    277.478    284.288   -0.00017    7.00001   10.00372  305.13163     6.4936   15.72568 9.5853e-02     0.1156     0.5798 0.0000e+00
        703   7.597030    0.04872     2.9231    175.389     51.488  49962.841    31.2664     6.4983     51.000     6.4941    24.5434     6.3664     9.0982     90.949    277.513    284.323   -0.00010    6.99993   10.00360  305.12797     6.4940   15.72551 8.8140e-02     0.1114     0.5730 0.0000e+00
        709   7.597047    0.04914     2.9481    176.888     52.497  49963.436    31.2663     6.4985     52.000     6.4943    24.5433     6.3678     9.1002     90.970    277.573    284.385   -0.00003    6.99989   10.00354  305.12634     6.4942   15.72543 8.1397e-02     0.1003     0.5849 0.0000e+00
        715   7.597066    0.04958     2.9750    178.502     53.507  49965.893    31.2678     6.4998     53.000     6.4957    24.5443     6.3671     9.0992     90.963    277.540    284.353   -0.00010    6.99962   10.00316  305.11425     6.4953   15.72485 7.6406e-02     0.1046     0.5426 0.0000e+00
