CTD-processing/allCTD/CNV/2016_11-10_t9_s07_cast007_4141.cnv
* Sea-Bird SBE19plus Data File:
* FileName = P:\My Documents\kasitsna\Research-KBL\Oceanography-AK\CTD-Data-ALL-to-2016-05\2016-CTD-KachemakBay-CookInlet\2016-11-10-CookIInlet-Tran9-monthly\2016-11-10-CookInlet-Tran9-cast007.hex
* Software Version 1.59
* Temperature SN =  4141
* Conductivity SN =  4141
* System UpLoad Time = Jan 10 2017 14:24:11
** Cook Inlet LTM Tran 9 south to north
** Date: (YYYY-MM-DD): 2016-11-10
** Station: (eg. 9-01): 9-07
** Start time (AKST): 12:40
** Depth (m): 101.5
** Comment: R/V Edgecumbe. CTD time is 2 hrs ahead of  local time (was on PDT)
** Comment:
# nquan = 27
# nvalues = 92                          
# units = specified
# name 0 = scan: Scan Count
# name 1 = timeJ: Julian Days
# name 2 = timeH: Time, Elapsed [hours]
# name 3 = timeM: Time, Elapsed [minutes]
# name 4 = timeS: Time, Elapsed [seconds]
# name 5 = prdM: Pressure, Strain Gauge [db]
# name 6 = specc: Specific Conductance [uS/cm]
# name 7 = sal00: Salinity, Practical [PSU]
# name 8 = tv290C: Temperature [ITS-90, deg C]
# name 9 = depSM: Depth [salt water, m], lat = 59.00
# name 10 = potemp090C: Potential Temperature [ITS-90, deg C]
# name 11 = sigma-é00: Density [sigma-theta, kg/m^3]
# name 12 = sbeox0ML/L: Oxygen, SBE 43 [ml/l]
# name 13 = sbeox0Mg/L: Oxygen, SBE 43 [mg/l]
# name 14 = sbeox0PS: Oxygen, SBE 43 [% saturation]
# name 15 = sbox0Mm/Kg: Oxygen, SBE 43 [umol/kg]
# name 16 = sbeox0Mm/L: Oxygen, SBE 43 [umol/l]
# name 17 = sbox0dV/dT: Oxygen, SBE 43 [dov/dt]
# name 18 = oxsolML/L: Oxygen Saturation, Garcia & Gordon [ml/l]
# name 19 = oxsolMg/L: Oxygen Saturation, Garcia & Gordon [mg/l]
# name 20 = oxsolMm/Kg: Oxygen Saturation, Garcia & Gordon [umol/kg]
# name 21 = n2satMg/L: Nitrogen Saturation [mg/l]
# name 22 = par: PAR/Irradiance, Biospherical/Licor
# name 23 = wetStar: Fluorescence, WET Labs WETstar [mg/m^3]
# name 24 = CStarAt0: Beam Attenuation, WET Labs C-Star [1/m]
# name 25 = CStarTr0: Beam Transmission, WET Labs C-Star [%]
# name 26 = flag: flag
# span 0 =        245,        770       
# span 1 = 315.612224, 315.613741       
# span 2 =    0.01698,    0.05337       
# span 3 =     1.0187,     3.2030       
# span 4 =     61.121,    192.175       
# span 5 =      1.011,     92.758       
# span 6 =  47429.740,  48673.454       
# span 7 =    29.7278,    30.7806       
# span 8 =     7.5817,     9.2148       
# span 9 =      1.000,     92.000       
# span 10 =     7.6109,     9.2064      
# span 11 =    23.1831,    23.7846      
# span 12 =     5.5114,     6.0748      
# span 13 =     7.8764,     8.6816      
# span 14 =     83.488,     88.813      
# span 15 =    240.422,    265.156      
# span 16 =    246.140,    271.303      
# span 17 =   -0.01060,    0.01823      
# span 18 =    6.60126,    6.89583      
# span 19 =    9.43386,    9.85482      
# span 20 =  287.96304,  300.98483      
# span 21 =   14.90823,   15.53426      
# span 22 = 3.6735e-02, 8.6388e+00      
# span 23 =     0.1967,     0.7276      
# span 24 =     0.3028,     1.8576      
# span 25 =    63.4151,    92.7107      
# span 26 = 0.0000e+00, 0.0000e+00      
# interval = meters: 1                  
# start_time = Nov 10 2016 14:40:35 [Instrument's time stamp, header]
# bad_flag = -9.990e-29
*END*
[from data line 54]
        571 315.613164    0.03955     2.3731    142.387     55.524  48509.425    30.6757     9.1728     55.000     9.1680    23.7086     5.5963     7.9977     84.640    244.142    249.931   -0.00097    6.61187    9.44901  288.44712   14.93179 3.7267e-02     0.2376     0.6042    85.9800 0.0000e+00
        577 315.613184    0.04002     2.4012    144.072     56.542  48515.285    30.6799     9.1765     56.000     9.1714    23.7113     5.6001     8.0031     84.707    244.308    250.102   -0.00016    6.61115    9.44800  288.41532   14.93025 3.7241e-02     0.2418     0.5934    86.2135 0.0000e+00
        583 315.613199    0.04039     2.4231    145.385     57.541  48518.031    30.6816     9.1783     57.000     9.1729    23.7124     5.5961     7.9973     84.650    244.131    249.921   -0.00049    6.61081    9.44750  288.39981   14.92950 3.7232e-02     0.2400     0.6038    85.9907 0.0000e+00
        589 315.613218    0.04083     2.4500    146.998     58.559  48517.233    30.6808     9.1791     58.000     9.1735    23.7116     5.5880     7.9858     84.529    243.779    249.559   -0.00153    6.61072    9.44738  288.39629   14.92934 3.6956e-02     0.2313     0.6020    86.0271 0.0000e+00
        595 315.613235    0.04124     2.4746    148.478     59.564  48519.754    30.6823     9.1807     59.000     9.1750    23.7126     5.5941     7.9945     84.626    244.046    249.833   -0.00015    6.61042    9.44695  288.38318   14.92871 3.6978e-02     0.2415     0.5973    86.1291 0.0000e+00
        602 315.613254    0.04173     2.5033    150.197     60.595  48523.374    30.6846     9.1821     60.000     9.1765    23.7142     5.5972     7.9990     84.676    244.180    249.971    0.00029    6.61012    9.44652  288.36948   14.92804 3.6927e-02     0.2537     0.6017    86.0342 0.0000e+00
        606 315.613268    0.04204     2.5224    151.340     61.577  48528.589    30.6880     9.1833     61.000     9.1781    23.7166     5.5968     7.9984     84.675    244.164    249.955    0.00013    6.60979    9.44605  288.35432   14.92730 3.7527e-02     0.2232     0.6169    85.7090 0.0000e+00
        613 315.613288    0.04252     2.5511    153.065     62.594  48541.018    30.6965     9.1853     62.000     9.1820    23.7231     5.5874     7.9849     84.540    243.748    249.531   -0.00130    6.60914    9.44512  288.32434   14.92583 3.7456e-02     0.2339     0.6212    85.6148 0.0000e+00
        619 315.613303    0.04289     2.5732    154.391     63.601  48555.960    30.7075     9.1923     63.000     9.1870    23.7307     5.5807     7.9753     84.458    243.454    249.232   -0.00178    6.60765    9.44299  288.25690   14.92257 3.6895e-02     0.2226     0.6364    85.2907 0.0000e+00
        625 315.613322    0.04333     2.6001    156.008     64.614  48561.036    30.7111     9.1955     64.000     9.1893    23.7329     5.5689     7.9585     84.287    242.941    248.706   -0.00238    6.60702    9.44210  288.22913   14.92123 3.6944e-02     0.2250     0.6429    85.1521 0.0000e+00
        631 315.613339    0.04375     2.6250    157.501     65.626  48566.255    30.7145     9.1970     65.000     9.1908    23.7354     5.5605     7.9465     84.166    242.575    248.333   -0.00246    6.60665    9.44156  288.21193   14.92039 3.6902e-02     0.2051     0.6561    84.8727 0.0000e+00
        636 315.613354    0.04411     2.6462    158.772     66.621  48571.949    30.7183     9.1983     66.000     9.1922    23.7381     5.5573     7.9419     84.120    242.432    248.186   -0.00210    6.60630    9.44106  288.19596   14.91961 3.7146e-02     0.2029     0.6707    84.5626 0.0000e+00
        645 315.613379    0.04470     2.6820    160.921     67.667  48575.799    30.7207     9.1995     67.000     9.1935    23.7399     5.5610     7.9472     84.180    242.594    248.353   -0.00036    6.60603    9.44067  288.18377   14.91902 3.6855e-02     0.2167     0.6808    84.3494 0.0000e+00
        650 315.613393    0.04505     2.7030    162.181     68.644  48582.954    30.7256     9.2015     68.000     9.1954    23.7434     5.5607     7.9468     84.183    242.580    248.339   -0.00046    6.60552    9.43994  288.16050   14.91788 3.7083e-02     0.2362     0.6971    84.0069 0.0000e+00
        656 315.613412    0.04549     2.7295    163.770     69.653  48583.620    30.7258     9.2032     69.000     9.1964    23.7433     5.5522     7.9346     84.057    242.208    247.959   -0.00163    6.60526    9.43958  288.14933   14.91735 3.7017e-02     0.2241     0.7086    83.7654 0.0000e+00
        662 315.613430    0.04592     2.7552    165.310     70.676  48586.613    30.7277     9.2043     70.000     9.1974    23.7446     5.5535     7.9365     84.080    242.267    248.020   -0.00092    6.60502    9.43923  288.13827   14.91681 3.6890e-02     0.2148     0.6924    84.1049 0.0000e+00
        668 315.613445    0.04630     2.7778    166.669     71.682  48586.736    30.7274     9.2053     71.000     9.1982    23.7443     5.5512     7.9333     84.047    242.168    247.918   -0.00086    6.60488    9.43904  288.13250   14.91654 3.6907e-02     0.2191     0.7107    83.7212 0.0000e+00
        673 315.613462    0.04669     2.8011    168.066     72.693  48590.697    30.7299     9.2062     72.000     9.1990    23.7461     5.5517     7.9340     84.058    242.190    247.940   -0.00054    6.60465    9.43871  288.12203   14.91604 3.7008e-02     0.2163     0.7156    83.6192 0.0000e+00
        678 315.613475    0.04702     2.8214    169.286     73.704  48596.415    30.7336     9.2071     73.000     9.1998    23.7489     5.5520     7.9343     84.065    242.197    247.949   -0.00024    6.60435    9.43828  288.10820   14.91536 3.7025e-02     0.2488     0.7399    83.1126 0.0000e+00
        683 315.613489    0.04735     2.8412    170.472     74.708  48605.708    30.7398     9.2080     74.000     9.2009    23.7537     5.5459     7.9257     83.979    241.935    247.682   -0.00109    6.60396    9.43772  288.08970   14.91445 3.7028e-02     0.2075     0.7669    82.5539 0.0000e+00
        688 315.613505    0.04773     2.8636    171.817     75.729  48619.393    30.7493     9.2100     75.000     9.2032    23.7607     5.5473     7.9277     84.009    241.995    247.745   -0.00049    6.60327    9.43674  288.05773   14.91288 3.6961e-02     0.2123     0.7743    82.4008 0.0000e+00
        692 315.613517    0.04802     2.8812    172.869     76.721  48626.457    30.7541     9.2120     76.000     9.2046    23.7642     5.5444     7.9235     83.971    241.865    247.613   -0.00070    6.60277    9.43602  288.03476   14.91176 3.7050e-02     0.2150     0.7963    81.9501 0.0000e+00
        699 315.613535    0.04844     2.9063    174.381     77.760  48632.121    30.7578     9.2133     77.000     9.2054    23.7669     5.5450     7.9243     83.984    241.891    247.639   -0.00030    6.60243    9.43552  288.01887   14.91099 3.6735e-02     0.1967     0.7967    81.9415 0.0000e+00
        702 315.613544    0.04867     2.9202    175.212     78.735  48636.727    30.7606     9.2136     78.000     9.2057    23.7691     5.5408     7.9185     83.924    241.709    247.454   -0.00089    6.60225    9.43528  288.01079   14.91059 3.7164e-02     0.2012     0.8594    80.6674 0.0000e+00
        707 315.613560    0.04904     2.9425    176.550     79.761  48640.635    30.7630     9.2142     79.000     9.2060    23.7709     5.5342     7.9090     83.825    241.419    247.158   -0.00148    6.60207    9.43502  288.00241   14.91018 3.6997e-02     0.2004     0.8321    81.2183 0.0000e+00
        713 315.613576    0.04943     2.9658    177.946     80.783  48647.112    30.7672     9.2146     80.000     9.2063    23.7741     5.5282     7.9004     83.737    241.157    246.889   -0.00175    6.60184    9.43468  287.99125   14.90963 3.6971e-02     0.2115     0.8347    81.1669 0.0000e+00
        716 315.613586    0.04967     2.9802    178.811     81.770  48649.142    30.7682     9.2147     81.000     9.2064    23.7749     5.5263     7.8976     83.709    241.072    246.804   -0.00160    6.60177    9.43458  287.98802   14.90948 3.7324e-02     0.2264     0.8604    80.6455 0.0000e+00
        721 315.613600    0.05002     3.0009    180.055     82.795  48651.001    30.7691     9.2148     82.000     9.2062    23.7756     5.5287     7.9010     83.746    241.177    246.911   -0.00078    6.60172    9.43451  287.98549   14.90934 3.6950e-02     0.2202     0.8378    81.1036 0.0000e+00
        726 315.613615    0.05037     3.0220    181.322     83.800  48653.365    30.7703     9.2145     83.000     9.2057    23.7766     5.5340     7.9088     83.828    241.412    247.152    0.00023    6.60170    9.43449  287.98479   14.90931 3.7035e-02     0.2191     0.8390    81.0792 0.0000e+00
        731 315.613629    0.05070     3.0422    182.535     84.816  48656.477    30.7720     9.2142     84.000     9.2053    23.7780     5.5301     7.9031     83.768    241.238    246.974   -0.00042    6.60168    9.43447  287.98355   14.90924 3.7154e-02     0.2478     0.8514    80.8266 0.0000e+00
        735 315.613641    0.05100     3.0600    183.597     85.813  48659.317    30.7735     9.2140     85.000     9.2051    23.7792     5.5291     7.9017     83.754    241.196    246.931   -0.00067    6.60165    9.43441  287.98150   14.90914 3.7236e-02     0.2429     0.8693    80.4678 0.0000e+00
        741 315.613657    0.05138     3.0826    184.958     86.832  48661.225    30.7744     9.2140     86.000     9.2050    23.7800     5.5322     7.9060     83.800    241.326    247.065    0.00003    6.60162    9.43437  287.98000   14.90907 3.7044e-02     0.2344     0.8677    80.4998 0.0000e+00
        746 315.613671    0.05171     3.1025    186.153     87.847  48662.455    30.7748     9.2141     87.000     9.2050    23.7803     5.5263     7.8975     83.711    241.070    246.803   -0.00079    6.60158    9.43431  287.97814   14.90898 3.6802e-02     0.2210     0.8905    80.0413 0.0000e+00
        749 315.613682    0.05196     3.1180    187.082     88.847  48665.736    30.7767     9.2141     88.000     9.2050    23.7818     5.5192     7.8875     83.605    240.762    246.487   -0.00177    6.60149    9.43419  287.97412   14.90878 3.7187e-02     0.2328     0.9578    78.7090 0.0000e+00
        755 315.613699    0.05239     3.1434    188.606     89.861  48667.614    30.7776     9.2140     89.000     9.2048    23.7825     5.5117     7.8768     83.492    240.434    246.152   -0.00196    6.60147    9.43415  287.97280   14.90871 3.7183e-02     0.2255     1.0062    77.7610 0.0000e+00
        760 315.613713    0.05274     3.1643    189.860     90.877  48669.836    30.7788     9.2143     90.000     9.2049    23.7834     5.5114     7.8764     83.488    240.422    246.140   -0.00133    6.60138    9.43404  287.96899   14.90852 3.7438e-02     0.2430     1.0718    76.4966 0.0000e+00
        764 315.613724    0.05299     3.1791    190.748     91.865  48670.660    30.7789     9.2144     91.000     9.2050    23.7835     5.5151     7.8816     83.545    240.581    246.303   -0.00056    6.60135    9.43398  287.96727   14.90844 3.7455e-02     0.2146     1.1207    75.5649 0.0000e+00
        770 315.613741    0.05337     3.2030    192.175     92.758  48673.454    30.7806     9.2147     92.000 -9.990e-29    23.7846     5.5125     7.8778     83.505    240.467    246.187   -0.00036    6.60126    9.43386  287.96304   14.90823 3.9798e-02     0.2290     1.1219    75.5412 0.0000e+00
