CTD-processing/allCTD/CNV/2016_02-09_t9_s05_cast091_5028.cnv
* Sea-Bird SBE19plus Data File:
* FileName = C:\Users\Kris.Holderied\Documents\kasitsna\Research-KBL\Oceanography-AK\CTD-Data-ALL-to-2016-02\2016-CTD-KachemakBay-CookInlet\2016-02-CookInlet-quarterly\2016-02-09-CookInlet-Tran9-HomerSpit\2016-02-09-CookInlet-Tran9-cast091.hex
* Software Version 1.59
* Temperature SN =  5028
* Conductivity SN =  5028
* System UpLoad Time = Feb 13 2016 19:09:32
** Cook Inlet LTM Tran9 Homer Spit south to north

** Date: 02-09
** Station: 9-05
** Start time (AKST): 14:19
** Depth (m): 98
** Comment:  R/V Pandalus
** Comment:
# nquan = 27
# nvalues = 98                          
# units = specified
# name 0 = scan: Scan Count
# name 1 = timeJ: Julian Days
# name 2 = timeH: Time, Elapsed [hours]
# name 3 = timeM: Time, Elapsed [minutes]
# name 4 = timeS: Time, Elapsed [seconds]
# name 5 = prdM: Pressure, Strain Gauge [db]
# name 6 = specc: Specific Conductance [uS/cm]
# name 7 = sal00: Salinity, Practical [PSU]
# name 8 = tv290C: Temperature [ITS-90, deg C]
# name 9 = depSM: Depth [salt water, m], lat = 59.00
# name 10 = potemp090C: Potential Temperature [ITS-90, deg C]
# name 11 = sigma-é00: Density [sigma-theta, kg/m^3]
# name 12 = sbeox0ML/L: Oxygen, SBE 43 [ml/l]
# name 13 = sbeox0Mg/L: Oxygen, SBE 43 [mg/l]
# name 14 = sbeox0PS: Oxygen, SBE 43 [% saturation]
# name 15 = sbox0Mm/Kg: Oxygen, SBE 43 [umol/kg]
# name 16 = sbeox0Mm/L: Oxygen, SBE 43 [umol/l]
# name 17 = sbox0dV/dT: Oxygen, SBE 43 [dov/dt]
# name 18 = oxsolML/L: Oxygen Saturation, Garcia & Gordon [ml/l]
# name 19 = oxsolMg/L: Oxygen Saturation, Garcia & Gordon [mg/l]
# name 20 = oxsolMm/Kg: Oxygen Saturation, Garcia & Gordon [umol/kg]
# name 21 = potemp090C: Potential Temperature [ITS-90, deg C]
# name 22 = n2satMg/L: Nitrogen Saturation [mg/l]
# name 23 = par: PAR/Irradiance, Biospherical/Licor
# name 24 = flECO-AFL: Fluorescence, WET Labs ECO-AFL/FL [mg/m^3]
# name 25 = turbWETntu0: Turbidity, WET Labs ECO [NTU]
# name 26 = flag: flag
# span 0 =        170,        594       
# span 1 =  40.597169,  40.598393       
# span 2 =    0.01177,    0.04117       
# span 3 =     0.7061,     2.4705       
# span 4 =     42.365,    148.229       
# span 5 =      1.009,     98.947       
# span 6 =  48154.272,  50207.805       
# span 7 =    29.8587,    31.3754       
# span 8 =     5.3196,     6.2901       
# span 9 =      1.000,     98.000       
# span 10 =     5.3528,     6.2835      
# span 11 =    23.5688,    24.6556      
# span 12 =     6.2518,     6.4192      
# span 13 =     8.9344,     9.1737      
# span 14 =     86.039,     90.347      
# span 15 =    272.795,    279.855      
# span 16 =    279.206,    286.682      
# span 17 =   -0.00175,    0.00495      
# span 18 =    7.02900,    7.26718      
# span 19 =   10.04513,   10.38552      
# span 20 =  306.36139,  317.10456      
# span 21 =     5.3195,     6.2835      
# span 22 =   15.78386,   16.30171      
# span 23 = 3.7977e-02, 1.3339e+02      
# span 24 =    -0.2093,     3.9782      
# span 25 =     0.7321,     3.5027      
# span 26 = 0.0000e+00, 0.0000e+00      
# interval = meters: 1                  
# start_time = Feb 09 2016 14:19:13 [Instrument's time stamp, header]
# bad_flag = -9.990e-29
*END*
        170  40.597169    0.01177     0.7061     42.365      1.009  48154.272    29.8587     5.3196      1.000     5.3528    23.5688     6.2518     8.9344     86.039    272.795    279.206    0.00216    7.26718   10.38552  317.10456     5.3195   16.30171 1.3339e+02     3.9782     3.5027 0.0000e+00
        356  40.597704    0.02462     1.4773     88.637      2.019  49588.877    30.8099     5.3639      2.000     5.3927    24.3156     6.4175     9.1713     88.991    279.802    286.606    0.00438    7.21120   10.30553  314.40479     5.3638   16.16928 9.0492e+01    -0.2093     1.4723 0.0000e+00
        343  40.597667    0.02372     1.4234     85.404      3.028  49644.674    30.8581     5.3983      3.000     5.4196    24.3500     6.4079     9.1575     88.959    279.372    286.175    0.00454    7.20319   10.29407  314.04727     5.3981   16.15206 5.7703e+01     0.1741     1.7933 0.0000e+00
        345  40.597674    0.02388     1.4328     85.969      4.038  49689.728    30.8933     5.4219      4.000     5.4411    24.3752     6.4162     9.1694     89.145    279.729    286.547    0.00495    7.19746   10.28588  313.78986     5.4216   16.13966 3.8842e+01     0.2091     1.8503 0.0000e+00
        347  40.597680    0.02405     1.4427     86.563      5.047  49726.062    30.9224     5.4452      5.000     5.4698    24.3957     6.4192     9.1737     89.254    279.855    286.682    0.00484    7.19206   10.27818  313.54844     5.4448   16.12805 2.6337e+01     0.2313     1.8515 0.0000e+00
        350  40.597687    0.02422     1.4527     87.161      6.057  49766.355    30.9557     5.4751      6.000     5.5111    24.4186     6.4156     9.1685     89.287    279.691    286.521    0.00420    7.18537   10.26862  313.24968     5.4746   16.11369 1.8366e+01     0.2338     1.7814 0.0000e+00
        352  40.597694    0.02438     1.4624     87.746      7.066  49796.591    30.9848     5.5193      7.000     5.5598    24.4367     6.4093     9.1596     89.311    279.412    286.240    0.00360    7.17644   10.25586  312.85481     5.5187   16.09477 1.3506e+01     0.2377     1.6651 0.0000e+00
        354  40.597701    0.02453     1.4720     88.324      8.076  49819.395    31.0095     5.5667      8.000     5.6077    24.4509     6.4058     9.1544     89.376    279.252    286.080    0.00332    7.16720   10.24264  312.44749     5.5660   16.07527 1.0057e+01     0.2451     1.5290 0.0000e+00
        357  40.597707    0.02470     1.4819     88.911      9.086  49863.316    31.0490     5.6157      9.000     5.6599    24.4766     6.4063     9.1552     89.511    279.270    286.105    0.00347    7.15699   10.22805  311.99467     5.6150   16.05355 7.5786e+00     0.2477     1.4128 0.0000e+00
        359  40.597714    0.02487     1.4921     89.525     10.094  49885.219    31.0743     5.6697     10.000     5.7037    24.4905     6.4088     9.1588     89.676    279.373    286.215    0.00383    7.14662   10.21324  311.53846     5.6689   16.03172 5.9251e+00     0.2458     1.3194 0.0000e+00
        362  40.597722    0.02504     1.5027     90.160     11.104  49886.982    31.0836     5.7127     11.000     5.7317    24.4929     6.4085     9.1583     89.768    279.360    286.202    0.00383    7.13890   10.20221  311.20140     5.7118   16.01563 4.6914e+00     0.2382     1.2497 0.0000e+00
        364  40.597729    0.02522     1.5133     90.797     12.114  49883.435    31.0851     5.7359     12.000     5.7434    24.4915     6.3997     9.1459     89.696    278.978    285.811    0.00282    7.13491   10.19650  311.02764     5.7350   16.00734 3.7649e+00     0.2244     1.2158 0.0000e+00
        367  40.597736    0.02540     1.5236     91.416     13.124  49879.145    31.0837     5.7458     13.000     5.7463    24.4892     6.3882     9.1294     89.555    278.478    285.297    0.00147    7.13331   10.19422  310.95879     5.7448   16.00407 3.0135e+00     0.2101     1.2027 0.0000e+00
        369  40.597743    0.02556     1.5336     92.014     14.132  49878.350    31.0829     5.7470     14.000     5.7445    24.4884     6.3801     9.1178     89.443    278.122    284.934    0.00045    7.13314   10.19397  310.95138     5.7459   16.00372 2.4226e+00     0.2070     1.2057 0.0000e+00
        371  40.597750    0.02572     1.5435     92.607     15.142  49883.026    31.0853     5.7453     15.000     5.7434    24.4905     6.3744     9.1095     89.360    277.872    284.677   -0.00018    7.13332   10.19423  310.95853     5.7441   16.00405 1.9448e+00     0.2079     1.2067 0.0000e+00
        374  40.597757    0.02589     1.5535     93.212     16.152  49894.164    31.0925     5.7450     16.000     5.7462    24.4962     6.3693     9.1024     89.294    277.655    284.456   -0.00061    7.13303   10.19381  310.94400     5.7438   16.00333 1.5660e+00     0.2109     1.2007 0.0000e+00
        376  40.597764    0.02606     1.5640     93.837     17.161  49903.667    31.0992     5.7483     17.000     5.7512    24.5011     6.3660     9.0976     89.258    277.505    284.305   -0.00083    7.13215   10.19256  310.90439     5.7470   16.00142 1.2556e+00     0.2083     1.1875 0.0000e+00
        379  40.597772    0.02625     1.5748     94.485     18.171  49916.747    31.1089     5.7542     18.000     5.7606    24.5081     6.3656     9.0970     89.270    277.486    284.287   -0.00072    7.13071   10.19049  310.83934     5.7528   15.99828 1.0127e+00     0.2020     1.1743 0.0000e+00
        382  40.597780    0.02643     1.5857     95.145     19.180  49947.476    31.1318     5.7652     19.000     5.7831    24.5249     6.3691     9.1022     89.357    277.637    284.447   -0.00021    7.12775   10.18627  310.70539     5.7638   15.99181 8.1840e-01     0.1948     1.1700 0.0000e+00
        384  40.597787    0.02661     1.5966     95.796     20.189  49971.857    31.1533     5.7920     20.000     5.8157    24.5388     6.3719     9.1061     89.466    277.755    284.571    0.00042    7.12224   10.17839  310.46076     5.7904   15.98006 6.6689e-01     0.1911     1.1619 0.0000e+00
        387  40.597794    0.02679     1.6072     96.430     21.199  49972.754    31.1596     5.8239     21.000     5.8438    24.5401     6.3754     9.1111     89.586    277.906    284.725    0.00099    7.11657   10.17029  310.21324     5.8223   15.96825 5.4364e-01     0.1884     1.1531 0.0000e+00
        389  40.597802    0.02696     1.6175     97.048     22.209  49963.717    31.1580     5.8494     22.000     5.8622    24.5358     6.3781     9.1149     89.676    278.024    284.845    0.00133    7.11236   10.16428  310.03129     5.8477   15.95959 4.4575e-01     0.1825     1.1591 0.0000e+00
        392  40.597809    0.02713     1.6278     97.666     23.219  49949.736    31.1512     5.8667     23.000     5.8703    24.5285     6.3784     9.1155     89.714    278.042    284.862    0.00136    7.10978   10.16057  309.92057     5.8650   15.95434 3.6491e-01     0.1767     1.1549 0.0000e+00
        394  40.597816    0.02730     1.6383     98.300     24.228  49934.287    31.1411     5.8720     24.000     5.8680    24.5199     6.3749     9.1105     89.670    277.895    284.708    0.00086    7.10937   10.16000  309.90561     5.8701   15.95367 3.0081e-01     0.1709     1.1340 0.0000e+00
        397  40.597824    0.02749     1.6494     98.962     25.238  49932.903    31.1391     5.8688     25.000     5.8649    24.5186     6.3696     9.1028     89.587    277.659    284.466    0.00016    7.11001   10.16092  309.93392     5.8668   15.95503 2.4976e-01     0.1691     1.1225 0.0000e+00
        400  40.597832    0.02768     1.6608     99.651     26.247  49940.173    31.1431     5.8665     26.000     5.8663    24.5221     6.3649     9.0960     89.517    277.451    284.255   -0.00038    7.11019   10.16118  309.94093     5.8644   15.95535 2.0711e-01     0.1707     1.1199 0.0000e+00
        402  40.597840    0.02787     1.6723    100.339     27.257  49953.288    31.1524     5.8699     27.000     5.8752    24.5291     6.3631     9.0935     89.505    277.371    284.176   -0.00050    7.10919   10.15974  309.89499     5.8678   15.95312 1.7325e-01     0.1776     1.1267 0.0000e+00
        405  40.597847    0.02805     1.6830    100.980     28.266  49969.043    31.1650     5.8812     28.000     5.8905    24.5377     6.3646     9.0956     89.558    277.436    284.244   -0.00021    7.10670   10.15619  309.78402     5.8790   15.94778 1.4706e-01     0.1700     1.1278 0.0000e+00
        407  40.597854    0.02822     1.6932    101.589     29.275  49970.156    31.1679     5.8953     29.000     5.9015    24.5384     6.3675     9.0998     89.631    277.563    284.375    0.00019    7.10420   10.15262  309.67475     5.8930   15.94257 1.2532e-01     0.1558     1.1264 0.0000e+00
        410  40.597861    0.02839     1.7033    102.198     30.285  49968.374    31.1682     5.9052     30.000     5.9083    24.5375     6.3696     9.1027     89.681    277.652    284.465    0.00043    7.10253   10.15022  309.60192     5.9028   15.93910 1.0800e-01     0.1528     1.1253 0.0000e+00
        412  40.597868    0.02856     1.7140    102.837     31.295  49967.935    31.1687     5.9121     31.000     5.9134    24.5371     6.3694     9.1025     89.693    277.645    284.458    0.00041    7.10136   10.14855  309.55102     5.9096   15.93667 9.3818e-02     0.1601     1.1183 0.0000e+00
        415  40.597876    0.02876     1.7254    103.525     32.304  49970.060    31.1707     5.9171     32.000     5.9186    24.5381     6.3674     9.0996     89.676    277.556    284.366    0.00017    7.10041   10.14719  309.50937     5.9147   15.93467 8.2808e-02     0.1742     1.1021 0.0000e+00
        418  40.597885    0.02896     1.7373    104.235     33.314  49978.468    31.1773     5.9234     33.000     5.9276    24.5425     6.3654     9.0969     89.667    277.472    284.281    0.00001    7.09905   10.14525  309.44887     5.9208   15.93176 7.4318e-02     0.1645     1.1030 0.0000e+00
        421  40.597893    0.02914     1.7485    104.909     34.323  49982.024    31.1811     5.9329     34.000     5.9364    24.5444     6.3642     9.0951     89.671    277.416    284.224   -0.00004    7.09729   10.14273  309.37147     5.9302   15.92806 6.7558e-02     0.1556     1.1102 0.0000e+00
        423  40.597899    0.02931     1.7588    105.528     35.333  49979.106    31.1800     5.9402     35.000     5.9413    24.5428     6.3642     9.0951     89.686    277.417    284.226   -0.00002    7.09613   10.14107  309.32127     5.9374   15.92568 6.2334e-02     0.1586     1.1149 0.0000e+00
        426  40.597907    0.02948     1.7689    106.134     36.343  49981.857    31.1823     5.9449     36.000     5.9466    24.5440     6.3648     9.0959     89.706    277.443    284.252    0.00004    7.09522   10.13979  309.28167     5.9420   15.92379 5.8056e-02     0.1607     1.1077 0.0000e+00
        428  40.597914    0.02965     1.7794    106.761     37.353  49986.231    31.1860     5.9509     37.000     5.9536    24.5463     6.3652     9.0966     89.726    277.461    284.272    0.00009    7.09405   10.13811  309.22998     5.9479   15.92130 5.4684e-02     0.1643     1.0971 0.0000e+00
        431  40.597922    0.02984     1.7905    107.430     38.362  49994.812    31.1931     5.9591     38.000     5.9646    24.5509     6.3660     9.0976     89.758    277.492    284.304    0.00018    7.09233   10.13565  309.15363     5.9561   15.91764 5.2076e-02     0.1697     1.0869 0.0000e+00
        433  40.597929    0.03003     1.8020    108.121     39.371  50005.562    31.2023     5.9712     39.000     5.9800    24.5568     6.3666     9.0985     89.799    277.518    284.333    0.00032    7.08989   10.13215  309.04507     5.9681   15.91243 4.9915e-02     0.1666     1.0553 0.0000e+00
        436  40.597938    0.03022     1.8133    108.798     40.382  50012.647    31.2099     5.9875     40.000     5.9965    24.5608     6.3668     9.0988     89.841    277.527    284.342    0.00045    7.08681   10.12775  308.90966     5.9844   15.90594 4.8177e-02     0.1591     1.0142 0.0000e+00
        439  40.597945    0.03040     1.8240    109.438     41.391  50012.487    31.2121     6.0024     41.000     6.0095    24.5608     6.3670     9.0990     89.875    277.532    284.349    0.00053    7.08422   10.12406  308.79687     5.9992   15.90056 4.6799e-02     0.1553     0.9874 0.0000e+00
        441  40.597952    0.03057     1.8343    110.062     42.400  50018.066    31.2180     6.0154     42.000     6.0231    24.5640     6.3650     9.0962     89.878    277.445    284.261    0.00044    7.08178   10.12057  308.68951     6.0121   15.89542 4.5602e-02     0.1586     0.9782 0.0000e+00
        444  40.597959    0.03074     1.8448    110.689     43.410  50022.269    31.2231     6.0293     43.000     6.0364    24.5664     6.3630     9.0934     89.882    277.357    284.171    0.00029    7.07924   10.11693  308.57787     6.0258   15.89009 4.4592e-02     0.1654     0.9681 0.0000e+00
        446  40.597967    0.03092     1.8556    111.333     44.419  50025.987    31.2278     6.0430     44.000     6.0493    24.5684     6.3619     9.0918     89.898    277.308    284.121    0.00027    7.07674   10.11337  308.46865     6.0394   15.88486 4.3843e-02     0.1704     0.9346 0.0000e+00
        449  40.597975    0.03111     1.8666    111.997     45.430  50031.786    31.2339     6.0561     45.000     6.0625    24.5717     6.3601     9.0892     89.905    277.230    284.041    0.00024    7.07427   10.10984  308.35986     6.0525   15.87965 4.3294e-02     0.1662     0.8916 0.0000e+00
        452  40.597982    0.03130     1.8778    112.667     46.439  50041.613    31.2429     6.0698     46.000     6.0765    24.5771     6.3568     9.0847     89.893    277.089    283.899    0.00006    7.07158   10.10600  308.24117     6.0660   15.87396 4.2836e-02     0.1580     0.8475 0.0000e+00
        454  40.597990    0.03148     1.8888    113.329     47.449  50048.049    31.2494     6.0832     47.000     6.0872    24.5806     6.3555     9.0828     89.907    277.029    283.838    0.00003    7.06904   10.10235  308.12893     6.0795   15.86859 4.2485e-02     0.1648     0.8184 0.0000e+00
        457  40.597998    0.03166     1.8997    113.980     48.458  50052.648    31.2539     6.0926     48.000     6.0939    24.5831     6.3568     9.0845     89.947    277.082    283.893    0.00020    7.06727   10.09983  308.05127     6.0888   15.86487 4.2193e-02     0.1591     0.7928 0.0000e+00
        460  40.598005    0.03185     1.9106    114.637     49.469  50055.422    31.2567     6.0993     49.000     6.0986    24.5844     6.3559     9.0832     89.950    277.041    283.852    0.00018    7.06602   10.09805  307.99658     6.0954   15.86226 4.1867e-02     0.1447     0.7730 0.0000e+00
        462  40.598013    0.03203     1.9219    115.311     50.478  50056.996    31.2581     6.1036     50.000     6.1016    24.5851     6.3540     9.0805     89.933    276.960    283.769   -0.00003    7.06525   10.09695  307.96278     6.0995   15.86064 4.1586e-02     0.1447     0.7846 0.0000e+00
        465  40.598021    0.03222     1.9333    115.996     51.488  50060.457    31.2605     6.1064     51.000     6.1041    24.5867     6.3526     9.0786     89.921    276.901    283.709   -0.00017    7.06468   10.09613  307.93733     6.1023   15.85942 4.1324e-02     0.1490     0.8113 0.0000e+00
        468  40.598029    0.03241     1.9446    116.676     52.497  50064.427    31.2633     6.1090     52.000     6.1066    24.5886     6.3523     9.0781     89.923    276.886    283.694   -0.00019    7.06412   10.09532  307.91216     6.1048   15.85821 4.1117e-02     0.1480     0.8325 0.0000e+00
        470  40.598036    0.03260     1.9558    117.350     53.508  50066.264    31.2646     6.1115     53.000     6.1084    24.5893     6.3513     9.0767     89.915    276.842    283.650   -0.00025    7.06364   10.09465  307.89147     6.1072   15.85722 4.0962e-02     0.1375     0.8315 0.0000e+00
