CTD-processing/allCTD/CNV/2016_04-11_t4_s07_cast217_5028.cnv
* Sea-Bird SBE19plus Data File:
* FileName = C:\Users\Kris.Holderied\Documents\kasitsna\Research-KBL\Oceanography-AK\CTD-Data-ALL-to-2016-02\2016-CTD-KachemakBay-CookInlet\2016-04-CookInlet-quarterly\2016-04-11-CookInlet-Tran4-Barabara\2016-04-11-CookInlet-Tran4-cast217.hex
* Software Version 1.59
* Temperature SN =  5028
* Conductivity SN =  5028
* System UpLoad Time = May 12 2016 11:39:55
** Cook Inlet LTM Tran4 Barabara south to north
** Date (YYYY-MM-DD): 2016-04-11
** Station (ie. 9-01): 4-07
** Start time (AKST): 14:40
** Depth (m): 32
** Comment:  R/V Pandalus.
** Comment:
# nquan = 27
# nvalues = 33                          
# units = specified
# name 0 = scan: Scan Count
# name 1 = timeJ: Julian Days
# name 2 = timeH: Time, Elapsed [hours]
# name 3 = timeM: Time, Elapsed [minutes]
# name 4 = timeS: Time, Elapsed [seconds]
# name 5 = prdM: Pressure, Strain Gauge [db]
# name 6 = specc: Specific Conductance [uS/cm]
# name 7 = sal00: Salinity, Practical [PSU]
# name 8 = tv290C: Temperature [ITS-90, deg C]
# name 9 = depSM: Depth [salt water, m], lat = 59.00
# name 10 = potemp090C: Potential Temperature [ITS-90, deg C]
# name 11 = sigma-é00: Density [sigma-theta, kg/m^3]
# name 12 = sbeox0ML/L: Oxygen, SBE 43 [ml/l]
# name 13 = sbeox0Mg/L: Oxygen, SBE 43 [mg/l]
# name 14 = sbeox0PS: Oxygen, SBE 43 [% saturation]
# name 15 = sbox0Mm/Kg: Oxygen, SBE 43 [umol/kg]
# name 16 = sbeox0Mm/L: Oxygen, SBE 43 [umol/l]
# name 17 = sbox0dV/dT: Oxygen, SBE 43 [dov/dt]
# name 18 = oxsolML/L: Oxygen Saturation, Garcia & Gordon [ml/l]
# name 19 = oxsolMg/L: Oxygen Saturation, Garcia & Gordon [mg/l]
# name 20 = oxsolMm/Kg: Oxygen Saturation, Garcia & Gordon [umol/kg]
# name 21 = potemp090C: Potential Temperature [ITS-90, deg C]
# name 22 = n2satMg/L: Nitrogen Saturation [mg/l]
# name 23 = par: PAR/Irradiance, Biospherical/Licor
# name 24 = flECO-AFL: Fluorescence, WET Labs ECO-AFL/FL [mg/m^3]
# name 25 = turbWETntu0: Turbidity, WET Labs ECO [NTU]
# name 26 = flag: flag
# span 0 =        260,        405       
# span 1 = 102.611595, 102.612014       
# span 2 =    0.01800,    0.02807       
# span 3 =     1.0799,     1.6837       
# span 4 =     64.792,    101.025       
# span 5 =      1.010,     33.314       
# span 6 =  49554.112,  49996.587       
# span 7 =    30.9247,    31.2287       
# span 8 =     6.0557,     6.1280       
# span 9 =      1.000,     33.000       
# span 10 =     6.0555,     6.1254      
# span 11 =    24.3271,    24.5590      
# span 12 =     5.5520,     6.6861      
# span 13 =     7.9343,     9.5551      
# span 14 =     78.328,     94.648      
# span 15 =    242.063,    291.449      
# span 16 =    247.951,    298.601      
# span 17 =   -0.00015,    0.04520      
# span 18 =    7.06272,    7.08877      
# span 19 =   10.09334,   10.13056      
# span 20 =  307.86028,  309.06521      
# span 21 =     6.0554,     6.1256      
# span 22 =   15.85587,   15.91452      
# span 23 = 6.6465e-01, 2.4168e+02      
# span 24 =     0.3415,     0.7290      
# span 25 =     0.5774,     0.9386      
# span 26 = 0.0000e+00, 0.0000e+00      
# interval = meters: 1                  
# start_time = Apr 11 2016 14:39:37 [Instrument's time stamp, header]
# bad_flag = -9.990e-29
*END*
        260 102.611595    0.01800     1.0799     64.792      1.010  49555.055    30.9263     6.0596      1.000     6.0580    24.3281     5.5520     7.9343     78.328    242.063    247.951    0.00500    7.08813   10.12964  309.03744     6.0595   15.91319 2.4168e+02     0.3700     0.5774 0.0000e+00
        264 102.611606    0.01827     1.0963     65.780      2.019  49554.112    30.9247     6.0567      2.000     6.0556    24.3271     5.7437     8.2083     81.026    250.421    256.513    0.01760    7.08869   10.13044  309.06214     6.0565   15.91438 1.8266e+02     0.3497     0.5801 0.0000e+00
        268 102.611617    0.01852     1.1114     66.683      3.028  49557.871    30.9266     6.0557      3.000     6.0555    24.3288     6.0261     8.6120     85.010    262.736    269.129    0.03500    7.08877   10.13056  309.06521     6.0554   15.91452 1.4337e+02     0.3415     0.5846 0.0000e+00
        272 102.611628    0.01879     1.1273     67.636      4.037  49570.198    30.9347     6.0560      4.000     6.0565    24.3351     6.2511     8.9335     88.189    272.543    279.176    0.04520    7.08833   10.12993  309.04397     6.0557   15.91348 1.1607e+02     0.3803     0.5831 0.0000e+00
        275 102.611638    0.01904     1.1424     68.541      5.047  49627.668    30.9743     6.0584      5.000     6.0642    24.3662     6.3119     9.0203     89.075    275.184    281.889    0.03972    7.08606   10.12669  308.93590     6.0581   15.90816 9.6452e+01     0.4199     0.5931 0.0000e+00
        279 102.611648    0.01928     1.1563     69.376      6.057  49716.264    31.0374     6.0712      6.000     6.0792    24.4144     6.3600     9.0890     89.818    277.265    284.035    0.03418    7.08098   10.11943  308.69987     6.0707   15.89666 8.0096e+01     0.5107     0.6507 0.0000e+00
        282 102.611658    0.01951     1.1707     70.241      7.066  49759.230    31.0691     6.0845      7.000     6.0874    24.4378     6.4638     9.2374     91.332    281.786    288.672    0.03444    7.07728   10.11413  308.53125     6.0839   15.88849 6.6143e+01     0.6583     0.7372 0.0000e+00
        286 102.611670    0.01980     1.1882     71.293      8.076  49781.340    31.0848     6.0893      8.000     6.0893    24.4497     6.5561     9.3693     92.656    285.807    292.795    0.03271    7.07573   10.11193  308.46059     6.0887   15.88506 5.5626e+01     0.7290     0.8121 0.0000e+00
        291 102.611684    0.02013     1.2077     72.465      9.085  49806.602    31.1023     6.0918      9.000     6.0934    24.4632     6.5719     9.3919     92.895    286.493    293.501    0.02414    7.07450   10.11017  308.40277     6.0911   15.88224 4.6642e+01     0.6870     0.8436 0.0000e+00
        295 102.611695    0.02041     1.2246     73.474     10.094  49824.832    31.1154     6.0971     10.000     6.0995    24.4729     6.5605     9.3756     92.755    285.994    292.993    0.01679    7.07301   10.10803  308.33466     6.0963   15.87894 3.8200e+01     0.6501     0.8739 0.0000e+00
        299 102.611706    0.02068     1.2407     74.444     11.104  49834.175    31.1225     6.1030     11.000     6.1043    24.4778     6.5541     9.3665     92.681    285.713    292.707    0.01193    7.07169   10.10615  308.27569     6.1022   15.87610 3.1287e+01     0.6280     0.8934 0.0000e+00
        303 102.611719    0.02098     1.2587     75.520     12.114  49840.737    31.1274     6.1071     12.000     6.1075    24.4811     6.5558     9.3689     92.717    285.787    292.783    0.00866    7.07078   10.10485  308.23501     6.1062   15.87414 2.5890e+01     0.6068     0.8996 0.0000e+00
        308 102.611732    0.02131     1.2783     76.698     13.124  49843.763    31.1294     6.1095     13.000     6.1087    24.4825     6.5668     9.3846     92.879    286.265    293.273    0.00682    7.07030   10.10416  308.21348     6.1084   15.87311 2.1557e+01     0.5916     0.8856 0.0000e+00
        312 102.611746    0.02163     1.2978     77.867     14.133  49846.303    31.1307     6.1097     14.000     6.1085    24.4836     6.5773     9.3997     93.030    286.725    293.745    0.00549    7.07019   10.10400  308.20843     6.1086   15.87286 1.7905e+01     0.5565     0.8979 0.0000e+00
        317 102.611759    0.02193     1.3162     78.972     15.142  49848.855    31.1319     6.1093     15.000     6.1080    24.4846     6.5888     9.4160     93.191    287.222    294.255    0.00468    7.07019   10.10401  308.20853     6.1082   15.87286 1.4980e+01     0.5488     0.9386 0.0000e+00
        321 102.611771    0.02223     1.3337     80.020     16.152  49851.617    31.1333     6.1091     16.000     6.1077    24.4857     6.5978     9.4290     93.319    287.617    294.659    0.00405    7.07017   10.10398  308.20709     6.1078   15.87279 1.2638e+01     0.5476     0.9265 0.0000e+00
        325 102.611783    0.02252     1.3510     81.059     17.161  49855.963    31.1359     6.1091     17.000     6.1077    24.4877     6.6061     9.4408     93.437    287.976    295.028    0.00351    7.07006   10.10382  308.20169     6.1077   15.87252 1.0617e+01     0.5474     0.9234 0.0000e+00
        330 102.611796    0.02283     1.3694     82.163     18.171  49858.388    31.1371     6.1092     18.000     6.1077    24.4886     6.6142     9.4523     93.554    288.330    295.391    0.00307    7.06998   10.10372  308.19823     6.1077   15.87235 8.9184e+00     0.5615     0.9299 0.0000e+00
        335 102.611810    0.02316     1.3898     83.388     19.180  49859.530    31.1374     6.1093     19.000     6.1078    24.4889     6.6226     9.4643     93.672    288.694    295.764    0.00266    7.06995   10.10366  308.19640     6.1078   15.87226 7.4777e+00     0.5779     0.8921 0.0000e+00
        339 102.611824    0.02349     1.4094     84.564     20.189  49865.080    31.1408     6.1096     20.000     6.1083    24.4915     6.6325     9.4785     93.815    289.125    296.206    0.00256    7.06974   10.10337  308.18675     6.1080   15.87179 6.2163e+00     0.5810     0.8893 0.0000e+00
        344 102.611836    0.02379     1.4271     85.626     21.199  49872.212    31.1455     6.1107     21.000     6.1096    24.4951     6.6378     9.4861     93.896    289.357    296.445    0.00222    7.06934   10.10279  308.16803     6.1090   15.87087 5.1415e+00     0.5648     0.8708 0.0000e+00
        348 102.611849    0.02409     1.4453     86.716     22.209  49876.254    31.1480     6.1116     22.000     6.1098    24.4970     6.6470     9.4993     94.030    289.758    296.857    0.00222    7.06907   10.10241  308.15569     6.1099   15.87027 4.2725e+00     0.5645     0.8446 0.0000e+00
        353 102.611863    0.02444     1.4662     87.971     23.218  49882.855    31.1520     6.1116     23.000     6.1100    24.5002     6.6565     9.5129     94.167    290.172    297.281    0.00220    7.06888   10.10214  308.14647     6.1097   15.86982 3.5739e+00     0.5610     0.8479 0.0000e+00
        358 102.611878    0.02479     1.4874     89.243     24.228  49895.207    31.1605     6.1135     24.000     6.1133    24.5066     6.6601     9.5179     94.226    290.324    297.439    0.00174    7.06817   10.10112  308.11365     6.1115   15.86822 3.0023e+00     0.5437     0.8308 0.0000e+00
        363 102.611891    0.02511     1.5066     90.399     25.237  49901.519    31.1651     6.1175     25.000     6.1163    24.5098     6.6636     9.5229     94.287    290.474    297.594    0.00146    7.06729   10.09987  308.07438     6.1155   15.86633 2.5215e+00     0.5358     0.8184 0.0000e+00
        367 102.611905    0.02544     1.5259     91.556     26.247  49903.921    31.1665     6.1184     26.000     6.1163    24.5108     6.6709     9.5334     94.395    290.796    297.924    0.00153    7.06707   10.09955  308.06436     6.1163   15.86585 2.1231e+00     0.5177     0.8056 0.0000e+00
        372 102.611919    0.02577     1.5462     92.774     27.257  49909.716    31.1701     6.1190     27.000     6.1177    24.5137     6.6747     9.5389     94.452    290.961    298.094    0.00133    7.06682   10.09919  308.05262     6.1167   15.86528 1.7916e+00     0.5254     0.8106 0.0000e+00
        377 102.611934    0.02613     1.5677     94.063     28.266  49919.538    31.1771     6.1228     28.000     6.1227    24.5187     6.6744     9.5383     94.460    290.945    298.078    0.00085    7.06584   10.09779  308.00856     6.1206   15.86315 1.5157e+00     0.5125     0.8032 0.0000e+00
        383 102.611949    0.02650     1.5898     95.390     29.276  49923.602    31.1803     6.1271     29.000     6.1254    24.5207     6.6810     9.5478     94.566    291.234    298.375    0.00104    7.06498   10.09656  307.97032     6.1248   15.86132 1.2895e+00     0.4972     0.7621 0.0000e+00
        388 102.611964    0.02686     1.6118     96.708     30.285  49931.021    31.1851     6.1280     30.000     6.1252    24.5244     6.6849     9.5534     94.625    291.401    298.548    0.00096    7.06461   10.09604  307.95321     6.1256   15.86048 1.0993e+00     0.5099     0.7353 0.0000e+00
        393 102.611979    0.02722     1.6334     98.003     31.295  49953.896    31.2002     6.1267     31.000     6.1236    24.5365     6.6861     9.5551     94.648    291.449    298.601    0.00071    7.06412   10.09534  307.92840     6.1242   15.85924 9.3197e-01     0.4956     0.7464 0.0000e+00
        398 102.611995    0.02759     1.6556     99.336     32.304  49983.933    31.2204     6.1263     32.000     6.1239    24.5525     6.6832     9.5509     94.619    291.319    298.471    0.00026    7.06324   10.09408  307.88515     6.1237   15.85709 7.8841e-01     0.4449     0.7832 0.0000e+00
        405 102.612014    0.02807     1.6837    101.025     33.314  49996.587    31.2287     6.1270     33.000     6.1244    24.5590     6.6797     9.5460     94.578    291.166    298.316   -0.00015    7.06272   10.09334  307.86028     6.1244   15.85587 6.6465e-01     0.3874     0.8461 0.0000e+00
