CTD-processing/allCTD/CNV/2016_04-10_t6_s05_cast179_5028.cnv
* Sea-Bird SBE19plus Data File:
* FileName = C:\Users\Kris.Holderied\Documents\kasitsna\Research-KBL\Oceanography-AK\CTD-Data-ALL-to-2016-02\2016-CTD-KachemakBay-CookInlet\2016-04-CookInlet-quarterly\2016-04-10-CookInlet-Tran6-Douglas\2016-04-10-CookInlet-Tran6-cast179.hex
* Software Version 1.59
* Temperature SN =  5028
* Conductivity SN =  5028
* System UpLoad Time = Apr 11 2016 02:11:51
** Cook Inlet LTM Tran6 Douglas east to west
** Date (YYYY-MM-DD): 2016-04-10
** Station (ie. 9-01): 6-05
** Start time (AKST): 08:47
** Depth (m): 103
** Comment:  R/V Pandalus. Skipped stations.
** Comment:
# nquan = 27
# nvalues = 102                         
# units = specified
# name 0 = scan: Scan Count
# name 1 = timeJ: Julian Days
# name 2 = timeH: Time, Elapsed [hours]
# name 3 = timeM: Time, Elapsed [minutes]
# name 4 = timeS: Time, Elapsed [seconds]
# name 5 = prdM: Pressure, Strain Gauge [db]
# name 6 = specc: Specific Conductance [uS/cm]
# name 7 = sal00: Salinity, Practical [PSU]
# name 8 = tv290C: Temperature [ITS-90, deg C]
# name 9 = depSM: Depth [salt water, m], lat = 59.00
# name 10 = potemp090C: Potential Temperature [ITS-90, deg C]
# name 11 = sigma-é00: Density [sigma-theta, kg/m^3]
# name 12 = sbeox0ML/L: Oxygen, SBE 43 [ml/l]
# name 13 = sbeox0Mg/L: Oxygen, SBE 43 [mg/l]
# name 14 = sbeox0PS: Oxygen, SBE 43 [% saturation]
# name 15 = sbox0Mm/Kg: Oxygen, SBE 43 [umol/kg]
# name 16 = sbeox0Mm/L: Oxygen, SBE 43 [umol/l]
# name 17 = sbox0dV/dT: Oxygen, SBE 43 [dov/dt]
# name 18 = oxsolML/L: Oxygen Saturation, Garcia & Gordon [ml/l]
# name 19 = oxsolMg/L: Oxygen Saturation, Garcia & Gordon [mg/l]
# name 20 = oxsolMm/Kg: Oxygen Saturation, Garcia & Gordon [umol/kg]
# name 21 = potemp090C: Potential Temperature [ITS-90, deg C]
# name 22 = n2satMg/L: Nitrogen Saturation [mg/l]
# name 23 = par: PAR/Irradiance, Biospherical/Licor
# name 24 = flECO-AFL: Fluorescence, WET Labs ECO-AFL/FL [mg/m^3]
# name 25 = turbWETntu0: Turbidity, WET Labs ECO [NTU]
# name 26 = flag: flag
# span 0 =         24,        547       
# span 1 = 101.365889, 101.367403       
# span 2 =    0.00159,    0.03795       
# span 3 =     0.0959,     2.2766       
# span 4 =      5.751,    136.594       
# span 5 =      1.009,    102.988       
# span 6 =  47545.296,  50688.708       
# span 7 =    29.7303,    31.7580       
# span 8 =     6.3782,     6.4500       
# span 9 =      1.000,    102.000       
# span 10 =     6.3926,     6.4415      
# span 11 =    23.3481,    24.9406      
# span 12 =     5.7958,     6.5889      
# span 13 =     8.2828,     9.4162      
# span 14 =     82.944,     93.834      
# span 15 =    252.523,    287.637      
# span 16 =    258.841,    294.261      
# span 17 =   -0.00653,    0.03055      
# span 18 =    6.98955,    7.09841      
# span 19 =    9.98877,   10.14434      
# span 20 =  304.54504,  309.86565      
# span 21 =     6.3781,     6.4414      
# span 22 =   15.69570,   15.95764      
# span 23 = 3.7976e-02, 1.9497e+01      
# span 24 =     0.2886,     0.3865      
# span 25 =     0.3610,     0.9983      
# span 26 = 0.0000e+00, 0.0000e+00      
# interval = meters: 1                  
# start_time = Apr 10 2016 08:46:47 [Instrument's time stamp, header]
# bad_flag = -9.990e-29
*END*
         24 101.365889    0.00159     0.0959      5.751      1.009  47545.296    29.7303     6.3782      1.000     6.3926    23.3481     6.5889     9.4162     92.790    287.637    294.261   -0.00435    7.09841   10.14434  309.86565     6.3781   15.95764 1.9497e+01     0.2886     0.9667 0.0000e+00
        205 101.366411    0.01415     0.8490     50.942      2.019  50688.708    31.7580     6.4159      2.000     6.4120    24.9406     5.7958     8.2828     82.944    252.523    258.841   -0.00653    6.98955    9.98877  304.54504     6.4157   15.69570 1.8574e+01     0.3861     0.3610 0.0000e+00
        272 101.366606    0.01882     1.1290     67.739      3.028  50373.622    31.5589     6.4188      3.000     6.4209    24.7834     5.9757     8.5400     85.376    260.424    266.878    0.00141    6.99937   10.00279  305.03197     6.4185   15.71972 1.6334e+01     0.3865     0.4471 0.0000e+00
        263 101.366581    0.01821     1.0931     65.587      4.038  50367.818    31.5548     6.4209      4.000     6.4222    24.7800     6.1410     8.7761     87.738    267.623    274.255    0.01380    6.99921   10.00258  305.02638     6.4205   15.71948 1.4076e+01     0.3845     0.4469 0.0000e+00
        266 101.366589    0.01840     1.1045     66.267      5.047  50370.969    31.5570     6.4231      5.000     6.4238    24.7814     6.3080     9.0147     90.131    274.903    281.716    0.02567    6.99876   10.00192  305.00593     6.4227   15.71850 1.2019e+01     0.3813     0.4340 0.0000e+00
        269 101.366596    0.01858     1.1149     66.893      6.057  50372.913    31.5581     6.4245      6.000     6.4244    24.7821     6.4094     9.1597     91.583    279.323    286.245    0.03055    6.99848   10.00152  304.99357     6.4240   15.71790 1.0358e+01     0.3721     0.4250 0.0000e+00
        271 101.366603    0.01874     1.1243     67.459      7.066  50375.305    31.5594     6.4251      7.000     6.4248    24.7830     6.4545     9.2241     92.230    281.289    288.259    0.02994    6.99833   10.00130  304.98648     6.4245   15.71755 9.0994e+00     0.3581     0.4233 0.0000e+00
        273 101.366609    0.01889     1.1332     67.994      8.076  50376.542    31.5598     6.4254      8.000     6.4250    24.7834     6.4647     9.2387     92.376    281.732    288.714    0.02647    6.99824   10.00118  304.98290     6.4248   15.71738 8.1043e+00     0.3437     0.4268 0.0000e+00
        275 101.366615    0.01904     1.1421     68.526      9.086  50375.898    31.5590     6.4257      9.000     6.4250    24.7827     6.4664     9.2411     92.400    281.804    288.788    0.02258    6.99824   10.00118  304.98296     6.4250   15.71739 7.3642e+00     0.3490     0.4282 0.0000e+00
        277 101.366621    0.01919     1.1512     69.069     10.095  50376.158    31.5587     6.4258     10.000     6.4250    24.7825     6.4651     9.2392     92.381    281.748    288.730    0.01881    6.99823   10.00117  304.98272     6.4250   15.71738 6.7949e+00     0.3595     0.4255 0.0000e+00
        280 101.366628    0.01935     1.1607     69.642     11.104  50378.156    31.5596     6.4259     11.000     6.4251    24.7832     6.4632     9.2366     92.356    281.668    288.648    0.01545    6.99818   10.00109  304.98012     6.4250   15.71726 6.2533e+00     0.3586     0.4119 0.0000e+00
        282 101.366635    0.01951     1.1707     70.241     12.114  50382.548    31.5622     6.4261     12.000     6.4252    24.7852     6.4620     9.2347     92.339    281.611    288.590    0.01266    6.99802   10.00087  304.97292     6.4251   15.71690 5.6809e+00     0.3527     0.4016 0.0000e+00
        284 101.366642    0.01967     1.1804     70.822     13.123  50385.706    31.5640     6.4263     13.000     6.4253    24.7866     6.4614     9.2339     92.333    281.585    288.564    0.01041    6.99791   10.00071  304.96750     6.4252   15.71664 5.1464e+00     0.3513     0.4076 0.0000e+00
        287 101.366648    0.01983     1.1898     71.388     14.133  50385.416    31.5634     6.4265     14.000     6.4252    24.7860     6.4615     9.2341     92.334    281.590    288.569    0.00863    6.99792   10.00072  304.96800     6.4253   15.71666 4.6627e+00     0.3529     0.4171 0.0000e+00
        289 101.366655    0.01999     1.1997     71.980     15.142  50385.612    31.5630     6.4265     15.000     6.4252    24.7858     6.4621     9.2350     92.343    281.616    288.596    0.00716    6.99793   10.00073  304.96839     6.4252   15.71668 4.2441e+00     0.3561     0.4270 0.0000e+00
        291 101.366662    0.02017     1.2104     72.624     16.151  50388.361    31.5644     6.4265     16.000     6.4252    24.7870     6.4633     9.2367     92.361    281.669    288.651    0.00586    6.99785   10.00063  304.96480     6.4252   15.71651 3.8664e+00     0.3546     0.4271 0.0000e+00
        294 101.366670    0.02036     1.2212     73.275     17.161  50394.430    31.5682     6.4266     17.000     6.4252    24.7899     6.4656     9.2400     92.396    281.768    288.753    0.00490    6.99766   10.00037  304.95596     6.4252   15.71607 3.5160e+00     0.3533     0.4250 0.0000e+00
        296 101.366676    0.02052     1.2309     73.857     18.171  50400.443    31.5719     6.4267     18.000     6.4253    24.7928     6.4686     9.2443     92.442    281.898    288.887    0.00427    6.99748   10.00009  304.94681     6.4252   15.71561 3.1632e+00     0.3561     0.4310 0.0000e+00
        299 101.366683    0.02066     1.2397     74.379     19.181  50406.793    31.5759     6.4269     19.000     6.4253    24.7959     6.4718     9.2487     92.490    282.035    289.028    0.00383    6.99727    9.99979  304.93665     6.4253   15.71512 2.8153e+00     0.3568     0.4359 0.0000e+00
        300 101.366688    0.02079     1.2479     74.875     20.190  50408.188    31.5764     6.4270     20.000     6.4253    24.7963     6.4759     9.2547     92.549    282.216    289.213    0.00354    6.99722    9.99973  304.93448     6.4253   15.71501 2.4909e+00     0.3543     0.4405 0.0000e+00
        302 101.366694    0.02093     1.2562     75.371     21.199  50407.783    31.5756     6.4270     21.000     6.4252    24.7958     6.4815     9.2626     92.628    282.457    289.460    0.00341    6.99725    9.99977  304.93604     6.4253   15.71508 2.2157e+00     0.3545     0.4491 0.0000e+00
        305 101.366700    0.02108     1.2648     75.887     22.209  50408.912    31.5760     6.4270     22.000     6.4252    24.7960     6.4868     9.2703     92.704    282.689    289.699    0.00330    6.99724    9.99976  304.93561     6.4251   15.71507 1.9951e+00     0.3570     0.4626 0.0000e+00
        307 101.366707    0.02124     1.2745     76.468     23.218  50412.292    31.5778     6.4271     23.000     6.4253    24.7975     6.4911     9.2765     92.768    282.878    289.892    0.00310    6.99715    9.99961  304.93077     6.4252   15.71483 1.8056e+00     0.3564     0.4615 0.0000e+00
        309 101.366714    0.02142     1.2853     77.117     24.228  50413.547    31.5782     6.4272     24.000     6.4253    24.7978     6.4929     9.2790     92.795    282.957    289.974    0.00265    6.99710    9.99954  304.92850     6.4253   15.71472 1.6114e+00     0.3557     0.4541 0.0000e+00
        312 101.366722    0.02161     1.2962     77.773     25.238  50411.228    31.5761     6.4273     25.000     6.4251    24.7962     6.4944     9.2810     92.813    283.018    290.036    0.00218    6.99718    9.99967  304.93288     6.4253   15.71493 1.4094e+00     0.3644     0.4663 0.0000e+00
        315 101.366729    0.02178     1.3065     78.392     26.247  50405.379    31.5716     6.4271     26.000     6.4244    24.7927     6.4980     9.2863     92.863    283.181    290.201    0.00196    6.99742   10.00002  304.94468     6.4250   15.71552 1.2225e+00     0.3716     0.4732 0.0000e+00
        317 101.366736    0.02194     1.3167     79.000     27.256  50399.474    31.5669     6.4265     27.000     6.4238    24.7890     6.5035     9.2942     92.937    283.421    290.447    0.00199    6.99774   10.00046  304.95915     6.4243   15.71623 1.0747e+00     0.3738     0.4640 0.0000e+00
        320 101.366744    0.02212     1.3274     79.643     28.266  50398.177    31.5655     6.4260     28.000     6.4235    24.7879     6.5075     9.2998     92.992    283.594    290.624    0.00192    6.99789   10.00068  304.96628     6.4237   15.71657 9.4396e-01     0.3769     0.4450 0.0000e+00
        322 101.366752    0.02232     1.3390     80.340     29.277  50403.849    31.5689     6.4259     29.000     6.4238    24.7907     6.5107     9.3045     93.041    283.737    290.771    0.00173    6.99774   10.00047  304.95896     6.4235   15.71621 8.4520e-01     0.3766     0.4275 0.0000e+00
        325 101.366759    0.02251     1.3506     81.038     30.285  50414.752    31.5761     6.4265     30.000     6.4244    24.7963     6.5153     9.3110     93.111    283.932    290.973    0.00171    6.99732    9.99986  304.93884     6.4240   15.71522 7.6591e-01     0.3665     0.4338 0.0000e+00
        328 101.366767    0.02269     1.3614     81.684     31.295  50424.717    31.5827     6.4272     31.000     6.4249    24.8014     6.5184     9.3155     93.162    284.068    291.114    0.00168    6.99690    9.99927  304.91903     6.4245   15.71425 6.9164e-01     0.3634     0.4443 0.0000e+00
        330 101.366775    0.02286     1.3715     82.292     32.304  50427.717    31.5843     6.4276     32.000     6.4250    24.8027     6.5205     9.3185     93.195    284.160    291.208    0.00150    6.99676    9.99906  304.91228     6.4249   15.71392 6.2339e-01     0.3654     0.4544 0.0000e+00
        333 101.366781    0.02303     1.3817     82.904     33.314  50431.769    31.5867     6.4278     33.000     6.4251    24.8045     6.5222     9.3208     93.219    284.229    291.280    0.00132    6.99661    9.99886  304.90564     6.4250   15.71359 5.6150e-01     0.3717     0.4645 0.0000e+00
        335 101.366788    0.02320     1.3920     83.519     34.324  50439.282    31.5915     6.4279     34.000     6.4252    24.8083     6.5238     9.3232     93.245    284.299    291.352    0.00118    6.99638    9.99852  304.89411     6.4251   15.71303 5.0404e-01     0.3730     0.4778 0.0000e+00
        337 101.366795    0.02336     1.4018     84.108     35.334  50442.994    31.5936     6.4282     35.000     6.4253    24.8099     6.5248     9.3247     93.262    284.344    291.399    0.00101    6.99623    9.99831  304.88739     6.4252   15.71270 4.4899e-01     0.3601     0.4935 0.0000e+00
        340 101.366802    0.02352     1.4111     84.666     36.344  50443.266    31.5933     6.4283     36.000     6.4248    24.8097     6.5257     9.3258     93.274    284.381    291.436    0.00085    6.99622    9.99830  304.88709     6.4254   15.71268 3.9721e-01     0.3514     0.5005 0.0000e+00
        342 101.366808    0.02367     1.4202     85.213     37.352  50442.884    31.5925     6.4277     37.000     6.4239    24.8092     6.5265     9.3269     93.283    284.415    291.471    0.00071    6.99635    9.99848  304.89291     6.4247   15.71297 3.5085e-01     0.3471     0.4989 0.0000e+00
        344 101.366815    0.02384     1.4301     85.807     38.362  50444.133    31.5928     6.4270     38.000     6.4234    24.8095     6.5266     9.3272     93.285    284.422    291.478    0.00052    6.99647    9.99865  304.89777     6.4238   15.71320 3.1272e-01     0.3399     0.4919 0.0000e+00
        347 101.366824    0.02405     1.4429     86.572     39.372  50445.697    31.5933     6.4266     39.000     6.4235    24.8099     6.5289     9.3304     93.316    284.521    291.579    0.00049    6.99650    9.99869  304.89898     6.4234   15.71325 2.7920e-01     0.3355     0.4768 0.0000e+00
        351 101.366834    0.02431     1.4583     87.495     40.382  50448.402    31.5948     6.4271     40.000     6.4247    24.8111     6.5302     9.3322     93.336    284.576    291.637    0.00046    6.99634    9.99846  304.89169     6.4239   15.71290 2.4857e-01     0.3392     0.4728 0.0000e+00
        354 101.366844    0.02454     1.4726     88.358     41.391  50450.472    31.5961     6.4289     41.000     6.4266    24.8119     6.5299     9.3319     93.337    284.565    291.625    0.00026    6.99599    9.99797  304.87643     6.4255   15.71217 2.2136e-01     0.3269     0.5203 0.0000e+00
        357 101.366853    0.02475     1.4849     89.091     42.400  50450.380    31.5958     6.4305     42.000     6.4274    24.8115     6.5325     9.3357     93.378    284.679    291.743    0.00034    6.99576    9.99764  304.86645     6.4269   15.71169 1.9841e-01     0.3202     0.5340 0.0000e+00
        360 101.366862    0.02495     1.4971     89.827     43.410  50450.920    31.5959     6.4310     43.000     6.4276    24.8114     6.5367     9.3416     93.439    284.862    291.930    0.00057    6.99566    9.99750  304.86208     6.4275   15.71148 1.7918e-01     0.3290     0.5196 0.0000e+00
        363 101.366870    0.02517     1.5101     90.606     44.420  50451.714    31.5960     6.4313     44.000     6.4279    24.8115     6.5370     9.3420     93.444    284.874    291.942    0.00046    6.99560    9.99741  304.85941     6.4277   15.71135 1.6212e-01     0.3446     0.5022 0.0000e+00
        366 101.366879    0.02537     1.5222     91.330     45.429  50452.492    31.5961     6.4318     45.000     6.4282    24.8115     6.5363     9.3411     93.436    284.844    291.912    0.00022    6.99553    9.99732  304.85654     6.4279   15.71122 1.4637e-01     0.3459     0.5174 0.0000e+00
        369 101.366886    0.02555     1.5329     91.974     46.440  50453.487    31.5964     6.4322     46.000     6.4286    24.8118     6.5368     9.3417     93.443    284.866    291.933    0.00015    6.99546    9.99720  304.85307     6.4283   15.71105 1.3228e-01     0.3402     0.5175 0.0000e+00
        371 101.366893    0.02572     1.5434     92.602     47.449  50453.692    31.5962     6.4326     47.000     6.4286    24.8115     6.5387     9.3444     93.471    284.947    292.017    0.00019    6.99540    9.99712  304.85063     6.4286   15.71093 1.1972e-01     0.3311     0.5135 0.0000e+00
        374 101.366901    0.02590     1.5543     93.255     48.458  50453.698    31.5957     6.4326     48.000     6.4283    24.8112     6.5412     9.3480     93.507    285.056    292.129    0.00029    6.99542    9.99716  304.85193     6.4285   15.71100 1.0891e-01     0.3216     0.5082 0.0000e+00
        377 101.366910    0.02610     1.5661     93.965     49.468  50454.785    31.5959     6.4323     49.000     6.4282    24.8114     6.5432     9.3508     93.534    285.141    292.216    0.00035    6.99545    9.99721  304.85328     6.4282   15.71106 9.9905e-02     0.3229     0.5023 0.0000e+00
        380 101.366918    0.02632     1.5792     94.753     50.478  50456.024    31.5964     6.4325     50.000     6.4286    24.8117     6.5432     9.3509     93.535    285.142    292.217    0.00022    6.99540    9.99713  304.85086     6.4283   15.71095 9.2117e-02     0.3280     0.5254 0.0000e+00
        384 101.366929    0.02658     1.5948     95.691     51.488  50456.539    31.5963     6.4329     51.000     6.4287    24.8116     6.5435     9.3513     93.540    285.156    292.231    0.00010    6.99533    9.99703  304.84785     6.4287   15.71080 8.5197e-02     0.3290     0.5529 0.0000e+00
        388 101.366941    0.02686     1.6117     96.700     52.497  50456.816    31.5960     6.4331     52.000     6.4285    24.8114     6.5457     9.3545     93.573    285.254    292.332    0.00019    6.99533    9.99702  304.84753     6.4287   15.71079 7.8629e-02     0.3131     0.5152 0.0000e+00
        391 101.366950    0.02709     1.6255     97.528     53.507  50457.712    31.5961     6.4329     53.000     6.4284    24.8115     6.5486     9.3586     93.614    285.379    292.460    0.00030    6.99534    9.99705  304.84830     6.4284   15.71082 7.2793e-02     0.3000     0.5078 0.0000e+00
