CTD-processing/allCTD/CNV/2016_08-30_t7_s04_cast085_5028.cnv
* Sea-Bird SBE19plus Data File:
* FileName = C:\Users\Kim.Powell\Desktop\2016_08-30_T7_5028\2016_08-30_T7_5028_cast085.hex
* Software Version 1.59
* Temperature SN =  5028
* Conductivity SN =  5028
* System UpLoad Time = Aug 30 2016 17:41:11
** CookInlet LTM Transect 7
** 2016_08-30
** Station: 7-04
** Start Time: 14:28
** Depth (m): 50.6
** Comment:
** Comment:
# nquan = 27
# nvalues = 44                          
# units = specified
# name 0 = scan: Scan Count
# name 1 = timeJ: Julian Days
# name 2 = timeH: Time, Elapsed [hours]
# name 3 = timeM: Time, Elapsed [minutes]
# name 4 = timeS: Time, Elapsed [seconds]
# name 5 = prdM: Pressure, Strain Gauge [db]
# name 6 = specc: Specific Conductance [uS/cm]
# name 7 = sal00: Salinity, Practical [PSU]
# name 8 = tv290C: Temperature [ITS-90, deg C]
# name 9 = depSM: Depth [salt water, m], lat = 59.00
# name 10 = potemp090C: Potential Temperature [ITS-90, deg C]
# name 11 = sigma-é00: Density [sigma-theta, kg/m^3]
# name 12 = sbeox0ML/L: Oxygen, SBE 43 [ml/l]
# name 13 = sbeox0Mg/L: Oxygen, SBE 43 [mg/l]
# name 14 = sbeox0PS: Oxygen, SBE 43 [% saturation]
# name 15 = sbox0Mm/Kg: Oxygen, SBE 43 [umol/kg]
# name 16 = sbeox0Mm/L: Oxygen, SBE 43 [umol/l]
# name 17 = sbox0dV/dT: Oxygen, SBE 43 [dov/dt]
# name 18 = oxsolML/L: Oxygen Saturation, Garcia & Gordon [ml/l]
# name 19 = oxsolMg/L: Oxygen Saturation, Garcia & Gordon [mg/l]
# name 20 = oxsolMm/Kg: Oxygen Saturation, Garcia & Gordon [umol/kg]
# name 21 = potemp090C: Potential Temperature [ITS-90, deg C]
# name 22 = n2satMg/L: Nitrogen Saturation [mg/l]
# name 23 = par: PAR/Irradiance, Biospherical/Licor
# name 24 = flECO-AFL: Fluorescence, WET Labs ECO-AFL/FL [mg/m^3]
# name 25 = turbWETntu0: Turbidity, WET Labs ECO [NTU]
# name 26 = flag: flag
# span 0 =        227,        573       
# span 1 = 243.603745, 243.604745       
# span 2 =    0.01572,    0.03970       
# span 3 =     0.9432,     2.3823       
# span 4 =     56.589,    142.939       
# span 5 =      1.009,     44.420       
# span 6 =  44601.258,  46533.352       
# span 7 =    28.4728,    29.6356       
# span 8 =    12.1805,    13.8857       
# span 9 =      1.000,     44.000       
# span 10 =    12.1722,    13.8814      
# span 11 =    21.1729,    22.3890      
# span 12 =     5.8123,     6.7955      
# span 13 =     8.3064,     9.7114      
# span 14 =     93.205,    111.917      
# span 15 =    253.895,    297.023      
# span 16 =    259.579,    303.486      
# span 17 =   -0.01882,    0.00405      
# span 18 =    6.04216,    6.23609      
# span 19 =    8.63484,    8.91198      
# span 20 =  264.12836,  272.40496      
# span 21 =    12.1750,    13.8855      
# span 22 =   13.77327,   14.16818      
# span 23 = 1.1065e-01, 4.5227e+02      
# span 24 =     0.3622,     3.3187      
# span 25 =     0.3194,     1.7473      
# span 26 = 0.0000e+00, 0.0000e+00      
# interval = meters: 1                  
# start_time = Aug 30 2016 14:28:27 [Instrument's time stamp, header]
# bad_flag = -9.990e-29
*END*
        227 243.603745    0.01572     0.9432     56.589      1.009  44601.258    28.4728    13.8857      1.000    13.8814    21.1729     5.8472     8.3562     96.489    255.721    261.135    0.00087    6.06348    8.66532  265.20249    13.8855   13.82725 4.5227e+02     0.3622     0.5154 0.0000e+00
        397 243.604237    0.02751     1.6506     99.036      2.019  45515.440    29.0639    13.8644      2.000    13.8452    21.6318     6.7173     9.5997    111.170    293.642    299.994    0.00106    6.04216    8.63484  264.12836    13.8641   13.77327 2.0515e+02     0.7043     0.3194 0.0000e+00
        396 243.604233    0.02743     1.6460     98.759      3.028  45478.880    29.0356    13.8126      3.000    13.7838    21.6203     6.6995     9.5743    110.741    292.869    299.201    0.00106    6.04971    8.64564  264.46234    13.8122   13.78943 1.2356e+02     0.8581     0.3366 0.0000e+00
        400 243.604245    0.02770     1.6619     99.712      4.037  45489.670    29.0390    13.7596      4.000    13.7305    21.6334     6.7032     9.5795    110.683    293.025    299.364    0.00022    6.05619    8.65490  264.74217    13.7591   13.80285 8.6556e+01     1.0330     0.3476 0.0000e+00
        404 243.604255    0.02796     1.6776    100.659      5.047  45508.521    29.0478    13.7047      5.000    13.6763    21.6510     6.7131     9.5936    110.727    293.452    299.806    0.00014    6.06272    8.66423  265.02306    13.7040   13.81631 7.4894e+01     1.2072     0.3611 0.0000e+00
        408 243.604268    0.02827     1.6960    101.761      6.056  45545.764    29.0697    13.6506      6.000    13.6322    21.6786     6.7352     9.6253    110.984    294.411    300.794    0.00163    6.06866    8.67272  265.27544    13.6498   13.82834 7.1706e+01     1.4520     0.4148 0.0000e+00
        413 243.604281    0.02859     1.7152    102.913      7.066  45576.917    29.0888    13.6154      7.000    13.6055    21.7002     6.7592     9.6596    111.312    295.456    301.867    0.00313    6.07234    8.67799  265.43100    13.6144   13.83573 7.1686e+01     1.7204     0.3749 0.0000e+00
        417 243.604293    0.02887     1.7323    103.937      8.076  45604.016    29.1065    13.6018      8.000    13.6005    21.7166     6.7776     9.6859    111.595    296.254    302.687    0.00394    6.07339    8.67948  265.47229    13.6006   13.83764 5.9718e+01     1.8115     0.3827 0.0000e+00
        421 243.604304    0.02914     1.7482    104.889      9.085  45634.736    29.1282    13.6044      9.000    13.6051    21.7328     6.7885     9.7015    111.796    296.727    303.176    0.00405    6.07225    8.67784  265.41811    13.6032   13.83496 4.9043e+01     1.8585     0.3810 0.0000e+00
        425 243.604316    0.02943     1.7657    105.943     10.095  45679.976    29.1593    13.5977     10.000    13.5776    21.7582     6.7955     9.7114    111.917    297.023    303.486    0.00352    6.07190    8.67736  265.39674    13.5963   13.83381 4.2774e+01     1.9811     0.3899 0.0000e+00
        429 243.604330    0.02975     1.7852    107.111     11.105  45751.010    29.2045    13.5365     11.000    13.4929    21.8050     6.7838     9.6947    111.616    296.499    302.964    0.00041    6.07787    8.68588  265.64522    13.5351   13.84556 3.6565e+01     2.2953     0.4142 0.0000e+00
        434 243.604343    0.03006     1.8038    108.230     12.114  45831.157    29.2539    13.4460     12.000    13.4116    21.8607     6.7542     9.6524    110.953    295.187    301.640   -0.00435    6.08739    8.69949  266.04679    13.4444   13.86464 2.9449e+01     2.6769     0.4163 0.0000e+00
        438 243.604355    0.03035     1.8210    109.260     13.123  45858.865    29.2682    13.3841     13.000    13.3604    21.8838     6.7255     9.6114    110.351    293.928    300.360   -0.00706    6.09465    8.70987  266.35824    13.3823   13.87954 2.3083e+01     2.8216     0.4173 0.0000e+00
        442 243.604367    0.03064     1.8382    110.295     14.133  45883.481    29.2823    13.3466     14.000    13.3311    21.9020     6.6974     9.5712    109.813    292.693    299.104   -0.00847    6.09885    8.71586  266.53677    13.3447   13.88805 1.8650e+01     2.8331     0.4191 0.0000e+00
        446 243.604379    0.03093     1.8561    111.364     15.142  45903.905    29.2941    13.3183     15.000    13.3063    21.9166     6.6710     9.5336    109.326    291.539    297.928   -0.00897    6.10198    8.72034  266.66984    13.3163   13.89439 1.5196e+01     2.9056     0.4232 0.0000e+00
        451 243.604392    0.03125     1.8751    112.508     16.151  45934.678    29.3144    13.3041     16.000    13.3033    21.9351     6.6435     9.4941    108.855    290.327    296.696   -0.00896    6.10301    8.72181  266.70996    13.3020   13.89624 1.1954e+01     2.9797     0.4222 0.0000e+00
        456 243.604406    0.03157     1.8940    113.637     17.161  45946.695    29.3229    13.3081     17.000    13.3042    21.9409     6.6295     9.4742    108.642    289.718    296.074   -0.00753    6.10217    8.72061  266.67193    13.3059   13.89438 9.6983e+00     2.9407     0.4157 0.0000e+00
        460 243.604417    0.03185     1.9107    114.640     18.171  45940.055    29.3170    13.2987     18.000    13.2750    21.9381     6.6388     9.4875    108.768    290.123    296.488   -0.00433    6.10359    8.72264  266.73474    13.2963   13.89742 7.8276e+00     2.8486     0.4019 0.0000e+00
        464 243.604429    0.03212     1.9276    115.655     19.180  45902.314    29.2841    13.2264     19.000    13.1564    21.9266     6.6377     9.4860    108.567    290.082    296.442   -0.00383    6.11402    8.73754  267.19346    13.2240   13.91956 6.3176e+00     2.8552     0.4055 0.0000e+00
        468 243.604443    0.03245     1.9472    116.832     20.190  46145.129    29.4476    13.1268     20.000    13.1474    22.0721     6.5614     9.3769    107.204    286.705    293.033   -0.01084    6.12044    8.74672  267.43608    13.1241   13.93056 5.1899e+00     2.8322     0.3992 0.0000e+00
        473 243.604456    0.03278     1.9667    118.002     21.199  46262.557    29.5351    13.1847     21.000    13.1873    22.1287     6.4867     9.2702    106.170    283.425    289.697   -0.01469    6.10974    8.73143  266.95369    13.1819   13.90707 4.1801e+00     3.1781     0.4098 0.0000e+00
        477 243.604468    0.03306     1.9837    119.023     22.208  46305.040    29.5642    13.1771     22.000    13.1514    22.1526     6.5165     9.3127    106.660    284.720    291.028   -0.00705    6.10960    8.73123  266.94129    13.1741   13.90636 3.3645e+00     3.3187     0.4211 0.0000e+00
        481 243.604480    0.03334     2.0008    120.048     23.218  46351.164    29.5925    13.1287     23.000    13.1074    22.1837     6.5347     9.3387    106.869    285.504    291.838   -0.00270    6.11466    8.73846  267.15425    13.1257   13.91647 2.7312e+00     3.2696     0.4168 0.0000e+00
        486 243.604493    0.03366     2.0195    121.171     24.228  46357.365    29.5934    13.0920     24.000    13.0624    22.1916     6.5072     9.2994    106.339    284.302    290.612   -0.00515    6.11930    8.74509  267.35483    13.0888   13.92609 2.2218e+00     3.2249     0.4197 0.0000e+00
        490 243.604505    0.03397     2.0380    122.282     25.238  46304.741    29.5483    13.0021     25.000    12.9395    22.1738     6.4736     9.2514    105.563    282.839    289.112   -0.00840    6.13251    8.76396  267.93648    12.9988   13.95418 1.8242e+00     3.0074     0.3996 0.0000e+00
        494 243.604518    0.03427     2.0560    123.361     26.247  46326.380    29.5533    12.8840     26.000    12.8475    22.2001     6.4131     9.1650    104.324    280.190    286.410   -0.01343    6.14742    8.78528  268.58131    12.8807   13.98510 1.5146e+00     2.5493     0.3769 0.0000e+00
        499 243.604531    0.03457     2.0747    124.481     27.256  46364.356    29.5755    12.8341     27.000    12.8248    22.2268     6.3264     9.0412    102.820    276.397    282.540   -0.01882    6.15298    8.79322  268.81706    12.8306   13.99632 1.2717e+00     2.2473     0.3842 0.0000e+00
        503 243.604544    0.03489     2.0932    125.593     28.266  46364.994    29.5746    12.8222     28.000    12.8151    22.2283     6.2753     8.9681    101.962    274.161    280.255   -0.01842    6.15454    8.79546  268.88494    12.8186   13.99958 1.0735e+00     2.1107     0.3691 0.0000e+00
        508 243.604556    0.03519     2.1114    126.682     29.276  46366.043    29.5745    12.8172     29.000    12.8096    22.2292     6.2625     8.9497    101.743    273.601    279.683   -0.01376    6.15519    8.79638  268.91282    12.8134   14.00092 9.0478e-01     2.0510     0.3797 0.0000e+00
        512 243.604570    0.03550     2.1300    127.797     30.285  46347.847    29.5599    12.8008     30.000    12.7828    22.2210     6.2592     8.9451    101.646    273.460    279.537   -0.00959    6.15785    8.80019  269.03148    12.7970   14.00667 7.6765e-01     2.0071     0.3807 0.0000e+00
        517 243.604582    0.03580     2.1483    128.895     31.295  46320.321    29.5367    12.7620     31.000    12.7232    22.2103     6.2482     8.9293    101.370    272.981    279.044   -0.00801    6.16376    8.80863  269.29252    12.7580   14.01928 6.5749e-01     1.9663     0.3693 0.0000e+00
        521 243.604595    0.03610     2.1662    129.972     32.304  46314.578    29.5245    12.6731     32.000    12.6245    22.2176     6.2188     8.8873    100.699    271.697    277.733   -0.00947    6.17572    8.82573  269.81327    12.6689   14.04431 5.6980e-01     1.7132     0.3840 0.0000e+00
        525 243.604607    0.03640     2.1841    131.044     33.314  46350.530    29.5415    12.5823     33.000    12.5387    22.2478     6.1594     8.8025     99.559    269.094    275.081   -0.01358    6.18682    8.84159  270.29016    12.5781   14.06711 4.9415e-01     1.3013     0.4307 0.0000e+00
        529 243.604619    0.03669     2.2009    132.055     34.324  46388.543    29.5613    12.5065     34.000    12.4692    22.2772     6.0932     8.7078     98.344    266.194    272.124   -0.01746    6.19591    8.85457  270.67931    12.5023   14.08570 4.2873e-01     1.0436     0.4419 0.0000e+00
        533 243.604631    0.03697     2.2187    133.124     35.333  46417.641    29.5751    12.4347     35.000    12.3933    22.3012     6.0360     8.6260     97.281    263.686    269.566   -0.01880    6.20474    8.86719  271.05854    12.4303   14.10383 3.7370e-01     0.8966     0.4986 0.0000e+00
        538 243.604645    0.03731     2.2387    134.320     36.343  46462.920    29.5990    12.3494     36.000    12.3175    22.3354     5.9839     8.5517     96.283    261.404    267.242   -0.01838    6.21497    8.88181  271.49644    12.3448   14.12473 3.2482e-01     0.7773     0.6144 0.0000e+00
        542 243.604657    0.03759     2.2553    135.320     37.352  46491.679    29.6145    12.3017     37.000    12.2774    22.3562     5.9454     8.4965     95.576    259.714    265.521   -0.01741    6.22060    8.88986  271.73692    12.2971   14.13620 2.8007e-01     0.6899     0.7074 0.0000e+00
        546 243.604667    0.03785     2.2706    136.234     38.362  46507.466    29.6221    12.2665     38.000    12.2442    22.3685     5.9161     8.4548     95.040    258.435    264.215   -0.01600    6.22492    8.89603  271.92240    12.2618   14.14506 2.4189e-01     0.6600     0.7891 0.0000e+00
        550 243.604680    0.03815     2.2889    137.331     39.372  46526.501    29.6322    12.2338     39.000    12.2221    22.3823     5.8897     8.4169     94.555    257.275    263.033   -0.01387    6.22882    8.90162  272.08939    12.2290   14.15303 2.0948e-01     0.6069     0.9721 0.0000e+00
        555 243.604694    0.03848     2.3091    138.544     40.381  46533.352    29.6356    12.2231     40.000    12.2148    22.3870     5.8649     8.3815     94.138    256.192    261.927   -0.01146    6.23010    8.90344  272.14383    12.2181   14.15563 1.8132e-01     0.5605     1.1091 0.0000e+00
        559 243.604705    0.03876     2.3253    139.518     41.391  46529.858    29.6320    12.2152     41.000    12.2041    22.3857     5.8511     8.3618     93.898    255.587    261.309   -0.00970    6.23129    8.90513  272.19602    12.2101   14.15814 1.5797e-01     0.5428     1.1261 0.0000e+00
        563 243.604716    0.03901     2.3407    140.445     42.401  46528.658    29.6298    12.2039     42.000    12.1919    22.3861     5.8433     8.3505     93.749    255.245    260.960   -0.00786    6.23286    8.90737  272.26451    12.1987   14.16144 1.3919e-01     0.5462     1.1589 0.0000e+00
        567 243.604728    0.03932     2.3589    141.532     43.410  46532.071    29.6307    12.1918     43.000    12.1834    22.3890     5.8320     8.3345     93.546    254.754    260.458   -0.00661    6.23442    8.90961  272.33201    12.1864   14.16467 1.2407e-01     0.5394     1.2527 0.0000e+00
        573 243.604745    0.03970     2.3823    142.939     44.420  46527.677    29.6262    12.1805     44.000    12.1722    22.3875     5.8123     8.3064     93.205    253.895    259.579   -0.00598    6.23609    8.91198  272.40496    12.1750   14.16818 1.1065e-01     0.4731     1.7473 0.0000e+00
