CTD-processing/allCTD/CNV/2016_07-27_alongbay_skb08_cast028_5028.cnv
* Sea-Bird SBE19plus Data File:
* FileName = C:\Users\Kris.Holderied\Documents\kasitsna\Research-KBL\Oceanography-AK\CTD-Data-ALL-to-2016-05\2016-CTD-KachemakBay-CookInlet\2016-07-27-KachemakBay-AlongBay\2016-07-27-KachemakBay-AlongBay-cast028.hex
* Software Version 1.59
* Temperature SN =  5028
* Conductivity SN =  5028
* System UpLoad Time = Jul 27 2016 20:37:12
** Cook Inlet Kachemak Bay Along-Bay west to east (sta 1-9)
** Date (YYYY-MM-DD): 2016-07-27
** Station (eg. 9-01):  KB08
** Start time (AKDT): 16:39
** Depth (m): 78.9
** Comment:  R/V Edgecumbe.  Part of all-bay survey with T4 and T9.
** Comment:
# nquan = 27
# nvalues = 79                          
# units = specified
# name 0 = scan: Scan Count
# name 1 = timeJ: Julian Days
# name 2 = timeH: Time, Elapsed [hours]
# name 3 = timeM: Time, Elapsed [minutes]
# name 4 = timeS: Time, Elapsed [seconds]
# name 5 = prdM: Pressure, Strain Gauge [db]
# name 6 = specc: Specific Conductance [uS/cm]
# name 7 = sal00: Salinity, Practical [PSU]
# name 8 = tv290C: Temperature [ITS-90, deg C]
# name 9 = depSM: Depth [salt water, m], lat = 59.00
# name 10 = potemp090C: Potential Temperature [ITS-90, deg C]
# name 11 = sigma-é00: Density [sigma-theta, kg/m^3]
# name 12 = sbeox0ML/L: Oxygen, SBE 43 [ml/l]
# name 13 = sbeox0Mg/L: Oxygen, SBE 43 [mg/l]
# name 14 = sbeox0PS: Oxygen, SBE 43 [% saturation]
# name 15 = sbox0Mm/Kg: Oxygen, SBE 43 [umol/kg]
# name 16 = sbeox0Mm/L: Oxygen, SBE 43 [umol/l]
# name 17 = sbox0dV/dT: Oxygen, SBE 43 [dov/dt]
# name 18 = oxsolML/L: Oxygen Saturation, Garcia & Gordon [ml/l]
# name 19 = oxsolMg/L: Oxygen Saturation, Garcia & Gordon [mg/l]
# name 20 = oxsolMm/Kg: Oxygen Saturation, Garcia & Gordon [umol/kg]
# name 21 = potemp090C: Potential Temperature [ITS-90, deg C]
# name 22 = n2satMg/L: Nitrogen Saturation [mg/l]
# name 23 = par: PAR/Irradiance, Biospherical/Licor
# name 24 = flECO-AFL: Fluorescence, WET Labs ECO-AFL/FL [mg/m^3]
# name 25 = turbWETntu0: Turbidity, WET Labs ECO [NTU]
# name 26 = flag: flag
# span 0 =        341,        585       
# span 1 = 209.695117, 209.695822       
# span 2 =    0.02364,    0.04057       
# span 3 =     1.4185,     2.4337       
# span 4 =     85.112,    146.022       
# span 5 =      1.009,     79.760       
# span 6 =  37115.647,  49732.874       
# span 7 =    23.1247,    31.5881       
# span 8 =     9.0024,    12.6521       
# span 9 =      1.000,     79.000       
# span 10 =     8.9988,    12.6456      
# span 11 =    17.2750,    24.3543      
# span 12 =     5.5988,     7.6016      
# span 13 =     8.0012,    10.8634      
# span 14 =     84.893,    118.202      
# span 15 =    244.124,    333.720      
# span 16 =    250.041,    339.487      
# span 17 =   -0.08113,    0.00649      
# span 18 =    6.32225,    6.61508      
# span 19 =    9.03513,    9.45361      
# span 20 =  276.54146,  288.46740      
# span 21 =     8.9996,    12.6520      
# span 22 =   14.36803,   14.93066      
# span 23 = 6.2849e-02, 2.7287e+02      
# span 24 =     0.0481,     3.9501      
# span 25 =     0.5179,     3.2800      
# span 26 = 0.0000e+00, 0.0000e+00      
# interval = meters: 1                  
# start_time = Jul 27 2016 16:39:33 [Instrument's time stamp, header]
# bad_flag = -9.990e-29
*END*
[from data line 54]
        509 209.695603    0.03531     2.1182    127.094     55.527  49680.646    31.5476     9.5336     55.000     9.5342    24.3335     5.6764     8.1121     87.028    247.485    253.507    0.00075    6.52252    9.32133  284.37577     9.5277   14.73361 6.7119e-02     0.1176     1.4760 0.0000e+00
        512 209.695612    0.03552     2.1311    127.864     56.536  49700.663    31.5628     9.5457     56.000     9.5491    24.3436     5.6769     8.1129     87.068    247.506    253.531    0.00066    6.52014    9.31793  284.26921     9.5397   14.72845 6.6524e-02     0.1120     1.4744 0.0000e+00
        516 209.695621    0.03573     2.1440    128.637     57.547  49710.166    31.5711     9.5602     57.000     9.5621    24.3477     5.6835     8.1223     87.201    247.793    253.826    0.00121    6.51771    9.31446  284.16225     9.5541   14.72330 6.6018e-02     0.1102     1.4947 0.0000e+00
        519 209.695630    0.03594     2.1568    129.410     58.556  49713.426    31.5745     9.5722     58.000     9.5713    24.3486     5.6942     8.1375     87.389    248.256    254.301    0.00203    6.51584    9.31179  284.08059     9.5659   14.71938 6.5617e-02     0.1108     1.4967 0.0000e+00
        522 209.695639    0.03616     2.1696    130.177     59.565  49715.066    31.5763     9.5801     59.000     9.5777    24.3487     5.7050     8.1529     87.571    248.725    254.781    0.00267    6.51464    9.31007  284.02805     9.5737   14.71686 6.5305e-02     0.1159     1.4737 0.0000e+00
        525 209.695647    0.03637     2.1823    130.940     60.576  49718.127    31.5789     9.5862     60.000     9.5833    24.3497     5.7141     8.1660     87.725    249.125    255.191    0.00296    6.51365    9.30866  283.98465     9.5797   14.71477 6.5109e-02     0.1261     1.4439 0.0000e+00
        528 209.695656    0.03659     2.1950    131.697     61.585  49718.358    31.5793     9.5913     61.000     9.5868    24.3493     5.7219     8.1771     87.854    249.464    255.538    0.00306    6.51289    9.30758  283.95191     9.5848   14.71321 6.5113e-02     0.1380     1.4404 0.0000e+00
        531 209.695665    0.03679     2.2075    132.453     62.595  49719.729    31.5802     9.5942     62.000     9.5890    24.3496     5.7266     8.1840     87.934    249.673    255.752    0.00285    6.51244    9.30693  283.93203     9.5875   14.71225 6.5460e-02     0.1388     1.4670 0.0000e+00
        534 209.695674    0.03700     2.2202    133.212     63.605  49725.637    31.5843     9.5967     63.000     9.5921    24.3524     5.7276     8.1854     87.957    249.716    255.797    0.00230    6.51191    9.30617  283.90813     9.5899   14.71109 6.5931e-02     0.1305     1.5075 0.0000e+00
        537 209.695683    0.03722     2.2330    133.982     64.614  49729.579    31.5871     9.6003     64.000     9.5951    24.3540     5.7274     8.1851     87.963    249.707    255.789    0.00171    6.51128    9.30528  283.88045     9.5934   14.70976 6.6038e-02     0.1199     1.5553 0.0000e+00
        540 209.695692    0.03743     2.2459    134.753     65.623  49730.050    31.5873     9.6027     65.000     9.5962    24.3538     5.7290     8.1873     87.990    249.773    255.856    0.00139    6.51094    9.30477  283.86507     9.5956   14.70902 6.5885e-02     0.1237     1.6024 0.0000e+00
        543 209.695700    0.03765     2.2586    135.518     66.634  49730.688    31.5874     9.6034     66.000     9.5962    24.3538     5.7299     8.1886     88.006    249.814    255.898    0.00114    6.51082    9.30462  283.86019     9.5963   14.70879 6.5637e-02     0.1233     1.6525 0.0000e+00
        546 209.695710    0.03786     2.2717    136.299     67.643  49732.168    31.5881     9.6033     67.000     9.5957    24.3543     5.7292     8.1876     87.996    249.783    255.867    0.00073    6.51080    9.30458  283.85930     9.5961   14.70874 6.5344e-02     0.1166     1.7271 0.0000e+00
        549 209.695719    0.03808     2.2848    137.087     68.653  49732.092    31.5875     9.6028     68.000     9.5950    24.3539     5.7289     8.1872     87.990    249.771    255.855    0.00043    6.51090    9.30472  283.86348     9.5955   14.70895 6.5053e-02     0.1233     1.8597 0.0000e+00
        552 209.695727    0.03829     2.2978    137.869     69.663  49732.874    31.5876     9.6025     69.000     9.5949    24.3540     5.7252     8.1819     87.932    249.610    255.689   -0.00001    6.51095    9.30480  283.86590     9.5950   14.70906 6.4801e-02     0.1329     2.0402 0.0000e+00
        556 209.695737    0.03851     2.3109    138.651     70.672  49732.309    31.5867     9.6023     70.000     9.5942    24.3535     5.7193     8.1735     87.841    249.354    255.426   -0.00066    6.51101    9.30488  283.86844     9.5947   14.70919 6.4552e-02     0.1245     2.1287 0.0000e+00
        559 209.695746    0.03873     2.3239    139.434     71.682  49731.277    31.5855     9.6016     71.000     9.5933    24.3526     5.7172     8.1705     87.807    249.261    255.331   -0.00088    6.51116    9.30511  283.87548     9.5939   14.70953 6.4296e-02     0.1152     2.1894 0.0000e+00
        562 209.695755    0.03895     2.3368    140.209     72.692  49730.612    31.5845     9.6009     72.000     9.5929    24.3520     5.7200     8.1744     87.847    249.382    255.454   -0.00052    6.51130    9.30530  283.88174     9.5931   14.70983 6.4198e-02     0.1177     2.2346 0.0000e+00
        565 209.695764    0.03916     2.3497    140.980     73.702  49730.927    31.5842     9.6008     73.000     9.5930    24.3518     5.7232     8.1790     87.896    249.522    255.599   -0.00013    6.51133    9.30534  283.88282     9.5929   14.70989 6.4110e-02     0.1291     2.1742 0.0000e+00
        568 209.695773    0.03938     2.3625    141.750     74.712  49732.080    31.5846     9.6011     74.000     9.5931    24.3521     5.7238     8.1799     87.906    249.549    255.626   -0.00008    6.51128    9.30526  283.88055     9.5930   14.70978 6.3975e-02     0.1372     2.0983 0.0000e+00
        571 209.695781    0.03959     2.3754    142.524     75.722  49732.524    31.5846     9.6012     75.000     9.5930    24.3521     5.7228     8.1784     87.891    249.503    255.579   -0.00021    6.51126    9.30525  283.88001     9.5930   14.70975 6.3796e-02     0.1342     2.0539 0.0000e+00
        574 209.695791    0.03980     2.3884    143.303     76.731  49732.734    31.5843     9.6011     76.000     9.5925    24.3518     5.7210     8.1759     87.863    249.426    255.501   -0.00041    6.51130    9.30529  283.88135     9.5929   14.70982 6.3655e-02     0.1243     2.0534 0.0000e+00
        577 209.695800    0.04002     2.4015    144.087     77.741  49731.736    31.5830     9.6006     77.000     9.5909    24.3510     5.7208     8.1756     87.859    249.419    255.493   -0.00044    6.51141    9.30546  283.88674     9.5922   14.71008 6.3503e-02     0.1226     2.1040 0.0000e+00
        581 209.695809    0.04026     2.4154    144.926     78.751  49727.688    31.5794     9.5976     78.000     9.5863    24.3486     5.7187     8.1725     87.817    249.325    255.396   -0.00059    6.51199    9.30629  283.91265     9.5891   14.71133 6.3151e-02     0.1271     2.2948 0.0000e+00
        585 209.695822    0.04057     2.4337    146.022     79.760  49727.406    31.5779     9.5916     79.000     9.5819    24.3485     5.7144     8.1665     87.741    249.142    255.208   -0.00099    6.51290    9.30758  283.95224     9.5832   14.71323 6.2849e-02     0.1896     3.2800 0.0000e+00
