CTD-processing/allCTD/CNV/2016_07-29_subbays_tutka05_cast033_5028.cnv
* Sea-Bird SBE19plus Data File:
* FileName = C:\Users\Kris.Holderied\Documents\kasitsna\Research-KBL\Oceanography-AK\CTD-Data-ALL-to-2016-05\2016-CTD-KachemakBay-CookInlet\2016-07-29-KachemakBay-Plankton\2016-07-29-KachemakBay-Plankton-cast033.hex
* Software Version 1.59
* Temperature SN =  5028
* Conductivity SN =  5028
* System UpLoad Time = Aug 05 2016 20:00:06
** Kachemak Bay CTDs for sub-bay plankton sampling
** Date (YYYY-MM-DD): 2016-07-29
** Station (eg. 9-01): Tutka05
** Start time (AKDT): 11:59
** Depth (m): 91.4
** Comment:  R/V Edgecumbe.  Sampling to evaluate sub-bay water column.
** Comment:
# nquan = 27
# nvalues = 84                          
# units = specified
# name 0 = scan: Scan Count
# name 1 = timeJ: Julian Days
# name 2 = timeH: Time, Elapsed [hours]
# name 3 = timeM: Time, Elapsed [minutes]
# name 4 = timeS: Time, Elapsed [seconds]
# name 5 = prdM: Pressure, Strain Gauge [db]
# name 6 = specc: Specific Conductance [uS/cm]
# name 7 = sal00: Salinity, Practical [PSU]
# name 8 = tv290C: Temperature [ITS-90, deg C]
# name 9 = depSM: Depth [salt water, m], lat = 59.00
# name 10 = potemp090C: Potential Temperature [ITS-90, deg C]
# name 11 = sigma-é00: Density [sigma-theta, kg/m^3]
# name 12 = sbeox0ML/L: Oxygen, SBE 43 [ml/l]
# name 13 = sbeox0Mg/L: Oxygen, SBE 43 [mg/l]
# name 14 = sbeox0PS: Oxygen, SBE 43 [% saturation]
# name 15 = sbox0Mm/Kg: Oxygen, SBE 43 [umol/kg]
# name 16 = sbeox0Mm/L: Oxygen, SBE 43 [umol/l]
# name 17 = sbox0dV/dT: Oxygen, SBE 43 [dov/dt]
# name 18 = oxsolML/L: Oxygen Saturation, Garcia & Gordon [ml/l]
# name 19 = oxsolMg/L: Oxygen Saturation, Garcia & Gordon [mg/l]
# name 20 = oxsolMm/Kg: Oxygen Saturation, Garcia & Gordon [umol/kg]
# name 21 = potemp090C: Potential Temperature [ITS-90, deg C]
# name 22 = n2satMg/L: Nitrogen Saturation [mg/l]
# name 23 = par: PAR/Irradiance, Biospherical/Licor
# name 24 = flECO-AFL: Fluorescence, WET Labs ECO-AFL/FL [mg/m^3]
# name 25 = turbWETntu0: Turbidity, WET Labs ECO [NTU]
# name 26 = flag: flag
# span 0 =        265,        492       
# span 1 = 211.500741, 211.501399       
# span 2 =    0.01832,    0.03412       
# span 3 =     1.0996,     2.0471       
# span 4 =     65.976,    122.826       
# span 5 =      1.009,     84.809       
# span 6 =  38101.016,  49491.882       
# span 7 =    23.8251,    31.4269       
# span 8 =     9.2672,    12.9772       
# span 9 =      1.000,     84.000       
# span 10 =     9.2640,    13.0385      
# span 11 =    17.7579,    24.2101      
# span 12 =     5.5395,     7.4451      
# span 13 =     7.9164,    10.6398      
# span 14 =     84.481,    116.688      
# span 15 =    241.556,    324.815      
# span 16 =    247.393,    332.498      
# span 17 =   -0.06622,    0.15511      
# span 18 =    6.21662,    6.57515      
# span 19 =    8.88417,    9.39655      
# span 20 =  271.85688,  286.73196      
# span 21 =     9.2632,    12.9771      
# span 22 =   14.14307,   14.84761      
# span 23 = 7.0457e-02, 1.8472e+02      
# span 24 =     0.1028,     0.3998      
# span 25 =     0.1507,     1.2277      
# span 26 = 0.0000e+00, 0.0000e+00      
# interval = meters: 1                  
# start_time = Jul 29 2016 11:59:58 [Instrument's time stamp, header]
# bad_flag = -9.990e-29
*END*
        265 211.500741    0.01832     1.0996     65.976      1.009  38101.016    23.8251    12.9772      1.000    13.0385    17.7579     6.5498     9.3604    103.062    287.399    292.517    0.15511    6.35928    9.08805  279.05095    12.9771   14.51025 1.8472e+02     0.3664     1.2277 0.0000e+00
        270 211.500755    0.01869     1.1216     67.299      2.018  44550.876    28.3016    12.7256      2.000    12.4148    21.2620     6.8179     9.7435    109.684    298.147    304.489    0.14270    6.21662    8.88417  271.85688    12.7253   14.14720 1.3335e+02     0.3933     0.8680 0.0000e+00
        273 211.500765    0.01890     1.1342     68.053      3.028  46791.818    29.8311    12.2028      3.000    11.8359    22.5411     6.8741     9.8238    110.418    300.227    306.998    0.10990    6.22542    8.89675  271.89856    12.2025   14.14307 1.1391e+02     0.3998     0.5579 0.0000e+00
        276 211.500772    0.01910     1.1456     68.735      4.038  47700.610    30.4250    11.7146      4.000    11.3993    23.0896     7.0128    10.0221    111.894    306.122    313.194    0.09214    6.26671    8.95576  273.55458    11.7141   14.22006 1.0166e+02     0.3114     0.3528 0.0000e+00
        279 211.500780    0.01928     1.1565     69.392      5.047  48186.677    30.7260    11.3054      5.000    11.0516    23.3958     7.1940    10.2810    114.005    313.939    321.286    0.08435    6.30957    9.01701  275.34309    11.3048   14.30456 9.0437e+01     0.2355     0.2342 0.0000e+00
        281 211.500787    0.01945     1.1673     70.036      6.057  48409.195    30.8484    10.9872      6.000    10.7791    23.5465     7.3631    10.5226    115.985    321.269    328.834    0.08008    6.34781    9.07165  276.97093    10.9866   14.38204 7.9894e+01     0.2208     0.1961 0.0000e+00
        284 211.500795    0.01963     1.1779     70.675      7.066  48561.548    30.9264    10.7258      7.000    10.5574    23.6521     7.4451    10.6398    116.688    324.815    332.498    0.06967    6.38045    9.11831  278.36700    10.7250   14.44858 7.0034e+01     0.2543     0.1820 0.0000e+00
        286 211.500802    0.01981     1.1886     71.319      8.076  48626.938    30.9471    10.5100      8.000    10.3340    23.7047     7.3867    10.5563    115.258    322.250    329.889    0.04774    6.40948    9.15979  279.61899    10.5091   14.50843 6.1251e+01     0.3055     0.1793 0.0000e+00
        289 211.500810    0.01999     1.1996     71.974      9.085  48709.597    30.9775    10.2797      9.000    10.1242    23.7668     7.2145    10.3102    112.036    314.719    322.198    0.01753    6.44039    9.20397  280.95043    10.2787   14.57203 5.3614e+01     0.3427     0.1806 0.0000e+00
        292 211.500818    0.02018     1.2107     72.642     10.094  48849.235    31.0510    10.0781     10.000     9.9849    23.8574     6.9994    10.0028    108.267    305.310    312.592   -0.01188    6.46567    9.24010  282.02861    10.0769   14.62332 4.6815e+01     0.3489     0.1751 0.0000e+00
        294 211.500826    0.02037     1.2220     73.317     11.104  48941.154    31.1010     9.9617     11.000     9.9062    23.9154     6.7710     9.6764    104.496    295.327    302.390   -0.03466    6.48004    9.26062  282.63904     9.9605   14.65233 4.0949e+01     0.3400     0.1642 0.0000e+00
        297 211.500833    0.02055     1.2330     73.977     12.114  48967.725    31.1105     9.8923     12.000     9.8410    23.9342     6.5546     9.3672    101.010    285.888    292.730   -0.05027    6.48949    9.27412  283.04596     9.8911   14.67176 3.5937e+01     0.3427     0.1531 0.0000e+00
        300 211.500841    0.02073     1.2438     74.628     13.124  48989.402    31.1172     9.8276     13.000     9.7794    23.9499     6.3565     9.0841     97.821    277.244    283.884   -0.06159    6.49843    9.28691  283.43180     9.8262   14.69019 3.1520e+01     0.3560     0.1507 0.0000e+00
        302 211.500848    0.02091     1.2545     75.273     14.133  49004.566    31.1197     9.7674     14.000     9.7192    23.9614     6.2051     8.8678     95.366    270.637    277.122   -0.06622    6.50692    9.29904  283.79888     9.7659   14.70773 2.7717e+01     0.3611     0.1552 0.0000e+00
        305 211.500855    0.02109     1.2653     75.919     15.142  49023.787    31.1251     9.7072     15.000     9.6626    23.9753     6.0996     8.7169     93.622    266.031    272.410   -0.06502    6.51532    9.31104  284.16122     9.7055   14.72504 2.4383e+01     0.3385     0.1628 0.0000e+00
        307 211.500863    0.02127     1.2761     76.568     16.152  49049.857    31.1359     9.6529     16.000     9.6166    23.9925     6.0340     8.6233     92.511    263.169    269.483   -0.05951    6.52265    9.32152  284.47632     9.6512   14.74007 2.1507e+01     0.3045     0.1649 0.0000e+00
        310 211.500871    0.02145     1.2870     77.220     17.162  49075.716    31.1481     9.6098     17.000     9.5825    24.0088     5.9887     8.5584     91.734    261.184    267.455   -0.05279    6.52833    9.32963  284.71946     9.6080   14.75165 1.9033e+01     0.2717     0.1694 0.0000e+00
        312 211.500878    0.02163     1.2979     77.872     18.171  49112.755    31.1695     9.5779     18.000     9.5673    24.0307     5.9490     8.5018     91.075    259.450    265.684   -0.04636    6.53202    9.33490  284.87413     9.5759   14.75896 1.6832e+01     0.2521     0.1870 0.0000e+00
        315 211.500886    0.02181     1.3088     78.525     19.180  49129.699    31.1796     9.5677     19.000     9.5568    24.0402     5.9137     8.4513     90.520    257.905    264.105   -0.04070    6.53307    9.33640  284.91734     9.5656   14.76098 1.4909e+01     0.2288     0.2001 0.0000e+00
        318 211.500893    0.02199     1.3197     79.180     20.189  49120.547    31.1708     9.5525     20.000     9.5291    24.0357     5.8838     8.4085     90.027    256.603    262.770   -0.03577    6.53562    9.34006  285.03000     9.5504   14.76641 1.3221e+01     0.2073     0.2052 0.0000e+00
        320 211.500901    0.02217     1.3306     79.838     21.199  49131.409    31.1742     9.5241     21.000     9.4997    24.0429     5.8567     8.3698     89.558    255.419    261.561   -0.03148    6.53958    9.34572  285.20081     9.5218   14.77456 1.1697e+01     0.2032     0.2042 0.0000e+00
        323 211.500909    0.02236     1.3417     80.499     22.208  49150.738    31.1836     9.4957     22.000     9.4756    24.0547     5.8343     8.3378     89.165    254.440    260.561   -0.02776    6.54329    9.35101  285.35896     9.4933   14.78208 1.0352e+01     0.1913     0.2076 0.0000e+00
        326 211.500916    0.02255     1.3527     81.162     23.219  49168.141    31.1923     9.4727     23.000     9.4567    24.0652     5.8170     8.3131     88.861    253.684    259.789   -0.02412    6.54625    9.35524  285.48512     9.4702   14.78808 9.1566e+00     0.1693     0.2154 0.0000e+00
        328 211.500924    0.02273     1.3638     81.826     24.228  49173.024    31.1929     9.4548     24.000     9.4355    24.0685     5.8004     8.2893     88.571    252.956    259.045   -0.02100    6.54881    9.35891  285.59598     9.4522   14.79338 8.1133e+00     0.1554     0.2201 0.0000e+00
        331 211.500932    0.02292     1.3748     82.490     25.237  49161.980    31.1814     9.4299     25.000     9.3998    24.0634     5.7828     8.2640     88.247    252.187    258.256   -0.01885    6.55291    9.36476  285.77592     9.4272   14.80203 7.1907e+00     0.1515     0.2310 0.0000e+00
        334 211.500939    0.02310     1.3859     83.154     26.246  49163.520    31.1771     9.3930     26.000     9.3630    24.0659     5.7634     8.2365     87.879    251.344    257.394   -0.01733    6.55842    9.37264  286.01570     9.3903   14.81352 6.3531e+00     0.1539     0.2498 0.0000e+00
        336 211.500947    0.02328     1.3970     83.817     27.256  49186.157    31.1880     9.3591     27.000     9.3427    24.0797     5.7410     8.2044     87.477    250.362    256.391   -0.01641    6.56288    9.37903  286.20672     9.3562   14.82260 5.6180e+00     0.1482     0.2511 0.0000e+00
        339 211.500955    0.02346     1.4080     84.478     28.266  49207.579    31.2007     9.3448     28.000     9.3393    24.0918     5.7209     8.1757     87.150    249.483    255.494   -0.01540    6.56442    9.38122  286.27038     9.3419   14.82559 4.9757e+00     0.1389     0.2481 0.0000e+00
        342 211.500963    0.02365     1.4189     85.137     29.276  49211.160    31.2024     9.3421     29.000     9.3353    24.0936     5.7063     8.1549     86.924    248.851    254.847   -0.01387    6.56474    9.38168  286.28399     9.3390   14.82624 4.3932e+00     0.1348     0.2608 0.0000e+00
        344 211.500969    0.02383     1.4299     85.793     30.285  49194.555    31.1894     9.3351     30.000     9.3155    24.0845     5.6968     8.1414     86.759    248.438    254.421   -0.01218    6.56632    9.38392  286.35493     9.3319   14.82968 3.8764e+00     0.1314     0.2772 0.0000e+00
        347 211.500977    0.02402     1.4408     86.447     31.295  49194.807    31.1860     9.3122     31.000     9.2918    24.0855     5.6857     8.1254     86.542    247.950    253.921   -0.01111    6.56979    9.38888  286.50624     9.3089   14.83693 3.4189e+00     0.1304     0.2927 0.0000e+00
        349 211.500985    0.02420     1.4517     87.101     32.305  49213.316    31.1956     9.2905     32.000     9.2787    24.0964     5.6713     8.1049     86.288    247.321    253.280   -0.01054    6.57255    9.39282  286.62318     9.2871   14.84248 3.0058e+00     0.1368     0.3028 0.0000e+00
        352 211.500992    0.02438     1.4626     87.755     33.314  49226.710    31.2033     9.2806     33.000     9.2739    24.1040     5.6566     8.0838     86.049    246.678    252.623   -0.01008    6.57366    9.39441  286.66974     9.2771   14.84468 2.6437e+00     0.1350     0.2998 0.0000e+00
        355 211.501000    0.02455     1.4735     88.411     34.324  49237.369    31.2098     9.2768     34.000     9.2741    24.1097     5.6448     8.0669     85.866    246.161    252.096   -0.00934    6.57393    9.39480  286.67986     9.2732   14.84514 2.3214e+00     0.1273     0.2909 0.0000e+00
        357 211.501008    0.02474     1.4845     89.069     35.333  49241.057    31.2121     9.2781     35.000     9.2734    24.1113     5.6335     8.0508     85.698    245.668    251.591   -0.00856    6.57364    9.39439  286.66677     9.2744   14.84450 2.0390e+00     0.1276     0.2938 0.0000e+00
        360 211.501016    0.02492     1.4955     89.730     36.343  49235.844    31.2076     9.2752     36.000     9.2653    24.1082     5.6219     8.0342     85.513    245.161    251.072   -0.00805    6.57426    9.39528  286.69478     9.2713   14.84586 1.7912e+00     0.1234     0.3028 0.0000e+00
        363 211.501023    0.02511     1.5065     90.390     37.352  49247.227    31.2142     9.2672     37.000     9.2640    24.1145     5.6087     8.0154     85.301    244.588    250.485   -0.00780    6.57515    9.39655  286.73196     9.2632   14.84761 1.5667e+00     0.1157     0.3180 0.0000e+00
        365 211.501031    0.02529     1.5175     91.049     38.362  49273.791    31.2328     9.2706     38.000     9.2770    24.1287     5.5941     7.9945     85.096    243.945    249.831   -0.00763    6.57385    9.39470  286.67135     9.2667   14.84463 1.3666e+00     0.1183     0.3488 0.0000e+00
        368 211.501039    0.02548     1.5285     91.710     39.372  49277.082    31.2365     9.2836     39.000     9.2868    24.1295     5.5793     7.9733     84.896    243.298    249.170   -0.00742    6.57182    9.39178  286.58222     9.2795   14.84036 1.1908e+00     0.1236     0.3696 0.0000e+00
        370 211.501046    0.02565     1.5395     92.371     40.381  49293.833    31.2492     9.2934     40.000     9.3026    24.1379     5.5652     7.9533     84.709    242.687    248.545   -0.00718    6.56983    9.38895  286.49347     9.2893   14.83607 1.0352e+00     0.1259     0.3827 0.0000e+00
        373 211.501053    0.02584     1.5506     93.035     41.391  49313.234    31.2650     9.3126     41.000     9.3271    24.1473     5.5530     7.9359     84.568    242.152    247.999   -0.00677    6.56639    9.38402  286.34058     9.3082   14.82870 8.9990e-01     0.1173     0.4054 0.0000e+00
        376 211.501061    0.02603     1.5617     93.699     42.401  49321.656    31.2740     9.3380     42.000     9.3553    24.1504     5.5452     7.9246     84.500    241.807    247.647   -0.00595    6.56231    9.37820  286.16195     9.3336   14.82012 7.8498e-01     0.1081     0.4076 0.0000e+00
        378 211.501069    0.02621     1.5727     94.363     43.411  49339.809    31.2903     9.3676     43.000     9.3922    24.1585     5.5397     7.9167     84.481    241.567    247.402   -0.00496    6.55732    9.37108  285.94227     9.3630   14.80955 6.8441e-01     0.1028     0.3912 0.0000e+00
        381 211.501076    0.02640     1.5838     95.026     44.420  49351.332    31.3033     9.4069     44.000     9.4326    24.1626     5.5395     7.9164     84.558    241.556    247.393   -0.00363    6.55108    9.36215  285.66890     9.4022   14.79643 5.9916e-01     0.1030     0.3793 0.0000e+00
        384 211.501084    0.02658     1.5948     95.690     45.430  49348.679    31.3063     9.4460     45.000     9.4653    24.1587     5.5466     7.9266     84.741    241.867    247.710   -0.00187    6.54530    9.35389  285.41784     9.4412   14.78441 5.2646e-01     0.1150     0.3784 0.0000e+00
        386 211.501092    0.02677     1.6059     96.355     46.439  49350.208    31.3112     9.4778     46.000     9.4956    24.1576     5.5571     7.9417     84.965    242.328    248.181   -0.00009    6.54050    9.34702  285.20863     9.4728   14.77438 4.6193e-01     0.1290     0.3850 0.0000e+00
        389 211.501100    0.02695     1.6170     97.022     47.449  49358.348    31.3206     9.5085     47.000     9.5265    24.1602     5.5682     7.9575     85.196    242.807    248.673    0.00136    6.53568    9.34013  284.99760     9.5034   14.76426 4.0710e-01     0.1201     0.3920 0.0000e+00
        392 211.501107    0.02713     1.6282     97.690     48.459  49362.505    31.3272     9.5389     48.000     9.5568    24.1605     5.5775     7.9709     85.401    243.218    249.095    0.00237    6.53102    9.33348  284.79441     9.5337   14.75451 3.6097e-01     0.1090     0.3862 0.0000e+00
        394 211.501115    0.02732     1.6393     98.356     49.468  49379.279    31.3427     9.5700     49.000     9.5931    24.1677     5.5851     7.9817     85.584    243.546    249.432    0.00303    6.52588    9.32612  284.56822     9.5648   14.74364 3.2091e-01     0.1040     0.3687 0.0000e+00
        397 211.501123    0.02751     1.6504     99.023     50.478  49383.069    31.3500     9.6075     50.000     9.6250    24.1674     5.5935     7.9936     85.787    243.909    249.804    0.00359    6.52018    9.31799  284.32005     9.6021   14.73174 2.8742e-01     0.1084     0.3493 0.0000e+00
        400 211.501130    0.02769     1.6616     99.694     51.487  49370.976    31.3446     9.6353     51.000     9.6413    24.1589     5.6084     8.0150     86.066    244.563    250.472    0.00449    6.51642    9.31262  284.15835     9.6298   14.72403 2.5872e-01     0.1176     0.3431 0.0000e+00
        402 211.501138    0.02788     1.6727    100.365     52.498  49362.924    31.3405     9.6500     52.000     9.6487    24.1533     5.6262     8.0403     86.364    245.338    251.263    0.00546    6.51448    9.30984  284.07509     9.6444   14.72006 2.3340e-01     0.1257     0.3456 0.0000e+00
        405 211.501146    0.02807     1.6839    101.037     53.507  49361.312    31.3397     9.6553     53.000     9.6512    24.1519     5.6403     8.0607     86.592    245.959    251.899    0.00585    6.51375    9.30880  284.04393     9.6496   14.71857 2.1162e-01     0.1195     0.3430 0.0000e+00
