CTD-processing/allCTD/CNV/2016_08-29_t3_s02_cast049_5028.cnv
* Sea-Bird SBE19plus Data File:
* FileName = C:\Users\Kim.Powell\Desktop\2016_08-29_T3_5028\2016_08-29_T3_5028_cast049.hex
* Software Version 1.59
* Temperature SN =  5028
* Conductivity SN =  5028
* System UpLoad Time = Aug 29 2016 21:32:45
** CookInlet LTM Transect 3
** 2016_08-29
** Station: 3-02
** Start Time: 08:33
** Depth (m): 23.3
** Comment: crossed convergence zone between S01 and S02
** Comment:
# nquan = 27
# nvalues = 22                          
# units = specified
# name 0 = scan: Scan Count
# name 1 = timeJ: Julian Days
# name 2 = timeH: Time, Elapsed [hours]
# name 3 = timeM: Time, Elapsed [minutes]
# name 4 = timeS: Time, Elapsed [seconds]
# name 5 = prdM: Pressure, Strain Gauge [db]
# name 6 = specc: Specific Conductance [uS/cm]
# name 7 = sal00: Salinity, Practical [PSU]
# name 8 = tv290C: Temperature [ITS-90, deg C]
# name 9 = depSM: Depth [salt water, m], lat = 59.00
# name 10 = potemp090C: Potential Temperature [ITS-90, deg C]
# name 11 = sigma-é00: Density [sigma-theta, kg/m^3]
# name 12 = sbeox0ML/L: Oxygen, SBE 43 [ml/l]
# name 13 = sbeox0Mg/L: Oxygen, SBE 43 [mg/l]
# name 14 = sbeox0PS: Oxygen, SBE 43 [% saturation]
# name 15 = sbox0Mm/Kg: Oxygen, SBE 43 [umol/kg]
# name 16 = sbeox0Mm/L: Oxygen, SBE 43 [umol/l]
# name 17 = sbox0dV/dT: Oxygen, SBE 43 [dov/dt]
# name 18 = oxsolML/L: Oxygen Saturation, Garcia & Gordon [ml/l]
# name 19 = oxsolMg/L: Oxygen Saturation, Garcia & Gordon [mg/l]
# name 20 = oxsolMm/Kg: Oxygen Saturation, Garcia & Gordon [umol/kg]
# name 21 = potemp090C: Potential Temperature [ITS-90, deg C]
# name 22 = n2satMg/L: Nitrogen Saturation [mg/l]
# name 23 = par: PAR/Irradiance, Biospherical/Licor
# name 24 = flECO-AFL: Fluorescence, WET Labs ECO-AFL/FL [mg/m^3]
# name 25 = turbWETntu0: Turbidity, WET Labs ECO [NTU]
# name 26 = flag: flag
# span 0 =        192,        334       
# span 1 = 242.356930, 242.357341       
# span 2 =    0.01325,    0.02313       
# span 3 =     0.7951,     1.3874       
# span 4 =     47.706,     83.242       
# span 5 =      1.010,     22.209       
# span 6 =  41020.845,  44291.231       
# span 7 =    25.8859,    28.1119       
# span 8 =    12.7831,    13.3678       
# span 9 =      1.000,     22.000       
# span 10 =    12.7805,    13.3561      
# span 11 =    19.2768,    21.1042      
# span 12 =     4.9328,     5.7308      
# span 13 =     7.0495,     8.1898      
# span 14 =     79.214,     92.537      
# span 15 =    216.138,    250.825      
# span 16 =    220.300,    255.937      
# span 17 =   -0.00335,    0.05743      
# span 18 =    6.19298,    6.22693      
# span 19 =    8.85039,    8.89891      
# span 20 =  271.05497,  272.84099      
# span 21 =    12.7805,    13.3676      
# span 22 =   14.11283,   14.20411      
# span 23 = 6.1603e-02, 3.2529e+01      
# span 24 =     0.3119,     0.6172      
# span 25 =     0.9906,     5.9788      
# span 26 = 0.0000e+00, 0.0000e+00      
# interval = meters: 1                  
# start_time = Aug 29 2016 08:33:11 [Instrument's time stamp, header]
# bad_flag = -9.990e-29
*END*
        192 242.356930    0.01325     0.7951     47.706      1.010  41020.845    25.8859    13.3678      1.000    13.3561    19.2768     4.9328     7.0495     79.214    216.138    220.300   -0.00335    6.22693    8.89891  272.84099    13.3676   14.20411 3.2529e+01     0.5099     1.4859 0.0000e+00
        255 242.357111    0.01761     1.0565     63.389      2.019  41341.451    26.0921    13.3123      2.000    13.2773    19.4461     5.0473     7.2130     81.070    221.110    225.411    0.01280    6.22571    8.89715  272.73623    13.3120   14.19823 2.0861e+01     0.5828     1.4310 0.0000e+00
        257 242.357119    0.01780     1.0676     64.056      3.028  41689.371    26.3312    13.2575      3.000    13.2618    19.6408     5.3891     7.7015     86.595    236.037    240.675    0.04522    6.22359    8.89412  272.59148    13.2571   14.19032 1.3292e+01     0.6172     1.6616 0.0000e+00
        261 242.357130    0.01807     1.0843     65.060      4.038  42319.226    26.7725    13.2770      4.000    13.2839    19.9776     5.5974     7.9992     90.227    245.081    249.979    0.05743    6.20397    8.86610  271.64289    13.2765   14.14305 9.0846e+00     0.6146     1.6165 0.0000e+00
        265 242.357142    0.01835     1.1009     66.056      5.047  42714.849    27.0488    13.2766      5.000    13.2523    20.1910     5.6951     8.1388     91.956    249.308    254.342    0.05113    6.19334    8.85090  271.12029    13.2759   14.11687 6.8961e+00     0.5790     1.2779 0.0000e+00
        269 242.357153    0.01862     1.1173     67.036      6.057  43045.919    27.2757    13.2115      6.000    13.1554    20.3783     5.7308     8.1898     92.537    250.825    255.937    0.03952    6.19298    8.85039  271.05497    13.2108   14.11283 5.5764e+00     0.5544     1.0325 0.0000e+00
        273 242.357164    0.01889     1.1335     68.008      7.067  43345.476    27.4774    13.1046      7.000    13.0629    20.5541     5.7221     8.1774     92.306    250.402    255.548    0.02517    6.19903    8.85904  271.27304    13.1037   14.12248 4.6293e+00     0.5268     0.9906 0.0000e+00
        277 242.357176    0.01917     1.1498     68.989      8.076  43502.696    27.5821    13.0346      8.000    13.0133    20.6480     5.7058     8.1542     91.969    249.666    254.822    0.01431    6.20406    8.86622  271.46810    13.0335   14.13142 3.8770e+00     0.4794     1.0535 0.0000e+00
        281 242.357187    0.01944     1.1663     69.981      9.085  43591.816    27.6416    12.9999      9.000    12.9866    20.7005     5.6971     8.1417     91.797    249.273    254.433    0.00837    6.20625    8.86935  271.54981    12.9988   14.13511 3.2272e+00     0.4272     1.1088 0.0000e+00
        285 242.357199    0.01971     1.1830     70.979     10.094  43670.653    27.6947    12.9757     10.000    12.9627    20.7461     5.6919     8.1343     91.696    249.033    254.200    0.00480    6.20734    8.87091  271.58553    12.9744   14.13660 2.6590e+00     0.3779     1.1510 0.0000e+00
        289 242.357211    0.01999     1.1996     71.973     11.104  43739.000    27.7406    12.9535     11.000    12.9408    20.7857     5.6937     8.1368     91.709    249.101    254.278    0.00318    6.20844    8.87248  271.62307    12.9522   14.13822 2.1585e+00     0.3592     1.2186 0.0000e+00
        293 242.357221    0.02027     1.2160     72.960     12.113  43822.874    27.7972    12.9293     12.000    12.9132    20.8339     5.7000     8.1457     91.795    249.363    254.558    0.00261    6.20940    8.87385  271.65225    12.9278   14.13940 1.7229e+00     0.3500     1.3222 0.0000e+00
        297 242.357233    0.02054     1.2324     73.943     13.123  43922.497    27.8645    12.8997     13.000    12.8823    20.8915     5.7072     8.1562     91.895    249.669    254.885    0.00242    6.21063    8.87561  271.69065    12.8981   14.14097 1.3442e+00     0.3411     1.4668 0.0000e+00
        301 242.357244    0.02081     1.2488     74.930     14.133  44003.416    27.9187    12.8714     14.000    12.8598    20.9387     5.7067     8.1554     91.862    249.634    254.861    0.00147    6.21222    8.87788  271.74768    12.8696   14.14348 1.0243e+00     0.3424     1.6614 0.0000e+00
        305 242.357256    0.02109     1.2656     75.936     15.142  44072.434    27.9653    12.8522     15.000    12.8389    20.9783     5.7038     8.1513     91.806    249.498    254.732    0.00041    6.21291    8.87886  271.76720    12.8503   14.14423 7.6186e-01     0.3366     1.8779 0.0000e+00
        309 242.357268    0.02138     1.2826     76.957     16.152  44158.420    28.0235    12.8281     16.000    12.8158    21.0277     5.7102     8.1605     91.895    249.765    255.017    0.00074    6.21379    8.88013  271.79283    12.8260   14.14523 5.3153e-01     0.3206     2.3675 0.0000e+00
        313 242.357280    0.02166     1.2994     77.966     17.162  44197.542    28.0493    12.8117     17.000    12.8058    21.0507     5.7116     8.1624     91.902    249.820    255.080    0.00059    6.21491    8.88174  271.83588    12.8095   14.14719 3.3478e-01     0.3182     3.2250 0.0000e+00
        317 242.357292    0.02193     1.3161     78.965     18.171  44230.265    28.0713    12.8039     18.000    12.7960    21.0692     5.7116     8.1625     91.900    249.819    255.082    0.00019    6.21509    8.88198  271.83828    12.8016   14.14722 2.0496e-01     0.3119     3.7229 0.0000e+00
        321 242.357303    0.02221     1.3330     79.979     19.180  44272.098    28.0994    12.7923     19.000    12.7848    21.0931     5.7175     8.1709     91.989    250.071    255.345    0.00065    6.21550    8.88257  271.84999    12.7899   14.14767 1.2875e-01     0.3265     4.3350 0.0000e+00
        325 242.357315    0.02250     1.3501     81.008     20.190  44291.231    28.1119    12.7844     20.000    12.7805    21.1042     5.7193     8.1735     92.008    250.144    255.424    0.00055    6.21604    8.88335  271.87096    12.7819   14.14862 8.9709e-02     0.3408     5.3619 0.0000e+00
        329 242.357327    0.02280     1.3676     82.055     21.199  44290.808    28.1111    12.7831     21.000    12.7811    21.1039     5.7202     8.1747     92.020    250.182    255.462    0.00034    6.21624    8.88364  271.87981    12.7805   14.14906 7.0669e-02     0.3411     5.9523 0.0000e+00
        334 242.357341    0.02313     1.3874     83.242     22.209  44289.648    28.1101    12.7849     22.000    12.7817    21.1027     5.7178     8.1712     91.983    250.075    255.353   -0.00004    6.21606    8.88337  271.87192    12.7821   14.14867 6.1603e-02     0.3442     5.9788 0.0000e+00
