CTD-processing/allCTD/CNV/2016_12-13_t9_s06_cast192_5028.cnv
* Sea-Bird SBE19plus Data File:
* FileName = P:\My Documents\kasitsna\Research-KBL\Oceanography-AK\CTD-Data-ALL-to-2016-05\2016-CTD-KachemakBay-CookInlet\2016-12-CookInlet-quarterly\2016-12-13-CookInlet-Tran9-HomerSpit\2016-12-13-CookInlet-Tran9-cast192.hex
* Software Version 1.59
* Temperature SN =  5028
* Conductivity SN =  5028
* System UpLoad Time = Jan 04 2017 19:29:21
** Cook Inlet LTM Tran 9 south to north
** Date: (YYYY-MM-DD): 2016-12-13
** Station: (eg. 9-01): 9-06
** Start time (AKST): 17:16
** Depth (m): 97.5
** Comment: R/V Alaska Dream Catcher. CTD on AKDT (1 hr ahead).
** Comment:
# nquan = 27
# nvalues = 97                          
# units = specified
# name 0 = scan: Scan Count
# name 1 = timeJ: Julian Days
# name 2 = timeH: Time, Elapsed [hours]
# name 3 = timeM: Time, Elapsed [minutes]
# name 4 = timeS: Time, Elapsed [seconds]
# name 5 = prdM: Pressure, Strain Gauge [db]
# name 6 = specc: Specific Conductance [uS/cm]
# name 7 = sal00: Salinity, Practical [PSU]
# name 8 = tv290C: Temperature [ITS-90, deg C]
# name 9 = depSM: Depth [salt water, m], lat = 59.00
# name 10 = potemp090C: Potential Temperature [ITS-90, deg C]
# name 11 = sigma-é00: Density [sigma-theta, kg/m^3]
# name 12 = sbeox0ML/L: Oxygen, SBE 43 [ml/l]
# name 13 = sbeox0Mg/L: Oxygen, SBE 43 [mg/l]
# name 14 = sbeox0PS: Oxygen, SBE 43 [% saturation]
# name 15 = sbox0Mm/Kg: Oxygen, SBE 43 [umol/kg]
# name 16 = sbeox0Mm/L: Oxygen, SBE 43 [umol/l]
# name 17 = sbox0dV/dT: Oxygen, SBE 43 [dov/dt]
# name 18 = oxsolML/L: Oxygen Saturation, Garcia & Gordon [ml/l]
# name 19 = oxsolMg/L: Oxygen Saturation, Garcia & Gordon [mg/l]
# name 20 = oxsolMm/Kg: Oxygen Saturation, Garcia & Gordon [umol/kg]
# name 21 = potemp090C: Potential Temperature [ITS-90, deg C]
# name 22 = n2satMg/L: Nitrogen Saturation [mg/l]
# name 23 = par: PAR/Irradiance, Biospherical/Licor
# name 24 = flECO-AFL: Fluorescence, WET Labs ECO-AFL/FL [mg/m^3]
# name 25 = turbWETntu0: Turbidity, WET Labs ECO [NTU]
# name 26 = flag: flag
# span 0 =        112,        693       
# span 1 = 348.762461, 348.764145       
# span 2 =    0.00768,    0.04809       
# span 3 =     0.4609,     2.8852       
# span 4 =     27.653,    173.110       
# span 5 =      1.009,     97.939       
# span 6 =  49313.838,  50257.626       
# span 7 =    30.8532,    31.5389       
# span 8 =     6.3625,     6.9948       
# span 9 =      1.000,     97.000       
# span 10 =     6.4046,     6.9866      
# span 11 =    24.2328,    24.6967      
# span 12 =     5.8917,     6.1420      
# span 13 =     8.4198,     8.7775      
# span 14 =     84.262,     88.383      
# span 15 =    256.790,    267.707      
# span 16 =    263.124,    274.303      
# span 17 =   -0.00067,    0.06095      
# span 18 =    6.90737,    7.04409      
# span 19 =    9.87131,   10.06671      
# span 20 =  301.04855,  307.17091      
# span 21 =     6.3625,     6.9862      
# span 22 =   15.52989,   15.82450      
# span 23 = 3.8624e-02, 5.4479e-02      
# span 24 =     0.0606,     0.1101      
# span 25 =     0.6426,     2.3767      
# span 26 = 0.0000e+00, 0.0000e+00      
# interval = meters: 1                  
# start_time = Dec 13 2016 18:17:29 [Instrument's time stamp, header]
# bad_flag = -9.990e-29
*END*
        112 348.762461    0.00768     0.4609     27.653      1.009  49313.838    30.8532     6.3625      1.000     6.4046    24.2328     6.0929     8.7074     86.489    265.696    272.111    0.01367    7.04409   10.06671  307.17091     6.3625   15.82450 3.8624e-02     0.0895     1.1462 0.0000e+00
        318 348.763057    0.02199     1.3190     79.138      2.019  50138.102    31.4074     6.5024      2.000     6.4963    24.6536     5.8917     8.4198     84.262    256.790    263.124    0.06095    6.99240    9.99284  304.76427     6.5023   15.70760 3.9766e-02     0.1035     0.7484 0.0000e+00
        302 348.763012    0.02089     1.2538     75.227      3.029  50055.269    31.3504     6.4844      3.000     6.4818    24.6109     6.0321     8.6205     86.194    262.923    269.393    0.04852    6.99831   10.00129  305.03741     6.4841   15.72084 3.9382e-02     0.0972     0.8232 0.0000e+00
        306 348.763023    0.02117     1.2700     76.200      4.038  50061.449    31.3536     6.4809      4.000     6.4814    24.6138     6.0067     8.5841     85.825    261.813    268.257    0.03371    6.99872   10.00187  305.05437     6.4806   15.72163 3.9371e-02     0.0892     0.8396 0.0000e+00
        310 348.763034    0.02143     1.2858     77.145      5.047  50071.683    31.3610     6.4852      5.000     6.4902    24.6191     5.9905     8.5610     85.606    261.107    267.535    0.02367    6.99769   10.00041  305.00806     6.4847   15.71940 3.9348e-02     0.0846     0.8755 0.0000e+00
        314 348.763046    0.02172     1.3029     78.172      6.056  50068.383    31.3601     6.4957      6.000     6.4974    24.6172     5.9906     8.5612     85.629    261.113    267.541    0.01709    6.99602    9.99802  304.93574     6.4951   15.71595 3.9396e-02     0.0776     0.9544 0.0000e+00
        318 348.763058    0.02201     1.3207     79.240      7.066  50070.436    31.3619     6.5001      7.000     6.5023    24.6180     5.9950     8.5674     85.702    261.304    267.736    0.01264    6.99521    9.99686  304.90030     6.4995   15.71426 4.0055e-02     0.0854     0.9610 0.0000e+00
        322 348.763070    0.02229     1.3374     80.246      8.075  50073.562    31.3648     6.5064      8.000     6.5086    24.6195     5.9982     8.5720     85.761    261.442    267.879    0.00943    6.99406    9.99521  304.84947     6.5057   15.71182 4.3839e-02     0.1020     0.9092 0.0000e+00
        326 348.763081    0.02256     1.3538     81.228      9.085  50072.652    31.3645     6.5113      9.000     6.5121    24.6187     6.0051     8.5819     85.871    261.746    268.190    0.00743    6.99326    9.99408  304.81507     6.5105   15.71018 5.4479e-02     0.0949     0.8763 0.0000e+00
        330 348.763093    0.02285     1.3707     82.244     10.095  50086.535    31.3749     6.5178     10.000     6.5242    24.6261     6.0142     8.5950     86.019    262.141    268.596    0.00618    6.99173    9.99188  304.74590     6.5170   15.70684 4.9943e-02     0.0784     0.8687 0.0000e+00
        334 348.763105    0.02314     1.3882     83.290     11.104  50091.029    31.3805     6.5341     11.000     6.5392    24.6285     6.0242     8.6092     86.197    262.573    269.039    0.00540    6.98882    9.98771  304.61819     6.5332   15.70073 4.5899e-02     0.0892     0.8504 0.0000e+00
        338 348.763117    0.02342     1.4054     84.326     12.114  50083.449    31.3765     6.5437     12.000     6.5434    24.6242     6.0348     8.6243     86.366    263.035    269.513    0.00478    6.98743    9.98574  304.55927     6.5427   15.69794 4.4191e-02     0.0892     0.8413 0.0000e+00
        343 348.763130    0.02372     1.4231     85.386     13.123  50082.381    31.3754     6.5443     13.000     6.5430    24.6232     6.0444     8.6380     86.504    263.454    269.941    0.00415    6.98739    9.98569  304.55800     6.5432   15.69789 4.3486e-02     0.0867     0.8110 0.0000e+00
        347 348.763141    0.02401     1.4403     86.419     14.132  50086.664    31.3780     6.5445     14.000     6.5454    24.6252     6.0502     8.6464     86.589    263.708    270.202    0.00342    6.98724    9.98547  304.55062     6.5433   15.69753 4.3190e-02     0.0827     0.8100 0.0000e+00
        351 348.763153    0.02428     1.4566     87.398     15.142  50098.904    31.3872     6.5515     15.000     6.5569    24.6317     6.0526     8.6498     86.643    263.812    270.309    0.00276    6.98568    9.98324  304.48075     6.5502   15.69416 4.2873e-02     0.0757     0.8008 0.0000e+00
        355 348.763165    0.02455     1.4733     88.399     16.152  50108.755    31.3963     6.5663     16.000     6.5752    24.6370     6.0578     8.6572     86.752    264.036    270.541    0.00252    6.98286    9.97921  304.35627     6.5649   15.68818 4.2655e-02     0.0940     0.7823 0.0000e+00
        359 348.763177    0.02486     1.4915     89.492     17.161  50104.715    31.3970     6.5879     17.000     6.5912    24.6348     6.0684     8.6724     86.949    264.500    271.016    0.00282    6.97933    9.97415  304.20250     6.5864   15.68085 4.2431e-02     0.0974     0.7671 0.0000e+00
        363 348.763189    0.02516     1.5094     90.561     18.171  50104.366    31.3976     6.5952     18.000     6.5980    24.6344     6.0765     8.6840     87.080    264.853    271.378    0.00273    6.97810    9.97241  304.14952     6.5937   15.67832 4.2312e-02     0.0801     0.7692 0.0000e+00
        367 348.763201    0.02543     1.5257     91.540     19.180  50109.347    31.4024     6.6050     19.000     6.6087    24.6369     6.0776     8.6854     87.118    264.896    271.423    0.00220    6.97628    9.96980  304.06940     6.6035   15.67448 4.2280e-02     0.0730     0.8076 0.0000e+00
        371 348.763213    0.02570     1.5425     92.548     20.190  50108.845    31.4034     6.6150     20.000     6.6170    24.6365     6.0759     8.6830     87.114    264.825    271.349    0.00152    6.97462    9.96744  303.99740     6.6133   15.67105 4.2221e-02     0.0726     0.8139 0.0000e+00
        375 348.763224    0.02600     1.5604     93.622     21.200  50106.489    31.4025     6.6220     21.000     6.6219    24.6349     6.0772     8.6850     87.148    264.886    271.411    0.00118    6.97351    9.96585  303.94941     6.6203   15.66876 4.2125e-02     0.0839     0.7412 0.0000e+00
        380 348.763238    0.02631     1.5785     94.713     22.209  50103.853    31.4007     6.6245     22.000     6.6223    24.6332     6.0822     8.6920     87.223    265.101    271.631    0.00119    6.97319    9.96540  303.93605     6.6227   15.66813 4.2051e-02     0.0899     0.7091 0.0000e+00
        384 348.763249    0.02660     1.5958     95.750     23.219  50103.886    31.4001     6.6234     23.000     6.6207    24.6328     6.0848     8.6959     87.258    265.217    271.751    0.00102    6.97342    9.96571  303.94574     6.6215   15.66860 4.1976e-02     0.0897     0.7301 0.0000e+00
        388 348.763261    0.02687     1.6124     96.745     24.228  50105.193    31.4003     6.6222     24.000     6.6198    24.6332     6.0865     8.6982     87.279    265.288    271.822    0.00080    6.97359    9.96596  303.95320     6.6202   15.66895 4.1930e-02     0.0833     0.7593 0.0000e+00
        392 348.763273    0.02716     1.6296     97.776     25.237  50106.610    31.4007     6.6217     25.000     6.6196    24.6336     6.0888     8.7016     87.313    265.391    271.928    0.00067    6.97365    9.96604  303.95550     6.6197   15.66906 4.1901e-02     0.0956     0.7774 0.0000e+00
        396 348.763285    0.02746     1.6474     98.845     26.247  50107.537    31.4009     6.6219     26.000     6.6197    24.6337     6.0968     8.7130     87.427    265.739    272.285    0.00103    6.97362    9.96600  303.95427     6.6197   15.66900 4.1894e-02     0.1013     0.7671 0.0000e+00
        401 348.763298    0.02776     1.6654     99.927     27.257  50107.917    31.4007     6.6219     27.000     6.6194    24.6335     6.1026     8.7212     87.510    265.989    272.541    0.00118    6.97363    9.96601  303.95461     6.6196   15.66902 4.1882e-02     0.0875     0.7477 0.0000e+00
        405 348.763310    0.02805     1.6830    100.977     28.266  50107.738    31.4000     6.6215     28.000     6.6186    24.6331     6.1025     8.7210     87.507    265.985    272.537    0.00078    6.97372    9.96615  303.95896     6.6191   15.66923 4.1869e-02     0.0763     0.7365 0.0000e+00
        409 348.763322    0.02833     1.6998    101.990     29.276  50107.795    31.3994     6.6204     29.000     6.6173    24.6327     6.1022     8.7206     87.500    265.972    272.523    0.00046    6.97393    9.96645  303.96812     6.6179   15.66967 4.1852e-02     0.0837     0.7285 0.0000e+00
        413 348.763334    0.02862     1.7174    103.042     30.285  50109.689    31.4001     6.6194     30.000     6.6170    24.6334     6.1060     8.7260     87.553    266.137    272.693    0.00052    6.97405    9.96662  303.97312     6.6169   15.66990 4.1876e-02     0.0880     0.7410 0.0000e+00
        417 348.763346    0.02892     1.7354    104.123     31.295  50111.020    31.4006     6.6200     31.000     6.6176    24.6338     6.1119     8.7346     87.640    266.396    272.959    0.00082    6.97394    9.96645  303.96810     6.6174   15.66966 4.1891e-02     0.0951     0.7606 0.0000e+00
        422 348.763359    0.02923     1.7534    105.203     32.304  50111.375    31.4005     6.6204     32.000     6.6177    24.6336     6.1125     8.7353     87.648    266.420    272.983    0.00060    6.97388    9.96637  303.96582     6.6177   15.66955 4.1826e-02     0.1101     0.7314 0.0000e+00
        426 348.763371    0.02950     1.7705    106.232     33.313  50109.501    31.3986     6.6199     33.000     6.6154    24.6322     6.1103     8.7322     87.614    266.324    272.884    0.00018    6.97404    9.96661  303.97321     6.6171   15.66992 4.1793e-02     0.1078     0.6984 0.0000e+00
        430 348.763382    0.02979     1.7872    107.235     34.323  50106.648    31.3952     6.6146     34.000     6.6084    24.6302     6.1103     8.7322     87.602    266.325    272.885   -0.00003    6.97507    9.96807  304.01840     6.6117   15.67209 4.1746e-02     0.0859     0.7315 0.0000e+00
        434 348.763395    0.03009     1.8051    108.308     35.333  50111.117    31.3968     6.6087     35.000     6.6048    24.6322     6.1154     8.7396     87.664    266.549    273.114    0.00024    6.97594    9.96931  304.05566     6.6058   15.67385 4.1701e-02     0.0755     0.7520 0.0000e+00
        439 348.763408    0.03040     1.8239    109.433     36.343  50113.316    31.3975     6.6071     36.000     6.6037    24.6330     6.1213     8.7479     87.745    266.802    273.374    0.00055    6.97618    9.96965  304.06594     6.6040   15.67434 4.1686e-02     0.0861     0.7166 0.0000e+00
        443 348.763420    0.03069     1.8413    110.477     37.353  50114.074    31.3975     6.6066     37.000     6.6034    24.6330     6.1254     8.7538     87.804    266.985    273.562    0.00068    6.97625    9.96975  304.06911     6.6035   15.67449 4.1654e-02     0.1023     0.6864 0.0000e+00
        447 348.763431    0.03095     1.8574    111.442     38.363  50114.768    31.3975     6.6066     38.000     6.6036    24.6330     6.1251     8.7534     87.799    266.970    273.546    0.00044    6.97625    9.96975  304.06900     6.6034   15.67449 4.1628e-02     0.1005     0.6953 0.0000e+00
        451 348.763443    0.03124     1.8746    112.474     39.372  50117.076    31.3988     6.6076     39.000     6.6050    24.6340     6.1262     8.7549     87.817    267.016    273.594    0.00033    6.97603    9.96945  304.05938     6.6043   15.67402 4.1602e-02     0.0918     0.7197 0.0000e+00
        455 348.763456    0.03156     1.8935    113.610     40.381  50118.568    31.3997     6.6093     40.000     6.6064    24.6345     6.1274     8.7566     87.838    267.069    273.648    0.00031    6.97572    9.96900  304.04566     6.6059   15.67337 4.1588e-02     0.0897     0.7126 0.0000e+00
        460 348.763468    0.03185     1.9112    114.670     41.391  50118.786    31.3995     6.6099     41.000     6.6062    24.6342     6.1263     8.7550     87.824    267.020    273.598    0.00009    6.97563    9.96886  304.04150     6.6065   15.67317 4.1536e-02     0.0941     0.6824 0.0000e+00
        464 348.763480    0.03212     1.9273    115.639     42.400  50119.115    31.3991     6.6092     42.000     6.6051    24.6340     6.1253     8.7538     87.809    266.981    273.558   -0.00010    6.97575    9.96905  304.04723     6.6057   15.67344 4.1511e-02     0.0897     0.7085 0.0000e+00
        468 348.763491    0.03240     1.9439    116.634     43.410  50120.836    31.3997     6.6084     43.000     6.6047    24.6346     6.1282     8.7577     87.848    267.104    273.683    0.00006    6.97586    9.96920  304.05171     6.6048   15.67365 4.1488e-02     0.0868     0.7092 0.0000e+00
        472 348.763503    0.03269     1.9613    117.680     44.420  50121.915    31.4001     6.6086     44.000     6.6050    24.6348     6.1330     8.7646     87.917    267.311    273.897    0.00035    6.97581    9.96913  304.04941     6.6049   15.67354 4.1457e-02     0.0866     0.6968 0.0000e+00
        476 348.763516    0.03300     1.9796    118.778     45.430  50121.843    31.3995     6.6084     45.000     6.6040    24.6344     6.1362     8.7692     87.963    267.454    274.042    0.00048    6.97587    9.96922  304.05222     6.6046   15.67368 4.1453e-02     0.0839     0.6870 0.0000e+00
        480 348.763528    0.03329     1.9975    119.847     46.439  50123.417    31.3999     6.6074     46.000     6.6035    24.6349     6.1356     8.7684     87.953    267.429    274.017    0.00022    6.97601    9.96941  304.05815     6.6035   15.67396 4.1429e-02     0.0812     0.6547 0.0000e+00
        484 348.763540    0.03356     2.0137    120.825     47.449  50125.076    31.4007     6.6083     47.000     6.6056    24.6355     6.1345     8.7667     87.939    267.378    273.966    0.00003    6.97584    9.96916  304.05025     6.6043   15.67358 4.1448e-02     0.0884     0.6637 0.0000e+00
        488 348.763550    0.03383     2.0297    121.783     48.459  50118.877    31.3965     6.6110     48.000     6.6085    24.6318     6.1346     8.7670     87.944    267.385    273.971   -0.00004    6.97559    9.96882  304.04090     6.6069   15.67315 4.1438e-02     0.0845     0.6775 0.0000e+00
        492 348.763563    0.03413     2.0476    122.857     49.468  50126.642    31.4021     6.6147     49.000     6.6128    24.6357     6.1364     8.7696     87.981    267.464    274.053    0.00011    6.97473    9.96759  304.00220     6.6106   15.67128 4.1434e-02     0.0897     0.6879 0.0000e+00
        497 348.763576    0.03444     2.0663    123.980     50.478  50131.524    31.4060     6.6201     50.000     6.6181    24.6381     6.1364     8.7695     87.993    267.461    274.051    0.00012    6.97368    9.96608  303.95549     6.6158   15.66904 4.1423e-02     0.0839     0.6554 0.0000e+00
        501 348.763588    0.03471     2.0830    124.982     51.488  50129.707    31.4049     6.6238     51.000     6.6200    24.6369     6.1312     8.7621     87.926    267.236    273.820   -0.00030    6.97313    9.96530  303.93201     6.6194   15.66793 4.1456e-02     0.0949     0.6658 0.0000e+00
        505 348.763599    0.03499     2.0995    125.972     52.497  50130.020    31.4048     6.6247     52.000     6.6205    24.6367     6.1273     8.7564     87.871    267.063    273.643   -0.00067    6.97298    9.96509  303.92565     6.6203   15.66762 4.1394e-02     0.0979     0.6631 0.0000e+00
        509 348.763611    0.03529     2.1172    127.033     53.507  50130.096    31.4044     6.6249     53.000     6.6201    24.6363     6.1301     8.7605     87.912    267.187    273.769   -0.00031    6.97296    9.96506  303.92501     6.6204   15.66759 4.1353e-02     0.0953     0.6675 0.0000e+00
