CTD-processing/allCTD/CNV/2016_04-10_t6_s20_cast188_5028.cnv
* Sea-Bird SBE19plus Data File:
* FileName = C:\Users\Kris.Holderied\Documents\kasitsna\Research-KBL\Oceanography-AK\CTD-Data-ALL-to-2016-02\2016-CTD-KachemakBay-CookInlet\2016-04-CookInlet-quarterly\2016-04-10-CookInlet-Tran6-Douglas\2016-04-10-CookInlet-Tran6-cast188.hex
* Software Version 1.59
* Temperature SN =  5028
* Conductivity SN =  5028
* System UpLoad Time = Apr 11 2016 02:21:11
** Cook Inlet LTM Tran6 Douglas east to west
** Date (YYYY-MM-DD): 2016-04-10
** Station (ie. 9-01):  6-20
** Start time (AKST): 13:39
** Depth (m): 172
** Comment:  R/V Pandalus. Skipped stations.
** Comment:
# nquan = 27
# nvalues = 171                         
# units = specified
# name 0 = scan: Scan Count
# name 1 = timeJ: Julian Days
# name 2 = timeH: Time, Elapsed [hours]
# name 3 = timeM: Time, Elapsed [minutes]
# name 4 = timeS: Time, Elapsed [seconds]
# name 5 = prdM: Pressure, Strain Gauge [db]
# name 6 = specc: Specific Conductance [uS/cm]
# name 7 = sal00: Salinity, Practical [PSU]
# name 8 = tv290C: Temperature [ITS-90, deg C]
# name 9 = depSM: Depth [salt water, m], lat = 59.00
# name 10 = potemp090C: Potential Temperature [ITS-90, deg C]
# name 11 = sigma-é00: Density [sigma-theta, kg/m^3]
# name 12 = sbeox0ML/L: Oxygen, SBE 43 [ml/l]
# name 13 = sbeox0Mg/L: Oxygen, SBE 43 [mg/l]
# name 14 = sbeox0PS: Oxygen, SBE 43 [% saturation]
# name 15 = sbox0Mm/Kg: Oxygen, SBE 43 [umol/kg]
# name 16 = sbeox0Mm/L: Oxygen, SBE 43 [umol/l]
# name 17 = sbox0dV/dT: Oxygen, SBE 43 [dov/dt]
# name 18 = oxsolML/L: Oxygen Saturation, Garcia & Gordon [ml/l]
# name 19 = oxsolMg/L: Oxygen Saturation, Garcia & Gordon [mg/l]
# name 20 = oxsolMm/Kg: Oxygen Saturation, Garcia & Gordon [umol/kg]
# name 21 = potemp090C: Potential Temperature [ITS-90, deg C]
# name 22 = n2satMg/L: Nitrogen Saturation [mg/l]
# name 23 = par: PAR/Irradiance, Biospherical/Licor
# name 24 = flECO-AFL: Fluorescence, WET Labs ECO-AFL/FL [mg/m^3]
# name 25 = turbWETntu0: Turbidity, WET Labs ECO [NTU]
# name 26 = flag: flag
# span 0 =         47,        979       
# span 1 = 101.568801, 101.571499       
# span 2 =    0.00317,    0.06793       
# span 3 =     0.1903,     4.0755       
# span 4 =     11.419,    244.532       
# span 5 =      1.010,    172.686       
# span 6 =  48060.407,  51139.540       
# span 7 =    30.1205,    32.0400       
# span 8 =     6.5473,     6.6157       
# span 9 =      1.000,    171.000       
# span 10 =     6.5465,     6.6109      
# span 11 =    23.6283,    25.1453      
# span 12 =     6.0139,     6.8682      
# span 13 =     8.5945,     9.8154      
# span 14 =     86.559,     97.581      
# span 15 =    261.984,    299.721      
# span 16 =    268.583,    306.735      
# span 17 =   -0.00589,    0.01420      
# span 18 =    6.94854,    7.04000      
# span 19 =    9.93016,   10.06087      
# span 20 =  302.70208,  307.22774      
# span 21 =     6.5466,     6.6156      
# span 22 =   15.60667,   15.83042      
# span 23 = 3.7976e-02, 6.1889e+02      
# span 24 =     0.1411,     0.3522      
# span 25 =     0.2510,     3.4204      
# span 26 = 0.0000e+00, 0.0000e+00      
# interval = meters: 1                  
# start_time = Apr 10 2016 13:38:53 [Instrument's time stamp, header]
# bad_flag = -9.990e-29
*END*
[from data line 108]
        725 101.570764    0.05028     3.0166    180.997    110.058  51033.949    31.9967     6.5784    109.000     6.5678    25.1096     6.4297     9.1886     92.469    280.114    287.147   -0.00044    6.95328    9.93692  302.92684     6.5690   15.61760 4.4221e-02     0.2226     0.3295 0.0000e+00
        728 101.570773    0.05050     3.0300    181.802    111.068  51036.814    31.9979     6.5767    110.000     6.5669    25.1107     6.4283     9.1867     92.447    280.057    287.089   -0.00054    6.95350    9.93725  302.93639     6.5673   15.61804 4.3770e-02     0.2113     0.3474 0.0000e+00
        732 101.570783    0.05073     3.0439    182.636    112.078  51039.882    31.9996     6.5770    111.000     6.5689    25.1121     6.4257     9.1829     92.411    279.940    286.970   -0.00066    6.95337    9.93705  302.93011     6.5675   15.61774 4.3283e-02     0.2026     0.3519 0.0000e+00
        737 101.570800    0.05114     3.0685    184.109    113.088  51039.438    31.9995     6.5803    112.000     6.5710    25.1115     6.4221     9.1777     92.366    279.783    286.809   -0.00072    6.95284    9.93630  302.90735     6.5707   15.61665 4.2882e-02     0.2207     0.3454 0.0000e+00
        744 101.570819    0.05161     3.0964    185.783    114.098  51043.265    32.0016     6.5801    113.000     6.5701    25.1133     6.4204     9.1754     92.343    279.710    286.735   -0.00059    6.95278    9.93621  302.90413     6.5704   15.61649 4.2543e-02     0.2156     0.3596 0.0000e+00
        748 101.570830    0.05187     3.1123    186.740    115.108  51045.531    32.0026     6.5797    114.000     6.5698    25.1142     6.4191     9.1736     92.325    279.655    286.679   -0.00062    6.95279    9.93624  302.90462     6.5699   15.61651 4.2214e-02     0.2178     0.3769 0.0000e+00
        751 101.570840    0.05209     3.1259    187.554    116.118  51045.659    32.0022     6.5794    115.000     6.5686    25.1138     6.4209     9.1760     92.349    279.730    286.756   -0.00044    6.95286    9.93633  302.90751     6.5695   15.61665 4.1944e-02     0.2094     0.3723 0.0000e+00
        754 101.570849    0.05232     3.1395    188.371    117.128  51045.208    32.0010     6.5773    116.000     6.5651    25.1132     6.4218     9.1774     92.357    279.772    286.797   -0.00033    6.95325    9.93688  302.92458     6.5674   15.61747 4.1722e-02     0.2107     0.3699 0.0000e+00
        759 101.570861    0.05261     3.1564    189.382    118.138  51047.928    32.0016     6.5729    117.000     6.5611    25.1142     6.4191     9.1736     92.309    279.656    286.679   -0.00056    6.95394    9.93788  302.95466     6.5628   15.61890 4.1422e-02     0.2065     0.3662 0.0000e+00
        765 101.570879    0.05303     3.1817    190.905    119.148  51051.863    32.0032     6.5695    118.000     6.5592    25.1159     6.4170     9.1705     92.271    279.559    286.581   -0.00061    6.95441    9.93856  302.97477     6.5594   15.61985 4.1202e-02     0.1913     0.3476 0.0000e+00
        770 101.570895    0.05341     3.2050    192.299    120.158  51052.985    32.0035     6.5692    119.000     6.5588    25.1162     6.4139     9.1661     92.227    279.427    286.445   -0.00066    6.95445    9.93860  302.97600     6.5590   15.61991 4.0986e-02     0.1878     0.3570 0.0000e+00
        776 101.570911    0.05382     3.2289    193.733    121.168  51056.413    32.0053     6.5687    120.000     6.5583    25.1177     6.4074     9.1569     92.134    279.144    286.155   -0.00097    6.95445    9.93860  302.97567     6.5584   15.61989 4.0812e-02     0.1930     0.3517 0.0000e+00
        781 101.570927    0.05420     3.2520    195.121    122.178  51059.829    32.0071     6.5687    121.000     6.5581    25.1192     6.4082     9.1580     92.147    279.180    286.192   -0.00065    6.95437    9.93849  302.97175     6.5582   15.61970 4.0709e-02     0.1985     0.3597 0.0000e+00
        785 101.570939    0.05447     3.2680    196.082    123.188  51061.620    32.0078     6.5684    122.000     6.5578    25.1198     6.4117     9.1629     92.197    279.329    286.346   -0.00025    6.95438    9.93851  302.97216     6.5579   15.61971 4.0586e-02     0.1853     0.3602 0.0000e+00
        789 101.570948    0.05470     3.2822    196.929    124.198  51062.550    32.0081     6.5684    123.000     6.5581    25.1200     6.4126     9.1643     92.210    279.370    286.388   -0.00017    6.95437    9.93848  302.97132     6.5579   15.61967 4.0444e-02     0.1785     0.3707 0.0000e+00
        793 101.570960    0.05497     3.2983    197.896    125.208  51064.062    32.0087     6.5688    124.000     6.5582    25.1204     6.4109     9.1618     92.186    279.294    286.310   -0.00030    6.95428    9.93835  302.96719     6.5582   15.61947 4.0309e-02     0.1951     0.3942 0.0000e+00
        798 101.570974    0.05534     3.3201    199.205    126.218  51065.840    32.0095     6.5689    125.000     6.5582    25.1210     6.4082     9.1579     92.149    279.177    286.190   -0.00047    6.95422    9.93827  302.96444     6.5582   15.61934 4.0175e-02     0.1915     0.3692 0.0000e+00
        807 101.571000    0.05594     3.3565    201.393    127.228  51065.048    32.0084     6.5685    126.000     6.5575    25.1202     6.4049     9.1532     92.098    279.030    286.040   -0.00052    6.95435    9.93846  302.97046     6.5576   15.61963 3.9996e-02     0.1820     0.3673 0.0000e+00
        812 101.571017    0.05634     3.3805    202.832    128.238  51068.033    32.0099     6.5682    127.000     6.5572    25.1215     6.4022     9.1494     92.061    278.915    285.923   -0.00060    6.95433    9.93843  302.96926     6.5572   15.61956 3.9807e-02     0.1754     0.3725 0.0000e+00
        816 101.571026    0.05658     3.3945    203.672    129.248  51071.543    32.0119     6.5683    128.000     6.5577    25.1231     6.4042     9.1522     92.091    279.001    286.011   -0.00039    6.95421    9.93826  302.96380     6.5573   15.61930 3.9785e-02     0.1698     0.3765 0.0000e+00
        819 101.571035    0.05680     3.4075    204.447    130.259  51077.376    32.0156     6.5692    129.000     6.5593    25.1259     6.4066     9.1557     92.130    279.107    286.120   -0.00014    6.95388    9.93780  302.94881     6.5581   15.61857 3.9728e-02     0.1685     0.3806 0.0000e+00
        823 101.571047    0.05706     3.4238    205.430    131.269  51081.109    32.0182     6.5714    130.000     6.5609    25.1276     6.4103     9.1609     92.188    279.264    286.281    0.00014    6.95342    9.93714  302.92798     6.5602   15.61756 3.9640e-02     0.1766     0.3863 0.0000e+00
        829 101.571065    0.05749     3.4495    206.971    132.279  51079.285    32.0166     6.5726    131.000     6.5610    25.1263     6.4078     9.1575     92.155    279.158    286.172   -0.00009    6.95330    9.93695  302.92285     6.5613   15.61733 3.9486e-02     0.1730     0.3921 0.0000e+00
        834 101.571078    0.05782     3.4689    208.135    133.289  51078.036    32.0151     6.5716    132.000     6.5598    25.1252     6.4002     9.1465     92.042    278.826    285.832   -0.00075    6.95353    9.93729  302.93332     6.5603   15.61783 3.9369e-02     0.1708     0.4252 0.0000e+00
        837 101.571087    0.05804     3.4824    208.942    134.299  51085.050    32.0194     6.5710    133.000     6.5592    25.1287     6.3995     9.1456     92.034    278.797    285.803   -0.00074    6.95343    9.93715  302.92802     6.5596   15.61757 3.9433e-02     0.1677     0.4243 0.0000e+00
        840 101.571097    0.05828     3.4968    209.807    135.309  51096.238    32.0266     6.5703    134.000     6.5578    25.1344     6.4026     9.1500     92.081    278.930    285.941   -0.00040    6.95322    9.93685  302.91725     6.5587   15.61702 3.9383e-02     0.1744     0.4671 0.0000e+00
        846 101.571113    0.05866     3.5193    211.161    136.319  51105.782    32.0322     6.5677    135.000     6.5553    25.1392     6.4032     9.1509     92.088    278.957    285.970   -0.00024    6.95339    9.93708  302.92294     6.5560   15.61727 3.9358e-02     0.1737     0.5695 0.0000e+00
        851 101.571129    0.05904     3.5421    212.528    137.329  51109.079    32.0338     6.5663    136.000     6.5545    25.1407     6.3952     9.1394     91.970    278.605    285.609   -0.00086    6.95353    9.93729  302.92885     6.5546   15.61754 3.9278e-02     0.1677     0.6150 0.0000e+00
        854 101.571137    0.05925     3.5546    213.275    138.339  51110.053    32.0340     6.5665    137.000     6.5553    25.1408     6.3946     9.1385     91.962    278.579    285.582   -0.00082    6.95348    9.93721  302.92640     6.5547   15.61742 3.9195e-02     0.1678     0.6595 0.0000e+00
        857 101.571145    0.05942     3.5655    213.931    139.350  51109.826    32.0336     6.5674    138.000     6.5554    25.1403     6.3944     9.1383     91.961    278.571    285.574   -0.00073    6.95338    9.93706  302.92217     6.5554   15.61723 3.9061e-02     0.1671     0.6893 0.0000e+00
        860 101.571153    0.05962     3.5773    214.641    140.360  51110.275    32.0333     6.5670    139.000     6.5539    25.1402     6.3945     9.1384     91.962    278.575    285.578   -0.00067    6.95344    9.93716  302.92481     6.5550   15.61735 3.8932e-02     0.1662     0.6918 0.0000e+00
        863 101.571164    0.05989     3.5937    215.624    141.369  51113.580    32.0347     6.5647    140.000     6.5518    25.1416     6.3950     9.1391     91.965    278.597    285.602   -0.00053    6.95374    9.93760  302.93797     6.5527   15.61797 3.8923e-02     0.1634     0.7516 0.0000e+00
        868 101.571178    0.06020     3.6122    216.730    142.380  51116.198    32.0358     6.5635    141.000     6.5512    25.1426     6.3913     9.1338     91.910    278.436    285.436   -0.00070    6.95390    9.93782  302.94428     6.5513   15.61827 3.8914e-02     0.1503     0.7791 0.0000e+00
        871 101.571187    0.06045     3.6268    217.609    143.390  51117.159    32.0359     6.5633    142.000     6.5508    25.1428     6.3873     9.1280     91.851    278.257    285.254   -0.00095    6.95392    9.93784  302.94515     6.5510   15.61832 3.8776e-02     0.1451     0.7423 0.0000e+00
        875 101.571198    0.06069     3.6419    218.515    144.399  51118.233    32.0362     6.5632    143.000     6.5511    25.1430     6.3875     9.1284     91.855    278.270    285.267   -0.00079    6.95392    9.93784  302.94494     6.5508   15.61830 3.8570e-02     0.1521     0.7499 0.0000e+00
        879 101.571208    0.06094     3.6568    219.410    145.410  51118.432    32.0360     6.5636    144.000     6.5513    25.1428     6.3885     9.1298     91.870    278.312    285.310   -0.00056    6.95386    9.93776  302.94257     6.5512   15.61819 3.8534e-02     0.1598     0.7625 0.0000e+00
        882 101.571217    0.06116     3.6695    220.168    146.420  51119.103    32.0360     6.5637    145.000     6.5512    25.1428     6.3873     9.1281     91.853    278.263    285.259   -0.00059    6.95385    9.93775  302.94216     6.5512   15.61817 3.8447e-02     0.1627     0.7678 0.0000e+00
        884 101.571225    0.06135     3.6811    220.864    147.431  51119.939    32.0361     6.5638    146.000     6.5514    25.1429     6.3860     9.1262     91.834    278.204    285.199   -0.00065    6.95382    9.93771  302.94076     6.5512   15.61811 3.8332e-02     0.1599     0.7872 0.0000e+00
        887 101.571234    0.06156     3.6935    221.610    148.441  51120.305    32.0360     6.5642    147.000     6.5516    25.1428     6.3866     9.1271     91.844    278.231    285.227   -0.00057    6.95376    9.93762  302.93841     6.5515   15.61799 3.8185e-02     0.1524     0.8269 0.0000e+00
        891 101.571245    0.06182     3.7095    222.569    149.450  51120.676    32.0358     6.5644    148.000     6.5517    25.1426     6.3871     9.1279     91.852    278.254    285.250   -0.00042    6.95374    9.93758  302.93729     6.5517   15.61794 3.8023e-02     0.1411     0.8213 0.0000e+00
        895 101.571257    0.06211     3.7268    223.606    150.462  51121.274    32.0358     6.5646    149.000     6.5518    25.1426     6.3867     9.1272     91.846    278.235    285.230   -0.00041    6.95371    9.93755  302.93620     6.5517   15.61789 3.7981e-02     0.1534     0.8270 0.0000e+00
        899 101.571267    0.06236     3.7419    224.513    151.471  51122.325    32.0360     6.5646    150.000     6.5517    25.1428     6.3871     9.1279     91.852    278.253    285.249   -0.00033    6.95369    9.93752  302.93519     6.5517   15.61784 3.7977e-02     0.1776     0.8482 0.0000e+00
        902 101.571277    0.06260     3.7560    225.363    152.481  51123.212    32.0362     6.5646    151.000     6.5516    25.1429     6.3860     9.1262     91.836    278.203    285.198   -0.00040    6.95369    9.93752  302.93506     6.5516   15.61783 3.7976e-02     0.1751     0.8130 0.0000e+00
        906 101.571288    0.06285     3.7711    226.267    153.492  51124.000    32.0362     6.5645    152.000     6.5514    25.1429     6.3847     9.1244     91.817    278.148    285.141   -0.00048    6.95370    9.93753  302.93554     6.5515   15.61786 3.7976e-02     0.1592     0.7984 0.0000e+00
        910 101.571298    0.06310     3.7859    227.152    154.501  51124.932    32.0364     6.5644    153.000     6.5513    25.1431     6.3843     9.1239     91.812    278.131    285.124   -0.00046    6.95370    9.93754  302.93550     6.5513   15.61785 3.7976e-02     0.1655     0.7574 0.0000e+00
        913 101.571307    0.06330     3.7984    227.905    155.511  51125.721    32.0365     6.5645    154.000     6.5513    25.1432     6.3837     9.1230     91.803    278.104    285.096   -0.00049    6.95369    9.93751  302.93498     6.5513   15.61783 3.7976e-02     0.1680     0.7519 0.0000e+00
        916 101.571315    0.06351     3.8108    228.645    156.522  51126.235    32.0364     6.5647    155.000     6.5514    25.1431     6.3856     9.1257     91.830    278.187    285.181   -0.00034    6.95366    9.93748  302.93402     6.5514   15.61778 3.7976e-02     0.1560     0.7561 0.0000e+00
        919 101.571325    0.06376     3.8254    229.525    157.532  51126.658    32.0362     6.5649    156.000     6.5515    25.1430     6.3886     9.1299     91.874    278.317    285.315   -0.00006    6.95363    9.93744  302.93277     6.5515   15.61773 3.7976e-02     0.1498     0.8160 0.0000e+00
        924 101.571339    0.06408     3.8445    230.668    158.543  51127.163    32.0361     6.5651    157.000     6.5516    25.1429     6.3865     9.1268     91.843    278.223    285.219   -0.00024    6.95361    9.93741  302.93183     6.5516   15.61768 3.7976e-02     0.1537     0.8480 0.0000e+00
        928 101.571351    0.06437     3.8624    231.741    159.553  51127.958    32.0362     6.5651    158.000     6.5515    25.1429     6.3853     9.1252     91.827    278.173    285.167   -0.00037    6.95361    9.93739  302.93135     6.5516   15.61766 3.7976e-02     0.1590     0.8315 0.0000e+00
        931 101.571361    0.06459     3.8758    232.548    160.563  51129.164    32.0366     6.5652    159.000     6.5513    25.1433     6.3874     9.1281     91.857    278.263    285.260   -0.00018    6.95359    9.93737  302.93059     6.5514   15.61762 3.7976e-02     0.1617     0.8403 0.0000e+00
        935 101.571370    0.06483     3.8899    233.393    161.573  51130.097    32.0368     6.5651    160.000     6.5513    25.1434     6.3887     9.1301     91.876    278.321    285.319   -0.00009    6.95359    9.93737  302.93051     6.5513   15.61762 3.7976e-02     0.1571     0.8319 0.0000e+00
        939 101.571384    0.06517     3.9102    234.611    162.583  51131.221    32.0370     6.5650    161.000     6.5509    25.1436     6.3857     9.1258     91.833    278.190    285.185   -0.00032    6.95358    9.93736  302.93006     6.5512   15.61759 3.7976e-02     0.1543     0.8077 0.0000e+00
