CTD-processing/allCTD/CNV/2016_10-13_t4_s06_cast155_5028.cnv
* Sea-Bird SBE19plus Data File:
* FileName = P:\My Documents\kasitsna\Research-KBL\Oceanography-AK\CTD-Data-ALL-to-2016-05\2016-CTD-KachemakBay-CookInlet\2016-10-13-CookInlet-Tran4\2016-10-13-CookInlet-Tran4-cast155.hex
* Software Version 1.59
* Temperature SN =  5028
* Conductivity SN =  5028
* System UpLoad Time = Dec 06 2016 20:39:33
** Cook Inlet LTM Tran 4 Barabara south to north
** Date: (YYYY-MM-DD): 2016-10-13
** Station: (eg. 9-01): 4-06
** Start time (AKDT): 15:59
** Depth (m): 68.9
** Comment: R/V Edgecumbe
** Comment:
# nquan = 27
# nvalues = 68                          
# units = specified
# name 0 = scan: Scan Count
# name 1 = timeJ: Julian Days
# name 2 = timeH: Time, Elapsed [hours]
# name 3 = timeM: Time, Elapsed [minutes]
# name 4 = timeS: Time, Elapsed [seconds]
# name 5 = prdM: Pressure, Strain Gauge [db]
# name 6 = specc: Specific Conductance [uS/cm]
# name 7 = sal00: Salinity, Practical [PSU]
# name 8 = tv290C: Temperature [ITS-90, deg C]
# name 9 = depSM: Depth [salt water, m], lat = 59.00
# name 10 = potemp090C: Potential Temperature [ITS-90, deg C]
# name 11 = sigma-é00: Density [sigma-theta, kg/m^3]
# name 12 = sbeox0ML/L: Oxygen, SBE 43 [ml/l]
# name 13 = sbeox0Mg/L: Oxygen, SBE 43 [mg/l]
# name 14 = sbeox0PS: Oxygen, SBE 43 [% saturation]
# name 15 = sbox0Mm/Kg: Oxygen, SBE 43 [umol/kg]
# name 16 = sbeox0Mm/L: Oxygen, SBE 43 [umol/l]
# name 17 = sbox0dV/dT: Oxygen, SBE 43 [dov/dt]
# name 18 = oxsolML/L: Oxygen Saturation, Garcia & Gordon [ml/l]
# name 19 = oxsolMg/L: Oxygen Saturation, Garcia & Gordon [mg/l]
# name 20 = oxsolMm/Kg: Oxygen Saturation, Garcia & Gordon [umol/kg]
# name 21 = potemp090C: Potential Temperature [ITS-90, deg C]
# name 22 = n2satMg/L: Nitrogen Saturation [mg/l]
# name 23 = par: PAR/Irradiance, Biospherical/Licor
# name 24 = flECO-AFL: Fluorescence, WET Labs ECO-AFL/FL [mg/m^3]
# name 25 = turbWETntu0: Turbidity, WET Labs ECO [NTU]
# name 26 = flag: flag
# span 0 =        277,        608       
# span 1 = 287.667223, 287.668180       
# span 2 =    0.01918,    0.04214       
# span 3 =     1.1508,     2.5286       
# span 4 =     69.049,    151.718       
# span 5 =      1.009,     68.653       
# span 6 =  45563.308,  47738.005       
# span 7 =    28.8493,    30.3059       
# span 8 =    10.5933,    11.0041       
# span 9 =      1.000,     68.000       
# span 10 =    10.5837,    11.0004      
# span 11 =    21.9902,    23.1930      
# span 12 =     5.5512,     6.2151      
# span 13 =     7.9332,     8.8821      
# span 14 =     86.414,     96.578      
# span 15 =    242.298,    271.508      
# span 16 =    247.917,    277.569      
# span 17 =   -0.01446,    0.01636      
# span 18 =    6.42321,    6.43715      
# span 19 =    9.17942,    9.19933      
# span 20 =  280.37451,  281.24217      
# span 21 =    10.5856,    11.0040      
# span 22 =   14.54748,   14.59375      
# span 23 = 5.8918e-02, 2.1007e+02      
# span 24 =     0.6144,     2.6735      
# span 25 =     0.3251,     1.3956      
# span 26 = 0.0000e+00, 0.0000e+00      
# interval = meters: 1                  
# start_time = Oct 13 2016 15:59:39 [Instrument's time stamp, header]
# bad_flag = -9.990e-29
*END*
[from data line 54]
        541 287.667987    0.03753     2.2519    135.111     55.527  47410.904    30.0824    10.6063     55.000    10.5989    23.0167     5.7973     8.2850     90.143    253.084    258.909   -0.00033    6.43131    9.19098  280.76016    10.6001   14.56656 6.4370e-02     1.1052     0.3652 0.0000e+00
        546 287.668002    0.03788     2.2725    136.347     56.536  47438.421    30.1013    10.6062     56.000    10.6014    23.0315     5.7901     8.2747     90.041    252.767    258.588   -0.00086    6.43055    9.18990  280.72281    10.5998   14.56469 6.3191e-02     1.0655     0.3690 0.0000e+00
        552 287.668017    0.03825     2.2950    137.699     57.546  47464.037    30.1193    10.6101     57.000    10.6037    23.0449     5.7835     8.2652     89.955    252.471    258.290   -0.00113    6.42927    9.18807  280.66327    10.6036   14.56177 6.2265e-02     1.0370     0.3823 0.0000e+00
        557 287.668033    0.03862     2.3172    139.032     58.556  47479.366    30.1297    10.6092     58.000    10.6024    23.0531     5.7817     8.2626     89.932    252.391    258.209   -0.00093    6.42897    9.18763  280.64771    10.6027   14.56099 6.1617e-02     0.9685     0.3672 0.0000e+00
        562 287.668047    0.03896     2.3375    140.249     59.565  47492.754    30.1387    10.6094     59.000    10.6031    23.0601     5.7869     8.2700     90.018    252.616    258.441   -0.00019    6.42857    9.18707  280.62860    10.6027   14.56004 6.1092e-02     0.9431     0.3583 0.0000e+00
        567 287.668062    0.03932     2.3591    141.545     60.575  47510.069    30.1507    10.6111     60.000    10.6063    23.0692     5.7906     8.2754     90.086    252.777    258.609    0.00028    6.42784    9.18603  280.59422    10.6043   14.55834 6.0634e-02     0.9168     0.3532 0.0000e+00
        572 287.668077    0.03966     2.3799    142.793     61.585  47530.183    30.1652    10.6184     61.000    10.6147    23.0793     5.7897     8.2741     90.096    252.736    258.570    0.00014    6.42623    9.18373  280.52122    10.6114   14.55479 6.0251e-02     0.9115     0.3716 0.0000e+00
        577 287.668091    0.04001     2.4008    144.046     62.594  47534.337    30.1685    10.6248     62.000    10.6190    23.0808     5.7949     8.2815     90.191    252.963    258.802    0.00056    6.42521    9.18227  280.47639    10.6177   14.55263 5.9980e-02     0.8725     0.3731 0.0000e+00
        582 287.668105    0.04035     2.4208    145.249     63.604  47540.000    30.1724    10.6278     63.000    10.6214    23.0833     5.8002     8.2891     90.281    253.193    259.037    0.00089    6.42463    9.18144  280.45017    10.6206   14.55136 5.9826e-02     0.8654     0.3727 0.0000e+00
        587 287.668119    0.04069     2.4411    146.469     64.614  47561.690    30.1874    10.6285     64.000    10.6191    23.0948     5.7976     8.2854     90.251    253.078    258.923    0.00037    6.42392    9.18042  280.41602    10.6212   14.54967 5.9669e-02     0.8398     0.3985 0.0000e+00
        592 287.668134    0.04104     2.4622    147.735     65.624  47633.092    30.2361    10.6192     65.000    10.6059    23.1344     5.7796     8.2597     89.980    252.282    258.118   -0.00128    6.42321    9.17942  280.37451    10.6118   14.54748 5.9468e-02     0.7735     0.5411 0.0000e+00
        597 287.668147    0.04137     2.4823    148.938     66.634  47680.973    30.2681    10.6071     66.000    10.5964    23.1612     5.7177     8.1710     89.010    249.569    255.349   -0.00634    6.42359    9.17996  280.38358    10.5996   14.54779 5.9268e-02     0.6832     0.8795 0.0000e+00
        602 287.668163    0.04174     2.5042    150.251     67.643  47711.991    30.2887    10.6000     67.000    10.5901    23.1785     5.6201     8.0317     87.490    245.308    250.994   -0.01321    6.42373    9.18016  280.38512    10.5924   14.54777 5.9107e-02     0.6356     1.1734 0.0000e+00
        608 287.668180    0.04214     2.5286    151.718     68.653  47738.005    30.3059    10.5933     68.000    10.5837    23.1930     5.5512     7.9332     86.414    242.298    247.917   -0.01446    6.42396    9.18048  280.39098    10.5856   14.54798 5.8918e-02     0.6144     1.3956 0.0000e+00
