CTD-processing/allCTD/CNV/2016_02-09_t4_s01_cast077_5028.cnv
* Sea-Bird SBE19plus Data File:
* FileName = C:\Users\Kris.Holderied\Documents\kasitsna\Research-KBL\Oceanography-AK\CTD-Data-ALL-to-2016-02\2016-CTD-KachemakBay-CookInlet\2016-02-CookInlet-quarterly\2016-02-09-CookInlet-Tran4-Barabara\2016-02-09-CookInlet-Tran4-cast077.hex
* Software Version 1.59
* Temperature SN =  5028
* Conductivity SN =  5028
* System UpLoad Time = Feb 09 2016 12:58:03
** Cook Inlet LTM Tran4 Barabara south to north

** Date: 02-09
** Station: 4-01
** Start time (AKST): 10:35
** Depth (m): 15
** Comment:  R/V Pandalus
** Comment:
# nquan = 27
# nvalues = 16                          
# units = specified
# name 0 = scan: Scan Count
# name 1 = timeJ: Julian Days
# name 2 = timeH: Time, Elapsed [hours]
# name 3 = timeM: Time, Elapsed [minutes]
# name 4 = timeS: Time, Elapsed [seconds]
# name 5 = prdM: Pressure, Strain Gauge [db]
# name 6 = specc: Specific Conductance [uS/cm]
# name 7 = sal00: Salinity, Practical [PSU]
# name 8 = tv290C: Temperature [ITS-90, deg C]
# name 9 = depSM: Depth [salt water, m], lat = 59.00
# name 10 = potemp090C: Potential Temperature [ITS-90, deg C]
# name 11 = sigma-é00: Density [sigma-theta, kg/m^3]
# name 12 = sbeox0ML/L: Oxygen, SBE 43 [ml/l]
# name 13 = sbeox0Mg/L: Oxygen, SBE 43 [mg/l]
# name 14 = sbeox0PS: Oxygen, SBE 43 [% saturation]
# name 15 = sbox0Mm/Kg: Oxygen, SBE 43 [umol/kg]
# name 16 = sbeox0Mm/L: Oxygen, SBE 43 [umol/l]
# name 17 = sbox0dV/dT: Oxygen, SBE 43 [dov/dt]
# name 18 = oxsolML/L: Oxygen Saturation, Garcia & Gordon [ml/l]
# name 19 = oxsolMg/L: Oxygen Saturation, Garcia & Gordon [mg/l]
# name 20 = oxsolMm/Kg: Oxygen Saturation, Garcia & Gordon [umol/kg]
# name 21 = potemp090C: Potential Temperature [ITS-90, deg C]
# name 22 = n2satMg/L: Nitrogen Saturation [mg/l]
# name 23 = par: PAR/Irradiance, Biospherical/Licor
# name 24 = flECO-AFL: Fluorescence, WET Labs ECO-AFL/FL [mg/m^3]
# name 25 = turbWETntu0: Turbidity, WET Labs ECO [NTU]
# name 26 = flag: flag
# span 0 =        191,        349       
# span 1 =  40.442136,  40.442592       
# span 2 =    0.01320,    0.02414       
# span 3 =     0.7922,     1.4482       
# span 4 =     47.535,     86.887       
# span 5 =      1.009,     16.152       
# span 6 =  48109.569,  49939.880       
# span 7 =    29.9773,    31.1740       
# span 8 =     5.8419,     6.0025       
# span 9 =      1.000,     16.000       
# span 10 =     5.8573,     6.0010      
# span 11 =    23.6048,    24.5307      
# span 12 =     6.3334,     6.5695      
# span 13 =     9.0511,     9.3884      
# span 14 =     89.098,     91.532      
# span 15 =    276.096,    286.690      
# span 16 =    282.850,    293.392      
# span 17 =    0.00099,    0.00724      
# span 18 =    7.08603,    7.17449      
# span 19 =   10.12663,   10.25306      
# span 20 =  308.88491,  313.07962      
# span 21 =     5.8418,     6.0013      
# span 22 =   15.90490,   16.10964      
# span 23 = 3.5150e+00, 5.4116e+01      
# span 24 =     0.1703,     0.2518      
# span 25 =     0.7848,     0.9948      
# span 26 = 0.0000e+00, 0.0000e+00      
# interval = meters: 1                  
# start_time = Feb 09 2016 10:35:53 [Instrument's time stamp, header]
# bad_flag = -9.990e-29
*END*
        191  40.442136    0.01320     0.7922     47.535      1.009  48109.569    29.9773     5.8419      1.000     5.8573    23.6048     6.5695     9.3884     91.532    286.690    293.392    0.00562    7.17449   10.25306  313.07962     5.8418   16.10964 5.4116e+01     0.1777     0.9948 0.0000e+00
        299  40.442448    0.02068     1.2410     74.459      2.019  49823.776    31.0821     5.8959      2.000     5.9020    24.4704     6.3334     9.0511     89.098    276.096    282.850    0.00724    7.10827   10.15842  309.87377     5.8958   15.95240 4.7972e+01     0.2434     0.7970 0.0000e+00
        306  40.442468    0.02118     1.2707     76.242      3.028  49860.491    31.1069     5.9063      3.000     5.9098    24.4887     6.3429     9.0647     89.271    276.503    283.274    0.00642    7.10523   10.15409  309.73480     5.9061   15.94568 3.5800e+01     0.2506     0.8013 0.0000e+00
        310  40.442480    0.02147     1.2879     77.272      4.037  49876.856    31.1198     5.9172      4.000     5.9265    24.4976     6.3538     9.0803     89.456    276.977    283.763    0.00557    7.10281   10.15063  309.62658     5.9168   15.94047 2.6607e+01     0.2518     0.8013 0.0000e+00
        313  40.442489    0.02170     1.3017     78.102      5.047  49883.502    31.1268     5.9325      5.000     5.9406    24.5014     6.3628     9.0932     89.619    277.370    284.166    0.00524    7.09991   10.14649  309.49906     5.9321   15.93436 2.1262e+01     0.2473     0.7874 0.0000e+00
        317  40.442499    0.02191     1.3148     78.886      6.057  49893.391    31.1358     5.9462      6.000     5.9536    24.5069     6.3680     9.1006     89.726    277.594    284.396    0.00469    7.09720   10.14260  309.37885     5.9457   15.92860 1.7211e+01     0.2316     0.7896 0.0000e+00
        320  40.442508    0.02212     1.3275     79.649      7.066  49897.544    31.1404     5.9576      7.000     5.9624    24.5091     6.3712     9.1052     89.798    277.732    284.540    0.00408    7.09507   10.13956  309.28558     5.9571   15.92414 1.4152e+01     0.2085     0.8004 0.0000e+00
        323  40.442516    0.02234     1.3403     80.418      8.075  49901.568    31.1442     5.9654      8.000     5.9685    24.5112     6.3739     9.1090     89.855    277.849    284.660    0.00348    7.09359   10.13745  309.22029     5.9648   15.92101 1.1821e+01     0.1999     0.8007 0.0000e+00
        326  40.442525    0.02256     1.3534     81.203      9.085  49907.794    31.1491     5.9710      9.000     5.9737    24.5145     6.3767     9.1130     89.909    277.970    284.784    0.00298    7.09242   10.13577  309.16836     5.9703   15.91851 1.0060e+01     0.2085     0.7885 0.0000e+00
        329  40.442535    0.02277     1.3663     81.978     10.094  49913.490    31.1536     5.9763     10.000     5.9784    24.5174     6.3799     9.1176     89.968    278.110    284.928    0.00261    7.09133   10.13421  309.11985     5.9755   15.91619 8.7010e+00     0.2063     0.7848 0.0000e+00
        332  40.442543    0.02298     1.3789     82.732     11.104  49919.645    31.1582     5.9807     11.000     5.9830    24.5205     6.3843     9.1237     90.041    278.295    285.119    0.00241    7.09037   10.13285  309.07727     5.9799   15.91414 7.5368e+00     0.1979     0.7880 0.0000e+00
        335  40.442552    0.02319     1.3913     83.476     12.113  49929.147    31.1652     5.9857     12.000     5.9889    24.5255     6.3886     9.1299     90.117    278.484    285.314    0.00229    7.08921   10.13119  309.02511     5.9848   15.91163 6.4758e+00     0.1850     0.8028 0.0000e+00
        338  40.442561    0.02339     1.4036     84.218     13.123  49936.692    31.1711     5.9920     13.000     5.9946    24.5294     6.3921     9.1350     90.184    278.638    285.473    0.00215    7.08789   10.12930  308.96631     5.9909   15.90880 5.5383e+00     0.1703     0.8299 0.0000e+00
        341  40.442569    0.02360     1.4163     84.979     14.133  49939.068    31.1733     5.9972     14.000     5.9983    24.5305     6.3938     9.1374     90.220    278.710    285.547    0.00188    7.08691   10.12791  308.92352     5.9961   15.90676 4.7366e+00     0.1828     0.8253 0.0000e+00
        344  40.442579    0.02384     1.4305     85.828     15.142  49939.880    31.1740     6.0005     15.000     6.0003    24.5307     6.3933     9.1367     90.220    278.689    285.525    0.00141    7.08633   10.12707  308.89800     5.9993   15.90554 4.0673e+00     0.1893     0.8200 0.0000e+00
        349  40.442592    0.02414     1.4482     86.887     16.152  49938.920    31.1733     6.0025     16.000     6.0010    24.5299     6.3935     9.1371     90.226    278.698    285.535    0.00099    7.08603   10.12663  308.88491     6.0013   15.90490 3.5150e+00     0.1819     0.8273 0.0000e+00
