CTD-processing/allCTD/CNV/2016_06-16_t9_s04_cast267_5028.cnv
* Sea-Bird SBE19plus Data File:
* FileName = C:\Users\Kris.Holderied\Documents\kasitsna\Research-KBL\Oceanography-AK\CTD-Data-ALL-to-2016-05\2016-CTD-KachemakBay-CookInlet\2016-06-16-CookInlet-HomerSpit-monthly\2016-06-16-CookInlet-Tran9-cast267.hex
* Software Version 1.59
* Temperature SN =  5028
* Conductivity SN =  5028
* System UpLoad Time = Jul 26 2016 19:45:24
** Cook Inlet LTM Tran9 Homer Spit monthly
** Date (YYYY-MM-DD): 2016-06-16
** Station (eg. 9-01):  9-04
** Start time (AKDT): 13:11
** Depth (m): 96.3
** Comment:  R/V Edgecumbe.
** Comment:
# nquan = 27
# nvalues = 84                          
# units = specified
# name 0 = scan: Scan Count
# name 1 = timeJ: Julian Days
# name 2 = timeH: Time, Elapsed [hours]
# name 3 = timeM: Time, Elapsed [minutes]
# name 4 = timeS: Time, Elapsed [seconds]
# name 5 = prdM: Pressure, Strain Gauge [db]
# name 6 = specc: Specific Conductance [uS/cm]
# name 7 = sal00: Salinity, Practical [PSU]
# name 8 = tv290C: Temperature [ITS-90, deg C]
# name 9 = depSM: Depth [salt water, m], lat = 59.00
# name 10 = potemp090C: Potential Temperature [ITS-90, deg C]
# name 11 = sigma-é00: Density [sigma-theta, kg/m^3]
# name 12 = sbeox0ML/L: Oxygen, SBE 43 [ml/l]
# name 13 = sbeox0Mg/L: Oxygen, SBE 43 [mg/l]
# name 14 = sbeox0PS: Oxygen, SBE 43 [% saturation]
# name 15 = sbox0Mm/Kg: Oxygen, SBE 43 [umol/kg]
# name 16 = sbeox0Mm/L: Oxygen, SBE 43 [umol/l]
# name 17 = sbox0dV/dT: Oxygen, SBE 43 [dov/dt]
# name 18 = oxsolML/L: Oxygen Saturation, Garcia & Gordon [ml/l]
# name 19 = oxsolMg/L: Oxygen Saturation, Garcia & Gordon [mg/l]
# name 20 = oxsolMm/Kg: Oxygen Saturation, Garcia & Gordon [umol/kg]
# name 21 = potemp090C: Potential Temperature [ITS-90, deg C]
# name 22 = n2satMg/L: Nitrogen Saturation [mg/l]
# name 23 = par: PAR/Irradiance, Biospherical/Licor
# name 24 = flECO-AFL: Fluorescence, WET Labs ECO-AFL/FL [mg/m^3]
# name 25 = turbWETntu0: Turbidity, WET Labs ECO [NTU]
# name 26 = flag: flag
# span 0 =        204,        518       
# span 1 = 168.550402, 168.551311       
# span 2 =    0.01412,    0.03589       
# span 3 =     0.8467,     2.1538       
# span 4 =     50.803,    129.230       
# span 5 =      1.009,     84.811       
# span 6 =  43253.169,  49768.764       
# span 7 =    27.3577,    31.3491       
# span 8 =     7.8255,    12.3689       
# span 9 =      1.000,     84.000       
# span 10 =     7.8161,    12.3174      
# span 11 =    20.5963,    24.4298      
# span 12 =     6.2915,     7.3926      
# span 13 =     8.9912,    10.5647      
# span 14 =     92.716,    116.720      
# span 15 =    274.278,    323.330      
# span 16 =    280.979,    330.151      
# span 17 =   -0.02367,    0.01221      
# span 18 =    6.30052,    6.78575      
# span 19 =    9.00407,    9.69751      
# span 20 =  275.70313,  295.82462      
# span 21 =     7.8176,    12.3689      
# span 22 =   14.33538,   15.28143      
# span 23 = 6.3395e-02, 8.5466e+02      
# span 24 =     0.0276,     5.3137      
# span 25 =     0.4790,     2.6480      
# span 26 = 0.0000e+00, 0.0000e+00      
# interval = meters: 1                  
# start_time = Jun 16 2016 13:11:44 [Instrument's time stamp, header]
# bad_flag = -9.990e-29
*END*
[from data line 54]
        437 168.551076    0.03029     1.8170    109.023     55.527  49570.322    31.2569     8.0653     55.000     8.0201    24.3270     6.4494     9.2167     95.507    281.187    288.027   -0.00709    6.75278    9.65040  294.41692     8.0600   15.21458 6.6009e-02     0.0917     0.6085 0.0000e+00
        440 168.551084    0.03048     1.8283    109.697     56.537  49598.824    31.2683     8.0144     56.000     7.9848    24.3432     6.4346     9.1958     95.186    280.541    287.371   -0.00781    6.76007    9.66082  294.73017     8.0090   15.22949 6.5714e-02     0.0847     0.5975 0.0000e+00
        442 168.551092    0.03065     1.8395    110.372     57.545  49625.237    31.2814     7.9832     57.000     7.9676    24.3579     6.4210     9.1762     94.925    279.942    286.761   -0.00805    6.76427    9.66681  294.90881     7.9778   15.23796 6.5572e-02     0.0770     0.5967 0.0000e+00
        445 168.551100    0.03084     1.8508    111.048     58.556  49634.513    31.2855     7.9705     58.000     7.9592    24.3629     6.4121     9.1635     94.769    279.555    286.366   -0.00753    6.76604    9.66935  294.98459     7.9650   15.24156 6.5744e-02     0.0719     0.5947 0.0000e+00
        448 168.551108    0.03103     1.8620    111.720     59.565  49630.927    31.2813     7.9625     59.000     7.9473    24.3608     6.4063     9.1553     94.664    279.302    286.107   -0.00681    6.76746    9.67138  295.04720     7.9569   15.24457 6.5898e-02     0.0649     0.5905 0.0000e+00
        451 168.551116    0.03122     1.8732    112.391     60.575  49620.760    31.2716     7.9491     60.000     7.9266    24.3551     6.4034     9.1511     94.586    279.175    285.974   -0.00601    6.76995    9.67493  295.15736     7.9434   15.24987 6.5946e-02     0.0514     0.5900 0.0000e+00
        453 168.551124    0.03141     1.8844    113.064     61.585  49626.952    31.2719     7.9266     61.000     7.9079    24.3585     6.3973     9.1423     94.447    278.909    285.702   -0.00564    6.77340    9.67986  295.30678     7.9208   15.25700 6.6069e-02     0.0531     0.6028 0.0000e+00
        456 168.551131    0.03160     1.8957    113.741     62.595  49654.994    31.2889     7.9129     62.000     7.9089    24.3738     6.3869     9.1276     94.276    278.454    285.241   -0.00567    6.77476    9.68181  295.36173     7.9070   15.25955 6.6295e-02     0.0589     0.6224 0.0000e+00
        459 168.551139    0.03179     1.9070    114.422     63.605  49666.111    31.2969     7.9176     63.000     7.9170    24.3794     6.3799     9.1176     94.187    278.147    284.928   -0.00527    6.77367    9.68025  295.31247     7.9117   15.25717 6.6450e-02     0.0499     0.6361 0.0000e+00
        461 168.551147    0.03197     1.9185    115.108     64.614  49660.700    31.2939     7.9249     64.000     7.9199    24.3760     6.3780     9.1148     94.173    278.065    284.843   -0.00439    6.77267    9.67883  295.27019     7.9189   15.25516 6.6582e-02     0.0516     0.6517 0.0000e+00
        464 168.551155    0.03216     1.9300    115.802     65.624  49661.679    31.2943     7.9264     65.000     7.9222    24.3762     6.3771     9.1136     94.163    278.024    284.802   -0.00357    6.77243    9.67849  295.25968     7.9202   15.25466 6.6619e-02     0.0596     0.6537 0.0000e+00
        467 168.551163    0.03236     1.9416    116.497     66.634  49672.018    31.3018     7.9308     66.000     7.9313    24.3814     6.3733     9.1082     94.122    277.861    284.636   -0.00317    6.77142    9.67704  295.21384     7.9246   15.25244 6.6603e-02     0.0637     0.6296 0.0000e+00
        470 168.551171    0.03255     1.9531    117.189     67.644  49671.134    31.3022     7.9401     67.000     7.9389    24.3805     6.3709     9.1047     94.107    277.756    284.527   -0.00273    6.76997    9.67496  295.15088     7.9337   15.24944 6.6534e-02     0.0714     0.6417 0.0000e+00
        473 168.551180    0.03275     1.9647    117.881     68.654  49667.836    31.3006     7.9472     68.000     7.9435    24.3782     6.3701     9.1036     94.109    277.722    284.493   -0.00222    6.76896    9.67352  295.10765     7.9407   15.24738 6.6410e-02     0.0778     0.6586 0.0000e+00
        475 168.551187    0.03294     1.9762    118.574     69.663  49668.591    31.3013     7.9510     69.000     7.9470    24.3782     6.3684     9.1012     94.092    277.647    284.415   -0.00189    6.76834    9.67263  295.08042     7.9445   15.24608 6.6283e-02     0.0710     0.6604 0.0000e+00
        478 168.551195    0.03313     1.9878    119.270     70.673  49671.066    31.3031     7.9547     70.000     7.9512    24.3792     6.3642     9.0950     94.038    277.460    284.223   -0.00190    6.76769    9.67171  295.05222     7.9480   15.24473 6.6141e-02     0.0690     0.6669 0.0000e+00
        481 168.551204    0.03332     1.9995    119.969     71.683  49676.338    31.3071     7.9596     71.000     7.9570    24.3816     6.3622     9.0922     94.022    277.373    284.136   -0.00175    6.76675    9.67036  295.01024     7.9529   15.24270 6.6000e-02     0.0725     0.6762 0.0000e+00
        484 168.551211    0.03352     2.0111    120.667     72.693  49674.350    31.3061     7.9648     72.000     7.9573    24.3801     6.3643     9.0953     94.063    277.466    284.230   -0.00124    6.76601    9.66931  294.97854     7.9579   15.24120 6.5856e-02     0.0744     0.6741 0.0000e+00
        486 168.551219    0.03371     2.0227    121.364     73.702  49667.467    31.3006     7.9634     73.000     7.9473    24.3761     6.3673     9.0995     94.101    277.597    284.363   -0.00078    6.76647    9.66996  294.99948     7.9564   15.24222 6.5693e-02     0.0786     0.6713 0.0000e+00
        489 168.551228    0.03391     2.0344    122.062     74.712  49668.017    31.2984     7.9496     74.000     7.9276    24.3763     6.3647     9.0959     94.033    277.487    284.250   -0.00097    6.76869    9.67313  295.09631     7.9425   15.24685 6.5583e-02     0.0817     0.6716 0.0000e+00
        492 168.551236    0.03410     2.0460    122.763     75.722  49676.478    31.3004     7.9278     75.000     7.9015    24.3808     6.3575     9.0855     93.880    277.167    283.925   -0.00175    6.77196    9.67780  295.23737     7.9206   15.25357 6.5506e-02     0.0750     0.6768 0.0000e+00
        495 168.551244    0.03430     2.0578    123.465     76.732  49699.989    31.3122     7.9014     76.000     7.8803    24.3938     6.3494     9.0739     93.711    276.810    283.563   -0.00251    6.77549    9.68285  295.38764     7.8942   15.26070 6.5394e-02     0.0504     0.6807 0.0000e+00
        498 168.551252    0.03449     2.0694    124.163     77.741  49721.679    31.3241     7.8839     77.000     7.8685    24.4056     6.3407     9.0616     93.554    276.431    283.177   -0.00303    6.77766    9.68596  295.47920     7.8765   15.26502 6.5120e-02     0.0327     0.6797 0.0000e+00
        500 168.551260    0.03468     2.0810    124.858     78.751  49735.518    31.3315     7.8732     78.000     7.8605    24.4130     6.3318     9.0487     93.403    276.036    282.776   -0.00343    6.77898    9.68783  295.53411     7.8658   15.26762 6.4829e-02     0.0293     0.6766 0.0000e+00
        503 168.551268    0.03487     2.0925    125.552     79.760  49739.587    31.3327     7.8656     79.000     7.8508    24.4150     6.3225     9.0355     93.251    275.633    282.362   -0.00370    6.78009    9.68943  295.58230     7.8581   15.26991 6.4565e-02     0.0369     0.6795 0.0000e+00
        506 168.551276    0.03507     2.1040    126.241     80.770  49743.901    31.3336     7.8551     80.000     7.8395    24.4172     6.3144     9.0239     93.110    275.279    282.001   -0.00391    6.78167    9.69168  295.65043     7.8476   15.27315 6.4302e-02     0.0336     0.6898 0.0000e+00
        509 168.551284    0.03526     2.1155    126.931     81.781  49750.886    31.3363     7.8443     81.000     7.8301    24.4209     6.3095     9.0170     93.017    275.068    281.785   -0.00382    6.78322    9.69389  295.71664     7.8367   15.27630 6.4102e-02     0.0276     0.7074 0.0000e+00
        512 168.551292    0.03546     2.1271    127.627     82.791  49758.241    31.3396     7.8355     82.000     7.8235    24.4247     6.3063     9.0125     92.954    274.929    281.643   -0.00350    6.78443    9.69564  295.76864     7.8278   15.27878 6.3872e-02     0.0374     0.7297 0.0000e+00
        514 168.551300    0.03565     2.1392    128.351     83.800  49764.422    31.3425     7.8297     83.000     7.8192    24.4278     6.3013     9.0052     92.869    274.707    281.417   -0.00331    6.78519    9.69672  295.80099     7.8219   15.28031 6.3610e-02     0.0417     0.7494 0.0000e+00
        518 168.551311    0.03589     2.1538    129.230     84.811  49768.764    31.3444     7.8255     84.000     7.8161    24.4298     6.2915     8.9912     92.716    274.278    280.979   -0.00351    6.78575    9.69751  295.82462     7.8176   15.28143 6.3395e-02     0.0376     0.7713 0.0000e+00
