CTD-processing/allCTD/CNV/2016_10-13_t4_s01_cast150_5028.cnv
* Sea-Bird SBE19plus Data File:
* FileName = P:\My Documents\kasitsna\Research-KBL\Oceanography-AK\CTD-Data-ALL-to-2016-05\2016-CTD-KachemakBay-CookInlet\2016-10-13-CookInlet-Tran4\2016-10-13-CookInlet-Tran4-cast150.hex
* Software Version 1.59
* Temperature SN =  5028
* Conductivity SN =  5028
* System UpLoad Time = Dec 06 2016 20:34:18
** Cook Inlet LTM Tran 4 Barabara south to north
** Date: (YYYY-MM-DD): 2016-10-13
** Station: (eg. 9-01): 4-01
** Start time (AKDT): 14:51
** Depth (m): 20.1
** Comment: R/V Edgecumbe
** Comment:
# nquan = 27
# nvalues = 19                          
# units = specified
# name 0 = scan: Scan Count
# name 1 = timeJ: Julian Days
# name 2 = timeH: Time, Elapsed [hours]
# name 3 = timeM: Time, Elapsed [minutes]
# name 4 = timeS: Time, Elapsed [seconds]
# name 5 = prdM: Pressure, Strain Gauge [db]
# name 6 = specc: Specific Conductance [uS/cm]
# name 7 = sal00: Salinity, Practical [PSU]
# name 8 = tv290C: Temperature [ITS-90, deg C]
# name 9 = depSM: Depth [salt water, m], lat = 59.00
# name 10 = potemp090C: Potential Temperature [ITS-90, deg C]
# name 11 = sigma-é00: Density [sigma-theta, kg/m^3]
# name 12 = sbeox0ML/L: Oxygen, SBE 43 [ml/l]
# name 13 = sbeox0Mg/L: Oxygen, SBE 43 [mg/l]
# name 14 = sbeox0PS: Oxygen, SBE 43 [% saturation]
# name 15 = sbox0Mm/Kg: Oxygen, SBE 43 [umol/kg]
# name 16 = sbeox0Mm/L: Oxygen, SBE 43 [umol/l]
# name 17 = sbox0dV/dT: Oxygen, SBE 43 [dov/dt]
# name 18 = oxsolML/L: Oxygen Saturation, Garcia & Gordon [ml/l]
# name 19 = oxsolMg/L: Oxygen Saturation, Garcia & Gordon [mg/l]
# name 20 = oxsolMm/Kg: Oxygen Saturation, Garcia & Gordon [umol/kg]
# name 21 = potemp090C: Potential Temperature [ITS-90, deg C]
# name 22 = n2satMg/L: Nitrogen Saturation [mg/l]
# name 23 = par: PAR/Irradiance, Biospherical/Licor
# name 24 = flECO-AFL: Fluorescence, WET Labs ECO-AFL/FL [mg/m^3]
# name 25 = turbWETntu0: Turbidity, WET Labs ECO [NTU]
# name 26 = flag: flag
# span 0 =        314,        409       
# span 1 = 287.620107, 287.620382       
# span 2 =    0.02175,    0.02834       
# span 3 =     1.3047,     1.7004       
# span 4 =     78.281,    102.026       
# span 5 =      1.010,     19.180       
# span 6 =  45981.702,  46169.253       
# span 7 =    29.1303,    29.2468       
# span 8 =    10.7968,    10.8848       
# span 9 =      1.000,     19.000       
# span 10 =    10.7972,    10.8793      
# span 11 =    22.2286,    22.3335      
# span 12 =     6.0215,     6.1475      
# span 13 =     8.6053,     8.7854      
# span 14 =     93.522,     95.538      
# span 15 =    263.045,    268.569      
# span 16 =    268.920,    274.548      
# span 17 =   -0.00531,    0.00380      
# span 18 =    6.43146,    6.43955      
# span 19 =    9.19120,    9.20276      
# span 20 =  280.98327,  281.31061      
# span 21 =    10.7964,    10.8847      
# span 22 =   14.58109,   14.59634      
# span 23 = 3.5110e+00, 3.9342e+02      
# span 24 =     1.2586,     1.8619      
# span 25 =     0.4906,     0.5829      
# span 26 = 0.0000e+00, 0.0000e+00      
# interval = meters: 1                  
# start_time = Oct 13 2016 14:51:39 [Instrument's time stamp, header]
# bad_flag = -9.990e-29
*END*
        314 287.620107    0.02175     1.3047     78.281      1.010  45981.702    29.1303    10.8848      1.000    10.8793    22.2286     6.1355     8.7682     95.398    268.053    274.012    0.00380    6.43146    9.19120  280.98327    10.8847   14.58109 3.9342e+02     1.3513     0.4910 0.0000e+00
        320 287.620124    0.02214     1.3288     79.730      2.019  46037.584    29.1656    10.8516      2.000    10.8284    22.2617     6.1475     8.7854     95.538    268.569    274.548    0.00304    6.43465    9.19575  281.11333    10.8514   14.58717 2.3024e+02     1.2586     0.4906 0.0000e+00
        325 287.620139    0.02250     1.3499     80.994      3.029  46120.351    29.2184    10.8050      3.000    10.7985    22.3105     6.1301     8.7606     95.203    267.797    273.771    0.00005    6.43898    9.20195  281.28938    10.8046   14.59538 1.8107e+02     1.3885     0.4977 0.0000e+00
        330 287.620154    0.02288     1.3725     82.353      4.038  46142.216    29.2325    10.7968      4.000    10.7972    22.3228     6.0770     8.6846     94.369    265.471    271.397   -0.00503    6.43955    9.20276  281.31061    10.7964   14.59634 1.3767e+02     1.5966     0.5287 0.0000e+00
        336 287.620170    0.02324     1.3943     83.660      5.048  46150.023    29.2380    10.8009      5.000    10.8017    22.3264     6.0563     8.6551     94.061    264.569    270.476   -0.00531    6.43876    9.20163  281.27526    10.8003   14.59463 1.0235e+02     1.7693     0.5308 0.0000e+00
        341 287.620185    0.02360     1.4163     84.979      6.057  46153.600    29.2404    10.8042      6.000    10.8048    22.3278     6.0597     8.6599     94.121    264.715    270.625   -0.00293    6.43820    9.20082  281.25015    10.8035   14.59342 8.1311e+01     1.8518     0.5247 0.0000e+00
        346 287.620201    0.02399     1.4390     86.340      7.066  46156.764    29.2427    10.8077      7.000    10.8075    22.3290     6.0597     8.6600     94.130    264.717    270.627   -0.00181    6.43762    9.20000  281.22450    10.8069   14.59218 6.1763e+01     1.8557     0.5498 0.0000e+00
        351 287.620215    0.02433     1.4597     87.579      8.076  46157.679    29.2430    10.8088      8.000    10.8080    22.3291     6.0610     8.6617     94.152    264.771    270.684   -0.00103    6.43744    9.19975  281.21695    10.8079   14.59182 4.6883e+01     1.8467     0.5829 0.0000e+00
        357 287.620230    0.02468     1.4813     88.877      9.085  46159.079    29.2436    10.8091      9.000    10.8076    22.3296     6.0540     8.6518     94.045    264.467    270.373   -0.00137    6.43737    9.19964  281.21362    10.8081   14.59166 3.6393e+01     1.8140     0.5372 0.0000e+00
        362 287.620245    0.02505     1.5030     90.181     10.094  46160.406    29.2439    10.8070     10.000    10.8054    22.3302     6.0545     8.6525     94.048    264.487    270.394   -0.00094    6.43766    9.20006  281.22593    10.8059   14.59225 2.8216e+01     1.8228     0.5187 0.0000e+00
        367 287.620260    0.02541     1.5244     91.462     11.105  46161.264    29.2441    10.8067     11.000    10.8049    22.3304     6.0515     8.6483     94.002    264.359    270.262   -0.00094    6.43770    9.20012  281.22794    10.8054   14.59234 2.1929e+01     1.8281     0.5177 0.0000e+00
        372 287.620274    0.02574     1.5447     92.682     12.114  46161.921    29.2439    10.8044     12.000    10.8014    22.3306     6.0534     8.6509     94.026    264.439    270.344   -0.00056    6.43803    9.20058  281.24184    10.8031   14.59301 1.7242e+01     1.8089     0.5257 0.0000e+00
        377 287.620289    0.02609     1.5657     93.940     13.124  46164.841    29.2452    10.8008     13.000    10.7985    22.3322     6.0499     8.6459     93.965    264.287    270.189   -0.00071    6.43847    9.20122  281.26104    10.7993   14.59392 1.3686e+01     1.8087     0.5307 0.0000e+00
        382 287.620305    0.02649     1.5895     95.372     14.133  46167.106    29.2462    10.7992     14.000    10.7976    22.3333     6.0327     8.6213     93.695    263.534    269.420   -0.00209    6.43865    9.20147  281.26835    10.7977   14.59427 1.0755e+01     1.7382     0.5484 0.0000e+00
        387 287.620319    0.02683     1.6095     96.569     15.142  46167.842    29.2464    10.7996     15.000    10.7981    22.3334     6.0215     8.6053     93.522    263.045    268.920   -0.00257    6.43859    9.20140  281.26612    10.7978   14.59416 8.6117e+00     1.7385     0.5437 0.0000e+00
        393 287.620335    0.02720     1.6320     97.922     16.152  46168.118    29.2462    10.7997     16.000    10.7979    22.3333     6.0240     8.6089     93.561    263.156    269.033   -0.00149    6.43858    9.20138  281.26538    10.7979   14.59413 6.8682e+00     1.7676     0.5408 0.0000e+00
        398 287.620351    0.02758     1.6549     99.296     17.161  46169.253    29.2468    10.8013     17.000    10.8006    22.3335     6.0292     8.6164     93.646    263.384    269.266   -0.00041    6.43835    9.20104  281.25512    10.7993   14.59363 5.4835e+00     1.7861     0.5252 0.0000e+00
        404 287.620366    0.02796     1.6774    100.646     18.171  46167.768    29.2456    10.8038     18.000    10.8020    22.3322     6.0281     8.6147     93.632    263.334    269.214   -0.00041    6.43804    9.20061  281.24221    10.8018   14.59302 4.4094e+00     1.8379     0.5518 0.0000e+00
        409 287.620382    0.02834     1.7004    102.026     19.180  46167.173    29.2448    10.8038     19.000    10.8009    22.3315     6.0318     8.6200     93.689    263.496    269.380   -0.00001    6.43808    9.20065  281.24381    10.8016   14.59310 3.5110e+00     1.8619     0.5742 0.0000e+00
