CTD-processing/allCTD/CNV/2016_07-27_alongbay_skb09_cast029_5028.cnv
* Sea-Bird SBE19plus Data File:
* FileName = C:\Users\Kris.Holderied\Documents\kasitsna\Research-KBL\Oceanography-AK\CTD-Data-ALL-to-2016-05\2016-CTD-KachemakBay-CookInlet\2016-07-27-KachemakBay-AlongBay\2016-07-27-KachemakBay-AlongBay-cast029.hex
* Software Version 1.59
* Temperature SN =  5028
* Conductivity SN =  5028
* System UpLoad Time = Jul 27 2016 20:38:04
** Cook Inlet Kachemak Bay Along-Bay west to east (sta 1-9)
** Date (YYYY-MM-DD): 2016-07-27
** Station (eg. 9-01): KB09
** Start time (AKDT): 16:49
** Depth (m): 66.4
** Comment:  R/V Edgecumbe.  Part of all-bay survey with T4 and T9.
** Comment:
# nquan = 27
# nvalues = 62                          
# units = specified
# name 0 = scan: Scan Count
# name 1 = timeJ: Julian Days
# name 2 = timeH: Time, Elapsed [hours]
# name 3 = timeM: Time, Elapsed [minutes]
# name 4 = timeS: Time, Elapsed [seconds]
# name 5 = prdM: Pressure, Strain Gauge [db]
# name 6 = specc: Specific Conductance [uS/cm]
# name 7 = sal00: Salinity, Practical [PSU]
# name 8 = tv290C: Temperature [ITS-90, deg C]
# name 9 = depSM: Depth [salt water, m], lat = 59.00
# name 10 = potemp090C: Potential Temperature [ITS-90, deg C]
# name 11 = sigma-é00: Density [sigma-theta, kg/m^3]
# name 12 = sbeox0ML/L: Oxygen, SBE 43 [ml/l]
# name 13 = sbeox0Mg/L: Oxygen, SBE 43 [mg/l]
# name 14 = sbeox0PS: Oxygen, SBE 43 [% saturation]
# name 15 = sbox0Mm/Kg: Oxygen, SBE 43 [umol/kg]
# name 16 = sbeox0Mm/L: Oxygen, SBE 43 [umol/l]
# name 17 = sbox0dV/dT: Oxygen, SBE 43 [dov/dt]
# name 18 = oxsolML/L: Oxygen Saturation, Garcia & Gordon [ml/l]
# name 19 = oxsolMg/L: Oxygen Saturation, Garcia & Gordon [mg/l]
# name 20 = oxsolMm/Kg: Oxygen Saturation, Garcia & Gordon [umol/kg]
# name 21 = potemp090C: Potential Temperature [ITS-90, deg C]
# name 22 = n2satMg/L: Nitrogen Saturation [mg/l]
# name 23 = par: PAR/Irradiance, Biospherical/Licor
# name 24 = flECO-AFL: Fluorescence, WET Labs ECO-AFL/FL [mg/m^3]
# name 25 = turbWETntu0: Turbidity, WET Labs ECO [NTU]
# name 26 = flag: flag
# span 0 =        198,        612       
# span 1 = 209.701960, 209.703156       
# span 2 =    0.01371,    0.04242       
# span 3 =     0.8227,     2.5451       
# span 4 =     49.362,    152.703       
# span 5 =      1.009,     62.595       
# span 6 =  36650.637,  49725.824       
# span 7 =    22.8609,    31.5873       
# span 8 =     9.1017,    13.3598       
# span 9 =      1.000,     62.000       
# span 10 =     9.0982,    13.3447      
# span 11 =    16.9465,    24.3518      
# span 12 =     5.6063,     7.3479      
# span 13 =     8.0119,    10.5009      
# span 14 =     85.052,    116.497      
# span 15 =    244.464,    322.295      
# span 16 =    250.375,    328.158      
# span 17 =   -0.07583,    0.00541      
# span 18 =    6.29195,    6.60099      
# span 19 =    8.99182,    9.43348      
# span 20 =  275.59613,  287.87614      
# span 21 =     9.0981,    13.3596      
# span 22 =   14.33508,   14.90273      
# span 23 = 6.5746e-02, 2.4373e+02      
# span 24 =     0.0415,     3.3003      
# span 25 =     0.4562,     2.4493      
# span 26 = 0.0000e+00, 0.0000e+00      
# interval = meters: 1                  
# start_time = Jul 27 2016 16:50:00 [Instrument's time stamp, header]
# bad_flag = -9.990e-29
*END*
[from data line 54]
        589 209.703090    0.04082     2.4495    146.968     55.527  49701.947    31.5727     9.6088     55.000     9.6051    24.3412     5.7083     8.1577     87.676    248.874    254.932    0.00238    6.51066    9.30438  283.85663     9.6029   14.70868 7.0948e-02     0.1194     1.3664 0.0000e+00
        592 209.703099    0.04104     2.4624    147.746     56.536  49707.719    31.5768     9.6121     56.000     9.6070    24.3439     5.7090     8.1587     87.695    248.904    254.963    0.00195    6.51003    9.30349  283.82853     9.6060   14.70731 6.9624e-02     0.1274     1.4847 0.0000e+00
        595 209.703108    0.04126     2.4753    148.521     57.546  49713.374    31.5805     9.6136     57.000     9.6082    24.3466     5.7079     8.1573     87.685    248.859    254.918    0.00131    6.50965    9.30295  283.81125     9.6074   14.70647 6.8550e-02     0.1178     1.5842 0.0000e+00
        598 209.703116    0.04147     2.4883    149.295     58.556  49717.956    31.5835     9.6149     58.000     9.6092    24.3487     5.7113     8.1620     87.739    249.001    255.065    0.00119    6.50935    9.30250  283.79708     9.6086   14.70578 6.7697e-02     0.1020     1.6828 0.0000e+00
        601 209.703126    0.04169     2.5012    150.075     59.566  49721.102    31.5854     9.6158     59.000     9.6095    24.3501     5.7178     8.1713     87.843    249.287    255.357    0.00150    6.50914    9.30221  283.78776     9.6093   14.70533 6.7034e-02     0.0992     1.7812 0.0000e+00
        604 209.703135    0.04191     2.5143    150.857     60.575  49723.669    31.5868     9.6158     60.000     9.6090    24.3512     5.7205     8.1752     87.885    249.404    255.477    0.00142    6.50907    9.30211  283.78437     9.6093   14.70516 6.6481e-02     0.1039     1.8919 0.0000e+00
        608 209.703144    0.04213     2.5279    151.676     61.585  49725.186    31.5873     9.6151     61.000     9.6075    24.3517     5.7197     8.1741     87.873    249.373    255.445    0.00094    6.50915    9.30222  283.78777     9.6085   14.70532 6.6073e-02     0.1114     2.0341 0.0000e+00
        612 209.703156    0.04242     2.5451    152.703     62.595  49725.824    31.5871     9.6131     62.000     9.6052    24.3518     5.7188     8.1727     87.854    249.332    255.403    0.00044    6.50946    9.30266  283.80125     9.6063   14.70597 6.5746e-02     0.1210     2.1996 0.0000e+00
