CTD-processing/allCTD/CNV/2016_02-14_t3_s01_cast112_5028.cnv
* Sea-Bird SBE19plus Data File:
* FileName = C:\Users\Kris.Holderied\Documents\kasitsna\Research-KBL\Oceanography-AK\CTD-Data-ALL-to-2016-02\2016-CTD-KachemakBay-CookInlet\2016-02-CookInlet-quarterly\2016-02-14-CookInlet-Tran3-AnchorPt\2016-02-14-CookInlet-Tran3-cast112.hex
* Software Version 1.59
* Temperature SN =  5028
* Conductivity SN =  5028
* System UpLoad Time = Feb 15 2016 00:37:24
** Cook Inlet LTM Tran3 Anchor Pt Southeast to northwest

** Date: 02-14
** Station: 3-01
** Start time (AKST): 18:00
** Depth (m): 19
** Comment:  R/V Pandalus
** Comment:
# nquan = 27
# nvalues = 21                          
# units = specified
# name 0 = scan: Scan Count
# name 1 = timeJ: Julian Days
# name 2 = timeH: Time, Elapsed [hours]
# name 3 = timeM: Time, Elapsed [minutes]
# name 4 = timeS: Time, Elapsed [seconds]
# name 5 = prdM: Pressure, Strain Gauge [db]
# name 6 = specc: Specific Conductance [uS/cm]
# name 7 = sal00: Salinity, Practical [PSU]
# name 8 = tv290C: Temperature [ITS-90, deg C]
# name 9 = depSM: Depth [salt water, m], lat = 59.00
# name 10 = potemp090C: Potential Temperature [ITS-90, deg C]
# name 11 = sigma-é00: Density [sigma-theta, kg/m^3]
# name 12 = sbeox0ML/L: Oxygen, SBE 43 [ml/l]
# name 13 = sbeox0Mg/L: Oxygen, SBE 43 [mg/l]
# name 14 = sbeox0PS: Oxygen, SBE 43 [% saturation]
# name 15 = sbox0Mm/Kg: Oxygen, SBE 43 [umol/kg]
# name 16 = sbeox0Mm/L: Oxygen, SBE 43 [umol/l]
# name 17 = sbox0dV/dT: Oxygen, SBE 43 [dov/dt]
# name 18 = oxsolML/L: Oxygen Saturation, Garcia & Gordon [ml/l]
# name 19 = oxsolMg/L: Oxygen Saturation, Garcia & Gordon [mg/l]
# name 20 = oxsolMm/Kg: Oxygen Saturation, Garcia & Gordon [umol/kg]
# name 21 = potemp090C: Potential Temperature [ITS-90, deg C]
# name 22 = n2satMg/L: Nitrogen Saturation [mg/l]
# name 23 = par: PAR/Irradiance, Biospherical/Licor
# name 24 = flECO-AFL: Fluorescence, WET Labs ECO-AFL/FL [mg/m^3]
# name 25 = turbWETntu0: Turbidity, WET Labs ECO [NTU]
# name 26 = flag: flag
# span 0 =        111,        326       
# span 1 =  45.750699,  45.751321       
# span 2 =    0.00761,    0.02254       
# span 3 =     0.4565,     1.3527       
# span 4 =     27.391,     81.159       
# span 5 =      1.009,     21.200       
# span 6 =  46319.865,  49263.242       
# span 7 =    28.1892,    30.0337       
# span 8 =     2.8960,     2.9580       
# span 9 =      1.000,     21.000       
# span 10 =     2.9121,     2.9569      
# span 11 =    22.4599,    23.9277      
# span 12 =     6.3650,     6.9922      
# span 13 =     9.0962,     9.9923      
# span 14 =     82.764,     90.869      
# span 15 =    277.609,    305.003      
# span 16 =    284.259,    312.266      
# span 17 =   -0.00052,    0.01586      
# span 18 =    7.69060,    7.80440      
# span 19 =   10.99063,   11.15327      
# span 20 =  335.42746,  340.97714      
# span 21 =     2.8960,     2.9569      
# span 22 =   17.17184,   17.44268      
# span 23 = 2.6193e-02, 1.7275e-01      
# span 24 =     0.3232,     0.7698      
# span 25 =    24.1841,    24.1882      
# span 26 = 0.0000e+00, 0.0000e+00      
# interval = meters: 1                  
# start_time = Feb 14 2016 18:00:33 [Instrument's time stamp, header]
# bad_flag = -9.990e-29
*END*
        111  45.750699    0.00761     0.4565     27.391      1.009  46319.865    28.1892     2.8960      1.000     2.9121    22.4599     6.4950     9.2820     83.215    283.771    290.065    0.00446    7.80440   11.15327  340.97714     2.8960   17.44268 1.7275e-01     0.7698    24.1879 0.0000e+00
        261  45.751135    0.01806     1.0838     65.026      2.019  49263.242    30.0337     2.9373      2.000     2.9408    23.9277     6.3650     9.0962     82.764    277.609    284.259   -0.00052    7.69060   10.99063  335.42746     2.9372   17.17184 2.6193e-02     0.3232    24.1882 0.0000e+00
        253  45.751111    0.01750     1.0501     63.005      3.029  49029.243    29.8888     2.9429      3.000     2.9453    23.8118     6.4547     9.2245     83.852    281.565    288.269    0.00473    7.69785   11.00100  335.79026     2.9427   17.18964 3.7976e-02     0.3632    24.1858 0.0000e+00
        257  45.751122    0.01777     1.0661     63.966      4.038  49027.048    29.8879     2.9469      4.000     2.9478    23.8107     6.5992     9.4310     85.737    287.869    294.723    0.01283    7.69714   10.99997  335.75933     2.9467   17.18818 3.7976e-02     0.3662    24.1860 0.0000e+00
        262  45.751137    0.01812     1.0871     65.225      5.048  49026.734    29.8876     2.9488      5.000     2.9489    23.8104     6.6980     9.5721     87.023    292.176    299.132    0.01586    7.69679   10.99949  335.74459     2.9485   17.18748 3.7976e-02     0.3563    24.1863 0.0000e+00
        266  45.751149    0.01840     1.1044     66.263      6.057  49030.517    29.8899     2.9498      6.000     2.9503    23.8121     6.6640     9.5235     86.584    290.692    297.613    0.00976    7.69648   10.99904  335.73036     2.9494   17.18679 3.7976e-02     0.3580    24.1874 0.0000e+00
        269  45.751158    0.01863     1.1179     67.072      7.066  49031.326    29.8903     2.9511      7.000     2.9510    23.8123     6.6518     9.5060     86.429    290.159    297.068    0.00637    7.69621   10.99865  335.71851     2.9507   17.18623 3.7976e-02     0.3699    24.1873 0.0000e+00
        273  45.751169    0.01889     1.1335     68.008      8.075  49030.758    29.8895     2.9513      8.000     2.9508    23.8116     6.7237     9.6087     87.363    293.293    300.277    0.00922    7.69621   10.99865  335.71850     2.9509   17.18623 3.7976e-02     0.3742    24.1864 0.0000e+00
        278  45.751183    0.01922     1.1531     69.189      9.085  49033.150    29.8906     2.9514      9.000     2.9515    23.8125     6.7830     9.6935     88.134    295.881    302.926    0.01093    7.69613   10.99854  335.71498     2.9509   17.18606 3.7981e-02     0.3681    24.1848 0.0000e+00
        282  45.751194    0.01949     1.1693     70.156     10.095  49037.342    29.8933     2.9530     10.000     2.9535    23.8145     6.7451     9.6394     87.648    294.230    301.237    0.00595    7.69568   10.99790  335.69454     2.9525   17.18508 3.8013e-02     0.3531    24.1851 0.0000e+00
        286  45.751206    0.01977     1.1862     71.169     11.104  49037.602    29.8934     2.9547     11.000     2.9547    23.8145     6.7736     9.6802     88.022    295.473    302.510    0.00573    7.69534   10.99741  335.67973     2.9542   17.18437 3.8341e-02     0.3621    24.1866 0.0000e+00
        291  45.751222    0.02016     1.2095     72.571     12.113  49037.565    29.8932     2.9559     12.000     2.9553    23.8143     6.9023     9.8640     89.696    301.085    308.255    0.01193    7.69514   10.99712  335.67116     2.9552   17.18397 4.3254e-02     0.3674    24.1855 0.0000e+00
        295  45.751233    0.02042     1.2252     73.515     13.123  49038.226    29.8931     2.9560     13.000     2.9553    23.8142     6.9503     9.9327     90.321    303.180    310.400    0.01253    7.69511   10.99708  335.66994     2.9553   17.18391 6.9628e-02     0.3793    24.1841 0.0000e+00
        298  45.751241    0.02062     1.2372     74.234     14.133  49039.356    29.8934     2.9560     14.000     2.9555    23.8144     6.9613     9.9485     90.465    303.662    310.893    0.01103    7.69509   10.99705  335.66896     2.9553   17.18386 9.2770e-02     0.3774    24.1841 0.0000e+00
        302  45.751252    0.02087     1.2524     75.145     15.142  49040.003    29.8935     2.9565     15.000     2.9558    23.8144     6.9646     9.9532     90.509    303.805    311.040    0.00881    7.69500   10.99692  335.66499     2.9557   17.18368 7.0674e-02     0.3794    24.1864 0.0000e+00
        307  45.751268    0.02127     1.2763     76.578     16.152  49040.568    29.8934     2.9569     16.000     2.9562    23.8144     6.9648     9.9534     90.512    303.813    311.048    0.00586    7.69494   10.99682  335.66204     2.9560   17.18353 4.2929e-02     0.3757    24.1876 0.0000e+00
        312  45.751282    0.02161     1.2964     77.786     17.161  49041.435    29.8936     2.9572     17.000     2.9566    23.8145     6.9731     9.9652     90.620    304.174    311.418    0.00464    7.69484   10.99670  335.65802     2.9564   17.18334 3.8178e-02     0.3861    24.1864 0.0000e+00
        316  45.751292    0.02185     1.3111     78.663     18.170  49041.936    29.8935     2.9576     18.000     2.9568    23.8144     6.9764     9.9700     90.664    304.319    311.565    0.00382    7.69477   10.99661  335.65522     2.9567   17.18321 3.8096e-02     0.3916    24.1860 0.0000e+00
        319  45.751302    0.02208     1.3249     79.497     19.180  49042.620    29.8935     2.9578     19.000     2.9568    23.8144     6.9803     9.9755     90.714    304.486    311.738    0.00321    7.69475   10.99658  335.65429     2.9567   17.18317 3.8386e-02     0.3953    24.1860 0.0000e+00
        322  45.751312    0.02230     1.3382     80.293     20.189  49043.386    29.8935     2.9579     20.000     2.9569    23.8144     6.9855     9.9829     90.783    304.715    311.971    0.00288    7.69473   10.99654  335.65331     2.9568   17.18312 3.8573e-02     0.3911    24.1856 0.0000e+00
        326  45.751321    0.02254     1.3527     81.159     21.200  49043.581    29.8933     2.9580     21.000     2.9569    23.8142     6.9922     9.9923     90.869    305.003    312.266    0.00267    7.69472   10.99652  335.65270     2.9569   17.18310 3.8035e-02     0.3942    24.1851 0.0000e+00
