CTD-processing/allCTD/CNV/2016_01-07_t9_s08_cast063_5028.cnv
* Sea-Bird SBE19plus Data File:
* FileName = C:\Users\Kris.Holderied\Documents\kasitsna\Research-KBL\Oceanography-AK\CTD-Data-ALL-to-2015-10\2016-CTD-KachemakBay-CookInlet\2016-01-07-CookInlet-HomerSpit-monthly-plus\2016-01-07-CookInlet-Tran9-plus-cast063.hex
* Software Version 1.59
* Temperature SN =  5028
* Conductivity SN =  5028
* System UpLoad Time = Feb 09 2016 07:56:36
** Cook Inlet LTM Tran9 Homer Spit
** Date (YYYY-MM-DD): 2016-01-07
** Station (ie. 9-01):  9-08
** Start time (AKST): 12:29
** Depth (m): 97.2
** Comment: R/V Edgecumbe
** Comment:
# nquan = 27
# nvalues = 91                          
# units = specified
# name 0 = scan: Scan Count
# name 1 = timeJ: Julian Days
# name 2 = timeH: Time, Elapsed [hours]
# name 3 = timeM: Time, Elapsed [minutes]
# name 4 = timeS: Time, Elapsed [seconds]
# name 5 = prdM: Pressure, Strain Gauge [db]
# name 6 = specc: Specific Conductance [uS/cm]
# name 7 = sal00: Salinity, Practical [PSU]
# name 8 = tv290C: Temperature [ITS-90, deg C]
# name 9 = depSM: Depth [salt water, m], lat = 59.00
# name 10 = potemp090C: Potential Temperature [ITS-90, deg C]
# name 11 = sigma-é00: Density [sigma-theta, kg/m^3]
# name 12 = sbeox0ML/L: Oxygen, SBE 43 [ml/l]
# name 13 = sbeox0Mg/L: Oxygen, SBE 43 [mg/l]
# name 14 = sbeox0PS: Oxygen, SBE 43 [% saturation]
# name 15 = sbox0Mm/Kg: Oxygen, SBE 43 [umol/kg]
# name 16 = sbeox0Mm/L: Oxygen, SBE 43 [umol/l]
# name 17 = sbox0dV/dT: Oxygen, SBE 43 [dov/dt]
# name 18 = oxsolML/L: Oxygen Saturation, Garcia & Gordon [ml/l]
# name 19 = oxsolMg/L: Oxygen Saturation, Garcia & Gordon [mg/l]
# name 20 = oxsolMm/Kg: Oxygen Saturation, Garcia & Gordon [umol/kg]
# name 21 = potemp090C: Potential Temperature [ITS-90, deg C]
# name 22 = n2satMg/L: Nitrogen Saturation [mg/l]
# name 23 = par: PAR/Irradiance, Biospherical/Licor
# name 24 = flECO-AFL: Fluorescence, WET Labs ECO-AFL/FL [mg/m^3]
# name 25 = turbWETntu0: Turbidity, WET Labs ECO [NTU]
# name 26 = flag: flag
# span 0 =        350,        667       
# span 1 =   7.521622,   7.522542       
# span 2 =    0.02423,    0.04628       
# span 3 =     1.4533,     2.7770       
# span 4 =     87.197,    166.618       
# span 5 =      1.010,     91.880       
# span 6 =  47318.540,  50130.316       
# span 7 =    29.0122,    31.3866       
# span 8 =     4.1312,     6.6238       
# span 9 =      1.000,     91.000       
# span 10 =     4.1945,     6.6161      
# span 11 =    23.0146,    24.6229      
# span 12 =     6.1803,     6.6467      
# span 13 =     8.8322,     9.4988      
# span 14 =     87.612,     90.478      
# span 15 =    269.378,    290.001      
# span 16 =    276.011,    296.842      
# span 17 =   -0.00346,    0.01131      
# span 18 =    6.97396,    7.51956      
# span 19 =    9.96649,   10.74621      
# span 20 =  303.97249,  328.26877      
# span 21 =     4.1311,     6.6161      
# span 22 =   15.66994,   16.83606      
# span 23 = 3.7976e-02, 2.9058e+01      
# span 24 =     0.1001,     0.1958      
# span 25 =     0.4735,     3.6808      
# span 26 = 0.0000e+00, 0.0000e+00      
# interval = meters: 1                  
# start_time = Jan 07 2016 12:29:41 [Instrument's time stamp, header]
# bad_flag = -9.990e-29
*END*
        350   7.521622    0.02423     1.4533     87.197      1.010  47318.540    29.0122     4.1312      1.000     4.1945    23.0146     6.5879     9.4148     87.612    287.599    294.218   -0.00003    7.51956   10.74621  328.26877     4.1311   16.83606 2.9058e+01     0.1878     3.6808 0.0000e+00
        354   7.521634    0.02449     1.4697     88.183      2.019  47746.130    29.3379     4.3059      2.000     4.4267    23.2570     6.5967     9.4273     88.299    287.911    294.607    0.00316    7.47121   10.67711  326.08114     4.3058   16.73075 1.6742e+01     0.1958     3.0117 0.0000e+00
        357   7.521643    0.02470     1.4824     88.941      3.028  48026.158    29.5659     4.4888      3.000     4.6174    23.4205     6.6311     9.4765     89.292    289.365    296.142    0.00808    7.42665   10.61342  324.08429     4.4887   16.63488 1.0552e+01     0.1920     2.4264 0.0000e+00
        360   7.521651    0.02491     1.4946     89.677      4.038  48312.141    29.7997     4.6802      4.000     4.8031    23.5871     6.6467     9.4988     90.059    290.001    296.842    0.01122    7.38069   10.54774  322.02623     4.6799   16.53606 7.0915e+00     0.1776     2.0718 0.0000e+00
        363   7.521660    0.02511     1.5068     90.410      5.047  48543.270    29.9932     4.8570      5.000     4.9669    23.7227     6.6349     9.4819     90.400    289.449    296.316    0.01131    7.33968   10.48913  320.19437     4.8566   16.44814 4.9278e+00     0.1550     1.9272 0.0000e+00
        366   7.521668    0.02532     1.5191     91.145      6.057  48707.077    30.1368     5.0149      6.000     5.1002    23.8203     6.6092     9.4451     90.478    288.299    295.166    0.00979    7.30476   10.43924  318.64079     5.0144   16.37364 3.5255e+00     0.1308     1.8113 0.0000e+00
        369   7.521677    0.02553     1.5317     91.902      7.066  48751.518    30.1910     5.1349      7.000     5.1827    23.8507     6.5797     9.4030     90.367    287.004    293.849    0.00741    7.28106   10.40535  317.59695     5.1344   16.32375 2.5760e+00     0.1234     1.7099 0.0000e+00
        372   7.521686    0.02575     1.5451     92.706      8.075  48764.701    30.2137     5.2049      8.000     5.2329    23.8613     6.5435     9.3513     90.035    285.422    292.232    0.00414    7.26771   10.38629  317.01181     5.2043   16.29582 1.9025e+00     0.1307     1.6298 0.0000e+00
        375   7.521697    0.02600     1.5600     93.599      9.085  48829.310    30.2683     5.2592      9.000     5.2965    23.8987     6.5023     9.2925     89.618    283.617    290.396    0.00076    7.25563   10.36902  316.47314     5.2586   16.26996 1.4240e+00     0.1387     1.5680 0.0000e+00
        379   7.521708    0.02626     1.5757     94.542     10.095  48901.952    30.3326     5.3345     10.000     5.3766    23.9414     6.4798     9.2602     89.506    282.619    289.386   -0.00020    7.23950   10.34597  315.75647     5.3338   16.23559 1.0809e+00     0.1302     1.5169 0.0000e+00
        383   7.521718    0.02652     1.5909     95.456     11.105  48938.684    30.3726     5.4120     11.000     5.4452    23.9646     6.4730     9.2506     89.602    282.319    289.085    0.00035    7.22420   10.32410  315.08192     5.4111   16.20332 8.2376e-01     0.1191     1.4671 0.0000e+00
        386   7.521728    0.02676     1.6056     96.335     12.114  48944.967    30.3870     5.4652     12.000     5.4874    23.9702     6.4681     9.2435     89.656    282.103    288.865    0.00064    7.21435   10.31003  314.65067     5.4643   16.18273 6.3703e-01     0.1204     1.3936 0.0000e+00
        390   7.521738    0.02699     1.6196     97.173     13.123  49005.250    30.4359     5.5059     13.000     5.5396    24.0043     6.4561     9.2264     89.606    281.571    288.329    0.00021    7.20503   10.29670  314.23343     5.5049   16.16266 4.9598e-01     0.1213     1.3541 0.0000e+00
        393   7.521748    0.02722     1.6331     97.987     14.133  49099.173    30.5117     5.5664     14.000     5.6144    24.0575     6.4440     9.2090     89.611    281.026    287.787    0.00007    7.19103   10.27671  313.60707     5.5654   16.13253 3.8687e-01     0.1192     1.3203 0.0000e+00
        396   7.521757    0.02745     1.6469     98.812     15.142  49182.661    30.5846     5.6488     15.000     5.6996    24.1059     6.4390     9.2019     89.761    280.795    287.564    0.00084    7.17351   10.25166  312.82802     5.6477   16.09514 2.9893e-01     0.1079     1.2563 0.0000e+00
        400   7.521767    0.02768     1.6609     99.653     16.152  49254.108    30.6499     5.7351     16.000     5.7846    24.1477     6.4330     9.1934     89.900    280.524    287.298    0.00152    7.15575   10.22628  312.04072     5.7339   16.05738 2.2081e-01     0.1084     1.1653 0.0000e+00
        403   7.521777    0.02792     1.6749    100.493     17.161  49350.943    30.7328     5.8218     17.000     5.8777    24.2032     6.4196     9.1743     89.946    279.925    286.699    0.00146    7.13717   10.19972  311.21357     5.8205   16.01765 1.8294e-01     0.1154     1.0880 0.0000e+00
        406   7.521786    0.02815     1.6889    101.335     18.170  49479.929    30.8402     5.9212     18.000     5.9802    24.2765     6.4043     9.1524     90.007    279.237    286.016    0.00146    7.11537   10.16857  310.24094     5.9198   15.97088 1.5955e-01     0.1207     0.9972 0.0000e+00
        410   7.521796    0.02838     1.7030    102.178     19.180  49566.958    30.9185     6.0200     19.000     6.0649    24.3267     6.3912     9.1336     90.078    278.650    285.428    0.00159    7.09512   10.13963  309.34264     6.0185   15.92777 1.3803e-01     0.1193     0.9255 0.0000e+00
        413   7.521806    0.02862     1.7172    103.033     20.190  49598.504    30.9538     6.0943     20.000     6.1193    24.3459     6.3729     9.1074     89.998    277.847    284.612    0.00095    7.08107   10.11955  308.72428     6.0927   15.89816 1.1854e-01     0.1169     0.8986 0.0000e+00
        417   7.521816    0.02886     1.7315    103.893     21.199  49617.350    30.9741     6.1352     21.000     6.1508    24.3570     6.3417     9.0630     89.657    276.487    283.222   -0.00112    7.07330   10.10845  308.38225     6.1336   15.88179 1.0102e-01     0.1231     0.9146 0.0000e+00
        420   7.521826    0.02910     1.7459    104.757     22.209  49639.747    30.9945     6.1637     22.000     6.1762    24.3696     6.3119     9.0203     89.307    275.182    281.888   -0.00296    7.06762   10.10034  308.13097     6.1619   15.86973 8.3342e-02     0.1316     0.9357 0.0000e+00
        423   7.521836    0.02934     1.7602    105.609     23.218  49678.275    31.0254     6.1893     23.000     6.2064    24.3910     6.2938     8.9945     89.123    274.390    281.082   -0.00346    7.06194   10.09221  307.87663     6.1874   15.85748 6.7445e-02     0.1212     0.9346 0.0000e+00
        427   7.521845    0.02957     1.7741    106.446     24.228  49760.954    31.0888     6.2254     24.000     6.2621    24.4366     6.2829     8.9789     89.081    273.901    280.595   -0.00302    7.05301   10.07945  307.47377     6.2234   15.83803 6.3208e-02     0.1072     0.9324 0.0000e+00
        430   7.521855    0.02980     1.7878    107.269     25.238  49888.706    31.1898     6.2958     25.000     6.3498    24.5077     6.2762     8.9693     89.192    273.589    280.294   -0.00185    7.03670   10.05615  306.74157     6.2937   15.80272 5.9608e-02     0.1068     0.8902 0.0000e+00
        433   7.521864    0.03002     1.8014    108.084     26.247  49934.601    31.2374     6.3837     26.000     6.4227    24.5345     6.2789     8.9732     89.442    273.699    280.415   -0.00001    7.02004   10.03233  306.00719     6.3815   15.76753 5.5683e-02     0.1128     0.8161 0.0000e+00
        437   7.521874    0.03025     1.8147    108.885     27.257  49974.428    31.2760     6.4462     27.000     6.4744    24.5572     6.2779     8.9717     89.581    273.649    280.370    0.00091    7.00799   10.01512  305.47522     6.4440   15.74202 5.2527e-02     0.1102     0.7366 0.0000e+00
        440   7.521883    0.03047     1.8282    109.692     28.266  49969.901    31.2804     6.4892     28.000     6.4995    24.5553     6.2719     8.9631     89.588    273.389    280.102    0.00078    7.00076   10.00479  305.16076     6.4869   15.72701 5.0112e-02     0.1001     0.6776 0.0000e+00
        443   7.521892    0.03070     1.8420    110.520     29.276  49965.559    31.2802     6.5074     29.000     6.5096    24.5529     6.2607     8.9472     89.467    272.903    279.603   -0.00003    6.99779   10.00054  305.03183     6.5050   15.72086 4.8156e-02     0.1066     0.6421 0.0000e+00
        447   7.521903    0.03094     1.8566    111.395     30.285  49971.366    31.2851     6.5149     30.000     6.5156    24.5559     6.2444     8.9239     89.253    272.192    278.876   -0.00133    6.99635    9.99849  304.96834     6.5124   15.71782 4.6511e-02     0.1110     0.6294 0.0000e+00
        450   7.521914    0.03120     1.8722    112.330     31.295  49978.293    31.2905     6.5205     31.000     6.5212    24.5595     6.2339     8.9089     89.117    271.732    278.405   -0.00186    6.99517    9.99681  304.91597     6.5180   15.71530 4.4964e-02     0.1110     0.6264 0.0000e+00
        454   7.521925    0.03147     1.8883    113.297     32.304  49989.498    31.2991     6.5275     32.000     6.5292    24.5654     6.2248     8.8959     89.006    271.334    277.999   -0.00208    6.99365    9.99464  304.84798     6.5248   15.71203 4.3490e-02     0.1111     0.6279 0.0000e+00
        458   7.521936    0.03174     1.9042    114.249     33.314  50001.191    31.3083     6.5362     33.000     6.5387    24.5716     6.2275     8.8997     89.068    271.448    278.117   -0.00139    6.99180    9.99199  304.76529     6.5335   15.70805 4.1917e-02     0.1085     0.6162 0.0000e+00
        462   7.521946    0.03199     1.9196    115.174     34.324  50009.219    31.3151     6.5458     34.000     6.5474    24.5757     6.2330     8.9075     89.171    271.687    278.364   -0.00039    6.98992    9.98931  304.68238     6.5430   15.70406 4.1186e-02     0.1109     0.6073 0.0000e+00
        465   7.521957    0.03224     1.9346    116.078     35.333  50010.367    31.3167     6.5528     35.000     6.5521    24.5761     6.2309     8.9045     89.156    271.596    278.271   -0.00044    6.98871    9.98758  304.62943     6.5499   15.70153 3.9940e-02     0.1207     0.5865 0.0000e+00
        469   7.521967    0.03249     1.9495    116.969     36.343  50011.726    31.3179     6.5564     36.000     6.5545    24.5766     6.2298     8.9031     89.150    271.552    278.226   -0.00040    6.98807    9.98666  304.60148     6.5534   15.70020 3.9179e-02     0.1237     0.5535 0.0000e+00
        472   7.521977    0.03274     1.9643    117.861     37.352  50013.466    31.3189     6.5583     37.000     6.5558    24.5772     6.2274     8.8996     89.119    271.445    278.116   -0.00057    6.98772    9.98615  304.58576     6.5551   15.69944 3.8906e-02     0.1178     0.5309 0.0000e+00
        476   7.521988    0.03299     1.9791    118.746     38.362  50015.189    31.3199     6.5595     38.000     6.5567    24.5778     6.2284     8.9010     89.137    271.489    278.161   -0.00040    6.98749    9.98582  304.57549     6.5563   15.69895 3.8614e-02     0.1126     0.5123 0.0000e+00
        479   7.521998    0.03322     1.9932    119.595     39.371  50017.138    31.3209     6.5601     39.000     6.5569    24.5786     6.2300     8.9032     89.161    271.555    278.230   -0.00025    6.98733    9.98559  304.56838     6.5569   15.69860 3.8207e-02     0.1189     0.4868 0.0000e+00
        483   7.522007    0.03345     2.0074    120.443     40.381  50019.213    31.3218     6.5600     40.000     6.5559    24.5793     6.2312     8.9050     89.179    271.609    278.285   -0.00013    6.98731    9.98556  304.56701     6.5566   15.69854 3.8023e-02     0.1348     0.4735 0.0000e+00
        486   7.522018    0.03370     2.0217    121.305     41.391  50022.066    31.3231     6.5587     41.000     6.5543    24.5805     6.2312     8.9051     89.178    271.612    278.288   -0.00017    6.98745    9.98576  304.57313     6.5553   15.69882 3.7982e-02     0.1390     0.4758 0.0000e+00
        490   7.522027    0.03394     2.0365    122.192     42.400  50025.781    31.3249     6.5570     42.000     6.5524    24.5821     6.2332     8.9079     89.203    271.695    278.374   -0.00007    6.98766    9.98606  304.58166     6.5534   15.69922 3.7977e-02     0.1304     0.4907 0.0000e+00
        493   7.522038    0.03419     2.0515    123.088     43.410  50031.337    31.3280     6.5554     43.000     6.5516    24.5848     6.2330     8.9076     89.199    271.687    278.367   -0.00014    6.98777    9.98623  304.58572     6.5518   15.69940 3.7976e-02     0.1433     0.5103 0.0000e+00
        497   7.522049    0.03444     2.0664    123.984     44.420  50037.622    31.3319     6.5555     44.000     6.5527    24.5878     6.2339     8.9089     89.214    271.726    278.407   -0.00009    6.98758    9.98595  304.57632     6.5518   15.69895 3.7976e-02     0.1565     0.5272 0.0000e+00
        501   7.522059    0.03469     2.0815    124.889     45.429  50042.114    31.3349     6.5575     45.000     6.5548    24.5900     6.2439     8.9232     89.364    272.162    278.854    0.00059    6.98712    9.98529  304.55568     6.5537   15.69794 3.7976e-02     0.1649     0.5453 0.0000e+00
        504   7.522070    0.03495     2.0967    125.804     46.439  50043.388    31.3356     6.5593     46.000     6.5560    24.5904     6.2476     8.9284     89.421    272.321    279.018    0.00088    6.98679    9.98482  304.54134     6.5554   15.69726 3.7976e-02     0.1694     0.5536 0.0000e+00
        508   7.522080    0.03520     2.1121    126.723     47.449  50045.820    31.3370     6.5604     47.000     6.5573    24.5914     6.2372     8.9137     89.275    271.869    278.555   -0.00020    6.98655    9.98447  304.53029     6.5564   15.69673 3.7976e-02     0.1687     0.5686 0.0000e+00
        512   7.522091    0.03546     2.1275    127.652     48.459  50051.542    31.3410     6.5626     48.000     6.5609    24.5942     6.2380     8.9147     89.293    271.901    278.588   -0.00033    6.98599    9.98368  304.50542     6.5586   15.69552 3.7976e-02     0.1770     0.5514 0.0000e+00
        515   7.522102    0.03571     2.1431    128.584     49.468  50059.362    31.3468     6.5677     49.000     6.5672    24.5982     6.2448     8.9244     89.403    272.194    278.890    0.00044    6.98490    9.98212  304.45662     6.5636   15.69317 3.7976e-02     0.1700     0.5421 0.0000e+00
        519   7.522112    0.03596     2.1580    129.482     50.477  50066.851    31.3528     6.5748     50.000     6.5747    24.6020     6.2393     8.9165     89.344    271.956    278.647   -0.00004    6.98347    9.98009  304.39334     6.5706   15.69013 3.7976e-02     0.1569     0.5460 0.0000e+00
        522   7.522122    0.03620     2.1723    130.335     51.487  50067.023    31.3537     6.5811     51.000     6.5788    24.6018     6.2339     8.9088     89.279    271.719    278.404   -0.00047    6.98242    9.97857  304.34714     6.5768   15.68793 3.7976e-02     0.1473     0.5578 0.0000e+00
        526   7.522132    0.03643     2.1859    131.154     52.497  50067.183    31.3538     6.5840     52.000     6.5804    24.6016     6.2340     8.9091     89.288    271.727    278.412   -0.00046    6.98194    9.97788  304.32634     6.5796   15.68693 3.7976e-02     0.1487     0.5683 0.0000e+00
        529   7.522140    0.03666     2.1992    131.953     53.507  50068.567    31.3546     6.5853     53.000     6.5814    24.6021     6.2352     8.9107     89.308    271.777    278.463   -0.00025    6.98168    9.97752  304.31508     6.5808   15.68639 3.7976e-02     0.1592     0.5769 0.0000e+00
