CTD-processing/allCTD/CNV/2016_04-07_t9_s02_cast166_5028.cnv
* Sea-Bird SBE19plus Data File:
* FileName = C:\Users\Kris.Holderied\Documents\kasitsna\Research-KBL\Oceanography-AK\CTD-Data-ALL-to-2016-02\2016-CTD-KachemakBay-CookInlet\2016-04-CookInlet-quarterly\2016-04-06-Tran9-HomerSpit\2016-04-06-CookInlet-Tran9-cast166.hex
* Software Version 1.59
* Temperature SN =  5028
* Conductivity SN =  5028
* System UpLoad Time = Apr 10 2016 01:31:34
** Cook Inlet LTM Tran9 Homer Spit
** Date (YYYY-MM-DD): 2016-04-07
** Station (ie. 9-01): 9-02
** Start time (AKST): 14:23
** Depth (m): 78
** Comment:  KBL R/V Barnacle
** Comment:
# nquan = 27
# nvalues = 78                          
# units = specified
# name 0 = scan: Scan Count
# name 1 = timeJ: Julian Days
# name 2 = timeH: Time, Elapsed [hours]
# name 3 = timeM: Time, Elapsed [minutes]
# name 4 = timeS: Time, Elapsed [seconds]
# name 5 = prdM: Pressure, Strain Gauge [db]
# name 6 = specc: Specific Conductance [uS/cm]
# name 7 = sal00: Salinity, Practical [PSU]
# name 8 = tv290C: Temperature [ITS-90, deg C]
# name 9 = depSM: Depth [salt water, m], lat = 59.00
# name 10 = potemp090C: Potential Temperature [ITS-90, deg C]
# name 11 = sigma-é00: Density [sigma-theta, kg/m^3]
# name 12 = sbeox0ML/L: Oxygen, SBE 43 [ml/l]
# name 13 = sbeox0Mg/L: Oxygen, SBE 43 [mg/l]
# name 14 = sbeox0PS: Oxygen, SBE 43 [% saturation]
# name 15 = sbox0Mm/Kg: Oxygen, SBE 43 [umol/kg]
# name 16 = sbeox0Mm/L: Oxygen, SBE 43 [umol/l]
# name 17 = sbox0dV/dT: Oxygen, SBE 43 [dov/dt]
# name 18 = oxsolML/L: Oxygen Saturation, Garcia & Gordon [ml/l]
# name 19 = oxsolMg/L: Oxygen Saturation, Garcia & Gordon [mg/l]
# name 20 = oxsolMm/Kg: Oxygen Saturation, Garcia & Gordon [umol/kg]
# name 21 = potemp090C: Potential Temperature [ITS-90, deg C]
# name 22 = n2satMg/L: Nitrogen Saturation [mg/l]
# name 23 = par: PAR/Irradiance, Biospherical/Licor
# name 24 = flECO-AFL: Fluorescence, WET Labs ECO-AFL/FL [mg/m^3]
# name 25 = turbWETntu0: Turbidity, WET Labs ECO [NTU]
# name 26 = flag: flag
# span 0 =        651,        984       
# span 1 =  98.601511,  98.602475       
# span 2 =    0.04515,    0.06829       
# span 3 =     2.7088,     4.0975       
# span 4 =    162.530,    245.853       
# span 5 =      2.019,     79.761       
# span 6 =  49424.607,  50443.508       
# span 7 =    30.8552,    31.4692       
# span 8 =     5.8874,     6.1631       
# span 9 =      2.000,     79.000       
# span 10 =     5.8810,     6.1395      
# span 11 =    24.2596,    24.7777      
# span 12 =     6.4343,     6.7629      
# span 13 =     9.1953,     9.6648      
# span 14 =     90.735,     95.551      
# span 15 =    280.410,    294.823      
# span 16 =    287.357,    302.030      
# span 17 =   -0.00501,    0.00276      
# span 18 =    7.07018,    7.09132      
# span 19 =   10.10400,   10.13420      
# span 20 =  308.16852,  309.04097      
# span 21 =     5.8811,     6.1629      
# span 22 =   15.87030,   15.91115      
# span 23 = 4.6340e-02, 1.9245e+02      
# span 24 =     0.1517,     1.0098      
# span 25 =     0.7429,     3.2640      
# span 26 = 0.0000e+00, 0.0000e+00      
# interval = meters: 1                  
# start_time = Apr 07 2016 14:23:28 [Instrument's time stamp, header]
# bad_flag = -9.990e-29
*END*
[from data line 54]
        886  98.602191    0.06149     3.6891    221.345     56.536  50276.207    31.3750     5.9402     56.000     5.9339    24.6969     6.5488     9.3589     92.406    285.419    292.468   -0.00143    7.08694   10.12794  308.87441     5.9358   15.90359 5.1286e-02     0.3234     1.5467 0.0000e+00
        890  98.602202    0.06175     3.7045    222.269     57.547  50284.605    31.3797     5.9366     57.000     5.9300    24.7010     6.5519     9.3633     92.445    285.554    292.608   -0.00087    7.08731   10.12848  308.88956     5.9321   15.90430 5.0769e-02     0.3165     1.5126 0.0000e+00
        894  98.602213    0.06200     3.7202    223.211     58.555  50295.366    31.3859     5.9330     58.000     5.9260    24.7064     6.5472     9.3566     92.374    285.347    292.397   -0.00105    7.08763   10.12893  308.90171     5.9284   15.90485 5.0338e-02     0.3005     1.5425 0.0000e+00
        898  98.602224    0.06226     3.7359    224.151     59.566  50313.893    31.3971     5.9275     59.000     5.9191    24.7159     6.5384     9.3440     92.246    284.963    292.006   -0.00157    7.08802   10.12949  308.91583     5.9228   15.90548 5.0019e-02     0.2841     1.5383 0.0000e+00
        901  98.602235    0.06252     3.7514    225.087     60.575  50329.330    31.4061     5.9215     60.000     5.9147    24.7238     6.5298     9.3318     92.117    284.586    291.622   -0.00194    7.08860   10.13032  308.93879     5.9167   15.90654 4.9722e-02     0.2463     1.5637 0.0000e+00
        905  98.602245    0.06279     3.7672    226.030     61.585  50337.544    31.4107     5.9183     61.000     5.9124    24.7277     6.5205     9.3184     91.982    284.178    291.205   -0.00227    7.08892   10.13077  308.95135     5.9134   15.90711 4.9483e-02     0.2347     1.5742 0.0000e+00
        909  98.602257    0.06305     3.7829    226.973     62.595  50341.786    31.4128     5.9167     62.000     5.9114    24.7296     6.5125     9.3070     91.867    283.830    290.849   -0.00241    7.08907   10.13099  308.95766     5.9118   15.90740 4.9254e-02     0.2231     1.5779 0.0000e+00
        913  98.602268    0.06331     3.7988    227.926     63.603  50343.590    31.4135     5.9162     63.000     5.9110    24.7302     6.5051     9.2965     91.762    283.507    290.518   -0.00244    7.08913   10.13108  308.96001     5.9112   15.90752 4.9003e-02     0.2226     1.5836 0.0000e+00
        917  98.602279    0.06358     3.8148    228.889     64.614  50344.977    31.4140     5.9159     64.000     5.9106    24.7306     6.5008     9.2903     91.701    283.319    290.326   -0.00225    7.08915   10.13111  308.96068     5.9108   15.90755 4.8745e-02     0.2213     1.5890 0.0000e+00
        920  98.602290    0.06385     3.8312    229.869     65.624  50346.886    31.4147     5.9154     65.000     5.9100    24.7312     6.4994     9.2882     91.680    283.256    290.262   -0.00184    7.08921   10.13118  308.96285     5.9103   15.90765 4.8510e-02     0.2280     1.6007 0.0000e+00
        924  98.602301    0.06413     3.8476    230.855     66.634  50349.000    31.4155     5.9149     66.000     5.9093    24.7320     6.4980     9.2863     91.660    283.197    290.201   -0.00156    7.08925   10.13124  308.96461     5.9097   15.90772 4.8334e-02     0.2197     1.6149 0.0000e+00
        928  98.602313    0.06440     3.8642    231.850     67.643  50351.617    31.4167     5.9142     67.000     5.9084    24.7331     6.4968     9.2846     91.642    283.144    290.147   -0.00130    7.08931   10.13133  308.96704     5.9089   15.90784 4.8171e-02     0.2199     1.6200 0.0000e+00
        932  98.602324    0.06467     3.8805    232.832     68.653  50354.238    31.4179     5.9133     68.000     5.9073    24.7341     6.4952     9.2823     91.618    283.073    290.074   -0.00116    7.08941   10.13147  308.97096     5.9079   15.90802 4.8004e-02     0.2169     1.6253 0.0000e+00
        936  98.602336    0.06495     3.8969    233.816     69.663  50356.442    31.4188     5.9124     69.000     5.9066    24.7349     6.4914     9.2770     91.564    282.910    289.908   -0.00119    7.08953   10.13164  308.97581     5.9069   15.90825 4.7837e-02     0.1992     1.6187 0.0000e+00
        940  98.602348    0.06523     3.9139    234.833     70.672  50357.633    31.4190     5.9120     70.000     5.9063    24.7351     6.4891     9.2736     91.530    282.808    289.804   -0.00116    7.08958   10.13171  308.97794     5.9064   15.90835 4.7669e-02     0.1868     1.6324 0.0000e+00
        945  98.602360    0.06553     3.9313    235.875     71.683  50358.714    31.4193     5.9118     71.000     5.9060    24.7354     6.4870     9.2706     91.501    282.718    289.712   -0.00103    7.08960   10.13175  308.97880     5.9061   15.90839 4.7508e-02     0.1830     1.6948 0.0000e+00
        949  98.602372    0.06580     3.9485    236.908     72.693  50361.777    31.4208     5.9113     72.000     5.9047    24.7366     6.4839     9.2661     91.456    282.580    289.570   -0.00108    7.08960   10.13175  308.97843     5.9057   15.90836 4.7322e-02     0.2012     1.7081 0.0000e+00
        953  98.602383    0.06609     3.9653    237.919     73.702  50373.320    31.4277     5.9085     73.000     5.9002    24.7425     6.4841     9.2663     91.457    282.586    289.577   -0.00087    7.08974   10.13195  308.98280     5.9028   15.90855 4.7177e-02     0.2145     1.6735 0.0000e+00
        957  98.602395    0.06638     3.9825    238.950     74.712  50388.999    31.4371     5.9035     74.000     5.8953    24.7505     6.4806     9.2614     91.403    282.432    289.422   -0.00093    7.09014   10.13252  308.99765     5.8977   15.90921 4.7064e-02     0.1995     1.7180 0.0000e+00
        961  98.602407    0.06666     3.9997    239.982     75.721  50404.625    31.4465     5.8987     75.000     5.8906    24.7584     6.4716     9.2486     91.272    282.040    289.023   -0.00145    7.09050   10.13304  309.01122     5.8928   15.90982 4.6969e-02     0.1739     1.7727 0.0000e+00
        965  98.602419    0.06694     4.0165    240.993     76.731  50419.174    31.4552     5.8946     76.000     5.8867    24.7658     6.4617     9.2344     91.128    281.604    288.578   -0.00190    7.09078   10.13342  309.02063     5.8886   15.91024 4.6852e-02     0.1615     1.7757 0.0000e+00
        969  98.602431    0.06722     4.0336    242.013     77.741  50431.857    31.4628     5.8911     77.000     5.8835    24.7722     6.4544     9.2240     91.022    281.285    288.253   -0.00204    7.09101   10.13376  309.02911     5.8850   15.91061 4.6721e-02     0.1611     1.8670 0.0000e+00
        973  98.602442    0.06751     4.0504    243.023     78.752  50440.640    31.4678     5.8885     78.000     5.8815    24.7766     6.4468     9.2131     90.913    280.952    287.913   -0.00215    7.09120   10.13403  309.03607     5.8823   15.91092 4.6551e-02     0.1534     2.0831 0.0000e+00
        984  98.602475    0.06829     4.0975    245.853     79.761  50443.508    31.4692     5.8874     79.000     5.8810    24.7777     6.4343     9.1953     90.735    280.410    287.357   -0.00194    7.09132   10.13420  309.04097     5.8811   15.91115 4.6340e-02     0.1517     3.2640 0.0000e+00
