CTD-processing/allCTD/CNV/2016_06-16_alongbay_skb06_cast274_5028.cnv
* Sea-Bird SBE19plus Data File:
* FileName = C:\Users\Kris.Holderied\Documents\kasitsna\Research-KBL\Oceanography-AK\CTD-Data-ALL-to-2016-05\2016-CTD-KachemakBay-CookInlet\2016-06-16-KachemakBay-AlongBay-partial\2016-06-16-KachemakBay-AlongBay-cast274.hex
* Software Version 1.59
* Temperature SN =  5028
* Conductivity SN =  5028
* System UpLoad Time = Jul 26 2016 19:56:29
** Cook Inlet Kachemak Bay Along-bay line- partial
** Date (YYYY-MM-DD): 2016-06-16
** Station (eg. 9-01):  KB06
** Start time (AKDT): 15:25
** Depth (m): 100.9
** Comment:  R/V Edgecumbe.  Additional stations after monthly Transect 9 survey.
** Comment:
# nquan = 27
# nvalues = 89                          
# units = specified
# name 0 = scan: Scan Count
# name 1 = timeJ: Julian Days
# name 2 = timeH: Time, Elapsed [hours]
# name 3 = timeM: Time, Elapsed [minutes]
# name 4 = timeS: Time, Elapsed [seconds]
# name 5 = prdM: Pressure, Strain Gauge [db]
# name 6 = specc: Specific Conductance [uS/cm]
# name 7 = sal00: Salinity, Practical [PSU]
# name 8 = tv290C: Temperature [ITS-90, deg C]
# name 9 = depSM: Depth [salt water, m], lat = 59.00
# name 10 = potemp090C: Potential Temperature [ITS-90, deg C]
# name 11 = sigma-é00: Density [sigma-theta, kg/m^3]
# name 12 = sbeox0ML/L: Oxygen, SBE 43 [ml/l]
# name 13 = sbeox0Mg/L: Oxygen, SBE 43 [mg/l]
# name 14 = sbeox0PS: Oxygen, SBE 43 [% saturation]
# name 15 = sbox0Mm/Kg: Oxygen, SBE 43 [umol/kg]
# name 16 = sbeox0Mm/L: Oxygen, SBE 43 [umol/l]
# name 17 = sbox0dV/dT: Oxygen, SBE 43 [dov/dt]
# name 18 = oxsolML/L: Oxygen Saturation, Garcia & Gordon [ml/l]
# name 19 = oxsolMg/L: Oxygen Saturation, Garcia & Gordon [mg/l]
# name 20 = oxsolMm/Kg: Oxygen Saturation, Garcia & Gordon [umol/kg]
# name 21 = potemp090C: Potential Temperature [ITS-90, deg C]
# name 22 = n2satMg/L: Nitrogen Saturation [mg/l]
# name 23 = par: PAR/Irradiance, Biospherical/Licor
# name 24 = flECO-AFL: Fluorescence, WET Labs ECO-AFL/FL [mg/m^3]
# name 25 = turbWETntu0: Turbidity, WET Labs ECO [NTU]
# name 26 = flag: flag
# span 0 =        140,        811       
# span 1 = 168.643135, 168.645074       
# span 2 =    0.00968,    0.05624       
# span 3 =     0.5806,     3.3744       
# span 4 =     34.838,    202.460       
# span 5 =      1.009,     89.859       
# span 6 =  42652.699,  49803.634       
# span 7 =    27.0223,    31.3392       
# span 8 =     7.6569,    12.7038       
# span 9 =      1.000,     89.000       
# span 10 =     7.6488,    12.7067      
# span 11 =    20.2768,    24.4492      
# span 12 =     6.1450,     7.9296      
# span 13 =     8.7818,    11.3322      
# span 14 =     91.123,    120.194      
# span 15 =    268.989,    346.003      
# span 16 =    274.436,    354.134      
# span 17 =   -0.04251,    0.01567      
# span 18 =    6.25860,    6.81210      
# span 19 =    8.94416,    9.73518      
# span 20 =  273.78125,  296.96804      
# span 21 =     7.6489,    12.7037      
# span 22 =   14.24137,   15.33602      
# span 23 = 5.8048e-02, 5.1687e+02      
# span 24 =     0.0118,     7.3987      
# span 25 =     0.4284,     1.6638      
# span 26 = 0.0000e+00, 0.0000e+00      
# interval = meters: 1                  
# start_time = Jun 16 2016 15:25:32 [Instrument's time stamp, header]
# bad_flag = -9.990e-29
*END*
[from data line 54]
        659 168.644636    0.04571     2.7431    164.585     55.526  49645.146    31.2806     7.8843     55.000     7.8769    24.3712     6.3542     9.0808     93.725    277.026    283.777   -0.00127    6.77952    9.68862  295.57011     7.8791   15.26954 6.2371e-02     0.0363     0.6581 0.0000e+00
        663 168.644648    0.04599     2.7594    165.564     56.536  49644.953    31.2793     7.8794     56.000     7.8697    24.3708     6.3550     9.0819     93.727    277.062    283.814   -0.00100    6.78034    9.68979  295.60590     7.8740   15.27125 6.2246e-02     0.0448     0.6572 0.0000e+00
        667 168.644659    0.04626     2.7756    166.535     57.546  49647.514    31.2792     7.8703     57.000     7.8600    24.3720     6.3536     9.0799     93.687    277.001    283.752   -0.00098    6.78174    9.69178  295.66646     7.8649   15.27414 6.2433e-02     0.0538     0.6839 0.0000e+00
        671 168.644670    0.04653     2.7918    167.507     58.555  49650.867    31.2796     7.8612     58.000     7.8517    24.3736     6.3479     9.0718     93.584    276.753    283.499   -0.00138    6.78313    9.69377  295.72655     7.8557   15.27701 6.2903e-02     0.0485     0.7131 0.0000e+00
        675 168.644682    0.04681     2.8081    168.486     59.565  49659.598    31.2841     7.8541     59.000     7.8462    24.3782     6.3428     9.0645     93.496    276.528    283.270   -0.00161    6.78402    9.69505  295.76432     7.8485   15.27879 6.2886e-02     0.0375     0.6837 0.0000e+00
        679 168.644693    0.04707     2.8247    169.479     60.576  49667.303    31.2884     7.8502     60.000     7.8432    24.3821     6.3350     9.0534     93.376    276.188    282.922   -0.00189    6.78443    9.69563  295.78092     7.8446   15.27957 6.2420e-02     0.0309     0.6393 0.0000e+00
        683 168.644705    0.04737     2.8422    170.532     61.585  49670.800    31.2900     7.8477     61.000     7.8408    24.3837     6.3305     9.0470     93.305    275.991    282.721   -0.00190    6.78475    9.69609  295.79444     7.8419   15.28021 6.1942e-02     0.0442     0.6222 0.0000e+00
        688 168.644718    0.04769     2.8612    171.673     62.595  49672.602    31.2904     7.8454     62.000     7.8384    24.3845     6.3336     9.0514     93.346    276.127    282.860   -0.00114    6.78510    9.69658  295.80918     7.8395   15.28091 6.1517e-02     0.0631     0.6268 0.0000e+00
        692 168.644732    0.04801     2.8801    172.808     63.605  49674.505    31.2909     7.8427     63.000     7.8354    24.3852     6.3343     9.0523     93.350    276.154    282.889   -0.00080    6.78548    9.69713  295.82564     7.8368   15.28169 6.1188e-02     0.0689     0.6089 0.0000e+00
        697 168.644745    0.04832     2.8992    173.954     64.614  49676.789    31.2915     7.8398     64.000     7.8326    24.3861     6.3302     9.0465     93.285    275.977    282.707   -0.00098    6.78590    9.69772  295.84366     7.8338   15.28255 6.0899e-02     0.0591     0.6136 0.0000e+00
        702 168.644759    0.04865     2.9192    175.149     65.624  49678.148    31.2916     7.8372     65.000     7.8299    24.3866     6.3268     9.0416     93.229    275.827    282.553   -0.00106    6.78629    9.69829  295.86082     7.8311   15.28337 6.0610e-02     0.0516     0.6256 0.0000e+00
        706 168.644772    0.04899     2.9392    176.349     66.634  49679.354    31.2916     7.8349     66.000     7.8283    24.3869     6.3232     9.0364     93.171    275.671    282.393   -0.00109    6.78665    9.69881  295.87641     7.8286   15.28411 6.0325e-02     0.0441     0.6330 0.0000e+00
        711 168.644785    0.04929     2.9569    177.416     67.644  49680.052    31.2916     7.8346     67.000     7.8282    24.3870     6.3184     9.0296     93.100    275.462    282.180   -0.00124    6.78669    9.69886  295.87803     7.8283   15.28419 6.0135e-02     0.0445     0.6260 0.0000e+00
        715 168.644797    0.04956     2.9737    178.421     68.653  49677.410    31.2892     7.8337     68.000     7.8240    24.3852     6.3166     9.0271     93.070    275.384    282.100   -0.00118    6.78695    9.69923  295.88968     7.8273   15.28475 6.0030e-02     0.0393     0.6236 0.0000e+00
        719 168.644809    0.04985     2.9911    179.468     69.663  49679.392    31.2887     7.8246     69.000     7.8134    24.3861     6.3203     9.0323     93.104    275.544    282.264   -0.00073    6.78837    9.70126  295.95145     7.8181   15.28771 5.9863e-02     0.0524     0.6413 0.0000e+00
        723 168.644821    0.05016     3.0094    180.564     70.673  49685.205    31.2908     7.8155     70.000     7.8059    24.3890     6.3202     9.0322     93.085    275.540    282.260   -0.00064    6.78967    9.70312  296.00752     7.8090   15.29038 5.9708e-02     0.0415     0.6472 0.0000e+00
        728 168.644834    0.05047     3.0281    181.684     71.683  49688.035    31.2913     7.8090     71.000     7.7994    24.3903     6.3152     9.0250     92.998    275.320    282.035   -0.00101    6.79066    9.70454  296.05038     7.8023   15.29242 5.9568e-02     0.0428     0.6571 0.0000e+00
        732 168.644847    0.05078     3.0468    182.805     72.692  49692.379    31.2930     7.8031     72.000     7.7945    24.3924     6.3100     9.0177     92.911    275.095    281.806   -0.00127    6.79150    9.70573  296.08613     7.7963   15.29412 5.9460e-02     0.0433     0.6406 0.0000e+00
        737 168.644861    0.05110     3.0661    183.967     73.702  49696.523    31.2948     7.7996     73.000     7.7913    24.3944     6.3059     9.0117     92.844    274.915    281.621   -0.00133    6.79197    9.70640  296.10595     7.7927   15.29506 5.9317e-02     0.0525     0.6421 0.0000e+00
        742 168.644875    0.05144     3.0863    185.180     74.711  49700.348    31.2965     7.7965     74.000     7.7884    24.3962     6.3097     9.0171     92.894    275.079    281.790   -0.00073    6.79237    9.70697  296.12276     7.7895   15.29586 5.9212e-02     0.0309     0.6046 0.0000e+00
        747 168.644889    0.05178     3.1070    186.418     75.722  49701.031    31.2960     7.7931     75.000     7.7831    24.3963     6.3087     9.0159     92.873    275.040    281.749   -0.00060    6.79292    9.70775  296.14684     7.7860   15.29700 5.9117e-02     0.0333     0.6061 0.0000e+00
        751 168.644903    0.05211     3.1270    187.618     76.731  49700.466    31.2937     7.7841     76.000     7.7696    24.3957     6.3051     9.0106     92.798    274.879    281.585   -0.00095    6.79441    9.70989  296.21202     7.7769   15.30013 5.9000e-02     0.0387     0.6120 0.0000e+00
        756 168.644916    0.05244     3.1465    188.790     77.742  49706.787    31.2944     7.7641     77.000     7.7477    24.3991     6.3057     9.0114     92.765    274.904    281.611   -0.00088    6.79748    9.71427  296.34455     7.7568   15.30645 5.8900e-02     0.0430     0.6183 0.0000e+00
        761 168.644930    0.05277     3.1661    189.966     78.752  49720.939    31.3010     7.7466     78.000     7.7347    24.4067     6.3005     9.0040     92.656    274.676    281.379   -0.00126    6.79988    9.71770  296.44719     7.7393   15.31132 5.8791e-02     0.0537     0.6696 0.0000e+00
        766 168.644944    0.05310     3.1860    191.158     79.761  49731.493    31.3063     7.7370     79.000     7.7272    24.4123     6.2892     8.9880     92.473    274.183    280.877   -0.00194    6.80114    9.71951  296.50065     7.7296   15.31385 5.8701e-02     0.0497     0.6982 0.0000e+00
        770 168.644957    0.05341     3.2050    192.300     80.770  49743.816    31.3138     7.7328     80.000     7.7226    24.4187     6.2821     8.9777     92.364    273.869    280.557   -0.00207    6.80145    9.71996  296.51242     7.7253   15.31439 5.8608e-02     0.0298     0.6764 0.0000e+00
        775 168.644970    0.05373     3.2238    193.427     81.781  49742.404    31.3102     7.7195     81.000     7.6982    24.4177     6.2755     8.9683     92.237    273.584    280.264   -0.00216    6.80368    9.72314  296.60979     7.7119   15.31904 5.8547e-02     0.0292     0.6984 0.0000e+00
        779 168.644984    0.05406     3.2432    194.593     82.791  49764.268    31.3195     7.6855     82.000     7.6669    24.4297     6.2616     8.9484     91.967    272.973    279.642   -0.00303    6.80854    9.73008  296.81802     7.6779   15.32894 5.8490e-02     0.0421     0.8711 0.0000e+00
        784 168.644997    0.05438     3.2630    195.781     83.800  49786.252    31.3313     7.6666     83.000     7.6563    24.4416     6.2407     8.9186     91.628    272.061    278.712   -0.00404    6.81095    9.73353  296.91977     7.6589   15.33375 5.8410e-02     0.0474     1.0600 0.0000e+00
        789 168.645011    0.05471     3.2827    196.963     84.810  49792.484    31.3344     7.6621     84.000     7.6530    24.4447     6.2259     8.8974     91.402    271.411    278.046   -0.00412    6.81151    9.73432  296.94317     7.6543   15.33485 5.8337e-02     0.0391     1.1298 0.0000e+00
        794 168.645025    0.05505     3.3030    198.183     85.820  49797.059    31.3367     7.6591     85.000     7.6502    24.4469     6.2198     8.8887     91.308    271.146    277.775   -0.00339    6.81187    9.73484  296.95846     7.6512   15.33557 5.8250e-02     0.0414     1.1869 0.0000e+00
        798 168.645039    0.05537     3.3222    199.334     86.830  49800.444    31.3383     7.6574     86.000     7.6491    24.4484     6.2131     8.8791     91.207    270.855    277.477   -0.00291    6.81207    9.73513  296.96668     7.6494   15.33596 5.8197e-02     0.0433     1.2142 0.0000e+00
        802 168.645050    0.05565     3.3393    200.357     87.840  49802.123    31.3390     7.6569     87.000     7.6488    24.4490     6.2074     8.8710     91.123    270.607    277.223   -0.00271    6.81210    9.73518  296.96804     7.6489   15.33602 5.8143e-02     0.0332     1.2511 0.0000e+00
        806 168.645062    0.05592     3.3553    201.321     88.849  49803.018    31.3392     7.6570     88.000     7.6489    24.4492     6.2089     8.8731     91.145    270.672    277.289   -0.00197    6.81209    9.73515  296.96715     7.6489   15.33598 5.8091e-02     0.0257     1.2555 0.0000e+00
        811 168.645074    0.05624     3.3744    202.460     89.859  49803.634    31.3392     7.6573     89.000     7.6489    24.4492     6.2113     8.8766     91.182    270.777    277.397   -0.00122    6.81206    9.73510  296.96566     7.6489   15.33591 5.8048e-02     0.0118     1.2038 0.0000e+00
