CTD-processing/allCTD/CNV/2016_08-29_t3_s12_cast059_5028.cnv
* Sea-Bird SBE19plus Data File:
* FileName = C:\Users\Kim.Powell\Desktop\2016_08-29_T3_5028\2016_08-29_T3_5028_cast059.hex
* Software Version 1.59
* Temperature SN =  5028
* Conductivity SN =  5028
* System UpLoad Time = Aug 29 2016 21:42:46
** CookInlet LTM Transect 3
** 2016_08-29
** Station: 3-12
** Start Time: 13:42
** Depth (m): 35.1
** Comment:
** Comment:
# nquan = 27
# nvalues = 31                          
# units = specified
# name 0 = scan: Scan Count
# name 1 = timeJ: Julian Days
# name 2 = timeH: Time, Elapsed [hours]
# name 3 = timeM: Time, Elapsed [minutes]
# name 4 = timeS: Time, Elapsed [seconds]
# name 5 = prdM: Pressure, Strain Gauge [db]
# name 6 = specc: Specific Conductance [uS/cm]
# name 7 = sal00: Salinity, Practical [PSU]
# name 8 = tv290C: Temperature [ITS-90, deg C]
# name 9 = depSM: Depth [salt water, m], lat = 59.00
# name 10 = potemp090C: Potential Temperature [ITS-90, deg C]
# name 11 = sigma-é00: Density [sigma-theta, kg/m^3]
# name 12 = sbeox0ML/L: Oxygen, SBE 43 [ml/l]
# name 13 = sbeox0Mg/L: Oxygen, SBE 43 [mg/l]
# name 14 = sbeox0PS: Oxygen, SBE 43 [% saturation]
# name 15 = sbox0Mm/Kg: Oxygen, SBE 43 [umol/kg]
# name 16 = sbeox0Mm/L: Oxygen, SBE 43 [umol/l]
# name 17 = sbox0dV/dT: Oxygen, SBE 43 [dov/dt]
# name 18 = oxsolML/L: Oxygen Saturation, Garcia & Gordon [ml/l]
# name 19 = oxsolMg/L: Oxygen Saturation, Garcia & Gordon [mg/l]
# name 20 = oxsolMm/Kg: Oxygen Saturation, Garcia & Gordon [umol/kg]
# name 21 = potemp090C: Potential Temperature [ITS-90, deg C]
# name 22 = n2satMg/L: Nitrogen Saturation [mg/l]
# name 23 = par: PAR/Irradiance, Biospherical/Licor
# name 24 = flECO-AFL: Fluorescence, WET Labs ECO-AFL/FL [mg/m^3]
# name 25 = turbWETntu0: Turbidity, WET Labs ECO [NTU]
# name 26 = flag: flag
# span 0 =        266,        452       
# span 1 = 242.572248, 242.572786       
# span 2 =    0.01841,    0.03129       
# span 3 =     1.1044,     1.8776       
# span 4 =     66.267,    112.658       
# span 5 =      1.009,     31.295       
# span 6 =  46462.923,  46478.462       
# span 7 =    29.6356,    29.6578       
# span 8 =    12.6722,    12.7204       
# span 9 =      1.000,     31.000       
# span 10 =    12.6696,    12.7155      
# span 11 =    22.3034,    22.3113      
# span 12 =     5.4362,     5.6966      
# span 13 =     7.7689,     8.1410      
# span 14 =     88.175,     92.317      
# span 15 =    237.482,    248.861      
# span 16 =    242.780,    254.412      
# span 17 =   -0.00103,    0.00436      
# span 18 =    6.16448,    6.17137      
# span 19 =    8.80966,    8.81950      
# span 20 =  269.29775,  269.59955      
# span 21 =    12.6696,    12.7203      
# span 22 =   14.01905,   14.03361      
# span 23 = 1.2276e+00, 4.2355e+01      
# span 24 =     0.8243,     0.9420      
# span 25 =     0.4582,     0.5285      
# span 26 = 0.0000e+00, 0.0000e+00      
# interval = meters: 1                  
# start_time = Aug 29 2016 13:42:56 [Instrument's time stamp, header]
# bad_flag = -9.990e-29
*END*
        266 242.572248    0.01841     1.1044     66.267      1.009  46478.462    29.6578    12.7204      1.000    12.7155    22.3113     5.4362     7.7689     88.175    237.482    242.780    0.00106    6.16448    8.80966  269.29775    12.7203   14.01905 4.2355e+01     0.8450     0.4780 0.0000e+00
        325 242.572420    0.02251     1.3505     81.031      2.019  46463.109    29.6412    12.6758      2.000    12.6751    22.3067     5.6214     8.0335     91.096    245.575    251.053    0.00436    6.17084    8.81875  269.57641    12.6756   14.03247 3.0830e+01     0.8619     0.4821 0.0000e+00
        331 242.572437    0.02295     1.3771     82.624      3.028  46462.923    29.6404    12.6736      3.000    12.6730    22.3065     5.6330     8.0501     91.280    246.082    251.571    0.00350    6.17116    8.81921  269.59044    12.6732   14.03315 2.5472e+01     0.8528     0.4829 0.0000e+00
        336 242.572450    0.02325     1.3949     83.693      4.038  46463.572    29.6405    12.6735      4.000    12.6730    22.3067     5.6365     8.0551     91.336    246.234    251.727    0.00253    6.17117    8.81922  269.59077    12.6730   14.03317 2.1805e+01     0.8243     0.4704 0.0000e+00
        340 242.572462    0.02354     1.4123     84.737      5.047  46463.943    29.6404    12.6737      5.000    12.6729    22.3066     5.6441     8.0660     91.459    246.566    252.066    0.00244    6.17115    8.81919  269.59013    12.6730   14.03314 1.9674e+01     0.8282     0.4662 0.0000e+00
        344 242.572474    0.02383     1.4296     85.778      6.057  46463.837    29.6399    12.6734      6.000    12.6722    22.3062     5.6490     8.0729     91.537    246.778    252.282    0.00209    6.17120    8.81925  269.59200    12.6727   14.03323 1.8224e+01     0.8701     0.4728 0.0000e+00
        348 242.572486    0.02412     1.4470     86.821      7.066  46464.065    29.6396    12.6726      7.000    12.6713    22.3062     5.6532     8.0791     91.605    246.965    252.474    0.00177    6.17132    8.81943  269.59718    12.6717   14.03348 1.7107e+01     0.9018     0.4808 0.0000e+00
        352 242.572498    0.02441     1.4644     87.867      8.076  46464.772    29.6397    12.6722      8.000    12.6711    22.3064     5.6573     8.0849     91.670    247.142    252.655    0.00152    6.17137    8.81950  269.59955    12.6712   14.03359 1.6198e+01     0.9105     0.4993 0.0000e+00
        357 242.572511    0.02470     1.4819     88.914      9.085  46465.858    29.6401    12.6723      9.000    12.6712    22.3067     5.6618     8.0913     91.744    247.340    252.857    0.00143    6.17134    8.81947  269.59842    12.6711   14.03354 1.5310e+01     0.9037     0.5285 0.0000e+00
        361 242.572522    0.02499     1.4992     89.952     10.094  46466.926    29.6405    12.6727     10.000    12.6715    22.3070     5.6622     8.0919     91.751    247.358    252.875    0.00101    6.17128    8.81937  269.59521    12.6714   14.03338 1.4643e+01     0.9074     0.5145 0.0000e+00
        365 242.572535    0.02528     1.5165     90.989     11.104  46467.457    29.6406    12.6730     11.000    12.6716    22.3070     5.6622     8.0919     91.752    247.357    252.875    0.00053    6.17123    8.81930  269.59334    12.6716   14.03329 1.4204e+01     0.9327     0.4905 0.0000e+00
        369 242.572547    0.02557     1.5341     92.048     12.113  46468.048    29.6406    12.6732     12.000    12.6718    22.3070     5.6687     8.1011     91.857    247.639    253.163    0.00098    6.17120    8.81927  269.59213    12.6717   14.03324 1.3759e+01     0.9151     0.4892 0.0000e+00
        373 242.572559    0.02586     1.5521     93.124     13.123  46468.666    29.6407    12.6736     13.000    12.6723    22.3070     5.6690     8.1016     91.863    247.655    253.179    0.00066    6.17114    8.81917  269.58938    12.6720   14.03310 1.3241e+01     0.9051     0.4926 0.0000e+00
        378 242.572571    0.02616     1.5695     94.168     14.133  46469.400    29.6410    12.6747     14.000    12.6734    22.3070     5.6711     8.1047     91.900    247.747    253.273    0.00057    6.17099    8.81896  269.58285    12.6729   14.03279 1.2704e+01     0.9310     0.4812 0.0000e+00
        382 242.572583    0.02644     1.5863     95.180     15.142  46468.870    29.6402    12.6755     15.000    12.6733    22.3063     5.6747     8.1098     91.959    247.904    253.434    0.00067    6.17092    8.81886  269.57987    12.6736   14.03264 1.2097e+01     0.9354     0.4990 0.0000e+00
        386 242.572595    0.02674     1.6039     96.235     16.151  46469.216    29.6401    12.6749     16.000    12.6727    22.3063     5.6798     8.1170     92.040    248.125    253.660    0.00093    6.17100    8.81897  269.58336    12.6729   14.03282 1.1400e+01     0.9411     0.5113 0.0000e+00
        390 242.572608    0.02703     1.6223     97.336     17.161  46469.888    29.6402    12.6750     17.000    12.6730    22.3064     5.6791     8.1161     92.029    248.095    253.630    0.00051    6.17100    8.81897  269.58338    12.6727   14.03282 1.0391e+01     0.9420     0.4896 0.0000e+00
        395 242.572621    0.02733     1.6400     98.403     18.171  46470.234    29.6401    12.6760     18.000    12.6745    22.3062     5.6773     8.1135     92.003    248.018    253.551    0.00005    6.17086    8.81877  269.57720    12.6737   14.03252 9.3305e+00     0.9363     0.4883 0.0000e+00
        399 242.572632    0.02762     1.6573     99.437     19.181  46469.495    29.6394    12.6776     19.000    12.6755    22.3054     5.6768     8.1127     91.996    247.995    253.526   -0.00010    6.17068    8.81852  269.56965    12.6752   14.03217 8.2029e+00     0.9188     0.4928 0.0000e+00
        403 242.572645    0.02792     1.6750    100.500     20.190  46469.489    29.6391    12.6785     20.000    12.6763    22.3050     5.6824     8.1208     92.089    248.239    253.776    0.00038    6.17058    8.81837  269.56528    12.6759   14.03196 7.0973e+00     0.9242     0.4903 0.0000e+00
        407 242.572657    0.02822     1.6936    101.613     21.199  46469.177    29.6385    12.6789     21.000    12.6757    22.3045     5.6870     8.1273     92.164    248.441    253.983    0.00076    6.17054    8.81832  269.56382    12.6762   14.03189 6.1360e+00     0.9091     0.4793 0.0000e+00
        412 242.572671    0.02853     1.7120    102.718     22.209  46470.602    29.6390    12.6780     22.000    12.6753    22.3052     5.6861     8.1260     92.147    248.399    253.940    0.00032    6.17064    8.81847  269.56814    12.6752   14.03210 5.2733e+00     0.9043     0.5031 0.0000e+00
        416 242.572682    0.02882     1.7294    103.763     23.219  46471.661    29.6395    12.6792     23.000    12.6773    22.3053     5.6849     8.1243     92.131    248.348    253.888    0.00001    6.17046    8.81821  269.56021    12.6763   14.03171 4.5098e+00     0.9123     0.5115 0.0000e+00
        420 242.572695    0.02912     1.7469    104.812     24.228  46471.311    29.6391    12.6812     24.000    12.6785    22.3046     5.6859     8.1258     92.151    248.393    253.933    0.00005    6.17023    8.81787  269.55009    12.6781   14.03123 3.8515e+00     0.9074     0.5024 0.0000e+00
        425 242.572707    0.02942     1.7653    105.920     25.237  46470.777    29.6384    12.6816     25.000    12.6778    22.3040     5.6890     8.1301     92.201    248.528    254.071    0.00025    6.17020    8.81784  269.54928    12.6784   14.03119 3.2849e+00     0.8855     0.4866 0.0000e+00
        429 242.572720    0.02972     1.7833    106.996     26.247  46471.467    29.6383    12.6801     26.000    12.6761    22.3043     5.6933     8.1363     92.268    248.715    254.263    0.00056    6.17040    8.81812  269.55774    12.6768   14.03160 2.7926e+00     0.8833     0.4808 0.0000e+00
        433 242.572732    0.03001     1.8003    108.021     27.256  46472.901    29.6389    12.6791     27.000    12.6753    22.3049     5.6929     8.1358     92.260    248.699    254.247    0.00027    6.17050    8.81827  269.56227    12.6756   14.03182 2.3777e+00     0.8787     0.4726 0.0000e+00
        437 242.572744    0.03029     1.8176    109.053     28.266  46472.904    29.6385    12.6785     28.000    12.6744    22.3047     5.6946     8.1382     92.287    248.774    254.322    0.00022    6.17060    8.81841  269.56651    12.6749   14.03202 2.0100e+00     0.8818     0.4582 0.0000e+00
        441 242.572756    0.03058     1.8351    110.105     29.276  46472.400    29.6376    12.6774     29.000    12.6731    22.3043     5.6966     8.1410     92.317    248.861    254.412    0.00033    6.17077    8.81865  269.57406    12.6737   14.03239 1.6955e+00     0.8848     0.4868 0.0000e+00
        446 242.572769    0.03089     1.8536    111.219     30.286  46471.435    29.6364    12.6760     30.000    12.6713    22.3037     5.6917     8.1340     92.233    248.645    254.191   -0.00036    6.17100    8.81898  269.58422    12.6722   14.03288 1.4359e+00     0.8749     0.5127 0.0000e+00
        452 242.572786    0.03129     1.8776    112.658     31.295  46470.975    29.6356    12.6737     31.000    12.6696    22.3034     5.6860     8.1260     92.137    248.400    253.941   -0.00103    6.17135    8.81947  269.59938    12.6696   14.03361 1.2276e+00     0.8601     0.4946 0.0000e+00
