CTD-processing/allCTD/CNV/2016_02-14_t3_s03_cast110_5028.cnv
* Sea-Bird SBE19plus Data File:
* FileName = C:\Users\Kris.Holderied\Documents\kasitsna\Research-KBL\Oceanography-AK\CTD-Data-ALL-to-2016-02\2016-CTD-KachemakBay-CookInlet\2016-02-CookInlet-quarterly\2016-02-14-CookInlet-Tran3-AnchorPt\2016-02-14-CookInlet-Tran3-cast110.hex
* Software Version 1.59
* Temperature SN =  5028
* Conductivity SN =  5028
* System UpLoad Time = Feb 15 2016 00:36:25
** Cook Inlet LTM Tran3 Anchor Pt Southeast to northwest

** Date: 02-14
** Station: 3-03
** Start time (AKST): 17:38
** Depth (m): 31
** Comment:  R/V Pandalus
** Comment:
# nquan = 27
# nvalues = 32                          
# units = specified
# name 0 = scan: Scan Count
# name 1 = timeJ: Julian Days
# name 2 = timeH: Time, Elapsed [hours]
# name 3 = timeM: Time, Elapsed [minutes]
# name 4 = timeS: Time, Elapsed [seconds]
# name 5 = prdM: Pressure, Strain Gauge [db]
# name 6 = specc: Specific Conductance [uS/cm]
# name 7 = sal00: Salinity, Practical [PSU]
# name 8 = tv290C: Temperature [ITS-90, deg C]
# name 9 = depSM: Depth [salt water, m], lat = 59.00
# name 10 = potemp090C: Potential Temperature [ITS-90, deg C]
# name 11 = sigma-é00: Density [sigma-theta, kg/m^3]
# name 12 = sbeox0ML/L: Oxygen, SBE 43 [ml/l]
# name 13 = sbeox0Mg/L: Oxygen, SBE 43 [mg/l]
# name 14 = sbeox0PS: Oxygen, SBE 43 [% saturation]
# name 15 = sbox0Mm/Kg: Oxygen, SBE 43 [umol/kg]
# name 16 = sbeox0Mm/L: Oxygen, SBE 43 [umol/l]
# name 17 = sbox0dV/dT: Oxygen, SBE 43 [dov/dt]
# name 18 = oxsolML/L: Oxygen Saturation, Garcia & Gordon [ml/l]
# name 19 = oxsolMg/L: Oxygen Saturation, Garcia & Gordon [mg/l]
# name 20 = oxsolMm/Kg: Oxygen Saturation, Garcia & Gordon [umol/kg]
# name 21 = potemp090C: Potential Temperature [ITS-90, deg C]
# name 22 = n2satMg/L: Nitrogen Saturation [mg/l]
# name 23 = par: PAR/Irradiance, Biospherical/Licor
# name 24 = flECO-AFL: Fluorescence, WET Labs ECO-AFL/FL [mg/m^3]
# name 25 = turbWETntu0: Turbidity, WET Labs ECO [NTU]
# name 26 = flag: flag
# span 0 =        206,        336       
# span 1 =  45.735488,  45.735866       
# span 2 =    0.01420,    0.02328       
# span 3 =     0.8522,     1.3967       
# span 4 =     51.134,     83.803       
# span 5 =      1.009,     32.304       
# span 6 =  49111.747,  49148.414       
# span 7 =    29.9663,    29.9801       
# span 8 =     3.0275,     3.0453       
# span 9 =      1.000,     32.000       
# span 10 =     3.0277,     3.0437      
# span 11 =    23.8669,    23.8768      
# span 12 =     6.4737,     7.0086      
# span 13 =     9.2516,    10.0159      
# span 14 =     84.320,     91.335      
# span 15 =    282.377,    305.704      
# span 16 =    289.116,    313.003      
# span 17 =   -0.00081,    0.01305      
# span 18 =    7.67345,    7.67757      
# span 19 =   10.96613,   10.97201      
# span 20 =  334.70478,  334.88734      
# span 21 =     3.0274,     3.0436      
# span 22 =   17.13774,   17.14646      
# span 23 = 3.7976e-02, 1.2208e-01      
# span 24 =     0.2988,     0.3435      
# span 25 =    24.1842,    24.1881      
# span 26 = 0.0000e+00, 0.0000e+00      
# interval = meters: 1                  
# start_time = Feb 14 2016 17:38:15 [Instrument's time stamp, header]
# bad_flag = -9.990e-29
*END*
        206  45.735488    0.01420     0.8522     51.134      1.009  49111.747    29.9663     3.0275      1.000     3.0277    23.8669     6.4737     9.2516     84.320    282.377    289.116   -0.00081    7.67757   10.97201  334.88734     3.0274   17.14646 1.2208e-01     0.3194    24.1873 0.0000e+00
        234  45.735570    0.01618     0.9709     58.254      2.019  49119.104    29.9708     3.0280      2.000     3.0281    23.8705     6.5549     9.3677     85.382    285.917    292.743    0.00211    7.67722   10.97152  334.87122     3.0279   17.14568 4.3187e-02     0.3022    24.1871 0.0000e+00
        237  45.735578    0.01636     0.9813     58.877      3.028  49120.386    29.9713     3.0284      3.000     3.0283    23.8708     6.6221     9.4637     86.258    288.849    295.744    0.00571    7.67713   10.97140  334.86732     3.0282   17.14549 3.9178e-02     0.3183    24.1873 0.0000e+00
        240  45.735586    0.01658     0.9949     59.692      4.038  49121.790    29.9718     3.0286      4.000     3.0285    23.8712     6.7113     9.5911     87.420    292.738    299.726    0.01052    7.67707   10.97130  334.86422     3.0284   17.14534 3.8235e-02     0.3175    24.1879 0.0000e+00
        243  45.735595    0.01678     1.0068     60.408      5.048  49123.791    29.9727     3.0289      5.000     3.0289    23.8719     6.7726     9.6786     88.219    295.410    302.461    0.01305    7.67697   10.97116  334.85984     3.0286   17.14513 3.8019e-02     0.3159    24.1881 0.0000e+00
        245  45.735603    0.01697     1.0182     61.092      6.057  49125.618    29.9735     3.0293      6.000     3.0291    23.8725     6.8043     9.7240     88.634    296.794    303.880    0.01305    7.67685   10.97098  334.85427     3.0290   17.14486 3.7986e-02     0.3278    24.1870 0.0000e+00
        249  45.735612    0.01719     1.0317     61.904      7.066  49125.323    29.9729     3.0296      7.000     3.0291    23.8720     6.8279     9.7578     88.942    297.824    304.933    0.01196    7.67683   10.97095  334.85347     3.0292   17.14483 3.7978e-02     0.3206    24.1858 0.0000e+00
        253  45.735625    0.01751     1.0504     63.026      8.076  49126.141    29.9729     3.0294      8.000     3.0289    23.8720     6.8433     9.7797     89.141    298.493    305.618    0.00986    7.67685   10.97099  334.85453     3.0290   17.14487 3.7976e-02     0.3115    24.1865 0.0000e+00
        257  45.735637    0.01779     1.0670     64.021      9.085  49128.314    29.9739     3.0293      9.000     3.0291    23.8728     6.8094     9.7313     88.701    297.017    304.107    0.00545    7.67681   10.97092  334.85232     3.0289   17.14476 3.7976e-02     0.3042    24.1866 0.0000e+00
        260  45.735644    0.01798     1.0783     64.697     10.094  49130.218    29.9747     3.0298     10.000     3.0297    23.8735     6.7738     9.6803     88.237    295.461    302.515    0.00191    7.67669   10.97076  334.84695     3.0293   17.14451 3.7976e-02     0.3016    24.1866 0.0000e+00
        262  45.735652    0.01814     1.0890     65.337     11.103  49131.431    29.9752     3.0304     11.000     3.0303    23.8738     6.7662     9.6695     88.141    295.132    302.178    0.00059    7.67654   10.97055  334.84045     3.0298   17.14419 3.7976e-02     0.2993    24.1858 0.0000e+00
        265  45.735661    0.01836     1.1019     66.114     12.114  49131.081    29.9746     3.0311     12.000     3.0308    23.8733     6.8057     9.7261     88.658    296.858    303.945    0.00279    7.67643   10.97039  334.83586     3.0305   17.14398 3.7976e-02     0.2988    24.1849 0.0000e+00
        270  45.735675    0.01871     1.1225     67.352     13.123  49132.034    29.9750     3.0319     13.000     3.0316    23.8735     6.8541     9.7952     89.289    298.966    306.104    0.00528    7.67627   10.97015  334.82857     3.0312   17.14363 3.7976e-02     0.3100    24.1869 0.0000e+00
        276  45.735691    0.01909     1.1450     68.701     14.133  49133.747    29.9758     3.0329     14.000     3.0323    23.8742     6.8244     9.7527     88.904    297.669    304.776    0.00167    7.67603   10.96982  334.81823     3.0322   17.14314 3.7976e-02     0.3029    24.1858 0.0000e+00
        279  45.735701    0.01934     1.1600     69.601     15.142  49136.696    29.9775     3.0334     15.000     3.0339    23.8754     6.8422     9.7782     89.139    298.448    305.574    0.00191    7.67585   10.96956  334.80990     3.0326   17.14274 3.7976e-02     0.3027    24.1862 0.0000e+00
        283  45.735711    0.01955     1.1730     70.382     16.151  49139.112    29.9792     3.0359     16.000     3.0366    23.8766     6.8987     9.8589     89.882    300.911    308.097    0.00530    7.67528   10.96874  334.78434     3.0351   17.14151 3.7979e-02     0.3059    24.1864 0.0000e+00
        286  45.735720    0.01979     1.1873     71.238     17.161  49137.958    29.9785     3.0383     17.000     3.0380    23.8758     6.9389     9.9164     90.411    302.666    309.893    0.00705    7.67486   10.96815  334.76658     3.0374   17.14068 3.7991e-02     0.3117    24.1854 0.0000e+00
        290  45.735733    0.02009     1.2052     72.314     18.171  49140.034    29.9799     3.0401     18.000     3.0403    23.8768     6.9479     9.9294     90.534    303.061    310.298    0.00590    7.67444   10.96754  334.74783     3.0392   17.13978 3.8123e-02     0.3193    24.1851 0.0000e+00
        296  45.735749    0.02047     1.2281     73.684     19.180  49138.711    29.9790     3.0422     19.000     3.0411    23.8760     6.9586     9.9445     90.676    303.523    310.770    0.00462    7.67408   10.96703  334.73238     3.0412   17.13905 4.0650e-02     0.3202    24.1868 0.0000e+00
        300  45.735762    0.02078     1.2471     74.825     20.190  49138.792    29.9784     3.0417     20.000     3.0405    23.8755     6.9613     9.9483     90.710    303.641    310.891    0.00350    7.67421   10.96721  334.73804     3.0407   17.13932 5.8677e-02     0.3175    24.1860 0.0000e+00
        303  45.735771    0.02100     1.2602     75.609     21.199  49140.842    29.9793     3.0417     21.000     3.0410    23.8763     6.9621     9.9494     90.720    303.673    310.924    0.00276    7.67416   10.96715  334.73588     3.0406   17.13922 1.0428e-01     0.3244    24.1856 0.0000e+00
        306  45.735779    0.02120     1.2719     76.312     22.209  49142.047    29.9798     3.0424     22.000     3.0417    23.8766     6.9671     9.9566     90.788    303.893    311.149    0.00253    7.67401   10.96692  334.72885     3.0412   17.13888 9.5714e-02     0.3266    24.1864 0.0000e+00
        309  45.735787    0.02140     1.2837     77.021     23.218  49142.828    29.9800     3.0431     23.000     3.0422    23.8767     6.9750     9.9679     90.893    304.239    311.503    0.00254    7.67387   10.96672  334.72276     3.0419   17.13859 7.0913e-02     0.3333    24.1868 0.0000e+00
        312  45.735796    0.02161     1.2964     77.784     24.227  49143.548    29.9801     3.0437     24.000     3.0428    23.8767     6.9836     9.9803     91.007    304.616    311.889    0.00260    7.67373   10.96653  334.71701     3.0424   17.13832 5.1774e-02     0.3435    24.1871 0.0000e+00
        316  45.735806    0.02184     1.3107     78.641     25.238  49144.004    29.9801     3.0443     25.000     3.0431    23.8766     6.9900     9.9894     91.092    304.895    312.176    0.00245    7.67363   10.96639  334.71278     3.0429   17.13812 4.0785e-02     0.3431    24.1868 0.0000e+00
        319  45.735816    0.02208     1.3250     79.499     26.247  49144.634    29.9801     3.0446     26.000     3.0433    23.8766     6.9936     9.9945     91.138    305.050    312.334    0.00211    7.67357   10.96630  334.71009     3.0432   17.13799 3.8450e-02     0.3269    24.1855 0.0000e+00
        322  45.735825    0.02229     1.3373     80.236     27.257  49145.202    29.9800     3.0447     27.000     3.0433    23.8765     6.9959     9.9978     91.168    305.149    312.435    0.00182    7.67356   10.96629  334.70952     3.0433   17.13796 3.8085e-02     0.3329    24.1844 0.0000e+00
        325  45.735832    0.02247     1.3480     80.880     28.267  49146.061    29.9800     3.0449     28.000     3.0435    23.8766     6.9984    10.0014     91.202    305.260    312.548    0.00162    7.67353   10.96625  334.70833     3.0434   17.13790 3.8002e-02     0.3375    24.1842 0.0000e+00
        327  45.735839    0.02263     1.3578     81.467     29.276  49146.586    29.9799     3.0450     29.000     3.0435    23.8765     7.0014    10.0057     91.241    305.390    312.682    0.00151    7.67351   10.96621  334.70710     3.0435   17.13785 3.7985e-02     0.3398    24.1848 0.0000e+00
        329  45.735846    0.02280     1.3677     82.064     30.286  49147.118    29.9798     3.0450     30.000     3.0435    23.8764     7.0054    10.0114     91.294    305.567    312.864    0.00149    7.67350   10.96619  334.70672     3.0435   17.13783 3.7979e-02     0.3432    24.1849 0.0000e+00
        332  45.735854    0.02299     1.3793     82.760     31.295  49147.769    29.9798     3.0451     31.000     3.0435    23.8764     7.0086    10.0159     91.335    305.704    313.003    0.00141    7.67349   10.96618  334.70635     3.0435   17.13781 3.7977e-02     0.3398    24.1859 0.0000e+00
        336  45.735866    0.02328     1.3967     83.803     32.304  49148.414    29.9798     3.0453     32.000     3.0437    23.8764     7.0085    10.0159     91.334    305.701    313.001    0.00103    7.67345   10.96613  334.70478     3.0436   17.13774 3.7976e-02     0.3383    24.1863 0.0000e+00
