CTD-processing/allCTD/CNV/2016_10-13_t4_s03_cast152_5028.cnv
* Sea-Bird SBE19plus Data File:
* FileName = P:\My Documents\kasitsna\Research-KBL\Oceanography-AK\CTD-Data-ALL-to-2016-05\2016-CTD-KachemakBay-CookInlet\2016-10-13-CookInlet-Tran4\2016-10-13-CookInlet-Tran4-cast152.hex
* Software Version 1.59
* Temperature SN =  5028
* Conductivity SN =  5028
* System UpLoad Time = Dec 06 2016 20:36:18
** Cook Inlet LTM Tran 4 Barabara south to north
** Date: (YYYY-MM-DD): 2016-10-13
** Station: (eg. 9-01): 4-03
** Start time (AKDT): 15:21
** Depth (m): 109.7
** Comment: R/V Edgecumbe
** Comment:
# nquan = 27
# nvalues = 107                         
# units = specified
# name 0 = scan: Scan Count
# name 1 = timeJ: Julian Days
# name 2 = timeH: Time, Elapsed [hours]
# name 3 = timeM: Time, Elapsed [minutes]
# name 4 = timeS: Time, Elapsed [seconds]
# name 5 = prdM: Pressure, Strain Gauge [db]
# name 6 = specc: Specific Conductance [uS/cm]
# name 7 = sal00: Salinity, Practical [PSU]
# name 8 = tv290C: Temperature [ITS-90, deg C]
# name 9 = depSM: Depth [salt water, m], lat = 59.00
# name 10 = potemp090C: Potential Temperature [ITS-90, deg C]
# name 11 = sigma-é00: Density [sigma-theta, kg/m^3]
# name 12 = sbeox0ML/L: Oxygen, SBE 43 [ml/l]
# name 13 = sbeox0Mg/L: Oxygen, SBE 43 [mg/l]
# name 14 = sbeox0PS: Oxygen, SBE 43 [% saturation]
# name 15 = sbox0Mm/Kg: Oxygen, SBE 43 [umol/kg]
# name 16 = sbeox0Mm/L: Oxygen, SBE 43 [umol/l]
# name 17 = sbox0dV/dT: Oxygen, SBE 43 [dov/dt]
# name 18 = oxsolML/L: Oxygen Saturation, Garcia & Gordon [ml/l]
# name 19 = oxsolMg/L: Oxygen Saturation, Garcia & Gordon [mg/l]
# name 20 = oxsolMm/Kg: Oxygen Saturation, Garcia & Gordon [umol/kg]
# name 21 = potemp090C: Potential Temperature [ITS-90, deg C]
# name 22 = n2satMg/L: Nitrogen Saturation [mg/l]
# name 23 = par: PAR/Irradiance, Biospherical/Licor
# name 24 = flECO-AFL: Fluorescence, WET Labs ECO-AFL/FL [mg/m^3]
# name 25 = turbWETntu0: Turbidity, WET Labs ECO [NTU]
# name 26 = flag: flag
# span 0 =        287,        823       
# span 1 = 287.641209, 287.642761       
# span 2 =    0.01986,    0.05709       
# span 3 =     1.1915,     3.4258       
# span 4 =     71.490,    205.547       
# span 5 =      1.010,    108.038       
# span 6 =  45643.465,  48343.439       
# span 7 =    28.9071,    30.6830       
# span 8 =    10.3022,    11.0372       
# span 9 =      1.000,    107.000       
# span 10 =    10.2912,    11.0115      
# span 11 =    22.0309,    23.5356      
# span 12 =     4.9810,     6.2020      
# span 13 =     7.1184,     8.8632      
# span 14 =     77.236,     96.332      
# span 15 =    217.336,    271.000      
# span 16 =    222.451,    276.981      
# span 17 =   -0.01087,    0.00862      
# span 18 =    6.41933,    6.44921      
# span 19 =    9.17387,    9.21657      
# span 20 =  280.40467,  281.39890      
# span 21 =    10.2912,    11.0372      
# span 22 =   14.54930,   14.59816      
# span 23 = 5.5156e-02, 3.1823e+02      
# span 24 =     0.1607,     2.4260      
# span 25 =     0.3856,     3.6894      
# span 26 = 0.0000e+00, 0.0000e+00      
# interval = meters: 1                  
# start_time = Oct 13 2016 15:22:09 [Instrument's time stamp, header]
# bad_flag = -9.990e-29
*END*
        287 287.641209    0.01986     1.1915     71.490      1.010  45643.465    28.9089    11.0372      1.000    11.0115    22.0309     6.1709     8.8189     96.130    269.653    275.594    0.00862    6.41933    9.17387  280.50750    11.0372   14.55922 3.1823e+02     1.2852     3.6894 0.0000e+00
        292 287.641225    0.02024     1.2141     72.846      2.019  45653.708    28.9071    10.9539      2.000    10.9278    22.0436     6.1872     8.8422     96.210    270.363    276.323    0.00561    6.43097    9.19050  281.01275    10.9537   14.58341 2.8068e+02     1.6648     2.8943 0.0000e+00
        298 287.641240    0.02059     1.2355     74.129      3.028  45684.155    28.9236    10.9103      3.000    10.9025    22.0637     6.1978     8.8572     96.293    270.817    276.792    0.00385    6.43638    9.19823  281.24343    10.9099   14.59439 1.7266e+02     1.9161     2.1417 0.0000e+00
        302 287.641254    0.02093     1.2560     75.358      4.038  45694.142    28.9287    10.8962      4.000    10.8935    22.0701     6.2020     8.8632     96.332    271.000    276.981    0.00268    6.43813    9.20073  281.31810    10.8957   14.59794 1.2337e+02     2.0848     1.7128 0.0000e+00
        308 287.641269    0.02129     1.2774     76.643      5.047  45703.853    28.9348    10.8933      5.000    10.8936    22.0754     6.1956     8.8542     96.231    270.720    276.696    0.00102    6.43828    9.20095  281.32336    10.8928   14.59816 9.5092e+01     2.3270     1.3474 0.0000e+00
        313 287.641284    0.02165     1.2989     77.935      6.057  45718.231    28.9449    10.8970      6.000    10.8988    22.0826     6.1905     8.8468     96.165    270.495    276.468    0.00014    6.43735    9.19962  281.28074    10.8963   14.59608 6.6106e+01     2.4159     1.0839 0.0000e+00
        318 287.641299    0.02200     1.3205     79.231      7.066  45753.928    28.9704    10.9052      7.000    10.9085    22.1010     6.1835     8.8368     96.089    270.183    276.154   -0.00039    6.43516    9.19649  281.17991    10.9045   14.59115 4.7658e+01     2.4260     0.8866 0.0000e+00
        323 287.641314    0.02236     1.3418     80.508      8.076  45792.840    28.9980    10.9119      8.000    10.9077    22.1214     6.1624     8.8066     95.792    269.256    275.212   -0.00202    6.43311    9.19355  281.08455    10.9110   14.58648 3.4158e+01     2.3592     0.6556 0.0000e+00
        328 287.641329    0.02273     1.3636     81.813      9.085  45815.474    29.0119    10.8967      9.000    10.8856    22.1347     6.1221     8.7490     95.142    267.491    273.412   -0.00516    6.43465    9.19577  281.14857    10.8957   14.58949 2.7052e+01     2.2150     0.5082 0.0000e+00
        333 287.641344    0.02309     1.3853     83.116     10.094  45868.959    29.0465    10.8729     10.000    10.8693    22.1656     6.0928     8.7073     94.660    266.205    272.107   -0.00657    6.43655    9.19848  281.22297    10.8718   14.59291 2.3412e+01     2.0125     0.4514 0.0000e+00
        338 287.641358    0.02342     1.4053     84.315     11.104  45913.209    29.0773    10.8753     11.000    10.8782    22.1893     6.1014     8.7195     94.816    266.572    272.488   -0.00339    6.43495    9.19619  281.14643    10.8741   14.58912 1.9056e+01     1.9165     0.4064 0.0000e+00
        344 287.641373    0.02379     1.4275     85.649     12.114  45936.894    29.0947    10.8860     12.000    10.8883    22.2010     6.0881     8.7005     94.642    265.989    271.894   -0.00304    6.43275    9.19305  281.04745    10.8846   14.58431 1.5945e+01     1.9832     0.3862 0.0000e+00
        349 287.641389    0.02417     1.4498     86.990     13.123  45966.004    29.1156    10.8947     13.000    10.8950    22.2158     6.0618     8.6629     94.264    264.836    270.720   -0.00421    6.43069    9.19011  280.95327    10.8932   14.57972 1.2607e+01     2.0337     0.3922 0.0000e+00
        354 287.641402    0.02449     1.4696     88.177     14.132  45983.954    29.1282    10.8979     14.000    10.8965    22.2250     6.0370     8.6274     93.892    263.751    269.613   -0.00507    6.42973    9.18873  280.90880    10.8963   14.57754 1.0214e+01     1.9461     0.4248 0.0000e+00
        359 287.641417    0.02484     1.4907     89.442     15.142  45996.866    29.1369    10.8979     15.000    10.8957    22.2318     6.0129     8.5931     93.522    262.697    268.537   -0.00556    6.42938    9.18823  280.89150    10.8962   14.57668 8.1736e+00     1.8175     0.4277 0.0000e+00
        364 287.641433    0.02522     1.5130     90.780     16.151  46003.201    29.1408    10.8967     16.000    10.8943    22.2351     5.9947     8.5671     93.239    261.902    267.725   -0.00522    6.42939    9.18824  280.89092    10.8948   14.57663 6.6261e+00     1.7284     0.3884 0.0000e+00
        369 287.641447    0.02554     1.5327     91.959     17.161  46009.070    29.1444    10.8954     17.000    10.8922    22.2381     5.9860     8.5546     93.102    261.518    267.333   -0.00437    6.42942    9.18829  280.89149    10.8934   14.57665 5.3904e+00     1.7180     0.4008 0.0000e+00
        373 287.641459    0.02586     1.5517     93.104     18.171  46026.628    29.1559    10.8918     18.000    10.8874    22.2477     5.9834     8.5508     93.062    261.401    267.217   -0.00323    6.42945    9.18833  280.89021    10.8897   14.57654 4.3730e+00     1.7077     0.4222 0.0000e+00
        379 287.641475    0.02622     1.5732     94.395     19.180  46042.112    29.1659    10.8873     19.000    10.8844    22.2562     5.9783     8.5435     92.979    261.175    266.987   -0.00254    6.42967    9.18864  280.89726    10.8851   14.57683 3.5720e+00     1.7139     0.4194 0.0000e+00
        384 287.641489    0.02658     1.5946     95.674     20.190  46047.964    29.1695    10.8860     20.000    10.8835    22.2592     5.9686     8.5298     92.829    260.755    266.560   -0.00259    6.42970    9.18868  280.89784    10.8837   14.57685 2.9162e+00     1.6671     0.4390 0.0000e+00
        388 287.641502    0.02687     1.6120     96.718     21.199  46059.644    29.1772    10.8851     21.000    10.8814    22.2654     5.9615     8.5196     92.721    260.443    266.242   -0.00252    6.42951    9.18841  280.88782    10.8827   14.57634 2.4136e+00     1.6152     0.4030 0.0000e+00
        393 287.641515    0.02719     1.6315     97.890     22.209  46075.137    29.1874    10.8823     22.000    10.8791    22.2738     5.9579     8.5144     92.665    260.281    266.078   -0.00212    6.42948    9.18837  280.88428    10.8798   14.57612 2.0026e+00     1.5748     0.3856 0.0000e+00
        398 287.641530    0.02754     1.6525     99.150     23.218  46081.438    29.1913    10.8809     23.000    10.8778    22.2771     5.9565     8.5124     92.643    260.220    266.016   -0.00152    6.42952    9.18842  280.88481    10.8783   14.57613 1.6695e+00     1.5638     0.3912 0.0000e+00
        402 287.641543    0.02788     1.6724    100.342     24.228  46088.377    29.1957    10.8796     24.000    10.8757    22.2807     5.9528     8.5071     92.585    260.057    265.851   -0.00142    6.42952    9.18843  280.88413    10.8769   14.57608 1.3925e+00     1.5515     0.3887 0.0000e+00
        407 287.641557    0.02820     1.6922    101.530     25.237  46117.599    29.2153    10.8754     25.000    10.8694    22.2967     5.9522     8.5063     92.580    260.029    265.826   -0.00107    6.42930    9.18811  280.86993    10.8726   14.57532 1.1642e+00     1.5517     0.3914 0.0000e+00
        412 287.641571    0.02853     1.7119    102.716     26.247  46156.742    29.2415    10.8680     26.000    10.8623    22.3184     5.9534     8.5080     92.599    260.075    265.880   -0.00062    6.42926    9.18805  280.86236    10.8650   14.57486 9.7671e-01     1.5902     0.4091 0.0000e+00
        417 287.641586    0.02889     1.7330    103.982     27.257  46190.066    29.2638    10.8617     27.000    10.8565    22.3368     5.9443     8.4950     92.458    259.672    265.472   -0.00124    6.42922    9.18799  280.85541    10.8587   14.57443 8.2158e-01     1.5776     0.3974 0.0000e+00
        422 287.641600    0.02924     1.7546    105.274     28.266  46225.398    29.2877    10.8561     28.000    10.8501    22.3563     5.9263     8.4694     92.181    258.884    264.671   -0.00252    6.42903    9.18772  280.84181    10.8529   14.57368 6.8971e-01     1.5395     0.3953 0.0000e+00
        426 287.641613    0.02954     1.7726    106.355     29.275  46268.555    29.3169    10.8495     29.000    10.8423    22.3801     5.9140     8.4516     91.992    258.336    264.118   -0.00300    6.42875    9.18733  280.82327    10.8462   14.57268 5.7675e-01     1.4992     0.3883 0.0000e+00
        431 287.641626    0.02987     1.7922    107.534     30.285  46325.149    29.3552    10.8400     30.000    10.8318    22.4115     5.9060     8.4403     91.873    257.982    263.764   -0.00281    6.42850    9.18698  280.80374    10.8366   14.57159 4.8494e-01     1.4740     0.3903 0.0000e+00
        436 287.641642    0.03024     1.8144    108.866     31.294  46398.634    29.4050    10.8267     31.000    10.8187    22.4524     5.8950     8.4246     91.704    257.490    263.271   -0.00277    6.42832    9.18672  280.78461    10.8232   14.57047 4.0930e-01     1.4856     0.4047 0.0000e+00
        441 287.641656    0.03059     1.8353    110.120     32.304  46447.918    29.4381    10.8168     32.000    10.8104    22.4799     5.8834     8.4080     91.524    256.978    262.755   -0.00293    6.42834    9.18675  280.77811    10.8132   14.57003 3.4705e-01     1.4498     0.4086 0.0000e+00
        446 287.641670    0.03092     1.8553    111.320     33.314  46478.594    29.4586    10.8111     33.000    10.8055    22.4969     5.8685     8.3868     91.292    256.324    262.090   -0.00334    6.42830    9.18668  280.77139    10.8074   14.56962 2.9648e-01     1.4377     0.3976 0.0000e+00
        451 287.641683    0.03124     1.8742    112.449     34.323  46508.202    29.4786    10.8067     34.000    10.8011    22.5131     5.8587     8.3726     91.142    255.887    261.648   -0.00333    6.42810    9.18639  280.75798    10.8029   14.56890 2.5376e-01     1.4341     0.3974 0.0000e+00
        456 287.641699    0.03161     1.8963    113.779     35.334  46529.510    29.4927    10.8031     35.000    10.7979    22.5247     5.8608     8.3757     91.176    255.979    261.745   -0.00194    6.42803    9.18629  280.75161    10.7991   14.56854 2.1775e-01     1.4727     0.4040 0.0000e+00
        461 287.641713    0.03195     1.9170    115.022     36.343  46567.120    29.5183    10.7989     36.000    10.7920    22.5453     5.8589     8.3729     91.153    255.888    261.657   -0.00139    6.42755    9.18561  280.72543    10.7949   14.56718 1.8766e-01     1.4864     0.4087 0.0000e+00
        466 287.641727    0.03227     1.9362    116.174     37.353  46600.694    29.5408    10.7928     37.000    10.7862    22.5639     5.8555     8.3681     91.101    255.736    261.507   -0.00133    6.42749    9.18552  280.71747    10.7886   14.56671 1.6349e-01     1.5526     0.4278 0.0000e+00
        471 287.641741    0.03261     1.9565    117.387     38.362  46627.795    29.5589    10.7872     38.000    10.7808    22.5789     5.8507     8.3612     91.025    255.522    261.291   -0.00136    6.42754    9.18558  280.71534    10.7829   14.56654 1.4331e-01     1.6242     0.4029 0.0000e+00
        476 287.641756    0.03298     1.9787    118.724     39.372  46655.143    29.5770    10.7816     39.000    10.7743    22.5940     5.8479     8.3572     90.981    255.394    261.164   -0.00122    6.42756    9.18563  280.71243    10.7772   14.56632 1.2684e-01     1.6242     0.3985 0.0000e+00
        480 287.641769    0.03329     1.9978    119.870     40.381  46686.691    29.5980    10.7743     40.000    10.7663    22.6115     5.8466     8.3553     90.959    255.334    261.107   -0.00098    6.42772    9.18585  280.71450    10.7698   14.56633 1.1300e-01     1.6069     0.4141 0.0000e+00
        485 287.641783    0.03363     2.0180    121.079     41.391  46707.122    29.6112    10.7673     41.000    10.7605    22.6229     5.8408     8.3471     90.863    255.079    260.849   -0.00126    6.42816    9.18649  280.73078    10.7626   14.56706 1.0206e-01     1.6220     0.4156 0.0000e+00
        491 287.641800    0.03402     2.0412    122.470     42.401  46719.090    29.6187    10.7623     42.000    10.7559    22.6296     5.8327     8.3354     90.730    254.721    260.485   -0.00164    6.42855    9.18704  280.74571    10.7575   14.56775 9.2967e-02     1.6614     0.4055 0.0000e+00
        496 287.641815    0.03439     2.0636    123.817     43.411  46728.775    29.6246    10.7575     43.000    10.7504    22.6350     5.8317     8.3341     90.710    254.680    260.445   -0.00124    6.42897    9.18764  280.76262    10.7527   14.56853 8.5559e-02     1.6218     0.3995 0.0000e+00
        501 287.641828    0.03471     2.0826    124.955     44.420  46735.523    29.6283    10.7525     44.000    10.7456    22.6388     5.8347     8.3383     90.749    254.808    260.577   -0.00064    6.42952    9.18843  280.78563    10.7475   14.56962 7.9701e-02     1.6012     0.4051 0.0000e+00
        507 287.641845    0.03512     2.1069    126.417     45.430  46743.653    29.6331    10.7469     45.000    10.7390    22.6434     5.8306     8.3325     90.677    254.629    260.395   -0.00086    6.43010    9.18926  280.80986    10.7418   14.57076 7.4856e-02     1.6389     0.4233 0.0000e+00
        512 287.641861    0.03551     2.1303    127.820     46.439  46763.229    29.6454    10.7373     46.000    10.7271    22.6547     5.8308     8.3328     90.668    254.634    260.402   -0.00065    6.43095    9.19047  280.84374    10.7320   14.57233 7.0846e-02     1.6351     0.4583 0.0000e+00
        517 287.641876    0.03585     2.1511    129.069     47.449  46805.336    29.6730    10.7235     47.000    10.7110    22.6785     5.8277     8.3283     90.608    254.492    260.263   -0.00082    6.43174    9.19160  280.87169    10.7181   14.57356 6.7619e-02     1.6345     0.4718 0.0000e+00
        522 287.641890    0.03620     2.1723    130.337     48.458  46879.721    29.7226    10.7023     48.000    10.6861    22.7206     5.8255     8.3252     90.561    254.387    260.166   -0.00092    6.43265    9.19291  280.90016    10.6969   14.57472 6.4992e-02     1.6628     0.4781 0.0000e+00
        528 287.641906    0.03657     2.1940    131.640     49.468  46976.305    29.7872    10.6774     49.000    10.6664    22.7751     5.8315     8.3338     90.643    254.636    260.436   -0.00021    6.43348    9.19409  280.92127    10.6718   14.57547 6.3123e-02     1.6425     0.4999 0.0000e+00
        533 287.641920    0.03692     2.2155    132.931     50.478  47033.413    29.8260    10.6681     50.000    10.6598    22.8068     5.8328     8.3357     90.667    254.684    260.492    0.00000    6.43320    9.19369  280.90039    10.6624   14.57431 6.4726e-02     1.5937     0.5264 0.0000e+00
        538 287.641935    0.03726     2.2357    134.140     51.488  47088.874    29.8637    10.6605     51.000    10.6498    22.8374     5.8227     8.3212     90.517    254.236    260.042   -0.00092    6.43271    9.19299  280.87048    10.6547   14.57272 6.9525e-02     1.5334     0.5382 0.0000e+00
        543 287.641949    0.03761     2.2566    135.393     52.498  47175.411    29.9225    10.6461     52.000    10.6320    22.8855     5.8058     8.2971     90.260    253.486    259.287   -0.00221    6.43231    9.19241  280.83967    10.6402   14.57101 6.9826e-02     1.5009     0.5719 0.0000e+00
        548 287.641964    0.03796     2.2773    136.640     53.507  47270.832    29.9871    10.6281     53.000    10.6181    22.9389     5.7876     8.2710     89.978    252.677    258.474   -0.00318    6.43218    9.19223  280.81948    10.6220   14.56978 6.7511e-02     1.4759     0.6105 0.0000e+00
