CTD-processing/allCTD/CNV/2016_05-12_t9_s01_cast236_5028.cnv
* Sea-Bird SBE19plus Data File:
* FileName = C:\Users\Kris.Holderied\Documents\kasitsna\Research-KBL\Oceanography-AK\CTD-Data-ALL-to-2016-05\2016-CTD-KachemakBay-CookInlet\2016-05-12-CookInlet-HomerSpit-monthly\2016-05-12-CookInlet-Tran9-cast236.hex
* Software Version 1.59
* Temperature SN =  5028
* Conductivity SN =  5028
* System UpLoad Time = May 16 2016 17:06:30
** Cook Inlet LTM Tran9 Homer Spit north to south
** Date (YYYY-MM-DD): 2016-05-12
** Station (ie. 9-01):  9-01
** Start time (AKST): 14:22
** Depth (m): 53
** Comment:  R/V Edgecumbe
** Comment: on turbid side of convergence zone
# nquan = 27
# nvalues = 52                          
# units = specified
# name 0 = scan: Scan Count
# name 1 = timeJ: Julian Days
# name 2 = timeH: Time, Elapsed [hours]
# name 3 = timeM: Time, Elapsed [minutes]
# name 4 = timeS: Time, Elapsed [seconds]
# name 5 = prdM: Pressure, Strain Gauge [db]
# name 6 = specc: Specific Conductance [uS/cm]
# name 7 = sal00: Salinity, Practical [PSU]
# name 8 = tv290C: Temperature [ITS-90, deg C]
# name 9 = depSM: Depth [salt water, m], lat = 59.00
# name 10 = potemp090C: Potential Temperature [ITS-90, deg C]
# name 11 = sigma-é00: Density [sigma-theta, kg/m^3]
# name 12 = sbeox0ML/L: Oxygen, SBE 43 [ml/l]
# name 13 = sbeox0Mg/L: Oxygen, SBE 43 [mg/l]
# name 14 = sbeox0PS: Oxygen, SBE 43 [% saturation]
# name 15 = sbox0Mm/Kg: Oxygen, SBE 43 [umol/kg]
# name 16 = sbeox0Mm/L: Oxygen, SBE 43 [umol/l]
# name 17 = sbox0dV/dT: Oxygen, SBE 43 [dov/dt]
# name 18 = oxsolML/L: Oxygen Saturation, Garcia & Gordon [ml/l]
# name 19 = oxsolMg/L: Oxygen Saturation, Garcia & Gordon [mg/l]
# name 20 = oxsolMm/Kg: Oxygen Saturation, Garcia & Gordon [umol/kg]
# name 21 = potemp090C: Potential Temperature [ITS-90, deg C]
# name 22 = n2satMg/L: Nitrogen Saturation [mg/l]
# name 23 = par: PAR/Irradiance, Biospherical/Licor
# name 24 = flECO-AFL: Fluorescence, WET Labs ECO-AFL/FL [mg/m^3]
# name 25 = turbWETntu0: Turbidity, WET Labs ECO [NTU]
# name 26 = flag: flag
# span 0 =        215,        513       
# span 1 = 133.599982, 133.600843       
# span 2 =    0.01485,    0.03553       
# span 3 =     0.8912,     2.1315       
# span 4 =     53.472,    127.893       
# span 5 =      1.009,     52.497       
# span 6 =  43419.921,  49949.124       
# span 7 =    27.1440,    31.2887       
# span 8 =     6.6542,     8.1252       
# span 9 =      1.000,     52.000       
# span 10 =     6.6510,     8.0915      
# span 11 =    21.0941,    24.5389      
# span 12 =     6.5068,     7.1874      
# span 13 =     9.2987,    10.2715      
# span 14 =     93.354,    104.933      
# span 15 =    283.631,    313.608      
# span 16 =    290.591,    320.990      
# span 17 =   -0.01537,    0.00331      
# span 18 =    6.84810,    6.97551      
# span 19 =    9.78662,    9.96870      
# span 20 =  298.79087,  304.07604      
# span 21 =     6.6507,     8.1251      
# span 22 =   15.42758,   15.67547      
# span 23 = 4.6229e-02, 1.0447e+02      
# span 24 =     0.2568,     1.3470      
# span 25 =     1.2284,     2.7798      
# span 26 = 0.0000e+00, 0.0000e+00      
# interval = meters: 1                  
# start_time = May 12 2016 14:23:05 [Instrument's time stamp, header]
# bad_flag = -9.990e-29
*END*
        215 133.599982    0.01485     0.8912     53.472      1.009  43419.921    27.1440     8.1252      1.000     8.0915    21.0941     6.7639     9.6663     97.780    295.810    302.076    0.00331    6.93254    9.90730  303.27469     8.1251   15.65437 1.0447e+02     0.2568     2.7798 0.0000e+00
        335 133.600331    0.02322     1.3929     83.574      2.019  48137.049    30.2206     7.7434      2.000     7.6061    23.5579     7.1874    10.2715    104.933    313.608    320.990   -0.00499    6.84810    9.78662  298.79087     7.7433   15.42758 8.3427e+01     0.5136     1.7673 0.0000e+00
        331 133.600318    0.02292     1.3750     82.499      3.028  48316.220    30.3148     7.4828      3.000     7.3917    23.6671     7.0966    10.1417    103.069    309.604    316.932   -0.01088    6.88533    9.83983  300.38952     7.4826   15.50347 7.8455e+01     0.7230     1.5819 0.0000e+00
        335 133.600331    0.02320     1.3924     83.543      4.037  48605.826    30.4850     7.2949      4.000     7.2162    23.8258     7.0594    10.0886    102.202    307.936    315.273   -0.01263    6.90742    9.87139  301.30635     7.2945   15.54650 6.9871e+01     0.9381     1.5385 0.0000e+00
        339 133.600342    0.02348     1.4089     84.536      5.047  48837.664    30.6246     7.1678      5.000     7.1419    23.9523     7.0021    10.0067    101.168    305.398    312.713   -0.01537    6.92130    9.89123  301.87462     7.1674   15.57303 5.9164e+01     1.1475     1.5543 0.0000e+00
        343 133.600353    0.02374     1.4246     85.477      6.056  48967.427    30.7081     7.1311      6.000     7.1291    24.0228     6.9619     9.9493    100.556    303.624    310.918   -0.01528    6.92337    9.89419  301.94421     7.1305   15.57600 4.8509e+01     1.2780     1.5647 0.0000e+00
        347 133.600364    0.02400     1.4401     86.407      7.066  49017.480    30.7421     7.1292      7.000     7.1252    24.0498     6.9465     9.9272    100.352    302.943    310.229   -0.01269    6.92212    9.89239  301.88142     7.1286   15.57287 3.8954e+01     1.3019     1.5242 0.0000e+00
        350 133.600374    0.02426     1.4555     87.328      8.076  49077.107    30.7809     7.1170      8.000     7.0979    24.0819     6.9372     9.9141    100.216    302.532    309.818   -0.01029    6.92231    9.89267  301.88061     7.1162   15.57267 3.0718e+01     1.2839     1.4884 0.0000e+00
        354 133.600385    0.02451     1.4710     88.257      9.086  49189.860    30.8519     7.0766      9.000     7.0410    24.1430     6.9251     9.8967     99.994    301.984    309.275   -0.00891    6.92553    9.89728  302.00301     7.0758   15.57821 2.3593e+01     1.2752     1.4789 0.0000e+00
        358 133.600396    0.02477     1.4863     89.180     10.095  49310.484    30.9241     7.0119     10.000     6.9772    24.2082     6.9078     9.8719     99.642    301.211    308.502   -0.00870    6.93261    9.90739  302.29237     7.0110   15.59172 1.7861e+01     1.2922     1.4488 0.0000e+00
        361 133.600406    0.02502     1.5013     90.077     11.104  49397.447    30.9741     6.9543     11.000     6.9271    24.2550     6.8916     9.8488     99.309    300.492    307.780   -0.00861    6.93955    9.91731  302.58125     6.9533   15.60529 1.3438e+01     1.3025     1.4376 0.0000e+00
        365 133.600416    0.02527     1.5159     90.953     12.114  49460.623    31.0102     6.9126     12.000     6.8995    24.2889     6.8788     9.8305     99.052    299.922    307.207   -0.00815    6.94460    9.92452  302.79132     6.9115   15.61516 9.9991e+00     1.3134     1.4459 0.0000e+00
        368 133.600426    0.02551     1.5304     91.826     13.123  49492.718    31.0293     6.8964     13.000     6.8935    24.3059     6.8717     9.8203     98.925    299.606    306.888   -0.00709    6.94633    9.92701  302.86188     6.8953   15.61844 7.4282e+00     1.3345     1.4504 0.0000e+00
        372 133.600436    0.02574     1.5447     92.682     14.133  49508.280    31.0394     6.8955     14.000     6.8957    24.3141     6.8710     9.8194     98.921    299.577    306.862   -0.00556    6.94602    9.92656  302.84584     6.8943   15.61763 5.4791e+00     1.3470     1.4424 0.0000e+00
        375 133.600446    0.02598     1.5589     93.531     15.142  49515.608    31.0444     6.8976     15.000     6.8962    24.3177     6.8724     9.8213     98.948    299.635    306.921   -0.00410    6.94545    9.92574  302.81980     6.8963   15.61637 4.0271e+00     1.3397     1.4243 0.0000e+00
        379 133.600456    0.02622     1.5734     94.404     16.152  49538.548    31.0599     6.8976     16.000     6.8979    24.3299     6.8675     9.8143     98.888    299.417    306.703   -0.00344    6.94476    9.92475  302.78610     6.8961   15.61470 2.9875e+00     1.3274     1.3977 0.0000e+00
        382 133.600466    0.02647     1.5880     95.279     17.161  49574.746    31.0854     6.9027     17.000     6.9077    24.3493     6.8560     9.7978     98.749    298.908    306.186   -0.00347    6.94276    9.92189  302.69318     6.9012   15.61017 2.2121e+00     1.2949     1.3814 0.0000e+00
        386 133.600477    0.02672     1.6029     96.173     18.170  49582.910    31.0926     6.9142     18.000     6.9182    24.3536     6.8470     9.7850     98.651    298.517    305.787   -0.00329    6.94058    9.91878  302.59696     6.9126   15.60555 1.6621e+00     1.2378     1.3570 0.0000e+00
        389 133.600487    0.02698     1.6187     97.120     19.181  49581.178    31.0928     6.9246     19.000     6.9289    24.3524     6.8405     9.7758     98.583    298.237    305.499   -0.00288    6.93890    9.91638  302.52407     6.9230   15.60207 1.2556e+00     1.2121     1.3315 0.0000e+00
        393 133.600499    0.02724     1.6348     98.086     20.190  49579.341    31.0931     6.9362     20.000     6.9385    24.3511     6.8342     9.7668     98.518    297.961    305.216   -0.00257    6.93703    9.91370  302.44278     6.9345   15.59820 9.4972e-01     1.2115     1.3094 0.0000e+00
        397 133.600510    0.02753     1.6516     99.098     21.199  49584.758    31.0978     6.9447     21.000     6.9499    24.3537     6.8305     9.7614     98.486    297.796    305.049   -0.00212    6.93545    9.91146  302.37345     6.9428   15.59487 7.2019e-01     1.2038     1.3050 0.0000e+00
        401 133.600522    0.02781     1.6682    100.090     22.209  49581.612    31.0974     6.9576     22.000     6.9575    24.3518     6.8312     9.7625     98.526    297.829    305.082   -0.00143    6.93340    9.90853  302.28466     6.9556   15.59064 5.4638e-01     1.1866     1.2769 0.0000e+00
        405 133.600533    0.02807     1.6840    101.038     23.218  49580.508    31.0965     6.9592     23.000     6.9539    24.3508     6.8363     9.7699     98.604    298.055    305.313   -0.00067    6.93318    9.90820  302.27507     6.9572   15.59019 4.1487e-01     1.1641     1.2522 0.0000e+00
        409 133.600543    0.02831     1.6989    101.934     24.228  49587.669    31.0997     6.9516     24.000     6.9435    24.3543     6.8419     9.7779     98.669    298.298    305.562   -0.00019    6.93425    9.90974  302.32085     6.9496   15.59236 3.1937e-01     1.1299     1.2643 0.0000e+00
        412 133.600553    0.02855     1.7130    102.781     25.238  49602.358    31.1076     6.9413     25.000     6.9310    24.3619     6.8451     9.7823     98.696    298.432    305.703   -0.00005    6.93554    9.91158  302.37479     6.9392   15.59490 2.4880e-01     1.0993     1.2574 0.0000e+00
        415 133.600562    0.02878     1.7270    103.621     26.247  49623.115    31.1188     6.9255     26.000     6.9083    24.3728     6.8460     9.7835     98.680    298.466    305.741   -0.00017    6.93757    9.91448  302.46012     6.9232   15.59892 1.9777e-01     1.0719     1.2543 0.0000e+00
        419 133.600573    0.02902     1.7410    104.461     27.257  49637.372    31.1232     6.8966     27.000     6.8678    24.3800     6.8380     9.7722     98.502    298.119    305.387   -0.00109    6.94202    9.92084  302.65197     6.8942   15.60805 1.5936e-01     0.9983     1.2374 0.0000e+00
        422 133.600582    0.02926     1.7551    105.304     28.267  49666.407    31.1350     6.8516     28.000     6.8256    24.3950     6.8148     9.7391     98.073    297.103    304.351   -0.00326    6.94871    9.93039  302.93898     6.8492   15.62169 1.3032e-01     0.8812     1.2377 0.0000e+00
        426 133.600592    0.02948     1.7691    106.147     29.275  49700.159    31.1519     6.8171     29.000     6.8031    24.4127     6.7733     9.6797     97.408    295.285    302.494   -0.00630    6.95350    9.93725  303.14288     6.8145   15.63133 1.0920e-01     0.7655     1.2506 0.0000e+00
        429 133.600602    0.02972     1.7833    106.997     30.285  49723.823    31.1651     6.8010     30.000     6.7948    24.4252     6.7257     9.6116     96.696    293.206    300.368   -0.00908    6.95549    9.94009  303.22575     6.7984   15.63524 9.3338e-02     0.6905     1.2431 0.0000e+00
        432 133.600612    0.02996     1.7979    107.873     31.295  49738.819    31.1738     6.7946     31.000     6.7844    24.4329     6.6917     9.5630     96.198    291.722    298.850   -0.01000    6.95612    9.94099  303.25083     6.7919   15.63640 8.1782e-02     0.6630     1.2284 0.0000e+00
        436 133.600622    0.03022     1.8129    108.777     32.305  49755.275    31.1815     6.7762     32.000     6.7487    24.4413     6.6745     9.5386     95.916    290.973    298.085   -0.00926    6.95873    9.94472  303.36240     6.7735   15.64169 7.3029e-02     0.6383     1.2450 0.0000e+00
        440 133.600634    0.03048     1.8286    109.716     33.314  49796.813    31.2011     6.7273     33.000     6.7014    24.4630     6.6596     9.5172     95.605    290.314    297.416   -0.00862    6.96573    9.95472  303.66102     6.7245   15.65584 6.6653e-02     0.5486     1.2627 0.0000e+00
        444 133.600644    0.03073     1.8442    110.652     34.324  49833.450    31.2199     6.6926     34.000     6.6816    24.4822     6.6297     9.4745     95.111    289.007    296.083   -0.00926    6.97048    9.96152  303.86251     6.6897   15.66537 6.1871e-02     0.4681     1.2994 0.0000e+00
        447 133.600655    0.03099     1.8594    111.561     35.334  49844.257    31.2249     6.6813     35.000     6.6745    24.4876     6.6061     9.4407     94.751    287.976    295.028   -0.00919    6.97210    9.96382  303.93129     6.6782   15.66863 5.8306e-02     0.4420     1.3144 0.0000e+00
        451 133.600665    0.03124     1.8746    112.473     36.343  49848.623    31.2263     6.6750     36.000     6.6688    24.4895     6.5909     9.4190     94.519    287.313    294.350   -0.00832    6.97305    9.96518  303.97216     6.6719   15.67058 5.5554e-02     0.4350     1.3373 0.0000e+00
        455 133.600676    0.03150     1.8898    113.391     37.352  49852.472    31.2275     6.6692     37.000     6.6631    24.4912     6.5822     9.4067     94.384    286.937    293.965   -0.00711    6.97393    9.96644  304.01008     6.6660   15.67238 5.3516e-02     0.4328     1.3468 0.0000e+00
        458 133.600687    0.03175     1.9050    114.299     38.362  49857.742    31.2297     6.6644     38.000     6.6592    24.4936     6.5769     9.3992     94.298    286.704    293.727   -0.00589    6.97461    9.96741  304.03891     6.6611   15.67374 5.1985e-02     0.4248     1.3587 0.0000e+00
        462 133.600696    0.03199     1.9197    115.180     39.371  49863.401    31.2325     6.6607     39.000     6.6547    24.4963     6.5718     9.3918     94.218    286.478    293.496   -0.00499    6.97508    9.96808  304.05861     6.6574   15.67467 5.0837e-02     0.4140     1.3583 0.0000e+00
        465 133.600707    0.03223     1.9342    116.052     40.382  49874.595    31.2390     6.6561     40.000     6.6510    24.5020     6.5645     9.3813     94.107    286.157    293.169   -0.00446    6.97551    9.96870  304.07604     6.6527   15.67547 4.9948e-02     0.3993     1.3589 0.0000e+00
        469 133.600717    0.03248     1.9488    116.930     41.391  49889.455    31.2485     6.6542     41.000     6.6522    24.5097     6.5568     9.3704     94.000    285.824    292.829   -0.00410    6.97538    9.96852  304.06817     6.6507   15.67506 4.9301e-02     0.3826     1.3765 0.0000e+00
        472 133.600727    0.03273     1.9638    117.827     42.400  49909.465    31.2630     6.6600     42.000     6.6626    24.5203     6.5502     9.3608     93.925    285.527    292.528   -0.00360    6.97379    9.96625  303.99540     6.6564   15.67153 4.8804e-02     0.3675     1.3854 0.0000e+00
        476 133.600738    0.03299     1.9793    118.758     43.410  49915.114    31.2685     6.6715     43.000     6.6718    24.5233     6.5454     9.3540     93.885    285.318    292.315   -0.00298    6.97167    9.96322  303.90241     6.6678   15.66707 4.8378e-02     0.3591     1.3532 0.0000e+00
        480 133.600749    0.03325     1.9951    119.708     44.420  49912.084    31.2669     6.6773     44.000     6.6743    24.5213     6.5440     9.3520     93.877    285.260    292.254   -0.00232    6.97079    9.96196  303.86437     6.6736   15.66526 4.8037e-02     0.3250     1.3082 0.0000e+00
        484 133.600760    0.03351     2.0106    120.637     45.430  49915.330    31.2690     6.6787     45.000     6.6761    24.5228     6.5424     9.3496     93.858    285.188    292.181   -0.00189    6.97047    9.96150  303.84984     6.6749   15.66456 4.7802e-02     0.3202     1.3061 0.0000e+00
        487 133.600770    0.03376     2.0256    121.536     46.439  49919.465    31.2718     6.6811     46.000     6.6786    24.5247     6.5395     9.3455     93.824    285.063    292.055   -0.00169    6.96996    9.96077  303.82706     6.6772   15.66346 4.7569e-02     0.3296     1.3255 0.0000e+00
        491 133.600780    0.03401     2.0404    122.425     47.449  49922.677    31.2740     6.6833     47.000     6.6795    24.5261     6.5381     9.3436     93.810    285.003    291.993   -0.00143    6.96950    9.96011  303.80679     6.6793   15.66250 4.7278e-02     0.3265     1.3452 0.0000e+00
        494 133.600791    0.03427     2.0559    123.355     48.460  49927.912    31.2770     6.6826     48.000     6.6766    24.5286     6.5368     9.3417     93.792    284.944    291.933   -0.00124    6.96948    9.96009  303.80522     6.6784   15.66241 4.6579e-02     0.3049     1.3697 0.0000e+00
        498 133.600803    0.03454     2.0723    124.338     49.469  49935.965    31.2814     6.6785     49.000     6.6718    24.5326     6.5330     9.3363     93.731    284.777    291.763   -0.00129    6.96994    9.96074  303.82397     6.6743   15.66328 4.6229e-02     0.2754     1.3546 0.0000e+00
        502 133.600814    0.03481     2.0888    125.326     50.478  49944.172    31.2859     6.6743     50.000     6.6691    24.5367     6.5264     9.3269     93.630    284.488    291.468   -0.00157    6.97042    9.96143  303.84366     6.6700   15.66420 4.6243e-02     0.2675     1.3453 0.0000e+00
        507 133.600826    0.03511     2.1067    126.405     51.487  49948.961    31.2886     6.6738     51.000     6.6700    24.5389     6.5162     9.3123     93.484    284.043    291.013   -0.00201    6.97037    9.96136  303.84077     6.6695   15.66405 4.6347e-02     0.2797     1.3502 0.0000e+00
        513 133.600843    0.03553     2.1315    127.893     52.497  49949.124    31.2887     6.6758     52.000     6.6710    24.5387     6.5068     9.2987     93.354    283.631    290.591   -0.00229    6.97003    9.96087  303.82578     6.6714   15.66334 4.6502e-02     0.2908     1.3043 0.0000e+00
