CTD-processing/allCTD/CNV/2016_08-30_t7_s02_cast087_5028.cnv
* Sea-Bird SBE19plus Data File:
* FileName = C:\Users\Kim.Powell\Desktop\2016_08-30_T7_5028\2016_08-30_T7_5028_cast087.hex
* Software Version 1.59
* Temperature SN =  5028
* Conductivity SN =  5028
* System UpLoad Time = Aug 30 2016 17:42:50
** CookInlet LTM Transect 7
** 2016_08-30
** Station: 7-02
** Start Time: 15:12
** Depth (m): 43
** Comment:
** Comment:
# nquan = 27
# nvalues = 43                          
# units = specified
# name 0 = scan: Scan Count
# name 1 = timeJ: Julian Days
# name 2 = timeH: Time, Elapsed [hours]
# name 3 = timeM: Time, Elapsed [minutes]
# name 4 = timeS: Time, Elapsed [seconds]
# name 5 = prdM: Pressure, Strain Gauge [db]
# name 6 = specc: Specific Conductance [uS/cm]
# name 7 = sal00: Salinity, Practical [PSU]
# name 8 = tv290C: Temperature [ITS-90, deg C]
# name 9 = depSM: Depth [salt water, m], lat = 59.00
# name 10 = potemp090C: Potential Temperature [ITS-90, deg C]
# name 11 = sigma-é00: Density [sigma-theta, kg/m^3]
# name 12 = sbeox0ML/L: Oxygen, SBE 43 [ml/l]
# name 13 = sbeox0Mg/L: Oxygen, SBE 43 [mg/l]
# name 14 = sbeox0PS: Oxygen, SBE 43 [% saturation]
# name 15 = sbox0Mm/Kg: Oxygen, SBE 43 [umol/kg]
# name 16 = sbeox0Mm/L: Oxygen, SBE 43 [umol/l]
# name 17 = sbox0dV/dT: Oxygen, SBE 43 [dov/dt]
# name 18 = oxsolML/L: Oxygen Saturation, Garcia & Gordon [ml/l]
# name 19 = oxsolMg/L: Oxygen Saturation, Garcia & Gordon [mg/l]
# name 20 = oxsolMm/Kg: Oxygen Saturation, Garcia & Gordon [umol/kg]
# name 21 = potemp090C: Potential Temperature [ITS-90, deg C]
# name 22 = n2satMg/L: Nitrogen Saturation [mg/l]
# name 23 = par: PAR/Irradiance, Biospherical/Licor
# name 24 = flECO-AFL: Fluorescence, WET Labs ECO-AFL/FL [mg/m^3]
# name 25 = turbWETntu0: Turbidity, WET Labs ECO [NTU]
# name 26 = flag: flag
# span 0 =        163,        517       
# span 1 = 243.634206, 243.635231       
# span 2 =    0.01122,    0.03582       
# span 3 =     0.6733,     2.1496       
# span 4 =     40.400,    128.978       
# span 5 =      1.010,     43.411       
# span 6 =  45156.276,  46418.208       
# span 7 =    28.7777,    29.5472       
# span 8 =    12.1588,    13.5137       
# span 9 =      1.000,     43.000       
# span 10 =    12.1533,    13.5110      
# span 11 =    21.4936,    22.3303      
# span 12 =     5.0911,     6.2821      
# span 13 =     7.2757,     8.9778      
# span 14 =     83.513,    102.171      
# span 15 =    222.584,    274.614      
# span 16 =    227.370,    280.558      
# span 17 =   -0.02330,    0.00921      
# span 18 =    6.09593,    6.24204      
# span 19 =    8.71169,    8.92051      
# span 20 =  266.51445,  272.70122      
# span 21 =    12.1535,    13.5135      
# span 22 =   13.88886,   14.18335      
# span 23 = 1.4202e-01, 2.0117e+02      
# span 24 =     0.2843,     1.9617      
# span 25 =     0.3848,     1.1752      
# span 26 = 0.0000e+00, 0.0000e+00      
# interval = meters: 1                  
# start_time = Aug 30 2016 15:12:35 [Instrument's time stamp, header]
# bad_flag = -9.990e-29
*END*
        163 243.634206    0.01122     0.6733     40.400      1.010  45181.230    28.8039    13.5137      1.000    13.5110    21.5001     5.0911     7.2757     83.513    222.584    227.370    0.00465    6.09593    8.71169  266.51445    13.5135   13.88886 2.0117e+02     0.5898     0.4038 0.0000e+00
        344 243.634731    0.02383     1.4294     85.761      2.019  45163.159    28.7878    13.4825      2.000    13.4609    21.4936     6.0721     8.6777     99.536    265.476    271.182    0.00446    6.10046    8.71817  266.71388    13.4822   13.89850 4.4887e+01     0.6950     0.3907 0.0000e+00
        352 243.634755    0.02439     1.4633     87.800      3.028  45156.276    28.7777    13.4200      3.000    13.3770    21.4980     6.1056     8.7255     99.948    266.936    272.675    0.00338    6.10875    8.73002  267.07539    13.4196   13.91589 3.6566e+01     0.7598     0.3964 0.0000e+00
        356 243.634767    0.02467     1.4803     88.816      4.038  45192.932    28.7970    13.3396      4.000    13.3109    21.5284     6.1104     8.7324     99.873    267.140    272.891    0.00160    6.11820    8.74352  267.48046    13.3392   13.93525 3.2968e+01     0.8903     0.3848 0.0000e+00
        360 243.634778    0.02495     1.4969     89.811      5.048  45211.977    28.8057    13.2829      5.000    13.2501    21.5460     6.1305     8.7611    100.088    268.014    273.789    0.00211    6.12508    8.75336  267.77673    13.2822   13.94944 2.9611e+01     1.0494     0.3915 0.0000e+00
        364 243.634790    0.02523     1.5138     90.825      6.057  45246.914    28.8249    13.2179      6.000    13.1885    21.5732     6.1615     8.8054    100.470    269.362    275.173    0.00395    6.13263    8.76415  268.09971    13.2171   13.96487 2.7685e+01     1.2194     0.4031 0.0000e+00
        369 243.634802    0.02554     1.5322     91.930      7.067  45302.069    28.8589    13.1603      7.000    13.1379    21.6105     6.2008     8.8615    101.011    271.069    276.927    0.00588    6.13867    8.77278  268.35387    13.1594   13.97693 2.7617e+01     1.4930     0.4140 0.0000e+00
        373 243.634815    0.02582     1.5497     92.982      8.076  45342.403    28.8833    13.1143      8.000    13.0919    21.6382     6.2474     8.9282    101.690    273.101    279.011    0.00837    6.14361    8.77984  268.56256    13.1133   13.98684 2.5499e+01     1.7746     0.4121 0.0000e+00
        377 243.634825    0.02608     1.5651     93.909      9.086  45350.723    28.8857    13.0748      9.000    13.0459    21.6475     6.2821     8.9778    102.171    274.614    280.558    0.00921    6.14860    8.78696  268.77813    13.0735   13.99718 2.2328e+01     1.9617     0.4219 0.0000e+00
        381 243.634837    0.02637     1.5824     94.942     10.094  45350.052    28.8791    13.0050     10.000    12.9603    21.6557     6.2786     8.9728    101.963    274.459    280.403    0.00544    6.15782    8.80014  269.17912    13.0036   14.01644 2.0470e+01     1.8840     0.4240 0.0000e+00
        385 243.634850    0.02669     1.6012     96.071     11.104  45375.701    28.8885    12.9030     11.000    12.8509    21.6822     6.2037     8.8658    100.539    271.179    277.058   -0.00541    6.17059    8.81840  269.73032    12.9015   14.04285 1.9009e+01     1.5986     0.4045 0.0000e+00
        389 243.634862    0.02696     1.6179     97.077     12.113  45420.363    28.9111    12.8001     12.000    12.7479    21.7190     6.1069     8.7274     98.771    266.938    272.736   -0.01576    6.18301    8.83614  270.26342    12.7986   14.06833 1.6990e+01     1.3649     0.3928 0.0000e+00
        393 243.634873    0.02722     1.6331     97.989     13.123  45448.591    28.9228    12.7060     13.000    12.6337    21.7456     6.0362     8.6263     97.442    263.839    269.577   -0.02066    6.19478    8.85297  270.77090    12.7043   14.09262 1.4755e+01     1.2307     0.3939 0.0000e+00
        397 243.634883    0.02749     1.6492     98.952     14.132  45503.877    28.9489    12.5597     14.000    12.4852    21.7929     5.9840     8.5518     96.319    261.546    267.246   -0.02188    6.21282    8.87875  271.54683    12.5580   14.12973 1.3070e+01     1.1021     0.4021 0.0000e+00
        401 243.634897    0.02779     1.6674    100.042     15.142  45628.143    29.0257    12.4389     15.000    12.4138    21.8746     5.9113     8.4478     94.952    258.347    263.998   -0.02330    6.22563    8.89704  272.08482    12.4370   14.15523 1.1726e+01     0.8830     0.4026 0.0000e+00
        406 243.634909    0.02809     1.6856    101.133     16.151  45697.856    29.0712    12.4018     16.000    12.3927    21.9167     5.8448     8.3528     93.838    255.432    261.030   -0.02310    6.22872    8.90146  272.20854    12.3997   14.16097 1.0330e+01     0.7686     0.4107 0.0000e+00
        410 243.634921    0.02837     1.7026    102.155     17.161  45744.556    29.1027    12.3888     17.000    12.3793    21.9435     5.8242     8.3234     93.499    254.525    260.110   -0.01832    6.22919    8.90213  272.22200    12.3866   14.16150 9.0118e+00     0.7118     0.4095 0.0000e+00
        414 243.634932    0.02865     1.7193    103.159     18.171  45790.694    29.1331    12.3696     18.000    12.3511    21.9705     5.8173     8.3136     93.369    254.218    259.803   -0.01328    6.23052    8.90403  272.27282    12.3673   14.16381 7.9404e+00     0.6344     0.3934 0.0000e+00
        418 243.634945    0.02896     1.7376    104.256     19.180  45851.208    29.1724    12.3363     19.000    12.3248    22.0071     5.8019     8.2915     93.078    253.534    259.113   -0.01069    6.23336    8.90810  272.38746    12.3339   14.16915 7.1144e+00     0.5060     0.3881 0.0000e+00
        422 243.634958    0.02926     1.7557    105.340     20.190  45917.909    29.2178    12.3222     20.000    12.3151    22.0449     5.7855     8.2681     92.814    252.808    258.381   -0.00889    6.23343    8.90819  272.38024    12.3197   14.16862 6.3081e+00     0.4217     0.4122 0.0000e+00
        426 243.634969    0.02953     1.7718    106.308     21.199  45985.696    29.2641    12.3094     21.000    12.2950    22.0831     5.7732     8.2505     92.619    252.261    257.832   -0.00755    6.23330    8.90801  272.36462    12.3067   14.16769 5.5410e+00     0.4211     0.4623 0.0000e+00
        430 243.634980    0.02980     1.7880    107.280     22.208  46041.777    29.3013    12.2865     22.000    12.2730    22.1160     5.7643     8.2377     92.453    251.862    257.432   -0.00642    6.23486    8.91024  272.42387    12.2838   14.17038 4.8410e+00     0.4016     0.5261 0.0000e+00
        434 243.634992    0.03009     1.8053    108.320     23.218  46082.318    29.3276    12.2659     23.000    12.2554    22.1402     5.7558     8.2255     92.291    251.484    257.052   -0.00545    6.23654    8.91264  272.49090    12.2630   14.17349 4.1797e+00     0.3704     0.5932 0.0000e+00
        439 243.635005    0.03039     1.8233    109.396     24.227  46113.626    29.3478    12.2493     24.000    12.2366    22.1589     5.7464     8.2121     92.120    251.070    256.632   -0.00481    6.23793    8.91463  272.54675    12.2463   14.17609 3.5764e+00     0.3520     0.6465 0.0000e+00
        443 243.635017    0.03068     1.8409    110.452     25.237  46146.828    29.3689    12.2282     25.000    12.2165    22.1792     5.7397     8.2027     91.984    250.775    256.336   -0.00420    6.23990    8.91744  272.62707    12.2251   14.17985 3.0229e+00     0.3425     0.7083 0.0000e+00
        447 243.635028    0.03096     1.8575    111.449     26.247  46163.970    29.3794    12.2144     26.000    12.2083    22.1898     5.7342     8.1948     91.876    250.531    256.090   -0.00366    6.24130    8.91944  272.68566    12.2111   14.18262 2.5312e+00     0.3201     0.7400 0.0000e+00
        451 243.635040    0.03124     1.8746    112.476     27.257  46172.503    29.3846    12.2099     27.000    12.2048    22.1947     5.7274     8.1851     91.761    250.232    255.786   -0.00335    6.24169    8.91999  272.70122    12.2065   14.18335 2.1381e+00     0.3002     0.7448 0.0000e+00
        455 243.635053    0.03156     1.8937    113.619     28.266  46192.040    29.3977    12.2060     28.000    12.2007    22.2055     5.7227     8.1784     91.686    250.026    255.578   -0.00270    6.24169    8.92000  272.69843    12.2025   14.18316 1.8082e+00     0.2843     0.7347 0.0000e+00
        460 243.635066    0.03186     1.9112    114.672     29.276  46229.221    29.4232    12.2025     29.000    12.1974    22.2260     5.7197     8.1740     91.645    249.887    255.441   -0.00223    6.24115    8.91923  272.66952    12.1989   14.18167 1.5249e+00     0.2977     0.7266 0.0000e+00
        463 243.635076    0.03211     1.9265    115.593     30.286  46275.338    29.4551    12.2000     30.000    12.1950    22.2512     5.7203     8.1749     91.668    249.907    255.468   -0.00150    6.24023    8.91791  272.62225    12.1962   14.17927 1.2862e+00     0.3285     0.7287 0.0000e+00
        467 243.635088    0.03238     1.9428    116.568     31.295  46307.011    29.4769    12.1980     31.000    12.1932    22.2685     5.7214     8.1765     91.694    249.951    255.518   -0.00095    6.23964    8.91707  272.59200    12.1941   14.17774 1.0870e+00     0.3251     0.7149 0.0000e+00
        472 243.635100    0.03269     1.9611    117.668     32.304  46328.271    29.4914    12.1963     32.000    12.1916    22.2800     5.7251     8.1818     91.759    250.111    255.683   -0.00030    6.23928    8.91656  272.57346    12.1923   14.17679 9.2040e-01     0.3278     0.7185 0.0000e+00
        476 243.635113    0.03299     1.9794    118.765     33.314  46342.734    29.5011    12.1953     33.000    12.1909    22.2878     5.7265     8.1838     91.785    250.170    255.746   -0.00003    6.23904    8.91622  272.56099    12.1911   14.17616 7.7362e-01     0.3344     0.7567 0.0000e+00
        480 243.635124    0.03326     1.9961    119.765     34.323  46354.438    29.5090    12.1949     34.000    12.1897    22.2940     5.7223     8.1778     91.721    249.987    255.560   -0.00051    6.23879    8.91585  272.54807    12.1906   14.17551 6.4498e-01     0.3572     0.8007 0.0000e+00
        484 243.635136    0.03354     2.0125    120.747     35.333  46367.457    29.5176    12.1926     35.000    12.1864    22.3010     5.7209     8.1758     91.700    249.923    255.496   -0.00062    6.23875    8.91579  272.54444    12.1882   14.17530 5.4093e-01     0.3582     0.7956 0.0000e+00
        488 243.635148    0.03384     2.0303    121.820     36.343  46378.742    29.5248    12.1882     36.000    12.1810    22.3074     5.7210     8.1760     91.697    249.927    255.502   -0.00049    6.23904    8.91622  272.55577    12.1837   14.17581 4.5441e-01     0.3462     0.8239 0.0000e+00
        493 243.635161    0.03414     2.0484    122.906     37.353  46388.145    29.5305    12.1825     37.000    12.1751    22.3129     5.7208     8.1756     91.686    249.914    255.490   -0.00050    6.23957    8.91697  272.57738    12.1779   14.17683 3.8004e-01     0.3363     0.8629 0.0000e+00
        496 243.635172    0.03441     2.0643    123.857     38.363  46395.365    29.5347    12.1770     38.000    12.1688    22.3172     5.7211     8.1761     91.683    249.928    255.506   -0.00042    6.24013    8.91778  272.60077    12.1723   14.17793 3.1737e-01     0.3546     0.9370 0.0000e+00
        500 243.635182    0.03465     2.0793    124.760     39.372  46402.909    29.5390    12.1708     39.000    12.1625    22.3217     5.7187     8.1726     91.633    249.819    255.395   -0.00067    6.24078    8.91870  272.62769    12.1660   14.17920 2.6531e-01     0.3671     1.0355 0.0000e+00
        504 243.635194    0.03494     2.0964    125.782     40.381  46409.933    29.5431    12.1651     40.000    12.1582    22.3260     5.7123     8.1634     91.522    249.538    255.109   -0.00122    6.24138    8.91955  272.65279    12.1601   14.18039 2.2384e-01     0.3686     1.0951 0.0000e+00
        509 243.635207    0.03525     2.1148    126.888     41.391  46414.333    29.5455    12.1612     41.000    12.1546    22.3285     5.7023     8.1492     91.357    249.103    254.666   -0.00196    6.24180    8.92015  272.67021    12.1561   14.18122 1.9041e-01     0.3645     1.1246 0.0000e+00
        512 243.635218    0.03552     2.1312    127.870     42.400  46417.019    29.5468    12.1593     42.000    12.1538    22.3299     5.6975     8.1423     91.277    248.893    254.451   -0.00201    6.24200    8.92044  272.67883    12.1540   14.18163 1.6338e-01     0.3696     1.1742 0.0000e+00
        517 243.635231    0.03582     2.1496    128.978     43.411  46418.208    29.5472    12.1588     43.000    12.1533    22.3303     5.6968     8.1414     91.266    248.863    254.421   -0.00150    6.24204    8.92051  272.68066    12.1535   14.18172 1.4202e-01     0.3760     1.1752 0.0000e+00
