CTD-processing/allCTD/CNV/2016_02-16_t7_s20b_cast145_5028.cnv
* Sea-Bird SBE19plus Data File:
* FileName = C:\Users\Kris.Holderied\Documents\kasitsna\Research-KBL\Oceanography-AK\CTD-Data-ALL-to-2016-02\2016-CTD-KachemakBay-CookInlet\2016-02-CookInlet-quarterly\2016-02-16-CookInlet-Tran7-Augustine\2016-02-16-CookInlet-Tran7-cast145.hex
* Software Version 1.59
* Temperature SN =  5028
* Conductivity SN =  5028
* System UpLoad Time = Feb 16 2016 10:36:54
** Cook Inlet LTM Tran7 Augustine East to West

** Date: 02-16
** Station: 7-20b
** Start time (AKST): 00:41
** Depth (m): 80
** Comment: R/V Pandalus.
** Comment: 2nd of 2 casts at station. This one with Niskin bottle. Both good casts.
** Comment: Zooplankton 50 m vertical tow, Phytoplankton 40l             surface filtered, OA water samples at surface and 75m.
# nquan = 27
# nvalues = 81                          
# units = specified
# name 0 = scan: Scan Count
# name 1 = timeJ: Julian Days
# name 2 = timeH: Time, Elapsed [hours]
# name 3 = timeM: Time, Elapsed [minutes]
# name 4 = timeS: Time, Elapsed [seconds]
# name 5 = prdM: Pressure, Strain Gauge [db]
# name 6 = specc: Specific Conductance [uS/cm]
# name 7 = sal00: Salinity, Practical [PSU]
# name 8 = tv290C: Temperature [ITS-90, deg C]
# name 9 = depSM: Depth [salt water, m], lat = 59.00
# name 10 = potemp090C: Potential Temperature [ITS-90, deg C]
# name 11 = sigma-é00: Density [sigma-theta, kg/m^3]
# name 12 = sbeox0ML/L: Oxygen, SBE 43 [ml/l]
# name 13 = sbeox0Mg/L: Oxygen, SBE 43 [mg/l]
# name 14 = sbeox0PS: Oxygen, SBE 43 [% saturation]
# name 15 = sbox0Mm/Kg: Oxygen, SBE 43 [umol/kg]
# name 16 = sbeox0Mm/L: Oxygen, SBE 43 [umol/l]
# name 17 = sbox0dV/dT: Oxygen, SBE 43 [dov/dt]
# name 18 = oxsolML/L: Oxygen Saturation, Garcia & Gordon [ml/l]
# name 19 = oxsolMg/L: Oxygen Saturation, Garcia & Gordon [mg/l]
# name 20 = oxsolMm/Kg: Oxygen Saturation, Garcia & Gordon [umol/kg]
# name 21 = potemp090C: Potential Temperature [ITS-90, deg C]
# name 22 = n2satMg/L: Nitrogen Saturation [mg/l]
# name 23 = par: PAR/Irradiance, Biospherical/Licor
# name 24 = flECO-AFL: Fluorescence, WET Labs ECO-AFL/FL [mg/m^3]
# name 25 = turbWETntu0: Turbidity, WET Labs ECO [NTU]
# name 26 = flag: flag
# span 0 =        110,        688       
# span 1 =  47.029147,  47.030819       
# span 2 =    0.00758,    0.04771       
# span 3 =     0.4546,     2.8623       
# span 4 =     27.279,    171.738       
# span 5 =      1.010,     81.781       
# span 6 =  47097.680,  50468.945       
# span 7 =    29.4135,    31.5910       
# span 8 =     6.2529,     6.2925       
# span 9 =      1.000,     81.000       
# span 10 =     6.2603,     6.2859      
# span 11 =    23.1144,    24.8265      
# span 12 =     6.0386,     6.4181      
# span 13 =     8.6298,     9.1721      
# span 14 =     84.678,     91.381      
# span 15 =    263.655,    279.709      
# span 16 =    269.685,    286.631      
# span 17 =   -0.00081,    0.01123      
# span 18 =    7.02119,    7.13495      
# span 19 =   10.03398,   10.19657      
# span 20 =  305.96511,  311.54233      
# span 21 =     6.2528,     6.2859      
# span 22 =   15.76407,   16.03887      
# span 23 = 3.7979e-02, 6.2210e-02      
# span 24 =     0.0873,     0.1540      
# span 25 =     0.4483,     0.7616      
# span 26 = 0.0000e+00, 0.0000e+00      
# interval = meters: 1                  
# start_time = Feb 16 2016 00:41:31 [Instrument's time stamp, header]
# bad_flag = -9.990e-29
*END*
[from data line 54]
        551  47.030424    0.03822     2.2933    137.600     55.527  50348.995    31.4924     6.2868     55.000     6.2820    24.7478     6.4175     9.1712     91.364    279.683    286.604    0.00005    7.02407   10.03810  306.11909     6.2823   15.77182 3.9209e-02     0.1177     0.4750 0.0000e+00
        557  47.030441    0.03864     2.3185    139.112     56.536  50350.029    31.4926     6.2866     56.000     6.2820    24.7480     6.4105     9.1613     91.265    279.380    286.295   -0.00054    7.02410   10.03813  306.12027     6.2819   15.77187 3.9225e-02     0.1212     0.4738 0.0000e+00
        564  47.030459    0.03908     2.3447    140.683     57.546  50350.416    31.4924     6.2866     57.000     6.2818    24.7478     6.4095     9.1598     91.250    279.336    286.249   -0.00048    7.02410   10.03814  306.12039     6.2819   15.77188 3.9154e-02     0.1286     0.4700 0.0000e+00
        569  47.030474    0.03944     2.3664    141.982     58.556  50351.262    31.4925     6.2865     58.000     6.2818    24.7480     6.4108     9.1616     91.268    279.391    286.305   -0.00031    7.02411   10.03816  306.12090     6.2817   15.77191 3.9064e-02     0.1328     0.4778 0.0000e+00
        574  47.030489    0.03978     2.3869    143.211     59.566  50351.840    31.4924     6.2866     59.000     6.2817    24.7479     6.4155     9.1684     91.336    279.599    286.518    0.00011    7.02410   10.03814  306.12058     6.2817   15.77189 3.9069e-02     0.1337     0.4779 0.0000e+00
        579  47.030503    0.04013     2.4079    144.476     60.575  50352.906    31.4927     6.2868     60.000     6.2818    24.7481     6.4125     9.1641     91.293    279.467    286.383   -0.00020    7.02406   10.03809  306.11886     6.2818   15.77181 3.9136e-02     0.1361     0.4773 0.0000e+00
        583  47.030516    0.04045     2.4268    145.607     61.585  50352.961    31.4923     6.2866     61.000     6.2812    24.7478     6.4136     9.1657     91.308    279.513    286.431   -0.00017    7.02411   10.03815  306.12091     6.2816   15.77191 3.9077e-02     0.1212     0.4856 0.0000e+00
        588  47.030530    0.04078     2.4470    146.822     62.595  50354.442    31.4927     6.2862     62.000     6.2812    24.7483     6.4167     9.1701     91.352    279.649    286.570    0.00008    7.02416   10.03823  306.12298     6.2810   15.77200 3.9020e-02     0.1283     0.4715 0.0000e+00
        595  47.030549    0.04123     2.4736    148.415     63.604  50355.406    31.4931     6.2870     63.000     6.2821    24.7484     6.4128     9.1645     91.299    279.480    286.396   -0.00028    7.02400   10.03799  306.11586     6.2819   15.77166 3.8859e-02     0.1290     0.4644 0.0000e+00
        601  47.030566    0.04164     2.4980    149.881     64.613  50355.510    31.4928     6.2875     64.000     6.2823    24.7481     6.4133     9.1653     91.307    279.502    286.419   -0.00023    7.02393   10.03790  306.11311     6.2823   15.77154 3.8821e-02     0.1308     0.4913 0.0000e+00
        605  47.030580    0.04197     2.5186    151.114     65.623  50356.225    31.4928     6.2876     65.000     6.2822    24.7481     6.4155     9.1684     91.338    279.597    286.516   -0.00001    7.02392   10.03788  306.11254     6.2822   15.77151 3.8820e-02     0.1399     0.4899 0.0000e+00
        610  47.030592    0.04228     2.5368    152.209     66.634  50356.963    31.4928     6.2877     66.000     6.2823    24.7482     6.4156     9.1685     91.340    279.600    286.520   -0.00011    7.02390   10.03785  306.11159     6.2822   15.77146 3.8732e-02     0.1369     0.4694 0.0000e+00
        615  47.030606    0.04261     2.5565    153.387     67.643  50359.003    31.4939     6.2884     67.000     6.2834    24.7490     6.4178     9.1716     91.373    279.696    286.618    0.00005    7.02374   10.03762  306.10425     6.2828   15.77111 3.8744e-02     0.1360     0.4847 0.0000e+00
        621  47.030624    0.04304     2.5826    154.953     68.653  50359.815    31.4944     6.2901     68.000     6.2847    24.7491     6.4181     9.1721     91.381    279.709    286.631    0.00002    7.02343   10.03719  306.09098     6.2845   15.77048 3.8665e-02     0.1409     0.4891 0.0000e+00
        626  47.030639    0.04339     2.6034    156.202     69.663  50360.315    31.4943     6.2904     69.000     6.2847    24.7490     6.4114     9.1625     91.286    279.417    286.332   -0.00051    7.02338   10.03711  306.08895     6.2847   15.77038 3.8680e-02     0.1318     0.4776 0.0000e+00
        630  47.030652    0.04369     2.6216    157.298     70.673  50361.390    31.4946     6.2906     70.000     6.2850    24.7492     6.4074     9.1567     91.230    279.243    286.154   -0.00081    7.02333   10.03705  306.08665     6.2849   15.77027 3.8666e-02     0.1170     0.4847 0.0000e+00
        636  47.030667    0.04407     2.6443    158.660     71.683  50361.642    31.4944     6.2909     71.000     6.2849    24.7490     6.4132     9.1651     91.313    279.494    286.411   -0.00015    7.02331   10.03701  306.08578     6.2850   15.77023 3.8719e-02     0.1245     0.5043 0.0000e+00
        641  47.030683    0.04444     2.6668    160.008     72.692  50362.109    31.4942     6.2909     72.000     6.2849    24.7489     6.4113     9.1624     91.286    279.413    286.328   -0.00029    7.02332   10.03702  306.08604     6.2849   15.77024 3.8867e-02     0.1194     0.5209 0.0000e+00
        646  47.030698    0.04480     2.6879    161.277     73.702  50363.127    31.4944     6.2909     73.000     6.2850    24.7491     6.4104     9.1611     91.273    279.373    286.288   -0.00033    7.02330   10.03700  306.08533     6.2849   15.77021 3.8857e-02     0.1056     0.5185 0.0000e+00
        652  47.030714    0.04519     2.7115    162.692     74.712  50363.878    31.4945     6.2912     74.000     6.2852    24.7491     6.4105     9.1612     91.275    279.377    286.291   -0.00027    7.02324   10.03691  306.08258     6.2851   15.77008 3.8920e-02     0.1182     0.4811 0.0000e+00
        657  47.030729    0.04555     2.7327    163.963     75.722  50364.529    31.4946     6.2914     75.000     6.2853    24.7492     6.4109     9.1618     91.281    279.395    286.309   -0.00021    7.02321   10.03687  306.08135     6.2852   15.77002 3.8962e-02     0.1327     0.4870 0.0000e+00
        662  47.030743    0.04588     2.7532    165.195     76.731  50365.045    31.4944     6.2915     76.000     6.2852    24.7490     6.4100     9.1605     91.269    279.356    286.270   -0.00026    7.02321   10.03686  306.08120     6.2852   15.77001 3.8937e-02     0.1331     0.4891 0.0000e+00
        667  47.030758    0.04626     2.7754    166.521     77.741  50365.600    31.4944     6.2916     77.000     6.2852    24.7490     6.4096     9.1599     91.263    279.338    286.251   -0.00029    7.02319   10.03685  306.08064     6.2852   15.76999 3.8972e-02     0.1287     0.4782 0.0000e+00
        671  47.030771    0.04656     2.7936    167.615     78.752  50366.522    31.4945     6.2916     78.000     6.2852    24.7491     6.4130     9.1648     91.312    279.488    286.406 1.9033e-08    7.02318   10.03684  306.08016     6.2851   15.76996 3.8884e-02     0.1306     0.4860 0.0000e+00
        676  47.030785    0.04691     2.8145    168.872     79.761  50367.659    31.4949     6.2920     79.000     6.2857    24.7494     6.4136     9.1657     91.322    279.513    286.431   -0.00000    7.02309   10.03670  306.07605     6.2855   15.76977 3.8823e-02     0.1405     0.4879 0.0000e+00
        683  47.030803    0.04734     2.8403    170.416     80.771  50368.134    31.4949     6.2924     80.000     6.2859    24.7493     6.4155     9.1684     91.349    279.596    286.516    0.00008    7.02303   10.03661  306.07328     6.2859   15.76963 3.8843e-02     0.1461     0.4791 0.0000e+00
        688  47.030819    0.04771     2.8623    171.738     81.781  50368.711    31.4948     6.2925     81.000     6.2858    24.7493     6.4136     9.1657     91.323    279.514    286.432   -0.00013    7.02302   10.03660  306.07295     6.2858   15.76962 3.8784e-02     0.1375     0.5000 0.0000e+00
