CTD-processing/allCTD/CNV/2016_05-12_alongbay_ptgraham_cast239_5028.cnv
* Sea-Bird SBE19plus Data File:
* FileName = C:\Users\Kris.Holderied\Documents\kasitsna\Research-KBL\Oceanography-AK\CTD-Data-ALL-to-2016-05\2016-CTD-KachemakBay-CookInlet\2016-05-12-CookInlet-AlongBay\2016-05-12-CookInlet-AlongBay-cast239.hex
* Software Version 1.59
* Temperature SN =  5028
* Conductivity SN =  5028
* System UpLoad Time = May 16 2016 17:17:58
** Cook Inlet Along-bay Tran7 to Homer Spit SW to NE
** Date (YYYY-MM-DD): 2016-05-12
** Station (ie. 9-01):  PtGraham
** Start time (AKST): 17:13
** Depth (m): 63
** Comment:  R/V Edgecumbe.  Along-bay line from south of Tran7 to station 9-6.
** Comment:
# nquan = 27
# nvalues = 57                          
# units = specified
# name 0 = scan: Scan Count
# name 1 = timeJ: Julian Days
# name 2 = timeH: Time, Elapsed [hours]
# name 3 = timeM: Time, Elapsed [minutes]
# name 4 = timeS: Time, Elapsed [seconds]
# name 5 = prdM: Pressure, Strain Gauge [db]
# name 6 = specc: Specific Conductance [uS/cm]
# name 7 = sal00: Salinity, Practical [PSU]
# name 8 = tv290C: Temperature [ITS-90, deg C]
# name 9 = depSM: Depth [salt water, m], lat = 59.00
# name 10 = potemp090C: Potential Temperature [ITS-90, deg C]
# name 11 = sigma-é00: Density [sigma-theta, kg/m^3]
# name 12 = sbeox0ML/L: Oxygen, SBE 43 [ml/l]
# name 13 = sbeox0Mg/L: Oxygen, SBE 43 [mg/l]
# name 14 = sbeox0PS: Oxygen, SBE 43 [% saturation]
# name 15 = sbox0Mm/Kg: Oxygen, SBE 43 [umol/kg]
# name 16 = sbeox0Mm/L: Oxygen, SBE 43 [umol/l]
# name 17 = sbox0dV/dT: Oxygen, SBE 43 [dov/dt]
# name 18 = oxsolML/L: Oxygen Saturation, Garcia & Gordon [ml/l]
# name 19 = oxsolMg/L: Oxygen Saturation, Garcia & Gordon [mg/l]
# name 20 = oxsolMm/Kg: Oxygen Saturation, Garcia & Gordon [umol/kg]
# name 21 = potemp090C: Potential Temperature [ITS-90, deg C]
# name 22 = n2satMg/L: Nitrogen Saturation [mg/l]
# name 23 = par: PAR/Irradiance, Biospherical/Licor
# name 24 = flECO-AFL: Fluorescence, WET Labs ECO-AFL/FL [mg/m^3]
# name 25 = turbWETntu0: Turbidity, WET Labs ECO [NTU]
# name 26 = flag: flag
# span 0 =        158,        493       
# span 1 = 133.717676, 133.718646       
# span 2 =    0.01090,    0.03417       
# span 3 =     0.6539,     2.0500       
# span 4 =     39.233,    122.998       
# span 5 =      1.010,     57.545       
# span 6 =  45630.142,  50369.082       
# span 7 =    28.6946,    31.6949       
# span 8 =     7.1944,     7.7704       
# span 9 =      1.000,     57.000       
# span 10 =     7.1892,     7.6007      
# span 11 =    22.3678,    24.7755      
# span 12 =     5.8413,     6.4848      
# span 13 =     8.3478,     9.2674      
# span 14 =     84.526,     94.280      
# span 15 =    255.174,    282.659      
# span 16 =    260.872,    289.611      
# span 17 =   -0.00065,    0.00577      
# span 18 =    6.85195,    6.91812      
# span 19 =    9.79212,    9.88668      
# span 20 =  298.60063,  302.30046      
# span 21 =     7.1894,     7.7703      
# span 22 =   15.41241,   15.60189      
# span 23 = 3.8670e-01, 2.3990e+02      
# span 24 =     0.0700,     0.5955      
# span 25 =     0.2472,     0.9914      
# span 26 = 0.0000e+00, 0.0000e+00      
# interval = meters: 1                  
# start_time = May 12 2016 17:12:48 [Instrument's time stamp, header]
# bad_flag = -9.990e-29
*END*
        158 133.717676    0.01090     0.6539     39.233      1.010  45630.142    28.6946     7.7704      1.000     7.6007    22.3678     5.8413     8.3478     84.526    255.174    260.872    0.00479    6.91812    9.88668  302.30046     7.7703   15.60189 2.3990e+02     0.0700     0.9914 0.0000e+00
        300 133.718086    0.02074     1.2442     74.655      2.019  50369.082    31.6949     7.2972      2.000     7.3049    24.7755     6.4040     9.1520     93.447    279.094    286.005    0.00577    6.85195    9.79212  298.60063     7.2970   15.41241 1.0399e+02     0.2456     0.2472 0.0000e+00
        294 133.718071    0.02036     1.2216     73.294      3.028  49991.326    31.4533     7.3205      3.000     7.3178    24.5836     6.3751     9.1106     92.937    277.881    284.712    0.00453    6.85963    9.80311  299.00077     7.3202   15.43254 1.2925e+02     0.2389     0.3361 0.0000e+00
        299 133.718084    0.02068     1.2408     74.448      4.038  49988.838    31.4497     7.3123      4.000     7.3054    24.5819     6.3853     9.1252     93.065    278.325    285.167    0.00377    6.86107    9.80516  299.06400     7.3119   15.43557 1.5772e+02     0.2201     0.3316 0.0000e+00
        303 133.718097    0.02099     1.2592     75.554      5.047  49986.138    31.4445     7.2951      5.000     7.2827    24.5801     6.3933     9.1366     93.142    278.674    285.524    0.00303    6.86402    9.80937  299.19283     7.2947   15.44173 1.7258e+02     0.2598     0.3106 0.0000e+00
        307 133.718109    0.02128     1.2766     76.596      6.056  49993.784    31.4450     7.2695      6.000     7.2590    24.5839     6.3983     9.1438     93.160    278.890    285.747    0.00217    6.86803    9.81510  299.36658     7.2690   15.45003 1.6764e+02     0.3003     0.3343 0.0000e+00
        311 133.718120    0.02155     1.2931     77.587      7.066  50005.122    31.4496     7.2528      7.000     7.2466    24.5898     6.4048     9.1531     93.222    279.172    286.037    0.00179    6.87047    9.81859  299.47110     7.2521   15.45500 1.4806e+02     0.3193     0.3472 0.0000e+00
        315 133.718132    0.02182     1.3094     78.562      8.076  50010.358    31.4511     7.2431      8.000     7.2387    24.5923     6.4137     9.1658     93.332    279.561    286.436    0.00188    6.87193    9.82067  299.53395     7.2423   15.45799 1.3337e+02     0.3151     0.3362 0.0000e+00
        319 133.718142    0.02209     1.3255     79.530      9.085  50014.085    31.4522     7.2369      9.000     7.2338    24.5940     6.4207     9.1759     93.422    279.867    286.750    0.00182    6.87285    9.82200  299.57402     7.2361   15.45989 1.1972e+02     0.3166     0.3381 0.0000e+00
        323 133.718154    0.02235     1.3413     80.481     10.094  50015.407    31.4519     7.2327     10.000     7.2294    24.5943     6.4247     9.1815     93.469    280.039    286.926    0.00159    6.87353    9.82296  299.60329     7.2318   15.46129 1.1214e+02     0.3360     0.3511 0.0000e+00
        327 133.718164    0.02261     1.3564     81.383     11.104  50011.411    31.4477     7.2270     11.000     7.2200    24.5918     6.4269     9.1847     93.487    280.136    287.025    0.00119    6.87461    9.82451  299.65123     7.2261   15.46359 9.9448e+01     0.3591     0.3640 0.0000e+00
        330 133.718174    0.02285     1.3710     82.260     12.113  50011.183    31.4451     7.2155     12.000     7.2083    24.5913     6.4324     9.1925     93.540    280.375    287.269    0.00111    6.87655    9.82727  299.73574     7.2145   15.46764 8.6953e+01     0.3987     0.3632 0.0000e+00
        334 133.718185    0.02310     1.3857     83.139     13.123  50019.994    31.4493     7.2069     13.000     7.2041    24.5957     6.4351     9.1965     93.565    280.493    287.393    0.00095    6.87773    9.82896  299.78598     7.2057   15.47002 7.7727e+01     0.4394     0.3709 0.0000e+00
        337 133.718194    0.02333     1.4002     84.014     14.133  50022.453    31.4503     7.2050     14.000     7.2028    24.5968     6.4359     9.1975     93.572    280.527    287.427    0.00063    6.87799    9.82934  299.79718     7.2037   15.47055 6.8499e+01     0.4708     0.3741 0.0000e+00
        341 133.718205    0.02358     1.4146     84.877     15.142  50021.352    31.4487     7.2029     15.000     7.1998    24.5958     6.4414     9.2054     93.647    280.769    287.674    0.00084    6.87840    9.82991  299.81484     7.2015   15.47140 5.9097e+01     0.5113     0.3745 0.0000e+00
        344 133.718215    0.02382     1.4289     85.735     16.151  50023.691    31.4494     7.2004     16.000     7.1982    24.5967     6.4443     9.2096     93.684    280.895    287.804    0.00082    6.87876    9.83043  299.83041     7.1989   15.47214 5.0601e+01     0.5440     0.3847 0.0000e+00
        347 133.718224    0.02406     1.4433     86.600     17.161  50025.630    31.4502     7.1997     17.000     7.1984    24.5974     6.4456     9.2114     93.702    280.949    287.860    0.00064    6.87883    9.83053  299.83332     7.1981   15.47228 4.3155e+01     0.5568     0.3936 0.0000e+00
        351 133.718235    0.02431     1.4585     87.510     18.170  50026.300    31.4503     7.2004     18.000     7.1990    24.5975     6.4457     9.2116     93.705    280.954    287.865    0.00044    6.87871    9.83036  299.82809     7.1988   15.47202 3.6544e+01     0.5782     0.3913 0.0000e+00
        355 133.718246    0.02457     1.4745     88.467     19.180  50026.484    31.4500     7.2006     19.000     7.1988    24.5972     6.4458     9.2116     93.706    280.955    287.866    0.00025    6.87870    9.83035  299.82778     7.1989   15.47201 3.0862e+01     0.5917     0.4181 0.0000e+00
        359 133.718258    0.02485     1.4913     89.480     20.190  50028.141    31.4507     7.2009     20.000     7.1998    24.5978     6.4458     9.2116     93.707    280.955    287.866    0.00010    6.87862    9.83023  299.82393     7.1991   15.47182 2.6544e+01     0.5955     0.3992 0.0000e+00
        363 133.718270    0.02513     1.5080     90.477     21.199  50028.583    31.4509     7.2026     21.000     7.2013    24.5976     6.4520     9.2204     93.801    281.226    288.143    0.00049    6.87833    9.82983  299.81179     7.2007   15.47124 2.2978e+01     0.5810     0.3674 0.0000e+00
        367 133.718281    0.02541     1.5246     91.475     22.209  50027.665    31.4499     7.2032     22.000     7.2012    24.5968     6.4571     9.2278     93.876    281.451    288.374    0.00079    6.87828    9.82975  299.80983     7.2012   15.47115 2.0231e+01     0.5676     0.3569 0.0000e+00
        371 133.718292    0.02567     1.5402     92.410     23.218  50028.480    31.4500     7.2033     23.000     7.2015    24.5969     6.4559     9.2262     93.860    281.400    288.321    0.00043    6.87825    9.82971  299.80853     7.2014   15.47110 1.7900e+01     0.5554     0.3627 0.0000e+00
        374 133.718302    0.02592     1.5552     93.311     24.228  50028.818    31.4499     7.2037     24.000     7.2016    24.5967     6.4553     9.2253     93.852    281.374    288.295    0.00019    6.87821    9.82966  299.80681     7.2015   15.47101 1.5867e+01     0.5419     0.3582 0.0000e+00
        378 133.718312    0.02616     1.5697     94.183     25.237  50029.428    31.4498     7.2039     25.000     7.2017    24.5967     6.4596     9.2313     93.914    281.559    288.484    0.00037    6.87818    9.82961  299.80532     7.2017   15.47094 1.4133e+01     0.5260     0.3534 0.0000e+00
        381 133.718323    0.02641     1.5844     95.062     26.247  50029.382    31.4493     7.2038     26.000     7.2012    24.5963     6.4632     9.2366     93.966    281.718    288.647    0.00057    6.87822    9.82966  299.80696     7.2015   15.47102 1.2572e+01     0.5391     0.3560 0.0000e+00
        385 133.718333    0.02666     1.5993     95.957     27.256  50030.492    31.4496     7.2035     27.000     7.2011    24.5966     6.4633     9.2368     93.968    281.723    288.653    0.00036    6.87826    9.82972  299.80874     7.2011   15.47110 1.1185e+01     0.5457     0.3727 0.0000e+00
        389 133.718344    0.02691     1.6146     96.875     28.266  50031.484    31.4499     7.2039     28.000     7.2014    24.5968     6.4649     9.2390     93.991    281.791    288.722    0.00031    6.87819    9.82961  299.80548     7.2014   15.47095 9.9318e+00     0.5428     0.3793 0.0000e+00
        392 133.718354    0.02717     1.6301     97.809     29.276  50031.437    31.4494     7.2039     29.000     7.2010    24.5964     6.4667     9.2416     94.018    281.871    288.804    0.00032    6.87821    9.82965  299.80652     7.2013   15.47100 8.8530e+00     0.5369     0.3803 0.0000e+00
        396 133.718365    0.02744     1.6462     98.770     30.286  50032.046    31.4493     7.2035     30.000     7.2005    24.5964     6.4692     9.2450     94.052    281.976    288.912    0.00034    6.87827    9.82974  299.80930     7.2008   15.47113 7.9206e+00     0.5236     0.3816 0.0000e+00
        400 133.718377    0.02770     1.6620     99.722     31.295  50032.241    31.4489     7.2029     31.000     7.1996    24.5961     6.4713     9.2482     94.082    282.071    289.009    0.00039    6.87839    9.82989  299.81425     7.2001   15.47137 7.1222e+00     0.5141     0.3674 0.0000e+00
        404 133.718387    0.02796     1.6777    100.660     32.304  50033.150    31.4488     7.2018     32.000     7.1987    24.5963     6.4700     9.2463     94.061    282.015    288.951    0.00011    6.87855    9.83013  299.82142     7.1990   15.47171 6.4254e+00     0.5212     0.3700 0.0000e+00
        407 133.718398    0.02822     1.6931    101.583     33.314  50035.033    31.4497     7.2017     33.000     7.1992    24.5970     6.4696     9.2458     94.056    281.998    288.935   -0.00004    6.87853    9.83011  299.82029     7.1988   15.47165 5.7914e+00     0.5340     0.3999 0.0000e+00
        411 133.718409    0.02847     1.7083    102.495     34.324  50035.838    31.4499     7.2027     34.000     7.2002    24.5971     6.4707     9.2473     94.073    282.044    288.981 -2.605e-07    6.87836    9.82987  299.81312     7.1997   15.47132 5.2106e+00     0.5653     0.4137 0.0000e+00
        415 133.718419    0.02872     1.7231    103.385     35.333  50035.575    31.4494     7.2035     35.000     7.2004    24.5966     6.4720     9.2491     94.093    282.101    289.039    0.00005    6.87826    9.82972  299.80893     7.2004   15.47112 4.6906e+00     0.5552     0.4036 0.0000e+00
        418 133.718429    0.02896     1.7377    104.263     36.343  50035.285    31.4487     7.2035     36.000     7.1997    24.5961     6.4715     9.2484     94.086    282.078    289.016   -0.00005    6.87830    9.82978  299.81089     7.2002   15.47121 4.2293e+00     0.5371     0.3774 0.0000e+00
        421 133.718439    0.02920     1.7521    105.124     37.352  50034.870    31.4478     7.2025     37.000     7.1983    24.5955     6.4702     9.2466     94.064    282.023    288.960   -0.00024    6.87849    9.83006  299.81949     7.1992   15.47163 3.8234e+00     0.5272     0.3756 0.0000e+00
        425 133.718449    0.02943     1.7662    105.974     38.362  50034.654    31.4469     7.2009     38.000     7.1966    24.5950     6.4698     9.2460     94.054    282.004    288.940   -0.00031    6.87879    9.83048  299.83244     7.1975   15.47225 3.4554e+00     0.5247     0.3880 0.0000e+00
        428 133.718459    0.02966     1.7799    106.797     39.372  50036.550    31.4476     7.1999     39.000     7.1962    24.5956     6.4694     9.2454     94.047    281.987    288.923   -0.00037    6.87892    9.83066  299.83758     7.1964   15.47249 3.1166e+00     0.5249     0.3864 0.0000e+00
        431 133.718468    0.02989     1.7935    107.610     40.381  50036.502    31.4471     7.1996     40.000     7.1958    24.5953     6.4703     9.2467     94.059    282.026    288.963   -0.00030    6.87899    9.83077  299.84111     7.1960   15.47266 2.8076e+00     0.5185     0.3784 0.0000e+00
        435 133.718477    0.03012     1.8070    108.422     41.391  50040.111    31.4492     7.1998     41.000     7.1973    24.5969     6.4720     9.2492     94.086    282.102    289.040   -0.00015    6.87886    9.83057  299.83469     7.1961   15.47235 2.5206e+00     0.5262     0.3822 0.0000e+00
        438 133.718487    0.03035     1.8205    109.233     42.400  50040.812    31.4496     7.2018     42.000     7.1988    24.5969     6.4725     9.2499     94.097    282.122    289.062   -0.00009    6.87852    9.83009  299.82003     7.1981   15.47165 2.2575e+00     0.5310     0.3735 0.0000e+00
        441 133.718496    0.03057     1.8342    110.055     43.410  50039.958    31.4486     7.2029     43.000     7.1990    24.5961     6.4733     9.2509     94.110    282.156    289.096   -0.00009    6.87839    9.82990  299.81469     7.1990   15.47139 2.0173e+00     0.5311     0.3708 0.0000e+00
        445 133.718506    0.03080     1.8480    110.877     44.420  50040.296    31.4484     7.2028     44.000     7.1987    24.5960     6.4758     9.2546     94.147    282.267    289.210    0.00006    6.87842    9.82994  299.81583     7.1988   15.47145 1.7995e+00     0.5320     0.3770 0.0000e+00
        448 133.718515    0.03102     1.8614    111.686     45.429  50041.288    31.4486     7.2027     45.000     7.1988    24.5962     6.4780     9.2578     94.179    282.364    289.309    0.00019    6.87841    9.82994  299.81560     7.1987   15.47144 1.6004e+00     0.5352     0.3687 0.0000e+00
        451 133.718524    0.03125     1.8748    112.488     46.439  50041.867    31.4486     7.2030     46.000     7.1988    24.5961     6.4771     9.2565     94.166    282.323    289.268    0.00004    6.87838    9.82989  299.81418     7.1989   15.47137 1.4225e+00     0.5422     0.3570 0.0000e+00
        454 133.718533    0.03147     1.8880    113.280     47.448  50042.380    31.4485     7.2030     47.000     7.1987    24.5960     6.4756     9.2544     94.145    282.260    289.203   -0.00021    6.87838    9.82990  299.81425     7.1988   15.47138 1.2661e+00     0.5495     0.3719 0.0000e+00
        457 133.718543    0.03169     1.9013    114.077     48.458  50043.414    31.4488     7.2030     48.000     7.1989    24.5963     6.4779     9.2576     94.178    282.359    289.303   -0.00009    6.87836    9.82987  299.81342     7.1987   15.47134 1.1280e+00     0.5490     0.3722 0.0000e+00
        461 133.718552    0.03191     1.9147    114.883     49.468  50044.011    31.4488     7.2035     49.000     7.1992    24.5963     6.4822     9.2637     94.241    282.545    289.495    0.00024    6.87830    9.82978  299.81062     7.1990   15.47120 1.0048e+00     0.5412     0.3575 0.0000e+00
        464 133.718561    0.03214     1.9284    115.702     50.477  50043.882    31.4483     7.2037     50.000     7.1989    24.5959     6.4848     9.2674     94.280    282.659    289.611    0.00036    6.87827    9.82975  299.80976     7.1993   15.47116 8.9307e-01     0.5366     0.3635 0.0000e+00
        467 133.718571    0.03237     1.9424    116.547     51.488  50041.692    31.4461     7.2029     51.000     7.1967    24.5943     6.4846     9.2672     94.274    282.654    289.606    0.00021    6.87851    9.83008  299.82036     7.1983   15.47168 7.9217e-01     0.5376     0.3742 0.0000e+00
        471 133.718581    0.03262     1.9572    117.433     52.497  50042.084    31.4455     7.2002     52.000     7.1941    24.5941     6.4824     9.2641     94.235    282.558    289.507   -0.00013    6.87897    9.83073  299.84030     7.1955   15.47263 7.0195e-01     0.5293     0.4119 0.0000e+00
        474 133.718592    0.03288     1.9725    118.347     53.507  50042.873    31.4452     7.1977     53.000     7.1918    24.5942     6.4792     9.2594     94.183    282.414    289.360   -0.00046    6.87936    9.83130  299.85767     7.1930   15.47346 6.2130e-01     0.5331     0.4514 0.0000e+00
