CTD-processing/allCTD/CNV/2016_02-16_t7_s17_cast148_5028.cnv
* Sea-Bird SBE19plus Data File:
* FileName = C:\Users\Kris.Holderied\Documents\kasitsna\Research-KBL\Oceanography-AK\CTD-Data-ALL-to-2016-02\2016-CTD-KachemakBay-CookInlet\2016-02-CookInlet-quarterly\2016-02-16-CookInlet-Tran7-Augustine\2016-02-16-CookInlet-Tran7-cast148.hex
* Software Version 1.59
* Temperature SN =  5028
* Conductivity SN =  5028
* System UpLoad Time = Feb 16 2016 10:39:28
** Cook Inlet LTM Tran7 Augustine East to West

** Date: 02-16
** Station: 7-17
** Start time (AKST): 01:46
** Depth (m): 84
** Comment:  R/V Pandalus
** Comment:
# nquan = 27
# nvalues = 86                          
# units = specified
# name 0 = scan: Scan Count
# name 1 = timeJ: Julian Days
# name 2 = timeH: Time, Elapsed [hours]
# name 3 = timeM: Time, Elapsed [minutes]
# name 4 = timeS: Time, Elapsed [seconds]
# name 5 = prdM: Pressure, Strain Gauge [db]
# name 6 = specc: Specific Conductance [uS/cm]
# name 7 = sal00: Salinity, Practical [PSU]
# name 8 = tv290C: Temperature [ITS-90, deg C]
# name 9 = depSM: Depth [salt water, m], lat = 59.00
# name 10 = potemp090C: Potential Temperature [ITS-90, deg C]
# name 11 = sigma-é00: Density [sigma-theta, kg/m^3]
# name 12 = sbeox0ML/L: Oxygen, SBE 43 [ml/l]
# name 13 = sbeox0Mg/L: Oxygen, SBE 43 [mg/l]
# name 14 = sbeox0PS: Oxygen, SBE 43 [% saturation]
# name 15 = sbox0Mm/Kg: Oxygen, SBE 43 [umol/kg]
# name 16 = sbeox0Mm/L: Oxygen, SBE 43 [umol/l]
# name 17 = sbox0dV/dT: Oxygen, SBE 43 [dov/dt]
# name 18 = oxsolML/L: Oxygen Saturation, Garcia & Gordon [ml/l]
# name 19 = oxsolMg/L: Oxygen Saturation, Garcia & Gordon [mg/l]
# name 20 = oxsolMm/Kg: Oxygen Saturation, Garcia & Gordon [umol/kg]
# name 21 = potemp090C: Potential Temperature [ITS-90, deg C]
# name 22 = n2satMg/L: Nitrogen Saturation [mg/l]
# name 23 = par: PAR/Irradiance, Biospherical/Licor
# name 24 = flECO-AFL: Fluorescence, WET Labs ECO-AFL/FL [mg/m^3]
# name 25 = turbWETntu0: Turbidity, WET Labs ECO [NTU]
# name 26 = flag: flag
# span 0 =        131,        607       
# span 1 =  47.074208,  47.075585       
# span 2 =    0.00904,    0.04207       
# span 3 =     0.5426,     2.5246       
# span 4 =     32.554,    151.473       
# span 5 =      1.010,     86.830       
# span 6 =  49711.019,  50506.885       
# span 7 =    31.1007,    31.6341       
# span 8 =     6.2460,     6.3569       
# span 9 =      1.000,     86.000       
# span 10 =     6.2797,     6.3500      
# span 11 =    24.4426,    24.8524      
# span 12 =     5.5359,     6.3978      
# span 13 =     7.9114,     9.1431      
# span 14 =     78.997,     91.295      
# span 15 =    241.236,    278.805      
# span 16 =    247.235,    285.725      
# span 17 =   -0.00049,    0.04541      
# span 18 =    7.00783,    7.05150      
# span 19 =   10.01488,   10.07729      
# span 20 =  305.38948,  307.42884      
# span 21 =     6.2460,     6.3498      
# span 22 =   15.73663,   15.83578      
# span 23 = 3.7825e-02, 9.2531e-02      
# span 24 =     0.1244,     0.1563      
# span 25 =     0.4661,     0.9108      
# span 26 = 0.0000e+00, 0.0000e+00      
# interval = meters: 1                  
# start_time = Feb 16 2016 01:46:19 [Instrument's time stamp, header]
# bad_flag = -9.990e-29
*END*
        131  47.074208    0.00904     0.5426     32.554      1.010  49711.019    31.1007     6.2460      1.000     6.2797    24.4426     5.9062     8.4405     83.738    257.500    263.769    0.00388    7.05150   10.07729  307.42884     6.2460   15.83578 9.1674e-02     0.1373     0.9108 0.0000e+00
        282  47.074644    0.01950     1.1702     70.215      2.019  50506.885    31.6341     6.3418      2.000     6.3438    24.8524     5.5359     7.9114     78.997    241.236    247.235    0.01069    7.00820   10.01542  305.39399     6.3416   15.73668 6.4350e-02     0.1472     0.4739 0.0000e+00
        273  47.074617    0.01886     1.1315     67.888      3.029  50429.159    31.5829     6.3411      3.000     6.3420    24.8120     5.9571     8.5134     84.969    259.605    266.046    0.03644    7.01096   10.01936  305.52871     6.3408   15.74330 4.3648e-02     0.1394     0.4931 0.0000e+00
        279  47.074635    0.01930     1.1581     69.488      4.037  50430.901    31.5840     6.3431      4.000     6.3425    24.8126     6.2575     8.9427     89.258    272.695    279.462    0.04541    7.01059   10.01883  305.51233     6.3428   15.74252 3.7825e-02     0.1497     0.4818 0.0000e+00
        284  47.074650    0.01965     1.1789     70.737      5.047  50432.623    31.5847     6.3427      5.000     6.3422    24.8132     6.2434     8.9224     89.056    272.079    278.830    0.02981    7.01063   10.01888  305.51381     6.3422   15.74259 3.7993e-02     0.1317     0.4766 0.0000e+00
        289  47.074664    0.01999     1.1992     71.954      6.057  50433.762    31.5849     6.3426      6.000     6.3422    24.8134     6.2342     8.9094     88.926    271.679    278.421    0.01958    7.01062   10.01887  305.51342     6.3421   15.74257 3.7978e-02     0.1344     0.4922 0.0000e+00
        294  47.074678    0.02033     1.2194     73.162      7.066  50434.728    31.5852     6.3429      7.000     6.3424    24.8136     6.2351     8.9105     88.938    271.715    278.458    0.01340    7.01056   10.01879  305.51070     6.3423   15.74244 3.7976e-02     0.1437     0.5080 0.0000e+00
        299  47.074694    0.02070     1.2421     74.528      8.075  50435.170    31.5851     6.3431      8.000     6.3423    24.8135     6.2457     8.9258     89.091    272.182    278.936    0.00948    7.01054   10.01876  305.50992     6.3424   15.74240 3.7976e-02     0.1414     0.5040 0.0000e+00
        305  47.074711    0.02110     1.2663     75.976      9.085  50436.570    31.5856     6.3431      9.000     6.3427    24.8139     6.2628     8.9502     89.334    272.924    279.697    0.00720    7.01051   10.01872  305.50848     6.3424   15.74233 3.7976e-02     0.1354     0.4661 0.0000e+00
        310  47.074724    0.02143     1.2856     77.138     10.095  50437.128    31.5857     6.3441     10.000     6.3436    24.8139     6.2758     8.9688     89.523    273.493    280.279    0.00596    7.01035   10.01848  305.50121     6.3433   15.74199 3.7979e-02     0.1540     0.4755 0.0000e+00
        314  47.074736    0.02171     1.3024     78.146     11.104  50437.373    31.5855     6.3447     11.000     6.3438    24.8136     6.2825     8.9783     89.618    273.782    280.575    0.00487    7.01026   10.01836  305.49759     6.3438   15.74182 3.8002e-02     0.1488     0.4864 0.0000e+00
        318  47.074747    0.02199     1.3198     79.190     12.114  50438.014    31.5854     6.3447     12.000     6.3436    24.8136     6.2913     8.9909     89.744    274.167    280.969    0.00408    7.01026   10.01837  305.49776     6.3436   15.74182 3.8179e-02     0.1417     0.4868 0.0000e+00
        322  47.074761    0.02230     1.3382     80.293     13.123  50439.429    31.5860     6.3452     13.000     6.3446    24.8141     6.2962     8.9978     89.815    274.378    281.187    0.00329    7.01016   10.01822  305.49313     6.3441   15.74160 4.0149e-02     0.1500     0.4903 0.0000e+00
        326  47.074772    0.02259     1.3553     81.317     14.133  50439.293    31.5856     6.3460     14.000     6.3449    24.8136     6.3009     9.0046     89.884    274.586    281.399    0.00266    7.01003   10.01804  305.48790     6.3449   15.74135 5.6055e-02     0.1517     0.4785 0.0000e+00
        330  47.074783    0.02285     1.3711     82.266     15.141  50439.879    31.5856     6.3460     15.000     6.3446    24.8136     6.3084     9.0154     89.992    274.914    281.736    0.00253    7.01004   10.01804  305.48806     6.3448   15.74136 9.2531e-02     0.1396     0.4841 0.0000e+00
        334  47.074793    0.02310     1.3857     83.141     16.151  50441.007    31.5859     6.3459     16.000     6.3448    24.8138     6.3149     9.0247     90.085    275.197    282.026    0.00237    7.01002   10.01803  305.48742     6.3446   15.74133 8.3526e-02     0.1305     0.4985 0.0000e+00
        337  47.074803    0.02332     1.3994     83.965     17.161  50441.805    31.5860     6.3463     17.000     6.3451    24.8139     6.3236     9.0371     90.209    275.576    282.414    0.00245    7.00997   10.01794  305.48485     6.3449   15.74121 6.8689e-02     0.1295     0.4998 0.0000e+00
        340  47.074813    0.02356     1.4138     84.830     18.170  50442.461    31.5860     6.3466     18.000     6.3451    24.8139     6.3317     9.0486     90.324    275.926    282.772    0.00249    7.00992   10.01788  305.48292     6.3451   15.74112 5.8761e-02     0.1437     0.5022 0.0000e+00
        344  47.074824    0.02385     1.4307     85.843     19.180  50442.964    31.5860     6.3467     19.000     6.3452    24.8139     6.3365     9.0555     90.393    276.137    282.988    0.00217    7.00990   10.01785  305.48192     6.3452   15.74107 5.2114e-02     0.1548     0.5059 0.0000e+00
        349  47.074837    0.02416     1.4492     86.954     20.189  50443.431    31.5858     6.3468     20.000     6.3450    24.8137     6.3373     9.0567     90.406    276.173    283.027    0.00153    7.00990   10.01784  305.48191     6.3451   15.74107 4.8162e-02     0.1494     0.5038 0.0000e+00
        353  47.074849    0.02443     1.4656     87.938     21.199  50444.114    31.5858     6.3466     21.000     6.3448    24.8137     6.3412     9.0622     90.460    276.340    283.197    0.00133    7.00992   10.01787  305.48266     6.3449   15.74110 4.6225e-02     0.1481     0.5122 0.0000e+00
        356  47.074859    0.02466     1.4799     88.796     22.209  50444.738    31.5857     6.3465     22.000     6.3445    24.8137     6.3465     9.0698     90.536    276.571    283.434    0.00138    7.00995   10.01792  305.48419     6.3447   15.74117 4.5027e-02     0.1449     0.5021 0.0000e+00
        360  47.074869    0.02491     1.4949     89.693     23.218  50445.200    31.5855     6.3462     23.000     6.3440    24.8135     6.3506     9.0756     90.593    276.750    283.618    0.00132    7.01001   10.01800  305.48656     6.3443   15.74129 4.4046e-02     0.1421     0.4769 0.0000e+00
        364  47.074882    0.02523     1.5136     90.816     24.228  50446.595    31.5858     6.3455     24.000     6.3434    24.8139     6.3560     9.0833     90.668    276.984    283.857    0.00127    7.01011   10.01815  305.49110     6.3435   15.74151 4.3170e-02     0.1424     0.4808 0.0000e+00
        369  47.074896    0.02556     1.5337     92.021     25.237  50448.562    31.5868     6.3461     25.000     6.3446    24.8147     6.3588     9.0874     90.711    277.107    283.983    0.00104    7.00996   10.01794  305.48439     6.3440   15.74118 4.2464e-02     0.1347     0.4712 0.0000e+00
        373  47.074908    0.02585     1.5510     93.061     26.247  50448.337    31.5864     6.3470     26.000     6.3450    24.8142     6.3615     9.0912     90.751    277.225    284.104    0.00092    7.00982   10.01774  305.47846     6.3449   15.74089 4.1965e-02     0.1244     0.4829 0.0000e+00
        377  47.074918    0.02609     1.5657     93.944     27.256  50448.507    31.5861     6.3471     27.000     6.3448    24.8140     6.3638     9.0945     90.785    277.327    284.208    0.00081    7.00982   10.01774  305.47866     6.3450   15.74091 4.1615e-02     0.1272     0.4889 0.0000e+00
        380  47.074928    0.02631     1.5786     94.716     28.266  50449.349    31.5861     6.3469     28.000     6.3445    24.8140     6.3670     9.0991     90.830    277.466    284.351    0.00082    7.00986   10.01779  305.48005     6.3446   15.74097 4.1315e-02     0.1331     0.4862 0.0000e+00
        383  47.074936    0.02652     1.5913     95.476     29.276  50450.502    31.5864     6.3469     29.000     6.3446    24.8143     6.3704     9.1038     90.877    277.611    284.500    0.00086    7.00985   10.01777  305.47957     6.3445   15.74095 4.1041e-02     0.1328     0.4825 0.0000e+00
        386  47.074946    0.02677     1.6057     96.343     30.286  50450.890    31.5862     6.3471     30.000     6.3445    24.8141     6.3725     9.1069     90.908    277.705    284.596    0.00078    7.00982   10.01774  305.47851     6.3446   15.74090 4.0842e-02     0.1290     0.4758 0.0000e+00
        391  47.074959    0.02707     1.6245     97.471     31.296  50451.498    31.5861     6.3468     31.000     6.3442    24.8141     6.3728     9.1074     90.913    277.720    284.611    0.00053    7.00987   10.01781  305.48073     6.3442   15.74101 4.0651e-02     0.1343     0.4770 0.0000e+00
        396  47.074975    0.02745     1.6471     98.824     32.305  50452.996    31.5868     6.3474     32.000     6.3450    24.8146     6.3701     9.1035     90.874    277.600    284.488    0.00006    7.00976   10.01764  305.47547     6.3447   15.74076 4.0268e-02     0.1415     0.4838 0.0000e+00
        401  47.074988    0.02776     1.6657     99.942     33.314  50453.220    31.5866     6.3480     33.000     6.3452    24.8143     6.3725     9.1069     90.910    277.704    284.595    0.00016    7.00966   10.01751  305.47166     6.3452   15.74058 3.9955e-02     0.1470     0.5124 0.0000e+00
        405  47.074999    0.02803     1.6814    100.885     34.324  50454.021    31.5867     6.3480     34.000     6.3452    24.8144     6.3745     9.1098     90.939    277.792    284.685    0.00023    7.00965   10.01750  305.47110     6.3452   15.74055 3.9691e-02     0.1407     0.4961 0.0000e+00
        408  47.075010    0.02828     1.6973    101.838     35.333  50454.938    31.5869     6.3482     35.000     6.3453    24.8146     6.3759     9.1118     90.959    277.853    284.747    0.00021    7.00962   10.01745  305.46956     6.3453   15.74047 3.9486e-02     0.1312     0.4872 0.0000e+00
        412  47.075020    0.02855     1.7129    102.774     36.343  50455.647    31.5869     6.3484     36.000     6.3454    24.8146     6.3767     9.1129     90.971    277.887    284.782    0.00018    7.00958   10.01739  305.46767     6.3454   15.74038 3.9183e-02     0.1321     0.5049 0.0000e+00
        416  47.075031    0.02881     1.7285    103.708     37.353  50456.235    31.5869     6.3486     37.000     6.3455    24.8145     6.3778     9.1145     90.987    277.935    284.832    0.00013    7.00955   10.01735  305.46676     6.3455   15.74034 3.8758e-02     0.1307     0.4919 0.0000e+00
        420  47.075043    0.02909     1.7452    104.710     38.362  50456.833    31.5868     6.3486     38.000     6.3455    24.8145     6.3792     9.1165     91.007    277.997    284.895    0.00019    7.00955   10.01735  305.46647     6.3455   15.74033 3.8690e-02     0.1436     0.4868 0.0000e+00
        424  47.075054    0.02936     1.7615    105.689     39.372  50457.746    31.5871     6.3488     39.000     6.3458    24.8146     6.3759     9.1118     90.961    277.853    284.748   -0.00019    7.00951   10.01729  305.46476     6.3456   15.74025 3.9204e-02     0.1466     0.4876 0.0000e+00
        427  47.075065    0.02960     1.7762    106.574     40.381  50458.539    31.5872     6.3494     40.000     6.3464    24.8147     6.3785     9.1155     90.999    277.965    284.863   -0.00006    7.00941   10.01715  305.46032     6.3461   15.74003 3.9676e-02     0.1462     0.4990 0.0000e+00
        431  47.075075    0.02986     1.7920    107.517     41.391  50458.953    31.5872     6.3500     41.000     6.3468    24.8146     6.3820     9.1205     91.051    278.119    285.021    0.00022    7.00931   10.01700  305.45601     6.3466   15.73983 3.9098e-02     0.1439     0.5101 0.0000e+00
        435  47.075088    0.03016     1.8096    108.575     42.400  50459.672    31.5873     6.3506     42.000     6.3474    24.8146     6.3824     9.1210     91.057    278.133    285.035    0.00012    7.00919   10.01684  305.45091     6.3472   15.73958 3.8682e-02     0.1524     0.5335 0.0000e+00
        440  47.075100    0.03047     1.8282    109.691     43.410  50459.961    31.5871     6.3510     43.000     6.3474    24.8144     6.3829     9.1217     91.065    278.156    285.059    0.00007    7.00914   10.01675  305.44845     6.3475   15.73947 3.8281e-02     0.1526     0.5034 0.0000e+00
        444  47.075114    0.03079     1.8478    110.866     44.420  50460.769    31.5871     6.3508     44.000     6.3469    24.8145     6.3834     9.1225     91.072    278.179    285.083    0.00004    7.00918   10.01682  305.45052     6.3471   15.73957 3.8016e-02     0.1543     0.4903 0.0000e+00
        449  47.075126    0.03108     1.8649    111.895     45.430  50461.924    31.5874     6.3504     45.000     6.3466    24.8148     6.3807     9.1187     91.033    278.063    284.963   -0.00025    7.00923   10.01688  305.45226     6.3467   15.73965 3.7980e-02     0.1489     0.5017 0.0000e+00
        452  47.075136    0.03131     1.8787    112.724     46.439  50462.747    31.5875     6.3504     46.000     6.3464    24.8149     6.3805     9.1184     91.030    278.054    284.954   -0.00031    7.00923   10.01689  305.45258     6.3466   15.73967 3.7977e-02     0.1478     0.5109 0.0000e+00
        455  47.075145    0.03153     1.8917    113.504     47.449  50463.705    31.5876     6.3503     47.000     6.3464    24.8150     6.3833     9.1224     91.070    278.175    285.078   -0.00010    7.00924   10.01691  305.45277     6.3464   15.73967 3.7976e-02     0.1464     0.5142 0.0000e+00
        458  47.075154    0.03176     1.9056    114.335     48.459  50465.139    31.5882     6.3505     48.000     6.3469    24.8154     6.3864     9.1267     91.114    278.307    285.214    0.00012    7.00917   10.01680  305.44970     6.3466   15.73952 3.7976e-02     0.1437     0.4937 0.0000e+00
        462  47.075165    0.03202     1.9213    115.277     49.469  50465.906    31.5884     6.3511     49.000     6.3472    24.8155     6.3864     9.1269     91.117    278.312    285.219    0.00007    7.00907   10.01666  305.44529     6.3471   15.73931 3.7976e-02     0.1536     0.5022 0.0000e+00
        466  47.075178    0.03231     1.9390    116.339     50.478  50466.249    31.5882     6.3513     50.000     6.3471    24.8154     6.3855     9.1256     91.104    278.273    285.179   -0.00010    7.00905   10.01664  305.44448     6.3471   15.73928 3.7976e-02     0.1543     0.4990 0.0000e+00
        471  47.075191    0.03264     1.9584    117.507     51.487  50466.703    31.5880     6.3512     51.000     6.3470    24.8152     6.3867     9.1272     91.121    278.324    285.230   -0.00005    7.00906   10.01665  305.44509     6.3470   15.73931 3.7976e-02     0.1528     0.5248 0.0000e+00
        475  47.075203    0.03293     1.9758    118.550     52.497  50467.990    31.5885     6.3514     52.000     6.3473    24.8156     6.3892     9.1309     91.158    278.435    285.345    0.00008    7.00901   10.01658  305.44289     6.3471   15.73920 3.7976e-02     0.1441     0.5571 0.0000e+00
        479  47.075214    0.03319     1.9912    119.471     53.507  50469.334    31.5890     6.3518     53.000     6.3477    24.8160     6.3915     9.1340     91.190    278.531    285.443    0.00021    7.00892   10.01645  305.43877     6.3475   15.73900 3.7976e-02     0.1450     0.5339 0.0000e+00
