CTD-processing/allCTD/CNV/2016_07-29_subbays_tutka08_cast036_5028.cnv
* Sea-Bird SBE19plus Data File:
* FileName = C:\Users\Kris.Holderied\Documents\kasitsna\Research-KBL\Oceanography-AK\CTD-Data-ALL-to-2016-05\2016-CTD-KachemakBay-CookInlet\2016-07-29-KachemakBay-Plankton\2016-07-29-KachemakBay-Plankton-cast036.hex
* Software Version 1.59
* Temperature SN =  5028
* Conductivity SN =  5028
* System UpLoad Time = Aug 05 2016 20:03:31
** Kachemak Bay CTDs for sub-bay plankton sampling
** Date (YYYY-MM-DD): 2016-07-29
** Station (eg. 9-01):  Tutka08
** Start time (AKDT): 12:26
** Depth (m): 56.4
** Comment:  R/V Edgecumbe.  Sampling to evaluate sub-bay water column.
** Comment:
# nquan = 27
# nvalues = 47                          
# units = specified
# name 0 = scan: Scan Count
# name 1 = timeJ: Julian Days
# name 2 = timeH: Time, Elapsed [hours]
# name 3 = timeM: Time, Elapsed [minutes]
# name 4 = timeS: Time, Elapsed [seconds]
# name 5 = prdM: Pressure, Strain Gauge [db]
# name 6 = specc: Specific Conductance [uS/cm]
# name 7 = sal00: Salinity, Practical [PSU]
# name 8 = tv290C: Temperature [ITS-90, deg C]
# name 9 = depSM: Depth [salt water, m], lat = 59.00
# name 10 = potemp090C: Potential Temperature [ITS-90, deg C]
# name 11 = sigma-é00: Density [sigma-theta, kg/m^3]
# name 12 = sbeox0ML/L: Oxygen, SBE 43 [ml/l]
# name 13 = sbeox0Mg/L: Oxygen, SBE 43 [mg/l]
# name 14 = sbeox0PS: Oxygen, SBE 43 [% saturation]
# name 15 = sbox0Mm/Kg: Oxygen, SBE 43 [umol/kg]
# name 16 = sbeox0Mm/L: Oxygen, SBE 43 [umol/l]
# name 17 = sbox0dV/dT: Oxygen, SBE 43 [dov/dt]
# name 18 = oxsolML/L: Oxygen Saturation, Garcia & Gordon [ml/l]
# name 19 = oxsolMg/L: Oxygen Saturation, Garcia & Gordon [mg/l]
# name 20 = oxsolMm/Kg: Oxygen Saturation, Garcia & Gordon [umol/kg]
# name 21 = potemp090C: Potential Temperature [ITS-90, deg C]
# name 22 = n2satMg/L: Nitrogen Saturation [mg/l]
# name 23 = par: PAR/Irradiance, Biospherical/Licor
# name 24 = flECO-AFL: Fluorescence, WET Labs ECO-AFL/FL [mg/m^3]
# name 25 = turbWETntu0: Turbidity, WET Labs ECO [NTU]
# name 26 = flag: flag
# span 0 =        375,        513       
# span 1 = 211.519878, 211.520278       
# span 2 =    0.02596,    0.03557       
# span 3 =     1.5578,     2.1340       
# span 4 =     93.465,    128.038       
# span 5 =      1.009,     47.449       
# span 6 =  41399.081,  49599.201       
# span 7 =    26.0711,    31.5245       
# span 8 =     9.6398,    12.3757       
# span 9 =      1.000,     47.000       
# span 10 =     9.6378,    12.2426      
# span 11 =    19.6006,    24.2783      
# span 12 =     5.7148,     7.1760      
# span 13 =     8.1670,    10.2553      
# span 14 =     88.038,    112.993      
# span 15 =    249.173,    314.326      
# span 16 =    255.222,    320.482      
# span 17 =   -0.06292,    0.00055      
# span 18 =    6.30389,    6.51677      
# span 19 =    9.00888,    9.31312      
# span 20 =  275.48123,  284.17990      
# span 21 =     9.6381,    12.3756      
# span 22 =   14.31809,   14.72516      
# span 23 = 1.3304e-01, 1.3683e+02      
# span 24 =     0.1579,     1.6172      
# span 25 =     0.2589,     1.1040      
# span 26 = 0.0000e+00, 0.0000e+00      
# interval = meters: 1                  
# start_time = Jul 29 2016 12:27:04 [Instrument's time stamp, header]
# bad_flag = -9.990e-29
*END*
        375 211.519878    0.02596     1.5578     93.465      1.009  41399.081    26.0711    12.3757      1.000    12.2426    19.6006     7.1760    10.2553    112.993    314.326    320.482    0.00055    6.35089    9.07605  278.18200    12.3756   14.45943 1.3683e+02     1.0768     1.1040 0.0000e+00
        379 211.519891    0.02627     1.5759     94.557      2.019  45669.428    29.0104    11.8556      2.000    11.4781    21.9684     7.0570    10.0851    111.951    308.394    315.163   -0.00519    6.30389    9.00888  275.48123    11.8554   14.31809 9.4260e+01     1.4194     0.8120 0.0000e+00
        383 211.519901    0.02650     1.5900     95.398      3.029  47522.748    30.2490    11.2249      3.000    10.9315    23.0396     6.9874     9.9857    110.227    305.032    312.058   -0.01519    6.33967    9.06003  276.75305    11.2245   14.37401 7.9951e+01     1.6172     0.5511 0.0000e+00
        386 211.519909    0.02672     1.6028     96.170      4.038  48232.733    30.7043    10.8073      4.000    10.6393    23.4654     6.9556     9.9402    109.056    303.515    310.636   -0.02071    6.37831    9.11524  278.32378    10.8068   14.44740 7.3237e+01     1.4150     0.3924 0.0000e+00
        389 211.519918    0.02692     1.6152     96.912      5.047  48464.655    30.8403    10.5670      5.000    10.3963    23.6119     6.9515     9.9344    108.522    303.293    310.454   -0.01952    6.40593    9.15472  279.48958    10.5664   14.50266 6.6167e+01     1.0598     0.2995 0.0000e+00
        392 211.519927    0.02712     1.6275     97.648      6.057  48623.135    30.9205    10.3044      6.000    10.1150    23.7182     6.9130     9.8794    107.367    301.583    308.736   -0.02130    6.43931    9.20242  280.91667    10.3037   14.57064 5.8538e+01     0.7722     0.2597 0.0000e+00
        395 211.519935    0.02733     1.6398     98.386      7.066  48838.739    31.0399    10.0401      7.000     9.9129    23.8548     6.7887     9.7017    104.912    296.120    303.183   -0.03117    6.47156    9.24851  282.28585    10.0393   14.63567 5.0943e+01     0.6309     0.2589 0.0000e+00
        398 211.519944    0.02754     1.6522     99.134      8.076  49017.196    31.1436     9.8665      8.000     9.7941    23.9641     6.5846     9.4101    101.438    287.188    294.070   -0.04586    6.49182    9.27746  283.13953     9.8656   14.67609 4.3922e+01     0.5451     0.2728 0.0000e+00
        401 211.519953    0.02775     1.6650     99.898      9.085  49136.614    31.2147     9.7668      9.000     9.7269    24.0356     6.3644     9.0953     97.873    277.562    284.233   -0.05864    6.50303    9.29348  283.60852     9.7659   14.69824 3.7583e+01     0.5042     0.2995 0.0000e+00
        404 211.519961    0.02797     1.6779    100.671     10.095  49210.511    31.2594     9.7125     10.000     9.6940    24.0792     6.1976     8.8570     95.219    270.278    276.786   -0.06292    6.50893    9.30191  283.85367     9.7114   14.70979 3.2037e+01     0.4976     0.3323 0.0000e+00
        407 211.519970    0.02818     1.6905    101.433     11.104  49257.816    31.2894     9.6900     11.000     9.6791    24.1063     6.0983     8.7151     93.664    265.940    272.350   -0.05892    6.51089    9.30471  283.93160     9.6888   14.71340 2.7342e+01     0.4751     0.3511 0.0000e+00
        410 211.519979    0.02838     1.7030    102.180     12.113  49268.087    31.2939     9.6730     12.000     9.6552    24.1126     6.0426     8.6355     92.776    263.509    269.863   -0.05151    6.51314    9.30793  284.02817     9.6717   14.71799 2.3366e+01     0.4632     0.3721 0.0000e+00
        413 211.519987    0.02859     1.7154    102.924     13.123  49294.379    31.3091     9.6503     13.000     9.6411    24.1280     6.0093     8.5879     92.228    262.052    268.375   -0.04346    6.51575    9.31166  284.13768     9.6489   14.72317 2.0038e+01     0.4315     0.3808 0.0000e+00
        416 211.519996    0.02880     1.7277    103.663     14.133  49308.827    31.3175     9.6408     14.000     9.6378    24.1362     5.9833     8.5508     91.815    260.919    267.218   -0.03632    6.51677    9.31312  284.17990     9.6392   14.72516 1.7234e+01     0.3794     0.3721 0.0000e+00
        419 211.520005    0.02900     1.7400    104.398     15.142  49315.379    31.3216     9.6398     15.000     9.6403    24.1395     5.9623     8.5208     91.493    260.003    266.279   -0.03032    6.51675    9.31308  284.17777     9.6381   14.72504 1.4833e+01     0.3545     0.3620 0.0000e+00
        422 211.520013    0.02921     1.7522    105.133     16.152  49325.301    31.3288     9.6441     16.000     9.6501    24.1444     5.9485     8.5010     91.293    259.397    265.659   -0.02495    6.51583    9.31177  284.13652     9.6423   14.72304 1.2765e+01     0.3609     0.3644 0.0000e+00
        424 211.520021    0.02940     1.7645    105.871     17.161  49348.711    31.3464     9.6564     17.000     9.6739    24.1563     5.9396     8.4883     91.192    259.007    265.263   -0.01994    6.51332    9.30818  284.02378     9.6546   14.71758 1.0957e+01     0.3820     0.3640 0.0000e+00
        427 211.520030    0.02961     1.7769    106.612     18.171  49385.547    31.3761     9.6881     18.000     9.7182    24.1744     5.9328     8.4786     91.168    258.705    264.959   -0.01563    6.50756    9.29994  283.76725     9.6861   14.70519 9.3851e+00     0.4347     0.3482 0.0000e+00
        430 211.520039    0.02982     1.7892    107.349     19.180  49387.157    31.3828     9.7342     19.000     9.7543    24.1723     5.9334     8.4794     91.274    258.730    264.984   -0.01161    6.50066    9.29010  283.46762     9.7321   14.69083 7.9703e+00     0.6289     0.3513 0.0000e+00
        433 211.520047    0.03002     1.8014    108.081     20.190  49380.881    31.3818     9.7633     20.000     9.7717    24.1668     5.9415     8.4910     91.457    259.086    265.348   -0.00787    6.49655    9.28421  283.28935     9.7612   14.68231 6.6952e+00     0.8505     0.3692 0.0000e+00
        436 211.520056    0.03023     1.8135    108.813     21.199  49377.983    31.3811     9.7766     21.000     9.7762    24.1642     5.9485     8.5010     91.590    259.393    265.661   -0.00520    6.49468    9.28156  283.20921     9.7743   14.67848 5.5870e+00     1.0475     0.3903 0.0000e+00
        439 211.520065    0.03043     1.8258    109.549     22.208  49381.960    31.3836     9.7778     22.000     9.7719    24.1659     5.9464     8.4980     91.562    259.300    265.567   -0.00408    6.49440    9.28115  283.19631     9.7754   14.67785 4.6671e+00     1.1781     0.4003 0.0000e+00
        442 211.520072    0.03063     1.8382    110.292     23.218  49389.509    31.3878     9.7723     23.000     9.7663    24.1701     5.9336     8.4797     91.356    258.741    264.995   -0.00439    6.49502    9.28202  283.22188     9.7698   14.67906 3.9382e+00     1.0956     0.4031 0.0000e+00
        445 211.520081    0.03084     1.8506    111.035     24.228  49395.438    31.3909     9.7675     24.000     9.7625    24.1733     5.9149     8.4529     91.060    257.924    264.159   -0.00535    6.49556    9.28281  283.24480     9.7649   14.68014 3.3581e+00     0.9286     0.3929 0.0000e+00
        448 211.520090    0.03105     1.8629    111.774     25.237  49401.323    31.3942     9.7642     25.000     9.7591    24.1765     5.8948     8.4243     90.747    257.049    263.263   -0.00619    6.49591    9.28331  283.25914     9.7614   14.68081 2.8761e+00     0.7861     0.3798 0.0000e+00
        451 211.520098    0.03125     1.8752    112.510     26.246  49409.900    31.3994     9.7608     26.000     9.7556    24.1811     5.8759     8.3972     90.452    256.221    262.417   -0.00680    6.49617    9.28368  283.26936     9.7580   14.68128 2.4661e+00     0.7360     0.3868 0.0000e+00
        454 211.520107    0.03146     1.8873    113.241     27.257  49420.271    31.4059     9.7574     27.000     9.7524    24.1867     5.8619     8.3772     90.233    255.610    261.792   -0.00685    6.49639    9.28398  283.27702     9.7545   14.68162 2.1126e+00     0.7072     0.3911 0.0000e+00
        457 211.520116    0.03166     1.8995    113.967     28.267  49431.521    31.4129     9.7545     28.000     9.7493    24.1927     5.8511     8.3618     90.066    255.139    261.311   -0.00646    6.49651    9.28416  283.28058     9.7515   14.68176 1.8119e+00     0.6711     0.3924 0.0000e+00
        460 211.520124    0.03186     1.9114    114.686     29.276  49445.695    31.4220     9.7513     29.000     9.7454    24.2003     5.8395     8.3452     89.886    254.630    260.792   -0.00622    6.49659    9.28427  283.28199     9.7481   14.68179 1.5624e+00     0.6017     0.3938 0.0000e+00
        463 211.520132    0.03205     1.9234    115.403     30.285  49457.978    31.4298     9.7475     30.000     9.7418    24.2070     5.8275     8.3281     89.698    254.106    260.258   -0.00613    6.49681    9.28459  283.28980     9.7442   14.68214 1.3534e+00     0.5161     0.3981 0.0000e+00
        465 211.520140    0.03225     1.9353    116.118     31.294  49467.080    31.4354     9.7443     31.000     9.7394    24.2119     5.8153     8.3106     89.506    253.571    259.710   -0.00606    6.49703    9.28491  283.29817     9.7409   14.68251 1.1717e+00     0.4392     0.4078 0.0000e+00
        468 211.520149    0.03245     1.9472    116.829     32.304  49473.703    31.4394     9.7424     32.000     9.7384    24.2153     5.8015     8.2909     89.293    252.969    259.094   -0.00614    6.49713    9.28504  283.30136     9.7390   14.68265 1.0160e+00     0.3852     0.4252 0.0000e+00
        471 211.520156    0.03265     1.9589    117.535     33.314  49476.671    31.4410     9.7419     33.000     9.7382    24.2167     5.7883     8.2721     89.091    252.395    258.507   -0.00622    6.49714    9.28506  283.30153     9.7383   14.68265 8.8166e-01     0.3559     0.4396 0.0000e+00
        474 211.520165    0.03285     1.9707    118.244     34.324  49477.630    31.4412     9.7419     34.000     9.7383    24.2169     5.7773     8.2563     88.921    251.912    258.013   -0.00604    6.49713    9.28504  283.30103     9.7382   14.68263 7.6526e-01     0.3265     0.4468 0.0000e+00
        477 211.520174    0.03305     1.9827    118.963     35.333  49479.168    31.4419     9.7421     35.000     9.7384    24.2174     5.7663     8.2406     88.752    251.434    257.523   -0.00585    6.49707    9.28496  283.29821     9.7383   14.68249 6.6473e-01     0.2985     0.4491 0.0000e+00
        480 211.520181    0.03324     1.9948    119.685     36.343  49481.351    31.4430     9.7423     36.000     9.7385    24.2183     5.7571     8.2274     88.611    251.031    257.110   -0.00558    6.49698    9.28484  283.29446     9.7384   14.68231 5.7747e-01     0.2886     0.4512 0.0000e+00
        483 211.520190    0.03344     2.0068    120.409     37.352  49484.931    31.4452     9.7426     37.000     9.7387    24.2199     5.7523     8.2205     88.538    250.819    256.894   -0.00494    6.49687    9.28467  283.28878     9.7385   14.68203 5.0213e-01     0.2820     0.4569 0.0000e+00
        486 211.520199    0.03365     2.0189    121.133     38.362  49488.897    31.4476     9.7429     38.000     9.7388    24.2218     5.7508     8.2185     88.519    250.759    256.833   -0.00405    6.49672    9.28446  283.28187     9.7388   14.68169 4.3639e-01     0.2764     0.4654 0.0000e+00
        488 211.520207    0.03385     2.0311    121.865     39.372  49495.470    31.4518     9.7431     39.000     9.7389    24.2251     5.7494     8.2164     88.500    250.695    256.768   -0.00327    6.49650    9.28416  283.27164     9.7388   14.68118 3.7994e-01     0.2745     0.4857 0.0000e+00
        491 211.520215    0.03406     2.0434    122.606     40.381  49505.750    31.4587     9.7433     40.000     9.7392    24.2304     5.7437     8.2084     88.417    250.446    256.515   -0.00305    6.49619    9.28371  283.25654     9.7389   14.68043 3.3081e-01     0.2724     0.5517 0.0000e+00
        494 211.520224    0.03427     2.0558    123.348     41.391  49514.603    31.4645     9.7438     41.000     9.7398    24.2349     5.7361     8.1975     88.304    250.113    256.174   -0.00319    6.49588    9.28326  283.24169     9.7393   14.67969 2.8819e-01     0.2635     0.5963 0.0000e+00
        497 211.520232    0.03447     2.0682    124.091     42.400  49524.511    31.4712     9.7446     42.000     9.7408    24.2400     5.7334     8.1937     88.268    249.996    256.056   -0.00285    6.49550    9.28272  283.22365     9.7400   14.67881 2.5147e-01     0.2384     0.6156 0.0000e+00
        500 211.520241    0.03467     2.0806    124.838     43.410  49542.551    31.4837     9.7461     43.000     9.7433    24.2495     5.7323     8.1921     88.260    249.944    256.005   -0.00227    6.49476    9.28165  283.18847     9.7414   14.67707 2.1950e-01     0.1904     0.6561 0.0000e+00
        503 211.520250    0.03488     2.0931    125.584     44.420  49563.548    31.4985     9.7493     44.000     9.7471    24.2606     5.7279     8.1858     88.208    249.750    255.809   -0.00211    6.49368    9.28012  283.13884     9.7445   14.67464 1.9217e-01     0.1625     0.7275 0.0000e+00
        506 211.520259    0.03509     2.1055    126.332     45.429  49577.821    31.5086     9.7534     45.000     9.7518    24.2678     5.7206     8.1753     88.107    249.427    255.481   -0.00230    6.49268    9.27869  283.09313     9.7485   14.67242 1.6826e-01     0.1579     0.8016 0.0000e+00
        509 211.520267    0.03531     2.1185    127.111     46.440  49589.275    31.5171     9.7590     46.000     9.7576    24.2735     5.7150     8.1672     88.038    249.182    255.230   -0.00235    6.49152    9.27704  283.04102     9.7540   14.66988 1.4854e-01     0.1670     0.8278 0.0000e+00
        513 211.520278    0.03557     2.1340    128.038     47.449  49599.201    31.5245     9.7653     47.000     9.7614    24.2783     5.7148     8.1670     88.051    249.173    255.222   -0.00184    6.49032    9.27532  282.98741     9.7601   14.66729 1.3304e-01     0.1726     0.7780 0.0000e+00
