CTD-processing/allCTD/CNV/2016_07-27_t4_s08_cast013_5028.cnv
* Sea-Bird SBE19plus Data File:
* FileName = C:\Users\Kris.Holderied\Documents\kasitsna\Research-KBL\Oceanography-AK\CTD-Data-ALL-to-2016-05\2016-CTD-KachemakBay-CookInlet\2016-07-27-CookInlet-Tran4-Barabara-special\2016-07-27-CookInlet-Tran4-cast013.hex
* Software Version 1.59
* Temperature SN =  5028
* Conductivity SN =  5028
* System UpLoad Time = Jul 27 2016 20:18:03
** Cook Inlet LTM Tran4 Barabara north to south
** Date (YYYY-MM-DD): 2016-07-27
** Station (eg. 9-01):  4-08
** Start time (AKDT): 12:52
** Depth (m): 28
** Comment:  R/V Edgecumbe.  Part of all-bay survey with T9 and along-bay stations (1-9).
** Comment:
# nquan = 27
# nvalues = 27                          
# units = specified
# name 0 = scan: Scan Count
# name 1 = timeJ: Julian Days
# name 2 = timeH: Time, Elapsed [hours]
# name 3 = timeM: Time, Elapsed [minutes]
# name 4 = timeS: Time, Elapsed [seconds]
# name 5 = prdM: Pressure, Strain Gauge [db]
# name 6 = specc: Specific Conductance [uS/cm]
# name 7 = sal00: Salinity, Practical [PSU]
# name 8 = tv290C: Temperature [ITS-90, deg C]
# name 9 = depSM: Depth [salt water, m], lat = 59.00
# name 10 = potemp090C: Potential Temperature [ITS-90, deg C]
# name 11 = sigma-é00: Density [sigma-theta, kg/m^3]
# name 12 = sbeox0ML/L: Oxygen, SBE 43 [ml/l]
# name 13 = sbeox0Mg/L: Oxygen, SBE 43 [mg/l]
# name 14 = sbeox0PS: Oxygen, SBE 43 [% saturation]
# name 15 = sbox0Mm/Kg: Oxygen, SBE 43 [umol/kg]
# name 16 = sbeox0Mm/L: Oxygen, SBE 43 [umol/l]
# name 17 = sbox0dV/dT: Oxygen, SBE 43 [dov/dt]
# name 18 = oxsolML/L: Oxygen Saturation, Garcia & Gordon [ml/l]
# name 19 = oxsolMg/L: Oxygen Saturation, Garcia & Gordon [mg/l]
# name 20 = oxsolMm/Kg: Oxygen Saturation, Garcia & Gordon [umol/kg]
# name 21 = potemp090C: Potential Temperature [ITS-90, deg C]
# name 22 = n2satMg/L: Nitrogen Saturation [mg/l]
# name 23 = par: PAR/Irradiance, Biospherical/Licor
# name 24 = flECO-AFL: Fluorescence, WET Labs ECO-AFL/FL [mg/m^3]
# name 25 = turbWETntu0: Turbidity, WET Labs ECO [NTU]
# name 26 = flag: flag
# span 0 =        273,        437       
# span 1 = 209.537384, 209.537859       
# span 2 =    0.01890,    0.03027       
# span 3 =     1.1339,     1.8158       
# span 4 =     68.035,    108.950       
# span 5 =      2.019,     28.267       
# span 6 =  41823.100,  49198.369       
# span 7 =    26.4300,    31.3251       
# span 8 =    10.3401,    13.3276       
# span 9 =      2.000,     28.000       
# span 10 =    10.3367,    13.2775      
# span 11 =    19.7039,    24.0263      
# span 12 =     5.6848,     7.0625      
# span 13 =     8.1242,    10.0930      
# span 14 =     88.581,    113.716      
# span 15 =    247.927,    309.317      
# span 16 =    253.883,    315.411      
# span 17 =   -0.03247,    0.04249      
# span 18 =    6.20048,    6.41770      
# span 19 =    8.86111,    9.17154      
# span 20 =  271.37921,  279.89032      
# span 21 =    10.3369,    13.3274      
# span 22 =   14.11754,   14.51993      
# span 23 = 2.2429e-01, 5.6412e+01      
# span 24 =     1.0406,     1.8678      
# span 25 =     0.2770,     1.5216      
# span 26 = 0.0000e+00, 0.0000e+00      
# interval = meters: 1                  
# start_time = Jul 27 2016 12:52:42 [Instrument's time stamp, header]
# bad_flag = -9.990e-29
*END*
        273 209.537384    0.01890     1.1339     68.035      2.019  41823.100    26.4300    13.3276      2.000    13.2775    19.7039     7.0625    10.0930    113.716    309.317    315.411    0.04249    6.21064    8.87562  272.00763    13.3274   14.16192 5.6412e+01     1.6683     0.8789 0.0000e+00
        278 209.537398    0.01923     1.1533     69.201      3.028  43057.147    27.2804    13.1523      3.000    13.0015    20.3931     7.0371    10.0567    113.492    307.994    314.274    0.02471    6.20048    8.86111  271.37921    13.1519   14.12836 4.1303e+01     1.7744     0.9458 0.0000e+00
        282 209.537411    0.01953     1.1718     70.308      4.038  44416.991    28.2088    12.8161      4.000    12.6649    21.1729     7.0389    10.0594    113.382    307.841    314.359    0.01474    6.20817    8.87210  271.50831    12.8155   14.13084 3.2390e+01     1.8059     0.6939 0.0000e+00
        287 209.537424    0.01984     1.1908     71.446      5.047  45598.655    29.0131    12.4900      5.000    12.3853    21.8553     7.0515    10.0774    113.380    308.188    314.924    0.00941    6.21944    8.88820  271.81925    12.4894   14.14254 2.6212e+01     1.7978     0.5305 0.0000e+00
        291 209.537437    0.02017     1.2101     72.604      6.057  46288.865    29.4830    12.2999      6.000    12.2675    22.2540     7.0362    10.0554    113.013    307.395    314.236    0.00353    6.22599    8.89756  271.99965    12.2992   14.14932 2.1589e+01     1.6869     0.4131 0.0000e+00
        297 209.537453    0.02054     1.2320     73.922      7.066  47191.134    30.1112    12.1959      7.000    12.0967    22.7597     7.0041    10.0095    112.695    305.841    312.801   -0.00016    6.21509    8.88198  271.38913    12.1951   14.11754 1.7906e+01     1.4946     0.3613 0.0000e+00
        302 209.537468    0.02089     1.2537     75.225      8.076  48276.366    30.8434    11.8287      8.000    11.6633    23.3941     6.9484     9.9299    111.450    303.222    310.314   -0.00703    6.23482    8.91018  272.08153    11.8277   14.14781 1.5221e+01     1.1564     0.2770 0.0000e+00
        307 209.537483    0.02126     1.2757     76.544      9.085  48691.526    31.1022    11.4861      9.000    11.4320    23.6567     6.7962     9.7125    108.394    296.503    303.517   -0.02347    6.27003    8.96051  273.54853    11.4850   14.21709 1.2991e+01     1.3366     0.3120 0.0000e+00
        312 209.537496    0.02159     1.2951     77.703     10.095  48763.346    31.1426    11.3901     10.000    11.3676    23.7052     6.6995     9.5743    106.660    292.272    299.200   -0.02721    6.28126    8.97654  274.02515    11.3889   14.23977 1.0825e+01     1.6884     0.3504 0.0000e+00
        315 209.537507    0.02184     1.3102     78.614     11.105  48777.814    31.1487    11.3558     11.000    11.3389    23.7161     6.6785     9.5443    106.251    291.353    298.263   -0.02248    6.28561    8.98277  274.21218    11.3545   14.24871 8.9782e+00     1.7825     0.3124 0.0000e+00
        319 209.537517    0.02208     1.3251     79.508     12.113  48780.510    31.1472    11.3277     12.000    11.3070    23.7199     6.6663     9.5269    105.993    290.819    297.717   -0.01789    6.28944    8.98824  274.37830    11.3263   14.25668 7.4332e+00     1.8506     0.3148 0.0000e+00
        323 209.537529    0.02236     1.3416     80.494     13.123  48773.790    31.1370    11.2816     13.000    11.2391    23.7201     6.6500     9.5036    105.622    290.109    296.990   -0.01483    6.29607    8.99772  274.66738    11.2801   14.27057 6.1465e+00     1.7900     0.3263 0.0000e+00
        327 209.537541    0.02266     1.3592     81.554     14.132  48779.343    31.1282    11.1703     14.000    11.0915    23.7328     6.6235     9.4657    104.947    288.950    295.807   -0.01415    6.31147    9.01972  275.33577    11.1686   14.30261 5.0592e+00     1.8276     0.3639 0.0000e+00
        332 209.537555    0.02298     1.3785     82.712     15.142  48854.019    31.1592    10.9785     15.000    10.8909    23.7903     6.5448     9.3531    103.295    285.497    292.289   -0.01898    6.33627    9.05517  276.40228    10.9767   14.35357 4.1483e+00     1.8678     0.4201 0.0000e+00
        337 209.537571    0.02336     1.4017     84.104     16.152  48979.540    31.2254    10.7837     16.000    10.7411    23.8754     6.3736     9.1085    100.213    278.007    284.644   -0.02977    6.36020    9.08937  277.42329    10.7819   14.40220 3.3843e+00     1.7100     0.4545 0.0000e+00
        342 209.537585    0.02370     1.4221     85.324     17.161  49009.587    31.2354    10.6899     17.000    10.6381    23.8991     6.2522     8.9350     98.111    272.706    279.223   -0.03247    6.37270    9.10723  277.96184    10.6879   14.42795 2.7579e+00     1.5352     0.4097 0.0000e+00
        346 209.537596    0.02399     1.4390     86.342     18.170  49036.577    31.2406    10.5760     18.000    10.5097    23.9226     6.1906     8.8470     96.908    270.014    276.473   -0.03015    6.38822    9.12940  278.63210    10.5739   14.46002 2.2847e+00     1.3822     0.3999 0.0000e+00
        351 209.537609    0.02428     1.4567     87.402     19.181  49121.600    31.2857    10.4541     19.000    10.4217    23.9783     6.1218     8.7487     95.606    266.998    273.400   -0.02859    6.40326    9.15090  279.27307    10.4519   14.49052 1.9025e+00     1.1976     0.4392 0.0000e+00
        355 209.537621    0.02457     1.4744     88.462     20.190  49168.024    31.3122    10.4049     20.000    10.3944    24.0072     6.0393     8.6307     94.230    263.389    269.712   -0.02822    6.40900    9.15911  279.51562    10.4027   14.50203 1.5819e+00     1.0866     0.4548 0.0000e+00
        359 209.537633    0.02486     1.4915     89.491     21.199  49177.901    31.3169    10.3895     21.000    10.3791    24.0135     5.9791     8.5449     93.265    260.768    267.030   -0.02594    6.41096    9.16190  279.59938    10.3871   14.50602 1.3214e+00     1.0406     0.4966 0.0000e+00
        363 209.537645    0.02515     1.5087     90.520     22.209  49188.888    31.3224    10.3742     22.000    10.3672    24.0204     5.9405     8.4895     92.634    259.078    265.301   -0.02202    6.41287    9.16463  279.68063    10.3717   14.50988 1.0913e+00     1.0487     0.5839 0.0000e+00
        367 209.537656    0.02543     1.5254     91.522     23.218  49194.502    31.3251    10.3670     23.000    10.3622    24.0237     5.8982     8.4292     91.962    257.236    263.416   -0.01957    6.41376    9.16591  279.71893    10.3644   14.51170 8.8984e-01     1.1051     0.6963 0.0000e+00
        371 209.537667    0.02568     1.5410     92.458     24.228  49192.797    31.3229    10.3628     24.000    10.3555    24.0227     5.8612     8.3762     91.375    255.620    261.761   -0.01790    6.41444    9.16687  279.74844    10.3601   14.51312 7.1617e-01     1.1755     0.8073 0.0000e+00
        374 209.537678    0.02592     1.5556     93.335     25.238  49192.347    31.3211    10.3539     25.000    10.3459    24.0228     5.8390     8.3445     91.010    254.652    260.769   -0.01561    6.41576    9.16876  279.80596    10.3510   14.51589 5.6180e-01     1.2447     0.9911 0.0000e+00
        378 209.537687    0.02616     1.5699     94.195     26.247  49197.857    31.3236    10.3463     26.000    10.3413    24.0261     5.8250     8.3245     90.778    254.041    260.144   -0.01310    6.41672    9.17013  279.84685    10.3433   14.51783 4.2618e-01     1.3791     1.3262 0.0000e+00
        400 209.537753    0.02773     1.6635     99.807     27.257  49198.369    31.3232    10.3431     27.000    10.3395    24.0263     5.7667     8.2412     89.864    251.498    257.541   -0.00674    6.41717    9.17078  279.86675    10.3400   14.51878 3.1906e-01     1.5326     1.4364 0.0000e+00
        437 209.537859    0.03027     1.8158    108.950     28.267  49195.312    31.3202    10.3401     28.000    10.3367    24.0245     5.6848     8.1242     88.581    247.927    253.883    0.00067    6.41770    9.17154  279.89032    10.3369   14.51993 2.2429e-01     1.6493     1.5216 0.0000e+00
