CTD-processing/allCTD/CNV/2016_08-31_t6_s12a_cast105_5028.cnv
* Sea-Bird SBE19plus Data File:
* FileName = C:\Users\Kim.Powell\Desktop\2016_08-31_T6_5028\2016_08-31_T6_5028_cast105.hex
* Software Version 1.59
* Temperature SN =  5028
* Conductivity SN =  5028
* System UpLoad Time = Aug 31 2016 22:09:22
** CookInlet LTM Transect 7
** 2016_08-30
** Station: 6-12a
** Start Time: 14:40
** Depth (m): 141.1
** Comment:
** Comment:
# nquan = 27
# nvalues = 65                          
# units = specified
# name 0 = scan: Scan Count
# name 1 = timeJ: Julian Days
# name 2 = timeH: Time, Elapsed [hours]
# name 3 = timeM: Time, Elapsed [minutes]
# name 4 = timeS: Time, Elapsed [seconds]
# name 5 = prdM: Pressure, Strain Gauge [db]
# name 6 = specc: Specific Conductance [uS/cm]
# name 7 = sal00: Salinity, Practical [PSU]
# name 8 = tv290C: Temperature [ITS-90, deg C]
# name 9 = depSM: Depth [salt water, m], lat = 59.00
# name 10 = potemp090C: Potential Temperature [ITS-90, deg C]
# name 11 = sigma-é00: Density [sigma-theta, kg/m^3]
# name 12 = sbeox0ML/L: Oxygen, SBE 43 [ml/l]
# name 13 = sbeox0Mg/L: Oxygen, SBE 43 [mg/l]
# name 14 = sbeox0PS: Oxygen, SBE 43 [% saturation]
# name 15 = sbox0Mm/Kg: Oxygen, SBE 43 [umol/kg]
# name 16 = sbeox0Mm/L: Oxygen, SBE 43 [umol/l]
# name 17 = sbox0dV/dT: Oxygen, SBE 43 [dov/dt]
# name 18 = oxsolML/L: Oxygen Saturation, Garcia & Gordon [ml/l]
# name 19 = oxsolMg/L: Oxygen Saturation, Garcia & Gordon [mg/l]
# name 20 = oxsolMm/Kg: Oxygen Saturation, Garcia & Gordon [umol/kg]
# name 21 = potemp090C: Potential Temperature [ITS-90, deg C]
# name 22 = n2satMg/L: Nitrogen Saturation [mg/l]
# name 23 = par: PAR/Irradiance, Biospherical/Licor
# name 24 = flECO-AFL: Fluorescence, WET Labs ECO-AFL/FL [mg/m^3]
# name 25 = turbWETntu0: Turbidity, WET Labs ECO [NTU]
# name 26 = flag: flag
# span 0 =        197,        677       
# span 1 = 244.611770, 244.613160       
# span 2 =    0.01360,    0.04695       
# span 3 =     0.8157,     2.8167       
# span 4 =     48.941,    169.000       
# span 5 =      1.009,     65.624       
# span 6 =  45893.442,  49199.817       
# span 7 =    29.2955,    31.3007       
# span 8 =    10.2809,    13.3015       
# span 9 =      1.000,     65.000       
# span 10 =    10.2461,    13.2965      
# span 11 =    21.9206,    24.0198      
# span 12 =     5.3883,     6.6902      
# span 13 =     7.7005,     9.5610      
# span 14 =     83.842,    109.272      
# span 15 =    235.002,    292.346      
# span 16 =    240.648,    298.785      
# span 17 =   -0.02088,    0.00544      
# span 18 =    6.10423,    6.42678      
# span 19 =    8.72356,    9.18452      
# span 20 =  266.76945,  280.28777      
# span 21 =    10.2734,    13.3014      
# span 22 =   13.89917,   14.53904      
# span 23 = 1.3346e-01, 9.0259e+02      
# span 24 =     0.1270,     2.2809      
# span 25 =     0.1547,     0.7029      
# span 26 = 0.0000e+00, 0.0000e+00      
# interval = meters: 1                  
# start_time = Aug 31 2016 14:40:08 [Instrument's time stamp, header]
# bad_flag = -9.990e-29
*END*
        197 244.611770    0.01360     0.8157     48.941      1.009  45893.442    29.2955    13.3015      1.000    13.2965    21.9206     5.7383     8.2006     93.966    250.773    256.272    0.00544    6.10423    8.72356  266.76945    13.3014   13.89917 9.0259e+02     1.4278     0.7029 0.0000e+00
        340 244.612184    0.02355     1.4126     84.755      2.019  46051.083    29.3873    13.1265      2.000    13.1136    22.0252     6.6902     9.5610    109.272    292.346    298.785    0.00468    6.12276    8.75004  267.54950    13.1262   13.93623 5.8659e+02     1.1795     0.2656 0.0000e+00
        337 244.612177    0.02336     1.4016     84.095      3.029  46061.127    29.3924    13.1030      3.000    13.0639    22.0336     6.6542     9.5094    108.628    290.766    297.172    0.00377    6.12558    8.75408  267.67086    13.1025   13.94204 4.1476e+02     1.3042     0.2962 0.0000e+00
        341 244.612188    0.02361     1.4167     85.002      4.038  46117.260    29.4248    13.0189      4.000    12.9371    22.0746     6.6543     9.5098    108.465    290.766    297.184    0.00170    6.13509    8.76766  268.07561    13.0183   13.96133 3.0580e+02     1.4470     0.2996 0.0000e+00
        345 244.612198    0.02387     1.4324     85.946      5.047  46264.062    29.5147    12.8573      5.000    12.7632    22.1747     6.6331     9.4793    107.815    289.807    296.233   -0.00299    6.15236    8.79233  268.80358    12.8567   13.99590 2.2960e+02     1.7096     0.3106 0.0000e+00
        349 244.612211    0.02417     1.4498     86.990      6.057  46474.376    29.6466    12.6666      6.000    12.5870    22.3127     6.5799     9.4033    106.613    287.445    293.858   -0.00988    6.17185    8.82019  269.61890    12.6659   14.03449 1.7807e+02     2.1024     0.3195 0.0000e+00
        353 244.612222    0.02445     1.4670     88.019      7.066  46648.811    29.7568    12.5199      7.000    12.4626    22.4253     6.5297     9.3315    105.547    285.219    291.615   -0.01399    6.18660    8.84126  270.23330    12.5190   14.06352 1.3830e+02     2.2809     0.3201 0.0000e+00
        357 244.612234    0.02472     1.4831     88.989      8.076  46784.235    29.8431    12.4175      8.000    12.3829    22.5111     6.4773     9.2567    104.531    282.909    289.277   -0.01633    6.19656    8.85551  270.64589    12.4164   14.08297 1.0222e+02     2.1099     0.3329 0.0000e+00
        361 244.612244    0.02498     1.4990     89.941      9.085  46870.873    29.8991    12.3631      9.000    12.3485    22.5646     6.4035     9.1512    103.258    279.669    285.980   -0.01986    6.20147    8.86252  270.84610    12.3619   14.09234 7.8346e+01     1.9124     0.3198 0.0000e+00
        365 244.612257    0.02527     1.5163     90.976     10.095  46916.799    29.9292    12.3418     10.000    12.3328    22.5919     6.3396     9.0600    102.202    276.873    283.128   -0.02088    6.20307    8.86481  270.90875    12.3405   14.09523 6.4775e+01     1.8533     0.2901 0.0000e+00
        369 244.612270    0.02559     1.5354     92.122     11.104  46953.118    29.9528    12.3231     11.000    12.3131    22.6137     6.3178     9.0288    101.825    275.915    282.154   -0.01634    6.20458    8.86697  270.96902    12.3218   14.09803 5.2127e+01     1.8462     0.2852 0.0000e+00
        374 244.612282    0.02588     1.5530     93.183     12.114  46975.377    29.9666    12.3058     12.000    12.2959    22.6275     6.3258     9.0403    101.926    276.262    282.513   -0.01033    6.20632    8.86945  271.04101    12.3043   14.10142 4.2650e+01     1.8077     0.2860 0.0000e+00
        377 244.612293    0.02614     1.5684     94.103     13.123  46997.769    29.9803    12.2871     13.000    12.2671    22.6417     6.3291     9.0450    101.948    276.402    282.660   -0.00706    6.20824    8.87219  271.12106    12.2854   14.10521 3.4775e+01     1.6724     0.2855 0.0000e+00
        381 244.612303    0.02640     1.5839     95.034     14.133  47050.860    30.0135    12.2442     14.000    12.2070    22.6753     6.3118     9.0202    101.597    275.634    281.883   -0.00701    6.21255    8.87835  271.30074    12.2425   14.11369 2.9109e+01     1.5051     0.2654 0.0000e+00
        385 244.612316    0.02669     1.6012     96.074     15.142  47144.013    30.0719    12.1685     15.000    12.1333    22.7344     6.2547     8.9386    100.556    273.127    279.337   -0.01118    6.22020    8.88929  271.61916    12.1666   14.12872 2.4468e+01     1.2872     0.2361 0.0000e+00
        390 244.612328    0.02699     1.6198     97.188     16.152  47226.127    30.1230    12.0981     16.000    12.0684    22.7869     6.1698     8.8172     99.074    269.401    275.539   -0.01720    6.22746    8.89967  271.92228    12.0961   14.14306 2.0332e+01     1.0779     0.2161 0.0000e+00
        394 244.612341    0.02728     1.6370     98.218     17.161  47282.035    30.1572    12.0462     17.000    12.0281    22.8229     6.1085     8.7295     98.003    266.715    272.802   -0.01902    6.23294    8.90750  272.15196    12.0441   14.15393 1.7246e+01     1.0121     0.2148 0.0000e+00
        398 244.612352    0.02756     1.6538     99.231     18.171  47308.221    30.1725    12.0169     18.000    12.0025    22.8401     6.0758     8.6829     97.428    265.285    271.344   -0.01711    6.23622    8.91217  272.29014    12.0147   14.16049 1.4629e+01     0.9945     0.2212 0.0000e+00
        402 244.612365    0.02787     1.6722    100.334     19.180  47329.372    30.1848    11.9939     19.000    11.9839    22.8539     6.0591     8.6591     97.120    264.554    270.599   -0.01345    6.23877    8.91582  272.39808    11.9915   14.16561 1.2307e+01     0.9984     0.2212 0.0000e+00
        407 244.612378    0.02819     1.6912    101.475     20.190  47345.365    30.1939    11.9742     20.000    11.9613    22.8644     6.0460     8.6404     96.875    263.979    270.014   -0.01034    6.24100    8.91903  272.49298    11.9718   14.17013 1.0477e+01     1.0043     0.2143 0.0000e+00
        411 244.612390    0.02848     1.7088    102.529     21.200  47366.364    30.2062    11.9518     21.000    11.9376    22.8781     6.0334     8.6224     96.635    263.426    269.453   -0.00863    6.24349    8.92258  272.59793    11.9492   14.17511 8.9391e+00     0.9867     0.2140 0.0000e+00
        415 244.612403    0.02877     1.7261    103.564     22.208  47390.401    30.2204    11.9277     22.000    11.9150    22.8935     6.0193     8.6022     96.369    262.807    268.824   -0.00754    6.24612    8.92633  272.70850    11.9250   14.18035 7.6433e+00     0.9396     0.2202 0.0000e+00
        420 244.612415    0.02908     1.7447    104.683     23.218  47413.294    30.2341    11.9067     23.000    11.8907    22.9080     5.9943     8.5665     95.935    261.711    267.707   -0.00778    6.24836    8.92954  272.80258    11.9038   14.18481 6.5751e+00     0.8911     0.2133 0.0000e+00
        424 244.612429    0.02941     1.7645    105.872     24.227  47464.349    30.2660    11.8674     24.000    11.8428    22.9398     5.9682     8.5292     95.456    260.562    266.539   -0.00807    6.25231    8.93518  272.96660    11.8644   14.19255 5.6559e+00     0.8658     0.2039 0.0000e+00
        429 244.612442    0.02972     1.7833    106.997     25.238  47528.140    30.3065    11.8244     25.000    11.8089    22.9790     5.9420     8.4917     94.974    259.408    265.369   -0.00845    6.25643    8.94105  273.13551    11.8214   14.20048 4.9071e+00     0.8170     0.2013 0.0000e+00
        433 244.612454    0.03002     1.8009    108.057     26.247  47558.988    30.3259    11.8038     26.000    11.7952    22.9977     5.9291     8.4733     94.738    258.840    264.792   -0.00751    6.25840    8.94387  273.21668    11.8006   14.20429 4.3069e+00     0.7830     0.2069 0.0000e+00
        438 244.612467    0.03032     1.8190    109.139     27.256  47578.555    30.3382    11.7920     27.000    11.7836    23.0094     5.9211     8.4618     94.593    258.487    264.434   -0.00586    6.25948    8.94543  273.26096    11.7887   14.20636 3.8155e+00     0.7544     0.1967 0.0000e+00
        442 244.612481    0.03064     1.8385    110.313     28.266  47594.681    30.3481    11.7813     28.000    11.7732    23.0191     5.9087     8.4440     94.379    257.941    263.879   -0.00525    6.26050    8.94688  273.30275    11.7779   14.20833 3.4000e+00     0.7281     0.1910 0.0000e+00
        447 244.612495    0.03099     1.8596    111.578     29.276  47612.474    30.3591    11.7694     29.000    11.7630    23.0297     5.8964     8.4265     94.166    257.405    263.333   -0.00464    6.26165    8.94853  273.35032    11.7659   14.21056 3.0215e+00     0.7239     0.2114 0.0000e+00
        453 244.612511    0.03137     1.8819    112.912     30.286  47627.009    30.3680    11.7596     30.000    11.7487    23.0384     5.8876     8.4139     94.011    257.017    262.939   -0.00388    6.26261    8.94989  273.38961    11.7560   14.21241 2.6897e+00     0.7234     0.2163 0.0000e+00
        458 244.612527    0.03177     1.9058    114.350     31.295  47656.595    30.3864    11.7376     31.000    11.7282    23.0566     5.8732     8.3934     93.749    256.386    262.297   -0.00387    6.26482    8.95306  273.48137    11.7338   14.21674 2.3995e+00     0.6966     0.2073 0.0000e+00
        465 244.612547    0.03223     1.9339    116.035     32.305  47672.262    30.3958    11.7250     32.000    11.7195    23.0662     5.8524     8.3636     93.397    255.474    261.367   -0.00421    6.26612    8.95491  273.53558    11.7211   14.21930 2.1569e+00     0.6723     0.2326 0.0000e+00
        472 244.612566    0.03270     1.9618    117.708     33.314  47676.519    30.3980    11.7208     33.000    11.7150    23.0687     5.8438     8.3514     93.254    255.100    260.984   -0.00313    6.26659    8.95559  273.55547    11.7167   14.22024 1.9563e+00     0.6439     0.1926 0.0000e+00
        478 244.612584    0.03314     1.9881    119.286     34.324  47691.072    30.4065    11.7077     34.000    11.6953    23.0777     5.8338     8.3372     93.074    254.662    260.539   -0.00287    6.26800    8.95760  273.61443    11.7036   14.22303 1.7667e+00     0.6416     0.1878 0.0000e+00
        485 244.612604    0.03361     2.0168    121.009     35.333  47725.835    30.4278    11.6789     35.000    11.6662    23.0994     5.8209     8.3187     92.823    254.094    259.964   -0.00299    6.27100    8.96188  273.73950    11.6746   14.22894 1.5835e+00     0.6338     0.1802 0.0000e+00
        493 244.612626    0.03414     2.0481    122.886     36.343  47773.998    30.4577    11.6411     36.000    11.6214    23.1293     5.7966     8.2840     92.378    253.024    258.877   -0.00403    6.27487    8.96741  273.90051    11.6367   14.23654 1.4164e+00     0.6204     0.1887 0.0000e+00
        500 244.612648    0.03465     2.0795    124.768     37.353  47864.144    30.5130    11.5631     37.000    11.5285    23.1862     5.7760     8.2545     91.930    252.111    257.956   -0.00458    6.28310    8.97917  274.24440    11.5586   14.25280 1.2700e+00     0.5784     0.2010 0.0000e+00
        507 244.612667    0.03513     2.1075    126.452     38.362  47980.133    30.5839    11.4599     38.000    11.4290    23.2595     5.7456     8.2111     91.286    250.768    256.600   -0.00617    6.29412    8.99493  274.70587    11.4553   14.27462 1.1452e+00     0.5065     0.1856 0.0000e+00
        513 244.612687    0.03559     2.1353    128.120     39.372  48103.803    30.6598    11.3538     39.000    11.3065    23.3372     5.7009     8.1472     90.414    248.796    254.603   -0.00836    6.30540    9.01105  275.17729    11.3491   14.29690 1.0349e+00     0.4604     0.1854 0.0000e+00
        522 244.612711    0.03616     2.1698    130.190     40.382  48254.088    30.7499    11.2071     40.000    11.1872    23.4329     5.6481     8.0717     89.346    246.468    252.244   -0.00974    6.32161    9.03421  275.85898    11.2024   14.32920 9.2548e-01     0.3791     0.1856 0.0000e+00
        530 244.612733    0.03670     2.2021    132.127     41.391  48289.695    30.7698    11.1629     41.000    11.1444    23.4562     5.6221     8.0346     88.862    245.330    251.085   -0.00748    6.32680    9.04164  276.07931    11.1580   14.33967 8.3285e-01     0.3596     0.1693 0.0000e+00
        536 244.612752    0.03715     2.2291    133.747     42.401  48324.715    30.7879    11.1056     42.000    11.0819    23.4802     5.6068     8.0127     88.521    244.654    250.398   -0.00609    6.33388    9.05174  276.38146    11.1006   14.35407 7.6395e-01     0.3028     0.1699 0.0000e+00
        542 244.612769    0.03757     2.2543    135.256     43.410  48353.246    30.8036    11.0686     43.000    11.0572    23.4988     5.5848     7.9812     88.112    243.690    249.417   -0.00603    6.33826    9.05802  276.56794    11.0636   14.36294 7.0155e-01     0.2768     0.1900 0.0000e+00
        548 244.612788    0.03802     2.2810    136.858     44.420  48355.117    30.8018    11.0439     44.000    11.0278    23.5017     5.5742     7.9661     87.898    243.229    248.946   -0.00463    6.34170    9.06293  276.71721    11.0388   14.37010 6.3418e-01     0.2504     0.1917 0.0000e+00
        555 244.612806    0.03845     2.3070    138.419     45.430  48367.814    30.8065    11.0095     45.000    10.9940    23.5113     5.5571     7.9417     87.566    242.480    248.181   -0.00459    6.34622    9.06938  276.91141    11.0042   14.37938 5.7012e-01     0.2002     0.1564 0.0000e+00
        560 244.612821    0.03883     2.3298    139.788     46.440  48377.393    30.8098    10.9823     46.000    10.9632    23.5186     5.5417     7.9197     87.274    241.806    247.493   -0.00463    6.34980    9.07450  277.06583    10.9768   14.38676 5.2026e-01     0.1813     0.1601 0.0000e+00
        565 244.612836    0.03917     2.3498    140.988     47.449  48399.442    30.8203    10.9400     47.000    10.9127    23.5340     5.5316     7.9053     87.042    241.363    247.044   -0.00446    6.35516    9.08216  277.29549    10.9345   14.39772 4.7950e-01     0.1877     0.1550 0.0000e+00
        570 244.612850    0.03951     2.3706    142.237     48.459  48461.904    30.8586    10.8921     48.000    10.8727    23.5721     5.5155     7.8822     86.719    240.650    246.323   -0.00485    6.36017    9.08931  277.50362    10.8865   14.40753 4.4167e-01     0.1812     0.1628 0.0000e+00
        575 244.612866    0.03988     2.3930    143.581     49.468  48507.709    30.8856    10.8483     49.000    10.8047    23.6006     5.5020     7.8630     86.441    240.055    245.721   -0.00479    6.36509    9.09634  277.71062    10.8426   14.41733 4.0387e-01     0.1797     0.1571 0.0000e+00
        580 244.612879    0.04022     2.4131    144.785     50.478  48561.546    30.9089    10.7242     50.000    10.6599    23.6399     5.4944     7.8520     86.102    239.712    245.379   -0.00507    6.38123    9.11942  278.40445    10.7184   14.45046 3.6937e-01     0.1746     0.1605 0.0000e+00
        585 244.612893    0.04053     2.4318    145.911     51.488  48718.282    31.0060    10.6104     51.000    10.5758    23.7348     5.4659     7.8114     85.499    238.448    244.108   -0.00714    6.39299    9.13622  278.89129    10.6046   14.47337 3.3990e-01     0.1403     0.1691 0.0000e+00
        589 244.612905    0.04083     2.4502    147.010     52.497  48866.053    31.1050    10.5682     52.000    10.5595    23.8190     5.4346     7.7666     84.984    237.061    242.708   -0.00822    6.39479    9.13879  278.94707    10.5623   14.47565 3.1484e-01     0.1270     0.1754 0.0000e+00
        593 244.612918    0.04114     2.4684    148.105     53.507  48919.251    31.1419    10.5660     53.000    10.5602    23.8482     5.4359     7.7684     85.021    237.112    242.767   -0.00576    6.39359    9.13707  278.88653    10.5600   14.47260 2.9244e-01     0.1519     0.1802 0.0000e+00
