CTD-processing/allCTD/CNV/2016_02-16_t7_s16_cast149_5028.cnv
* Sea-Bird SBE19plus Data File:
* FileName = C:\Users\Kris.Holderied\Documents\kasitsna\Research-KBL\Oceanography-AK\CTD-Data-ALL-to-2016-02\2016-CTD-KachemakBay-CookInlet\2016-02-CookInlet-quarterly\2016-02-16-CookInlet-Tran7-Augustine\2016-02-16-CookInlet-Tran7-cast149.hex
* Software Version 1.59
* Temperature SN =  5028
* Conductivity SN =  5028
* System UpLoad Time = Feb 16 2016 10:40:12
** Cook Inlet LTM Tran7 Augustine East to West

** Date: 02-16
** Station: 7-16
** Start time (AKST): 02:05
** Depth (m): 85
** Comment:  R/V Pandalus
** Comment:
# nquan = 27
# nvalues = 84                          
# units = specified
# name 0 = scan: Scan Count
# name 1 = timeJ: Julian Days
# name 2 = timeH: Time, Elapsed [hours]
# name 3 = timeM: Time, Elapsed [minutes]
# name 4 = timeS: Time, Elapsed [seconds]
# name 5 = prdM: Pressure, Strain Gauge [db]
# name 6 = specc: Specific Conductance [uS/cm]
# name 7 = sal00: Salinity, Practical [PSU]
# name 8 = tv290C: Temperature [ITS-90, deg C]
# name 9 = depSM: Depth [salt water, m], lat = 59.00
# name 10 = potemp090C: Potential Temperature [ITS-90, deg C]
# name 11 = sigma-é00: Density [sigma-theta, kg/m^3]
# name 12 = sbeox0ML/L: Oxygen, SBE 43 [ml/l]
# name 13 = sbeox0Mg/L: Oxygen, SBE 43 [mg/l]
# name 14 = sbeox0PS: Oxygen, SBE 43 [% saturation]
# name 15 = sbox0Mm/Kg: Oxygen, SBE 43 [umol/kg]
# name 16 = sbeox0Mm/L: Oxygen, SBE 43 [umol/l]
# name 17 = sbox0dV/dT: Oxygen, SBE 43 [dov/dt]
# name 18 = oxsolML/L: Oxygen Saturation, Garcia & Gordon [ml/l]
# name 19 = oxsolMg/L: Oxygen Saturation, Garcia & Gordon [mg/l]
# name 20 = oxsolMm/Kg: Oxygen Saturation, Garcia & Gordon [umol/kg]
# name 21 = potemp090C: Potential Temperature [ITS-90, deg C]
# name 22 = n2satMg/L: Nitrogen Saturation [mg/l]
# name 23 = par: PAR/Irradiance, Biospherical/Licor
# name 24 = flECO-AFL: Fluorescence, WET Labs ECO-AFL/FL [mg/m^3]
# name 25 = turbWETntu0: Turbidity, WET Labs ECO [NTU]
# name 26 = flag: flag
# span 0 =        125,        612       
# span 1 =  47.087443,  47.088851       
# span 2 =    0.00864,    0.04244       
# span 3 =     0.5184,     2.5465       
# span 4 =     31.101,    152.789       
# span 5 =      1.009,     84.810       
# span 6 =  49050.376,  50508.893       
# span 7 =    30.6626,    31.6197       
# span 8 =     6.0760,     6.3267       
# span 9 =      1.000,     84.000       
# span 10 =     6.1681,     6.3198      
# span 11 =    24.1148,    24.8480      
# span 12 =     5.7212,     6.4019      
# span 13 =     8.1762,     9.1489      
# span 14 =     80.511,     91.283      
# span 15 =    249.543,    278.983      
# span 16 =    255.509,    285.909      
# span 17 =   -0.00047,    0.03581      
# span 18 =    7.01276,    7.10430      
# span 19 =   10.02194,   10.15276      
# span 20 =  305.60347,  309.86338      
# span 21 =     6.0759,     6.3198      
# span 22 =   15.74684,   15.95343      
# span 23 = 3.7976e-02, 1.0484e-01      
# span 24 =     0.1224,     0.1708      
# span 25 =     0.4701,     0.6555      
# span 26 = 0.0000e+00, 0.0000e+00      
# interval = meters: 1                  
# start_time = Feb 16 2016 02:05:24 [Instrument's time stamp, header]
# bad_flag = -9.990e-29
*END*
        125  47.087443    0.00864     0.5184     31.101      1.009  49050.376    30.6626     6.0760      1.000     6.1681    24.1148     5.7212     8.1762     80.511    249.543    255.509   -0.00045    7.10430   10.15276  309.86338     6.0759   15.95343 6.6314e-02     0.1288     0.6555 0.0000e+00
        271  47.087864    0.01874     1.1244     67.465      2.019  50499.340    31.6197     6.2843      2.000     6.2981    24.8480     5.7769     8.2557     82.311    251.739    257.995    0.01442    7.01841   10.03002  305.84159     6.2842   15.75807 5.7248e-02     0.1467     0.5135 0.0000e+00
        271  47.087864    0.01874     1.1243     67.460      3.028  50462.713    31.5985     6.3002      3.000     6.3071    24.8293     5.8717     8.3912     83.680    255.877    262.231    0.01872    7.01693   10.02789  305.78373     6.3000   15.75540 4.4277e-02     0.1421     0.5157 0.0000e+00
        273  47.087871    0.01892     1.1351     68.108      4.038  50455.797    31.5948     6.3090      4.000     6.3109    24.8254     6.0031     8.5791     85.569    261.607    268.102    0.02588    7.01567   10.02609  305.72981     6.3087   15.75284 3.9629e-02     0.1426     0.5162 0.0000e+00
        276  47.087879    0.01910     1.1457     68.741      5.048  50454.486    31.5939     6.3116      5.000     6.3122    24.8244     6.1380     8.7718     87.496    267.485    274.125    0.03290    7.01528   10.02553  305.71327     6.3112   15.75206 3.8446e-02     0.1361     0.5090 0.0000e+00
        278  47.087886    0.01927     1.1560     69.363      6.057  50454.401    31.5937     6.3129      6.000     6.3129    24.8240     6.2322     8.9065     88.841    271.591    278.332    0.03581    7.01508   10.02526  305.70480     6.3124   15.75166 3.8102e-02     0.1340     0.5056 0.0000e+00
        281  47.087893    0.01944     1.1662     69.971      7.067  50455.367    31.5940     6.3137      7.000     6.3142    24.8242     6.2717     8.9629     89.405    273.311    280.096    0.03346    7.01493   10.02504  305.69827     6.3131   15.75134 3.8015e-02     0.1401     0.5087 0.0000e+00
        283  47.087900    0.01960     1.1763     70.575      8.075  50456.341    31.5945     6.3151      8.000     6.3158    24.8244     6.2828     8.9788     89.567    273.793    280.591    0.02882    7.01468   10.02468  305.68718     6.3145   15.75081 3.7988e-02     0.1405     0.5045 0.0000e+00
        286  47.087908    0.01978     1.1868     71.210      9.085  50455.909    31.5940     6.3168      9.000     6.3169    24.8238     6.2814     8.9767     89.549    273.730    280.525    0.02354    7.01442   10.02431  305.67613     6.3161   15.75029 3.7979e-02     0.1404     0.4986 0.0000e+00
        289  47.087916    0.01998     1.1989     71.935     10.095  50455.797    31.5937     6.3180     10.000     6.3176    24.8234     6.2753     8.9679     89.464    273.463    280.252    0.01824    7.01425   10.02406  305.66852     6.3172   15.74993 3.7977e-02     0.1460     0.4992 0.0000e+00
        292  47.087925    0.02021     1.2125     72.752     11.104  50455.947    31.5934     6.3187     11.000     6.3180    24.8231     6.2696     8.9599     89.385    273.219    280.001    0.01353    7.01414   10.02391  305.66387     6.3178   15.74971 3.7976e-02     0.1515     0.4950 0.0000e+00
        295  47.087935    0.02044     1.2264     73.584     12.113  50456.379    31.5933     6.3190     12.000     6.3179    24.8231     6.2695     8.9597     89.383    273.211    279.993    0.01024    7.01410   10.02385  305.66230     6.3180   15.74963 3.7977e-02     0.1451     0.4970 0.0000e+00
        299  47.087944    0.02066     1.2399     74.393     13.123  50457.178    31.5934     6.3188     13.000     6.3176    24.8231     6.2761     8.9691     89.478    273.501    280.290    0.00841    7.01413   10.02389  305.66330     6.3177   15.74968 3.7982e-02     0.1367     0.5034 0.0000e+00
        302  47.087954    0.02089     1.2537     75.223     14.132  50458.291    31.5936     6.3187     14.000     6.3177    24.8233     6.2851     8.9820     89.607    273.895    280.694    0.00716    7.01413   10.02389  305.66334     6.3176   15.74968 3.8008e-02     0.1441     0.5025 0.0000e+00
        305  47.087964    0.02114     1.2687     76.122     15.142  50459.083    31.5938     6.3190     15.000     6.3179    24.8234     6.2924     8.9925     89.712    274.214    281.021    0.00596    7.01408   10.02382  305.66111     6.3178   15.74957 3.8183e-02     0.1453     0.5102 0.0000e+00
        310  47.087977    0.02144     1.2863     77.180     16.152  50459.605    31.5937     6.3193     16.000     6.3180    24.8233     6.2996     9.0028     89.815    274.527    281.342    0.00482    7.01403   10.02375  305.65914     6.3180   15.74947 4.0109e-02     0.1414     0.5315 0.0000e+00
        314  47.087990    0.02177     1.3060     78.357     17.162  50460.272    31.5937     6.3193     17.000     6.3178    24.8233     6.3029     9.0076     89.862    274.671    281.489    0.00351    7.01403   10.02376  305.65943     6.3179   15.74949 5.8264e-02     0.1464     0.5273 0.0000e+00
        319  47.088004    0.02209     1.3259     79.554     18.171  50461.352    31.5940     6.3193     18.000     6.3179    24.8235     6.3104     9.0182     89.968    274.996    281.823    0.00290    7.01402   10.02374  305.65883     6.3178   15.74946 1.0484e-01     0.1498     0.4945 0.0000e+00
        324  47.088017    0.02241     1.3444     80.665     19.181  50461.790    31.5939     6.3196     19.000     6.3182    24.8234     6.3179     9.0290     90.077    275.325    282.160    0.00258    7.01398   10.02367  305.65665     6.3180   15.74936 8.4925e-02     0.1613     0.5019 0.0000e+00
        328  47.088029    0.02270     1.3621     81.728     20.190  50462.343    31.5938     6.3199     20.000     6.3182    24.8233     6.3250     9.0391     90.178    275.633    282.474    0.00235    7.01393   10.02361  305.65489     6.3182   15.74928 6.7147e-02     0.1547     0.5104 0.0000e+00
        333  47.088045    0.02307     1.3841     83.047     21.199  50463.331    31.5940     6.3200     21.000     6.3183    24.8236     6.3319     9.0489     90.276    275.932    282.782    0.00202    7.01391   10.02358  305.65369     6.3182   15.74922 5.6116e-02     0.1345     0.5055 0.0000e+00
        340  47.088063    0.02351     1.4110     84.658     22.208  50463.863    31.5940     6.3203     22.000     6.3185    24.8235     6.3373     9.0565     90.353    276.166    283.022    0.00157    7.01386   10.02351  305.65161     6.3185   15.74912 4.9961e-02     0.1386     0.5227 0.0000e+00
        345  47.088078    0.02388     1.4326     85.957     23.218  50464.287    31.5938     6.3204     23.000     6.3183    24.8233     6.3428     9.0645     90.432    276.406    283.267    0.00137    7.01386   10.02351  305.65163     6.3184   15.74912 4.7548e-02     0.1260     0.5157 0.0000e+00
        350  47.088092    0.02423     1.4533     87.200     24.228  50465.070    31.5938     6.3202     24.000     6.3182    24.8234     6.3520     9.0776     90.563    276.809    283.680    0.00158    7.01388   10.02353  305.65246     6.3182   15.74916 4.5980e-02     0.1334     0.5200 0.0000e+00
        355  47.088107    0.02457     1.4742     88.455     25.237  50465.944    31.5940     6.3202     25.000     6.3182    24.8235     6.3583     9.0866     90.653    277.084    283.962    0.00150    7.01387   10.02352  305.65212     6.3181   15.74915 4.4831e-02     0.1370     0.5444 0.0000e+00
        359  47.088120    0.02489     1.4935     89.610     26.247  50466.789    31.5941     6.3203     26.000     6.3182    24.8236     6.3594     9.0881     90.668    277.129    284.008    0.00108    7.01384   10.02349  305.65097     6.3182   15.74909 4.4007e-02     0.1500     0.5108 0.0000e+00
        364  47.088133    0.02519     1.5114     90.684     27.257  50467.511    31.5942     6.3205     27.000     6.3183    24.8237     6.3600     9.0891     90.678    277.159    284.039    0.00074    7.01381   10.02345  305.64979     6.3183   15.74903 4.3396e-02     0.1410     0.5076 0.0000e+00
        368  47.088146    0.02551     1.5308     91.848     28.266  50468.081    31.5941     6.3205     28.000     6.3182    24.8236     6.3640     9.0948     90.735    277.333    284.217    0.00075    7.01382   10.02345  305.64992     6.3182   15.74904 4.2791e-02     0.1391     0.5171 0.0000e+00
        374  47.088164    0.02592     1.5555     93.333     29.276  50468.909    31.5942     6.3206     29.000     6.3182    24.8237     6.3645     9.0954     90.742    277.352    284.237    0.00046    7.01380   10.02342  305.64883     6.3182   15.74899 4.1896e-02     0.1492     0.5276 0.0000e+00
        380  47.088179    0.02629     1.5771     94.629     30.285  50469.395    31.5941     6.3208     30.000     6.3183    24.8236     6.3682     9.1007     90.795    277.513    284.402    0.00047    7.01378   10.02339  305.64801     6.3183   15.74895 4.1024e-02     0.1326     0.5197 0.0000e+00
        384  47.088192    0.02660     1.5959     95.754     31.295  50470.136    31.5942     6.3209     31.000     6.3184    24.8236     6.3748     9.1102     90.890    277.802    284.699    0.00082    7.01375   10.02335  305.64689     6.3183   15.74890 4.0816e-02     0.1330     0.5364 0.0000e+00
        389  47.088205    0.02692     1.6149     96.895     32.305  50470.874    31.5942     6.3211     32.000     6.3184    24.8237     6.3764     9.1126     90.914    277.875    284.772    0.00065    7.01372   10.02331  305.64562     6.3184   15.74884 4.0635e-02     0.1434     0.5350 0.0000e+00
        393  47.088218    0.02722     1.6335     98.012     33.315  50471.473    31.5942     6.3212     33.000     6.3185    24.8237     6.3754     9.1111     90.899    277.828    284.725    0.00032    7.01370   10.02328  305.64467     6.3184   15.74879 4.0365e-02     0.1309     0.5330 0.0000e+00
        398  47.088233    0.02759     1.6551     99.304     34.324  50472.065    31.5941     6.3212     34.000     6.3183    24.8236     6.3766     9.1127     90.916    277.879    284.777    0.00023    7.01370   10.02328  305.64465     6.3184   15.74879 4.0079e-02     0.1297     0.5248 0.0000e+00
        403  47.088248    0.02794     1.6764    100.581     35.333  50472.710    31.5940     6.3211     35.000     6.3181    24.8236     6.3753     9.1108     90.896    277.821    284.718    0.00000    7.01373   10.02332  305.64570     6.3182   15.74884 3.9766e-02     0.1268     0.5372 0.0000e+00
        408  47.088262    0.02827     1.6966    101.795     36.343  50473.338    31.5940     6.3209     36.000     6.3178    24.8236     6.3779     9.1146     90.934    277.937    284.837    0.00011    7.01376   10.02336  305.64716     6.3180   15.74891 3.9483e-02     0.1300     0.5315 0.0000e+00
        413  47.088277    0.02864     1.7185    103.112     37.352  50474.331    31.5942     6.3207     37.000     6.3177    24.8237     6.3771     9.1135     90.922    277.901    284.799 -7.537e-07    7.01378   10.02340  305.64808     6.3176   15.74895 3.9004e-02     0.1238     0.5196 0.0000e+00
        418  47.088289    0.02893     1.7357    104.143     38.362  50475.080    31.5943     6.3210     38.000     6.3180    24.8238     6.3755     9.1112     90.899    277.831    284.727   -0.00025    7.01373   10.02333  305.64599     6.3179   15.74885 3.8401e-02     0.1224     0.5108 0.0000e+00
        422  47.088302    0.02924     1.7543    105.257     39.372  50475.601    31.5942     6.3214     39.000     6.3183    24.8237     6.3806     9.1185     90.974    278.055    284.957    0.00016    7.01366   10.02322  305.64287     6.3182   15.74871 3.8052e-02     0.1231     0.5017 0.0000e+00
        427  47.088316    0.02958     1.7752    106.511     40.381  50476.166    31.5942     6.3218     40.000     6.3184    24.8236     6.3842     9.1237     91.026    278.211    285.118    0.00034    7.01361   10.02315  305.64058     6.3184   15.74860 3.7982e-02     0.1489     0.4858 0.0000e+00
        431  47.088329    0.02989     1.7936    107.616     41.391  50476.530    31.5940     6.3216     41.000     6.3180    24.8235     6.3855     9.1255     91.043    278.268    285.175    0.00030    7.01366   10.02322  305.64280     6.3182   15.74871 3.7977e-02     0.1546     0.5077 0.0000e+00
        437  47.088345    0.03027     1.8162    108.973     42.400  50477.342    31.5940     6.3215     42.000     6.3179    24.8236     6.3828     9.1216     91.006    278.151    285.056   -0.00007    7.01365   10.02321  305.64265     6.3180   15.74870 3.7976e-02     0.1602     0.5051 0.0000e+00
        442  47.088359    0.03061     1.8365    110.191     43.411  50477.711    31.5937     6.3210     43.000     6.3171    24.8234     6.3815     9.1200     90.987    278.098    285.001   -0.00024    7.01374   10.02334  305.64659     6.3175   15.74888 3.7976e-02     0.1455     0.5098 0.0000e+00
        445  47.088369    0.03086     1.8519    111.115     44.420  50479.660    31.5945     6.3206     44.000     6.3173    24.8241     6.3850     9.1248     91.035    278.247    285.154    0.00001    7.01378   10.02339  305.64789     6.3170   15.74894 3.7976e-02     0.1280     0.5134 0.0000e+00
        450  47.088382    0.03117     1.8703    112.218     45.430  50480.101    31.5945     6.3216     45.000     6.3181    24.8240     6.3880     9.1291     91.080    278.377    285.287    0.00020    7.01363   10.02317  305.64130     6.3179   15.74863 3.7976e-02     0.1328     0.5068 0.0000e+00
        455  47.088397    0.03153     1.8919    113.516     46.439  50479.890    31.5940     6.3218     46.000     6.3178    24.8235     6.3891     9.1307     91.096    278.426    285.338    0.00018    7.01360   10.02314  305.64049     6.3180   15.74860 3.7976e-02     0.1377     0.5442 0.0000e+00
        460  47.088410    0.03185     1.9112    114.672     47.449  50480.246    31.5936     6.3211     47.000     6.3167    24.8233     6.3866     9.1272     91.059    278.319    285.228   -0.00015    7.01374   10.02334  305.64673     6.3172   15.74889 3.7976e-02     0.1357     0.5729 0.0000e+00
        465  47.088426    0.03221     1.9330    115.979     48.458  50481.409    31.5938     6.3201     48.000     6.3159    24.8236     6.3928     9.1358     91.144    278.585    285.500    0.00025    7.01390   10.02357  305.65340     6.3161   15.74921 3.7976e-02     0.1353     0.5178 0.0000e+00
        470  47.088440    0.03256     1.9534    117.207     49.468  50482.676    31.5941     6.3198     49.000     6.3160    24.8239     6.3957     9.1402     91.187    278.716    285.635    0.00041    7.01393   10.02361  305.65455     6.3158   15.74926 3.7976e-02     0.1363     0.4916 0.0000e+00
        473  47.088450    0.03280     1.9678    118.066     50.478  50483.516    31.5943     6.3204     50.000     6.3165    24.8240     6.3935     9.1370     91.156    278.617    285.533    0.00004    7.01383   10.02347  305.65019     6.3162   15.74905 3.7976e-02     0.1373     0.5038 0.0000e+00
        477  47.088460    0.03303     1.9814    118.886     51.488  50483.783    31.5941     6.3208     51.000     6.3168    24.8238     6.3945     9.1384     91.171    278.660    285.577    0.00003    7.01376   10.02337  305.64716     6.3166   15.74891 3.7976e-02     0.1444     0.5136 0.0000e+00
        481  47.088472    0.03332     1.9996    119.974     52.498  50484.107    31.5939     6.3211     52.000     6.3167    24.8236     6.3947     9.1387     91.175    278.671    285.588    0.00001    7.01372   10.02330  305.64549     6.3168   15.74883 3.7976e-02     0.1539     0.4941 0.0000e+00
        487  47.088489    0.03372     2.0234    121.404     53.507  50482.712    31.5922     6.3198     53.000     6.3138    24.8225     6.3917     9.1344     91.128    278.541    285.455   -0.00033    7.01402   10.02373  305.65876     6.3154   15.74947 3.7976e-02     0.1519     0.4701 0.0000e+00
