CTD-processing/allCTD/CNV/2016_06-16_alongbay_skb10_cast278_5028.cnv
* Sea-Bird SBE19plus Data File:
* FileName = C:\Users\Kris.Holderied\Documents\kasitsna\Research-KBL\Oceanography-AK\CTD-Data-ALL-to-2016-05\2016-CTD-KachemakBay-CookInlet\2016-06-16-KachemakBay-AlongBay-partial\2016-06-16-KachemakBay-AlongBay-cast278.hex
* Software Version 1.59
* Temperature SN =  5028
* Conductivity SN =  5028
* System UpLoad Time = Jul 26 2016 20:00:43
** Cook Inlet Kachemak Bay Along-bay line- partial
** Date (YYYY-MM-DD): 2016-06-16
** Station (eg. 9-01):  KB10
** Start time (AKDT): 16:12
** Depth (m): 63.4
** Comment:  R/V Edgecumbe.  Additional stations after monthly Transect 9 survey.
** Comment:
# nquan = 27
# nvalues = 59                          
# units = specified
# name 0 = scan: Scan Count
# name 1 = timeJ: Julian Days
# name 2 = timeH: Time, Elapsed [hours]
# name 3 = timeM: Time, Elapsed [minutes]
# name 4 = timeS: Time, Elapsed [seconds]
# name 5 = prdM: Pressure, Strain Gauge [db]
# name 6 = specc: Specific Conductance [uS/cm]
# name 7 = sal00: Salinity, Practical [PSU]
# name 8 = tv290C: Temperature [ITS-90, deg C]
# name 9 = depSM: Depth [salt water, m], lat = 59.00
# name 10 = potemp090C: Potential Temperature [ITS-90, deg C]
# name 11 = sigma-é00: Density [sigma-theta, kg/m^3]
# name 12 = sbeox0ML/L: Oxygen, SBE 43 [ml/l]
# name 13 = sbeox0Mg/L: Oxygen, SBE 43 [mg/l]
# name 14 = sbeox0PS: Oxygen, SBE 43 [% saturation]
# name 15 = sbox0Mm/Kg: Oxygen, SBE 43 [umol/kg]
# name 16 = sbeox0Mm/L: Oxygen, SBE 43 [umol/l]
# name 17 = sbox0dV/dT: Oxygen, SBE 43 [dov/dt]
# name 18 = oxsolML/L: Oxygen Saturation, Garcia & Gordon [ml/l]
# name 19 = oxsolMg/L: Oxygen Saturation, Garcia & Gordon [mg/l]
# name 20 = oxsolMm/Kg: Oxygen Saturation, Garcia & Gordon [umol/kg]
# name 21 = potemp090C: Potential Temperature [ITS-90, deg C]
# name 22 = n2satMg/L: Nitrogen Saturation [mg/l]
# name 23 = par: PAR/Irradiance, Biospherical/Licor
# name 24 = flECO-AFL: Fluorescence, WET Labs ECO-AFL/FL [mg/m^3]
# name 25 = turbWETntu0: Turbidity, WET Labs ECO [NTU]
# name 26 = flag: flag
# span 0 =         76,        563       
# span 1 = 168.676098, 168.677505       
# span 2 =    0.00524,    0.03900       
# span 3 =     0.3145,     2.3396       
# span 4 =     18.869,    140.379       
# span 5 =      1.009,     59.565       
# span 6 =  42884.593,  49608.730       
# span 7 =    27.2384,    31.1511       
# span 8 =     7.2397,    13.8714       
# span 9 =      1.000,     59.000       
# span 10 =     7.2361,    13.8853      
# span 11 =    20.2318,    24.3555      
# span 12 =     5.5564,     7.1213      
# span 13 =     7.9406,    10.1770      
# span 14 =     85.845,    116.656      
# span 15 =    243.233,    311.509      
# span 16 =    248.148,    318.036      
# span 17 =   -0.12033,    0.00790      
# span 18 =    6.09149,    6.88636      
# span 19 =    8.70536,    9.84130      
# span 20 =  266.53302,  300.23405      
# span 21 =     7.2353,    13.8711      
# span 22 =   13.89360,   15.49265      
# span 23 = 6.2905e-02, 1.9110e+02      
# span 24 =     0.0310,     0.9533      
# span 25 =     0.9401,     7.3252      
# span 26 = 0.0000e+00, 0.0000e+00      
# interval = meters: 1                  
# start_time = Jun 16 2016 16:13:16 [Instrument's time stamp, header]
# bad_flag = -9.990e-29
*END*
         76 168.676098    0.00524     0.3145     18.869      1.009  42884.593    27.2384    13.8211      1.000    13.8853    20.2318     5.5564     7.9406     90.847    243.233    248.148    0.00790    6.11850    8.74395  267.84948    13.8210   13.95913 1.8637e+02     0.4532     3.3651 0.0000e+00
        313 168.676781    0.02163     1.2982     77.892      2.019  43562.783    27.6884    13.8714      2.000    13.8610    20.5701     6.9867     9.9846    114.668    305.735    312.024    0.00338    6.09319    8.70777  266.63752    13.8711   13.89917 1.9110e+02     0.4581     7.3252 0.0000e+00
        327 168.676823    0.02264     1.3583     81.499      3.028  43768.593    27.8298    13.8422      3.000    13.8329    20.6847     7.0581    10.0868    115.870    308.828    315.216    0.00354    6.09149    8.70536  266.53302    13.8417   13.89360 1.3623e+02     0.5377     5.3572 0.0000e+00
        332 168.676836    0.02296     1.3773     82.637      4.038  43934.605    27.9416    13.7912      4.000    13.6788    20.7800     7.1083    10.1584    116.656    310.994    317.456    0.00771    6.09409    8.70907  266.62116    13.7907   13.89736 1.1749e+02     0.6287     4.2895 0.0000e+00
        336 168.676849    0.02326     1.3955     83.729      5.047  44176.234    28.0595    13.2374      5.000    12.3547    20.9702     7.1213    10.1770    115.663    311.509    318.036    0.00094    6.16365    8.80847  269.61000    13.2368   14.04010 1.0160e+02     0.7631     3.3289 0.0000e+00
        340 168.676862    0.02357     1.4141     84.848      6.056  46088.925    29.1368    10.6091      6.000     9.2880    22.2602     6.8670     9.8136    106.348    300.023    306.679   -0.04944    6.48006    9.26065  283.08341    10.6084   14.68097 8.4022e+01     0.9265     2.7977 0.0000e+00
        345 168.676875    0.02389     1.4333     85.996      7.066  48514.131    30.5741     8.3663      7.000     8.0463    23.7429     6.2149     8.8817     92.349    271.131    277.557   -0.12033    6.73969    9.63169  294.00988     8.3656   15.19778 6.8039e+01     0.9533     2.4032 0.0000e+00
        349 168.676888    0.02420     1.4521     87.124      8.076  49078.041    30.9025     7.8705      8.000     7.8031    24.0752     6.2159     8.8831     91.438    271.076    277.601   -0.09170    6.79871    9.71604  296.49199     7.8698   15.31506 5.5386e+01     0.8774     1.9841 0.0000e+00
        354 168.676900    0.02449     1.4697     88.183      9.085  49185.775    30.9583     7.7432      9.000     7.6914    24.1372     6.3914     9.1340     93.775    278.713    285.441   -0.04952    6.81569    9.74030  297.21464     7.7424   15.34934 4.5014e+01     0.6711     1.7038 0.0000e+00
        358 168.676913    0.02479     1.4877     89.261     10.095  49274.405    31.0037     7.6427     10.000     7.6093    24.1866     6.3943     9.1382     93.632    278.829    285.573   -0.03491    6.82929    9.75974  297.79342     7.6418   15.37678 3.6375e+01     0.4437     1.4704 0.0000e+00
        362 168.676925    0.02509     1.5056     90.336     11.104  49330.810    31.0331     7.5840     11.000     7.5655    24.2178     6.3247     9.0386     92.505    275.783    282.462   -0.03099    6.83715    9.77097  298.12692     7.5830   15.39257 2.9469e+01     0.2961     1.3050 0.0000e+00
        366 168.676937    0.02537     1.5220     91.322     12.113  49357.475    31.0458     7.5507     12.000     7.5331    24.2324     6.2664     8.9554     91.591    273.237    279.858   -0.02801    6.84178    9.77759  298.32486     7.5496   15.40196 2.3568e+01     0.2187     1.2124 0.0000e+00
        370 168.676947    0.02563     1.5378     92.268     13.123  49393.969    31.0660     7.5212     13.000     7.5104    24.2522     6.2308     8.9044     91.020    271.677    278.266   -0.02408    6.84549    9.78289  298.48060     7.5200   15.40931 1.8847e+01     0.1933     1.1719 0.0000e+00
        374 168.676959    0.02590     1.5542     93.252     14.133  49413.880    31.0769     7.5059     14.000     7.4998    24.2629     6.2115     8.8768     90.713    270.833    277.405   -0.01947    6.84740    9.78562  298.56090     7.5046   15.41309 1.5135e+01     0.1572     1.0977 0.0000e+00
        378 168.676970    0.02618     1.5711     94.263     15.142  49421.632    31.0803     7.4969     15.000     7.4902    24.2668     6.1979     8.8573     90.497    270.237    276.795   -0.01539    6.84865    9.78741  298.61451     7.4955   15.41564 1.2118e+01     0.1457     1.0412 0.0000e+00
        382 168.676983    0.02647     1.5882     95.291     16.152  49439.063    31.0902     7.4859     16.000     7.4798    24.2761     6.1838     8.8373     90.276    269.624    276.170   -0.01231    6.84993    9.78924  298.66749     7.4845   15.41813 9.6489e+00     0.1360     1.0244 0.0000e+00
        386 168.676995    0.02676     1.6056     96.339     17.161  49452.894    31.0978     7.4761     17.000     7.4689    24.2834     6.1704     8.8182     90.064    269.038    275.571   -0.01006    6.85114    9.79097  298.71813     7.4745   15.42051 7.6570e+00     0.1188     1.0250 0.0000e+00
        391 168.677007    0.02705     1.6233     97.396     18.171  49451.796    31.0943     7.4627     18.000     7.4521    24.2825     6.1610     8.8048     89.898    268.629    275.152   -0.00813    6.85339    9.79418  298.81631     7.4611   15.42521 6.0741e+00     0.1026     1.0137 0.0000e+00
        395 168.677020    0.02735     1.6411     98.465     19.180  49451.061    31.0901     7.4428     19.000     7.4318    24.2819     6.1472     8.7850     89.652    268.027    274.535   -0.00713    6.85671    9.79894  298.96166     7.4410   15.43216 4.7948e+00     0.0939     1.0167 0.0000e+00
        399 168.677030    0.02763     1.6575     99.449     20.189  49451.963    31.0873     7.4244     20.000     7.4125    24.2821     6.1287     8.7584     89.342    267.217    273.705   -0.00704    6.85973    9.80324  299.09293     7.4226   15.43844 3.7703e+00     0.1030     1.0440 0.0000e+00
        403 168.677042    0.02789     1.6729    100.376     21.199  49457.284    31.0874     7.4059     21.000     7.3950    24.2848     6.1095     8.7311     89.025    266.381    272.850   -0.00710    6.86264    9.80739  299.21881     7.4040   15.44444 2.9687e+00     0.1033     1.0469 0.0000e+00
        406 168.677052    0.02814     1.6886    101.318     22.209  49470.388    31.0938     7.3915     22.000     7.3868    24.2916     6.0885     8.7010     88.694    265.464    271.912   -0.00725    6.86461    9.81021  299.30286     7.3896   15.44843 2.3351e+00     0.1025     1.0386 0.0000e+00
        410 168.677064    0.02841     1.7049    102.293     23.218  49489.024    31.1062     7.3912     23.000     7.3959    24.3015     6.0727     8.6784     88.470    264.770    271.204   -0.00674    6.86410    9.80949  299.27779     7.3891   15.44718 1.8331e+00     0.0874     1.0259 0.0000e+00
        414 168.677075    0.02868     1.7206    103.236     24.228  49495.012    31.1123     7.4056     24.000     7.4109    24.3044     6.0633     8.6650     88.366    264.363    270.788   -0.00565    6.86157    9.80587  299.16665     7.4034   15.44186 1.4390e+00     0.0760     1.0241 0.0000e+00
        418 168.677085    0.02894     1.7361    104.166     25.237  49497.242    31.1154     7.4180     25.000     7.4194    24.3052     6.0608     8.6616     88.357    264.254    270.677   -0.00434    6.85947    9.80288  299.07515     7.4157   15.43748 1.1398e+00     0.0742     1.0215 0.0000e+00
        421 168.677096    0.02920     1.7516    105.095     26.247  49504.023    31.1206     7.4234     26.000     7.4217    24.3085     6.0603     8.6607     88.363    264.229    270.652   -0.00322    6.85839    9.80132  299.02684     7.4210   15.43515 9.1100e-01     0.0703     1.0021 0.0000e+00
        425 168.677107    0.02945     1.7671    106.028     27.257  49506.407    31.1218     7.4236     27.000     7.4193    24.3095     6.0610     8.6617     88.374    264.259    270.683   -0.00242    6.85831    9.80121  299.02282     7.4212   15.43496 7.2860e-01     0.0734     0.9713 0.0000e+00
        429 168.677117    0.02970     1.7823    106.938     28.266  49511.691    31.1246     7.4208     28.000     7.4180    24.3120     6.0662     8.6691     88.446    264.485    270.915   -0.00146    6.85861    9.80164  299.03547     7.4183   15.43554 5.8697e-01     0.0810     0.9475 0.0000e+00
        432 168.677128    0.02996     1.7979    107.873     29.276  49516.051    31.1272     7.4213     29.000     7.4191    24.3141     6.0675     8.6710     88.468    264.542    270.974   -0.00096    6.85843    9.80137  299.02661     7.4186   15.43511 4.7547e-01     0.0796     0.9409 0.0000e+00
        436 168.677139    0.03024     1.8141    108.844     30.285  49514.181    31.1255     7.4214     30.000     7.4174    24.3127     6.0631     8.6647     88.403    264.349    270.777   -0.00112    6.85848    9.80146  299.02957     7.4187   15.43526 3.8659e-01     0.0777     0.9401 0.0000e+00
        440 168.677151    0.03052     1.8312    109.873     31.295  49513.636    31.1241     7.4180     31.000     7.4128    24.3121     6.0591     8.6591     88.337    264.178    270.600   -0.00126    6.85907    9.80230  299.05542     7.4153   15.43650 3.1577e-01     0.0687     0.9559 0.0000e+00
        445 168.677164    0.03083     1.8498    110.991     32.305  49514.447    31.1233     7.4123     32.000     7.4057    24.3122     6.0545     8.6524     88.257    263.974    270.392   -0.00138    6.86002    9.80365  299.09681     7.4093   15.43848 2.6022e-01     0.0606     0.9546 0.0000e+00
        449 168.677177    0.03112     1.8675    112.051     33.314  49513.626    31.1206     7.4028     33.000     7.3939    24.3115     6.0484     8.6438     88.149    263.713    270.124   -0.00164    6.86163    9.80596  299.16739     7.3997   15.44185 2.1644e-01     0.0580     0.9596 0.0000e+00
        453 168.677188    0.03141     1.8845    113.068     34.324  49519.502    31.1225     7.3920     34.000     7.3855    24.3144     6.0424     8.6351     88.039    263.447    269.852   -0.00189    6.86325    9.80827  299.23697     7.3889   15.44517 1.8186e-01     0.0651     0.9565 0.0000e+00
        457 168.677200    0.03170     1.9017    114.101     35.334  49524.552    31.1247     7.3863     35.000     7.3819    24.3168     6.0357     8.6257     87.933    263.157    269.557   -0.00202    6.86405    9.80942  299.27120     7.3831   15.44679 1.5488e-01     0.0630     0.9531 0.0000e+00
        462 168.677213    0.03199     1.9192    115.154     36.343  49526.768    31.1253     7.3843     36.000     7.3805    24.3177     6.0281     8.6149     87.819    262.825    269.217   -0.00217    6.86432    9.80982  299.28301     7.3810   15.44735 1.3370e-01     0.0626     0.9616 0.0000e+00
        466 168.677224    0.03228     1.9367    116.204     37.352  49527.375    31.1252     7.3835     37.000     7.3797    24.3176     6.0209     8.6045     87.712    262.511    268.895   -0.00221    6.86447    9.81001  299.28902     7.3801   15.44764 1.1751e-01     0.0637     0.9708 0.0000e+00
        470 168.677237    0.03258     1.9548    117.289     38.362  49526.280    31.1238     7.3821     38.000     7.3770    24.3167     6.0172     8.5992     87.654    262.351    268.731   -0.00199    6.86474    9.81041  299.30159     7.3786   15.44825 1.0511e-01     0.0739     0.9770 0.0000e+00
        475 168.677250    0.03289     1.9735    118.409     39.372  49526.882    31.1230     7.3775     39.000     7.3713    24.3167     6.0163     8.5980     87.632    262.312    268.690   -0.00155    6.86550    9.81149  299.33465     7.3740   15.44983 9.5273e-02     0.0838     0.9795 0.0000e+00
        479 168.677263    0.03320     1.9923    119.536     40.382  49529.678    31.1233     7.3708     40.000     7.3629    24.3179     6.0099     8.5888     87.525    262.032    268.404   -0.00170    6.86655    9.81298  299.37975     7.3672   15.45198 8.7665e-02     0.0786     0.9967 0.0000e+00
        483 168.677275    0.03350     2.0100    120.602     41.391  49534.396    31.1245     7.3608     41.000     7.3516    24.3202     5.9990     8.5731     87.346    261.552    267.913   -0.00229    6.86807    9.81516  299.44536     7.3571   15.45510 8.1870e-02     0.0721     1.0035 0.0000e+00
        488 168.677288    0.03379     2.0274    121.643     42.401  49538.908    31.1250     7.3477     42.000     7.3342    24.3223     5.9941     8.5662     87.249    261.341    267.697   -0.00232    6.87010    9.81807  299.53351     7.3440   15.45930 7.7267e-02     0.0596     1.0103 0.0000e+00
        492 168.677300    0.03409     2.0452    122.709     43.410  49549.568    31.1282     7.3253     43.000     7.3120    24.3278     5.9909     8.5616     87.159    261.199    267.554   -0.00216    6.87350    9.82292  299.67977     7.3215   15.46627 7.3687e-02     0.0505     1.0502 0.0000e+00
        496 168.677312    0.03437     2.0622    123.729     44.420  49569.619    31.1393     7.3110     44.000     7.3069    24.3385     5.9815     8.5482     87.000    260.786    267.133   -0.00254    6.87526    9.82543  299.75335     7.3071   15.46974 7.0917e-02     0.0452     1.1068 0.0000e+00
        500 168.677324    0.03466     2.0795    124.771     45.430  49571.454    31.1403     7.3121     45.000     7.3071    24.3391     5.9747     8.5385     86.904    260.491    266.831   -0.00247    6.87505    9.82513  299.74412     7.3081   15.46929 6.8719e-02     0.0585     1.1123 0.0000e+00
        505 168.677337    0.03497     2.0980    125.877     46.440  49562.960    31.1330     7.3062     46.000     7.2926    24.3341     5.9710     8.5332     86.834    260.329    266.664   -0.00215    6.87631    9.82694  299.80067     7.3021   15.47202 6.6942e-02     0.0733     1.1188 0.0000e+00
        509 168.677350    0.03528     2.1166    126.995     47.449  49560.423    31.1261     7.2788     47.000     7.2595    24.3324     5.9639     8.5230     86.672    260.019    266.346   -0.00246    6.88095    9.83357  300.00354     7.2745   15.48173 6.5563e-02     0.0764     1.1751 0.0000e+00
        514 168.677363    0.03559     2.1357    128.141     48.459  49579.967    31.1341     7.2483     48.000     7.2378    24.3428     5.9531     8.5076     86.460    259.548    265.867   -0.00293    6.88540    9.83993  300.19454     7.2440   15.49081 6.4355e-02     0.0615     1.2827 0.0000e+00
        518 168.677376    0.03592     2.1551    129.309     49.468  49595.563    31.1430     7.2397     49.000     7.2361    24.3510     5.9333     8.4793     86.161    258.685    264.984   -0.00373    6.88636    9.84130  300.23405     7.2353   15.49265 6.3435e-02     0.0575     1.3191 0.0000e+00
        523 168.677390    0.03626     2.1755    130.529     50.478  49597.079    31.1441     7.2425     50.000     7.2394    24.3515     5.9176     8.4569     85.939    257.999    264.282   -0.00386    6.88587    9.84061  300.21259     7.2380   15.49163 6.3365e-02     0.0660     1.3393 0.0000e+00
        528 168.677405    0.03661     2.1966    131.798     51.488  49598.882    31.1456     7.2463     51.000     7.2441    24.3521     5.9120     8.4489     85.866    257.755    264.031   -0.00305    6.88521    9.83966  300.18353     7.2417   15.49023 6.3731e-02     0.0595     1.3942 0.0000e+00
        533 168.677419    0.03694     2.2165    132.992     52.498  49605.552    31.1511     7.2544     52.000     7.2550    24.3555     5.9132     8.4506     85.902    257.805    264.084   -0.00198    6.88367    9.83746  300.11544     7.2498   15.48696 6.3555e-02     0.0641     1.3570 0.0000e+00
        538 168.677432    0.03726     2.2358    134.149     53.507  49600.270    31.1488     7.2653     53.000     7.2612    24.3522     5.9117     8.4485     85.901    257.742    264.019   -0.00136    6.88205    9.83515  300.04582     7.2605   15.48365 6.3458e-02     0.0522     1.3762 0.0000e+00
