CTD-processing/allCTD/CNV/2016_08-30_t7_s10_cast079_5028.cnv
* Sea-Bird SBE19plus Data File:
* FileName = C:\Users\Kim.Powell\Desktop\2016_08-30_T7_5028\2016_08-30_T7_5028_cast079.hex
* Software Version 1.59
* Temperature SN =  5028
* Conductivity SN =  5028
* System UpLoad Time = Aug 30 2016 17:35:03
** CookInlet LTM Transect 7
** 2016_08-30
** Station: 7-10
** Start Time: 12:08
** Depth (m): 75
** Comment:
** Comment:
# nquan = 27
# nvalues = 67                          
# units = specified
# name 0 = scan: Scan Count
# name 1 = timeJ: Julian Days
# name 2 = timeH: Time, Elapsed [hours]
# name 3 = timeM: Time, Elapsed [minutes]
# name 4 = timeS: Time, Elapsed [seconds]
# name 5 = prdM: Pressure, Strain Gauge [db]
# name 6 = specc: Specific Conductance [uS/cm]
# name 7 = sal00: Salinity, Practical [PSU]
# name 8 = tv290C: Temperature [ITS-90, deg C]
# name 9 = depSM: Depth [salt water, m], lat = 59.00
# name 10 = potemp090C: Potential Temperature [ITS-90, deg C]
# name 11 = sigma-é00: Density [sigma-theta, kg/m^3]
# name 12 = sbeox0ML/L: Oxygen, SBE 43 [ml/l]
# name 13 = sbeox0Mg/L: Oxygen, SBE 43 [mg/l]
# name 14 = sbeox0PS: Oxygen, SBE 43 [% saturation]
# name 15 = sbox0Mm/Kg: Oxygen, SBE 43 [umol/kg]
# name 16 = sbeox0Mm/L: Oxygen, SBE 43 [umol/l]
# name 17 = sbox0dV/dT: Oxygen, SBE 43 [dov/dt]
# name 18 = oxsolML/L: Oxygen Saturation, Garcia & Gordon [ml/l]
# name 19 = oxsolMg/L: Oxygen Saturation, Garcia & Gordon [mg/l]
# name 20 = oxsolMm/Kg: Oxygen Saturation, Garcia & Gordon [umol/kg]
# name 21 = potemp090C: Potential Temperature [ITS-90, deg C]
# name 22 = n2satMg/L: Nitrogen Saturation [mg/l]
# name 23 = par: PAR/Irradiance, Biospherical/Licor
# name 24 = flECO-AFL: Fluorescence, WET Labs ECO-AFL/FL [mg/m^3]
# name 25 = turbWETntu0: Turbidity, WET Labs ECO [NTU]
# name 26 = flag: flag
# span 0 =        185,        676       
# span 1 = 243.506192, 243.507611       
# span 2 =    0.01278,    0.04684       
# span 3 =     0.7666,     2.8105       
# span 4 =     45.995,    168.627       
# span 5 =      1.010,     67.643       
# span 6 =  44612.115,  50011.215       
# span 7 =    28.3675,    31.6750       
# span 8 =     8.8234,    13.2680       
# span 9 =      1.000,     67.000       
# span 10 =     8.7709,    13.2611      
# span 11 =    21.2966,    24.5435      
# span 12 =     5.0639,     6.4502      
# span 13 =     7.2369,     9.2180      
# span 14 =     76.487,    105.700      
# span 15 =    220.738,    281.775      
# span 16 =    226.155,    288.069      
# span 17 =   -0.02181,    0.02547      
# span 18 =    6.09407,    6.62065      
# span 19 =    8.70904,    9.46158      
# span 20 =  266.24050,  288.59515      
# span 21 =     8.8165,    13.2646      
# span 22 =   13.87220,   14.93480      
# span 23 = 6.9263e-02, 5.2629e+02      
# span 24 =     0.0126,     3.3737      
# span 25 =     0.1673,     0.6394      
# span 26 = 0.0000e+00, 0.0000e+00      
# interval = meters: 1                  
# start_time = Aug 30 2016 12:08:09 [Instrument's time stamp, header]
# bad_flag = -9.990e-29
*END*
[from data line 54]
        613 243.507429    0.04247     2.5481    152.886     55.527  48363.172    30.7761    10.8059     55.000    10.7470    23.5228     5.5650     7.9530     87.290    242.822    248.534   -0.01515    6.37537    9.11103  278.18026    10.7995   14.44026 7.6471e-02     0.1712     0.1763 0.0000e+00
        618 243.507446    0.04288     2.5726    154.354     56.536  48501.198    30.8561    10.6571     56.000    10.6037    23.6103     5.5341     7.9087     86.570    241.450    247.151   -0.01304    6.39265    9.13573  278.91053    10.6506   14.47490 7.5692e-02     0.1455     0.1838 0.0000e+00
        623 243.507460    0.04320     2.5925    155.547     57.545  48598.068    30.9110    10.5458     57.000    10.4908    23.6718     5.5004     7.8606     85.866    239.966    245.647   -0.01290    6.40584    9.15458  279.46898    10.5393   14.50141 7.4995e-02     0.1536     0.1811 0.0000e+00
        627 243.507470    0.04345     2.6070    156.421     58.556  48661.586    30.9447    10.4559     58.000    10.3765    23.7131     5.4807     7.8325     85.411    239.101    244.771   -0.01237    6.41698    9.17050  279.94381    10.4493   14.52400 7.4294e-02     0.1601     0.1786 0.0000e+00
        632 243.507484    0.04379     2.6272    157.635     59.565  48806.718    31.0232    10.2624     59.000    10.1788    23.8064     5.4467     7.7839     84.568    237.595    243.251   -0.01302    6.44084    9.20460  280.95920    10.2558   14.57228 7.3593e-02     0.1506     0.1763 0.0000e+00
        639 243.507507    0.04434     2.6602    159.609     60.575  48988.670    31.1214    10.0224     60.000     9.9323    23.9223     5.3726     7.6781     83.033    234.337    239.943   -0.01471    6.47060    9.24713  282.22522    10.0158   14.63246 7.2795e-02     0.1004     0.2019 0.0000e+00
        643 243.507516    0.04455     2.6733    160.397     61.585  49076.845    31.1609     9.8502     61.000     9.6940    23.9810     5.3457     7.6396     82.328    233.149    238.740   -0.01539    6.49348    9.27982  283.20675     9.8435   14.67925 7.2280e-02     0.0860     0.2175 0.0000e+00
        646 243.507527    0.04481     2.6887    161.321     62.595  49321.168    31.2985     9.5899     62.000     9.4829    24.1301     5.2953     7.5676     81.158    230.916    236.488   -0.01828    6.52496    9.32481  284.53833     9.5833   14.74238 7.1796e-02     0.0721     0.2376 0.0000e+00
        655 243.507552    0.04543     2.7254    163.523     63.604  49571.461    31.4398     9.3328     63.000     9.2835    24.2812     5.1883     7.4146     79.138    226.217    231.710   -0.01861    6.55607    9.36928  285.85317     9.3261   14.80469 7.1069e-02     0.0610     0.2764 0.0000e+00
        659 243.507563    0.04567     2.7406    164.438     64.614  49640.247    31.4764     9.2505     64.000     9.1948    24.3225     5.1650     7.3813     78.657    225.191    230.668   -0.01663    6.56648    9.38416  286.29549     9.2437   14.82569 7.0571e-02     0.0488     0.3012 0.0000e+00
        663 243.507574    0.04595     2.7574    165.442     65.623  49734.073    31.5277     9.1487     65.000     9.0946    24.3785     5.1446     7.3522     78.196    224.291    229.759   -0.01466    6.57915    9.40226  286.83224     9.1419   14.85114 7.0182e-02     0.0366     0.3216 0.0000e+00
        670 243.507594    0.04643     2.7860    167.160     66.634  49866.074    31.5989     8.9991     66.000     8.9391    24.4572     5.1062     7.2973     77.390    222.598    228.043   -0.01248    6.59803    9.42924  287.63328     8.9922   14.88914 6.9702e-02     0.0271     0.3470 0.0000e+00
        676 243.507611    0.04684     2.8105    168.627     67.643  50011.215    31.6750     8.8234     67.000     8.7709    24.5435     5.0639     7.2369     76.487    220.738    226.155   -0.01285    6.62065    9.46158  288.59515     8.8165   14.93480 6.9263e-02     0.0126     0.3869 0.0000e+00
