CTD-processing/allCTD/CNV/2017_06-28_t9_s06_cast190_4141.cnv
* Sea-Bird SBE19plus Data File:
* FileName = C:\Users\Kim.Powell\Desktop\2017_06-28_4141\T9\2017_06-28_T9_cast190.hex
* Software Version 1.59
* Temperature SN =  4141
* Conductivity SN =  4141
* System UpLoad Time = Jul 21 2017 10:49:59
** CookInlet LTM Transect 9
** 2017_06-28
** Station: 9-06
** Start Time: 12:14
** Depth: 94m
** Comment: Barnacle
** Comment:
# nquan = 27
# nvalues = 94                          
# units = specified
# name 0 = scan: Scan Count
# name 1 = timeJ: Julian Days
# name 2 = timeH: Time, Elapsed [hours]
# name 3 = timeM: Time, Elapsed [minutes]
# name 4 = timeS: Time, Elapsed [seconds]
# name 5 = prdM: Pressure, Strain Gauge [db]
# name 6 = specc: Specific Conductance [uS/cm]
# name 7 = sal00: Salinity, Practical [PSU]
# name 8 = tv290C: Temperature [ITS-90, deg C]
# name 9 = depSM: Depth [salt water, m], lat = 59.00
# name 10 = potemp090C: Potential Temperature [ITS-90, deg C]
# name 11 = sigma-é00: Density [sigma-theta, kg/m^3]
# name 12 = sbeox0ML/L: Oxygen, SBE 43 [ml/l]
# name 13 = sbeox0Mg/L: Oxygen, SBE 43 [mg/l]
# name 14 = sbeox0PS: Oxygen, SBE 43 [% saturation]
# name 15 = sbox0Mm/Kg: Oxygen, SBE 43 [umol/kg]
# name 16 = sbeox0Mm/L: Oxygen, SBE 43 [umol/l]
# name 17 = sbox0dV/dT: Oxygen, SBE 43 [dov/dt]
# name 18 = oxsolML/L: Oxygen Saturation, Garcia & Gordon [ml/l]
# name 19 = oxsolMg/L: Oxygen Saturation, Garcia & Gordon [mg/l]
# name 20 = oxsolMm/Kg: Oxygen Saturation, Garcia & Gordon [umol/kg]
# name 21 = n2satMg/L: Nitrogen Saturation [mg/l]
# name 22 = par: PAR/Irradiance, Biospherical/Licor
# name 23 = wetStar: Fluorescence, WET Labs WETstar [mg/m^3]
# name 24 = CStarAt0: Beam Attenuation, WET Labs C-Star [1/m]
# name 25 = CStarTr0: Beam Transmission, WET Labs C-Star [%]
# name 26 = flag: flag
# span 0 =        109,        666       
# span 1 = 179.511758, 179.513370       
# span 2 =    0.00747,    0.04617       
# span 3 =     0.4481,     2.7702       
# span 4 =     26.887,    166.216       
# span 5 =      1.018,     94.907       
# span 6 =  45756.768,  50712.812       
# span 7 =    28.9630,    31.7692       
# span 8 =     6.5093,    10.8006       
# span 9 =      1.000,     94.000       
# span 10 =     6.5032,    10.7543      
# span 11 =    22.1123,    24.9380      
# span 12 =     2.7859,     3.1078      
# span 13 =     3.9813,     4.4413      
# span 14 =     42.769,     44.567      
# span 15 =    121.653,    135.417      
# span 16 =    124.418,    138.794      
# span 17 =   -0.00065,    0.00153      
# span 18 =    6.45027,    6.97734      
# span 19 =    9.21807,    9.97130      
# span 20 =  281.83627,  304.03794      
# span 21 =   14.62259,   15.67171      
# span 22 = 4.4796e-02, 3.4009e+02      
# span 23 =     0.4267,     4.3490      
# span 24 =     0.8022,     2.8003      
# span 25 =    49.6562,    81.8270      
# span 26 = 0.0000e+00, 0.0000e+00      
# interval = meters: 1                  
# start_time = Jun 28 2017 12:16:29 [Instrument's time stamp, header]
# bad_flag = -9.990e-29
*END*
        109 179.511758    0.00747     0.4481     26.887      1.018  45756.768    28.9630    10.8006      1.000    10.7543    22.1123     2.7965     3.9966     43.358    122.192    124.894   -0.00065    6.45027    9.21807  281.83627   14.62259 3.4009e+02     0.6016     1.3715    71.0069 0.0000e+00
        308 179.512334    0.02129     1.2773     76.639      2.015  46805.629    29.6316    10.1971      2.000    10.0590    22.7318     2.7859     3.9813     42.810    121.653    124.418    0.00153    6.50771    9.30016  284.17426   14.73173 2.2034e+02     1.4137     1.3411    71.5188 0.0000e+00
        324 179.512381    0.02241     1.3448     80.690      3.037  47203.960    29.8790     9.9269      3.000     9.9260    22.9682     2.7953     3.9948     42.769    122.036    124.839    0.00069    6.53593    9.34050  285.34105   14.78653 1.4149e+02     1.5668     1.3151    71.9816 0.0000e+00
        328 179.512393    0.02270     1.3619     81.716      4.030  47265.591    29.9202     9.9150      4.000     9.8925    23.0022     2.7970     3.9973     42.795    122.108    124.917    0.00067    6.53593    9.34050  285.33149   14.78591 1.0330e+02     2.1057     1.2681    72.8315 0.0000e+00
        333 179.512407    0.02305     1.3830     82.978      5.049  47358.704    29.9775     9.8525      5.000     9.8215    23.0568     2.8007     4.0025     42.808    122.260    125.080    0.00031    6.54252    9.34991  285.60367   14.79869 7.4880e+01     2.7102     1.2736    72.7303 0.0000e+00
        338 179.512421    0.02338     1.4028     84.171      6.065  47428.389    30.0180     9.7878      6.000     9.7799    23.0987     2.8062     4.0104     42.843    122.498    125.327    0.00067    6.55014    9.36081  285.92490   14.81389 5.5388e+01     3.4157     1.2556    73.0603 0.0000e+00
        341 179.512432    0.02364     1.4183     85.098      7.062  47456.049    30.0348     9.7702      7.000     9.6704    23.1146     2.8062     4.0103     42.830    122.493    125.325    0.00005    6.55198    9.36344  286.00096   14.81745 4.0655e+01     3.9622     1.2539    73.0910 0.0000e+00
        346 179.512444    0.02394     1.4366     86.195      8.072  47867.700    30.2791     9.4253      8.000     9.2611    23.3591     2.8307     4.0453     42.942    123.531    126.416    0.00083    6.59180    9.42035  287.67011   14.89626 3.0037e+01     4.3490     1.1890    74.2901 0.0000e+00
        351 179.512459    0.02429     1.4573     87.441      9.086  48285.107    30.5326     9.1319      9.000     9.0805    23.6023     2.8498     4.0727     43.022    124.339    127.273    0.00118    6.62402    9.46639  289.00741   14.95914 2.2092e+01     3.8991     1.0986    75.9849 0.0000e+00
        355 179.512472    0.02461     1.4768     88.611     10.093  48438.934    30.6272     9.0377     10.000     9.0130    23.6905     2.8538     4.0783     43.019    124.500    127.450    0.00065    6.63386    9.48045  289.41194   14.97808 1.6332e+01     3.2264     1.0539    76.8386 0.0000e+00
        360 179.512487    0.02496     1.4976     89.858     11.105  48515.867    30.6743     8.9918     11.000     8.9806    23.7344     2.8525     4.0764     42.967    124.437    127.391   -0.00036    6.63864    9.48727  289.60774   14.98724 1.2209e+01     3.1271     1.0609    76.7083 0.0000e+00
        365 179.512501    0.02530     1.5180     91.079     12.117  48560.660    30.7011     8.9615     12.000     8.9346    23.7599     2.8543     4.0790     42.973    124.513    127.471   -0.00009    6.64197    9.49204  289.74616   14.99375 9.0619e+00     3.2200     1.0379    77.1475 0.0000e+00
        370 179.512514    0.02562     1.5373     92.238     13.118  48673.270    30.7655     8.8607     13.000     8.7812    23.8254     2.8624     4.0907     43.017    124.863    127.838    0.00017    6.65418    9.50949  290.25998   15.01804 6.8151e+00     3.3186     0.9301    79.2537 0.0000e+00
        375 179.512530    0.02598     1.5591     93.547     14.134  48886.197    30.8852     8.6564     14.000     8.5832    23.9495     2.8784     4.1136     43.094    125.545    128.552    0.00058    6.67950    9.54568  291.32949   15.06865 5.1434e+00     3.0633     0.8465    80.9260 0.0000e+00
        380 179.512543    0.02630     1.5780     94.678     15.143  49019.078    30.9512     8.4743     15.000     8.3928    24.0279     2.8928     4.1341     43.150    126.161    129.192    0.00087    6.70403    9.58073  292.37676   15.11840 3.9357e+00     3.0233     0.8160    81.5467 0.0000e+00
        384 179.512556    0.02662     1.5970     95.822     16.148  49164.251    31.0341     8.3516     16.000     8.3209    24.1108     2.8990     4.1429     43.146    126.420    129.467    0.00029    6.71896    9.60206  293.00391   15.14801 3.0638e+00     2.7036     0.8048    81.7738 0.0000e+00
        389 179.512570    0.02695     1.6173     97.040     17.166  49229.172    31.0658     8.2632     17.000     8.2174    24.1483     2.9089     4.1572     43.217    126.849    129.913    0.00083    6.73099    9.61926  293.51806   15.17243 2.3602e+00     2.4728     0.8022    81.8270 0.0000e+00
        393 179.512583    0.02725     1.6354     98.122     18.171  49320.428    31.1148     8.1691     18.000     8.1331    24.2003     2.9120     4.1616     43.184    126.976    130.050    0.00009    6.74318    9.63667  294.03444   15.19689 1.8472e+00     2.1438     0.8053    81.7649 0.0000e+00
        398 179.512595    0.02756     1.6535     99.208     19.184  49384.350    31.1486     8.1015     19.000     8.0740    24.2365     2.9199     4.1728     43.244    127.315    130.401    0.00042    6.75200    9.64928  294.40880   15.21463 1.4125e+00     2.0984     0.8057    81.7565 0.0000e+00
        402 179.512606    0.02782     1.6690    100.142     20.185  49417.416    31.1637     8.0524     20.000     8.0225    24.2553     2.9235     4.1779     43.254    127.470    130.562    0.00051    6.75885    9.65907  294.70221   15.22857 1.1028e+00     2.1745     0.8152    81.5618 0.0000e+00
        406 179.512618    0.02811     1.6866    101.197     21.203  49452.817    31.1775     7.9849     21.000     7.9304    24.2757     2.9323     4.1905     43.322    127.852    130.956    0.00068    6.76860    9.67301  295.12154   15.24854 8.5144e-01     1.8805     0.8365    81.1295 0.0000e+00
        409 179.512628    0.02836     1.7018    102.111     22.208  49492.310    31.1797     7.8272     22.000     7.6763    24.2995     2.9421     4.2044     43.311    128.273    131.390    0.00041    6.79282    9.70762  296.17074   15.29861 6.6345e-01     1.8294     0.8348    81.1626 0.0000e+00
        413 179.512640    0.02862     1.7175    103.050     23.216  49765.233    31.3321     7.5949     23.000     7.5203    24.4513     2.9608     4.2313     43.400    129.074    132.230    0.00071    6.82208    9.74944  297.40232   15.35676 5.1851e-01     1.8219     0.9317    79.2774 0.0000e+00
        417 179.512651    0.02890     1.7341    104.046     24.234  49931.661    31.4245     7.4537     24.000     7.3997    24.5431     2.9751     4.2516     43.495    129.683    132.865    0.00142    6.83999    9.77503  298.15625   15.39236 4.0342e-01     1.5525     1.0212    77.4902 0.0000e+00
        421 179.512661    0.02916     1.7493    104.955     25.235  50008.074    31.4616     7.3601     25.000     7.2890    24.5850     2.9778     4.2555     43.452    129.794    132.985    0.00056    6.85302    9.79365  298.71196   15.41873 3.1465e-01     1.2851     0.8629    80.5919 0.0000e+00
        425 179.512673    0.02942     1.7651    105.904     26.248  50143.865    31.5326     7.2249     26.000     7.1726    24.6590     2.9851     4.2661     43.445    130.108    133.316    0.00007    6.87113    9.81953  299.47952   15.45506 2.4808e-01     1.0723     0.8684    80.4846 0.0000e+00
        428 179.512683    0.02968     1.7810    106.862     27.256  50235.316    31.5843     7.1579     27.000     7.1482    24.7086     2.9901     4.2731     43.464    130.315    133.535    0.00013    6.87937    9.83131  299.82474   15.47132 1.9827e-01     1.1498     0.8651    80.5455 0.0000e+00
        432 179.512695    0.02995     1.7973    107.838     28.268  50246.124    31.5895     7.1469     28.000     7.1361    24.7142     2.9911     4.2745     43.468    130.357    133.579    0.00013    6.88090    9.83349  299.88929   15.47438 1.5841e-01     1.1441     1.0386    77.2115 0.0000e+00
        436 179.512705    0.03021     1.8124    108.742     29.279  50248.219    31.5868     7.1253     29.000     7.0948    24.7149     2.9926     4.2768     43.469    130.426    133.650   -0.00006    6.88444    9.83855  300.04348   15.48174 1.2842e-01     1.0942     0.9419    79.0469 0.0000e+00
        439 179.512715    0.03045     1.8267    109.600     30.283  50296.003    31.6126     7.0851     30.000     7.0734    24.7405     2.9939     4.2785     43.454    130.479    133.706   -0.00017    6.88966    9.84601  300.26345   15.49213 1.0654e-01     1.0794     1.0495    77.0133 0.0000e+00
        443 179.512726    0.03069     1.8416    110.496     31.294  50330.639    31.6340     7.0730     31.000     7.0699    24.7590     2.9992     4.2862     43.526    130.709    133.945    0.00026    6.89061    9.84737  300.29942   15.49375 8.9259e-02     1.0393     1.0778    76.4661 0.0000e+00
        447 179.512736    0.03095     1.8570    111.421     32.299  50353.738    31.6500     7.0748     32.000     7.0817    24.7714     3.0002     4.2876     43.547    130.750    133.989    0.00063    6.88958    9.84591  300.25126   15.49139 7.7750e-02     0.9445     1.3301    71.7057 0.0000e+00
        451 179.512749    0.03124     1.8747    112.479     33.324  50361.926    31.6596     7.0994     33.000     7.1026    24.7756     2.9997     4.2868     43.566    130.726    133.964    0.00031    6.88526    9.83972  300.06150   15.48230 6.8896e-02     0.9267     1.3945    70.5690 0.0000e+00
        454 179.512759    0.03148     1.8888    113.330     34.324  50343.846    31.6472     7.1036     34.000     7.0969    24.7654     3.0014     4.2894     43.593    130.805    134.044    0.00065    6.88514    9.83955  300.05928   15.48225 6.2605e-02     0.9833     1.4447    69.6839 0.0000e+00
        458 179.512768    0.03171     1.9026    114.157     35.331  50376.963    31.6697     7.1033     35.000     7.1050    24.7832     3.0019     4.2900     43.606    130.824    134.065    0.00042    6.88418    9.83818  300.01210   15.47991 5.8618e-02     1.0246     1.4167    70.1743 0.0000e+00
        461 179.512778    0.03195     1.9171    115.028     36.346  50373.657    31.6681     7.1099     36.000     7.1072    24.7810     3.0007     4.2884     43.595    130.773    134.013    0.00028    6.88322    9.83680  299.97079   15.47794 5.5443e-02     1.2002     1.4243    70.0424 0.0000e+00
        464 179.512787    0.03217     1.9306    115.837     37.352  50361.832    31.6594     7.1099     37.000     7.0922    24.7742     3.0054     4.2951     43.661    130.977    134.222    0.00039    6.88359    9.83734  299.98918   15.47886 5.2871e-02     1.2208     1.4243    70.0421 0.0000e+00
        467 179.512796    0.03239     1.9437    116.624     38.362  50318.777    31.6217     7.0685     38.000     7.0251    24.7501     3.0113     4.3035     43.693    131.238    134.486    0.00092    6.89186    9.84916  300.35680   15.49654 5.1040e-02     1.0206     1.4715    69.2219 0.0000e+00
        471 179.512806    0.03262     1.9570    117.422     39.372  50380.418    31.6545     7.0137     39.000     7.0007    24.7831     3.0150     4.3088     43.702    131.397    134.653    0.00049    6.89909    9.85949  300.66199   15.51096 4.9733e-02     1.0029     1.4694    69.2614 0.0000e+00
        474 179.512815    0.03284     1.9702    118.214     40.382  50412.041    31.6741     7.0025     40.000     7.0022    24.7999     3.0186     4.3138     43.747    131.547    134.809    0.00061    6.89999    9.86078  300.69645   15.51253 4.8612e-02     1.0082     1.4129    70.2413 0.0000e+00
        477 179.512824    0.03306     1.9833    118.997     41.391  50413.784    31.6758     7.0080     41.000     7.0067    24.8006     3.0218     4.3185     43.800    131.689    134.955    0.00118    6.89902    9.85939  300.65393   15.51050 4.7222e-02     0.9580     1.3892    70.6588 0.0000e+00
        480 179.512833    0.03327     1.9963    119.779     42.402  50421.055    31.6811     7.0120     42.000     7.0123    24.8042     3.0238     4.3213     43.835    131.775    135.043    0.00072    6.89815    9.85816  300.61511   15.50862 4.6934e-02     0.8393     1.3772    70.8717 0.0000e+00
        483 179.512842    0.03348     2.0091    120.548     43.411  50430.280    31.6881     7.0175     43.000     7.0199    24.8089     3.0251     4.3230     43.861    131.828    135.099    0.00103    6.89698    9.85647  300.56232   15.50608 4.7211e-02     0.9279     1.3915    70.6171 0.0000e+00
        486 179.512851    0.03370     2.0218    121.310     44.415  50462.724    31.7126     7.0309     44.000     7.0382    24.8265     3.0240     4.3215     43.865    131.776    135.048    0.00095    6.89373    9.85183  300.41570   15.49899 4.6753e-02     0.9446     1.2468    73.2311 0.0000e+00
        489 179.512860    0.03392     2.0352    122.113     45.432  50447.124    31.7035     7.0438     45.000     7.0401    24.8177     3.0186     4.3140     43.799    131.548    134.812   -0.00016    6.89208    9.84947  300.34630   15.49571 4.5870e-02     0.9129     1.1585    74.8624 0.0000e+00
        493 179.512869    0.03414     2.0483    122.898     46.441  50443.539    31.7002     7.0419     46.000     7.0393    24.8154     3.0206     4.3167     43.824    131.634    134.901    0.00004    6.89253    9.85012  300.36682   15.49670 4.6194e-02     0.9193     1.2101    73.8973 0.0000e+00
        496 179.512878    0.03435     2.0610    123.658     47.448  50457.261    31.7101     7.0466     47.000     7.0476    24.8226     3.0229     4.3200     43.865    131.732    135.003    0.00034    6.89133    9.84840  300.31246   15.49407 4.5727e-02     0.9047     1.0579    76.7781 0.0000e+00
        499 179.512887    0.03456     2.0738    124.428     48.459  50399.612    31.6696     7.0475     48.000     7.0105    24.7906     3.0284     4.3280     43.935    131.979    135.251    0.00083    6.89303    9.85083  300.39562   15.49820 4.6271e-02     0.9457     0.9973    77.9344 0.0000e+00
        502 179.512896    0.03477     2.0866    125.195     49.467  50430.887    31.6818     6.9956     49.000     6.9637    24.8070     3.0317     4.3327     43.933    132.120    135.397    0.00075    6.90074    9.86185  300.72699   15.51396 4.5293e-02     0.9740     1.0453    77.0037 0.0000e+00
        505 179.512905    0.03499     2.0995    125.973     50.480  50390.636    31.6446     6.9463     50.000     6.8837    24.7842     3.0368     4.3400     43.947    132.345    135.626    0.00038    6.91028    9.87549  301.14952   15.53427 4.5879e-02     0.9924     1.1963    74.1646 0.0000e+00
        508 179.512914    0.03520     2.1120    126.722     51.490  50431.590    31.6573     6.8607     51.000     6.8187    24.8054     3.0461     4.3532     43.998    132.748    136.041    0.00067    6.92341    9.89424  301.71518   15.56119 4.5373e-02     0.8986     1.5184    68.4261 0.0000e+00
        511 179.512922    0.03540     2.1239    127.433     52.495  50450.082    31.6606     6.8103     52.000     6.7714    24.8145     3.0531     4.3632     44.048    133.051    136.352    0.00087    6.93133    9.90556  302.05763   15.57751 4.5119e-02     0.8610     1.5789    67.3851 0.0000e+00
        514 179.512930    0.03561     2.1365    128.188     53.503  50482.027    31.6735     6.7613     53.000     6.7334    24.8309     3.0569     4.3686     44.056    133.212    136.520    0.00082    6.93860    9.91595  302.36975   15.59234 4.5780e-02     0.7631     1.6029    66.9842 0.0000e+00
