CTD-processing/allCTD/CNV/2017_04-19_t7_s07_cast105_4141.cnv
* Sea-Bird SBE19plus Data File:
* FileName = P:\My Documents\kasitsna\Research-KBL\Oceanography-AK\CTD-Data-ALL-to-2017-02\2017-CTD-KachemakBay-CookInlet\2017-04-19-CookInlet-Tran7-Augustine\2017-04-19-CookInlet-Tran7-cast105.hex
* Software Version 1.59
* Temperature SN =  4141
* Conductivity SN =  4141
* System UpLoad Time = Apr 19 2017 16:37:47
** Cook Inlet LTM Transect 7 Augustine west to east
** Date: 2017-04-19
** Station: (eg. 9-01): 7-07
** Start time (AKDT): 10:09
** Depth (m): 61.6
** Comment: R/V Alaska Dreamcatcher
** Comment:
# nquan = 27
# nvalues = 60                          
# units = specified
# name 0 = scan: Scan Count
# name 1 = timeJ: Julian Days
# name 2 = timeH: Time, Elapsed [hours]
# name 3 = timeM: Time, Elapsed [minutes]
# name 4 = timeS: Time, Elapsed [seconds]
# name 5 = prdM: Pressure, Strain Gauge [db]
# name 6 = specc: Specific Conductance [uS/cm]
# name 7 = sal00: Salinity, Practical [PSU]
# name 8 = tv290C: Temperature [ITS-90, deg C]
# name 9 = depSM: Depth [salt water, m], lat = 59.00
# name 10 = potemp090C: Potential Temperature [ITS-90, deg C]
# name 11 = sigma-é00: Density [sigma-theta, kg/m^3]
# name 12 = sbeox0ML/L: Oxygen, SBE 43 [ml/l]
# name 13 = sbeox0Mg/L: Oxygen, SBE 43 [mg/l]
# name 14 = sbeox0PS: Oxygen, SBE 43 [% saturation]
# name 15 = sbox0Mm/Kg: Oxygen, SBE 43 [umol/kg]
# name 16 = sbeox0Mm/L: Oxygen, SBE 43 [umol/l]
# name 17 = sbox0dV/dT: Oxygen, SBE 43 [dov/dt]
# name 18 = oxsolML/L: Oxygen Saturation, Garcia & Gordon [ml/l]
# name 19 = oxsolMg/L: Oxygen Saturation, Garcia & Gordon [mg/l]
# name 20 = oxsolMm/Kg: Oxygen Saturation, Garcia & Gordon [umol/kg]
# name 21 = n2satMg/L: Nitrogen Saturation [mg/l]
# name 22 = par: PAR/Irradiance, Biospherical/Licor
# name 23 = wetStar: Fluorescence, WET Labs WETstar [mg/m^3]
# name 24 = CStarAt0: Beam Attenuation, WET Labs C-Star [1/m]
# name 25 = CStarTr0: Beam Transmission, WET Labs C-Star [%]
# name 26 = flag: flag
# span 0 =        130,        522       
# span 1 = 109.423729, 109.424864       
# span 2 =    0.00895,    0.03618       
# span 3 =     0.5367,     2.1710       
# span 4 =     32.200,    130.260       
# span 5 =      1.013,     60.564       
# span 6 =  51325.501,  51845.708       
# span 7 =    31.5947,    32.0150       
# span 8 =     3.4245,     4.0574       
# span 9 =      1.000,     60.000       
# span 10 =     3.4298,     4.0536      
# span 11 =    25.1206,    25.4140      
# span 12 =     3.5656,     3.8431      
# span 13 =     5.0956,     5.4922      
# span 14 =     47.457,     51.771      
# span 15 =    155.327,    167.400      
# span 16 =    159.240,    171.631      
# span 17 =   -0.00044,    0.00347      
# span 18 =    7.38288,    7.51558      
# span 19 =   10.55089,   10.74052      
# span 20 =  321.55489,  327.40221      
# span 21 =   16.50467,   16.78406      
# span 22 = 4.0563e-02, 4.4492e+02      
# span 23 =     0.1987,     1.5058      
# span 24 =     0.5092,     2.4632      
# span 25 =    57.4158,    88.0482      
# span 26 = 0.0000e+00, 0.0000e+00      
# interval = meters: 1                  
# start_time = Apr 19 2017 10:09:38 [Instrument's time stamp, header]
# bad_flag = -9.990e-29
*END*
        130 109.423729    0.00895     0.5367     32.200      1.013  51325.501    31.5947     3.5426      1.000     3.4836    25.1206     3.6293     5.1867     48.412    158.117    162.087   -0.00044    7.49705   10.71404  326.61619   16.74694 4.4492e+02     0.1987     2.4632    57.4158 0.0000e+00
        283 109.424172    0.01959     1.1749     70.494      2.020  51464.293    31.6543     3.4245      2.000     3.4298    25.1787     3.5666     5.0971     47.457    155.374    159.287   -0.00028    7.51558   10.74052  327.40221   16.78406 3.1278e+02     0.1998     1.0348    76.9378 0.0000e+00
        282 109.424169    0.01950     1.1700     70.202      3.027  51496.120    31.6796     3.4405      3.000     3.4476    25.1974     3.5682     5.0993     47.504    155.438    159.355   -0.00017    7.51134   10.73446  327.21154   16.77490 2.4771e+02     0.2161     0.9459    78.9433 0.0000e+00
        286 109.424182    0.01980     1.1884     71.302      4.038  51497.513    31.6834     3.4539      4.000     3.4554    25.1992     3.5656     5.0956     47.487    155.327    159.240   -0.00024    7.50866   10.73063  327.09430   16.76930 1.7358e+02     0.2416     0.9130    79.5939 0.0000e+00
        291 109.424194    0.02011     1.2065     72.390      5.048  51497.536    31.6836     3.4564      5.000     3.4563    25.1991     3.5663     5.0966     47.499    155.358    159.272   -0.00016    7.50820   10.72996  327.07403   16.76835 1.3467e+02     0.2717     0.9022    79.8086 0.0000e+00
        295 109.424206    0.02040     1.2240     73.442      6.055  51505.160    31.6885     3.4575      6.000     3.4591    25.2030     3.5722     5.1050     47.581    155.613    159.536    0.00046    7.50776   10.72933  327.05357   16.76735 9.1421e+01     0.3255     0.8941    79.9702 0.0000e+00
        299 109.424219    0.02070     1.2419     74.516      7.067  51512.374    31.6945     3.4639      7.000     3.4666    25.2072     3.5748     5.1087     47.624    155.724    159.649    0.00068    7.50626   10.72720  326.98728   16.76417 7.1347e+01     0.3624     0.8748    80.3558 0.0000e+00
        303 109.424231    0.02099     1.2595     75.569      8.073  51509.271    31.6930     3.4683      8.000     3.4681    25.2056     3.5772     5.1122     47.662    155.832    159.760    0.00065    7.50553   10.72616  326.95589   16.76268 5.6714e+01     0.4963     0.8712    80.4298 0.0000e+00
        308 109.424244    0.02130     1.2779     76.674      9.085  51511.117    31.6939     3.4688      9.000     3.4684    25.2062     3.5843     5.1224     47.756    156.140    160.075    0.00127    7.50538   10.72595  326.94926   16.76237 4.4966e+01     0.6608     0.8567    80.7202 0.0000e+00
        312 109.424256    0.02160     1.2960     77.759     10.097  51511.497    31.6937     3.4691     10.000     3.4681    25.2060     3.5884     5.1281     47.810    156.315    160.256    0.00121    7.50535   10.72590  326.94790   16.76230 3.5641e+01     0.7576     0.8521    80.8139 0.0000e+00
        316 109.424268    0.02188     1.3128     78.768     11.103  51512.162    31.6933     3.4678     11.000     3.4664    25.2059     3.5950     5.1376     47.897    156.605    160.553    0.00149    7.50559   10.72625  326.95862   16.76282 2.9702e+01     0.6701     0.8440    80.9782 0.0000e+00
        320 109.424280    0.02217     1.3302     79.815     12.115  51514.529    31.6940     3.4664     12.000     3.4654    25.2066     3.5992     5.1434     47.951    156.784    160.737    0.00149    7.50583   10.72659  326.96879   16.76330 2.4277e+01     0.7291     0.8420    81.0192 0.0000e+00
        324 109.424292    0.02246     1.3474     80.844     13.124  51517.388    31.6954     3.4664     13.000     3.4660    25.2078     3.6070     5.1548     48.057    157.129    161.090    0.00167    7.50575   10.72646  326.96453   16.76309 1.9954e+01     0.8446     0.8353    81.1546 0.0000e+00
        328 109.424304    0.02274     1.3644     81.866     14.130  51518.541    31.6958     3.4671     14.000     3.4663    25.2080     3.6178     5.1703     48.202    157.600    161.572    0.00253    7.50559   10.72624  326.95757   16.76276 1.6601e+01     0.7860     0.8342    81.1768 0.0000e+00
        333 109.424317    0.02305     1.3827     82.964     15.144  51518.529    31.6952     3.4668     15.000     3.4652    25.2076     3.6189     5.1719     48.216    157.648    161.622    0.00169    7.50569   10.72638  326.96211   16.76297 1.3846e+01     0.6589     0.8227    81.4100 0.0000e+00
        337 109.424329    0.02333     1.4001     84.005     16.152  51520.256    31.6955     3.4654     16.000     3.4642    25.2080     3.6262     5.1822     48.311    157.964    161.946    0.00195    7.50592   10.72671  326.97212   16.76344 1.1578e+01     0.7436     0.8297    81.2674 0.0000e+00
        341 109.424340    0.02361     1.4168     85.009     17.162  51521.851    31.6960     3.4650     17.000     3.4640    25.2083     3.6334     5.1925     48.407    158.281    162.271    0.00201    7.50598   10.72680  326.97476   16.76357 9.6796e+00     0.7615     0.8274    81.3138 0.0000e+00
        345 109.424352    0.02389     1.4335     86.011     18.169  51522.072    31.6957     3.4651     18.000     3.4641    25.2081     3.6463     5.2109     48.578    158.838    162.842    0.00282    7.50596   10.72677  326.97399   16.76354 8.0704e+00     0.6863     0.8199    81.4676 0.0000e+00
        349 109.424364    0.02420     1.4515     87.090     19.178  51522.764    31.6956     3.4651     19.000     3.4640    25.2080     3.6493     5.2153     48.619    158.974    162.981    0.00229    7.50599   10.72681  326.97497   16.76358 6.7326e+00     0.8503     0.8101    81.6663 0.0000e+00
        354 109.424378    0.02451     1.4707     88.243     20.193  51524.226    31.6962     3.4655     20.000     3.4646    25.2085     3.6576     5.2270     48.729    159.331    163.347    0.00224    7.50586   10.72662  326.96936   16.76331 5.6304e+00     0.8531     0.8035    81.8023 0.0000e+00
        358 109.424389    0.02479     1.4877     89.264     21.199  51525.200    31.6964     3.4659     21.000     3.4647    25.2086     3.6689     5.2432     48.881    159.824    163.852    0.00278    7.50580   10.72654  326.96671   16.76318 4.7301e+00     0.7352     0.8062    81.7475 0.0000e+00
        362 109.424401    0.02507     1.5044     90.265     22.207  51525.383    31.6960     3.4658     22.000     3.4641    25.2083     3.6786     5.2570     49.009    160.243    164.283    0.00299    7.50584   10.72659  326.96838   16.76327 3.9883e+00     0.6709     0.8085    81.6989 0.0000e+00
        366 109.424414    0.02537     1.5219     91.315     23.219  51526.797    31.6963     3.4652     23.000     3.4637    25.2086     3.6872     5.2694     49.124    160.623    164.672    0.00288    7.50592   10.72671  326.97182   16.76344 3.3695e+00     0.6845     0.8035    81.8007 0.0000e+00
        370 109.424425    0.02565     1.5391     92.344     24.226  51527.469    31.6961     3.4647     24.000     3.4629    25.2085     3.6996     5.2871     49.289    161.162    165.225    0.00335    7.50602   10.72687  326.97674   16.76367 2.8379e+00     0.6627     0.7993    81.8868 0.0000e+00
        375 109.424438    0.02594     1.5564     93.381     25.239  51528.577    31.6962     3.4642     25.000     3.4626    25.2086     3.7064     5.2969     49.379    161.460    165.530    0.00304    7.50612   10.72700  326.98073   16.76385 2.3784e+00     0.6608     0.7937    82.0016 0.0000e+00
        379 109.424449    0.02622     1.5731     94.388     26.245  51529.447    31.6962     3.4641     26.000     3.4625    25.2087     3.7201     5.3164     49.561    162.054    166.139    0.00347    7.50614   10.72702  326.98135   16.76389 1.9959e+00     0.8345     0.7941    81.9942 0.0000e+00
        383 109.424462    0.02652     1.5911     95.464     27.256  51531.558    31.6972     3.4643     27.000     3.4628    25.2094     3.7284     5.3282     49.671    162.414    166.509    0.00331    7.50605   10.72690  326.97747   16.76370 1.6752e+00     0.7900     0.7828    82.2247 0.0000e+00
        387 109.424474    0.02683     1.6094     96.566     28.269  51532.723    31.6976     3.4646     28.000     3.4631    25.2097     3.7350     5.3378     49.762    162.705    166.807    0.00293    7.50598   10.72679  326.97386   16.76353 1.4012e+00     0.9131     0.7870    82.1393 0.0000e+00
        391 109.424486    0.02711     1.6268     97.606     29.274  51534.296    31.6983     3.4650     29.000     3.4637    25.2102     3.7444     5.3511     49.885    163.110    167.222    0.00292    7.50585   10.72662  326.96859   16.76327 1.1731e+00     0.7216     0.7800    82.2829 0.0000e+00
        396 109.424498    0.02741     1.6444     98.666     30.284  51538.304    31.7008     3.4664     30.000     3.4658    25.2120     3.7526     5.3630     49.999    163.472    167.594    0.00297    7.50548   10.72608  326.95159   16.76245 9.7953e-01     0.7117     0.7701    82.4872 0.0000e+00
        400 109.424511    0.02771     1.6627     99.765     31.296  51539.002    31.7013     3.4688     31.000     3.4677    25.2123     3.7630     5.3778     50.140    163.925    168.057    0.00309    7.50500   10.72540  326.93068   16.76146 8.2446e-01     0.8164     0.7668    82.5557 0.0000e+00
        404 109.424523    0.02801     1.6804    100.825     32.304  51543.049    31.7041     3.4708     32.000     3.4708    25.2143     3.7672     5.3837     50.199    164.106    168.243    0.00250    7.50451   10.72468  326.90843   16.76039 6.9489e-01     0.7417     0.7614    82.6660 0.0000e+00
        409 109.424536    0.02830     1.6979    101.876     33.315  51547.235    31.7075     3.4752     33.000     3.4756    25.2167     3.7777     5.3988     50.346    164.564    168.713    0.00283    7.50351   10.72327  326.86437   16.75828 5.9010e-01     0.6927     0.7537    82.8259 0.0000e+00
        413 109.424548    0.02858     1.7150    102.899     34.325  51551.178    31.7110     3.4802     34.000     3.4807    25.2190     3.7879     5.4133     50.490    165.007    169.169    0.00320    7.50239   10.72167  326.81507   16.75592 4.9953e-01     0.7326     0.7617    82.6616 0.0000e+00
        416 109.424558    0.02885     1.7308    103.849     35.333  51555.060    31.7143     3.4849     35.000     3.4857    25.2212     3.7915     5.4185     50.544    165.164    169.330    0.00271    7.50138   10.72022  326.76996   16.75377 4.2525e-01     0.6440     0.7603    82.6892 0.0000e+00
        420 109.424570    0.02911     1.7466    104.795     36.341  51559.888    31.7186     3.4912     36.000     3.4927    25.2242     3.7994     5.4297     50.659    165.507    169.681    0.00275    7.49998   10.71822  326.70818   16.75081 3.5861e-01     0.7930     0.7600    82.6951 0.0000e+00
        424 109.424582    0.02940     1.7642    105.855     37.351  51556.632    31.7175     3.4977     37.000     3.4963    25.2227     3.8026     5.4344     50.710    165.647    169.826    0.00232    7.49886   10.71661  326.65950   16.74850 3.0181e-01     0.7959     0.7468    82.9696 0.0000e+00
        429 109.424595    0.02971     1.7830    106.981     38.362  51554.619    31.7159     3.4986     38.000     3.4963    25.2213     3.8116     5.4472     50.830    166.038    170.226    0.00249    7.49876   10.71648  326.65607   16.74834 2.5362e-01     0.7035     0.7413    83.0832 0.0000e+00
        433 109.424607    0.03002     1.8014    108.084     39.372  51560.257    31.7193     3.4991     39.000     3.4989    25.2239     3.8129     5.4490     50.849    166.095    170.284    0.00172    7.49849   10.71610  326.64358   16.74774 2.1479e-01     0.7596     0.7413    83.0847 0.0000e+00
        438 109.424620    0.03033     1.8195    109.170     40.382  51568.801    31.7262     3.5057     40.000     3.5079    25.2289     3.8215     5.4612     50.974    166.467    170.667    0.00214    7.49694   10.71387  326.57413   16.74441 1.8275e-01     0.7382     0.7400    83.1114 0.0000e+00
        442 109.424632    0.03061     1.8368    110.205     41.391  51573.073    31.7312     3.5157     41.000     3.5182    25.2319     3.8262     5.4680     51.052    166.674    170.879    0.00212    7.49484   10.71086  326.48148   16.73999 1.5653e-01     0.7273     0.7349    83.2159 0.0000e+00
        446 109.424644    0.03090     1.8539    111.234     42.401  51583.656    31.7409     3.5278     42.000     3.5324    25.2386     3.8316     5.4757     51.141    166.905    171.118    0.00215    7.49212   10.70698  326.36102   16.73423 1.3582e-01     0.6467     0.7307    83.3042 0.0000e+00
        450 109.424656    0.03117     1.8705    112.232     43.411  51592.769    31.7502     3.5422     43.000     3.5476    25.2448     3.8349     5.4804     51.207    167.049    171.265    0.00196    7.48898   10.70251  326.22281   16.72761 1.1795e-01     0.6772     0.7340    83.2353 0.0000e+00
        454 109.424667    0.03145     1.8870    113.221     44.419  51600.980    31.7591     3.5575     44.000     3.5644    25.2504     3.8399     5.4876     51.296    167.266    171.490    0.00209    7.48572   10.69784  326.07853   16.72072 1.0346e-01     0.7593     0.7242    83.4383 0.0000e+00
        458 109.424679    0.03174     1.9040    114.240     45.429  51617.297    31.7749     3.5784     45.000     3.5879    25.2611     3.8383     5.4853     51.306    167.193    171.416    0.00158    7.48107   10.69120  325.87287   16.71088 9.0975e-02     0.6890     0.7165    83.5998 0.0000e+00
        462 109.424691    0.03202     1.9215    115.292     46.440  51626.998    31.7879     3.6060     46.000     3.6142    25.2690     3.8368     5.4833     51.326    167.131    171.354    0.00116    7.47535   10.68302  325.62113   16.69886 8.1046e-02     0.7936     0.7084    83.7696 0.0000e+00
        466 109.424703    0.03232     1.9395    116.369     47.447  51643.785    31.8049     3.6304     47.000     3.6410    25.2803     3.8431     5.4922     51.447    167.400    171.631    0.00177    7.47000   10.67538  325.38442   16.68754 7.2523e-02     0.6907     0.6964    84.0217 0.0000e+00
        471 109.424717    0.03264     1.9586    117.514     48.459  51664.673    31.8268     3.6629     48.000     3.6750    25.2947     3.8363     5.4824     51.404    167.101    171.327    0.00088    7.46294   10.66528  325.07205   16.67260 6.5872e-02     0.7719     0.6820    84.3249 0.0000e+00
        476 109.424730    0.03296     1.9771    118.628     49.470  51741.197    31.8884     3.7035     49.000     3.7347    25.3400     3.8362     5.4823     51.476    167.092    171.326    0.00102    7.45240   10.65023  324.59892   16.64986 6.0430e-02     0.6485     0.6676    84.6279 0.0000e+00
        480 109.424742    0.03324     1.9947    119.683     50.478  51725.907    31.8946     3.7720     50.000     3.7837    25.3385     3.8317     5.4758     51.504    166.892    171.121    0.00106    7.43959   10.63192  324.04130   16.62332 5.6381e-02     0.8465     0.6204    85.6338 0.0000e+00
        484 109.424753    0.03353     2.0116    120.698     51.490  51719.832    31.8959     3.7961     51.000     3.8033    25.3372     3.8308     5.4746     51.522    166.855    171.083    0.00083    7.43516   10.62558  323.84867   16.61416 5.2974e-02     0.8033     0.6140    85.7713 0.0000e+00
        488 109.424765    0.03380     2.0279    121.675     52.495  51739.063    31.9143     3.8197     52.000     3.8312    25.3497     3.8288     5.4716     51.531    166.763    170.990    0.00058    7.42994   10.61813  323.61763   16.60310 5.0439e-02     0.8646     0.5978    86.1181 0.0000e+00
        492 109.424777    0.03410     2.0456    122.738     53.507  51845.708    31.9991     3.8711     53.000     3.9221    25.4123     3.8324     5.4769     51.675    166.915    171.157    0.00152    7.41636   10.59873  323.00652   16.57369 4.8211e-02     0.9737     0.5602    86.9332 0.0000e+00
