CTD-processing/allCTD/CNV/2017_04-18_t6_s04_cast072_4141.cnv
* Sea-Bird SBE19plus Data File:
* FileName = P:\My Documents\kasitsna\Research-KBL\Oceanography-AK\CTD-Data-ALL-to-2017-02\2017-CTD-KachemakBay-CookInlet\2017-04-18-CookInlet-Tran6-Douglas\2017-04-18-CookInlet-Tran6-cast072.hex
* Software Version 1.59
* Temperature SN =  4141
* Conductivity SN =  4141
* System UpLoad Time = Apr 18 2017 22:51:00
** Cook Inlet LTM Transect 6 Douglas east to west
** Date: (YYYY-MM-DD): 2017-04-18
** Station: (eg. 9-01): 6-04
** Start time (AKDT): 13:02
** Depth (m): 103.6
** Comment: R/V Alaska Dreamcatcher
** Comment:
# nquan = 27
# nvalues = 102                         
# units = specified
# name 0 = scan: Scan Count
# name 1 = timeJ: Julian Days
# name 2 = timeH: Time, Elapsed [hours]
# name 3 = timeM: Time, Elapsed [minutes]
# name 4 = timeS: Time, Elapsed [seconds]
# name 5 = prdM: Pressure, Strain Gauge [db]
# name 6 = specc: Specific Conductance [uS/cm]
# name 7 = sal00: Salinity, Practical [PSU]
# name 8 = tv290C: Temperature [ITS-90, deg C]
# name 9 = depSM: Depth [salt water, m], lat = 59.00
# name 10 = potemp090C: Potential Temperature [ITS-90, deg C]
# name 11 = sigma-é00: Density [sigma-theta, kg/m^3]
# name 12 = sbeox0ML/L: Oxygen, SBE 43 [ml/l]
# name 13 = sbeox0Mg/L: Oxygen, SBE 43 [mg/l]
# name 14 = sbeox0PS: Oxygen, SBE 43 [% saturation]
# name 15 = sbox0Mm/Kg: Oxygen, SBE 43 [umol/kg]
# name 16 = sbeox0Mm/L: Oxygen, SBE 43 [umol/l]
# name 17 = sbox0dV/dT: Oxygen, SBE 43 [dov/dt]
# name 18 = oxsolML/L: Oxygen Saturation, Garcia & Gordon [ml/l]
# name 19 = oxsolMg/L: Oxygen Saturation, Garcia & Gordon [mg/l]
# name 20 = oxsolMm/Kg: Oxygen Saturation, Garcia & Gordon [umol/kg]
# name 21 = n2satMg/L: Nitrogen Saturation [mg/l]
# name 22 = par: PAR/Irradiance, Biospherical/Licor
# name 23 = wetStar: Fluorescence, WET Labs WETstar [mg/m^3]
# name 24 = CStarAt0: Beam Attenuation, WET Labs C-Star [1/m]
# name 25 = CStarTr0: Beam Transmission, WET Labs C-Star [%]
# name 26 = flag: flag
# span 0 =         72,        596       
# span 1 = 108.543191, 108.544707       
# span 2 =    0.00490,    0.04129       
# span 3 =     0.2942,     2.4773       
# span 4 =     17.653,    148.644       
# span 5 =      1.011,    102.908       
# span 6 =  51520.665,  51660.928       
# span 7 =    32.0603,    32.1124       
# span 8 =     4.9721,     5.0744       
# span 9 =      1.000,    102.000       
# span 10 =     4.9848,     5.0700      
# span 11 =    25.3483,    25.3871      
# span 12 =     3.5597,     3.9198      
# span 13 =     5.0872,     5.6018      
# span 14 =     49.313,     54.361      
# span 15 =    155.048,    170.722      
# span 16 =    158.978,    175.055      
# span 17 =   -0.00090,    0.00360      
# span 18 =    7.19953,    7.21868      
# span 19 =   10.28884,   10.31622      
# span 20 =  313.57823,  314.41714      
# span 21 =   16.12470,   16.16476      
# span 22 = 3.6380e-02, 5.3388e+01      
# span 23 =     0.2182,     1.8839      
# span 24 =     0.2959,     1.1719      
# span 25 =    76.0274,    92.8678      
# span 26 = 0.0000e+00, 0.0000e+00      
# interval = meters: 1                  
# start_time = Apr 18 2017 13:01:54 [Instrument's time stamp, header]
# bad_flag = -9.990e-29
*END*
         72 108.543191    0.00490     0.2942     17.653      1.011  51520.665    32.0603     4.9721      1.000     5.0152    25.3483     3.5597     5.0872     49.313    155.048    158.978    0.00046    7.21868   10.31622  314.41714   16.16476 5.3388e+01     0.2182     1.1719    76.0274 0.0000e+00
        332 108.543944    0.02299     1.3797     82.779      2.050  51533.880    32.0901     5.0744      2.000     5.0700    25.3608     3.5812     5.1180     49.743    155.984    159.940    0.00161    7.19953   10.28884  313.57823   16.12470 4.1584e+01     0.5871     0.3259    91.8490 0.0000e+00
        310 108.543881    0.02147     1.2884     77.302      3.019  51532.318    32.0866     5.0650      3.000     5.0644    25.3591     3.5923     5.1337     49.883    156.461    160.429    0.00280    7.20133   10.29142  313.65713   16.12847 3.8006e+01     0.5192     0.4037    90.4017 0.0000e+00
        313 108.543889    0.02166     1.2995     77.967      4.036  51532.493    32.0861     5.0646      4.000     5.0636    25.3587     3.5981     5.1421     49.964    156.718    160.692    0.00337    7.20141   10.29153  313.66072   16.12864 3.6027e+01     0.5321     0.3920    90.6660 0.0000e+00
        316 108.543896    0.02185     1.3108     78.646      5.042  51527.591    32.0819     5.0630      5.000     5.0564    25.3555     3.5957     5.1386     49.927    156.611    160.582    0.00214    7.20190   10.29224  313.68330   16.12973 3.3116e+01     0.5195     0.3774    90.9961 0.0000e+00
        319 108.543905    0.02205     1.3234     79.405      6.060  51528.651    32.0797     5.0521      6.000     5.0436    25.3550     3.5997     5.1444     49.969    156.788    160.764    0.00164    7.20388   10.29506  313.76956   16.13385 2.9965e+01     0.5833     0.3584    91.4301 0.0000e+00
        322 108.543914    0.02226     1.3357     80.141      7.069  51538.635    32.0835     5.0402      7.000     5.0342    25.3593     3.6034     5.1496     50.008    156.947    160.927    0.00193    7.20571   10.29770  313.84851   16.13759 2.8617e+01     0.5864     0.3537    91.5355 0.0000e+00
        324 108.543922    0.02245     1.3469     80.813      8.084  51547.827    32.0878     5.0332      8.000     5.0313    25.3635     3.6070     5.1548     50.051    157.107    161.091    0.00161    7.20673   10.29913  313.89115   16.13960 2.8866e+01     0.5640     0.3561    91.4814 0.0000e+00
        327 108.543928    0.02261     1.3568     81.408      9.075  51562.882    32.0974     5.0322      9.000     5.0383    25.3713     3.6078     5.1559     50.064    157.139    161.126    0.00126    7.20645   10.29873  313.87640   16.13887 2.8360e+01     0.5457     0.3630    91.3247 0.0000e+00
        329 108.543936    0.02280     1.3679     82.075     10.090  51543.857    32.0854     5.0392     10.000     5.0344    25.3609     3.6114     5.1610     50.117    157.293    161.282    0.00149    7.20583   10.29784  313.85249   16.13778 2.7948e+01     0.8026     0.3560    91.4862 0.0000e+00
        332 108.543945    0.02301     1.3805     82.828     11.105  51551.276    32.0887     5.0334     11.000     5.0312    25.3642     3.6196     5.1727     50.226    157.652    161.650    0.00194    7.20666   10.29904  313.88804   16.13945 2.8799e+01     0.8717     0.3484    91.6584 0.0000e+00
        335 108.543954    0.02321     1.3929     83.576     12.121  51552.934    32.0889     5.0316     12.000     5.0283    25.3646     3.6345     5.1942     50.431    158.305    162.320    0.00314    7.20696   10.29947  313.90086   16.14006 2.8134e+01     1.0005     0.3505    91.6099 0.0000e+00
        338 108.543961    0.02339     1.4034     84.206     13.122  51553.165    32.0878     5.0278     13.000     5.0238    25.3641     3.6353     5.1951     50.435    158.334    162.350    0.00278    7.20766   10.30047  313.93159   16.14153 2.7770e+01     1.1938     0.3539    91.5316 0.0000e+00
        340 108.543968    0.02357     1.4141     84.848     14.129  51565.617    32.0952     5.0243     14.000     5.0268    25.3703     3.6380     5.1992     50.474    158.457    162.477    0.00247    7.20792   10.30084  313.94102   16.14195 2.8049e+01     1.2082     0.3502    91.6165 0.0000e+00
        343 108.543977    0.02376     1.4259     85.552     15.140  51561.301    32.0927     5.0292     15.000     5.0296    25.3678     3.6444     5.2084     50.567    158.736    162.763    0.00240    7.20719   10.29980  313.90987   16.14048 2.7239e+01     1.2189     0.3461    91.7128 0.0000e+00
        346 108.543984    0.02397     1.4380     86.281     16.157  51555.060    32.0880     5.0299     16.000     5.0255    25.3640     3.6555     5.2240     50.719    159.214    163.252    0.00325    7.20730   10.29994  313.91549   16.14076 2.5675e+01     1.5865     0.3449    91.7372 0.0000e+00
        349 108.543992    0.02416     1.4491     86.949     17.162  51559.560    32.0898     5.0260     17.000     5.0226    25.3659     3.6619     5.2331     50.804    159.492    163.538    0.00339    7.20790   10.30080  313.94102   16.14197 2.4236e+01     1.4891     0.3464    91.7036 0.0000e+00
        351 108.544000    0.02434     1.4601     87.608     18.165  51562.221    32.0905     5.0231     18.000     5.0205    25.3668     3.6642     5.2366     50.833    159.596    163.644    0.00283    7.20834   10.30144  313.96044   16.14289 2.3441e+01     1.6008     0.3465    91.7013 0.0000e+00
        354 108.544009    0.02453     1.4721     88.323     19.180  51565.149    32.0917     5.0214     19.000     5.0195    25.3679     3.6698     5.2446     50.910    159.841    163.896    0.00274    7.20858   10.30179  313.97046   16.14337 2.2391e+01     1.8162     0.3456    91.7247 0.0000e+00
        357 108.544017    0.02474     1.4844     89.065     20.190  51563.462    32.0898     5.0203     20.000     5.0150    25.3665     3.6775     5.2554     51.013    160.172    164.235    0.00288    7.20887   10.30220  313.98336   16.14399 2.0194e+01     1.6700     0.3428    91.7864 0.0000e+00
        360 108.544025    0.02494     1.4964     89.785     21.201  51568.186    32.0912     5.0147     21.000     5.0094    25.3683     3.6856     5.2671     51.118    160.524    164.597    0.00316    7.20976   10.30348  314.02189   16.14582 1.8049e+01     1.8256     0.3391    91.8724 0.0000e+00
        363 108.544033    0.02513     1.5078     90.467     22.211  51571.769    32.0919     5.0088     22.000     5.0032    25.3696     3.6929     5.2775     51.214    160.845    164.925    0.00325    7.21074   10.30488  314.06424   16.14783 1.6847e+01     1.7555     0.3369    91.9229 0.0000e+00
        366 108.544041    0.02532     1.5190     91.143     23.216  51580.371    32.0962     5.0040     23.000     5.0009    25.3735     3.6965     5.2827     51.260    161.002    165.088    0.00296    7.21137   10.30577  314.09036   16.14907 1.5814e+01     1.7261     0.3332    92.0077 0.0000e+00
        368 108.544049    0.02551     1.5303     91.820     24.230  51582.453    32.0968     5.0020     24.000     4.9995    25.3741     3.7036     5.2928     51.355    161.308    165.401    0.00297    7.21167   10.30620  314.10307   16.14966 1.4354e+01     1.8384     0.3300    92.0821 0.0000e+00
        371 108.544057    0.02569     1.5414     92.481     25.239  51583.727    32.0970     5.0014     25.000     4.9990    25.3744     3.7062     5.2966     51.391    161.424    165.520    0.00272    7.21177   10.30634  314.10727   16.14986 1.2709e+01     1.6558     0.3342    91.9852 0.0000e+00
        374 108.544064    0.02587     1.5523     93.135     26.243  51584.525    32.0968     5.0005     26.000     4.9969    25.3745     3.7164     5.3110     51.531    161.865    165.971    0.00313    7.21193   10.30657  314.11435   16.15020 1.1248e+01     1.5030     0.3336    91.9978 0.0000e+00
        376 108.544072    0.02605     1.5634     93.802     27.255  51587.420    32.0978     4.9984     27.000     4.9955    25.3754     3.7242     5.3222     51.636    162.204    166.319    0.00341    7.21226   10.30704  314.12830   16.15086 1.0079e+01     1.4747     0.3290    92.1035 0.0000e+00
        379 108.544080    0.02625     1.5752     94.512     28.263  51588.440    32.0979     4.9975     28.000     4.9933    25.3755     3.7307     5.3315     51.725    162.487    166.611    0.00360    7.21241   10.30726  314.13483   16.15117 9.0456e+00     1.4566     0.3228    92.2473 0.0000e+00
        382 108.544089    0.02646     1.5877     95.262     29.276  51592.072    32.0991     4.9937     29.000     4.9898    25.3769     3.7376     5.3414     51.818    162.791    166.923    0.00325    7.21301   10.30810  314.16039   16.15238 8.1177e+00     1.5079     0.3131    92.4707 0.0000e+00
        385 108.544097    0.02667     1.6001     96.007     30.287  51596.274    32.1011     4.9921     30.000     4.9906    25.3787     3.7431     5.3491     51.891    163.026    167.164    0.00321    7.21317   10.30835  314.16722   16.15270 7.2155e+00     1.5875     0.3147    92.4340 0.0000e+00
        388 108.544106    0.02687     1.6122     96.732     31.300  51597.674    32.1018     4.9932     31.000     4.9921    25.3791     3.7498     5.3588     51.987    163.320    167.466    0.00320    7.21294   10.30801  314.15696   16.15220 6.4144e+00     1.5226     0.3227    92.2483 0.0000e+00
        391 108.544114    0.02705     1.6235     97.408     32.303  51598.605    32.1023     4.9947     32.000     4.9921    25.3793     3.7530     5.3633     52.032    163.459    167.606    0.00290    7.21268   10.30763  314.14523   16.15164 5.6939e+00     1.8196     0.3313    92.0505 0.0000e+00
        393 108.544121    0.02724     1.6346     98.073     33.313  51599.969    32.1026     4.9943     33.000     4.9918    25.3797     3.7592     5.3723     52.119    163.730    167.886    0.00295    7.21270   10.30768  314.14657   16.15171 5.0402e+00     1.6907     0.3180    92.3571 0.0000e+00
        396 108.544129    0.02744     1.6462     98.770     34.316  51600.308    32.1023     4.9942     34.000     4.9916    25.3795     3.7608     5.3747     52.141    163.802    167.959    0.00248    7.21276   10.30776  314.14911   16.15183 4.4831e+00     1.8839     0.3218    92.2698 0.0000e+00
        399 108.544139    0.02766     1.6593     99.556     35.335  51601.704    32.1028     4.9942     35.000     4.9919    25.3799     3.7673     5.3838     52.232    164.083    168.248    0.00240    7.21273   10.30772  314.14775   16.15177 3.9778e+00     1.6032     0.3164    92.3950 0.0000e+00
        402 108.544147    0.02786     1.6716    100.298     36.350  51602.314    32.1027     4.9945     36.000     4.9920    25.3798     3.7764     5.3970     52.359    164.482    168.657    0.00296    7.21268   10.30764  314.14536   16.15165 3.5282e+00     1.4533     0.3163    92.3958 0.0000e+00
        405 108.544154    0.02805     1.6825    100.953     37.351  51602.488    32.1024     4.9947     37.000     4.9921    25.3795     3.7806     5.4029     52.417    164.664    168.843    0.00295    7.21266   10.30761  314.14453   16.15161 3.1717e+00     1.4716     0.3236    92.2266 0.0000e+00
        408 108.544163    0.02823     1.6938    101.630     38.356  51603.502    32.1027     4.9948     38.000     4.9921    25.3797     3.7854     5.4098     52.484    164.875    169.059    0.00272    7.21263   10.30757  314.14328   16.15155 2.8330e+00     1.6638     0.3260    92.1733 0.0000e+00
        410 108.544171    0.02843     1.7060    102.359     39.376  51604.617    32.1029     4.9949     39.000     4.9918    25.3799     3.7847     5.4086     52.472    164.839    169.023    0.00215    7.21260   10.30754  314.14221   16.15150 2.5310e+00     1.5153     0.3150    92.4272 0.0000e+00
        413 108.544179    0.02863     1.7178    103.069     40.382  51605.806    32.1032     4.9946     40.000     4.9917    25.3802     3.7898     5.4160     52.544    165.064    169.253    0.00193    7.21264   10.30758  314.14336   16.15155 2.2463e+00     1.4016     0.3193    92.3273 0.0000e+00
        416 108.544187    0.02882     1.7291    103.746     41.393  51604.683    32.1019     4.9946     41.000     4.9914    25.3791     3.7998     5.4303     52.683    165.499    169.699    0.00263    7.21271   10.30768  314.14668   16.15172 1.9922e+00     1.2958     0.3201    92.3092 0.0000e+00
        419 108.544195    0.02900     1.7400    104.400     42.403  51606.494    32.1026     4.9944     42.000     4.9912    25.3797     3.8042     5.4365     52.743    165.689    169.893    0.00289    7.21270   10.30768  314.14661   16.15171 1.7679e+00     1.3560     0.3179    92.3613 0.0000e+00
        421 108.544202    0.02919     1.7510    105.060     43.405  51605.984    32.1017     4.9943     43.000     4.9911    25.3790     3.8079     5.4418     52.793    165.850    170.058    0.00253    7.21277   10.30776  314.14934   16.15185 1.5764e+00     1.5627     0.3155    92.4159 0.0000e+00
        424 108.544210    0.02938     1.7628    105.769     44.417  51607.953    32.1026     4.9942     44.000     4.9905    25.3797     3.8069     5.4405     52.780    165.808    170.016    0.00185    7.21274   10.30773  314.14818   16.15179 1.3826e+00     1.4701     0.3185    92.3469 0.0000e+00
        427 108.544219    0.02959     1.7754    106.524     45.430  51611.177    32.1041     4.9934     45.000     4.9897    25.3810     3.8113     5.4467     52.841    165.999    170.212    0.00166    7.21280   10.30781  314.15030   16.15188 1.2248e+00     1.4846     0.3138    92.4536 0.0000e+00
        430 108.544228    0.02981     1.7884    107.307     46.438  51611.129    32.1035     4.9928     46.000     4.9879    25.3806     3.8160     5.4535     52.906    166.207    170.426    0.00193    7.21296   10.30804  314.15728   16.15222 1.0797e+00     1.7480     0.3124    92.4882 0.0000e+00
        433 108.544237    0.03003     1.8016    108.097     47.451  51614.006    32.1043     4.9901     47.000     4.9852    25.3817     3.8203     5.4597     52.963    166.394    170.617    0.00186    7.21336   10.30862  314.17452   16.15303 9.5521e-01     1.4786     0.3088    92.5695 0.0000e+00
        436 108.544246    0.03024     1.8140    108.842     48.464  51617.906    32.1062     4.9885     48.000     4.9848    25.3832     3.8199     5.4592     52.955    166.377    170.600    0.00130    7.21356   10.30890  314.18250   16.15340 8.4529e-01     1.5332     0.3159    92.4068 0.0000e+00
        439 108.544254    0.03043     1.8256    109.533     49.470  51619.402    32.1067     4.9884     49.000     4.9850    25.3837     3.8218     5.4617     52.980    166.455    170.680    0.00114    7.21355   10.30888  314.18184   16.15337 7.5392e-01     1.5867     0.3133    92.4671 0.0000e+00
        442 108.544262    0.03061     1.8368    110.211     50.476  51619.865    32.1065     4.9887     50.000     4.9857    25.3836     3.8283     5.4709     53.070    166.736    170.968    0.00149    7.21350   10.30880  314.17951   16.15326 6.8202e-01     1.3270     0.3173    92.3740 0.0000e+00
        445 108.544270    0.03080     1.8482    110.893     51.495  51626.071    32.1106     4.9897     51.000     4.9884    25.3866     3.8330     5.4778     53.140    166.948    171.185    0.00192    7.21314   10.30830  314.16339   16.15248 6.0614e-01     1.4951     0.3163    92.3958 0.0000e+00
        447 108.544278    0.03098     1.8591    111.548     52.491  51622.677    32.1084     4.9927     52.000     4.9897    25.3846     3.8328     5.4775     53.140    166.937    171.175    0.00152    7.21273   10.30771  314.14622   16.15167 5.3829e-01     1.3828     0.3205    92.3011 0.0000e+00
        450 108.544285    0.03118     1.8710    112.261     53.506  51625.799    32.1102     4.9939     53.000     4.9912    25.3860     3.8356     5.4816     53.181    167.061    171.301    0.00127    7.21243   10.30729  314.13269   16.15102 4.8168e-01     1.4295     0.3136    92.4600 0.0000e+00
