CTD-processing/allCTD/CNV/2017_10-17_t9_s08_cast062_4141.cnv
* Sea-Bird SBE19plus Data File:
* FileName = C:\Users\Kim.Powell\Desktop\Not Processed\2017\2017_10-17\2017_10-17_TRANSECT_STATION_cast062.hex
* Software Version 1.59
* Temperature SN =  4141
* Conductivity SN =  4141
* System UpLoad Time = Oct 20 2017 09:04:16
** Transect:
** 2017_10-17
** Station:9-08
** Start Time: 15:15
** Depth (m): 96.3
** Comment: Edgecumbe
** Comment:
# nquan = 27
# nvalues = 95                          
# units = specified
# name 0 = scan: Scan Count
# name 1 = timeJ: Julian Days
# name 2 = timeH: Time, Elapsed [hours]
# name 3 = timeM: Time, Elapsed [minutes]
# name 4 = timeS: Time, Elapsed [seconds]
# name 5 = prdM: Pressure, Strain Gauge [db]
# name 6 = specc: Specific Conductance [uS/cm]
# name 7 = sal00: Salinity, Practical [PSU]
# name 8 = tv290C: Temperature [ITS-90, deg C]
# name 9 = depSM: Depth [salt water, m], lat = 59.00
# name 10 = potemp090C: Potential Temperature [ITS-90, deg C]
# name 11 = sigma-é00: Density [sigma-theta, kg/m^3]
# name 12 = sbeox0ML/L: Oxygen, SBE 43 [ml/l]
# name 13 = sbeox0Mg/L: Oxygen, SBE 43 [mg/l]
# name 14 = sbeox0PS: Oxygen, SBE 43 [% saturation]
# name 15 = sbox0Mm/Kg: Oxygen, SBE 43 [umol/kg]
# name 16 = sbeox0Mm/L: Oxygen, SBE 43 [umol/l]
# name 17 = sbox0dV/dT: Oxygen, SBE 43 [dov/dt]
# name 18 = oxsolML/L: Oxygen Saturation, Garcia & Gordon [ml/l]
# name 19 = oxsolMg/L: Oxygen Saturation, Garcia & Gordon [mg/l]
# name 20 = oxsolMm/Kg: Oxygen Saturation, Garcia & Gordon [umol/kg]
# name 21 = n2satMg/L: Nitrogen Saturation [mg/l]
# name 22 = par: PAR/Irradiance, Biospherical/Licor
# name 23 = wetStar: Fluorescence, WET Labs WETstar [mg/m^3]
# name 24 = CStarAt0: Beam Attenuation, WET Labs C-Star [1/m]
# name 25 = CStarTr0: Beam Transmission, WET Labs C-Star [%]
# name 26 = flag: flag
# span 0 =        169,        738       
# span 1 = 290.636204, 290.637850       
# span 2 =    0.01168,    0.05120       
# span 3 =     0.7008,     3.0721       
# span 4 =     42.045,    184.328       
# span 5 =      1.009,     95.903       
# span 6 =  44364.039,  49123.406       
# span 7 =    27.7483,    31.1570       
# span 8 =     8.6654,    10.0829       
# span 9 =      1.000,     95.000       
# span 10 =     8.6672,    10.0770      
# span 11 =    21.4939,    24.0066      
# span 12 =     2.4282,     2.5345      
# span 13 =     3.4701,     3.6220      
# span 14 =     37.078,     38.112      
# span 15 =    105.994,    110.808      
# span 16 =    108.442,    113.190      
# span 17 =   -0.00061,    0.00202      
# span 18 =    6.49376,    6.81531      
# span 19 =    9.28023,    9.73977      
# span 20 =  283.33791,  297.96753      
# span 21 =   14.68761,   15.39861      
# span 22 = 4.2472e-02, 2.0932e+02      
# span 23 =     0.2525,     1.5302      
# span 24 =     0.5321,     1.8634      
# span 25 =    62.7606,    87.5434      
# span 26 = 0.0000e+00, 0.0000e+00      
# interval = meters: 1                  
# start_time = Oct 17 2017 15:15:26 [Instrument's time stamp, header]
# bad_flag = -9.990e-29
*END*
        169 290.636204    0.01168     0.7008     42.045      1.009  44364.039    27.7483     8.6654      1.000     8.6672    21.4939     2.5345     3.6220     37.188    110.808    113.190    0.00031    6.81531    9.73977  297.96753   15.39861 2.0932e+02     0.6602     0.9874    78.1074 0.0000e+00
        293 290.636563    0.02030     1.2178     73.069      2.024  44646.327    27.9528     8.7453      2.000     8.7710    21.6426     2.5239     3.6070     37.149    110.332    112.720   -0.00041    6.79401    9.70931  296.99245   15.35121 7.3192e+01     1.0534     1.0071    77.7434 0.0000e+00
        289 290.636550    0.01998     1.1987     71.921      3.029  44993.287    28.2059     8.8514      3.000     8.9051    21.8253     2.5158     3.5953     37.179    109.954    112.354    0.00005    6.76669    9.67027  295.74556   15.29062 6.0266e+01     1.2119     1.0030    77.8223 0.0000e+00
        294 290.636565    0.02034     1.2204     73.222      4.036  45697.580    28.7177     9.0367      4.000     9.2025    22.1982     2.4958     3.5668     37.159    109.042    111.462   -0.00010    6.71643    9.59845  293.44222   15.17849 4.6842e+01     1.3203     0.9754    78.3606 0.0000e+00
        299 290.636581    0.02072     1.2434     74.604      5.052  46650.125    29.4432     9.5382      5.000     9.6812    22.6893     2.4511     3.5029     37.078    107.039    109.468   -0.00061    6.61072    9.44738  288.68495   14.94820 3.8440e+01     1.5302     0.8580    80.6974 0.0000e+00
        305 290.636596    0.02108     1.2647     75.883      6.054  47174.999    29.8473     9.8440      6.000     9.9305    22.9566     2.4313     3.4746     37.124    106.146    108.583   -0.00000    6.54924    9.35951  285.92511   14.81459 3.3656e+01     1.4606     0.7197    83.5353 0.0000e+00
        310 290.636612    0.02146     1.2877     77.262      7.068  47453.750    30.0655    10.0352      7.000    10.0522    23.0962     2.4282     3.4701     37.284    105.994    108.442    0.00154    6.51265    9.30723  284.28898   14.73546 2.9178e+01     1.0480     0.6522    84.9549 0.0000e+00
        315 290.636626    0.02180     1.3080     78.481      8.076  47708.953    30.2482    10.0677      8.000    10.0770    23.2334     2.4313     3.4745     37.401    106.115    108.581    0.00202    6.50040    9.28971  283.71600   14.70731 2.5949e+01     0.7711     0.6248    85.5393 0.0000e+00
        320 290.636640    0.02212     1.3273     79.637      9.088  47852.022    30.3502    10.0829      9.000    10.0627    23.3104     2.4324     3.4761     37.456    106.157    108.632    0.00176    6.49399    9.28057  283.41527   14.69250 2.2290e+01     0.6098     0.6169    85.7076 0.0000e+00
        324 290.636652    0.02243     1.3460     80.757     10.093  48028.222    30.4676    10.0332     10.000    10.0191    23.4101     2.4336     3.4779     37.462    106.199    108.685    0.00109    6.49619    9.28370  283.48335   14.69528 1.9158e+01     0.5062     0.6351    85.3188 0.0000e+00
        329 290.636667    0.02277     1.3663     81.980     11.102  48114.277    30.5259    10.0180     11.000    10.0144    23.4579     2.4341     3.4786     37.471    106.216    108.707    0.00071    6.49592    9.28332  283.45849   14.69386 1.6343e+01     0.4407     0.6280    85.4711 0.0000e+00
        334 290.636681    0.02311     1.3868     83.209     12.116  48156.297    30.5531    10.0028     12.000     9.9909    23.4817     2.4354     3.4804     37.485    106.268    108.763    0.00042    6.49695    9.28479  283.49683   14.69558 1.3862e+01     0.4481     0.6312    85.4020 0.0000e+00
        339 290.636695    0.02345     1.4074     84.442     13.122  48211.575    30.5892     9.9832     13.000     9.9811    23.5130     2.4365     3.4820     37.495    106.314    108.813    0.00027    6.49824    9.28663  283.54427   14.69771 1.1646e+01     0.4094     0.6740    84.4930 0.0000e+00
        344 290.636710    0.02381     1.4286     85.714     14.132  48261.160    30.6241     9.9872     14.000     9.9909    23.5396     2.4355     3.4805     37.491    106.266    108.767    0.00012    6.49621    9.28373  283.44842   14.69298 9.7503e+00     0.4090     0.6392    85.2327 0.0000e+00
        349 290.636723    0.02414     1.4483     86.896     15.144  48288.195    30.6441     9.9986     15.000     9.9982    23.5534     2.4380     3.4842     37.544    106.376    108.882    0.00047    6.49376    9.28023  283.33791   14.68761 8.2301e+00     0.4203     0.5809    86.4809 0.0000e+00
        353 290.636737    0.02446     1.4678     88.067     16.151  48290.198    30.6450     9.9975     16.000     9.9914    23.5542     2.4359     3.4812     37.511    106.286    108.789    0.00011    6.49388    9.28041  283.34285   14.68784 7.0309e+00     0.3786     0.5473    87.2110 0.0000e+00
        358 290.636751    0.02479     1.4873     89.239     17.165  48317.798    30.6627     9.9862     17.000     9.9818    23.5698     2.4361     3.4814     37.509    106.291    108.796   -0.00017    6.49475    9.28165  283.37646   14.68939 5.9729e+00     0.3594     0.5646    86.8382 0.0000e+00
        362 290.636762    0.02507     1.5041     90.245     18.168  48343.248    30.6798     9.9846     18.000     9.9816    23.5836     2.4361     3.4815     37.512    106.290    108.797   -0.00011    6.49427    9.28096  283.35156   14.68812 5.0981e+00     0.3862     0.5501    87.1519 0.0000e+00
        367 290.636776    0.02539     1.5232     91.393     19.181  48356.473    30.6884     9.9817     19.000     9.9771    23.5907     2.4372     3.4830     37.528    106.337    108.846    0.00005    6.49432    9.28104  283.35203   14.68811 4.3523e+00     0.3855     0.5442    87.2795 0.0000e+00
        371 290.636788    0.02570     1.5419     92.515     20.185  48378.889    30.7030     9.9758     20.000     9.9695    23.6031     2.4385     3.4849     37.548    106.394    108.905    0.00010    6.49456    9.28137  283.35868   14.68837 3.7182e+00     0.4217     0.5392    87.3895 0.0000e+00
        377 290.636805    0.02610     1.5661     93.966     21.203  48425.861    30.7340     9.9621     21.000     9.9558    23.6294     2.4400     3.4871     37.566    106.456    108.971    0.00037    6.49520    9.28230  283.37964   14.68924 3.1856e+00     0.3799     0.5321    87.5434 0.0000e+00
        382 290.636820    0.02645     1.5869     95.215     22.207  48450.131    30.7493     9.9518     22.000     9.9454    23.6430     2.4374     3.4833     37.521    106.339    108.853   -0.00048    6.49604    9.28348  283.41220   14.69074 2.7269e+00     0.4227     0.5353    87.4752 0.0000e+00
        387 290.636834    0.02679     1.6075     96.449     23.217  48461.983    30.7565     9.9454     23.000     9.9414    23.6497     2.4419     3.4897     37.587    106.534    109.054    0.00044    6.49666    9.28438  283.43756   14.69192 2.3183e+00     0.4622     0.5609    86.9177 0.0000e+00
        392 290.636848    0.02714     1.6283     97.701     24.231  48467.401    30.7594     9.9421     24.000     9.9378    23.6525     2.4394     3.4862     37.547    106.427    108.944   -0.00025    6.49700    9.28487  283.45176   14.69259 1.9549e+00     0.4311     0.6293    85.4433 0.0000e+00
        396 290.636862    0.02746     1.6476     98.854     25.237  48480.292    30.7675     9.9375     25.000     9.9314    23.6596     2.4426     3.4908     37.595    106.567    109.088    0.00029    6.49732    9.28531  283.46341   14.69312 1.6342e+00     0.4036     0.7056    83.8284 0.0000e+00
        401 290.636875    0.02779     1.6673    100.038     26.247  48534.308    30.8039     9.9272     26.000     9.9191    23.6896     2.4414     3.4889     37.575    106.508    109.031    0.00001    6.49728    9.28525  283.45341   14.69249 1.3520e+00     0.3687     0.6942    84.0682 0.0000e+00
        406 290.636889    0.02811     1.6867    101.204     27.258  48556.564    30.8181     9.9191     27.000     9.9143    23.7020     2.4432     3.4916     37.600    106.586    109.113    0.00009    6.49783    9.28606  283.47436   14.69344 1.1366e+00     0.3357     0.6401    85.2128 0.0000e+00
        410 290.636902    0.02843     1.7062    102.371     28.267  48593.734    30.8430     9.9125     28.000     9.9055    23.7225     2.4448     3.4938     37.625    106.654    109.184    0.00033    6.49774    9.28591  283.46437   14.69286 9.5514e-01     0.3645     0.5988    86.0979 0.0000e+00
        415 290.636916    0.02876     1.7254    103.526     29.271  48612.527    30.8548     9.9050     29.000     9.9004    23.7330     2.4457     3.4951     37.636    106.691    109.224    0.00016    6.49831    9.28673  283.48635   14.69386 8.1466e-01     0.3505     0.5594    86.9478 0.0000e+00
        421 290.636932    0.02914     1.7482    104.894     30.292  48619.577    30.8591     9.9025     30.000     9.8991    23.7367     2.4493     3.5003     37.691    106.851    109.388    0.00061    6.49848    9.28698  283.49310   14.69417 6.9954e-01     0.3629     0.5487    87.1805 0.0000e+00
        425 290.636945    0.02946     1.7678    106.071     31.292  48622.091    30.8604     9.9021     31.000     9.8984    23.7379     2.4517     3.5038     37.728    106.956    109.495    0.00068    6.49849    9.28700  283.49331   14.69418 6.0120e-01     0.3074     0.5455    87.2519 0.0000e+00
        431 290.636961    0.02984     1.7904    107.425     32.305  48624.873    30.8618     9.9015     32.000     9.8978    23.7391     2.4512     3.5030     37.719    106.931    109.469    0.00020    6.49853    9.28704  283.49425   14.69422 5.1584e-01     0.3045     0.5519    87.1117 0.0000e+00
        436 290.636975    0.03019     1.8113    108.677     33.317  48624.705    30.8613     9.9013     33.000     9.8977    23.7387     2.4533     3.5060     37.751    107.022    109.563    0.00044    6.49856    9.28710  283.49600   14.69430 4.4167e-01     0.3088     0.5654    86.8196 0.0000e+00
        440 290.636989    0.03051     1.8306    109.838     34.321  48625.893    30.8617     9.9013     34.000     9.8975    23.7390     2.4552     3.5089     37.782    107.110    109.653    0.00040    6.49855    9.28709  283.49568   14.69428 3.7555e-01     0.3154     0.5774    86.5575 0.0000e+00
        445 290.637003    0.03084     1.8508    111.051     35.334  48626.333    30.8615     9.9012     35.000     9.8971    23.7390     2.4577     3.5123     37.820    107.217    109.762    0.00062    6.49857    9.28711  283.49622   14.69431 3.2317e-01     0.3693     0.5827    86.4450 0.0000e+00
        450 290.637017    0.03118     1.8709    112.253     36.345  48630.280    30.8638     9.9004     36.000     9.8958    23.7409     2.4547     3.5079     37.772    107.083    109.626   -0.00011    6.49861    9.28715  283.49714   14.69434 2.7836e-01     0.3508     0.5944    86.1910 0.0000e+00
        454 290.637029    0.03149     1.8894    113.364     37.353  48637.121    30.8680     9.8989     37.000     9.8938    23.7445     2.4570     3.5112     37.808    107.184    109.728    0.00023    6.49863    9.28720  283.49763   14.69435 2.3916e-01     0.2953     0.6006    86.0595 0.0000e+00
        459 290.637043    0.03180     1.9080    114.479     38.361  48641.798    30.8706     9.8970     38.000     9.8923    23.7468     2.4590     3.5141     37.837    107.270    109.817    0.00034    6.49879    9.28742  283.50353   14.69462 2.0535e-01     0.3348     0.6083    85.8932 0.0000e+00
        463 290.637056    0.03211     1.9268    115.609     39.372  48650.357    30.8759     9.8941     39.000     9.8845    23.7514     2.4576     3.5122     37.815    107.211    109.757    0.00002    6.49898    9.28769  283.51073   14.69495 1.7654e-01     0.3523     0.6418    85.1779 0.0000e+00
        468 290.637069    0.03243     1.9457    116.739     40.382  48686.393    30.8990     9.8798     40.000     9.8682    23.7717     2.4609     3.5170     37.861    107.355    109.906    0.00032    6.50005    9.28922  283.55185   14.69682 1.5215e-01     0.3089     0.7352    83.2101 0.0000e+00
        472 290.637082    0.03274     1.9644    117.864     41.391  48722.408    30.9219     9.8637     41.000     9.8528    23.7922     2.4600     3.5154     37.836    107.306    109.859   -0.00004    6.50142    9.29117  283.60563   14.69930 1.3067e-01     0.3460     0.7253    83.4167 0.0000e+00
        477 290.637095    0.03307     1.9838    119.028     42.402  48748.780    30.9383     9.8500     42.000     9.8413    23.8072     2.4598     3.5153     37.828    107.301    109.856   -0.00026    6.50268    9.29298  283.65651   14.70167 1.1332e-01     0.2803     0.7687    82.5162 0.0000e+00
        482 290.637108    0.03338     2.0028    120.171     43.407  48761.179    30.9457     9.8434     43.000     9.8373    23.8141     2.4626     3.5192     37.866    107.419    109.977    0.00027    6.50332    9.29389  283.68249   14.70288 9.8747e-02     0.3107     0.8308    81.2443 0.0000e+00
        486 290.637122    0.03371     2.0226    121.358     44.416  48767.250    30.9492     9.8407     44.000     9.8351    23.8173     2.4620     3.5185     37.856    107.396    109.954   -0.00000    6.50354    9.29422  283.69151   14.70330 8.6726e-02     0.2816     0.8361    81.1374 0.0000e+00
        492 290.637138    0.03409     2.0451    122.705     45.434  48771.345    30.9515     9.8390     45.000     9.8331    23.8193     2.4627     3.5194     37.866    107.426    109.984    0.00006    6.50370    9.29444  283.69783   14.70359 7.7157e-02     0.2851     0.8581    80.6919 0.0000e+00
        497 290.637152    0.03443     2.0657    123.942     46.437  48775.889    30.9540     9.8369     46.000     9.8313    23.8217     2.4633     3.5203     37.874    107.451    110.011    0.00005    6.50389    9.29471  283.70543   14.70394 6.9871e-02     0.2894     0.9026    79.8003 0.0000e+00
        502 290.637168    0.03481     2.0888    125.327     47.452  48784.180    30.9591     9.8341     47.000     9.8249    23.8261     2.4635     3.5206     37.876    107.459    110.019   -0.00005    6.50410    9.29500  283.71312   14.70429 6.3355e-02     0.2601     0.9305    79.2459 0.0000e+00
        507 290.637183    0.03516     2.1095    126.568     48.459  48797.009    30.9667     9.8266     48.000     9.8201    23.8333     2.4649     3.5226     37.893    107.519    110.081    0.00011    6.50483    9.29606  283.74332   14.70571 5.8841e-02     0.3251     0.9444    78.9703 0.0000e+00
        512 290.637198    0.03552     2.1312    127.873     49.465  48804.658    30.9712     9.8226     49.000     9.8159    23.8374     2.4619     3.5183     37.846    107.390    109.950   -0.00037    6.50522    9.29661  283.75898   14.70644 5.5383e-02     0.2850     0.9358    79.1406 0.0000e+00
        518 290.637213    0.03590     2.1539    129.235     50.484  48807.896    30.9728     9.8213     50.000     9.8137    23.8389     2.4667     3.5251     37.918    107.595    110.161    0.00031    6.50534    9.29678  283.76378   14.70666 5.2436e-02     0.2737     0.9152    79.5489 0.0000e+00
        522 290.637226    0.03621     2.1729    130.374     51.485  48826.839    30.9846     9.8115     51.000     9.7997    23.8496     2.4653     3.5231     37.891    107.534    110.099    0.00002    6.50624    9.29807  283.80025   14.70836 5.0620e-02     0.2961     0.8492    80.8729 0.0000e+00
        528 290.637241    0.03657     2.1938    131.628     52.498  48843.025    30.9942     9.8019     52.000     9.7952    23.8588     2.4659     3.5241     37.895    107.563    110.129   -0.00007    6.50722    9.29946  283.84029   14.71023 4.8962e-02     0.3016     0.8153    81.5605 0.0000e+00
        532 290.637255    0.03689     2.2132    132.795     53.506  48852.053    31.0000     9.8001     53.000     9.7950    23.8635     2.4674     3.5262     37.917    107.625    110.193    0.00009    6.50722    9.29947  283.83904   14.71015 4.7800e-02     0.2667     0.8286    81.2902 0.0000e+00
