CTD-processing/allCTD/CNV/2017_10-17_t4_s06_cast049_4141.cnv
* Sea-Bird SBE19plus Data File:
* FileName = C:\Users\Kim.Powell\Desktop\Not Processed\2017\2017_10-17\2017_10-17_TRANSECT_STATION_cast049.hex
* Software Version 1.59
* Temperature SN =  4141
* Conductivity SN =  4141
* System UpLoad Time = Oct 20 2017 08:46:24
** Transect:
** 2017_10-17
** Station: 4-06
** Start Time: 12:10
** Depth (m): 63.7
** Comment: Edgecumbe
** Comment:
# nquan = 27
# nvalues = 61                          
# units = specified
# name 0 = scan: Scan Count
# name 1 = timeJ: Julian Days
# name 2 = timeH: Time, Elapsed [hours]
# name 3 = timeM: Time, Elapsed [minutes]
# name 4 = timeS: Time, Elapsed [seconds]
# name 5 = prdM: Pressure, Strain Gauge [db]
# name 6 = specc: Specific Conductance [uS/cm]
# name 7 = sal00: Salinity, Practical [PSU]
# name 8 = tv290C: Temperature [ITS-90, deg C]
# name 9 = depSM: Depth [salt water, m], lat = 59.00
# name 10 = potemp090C: Potential Temperature [ITS-90, deg C]
# name 11 = sigma-é00: Density [sigma-theta, kg/m^3]
# name 12 = sbeox0ML/L: Oxygen, SBE 43 [ml/l]
# name 13 = sbeox0Mg/L: Oxygen, SBE 43 [mg/l]
# name 14 = sbeox0PS: Oxygen, SBE 43 [% saturation]
# name 15 = sbox0Mm/Kg: Oxygen, SBE 43 [umol/kg]
# name 16 = sbeox0Mm/L: Oxygen, SBE 43 [umol/l]
# name 17 = sbox0dV/dT: Oxygen, SBE 43 [dov/dt]
# name 18 = oxsolML/L: Oxygen Saturation, Garcia & Gordon [ml/l]
# name 19 = oxsolMg/L: Oxygen Saturation, Garcia & Gordon [mg/l]
# name 20 = oxsolMm/Kg: Oxygen Saturation, Garcia & Gordon [umol/kg]
# name 21 = n2satMg/L: Nitrogen Saturation [mg/l]
# name 22 = par: PAR/Irradiance, Biospherical/Licor
# name 23 = wetStar: Fluorescence, WET Labs WETstar [mg/m^3]
# name 24 = CStarAt0: Beam Attenuation, WET Labs C-Star [1/m]
# name 25 = CStarTr0: Beam Transmission, WET Labs C-Star [%]
# name 26 = flag: flag
# span 0 =        126,        609       
# span 1 = 290.507468, 290.508865       
# span 2 =    0.00866,    0.04220       
# span 3 =     0.5198,     2.5326       
# span 4 =     31.188,    151.959       
# span 5 =      1.012,     61.567       
# span 6 =  46531.390,  48965.921       
# span 7 =    29.3237,    31.0687       
# span 8 =     9.2416,     9.9500       
# span 9 =      1.000,     61.000       
# span 10 =     9.1477,     9.9486      
# span 11 =    22.6408,    23.9272      
# span 12 =     2.7441,     2.7711      
# span 13 =     3.9215,     3.9602      
# span 14 =     41.352,     42.265      
# span 15 =    119.711,    120.992      
# span 16 =    122.551,    123.757      
# span 17 =   -0.00057,    0.00173      
# span 18 =    6.50626,    6.65963      
# span 19 =    9.29809,    9.51728      
# span 20 =  283.83536,  290.83402      
# span 21 =   14.71049,   15.05138      
# span 22 = 3.8847e-02, 6.0328e+01      
# span 23 =     0.3830,     1.2497      
# span 24 =     0.4147,     1.1283      
# span 25 =    76.1482,    90.1521      
# span 26 = 0.0000e+00, 0.0000e+00      
# interval = meters: 1                  
# start_time = Oct 17 2017 12:10:14 [Instrument's time stamp, header]
# bad_flag = -9.990e-29
*END*
        126 290.507468    0.00866     0.5198     31.188      1.012  46531.390    29.3237     9.2416      1.000     9.1477    22.6408     2.7537     3.9353     41.352    120.257    122.980    0.00119    6.65963    9.51728  290.83402   15.05138 6.0328e+01     0.4891     1.1283    76.1482 0.0000e+00
        278 290.507906    0.01920     1.1522     69.130      2.023  46934.311    29.6316     9.4480      2.000     9.4424    22.8500     2.7711     3.9602     41.885    120.992    123.757    0.00173    6.61597    9.45488  288.86832   14.95618 4.2610e+01     0.9349     0.6467    85.1315 0.0000e+00
        290 290.507941    0.02004     1.2021     72.125      3.024  47137.424    29.7778     9.4847      3.000     9.5389    22.9586     2.7685     3.9564     41.918    120.863    123.638    0.00112    6.60435    9.43828  288.33066   14.92988 3.8590e+01     0.9622     0.6240    85.5550 0.0000e+00
        296 290.507959    0.02048     1.2283     73.700      4.043  47354.179    29.9514     9.6625      4.000     9.7125    23.0663     2.7539     3.9356     41.909    120.216    122.988    0.00050    6.57109    9.39075  286.84829   14.85831 4.0227e+01     0.9960     0.5855    86.3856 0.0000e+00
        302 290.507977    0.02088     1.2530     75.179      5.046  47412.299    30.0056     9.7749      5.000     9.7861    23.0910     2.7476     3.9265     41.931    119.935    122.704    0.00041    6.55253    9.36422  286.03129   14.81903 3.8853e+01     1.1471     0.5454    87.2548 0.0000e+00
        308 290.507995    0.02132     1.2790     76.738      6.056  47443.493    30.0289     9.7902      6.000     9.7919    23.1068     2.7540     3.9357     42.050    120.215    122.993    0.00125    6.54934    9.35967  285.88774   14.81206 3.4947e+01     1.2444     0.5394    87.3857 0.0000e+00
        314 290.508011    0.02171     1.3025     78.149      7.063  47462.545    30.0432     9.8010      7.000     9.7999    23.1163     2.7553     3.9375     42.083    120.269    123.049    0.00100    6.54717    9.35657  285.79048   14.80736 3.1388e+01     1.2489     0.5351    87.4790 0.0000e+00
        320 290.508030    0.02216     1.3299     79.796      8.080  47481.672    30.0556     9.7966      8.000     9.8032    23.1267     2.7564     3.9392     42.100    120.318    123.101    0.00056    6.54729    9.35673  285.79263   14.80741 2.7189e+01     1.2497     0.5298    87.5946 0.0000e+00
        326 290.508047    0.02257     1.3541     81.244      9.083  47518.144    30.0860     9.8393      9.000     9.8535    23.1436     2.7548     3.9370     42.124    120.249    123.032    0.00048    6.53987    9.34613  285.46395   14.79157 2.3416e+01     1.2479     0.5187    87.8390 0.0000e+00
        333 290.508066    0.02304     1.3819     82.914     10.099  47528.584    30.0982     9.8817     10.000     9.8936    23.1463     2.7520     3.9328     42.122    120.121    122.902    0.00022    6.53327    9.33669  285.17491   14.77769 1.9847e+01     1.1926     0.5178    87.8592 0.0000e+00
        338 290.508082    0.02341     1.4050     84.302     11.104  47571.450    30.1334     9.9274     11.000     9.9379    23.1666     2.7507     3.9311     42.156    120.067    122.849    0.00033    6.52524    9.32521  284.81871   14.76051 1.6974e+01     1.2161     0.4990    88.2721 0.0000e+00
        344 290.508099    0.02381     1.4287     85.722     12.109  47576.262    30.1384     9.9441     12.000     9.9452    23.1678     2.7519     3.9328     42.191    120.118    122.901    0.00047    6.52263    9.32149  284.70463   14.75504 1.4544e+01     1.1813     0.4786    88.7236 0.0000e+00
        350 290.508117    0.02426     1.4554     87.327     13.131  47641.921    30.1848     9.9500     13.000     9.9486    23.2030     2.7513     3.9318     42.198    120.084    122.870    0.00029    6.51985    9.31752  284.57354   14.74858 1.2502e+01     1.0279     0.4619    89.0941 0.0000e+00
        355 290.508132    0.02459     1.4759     88.554     14.129  47687.155    30.2158     9.9470     14.000     9.9388    23.2277     2.7507     3.9309     42.194    120.054    122.843   -0.00002    6.51899    9.31630  284.52925   14.74634 1.0754e+01     0.9736     0.4490    89.3835 0.0000e+00
        361 290.508147    0.02499     1.4993     89.955     15.140  47780.965    30.2798     9.9355     15.000     9.9410    23.2795     2.7515     3.9322     42.214    120.087    122.882    0.00020    6.51794    9.31480  284.46932   14.74321 9.2587e+00     1.0041     0.4394    89.5966 0.0000e+00
        367 290.508164    0.02539     1.5229     91.375     16.152  47863.153    30.3388     9.9486     16.000     9.9334    23.3233     2.7502     3.9304     42.223    120.026    122.825    0.00010    6.51361    9.30859  284.26758   14.73332 8.0008e+00     0.9939     0.4269    89.8769 0.0000e+00
        372 290.508180    0.02576     1.5459     92.751     17.163  47907.408    30.3610     9.8803     17.000     9.8501    23.3516     2.7543     3.9362     42.229    120.203    123.010    0.00006    6.52246    9.32125  284.64610   14.75134 6.9322e+00     0.8928     0.4147    90.1521 0.0000e+00
        377 290.508195    0.02613     1.5678     94.070     18.167  48006.088    30.4248     9.8395     18.000     9.8328    23.4080     2.7572     3.9403     42.253    120.322    123.139    0.00020    6.52564    9.32579  284.76910   14.75696 6.0438e+00     0.8622     0.4178    90.0819 0.0000e+00
        383 290.508213    0.02656     1.5932     95.589     19.184  48028.599    30.4385     9.8254     19.000     9.8199    23.4209     2.7540     3.9357     42.193    120.179    122.994   -0.00048    6.52710    9.32788  284.82928   14.75978 5.2535e+00     0.9584     0.4148    90.1499 0.0000e+00
        389 290.508229    0.02693     1.6159     96.954     20.185  48088.438    30.4794     9.8198     20.000     9.8183    23.4537     2.7545     3.9364     42.206    120.195    123.015   -0.00026    6.52619    9.32657  284.78035   14.75728 4.5731e+00     0.9694     0.4219    89.9896 0.0000e+00
        395 290.508247    0.02738     1.6426     98.557     21.207  48192.485    30.5529     9.8270     21.000     9.8289    23.5100     2.7513     3.9318     42.184    120.049    122.872   -0.00036    6.52208    9.32069  284.58521   14.74765 3.9629e+00     0.9879     0.4305    89.7967 0.0000e+00
        401 290.508263    0.02775     1.6649     99.891     22.209  48251.961    30.5956     9.8373     22.000     9.8366    23.5416     2.7507     3.9310     42.196    120.020    122.845   -0.00011    6.51880    9.31602  284.43381   14.74023 3.4476e+00     0.9184     0.4555    89.2369 0.0000e+00
        406 290.508278    0.02812     1.6870    101.219     23.212  48275.148    30.6118     9.8396     23.000     9.8385    23.5539     2.7512     3.9317     42.211    120.041    122.869   -0.00012    6.51781    9.31460  284.38699   14.73793 2.9714e+00     0.9620     0.4714    88.8829 0.0000e+00
        412 290.508296    0.02854     1.7127    102.762     24.235  48322.823    30.6458     9.8468     24.000     9.8476    23.5793     2.7495     3.9293     42.201    119.966    122.794    0.00001    6.51535    9.31109  284.27274   14.73232 2.5737e+00     0.7564     0.4824    88.6395 0.0000e+00
        417 290.508310    0.02888     1.7326    103.959     25.232  48356.425    30.6700     9.8543     25.000     9.8534    23.5969     2.7493     3.9290     42.211    119.953    122.783   -0.00004    6.51326    9.30810  284.17656   14.72762 2.2145e+00     0.7977     0.4822    88.6431 0.0000e+00
        423 290.508326    0.02928     1.7565    105.393     26.251  48389.822    30.6932     9.8561     26.000     9.8520    23.6148     2.7464     3.9249     42.174    119.824    122.654   -0.00042    6.51203    9.30635  284.11811   14.72473 1.9126e+00     0.7587     0.4928    88.4087 0.0000e+00
        428 290.508341    0.02963     1.7782    106.692     27.255  48410.906    30.7073     9.8530     27.000     9.8492    23.6263     2.7485     3.9278     42.207    119.914    122.747    0.00005    6.51188    9.30613  284.10828   14.72421 1.6447e+00     0.7164     0.5162    87.8919 0.0000e+00
        433 290.508357    0.03001     1.8003    108.019     28.267  48438.183    30.7257     9.8510     28.000     9.8464    23.6410     2.7486     3.9281     42.213    119.919    122.754    0.00005    6.51141    9.30546  284.08357   14.72295 1.4040e+00     0.6754     0.5326    87.5337 0.0000e+00
        438 290.508371    0.03035     1.8210    109.259     29.276  48477.107    30.7521     9.8461     29.000     9.8416    23.6624     2.7468     3.9254     42.186    119.835    122.671   -0.00035    6.51100    9.30487  284.05984   14.72171 1.2011e+00     0.5773     0.5696    86.7288 0.0000e+00
        443 290.508385    0.03069     1.8416    110.494     30.287  48516.326    30.7790     9.8438     30.000     9.8442    23.6837     2.7477     3.9267     42.206    119.873    122.712   -0.00004    6.51021    9.30374  284.01945   14.71967 1.0195e+00     0.6970     0.5934    86.2142 0.0000e+00
        448 290.508400    0.03104     1.8624    111.745     31.292  48550.408    30.8043     9.8577     31.000     9.8571    23.7013     2.7480     3.9271     42.230    119.885    122.725    0.00019    6.50717    9.29939  283.88172   14.71298 8.6566e-01     0.6360     0.5465    87.2327 0.0000e+00
        453 290.508415    0.03142     1.8849    113.096     32.308  48594.166    30.8344     9.8553     32.000     9.8440    23.7251     2.7441     3.9215     42.176    119.711    122.551   -0.00044    6.50626    9.29809  283.83536   14.71064 7.5099e-01     0.5569     0.4645    89.0356 0.0000e+00
        459 290.508431    0.03180     1.9077    114.460     33.314  48627.978    30.8561     9.8420     33.000     9.8376    23.7442     2.7465     3.9250     42.206    119.812    122.657   -0.00009    6.50725    9.29951  283.87351   14.71238 6.5926e-01     0.5083     0.4860    88.5591 0.0000e+00
        464 290.508447    0.03217     1.9301    115.805     34.324  48632.036    30.8584     9.8410     34.000     9.8374    23.7462     2.7456     3.9237     42.192    119.771    122.615   -0.00020    6.50730    9.29957  283.87481   14.71243 5.6708e-01     0.4881     0.4995    88.2610 0.0000e+00
        469 290.508461    0.03252     1.9510    117.058     35.334  48635.342    30.8603     9.8411     35.000     9.8370    23.7477     2.7449     3.9228     42.183    119.745    122.589   -0.00035    6.50721    9.29944  283.87038   14.71221 4.9676e-01     0.4844     0.5058    88.1208 0.0000e+00
        474 290.508476    0.03287     1.9720    118.321     36.343  48637.514    30.8614     9.8407     36.000     9.8367    23.7486     2.7478     3.9269     42.227    119.870    122.717    0.00028    6.50722    9.29947  283.87107   14.71224 4.2988e-01     0.4575     0.5179    87.8563 0.0000e+00
        479 290.508491    0.03322     1.9933    119.596     37.353  48640.165    30.8627     9.8397     37.000     9.8351    23.7498     2.7446     3.9222     42.176    119.729    122.573   -0.00042    6.50731    9.29959  283.87451   14.71240 3.7420e-01     0.4377     0.5092    88.0472 0.0000e+00
        485 290.508506    0.03358     2.0148    120.888     38.360  48643.070    30.8642     9.8395     38.000     9.8359    23.7511     2.7462     3.9247     42.203    119.802    122.648    0.00003    6.50727    9.29953  283.87222   14.71228 3.2580e-01     0.4490     0.5018    88.2117 0.0000e+00
        490 290.508521    0.03396     2.0375    122.248     39.374  48642.569    30.8636     9.8404     39.000     9.8361    23.7504     2.7460     3.9243     42.199    119.789    122.634   -0.00015    6.50717    9.29939  283.86813   14.71209 2.8335e-01     0.4042     0.5073    88.0890 0.0000e+00
        495 290.508537    0.03433     2.0598    123.590     40.381  48643.922    30.8642     9.8407     40.000     9.8364    23.7508     2.7462     3.9246     42.203    119.800    122.645   -0.00004    6.50710    9.29929  283.86486   14.71193 2.4662e-01     0.4258     0.5141    87.9393 0.0000e+00
        501 290.508553    0.03471     2.0828    124.968     41.391  48647.440    30.8662     9.8405     41.000     9.8354    23.7525     2.7464     3.9248     42.206    119.807    122.653   -0.00011    6.50704    9.29920  283.86180   14.71178 2.1410e-01     0.4732     0.5134    87.9546 0.0000e+00
        506 290.508568    0.03507     2.1041    126.244     42.399  48655.915    30.8715     9.8390     42.000     9.8340    23.7569     2.7461     3.9244     42.202    119.795    122.641   -0.00008    6.50703    9.29919  283.86021   14.71168 1.8710e-01     0.4780     0.5135    87.9534 0.0000e+00
        511 290.508583    0.03545     2.1268    127.606     43.413  48676.431    30.8853     9.8367     43.000     9.8302    23.7680     2.7473     3.9262     42.222    119.847    122.695    0.00006    6.50679    9.29885  283.84664   14.71097 1.6375e-01     0.4168     0.5100    88.0289 0.0000e+00
        516 290.508598    0.03579     2.1479    128.875     44.419  48711.245    30.9085     9.8304     44.000     9.8210    23.7872     2.7465     3.9250     42.209    119.807    122.656   -0.00014    6.50672    9.29876  283.83846   14.71049 1.4436e-01     0.4291     0.5052    88.1355 0.0000e+00
        522 290.508614    0.03618     2.1709    130.252     45.433  48766.796    30.9453     9.8152     45.000     9.8052    23.8183     2.7449     3.9227     42.181    119.734    122.587   -0.00033    6.50735    9.29966  283.85726   14.71124 1.2744e-01     0.4236     0.4831    88.6234 0.0000e+00
        527 290.508629    0.03654     2.1925    131.547     46.435  48789.622    30.9598     9.8062     46.000     9.7987    23.8311     2.7484     3.9277     42.230    119.884    122.741    0.00011    6.50804    9.30064  283.88375   14.71245 1.1398e-01     0.4080     0.4706    88.9006 0.0000e+00
        533 290.508646    0.03694     2.2165    132.988     47.454  48805.587    30.9697     9.7997     47.000     9.7934    23.8399     2.7482     3.9276     42.226    119.881    122.738   -0.00003    6.50855    9.30138  283.90381   14.71337 1.0179e-01     0.6684     0.4684    88.9491 0.0000e+00
        538 290.508660    0.03729     2.2376    134.257     48.457  48815.306    30.9757     9.7958     48.000     9.7886    23.8452     2.7473     3.9262     42.209    119.838    122.696   -0.00024    6.50886    9.30181  283.91555   14.71390 9.1848e-02     0.4871     0.4641    89.0441 0.0000e+00
        544 290.508677    0.03769     2.2613    135.677     49.470  48828.315    30.9837     9.7905     49.000     9.7830    23.8523     2.7485     3.9280     42.225    119.890    122.750    0.00005    6.50929    9.30243  283.93251   14.71468 8.3194e-02     0.4698     0.4570    89.2041 0.0000e+00
        549 290.508691    0.03804     2.2824    136.943     50.475  48842.446    30.9926     9.7855     50.000     9.7781    23.8601     2.7473     3.9260     42.202    119.832    122.691   -0.00033    6.50963    9.30291  283.94496   14.71525 7.5670e-02     0.4651     0.4549    89.2507 0.0000e+00
        555 290.508708    0.03844     2.3066    138.396     51.489  48859.369    31.0035     9.7808     51.000     9.7745    23.8693     2.7475     3.9264     42.205    119.843    122.703   -0.00012    6.50985    9.30323  283.95222   14.71555 6.9412e-02     0.4514     0.4602    89.1315 0.0000e+00
        560 290.508724    0.03883     2.3295    139.773     52.496  48865.818    31.0074     9.7795     52.000     9.7737    23.8727     2.7509     3.9313     42.257    119.990    122.855    0.00020    6.50987    9.30325  283.95194   14.71552 6.4062e-02     0.4413     0.4720    88.8689 0.0000e+00
        565 290.508740    0.03920     2.3518    141.109     53.508  48872.393    31.0116     9.7792     53.000     9.7730    23.8760     2.7494     3.9292     42.235    119.925    122.788    0.00007    6.50974    9.30306  283.94535   14.71519 5.9671e-02     0.4669     0.4781    88.7355 0.0000e+00
