CTD-processing/allCTD/CNV/2017_04-18_t6_s28_cast097_4141.cnv
* Sea-Bird SBE19plus Data File:
* FileName = P:\My Documents\kasitsna\Research-KBL\Oceanography-AK\CTD-Data-ALL-to-2017-02\2017-CTD-KachemakBay-CookInlet\2017-04-18-CookInlet-Tran6-Douglas\2017-04-18-CookInlet-Tran6-cast097.hex
* Software Version 1.59
* Temperature SN =  4141
* Conductivity SN =  4141
* System UpLoad Time = Apr 18 2017 23:18:10
** Cook Inlet LTM Transect 6 Douglas east to west
** Date: (YYYY-MM-DD): 2017-04-18
** Station: (eg. 9-01): 6-28
** Start time (AKST): 22:02
** Depth (m): 115.8
** Comment: R/V Alaska Dreamcatcher
** Comment:
# nquan = 27
# nvalues = 107                         
# units = specified
# name 0 = scan: Scan Count
# name 1 = timeJ: Julian Days
# name 2 = timeH: Time, Elapsed [hours]
# name 3 = timeM: Time, Elapsed [minutes]
# name 4 = timeS: Time, Elapsed [seconds]
# name 5 = prdM: Pressure, Strain Gauge [db]
# name 6 = specc: Specific Conductance [uS/cm]
# name 7 = sal00: Salinity, Practical [PSU]
# name 8 = tv290C: Temperature [ITS-90, deg C]
# name 9 = depSM: Depth [salt water, m], lat = 59.00
# name 10 = potemp090C: Potential Temperature [ITS-90, deg C]
# name 11 = sigma-é00: Density [sigma-theta, kg/m^3]
# name 12 = sbeox0ML/L: Oxygen, SBE 43 [ml/l]
# name 13 = sbeox0Mg/L: Oxygen, SBE 43 [mg/l]
# name 14 = sbeox0PS: Oxygen, SBE 43 [% saturation]
# name 15 = sbox0Mm/Kg: Oxygen, SBE 43 [umol/kg]
# name 16 = sbeox0Mm/L: Oxygen, SBE 43 [umol/l]
# name 17 = sbox0dV/dT: Oxygen, SBE 43 [dov/dt]
# name 18 = oxsolML/L: Oxygen Saturation, Garcia & Gordon [ml/l]
# name 19 = oxsolMg/L: Oxygen Saturation, Garcia & Gordon [mg/l]
# name 20 = oxsolMm/Kg: Oxygen Saturation, Garcia & Gordon [umol/kg]
# name 21 = n2satMg/L: Nitrogen Saturation [mg/l]
# name 22 = par: PAR/Irradiance, Biospherical/Licor
# name 23 = wetStar: Fluorescence, WET Labs WETstar [mg/m^3]
# name 24 = CStarAt0: Beam Attenuation, WET Labs C-Star [1/m]
# name 25 = CStarTr0: Beam Transmission, WET Labs C-Star [%]
# name 26 = flag: flag
# span 0 =         53,        608       
# span 1 = 108.918474, 108.920079       
# span 2 =    0.00364,    0.04217       
# span 3 =     0.2186,     2.5305       
# span 4 =     13.114,    151.829       
# span 5 =      1.006,    108.019       
# span 6 =  50667.186,  52011.252       
# span 7 =    30.9087,    32.1768       
# span 8 =     2.5380,     4.5693       
# span 9 =      1.000,    107.000       
# span 10 =     2.5350,     4.5617      
# span 11 =    24.6497,    25.5134      
# span 12 =     3.8700,     4.1079      
# span 13 =     5.5307,     5.8706      
# span 14 =     50.222,     56.051      
# span 15 =    168.678,    178.906      
# span 16 =    172.836,    183.459      
# span 17 =   -0.00067,    0.00455      
# span 18 =    7.28356,    7.71156      
# span 19 =   10.40894,   11.02060      
# span 20 =  317.20287,  336.10399      
# span 21 =   16.29693,   17.20027      
# span 22 = 3.6377e-02, 2.8901e-01      
# span 23 =     0.4803,     2.2075      
# span 24 =     0.3557,     1.2471      
# span 25 =    73.7234,    91.4910      
# span 26 = 0.0000e+00, 0.0000e+00      
# interval = meters: 1                  
# start_time = Apr 18 2017 22:02:23 [Instrument's time stamp, header]
# bad_flag = -9.990e-29
*END*
         53 108.918474    0.00364     0.2186     13.114      1.006  50672.787    30.9167     2.6426      1.000     2.6382    24.6550     3.8978     5.5703     50.610    169.887    174.076   -0.00023    7.70168   11.00646  335.68052   17.18026 2.8901e-01     0.7092     1.2471    73.7234 0.0000e+00
        252 108.919048    0.01742     1.0452     62.712      2.033  50667.186    30.9087     2.6282      2.000     2.6258    24.6497     3.8773     5.5410     50.323    168.994    173.160    0.00068    7.70489   11.01105  335.82225   17.18702 1.8559e-01     1.9529     1.1479    75.0372 0.0000e+00
        249 108.919039    0.01721     1.0330     61.978      3.030  50671.139    30.9099     2.6249      3.000     2.6232    24.6510     3.8729     5.5347     50.262    168.802    172.962    0.00012    7.70546   11.01187  335.84665   17.18818 1.3924e-01     1.3832     1.1559    74.9012 0.0000e+00
        252 108.919048    0.01743     1.0459     62.752      4.039  50673.733    30.9106     2.6228      4.000     2.6210    24.6517     3.8700     5.5307     50.222    168.678    172.836   -0.00067    7.70581   11.01238  335.86207   17.18890 1.0408e-01     1.5604     1.1442    75.1216 0.0000e+00
        255 108.919057    0.01764     1.0582     63.491      5.046  50675.942    30.9108     2.6200      5.000     2.6173    24.6521     3.8739     5.5362     50.268    168.847    173.009   -0.00013    7.70634   11.01313  335.88492   17.18999 8.1111e-02     2.2075     1.1458    75.0912 0.0000e+00
        258 108.919066    0.01786     1.0712     64.273      6.050  50680.776    30.9126     2.6164      6.000     2.6143    24.6539     3.8740     5.5364     50.267    168.852    173.015   -0.00005    7.70694   11.01400  335.91081   17.19121 6.6688e-02     2.2067     1.1374    75.2505 0.0000e+00
        262 108.919076    0.01810     1.0862     65.171      7.071  50679.456    30.9100     2.6119      7.000     2.6039    24.6521     3.8780     5.5420     50.311    169.023    173.190    0.00014    7.70795   11.01542  335.95474   17.19331 5.6889e-02     1.6842     1.1280    75.4262 0.0000e+00
        265 108.919086    0.01832     1.0996     65.978      8.079  50686.467    30.9102     2.5972      8.000     2.5879    24.6534     3.8776     5.5415     50.289    169.008    173.175   -0.00006    7.71078   11.01947  336.07770   17.19914 4.8838e-02     1.7349     1.1249    75.4866 0.0000e+00
        268 108.919094    0.01853     1.1118     66.708      9.081  50737.489    30.9406     2.5848      9.000     2.5762    24.6786     3.8842     5.5509     50.368    169.288    173.466    0.00033    7.71156   11.02060  336.10399   17.20027 4.4587e-02     1.4379     1.1358    75.2806 0.0000e+00
        271 108.919103    0.01875     1.1248     67.488     10.092  50814.795    30.9888     2.5725     10.000     2.5659    24.7180     3.8904     5.5598     50.450    169.555    173.746    0.00104    7.71142   11.02038  336.08451   17.19916 4.0939e-02     1.4002     1.1351    75.2932 0.0000e+00
        274 108.919113    0.01899     1.1391     68.345     11.105  50942.114    31.0712     2.5629     11.000     2.5605    24.7846     3.8894     5.5584     50.454    169.502    173.702    0.00073    7.70892   11.01682  335.95403   17.19263 3.7932e-02     1.4331     1.1145    75.6843 0.0000e+00
        278 108.919122    0.01922     1.1533     69.196     12.117  51054.199    31.1460     2.5622     12.000     2.5637    24.8443     3.8958     5.5675     50.562    169.770    173.988    0.00137    7.70511   11.01137  335.76818   17.18350 3.6563e-02     1.3052     1.0657    76.6124 0.0000e+00
        281 108.919132    0.01944     1.1663     69.977     13.124  51173.996    31.2266     2.5643     13.000     2.5710    24.9085     3.9049     5.5804     50.709    170.152    174.391    0.00221    7.70047   11.00474  335.54500   17.17258 3.6377e-02     1.5667     1.0082    77.7215 0.0000e+00
        284 108.919141    0.01964     1.1789     70.732     14.129  51311.905    31.3246     2.5857     14.000     2.6236    24.9853     3.8968     5.5689     50.666    169.789    174.031    0.00165    7.69119   10.99148  335.11566   17.15181 3.6384e-02     1.2390     0.9319    79.2176 0.0000e+00
        287 108.919149    0.01987     1.1920     71.520     15.144  51284.215    31.3215     2.6442     15.000     2.6710    24.9781     3.8864     5.5541     50.604    169.337    173.567    0.00030    7.68008   10.97560  334.63363   17.12892 3.6382e-02     1.0181     0.8972    79.9065 0.0000e+00
        290 108.919159    0.02009     1.2051     72.307     16.152  51277.915    31.3281     2.6863     16.000     2.6878    24.9801     3.8941     5.5650     50.759    169.671    173.909    0.00138    7.67165   10.96356  334.26576   17.11143 3.6382e-02     0.9404     0.8731    80.3912 0.0000e+00
        293 108.919168    0.02030     1.2181     73.087     17.160  51240.121    31.2993     2.6762     17.000     2.6550    24.9581     3.9115     5.5901     50.965    170.438    174.692    0.00311    7.67509   10.96848  334.42313   17.11902 3.6382e-02     0.8278     0.8461    80.9349 0.0000e+00
        297 108.919177    0.02053     1.2316     73.899     18.170  51292.168    31.3282     2.6552     18.000     2.6527    24.9827     3.9092     5.5866     50.917    170.331    174.586    0.00184    7.67761   10.97208  334.52491   17.12374 3.6382e-02     0.8389     0.8418    81.0212 0.0000e+00
        300 108.919187    0.02076     1.2456     74.736     19.181  51274.030    31.3140     2.6501     19.000     2.6390    24.9718     3.9157     5.5958     50.990    170.613    174.874    0.00183    7.67934   10.97455  334.60361   17.12754 3.6382e-02     0.6757     0.8361    81.1399 0.0000e+00
        303 108.919196    0.02098     1.2589     75.532     20.196  51290.808    31.3210     2.6360     20.000     2.6286    24.9785     3.9217     5.6044     51.052    170.873    175.141    0.00192    7.68169   10.97790  334.70391   17.13227 3.6382e-02     0.7243     0.8387    81.0844 0.0000e+00
        306 108.919204    0.02118     1.2706     76.235     21.200  51283.738    31.3128     2.6250     21.000     2.6113    24.9727     3.9332     5.6209     51.186    171.376    175.656    0.00232    7.68423   10.98153  334.81646   17.13765 3.6382e-02     0.9841     0.8518    80.8189 0.0000e+00
        309 108.919212    0.02137     1.2820     76.922     22.205  51269.362    31.2972     2.6054     22.000     2.5817    24.9619     3.9456     5.6386     51.316    171.918    176.210    0.00301    7.68882   10.98809  335.02017   17.14739 3.6382e-02     0.8560     0.8483    80.8908 0.0000e+00
        312 108.919221    0.02158     1.2947     77.680     23.211  51282.160    31.2959     2.5711     23.000     2.5493    24.9635     3.9528     5.6489     51.365    172.231    176.530    0.00278    7.69550   10.99765  335.31068   17.16118 3.6382e-02     1.0144     0.8486    80.8847 0.0000e+00
        315 108.919231    0.02184     1.3104     78.621     24.229  51335.486    31.3222     2.5380     24.000     2.5350    24.9870     3.9563     5.6540     51.377    172.381    176.688    0.00202    7.70050   11.00479  335.52080   17.17106 3.6382e-02     1.0316     0.8466    80.9242 0.0000e+00
        319 108.919242    0.02209     1.3256     79.539     25.250  51500.420    31.4365     2.5518     25.000     2.6076    25.0772     3.9529     5.6490     51.391    172.216    176.535    0.00139    7.69182   10.99239  335.11306   17.15124 3.6382e-02     0.8825     0.8305    81.2527 0.0000e+00
        322 108.919250    0.02228     1.3369     80.213     26.249  51490.576    31.4511     2.6310     26.000     2.6724    25.0827     3.9516     5.6471     51.480    172.158    176.475    0.00177    7.67582   10.96951  334.41403   17.11799 3.6382e-02     0.9538     0.8172    81.5225 0.0000e+00
        324 108.919257    0.02246     1.3476     80.856     27.251  51430.606    31.4243     2.6835     27.000     2.6968    25.0573     3.9598     5.6589     51.646    172.520    176.842    0.00292    7.66713   10.95710  334.04416   17.10053 3.6382e-02     0.8621     0.8017    81.8392 0.0000e+00
        327 108.919266    0.02267     1.3600     81.600     28.258  51428.967    31.4275     2.7010     28.000     2.7155    25.0585     3.9619     5.6620     51.697    172.613    176.938    0.00285    7.66361   10.95208  333.89035   17.09321 3.6382e-02     0.8505     0.7992    81.8882 0.0000e+00
        331 108.919277    0.02292     1.3750     82.498     29.279  51543.076    31.5157     2.7447     29.000     2.7964    25.1255     3.9617     5.6616     51.782    172.591    176.927    0.00251    7.65064   10.93352  333.30297   17.06497 3.6382e-02     1.0124     0.7980    81.9131 0.0000e+00
        334 108.919286    0.02316     1.3893     83.355     30.289  51536.280    31.5346     2.8340     30.000     2.8683    25.1334     3.9627     5.6630     51.917    172.633    176.971    0.00315    7.63264   10.90781  332.51639   17.02753 3.6382e-02     0.8302     0.7547    82.8046 0.0000e+00
        338 108.919296    0.02337     1.4026     84.158     31.294  51600.088    31.5913     2.8865     31.000     2.9240    25.1743     3.9620     5.6620     51.996    172.596    176.941    0.00309    7.61971   10.88933  331.93996   16.99993 3.6382e-02     1.1286     0.7453    82.9998 0.0000e+00
        341 108.919305    0.02361     1.4164     84.985     32.308  51697.884    31.6755     2.9566     32.000     2.9974    25.2358     3.9626     5.6630     52.126    172.617    176.972    0.00327    7.60207   10.86411  331.15139   16.96212 3.6382e-02     1.1345     0.6961    84.0295 0.0000e+00
        344 108.919314    0.02382     1.4291     85.745     33.317  51724.155    31.7096     3.0202     33.000     3.0602    25.2577     3.9594     5.6584     52.178    172.471    176.827    0.00320    7.58829   10.84442  330.54419   16.93314 3.6382e-02     1.2919     0.6713    84.5515 0.0000e+00
        347 108.919323    0.02402     1.4411     86.469     34.318  51726.761    31.7269     3.0809     34.000     3.1165    25.2664     3.9630     5.6634     52.310    172.624    176.985    0.00328    7.57598   10.82684  330.00547   16.90747 3.6382e-02     1.4823     0.6554    84.8872 0.0000e+00
        350 108.919332    0.02425     1.4551     87.303     35.327  51734.412    31.7478     3.1426     35.000     3.1724    25.2778     3.9729     5.6776     52.528    173.053    177.427    0.00436    7.56334   10.80876  329.45077   16.88104 3.6382e-02     1.3665     0.6456    85.0957 0.0000e+00
        354 108.919344    0.02454     1.4724     88.345     36.347  51712.871    31.7469     3.1971     36.000     3.2124    25.2725     3.9756     5.6816     52.636    173.176    177.553    0.00408    7.55318   10.79425  329.01005   16.86010 3.6382e-02     1.1582     0.6163    85.7202 0.0000e+00
        358 108.919355    0.02480     1.4881     89.285     37.360  51792.224    31.8107     3.2377     37.000     3.2685    25.3198     3.9737     5.6788     52.684    173.079    177.461    0.00312    7.54232   10.77873  328.52180   16.83664 3.6382e-02     1.6521     0.5792    86.5196 0.0000e+00
        361 108.919363    0.02500     1.5000     89.998     38.366  51757.822    31.7975     3.2785     38.000     3.2978    25.3057     3.9833     5.6927     52.863    173.507    177.898    0.00391    7.53540   10.76883  328.22480   16.82258 3.6382e-02     1.7685     0.5962    86.1518 0.0000e+00
        364 108.919371    0.02519     1.5114     90.687     39.362  51839.440    31.8619     3.3152     39.000     3.3611    25.3538     3.9906     5.7030     53.030    173.815    178.223    0.00455    7.52526   10.75434  327.76788   16.80061 3.6382e-02     1.6043     0.5904    86.2779 0.0000e+00
        367 108.919382    0.02544     1.5264     91.587     40.376  51833.957    31.8801     3.4024     40.000     3.4337    25.3606     3.9831     5.6924     53.051    173.487    177.887    0.00372    7.50817   10.72992  327.02136   16.76505 3.6382e-02     1.3148     0.5505    87.1448 0.0000e+00
        372 108.919394    0.02574     1.5446     92.674     41.399  51783.179    31.8590     3.4570     41.000     3.4648    25.3390     3.9808     5.6889     53.082    173.387    177.781    0.00257    7.49916   10.71704  326.63568   16.74680 3.6382e-02     1.5407     0.5216    87.7740 0.0000e+00
        375 108.919404    0.02598     1.5588     93.528     42.406  51783.985    31.8635     3.4744     42.000     3.4801    25.3411     3.9956     5.7101     53.305    174.032    178.442    0.00358    7.49572   10.71214  326.48540   16.73964 3.6382e-02     1.4009     0.5247    87.7073 0.0000e+00
        378 108.919413    0.02619     1.5712     94.270     43.409  51811.070    31.8848     3.4878     43.000     3.5069    25.3568     4.0007     5.7174     53.398    174.252    178.670    0.00388    7.49216   10.70704  326.32527   16.73195 3.6382e-02     1.5660     0.5226    87.7511 0.0000e+00
        381 108.919421    0.02640     1.5839     95.031     44.412  51835.916    31.9107     3.5254     44.000     3.5504    25.3740     4.0009     5.7178     53.460    174.261    178.683    0.00331    7.48391   10.69526  325.96067   16.71451 3.6382e-02     1.3592     0.5373    87.4299 0.0000e+00
        385 108.919432    0.02666     1.5993     95.956     45.426  51793.966    31.8924     3.5676     45.000     3.5734    25.3556     4.0019     5.7191     53.522    174.305    178.725    0.00295    7.47708   10.68550  325.66893   16.70071 3.6382e-02     1.1793     0.5490    87.1759 0.0000e+00
        389 108.919445    0.02695     1.6168     97.009     46.446  51796.425    31.8977     3.5846     46.000     3.5898    25.3584     4.0084     5.7284     53.633    174.588    179.015    0.00282    7.47370   10.68066  325.52082   16.69365 3.6382e-02     1.4573     0.5350    87.4818 0.0000e+00
        392 108.919454    0.02718     1.6312     97.873     47.454  51788.989    31.8956     3.5980     47.000     3.5999    25.3554     4.0168     5.7404     53.762    174.954    179.389    0.00303    7.47135   10.67730  325.41934   16.68884 3.6382e-02     1.2796     0.5585    86.9665 0.0000e+00
        395 108.919463    0.02739     1.6435     98.607     48.455  51797.717    31.9029     3.6054     48.000     3.6110    25.3605     4.0225     5.7486     53.852    175.203    179.646    0.00326    7.46962   10.67483  325.34225   16.68514 3.6382e-02     0.9216     0.5782    86.5416 0.0000e+00
        399 108.919472    0.02762     1.6571     99.426     49.465  51785.905    31.8975     3.6179     49.000     3.6180    25.3551     4.0255     5.7529     53.907    175.335    179.781    0.00279    7.46760   10.67195  325.25624   16.68108 3.6382e-02     1.0761     0.5860    86.3723 0.0000e+00
        402 108.919483    0.02788     1.6726    100.353     50.477  51784.966    31.8973     3.6220     50.000     3.6213    25.3546     4.0293     5.7583     53.962    175.499    179.949    0.00249    7.46687   10.67090  325.22435   16.67956 3.6382e-02     1.1655     0.5765    86.5789 0.0000e+00
        406 108.919494    0.02814     1.6882    101.292     51.488  51799.434    31.9087     3.6301     51.000     3.6348    25.3629     4.0347     5.7659     54.049    175.730    180.187    0.00236    7.46480   10.66795  325.13192   16.67512 3.6382e-02     1.1013     0.5914    86.2569 0.0000e+00
        410 108.919505    0.02839     1.7037    102.223     52.502  51789.968    31.9051     3.6435     52.000     3.6435    25.3588     4.0434     5.7785     54.183    176.113    180.579    0.00275    7.46254   10.66470  325.03412   16.67048 3.6382e-02     0.9859     0.5902    86.2807 0.0000e+00
        413 108.919515    0.02862     1.7175    103.053     53.513  51785.560    31.9028     3.6482     53.000     3.6452    25.3565     4.0493     5.7868     54.266    176.366    180.839    0.00280    7.46180   10.66365  325.00285   16.66900 3.6382e-02     1.0481     0.5903    86.2812 0.0000e+00
