CTD-processing/allCTD/CNV/2017_03-28_t9_s01_cast057_4141.cnv
* Sea-Bird SBE19plus Data File:
* FileName = C:\Users\jwschloemer\Documents\CTD Data\2017_03_28_T9\2017_03_28_T9_cast057.hex
* Software Version 1.59
* Temperature SN =  4141
* Conductivity SN =  4141
* System UpLoad Time = Apr 04 2017 09:01:18
** Cook Inlet LTM Kbay Transect 9
** Date: 2017-03-28
** Station:01
** Start Time (AKST):14:49
** Depth (m):59
** Comment: R/V Edgecumbe
# nquan = 27
# nvalues = 51                          
# units = specified
# name 0 = scan: Scan Count
# name 1 = timeJ: Julian Days
# name 2 = timeH: Time, Elapsed [hours]
# name 3 = timeM: Time, Elapsed [minutes]
# name 4 = timeS: Time, Elapsed [seconds]
# name 5 = prdM: Pressure, Strain Gauge [db]
# name 6 = specc: Specific Conductance [uS/cm]
# name 7 = sal00: Salinity, Practical [PSU]
# name 8 = tv290C: Temperature [ITS-90, deg C]
# name 9 = depSM: Depth [salt water, m], lat = 59.00
# name 10 = potemp090C: Potential Temperature [ITS-90, deg C]
# name 11 = sigma-é00: Density [sigma-theta, kg/m^3]
# name 12 = sbeox0ML/L: Oxygen, SBE 43 [ml/l]
# name 13 = sbeox0Mg/L: Oxygen, SBE 43 [mg/l]
# name 14 = sbeox0PS: Oxygen, SBE 43 [% saturation]
# name 15 = sbox0Mm/Kg: Oxygen, SBE 43 [umol/kg]
# name 16 = sbeox0Mm/L: Oxygen, SBE 43 [umol/l]
# name 17 = sbox0dV/dT: Oxygen, SBE 43 [dov/dt]
# name 18 = oxsolML/L: Oxygen Saturation, Garcia & Gordon [ml/l]
# name 19 = oxsolMg/L: Oxygen Saturation, Garcia & Gordon [mg/l]
# name 20 = oxsolMm/Kg: Oxygen Saturation, Garcia & Gordon [umol/kg]
# name 21 = n2satMg/L: Nitrogen Saturation [mg/l]
# name 22 = par: PAR/Irradiance, Biospherical/Licor
# name 23 = wetStar: Fluorescence, WET Labs WETstar [mg/m^3]
# name 24 = CStarAt0: Beam Attenuation, WET Labs C-Star [1/m]
# name 25 = CStarTr0: Beam Transmission, WET Labs C-Star [%]
# name 26 = flag: flag
# span 0 =        260,        504       
# span 1 =  87.577220,  87.577926       
# span 2 =    0.01801,    0.03496       
# span 3 =     1.0804,     2.0977       
# span 4 =     64.824,    125.860       
# span 5 =      1.025,     51.479       
# span 6 =  52079.421,  52145.092       
# span 7 =    32.0222,    32.0688       
# span 8 =     3.2086,     3.3235       
# span 9 =      1.000,     51.000       
# span 10 =     3.2082,     3.3207      
# span 11 =    25.4892,    25.5197      
# span 12 =     3.3461,     3.4016      
# span 13 =     4.7818,     4.8612      
# span 14 =     44.413,     45.274      
# span 15 =    145.721,    148.138      
# span 16 =    149.435,    151.917      
# span 17 =   -0.00125,    0.00123      
# span 18 =    7.51334,    7.53654      
# span 19 =   10.73731,   10.77047      
# span 20 =  327.19698,  328.21416      
# span 21 =   16.77265,   16.82115      
# span 22 = 6.7252e-02, 5.7301e+02      
# span 23 =     0.6101,     1.9552      
# span 24 =     0.7497,     0.9806      
# span 25 =    78.2587,    82.9089      
# span 26 = 0.0000e+00, 0.0000e+00      
# interval = meters: 1                  
# start_time = Mar 28 2017 13:50:07 [Instrument's time stamp, header]
# bad_flag = -9.990e-29
*END*
        260  87.577220    0.01801     1.0804     64.824      1.025  52079.421    32.0227     3.2305      1.000     3.2286    25.4892     3.3491     4.7861     44.460    145.851    149.568   -0.00118    7.53279   10.76511  328.05267   16.81349 5.7301e+02     0.6477     0.9154    79.5488 0.0000e+00
        265  87.577234    0.01832     1.0996     65.974      2.018  52081.622    32.0222     3.2249      2.000     3.2211    25.4893     3.3461     4.7818     44.413    145.721    149.435   -0.00125    7.53385   10.76663  328.09885   16.81569 4.5106e+02     0.6101     0.8472    80.9193 0.0000e+00
        270  87.577247    0.01865     1.1190     67.143      3.028  52087.994    32.0237     3.2161      3.000     3.2132    25.4913     3.3510     4.7890     44.471    145.938    149.658   -0.00046    7.53542   10.76886  328.16623   16.81889 3.3850e+02     0.6705     0.7977    81.9199 0.0000e+00
        274  87.577261    0.01899     1.1390     68.343      4.039  52094.425    32.0264     3.2118      4.000     3.2108    25.4938     3.3544     4.7939     44.511    146.084    149.808    0.00008    7.53609   10.76983  328.19485   16.82023 2.6046e+02     0.6246     0.7829    82.2227 0.0000e+00
        279  87.577274    0.01930     1.1580     69.477      5.044  52096.591    32.0267     3.2093      5.000     3.2082    25.4943     3.3599     4.8017     44.581    146.322    150.053    0.00049    7.53654   10.77047  328.21416   16.82115 2.0746e+02     0.7876     0.7843    82.1949 0.0000e+00
        284  87.577288    0.01963     1.1781     70.685      6.060  52101.182    32.0291     3.2086      6.000     3.2090    25.4963     3.3543     4.7936     44.507    146.078    149.803   -0.00023    7.53654   10.77047  328.21382   16.82113 1.6528e+02     0.9228     0.7655    82.5830 0.0000e+00
        288  87.577301    0.01995     1.1970     71.817      7.062  52117.669    32.0412     3.2142      7.000     3.2210    25.5055     3.3617     4.8042     44.615    146.399    150.133    0.00051    7.53487   10.76809  328.13813   16.81748 1.3256e+02     1.0235     0.7842    82.1969 0.0000e+00
        293  87.577316    0.02030     1.2178     73.070      8.079  52104.728    32.0356     3.2280      8.000     3.2277    25.4997     3.3656     4.8099     44.682    146.575    150.312    0.00100    7.53261   10.76484  328.04110   16.81289 1.0657e+02     1.2325     0.7824    82.2331 0.0000e+00
        298  87.577329    0.02062     1.2371     74.229      9.084  52108.226    32.0374     3.2280      9.000     3.2295    25.5012     3.3608     4.8029     44.617    146.359    150.091    0.00006    7.53249   10.76468  328.03565   16.81263 8.5752e+01     1.3261     0.7873    82.1351 0.0000e+00
        303  87.577343    0.02094     1.2568     75.410     10.094  52106.629    32.0369     3.2323     10.000     3.2323    25.5004     3.3623     4.8050     44.641    146.424    150.157    0.00018    7.53173   10.76361  328.00323   16.81109 6.8360e+01     1.3901     0.7729    82.4296 0.0000e+00
        308  87.577357    0.02129     1.2773     76.639     11.105  52115.123    32.0428     3.2346     11.000     3.2374    25.5049     3.3605     4.8025     44.622    146.349    150.082   -0.00007    7.53100   10.76256  327.96977   16.80947 5.5305e+01     1.4901     0.7882    82.1141 0.0000e+00
        312  87.577371    0.02163     1.2978     77.869     12.114  52113.087    32.0439     3.2460     12.000     3.2462    25.5048     3.3611     4.8034     44.644    146.375    150.108    0.00011    7.52881   10.75942  327.87422   16.80493 4.4872e+01     1.5092     0.7908    82.0610 0.0000e+00
        317  87.577385    0.02197     1.3181     79.086     13.121  52114.625    32.0440     3.2446     13.000     3.2473    25.5050     3.3582     4.7992     44.603    146.247    149.978   -0.00028    7.52908   10.75981  327.88602   16.80549 3.6418e+01     1.7462     0.7704    82.4805 0.0000e+00
        323  87.577401    0.02233     1.3398     80.389     14.135  52126.897    32.0563     3.2619     14.000     3.2679    25.5133     3.3626     4.8054     44.684    146.436    150.172    0.00037    7.52525   10.75433  327.71631   16.79737 3.0131e+01     1.6339     0.7610    82.6749 0.0000e+00
        327  87.577414    0.02266     1.3594     81.566     15.140  52106.303    32.0448     3.2735     15.000     3.2688    25.5031     3.3687     4.8142     44.775    146.705    150.447    0.00083    7.52367   10.75207  327.65078   16.79430 2.3031e+01     1.6733     0.7747    82.3910 0.0000e+00
        332  87.577428    0.02300     1.3800     82.798     16.154  52115.632    32.0473     3.2611     16.000     3.2618    25.5063     3.3752     4.8235     44.848    146.987    150.736    0.00123    7.52585   10.75519  327.74476   16.79876 1.8469e+01     1.4095     0.7725    82.4392 0.0000e+00
        337  87.577442    0.02332     1.3994     83.964     17.160  52107.794    32.0439     3.2703     17.000     3.2654    25.5028     3.3774     4.8267     44.887    147.084    150.835    0.00106    7.52431   10.75299  327.67900   16.79565 1.5187e+01     1.5062     0.7856    82.1686 0.0000e+00
        342  87.577456    0.02366     1.4194     85.162     18.170  52117.186    32.0466     3.2583     18.000     3.2594    25.5060     3.3821     4.8332     44.936    147.285    151.041    0.00098    7.52640   10.75597  327.76880   16.79991 1.1908e+01     1.6428     0.7497    82.9089 0.0000e+00
        346  87.577469    0.02399     1.4393     86.356     19.181  52121.284    32.0512     3.2670     19.000     3.2680    25.5089     3.3839     4.8358     44.971    147.363    151.122    0.00096    7.52454   10.75332  327.68704   16.79600 9.6876e+00     1.7683     0.7512    82.8772 0.0000e+00
        351  87.577483    0.02431     1.4586     87.518     20.188  52123.124    32.0532     3.2720     20.000     3.2735    25.5100     3.3821     4.8333     44.954    147.286    151.043    0.00041    7.52350   10.75184  327.64157   16.79383 7.7251e+00     1.7089     0.7597    82.7031 0.0000e+00
        356  87.577497    0.02465     1.4793     88.758     21.200  52127.130    32.0571     3.2786     21.000     3.2820    25.5126     3.3802     4.8306     44.937    147.203    150.958    0.00011    7.52209   10.74982  327.57940   16.79087 6.5710e+00     1.5293     0.7848    82.1840 0.0000e+00
        361  87.577511    0.02499     1.4996     89.977     22.210  52129.331    32.0613     3.2909     22.000     3.2933    25.5148     3.3832     4.8349     44.992    147.335    151.094    0.00048    7.51959   10.74624  327.46957   16.78562 5.6460e+00     1.6619     0.7865    82.1504 0.0000e+00
        366  87.577525    0.02532     1.5193     91.155     23.217  52136.440    32.0688     3.3032     23.000     3.3086    25.5197     3.3842     4.8364     45.021    147.377    151.138    0.00048    7.51691   10.74242  327.35136   16.77998 4.2500e+00     1.7047     0.8313    81.2371 0.0000e+00
        370  87.577539    0.02566     1.5394     92.366     24.229  52126.327    32.0648     3.3160     24.000     3.3158    25.5154     3.3841     4.8363     45.033    147.376    151.137    0.00044    7.51476   10.73934  327.25903   16.77561 3.3222e+00     1.5187     0.8751    80.3509 0.0000e+00
        375  87.577553    0.02598     1.5592     93.552     25.236  52124.927    32.0639     3.3182     25.000     3.3172    25.5144     3.3876     4.8413     45.082    147.529    151.293    0.00052    7.51439   10.73882  327.24339   16.77487 2.5347e+00     1.9552     0.9017    79.8185 0.0000e+00
        380  87.577567    0.02633     1.5799     94.793     26.249  52125.977    32.0643     3.3193     26.000     3.3179    25.5147     3.3892     4.8435     45.104    147.596    151.362    0.00053    7.51417   10.73850  327.23366   16.77440 1.9509e+00     1.7793     0.8834    80.1830 0.0000e+00
        385  87.577581    0.02666     1.5993     95.960     27.254  52125.995    32.0638     3.3194     27.000     3.3176    25.5143     3.3878     4.8415     45.086    147.536    151.300    0.00015    7.51417   10.73850  327.23354   16.77440 1.5371e+00     1.6412     0.8970    79.9109 0.0000e+00
        390  87.577595    0.02700     1.6203     97.215     28.269  52127.800    32.0646     3.3195     28.000     3.3183    25.5149     3.3891     4.8432     45.102    147.588    151.353    0.00016    7.51412   10.73843  327.23140   16.77429 1.2144e+00     1.5855     0.8777    80.2985 0.0000e+00
        395  87.577609    0.02733     1.6398     98.386     29.271  52128.047    32.0644     3.3204     29.000     3.3189    25.5147     3.3919     4.8474     45.142    147.715    151.484    0.00036    7.51395   10.73819  327.22420   16.77395 9.7482e-01     1.6616     0.9059    79.7343 0.0000e+00
        400  87.577624    0.02770     1.6622     99.730     30.290  52129.513    32.0650     3.3209     30.000     3.3191    25.5152     3.3922     4.8478     45.146    147.728    151.497    0.00026    7.51384   10.73803  327.21907   16.77370 7.6394e-01     1.5677     0.8958    79.9362 0.0000e+00
        404  87.577637    0.02802     1.6811    100.867     31.292  52129.655    32.0646     3.3209     31.000     3.3192    25.5149     3.3939     4.8503     45.169    147.802    151.573    0.00031    7.51384   10.73804  327.21953   16.77373 6.0202e-01     1.5053     0.9358    79.1399 0.0000e+00
        409  87.577652    0.02836     1.7017    102.101     32.304  52130.661    32.0648     3.3212     32.000     3.3194    25.5150     3.3960     4.8532     45.197    147.890    151.664    0.00030    7.51379   10.73795  327.21684   16.77360 4.9436e-01     1.5248     0.9097    79.6592 0.0000e+00
        414  87.577666    0.02871     1.7226    103.357     33.314  52132.117    32.0653     3.3215     33.000     3.3197    25.5154     3.3940     4.8503     45.171    147.804    151.575   -0.00000    7.51370   10.73784  327.21300   16.77342 3.8583e-01     1.5606     0.9100    79.6530 0.0000e+00
        419  87.577680    0.02905     1.7426    104.558     34.323  52132.199    32.0650     3.3218     34.000     3.3196    25.5150     3.3959     4.8531     45.197    147.888    151.662    0.00013    7.51367   10.73779  327.21183   16.77336 3.3348e-01     1.5900     0.9460    78.9399 0.0000e+00
        424  87.577695    0.02939     1.7634    105.805     35.334  52132.731    32.0648     3.3215     35.000     3.3195    25.5149     3.3950     4.8517     45.184    147.848    151.620   -0.00002    7.51373   10.73788  327.21451   16.77349 2.6809e-01     1.6324     0.9563    78.7359 0.0000e+00
        429  87.577709    0.02973     1.7838    107.030     36.343  52133.845    32.0651     3.3221     36.000     3.3200    25.5152     3.3979     4.8560     45.223    147.976    151.751    0.00022    7.51362   10.73770  327.20927   16.77324 2.1999e-01     1.5809     0.9308    79.2378 0.0000e+00
        434  87.577723    0.03007     1.8043    108.258     37.352  52134.299    32.0649     3.3221     37.000     3.3198    25.5150     3.3950     4.8519     45.185    147.851    151.623   -0.00023    7.51362   10.73771  327.20953   16.77325 1.8265e-01     1.6024     0.9347    79.1628 0.0000e+00
        439  87.577738    0.03044     1.8260    109.557     38.365  52135.582    32.0652     3.3219     38.000     3.3197    25.5153     3.4000     4.8589     45.251    148.066    151.845    0.00042    7.51363   10.73773  327.20994   16.77327 1.5358e-01     1.6824     0.9786    78.2969 0.0000e+00
        444  87.577752    0.03076     1.8458    110.750     39.369  52136.857    32.0656     3.3222     39.000     3.3202    25.5156     3.3949     4.8517     45.184    147.844    151.617   -0.00036    7.51356   10.73762  327.20635   16.77310 1.2952e-01     1.5102     0.9728    78.4108 0.0000e+00
        449  87.577767    0.03113     1.8679    112.073     40.385  52137.040    32.0654     3.3229     40.000     3.3206    25.5153     3.4016     4.8612     45.274    148.138    151.917    0.00043    7.51346   10.73748  327.20225   16.77291 1.1426e-01     1.4227     0.9555    78.7523 0.0000e+00
        454  87.577781    0.03146     1.8878    113.268     41.388  52137.327    32.0650     3.3226     41.000     3.3198    25.5150     3.4006     4.8598     45.260    148.093    151.872    0.00016    7.51353   10.73757  327.20530   16.77305 9.6240e-02     1.4921     0.9702    78.4651 0.0000e+00
        459  87.577796    0.03183     1.9098    114.586     42.403  52138.468    32.0652     3.3224     42.000     3.3202    25.5153     3.4014     4.8610     45.271    148.130    151.909    0.00011    7.51354   10.73759  327.20572   16.77307 8.7325e-02     1.5604     0.9643    78.5774 0.0000e+00
        464  87.577810    0.03217     1.9301    115.806     43.408  52138.859    32.0650     3.3229     43.000     3.3205    25.5151     3.3960     4.8532     45.199    147.893    151.667   -0.00054    7.51346   10.73749  327.20261   16.77293 8.1535e-02     1.6065     0.9806    78.2587 0.0000e+00
        469  87.577825    0.03252     1.9514    117.083     44.424  52140.077    32.0655     3.3235     44.000     3.3207    25.5154     3.3991     4.8575     45.240    148.024    151.800   -0.00006    7.51334   10.73731  327.19698   16.77265 7.8251e-02     1.3511     0.9404    79.0490 0.0000e+00
        474  87.577839    0.03286     1.9714    118.282     45.426  52139.153    32.0641     3.3225     45.000     3.3192    25.5144     3.3976     4.8556     45.220    147.965    151.740   -0.00023    7.51360   10.73768  327.20865   16.77322 7.7517e-02     1.4440     0.9771    78.3271 0.0000e+00
        480  87.577855    0.03323     1.9941    119.649     46.444  52141.828    32.0652     3.3216     46.000     3.3188    25.5153     3.4000     4.8589     45.251    148.066    151.844    0.00014    7.51369   10.73782  327.21272   16.77340 7.1383e-02     1.5159     0.9776    78.3172 0.0000e+00
        485  87.577869    0.03358     2.0146    120.875     47.448  52141.856    32.0647     3.3218     47.000     3.3192    25.5149     3.3965     4.8540     45.204    147.915    151.689   -0.00047    7.51369   10.73781  327.21257   16.77340 7.0586e-02     1.4904     0.9755    78.3605 0.0000e+00
        490  87.577884    0.03393     2.0360    122.158     48.458  52143.010    32.0651     3.3222     48.000     3.3196    25.5151     3.4005     4.8597     45.258    148.088    151.866    0.00020    7.51357   10.73765  327.20755   16.77316 6.9448e-02     1.4721     0.9447    78.9640 0.0000e+00
        495  87.577898    0.03428     2.0568    123.407     49.467  52144.256    32.0655     3.3227     49.000     3.3199    25.5155     3.3951     4.8519     45.187    147.852    151.624   -0.00053    7.51347   10.73751  327.20315   16.77295 6.8546e-02     1.7104     0.9442    78.9747 0.0000e+00
        500  87.577914    0.03464     2.0785    124.709     50.481  52143.117    32.0641     3.3222     50.000     3.3187    25.5144     3.3960     4.8532     45.198    147.892    151.666   -0.00030    7.51363   10.73773  327.21023   16.77329 6.8200e-02     1.7764     0.9313    79.2292 0.0000e+00
        504  87.577926    0.03496     2.0977    125.860     51.479  52145.092    32.0646     3.3212     51.000     3.3185    25.5149     3.3959     4.8532     45.196    147.889    151.663   -0.00027    7.51378   10.73795  327.21667   16.77359 6.7252e-02     1.9321     0.9541    78.7808 0.0000e+00
