CTD-processing/allCTD/CNV/2017_04-20_alongbay_skb07_cast154_4141.cnv
* Sea-Bird SBE19plus Data File:
* FileName = P:\My Documents\kasitsna\Research-KBL\Oceanography-AK\CTD-Data-ALL-to-2017-02\2017-CTD-KachemakBay-CookInlet\2017-04-20-CookInlet-AlongKachemakBay\2017-04-20-CookInlet-AlongKachemakBay-cast154.hex
* Software Version 1.59
* Temperature SN =  4141
* Conductivity SN =  4141
* System UpLoad Time = Apr 24 2017 17:26:00
** Cook Inlet Along Kachemak Bay Line west to east
** Date: 2017-04-20
** Station: (eg. 9-01): KB07
** Start time (AKDT): 19:57
** Depth (m): 146.3
** Comment: R/V Alaska Dreamcatcher
** Comment:
# nquan = 27
# nvalues = 142                         
# units = specified
# name 0 = scan: Scan Count
# name 1 = timeJ: Julian Days
# name 2 = timeH: Time, Elapsed [hours]
# name 3 = timeM: Time, Elapsed [minutes]
# name 4 = timeS: Time, Elapsed [seconds]
# name 5 = prdM: Pressure, Strain Gauge [db]
# name 6 = specc: Specific Conductance [uS/cm]
# name 7 = sal00: Salinity, Practical [PSU]
# name 8 = tv290C: Temperature [ITS-90, deg C]
# name 9 = depSM: Depth [salt water, m], lat = 59.00
# name 10 = potemp090C: Potential Temperature [ITS-90, deg C]
# name 11 = sigma-é00: Density [sigma-theta, kg/m^3]
# name 12 = sbeox0ML/L: Oxygen, SBE 43 [ml/l]
# name 13 = sbeox0Mg/L: Oxygen, SBE 43 [mg/l]
# name 14 = sbeox0PS: Oxygen, SBE 43 [% saturation]
# name 15 = sbox0Mm/Kg: Oxygen, SBE 43 [umol/kg]
# name 16 = sbeox0Mm/L: Oxygen, SBE 43 [umol/l]
# name 17 = sbox0dV/dT: Oxygen, SBE 43 [dov/dt]
# name 18 = oxsolML/L: Oxygen Saturation, Garcia & Gordon [ml/l]
# name 19 = oxsolMg/L: Oxygen Saturation, Garcia & Gordon [mg/l]
# name 20 = oxsolMm/Kg: Oxygen Saturation, Garcia & Gordon [umol/kg]
# name 21 = n2satMg/L: Nitrogen Saturation [mg/l]
# name 22 = par: PAR/Irradiance, Biospherical/Licor
# name 23 = wetStar: Fluorescence, WET Labs WETstar [mg/m^3]
# name 24 = CStarAt0: Beam Attenuation, WET Labs C-Star [1/m]
# name 25 = CStarTr0: Beam Transmission, WET Labs C-Star [%]
# name 26 = flag: flag
# span 0 =         84,        718       
# span 1 = 110.832347, 110.834180       
# span 2 =    0.00578,    0.04977       
# span 3 =     0.3466,     2.9865       
# span 4 =     20.794,    179.189       
# span 5 =      1.015,    143.367       
# span 6 =  49879.815,  52028.269       
# span 7 =    31.1177,    32.0065       
# span 8 =     3.4166,     5.9201       
# span 9 =      1.000,    142.000       
# span 10 =     3.4128,     5.9704      
# span 11 =    24.4956,    25.4543      
# span 12 =     3.3566,     4.1641      
# span 13 =     4.7970,     5.9509      
# span 14 =     47.169,     55.667      
# span 15 =    146.322,    181.363      
# span 16 =    149.908,    185.969      
# span 17 =   -0.00191,    0.00526      
# span 18 =    7.10219,    7.50220      
# span 19 =   10.14974,   10.72141      
# span 20 =  309.59665,  326.74531      
# span 21 =   15.93905,   16.75167      
# span 22 = 3.6382e-02, 3.9888e+01      
# span 23 =     0.7868,    14.4408      
# span 24 =     0.6760,     2.0756      
# span 25 =    61.4901,    84.4501      
# span 26 = 0.0000e+00, 0.0000e+00      
# interval = meters: 1                  
# start_time = Apr 20 2017 19:58:14 [Instrument's time stamp, header]
# bad_flag = -9.990e-29
*END*
[from data line 108]
        603 110.833847    0.04178     2.5064    150.382    110.059  51977.318    31.9762     3.5377    109.000     3.5386    25.4254     4.1565     5.9401     55.581    181.028    185.630    0.00014    7.47834   10.68730  325.70179   16.70194 3.6382e-02     1.0186     1.1703    74.6342 0.0000e+00
        606 110.833857    0.04200     2.5203    151.221    111.067  51984.992    31.9850     3.5541    110.000     3.5589    25.4310     4.1502     5.9310     55.521    180.747    185.344   -0.00051    7.47488   10.68236  325.54929   16.69466 3.6382e-02     1.0460     1.1574    74.8760 0.0000e+00
        609 110.833867    0.04224     2.5347    152.080    112.079  51967.371    31.9769     3.5711    111.000     3.5673    25.4229     4.1518     5.9332     55.563    180.820    185.417   -0.00022    7.47217   10.67849  325.43379   16.68920 3.6382e-02     0.9690     1.1397    75.2080 0.0000e+00
        613 110.833876    0.04248     2.5488    152.928    113.088  51957.585    31.9702     3.5730    112.000     3.5655    25.4175     4.1504     5.9314     55.545    180.763    185.359   -0.00013    7.47216   10.67846  325.43508   16.68929 3.6382e-02     1.0948     1.1234    75.5148 0.0000e+00
        616 110.833886    0.04271     2.5628    153.767    114.099  51965.491    31.9752     3.5738    113.000     3.5651    25.4214     4.1463     5.9256     55.493    180.584    185.175   -0.00075    7.47175   10.67788  325.41583   16.68835 3.6382e-02     0.8539     1.1417    75.1698 0.0000e+00
        619 110.833896    0.04295     2.5768    154.605    115.108  51936.569    31.9515     3.5597    114.000     3.5373    25.4038     4.1500     5.9307     55.514    180.747    185.339   -0.00050    7.47555   10.68330  325.58662   16.69657 3.6382e-02     0.8224     1.1781    74.4891 0.0000e+00
        623 110.833906    0.04318     2.5910    155.458    116.118  51961.378    31.9624     3.5384    115.000     3.5233    25.4144     4.1533     5.9354     55.533    180.887    185.484   -0.00019    7.47890   10.68809  325.72941   16.70332 3.6382e-02     0.9001     1.2074    73.9452 0.0000e+00
        626 110.833916    0.04342     2.6052    156.311    117.130  51962.492    31.9589     3.5236    116.000     3.5090    25.4129     4.1536     5.9360     55.517    180.906    185.503   -0.00034    7.48181   10.69225  325.85667   16.70938 3.6382e-02     0.9529     1.2649    72.8900 0.0000e+00
        630 110.833925    0.04365     2.6190    157.142    118.137  51994.481    31.9788     3.5185    117.000     3.5198    25.4292     4.1548     5.9376     55.532    180.951    185.553   -0.00034    7.48175   10.69218  325.84902   16.70893 3.6382e-02     0.8596     1.2627    72.9300 0.0000e+00
        633 110.833935    0.04389     2.6331    157.987    119.147  51991.695    31.9805     3.5346    118.000     3.5339    25.4291     4.1513     5.9327     55.509    180.801    185.399   -0.00029    7.47869   10.68778  325.71527   16.70257 3.6382e-02     0.8633     1.2518    73.1290 0.0000e+00
        636 110.833945    0.04413     2.6475    158.850    120.159  51980.469    31.9745     3.5432    119.000     3.5371    25.4237     4.1485     5.9287     55.481    180.680    185.274   -0.00062    7.47741   10.68596  325.66153   16.70004 3.6382e-02     0.8332     1.2600    72.9801 0.0000e+00
        640 110.833955    0.04436     2.6617    159.700    121.168  51980.619    31.9746     3.5449    120.000     3.5387    25.4235     4.1467     5.9261     55.459    180.602    185.193   -0.00069    7.47711   10.68553  325.64843   16.69941 3.6382e-02     0.9667     1.2665    72.8613 0.0000e+00
        643 110.833964    0.04459     2.6756    160.535    122.176  51979.148    31.9735     3.5468    121.000     3.5397    25.4225     4.1477     5.9275     55.474    180.645    185.238   -0.00044    7.47680   10.68511  325.63563   16.69881 3.6382e-02     1.2391     1.2624    72.9355 0.0000e+00
        647 110.833975    0.04483     2.6900    161.402    123.189  51984.288    31.9771     3.5493    122.000     3.5436    25.4252     4.1403     5.9169     55.379    180.320    184.904   -0.00102    7.47616   10.68418  325.60654   16.69742 3.6382e-02     0.9787     1.2569    73.0345 0.0000e+00
        650 110.833984    0.04507     2.7042    162.252    124.198  51973.752    31.9695     3.5496    123.000     3.5393    25.4191     4.1415     5.9186     55.394    180.373    184.958   -0.00105    7.47648   10.68463  325.62244   16.69820 3.6382e-02     1.0193     1.2552    73.0668 0.0000e+00
        653 110.833994    0.04531     2.7183    163.100    125.207  51980.677    31.9728     3.5463    124.000     3.5380    25.4221     4.1448     5.9233     55.434    180.517    185.106   -0.00026    7.47693   10.68527  325.64108   16.69907 3.6382e-02     1.1578     1.2647    72.8922 0.0000e+00
        657 110.834005    0.04555     2.7328    163.967    126.221  51986.768    31.9763     3.5457    125.000     3.5416    25.4249     4.1455     5.9243     55.444    180.546    185.137   -0.00035    7.47687   10.68520  325.63785   16.69891 3.6382e-02     1.2003     1.2570    73.0335 0.0000e+00
        660 110.834014    0.04578     2.7471    164.827    127.228  51999.582    31.9872     3.5562    126.000     3.5576    25.4326     4.1429     5.9206     55.428    180.433    185.022   -0.00026    7.47436   10.68161  325.52610   16.69355 3.6382e-02     0.8968     1.2582    73.0127 0.0000e+00
        664 110.834024    0.04603     2.7617    165.700    128.239  51984.939    31.9803     3.5700    127.000     3.5645    25.4258     4.1397     5.9161     55.402    180.296    184.880   -0.00045    7.47219   10.67852  325.43384   16.68919 3.6382e-02     0.9293     1.2697    72.8021 0.0000e+00
        667 110.834034    0.04627     2.7760    166.557    129.247  51984.803    31.9807     3.5740    128.000     3.5680    25.4258     4.1373     5.9127     55.375    180.193    184.774   -0.00074    7.47147   10.67747  325.40206   16.68768 3.6382e-02     0.8319     1.2560    73.0520 0.0000e+00
        671 110.834044    0.04651     2.7903    167.418    130.258  51982.596    31.9794     3.5769    129.000     3.5697    25.4245     4.1369     5.9121     55.373    180.174    184.754   -0.00055    7.47097   10.67677  325.38089   16.68667 3.6382e-02     1.0026     1.2691    72.8132 0.0000e+00
        674 110.834055    0.04675     2.8049    168.293    131.269  51983.021    31.9794     3.5779    130.000     3.5704    25.4244     4.1371     5.9124     55.378    180.183    184.765   -0.00041    7.47078   10.67650  325.37282   16.68629 3.6382e-02     0.9697     1.2730    72.7417 0.0000e+00
        678 110.834065    0.04699     2.8196    169.177    132.279  51985.284    31.9807     3.5790    131.000     3.5714    25.4254     4.1343     5.9085     55.343    180.064    184.642   -0.00071    7.47052   10.67613  325.36133   16.68574 3.6382e-02     0.9831     1.3127    72.0260 0.0000e+00
        681 110.834075    0.04724     2.8343    170.058    133.289  51983.185    31.9789     3.5796    132.000     3.5696    25.4239     4.1319     5.9049     55.309    179.955    184.530   -0.00075    7.47050   10.67610  325.36100   16.68574 3.6382e-02     0.8977     1.3776    70.8634 0.0000e+00
        685 110.834085    0.04749     2.8491    170.947    134.298  51982.954    31.9771     3.5754    133.000     3.5640    25.4229     4.1312     5.9039     55.294    179.926    184.500   -0.00080    7.47137   10.67733  325.39871   16.68753 3.6382e-02     0.9429     1.4961    68.7958 0.0000e+00
        688 110.834095    0.04774     2.8642    171.854    135.310  51985.735    31.9772     3.5699    134.000     3.5585    25.4234     4.1269     5.8977     55.228    179.736    184.305   -0.00113    7.47237   10.67876  325.44215   16.68960 3.6382e-02     1.1062     1.5562    67.7713 0.0000e+00
        692 110.834106    0.04798     2.8788    172.729    136.317  51989.886    31.9781     3.5646    135.000     3.5534    25.4247     4.1298     5.9019     55.261    179.864    184.437   -0.00085    7.47329   10.68009  325.48212   16.69150 3.6382e-02     0.9436     1.5932    67.1463 0.0000e+00
        696 110.834116    0.04823     2.8942    173.650    137.329  51991.499    31.9772     3.5589    136.000     3.5481    25.4245     4.1367     5.9117     55.345    180.164    184.744    0.00006    7.47439   10.68164  325.52967   16.69376 3.6382e-02     0.9518     1.6237    66.6360 0.0000e+00
        699 110.834127    0.04849     2.9092    174.554    138.339  51998.609    31.9809     3.5565    137.000     3.5488    25.4277     4.1324     5.9057     55.286    179.978    184.555   -0.00022    7.47465   10.68202  325.54023   16.69425 3.6382e-02     1.3911     1.6556    66.1062 0.0000e+00
        703 110.834138    0.04874     2.9244    175.463    139.349  52001.701    31.9831     3.5588    138.000     3.5518    25.4292     4.1254     5.8956     55.196    179.671    184.240   -0.00121    7.47411   10.68126  325.51642   16.69311 3.6382e-02     1.3401     1.6521    66.1654 0.0000e+00
        707 110.834148    0.04900     2.9399    176.394    140.360  52000.073    31.9820     3.5608    139.000     3.5529    25.4281     4.1258     5.8961     55.202    179.687    184.256   -0.00079    7.47380   10.68082  325.50323   16.69249 3.6382e-02     1.0449     1.6282    66.5605 0.0000e+00
        710 110.834159    0.04926     2.9552    177.312    141.369  52005.185    31.9856     3.5634    140.000     3.5577    25.4307     4.1224     5.8912     55.162    179.538    184.104   -0.00102    7.47314   10.67987  325.47344   16.69106 3.6382e-02     0.9810     1.6454    66.2747 0.0000e+00
        714 110.834170    0.04951     2.9708    178.246    142.379  52007.893    31.9884     3.5693    141.000     3.5651    25.4325     4.1210     5.8892     55.153    179.478    184.043   -0.00083    7.47191   10.67811  325.41939   16.68847 3.6382e-02     0.9363     1.6628    65.9895 0.0000e+00
        718 110.834180    0.04977     2.9865    179.189    143.367  52012.796    31.9937     3.5789    142.000     3.5775    25.4358     4.1089     5.8721     55.006    178.951    183.503   -0.00161    7.46989   10.67522  325.33011   16.68420 3.6382e-02     0.7868     1.7112    65.1931 0.0000e+00
