CTD-processing/allCTD/CNV/2017_07-24_alongbay_skb10_cast220_4141.cnv
* Sea-Bird SBE19plus Data File:
* FileName = P:\My Documents\kasitsna\Research-KBL\Oceanography-AK\CTD-Data-ALL-to-2017-02\2017-CTD-KachemakBay-CookInlet\2017-07-24-CookInlet-AlongBay-KB03toKB13\2017-07-24-KachemakBay-AlongBay-cast220.hex
* Software Version 1.59
* Temperature SN =  4141
* Conductivity SN =  4141
* System UpLoad Time = Jul 24 2017 20:07:41
** Cook Inlet Along Kachemak Bay Transect (KB03 to KB13)
** Date: 2017-07-24
** Station: (eg. 9-01): KB10
** Start time (AKDT): 14:06
** Depth (m): 63.7
** Comment: R/V Edgecumbe.  Quarterly survey.
** Comment:
# nquan = 27
# nvalues = 57                          
# units = specified
# name 0 = scan: Scan Count
# name 1 = timeJ: Julian Days
# name 2 = timeH: Time, Elapsed [hours]
# name 3 = timeM: Time, Elapsed [minutes]
# name 4 = timeS: Time, Elapsed [seconds]
# name 5 = prdM: Pressure, Strain Gauge [db]
# name 6 = specc: Specific Conductance [uS/cm]
# name 7 = sal00: Salinity, Practical [PSU]
# name 8 = tv290C: Temperature [ITS-90, deg C]
# name 9 = depSM: Depth [salt water, m], lat = 59.00
# name 10 = potemp090C: Potential Temperature [ITS-90, deg C]
# name 11 = sigma-é00: Density [sigma-theta, kg/m^3]
# name 12 = sbeox0ML/L: Oxygen, SBE 43 [ml/l]
# name 13 = sbeox0Mg/L: Oxygen, SBE 43 [mg/l]
# name 14 = sbeox0PS: Oxygen, SBE 43 [% saturation]
# name 15 = sbox0Mm/Kg: Oxygen, SBE 43 [umol/kg]
# name 16 = sbeox0Mm/L: Oxygen, SBE 43 [umol/l]
# name 17 = sbox0dV/dT: Oxygen, SBE 43 [dov/dt]
# name 18 = oxsolML/L: Oxygen Saturation, Garcia & Gordon [ml/l]
# name 19 = oxsolMg/L: Oxygen Saturation, Garcia & Gordon [mg/l]
# name 20 = oxsolMm/Kg: Oxygen Saturation, Garcia & Gordon [umol/kg]
# name 21 = n2satMg/L: Nitrogen Saturation [mg/l]
# name 22 = par: PAR/Irradiance, Biospherical/Licor
# name 23 = wetStar: Fluorescence, WET Labs WETstar [mg/m^3]
# name 24 = CStarAt0: Beam Attenuation, WET Labs C-Star [1/m]
# name 25 = CStarTr0: Beam Transmission, WET Labs C-Star [%]
# name 26 = flag: flag
# span 0 =        577,        862       
# span 1 = 205.589989, 205.590814       
# span 2 =    0.04002,    0.05982       
# span 3 =     2.4009,     3.5895       
# span 4 =    144.054,    215.370       
# span 5 =      1.015,     57.543       
# span 6 =  38257.694,  50092.776       
# span 7 =    23.8861,    31.6310       
# span 8 =     8.1271,    12.2876       
# span 9 =      1.000,     57.000       
# span 10 =     8.1186,    12.2319      
# span 11 =    17.9263,    24.6117      
# span 12 =     2.6629,     2.9336      
# span 13 =     3.8056,     4.1925      
# span 14 =     41.282,     43.626      
# span 15 =    116.831,    127.871      
# span 16 =    118.924,    131.017      
# span 17 =   -0.00197,    0.00292      
# span 18 =    6.42554,    6.72694      
# span 19 =    9.18275,    9.61346      
# span 20 =  281.25526,  293.20857      
# span 21 =   14.60363,   15.15536      
# span 22 = 5.1679e-02, 2.8344e+02      
# span 23 =     0.4698,     4.2215      
# span 24 =     0.5558,     4.5275      
# span 25 =    32.2444,    87.0269      
# span 26 = 0.0000e+00, 0.0000e+00      
# interval = meters: 1                  
# start_time = Jul 24 2017 14:07:11 [Instrument's time stamp, header]
# bad_flag = -9.990e-29
*END*
        577 205.589989    0.04002     2.4009    144.054      1.015  38257.694    23.8861    12.2876      1.000    12.2319    17.9263     2.6629     3.8056     41.282    116.831    118.924   -0.00057    6.45046    9.21836  283.00446   14.69944 2.8344e+02     2.9985     4.1243    35.6446 0.0000e+00
        585 205.590012    0.04057     2.4343    146.057      2.021  39331.624    24.6068    12.0312      2.000    11.9376    18.5274     2.6867     3.8397     41.613    117.808    119.991    0.00227    6.45666    9.22722  283.10931   14.70147 9.9447e+01     3.0824     4.5275    32.2444 0.0000e+00
        590 205.590027    0.04091     2.4550    147.301      3.028  42553.053    26.8044    11.6110      3.000    11.1902    20.3007     2.6744     3.8219     41.620    117.060    119.437    0.00149    6.42554    9.18275  281.25526   14.60363 3.6623e+01     3.6564     3.2769    44.6802 0.0000e+00
        595 205.590041    0.04127     2.4762    148.572      4.037  45971.231    29.0864    10.5561      4.000    10.2807    22.2489     2.7016     3.8608     41.694    118.026    120.652    0.00082    6.47939    9.25970  283.07150   14.68120 1.8851e+01     4.2215     1.4705    69.0156 0.0000e+00
        600 205.590056    0.04163     2.4978    149.869      5.046  46529.372    29.4011     9.8922      5.000     9.6939    22.6009     2.7375     3.9121     41.723    119.555    122.257    0.00055    6.56111    9.37648  286.54287   14.84595 1.3049e+01     3.9915     1.5215    68.3793 0.0000e+00
        606 205.590072    0.04200     2.5201    151.206      6.058  47078.005    29.7433     9.5516      6.000     9.5306    22.9213     2.7410     3.9172     41.555    119.670    122.413   -0.00142    6.59604    9.42640  287.97825   14.91318 8.7942e+00     3.8555     1.5222    68.3489 0.0000e+00
        611 205.590087    0.04236     2.5414    152.483      7.067  47152.882    29.7915     9.5204      7.000     9.5164    22.9638     2.7353     3.9090     41.453    119.417    122.159   -0.00197    6.59854    9.42998  288.07551   14.91764 6.1115e+00     3.7324     1.4835    69.0130 0.0000e+00
        616 205.590101    0.04271     2.5624    153.744      8.074  47379.837    29.9501     9.5215      8.000     9.5591    23.0874     2.7333     3.9063     41.467    119.318    122.072   -0.00109    6.59166    9.42016  287.74077   14.90098 4.0307e+00     3.6059     1.4370    69.8244 0.0000e+00
        621 205.590117    0.04307     2.5844    155.065      9.090  47912.074    30.3428     9.6818      9.000     9.7462    23.3688     2.7146     3.8794     41.432    118.464    121.232   -0.00092    6.55178    9.36315  285.92086   14.81237 2.8301e+00     3.5663     1.0663    76.6010 0.0000e+00
        626 205.590130    0.04339     2.6036    156.217     10.092  48032.206    30.4429     9.8103     10.000     9.8468    23.4265     2.7066     3.8679     41.453    118.106    120.874   -0.00031    6.52909    9.33072  284.91469   14.76385 2.1032e+00     3.4268     0.9288    79.2890 0.0000e+00
        631 205.590145    0.04375     2.6250    157.503     11.105  48151.953    30.5336     9.8664     11.000     9.8569    23.4884     2.7053     3.8663     41.511    118.049    120.822    0.00020    6.51723    9.31378  284.38014   14.73792 1.5877e+00     3.0284     0.8715    80.4235 0.0000e+00
        636 205.590159    0.04409     2.6455    158.729     12.115  48347.863    30.6647     9.8167     12.000     9.7873    23.5986     2.7120     3.8757     41.602    118.324    121.116    0.00103    6.51886    9.31611  284.42055   14.73931 1.2262e+00     2.5793     0.8054    81.7642 0.0000e+00
        641 205.590173    0.04443     2.6659    159.954     13.120  48688.574    30.8922     9.7252     13.000     9.6575    23.7908     2.7146     3.8795     41.620    118.419    121.237    0.00067    6.52246    9.32126  284.52431   14.74335 9.3858e-01     2.3051     0.7314    83.2928 0.0000e+00
        646 205.590189    0.04481     2.6886    161.316     14.136  48976.783    31.0755     9.5777     14.000     9.5595    23.9572     2.7240     3.8929     41.677    118.808    121.654    0.00071    6.53599    9.34059  285.06802   14.76861 7.4184e-01     2.0266     0.6882    84.1944 0.0000e+00
        651 205.590203    0.04515     2.7089    162.536     15.141  49006.193    31.0919     9.5483     15.000     9.5385    23.9747     2.7292     3.9002     41.733    119.030    121.883    0.00106    6.53955    9.34567  285.21835   14.77574 5.9406e-01     1.7085     0.6971    84.0062 0.0000e+00
        656 205.590217    0.04550     2.7297    163.781     16.150  49075.360    31.1367     9.5222     16.000     9.5088    24.0138     2.7314     3.9035     41.756    119.126    121.986    0.00055    6.54142    9.34835  285.28900   14.77893 4.6577e-01     1.5693     0.6950    84.0516 0.0000e+00
        662 205.590233    0.04588     2.7528    165.165     17.166  49208.156    31.2273     9.5044     17.000     9.5025    24.0874     2.7343     3.9076     41.808    119.241    122.114    0.00083    6.54017    9.34656  285.21394   14.77497 3.7330e-01     1.5394     0.5841    86.4136 0.0000e+00
        666 205.590246    0.04618     2.7711    166.267     18.170  49209.692    31.2279     9.5040     18.000     9.5013    24.0879     2.7419     3.9186     41.924    119.575    122.456    0.00138    6.54020    9.34661  285.21546   14.77505 3.0008e-01     1.4585     0.5871    86.3489 0.0000e+00
        671 205.590260    0.04651     2.7906    167.435     19.179  49215.125    31.2309     9.5013     19.000     9.4957    24.0907     2.7484     3.9277     42.021    119.854    122.742    0.00188    6.54048    9.34700  285.22632   14.77555 2.4844e-01     1.4752     0.5646    86.8367 0.0000e+00
        676 205.590274    0.04685     2.8109    168.651     20.190  49243.282    31.2483     9.4861     20.000     9.4719    24.1067     2.7599     3.9441     42.187    120.354    123.256    0.00254    6.54195    9.34910  285.28607   14.77834 2.0610e-01     1.4648     0.5681    86.7599 0.0000e+00
        680 205.590287    0.04716     2.8295    169.772     21.199  49265.513    31.2607     9.4653     21.000     9.4588    24.1198     2.7673     3.9547     42.286    120.679    123.590    0.00257    6.54442    9.35264  285.39045   14.78327 1.7267e-01     1.4668     0.5819    86.4613 0.0000e+00
        685 205.590300    0.04749     2.8493    170.955     22.205  49295.122    31.2793     9.4518     22.000     9.4376    24.1364     2.7769     3.9685     42.424    121.094    124.016    0.00265    6.54559    9.35430  285.43665   14.78541 1.4571e-01     1.4059     0.5958    86.1613 0.0000e+00
        690 205.590316    0.04786     2.8714    172.285     23.227  49345.420    31.3091     9.4133     23.000     9.3752    24.1657     2.7851     3.9802     42.522    121.449    124.384    0.00246    6.54989    9.36046  285.61625   14.79387 1.2490e-01     1.3602     0.6022    86.0232 0.0000e+00
        694 205.590327    0.04814     2.8881    173.289     24.218  49429.976    31.3561     9.3242     24.000     9.2825    24.2164     2.8002     4.0019     42.681    122.102    125.060    0.00292    6.56085    9.37612  286.07979   14.81585 1.0927e-01     1.3490     0.5751    86.6094 0.0000e+00
        700 205.590343    0.04851     2.9108    174.648     25.248  49513.698    31.4024     9.2360     25.000     9.2141    24.2664     2.8075     4.0122     42.722    122.415    125.385    0.00197    6.57170    9.39163  286.53907   14.83762 9.6292e-02     1.2015     0.5558    87.0269 0.0000e+00
        704 205.590356    0.04882     2.9289    175.736     26.241  49520.193    31.3989     9.1806     26.000     9.1314    24.2722     2.8212     4.0317     42.875    123.007    125.993    0.00262    6.57995    9.40340  286.89681   14.85474 8.7199e-02     1.1141     0.5826    86.4465 0.0000e+00
        709 205.590370    0.04918     2.9504    177.025     27.259  49605.015    31.4432     9.0739     27.000     9.0573    24.3233     2.8307     4.0454     42.931    123.420    126.421    0.00188    6.59367    9.42301  287.48070   14.88247 7.9754e-02     1.0604     0.6048    85.9675 0.0000e+00
        714 205.590384    0.04950     2.9699    178.195     28.268  49626.058    31.4542     9.0501     28.000     9.0435    24.3355     2.8344     4.0506     42.967    123.575    126.582    0.00147    6.59669    9.42733  287.60913   14.88856 7.3667e-02     1.0375     0.6123    85.8067 0.0000e+00
        719 205.590398    0.04983     2.9901    179.404     29.271  49633.654    31.4585     9.0462     29.000     9.0433    24.3396     2.8366     4.0538     42.998    123.671    126.681    0.00109    6.59707    9.42787  287.62466   14.88928 6.9217e-02     1.0395     0.6071    85.9181 0.0000e+00
        724 205.590415    0.05023     3.0137    180.820     30.292  49625.828    31.4517     9.0399     30.000     9.0207    24.3352     2.8454     4.0663     43.123    124.055    127.074    0.00161    6.59829    9.42962  287.67906   14.89191 6.5577e-02     1.0076     0.6235    85.5665 0.0000e+00
        729 205.590428    0.05055     3.0329    181.971     31.293  49665.773    31.4724     8.9915     31.000     8.9724    24.3589     2.8517     4.0754     43.179    124.332    127.360    0.00158    6.60452    9.43853  287.94409   14.90450 6.2988e-02     1.0077     0.6293    85.4428 0.0000e+00
        734 205.590443    0.05090     3.0539    183.233     32.304  49699.580    31.4923     8.9673     32.000     8.9618    24.3781     2.8521     4.0760     43.166    124.343    127.374    0.00059    6.60722    9.44238  288.05633   14.90978 6.0628e-02     0.9751     0.6199    85.6434 0.0000e+00
        739 205.590456    0.05123     3.0740    184.442     33.314  49692.752    31.4859     8.9590     33.000     8.9430    24.3744     2.8589     4.0856     43.259    124.639    127.677    0.00127    6.60873    9.44454  288.12312   14.91299 5.8820e-02     0.9281     0.6331    85.3613 0.0000e+00
        744 205.590471    0.05159     3.0951    185.703     34.326  49705.830    31.4898     8.9256     34.000     8.9109    24.3826     2.8625     4.0908     43.283    124.797    127.839    0.00086    6.61348    9.45133  288.32780   14.92277 5.7600e-02     0.9154     0.6309    85.4076 0.0000e+00
        749 205.590485    0.05191     3.1147    186.880     35.330  49712.767    31.4904     8.8986     35.000     8.8876    24.3872     2.8676     4.0980     43.334    125.017    128.066    0.00091    6.61744    9.45698  288.49901   14.93095 5.6401e-02     0.9101     0.6528    84.9425 0.0000e+00
        754 205.590499    0.05226     3.1357    188.142     36.346  49725.932    31.4975     8.8868     36.000     8.8823    24.3945     2.8675     4.0979     43.323    125.012    128.062    0.00041    6.61887    9.45902  288.55933   14.93380 5.5396e-02     0.8540     0.6502    84.9972 0.0000e+00
        758 205.590512    0.05258     3.1548    189.290     37.349  49721.816    31.4934     8.8816     37.000     8.8737    24.3921     2.8708     4.1027     43.367    125.159    128.212    0.00062    6.61983    9.46040  288.60192   14.93586 5.4506e-02     0.8232     0.6630    84.7264 0.0000e+00
        764 205.590528    0.05296     3.1775    190.649     38.365  49727.048    31.4947     8.8681     38.000     8.8578    24.3953     2.8735     4.1064     43.394    125.272    128.328    0.00050    6.62176    9.46316  288.68511   14.93982 5.4030e-02     0.8346     0.6462    85.0808 0.0000e+00
        769 205.590543    0.05330     3.1982    191.893     39.369  49729.873    31.4934     8.8485     39.000     8.8214    24.3972     2.8764     4.1107     43.420    125.403    128.462    0.00048    6.62471    9.46737  288.81319   14.94595 5.3757e-02     0.8221     0.6630    84.7257 0.0000e+00
        773 205.590557    0.05364     3.2183    193.098     40.385  49759.181    31.5042     8.7840     40.000     8.7434    24.4154     2.8801     4.1160     43.416    125.561    128.627    0.00018    6.63380    9.48037  289.20469   14.96461 5.3325e-02     0.8352     0.6841    84.2809 0.0000e+00
        778 205.590571    0.05399     3.2391    194.346     41.387  49823.032    31.5353     8.6933     41.000     8.6683    24.4533     2.8898     4.1298     43.482    125.976    129.057    0.00056    6.64592    9.49770  289.72232   14.98922 5.2941e-02     0.7525     0.7525    82.8515 0.0000e+00
        784 205.590588    0.05439     3.2636    195.813     42.406  49863.490    31.5575     8.6543     42.000     8.6466    24.4766     2.8936     4.1352     43.507    126.138    129.226    0.00050    6.65078    9.50462  289.92725   14.99892 5.2568e-02     0.6854     0.7706    82.4785 0.0000e+00
        789 205.590601    0.05470     3.2820    196.917     43.408  49866.406    31.5580     8.6468     43.000     8.6377    24.4781     2.8938     4.1356     43.505    126.151    129.240    0.00029    6.65188    9.50620  289.97489   15.00119 5.2479e-02     0.6583     0.7890    82.1002 0.0000e+00
        794 205.590616    0.05505     3.3032    198.195     44.419  49874.337    31.5616     8.6362     44.000     8.6294    24.4824     2.8928     4.1341     43.479    126.105    129.192   -0.00025    6.65330    9.50823  290.03562   15.00408 5.2451e-02     0.6433     0.7925    82.0272 0.0000e+00
        799 205.590632    0.05544     3.3263    199.577     45.431  49882.622    31.5659     8.6294     45.000     8.6192    24.4869     2.8978     4.1413     43.550    126.324    129.418    0.00053    6.65412    9.50941  290.07032   15.00572 5.2189e-02     0.6341     0.7817    82.2479 0.0000e+00
        805 205.590647    0.05581     3.3488    200.927     46.443  49892.547    31.5676     8.5970     46.000     8.5765    24.4930     2.8962     4.1389     43.493    126.251    129.343   -0.00027    6.65888    9.51621  290.27603   15.01554 5.2198e-02     0.6352     0.7879    82.1212 0.0000e+00
        809 205.590660    0.05612     3.3672    202.030     47.445  49922.163    31.5845     8.5741     47.000     8.5677    24.5097     2.9014     4.1464     43.554    126.476    129.576    0.00032    6.66158    9.52006  290.38866   15.02086 5.2014e-02     0.6127     0.8210    81.4450 0.0000e+00
        815 205.590676    0.05651     3.3905    203.429     48.462  49929.075    31.5886     8.5725     48.000     8.5713    24.5132     2.9035     4.1495     43.586    126.570    129.673    0.00047    6.66164    9.52015  290.39053   15.02093 5.1892e-02     0.5895     0.8018    81.8362 0.0000e+00
        820 205.590691    0.05686     3.4114    204.684     49.465  49917.268    31.5810     8.5798     49.000     8.5705    24.5062     2.8999     4.1442     43.536    126.410    129.508   -0.00029    6.66087    9.51906  290.35924   15.01946 5.1988e-02     0.5822     0.8101    81.6681 0.0000e+00
        825 205.590707    0.05723     3.4342    206.050     50.479  49927.745    31.5869     8.5731     50.000     8.5706    24.5118     2.9016     4.1467     43.557    126.486    129.586   -0.00000    6.66162    9.52012  290.38991   15.02091 5.1804e-02     0.5808     0.8228    81.4085 0.0000e+00
        830 205.590721    0.05760     3.4557    207.342     51.489  49921.620    31.5833     8.5808     51.000     8.5735    24.5079     2.9018     4.1469     43.566    126.492    129.592   -0.00002    6.66062    9.51870  290.34772   15.01891 5.1912e-02     0.5787     0.8236    81.3918 0.0000e+00
        835 205.590736    0.05795     3.4769    208.611     52.495  49916.376    31.5742     8.5475     52.000     8.5229    24.5057     2.9052     4.1518     43.583    126.644    129.747    0.00007    6.66600    9.52639  290.58279   15.03017 5.1679e-02     0.5827     0.8599    80.6562 0.0000e+00
        841 205.590752    0.05833     3.5001    210.006     53.506  49931.704    31.5780     8.5042     53.000     8.4697    24.5151     2.9080     4.1559     43.584    126.766    129.874    0.00015    6.67230    9.53539  290.85476   15.04315 5.1688e-02     0.5678     0.9229    79.3973 0.0000e+00
