CTD-processing/allCTD/CNV/2017_04-19_t3_s05_cast133_4141.cnv
* Sea-Bird SBE19plus Data File:
* FileName = P:\My Documents\kasitsna\Research-KBL\Oceanography-AK\CTD-Data-ALL-to-2017-02\2017-CTD-KachemakBay-CookInlet\2017-04-19-CookInlet-Tran3-AnchorPt\2017-04-19-CookInlet-Tran3-cast133.hex
* Software Version 1.59
* Temperature SN =  4141
* Conductivity SN =  4141
* System UpLoad Time = Apr 20 2017 00:39:26
** Cook Inlet LTM Transect 3 Anchor Pt east to west
** Date: 2017-04-19
** Station: (eg. 9-01): 3-05
** Start time (AKDT): 23:14
** Depth (m): 27.4
** Comment: R/V Alaska Dreamcatcher
** Comment: Finally turbid!
# nquan = 27
# nvalues = 26                          
# units = specified
# name 0 = scan: Scan Count
# name 1 = timeJ: Julian Days
# name 2 = timeH: Time, Elapsed [hours]
# name 3 = timeM: Time, Elapsed [minutes]
# name 4 = timeS: Time, Elapsed [seconds]
# name 5 = prdM: Pressure, Strain Gauge [db]
# name 6 = specc: Specific Conductance [uS/cm]
# name 7 = sal00: Salinity, Practical [PSU]
# name 8 = tv290C: Temperature [ITS-90, deg C]
# name 9 = depSM: Depth [salt water, m], lat = 59.00
# name 10 = potemp090C: Potential Temperature [ITS-90, deg C]
# name 11 = sigma-é00: Density [sigma-theta, kg/m^3]
# name 12 = sbeox0ML/L: Oxygen, SBE 43 [ml/l]
# name 13 = sbeox0Mg/L: Oxygen, SBE 43 [mg/l]
# name 14 = sbeox0PS: Oxygen, SBE 43 [% saturation]
# name 15 = sbox0Mm/Kg: Oxygen, SBE 43 [umol/kg]
# name 16 = sbeox0Mm/L: Oxygen, SBE 43 [umol/l]
# name 17 = sbox0dV/dT: Oxygen, SBE 43 [dov/dt]
# name 18 = oxsolML/L: Oxygen Saturation, Garcia & Gordon [ml/l]
# name 19 = oxsolMg/L: Oxygen Saturation, Garcia & Gordon [mg/l]
# name 20 = oxsolMm/Kg: Oxygen Saturation, Garcia & Gordon [umol/kg]
# name 21 = n2satMg/L: Nitrogen Saturation [mg/l]
# name 22 = par: PAR/Irradiance, Biospherical/Licor
# name 23 = wetStar: Fluorescence, WET Labs WETstar [mg/m^3]
# name 24 = CStarAt0: Beam Attenuation, WET Labs C-Star [1/m]
# name 25 = CStarTr0: Beam Transmission, WET Labs C-Star [%]
# name 26 = flag: flag
# span 0 =        150,        344       
# span 1 = 109.968244, 109.968806       
# span 2 =    0.01035,    0.02384       
# span 3 =     0.6209,     1.4305       
# span 4 =     37.253,     85.830       
# span 5 =      1.012,     26.232       
# span 6 =  50525.871,  50571.125       
# span 7 =    30.7575,    30.7701       
# span 8 =     2.3879,     2.4219       
# span 9 =      1.000,     26.000       
# span 10 =     2.3863,     2.4163      
# span 11 =    24.5445,    24.5560      
# span 12 =     3.8303,     3.9712      
# span 13 =     5.4738,     5.6753      
# span 14 =     49.393,     51.182      
# span 15 =    166.961,    173.105      
# span 16 =    171.060,    177.355      
# span 17 =   -0.00100,    0.00342      
# span 18 =    7.75286,    7.75907      
# span 19 =   11.07961,   11.08849      
# span 20 =  337.94726,  338.21532      
# span 21 =   17.28851,   17.30119      
# span 22 = 3.6379e-02, 3.6382e-02      
# span 23 =     0.4315,     0.5659      
# span 24 =     5.6446,     6.9184      
# span 25 =    17.7377,    24.2594      
# span 26 = 0.0000e+00, 0.0000e+00      
# interval = meters: 1                  
# start_time = Apr 19 2017 23:13:39 [Instrument's time stamp, header]
# bad_flag = -9.990e-29
*END*
        150 109.968244    0.01035     0.6209     37.253      1.012  50525.871    30.7575     2.4219      1.000     2.4163    24.5445     3.8410     5.4892     49.543    167.431    171.541   -0.00100    7.75286   11.07961  337.94726   17.28851 3.6379e-02     0.4322     5.6446    24.2594 0.0000e+00
        243 109.968513    0.01680     1.0081     60.483      2.020  50541.991    30.7659     2.4102      2.000     2.4074    24.5520     3.8303     5.4738     49.393    166.961    171.060   -0.00050    7.75476   11.08233  338.02829   17.29231 3.6382e-02     0.5659     5.8428    23.2067 0.0000e+00
        250 109.968534    0.01732     1.0392     62.350      3.025  50547.746    30.7678     2.4047      3.000     2.4034    24.5538     3.8315     5.4755     49.402    167.011    171.112   -0.00032    7.75573   11.08372  338.07001   17.29429 3.6382e-02     0.4927     5.8796    22.9959 0.0000e+00
        255 109.968548    0.01765     1.0592     63.551      4.041  50552.091    30.7701     2.4043      4.000     2.4052    24.5557     3.8353     5.4810     49.452    167.179    171.284    0.00022    7.75568   11.08365  338.06728   17.29415 3.6382e-02     0.5137     5.8597    23.1101 0.0000e+00
        259 109.968560    0.01795     1.0769     64.614      5.049  50549.397    30.7680     2.4056      5.000     2.4049    24.5541     3.8437     5.4930     49.561    167.546    171.660    0.00087    7.75555   11.08344  338.06179   17.29389 3.6382e-02     0.5497     5.8969    22.8978 0.0000e+00
        263 109.968572    0.01822     1.0933     65.596      6.056  50551.334    30.7687     2.4052      6.000     2.4050    24.5546     3.8421     5.4908     49.540    167.479    171.591    0.00058    7.75559   11.08350  338.06333   17.29397 3.6382e-02     0.5322     6.0150    22.2310 0.0000e+00
        267 109.968583    0.01850     1.1099     66.595      7.067  50552.337    30.7691     2.4059      7.000     2.4064    24.5548     3.8402     5.4880     49.516    167.392    171.503    0.00006    7.75542   11.08327  338.05628   17.29363 3.6382e-02     0.5100     6.0377    22.1042 0.0000e+00
        271 109.968595    0.01878     1.1269     67.614      8.075  50551.129    30.7681     2.4072      8.000     2.4067    24.5539     3.8429     5.4919     49.553    167.511    171.624    0.00026    7.75523   11.08301  338.04835   17.29326 3.6382e-02     0.4725     5.9787    22.4356 0.0000e+00
        276 109.968607    0.01907     1.1443     68.657      9.086  50552.318    30.7683     2.4071      9.000     2.4069    24.5542     3.8470     5.4977     49.605    167.688    171.806    0.00060    7.75524   11.08302  338.04848   17.29327 3.6382e-02     0.5350     5.9169    22.7813 0.0000e+00
        280 109.968619    0.01936     1.1614     69.684     10.096  50551.652    30.7675     2.4077     10.000     2.4075    24.5535     3.8453     5.4954     49.584    167.617    171.732    0.00018    7.75516   11.08290  338.04504   17.29311 3.6382e-02     0.4612     5.9033    22.8594 0.0000e+00
        284 109.968630    0.01962     1.1777     70.661     11.103  50551.944    30.7673     2.4081     11.000     2.4078    24.5533     3.8548     5.5089     49.707    168.030    172.155    0.00094    7.75508   11.08279  338.04199   17.29296 3.6382e-02     0.4686     5.9991    22.3194 0.0000e+00
        288 109.968642    0.01990     1.1940     71.642     12.113  50553.070    30.7676     2.4086     12.000     2.4078    24.5536     3.8634     5.5212     49.818    168.405    172.540    0.00165    7.75499   11.08266  338.03777   17.29276 3.6382e-02     0.4595     6.0750    21.8984 0.0000e+00
        292 109.968654    0.02019     1.2112     72.674     13.122  50554.146    30.7678     2.4083     13.000     2.4071    24.5537     3.8672     5.5265     49.866    168.567    172.706    0.00146    7.75503   11.08272  338.03966   17.29285 3.6382e-02     0.4618     5.9915    22.3612 0.0000e+00
        296 109.968666    0.02049     1.2294     73.767     14.134  50554.382    30.7670     2.4068     14.000     2.4039    24.5532     3.8746     5.5371     49.959    168.888    173.035    0.00164    7.75535   11.08318  338.05388   17.29353 3.6382e-02     0.4604     6.0629    21.9671 0.0000e+00
        300 109.968678    0.02077     1.2466     74.795     15.145  50556.102    30.7663     2.4015     15.000     2.3998    24.5529     3.8774     5.5412     49.990    169.015    173.165    0.00146    7.75643   11.08472  338.10085   17.29576 3.6382e-02     0.4423     6.2026    21.2150 0.0000e+00
        304 109.968689    0.02104     1.2628     75.767     16.151  50556.451    30.7656     2.4005     16.000     2.3982    24.5525     3.8822     5.5481     50.050    169.226    173.381    0.00134    7.75667   11.08506  338.11139   17.29626 3.6382e-02     0.4506     6.2350    21.0404 0.0000e+00
        308 109.968701    0.02132     1.2790     76.738     17.161  50564.495    30.7696     2.3971     17.000     2.3973    24.5560     3.8905     5.5598     50.153    169.581    173.745    0.00184    7.75710   11.08567  338.12894   17.29708 3.6382e-02     0.4315     6.3097    20.6516 0.0000e+00
        312 109.968712    0.02160     1.2956     77.737     18.170  50561.077    30.7671     2.3981     18.000     2.3967    24.5538     3.8969     5.5690     50.237    169.864    174.034    0.00183    7.75706   11.08561  338.12786   17.29704 3.6382e-02     0.4408     6.3887    20.2474 0.0000e+00
        316 109.968724    0.02187     1.3125     78.747     19.179  50562.085    30.7671     2.3977     19.000     2.3972    24.5539     3.9067     5.5831     50.363    170.293    174.474    0.00234    7.75713   11.08571  338.13079   17.29718 3.6382e-02     0.4575     6.4883    19.7491 0.0000e+00
        320 109.968736    0.02215     1.3293     79.758     20.190  50564.791    30.7690     2.3999     20.000     2.4009    24.5553     3.9127     5.5917     50.444    170.554    174.743    0.00224    7.75661   11.08497  338.10783   17.29608 3.6382e-02     0.4555     6.4440    19.9703 0.0000e+00
        324 109.968747    0.02243     1.3461     80.764     21.199  50562.945    30.7683     2.4040     21.000     2.4039    24.5544     3.9230     5.6064     50.581    171.003    175.201    0.00252    7.75584   11.08386  338.07437   17.29450 3.6382e-02     0.4478     6.3494    20.4484 0.0000e+00
        328 109.968759    0.02272     1.3629     81.774     22.208  50561.768    30.7671     2.4042     22.000     2.4014    24.5534     3.9379     5.6277     50.773    171.652    175.867    0.00342    7.75586   11.08391  338.07604   17.29458 3.6382e-02     0.4666     6.2482    20.9720 0.0000e+00
        332 109.968771    0.02301     1.3802     82.809     23.220  50560.157    30.7641     2.3992     23.000     2.3951    24.5514     3.9403     5.6311     50.797    171.758    175.975    0.00250    7.75701   11.08554  338.12633   17.29698 3.6382e-02     0.4924     6.4623    19.8849 0.0000e+00
        336 109.968783    0.02328     1.3970     83.819     24.227  50562.333    30.7638     2.3946     24.000     2.3907    24.5515     3.9511     5.6466     50.930    172.229    176.458    0.00273    7.75792   11.08683  338.16602   17.29887 3.6382e-02     0.5360     6.6125    19.1493 0.0000e+00
        340 109.968794    0.02356     1.4137     84.825     25.239  50567.086    30.7649     2.3889     25.000     2.3866    24.5528     3.9657     5.6673     51.111    172.863    177.108    0.00335    7.75896   11.08833  338.21122   17.30101 3.6382e-02     0.5061     6.9020    17.8138 0.0000e+00
        344 109.968806    0.02384     1.4305     85.830     26.232  50571.125    30.7668     2.3879     26.000     2.3863    24.5544     3.9712     5.6753     51.182    173.105    177.355    0.00278    7.75907   11.08849  338.21532   17.30119 3.6382e-02     0.5001     6.9184    17.7377 0.0000e+00
