CTD-processing/allCTD/CNV/2017_04-18_t6_s10_cast079_4141.cnv
* Sea-Bird SBE19plus Data File:
* FileName = P:\My Documents\kasitsna\Research-KBL\Oceanography-AK\CTD-Data-ALL-to-2017-02\2017-CTD-KachemakBay-CookInlet\2017-04-18-CookInlet-Tran6-Douglas\2017-04-18-CookInlet-Tran6-cast079.hex
* Software Version 1.59
* Temperature SN =  4141
* Conductivity SN =  4141
* System UpLoad Time = Apr 18 2017 22:57:37
** Cook Inlet LTM Transect 6 Douglas east to west
** Date: (YYYY-MM-DD): 2017-04-18
** Station: (eg. 9-01): 6-10
** Start time (AKDT): 15:25
** Depth (m): 97.5
** Comment: R/V Alaska Dreamcatcher
** Comment:
# nquan = 27
# nvalues = 90                          
# units = specified
# name 0 = scan: Scan Count
# name 1 = timeJ: Julian Days
# name 2 = timeH: Time, Elapsed [hours]
# name 3 = timeM: Time, Elapsed [minutes]
# name 4 = timeS: Time, Elapsed [seconds]
# name 5 = prdM: Pressure, Strain Gauge [db]
# name 6 = specc: Specific Conductance [uS/cm]
# name 7 = sal00: Salinity, Practical [PSU]
# name 8 = tv290C: Temperature [ITS-90, deg C]
# name 9 = depSM: Depth [salt water, m], lat = 59.00
# name 10 = potemp090C: Potential Temperature [ITS-90, deg C]
# name 11 = sigma-é00: Density [sigma-theta, kg/m^3]
# name 12 = sbeox0ML/L: Oxygen, SBE 43 [ml/l]
# name 13 = sbeox0Mg/L: Oxygen, SBE 43 [mg/l]
# name 14 = sbeox0PS: Oxygen, SBE 43 [% saturation]
# name 15 = sbox0Mm/Kg: Oxygen, SBE 43 [umol/kg]
# name 16 = sbeox0Mm/L: Oxygen, SBE 43 [umol/l]
# name 17 = sbox0dV/dT: Oxygen, SBE 43 [dov/dt]
# name 18 = oxsolML/L: Oxygen Saturation, Garcia & Gordon [ml/l]
# name 19 = oxsolMg/L: Oxygen Saturation, Garcia & Gordon [mg/l]
# name 20 = oxsolMm/Kg: Oxygen Saturation, Garcia & Gordon [umol/kg]
# name 21 = n2satMg/L: Nitrogen Saturation [mg/l]
# name 22 = par: PAR/Irradiance, Biospherical/Licor
# name 23 = wetStar: Fluorescence, WET Labs WETstar [mg/m^3]
# name 24 = CStarAt0: Beam Attenuation, WET Labs C-Star [1/m]
# name 25 = CStarTr0: Beam Transmission, WET Labs C-Star [%]
# name 26 = flag: flag
# span 0 =         31,        565       
# span 1 = 108.642241, 108.643784       
# span 2 =    0.00212,    0.03914       
# span 3 =     0.1268,     2.3485       
# span 4 =      7.612,    140.909       
# span 5 =      0.999,     90.838       
# span 6 =  51551.466,  51797.402       
# span 7 =    32.1030,    32.2388       
# span 8 =     4.9983,     5.1780       
# span 9 =      1.000,     90.000       
# span 10 =     4.9963,     5.1782      
# span 11 =    25.3689,    25.4742      
# span 12 =     3.9028,     4.6372      
# span 13 =     5.5775,     6.6270      
# span 14 =     54.271,     64.471      
# span 15 =    169.982,    201.970      
# span 16 =    174.299,    207.095      
# span 17 =   -0.00581,    0.00165      
# span 18 =    7.17969,    7.20949      
# span 19 =   10.26049,   10.30309      
# span 20 =  312.70716,  313.99463      
# span 21 =   16.08303,   16.14427      
# span 22 = 8.0382e-02, 4.8184e+01      
# span 23 =     0.1594,     0.9082      
# span 24 =     0.2443,     0.5285      
# span 25 =    85.9693,    94.0758      
# span 26 = 0.0000e+00, 0.0000e+00      
# interval = meters: 1                  
# start_time = Apr 18 2017 15:24:42 [Instrument's time stamp, header]
# bad_flag = -9.990e-29
*END*
         31 108.642241    0.00212     0.1268      7.612      0.999  51551.466    32.1103     5.1079      1.000     5.1243    25.3730     4.6372     6.6270     64.471    201.970    207.095   -0.00581    7.19283   10.27927  313.28296   16.11056 2.7688e+01     0.1594     0.5285    85.9693 0.0000e+00
        179 108.642667    0.01235     0.7408     44.447      2.014  51559.260    32.1249     5.1536      2.000     5.1569    25.3796     4.0857     5.8388     56.870    177.950    182.466   -0.00548    7.18426   10.26703  312.90773   16.09263 4.8184e+01     0.2765     0.3328    92.2285 0.0000e+00
        230 108.642816    0.01590     0.9540     57.242      3.005  51577.435    32.1383     5.1600      3.000     5.1649    25.3895     3.9767     5.6831     55.366    173.201    177.599   -0.00369    7.18254   10.26456  312.82960   16.08885 3.7490e+01     0.2876     0.3926    90.6544 0.0000e+00
        248 108.642866    0.01712     1.0276     61.655      4.020  51577.967    32.1399     5.1680      4.000     5.1728    25.3899     3.9458     5.6390     54.947    171.857    176.220   -0.00174    7.18108   10.26249  312.76611   16.08583 3.6126e+01     0.2678     0.3261    92.1775 0.0000e+00
        252 108.642878    0.01740     1.0441     62.644      5.046  51570.138    32.1360     5.1772      5.000     5.1782    25.3857     3.9442     5.6367     54.935    171.788    176.148   -0.00089    7.17970   10.26051  312.70718   16.08303 3.8451e+01     0.2817     0.2584    93.7447 0.0000e+00
        256 108.642890    0.01769     1.0611     63.668      6.070  51566.764    32.1333     5.1780      6.000     5.1767    25.3836     3.9415     5.6327     54.897    171.668    176.026   -0.00136    7.17969   10.26049  312.70716   16.08304 3.7722e+01     0.2370     0.2562    93.7951 0.0000e+00
        259 108.642898    0.01789     1.0729     64.378      7.071  51569.057    32.1342     5.1770      7.000     5.1749    25.3844     3.9400     5.6307     54.877    171.606    175.963   -0.00079    7.17981   10.26068  312.71254   16.08330 3.6852e+01     0.2253     0.2565    93.7894 0.0000e+00
        261 108.642905    0.01806     1.0835     65.007      8.071  51568.584    32.1329     5.1746      8.000     5.1696    25.3835     3.9328     5.6204     54.772    171.291    175.640   -0.00178    7.18029   10.26135  312.73351   16.08430 3.7618e+01     0.2527     0.2559    93.8034 0.0000e+00
        264 108.642913    0.01825     1.0951     65.707      9.074  51572.581    32.1338     5.1684      9.000     5.1648    25.3850     3.9269     5.6119     54.682    171.032    175.374   -0.00246    7.18132   10.26282  312.77797   16.08642 3.9504e+01     0.2690     0.2538    93.8511 0.0000e+00
        268 108.642925    0.01852     1.1116     66.694     10.089  51577.227    32.1356     5.1643     10.000     5.1613    25.3869     3.9246     5.6087     54.645    170.933    175.273   -0.00208    7.18191   10.26368  312.80325   16.08761 4.0649e+01     0.2426     0.2513    93.9096 0.0000e+00
        272 108.642938    0.01885     1.1311     67.868     11.115  51578.009    32.1340     5.1570     11.000     5.1520    25.3865     3.9245     5.6085     54.634    170.930    175.269   -0.00155    7.18325   10.26559  312.86163   16.09040 3.8771e+01     0.2288     0.2514    93.9076 0.0000e+00
        276 108.642948    0.01908     1.1448     68.690     12.122  51585.866    32.1376     5.1505     12.000     5.1480    25.3900     3.9170     5.5977     54.522    170.601    174.932   -0.00181    7.18419   10.26693  312.90150   16.09229 3.6841e+01     0.2610     0.2543    93.8400 0.0000e+00
        278 108.642955    0.01927     1.1562     69.371     13.120  51578.293    32.1314     5.1485     13.000     5.1351    25.3853     3.9069     5.5834     54.377    170.163    174.483   -0.00301    7.18484   10.26784  312.93084   16.09371 3.6618e+01     0.2153     0.2550    93.8233 0.0000e+00
        281 108.642964    0.01947     1.1683     70.100     14.124  51579.514    32.1272     5.1274     14.000     5.1149    25.3843     3.9062     5.5824     54.339    170.134    174.453   -0.00306    7.18865   10.27331  313.09747   16.10166 3.8668e+01     0.2039     0.2541    93.8461 0.0000e+00
        285 108.642975    0.01973     1.1838     71.031     15.139  51609.352    32.1447     5.1155     15.000     5.1142    25.3995     3.9122     5.5909     54.412    170.390    174.718   -0.00145    7.18986   10.27503  313.14547   16.10388 4.0990e+01     0.2533     0.2501    93.9377 0.0000e+00
        289 108.642987    0.02002     1.2011     72.069     16.154  51608.936    32.1439     5.1158     16.000     5.1143    25.3989     3.9076     5.5842     54.348    170.188    174.511   -0.00155    7.18984   10.27499  313.14463   16.10384 3.7935e+01     0.3209     0.2503    93.9348 0.0000e+00
        293 108.642998    0.02028     1.2167     73.004     17.169  51603.198    32.1389     5.1134     17.000     5.1080    25.3952     3.9039     5.5790     54.292    170.030    174.348   -0.00164    7.19050   10.27594  313.17442   16.10527 3.4829e+01     0.3424     0.2490    93.9647 0.0000e+00
        296 108.643006    0.02050     1.2295     73.772     18.172  51609.530    32.1416     5.1079     18.000     5.1042    25.3979     3.9028     5.5775     54.271    169.982    174.299   -0.00160    7.19131   10.27710  313.20879   16.10690 3.4528e+01     0.4491     0.2549    93.8256 0.0000e+00
        299 108.643015    0.02069     1.2416     74.493     19.176  51614.280    32.1437     5.1048     19.000     5.1024    25.4000     3.9059     5.5821     54.312    170.121    174.441   -0.00103    7.19173   10.27771  313.22704   16.10776 3.5391e+01     0.4999     0.2523    93.8855 0.0000e+00
        302 108.643025    0.02092     1.2552     75.312     20.183  51615.510    32.1438     5.1036     20.000     5.1015    25.4002     3.9095     5.5870     54.359    170.272    174.597   -0.00025    7.19193   10.27798  313.23524   16.10815 3.4160e+01     0.5099     0.2486    93.9726 0.0000e+00
        306 108.643036    0.02121     1.2726     76.356     21.200  51617.638    32.1445     5.1023     21.000     5.1012    25.4009     3.9083     5.5852     54.341    170.218    174.542   -0.00038    7.19212   10.27825  313.24334   16.10853 3.1393e+01     0.5907     0.2457    94.0437 0.0000e+00
        310 108.643048    0.02149     1.2893     77.359     22.218  51617.862    32.1444     5.1033     22.000     5.0976    25.4007     3.9096     5.5872     54.361    170.277    174.602   -0.00023    7.19195   10.27802  313.23623   16.10820 2.9095e+01     0.5545     0.2478    93.9915 0.0000e+00
        313 108.643057    0.02170     1.3020     78.120     23.222  51561.374    32.1030     5.0949     23.000     5.0544    25.3689     3.9100     5.5878     54.341    170.301    174.621   -0.00021    7.19539   10.28294  313.39581   16.11596 2.7764e+01     0.6925     0.2490    93.9639 0.0000e+00
        316 108.643065    0.02190     1.3142     78.850     24.220  51617.784    32.1308     5.0465     24.000     5.0275    25.3962     3.9161     5.5966     54.373    170.563    174.894   -0.00026    7.20238   10.29292  313.69168   16.12994 2.7480e+01     0.6466     0.2486    93.9748 0.0000e+00
        320 108.643077    0.02216     1.3299     79.793     25.233  51638.519    32.1383     5.0178     25.000     5.0040    25.4054     3.9231     5.6065     54.435    170.866    175.207    0.00040    7.20695   10.29946  313.88801   16.13925 2.5932e+01     0.5977     0.2449    94.0603 0.0000e+00
        325 108.643089    0.02247     1.3481     80.886     26.262  51666.233    32.1528     4.9990     26.000     4.9963    25.4188     3.9245     5.6086     54.435    170.925    175.269    0.00014    7.20949   10.30309  313.99463   16.14427 2.3670e+01     0.5888     0.2443    94.0758 0.0000e+00
        328 108.643098    0.02268     1.3606     81.637     27.263  51672.609    32.1565     4.9983     27.000     4.9979    25.4219     3.9283     5.6139     54.488    171.088    175.437    0.00056    7.20943   10.30301  313.99131   16.14410 2.2241e+01     0.6209     0.2537    93.8538 0.0000e+00
        330 108.643105    0.02285     1.3710     82.259     28.259  51679.819    32.1615     5.0007     28.000     5.0011    25.4256     3.9285     5.6142     54.496    171.096    175.446    0.00051    7.20878   10.30207  313.96150   16.14266 2.0617e+01     0.5535     0.2538    93.8532 0.0000e+00
        333 108.643114    0.02307     1.3840     83.040     29.263  51681.193    32.1628     5.0045     29.000     5.0041    25.4262     3.9305     5.6170     54.529    171.182    175.535    0.00053    7.20807   10.30106  313.93037   16.14117 1.9329e+01     0.5929     0.2512    93.9139 0.0000e+00
        338 108.643128    0.02339     1.4037     84.223     30.293  51684.976    32.1658     5.0086     30.000     5.0085    25.4281     3.9353     5.6239     54.602    171.392    175.750    0.00087    7.20720   10.29982  313.89202   16.13933 1.8282e+01     0.6710     0.2453    94.0529 0.0000e+00
        342 108.643138    0.02366     1.4195     85.168     31.310  51686.827    32.1675     5.0128     31.000     5.0119    25.4290     3.9399     5.6306     54.673    171.595    175.958    0.00133    7.20640   10.29866  313.85673   16.13764 1.6919e+01     0.6547     0.2506    93.9277 0.0000e+00
        344 108.643146    0.02383     1.4300     85.800     32.298  51682.120    32.1640     5.0141     32.000     5.0112    25.4262     3.9381     5.6278     54.647    171.513    175.874    0.00080    7.20637   10.29862  313.85630   16.13764 1.5456e+01     0.7041     0.2560    93.8008 0.0000e+00
        347 108.643154    0.02403     1.4419     86.512     33.305  51686.205    32.1662     5.0139     33.000     5.0119    25.4280     3.9395     5.6299     54.667    171.575    175.938    0.00056    7.20629   10.29851  313.85232   16.13745 1.4041e+01     0.6634     0.2523    93.8878 0.0000e+00
        351 108.643165    0.02430     1.4577     87.463     34.320  51692.749    32.1708     5.0160     34.000     5.0156    25.4313     3.9423     5.6340     54.712    171.700    176.067    0.00076    7.20570   10.29766  313.82547   16.13614 1.3070e+01     0.6430     0.2455    94.0476 0.0000e+00
        355 108.643177    0.02459     1.4755     88.532     35.339  51691.149    32.1700     5.0197     35.000     5.0176    25.4303     3.9499     5.6448     54.821    172.028    176.402    0.00129    7.20509   10.29680  313.79934   16.13490 1.2312e+01     0.6520     0.2471    94.0094 0.0000e+00
        359 108.643188    0.02483     1.4902     89.409     36.347  51691.962    32.1702     5.0205     36.000     5.0183    25.4304     3.9521     5.6480     54.852    172.124    176.501    0.00138    7.20494   10.29658  313.79277   16.13459 1.1219e+01     0.6972     0.2544    93.8373 0.0000e+00
        362 108.643196    0.02504     1.5025     90.151     37.357  51694.701    32.1718     5.0214     37.000     5.0199    25.4315     3.9524     5.6483     54.858    172.136    176.514    0.00082    7.20472   10.29626  313.78255   16.13409 1.0164e+01     0.6263     0.2565    93.7901 0.0000e+00
        364 108.643204    0.02523     1.5140     90.838     38.353  51697.584    32.1737     5.0232     38.000     5.0219    25.4329     3.9600     5.6592     54.966    172.466    176.853    0.00148    7.20433   10.29570  313.76531   16.13327 9.3213e+00     0.7378     0.2572    93.7734 0.0000e+00
        368 108.643214    0.02546     1.5275     91.649     39.364  51696.214    32.1727     5.0251     39.000     5.0224    25.4318     3.9626     5.6630     55.006    172.582    176.971    0.00165    7.20404   10.29529  313.75296   16.13269 8.5706e+00     0.7083     0.2518    93.9008 0.0000e+00
        372 108.643226    0.02575     1.5453     92.717     40.385  51697.129    32.1728     5.0253     40.000     5.0228    25.4320     3.9671     5.6694     55.068    172.777    177.171    0.00147    7.20400   10.29523  313.75102   16.13259 7.9068e+00     0.7316     0.2470    94.0114 0.0000e+00
        376 108.643237    0.02602     1.5610     93.661     41.397  51699.624    32.1743     5.0265     41.000     5.0243    25.4331     3.9701     5.6737     55.112    172.909    177.307    0.00141    7.20371   10.29482  313.73850   16.13199 7.2138e+00     0.7134     0.2530    93.8707 0.0000e+00
        379 108.643246    0.02623     1.5739     94.434     42.397  51698.830    32.1735     5.0277     42.000     5.0246    25.4322     3.9752     5.6811     55.185    173.133    177.535    0.00154    7.20356   10.29460  313.73193   16.13168 6.5403e+00     0.6579     0.2560    93.8016 0.0000e+00
        382 108.643255    0.02647     1.5879     95.276     43.406  51699.939    32.1738     5.0278     43.000     5.0247    25.4325     3.9747     5.6804     55.178    173.110    177.513    0.00119    7.20352   10.29455  313.73010   16.13159 5.9486e+00     0.6639     0.2500    93.9413 0.0000e+00
        386 108.643267    0.02674     1.6041     96.248     44.422  51700.306    32.1736     5.0281     44.000     5.0249    25.4323     3.9753     5.6812     55.186    173.136    177.539    0.00056    7.20347   10.29448  313.72829   16.13151 5.4474e+00     0.7454     0.2463    94.0265 0.0000e+00
        390 108.643278    0.02700     1.6200     97.202     45.430  51701.371    32.1739     5.0283     45.000     5.0251    25.4325     3.9795     5.6871     55.244    173.317    177.724    0.00109    7.20344   10.29443  313.72648   16.13142 4.9864e+00     0.7083     0.2532    93.8680 0.0000e+00
        394 108.643289    0.02726     1.6359     98.154     46.437  51701.736    32.1737     5.0285     46.000     5.0249    25.4324     3.9808     5.6890     55.263    173.374    177.783    0.00071    7.20341   10.29439  313.72559   16.13138 4.5116e+00     0.5846     0.2471    94.0099 0.0000e+00
        398 108.643301    0.02754     1.6525     99.150     47.453  51699.904    32.1718     5.0281     47.000     5.0236    25.4309     3.9831     5.6922     55.293    173.473    177.884    0.00076    7.20356   10.29461  313.73243   16.13172 4.1178e+00     0.7882     0.2499    93.9440 0.0000e+00
        401 108.643310    0.02778     1.6666     99.993     48.464  51696.866    32.1688     5.0260     48.000     5.0213    25.4288     3.9869     5.6977     55.343    173.640    178.055    0.00091    7.20406   10.29532  313.75481   16.13279 3.7749e+00     0.8489     0.2522    93.8907 0.0000e+00
        404 108.643319    0.02799     1.6789    100.733     49.461  51698.921    32.1694     5.0245     49.000     5.0205    25.4294     3.9868     5.6975     55.338    173.634    178.049    0.00072    7.20430   10.29566  313.76507   16.13328 3.4867e+00     0.6732     0.2549    93.8274 0.0000e+00
        407 108.643329    0.02823     1.6937    101.624     50.472  51701.603    32.1706     5.0241     50.000     5.0204    25.4304     3.9879     5.6991     55.354    173.683    178.100    0.00039    7.20431   10.29567  313.76510   16.13327 3.1984e+00     0.6749     0.2517    93.9010 0.0000e+00
        412 108.643341    0.02851     1.7109    102.653     51.496  51707.411    32.1741     5.0246     51.000     5.0231    25.4332     3.9931     5.7067     55.429    173.911    178.335    0.00098    7.20405   10.29531  313.75325   16.13270 2.9359e+00     0.7653     0.2502    93.9367 0.0000e+00
        415 108.643351    0.02874     1.7246    103.474     52.497  51718.829    32.1826     5.0293     52.000     5.0308    25.4393     3.9908     5.7032     55.405    173.806    178.227    0.00047    7.20283   10.29358  313.69847   16.13006 2.7108e+00     0.7103     0.2530    93.8699 0.0000e+00
        418 108.643359    0.02897     1.7379    104.273     53.504  51736.734    32.1966     5.0389     53.000     5.0427    25.4494     3.9875     5.6985     55.378    173.661    178.081   -0.00007    7.20050   10.29024  313.59371   16.12501 2.4797e+00     0.6537     0.2537    93.8533 0.0000e+00
