CTD-processing/allCTD/CNV/2017_04-19_t7_s03_cast101_4141.cnv
* Sea-Bird SBE19plus Data File:
* FileName = P:\My Documents\kasitsna\Research-KBL\Oceanography-AK\CTD-Data-ALL-to-2017-02\2017-CTD-KachemakBay-CookInlet\2017-04-19-CookInlet-Tran7-Augustine\2017-04-19-CookInlet-Tran7-cast101.hex
* Software Version 1.59
* Temperature SN =  4141
* Conductivity SN =  4141
* System UpLoad Time = Apr 19 2017 16:35:15
** Cook Inlet LTM Transect 7 Augustine west to east
** Date: 2017-04-19
** Station: (eg. 9-01): 7-03
** Start time (AKDT): 08:43
** Depth (m): 47.2
** Comment: R/V Alaska Dreamcatcher
** Comment:
# nquan = 27
# nvalues = 47                          
# units = specified
# name 0 = scan: Scan Count
# name 1 = timeJ: Julian Days
# name 2 = timeH: Time, Elapsed [hours]
# name 3 = timeM: Time, Elapsed [minutes]
# name 4 = timeS: Time, Elapsed [seconds]
# name 5 = prdM: Pressure, Strain Gauge [db]
# name 6 = specc: Specific Conductance [uS/cm]
# name 7 = sal00: Salinity, Practical [PSU]
# name 8 = tv290C: Temperature [ITS-90, deg C]
# name 9 = depSM: Depth [salt water, m], lat = 59.00
# name 10 = potemp090C: Potential Temperature [ITS-90, deg C]
# name 11 = sigma-é00: Density [sigma-theta, kg/m^3]
# name 12 = sbeox0ML/L: Oxygen, SBE 43 [ml/l]
# name 13 = sbeox0Mg/L: Oxygen, SBE 43 [mg/l]
# name 14 = sbeox0PS: Oxygen, SBE 43 [% saturation]
# name 15 = sbox0Mm/Kg: Oxygen, SBE 43 [umol/kg]
# name 16 = sbeox0Mm/L: Oxygen, SBE 43 [umol/l]
# name 17 = sbox0dV/dT: Oxygen, SBE 43 [dov/dt]
# name 18 = oxsolML/L: Oxygen Saturation, Garcia & Gordon [ml/l]
# name 19 = oxsolMg/L: Oxygen Saturation, Garcia & Gordon [mg/l]
# name 20 = oxsolMm/Kg: Oxygen Saturation, Garcia & Gordon [umol/kg]
# name 21 = n2satMg/L: Nitrogen Saturation [mg/l]
# name 22 = par: PAR/Irradiance, Biospherical/Licor
# name 23 = wetStar: Fluorescence, WET Labs WETstar [mg/m^3]
# name 24 = CStarAt0: Beam Attenuation, WET Labs C-Star [1/m]
# name 25 = CStarTr0: Beam Transmission, WET Labs C-Star [%]
# name 26 = flag: flag
# span 0 =        113,        399       
# span 1 = 109.363959, 109.364785       
# span 2 =    0.00779,    0.02761       
# span 3 =     0.4674,     1.6563       
# span 4 =     28.041,     99.376       
# span 5 =      1.017,     47.422       
# span 6 =  51324.396,  51637.694       
# span 7 =    31.6504,    31.7844       
# span 8 =     3.5008,     3.7994       
# span 9 =      1.000,     47.000       
# span 10 =     3.5003,     3.8009      
# span 11 =    25.1428,    25.2712      
# span 12 =     3.5985,     3.8827      
# span 13 =     5.1426,     5.5488      
# span 14 =     48.309,     51.883      
# span 15 =    156.766,    169.130      
# span 16 =    160.710,    173.403      
# span 17 =   -0.00094,    0.00388      
# span 18 =    7.44584,    7.49625      
# span 19 =   10.64085,   10.71288      
# span 20 =  324.36890,  326.53602      
# span 21 =   16.63976,   16.74248      
# span 22 = 5.4676e-02, 1.3208e+02      
# span 23 =     0.2673,     1.5116      
# span 24 =     0.6355,     0.8610      
# span 25 =    80.0902,    85.3097      
# span 26 = 0.0000e+00, 0.0000e+00      
# interval = meters: 1                  
# start_time = Apr 19 2017 08:43:38 [Instrument's time stamp, header]
# bad_flag = -9.990e-29
*END*
        113 109.363959    0.00779     0.4674     28.041      1.017  51324.396    31.6504     3.7847      1.000     3.7791    25.1428     3.6058     5.1531     48.403    157.088    161.037    0.00004    7.44964   10.64628  324.54161   16.64809 1.3208e+02     0.2673     0.8610    80.0902 0.0000e+00
        240 109.364326    0.01661     0.9966     59.797      2.021  51339.714    31.6569     3.7746      2.000     3.7788    25.1489     3.6001     5.1449     48.316    156.837    160.781   -0.00094    7.45112   10.64840  324.60348   16.65100 4.8171e+01     0.4775     0.6697    84.5708 0.0000e+00
        247 109.364347    0.01711     1.0267     61.603      3.028  51353.467    31.6680     3.7838      3.000     3.7877    25.1568     3.5985     5.1426     48.309    156.766    160.710   -0.00078    7.44887   10.64519  324.50321   16.64619 4.4073e+01     0.5075     0.6655    84.6732 0.0000e+00
        251 109.364357    0.01735     1.0409     62.451      4.039  51354.748    31.6695     3.7884      4.000     3.7924    25.1577     3.6012     5.1465     48.351    156.883    160.830   -0.00033    7.44794   10.64385  324.46241   16.64425 4.0137e+01     0.4212     0.6453    85.1028 0.0000e+00
        254 109.364366    0.01758     1.0548     63.287      5.046  51365.303    31.6784     3.7975      5.000     3.8009    25.1639     3.6016     5.1470     48.371    156.898    160.846    0.00001    7.44584   10.64085  324.36890   16.63976 3.3955e+01     0.5407     0.6382    85.2528 0.0000e+00
        258 109.364377    0.01782     1.0691     64.145      6.055  51348.395    31.6668     3.7994      6.000     3.7890    25.1545     3.5986     5.1428     48.329    156.772    160.715   -0.00043    7.44609   10.64121  324.38269   16.64047 3.0480e+01     0.4587     0.6422    85.1662 0.0000e+00
        261 109.364387    0.01807     1.0840     65.040      7.068  51361.063    31.6685     3.7730      7.000     3.7393    25.1583     3.6001     5.1449     48.317    156.834    160.780   -0.00045    7.45082   10.64797  324.58763   16.65020 2.7317e+01     0.3389     0.6355    85.3097 0.0000e+00
        265 109.364397    0.01831     1.0988     65.929      8.079  51437.702    31.7059     3.7154      8.000     3.6899    25.1935     3.6081     5.1564     48.371    157.180    161.140   -0.00012    7.45943   10.66026  324.95125   16.66734 2.3756e+01     0.6026     0.6364    85.2902 0.0000e+00
        268 109.364407    0.01854     1.1127     66.763      9.085  51456.150    31.7079     3.6746      9.000     3.6352    25.1988     3.6145     5.1654     48.407    157.453    161.421    0.00023    7.46681   10.67082  325.27130   16.68255 2.0774e+01     0.3893     0.6404    85.2063 0.0000e+00
        271 109.364417    0.01877     1.1262     67.574     10.094  51484.283    31.7100     3.6076     10.000     3.5751    25.2065     3.6292     5.1864     48.524    158.092    162.077    0.00093    7.47899   10.68821  325.79914   16.70763 1.7736e+01     0.4583     0.6549    84.8967 0.0000e+00
        275 109.364426    0.01900     1.1399     68.395     11.103  51539.727    31.7373     3.5687     11.000     3.5571    25.2319     3.6390     5.2004     48.618    158.516    162.515    0.00153    7.48474   10.69645  326.04184   16.71906 1.5243e+01     0.6118     0.6611    84.7652 0.0000e+00
        278 109.364436    0.01924     1.1539     69.235     12.115  51549.393    31.7390     3.5510     12.000     3.5417    25.2348     3.6453     5.2095     48.682    158.790    162.797    0.00154    7.48793   10.70100  326.17990   16.72562 1.2910e+01     0.7971     0.6740    84.4928 0.0000e+00
        281 109.364445    0.01947     1.1681     70.084     13.120  51561.224    31.7433     3.5383     13.000     3.5340    25.2394     3.6497     5.2157     48.727    158.981    162.994    0.00154    7.49006   10.70405  326.27130   16.72994 1.0974e+01     1.0196     0.6862    84.2357 0.0000e+00
        285 109.364456    0.01972     1.1835     71.008     14.133  51569.919    31.7476     3.5338     14.000     3.5325    25.2432     3.6551     5.2234     48.795    159.215    163.234    0.00150    7.49066   10.70490  326.29610   16.73111 9.3401e+00     0.8370     0.6925    84.1035 0.0000e+00
        289 109.364467    0.01998     1.1986     71.917     15.144  51571.578    31.7481     3.5335     15.000     3.5332    25.2437     3.6611     5.2321     48.875    159.479    163.505    0.00185    7.49069   10.70494  326.29726   16.73116 7.9531e+00     0.9598     0.6895    84.1661 0.0000e+00
        292 109.364476    0.02021     1.2127     72.764     16.152  51573.113    31.7488     3.5343     16.000     3.5334    25.2442     3.6675     5.2412     48.961    159.756    163.788    0.00189    7.49052   10.70470  326.28951   16.73079 6.7274e+00     0.8504     0.6988    83.9689 0.0000e+00
        295 109.364486    0.02044     1.2263     73.581     17.162  51577.994    31.7518     3.5347     17.000     3.5357    25.2465     3.6760     5.2533     49.077    160.127    164.170    0.00235    7.49029   10.70438  326.27906   16.73028 5.7122e+00     0.9867     0.7011    83.9215 0.0000e+00
        299 109.364495    0.02066     1.2398     74.390     18.170  51586.217    31.7583     3.5406     18.000     3.5452    25.2512     3.6801     5.2592     49.141    160.305    164.353    0.00239    7.48886   10.70233  326.21513   16.72721 4.8816e+00     1.2719     0.7070    83.8009 0.0000e+00
        302 109.364505    0.02089     1.2537     75.220     19.177  51578.905    31.7549     3.5491     19.000     3.5486    25.2477     3.6840     5.2648     49.202    160.477    164.528    0.00220    7.48748   10.70036  326.15623   16.72443 4.1400e+00     1.0827     0.6977    83.9942 0.0000e+00
        305 109.364515    0.02113     1.2679     76.074     20.191  51571.944    31.7495     3.5485     20.000     3.5440    25.2435     3.6917     5.2759     49.303    160.813    164.872    0.00237    7.48785   10.70088  326.17357   16.72528 3.4943e+00     0.9405     0.7000    83.9470 0.0000e+00
        309 109.364524    0.02136     1.2816     76.898     21.201  51579.197    31.7530     3.5444     21.000     3.5422    25.2466     3.7014     5.2896     49.427    161.231    165.301    0.00280    7.48843   10.70172  326.19800   16.72642 2.9369e+00     1.0597     0.7070    83.7997 0.0000e+00
        312 109.364533    0.02158     1.2948     77.687     22.208  51581.092    31.7534     3.5431     22.000     3.5411    25.2470     3.7048     5.2946     49.473    161.383    165.457    0.00256    7.48866   10.70203  326.20748   16.72687 2.4783e+00     1.1182     0.7150    83.6315 0.0000e+00
        315 109.364543    0.02181     1.3083     78.498     23.217  51583.185    31.7541     3.5423     23.000     3.5408    25.2477     3.7132     5.3064     49.582    161.744    165.827    0.00259    7.48877   10.70220  326.21242   16.72711 2.0824e+00     1.0032     0.7169    83.5926 0.0000e+00
        318 109.364553    0.02204     1.3227     79.359     24.226  51583.936    31.7541     3.5423     24.000     3.5407    25.2477     3.7255     5.3241     49.748    162.284    166.381    0.00331    7.48878   10.70221  326.21276   16.72712 1.7494e+00     1.1306     0.7150    83.6314 0.0000e+00
        322 109.364563    0.02229     1.3373     80.236     25.238  51584.199    31.7536     3.5420     25.000     3.5396    25.2474     3.7294     5.3297     49.800    162.455    166.556    0.00301    7.48885   10.70231  326.21555   16.72725 1.4752e+00     1.0324     0.7128    83.6777 0.0000e+00
        325 109.364573    0.02253     1.3518     81.110     26.247  51572.654    31.7440     3.5367     26.000     3.5262    25.2401     3.7354     5.3383     49.870    162.715    166.822    0.00250    7.49031   10.70440  326.28185   16.73044 1.2399e+00     1.2007     0.7126    83.6817 0.0000e+00
        329 109.364583    0.02277     1.3663     81.979     27.258  51582.546    31.7462     3.5211     27.000     3.5133    25.2434     3.7524     5.3626     50.079    163.457    167.583    0.00349    7.49306   10.70834  326.40096   16.73610 1.0398e+00     1.1367     0.7204    83.5175 0.0000e+00
        332 109.364593    0.02301     1.3801     82.809     28.269  51592.063    31.7498     3.5117     28.000     3.5061    25.2470     3.7634     5.3783     50.214    163.932    168.071    0.00388    7.49462   10.71057  326.46761   16.73925 8.7351e-01     1.2958     0.7195    83.5376 0.0000e+00
        335 109.364602    0.02322     1.3931     83.588     29.272  51594.880    31.7498     3.5060     29.000     3.5003    25.2475     3.7686     5.3857     50.277    164.162    168.306    0.00341    7.49569   10.71209  326.51379   16.74144 7.3428e-01     1.0068     0.7238    83.4487 0.0000e+00
        339 109.364611    0.02345     1.4071     84.428     30.284  51609.105    31.7576     3.5008     30.000     3.5011    25.2542     3.7768     5.3974     50.383    164.517    168.672    0.00331    7.49625   10.71288  326.53602   16.74248 6.1137e-01     1.5116     0.7402    83.1054 0.0000e+00
        342 109.364622    0.02370     1.4220     85.320     31.296  51620.757    31.7668     3.5079     31.000     3.5121    25.2610     3.7812     5.4037     50.453    164.706    168.867    0.00303    7.49447   10.71034  326.45623   16.73864 5.1609e-01     1.0698     0.7302    83.3146 0.0000e+00
        346 109.364632    0.02395     1.4368     86.208     32.306  51620.423    31.7687     3.5185     32.000     3.5214    25.2616     3.7862     5.4109     50.534    164.926    169.092    0.00278    7.49240   10.70738  326.36600   16.73435 4.3231e-01     1.0725     0.7250    83.4213 0.0000e+00
        349 109.364642    0.02419     1.4511     87.067     33.316  51622.157    31.7714     3.5267     33.000     3.5289    25.2630     3.7947     5.4230     50.658    165.296    169.471    0.00302    7.49075   10.70503  326.29355   16.73089 3.6192e-01     1.0464     0.7259    83.4041 0.0000e+00
        353 109.364652    0.02442     1.4650     87.898     34.322  51620.443    31.7714     3.5331     34.000     3.5333    25.2623     3.8001     5.4307     50.738    165.531    169.712    0.00298    7.48960   10.70338  326.24397   16.72853 3.0626e-01     1.0497     0.7293    83.3330 0.0000e+00
        356 109.364661    0.02465     1.4792     88.754     35.334  51618.366    31.7703     3.5365     35.000     3.5348    25.2612     3.8083     5.4425     50.852    165.889    170.080    0.00298    7.48901   10.70254  326.21838   16.72732 2.5971e-01     0.9797     0.7327    83.2623 0.0000e+00
        360 109.364672    0.02490     1.4938     89.629     36.340  51618.189    31.7697     3.5368     36.000     3.5346    25.2607     3.8161     5.4536     50.957    166.230    170.428    0.00310    7.48898   10.70250  326.21746   16.72728 2.1887e-01     0.9479     0.7365    83.1829 0.0000e+00
        363 109.364683    0.02515     1.5092     90.551     37.352  51620.662    31.7710     3.5373     37.000     3.5355    25.2617     3.8258     5.4675     51.086    166.651    170.861    0.00317    7.48883   10.70228  326.21035   16.72694 1.8388e-01     1.0095     0.7538    82.8250 0.0000e+00
        367 109.364693    0.02541     1.5245     91.467     38.363  51620.177    31.7703     3.5378     38.000     3.5348    25.2611     3.8348     5.4803     51.207    167.043    171.261    0.00341    7.48877   10.70220  326.20787   16.72682 1.5710e-01     1.0951     0.7388    83.1355 0.0000e+00
        370 109.364703    0.02566     1.5395     92.369     39.371  51635.496    31.7803     3.5382     39.000     3.5417    25.2690     3.8408     5.4888     51.291    167.300    171.528    0.00306    7.48819   10.70137  326.18039   16.72547 1.3448e-01     1.2917     0.7413    83.0843 0.0000e+00
        374 109.364714    0.02591     1.5547     93.282     40.383  51637.694    31.7844     3.5508     40.000     3.5525    25.2712     3.8420     5.4905     51.324    167.352    171.581    0.00249    7.48565   10.69775  326.06906   16.72017 1.1582e-01     1.1953     0.7769    82.3485 0.0000e+00
        378 109.364724    0.02615     1.5690     94.140     41.392  51629.513    31.7796     3.5556     41.000     3.5537    25.2669     3.8451     5.4950     51.370    167.488    171.720    0.00212    7.48501   10.69682  326.04236   16.71892 1.0089e-01     1.1459     0.8007    81.8589 0.0000e+00
        381 109.364734    0.02638     1.5830     94.981     42.399  51629.479    31.7792     3.5565     42.000     3.5541    25.2665     3.8533     5.5068     51.481    167.847    172.089    0.00241    7.48487   10.69662  326.03640   16.71864 8.8625e-02     1.0108     0.8142    81.5838 0.0000e+00
        384 109.364744    0.02663     1.5976     95.858     43.410  51631.400    31.7800     3.5563     43.000     3.5547    25.2671     3.8541     5.5078     51.491    167.879    172.121    0.00192    7.48486   10.69662  326.03605   16.71861 7.8960e-02     0.8474     0.8093    81.6827 0.0000e+00
        388 109.364754    0.02688     1.6124     96.745     44.421  51630.176    31.7793     3.5589     44.000     3.5560    25.2663     3.8645     5.5228     51.635    168.339    172.592    0.00229    7.48444   10.69601  326.01781   16.71775 7.0464e-02     0.7957     0.8063    81.7438 0.0000e+00
        391 109.364764    0.02711     1.6267     97.604     45.430  51634.757    31.7819     3.5591     45.000     3.5577    25.2685     3.8711     5.5322     51.724    168.624    172.885    0.00266    7.48425   10.69575  326.00909   16.71733 6.3866e-02     0.9849     0.8041    81.7892 0.0000e+00
        395 109.364774    0.02735     1.6413     98.478     46.441  51633.917    31.7814     3.5614     46.000     3.5593    25.2678     3.8758     5.5389     51.788    168.826    173.092    0.00238    7.48386   10.69519  325.99212   16.71652 5.9467e-02     1.0621     0.8236    81.3914 0.0000e+00
        399 109.364785    0.02761     1.6563     99.376     47.422  51633.826    31.7811     3.5626     47.000     3.5602    25.2676     3.8827     5.5488     51.883    169.130    173.403    0.00238    7.48366   10.69490  325.98327   16.71610 5.4676e-02     0.9213     0.8243    81.3799 0.0000e+00
