CTD-processing/allCTD/CNV/2017_05-30_alongbay_skb09_cast178_4141.cnv
* Sea-Bird SBE19plus Data File:
* FileName = C:\Users\jwschloemer\Documents\CTD Data\2017_05_30_alongbay\2017_05_30_AlongBay_cast178.hex
* Software Version 1.59
* Temperature SN =  4141
* Conductivity SN =  4141
* System UpLoad Time = Jun 22 2017 13:51:00
** Cook Inlet LTM Kbay Along Bay
** Date: 2017-05-30
** Station:KB09
** Start Time (AKST):14:52
** Depth (m):65
** Comment: R/V Edgecumbe
# nquan = 27
# nvalues = 57                          
# units = specified
# name 0 = scan: Scan Count
# name 1 = timeJ: Julian Days
# name 2 = timeH: Time, Elapsed [hours]
# name 3 = timeM: Time, Elapsed [minutes]
# name 4 = timeS: Time, Elapsed [seconds]
# name 5 = prdM: Pressure, Strain Gauge [db]
# name 6 = specc: Specific Conductance [uS/cm]
# name 7 = sal00: Salinity, Practical [PSU]
# name 8 = tv290C: Temperature [ITS-90, deg C]
# name 9 = depSM: Depth [salt water, m], lat = 59.00
# name 10 = potemp090C: Potential Temperature [ITS-90, deg C]
# name 11 = sigma-é00: Density [sigma-theta, kg/m^3]
# name 12 = sbeox0ML/L: Oxygen, SBE 43 [ml/l]
# name 13 = sbeox0Mg/L: Oxygen, SBE 43 [mg/l]
# name 14 = sbeox0PS: Oxygen, SBE 43 [% saturation]
# name 15 = sbox0Mm/Kg: Oxygen, SBE 43 [umol/kg]
# name 16 = sbeox0Mm/L: Oxygen, SBE 43 [umol/l]
# name 17 = sbox0dV/dT: Oxygen, SBE 43 [dov/dt]
# name 18 = oxsolML/L: Oxygen Saturation, Garcia & Gordon [ml/l]
# name 19 = oxsolMg/L: Oxygen Saturation, Garcia & Gordon [mg/l]
# name 20 = oxsolMm/Kg: Oxygen Saturation, Garcia & Gordon [umol/kg]
# name 21 = n2satMg/L: Nitrogen Saturation [mg/l]
# name 22 = par: PAR/Irradiance, Biospherical/Licor
# name 23 = wetStar: Fluorescence, WET Labs WETstar [mg/m^3]
# name 24 = CStarAt0: Beam Attenuation, WET Labs C-Star [1/m]
# name 25 = CStarTr0: Beam Transmission, WET Labs C-Star [%]
# name 26 = flag: flag
# span 0 =        251,        596       
# span 1 = 150.621222, 150.622219       
# span 2 =    0.01737,    0.04132       
# span 3 =     1.0426,     2.4793       
# span 4 =     62.554,    148.757       
# span 5 =      1.020,     57.527       
# span 6 =  47920.985,  51068.493       
# span 7 =    30.2292,    31.7844       
# span 8 =     5.2688,     8.7965       
# span 9 =      1.000,     57.000       
# span 10 =     5.2635,     8.7949      
# span 11 =    23.4209,    25.0975      
# span 12 =     2.7193,     3.0988      
# span 13 =     3.8861,     4.4285      
# span 14 =     40.659,     43.153      
# span 15 =    118.664,    135.005      
# span 16 =    121.444,    138.392      
# span 17 =   -0.00037,    0.00179      
# span 18 =    6.68568,    7.18090      
# span 19 =    9.55450,   10.26222      
# span 20 =  291.74420,  312.84747      
# span 21 =   15.09103,   16.09115      
# span 22 = 4.1580e-02, 6.5905e+02      
# span 23 =     0.4355,     7.2387      
# span 24 =     0.6491,     1.6846      
# span 25 =    67.1978,    85.0207      
# span 26 = 0.0000e+00, 0.0000e+00      
# interval = meters: 1                  
# start_time = May 30 2017 14:53:31 [Instrument's time stamp, header]
# bad_flag = -9.990e-29
*END*
        251 150.621222    0.01737     1.0426     62.554      1.020  47952.204    30.2558     8.7965      1.000     8.7949    23.4360     2.7333     3.9062     40.882    119.273    122.069    0.00134    6.68568    9.55450  291.74420   15.09103 6.5905e+02     0.6142     1.6846    67.1978 0.0000e+00
        322 150.621428    0.02232     1.3393     80.358      2.021  47928.914    30.2392     8.7861      2.000     8.7792    23.4247     2.7193     3.8861     40.659    118.664    121.444   -0.00037    6.68803    9.55787  291.85119   15.09621 6.4665e+02     0.7483     1.3928    70.6331 0.0000e+00
        329 150.621446    0.02276     1.3654     81.925      3.027  47920.985    30.2300     8.7623      3.000     8.7314    23.4209     2.7294     3.9006     40.785    119.105    121.894    0.00092    6.69200    9.56354  292.02522   15.10456 4.4389e+02     0.7350     1.3760    70.8932 0.0000e+00
        334 150.621460    0.02311     1.3867     83.205      4.042  47943.833    30.2292     8.6456      4.000     8.5665    23.4375     2.7397     3.9153     40.833    119.552    122.355    0.00088    6.70960    9.58869  292.78850   15.14102 3.0193e+02     0.7652     1.3626    71.1310 0.0000e+00
        339 150.621475    0.02344     1.4066     84.393      5.047  48033.890    30.2568     8.4014      5.000     8.2510    23.4944     2.7601     3.9444     40.918    120.436    123.266    0.00119    6.74545    9.63991  294.33625   15.21482 2.1672e+02     0.8895     1.3249    71.8052 0.0000e+00
        343 150.621488    0.02377     1.4265     85.588      6.053  48290.713    30.3779     8.0131      6.000     7.8263    23.6444     2.7852     3.9804     40.961    121.515    124.387    0.00073    6.79965    9.71738  296.65801   15.32516 1.5696e+02     1.2296     1.3125    72.0288 0.0000e+00
        349 150.621504    0.02415     1.4490     86.940      7.077  48766.486    30.6472     7.6140      7.000     7.5581    23.9107     2.8170     4.0258     41.127    122.870    125.808    0.00179    6.84967    9.78886  298.76263   15.42449 1.1385e+02     2.1132     1.2667    72.8587 0.0000e+00
        353 150.621517    0.02448     1.4686     88.115      8.074  48928.270    30.7360     7.4714      8.000     7.4049    23.9996     2.8237     4.0353     41.113    123.149    126.105    0.00090    6.86815    9.81527  299.54252   15.46133 8.5617e+01     4.3081     1.2079    73.9505 0.0000e+00
        359 150.621533    0.02484     1.4907     89.442      9.089  49058.122    30.7964     7.2915      9.000     7.1558    24.0711     2.8322     4.0476     41.084    123.515    126.489   -0.00008    6.89385    9.85200  300.64253   15.51356 6.3046e+01     5.8416     1.1359    75.2813 0.0000e+00
        364 150.621547    0.02518     1.5106     90.639     10.091  49357.877    30.9526     6.9866     10.000     6.9046    24.2339     2.8583     4.0848     41.213    124.632    127.652    0.00092    6.93537    9.91133  302.40478   15.59696 4.7627e+01     6.4589     1.0611    76.7004 0.0000e+00
        369 150.621562    0.02555     1.5328     91.967     11.101  49551.147    31.0557     6.8107     11.000     6.7413    24.3376     2.8727     4.1054     41.282    125.250    128.298    0.00104    6.95894    9.94503  303.40232   15.64410 3.5597e+01     6.4640     1.1081    75.8199 0.0000e+00
        374 150.621577    0.02590     1.5544     93.262     12.115  49752.037    31.1705     6.6749     12.000     6.6177    24.4453     2.8823     4.1191     41.320    125.653    128.725    0.00080    6.97562    9.96885  304.09742   15.67677 2.6693e+01     6.6971     1.0692    76.5473 0.0000e+00
        379 150.621592    0.02627     1.5760     94.562     13.127  50113.796    31.3806     6.4546     13.000     6.3624    24.6386     2.8972     4.1405     41.379    126.280    129.391    0.00082    7.00178   10.00625  305.18050   15.72753 1.9995e+01     7.2387     0.9115    79.6259 0.0000e+00
        384 150.621606    0.02661     1.5964     95.782     14.133  50315.730    31.4925     6.3065     14.000     6.2743    24.7451     2.9128     4.1627     41.488    126.944    130.085    0.00132    7.02085   10.03349  305.97949   15.76516 1.5507e+01     6.8250     0.7960    81.9588 0.0000e+00
        389 150.621620    0.02695     1.6171     97.024     15.140  50393.195    31.5343     6.2457     15.000     6.2241    24.7855     2.9159     4.1671     41.484    127.074    130.224    0.00061    7.02888   10.04498  306.31773   15.78111 1.2202e+01     4.2044     0.7748    82.3920 0.0000e+00
        394 150.621635    0.02729     1.6377     98.263     16.152  50458.804    31.5679     6.1864     16.000     6.1525    24.8193     2.9224     4.1765     41.529    127.355    130.516    0.00076    7.03707   10.05668  306.66455   15.79750 9.6660e+00     3.8663     0.7297    83.3271 0.0000e+00
        399 150.621649    0.02764     1.6582     99.492     17.161  50481.606    31.5615     6.0733     17.000     6.0073    24.8278     2.9340     4.1930     41.581    127.858    131.033    0.00073    7.05608   10.08385  307.49037   15.83688 7.8034e+00     3.2456     0.6916    84.1215 0.0000e+00
        404 150.621664    0.02799     1.6794    100.764     18.177  50618.786    31.6334     5.9579     18.000     5.9509    24.8985     2.9491     4.2145     41.701    128.507    131.706    0.00139    7.07184   10.10636  308.15570   15.86829 6.3095e+00     2.4095     0.6809    84.3463 0.0000e+00
        409 150.621677    0.02830     1.6982    101.893     19.172  50619.488    31.6287     5.9335     19.000     5.9180    24.8976     2.9522     4.2191     41.722    128.645    131.849    0.00108    7.07613   10.11250  308.34297   15.87723 5.1098e+00     1.9806     0.6826    84.3124 0.0000e+00
        414 150.621693    0.02868     1.7207    103.241     20.202  50645.817    31.6420     5.9114     20.000     5.9008    24.9109     2.9540     4.2216     41.728    128.720    131.927    0.00045    7.07917   10.11685  308.47169   15.88331 4.1037e+00     2.1394     0.6660    84.6605 0.0000e+00
        418 150.621704    0.02897     1.7381    104.284     21.193  50645.315    31.6351     5.8807     21.000     5.8582    24.9090     2.9607     4.2311     41.790    129.011    132.225    0.00087    7.08463   10.12464  308.70984   15.89469 3.3451e+00     2.0816     0.6795    84.3771 0.0000e+00
        423 150.621719    0.02932     1.7590    105.540     22.212  50700.304    31.6632     5.8329     22.000     5.8212    24.9368     2.9666     4.2396     41.835    129.268    132.491    0.00090    7.09128   10.13415  308.99142   15.90799 2.7242e+00     1.8109     0.6597    84.7959 0.0000e+00
        428 150.621733    0.02964     1.7785    106.710     23.218  50720.311    31.6723     5.8118     23.000     5.8001    24.9465     2.9705     4.2451     41.871    129.432    132.661    0.00073    7.09439   10.13860  309.12402   15.91426 2.2224e+00     1.7829     0.6491    85.0207 0.0000e+00
        433 150.621747    0.02998     1.7987    107.921     24.224  50711.850    31.6587     5.7752     24.000     5.7467    24.9401     2.9785     4.2565     41.943    129.783    133.020    0.00107    7.10115   10.14826  309.42056   15.92845 1.8179e+00     1.4287     0.6593    84.8050 0.0000e+00
        438 150.621761    0.03033     1.8198    109.189     25.242  50757.460    31.6779     5.7164     25.000     5.6967    24.9621     2.9856     4.2667     41.991    130.091    133.338    0.00091    7.11012   10.16107  309.80443   15.94665 1.4800e+00     1.2406     0.6659    84.6642 0.0000e+00
        443 150.621775    0.03066     1.8398    110.389     26.246  50822.349    31.7159     5.6855     26.000     5.6860    24.9958     2.9919     4.2758     42.060    130.362    133.621    0.00119    7.11351   10.16592  309.94207   15.95306 1.2130e+00     1.2344     0.6858    84.2437 0.0000e+00
        447 150.621789    0.03100     1.8602    111.614     27.258  50853.359    31.7398     5.6996     27.000     5.7118    25.0130     2.9919     4.2757     42.079    130.356    133.616    0.00074    7.11002   10.16092  309.78470   15.94546 9.8332e-01     1.1413     0.6898    84.1611 0.0000e+00
        452 150.621804    0.03134     1.8804    112.823     28.269  50852.032    31.7448     5.7316     28.000     5.7392    25.0132     2.9903     4.2735     42.091    130.290    133.549    0.00068    7.10440   10.15290  309.54000   15.93379 8.0526e-01     0.9958     0.6699    84.5809 0.0000e+00
        457 150.621816    0.03166     1.8993    113.955     29.272  50846.741    31.7446     5.7515     29.000     5.7543    25.0109     2.9956     4.2810     42.185    130.519    133.784    0.00098    7.10107   10.14814  309.39551   15.92690 6.5699e-01     1.0271     0.6620    84.7467 0.0000e+00
        461 150.621830    0.03197     1.9185    115.112     30.285  50838.421    31.7393     5.7559     30.000     5.7520    25.0061     2.9959     4.2814     42.192    130.532    133.796    0.00088    7.10059   10.14745  309.37602   15.92600 5.4278e-01     1.0540     0.6514    84.9727 0.0000e+00
        466 150.621843    0.03230     1.9379    116.276     31.302  50838.198    31.7377     5.7513     31.000     5.7435    25.0054     2.9971     4.2832     42.204    130.584    133.851    0.00056    7.10143   10.14866  309.41299   15.92776 4.4448e-01     0.9079     0.6627    84.7331 0.0000e+00
        470 150.621856    0.03260     1.9557    117.341     32.298  50838.200    31.7337     5.7338     32.000     5.7224    25.0043     3.0017     4.2897     42.250    130.785    134.055    0.00068    7.10457   10.15313  309.54973   15.93429 3.6856e-01     0.8911     0.6605    84.7796 0.0000e+00
        475 150.621870    0.03295     1.9769    118.614     33.324  50824.220    31.7188     5.7097     33.000     5.6851    24.9953     3.0085     4.2995     42.318    131.085    134.361    0.00086    7.10931   10.15990  309.75901   15.94433 2.9885e-01     0.8670     0.6939    84.0748 0.0000e+00
        480 150.621883    0.03324     1.9943    119.655     34.317  50868.589    31.7416     5.6737     34.000     5.6694    25.0175     3.0188     4.3142     42.433    131.530    134.820    0.00157    7.11428   10.16701  309.96893   15.95423 2.4922e-01     0.8329     0.7161    83.6085 0.0000e+00
        485 150.621898    0.03361     2.0165    120.990     35.345  50881.250    31.7503     5.6761     35.000     5.6744    25.0242     3.0132     4.3063     42.360    131.287    134.573    0.00027    7.11345   10.16584  309.93097   15.95239 2.0360e-01     0.7924     0.7112    83.7128 0.0000e+00
        489 150.621910    0.03389     2.0336    122.015     36.339  50873.266    31.7430     5.6695     36.000     5.6602    25.0192     3.0205     4.3165     42.452    131.601    134.894    0.00088    7.11492   10.16793  309.99655   15.95554 1.7175e-01     0.8203     0.7065    83.8096 0.0000e+00
        494 150.621924    0.03425     2.0547    123.279     37.357  50870.136    31.7364     5.6499     37.000     5.6330    25.0162     3.0249     4.3229     42.493    131.793    135.090    0.00081    7.11853   10.17309  310.15457   15.96310 1.4290e-01     0.8837     0.7214    83.4982 0.0000e+00
        498 150.621937    0.03454     2.0725    124.353     38.357  50885.356    31.7405     5.6212     38.000     5.6094    25.0228     3.0296     4.3296     42.532    132.000    135.303    0.00077    7.12316   10.17971  310.35433   15.97260 1.2128e-01     0.8746     0.7448    83.0111 0.0000e+00
        504 150.621952    0.03491     2.0947    125.681     39.382  50900.553    31.7467     5.6027     39.000     5.5963    25.0299     3.0320     4.3330     42.547    132.100    135.406    0.00069    7.12599   10.18375  310.47541   15.97834 1.0317e-01     0.7803     0.7435    83.0370 0.0000e+00
        508 150.621964    0.03520     2.1118    126.706     40.373  50893.730    31.7393     5.5916     40.000     5.5781    25.0253     3.0350     4.3374     42.577    132.234    135.543    0.00046    7.12822   10.18694  310.57403   15.98306 8.9189e-02     0.7990     0.7667    82.5580 0.0000e+00
        513 150.621980    0.03558     2.1349    128.095     41.404  50908.845    31.7439     5.5656     41.000     5.5568    25.0319     3.0415     4.3466     42.644    132.517    135.834    0.00090    7.13239   10.19291  310.75385   15.99161 7.8532e-02     0.8259     0.7805    82.2729 0.0000e+00
        518 150.621993    0.03588     2.1531    129.189     42.395  50914.860    31.7446     5.5511     42.000     5.5430    25.0341     3.0420     4.3473     42.636    132.538    135.856    0.00044    7.13480   10.19634  310.85813   15.99658 7.0120e-02     0.8053     0.7928    82.0199 0.0000e+00
        523 150.622009    0.03627     2.1762    130.575     43.418  50917.711    31.7438     5.5402     43.000     5.5306    25.0348     3.0475     4.3552     42.703    132.780    136.104    0.00069    7.13669   10.19904  310.94017   16.00049 6.3384e-02     0.6927     0.7995    81.8834 0.0000e+00
        528 150.622023    0.03660     2.1960    131.758     44.417  50924.214    31.7449     5.5259     44.000     5.5178    25.0373     3.0495     4.3581     42.716    132.865    136.192    0.00060    7.13906   10.20243  311.04267   16.00537 5.8407e-02     0.7443     0.8086    81.6987 0.0000e+00
        534 150.622039    0.03699     2.2198    133.188     45.434  50936.341    31.7502     5.5135     45.000     5.5085    25.0429     3.0537     4.3640     42.763    133.046    136.378    0.00069    7.14090   10.20506  311.12113   16.00908 5.4600e-02     0.7108     0.8159    81.5471 0.0000e+00
        539 150.622053    0.03734     2.2402    134.412     46.437  50923.580    31.7404     5.5111     46.000     5.4848    25.0354     3.0538     4.3641     42.759    133.050    136.382    0.00034    7.14178   10.20632  311.16185   16.01106 5.1623e-02     0.7568     0.8065    81.7403 0.0000e+00
        545 150.622071    0.03775     2.2649    135.897     47.455  50951.379    31.7360     5.3999     47.000     5.3664    25.0445     3.0656     4.3810     42.811    133.565    136.911    0.00050    7.16086   10.23358  311.99009   16.05052 4.9354e-02     0.7271     0.9975    77.9337 0.0000e+00
        549 150.622084    0.03807     2.2841    137.045     48.443  51001.488    31.7603     5.3533     48.000     5.3383    25.0691     3.0721     4.3903     42.861    133.844    137.199    0.00069    7.16762   10.24324  312.27746   16.06410 4.7450e-02     0.6849     1.1043    75.8782 0.0000e+00
        557 150.622106    0.03859     2.3155    138.930     49.500  51023.590    31.7706     5.3322     49.000     5.3220    25.0795     3.0783     4.3991     42.928    134.110    137.474    0.00074    7.17073   10.24769  312.40963   16.07036 4.6251e-02     0.6010     1.1439    75.1288 0.0000e+00
        561 150.622118    0.03889     2.3332    139.991     50.474  51024.990    31.7668     5.3122     50.000     5.2972    25.0788     3.0817     4.4040     42.954    134.261    137.628    0.00080    7.17433   10.25284  312.56687   16.07787 4.4735e-02     0.5430     1.1836    74.3869 0.0000e+00
        566 150.622133    0.03926     2.3554    141.325     51.477  51040.070    31.7727     5.2933     51.000     5.2831    25.0856     3.0867     4.4112     43.006    134.477    137.851    0.00084    7.17727   10.25703  312.69271   16.08383 4.3825e-02     0.5536     1.2297    73.5336 0.0000e+00
        572 150.622149    0.03963     2.3782    142.690     52.501  51053.734    31.7793     5.2823     52.000     5.2773    25.0921     3.0870     4.4116     43.002    134.491    137.866    0.00046    7.17883   10.25928  312.75907   16.08696 4.3067e-02     0.5614     1.2280    73.5654 0.0000e+00
        577 150.622163    0.03998     2.3987    143.919     53.501  51055.798    31.7796     5.2794     53.000     5.2746    25.0927     3.0869     4.4115     42.998    134.488    137.862    0.00029    7.17931   10.25995  312.77943   16.08793 4.2543e-02     0.4734     1.2553    73.0638 0.0000e+00
