CTD-processing/allCTD/CNV/2017_04-18_t6_s15_cast084_4141.cnv
* Sea-Bird SBE19plus Data File:
* FileName = P:\My Documents\kasitsna\Research-KBL\Oceanography-AK\CTD-Data-ALL-to-2017-02\2017-CTD-KachemakBay-CookInlet\2017-04-18-CookInlet-Tran6-Douglas\2017-04-18-CookInlet-Tran6-cast084.hex
* Software Version 1.59
* Temperature SN =  4141
* Conductivity SN =  4141
* System UpLoad Time = Apr 18 2017 23:02:12
** Cook Inlet LTM Transect 6 Douglas east to west
** Date: (YYYY-MM-DD): 2017-04-18
** Station: (eg. 9-01): 6-15
** Start time (AKDT): 17:24
** Depth (m): 152.4
** Comment: R/V Alaska Dreamcatcher
** Comment:
# nquan = 27
# nvalues = 145                         
# units = specified
# name 0 = scan: Scan Count
# name 1 = timeJ: Julian Days
# name 2 = timeH: Time, Elapsed [hours]
# name 3 = timeM: Time, Elapsed [minutes]
# name 4 = timeS: Time, Elapsed [seconds]
# name 5 = prdM: Pressure, Strain Gauge [db]
# name 6 = specc: Specific Conductance [uS/cm]
# name 7 = sal00: Salinity, Practical [PSU]
# name 8 = tv290C: Temperature [ITS-90, deg C]
# name 9 = depSM: Depth [salt water, m], lat = 59.00
# name 10 = potemp090C: Potential Temperature [ITS-90, deg C]
# name 11 = sigma-é00: Density [sigma-theta, kg/m^3]
# name 12 = sbeox0ML/L: Oxygen, SBE 43 [ml/l]
# name 13 = sbeox0Mg/L: Oxygen, SBE 43 [mg/l]
# name 14 = sbeox0PS: Oxygen, SBE 43 [% saturation]
# name 15 = sbox0Mm/Kg: Oxygen, SBE 43 [umol/kg]
# name 16 = sbeox0Mm/L: Oxygen, SBE 43 [umol/l]
# name 17 = sbox0dV/dT: Oxygen, SBE 43 [dov/dt]
# name 18 = oxsolML/L: Oxygen Saturation, Garcia & Gordon [ml/l]
# name 19 = oxsolMg/L: Oxygen Saturation, Garcia & Gordon [mg/l]
# name 20 = oxsolMm/Kg: Oxygen Saturation, Garcia & Gordon [umol/kg]
# name 21 = n2satMg/L: Nitrogen Saturation [mg/l]
# name 22 = par: PAR/Irradiance, Biospherical/Licor
# name 23 = wetStar: Fluorescence, WET Labs WETstar [mg/m^3]
# name 24 = CStarAt0: Beam Attenuation, WET Labs C-Star [1/m]
# name 25 = CStarTr0: Beam Transmission, WET Labs C-Star [%]
# name 26 = flag: flag
# span 0 =         92,        771       
# span 1 = 108.725462, 108.727426       
# span 2 =    0.00635,    0.05350       
# span 3 =     0.3812,     3.2101       
# span 4 =     22.871,    192.607       
# span 5 =      1.019,    146.421       
# span 6 =  51394.149,  52073.124       
# span 7 =    32.0551,    32.4411       
# span 8 =     5.2494,     5.4043       
# span 9 =      1.000,    145.000       
# span 10 =     5.2951,     5.4035      
# span 11 =    25.3130,    25.6139      
# span 12 =     3.5545,     3.9585      
# span 13 =     5.0798,     5.6570      
# span 14 =     49.744,     55.450      
# span 15 =    154.811,    172.373      
# span 16 =    158.747,    176.785      
# span 17 =   -0.00107,    0.00465      
# span 18 =    7.13732,    7.17293      
# span 19 =   10.19995,   10.25084      
# span 20 =  310.80699,  312.45057      
# span 21 =   15.99145,   16.07110      
# span 22 = 3.6381e-02, 6.0008e+01      
# span 23 =     0.3352,     5.6214      
# span 24 =    -0.3594,     4.1875      
# span 25 =    45.3995,    97.2416      
# span 26 = 0.0000e+00, 0.0000e+00      
# interval = meters: 1                  
# start_time = Apr 18 2017 17:24:17 [Instrument's time stamp, header]
# bad_flag = -9.990e-29
*END*
         92 108.725462    0.00635     0.3812     22.871      1.019  51394.149    32.0551     5.2494      1.000     5.3343    25.3130     3.5772     5.1123     49.872    155.824    159.761    0.00370    7.17293   10.25084  312.45057   16.07110 3.3637e+01     0.3352     4.1875    45.3995 0.0000e+00
        222 108.725837    0.01538     0.9224     55.346      2.012  51754.355    32.2847     5.2985      2.000     5.3377    25.4899     3.5575     5.0840     49.744    154.925    158.876    0.00111    7.15146   10.22016  311.44147   16.02217 3.2970e+01     0.7710    -0.3594    97.2416 0.0000e+00
        278 108.725997    0.01920     1.1521     69.128      3.029  51671.976    32.2459     5.3574      3.000     5.3900    25.4525     3.5607     5.0887     49.844    155.076    159.023    0.00131    7.14374   10.20911  311.12044   16.00702 2.4737e+01     0.8671     0.3441    91.7467 0.0000e+00
        279 108.726001    0.01930     1.1580     69.479      4.042  51610.132    32.2115     5.3987      4.000     5.4035    25.4205     3.5571     5.0835     49.830    154.922    158.861    0.00052    7.13838   10.20146  310.89706   15.99652 2.2535e+01     0.8567     0.3560    91.4851 0.0000e+00
        282 108.726010    0.01950     1.1703     70.219      5.051  51606.268    32.2094     5.4041      5.000     5.4028    25.4184     3.5580     5.0848     49.849    154.963    158.901    0.00069    7.13756   10.20029  310.86170   15.99485 2.2627e+01     0.9093     0.3530    91.5524 0.0000e+00
        285 108.726018    0.01970     1.1819     70.916      6.055  51613.465    32.2137     5.4031      6.000     5.4033    25.4218     3.5545     5.0798     49.801    154.811    158.747    0.00006    7.13753   10.20025  310.85945   15.99472 2.9010e+01     0.8162     0.3559    91.4849 0.0000e+00
        288 108.726026    0.01990     1.1939     71.634      7.063  51614.417    32.2142     5.4043      7.000     5.4026    25.4220     3.5566     5.0827     49.831    154.898    158.836    0.00004    7.13732   10.19995  310.85026   15.99429 5.0119e+01     0.9489     0.3537    91.5361 0.0000e+00
        291 108.726035    0.02011     1.2066     72.398      8.076  51628.048    32.2223     5.4006      8.000     5.3927    25.4289     3.5642     5.0936     49.936    155.231    159.178    0.00100    7.13756   10.20027  310.85834   15.99464 5.2976e+01     0.8648     0.3542    91.5262 0.0000e+00
        294 108.726044    0.02033     1.2196     73.177      9.083  51655.361    32.2383     5.3896      9.000     5.3836    25.4428     3.5659     5.0960     49.952    155.302    159.253    0.00094    7.13866   10.20185  310.90212   15.99666 5.2587e+01     0.8383     0.3575    91.4506 0.0000e+00
        297 108.726053    0.02055     1.2329     73.976     10.095  51674.597    32.2494     5.3821     10.000     5.3788    25.4525     3.5661     5.0963     49.949    155.308    159.262    0.00051    7.13939   10.20289  310.93077   15.99798 6.0008e+01     0.6556     0.3548    91.5123 0.0000e+00
        300 108.726062    0.02077     1.2462     74.770     11.107  51696.982    32.2636     5.3782     11.000     5.3728    25.4641     3.5651     5.0950     49.937    155.267    159.221    0.00036    7.13938   10.20289  310.92725   15.99776 4.9182e+01     0.7133     0.3622    91.3443 0.0000e+00
        303 108.726071    0.02098     1.2588     75.528     12.112  51732.956    32.2863     5.3706     12.000     5.3635    25.4831     3.5706     5.1027     50.012    155.501    159.463    0.00057    7.13958   10.20317  310.93039   15.99781 4.6729e+01     0.8709     0.3674    91.2236 0.0000e+00
        306 108.726080    0.02119     1.2716     76.297     13.123  51759.102    32.3019     5.3612     13.000     5.3533    25.4964     3.5731     5.1064     50.040    155.608    159.575    0.00089    7.14043   10.20439  310.96326   15.99932 4.7180e+01     1.1434     0.3757    91.0336 0.0000e+00
        309 108.726089    0.02141     1.2847     77.083     14.132  51825.934    32.3452     5.3502     14.000     5.3432    25.5320     3.5719     5.1046     50.025    155.550    159.521    0.00047    7.14023   10.20410  310.94355   15.99820 3.7956e+01     1.1339     0.4328    89.7449 0.0000e+00
        312 108.726098    0.02163     1.2975     77.853     15.145  51888.473    32.3863     5.3426     15.000     5.3410    25.5654     3.5695     5.1011     49.995    155.438    159.412   -0.00011    7.13956   10.20314  310.90426   15.99617 3.5746e+01     1.9535     0.4608    89.1184 0.0000e+00
        315 108.726106    0.02183     1.3100     78.597     16.152  51885.993    32.3840     5.3422     16.000     5.3398    25.5635     3.5778     5.1131     50.112    155.802    159.785    0.00070    7.13975   10.20340  310.91283   15.99659 2.6471e+01     2.9078     0.4781    88.7349 0.0000e+00
        318 108.726115    0.02203     1.3223     79.337     17.163  51890.649    32.3863     5.3404     17.000     5.3385    25.5657     3.5843     5.1224     50.202    156.087    160.078    0.00151    7.13992   10.20366  310.92024   15.99692 2.1184e+01     4.5220     0.4818    88.6524 0.0000e+00
        321 108.726124    0.02223     1.3341     80.044     18.169  51897.334    32.3903     5.3399     18.000     5.3388    25.5689     3.5881     5.1278     50.255    156.250    160.245    0.00165    7.13984   10.20355  310.91560   15.99669 1.9511e+01     5.0825     0.4820    88.6489 0.0000e+00
        324 108.726132    0.02244     1.3467     80.799     19.174  51912.905    32.4009     5.3410     19.000     5.3414    25.5770     3.5874     5.1267     50.250    156.218    160.213    0.00122    7.13914   10.20253  310.88220   15.99506 1.5519e+01     5.1306     0.4547    89.2565 0.0000e+00
        328 108.726142    0.02268     1.3607     81.639     20.201  51916.161    32.4032     5.3436     20.000     5.3419    25.5786     3.5934     5.1355     50.339    156.482    160.484    0.00123    7.13859   10.20176  310.85829   15.99391 1.2001e+01     5.6214     0.4215    89.9982 0.0000e+00
        330 108.726150    0.02287     1.3723     82.336     21.196  51915.565    32.4022     5.3434     21.000     5.3415    25.5779     3.6045     5.1512     50.493    156.962    160.977    0.00250    7.13867   10.20188  310.86195   15.99408 1.1395e+01     5.3359     0.4110    90.2351 0.0000e+00
        333 108.726159    0.02309     1.3851     83.106     22.197  51915.968    32.4019     5.3432     22.000     5.3416    25.5777     3.6075     5.1556     50.535    157.095    161.114    0.00226    7.13872   10.20193  310.86379   15.99417 9.5987e+00     4.9046     0.4046    90.3796 0.0000e+00
        338 108.726172    0.02339     1.4037     84.222     23.226  51916.407    32.4017     5.3433     23.000     5.3410    25.5775     3.6102     5.1592     50.571    157.207    161.227    0.00171    7.13872   10.20194  310.86398   15.99418 7.5106e+00     4.0021     0.4100    90.2571 0.0000e+00
        342 108.726183    0.02366     1.4195     85.170     24.246  51918.561    32.4026     5.3424     24.000     5.3407    25.5782     3.6189     5.1718     50.694    157.591    161.622    0.00210    7.13882   10.20209  310.86829   15.99439 6.5480e+00     4.2255     0.3990    90.5057 0.0000e+00
        344 108.726189    0.02382     1.4290     85.740     25.239  51920.349    32.4034     5.3428     25.000     5.3412    25.5789     3.6296     5.1872     50.845    158.059    162.103    0.00296    7.13873   10.20196  310.86414   15.99419 5.6794e+00     4.0682     0.3970    90.5519 0.0000e+00
        346 108.726196    0.02398     1.4389     86.336     26.237  51922.564    32.4045     5.3432     26.000     5.3420    25.5797     3.6410     5.2032     51.003    158.547    162.602    0.00380    7.13859   10.20176  310.85795   15.99389 4.7820e+00     4.2351     0.3968    90.5564 0.0000e+00
        349 108.726205    0.02420     1.4515     87.093     27.247  51921.557    32.4035     5.3443     27.000     5.3426    25.5789     3.6499     5.2161     51.130    158.939    163.004    0.00415    7.13846   10.20157  310.85230   15.99362 4.0521e+00     3.7617     0.3823    90.8855 0.0000e+00
        353 108.726216    0.02446     1.4676     88.054     28.272  51923.124    32.4042     5.3449     28.000     5.3430    25.5794     3.6536     5.2214     51.183    159.101    163.170    0.00328    7.13832   10.20138  310.84626   15.99333 3.5177e+00     3.4881     0.3803    90.9282 0.0000e+00
        357 108.726226    0.02469     1.4815     88.888     29.281  51924.489    32.4048     5.3454     29.000     5.3437    25.5798     3.6571     5.2264     51.233    159.253    163.326    0.00282    7.13820   10.20120  310.84081   15.99307 3.1117e+00     3.5063     0.3728    91.0997 0.0000e+00
        359 108.726234    0.02489     1.4936     89.617     30.286  51924.973    32.4048     5.3461     30.000     5.3439    25.5796     3.6634     5.2353     51.322    159.524    163.604    0.00274    7.13809   10.20104  310.83588   15.99283 2.6812e+00     3.1926     0.3863    90.7944 0.0000e+00
        362 108.726242    0.02509     1.5055     90.330     31.288  51925.436    32.4047     5.3462     31.000     5.3440    25.5795     3.6779     5.2561     51.525    160.158    164.254    0.00366    7.13807   10.20102  310.83530   15.99280 2.2739e+00     3.2021     0.3753    91.0448 0.0000e+00
        366 108.726252    0.02533     1.5196     91.178     32.299  51925.748    32.4044     5.3466     32.000     5.3444    25.5793     3.6875     5.2699     51.661    160.579    164.686    0.00421    7.13802   10.20095  310.83313   15.99271 1.9448e+00     2.9494     0.3689    91.1900 0.0000e+00
        370 108.726264    0.02560     1.5362     92.174     33.317  51928.945    32.4062     5.3472     33.000     5.3454    25.5808     3.6896     5.2730     51.692    160.671    164.781    0.00304    7.13783   10.20067  310.82431   15.99228 1.6992e+00     2.8734     0.3671    91.2333 0.0000e+00
        373 108.726274    0.02586     1.5515     93.092     34.331  51929.292    32.4063     5.3486     34.000     5.3465    25.5806     3.7067     5.2972     51.931    161.411    165.539    0.00394    7.13760   10.20035  310.81455   15.99181 1.4648e+00     2.9995     0.3718    91.1245 0.0000e+00
        376 108.726283    0.02607     1.5642     93.853     35.336  51930.575    32.4069     5.3494     35.000     5.3466    25.5810     3.7162     5.3108     52.067    161.827    165.966    0.00465    7.13743   10.20010  310.80699   15.99145 1.2577e+00     3.0045     0.3667    91.2401 0.0000e+00
        379 108.726291    0.02626     1.5756     94.539     36.337  51929.549    32.4056     5.3492     36.000     5.3456    25.5800     3.7201     5.3165     52.122    162.000    166.143    0.00379    7.13752   10.20022  310.81094   15.99165 1.0826e+00     2.8887     0.3722    91.1159 0.0000e+00
        382 108.726300    0.02649     1.5890     95.341     37.345  51931.506    32.4061     5.3478     37.000     5.3442    25.5806     3.7275     5.3270     52.223    162.318    166.470    0.00359    7.13773   10.20053  310.82014   15.99208 9.5486e-01     2.5802     0.3604    91.3835 0.0000e+00
        386 108.726312    0.02676     1.6053     96.319     38.371  51933.037    32.4064     5.3464     38.000     5.3422    25.5810     3.7374     5.3412     52.360    162.750    166.913    0.00370    7.13796   10.20086  310.82994   15.99255 8.2302e-01     2.4689     0.3609    91.3730 0.0000e+00
        389 108.726320    0.02697     1.6187     97.123     39.385  51932.369    32.4050     5.3440     39.000     5.3385    25.5801     3.7419     5.3476     52.419    162.946    167.114    0.00330    7.13843   10.20153  310.85068   15.99354 7.0922e-01     2.5081     0.3672    91.2282 0.0000e+00
        392 108.726328    0.02714     1.6288     97.725     40.381  51937.669    32.4076     5.3415     40.000     5.3379    25.5825     3.7470     5.3549     52.488    163.167    167.341    0.00300    7.13874   10.20198  310.86352   15.99414 6.2284e-01     2.3233     0.3694    91.1778 0.0000e+00
        394 108.726335    0.02731     1.6390     98.336     41.378  51935.740    32.4056     5.3410     41.000     5.3363    25.5810     3.7571     5.3693     52.628    163.608    167.794    0.00347    7.13892   10.20223  310.87177   15.99454 5.3631e-01     2.4848     0.3696    91.1742 0.0000e+00
        398 108.726346    0.02758     1.6549     99.294     42.392  51937.322    32.4056     5.3384     42.000     5.3343    25.5813     3.7684     5.3854     52.783    164.098    168.295    0.00388    7.13935   10.20285  310.89052   15.99543 4.7039e-01     2.4160     0.3647    91.2862 0.0000e+00
        404 108.726362    0.02796     1.6772    100.630     43.434  51940.542    32.4070     5.3369     43.000     5.3334    25.5827     3.7763     5.3967     52.893    164.441    168.648    0.00329    7.13955   10.20313  310.89866   15.99582 3.9934e-01     2.5676     0.3579    91.4429 0.0000e+00
        406 108.726369    0.02813     1.6880    101.278     44.434  51942.870    32.4081     5.3369     44.000     5.3338    25.5835     3.7779     5.3990     52.916    164.514    168.723    0.00269    7.13949   10.20304  310.89569   15.99567 3.4909e-01     2.3063     0.3740    91.0747 0.0000e+00
        408 108.726375    0.02828     1.6969    101.814     45.420  51941.951    32.4071     5.3373     45.000     5.3338    25.5826     3.7806     5.4029     52.954    164.633    168.845    0.00226    7.13947   10.20301  310.89506   15.99564 3.0262e-01     2.5470     0.3882    90.7512 0.0000e+00
        411 108.726382    0.02845     1.7071    102.427     46.427  51945.138    32.4088     5.3373     46.000     5.3345    25.5840     3.7929     5.4204     53.126    165.165    169.390    0.00324    7.13939   10.20289  310.89106   15.99545 2.6401e-01     2.5074     0.3819    90.8946 0.0000e+00
        414 108.726392    0.02868     1.7209    103.251     47.440  51946.150    32.4093     5.3387     47.000     5.3357    25.5842     3.8015     5.4328     53.250    165.542    169.777    0.00362    7.13913   10.20252  310.87966   15.99490 2.3405e-01     2.3449     0.3712    91.1373 0.0000e+00
        418 108.726404    0.02899     1.7392    104.354     48.464  51944.793    32.4081     5.3398     48.000     5.3363    25.5831     3.8044     5.4367     53.289    165.663    169.901    0.00271    7.13900   10.20235  310.87473   15.99468 2.0455e-01     2.6531     0.3611    91.3682 0.0000e+00
        422 108.726415    0.02925     1.7545    105.268     49.480  51945.903    32.4084     5.3400     49.000     5.3362    25.5834     3.8086     5.4429     53.350    165.849    170.092    0.00224    7.13896   10.20228  310.87267   15.99457 1.7724e-01     2.5244     0.3653    91.2715 0.0000e+00
        425 108.726423    0.02943     1.7660    105.957     50.480  51946.473    32.4083     5.3400     50.000     5.3360    25.5833     3.8132     5.4496     53.415    166.053    170.301    0.00237    7.13897   10.20230  310.87310   15.99459 1.5687e-01     2.4470     0.3698    91.1696 0.0000e+00
        428 108.726431    0.02962     1.7771    106.628     51.483  51946.938    32.4081     5.3398     51.000     5.3360    25.5832     3.8168     5.4545     53.464    166.205    170.458    0.00223    7.13899   10.20233  310.87410   15.99465 1.3809e-01     2.4846     0.3729    91.0989 0.0000e+00
        431 108.726440    0.02983     1.7900    107.399     52.487  51948.454    32.4086     5.3400     52.000     5.3362    25.5836     3.8227     5.4631     53.547    166.463    170.722    0.00227    7.13895   10.20227  310.87214   15.99455 1.2064e-01     2.6284     0.3732    91.0916 0.0000e+00
        435 108.726452    0.03014     1.8082    108.490     53.508  51949.104    32.4087     5.3405     53.000     5.3371    25.5837     3.8269     5.4690     53.607    166.645    170.908    0.00202    7.13884   10.20212  310.86761   15.99433 1.0693e-01     2.4920     0.3770    91.0064 0.0000e+00
