CTD-processing/allCTD/CNV/2017_11-07_alongbay_skb02_cast104_4141.cnv
* Sea-Bird SBE19plus Data File:
* FileName = C:\Users\Kim.Powell\Desktop\Not Processed\2017\2017_11-07_AlongBay,T9_4141\2017_11-07_TRANSECT_STATION_cast104.hex
* Software Version 1.59
* Temperature SN =  4141
* Conductivity SN =  4141
* System UpLoad Time = Nov 09 2017 10:37:13
** 2017_11-07
** Station: KB02
** Start Time: 13:36
** Depth (m): 125.6
** Comment: Edgecumbe
** Comment: CTD time 1 hr off for daylight savings time
# nquan = 27
# nvalues = 98                          
# units = specified
# name 0 = scan: Scan Count
# name 1 = timeJ: Julian Days
# name 2 = timeH: Time, Elapsed [hours]
# name 3 = timeM: Time, Elapsed [minutes]
# name 4 = timeS: Time, Elapsed [seconds]
# name 5 = prdM: Pressure, Strain Gauge [db]
# name 6 = specc: Specific Conductance [uS/cm]
# name 7 = sal00: Salinity, Practical [PSU]
# name 8 = tv290C: Temperature [ITS-90, deg C]
# name 9 = depSM: Depth [salt water, m], lat = 59.00
# name 10 = potemp090C: Potential Temperature [ITS-90, deg C]
# name 11 = sigma-é00: Density [sigma-theta, kg/m^3]
# name 12 = sbeox0ML/L: Oxygen, SBE 43 [ml/l]
# name 13 = sbeox0Mg/L: Oxygen, SBE 43 [mg/l]
# name 14 = sbeox0PS: Oxygen, SBE 43 [% saturation]
# name 15 = sbox0Mm/Kg: Oxygen, SBE 43 [umol/kg]
# name 16 = sbeox0Mm/L: Oxygen, SBE 43 [umol/l]
# name 17 = sbox0dV/dT: Oxygen, SBE 43 [dov/dt]
# name 18 = oxsolML/L: Oxygen Saturation, Garcia & Gordon [ml/l]
# name 19 = oxsolMg/L: Oxygen Saturation, Garcia & Gordon [mg/l]
# name 20 = oxsolMm/Kg: Oxygen Saturation, Garcia & Gordon [umol/kg]
# name 21 = n2satMg/L: Nitrogen Saturation [mg/l]
# name 22 = par: PAR/Irradiance, Biospherical/Licor
# name 23 = wetStar: Fluorescence, WET Labs WETstar [mg/m^3]
# name 24 = CStarAt0: Beam Attenuation, WET Labs C-Star [1/m]
# name 25 = CStarTr0: Beam Transmission, WET Labs C-Star [%]
# name 26 = flag: flag
# span 0 =        341,        826       
# span 1 = 311.609433, 311.610836       
# span 2 =    0.02361,    0.05728       
# span 3 =     1.4169,     3.4372       
# span 4 =     85.017,    206.229       
# span 5 =      1.027,     98.922       
# span 6 =  48905.600,  49104.940       
# span 7 =    30.9114,    31.0214       
# span 8 =     8.7146,     8.7949       
# span 9 =      1.000,     98.000       
# span 10 =     8.7133,     8.7849      
# span 11 =    23.9608,    24.0370      
# span 12 =     2.9705,     3.0150      
# span 13 =     4.2452,     4.3089      
# span 14 =     44.648,     45.207      
# span 15 =    129.550,    131.501      
# span 16 =    132.664,    134.653      
# span 17 =   -0.00082,    0.00125      
# span 18 =    6.65313,    6.66961      
# span 19 =    9.50799,    9.53154      
# span 20 =  290.15563,  290.89444      
# span 21 =   15.01204,   15.04775      
# span 22 = 3.7525e-02, 6.8690e+01      
# span 23 =     0.4213,     1.1534      
# span 24 =     0.3320,     0.3779      
# span 25 =    90.9871,    92.0362      
# span 26 = 0.0000e+00, 0.0000e+00      
# interval = meters: 1                  
# start_time = Nov 07 2017 14:36:10 [Instrument's time stamp, header]
# bad_flag = -9.990e-29
*END*
[from data line 54]
        596 311.610170    0.04131     2.4785    148.708     55.523  48989.494    30.9554     8.7668     55.000     8.7603    23.9887     3.0014     4.2893     45.066    130.903    134.042   -0.00012    6.65998    9.51777  290.46668   15.02715 1.6601e-01     0.6642     0.3593    91.4091 0.0000e+00
        601 311.610184    0.04166     2.4992    149.951     56.536  48997.491    30.9607     8.7675     56.000     8.7639    23.9927     2.9960     4.2816     44.988    130.667    133.802   -0.00082    6.65964    9.51729  290.45071   15.02636 1.5005e-01     0.5565     0.3569    91.4644 0.0000e+00
        606 311.610200    0.04201     2.5207    151.240     57.549  48994.984    30.9590     8.7711     57.000     8.7656    23.9909     2.9980     4.2844     45.021    130.754    133.890   -0.00033    6.65917    9.51662  290.43087   15.02542 1.3602e-01     0.8102     0.3646    91.2873 0.0000e+00
        610 311.610212    0.04231     2.5388    152.329     58.554  48998.386    30.9611     8.7719     58.000     8.7665    23.9924     2.9983     4.2849     45.027    130.768    133.905   -0.00006    6.65897    9.51633  290.42169   15.02498 1.2333e-01     0.6106     0.3653    91.2713 0.0000e+00
        615 311.610226    0.04266     2.5594    153.563     59.565  48998.653    30.9608     8.7720     59.000     8.7652    23.9922     2.9990     4.2858     45.036    130.797    133.935   -0.00011    6.65897    9.51633  290.42167   15.02497 1.1253e-01     0.6833     0.3590    91.4155 0.0000e+00
        620 311.610241    0.04301     2.5803    154.818     60.575  49001.882    30.9624     8.7700     60.000     8.7640    23.9937     2.9956     4.2810     44.984    130.649    133.784   -0.00045    6.65919    9.51665  290.43099   15.02541 1.0313e-01     0.5457     0.3649    91.2817 0.0000e+00
        625 311.610256    0.04336     2.6019    156.116     61.587  49002.498    30.9624     8.7703     61.000     8.7639    23.9937     2.9964     4.2821     44.996    130.682    133.818   -0.00035    6.65916    9.51660  290.42936   15.02534 9.4720e-02     0.7236     0.3598    91.3983 0.0000e+00
        630 311.610270    0.04370     2.6219    157.312     62.590  49003.827    30.9628     8.7695     62.000     8.7632    23.9941     2.9939     4.2786     44.959    130.575    133.709   -0.00053    6.65925    9.51674  290.43351   15.02553 8.6891e-02     0.5631     0.3552    91.5021 0.0000e+00
        635 311.610285    0.04406     2.6434    158.605     63.604  49006.702    30.9644     8.7696     63.000     8.7631    23.9954     2.9953     4.2805     44.980    130.634    133.769   -0.00029    6.65916    9.51661  290.42930   15.02533 8.0710e-02     0.5606     0.3622    91.3427 0.0000e+00
        641 311.610300    0.04442     2.6654    159.926     64.613  49006.930    30.9641     8.7694     64.000     8.7629    23.9952     2.9941     4.2789     44.962    130.584    133.717   -0.00028    6.65922    9.51670  290.43186   15.02545 7.5272e-02     0.6870     0.3556    91.4940 0.0000e+00
        646 311.610315    0.04479     2.6875    161.248     65.626  49010.306    30.9660     8.7694     65.000     8.7629    23.9967     2.9951     4.2802     44.977    130.625    133.760   -0.00013    6.65913    9.51656  290.42735   15.02523 7.0203e-02     0.5532     0.3554    91.4977 0.0000e+00
        651 311.610330    0.04513     2.7078    162.470     66.630  49014.434    30.9685     8.7695     66.000     8.7625    23.9987     2.9934     4.2779     44.953    130.552    133.685   -0.00039    6.65901    9.51640  290.42200   15.02496 6.6235e-02     0.7071     0.3484    91.6591 0.0000e+00
        656 311.610345    0.04551     2.7305    163.830     67.647  49017.304    30.9700     8.7692     67.000     8.7626    23.9999     2.9931     4.2775     44.948    130.540    133.673   -0.00024    6.65897    9.51635  290.41984   15.02486 6.2740e-02     0.8409     0.3544    91.5214 0.0000e+00
        661 311.610360    0.04585     2.7510    165.060     68.649  49018.492    30.9704     8.7693     68.000     8.7623    24.0003     2.9913     4.2750     44.922    130.464    133.595   -0.00052    6.65894    9.51630  290.41825   15.02477 5.9544e-02     0.6280     0.3537    91.5376 0.0000e+00
        667 311.610376    0.04624     2.7746    166.479     69.667  49023.630    30.9736     8.7692     69.000     8.7626    24.0028     2.9927     4.2770     44.944    130.524    133.657   -0.00012    6.65883    9.51613  290.41258   15.02449 5.6559e-02     0.7106     0.3532    91.5488 0.0000e+00
        672 311.610390    0.04658     2.7946    167.678     70.669  49023.471    30.9732     8.7704     70.000     8.7635    24.0023     2.9905     4.2738     44.912    130.427    133.558   -0.00038    6.65867    9.51591  290.40574   15.02417 5.4140e-02     0.4213     0.3526    91.5620 0.0000e+00
        677 311.610406    0.04698     2.8186    169.117     71.685  49027.142    30.9751     8.7689     71.000     8.7608    24.0040     2.9885     4.2708     44.880    130.337    133.466   -0.00056    6.65881    9.51611  290.41148   15.02444 5.2102e-02     0.7706     0.3500    91.6217 0.0000e+00
        683 311.610421    0.04733     2.8399    170.392     72.687  49032.003    30.9778     8.7671     72.000     8.7593    24.0065     2.9908     4.2741     44.914    130.438    133.569   -0.00016    6.65896    9.51632  290.41729   15.02470 5.0242e-02     0.7656     0.3472    91.6864 0.0000e+00
        688 311.610437    0.04771     2.8625    171.751     73.708  49033.000    30.9780     8.7666     73.000     8.7593    24.0066     2.9886     4.2709     44.880    130.340    133.468   -0.00033    6.65903    9.51643  290.42050   15.02485 4.8695e-02     0.7086     0.3447    91.7440 0.0000e+00
        693 311.610451    0.04805     2.8830    172.982     74.708  49033.176    30.9777     8.7666     74.000     8.7590    24.0065     2.9889     4.2715     44.886    130.357    133.486   -0.00019    6.65904    9.51644  290.42081   15.02487 4.7374e-02     0.6056     0.3503    91.6158 0.0000e+00
        699 311.610468    0.04844     2.9063    174.377     75.731  49035.090    30.9786     8.7665     75.000     8.7592    24.0072     2.9876     4.2695     44.865    130.297    133.425   -0.00034    6.65903    9.51641  290.41976   15.02481 4.6019e-02     0.5311     0.3512    91.5954 0.0000e+00
        703 311.610480    0.04874     2.9245    175.469     76.724  49048.935    30.9882     8.7691     76.000     8.7645    24.0143     2.9852     4.2661     44.835    130.193    133.319   -0.00057    6.65822    9.51526  290.38267   15.02301 4.5097e-02     0.5014     0.3589    91.4186 0.0000e+00
        708 311.610496    0.04913     2.9479    176.871     77.747  49058.072    30.9954     8.7773     77.000     8.7712    24.0187     2.9858     4.2669     44.853    130.216    133.344   -0.00018    6.65669    9.51308  290.31482   15.01973 4.4427e-02     0.6115     0.3484    91.6581 0.0000e+00
        713 311.610510    0.04947     2.9681    178.088     78.747  49058.786    30.9957     8.7794     78.000     8.7713    24.0187     2.9848     4.2656     44.841    130.174    133.300   -0.00033    6.65636    9.51260  290.30025   15.01904 4.3528e-02     0.5605     0.3440    91.7590 0.0000e+00
        719 311.610527    0.04987     2.9924    179.546     79.764  49060.038    30.9962     8.7794     79.000     8.7717    24.0191     2.9844     4.2650     44.836    130.158    133.284   -0.00022    6.65634    9.51257  290.29942   15.01899 4.2886e-02     0.4402     0.3444    91.7501 0.0000e+00
        724 311.610541    0.05021     3.0126    180.756     80.768  49060.588    30.9962     8.7794     80.000     8.7708    24.0190     2.9841     4.2646     44.831    130.144    133.269   -0.00023    6.65635    9.51259  290.29995   15.01902 4.1979e-02     0.4988     0.3422    91.8003 0.0000e+00
        729 311.610557    0.05059     3.0354    182.123     81.781  49060.967    30.9957     8.7773     81.000     8.7679    24.0190     2.9831     4.2631     44.813    130.098    133.222   -0.00034    6.65668    9.51306  290.31431   15.01971 4.1587e-02     0.4562     0.3418    91.8117 0.0000e+00
        735 311.610573    0.05098     3.0589    183.534     82.793  49062.614    30.9962     8.7759     82.000     8.7676    24.0196     2.9840     4.2645     44.826    130.140    133.266   -0.00011    6.65686    9.51332  290.32193   15.02007 4.1042e-02     0.6135     0.3458    91.7181 0.0000e+00
        740 311.610588    0.05134     3.0805    184.830     83.800  49065.291    30.9977     8.7762     83.000     8.7684    24.0207     2.9822     4.2619     44.800    130.063    133.187   -0.00038    6.65676    9.51316  290.31690   15.01983 4.0659e-02     0.7677     0.3416    91.8135 0.0000e+00
        746 311.610604    0.05171     3.1026    186.156     84.809  49064.394    30.9968     8.7776     84.000     8.7689    24.0199     2.9840     4.2644     44.827    130.138    133.264   -0.00001    6.65658    9.51292  290.30962   15.01948 4.0240e-02     0.4465     0.3413    91.8204 0.0000e+00
        751 311.610619    0.05207     3.1245    187.471     85.824  49069.574    30.9999     8.7774     85.000     8.7696    24.0224     2.9808     4.2599     44.780    130.000    133.123   -0.00047    6.65647    9.51276  290.30413   15.01921 3.9905e-02     0.6123     0.3447    91.7429 0.0000e+00
        756 311.610635    0.05245     3.1470    188.821     86.829  49068.619    30.9990     8.7787     86.000     8.7702    24.0215     2.9805     4.2594     44.777    129.987    133.108   -0.00038    6.65631    9.51254  290.29749   15.01889 3.9511e-02     0.4901     0.3418    91.8111 0.0000e+00
        762 311.610650    0.05283     3.1694    190.166     87.837  49075.227    31.0033     8.7794     87.000     8.7724    24.0248     2.9800     4.2585     44.770    129.961    133.083   -0.00022    6.65603    9.51213  290.28411   15.01823 3.9436e-02     0.6455     0.3411    91.8274 0.0000e+00
        768 311.610667    0.05324     3.1944    191.662     88.855  49080.653    31.0076     8.7859     88.000     8.7781    24.0272     2.9786     4.2568     44.759    129.905    133.026   -0.00036    6.65487    9.51048  290.23308   15.01578 3.8950e-02     0.7221     0.3364    91.9340 0.0000e+00
        773 311.610682    0.05358     3.2147    192.884     89.850  49087.823    31.0125     8.7878     89.000     8.7800    24.0307     2.9768     4.2542     44.735    129.825    132.945   -0.00046    6.65438    9.50978  290.21083   15.01470 3.8929e-02     0.9135     0.3374    91.9111 0.0000e+00
        779 311.610701    0.05404     3.2425    194.548     90.874  49088.524    31.0129     8.7903     90.000     8.7810    24.0307     2.9781     4.2559     44.756    129.878    132.999   -0.00011    6.65400    9.50923  290.19404   15.01389 3.8601e-02     0.4391     0.3379    91.8993 0.0000e+00
        784 311.610716    0.05441     3.2643    195.861     91.878  49088.771    31.0125     8.7893     91.000     8.7795    24.0305     2.9792     4.2576     44.772    129.928    133.050   -0.00014    6.65416    9.50946  290.20107   15.01423 3.8313e-02     0.6774     0.3400    91.8532 0.0000e+00
        790 311.610733    0.05482     3.2895    197.370     92.890  49091.297    31.0138     8.7888     92.000     8.7799    24.0316     2.9747     4.2512     44.705    129.734    132.851   -0.00049    6.65419    9.50950  290.20206   15.01427 3.8254e-02     0.7091     0.3344    91.9807 0.0000e+00
        796 311.610750    0.05523     3.3138    198.828     93.895  49096.446    31.0174     8.7920     93.000     8.7840    24.0340     2.9763     4.2535     44.733    129.803    132.923   -0.00015    6.65355    9.50859  290.17350   15.01289 3.7976e-02     0.6744     0.3392    91.8704 0.0000e+00
        802 311.610768    0.05566     3.3394    200.366     94.916  49095.755    31.0169     8.7949     94.000     8.7849    24.0332     2.9738     4.2498     44.697    129.691    132.808   -0.00032    6.65313    9.50799  290.15563   15.01204 3.7789e-02     0.4820     0.3376    91.9054 0.0000e+00
        808 311.610784    0.05604     3.3624    201.743     95.918  49096.981    31.0172     8.7941     95.000     8.7843    24.0336     2.9727     4.2482     44.680    129.644    132.760   -0.00046    6.65324    9.50814  290.15998   15.01225 3.7761e-02     0.5054     0.3354    91.9561 0.0000e+00
        814 311.610802    0.05648     3.3886    203.319     96.931  49100.300    31.0190     8.7936     96.000     8.7837    24.0350     2.9737     4.2498     44.696    129.690    132.807   -0.00010    6.65324    9.50814  290.15953   15.01223 3.7671e-02     0.6288     0.3349    91.9688 0.0000e+00
        820 311.610818    0.05686     3.4113    204.675     97.937  49101.313    31.0192     8.7931     97.000     8.7831    24.0353     2.9729     4.2486     44.684    129.655    132.771   -0.00021    6.65331    9.50825  290.16258   15.01237 3.7525e-02     0.5633     0.3320    92.0362 0.0000e+00
        826 311.610836    0.05728     3.4372    206.229     98.922  49104.940    31.0214     8.7933     98.000     8.7836    24.0370     2.9705     4.2452     44.648    129.550    132.664   -0.00062    6.65319    9.50807  290.15691   15.01209 3.7691e-02     0.5039     0.3382    91.8918 0.0000e+00
