CTD-processing/allCTD/CNV/2017_09-22_alongbay_skb12_cast023_4141.cnv
* Sea-Bird SBE19plus Data File:
* FileName = C:\Users\Kim.Powell\Desktop\Not Processed\2017\2017_09-22\2017_09-22_TRANSECT_STATION_cast023.hex
* Software Version 1.59
* Temperature SN =  4141
* Conductivity SN =  4141
* System UpLoad Time = Oct 11 2017 10:31:42
** 2017_09-22
** Station: KB12
** Start Time: 10:59
** Depth (m):74.7
** Comment:
** Comment:
# nquan = 27
# nvalues = 73                          
# units = specified
# name 0 = scan: Scan Count
# name 1 = timeJ: Julian Days
# name 2 = timeH: Time, Elapsed [hours]
# name 3 = timeM: Time, Elapsed [minutes]
# name 4 = timeS: Time, Elapsed [seconds]
# name 5 = prdM: Pressure, Strain Gauge [db]
# name 6 = specc: Specific Conductance [uS/cm]
# name 7 = sal00: Salinity, Practical [PSU]
# name 8 = tv290C: Temperature [ITS-90, deg C]
# name 9 = depSM: Depth [salt water, m], lat = 59.00
# name 10 = potemp090C: Potential Temperature [ITS-90, deg C]
# name 11 = sigma-é00: Density [sigma-theta, kg/m^3]
# name 12 = sbeox0ML/L: Oxygen, SBE 43 [ml/l]
# name 13 = sbeox0Mg/L: Oxygen, SBE 43 [mg/l]
# name 14 = sbeox0PS: Oxygen, SBE 43 [% saturation]
# name 15 = sbox0Mm/Kg: Oxygen, SBE 43 [umol/kg]
# name 16 = sbeox0Mm/L: Oxygen, SBE 43 [umol/l]
# name 17 = sbox0dV/dT: Oxygen, SBE 43 [dov/dt]
# name 18 = oxsolML/L: Oxygen Saturation, Garcia & Gordon [ml/l]
# name 19 = oxsolMg/L: Oxygen Saturation, Garcia & Gordon [mg/l]
# name 20 = oxsolMm/Kg: Oxygen Saturation, Garcia & Gordon [umol/kg]
# name 21 = n2satMg/L: Nitrogen Saturation [mg/l]
# name 22 = par: PAR/Irradiance, Biospherical/Licor
# name 23 = wetStar: Fluorescence, WET Labs WETstar [mg/m^3]
# name 24 = CStarAt0: Beam Attenuation, WET Labs C-Star [1/m]
# name 25 = CStarTr0: Beam Transmission, WET Labs C-Star [%]
# name 26 = flag: flag
# span 0 =        231,        659       
# span 1 = 265.458433, 265.459670       
# span 2 =    0.01601,    0.04570       
# span 3 =     0.9602,     2.7421       
# span 4 =     57.613,    164.527       
# span 5 =      1.017,     73.667       
# span 6 =  39883.662,  47655.499       
# span 7 =    24.8709,    30.3076       
# span 8 =    10.5469,    11.3085       
# span 9 =      1.000,     73.000       
# span 10 =    10.5791,    11.3013      
# span 11 =    18.9734,    23.0999      
# span 12 =     2.5902,     2.6798      
# span 13 =     3.7016,     3.8298      
# span 14 =     40.246,     41.691      
# span 15 =    113.168,    117.456      
# span 16 =    115.676,    119.683      
# span 17 =   -0.00077,    0.00126      
# span 18 =    6.34053,    6.65740      
# span 19 =    9.06124,    9.51409      
# span 20 =  276.86017,  291.78608      
# span 21 =   14.38042,   15.11550      
# span 22 = 4.4841e-02, 2.1284e+01      
# span 23 =     0.2281,     3.1665      
# span 24 =     0.4048,     2.6704      
# span 25 =    51.2414,    90.3758      
# span 26 = 0.0000e+00, 0.0000e+00      
# interval = meters: 1                  
# start_time = Sep 22 2017 10:59:11 [Instrument's time stamp, header]
# bad_flag = -9.990e-29
*END*
[from data line 54]
        570 265.459414    0.03953     2.3721    142.327     55.527  47586.727    30.2675    11.1610     55.000    11.1523    23.0664     2.6419     3.7755     41.622    115.325    117.984   -0.00010    6.34726    9.07087  277.07746   14.38950 4.5119e-02     0.2636     1.4941    68.8298 0.0000e+00
        575 265.459428    0.03988     2.3927    143.561     56.535  47610.031    30.2827    11.1536     56.000    11.1450    23.0795     2.6415     3.7750     41.615    115.310    117.972   -0.00023    6.34766    9.07144  277.09140   14.39011 4.4841e-02     0.2695     1.6164    66.7596 0.0000e+00
        580 265.459442    0.04023     2.4138    144.827     57.548  47613.938    30.2847    11.1508     57.000    11.1440    23.0816     2.6419     3.7755     41.618    115.325    117.987   -0.00007    6.34795    9.07186  277.10346   14.39068 4.5172e-02     0.2595     1.7063    65.2724 0.0000e+00
        585 265.459456    0.04056     2.4334    146.006     58.554  47614.054    30.2844    11.1508     58.000    11.1440    23.0814     2.6421     3.7758     41.621    115.335    117.997   -0.00011    6.34796    9.07188  277.10427   14.39072 4.5056e-02     0.2652     1.7062    65.2758 0.0000e+00
        590 265.459470    0.04089     2.4537    147.224     59.565  47614.734    30.2845    11.1509     59.000    11.1440    23.0815     2.6428     3.7768     41.632    115.364    118.027   -0.00007    6.34794    9.07185  277.10341   14.39067 4.5213e-02     0.2582     1.7058    65.2817 0.0000e+00
        595 265.459485    0.04124     2.4745    148.469     60.576  47621.181    30.2887    11.1508     60.000    11.1430    23.0847     2.6433     3.7775     41.641    115.386    118.049    0.00013    6.34780    9.07163  277.09579   14.39029 4.5010e-02     0.2606     1.7128    65.1687 0.0000e+00
        600 265.459499    0.04158     2.4948    149.688     61.584  47632.822    30.2963    11.1490     61.000    11.1414    23.0910     2.6446     3.7794     41.662    115.441    118.107    0.00010    6.34774    9.07156  277.09175   14.39007 4.5084e-02     0.2582     1.7199    65.0530 0.0000e+00
        605 265.459513    0.04192     2.5149    150.895     62.594  47635.620    30.2978    11.1485     62.000    11.1410    23.0922     2.6435     3.7777     41.644    115.392    118.057   -0.00008    6.34775    9.07156  277.09175   14.39007 4.5116e-02     0.2551     1.7347    64.8116 0.0000e+00
        610 265.459527    0.04226     2.5356    152.133     63.606  47637.772    30.2989    11.1483     63.000    11.1410    23.0932     2.6433     3.7775     41.642    115.386    118.051   -0.00017    6.34773    9.07155  277.09083   14.39001 4.5082e-02     0.2491     1.7500    64.5645 0.0000e+00
        614 265.459541    0.04259     2.5556    153.334     64.613  47638.657    30.2992    11.1488     64.000    11.1417    23.0933     2.6451     3.7802     41.671    115.466    118.132    0.00010    6.34764    9.07141  277.08689   14.38983 4.5125e-02     0.2570     1.7440    64.6626 0.0000e+00
        619 265.459555    0.04294     2.5764    154.584     65.623  47639.611    30.2995    11.1498     65.000    11.1420    23.0935     2.6433     3.7775     41.643    115.384    118.049   -0.00018    6.34750    9.07121  277.08069   14.38952 4.4983e-02     0.2426     1.7415    64.7032 0.0000e+00
        624 265.459570    0.04329     2.5974    155.846     66.635  47640.443    30.2997    11.1498     66.000    11.1420    23.0936     2.6440     3.7785     41.654    115.414    118.080   -0.00010    6.34749    9.07120  277.08021   14.38950 4.5280e-02     0.2369     1.7373    64.7699 0.0000e+00
        629 265.459584    0.04362     2.6174    157.047     67.641  47643.841    30.3017    11.1492     67.000    11.1405    23.0953     2.6441     3.7787     41.656    115.420    118.086   -0.00012    6.34749    9.07120  277.07988   14.38948 4.5282e-02     0.2436     1.8533    62.9385 0.0000e+00
        634 265.459599    0.04399     2.6395    158.370     68.655  47645.389    30.3023    11.1484     68.000    11.1404    23.0959     2.6459     3.7813     41.684    115.500    118.168    0.00020    6.34757    9.07133  277.08344   14.38965 4.5193e-02     0.2376     2.0285    60.2225 0.0000e+00
        639 265.459613    0.04434     2.6601    159.608     69.664  47646.918    30.3030    11.1482     69.000    11.1399    23.0964     2.6428     3.7767     41.634    115.360    118.025   -0.00043    6.34758    9.07132  277.08299   14.38963 4.5112e-02     0.2395     2.0916    59.2816 0.0000e+00
        644 265.459627    0.04466     2.6797    160.782     70.672  47647.653    30.3030    11.1479     70.000    11.1395    23.0966     2.6463     3.7817     41.689    115.514    118.182    0.00010    6.34762    9.07139  277.08506   14.38972 4.5120e-02     0.2483     2.1946    57.7733 0.0000e+00
        649 265.459641    0.04499     2.6995    161.968     71.680  47649.331    30.3038    11.1480     71.000    11.1397    23.0972     2.6464     3.7820     41.691    115.520    118.189    0.00016    6.34757    9.07133  277.08301   14.38962 4.5336e-02     0.2503     2.2473    57.0175 0.0000e+00
        654 265.459656    0.04536     2.7212    163.271     72.694  47653.295    30.3063    11.1487     72.000    11.1405    23.0990     2.6417     3.7754     41.620    115.317    117.981   -0.00061    6.34737    9.07104  277.07358   14.38916 4.5194e-02     0.2520     2.3342    55.7966 0.0000e+00
        659 265.459670    0.04570     2.7421    164.527     73.667  47655.499    30.3076    11.1495     73.000    11.1408    23.0999     2.6415     3.7749     41.616    115.304    117.968   -0.00077    6.34720    9.07079  277.06625   14.38880 4.5960e-02     0.2281     2.6704    51.2414 0.0000e+00
