CTD-processing/allCTD/CNV/2017_04-20_alongbay_skb06_cast153_4141.cnv
* Sea-Bird SBE19plus Data File:
* FileName = P:\My Documents\kasitsna\Research-KBL\Oceanography-AK\CTD-Data-ALL-to-2017-02\2017-CTD-KachemakBay-CookInlet\2017-04-20-CookInlet-AlongKachemakBay\2017-04-20-CookInlet-AlongKachemakBay-cast153.hex
* Software Version 1.59
* Temperature SN =  4141
* Conductivity SN =  4141
* System UpLoad Time = Apr 24 2017 17:25:11
** Cook Inlet Along Kachemak Bay Line west to east
** Date: 2017-04-20
** Station: (eg. 9-01): KB06
** Start time (AKDT): 19:44
** Depth (m): 100.3
** Comment: R/V Alaska Dreamcatcher
** Comment: This station is the same as T9_S06
# nquan = 27
# nvalues = 98                          
# units = specified
# name 0 = scan: Scan Count
# name 1 = timeJ: Julian Days
# name 2 = timeH: Time, Elapsed [hours]
# name 3 = timeM: Time, Elapsed [minutes]
# name 4 = timeS: Time, Elapsed [seconds]
# name 5 = prdM: Pressure, Strain Gauge [db]
# name 6 = specc: Specific Conductance [uS/cm]
# name 7 = sal00: Salinity, Practical [PSU]
# name 8 = tv290C: Temperature [ITS-90, deg C]
# name 9 = depSM: Depth [salt water, m], lat = 59.00
# name 10 = potemp090C: Potential Temperature [ITS-90, deg C]
# name 11 = sigma-é00: Density [sigma-theta, kg/m^3]
# name 12 = sbeox0ML/L: Oxygen, SBE 43 [ml/l]
# name 13 = sbeox0Mg/L: Oxygen, SBE 43 [mg/l]
# name 14 = sbeox0PS: Oxygen, SBE 43 [% saturation]
# name 15 = sbox0Mm/Kg: Oxygen, SBE 43 [umol/kg]
# name 16 = sbeox0Mm/L: Oxygen, SBE 43 [umol/l]
# name 17 = sbox0dV/dT: Oxygen, SBE 43 [dov/dt]
# name 18 = oxsolML/L: Oxygen Saturation, Garcia & Gordon [ml/l]
# name 19 = oxsolMg/L: Oxygen Saturation, Garcia & Gordon [mg/l]
# name 20 = oxsolMm/Kg: Oxygen Saturation, Garcia & Gordon [umol/kg]
# name 21 = n2satMg/L: Nitrogen Saturation [mg/l]
# name 22 = par: PAR/Irradiance, Biospherical/Licor
# name 23 = wetStar: Fluorescence, WET Labs WETstar [mg/m^3]
# name 24 = CStarAt0: Beam Attenuation, WET Labs C-Star [1/m]
# name 25 = CStarTr0: Beam Transmission, WET Labs C-Star [%]
# name 26 = flag: flag
# span 0 =        112,        594       
# span 1 = 110.822636, 110.824030       
# span 2 =    0.00771,    0.04116       
# span 3 =     0.4627,     2.4696       
# span 4 =     27.761,    148.179       
# span 5 =      1.018,     98.937       
# span 6 =  49702.408,  51964.852       
# span 7 =    31.0347,    32.0291       
# span 8 =     3.6456,     6.1224       
# span 9 =      1.000,     98.000       
# span 10 =     3.6410,     6.1537      
# span 11 =    24.4088,    25.4472      
# span 12 =     3.2625,     3.9927      
# span 13 =     4.6623,     5.7061      
# span 14 =     46.127,     53.689      
# span 15 =    142.224,    173.893      
# span 16 =    145.700,    178.317      
# span 17 =   -0.00067,    0.00559      
# span 18 =    7.07045,    7.45976      
# span 19 =   10.10437,   10.66075      
# span 20 =  308.23228,  324.90153      
# span 21 =   15.87420,   16.66399      
# span 22 = 3.6382e-02, 1.7897e+02      
# span 23 =     0.5997,    18.0000      
# span 24 =     0.6137,     2.0135      
# span 25 =    60.4916,    85.7769      
# span 26 = 0.0000e+00, 0.0000e+00      
# interval = meters: 1                  
# start_time = Apr 20 2017 19:44:08 [Instrument's time stamp, header]
# bad_flag = -9.990e-29
*END*
[from data line 54]
        437 110.823577    0.03030     1.8178    109.066     55.525  51787.718    31.9462     3.8212     55.000     3.8079    25.3750     3.8633     5.5210     52.009    168.264    172.534    0.00216    7.42807   10.61545  323.52788   16.59870 3.6382e-02     1.4402     0.7040    83.8621 0.0000e+00
        441 110.823588    0.03056     1.8335    110.012     56.538  51807.436    31.9555     3.8063     56.000     3.8006    25.3838     3.8662     5.5252     52.033    168.390    172.664    0.00165    7.43030   10.61864  323.62236   16.60316 3.6382e-02     1.2106     0.7047    83.8483 0.0000e+00
        445 110.823599    0.03080     1.8484    110.901     57.545  51807.814    31.9540     3.8015     57.000     3.7951    25.3831     3.8699     5.5305     52.075    168.550    172.829    0.00151    7.43125   10.62000  323.66406   16.60515 3.6382e-02     1.1778     0.7085    83.7677 0.0000e+00
        448 110.823609    0.03105     1.8634    111.803     58.554  51813.136    31.9562     3.7977     58.000     3.7929    25.3852     3.8744     5.5368     52.131    168.744    173.028    0.00147    7.43183   10.62083  323.68848   16.60630 3.6382e-02     1.3265     0.7114    83.7074 0.0000e+00
        452 110.823620    0.03132     1.8789    112.735     59.567  51812.816    31.9550     3.7958     59.000     3.7903    25.3844     3.8842     5.5509     52.261    169.174    173.468    0.00197    7.43225   10.62142  323.70704   16.60719 3.6382e-02     1.5880     0.6980    83.9859 0.0000e+00
        456 110.823630    0.03157     1.8941    113.648     60.574  51810.509    31.9520     3.7920     60.000     3.7821    25.3824     3.8877     5.5559     52.303    169.326    173.624    0.00192    7.43308   10.62261  323.74393   16.60895 3.6382e-02     1.2169     0.7139    83.6535 0.0000e+00
        459 110.823641    0.03183     1.9097    114.580     61.586  51787.546    31.9307     3.7712     61.000     3.7450    25.3674     3.8966     5.5686     52.388    169.717    174.022    0.00190    7.43793   10.62954  323.95992   16.61931 3.6382e-02     1.1915     0.7242    83.4396 0.0000e+00
        463 110.823652    0.03208     1.9249    115.491     62.596  51805.312    31.9320     3.7299     62.000     3.7069    25.3722     3.9098     5.5876     52.514    170.294    174.615    0.00240    7.44538   10.64020  324.28312   16.63467 3.6382e-02     1.3398     0.7610    82.6756 0.0000e+00
        467 110.823662    0.03233     1.9398    116.389     63.603  51830.538    31.9409     3.6988     63.000     3.6843    25.3822     3.9118     5.5904     52.503    170.376    174.700    0.00164    7.45061   10.64766  324.50740   16.64530 3.6382e-02     1.1367     0.7806    82.2723 0.0000e+00
        470 110.823673    0.03259     1.9553    117.318     64.614  51845.579    31.9467     3.6833     64.000     3.6740    25.3883     3.9176     5.5987     52.563    170.629    174.961    0.00149    7.45316   10.65131  324.61659   16.65046 3.6382e-02     1.2185     0.7936    82.0044 0.0000e+00
        474 110.823683    0.03285     1.9705    118.233     65.625  51851.418    31.9479     3.6742     65.000     3.6672    25.3901     3.9203     5.6023     52.587    170.741    175.076    0.00136    7.45474   10.65357  324.68501   16.65371 3.6382e-02     1.3533     0.8012    81.8490 0.0000e+00
        477 110.823693    0.03309     1.9852    119.113     66.630  51856.937    31.9499     3.6695     66.000     3.6624    25.3921     3.9213     5.6040     52.596    170.788    175.125    0.00092    7.45551   10.65467  324.71791   16.65527 3.6382e-02     1.2172     0.8105    81.6581 0.0000e+00
        481 110.823704    0.03334     2.0007    120.045     67.645  51860.600    31.9505     3.6640     67.000     3.6577    25.3932     3.9305     5.6171     52.712    171.188    175.535    0.00145    7.45649   10.65608  324.76017   16.65728 3.6382e-02     1.1928     0.8116    81.6358 0.0000e+00
        485 110.823715    0.03360     2.0161    120.968     68.655  51863.120    31.9508     3.6604     68.000     3.6536    25.3937     3.9326     5.6201     52.736    171.282    175.631    0.00141    7.45715   10.65701  324.78842   16.65863 3.6382e-02     1.2396     0.8074    81.7227 0.0000e+00
        488 110.823725    0.03385     2.0308    121.849     69.660  51867.351    31.9521     3.6562     69.000     3.6505    25.3952     3.9345     5.6228     52.756    171.363    175.714    0.00099    7.45783   10.65798  324.81771   16.66001 3.6382e-02     1.0446     0.8132    81.6025 0.0000e+00
        492 110.823736    0.03411     2.0464    122.786     70.673  51867.312    31.9509     3.6538     70.000     3.6458    25.3945     3.9398     5.6303     52.823    171.592    175.950    0.00124    7.45833   10.65870  324.83988   16.66107 3.6382e-02     1.0880     0.8213    81.4393 0.0000e+00
        496 110.823747    0.03437     2.0620    123.720     71.684  51873.483    31.9526     3.6456     71.000     3.6410    25.3966     3.9432     5.6353     52.860    171.743    176.105    0.00117    7.45976   10.66075  324.90153   16.66399 3.6382e-02     1.0900     0.8378    81.1026 0.0000e+00
        499 110.823757    0.03461     2.0767    124.602     72.692  51920.903    31.9873     3.6574     72.000     3.6747    25.4231     3.9400     5.6306     52.844    171.596    175.958    0.00065    7.45583   10.65512  324.72196   16.65531 3.6382e-02     1.1683     0.8563    80.7293 0.0000e+00
        503 110.823767    0.03486     2.0917    125.504     73.701  51897.712    31.9804     3.6948     73.000     3.7011    25.4141     3.9439     5.6362     52.942    171.768    176.133    0.00111    7.44935   10.64587  324.44261   16.64206 3.6382e-02     0.9657     0.8652    80.5493 0.0000e+00
        507 110.823778    0.03512     2.1070    126.420     74.712  51891.320    31.9801     3.7130     74.000     3.7153    25.4122     3.9496     5.6444     53.043    172.018    176.389    0.00177    7.44605   10.64114  324.29920   16.63524 3.6382e-02     0.9878     0.8623    80.6083 0.0000e+00
        510 110.823789    0.03537     2.1219    127.316     75.721  51849.870    31.9517     3.7144     75.000     3.6931    25.3895     3.9511     5.6466     53.056    172.089    176.459    0.00134    7.44722   10.64282  324.35757   16.63813 3.6382e-02     0.9613     0.8728    80.3980 0.0000e+00
        514 110.823799    0.03562     2.1373    128.236     76.732  51904.809    31.9815     3.6860     76.000     3.6927    25.4158     3.9589     5.6576     53.133    172.422    176.804    0.00144    7.45091   10.64810  324.51010   16.64527 3.6382e-02     1.0701     0.9061    79.7305 0.0000e+00
        518 110.823810    0.03587     2.1525    129.149     77.742  51956.510    32.0250     3.7211     77.000     3.7506    25.4472     3.9564     5.6540     53.161    172.307    176.691    0.00141    7.44230   10.63579  324.12515   16.62679 3.6382e-02     1.1272     0.8988    79.8756 0.0000e+00
        521 110.823820    0.03612     2.1675    130.052     78.751  51915.828    32.0104     3.7757     78.000     3.7853    25.4304     3.9509     5.6462     53.153    172.071    176.446    0.00090    7.43311   10.62265  323.72983   16.60805 3.6382e-02     1.0025     0.8554    80.7468 0.0000e+00
        525 110.823831    0.03638     2.1828    130.969     79.761  51902.709    32.0065     3.7980     79.000     3.7979    25.4252     3.9487     5.6431     53.151    171.976    176.349    0.00062    7.42924   10.61712  323.56309   16.60014 3.6382e-02     1.0190     0.8445    80.9671 0.0000e+00
        528 110.823841    0.03663     2.1978    131.866     80.771  51902.321    32.0075     3.8055     80.000     3.8027    25.4254     3.9553     5.6525     53.250    172.263    176.644    0.00107    7.42783   10.61510  323.50156   16.59720 3.6382e-02     0.9697     0.8239    81.3856 0.0000e+00
        532 110.823851    0.03687     2.2126    132.755     81.778  51900.499    32.0066     3.8091     81.000     3.8048    25.4244     3.9553     5.6525     53.254    172.263    176.643    0.00100    7.42722   10.61424  323.47541   16.59596 3.6382e-02     1.1260     0.8188    81.4893 0.0000e+00
        536 110.823862    0.03714     2.2283    133.700     82.793  51901.958    32.0076     3.8108     82.000     3.8062    25.4250     3.9552     5.6524     53.256    172.262    176.641    0.00046    7.42686   10.61373  323.45962   16.59520 3.6382e-02     0.8074     0.8169    81.5281 0.0000e+00
        539 110.823873    0.03738     2.2431    134.586     83.801  51903.751    32.0085     3.8114     83.000     3.8059    25.4256     3.9591     5.6579     53.309    172.430    176.814    0.00078    7.42671   10.61351  323.45307   16.59490 3.6382e-02     0.7656     0.8149    81.5683 0.0000e+00
        543 110.823882    0.03763     2.2576    135.454     84.807  51903.747    32.0076     3.8103     84.000     3.8010    25.4251     3.9589     5.6577     53.305    172.422    176.806    0.00057    7.42695   10.61385  323.46363   16.59540 3.6382e-02     0.8081     0.8492    80.8709 0.0000e+00
        547 110.823894    0.03789     2.2734    136.403     85.821  51913.199    32.0117     3.8027     85.000     3.7949    25.4290     3.9673     5.6697     53.410    172.788    177.182    0.00095    7.42812   10.61551  323.51289   16.59773 3.6382e-02     0.8119     0.8733    80.3870 0.0000e+00
        550 110.823904    0.03814     2.2887    137.323     86.832  51920.588    32.0154     3.7996     86.000     3.7935    25.4323     3.9699     5.6733     53.441    172.897    177.294    0.00118    7.42850   10.61608  323.52892   16.59848 3.6382e-02     0.8824     0.8477    80.9021 0.0000e+00
        554 110.823914    0.03838     2.3030    138.181     87.837  51924.911    32.0177     3.7988     87.000     3.7936    25.4341     3.9669     5.6692     53.401    172.770    177.163    0.00039    7.42853   10.61611  323.52931   16.59849 3.6382e-02     0.7819     0.8369    81.1211 0.0000e+00
        557 110.823925    0.03864     2.3184    139.105     88.850  51935.524    32.0249     3.8007     88.000     3.7984    25.4397     3.9678     5.6703     53.418    172.803    177.199    0.00031    7.42781   10.61510  323.49671   16.59690 3.6382e-02     0.7244     0.8276    81.3114 0.0000e+00
        561 110.823935    0.03890     2.3339    140.037     89.861  51939.747    32.0287     3.8068     89.000     3.8028    25.4422     3.9707     5.6744     53.466    172.929    177.329    0.00054    7.42654   10.61326  323.44021   16.59421 3.6382e-02     0.7740     0.8158    81.5493 0.0000e+00
        565 110.823946    0.03915     2.3487    140.923     90.868  51939.580    32.0286     3.8088     90.000     3.8032    25.4419     3.9710     5.6751     53.475    172.949    177.349    0.00047    7.42617   10.61274  323.42426   16.59344 3.6382e-02     0.7189     0.8245    81.3725 0.0000e+00
        568 110.823956    0.03939     2.3636    141.819     91.880  51940.914    32.0291     3.8093     91.000     3.8037    25.4423     3.9723     5.6769     53.492    173.004    177.405    0.00041    7.42606   10.61259  323.41942   16.59321 3.6382e-02     0.6514     0.8323    81.2145 0.0000e+00
        572 110.823967    0.03964     2.3788    142.725     92.888  51936.770    32.0258     3.8094     92.000     3.7985    25.4396     3.9755     5.6813     53.533    173.141    177.545    0.00058    7.42621   10.61280  323.42671   16.59357 3.6382e-02     0.7183     0.8421    81.0152 0.0000e+00
        576 110.823977    0.03990     2.3939    143.633     93.900  51920.069    32.0096     3.7920     93.000     3.7692    25.4284     3.9779     5.6848     53.538    173.248    177.654    0.00043    7.43018   10.61848  323.60336   16.60204 3.6382e-02     0.6301     1.0200    77.5094 0.0000e+00
        579 110.823987    0.04014     2.4083    144.500     94.907  51945.260    32.0198     3.7662     94.000     3.7525    25.4389     3.9855     5.6958     53.610    173.579    177.995    0.00064    7.43434   10.62442  323.78114   16.61045 3.6382e-02     0.6174     1.1912    74.2454 0.0000e+00
        583 110.823998    0.04040     2.4238    145.430     95.918  51959.989    32.0265     3.7550     95.000     3.7475    25.4453     3.9897     5.7017     53.654    173.760    178.181    0.00099    7.43604   10.62685  323.85317   16.61385 3.6382e-02     0.5997     1.2207    73.6998 0.0000e+00
        586 110.824009    0.04066     2.4394    146.363     96.931  51961.707    32.0265     3.7524     96.000     3.7448    25.4456     3.9896     5.7015     53.648    173.754    178.175    0.00052    7.43653   10.62755  323.87441   16.61486 3.6382e-02     0.7033     1.2517    73.1301 0.0000e+00
        590 110.824019    0.04090     2.4540    147.239     97.936  51963.992    32.0270     3.7502     97.000     3.7440    25.4462     3.9908     5.7033     53.662    173.808    178.230    0.00052    7.43691   10.62808  323.89043   16.61562 3.6382e-02     0.7540     1.2580    73.0154 0.0000e+00
        594 110.824030    0.04116     2.4696    148.179     98.937  51964.852    32.0271     3.7503     98.000     3.7440    25.4463     3.9927     5.7061     53.689    173.893    178.317    0.00043    7.43688   10.62805  323.88933   16.61557 3.6382e-02     0.6700     1.2781    72.6483 0.0000e+00
