CTD-processing/allCTD/CNV/2017_02-07_t9_s10_cast026_4141.cnv
* Sea-Bird SBE19plus Data File:
* FileName = C:\Users\jwschloemer\Documents\CTD Data\2017_02_07_T9\2017_02_07_T9_cast026.hex
* Software Version 1.59
* Temperature SN =  4141
* Conductivity SN =  4141
* System UpLoad Time = Mar 06 2017 11:00:04
** Cook Inlet LTM Homer Along Bay
** Date: 2017-01-11
** Station:10
** Start Time (AKST):10:35
** Depth (m):64
** Comment: R/V Edgecumbe
# nquan = 27
# nvalues = 58                          
# units = specified
# name 0 = scan: Scan Count
# name 1 = timeJ: Julian Days
# name 2 = timeH: Time, Elapsed [hours]
# name 3 = timeM: Time, Elapsed [minutes]
# name 4 = timeS: Time, Elapsed [seconds]
# name 5 = prdM: Pressure, Strain Gauge [db]
# name 6 = specc: Specific Conductance [uS/cm]
# name 7 = sal00: Salinity, Practical [PSU]
# name 8 = tv290C: Temperature [ITS-90, deg C]
# name 9 = depSM: Depth [salt water, m], lat = 59.00
# name 10 = potemp090C: Potential Temperature [ITS-90, deg C]
# name 11 = sigma-é00: Density [sigma-theta, kg/m^3]
# name 12 = sbeox0ML/L: Oxygen, SBE 43 [ml/l]
# name 13 = sbeox0Mg/L: Oxygen, SBE 43 [mg/l]
# name 14 = sbeox0PS: Oxygen, SBE 43 [% saturation]
# name 15 = sbox0Mm/Kg: Oxygen, SBE 43 [umol/kg]
# name 16 = sbeox0Mm/L: Oxygen, SBE 43 [umol/l]
# name 17 = sbox0dV/dT: Oxygen, SBE 43 [dov/dt]
# name 18 = oxsolML/L: Oxygen Saturation, Garcia & Gordon [ml/l]
# name 19 = oxsolMg/L: Oxygen Saturation, Garcia & Gordon [mg/l]
# name 20 = oxsolMm/Kg: Oxygen Saturation, Garcia & Gordon [umol/kg]
# name 21 = n2satMg/L: Nitrogen Saturation [mg/l]
# name 22 = par: PAR/Irradiance, Biospherical/Licor
# name 23 = wetStar: Fluorescence, WET Labs WETstar [mg/m^3]
# name 24 = CStarAt0: Beam Attenuation, WET Labs C-Star [1/m]
# name 25 = CStarTr0: Beam Transmission, WET Labs C-Star [%]
# name 26 = flag: flag
# span 0 =        281,        561       
# span 1 =  38.442603,  38.443414       
# span 2 =    0.01941,    0.03887       
# span 3 =     1.1649,     2.3324       
# span 4 =     69.896,    139.944       
# span 5 =      1.040,     58.514       
# span 6 =  51076.283,  51399.048       
# span 7 =    31.0271,    31.6378       
# span 8 =     1.9879,     4.4297       
# span 9 =      1.000,     58.000       
# span 10 =     1.9885,     4.4255      
# span 11 =    24.7906,    25.1152      
# span 12 =     3.4173,     3.6928      
# span 13 =     4.8837,     5.2773      
# span 14 =     43.679,     50.343      
# span 15 =    148.925,    160.886      
# span 16 =    152.618,    164.917      
# span 17 =   -0.00009,    0.01007      
# span 18 =    7.33511,    7.82382      
# span 19 =   10.48260,   11.18103      
# span 20 =  319.57845,  340.95892      
# span 21 =   16.41218,   17.43035      
# span 22 = 3.6811e-02, 2.5626e+01      
# span 23 =     0.3793,     0.6920      
# span 24 =     0.5908,     0.8078      
# span 25 =    81.7146,    86.2701      
# span 26 = 0.0000e+00, 0.0000e+00      
# interval = meters: 1                  
# start_time = Feb 07 2017 10:36:11 [Instrument's time stamp, header]
# bad_flag = -9.990e-29
*END*
        281  38.442603    0.01941     1.1649     69.896      1.040  51107.969    31.0282     1.9887      1.000     1.9889    24.7915     3.4173     4.8837     43.679    148.925    152.618   -0.00009    7.82367   11.18082  340.95258   17.43005 2.5626e+01     0.5676     0.7873    82.1323 0.0000e+00
        286  38.442618    0.01977     1.1863     71.178      2.017  51108.654    31.0281     1.9890      2.000     1.9885    24.7915     3.4974     4.9981     44.704    152.415    156.194    0.00671    7.82362   11.18073  340.95007   17.42993 1.9227e+01     0.5739     0.7879    82.1208 0.0000e+00
        291  38.442632    0.02011     1.2067     72.404      3.028  51110.876    31.0287     1.9879      3.000     1.9887    24.7920     3.5453     5.0665     45.314    154.502    158.332    0.01007    7.82382   11.18103  340.95892   17.43035 1.4918e+01     0.5936     0.7896    82.0867 0.0000e+00
        295  38.442646    0.02044     1.2261     73.566      4.038  51111.651    31.0295     1.9908      4.000     1.9914    24.7925     3.4990     5.0004     44.726    152.486    156.266    0.00209    7.82320   11.18013  340.93139   17.42904 1.2502e+01     0.6021     0.7800    82.2828 0.0000e+00
        300  38.442659    0.02076     1.2460     74.757      5.047  51108.705    31.0271     1.9911      5.000     1.9896    24.7906     3.4961     4.9963     44.689    152.360    156.137    0.00080    7.82327   11.18024  340.93556   17.42925 1.0310e+01     0.6115     0.7830    82.2217 0.0000e+00
        305  38.442673    0.02109     1.2653     75.915      6.056  51113.693    31.0292     1.9885      6.000     1.9893    24.7924     3.5191     5.0291     44.980    153.359    157.161    0.00259    7.82366   11.18080  340.95177   17.43000 8.8120e+00     0.6319     0.7796    82.2923 0.0000e+00
        309  38.442686    0.02142     1.2853     77.120      7.069  51121.315    31.0351     1.9935      7.000     1.9981    24.7968     3.5101     5.0163     44.873    152.968    156.762    0.00153    7.82237   11.17894  340.89369   17.42723 7.3326e+00     0.6543     0.7849    82.1827 0.0000e+00
        314  38.442700    0.02175     1.3048     78.286      8.073  51112.525    31.0314     2.0029      8.000     2.0026    24.7932     3.5062     5.0107     44.832    152.797    156.585    0.00012    7.82071   11.17657  340.82258   17.42387 6.1704e+00     0.6640     0.7825    82.2323 0.0000e+00
        319  38.442714    0.02209     1.3254     79.525      9.086  51113.666    31.0312     2.0013      9.000     2.0011    24.7931     3.5294     5.0439     45.127    153.810    157.623    0.00238    7.82101   11.17701  340.83597   17.42450 5.0728e+00     0.6053     0.7851    82.1798 0.0000e+00
        324  38.442729    0.02244     1.3461     80.768     10.095  51112.016    31.0294     2.0006     10.000     1.9995    24.7917     3.5306     5.0457     45.142    153.864    157.679    0.00181    7.82125   11.17735  340.84697   17.42503 4.2305e+00     0.6236     0.7834    82.2145 0.0000e+00
        329  38.442743    0.02278     1.3668     82.007     11.099  51128.792    31.0409     2.0034     11.000     2.0117    24.8007     3.5358     5.0531     45.215    154.090    157.911    0.00155    7.82009   11.17568  340.79302   17.42243 3.4679e+00     0.6092     0.7898    82.0836 0.0000e+00
        334  38.442759    0.02316     1.3895     83.369     12.120  51111.836    31.0361     2.0282     12.000     2.0295    24.7952     3.5447     5.0657     45.355    154.475    158.305    0.00207    7.81543   11.16902  340.59198   17.41291 2.8585e+00     0.6172     0.7907    82.0623 0.0000e+00
        339  38.442773    0.02350     1.4104     84.624     13.120  51121.524    31.0425     2.0299     13.000     2.0359    24.8002     3.5547     5.0800     45.487    154.910    158.752    0.00224    7.81474   11.16804  340.55999   17.41136 2.3587e+00     0.6299     0.7928    82.0200 0.0000e+00
        345  38.442789    0.02389     1.4332     85.995     14.134  51116.875    31.0455     2.0532     14.000     2.0572    24.8010     3.5593     5.0866     45.574    155.112    158.959    0.00218    7.80998   11.16124  340.35248   17.40151 1.9267e+00     0.6213     0.7917    82.0419 0.0000e+00
        350  38.442804    0.02423     1.4537     87.221     15.141  51107.185    31.0404     2.0601     15.000     2.0603    24.7965     3.5706     5.1027     45.725    155.604    159.463    0.00239    7.80889   11.15967  340.30643   17.39934 1.5850e+00     0.6280     0.8011    81.8501 0.0000e+00
        355  38.442818    0.02457     1.4745     88.470     16.154  51104.103    31.0382     2.0612     16.000     2.0595    24.7946     3.5771     5.1120     45.808    155.887    159.752    0.00233    7.80878   11.15953  340.30250   17.39916 1.2940e+00     0.6337     0.8015    81.8415 0.0000e+00
        359  38.442831    0.02489     1.4935     89.609     17.161  51106.882    31.0390     2.0593     17.000     2.0587    24.7954     3.5837     5.1215     45.892    156.175    160.048    0.00198    7.80913   11.16003  340.31740   17.39987 1.0631e+00     0.6369     0.8078    81.7146 0.0000e+00
        364  38.442844    0.02522     1.5129     90.773     18.171  51107.858    31.0393     2.0603     18.000     2.0590    24.7956     3.5903     5.1308     45.977    156.462    160.341    0.00204    7.80889   11.15969  340.30732   17.39938 8.7039e-01     0.6920     0.8039    81.7949 0.0000e+00
        369  38.442858    0.02553     1.5317     91.902     19.178  51110.929    31.0405     2.0590     19.000     2.0584    24.7966     3.6037     5.1501     46.147    157.047    160.942    0.00263    7.80911   11.16000  340.31612   17.39980 7.1814e-01     0.6797     0.8013    81.8466 0.0000e+00
        373  38.442871    0.02586     1.5520     93.119     20.190  51112.675    31.0416     2.0607     20.000     2.0610    24.7974     3.6118     5.1616     46.254    157.400    161.304    0.00261    7.80869   11.15940  340.29773   17.39892 5.8966e-01     0.6660     0.7962    81.9507 0.0000e+00
        378  38.442885    0.02619     1.5714     94.285     21.198  51110.395    31.0402     2.0628     21.000     2.0614    24.7961     3.6208     5.1745     46.371    157.792    161.705    0.00252    7.80837   11.15895  340.28425   17.39829 4.8381e-01     0.6265     0.7962    81.9506 0.0000e+00
        383  38.442900    0.02654     1.5925     95.551     22.213  51110.054    31.0390     2.0613     22.000     2.0595    24.7952     3.6245     5.1798     46.416    157.955    161.872    0.00202    7.80875   11.15947  340.30054   17.39907 3.9844e-01     0.6217     0.7960    81.9545 0.0000e+00
        388  38.442913    0.02686     1.6115     96.690     23.212  51106.130    31.0347     2.0575     23.000     2.0525    24.7921     3.6356     5.1956     46.552    158.438    162.366    0.00225    7.80972   11.16086  340.34407   17.40115 3.2653e-01     0.6439     0.8024    81.8234 0.0000e+00
        393  38.442929    0.02723     1.6342     98.050     24.236  51114.147    31.0368     2.0478     24.000     2.0458    24.7944     3.6426     5.2056     46.632    158.744    162.680    0.00209    7.81151   11.16343  340.42145   17.40481 2.6979e-01     0.6546     0.7991    81.8926 0.0000e+00
        398  38.442942    0.02755     1.6529     99.175     25.229  51119.040    31.0401     2.0498     25.000     2.0493    24.7970     3.6502     5.2164     46.732    159.073    163.017    0.00209    7.81093   11.16260  340.39544   17.40357 2.2273e-01     0.6484     0.8019    81.8337 0.0000e+00
        403  38.442958    0.02794     1.6763    100.577     26.253  51151.048    31.0588     2.0420     26.000     2.0703    24.8124     3.6563     5.2252     46.806    159.335    163.288    0.00177    7.81149   11.16340  340.41457   17.40440 1.8427e-01     0.6604     0.8017    81.8387 0.0000e+00
        408  38.442973    0.02829     1.6977    101.863     27.257  51399.048    31.2910     2.2785     27.000     2.4007    24.9813     3.6374     5.1983     46.919    158.490    162.449    0.00222    7.75264   11.07930  337.79442   17.27912 1.5406e-01     0.6739     0.7863    82.1538 0.0000e+00
        414  38.442988    0.02866     1.7195    103.170     28.263  51161.396    31.1894     2.4882     28.000     2.5159    24.8846     3.6219     5.1762     46.935    157.830    161.758    0.00151    7.71716   11.02860  336.28024   17.20764 1.2947e-01     0.6313     0.7783    82.3180 0.0000e+00
        419  38.443004    0.02906     1.7432    104.592     29.279  51172.856    31.2201     2.5745     29.000     2.6083    24.9027     3.6315     5.1898     47.169    158.241    162.182    0.00281    7.69884   11.00241  335.47595   17.16933 1.0996e-01     0.6355     0.7734    82.4195 0.0000e+00
        425  38.443020    0.02941     1.7649    105.895     30.283  51199.724    31.2662     2.6797     30.000     2.7245    24.9313     3.6310     5.1890     47.302    158.215    162.159    0.00285    7.67616   10.97001  334.47866   17.12180 9.4540e-02     0.6201     0.7583    82.7325 0.0000e+00
        430  38.443035    0.02978     1.7867    107.202     31.298  51327.091    31.3905     2.8250     31.000     2.9307    25.0191     3.6198     5.1730     47.368    157.714    161.660    0.00234    7.64188   10.92101  332.95604   17.04898 8.2551e-02     0.6169     0.7143    83.6469 0.0000e+00
        435  38.443049    0.03011     1.8065    108.388     32.303  51246.034    31.4060     3.0943     32.000     3.1656    25.0093     3.6008     5.1460     47.442    156.891    160.815    0.00239    7.59008   10.84699  330.70246   16.94188 7.4007e-02     0.6221     0.6637    84.7118 0.0000e+00
        439  38.443062    0.03045     1.8269    109.613     33.317  51136.293    31.3682     3.2369     33.000     3.2601    24.9672     3.5978     5.1416     47.557    156.764    160.677    0.00236    7.56520   10.81143  329.63215   16.89117 6.7056e-02     0.5985     0.6408    85.1966 0.0000e+00
        444  38.443076    0.03075     1.8453    110.715     34.319  51114.173    31.3638     3.2805     34.000     3.2928    24.9600     3.6069     5.1546     47.728    157.160    161.083    0.00311    7.55728   10.80011  329.28901   16.87489 6.1874e-02     0.5785     0.6382    85.2526 0.0000e+00
        449  38.443090    0.03110     1.8662    111.972     35.341  51110.055    31.3699     3.3173     35.000     3.3270    24.9617     3.6110     5.1605     47.828    157.340    161.267    0.00267    7.55007   10.78981  328.97434   16.85991 5.7587e-02     0.5536     0.6198    85.6431 0.0000e+00
        453  38.443102    0.03140     1.8840    113.040     36.338  51117.203    31.3812     3.3446     36.000     3.3575    24.9683     3.6210     5.1748     47.996    157.776    161.715    0.00322    7.54441   10.78172  328.72579   16.84806 5.3868e-02     0.5448     0.6194    85.6540 0.0000e+00
        458  38.443116    0.03174     1.9043    114.261     37.353  51127.961    31.3973     3.3815     37.000     3.4001    24.9779     3.6215     5.1754     48.051    157.794    161.735    0.00257    7.53671   10.77072  328.38721   16.83191 5.0819e-02     0.5342     0.6050    85.9634 0.0000e+00
        463  38.443131    0.03207     1.9246    115.473     38.362  51148.029    31.4258     3.4426     38.000     3.4723    24.9952     3.6198     5.1731     48.110    157.718    161.660    0.00210    7.52392   10.75242  327.82402   16.80502 4.8576e-02     0.5411     0.5937    86.2060 0.0000e+00
        468  38.443144    0.03241     1.9447    116.681     39.371  51350.025    31.5877     3.5437     39.000     3.6888    25.1152     3.6135     5.1640     48.200    157.425    161.379    0.00214    7.49699   10.71394  326.61243   16.74679 4.6527e-02     0.5337     0.6107    85.8426 0.0000e+00
        473  38.443159    0.03275     1.9646    117.879     40.382  51215.098    31.5857     3.9109     40.000     3.9766    25.0799     3.5775     5.1126     48.151    155.863    159.772    0.00123    7.42982   10.61797  323.69785   16.60824 4.4842e-02     0.5041     0.6143    85.7642 0.0000e+00
        478  38.443173    0.03310     1.9857    119.139     41.395  51092.680    31.5253     4.0092     41.000     4.0216    25.0224     3.5859     5.1246     48.359    156.236    160.146    0.00234    7.41510   10.59693  323.07445   16.57884 4.3425e-02     0.4929     0.5952    86.1755 0.0000e+00
        482  38.443186    0.03339     2.0038    120.229     42.395  51076.283    31.5191     4.0322     42.000     4.0355    25.0153     3.6034     5.1496     48.620    156.998    160.926    0.00373    7.41125   10.59142  322.90882   16.57099 4.2397e-02     0.4426     0.6045    85.9736 0.0000e+00
        487  38.443200    0.03374     2.0247    121.480     43.420  51112.844    31.5482     4.0519     43.000     4.0735    25.0365     3.6177     5.1701     48.848    157.624    161.570    0.00420    7.40624   10.58427  322.68386   16.56017 4.1579e-02     0.4635     0.6016    86.0358 0.0000e+00
        491  38.443212    0.03404     2.0422    122.530     44.413  51108.900    31.5579     4.1063     44.000     4.1232    25.0390     3.6121     5.1620     48.838    157.374    161.314    0.00294    7.39594   10.56954  322.23438   16.53876 4.0573e-02     0.4273     0.6114    85.8255 0.0000e+00
        496  38.443226    0.03438     2.0629    123.776     45.431  51099.511    31.5612     4.1500     45.000     4.1605    25.0374     3.6146     5.1656     48.926    157.485    161.428    0.00255    7.38792   10.55807  321.88517   16.52214 3.9913e-02     0.4171     0.6112    85.8296 0.0000e+00
        501  38.443240    0.03471     2.0825    124.948     46.440  51091.087    31.5616     4.1778     46.000     4.1832    25.0350     3.6123     5.1623     48.928    157.384    161.324    0.00156    7.38291   10.55092  321.66776   16.51179 3.9395e-02     0.4123     0.6057    85.9479 0.0000e+00
        506  38.443254    0.03505     2.1028    126.166     47.449  51079.284    31.5567     4.1935     47.000     4.1926    25.0296     3.6251     5.1806     49.118    157.945    161.898    0.00252    7.38035   10.54725  321.55792   16.50659 3.8947e-02     0.4148     0.5908    86.2701 0.0000e+00
        511  38.443269    0.03539     2.1232    127.394     48.458  51084.744    31.5616     4.2009     48.000     4.2015    25.0328     3.6325     5.1912     49.229    158.265    162.227    0.00249    7.37877   10.54500  321.48802   16.50325 3.8543e-02     0.4203     0.5908    86.2695 0.0000e+00
        516  38.443283    0.03573     2.1443    128.655     49.468  51088.559    31.5660     4.2110     49.000     4.2128    25.0353     3.6379     5.1990     49.316    158.502    162.470    0.00236    7.37674   10.54210  321.39899   16.49899 3.8199e-02     0.4184     0.5965    86.1461 0.0000e+00
        521  38.443297    0.03608     2.1647    129.882     50.476  51088.433    31.5685     4.2236     50.000     4.2249    25.0360     3.6398     5.2017     49.358    158.585    162.556    0.00165    7.37435   10.53869  321.29474   16.49403 3.7892e-02     0.4145     0.6010    86.0502 0.0000e+00
        526  38.443313    0.03645     2.1868    131.210     51.490  51091.865    31.5729     4.2349     51.000     4.2378    25.0384     3.6522     5.2194     49.541    159.124    163.108    0.00259    7.37211   10.53547  321.19597   16.48931 3.7611e-02     0.4275     0.6006    86.0574 0.0000e+00
        531  38.443328    0.03681     2.2084    132.503     52.496  51098.686    31.5820     4.2559     52.000     4.2606    25.0435     3.6540     5.2220     49.593    159.200    163.188    0.00187    7.36791   10.52947  321.01140   16.48050 3.7483e-02     0.4598     0.6062    85.9386 0.0000e+00
        536  38.443343    0.03717     2.2305    133.831     53.507  51091.757    31.5808     4.2733     53.000     4.2742    25.0409     3.6626     5.2341     49.730    159.573    163.569    0.00226    7.36485   10.52512  320.87936   16.47422 3.7340e-02     0.4184     0.6150    85.7485 0.0000e+00
