CTD-processing/allCTD/CNV/2017_04-20_t4_s05_cast143_4141.cnv
* Sea-Bird SBE19plus Data File:
* FileName = P:\My Documents\kasitsna\Research-KBL\Oceanography-AK\CTD-Data-ALL-to-2017-02\2017-CTD-KachemakBay-CookInlet\2017-04-20-CookInlet-Tran4-Barabara\2017-04-20-CookInlet-Tran4-cast143.hex
* Software Version 1.59
* Temperature SN =  4141
* Conductivity SN =  4141
* System UpLoad Time = Apr 24 2017 16:26:46
** Cook Inlet LTM Transect 4 Barabara north to south
** Date: 2017-04-20
** Station: (eg. 9-01): 4-05
** Start time (AKDT): 14:42
** Depth (m): 77.1
** Comment: R/V Alaska Dreamcatcher
** Comment:
# nquan = 27
# nvalues = 76                          
# units = specified
# name 0 = scan: Scan Count
# name 1 = timeJ: Julian Days
# name 2 = timeH: Time, Elapsed [hours]
# name 3 = timeM: Time, Elapsed [minutes]
# name 4 = timeS: Time, Elapsed [seconds]
# name 5 = prdM: Pressure, Strain Gauge [db]
# name 6 = specc: Specific Conductance [uS/cm]
# name 7 = sal00: Salinity, Practical [PSU]
# name 8 = tv290C: Temperature [ITS-90, deg C]
# name 9 = depSM: Depth [salt water, m], lat = 59.00
# name 10 = potemp090C: Potential Temperature [ITS-90, deg C]
# name 11 = sigma-é00: Density [sigma-theta, kg/m^3]
# name 12 = sbeox0ML/L: Oxygen, SBE 43 [ml/l]
# name 13 = sbeox0Mg/L: Oxygen, SBE 43 [mg/l]
# name 14 = sbeox0PS: Oxygen, SBE 43 [% saturation]
# name 15 = sbox0Mm/Kg: Oxygen, SBE 43 [umol/kg]
# name 16 = sbeox0Mm/L: Oxygen, SBE 43 [umol/l]
# name 17 = sbox0dV/dT: Oxygen, SBE 43 [dov/dt]
# name 18 = oxsolML/L: Oxygen Saturation, Garcia & Gordon [ml/l]
# name 19 = oxsolMg/L: Oxygen Saturation, Garcia & Gordon [mg/l]
# name 20 = oxsolMm/Kg: Oxygen Saturation, Garcia & Gordon [umol/kg]
# name 21 = n2satMg/L: Nitrogen Saturation [mg/l]
# name 22 = par: PAR/Irradiance, Biospherical/Licor
# name 23 = wetStar: Fluorescence, WET Labs WETstar [mg/m^3]
# name 24 = CStarAt0: Beam Attenuation, WET Labs C-Star [1/m]
# name 25 = CStarTr0: Beam Transmission, WET Labs C-Star [%]
# name 26 = flag: flag
# span 0 =        124,        541       
# span 1 = 110.613433, 110.614642       
# span 2 =    0.00851,    0.03753       
# span 3 =     0.5105,     2.2520       
# span 4 =     30.632,    135.120       
# span 5 =      1.015,     76.721       
# span 6 =  51063.668,  51954.769       
# span 7 =    31.8713,    32.0678       
# span 8 =     3.8960,     5.9426       
# span 9 =      1.000,     76.000       
# span 10 =     3.8910,     5.9285      
# span 11 =    25.1306,    25.4647      
# span 12 =     3.2957,     3.8987      
# span 13 =     4.7099,     5.5717      
# span 14 =     46.673,     52.626      
# span 15 =    143.562,    169.794      
# span 16 =    147.186,    174.117      
# span 17 =   -0.00166,    0.00454      
# span 18 =    7.05613,    7.40842      
# span 19 =   10.08390,   10.58736      
# span 20 =  307.37816,  322.64374      
# span 21 =   15.82965,   16.55617      
# span 22 = 3.6382e-02, 1.6327e+02      
# span 23 =     0.5272,    15.7097      
# span 24 =     0.4539,     2.8191      
# span 25 =    53.7532,    89.2724      
# span 26 = 0.0000e+00, 0.0000e+00      
# interval = meters: 1                  
# start_time = Apr 20 2017 14:42:50 [Instrument's time stamp, header]
# bad_flag = -9.990e-29
*END*
[from data line 54]
        459 110.614405    0.03184     1.9100    114.599     55.527  51830.006    32.0555     4.1518     55.000     4.1421    25.4300     3.8198     5.4589     51.878    166.363    170.594    0.00110    7.36302   10.52249  320.67757   16.46270 3.7276e-02     1.9918     0.5196    87.8181 0.0000e+00
        463 110.614416    0.03210     1.9260    115.561     56.538  51821.978    32.0452     4.1335     56.000     4.1140    25.4236     3.8266     5.4686     51.944    166.659    170.896    0.00121    7.36679   10.52788  320.84390   16.47066 3.6881e-02     1.7351     0.5346    87.4903 0.0000e+00
        467 110.614427    0.03237     1.9420    116.519     57.545  51841.643    32.0508     4.1035     57.000     4.0886    25.4310     3.8381     5.4850     52.063    167.158    171.409    0.00170    7.37189   10.53518  321.06397   16.48110 3.6700e-02     1.6845     0.5269    87.6573 0.0000e+00
        471 110.614439    0.03265     1.9588    117.528     58.556  51855.964    32.0555     4.0842     58.000     4.0725    25.4366     3.8436     5.4929     52.116    167.399    171.657    0.00175    7.37513   10.53980  321.20307   16.48770 3.6564e-02     1.4598     0.5189    87.8327 0.0000e+00
        475 110.614451    0.03293     1.9756    118.538     59.567  51865.604    32.0582     4.0703     59.000     4.0594    25.4402     3.8410     5.4891     52.063    167.282    171.537    0.00064    7.37749   10.54317  321.30444   16.49251 3.6616e-02     1.4683     0.5198    87.8126 0.0000e+00
        479 110.614462    0.03320     1.9919    119.516     60.576  51856.225    32.0470     4.0527     60.000     4.0321    25.4330     3.8488     5.5002     52.143    167.622    171.885    0.00087    7.38121   10.54847  321.46854   16.50036 3.6603e-02     1.5409     0.5260    87.6776 0.0000e+00
        483 110.614473    0.03346     2.0077    120.459     61.583  51865.823    32.0453     4.0209     61.000     3.9999    25.4347     3.8556     5.5101     52.195    167.922    172.193    0.00119    7.38701   10.55678  321.72131   16.51239 3.6422e-02     1.3432     0.5402    87.3660 0.0000e+00
        487 110.614484    0.03373     2.0241    121.445     62.595  51887.953    32.0528     3.9914     62.000     3.9786    25.4435     3.8607     5.5173     52.228    168.140    172.418    0.00092    7.39194   10.56381  321.93277   16.52242 3.6408e-02     1.1584     0.5730    86.6529 0.0000e+00
        491 110.614496    0.03401     2.0404    122.426     63.603  51904.154    32.0600     3.9777     63.000     3.9708    25.4505     3.8709     5.5319     52.351    168.583    172.874    0.00162    7.39405   10.56682  322.02238   16.52665 3.6410e-02     1.0688     0.5911    86.2612 0.0000e+00
        495 110.614507    0.03429     2.0574    123.444     64.617  51907.138    32.0601     3.9722     64.000     3.9657    25.4512     3.8675     5.5270     52.298    168.434    172.721    0.00073    7.39505   10.56825  322.06561   16.52870 3.6442e-02     0.9248     0.5996    86.0807 0.0000e+00
        499 110.614519    0.03455     2.0733    124.399     65.622  51912.505    32.0625     3.9689     65.000     3.9644    25.4535     3.8711     5.5321     52.343    168.588    172.880    0.00073    7.39551   10.56893  322.08533   16.52963 3.6395e-02     0.7636     0.6006    86.0576 0.0000e+00
        502 110.614529    0.03482     2.0894    125.363     66.633  51915.730    32.0642     3.9691     66.000     3.9653    25.4548     3.8732     5.5352     52.373    168.684    172.978    0.00071    7.39537   10.56873  322.07893   16.52932 3.6388e-02     0.7563     0.5799    86.5051 0.0000e+00
        506 110.614541    0.03510     2.1059    126.355     67.644  51911.106    32.0603     3.9682     67.000     3.9604    25.4518     3.8755     5.5383     52.401    168.781    173.077    0.00072    7.39574   10.56926  322.09594   16.53015 3.6384e-02     0.7745     0.5739    86.6348 0.0000e+00
        510 110.614553    0.03537     2.1222    127.332     68.651  51907.389    32.0553     3.9601     68.000     3.9466    25.4486     3.8782     5.5423     52.426    168.901    173.200    0.00062    7.39746   10.57172  322.17196   16.53378 3.6384e-02     0.7695     0.5999    86.0738 0.0000e+00
        514 110.614564    0.03564     2.1386    128.318     69.664  51911.158    32.0519     3.9380     69.000     3.9216    25.4480     3.8811     5.5465     52.436    169.030    173.331    0.00046    7.40161   10.57765  322.35283   16.54240 3.6382e-02     0.6837     0.7099    83.7476 0.0000e+00
        518 110.614575    0.03591     2.1549    129.293     70.675  51928.024    32.0581     3.9182     70.000     3.9062    25.4548     3.8861     5.5537     52.481    169.246    173.554    0.00057    7.40488   10.58230  322.49255   16.54902 3.6388e-02     0.6744     0.8455    80.9543 0.0000e+00
        522 110.614586    0.03617     2.1702    130.211     71.681  51939.574    32.0621     3.9049     71.000     3.8957    25.4594     3.8909     5.5604     52.529    169.452    173.766    0.00078    7.40708   10.58546  322.58747   16.55352 3.6392e-02     0.7040     0.9847    78.1849 0.0000e+00
        526 110.614597    0.03643     2.1858    131.146     72.691  51948.894    32.0664     3.8985     72.000     3.8929    25.4633     3.8939     5.5648     52.564    169.585    173.903    0.00080    7.40803   10.58682  322.62762   16.55540 3.6394e-02     0.6681     1.0683    76.5607 0.0000e+00
        530 110.614608    0.03671     2.2023    132.136     73.702  51952.014    32.0677     3.8969     73.000     3.8919    25.4645     3.8927     5.5629     52.545    169.528    173.844    0.00042    7.40823   10.58710  322.63572   16.55579 3.6386e-02     0.5381     1.1241    75.5022 0.0000e+00
        534 110.614620    0.03698     2.2189    133.135     74.711  51952.316    32.0673     3.8966     74.000     3.8917    25.4642     3.8933     5.5639     52.552    169.556    173.874    0.00015    7.40832   10.58723  322.63985   16.55599 3.6429e-02     0.5420     1.2051    73.9883 0.0000e+00
        538 110.614632    0.03726     2.2358    134.148     75.724  51953.482    32.0675     3.8962     75.000     3.8911    25.4644     3.8987     5.5717     52.626    169.794    174.117    0.00082    7.40840   10.58733  322.64292   16.55613 3.6398e-02     0.6390     1.2701    72.7948 0.0000e+00
        541 110.614642    0.03753     2.2520    135.120     76.721  51954.769    32.0678     3.8960     76.000     3.8910    25.4647     3.8942     5.5651     52.564    169.595    173.913   -0.00010    7.40842   10.58736  322.64374   16.55617 3.6403e-02     0.5272     1.3340    71.6414 0.0000e+00
