CTD-processing/allCTD/CNV/2017_07-24_t9_s09_cast203_4141.cnv
* Sea-Bird SBE19plus Data File:
* FileName = P:\My Documents\kasitsna\Research-KBL\Oceanography-AK\CTD-Data-ALL-to-2017-02\2017-CTD-KachemakBay-CookInlet\2017-07-24-CookInlet-Tran9-HomerSpit\2017-07-24-CookInlet-Tran9-cast203.hex
* Software Version 1.59
* Temperature SN =  4141
* Conductivity SN =  4141
* System UpLoad Time = Jul 24 2017 19:40:14
** Cook Inlet LTM Transect 9 Homer Spit north to south
** Date: 2017-07-24
** Station: (eg. 9-01): to add
** Start time (AKDT): to add
** Depth (ft): to add
** Comment: R/V Edgecumbe.  Quarterly survey.
** Comment:
# nquan = 27
# nvalues = 66                          
# units = specified
# name 0 = scan: Scan Count
# name 1 = timeJ: Julian Days
# name 2 = timeH: Time, Elapsed [hours]
# name 3 = timeM: Time, Elapsed [minutes]
# name 4 = timeS: Time, Elapsed [seconds]
# name 5 = prdM: Pressure, Strain Gauge [db]
# name 6 = specc: Specific Conductance [uS/cm]
# name 7 = sal00: Salinity, Practical [PSU]
# name 8 = tv290C: Temperature [ITS-90, deg C]
# name 9 = depSM: Depth [salt water, m], lat = 59.00
# name 10 = potemp090C: Potential Temperature [ITS-90, deg C]
# name 11 = sigma-é00: Density [sigma-theta, kg/m^3]
# name 12 = sbeox0ML/L: Oxygen, SBE 43 [ml/l]
# name 13 = sbeox0Mg/L: Oxygen, SBE 43 [mg/l]
# name 14 = sbeox0PS: Oxygen, SBE 43 [% saturation]
# name 15 = sbox0Mm/Kg: Oxygen, SBE 43 [umol/kg]
# name 16 = sbeox0Mm/L: Oxygen, SBE 43 [umol/l]
# name 17 = sbox0dV/dT: Oxygen, SBE 43 [dov/dt]
# name 18 = oxsolML/L: Oxygen Saturation, Garcia & Gordon [ml/l]
# name 19 = oxsolMg/L: Oxygen Saturation, Garcia & Gordon [mg/l]
# name 20 = oxsolMm/Kg: Oxygen Saturation, Garcia & Gordon [umol/kg]
# name 21 = n2satMg/L: Nitrogen Saturation [mg/l]
# name 22 = par: PAR/Irradiance, Biospherical/Licor
# name 23 = wetStar: Fluorescence, WET Labs WETstar [mg/m^3]
# name 24 = CStarAt0: Beam Attenuation, WET Labs C-Star [1/m]
# name 25 = CStarTr0: Beam Transmission, WET Labs C-Star [%]
# name 26 = flag: flag
# span 0 =        261,        728       
# span 1 = 205.400047, 205.401398       
# span 2 =    0.01808,    0.05050       
# span 3 =     1.0846,     3.0296       
# span 4 =     65.076,    181.774       
# span 5 =      1.011,     66.582       
# span 6 =  43714.277,  50005.052       
# span 7 =    27.6182,    31.6191       
# span 8 =     8.4621,    11.6211       
# span 9 =      1.000,     66.000       
# span 10 =     8.4546,    11.4799      
# span 11 =    20.9296,    24.5533      
# span 12 =     2.4810,     2.7443      
# span 13 =     3.5456,     3.9219      
# span 14 =     38.817,     41.101      
# span 15 =    108.530,    119.624      
# span 16 =    110.801,    122.560      
# span 17 =   -0.00059,    0.00270      
# span 18 =    6.39148,    6.67693      
# span 19 =    9.13406,    9.54200      
# span 20 =  279.59310,  291.04601      
# span 21 =   14.52069,   15.05212      
# span 22 = 4.8874e-02, 1.3281e+02      
# span 23 =     0.5831,     2.0584      
# span 24 =     0.6732,     3.4743      
# span 25 =    45.7011,    84.5091      
# span 26 = 0.0000e+00, 0.0000e+00      
# interval = meters: 1                  
# start_time = Jul 24 2017 09:34:59 [Instrument's time stamp, header]
# bad_flag = -9.990e-29
*END*
[from data line 54]
        666 205.401217    0.04616     2.7697    166.181     55.519  49984.036    31.6121     8.4929     55.000     8.4824    24.5435     2.7262     3.8960     40.857    118.835    121.751    0.00056    6.67253    9.53571  290.85648   15.04310 4.9409e-02     0.7021     1.2219    73.6786 0.0000e+00
        672 205.401236    0.04661     2.7963    167.779     56.545  49991.633    31.6142     8.4745     56.000     8.4638    24.5478     2.7301     3.9016     40.899    119.005    121.926    0.00058    6.67520    9.53953  290.97188   15.04860 4.9186e-02     0.7016     1.2489    73.1825 0.0000e+00
        677 205.401250    0.04693     2.8161    168.965     57.540  50000.270    31.6186     8.4669     57.000     8.4610    24.5525     2.7310     3.9029     40.907    119.044    121.967    0.00046    6.67615    9.54088  291.01169   15.05048 4.9156e-02     0.6767     1.2582    73.0107 0.0000e+00
        683 205.401268    0.04738     2.8431    170.585     58.564  50000.617    31.6185     8.4672     58.000     8.4616    24.5524     2.7319     3.9041     40.920    119.081    122.004    0.00016    6.67611    9.54082  291.00988   15.05040 4.9104e-02     0.6628     1.2524    73.1181 0.0000e+00
        688 205.401283    0.04773     2.8636    171.819     59.562  49999.446    31.6173     8.4671     59.000     8.4607    24.5514     2.7323     3.9048     40.927    119.103    122.027    0.00031    6.67617    9.54092  291.01311   15.05056 4.9361e-02     0.6901     1.2549    73.0723 0.0000e+00
        694 205.401300    0.04814     2.8886    173.315     60.577  50000.873    31.6176     8.4659     60.000     8.4596    24.5519     2.7285     3.8993     40.868    118.936    121.856   -0.00044    6.67635    9.54117  291.02061   15.05091 4.9221e-02     0.6280     1.2470    73.2172 0.0000e+00
        700 205.401317    0.04854     2.9124    174.743     61.583  50000.740    31.6168     8.4648     61.000     8.4577    24.5515     2.7330     3.9058     40.935    119.133    122.058    0.00021    6.67655    9.54145  291.02919   15.05133 4.9367e-02     0.6075     1.2420    73.3071 0.0000e+00
        706 205.401333    0.04894     2.9364    176.184     62.597  50004.672    31.6191     8.4637     62.000     8.4581    24.5533     2.7374     3.9121     41.000    119.324    122.253    0.00071    6.67660    9.54154  291.03139   15.05142 4.9355e-02     0.6498     1.2434    73.2839 0.0000e+00
        711 205.401350    0.04934     2.9603    177.620     63.602  50004.271    31.6184     8.4645     63.000     8.4582    24.5527     2.7408     3.9169     41.052    119.471    122.404    0.00076    6.67651    9.54141  291.02759   15.05124 4.9361e-02     0.5876     1.2423    73.3025 0.0000e+00
        718 205.401368    0.04977     2.9863    179.179     64.614  50003.567    31.6173     8.4636     64.000     8.4567    24.5521     2.7375     3.9121     41.000    119.326    122.256   -0.00002    6.67669    9.54166  291.03558   15.05163 4.9396e-02     0.5900     1.2422    73.3037 0.0000e+00
        724 205.401385    0.05019     3.0112    180.674     65.634  50005.052    31.6179     8.4630     65.000     8.4564    24.5526     2.7389     3.9142     41.021    119.387    122.319    0.00009    6.67676    9.54175  291.03804   15.05175 4.9572e-02     0.5831     1.2634    72.9179 0.0000e+00
        728 205.401398    0.05050     3.0296    181.774     66.582  50005.044    31.6173     8.4621     66.000     8.4546    24.5523     2.7443     3.9219     41.101    119.624    122.560    0.00067    6.67693    9.54200  291.04601   15.05212 4.9465e-02     0.6235     1.2652    72.8865 0.0000e+00
