CTD-processing/allCTD/CNV/2017_03-28_alongbay_skb05cast051_4141.cnv
* Sea-Bird SBE19plus Data File:
* FileName = C:\Users\jwschloemer\Documents\CTD Data\2017_03_28_alongbay\2017_03_28_alongbay_cast051.hex
* Software Version 1.59
* Temperature SN =  4141
* Conductivity SN =  4141
* System UpLoad Time = Apr 03 2017 15:20:29
** Cook Inlet LTM Kbay Along Bay
** Date: 2017-03-28
** Station:KB05
** Start Time (AKST):13:12
** Depth (m):171
** Comment: R/V Edgecumbe
# nquan = 27
# nvalues = 136                         
# units = specified
# name 0 = scan: Scan Count
# name 1 = timeJ: Julian Days
# name 2 = timeH: Time, Elapsed [hours]
# name 3 = timeM: Time, Elapsed [minutes]
# name 4 = timeS: Time, Elapsed [seconds]
# name 5 = prdM: Pressure, Strain Gauge [db]
# name 6 = specc: Specific Conductance [uS/cm]
# name 7 = sal00: Salinity, Practical [PSU]
# name 8 = tv290C: Temperature [ITS-90, deg C]
# name 9 = depSM: Depth [salt water, m], lat = 59.00
# name 10 = potemp090C: Potential Temperature [ITS-90, deg C]
# name 11 = sigma-é00: Density [sigma-theta, kg/m^3]
# name 12 = sbeox0ML/L: Oxygen, SBE 43 [ml/l]
# name 13 = sbeox0Mg/L: Oxygen, SBE 43 [mg/l]
# name 14 = sbeox0PS: Oxygen, SBE 43 [% saturation]
# name 15 = sbox0Mm/Kg: Oxygen, SBE 43 [umol/kg]
# name 16 = sbeox0Mm/L: Oxygen, SBE 43 [umol/l]
# name 17 = sbox0dV/dT: Oxygen, SBE 43 [dov/dt]
# name 18 = oxsolML/L: Oxygen Saturation, Garcia & Gordon [ml/l]
# name 19 = oxsolMg/L: Oxygen Saturation, Garcia & Gordon [mg/l]
# name 20 = oxsolMm/Kg: Oxygen Saturation, Garcia & Gordon [umol/kg]
# name 21 = n2satMg/L: Nitrogen Saturation [mg/l]
# name 22 = par: PAR/Irradiance, Biospherical/Licor
# name 23 = wetStar: Fluorescence, WET Labs WETstar [mg/m^3]
# name 24 = CStarAt0: Beam Attenuation, WET Labs C-Star [1/m]
# name 25 = CStarTr0: Beam Transmission, WET Labs C-Star [%]
# name 26 = flag: flag
# span 0 =        155,        941       
# span 1 =  87.509600,  87.511875       
# span 2 =    0.01067,    0.06527       
# span 3 =     0.6405,     3.9163       
# span 4 =     38.427,    234.981       
# span 5 =      0.997,    137.326       
# span 6 =  52091.613,  52229.362       
# span 7 =    32.0342,    32.0763       
# span 8 =     3.1891,     3.3162       
# span 9 =      1.000,    136.000       
# span 10 =     3.2137,     3.3080      
# span 11 =    25.4975,    25.5252      
# span 12 =     3.3462,     3.5933      
# span 13 =     4.7819,     5.1352      
# span 14 =     44.440,     47.769      
# span 15 =    145.723,    156.484      
# span 16 =    149.438,    160.476      
# span 17 =   -0.00125,    0.00814      
# span 18 =    7.51417,    7.53844      
# span 19 =   10.73849,   10.77319      
# span 20 =  327.23043,  328.28521      
# span 21 =   16.77421,   16.82441      
# span 22 = 3.7968e-02, 1.4977e+02      
# span 23 =     0.4815,     2.7550      
# span 24 =     0.4062,     1.9746      
# span 25 =    66.8189,    90.3431      
# span 26 = 0.0000e+00, 0.0000e+00      
# interval = meters: 1                  
# start_time = Mar 28 2017 12:13:11 [Instrument's time stamp, header]
# bad_flag = -9.990e-29
*END*
        155  87.509600    0.01067     0.6405     38.427      0.997  52152.714    32.0564     3.1891      1.000     3.2137    25.5197     3.4615     4.9468     45.915    150.742    154.590    0.00006    7.53844   10.77319  328.28521   16.82441 1.2241e+02     0.4815     1.9746    66.8189 0.0000e+00
        275  87.509948    0.01903     1.1415     68.493      2.030  52091.613    32.0348     3.2460      2.000     3.2454    25.4975     3.3597     4.8014     44.622    146.315    150.046    0.00300    7.52930   10.76013  327.89834   16.80611 1.4977e+02     1.0425     0.4151    89.5949 0.0000e+00
        274  87.509944    0.01895     1.1367     68.201      3.014  52094.073    32.0352     3.2444      3.000     3.2436    25.4980     3.3462     4.7819     44.440    145.723    149.438   -0.00040    7.52957   10.76049  327.90933   16.80663 1.1228e+02     0.8409     0.4938    88.3864 0.0000e+00
        279  87.509960    0.01931     1.1585     69.510      4.044  52099.906    32.0384     3.2433      4.000     3.2438    25.5006     3.3564     4.7966     44.576    146.169    149.897    0.00087    7.52961   10.76056  327.91043   16.80666 9.9885e+01     1.1271     0.4820    88.6478 0.0000e+00
        283  87.509972    0.01961     1.1766     70.598      5.040  52099.904    32.0386     3.2461      5.000     3.2459    25.5005     3.3518     4.7899     44.517    145.967    149.689 7.5398e-07    7.52908   10.75981  327.88748   16.80558 8.4787e+01     1.2626     0.4852    88.5778 0.0000e+00
        288  87.509987    0.01996     1.1977     71.865      6.060  52100.655    32.0383     3.2452      6.000     3.2444    25.5004     3.3612     4.8035     44.642    146.380    150.112    0.00090    7.52925   10.76006  327.89515   16.80594 7.6102e+01     1.6965     0.4780    88.7373 0.0000e+00
        293  87.510000    0.02028     1.2167     73.000      7.062  52103.900    32.0401     3.2456      7.000     3.2457    25.5018     3.3631     4.8062     44.668    146.460    150.195    0.00090    7.52909   10.75982  327.88749   16.80557 6.7451e+01     1.6855     0.4876    88.5243 0.0000e+00
        298  87.510014    0.02062     1.2371     74.224      8.077  52104.547    32.0403     3.2465      8.000     3.2462    25.5019     3.3659     4.8102     44.706    146.582    150.320    0.00064    7.52892   10.75958  327.87991   16.80521 5.8890e+01     2.1807     0.4774    88.7509 0.0000e+00
        303  87.510029    0.02096     1.2577     75.460      9.084  52101.544    32.0376     3.2463      9.000     3.2434    25.4998     3.3716     4.8183     44.780    146.831    150.575    0.00111    7.52909   10.75983  327.88811   16.80561 5.1954e+01     1.9561     0.4828    88.6295 0.0000e+00
        308  87.510043    0.02131     1.2783     76.700     10.100  52100.752    32.0342     3.2372     10.000     3.2318    25.4978     3.3733     4.8207     44.792    146.903    150.649    0.00054    7.53096   10.76249  327.96993   16.80952 4.4380e+01     1.9575     0.4795    88.7037 0.0000e+00
        313  87.510057    0.02164     1.2981     77.887     11.100  52112.250    32.0396     3.2301     11.000     3.2289    25.5028     3.3814     4.8323     44.893    147.256    151.012    0.00127    7.53200   10.76398  328.01401   16.81159 3.8256e+01     2.4356     0.4874    88.5302 0.0000e+00
        318  87.510073    0.02202     1.3214     79.286     12.123  52113.276    32.0396     3.2295     12.000     3.2283    25.5029     3.3856     4.8385     44.950    147.443    151.203    0.00093    7.53210   10.76414  328.01858   16.81180 3.2442e+01     2.7550     0.4806    88.6798 0.0000e+00
        322  87.510085    0.02230     1.3383     80.300     13.118  52115.183    32.0401     3.2282     13.000     3.2269    25.5033     3.4036     4.8641     45.187    148.224    152.004    0.00252    7.53233   10.76446  328.02813   16.81226 2.7707e+01     2.0594     0.4917    88.4343 0.0000e+00
        327  87.510098    0.02264     1.3585     81.512     14.134  52116.990    32.0404     3.2268     14.000     3.2257    25.5037     3.4335     4.9068     45.582    149.526    153.339    0.00475    7.53257   10.76480  328.03852   16.81275 2.3607e+01     2.3927     0.4857    88.5652 0.0000e+00
        332  87.510113    0.02298     1.3786     82.719     15.142  52124.082    32.0450     3.2281     15.000     3.2303    25.5073     3.4713     4.9608     46.086    151.171    155.028    0.00690    7.53210   10.76413  328.01688   16.81170 2.0158e+01     2.5819     0.4803    88.6859 0.0000e+00
        337  87.510126    0.02330     1.3981     83.883     16.152  52127.869    32.0495     3.2373     16.000     3.2403    25.5101     3.5011     5.0034     46.493    152.469    156.358    0.00814    7.53016   10.76135  327.93142   16.80763 1.6941e+01     2.3546     0.4725    88.8581 0.0000e+00
        341  87.510140    0.02364     1.4184     85.103     17.160  52134.373    32.0567     3.2500     17.000     3.2559    25.5147     3.5195     5.0297     46.755    153.270    157.181    0.00725    7.52742   10.75743  327.81055   16.80185 1.4592e+01     2.6909     0.4542    89.2659 0.0000e+00
        346  87.510154    0.02399     1.4394     86.364     18.174  52127.030    32.0551     3.2651     18.000     3.2666    25.5121     3.5361     5.0534     46.993    153.992    157.921    0.00655    7.52469   10.75354  327.69244   16.79625 1.2409e+01     2.7384     0.4418    89.5433 0.0000e+00
        351  87.510167    0.02428     1.4564     87.381     19.173  52122.869    32.0527     3.2689     19.000     3.2684    25.5099     3.5487     5.0715     47.165    154.543    158.485    0.00587    7.52411   10.75270  327.66785   16.79509 1.0653e+01     2.4421     0.4394    89.5971 0.0000e+00
        356  87.510182    0.02465     1.4793     88.760     20.195  52123.409    32.0529     3.2702     20.000     3.2691    25.5100     3.5626     5.0912     47.350    155.145    159.102    0.00503    7.52387   10.75236  327.65742   16.79459 9.2057e+00     2.3037     0.4367    89.6571 0.0000e+00
        361  87.510196    0.02499     1.4992     89.952     21.193  52124.139    32.0530     3.2703     21.000     3.2690    25.5099     3.5737     5.1072     47.499    155.633    159.603    0.00449    7.52385   10.75233  327.65658   16.79455 7.8801e+00     2.4486     0.4371    89.6485 0.0000e+00
        366  87.510211    0.02536     1.5216     91.295     22.221  52125.987    32.0537     3.2705     22.000     3.2695    25.5105     3.5801     5.1165     47.585    155.913    159.890    0.00338    7.52376   10.75221  327.65264   16.79435 6.6872e+00     2.1236     0.4334    89.7306 0.0000e+00
        370  87.510224    0.02565     1.5393     92.358     23.211  52126.878    32.0540     3.2713     23.000     3.2704    25.5107     3.5870     5.1262     47.677    156.211    160.196    0.00298    7.52360   10.75198  327.64553   16.79402 5.7911e+00     2.2287     0.4313    89.7785 0.0000e+00
        376  87.510241    0.02606     1.5638     93.829     24.236  52126.779    32.0537     3.2723     24.000     3.2710    25.5103     3.5885     5.1283     47.698    156.276    160.262    0.00199    7.52342   10.75172  327.63784   16.79365 4.9348e+00     1.9882     0.4314    89.7764 0.0000e+00
        381  87.510254    0.02636     1.5816     94.896     25.233  52131.146    32.0564     3.2734     25.000     3.2733    25.5125     3.5927     5.1343     47.756    156.460    160.451    0.00159    7.52310   10.75127  327.62321   16.79295 4.2200e+00     1.9775     0.4318    89.7675 0.0000e+00
        386  87.510268    0.02673     1.6033     96.200     26.245  52129.050    32.0550     3.2756     26.000     3.2744    25.5112     3.5928     5.1344     47.759    156.460    160.453    0.00112    7.52275   10.75076  327.60849   16.79225 3.6446e+00     2.0686     0.4253    89.9140 0.0000e+00
        391  87.510284    0.02709     1.6255     97.533     27.262  52131.142    32.0562     3.2769     27.000     3.2759    25.5120     3.5881     5.1277     47.698    156.257    160.243    0.00018    7.52243   10.75031  327.59439   16.79158 3.1214e+00     2.0816     0.4217    89.9942 0.0000e+00
        395  87.510296    0.02739     1.6436     98.615     28.259  52132.633    32.0571     3.2783     28.000     3.2771    25.5126     3.5933     5.1352     47.769    156.484    160.476    0.00063    7.52215   10.74990  327.58155   16.79097 2.6937e+00     2.0547     0.4174    90.0908 0.0000e+00
        401  87.510313    0.02780     1.6677    100.059     29.286  52131.985    32.0564     3.2793     29.000     3.2776    25.5119     3.5884     5.1283     47.706    156.273    160.259   -0.00023    7.52200   10.74970  327.57554   16.79068 2.3158e+00     2.1141     0.4180    90.0769 0.0000e+00
        406  87.510326    0.02809     1.6854    101.126     30.277  52131.332    32.0553     3.2789     30.000     3.2768    25.5111     3.5920     5.1334     47.753    156.430    160.420    0.00020    7.52212   10.74987  327.58101   16.79095 1.9962e+00     2.3443     0.4231    89.9622 0.0000e+00
        411  87.510343    0.02850     1.7101    102.606     31.306  52133.287    32.0559     3.2782     31.000     3.2764    25.5116     3.5883     5.1280     47.702    156.266    160.252   -0.00036    7.52223   10.75001  327.58535   16.79115 1.7106e+00     1.7934     0.4195    90.0457 0.0000e+00
        416  87.510356    0.02882     1.7290    103.738     32.297  52134.612    32.0564     3.2784     32.000     3.2765    25.5120     3.5912     5.1322     47.741    156.392    160.382    0.00001    7.52217   10.74993  327.58281   16.79103 1.4713e+00     1.8348     0.4213    90.0044 0.0000e+00
        422  87.510372    0.02922     1.7530    105.177     33.323  52135.464    32.0565     3.2785     33.000     3.2767    25.5121     3.5864     5.1252     47.677    156.183    160.166   -0.00043    7.52213   10.74987  327.58102   16.79094 1.2602e+00     2.2493     0.4187    90.0613 0.0000e+00
        426  87.510386    0.02953     1.7720    106.321     34.320  52135.234    32.0558     3.2785     34.000     3.2762    25.5115     3.5866     5.1256     47.681    156.192    160.177   -0.00046    7.52218   10.74995  327.58338   16.79106 1.0869e+00     1.9767     0.4210    90.0095 0.0000e+00
        432  87.510401    0.02991     1.7949    107.694     35.336  52137.452    32.0566     3.2782     35.000     3.2765    25.5122     3.5829     5.1204     47.632    156.033    160.014   -0.00058    7.52218   10.74995  327.58331   16.79105 9.3646e-01     1.8848     0.4191    90.0544 0.0000e+00
        437  87.510416    0.03026     1.8152    108.914     36.342  52136.613    32.0557     3.2789     36.000     3.2764    25.5115     3.5770     5.1118     47.552    155.772    159.746   -0.00125    7.52209   10.74982  327.57961   16.79088 8.0299e-01     1.8150     0.4173    90.0912 0.0000e+00
        441  87.510429    0.03059     1.8352    110.111     37.351  52138.388    32.0563     3.2783     37.000     3.2762    25.5119     3.5871     5.1263     47.687    156.214    160.199    0.00021    7.52219   10.74997  327.58397   16.79109 6.9142e-01     2.1309     0.4185    90.0670 0.0000e+00
        446  87.510444    0.03093     1.8559    111.354     38.364  52138.784    32.0560     3.2784     38.000     3.2760    25.5118     3.5817     5.1186     47.615    155.979    159.958   -0.00039    7.52218   10.74995  327.58315   16.79105 5.9633e-01     1.7038     0.4175    90.0883 0.0000e+00
        451  87.510457    0.03125     1.8750    112.500     39.371  52140.855    32.0569     3.2784     39.000     3.2767    25.5125     3.5819     5.1188     47.617    155.986    159.965   -0.00037    7.52214   10.74989  327.58136   16.79096 5.1381e-01     2.0154     0.4229    89.9673 0.0000e+00
        456  87.510471    0.03158     1.8948    113.688     40.383  52145.677    32.0604     3.2812     40.000     3.2804    25.5150     3.5827     5.1200     47.633    156.022    160.003   -0.00012    7.52143   10.74888  327.54985   16.78945 4.4412e-01     1.7728     0.4170    90.0996 0.0000e+00
        460  87.510484    0.03189     1.9135    114.813     41.389  52144.118    32.0595     3.2839     41.000     3.2819    25.5141     3.5819     5.1189     47.625    155.988    159.968   -0.00020    7.52097   10.74821  327.52978   16.78850 3.8351e-01     2.0244     0.4171    90.0979 0.0000e+00
        465  87.510498    0.03222     1.9336    116.018     42.401  52143.950    32.0590     3.2843     42.000     3.2816    25.5137     3.5792     5.1151     47.590    155.873    159.850   -0.00041    7.52094   10.74817  327.52848   16.78844 3.3124e-01     1.9435     0.4175    90.0883 0.0000e+00
        470  87.510512    0.03256     1.9536    117.219     43.410  52144.062    32.0585     3.2842     43.000     3.2817    25.5133     3.5779     5.1132     47.573    155.816    159.791   -0.00052    7.52097   10.74822  327.53044   16.78853 2.8667e-01     2.2207     0.4125    90.2015 0.0000e+00
        475  87.510526    0.03291     1.9742    118.452     44.419  52145.346    32.0588     3.2842     44.000     3.2817    25.5135     3.5766     5.1113     47.555    155.756    159.730   -0.00045    7.52096   10.74821  327.52978   16.78850 2.4938e-01     2.1631     0.4104    90.2481 0.0000e+00
        480  87.510540    0.03324     1.9947    119.683     45.431  52145.879    32.0588     3.2848     45.000     3.2824    25.5135     3.5739     5.1074     47.520    155.638    159.609   -0.00068    7.52087   10.74805  327.52524   16.78828 2.1685e-01     1.6155     0.4084    90.2937 0.0000e+00
        485  87.510554    0.03358     2.0148    120.891     46.438  52146.658    32.0589     3.2852     46.000     3.2824    25.5136     3.5780     5.1133     47.575    155.817    159.792   -0.00008    7.52077   10.74793  327.52128   16.78809 1.8886e-01     1.8324     0.4149    90.1469 0.0000e+00
        490  87.510569    0.03394     2.0363    122.178     47.447  52148.249    32.0595     3.2852     47.000     3.2826    25.5140     3.5716     5.1042     47.490    155.540    159.508   -0.00073    7.52074   10.74789  327.52008   16.78804 1.6512e-01     2.1319     0.4158    90.1266 0.0000e+00
        495  87.510585    0.03433     2.0594    123.562     48.464  52149.615    32.0601     3.2859     48.000     3.2834    25.5144     3.5764     5.1110     47.555    155.748    159.722    0.00003    7.52058   10.74765  327.51263   16.78768 1.4444e-01     1.7818     0.4147    90.1516 0.0000e+00
        500  87.510598    0.03463     2.0780    124.678     49.465  52150.130    32.0601     3.2864     49.000     3.2836    25.5143     3.5736     5.1071     47.519    155.627    159.598   -0.00038    7.52049   10.74754  327.50916   16.78752 1.2718e-01     2.2299     0.4207    90.0178 0.0000e+00
        505  87.510613    0.03498     2.0991    125.944     50.479  52151.066    32.0602     3.2870     50.000     3.2842    25.5145     3.5736     5.1070     47.519    155.626    159.597   -0.00024    7.52036   10.74735  327.50342   16.78724 1.1283e-01     1.8679     0.4141    90.1656 0.0000e+00
        510  87.510627    0.03534     2.1201    127.207     51.487  52151.241    32.0600     3.2874     51.000     3.2847    25.5142     3.5702     5.1021     47.473    155.477    159.444   -0.00065    7.52031   10.74726  327.50082   16.78712 1.0086e-01     1.9873     0.4179    90.0808 0.0000e+00
        515  87.510641    0.03567     2.1404    128.426     52.498  52152.095    32.0603     3.2883     52.000     3.2853    25.5144     3.5711     5.1035     47.487    155.518    159.486   -0.00025    7.52011   10.74700  327.49255   16.78672 9.0408e-02     2.0224     0.4190    90.0554 0.0000e+00
        520  87.510656    0.03601     2.1607    129.645     53.507  52152.919    32.0603     3.2882     53.000     3.2851    25.5144     3.5696     5.1012     47.467    155.450    159.417   -0.00041    7.52013   10.74702  327.49337   16.78676 8.1939e-02     2.1194     0.4164    90.1146 0.0000e+00
