CTD-processing/allCTD/CNV/2017_10-20_alongbay_skb10_cast073_4141.cnv
* Sea-Bird SBE19plus Data File:
* FileName = C:\Users\Kim.Powell\Desktop\Not Processed\2017\2017_10-20_AlongBay\2017_10-20_AlongBay_STATION_cast073.hex
* Software Version 1.59
* Temperature SN =  4141
* Conductivity SN =  4141
* System UpLoad Time = Oct 20 2017 16:04:31
** 2017_10-20
** Station: KB10
** Start Time: 13:17
** Depth (m): 64.9
** Comment: Edgecumbe
** Comment:
# nquan = 27
# nvalues = 63                          
# units = specified
# name 0 = scan: Scan Count
# name 1 = timeJ: Julian Days
# name 2 = timeH: Time, Elapsed [hours]
# name 3 = timeM: Time, Elapsed [minutes]
# name 4 = timeS: Time, Elapsed [seconds]
# name 5 = prdM: Pressure, Strain Gauge [db]
# name 6 = specc: Specific Conductance [uS/cm]
# name 7 = sal00: Salinity, Practical [PSU]
# name 8 = tv290C: Temperature [ITS-90, deg C]
# name 9 = depSM: Depth [salt water, m], lat = 59.00
# name 10 = potemp090C: Potential Temperature [ITS-90, deg C]
# name 11 = sigma-é00: Density [sigma-theta, kg/m^3]
# name 12 = sbeox0ML/L: Oxygen, SBE 43 [ml/l]
# name 13 = sbeox0Mg/L: Oxygen, SBE 43 [mg/l]
# name 14 = sbeox0PS: Oxygen, SBE 43 [% saturation]
# name 15 = sbox0Mm/Kg: Oxygen, SBE 43 [umol/kg]
# name 16 = sbeox0Mm/L: Oxygen, SBE 43 [umol/l]
# name 17 = sbox0dV/dT: Oxygen, SBE 43 [dov/dt]
# name 18 = oxsolML/L: Oxygen Saturation, Garcia & Gordon [ml/l]
# name 19 = oxsolMg/L: Oxygen Saturation, Garcia & Gordon [mg/l]
# name 20 = oxsolMm/Kg: Oxygen Saturation, Garcia & Gordon [umol/kg]
# name 21 = n2satMg/L: Nitrogen Saturation [mg/l]
# name 22 = par: PAR/Irradiance, Biospherical/Licor
# name 23 = wetStar: Fluorescence, WET Labs WETstar [mg/m^3]
# name 24 = CStarAt0: Beam Attenuation, WET Labs C-Star [1/m]
# name 25 = CStarTr0: Beam Transmission, WET Labs C-Star [%]
# name 26 = flag: flag
# span 0 =        219,        648       
# span 1 = 293.554554, 293.555795       
# span 2 =    0.01514,    0.04490       
# span 3 =     0.9086,     2.6942       
# span 4 =     54.517,    161.653       
# span 5 =      1.022,     63.604       
# span 6 =  47883.985,  48804.552       
# span 7 =    30.2985,    30.9734       
# span 8 =     9.4617,    10.0723       
# span 9 =      1.000,     63.000       
# span 10 =     9.4715,    10.0666      
# span 11 =    23.3685,    23.8290      
# span 12 =     2.8112,     2.8662      
# span 13 =     4.0174,     4.0962      
# span 14 =     42.909,     43.729      
# span 15 =    122.625,    125.071      
# span 16 =    125.547,    128.005      
# span 17 =   -0.00127,    0.00310      
# span 18 =    6.47904,    6.58563      
# span 19 =    9.25920,    9.41153      
# span 20 =  282.67700,  287.39824      
# span 21 =   14.65559,   14.88318      
# span 22 = 3.6382e-02, 1.2813e+02      
# span 23 =     0.2048,     0.5158      
# span 24 =     0.7213,     1.4340      
# span 25 =    69.8725,    83.5001      
# span 26 = 0.0000e+00, 0.0000e+00      
# interval = meters: 1                  
# start_time = Oct 20 2017 13:17:39 [Instrument's time stamp, header]
# bad_flag = -9.990e-29
*END*
[from data line 54]
        606 293.555675    0.04202     2.5215    151.289     55.528  48771.150    30.9534     9.8877     55.000     9.8816    23.8132     2.8212     4.0317     43.425    123.064    125.994   -0.00039    6.49667    9.28440  283.39299   14.68900 3.7396e-02     0.2262     0.8763    80.3266 0.0000e+00
        612 293.555691    0.04242     2.5455    152.729     56.538  48786.688    30.9638     9.8873     56.000     9.8808    23.8214     2.8199     4.0299     43.408    123.008    125.937   -0.00040    6.49629    9.28385  283.37398   14.68806 3.6796e-02     0.2334     0.9344    79.1743 0.0000e+00
        617 293.555706    0.04278     2.5669    154.015     57.547  48795.594    30.9696     9.8866     57.000     9.8803    23.8260     2.8183     4.0276     43.384    122.936    125.866   -0.00053    6.49616    9.28366  283.36697   14.68770 3.6414e-02     0.2287     1.1292    75.4052 0.0000e+00
        622 293.555720    0.04312     2.5871    155.228     58.555  48796.812    30.9700     9.8866     58.000     9.8802    23.8264     2.8183     4.0277     43.384    122.937    125.866   -0.00036    6.49615    9.28364  283.36626   14.68766 3.6383e-02     0.2149     1.2057    73.9762 0.0000e+00
        627 293.555734    0.04345     2.6073    156.439     59.566  48797.696    30.9702     9.8867     59.000     9.8802    23.8265     2.8189     4.0285     43.393    122.961    125.891   -0.00020    6.49612    9.28361  283.36520   14.68761 3.6382e-02     0.2268     1.2205    73.7032 0.0000e+00
        632 293.555748    0.04379     2.6272    157.635     60.575  48801.012    30.9721     9.8868     60.000     9.8801    23.8280     2.8188     4.0284     43.393    122.960    125.890   -0.00007    6.49602    9.28347  283.36041   14.68737 3.6382e-02     0.2048     1.2803    72.6125 0.0000e+00
        636 293.555762    0.04413     2.6476    158.856     61.584  48802.939    30.9731     9.8867     61.000     9.8801    23.8287     2.8112     4.0174     43.275    122.625    125.547   -0.00127    6.49599    9.28342  283.35869   14.68728 3.6382e-02     0.2061     1.3558    71.2517 0.0000e+00
        641 293.555777    0.04447     2.6686    160.117     62.592  48803.606    30.9731     9.8869     62.000     9.8801    23.8288     2.8146     4.0223     43.328    122.773    125.699   -0.00033    6.49597    9.28339  283.35786   14.68724 3.6382e-02     0.2217     1.3985    70.4951 0.0000e+00
        648 293.555795    0.04490     2.6942    161.653     63.604  48804.552    30.9734     9.8871     63.000     9.8802    23.8290     2.8138     4.0212     43.317    122.740    125.665   -0.00030    6.49593    9.28334  283.35622   14.68717 3.6382e-02     0.2169     1.4340    69.8725 0.0000e+00
