CTD-processing/allCTD/CNV/2017_05-30_t9_s07_cast169_4141.cnv
* Sea-Bird SBE19plus Data File:
* FileName = C:\Users\jwschloemer\Documents\CTD Data\2017_05_30_T9\2017_05_30_T9_cast166169.hex
* Software Version 1.59
* Temperature SN =  4141
* Conductivity SN =  4141
* System UpLoad Time = Jun 21 2017 14:34:17
** Cook Inlet LTM Kbay Transect 9
** Date: 2017-05-30
** Station:9-07
** Start Time (AKST):12:49
** Depth (m):97
** Comment: R/V Edgecumbe
# nquan = 27
# nvalues = 93                          
# units = specified
# name 0 = scan: Scan Count
# name 1 = timeJ: Julian Days
# name 2 = timeH: Time, Elapsed [hours]
# name 3 = timeM: Time, Elapsed [minutes]
# name 4 = timeS: Time, Elapsed [seconds]
# name 5 = prdM: Pressure, Strain Gauge [db]
# name 6 = specc: Specific Conductance [uS/cm]
# name 7 = sal00: Salinity, Practical [PSU]
# name 8 = tv290C: Temperature [ITS-90, deg C]
# name 9 = depSM: Depth [salt water, m], lat = 59.00
# name 10 = potemp090C: Potential Temperature [ITS-90, deg C]
# name 11 = sigma-é00: Density [sigma-theta, kg/m^3]
# name 12 = sbeox0ML/L: Oxygen, SBE 43 [ml/l]
# name 13 = sbeox0Mg/L: Oxygen, SBE 43 [mg/l]
# name 14 = sbeox0PS: Oxygen, SBE 43 [% saturation]
# name 15 = sbox0Mm/Kg: Oxygen, SBE 43 [umol/kg]
# name 16 = sbeox0Mm/L: Oxygen, SBE 43 [umol/l]
# name 17 = sbox0dV/dT: Oxygen, SBE 43 [dov/dt]
# name 18 = oxsolML/L: Oxygen Saturation, Garcia & Gordon [ml/l]
# name 19 = oxsolMg/L: Oxygen Saturation, Garcia & Gordon [mg/l]
# name 20 = oxsolMm/Kg: Oxygen Saturation, Garcia & Gordon [umol/kg]
# name 21 = n2satMg/L: Nitrogen Saturation [mg/l]
# name 22 = par: PAR/Irradiance, Biospherical/Licor
# name 23 = wetStar: Fluorescence, WET Labs WETstar [mg/m^3]
# name 24 = CStarAt0: Beam Attenuation, WET Labs C-Star [1/m]
# name 25 = CStarTr0: Beam Transmission, WET Labs C-Star [%]
# name 26 = flag: flag
# span 0 =        241,        741       
# span 1 = 150.535925, 150.537373       
# span 2 =    0.01666,    0.05140       
# span 3 =     0.9995,     3.0838       
# span 4 =     59.972,    185.027       
# span 5 =      1.010,     93.885       
# span 6 =  48451.866,  51139.440       
# span 7 =    30.5245,    31.8615       
# span 8 =     5.4355,     8.2099       
# span 9 =      1.000,     93.000       
# span 10 =     5.4308,     8.1712      
# span 11 =    23.7315,    25.1350      
# span 12 =     2.9097,     3.3060      
# span 13 =     4.1582,     4.7246      
# span 14 =     42.937,     46.352      
# span 15 =    126.926,    144.035      
# span 16 =    129.945,    147.647      
# span 17 =   -0.00090,    0.00538      
# span 18 =    6.76298,    7.15127      
# span 19 =    9.66497,   10.21989      
# span 20 =  295.03410,  311.55606      
# span 21 =   15.24704,   16.02955      
# span 22 = 4.4876e-02, 7.9406e+02      
# span 23 =     0.4067,     5.5792      
# span 24 =     0.7523,     2.9513      
# span 25 =    50.1699,    82.8546      
# span 26 = 0.0000e+00, 0.0000e+00      
# interval = meters: 1                  
# start_time = May 30 2017 12:50:44 [Instrument's time stamp, header]
# bad_flag = -9.990e-29
*END*
[from data line 54]
        556 150.536838    0.03855     2.3134    138.803     55.529  51048.135    31.8096     5.4518     55.000     5.4473    25.0970     3.3010     4.7174     46.177    143.812    147.421   -0.00074    7.14853   10.21597  311.43740   16.02390 4.5516e-02     0.5357     1.0553    76.8103 0.0000e+00
        561 150.536852    0.03890     2.3339    140.033     56.536  51045.908    31.8073     5.4506     56.000     5.4434    25.0953     3.3032     4.7207     46.207    143.911    147.523   -0.00035    7.14883   10.21640  311.45089   16.02455 4.5471e-02     0.4835     1.0561    76.7960 0.0000e+00
        566 150.536867    0.03925     2.3547    141.282     57.545  51048.796    31.8068     5.4412     57.000     5.4341    25.0960     3.3022     4.7192     46.181    143.865    147.476   -0.00039    7.15047   10.21873  311.52180   16.02793 4.5407e-02     0.5050     1.0855    76.2328 0.0000e+00
        571 150.536881    0.03959     2.3756    142.536     58.558  51055.862    31.8100     5.4355     58.000     5.4308    25.0992     3.2995     4.7154     46.139    143.750    147.357   -0.00076    7.15127   10.21989  311.55606   16.02955 4.5470e-02     0.5468     1.0860    76.2239 0.0000e+00
        576 150.536894    0.03992     2.3950    143.698     59.564  51068.849    31.8192     5.4386     59.000     5.4368    25.1061     3.2987     4.7141     46.134    143.711    147.319   -0.00058    7.15032   10.21851  311.51221   16.02743 4.5405e-02     0.4968     1.0837    76.2682 0.0000e+00
        581 150.536909    0.04026     2.4153    144.920     60.576  51071.312    31.8216     5.4448     60.000     5.4420    25.1074     3.2985     4.7139     46.138    143.702    147.311   -0.00032    7.14914   10.21684  311.46078   16.02497 4.5289e-02     0.4831     1.0611    76.6984 0.0000e+00
        585 150.536922    0.04058     2.4350    146.098     61.584  51071.546    31.8221     5.4482     61.000     5.4447    25.1073     3.2979     4.7130     46.134    143.676    147.283   -0.00030    7.14854   10.21598  311.43447   16.02371 4.5194e-02     0.4757     1.0729    76.4731 0.0000e+00
        590 150.536936    0.04091     2.4548    147.291     62.594  51077.311    31.8263     5.4517     62.000     5.4512    25.1102     3.2968     4.7115     46.124    143.630    147.237   -0.00034    7.14774   10.21485  311.39899   16.02201 4.5255e-02     0.5294     1.0652    76.6208 0.0000e+00
        595 150.536950    0.04125     2.4748    148.486     63.605  51077.495    31.8283     5.4632     63.000     5.4617    25.1105     3.2970     4.7117     46.139    143.635    147.242   -0.00015    7.14571   10.21194  311.31026   16.01777 4.5278e-02     0.4955     1.0309    77.2814 0.0000e+00
        600 150.536964    0.04157     2.4939    149.636     64.615  51078.569    31.8300     5.4704     64.000     5.4683    25.1111     3.2929     4.7059     46.091    143.460    147.062   -0.00036    7.14441   10.21007  311.25334   16.01505 4.5284e-02     0.4919     1.0113    77.6605 0.0000e+00
        604 150.536977    0.04189     2.5136    150.816     65.621  51079.994    31.8316     5.4758     65.000     5.4717    25.1118     3.2890     4.7003     46.042    143.287    146.885   -0.00090    7.14341   10.20865  311.20966   16.01296 4.5313e-02     0.5106     1.0302    77.2932 0.0000e+00
        609 150.536992    0.04224     2.5346    152.076     66.635  51093.628    31.8416     5.4808     66.000     5.4832    25.1191     3.2913     4.7036     46.083    143.388    146.990   -0.00024    7.14209   10.20676  311.14985   16.01007 4.5323e-02     0.4819     1.0257    77.3812 0.0000e+00
        614 150.537005    0.04258     2.5547    153.284     67.642  51090.062    31.8429     5.5014     67.000     5.5005    25.1178     3.2883     4.6993     46.064    143.257    146.855   -0.00028    7.13853   10.20168  310.99539   16.00272 4.5240e-02     0.4513     1.0084    77.7181 0.0000e+00
        619 150.537020    0.04293     2.5754    154.526     68.654  51071.866    31.8305     5.5040     68.000     5.4923    25.1076     3.2870     4.6974     46.045    143.201    146.796   -0.00042    7.13869   10.20190  311.00540   16.00324 4.5198e-02     0.4843     1.0290    77.3179 0.0000e+00
        624 150.537034    0.04325     2.5951    155.706     69.664  51080.298    31.8322     5.4872     69.000     5.4785    25.1110     3.2891     4.7004     46.056    143.293    146.891   -0.00031    7.14144   10.20583  311.12397   16.00888 4.5232e-02     0.4800     1.0608    76.7061 0.0000e+00
        629 150.537047    0.04358     2.6148    156.890     70.671  51080.424    31.8303     5.4797     70.000     5.4687    25.1103     3.2906     4.7025     46.069    143.357    146.958   -0.00009    7.14282   10.20780  311.18424   16.01176 4.5228e-02     0.4978     1.0838    76.2655 0.0000e+00
        634 150.537062    0.04393     2.6355    158.127     71.687  51091.566    31.8347     5.4661     71.000     5.4588    25.1153     3.2867     4.6970     46.001    143.188    146.785   -0.00054    7.14489   10.21076  311.27318   16.01598 4.5467e-02     0.4624     1.1215    75.5515 0.0000e+00
        638 150.537075    0.04425     2.6550    159.298     72.691  51099.093    31.8390     5.4641     72.000     5.4589    25.1189     3.2853     4.6950     45.980    143.125    146.720   -0.00071    7.14503   10.21096  311.27797   16.01619 4.5228e-02     0.4647     1.1614    74.8014 0.0000e+00
        643 150.537090    0.04460     2.6760    160.563     73.703  51102.986    31.8415     5.4658     73.000     5.4609    25.1208     3.2872     4.6977     46.009    143.207    146.804   -0.00031    7.14464   10.21040  311.26022   16.01534 4.5200e-02     0.4777     1.1690    74.6588 0.0000e+00
        648 150.537104    0.04493     2.6957    161.744     74.712  51104.138    31.8421     5.4671     74.000     5.4616    25.1211     3.2846     4.6940     45.975    143.096    146.691   -0.00039    7.14439   10.21005  311.24946   16.01482 4.5208e-02     0.4797     1.1992    74.0970 0.0000e+00
        653 150.537118    0.04528     2.7167    163.000     75.723  51105.896    31.8428     5.4672     75.000     5.4613    25.1217     3.2822     4.6905     45.941    142.989    146.581   -0.00065    7.14432   10.20995  311.24651   16.01468 4.5103e-02     0.4580     1.2084    73.9274 0.0000e+00
        658 150.537132    0.04561     2.7365    164.189     76.729  51107.305    31.8432     5.4670     76.000     5.4610    25.1220     3.2833     4.6921     45.957    143.038    146.632   -0.00032    7.14434   10.20999  311.24741   16.01472 4.5191e-02     0.4784     1.2254    73.6134 0.0000e+00
        663 150.537146    0.04595     2.7574    165.445     77.743  51109.284    31.8440     5.4666     77.000     5.4607    25.1227     3.2821     4.6904     45.940    142.986    146.578   -0.00041    7.14437   10.21001  311.24805   16.01475 4.5201e-02     0.4738     1.2269    73.5857 0.0000e+00
        667 150.537160    0.04628     2.7769    166.616     78.750  51112.330    31.8457     5.4666     78.000     5.4606    25.1239     3.2829     4.6917     45.951    143.023    146.616   -0.00023    7.14429   10.20991  311.24450   16.01457 4.5210e-02     0.5059     1.2504    73.1537 0.0000e+00
        673 150.537175    0.04665     2.7990    167.941     79.764  51114.030    31.8463     5.4666     79.000     5.4606    25.1246     3.2826     4.6912     45.948    143.009    146.602   -0.00020    7.14426   10.20986  311.24278   16.01448 4.5161e-02     0.4858     1.2664    72.8616 0.0000e+00
        678 150.537189    0.04698     2.8189    169.132     80.766  51116.432    31.8474     5.4664     80.000     5.4599    25.1255     3.2835     4.6925     45.960    143.048    146.642    0.00001    7.14425   10.20985  311.24211   16.01445 4.5200e-02     0.5003     1.3124    72.0298 0.0000e+00
        683 150.537204    0.04734     2.8406    170.438     81.782  51119.983    31.8493     5.4659     81.000     5.4596    25.1270     3.2810     4.6888     45.925    142.937    146.529   -0.00046    7.14424   10.20984  311.24147   16.01441 4.5285e-02     0.4841     1.3561    71.2474 0.0000e+00
        688 150.537218    0.04769     2.8613    171.676     82.791  51119.914    31.8487     5.4657     82.000     5.4595    25.1266     3.2790     4.6860     45.896    142.850    146.439   -0.00048    7.14429   10.20992  311.24384   16.01453 4.5107e-02     0.5131     1.3453    71.4395 0.0000e+00
        693 150.537233    0.04803     2.8817    172.900     83.797  51126.993    31.8534     5.4672     83.000     5.4624    25.1302     3.2773     4.6836     45.876    142.776    146.364   -0.00051    7.14382   10.20923  311.22184   16.01346 4.5108e-02     0.4809     1.4021    70.4413 0.0000e+00
        698 150.537247    0.04838     2.9029    174.173     84.813  51132.009    31.8571     5.4709     84.000     5.4652    25.1327     3.2794     4.6866     45.911    142.868    146.459   -0.00017    7.14303   10.20809  311.18653   16.01176 4.5287e-02     0.4756     1.4967    68.7887 0.0000e+00
        703 150.537262    0.04872     2.9230    175.382     85.820  51132.115    31.8571     5.4724     85.000     5.4663    25.1324     3.2767     4.6828     45.875    142.751    146.338   -0.00031    7.14277   10.20772  311.17528   16.01123 4.5194e-02     0.4677     1.5424    68.0051 0.0000e+00
        708 150.537276    0.04907     2.9438    176.625     86.830  51134.854    31.8588     5.4740     86.000     5.4683    25.1337     3.2742     4.6791     45.841    142.639    146.224   -0.00074    7.14243   10.20724  311.16020   16.01050 4.5148e-02     0.4607     1.5563    67.7701 0.0000e+00
        713 150.537291    0.04942     2.9651    177.907     87.841  51134.936    31.8587     5.4753     87.000     5.4692    25.1334     3.2759     4.6816     45.867    142.716    146.303   -0.00018    7.14221   10.20692  311.15058   16.01004 4.5160e-02     0.5005     1.5669    67.5899 0.0000e+00
        717 150.537304    0.04975     2.9852    179.112     88.852  51137.270    31.8602     5.4776     88.000     5.4716    25.1344     3.2768     4.6829     45.882    142.754    146.341   -0.00010    7.14175   10.20628  311.13079   16.00909 4.5260e-02     0.4844     1.6287    66.5561 0.0000e+00
        722 150.537318    0.05008     3.0050    180.302     89.860  51137.734    31.8605     5.4796     89.000     5.4734    25.1344     3.2747     4.6799     45.855    142.662    146.248   -0.00024    7.14140   10.20578  311.11537   16.00836 4.5166e-02     0.4861     1.6546    66.1232 0.0000e+00
        727 150.537332    0.05041     3.0247    181.481     90.867  51139.440    31.8615     5.4813     90.000     5.4751    25.1350     3.2718     4.6757     45.817    142.537    146.119   -0.00076    7.14105   10.20528  311.09986   16.00762 4.5400e-02     0.5193     1.7157    65.1222 0.0000e+00
        732 150.537347    0.05077     3.0460    182.762     91.882  51134.987    31.8579     5.4811     91.000     5.4732    25.1322     3.2716     4.6755     45.814    142.530    146.112   -0.00032    7.14125   10.20557  311.10958   16.00809 4.5022e-02     0.5024     1.6233    66.6454 0.0000e+00
        737 150.537360    0.05108     3.0646    183.876     92.882  51138.915    31.8600     5.4806     92.000     5.4742    25.1339     3.2702     4.6735     45.794    142.468    146.049   -0.00065    7.14123   10.20553  311.10787   16.00801 4.4876e-02     0.5248     1.7028    65.3324 0.0000e+00
        741 150.537373    0.05140     3.0838    185.027     93.885  51139.192    31.8600     5.4821     93.000     5.4744    25.1337     3.2790     4.6860     45.915    142.844    146.436    0.00114    7.14097   10.20516  311.09725   16.00750 4.5276e-02     0.4067     1.7110    65.1951 0.0000e+00
