CTD-processing/allCTD/CNV/2017_08-24_alongbay_skb04_cast010_4141.cnv
* Sea-Bird SBE19plus Data File:
* FileName = C:\Users\Kim.Powell\Desktop\Not Processed\2017\2017_08\2017_08-24_TRANSECT_STATION_cast010.hex
* Software Version 1.59
* Temperature SN =  4141
* Conductivity SN =  4141
* System UpLoad Time = Sep 22 2017 08:30:36
** 2017_08-24
** Station: KB04
** Start Time: 16:02
** Depth (m): 155
** Comment: Edgecumbe
** Comment:
# nquan = 27
# nvalues = 149                         
# units = specified
# name 0 = scan: Scan Count
# name 1 = timeJ: Julian Days
# name 2 = timeH: Time, Elapsed [hours]
# name 3 = timeM: Time, Elapsed [minutes]
# name 4 = timeS: Time, Elapsed [seconds]
# name 5 = prdM: Pressure, Strain Gauge [db]
# name 6 = specc: Specific Conductance [uS/cm]
# name 7 = sal00: Salinity, Practical [PSU]
# name 8 = tv290C: Temperature [ITS-90, deg C]
# name 9 = depSM: Depth [salt water, m], lat = 59.00
# name 10 = potemp090C: Potential Temperature [ITS-90, deg C]
# name 11 = sigma-é00: Density [sigma-theta, kg/m^3]
# name 12 = sbeox0ML/L: Oxygen, SBE 43 [ml/l]
# name 13 = sbeox0Mg/L: Oxygen, SBE 43 [mg/l]
# name 14 = sbeox0PS: Oxygen, SBE 43 [% saturation]
# name 15 = sbox0Mm/Kg: Oxygen, SBE 43 [umol/kg]
# name 16 = sbeox0Mm/L: Oxygen, SBE 43 [umol/l]
# name 17 = sbox0dV/dT: Oxygen, SBE 43 [dov/dt]
# name 18 = oxsolML/L: Oxygen Saturation, Garcia & Gordon [ml/l]
# name 19 = oxsolMg/L: Oxygen Saturation, Garcia & Gordon [mg/l]
# name 20 = oxsolMm/Kg: Oxygen Saturation, Garcia & Gordon [umol/kg]
# name 21 = n2satMg/L: Nitrogen Saturation [mg/l]
# name 22 = par: PAR/Irradiance, Biospherical/Licor
# name 23 = wetStar: Fluorescence, WET Labs WETstar [mg/m^3]
# name 24 = CStarAt0: Beam Attenuation, WET Labs C-Star [1/m]
# name 25 = CStarTr0: Beam Transmission, WET Labs C-Star [%]
# name 26 = flag: flag
# span 0 =        139,        908       
# span 1 = 236.668952, 236.671179       
# span 2 =    0.00957,    0.06302       
# span 3 =     0.5741,     3.7812       
# span 4 =     34.445,    226.873       
# span 5 =      1.019,    150.421       
# span 6 =  48628.007,  49719.638       
# span 7 =    30.9742,    31.5159       
# span 8 =     9.3983,    10.7593       
# span 9 =      1.000,    149.000       
# span 10 =     9.3731,    10.7480      
# span 11 =    23.6921,    24.3317      
# span 12 =     2.3833,     2.5410      
# span 13 =     3.4060,     3.6313      
# span 14 =     37.354,     38.888      
# span 15 =    103.975,    110.785      
# span 16 =    106.438,    113.479      
# span 17 =   -0.00072,    0.00139      
# span 18 =    6.37230,    6.54336      
# span 19 =    9.10666,    9.35111      
# span 20 =  277.99546,  285.28471      
# span 21 =   14.43047,   14.77723      
# span 22 = 4.8636e-02, 1.1740e+02      
# span 23 =     0.2445,     2.1399      
# span 24 =     0.2418,     2.3719      
# span 25 =    55.2493,    94.1349      
# span 26 = 0.0000e+00, 0.0000e+00      
# interval = meters: 1                  
# start_time = Aug 24 2017 16:02:43 [Instrument's time stamp, header]
# bad_flag = -9.990e-29
*END*
        139 236.668952    0.00957     0.5741     34.445      1.019  48668.993    31.0092    10.7593      1.000    10.7480    23.7111     2.3959     3.4239     37.598    104.521    107.000    0.00002    6.37230    9.10666  277.99546   14.43047 1.1740e+02     2.0021     0.6614    84.7652 0.0000e+00
        264 236.669314    0.01827     1.0959     65.754      2.013  48628.007    30.9742    10.7111      2.000    10.6669    23.6921     2.3833     3.4060     37.354    103.975    106.438   -0.00068    6.38037    9.11818  278.35247   14.44769 7.6499e+01     1.9954     0.6534    84.9305 0.0000e+00
        277 236.669351    0.01914     1.1482     68.889      3.033  48679.391    30.9991    10.6157      3.000    10.5702    23.7276     2.3914     3.4175     37.409    104.324    106.799    0.00017    6.39255    9.13558  278.87385   14.47256 5.8570e+01     2.0162     0.6767    84.4356 0.0000e+00
        280 236.669362    0.01940     1.1642     69.853      4.034  48778.583    31.0587    10.5303      4.000    10.4999    23.7885     2.3981     3.4271     37.459    104.610    107.099    0.00060    6.40194    9.14901  279.26732   14.49115 4.6836e+01     2.1150     0.6829    84.3041 0.0000e+00
        284 236.669373    0.01968     1.1812     70.874      5.046  48873.699    31.1204    10.4875      5.000    10.4781    23.8437     2.4004     3.4304     37.475    104.706    107.203    0.00050    6.40536    9.15390  279.40144   14.49733 3.8430e+01     2.1345     0.6649    84.6849 0.0000e+00
        289 236.669386    0.01999     1.1994     71.964      6.061  48923.395    31.1527    10.4676      6.000    10.4642    23.8722     2.4018     3.4324     37.488    104.763    107.264    0.00035    6.40681    9.15597  279.45697   14.49985 3.1758e+01     2.1399     0.6337    85.3484 0.0000e+00
        293 236.669398    0.02028     1.2164     72.984      7.066  48954.200    31.1740    10.4663      7.000    10.4637    23.8890     2.4003     3.4302     37.469    104.695    107.197    0.00008    6.40613    9.15500  279.42268   14.49812 2.6214e+01     2.0720     0.6045    85.9750 0.0000e+00
        297 236.669411    0.02059     1.2352     74.112      8.078  48982.194    31.1924    10.4591      8.000    10.4526    23.9046     2.4003     3.4303     37.468    104.695    107.197   -0.00016    6.40637    9.15535  279.42898   14.49835 2.1585e+01     1.9661     0.5723    86.6697 0.0000e+00
        302 236.669423    0.02089     1.2533     75.200      9.079  48995.732    31.2003    10.4482      9.000    10.4430    23.9126     2.4034     3.4347     37.508    104.828    107.335    0.00024    6.40757    9.15705  279.47877   14.50071 1.8535e+01     1.8256     0.5581    86.9764 0.0000e+00
        307 236.669438    0.02123     1.2736     76.417     10.105  49013.519    31.2112    10.4376     10.000    10.4274    23.9229     2.4066     3.4393     37.553    104.969    107.481    0.00065    6.40859    9.15852  279.52078   14.50267 1.5612e+01     1.7765     0.5445    87.2740 0.0000e+00
        311 236.669449    0.02150     1.2901     77.407     11.099  49069.270    31.2467    10.4090     11.000    10.3889    23.9554     2.4074     3.4404     37.550    104.998    107.514    0.00028    6.41112    9.16213  279.62226   14.50739 1.3231e+01     1.6962     0.5245    87.7122 0.0000e+00
        316 236.669465    0.02188     1.3129     78.776     12.116  49149.221    31.2995    10.3814     12.000    10.3844    24.0011     2.4110     3.4456     37.597    105.152    107.676    0.00055    6.41279    9.16452  279.68264   14.51006 1.1324e+01     1.5912     0.4907    88.4567 0.0000e+00
        321 236.669479    0.02222     1.3334     80.001     13.122  49167.246    31.3131    10.3920     13.000    10.3923    24.0100     2.4117     3.4465     37.619    105.179    107.704    0.00043    6.41077    9.16163  279.59199   14.50567 9.5862e+00     1.4661     0.4719    88.8717 0.0000e+00
        325 236.669492    0.02252     1.3515     81.089     14.133  49177.276    31.3201    10.3952     14.000    10.3926    24.0149     2.4137     3.4493     37.654    105.265    107.793    0.00065    6.41004    9.16059  279.55878   14.50406 8.1849e+00     1.4826     0.4543    89.2647 0.0000e+00
        330 236.669505    0.02284     1.3702     82.210     15.139  49183.486    31.3233    10.3891     15.000    10.3824    24.0185     2.4140     3.4498     37.655    105.279    107.808    0.00036    6.41074    9.16160  279.58865   14.50547 7.0718e+00     1.5076     0.4399    89.5854 0.0000e+00
        335 236.669520    0.02320     1.3918     83.506     16.151  49191.713    31.3271    10.3755     16.000    10.3679    24.0237     2.4201     3.4586     37.740    105.545    108.081    0.00084    6.41249    9.16409  279.66329   14.50903 6.0746e+00     1.4992     0.4264    89.8886 0.0000e+00
        340 236.669534    0.02355     1.4133     84.799     17.170  49205.999    31.3350    10.3611     17.000    10.3547    24.0322     2.4227     3.4622     37.770    105.657    108.196    0.00082    6.41417    9.16650  279.73439   14.51240 5.1695e+00     1.3588     0.3949    90.5988 0.0000e+00
        344 236.669545    0.02381     1.4285     85.708     18.168  49228.845    31.3501    10.3559     18.000    10.3558    24.0449     2.4212     3.4601     37.746    105.590    108.130    0.00040    6.41427    9.16664  279.73536   14.51239 4.4796e+00     1.2334     0.3739    91.0745 0.0000e+00
        347 236.669556    0.02406     1.4437     86.620     19.187  49237.184    31.3562    10.3616     19.000    10.3627    24.0488     2.4200     3.4584     37.734    105.537    108.075   -0.00017    6.41323    9.16515  279.68878   14.51013 3.8964e+00     1.1639     0.3690    91.1879 0.0000e+00
        351 236.669565    0.02429     1.4572     87.431     20.182  49230.163    31.3514    10.3653     20.000    10.3592    24.0444     2.4250     3.4656     37.815    105.758    108.301    0.00066    6.41291    9.16470  279.67611   14.50955 3.3997e+00     1.1247     0.3660    91.2566 0.0000e+00
        355 236.669577    0.02456     1.4738     88.428     21.202  49223.756    31.3451    10.3548     21.000    10.3450    24.0412     2.4302     3.4730     37.885    105.986    108.533    0.00119    6.41464    9.16717  279.75238   14.51322 2.9640e+00     1.1469     0.3696    91.1748 0.0000e+00
        359 236.669589    0.02485     1.4910     89.463     22.206  49229.658    31.3470    10.3400     22.000    10.3303    24.0453     2.4317     3.4750     37.896    106.046    108.596    0.00089    6.41664    9.17001  279.83822   14.51732 2.5888e+00     1.1318     0.3680    91.2119 0.0000e+00
        364 236.669602    0.02518     1.5106     90.634     23.220  49246.396    31.3567    10.3255     23.000    10.3198    24.0552     2.4313     3.4747     37.882    106.033    108.584    0.00029    6.41825    9.17233  279.90613   14.52054 2.2514e+00     1.0182     0.3504    91.6134 0.0000e+00
        368 236.669614    0.02547     1.5279     91.672     24.228  49252.915    31.3601    10.3191     24.000    10.3100    24.0589     2.4328     3.4768     37.901    106.097    108.649    0.00031    6.41901    9.17340  279.93781   14.52204 1.9674e+00     0.9502     0.3385    91.8863 0.0000e+00
        372 236.669626    0.02574     1.5447     92.681     25.237  49268.243    31.3690    10.3070     25.000    10.3014    24.0679     2.4365     3.4820     37.949    106.256    108.814    0.00056    6.42032    9.17528  279.99265   14.52462 1.7345e+00     0.9059     0.3319    92.0371 0.0000e+00
        376 236.669638    0.02605     1.5630     93.779     26.243  49274.961    31.3728    10.3030     26.000    10.2995    24.0716     2.4394     3.4861     37.992    106.383    108.944    0.00083    6.42074    9.17588  280.00989   14.52543 1.5234e+00     0.8971     0.3203    92.3045 0.0000e+00
        381 236.669653    0.02638     1.5827     94.959     27.259  49277.051    31.3738    10.3019     27.000    10.2978    24.0725     2.4398     3.4867     37.998    106.400    108.962    0.00030    6.42085    9.17603  280.01446   14.52565 1.3396e+00     0.9122     0.3204    92.3022 0.0000e+00
        386 236.669666    0.02672     1.6030     96.183     28.267  49280.878    31.3757    10.2990     28.000    10.2950    24.0745     2.4429     3.4911     38.044    106.534    109.099    0.00081    6.42117    9.17650  280.02807   14.52630 1.1799e+00     0.9214     0.3131    92.4713 0.0000e+00
        390 236.669679    0.02702     1.6213     97.280     29.277  49281.593    31.3755    10.2974     29.000    10.2910    24.0747     2.4454     3.4947     38.082    106.645    109.212    0.00029    6.42139    9.17682  280.03782   14.52676 1.0370e+00     0.9000     0.3077    92.5956 0.0000e+00
        394 236.669690    0.02727     1.6366     98.196     30.281  49286.655    31.3779    10.2903     30.000    10.2832    24.0777     2.4508     3.5023     38.160    106.876    109.450    0.00139    6.42229    9.17810  280.07605   14.52859 9.1775e-01     0.8156     0.3178    92.3628 0.0000e+00
        398 236.669702    0.02758     1.6548     99.287     31.296  49293.796    31.3819    10.2858     31.000    10.2824    24.0816     2.4481     3.4987     38.117    106.763    109.334    0.00030    6.42277    9.17878  280.09561   14.52950 8.0943e-01     0.8218     0.3056    92.6439 0.0000e+00
        402 236.669714    0.02786     1.6715    100.291     32.307  49297.198    31.3840    10.2865     32.000    10.2832    24.0832     2.4507     3.5023     38.157    106.874    109.448    0.00059    6.42257    9.17850  280.08666   14.52906 7.1678e-01     0.7927     0.3049    92.6601 0.0000e+00
        406 236.669725    0.02813     1.6878    101.271     33.306  49298.589    31.3846    10.2872     33.000    10.2838    24.0835     2.4533     3.5062     38.199    106.990    109.567    0.00071    6.42245    9.17833  280.08147   14.52882 6.3194e-01     0.7929     0.2971    92.8430 0.0000e+00
        411 236.669740    0.02847     1.7084    102.505     34.328  49299.760    31.3851    10.2878     34.000    10.2843    24.0838     2.4543     3.5075     38.215    107.032    109.610    0.00058    6.42234    9.17816  280.07638   14.52857 5.6211e-01     0.7937     0.2921    92.9565 0.0000e+00
        415 236.669752    0.02877     1.7262    103.574     35.335  49299.469    31.3846    10.2886     35.000    10.2837    24.0833     2.4546     3.5078     38.219    107.042    109.620    0.00034    6.42225    9.17804  280.07266   14.52840 4.9474e-01     0.8079     0.2899    93.0071 0.0000e+00
        419 236.669764    0.02905     1.7430    104.578     36.339  49301.884    31.3854    10.2848     36.000    10.2776    24.0846     2.4562     3.5102     38.244    107.117    109.697    0.00031    6.42276    9.17876  280.09443   14.52944 4.4146e-01     0.8159     0.2909    92.9842 0.0000e+00
        424 236.669776    0.02936     1.7615    105.689     37.356  49306.215    31.3873    10.2785     37.000    10.2686    24.0871     2.4585     3.5134     38.272    107.213    109.796    0.00051    6.42357    9.17993  280.12912   14.53109 3.9238e-01     0.7928     0.2830    93.1704 0.0000e+00
        428 236.669788    0.02964     1.7784    106.706     38.365  49319.051    31.3942    10.2649     38.000    10.2558    24.0949     2.4616     3.5178     38.311    107.346    109.933    0.00056    6.42517    9.18221  280.19677   14.53430 3.5224e-01     0.7601     0.2717    93.4330 0.0000e+00
        432 236.669799    0.02990     1.7941    107.647     39.367  49326.662    31.3985    10.2589     39.000    10.2530    24.0991     2.4618     3.5181     38.311    107.356    109.943    0.00046    6.42583    9.18316  280.22469   14.53562 3.1516e-01     0.7528     0.2680    93.5198 0.0000e+00
        436 236.669811    0.03020     1.8117    108.700     40.383  49330.603    31.4004    10.2555     40.000    10.2496    24.1012     2.4622     3.5187     38.315    107.372    109.960    0.00014    6.42623    9.18373  280.24127   14.53640 2.7926e-01     0.7165     0.2699    93.4751 0.0000e+00
        440 236.669824    0.03049     1.8295    109.770     41.393  49334.327    31.4023    10.2533     41.000    10.2481    24.1031     2.4671     3.5257     38.390    107.587    110.180    0.00077    6.42646    9.18405  280.25094   14.53685 2.5359e-01     0.7151     0.2618    93.6630 0.0000e+00
        444 236.669835    0.03077     1.8464    110.782     42.402  49335.574    31.4025    10.2514     42.000    10.2439    24.1036     2.4669     3.5254     38.385    107.577    110.170    0.00055    6.42673    9.18444  280.26250   14.53741 2.3047e-01     0.7004     0.2599    93.7107 0.0000e+00
        448 236.669847    0.03104     1.8627    111.761     43.410  49340.129    31.4047    10.2461     43.000    10.2391    24.1062     2.4671     3.5257     38.384    107.587    110.180    0.00013    6.42738    9.18537  280.29004   14.53872 2.0609e-01     0.6866     0.2563    93.7930 0.0000e+00
        452 236.669858    0.03132     1.8793    112.759     44.421  49343.515    31.4062    10.2425     44.000    10.2359    24.1080     2.4683     3.5276     38.401    107.642    110.237    0.00033    6.42782    9.18599  280.30858   14.53960 1.8684e-01     0.6931     0.2541    93.8449 0.0000e+00
        456 236.669870    0.03160     1.8957    113.739     45.424  49345.969    31.4070    10.2381     45.000    10.2304    24.1093     2.4704     3.5305     38.429    107.731    110.328    0.00035    6.42839    9.18682  280.33348   14.54079 1.6874e-01     0.6866     0.2507    93.9255 0.0000e+00
        461 236.669883    0.03193     1.9156    114.934     46.442  49350.873    31.4093    10.2324     46.000    10.2258    24.1120     2.4734     3.5349     38.473    107.864    110.465    0.00062    6.42910    9.18783  280.36356   14.54222 1.5517e-01     0.6721     0.2498    93.9459 0.0000e+00
        465 236.669896    0.03222     1.9335    116.012     47.451  49353.127    31.4102    10.2304     47.000    10.2241    24.1132     2.4715     3.5320     38.441    107.779    110.379    0.00005    6.42935    9.18819  280.37407   14.54272 1.4150e-01     0.6428     0.2473    94.0044 0.0000e+00
        469 236.669907    0.03249     1.9493    116.960     48.461  49354.606    31.4106    10.2286     48.000    10.2225    24.1138     2.4733     3.5345     38.467    107.854    110.455    0.00006    6.42958    9.18851  280.38399   14.54320 1.3249e-01     0.6454     0.2495    93.9534 0.0000e+00
        472 236.669917    0.03273     1.9638    117.831     49.465  49356.103    31.4111    10.2275     49.000    10.2214    24.1144     2.4756     3.5378     38.502    107.954    110.557    0.00049    6.42972    9.18871  280.38970   14.54347 1.2012e-01     0.6366     0.2477    93.9960 0.0000e+00
        476 236.669929    0.03301     1.9804    118.822     50.475  49357.331    31.4114    10.2264     50.000    10.2200    24.1148     2.4775     3.5405     38.530    108.037    110.643    0.00051    6.42986    9.18892  280.39597   14.54376 1.1163e-01     0.6533     0.2574    93.7677 0.0000e+00
        481 236.669941    0.03330     1.9984    119.901     51.494  49357.978    31.4112    10.2248     51.000    10.2182    24.1150     2.4791     3.5428     38.555    108.108    110.715    0.00050    6.43009    9.18924  280.40561   14.54422 1.0312e-01     0.6274     0.2511    93.9162 0.0000e+00
        484 236.669952    0.03357     2.0140    120.842     52.493  49360.274    31.4123    10.2237     52.000    10.2177    24.1160     2.4782     3.5416     38.541    108.071    110.677    0.00022    6.43019    9.18940  280.41028   14.54445 9.6833e-02     0.6444     0.2531    93.8686 0.0000e+00
        489 236.669964    0.03386     2.0315    121.891     53.511  49360.748    31.4121    10.2230     53.000    10.2164    24.1160     2.4805     3.5449     38.575    108.169    110.777    0.00029    6.43030    9.18954  280.41462   14.54466 9.2111e-02     0.6502     0.2477    93.9969 0.0000e+00
