CTD-processing/allCTD/CNV/2017_04-20_t9_s05_cast160_4141.cnv
* Sea-Bird SBE19plus Data File:
* FileName = P:\My Documents\kasitsna\Research-KBL\Oceanography-AK\CTD-Data-ALL-to-2017-02\2017-CTD-KachemakBay-CookInlet\2017-04-20-CookInlet-Tran9-HomerSpit\2017-04-20-CookInlet-Tran9-cast160.hex
* Software Version 1.59
* Temperature SN =  4141
* Conductivity SN =  4141
* System UpLoad Time = Apr 24 2017 21:48:43
** Cook Inlet LTM Transect 9 Homer Spit south to north
** Date: 2017-04-20
** Station: (eg. 9-01): 9-05
** Start time (AKDT): 21:53
** Depth (m): 98.1
** Comment: R/V Alaska Dreamcatcher
** Comment:
# nquan = 27
# nvalues = 97                          
# units = specified
# name 0 = scan: Scan Count
# name 1 = timeJ: Julian Days
# name 2 = timeH: Time, Elapsed [hours]
# name 3 = timeM: Time, Elapsed [minutes]
# name 4 = timeS: Time, Elapsed [seconds]
# name 5 = prdM: Pressure, Strain Gauge [db]
# name 6 = specc: Specific Conductance [uS/cm]
# name 7 = sal00: Salinity, Practical [PSU]
# name 8 = tv290C: Temperature [ITS-90, deg C]
# name 9 = depSM: Depth [salt water, m], lat = 59.00
# name 10 = potemp090C: Potential Temperature [ITS-90, deg C]
# name 11 = sigma-é00: Density [sigma-theta, kg/m^3]
# name 12 = sbeox0ML/L: Oxygen, SBE 43 [ml/l]
# name 13 = sbeox0Mg/L: Oxygen, SBE 43 [mg/l]
# name 14 = sbeox0PS: Oxygen, SBE 43 [% saturation]
# name 15 = sbox0Mm/Kg: Oxygen, SBE 43 [umol/kg]
# name 16 = sbeox0Mm/L: Oxygen, SBE 43 [umol/l]
# name 17 = sbox0dV/dT: Oxygen, SBE 43 [dov/dt]
# name 18 = oxsolML/L: Oxygen Saturation, Garcia & Gordon [ml/l]
# name 19 = oxsolMg/L: Oxygen Saturation, Garcia & Gordon [mg/l]
# name 20 = oxsolMm/Kg: Oxygen Saturation, Garcia & Gordon [umol/kg]
# name 21 = n2satMg/L: Nitrogen Saturation [mg/l]
# name 22 = par: PAR/Irradiance, Biospherical/Licor
# name 23 = wetStar: Fluorescence, WET Labs WETstar [mg/m^3]
# name 24 = CStarAt0: Beam Attenuation, WET Labs C-Star [1/m]
# name 25 = CStarTr0: Beam Transmission, WET Labs C-Star [%]
# name 26 = flag: flag
# span 0 =         85,        601       
# span 1 = 110.912430, 110.913923       
# span 2 =    0.00581,    0.04164       
# span 3 =     0.3484,     2.4985       
# span 4 =     20.905,    149.907       
# span 5 =      1.012,     97.879       
# span 6 =  49861.207,  52227.887       
# span 7 =    31.0756,    32.2137       
# span 8 =     3.7090,     5.7936       
# span 9 =      1.000,     97.000       
# span 10 =     3.7054,     5.8239      
# span 11 =    24.4815,    25.5919      
# span 12 =     3.5601,     4.2004      
# span 13 =     5.0878,     6.0029      
# span 14 =     49.926,     56.506      
# span 15 =    155.191,    182.938      
# span 16 =    158.995,    187.592      
# span 17 =   -0.00039,    0.00468      
# span 18 =    7.12402,    7.44532      
# span 19 =   10.18093,   10.64011      
# span 20 =  310.54887,  324.26039      
# span 21 =   15.98444,   16.63328      
# span 22 = 3.6382e-02, 6.3432e-01      
# span 23 =     0.4187,    16.1206      
# span 24 =     0.5083,     2.2986      
# span 25 =    58.1224,    88.0691      
# span 26 = 0.0000e+00, 0.0000e+00      
# interval = meters: 1                  
# start_time = Apr 20 2017 21:53:33 [Instrument's time stamp, header]
# bad_flag = -9.990e-29
*END*
         85 110.912430    0.00581     0.3484     20.905      1.012  49861.207    31.0756     5.7558      1.000     5.8239    24.4815     3.6136     5.1642     50.670    157.526    161.383    0.00097    7.13180   10.19205  310.89224   16.00094 6.3432e-01     2.3055     2.2986    58.1224 0.0000e+00
        248 110.912901    0.01713     1.0282     61.691      2.021  49907.200    31.1098     5.7532      2.000     5.7961    24.5088     3.5601     5.0878     49.926    155.191    158.995    0.00006    7.13083   10.19067  310.84440   15.99851 3.5809e-01     5.3772     1.3248    71.7769 0.0000e+00
        251 110.912911    0.01736     1.0417     62.502      3.030  49896.469    31.1098     5.7936      3.000     5.7701    24.5041     3.5628     5.0916     50.011    155.310    159.116    0.00089    7.12402   10.18093  310.54887   15.98444 2.4140e-01     5.3741     1.3269    71.7697 0.0000e+00
        255 110.912923    0.01765     1.0589     63.535      4.038  49991.668    31.1600     5.7177      4.000     5.6528    24.5526     3.5698     5.1016     50.037    155.607    159.428    0.00062    7.13443   10.19581  310.98811   16.00515 1.7066e-01     3.8643     1.3172    71.9451 0.0000e+00
        259 110.912935    0.01794     1.0762     64.570      5.047  50141.638    31.2449     5.6272      5.000     5.6347    24.6301     3.5750     5.1090     50.030    155.822    159.660    0.00028    7.14568   10.21190  311.45512   16.02704 1.2546e-01     3.7902     1.3201    71.8960 0.0000e+00
        263 110.912947    0.01822     1.0936     65.614      6.060  50128.481    31.2370     5.6354      6.000     5.6254    24.6229     3.5979     5.1418     50.358    156.822    160.684    0.00265    7.14467   10.21044  311.41309   16.02508 9.5372e-02     3.9191     1.2746    72.7157 0.0000e+00
        267 110.912958    0.01849     1.1093     66.557      7.066  50156.235    31.2512     5.6131      7.000     5.5986    24.6366     3.6023     5.1480     50.397    157.009    160.877    0.00259    7.14777   10.21487  311.54391   16.03125 7.7789e-02     4.1697     1.2553    73.0640 0.0000e+00
        271 110.912969    0.01875     1.1248     67.485      8.074  50191.605    31.2696     5.5861      8.000     5.5434    24.6543     3.6014     5.1467     50.358    156.966    160.837    0.00127    7.15146   10.22015  311.69952   16.03859 6.6512e-02     4.4301     1.2499    73.1637 0.0000e+00
        275 110.912979    0.01901     1.1405     68.431      9.087  50332.015    31.3265     5.3935      9.000     5.1636    24.7210     3.6280     5.1847     50.518    158.117    162.026    0.00188    7.18157   10.26320  312.99170   16.09988 5.8706e-02     4.2713     1.1891    74.2846 0.0000e+00
        278 110.912990    0.01927     1.1558     69.348     10.094  50717.160    31.5059     4.9902     10.000     4.8266    24.9072     3.6764     5.2538     50.761    160.194    164.184    0.00317    7.24236   10.35006  315.58337   16.22252 5.2741e-02     4.3804     1.0923    76.1080 0.0000e+00
        282 110.913001    0.01952     1.1715     70.291     11.103  51226.039    31.8115     4.7910     11.000     4.8261    25.1707     3.6978     5.2845     50.919    161.089    165.143    0.00336    7.26211   10.37828  316.36269   16.25838 4.7216e-02     4.5039     1.3525    71.3431 0.0000e+00
        286 110.913012    0.01979     1.1875     71.250     12.116  51385.151    31.9436     4.8960     12.000     4.9548    25.2643     3.6873     5.2696     50.948    160.617    164.675    0.00290    7.23742   10.34300  315.25849   16.20528 4.2297e-02     6.1913     1.7676    64.2889 0.0000e+00
        290 110.913023    0.02005     1.2028     72.167     13.121  51353.576    31.9410     4.9850     13.000     5.0174    25.2525     3.6772     5.2552     50.916    160.181    164.226    0.00167    7.22214   10.32115  314.59617   16.17376 3.8599e-02    12.7337     1.6784    65.7363 0.0000e+00
        293 110.913034    0.02031     1.2187     73.123     14.133  51408.758    31.9951     5.0608     14.000     5.1166    25.2870     3.6732     5.2494     50.971    160.000    164.046    0.00155    7.20646   10.29875  313.90289   16.14054 3.6531e-02    16.1206     1.4429    69.7321 0.0000e+00
        297 110.913045    0.02059     1.2350     74.102     15.143  51311.127    31.9467     5.1504     15.000     5.1476    25.2390     3.6789     5.2576     51.143    160.257    164.302    0.00248    7.19339   10.28008  313.34828   16.11433 3.6387e-02    14.3650     1.1728    74.5921 0.0000e+00
        301 110.913056    0.02084     1.2508     75.046     16.151  51276.609    31.9185     5.1318     16.000     5.1048    25.2186     3.6960     5.2819     51.347    161.002    165.062    0.00354    7.19793   10.28657  313.55250   16.12417 3.6383e-02    11.2538     1.2136    73.8336 0.0000e+00
        305 110.913067    0.02111     1.2666     75.996     17.160  51297.639    31.9212     5.0802     17.000     5.0584    25.2266     3.7153     5.3096     51.554    161.844    165.927    0.00415    7.20667   10.29905  313.93040   16.14215 3.6382e-02    10.0336     1.3432    71.4782 0.0000e+00
        309 110.913078    0.02138     1.2825     76.951     18.171  51344.416    31.9468     5.0516     18.000     5.0433    25.2498     3.7325     5.3341     51.766    162.588    166.693    0.00468    7.21036   10.30434  314.08438   16.14938 3.6382e-02    10.2647     1.3702    71.0021 0.0000e+00
        313 110.913089    0.02164     1.2981     77.887     19.181  51349.994    31.9452     5.0290     19.000     5.0063    25.2511     3.7454     5.3526     51.916    163.151    167.270    0.00462    7.21434   10.31002  314.25735   16.15762 3.6382e-02    11.5750     1.2926    72.3888 0.0000e+00
        316 110.913100    0.02189     1.3137     78.821     20.189  51394.854    31.9678     4.9937     20.000     4.9814    25.2729     3.7560     5.3677     52.026    163.608    167.742    0.00419    7.21934   10.31716  314.46834   16.16757 3.6382e-02    12.1910     1.2215    73.6882 0.0000e+00
        320 110.913111    0.02216     1.3297     79.779     21.199  51414.156    31.9769     4.9772     21.000     4.9708    25.2819     3.7658     5.3817     52.146    164.034    168.181    0.00381    7.22176   10.32061  314.57065   16.17240 3.6382e-02    11.9875     1.1032    75.9009 0.0000e+00
        324 110.913122    0.02242     1.3454     80.723     22.210  51425.209    31.9822     4.9685     22.000     4.9642    25.2870     3.7769     5.3976     52.289    164.516    168.676    0.00384    7.22301   10.32240  314.62366   16.17491 3.6382e-02    11.9610     1.0247    77.4027 0.0000e+00
        328 110.913133    0.02268     1.3608     81.645     23.217  51438.504    31.9898     4.9636     23.000     4.9575    25.2935     3.7890     5.4150     52.455    165.046    169.221    0.00409    7.22348   10.32307  314.64206   16.17575 3.6382e-02    11.0910     0.9641    78.5816 0.0000e+00
        331 110.913143    0.02295     1.3766     82.596     24.229  51450.925    31.9961     4.9558     24.000     4.9497    25.2994     3.7984     5.4283     52.576    165.450    169.636    0.00401    7.22453   10.32456  314.68585   16.17782 3.6382e-02     9.6166     0.8839    80.1802 0.0000e+00
        335 110.913154    0.02320     1.3923     83.539     25.239  51443.119    31.9877     4.9444     25.000     4.9283    25.2940     3.8095     5.4441     52.712    165.935    170.132    0.00376    7.22690   10.32797  314.79131   16.18287 3.6382e-02     9.1094     0.8658    80.5373 0.0000e+00
        339 110.913165    0.02346     1.4077     84.464     26.245  51443.435    31.9813     4.9166     26.000     4.8926    25.2919     3.8260     5.4678     52.904    166.655    170.870    0.00433    7.23202   10.33528  315.01474   16.19353 3.6382e-02     8.1509     0.8276    81.3107 0.0000e+00
        343 110.913176    0.02373     1.4238     85.430     27.260  51441.094    31.9681     4.8663     27.000     4.8340    25.2868     3.8401     5.4879     53.030    167.270    171.500    0.00398    7.24140   10.34868  315.42480   16.21310 3.6382e-02     8.2779     0.8462    80.9350 0.0000e+00
        346 110.913187    0.02399     1.4393     86.356     28.267  51454.931    31.9640     4.8077     28.000     4.7672    25.2899     3.8616     5.5186     53.250    168.204    172.458    0.00455    7.25177   10.36350  315.87559   16.23458 3.6382e-02     8.1319     0.8028    81.8174 0.0000e+00
        350 110.913197    0.02425     1.4545     87.271     29.275  51458.002    31.9488     4.7326     29.000     4.6756    25.2858     3.8803     5.5453     53.406    169.018    173.293    0.00467    7.26561   10.38329  316.47992   16.26340 3.6382e-02     8.4977     0.7316    83.2842 0.0000e+00
        354 110.913208    0.02450     1.4701     88.205     30.286  51528.205    31.9748     4.6366     30.000     4.6051    25.3165     3.8929     5.5634     53.465    169.564    173.856    0.00370    7.28114   10.40547  317.14651   16.29502 3.6382e-02     7.1814     0.6534    84.9281 0.0000e+00
        357 110.913219    0.02475     1.4853     89.117     31.294  51580.298    32.0013     4.5986     31.000     4.5890    25.3415     3.9021     5.5766     53.553    169.964    174.270    0.00314    7.28651   10.41315  317.37289   16.30568 3.6382e-02     6.1752     0.6173    85.7004 0.0000e+00
        361 110.913229    0.02501     1.5006     90.036     32.304  51592.879    32.0068     4.5873     32.000     4.5821    25.3471     3.9147     5.5945     53.713    170.509    174.831    0.00356    7.28823   10.41560  317.44572   16.30913 3.6382e-02     4.4847     0.6210    85.6193 0.0000e+00
        365 110.913241    0.02527     1.5162     90.972     33.315  51584.250    31.9986     4.5790     33.000     4.5650    25.3414     3.9227     5.6060     53.809    170.860    175.190    0.00348    7.29010   10.41828  317.52916   16.31314 3.6382e-02     4.4753     0.6089    85.8783 0.0000e+00
        369 110.913251    0.02552     1.5313     91.878     34.323  51571.997    31.9828     4.5495     34.000     4.5212    25.3320     3.9331     5.6209     53.908    171.315    175.654    0.00304    7.29604   10.42678  317.79126   16.32567 3.6382e-02     4.2528     0.5722    86.6705 0.0000e+00
        372 110.913261    0.02577     1.5464     92.786     35.332  51610.554    31.9986     4.5048     35.000     4.4916    25.3490     3.9533     5.6496     54.132    172.189    176.555    0.00401    7.30315   10.43693  318.09529   16.34007 3.6382e-02     4.0647     0.5631    86.8686 0.0000e+00
        376 110.913272    0.02603     1.5620     93.721     36.343  51627.734    32.0061     4.4890     36.000     4.4809    25.3568     3.9657     5.6673     54.282    172.725    177.104    0.00423    7.30555   10.44036  318.19741   16.34490 3.6382e-02     3.5698     0.5602    86.9321 0.0000e+00
        380 110.913283    0.02629     1.5776     94.658     37.354  51630.785    32.0051     4.4775     37.000     4.4692    25.3570     3.9733     5.6781     54.371    173.057    177.445    0.00371    7.30764   10.44334  318.28818   16.34922 3.6382e-02     3.0707     0.5506    87.1408 0.0000e+00
        383 110.913294    0.02655     1.5928     95.566     38.362  51640.348    32.0091     4.4686     38.000     4.4632    25.3611     3.9859     5.6962     54.534    173.607    178.010    0.00385    7.30901   10.44531  318.34689   16.35200 3.6382e-02     2.7045     0.5268    87.6610 0.0000e+00
        387 110.913304    0.02680     1.6079     96.471     39.370  51641.170    32.0081     4.4640     39.000     4.4577    25.3608     3.9883     5.6997     54.560    173.712    178.118    0.00321    7.30987   10.44654  318.38452   16.35380 3.6382e-02     2.6578     0.5469    87.2207 0.0000e+00
        391 110.913315    0.02705     1.6230     97.382     40.381  51632.990    31.9999     4.4551     40.000     4.4422    25.3552     3.9929     5.7063     54.609    173.915    178.325    0.00233    7.31185   10.44937  318.47237   16.35801 3.6382e-02     2.0587     0.5333    87.5174 0.0000e+00
        394 110.913325    0.02730     1.6382     98.291     41.391  51639.619    31.9992     4.4350     41.000     4.4242    25.3568     4.0078     5.7276     54.785    174.562    178.988    0.00327    7.31542   10.45447  318.62735   16.36539 3.6382e-02     2.3867     0.5149    87.9212 0.0000e+00
        398 110.913336    0.02756     1.6535     99.211     42.400  51648.805    32.0022     4.4227     42.000     4.4143    25.3604     4.0140     5.7364     54.855    174.832    179.266    0.00279    7.31747   10.45740  318.71560   16.36958 3.6382e-02     2.4206     0.5083    88.0691 0.0000e+00
        402 110.913347    0.02782     1.6688    100.125     43.412  51650.374    32.0003     4.4120     43.000     4.4025    25.3599     4.0201     5.7451     54.924    175.096    179.537    0.00250    7.31944   10.46022  318.80156   16.37368 3.6382e-02     2.1527     0.5254    87.6926 0.0000e+00
        405 110.913357    0.02807     1.6837    101.020     44.418  51629.522    31.9822     4.3984     44.000     4.3697    25.3471     4.0308     5.7604     55.045    175.565    180.015    0.00286    7.32276   10.46496  318.95003   16.38081 3.6382e-02     2.5636     0.5297    87.5958 0.0000e+00
        409 110.913367    0.02831     1.6989    101.934     45.430  51590.520    31.9399     4.3336     45.000     4.2820    25.3200     4.0486     5.7858     55.185    176.343    180.809    0.00299    7.33632   10.48434  319.54930   16.40949 3.6382e-02     1.9960     0.5408    87.3534 0.0000e+00
        412 110.913378    0.02857     1.7141    102.845     46.440  51654.953    31.9663     4.2606     46.000     4.2330    25.3483     4.0621     5.8052     55.282    176.928    181.414    0.00301    7.34802   10.50105  320.04975   16.43319 3.6382e-02     2.1552     0.5616    86.9007 0.0000e+00
        416 110.913388    0.02883     1.7295    103.768     47.447  51666.712    31.9632     4.2155     47.000     4.1887    25.3503     4.0698     5.8161     55.325    177.265    181.759    0.00229    7.35621   10.51276  320.40608   16.45016 3.6382e-02     1.9338     0.5761    86.5852 0.0000e+00
        420 110.913399    0.02909     1.7451    104.706     48.461  51656.384    31.9446     4.1692     48.000     4.1233    25.3401     4.0801     5.8309     55.396    177.715    182.218    0.00225    7.36542   10.52591  320.81015   16.46946 3.6382e-02     2.1187     0.5732    86.6505 0.0000e+00
        423 110.913410    0.02933     1.7601    105.604     49.468  51640.667    31.9107     4.0748     49.000     4.0157    25.3225     4.0933     5.8498     55.435    178.293    182.808    0.00173    7.38402   10.55250  321.62595   16.50839 3.6382e-02     1.9637     0.6132    85.7870 0.0000e+00
        427 110.913420    0.02958     1.7753    106.515     50.477  51723.022    31.9444     3.9833     50.000     3.9552    25.3581     4.1057     5.8674     55.491    178.824    183.359    0.00161    7.39880   10.57363  322.25865   16.53835 3.6382e-02     2.1686     0.6563    84.8673 0.0000e+00
        431 110.913431    0.02984     1.7905    107.431     51.490  51743.651    31.9477     3.9416     51.000     3.9199    25.3648     4.1124     5.8769     55.526    179.113    183.657    0.00135    7.40618   10.58417  322.57793   16.55352 3.6382e-02     1.6549     0.6755    84.4609 0.0000e+00
        434 110.913441    0.03009     1.8054    108.325     52.496  51745.930    31.9404     3.9072     52.000     3.8794    25.3622     4.1151     5.8809     55.514    179.235    183.780    0.00077    7.41275   10.59356  322.86488   16.56720 3.6382e-02     1.6495     0.6914    84.1273 0.0000e+00
        438 110.913452    0.03035     1.8209    109.253     53.508  51767.579    31.9434     3.8613     53.000     3.8402    25.3690     4.1300     5.9021     55.653    179.882    184.445    0.00146    7.42092   10.60523  323.21848   16.58400 3.6382e-02     1.4565     0.7279    83.3632 0.0000e+00
