CTD-processing/allCTD/CNV/2017_11-07_t9_s06_cast111_4141.cnv
* Sea-Bird SBE19plus Data File:
* FileName = C:\Users\Kim.Powell\Desktop\Not Processed\2017\2017_11-07_AlongBay,T9_4141\2017_11-07_TRANSECT_STATION_cast111.hex
* Software Version 1.59
* Temperature SN =  4141
* Conductivity SN =  4141
* System UpLoad Time = Nov 09 2017 10:44:44
** 2017_11-07
** Station: 9-06
** Start Time: 15:32
** Depth (m): 103.6
** Comment: Edgecumbe
** Comment: CTD time 1 hr off for daylight savings time
# nquan = 27
# nvalues = 97                          
# units = specified
# name 0 = scan: Scan Count
# name 1 = timeJ: Julian Days
# name 2 = timeH: Time, Elapsed [hours]
# name 3 = timeM: Time, Elapsed [minutes]
# name 4 = timeS: Time, Elapsed [seconds]
# name 5 = prdM: Pressure, Strain Gauge [db]
# name 6 = specc: Specific Conductance [uS/cm]
# name 7 = sal00: Salinity, Practical [PSU]
# name 8 = tv290C: Temperature [ITS-90, deg C]
# name 9 = depSM: Depth [salt water, m], lat = 59.00
# name 10 = potemp090C: Potential Temperature [ITS-90, deg C]
# name 11 = sigma-é00: Density [sigma-theta, kg/m^3]
# name 12 = sbeox0ML/L: Oxygen, SBE 43 [ml/l]
# name 13 = sbeox0Mg/L: Oxygen, SBE 43 [mg/l]
# name 14 = sbeox0PS: Oxygen, SBE 43 [% saturation]
# name 15 = sbox0Mm/Kg: Oxygen, SBE 43 [umol/kg]
# name 16 = sbeox0Mm/L: Oxygen, SBE 43 [umol/l]
# name 17 = sbox0dV/dT: Oxygen, SBE 43 [dov/dt]
# name 18 = oxsolML/L: Oxygen Saturation, Garcia & Gordon [ml/l]
# name 19 = oxsolMg/L: Oxygen Saturation, Garcia & Gordon [mg/l]
# name 20 = oxsolMm/Kg: Oxygen Saturation, Garcia & Gordon [umol/kg]
# name 21 = n2satMg/L: Nitrogen Saturation [mg/l]
# name 22 = par: PAR/Irradiance, Biospherical/Licor
# name 23 = wetStar: Fluorescence, WET Labs WETstar [mg/m^3]
# name 24 = CStarAt0: Beam Attenuation, WET Labs C-Star [1/m]
# name 25 = CStarTr0: Beam Transmission, WET Labs C-Star [%]
# name 26 = flag: flag
# span 0 =        588,       1710       
# span 1 = 311.691107, 311.694355       
# span 2 =    0.04075,    0.11869       
# span 3 =     2.4452,     7.1215       
# span 4 =    146.711,    427.290       
# span 5 =      1.013,     97.931       
# span 6 =  48170.200,  48916.752       
# span 7 =    30.3368,    30.9042       
# span 8 =     8.2102,     8.9141       
# span 9 =      1.000,     97.000       
# span 10 =     8.2405,     8.9062      
# span 11 =    23.5845,    23.9303      
# span 12 =     2.7562,     2.7797      
# span 13 =     3.9389,     3.9726      
# span 14 =     40.998,     41.638      
# span 15 =    120.236,    121.276      
# span 16 =    123.093,    124.143      
# span 17 =   -0.00046,    0.00083      
# span 18 =    6.64269,    6.77161      
# span 19 =    9.49305,    9.67731      
# span 20 =  289.73926,  295.45813      
# span 21 =   14.99278,   15.26806      
# span 22 = 4.3577e-02, 2.5239e+01      
# span 23 =     0.3170,     0.9410      
# span 24 =     0.5113,     3.7055      
# span 25 =    46.4414,    87.9998      
# span 26 = 0.0000e+00, 0.0000e+00      
# interval = meters: 1                  
# start_time = Nov 07 2017 16:32:45 [Instrument's time stamp, header]
# bad_flag = -9.990e-29
*END*
[from data line 54]
       1498 311.693741    0.10395     6.2371    374.223     55.532  48669.350    30.7351     8.7928     55.000     8.7889    23.8123     2.7649     3.9513     41.480    120.609    123.480    0.00009    6.66561    9.52582  290.76215   15.04216 4.4195e-02     0.5252     0.5113    87.9998 0.0000e+00
       1502 311.693754    0.10426     6.2554    375.321     56.530  48672.086    30.7369     8.7961     56.000     8.7909    23.8134     2.7660     3.9528     41.499    120.655    123.529    0.00011    6.66503    9.52500  290.73706   15.04095 4.4205e-02     0.4620     0.5193    87.8254 0.0000e+00
       1507 311.693768    0.10460     6.2763    376.579     57.552  48674.083    30.7381     8.7968     57.000     8.7910    23.8141     2.7647     3.9510     41.482    120.599    123.471   -0.00003    6.66488    9.52478  290.73010   15.04062 4.4132e-02     0.3682     0.5298    87.5956 0.0000e+00
       1512 311.693781    0.10491     6.2949    377.696     58.550  48679.672    30.7416     8.7974     58.000     8.7923    23.8168     2.7646     3.9509     41.481    120.595    123.467   -0.00014    6.66463    9.52442  290.71830   15.04004 4.4020e-02     0.4208     0.5499    87.1567 0.0000e+00
       1517 311.693796    0.10527     6.3161    378.967     59.568  48680.281    30.7418     8.7990     59.000     8.7931    23.8168     2.7641     3.9502     41.476    120.573    123.445   -0.00018    6.66438    9.52407  290.70767   15.03954 4.3913e-02     0.4451     0.5755    86.5979 0.0000e+00
       1522 311.693810    0.10559     6.3355    380.132     60.574  48684.433    30.7444     8.7994     60.000     8.7947    23.8188     2.7664     3.9534     41.511    120.672    123.547    0.00018    6.66421    9.52382  290.69962   15.03914 4.4059e-02     0.3952     0.5749    86.6127 0.0000e+00
       1527 311.693824    0.10594     6.3563    381.380     61.587  48708.545    30.7616     8.8051     61.000     8.8065    23.8314     2.7627     3.9482     41.467    120.513    123.385   -0.00036    6.66262    9.52156  290.62681   15.03559 4.3831e-02     0.3630     0.6021    86.0249 0.0000e+00
       1531 311.693838    0.10628     6.3769    382.613     62.595  48738.792    30.7856     8.8279     62.000     8.8313    23.8468     2.7646     3.9509     41.523    120.593    123.469    0.00019    6.65818    9.51521  290.42870   15.02603 4.3842e-02     0.4135     0.6248    85.5373 0.0000e+00
       1536 311.693852    0.10662     6.3971    383.823     63.605  48742.064    30.7903     8.8484     63.000     8.8455    23.8475     2.7605     3.9451     41.481    120.414    123.286   -0.00025    6.65493    9.51056  290.28660   15.01922 4.3824e-02     0.3823     0.6389    85.2377 0.0000e+00
       1541 311.693867    0.10697     6.4182    385.090     64.615  48766.006    30.8084     8.8602     64.000     8.8610    23.8597     2.7604     3.9449     41.495    120.406    123.279   -0.00010    6.65240    9.50694  290.17269   15.01370 4.3839e-02     0.3921     0.6152    85.7444 0.0000e+00
       1546 311.693881    0.10730     6.4382    386.291     65.623  48773.838    30.8158     8.8772     65.000     8.8749    23.8631     2.7608     3.9454     41.517    120.421    123.295   -0.00000    6.64956    9.50289  290.04807   15.00772 4.3969e-02     0.3727     0.5885    86.3201 0.0000e+00
       1551 311.693894    0.10763     6.4578    387.469     66.632  48777.731    30.8193     8.8863     66.000     8.8823    23.8645     2.7602     3.9446     41.519    120.398    123.271    0.00014    6.64805    9.50073  289.98166   15.00453 4.3822e-02     0.4002     0.5825    86.4481 0.0000e+00
       1556 311.693910    0.10801     6.4802    388.813     67.645  48779.430    30.8209     8.8920     67.000     8.8860    23.8649     2.7585     3.9421     41.498    120.321    123.192   -0.00030    6.64713    9.49941  289.94135   15.00260 4.3811e-02     0.3218     0.5703    86.7122 0.0000e+00
       1561 311.693923    0.10832     6.4992    389.951     68.655  48788.904    30.8274     8.8947     68.000     8.8901    23.8697     2.7620     3.9471     41.555    120.473    123.348    0.00043    6.64647    9.49846  289.91095   15.00112 4.3658e-02     0.3512     0.5608    86.9186 0.0000e+00
       1566 311.693937    0.10866     6.5196    391.178     69.660  48790.833    30.8291     8.9000     69.000     8.8942    23.8702     2.7592     3.9431     41.518    120.351    123.224   -0.00015    6.64560    9.49723  289.87325   14.99931 4.3768e-02     0.3170     0.5662    86.7996 0.0000e+00
       1571 311.693953    0.10904     6.5420    392.521     70.678  48793.525    30.8309     8.9024     70.000     8.8955    23.8712     2.7608     3.9453     41.546    120.421    123.295    0.00012    6.64515    9.49659  289.85343   14.99835 4.3638e-02     0.3848     0.5830    86.4369 0.0000e+00
       1576 311.693966    0.10934     6.5606    393.634     71.680  48796.565    30.8326     8.9025     71.000     8.8951    23.8726     2.7616     3.9466     41.559    120.457    123.333    0.00012    6.64508    9.49649  289.84983   14.99818 4.3762e-02     0.6117     0.5823    86.4545 0.0000e+00
       1581 311.693980    0.10970     6.5819    394.914     72.690  48799.798    30.8345     8.9020     72.000     8.8944    23.8740     2.7623     3.9476     41.568    120.486    123.362    0.00012    6.64507    9.49647  289.84887   14.99813 4.3685e-02     0.3804     0.5752    86.6065 0.0000e+00
       1586 311.693995    0.11005     6.6029    396.175     73.703  48806.511    30.8386     8.9015     73.000     8.8939    23.8774     2.7601     3.9444     41.536    120.390    123.264   -0.00019    6.64497    9.49632  289.84371   14.99786 4.3723e-02     0.5187     0.5702    86.7153 0.0000e+00
       1591 311.694009    0.11039     6.6234    397.407     74.712  48811.841    30.8419     8.9018     74.000     8.8957    23.8799     2.7607     3.9453     41.547    120.417    123.292   -0.00016    6.64478    9.49605  289.83437   14.99741 4.3744e-02     0.4283     0.5928    86.2257 0.0000e+00
       1596 311.694024    0.11074     6.6442    398.651     75.722  48816.043    30.8452     8.9071     75.000     8.9020    23.8817     2.7610     3.9456     41.557    120.428    123.303   -0.00000    6.64384    9.49471  289.79314   14.99542 4.3788e-02     0.3935     0.6783    84.4047 0.0000e+00
       1601 311.694038    0.11108     6.6646    399.879     76.730  48814.221    30.8442     8.9125     76.000     8.9055    23.8802     2.7605     3.9450     41.554    120.407    123.283   -0.00008    6.64310    9.49365  289.76115   14.99389 4.3706e-02     0.3395     0.7390    83.1322 0.0000e+00
       1606 311.694053    0.11145     6.6868    401.205     77.743  48818.552    30.8471     8.9141     77.000     8.9062    23.8822     2.7596     3.9437     41.543    120.368    123.243   -0.00022    6.64274    9.49314  289.74487   14.99311 4.3741e-02     0.3669     0.7711    82.4660 0.0000e+00
       1611 311.694067    0.11178     6.7067    402.402     78.747  48823.013    30.8495     8.9124     78.000     8.9027    23.8843     2.7634     3.9492     41.599    120.534    123.413    0.00029    6.64288    9.49333  289.75031   14.99336 4.3977e-02     0.3737     0.7659    82.5748 0.0000e+00
       1616 311.694083    0.11215     6.7291    403.748     79.766  48827.776    30.8519     8.9084     79.000     8.8993    23.8868     2.7611     3.9460     41.563    120.437    123.314   -0.00013    6.64337    9.49405  289.77128   14.99435 4.3813e-02     0.3954     0.7182    83.5655 0.0000e+00
       1621 311.694098    0.11251     6.7506    405.036     80.770  48830.937    30.8533     8.9062     80.000     8.8976    23.8883     2.7614     3.9463     41.565    120.448    123.325   -0.00011    6.64364    9.49442  289.78250   14.99489 4.3733e-02     0.4949     0.6840    84.2828 0.0000e+00
       1626 311.694113    0.11287     6.7721    406.324     81.784  48832.758    30.8541     8.9056     81.000     8.8974    23.8890     2.7608     3.9454     41.554    120.419    123.295   -0.00022    6.64369    9.49449  289.78443   14.99497 4.4148e-02     0.5258     0.6695    84.5874 0.0000e+00
       1631 311.694127    0.11321     6.7925    407.550     82.790  48834.692    30.8551     8.9059     82.000     8.8979    23.8897     2.7609     3.9456     41.557    120.423    123.300   -0.00018    6.64359    9.49436  289.78027   14.99477 4.3730e-02     0.4146     0.6617    84.7520 0.0000e+00
       1636 311.694142    0.11357     6.8142    408.851     83.798  48837.082    30.8564     8.9069     83.000     8.8992    23.8907     2.7611     3.9459     41.561    120.433    123.311   -0.00020    6.64339    9.49408  289.77114   14.99433 4.3716e-02     0.3547     0.6622    84.7444 0.0000e+00
       1642 311.694156    0.11393     6.8355    410.130     84.815  48841.948    30.8598     8.9093     84.000     8.9014    23.8930     2.7609     3.9456     41.562    120.424    123.302   -0.00001    6.64291    9.49338  289.74922   14.99327 4.3614e-02     0.4641     0.6960    84.0307 0.0000e+00
       1646 311.694170    0.11426     6.8552    411.314     85.815  48842.110    30.8596     8.9103     85.000     8.9017    23.8927     2.7629     3.9484     41.592    120.510    123.389    0.00013    6.64276    9.49317  289.74295   14.99297 4.3800e-02     0.4269     0.7187    83.5541 0.0000e+00
       1652 311.694187    0.11465     6.8795    412.770     86.841  48844.323    30.8608     8.9105     86.000     8.9021    23.8935     2.7610     3.9457     41.565    120.429    123.307   -0.00022    6.64269    9.49305  289.73926   14.99278 4.3612e-02     0.3629     0.7163    83.6041 0.0000e+00
       1657 311.694201    0.11499     6.8991    413.947     87.836  48845.585    30.8611     8.9101     87.000     8.9003    23.8939     2.7629     3.9484     41.593    120.512    123.391    0.00003    6.64273    9.49311  289.74092   14.99286 4.3726e-02     0.3903     0.7151    83.6291 0.0000e+00
       1662 311.694216    0.11535     6.9209    415.255     88.847  48846.218    30.8609     8.9083     88.000     8.8984    23.8940     2.7625     3.9479     41.585    120.494    123.373   -0.00001    6.64300    9.49351  289.75304   14.99344 4.3577e-02     0.3376     0.7213    83.5011 0.0000e+00
       1667 311.694231    0.11572     6.9433    416.599     89.863  48849.114    30.8620     8.9052     89.000     8.8949    23.8954     2.7623     3.9476     41.579    120.486    123.365   -0.00017    6.64341    9.49410  289.77036   14.99427 4.3662e-02     0.4118     0.6938    84.0759 0.0000e+00
       1673 311.694246    0.11608     6.9647    417.881     90.867  48858.664    30.8678     8.9016     90.000     8.8906    23.9005     2.7647     3.9510     41.613    120.589    123.471    0.00014    6.64370    9.49451  289.78170   14.99478 4.3654e-02     0.4440     0.7030    83.8831 0.0000e+00
       1678 311.694262    0.11645     6.9872    419.231     91.879  48867.702    30.8731     8.8976     91.000     8.8873    23.9053     2.7640     3.9501     41.602    120.560    123.443   -0.00003    6.64407    9.49504  289.79652   14.99547 4.3825e-02     0.4003     0.7394    83.1238 0.0000e+00
       1683 311.694277    0.11682     7.0091    420.546     92.891  48872.753    30.8759     8.8956     92.000     8.8857    23.9078     2.7665     3.9536     41.638    120.667    123.551    0.00018    6.64424    9.49528  289.80315   14.99578 4.3776e-02     0.4654     0.7461    82.9842 0.0000e+00
       1689 311.694293    0.11719     7.0313    421.876     93.898  48880.977    30.8810     8.8938     93.000     8.8837    23.9121     2.7639     3.9499     41.598    120.553    123.435   -0.00020    6.64428    9.49535  289.80389   14.99579 4.3677e-02     0.4544     0.7744    82.4001 0.0000e+00
       1694 311.694308    0.11756     7.0536    423.218     94.909  48895.884    30.8909     8.8929     94.000     8.8832    23.9199     2.7633     3.9490     41.591    120.526    123.408   -0.00026    6.64400    9.49494  289.78926   14.99506 4.3803e-02     0.3784     0.8220    81.4283 0.0000e+00
       1699 311.694324    0.11794     7.0766    424.594     95.920  48913.017    30.9025     8.8927     95.000     8.8830    23.9290     2.7659     3.9527     41.633    120.638    123.524    0.00016    6.64353    9.49426  289.76598   14.99390 4.3691e-02     0.3811     1.0617    76.7070 0.0000e+00
       1705 311.694339    0.11832     7.0992    425.954     96.927  48914.934    30.9033     8.8928     96.000     8.8829    23.9298     2.7634     3.9492     41.596    120.531    123.415   -0.00028    6.64348    9.49420  289.76398   14.99380 4.3753e-02     0.3494     1.1864    74.3361 0.0000e+00
       1710 311.694355    0.11869     7.1215    427.290     97.931  48916.752    30.9042     8.8929     97.000     8.8831    23.9303     2.7652     3.9518     41.623    120.608    123.493    0.00003    6.64342    9.49412  289.76145   14.99367 4.3747e-02     0.4471     1.2326    73.4809 0.0000e+00
