CTD-processing/allCTD/CNV/2017_05-30_alongbay_skb10_cast177_4141.cnv
* Sea-Bird SBE19plus Data File:
* FileName = C:\Users\jwschloemer\Documents\CTD Data\2017_05_30_alongbay\2017_05_30_AlongBay_cast177.hex
* Software Version 1.59
* Temperature SN =  4141
* Conductivity SN =  4141
* System UpLoad Time = Jun 22 2017 13:49:51
** Cook Inlet LTM Kbay Along Bay
** Date: 2017-05-30
** Station:KB10
** Start Time (AKST):14:40
** Depth (m):59
** Comment: R/V Edgecumbe
# nquan = 27
# nvalues = 56                          
# units = specified
# name 0 = scan: Scan Count
# name 1 = timeJ: Julian Days
# name 2 = timeH: Time, Elapsed [hours]
# name 3 = timeM: Time, Elapsed [minutes]
# name 4 = timeS: Time, Elapsed [seconds]
# name 5 = prdM: Pressure, Strain Gauge [db]
# name 6 = specc: Specific Conductance [uS/cm]
# name 7 = sal00: Salinity, Practical [PSU]
# name 8 = tv290C: Temperature [ITS-90, deg C]
# name 9 = depSM: Depth [salt water, m], lat = 59.00
# name 10 = potemp090C: Potential Temperature [ITS-90, deg C]
# name 11 = sigma-é00: Density [sigma-theta, kg/m^3]
# name 12 = sbeox0ML/L: Oxygen, SBE 43 [ml/l]
# name 13 = sbeox0Mg/L: Oxygen, SBE 43 [mg/l]
# name 14 = sbeox0PS: Oxygen, SBE 43 [% saturation]
# name 15 = sbox0Mm/Kg: Oxygen, SBE 43 [umol/kg]
# name 16 = sbeox0Mm/L: Oxygen, SBE 43 [umol/l]
# name 17 = sbox0dV/dT: Oxygen, SBE 43 [dov/dt]
# name 18 = oxsolML/L: Oxygen Saturation, Garcia & Gordon [ml/l]
# name 19 = oxsolMg/L: Oxygen Saturation, Garcia & Gordon [mg/l]
# name 20 = oxsolMm/Kg: Oxygen Saturation, Garcia & Gordon [umol/kg]
# name 21 = n2satMg/L: Nitrogen Saturation [mg/l]
# name 22 = par: PAR/Irradiance, Biospherical/Licor
# name 23 = wetStar: Fluorescence, WET Labs WETstar [mg/m^3]
# name 24 = CStarAt0: Beam Attenuation, WET Labs C-Star [1/m]
# name 25 = CStarTr0: Beam Transmission, WET Labs C-Star [%]
# name 26 = flag: flag
# span 0 =        169,        576       
# span 1 = 150.612430, 150.613607       
# span 2 =    0.01165,    0.03991       
# span 3 =     0.6993,     2.3946       
# span 4 =     41.959,    143.675       
# span 5 =      1.004,     56.479       
# span 6 =  47892.373,  51161.772       
# span 7 =    30.1641,    31.7769       
# span 8 =     4.9355,     8.5040       
# span 9 =      1.000,     56.000       
# span 10 =     4.9315,     8.4945      
# span 11 =    23.4173,    25.1282      
# span 12 =     2.7270,     3.1044      
# span 13 =     3.8972,     4.4366      
# span 14 =     40.433,     42.888      
# span 15 =    119.003,    135.246      
# span 16 =    121.790,    138.643      
# span 17 =   -0.00107,    0.00204      
# span 18 =    6.73268,    7.23866      
# span 19 =    9.62167,   10.34476      
# span 20 =  293.79833,  315.35409      
# span 21 =   15.18941,   16.21052      
# span 22 = 4.2664e-02, 5.9339e+02      
# span 23 =     0.4258,     6.8203      
# span 24 =     0.6484,     1.7949      
# span 25 =    63.8444,    85.0367      
# span 26 = 0.0000e+00, 0.0000e+00      
# interval = meters: 1                  
# start_time = May 30 2017 14:41:12 [Instrument's time stamp, header]
# bad_flag = -9.990e-29
*END*
        169 150.612430    0.01165     0.6993     41.959      1.004  47915.714    30.1910     8.5040      1.000     8.4945    23.4281     2.7571     3.9401     40.950    120.313    123.132   -0.00107    6.73268    9.62167  293.79833   15.18941 5.9339e+02     0.4903     1.6792    65.8338 0.0000e+00
        323 150.612878    0.02239     1.3435     80.610      2.022  47892.373    30.1641     8.4337      2.000     8.3954    23.4173     2.7270     3.8972     40.433    119.003    121.790    0.00048    6.74453    9.63860  294.31838   15.21435 1.2890e+02     0.8534     1.7949    63.8444 0.0000e+00
        315 150.612852    0.02179     1.3075     78.449      3.022  47928.114    30.1778     8.3581      3.000     8.3228    23.4388     2.7410     3.9171     40.573    119.608    122.411    0.00100    6.75545    9.65421  294.78902   15.23676 1.4322e+02     0.8630     1.6653    65.9522 0.0000e+00
        321 150.612869    0.02220     1.3319     79.917      4.048  47935.895    30.1643     8.2306      4.000     8.0451    23.4464     2.7506     3.9308     40.595    120.025    122.839    0.00074    6.77557    9.68297  295.66480   15.27863 1.1465e+02     1.0255     1.5738    67.4699 0.0000e+00
        325 150.612883    0.02252     1.3514     81.084      5.041  48513.293    30.4558     7.5207      5.000     7.2643    23.7725     2.8046     4.0079     40.802    122.340    125.249    0.00166    6.87320    9.82250  299.82915   15.47615 9.4459e+01     1.2982     1.3511    71.3604 0.0000e+00
        331 150.612899    0.02292     1.3751     82.503      6.064  49162.965    30.8293     7.0456      6.000     6.9897    24.1292     2.8387     4.0567     40.953    123.788    126.774    0.00204    6.93152    9.90584  302.26814   15.59095 8.1172e+01     2.0310     1.2346    73.4443 0.0000e+00
        336 150.612913    0.02324     1.3944     83.662      7.063  49316.945    30.9214     6.9616      7.000     6.9529    24.2125     2.8411     4.0602     40.934    123.885    126.885    0.00121    6.94078    9.91906  302.64731   15.60865 6.8746e+01     2.9078     1.2386    73.3718 0.0000e+00
        341 150.612928    0.02361     1.4168     85.006      8.083  49357.854    30.9465     6.9459      8.000     6.9361    24.2344     2.8342     4.0504     40.826    123.582    126.577   -0.00070    6.94215    9.92103  302.70078   15.61111 5.3720e+01     4.7093     1.2332    73.4704 0.0000e+00
        346 150.612942    0.02393     1.4360     86.159      9.082  49444.175    30.9899     6.8536      9.000     6.7479    24.2803     2.8453     4.0663     40.910    124.060    127.072    0.00035    6.95504    9.93944  303.24880   15.63705 4.3241e+01     6.3891     1.1395    75.2245 0.0000e+00
        351 150.612956    0.02430     1.4577     87.459     10.098  49770.548    31.1649     6.5670     10.000     6.4966    24.4545     2.8718     4.1041     41.065    125.193    128.255    0.00117    6.99340    9.99428  304.86992   15.71362 3.2974e+01     6.7583     0.9696    78.4712 0.0000e+00
        356 150.612971    0.02462     1.4776     88.654     11.102  50033.786    31.3198     6.4199     11.000     6.3727    24.5949     2.8846     4.1225     41.149    125.736    128.829    0.00152    7.01025   10.01835  305.56261   15.74600 2.6949e+01     6.8203     0.8691    80.4712 0.0000e+00
        361 150.612985    0.02499     1.4992     89.953     12.119  50201.513    31.4179     6.3253     12.000     6.3117    24.6839     2.8913     4.1320     41.181    126.017    129.126    0.00094    7.02120   10.03401  306.01351   15.76709 2.1018e+01     6.2102     0.8916    80.0196 0.0000e+00
        366 150.613000    0.02533     1.5195     91.173     13.123  50231.592    31.4338     6.3012     13.000     6.2868    24.6994     2.8960     4.1387     41.228    126.220    129.338    0.00105    7.02444   10.03863  306.14978   15.77351 1.6892e+01     5.2313     0.8809    80.2337 0.0000e+00
        371 150.613015    0.02568     1.5412     92.473     14.135  50260.176    31.4447     6.2563     14.000     6.2123    24.7134     2.9003     4.1449     41.249    126.405    129.529    0.00060    7.03129   10.04843  306.44453   15.78752 1.3013e+01     4.5995     0.8550    80.7559 0.0000e+00
        376 150.613029    0.02603     1.5617     93.703     15.142  50370.741    31.5056     6.1766     15.000     6.1671    24.7712     2.9117     4.1611     41.350    126.893    130.037    0.00120    7.04159   10.06315  306.87596   15.80783 1.0576e+01     4.4510     0.7978    81.9191 0.0000e+00
        381 150.613043    0.02638     1.5826     94.953     16.144  50391.674    31.5164     6.1601     16.000     6.1393    24.7818     2.9163     4.1676     41.402    127.090    130.240    0.00110    7.04382   10.06632  306.96945   15.81224 8.3512e+00     3.4397     0.8140    81.5869 0.0000e+00
        386 150.613060    0.02677     1.6062     96.370     17.169  50445.127    31.5400     6.0927     17.000     6.0678    24.8086     2.9240     4.1787     41.453    127.427    130.588    0.00101    7.05386   10.08068  307.39945   15.83263 6.6772e+00     3.1702     0.7373    83.1664 0.0000e+00
        391 150.613074    0.02710     1.6264     97.582     18.167  50482.413    31.5558     6.0433     18.000     6.0278    24.8270     2.9305     4.1879     41.500    127.703    130.874    0.00097    7.06131   10.09132  307.71838   15.84777 5.3961e+00     2.8899     0.7222    83.4817 0.0000e+00
        397 150.613090    0.02749     1.6493     98.960     19.184  50515.311    31.5730     6.0170     19.000     6.0117    24.8437     2.9361     4.1959     41.558    127.947    131.125    0.00096    7.06487   10.09640  307.86842   15.85485 4.3548e+00     2.3071     0.6995    83.9560 0.0000e+00
        402 150.613104    0.02784     1.6700    100.197     20.187  50548.869    31.5955     6.0159     20.000     6.0183    24.8617     2.9390     4.2001     41.605    128.070    131.254    0.00095    7.06398   10.09514  307.82454   15.85267 3.5133e+00     2.1183     0.7318    83.2824 0.0000e+00
        407 150.613119    0.02820     1.6918    101.511     21.203  50510.044    31.5661     6.0052     21.000     5.9762    24.8396     2.9445     4.2080     41.665    128.315    131.503    0.00100    7.06715   10.09967  307.96912   15.85968 2.8190e+00     2.2082     0.7368    83.1788 0.0000e+00
        412 150.613133    0.02853     1.7117    102.700     22.206  50566.372    31.5920     5.9412     22.000     5.9227    24.8678     2.9519     4.2185     41.713    128.632    131.830    0.00105    7.07657   10.11313  308.37135   15.87874 2.2746e+00     2.0367     0.7087    83.7645 0.0000e+00
        417 150.613148    0.02889     1.7335    104.010     23.220  50628.025    31.6279     5.9094     23.000     5.9000    24.8999     2.9561     4.2246     41.752    128.812    132.020    0.00083    7.08017   10.11827  308.51838   15.88559 1.8352e+00     1.7428     0.6895    84.1659 0.0000e+00
        422 150.613163    0.02923     1.7538    105.230     24.229  50670.215    31.6526     5.8894     24.000     5.8764    24.9218     2.9610     4.2315     41.808    129.022    132.237    0.00093    7.08236   10.12140  308.60689   15.88971 1.4900e+00     1.7736     0.6484    85.0367 0.0000e+00
        427 150.613176    0.02956     1.7741    106.444     25.238  50658.569    31.6347     5.8422     25.000     5.7998    24.9133     2.9679     4.2414     41.854    129.323    132.545    0.00092    7.09107   10.13385  308.98925   15.90800 1.2184e+00     1.6602     0.6915    84.1298 0.0000e+00
        431 150.613190    0.02989     1.7935    107.612     26.244  50707.334    31.6482     5.7435     26.000     5.7027    24.9356     2.9807     4.2599     41.942    129.883    133.122    0.00116    7.10698   10.15659  309.67575   15.94065 9.8397e-01     1.4823     0.7931    82.0149 0.0000e+00
        436 150.613204    0.03024     1.8143    108.858     27.260  50785.305    31.6845     5.6589     27.000     5.6365    24.9741     2.9850     4.2658     41.927    130.060    133.308    0.00074    7.11948   10.17445  310.20871   15.96589 7.8269e-01     1.2782     0.8331    81.1986 0.0000e+00
        441 150.613218    0.03056     1.8334    110.006     28.266  50816.538    31.6956     5.6097     28.000     5.5824    24.9885     2.9918     4.2756     41.978    130.357    133.615    0.00063    7.12723   10.18553  310.54235   15.98173 6.2407e-01     1.2297     0.8017    81.8398 0.0000e+00
        446 150.613232    0.03089     1.8535    111.210     29.273  50851.930    31.7084     5.5554     29.000     5.5352    25.0049     2.9990     4.2859     42.027    130.668    133.935    0.00080    7.13580   10.19778  310.91075   15.99923 5.0224e-01     0.9708     0.7874    82.1329 0.0000e+00
        451 150.613246    0.03124     1.8743    112.456     30.291  50880.772    31.7196     5.5154     30.000     5.5027    25.0183     3.0024     4.2908     42.039    130.814    134.088    0.00048    7.14203   10.20668  311.17801   16.01191 3.9939e-01     0.8506     0.7904    82.0708 0.0000e+00
        455 150.613259    0.03156     1.8934    113.602     31.294  50886.213    31.7176     5.4898     31.000     5.4716    25.0197     3.0089     4.3000     42.103    131.096    134.376    0.00080    7.14646   10.21301  311.37057   16.02109 3.2530e-01     0.7679     0.7805    82.2735 0.0000e+00
        460 150.613273    0.03189     1.9131    114.786     32.304  50897.137    31.7156     5.4462     32.000     5.4213    25.0231     3.0142     4.3076     42.133    131.326    134.612    0.00073    7.15396   10.22373  311.69639   16.03661 2.6312e-01     0.6802     0.7804    82.2749 0.0000e+00
        465 150.613286    0.03220     1.9321    115.928     33.311  50900.108    31.7030     5.3781     33.000     5.3335    25.0208     3.0204     4.3165     42.149    131.599    134.892    0.00046    7.16615   10.24114  312.22808   16.06198 2.1490e-01     0.6394     0.8404    81.0554 0.0000e+00
        470 150.613301    0.03255     1.9531    117.187     34.333  50978.131    31.7367     5.2847     34.000     5.2658    25.0578     3.0329     4.3344     42.239    132.141    135.453    0.00091    7.18045   10.26158  312.83982   16.09098 1.7365e-01     0.6448     0.9229    79.3951 0.0000e+00
        474 150.613313    0.03286     1.9714    118.282     35.329  50998.230    31.7423     5.2483     35.000     5.2316    25.0664     3.0377     4.3411     42.269    132.344    135.661    0.00091    7.18641   10.27011  313.09707   16.10320 1.4255e-01     0.5540     0.9699    78.4701 0.0000e+00
        479 150.613329    0.03322     1.9932    119.594     36.358  50998.397    31.7348     5.2150     36.000     5.1870    25.0642     3.0396     4.3439     42.260    132.428    135.749    0.00020    7.19249   10.27879  313.36263   16.11588 1.1459e-01     0.5071     1.0376    77.1548 0.0000e+00
        483 150.613340    0.03350     2.0101    120.605     37.346  51036.587    31.7516     5.1728     37.000     5.1593    25.0822     3.0463     4.3534     42.315    132.717    136.046    0.00065    7.19892   10.28797  313.63703   16.12888 9.6188e-02     0.5975     1.1770    74.5106 0.0000e+00
        489 150.613355    0.03386     2.0317    121.905     38.369  51044.501    31.7518     5.1506     38.000     5.1317    25.0848     3.0473     4.3549     42.307    132.760    136.090    0.00009    7.20273   10.29342  313.80215   16.13673 8.0866e-02     0.4949     1.2219    73.6792 0.0000e+00
        493 150.613368    0.03418     2.0506    123.037     39.369  51054.076    31.7457     5.0939     39.000     5.0688    25.0862     3.0577     4.3698     42.393    133.215    136.556    0.00079    7.21278   10.30779  314.23974   16.15759 6.9778e-02     0.4895     1.2807    72.6026 0.0000e+00
        498 150.613384    0.03453     2.0723    124.338     40.384  51084.884    31.7566     5.0483     40.000     5.0291    25.0998     3.0617     4.3755     42.405    133.388    136.736    0.00044    7.22013   10.31829  314.55563   16.17259 6.1139e-02     0.5194     1.3296    71.7223 0.0000e+00
        503 150.613397    0.03485     2.0910    125.462     41.386  51108.432    31.7647     5.0131     41.000     5.0007    25.1099     3.0701     4.3875     42.488    133.753    137.111    0.00096    7.22582   10.32641  314.80019   16.18420 5.5865e-02     0.5278     1.3502    71.3536 0.0000e+00
        508 150.613412    0.03523     2.1137    126.820     42.407  51123.928    31.7714     4.9973     42.000     4.9895    25.1170     3.0740     4.3932     42.529    133.924    137.287    0.00085    7.22821   10.32983  314.90245   16.18904 5.1856e-02     0.5376     1.3420    71.4991 0.0000e+00
        513 150.613426    0.03556     2.1335    128.009     43.409  51129.287    31.7710     4.9809     43.000     4.9728    25.1185     3.0747     4.3940     42.520    133.951    137.315    0.00045    7.23108   10.33393  315.02695   16.19497 4.9569e-02     0.4613     1.3294    71.7246 0.0000e+00
        518 150.613440    0.03590     2.1542    129.254     44.419  51139.585    31.7759     4.9735     44.000     4.9703    25.1232     3.0755     4.3951     42.525    133.984    137.350    0.00033    7.23212   10.33543  315.07090   16.19704 4.7391e-02     0.4728     1.3308    71.6999 0.0000e+00
        523 150.613455    0.03626     2.1753    130.519     45.432  51139.211    31.7751     4.9733     45.000     4.9696    25.1226     3.0766     4.3968     42.541    134.035    137.402    0.00014    7.23218   10.33551  315.07384   16.19718 4.6165e-02     0.4704     1.2955    72.3341 0.0000e+00
        528 150.613469    0.03658     2.1949    131.695     46.433  51136.310    31.7720     4.9704     46.000     4.9634    25.1205     3.0808     4.4028     42.595    134.217    137.588    0.00060    7.23285   10.33647  315.10361   16.19862 4.5147e-02     0.4323     1.3268    71.7702 0.0000e+00
        533 150.613484    0.03694     2.2166    132.994     47.456  51142.624    31.7740     4.9616     47.000     4.9561    25.1229     3.0821     4.4047     42.605    134.276    137.649    0.00033    7.23427   10.33850  315.16481   16.20152 4.4503e-02     0.4531     1.3149    71.9851 0.0000e+00
        537 150.613496    0.03724     2.2348    134.085     48.453  51145.540    31.7746     4.9576     48.000     4.9523    25.1239     3.0851     4.4088     42.640    134.401    137.778    0.00053    7.23495   10.33946  315.19359   16.20288 4.4131e-02     0.4258     1.3574    71.2213 0.0000e+00
        542 150.613511    0.03759     2.2554    135.326     49.471  51146.693    31.7737     4.9525     49.000     4.9464    25.1238     3.0886     4.4139     42.685    134.556    137.937    0.00058    7.23586   10.34077  315.23379   16.20480 4.3812e-02     0.4605     1.3863    70.7119 0.0000e+00
        547 150.613524    0.03790     2.2741    136.445     50.476  51150.319    31.7745     4.9469     50.000     4.9415    25.1250     3.0911     4.4175     42.713    134.665    138.048    0.00062    7.23680   10.34210  315.27415   16.20672 4.3603e-02     0.4376     1.4410    69.7505 0.0000e+00
        552 150.613539    0.03825     2.2955    137.731     51.494  51154.128    31.7761     4.9441     51.000     4.9398    25.1265     3.0927     4.4198     42.734    134.735    138.120    0.00059    7.23722   10.34271  315.29196   16.20756 4.3580e-02     0.4273     1.4591    69.4355 0.0000e+00
        556 150.613550    0.03855     2.3129    138.774     52.485  51153.947    31.7750     4.9422     52.000     4.9374    25.1259     3.0932     4.4205     42.738    134.757    138.143    0.00028    7.23758   10.34324  315.30817   16.20834 4.3271e-02     0.4652     1.5161    68.4536 0.0000e+00
        562 150.613568    0.03896     2.3376    140.257     53.525  51156.169    31.7755     4.9400     53.000     4.9352    25.1266     3.0928     4.4200     42.731    134.739    138.125   -0.00007    7.23794   10.34375  315.32375   16.20908 4.3507e-02     0.4821     1.4699    69.2480 0.0000e+00
