CTD-processing/allCTD/CNV/2017_05-30_t9_s01_cast175_4141.cnv
* Sea-Bird SBE19plus Data File:
* FileName = C:\Users\jwschloemer\Documents\CTD Data\2017_05_30_T9\2017_05_30_T9_cast166175.hex
* Software Version 1.59
* Temperature SN =  4141
* Conductivity SN =  4141
* System UpLoad Time = Jun 21 2017 14:44:13
** Cook Inlet LTM Kbay Transect 9
** Date: 2017-05-30
** Station:9-01
** Start Time (AKST):13:48
** Depth (m):53
** Comment: R/V Edgecumbe
# nquan = 27
# nvalues = 47                          
# units = specified
# name 0 = scan: Scan Count
# name 1 = timeJ: Julian Days
# name 2 = timeH: Time, Elapsed [hours]
# name 3 = timeM: Time, Elapsed [minutes]
# name 4 = timeS: Time, Elapsed [seconds]
# name 5 = prdM: Pressure, Strain Gauge [db]
# name 6 = specc: Specific Conductance [uS/cm]
# name 7 = sal00: Salinity, Practical [PSU]
# name 8 = tv290C: Temperature [ITS-90, deg C]
# name 9 = depSM: Depth [salt water, m], lat = 59.00
# name 10 = potemp090C: Potential Temperature [ITS-90, deg C]
# name 11 = sigma-é00: Density [sigma-theta, kg/m^3]
# name 12 = sbeox0ML/L: Oxygen, SBE 43 [ml/l]
# name 13 = sbeox0Mg/L: Oxygen, SBE 43 [mg/l]
# name 14 = sbeox0PS: Oxygen, SBE 43 [% saturation]
# name 15 = sbox0Mm/Kg: Oxygen, SBE 43 [umol/kg]
# name 16 = sbeox0Mm/L: Oxygen, SBE 43 [umol/l]
# name 17 = sbox0dV/dT: Oxygen, SBE 43 [dov/dt]
# name 18 = oxsolML/L: Oxygen Saturation, Garcia & Gordon [ml/l]
# name 19 = oxsolMg/L: Oxygen Saturation, Garcia & Gordon [mg/l]
# name 20 = oxsolMm/Kg: Oxygen Saturation, Garcia & Gordon [umol/kg]
# name 21 = n2satMg/L: Nitrogen Saturation [mg/l]
# name 22 = par: PAR/Irradiance, Biospherical/Licor
# name 23 = wetStar: Fluorescence, WET Labs WETstar [mg/m^3]
# name 24 = CStarAt0: Beam Attenuation, WET Labs C-Star [1/m]
# name 25 = CStarTr0: Beam Transmission, WET Labs C-Star [%]
# name 26 = flag: flag
# span 0 =        188,        545       
# span 1 = 150.576282, 150.577316       
# span 2 =    0.01299,    0.03779       
# span 3 =     0.7796,     2.2675       
# span 4 =     46.777,    136.052       
# span 5 =      1.012,     47.320       
# span 6 =  48546.782,  50967.040       
# span 7 =    30.5374,    31.8491       
# span 8 =     5.8390,     7.8785       
# span 9 =      1.000,     47.000       
# span 10 =     5.8408,     7.8882      
# span 11 =    23.7881,    25.0759      
# span 12 =     2.9674,     3.2227      
# span 13 =     4.2407,     4.6054      
# span 14 =     43.461,     45.573      
# span 15 =    129.439,    140.401      
# span 16 =    132.524,    143.922      
# span 17 =   -0.00020,    0.00273      
# span 18 =    6.81333,    7.08369      
# span 19 =    9.73694,   10.12329      
# span 20 =  297.21286,  308.62721      
# span 21 =   15.35098,   15.89007      
# span 22 = 4.9186e-02, 8.2644e+02      
# span 23 =     0.4607,     2.1950      
# span 24 =     0.7483,     1.7721      
# span 25 =    65.3692,    82.9378      
# span 26 = 0.0000e+00, 0.0000e+00      
# interval = meters: 1                  
# start_time = May 30 2017 13:49:04 [Instrument's time stamp, header]
# bad_flag = -9.990e-29
*END*
        188 150.576282    0.01299     0.7796     46.777      1.012  48546.782    30.5374     7.8785      1.000     7.8882    23.7881     3.0188     4.3141     44.306    131.684    134.817    0.00068    6.81333    9.73694  297.21286   15.35098 8.2644e+02     0.4607     1.7721    65.3692 0.0000e+00
        333 150.576702    0.02307     1.3844     83.061      2.025  48612.673    30.5679     7.7776      2.000     7.6485    23.8259     2.9674     4.2407     43.461    129.439    132.524   -0.00007    6.82772    9.75749  297.82980   15.38030 6.5783e+02     0.7373     1.1363    75.2848 0.0000e+00
        338 150.576716    0.02341     1.4046     84.278      3.026  48731.997    30.5989     7.4534      3.000     7.1689    23.8943     2.9960     4.2815     43.563    130.675    133.797    0.00007    6.87716    9.82814  299.96625   15.48211 4.4159e+02     0.7254     1.0468    76.9790 0.0000e+00
        343 150.576730    0.02373     1.4239     85.436      4.039  49292.737    30.9138     7.0070      4.000     6.9478    24.2007     3.0404     4.3450     43.848    132.574    135.783    0.00268    6.93383    9.90914  302.34805   15.59441 2.9222e+02     0.8318     0.9808    78.2550 0.0000e+00
        347 150.576742    0.02404     1.4423     86.536      5.048  49416.640    30.9799     6.8949      5.000     6.8662    24.2672     3.0540     4.3645     43.951    133.162    136.393    0.00206    6.94885    9.93060  302.98298   15.62442 2.3686e+02     0.8671     0.9781    78.3080 0.0000e+00
        352 150.576755    0.02435     1.4608     87.646      6.054  49538.775    31.0460     6.7911      6.000     6.7353    24.3325     3.0639     4.3787     44.007    133.586    136.837    0.00220    6.96254    9.95016  303.56034   15.65167 1.5812e+02     0.9494     0.9605    78.6524 0.0000e+00
        357 150.576770    0.02469     1.4814     88.882      7.075  49724.137    31.1540     6.6777      7.000     6.6650    24.4319     3.0722     4.3905     44.040    133.934    137.207    0.00071    6.97593    9.96930  304.11489   15.67767 1.2158e+02     1.0874     0.9315    79.2236 0.0000e+00
        360 150.576781    0.02496     1.4977     89.863      8.070  49715.053    31.1456     6.6685      8.000     6.6659    24.4265     3.0868     4.4113     44.237    134.569    137.856    0.00273    6.97780    9.97198  304.19804   15.68167 9.6397e+01     1.4782     0.9458    78.9428 0.0000e+00
        365 150.576795    0.02531     1.5187     91.121      9.083  49776.993    31.1876     6.6659      9.000     6.6657    24.4599     3.0863     4.4106     44.240    134.543    137.834    0.00137    6.97629    9.96981  304.12220   15.67788 7.0606e+01     1.7341     0.9446    78.9663 0.0000e+00
        370 150.576809    0.02565     1.5390     92.338     10.102  49798.069    31.2019     6.6670     10.000     6.6658    24.4711     3.0903     4.4165     44.303    134.720    138.017    0.00155    6.97546    9.96863  304.08264   15.67593 5.6241e+01     1.9103     0.9366    79.1254 0.0000e+00
        375 150.576823    0.02597     1.5580     93.482     11.099  49806.019    31.2067     6.6654     11.000     6.6647    24.4750     3.0966     4.4254     44.393    134.992    138.297    0.00170    6.97550    9.96869  304.08344   15.67595 4.3560e+01     1.9526     0.9478    78.9019 0.0000e+00
        380 150.576838    0.02634     1.5806     94.836     12.136  49817.539    31.2146     6.6674     12.000     6.6661    24.4809     3.0956     4.4240     44.383    134.948    138.252    0.00064    6.97482    9.96772  304.05200   15.67442 3.3278e+01     2.1360     0.9247    79.3626 0.0000e+00
        384 150.576850    0.02661     1.5966     95.796     13.113  49872.976    31.2518     6.6629     13.000     6.6569    24.5108     3.1012     4.4319     44.469    135.187    138.501    0.00109    6.97383    9.96630  303.99985   15.67178 2.6114e+01     2.0485     0.9201    79.4406 0.0000e+00
        390 150.576867    0.02703     1.6223     97.340     14.154  49890.241    31.2618     6.6549     14.000     6.6524    24.5198     3.1054     4.4379     44.524    135.368    138.687    0.00086    6.97466    9.96749  304.03366   15.67336 2.0013e+01     2.1950     0.9609    78.6499 0.0000e+00
        394 150.576879    0.02732     1.6392     98.353     15.135  49972.281    31.3124     6.6226     15.000     6.5931    24.5638     3.1121     4.4474     44.601    135.652    138.984    0.00141    6.97757    9.97165  304.14750   15.67858 1.5914e+01     2.0663     0.9336    79.1836 0.0000e+00
        400 150.576896    0.02774     1.6641     99.844     16.161  50052.551    31.3588     6.5743     16.000     6.5569    24.6063     3.1179     4.4559     44.649    135.904    139.248    0.00115    6.98328    9.97980  304.38346   15.68964 1.2199e+01     2.0762     0.9496    78.8687 0.0000e+00
        404 150.576908    0.02801     1.6804    100.825     17.152  50120.710    31.3983     6.5344     17.000     6.5146    24.6425     3.1231     4.4632     44.693    136.123    139.477    0.00115    6.98794    9.98647  304.57595   15.69865 9.7355e+00     2.1155     0.9314    79.2277 0.0000e+00
        410 150.576925    0.02842     1.7055    102.332     18.190  50193.244    31.4402     6.4911     18.000     6.4820    24.6810     3.1273     4.4691     44.719    136.299    139.662    0.00065    6.99306    9.99378  304.78756   15.70856 7.4810e+00     2.0006     0.9296    79.2626 0.0000e+00
        414 150.576936    0.02869     1.7212    103.270     19.173  50250.800    31.4731     6.4560     19.000     6.4337    24.7113     3.1348     4.4799     44.800    136.624    140.000    0.00120    6.99728    9.99980  304.96227   15.71676 5.9244e+00     2.1247     0.9195    79.4644 0.0000e+00
        420 150.576952    0.02907     1.7440    104.642     20.204  50316.782    31.5104     6.4132     20.000     6.4012    24.7460     3.1388     4.4857     44.824    136.795    140.180    0.00064    7.00253   10.00733  305.18132   15.72704 4.5982e+00     2.0573     0.9147    79.5580 0.0000e+00
        423 150.576962    0.02932     1.7590    105.539     21.192  50324.297    31.5087     6.3789     21.000     6.3352    24.7490     3.1428     4.4914     44.845    136.968    140.358    0.00077    7.00821   10.01543  305.42753   15.73879 3.6110e+00     2.0281     0.8650    80.5548 0.0000e+00
        428 150.576977    0.02967     1.7802    106.814     22.208  50418.804    31.5557     6.2827     22.000     6.2599    24.7979     3.1512     4.5034     44.877    137.327    140.732    0.00056    7.02179   10.03484  306.00494   15.76612 2.8597e+00     1.9558     0.8019    81.8344 0.0000e+00
        433 150.576992    0.03003     1.8016    108.094     23.229  50451.745    31.5698     6.2394     23.000     6.2232    24.8143     3.1563     4.5106     44.908    137.546    140.959    0.00045    7.02827   10.04410  306.28224   15.77928 2.2676e+00     2.0638     0.8036    81.8001 0.0000e+00
        437 150.577001    0.03026     1.8155    108.931     24.213  50420.783    31.5427     6.2122     24.000     6.1639    24.7963     3.1675     4.5267     45.031    138.038    141.461    0.00140    7.03399   10.05227  306.53709   15.79153 1.8011e+00     2.0622     0.8155    81.5567 0.0000e+00
        442 150.577018    0.03065     1.8388    110.326     25.246  50522.266    31.5907     6.0985     25.000     6.0833    24.8480     3.1701     4.5304     44.963    138.145    141.577    0.00024    7.05053   10.07591  307.24215   15.82494 1.4514e+00     2.1422     0.7721    82.4445 0.0000e+00
        447 150.577030    0.03094     1.8565    111.393     26.244  50531.138    31.5922     6.0770     26.000     6.0539    24.8517     3.1777     4.5412     45.048    138.474    141.915    0.00067    7.05401   10.08089  307.39303   15.83212 1.1407e+00     2.0141     0.8104    81.6607 0.0000e+00
        451 150.577044    0.03126     1.8759    112.551     27.258  50624.830    31.6504     6.0459     27.000     6.0311    24.9015     3.1818     4.5471     45.092    138.648    142.101    0.00087    7.05644   10.08436  307.48363   15.83620 9.1999e-01     1.9530     0.7775    82.3422 0.0000e+00
        456 150.577057    0.03159     1.8952    113.711     28.261  50675.513    31.6770     6.0048     28.000     5.9806    24.9274     3.1852     4.5520     45.104    138.793    142.253    0.00050    7.06203   10.09234  307.71927   15.84732 7.3600e-01     1.7275     0.7666    82.5596 0.0000e+00
        460 150.577070    0.03191     1.9145    114.867     29.276  50718.403    31.6976     5.9607     29.000     5.9502    24.9489     3.1903     4.5593     45.134    139.010    142.478    0.00051    7.06837   10.10140  307.98924   15.86010 5.9446e-01     1.7584     0.7682    82.5272 0.0000e+00
        465 150.577083    0.03222     1.9335    116.011     30.288  50737.901    31.7088     5.9519     30.000     5.9462    24.9589     3.1948     4.5657     45.193    139.205    142.680    0.00091    7.06930   10.10274  308.02727   15.86186 4.7449e-01     1.5081     0.7746    82.3949 0.0000e+00
        470 150.577098    0.03257     1.9539    117.236     31.297  50733.574    31.7010     5.9299     31.000     5.9169    24.9554     3.1923     4.5621     45.131    139.096    142.567   -0.00005    7.07334   10.10851  308.20398   15.87032 3.8796e-01     1.3322     0.7765    82.3550 0.0000e+00
        475 150.577111    0.03289     1.9731    118.384     32.305  50755.885    31.7116     5.9076     32.000     5.9008    24.9663     3.2018     4.5758     45.246    139.511    142.994    0.00086    7.07655   10.11309  308.34047   15.87677 3.0935e-01     1.4040     0.8133    81.6006 0.0000e+00
        479 150.577124    0.03319     1.9916    119.497     33.312  50797.479    31.7395     5.9058     33.000     5.8998    24.9886     3.2000     4.5731     45.226    139.427    142.911    0.00052    7.07553   10.11164  308.28963   15.87424 2.5308e-01     1.3081     0.7653    82.5883 0.0000e+00
        484 150.577138    0.03355     2.0132    120.794     34.331  50803.551    31.7383     5.8812     34.000     5.8443    24.9906     3.2087     4.5856     45.323    139.808    143.301    0.00083    7.07969   10.11758  308.47006   15.88284 2.0419e-01     1.3607     0.7483    82.9378 0.0000e+00
        488 150.577150    0.03381     2.0288    121.730     35.326  50909.972    31.8030     5.8390     35.000     5.8408    25.0467     3.2098     4.5871     45.312    139.845    143.347    0.00081    7.08369   10.12329  308.62721   15.89007 1.6918e-01     1.3162     0.7652    82.5894 0.0000e+00
        493 150.577164    0.03417     2.0503    123.016     36.345  50941.743    31.8298     5.8657     36.000     5.8706    25.0648     3.2040     4.5788     45.267    139.591    143.089   -0.00018    7.07797   10.11513  308.37303   15.87785 1.4019e-01     1.1575     0.7532    82.8366 0.0000e+00
        498 150.577178    0.03448     2.0690    124.142     37.355  50919.895    31.8158     5.8741     37.000     5.8693    25.0528     3.2019     4.5759     45.242    139.502    142.996   -0.00020    7.07724   10.11408  308.34454   15.87655 1.1678e-01     1.1208     0.7694    82.5013 0.0000e+00
        502 150.577191    0.03481     2.0887    125.321     38.363  50934.774    31.8271     5.8812     38.000     5.8835    25.0608     3.2061     4.5818     45.312    139.683    143.184    0.00038    7.07553   10.11164  308.26765   15.87283 1.0014e-01     1.0721     0.7519    82.8639 0.0000e+00
        507 150.577205    0.03514     2.1081    126.487     39.363  50922.371    31.8191     5.8868     39.000     5.8814    25.0538     3.2047     4.5799     45.297    139.625    143.123   -0.00019    7.07496   10.11083  308.24500   15.87178 8.6606e-02     1.0837     0.7722    82.4458 0.0000e+00
        513 150.577221    0.03553     2.1316    127.897     40.396  50936.773    31.8278     5.8822     40.000     5.8831    25.0611     3.2091     4.5861     45.357    139.815    143.319    0.00060    7.07532   10.11134  308.25842   15.87239 7.6627e-02     1.0524     0.7775    82.3356 0.0000e+00
        516 150.577232    0.03579     2.1479    128.871     41.381  50956.988    31.8450     5.9014     41.000     5.9121    25.0726     3.2098     4.5871     45.392    139.844    143.350    0.00066    7.07132   10.10562  308.08058   15.86385 6.8579e-02     0.9908     0.7883    82.1146 0.0000e+00
        521 150.577246    0.03614     2.1685    130.111     42.404  50924.086    31.8258     5.9212     42.000     5.9160    25.0550     3.2070     4.5832     45.368    139.726    143.226    0.00004    7.06893   10.10221  307.98190   15.85923 6.2774e-02     0.9844     0.7545    82.8095 0.0000e+00
        527 150.577262    0.03651     2.1904    131.424     43.414  50934.192    31.8316     5.9178     43.000     5.9128    25.0600     3.2082     4.5848     45.382    139.773    143.276    0.00021    7.06922   10.10261  307.99276   15.85972 5.8189e-02     1.0430     0.7648    82.5967 0.0000e+00
        531 150.577274    0.03680     2.2081    132.485     44.421  50948.489    31.8396     5.9110     44.000     5.9008    25.0672     3.2109     4.5886     45.415    139.890    143.397    0.00023    7.06998   10.10370  308.02370   15.86117 5.3691e-02     0.9897     0.9020    79.8160 0.0000e+00
        535 150.577287    0.03711     2.2268    133.608     45.426  50962.984    31.8475     5.9023     45.000     5.8979    25.0744     3.2135     4.5924     45.446    140.004    143.515    0.00050    7.07105   10.10524  308.06862   15.86327 5.1918e-02     1.0611     0.9250    79.3561 0.0000e+00
        541 150.577302    0.03747     2.2481    134.888     46.429  50963.049    31.8468     5.9011     46.000     5.8972    25.0740     3.2136     4.5924     45.445    140.006    143.517   -0.00003    7.07128   10.10557  308.07863   15.86375 4.9627e-02     0.9589     0.9501    78.8588 0.0000e+00
        545 150.577316    0.03779     2.2675    136.052     47.320  50967.040    31.8491     5.9011     47.000 -9.990e-29    25.0759     3.2227     4.6054     45.573    140.401    143.922    0.00191    7.07119   10.10542  308.07361   15.86351 4.9186e-02     0.9976     1.0179    77.5257 0.0000e+00
