CTD-processing/allCTD/CNV/2017_06-28_t9_s02_cast186_4141.cnv
* Sea-Bird SBE19plus Data File:
* FileName = C:\Users\Kim.Powell\Desktop\2017_06-28_4141\T9\2017_06-28_T9_cast186.hex
* Software Version 1.59
* Temperature SN =  4141
* Conductivity SN =  4141
* System UpLoad Time = Jul 21 2017 10:45:02
** CookInlet LTM Transect 9
** 2017_06-28
** Station: 9-02
** Start Time: 11:37
** Depth: 71m
** Comment: Barnacle
** Comment:
# nquan = 27
# nvalues = 65                          
# units = specified
# name 0 = scan: Scan Count
# name 1 = timeJ: Julian Days
# name 2 = timeH: Time, Elapsed [hours]
# name 3 = timeM: Time, Elapsed [minutes]
# name 4 = timeS: Time, Elapsed [seconds]
# name 5 = prdM: Pressure, Strain Gauge [db]
# name 6 = specc: Specific Conductance [uS/cm]
# name 7 = sal00: Salinity, Practical [PSU]
# name 8 = tv290C: Temperature [ITS-90, deg C]
# name 9 = depSM: Depth [salt water, m], lat = 59.00
# name 10 = potemp090C: Potential Temperature [ITS-90, deg C]
# name 11 = sigma-é00: Density [sigma-theta, kg/m^3]
# name 12 = sbeox0ML/L: Oxygen, SBE 43 [ml/l]
# name 13 = sbeox0Mg/L: Oxygen, SBE 43 [mg/l]
# name 14 = sbeox0PS: Oxygen, SBE 43 [% saturation]
# name 15 = sbox0Mm/Kg: Oxygen, SBE 43 [umol/kg]
# name 16 = sbeox0Mm/L: Oxygen, SBE 43 [umol/l]
# name 17 = sbox0dV/dT: Oxygen, SBE 43 [dov/dt]
# name 18 = oxsolML/L: Oxygen Saturation, Garcia & Gordon [ml/l]
# name 19 = oxsolMg/L: Oxygen Saturation, Garcia & Gordon [mg/l]
# name 20 = oxsolMm/Kg: Oxygen Saturation, Garcia & Gordon [umol/kg]
# name 21 = n2satMg/L: Nitrogen Saturation [mg/l]
# name 22 = par: PAR/Irradiance, Biospherical/Licor
# name 23 = wetStar: Fluorescence, WET Labs WETstar [mg/m^3]
# name 24 = CStarAt0: Beam Attenuation, WET Labs C-Star [1/m]
# name 25 = CStarTr0: Beam Transmission, WET Labs C-Star [%]
# name 26 = flag: flag
# span 0 =        151,        627       
# span 1 = 179.485481, 179.486857       
# span 2 =    0.01044,    0.04345       
# span 3 =     0.6266,     2.6071       
# span 4 =     37.596,    156.427       
# span 5 =      1.017,     65.616       
# span 6 =  48699.917,  50684.432       
# span 7 =    30.6737,    31.7660       
# span 8 =     6.5249,     8.0768       
# span 9 =      1.000,     65.000       
# span 10 =     6.5183,     8.0283      
# span 11 =    23.8673,    24.9338      
# span 12 =     2.7212,     3.0010      
# span 13 =     3.8891,     4.2887      
# span 14 =     40.070,     43.041      
# span 15 =    118.684,    130.764      
# span 16 =    121.534,    134.024      
# span 17 =   -0.00437,    0.00405      
# span 18 =    6.77670,    6.97260      
# span 19 =    9.68458,    9.96455      
# span 20 =  295.59178,  303.82115      
# span 21 =   15.27304,   15.66117      
# span 22 = 5.1000e-02, 2.1493e+02      
# span 23 =     0.3988,     1.2284      
# span 24 =     1.1392,     2.6759      
# span 25 =    51.2432,    75.2165      
# span 26 = 0.0000e+00, 0.0000e+00      
# interval = meters: 1                  
# start_time = Jun 28 2017 11:38:28 [Instrument's time stamp, header]
# bad_flag = -9.990e-29
*END*
[from data line 54]
        573 179.486701    0.03971     2.3830    142.982     55.528  50636.530    31.7456     6.5743     55.000     6.5620    24.9116     2.9896     4.2724     42.920    130.271    133.516   -0.00020    6.96548    9.95437  303.51730   15.64677 5.1240e-02     0.5377     2.4136    54.6958 0.0000e+00
        578 179.486717    0.04009     2.4052    144.310     56.538  50656.003    31.7549     6.5542     56.000     6.5462    24.9215     2.9925     4.2766     42.945    130.395    133.645 -7.305e-07    6.96830    9.95839  303.63699   15.65243 5.1357e-02     0.6139     2.4807    53.7862 0.0000e+00
        583 179.486731    0.04043     2.4255    145.529     57.545  50661.267    31.7565     6.5460     57.000     6.5366    24.9239     2.9958     4.2813     42.984    130.540    133.793    0.00027    6.96956    9.96020  303.69127   15.65501 5.1370e-02     0.6192     2.4171    54.6744 0.0000e+00
        588 179.486746    0.04078     2.4471    146.824     58.556  50670.973    31.7615     6.5385     58.000     6.5321    24.9286     2.9972     4.2834     42.999    130.602    133.858    0.00031    6.97055    9.96162  303.73314   15.65699 5.1380e-02     0.5440     2.4864    53.7180 0.0000e+00
        594 179.486761    0.04115     2.4690    148.142     59.566  50674.619    31.7621     6.5313     59.000     6.5231    24.9301     2.9984     4.2850     43.008    130.651    133.908    0.00016    6.97168    9.96323  303.78204   15.65932 5.1293e-02     0.5453     2.4058    54.8477 0.0000e+00
        599 179.486775    0.04150     2.4898    149.388     60.573  50681.426    31.7655     6.5266     60.000     6.5211    24.9334     2.9993     4.2863     43.017    130.690    133.948    0.00010    6.97229    9.96410  303.80747   15.66052 5.1326e-02     0.5764     2.1341    58.6714 0.0000e+00
        604 179.486791    0.04188     2.5128    150.766     61.584  50682.889    31.7660     6.5263     61.000     6.5213    24.9338     2.9976     4.2839     42.993    130.616    133.873   -0.00013    6.97232    9.96415  303.80875   15.66057 5.1334e-02     0.5550     2.1263    58.7740 0.0000e+00
        610 179.486808    0.04227     2.5366    152.195     62.595  50683.052    31.7656     6.5259     62.000     6.5204    24.9336     2.9982     4.2847     43.001    130.640    133.898   -0.00011    6.97240    9.96425  303.81221   15.66074 5.1196e-02     0.5424     2.5115    53.3984 0.0000e+00
        615 179.486824    0.04266     2.5596    153.574     63.604  50683.802    31.7657     6.5261     63.000     6.5207    24.9336     2.9998     4.2870     43.024    130.714    133.972    0.00010    6.97236    9.96420  303.81057   15.66067 5.1242e-02     0.5012     2.6033    52.1645 0.0000e+00
        621 179.486840    0.04306     2.5837    155.019     64.615  50684.432    31.7656     6.5259     64.000     6.5203    24.9336     3.0010     4.2887     43.041    130.764    134.024    0.00014    6.97240    9.96426  303.81244   15.66075 5.1283e-02     0.5739     2.6155    52.0083 0.0000e+00
        627 179.486857    0.04345     2.6071    156.427     65.616  50684.060    31.7646     6.5249     65.000     6.5183    24.9330     2.9964     4.2820     42.973    130.562    133.818   -0.00016    6.97260    9.96455  303.82115   15.66117 5.1000e-02     0.4973     2.6759    51.2432 0.0000e+00
