CTD-processing/allCTD/CNV/2017_08-24_t9_s06_cast017_4141.cnv
* Sea-Bird SBE19plus Data File:
* FileName = C:\Users\Kim.Powell\Desktop\Not Processed\2017\2017_08\2017_08-24_TRANSECT_STATION_cast017.hex
* Software Version 1.59
* Temperature SN =  4141
* Conductivity SN =  4141
* System UpLoad Time = Sep 22 2017 08:39:27
** 2017_08-24
** Station: 9-06
** Start Time: 17:44
** Depth (m): 103
** Comment: Edgecumbe
** Comment:
# nquan = 27
# nvalues = 101                         
# units = specified
# name 0 = scan: Scan Count
# name 1 = timeJ: Julian Days
# name 2 = timeH: Time, Elapsed [hours]
# name 3 = timeM: Time, Elapsed [minutes]
# name 4 = timeS: Time, Elapsed [seconds]
# name 5 = prdM: Pressure, Strain Gauge [db]
# name 6 = specc: Specific Conductance [uS/cm]
# name 7 = sal00: Salinity, Practical [PSU]
# name 8 = tv290C: Temperature [ITS-90, deg C]
# name 9 = depSM: Depth [salt water, m], lat = 59.00
# name 10 = potemp090C: Potential Temperature [ITS-90, deg C]
# name 11 = sigma-é00: Density [sigma-theta, kg/m^3]
# name 12 = sbeox0ML/L: Oxygen, SBE 43 [ml/l]
# name 13 = sbeox0Mg/L: Oxygen, SBE 43 [mg/l]
# name 14 = sbeox0PS: Oxygen, SBE 43 [% saturation]
# name 15 = sbox0Mm/Kg: Oxygen, SBE 43 [umol/kg]
# name 16 = sbeox0Mm/L: Oxygen, SBE 43 [umol/l]
# name 17 = sbox0dV/dT: Oxygen, SBE 43 [dov/dt]
# name 18 = oxsolML/L: Oxygen Saturation, Garcia & Gordon [ml/l]
# name 19 = oxsolMg/L: Oxygen Saturation, Garcia & Gordon [mg/l]
# name 20 = oxsolMm/Kg: Oxygen Saturation, Garcia & Gordon [umol/kg]
# name 21 = n2satMg/L: Nitrogen Saturation [mg/l]
# name 22 = par: PAR/Irradiance, Biospherical/Licor
# name 23 = wetStar: Fluorescence, WET Labs WETstar [mg/m^3]
# name 24 = CStarAt0: Beam Attenuation, WET Labs C-Star [1/m]
# name 25 = CStarTr0: Beam Transmission, WET Labs C-Star [%]
# name 26 = flag: flag
# span 0 =        312,        724       
# span 1 = 236.740195, 236.741386       
# span 2 =    0.02161,    0.05020       
# span 3 =     1.2966,     3.0121       
# span 4 =     77.796,    180.724       
# span 5 =      1.023,    101.972       
# span 6 =  47670.378,  49723.007       
# span 7 =    30.3011,    31.5290       
# span 8 =     9.3259,    10.7317       
# span 9 =      1.000,    101.000       
# span 10 =     9.3135,    10.7249      
# span 11 =    23.1648,    24.3526      
# span 12 =     2.4091,     2.5707      
# span 13 =     3.4429,     3.6738      
# span 14 =     37.614,     39.279      
# span 15 =    105.156,    112.079      
# span 16 =    107.591,    114.807      
# span 17 =   -0.00048,    0.00130      
# span 18 =    6.40492,    6.55328      
# span 19 =    9.15327,    9.36529      
# span 20 =  279.56773,  285.71161      
# span 21 =   14.50858,   14.79756      
# span 22 = 5.1599e-02, 1.2403e+02      
# span 23 =     0.2182,     1.8582      
# span 24 =     0.6557,     2.7518      
# span 25 =    50.2496,    84.8829      
# span 26 = 0.0000e+00, 0.0000e+00      
# interval = meters: 1                  
# start_time = Aug 24 2017 17:44:35 [Instrument's time stamp, header]
# bad_flag = -9.990e-29
*END*
[from data line 54]
        539 236.740851    0.03736     2.2415    134.492     55.525  49423.729    31.4002     9.7875     55.000     9.7719    24.1779     2.5325     3.6191     39.007    110.430    113.100    0.00008    6.49233    9.27819  283.10265   14.67331 5.2966e-02     0.3622     1.1490    75.0337 0.0000e+00
        543 236.740863    0.03766     2.2596    135.573     56.538  49440.018    31.4091     9.7711     56.000     9.7611    24.1875     2.5359     3.6240     39.047    110.576    113.250    0.00033    6.49430    9.28100  283.18595   14.67726 5.2954e-02     0.3468     1.1940    74.1944 0.0000e+00
        548 236.740876    0.03796     2.2772    136.634     57.545  49446.069    31.4119     9.7637     57.000     9.7544    24.1910     2.5376     3.6265     39.069    110.654    113.331    0.00048    6.49524    9.28234  283.22577   14.67915 5.2864e-02     0.3455     1.2231    73.6560 0.0000e+00
        552 236.740888    0.03824     2.2949    137.694     58.561  49448.771    31.4124     9.7556     58.000     9.7414    24.1926     2.5348     3.6224     39.018    110.528    113.202   -0.00026    6.49636    9.28395  283.27447   14.68148 5.2723e-02     0.3412     1.2515    73.1333 0.0000e+00
        555 236.740898    0.03849     2.3098    138.586     59.566  49459.060    31.4173     9.7414     59.000     9.7294    24.1987     2.5394     3.6291     39.079    110.731    113.411    0.00025    6.49820    9.28657  283.35261   14.68520 5.2017e-02     0.3331     1.2940    72.3608 0.0000e+00
        559 236.740909    0.03875     2.3251    139.507     60.572  49465.909    31.4206     9.7326     60.000     9.7193    24.2027     2.5398     3.6296     39.078    110.747    113.427    0.00025    6.49932    9.28818  283.40068   14.68748 5.2349e-02     0.3318     1.3134    72.0113 0.0000e+00
        563 236.740920    0.03903     2.3419    140.515     61.581  49471.190    31.4216     9.7154     61.000     9.6974    24.2063     2.5429     3.6341     39.111    110.881    113.565    0.00032    6.50173    9.29163  283.50475   14.69246 5.3062e-02     0.3241     1.3301    71.7104 0.0000e+00
        568 236.740934    0.03935     2.3609    141.655     62.599  49487.546    31.4293     9.6899     62.000     9.6738    24.2165     2.5443     3.6361     39.113    110.942    113.628    0.00025    6.50505    9.29637  283.64657   14.69921 5.2483e-02     0.3271     1.3570    71.2302 0.0000e+00
        571 236.740944    0.03961     2.3770    142.619     63.604  49497.842    31.4339     9.6733     63.000     9.6572    24.2228     2.5434     3.6348     39.085    110.901    113.588   -0.00023    6.50722    9.29948  283.73983   14.70365 5.1599e-02     0.3120     1.3929    70.5957 0.0000e+00
        575 236.740956    0.03988     2.3931    143.584     64.611  49507.083    31.4373     9.6528     64.000     9.6349    24.2287     2.5476     3.6407     39.133    111.084    113.775    0.00027    6.51003    9.30348  283.86019   14.70940 5.2829e-02     0.3073     1.4222    70.0788 0.0000e+00
        579 236.740968    0.04017     2.4102    144.610     65.628  49524.669    31.4468     9.6342     65.000     9.6226    24.2390     2.5485     3.6420     39.134    111.122    113.816    0.00012    6.51229    9.30673  283.95637   14.71396 5.1855e-02     0.3002     1.4443    69.6940 0.0000e+00
        583 236.740978    0.04043     2.4254    145.523     66.627  49529.747    31.4487     9.6251     66.000     9.6122    24.2420     2.5493     3.6432     39.139    111.159    113.853    0.00010    6.51351    9.30846  284.00862   14.71645 5.2427e-02     0.3006     1.4570    69.4723 0.0000e+00
        588 236.740991    0.04073     2.4439    146.634     67.648  49540.248    31.4543     9.6147     67.000     9.6055    24.2480     2.5511     3.6458     39.159    111.237    113.935    0.00022    6.51477    9.31026  284.06178   14.71897 5.2331e-02     0.2951     1.4428    69.7184 0.0000e+00
        592 236.741003    0.04101     2.4607    147.643     68.652  49541.342    31.4541     9.6101     68.000     9.5981    24.2486     2.5512     3.6459     39.157    111.239    113.937   -0.00000    6.51544    9.31122  284.09078   14.72036 5.3085e-02     0.2815     1.4565    69.4808 0.0000e+00
        596 236.741015    0.04130     2.4777    148.664     69.666  49548.373    31.4574     9.6011     69.000     9.5914    24.2526     2.5508     3.6453     39.143    111.221    113.919   -0.00006    6.51660    9.31288  284.14040   14.72271 5.2587e-02     0.2914     1.4709    69.2307 0.0000e+00
        599 236.741025    0.04156     2.4936    149.616     70.673  49552.279    31.4593     9.5978     70.000     9.5894    24.2547     2.5505     3.6449     39.135    111.206    113.903   -0.00030    6.51699    9.31342  284.15643   14.72347 5.3003e-02     0.2851     1.5015    68.7026 0.0000e+00
        603 236.741037    0.04182     2.5092    150.553     71.684  49555.634    31.4610     9.5966     71.000     9.5884    24.2562     2.5508     3.6454     39.141    111.223    113.921   -0.00009    6.51709    9.31358  284.16066   14.72367 5.2766e-02     0.2816     1.4899    68.9029 0.0000e+00
        607 236.741047    0.04207     2.5243    151.456     72.692  49556.285    31.4609     9.5956     72.000     9.5866    24.2564     2.5527     3.6482     39.169    111.306    114.007    0.00003    6.51724    9.31379  284.16712   14.72398 5.3220e-02     0.2764     1.4858    68.9728 0.0000e+00
        610 236.741057    0.04232     2.5394    152.364     73.702  49558.221    31.4615     9.5932     73.000     9.5822    24.2573     2.5513     3.6459     39.144    111.240    113.939   -0.00007    6.51757    9.31425  284.18106   14.72465 5.2292e-02     0.2798     1.4869    68.9530 0.0000e+00
        614 236.741068    0.04258     2.5546    153.278     74.712  49558.884    31.4606     9.5855     74.000     9.5691    24.2576     2.5507     3.6452     39.129    111.217    113.914   -0.00048    6.51871    9.31589  284.23089   14.72703 5.3526e-02     0.2748     1.4954    68.8071 0.0000e+00
        618 236.741078    0.04283     2.5695    154.171     75.721  49567.046    31.4638     9.5707     75.000     9.5519    24.2627     2.5571     3.6543     39.215    111.494    114.199    0.00043    6.52070    9.31874  284.31628   14.73110 5.3072e-02     0.2773     1.5246    68.3071 0.0000e+00
        621 236.741089    0.04308     2.5847    155.079     76.727  49569.733    31.4617     9.5437     76.000     9.5154    24.2652     2.5585     3.6564     39.213    111.557    114.264    0.00045    6.52466    9.32440  284.48824   14.73933 5.2945e-02     0.2731     1.6161    66.7695 0.0000e+00
        625 236.741100    0.04335     2.6013    156.080     77.743  49603.642    31.4808     9.5116     77.000     9.4976    24.2853     2.5578     3.6553     39.179    111.523    114.231   -0.00024    6.52848    9.32986  284.64939   14.74696 5.2296e-02     0.2657     1.7419    64.6988 0.0000e+00
        629 236.741112    0.04362     2.6175    157.050     78.749  49610.878    31.4843     9.5028     78.000     9.4904    24.2894     2.5601     3.6586     39.208    111.622    114.334    0.00007    6.52960    9.33146  284.69689   14.74922 5.2653e-02     0.2581     1.7924    63.8840 0.0000e+00
        633 236.741123    0.04390     2.6339    158.036     79.765  49606.384    31.4788     9.4892     79.000     9.4638    24.2873     2.5591     3.6571     39.178    111.576    114.287   -0.00022    6.53179    9.33459  284.79307   14.75385 5.2858e-02     0.2593     1.8048    63.6870 0.0000e+00
        637 236.741133    0.04416     2.6492    158.951     80.768  49630.393    31.4911     9.4580     80.000     9.4385    24.3019     2.5645     3.6649     39.238    111.813    114.530    0.00010    6.53578    9.34027  284.96252   14.76189 5.2475e-02     0.2495     1.7786    64.1048 0.0000e+00
        641 236.741145    0.04441     2.6648    159.889     81.779  49647.278    31.5003     9.4414     81.000     9.4286    24.3117     2.5647     3.6653     39.230    111.824    114.542    0.00029    6.53779    9.34315  285.04752   14.76592 5.2641e-02     0.2427     1.7497    64.5694 0.0000e+00
        644 236.741156    0.04468     2.6808    160.850     82.798  49651.567    31.5018     9.4340     82.000     9.4211    24.3140     2.5647     3.6651     39.222    111.818    114.537   -0.00007    6.53880    9.34459  285.09080   14.76799 5.3131e-02     0.2439     1.7442    64.6583 0.0000e+00
        648 236.741165    0.04490     2.6942    161.651     83.795  49655.899    31.5036     9.4276     83.000     9.4158    24.3165     2.5663     3.6674     39.242    111.889    114.609    0.00012    6.53964    9.34579  285.12676   14.76970 5.3368e-02     0.2374     1.7891    63.9381 0.0000e+00
        651 236.741175    0.04514     2.7085    162.513     84.810  49660.330    31.5057     9.4229     84.000     9.4118    24.3188     2.5650     3.6656     39.219    111.833    114.553   -0.00026    6.54023    9.34665  285.15230   14.77091 5.2187e-02     0.2368     1.8118    63.5753 0.0000e+00
        655 236.741186    0.04541     2.7241    163.447     85.818  49661.690    31.5055     9.4178     85.000     9.4043    24.3195     2.5666     3.6680     39.239    111.905    114.626   -0.00000    6.54097    9.34771  285.18450   14.77246 5.2872e-02     0.2325     1.8304    63.2812 0.0000e+00
        659 236.741197    0.04567     2.7402    164.410     86.832  49669.514    31.5096     9.4110     86.000     9.4008    24.3238     2.5649     3.6656     39.209    111.831    114.551   -0.00031    6.54179    9.34887  285.21883   14.77408 5.3413e-02     0.2316     1.8629    62.7676 0.0000e+00
        662 236.741208    0.04593     2.7559    165.353     87.839  49671.581    31.5105     9.4099     87.000     9.4010    24.3247     2.5669     3.6683     39.237    111.914    114.636    0.00001    6.54190    9.34903  285.22331   14.77429 5.2681e-02     0.2310     1.8297    63.2907 0.0000e+00
        666 236.741219    0.04620     2.7721    166.323     88.850  49672.665    31.5110     9.4114     88.000     9.4037    24.3248     2.5639     3.6641     39.194    111.786    114.505   -0.00045    6.54166    9.34869  285.21293   14.77379 5.2573e-02     0.2265     1.7992    63.7749 0.0000e+00
        670 236.741230    0.04647     2.7879    167.274     89.860  49672.660    31.5111     9.4154     89.000     9.4076    24.3243     2.5670     3.6684     39.243    111.917    114.640    0.00000    6.54109    9.34787  285.18810   14.77260 5.2630e-02     0.2318     1.7288    64.9099 0.0000e+00
        674 236.741241    0.04673     2.8036    168.218     90.868  49669.334    31.5087     9.4179     90.000     9.4077    24.3221     2.5691     3.6716     39.279    112.013    114.738    0.00044    6.54082    9.34749  285.17716   14.77209 5.3062e-02     0.2269     1.6442    66.2972 0.0000e+00
        678 236.741253    0.04701     2.8205    169.227     91.879  49670.149    31.5086     9.4162     91.000     9.4058    24.3223     2.5661     3.6672     39.231    111.882    114.603   -0.00016    6.54107    9.34784  285.18768   14.77260 5.2763e-02     0.2191     1.6633    65.9816 0.0000e+00
        682 236.741264    0.04729     2.8376    170.256     92.888  49669.826    31.5077     9.4143     92.000     9.4013    24.3219     2.5656     3.6664     39.220    111.856    114.577   -0.00036    6.54138    9.34829  285.20152   14.77326 5.2860e-02     0.2321     1.6937    65.4804 0.0000e+00
        686 236.741277    0.04760     2.8560    171.361     93.897  49674.400    31.5096     9.4075     93.000     9.3939    24.3244     2.5667     3.6679     39.231    111.903    114.625   -0.00013    6.54230    9.34960  285.24066   14.77512 5.2564e-02     0.2239     1.7282    64.9181 0.0000e+00
        691 236.741291    0.04792     2.8751    172.506     94.913  49673.781    31.5066     9.3926     94.000     9.3716    24.3245     2.5672     3.6689     39.227    111.931    114.654   -0.00018    6.54456    9.35283  285.33913   14.77985 5.2877e-02     0.2274     1.7571    64.4531 0.0000e+00
        695 236.741303    0.04821     2.8924    173.545     95.914  49690.390    31.5158     9.3770     95.000     9.3649    24.3341     2.5669     3.6683     39.211    111.914    114.637   -0.00033    6.54644    9.35552  285.41843   14.78360 5.2811e-02     0.2326     1.9885    60.8333 0.0000e+00
        700 236.741317    0.04855     2.9130    174.779     96.932  49695.315    31.5184     9.3744     96.000     9.3639    24.3366     2.5700     3.6728     39.256    112.049    114.776    0.00020    6.54672    9.35592  285.43012   14.78415 5.2765e-02     0.2182     2.0997    59.1618 0.0000e+00
        704 236.741329    0.04885     2.9308    175.845     97.935  49696.051    31.5185     9.3741     97.000     9.3634    24.3367     2.5698     3.6725     39.253    112.040    114.767   -0.00001    6.54675    9.35596  285.43154   14.78422 5.2873e-02     0.2362     2.1571    58.3182 0.0000e+00
        709 236.741343    0.04917     2.9500    177.002     98.951  49696.758    31.5184     9.3735     98.000     9.3623    24.3368     2.5675     3.6692     39.217    111.940    114.664   -0.00028    6.54685    9.35610  285.43566   14.78441 5.2837e-02     0.2295     2.1620    58.2451 0.0000e+00
        713 236.741355    0.04947     2.9682    178.090     99.957  49690.559    31.5130     9.3687     99.000     9.3468    24.3333     2.5691     3.6714     39.235    112.008    114.733   -0.00016    6.54777    9.35742  285.47688   14.78641 5.2669e-02     0.2277     2.2171    57.4496 0.0000e+00
        718 236.741368    0.04978     2.9869    179.214    100.965  49708.165    31.5213     9.3424    100.000     9.3241    24.3439     2.5707     3.6738     39.239    112.079    114.807   -0.00011    6.55122    9.36235  285.62420   14.79342 5.2562e-02     0.2269     2.4608    54.0907 0.0000e+00
        724 236.741386    0.05020     3.0121    180.724    101.972  49723.007    31.5290     9.3259    101.000     9.3135    24.3526     2.5700     3.6728     39.217    112.046    114.774   -0.00024    6.55328    9.36529  285.71161   14.79756 5.2664e-02     0.2320     2.7518    50.2496 0.0000e+00
