CTD-processing/allCTD/CNV/2017_04-18_t6_s26_cast095_4141.cnv
* Sea-Bird SBE19plus Data File:
* FileName = P:\My Documents\kasitsna\Research-KBL\Oceanography-AK\CTD-Data-ALL-to-2017-02\2017-CTD-KachemakBay-CookInlet\2017-04-18-CookInlet-Tran6-Douglas\2017-04-18-CookInlet-Tran6-cast095.hex
* Software Version 1.59
* Temperature SN =  4141
* Conductivity SN =  4141
* System UpLoad Time = Apr 18 2017 23:15:41
** Cook Inlet LTM Transect 6 Douglas east to west
** Date: (YYYY-MM-DD): 2017-04-18
** Station: (eg. 9-01): 6-26
** Start time (AKDT): 21:36
** Depth (m): 170.7
** Comment: R/V Alaska Dreamcatcher
** Comment:
# nquan = 27
# nvalues = 165                         
# units = specified
# name 0 = scan: Scan Count
# name 1 = timeJ: Julian Days
# name 2 = timeH: Time, Elapsed [hours]
# name 3 = timeM: Time, Elapsed [minutes]
# name 4 = timeS: Time, Elapsed [seconds]
# name 5 = prdM: Pressure, Strain Gauge [db]
# name 6 = specc: Specific Conductance [uS/cm]
# name 7 = sal00: Salinity, Practical [PSU]
# name 8 = tv290C: Temperature [ITS-90, deg C]
# name 9 = depSM: Depth [salt water, m], lat = 59.00
# name 10 = potemp090C: Potential Temperature [ITS-90, deg C]
# name 11 = sigma-é00: Density [sigma-theta, kg/m^3]
# name 12 = sbeox0ML/L: Oxygen, SBE 43 [ml/l]
# name 13 = sbeox0Mg/L: Oxygen, SBE 43 [mg/l]
# name 14 = sbeox0PS: Oxygen, SBE 43 [% saturation]
# name 15 = sbox0Mm/Kg: Oxygen, SBE 43 [umol/kg]
# name 16 = sbeox0Mm/L: Oxygen, SBE 43 [umol/l]
# name 17 = sbox0dV/dT: Oxygen, SBE 43 [dov/dt]
# name 18 = oxsolML/L: Oxygen Saturation, Garcia & Gordon [ml/l]
# name 19 = oxsolMg/L: Oxygen Saturation, Garcia & Gordon [mg/l]
# name 20 = oxsolMm/Kg: Oxygen Saturation, Garcia & Gordon [umol/kg]
# name 21 = n2satMg/L: Nitrogen Saturation [mg/l]
# name 22 = par: PAR/Irradiance, Biospherical/Licor
# name 23 = wetStar: Fluorescence, WET Labs WETstar [mg/m^3]
# name 24 = CStarAt0: Beam Attenuation, WET Labs C-Star [1/m]
# name 25 = CStarTr0: Beam Transmission, WET Labs C-Star [%]
# name 26 = flag: flag
# span 0 =         97,        896       
# span 1 = 108.901343, 108.903655       
# span 2 =    0.00668,    0.06216       
# span 3 =     0.4009,     3.7297       
# span 4 =     24.052,    223.785       
# span 5 =      1.004,    166.526       
# span 6 =  50955.357,  52220.485       
# span 7 =    31.5199,    32.3988       
# span 8 =     3.8296,     5.1395       
# span 9 =      1.000,    165.000       
# span 10 =     3.8259,     5.1261      
# span 11 =    24.9800,    25.6359      
# span 12 =     3.6769,     4.1079      
# span 13 =     5.2547,     5.8707      
# span 14 =     49.703,     56.423      
# span 15 =    160.154,    178.916      
# span 16 =    164.211,    183.461      
# span 17 =   -0.00201,    0.01286      
# span 18 =    7.17360,    7.42665      
# span 19 =   10.25180,   10.61343      
# span 20 =  312.37697,  323.46710      
# span 21 =   16.06627,   16.59582      
# span 22 = 3.6314e-02, 2.8238e+00      
# span 23 =     0.3495,     4.0202      
# span 24 =     0.2189,     0.6072      
# span 25 =    84.2972,    94.6725      
# span 26 = 0.0000e+00, 0.0000e+00      
# interval = meters: 1                  
# start_time = Apr 18 2017 21:37:32 [Instrument's time stamp, header]
# bad_flag = -9.990e-29
*END*
         97 108.901343    0.00668     0.4009     24.052      1.004  51561.139    31.8702     4.0294      1.000     4.0267    25.2943     3.7003     5.2882     50.044    161.180    165.257    0.00032    7.39422   10.56707  322.07890   16.53010 2.8238e+00     2.7756     0.6072    84.2972 0.0000e+00
        286 108.901889    0.01978     1.1871     71.226      2.025  51522.526    31.8264     3.9593      2.000     3.9619    25.2663     3.6828     5.2631     49.707    160.422    164.475    0.00046    7.40904   10.58826  322.73357   16.56141 2.3490e+00     4.0202     0.5699    87.0066 0.0000e+00
        286 108.901889    0.01978     1.1866     71.199      3.024  51528.720    31.8341     3.9757      3.000     3.9791    25.2708     3.6808     5.2603     49.703    160.336    164.389    0.00007    7.40570   10.58348  322.58637   16.55438 1.7157e+00     3.0239     0.5743    86.6269 0.0000e+00
        290 108.901902    0.02009     1.2055     72.331      4.037  51558.046    31.8568     3.9888      4.000     4.0033    25.2876     3.6851     5.2664     49.784    160.519    164.579    0.00039    7.40221   10.57850  322.42929   16.54682 1.4201e+00     3.4536     0.5662    86.8008 0.0000e+00
        294 108.901914    0.02038     1.2227     73.364      5.051  51611.707    31.9018     4.0258      5.000     4.0555    25.3198     3.6832     5.2637     49.819    160.433    164.495    0.00083    7.39329   10.56575  322.03062   16.52767 1.1333e+00     2.7225     0.5590    86.9571 0.0000e+00
        298 108.901924    0.02063     1.2377     74.263      6.057  51600.780    31.9061     4.0769      6.000     4.0942    25.3182     3.6770     5.2548     49.798    160.160    164.215    0.00021    7.38388   10.55230  321.62120   16.50818 9.1316e-01     2.7037     0.5560    87.0225 0.0000e+00
        301 108.901934    0.02086     1.2519     75.116      7.065  51621.374    31.9271     4.1078      7.000     4.1300    25.3319     3.6769     5.2547     49.841    160.154    164.211    0.00055    7.37730   10.54289  321.33004   16.49425 7.5053e-01     2.8884     0.5480    87.1984 0.0000e+00
        305 108.901944    0.02111     1.2669     76.011      8.074  51596.884    31.9193     4.1476      8.000     4.1561    25.3219     3.6816     5.2613     49.950    160.359    164.419    0.00117    7.37055   10.53326  321.03936   16.48046 6.1749e-01     2.9540     0.5439    87.2870 0.0000e+00
        309 108.901956    0.02138     1.2827     76.962      9.084  51666.527    31.9726     4.1736      9.000     4.2012    25.3616     3.6983     5.2852     50.226    161.079    165.164    0.00299    7.36324   10.52280  320.70851   16.46451 5.2208e-01     3.6626     0.5392    87.3899 0.0000e+00
        313 108.901967    0.02165     1.2988     77.929     10.095  51609.607    31.9428     4.2149     10.000     4.2180    25.3339     3.7265     5.3255     50.650    162.313    166.425    0.00567    7.35733   10.51436  320.45988   16.45279 4.4097e-01     2.8665     0.5344    87.4944 0.0000e+00
        316 108.901977    0.02191     1.3146     78.874     11.105  51644.465    31.9696     4.2291     11.000     4.2386    25.3538     3.7618     5.3760     51.157    163.850    168.004    0.00832    7.35347   10.50884  320.28535   16.44439 3.7177e-01     3.0168     0.5289    87.6140 0.0000e+00
        320 108.901988    0.02216     1.3296     79.777     12.115  51611.265    31.9489     4.2399     12.000     4.2301    25.3363     3.7786     5.3999     51.391    164.581    168.751    0.00835    7.35256   10.50755  320.25144   16.44286 3.1482e-01     3.6654     0.5250    87.6998 0.0000e+00
        324 108.901998    0.02240     1.3440     80.643     13.122  51629.309    31.9575     4.2263     13.000     4.2214    25.3445     3.7951     5.4236     51.602    165.298    169.487    0.00753    7.35456   10.51040  320.33559   16.44682 2.6794e-01     3.6969     0.5141    87.9385 0.0000e+00
        327 108.902008    0.02265     1.3589     81.531     14.129  51632.860    31.9577     4.2187     14.000     4.2129    25.3454     3.8313     5.4752     52.083    166.873    171.103    0.00929    7.35591   10.51233  320.39432   16.44962 2.2846e-01     3.4805     0.5134    87.9550 0.0000e+00
        331 108.902020    0.02292     1.3750     82.503     15.143  51624.295    31.9491     4.2093     15.000     4.1965    25.3395     3.8771     5.5409     52.693    168.875    173.155    0.01184    7.35802   10.51535  320.48829   16.45412 1.9248e-01     3.3764     0.5061    88.1139 0.0000e+00
        335 108.902030    0.02318     1.3909     83.457     16.152  51644.492    31.9577     4.1893     16.000     4.1835    25.3482     3.9170     5.5978     53.212    170.610    174.934    0.01286    7.36116   10.51983  320.62223   16.46046 1.6133e-01     3.0780     0.5179    87.8570 0.0000e+00
        339 108.902042    0.02345     1.4069     84.412     17.160  51638.320    31.9497     4.1762     17.000     4.1655    25.3434     3.9460     5.6392     53.586    171.873    176.228    0.01219    7.36390   10.52376  320.74329   16.46625 1.3970e-01     3.2927     0.5231    87.7421 0.0000e+00
        343 108.902053    0.02372     1.4232     85.394     18.177  51638.096    31.9441     4.1554     18.000     4.1424    25.3409     3.9692     5.6724     53.871    172.882    177.263    0.01112    7.36792   10.52949  320.91869   16.47462 1.1858e-01     3.5601     0.5098    88.0325 0.0000e+00
        346 108.902063    0.02395     1.4372     86.232     19.180  51636.757    31.9384     4.1372     19.000     4.1236    25.3381     3.9793     5.6868     53.982    173.324    177.716    0.00905    7.37145   10.53452  321.07319   16.48199 1.0133e-01     3.3380     0.5158    87.9007 0.0000e+00
        349 108.902073    0.02419     1.4510     87.061     20.186  51666.532    31.9552     4.1243     20.000     4.1206    25.3527     3.9896     5.7015     54.111    173.767    178.173    0.00767    7.37292   10.53664  321.13286   16.48475 8.9573e-02     3.2598     0.5120    87.9847 0.0000e+00
        353 108.902083    0.02445     1.4671     88.029     21.198  51645.131    31.9371     4.1120     21.000     4.0967    25.3396     4.0003     5.7168     54.234    174.238    178.653    0.00652    7.37602   10.54107  321.27219   16.49146 7.8771e-02     3.4056     0.5152    87.9160 0.0000e+00
        357 108.902096    0.02474     1.4845     89.067     22.213  51643.327    31.9275     4.0794     22.000     4.0616    25.3352     4.0072     5.7267     54.281    174.540    178.962    0.00471    7.38234   10.55011  321.54914   16.50467 6.9666e-02     3.0093     0.5171    87.8746 0.0000e+00
        361 108.902106    0.02499     1.4992     89.955     23.224  51666.188    31.9366     4.0546     23.000     4.0431    25.3449     4.0190     5.7436     54.411    175.053    179.489    0.00427    7.38636   10.55585  321.72095   16.51281 6.2097e-02     2.7745     0.5149    87.9233 0.0000e+00
        364 108.902115    0.02520     1.5121     90.726     24.221  51658.415    31.9267     4.0375     24.000     4.0192    25.3387     4.0315     5.7614     54.554    175.597    180.047    0.00449    7.38993   10.56095  321.87831   16.52033 5.6123e-02     2.9113     0.5129    87.9667 0.0000e+00
        368 108.902126    0.02547     1.5280     91.678     25.232  51659.431    31.9181     4.0007     25.000     3.9783    25.3353     4.0343     5.7655     54.541    175.722    180.174    0.00318    7.39698   10.57103  322.18667   16.53503 5.0779e-02     3.0423     0.5066    88.1048 0.0000e+00
        372 108.902139    0.02578     1.5469     92.813     26.255  51690.414    31.9294     3.9622     26.000     3.9482    25.3480     4.0453     5.7811     54.641    176.196    180.661    0.00270    7.40338   10.58017  322.46119   16.54804 4.6287e-02     2.8889     0.5013    88.2222 0.0000e+00
        376 108.902149    0.02602     1.5615     93.691     27.258  51681.132    31.9158     3.9347     27.000     3.9125    25.3398     4.0533     5.7924     54.706    176.543    181.016    0.00252    7.40902   10.58823  322.70919   16.55989 4.3665e-02     2.9386     0.5019    88.2067 0.0000e+00
        379 108.902159    0.02625     1.5752     94.511     28.262  51676.645    31.9036     3.8993     28.000     3.8686    25.3335     4.0592     5.8010     54.735    176.804    181.283    0.00199    7.41603   10.59826  323.01706   16.57458 4.0491e-02     2.7080     0.5014    88.2184 0.0000e+00
        383 108.902170    0.02653     1.5914     95.483     29.275  51726.949    31.9266     3.8551     29.000     3.8416    25.3560     4.0686     5.8144     54.812    177.211    181.704    0.00194    7.42289   10.60805  323.30828   16.58834 3.8597e-02     2.2245     0.4862    88.5539 0.0000e+00
        387 108.902182    0.02681     1.6081     96.488     30.289  51764.652    31.9471     3.8360     30.000     3.8347    25.3741     4.0697     5.8161     54.809    177.258    181.756    0.00132    7.42533   10.61154  323.40898   16.59304 3.7016e-02     2.5102     0.4838    88.6073 0.0000e+00
        390 108.902191    0.02704     1.6224     97.346     31.297  51759.738    31.9435     3.8369     31.000     3.8313    25.3712     4.0674     5.8127     54.777    177.153    181.648    0.00060    7.42535   10.61157  323.41084   16.59314 3.6314e-02     2.9954     0.4724    88.8615 0.0000e+00
        394 108.902201    0.02727     1.6363     98.178     32.300  51763.601    31.9438     3.8296     32.000     3.8259    25.3721     4.0720     5.8192     54.829    177.353    181.852    0.00069    7.42665   10.61343  323.46710   16.59582 3.6380e-02     2.4708     0.4807    88.6781 0.0000e+00
        398 108.902213    0.02754     1.6525     99.152     33.313  51842.984    32.0013     3.8457     33.000     3.8816    25.4164     4.0742     5.8224     54.902    177.444    181.954    0.00110    7.42084   10.60512  323.20013   16.58289 3.6382e-02     2.2422     0.4549    89.2505 0.0000e+00
        402 108.902224    0.02783     1.6694    100.165     34.330  51857.902    32.0307     3.9260     34.000     3.9724    25.4321     4.0654     5.8098     54.901    177.057    181.560    0.00086    7.40485   10.58227  322.49873   16.54942 3.6382e-02     1.7260     0.4445    89.4815 0.0000e+00
        405 108.902234    0.02807     1.6836    101.019     35.333  51894.543    32.0778     4.0186     35.000     4.0956    25.4605     4.0553     5.7954     54.907    176.613    181.110    0.00060    7.38580   10.55504  321.65999   16.50933 3.6382e-02     1.7479     0.4216    89.9958 0.0000e+00
        408 108.902244    0.02829     1.6977    101.862     36.338  52041.573    32.2218     4.2012     36.000     4.3565    25.5570     4.0351     5.7666     54.929    175.716    180.207    0.00075    7.34599   10.49815  319.89615   16.42485 3.6382e-02     1.8557     0.3762    91.0242 0.0000e+00
        412 108.902255    0.02857     1.7142    102.851     37.353  52000.106    32.2660     4.5106     37.000     4.6655    25.5606     4.0031     5.7208     54.919    174.321    178.777    0.00069    7.28905   10.41678  317.41563   16.30665 3.6382e-02     1.7341     0.3253    92.1903 0.0000e+00
        416 108.902267    0.02885     1.7308    103.851     38.366  51889.703    32.2576     4.8070     38.000     4.9242    25.5228     3.9761     5.6822     54.936    173.152    177.572    0.00074    7.23767   10.34335  315.18978   16.20075 3.6382e-02     1.5753     0.2686    93.5063 0.0000e+00
        420 108.902277    0.02909     1.7452    104.714     39.373  51709.764    32.1751     4.9940     39.000     5.0257    25.4371     3.9669     5.6690     55.025    172.765    177.160    0.00141    7.20928   10.30279  313.97992   16.14348 3.6382e-02     1.2583     0.2414    94.1442 0.0000e+00
        423 108.902287    0.02932     1.7594    105.563     40.379  51642.472    32.1371     5.0340     40.000     5.0331    25.4027     3.9735     5.6786     55.155    173.061    177.457    0.00212    7.20422   10.29555  313.76991   16.13364 3.6382e-02     0.9712     0.2362    94.2660 0.0000e+00
        427 108.902297    0.02958     1.7748    106.485     41.389  51616.073    32.1181     5.0328     41.000     5.0158    25.3878     3.9826     5.6915     55.273    173.459    177.862    0.00258    7.20533   10.29715  313.82283   16.13624 3.6382e-02     0.8198     0.2354    94.2846 0.0000e+00
        431 108.902309    0.02985     1.7913    107.477     42.401  51604.025    32.1016     4.9975     42.000     4.9704    25.3786     3.9868     5.6976     55.279    173.644    178.052    0.00182    7.21223   10.30699  314.12612   16.15074 3.6382e-02     0.7894     0.2377    94.2319 0.0000e+00
        435 108.902320    0.03013     1.8075    108.452     43.416  51576.027    32.0731     4.9581     43.000     4.8993    25.3603     3.9963     5.7111     55.348    174.063    178.477    0.00157    7.22040   10.31868  314.48773   16.16807 3.6382e-02     0.6519     0.2444    94.0723 0.0000e+00
        438 108.902329    0.03035     1.8210    109.262     44.422  51368.438    31.9009     4.8272     44.000     4.6083    25.2379     4.0154     5.7384     55.373    174.913    179.327    0.00141    7.25147   10.36307  315.87842   16.23497 3.6382e-02     0.7485     0.2687    93.5048 0.0000e+00
        441 108.902338    0.03057     1.8340    110.038     45.423  50955.357    31.5199     4.3990     45.000     4.0243    24.9800     4.0749     5.8234     55.475    177.549    181.984    0.00128    7.34552   10.49749  320.05602   16.43530 3.6382e-02     0.6966     0.3618    91.3513 0.0000e+00
        445 108.902350    0.03084     1.8503    111.019     46.435  51811.730    31.9989     3.9501     46.000     3.9300    25.4046     4.1079     5.8707     55.497    178.916    183.461    0.00089    7.40208   10.57831  322.38682   16.54422 3.6382e-02     0.8361     0.3860    90.7994 0.0000e+00
        450 108.902363    0.03115     1.8689    112.135     47.457  51863.432    32.0311     3.9397     47.000     3.9456    25.4312     4.0941     5.8508     55.308    178.307    182.841   -0.00101    7.40234   10.57868  322.38977   16.54424 3.6382e-02     1.1044     0.3690    91.1889 0.0000e+00
        453 108.902373    0.03138     1.8828    112.967     48.461  51838.884    32.0171     3.9526     48.000     3.9449    25.4187     4.0845     5.8372     55.191    177.893    182.415   -0.00199    7.40072   10.57637  322.32301   16.54111 3.6382e-02     1.2045     0.3835    90.8567 0.0000e+00
        456 108.902381    0.03160     1.8958    113.751     49.461  51819.924    32.0014     3.9436     49.000     3.9274    25.4072     4.0824     5.8341     55.144    177.802    182.320   -0.00201    7.40314   10.57983  322.43203   16.54637 3.6382e-02     0.9977     0.3844    90.8363 0.0000e+00
        460 108.902393    0.03187     1.9123    114.739     50.478  51838.311    32.0069     3.9172     50.000     3.9073    25.4141     4.0902     5.8453     55.217    178.142    182.669   -0.00100    7.40762   10.58623  322.62505   16.55552 3.6382e-02     1.2871     0.3881    90.7548 0.0000e+00
        464 108.902405    0.03215     1.9291    115.747     51.493  51845.663    32.0090     3.9072     51.000     3.9266    25.4167     4.0916     5.8472     55.222    178.200    182.729   -0.00048    7.40932   10.58865  322.69804   16.55899 3.6382e-02     1.2315     0.3956    90.5814 0.0000e+00
        467 108.902414    0.03239     1.9433    116.600     52.493  52220.485    32.3053     4.0753     52.000     4.2597    25.6359     4.0679     5.8135     55.239    177.134    181.675   -0.00039    7.36437   10.52442  320.67199   16.46143 3.6382e-02     1.1424     0.3453    91.7319 0.0000e+00
        471 108.902426    0.03266     1.9595    117.572     53.504  51915.990    32.1597     4.3384     53.000     4.4004    25.4941     4.0481     5.7851     55.266    176.293    180.787    0.00024    7.32466   10.46767  318.98691   16.38185 3.6382e-02     1.4064     0.3271    92.1488 0.0000e+00
