CTD-processing/allCTD/CNV/2017_11-02_t7_s22_cast082_4141.cnv
* Sea-Bird SBE19plus Data File:
* FileName = C:\Users\Kim.Powell\Desktop\Not Processed\2017\2017_11-02_\2017_11-02_TRANSECT_STATION_cast082.hex
* Software Version 1.59
* Temperature SN =  4141
* Conductivity SN =  4141
* System UpLoad Time = Nov 07 2017 08:19:10
** 2017_11-02
** Station: 7-22
** Start Time: 14:22
** Depth (m): 78
** Comment: Edgecumbe
** Comment:
# nquan = 27
# nvalues = 65                          
# units = specified
# name 0 = scan: Scan Count
# name 1 = timeJ: Julian Days
# name 2 = timeH: Time, Elapsed [hours]
# name 3 = timeM: Time, Elapsed [minutes]
# name 4 = timeS: Time, Elapsed [seconds]
# name 5 = prdM: Pressure, Strain Gauge [db]
# name 6 = specc: Specific Conductance [uS/cm]
# name 7 = sal00: Salinity, Practical [PSU]
# name 8 = tv290C: Temperature [ITS-90, deg C]
# name 9 = depSM: Depth [salt water, m], lat = 59.00
# name 10 = potemp090C: Potential Temperature [ITS-90, deg C]
# name 11 = sigma-é00: Density [sigma-theta, kg/m^3]
# name 12 = sbeox0ML/L: Oxygen, SBE 43 [ml/l]
# name 13 = sbeox0Mg/L: Oxygen, SBE 43 [mg/l]
# name 14 = sbeox0PS: Oxygen, SBE 43 [% saturation]
# name 15 = sbox0Mm/Kg: Oxygen, SBE 43 [umol/kg]
# name 16 = sbeox0Mm/L: Oxygen, SBE 43 [umol/l]
# name 17 = sbox0dV/dT: Oxygen, SBE 43 [dov/dt]
# name 18 = oxsolML/L: Oxygen Saturation, Garcia & Gordon [ml/l]
# name 19 = oxsolMg/L: Oxygen Saturation, Garcia & Gordon [mg/l]
# name 20 = oxsolMm/Kg: Oxygen Saturation, Garcia & Gordon [umol/kg]
# name 21 = n2satMg/L: Nitrogen Saturation [mg/l]
# name 22 = par: PAR/Irradiance, Biospherical/Licor
# name 23 = wetStar: Fluorescence, WET Labs WETstar [mg/m^3]
# name 24 = CStarAt0: Beam Attenuation, WET Labs C-Star [1/m]
# name 25 = CStarTr0: Beam Transmission, WET Labs C-Star [%]
# name 26 = flag: flag
# span 0 =        123,        599       
# span 1 = 306.599093, 306.600469       
# span 2 =    0.00850,    0.04153       
# span 3 =     0.5104,     2.4917       
# span 4 =     30.621,    149.501       
# span 5 =      1.006,     65.639       
# span 6 =  48293.363,  49378.331       
# span 7 =    30.5914,    31.2909       
# span 8 =     9.1937,     9.5059       
# span 9 =      1.000,     65.000       
# span 10 =     9.2192,     9.4884      
# span 11 =    23.5904,    24.1787      
# span 12 =     2.7651,     2.7976      
# span 13 =     3.9516,     3.9981      
# span 14 =     41.926,     42.549      
# span 15 =    120.599,    121.995      
# span 16 =    123.490,    124.944      
# span 17 =   -0.00076,    0.00075      
# span 18 =    6.56680,    6.60008      
# span 19 =    9.38461,    9.43218      
# span 20 =  286.51454,  287.91232      
# span 21 =   14.83974,   14.90579      
# span 22 = 1.6875e-01, 1.2821e+02      
# span 23 =     0.2760,     1.3343      
# span 24 =    -0.0389,     6.9167      
# span 25 =    41.2718,    95.9466      
# span 26 = 0.0000e+00, 0.0000e+00      
# interval = meters: 1                  
# start_time = Nov 02 2017 14:22:11 [Instrument's time stamp, header]
# bad_flag = -9.990e-29
*END*
        123 306.599093    0.00850     0.5104     30.621      1.006  48917.838    30.9778     9.1937      1.000     9.3886    23.9404     2.7651     3.9516     41.926    120.599    123.490    0.00024    6.59525    9.42528  287.64937   14.89241 1.0868e+02     0.4121     6.9167    41.2718 0.0000e+00
        295 306.599588    0.02038     1.2230     73.381      2.022  48293.363    30.5914     9.5059      2.000     9.4884    23.5904     2.7709     3.9599     42.195    120.895    123.748    0.00068    6.56680    9.38461  286.51454   14.83974 1.2821e+02     0.5238    -0.0389    95.9466 0.0000e+00
        292 306.599582    0.02024     1.2143     72.856      3.026  48469.560    30.7081     9.4599      3.000     9.4504    23.6888     2.7728     3.9627     42.214    120.970    123.835    0.00062    6.56852    9.38707  286.56192   14.84153 9.6016e+01     0.4758     0.2716    93.4348 0.0000e+00
        298 306.599597    0.02061     1.2364     74.183      4.045  48497.107    30.7248     9.4426      4.000     9.4372    23.7045     2.7762     3.9676     42.254    121.117    123.987    0.00075    6.57034    9.38967  286.63679   14.84504 8.8043e+01     0.8023     0.2691    93.4941 0.0000e+00
        302 306.599609    0.02089     1.2533     75.196      5.046  48507.688    30.7307     9.4341      5.000     9.4314    23.7105     2.7736     3.9638     42.207    120.999    123.868   -0.00006    6.57133    9.39108  286.67811   14.84700 7.0825e+01     0.7455     0.2682    93.5145 0.0000e+00
        306 306.599622    0.02120     1.2721     76.325      6.047  48513.771    30.7340     9.4300      6.000     9.4267    23.7137     2.7771     3.9688     42.258    121.153    124.026    0.00036    6.57176    9.39171  286.69642   14.84785 6.5641e+01     0.6739     0.2627    93.6427 0.0000e+00
        312 306.599639    0.02161     1.2967     77.799      7.079  48523.349    30.7390     9.4201      7.000     9.4153    23.7191     2.7775     3.9693     42.256    121.169    124.043    0.00010    6.57300    9.39348  286.74885   14.85034 6.8609e+01     0.5312     0.2554    93.8142 0.0000e+00
        316 306.599651    0.02189     1.3135     78.812      8.069  48532.654    30.7442     9.4131      8.000     9.4092    23.7243     2.7775     3.9692     42.250    121.166    124.041    0.00001    6.57380    9.39462  286.78225   14.85191 5.1790e+01     0.8236     0.2475    93.9999 0.0000e+00
        321 306.599665    0.02224     1.3345     80.073      9.085  48544.156    30.7506     9.4035      9.000     9.3987    23.7308     2.7742     3.9646     42.194    121.023    123.896   -0.00056    6.57493    9.39623  286.82967   14.85416 5.0497e+01     0.9126     0.2512    93.9120 0.0000e+00
        326 306.599680    0.02259     1.3555     81.330     10.104  48551.375    30.7541     9.3950     10.000     9.3916    23.7349     2.7762     3.9674     42.217    121.109    123.983   -0.00041    6.57602    9.39779  286.87621   14.85637 4.6747e+01     1.0436     0.2453    94.0541 0.0000e+00
        330 306.599690    0.02285     1.3706     82.238     11.097  48558.764    30.7584     9.3917     11.000     9.3904    23.7387     2.7802     3.9732     42.277    121.285    124.164    0.00065    6.57632    9.39821  286.88801   14.85691 3.8982e+01     0.6258     0.2424    94.1200 0.0000e+00
        335 306.599706    0.02322     1.3932     83.591     12.111  48557.276    30.7566     9.3888     12.000     9.3859    23.7378     2.7809     3.9743     42.284    121.318    124.198    0.00034    6.57682    9.39893  286.91022   14.85799 3.5478e+01     1.0684     0.2429    94.1086 0.0000e+00
        342 306.599724    0.02365     1.4188     85.127     13.136  48557.545    30.7557     9.3842     13.000     9.3818    23.7378     2.7780     3.9700     42.234    121.188    124.064   -0.00044    6.57753    9.39995  286.94097   14.85946 3.1151e+01     0.9382     0.2407    94.1600 0.0000e+00
        345 306.599734    0.02388     1.4328     85.970     14.123  48555.746    30.7538     9.3830     14.000     9.3769    23.7366     2.7800     3.9729     42.264    121.276    124.155   -0.00014    6.57779    9.40031  286.95261   14.86002 2.5044e+01     0.7802     0.2433    94.0976 0.0000e+00
        350 306.599749    0.02426     1.4552     87.309     15.141  48559.587    30.7540     9.3671     15.000     9.3606    23.7392     2.7840     3.9787     42.310    121.451    124.335    0.00036    6.58009    9.40360  287.05223   14.86478 2.5554e+01     0.8568     0.2383    94.2164 0.0000e+00
        356 306.599767    0.02466     1.4800     88.798     16.158  48564.841    30.7557     9.3552     16.000     9.3496    23.7424     2.7814     3.9749     42.259    121.336    124.217   -0.00035    6.58175    9.40599  287.12421   14.86822 2.1261e+01     1.0656     0.2435    94.0940 0.0000e+00
        360 306.599777    0.02494     1.4963     89.776     17.157  48566.078    30.7550     9.3468     17.000     9.3398    23.7432     2.7843     3.9790     42.295    121.463    124.346    0.00002    6.58300    9.40776  287.17815   14.87080 1.7884e+01     0.8393     0.2420    94.1307 0.0000e+00
        365 306.599791    0.02527     1.5159     90.955     18.171  48573.296    30.7582     9.3357     18.000     9.3312    23.7474     2.7857     3.9811     42.308    121.526    124.412    0.00007    6.58449    9.40989  287.24208   14.87384 1.6233e+01     0.7368     0.2493    93.9597 0.0000e+00
        370 306.599805    0.02560     1.5362     92.173     19.178  48577.601    30.7602     9.3311     19.000     9.3279    23.7497     2.7858     3.9812     42.306    121.529    124.416   -0.00004    6.58508    9.41074  287.26727   14.87504 1.4644e+01     0.7772     0.2409    94.1550 0.0000e+00
        375 306.599821    0.02598     1.5589     93.532     20.195  48574.303    30.7568     9.3265     20.000     9.3198    23.7478     2.7886     3.9851     42.342    121.648    124.537    0.00030    6.58589    9.41189  287.30302   14.87676 1.2639e+01     0.5969     0.2296    94.4204 0.0000e+00
        379 306.599833    0.02628     1.5770     94.620     21.201  48574.530    30.7547     9.3125     21.000     9.3016    23.7483     2.7887     3.9854     42.331    121.656    124.545   -0.00000    6.58802    9.41494  287.39588   14.88121 1.1412e+01     0.7371     0.2373    94.2406 0.0000e+00
        384 306.599846    0.02658     1.5944     95.665     22.200  48585.492    30.7600     9.2975     22.000     9.2912    23.7547     2.7887     3.9854     42.317    121.654    124.544   -0.00019    6.59000    9.41777  287.48032   14.88523 9.7440e+00     0.6428     0.2355    94.2813 0.0000e+00
        389 306.599862    0.02697     1.6184     97.106     23.233  48593.430    30.7641     9.2902     23.000     9.2875    23.7591     2.7862     3.9818     42.273    121.543    124.431   -0.00057    6.59089    9.41903  287.51782   14.88700 8.7523e+00     0.6218     0.2311    94.3848 0.0000e+00
        393 306.599873    0.02722     1.6335     98.011     24.216  48592.701    30.7630     9.2892     24.000     9.2856    23.7585     2.7911     3.9887     42.346    121.756    124.649    0.00016    6.59109    9.41933  287.52696   14.88744 7.8011e+00     0.4901     0.2357    94.2791 0.0000e+00
        399 306.599890    0.02763     1.6579     99.476     25.250  48591.776    30.7616     9.2864     25.000     9.2810    23.7578     2.7906     3.9880     42.336    121.735    124.627    0.00013    6.59156    9.41999  287.54729   14.88842 6.8458e+00     0.5461     0.2341    94.3152 0.0000e+00
        403 306.599902    0.02791     1.6746    100.479     26.232  48577.487    30.7492     9.2722     26.000     9.2543    23.7503     2.7897     3.9867     42.305    121.697    124.587   -0.00041    6.59416    9.42370  287.66273   14.89399 6.2680e+00     0.6787     0.2318    94.3689 0.0000e+00
        409 306.599917    0.02830     1.6980    101.877     27.276  48608.911    30.7658     9.2352     27.000     9.2254    23.7691     2.7944     3.9935     42.348    121.902    124.799    0.00012    6.59886    9.43043  287.86300   14.90349 5.4769e+00     0.9461     0.2371    94.2455 0.0000e+00
        413 306.599930    0.02859     1.7154    102.922     28.256  48620.831    30.7726     9.2267     28.000     9.2219    23.7757     2.7931     3.9916     42.320    121.841    124.738   -0.00019    6.59982    9.43180  287.90275   14.90537 5.0324e+00     0.8030     0.2386    94.2100 0.0000e+00
        420 306.599950    0.02908     1.7444    104.662     29.292  48627.595    30.7766     9.2240     29.000     9.2202    23.7792     2.7949     3.9942     42.347    121.923    124.822    0.00028    6.60005    9.43213  287.91195   14.90579 4.6305e+00     0.6641     0.2420    94.1297 0.0000e+00
        423 306.599959    0.02930     1.7580    105.482     30.274  48634.361    30.7807     9.2226     30.000     9.2192    23.7827     2.7940     3.9929     42.333    121.882    124.780    0.00006    6.60008    9.43218  287.91232   14.90579 4.1029e+00     0.9945     0.2420    94.1295 0.0000e+00
        428 306.599975    0.02966     1.7799    106.796     31.291  48653.540    30.7939     9.2239     31.000     9.2218    23.7928     2.7961     3.9959     42.369    121.970    124.872    0.00025    6.59932    9.43110  287.87635   14.90402 3.7660e+00     0.6559     0.2376    94.2346 0.0000e+00
        435 306.599993    0.03011     1.8068    108.406     32.307  48657.943    30.7971     9.2272     32.000     9.2248    23.7947     2.7944     3.9935     42.348    121.898    124.799   -0.00015    6.59870    9.43020  287.84875   14.90269 3.3383e+00     0.8995     0.2333    94.3340 0.0000e+00
        440 306.600008    0.03048     1.8283    109.697     33.317  48671.550    30.8065     9.2295     33.000     9.2276    23.8017     2.7948     3.9941     42.358    121.914    124.816    0.00001    6.59797    9.42916  287.81497   14.90104 2.9578e+00     1.1340     0.2356    94.2803 0.0000e+00
        445 306.600022    0.03080     1.8483    110.896     34.323  48724.435    30.8440     9.2362     34.000     9.2356    23.8301     2.7927     3.9911     42.344    121.822    124.725   -0.00024    6.59539    9.42548  287.69441   14.89512 2.7125e+00     0.7947     0.2366    94.2581 0.0000e+00
        449 306.600036    0.03114     1.8686    112.117     35.333  48747.778    30.8607     9.2415     35.000     9.2388    23.8423     2.7950     3.9944     42.388    121.920    124.827    0.00034    6.59391    9.42336  287.62645   14.89180 2.4165e+00     1.3343     0.2395    94.1870 0.0000e+00
        454 306.600049    0.03147     1.8879    113.273     36.343  48774.899    30.8797     9.2442     36.000     9.2414    23.8567     2.7897     3.9868     42.316    121.687    124.590   -0.00056    6.59271    9.42163  287.56968   14.88901 2.1630e+00     0.6340     0.2415    94.1418 0.0000e+00
        459 306.600064    0.03182     1.9093    114.560     37.353  48783.704    30.8857     9.2460     37.000     9.2430    23.8612     2.7950     3.9943     42.398    121.914    124.823    0.00033    6.59218    9.42089  287.54555   14.88783 1.9699e+00     0.5158     0.2370    94.2465 0.0000e+00
        464 306.600079    0.03217     1.9302    115.811     38.365  48819.473    30.9107     9.2485     38.000     9.2451    23.8803     2.7918     3.9898     42.360    121.775    124.682   -0.00013    6.59076    9.41885  287.47805   14.88450 1.7557e+00     0.5706     0.2413    94.1457 0.0000e+00
        469 306.600091    0.03247     1.9481    116.884     39.366  48842.288    30.9264     9.2497     39.000     9.2463    23.8925     2.7938     3.9926     42.395    121.860    124.772    0.00004    6.58992    9.41765  287.43815   14.88254 1.5755e+00     0.6927     0.2405    94.1653 0.0000e+00
        474 306.600107    0.03285     1.9707    118.244     40.385  48855.197    30.9354     9.2520     40.000     9.2484    23.8991     2.7924     3.9907     42.379    121.800    124.711   -0.00005    6.58920    9.41662  287.40483   14.88091 1.4312e+00     0.5559     0.2324    94.3551 0.0000e+00
        479 306.600122    0.03321     1.9925    119.551     41.396  48868.493    30.9445     9.2532     41.000     9.2489    23.9061     2.7919     3.9900     42.375    121.776    124.687   -0.00020    6.58863    9.41581  287.37821   14.87960 1.2938e+00     0.3955     0.2338    94.3218 0.0000e+00
        483 306.600134    0.03350     2.0099    120.594     42.403  48902.765    30.9681     9.2536     42.000     9.2520    23.9245     2.7939     3.9927     42.411    121.858    124.772    0.00024    6.58758    9.41430  287.32684   14.87705 1.1604e+00     0.3801     0.2286    94.4450 0.0000e+00
        488 306.600147    0.03380     2.0280    121.682     43.405  48983.834    31.0263     9.2661     43.000     9.2683    23.9681     2.7905     3.9879     42.388    121.706    124.623   -0.00011    6.58328    9.40816  287.12732   14.86727 1.0721e+00     0.7020     0.2373    94.2392 0.0000e+00
        493 306.600163    0.03419     2.0511    123.064     44.419  49011.376    31.0463     9.2741     44.000     9.2622    23.9825     2.7898     3.9868     42.389    121.672    124.590   -0.00014    6.58126    9.40527  287.03486   14.86277 9.7504e-01     0.6366     0.2262    94.5033 0.0000e+00
        498 306.600177    0.03452     2.0715    124.292     45.433  49028.665    31.0556     9.2565     45.000     9.2485    23.9925     2.7939     3.9928     42.439    121.853    124.776    0.00034    6.58343    9.40839  287.12727   14.86715 8.9198e-01     0.4265     0.2362    94.2672 0.0000e+00
        503 306.600190    0.03484     2.0903    125.416     46.441  49030.645    31.0558     9.2509     46.000     9.2432    23.9935     2.7963     3.9962     42.470    121.958    124.884    0.00047    6.58424    9.40954  287.16228   14.86882 8.0853e-01     0.5818     0.2322    94.3621 0.0000e+00
        508 306.600204    0.03519     2.1111    126.664     47.448  49054.569    31.0712     9.2434     47.000     9.2367    24.0067     2.7944     3.9934     42.438    121.871    124.797   -0.00004    6.58469    9.41017  287.17777   14.86950 7.4317e-01     0.6678     0.2319    94.3671 0.0000e+00
        513 306.600219    0.03554     2.1324    127.943     48.455  49092.343    31.0969     9.2403     48.000     9.2342    24.0273     2.7931     3.9916     42.422    121.813    124.740   -0.00019    6.58405    9.40926  287.14415   14.86779 6.7753e-01     0.5068     0.2350    94.2951 0.0000e+00
        518 306.600234    0.03590     2.1540    129.243     49.471  49117.100    31.1136     9.2389     49.000     9.2340    24.0406     2.7941     3.9931     42.441    121.857    124.786   -0.00006    6.58354    9.40854  287.11837   14.86649 6.1662e-01     0.6689     0.2304    94.4035 0.0000e+00
        523 306.600249    0.03624     2.1746    130.476     50.484  49133.507    31.1248     9.2395     50.000     9.2343    24.0493     2.7911     3.9888     42.399    121.724    124.652   -0.00041    6.58298    9.40774  287.09166   14.86517 5.5934e-01     0.5053     0.2318    94.3708 0.0000e+00
        527 306.600262    0.03656     2.1937    131.619     51.482  49145.816    31.1330     9.2397     51.000     9.2344    24.0557     2.7947     3.9939     42.456    121.880    124.812    0.00016    6.58260    9.40720  287.07344   14.86427 5.1430e-01     0.4876     0.2350    94.2933 0.0000e+00
        533 306.600278    0.03694     2.2167    133.005     52.499  49162.578    31.1445     9.2404     52.000     9.2359    24.0645     2.7916     3.9895     42.413    121.745    124.675   -0.00039    6.58201    9.40635  287.04485   14.86286 4.6987e-01     0.2818     0.2402    94.1720 0.0000e+00
        538 306.600291    0.03727     2.2363    134.180     53.510  49178.058    31.1553     9.2431     53.000     9.2396    24.0726     2.7925     3.9908     42.432    121.783    124.715   -0.00008    6.58116    9.40513  287.00541   14.86093 4.2828e-01     0.4750     0.2398    94.1807 0.0000e+00
