CTD-processing/allCTD/CNV/2017_08-24_alongbay_skb03_cast011_4141.cnv
* Sea-Bird SBE19plus Data File:
* FileName = C:\Users\Kim.Powell\Desktop\Not Processed\2017\2017_08\2017_08-24_TRANSECT_STATION_cast011.hex
* Software Version 1.59
* Temperature SN =  4141
* Conductivity SN =  4141
* System UpLoad Time = Sep 22 2017 08:32:05
** 2017_08-24
** Station: KB03
** Start Time: 16:22
** Depth (m): 110
** Comment:Edgecumbe
** Comment:
# nquan = 27
# nvalues = 108                         
# units = specified
# name 0 = scan: Scan Count
# name 1 = timeJ: Julian Days
# name 2 = timeH: Time, Elapsed [hours]
# name 3 = timeM: Time, Elapsed [minutes]
# name 4 = timeS: Time, Elapsed [seconds]
# name 5 = prdM: Pressure, Strain Gauge [db]
# name 6 = specc: Specific Conductance [uS/cm]
# name 7 = sal00: Salinity, Practical [PSU]
# name 8 = tv290C: Temperature [ITS-90, deg C]
# name 9 = depSM: Depth [salt water, m], lat = 59.00
# name 10 = potemp090C: Potential Temperature [ITS-90, deg C]
# name 11 = sigma-é00: Density [sigma-theta, kg/m^3]
# name 12 = sbeox0ML/L: Oxygen, SBE 43 [ml/l]
# name 13 = sbeox0Mg/L: Oxygen, SBE 43 [mg/l]
# name 14 = sbeox0PS: Oxygen, SBE 43 [% saturation]
# name 15 = sbox0Mm/Kg: Oxygen, SBE 43 [umol/kg]
# name 16 = sbeox0Mm/L: Oxygen, SBE 43 [umol/l]
# name 17 = sbox0dV/dT: Oxygen, SBE 43 [dov/dt]
# name 18 = oxsolML/L: Oxygen Saturation, Garcia & Gordon [ml/l]
# name 19 = oxsolMg/L: Oxygen Saturation, Garcia & Gordon [mg/l]
# name 20 = oxsolMm/Kg: Oxygen Saturation, Garcia & Gordon [umol/kg]
# name 21 = n2satMg/L: Nitrogen Saturation [mg/l]
# name 22 = par: PAR/Irradiance, Biospherical/Licor
# name 23 = wetStar: Fluorescence, WET Labs WETstar [mg/m^3]
# name 24 = CStarAt0: Beam Attenuation, WET Labs C-Star [1/m]
# name 25 = CStarTr0: Beam Transmission, WET Labs C-Star [%]
# name 26 = flag: flag
# span 0 =        189,        741       
# span 1 = 236.682582, 236.684179       
# span 2 =    0.01307,    0.05142       
# span 3 =     0.7843,     3.0851       
# span 4 =     47.060,    185.107       
# span 5 =      1.014,    109.046       
# span 6 =  48909.079,  49618.117       
# span 7 =    31.2253,    31.5078       
# span 8 =     9.7244,    11.1674       
# span 9 =      1.000,    108.000       
# span 10 =     9.7125,    11.1579      
# span 11 =    23.8085,    24.2722      
# span 12 =     2.3544,     2.5538      
# span 13 =     3.3646,     3.6495      
# span 14 =     37.319,     39.307      
# span 15 =    102.701,    111.348      
# span 16 =    105.146,    114.050      
# span 17 =   -0.00050,    0.00171      
# span 18 =    6.30794,    6.49692      
# span 19 =    9.01468,    9.28474      
# span 20 =  275.16148,  283.27662      
# span 21 =   14.29388,   14.68122      
# span 22 = 4.6825e-02, 1.1956e+02      
# span 23 =     0.3481,     5.2207      
# span 24 =     0.3138,     1.3738      
# span 25 =    70.9330,    92.4548      
# span 26 = 0.0000e+00, 0.0000e+00      
# interval = meters: 1                  
# start_time = Aug 24 2017 16:22:08 [Instrument's time stamp, header]
# bad_flag = -9.990e-29
*END*
        189 236.682582    0.01307     0.7843     47.060      1.014  48909.079    31.2253    11.1674      1.000    11.1579    23.8085     2.3544     3.3646     37.324    102.701    105.146    0.00028    6.30794    9.01468  275.16148   14.29388 1.1956e+02     3.1853     0.6407    84.4916 0.0000e+00
        287 236.682863    0.01983     1.1897     71.379      2.023  48944.867    31.2453    11.1227      2.000    11.1091    23.8319     2.3604     3.3732     37.389    102.962    105.415    0.00101    6.31319    9.02218  275.38417   14.30446 8.6617e+01     4.6990     0.6418    85.2658 0.0000e+00
        280 236.682843    0.01935     1.1608     69.645      3.023  48964.514    31.2568    11.1048      3.000    11.0958    23.8440     2.3613     3.3745     37.391    103.000    105.456    0.00103    6.31514    9.02498  275.46620   14.30835 6.4887e+01     4.5571     0.6227    85.5840 0.0000e+00
        284 236.682855    0.01962     1.1771     70.629      4.041  48980.224    31.2658    11.0898      4.000    11.0858    23.8537     2.3574     3.3689     37.319    102.828    105.281   -0.00030    6.31680    9.02736  275.53618   14.31167 5.3529e+01     4.9584     0.5982    86.1094 0.0000e+00
        287 236.682866    0.01988     1.1930     71.583      5.050  48995.843    31.2760    11.0851      5.000    11.0849    23.8624     2.3619     3.3754     37.389    103.024    105.482    0.00024    6.31705    9.02770  275.54437   14.31201 4.2342e+01     5.0557     0.5662    86.8000 0.0000e+00
        291 236.682877    0.02016     1.2095     72.572      6.056  48994.587    31.2748    11.0863      6.000    11.0836    23.8613     2.3636     3.3778     37.417    103.098    105.558    0.00065    6.31693    9.02753  275.53941   14.31178 3.4034e+01     5.0683     0.5639    86.8508 0.0000e+00
        295 236.682889    0.02045     1.2265     73.592      7.058  48993.596    31.2722    11.0726      7.000    11.0559    23.8617     2.3670     3.3827     37.459    103.247    105.711    0.00064    6.31890    9.03034  275.62529   14.31591 2.8268e+01     5.2207     0.5409    87.3529 0.0000e+00
        300 236.682903    0.02079     1.2473     74.837      8.084  49011.954    31.2807    11.0362      8.000    11.0187    23.8746     2.3749     3.3940     37.557    103.590    106.062    0.00135    6.32349    9.03689  275.82180   14.32529 2.3901e+01     5.0867     0.4901    88.4681 0.0000e+00
        304 236.682915    0.02106     1.2639     75.835      9.081  49031.232    31.2900    11.0017      9.000    10.9883    23.8879     2.3770     3.3970     37.564    103.679    106.156    0.00081    6.32780    9.04306  276.00643   14.33410 1.9991e+01     4.7588     0.4535    89.2826 0.0000e+00
        309 236.682928    0.02139     1.2832     76.990     10.093  49043.451    31.2950    10.9735     10.000    10.9602    23.8967     2.3785     3.3992     37.567    103.746    106.225    0.00059    6.33144    9.04825  276.16247   14.34154 1.6828e+01     4.2807     0.4359    89.6741 0.0000e+00
        314 236.682943    0.02174     1.3045     78.272     11.103  49057.258    31.3010    10.9437     11.000    10.9312    23.9066     2.3840     3.4070     37.630    103.983    106.469    0.00070    6.33525    9.05372  276.32659   14.34938 1.4282e+01     3.6710     0.4182    90.0723 0.0000e+00
        319 236.682956    0.02206     1.3241     79.444     12.118  49070.356    31.3071    10.9193     12.000    10.9093    23.9156     2.3880     3.4127     37.676    104.158    106.649    0.00095    6.33835    9.05813  276.45883   14.35569 1.2125e+01     3.5048     0.4061    90.3474 0.0000e+00
        323 236.682969    0.02237     1.3423     80.537     13.121  49049.530    31.2887    10.8909     13.000    10.8442    23.9062     2.3941     3.4214     37.744    104.424    106.921    0.00106    6.34295    9.06471  276.66222   14.36551 1.0420e+01     3.3097     0.3930    90.6422 0.0000e+00
        328 236.682983    0.02271     1.3626     81.757     14.134  49055.942    31.2731    10.7210     14.000    10.6252    23.9232     2.4053     3.4374     37.778    104.909    107.419    0.00090    6.36688    9.09891  277.70136   14.41533 8.9573e+00     3.1732     0.3389    91.8773 0.0000e+00
        333 236.682997    0.02304     1.3824     82.942     15.142  49191.346    31.3463    10.5332     15.000    10.4877    24.0121     2.4185     3.4563     37.849    105.477    108.010    0.00108    6.38981    9.13168  278.67737   14.46176 7.7940e+00     2.4186     0.3138    92.4548 0.0000e+00
        338 236.683011    0.02338     1.4032     84.195     16.149  49257.771    31.3830    10.4512     16.000    10.4353    24.0545     2.4233     3.4632     37.867    105.685    108.227    0.00075    6.39967    9.14577  279.09571   14.48164 6.7908e+00     1.5283     0.3174    92.3716 0.0000e+00
        343 236.683026    0.02373     1.4239     85.432     17.169  49275.785    31.3919    10.4229     17.000    10.4126    24.0662     2.4253     3.4660     37.875    105.767    108.312    0.00041    6.40325    9.15088  279.24873   14.48893 6.0005e+00     1.1352     0.3213    92.2825 0.0000e+00
        347 236.683037    0.02402     1.4408     86.451     18.167  49284.192    31.3953    10.4054     18.000    10.3978    24.0718     2.4306     3.4735     37.946    105.999    108.550    0.00085    6.40553    9.15414  279.34665   14.49360 5.2727e+00     1.0236     0.3298    92.0864 0.0000e+00
        351 236.683050    0.02430     1.4579     87.475     19.175  49291.798    31.3994    10.3990     19.000    10.3946    24.0762     2.4320     3.4756     37.964    106.061    108.614    0.00081    6.40625    9.15518  279.37693   14.49503 4.6158e+00     0.9144     0.3296    92.0910 0.0000e+00
        356 236.683063    0.02464     1.4783     88.698     20.192  49290.749    31.3971    10.3890     20.000    10.3810    24.0760     2.4353     3.4802     38.005    106.201    108.758    0.00077    6.40774    9.15731  279.44200   14.49816 4.0342e+00     0.8991     0.3262    92.1676 0.0000e+00
        361 236.683078    0.02498     1.4987     89.924     21.201  49298.747    31.4009    10.3771     21.000    10.3716    24.0810     2.4348     3.4795     37.989    106.181    108.738    0.00019    6.40925    9.15946  279.50648   14.50123 3.5039e+00     0.8542     0.3310    92.0578 0.0000e+00
        365 236.683090    0.02528     1.5168     91.007     22.210  49304.621    31.4040    10.3725     22.000    10.3709    24.0842     2.4468     3.4967     38.173    106.705    109.275    0.00171    6.40975    9.16019  279.52768   14.50223 3.0623e+00     0.8173     0.3325    92.0235 0.0000e+00
        369 236.683102    0.02556     1.5338     92.028     23.219  49303.045    31.4027    10.3742     23.000    10.3710    24.0829     2.4439     3.4925     38.129    106.578    109.145    0.00102    6.40958    9.15993  279.52006   14.50187 2.6949e+00     0.8132     0.3313    92.0519 0.0000e+00
        373 236.683113    0.02583     1.5502     93.012     24.227  49302.427    31.4017    10.3723     24.000    10.3679    24.0824     2.4419     3.4897     38.096    106.491    109.056    0.00011    6.40988    9.16036  279.53349   14.50252 2.3766e+00     0.8099     0.3312    92.0542 0.0000e+00
        377 236.683125    0.02611     1.5666     93.996     25.238  49302.157    31.4006    10.3691     25.000    10.3621    24.0822     2.4454     3.4946     38.146    106.641    109.209    0.00045    6.41036    9.16105  279.55448   14.50353 2.0624e+00     0.7747     0.3355    91.9546 0.0000e+00
        381 236.683138    0.02642     1.5851     95.109     26.244  49306.763    31.4026    10.3619     26.000    10.3564    24.0849     2.4479     3.4983     38.181    106.753    109.324    0.00065    6.41129    9.16238  279.59438   14.50543 1.8061e+00     0.7463     0.3402    91.8477 0.0000e+00
        387 236.683153    0.02678     1.6068     96.405     27.259  49309.577    31.4031    10.3537     27.000    10.3472    24.0867     2.4523     3.5047     38.244    106.946    109.522    0.00079    6.41241    9.16397  279.64272   14.50774 1.5663e+00     0.7910     0.3427    91.7882 0.0000e+00
        391 236.683166    0.02708     1.6251     97.504     28.269  49310.227    31.4023    10.3465     28.000    10.3387    24.0873     2.4548     3.5081     38.276    107.052    109.631    0.00092    6.41345    9.16546  279.68783   14.50991 1.3640e+00     0.7152     0.3465    91.7027 0.0000e+00
        395 236.683176    0.02735     1.6410     98.460     29.276  49316.232    31.4050    10.3375     29.000    10.3306    24.0910     2.4566     3.5108     38.298    107.133    109.714    0.00072    6.41459    9.16710  279.73653   14.51223 1.1924e+00     0.8649     0.3555    91.4949 0.0000e+00
        399 236.683188    0.02761     1.6567     99.401     30.284  49321.456    31.4076    10.3320     30.000    10.3269    24.0939     2.4600     3.5156     38.346    107.277    109.861    0.00080    6.41526    9.16805  279.76475   14.51356 1.0497e+00     0.7048     0.3563    91.4772 0.0000e+00
        403 236.683199    0.02789     1.6730    100.379     31.296  49316.644    31.4031    10.3269     31.000    10.3144    24.0913     2.4627     3.5194     38.382    107.395    109.982    0.00102    6.41616    9.16933  279.80461   14.51549 9.1694e-01     0.7044     0.3611    91.3689 0.0000e+00
        407 236.683211    0.02817     1.6904    101.425     32.300  49321.650    31.4035    10.3047     32.000    10.2887    24.0953     2.4648     3.5225     38.397    107.489    110.079    0.00064    6.41924    9.17374  279.93803   14.52188 7.9792e-01     0.6832     0.3696    91.1727 0.0000e+00
        412 236.683225    0.02851     1.7105    102.630     33.320  49333.905    31.4080    10.2744     33.000    10.2566    24.1039     2.4683     3.5274     38.427    107.638    110.233    0.00065    6.42328    9.17951  280.11179   14.53017 6.9159e-01     0.6913     0.3875    90.7658 0.0000e+00
        416 236.683237    0.02879     1.7276    103.659     34.322  49321.130    31.3932    10.2314     34.000    10.1879    24.0996     2.4739     3.5355     38.475    107.886    110.485    0.00074    6.42992    9.18900  280.40255   14.54415 5.9654e-01     0.6279     0.4185    90.0664 0.0000e+00
        420 236.683248    0.02907     1.7438    104.627     35.336  49385.138    31.4302    10.1682     35.000    10.1555    24.1388     2.4780     3.5413     38.495    108.059    110.667    0.00066    6.43725    9.19948  280.71156   14.55879 5.1158e-01     0.5861     0.4795    88.7044 0.0000e+00
        423 236.683259    0.02933     1.7597    105.581     36.344  49398.144    31.4375    10.1571     36.000    10.1513    24.1464     2.4823     3.5475     38.555    108.248    110.862    0.00093    6.43850    9.20127  280.76417   14.56127 4.4253e-01     0.5574     0.4875    88.5280 0.0000e+00
        427 236.683270    0.02959     1.7753    106.521     37.352  49400.606    31.4385    10.1546     37.000    10.1497    24.1476     2.4821     3.5472     38.549    108.237    110.851    0.00066    6.43881    9.20170  280.77703   14.56188 3.7708e-01     0.5246     0.4894    88.4827 0.0000e+00
        431 236.683281    0.02987     1.7921    107.529     38.357  49399.781    31.4372    10.1515     38.000    10.1453    24.1470     2.4848     3.5511     38.589    108.357    110.973    0.00062    6.43929    9.20240  280.79848   14.56292 3.2569e-01     0.5503     0.4957    88.3436 0.0000e+00
        436 236.683296    0.03020     1.8121    108.727     39.377  49403.638    31.4391    10.1489     39.000    10.1442    24.1490     2.4832     3.5488     38.561    108.284    110.899    0.00006    6.43960    9.20282  280.81093   14.56351 2.7970e-01     0.5270     0.4950    88.3594 0.0000e+00
        440 236.683307    0.03049     1.8296    109.776     40.378  49403.580    31.4385    10.1476     40.000    10.1417    24.1488     2.4863     3.5531     38.608    108.419    111.037    0.00054    6.43980    9.20312  280.81989   14.56394 2.4133e-01     0.5131     0.5059    88.1214 0.0000e+00
        445 236.683321    0.03080     1.8481    110.885     41.393  49403.342    31.4374    10.1436     41.000    10.1364    24.1486     2.4868     3.5538     38.612    108.439    111.058    0.00013    6.44041    9.20398  280.84628   14.56520 2.0810e-01     0.5503     0.4956    88.3457 0.0000e+00
        449 236.683333    0.03110     1.8659    111.955     42.400  49409.443    31.4409    10.1404     42.000    10.1362    24.1518     2.4921     3.5614     38.693    108.672    111.296    0.00097    6.44070    9.20441  280.85869   14.56579 1.7991e-01     0.5514     0.4999    88.2523 0.0000e+00
        453 236.683346    0.03141     1.8845    113.067     43.410  49406.975    31.4385    10.1389     43.000    10.1319    24.1503     2.4909     3.5597     38.672    108.620    111.243    0.00038    6.44102    9.20486  280.87281   14.56646 1.5846e-01     0.5096     0.5016    88.2151 0.0000e+00
        458 236.683359    0.03173     1.9035    114.213     44.422  49412.399    31.4415    10.1358     44.000    10.1307    24.1531     2.4939     3.5641     38.717    108.752    111.379    0.00047    6.44133    9.20531  280.88564   14.56707 1.3981e-01     0.5391     0.5057    88.1257 0.0000e+00
        462 236.683371    0.03200     1.9202    115.212     45.429  49407.017    31.4368    10.1319     45.000    10.1215    24.1502     2.4959     3.5670     38.744    108.840    111.469    0.00072    6.44207    9.20636  280.91858   14.56867 1.2228e-01     0.5616     0.5200    87.8103 0.0000e+00
        466 236.683383    0.03230     1.9378    116.270     46.437  49411.597    31.4382    10.1208     46.000    10.1088    24.1531     2.4966     3.5679     38.746    108.870    111.499    0.00030    6.44358    9.20852  280.98359   14.57177 1.0864e-01     0.5151     0.5226    87.7518 0.0000e+00
        471 236.683397    0.03263     1.9577    117.461     47.449  49419.762    31.4414    10.1040     47.000    10.0932    24.1584     2.5003     3.5732     38.789    109.029    111.663    0.00060    6.44581    9.21171  281.07954   14.57635 9.8004e-02     0.5015     0.5356    87.4674 0.0000e+00
        475 236.683409    0.03293     1.9758    118.550     48.459  49429.120    31.4465    10.0952     48.000    10.0879    24.1638     2.5012     3.5744     38.797    109.067    111.703    0.00030    6.44684    9.21318  281.12275   14.57840 8.8811e-02     0.5461     0.5447    87.2681 0.0000e+00
        480 236.683422    0.03323     1.9938    119.631     49.466  49428.795    31.4452    10.0897     49.000    10.0802    24.1636     2.5033     3.5775     38.825    109.160    111.798    0.00053    6.44765    9.21435  281.15850   14.58012 8.0887e-02     0.5310     0.5528    87.0928 0.0000e+00
        484 236.683435    0.03355     2.0128    120.770     50.486  49430.800    31.4450    10.0804     50.000    10.0677    24.1651     2.5046     3.5794     38.837    109.217    111.856    0.00032    6.44897    9.21623  281.21570   14.58286 7.4739e-02     0.5302     0.5582    86.9751 0.0000e+00
        488 236.683445    0.03379     2.0275    121.652     51.486  49431.658    31.4429    10.0634     51.000    10.0445    24.1664     2.5067     3.5823     38.856    109.309    111.951    0.00034    6.45146    9.21978  281.32360   14.58802 6.9935e-02     0.5357     0.5862    86.3683 0.0000e+00
        491 236.683456    0.03405     2.0430    122.578     52.495  49442.900    31.4473    10.0383     52.000    10.0194    24.1739     2.5094     3.5862     38.876    109.425    112.069    0.00037    6.45481    9.22457  281.46785   14.59491 6.5530e-02     0.5256     0.6120    85.8149 0.0000e+00
        495 236.683467    0.03433     2.0599    123.593     53.503  49452.535    31.4505    10.0133     53.000     9.9924    24.1804     2.5120     3.5899     38.896    109.538    112.186    0.00040    6.45821    9.22943  281.61409   14.60190 6.2276e-02     0.5110     0.6330    85.3627 0.0000e+00
