CTD-processing/allCTD/CNV/2017_03-28_alongbay_skb06_cast052_4141.cnv
* Sea-Bird SBE19plus Data File:
* FileName = C:\Users\jwschloemer\Documents\CTD Data\2017_03_28_alongbay\2017_03_28_alongbay_cast052.hex
* Software Version 1.59
* Temperature SN =  4141
* Conductivity SN =  4141
* System UpLoad Time = Apr 03 2017 15:22:02
** Cook Inlet LTM Kbay Along Bay
** Date: 2017-03-28
** Station: KB06
** Start Time (AKST): 13:28
** Depth (m): 103
** Comment: R/V Edgecumbe
# nquan = 27
# nvalues = 85                          
# units = specified
# name 0 = scan: Scan Count
# name 1 = timeJ: Julian Days
# name 2 = timeH: Time, Elapsed [hours]
# name 3 = timeM: Time, Elapsed [minutes]
# name 4 = timeS: Time, Elapsed [seconds]
# name 5 = prdM: Pressure, Strain Gauge [db]
# name 6 = specc: Specific Conductance [uS/cm]
# name 7 = sal00: Salinity, Practical [PSU]
# name 8 = tv290C: Temperature [ITS-90, deg C]
# name 9 = depSM: Depth [salt water, m], lat = 59.00
# name 10 = potemp090C: Potential Temperature [ITS-90, deg C]
# name 11 = sigma-é00: Density [sigma-theta, kg/m^3]
# name 12 = sbeox0ML/L: Oxygen, SBE 43 [ml/l]
# name 13 = sbeox0Mg/L: Oxygen, SBE 43 [mg/l]
# name 14 = sbeox0PS: Oxygen, SBE 43 [% saturation]
# name 15 = sbox0Mm/Kg: Oxygen, SBE 43 [umol/kg]
# name 16 = sbeox0Mm/L: Oxygen, SBE 43 [umol/l]
# name 17 = sbox0dV/dT: Oxygen, SBE 43 [dov/dt]
# name 18 = oxsolML/L: Oxygen Saturation, Garcia & Gordon [ml/l]
# name 19 = oxsolMg/L: Oxygen Saturation, Garcia & Gordon [mg/l]
# name 20 = oxsolMm/Kg: Oxygen Saturation, Garcia & Gordon [umol/kg]
# name 21 = n2satMg/L: Nitrogen Saturation [mg/l]
# name 22 = par: PAR/Irradiance, Biospherical/Licor
# name 23 = wetStar: Fluorescence, WET Labs WETstar [mg/m^3]
# name 24 = CStarAt0: Beam Attenuation, WET Labs C-Star [1/m]
# name 25 = CStarTr0: Beam Transmission, WET Labs C-Star [%]
# name 26 = flag: flag
# span 0 =        102,        673       
# span 1 =  87.520686,  87.522338       
# span 2 =    0.00701,    0.04667       
# span 3 =     0.4207,     2.7998       
# span 4 =     25.245,    167.985       
# span 5 =      1.016,     85.812       
# span 6 =  52091.381,  52167.888       
# span 7 =    31.9009,    32.0488       
# span 8 =     2.6775,     3.2707       
# span 9 =      1.000,     85.000       
# span 10 =     2.7132,     3.2659      
# span 11 =    25.4327,    25.5072      
# span 12 =     4.0175,     4.4805      
# span 13 =     5.7414,     6.4030      
# span 14 =     53.395,     58.626      
# span 15 =    174.958,    195.130      
# span 16 =    179.420,    200.097      
# span 17 =   -0.01844,    0.00594      
# span 18 =    7.52400,    7.64216      
# span 19 =   10.75255,   10.92141      
# span 20 =  327.66433,  332.82713      
# span 21 =   16.79493,   17.04073      
# span 22 = 4.3045e-02, 2.0759e+02      
# span 23 =     0.4506,     2.3319      
# span 24 =     0.6031,     2.3777      
# span 25 =    59.0957,    86.0042      
# span 26 = 0.0000e+00, 0.0000e+00      
# interval = meters: 1                  
# start_time = Mar 28 2017 12:29:22 [Instrument's time stamp, header]
# bad_flag = -9.990e-29
*END*
[from data line 54]
        523  87.521903    0.03623     2.1739    130.437     55.526  52151.544    32.0330     3.1919     55.000     3.1969    25.5011     4.1553     5.9385     55.115    180.965    185.579   -0.00170    7.53946   10.77464  328.33916   16.82707 4.4640e-02     1.3215     0.6648    84.6900 0.0000e+00
        527  87.521916    0.03655     2.1929    131.574     56.536  52155.845    32.0408     3.2124     56.000     3.2178    25.5055     4.1494     5.9299     55.066    180.703    185.312   -0.00157    7.53523   10.76859  328.15346   16.81821 4.4492e-02     1.4786     0.6387    85.2424 0.0000e+00
        532  87.521930    0.03687     2.2121    132.725     57.545  52143.391    32.0356     3.2269     57.000     3.2260    25.5002     4.1451     5.9238     55.027    180.516    185.119   -0.00150    7.53280   10.76512  328.04951   16.81329 4.4052e-02     1.4693     0.6334    85.3548 0.0000e+00
        537  87.521943    0.03719     2.2314    133.887     58.558  52145.563    32.0382     3.2329     58.000     3.2317    25.5016     4.1440     5.9222     55.022    180.468    185.071   -0.00096    7.53157   10.76335  327.99509   16.81070 4.3662e-02     1.4123     0.6296    85.4375 0.0000e+00
        541  87.521956    0.03749     2.2496    134.975     59.564  52142.504    32.0363     3.2359     59.000     3.2330    25.4999     4.1430     5.9208     55.012    180.426    185.027   -0.00085    7.53109   10.76268  327.97518   16.80976 4.3853e-02     1.4580     0.6288    85.4544 0.0000e+00
        546  87.521969    0.03782     2.2689    136.135     60.575  52147.036    32.0393     3.2372     60.000     3.2364    25.5021     4.1323     5.9053     54.872    179.956    184.545   -0.00164    7.53069   10.76211  327.95710   16.80889 4.3865e-02     1.4772     0.6170    85.7050 0.0000e+00
        550  87.521981    0.03811     2.2868    137.206     61.584  52151.660    32.0440     3.2453     61.000     3.2446    25.5052     4.1276     5.8988     54.823    179.754    184.339   -0.00164    7.52896   10.75963  327.88059   16.80523 4.3685e-02     1.4077     0.6311    85.4033 0.0000e+00
        555  87.521995    0.03844     2.3063    138.379     62.594  52144.946    32.0401     3.2496     62.000     3.2457    25.5017     4.1254     5.8956     54.798    179.658    184.240   -0.00143    7.52834   10.75875  327.85484   16.80403 4.3573e-02     1.3508     0.6217    85.6061 0.0000e+00
        559  87.522009    0.03878     2.3267    139.604     63.604  52142.295    32.0371     3.2473     63.000     3.2424    25.4995     4.1206     5.8887     54.730    179.450    184.026   -0.00140    7.52893   10.75959  327.88122   16.80529 4.3209e-02     1.4889     0.6169    85.7080 0.0000e+00
        564  87.522024    0.03913     2.3474    140.843     64.617  52144.572    32.0376     3.2454     64.000     3.2409    25.5001     4.1187     5.8860     54.702    179.366    183.940   -0.00120    7.52926   10.76006  327.89536   16.80596 4.3224e-02     1.3446     0.6200    85.6431 0.0000e+00
        569  87.522037    0.03944     2.3665    141.989     65.617  52146.895    32.0383     3.2441     65.000     3.2407    25.5008     4.1091     5.8723     54.573    178.949    183.512   -0.00197    7.52947   10.76036  327.90416   16.80638 4.3251e-02     1.3805     0.6155    85.7372 0.0000e+00
        575  87.522054    0.03984     2.3904    143.421     66.644  52152.991    32.0426     3.2468     66.000     3.2452    25.5041     4.1142     5.8796     54.646    179.169    183.739   -0.00055    7.52873   10.75931  327.87118   16.80479 4.3162e-02     1.3318     0.6110    85.8357 0.0000e+00
        579  87.522067    0.04017     2.4102    144.610     67.641  52150.743    32.0415     3.2504     67.000     3.2466    25.5029     4.1045     5.8657     54.522    178.748    183.307   -0.00142    7.52812   10.75844  327.84486   16.80354 4.3316e-02     1.4855     0.6246    85.5440 0.0000e+00
        585  87.522082    0.04054     2.4323    145.935     68.651  52153.281    32.0430     3.2514     68.000     3.2482    25.5039     4.1026     5.8631     54.499    178.666    183.222   -0.00114    7.52787   10.75808  327.83355   16.80300 4.3206e-02     1.4687     0.6144    85.7622 0.0000e+00
        590  87.522098    0.04090     2.4545    147.268     69.664  52152.322    32.0421     3.2523     69.000     3.2483    25.5031     4.0940     5.8507     54.385    178.290    182.838   -0.00154    7.52774   10.75790  327.82841   16.80276 4.3228e-02     1.2145     0.6103    85.8498 0.0000e+00
        595  87.522113    0.04126     2.4759    148.551     70.675  52151.463    32.0411     3.2529     70.000     3.2488    25.5023     4.0897     5.8446     54.328    178.103    182.645   -0.00155    7.52769   10.75781  327.82604   16.80266 4.3045e-02     1.3618     0.6061    85.9388 0.0000e+00
        600  87.522127    0.04161     2.4963    149.780     71.679  52156.882    32.0447     3.2546     71.000     3.2521    25.5050     4.0827     5.8346     54.239    177.799    182.334   -0.00175    7.52718   10.75709  327.80315   16.80155 4.3051e-02     1.3741     0.6080    85.8995 0.0000e+00
        606  87.522144    0.04200     2.5203    151.221     72.696  52155.694    32.0445     3.2591     72.000     3.2558    25.5045     4.0789     5.8292     54.196    177.636    182.166   -0.00145    7.52635   10.75591  327.76722   16.79984 4.3338e-02     1.5459     0.6031    86.0042 0.0000e+00
        611  87.522158    0.04235     2.5413    152.480     73.702  52156.081    32.0448     3.2610     73.000     3.2571    25.5045     4.0759     5.8249     54.158    177.503    182.031   -0.00129    7.52598   10.75538  327.75113   16.79908 4.3185e-02     1.4781     0.6210    85.6192 0.0000e+00
        616  87.522173    0.04272     2.5629    153.775     74.706  52159.857    32.0471     3.2620     74.000     3.2586    25.5063     4.0745     5.8228     54.141    177.440    181.966   -0.00099    7.52567   10.75493  327.73708   16.79840 4.3125e-02     1.3687     0.6174    85.6977 0.0000e+00
        622  87.522190    0.04312     2.5874    155.241     75.727  52159.037    32.0468     3.2651     75.000     3.2615    25.5058     4.0670     5.8122     54.046    177.115    181.633   -0.00133    7.52512   10.75415  327.71320   16.79727 4.3108e-02     1.5130     0.6452    85.1083 0.0000e+00
        627  87.522205    0.04348     2.6090    156.541     76.735  52159.617    32.0470     3.2665     76.000     3.2620    25.5059     4.0597     5.8016     53.950    176.795    181.305   -0.00174    7.52485   10.75375  327.70121   16.79670 4.3086e-02     1.4174     0.6818    84.3285 0.0000e+00
        632  87.522219    0.04381     2.6286    157.718     77.734  52159.929    32.0467     3.2665     77.000     3.2620    25.5056     4.0582     5.7996     53.931    176.732    181.240   -0.00131    7.52486   10.75377  327.70180   16.79673 4.3123e-02     1.7276     0.6891    84.1772 0.0000e+00
        637  87.522235    0.04419     2.6514    159.082     78.757  52161.818    32.0475     3.2667     78.000     3.2620    25.5062     4.0510     5.7893     53.836    176.419    180.919   -0.00153    7.52479   10.75368  327.69881   16.79658 4.3455e-02     1.6728     0.6753    84.4657 0.0000e+00
        642  87.522248    0.04451     2.6710    160.257     79.757  52161.698    32.0469     3.2666     79.000     3.2624    25.5058     4.0474     5.7841     53.788    176.262    180.758   -0.00157    7.52482   10.75373  327.70053   16.79667 4.3430e-02     1.5965     0.6733    84.5080 0.0000e+00
        647  87.522264    0.04489     2.6935    161.609     80.776  52163.146    32.0476     3.2675     80.000     3.2628    25.5063     4.0467     5.7832     53.780    176.234    180.728   -0.00102    7.52463   10.75345  327.69191   16.79626 4.3248e-02     1.4473     0.6767    84.4359 0.0000e+00
        652  87.522278    0.04524     2.7143    162.858     81.780  52165.295    32.0488     3.2687     81.000     3.2647    25.5072     4.0388     5.7719     53.677    175.889    180.375   -0.00151    7.52436   10.75306  327.67949   16.79566 4.3355e-02     1.5319     0.6776    84.4177 0.0000e+00
        658  87.522293    0.04559     2.7357    164.139     82.792  52164.164    32.0479     3.2700     82.000     3.2653    25.5063     4.0347     5.7660     53.624    175.710    180.191   -0.00142    7.52416   10.75278  327.67146   16.79528 4.3515e-02     1.5277     0.6944    84.0649 0.0000e+00
        663  87.522308    0.04595     2.7571    165.428     83.800  52165.387    32.0484     3.2707     83.000     3.2659    25.5066     4.0297     5.7589     53.559    175.493    179.969   -0.00146    7.52400   10.75255  327.66433   16.79493 4.3425e-02     1.4810     0.6829    84.3049 0.0000e+00
        668  87.522323    0.04630     2.7782    166.695     84.808  52165.435    32.0479     3.2707     84.000     3.2654    25.5062     4.0242     5.7510     53.484    175.250    179.720   -0.00161    7.52402   10.75258  327.66526   16.79499 4.3367e-02     1.4682     0.7064    83.8121 0.0000e+00
        673  87.522338    0.04667     2.7998    167.985     85.812  52167.888    32.0488     3.2699     85.000     3.2652    25.5070     4.0175     5.7414     53.395    174.958    179.420   -0.00169    7.52413   10.75274  327.66985   16.79520 4.3608e-02     1.6503     0.6948    84.0556 0.0000e+00
