CTD-processing/allCTD/CNV/2017_07-25_t4_s09_cast232_4141.cnv
* Sea-Bird SBE19plus Data File:
* FileName = P:\My Documents\kasitsna\Research-KBL\Oceanography-AK\CTD-Data-ALL-to-2017-02\2017-CTD-KachemakBay-CookInlet\2017-07-25-CookInlet-Tran4-Barabara\2017-07-25-CookInlet-Tran4-cast232.hex
* Software Version 1.59
* Temperature SN =  4141
* Conductivity SN =  4141
* System UpLoad Time = Jul 25 2017 19:47:31
** Cook Inlet LTM Transect 4 Barabara south to north
** Date: 2017-07-25
** Station: (eg. 9-01): 4-09
** Start time (AKDT): 11:48
** Depth (m): 23.5
** Comment: R/V Edgecumbe.  Quarterly survey.
** Comment:
# nquan = 27
# nvalues = 21                          
# units = specified
# name 0 = scan: Scan Count
# name 1 = timeJ: Julian Days
# name 2 = timeH: Time, Elapsed [hours]
# name 3 = timeM: Time, Elapsed [minutes]
# name 4 = timeS: Time, Elapsed [seconds]
# name 5 = prdM: Pressure, Strain Gauge [db]
# name 6 = specc: Specific Conductance [uS/cm]
# name 7 = sal00: Salinity, Practical [PSU]
# name 8 = tv290C: Temperature [ITS-90, deg C]
# name 9 = depSM: Depth [salt water, m], lat = 59.00
# name 10 = potemp090C: Potential Temperature [ITS-90, deg C]
# name 11 = sigma-é00: Density [sigma-theta, kg/m^3]
# name 12 = sbeox0ML/L: Oxygen, SBE 43 [ml/l]
# name 13 = sbeox0Mg/L: Oxygen, SBE 43 [mg/l]
# name 14 = sbeox0PS: Oxygen, SBE 43 [% saturation]
# name 15 = sbox0Mm/Kg: Oxygen, SBE 43 [umol/kg]
# name 16 = sbeox0Mm/L: Oxygen, SBE 43 [umol/l]
# name 17 = sbox0dV/dT: Oxygen, SBE 43 [dov/dt]
# name 18 = oxsolML/L: Oxygen Saturation, Garcia & Gordon [ml/l]
# name 19 = oxsolMg/L: Oxygen Saturation, Garcia & Gordon [mg/l]
# name 20 = oxsolMm/Kg: Oxygen Saturation, Garcia & Gordon [umol/kg]
# name 21 = n2satMg/L: Nitrogen Saturation [mg/l]
# name 22 = par: PAR/Irradiance, Biospherical/Licor
# name 23 = wetStar: Fluorescence, WET Labs WETstar [mg/m^3]
# name 24 = CStarAt0: Beam Attenuation, WET Labs C-Star [1/m]
# name 25 = CStarTr0: Beam Transmission, WET Labs C-Star [%]
# name 26 = flag: flag
# span 0 =        182,        356       
# span 1 = 206.492143, 206.492648       
# span 2 =    0.01255,    0.02466       
# span 3 =     0.7526,     1.4800       
# span 4 =     45.157,     88.801       
# span 5 =      1.010,     21.189       
# span 6 =  45933.493,  49752.227       
# span 7 =    29.1848,    31.6313       
# span 8 =     9.6720,    11.7359       
# span 9 =      1.000,     21.000       
# span 10 =     9.6694,    11.6945      
# span 11 =    22.1243,    24.3763      
# span 12 =     2.5587,     2.6452      
# span 13 =     3.6566,     3.7803      
# span 14 =     40.350,     41.036      
# span 15 =    111.787,    115.328      
# span 16 =    114.272,    118.135      
# span 17 =   -0.00075,    0.00257      
# span 18 =    6.31289,    6.49916      
# span 19 =    9.02176,    9.28796      
# span 20 =  275.83297,  283.34577      
# span 21 =   14.33423,   14.68400      
# span 22 = 5.5879e-01, 1.3899e+02      
# span 23 =     1.5609,     5.4205      
# span 24 =     0.6677,     2.7494      
# span 25 =    57.9090,    84.6263      
# span 26 = 0.0000e+00, 0.0000e+00      
# interval = meters: 1                  
# start_time = Jul 25 2017 11:47:56 [Instrument's time stamp, header]
# bad_flag = -9.990e-29
*END*
        182 206.492143    0.01255     0.7526     45.157      1.010  45933.493    29.1848    11.7359      1.000    11.6945    22.1243     2.5906     3.7022     41.036    113.192    115.695    0.00257    6.31289    9.02176  275.83297   14.33423 1.3899e+02     1.6613     2.7494    57.9090 0.0000e+00
        268 206.492394    0.01856     1.1138     66.829      2.018  46090.626    29.2773    11.5858      2.000    11.5368    22.2225     2.5587     3.6566     40.426    111.787    114.272    0.00082    6.32931    9.04522  276.52190   14.36686 9.0706e+01     2.3777     1.3497    70.7753 0.0000e+00
        269 206.492397    0.01863     1.1179     67.074      3.029  46255.155    29.3820    11.4755      3.000    11.4132    22.3230     2.5591     3.6573     40.365    111.796    114.292   -0.00075    6.34006    9.06057  276.96422   14.38763 5.5987e+01     2.4283     1.5826    67.3216 0.0000e+00
        274 206.492411    0.01897     1.1379     68.277      4.038  46531.127    29.5591    11.3081      4.000    11.2317    22.4896     2.5646     3.6650     40.350    112.014    114.533   -0.00069    6.35573    9.08297  277.60371   14.41754 3.6568e+01     3.6690     1.5024    68.6892 0.0000e+00
        279 206.492425    0.01930     1.1579     69.472      5.046  47175.221    29.9893    11.0872      5.000    10.9938    22.8619     2.5744     3.6791     40.423    112.404    114.974    0.00030    6.36858    9.10134  278.06393   14.43785 2.5592e+01     5.4205     1.3322    71.6841 0.0000e+00
        284 206.492439    0.01964     1.1784     70.707      6.060  47766.119    30.3879    10.9235      6.000    10.8788    23.1999     2.5751     3.6800     40.394    112.396    115.004   -0.00036    6.37491    9.11038  278.24824   14.44507 1.8948e+01     5.0667     1.1795    74.4696 0.0000e+00
        288 206.492452    0.01995     1.1970     71.817      7.062  48272.189    30.7332    10.8198      7.000    10.7739    23.4861     2.5771     3.6830     40.424    112.453    115.094    0.00003    6.37519    9.11078  278.18235   14.44053 1.4570e+01     4.0701     1.0255    77.3898 0.0000e+00
        293 206.492465    0.02028     1.2166     72.994      8.077  48546.315    30.9147    10.7172      8.000    10.6724    23.6448     2.5788     3.6854     40.408    112.511    115.171   -0.00014    6.38195    9.12045  278.43436   14.45186 1.1325e+01     3.3910     0.9323    79.2129 0.0000e+00
        298 206.492479    0.02060     1.2360     74.160      9.083  48731.780    31.0343    10.6219      9.000    10.5972    23.7541     2.5833     3.6918     40.426    112.695    115.372   -0.00015    6.39025    9.13231  278.76684   14.46729 8.8512e+00     3.1361     0.8371    81.1200 0.0000e+00
        303 206.492493    0.02096     1.2575     75.451     10.098  48788.889    31.0691    10.5773     10.000    10.5660    23.7887     2.5845     3.6935     40.414    112.741    115.423   -0.00014    6.39501    9.13911  278.96511   14.47665 6.9163e+00     2.9308     0.8028    81.8165 0.0000e+00
        307 206.492507    0.02127     1.2762     76.570     11.103  48851.059    31.1099    10.5546     11.000    10.5429    23.8243     2.5889     3.6998     40.473    112.929    115.620    0.00019    6.39648    9.14121  279.01943   14.47908 5.4863e+00     2.8127     0.7928    82.0222 0.0000e+00
        312 206.492520    0.02160     1.2958     77.749     12.112  48937.764    31.1680    10.5316     12.000    10.5210    23.8735     2.5892     3.7003     40.474    112.939    115.635    0.00038    6.39731    9.14238  279.04186   14.47992 4.3680e+00     2.6194     0.7632    82.6310 0.0000e+00
        317 206.492535    0.02195     1.3170     79.018     13.126  48988.499    31.2009    10.5104     13.000    10.5018    23.9028     2.5924     3.7048     40.514    113.076    115.779    0.00034    6.39890    9.14466  279.10336   14.48273 3.4910e+00     2.6099     0.7499    82.9054 0.0000e+00
        322 206.492548    0.02227     1.3360     80.162     14.130  49036.731    31.2323    10.4906     14.000    10.4742    23.9304     2.5921     3.7043     40.498    113.055    115.760    0.00021    6.40035    9.14675  279.15946   14.48529 2.7296e+00     2.5663     0.7523    82.8556 0.0000e+00
        327 206.492564    0.02264     1.3585     81.511     15.141  49096.422    31.2698    10.4552     15.000    10.4390    23.9657     2.5987     3.7138     40.581    113.341    116.057    0.00066    6.40375    9.15160  279.29792   14.49177 2.1571e+00     2.6245     0.7509    82.8850 0.0000e+00
        333 206.492580    0.02304     1.3822     82.931     16.155  49112.259    31.2728    10.3903     16.000    10.2419    23.9788     2.6017     3.7180     40.570    113.468    116.188    0.00014    6.41266    9.16432  279.68268   14.51018 1.6879e+00     2.6573     0.7506    82.8903 0.0000e+00
        337 206.492593    0.02333     1.4000     84.000     17.161  49416.824    31.4345     9.9671     17.000     9.8097    24.1749     2.6259     3.7527     40.615    114.506    117.274    0.00019    6.46545    9.23977  281.93130   14.61713 1.3632e+00     2.6830     0.6837    84.2879 0.0000e+00
        342 206.492606    0.02365     1.4191     85.147     18.164  49681.125    31.5921     9.7455     18.000     9.7103    24.3338     2.6452     3.7803     40.756    115.328    118.135    0.00135    6.49034    9.27535  282.97274   14.66631 1.0967e+00     2.2796     0.6677    84.6263 0.0000e+00
        348 206.492624    0.02409     1.4452     86.710     19.188  49744.772    31.6283     9.6821     19.000     9.6753    24.3723     2.6381     3.7701     40.600    115.015    117.818   -0.00069    6.49786    9.28610  283.29012   14.68135 8.6732e-01     1.6208     0.6683    84.6148 0.0000e+00
        352 206.492636    0.02438     1.4630     87.782     20.192  49749.997    31.6305     9.6744     20.000     9.6706    24.3752     2.6426     3.7766     40.662    115.211    118.019   -0.00016    6.49886    9.28753  283.33296   14.68339 6.8973e-01     1.5609     0.6798    84.3707 0.0000e+00
        356 206.492648    0.02466     1.4800     88.801     21.189  49752.227    31.6313     9.6720     21.000     9.6694    24.3763     2.6434     3.7777     40.673    115.245    118.053    0.00026    6.49916    9.28796  283.34577   14.68400 5.5879e-01     1.5879     0.6798    84.3714 0.0000e+00
