CTD-processing/allCTD/CNV/2017_10-17_t4_s02_cast053_4141.cnv
* Sea-Bird SBE19plus Data File:
* FileName = C:\Users\Kim.Powell\Desktop\Not Processed\2017\2017_10-17\2017_10-17_TRANSECT_STATION_cast053.hex
* Software Version 1.59
* Temperature SN =  4141
* Conductivity SN =  4141
* System UpLoad Time = Oct 20 2017 08:53:08
** Transect:
** 2017_10-17
** Station: 4-02
** Start Time: 13:13
** Depth (m): 103.3
** Comment: Edgecumbe
** Comment: Larval flatfish
# nquan = 27
# nvalues = 102                         
# units = specified
# name 0 = scan: Scan Count
# name 1 = timeJ: Julian Days
# name 2 = timeH: Time, Elapsed [hours]
# name 3 = timeM: Time, Elapsed [minutes]
# name 4 = timeS: Time, Elapsed [seconds]
# name 5 = prdM: Pressure, Strain Gauge [db]
# name 6 = specc: Specific Conductance [uS/cm]
# name 7 = sal00: Salinity, Practical [PSU]
# name 8 = tv290C: Temperature [ITS-90, deg C]
# name 9 = depSM: Depth [salt water, m], lat = 59.00
# name 10 = potemp090C: Potential Temperature [ITS-90, deg C]
# name 11 = sigma-é00: Density [sigma-theta, kg/m^3]
# name 12 = sbeox0ML/L: Oxygen, SBE 43 [ml/l]
# name 13 = sbeox0Mg/L: Oxygen, SBE 43 [mg/l]
# name 14 = sbeox0PS: Oxygen, SBE 43 [% saturation]
# name 15 = sbox0Mm/Kg: Oxygen, SBE 43 [umol/kg]
# name 16 = sbeox0Mm/L: Oxygen, SBE 43 [umol/l]
# name 17 = sbox0dV/dT: Oxygen, SBE 43 [dov/dt]
# name 18 = oxsolML/L: Oxygen Saturation, Garcia & Gordon [ml/l]
# name 19 = oxsolMg/L: Oxygen Saturation, Garcia & Gordon [mg/l]
# name 20 = oxsolMm/Kg: Oxygen Saturation, Garcia & Gordon [umol/kg]
# name 21 = n2satMg/L: Nitrogen Saturation [mg/l]
# name 22 = par: PAR/Irradiance, Biospherical/Licor
# name 23 = wetStar: Fluorescence, WET Labs WETstar [mg/m^3]
# name 24 = CStarAt0: Beam Attenuation, WET Labs C-Star [1/m]
# name 25 = CStarTr0: Beam Transmission, WET Labs C-Star [%]
# name 26 = flag: flag
# span 0 =        113,        817       
# span 1 = 290.551387, 290.553427       
# span 2 =    0.00775,    0.05670       
# span 3 =     0.4650,     3.4018       
# span 4 =     27.903,    204.107       
# span 5 =      1.013,    102.987       
# span 6 =  48076.894,  48928.608       
# span 7 =    30.4742,    31.0272       
# span 8 =     9.7449,     9.9771       
# span 9 =      1.000,    102.000       
# span 10 =     9.7339,     9.9721      
# span 11 =    23.4552,    23.8940      
# span 12 =     2.4470,     2.5866      
# span 13 =     3.4970,     3.6965      
# span 14 =     37.567,     39.775      
# span 15 =    106.732,    112.846      
# span 16 =    109.283,    115.517      
# span 17 =   -0.00131,    0.00134      
# span 18 =    6.48861,    6.53168      
# span 19 =    9.27288,    9.33443      
# span 20 =  283.06922,  285.01946      
# span 21 =   14.67397,   14.76873      
# span 22 = 3.7563e-02, 9.8529e+01      
# span 23 =     0.3230,     1.0360      
# span 24 =     0.2542,     1.0962      
# span 25 =    76.0269,    93.8432      
# span 26 = 0.0000e+00, 0.0000e+00      
# interval = meters: 1                  
# start_time = Oct 17 2017 13:13:32 [Instrument's time stamp, header]
# bad_flag = -9.990e-29
*END*
        113 290.551387    0.00775     0.4650     27.903      1.013  48076.894    30.4742     9.7827      1.000     9.7838    23.4552     2.4962     3.5673     38.219    108.924    111.480    0.00134    6.53168    9.33443  285.01946   14.76873 7.2550e+01     0.3230     0.3809    91.0252 0.0000e+00
        304 290.551943    0.02107     1.2644     75.862      2.032  48478.435    30.7709     9.8973      2.000     9.8984    23.6683     2.5817     3.6895     39.700    112.633    115.299   -0.00076    6.50291    9.29331  283.70536   14.70467 4.5701e+01     0.6923     0.2820    93.1876 0.0000e+00
        303 290.551938    0.02094     1.2569     75.411      3.025  48472.039    30.7660     9.8981      3.000     9.9031    23.6644     2.5866     3.6965     39.775    112.846    115.517    0.00092    6.50300    9.29344  283.71026   14.70493 4.9373e+01     0.7387     0.2892    93.0229 0.0000e+00
        307 290.551951    0.02127     1.2762     76.573      4.035  48470.001    30.7655     9.9087      4.000     9.9104    23.6623     2.5802     3.6874     39.687    112.569    115.233   -0.00028    6.50152    9.29132  283.64592   14.70185 7.9844e+01     0.6448     0.2860    93.1014 0.0000e+00
        312 290.551966    0.02162     1.2970     77.818      5.048  48473.301    30.7680     9.9137      5.000     9.9142    23.6636     2.5775     3.6836     39.650    112.451    115.112   -0.00068    6.50068    9.29013  283.60939   14.70009 9.8529e+01     0.6632     0.2748    93.3609 0.0000e+00
        317 290.551980    0.02195     1.3174     79.046      6.056  48470.861    30.7661     9.9148      6.000     9.9137    23.6618     2.5745     3.6793     39.605    112.322    114.980   -0.00070    6.50062    9.29003  283.60689   14.69998 9.2680e+01     0.6435     0.2738    93.3843 0.0000e+00
        322 290.551995    0.02231     1.3386     80.315      7.065  48472.298    30.7665     9.9139      7.000     9.9131    23.6623     2.5715     3.6749     39.556    112.186    114.841   -0.00102    6.50072    9.29019  283.61149   14.70020 9.0421e+01     0.6377     0.2735    93.3892 0.0000e+00
        327 290.552009    0.02267     1.3600     81.601      8.077  48473.534    30.7670     9.9142      8.000     9.9135    23.6627     2.5709     3.6741     39.548    112.162    114.816   -0.00076    6.50066    9.29009  283.60840   14.70005 8.0329e+01     0.6669     0.2724    93.4181 0.0000e+00
        333 290.552024    0.02303     1.3814     82.881      9.087  48472.128    30.7656     9.9144      9.000     9.9128    23.6616     2.5675     3.6692     39.496    112.014    114.665   -0.00086    6.50069    9.29014  283.61028   14.70015 7.0593e+01     0.7207     0.2706    93.4600 0.0000e+00
        338 290.552039    0.02337     1.4022     84.133     10.093  48471.405    30.7644     9.9125     10.000     9.9115    23.6610     2.5637     3.6639     39.436    111.851    114.497   -0.00117    6.50102    9.29060  283.62460   14.70084 6.2732e+01     0.7302     0.2731    93.4010 0.0000e+00
        342 290.552053    0.02371     1.4228     85.368     11.103  48484.979    30.7739     9.9152     11.000     9.9170    23.6680     2.5604     3.6590     39.389    111.703    114.347   -0.00110    6.50024    9.28949  283.58867   14.69908 5.5654e+01     0.9259     0.2726    93.4141 0.0000e+00
        348 290.552069    0.02409     1.4452     86.712     12.114  48479.847    30.7704     9.9197     12.000     9.9180    23.6646     2.5579     3.6555     39.355    111.596    114.237   -0.00107    6.49974    9.28877  283.56774   14.69809 4.9603e+01     0.7681     0.2706    93.4594 0.0000e+00
        353 290.552084    0.02446     1.4678     88.069     13.124  48480.099    30.7701     9.9191     13.000     9.9174    23.6644     2.5566     3.6536     39.334    111.539    114.178   -0.00079    6.49984    9.28892  283.57215   14.69830 4.4805e+01     0.8135     0.2707    93.4560 0.0000e+00
        358 290.552099    0.02481     1.4890     89.337     14.133  48479.814    30.7695     9.9188     14.000     9.9170    23.6640     2.5546     3.6508     39.302    111.451    114.088   -0.00077    6.49990    9.28902  283.57531   14.69846 3.9498e+01     0.8397     0.2717    93.4323 0.0000e+00
        363 290.552113    0.02517     1.5101     90.607     15.142  48480.315    30.7694     9.9180     15.000     9.9166    23.6640     2.5529     3.6484     39.276    111.380    114.015   -0.00082    6.50002    9.28918  283.58022   14.69869 3.5752e+01     1.0360     0.2723    93.4201 0.0000e+00
        368 290.552128    0.02550     1.5299     91.795     16.154  48483.379    30.7712     9.9192     16.000     9.9176    23.6653     2.5498     3.6438     39.229    111.241    113.873   -0.00090    6.49977    9.28883  283.56935   14.69817 3.0999e+01     0.8779     0.2705    93.4600 0.0000e+00
        373 290.552140    0.02581     1.5489     92.936     17.161  48482.057    30.7699     9.9193     17.000     9.9173    23.6642     2.5463     3.6389     39.174    111.087    113.716   -0.00111    6.49981    9.28888  283.57116   14.69826 2.8607e+01     0.8462     0.2694    93.4867 0.0000e+00
        378 290.552155    0.02615     1.5690     94.142     18.167  48483.006    30.7701     9.9191     18.000     9.9171    23.6645     2.5457     3.6382     39.166    111.065    113.693   -0.00084    6.49983    9.28892  283.57207   14.69830 2.5273e+01     0.8198     0.2695    93.4845 0.0000e+00
        383 290.552170    0.02653     1.5919     95.515     19.184  48482.581    30.7694     9.9192     19.000     9.9174    23.6639     2.5423     3.6333     39.114    110.916    113.541   -0.00091    6.49985    9.28894  283.57305   14.69835 2.2769e+01     0.8357     0.2694    93.4861 0.0000e+00
        388 290.552186    0.02690     1.6139     96.831     20.190  48485.056    30.7708     9.9203     20.000     9.9182    23.6649     2.5376     3.6264     39.042    110.708    113.328   -0.00128    6.49964    9.28864  283.56343   14.69789 2.0180e+01     0.7565     0.2752    93.3525 0.0000e+00
        393 290.552200    0.02725     1.6353     98.119     21.198  48487.284    30.7720     9.9207     21.000     9.9187    23.6657     2.5371     3.6259     39.037    110.690    113.310   -0.00081    6.49952    9.28846  283.55803   14.69763 1.8098e+01     0.8178     0.2720    93.4254 0.0000e+00
        399 290.552216    0.02762     1.6573     99.440     22.211  48489.754    30.7734     9.9212     22.000     9.9197    23.6668     2.5314     3.6177     38.948    110.439    113.053   -0.00131    6.49939    9.28828  283.55192   14.69733 1.6082e+01     0.8469     0.2691    93.4930 0.0000e+00
        404 290.552231    0.02799     1.6790    100.739     23.216  48492.856    30.7756     9.9245     23.000     9.9223    23.6679     2.5297     3.6151     38.925    110.362    112.974   -0.00091    6.49883    9.28747  283.52710   14.69613 1.4392e+01     0.7962     0.2715    93.4379 0.0000e+00
        409 290.552246    0.02835     1.7014    102.084     24.230  48489.512    30.7727     9.9238     24.000     9.9206    23.6659     2.5273     3.6118     38.887    110.262    112.871   -0.00105    6.49905    9.28780  283.53749   14.69664 1.2833e+01     0.7619     0.2698    93.4781 0.0000e+00
        414 290.552261    0.02871     1.7227    103.359     25.237  48492.957    30.7747     9.9235     25.000     9.9214    23.6675     2.5251     3.6086     38.853    110.163    112.770   -0.00087    6.49903    9.28775  283.53579   14.69655 1.1489e+01     0.7951     0.2666    93.5520 0.0000e+00
        420 290.552277    0.02909     1.7454    104.724     26.247  48493.839    30.7751     9.9252     26.000     9.9224    23.6676     2.5220     3.6042     38.808    110.030    112.634   -0.00105    6.49876    9.28737  283.52426   14.69600 1.0335e+01     0.7881     0.2683    93.5116 0.0000e+00
        425 290.552293    0.02947     1.7686    106.114     27.258  48495.208    30.7756     9.9254     27.000     9.9227    23.6680     2.5217     3.6038     38.804    110.016    112.620   -0.00050    6.49869    9.28728  283.52117   14.69585 9.2062e+00     0.8101     0.2653    93.5838 0.0000e+00
        431 290.552308    0.02984     1.7903    107.416     28.266  48495.669    30.7755     9.9254     28.000     9.9230    23.6679     2.5170     3.5971     38.732    109.812    112.411   -0.00107    6.49871    9.28730  283.52183   14.69588 8.2454e+00     0.7932     0.2677    93.5270 0.0000e+00
        436 290.552323    0.03021     1.8125    108.749     29.272  48501.731    30.7799     9.9295     29.000     9.9266    23.6706     2.5163     3.5962     38.726    109.783    112.381   -0.00063    6.49794    9.28620  283.48760   14.69423 7.3998e+00     0.8093     0.2643    93.6049 0.0000e+00
        442 290.552340    0.03061     1.8365    110.191     30.288  48503.308    30.7805     9.9287     30.000     9.9269    23.6713     2.5153     3.5946     38.708    109.734    112.332   -0.00060    6.49803    9.28634  283.49147   14.69441 6.6151e+00     0.8343     0.2700    93.4718 0.0000e+00
        447 290.552355    0.03097     1.8582    111.491     31.294  48519.222    30.7923     9.9364     31.000     9.9360    23.6791     2.5127     3.5909     38.678    109.622    112.217   -0.00063    6.49643    9.28406  283.41977   14.69093 5.9317e+00     0.8093     0.2665    93.5544 0.0000e+00
        452 290.552371    0.03135     1.8809    112.852     32.304  48517.277    30.7911     9.9418     32.000     9.9389    23.6774     2.5101     3.5872     38.643    109.510    112.103   -0.00075    6.49572    9.28304  283.38902   14.68947 5.3064e+00     0.7823     0.2677    93.5262 0.0000e+00
        458 290.552388    0.03175     1.9050    114.298     33.316  48528.530    30.7992     9.9467     33.000     9.9452    23.6830     2.5081     3.5843     38.617    109.419    112.010   -0.00064    6.49468    9.28154  283.34188   14.68718 4.7874e+00     0.7862     0.2635    93.6243 0.0000e+00
        464 290.552404    0.03213     1.9276    115.659     34.321  48535.088    30.8041     9.9514     34.000     9.9494    23.6860     2.5051     3.5801     38.577    109.291    111.879   -0.00077    6.49382    9.28031  283.30345   14.68532 4.3031e+00     0.7368     0.2614    93.6743 0.0000e+00
        469 290.552419    0.03250     1.9498    116.990     35.335  48533.240    30.8027     9.9542     35.000     9.9506    23.6845     2.5042     3.5788     38.565    109.250    111.838   -0.00064    6.49348    9.27984  283.28934   14.68465 3.8721e+00     0.6957     0.2618    93.6653 0.0000e+00
        474 290.552433    0.03285     1.9709    118.254     36.344  48534.552    30.8033     9.9550     36.000     9.9511    23.6849     2.5044     3.5790     38.569    109.256    111.845   -0.00034    6.49334    9.27963  283.28310   14.68435 3.5017e+00     0.7389     0.2609    93.6856 0.0000e+00
        479 290.552448    0.03320     1.9918    119.508     37.351  48534.248    30.8026     9.9551     37.000     9.9511    23.6844     2.5006     3.5737     38.511    109.095    111.678   -0.00080    6.49335    9.27965  283.28367   14.68438 3.1533e+00     0.7138     0.2657    93.5735 0.0000e+00
        484 290.552463    0.03357     2.0141    120.844     38.366  48533.994    30.8021     9.9554     38.000     9.9510    23.6839     2.5039     3.5783     38.561    109.238    111.825   -0.00007    6.49334    9.27963  283.28337   14.68437 2.8484e+00     0.7262     0.2620    93.6601 0.0000e+00
        489 290.552478    0.03391     2.0345    122.070     39.371  48535.869    30.8030     9.9553     39.000     9.9514    23.6847     2.5001     3.5728     38.502    109.070    111.653   -0.00051    6.49331    9.27959  283.28184   14.68430 2.5759e+00     0.7118     0.2632    93.6301 0.0000e+00
        494 290.552492    0.03426     2.0556    123.337     40.379  48560.064    30.8201     9.9596     40.000     9.9600    23.6973     2.4975     3.5692     38.472    108.959    111.541   -0.00072    6.49199    9.27770  283.22043   14.68128 2.3250e+00     0.7196     0.2644    93.6032 0.0000e+00
        500 290.552508    0.03462     2.0774    124.641     41.391  48568.894    30.8272     9.9703     41.000     9.9682    23.7012     2.4984     3.5705     38.495    108.996    111.579   -0.00024    6.49016    9.27508  283.13975   14.67740 2.1043e+00     0.7386     0.2593    93.7248 0.0000e+00
        505 290.552523    0.03500     2.0998    125.990     42.399  48571.175    30.8291     9.9757     42.000     9.9718    23.7018     2.4930     3.5629     38.418    108.762    111.340   -0.00085    6.48932    9.27389  283.10299   14.67563 1.9034e+00     0.6878     0.2576    93.7640 0.0000e+00
        511 290.552542    0.03545     2.1270    127.617     43.412  48571.991    30.8294     9.9768     43.000     9.9721    23.7019     2.4934     3.5633     38.424    108.778    111.356   -0.00045    6.48914    9.27364  283.09528   14.67526 1.7298e+00     0.7067     0.2580    93.7539 0.0000e+00
        518 290.552560    0.03589     2.1536    129.217     44.419  48575.075    30.8312     9.9768     44.000     9.9720    23.7032     2.4918     3.5611     38.401    108.709    111.286   -0.00048    6.48908    9.27354  283.09199   14.67510 1.5666e+00     0.7377     0.2544    93.8374 0.0000e+00
        524 290.552578    0.03632     2.1789    130.733     45.430  48572.157    30.8287     9.9770     45.000     9.9720    23.7013     2.4896     3.5580     38.367    108.613    111.188   -0.00057    6.48915    9.27364  283.09558   14.67528 1.4207e+00     0.6315     0.2542    93.8432 0.0000e+00
        530 290.552595    0.03672     2.2032    132.195     46.439  48575.292    30.8305     9.9770     46.000     9.9719    23.7028     2.4866     3.5536     38.320    108.481    111.052   -0.00075    6.48907    9.27353  283.09194   14.67510 1.2885e+00     0.6521     0.2550    93.8251 0.0000e+00
        536 290.552612    0.03712     2.2273    133.640     47.448  48575.051    30.8299     9.9770     47.000     9.9718    23.7023     2.4859     3.5525     38.308    108.447    111.018   -0.00057    6.48910    9.27357  283.09318   14.67516 1.1699e+00     0.6353     0.2585    93.7417 0.0000e+00
        542 290.552630    0.03757     2.2542    135.249     48.462  48572.594    30.8278     9.9771     48.000     9.9718    23.7006     2.4868     3.5539     38.322    108.490    111.061   -0.00022    6.48918    9.27368  283.09716   14.67536 1.0604e+00     0.6435     0.2558    93.8063 0.0000e+00
        547 290.552646    0.03794     2.2764    136.582     49.467  48594.090    30.8424     9.9768     49.000     9.9703    23.7122     2.4841     3.5500     38.285    108.372    110.941   -0.00051    6.48861    9.27288  283.06922   14.67397 9.5922e-01     0.7273     0.2594    93.7202 0.0000e+00
        552 290.552660    0.03829     2.2974    137.845     50.480  48604.245    30.8489     9.9743     50.000     9.9679    23.7175     2.4826     3.5479     38.261    108.305    110.874   -0.00050    6.48870    9.27301  283.07169   14.67406 8.7181e-01     0.6364     0.2607    93.6891 0.0000e+00
        557 290.552675    0.03864     2.3186    139.118     51.487  48623.658    30.8616     9.9698     51.000     9.9617    23.7282     2.4812     3.5458     38.237    108.240    110.809   -0.00065    6.48881    9.27315  283.07335   14.67408 7.9377e-01     0.6074     0.2594    93.7206 0.0000e+00
        563 290.552690    0.03900     2.3400    140.401     52.498  48632.506    30.8668     9.9658     52.000     9.9597    23.7330     2.4837     3.5494     38.274    108.349    110.921    0.00001    6.48915    9.27364  283.08696   14.67472 7.1993e-01     0.6077     0.2606    93.6939 0.0000e+00
        568 290.552705    0.03937     2.3619    141.714     53.509  48637.781    30.8700     9.9643     53.000     9.9578    23.7357     2.4769     3.5398     38.170    108.055    110.619   -0.00104    6.48924    9.27378  283.09027   14.67486 6.5461e-01     0.5903     0.2657    93.5740 0.0000e+00
