CTD-processing/allCTD/CNV/2017_03-28_t9_s05_cast061_4141.cnv
* Sea-Bird SBE19plus Data File:
* FileName = C:\Users\jwschloemer\Documents\CTD Data\2017_03_28_T9\2017_03_28_T9_cast061.hex
* Software Version 1.59
* Temperature SN =  4141
* Conductivity SN =  4141
* System UpLoad Time = Apr 04 2017 09:08:15
** Cook Inlet LTM Kbay Transect 9
** Date: 2017-03-28
** Station:05
** Start Time (AKST):15:33
** Depth (m):100
** Comment: R/V Edgecumbe
# nquan = 27
# nvalues = 83                          
# units = specified
# name 0 = scan: Scan Count
# name 1 = timeJ: Julian Days
# name 2 = timeH: Time, Elapsed [hours]
# name 3 = timeM: Time, Elapsed [minutes]
# name 4 = timeS: Time, Elapsed [seconds]
# name 5 = prdM: Pressure, Strain Gauge [db]
# name 6 = specc: Specific Conductance [uS/cm]
# name 7 = sal00: Salinity, Practical [PSU]
# name 8 = tv290C: Temperature [ITS-90, deg C]
# name 9 = depSM: Depth [salt water, m], lat = 59.00
# name 10 = potemp090C: Potential Temperature [ITS-90, deg C]
# name 11 = sigma-é00: Density [sigma-theta, kg/m^3]
# name 12 = sbeox0ML/L: Oxygen, SBE 43 [ml/l]
# name 13 = sbeox0Mg/L: Oxygen, SBE 43 [mg/l]
# name 14 = sbeox0PS: Oxygen, SBE 43 [% saturation]
# name 15 = sbox0Mm/Kg: Oxygen, SBE 43 [umol/kg]
# name 16 = sbeox0Mm/L: Oxygen, SBE 43 [umol/l]
# name 17 = sbox0dV/dT: Oxygen, SBE 43 [dov/dt]
# name 18 = oxsolML/L: Oxygen Saturation, Garcia & Gordon [ml/l]
# name 19 = oxsolMg/L: Oxygen Saturation, Garcia & Gordon [mg/l]
# name 20 = oxsolMm/Kg: Oxygen Saturation, Garcia & Gordon [umol/kg]
# name 21 = n2satMg/L: Nitrogen Saturation [mg/l]
# name 22 = par: PAR/Irradiance, Biospherical/Licor
# name 23 = wetStar: Fluorescence, WET Labs WETstar [mg/m^3]
# name 24 = CStarAt0: Beam Attenuation, WET Labs C-Star [1/m]
# name 25 = CStarTr0: Beam Transmission, WET Labs C-Star [%]
# name 26 = flag: flag
# span 0 =        211,        661       
# span 1 =  87.608027,  87.609329       
# span 2 =    0.01459,    0.04583       
# span 3 =     0.8753,     2.7497       
# span 4 =     52.516,    164.985       
# span 5 =      1.009,     83.786       
# span 6 =  52046.168,  52176.614       
# span 7 =    31.9974,    32.0696       
# span 8 =     3.1793,     3.3259       
# span 9 =      1.000,     83.000       
# span 10 =     3.1792,     3.3209      
# span 11 =    25.4697,    25.5289      
# span 12 =     3.3084,     3.4493      
# span 13 =     4.7281,     4.9294      
# span 14 =     43.876,     45.864      
# span 15 =    144.084,    150.216      
# span 16 =    147.754,    154.046      
# span 17 =   -0.00084,    0.00193      
# span 18 =    7.51275,    7.54275      
# span 19 =   10.73647,   10.77934      
# span 20 =  327.17069,  328.48702      
# span 21 =   16.77140,   16.83417      
# span 22 = 3.6382e-02, 1.9180e+02      
# span 23 =     0.5465,     2.0170      
# span 24 =     0.4585,     2.5420      
# span 25 =    64.4647,    89.1702      
# span 26 = 0.0000e+00, 0.0000e+00      
# interval = meters: 1                  
# start_time = Mar 28 2017 14:34:41 [Instrument's time stamp, header]
# bad_flag = -9.990e-29
*END*
        211  87.608027    0.01459     0.8753     52.516      1.009  52176.614    32.0696     3.2056      1.000     3.2214    25.5289     3.3758     4.8244     44.805    147.005    150.764   -0.00041    7.53428   10.76724  328.09603   16.81539 1.9180e+02     0.5465     2.5420    64.4647 0.0000e+00
        271  87.608199    0.01872     1.1230     67.383      2.020  52046.168    31.9974     3.2230      2.000     3.2115    25.4697     3.3087     4.7285     43.909    144.097    147.767    0.00002    7.53547   10.76894  328.17543   16.81943 1.5794e+02     0.7012     0.9255    79.6246 0.0000e+00
        276  87.608215    0.01909     1.1454     68.724      3.033  52062.045    32.0008     3.1955      3.000     3.1870    25.4747     3.3084     4.7281     43.876    144.084    147.754    0.00009    7.54045   10.77604  328.39059   16.82964 1.3738e+02     0.5646     0.8363    81.1323 0.0000e+00
        280  87.608226    0.01937     1.1623     69.738      4.033  52080.981    32.0103     3.1851      4.000     3.1835    25.4833     3.3173     4.7408     43.985    144.469    148.149    0.00062    7.54189   10.77812  328.45087   16.83246 1.1444e+02     0.8602     0.8233    81.3972 0.0000e+00
        285  87.608240    0.01970     1.1819     70.912      5.054  52084.733    32.0117     3.1828      5.000     3.1809    25.4846     3.3196     4.7441     44.014    144.571    148.256    0.00098    7.54225   10.77864  328.46618   16.83319 9.6895e+01     1.2085     0.7935    82.0065 0.0000e+00
        289  87.608252    0.01999     1.1992     71.953      6.052  52088.983    32.0133     3.1802      6.000     3.1792    25.4862     3.3197     4.7441     44.012    144.571    148.256    0.00024    7.54265   10.77921  328.48314   16.83399 8.2341e+01     1.1430     0.7923    82.0311 0.0000e+00
        294  87.608266    0.02032     1.2191     73.146      7.074  52091.830    32.0145     3.1793      7.000     3.1797    25.4872     3.3304     4.7594     44.153    145.037    148.733    0.00148    7.54275   10.77934  328.48702   16.83417 6.8252e+01     1.3227     0.7777    82.3306 0.0000e+00
        298  87.608277    0.02059     1.2355     74.130      8.068  52102.312    32.0222     3.1833      8.000     3.1868    25.4929     3.3276     4.7556     44.124    144.920    148.614    0.00072    7.54161   10.77772  328.43577   16.83170 5.7505e+01     1.4385     0.7870    82.1392 0.0000e+00
        302  87.608291    0.02092     1.2555     75.329      9.090  52091.660    32.0159     3.1890      9.000     3.1884    25.4875     3.3266     4.7541     44.115    144.874    148.567    0.00031    7.54087   10.77664  328.40479   16.83025 4.7636e+01     1.7459     0.7645    82.6028 0.0000e+00
        307  87.608303    0.02122     1.2733     76.398     10.093  52099.907    32.0215     3.1907     10.000     3.1922    25.4918     3.3360     4.7675     44.242    145.282    148.985    0.00125    7.54027   10.77580  328.37769   16.82894 3.9600e+01     1.5061     0.7652    82.5897 0.0000e+00
        311  87.608316    0.02153     1.2919     77.517     11.103  52090.796    32.0151     3.1922     11.000     3.1892    25.4865     3.3392     4.7722     44.285    145.425    149.131    0.00108    7.54031   10.77586  328.38095   16.82912 3.2804e+01     1.9450     0.7503    82.8980 0.0000e+00
        316  87.608330    0.02186     1.3118     78.711     12.114  52099.398    32.0192     3.1874     12.000     3.1889    25.4902     3.3494     4.7866     44.416    145.865    149.583    0.00170    7.54100   10.77684  328.40980   16.83048 2.7193e+01     1.8052     0.7397    83.1171 0.0000e+00
        320  87.608343    0.02218     1.3308     79.848     13.125  52094.464    32.0168     3.1933     13.000     3.1916    25.4878     3.3509     4.7888     44.442    145.934    149.654    0.00148    7.54003   10.77546  328.36833   16.82852 2.2391e+01     1.8411     0.7306    83.3050 0.0000e+00
        325  87.608356    0.02248     1.3491     80.946     14.129  52106.678    32.0243     3.1924     14.000     3.1963    25.4939     3.3547     4.7942     44.493    146.096    149.821    0.00121    7.53981   10.77514  328.35681   16.82794 1.8488e+01     1.9420     0.7328    83.2600 0.0000e+00
        330  87.608371    0.02284     1.3702     82.212     15.146  52103.587    32.0252     3.2055     15.000     3.2056    25.4934     3.3626     4.8054     44.612    146.438    150.171    0.00165    7.53731   10.77157  328.24807   16.82277 1.5276e+01     1.9979     0.7119    83.6974 0.0000e+00
        335  87.608384    0.02316     1.3899     83.394     16.150  52100.877    32.0227     3.2052     16.000     3.2040    25.4915     3.3701     4.8162     44.712    146.768    150.510    0.00193    7.53750   10.77185  328.25716   16.82321 1.2620e+01     1.7264     0.7033    83.8776 0.0000e+00
        340  87.608399    0.02351     1.4105     84.629     17.165  52100.383    32.0218     3.2052     17.000     3.2035    25.4908     3.3756     4.8241     44.784    147.008    150.756    0.00165    7.53755   10.77192  328.25949   16.82333 1.0384e+01     1.7449     0.7029    83.8853 0.0000e+00
        344  87.608412    0.02382     1.4293     85.761     18.167  52101.208    32.0212     3.2027     18.000     3.2011    25.4905     3.3828     4.8343     44.876    147.319    151.075    0.00190    7.53805   10.77263  328.28128   16.82436 8.6037e+00     1.8930     0.6856    84.2479 0.0000e+00
        349  87.608427    0.02419     1.4512     87.072     19.183  52104.193    32.0227     3.2026     19.000     3.2024    25.4917     3.3886     4.8428     44.955    147.578    151.340    0.00174    7.53799   10.77254  328.27829   16.82421 7.0977e+00     1.7775     0.6810    84.3446 0.0000e+00
        354  87.608440    0.02451     1.4705     88.229     20.188  52104.578    32.0230     3.2046     20.000     3.2033    25.4918     3.3925     4.8482     45.008    147.742    151.509    0.00149    7.53760   10.77198  328.26121   16.82340 5.8364e+00     1.6496     0.6792    84.3844 0.0000e+00
        359  87.608455    0.02485     1.4910     89.458     21.201  52104.946    32.0227     3.2045     21.000     3.2024    25.4915     3.3946     4.8511     45.034    147.832    151.601    0.00121    7.53763   10.77203  328.26253   16.82347 4.8242e+00     1.5760     0.6745    84.4837 0.0000e+00
        363  87.608468    0.02517     1.5103     90.618     22.209  52107.330    32.0229     3.2013     22.000     3.2010    25.4920     3.4048     4.8658     45.167    148.279    152.058    0.00173    7.53822   10.77287  328.28812   16.82468 3.9646e+00     1.7824     0.6910    84.1345 0.0000e+00
        368  87.608481    0.02549     1.5293     91.755     23.217  52110.230    32.0253     3.2048     23.000     3.2043    25.4936     3.4096     4.8726     45.235    148.485    152.270    0.00176    7.53745   10.77177  328.25407   16.82306 3.2703e+00     1.7392     0.6747    84.4791 0.0000e+00
        373  87.608495    0.02583     1.5501     93.005     24.227  52110.375    32.0251     3.2060     24.000     3.2053    25.4934     3.4074     4.8695     45.208    148.393    152.176    0.00085    7.53723   10.77146  328.24465   16.82261 2.7041e+00     1.7793     0.6719    84.5371 0.0000e+00
        378  87.608511    0.02619     1.5716     94.294     25.240  52114.213    32.0281     3.2092     25.000     3.2094    25.4954     3.4081     4.8705     45.221    148.421    152.205    0.00066    7.53648   10.77040  328.21150   16.82102 2.2279e+00     1.6945     0.6700    84.5791 0.0000e+00
        383  87.608524    0.02651     1.5907     95.445     26.246  52116.148    32.0297     3.2126     26.000     3.2123    25.4966     3.4076     4.8698     45.219    148.400    152.184    0.00032    7.53576   10.76936  328.17991   16.81951 1.8457e+00     1.7620     0.6494    85.0148 0.0000e+00
        388  87.608538    0.02685     1.6109     96.652     27.254  52113.023    32.0276     3.2145     27.000     3.2125    25.4946     3.4135     4.8783     45.300    148.659    152.449    0.00077    7.53551   10.76900  328.16936   16.81902 1.5303e+00     1.9590     0.6422    85.1664 0.0000e+00
        393  87.608552    0.02720     1.6322     97.935     28.272  52119.587    32.0314     3.2139     28.000     3.2135    25.4977     3.4160     4.8818     45.332    148.764    152.557    0.00079    7.53544   10.76890  328.16551   16.81882 1.2631e+00     2.0117     0.6326    85.3721 0.0000e+00
        397  87.608566    0.02751     1.6509     99.051     29.272  52114.758    32.0279     3.2154     29.000     3.2133    25.4948     3.4132     4.8778     45.295    148.643    152.433    0.00012    7.53535   10.76876  328.16205   16.81867 1.0445e+00     1.8792     0.6503    84.9949 0.0000e+00
        402  87.608579    0.02785     1.6706    100.235     30.292  52114.334    32.0271     3.2152     30.000     3.2123    25.4942     3.4192     4.8862     45.374    148.903    152.698    0.00067    7.53542   10.76887  328.16562   16.81885 8.6133e-01     1.9810     0.6296    85.4355 0.0000e+00
        406  87.608591    0.02813     1.6879    101.275     31.290  52113.674    32.0252     3.2116     31.000     3.2087    25.4930     3.4228     4.8915     45.418    149.063    152.862    0.00079    7.53619   10.76997  328.19952   16.82046 7.1603e-01     1.8257     0.6460    85.0871 0.0000e+00
        411  87.608605    0.02847     1.7086    102.514     32.307  52118.607    32.0278     3.2109     32.000     3.2093    25.4951     3.4248     4.8944     45.445    149.149    152.952    0.00068    7.53618   10.76995  328.19825   16.82039 5.9354e-01     2.0170     0.6374    85.2707 0.0000e+00
        415  87.608618    0.02878     1.7269    103.617     33.315  52120.592    32.0287     3.2112     33.000     3.2106    25.4958     3.4328     4.9060     45.553    149.501    153.313    0.00117    7.53607   10.76980  328.19333   16.82016 4.9097e-01     1.7253     0.6350    85.3197 0.0000e+00
        420  87.608631    0.02909     1.7450    104.702     34.322  52122.300    32.0302     3.2145     34.000     3.2136    25.4968     3.4304     4.9024     45.524    149.394    153.203    0.00076    7.53539   10.76883  328.16352   16.81873 4.0866e-01     1.6692     0.6327    85.3696 0.0000e+00
        424  87.608644    0.02941     1.7646    105.874     35.333  52121.324    32.0295     3.2163     35.000     3.2145    25.4961     3.4320     4.9048     45.547    149.466    153.277    0.00039    7.53509   10.76839  328.15020   16.81810 3.3974e-01     1.6035     0.6304    85.4184 0.0000e+00
        429  87.608658    0.02974     1.7843    107.059     36.344  52121.572    32.0293     3.2170     36.000     3.2151    25.4959     3.4387     4.9142     45.637    149.754    153.572    0.00109    7.53496   10.76822  328.14529   16.81787 2.8300e-01     1.9231     0.6187    85.6713 0.0000e+00
        434  87.608672    0.03006     1.8037    108.221     37.353  52123.805    32.0305     3.2179     37.000     3.2164    25.4967     3.4342     4.9078     45.578    149.558    153.372    0.00019    7.53474   10.76789  328.13498   16.81737 2.3679e-01     1.6342     0.6070    85.9209 0.0000e+00
        438  87.608685    0.03038     1.8227    109.361     38.362  52123.764    32.0304     3.2193     38.000     3.2171    25.4965     3.4341     4.9077     45.578    149.553    153.366    0.00004    7.53447   10.76751  328.12359   16.81683 1.9781e-01     1.4682     0.5989    86.0952 0.0000e+00
        443  87.608698    0.03069     1.8418    110.509     39.370  52122.355    32.0285     3.2183     39.000     3.2153    25.4951     3.4387     4.9144     45.639    149.757    153.575    0.00048    7.53476   10.76793  328.13651   16.81746 1.6677e-01     1.5393     0.5993    86.0860 0.0000e+00
        448  87.608712    0.03105     1.8629    111.773     40.381  52125.055    32.0297     3.2174     40.000     3.2150    25.4961     3.4417     4.9186     45.678    149.887    153.708    0.00058    7.53487   10.76810  328.14132   16.81768 1.4077e-01     1.6314     0.5862    86.3685 0.0000e+00
        453  87.608727    0.03139     1.8833    112.995     41.393  52127.055    32.0305     3.2175     41.000     3.2168    25.4968     3.4399     4.9160     45.654    149.807    153.628    0.00013    7.53481   10.76799  328.13814   16.81752 1.1935e-01     1.5258     0.6016    86.0362 0.0000e+00
        457  87.608739    0.03170     1.9017    114.101     42.399  52141.232    32.0417     3.2254     42.000     3.2296    25.5050     3.4408     4.9171     45.677    149.841    153.663    0.00026    7.53276   10.76507  328.04633   16.81312 1.0201e-01     1.4773     0.5803    86.4985 0.0000e+00
        462  87.608754    0.03203     1.9217    115.304     43.412  52129.268    32.0361     3.2369     43.000     3.2357    25.4995     3.4422     4.9193     45.708    149.907    153.729    0.00031    7.53092   10.76244  327.96790   16.80942 8.8271e-02     1.6770     0.5547    87.0515 0.0000e+00
        467  87.608766    0.03234     1.9405    116.432     44.418  52137.650    32.0427     3.2424     44.000     3.2442    25.5043     3.4476     4.9270     45.788    150.142    153.971    0.00081    7.52956   10.76050  327.90712   16.80650 7.7805e-02     1.6906     0.5530    87.0880 0.0000e+00
        472  87.608781    0.03269     1.9611    117.667     45.435  52136.764    32.0441     3.2523     45.000     3.2527    25.5046     3.4414     4.9182     45.717    149.873    153.696    0.00005    7.52762   10.75773  327.82280   16.80248 6.8785e-02     1.6436     0.5369    87.4390 0.0000e+00
        476  87.608793    0.03299     1.9791    118.749     46.434  52132.436    32.0420     3.2572     46.000     3.2554    25.5025     3.4452     4.9235     45.772    150.036    153.862    0.00019    7.52684   10.75660  327.78905   16.80089 6.1726e-02     1.4663     0.5321    87.5446 0.0000e+00
        481  87.608808    0.03333     2.0000    119.997     47.453  52131.006    32.0408     3.2586     47.000     3.2556    25.5014     3.4476     4.9270     45.805    150.140    153.969    0.00054    7.52664   10.75631  327.78068   16.80049 5.5915e-02     1.3855     0.5194    87.8234 0.0000e+00
        486  87.608821    0.03366     2.0194    121.165     48.458  52133.210    32.0418     3.2586     48.000     3.2562    25.5022     3.4442     4.9221     45.761    149.993    153.818   -0.00017    7.52659   10.75624  327.77832   16.80038 5.1345e-02     1.5570     0.5268    87.6617 0.0000e+00
        491  87.608836    0.03400     2.0401    122.404     49.469  52133.547    32.0417     3.2594     49.000     3.2566    25.5021     3.4463     4.9252     45.790    150.085    153.913    0.00015    7.52644   10.75603  327.77195   16.80008 4.7397e-02     1.6225     0.5154    87.9110 0.0000e+00
        496  87.608850    0.03434     2.0605    123.629     50.481  52135.671    32.0427     3.2597     50.000     3.2572    25.5029     3.4436     4.9212     45.754    149.965    153.789   -0.00028    7.52632   10.75587  327.76660   16.79982 4.4538e-02     1.9105     0.5320    87.5447 0.0000e+00
        500  87.608863    0.03464     2.0787    124.725     51.481  52138.037    32.0442     3.2612     51.000     3.2591    25.5039     3.4461     4.9248     45.789    150.073    153.901    0.00006    7.52597   10.75537  327.75099   16.79907 4.2245e-02     1.7881     0.5257    87.6834 0.0000e+00
        505  87.608878    0.03503     2.1017    126.100     52.506  52138.816    32.0447     3.2633     52.000     3.2610    25.5042     3.4493     4.9294     45.835    150.216    154.046    0.00033    7.52557   10.75479  327.73318   16.79823 4.0167e-02     1.3940     0.5137    87.9468 0.0000e+00
        510  87.608892    0.03534     2.1205    127.227     53.501  52139.919    32.0455     3.2654     53.000     3.2628    25.5046     3.4484     4.9281     45.825    150.174    154.004    0.00014    7.52515   10.75419  327.71486   16.79735 3.8555e-02     1.7843     0.5163    87.8914 0.0000e+00
