CTD-processing/allCTD/CNV/2017_04-18_t6_s18_cast087_4141.cnv
* Sea-Bird SBE19plus Data File:
* FileName = P:\My Documents\kasitsna\Research-KBL\Oceanography-AK\CTD-Data-ALL-to-2017-02\2017-CTD-KachemakBay-CookInlet\2017-04-18-CookInlet-Tran6-Douglas\2017-04-18-CookInlet-Tran6-cast087.hex
* Software Version 1.59
* Temperature SN =  4141
* Conductivity SN =  4141
* System UpLoad Time = Apr 18 2017 23:05:38
** Cook Inlet LTM Transect 6 Douglas east to west
** Date: (YYYY-MM-DD): 2017-04-18
** Station: (eg. 9-01): 6-18
** Start time (AKDT): 18:31
** Depth (m): 172.2
** Comment: R/V Alaska Dreamcatcher
** Comment:
# nquan = 27
# nvalues = 170                         
# units = specified
# name 0 = scan: Scan Count
# name 1 = timeJ: Julian Days
# name 2 = timeH: Time, Elapsed [hours]
# name 3 = timeM: Time, Elapsed [minutes]
# name 4 = timeS: Time, Elapsed [seconds]
# name 5 = prdM: Pressure, Strain Gauge [db]
# name 6 = specc: Specific Conductance [uS/cm]
# name 7 = sal00: Salinity, Practical [PSU]
# name 8 = tv290C: Temperature [ITS-90, deg C]
# name 9 = depSM: Depth [salt water, m], lat = 59.00
# name 10 = potemp090C: Potential Temperature [ITS-90, deg C]
# name 11 = sigma-é00: Density [sigma-theta, kg/m^3]
# name 12 = sbeox0ML/L: Oxygen, SBE 43 [ml/l]
# name 13 = sbeox0Mg/L: Oxygen, SBE 43 [mg/l]
# name 14 = sbeox0PS: Oxygen, SBE 43 [% saturation]
# name 15 = sbox0Mm/Kg: Oxygen, SBE 43 [umol/kg]
# name 16 = sbeox0Mm/L: Oxygen, SBE 43 [umol/l]
# name 17 = sbox0dV/dT: Oxygen, SBE 43 [dov/dt]
# name 18 = oxsolML/L: Oxygen Saturation, Garcia & Gordon [ml/l]
# name 19 = oxsolMg/L: Oxygen Saturation, Garcia & Gordon [mg/l]
# name 20 = oxsolMm/Kg: Oxygen Saturation, Garcia & Gordon [umol/kg]
# name 21 = n2satMg/L: Nitrogen Saturation [mg/l]
# name 22 = par: PAR/Irradiance, Biospherical/Licor
# name 23 = wetStar: Fluorescence, WET Labs WETstar [mg/m^3]
# name 24 = CStarAt0: Beam Attenuation, WET Labs C-Star [1/m]
# name 25 = CStarTr0: Beam Transmission, WET Labs C-Star [%]
# name 26 = flag: flag
# span 0 =         48,        852       
# span 1 = 108.771827, 108.774151       
# span 2 =    0.00329,    0.05907       
# span 3 =     0.1973,     3.5441       
# span 4 =     11.838,    212.644       
# span 5 =      1.005,    171.664       
# span 6 =  51707.176,  52226.039       
# span 7 =    32.3184,    32.5235       
# span 8 =     5.2273,     5.5787       
# span 9 =      1.000,    170.000       
# span 10 =     5.2172,     5.5624      
# span 11 =    25.4843,    25.6849      
# span 12 =     3.4712,     3.9482      
# span 13 =     4.9607,     5.6424      
# span 14 =     48.765,     55.272      
# span 15 =    151.172,    171.913      
# span 16 =    155.025,    176.327      
# span 17 =   -0.00106,    0.00439      
# span 18 =    7.10297,    7.15499      
# span 19 =   10.15085,   10.22520      
# span 20 =  309.32114,  311.55126      
# span 21 =   15.92077,   16.02664      
# span 22 = 3.6380e-02, 3.0050e+01      
# span 23 =     0.6406,     7.6108      
# span 24 =     0.2640,     1.2343      
# span 25 =    75.7773,    93.6140      
# span 26 = 0.0000e+00, 0.0000e+00      
# interval = meters: 1                  
# start_time = Apr 18 2017 18:31:14 [Instrument's time stamp, header]
# bad_flag = -9.990e-29
*END*
[from data line 162]
        828 108.774083    0.05743     3.4458    206.749    164.601  52205.131    32.5176     5.2809    163.000     5.2711    25.6775     3.9446     5.6373     55.218    171.758    176.168    0.00037    7.14378   10.20917  311.05392   16.00278 3.6382e-02     1.0845     0.3893    90.7251 0.0000e+00
        831 108.774092    0.05765     3.4590    207.539    165.609  52202.705    32.5162     5.2848    164.000     5.2730    25.6761     3.9482     5.6424     55.272    171.913    176.327    0.00084    7.14317   10.20830  311.02789   16.00155 3.6382e-02     0.8997     0.3438    91.7637 0.0000e+00
        835 108.774103    0.05791     3.4744    208.463    166.621  52201.409    32.5151     5.2861    165.000     5.2733    25.6751     3.9439     5.6362     55.214    171.725    176.134    0.00013    7.14301   10.20808  311.02143   16.00124 3.6382e-02     0.9830     0.3718    91.1261 0.0000e+00
        839 108.774115    0.05819     3.4915    209.493    167.640  52202.945    32.5156     5.2856    166.000     5.2720    25.6755     3.9354     5.6240     55.094    171.355    175.754   -0.00106    7.14306   10.20814  311.02344   16.00134 3.6382e-02     0.9419     0.3225    92.2540 0.0000e+00
        842 108.774124    0.05843     3.5060    210.363    168.653  52202.923    32.5146     5.2835    167.000     5.2660    25.6750     3.9358     5.6247     55.096    171.373    175.773   -0.00087    7.14348   10.20874  311.04178   16.00221 3.6382e-02     0.7394     0.3381    91.8956 0.0000e+00
        845 108.774133    0.05863     3.5178    211.070    169.655  52197.054    32.5082     5.2748    168.000     5.2527    25.6708     3.9430     5.6349     55.182    171.685    176.091   -0.00010    7.14526   10.21129  311.12046   16.00599 3.6382e-02     0.8000     0.3731    91.0948 0.0000e+00
        848 108.774141    0.05883     3.5298    211.785    170.660  52212.125    32.5154     5.2631    169.000     5.2463    25.6779     3.9455     5.6386     55.207    171.797    176.209    0.00018    7.14690   10.21363  311.18963   16.00926 3.6382e-02     0.8315     0.4051    90.3692 0.0000e+00
        852 108.774151    0.05907     3.5441    212.644    171.664  52226.039    32.5235     5.2579    170.000     5.2446    25.6849     3.9448     5.6375     55.192    171.763    176.175    0.00002    7.14740   10.21436  311.20975   16.01018 3.6382e-02     0.8773     0.4302    89.8045 0.0000e+00
