CTD-processing/allCTD/CNV/2017_04-19_t7_s02_cast100_4141.cnv
* Sea-Bird SBE19plus Data File:
* FileName = P:\My Documents\kasitsna\Research-KBL\Oceanography-AK\CTD-Data-ALL-to-2017-02\2017-CTD-KachemakBay-CookInlet\2017-04-19-CookInlet-Tran7-Augustine\2017-04-19-CookInlet-Tran7-cast100.hex
* Software Version 1.59
* Temperature SN =  4141
* Conductivity SN =  4141
* System UpLoad Time = Apr 19 2017 16:34:41
** Cook Inlet LTM Transect 7 Augustine west to east
** Date: 2017-04-19
** Station: (eg. 9-01): 7-02
** Start time (AKDT): 08:32
** Depth (m): 44.5
** Comment: R/V Alaska Dreamcatcher
** Comment:
# nquan = 27
# nvalues = 44                          
# units = specified
# name 0 = scan: Scan Count
# name 1 = timeJ: Julian Days
# name 2 = timeH: Time, Elapsed [hours]
# name 3 = timeM: Time, Elapsed [minutes]
# name 4 = timeS: Time, Elapsed [seconds]
# name 5 = prdM: Pressure, Strain Gauge [db]
# name 6 = specc: Specific Conductance [uS/cm]
# name 7 = sal00: Salinity, Practical [PSU]
# name 8 = tv290C: Temperature [ITS-90, deg C]
# name 9 = depSM: Depth [salt water, m], lat = 59.00
# name 10 = potemp090C: Potential Temperature [ITS-90, deg C]
# name 11 = sigma-é00: Density [sigma-theta, kg/m^3]
# name 12 = sbeox0ML/L: Oxygen, SBE 43 [ml/l]
# name 13 = sbeox0Mg/L: Oxygen, SBE 43 [mg/l]
# name 14 = sbeox0PS: Oxygen, SBE 43 [% saturation]
# name 15 = sbox0Mm/Kg: Oxygen, SBE 43 [umol/kg]
# name 16 = sbeox0Mm/L: Oxygen, SBE 43 [umol/l]
# name 17 = sbox0dV/dT: Oxygen, SBE 43 [dov/dt]
# name 18 = oxsolML/L: Oxygen Saturation, Garcia & Gordon [ml/l]
# name 19 = oxsolMg/L: Oxygen Saturation, Garcia & Gordon [mg/l]
# name 20 = oxsolMm/Kg: Oxygen Saturation, Garcia & Gordon [umol/kg]
# name 21 = n2satMg/L: Nitrogen Saturation [mg/l]
# name 22 = par: PAR/Irradiance, Biospherical/Licor
# name 23 = wetStar: Fluorescence, WET Labs WETstar [mg/m^3]
# name 24 = CStarAt0: Beam Attenuation, WET Labs C-Star [1/m]
# name 25 = CStarTr0: Beam Transmission, WET Labs C-Star [%]
# name 26 = flag: flag
# span 0 =        121,        404       
# span 1 = 109.356018, 109.356837       
# span 2 =    0.00832,    0.02798       
# span 3 =     0.4990,     1.6783       
# span 4 =     29.940,    100.697       
# span 5 =      1.017,     44.408       
# span 6 =  50937.421,  51633.077       
# span 7 =    31.4032,    31.7493       
# span 8 =     3.2979,     3.8451       
# span 9 =      1.000,     44.000       
# span 10 =     3.3041,     3.7946      
# span 11 =    24.9404,    25.2542      
# span 12 =     3.6422,     4.3937      
# span 13 =     5.2052,     6.2790      
# span 14 =     48.572,     58.971      
# span 15 =    158.685,    191.450      
# span 16 =    162.663,    196.223      
# span 17 =   -0.00202,    0.04425      
# span 18 =    7.45113,    7.54219      
# span 19 =   10.64841,   10.77855      
# span 20 =  324.67117,  328.57330      
# span 21 =   16.65524,   16.83995      
# span 22 = 9.4496e-02, 1.4460e+02      
# span 23 =     0.2991,     1.7518      
# span 24 =     0.6674,     1.9975      
# span 25 =    64.5187,    84.6311      
# span 26 = 0.0000e+00, 0.0000e+00      
# interval = meters: 1                  
# start_time = Apr 19 2017 08:32:10 [Instrument's time stamp, header]
# bad_flag = -9.990e-29
*END*
        121 109.356018    0.00832     0.4990     29.940      1.017  50937.421    31.4032     3.8451      1.000     3.7946    24.9404     4.3937     6.2790     58.971    191.450    196.223    0.04425    7.45113   10.64841  324.67117   16.65524 1.4460e+02     0.3346     1.9975    64.5187 0.0000e+00
        236 109.356353    0.01635     0.9809     58.854      2.018  51044.404    31.4608     3.7949      2.000     3.7772    24.9911     3.6600     5.2305     49.080    159.468    163.454   -0.00007    7.45730   10.65721  324.92235   16.66696 4.5050e+01     0.5485     0.7537    82.9904 0.0000e+00
        243 109.356372    0.01681     1.0083     60.497      3.025  51073.529    31.4711     3.7577      3.000     3.7378    25.0027     3.6457     5.2100     48.846    158.844    162.815   -0.00101    7.46358   10.66620  325.19280   16.67977 3.4497e+01     0.3583     0.7080    83.7796 0.0000e+00
        248 109.356385    0.01712     1.0273     61.641      4.039  51107.513    31.4829     3.7133      4.000     3.6951    25.0162     3.6468     5.2116     48.812    158.890    162.864   -0.00102    7.47111   10.67696  325.51669   16.69512 2.9442e+01     0.3498     0.6999    83.9468 0.0000e+00
        252 109.356397    0.01742     1.0450     62.700      5.051  51133.603    31.4911     3.6765      5.000     3.6554    25.0260     3.6513     5.2180     48.831    159.084    163.065   -0.00068    7.47743   10.68600  325.78885   16.70802 2.7695e+01     0.5291     0.6983    83.9811 0.0000e+00
        255 109.356407    0.01767     1.0603     63.617      6.056  51164.392    31.5016     3.6364      6.000     3.6170    25.0381     3.6539     5.2219     48.822    159.200    163.186   -0.00055    7.48426   10.69575  326.08243   16.72194 2.3417e+01     0.2991     0.7000    83.9465 0.0000e+00
        259 109.356419    0.01794     1.0759     64.555      7.063  51209.124    31.5237     3.6047      7.000     3.5928    25.0585     3.6521     5.2192     48.766    159.116    163.103   -0.00095    7.48899   10.70251  326.28209   16.73134 2.0480e+01     0.3095     0.6889    84.1790 0.0000e+00
        263 109.356430    0.01822     1.0933     65.595      8.076  51239.359    31.5384     3.5834      8.000     3.5713    25.0722     3.6446     5.2085     48.645    158.786    162.767   -0.00163    7.49216   10.70704  326.41587   16.73765 1.8358e+01     0.3304     0.6794    84.3794 0.0000e+00
        268 109.356443    0.01852     1.1111     66.666      9.084  51245.341    31.5333     3.5488      9.000     3.5176    25.0713     3.6422     5.2052     48.572    158.685    162.663   -0.00202    7.49879   10.71652  326.70516   16.75141 1.6458e+01     0.3654     0.6744    84.4852 0.0000e+00
        272 109.356455    0.01882     1.1291     67.749     10.097  51265.956    31.5262     3.4665     10.000     3.4243    25.0729     3.6531     5.2207     48.615    159.158    163.148   -0.00110    7.51435   10.73876  327.38246   16.78363 1.4424e+01     0.4934     0.6674    84.6311 0.0000e+00
        276 109.356467    0.01910     1.1457     68.742     11.106  51350.869    31.5659     3.3973     11.000     3.3830    25.1107     3.6623     5.2338     48.668    159.552    163.559   -0.00040    7.52515   10.75418  327.84063   16.80525 1.3073e+01     0.5716     0.6760    84.4511 0.0000e+00
        280 109.356478    0.01936     1.1612     69.673     12.112  51359.591    31.5644     3.3699     12.000     3.3515    25.1118     3.6650     5.2376     48.669    159.668    163.678   -0.00033    7.53033   10.76159  328.06610   16.81597 1.1547e+01     0.8659     0.6756    84.4588 0.0000e+00
        284 109.356489    0.01962     1.1774     70.642     13.122  51366.018    31.5584     3.3316     13.000     3.3077    25.1105     3.6702     5.2451     48.691    159.896    163.912   -0.00019    7.53775   10.77220  328.38983   16.83138 1.0087e+01     0.8372     0.6805    84.3571 0.0000e+00
        288 109.356501    0.01990     1.1943     71.658     14.132  51432.539    31.5944     3.2979     14.000     3.3041    25.1421     3.6751     5.2521     48.727    160.103    164.129    0.00013    7.54219   10.77855  328.57330   16.83995 8.8574e+00     0.9826     0.6983    83.9801 0.0000e+00
        292 109.356512    0.02019     1.2114     72.684     15.145  51435.051    31.6002     3.3161     15.000     3.3213    25.1452     3.6698     5.2446     48.682    159.875    163.896   -0.00026    7.53850   10.77328  328.41159   16.83225 7.6079e+00     1.1074     0.6891    84.1736 0.0000e+00
        295 109.356523    0.02045     1.2271     73.624     16.153  51423.143    31.5937     3.3240     16.000     3.3239    25.1393     3.6677     5.2414     48.660    159.781    163.797   -0.00052    7.53736   10.77164  328.36369   16.82999 6.5109e+00     1.1566     0.6817    84.3299 0.0000e+00
        299 109.356534    0.02070     1.2423     74.538     17.158  51425.143    31.5949     3.3254     17.000     3.3246    25.1401     3.6704     5.2454     48.698    159.900    163.920   -0.00008    7.53704   10.77118  328.34929   16.82931 5.5771e+00     0.9137     0.6898    84.1601 0.0000e+00
        303 109.356546    0.02098     1.2591     75.543     18.169  51429.690    31.5973     3.3247     18.000     3.3233    25.1421     3.6726     5.2486     48.727    159.996    164.018    0.00008    7.53703   10.77118  328.34856   16.82926 4.8268e+00     1.0510     0.6856    84.2488 0.0000e+00
        308 109.356559    0.02129     1.2773     76.638     19.182  51453.428    31.6136     3.3274     19.000     3.3325    25.1548     3.6729     5.2491     48.741    160.010    164.035    0.00026    7.53571   10.76928  328.28661   16.82625 4.1637e+00     0.9447     0.6765    84.4402 0.0000e+00
        312 109.356570    0.02157     1.2942     77.651     20.192  51459.192    31.6197     3.3384     20.000     3.3399    25.1588     3.6694     5.2439     48.708    159.853    163.874   -0.00029    7.53335   10.76591  328.18269   16.82129 3.5835e+00     1.2147     0.6712    84.5517 0.0000e+00
        315 109.356581    0.02182     1.3092     78.554     21.201  51497.105    31.6462     3.3433     21.000     3.3522    25.1795     3.6748     5.2516     48.795    160.086    164.116    0.00041    7.53107   10.76265  328.07679   16.81615 3.1423e+00     1.3206     0.6812    84.3411 0.0000e+00
        319 109.356590    0.02205     1.3235     79.412     22.206  51556.194    31.6922     3.3687     22.000     3.3834    25.2139     3.6772     5.2551     48.873    160.186    164.224    0.00108    7.52403   10.75258  327.75877   16.80085 2.7052e+00     1.2444     0.6739    84.4950 0.0000e+00
        322 109.356601    0.02231     1.3389     80.335     23.217  51507.247    31.6606     3.3769     23.000     3.3570    25.1880     3.6796     5.2584     48.904    160.292    164.329    0.00093    7.52410   10.75270  327.77084   16.80155 2.3194e+00     1.1445     0.6746    84.4810 0.0000e+00
        326 109.356613    0.02259     1.3555     81.331     24.229  51543.940    31.6767     3.3447     24.000     3.3335    25.2037     3.6833     5.2638     48.920    160.453    164.497    0.00075    7.52926   10.76006  327.99019   16.81191 1.9841e+00     1.2753     0.6835    84.2926 0.0000e+00
        330 109.356624    0.02286     1.3717     82.299     25.238  51558.841    31.6818     3.3267     25.000     3.3172    25.2092     3.6889     5.2718     48.975    160.694    164.746    0.00085    7.53235   10.76449  328.12315   16.81821 1.6636e+00     1.4786     0.6952    84.0471 0.0000e+00
        334 109.356634    0.02311     1.3867     83.205     26.247  51587.259    31.6970     3.3132     26.000     3.3080    25.2226     3.6951     5.2807     49.046    160.964    165.024    0.00115    7.53408   10.76696  328.19441   16.82154 1.3960e+00     1.7518     0.7156    83.6182 0.0000e+00
        337 109.356645    0.02336     1.4020     84.121     27.253  51597.330    31.7020     3.3081     27.000     3.3077    25.2271     3.6999     5.2875     49.105    161.173    165.239    0.00134    7.53477   10.76793  328.22259   16.82286 1.1629e+00     1.3232     0.7336    83.2429 0.0000e+00
        342 109.356657    0.02365     1.4189     85.136     28.266  51614.725    31.7150     3.3149     28.000     3.3200    25.2368     3.7035     5.2926     49.165    161.325    165.396    0.00124    7.53284   10.76519  328.13560   16.81867 9.7442e-01     1.0570     0.7364    83.1848 0.0000e+00
        346 109.356669    0.02394     1.4363     86.177     29.275  51608.522    31.7134     3.3271     29.000     3.3292    25.2345     3.7018     5.2902     49.157    161.253    165.322    0.00101    7.53066   10.76207  328.04129   16.81419 8.1751e-01     1.1071     0.7432    83.0451 0.0000e+00
        350 109.356681    0.02423     1.4539     87.232     30.287  51623.808    31.7254     3.3354     30.000     3.3457    25.2433     3.7039     5.2932     49.198    161.340    165.413    0.00068    7.52851   10.75898  327.94459   16.80955 6.8339e-01     1.2145     0.7430    83.0479 0.0000e+00
        354 109.356692    0.02450     1.4698     88.190     31.298  51633.077    31.7391     3.3663     31.000     3.3787    25.2516     3.7079     5.2989     49.292    161.514    165.592    0.00139    7.52205   10.74976  327.66086   16.79601 5.8439e-01     1.2027     0.7208    83.5101 0.0000e+00
        357 109.356702    0.02474     1.4846     89.073     32.302  51617.041    31.7329     3.3865     32.000     3.3917    25.2447     3.7140     5.3076     49.397    161.782    165.866    0.00181    7.51863   10.74487  327.51410   16.78906 5.0033e-01     1.0592     0.7183    83.5629 0.0000e+00
        361 109.356713    0.02501     1.5005     90.033     33.313  51607.178    31.7283     3.3968     33.000     3.3984    25.2402     3.7129     5.3060     49.393    161.732    165.815    0.00126    7.51694   10.74246  327.44199   16.78565 4.2836e-01     1.2286     0.7256    83.4111 0.0000e+00
        365 109.356725    0.02529     1.5170     91.019     34.325  51614.709    31.7352     3.4056     34.000     3.4087    25.2449     3.7199     5.3159     49.499    162.036    166.126    0.00167    7.51498   10.73966  327.35488   16.78149 3.6472e-01     1.0803     0.7198    83.5309 0.0000e+00
        369 109.356736    0.02555     1.5327     91.963     35.331  51615.625    31.7375     3.4145     35.000     3.4166    25.2460     3.7202     5.3165     49.516    162.053    166.144    0.00147    7.51321   10.73712  327.27731   16.77779 3.0998e-01     0.9941     0.7254    83.4153 0.0000e+00
        373 109.356747    0.02581     1.5487     92.921     36.343  51612.327    31.7365     3.4212     36.000     3.4213    25.2446     3.7271     5.3264     49.616    162.355    166.453    0.00148    7.51201   10.73542  327.22584   16.77535 2.6325e-01     1.1165     0.7301    83.3160 0.0000e+00
        377 109.356758    0.02608     1.5647     93.880     37.351  51610.853    31.7361     3.4255     37.000     3.4240    25.2438     3.7314     5.3327     49.678    162.544    166.647    0.00183    7.51123   10.73430  327.19190   16.77373 2.2606e-01     1.1758     0.7339    83.2380 0.0000e+00
        380 109.356769    0.02635     1.5812     94.871     38.362  51607.904    31.7334     3.4248     38.000     3.4214    25.2418     3.7337     5.3359     49.707    162.641    166.747    0.00129    7.51152   10.73471  327.20528   16.77438 1.9798e-01     1.0320     0.7308    83.3019 0.0000e+00
        385 109.356781    0.02664     1.5981     95.885     39.373  51631.105    31.7493     3.4278     39.000     3.4333    25.2542     3.7405     5.3455     49.805    162.935    167.050    0.00168    7.51015   10.73276  327.14168   16.77129 1.7302e-01     1.0962     0.7533    82.8362 0.0000e+00
        388 109.356792    0.02691     1.6144     96.866     40.381  51620.084    31.7447     3.4414     40.000     3.4418    25.2494     3.7407     5.3458     49.823    162.944    167.059    0.00139    7.50787   10.72949  327.04370   16.76666 1.5226e-01     0.9605     0.7971    81.9307 0.0000e+00
        392 109.356804    0.02717     1.6305     97.828     41.393  51616.425    31.7428     3.4453     41.000     3.4439    25.2474     3.7460     5.3534     49.899    163.176    167.296    0.00143    7.50724   10.72861  327.01735   16.76542 1.3484e-01     1.1903     0.8139    81.5901 0.0000e+00
        396 109.356814    0.02744     1.6463     98.776     42.400  51615.754    31.7422     3.4471     42.000     3.4447    25.2469     3.7513     5.3609     49.970    163.406    167.531    0.00170    7.50694   10.72816  327.00405   16.76478 1.2190e-01     1.1161     0.8382    81.0966 0.0000e+00
        400 109.356826    0.02770     1.6621     99.726     43.410  51615.015    31.7413     3.4473     43.000     3.4447    25.2461     3.7529     5.3632     49.992    163.475    167.602    0.00121    7.50695   10.72818  327.00480   16.76482 1.1198e-01     1.3352     0.8470    80.9162 0.0000e+00
        404 109.356837    0.02798     1.6783    100.697     44.408  51616.586    31.7418     3.4474     44.000     3.4450    25.2466     3.7576     5.3699     50.055    163.681    167.813    0.00140    7.50690   10.72811  327.00254   16.76471 9.4496e-02     1.0514     0.8665    80.5230 0.0000e+00
