CTD-processing/allCTD/CNV/2017_10-17_t4_s09_cast046_4141.cnv
* Sea-Bird SBE19plus Data File:
* FileName = C:\Users\Kim.Powell\Desktop\Not Processed\2017\2017_10-17\2017_10-17_TRANSECT_STATION_cast046.hex
* Software Version 1.59
* Temperature SN =  4141
* Conductivity SN =  4141
* System UpLoad Time = Oct 20 2017 08:44:09
** Transect:
** 2017_10-17
** Station: 4-09
** Start Time: 11:39
** Depth (m): 28.3
** Comment: Edgecumbe
** Comment:
# nquan = 27
# nvalues = 26                          
# units = specified
# name 0 = scan: Scan Count
# name 1 = timeJ: Julian Days
# name 2 = timeH: Time, Elapsed [hours]
# name 3 = timeM: Time, Elapsed [minutes]
# name 4 = timeS: Time, Elapsed [seconds]
# name 5 = prdM: Pressure, Strain Gauge [db]
# name 6 = specc: Specific Conductance [uS/cm]
# name 7 = sal00: Salinity, Practical [PSU]
# name 8 = tv290C: Temperature [ITS-90, deg C]
# name 9 = depSM: Depth [salt water, m], lat = 59.00
# name 10 = potemp090C: Potential Temperature [ITS-90, deg C]
# name 11 = sigma-é00: Density [sigma-theta, kg/m^3]
# name 12 = sbeox0ML/L: Oxygen, SBE 43 [ml/l]
# name 13 = sbeox0Mg/L: Oxygen, SBE 43 [mg/l]
# name 14 = sbeox0PS: Oxygen, SBE 43 [% saturation]
# name 15 = sbox0Mm/Kg: Oxygen, SBE 43 [umol/kg]
# name 16 = sbeox0Mm/L: Oxygen, SBE 43 [umol/l]
# name 17 = sbox0dV/dT: Oxygen, SBE 43 [dov/dt]
# name 18 = oxsolML/L: Oxygen Saturation, Garcia & Gordon [ml/l]
# name 19 = oxsolMg/L: Oxygen Saturation, Garcia & Gordon [mg/l]
# name 20 = oxsolMm/Kg: Oxygen Saturation, Garcia & Gordon [umol/kg]
# name 21 = n2satMg/L: Nitrogen Saturation [mg/l]
# name 22 = par: PAR/Irradiance, Biospherical/Licor
# name 23 = wetStar: Fluorescence, WET Labs WETstar [mg/m^3]
# name 24 = CStarAt0: Beam Attenuation, WET Labs C-Star [1/m]
# name 25 = CStarTr0: Beam Transmission, WET Labs C-Star [%]
# name 26 = flag: flag
# span 0 =        280,        416       
# span 1 = 290.486420, 290.486815       
# span 2 =    0.01935,    0.02883       
# span 3 =     1.1610,     1.7299       
# span 4 =     69.660,    103.794       
# span 5 =      1.038,     26.241       
# span 6 =  45450.690,  48140.479       
# span 7 =    28.5286,    30.5287       
# span 8 =     8.8905,     9.9447       
# span 9 =      1.000,     26.000       
# span 10 =     8.8933,     9.9419      
# span 11 =    22.0717,    23.4726      
# span 12 =     2.8684,     2.9818      
# span 13 =     4.0993,     4.2613      
# span 14 =     44.027,     44.296      
# span 15 =    125.170,    130.293      
# span 16 =    128.103,    133.169      
# span 17 =   -0.00119,    0.00135      
# span 18 =    6.50625,    6.74665      
# span 19 =    9.29808,    9.64163      
# span 20 =  283.90542,  294.79826      
# span 21 =   14.71523,   15.24404      
# span 22 = 7.3786e-01, 4.6539e+01      
# span 23 =     0.5560,     1.8059      
# span 24 =     0.4985,     1.0792      
# span 25 =    76.3525,    88.2828      
# span 26 = 0.0000e+00, 0.0000e+00      
# interval = meters: 1                  
# start_time = Oct 17 2017 11:39:17 [Instrument's time stamp, header]
# bad_flag = -9.990e-29
*END*
        280 290.486420    0.01935     1.1610     69.660      1.038  45450.690    28.5286     8.8905      1.000     8.8933    22.0717     2.9778     4.2557     44.138    130.117    132.988    0.00135    6.74665    9.64163  294.79826   15.24404 4.6539e+01     1.2237     1.0373    77.1554 0.0000e+00
        284 290.486433    0.01967     1.1804     70.825      2.015  45455.836    28.5330     8.8997      2.000     8.9043    22.0738     2.9804     4.2593     44.187    130.231    133.106    0.00123    6.74507    9.63937  294.72875   15.24071 4.0243e+01     1.1875     1.0792    76.3525 0.0000e+00
        289 290.486448    0.02003     1.2015     72.092      3.033  45458.243    28.5356     8.9110      3.000     8.9130    22.0743     2.9818     4.2613     44.219    130.293    133.169    0.00102    6.74324    9.63676  294.64877   15.23687 3.4253e+01     1.2082     1.0567    76.7852 0.0000e+00
        294 290.486461    0.02034     1.2204     73.221      4.034  45483.471    28.5537     8.9186      4.000     8.9252    22.0874     2.9755     4.2522     44.137    130.012    132.883   -0.00010    6.74129    9.63399  294.56021   15.23257 3.6143e+01     1.2896     1.0061    77.7632 0.0000e+00
        299 290.486475    0.02069     1.2411     74.468      5.046  45575.786    28.6207     8.9445      5.000     8.9677    22.1359     2.9749     4.2515     44.174    129.982    132.860    0.00012    6.73447    9.62423  294.24801   15.21738 3.2180e+01     1.4506     0.9546    78.7699 0.0000e+00
        304 290.486491    0.02106     1.2638     75.828      6.057  45723.917    28.7321     9.0153      6.000     9.0505    22.2126     2.9675     4.2409     44.166    129.649    132.529    0.00007    6.71893    9.60203  293.54710   15.18344 2.8523e+01     1.5627     0.9297    79.2607 0.0000e+00
        310 290.486507    0.02144     1.2862     77.173      7.067  46219.622    29.0958     9.1686      7.000     9.2398    22.4741     2.9526     4.2196     44.199    128.965    131.863    0.00026    6.68024    9.54674  291.78222   15.09763 2.2786e+01     1.7292     0.8794    80.2648 0.0000e+00
        315 290.486523    0.02182     1.3094     78.565      8.073  46283.011    29.1564     9.3028      8.000     9.3147    22.5013     2.9426     4.2052     44.198    128.525    131.416    0.00016    6.65768    9.51449  290.78869   15.04991 1.8832e+01     1.7257     0.7856    82.1700 0.0000e+00
        322 290.486541    0.02227     1.3362     80.174      9.086  46276.978    29.1547     9.3259      9.000     9.3263    22.4965     2.9448     4.2084     44.254    128.623    131.515    0.00058    6.65432    9.50969  290.64354   15.04298 1.5371e+01     1.7241     0.7601    82.6924 0.0000e+00
        328 290.486558    0.02268     1.3605     81.629     10.098  46289.377    29.1633     9.3283     10.000     9.3270    22.5028     2.9473     4.2120     44.296    128.729    131.626    0.00059    6.65360    9.50866  290.61026   15.04136 1.2365e+01     1.8059     0.7508    82.8855 0.0000e+00
        333 290.486575    0.02308     1.3849     83.094     11.101  46315.888    29.1821     9.3344     11.000     9.3379    22.5166     2.9460     4.2102     44.288    128.672    131.569    0.00026    6.65191    9.50624  290.53220   15.03755 1.0192e+01     1.6828     0.7432    83.0432 0.0000e+00
        340 290.486595    0.02357     1.4143     84.861     12.116  46336.712    29.1986     9.3540     12.000     9.3592    22.5266     2.9395     4.2008     44.214    128.387    131.279   -0.00056    6.64827    9.50105  290.37089   15.02977 8.1167e+00     1.5803     0.7386    83.1402 0.0000e+00
        346 290.486612    0.02396     1.4372     86.233     13.126  46365.311    29.2208     9.3748     13.000     9.3855    22.5407     2.9387     4.1997     44.229    128.349    131.243   -0.00028    6.64426    9.49531  290.19153   15.02111 6.6196e+00     1.4877     0.7321    83.2737 0.0000e+00
        351 290.486625    0.02429     1.4574     87.442     14.125  46395.146    29.2446     9.4026     14.000     9.4188    22.5552     2.9353     4.1948     44.212    128.199    131.091   -0.00042    6.63914    9.48800  289.96399   15.01014 5.4100e+00     1.4494     0.7290    83.3404 0.0000e+00
        357 290.486644    0.02474     1.4845     89.071     15.146  46782.363    29.5311     9.5361     15.000     9.5838    22.7583     2.9170     4.1686     44.147    127.373    130.272   -0.00064    6.60732    9.44252  288.51678   14.93979 4.4268e+00     1.5020     0.7014    83.9166 0.0000e+00
        363 290.486661    0.02514     1.5081     90.487     16.149  46947.398    29.6540     9.6007     16.000     9.5895    22.8442     2.9058     4.1528     44.077    126.877    129.775   -0.00119    6.59266    9.42157  287.85248   14.90754 3.6301e+00     1.5748     0.6132    85.7895 0.0000e+00
        369 290.486678    0.02555     1.5328     91.966     17.167  47053.754    29.7272     9.5944     17.000     9.6060    22.9023     2.9105     4.1594     44.162    127.073    129.983    0.00022    6.59047    9.41844  287.74052   14.90188 3.0469e+00     1.2779     0.5544    87.0565 0.0000e+00
        374 290.486692    0.02587     1.5523     93.140     18.164  47307.816    29.9083     9.6237     18.000     9.6325    23.0390     2.9016     4.1468     44.108    126.670    129.588   -0.00042    6.57854    9.40139  287.18118   14.87440 2.6146e+00     1.2232     0.5236    87.7311 0.0000e+00
        379 290.486708    0.02628     1.5765     94.591     19.188  47434.311    30.0016     9.6652     19.000     9.6882    23.1054     2.8935     4.1351     44.050    126.304    129.222   -0.00081    6.56858    9.38716  286.72788   14.85235 2.2146e+00     1.1333     0.4985    88.2828 0.0000e+00
        384 290.486722    0.02661     1.5964     95.784     20.187  47957.505    30.3814     9.7716     20.000     9.8263    23.3849     2.8802     4.1162     44.059    125.693    128.632   -0.00040    6.53724    9.34238  285.28202   14.78166 1.9034e+00     1.0389     0.5039    88.1643 0.0000e+00
        390 290.486738    0.02698     1.6189     97.134     21.204  48067.675    30.4743     9.8986     21.000     9.9129    23.4371     2.8684     4.0993     44.027    125.170    128.103   -0.00058    6.51511    9.31074  284.30152   14.73439 1.6255e+00     0.8186     0.5236    87.7295 0.0000e+00
        394 290.486752    0.02732     1.6391     98.348     22.206  48081.026    30.4863     9.9236     22.000     9.9258    23.4425     2.8685     4.0994     44.056    125.172    128.106   -0.00012    6.51102    9.30491  284.12175   14.72575 1.4062e+00     0.6855     0.5212    87.7820 0.0000e+00
        400 290.486768    0.02772     1.6628     99.770     23.220  48111.622    30.5089     9.9357     23.000     9.9365    23.4581     2.8726     4.1053     44.138    125.352    128.292    0.00061    6.50836    9.30109  284.00107   14.71989 1.1947e+00     0.5745     0.5273    87.6484 0.0000e+00
        405 290.486783    0.02808     1.6849    101.094     24.226  48133.615    30.5248     9.9433     24.000     9.9419    23.4694     2.8698     4.1013     44.106    125.226    128.165    0.00010    6.50661    9.29860  283.92186   14.71603 1.0267e+00     0.6364     0.5427    87.3127 0.0000e+00
        411 290.486800    0.02847     1.7085    102.510     25.241  48139.006    30.5284     9.9447     25.000     9.9411    23.4720     2.8702     4.1018     44.115    125.244    128.184    0.00001    6.50625    9.29808  283.90542   14.71523 8.6852e-01     0.5560     0.5711    86.6941 0.0000e+00
        416 290.486815    0.02883     1.7299    103.794     26.241  48140.479    30.5287     9.9424     26.000     9.9391    23.4726     2.8710     4.1030     44.125    125.281    128.222    0.00011    6.50658    9.29855  283.91946   14.71590 7.3786e-01     0.6766     0.5984    86.1045 0.0000e+00
