CTD-processing/allCTD/CNV/2017_04-18_t6_s11_cast080_4141.cnv
* Sea-Bird SBE19plus Data File:
* FileName = P:\My Documents\kasitsna\Research-KBL\Oceanography-AK\CTD-Data-ALL-to-2017-02\2017-CTD-KachemakBay-CookInlet\2017-04-18-CookInlet-Tran6-Douglas\2017-04-18-CookInlet-Tran6-cast080.hex
* Software Version 1.59
* Temperature SN =  4141
* Conductivity SN =  4141
* System UpLoad Time = Apr 18 2017 22:58:26
** Cook Inlet LTM Transect 6 Douglas east to west
** Date: (YYYY-MM-DD): 2017-04-18
** Station: (eg. 9-01): 6-11
** Start time (AKDT): 15:46
** Depth (m): 114.3
** Comment: R/V Alaska Dreamcatcher
** Comment:
# nquan = 27
# nvalues = 107                         
# units = specified
# name 0 = scan: Scan Count
# name 1 = timeJ: Julian Days
# name 2 = timeH: Time, Elapsed [hours]
# name 3 = timeM: Time, Elapsed [minutes]
# name 4 = timeS: Time, Elapsed [seconds]
# name 5 = prdM: Pressure, Strain Gauge [db]
# name 6 = specc: Specific Conductance [uS/cm]
# name 7 = sal00: Salinity, Practical [PSU]
# name 8 = tv290C: Temperature [ITS-90, deg C]
# name 9 = depSM: Depth [salt water, m], lat = 59.00
# name 10 = potemp090C: Potential Temperature [ITS-90, deg C]
# name 11 = sigma-é00: Density [sigma-theta, kg/m^3]
# name 12 = sbeox0ML/L: Oxygen, SBE 43 [ml/l]
# name 13 = sbeox0Mg/L: Oxygen, SBE 43 [mg/l]
# name 14 = sbeox0PS: Oxygen, SBE 43 [% saturation]
# name 15 = sbox0Mm/Kg: Oxygen, SBE 43 [umol/kg]
# name 16 = sbeox0Mm/L: Oxygen, SBE 43 [umol/l]
# name 17 = sbox0dV/dT: Oxygen, SBE 43 [dov/dt]
# name 18 = oxsolML/L: Oxygen Saturation, Garcia & Gordon [ml/l]
# name 19 = oxsolMg/L: Oxygen Saturation, Garcia & Gordon [mg/l]
# name 20 = oxsolMm/Kg: Oxygen Saturation, Garcia & Gordon [umol/kg]
# name 21 = n2satMg/L: Nitrogen Saturation [mg/l]
# name 22 = par: PAR/Irradiance, Biospherical/Licor
# name 23 = wetStar: Fluorescence, WET Labs WETstar [mg/m^3]
# name 24 = CStarAt0: Beam Attenuation, WET Labs C-Star [1/m]
# name 25 = CStarTr0: Beam Transmission, WET Labs C-Star [%]
# name 26 = flag: flag
# span 0 =         41,        651       
# span 1 = 108.657038, 108.658803       
# span 2 =    0.00280,    0.04517       
# span 3 =     0.1684,     2.7099       
# span 4 =     10.107,    162.592       
# span 5 =      1.005,    107.972       
# span 6 =  51347.876,  51851.073       
# span 7 =    31.9690,    32.2931       
# span 8 =     5.0955,     5.2422       
# span 9 =      1.000,    107.000       
# span 10 =     5.0895,     5.2342      
# span 11 =    25.2612,    25.5038      
# span 12 =     3.5838,     3.8451      
# span 13 =     5.1217,     5.4950      
# span 14 =     49.926,     53.682      
# span 15 =    156.096,    167.452      
# span 16 =    160.055,    171.722      
# span 17 =   -0.00065,    0.00335      
# span 18 =    7.16111,    7.19975      
# span 19 =   10.23394,   10.28916      
# span 20 =  311.86172,  313.61777      
# span 21 =   16.04216,   16.12707      
# span 22 = 3.6371e-02, 4.1925e+01      
# span 23 =     0.1668,     1.2826      
# span 24 =     0.2566,     4.0701      
# span 25 =    35.2606,    93.7857      
# span 26 = 0.0000e+00, 0.0000e+00      
# interval = meters: 1                  
# start_time = Apr 18 2017 15:45:58 [Instrument's time stamp, header]
# bad_flag = -9.990e-29
*END*
         41 108.657038    0.00280     0.1684     10.107      1.005  51347.876    31.9690     5.1069      1.000     5.1481    25.2612     3.6044     5.1510     50.062    157.004    160.970    0.00195    7.19975   10.28916  313.61777   16.12707 4.1925e+01     0.1668     4.0701    35.2606 0.0000e+00
        177 108.657431    0.01223     0.7335     44.013      2.010  51521.816    32.1078     5.1933      2.000     5.1841    25.3616     3.5838     5.1217     49.926    156.096    160.055   -0.00060    7.17830   10.25851  312.65380   16.08061 3.5215e+01     0.3886     0.9566    78.2251 0.0000e+00
        295 108.657771    0.02040     1.2239     73.433      3.026  51612.005    32.1691     5.1922      3.000     5.1914    25.4103     3.5852     5.1236     49.964    156.147    160.114    0.00147    7.17555   10.25458  312.51878   16.07394 3.8579e+01     0.3547     0.5683    86.7216 0.0000e+00
        297 108.657778    0.02057     1.2338     74.028      4.041  51611.893    32.1683     5.1914      4.000     5.1906    25.4098     3.5914     5.1325     50.050    156.420    160.395    0.00132    7.17573   10.25484  312.52694   16.07432 3.5351e+01     0.3373     0.5611    86.9136 0.0000e+00
        300 108.657788    0.02079     1.2476     74.858      5.045  51616.133    32.1706     5.1906      5.000     5.1916    25.4116     3.6059     5.1532     50.251    157.048    161.040    0.00293    7.17575   10.25487  312.52736   16.07433 3.5358e+01     0.3498     0.3419    91.8167 0.0000e+00
        304 108.657798    0.02104     1.2626     75.756      6.056  51617.716    32.1721     5.1948      6.000     5.1966    25.4124     3.6145     5.1654     50.376    157.420    161.421    0.00319    7.17496   10.25375  312.49284   16.07269 3.6285e+01     0.3466     0.2835    93.1584 0.0000e+00
        308 108.657809    0.02130     1.2782     76.692      7.069  51615.353    32.1706     5.1979      7.000     5.1982    25.4109     3.6090     5.1576     50.303    157.183    161.177    0.00171    7.17451   10.25310  312.47346   16.07177 3.5965e+01     0.3467     0.2810    93.2152 0.0000e+00
        311 108.657819    0.02154     1.2925     77.551      8.080  51612.073    32.1682     5.1995      8.000     5.1971    25.4088     3.6111     5.1605     50.333    157.273    161.269    0.00119    7.17435   10.25286  312.46691   16.07146 3.5700e+01     0.3529     0.2791    93.2598 0.0000e+00
        314 108.657828    0.02176     1.3052     78.313      9.084  51618.615    32.1717     5.1967      9.000     5.1969    25.4118     3.6188     5.1716     50.439    157.611    161.616    0.00196    7.17465   10.25329  312.47913   16.07204 3.5275e+01     0.4434     0.2792    93.2584 0.0000e+00
        317 108.657837    0.02196     1.3178     79.070     10.094  51612.534    32.1672     5.1976     10.000     5.1932    25.4081     3.6249     5.1804     50.523    157.877    161.889    0.00198    7.17473   10.25341  312.48371   16.07227 3.5039e+01     0.3978     0.2831    93.1680 0.0000e+00
        320 108.657845    0.02218     1.3311     79.867     11.104  51608.276    32.1621     5.1902     11.000     5.1827    25.4050     3.6319     5.1903     50.610    158.180    162.199    0.00231    7.17621   10.25552  312.54915   16.07541 3.4204e+01     0.3922     0.2770    93.3103 0.0000e+00
        324 108.657855    0.02241     1.3446     80.675     12.111  51628.567    32.1735     5.1808     12.000     5.1833    25.4151     3.6371     5.1979     50.676    158.409    162.436    0.00218    7.17728   10.25705  312.59286   16.07744 3.3393e+01     0.4615     0.2782    93.2804 0.0000e+00
        327 108.657865    0.02264     1.3586     81.515     13.123  51623.283    32.1708     5.1872     13.000     5.1870    25.4122     3.6418     5.2045     50.747    158.612    162.643    0.00219    7.17632   10.25569  312.55194   16.07550 3.3377e+01     0.4928     0.2770    93.3089 0.0000e+00
        330 108.657874    0.02288     1.3726     82.358     14.135  51617.263    32.1663     5.1877     14.000     5.1817    25.4086     3.6480     5.2133     50.832    158.880    162.917    0.00231    7.17645   10.25586  312.55846   16.07583 3.2912e+01     0.6491     0.2769    93.3112 0.0000e+00
        334 108.657884    0.02310     1.3856     83.138     15.142  51621.223    32.1662     5.1773     15.000     5.1729    25.4098     3.6540     5.2219     50.904    159.143    163.187    0.00232    7.17823   10.25840  312.63561   16.07951 3.2734e+01     0.6980     0.2794    93.2519 0.0000e+00
        337 108.657893    0.02330     1.3984     83.902     16.152  51631.707    32.1723     5.1743     16.000     5.1742    25.4149     3.6585     5.2283     50.964    159.336    163.385    0.00218    7.17845   10.25873  312.64379   16.07987 3.2086e+01     0.6446     0.2809    93.2183 0.0000e+00
        340 108.657901    0.02352     1.4114     84.681     17.159  51616.687    32.1613     5.1736     17.000     5.1632    25.4062     3.6683     5.2423     51.096    159.766    163.825    0.00265    7.17910   10.25966  312.67488   16.08140 3.1297e+01     0.7208     0.2774    93.3015 0.0000e+00
        343 108.657911    0.02375     1.4250     85.501     18.171  51627.464    32.1651     5.1590     18.000     5.1518    25.4109     3.6803     5.2595     51.248    160.291    164.364    0.00335    7.18142   10.26298  312.77461   16.08613 3.2745e+01     0.7347     0.2776    93.2955 0.0000e+00
        346 108.657921    0.02398     1.4389     86.333     19.181  51632.351    32.1657     5.1490     19.000     5.1431    25.4125     3.6856     5.2671     51.308    160.518    164.597    0.00302    7.18311   10.26537  312.84720   16.08959 3.1646e+01     0.7559     0.2845    93.1357 0.0000e+00
        350 108.657930    0.02421     1.4525     87.148     20.191  51642.903    32.1715     5.1444     20.000     5.1428    25.4177     3.6906     5.2743     51.376    160.739    164.824    0.00273    7.18361   10.26610  312.86773   16.09054 2.8525e+01     1.0030     0.2826    93.1797 0.0000e+00
        353 108.657939    0.02443     1.4656     87.938     21.197  51643.505    32.1715     5.1444     21.000     5.1433    25.4176     3.6963     5.2824     51.455    160.985    165.077    0.00261    7.18361   10.26609  312.86744   16.09053 2.7541e+01     1.1657     0.2839    93.1472 0.0000e+00
        356 108.657949    0.02465     1.4795     88.768     22.208  51641.438    32.1697     5.1452     22.000     5.1421    25.4161     3.7019     5.2904     51.533    161.230    165.327    0.00260    7.18357   10.26604  312.86629   16.09048 2.6848e+01     1.2826     0.2807    93.2236 0.0000e+00
        360 108.657959    0.02490     1.4938     89.628     23.221  51643.669    32.1702     5.1426     23.000     5.1401    25.4168     3.7069     5.2975     51.599    161.446    165.549    0.00244    7.18397   10.26661  312.88353   16.09130 2.5114e+01     1.1863     0.2786    93.2725 0.0000e+00
        363 108.657968    0.02512     1.5070     90.420     24.229  51647.071    32.1718     5.1416     24.000     5.1400    25.4182     3.7137     5.3073     51.694    161.744    165.856    0.00253    7.18406   10.26674  312.88713   16.09147 2.2740e+01     1.1009     0.2831    93.1687 0.0000e+00
        366 108.657977    0.02533     1.5199     91.193     25.236  51647.380    32.1716     5.1419     25.000     5.1400    25.4180     3.7215     5.3186     51.803    162.086    166.205    0.00287    7.18403   10.26669  312.88568   16.09140 2.1020e+01     1.1270     0.2849    93.1241 0.0000e+00
        369 108.657986    0.02556     1.5336     92.015     26.243  51647.905    32.1714     5.1418     26.000     5.1397    25.4179     3.7283     5.3281     51.897    162.377    166.505    0.00284    7.18405   10.26672  312.88660   16.09144 1.9668e+01     1.2747     0.2785    93.2735 0.0000e+00
        373 108.657997    0.02580     1.5482     92.894     27.260  51648.141    32.1710     5.1415     27.000     5.1393    25.4176     3.7288     5.3287     51.903    162.399    166.527    0.00220    7.18413   10.26684  312.89047   16.09163 1.7896e+01     1.2232     0.2785    93.2732 0.0000e+00
        376 108.658006    0.02603     1.5621     93.725     28.268  51649.093    32.1711     5.1413     28.000     5.1387    25.4177     3.7317     5.3330     51.944    162.528    166.659    0.00176    7.18416   10.26688  312.89164   16.09168 1.6103e+01     1.2493     0.2764    93.3222 0.0000e+00
        379 108.658015    0.02626     1.5754     94.526     29.272  51641.162    32.1648     5.1393     29.000     5.1282    25.4128     3.7382     5.3424     52.030    162.815    166.952    0.00208    7.18481   10.26781  312.92136   16.09312 1.4972e+01     1.1005     0.2790    93.2619 0.0000e+00
        383 108.658026    0.02650     1.5897     95.381     30.283  51654.559    32.1700     5.1236     30.000     5.1173    25.4188     3.7462     5.3536     52.122    163.156    167.303    0.00218    7.18724   10.27128  313.02532   16.09805 1.3663e+01     1.0482     0.2763    93.3264 0.0000e+00
        386 108.658036    0.02676     1.6052     96.312     31.299  51665.838    32.1767     5.1210     31.000     5.1206    25.4244     3.7529     5.3633     52.216    163.450    167.606    0.00239    7.18737   10.27147  313.02928   16.09821 1.2198e+01     1.0872     0.2744    93.3684 0.0000e+00
        390 108.658046    0.02698     1.6192     97.152     32.308  51665.552    32.1769     5.1247     32.000     5.1245    25.4242     3.7531     5.3635     52.222    163.457    167.613    0.00181    7.18673   10.27056  313.00159   16.09690 1.0881e+01     1.0388     0.2774    93.3008 0.0000e+00
        393 108.658055    0.02719     1.6318     97.911     33.310  51654.721    32.1692     5.1261     33.000     5.1182    25.4180     3.7537     5.3644     52.230    163.485    167.640    0.00135    7.18686   10.27074  313.00908   16.09728 9.7398e+00     1.1282     0.2795    93.2527 0.0000e+00
        396 108.658064    0.02744     1.6462     98.772     34.317  51662.120    32.1719     5.1175     34.000     5.1119    25.4210     3.7598     5.3730     52.304    163.747    167.910    0.00143    7.18821   10.27267  313.06692   16.10002 8.9142e+00     1.1291     0.2738    93.3853 0.0000e+00
        400 108.658077    0.02774     1.6645     99.870     35.340  51667.293    32.1739     5.1125     35.000     5.1071    25.4232     3.7696     5.3872     52.437    164.179    168.352    0.00202    7.18897   10.27376  313.09936   16.10156 8.0926e+00     1.0460     0.2671    93.5428 0.0000e+00
        404 108.658087    0.02800     1.6797    100.782     36.348  51673.660    32.1765     5.1064     36.000     5.1020    25.4259     3.7710     5.3891     52.448    164.236    168.412    0.00167    7.18988   10.27506  313.13832   16.10341 7.2355e+00     0.9415     0.2739    93.3812 0.0000e+00
        407 108.658096    0.02820     1.6920    101.518     37.353  51676.386    32.1774     5.1044     37.000     5.1009    25.4268     3.7749     5.3947     52.501    164.409    168.588    0.00143    7.19019   10.27550  313.15133   16.10402 6.4518e+00     1.0569     0.2804    93.2308 0.0000e+00
        410 108.658105    0.02841     1.7046    102.276     38.353  51678.830    32.1783     5.1033     38.000     5.1007    25.4277     3.7798     5.4018     52.568    164.621    168.807    0.00168    7.19032   10.27569  313.15685   16.10429 5.8597e+00     1.0326     0.2811    93.2145 0.0000e+00
        414 108.658117    0.02869     1.7215    103.289     39.370  51678.613    32.1776     5.1031     39.000     5.0994    25.4272     3.7839     5.4077     52.625    164.801    168.992    0.00167    7.19039   10.27579  313.16010   16.10444 5.3176e+00     1.0544     0.2707    93.4553 0.0000e+00
        419 108.658130    0.02900     1.7398    104.387     40.386  51681.800    32.1791     5.1022     40.000     5.1003    25.4285     3.7855     5.4099     52.646    164.868    169.060    0.00123    7.19047   10.27591  313.16328   16.10458 4.7978e+00     1.0762     0.2692    93.4916 0.0000e+00
        422 108.658140    0.02924     1.7545    105.267     41.400  51678.518    32.1768     5.1038     41.000     5.0991    25.4264     3.7830     5.4062     52.612    164.758    168.947    0.00054    7.19031   10.27568  313.15693   16.10429 4.2729e+00     1.0681     0.2748    93.3602 0.0000e+00
        425 108.658148    0.02943     1.7663    105.980     42.401  51680.541    32.1769     5.1009     42.000     5.0953    25.4270     3.7915     5.4184     52.727    165.130    169.329    0.00107    7.19081   10.27639  313.17853   16.10532 3.8615e+00     1.0493     0.2781    93.2834 0.0000e+00
        428 108.658156    0.02964     1.7783    106.698     43.400  51686.435    32.1799     5.0979     43.000     5.0940    25.4296     3.7984     5.4283     52.821    165.429    169.637    0.00185    7.19118   10.27691  313.19351   16.10602 3.5320e+00     1.0534     0.2855    93.1102 0.0000e+00
        432 108.658168    0.02991     1.7948    107.686     44.413  51689.827    32.1815     5.0969     44.000     5.0937    25.4309     3.7943     5.4224     52.762    165.249    169.451    0.00081    7.19126   10.27703  313.19673   16.10617 3.2406e+00     1.0989     0.2668    93.5479 0.0000e+00
        437 108.658182    0.03027     1.8159    108.953     45.447  51690.829    32.1817     5.0971     45.000     5.0938    25.4312     3.7977     5.4272     52.810    165.397    169.603    0.00068    7.19123   10.27699  313.19553   16.10611 2.9045e+00     0.9839     0.2664    93.5565 0.0000e+00
        440 108.658191    0.03048     1.8285    109.711     46.447  51692.132    32.1822     5.0973     46.000     5.0941    25.4315     3.8048     5.4374     52.909    165.709    169.923    0.00143    7.19117   10.27691  313.19289   16.10598 2.6260e+00     0.9453     0.2702    93.4697 0.0000e+00
        442 108.658198    0.03065     1.8392    110.354     47.445  51693.184    32.1825     5.0975     47.000     5.0941    25.4317     3.8059     5.4391     52.926    165.758    169.974    0.00140    7.19112   10.27681  313.19004   16.10584 2.3757e+00     0.9655     0.2765    93.3209 0.0000e+00
        445 108.658207    0.03084     1.8508    111.051     48.446  51693.466    32.1821     5.0976     48.000     5.0940    25.4314     3.8028     5.4347     52.882    165.623    169.835    0.00050    7.19111   10.27681  313.18990   16.10584 2.1505e+00     1.1252     0.2726    93.4126 0.0000e+00
        450 108.658219    0.03115     1.8688    112.131     49.464  51695.602    32.1831     5.0977     49.000     5.0944    25.4323     3.8077     5.4415     52.950    165.833    170.051    0.00082    7.19105   10.27673  313.18735   16.10571 1.9624e+00     1.2813     0.2624    93.6501 0.0000e+00
        455 108.658234    0.03150     1.8897    113.382     50.491  51698.766    32.1851     5.0989     50.000     5.0959    25.4337     3.8094     5.4441     52.977    165.911    170.130    0.00065    7.19076   10.27631  313.17401   16.10507 1.7670e+00     1.0232     0.2657    93.5748 0.0000e+00
        458 108.658243    0.03172     1.9029    114.172     51.492  51693.040    32.1809     5.1002     51.000     5.0950    25.4302     3.8105     5.4456     52.991    165.956    170.177    0.00053    7.19074   10.27629  313.17455   16.10512 1.6003e+00     0.9167     0.2691    93.4952 0.0000e+00
        460 108.658250    0.03190     1.9139    114.832     52.493  51696.591    32.1825     5.0986     52.000     5.0950    25.4317     3.8070     5.4405     52.941    165.801    170.017   -0.00000    7.19092   10.27655  313.18202   16.10547 1.4373e+00     0.9699     0.2745    93.3662 0.0000e+00
        463 108.658259    0.03209     1.9259    115.552     53.496  51705.620    32.1884     5.0996     53.000     5.0975    25.4363     3.8164     5.4540     53.075    166.211    170.439    0.00088    7.19048   10.27591  313.16091   16.10444 1.3011e+00     1.0332     0.2727    93.4103 0.0000e+00
