CTD-processing/allCTD/CNV/2017_12-14_t9_s04south_cast123_4141.cnv
* Sea-Bird SBE19plus Data File:
* FileName = C:\Users\Kim.Powell\Desktop\Not Processed\2017\2017_12-XX_4141\2017_12-14_TANSECT_STATION_cast123.hex
* Software Version 1.59
* Temperature SN =  4141
* Conductivity SN =  4141
* System UpLoad Time = Dec 18 2017 08:18:46
** 2017_12-14
** Station: 9-04south
** Start Time: 11:48
** Depth (m):97.5
** Comment: This cast was done on the other side of a convergence
** Comment:**CTD recorded date as April 18
# nquan = 27
# nvalues = 87                          
# units = specified
# name 0 = scan: Scan Count
# name 1 = timeJ: Julian Days
# name 2 = timeH: Time, Elapsed [hours]
# name 3 = timeM: Time, Elapsed [minutes]
# name 4 = timeS: Time, Elapsed [seconds]
# name 5 = prdM: Pressure, Strain Gauge [db]
# name 6 = specc: Specific Conductance [uS/cm]
# name 7 = sal00: Salinity, Practical [PSU]
# name 8 = tv290C: Temperature [ITS-90, deg C]
# name 9 = depSM: Depth [salt water, m], lat = 59.00
# name 10 = potemp090C: Potential Temperature [ITS-90, deg C]
# name 11 = sigma-é00: Density [sigma-theta, kg/m^3]
# name 12 = sbeox0ML/L: Oxygen, SBE 43 [ml/l]
# name 13 = sbeox0Mg/L: Oxygen, SBE 43 [mg/l]
# name 14 = sbeox0PS: Oxygen, SBE 43 [% saturation]
# name 15 = sbox0Mm/Kg: Oxygen, SBE 43 [umol/kg]
# name 16 = sbeox0Mm/L: Oxygen, SBE 43 [umol/l]
# name 17 = sbox0dV/dT: Oxygen, SBE 43 [dov/dt]
# name 18 = oxsolML/L: Oxygen Saturation, Garcia & Gordon [ml/l]
# name 19 = oxsolMg/L: Oxygen Saturation, Garcia & Gordon [mg/l]
# name 20 = oxsolMm/Kg: Oxygen Saturation, Garcia & Gordon [umol/kg]
# name 21 = n2satMg/L: Nitrogen Saturation [mg/l]
# name 22 = par: PAR/Irradiance, Biospherical/Licor
# name 23 = wetStar: Fluorescence, WET Labs WETstar [mg/m^3]
# name 24 = CStarAt0: Beam Attenuation, WET Labs C-Star [1/m]
# name 25 = CStarTr0: Beam Transmission, WET Labs C-Star [%]
# name 26 = flag: flag
# span 0 =        299,        718       
# span 1 = 108.492992, 108.494204       
# span 2 =    0.02070,    0.04980       
# span 3 =     1.2417,     2.9883       
# span 4 =     74.505,    179.297       
# span 5 =      1.021,     87.701       
# span 6 =  47053.898,  50120.153       
# span 7 =    28.9344,    31.4027       
# span 8 =     4.6174,     6.7457       
# span 9 =      1.000,     87.000       
# span 10 =     4.6764,     6.7335      
# span 11 =    22.9078,    24.6209      
# span 12 =     2.7793,     2.9389      
# span 13 =     3.9719,     4.2000      
# span 14 =     39.262,     41.183      
# span 15 =    121.153,    128.312      
# span 16 =    124.124,    131.251      
# span 17 =   -0.00173,    0.00275      
# span 18 =    6.95360,    7.43480      
# span 19 =    9.93741,   10.62508      
# span 20 =  303.08684,  324.60264      
# span 21 =   15.62767,   16.66217      
# span 22 = 3.6382e-02, 3.0424e+01      
# span 23 =     0.1924,     0.4015      
# span 24 =     0.5558,     3.0341      
# span 25 =    46.8480,    87.0276      
# span 26 = 0.0000e+00, 0.0000e+00      
# interval = meters: 1                  
# start_time = Apr 18 2017 11:48:40 [Instrument's time stamp, header]
# bad_flag = -9.990e-29
*END*
        299 108.492992    0.02070     1.2417     74.505      1.021  47053.898    28.9344     4.6174      1.000     4.6764    22.9078     2.9389     4.2000     39.529    128.312    131.251   -0.00011    7.43480   10.62508  324.60264   16.66217 3.0424e+01     0.3383     3.0341    46.8480 0.0000e+00
        304 108.493006    0.02104     1.2624     75.747      2.015  47960.833    29.5894     4.8146      2.000     4.9220    23.4073     2.9070     4.1544     39.460    126.857    129.826   -0.00065    7.36695   10.52812  321.48323   16.51112 1.4884e+01     0.3415     2.9166    48.2366 0.0000e+00
        310 108.493023    0.02143     1.2859     77.155      3.032  48486.313    30.0021     5.0863      3.000     5.1680    23.7064     2.8670     4.0973     39.282    125.078    128.043   -0.00173    7.29869   10.43056  318.41123   16.36329 7.8135e+00     0.3682     2.7137    50.7405 0.0000e+00
        315 108.493037    0.02179     1.3073     78.437      4.037  48978.761    30.3810     5.2993      4.000     5.3567    23.9835     2.8438     4.0641     39.262    124.030    127.004   -0.00122    7.24321   10.35127  315.90541   16.24247 4.9978e+00     0.3636     2.3518    55.5610 0.0000e+00
        320 108.493053    0.02217     1.3302     79.809      5.048  49094.230    30.4840     5.4215      5.000     5.4532    24.0516     2.8347     4.0511     39.277    123.625    126.598   -0.00060    7.21718   10.31408  314.74940   16.18702 3.2511e+00     0.3513     2.0876    59.3590 0.0000e+00
        325 108.493068    0.02253     1.3520     81.120      6.056  49169.005    30.5493     5.4945      6.000     5.5092    24.0952     2.8366     4.0538     39.390    123.704    126.685    0.00065    7.20150   10.29167  314.05217   16.15357 2.1844e+00     0.3531     1.8835    62.4470 0.0000e+00
        331 108.493084    0.02291     1.3744     82.467      7.067  49198.065    30.5746     5.5240      7.000     5.5338    24.1119     2.8345     4.0507     39.393    123.606    126.586    0.00037    7.19525   10.28273  313.77415   16.14023 1.5169e+00     0.4015     1.8318    63.2570 0.0000e+00
        336 108.493099    0.02327     1.3961     83.766      8.073  49407.114    30.7293     5.5830      8.000     5.6239    24.2276     2.8303     4.0447     39.431    123.410    126.399    0.00061    7.17778   10.25777  312.97707   16.10164 1.0570e+00     0.3745     1.7398    64.7424 0.0000e+00
        342 108.493116    0.02366     1.4198     85.188      9.087  49344.762    30.6994     5.6515      9.000     5.6450    24.1962     2.8256     4.0380     39.422    123.209    126.189    0.00017    7.16755   10.24316  312.54071   16.08098 7.6415e-01     0.3137     1.5951    67.1119 0.0000e+00
        347 108.493131    0.02402     1.4411     86.465     10.091  49370.092    30.7140     5.6399     10.000     5.6364    24.2091     2.8294     4.0435     39.468    123.374    126.361    0.00055    7.16882   10.24497  312.59208   16.08337 5.5503e-01     0.2997     1.6061    66.9292 0.0000e+00
        353 108.493147    0.02442     1.4651     87.908     11.108  49392.696    30.7274     5.6314     11.000     5.6326    24.2207     2.8334     4.0492     39.520    123.548    126.541    0.00063    7.16963   10.24611  312.62384   16.08483 4.0266e-01     0.3002     1.5534    67.8174 0.0000e+00
        358 108.493162    0.02477     1.4864     89.186     12.111  49489.118    30.7971     5.6507     12.000     5.6676    24.2735     2.8284     4.0421     39.486    123.323    126.317    0.00014    7.16303   10.23668  312.31963   16.07005 2.9837e-01     0.2982     1.5096    68.5658 0.0000e+00
        363 108.493178    0.02516     1.5097     90.581     13.124  49553.416    30.8500     5.6977     13.000     5.7105    24.3100     2.8265     4.0393     39.517    123.233    126.229    0.00021    7.15253   10.22167  311.85069   16.04751 2.2422e-01     0.3281     1.4352    69.8516 0.0000e+00
        369 108.493193    0.02553     1.5319     91.915     14.131  49639.222    30.9165     5.7384     14.000     5.7601    24.3580     2.8255     4.0380     39.560    123.189    126.189    0.00050    7.14249   10.20734  311.39864   16.02571 1.7264e-01     0.3223     1.2944    72.3624 0.0000e+00
        374 108.493209    0.02591     1.5546     93.275     15.143  49756.065    31.0132     5.8239     15.000     5.8693    24.4244     2.8185     4.0279     39.565    122.872    125.872    0.00037    7.12349   10.18018  310.54994   15.98489 1.3679e-01     0.2949     1.1288    75.4151 0.0000e+00
        380 108.493225    0.02630     1.5778     94.670     16.152  49719.206    31.0071     5.9265     16.000     5.9409    24.4077     2.8080     4.0129     39.513    122.418    125.406   -0.00019    7.10654   10.15596  309.81636   15.94997 1.1277e-01     0.3016     1.0052    77.7803 0.0000e+00
        385 108.493241    0.02667     1.5998     95.986     17.160  49714.426    31.0101     5.9617     17.000     5.9700    24.4059     2.8072     4.0117     39.535    122.382    125.369    0.00005    7.10053   10.14737  309.55480   15.93749 9.5289e-02     0.2918     0.9766    78.3352 0.0000e+00
        390 108.493256    0.02704     1.6227     97.365     18.172  49736.454    31.0295     5.9863     18.000     6.0087    24.4184     2.8096     4.0153     39.598    122.486    125.477    0.00048    7.09549   10.14017  309.33136   15.92678 8.1857e-02     0.2754     0.9695    78.4757 0.0000e+00
        396 108.493272    0.02742     1.6455     98.730     19.179  49797.582    31.0886     6.0777     19.000     6.1238    24.4542     2.8017     4.0039     39.585    122.135    125.122    0.00027    7.07750   10.11445  308.53614   15.88865 7.1227e-02     0.2829     0.9323    79.2095 0.0000e+00
        402 108.493289    0.02783     1.6694    100.165     20.193  49887.824    31.1841     6.2562     20.000     6.3158    24.5080     2.7856     3.9809     39.548    121.429    124.405   -0.00020    7.04347   10.06582  307.03657   15.81680 6.3335e-02     0.2796     0.8637    80.5802 0.0000e+00
        407 108.493304    0.02817     1.6905    101.430     21.195  49795.597    31.1367     6.3464     21.000     6.3505    24.4596     2.7811     3.9744     39.556    121.238    124.203    0.00003    7.03081   10.04773  306.49917   15.79139 5.7728e-02     0.2866     0.8030    81.8118 0.0000e+00
        412 108.493319    0.02855     1.7131    102.788     22.215  49785.665    31.1309     6.3547     22.000     6.3513    24.4541     2.7842     3.9789     39.606    121.375    124.344    0.00033    7.02972   10.04618  306.45339   15.78923 5.3330e-02     0.2622     0.7905    82.0673 0.0000e+00
        417 108.493332    0.02887     1.7320    103.919     23.216  49792.891    31.1350     6.3527     23.000     6.3518    24.4576     2.7896     3.9867     39.683    121.612    124.587    0.00078    7.02986   10.04637  306.45826   15.78945 4.9910e-02     0.2684     0.7873    82.1331 0.0000e+00
        422 108.493347    0.02922     1.7530    105.180     24.233  49806.581    31.1448     6.3570     24.000     6.3604    24.4648     2.7887     3.9853     39.675    121.567    124.541    0.00065    7.02869   10.04470  306.40510   15.78688 4.7144e-02     0.2752     0.7877    82.1263 0.0000e+00
        426 108.493359    0.02952     1.7712    106.274     25.236  49830.442    31.1645     6.3769     25.000     6.3833    24.4779     2.7827     3.9768     39.615    121.307    124.276   -0.00039    7.02449   10.03871  306.21843   15.77790 4.5070e-02     0.2660     0.7701    82.4890 0.0000e+00
        431 108.493373    0.02984     1.7907    107.443     26.246  49811.887    31.1529     6.3857     26.000     6.3839    24.4676     2.7874     3.9835     39.686    121.511    124.484    0.00041    7.02360   10.03743  306.18261   15.77624 4.3192e-02     0.2474     0.7591    82.7136 0.0000e+00
        436 108.493387    0.03018     1.8106    108.635     27.260  49819.732    31.1582     6.3875     27.000     6.3890    24.4716     2.7863     3.9819     39.674    121.465    124.438    0.00007    7.02306   10.03666  306.15778   15.77503 4.1814e-02     0.2610     0.7545    82.8113 0.0000e+00
        440 108.493400    0.03049     1.8290    109.740     28.265  49837.755    31.1728     6.4015     28.000     6.4068    24.4813     2.7857     3.9810     39.682    121.437    124.410    0.00008    7.02008   10.03240  306.02493   15.76864 4.0541e-02     0.2889     0.7343    83.2280 0.0000e+00
        444 108.493413    0.03079     1.8476    110.854     29.276  49846.017    31.1806     6.4160     29.000     6.4224    24.4858     2.7862     3.9817     39.704    121.456    124.431    0.00023    7.01736   10.02851  305.90500   15.76289 3.9821e-02     0.2528     0.7335    83.2459 0.0000e+00
        449 108.493425    0.03109     1.8654    111.926     30.284  49835.462    31.1763     6.4343     30.000     6.4329    24.4801     2.7828     3.9769     39.672    121.312    124.281   -0.00014    7.01454   10.02448  305.78386   15.75714 3.8991e-02     0.2651     0.7182    83.5653 0.0000e+00
        453 108.493439    0.03141     1.8846    113.078     31.297  49829.766    31.1716     6.4331     31.000     6.4297    24.4766     2.7853     3.9805     39.706    121.421    124.394    0.00006    7.01497   10.02510  305.80355   15.75809 3.8243e-02     0.2525     0.7148    83.6356 0.0000e+00
        457 108.493450    0.03170     1.9019    114.115     32.300  49831.987    31.1725     6.4322     32.000     6.4288    24.4775     2.7868     3.9826     39.726    121.484    124.458    0.00020    7.01507   10.02524  305.80777   15.75829 3.7643e-02     0.2694     0.7175    83.5802 0.0000e+00
        462 108.493464    0.03203     1.9218    115.309     33.318  49848.982    31.1840     6.4332     33.000     6.4376    24.4864     2.7863     3.9819     39.723    121.461    124.436    0.00011    7.01438   10.02425  305.77479   15.75668 3.7354e-02     0.2472     0.7101    83.7329 0.0000e+00
        466 108.493476    0.03232     1.9393    116.356     34.323  49918.085    31.2363     6.4604     34.000     6.4855    24.5243     2.7859     3.9813     39.756    121.441    124.419    0.00027    7.00751   10.01444  305.46422   15.74166 3.6943e-02     0.2560     0.7034    83.8749 0.0000e+00
        471 108.493489    0.03262     1.9573    117.435     35.331  49931.523    31.2561     6.5199     35.000     6.5360    24.5325     2.7798     3.9726     39.729    121.174    124.147   -0.00000    6.99687    9.99922  304.99777   15.71934 3.6761e-02     0.2657     0.6332    85.3610 0.0000e+00
        476 108.493503    0.03296     1.9774    118.647     36.348  49906.829    31.2447     6.5535     36.000     6.5512    24.5193     2.7803     3.9733     39.764    121.195    124.167    0.00030    6.99192    9.99215  304.78615   15.70930 3.6631e-02     0.2518     0.6123    85.8062 0.0000e+00
        480 108.493515    0.03324     1.9947    119.684     37.349  49917.775    31.2517     6.5532     37.000     6.5511    24.5249     2.7793     3.9719     39.752    121.153    124.124 2.5795e-07    6.99165    9.99177  304.77259   15.70863 3.6465e-02     0.2365     0.5974    86.1265 0.0000e+00
        485 108.493529    0.03358     2.0151    120.905     38.365  49923.897    31.2559     6.5555     38.000     6.5514    24.5279     2.7825     3.9765     39.802    121.294    124.268    0.00034    6.99107    9.99094  304.74644   15.70736 3.6427e-02     0.2618     0.5916    86.2527 0.0000e+00
        489 108.493542    0.03390     2.0340    122.041     39.371  49933.948    31.2620     6.5533     39.000     6.5493    24.5330     2.7845     3.9793     39.829    121.378    124.356    0.00047    6.99117    9.99107  304.74905   15.70746 3.6415e-02     0.2545     0.6029    86.0071 0.0000e+00
        494 108.493556    0.03423     2.0537    123.222     40.381  49941.398    31.2665     6.5520     40.000     6.5482    24.5367     2.7885     3.9850     39.885    121.550    124.533    0.00073    6.99116    9.99107  304.74795   15.70739 3.6382e-02     0.2506     0.6057    85.9479 0.0000e+00
        499 108.493570    0.03456     2.0741    124.444     41.393  49945.995    31.2690     6.5514     41.000     6.5482    24.5388     2.7926     3.9909     39.945    121.732    124.719    0.00090    6.99114    9.99104  304.74620   15.70729 3.6382e-02     0.2188     0.6078    85.9036 0.0000e+00
        503 108.493583    0.03488     2.0926    125.555     42.398  49958.246    31.2774     6.5531     42.000     6.5518    24.5452     2.7990     4.0001     40.041    122.011    125.005    0.00141    6.99048    9.99010  304.71569   15.70580 3.6382e-02     0.2233     0.6102    85.8520 0.0000e+00
        508 108.493597    0.03523     2.1134    126.804     43.412  49959.814    31.2788     6.5575     43.000     6.5544    24.5457     2.8065     4.0109     40.152    122.337    125.340    0.00172    6.98970    9.98899  304.68159   15.70418 3.6382e-02     0.2248     0.6080    85.8986 0.0000e+00
        513 108.493610    0.03553     2.1318    127.908     44.420  49965.737    31.2827     6.5592     44.000     6.5577    24.5487     2.8160     4.0243     40.290    122.748    125.762    0.00233    6.98925    9.98833  304.66086   15.70317 3.6382e-02     0.2448     0.6184    85.6758 0.0000e+00
        517 108.493623    0.03583     2.1499    128.996     45.426  49976.226    31.2907     6.5656     45.000     6.5658    24.5541     2.8234     4.0348     40.404    123.069    126.091    0.00246    6.98783    9.98631  304.59734   15.70011 3.6382e-02     0.2507     0.6187    85.6683 0.0000e+00
        522 108.493637    0.03617     2.1703    130.220     46.448  49984.344    31.2977     6.5759     46.000     6.5765    24.5584     2.8323     4.0477     40.545    123.462    126.494    0.00275    6.98582    9.98344  304.50866   15.69586 3.6382e-02     0.2539     0.6199    85.6446 0.0000e+00
        526 108.493648    0.03644     2.1865    131.191     47.443  49994.762    31.3061     6.5843     47.000     6.5854    24.5639     2.8358     4.0526     40.603    123.609    126.646    0.00239    6.98409    9.98096  304.43132   15.69213 3.6382e-02     0.2522     0.6221    85.5958 0.0000e+00
        531 108.493663    0.03680     2.2077    132.464     48.463  50001.784    31.3129     6.5979     48.000     6.5988    24.5676     2.8440     4.0643     40.735    123.965    127.010    0.00251    6.98156    9.97734  304.31991   15.68680 3.6382e-02     0.2342     0.6053    85.9557 0.0000e+00
        535 108.493676    0.03710     2.2259    133.557     49.469  50024.321    31.3307     6.6121     49.000     6.6185    24.5798     2.8488     4.0712     40.823    124.177    127.228    0.00241    6.97843    9.97288  304.18020   15.68006 3.6382e-02     0.2312     0.5983    86.1071 0.0000e+00
        540 108.493688    0.03741     2.2446    134.679     50.475  50017.024    31.3286     6.6314     50.000     6.6310    24.5758     2.8502     4.0732     40.860    124.235    127.288    0.00190    6.97539    9.96853  304.04867   15.67380 3.6382e-02     0.2620     0.5747    86.6168 0.0000e+00
        544 108.493702    0.03774     2.2645    135.872     51.491  50019.978    31.3315     6.6386     51.000     6.6374    24.5772     2.8510     4.0744     40.880    124.272    127.327    0.00124    6.97410    9.96669  303.99227   15.67110 3.6382e-02     0.2311     0.5755    86.5997 0.0000e+00
        549 108.493714    0.03804     2.2825    136.951     52.494  50020.712    31.3327     6.6449     52.000     6.6408    24.5773     2.8533     4.0776     40.919    124.369    127.426    0.00118    6.97302    9.96514  303.94502   15.66884 3.6382e-02     0.2352     0.5723    86.6690 0.0000e+00
        554 108.493730    0.03839     2.3037    138.224     53.514  50022.069    31.3329     6.6437     53.000     6.6383    24.5777     2.8542     4.0790     40.932    124.414    127.472    0.00067    6.97321    9.96542  303.95311   15.66923 3.6382e-02     0.2461     0.5797    86.5083 0.0000e+00
