CTD-processing/allCTD/CNV/2017_04-19_t7_s20_cast118_4141.cnv
* Sea-Bird SBE19plus Data File:
* FileName = P:\My Documents\kasitsna\Research-KBL\Oceanography-AK\CTD-Data-ALL-to-2017-02\2017-CTD-KachemakBay-CookInlet\2017-04-19-CookInlet-Tran7-Augustine\2017-04-19-CookInlet-Tran7-cast118.hex
* Software Version 1.59
* Temperature SN =  4141
* Conductivity SN =  4141
* System UpLoad Time = Apr 19 2017 16:47:38
** Cook Inlet LTM Transect 7 Augustine west to east
** Date: 2017-04-19
** Station: (eg. 9-01): 7-20
** Start time (AKDT): 15:06
** Depth (m): 88.7
** Comment: R/V Alaska Dreamcatcher
** Comment:
# nquan = 27
# nvalues = 81                          
# units = specified
# name 0 = scan: Scan Count
# name 1 = timeJ: Julian Days
# name 2 = timeH: Time, Elapsed [hours]
# name 3 = timeM: Time, Elapsed [minutes]
# name 4 = timeS: Time, Elapsed [seconds]
# name 5 = prdM: Pressure, Strain Gauge [db]
# name 6 = specc: Specific Conductance [uS/cm]
# name 7 = sal00: Salinity, Practical [PSU]
# name 8 = tv290C: Temperature [ITS-90, deg C]
# name 9 = depSM: Depth [salt water, m], lat = 59.00
# name 10 = potemp090C: Potential Temperature [ITS-90, deg C]
# name 11 = sigma-é00: Density [sigma-theta, kg/m^3]
# name 12 = sbeox0ML/L: Oxygen, SBE 43 [ml/l]
# name 13 = sbeox0Mg/L: Oxygen, SBE 43 [mg/l]
# name 14 = sbeox0PS: Oxygen, SBE 43 [% saturation]
# name 15 = sbox0Mm/Kg: Oxygen, SBE 43 [umol/kg]
# name 16 = sbeox0Mm/L: Oxygen, SBE 43 [umol/l]
# name 17 = sbox0dV/dT: Oxygen, SBE 43 [dov/dt]
# name 18 = oxsolML/L: Oxygen Saturation, Garcia & Gordon [ml/l]
# name 19 = oxsolMg/L: Oxygen Saturation, Garcia & Gordon [mg/l]
# name 20 = oxsolMm/Kg: Oxygen Saturation, Garcia & Gordon [umol/kg]
# name 21 = n2satMg/L: Nitrogen Saturation [mg/l]
# name 22 = par: PAR/Irradiance, Biospherical/Licor
# name 23 = wetStar: Fluorescence, WET Labs WETstar [mg/m^3]
# name 24 = CStarAt0: Beam Attenuation, WET Labs C-Star [1/m]
# name 25 = CStarTr0: Beam Transmission, WET Labs C-Star [%]
# name 26 = flag: flag
# span 0 =         82,        591       
# span 1 = 109.629933, 109.631406       
# span 2 =    0.00561,    0.04096       
# span 3 =     0.3367,     2.4577       
# span 4 =     20.204,    147.460       
# span 5 =      1.012,     81.771       
# span 6 =  51156.927,  51635.514       
# span 7 =    31.9820,    32.1296       
# span 8 =     4.9444,     6.0834       
# span 9 =      1.000,     81.000       
# span 10 =     4.9424,     6.0361      
# span 11 =    25.1925,    25.3782      
# span 12 =     3.2603,     3.6688      
# span 13 =     4.6592,     5.2430      
# span 14 =     46.037,     50.822      
# span 15 =    142.025,    159.790      
# span 16 =    145.604,    163.846      
# span 17 =   -0.00104,    0.00366      
# span 18 =    7.02792,    7.22262      
# span 19 =   10.04360,   10.32184      
# span 20 =  306.12934,  314.58288      
# span 21 =   15.76970,   16.17259      
# span 22 = 9.0830e-02, 2.9846e+02      
# span 23 =     0.2043,     1.3994      
# span 24 =     0.2655,     0.9953      
# span 25 =    78.8588,    93.5771      
# span 26 = 0.0000e+00, 0.0000e+00      
# interval = meters: 1                  
# start_time = Apr 19 2017 15:06:46 [Instrument's time stamp, header]
# bad_flag = -9.990e-29
*END*
[from data line 54]
        481 109.631087    0.03331     1.9987    119.924     55.526  51612.042    32.0915     4.9567     55.000     4.9525    25.3752     3.6265     5.1827     50.231    157.953    161.961    0.00039    7.21976   10.31775  314.45498   16.16644 1.0705e+00     0.8341     0.2725    93.4142 0.0000e+00
        485 109.631099    0.03360     2.0162    120.974     56.538  51614.379    32.0927     4.9567     56.000     4.9530    25.3761     3.6317     5.1901     50.303    158.179    162.193    0.00080    7.21970   10.31767  314.45216   16.16630 9.6574e-01     0.8979     0.2726    93.4126 0.0000e+00
        489 109.631111    0.03389     2.0331    121.988     57.546  51616.979    32.0942     4.9576     57.000     4.9538    25.3771     3.6341     5.1935     50.337    158.283    162.300    0.00091    7.21948   10.31736  314.44241   16.16583 8.7710e-01     0.9089     0.2695    93.4857 0.0000e+00
        493 109.631123    0.03416     2.0496    122.977     58.554  51617.661    32.0943     4.9583     58.000     4.9543    25.3772     3.6351     5.1948     50.351    158.324    162.342    0.00063    7.21934   10.31716  314.43602   16.16552 7.8604e-01     0.8535     0.2766    93.3173 0.0000e+00
        497 109.631134    0.03445     2.0672    124.034     59.565  51619.183    32.0950     4.9589     59.000     4.9549    25.3777     3.6397     5.2016     50.418    158.529    162.551    0.00091    7.21920   10.31696  314.43015   16.16524 7.0652e-01     0.8298     0.2706    93.4591 0.0000e+00
        502 109.631148    0.03477     2.0863    125.178     60.575  51618.753    32.0943     4.9593     60.000     4.9549    25.3771     3.6410     5.2034     50.435    158.584    162.608    0.00071    7.21918   10.31692  314.42910   16.16520 6.3708e-01     0.8778     0.2702    93.4687 0.0000e+00
        506 109.631161    0.03510     2.1058    126.351     61.586  51619.726    32.0944     4.9593     61.000     4.9548    25.3772     3.6412     5.2037     50.439    158.594    162.619    0.00051    7.21917   10.31692  314.42859   16.16517 5.7297e-01     0.7540     0.2710    93.4516 0.0000e+00
        511 109.631174    0.03540     2.1241    127.443     62.598  51620.298    32.0943     4.9592     62.000     4.9548    25.3772     3.6445     5.2083     50.484    158.734    162.762    0.00049    7.21917   10.31692  314.42903   16.16519 5.1887e-01     0.7980     0.2705    93.4595 0.0000e+00
        515 109.631185    0.03567     2.1403    128.422     63.603  51620.529    32.0940     4.9593     63.000     4.9547    25.3769     3.6438     5.2074     50.474    158.706    162.734    0.00039    7.21918   10.31693  314.42933   16.16521 4.7236e-01     0.9409     0.2712    93.4461 0.0000e+00
        519 109.631197    0.03595     2.1570    129.418     64.614  51622.591    32.0949     4.9594     64.000     4.9550    25.3776     3.6392     5.2008     50.411    158.504    162.528   -0.00033    7.21913   10.31685  314.42663   16.16508 4.2826e-01     1.3407     0.2731    93.3993 0.0000e+00
        523 109.631209    0.03623     2.1738    130.426     65.624  51622.738    32.0946     4.9599     65.000     4.9552    25.3774     3.6476     5.2128     50.527    158.869    162.900    0.00039    7.21905   10.31674  314.42341   16.16492 3.8883e-01     0.8444     0.2680    93.5200 0.0000e+00
        527 109.631220    0.03651     2.1905    131.429     66.633  51624.213    32.0951     4.9601     66.000     4.9553    25.3778     3.6480     5.2134     50.533    158.888    162.920    0.00067    7.21898   10.31665  314.42066   16.16479 3.5224e-01     0.9304     0.2740    93.3790 0.0000e+00
        531 109.631232    0.03679     2.2076    132.454     67.643  51624.322    32.0948     4.9601     67.000     4.9552    25.3775     3.6471     5.2121     50.521    158.848    162.878    0.00006    7.21900   10.31667  314.42118   16.16482 3.1688e-01     0.9602     0.2679    93.5235 0.0000e+00
        535 109.631244    0.03708     2.2253    133.518     68.651  51625.684    32.0952     4.9602     68.000     4.9553    25.3778     3.6544     5.2226     50.623    159.168    163.207    0.00086    7.21897   10.31662  314.41970   16.16475 2.8614e-01     1.0080     0.2734    93.3940 0.0000e+00
        540 109.631258    0.03742     2.2450    134.700     69.662  51626.581    32.0953     4.9604     69.000     4.9554    25.3779     3.6574     5.2268     50.665    159.299    163.341    0.00095    7.21893   10.31657  314.41809   16.16467 2.5834e-01     0.8986     0.2719    93.4291 0.0000e+00
        545 109.631272    0.03776     2.2652    135.913     70.676  51627.313    32.0954     4.9605     70.000     4.9554    25.3780     3.6522     5.2195     50.592    159.072    163.108   -0.00013    7.21891   10.31654  314.41716   16.16463 2.3396e-01     0.9457     0.2708    93.4553 0.0000e+00
        549 109.631285    0.03805     2.2832    136.991     71.685  51627.414    32.0950     4.9605     71.000     4.9553    25.3777     3.6581     5.2277     50.673    159.326    163.370    0.00050    7.21892   10.31656  314.41786   16.16466 2.1182e-01     0.8368     0.2730    93.4018 0.0000e+00
        553 109.631295    0.03831     2.2986    137.918     72.692  51628.796    32.0955     4.9606     72.000     4.9553    25.3780     3.6577     5.2272     50.668    159.309    163.352    0.00033    7.21889   10.31651  314.41625   16.16458 1.9444e-01     0.8429     0.2753    93.3500 0.0000e+00
        556 109.631306    0.03857     2.3144    138.867     73.700  51629.761    32.0956     4.9606     73.000     4.9554    25.3781     3.6514     5.2181     50.580    159.032    163.068   -0.00052    7.21887   10.31649  314.41547   16.16454 1.7635e-01     0.9038     0.2751    93.3543 0.0000e+00
        561 109.631318    0.03887     2.3319    139.914     74.710  51630.147    32.0954     4.9608     74.000     4.9556    25.3779     3.6584     5.2282     50.678    159.339    163.383    0.00019    7.21884   10.31645  314.41438   16.16450 1.6287e-01     0.8086     0.2725    93.4139 0.0000e+00
        565 109.631332    0.03918     2.3508    141.047     75.723  51629.937    32.0948     4.9610     75.000     4.9555    25.3775     3.6602     5.2309     50.704    159.420    163.466    0.00036    7.21884   10.31645  314.41439   16.16450 1.4820e-01     0.9086     0.2699    93.4772 0.0000e+00
        570 109.631344    0.03948     2.3690    142.141     76.732  51631.367    32.0953     4.9609     76.000     4.9555    25.3778     3.6688     5.2430     50.822    159.790    163.846    0.00124    7.21883   10.31644  314.41400   16.16448 1.3567e-01     0.8522     0.2740    93.3789 0.0000e+00
        574 109.631356    0.03977     2.3865    143.188     77.742  51632.029    32.0952     4.9611     77.000     4.9554    25.3778     3.6595     5.2298     50.694    159.388    163.434   -0.00015    7.21881   10.31640  314.41304   16.16443 1.2507e-01     0.6783     0.2655    93.5771 0.0000e+00
        578 109.631368    0.04006     2.4033    144.201     78.751  51633.128    32.0955     4.9610     78.000     4.9554    25.3780     3.6630     5.2348     50.743    159.540    163.590   -0.00006    7.21880   10.31639  314.41269   16.16441 1.1426e-01     0.8378     0.2736    93.3893 0.0000e+00
        582 109.631379    0.04033     2.4199    145.195     79.758  51633.022    32.0950     4.9612     79.000     4.9554    25.3776     3.6556     5.2242     50.640    159.218    163.258   -0.00062    7.21881   10.31640  314.41293   16.16443 1.0661e-01     0.9414     0.2720    93.4283 0.0000e+00
        586 109.631392    0.04064     2.4382    146.291     80.769  51634.043    32.0952     4.9611     80.000     4.9553    25.3777     3.6626     5.2343     50.738    159.525    163.573    0.00015    7.21881   10.31640  314.41290   16.16442 9.7882e-02     0.7757     0.2698    93.4767 0.0000e+00
        591 109.631406    0.04096     2.4577    147.460     81.771  51635.514    32.0957     4.9612     81.000     4.9554    25.3782     3.6642     5.2365     50.760    159.594    163.644    0.00020    7.21877   10.31634  314.41110   16.16433 9.0830e-02     0.8912     0.2697    93.4814 0.0000e+00
