CTD-processing/allCTD/CNV/2017_06-28_t9_s03_cast187_4141.cnv
* Sea-Bird SBE19plus Data File:
* FileName = C:\Users\Kim.Powell\Desktop\2017_06-28_4141\T9\2017_06-28_T9_cast187.hex
* Software Version 1.59
* Temperature SN =  4141
* Conductivity SN =  4141
* System UpLoad Time = Jul 21 2017 10:46:08
** CookInlet LTM Transect 9
** 2017_06-28
** Station: 9-03
** Start Time: 11:46
** Depth: 87m
** Comment: Barnacle
** Comment:
# nquan = 27
# nvalues = 84                          
# units = specified
# name 0 = scan: Scan Count
# name 1 = timeJ: Julian Days
# name 2 = timeH: Time, Elapsed [hours]
# name 3 = timeM: Time, Elapsed [minutes]
# name 4 = timeS: Time, Elapsed [seconds]
# name 5 = prdM: Pressure, Strain Gauge [db]
# name 6 = specc: Specific Conductance [uS/cm]
# name 7 = sal00: Salinity, Practical [PSU]
# name 8 = tv290C: Temperature [ITS-90, deg C]
# name 9 = depSM: Depth [salt water, m], lat = 59.00
# name 10 = potemp090C: Potential Temperature [ITS-90, deg C]
# name 11 = sigma-é00: Density [sigma-theta, kg/m^3]
# name 12 = sbeox0ML/L: Oxygen, SBE 43 [ml/l]
# name 13 = sbeox0Mg/L: Oxygen, SBE 43 [mg/l]
# name 14 = sbeox0PS: Oxygen, SBE 43 [% saturation]
# name 15 = sbox0Mm/Kg: Oxygen, SBE 43 [umol/kg]
# name 16 = sbeox0Mm/L: Oxygen, SBE 43 [umol/l]
# name 17 = sbox0dV/dT: Oxygen, SBE 43 [dov/dt]
# name 18 = oxsolML/L: Oxygen Saturation, Garcia & Gordon [ml/l]
# name 19 = oxsolMg/L: Oxygen Saturation, Garcia & Gordon [mg/l]
# name 20 = oxsolMm/Kg: Oxygen Saturation, Garcia & Gordon [umol/kg]
# name 21 = n2satMg/L: Nitrogen Saturation [mg/l]
# name 22 = par: PAR/Irradiance, Biospherical/Licor
# name 23 = wetStar: Fluorescence, WET Labs WETstar [mg/m^3]
# name 24 = CStarAt0: Beam Attenuation, WET Labs C-Star [1/m]
# name 25 = CStarTr0: Beam Transmission, WET Labs C-Star [%]
# name 26 = flag: flag
# span 0 =        118,        694       
# span 1 = 179.491750, 179.493417       
# span 2 =    0.00810,    0.04812       
# span 3 =     0.4863,     2.8873       
# span 4 =     29.177,    173.240       
# span 5 =      1.011,     84.804       
# span 6 =  45470.099,  50721.205       
# span 7 =    28.7455,    31.7752       
# span 8 =     6.4918,    10.6703       
# span 9 =      1.000,     84.000       
# span 10 =     6.4849,    10.6647      
# span 11 =    21.9702,    24.9457      
# span 12 =     2.7359,     3.0720      
# span 13 =     3.9099,     4.3902      
# span 14 =     42.211,     44.029      
# span 15 =    119.559,    133.858      
# span 16 =    122.186,    137.197      
# span 17 =   -0.00081,    0.00132      
# span 18 =    6.47370,    6.97749      
# span 19 =    9.25156,    9.97154      
# span 20 =  282.88266,  304.03067      
# span 21 =   14.67321,   15.67112      
# span 22 = 4.7749e-02, 2.9777e+02      
# span 23 =     0.4466,     1.9528      
# span 24 =     1.2203,     2.4243      
# span 25 =    54.5496,    73.7095      
# span 26 = 0.0000e+00, 0.0000e+00      
# interval = meters: 1                  
# start_time = Jun 28 2017 11:47:38 [Instrument's time stamp, header]
# bad_flag = -9.990e-29
*END*
        118 179.491750    0.00810     0.4863     29.177      1.011  45470.099    28.7455    10.6393      1.000    10.6647    21.9702     2.7359     3.9099     42.211    119.559    122.186    0.00019    6.48168    9.26296  283.24833   14.69106 2.9777e+02     0.6562     1.4138    70.2529 0.0000e+00
        340 179.492392    0.02352     1.4110     84.663      2.026  45590.525    28.8332    10.6703      2.000    10.6348    22.0333     2.7501     3.9303     42.482    120.175    122.823    0.00110    6.47370    9.25156  282.88266   14.67321 1.9688e+02     1.2176     1.4110    70.2736 0.0000e+00
        333 179.492374    0.02309     1.3851     83.108      3.026  45748.535    28.9352    10.5934      3.000    10.5577    22.1253     2.7495     3.9293     42.427    120.134    122.792    0.00037    6.48034    9.26105  283.14722   14.68545 1.2912e+02     1.2520     1.3768    70.8783 0.0000e+00
        339 179.492389    0.02344     1.4068     84.407      4.040  46082.317    29.1472    10.4000      4.000    10.2975    22.3219     2.7625     3.9479     42.507    120.679    123.373    0.00060    6.49895    9.28765  283.90558   14.72086 8.7945e+01     1.4302     1.3457    71.4320 0.0000e+00
        343 179.492403    0.02378     1.4268     85.606      5.040  46304.866    29.2820    10.2156      5.000    10.1601    22.4567     2.7732     3.9632     42.538    121.134    123.854    0.00067    6.51955    9.31709  284.76820   14.76158 6.2936e+01     1.7255     1.3151    71.9819 0.0000e+00
        349 179.492418    0.02414     1.4485     86.908      6.058  46515.906    29.3986     9.9523      6.000     9.7952    22.5896     2.7884     3.9849     42.555    121.780    124.531    0.00022    6.55248    9.36415  286.16933   14.82811 4.5710e+01     1.8828     1.4022    70.4454 0.0000e+00
        354 179.492434    0.02452     1.4715     88.291      7.063  46973.798    29.6770     9.6077      7.000     9.5411    22.8608     2.8099     4.0156     42.634    122.685    125.490    0.00074    6.59068    9.41874  287.76115   14.90307 3.2445e+01     1.9528     1.3997    70.4748 0.0000e+00
        361 179.492455    0.02502     1.5011     90.068      8.083  47194.235    29.8098     9.4400      8.000     9.4082    22.9906     2.8102     4.0161     42.517    122.681    125.503   -0.00081    6.60953    9.44568  288.54772   14.94013 2.2532e+01     1.8488     1.3831    70.7664 0.0000e+00
        366 179.492468    0.02535     1.5211     91.265      9.080  47320.348    29.8816     9.3148      9.000     9.1627    23.0657     2.8184     4.0279     42.544    123.034    125.873   -0.00056    6.62488    9.46761  289.19660   14.97084 1.5612e+01     1.7778     1.3729    70.9488 0.0000e+00
        371 179.492484    0.02572     1.5433     92.597     10.101  47740.547    30.1060     8.7988     10.000     8.5804    23.3187     2.8480     4.0700     42.558    124.290    127.189   -0.00025    6.69192    9.56342  292.05089   15.10629 1.0917e+01     1.7967     1.5694    67.5603 0.0000e+00
        376 179.492497    0.02604     1.5622     93.733     11.100  48217.874    30.3787     8.3755     11.000     8.2691    23.5938     2.8749     4.1086     42.629    125.436    128.395    0.00006    6.74402    9.63787  294.24523   15.20998 7.2500e+00     1.6601     1.7854    64.0000 0.0000e+00
        381 179.492512    0.02639     1.5832     94.991     12.121  48496.053    30.5415     8.1655     12.000     8.1179    23.7513     2.8868     4.1255     42.648    125.932    128.923    0.00025    6.76891    9.67344  295.28584   15.25898 4.5242e+00     1.6893     1.8157    63.5132 0.0000e+00
        385 179.492524    0.02670     1.6019     96.113     13.122  48656.706    30.6392     8.0740     13.000     8.0263    23.8409     2.8887     4.1283     42.616    126.007    129.011   -0.00030    6.77866    9.68739  295.68566   15.27767 2.9598e+00     1.4981     1.7956    63.8360 0.0000e+00
        390 179.492538    0.02701     1.6209     97.251     14.135  48883.195    30.7792     7.9602     14.000     7.8915    23.9667     2.8921     4.1331     42.594    126.139    129.162   -0.00058    6.78999    9.70359  296.14356   15.29895 1.8960e+00     1.5402     1.7034    65.3213 0.0000e+00
        394 179.492549    0.02730     1.6378     98.271     15.139  49273.874    31.0213     7.7693     15.000     7.6524    24.1831     2.9068     4.1541     42.692    126.752    129.817    0.00032    6.80882    9.73048  296.90162   15.33414 1.2891e+00     1.4931     1.4875    68.9634 0.0000e+00
        399 179.492563    0.02762     1.6574     99.444     16.153  49647.032    31.2433     7.5356     16.000     7.4738    24.3896     2.9164     4.1679     42.667    127.147    130.248   -0.00005    6.83530    9.76833  297.99651   15.38549 8.9835e-01     1.5498     1.3735    70.9374 0.0000e+00
        403 179.492576    0.02793     1.6758    100.549     17.158  49803.290    31.3328     7.4217     17.000     7.3846    24.4755     2.9327     4.1911     42.818    127.845    130.974    0.00099    6.84913    9.78809  298.57444   15.41270 6.5371e-01     1.5862     1.4465    69.6756 0.0000e+00
        408 179.492591    0.02829     1.6977    101.860     18.168  49884.065    31.3789     7.3635     18.000     7.3536    24.5195     2.9302     4.1875     42.737    127.730    130.862    0.00002    6.85621    9.79821  298.87001   15.42660 4.8260e-01     1.2763     1.2203    73.7095 0.0000e+00
        415 179.492610    0.02876     1.7254    103.527     19.183  49955.481    31.4169     7.2965     19.000     7.2678    24.5584     2.9326     4.1911     42.719    127.832    130.972   -0.00029    6.86504    9.81084  299.24394   15.44429 3.5226e-01     1.3167     1.2839    72.5959 0.0000e+00
        421 179.492628    0.02920     1.7516    105.095     20.193  50032.785    31.4604     7.2381     20.000     7.2301    24.6004     2.9398     4.2013     42.777    128.139    131.291    0.00025    6.87230    9.82120  299.54768   15.45860 2.5809e-01     1.3192     1.5147    68.4706 0.0000e+00
        426 179.492642    0.02950     1.7705    106.230     21.200  50047.619    31.4681     7.2259     21.000     7.2131    24.6081     2.9439     4.2071     42.827    128.317    131.475    0.00057    6.87388    9.82347  299.61472   15.46177 1.9199e-01     1.0950     1.5735    67.4769 0.0000e+00
        431 179.492655    0.02983     1.7900    107.401     22.206  50079.881    31.4833     7.1863     22.000     7.1663    24.6254     2.9474     4.2121     42.844    128.468    131.631    0.00043    6.87945    9.83142  299.85215   15.47304 1.5055e-01     1.0935     1.5162    68.4522 0.0000e+00
        436 179.492672    0.03023     1.8139    108.834     23.218  50125.479    31.5080     7.1477     23.000     7.1343    24.6498     2.9496     4.2152     42.844    128.559    131.728    0.00021    6.88446    9.83858  300.06348   15.48302 1.1891e-01     1.0492     1.5103    68.5530 0.0000e+00
        442 179.492688    0.03062     1.8371    110.228     24.226  50165.959    31.5304     7.1173     24.000     7.1049    24.6715     2.9520     4.2187     42.856    128.662    131.837    0.00017    6.88825    9.84400  300.22224   15.49050 9.6638e-02     1.0123     1.4815    69.0480 0.0000e+00
        448 179.492705    0.03104     1.8623    111.739     25.240  50215.369    31.5591     7.0873     25.000     7.0789    24.6981     2.9549     4.2228     42.876    128.784    131.965    0.00018    6.89172    9.84896  300.36571   15.49722 8.1919e-02     0.9786     1.4184    70.1684 0.0000e+00
        453 179.492721    0.03142     1.8851    113.108     26.249  50229.644    31.5655     7.0697     26.000     7.0547    24.7055     2.9596     4.2296     42.929    128.990    132.177    0.00038    6.89422    9.85253  300.47261   15.50231 7.1310e-02     0.8996     1.6298    66.5404 0.0000e+00
        458 179.492734    0.03173     1.9035    114.209     27.252  50259.432    31.5805     7.0394     27.000     7.0163    24.7212     2.9686     4.2424     43.033    129.379    132.577    0.00132    6.89836    9.85845  300.64841   15.51062 6.4846e-02     0.8758     1.6419    66.3360 0.0000e+00
        463 179.492750    0.03209     1.9259    115.554     28.271  50319.933    31.6133     6.9892     28.000     6.9813    24.7537     2.9629     4.2342     42.910    129.125    132.322   -0.00041    6.90486    9.86774  300.92224   15.52355 6.0016e-02     0.8896     1.6526    66.1577 0.0000e+00
        468 179.492763    0.03242     1.9451    116.705     29.272  50327.045    31.6165     6.9823     29.000     6.9735    24.7572     2.9671     4.2403     42.965    129.309    132.510   -0.00004    6.90582    9.86911  300.96318   15.52549 5.6726e-02     0.9155     1.6629    65.9862 0.0000e+00
        473 179.492778    0.03278     1.9666    117.999     30.290  50346.547    31.6263     6.9631     30.000     6.9561    24.7674     2.9735     4.2494     43.042    129.587    132.796    0.00076    6.90844    9.87285  301.07401   15.53073 5.4172e-02     0.9407     1.6563    66.0958 0.0000e+00
        477 179.492790    0.03308     1.9850    119.097     31.301  50346.529    31.6239     6.9521     31.000     6.9281    24.7669     2.9753     4.2521     43.057    129.667    132.878    0.00049    6.91030    9.87550  301.15520   15.53462 5.2770e-02     0.8990     1.6611    66.0169 0.0000e+00
        481 179.492801    0.03332     1.9997    119.979     32.306  50383.527    31.6408     6.9051     32.000     6.8780    24.7864     2.9825     4.2623     43.119    129.978    133.200    0.00083    6.91704    9.88514  301.44341   15.54829 5.1286e-02     0.8333     1.8010    63.7516 0.0000e+00
        484 179.492811    0.03357     2.0142    120.850     33.309  50428.989    31.6662     6.8732     33.000     6.8648    24.8105     2.9861     4.2675     43.146    130.132    133.361    0.00083    6.92098    9.89078  301.60801   15.55604 5.0378e-02     0.8678     1.8207    63.4342 0.0000e+00
        488 179.492822    0.03385     2.0308    121.850     34.323  50439.751    31.6719     6.8655     34.000     6.8622    24.8160     2.9850     4.2657     43.123    130.079    133.307    0.00037    6.92198    9.89219  301.64975   15.55801 4.9883e-02     0.8078     1.7980    63.7946 0.0000e+00
        492 179.492834    0.03413     2.0475    122.850     35.333  50440.987    31.6724     6.8664     35.000     6.8642    24.8163     2.9863     4.2678     43.144    130.139    133.369    0.00023    6.92180    9.89194  301.64194   15.55763 4.9545e-02     0.8665     1.8030    63.7151 0.0000e+00
        497 179.492846    0.03443     2.0656    123.938     36.343  50437.211    31.6688     6.8636     36.000     6.8547    24.8138     2.9874     4.2692     43.155    130.185    133.416    0.00029    6.92240    9.89280  301.66885   15.55894 4.9085e-02     0.8021     1.7839    64.0218 0.0000e+00
        501 179.492859    0.03473     2.0837    125.022     37.359  50439.429    31.6673     6.8493     37.000     6.8308    24.8145     2.9914     4.2749     43.198    130.357    133.592    0.00042    6.92476    9.89617  301.77134   15.56383 4.8687e-02     0.7899     1.8538    62.9176 0.0000e+00
        504 179.492869    0.03496     2.0979    125.875     38.361  50461.795    31.6775     6.8225     38.000     6.8096    24.8261     2.9952     4.2804     43.229    130.523    133.764    0.00063    6.92859    9.90165  301.93504   15.57159 4.8707e-02     0.7653     1.9773    60.9980 0.0000e+00
        508 179.492879    0.03521     2.1127    126.764     39.368  50480.114    31.6876     6.8101     39.000     6.8021    24.8356     3.0019     4.2899     43.315    130.812    134.062    0.00103    6.93012    9.90383  301.99869   15.57458 4.8563e-02     0.6815     1.9474    61.4563 0.0000e+00
        512 179.492891    0.03549     2.1289    127.733     40.381  50470.458    31.6767     6.7895     40.000     6.7686    24.8297     3.0016     4.2896     43.289    130.806    134.054    0.00068    6.93393    9.90928  302.16670   15.58264 4.8397e-02     0.7143     1.9973    60.6953 0.0000e+00
        516 179.492901    0.03575     2.1450    128.700     41.391  50504.924    31.6964     6.7686     41.000     6.7631    24.8479     3.0039     4.2928     43.306    130.900    134.153    0.00031    6.93638    9.91278  302.26799   15.58739 4.8041e-02     0.7657     2.0487    59.9190 0.0000e+00
        520 179.492913    0.03601     2.1609    129.656     42.401  50498.280    31.6899     6.7607     42.000     6.7452    24.8438     3.0088     4.2999     43.367    131.115    134.372    0.00086    6.93795    9.91503  302.33785   15.59075 4.7796e-02     0.7329     2.0758    59.5160 0.0000e+00
        523 179.492924    0.03628     2.1768    130.609     43.410  50517.200    31.6988     6.7402     43.000     6.7304    24.8535     3.0084     4.2992     43.342    131.093    134.352    0.00025    6.94084    9.91915  302.46070   15.59657 4.8500e-02     0.6490     2.0789    59.4681 0.0000e+00
        527 179.492935    0.03655     2.1926    131.555     44.422  50523.103    31.7001     6.7269     44.000     6.7127    24.8561     3.0151     4.3089     43.428    131.390    134.657    0.00079    6.94291    9.92212  302.55030   15.60084 4.8329e-02     0.6479     2.1098    59.0126 0.0000e+00
        531 179.492945    0.03679     2.2076    132.456     45.427  50537.903    31.7064     6.7075     45.000     6.6956    24.8636     3.0184     4.3137     43.457    131.533    134.804    0.00098    6.94576    9.92618  302.67213   15.60662 4.8216e-02     0.6957     2.2065    57.6034 0.0000e+00
        535 179.492956    0.03705     2.2232    133.390     46.442  50552.911    31.7142     6.6959     46.000     6.6905    24.8713     3.0169     4.3116     43.427    131.468    134.737    0.00027    6.94726    9.92833  302.73523   15.60960 4.8140e-02     0.6604     2.2140    57.4935 0.0000e+00
        538 179.492967    0.03731     2.2385    134.313     47.445  50556.356    31.7158     6.6944     47.000     6.6903    24.8728     3.0206     4.3166     43.477    131.624    134.898    0.00049    6.94744    9.92858  302.74240   15.60993 4.8422e-02     0.6133     2.2246    57.3423 0.0000e+00
        542 179.492978    0.03759     2.2556    135.335     48.457  50558.214    31.7165     6.6937     48.000     6.6880    24.8735     3.0210     4.3173     43.483    131.643    134.917    0.00051    6.94753    9.92872  302.74627   15.61012 4.8153e-02     0.6013     2.1800    57.9855 0.0000e+00
        547 179.492991    0.03789     2.2731    136.383     49.471  50562.178    31.7182     6.6905     49.000     6.6858    24.8752     3.0217     4.3183     43.490    131.674    134.949    0.00012    6.94796    9.92933  302.76450   15.61098 4.8284e-02     0.5894     2.1922    57.8081 0.0000e+00
        550 179.493002    0.03816     2.2895    137.372     50.476  50563.125    31.7182     6.6897     50.000     6.6836    24.8753     3.0272     4.3262     43.569    131.913    135.195    0.00083    6.94809    9.92951  302.77020   15.61125 4.8252e-02     0.7204     2.2030    57.6523 0.0000e+00
        555 179.493014    0.03845     2.3074    138.446     51.490  50567.145    31.7198     6.6854     51.000     6.6792    24.8771     3.0281     4.3275     43.578    131.953    135.235    0.00063    6.94870    9.93039  302.79644   15.61250 4.7749e-02     0.6091     2.1855    57.9063 0.0000e+00
        559 179.493027    0.03874     2.3247    139.482     52.493  50570.514    31.7210     6.6817     52.000     6.6741    24.8785     3.0295     4.3294     43.594    132.012    135.296    0.00052    6.94925    9.93116  302.81946   15.61359 4.7991e-02     0.6413     2.2351    57.1909 0.0000e+00
        563 179.493039    0.03906     2.3433    140.601     53.511  50578.603    31.7247     6.6738     53.000     6.6666    24.8825     3.0272     4.3261     43.554    131.911    135.193   -0.00006    6.95035    9.93274  302.86644   15.61581 4.8087e-02     0.6265     2.2431    57.0781 0.0000e+00
