CTD-processing/allCTD/CNV/2017_04-20_alongbay_skb03_cast150_4141.cnv
* Sea-Bird SBE19plus Data File:
* FileName = P:\My Documents\kasitsna\Research-KBL\Oceanography-AK\CTD-Data-ALL-to-2017-02\2017-CTD-KachemakBay-CookInlet\2017-04-20-CookInlet-AlongKachemakBay\2017-04-20-CookInlet-AlongKachemakBay-cast150.hex
* Software Version 1.59
* Temperature SN =  4141
* Conductivity SN =  4141
* System UpLoad Time = Apr 24 2017 17:21:53
** Cook Inlet Along Kachemak Bay Line west to east
** Date: 2017-04-20
** Station: (eg. 9-01): KB03
** Start time (AKDT): 18:15
** Depth (m): 106.7
** Comment: R/V Alaska Dreamcatcher
** Comment:same station as T4_S03
# nquan = 27
# nvalues = 101                         
# units = specified
# name 0 = scan: Scan Count
# name 1 = timeJ: Julian Days
# name 2 = timeH: Time, Elapsed [hours]
# name 3 = timeM: Time, Elapsed [minutes]
# name 4 = timeS: Time, Elapsed [seconds]
# name 5 = prdM: Pressure, Strain Gauge [db]
# name 6 = specc: Specific Conductance [uS/cm]
# name 7 = sal00: Salinity, Practical [PSU]
# name 8 = tv290C: Temperature [ITS-90, deg C]
# name 9 = depSM: Depth [salt water, m], lat = 59.00
# name 10 = potemp090C: Potential Temperature [ITS-90, deg C]
# name 11 = sigma-é00: Density [sigma-theta, kg/m^3]
# name 12 = sbeox0ML/L: Oxygen, SBE 43 [ml/l]
# name 13 = sbeox0Mg/L: Oxygen, SBE 43 [mg/l]
# name 14 = sbeox0PS: Oxygen, SBE 43 [% saturation]
# name 15 = sbox0Mm/Kg: Oxygen, SBE 43 [umol/kg]
# name 16 = sbeox0Mm/L: Oxygen, SBE 43 [umol/l]
# name 17 = sbox0dV/dT: Oxygen, SBE 43 [dov/dt]
# name 18 = oxsolML/L: Oxygen Saturation, Garcia & Gordon [ml/l]
# name 19 = oxsolMg/L: Oxygen Saturation, Garcia & Gordon [mg/l]
# name 20 = oxsolMm/Kg: Oxygen Saturation, Garcia & Gordon [umol/kg]
# name 21 = n2satMg/L: Nitrogen Saturation [mg/l]
# name 22 = par: PAR/Irradiance, Biospherical/Licor
# name 23 = wetStar: Fluorescence, WET Labs WETstar [mg/m^3]
# name 24 = CStarAt0: Beam Attenuation, WET Labs C-Star [1/m]
# name 25 = CStarTr0: Beam Transmission, WET Labs C-Star [%]
# name 26 = flag: flag
# span 0 =        118,        665       
# span 1 = 110.760709, 110.762292       
# span 2 =    0.00812,    0.04611       
# span 3 =     0.4871,     2.7668       
# span 4 =     29.228,    166.007       
# span 5 =      1.011,    101.968       
# span 6 =  51068.490,  51988.262       
# span 7 =    31.9004,    32.1000       
# span 8 =     3.8676,     6.1388       
# span 9 =      1.000,    101.000       
# span 10 =     3.8612,     6.0792      
# span 11 =    25.1392,    25.4703      
# span 12 =     3.1698,     3.7508      
# span 13 =     4.5300,     5.3602      
# span 14 =     44.906,     50.594      
# span 15 =    138.081,    163.349      
# span 16 =    141.565,    167.509      
# span 17 =   -0.00046,    0.00348      
# span 18 =    7.02186,    7.41339      
# span 19 =   10.03494,   10.59447      
# span 20 =  305.88140,  322.85856      
# span 21 =   15.75816,   16.56638      
# span 22 = 3.9189e-02, 2.4887e+02      
# span 23 =     0.4251,     7.4379      
# span 24 =     0.3738,     1.8418      
# span 25 =    65.8654,    91.0797      
# span 26 = 0.0000e+00, 0.0000e+00      
# interval = meters: 1                  
# start_time = Apr 20 2017 18:14:56 [Instrument's time stamp, header]
# bad_flag = -9.990e-29
*END*
[from data line 54]
        462 110.761705    0.03204     1.9226    115.357     55.527  51861.183    32.0614     4.0876     55.000     4.0822    25.4409     3.6189     5.1718     49.075    157.610    161.620    0.00188    7.37422   10.53850  321.16199   16.48571 4.7233e-02     1.4041     0.4877    88.5228 0.0000e+00
        467 110.761718    0.03235     1.9408    116.448     56.537  51861.187    32.0599     4.0836     56.000     4.0759    25.4402     3.6245     5.1797     49.146    157.854    161.870    0.00177    7.37501   10.53963  321.19679   16.48738 4.5724e-02     1.3252     0.4880    88.5139 0.0000e+00
        471 110.761731    0.03265     1.9589    117.535     57.545  51853.916    32.0510     4.0695     57.000     4.0527    25.4345     3.6283     5.1853     49.178    158.024    162.043    0.00140    7.37799   10.54388  321.32793   16.49366 4.4793e-02     1.5303     0.4930    88.4053 0.0000e+00
        476 110.761744    0.03296     1.9771    118.629     58.556  51865.154    32.0506     4.0378     58.000     4.0195    25.4372     3.6385     5.1999     49.278    158.467    162.498    0.00170    7.38368   10.55202  321.57528   16.50542 4.4089e-02     1.3724     0.4991    88.2707 0.0000e+00
        480 110.761756    0.03325     1.9951    119.705     59.564  51886.366    32.0578     4.0101     59.000     3.9971    25.4457     3.6479     5.2132     49.374    158.872    162.915    0.00189    7.38832   10.55864  321.77444   16.51486 4.3233e-02     1.2803     0.5075    88.0844 0.0000e+00
        484 110.761769    0.03356     2.0137    120.823     60.577  51898.287    32.0609     3.9913     60.000     3.9809    25.4499     3.6509     5.2176     49.394    159.004    163.050    0.00134    7.39155   10.56327  321.91397   16.52149 4.2790e-02     1.0747     0.5109    88.0102 0.0000e+00
        489 110.761781    0.03386     2.0314    121.884     61.585  51905.656    32.0623     3.9791     61.000     3.9692    25.4524     3.6561     5.2248     49.447    159.225    163.278    0.00129    7.39368   10.56631  322.00583   16.52585 4.2040e-02     0.8862     0.5163    87.8911 0.0000e+00
        493 110.761794    0.03416     2.0494    122.963     62.593  51907.529    32.0592     3.9631     62.000     3.9499    25.4514     3.6574     5.2268     49.446    159.286    163.340    0.00084    7.39671   10.57064  322.13838   16.53217 4.1697e-02     0.9539     0.5254    87.6902 0.0000e+00
        497 110.761807    0.03447     2.0684    124.101     63.606  51922.163    32.0638     3.9430     63.000     3.9341    25.4569     3.6628     5.2345     49.496    159.518    163.579    0.00086    7.40010   10.57549  322.28436   16.53909 4.1407e-02     0.9873     0.5476    87.2051 0.0000e+00
        502 110.761819    0.03477     2.0861    125.168     64.615  51931.407    32.0676     3.9349     64.000     3.9289    25.4608     3.6715     5.2470     49.606    159.899    163.970    0.00138    7.40139   10.57733  322.33908   16.54168 4.1189e-02     0.8211     0.5534    87.0789 0.0000e+00
        506 110.761831    0.03507     2.1040    126.239     65.624  51931.876    32.0662     3.9299     65.000     3.9219    25.4601     3.6715     5.2469     49.599    159.897    163.968    0.00093    7.40236   10.57871  322.38130   16.54369 4.1013e-02     0.7731     0.5693    86.7348 0.0000e+00
        510 110.761844    0.03538     2.1228    127.365     66.633  51934.780    32.0652     3.9202     66.000     3.9110    25.4603     3.6753     5.2523     49.638    160.061    164.136    0.00088    7.40416   10.58129  322.46003   16.54744 4.0653e-02     0.7698     0.5734    86.6448 0.0000e+00
        515 110.761858    0.03569     2.1415    128.493     67.644  51939.244    32.0647     3.9079     67.000     3.8984    25.4611     3.6802     5.2594     49.690    160.277    164.358    0.00087    7.40641   10.58449  322.55752   16.55208 4.0548e-02     0.6472     0.6021    86.0265 0.0000e+00
        519 110.761870    0.03600     2.1601    129.604     68.653  51949.123    32.0688     3.8992     68.000     3.8930    25.4652     3.6846     5.2657     49.740    160.469    164.556    0.00099    7.40778   10.58646  322.61610   16.55485 4.0258e-02     0.6615     0.6258    85.5187 0.0000e+00
        524 110.761883    0.03631     2.1787    130.723     69.663  51950.631    32.0682     3.8947     69.000     3.8884    25.4651     3.6879     5.2703     49.778    160.611    164.701    0.00092    7.40862   10.58766  322.65253   16.55659 4.0028e-02     0.7004     0.6449    85.1109 0.0000e+00
        528 110.761896    0.03663     2.1977    131.862     70.673  51953.242    32.0686     3.8910     70.000     3.8847    25.4658     3.6896     5.2728     49.797    160.685    164.777    0.00066    7.40927   10.58859  322.68063   16.55792 4.0018e-02     0.6228     0.6420    85.1706 0.0000e+00
        533 110.761909    0.03693     2.2157    132.944     71.683  51954.474    32.0679     3.8866     71.000     3.8795    25.4656     3.6939     5.2790     49.850    160.874    164.971    0.00087    7.41009   10.58976  322.71667   16.55964 3.9867e-02     0.5532     0.6629    84.7280 0.0000e+00
        537 110.761922    0.03723     2.2341    134.045     72.692  51959.372    32.0695     3.8821     72.000     3.8765    25.4674     3.6947     5.2802     49.856    160.909    165.007    0.00060    7.41083   10.59083  322.74834   16.56114 3.9590e-02     0.6262     0.6722    84.5304 0.0000e+00
        542 110.761935    0.03755     2.2528    135.171     73.702  51961.265    32.0697     3.8798     73.000     3.8741    25.4678     3.6971     5.2835     49.885    161.011    165.111    0.00050    7.41123   10.59139  322.76551   16.56195 3.9964e-02     0.5164     0.6901    84.1535 0.0000e+00
        546 110.761948    0.03786     2.2713    136.278     74.713  51963.376    32.0702     3.8780     74.000     3.8727    25.4684     3.7002     5.2880     49.925    161.147    165.251    0.00072    7.41154   10.59183  322.77879   16.56258 3.9714e-02     0.5185     0.7165    83.5998 0.0000e+00
        550 110.761960    0.03816     2.2895    137.371     75.721  51965.318    32.0709     3.8773     75.000     3.8724    25.4689     3.6989     5.2861     49.906    161.088    165.191    0.00016    7.41164   10.59197  322.78269   16.56276 3.9640e-02     0.5272     0.7173    83.5814 0.0000e+00
        555 110.761973    0.03847     2.3081    138.487     76.731  51965.743    32.0706     3.8770     76.000     3.8719    25.4687     3.7069     5.2974     50.013    161.435    165.547    0.00092    7.41170   10.59206  322.78556   16.56291 3.9552e-02     0.5338     0.7222    83.4823 0.0000e+00
        559 110.761986    0.03878     2.3269    139.617     77.742  51967.106    32.0708     3.8765     77.000     3.8713    25.4690     3.7104     5.3026     50.062    161.594    165.709    0.00101    7.41178   10.59218  322.78896   16.56306 3.9494e-02     0.4969     0.7281    83.3580 0.0000e+00
        564 110.761999    0.03910     2.3457    140.740     78.752  51967.317    32.0703     3.8758     78.000     3.8703    25.4686     3.7071     5.2978     50.015    161.448    165.560    0.00030    7.41194   10.59241  322.79604   16.56340 3.9424e-02     0.5439     0.7346    83.2222 0.0000e+00
        568 110.762012    0.03940     2.3639    141.835     79.759  51968.098    32.0701     3.8750     79.000     3.8695    25.4686     3.7112     5.3037     50.070    161.626    165.742    0.00046    7.41210   10.59263  322.80289   16.56373 3.9601e-02     0.5086     0.7378    83.1564 0.0000e+00
        573 110.762025    0.03971     2.3825    142.952     80.772  51969.470    32.0703     3.8741     80.000     3.8687    25.4688     3.7114     5.3040     50.071    161.634    165.751    0.00042    7.41223   10.59283  322.80905   16.56402 3.9485e-02     0.4482     0.7326    83.2641 0.0000e+00
        577 110.762038    0.04002     2.4009    144.055     81.780  51970.417    32.0703     3.8735     81.000     3.8679    25.4689     3.7130     5.3062     50.092    161.703    165.822    0.00026    7.41235   10.59299  322.81392   16.56426 3.9500e-02     0.5205     0.7300    83.3192 0.0000e+00
        582 110.762051    0.04032     2.4193    145.160     82.790  51971.699    32.0705     3.8729     82.000     3.8674    25.4691     3.7194     5.3154     50.178    161.984    166.110    0.00089    7.41245   10.59313  322.81799   16.56445 3.9422e-02     0.4428     0.7350    83.2142 0.0000e+00
        586 110.762063    0.04063     2.4380    146.282     83.800  51972.299    32.0702     3.8722     83.000     3.8665    25.4690     3.7193     5.3153     50.175    161.978    166.104    0.00057    7.41259   10.59334  322.82426   16.56475 3.9189e-02     0.6464     0.7311    83.2954 0.0000e+00
        591 110.762077    0.04094     2.4566    147.397     84.812  51974.090    32.0707     3.8715     84.000     3.8657    25.4695     3.7164     5.3111     50.135    161.852    165.974   -0.00004    7.41269   10.59348  322.82860   16.56495 3.9288e-02     0.4546     0.7294    83.3304 0.0000e+00
        595 110.762089    0.04125     2.4749    148.492     85.820  51974.399    32.0703     3.8707     85.000     3.8650    25.4692     3.7238     5.3218     50.234    162.176    166.307    0.00068    7.41285   10.59372  322.83591   16.56530 3.9421e-02     0.4769     0.7250    83.4233 0.0000e+00
        599 110.762102    0.04156     2.4932    149.593     86.830  51975.654    32.0704     3.8702     86.000     3.8644    25.4694     3.7257     5.3245     50.261    162.261    166.394    0.00068    7.41294   10.59383  322.83929   16.56546 3.9667e-02     0.4683     0.7218    83.4899 0.0000e+00
        604 110.762114    0.04186     2.5115    150.689     87.840  51976.998    32.0707     3.8696     87.000     3.8639    25.4697     3.7259     5.3247     50.261    162.264    166.398    0.00029    7.41303   10.59396  322.84326   16.56564 3.9497e-02     0.4251     0.7179    83.5704 0.0000e+00
        608 110.762127    0.04216     2.5297    151.784     88.850  51978.256    32.0710     3.8693     88.000     3.8637    25.4698     3.7293     5.3295     50.307    162.412    166.549    0.00062    7.41306   10.59401  322.84449   16.56570 3.9496e-02     0.4365     0.7198    83.5310 0.0000e+00
        612 110.762139    0.04246     2.5479    152.873     89.860  51978.562    32.0707     3.8693     89.000     3.8633    25.4696     3.7291     5.3293     50.304    162.405    166.541    0.00022    7.41309   10.59404  322.84582   16.56577 3.9367e-02     0.4609     0.7220    83.4845 0.0000e+00
        617 110.762152    0.04276     2.5657    153.943     90.868  51979.368    32.0706     3.8686     90.000     3.8626    25.4696     3.7336     5.3357     50.365    162.603    166.744    0.00076    7.41323   10.59424  322.85187   16.56606 3.9558e-02     0.5251     0.7281    83.3568 0.0000e+00
        621 110.762165    0.04308     2.5846    155.075     91.879  51980.516    32.0708     3.8684     91.000     3.8625    25.4698     3.7305     5.3313     50.322    162.468    166.605    0.00003    7.41326   10.59428  322.85309   16.56611 3.9585e-02     0.4582     0.7323    83.2715 0.0000e+00
        626 110.762178    0.04338     2.6028    156.168     92.890  51981.048    32.0705     3.8683     92.000     3.8620    25.4697     3.7333     5.3352     50.359    162.587    166.728    0.00025    7.41329   10.59433  322.85435   16.56617 3.9416e-02     0.4369     0.7463    82.9792 0.0000e+00
        630 110.762190    0.04368     2.6205    157.232     93.898  51982.620    32.0711     3.8679     93.000     3.8618    25.4701     3.7365     5.3398     50.402    162.726    166.871    0.00050    7.41333   10.59439  322.85613   16.56626 3.9294e-02     0.5199     0.7549    82.8008 0.0000e+00
        634 110.762203    0.04399     2.6396    158.374     94.910  51983.306    32.0710     3.8677     94.000     3.8617    25.4701     3.7357     5.3387     50.392    162.693    166.837    0.00021    7.41337   10.59445  322.85785   16.56634 3.9403e-02     0.4994     0.7794    82.2961 0.0000e+00
        639 110.762216    0.04430     2.6577    159.465     95.918  51983.215    32.0704     3.8678     95.000     3.8617    25.4696     3.7389     5.3432     50.434    162.831    166.978    0.00032    7.41338   10.59447  322.85856   16.56638 3.9640e-02     0.5675     0.7994    81.8855 0.0000e+00
        643 110.762228    0.04459     2.6757    160.543     96.928  51984.545    32.0708     3.8678     96.000     3.8617    25.4699     3.7445     5.3512     50.510    163.075    167.228    0.00086    7.41335   10.59442  322.85713   16.56631 3.9449e-02     0.4945     0.8038    81.7954 0.0000e+00
        648 110.762241    0.04490     2.6943    161.655     97.940  51984.820    32.0705     3.8678     97.000     3.8614    25.4696     3.7438     5.3502     50.500    163.044    167.196    0.00046    7.41338   10.59446  322.85826   16.56636 3.9616e-02     0.5228     0.8402    81.0547 0.0000e+00
        652 110.762254    0.04521     2.7122    162.735     98.948  51986.049    32.0707     3.8676     98.000     3.8613    25.4699     3.7406     5.3457     50.458    162.907    167.056   -0.00008    7.41338   10.59447  322.85847   16.56637 3.9641e-02     0.5006     0.8663    80.5278 0.0000e+00
        656 110.762267    0.04552     2.7309    163.854     99.959  51987.263    32.0710     3.8676     99.000     3.8612    25.4701     3.7417     5.3472     50.472    162.954    167.104   -0.00005    7.41338   10.59447  322.85846   16.56637 3.9481e-02     0.4673     0.8988    79.8754 0.0000e+00
        661 110.762280    0.04582     2.7495    164.970    100.971  51988.237    32.0712     3.8676    100.000     3.8612    25.4703     3.7474     5.3553     50.549    163.201    167.358    0.00050    7.41337   10.59444  322.85765   16.56633 3.9551e-02     0.4692     0.8943    79.9651 0.0000e+00
        665 110.762292    0.04611     2.7668    166.007    101.968  51988.262    32.0707     3.8677    101.000     3.8612    25.4699     3.7508     5.3602     50.594    163.349    167.509    0.00083    7.41339   10.59447  322.85849   16.56637 3.9503e-02     0.4428     0.8958    79.9365 0.0000e+00
