CTD-processing/allCTD/CNV/2017_04-18_t6_s24_cast093_4141.cnv
* Sea-Bird SBE19plus Data File:
* FileName = P:\My Documents\kasitsna\Research-KBL\Oceanography-AK\CTD-Data-ALL-to-2017-02\2017-CTD-KachemakBay-CookInlet\2017-04-18-CookInlet-Tran6-Douglas\2017-04-18-CookInlet-Tran6-cast093.hex
* Software Version 1.59
* Temperature SN =  4141
* Conductivity SN =  4141
* System UpLoad Time = Apr 18 2017 23:13:14
** Cook Inlet LTM Transect 6 Douglas east to west
** Date: (YYYY-MM-DD): 2017-04-18
** Station: (eg. 9-01): 6-24
** Start time (AKDT): 20:46
** Depth (m): 167.6
** Comment: R/V Alaska Dreamcatcher
** Comment:
# nquan = 27
# nvalues = 166                         
# units = specified
# name 0 = scan: Scan Count
# name 1 = timeJ: Julian Days
# name 2 = timeH: Time, Elapsed [hours]
# name 3 = timeM: Time, Elapsed [minutes]
# name 4 = timeS: Time, Elapsed [seconds]
# name 5 = prdM: Pressure, Strain Gauge [db]
# name 6 = specc: Specific Conductance [uS/cm]
# name 7 = sal00: Salinity, Practical [PSU]
# name 8 = tv290C: Temperature [ITS-90, deg C]
# name 9 = depSM: Depth [salt water, m], lat = 59.00
# name 10 = potemp090C: Potential Temperature [ITS-90, deg C]
# name 11 = sigma-é00: Density [sigma-theta, kg/m^3]
# name 12 = sbeox0ML/L: Oxygen, SBE 43 [ml/l]
# name 13 = sbeox0Mg/L: Oxygen, SBE 43 [mg/l]
# name 14 = sbeox0PS: Oxygen, SBE 43 [% saturation]
# name 15 = sbox0Mm/Kg: Oxygen, SBE 43 [umol/kg]
# name 16 = sbeox0Mm/L: Oxygen, SBE 43 [umol/l]
# name 17 = sbox0dV/dT: Oxygen, SBE 43 [dov/dt]
# name 18 = oxsolML/L: Oxygen Saturation, Garcia & Gordon [ml/l]
# name 19 = oxsolMg/L: Oxygen Saturation, Garcia & Gordon [mg/l]
# name 20 = oxsolMm/Kg: Oxygen Saturation, Garcia & Gordon [umol/kg]
# name 21 = n2satMg/L: Nitrogen Saturation [mg/l]
# name 22 = par: PAR/Irradiance, Biospherical/Licor
# name 23 = wetStar: Fluorescence, WET Labs WETstar [mg/m^3]
# name 24 = CStarAt0: Beam Attenuation, WET Labs C-Star [1/m]
# name 25 = CStarTr0: Beam Transmission, WET Labs C-Star [%]
# name 26 = flag: flag
# span 0 =         99,        823       
# span 1 = 108.866106, 108.868200       
# span 2 =    0.00682,    0.05708       
# span 3 =     0.4090,     3.4258       
# span 4 =     24.541,    205.543       
# span 5 =      1.006,    167.480       
# span 6 =  51515.590,  52214.502       
# span 7 =    32.1055,    32.5036       
# span 8 =     4.9773,     5.3257       
# span 9 =      1.000,    166.000       
# span 10 =     4.9728,     5.3248      
# span 11 =    25.3521,    25.6764      
# span 12 =     3.4322,     3.8630      
# span 13 =     4.9049,     5.5206      
# span 14 =     47.967,     53.927      
# span 15 =    149.485,    168.218      
# span 16 =    153.282,    172.523      
# span 17 =   -0.00091,    0.00390      
# span 18 =    7.15297,    7.20961      
# span 19 =   10.22230,   10.30326      
# span 20 =  311.54052,  313.98088      
# span 21 =   16.02736,   16.14332      
# span 22 = 3.6381e-02, 3.0381e+01      
# span 23 =     0.2911,     4.0450      
# span 24 =     0.2205,     1.0418      
# span 25 =    79.3231,    94.6386      
# span 26 = 0.0000e+00, 0.0000e+00      
# interval = meters: 1                  
# start_time = Apr 18 2017 20:46:47 [Instrument's time stamp, header]
# bad_flag = -9.990e-29
*END*
[from data line 108]
        612 108.867590    0.04244     2.5465    152.792    110.063  51945.300    32.3160     5.0566    109.000     5.0496    25.5425     3.8597     5.5159     53.668    168.081    172.374    0.00038    7.19172   10.27768  313.18261   16.10496 3.6382e-02     0.4336     0.2524    93.8863 0.0000e+00
        616 108.867601    0.04270     2.5619    153.716    111.074  51952.285    32.3210     5.0594    110.000     5.0535    25.5461     3.8564     5.5111     53.628    167.936    172.226   -0.00033    7.19101   10.27667  313.15057   16.10342 3.6382e-02     0.4464     0.2458    94.0411 0.0000e+00
        619 108.867609    0.04291     2.5743    154.458    112.077  51954.267    32.3225     5.0627    111.000     5.0564    25.5470     3.8613     5.5182     53.702    168.151    172.448    0.00030    7.19035   10.27574  313.12198   16.10204 3.6382e-02     0.4160     0.2465    94.0221 0.0000e+00
        622 108.867619    0.04312     2.5871    155.228    113.078  51957.617    32.3250     5.0658    112.000     5.0596    25.5487     3.8617     5.5188     53.712    168.170    172.466    0.00040    7.18970   10.27480  313.09303   16.10066 3.6382e-02     0.4016     0.2509    93.9212 0.0000e+00
        626 108.867630    0.04340     2.6041    156.248    114.097  51959.579    32.3268     5.0700    113.000     5.0631    25.5496     3.8596     5.5157     53.688    168.075    172.369   -0.00002    7.18890   10.27366  313.05785   16.09898 3.6382e-02     0.5050     0.2617    93.6688 0.0000e+00
        630 108.867643    0.04370     2.6219    157.312    115.116  51964.632    32.3305     5.0732    114.000     5.0664    25.5521     3.8583     5.5140     53.676    168.020    172.313   -0.00009    7.18817   10.27262  313.02527   16.09741 3.6382e-02     0.4441     0.2376    94.2328 0.0000e+00
        634 108.867652    0.04393     2.6359    158.153    116.120  51968.143    32.3331     5.0763    115.000     5.0695    25.5540     3.8602     5.5166     53.707    168.102    172.397   -0.00004    7.18752   10.27169  312.99652   16.09603 3.6382e-02     0.4629     0.2428    94.1094 0.0000e+00
        637 108.867661    0.04416     2.6491    158.948    117.125  51971.425    32.3355     5.0792    116.000     5.0718    25.5555     3.8604     5.5169     53.714    168.110    172.406    0.00013    7.18690   10.27080  312.96918   16.09472 3.6382e-02     0.4390     0.2399    94.1787 0.0000e+00
        640 108.867672    0.04439     2.6635    159.813    118.132  51972.272    32.3360     5.0811    117.000     5.0729    25.5557     3.8605     5.5171     53.719    168.116    172.412 9.3152e-07    7.18655   10.27029  312.95349   16.09397 3.6382e-02     0.4319     0.2430    94.1068 0.0000e+00
        645 108.867684    0.04470     2.6821    160.923    119.148  51976.150    32.3384     5.0822    118.000     5.0740    25.5575     3.8581     5.5136     53.687    168.009    172.303   -0.00019    7.18624   10.26986  312.93963   16.09330 3.6382e-02     0.3867     0.2396    94.1862 0.0000e+00
        649 108.867698    0.04501     2.7008    162.049    120.169  51980.272    32.3410     5.0834    119.000     5.0752    25.5595     3.8567     5.5117     53.670    167.949    172.242   -0.00057    7.18591   10.26939  312.92486   16.09258 3.6382e-02     0.4080     0.2457    94.0428 0.0000e+00
        652 108.867706    0.04523     2.7136    162.816    121.171  51986.155    32.3449     5.0847    120.000     5.0766    25.5623     3.8570     5.5120     53.678    167.959    172.253   -0.00020    7.18552   10.26882  312.90663   16.09171 3.6382e-02     0.4181     0.2491    93.9623 0.0000e+00
        655 108.867714    0.04543     2.7256    163.536    122.165  51985.127    32.3439     5.0857    121.000     5.0770    25.5615     3.8563     5.5111     53.669    167.931    172.223   -0.00040    7.18538   10.26863  312.90094   16.09143 3.6382e-02     0.4056     0.2505    93.9295 0.0000e+00
        659 108.867727    0.04571     2.7428    164.569    123.184  51987.981    32.3455     5.0862    122.000     5.0772    25.5627     3.8577     5.5130     53.689    167.990    172.284   -0.00013    7.18522   10.26841  312.89378   16.09109 3.6382e-02     0.4191     0.2468    94.0158 0.0000e+00
        664 108.867740    0.04603     2.7619    165.714    124.211  51990.703    32.3469     5.0865    123.000     5.0781    25.5638     3.8543     5.5083     53.643    167.845    172.135   -0.00054    7.18509   10.26821  312.88754   16.09079 3.6382e-02     0.4237     0.2437    94.0878 0.0000e+00
        667 108.867749    0.04624     2.7744    166.466    125.207  52000.245    32.3534     5.0883    124.000     5.0813    25.5687     3.8560     5.5106     53.672    167.917    172.210   -0.00030    7.18447   10.26733  312.85920   16.08941 3.6382e-02     0.3925     0.2507    93.9247 0.0000e+00
        670 108.867758    0.04646     2.7873    167.238    126.211  52001.054    32.3541     5.0916    125.000     5.0832    25.5690     3.8595     5.5157     53.724    168.068    172.365    0.00017    7.18388   10.26649  312.83339   16.08818 3.6382e-02     0.3928     0.2623    93.6534 0.0000e+00
        674 108.867768    0.04672     2.8031    168.189    127.226  52000.494    32.3536     5.0929    126.000     5.0836    25.5684     3.8600     5.5162     53.732    168.087    172.385    0.00029    7.18368   10.26620  312.82475   16.08777 3.6382e-02     0.3411     0.2572    93.7726 0.0000e+00
        678 108.867781    0.04701     2.8206    169.233    128.239  52002.245    32.3543     5.0933    127.000     5.0839    25.5689     3.8600     5.5164     53.734    168.090    172.388   -0.00001    7.18358   10.26605  312.82032   16.08756 3.6382e-02     0.3626     0.2539    93.8501 0.0000e+00
        682 108.867792    0.04728     2.8371    170.227    129.251  52005.442    32.3562     5.0938    128.000     5.0851    25.5704     3.8628     5.5204     53.775    168.213    172.514    0.00041    7.18341   10.26582  312.81266   16.08719 3.6382e-02     0.4012     0.2588    93.7341 0.0000e+00
        685 108.867802    0.04753     2.8518    171.107    130.261  52009.463    32.3588     5.0956    129.000     5.0867    25.5723     3.8594     5.5154     53.729    168.060    172.358   -0.00014    7.18297   10.26519  312.79299   16.08624 3.6382e-02     0.3914     0.2541    93.8445 0.0000e+00
        689 108.867812    0.04776     2.8656    171.936    131.263  52010.729    32.3594     5.0966    130.000     5.0865    25.5727     3.8567     5.5116     53.693    167.944    172.239   -0.00051    7.18277   10.26490  312.78381   16.08580 3.6382e-02     0.3718     0.2575    93.7662 0.0000e+00
        693 108.867823    0.04803     2.8816    172.894    132.278  52016.574    32.3628     5.0962    131.000     5.0872    25.5754     3.8612     5.5181     53.758    168.142    172.443    0.00001    7.18268   10.26476  312.77896   16.08555 3.6382e-02     0.3791     0.2610    93.6822 0.0000e+00
        697 108.867835    0.04830     2.8981    173.883    133.293  52028.302    32.3710     5.0989    132.000     5.0921    25.5816     3.8625     5.5199     53.782    168.198    172.501    0.00026    7.18182   10.26353  312.73945   16.08364 3.6382e-02     0.3668     0.2566    93.7857 0.0000e+00
        700 108.867844    0.04854     2.9123    174.739    134.297  52038.021    32.3785     5.1047    133.000     5.0980    25.5869     3.8600     5.5162     53.756    168.084    172.386   -0.00009    7.18046   10.26160  312.67894   16.08072 3.6382e-02     0.3922     0.2596    93.7177 0.0000e+00
        703 108.867854    0.04878     2.9270    175.623    135.304  52039.489    32.3802     5.1102    134.000     5.1027    25.5876     3.8590     5.5150     53.751    168.044    172.344   -0.00020    7.17944   10.26014  312.63434   16.07859 3.6382e-02     0.3855     0.2639    93.6163 0.0000e+00
        708 108.867866    0.04907     2.9441    176.648    136.321  52042.746    32.3831     5.1152    135.000     5.1069    25.5893     3.8590     5.5148     53.758    168.042    172.342   -0.00008    7.17845   10.25872  312.59064   16.07650 3.6382e-02     0.3832     0.2615    93.6719 0.0000e+00
        712 108.867878    0.04934     2.9605    177.632    137.333  52045.747    32.3854     5.1185    136.000     5.1095    25.5909     3.8540     5.5078     53.694    167.826    172.120   -0.00065    7.17777   10.25775  312.56048   16.07506 3.6382e-02     0.4082     0.2663    93.5613 0.0000e+00
        715 108.867888    0.04958     2.9748    178.491    138.339  52049.943    32.3883     5.1206    137.000     5.1113    25.5929     3.8547     5.5088     53.708    167.856    172.152   -0.00060    7.17728   10.25704  312.53833   16.07399 3.6382e-02     0.4230     0.2681    93.5177 0.0000e+00
        718 108.867898    0.04982     2.9894    179.364    139.345  52049.690    32.3879     5.1222    138.000     5.1122    25.5925     3.8630     5.5206     53.825    168.218    172.523    0.00055    7.17702   10.25668  312.52748   16.07348 3.6382e-02     0.3901     0.2651    93.5865 0.0000e+00
        722 108.867909    0.05010     3.0062    180.372    140.359  52050.619    32.3883     5.1230    139.000     5.1128    25.5926     3.8602     5.5166     53.787    168.094    172.397    0.00023    7.17687   10.25646  312.52061   16.07315 3.6382e-02     0.4133     0.2608    93.6864 0.0000e+00
        727 108.867921    0.05040     3.0236    181.415    141.376  52052.611    32.3893     5.1237    140.000     5.1135    25.5934     3.8528     5.5060     53.685    167.772    172.066   -0.00087    7.17671   10.25623  312.51344   16.07281 3.6382e-02     0.3839     0.2599    93.7095 0.0000e+00
        730 108.867931    0.05063     3.0376    182.258    142.383  52057.842    32.3926     5.1245    141.000     5.1148    25.5959     3.8539     5.5076     53.702    167.820    172.116   -0.00070    7.17639   10.25578  312.49902   16.07210 3.6382e-02     0.3786     0.2643    93.6050 0.0000e+00
        733 108.867940    0.05083     3.0502    183.012    143.384  52066.220    32.3982     5.1261    142.000     5.1177    25.6002     3.8577     5.5130     53.759    167.983    172.283   -0.00004    7.17585   10.25501  312.47419   16.07090 3.6382e-02     0.3974     0.2671    93.5401 0.0000e+00
        736 108.867950    0.05107     3.0645    183.873    144.395  52072.149    32.4027     5.1303    143.000     5.1212    25.6033     3.8586     5.5144     53.779    168.026    172.328    0.00015    7.17492   10.25368  312.43275   16.06891 3.6382e-02     0.3870     0.2762    93.3273 0.0000e+00
        741 108.867962    0.05137     3.0823    184.938    145.410  52075.529    32.4051     5.1330    144.000     5.1234    25.6049     3.8563     5.5111     53.751    167.922    172.222   -0.00018    7.17435   10.25287  312.40737   16.06769 3.6382e-02     0.3815     0.2841    93.1443 0.0000e+00
        745 108.867975    0.05167     3.0999    185.992    146.429  52087.435    32.4136     5.1363    145.000     5.1278    25.6113     3.8550     5.5091     53.739    167.862    172.161   -0.00033    7.17337   10.25147  312.36285   16.06554 3.6382e-02     0.4043     0.2834    93.1595 0.0000e+00
        748 108.867983    0.05188     3.1132    186.790    147.434  52109.163    32.4291     5.1410    146.000     5.1362    25.6230     3.8583     5.5138     53.797    168.004    172.308    0.00022    7.17185   10.24930  312.29297   16.06214 3.6382e-02     0.3401     0.2915    92.9716 0.0000e+00
        751 108.867993    0.05210     3.1260    187.557    148.431  52120.935    32.4388     5.1508    147.000     5.1437    25.6297     3.8564     5.5111     53.788    167.921    172.225    0.00008    7.16969   10.24621  312.19695   16.05753 3.6382e-02     0.3131     0.3011    92.7501 0.0000e+00
        755 108.868004    0.05238     3.1431    188.584    149.449  52120.758    32.4396     5.1568    148.000     5.1463    25.6296     3.8575     5.5128     53.811    167.973    172.278    0.00011    7.16862   10.24468  312.15040   16.05531 3.6382e-02     0.3214     0.3048    92.6632 0.0000e+00
        760 108.868017    0.05269     3.1614    189.686    150.470  52123.912    32.4415     5.1581    149.000     5.1471    25.6310     3.8579     5.5133     53.819    167.987    172.293    0.00019    7.16831   10.24424  312.13656   16.05465 3.6382e-02     0.3148     0.3095    92.5542 0.0000e+00
        763 108.868027    0.05293     3.1754    190.522    151.472  52126.982    32.4432     5.1587    150.000     5.1477    25.6323     3.8542     5.5082     53.769    167.830    172.131   -0.00029    7.16812   10.24396  312.12772   16.05422 3.6382e-02     0.3154     0.3174    92.3728 0.0000e+00
        766 108.868036    0.05315     3.1890    191.338    152.476  52133.388    32.4473     5.1595    151.000     5.1486    25.6355     3.8572     5.5123     53.813    167.958    172.264   -0.00009    7.16781   10.24352  312.11316   16.05351 3.6382e-02     0.3023     0.3279    92.1281 0.0000e+00
        770 108.868048    0.05342     3.2055    192.328    153.490  52140.232    32.4519     5.1608    152.000     5.1499    25.6389     3.8611     5.5178     53.869    168.122    172.433    0.00045    7.16736   10.24287  312.09246   16.05251 3.6382e-02     0.3192     0.3334    92.0037 0.0000e+00
        775 108.868060    0.05372     3.2232    193.392    154.508  52144.877    32.4548     5.1622    153.000     5.1514    25.6412     3.8552     5.5094     53.791    167.869    172.173   -0.00035    7.16696   10.24231  312.07485   16.05165 3.6382e-02     0.3449     0.3344    91.9790 0.0000e+00
        778 108.868070    0.05396     3.2374    194.242    155.513  52149.611    32.4579     5.1635    154.000     5.1523    25.6434     3.8546     5.5086     53.785    167.842    172.146   -0.00050    7.16661   10.24180  312.05838   16.05085 3.6382e-02     0.2942     0.3442    91.7531 0.0000e+00
        781 108.868080    0.05418     3.2507    195.045    156.517  52152.355    32.4595     5.1644    155.000     5.1527    25.6446     3.8603     5.5168     53.867    168.090    172.402    0.00021    7.16638   10.24148  312.04819   16.05036 3.6382e-02     0.3057     0.3529    91.5545 0.0000e+00
        785 108.868090    0.05444     3.2667    196.002    157.530  52159.720    32.4642     5.1647    156.000     5.1537    25.6483     3.8603     5.5167     53.868    168.089    172.400    0.00027    7.16610   10.24107  312.03486   16.04971 3.6382e-02     0.3349     0.3569    91.4636 0.0000e+00
        789 108.868103    0.05473     3.2840    197.042    158.544  52173.971    32.4740     5.1673    157.000     5.1572    25.6558     3.8574     5.5126     53.835    167.961    172.271   -0.00018    7.16519   10.23978  311.99316   16.04769 3.6382e-02     0.2972     0.3772    91.0007 0.0000e+00
        793 108.868113    0.05500     3.2999    197.994    159.558  52180.887    32.4792     5.1710    158.000     5.1609    25.6594     3.8567     5.5116     53.832    167.930    172.239   -0.00028    7.16431   10.23851  311.95329   16.04577 3.6382e-02     0.2963     0.4015    90.4502 0.0000e+00
        796 108.868123    0.05523     3.3137    198.821    160.563  52190.636    32.4862     5.1746    159.000     5.1664    25.6647     3.8594     5.5155     53.878    168.050    172.363    0.00006    7.16335   10.23715  311.91016   16.04369 3.6382e-02     0.2911     0.4348    89.7004 0.0000e+00
        800 108.868133    0.05546     3.3273    199.638    161.567  52194.877    32.4899     5.1807    160.000     5.1708    25.6669     3.8605     5.5170     53.901    168.095    172.409    0.00031    7.16216   10.23543  311.85732   16.04115 3.6382e-02     0.4076     0.4940    88.3812 0.0000e+00
        804 108.868144    0.05575     3.3449    200.696    162.583  52201.175    32.4947     5.1848    161.000     5.1740    25.6702     3.8590     5.5149     53.887    168.028    172.341    0.00010    7.16122   10.23410  311.81554   16.03914 3.6382e-02     0.3319     0.5542    87.0647 0.0000e+00
