CTD-processing/allCTD/CNV/2017_04-19_t3_s04_cast134_4141.cnv
* Sea-Bird SBE19plus Data File:
* FileName = P:\My Documents\kasitsna\Research-KBL\Oceanography-AK\CTD-Data-ALL-to-2017-02\2017-CTD-KachemakBay-CookInlet\2017-04-19-CookInlet-Tran3-AnchorPt\2017-04-19-CookInlet-Tran3-cast134.hex
* Software Version 1.59
* Temperature SN =  4141
* Conductivity SN =  4141
* System UpLoad Time = Apr 20 2017 00:39:57
** Cook Inlet LTM Transect 3 Anchor Pt east to west
** Date: 2017-04-19
** Station: (eg. 9-01): 3-04
** Start time (AKDT): 23:31
** Depth (m): 29.6
** Comment: R/V Alaska Dreamcatcher
** Comment:
# nquan = 27
# nvalues = 30                          
# units = specified
# name 0 = scan: Scan Count
# name 1 = timeJ: Julian Days
# name 2 = timeH: Time, Elapsed [hours]
# name 3 = timeM: Time, Elapsed [minutes]
# name 4 = timeS: Time, Elapsed [seconds]
# name 5 = prdM: Pressure, Strain Gauge [db]
# name 6 = specc: Specific Conductance [uS/cm]
# name 7 = sal00: Salinity, Practical [PSU]
# name 8 = tv290C: Temperature [ITS-90, deg C]
# name 9 = depSM: Depth [salt water, m], lat = 59.00
# name 10 = potemp090C: Potential Temperature [ITS-90, deg C]
# name 11 = sigma-é00: Density [sigma-theta, kg/m^3]
# name 12 = sbeox0ML/L: Oxygen, SBE 43 [ml/l]
# name 13 = sbeox0Mg/L: Oxygen, SBE 43 [mg/l]
# name 14 = sbeox0PS: Oxygen, SBE 43 [% saturation]
# name 15 = sbox0Mm/Kg: Oxygen, SBE 43 [umol/kg]
# name 16 = sbeox0Mm/L: Oxygen, SBE 43 [umol/l]
# name 17 = sbox0dV/dT: Oxygen, SBE 43 [dov/dt]
# name 18 = oxsolML/L: Oxygen Saturation, Garcia & Gordon [ml/l]
# name 19 = oxsolMg/L: Oxygen Saturation, Garcia & Gordon [mg/l]
# name 20 = oxsolMm/Kg: Oxygen Saturation, Garcia & Gordon [umol/kg]
# name 21 = n2satMg/L: Nitrogen Saturation [mg/l]
# name 22 = par: PAR/Irradiance, Biospherical/Licor
# name 23 = wetStar: Fluorescence, WET Labs WETstar [mg/m^3]
# name 24 = CStarAt0: Beam Attenuation, WET Labs C-Star [1/m]
# name 25 = CStarTr0: Beam Transmission, WET Labs C-Star [%]
# name 26 = flag: flag
# span 0 =        110,        363       
# span 1 = 109.980766, 109.981498       
# span 2 =    0.00754,    0.02511       
# span 3 =     0.4521,     1.5067       
# span 4 =     27.127,     90.403       
# span 5 =      1.015,     30.244       
# span 6 =  50516.828,  50535.455       
# span 7 =    30.7639,    30.7712       
# span 8 =     2.4771,     2.4811       
# span 9 =      1.000,     30.000       
# span 10 =     2.4760,     2.4797      
# span 11 =    24.5452,    24.5511      
# span 12 =     3.8597,     4.0366      
# span 13 =     5.5158,     5.7686      
# span 14 =     49.856,     52.143      
# span 15 =    168.241,    175.951      
# span 16 =    172.372,    180.270      
# span 17 =   -0.00097,    0.00318      
# span 18 =    7.74088,    7.74150      
# span 19 =   11.06250,   11.06338      
# span 20 =  337.42431,  337.45095      
# span 21 =   17.26363,   17.26490      
# span 22 = 3.6382e-02, 3.6388e-02      
# span 23 =     0.4233,     0.5478      
# span 24 =     5.3438,     6.3414      
# span 25 =    20.4658,    26.3045      
# span 26 = 0.0000e+00, 0.0000e+00      
# interval = meters: 1                  
# start_time = Apr 19 2017 23:31:51 [Instrument's time stamp, header]
# bad_flag = -9.990e-29
*END*
        110 109.980766    0.00754     0.4521     27.127      1.015  50520.338    30.7712     2.4802      1.000     2.4760    24.5511     3.9113     5.5895     50.527    170.491    174.676   -0.00097    7.74088   11.06250  337.42431   17.26363 3.6388e-02     0.5286     5.4190    25.7716 0.0000e+00
        245 109.981157    0.01694     1.0163     60.977      2.021  50516.828    30.7676     2.4786      2.000     2.4770    24.5483     3.8625     5.5199     49.895    168.367    172.500   -0.00003    7.74133   11.06314  337.44416   17.26459 3.6382e-02     0.5478     5.3438    26.3045 0.0000e+00
        249 109.981168    0.01720     1.0319     61.912      3.028  50521.906    30.7700     2.4771      3.000     2.4777    24.5504     3.8597     5.5158     49.856    168.241    172.372   -0.00046    7.74150   11.06338  337.45095   17.26490 3.6382e-02     0.5053     5.6095    24.6000 0.0000e+00
        253 109.981180    0.01748     1.0491     62.943      4.037  50521.358    30.7696     2.4788      4.000     2.4791    24.5499     3.8624     5.5198     49.894    168.361    172.495   -0.00017    7.74120   11.06294  337.43766   17.26426 3.6382e-02     0.5349     5.6871    24.1287 0.0000e+00
        257 109.981192    0.01778     1.0665     63.988      5.047  50520.716    30.7688     2.4796      5.000     2.4795    24.5493     3.8701     5.5307     49.994    168.696    172.837    0.00069    7.74108   11.06278  337.43286   17.26404 3.6382e-02     0.5305     5.6346    24.4482 0.0000e+00
        261 109.981204    0.01807     1.0839     65.036      6.056  50520.983    30.7686     2.4799      6.000     2.4795    24.5490     3.8631     5.5208     49.904    168.392    172.525   -0.00017    7.74103   11.06270  337.43083   17.26395 3.6382e-02     0.4841     5.5411    25.0293 0.0000e+00
        265 109.981216    0.01836     1.1015     66.092      7.067  50522.136    30.7688     2.4797      7.000     2.4794    24.5492     3.8693     5.5296     49.983    168.661    172.801    0.00017    7.74105   11.06274  337.43166   17.26399 3.6382e-02     0.5112     5.5565    24.9308 0.0000e+00
        270 109.981229    0.01865     1.1188     67.128      8.075  50522.246    30.7684     2.4799      8.000     2.4796    24.5489     3.8757     5.5388     50.067    168.943    173.090    0.00091    7.74104   11.06272  337.43138   17.26397 3.6382e-02     0.5429     5.6297    24.4800 0.0000e+00
        274 109.981240    0.01894     1.1364     68.185      9.084  50522.123    30.7678     2.4801      9.000     2.4797    24.5484     3.8835     5.5499     50.167    169.282    173.437    0.00134    7.74103   11.06271  337.43108   17.26396 3.6382e-02     0.4458     5.6139    24.5753 0.0000e+00
        278 109.981253    0.01924     1.1544     69.262     10.096  50523.797    30.7684     2.4799     10.000     2.4786    24.5489     3.8859     5.5533     50.198    169.386    173.544    0.00120    7.74104   11.06271  337.43105   17.26396 3.6382e-02     0.4842     5.5808    24.7820 0.0000e+00
        282 109.981265    0.01952     1.1715     70.287     11.104  50527.203    30.7698     2.4783     11.000     2.4776    24.5501     3.8914     5.5611     50.268    169.624    173.788    0.00120    7.74127   11.06305  337.44107   17.26443 3.6382e-02     0.4610     5.5579    24.9219 0.0000e+00
        286 109.981277    0.01981     1.1885     71.311     12.113  50528.035    30.7699     2.4784     12.000     2.4781    24.5501     3.9026     5.5773     50.413    170.114    174.291    0.00199    7.74124   11.06301  337.43978   17.26437 3.6382e-02     0.4816     5.6617    24.2900 0.0000e+00
        290 109.981289    0.02010     1.2062     72.372     13.123  50528.710    30.7698     2.4784     13.000     2.4774    24.5501     3.9056     5.5815     50.452    170.246    174.426    0.00181    7.74125   11.06302  337.44023   17.26439 3.6382e-02     0.4829     5.4246    25.7662 0.0000e+00
        295 109.981301    0.02041     1.2242     73.451     14.132  50528.902    30.7692     2.4782     14.000     2.4777    24.5497     3.9072     5.5837     50.472    170.312    174.494    0.00121    7.74133   11.06314  337.44370   17.26456 3.6382e-02     0.4812     5.4659    25.5029 0.0000e+00
        299 109.981314    0.02070     1.2422     74.533     15.143  50527.474    30.7680     2.4790     15.000     2.4788    24.5487     3.9220     5.6049     50.664    170.960    175.157    0.00228    7.74124   11.06300  337.44001   17.26439 3.6382e-02     0.4856     5.6523    24.3422 0.0000e+00
        303 109.981326    0.02100     1.2598     75.589     16.152  50527.150    30.7676     2.4800     16.000     2.4795    24.5482     3.9303     5.6168     50.773    171.323    175.529    0.00234    7.74106   11.06274  337.43234   17.26402 3.6382e-02     0.4936     5.7413    23.8055 0.0000e+00
        308 109.981339    0.02129     1.2774     76.642     17.160  50526.432    30.7666     2.4804     17.000     2.4797    24.5474     3.9370     5.6264     50.859    171.614    175.827    0.00236    7.74102   11.06269  337.43096   17.26396 3.6382e-02     0.4819     5.8148    23.3721 0.0000e+00
        312 109.981351    0.02159     1.2953     77.717     18.172  50528.365    30.7675     2.4805     18.000     2.4796    24.5481     3.9439     5.6361     50.948    171.911    176.131    0.00226    7.74097   11.06261  337.42824   17.26383 3.6382e-02     0.4739     5.5576    24.9187 0.0000e+00
        316 109.981363    0.02188     1.3128     78.768     19.180  50530.221    30.7681     2.4805     19.000     2.4790    24.5486     3.9517     5.6473     51.049    172.252    176.481    0.00233    7.74095   11.06258  337.42713   17.26377 3.6382e-02     0.4765     5.5168    25.1805 0.0000e+00
        320 109.981375    0.02217     1.3304     79.824     20.189  50532.296    30.7688     2.4795     20.000     2.4785    24.5492     3.9604     5.6599     51.161    172.636    176.874    0.00247    7.74109   11.06279  337.43322   17.26406 3.6382e-02     0.4817     5.4571    25.5569 0.0000e+00
        325 109.981388    0.02247     1.3481     80.886     21.201  50531.976    30.7680     2.4793     21.000     2.4777    24.5486     3.9703     5.6740     51.289    173.067    177.315    0.00261    7.74117   11.06291  337.43715   17.26425 3.6382e-02     0.5184     5.3521    26.2374 0.0000e+00
        329 109.981399    0.02275     1.3651     81.907     22.207  50534.400    30.7689     2.4784     22.000     2.4773    24.5494     3.9789     5.6863     51.398    173.441    177.699    0.00276    7.74131   11.06311  337.44294   17.26452 3.6382e-02     0.4792     5.3682    26.1321 0.0000e+00
        333 109.981411    0.02305     1.3826     82.954     23.218  50535.455    30.7691     2.4788     23.000     2.4781    24.5495     3.9820     5.6907     51.439    173.575    177.837    0.00216    7.74122   11.06298  337.43886   17.26433 3.6382e-02     0.4686     5.3845    26.0275 0.0000e+00
        337 109.981424    0.02333     1.4003     84.016     24.228  50533.167    30.7674     2.4801     24.000     2.4794    24.5481     3.9947     5.7087     51.604    174.127    178.401    0.00274    7.74104   11.06273  337.43167   17.26399 3.6382e-02     0.4968     5.5362    25.0719 0.0000e+00
        341 109.981436    0.02363     1.4179     85.072     25.236  50535.302    30.7685     2.4805     25.000     2.4791    24.5489     4.0015     5.7185     51.692    174.423    178.705    0.00255    7.74091   11.06255  337.42583   17.26371 3.6382e-02     0.4495     5.5903    24.7293 0.0000e+00
        346 109.981449    0.02393     1.4356     86.137     26.247  50535.316    30.7679     2.4805     26.000     2.4796    24.5485     4.0052     5.7239     51.741    174.588    178.874    0.00217    7.74094   11.06258  337.42707   17.26378 3.6382e-02     0.5191     5.7027    24.0361 0.0000e+00
        350 109.981460    0.02422     1.4532     87.195     27.256  50532.360    30.7656     2.4811     27.000     2.4797    24.5467     4.0176     5.7416     51.901    175.129    179.428    0.00249    7.74096   11.06260  337.42849   17.26385 3.6382e-02     0.4586     5.6493    24.3654 0.0000e+00
        354 109.981473    0.02451     1.4710     88.259     28.266  50532.239    30.7650     2.4810     28.000     2.4795    24.5461     4.0305     5.7600     52.067    175.688    180.001    0.00318    7.74100   11.06266  337.43044   17.26394 3.6382e-02     0.4398     6.0184    22.2137 0.0000e+00
        358 109.981485    0.02482     1.4891     89.344     29.276  50534.139    30.7657     2.4808     29.000     2.4793    24.5467     4.0310     5.7607     52.073    175.711    180.024    0.00216    7.74101   11.06268  337.43073   17.26396 3.6382e-02     0.4718     6.2833    20.7918 0.0000e+00
        363 109.981498    0.02511     1.5067     90.403     30.244  50532.133    30.7639     2.4808     30.000     2.4791    24.5452     4.0366     5.7686     52.143    175.951    180.270    0.00205    7.74111   11.06283  337.43574   17.26421 3.6382e-02     0.4233     6.3414    20.4658 0.0000e+00
