CTD-processing/allCTD/CNV/2017_05-30_alongbay_skb04_cast183_4141.cnv
* Sea-Bird SBE19plus Data File:
* FileName = C:\Users\jwschloemer\Documents\CTD Data\2017_05_30_alongbay\2017_05_30_AlongBay_cast183.hex
* Software Version 1.59
* Temperature SN =  4141
* Conductivity SN =  4141
* System UpLoad Time = Jun 22 2017 14:00:35
** Cook Inlet LTM Kbay Along Bay
** Date: 2017-05-30
** Station:KB04
** Start Time (AKST):16:10
** Depth (m):153
** Comment: R/V Edgecumbe
# nquan = 27
# nvalues = 131                         
# units = specified
# name 0 = scan: Scan Count
# name 1 = timeJ: Julian Days
# name 2 = timeH: Time, Elapsed [hours]
# name 3 = timeM: Time, Elapsed [minutes]
# name 4 = timeS: Time, Elapsed [seconds]
# name 5 = prdM: Pressure, Strain Gauge [db]
# name 6 = specc: Specific Conductance [uS/cm]
# name 7 = sal00: Salinity, Practical [PSU]
# name 8 = tv290C: Temperature [ITS-90, deg C]
# name 9 = depSM: Depth [salt water, m], lat = 59.00
# name 10 = potemp090C: Potential Temperature [ITS-90, deg C]
# name 11 = sigma-é00: Density [sigma-theta, kg/m^3]
# name 12 = sbeox0ML/L: Oxygen, SBE 43 [ml/l]
# name 13 = sbeox0Mg/L: Oxygen, SBE 43 [mg/l]
# name 14 = sbeox0PS: Oxygen, SBE 43 [% saturation]
# name 15 = sbox0Mm/Kg: Oxygen, SBE 43 [umol/kg]
# name 16 = sbeox0Mm/L: Oxygen, SBE 43 [umol/l]
# name 17 = sbox0dV/dT: Oxygen, SBE 43 [dov/dt]
# name 18 = oxsolML/L: Oxygen Saturation, Garcia & Gordon [ml/l]
# name 19 = oxsolMg/L: Oxygen Saturation, Garcia & Gordon [mg/l]
# name 20 = oxsolMm/Kg: Oxygen Saturation, Garcia & Gordon [umol/kg]
# name 21 = n2satMg/L: Nitrogen Saturation [mg/l]
# name 22 = par: PAR/Irradiance, Biospherical/Licor
# name 23 = wetStar: Fluorescence, WET Labs WETstar [mg/m^3]
# name 24 = CStarAt0: Beam Attenuation, WET Labs C-Star [1/m]
# name 25 = CStarTr0: Beam Transmission, WET Labs C-Star [%]
# name 26 = flag: flag
# span 0 =        211,       1076       
# span 1 = 150.675294, 150.677799       
# span 2 =    0.01457,    0.07467       
# span 3 =     0.8742,     4.4808       
# span 4 =     52.453,    268.850       
# span 5 =      1.007,    132.268       
# span 6 =  50176.256,  51308.013       
# span 7 =    31.5429,    31.9522       
# span 8 =     5.3402,     7.0718       
# span 9 =      1.000,    131.000       
# span 10 =     5.3304,     7.0685      
# span 11 =    24.6873,    25.2040      
# span 12 =     2.9623,     3.2709      
# span 13 =     4.2335,     4.6745      
# span 14 =     42.972,     45.674      
# span 15 =    129.103,    142.488      
# span 16 =    132.297,    146.079      
# span 17 =   -0.00092,    0.00262      
# span 18 =    6.89351,    7.16184      
# span 19 =    9.85151,   10.23498      
# span 20 =  300.43174,  311.98446      
# span 21 =   15.50017,   16.04948      
# span 22 = 3.6519e-02, 5.6790e+02      
# span 23 =     0.3074,     5.6255      
# span 24 =     0.4804,     2.2600      
# span 25 =    68.4835,    88.6842      
# span 26 = 0.0000e+00, 0.0000e+00      
# interval = meters: 1                  
# start_time = May 30 2017 16:11:33 [Instrument's time stamp, header]
# bad_flag = -9.990e-29
*END*
[from data line 108]
        964 150.677475    0.06689     4.0132    240.791    110.060  51234.739    31.9262     5.5209    109.000     5.5056    25.1818     3.2392     4.6291     45.422    141.108    144.662   -0.00017    7.13129   10.19133  310.66049   15.98643 3.6785e-02     0.4878     0.7984    81.9054 0.0000e+00
        969 150.677488    0.06722     4.0330    241.980    111.059  51246.392    31.9309     5.5071    110.000     5.4969    25.1871     3.2429     4.6345     45.461    141.270    144.829    0.00013    7.13338   10.19431  310.74994   15.99067 3.6836e-02     0.4938     0.8279    81.3043 0.0000e+00
        975 150.677505    0.06762     4.0568    243.411    112.088  51249.275    31.9317     5.5039    111.000     5.4949    25.1881     3.2415     4.6323     45.437    141.206    144.763   -0.00012    7.13390   10.19506  310.77220   15.99173 3.6791e-02     0.4865     0.8188    81.4896 0.0000e+00
        979 150.677518    0.06794     4.0765    244.587    113.086  51250.407    31.9318     5.5031    112.000     5.4938    25.1883     3.2413     4.6321     45.434    141.200    144.756   -0.00016    7.13401   10.19522  310.77710   15.99196 3.6759e-02     0.4550     0.8274    81.3153 0.0000e+00
        984 150.677533    0.06828     4.0967    245.803    114.097  51249.300    31.9300     5.5003    113.000     5.4894    25.1872     3.2437     4.6355     45.464    141.305    144.864    0.00006    7.13459   10.19604  310.80239   15.99318 3.6872e-02     0.4531     0.8344    81.1717 0.0000e+00
        989 150.677546    0.06862     4.1171    247.025    115.108  51254.423    31.9321     5.4961    114.000     5.4869    25.1894     3.2438     4.6357     45.462    141.309    144.868    0.00004    7.13519   10.19690  310.82793   15.99438 3.6778e-02     0.4682     0.8318    81.2262 0.0000e+00
        994 150.677562    0.06899     4.1394    248.363    116.120  51258.419    31.9345     5.4965    115.000     5.4879    25.1912     3.2455     4.6382     45.487    141.382    144.944    0.00013    7.13501   10.19665  310.81984   15.99399 3.6757e-02     0.4387     0.8207    81.4501 0.0000e+00
        999 150.677576    0.06932     4.1592    249.553    117.125  51226.124    31.9080     5.4784    116.000     5.4450    25.1723     3.2487     4.6427     45.504    141.524    145.086    0.00015    7.13933   10.20282  311.01353   16.00332 3.6861e-02     0.4706     0.8531    80.7940 0.0000e+00
       1005 150.677592    0.06970     4.1823    250.940    118.141  51268.784    31.9256     5.4249    117.000     5.4098    25.1924     3.2515     4.6467     45.491    141.644    145.213   -0.00002    7.14756   10.21458  311.36598   16.02003 3.6767e-02     0.4570     0.8986    79.8786 0.0000e+00
       1010 150.677606    0.07004     4.2026    252.155    119.146  51277.593    31.9296     5.4171    118.000     5.4024    25.1964     3.2544     4.6509     45.525    141.770    145.342    0.00007    7.14869   10.21619  311.41385   16.02230 3.6817e-02     0.4045     0.9303    79.2485 0.0000e+00
       1015 150.677622    0.07043     4.2254    253.524    120.160  51268.982    31.9164     5.3851    119.000     5.3640    25.1896     3.2545     4.6510     45.488    141.776    145.347   -0.00021    7.15477   10.22487  311.68059   16.03506 3.6843e-02     0.3861     0.9624    78.6178 0.0000e+00
       1020 150.677636    0.07076     4.2460    254.758    121.164  51291.081    31.9268     5.3647    120.000     5.3533    25.2001     3.2594     4.6579     45.536    141.984    145.562    0.00015    7.15772   10.22910  311.80638   16.04100 3.6843e-02     0.3739     1.0234    77.4260 0.0000e+00
       1025 150.677651    0.07113     4.2679    256.076    122.180  51296.395    31.9293     5.3615    121.000     5.3521    25.2025     3.2610     4.6603     45.557    142.056    145.637    0.00028    7.15816   10.22972  311.82460   16.04186 3.6859e-02     0.3467     1.0167    77.5560 0.0000e+00
       1030 150.677666    0.07147     4.2882    257.294    123.184  51295.443    31.9281     5.3610    122.000     5.3505    25.2015     3.2578     4.6557     45.511    141.918    145.494   -0.00026    7.15831   10.22994  311.83129   16.04219 3.6830e-02     0.3338     1.0361    77.1810 0.0000e+00
       1036 150.677681    0.07186     4.3114    258.683    124.206  51297.290    31.9278     5.3561    123.000     5.3457    25.2019     3.2598     4.6585     45.533    142.003    145.581   -0.00009    7.15916   10.23115  311.86844   16.04396 3.6944e-02     0.3275     1.0160    77.5682 0.0000e+00
       1040 150.677695    0.07217     4.3306    259.837    125.204  51298.525    31.9283     5.3566    124.000     5.3466    25.2022     3.2612     4.6606     45.554    142.065    145.645    0.00010    7.15903   10.23097  311.86275   16.04368 3.6810e-02     0.3274     1.0414    77.0793 0.0000e+00
       1045 150.677709    0.07252     4.3514    261.087    126.218  51295.800    31.9251     5.3530    125.000     5.3408    25.2002     3.2648     4.6657     45.599    142.221    145.805    0.00020    7.15979   10.23206  311.89648   16.04530 3.6956e-02     0.3186     1.0658    76.6104 0.0000e+00
       1051 150.677726    0.07292     4.3749    262.494    127.237  51302.529    31.9283     5.3483    126.000     5.3379    25.2032     3.2624     4.6624     45.563    142.120    145.702    0.00002    7.16045   10.23299  311.92417   16.04661 3.6810e-02     0.3214     1.0430    77.0474 0.0000e+00
       1055 150.677737    0.07320     4.3921    263.527    128.219  51301.134    31.9261     5.3450    127.000     5.3336    25.2018     3.2656     4.6668     45.601    142.255    145.840    0.00015    7.16111   10.23394  311.95332   16.04800 3.6883e-02     0.3178     1.0841    76.2608 0.0000e+00
       1061 150.677756    0.07364     4.4187    265.124    129.265  51305.913    31.9285     5.3431    128.000     5.3334    25.2040     3.2658     4.6672     45.604    142.266    145.852    0.00001    7.16133   10.23426  311.96230   16.04843 3.6985e-02     0.3167     1.0677    76.5736 0.0000e+00
       1066 150.677768    0.07394     4.4363    266.181    130.254  51305.019    31.9273     5.3425    129.000     5.3322    25.2031     3.2709     4.6745     45.674    142.488    146.079    0.00063    7.16149   10.23449  311.96953   16.04877 3.6995e-02     0.3201     1.0738    76.4568 0.0000e+00
       1071 150.677784    0.07433     4.4596    267.577    131.271  51306.545    31.9277     5.3420    130.000     5.3317    25.2035     3.2671     4.6691     45.620    142.322    145.910   -0.00013    7.16154   10.23457  311.97176   16.04888 3.6990e-02     0.3232     1.0472    76.9666 0.0000e+00
       1076 150.677799    0.07467     4.4808    268.850    132.268  51308.013    31.9278     5.3402    131.000     5.3304    25.2038     3.2691     4.6718     45.645    142.407    145.996    0.00003    7.16184   10.23498  311.98446   16.04948 3.7059e-02     0.3074     1.0730    76.4718 0.0000e+00
