CTD-processing/allCTD/CNV/2017_02-07_alongbay_skb01_cast036_4141.cnv
* Sea-Bird SBE19plus Data File:
* FileName = C:\Users\jwschloemer\Documents\CTD Data\2017_02_07_alongbay\2017_02_07_alongbay_cast036.hex
* Software Version 1.59
* Temperature SN =  4141
* Conductivity SN =  4141
* System UpLoad Time = Mar 06 2017 12:37:58
** Cook Inlet LTM Kbay Along Bay
** Date: 2017-02-07
** Station:KB01
** Start Time (AKST):13:01
** Depth (m):74
** Comment: R/V Edgecumbe
# nquan = 27
# nvalues = 60                          
# units = specified
# name 0 = scan: Scan Count
# name 1 = timeJ: Julian Days
# name 2 = timeH: Time, Elapsed [hours]
# name 3 = timeM: Time, Elapsed [minutes]
# name 4 = timeS: Time, Elapsed [seconds]
# name 5 = prdM: Pressure, Strain Gauge [db]
# name 6 = specc: Specific Conductance [uS/cm]
# name 7 = sal00: Salinity, Practical [PSU]
# name 8 = tv290C: Temperature [ITS-90, deg C]
# name 9 = depSM: Depth [salt water, m], lat = 59.00
# name 10 = potemp090C: Potential Temperature [ITS-90, deg C]
# name 11 = sigma-é00: Density [sigma-theta, kg/m^3]
# name 12 = sbeox0ML/L: Oxygen, SBE 43 [ml/l]
# name 13 = sbeox0Mg/L: Oxygen, SBE 43 [mg/l]
# name 14 = sbeox0PS: Oxygen, SBE 43 [% saturation]
# name 15 = sbox0Mm/Kg: Oxygen, SBE 43 [umol/kg]
# name 16 = sbeox0Mm/L: Oxygen, SBE 43 [umol/l]
# name 17 = sbox0dV/dT: Oxygen, SBE 43 [dov/dt]
# name 18 = oxsolML/L: Oxygen Saturation, Garcia & Gordon [ml/l]
# name 19 = oxsolMg/L: Oxygen Saturation, Garcia & Gordon [mg/l]
# name 20 = oxsolMm/Kg: Oxygen Saturation, Garcia & Gordon [umol/kg]
# name 21 = n2satMg/L: Nitrogen Saturation [mg/l]
# name 22 = par: PAR/Irradiance, Biospherical/Licor
# name 23 = wetStar: Fluorescence, WET Labs WETstar [mg/m^3]
# name 24 = CStarAt0: Beam Attenuation, WET Labs C-Star [1/m]
# name 25 = CStarTr0: Beam Transmission, WET Labs C-Star [%]
# name 26 = flag: flag
# span 0 =        181,        711       
# span 1 =  38.543611,  38.545145       
# span 2 =    0.01250,    0.04931       
# span 3 =     0.7503,     2.9582       
# span 4 =     45.019,    177.490       
# span 5 =      1.014,     60.552       
# span 6 =  51112.385,  51343.766       
# span 7 =    31.8397,    31.9509       
# span 8 =     5.0773,     5.4177       
# span 9 =      1.000,     60.000       
# span 10 =     5.1735,     5.4124      
# span 11 =    25.1417,    25.2502      
# span 12 =     3.2449,     3.3675      
# span 13 =     4.6373,     4.8125      
# span 14 =     45.041,     47.060      
# span 15 =    141.362,    146.702      
# span 16 =    144.918,    150.393      
# span 17 =   -0.00117,    0.00254      
# span 18 =    7.14976,    7.20519      
# span 19 =   10.21775,   10.29694      
# span 20 =  311.46730,  313.85151      
# span 21 =   16.02494,   16.13831      
# span 22 = 2.1145e-01, 8.3055e+01      
# span 23 =     0.3261,     0.6871      
# span 24 =     0.2755,     1.2991      
# span 25 =    79.3117,    93.3428      
# span 26 = 0.0000e+00, 0.0000e+00      
# interval = meters: 1                  
# start_time = Feb 07 2017 13:02:03 [Instrument's time stamp, header]
# bad_flag = -9.990e-29
*END*
        181  38.543611    0.01250     0.7503     45.019      1.014  51343.766    31.9509     5.0773      1.000     5.1735    25.2502     3.2453     4.6378     45.041    141.362    144.935    0.00107    7.20519   10.29694  313.85151   16.13831 8.3055e+01     0.3261     1.2991    79.3117 0.0000e+00
        391  38.544218    0.02707     1.6240     97.439      2.017  51122.166    31.8446     5.2529      2.000     5.2576    25.1466     3.2449     4.6373     45.189    141.363    144.918    0.00040    7.18073   10.26198  312.82458   16.08981 6.6877e+01     0.4655     0.4687    89.2198 0.0000e+00
        403  38.544253    0.02791     1.6744    100.465      3.028  51112.385    31.8397     5.2623      3.000     5.2630    25.1417     3.2571     4.6547     45.368    141.894    145.462    0.00170    7.17936   10.26001  312.76646   16.08706 6.0113e+01     0.4726     0.4256    89.9057 0.0000e+00
        408  38.544269    0.02828     1.6968    101.809      4.037  51115.272    31.8418     5.2653      4.000     5.2665    25.1431     3.2683     4.6708     45.528    142.384    145.965    0.00222    7.17875   10.25915  312.73973   16.08578 5.7755e+01     0.5110     0.4183    90.0692 0.0000e+00
        414  38.544284    0.02866     1.7198    103.188      5.049  51120.539    31.8460     5.2704      5.000     5.2739    25.1458     3.2778     4.6844     45.667    142.798    146.388    0.00254    7.17766   10.25760  312.69158   16.08348 5.3299e+01     0.5400     0.4084    90.2955 0.0000e+00
        419  38.544299    0.02902     1.7409    104.455      6.055  51124.852    31.8512     5.2828      6.000     5.2866    25.1484     3.2847     4.6942     45.778    143.098    146.696    0.00231    7.17530   10.25422  312.58786   16.07851 4.8815e+01     0.5764     0.4004    90.4734 0.0000e+00
        424  38.544315    0.02940     1.7640    105.839      7.067  51125.904    31.8530     5.2904      7.000     5.2953    25.1491     3.2886     4.6998     45.841    143.267    146.869    0.00198    7.17391   10.25224  312.52725   16.07562 4.5228e+01     0.5875     0.3935    90.6321 0.0000e+00
        430  38.544330    0.02976     1.7854    107.126      8.078  51130.950    31.8602     5.3102      8.000     5.3152    25.1526     3.2940     4.7074     45.940    143.499    147.108    0.00180    7.17019   10.24691  312.36379   16.06781 4.0504e+01     0.6135     0.3875    90.7671 0.0000e+00
        435  38.544345    0.03011     1.8063    108.375      9.080  51122.143    31.8551     5.3176      9.000     5.3179    25.1477     3.2986     4.7140     46.011    143.701    147.316    0.00186    7.16917   10.24545  312.32070   16.06577 3.6822e+01     0.6397     0.3824    90.8826 0.0000e+00
        440  38.544362    0.03051     1.8308    109.847     10.104  51125.099    31.8575     5.3215     10.000     5.3230    25.1492     3.2999     4.7160     46.035    143.762    147.377    0.00118    7.16841   10.24437  312.28727   16.06417 3.3194e+01     0.6582     0.3762    91.0228 0.0000e+00
        444  38.544373    0.03079     1.8474    110.842     11.096  51125.452    31.8582     5.3257     11.000     5.3263    25.1493     3.3104     4.7309     46.186    144.216    147.843    0.00200    7.16764   10.24328  312.25406   16.06259 2.9758e+01     0.6444     0.3710    91.1427 0.0000e+00
        450  38.544391    0.03121     1.8726    112.359     12.118  51125.397    31.8584     5.3293     12.000     5.3292    25.1490     3.3104     4.7309     46.189    144.216    147.842    0.00117    7.16703   10.24241  312.22759   16.06133 2.6903e+01     0.6871     0.3621    91.3468 0.0000e+00
        455  38.544405    0.03156     1.8932    113.590     13.121  51129.475    31.8612     5.3320     13.000     5.3329    25.1510     3.3147     4.7370     46.253    144.402    148.035    0.00119    7.16643   10.24154  312.20057   16.06003 2.4215e+01     0.6762     0.3606    91.3785 0.0000e+00
        461  38.544420    0.03191     1.9148    114.887     14.133  51128.520    31.8610     5.3363     14.000     5.3362    25.1504     3.3182     4.7421     46.307    144.558    148.194    0.00122    7.16570   10.24050  312.16896   16.05852 2.1772e+01     0.6795     0.3512    91.5938 0.0000e+00
        466  38.544435    0.03226     1.9359    116.154     15.140  51131.331    31.8629     5.3385     15.000     5.3387    25.1516     3.3261     4.7534     46.420    144.900    148.545    0.00143    7.16525   10.23986  312.14893   16.05757 1.9605e+01     0.6827     0.3517    91.5818 0.0000e+00
        471  38.544450    0.03264     1.9582    117.493     16.151  51130.427    31.8624     5.3414     16.000     5.3407    25.1509     3.3281     4.7561     46.451    144.986    148.632    0.00128    7.16478   10.23919  312.12871   16.05660 1.7729e+01     0.6840     0.3436    91.7679 0.0000e+00
        477  38.544467    0.03304     1.9821    118.924     17.161  51131.184    31.8627     5.3427     17.000     5.3417    25.1510     3.3288     4.7573     46.462    145.018    148.665    0.00070    7.16454   10.23884  312.11801   16.05609 1.6064e+01     0.6762     0.3408    91.8335 0.0000e+00
        482  38.544482    0.03339     2.0038    120.227     18.174  51129.857    31.8612     5.3424     18.000     5.3404    25.1499     3.3355     4.7668     46.555    145.310    148.964    0.00122    7.16466   10.23902  312.12384   16.05638 1.4340e+01     0.6684     0.3383    91.8898 0.0000e+00
        487  38.544497    0.03375     2.0249    121.495     19.178  51134.787    31.8642     5.3425     19.000     5.3422    25.1522     3.3375     4.7696     46.584    145.397    149.053    0.00095    7.16450   10.23879  312.11618   16.05600 1.3078e+01     0.6734     0.3322    92.0293 0.0000e+00
        493  38.544513    0.03415     2.0485    122.913     20.191  51133.637    31.8635     5.3455     20.000     5.3441    25.1514     3.3377     4.7700     46.591    145.408    149.065    0.00063    7.16402   10.23810  312.09537   16.05501 1.1781e+01     0.6731     0.3298    92.0844 0.0000e+00
        498  38.544527    0.03449     2.0692    124.153     21.198  51139.400    31.8673     5.3472     21.000     5.3469    25.1542     3.3386     4.7713     46.606    145.445    149.103    0.00037    7.16355   10.23743  312.07418   16.05399 1.0619e+01     0.6491     0.3284    92.1169 0.0000e+00
        503  38.544543    0.03487     2.0923    125.539     22.209  51138.532    31.8667     5.3494     22.000     5.3479    25.1534     3.3428     4.7772     46.667    145.628    149.290    0.00072    7.16319   10.23693  312.05900   16.05327 9.6130e+00     0.6538     0.3248    92.1997 0.0000e+00
        508  38.544558    0.03523     2.1139    126.837     23.224  51140.520    31.8677     5.3498     23.000     5.3480    25.1542     3.3417     4.7756     46.652    145.579    149.241    0.00018    7.16309   10.23679  312.05452   16.05305 8.6034e+00     0.6711     0.3226    92.2516 0.0000e+00
        513  38.544573    0.03557     2.1344    128.061     24.226  51143.405    31.8692     5.3499     24.000     5.3481    25.1554     3.3448     4.7801     46.697    145.717    149.382    0.00048    7.16300   10.23664  312.04985   16.05282 7.8027e+00     0.6597     0.3146    92.4363 0.0000e+00
        519  38.544589    0.03596     2.1578    129.466     25.239  51144.064    31.8692     5.3500     25.000     5.3481    25.1553     3.3493     4.7865     46.759    145.910    149.580    0.00067    7.16298   10.23662  312.04892   16.05278 6.9915e+00     0.6292     0.3132    92.4695 0.0000e+00
        524  38.544603    0.03630     2.1781    130.686     26.248  51145.260    31.8695     5.3499     26.000     5.3478    25.1556     3.3509     4.7888     46.781    145.980    149.652    0.00062    7.16299   10.23663  312.04944   16.05280 6.3400e+00     0.6394     0.3127    92.4811 0.0000e+00
        529  38.544617    0.03665     2.1987    131.925     27.252  51145.858    31.8692     5.3490     27.000     5.3464    25.1555     3.3561     4.7961     46.851    146.202    149.880    0.00094    7.16315   10.23687  312.05661   16.05315 5.7337e+00     0.6423     0.3094    92.5573 0.0000e+00
        534  38.544633    0.03701     2.2211    133.267     28.269  51149.391    31.8710     5.3483     28.000     5.3464    25.1570     3.3613     4.8037     46.925    146.433    150.117    0.00110    7.16318   10.23690  312.05730   16.05317 5.1695e+00     0.6353     0.3047    92.6645 0.0000e+00
        539  38.544648    0.03738     2.2426    134.558     29.278  51151.290    31.8720     5.3492     29.000     5.3476    25.1577     3.3535     4.7925     46.817    146.092    149.768   -0.00018    7.16299   10.23663  312.04882   16.05276 4.6900e+00     0.6409     0.3032    92.6998 0.0000e+00
        544  38.544662    0.03772     2.2629    135.776     30.277  51154.560    31.8742     5.3513     30.000     5.3504    25.1592     3.3588     4.8001     46.895    146.324    150.005    0.00042    7.16251   10.23595  312.02737   16.05173 4.2345e+00     0.6290     0.3023    92.7200 0.0000e+00
        550  38.544680    0.03815     2.2889    137.332     31.304  51153.215    31.8734     5.3543     31.000     5.3522    25.1583     3.3577     4.7985     46.882    146.275    149.955    0.00013    7.16204   10.23528  312.00729   16.05078 3.8309e+00     0.6268     0.2996    92.7818 0.0000e+00
        555  38.544694    0.03850     2.3102    138.609     32.301  51155.466    31.8748     5.3557     32.000     5.3540    25.1592     3.3597     4.8014     46.912    146.363    150.045    0.00037    7.16174   10.23484  311.99372   16.05013 3.4608e+00     0.6173     0.2987    92.8059 0.0000e+00
        561  38.544711    0.03890     2.3342    140.050     33.312  51155.592    31.8747     5.3572     33.000     5.3550    25.1590     3.3609     4.8030     46.930    146.414    150.097    0.00016    7.16151   10.23451  311.98352   16.04964 3.1248e+00     0.6072     0.2955    92.8799 0.0000e+00
        567  38.544728    0.03931     2.3585    141.510     34.329  51159.263    31.8770     5.3588     34.000     5.3578    25.1607     3.3606     4.8026     46.928    146.401    150.084    0.00006    7.16111   10.23395  311.96619   16.04880 2.8166e+00     0.6265     0.2943    92.9052 0.0000e+00
        572  38.544742    0.03965     2.3790    142.739     35.329  51160.808    31.8786     5.3633     35.000     5.3619    25.1614     3.3651     4.8090     46.996    146.596    150.284    0.00057    7.16027   10.23275  311.92935   16.04705 2.5568e+00     0.6175     0.2932    92.9314 0.0000e+00
        578  38.544760    0.04008     2.4049    144.292     36.351  51162.315    31.8799     5.3670     36.000     5.3655    25.1620     3.3675     4.8125     47.035    146.702    150.393    0.00054    7.15959   10.23176  311.89913   16.04560 2.3098e+00     0.6155     0.2902    93.0014 0.0000e+00
        583  38.544773    0.04039     2.4235    145.408     37.347  51164.390    31.8815     5.3702     37.000     5.3689    25.1630     3.3609     4.8032     46.948    146.417    150.100   -0.00036    7.15896   10.23088  311.87172   16.04429 2.0840e+00     0.6002     0.2919    92.9635 0.0000e+00
        588  38.544790    0.04078     2.4469    146.815     38.364  51164.613    31.8820     5.3742     38.000     5.3721    25.1629     3.3587     4.7999     46.921    146.319    150.000   -0.00044    7.15826   10.22986  311.84100   16.04283 1.8914e+00     0.6068     0.2890    93.0296 0.0000e+00
        594  38.544805    0.04115     2.4693    148.158     39.374  51170.741    31.8863     5.3768     39.000     5.3756    25.1660     3.3623     4.8050     46.975    146.474    150.161   -0.00004    7.15761   10.22895  311.81192   16.04142 1.7058e+00     0.6176     0.2897    93.0117 0.0000e+00
        598  38.544819    0.04148     2.4888    149.327     40.379  51173.502    31.8884     5.3805     40.000     5.3790    25.1673     3.3660     4.8104     47.032    146.636    150.327    0.00054    7.15688   10.22789  311.77928   16.03986 1.5432e+00     0.6312     0.2888    93.0353 0.0000e+00
        604  38.544836    0.04189     2.5134    150.802     41.393  51176.046    31.8906     5.3845     41.000     5.3824    25.1686     3.3620     4.8047     46.982    146.462    150.148   -0.00006    7.15610   10.22678  311.74505   16.03822 1.4013e+00     0.6155     0.2844    93.1366 0.0000e+00
        609  38.544851    0.04225     2.5352    152.114     42.396  51180.646    31.8939     5.3876     42.000     5.3863    25.1709     3.3657     4.8100     47.038    146.624    150.316    0.00013    7.15540   10.22578  311.71395   16.03673 1.2583e+00     0.6267     0.2896    93.0164 0.0000e+00
        615  38.544866    0.04263     2.5576    153.458     43.410  51185.957    31.8983     5.3933     43.000     5.3918    25.1737     3.3638     4.8072     47.018    146.537    150.226    0.00012    7.15423   10.22411  311.66221   16.03424 1.1408e+00     0.6210     0.2884    93.0437 0.0000e+00
        621  38.544883    0.04304     2.5823    154.939     44.422  51184.563    31.8975     5.3964     44.000     5.3933    25.1727     3.3617     4.8042     46.992    146.448    150.134   -0.00032    7.15375   10.22342  311.64145   16.03326 1.0320e+00     0.6186     0.2855    93.1105 0.0000e+00
        626  38.544898    0.04339     2.6033    156.200     45.426  51188.847    31.9003     5.3980     45.000     5.3961    25.1747     3.3664     4.8109     47.060    146.651    150.343    0.00045    7.15334   10.22284  311.62310   16.03238 9.3057e-01     0.6132     0.2876    93.0613 0.0000e+00
        631  38.544914    0.04378     2.6268    157.606     46.442  51189.422    31.9011     5.4025     46.000     5.3997    25.1749     3.3569     4.7974     46.933    146.239    149.919   -0.00089    7.15253   10.22168  311.58778   16.03069 8.4455e-01     0.6211     0.2836    93.1545 0.0000e+00
        637  38.544931    0.04417     2.6502    159.015     47.448  51191.803    31.9026     5.4039     47.000     5.4014    25.1759     3.3617     4.8043     47.003    146.448    150.136    0.00007    7.15223   10.22125  311.57459   16.03005 7.6520e-01     0.6176     0.2819    93.1940 0.0000e+00
        643  38.544948    0.04459     2.6755    160.531     48.460  51192.162    31.9029     5.4067     48.000     5.4035    25.1759     3.3574     4.7980     46.945    146.259    149.942   -0.00058    7.15174   10.22055  311.55288   16.02902 6.9096e-01     0.6137     0.2798    93.2430 0.0000e+00
        649  38.544964    0.04497     2.6983    161.897     49.466  51191.982    31.9025     5.4078     49.000     5.4041    25.1754     3.3496     4.7869     46.837    145.918    149.591   -0.00117    7.15156   10.22030  311.54552   16.02867 6.2389e-01     0.6256     0.2787    93.2698 0.0000e+00
        655  38.544983    0.04543     2.7254    163.526     50.482  51192.146    31.9020     5.4076     50.000     5.4036    25.1751     3.3563     4.7966     46.931    146.214    149.895   -0.00003    7.15162   10.22039  311.54826   16.02880 5.6478e-01     0.6139     0.2755    93.3428 0.0000e+00
        660  38.544998    0.04578     2.7471    164.825     51.482  51193.468    31.9024     5.4073     51.000     5.4035    25.1754     3.3522     4.7906     46.873    146.033    149.710   -0.00052    7.15165   10.22043  311.54952   16.02886 5.1061e-01     0.6207     0.2837    93.1514 0.0000e+00
        666  38.545015    0.04620     2.7722    166.332     52.502  51193.709    31.9022     5.4078     52.000     5.4039    25.1753     3.3555     4.7954     46.921    146.178    149.858    0.00001    7.15158   10.22032  311.54616   16.02870 4.6211e-01     0.6242     0.2829    93.1724 0.0000e+00
        672  38.545032    0.04659     2.7954    167.727     53.506  51195.359    31.9030     5.4082     53.000     5.4044    25.1758     3.3507     4.7885     46.854    145.969    149.643   -0.00054    7.15146   10.22016  311.54127   16.02847 4.1958e-01     0.6327     0.2810    93.2151 0.0000e+00
