CTD-processing/allCTD/CNV/2017_07-26_t6_s04_cast251_4141.cnv
* Sea-Bird SBE19plus Data File:
* FileName = C:\Users\Kim.Powell\Desktop\2017_07-26\2017_07-26_TRANSECT_STATION_cast251.hex
* Software Version 1.59
* Temperature SN =  4141
* Conductivity SN =  4141
* System UpLoad Time = Aug 04 2017 16:30:10
** 2017_07-26
** Transect: Transect 6
** Station: 6-04
** Start Time: 12:49
** Depth(m): 102.1
** Comment:
** Comment:
# nquan = 27
# nvalues = 84                          
# units = specified
# name 0 = scan: Scan Count
# name 1 = timeJ: Julian Days
# name 2 = timeH: Time, Elapsed [hours]
# name 3 = timeM: Time, Elapsed [minutes]
# name 4 = timeS: Time, Elapsed [seconds]
# name 5 = prdM: Pressure, Strain Gauge [db]
# name 6 = specc: Specific Conductance [uS/cm]
# name 7 = sal00: Salinity, Practical [PSU]
# name 8 = tv290C: Temperature [ITS-90, deg C]
# name 9 = depSM: Depth [salt water, m], lat = 59.00
# name 10 = potemp090C: Potential Temperature [ITS-90, deg C]
# name 11 = sigma-é00: Density [sigma-theta, kg/m^3]
# name 12 = sbeox0ML/L: Oxygen, SBE 43 [ml/l]
# name 13 = sbeox0Mg/L: Oxygen, SBE 43 [mg/l]
# name 14 = sbeox0PS: Oxygen, SBE 43 [% saturation]
# name 15 = sbox0Mm/Kg: Oxygen, SBE 43 [umol/kg]
# name 16 = sbeox0Mm/L: Oxygen, SBE 43 [umol/l]
# name 17 = sbox0dV/dT: Oxygen, SBE 43 [dov/dt]
# name 18 = oxsolML/L: Oxygen Saturation, Garcia & Gordon [ml/l]
# name 19 = oxsolMg/L: Oxygen Saturation, Garcia & Gordon [mg/l]
# name 20 = oxsolMm/Kg: Oxygen Saturation, Garcia & Gordon [umol/kg]
# name 21 = n2satMg/L: Nitrogen Saturation [mg/l]
# name 22 = par: PAR/Irradiance, Biospherical/Licor
# name 23 = wetStar: Fluorescence, WET Labs WETstar [mg/m^3]
# name 24 = CStarAt0: Beam Attenuation, WET Labs C-Star [1/m]
# name 25 = CStarTr0: Beam Transmission, WET Labs C-Star [%]
# name 26 = flag: flag
# span 0 =        196,        719       
# span 1 = 207.535447, 207.536961       
# span 2 =    0.01351,    0.04983       
# span 3 =     0.8105,     2.9898       
# span 4 =     48.628,    179.391       
# span 5 =      1.013,     84.802       
# span 6 =  49910.538,  50199.645       
# span 7 =    31.6617,    31.7683       
# span 8 =     8.6113,     9.0542       
# span 9 =      1.000,     84.000       
# span 10 =     8.6026,     9.0541      
# span 11 =    24.5009,    24.6487      
# span 12 =     2.6947,     2.8461      
# span 13 =     3.8510,     4.0673      
# span 14 =     40.914,     42.862      
# span 15 =    117.467,    124.047      
# span 16 =    120.346,    127.104      
# span 17 =   -0.00068,    0.00190      
# span 18 =    6.58635,    6.64810      
# span 19 =    9.41255,    9.50079      
# span 20 =  287.10844,  289.76170      
# span 21 =   14.86370,   14.99016      
# span 22 = 4.8381e-02, 1.6729e+02      
# span 23 =     0.9804,     1.3597      
# span 24 =     0.2742,     0.4999      
# span 25 =    88.2988,    93.3755      
# span 26 = 0.0000e+00, 0.0000e+00      
# interval = meters: 1                  
# start_time = Jul 26 2017 12:50:14 [Instrument's time stamp, header]
# bad_flag = -9.990e-29
*END*
        196 207.535447    0.01351     0.8105     48.628      1.013  49933.417    31.6828     9.0542      1.000     9.0541    24.5133     2.6947     3.8510     40.914    117.467    120.346   -0.00034    6.58635    9.41255  287.10844   14.86370 1.6729e+02     1.1259     0.4999    88.2988 0.0000e+00
        286 207.535710    0.01982     1.1891     71.349      2.018  49912.095    31.6641     9.0312      2.000     9.0312    24.5023     2.7016     3.8608     40.992    117.767    120.652    0.00110    6.59053    9.41852  287.29349   14.87262 1.2559e+02     1.1894     0.4067    90.3355 0.0000e+00
        296 207.535737    0.02046     1.2274     73.647      3.031  49910.812    31.6627     9.0308      3.000     9.0295    24.5013     2.7038     3.8641     41.026    117.867    120.755    0.00100    6.59065    9.41869  287.29901   14.87289 9.9348e+01     1.1961     0.3822    90.8880 0.0000e+00
        300 207.535750    0.02078     1.2471     74.827      4.037  49910.538    31.6617     9.0280      4.000     9.0256    24.5009     2.7013     3.8604     40.984    117.754    120.639    0.00014    6.59110    9.41934  287.31884   14.87384 8.7093e+01     1.2336     0.3750    91.0502 0.0000e+00
        305 207.535765    0.02114     1.2686     76.115      5.044  49914.182    31.6629     9.0217      5.000     9.0191    24.5028     2.7052     3.8660     41.038    117.924    120.814    0.00049    6.59197    9.42059  287.35629   14.87563 7.8585e+01     1.2624     0.3712    91.1382 0.0000e+00
        312 207.535782    0.02157     1.2938     77.625      6.062  49917.187    31.6639     9.0164      6.000     9.0139    24.5044     2.7109     3.8742     41.120    118.174    121.070    0.00098    6.59270    9.42163  287.38790   14.87713 7.0999e+01     1.2825     0.3810    90.9157 0.0000e+00
        316 207.535796    0.02187     1.3125     78.751      7.065  49920.248    31.6649     9.0121      7.000     9.0094    24.5059     2.7096     3.8722     41.096    118.114    121.009    0.00035    6.59329    9.42247  287.41306   14.87833 6.3247e+01     1.2946     0.3605    91.3817 0.0000e+00
        320 207.535808    0.02218     1.3309     79.851      8.073  49921.531    31.6648     9.0082      8.000     9.0041    24.5065     2.7101     3.8730     41.100    118.136    121.031    0.00012    6.59386    9.42328  287.43758   14.87950 5.7039e+01     1.3186     0.3759    91.0310 0.0000e+00
        326 207.535824    0.02255     1.3533     81.196      9.085  49930.058    31.6696     9.0030      9.000     9.0041    24.5110     2.7148     3.8796     41.167    118.340    121.241    0.00061    6.59442    9.42409  287.46080   14.88060 5.1880e+01     1.3282     0.3487    91.6510 0.0000e+00
        331 207.535839    0.02291     1.3743     82.456     10.094  49924.936    31.6661     9.0064     10.000     9.0033    24.5078     2.7174     3.8834     41.210    118.455    121.358    0.00075    6.59408    9.42360  287.44705   14.87996 4.6564e+01     1.3180     0.3479    91.6699 0.0000e+00
        336 207.535853    0.02325     1.3950     83.700     11.112  49923.491    31.6638     9.0007     11.000     8.9910    24.5069     2.7227     3.8910     41.284    118.688    121.596    0.00097    6.59501    9.42493  287.48783   14.88191 4.0641e+01     1.3597     0.3371    91.9169 0.0000e+00
        340 207.535864    0.02352     1.4111     84.667     12.099  49934.348    31.6677     8.9780     12.000     8.9693    24.5135     2.7287     3.8995     41.355    118.946    121.862    0.00149    6.59817    9.42944  287.62361   14.88838 3.6338e+01     1.3432     0.3375    91.9081 0.0000e+00
        346 207.535883    0.02397     1.4380     86.283     13.136  49949.473    31.6766     8.9682     13.000     8.9656    24.5218     2.7316     3.9038     41.393    119.074    121.994    0.00085    6.59923    9.43095  287.66737   14.89044 3.3198e+01     1.3265     0.3300    92.0825 0.0000e+00
        350 207.535894    0.02425     1.4548     87.286     14.125  49953.020    31.6774     8.9592     14.000     8.9562    24.5238     2.7408     3.9168     41.524    119.472    122.401    0.00189    6.60052    9.43281  287.72333   14.89311 2.8955e+01     1.3000     0.3303    92.0752 0.0000e+00
        355 207.535907    0.02455     1.4733     88.399     15.139  49952.577    31.6764     8.9579     15.000     8.9522    24.5233     2.7444     3.9221     41.578    119.633    122.567    0.00168    6.60075    9.43313  287.73337   14.89360 2.5839e+01     1.2965     0.3281    92.1263 0.0000e+00
        360 207.535923    0.02494     1.4964     89.787     16.151  49961.252    31.6797     8.9420     16.000     8.9366    24.5284     2.7498     3.9298     41.646    119.868    122.809    0.00142    6.60296    9.43628  287.82806   14.89811 2.2755e+01     1.2758     0.3210    92.2891 0.0000e+00
        366 207.535940    0.02534     1.5204     91.222     17.162  49968.765    31.6834     8.9338     17.000     8.9306    24.5325     2.7548     3.9370     41.715    120.085    123.032    0.00136    6.60400    9.43778  287.87241   14.90021 2.0199e+01     1.2685     0.3202    92.3067 0.0000e+00
        371 207.535955    0.02570     1.5420     92.520     18.179  49972.175    31.6850     8.9313     18.000     8.9294    24.5342     2.7604     3.9449     41.797    120.327    123.279    0.00149    6.60430    9.43822  287.88538   14.90083 1.7824e+01     1.2471     0.3158    92.4070 0.0000e+00
        375 207.535966    0.02595     1.5571     93.428     19.181  49972.243    31.6846     8.9315     19.000     8.9293    24.5339     2.7641     3.9502     41.854    120.490    123.446    0.00147    6.60428    9.43818  287.88438   14.90078 1.5606e+01     1.2565     0.3169    92.3845 0.0000e+00
        379 207.535979    0.02627     1.5764     94.585     20.183  49973.718    31.6855     8.9333     20.000     8.9327    24.5343     2.7672     3.9546     41.902    120.624    123.583    0.00135    6.60398    9.43774  287.87090   14.90013 1.4033e+01     1.2498     0.3190    92.3339 0.0000e+00
        386 207.535999    0.02677     1.6058     96.351     21.215  49970.918    31.6837     8.9377     21.000     8.9358    24.5322     2.7765     3.9679     42.047    121.030    123.999    0.00190    6.60342    9.43694  287.84698   14.89900 1.2272e+01     1.2310     0.3111    92.5171 0.0000e+00
        390 207.536010    0.02702     1.6214     97.281     22.201  49973.033    31.6853     8.9416     22.000     8.9422    24.5329     2.7771     3.9688     42.060    121.055    124.025    0.00142    6.60277    9.43602  287.81875   14.89764 1.0893e+01     1.2516     0.3113    92.5130 0.0000e+00
        395 207.536025    0.02739     1.6433     98.598     23.226  49967.068    31.6813     8.9461     23.000     8.9430    24.5291     2.7751     3.9659     42.032    120.969    123.937    0.00048    6.60227    9.43531  287.79825   14.89667 9.6044e+00     1.2426     0.3095    92.5540 0.0000e+00
        399 207.536037    0.02766     1.6598     99.585     24.221  49968.718    31.6817     8.9436     24.000     8.9400    24.5298     2.7783     3.9704     42.078    121.107    124.078    0.00064    6.60264    9.43583  287.81396   14.89743 8.4905e+00     1.2516     0.3091    92.5636 0.0000e+00
        405 207.536053    0.02807     1.6838    101.029     25.239  49970.230    31.6817     8.9395     25.000     8.9350    24.5304     2.7870     3.9830     42.207    121.489    124.469    0.00145    6.60323    9.43668  287.83952   14.89865 7.5659e+00     1.2629     0.3062    92.6311 0.0000e+00
        411 207.536069    0.02844     1.7066    102.395     26.246  49975.032    31.6840     8.9353     26.000     8.9325    24.5329     2.7876     3.9837     42.212    121.513    124.494    0.00077    6.60376    9.43743  287.86169   14.89970 6.6371e+00     1.2543     0.3041    92.6801 0.0000e+00
        416 207.536084    0.02878     1.7271    103.625     27.264  49977.268    31.6853     8.9361     27.000     8.9355    24.5338     2.7907     3.9882     42.261    121.650    124.635    0.00088    6.60357    9.43717  287.85341   14.89930 5.8267e+00     1.2602     0.3071    92.6079 0.0000e+00
        420 207.536096    0.02907     1.7443    104.657     28.254  49975.547    31.6844     8.9415     28.000     8.9407    24.5323     2.7914     3.9892     42.275    121.679    124.663    0.00071    6.60282    9.43610  287.82126   14.89777 5.1555e+00     1.2567     0.3034    92.6942 0.0000e+00
        427 207.536117    0.02957     1.7746    106.478     29.290  49970.260    31.6812     8.9477     29.000     8.9431    24.5288     2.7947     3.9940     42.331    121.824    124.812    0.00068    6.60204    9.43499  287.78822   14.89620 4.5780e+00     1.2578     0.3029    92.7069 0.0000e+00
        431 207.536128    0.02985     1.7912    107.470     30.282  49951.785    31.6661     8.9367     30.000     8.9127    24.5187     2.7980     3.9988     42.368    121.973    124.963    0.00084    6.60430    9.43822  287.88977   14.90111 4.0106e+00     1.2703     0.3040    92.6805 0.0000e+00
        435 207.536141    0.03016     1.8093    108.557     31.287  49995.251    31.6916     8.9049     31.000     8.9037    24.5436     2.8029     4.0056     42.417    122.177    125.176    0.00086    6.60790    9.44336  288.03954   14.90817 3.5732e+00     1.2635     0.3028    92.7079 0.0000e+00
        442 207.536159    0.03060     1.8358    110.150     32.311  49984.634    31.6863     8.9227     32.000     8.9189    24.5367     2.8010     4.0029     42.404    122.097    125.093    0.00030    6.60551    9.43993  287.93709   14.90329 3.1706e+00     1.2253     0.2985    92.8091 0.0000e+00
        446 207.536173    0.03093     1.8561    111.365     33.311  49985.505    31.6857     8.9177     33.000     8.9113    24.5371     2.8038     4.0069     42.441    122.217    125.216    0.00040    6.60627    9.44101  287.96994   14.90487 2.7910e+00     1.2314     0.2956    92.8757 0.0000e+00
        451 207.536187    0.03128     1.8766    112.594     34.326  49991.645    31.6886     8.9103     34.000     8.9053    24.5404     2.8067     4.0110     42.478    122.343    125.345    0.00061    6.60724    9.44240  288.01115   14.90682 2.4622e+00     1.2293     0.2986    92.8057 0.0000e+00
        457 207.536203    0.03164     1.8984    113.902     35.329  49995.270    31.6913     8.9148     35.000     8.9147    24.5419     2.8069     4.0114     42.488    122.354    125.357    0.00038    6.60647    9.44130  287.97727   14.90519 2.1894e+00     1.2204     0.2969    92.8445 0.0000e+00
        463 207.536222    0.03209     1.9258    115.551     36.352  49988.301    31.6868     8.9200     36.000     8.9168    24.5375     2.8075     4.0122     42.500    122.380    125.382    0.00026    6.60588    9.44047  287.95309   14.90405 1.9202e+00     1.2063     0.3005    92.7643 0.0000e+00
        468 207.536234    0.03240     1.9438    116.628     37.344  49987.475    31.6864     8.9252     37.000     8.9213    24.5365     2.8073     4.0119     42.502    122.371    125.374    0.00010    6.60513    9.43940  287.92082   14.90252 1.6974e+00     1.2264     0.2978    92.8238 0.0000e+00
        474 207.536253    0.03286     1.9712    118.274     38.371  49986.856    31.6850     8.9214     38.000     8.9145    24.5360     2.8101     4.0159     42.540    122.493    125.499    0.00038    6.60575    9.44028  287.94807   14.90383 1.5083e+00     1.2210     0.3008    92.7562 0.0000e+00
        479 207.536267    0.03319     1.9915    119.489     39.368  49996.285    31.6906     8.9174     39.000     8.9172    24.5410     2.8123     4.0191     42.572    122.590    125.599    0.00034    6.60611    9.44079  287.96195   14.90447 1.3361e+00     1.2504     0.3031    92.7025 0.0000e+00
        484 207.536283    0.03356     2.0136    120.815     40.385  49990.913    31.6880     8.9286     40.000     8.9276    24.5373     2.8130     4.0200     42.592    122.620    125.629    0.00050    6.60456    9.43858  287.89558   14.90130 1.1842e+00     1.2289     0.2957    92.8743 0.0000e+00
        489 207.536296    0.03389     2.0333    121.995     41.387  49986.016    31.6848     8.9331     41.000     8.9290    24.5341     2.8101     4.0159     42.552    122.495    125.500   -0.00017    6.60405    9.43785  287.87417   14.90030 1.0471e+00     1.2253     0.2982    92.8167 0.0000e+00
        495 207.536314    0.03431     2.0582    123.493     42.401  49984.720    31.6833     8.9321     42.000     8.9263    24.5331     2.8135     4.0208     42.601    122.642    125.651    0.00026    6.60425    9.43813  287.88314   14.90073 9.2780e-01     1.2251     0.2996    92.7839 0.0000e+00
        501 207.536330    0.03470     2.0819    124.916     43.416  49983.159    31.6809     8.9263     43.000     8.9152    24.5322     2.8175     4.0265     42.656    122.817    125.830    0.00069    6.60521    9.43951  287.92532   14.90276 8.1495e-01     1.2456     0.2949    92.8930 0.0000e+00
        505 207.536343    0.03500     2.1002    126.014     44.412  49994.143    31.6861     8.9121     44.000     8.9042    24.5384     2.8154     4.0235     42.612    122.725    125.736   -0.00014    6.60708    9.44217  288.00486   14.90654 7.2461e-01     1.2277     0.2973    92.8374 0.0000e+00
        511 207.536360    0.03542     2.1252    127.510     45.440  50002.267    31.6909     8.9087     45.000     8.9052    24.5427     2.8206     4.0309     42.689    122.951    125.969    0.00064    6.60737    9.44260  288.01669   14.90708 6.4458e-01     1.2219     0.2952    92.8843 0.0000e+00
        515 207.536372    0.03570     2.1420    128.517     46.429  50000.480    31.6894     8.9097     46.000     8.9048    24.5413     2.8179     4.0271     42.648    122.833    125.847   -0.00007    6.60729    9.44247  288.01323   14.90692 5.7030e-01     1.2357     0.2970    92.8437 0.0000e+00
        520 207.536387    0.03606     2.1636    129.818     47.456  50001.585    31.6896     8.9090     47.000     8.9037    24.5416     2.8181     4.0273     42.649    122.840    125.854   -0.00015    6.60738    9.44261  288.01740   14.90712 5.0698e-01     1.1997     0.2972    92.8372 0.0000e+00
        526 207.536402    0.03643     2.1860    131.159     48.456  50002.801    31.6900     8.9089     48.000     8.9040    24.5420     2.8175     4.0265     42.641    122.814    125.828   -0.00016    6.60739    9.44263  288.01765   14.90713 4.5217e-01     1.1995     0.2986    92.8058 0.0000e+00
        532 207.536420    0.03686     2.2116    132.694     49.474  50003.841    31.6904     8.9100     49.000     8.9058    24.5421     2.8206     4.0310     42.690    122.952    125.970    0.00038    6.60721    9.44236  288.00942   14.90674 3.9975e-01     1.2054     0.2974    92.8343 0.0000e+00
        536 207.536432    0.03716     2.2295    133.772     50.474  50002.729    31.6894     8.9119     50.000     8.9071    24.5411     2.8205     4.0308     42.690    122.947    125.964    0.00009    6.60696    9.44202  287.99927   14.90626 3.5332e-01     1.2000     0.2972    92.8385 0.0000e+00
        541 207.536448    0.03752     2.2510    135.060     51.483  50002.128    31.6887     8.9128     51.000     8.9073    24.5404     2.8219     4.0328     42.712    123.008    126.027    0.00027    6.60685    9.44186  287.99469   14.90605 3.1587e-01     1.2071     0.2978    92.8249 0.0000e+00
        548 207.536467    0.03799     2.2794    136.765     52.508  50003.789    31.6893     8.9113     52.000     8.9055    24.5411     2.8213     4.0319     42.702    122.981    125.999   -0.00007    6.60707    9.44216  288.00361   14.90646 2.8012e-01     1.2005     0.2955    92.8801 0.0000e+00
        552 207.536479    0.03828     2.2968    137.808     53.498  50004.111    31.6888     8.9101     53.000     8.9038    24.5410     2.8231     4.0346     42.728    123.062    126.082    0.00016    6.60725    9.44242  288.01159   14.90685 2.5084e-01     1.2080     0.2977    92.8278 0.0000e+00
