CTD-processing/allCTD/CNV/2017-07-24-kachemakbay-alongbay-cast221_4141.cnv
* Sea-Bird SBE19plus Data File:
* FileName = P:\My Documents\kasitsna\Research-KBL\Oceanography-AK\CTD-Data-ALL-to-2017-02\2017-CTD-KachemakBay-CookInlet\2017-07-24-CookInlet-AlongBay-KB03toKB13\2017-07-24-KachemakBay-AlongBay-cast221.hex
* Software Version 1.59
* Temperature SN =  4141
* Conductivity SN =  4141
* System UpLoad Time = Jul 24 2017 20:09:09
** Cook Inlet Along Kachemak Bay Transect (KB03 to KB13)
** Date: 2017-07-24
** Station: (eg. 9-01): to add
** Start time (AKDT): to add
** Depth (ft): to add
** Comment: R/V Edgecumbe.  Quarterly survey.
** Comment:
# nquan = 27
# nvalues = 49                          
# units = specified
# name 0 = scan: Scan Count
# name 1 = timeJ: Julian Days
# name 2 = timeH: Time, Elapsed [hours]
# name 3 = timeM: Time, Elapsed [minutes]
# name 4 = timeS: Time, Elapsed [seconds]
# name 5 = prdM: Pressure, Strain Gauge [db]
# name 6 = specc: Specific Conductance [uS/cm]
# name 7 = sal00: Salinity, Practical [PSU]
# name 8 = tv290C: Temperature [ITS-90, deg C]
# name 9 = depSM: Depth [salt water, m], lat = 59.00
# name 10 = potemp090C: Potential Temperature [ITS-90, deg C]
# name 11 = sigma-é00: Density [sigma-theta, kg/m^3]
# name 12 = sbeox0ML/L: Oxygen, SBE 43 [ml/l]
# name 13 = sbeox0Mg/L: Oxygen, SBE 43 [mg/l]
# name 14 = sbeox0PS: Oxygen, SBE 43 [% saturation]
# name 15 = sbox0Mm/Kg: Oxygen, SBE 43 [umol/kg]
# name 16 = sbeox0Mm/L: Oxygen, SBE 43 [umol/l]
# name 17 = sbox0dV/dT: Oxygen, SBE 43 [dov/dt]
# name 18 = oxsolML/L: Oxygen Saturation, Garcia & Gordon [ml/l]
# name 19 = oxsolMg/L: Oxygen Saturation, Garcia & Gordon [mg/l]
# name 20 = oxsolMm/Kg: Oxygen Saturation, Garcia & Gordon [umol/kg]
# name 21 = n2satMg/L: Nitrogen Saturation [mg/l]
# name 22 = par: PAR/Irradiance, Biospherical/Licor
# name 23 = wetStar: Fluorescence, WET Labs WETstar [mg/m^3]
# name 24 = CStarAt0: Beam Attenuation, WET Labs C-Star [1/m]
# name 25 = CStarTr0: Beam Transmission, WET Labs C-Star [%]
# name 26 = flag: flag
# span 0 =        167,        528       
# span 1 = 205.609842, 205.610889       
# span 2 =    0.01150,    0.03662       
# span 3 =     0.6900,     2.1968       
# span 4 =     41.399,    131.807       
# span 5 =      1.004,     49.418       
# span 6 =  36359.403,  50197.828       
# span 7 =    22.5538,    31.6233       
# span 8 =     7.5221,    11.8088       
# span 9 =      1.000,     49.000       
# span 10 =     7.5090,    11.7799      
# span 11 =    16.9764,    24.6802      
# span 12 =     2.5252,     2.9345      
# span 13 =     3.6087,     4.1937      
# span 14 =     39.101,     43.019      
# span 15 =    110.654,    127.898      
# span 16 =    112.774,    131.054      
# span 17 =    0.00009,    0.00492      
# span 18 =    6.45812,    6.82141      
# span 19 =    9.22931,    9.74849      
# span 20 =  282.99715,  297.30895      
# span 21 =   14.68933,   15.35122      
# span 22 = 5.2010e-02, 2.1362e+02      
# span 23 =     0.3295,     4.0104      
# span 24 =     0.5761,    14.0076      
# span 25 =     4.9522,    86.5860      
# span 26 = 0.0000e+00, 0.0000e+00      
# interval = meters: 1                  
# start_time = Jul 24 2017 14:37:29 [Instrument's time stamp, header]
# bad_flag = -9.990e-29
*END*
        167 205.609842    0.01150     0.6900     41.399      1.004  36359.403    22.5538    11.8088      1.000    11.7799    16.9764     2.5782     3.6844     39.228    113.218    115.139    0.00018    6.57213    9.39223  288.61187   14.97347 2.1362e+02     1.8770    14.0076     4.9522 0.0000e+00
        283 205.610178    0.01955     1.1731     70.388      2.018  40471.364    25.3759    11.7953      2.000    11.6725    19.1626     2.5252     3.6087     39.101    110.654    112.774    0.00062    6.45812    9.22931  282.99715   14.69291 3.0603e+01     3.1578     5.2010    30.6188 0.0000e+00
        286 205.610189    0.01981     1.1888     71.329      3.030  43055.075    27.1164    11.2067      3.000    10.8972    20.6107     2.5322     3.6187     39.143    110.803    113.087    0.00033    6.46903    9.24489  283.07235   14.68933 1.2515e+01     4.0104     2.1469    57.4780 0.0000e+00
        291 205.610203    0.02015     1.2087     72.523      4.035  44905.153    28.3462    10.6023      4.000    10.3731    21.6658     2.5612     3.6602     39.382    111.955    114.381    0.00211    6.50343    9.29405  284.28421   14.74226 9.1766e+00     3.9257     1.8661    62.7404 0.0000e+00
        296 205.610218    0.02052     1.2310     73.857      5.049  46728.250    29.5516     9.9855      5.000     9.8390    22.7036     2.5788     3.6854     39.424    112.613    115.170    0.00144    6.54127    9.34814  285.64810   14.80255 5.8158e+00     3.6916     1.4108    70.3288 0.0000e+00
        301 205.610232    0.02085     1.2513     75.080      6.056  47827.495    30.2842     9.6788      6.000     9.5554    23.3236     2.5834     3.6920     39.414    112.748    115.378    0.00047    6.55470    9.36732  286.06081   14.81930 4.3801e+00     2.9944     1.0450    77.0253 0.0000e+00
        306 205.610246    0.02119     1.2715     76.292      7.065  48292.041    30.5812     9.4547      7.000     9.4315    23.5905     2.5905     3.7021     39.401    113.024    115.691    0.00010    6.57465    9.39583  286.85667   14.85614 3.2580e+00     2.4095     0.9458    78.9442 0.0000e+00
        311 205.610261    0.02155     1.2927     77.564      8.075  48511.835    30.7313     9.4264      8.000     9.4357    23.7122     2.5913     3.7032     39.427    113.046    115.727    0.00009    6.57243    9.39265  286.72562   14.84927 2.3848e+00     2.0369     0.8922    80.0118 0.0000e+00
        316 205.610276    0.02190     1.3141     78.845      9.087  48737.126    30.8936     9.4604      9.000     9.4675    23.8336     2.5861     3.6958     39.418    112.805    115.493    0.00010    6.56062    9.37578  286.17660   14.82235 1.8810e+00     1.8723     0.7667    82.5552 0.0000e+00
        322 205.610291    0.02226     1.3355     80.130     10.094  48757.683    30.9071     9.4561     10.000     9.4338    23.8448     2.5903     3.7018     39.482    112.989    115.682    0.00046    6.56068    9.37587  286.17603   14.82227 1.5417e+00     1.7467     0.7059    83.8227 0.0000e+00
        327 205.610306    0.02261     1.3568     81.408     11.106  48848.528    30.9616     9.3889     11.000     9.3582    23.8979     2.5938     3.7068     39.491    113.136    115.839    0.00025    6.56813    9.38651  286.48623   14.83688 1.2580e+00     1.5494     0.6674    84.6324 0.0000e+00
        332 205.610320    0.02296     1.3776     82.655     12.110  49024.993    31.0759     9.3199     12.000     9.3162    23.9980     2.5988     3.7139     39.535    113.340    116.060    0.00056    6.57333    9.39395  286.68506   14.84592 9.7157e-01     1.3724     0.6353    85.3152 0.0000e+00
        337 205.610337    0.02335     1.4014     84.086     13.126  49255.621    31.2429     9.3586     13.000     9.3809    24.1224     2.5971     3.7115     39.586    113.254    115.987    0.00061    6.56063    9.37581  286.09665   14.81711 7.8113e-01     1.1828     0.6003    86.0634 0.0000e+00
        342 205.610351    0.02370     1.4221     85.328     14.133  49259.188    31.2504     9.3988     14.000     9.3813    24.1220     2.5973     3.7119     39.627    113.264    115.996    0.00080    6.55448    9.36701  285.82848   14.80426 6.4027e-01     1.1472     0.5842    86.4119 0.0000e+00
        348 205.610366    0.02407     1.4439     86.631     15.141  49332.312    31.2910     9.3224     15.000     9.2980    24.1657     2.6013     3.7174     39.630    113.430    116.171    0.00043    6.56385    9.38040  286.22475   14.82304 5.1847e-01     1.1150     0.5984    86.1054 0.0000e+00
        353 205.610381    0.02442     1.4655     87.929     16.151  49428.188    31.3529     9.2847     16.000     9.2633    24.2199     2.6036     3.7208     39.648    113.525    116.275    0.00030    6.56673    9.38451  286.33509   14.82807 4.2703e-01     1.1021     0.5960    86.1578 0.0000e+00
        358 205.610396    0.02478     1.4871     89.228     17.161  49483.480    31.3840     9.2316     17.000     9.2166    24.2526     2.6120     3.7327     39.737    113.888    116.650    0.00092    6.57313    9.39367  286.60535   14.84086 3.5471e-01     1.1520     0.6058    85.9461 0.0000e+00
        363 205.610411    0.02514     1.5085     90.507     18.171  49510.596    31.3980     9.1972     18.000     9.1775    24.2687     2.6166     3.7393     39.780    114.088    116.856    0.00092    6.57756    9.39999  286.79362   14.84980 2.9775e-01     1.0166     0.5906    86.2731 0.0000e+00
        368 205.610426    0.02550     1.5299     91.796     19.180  49572.671    31.4349     9.1522     19.000     9.1373    24.3046     2.6184     3.7420     39.778    114.164    116.938    0.00040    6.58257    9.40714  287.00168   14.85961 2.5422e-01     0.9953     0.5962    86.1518 0.0000e+00
        373 205.610441    0.02585     1.5513     93.078     20.189  49571.395    31.4272     9.1071     20.000     9.0543    24.3056     2.6224     3.7478     39.798    114.339    117.119    0.00037    6.58950    9.41705  287.30387   14.87407 2.1962e-01     0.9899     0.5900    86.2858 0.0000e+00
        379 205.610456    0.02623     1.5737     94.422     21.201  49647.046    31.4608     8.9715     21.000     8.9411    24.3527     2.6362     3.7674     39.894    114.932    117.731    0.00093    6.60796    9.44344  288.09556   14.91178 1.9331e-01     0.9497     0.5943    86.1928 0.0000e+00
        384 205.610471    0.02659     1.5950     95.700     22.207  49680.568    31.4765     8.9189     22.000     8.9058    24.3730     2.6417     3.7753     39.936    115.173    117.980    0.00086    6.61505    9.45356  288.39890   14.92622 1.7138e-01     0.8799     0.5908    86.2672 0.0000e+00
        389 205.610487    0.02696     1.6176     97.059     23.221  49668.547    31.4624     8.8832     23.000     8.8623    24.3675     2.6438     3.7782     39.930    115.262    118.071    0.00043    6.62090    9.46194  288.65573   14.93854 1.5138e-01     0.8753     0.5761    86.5860 0.0000e+00
        394 205.610501    0.02731     1.6386     98.319     24.226  49671.441    31.4567     8.8327     24.000     8.8022    24.3706     2.6475     3.7836     39.941    115.425    118.237    0.00018    6.62863    9.47297  288.99159   14.95462 1.3217e-01     0.7829     0.5847    86.4011 0.0000e+00
        400 205.610517    0.02767     1.6604     99.625     25.236  49739.514    31.4958     8.7754     25.000     8.7673    24.4098     2.6529     3.7912     39.980    115.654    118.477    0.00039    6.63544    9.48271  289.27755   14.96812 1.1380e-01     0.7535     0.5915    86.2549 0.0000e+00
        405 205.610532    0.02805     1.6830    100.982     26.249  49770.280    31.5150     8.7617     26.000     8.7464    24.4269     2.6568     3.7968     40.033    115.823    118.653    0.00072    6.63664    9.48441  289.32483   14.97031 9.8958e-02     0.7048     0.6218    85.6024 0.0000e+00
        410 205.610548    0.02841     1.7048    102.290     27.257  49786.307    31.5209     8.7288     27.000     8.7196    24.4366     2.6601     3.8016     40.055    115.968    118.802    0.00049    6.64127    9.49105  289.52427   14.97981 8.7543e-02     0.6673     0.6270    85.4906 0.0000e+00
        415 205.610562    0.02877     1.7263    103.576     28.266  49762.592    31.5006     8.7066     28.000     8.6776    24.4240     2.6645     3.8078     40.094    116.158    118.995    0.00056    6.64545    9.49701  289.70991   14.98876 7.8790e-02     0.6657     0.6359    85.3025 0.0000e+00
        421 205.610578    0.02914     1.7483    104.900     29.276  49776.475    31.5008     8.6453     29.000     8.6177    24.4334     2.6721     3.8186     40.154    116.487    119.334    0.00087    6.65456    9.51003  290.10422   15.00760 7.2662e-02     0.6363     0.6480    85.0438 0.0000e+00
        426 205.610593    0.02951     1.7707    106.239     30.284  49828.515    31.5271     8.5795     30.000     8.5620    24.4638     2.6747     3.8225     40.142    116.602    119.455    0.00018    6.66326    9.52246  290.47489   15.02520 6.7815e-02     0.6403     0.6557    84.8803 0.0000e+00
        431 205.610608    0.02987     1.7923    107.539     31.297  49884.609    31.5608     8.5439     31.000     8.5311    24.4953     2.6839     3.8356     40.256    117.000    119.866    0.00115    6.66712    9.52797  290.63421   15.03268 6.3991e-02     0.5833     0.6155    85.7370 0.0000e+00
        436 205.610623    0.03022     1.8132    108.795     32.302  49908.475    31.5743     8.5256     32.000     8.5190    24.5087     2.6853     3.8376     40.264    117.058    119.927    0.00076    6.66926    9.53105  290.72418   15.03692 6.1375e-02     0.5420     0.5964    86.1488 0.0000e+00
        442 205.610639    0.03060     1.8363    110.176     33.316  49918.269    31.5800     8.5209     33.000     8.5147    24.5140     2.6863     3.8390     40.277    117.101    119.971    0.00039    6.66972    9.53170  290.74268   15.03778 5.9510e-02     0.5061     0.5904    86.2780 0.0000e+00
        447 205.610654    0.03098     1.8588    111.526     34.325  49930.893    31.5874     8.5134     34.000     8.5093    24.5208     2.6923     3.8476     40.361    117.361    120.239    0.00096    6.67052    9.53285  290.77546   15.03932 5.7955e-02     0.4955     0.5880    86.3297 0.0000e+00
        452 205.610669    0.03134     1.8804    112.824     35.331  49922.237    31.5800     8.5083     35.000     8.4894    24.5158     2.6954     3.8520     40.401    117.496    120.376    0.00082    6.67160    9.53439  290.82404   15.04167 5.6817e-02     0.4949     0.6115    85.8230 0.0000e+00
        458 205.610685    0.03172     1.9028    114.167     36.343  49938.241    31.5836     8.4607     36.000     8.4369    24.5256     2.7041     3.8645     40.490    117.875    120.767    0.00120    6.67859    9.54438  291.12581   15.05607 5.5657e-02     0.4937     0.6102    85.8527 0.0000e+00
        463 205.610700    0.03209     1.9254    115.526     37.350  49972.362    31.5992     8.4085     37.000     8.3908    24.5456     2.7142     3.8789     40.597    118.313    121.217    0.00154    6.68576    9.55462  291.43255   15.07066 5.4843e-02     0.4725     0.6594    84.8021 0.0000e+00
        469 205.610717    0.03248     1.9488    116.930     38.367  49985.203    31.6016     8.3686     38.000     8.3422    24.5533     2.7219     3.8897     40.675    118.643    121.557    0.00148    6.69165    9.56305  291.68750   15.08283 5.4306e-02     0.4575     0.6990    83.9668 0.0000e+00
        474 205.610731    0.03283     1.9698    118.187     39.371  50000.488    31.6014     8.3003     39.000     8.2683    24.5632     2.7339     3.9071     40.793    119.171    122.097    0.00181    6.70197    9.57778  292.13418   15.10416 5.3634e-02     0.4550     0.7602    82.6944 0.0000e+00
        479 205.610748    0.03322     1.9935    119.609     40.380  50022.615    31.6053     8.2279     40.000     8.1978    24.5767     2.7531     3.9344     41.012    120.004    122.953    0.00284    6.71276    9.59320  292.60056   15.12642 5.3370e-02     0.4410     0.8869    80.1184 0.0000e+00
        485 205.610765    0.03363     2.0179    121.077     41.394  50055.911    31.6170     8.1558     41.000     8.1389    24.5962     2.7710     3.9601     41.216    120.782    123.753    0.00318    6.72318    9.60810  293.04927   15.14780 5.2968e-02     0.4298     1.0057    77.7689 0.0000e+00
        490 205.610779    0.03397     2.0383    122.301     42.396  50055.848    31.6121     8.1277     42.000     8.1034    24.5965     2.7892     3.9860     41.458    121.575    124.565    0.00400    6.72767    9.61452  293.24511   15.15717 5.2749e-02     0.4099     1.0965    76.0239 0.0000e+00
        496 205.610796    0.03439     2.0634    123.804     43.413  50060.510    31.6020     8.0462     43.000     8.0107    24.6003     2.8107     4.0168     41.699    122.513    125.527    0.00416    6.74051    9.63287  293.80377   15.18389 5.2613e-02     0.4106     1.2198    73.7177 0.0000e+00
        502 205.610812    0.03477     2.0862    125.170     44.420  50028.928    31.5641     7.9494     44.000     7.8731    24.5843     2.8369     4.0543     41.985    123.658    126.698    0.00483    6.75701    9.65644  294.52715   15.21859 5.2434e-02     0.3934     1.3495    71.3734 0.0000e+00
        507 205.610827    0.03512     2.1072    126.433     45.427  50098.714    31.5810     7.7549     45.000     7.7046    24.6249     2.8662     4.0960     42.235    124.927    128.003    0.00486    6.78620    9.69815  295.78756   15.27868 5.2443e-02     0.3877     1.4855    68.9815 0.0000e+00
        512 205.610843    0.03552     2.1312    127.873     46.443  50146.621    31.5986     7.6604     46.000     7.6264    24.6519     2.8902     4.1304     42.503    125.970    129.075    0.00492    6.80002    9.71792  296.38275   15.30703 5.2346e-02     0.3501     1.5145    68.4810 0.0000e+00
        518 205.610858    0.03587     2.1525    129.150     47.444  50197.828    31.6233     7.5960     47.000     7.5863    24.6802     2.9098     4.1583     42.734    126.820    129.950    0.00491    6.80892    9.73063  296.76232   15.32504 5.2242e-02     0.3456     1.5592    67.7195 0.0000e+00
        523 205.610875    0.03627     2.1763    130.580     48.464  50180.759    31.6069     7.5723     48.000     7.5483    24.6706     2.9203     4.1732     42.860    127.277    130.417    0.00376    6.81333    9.73693  296.95733   15.33441 5.2407e-02     0.3295     1.5757    67.4414 0.0000e+00
        528 205.610889    0.03662     2.1968    131.807     49.418  50184.874    31.6009     7.5221     49.000     7.5090    24.6728     2.9345     4.1937     43.019    127.898    131.054    0.00357    6.82141    9.74849  297.30895   15.35122 5.2010e-02     0.3354     1.6173    66.7417 0.0000e+00
