CTD-processing/allCTD/CNV/2017_12-14_alongbay_skb08_cast132_4141.cnv
* Sea-Bird SBE19plus Data File:
* FileName = C:\Users\Kim.Powell\Desktop\Not Processed\2017\2017_12-XX_4141\2017_12-14_TANSECT_STATION_cast132.hex
* Software Version 1.59
* Temperature SN =  4141
* Conductivity SN =  4141
* System UpLoad Time = Dec 18 2017 08:31:38
** 2017_12-14
** Station: KB08
** Start Time: 14:14
** Depth (m): 82.9
** Comment:**CTD recorded date as April 18
** Comment:
# nquan = 27
# nvalues = 71                          
# units = specified
# name 0 = scan: Scan Count
# name 1 = timeJ: Julian Days
# name 2 = timeH: Time, Elapsed [hours]
# name 3 = timeM: Time, Elapsed [minutes]
# name 4 = timeS: Time, Elapsed [seconds]
# name 5 = prdM: Pressure, Strain Gauge [db]
# name 6 = specc: Specific Conductance [uS/cm]
# name 7 = sal00: Salinity, Practical [PSU]
# name 8 = tv290C: Temperature [ITS-90, deg C]
# name 9 = depSM: Depth [salt water, m], lat = 59.00
# name 10 = potemp090C: Potential Temperature [ITS-90, deg C]
# name 11 = sigma-é00: Density [sigma-theta, kg/m^3]
# name 12 = sbeox0ML/L: Oxygen, SBE 43 [ml/l]
# name 13 = sbeox0Mg/L: Oxygen, SBE 43 [mg/l]
# name 14 = sbeox0PS: Oxygen, SBE 43 [% saturation]
# name 15 = sbox0Mm/Kg: Oxygen, SBE 43 [umol/kg]
# name 16 = sbeox0Mm/L: Oxygen, SBE 43 [umol/l]
# name 17 = sbox0dV/dT: Oxygen, SBE 43 [dov/dt]
# name 18 = oxsolML/L: Oxygen Saturation, Garcia & Gordon [ml/l]
# name 19 = oxsolMg/L: Oxygen Saturation, Garcia & Gordon [mg/l]
# name 20 = oxsolMm/Kg: Oxygen Saturation, Garcia & Gordon [umol/kg]
# name 21 = n2satMg/L: Nitrogen Saturation [mg/l]
# name 22 = par: PAR/Irradiance, Biospherical/Licor
# name 23 = wetStar: Fluorescence, WET Labs WETstar [mg/m^3]
# name 24 = CStarAt0: Beam Attenuation, WET Labs C-Star [1/m]
# name 25 = CStarTr0: Beam Transmission, WET Labs C-Star [%]
# name 26 = flag: flag
# span 0 =        270,        623       
# span 1 = 108.594055, 108.595074       
# span 2 =    0.01871,    0.04317       
# span 3 =     1.1226,     2.5906       
# span 4 =     67.356,    155.434       
# span 5 =      1.018,     71.680       
# span 6 =  49146.022,  50055.726       
# span 7 =    30.5650,    31.3371       
# span 8 =     5.6431,     6.5888       
# span 9 =      1.000,     71.000       
# span 10 =     5.6612,     6.5831      
# span 11 =    24.0909,    24.5889      
# span 12 =     2.8501,     2.9069      
# span 13 =     4.0731,     4.1542      
# span 14 =     40.480,     41.006      
# span 15 =    124.234,    126.767      
# span 16 =    127.286,    129.821      
# span 17 =   -0.00099,    0.00102      
# span 18 =    6.98202,    7.17538      
# span 19 =    9.97801,   10.25434      
# span 20 =  304.33458,  312.91425      
# span 21 =   15.68741,   16.09932      
# span 22 = 3.6382e-02, 1.6799e+01      
# span 23 =     0.2084,     0.3738      
# span 24 =     0.6682,     1.2552      
# span 25 =    73.0666,    84.6170      
# span 26 = 0.0000e+00, 0.0000e+00      
# interval = meters: 1                  
# start_time = Apr 18 2017 14:14:19 [Instrument's time stamp, header]
# bad_flag = -9.990e-29
*END*
        270 108.594055    0.01871     1.1226     67.356      1.018  49146.022    30.5650     5.6431      1.000     5.6612    24.0909     2.9069     4.1542     40.511    126.767    129.821    0.00012    7.17538   10.25434  312.91425   16.09932 1.6799e+01     0.3432     1.2552    73.0666 0.0000e+00
        276 108.594071    0.01911     1.1463     68.779      2.020  49292.560    30.6783     5.7107      2.000     5.7426    24.1728     2.8977     4.1411     40.480    126.356    129.411   -0.00011    7.15850   10.23021  312.15305   16.06261 1.0668e+01     0.3283     1.2350    73.4356 0.0000e+00
        282 108.594089    0.01951     1.1708     70.249      3.030  49487.513    30.8327     5.8178      3.000     5.8556    24.2825     2.8884     4.1279     40.494    125.941    128.999    0.00009    7.13307   10.19387  311.01074   16.00757 7.9543e+00     0.3738     1.1382    75.2353 0.0000e+00
        287 108.594104    0.01989     1.1933     71.597      4.035  49582.058    30.9173     5.9216      4.000     5.9554    24.3372     2.8845     4.1223     40.561    125.762    128.823    0.00053    7.11164   10.16324  310.05977   15.96193 6.4094e+00     0.3315     1.0504    76.9076 0.0000e+00
        293 108.594120    0.02027     1.2160     72.961      5.049  49718.506    31.0303     6.0232      5.000     6.0722    24.4145     2.8787     4.1140     40.606    125.499    128.563    0.00065    7.08931   10.13133  309.06290   15.91398 5.3517e+00     0.3022     0.9964    77.9526 0.0000e+00
        298 108.594135    0.02063     1.2377     74.260      6.056  49785.479    31.0987     6.1429      6.000     6.1839    24.4543     2.8697     4.1011     40.611    125.101    128.160    0.00065    7.06619   10.09830  308.04314   15.86512 4.4984e+00     0.3254     0.9424    79.0110 0.0000e+00
        303 108.594150    0.02100     1.2601     75.604      7.067  49828.709    31.1469     6.2426      7.000     6.2605    24.4802     2.8622     4.0904     40.614    124.774    127.828    0.00034    7.04742   10.07148  307.21715   15.82556 3.7811e+00     0.3412     0.8774    80.3040 0.0000e+00
        309 108.594165    0.02136     1.2814     76.886      8.075  49821.782    31.1463     6.2679      8.000     6.2681    24.4767     2.8628     4.0912     40.646    124.797    127.851    0.00039    7.04328   10.06555  307.03764   15.81701 3.1920e+00     0.3035     0.8101    81.6679 0.0000e+00
        314 108.594181    0.02173     1.3038     78.231      9.085  49835.063    31.1553     6.2689      9.000     6.2690    24.4836     2.8675     4.0978     40.715    124.999    128.060    0.00074    7.04270   10.06472  307.01022   15.81567 2.6937e+00     0.2636     0.7835    82.2106 0.0000e+00
        319 108.594196    0.02209     1.3258     79.551     10.095  49847.088    31.1636     6.2719     10.000     6.2728    24.4899     2.8710     4.1029     40.771    125.153    128.218    0.00102    7.04182   10.06346  306.96983   15.81371 2.2699e+00     0.2988     0.7608    82.6778 0.0000e+00
        324 108.594211    0.02245     1.3471     80.824     11.106  49865.005    31.1765     6.2769     11.000     6.2805    24.4994     2.8652     4.0946     40.696    124.898    127.958   -0.00010    7.04040   10.06143  306.90504   15.81057 1.9068e+00     0.2821     0.7678    82.5356 0.0000e+00
        329 108.594224    0.02277     1.3661     81.968     12.114  49871.837    31.1827     6.2873     12.000     6.2876    24.5030     2.8599     4.0871     40.633    124.668    127.723   -0.00053    7.03841   10.05859  306.81725   15.80636 1.6072e+00     0.2628     0.7540    82.8192 0.0000e+00
        333 108.594237    0.02307     1.3842     83.051     13.122  49875.509    31.1843     6.2849     13.000     6.2802    24.5046     2.8650     4.0944     40.704    124.892    127.953   -0.00008    7.03871   10.05902  306.83009   15.80696 1.3491e+00     0.2761     0.7402    83.1058 0.0000e+00
        338 108.594250    0.02338     1.4031     84.187     14.134  49901.570    31.2018     6.2851     14.000     6.2866    24.5185     2.8680     4.0987     40.752    125.021    128.087    0.00050    7.03787   10.05782  306.78927   15.80495 1.1412e+00     0.2720     0.7025    83.8949 0.0000e+00
        342 108.594262    0.02369     1.4214     85.285     15.139  49897.143    31.1988     6.2877     15.000     6.2859    24.5158     2.8633     4.0920     40.686    124.815    127.875   -0.00017    7.03758   10.05741  306.77751   15.80440 9.7378e-01     0.2873     0.6809    84.3482 0.0000e+00
        347 108.594276    0.02401     1.4406     86.439     16.154  49899.709    31.1999     6.2863     16.000     6.2851    24.5167     2.8683     4.0991     40.756    125.033    128.098   -0.00003    7.03777   10.05768  306.78534   15.80476 8.2163e-01     0.2743     0.6790    84.3863 0.0000e+00
        351 108.594289    0.02433     1.4598     87.590     17.159  49910.089    31.2070     6.2886     17.000     6.2936    24.5221     2.8654     4.0949     40.719    124.907    127.970    0.00026    7.03704   10.05664  306.75209   15.80316 6.9591e-01     0.2627     0.6781    84.4063 0.0000e+00
        356 108.594303    0.02466     1.4799     88.793     18.171  49931.804    31.2260     6.3120     18.000     6.3237    24.5342     2.8647     4.0939     40.736    124.874    127.939   -0.00026    7.03232   10.04988  306.54238   15.79308 5.9301e-01     0.2698     0.6776    84.4159 0.0000e+00
        361 108.594317    0.02500     1.4999     89.992     19.181  49941.319    31.2376     6.3421     19.000     6.3531    24.5397     2.8674     4.0978     40.806    124.992    128.059    0.00078    7.02684   10.04205  306.30201   15.78158 5.0644e-01     0.2817     0.6682    84.6170 0.0000e+00
        366 108.594331    0.02534     1.5204     91.223     20.188  49939.605    31.2415     6.3720     20.000     6.3765    24.5392     2.8548     4.0798     40.656    124.440    127.494   -0.00099    7.02174   10.03477  306.08001   15.77098 4.3047e-01     0.2694     0.6701    84.5763 0.0000e+00
        371 108.594346    0.02569     1.5417     92.502     21.199  49937.788    31.2419     6.3832     21.000     6.3861    24.5381     2.8570     4.0829     40.698    124.535    127.591   -0.00031    7.01988   10.03211  305.99926   15.76713 3.6692e-01     0.2305     0.6733    84.5084 0.0000e+00
        376 108.594361    0.02605     1.5633     93.797     22.209  49948.136    31.2513     6.3977     22.000     6.4025    24.5437     2.8618     4.0898     40.784    124.748    127.810    0.00063    7.01707   10.02809  305.87484   15.76116 3.1209e-01     0.2603     0.6744    84.4854 0.0000e+00
        381 108.594376    0.02641     1.5846     95.074     23.219  49949.550    31.2546     6.4133     23.000     6.4157    24.5444     2.8559     4.0814     40.715    124.489    127.545   -0.00039    7.01436   10.02422  305.75654   15.75551 2.6634e-01     0.2293     0.6804    84.3588 0.0000e+00
        386 108.594391    0.02677     1.6061     96.367     24.229  49956.073    31.2606     6.4235     24.000     6.4270    24.5479     2.8600     4.0872     40.785    124.667    127.728    0.00037    7.01242   10.02144  305.67094   15.75141 2.2661e-01     0.2903     0.6820    84.3245 0.0000e+00
        391 108.594405    0.02711     1.6270     97.619     25.235  49970.635    31.2733     6.4407     25.000     6.4470    24.5558     2.8596     4.0865     40.798    124.646    127.706    0.00035    7.00902   10.01659  305.52037   15.74418 1.9506e-01     0.2278     0.6890    84.1786 0.0000e+00
        397 108.594421    0.02749     1.6496     98.975     26.248  49978.345    31.2827     6.4649     26.000     6.4695    24.5602     2.8519     4.0757     40.715    124.315    127.368   -0.00049    7.00462   10.01030  305.32736   15.73494 1.6733e-01     0.2514     0.6969    84.0117 0.0000e+00
        402 108.594436    0.02786     1.6712    100.271     27.256  49986.583    31.2908     6.4805     27.000     6.4852    24.5646     2.8501     4.0731     40.705    124.234    127.286   -0.00051    7.00170   10.00613  305.19883   15.72878 1.4281e-01     0.2306     0.7090    83.7570 0.0000e+00
        407 108.594451    0.02821     1.6928    101.567     28.268  49981.288    31.2894     6.4958     28.000     6.4949    24.5617     2.8571     4.0831     40.821    124.540    127.600    0.00070    6.99925   10.00262  305.09295   15.72374 1.2312e-01     0.2154     0.7326    83.2637 0.0000e+00
        412 108.594466    0.02856     1.7138    102.825     29.277  49978.944    31.2878     6.4980     29.000     6.4954    24.5601     2.8509     4.0742     40.733    124.269    127.321   -0.00050    6.99899   10.00224  305.08181   15.72322 1.0654e-01     0.2210     0.7427    83.0537 0.0000e+00
        417 108.594480    0.02891     1.7343    104.056     30.284  49978.850    31.2870     6.4969     30.000     6.4939    24.5597     2.8536     4.0781     40.770    124.387    127.443    0.00010    6.99920   10.00256  305.09151   15.72368 9.2571e-02     0.2084     0.7411    83.0867 0.0000e+00
        422 108.594495    0.02926     1.7553    105.317     31.295  49981.856    31.2887     6.4970     31.000     6.4943    24.5609     2.8547     4.0797     40.787    124.437    127.493    0.00014    6.99910   10.00241  305.08655   15.72344 8.1443e-02     0.2194     0.7381    83.1496 0.0000e+00
        427 108.594508    0.02959     1.7757    106.544     32.301  49979.564    31.2863     6.4953     32.000     6.4918    24.5593     2.8563     4.0819     40.806    124.503    127.560    0.00023    6.99949   10.00297  305.10413   15.72428 7.2062e-02     0.2315     0.7393    83.1243 0.0000e+00
        433 108.594524    0.02997     1.7985    107.910     33.319  49982.765    31.2878     6.4943     33.000     6.4917    24.5606     2.8561     4.0816     40.804    124.495    127.552   -0.00004    6.99960   10.00312  305.10828   15.72448 6.4965e-02     0.2181     0.7352    83.2090 0.0000e+00
        437 108.594538    0.03031     1.8185    109.112     34.322  49983.684    31.2882     6.4951     34.000     6.4925    24.5608     2.8533     4.0777     40.765    124.374    127.429   -0.00028    6.99943   10.00288  305.10094   15.72413 5.9129e-02     0.2353     0.7380    83.1512 0.0000e+00
        442 108.594553    0.03065     1.8394    110.364     35.330  49983.909    31.2878     6.4952     35.000     6.4919    24.5606     2.8553     4.0806     40.794    124.462    127.519    0.00000    6.99944   10.00290  305.10152   15.72415 5.4079e-02     0.2160     0.7383    83.1452 0.0000e+00
        448 108.594568    0.03102     1.8614    111.683     36.345  49985.940    31.2887     6.4945     36.000     6.4916    24.5613     2.8549     4.0799     40.786    124.441    127.498   -0.00007    6.99952   10.00302  305.10487   15.72432 5.0267e-02     0.2222     0.7330    83.2570 0.0000e+00
        453 108.594583    0.03139     1.8832    112.992     37.354  49987.912    31.2898     6.4958     37.000     6.4933    24.5620     2.8593     4.0862     40.852    124.636    127.696    0.00036    6.99926   10.00264  305.09307   15.72375 4.6784e-02     0.2152     0.7317    83.2817 0.0000e+00
        458 108.594598    0.03173     1.9037    114.224     38.358  49988.311    31.2898     6.4970     38.000     6.4938    24.5620     2.8569     4.0828     40.818    124.530    127.589   -0.00006    6.99906   10.00235  305.08445   15.72334 4.4340e-02     0.2635     0.7365    83.1826 0.0000e+00
        463 108.594613    0.03211     1.9267    115.605     39.377  49988.987    31.2898     6.4970     39.000     6.4936    24.5619     2.8589     4.0857     40.847    124.618    127.679    0.00018    6.99905   10.00234  305.08415   15.72332 4.2099e-02     0.2637     0.7369    83.1750 0.0000e+00
        469 108.594629    0.03247     1.9484    116.906     40.381  49991.165    31.2908     6.4967     40.000     6.4934    24.5628     2.8556     4.0810     40.800    124.475    127.532   -0.00025    6.99905   10.00234  305.08383   15.72330 4.0514e-02     0.2490     0.7409    83.0911 0.0000e+00
        474 108.594644    0.03286     1.9712    118.270     41.391  49991.917    31.2910     6.4975     41.000     6.4944    24.5628     2.8610     4.0886     40.877    124.707    127.771    0.00025    6.99891   10.00215  305.07786   15.72302 3.9052e-02     0.2587     0.7439    83.0294 0.0000e+00
        479 108.594660    0.03322     1.9932    119.592     42.398  49992.295    31.2909     6.4981     42.000     6.4945    24.5627     2.8598     4.0869     40.861    124.658    127.719    0.00026    6.99882   10.00202  305.07413   15.72284 3.7835e-02     0.2187     0.7433    83.0432 0.0000e+00
        485 108.594676    0.03360     2.0161    120.965     43.418  49994.478    31.2920     6.4982     43.000     6.4950    24.5635     2.8571     4.0831     40.824    124.540    127.599   -0.00074    6.99874   10.00191  305.07040   15.72265 3.6864e-02     0.2388     0.7469    82.9667 0.0000e+00
        490 108.594689    0.03393     2.0360    122.158     44.417  49995.837    31.2928     6.4999     44.000     6.4973    24.5639     2.8617     4.0897     40.890    124.740    127.803    0.00040    6.99844   10.00146  305.05682   15.72201 3.6390e-02     0.2183     0.7478    82.9475 0.0000e+00
        495 108.594705    0.03431     2.0582    123.493     45.430  50000.876    31.2966     6.5042     45.000     6.5034    24.5664     2.8567     4.0825     40.824    124.520    127.578   -0.00033    6.99758   10.00023  305.01843   15.72016 3.6382e-02     0.2308     0.7558    82.7842 0.0000e+00
        500 108.594719    0.03464     2.0788    124.731     46.438  49998.431    31.2955     6.5100     46.000     6.5069    24.5648     2.8563     4.0820     40.824    124.505    127.564   -0.00031    6.99668    9.99895  304.97994   15.71833 3.6382e-02     0.2328     0.7671    82.5496 0.0000e+00
        505 108.594735    0.03502     2.1010    126.061     47.453  50002.240    31.2983     6.5134     47.000     6.5115    24.5666     2.8579     4.0842     40.850    124.571    127.632    0.00001    6.99597    9.99796  304.94898   15.71684 3.6382e-02     0.2281     0.7694    82.5025 0.0000e+00
        510 108.594748    0.03536     2.1214    127.284     48.455  50004.902    31.3006     6.5189     48.000     6.5169    24.5678     2.8608     4.0884     40.899    124.702    127.765    0.00023    6.99497    9.99652  304.90468   15.71472 3.6382e-02     0.2316     0.7764    82.3566 0.0000e+00
        516 108.594765    0.03574     2.1445    128.667     49.471  50004.471    31.3006     6.5229     49.000     6.5194    24.5673     2.8564     4.0821     40.839    124.510    127.569   -0.00014    6.99433    9.99559  304.87658   15.71338 3.6382e-02     0.2259     0.7815    82.2536 0.0000e+00
        521 108.594780    0.03611     2.1665    129.993     50.478  50004.309    31.3003     6.5241     50.000     6.5201    24.5669     2.8533     4.0777     40.796    124.374    127.429   -0.00074    6.99414    9.99532  304.86861   15.71301 3.6382e-02     0.2171     0.7823    82.2356 0.0000e+00
        526 108.594796    0.03649     2.1894    131.367     51.486  50005.129    31.3003     6.5241     51.000     6.5194    24.5670     2.8597     4.0867     40.887    124.650    127.713    0.00032    6.99414    9.99534  304.86886   15.71302 3.6382e-02     0.2248     0.7870    82.1393 0.0000e+00
        532 108.594812    0.03688     2.2127    132.761     52.497  50007.646    31.3014     6.5231     52.000     6.5194    24.5680     2.8622     4.0903     40.922    124.759    127.825    0.00042    6.99425    9.99549  304.87333   15.71323 3.6382e-02     0.2519     0.7902    82.0746 0.0000e+00
        538 108.594828    0.03727     2.2362    134.171     53.509  50008.903    31.3022     6.5252     53.000     6.5216    24.5683     2.8581     4.0846     40.866    124.583    127.644   -0.00019    6.99389    9.99496  304.85714   15.71245 3.6382e-02     0.2315     0.7883    82.1126 0.0000e+00
