CTD-processing/allCTD/CNV/2017_09-22_t9_s02_cast036_4141.cnv
* Sea-Bird SBE19plus Data File:
* FileName = C:\Users\Kim.Powell\Desktop\Not Processed\2017\2017_09-22\2017_09-22_TRANSECT_STATION_cast036.hex
* Software Version 1.59
* Temperature SN =  4141
* Conductivity SN =  4141
* System UpLoad Time = Oct 11 2017 10:48:42
** 2017_09-22
** Station: 9-02
** Start Time: 15:02
** Depth (m): 74.7
** Comment:
** Comment:
# nquan = 27
# nvalues = 65                          
# units = specified
# name 0 = scan: Scan Count
# name 1 = timeJ: Julian Days
# name 2 = timeH: Time, Elapsed [hours]
# name 3 = timeM: Time, Elapsed [minutes]
# name 4 = timeS: Time, Elapsed [seconds]
# name 5 = prdM: Pressure, Strain Gauge [db]
# name 6 = specc: Specific Conductance [uS/cm]
# name 7 = sal00: Salinity, Practical [PSU]
# name 8 = tv290C: Temperature [ITS-90, deg C]
# name 9 = depSM: Depth [salt water, m], lat = 59.00
# name 10 = potemp090C: Potential Temperature [ITS-90, deg C]
# name 11 = sigma-é00: Density [sigma-theta, kg/m^3]
# name 12 = sbeox0ML/L: Oxygen, SBE 43 [ml/l]
# name 13 = sbeox0Mg/L: Oxygen, SBE 43 [mg/l]
# name 14 = sbeox0PS: Oxygen, SBE 43 [% saturation]
# name 15 = sbox0Mm/Kg: Oxygen, SBE 43 [umol/kg]
# name 16 = sbeox0Mm/L: Oxygen, SBE 43 [umol/l]
# name 17 = sbox0dV/dT: Oxygen, SBE 43 [dov/dt]
# name 18 = oxsolML/L: Oxygen Saturation, Garcia & Gordon [ml/l]
# name 19 = oxsolMg/L: Oxygen Saturation, Garcia & Gordon [mg/l]
# name 20 = oxsolMm/Kg: Oxygen Saturation, Garcia & Gordon [umol/kg]
# name 21 = n2satMg/L: Nitrogen Saturation [mg/l]
# name 22 = par: PAR/Irradiance, Biospherical/Licor
# name 23 = wetStar: Fluorescence, WET Labs WETstar [mg/m^3]
# name 24 = CStarAt0: Beam Attenuation, WET Labs C-Star [1/m]
# name 25 = CStarTr0: Beam Transmission, WET Labs C-Star [%]
# name 26 = flag: flag
# span 0 =        155,        598       
# span 1 = 265.627111, 265.628394       
# span 2 =    0.01067,    0.04146       
# span 3 =     0.6399,     2.4876       
# span 4 =     38.392,    149.253       
# span 5 =      1.007,     65.625       
# span 6 =  42622.825,  48437.529       
# span 7 =    26.7994,    30.7611       
# span 8 =    10.2661,    11.0702       
# span 9 =      1.000,     65.000       
# span 10 =    10.2584,    11.0602      
# span 11 =    20.3931,    23.6018      
# span 12 =     2.5437,     2.5934      
# span 13 =     3.6352,     3.7062      
# span 14 =     39.791,     40.211      
# span 15 =    111.059,    113.328      
# span 16 =    113.601,    115.820      
# span 17 =   -0.00059,    0.00054      
# span 18 =    6.38068,    6.50614      
# span 19 =    9.11862,    9.29792      
# span 20 =  278.52455,  284.75613      
# span 21 =   14.45858,   14.77121      
# span 22 = 4.3855e-02, 4.6838e+01      
# span 23 =     0.3663,     4.1547      
# span 24 =     0.9406,     3.0113      
# span 25 =    54.5449,    79.0451      
# span 26 = 0.0000e+00, 0.0000e+00      
# interval = meters: 1                  
# start_time = Sep 22 2017 15:02:24 [Instrument's time stamp, header]
# bad_flag = -9.990e-29
*END*
[from data line 54]
        542 265.628233    0.03760     2.2559    135.355     55.527  48420.342    30.7547    10.2787     55.000    10.2725    23.5945     2.5895     3.7006     40.149    112.980    115.645   -0.00013    6.44956    9.21706  281.39781   14.59436 4.4221e-02     0.5752     1.3681    71.0323 0.0000e+00
        548 265.628250    0.03800     2.2796    136.779     56.539  48421.614    30.7551    10.2781     56.000    10.2719    23.5950     2.5897     3.7009     40.152    112.989    115.655   -0.00006    6.44963    9.21716  281.40074   14.59449 4.4494e-02     0.6138     1.3780    70.8579 0.0000e+00
        553 265.628264    0.03833     2.2998    137.987     57.546  48421.826    30.7549    10.2789     57.000    10.2726    23.5947     2.5918     3.7040     40.186    113.083    115.752    0.00022    6.44953    9.21702  281.39644   14.59429 4.4285e-02     0.6308     1.3869    70.7004 0.0000e+00
        558 265.628279    0.03870     2.3218    139.308     58.554  48420.764    30.7538    10.2793     58.000    10.2731    23.5938     2.5893     3.7004     40.147    112.974    115.639   -0.00031    6.44952    9.21701  281.39623   14.59428 4.4218e-02     0.5259     1.4143    70.2167 0.0000e+00
        564 265.628296    0.03911     2.3464    140.781     59.566  48419.420    30.7525    10.2801     59.000    10.2733    23.5927     2.5934     3.7062     40.211    113.151    115.820    0.00051    6.44946    9.21692  281.39397   14.59418 4.4220e-02     0.5673     1.3655    71.0816 0.0000e+00
        569 265.628311    0.03947     2.3682    142.094     60.576  48420.366    30.7528    10.2804     60.000    10.2741    23.5929     2.5925     3.7049     40.197    113.111    115.780   -0.00003    6.44941    9.21684  281.39159   14.59407 4.4639e-02     0.5573     1.3393    71.5473 0.0000e+00
        575 265.628327    0.03984     2.3907    143.444     61.583  48420.821    30.7527    10.2805     61.000    10.2735    23.5928     2.5907     3.7023     40.169    113.032    115.699   -0.00025    6.44940    9.21683  281.39112   14.59405 4.4237e-02     0.5865     1.3433    71.4754 0.0000e+00
        581 265.628345    0.04027     2.4162    144.975     62.597  48421.080    30.7522    10.2779     62.000    10.2681    23.5929     2.5926     3.7051     40.198    113.119    115.788    0.00007    6.44979    9.21739  281.40805   14.59486 4.4175e-02     0.5999     1.3253    71.7976 0.0000e+00
        586 265.628359    0.04063     2.4379    146.273     63.603  48427.832    30.7559    10.2728     63.000    10.2645    23.5966     2.5924     3.7049     40.191    113.110    115.779   -0.00002    6.45034    9.21818  281.43139   14.59596 4.4198e-02     0.5741     1.2576    73.0237 0.0000e+00
        592 265.628376    0.04101     2.4606    147.636     64.611  48432.508    30.7584    10.2690     64.000    10.2606    23.5991     2.5932     3.7061     40.201    113.145    115.816   -0.00001    6.45078    9.21881  281.44971   14.59682 4.4370e-02     0.6398     1.2198    73.7166 0.0000e+00
        598 265.628394    0.04146     2.4876    149.253     65.625  48437.529    30.7611    10.2661     65.000    10.2584    23.6018     2.5914     3.7034     40.171    113.066    115.735   -0.00028    6.45108    9.21924  281.46224   14.59741 4.4254e-02     0.5829     1.1989    74.1026 0.0000e+00
