CTD-processing/allCTD/CNV/2017_09-22_alongbay_skb10_cast025_4141.cnv
* Sea-Bird SBE19plus Data File:
* FileName = C:\Users\Kim.Powell\Desktop\Not Processed\2017\2017_09-22\2017_09-22_TRANSECT_STATION_cast025.hex
* Software Version 1.59
* Temperature SN =  4141
* Conductivity SN =  4141
* System UpLoad Time = Oct 11 2017 10:33:43
** 2017_09-22
** Station: KB10
** Start Time: 11:21
** Depth (m): 60
** Comment:
** Comment:
# nquan = 27
# nvalues = 51                          
# units = specified
# name 0 = scan: Scan Count
# name 1 = timeJ: Julian Days
# name 2 = timeH: Time, Elapsed [hours]
# name 3 = timeM: Time, Elapsed [minutes]
# name 4 = timeS: Time, Elapsed [seconds]
# name 5 = prdM: Pressure, Strain Gauge [db]
# name 6 = specc: Specific Conductance [uS/cm]
# name 7 = sal00: Salinity, Practical [PSU]
# name 8 = tv290C: Temperature [ITS-90, deg C]
# name 9 = depSM: Depth [salt water, m], lat = 59.00
# name 10 = potemp090C: Potential Temperature [ITS-90, deg C]
# name 11 = sigma-é00: Density [sigma-theta, kg/m^3]
# name 12 = sbeox0ML/L: Oxygen, SBE 43 [ml/l]
# name 13 = sbeox0Mg/L: Oxygen, SBE 43 [mg/l]
# name 14 = sbeox0PS: Oxygen, SBE 43 [% saturation]
# name 15 = sbox0Mm/Kg: Oxygen, SBE 43 [umol/kg]
# name 16 = sbeox0Mm/L: Oxygen, SBE 43 [umol/l]
# name 17 = sbox0dV/dT: Oxygen, SBE 43 [dov/dt]
# name 18 = oxsolML/L: Oxygen Saturation, Garcia & Gordon [ml/l]
# name 19 = oxsolMg/L: Oxygen Saturation, Garcia & Gordon [mg/l]
# name 20 = oxsolMm/Kg: Oxygen Saturation, Garcia & Gordon [umol/kg]
# name 21 = n2satMg/L: Nitrogen Saturation [mg/l]
# name 22 = par: PAR/Irradiance, Biospherical/Licor
# name 23 = wetStar: Fluorescence, WET Labs WETstar [mg/m^3]
# name 24 = CStarAt0: Beam Attenuation, WET Labs C-Star [1/m]
# name 25 = CStarTr0: Beam Transmission, WET Labs C-Star [%]
# name 26 = flag: flag
# span 0 =        294,        559       
# span 1 = 265.474088, 265.474855       
# span 2 =    0.02034,    0.03873       
# span 3 =     1.2202,     2.3239       
# span 4 =     73.214,    139.436       
# span 5 =      1.015,     51.443       
# span 6 =  38619.389,  47730.995       
# span 7 =    23.9465,    30.3539       
# span 8 =     9.9661,    11.3085       
# span 9 =      1.000,     51.000       
# span 10 =    10.1928,    11.3069      
# span 11 =    18.3428,    23.1604      
# span 12 =     2.5626,     2.6851      
# span 13 =     3.6622,     3.8372      
# span 14 =     39.495,     41.523      
# span 15 =    111.989,    117.756      
# span 16 =    114.446,    119.916      
# span 17 =   -0.00028,    0.00342      
# span 18 =    6.36425,    6.78293      
# span 19 =    9.09515,    9.69347      
# span 20 =  277.80173,  297.46816      
# span 21 =   14.42389,   15.39093      
# span 22 = 4.7262e-02, 1.4132e+01      
# span 23 =     0.2907,     4.4844      
# span 24 =     0.4465,     9.0914      
# span 25 =     8.9550,    89.4376      
# span 26 = 0.0000e+00, 0.0000e+00      
# interval = meters: 1                  
# start_time = Sep 22 2017 11:21:28 [Instrument's time stamp, header]
# bad_flag = -9.990e-29
*END*
        294 265.474088    0.02034     1.2202     73.214      1.015  38619.389    23.9465     9.9661      1.000    10.1928    18.3428     2.6851     3.8372     39.586    117.756    119.916    0.00057    6.78293    9.69347  297.46816   15.39093 1.4132e+01     3.9626     9.0914     8.9550 0.0000e+00
        299 265.474103    0.02070     1.2422     74.533      2.019  41597.857    26.0566    10.6699      2.000    10.9164    19.8750     2.6025     3.7192     39.495    113.962    116.227   -0.00028    6.58940    9.41691  288.54777   14.95567 3.8654e+00     4.2515     4.4603    34.3761 0.0000e+00
        304 265.474118    0.02106     1.2637     75.821      3.029  42372.344    26.6345    11.1242      3.000    11.1517    20.2506     2.5697     3.6724     39.533    112.487    114.764    0.00018    6.50036    9.28967  284.54385   14.76174 2.4840e+00     4.4844     1.6003    66.3303 0.0000e+00
        309 265.474133    0.02141     1.2848     77.088      4.038  42902.221    27.0053    11.1565      4.000    11.1658    20.5329     2.5789     3.6855     39.794    112.858    115.175    0.00253    6.48060    9.26143  283.60050   14.71507 2.0114e+00     4.2862     1.1608    74.7577 0.0000e+00
        314 265.474147    0.02175     1.3050     78.298      5.047  43627.236    27.5143    11.2053      5.000    11.2456    20.9198     2.5797     3.6867     39.978    112.851    115.212    0.00342    6.45291    9.22185  282.28164   14.64985 1.6257e+00     4.2093     1.0125    77.6370 0.0000e+00
        319 265.474161    0.02209     1.3255     79.529      6.057  44222.777    27.9380    11.2954      6.000    11.3028    21.2335     2.5701     3.6730     40.014    112.396    114.783    0.00227    6.42311    9.17926  280.89158   14.58156 1.2956e+00     4.0618     0.8882    80.0925 0.0000e+00
        324 265.474175    0.02243     1.3460     80.758      7.067  44574.501    28.1832    11.2908      7.000    11.2817    21.4245     2.5712     3.6746     40.090    112.424    114.832    0.00203    6.41376    9.16591  280.43064   14.55850 1.0395e+00     3.8279     0.7681    82.5314 0.0000e+00
        329 265.474190    0.02278     1.3665     81.992      8.076  45203.643    28.6236    11.2936      8.000    11.3069    21.7660     2.5649     3.6655     40.104    112.106    114.546    0.00125    6.39551    9.13983  279.53926   14.51402 8.4192e-01     3.5440     0.6985    83.9769 0.0000e+00
        334 265.474204    0.02312     1.3874     83.242      9.085  45529.932    28.8535    11.3085      9.000    11.2952    21.9419     2.5626     3.6622     40.140    111.989    114.446    0.00102    6.38416    9.12360  278.99493   14.48703 6.7667e-01     2.8534     0.7005    83.9353 0.0000e+00
        339 265.474219    0.02347     1.4086     84.516     10.096  45894.635    29.1050    11.2673     10.000    11.2466    22.1442     2.5639     3.6640     40.188    112.021    114.501    0.00097    6.37963    9.11713  278.74187   14.47389 5.4397e-01     2.5673     0.6756    84.4587 0.0000e+00
        344 265.474233    0.02383     1.4299     85.792     11.103  46134.493    29.2685    11.2217     11.000    11.2112    22.2790     2.5651     3.6658     40.211    112.063    114.559    0.00062    6.37927    9.11662  278.68953   14.47072 4.4377e-01     2.1798     0.6092    85.8750 0.0000e+00
        349 265.474249    0.02419     1.4515     87.089     12.113  46306.138    29.3886    11.2195     12.000    11.2294    22.3727     2.5655     3.6664     40.245    112.070    114.577    0.00072    6.37472    9.11011  278.46494   14.45948 3.6782e-01     1.4667     0.5727    86.6584 0.0000e+00
        355 265.474264    0.02455     1.4733     88.397     13.123  46414.282    29.4654    11.2306     13.000    11.2230    22.4304     2.5657     3.6666     40.277    112.068    114.582    0.00065    6.37009    9.10350  278.24724   14.44874 3.0551e-01     1.1367     0.5884    86.3225 0.0000e+00
        360 265.474280    0.02493     1.4961     89.764     14.133  46443.594    29.4840    11.2149     14.000    11.2097    22.4476     2.5667     3.6681     40.285    112.113    114.629    0.00027    6.37149    9.10550  278.30348   14.45136 2.5420e-01     0.9588     0.5590    86.9565 0.0000e+00
        366 265.474296    0.02532     1.5191     91.148     15.142  46455.202    29.4910    11.2070     15.000    11.2033    22.4544     2.5690     3.6714     40.315    112.213    114.732    0.00045    6.37229    9.10664  278.33673   14.45293 2.1393e-01     0.9375     0.5396    87.3800 0.0000e+00
        371 265.474311    0.02569     1.5418     92.511     16.152  46463.374    29.4958    11.2016     16.000    11.1982    22.4591     2.5704     3.6734     40.334    112.272    114.794    0.00035    6.37285    9.10744  278.35984   14.45401 1.8248e-01     0.8673     0.5304    87.5818 0.0000e+00
        376 265.474327    0.02607     1.5641     93.845     17.161  46471.438    29.5004    11.1951     17.000    11.1874    22.4638     2.5719     3.6755     40.353    112.338    114.861    0.00034    6.37355    9.10845  278.38932   14.45541 1.5708e-01     0.8424     0.5170    87.8761 0.0000e+00
        382 265.474342    0.02643     1.5859     95.156     18.171  46510.391    29.5257    11.1791     18.000    11.1694    22.4863     2.5729     3.6770     40.361    112.380    114.907    0.00018    6.37471    9.11010  278.43365   14.45743 1.3613e-01     0.8985     0.5022    88.2019 0.0000e+00
        387 265.474357    0.02679     1.6071     96.425     19.180  46577.789    29.5703    11.1556     19.000    11.1436    22.5249     2.5763     3.6818     40.405    112.522    115.057    0.00049    6.37614    9.11214  278.48538   14.45972 1.1932e-01     0.8677     0.4834    88.6185 0.0000e+00
        392 265.474371    0.02713     1.6281     97.685     20.190  46627.957    29.6031    11.1350     20.000    11.1276    22.5540     2.5798     3.6868     40.450    112.671    115.213    0.00066    6.37765    9.11430  278.54351   14.46237 1.0598e-01     0.7561     0.4581    89.1801 0.0000e+00
        397 265.474386    0.02748     1.6486     98.917     21.200  46704.274    29.6556    11.1276     21.000    11.1292    22.5960     2.5794     3.6861     40.451    112.648    115.193    0.00027    6.37652    9.11269  278.48297   14.45926 9.5955e-02     0.7748     0.4465    89.4376 0.0000e+00
        402 265.474400    0.02782     1.6689    100.132     22.208  46857.428    29.7657    11.1536     22.000    11.1715    22.6771     2.5767     3.6823     40.459    112.521    115.073    0.00032    6.36851    9.10124  278.11095   14.44100 8.7417e-02     0.7120     0.4612    89.1092 0.0000e+00
        407 265.474414    0.02816     1.6897    101.381     23.218  46850.576    29.7629    11.1767     23.000    11.1667    22.6710     2.5805     3.6878     40.540    112.691    115.246    0.00082    6.36546    9.09689  277.97961   14.43473 8.1162e-02     0.6640     0.4988    88.2747 0.0000e+00
        412 265.474429    0.02851     1.7107    102.641     24.228  46870.207    29.7733    11.1466     24.000    11.1293    22.6842     2.5874     3.6976     40.623    112.988    115.551    0.00109    6.36918    9.10220  278.13820   14.44228 7.4917e-02     0.6188     0.4933    88.3980 0.0000e+00
        417 265.474443    0.02886     1.7315    103.889     25.237  46955.424    29.8294    11.1138     25.000    11.0976    22.7335     2.5928     3.7052     40.693    113.217    115.791    0.00129    6.37139    9.10535  278.22126   14.44603 6.9998e-02     0.5831     0.4836    88.6129 0.0000e+00
        422 265.474458    0.02922     1.7528    105.169     26.247  47029.509    29.8781    11.0849     26.000    11.0772    22.7763     2.5957     3.7096     40.728    113.345    115.927    0.00113    6.37339    9.10821  278.29715   14.44947 6.6463e-02     0.5812     0.4710    88.8929 0.0000e+00
        427 265.474473    0.02956     1.7741    106.445     27.257  47059.789    29.8982    11.0774     27.000    11.0735    22.7933     2.5989     3.7140     40.776    113.479    116.066    0.00099    6.37361    9.10852  278.30183   14.44961 6.3371e-02     0.5608     0.4770    88.7591 0.0000e+00
        432 265.474488    0.02992     1.7951    107.708     28.266  47088.523    29.9179    11.0761     28.000    11.0722    22.8088     2.6029     3.7199     40.844    113.655    116.247    0.00112    6.37300    9.10765  278.27112   14.44806 6.0727e-02     0.5014     0.5123    87.9796 0.0000e+00
        437 265.474502    0.03027     1.8163    108.978     29.276  47141.812    29.9549    11.0747     29.000    11.0709    22.8378     2.6041     3.7214     40.869    113.700    116.296    0.00084    6.37167    9.10576  278.20530   14.44476 5.8233e-02     0.5041     0.5640    86.8495 0.0000e+00
        442 265.474517    0.03063     1.8379    110.277     30.285  47167.524    29.9727    11.0751     30.000    11.0738    22.8516     2.6074     3.7261     40.925    113.842    116.444    0.00100    6.37092    9.10468  278.16847   14.44293 5.6699e-02     0.4873     0.5845    86.4059 0.0000e+00
        448 265.474533    0.03101     1.8606    111.633     31.294  47178.908    29.9810    11.0819     31.000    11.0798    22.8569     2.6083     3.7275     40.948    113.882    116.485    0.00063    6.36964    9.10284  278.11103   14.44014 5.4997e-02     0.4781     0.5893    86.3016 0.0000e+00
        453 265.474549    0.03138     1.8830    112.981     32.305  47186.611    29.9864    11.0853     32.000    11.0833    22.8605     2.6140     3.7357     41.043    114.133    116.743    0.00126    6.36896    9.10187  278.08045   14.43866 5.3778e-02     0.4745     0.5882    86.3257 0.0000e+00
        458 265.474564    0.03177     1.9062    114.371     33.313  47202.887    29.9980    11.0897     33.000    11.0877    22.8688     2.6146     3.7367     41.061    114.161    116.772    0.00081    6.36788    9.10035  278.03160   14.43627 5.2608e-02     0.4553     0.5790    86.5239 0.0000e+00
        464 265.474581    0.03217     1.9304    115.823     34.325  47252.941    30.0336    11.0963     34.000    11.0930    22.8953     2.6166     3.7394     41.106    114.242    116.857    0.00077    6.36554    9.09699  277.92186   14.43087 5.1568e-02     0.4349     0.5956    86.1663 0.0000e+00
        470 265.474598    0.03256     1.9535    117.211     35.333  47316.097    30.0773    11.0928     35.000    11.0831    22.9299     2.6184     3.7420     41.143    114.318    116.939    0.00074    6.36425    9.09515  277.85633   14.42756 5.0914e-02     0.4276     0.6709    84.5598 0.0000e+00
        475 265.474613    0.03295     1.9771    118.625     36.342  47353.965    30.1016    11.0741     36.000    11.0638    22.9521     2.6208     3.7454     41.170    114.418    117.044    0.00054    6.36584    9.09742  277.91952   14.43049 5.0321e-02     0.3991     0.7287    83.3462 0.0000e+00
        481 265.474631    0.03335     2.0014    120.085     37.354  47372.777    30.1133    11.0639     37.000    11.0586    22.9630     2.6246     3.7509     41.224    114.586    117.217    0.00075    6.36676    9.09874  277.95701   14.43223 4.9605e-02     0.3621     0.8031    81.8114 0.0000e+00
        487 265.474647    0.03375     2.0250    121.497     38.362  47404.096    30.1347    11.0607     38.000    11.0549    22.9801     2.6250     3.7514     41.233    114.600    117.234    0.00043    6.36634    9.09814  277.93372   14.43103 4.9260e-02     0.3733     0.8641    80.5731 0.0000e+00
        493 265.474663    0.03414     2.0485    122.907     39.372  47421.313    30.1461    11.0583     39.000    11.0532    22.9894     2.6274     3.7548     41.271    114.703    117.340    0.00051    6.36620    9.09793  277.92509   14.43057 4.8721e-02     0.3803     0.9465    78.9282 0.0000e+00
        498 265.474679    0.03452     2.0713    124.277     40.382  47471.858    30.1810    11.0548     40.000    11.0454    23.0172     2.6313     3.7604     41.339    114.870    117.514    0.00084    6.36527    9.09661  277.87708   14.42813 4.8228e-02     0.3493     1.0284    77.3317 0.0000e+00
        503 265.474694    0.03488     2.0931    125.586     41.392  47550.635    30.2346    11.0406     41.000    11.0318    23.0613     2.6309     3.7597     41.333    114.845    117.494    0.00040    6.36505    9.09629  277.85543   14.42688 4.8052e-02     0.3898     1.2187    73.7335 0.0000e+00
        509 265.474710    0.03525     2.1149    126.897     42.400  47564.907    30.2436    11.0348     42.000    11.0292    23.0694     2.6333     3.7632     41.368    114.950    117.601    0.00049    6.36548    9.09691  277.87193   14.42764 4.7863e-02     0.3293     1.2566    73.0406 0.0000e+00
        514 265.474725    0.03563     2.1376    128.258     43.411  47569.508    30.2463    11.0334     43.000    11.0273    23.0717     2.6342     3.7646     41.383    114.992    117.645    0.00041    6.36557    9.09704  277.87526   14.42778 4.7641e-02     0.3867     1.2869    72.4919 0.0000e+00
        519 265.474741    0.03600     2.1598    129.590     44.420  47606.073    30.2711    11.0278     44.000    11.0198    23.0919     2.6342     3.7646     41.384    114.989    117.644    0.00011    6.36532    9.09668  277.85883   14.42690 4.7569e-02     0.3501     1.2625    72.9343 0.0000e+00
        525 265.474756    0.03637     2.1819    130.913     45.430  47647.229    30.2990    11.0212     45.000    11.0142    23.1148     2.6365     3.7678     41.421    115.087    117.747    0.00045    6.36510    9.09638  277.84336   14.42605 4.7409e-02     0.3337     1.3558    71.2575 0.0000e+00
        530 265.474771    0.03674     2.2042    132.254     46.439  47666.240    30.3118    11.0189     46.000    11.0136    23.1251     2.6392     3.7717     41.465    115.204    117.868    0.00049    6.36490    9.09608  277.83155   14.42543 4.7282e-02     0.3233     1.4517    69.5652 0.0000e+00
        536 265.474788    0.03712     2.2275    133.647     47.449  47676.919    30.3189    11.0184     47.000    11.0126    23.1307     2.6377     3.7695     41.443    115.137    117.800    0.00011    6.36468    9.09576  277.82036   14.42487 4.7270e-02     0.3272     1.4978    68.7674 0.0000e+00
        541 265.474803    0.03751     2.2506    135.034     48.459  47688.448    30.3265    11.0177     48.000    11.0113    23.1368     2.6388     3.7711     41.461    115.183    117.848    0.00019    6.36447    9.09546  277.80952   14.42431 4.7272e-02     0.3295     1.5187    68.4088 0.0000e+00
        547 265.474820    0.03791     2.2744    136.463     49.467  47709.826    30.3408    11.0143     49.000    11.0061    23.1485     2.6391     3.7715     41.466    115.194    117.861   -0.00004    6.36436    9.09531  277.80173   14.42389 4.7268e-02     0.3484     1.6002    67.0298 0.0000e+00
        553 265.474837    0.03831     2.2991    137.947     50.479  47724.478    30.3500    11.0077     50.000    11.0008    23.1568     2.6429     3.7770     41.523    115.360    118.032    0.00055    6.36489    9.09607  277.82251   14.42484 4.7262e-02     0.3031     1.7064    65.2739 0.0000e+00
        559 265.474855    0.03873     2.3239    139.436     51.443  47730.995    30.3539    11.0054     51.000    10.9996    23.1604     2.6427     3.7767     41.520    115.353    118.024    0.00017    6.36504    9.09628  277.82809   14.42510 4.7624e-02     0.2907     1.8345    63.2045 0.0000e+00
