CTD-processing/allCTD/CNV/2017_07-26_alongbay_skb03_cast240_4141.cnv
* Sea-Bird SBE19plus Data File:
* FileName = C:\Users\Kim.Powell\Desktop\2017_07-26\2017_07-26_TRANSECT_STATION_cast240.hex
* Software Version 1.59
* Temperature SN =  4141
* Conductivity SN =  4141
* System UpLoad Time = Aug 04 2017 16:18:40
** 2017_07-26
** Transect: AlongBay
** Station: KB03
** Start Time: 09:37
** Depth (m): 106.07
** Comment:
** Comment:
# nquan = 27
# nvalues = 90                          
# units = specified
# name 0 = scan: Scan Count
# name 1 = timeJ: Julian Days
# name 2 = timeH: Time, Elapsed [hours]
# name 3 = timeM: Time, Elapsed [minutes]
# name 4 = timeS: Time, Elapsed [seconds]
# name 5 = prdM: Pressure, Strain Gauge [db]
# name 6 = specc: Specific Conductance [uS/cm]
# name 7 = sal00: Salinity, Practical [PSU]
# name 8 = tv290C: Temperature [ITS-90, deg C]
# name 9 = depSM: Depth [salt water, m], lat = 59.00
# name 10 = potemp090C: Potential Temperature [ITS-90, deg C]
# name 11 = sigma-é00: Density [sigma-theta, kg/m^3]
# name 12 = sbeox0ML/L: Oxygen, SBE 43 [ml/l]
# name 13 = sbeox0Mg/L: Oxygen, SBE 43 [mg/l]
# name 14 = sbeox0PS: Oxygen, SBE 43 [% saturation]
# name 15 = sbox0Mm/Kg: Oxygen, SBE 43 [umol/kg]
# name 16 = sbeox0Mm/L: Oxygen, SBE 43 [umol/l]
# name 17 = sbox0dV/dT: Oxygen, SBE 43 [dov/dt]
# name 18 = oxsolML/L: Oxygen Saturation, Garcia & Gordon [ml/l]
# name 19 = oxsolMg/L: Oxygen Saturation, Garcia & Gordon [mg/l]
# name 20 = oxsolMm/Kg: Oxygen Saturation, Garcia & Gordon [umol/kg]
# name 21 = n2satMg/L: Nitrogen Saturation [mg/l]
# name 22 = par: PAR/Irradiance, Biospherical/Licor
# name 23 = wetStar: Fluorescence, WET Labs WETstar [mg/m^3]
# name 24 = CStarAt0: Beam Attenuation, WET Labs C-Star [1/m]
# name 25 = CStarTr0: Beam Transmission, WET Labs C-Star [%]
# name 26 = flag: flag
# span 0 =        247,        747       
# span 1 = 207.402158, 207.403606       
# span 2 =    0.01706,    0.05180       
# span 3 =     1.0236,     3.1079       
# span 4 =     61.415,    186.471       
# span 5 =      1.015,     90.751       
# span 6 =  49164.283,  50271.631       
# span 7 =    31.3102,    31.7085       
# span 8 =     7.8888,    10.3154       
# span 9 =      1.000,     90.000       
# span 10 =     7.8859,    10.2844      
# span 11 =    24.0207,    24.7031      
# span 12 =     2.5202,     2.8448      
# span 13 =     3.6016,     4.0655      
# span 14 =     39.185,     42.086      
# span 15 =    109.898,    123.989      
# span 16 =    112.552,    127.053      
# span 17 =   -0.00062,    0.00263      
# span 18 =    6.42179,    6.76022      
# span 19 =    9.17739,    9.66102      
# span 20 =  280.07294,  294.63336      
# span 21 =   14.52872,   15.22310      
# span 22 = 4.5398e-02, 5.6036e+01      
# span 23 =     0.3527,     9.4348      
# span 24 =     0.4695,     1.5724      
# span 25 =    72.8189,    88.9262      
# span 26 = 0.0000e+00, 0.0000e+00      
# interval = meters: 1                  
# start_time = Jul 26 2017 09:38:05 [Instrument's time stamp, header]
# bad_flag = -9.990e-29
*END*
        247 207.402158    0.01706     1.0236     61.415      1.015  49164.283    31.3102    10.3154      1.000    10.2844    24.0207     2.5219     3.6040     39.270    109.986    112.626    0.00045    6.42179    9.17739  280.07294   14.52872 5.6036e+01     7.8041     1.5724    72.8189 0.0000e+00
        293 207.402293    0.02031     1.2184     73.105      2.015  49380.230    31.4454    10.2043      2.000    10.1480    24.1441     2.5202     3.6016     39.185    109.898    112.552   -0.00022    6.43157    9.19137  280.46274   14.54681 3.5855e+01     8.7458     0.9710    78.8919 0.0000e+00
        302 207.402317    0.02088     1.2533     75.196      3.034  49561.148    31.5589    10.0945      3.000    10.0928    24.2508     2.5271     3.6114     39.226    110.185    112.857   -0.00000    6.44228    9.20667  280.90032   14.56729 2.2884e+01     9.4348     0.8081    81.7204 0.0000e+00
        307 207.402331    0.02123     1.2738     76.430      4.039  49603.693    31.5865    10.0779      4.000    10.0556    24.2750     2.5316     3.6179     39.289    110.382    113.061    0.00068    6.44349    9.20840  280.94635   14.56939 1.7426e+01     7.4850     0.6525    84.9455 0.0000e+00
        312 207.402346    0.02158     1.2946     77.674      5.039  49604.460    31.5778    10.0090      5.000     9.9744    24.2796     2.5354     3.6234     39.287    110.548    113.232    0.00031    6.45356    9.22278  281.38414   14.59037 1.4237e+01     5.3662     0.5956    86.1674 0.0000e+00
        318 207.402363    0.02200     1.3199     79.195      6.064  49653.617    31.6019     9.9294      6.000     9.9145    24.3114     2.5436     3.6351     39.351    110.901    113.597    0.00065    6.46381    9.23743  281.82213   14.61123 1.1895e+01     4.0330     0.5661    86.8031 0.0000e+00
        323 207.402377    0.02233     1.3396     80.378      7.060  49667.672    31.6070     9.8953      7.000     9.8833    24.3209     2.5461     3.6387     39.363    111.011    113.711    0.00047    6.46841    9.24401  282.02028   14.62069 1.0213e+01     3.4530     0.5410    87.3483 0.0000e+00
        329 207.402396    0.02277     1.3662     81.969      8.087  49681.988    31.6123     9.8616      8.000     9.8551    24.3306     2.5496     3.6436     39.388    111.160    113.864    0.00030    6.47297    9.25053  282.21646   14.63005 8.7203e+00     3.1501     0.5278    87.6397 0.0000e+00
        333 207.402409    0.02309     1.3850     83.103      9.078  49686.995    31.6142     9.8528      9.000     9.8469    24.3336     2.5533     3.6489     39.438    111.322    114.030    0.00065    6.47414    9.25220  282.26654   14.63244 7.4252e+00     3.0375     0.5210    87.7874 0.0000e+00
        339 207.402426    0.02350     1.4099     84.595     10.105  49692.223    31.6156     9.8378     10.000     9.8322    24.3370     2.5549     3.6513     39.451    111.393    114.105    0.00038    6.47621    9.25516  282.35603   14.63672 6.2647e+00     2.7363     0.5201    87.8076 0.0000e+00
        344 207.402438    0.02380     1.4282     85.692     11.098  49691.529    31.6131     9.8257     11.000     9.8142    24.3370     2.5576     3.6550     39.481    111.507    114.220    0.00050    6.47804    9.25777  282.43558   14.64053 5.3153e+00     2.7947     0.5103    88.0214 0.0000e+00
        349 207.402455    0.02419     1.4513     87.076     12.121  49697.719    31.6124     9.7906     12.000     9.7765    24.3422     2.5644     3.6649     39.556    111.808    114.529    0.00088    6.48306    9.26494  282.65307   14.65094 4.4805e+00     2.6266     0.5011    88.2268 0.0000e+00
        354 207.402467    0.02449     1.4693     88.159     13.120  49718.235    31.6241     9.7729     13.000     9.7688    24.3543     2.5666     3.6679     39.576    111.898    114.623    0.00075    6.48509    9.26785  282.73828   14.65497 3.8144e+00     2.7286     0.4885    88.5038 0.0000e+00
        359 207.402482    0.02484     1.4904     89.425     14.135  49724.649    31.6277     9.7683     14.000     9.7675    24.3578     2.5702     3.6730     39.629    112.055    114.784    0.00075    6.48558    9.26854  282.75867   14.65593 3.2049e+00     2.5919     0.4842    88.5991 0.0000e+00
        364 207.402496    0.02520     1.5117     90.700     15.141  49725.865    31.6284     9.7706     15.000     9.7699    24.3580     2.5704     3.6734     39.635    112.066    114.796    0.00056    6.48523    9.26805  282.74347   14.65519 2.7206e+00     2.4809     0.5104    88.0269 0.0000e+00
        369 207.402511    0.02553     1.5318     91.906     16.155  49726.205    31.6285     9.7728     16.000     9.7721    24.3577     2.5741     3.6786     39.694    112.226    114.960    0.00083    6.48492    9.26760  282.72956   14.65453 2.2877e+00     2.3847     0.4865    88.5480 0.0000e+00
        373 207.402524    0.02585     1.5512     93.070     17.160  49725.363    31.6276     9.7743     17.000     9.7719    24.3569     2.5759     3.6812     39.722    112.303    115.038    0.00069    6.48475    9.26735  282.72251   14.65420 1.9521e+00     2.4097     0.4900    88.4711 0.0000e+00
        378 207.402539    0.02620     1.5721     94.327     18.170  49724.897    31.6267     9.7730     18.000     9.7694    24.3564     2.5815     3.6892     39.807    112.548    115.289    0.00121    6.48497    9.26767  282.73238   14.65468 1.6361e+00     2.3803     0.4868    88.5421 0.0000e+00
        383 207.402553    0.02656     1.5936     95.618     19.182  49726.837    31.6271     9.7688     19.000     9.7650    24.3573     2.5880     3.6985     39.904    112.831    115.579    0.00147    6.48553    9.26847  282.75674   14.65584 1.3888e+00     2.4018     0.4871    88.5341 0.0000e+00
        388 207.402568    0.02691     1.6145     96.868     20.184  49721.864    31.6218     9.7584     20.000     9.7471    24.3549     2.5965     3.7108     40.026    113.206    115.963    0.00194    6.48724    9.27092  282.83202   14.65946 1.1703e+00     2.5164     0.4846    88.5902 0.0000e+00
        394 207.402583    0.02728     1.6368     98.207     21.205  49733.777    31.6266     9.7351     21.000     9.7262    24.3625     2.6071     3.7257     40.168    113.661    116.430    0.00239    6.49037    9.27539  282.96610   14.66585 9.8873e-01     2.5451     0.4790    88.7149 0.0000e+00
        399 207.402597    0.02761     1.6563     99.376     22.205  49745.476    31.6330     9.7242     22.000     9.7190    24.3693     2.6116     3.7322     40.230    113.858    116.633    0.00195    6.49165    9.27723  283.02039   14.66843 8.3884e-01     2.4542     0.4767    88.7663 0.0000e+00
        404 207.402613    0.02799     1.6790    100.741     23.229  49745.438    31.6314     9.7149     23.000     9.7053    24.3695     2.6186     3.7423     40.330    114.165    116.948    0.00199    6.49303    9.27919  283.08047   14.67131 7.0621e-01     2.5133     0.4734    88.8380 0.0000e+00
        408 207.402624    0.02826     1.6959    101.751     24.218  49740.934    31.6250     9.6942     24.000     9.6807    24.3679     2.6267     3.7539     40.435    114.520    117.310    0.00216    6.49627    9.28382  283.22187   14.67810 6.0089e-01     2.3473     0.4748    88.8068 0.0000e+00
        414 207.402641    0.02867     1.7202    103.210     25.251  49750.112    31.6279     9.6705     25.000     9.6614    24.3739     2.6342     3.7646     40.529    114.845    117.644    0.00198    6.49952    9.28848  283.36220   14.68480 5.0878e-01     2.2061     0.4711    88.8892 0.0000e+00
        418 207.402653    0.02896     1.7378    104.265     26.238  49748.355    31.6243     9.6559     26.000     9.6439    24.3734     2.6417     3.7752     40.631    115.171    117.978    0.00223    6.50176    9.29167  283.45977   14.68948 4.3426e-01     2.1838     0.4695    88.9262 0.0000e+00
        424 207.402670    0.02935     1.7612    105.670     27.266  49749.073    31.6199     9.6228     27.000     9.6056    24.3754     2.6455     3.7806     40.657    115.334    118.146    0.00139    6.50668    9.29870  283.67374   14.69973 3.6893e-01     2.0377     0.4747    88.8108 0.0000e+00
        428 207.402683    0.02966     1.7800    106.800     28.263  49722.047    31.5937     9.5721     28.000     9.5249    24.3629     2.6591     3.8000     40.814    115.928    118.752    0.00201    6.51505    9.31065  284.04178   14.71744 3.1551e-01     2.1021     0.4916    88.4352 0.0000e+00
        433 207.402697    0.03000     1.8002    108.010     29.275  49774.098    31.6167     9.4745     29.000     9.4508    24.3965     2.6737     3.8210     40.957    116.564    119.408    0.00263    6.52812    9.32934  284.60262   14.74417 2.7003e-01     1.9835     0.4811    88.6660 0.0000e+00
        438 207.402712    0.03037     1.8220    109.321     30.288  49790.670    31.6221     9.4314     30.000     9.4142    24.4075     2.6784     3.8277     40.991    116.767    119.617    0.00179    6.53411    9.33790  284.86070   14.75649 2.3284e-01     1.7719     0.4829    88.6282 0.0000e+00
        443 207.402726    0.03069     1.8418    110.506     31.289  49799.283    31.6234     9.3998     31.000     9.3855    24.4136     2.6842     3.8360     41.052    117.021    119.878    0.00149    6.53861    9.34433  285.05527   14.76579 2.0043e-01     1.5829     0.4992    88.2687 0.0000e+00
        448 207.402741    0.03107     1.8643    111.855     32.310  49816.527    31.6322     9.3783     32.000     9.3723    24.4238     2.6901     3.8445     41.125    117.276    120.141    0.00153    6.54135    9.34824  285.17165   14.77132 1.7315e-01     1.4930     0.4964    88.3305 0.0000e+00
        453 207.402755    0.03139     1.8836    113.014     33.311  49812.824    31.6279     9.3692     33.000     9.3596    24.4219     2.6926     3.8479     41.153    117.383    120.249    0.00105    6.54285    9.35038  285.23756   14.77448 1.5100e-01     1.4273     0.5011    88.2261 0.0000e+00
        458 207.402769    0.03174     1.9044    114.265     34.325  49819.309    31.6303     9.3567     34.000     9.3495    24.4258     2.6993     3.8576     41.245    117.677    120.551    0.00150    6.54455    9.35281  285.31043   14.77796 1.3220e-01     1.4073     0.5022    88.2014 0.0000e+00
        463 207.402784    0.03210     1.9261    115.568     35.335  49817.059    31.6265     9.3439     35.000     9.3314    24.4248     2.7013     3.8603     41.262    117.761    120.637    0.00095    6.54656    9.35570  285.39871   14.78220 1.1605e-01     1.3958     0.5054    88.1300 0.0000e+00
        468 207.402798    0.03243     1.9455    116.732     36.336  49810.765    31.6180     9.3173     36.000     9.2947    24.4223     2.7056     3.8666     41.303    117.954    120.835    0.00080    6.55078    9.36172  285.58327   14.79105 1.0350e-01     1.3413     0.5177    87.8602 0.0000e+00
        474 207.402815    0.03284     1.9701    118.209     37.369  49829.096    31.6229     9.2627     37.000     9.2403    24.4348     2.7171     3.8830     41.428    118.450    121.344    0.00164    6.55848    9.37272  285.91540   14.80691 9.2831e-02     1.3149     0.5305    87.5796 0.0000e+00
        478 207.402826    0.03311     1.9864    119.182     38.352  49832.916    31.6183     9.2139     38.000     9.1842    24.4388     2.7201     3.8873     41.429    118.582    121.480    0.00096    6.56578    9.38315  286.23251   14.82209 8.3998e-02     1.2932     0.5465    87.2319 0.0000e+00
        484 207.402843    0.03351     2.0108    120.648     39.377  49878.691    31.6427     9.1615     39.000     9.1520    24.4661     2.7262     3.8960     41.480    118.845    121.753    0.00093    6.57238    9.39259  286.51272   14.83540 7.7001e-02     1.2291     0.5544    87.0581 0.0000e+00
        488 207.402857    0.03385     2.0311    121.868     40.377  49884.161    31.6446     9.1501     40.000     9.1421    24.4692     2.7274     3.8977     41.488    118.896    121.806    0.00050    6.57396    9.39485  286.58076   14.83864 7.1088e-02     1.2428     0.5604    86.9262 0.0000e+00
        494 207.402873    0.03425     2.0548    123.291     41.399  49881.742    31.6411     9.1409     41.000     9.1288    24.4680     2.7309     3.9028     41.532    119.051    121.964    0.00073    6.57546    9.39700  286.64649   14.84179 6.6016e-02     1.2163     0.5671    86.7802 0.0000e+00
        498 207.402886    0.03454     2.0726    124.356     42.394  49863.933    31.6243     9.1132     42.000     9.0831    24.4591     2.7335     3.9063     41.540    119.160    122.074    0.00042    6.58022    9.40379  286.85621   14.85189 6.2480e-02     1.1956     0.5767    86.5734 0.0000e+00
        504 207.402902    0.03493     2.0959    125.756     43.415  49900.142    31.6406     9.0520     43.000     9.0354    24.4813     2.7388     3.9141     41.570    119.395    122.318    0.00040    6.58848    9.41559  287.21024   14.86874 5.9316e-02     1.1359     0.5904    86.2778 0.0000e+00
        509 207.402916    0.03526     2.1153    126.918     44.417  49895.549    31.6324     9.0201     44.000     8.9938    24.4798     2.7429     3.9198     41.599    119.567    122.494    0.00051    6.59351    9.42278  287.42982   14.87927 5.6529e-02     1.1079     0.6069    85.9215 0.0000e+00
        514 207.402932    0.03565     2.1388    128.329     45.435  49933.740    31.6527     8.9775     45.000     8.9694    24.5022     2.7472     3.9261     41.633    119.759    122.694    0.00046    6.59888    9.43046  287.65785   14.89009 5.4537e-02     1.0304     0.6165    85.7159 0.0000e+00
        519 207.402945    0.03596     2.1580    129.480     46.437  49937.966    31.6546     8.9733     46.000     8.9672    24.5044     2.7494     3.9291     41.661    119.851    122.788    0.00046    6.59943    9.43124  287.68104   14.89119 5.2535e-02     1.0013     0.6301    85.4275 0.0000e+00
        524 207.402960    0.03631     2.1788    130.729     47.446  49939.686    31.6550     8.9711     47.000     8.9656    24.5051     2.7518     3.9326     41.696    119.957    122.896    0.00059    6.59972    9.43166  287.69346   14.89178 5.1395e-02     1.0106     0.6423    85.1666 0.0000e+00
        529 207.402976    0.03670     2.2017    132.100     48.459  49937.299    31.6525     8.9680     48.000     8.9581    24.5036     2.7521     3.9330     41.696    119.968    122.908    0.00023    6.60029    9.43247  287.71872   14.89300 5.0420e-02     1.0019     0.6418    85.1754 0.0000e+00
        534 207.402989    0.03701     2.2208    133.250     49.466  49946.027    31.6566     8.9571     49.000     8.9482    24.5085     2.7541     3.9359     41.717    120.055    122.998    0.00030    6.60172    9.43451  287.77955   14.89589 4.9446e-02     1.0090     0.6341    85.3409 0.0000e+00
        539 207.403004    0.03739     2.2433    134.601     50.483  49950.559    31.6579     8.9474     50.000     8.9348    24.5110     2.7561     3.9387     41.739    120.142    123.087    0.00034    6.60309    9.43648  287.83882   14.89872 4.8537e-02     1.0662     0.6171    85.7036 0.0000e+00
        544 207.403018    0.03770     2.2620    135.719     51.480  49959.969    31.6611     8.9265     51.000     8.9108    24.5167     2.7570     3.9400     41.735    120.181    123.128    0.00005    6.60603    9.44068  287.96537   14.90475 4.8118e-02     0.9937     0.6204    85.6354 0.0000e+00
        550 207.403035    0.03812     2.2871    137.223     52.508  49975.382    31.6678     8.9006     52.000     8.8884    24.5259     2.7633     3.9491     41.808    120.456    123.410    0.00067    6.60955    9.44572  288.11643   14.91194 4.7542e-02     0.9767     0.5812    86.4762 0.0000e+00
        554 207.403047    0.03841     2.3045    138.268     53.499  49976.134    31.6643     8.8770     53.000     8.8548    24.5269     2.7649     3.9513     41.809    120.523    123.478    0.00042    6.61318    9.45090  288.27408   14.91949 4.7282e-02     0.9364     0.5728    86.6577 0.0000e+00
