CTD-processing/allCTD/CNV/2017_08-24_t9_s08_cast019_4141.cnv
* Sea-Bird SBE19plus Data File:
* FileName = C:\Users\Kim.Powell\Desktop\Not Processed\2017\2017_08\2017_08-24_TRANSECT_STATION_cast019.hex
* Software Version 1.59
* Temperature SN =  4141
* Conductivity SN =  4141
* System UpLoad Time = Sep 22 2017 08:41:41
** 2017_08-24
** Station: 9-08
** Start Time: 18:17
** Depth (m): 96
** Comment: Edgecumbe
** Comment:
# nquan = 27
# nvalues = 95                          
# units = specified
# name 0 = scan: Scan Count
# name 1 = timeJ: Julian Days
# name 2 = timeH: Time, Elapsed [hours]
# name 3 = timeM: Time, Elapsed [minutes]
# name 4 = timeS: Time, Elapsed [seconds]
# name 5 = prdM: Pressure, Strain Gauge [db]
# name 6 = specc: Specific Conductance [uS/cm]
# name 7 = sal00: Salinity, Practical [PSU]
# name 8 = tv290C: Temperature [ITS-90, deg C]
# name 9 = depSM: Depth [salt water, m], lat = 59.00
# name 10 = potemp090C: Potential Temperature [ITS-90, deg C]
# name 11 = sigma-é00: Density [sigma-theta, kg/m^3]
# name 12 = sbeox0ML/L: Oxygen, SBE 43 [ml/l]
# name 13 = sbeox0Mg/L: Oxygen, SBE 43 [mg/l]
# name 14 = sbeox0PS: Oxygen, SBE 43 [% saturation]
# name 15 = sbox0Mm/Kg: Oxygen, SBE 43 [umol/kg]
# name 16 = sbeox0Mm/L: Oxygen, SBE 43 [umol/l]
# name 17 = sbox0dV/dT: Oxygen, SBE 43 [dov/dt]
# name 18 = oxsolML/L: Oxygen Saturation, Garcia & Gordon [ml/l]
# name 19 = oxsolMg/L: Oxygen Saturation, Garcia & Gordon [mg/l]
# name 20 = oxsolMm/Kg: Oxygen Saturation, Garcia & Gordon [umol/kg]
# name 21 = n2satMg/L: Nitrogen Saturation [mg/l]
# name 22 = par: PAR/Irradiance, Biospherical/Licor
# name 23 = wetStar: Fluorescence, WET Labs WETstar [mg/m^3]
# name 24 = CStarAt0: Beam Attenuation, WET Labs C-Star [1/m]
# name 25 = CStarTr0: Beam Transmission, WET Labs C-Star [%]
# name 26 = flag: flag
# span 0 =        290,        789       
# span 1 = 236.762792, 236.764234       
# span 2 =    0.02006,    0.05468       
# span 3 =     1.2036,     3.2812       
# span 4 =     72.213,    196.876       
# span 5 =      1.018,     95.859       
# span 6 =  46494.232,  49701.456       
# span 7 =    29.5309,    31.5227       
# span 8 =     9.3612,    11.2761       
# span 9 =      1.000,     95.000       
# span 10 =     9.3521,    11.2437      
# span 11 =    22.4732,    24.3419      
# span 12 =     2.4171,     2.6075      
# span 13 =     3.4543,     3.7267      
# span 14 =     37.998,     39.834      
# span 15 =    105.577,    113.690      
# span 16 =    107.950,    116.456      
# span 17 =   -0.00065,    0.00140      
# span 18 =    6.36125,    6.54845      
# span 19 =    9.09086,    9.35838      
# span 20 =  277.84918,  285.50388      
# span 21 =   14.42941,   14.78766      
# span 22 = 4.9909e-02, 1.6157e+02      
# span 23 =     0.2375,     2.8686      
# span 24 =     0.8562,     3.4773      
# span 25 =    41.9250,    80.7300      
# span 26 = 0.0000e+00, 0.0000e+00      
# interval = meters: 1                  
# start_time = Aug 24 2017 18:17:13 [Instrument's time stamp, header]
# bad_flag = -9.990e-29
*END*
        290 236.762792    0.02006     1.2036     72.213      1.018  46494.232    29.5309    11.2761      1.000    11.2437    22.4732     2.4171     3.4543     37.998    105.577    107.950    0.00054    6.36125    9.09086  277.84918   14.42941 1.6157e+02     2.8345     1.1604    74.8193 0.0000e+00
        406 236.763127    0.02811     1.6864    101.183      2.025  46945.821    29.8358    11.1531      2.000    10.9978    22.7312     2.4338     3.4781     38.233    106.278    108.694    0.00038    6.36578    9.09733  277.97680   14.43429 9.0845e+01     2.8686     1.1461    75.0877 0.0000e+00
        399 236.763109    0.02767     1.6601     99.607      3.024  47373.171    30.1102    10.9062      3.000    10.8309    22.9868     2.4480     3.4984     38.319    106.871    109.328    0.00118    6.38857    9.12990  278.90244   14.47751 6.1450e+01     2.8488     1.1085    75.7950 0.0000e+00
        403 236.763120    0.02795     1.6769    100.615      4.044  47668.337    30.3011    10.7549      4.000    10.7047    23.1608     2.4507     3.5023     38.282    106.970    109.447    0.00056    6.40172    9.14869  279.42877   14.50194 4.6771e+01     2.7430     1.0980    75.9954 0.0000e+00
        407 236.763131    0.02819     1.6916    101.496      5.040  47813.292    30.3942    10.6788      5.000    10.6366    23.2463     2.4512     3.5030     38.249    106.984    109.471   -0.00038    6.40847    9.15834  279.70008   14.51455 3.5116e+01     2.6190     1.0912    76.1251 0.0000e+00
        411 236.763143    0.02848     1.7091    102.546      6.059  48061.881    30.5578    10.5803      6.000    10.5323    23.3901     2.4554     3.5090     38.273    107.151    109.657    0.00001    6.41546    9.16834  279.96611   14.52662 2.7536e+01     2.3521     1.0577    76.7656 0.0000e+00
        415 236.763154    0.02875     1.7251    103.504      7.063  48277.072    30.6996    10.4978      7.000    10.4636    23.5144     2.4600     3.5155     38.310    107.338    109.862    0.00010    6.42115    9.17647  280.18047   14.53631 2.1306e+01     2.0981     0.9961    77.9566 0.0000e+00
        419 236.763167    0.02906     1.7432    104.595      8.072  48447.158    30.8119    10.4354      8.000    10.4170    23.6122     2.4622     3.5186     38.319    107.422    109.959    0.00032    6.42526    9.18234  280.33291   14.54315 1.6814e+01     1.6760     0.9582    78.6984 0.0000e+00
        424 236.763180    0.02939     1.7632    105.793      9.088  48661.144    30.9568    10.3877      9.000    10.3660    23.7330     2.4620     3.5184     38.313    107.404    109.952   -0.00001    6.42597    9.18336  280.33092   14.54247 1.3047e+01     1.3477     0.9229    79.3954 0.0000e+00
        428 236.763193    0.02968     1.7810    106.859     10.096  48764.081    31.0245    10.3504     10.000    10.3354    23.7920     2.4629     3.5199     38.314    107.442    109.998   -0.00008    6.42840    9.18683  280.42083   14.54650 1.0249e+01     1.1859     0.8949    79.9543 0.0000e+00
        433 236.763205    0.02998     1.7988    107.930     11.101  48800.719    31.0475    10.3299     11.000    10.3263    23.8133     2.4669     3.5255     38.364    107.611    110.173    0.00036    6.43033    9.18959  280.49899   14.55015 8.3261e+00     1.0135     0.8709    80.4339 0.0000e+00
        438 236.763220    0.03034     1.8200    109.201     12.112  48809.998    31.0531    10.3257     12.000    10.3229    23.8184     2.4702     3.5302     38.413    107.753    110.320    0.00061    6.43069    9.19010  280.51334   14.55081 6.6513e+00     0.9012     0.8625    80.6039 0.0000e+00
        443 236.763236    0.03071     1.8429    110.575     13.128  48820.393    31.0595    10.3216     13.000    10.3195    23.8241     2.4720     3.5328     38.439    107.831    110.400    0.00059    6.43099    9.19053  280.52477   14.55133 5.2130e+00     0.8644     0.8600    80.6544 0.0000e+00
        448 236.763249    0.03104     1.8623    111.741     14.133  48824.344    31.0618    10.3209     14.000    10.3191    23.8261     2.4733     3.5345     38.458    107.885    110.456    0.00051    6.43100    9.19054  280.52456   14.55131 4.0927e+00     0.8469     0.8562    80.7300 0.0000e+00
        452 236.763261    0.03133     1.8798    112.789     15.142  48826.342    31.0626    10.3197     15.000    10.3147    23.8269     2.4750     3.5370     38.484    107.960    110.532    0.00040    6.43114    9.19074  280.53040   14.55159 3.2508e+00     0.8408     0.8613    80.6284 0.0000e+00
        456 236.763273    0.03161     1.8967    113.801     16.152  48851.113    31.0779    10.3050     16.000    10.2793    23.8413     2.4795     3.5434     38.546    108.155    110.734    0.00087    6.43256    9.19277  280.58850   14.55431 2.5936e+00     0.8223     0.8579    80.6965 0.0000e+00
        460 236.763285    0.03189     1.9135    114.809     17.153  48964.291    31.1516    10.2574     17.000    10.2450    23.9066     2.4827     3.5480     38.574    108.288    110.877    0.00082    6.43620    9.19798  280.72954   14.56076 2.0622e+00     0.8207     0.8624    80.6063 0.0000e+00
        465 236.763300    0.03225     1.9349    116.092     18.176  49020.281    31.1884    10.2384     18.000    10.2255    23.9384     2.4847     3.5509     38.599    108.375    110.969    0.00063    6.43736    9.19964  280.77142   14.56262 1.6209e+00     0.7914     0.8612    80.6299 0.0000e+00
        470 236.763313    0.03257     1.9539    117.235     19.184  49049.690    31.2035    10.1962     19.000    10.1606    23.9573     2.4888     3.5568     38.630    108.551    111.151    0.00053    6.44265    9.20719  280.99688   14.57335 1.2896e+00     0.7597     0.8832    80.1888 0.0000e+00
        474 236.763324    0.03284     1.9701    118.207     20.186  49145.526    31.2627    10.1311     20.000    10.1168    24.0141     2.4943     3.5646     38.674    108.780    111.393    0.00088    6.44937    9.21680  281.27428   14.58638 1.0159e+00     0.7314     0.9275    79.3035 0.0000e+00
        478 236.763336    0.03312     1.9869    119.216     21.194  49163.866    31.2734    10.1166     21.000    10.1165    24.0248     2.4971     3.5686     38.708    108.902    111.519    0.00071    6.45097    9.21908  281.34119   14.58955 8.0683e-01     0.6740     0.9237    79.3792 0.0000e+00
        483 236.763352    0.03349     2.0093    120.559     22.212  49162.719    31.2734    10.1267     22.000    10.1263    24.0232     2.4990     3.5713     38.746    108.986    111.604    0.00083    6.44955    9.21706  281.27972   14.58660 6.3553e-01     0.5902     0.9030    79.7919 0.0000e+00
        488 236.763365    0.03382     2.0291    121.747     23.219  49155.961    31.2681    10.1253     23.000    10.1210    24.0193     2.5006     3.5736     38.769    109.058    111.678    0.00059    6.44996    9.21764  281.29868   14.58753 5.0192e-01     0.5814     0.9111    79.6311 0.0000e+00
        492 236.763378    0.03413     2.0474    122.841     24.230  49168.119    31.2763    10.1263     24.000    10.1259    24.0256     2.5018     3.5753     38.790    109.108    111.729    0.00057    6.44948    9.21695  281.27585   14.58640 4.0316e-01     0.5834     0.9061    79.7297 0.0000e+00
        497 236.763390    0.03442     2.0654    123.924     25.239  49167.992    31.2764    10.1302     25.000    10.1282    24.0250     2.5051     3.5800     38.844    109.251    111.876    0.00076    6.44893    9.21616  281.25211   14.58527 3.1827e-01     0.5821     0.9054    79.7429 0.0000e+00
        501 236.763403    0.03472     2.0836    125.017     26.246  49169.522    31.2769    10.1298     26.000    10.1265    24.0255     2.5065     3.5821     38.868    109.316    111.942    0.00066    6.44896    9.21621  281.25321   14.58532 2.5576e-01     0.5759     0.8992    79.8666 0.0000e+00
        505 236.763415    0.03503     2.1015    126.090     27.261  49169.400    31.2765    10.1306     27.000    10.1265    24.0250     2.5121     3.5901     38.955    109.560    112.193    0.00130    6.44887    9.21608  281.24947   14.58515 2.0425e-01     0.5614     0.9017    79.8169 0.0000e+00
        509 236.763426    0.03527     2.1160    126.961     28.264  49177.597    31.2812    10.1254     28.000    10.1117    24.0296     2.5113     3.5888     38.939    109.523    112.155    0.00069    6.44941    9.21685  281.27174   14.58619 1.6848e-01     0.5605     0.9144    79.5643 0.0000e+00
        513 236.763437    0.03553     2.1317    127.904     29.274  49189.349    31.2870    10.1086     29.000    10.0987    24.0369     2.5160     3.5957     38.999    109.729    112.366    0.00079    6.45153    9.21988  281.36217   14.59050 1.4172e-01     0.5518     0.9177    79.4978 0.0000e+00
        517 236.763449    0.03584     2.1505    129.030     30.286  49185.749    31.2820    10.0926     30.000    10.0845    24.0356     2.5197     3.6009     39.040    109.887    112.528    0.00107    6.45400    9.22340  281.47001   14.59567 1.1870e-01     0.5452     0.9314    79.2265 0.0000e+00
        522 236.763463    0.03616     2.1698    130.188     31.290  49206.561    31.2959    10.0897     31.000    10.0869    24.0470     2.5183     3.5989     39.020    109.826    112.468    0.00028    6.45382    9.22316  281.45948   14.59512 1.0193e-01     0.5437     0.9409    79.0383 0.0000e+00
        527 236.763478    0.03652     2.1910    131.461     32.308  49220.985    31.3053    10.0874     32.000    10.0844    24.0547     2.5243     3.6073     39.112    110.084    112.732    0.00097    6.45377    9.22308  281.45495   14.59486 8.7767e-02     0.5283     0.9449    78.9606 0.0000e+00
        531 236.763491    0.03684     2.2104    132.625     33.318  49228.473    31.3110    10.0930     33.000    10.0915    24.0582     2.5241     3.6072     39.116    110.077    112.726    0.00078    6.45275    9.22162  281.40922   14.59265 7.8118e-02     0.5338     0.9690    78.4868 0.0000e+00
        536 236.763503    0.03712     2.2274    133.644     34.322  49229.476    31.3106    10.0876     34.000    10.0705    24.0588     2.5262     3.6101     39.144    110.168    112.819    0.00038    6.45353    9.22273  281.44328   14.59428 7.1483e-02     0.5148     1.0003    77.8767 0.0000e+00
        539 236.763514    0.03739     2.2435    134.612     35.336  49253.392    31.3243    10.0663     35.000    10.0573    24.0730     2.5282     3.6131     39.161    110.257    112.911    0.00067    6.45595    9.22620  281.54515   14.59910 6.5426e-02     0.5191     1.0312    77.2747 0.0000e+00
        543 236.763524    0.03765     2.2589    135.532     36.345  49260.134    31.3276    10.0580     36.000    10.0515    24.0770     2.5294     3.6148     39.173    110.307    112.962    0.00027    6.45699    9.22768  281.58944   14.60121 6.1282e-02     0.5009     1.0237    77.4204 0.0000e+00
        547 236.763535    0.03789     2.2730    136.379     37.352  49262.101    31.3280    10.0535     37.000    10.0464    24.0780     2.5342     3.6217     39.244    110.518    113.180    0.00084    6.45760    9.22856  281.61595   14.60247 5.9217e-02     0.4947     1.0396    77.1142 0.0000e+00
        550 236.763545    0.03812     2.2873    137.241     38.359  49269.136    31.3320    10.0486     38.000    10.0467    24.0819     2.5391     3.6285     39.315    110.726    113.392    0.00133    6.45814    9.22933  281.63825   14.60353 5.7474e-02     0.4870     1.0263    77.3704 0.0000e+00
        554 236.763556    0.03840     2.3042    138.253     39.369  49266.133    31.3291    10.0467     39.000    10.0371    24.0801     2.5382     3.6274     39.301    110.694    113.360    0.00078    6.45852    9.22987  281.65531   14.60435 5.4956e-02     0.4799     1.0166    77.5567 0.0000e+00
        558 236.763569    0.03870     2.3220    139.319     40.388  49278.964    31.3370    10.0412     40.000    10.0398    24.0872     2.5363     3.6247     39.269    110.610    113.275    0.00011    6.45896    9.23050  281.67252   14.60515 5.3668e-02     0.4710     0.9906    78.0642 0.0000e+00
        562 236.763578    0.03895     2.3367    140.200     41.392  49267.733    31.3287    10.0407     41.000    10.0226    24.0807     2.5399     3.6297     39.320    110.763    113.430    0.00029    6.45939    9.23112  281.69305   14.60616 5.2915e-02     0.4814     1.0010    77.8606 0.0000e+00
        565 236.763589    0.03919     2.3514    141.086     42.397  49289.425    31.3403    10.0158     42.000    10.0038    24.0940     2.5437     3.6352     39.361    110.929    113.602    0.00075    6.46242    9.23544  281.82130   14.61225 5.2546e-02     0.4674     0.9873    78.1286 0.0000e+00
        569 236.763600    0.03946     2.3675    142.048     43.413  49302.610    31.3481    10.0065     43.000    10.0001    24.1015     2.5472     3.6402     39.409    111.080    113.756    0.00079    6.46341    9.23685  281.86236   14.61418 5.1990e-02     0.4628     0.9696    78.4739 0.0000e+00
        573 236.763611    0.03971     2.3827    142.964     44.417  49304.659    31.3486    10.0027     44.000     9.9952    24.1025     2.5460     3.6385     39.389    111.030    113.706    0.00053    6.46392    9.23760  281.88480   14.61525 5.1658e-02     0.4563     0.9577    78.7084 0.0000e+00
        577 236.763622    0.03998     2.3990    143.942     45.429  49308.575    31.3505     9.9990     45.000     9.9926    24.1046     2.5482     3.6418     39.420    111.129    113.807    0.00021    6.46438    9.23824  281.90396   14.61617 5.1663e-02     0.4397     0.9578    78.7061 0.0000e+00
        581 236.763633    0.04025     2.4148    144.891     46.443  49309.975    31.3508     9.9970     46.000     9.9928    24.1053     2.5559     3.6526     39.536    111.459    114.146    0.00140    6.46465    9.23862  281.91537   14.61671 5.1030e-02     0.4385     0.9597    78.6692 0.0000e+00
        584 236.763643    0.04049     2.4290    145.738     47.450  49314.653    31.3540     9.9990     47.000    10.0048    24.1073     2.5510     3.6456     39.463    111.245    113.927    0.00051    6.46423    9.23803  281.89666   14.61580 5.0332e-02     0.4345     0.9599    78.6646 0.0000e+00
        587 236.763653    0.04072     2.4434    146.605     48.453  49296.175    31.3431    10.0195     48.000    10.0235    24.0956     2.5463     3.6389     39.406    111.042    113.718   -0.00059    6.46179    9.23454  281.79339   14.61091 5.0900e-02     0.4356     0.9827    78.2175 0.0000e+00
        592 236.763665    0.04101     2.4606    147.633     49.468  49280.025    31.3334    10.0365     49.000    10.0321    24.0853     2.5527     3.6480     39.516    111.320    114.001    0.00057    6.45978    9.23168  281.70890   14.60690 5.0535e-02     0.4485     0.9700    78.4655 0.0000e+00
        596 236.763677    0.04130     2.4782    148.691     50.484  49280.289    31.3324    10.0297     50.000    10.0160    24.0855     2.5541     3.6501     39.532    111.383    114.065    0.00069    6.46078    9.23311  281.75260   14.60900 4.9909e-02     0.4621     0.9719    78.4298 0.0000e+00
        599 236.763687    0.04156     2.4936    149.618     51.482  49288.495    31.3367    10.0218     51.000    10.0143    24.0902     2.5567     3.6538     39.568    111.499    114.185    0.00060    6.46173    9.23445  281.79226   14.61088 5.0688e-02     0.4647     0.9691    78.4846 0.0000e+00
        604 236.763700    0.04184     2.5105    150.631     52.503  49292.370    31.3383    10.0162     52.000    10.0085    24.0924     2.5577     3.6552     39.578    111.539    114.226    0.00056    6.46244    9.23547  281.82281   14.61233 5.0800e-02     0.4550     0.9504    78.8515 0.0000e+00
        607 236.763710    0.04209     2.5256    151.538     53.506  49292.857    31.3378    10.0133     53.000    10.0060    24.0926     2.5602     3.6588     39.614    111.648    114.338    0.00059    6.46288    9.23610  281.84207   14.61326 5.0394e-02     0.4501     0.9589    78.6850 0.0000e+00
