CTD-processing/allCTD/CNV/2017_12-14_alongbay_skb07_cast131_4141.cnv
* Sea-Bird SBE19plus Data File:
* FileName = C:\Users\Kim.Powell\Desktop\Not Processed\2017\2017_12-XX_4141\2017_12-14_TANSECT_STATION_cast131.hex
* Software Version 1.59
* Temperature SN =  4141
* Conductivity SN =  4141
* System UpLoad Time = Dec 18 2017 08:30:16
** 2017_12-14
** Station: KB07
** Start Time: 14:01
** Depth (m): 147.2
** Comment:**CTD recorded date as April 18
** Comment:
# nquan = 27
# nvalues = 117                         
# units = specified
# name 0 = scan: Scan Count
# name 1 = timeJ: Julian Days
# name 2 = timeH: Time, Elapsed [hours]
# name 3 = timeM: Time, Elapsed [minutes]
# name 4 = timeS: Time, Elapsed [seconds]
# name 5 = prdM: Pressure, Strain Gauge [db]
# name 6 = specc: Specific Conductance [uS/cm]
# name 7 = sal00: Salinity, Practical [PSU]
# name 8 = tv290C: Temperature [ITS-90, deg C]
# name 9 = depSM: Depth [salt water, m], lat = 59.00
# name 10 = potemp090C: Potential Temperature [ITS-90, deg C]
# name 11 = sigma-é00: Density [sigma-theta, kg/m^3]
# name 12 = sbeox0ML/L: Oxygen, SBE 43 [ml/l]
# name 13 = sbeox0Mg/L: Oxygen, SBE 43 [mg/l]
# name 14 = sbeox0PS: Oxygen, SBE 43 [% saturation]
# name 15 = sbox0Mm/Kg: Oxygen, SBE 43 [umol/kg]
# name 16 = sbeox0Mm/L: Oxygen, SBE 43 [umol/l]
# name 17 = sbox0dV/dT: Oxygen, SBE 43 [dov/dt]
# name 18 = oxsolML/L: Oxygen Saturation, Garcia & Gordon [ml/l]
# name 19 = oxsolMg/L: Oxygen Saturation, Garcia & Gordon [mg/l]
# name 20 = oxsolMm/Kg: Oxygen Saturation, Garcia & Gordon [umol/kg]
# name 21 = n2satMg/L: Nitrogen Saturation [mg/l]
# name 22 = par: PAR/Irradiance, Biospherical/Licor
# name 23 = wetStar: Fluorescence, WET Labs WETstar [mg/m^3]
# name 24 = CStarAt0: Beam Attenuation, WET Labs C-Star [1/m]
# name 25 = CStarTr0: Beam Transmission, WET Labs C-Star [%]
# name 26 = flag: flag
# span 0 =        335,        903       
# span 1 = 108.585549, 108.587194       
# span 2 =    0.02317,    0.06265       
# span 3 =     1.3904,     3.7590       
# span 4 =     83.426,    225.536       
# span 5 =      1.018,    118.116       
# span 6 =  48312.905,  50157.037       
# span 7 =    29.8714,    31.4237       
# span 8 =     5.0209,     6.7746       
# span 9 =      1.000,    117.000       
# span 10 =     5.0409,     6.7654      
# span 11 =    23.6097,    24.6382      
# span 12 =     2.8571,     2.9658      
# span 13 =     4.0831,     4.2385      
# span 14 =     40.504,     41.340      
# span 15 =    124.531,    129.399      
# span 16 =    127.598,    132.454      
# span 17 =   -0.00113,    0.00161      
# span 18 =    6.94861,    7.31657      
# span 19 =    9.93027,   10.45610      
# span 20 =  302.86823,  319.22100      
# span 21 =   15.61721,   16.40235      
# span 22 = 3.6375e-02, 1.0821e+01      
# span 23 =     0.2191,     0.3765      
# span 24 =     0.5262,     2.1750      
# span 25 =    58.0577,    87.6731      
# span 26 = 0.0000e+00, 0.0000e+00      
# interval = meters: 1                  
# start_time = Apr 18 2017 14:01:48 [Instrument's time stamp, header]
# bad_flag = -9.990e-29
*END*
[from data line 54]
        601 108.586320    0.04170     2.5016    150.095     55.519  50030.036    31.3203     6.5491     55.000     6.5537    24.5796     2.8666     4.0966     41.014    124.949    128.020   -0.00064    6.98915    9.98819  304.64723   15.70237 3.6382e-02     0.2331     0.5861    86.3714 0.0000e+00
        606 108.586334    0.04202     2.5215    151.291     56.544  50024.152    31.3191     6.5674     56.000     6.5656    24.5764     2.8673     4.0977     41.042    124.983    128.055   -0.00003    6.98623    9.98402  304.52077   15.69635 3.6382e-02     0.2349     0.5682    86.7585 0.0000e+00
        610 108.586346    0.04230     2.5379    152.276     57.541  50023.478    31.3190     6.5720     57.000     6.5688    24.5757     2.8669     4.0971     41.041    124.965    128.037   -0.00008    6.98550    9.98297  304.48928   15.69485 3.6382e-02     0.2385     0.5696    86.7282 0.0000e+00
        615 108.586359    0.04262     2.5573    153.440     58.560  50033.026    31.3259     6.5766     58.000     6.5743    24.5807     2.8687     4.0997     41.073    125.043    128.116    0.00016    6.98442    9.98143  304.44065   15.69250 3.6382e-02     0.2421     0.5694    86.7313 0.0000e+00
        619 108.586372    0.04293     2.5755    154.528     59.564  50033.779    31.3268     6.5811     59.000     6.5773    24.5808     2.8709     4.1029     41.109    125.140    128.216    0.00030    6.98366    9.98035  304.40774   15.69093 3.6382e-02     0.2597     0.5523    87.1035 0.0000e+00
        624 108.586385    0.04324     2.5946    155.674     60.574  50034.568    31.3274     6.5837     60.000     6.5789    24.5809     2.8673     4.0977     41.060    124.981    128.053   -0.00011    6.98320    9.97970  304.38765   15.68997 3.6382e-02     0.2574     0.5446    87.2707 0.0000e+00
        628 108.586399    0.04357     2.6143    156.860     61.587  50036.055    31.3280     6.5840     61.000     6.5788    24.5814     2.8638     4.0927     41.011    124.832    127.900   -0.00072    6.98312    9.97958  304.38388   15.68979 3.6382e-02     0.2534     0.5399    87.3751 0.0000e+00
        633 108.586412    0.04389     2.6331    157.986     62.593  50037.889    31.3289     6.5842     62.000     6.5792    24.5821     2.8678     4.0983     41.067    125.000    128.073    0.00004    6.98305    9.97947  304.38068   15.68963 3.6382e-02     0.2391     0.5344    87.4941 0.0000e+00
        638 108.586426    0.04423     2.6540    159.238     63.607  50041.153    31.3309     6.5854     63.000     6.5813    24.5835     2.8700     4.1015     41.101    125.098    128.173    0.00031    6.98275    9.97905  304.36724   15.68898 3.6382e-02     0.2306     0.5295    87.6010 0.0000e+00
        643 108.586440    0.04455     2.6732    160.394     64.612  50041.432    31.3311     6.5882     64.000     6.5836    24.5833     2.8642     4.0932     41.021    124.845    127.914   -0.00052    6.98229    9.97839  304.34722   15.68803 3.6382e-02     0.2527     0.5291    87.6096 0.0000e+00
        648 108.586455    0.04492     2.6951    161.705     65.625  50042.263    31.3315     6.5896     65.000     6.5843    24.5835     2.8685     4.0993     41.083    125.032    128.106    0.00007    6.98204    9.97804  304.33651   15.68751 3.6382e-02     0.2513     0.5280    87.6337 0.0000e+00
        653 108.586470    0.04527     2.7161    162.964     66.635  50041.749    31.3307     6.5896     66.000     6.5834    24.5829     2.8670     4.0973     41.062    124.970    128.042   -0.00020    6.98210    9.97811  304.33875   15.68762 3.6382e-02     0.2332     0.5313    87.5616 0.0000e+00
        657 108.586482    0.04558     2.7347    164.083     67.643  50044.136    31.3317     6.5890     67.000     6.5837    24.5838     2.8693     4.1005     41.094    125.067    128.141    0.00005    6.98214    9.97818  304.34061   15.68771 3.6382e-02     0.2751     0.5346    87.4906 0.0000e+00
        662 108.586496    0.04590     2.7543    165.257     68.658  50043.180    31.3306     6.5890     68.000     6.5830    24.5829     2.8690     4.1000     41.090    125.053    128.127    0.00001    6.98220    9.97826  304.34327   15.68784 3.6382e-02     0.2438     0.5302    87.5871 0.0000e+00
        666 108.586507    0.04617     2.7704    166.222     69.659  50047.723    31.3334     6.5894     69.000     6.5849    24.5850     2.8682     4.0989     41.080    125.022    128.095   -0.00000    6.98199    9.97796  304.33367   15.68737 3.6382e-02     0.2439     0.5417    87.3349 0.0000e+00
        671 108.586521    0.04650     2.7900    167.401     70.676  50046.363    31.3323     6.5915     70.000     6.5855    24.5840     2.8718     4.1040     41.133    125.176    128.253    0.00023    6.98171    9.97756  304.32169   15.68680 3.6382e-02     0.2447     0.5348    87.4846 0.0000e+00
        675 108.586533    0.04680     2.8078    168.467     71.673  50050.529    31.3347     6.5911     71.000     6.5880    24.5859     2.8699     4.1013     41.105    125.091    128.167    0.00006    6.98166    9.97749  304.31901   15.68667 3.6382e-02     0.2298     0.5426    87.3158 0.0000e+00
        680 108.586547    0.04712     2.8276    169.654     72.697  50064.106    31.3457     6.6026     72.000     6.6016    24.5932     2.8635     4.0922     41.028    124.815    127.885   -0.00076    6.97930    9.97412  304.21385   15.68161 3.6382e-02     0.2283     0.5344    87.4954 0.0000e+00
        684 108.586560    0.04744     2.8467    170.802     73.698  50055.098    31.3402     6.6089     73.000     6.6034    24.5879     2.8666     4.0966     41.077    124.950    128.021   -0.00017    6.97853    9.97301  304.18172   15.68010 3.6382e-02     0.2360     0.5379    87.4183 0.0000e+00
        689 108.586574    0.04778     2.8670    172.018     74.714  50056.988    31.3414     6.6108     74.000     6.6058    24.5886     2.8688     4.0997     41.111    125.044    128.119    0.00014    6.97816    9.97248  304.16539   15.67931 3.6382e-02     0.2561     0.5294    87.6023 0.0000e+00
        694 108.586588    0.04812     2.8873    173.235     75.721  50061.805    31.3451     6.6158     75.000     6.6118    24.5910     2.8663     4.0962     41.081    124.936    128.009   -0.00029    6.97718    9.97108  304.12202   15.67724 3.6382e-02     0.2384     0.5265    87.6665 0.0000e+00
        699 108.586603    0.04846     2.9079    174.471     76.733  50061.762    31.3455     6.6208     76.000     6.6162    24.5907     2.8670     4.0973     41.096    124.968    128.041    0.00011    6.97634    9.96989  304.08578   15.67550 3.6382e-02     0.2392     0.5331    87.5234 0.0000e+00
        703 108.586615    0.04877     2.9261    175.568     77.741  50065.637    31.3485     6.6252     77.000     6.6210    24.5926     2.8674     4.0978     41.107    124.986    128.060   -0.00009    6.97549    9.96868  304.04814   15.67370 3.6382e-02     0.2431     0.5326    87.5332 0.0000e+00
        708 108.586629    0.04910     2.9459    176.755     78.753  50076.000    31.3567     6.6334     78.000     6.6325    24.5980     2.8671     4.0975     41.113    124.973    128.047   -0.00003    6.97379    9.96625  303.97242   15.67006 3.6382e-02     0.2560     0.5262    87.6731 0.0000e+00
        712 108.586642    0.04940     2.9640    177.838     79.761  50084.125    31.3644     6.6469     79.000     6.6468    24.6023     2.8683     4.0992     41.145    125.025    128.100    0.00036    6.97124    9.96261  303.86022   15.66468 3.6382e-02     0.2345     0.5344    87.4943 0.0000e+00
        717 108.586655    0.04971     2.9827    178.962     80.769  50075.019    31.3597     6.6583     80.000     6.6528    24.5972     2.8694     4.1007     41.170    125.071    128.148    0.00039    6.96961    9.96027  303.79047   15.66137 3.6382e-02     0.2416     0.5380    87.4152 0.0000e+00
        722 108.586669    0.05005     3.0032    180.194     81.784  50079.666    31.3630     6.6613     81.000     6.6571    24.5994     2.8613     4.0892     41.059    124.720    127.789   -0.00076    6.96897    9.95935  303.76173   15.65998 3.6382e-02     0.2375     0.5391    87.3904 0.0000e+00
        726 108.586680    0.05034     3.0201    181.205     82.783  50078.539    31.3626     6.6662     82.000     6.6604    24.5985     2.8632     4.0918     41.089    124.800    127.870   -0.00041    6.96819    9.95824  303.72809   15.65838 3.6382e-02     0.2296     0.5418    87.3333 0.0000e+00
        731 108.586697    0.05072     3.0431    182.587     83.814  50076.399    31.3610     6.6680     83.000     6.6604    24.5971     2.8656     4.0953     41.126    124.908    127.981    0.00010    6.96798    9.95794  303.71921   15.65797 3.6382e-02     0.2529     0.5328    87.5295 0.0000e+00
        735 108.586708    0.05100     3.0600    183.600     84.803  50076.576    31.3604     6.6670     84.000     6.6595    24.5967     2.8647     4.0939     41.111    124.864    127.936   -0.00015    6.96818    9.95822  303.72804   15.65839 3.6382e-02     0.2448     0.5487    87.1827 0.0000e+00
        741 108.586724    0.05138     3.0826    184.955     85.823  50077.746    31.3607     6.6662     85.000     6.6589    24.5970     2.8689     4.0999     41.170    125.049    128.125    0.00037    6.96828    9.95838  303.73269   15.65861 3.6382e-02     0.2485     0.5425    87.3162 0.0000e+00
        746 108.586738    0.05171     3.1022    186.131     86.828  50077.961    31.3603     6.6661     86.000     6.6585    24.5968     2.8683     4.0992     41.163    125.026    128.101    0.00015    6.96832    9.95843  303.73433   15.65869 3.6382e-02     0.2513     0.5441    87.2836 0.0000e+00
        751 108.586754    0.05209     3.1258    187.545     87.845  50079.435    31.3608     6.6658     87.000     6.6584    24.5972     2.8693     4.1006     41.177    125.070    128.147    0.00014    6.96835    9.95847  303.73544   15.65874 3.6382e-02     0.2506     0.5390    87.3943 0.0000e+00
        756 108.586767    0.05242     3.1450    188.697     88.839  50083.579    31.3634     6.6669     88.000     6.6608    24.5991     2.8655     4.0952     41.124    124.903    127.976   -0.00026    6.96806    9.95804  303.72185   15.65808 3.6382e-02     0.2191     0.5479    87.1988 0.0000e+00
        761 108.586784    0.05281     3.1683    190.101     89.872  50087.379    31.3665     6.6717     89.000     6.6665    24.6010     2.8636     4.0924     41.102    124.819    127.889   -0.00059    6.96713    9.95672  303.68113   15.65613 3.6382e-02     0.2450     0.5385    87.4043 0.0000e+00
        766 108.586796    0.05310     3.1862    191.174     90.864  50092.394    31.3708     6.6786     90.000     6.6749    24.6034     2.8657     4.0953     41.139    124.908    127.980    0.00010    6.96582    9.95486  303.62337   15.65336 3.6382e-02     0.2524     0.5415    87.3385 0.0000e+00
        771 108.586811    0.05346     3.2076    192.454     91.885  50089.521    31.3700     6.6877     91.000     6.6807    24.6016     2.8644     4.0936     41.130    124.854    127.926   -0.00049    6.96438    9.95280  303.56110   15.65039 3.6382e-02     0.2487     0.5443    87.2770 0.0000e+00
        775 108.586823    0.05375     3.2249    193.497     92.882  50092.141    31.3716     6.6896     92.000     6.6832    24.6028     2.8695     4.1008     41.204    125.073    128.151    0.00060    6.96401    9.95226  303.54448   15.64959 3.6382e-02     0.2378     0.5478    87.2000 0.0000e+00
        781 108.586839    0.05414     3.2480    194.877     93.909  50105.269    31.3811     6.6943     93.000     6.6955    24.6096     2.8656     4.0952     41.155    124.904    127.978   -0.00028    6.96282    9.95056  303.49061   15.64699 3.6382e-02     0.2637     0.5416    87.3373 0.0000e+00
        785 108.586852    0.05443     3.2660    195.960     94.901  50157.037    31.4237     6.7337     94.000     6.7458    24.6382     2.8640     4.0930     41.182    124.831    127.907    0.00010    6.95449    9.93865  303.11906   15.62910 3.6382e-02     0.2397     0.6375    85.2764 0.0000e+00
        790 108.586867    0.05481     3.2886    197.318     95.924  50112.535    31.3985     6.7678     95.000     6.7560    24.6140     2.8623     4.0906     41.183    124.761    127.833    0.00007    6.95014    9.93244  302.93663   15.62050 3.6382e-02     0.2515     0.7432    83.0440 0.0000e+00
        795 108.586881    0.05514     3.3086    198.513     96.926  50106.580    31.3914     6.7536     96.000     6.7434    24.6102     2.8608     4.0884     41.147    124.695    127.764   -0.00035    6.95274    9.93617  303.05153   15.62601 3.6382e-02     0.2481     0.7386    83.1406 0.0000e+00
        801 108.586897    0.05553     3.3314    199.883     97.941  50134.759    31.4122     6.7633     97.000     6.7605    24.6253     2.8674     4.0978     41.256    124.980    128.058    0.00063    6.95025    9.93260  302.93802   15.62051 3.6382e-02     0.2492     0.7278    83.3660 0.0000e+00
        805 108.586911    0.05586     3.3518    201.111     98.947  50123.937    31.4056     6.7714     98.000     6.7629    24.6192     2.8673     4.0976     41.260    124.976    128.053    0.00060    6.94924    9.93116  302.89605   15.61854 3.6382e-02     0.2360     0.7976    81.9216 0.0000e+00
        811 108.586926    0.05622     3.3730    202.378     99.959  50123.628    31.4049     6.7706     99.000     6.7619    24.6187     2.8571     4.0831     41.113    124.531    127.598   -0.00113    6.94939    9.93137  302.90276   15.61886 3.6382e-02     0.2595     0.7975    81.9253 0.0000e+00
        815 108.586940    0.05656     3.3932    203.590    100.970  50126.639    31.4065     6.7709    100.000     6.7631    24.6200     2.8712     4.1032     41.316    125.146    128.226    0.00110    6.94926    9.93120  302.89686   15.61858 3.6382e-02     0.2554     0.7843    82.1958 0.0000e+00
        820 108.586953    0.05687     3.4124    204.746    101.974  50125.785    31.4058     6.7724    101.000     6.7636    24.6191     2.8600     4.0872     41.157    124.659    127.728   -0.00064    6.94907    9.93091  302.88853   15.61818 3.6382e-02     0.2236     0.8028    81.8163 0.0000e+00
        825 108.586968    0.05723     3.4342    206.052    102.990  50126.146    31.4054     6.7719    102.000     6.7630    24.6190     2.8659     4.0956     41.241    124.915    127.990    0.00032    6.94917    9.93106  302.89296   15.61839 3.6382e-02     0.2517     0.7909    82.0607 0.0000e+00
        830 108.586982    0.05757     3.4544    207.264    103.999  50127.860    31.4062     6.7722    103.000     6.7634    24.6195     2.8603     4.0877     41.162    124.673    127.742   -0.00068    6.94907    9.93091  302.88851   15.61818 3.6382e-02     0.2559     0.7856    82.1674 0.0000e+00
        835 108.586997    0.05793     3.4754    208.526    105.006  50127.839    31.4058     6.7724    104.000     6.7635    24.6192     2.8678     4.0985     41.270    125.002    128.079    0.00064    6.94907    9.93091  302.88836   15.61817 3.6382e-02     0.2692     0.7876    82.1277 0.0000e+00
        840 108.587012    0.05828     3.4968    209.808    106.020  50130.516    31.4073     6.7731    105.000     6.7647    24.6203     2.8598     4.0869     41.154    124.648    127.717   -0.00061    6.94889    9.93065  302.88026   15.61778 3.6382e-02     0.2559     0.8005    81.8640 0.0000e+00
        845 108.587026    0.05862     3.5173    211.038    107.028  50130.725    31.4072     6.7744    106.000     6.7651    24.6201     2.8622     4.0904     41.191    124.755    127.827   -0.00020    6.94868    9.93037  302.87155   15.61736 3.6382e-02     0.2443     0.7960    81.9545 0.0000e+00
        850 108.587041    0.05898     3.5385    212.312    108.039  50129.617    31.4058     6.7736    107.000     6.7639    24.6191     2.8690     4.1002     41.287    125.053    128.132    0.00036    6.94888    9.93064  302.88011   15.61778 3.6382e-02     0.2518     0.8287    81.2886 0.0000e+00
