CTD-processing/allCTD/CNV/2017_07-25_t3_s12_cast238_4141.cnv
* Sea-Bird SBE19plus Data File:
* FileName = P:\My Documents\kasitsna\Research-KBL\Oceanography-AK\CTD-Data-ALL-to-2017-02\2017-CTD-KachemakBay-CookInlet\2017-07-25-CookInlet-Tran3-AnchorPt\2017-07-25-CookInlet-Tran3-cast238.hex
* Software Version 1.59
* Temperature SN =  4141
* Conductivity SN =  4141
* System UpLoad Time = Jul 25 2017 21:00:21
** Cook Inlet LTM Transect 3 Anchor Pt (3-16 NE to 3-12)
** Date: 2017-07-25
** Station: (eg. 9-01): 3-12
** Start time (AKDT): 13:18
** Depth (m): 35.1
** Comment: R/V Edgecumbe.  Quarterly survey.
** Comment:
# nquan = 27
# nvalues = 31                          
# units = specified
# name 0 = scan: Scan Count
# name 1 = timeJ: Julian Days
# name 2 = timeH: Time, Elapsed [hours]
# name 3 = timeM: Time, Elapsed [minutes]
# name 4 = timeS: Time, Elapsed [seconds]
# name 5 = prdM: Pressure, Strain Gauge [db]
# name 6 = specc: Specific Conductance [uS/cm]
# name 7 = sal00: Salinity, Practical [PSU]
# name 8 = tv290C: Temperature [ITS-90, deg C]
# name 9 = depSM: Depth [salt water, m], lat = 59.00
# name 10 = potemp090C: Potential Temperature [ITS-90, deg C]
# name 11 = sigma-é00: Density [sigma-theta, kg/m^3]
# name 12 = sbeox0ML/L: Oxygen, SBE 43 [ml/l]
# name 13 = sbeox0Mg/L: Oxygen, SBE 43 [mg/l]
# name 14 = sbeox0PS: Oxygen, SBE 43 [% saturation]
# name 15 = sbox0Mm/Kg: Oxygen, SBE 43 [umol/kg]
# name 16 = sbeox0Mm/L: Oxygen, SBE 43 [umol/l]
# name 17 = sbox0dV/dT: Oxygen, SBE 43 [dov/dt]
# name 18 = oxsolML/L: Oxygen Saturation, Garcia & Gordon [ml/l]
# name 19 = oxsolMg/L: Oxygen Saturation, Garcia & Gordon [mg/l]
# name 20 = oxsolMm/Kg: Oxygen Saturation, Garcia & Gordon [umol/kg]
# name 21 = n2satMg/L: Nitrogen Saturation [mg/l]
# name 22 = par: PAR/Irradiance, Biospherical/Licor
# name 23 = wetStar: Fluorescence, WET Labs WETstar [mg/m^3]
# name 24 = CStarAt0: Beam Attenuation, WET Labs C-Star [1/m]
# name 25 = CStarTr0: Beam Transmission, WET Labs C-Star [%]
# name 26 = flag: flag
# span 0 =         90,        434       
# span 1 = 206.554308, 206.555303       
# span 2 =    0.00617,    0.03006       
# span 3 =     0.3702,     1.8037       
# span 4 =     22.211,    108.220       
# span 5 =      1.005,     31.275       
# span 6 =  49106.191,  49183.682       
# span 7 =    31.2717,    31.2941       
# span 8 =    10.2016,    10.3656       
# span 9 =      1.000,     31.000       
# span 10 =    10.1983,    10.3171      
# span 11 =    23.9818,    24.0272      
# span 12 =     2.5620,     2.6547      
# span 13 =     3.6613,     3.7938      
# span 14 =     39.847,     41.233      
# span 15 =    111.734,    115.776      
# span 16 =    114.417,    118.558      
# span 17 =   -0.00046,    0.00185      
# span 18 =    6.41617,    6.43818      
# span 19 =    9.16934,    9.20079      
# span 20 =  279.83501,  280.78274      
# span 21 =   14.51747,   14.56276      
# span 22 = 1.0289e-01, 4.4943e+02      
# span 23 =     1.0722,     2.5398      
# span 24 =     0.9132,     1.7961      
# span 25 =    68.0802,    79.5895      
# span 26 = 0.0000e+00, 0.0000e+00      
# interval = meters: 1                  
# start_time = Jul 25 2017 13:17:50 [Instrument's time stamp, header]
# bad_flag = -9.990e-29
*END*
         90 206.554308    0.00617     0.3702     22.211      1.005  49106.191    31.2717    10.3656      1.000    10.3171    23.9818     2.6255     3.7521     40.922    114.510    117.255   -0.00046    6.41617    9.16934  279.83501   14.51747 4.4943e+02     1.0722     1.7961    68.0802 0.0000e+00
        277 206.554851    0.01920     1.1520     69.120      2.024  49150.130    31.2901    10.2642      2.000    10.2618    24.0130     2.5620     3.6613     39.847    111.734    114.417    0.00068    6.42957    9.18849  280.41088   14.54495 2.9348e+02     1.4556     1.0439    77.1767 0.0000e+00
        286 206.554876    0.01981     1.1887     71.322      3.026  49153.065    31.2912    10.2601      3.000    10.2596    24.0146     2.5622     3.6617     39.847    111.744    114.428    0.00084    6.43009    9.18923  280.43306   14.54601 2.4399e+02     1.4258     0.9808    78.2562 0.0000e+00
        292 206.554892    0.02019     1.2113     72.676      4.036  49153.469    31.2912    10.2611      4.000    10.2604    24.0145     2.5643     3.6646     39.880    111.835    114.521    0.00067    6.42994    9.18903  280.42688   14.54572 1.6864e+02     1.5790     0.9623    78.6174 0.0000e+00
        298 206.554909    0.02060     1.2361     74.167      5.053  49146.483    31.2852    10.2566      5.000    10.2495    24.0106     2.5706     3.6736     39.973    112.110    114.801    0.00105    6.43082    9.19028  280.46622   14.54762 1.1303e+02     1.9015     0.9571    78.7193 0.0000e+00
        302 206.554921    0.02088     1.2527     75.163      6.052  49154.298    31.2889    10.2449      6.000    10.2415    24.0155     2.5755     3.6807     40.041    112.326    115.024    0.00148    6.43231    9.19241  280.52992   14.55066 8.8332e+01     2.0750     0.9539    78.7819 0.0000e+00
        307 206.554935    0.02123     1.2736     76.418      7.065  49156.993    31.2898    10.2398      7.000    10.2365    24.0170     2.5835     3.6922     40.162    112.676    115.382    0.00179    6.43299    9.19338  280.55903   14.55205 7.1990e+01     2.3072     0.9360    79.1368 0.0000e+00
        312 206.554952    0.02162     1.2971     77.828      8.077  49156.434    31.2875    10.2279      8.000    10.2224    24.0172     2.5902     3.7017     40.254    112.966    115.679    0.00185    6.43474    9.19589  280.63554   14.55572 5.2945e+01     2.5398     0.9220    79.4146 0.0000e+00
        318 206.554967    0.02199     1.3194     79.163      9.086  49164.949    31.2921    10.2195      9.000    10.2178    24.0221     2.5936     3.7065     40.300    113.113    115.830    0.00143    6.43574    9.19731  280.67747   14.55771 3.9893e+01     2.5040     0.9172    79.5089 0.0000e+00
        322 206.554980    0.02229     1.3377     80.264     10.098  49165.864    31.2921    10.2188     10.000    10.2174    24.0224     2.5978     3.7125     40.364    113.295    116.017    0.00135    6.43583    9.19744  280.68153   14.55790 3.2524e+01     2.4145     0.9321    79.2140 0.0000e+00
        326 206.554992    0.02259     1.3555     81.333     11.096  49165.292    31.2911    10.2169     11.000    10.2141    24.0219     2.6004     3.7162     40.403    113.409    116.133    0.00126    6.43615    9.19790  280.69543   14.55856 2.4950e+01     2.3699     0.9241    79.3717 0.0000e+00
        334 206.555015    0.02313     1.3879     83.276     12.129  49167.411    31.2919    10.2141     12.000    10.2117    24.0229     2.6090     3.7285     40.535    113.785    116.519    0.00156    6.43650    9.19840  280.71052   14.55928 1.8673e+01     2.3695     0.9132    79.5895 0.0000e+00
        338 206.555025    0.02338     1.4032     84.190     13.115  49168.408    31.2916    10.2101     13.000    10.2067    24.0235     2.6103     3.7305     40.551    113.844    116.578    0.00122    6.43707    9.19922  280.73539   14.56048 1.4061e+01     2.3652     0.9302    79.2526 0.0000e+00
        342 206.555038    0.02369     1.4211     85.269     14.125  49171.668    31.2931    10.2068     14.000    10.2048    24.0252     2.6158     3.7382     40.634    114.081    116.822    0.00153    6.43748    9.19980  280.75259   14.56130 1.1171e+01     2.3296     0.9393    79.0711 0.0000e+00
        349 206.555057    0.02415     1.4486     86.918     15.148  49173.217    31.2938    10.2071     15.000    10.2057    24.0257     2.6162     3.7389     40.641    114.099    116.841    0.00063    6.43740    9.19970  280.74940   14.56114 8.2713e+00     2.2791     0.9311    79.2329 0.0000e+00
        354 206.555072    0.02451     1.4706     88.235     16.150  49173.343    31.2936    10.2083     16.000    10.2074    24.0254     2.6202     3.7445     40.704    114.272    117.017    0.00082    6.43723    9.19945  280.74185   14.56078 6.2449e+00     2.3038     0.9299    79.2577 0.0000e+00
        359 206.555087    0.02485     1.4913     89.481     17.168  49170.066    31.2909    10.2088     17.000    10.2036    24.0232     2.6266     3.7535     40.802    114.549    117.301    0.00157    6.43729    9.19953  280.74483   14.56094 4.6921e+00     2.2068     0.9289    79.2762 0.0000e+00
        364 206.555102    0.02522     1.5133     90.795     18.170  49174.452    31.2930    10.2039     18.000    10.2012    24.0257     2.6266     3.7536     40.798    114.550    117.302    0.00080    6.43789    9.20038  280.77042   14.56215 3.6042e+00     2.2713     0.9355    79.1461 0.0000e+00
        370 206.555120    0.02564     1.5383     92.300     19.185  49175.405    31.2931    10.2031     19.000    10.2008    24.0259     2.6349     3.7656     40.928    114.915    117.676    0.00140    6.43799    9.20054  280.77497   14.56237 2.6000e+00     2.2490     0.9351    79.1546 0.0000e+00
        375 206.555132    0.02595     1.5572     93.432     20.186  49176.991    31.2938    10.2030     20.000    10.2006    24.0265     2.6343     3.7647     40.918    114.889    117.649    0.00100    6.43798    9.20052  280.77426   14.56233 2.0212e+00     2.1991     0.9587    78.6884 0.0000e+00
        381 206.555149    0.02637     1.5820     94.921     21.194  49178.055    31.2941    10.2029     21.000    10.2006    24.0267     2.6346     3.7651     40.923    114.902    117.662    0.00049    6.43798    9.20051  280.77396   14.56232 1.5154e+00     2.2159     0.9473    78.9137 0.0000e+00
        387 206.555167    0.02679     1.6074     96.442     22.224  49177.868    31.2936    10.2033     22.000    10.2008    24.0264     2.6360     3.7671     40.944    114.960    117.722    0.00040    6.43794    9.20047  280.77257   14.56226 1.1148e+00     2.2347     0.9305    79.2438 0.0000e+00
        390 206.555178    0.02704     1.6226     97.358     23.200  49178.082    31.2934    10.2034     23.000    10.2007    24.0261     2.6408     3.7741     41.020    115.174    117.941    0.00085    6.43795    9.20046  280.77269   14.56226 8.2795e-01     2.2108     0.9639    78.5869 0.0000e+00
        399 206.555203    0.02765     1.6588     99.528     24.263  49179.243    31.2939    10.2043     24.000    10.2010    24.0264     2.6414     3.7748     41.029    115.196    117.965    0.00037    6.43781    9.20027  280.76649   14.56196 6.2767e-01     2.1312     0.9342    79.1714 0.0000e+00
        401 206.555209    0.02780     1.6678    100.065     25.217  49179.206    31.2934    10.2035     25.000    10.2004    24.0262     2.6428     3.7768     41.051    115.257    118.027    0.00055    6.43793    9.20044  280.77193   14.56223 4.7089e-01     2.2541     0.9769    78.3310 0.0000e+00
        407 206.555224    0.02817     1.6901    101.402     26.239  49180.193    31.2936    10.2035     26.000    10.2004    24.0264     2.6464     3.7819     41.106    115.414    118.188    0.00069    6.43792    9.20043  280.77140   14.56219 3.5391e-01     2.2233     0.9751    78.3664 0.0000e+00
        413 206.555244    0.02863     1.7176    103.057     27.259  49181.165    31.2939    10.2034     27.000    10.1998    24.0266     2.6478     3.7840     41.129    115.477    118.252    0.00035    6.43793    9.20045  280.77197   14.56223 2.6299e-01     2.1178     0.9414    79.0287 0.0000e+00
        418 206.555257    0.02894     1.7364    104.187     28.265  49181.409    31.2935    10.2026     28.000    10.1991    24.0265     2.6479     3.7841     41.129    115.481    118.256    0.00024    6.43806    9.20063  280.77744   14.56249 2.0435e-01     2.2212     0.9371    79.1150 0.0000e+00
        423 206.555271    0.02928     1.7565    105.388     29.275  49182.400    31.2937    10.2019     29.000    10.1984    24.0267     2.6505     3.7879     41.169    115.595    118.373    0.00034    6.43814    9.20074  280.78098   14.56265 1.6010e-01     2.1157     0.9281    79.2934 0.0000e+00
        428 206.555285    0.02963     1.7778    106.669     30.281  49183.682    31.2941    10.2016     30.000    10.1983    24.0272     2.6547     3.7938     41.233    115.776    118.558    0.00082    6.43816    9.20077  280.78173   14.56269 1.2640e-01     2.2692     0.9473    78.9123 0.0000e+00
        434 206.555303    0.03006     1.8037    108.220     31.275  49182.175    31.2927    10.2020     31.000    10.1983    24.0260     2.6513     3.7891     41.182    115.629    118.408    0.00020    6.43818    9.20079  280.78274   14.56276 1.0289e-01     1.9723     0.9336    79.1859 0.0000e+00
