CTD-processing/allCTD/CNV/2017_11-07_t9_s05_cast110_4141.cnv
* Sea-Bird SBE19plus Data File:
* FileName = C:\Users\Kim.Powell\Desktop\Not Processed\2017\2017_11-07_AlongBay,T9_4141\2017_11-07_TRANSECT_STATION_cast110.hex
* Software Version 1.59
* Temperature SN =  4141
* Conductivity SN =  4141
* System UpLoad Time = Nov 09 2017 10:43:30
** 2017_11-07
** Station: 9-05
** Start Time: 15:25
** Depth (m): 99.7
** Comment: Edgecumbe
** Comment: CTD time 1 hr off for daylight savings time
# nquan = 27
# nvalues = 93                          
# units = specified
# name 0 = scan: Scan Count
# name 1 = timeJ: Julian Days
# name 2 = timeH: Time, Elapsed [hours]
# name 3 = timeM: Time, Elapsed [minutes]
# name 4 = timeS: Time, Elapsed [seconds]
# name 5 = prdM: Pressure, Strain Gauge [db]
# name 6 = specc: Specific Conductance [uS/cm]
# name 7 = sal00: Salinity, Practical [PSU]
# name 8 = tv290C: Temperature [ITS-90, deg C]
# name 9 = depSM: Depth [salt water, m], lat = 59.00
# name 10 = potemp090C: Potential Temperature [ITS-90, deg C]
# name 11 = sigma-é00: Density [sigma-theta, kg/m^3]
# name 12 = sbeox0ML/L: Oxygen, SBE 43 [ml/l]
# name 13 = sbeox0Mg/L: Oxygen, SBE 43 [mg/l]
# name 14 = sbeox0PS: Oxygen, SBE 43 [% saturation]
# name 15 = sbox0Mm/Kg: Oxygen, SBE 43 [umol/kg]
# name 16 = sbeox0Mm/L: Oxygen, SBE 43 [umol/l]
# name 17 = sbox0dV/dT: Oxygen, SBE 43 [dov/dt]
# name 18 = oxsolML/L: Oxygen Saturation, Garcia & Gordon [ml/l]
# name 19 = oxsolMg/L: Oxygen Saturation, Garcia & Gordon [mg/l]
# name 20 = oxsolMm/Kg: Oxygen Saturation, Garcia & Gordon [umol/kg]
# name 21 = n2satMg/L: Nitrogen Saturation [mg/l]
# name 22 = par: PAR/Irradiance, Biospherical/Licor
# name 23 = wetStar: Fluorescence, WET Labs WETstar [mg/m^3]
# name 24 = CStarAt0: Beam Attenuation, WET Labs C-Star [1/m]
# name 25 = CStarTr0: Beam Transmission, WET Labs C-Star [%]
# name 26 = flag: flag
# span 0 =        432,        866       
# span 1 = 311.685588, 311.686844       
# span 2 =    0.02994,    0.06009       
# span 3 =     1.7964,     3.6051       
# span 4 =    107.781,    216.307       
# span 5 =      1.017,     93.901       
# span 6 =  48332.601,  48919.679       
# span 7 =    30.4482,    30.9080       
# span 8 =     8.2495,     8.9250       
# span 9 =      1.000,     93.000       
# span 10 =     8.2651,     8.9174      
# span 11 =    23.6624,    23.9333      
# span 12 =     2.7618,     2.7879      
# span 13 =     3.9468,     3.9841      
# span 14 =     41.235,     41.835      
# span 15 =    120.473,    121.626      
# span 16 =    123.339,    124.505      
# span 17 =   -0.00055,    0.00084      
# span 18 =    6.64098,    6.75968      
# span 19 =    9.49062,    9.66027      
# span 20 =  289.66804,  294.90571      
# span 21 =   14.98942,   15.24117      
# span 22 = 5.5113e-02, 4.5893e+01      
# span 23 =     0.3288,     0.8535      
# span 24 =     0.4913,     1.2579      
# span 25 =    73.0169,    88.4433      
# span 26 = 0.0000e+00, 0.0000e+00      
# interval = meters: 1                  
# start_time = Nov 07 2017 16:25:27 [Instrument's time stamp, header]
# bad_flag = -9.990e-29
*END*
        432 311.685588    0.02994     1.7964    107.781      1.017  48353.583    30.4594     8.2495      1.000     8.2651    23.6749     2.7879     3.9841     41.242    121.626    124.505    0.00026    6.75968    9.66027  294.90571   15.24117 4.5893e+01     0.6986     1.2299    73.5298 0.0000e+00
        437 311.685603    0.03030     1.8176    109.054      2.025  48332.601    30.4482     8.2752      2.000     8.2783    23.6624     2.7860     3.9814     41.235    121.544    124.420    0.00013    6.75624    9.65535  294.75915   15.23422 2.9606e+01     0.6943     1.2502    73.1574 0.0000e+00
        441 311.685614    0.03056     1.8336    110.016      3.020  48367.408    30.4737     8.2865      3.000     8.3015    23.6808     2.7870     3.9829     41.268    121.589    124.467    0.00026    6.75340    9.65128  294.62982   15.22795 2.4183e+01     0.7228     1.2579    73.0169 0.0000e+00
        446 311.685628    0.03091     1.8546    111.277      4.052  48406.655    30.5069     8.3294      4.000     8.3516    23.7007     2.7844     3.9792     41.279    121.474    124.353    0.00033    6.74540    9.63984  294.27489   15.21086 2.0823e+01     0.7816     1.2497    73.1665 0.0000e+00
        450 311.685639    0.03117     1.8702    112.213      5.039  48404.987    30.5110     8.3680      5.000     8.3792    23.6984     2.7799     3.9727     41.248    121.275    124.149   -0.00015    6.73934    9.63119  294.01128   15.19826 1.7497e+01     0.7263     1.2093    73.9103 0.0000e+00
        455 311.685653    0.03151     1.8902    113.413      6.067  48437.865    30.5373     8.3941      6.000     8.4143    23.7153     2.7841     3.9788     41.342    121.457    124.338    0.00070    6.73423    9.62388  293.78360   15.18728 1.3785e+01     0.7534     1.1883    74.2981 0.0000e+00
        459 311.685665    0.03178     1.9068    114.409      7.060  48572.291    30.6412     8.4659      7.000     8.5212    23.7862     2.7724     3.9620     41.263    120.938    123.815   -0.00010    6.71881    9.60185  293.09062   15.15376 1.1300e+01     0.7393     1.1229    75.5287 0.0000e+00
        463 311.685678    0.03211     1.9270    115.622      8.083  48575.944    30.6613     8.5907      8.000     8.6198    23.7838     2.7698     3.9583     41.346    120.824    123.698    0.00051    6.69909    9.57368  292.23132   15.11264 8.8982e+00     0.6897     1.0191    77.5088 0.0000e+00
        468 311.685690    0.03240     1.9440    116.640      9.081  48598.332    30.6851     8.6504      9.000     8.6713    23.7937     2.7618     3.9468     41.287    120.473    123.339    0.00006    6.68908    9.55936  291.79152   15.09153 7.2843e+00     0.5550     0.9455    78.9496 0.0000e+00
        472 311.685703    0.03271     1.9622    117.734     10.093  48572.713    30.6712     8.6823     10.000     8.6870    23.7781     2.7678     3.9554     41.404    120.738    123.609    0.00084    6.68489    9.55339  291.61334   15.08307 6.0498e+00     0.6523     0.8939    79.9741 0.0000e+00
        477 311.685717    0.03304     1.9822    118.930     11.110  48571.908    30.6720     8.6947     11.000     8.6957    23.7770     2.7640     3.9501     41.359    120.575    123.442    0.00017    6.68299    9.55067  291.53089   15.07914 4.7867e+00     0.8535     0.8690    80.4713 0.0000e+00
        481 311.685728    0.03331     1.9990    119.940     12.109  48569.979    30.6706     8.6977     12.000     8.6972    23.7755     2.7701     3.9588     41.453    120.841    123.714    0.00072    6.68262    9.55014  291.51494   15.07839 3.9353e+00     0.5325     0.8727    80.3999 0.0000e+00
        485 311.685742    0.03364     2.0187    121.121     13.128  48595.157    30.6892     8.7068     13.000     8.7124    23.7886     2.7675     3.9551     41.428    120.727    123.600    0.00044    6.68045    9.54703  291.41656   15.07361 3.2336e+00     0.5218     0.8557    80.7412 0.0000e+00
        490 311.685754    0.03395     2.0366    122.198     14.125  48570.091    30.6719     8.7123     14.000     8.7068    23.7743     2.7669     3.9541     41.418    120.700    123.570    0.00008    6.68036    9.54690  291.41674   15.07369 2.7899e+00     0.6179     0.8474    80.9073 0.0000e+00
        495 311.685770    0.03430     2.0580    123.480     15.151  48575.941    30.6744     8.7040     15.000     8.7031    23.7775     2.7711     3.9601     41.473    120.880    123.755    0.00038    6.68150    9.54854  291.46554   15.07600 2.2403e+00     0.6023     0.8582    80.6903 0.0000e+00
        499 311.685781    0.03459     2.0753    124.517     16.144  48593.252    30.6868     8.7090     16.000     8.7133    23.7865     2.7712     3.9603     41.483    120.885    123.761    0.00053    6.68020    9.54668  291.40650   15.07314 1.8441e+00     0.4664     0.8688    80.4768 0.0000e+00
        504 311.685796    0.03493     2.0959    125.754     17.172  48591.090    30.6865     8.7206     17.000     8.7212    23.7845     2.7670     3.9544     41.432    120.705    123.576   -0.00047    6.67849    9.54423  291.33202   15.06958 1.4441e+00     0.5747     0.8573    80.7090 0.0000e+00
        508 311.685807    0.03521     2.1125    126.752     18.164  48606.347    30.6978     8.7282     18.000     8.7315    23.7923     2.7697     3.9582     41.482    120.820    123.694    0.00021    6.67685    9.54189  291.25852   15.06602 1.1979e+00     0.5734     0.8468    80.9217 0.0000e+00
        513 311.685821    0.03554     2.1322    127.930     19.185  48627.752    30.7138     8.7386     19.000     8.7472    23.8033     2.7668     3.9541     41.453    120.694    123.567   -0.00016    6.67461    9.53869  291.15783   15.06115 9.3603e-01     0.5559     0.8185    81.4970 0.0000e+00
        517 311.685834    0.03584     2.1508    129.050     20.187  48642.891    30.7279     8.7660     20.000     8.7702    23.8102     2.7679     3.9555     41.497    120.738    123.612    0.00010    6.66992    9.53197  290.95074   15.05120 7.6684e-01     0.4960     0.7662    82.5679 0.0000e+00
        522 311.685848    0.03618     2.1708    130.245     21.202  48615.224    30.7092     8.7737     21.000     8.7659    23.7945     2.7714     3.9606     41.553    120.893    123.769    0.00072    6.66957    9.53148  290.94008   15.05076 6.3408e-01     0.5737     0.7609    82.6776 0.0000e+00
        526 311.685860    0.03648     2.1887    131.322     22.206  48627.653    30.7158     8.7621     22.000     8.7624    23.8013     2.7660     3.9529     41.463    120.660    123.532   -0.00043    6.67100    9.53354  291.00097   15.05364 5.2677e-01     0.4010     0.7660    82.5710 0.0000e+00
        531 311.685874    0.03680     2.2079    132.471     23.217  48640.328    30.7257     8.7728     23.000     8.7735    23.8076     2.7701     3.9587     41.536    120.833    123.710    0.00028    6.66898    9.53064  290.91069   15.04930 4.3320e-01     0.4325     0.7426    83.0574 0.0000e+00
        536 311.685887    0.03713     2.2278    133.667     24.231  48646.030    30.7301     8.7784     24.000     8.7801    23.8102     2.7676     3.9552     41.506    120.727    123.601   -0.00005    6.66796    9.52919  290.86571   15.04712 3.6617e-01     0.4541     0.7324    83.2697 0.0000e+00
        540 311.685900    0.03744     2.2463    134.777     25.233  48665.513    30.7450     8.7904     25.000     8.7940    23.8201     2.7690     3.9572     41.543    120.788    123.666    0.00018    6.66554    9.52572  290.75702   15.04187 3.1334e-01     0.7439     0.6738    84.4984 0.0000e+00
        545 311.685914    0.03779     2.2671    136.026     26.252  48664.983    30.7459     8.8026     26.000     8.8020    23.8190     2.7690     3.9571     41.553    120.785    123.661    0.00013    6.66368    9.52306  290.67615   15.03801 2.7297e-01     0.5958     0.6324    85.3772 0.0000e+00
        550 311.685928    0.03810     2.2858    137.148     27.251  48663.867    30.7452     8.8059     27.000     8.8038    23.8179     2.7689     3.9571     41.556    120.784    123.660    0.00018    6.66321    9.52240  290.65629   15.03706 2.4017e-01     0.6253     0.6145    85.7607 0.0000e+00
        555 311.685943    0.03846     2.3080    138.478     28.270  48663.537    30.7447     8.8070     28.000     8.8041    23.8173     2.7679     3.9555     41.540    120.737    123.613   -0.00023    6.66307    9.52219  290.65023   15.03677 2.0893e-01     0.4751     0.5954    86.1695 0.0000e+00
        560 311.685957    0.03880     2.3282    139.690     29.273  48664.933    30.7453     8.8073     29.000     8.8046    23.8178     2.7699     3.9584     41.571    120.824    123.702    0.00021    6.66300    9.52209  290.64683   15.03661 1.8357e-01     0.4166     0.5946    86.1867 0.0000e+00
        565 311.685972    0.03917     2.3500    141.002     30.287  48668.116    30.7472     8.8084     30.000     8.8062    23.8192     2.7699     3.9585     41.574    120.828    123.706    0.00011    6.66276    9.52175  290.63598   15.03608 1.5972e-01     0.3736     0.5965    86.1468 0.0000e+00
        570 311.685987    0.03951     2.3708    142.250     31.296  48669.213    30.7478     8.8103     31.000     8.8077    23.8194     2.7682     3.9560     41.549    120.752    123.628   -0.00036    6.66244    9.52129  290.62219   15.03542 1.4146e-01     0.4619     0.6007    86.0545 0.0000e+00
        575 311.686000    0.03984     2.3905    143.429     32.304  48669.758    30.7479     8.8113     32.000     8.8080    23.8192     2.7718     3.9612     41.605    120.910    123.790    0.00056    6.66229    9.52107  290.61545   15.03510 1.2636e-01     0.4506     0.5983    86.1071 0.0000e+00
        580 311.686015    0.04018     2.4109    144.655     33.317  48670.051    30.7476     8.8109     33.000     8.8076    23.8192     2.7701     3.9588     41.579    120.837    123.715   -0.00015    6.66236    9.52118  290.61872   15.03526 1.1348e-01     0.4814     0.5909    86.2674 0.0000e+00
        584 311.686027    0.04049     2.4290    145.740     34.316  48671.588    30.7484     8.8115     34.000     8.8083    23.8197     2.7718     3.9612     41.604    120.908    123.788    0.00029    6.66223    9.52099  290.61287   15.03497 1.0408e-01     0.3959     0.5889    86.3116 0.0000e+00
        589 311.686042    0.04083     2.4501    147.004     35.341  48673.111    30.7491     8.8124     35.000     8.8092    23.8202     2.7701     3.9587     41.580    120.834    123.712   -0.00035    6.66207    9.52077  290.60596   15.03464 9.4833e-02     0.3818     0.5835    86.4276 0.0000e+00
        593 311.686054    0.04113     2.4676    148.057     36.335  48672.154    30.7481     8.8129     36.000     8.8093    23.8193     2.7736     3.9638     41.633    120.988    123.870    0.00047    6.66205    9.52073  290.60499   15.03460 8.8861e-02     0.3943     0.6032    86.0026 0.0000e+00
        598 311.686068    0.04147     2.4881    149.288     37.358  48674.324    30.7491     8.8129     37.000     8.8094    23.8201     2.7710     3.9601     41.594    120.875    123.753   -0.00030    6.66200    9.52067  290.60286   15.03449 8.2642e-02     0.4995     0.5897    86.2929 0.0000e+00
        603 311.686081    0.04178     2.5064    150.384     38.358  48675.376    30.7496     8.8140     38.000     8.8105    23.8203     2.7709     3.9599     41.594    120.871    123.750   -0.00015    6.66181    9.52039  290.59423   15.03408 7.8387e-02     0.5609     0.5810    86.4802 0.0000e+00
        608 311.686096    0.04213     2.5278    151.667     39.382  48675.449    30.7493     8.8148     39.000     8.8108    23.8200     2.7736     3.9638     41.636    120.989    123.871    0.00012    6.66171    9.52024  290.59000   15.03388 7.4517e-02     0.5162     0.5720    86.6751 0.0000e+00
        612 311.686107    0.04241     2.5447    152.683     40.376  48674.666    30.7483     8.8147     40.000     8.8104    23.8193     2.7726     3.9623     41.619    120.941    123.822    0.00000    6.66177    9.52033  290.59277   15.03402 7.0728e-02     0.5666     0.5786    86.5328 0.0000e+00
        617 311.686122    0.04276     2.5652    153.912     41.393  48676.612    30.7492     8.8143     41.000     8.8104    23.8200     2.7739     3.9641     41.639    120.999    123.881    0.00014    6.66178    9.52035  290.59324   15.03404 6.8256e-02     0.4024     0.5705    86.7067 0.0000e+00
        621 311.686135    0.04307     2.5843    155.057     42.399  48679.444    30.7509     8.8152     42.000     8.8116    23.8212     2.7725     3.9621     41.618    120.937    123.818   -0.00020    6.66157    9.52006  290.58391   15.03358 6.5570e-02     0.6951     0.5644    86.8400 0.0000e+00
        626 311.686149    0.04340     2.6044    156.267     43.412  48685.672    30.7552     8.8178     43.000     8.8154    23.8242     2.7735     3.9637     41.639    120.984    123.867    0.00006    6.66101    9.51925  290.55835   15.03235 6.3288e-02     0.5117     0.5499    87.1553 0.0000e+00
        631 311.686163    0.04375     2.6248    157.489     44.419  48688.523    30.7574     8.8227     44.000     8.8196    23.8253     2.7721     3.9615     41.621    120.919    123.801   -0.00026    6.66018    9.51806  290.52208   15.03060 6.1812e-02     0.3302     0.5324    87.5388 0.0000e+00
        636 311.686177    0.04409     2.6453    158.716     45.430  48693.586    30.7610     8.8260     45.000     8.8230    23.8275     2.7758     3.9669     41.682    121.081    123.967    0.00047    6.65954    9.51714  290.49309   15.02920 6.0583e-02     0.4567     0.5173    87.8706 0.0000e+00
        641 311.686191    0.04442     2.6650    159.903     46.439  48695.841    30.7627     8.8295     46.000     8.8255    23.8283     2.7713     3.9605     41.618    120.887    123.767   -0.00046    6.65893    9.51627  290.46645   15.02792 5.9573e-02     0.4468     0.5242    87.7184 0.0000e+00
        645 311.686205    0.04475     2.6854    161.121     47.449  48696.030    30.7625     8.8306     47.000     8.8261    23.8281     2.7737     3.9640     41.656    120.993    123.876    0.00002    6.65878    9.51606  290.45989   15.02761 5.8849e-02     0.4986     0.5236    87.7308 0.0000e+00
        650 311.686219    0.04509     2.7055    162.329     48.460  48697.742    30.7634     8.8313     48.000     8.8267    23.8287     2.7737     3.9638     41.655    120.989    123.871   -0.00011    6.65864    9.51586  290.45383   15.02732 5.8348e-02     0.3989     0.5247    87.7059 0.0000e+00
        655 311.686232    0.04541     2.7245    163.471     49.468  48699.163    30.7640     8.8320     49.000     8.8275    23.8291     2.7739     3.9641     41.659    120.998    123.881    0.00004    6.65851    9.51567  290.44769   15.02702 5.8080e-02     0.4763     0.5186    87.8404 0.0000e+00
        660 311.686246    0.04573     2.7439    164.635     50.478  48703.677    30.7670     8.8335     50.000     8.8296    23.8312     2.7754     3.9662     41.683    121.062    123.947   -0.00003    6.65816    9.51518  290.43224   15.02627 5.7976e-02     0.4712     0.5126    87.9733 0.0000e+00
        664 311.686259    0.04605     2.7630    165.777     51.487  48711.329    30.7724     8.8366     51.000     8.8329    23.8349     2.7755     3.9664     41.691    121.070    123.955    0.00026    6.65747    9.51418  290.40066   15.02474 5.7236e-02     0.4251     0.5159    87.9003 0.0000e+00
        669 311.686273    0.04638     2.7830    166.980     52.498  48713.828    30.7739     8.8386     52.000     8.8327    23.8359     2.7734     3.9633     41.660    120.974    123.857   -0.00024    6.65710    9.51365  290.38414   15.02395 5.6966e-02     0.4170     0.5047    88.1458 0.0000e+00
        674 311.686287    0.04673     2.8033    168.198     53.505  48722.570    30.7794     8.8375     53.000     8.8326    23.8404     2.7736     3.9637     41.664    120.983    123.867   -0.00022    6.65702    9.51355  290.37985   15.02372 5.6831e-02     0.4476     0.4913    88.4433 0.0000e+00
