CTD-processing/allCTD/CNV/2017_05-30_alongbay_skb08_cast179_4141.cnv
* Sea-Bird SBE19plus Data File:
* FileName = C:\Users\jwschloemer\Documents\CTD Data\2017_05_30_alongbay\2017_05_30_AlongBay_cast179.hex
* Software Version 1.59
* Temperature SN =  4141
* Conductivity SN =  4141
* System UpLoad Time = Jun 22 2017 13:52:39
** Cook Inlet LTM Kbay Along Bay
** Date: 2017-05-30
** Station:KB08
** Start Time (AKST):15:05
** Depth (m):80
** Comment: R/V Edgecumbe
# nquan = 27
# nvalues = 70                          
# units = specified
# name 0 = scan: Scan Count
# name 1 = timeJ: Julian Days
# name 2 = timeH: Time, Elapsed [hours]
# name 3 = timeM: Time, Elapsed [minutes]
# name 4 = timeS: Time, Elapsed [seconds]
# name 5 = prdM: Pressure, Strain Gauge [db]
# name 6 = specc: Specific Conductance [uS/cm]
# name 7 = sal00: Salinity, Practical [PSU]
# name 8 = tv290C: Temperature [ITS-90, deg C]
# name 9 = depSM: Depth [salt water, m], lat = 59.00
# name 10 = potemp090C: Potential Temperature [ITS-90, deg C]
# name 11 = sigma-é00: Density [sigma-theta, kg/m^3]
# name 12 = sbeox0ML/L: Oxygen, SBE 43 [ml/l]
# name 13 = sbeox0Mg/L: Oxygen, SBE 43 [mg/l]
# name 14 = sbeox0PS: Oxygen, SBE 43 [% saturation]
# name 15 = sbox0Mm/Kg: Oxygen, SBE 43 [umol/kg]
# name 16 = sbeox0Mm/L: Oxygen, SBE 43 [umol/l]
# name 17 = sbox0dV/dT: Oxygen, SBE 43 [dov/dt]
# name 18 = oxsolML/L: Oxygen Saturation, Garcia & Gordon [ml/l]
# name 19 = oxsolMg/L: Oxygen Saturation, Garcia & Gordon [mg/l]
# name 20 = oxsolMm/Kg: Oxygen Saturation, Garcia & Gordon [umol/kg]
# name 21 = n2satMg/L: Nitrogen Saturation [mg/l]
# name 22 = par: PAR/Irradiance, Biospherical/Licor
# name 23 = wetStar: Fluorescence, WET Labs WETstar [mg/m^3]
# name 24 = CStarAt0: Beam Attenuation, WET Labs C-Star [1/m]
# name 25 = CStarTr0: Beam Transmission, WET Labs C-Star [%]
# name 26 = flag: flag
# span 0 =        287,        725       
# span 1 = 150.630005, 150.631273       
# span 2 =    0.01984,    0.05027       
# span 3 =     1.1904,     3.0160       
# span 4 =     71.423,    180.962       
# span 5 =      1.008,     70.654       
# span 6 =  47963.487,  51124.873       
# span 7 =    30.2736,    31.8020       
# span 8 =     5.1216,     8.9060       
# span 9 =      1.000,     70.000       
# span 10 =     5.1188,     8.9107      
# span 11 =    23.4388,    25.1198      
# span 12 =     2.7500,     3.1854      
# span 13 =     3.9300,     4.5522      
# span 14 =     41.226,     44.278      
# span 15 =    120.001,    138.774      
# span 16 =    122.814,    142.258      
# span 17 =   -0.00047,    0.00304      
# span 18 =    6.66834,    7.20666      
# span 19 =    9.52972,   10.29903      
# span 20 =  290.98759,  313.96692      
# span 21 =   15.05478,   16.14449      
# span 22 = 4.0307e-02, 6.4694e+02      
# span 23 =     0.4379,     8.2180      
# span 24 =     0.8027,     2.3772      
# span 25 =    55.1984,    81.8199      
# span 26 = 0.0000e+00, 0.0000e+00      
# interval = meters: 1                  
# start_time = May 30 2017 15:06:01 [Instrument's time stamp, header]
# bad_flag = -9.990e-29
*END*
        287 150.630005    0.01984     1.1904     71.423      1.008  47963.497    30.2806     8.9060      1.000     8.9107    23.4392     2.7776     3.9695     41.653    121.206    124.047    0.00089    6.66834    9.52972  290.98759   15.05478 6.4694e+02     0.6187     1.5043    68.6618 0.0000e+00
        378 150.630269    0.02617     1.5701     94.207      2.022  47971.728    30.2836     8.8907      2.000     8.8839    23.4438     2.7500     3.9300     41.226    120.001    122.814    0.00079    6.67048    9.53278  291.07951   15.05916 6.3207e+02     0.7394     1.4374    69.8134 0.0000e+00
        386 150.630291    0.02671     1.6026     96.154      3.023  47988.523    30.2943     8.8860      3.000     8.8901    23.4529     2.7531     3.9345     41.271    120.136    122.953    0.00120    6.67071    9.53310  291.08683   15.05947 4.1498e+02     0.7505     1.4221    70.0820 0.0000e+00
        391 150.630307    0.02707     1.6243     97.460      4.051  47978.404    30.2882     8.8967      4.000     8.8928    23.4465     2.7537     3.9354     41.290    120.167    122.985    0.00066    6.66940    9.53123  291.03139   15.05685 2.7561e+02     0.7707     1.4078    70.3304 0.0000e+00
        395 150.630319    0.02739     1.6434     98.601      5.044  47980.726    30.2876     8.8834      5.000     8.8784    23.4480     2.7591     3.9431     41.358    120.400    123.224    0.00101    6.67139    9.53409  291.11825   15.06100 1.8860e+02     0.8046     1.3530    71.3025 0.0000e+00
        401 150.630335    0.02776     1.6654     99.925      6.062  47963.487    30.2736     8.8725      6.000     8.8259    23.4388     2.7612     3.9460     41.375    120.493    123.318    0.00071    6.67360    9.53725  291.21740   15.06579 1.3016e+02     0.9234     1.3429    71.4816 0.0000e+00
        405 150.630348    0.02808     1.6848    101.086      7.064  48017.009    30.2863     8.6970      7.000     8.6344    23.4746     2.7756     3.9666     41.431    121.116    123.958    0.00073    6.69938    9.57409  292.33205   15.11899 1.0042e+02     1.2466     1.3314    71.6885 0.0000e+00
        411 150.630363    0.02844     1.7066    102.396      8.070  48123.680    30.3462     8.5970      8.000     8.5710    23.5362     2.7864     3.9820     41.514    121.578    124.439    0.00118    6.71184    9.59189  292.85799   15.14386 7.4729e+01     1.7948     1.3332    71.6559 0.0000e+00
        416 150.630379    0.02882     1.7294    103.765      9.086  48182.443    30.3713     8.4886      9.000     8.4358    23.5717     2.7939     3.9928     41.532    121.902    124.775    0.00075    6.72714    9.61376  293.51540   15.17515 5.9119e+01     2.2279     1.3128    72.0231 0.0000e+00
        422 150.630395    0.02921     1.7521    105.126     10.095  48292.124    30.4290     8.3613     10.000     8.3294    23.6353     2.7988     3.9998     41.501    122.108    124.994   -0.00002    6.74395    9.63777  294.23047   15.20906 4.5192e+01     2.4976     1.2827    72.5659 0.0000e+00
        427 150.630410    0.02957     1.7743    106.459     11.104  48299.996    30.4166     8.2424     11.000     8.1472    23.6424     2.8143     4.0220     41.615    122.784    125.686    0.00080    6.76266    9.66452  295.04482   15.24799 3.5862e+01     3.0604     1.2617    72.9504 0.0000e+00
        432 150.630425    0.02993     1.7961    107.766     12.115  48551.972    30.5590     8.0237     12.000     8.0072    23.7850     2.8306     4.0451     41.688    123.476    126.413    0.00100    6.78995    9.70351  296.19413   15.30228 2.7872e+01     3.4744     1.2604    72.9725 0.0000e+00
        437 150.630441    0.03031     1.8182    109.090     13.127  48610.654    30.5970     8.0071     13.000     7.9969    23.8172     2.8337     4.0497     41.729    123.610    126.554    0.00095    6.79084    9.70479  296.22368   15.30353 2.1539e+01     4.4003     1.2823    72.5772 0.0000e+00
        442 150.630454    0.03062     1.8374    110.245     14.123  48529.751    30.5286     7.9314     14.000     7.7924    23.7741     2.8466     4.0681     41.828    124.177    127.130    0.00119    6.80559    9.72588  296.87989   15.33513 1.6356e+01     4.7715     1.2592    72.9983 0.0000e+00
        448 150.630471    0.03102     1.8615    111.687     15.149  48848.421    30.7029     7.6298     15.000     7.6209    23.9524     2.8773     4.1120     42.037    125.496    128.502    0.00242    6.84474    9.78181  298.53526   15.41341 1.2521e+01     5.5795     1.1675    74.6916 0.0000e+00
        452 150.630484    0.03135     1.8809    112.853     16.149  48844.090    30.6965     7.6116     16.000     7.5437    23.9498     2.8844     4.1221     42.121    125.804    128.818    0.00223    6.84788    9.78630  298.67304   15.42001 9.2783e+00     6.0139     1.2199    73.7164 0.0000e+00
        458 150.630501    0.03174     1.9041    114.245     17.165  49022.248    30.7928     7.4432     17.000     7.4088    24.0482     2.9059     4.1529     42.299    126.733    129.781    0.00270    6.87001    9.81794  299.60972   15.46430 7.0207e+00     6.7784     1.1637    74.7600 0.0000e+00
        463 150.630514    0.03206     1.9236    115.414     18.164  49100.262    30.8362     7.3798     18.000     7.3559    24.0908     2.9108     4.1598     42.320    126.938    129.996    0.00140    6.87804    9.82941  299.94742   15.48024 5.2917e+00     7.0160     1.1995    74.0941 0.0000e+00
        468 150.630531    0.03246     1.9476    116.854     19.188  49224.099    30.9129     7.3258     19.000     7.3145    24.1582     2.9279     4.1843     42.537    127.676    130.761    0.00291    6.88313    9.83668  300.14954   15.48956 4.0524e+00     7.3862     1.1298    75.3924 0.0000e+00
        473 150.630544    0.03277     1.9660    117.959     20.179  49198.021    30.8824     7.2541     20.000     7.1459    24.1438     2.9402     4.2019     42.637    128.214    131.310    0.00256    6.89588    9.85490  300.70965   15.51640 3.0026e+00     8.2180     1.1482    75.0505 0.0000e+00
        479 150.630560    0.03317     1.9901    119.404     21.207  49418.404    30.9846     6.9574     21.000     6.8630    24.2629     2.9681     4.2417     42.776    129.415    132.555    0.00241    6.93859    9.91594  302.53698   15.60314 2.2522e+00     8.1819     1.1188    75.6018 0.0000e+00
        483 150.630573    0.03348     2.0088    120.525     22.204  49658.206    31.1096     6.7251     22.000     6.6335    24.3911     2.9953     4.2806     42.972    130.585    133.770    0.00304    6.97032    9.96128  303.88220   15.66676 1.6820e+00     7.4795     1.0768    76.4004 0.0000e+00
        488 150.630588    0.03384     2.0304    121.826     23.221  49890.465    31.2380     6.5460     23.000     6.5117    24.5149     3.0110     4.3029     43.054    131.252    134.469    0.00255    6.99345    9.99435  304.85425   15.71257 1.2731e+00     6.8176     1.0427    77.0539 0.0000e+00
        493 150.630603    0.03419     2.0513    123.076     24.228  49973.646    31.2738     6.4296     24.000     6.3181    24.5576     3.0206     4.3167     43.084    131.666    134.899    0.00149    7.01081   10.01914  305.59791   15.74787 9.6127e-01     5.5955     1.0500    76.9154 0.0000e+00
        498 150.630616    0.03451     2.0710    124.259     25.236  50281.287    31.4340     6.1513     25.000     6.0761    24.7179     3.0491     4.3575     43.255    132.887    136.172    0.00236    7.04913   10.07392  307.22039   15.82454 7.3945e-01     5.1597     0.9576    78.7109 0.0000e+00
        503 150.630631    0.03486     2.0919    125.517     26.249  50453.458    31.5298     6.0325     26.000     6.0019    24.8079     3.0573     4.3692     43.278    133.233    136.538    0.00145    7.06431   10.09561  307.85501   15.85439 5.7383e-01     3.8717     0.9453    78.9540 0.0000e+00
        508 150.630645    0.03520     2.1118    126.710     27.257  50588.009    31.6077     5.9573     27.000     5.8966    24.8783     3.0660     4.3817     43.348    133.606    136.930    0.00146    7.07315   10.10824  308.21889   15.87141 4.4933e-01     2.7227     0.9253    79.3556 0.0000e+00
        513 150.630659    0.03553     2.1315    127.890     28.264  50642.622    31.6064     5.7627     28.000     5.6542    24.9002     3.0843     4.4078     43.406    134.400    137.746    0.00114    7.10574   10.15482  309.63247   15.93875 3.5579e-01     2.0588     0.8027    81.8199 0.0000e+00
        518 150.630673    0.03588     2.1527    129.162     29.278  50852.681    31.7139     5.5798     29.000     5.5625    25.0065     3.1046     4.4368     43.534    135.269    138.652    0.00167    7.13142   10.19151  310.71930   15.99009 2.8749e-01     1.5222     0.8629    80.5956 0.0000e+00
        522 150.630687    0.03621     2.1723    130.340     30.282  50875.609    31.7243     5.5557     30.000     5.5363    25.0174     3.1120     4.4472     43.614    135.587    138.978    0.00169    7.13500   10.19663  310.87191   15.99731 2.2870e-01     1.1512     0.9036    79.7800 0.0000e+00
        527 150.630701    0.03655     2.1931    131.585     31.295  50908.123    31.7386     5.5184     31.000     5.5092    25.0330     3.1114     4.4465     43.573    135.561    138.955    0.00075    7.14061   10.20465  311.11177   16.00868 1.8348e-01     1.0089     0.9445    78.9698 0.0000e+00
        532 150.630716    0.03690     2.2141    132.848     32.307  50930.344    31.7510     5.5067     32.000     5.5075    25.0442     3.1146     4.4511     43.610    135.700    139.098    0.00049    7.14200   10.20663  311.16880   16.01134 1.4701e-01     0.8742     0.9784    78.3016 0.0000e+00
        537 150.630730    0.03724     2.2344    134.066     33.313  50939.211    31.7595     5.5206     33.000     5.5229    25.0493     3.1165     4.4538     43.653    135.783    139.184    0.00079    7.13926   10.20272  311.04784   16.00555 1.1958e-01     0.8905     0.9582    78.6989 0.0000e+00
        542 150.630745    0.03760     2.2562    135.374     34.323  50930.651    31.7546     5.5276     34.000     5.5265    25.0446     3.1189     4.4572     43.692    135.887    139.290    0.00069    7.13830   10.20134  311.00733   16.00364 9.8478e-02     0.7352     0.9716    78.4342 0.0000e+00
        548 150.630760    0.03795     2.2771    136.628     35.333  50948.435    31.7687     5.5390     35.000     5.5409    25.0545     3.1201     4.4590     43.726    135.939    139.345    0.00075    7.13570   10.19763  310.89113   15.99805 8.3185e-02     0.8501     0.9190    79.4745 0.0000e+00
        553 150.630775    0.03831     2.2987    137.924     36.347  50933.534    31.7593     5.5457     36.000     5.5377    25.0463     3.1221     4.4618     43.758    136.027    139.434    0.00048    7.13502   10.19665  310.86391   15.99679 7.1927e-02     0.7691     0.9048    79.7560 0.0000e+00
        558 150.630789    0.03865     2.3189    139.136     37.350  50931.489    31.7524     5.5213     37.000     5.5076    25.0436     3.1282     4.4706     43.816    136.294    139.707    0.00091    7.13948   10.20303  311.05907   16.00611 6.4227e-02     0.7441     0.8956    79.9384 0.0000e+00
        563 150.630804    0.03901     2.3405    140.429     38.363  50947.827    31.7590     5.5012     38.000     5.4934    25.0512     3.1366     4.4825     43.914    136.658    140.081    0.00139    7.14257   10.20744  311.19118   16.01238 5.8284e-02     0.6459     0.9124    79.6040 0.0000e+00
        568 150.630819    0.03939     2.3632    141.790     39.379  50952.488    31.7587     5.4867     39.000     5.4775    25.0526     3.1351     4.4805     43.879    136.594    140.016    0.00044    7.14505   10.21098  311.29891   16.01751 5.3857e-02     0.7522     0.8940    79.9718 0.0000e+00
        573 150.630832    0.03969     2.3814    142.885     40.368  50949.537    31.7524     5.4685     40.000     5.4561    25.0497     3.1397     4.4871     43.923    136.796    140.222    0.00052    7.14842   10.21581  311.44690   16.02458 5.0716e-02     0.7125     0.9230    79.3950 0.0000e+00
        579 150.630850    0.04012     2.4073    144.439     41.413  50950.746    31.7467     5.4391     41.000     5.4149    25.0485     3.1405     4.4881     43.900    136.826    140.254    0.00017    7.15369   10.22334  311.67687   16.03556 4.8100e-02     0.6601     0.9571    78.7251 0.0000e+00
        583 150.630861    0.04040     2.4239    145.435     42.394  50978.412    31.7542     5.3862     42.000     5.3668    25.0605     3.1491     4.5004     43.968    137.203    140.641    0.00048    7.16232   10.23567  312.04909   16.05325 4.6284e-02     0.6803     1.1197    75.5969 0.0000e+00
        589 150.630879    0.04080     2.4482    146.891     43.424  51013.408    31.7710     5.3535     43.000     5.3465    25.0774     3.1485     4.4995     43.930    137.172    140.612   -0.00012    7.16709   10.24248  312.25159   16.06283 4.4650e-02     0.6535     1.1898    74.2741 0.0000e+00
        593 150.630890    0.04108     2.4649    147.894     44.413  51025.378    31.7775     5.3476     44.000     5.3434    25.0833     3.1554     4.5094     44.022    137.471    140.919    0.00062    7.16778   10.24346  312.27982   16.06415 4.3429e-02     0.6591     1.2583    73.0125 0.0000e+00
        598 150.630905    0.04144     2.4866    149.193     45.431  51026.818    31.7774     5.3444     45.000     5.3362    25.0835     3.1523     4.5049     43.975    137.335    140.779   -0.00004    7.16832   10.24426  312.30375   16.06528 4.2661e-02     0.5509     1.2875    72.4802 0.0000e+00
        602 150.630918    0.04177     2.5058    150.346     46.441  51001.217    31.7553     5.3258     46.000     5.2930    25.0681     3.1566     4.5110     44.010    137.525    140.972    0.00013    7.17255   10.25029  312.49255   16.07436 4.1881e-02     0.5993     1.3483    71.3854 0.0000e+00
        607 150.630932    0.04208     2.5250    151.502     47.446  51014.436    31.7479     5.2501     47.000     5.2135    25.0707     3.1661     4.5248     44.061    137.942    141.400    0.00054    7.18585   10.26930  313.07126   16.10196 4.1439e-02     0.5236     1.3436    71.4689 0.0000e+00
        612 150.630946    0.04243     2.5457    152.744     48.460  51063.006    31.7650     5.1759     48.000     5.1578    25.0925     3.1743     4.5364     44.101    138.294    141.764    0.00043    7.19776   10.28631  313.58316   16.12626 4.1328e-02     0.4770     1.4012    70.4552 0.0000e+00
        617 150.630959    0.04275     2.5648    153.886     49.467  51090.580    31.7792     5.1558     49.000     5.1501    25.1060     3.1752     4.5378     44.098    138.333    141.807    0.00036    7.20051   10.29025  313.69909   16.13172 4.0853e-02     0.4379     1.4606    69.4104 0.0000e+00
        622 150.630975    0.04312     2.5870    155.221     50.483  51095.334    31.7813     5.1527     50.000     5.1487    25.1080     3.1729     4.5345     44.062    138.232    141.702   -0.00024    7.20095   10.29087  313.71738   16.13258 4.0734e-02     0.5383     1.4518    69.5626 0.0000e+00
        626 150.630988    0.04342     2.6053    156.317     51.477  51081.179    31.7708     5.1513     51.000     5.1382    25.0998     3.1792     4.5434     44.145    138.507    141.983    0.00048    7.20169   10.29194  313.75233   16.13430 4.0352e-02     0.4803     1.5758    67.4429 0.0000e+00
        632 150.631005    0.04384     2.6303    157.819     52.506  51095.799    31.7739     5.1216     52.000     5.1188    25.1056     3.1768     4.5399     44.082    138.400    141.875   -0.00016    7.20666   10.29903  313.96692   16.14449 4.0562e-02     0.4613     1.5049    68.6446 0.0000e+00
        637 150.631018    0.04417     2.6498    158.987     53.505  51092.217    31.7727     5.1293     53.000     5.1225    25.1037     3.1808     4.5457     44.144    138.575    142.053    0.00021    7.20539   10.29721  313.91207   16.14188 4.0580e-02     0.4854     1.5082    68.5891 0.0000e+00
