CTD-processing/allCTD/CNV/2017_10-17_t4_s10_cast045_4141.cnv
* Sea-Bird SBE19plus Data File:
* FileName = C:\Users\Kim.Powell\Desktop\Not Processed\2017\2017_10-17\2017_10-17_TRANSECT_STATION_cast045.hex
* Software Version 1.59
* Temperature SN =  4141
* Conductivity SN =  4141
* System UpLoad Time = Oct 20 2017 08:43:24
** Transect:
** 2017_10-17
** Station: 4-10
** Start Time: 11:33
** Depth (m): 17.1
** Comment: Edgecumbe
** Comment:
# nquan = 27
# nvalues = 16                          
# units = specified
# name 0 = scan: Scan Count
# name 1 = timeJ: Julian Days
# name 2 = timeH: Time, Elapsed [hours]
# name 3 = timeM: Time, Elapsed [minutes]
# name 4 = timeS: Time, Elapsed [seconds]
# name 5 = prdM: Pressure, Strain Gauge [db]
# name 6 = specc: Specific Conductance [uS/cm]
# name 7 = sal00: Salinity, Practical [PSU]
# name 8 = tv290C: Temperature [ITS-90, deg C]
# name 9 = depSM: Depth [salt water, m], lat = 59.00
# name 10 = potemp090C: Potential Temperature [ITS-90, deg C]
# name 11 = sigma-é00: Density [sigma-theta, kg/m^3]
# name 12 = sbeox0ML/L: Oxygen, SBE 43 [ml/l]
# name 13 = sbeox0Mg/L: Oxygen, SBE 43 [mg/l]
# name 14 = sbeox0PS: Oxygen, SBE 43 [% saturation]
# name 15 = sbox0Mm/Kg: Oxygen, SBE 43 [umol/kg]
# name 16 = sbeox0Mm/L: Oxygen, SBE 43 [umol/l]
# name 17 = sbox0dV/dT: Oxygen, SBE 43 [dov/dt]
# name 18 = oxsolML/L: Oxygen Saturation, Garcia & Gordon [ml/l]
# name 19 = oxsolMg/L: Oxygen Saturation, Garcia & Gordon [mg/l]
# name 20 = oxsolMm/Kg: Oxygen Saturation, Garcia & Gordon [umol/kg]
# name 21 = n2satMg/L: Nitrogen Saturation [mg/l]
# name 22 = par: PAR/Irradiance, Biospherical/Licor
# name 23 = wetStar: Fluorescence, WET Labs WETstar [mg/m^3]
# name 24 = CStarAt0: Beam Attenuation, WET Labs C-Star [1/m]
# name 25 = CStarTr0: Beam Transmission, WET Labs C-Star [%]
# name 26 = flag: flag
# span 0 =        132,        377       
# span 1 = 290.481988, 290.482698       
# span 2 =    0.00910,    0.02614       
# span 3 =     0.5460,     1.5685       
# span 4 =     32.761,     94.112       
# span 5 =      1.015,     16.138       
# span 6 =  44598.766,  46376.566       
# span 7 =    27.9108,    29.2511       
# span 8 =     8.6639,     9.5664       
# span 9 =      1.000,     16.000       
# span 10 =     8.7119,     9.5582      
# span 11 =    21.6209,    22.5352      
# span 12 =     3.1451,     3.2740      
# span 13 =     4.4945,     4.6789      
# span 14 =     46.206,     48.564      
# span 15 =    137.482,    143.053      
# span 16 =    140.456,    146.218      
# span 17 =   -0.00068,    0.00215      
# span 18 =    6.61478,    6.80862      
# span 19 =    9.45317,    9.73019      
# span 20 =  288.90519,  297.63844      
# span 21 =   14.95951,   15.38221      
# span 22 = 3.0032e+00, 5.1698e+01      
# span 23 =     0.6793,     1.8274      
# span 24 =     0.7442,     1.4979      
# span 25 =    68.7763,    83.0221      
# span 26 = 0.0000e+00, 0.0000e+00      
# interval = meters: 1                  
# start_time = Oct 17 2017 11:33:31 [Instrument's time stamp, header]
# bad_flag = -9.990e-29
*END*
        132 290.481988    0.00910     0.5460     32.761      1.015  44598.766    27.9108     8.6639      1.000     8.7119    21.6209     3.1451     4.4945     46.206    137.482    140.456 1.5577e-07    6.80862    9.73019  297.63844   15.38221 5.1698e+01     0.6793     1.2392    73.4253 0.0000e+00
        297 290.482465    0.02055     1.2333     73.999      2.020  45346.991    28.4534     8.8671      2.000     8.8693    22.0163     3.2625     4.6624     48.309    142.565    145.704    0.00026    6.75350    9.65142  295.11370   15.25942 4.0845e+01     1.3200     1.4979    68.7763 0.0000e+00
        304 290.482487    0.02106     1.2640     75.839      3.027  45553.347    28.6005     8.9022      3.000     8.9556    22.1263     3.2740     4.6789     48.564    143.053    146.218    0.00215    6.74174    9.63462  294.56824   15.23276 3.9384e+01     1.3590     1.2955    72.3757 0.0000e+00
        309 290.482500    0.02139     1.2833     76.999      4.035  45670.706    28.6965     9.0199      4.000     9.0534    22.1842     3.2572     4.6548     48.471    142.308    145.465    0.00077    6.71980    9.60327  293.59319   15.18579 3.4973e+01     1.3791     1.0830    76.2852 0.0000e+00
        314 290.482516    0.02177     1.3062     78.370      5.051  45676.773    28.7082     9.0818      5.000     9.0893    22.1842     3.2486     4.6425     48.414    141.933    145.081   -0.00022    6.70997    9.58922  293.16354   15.16522 3.3870e+01     1.6587     1.0055    77.7739 0.0000e+00
        320 290.482531    0.02212     1.3271     79.626      6.053  45704.825    28.7296     9.1010      6.000     9.1109    22.1981     3.2437     4.6355     48.369    141.717    144.863   -0.00058    6.70615    9.58377  292.99299   15.15699 2.7934e+01     1.8274     0.9768    78.3343 0.0000e+00
        325 290.482547    0.02252     1.3513     81.076      7.068  45727.268    28.7489     9.1328      7.000     9.1389    22.2084     3.2450     4.6375     48.429    141.772    144.921    0.00014    6.70056    9.57577  292.74572   15.14509 2.3059e+01     1.7578     0.9470    78.9196 0.0000e+00
        331 290.482563    0.02289     1.3732     82.392      8.074  45730.345    28.7519     9.1435      8.000     9.1447    22.2092     3.2425     4.6339     48.404    141.665    144.811   -0.00017    6.69883    9.57330  292.66981   15.14146 1.8282e+01     1.7077     0.9265    79.3239 0.0000e+00
        336 290.482579    0.02329     1.3977     83.861      9.085  45753.558    28.7687     9.1524      9.000     9.1523    22.2211     3.2432     4.6349     48.430    141.694    144.842    0.00007    6.69678    9.57037  292.57690   15.13695 1.4739e+01     1.6210     0.9216    79.4206 0.0000e+00
        342 290.482596    0.02370     1.4220     85.318     10.096  45751.972    28.7666     9.1480     10.000     9.1438    22.2201     3.2400     4.6303     48.376    141.555    144.700   -0.00048    6.69752    9.57142  292.60938   15.13851 1.1487e+01     1.5915     0.9051    79.7503 0.0000e+00
        348 290.482613    0.02409     1.4452     86.714     11.103  45788.218    28.7918     9.1506     11.000     9.1588    22.2394     3.2415     4.6325     48.410    141.618    144.767   -0.00006    6.69605    9.56932  292.53950   15.13507 9.2865e+00     1.5850     0.9011    79.8294 0.0000e+00
        354 290.482631    0.02453     1.4718     88.309     12.113  45795.711    28.8004     9.1815     12.000     9.1865    22.2416     3.2360     4.6246     48.363    141.375    144.519   -0.00051    6.69105    9.56217  292.32040   15.12456 7.3321e+00     1.7247     0.8814    80.2247 0.0000e+00
        360 290.482648    0.02493     1.4961     89.767     13.126  45880.484    28.8619     9.2049     13.000     9.2495    22.2862     3.2314     4.6180     48.339    141.169    144.315   -0.00049    6.68490    9.55339  292.03935   15.11089 5.7585e+00     1.5658     0.8696    80.4603 0.0000e+00
        365 290.482662    0.02529     1.5170     91.019     14.133  46199.246    29.1075     9.3988     14.000     9.4892    22.4487     3.2090     4.5860     48.288    140.169    143.316   -0.00068    6.64558    9.49721  290.27541   15.02559 4.6134e+00     1.5523     0.8400    81.0595 0.0000e+00
        371 290.482679    0.02567     1.5405     92.427     15.140  46272.166    29.1764     9.5484     15.000     9.5582    22.4796     3.1953     4.5664     48.263    139.566    142.703   -0.00066    6.62059    9.46149  289.17502   14.97272 3.7601e+00     1.3984     0.7802    82.2804 0.0000e+00
        377 290.482698    0.02614     1.5685     94.112     16.138  46376.566    29.2511     9.5664     16.000     9.5444    22.5352     3.1984     4.5709     48.353    139.693    142.841    0.00059    6.61478    9.45317  288.90519   14.95951 3.0032e+00     1.1465     0.7442    83.0221 0.0000e+00
