CTD-processing/allCTD/CNV/2017_06-28_alongbay_skb08_cast196_4141.cnv
* Sea-Bird SBE19plus Data File:
* FileName = C:\Users\Kim.Powell\Desktop\2017_06-28_4141\AlongBay\2017_06-28_AlongBay196.hex
* Software Version 1.59
* Temperature SN =  4141
* Conductivity SN =  4141
* System UpLoad Time = Jul 21 2017 10:31:54
** CookInlet LTM AlongBay
** 2017_06-28
** Station:KB08
** Start Time: 14:08
** Depth: 77m
** Comment:
** Comment:
# nquan = 27
# nvalues = 76                          
# units = specified
# name 0 = scan: Scan Count
# name 1 = timeJ: Julian Days
# name 2 = timeH: Time, Elapsed [hours]
# name 3 = timeM: Time, Elapsed [minutes]
# name 4 = timeS: Time, Elapsed [seconds]
# name 5 = prdM: Pressure, Strain Gauge [db]
# name 6 = specc: Specific Conductance [uS/cm]
# name 7 = sal00: Salinity, Practical [PSU]
# name 8 = tv290C: Temperature [ITS-90, deg C]
# name 9 = depSM: Depth [salt water, m], lat = 59.00
# name 10 = potemp090C: Potential Temperature [ITS-90, deg C]
# name 11 = sigma-é00: Density [sigma-theta, kg/m^3]
# name 12 = sbeox0ML/L: Oxygen, SBE 43 [ml/l]
# name 13 = sbeox0Mg/L: Oxygen, SBE 43 [mg/l]
# name 14 = sbeox0PS: Oxygen, SBE 43 [% saturation]
# name 15 = sbox0Mm/Kg: Oxygen, SBE 43 [umol/kg]
# name 16 = sbeox0Mm/L: Oxygen, SBE 43 [umol/l]
# name 17 = sbox0dV/dT: Oxygen, SBE 43 [dov/dt]
# name 18 = oxsolML/L: Oxygen Saturation, Garcia & Gordon [ml/l]
# name 19 = oxsolMg/L: Oxygen Saturation, Garcia & Gordon [mg/l]
# name 20 = oxsolMm/Kg: Oxygen Saturation, Garcia & Gordon [umol/kg]
# name 21 = n2satMg/L: Nitrogen Saturation [mg/l]
# name 22 = par: PAR/Irradiance, Biospherical/Licor
# name 23 = wetStar: Fluorescence, WET Labs WETstar [mg/m^3]
# name 24 = CStarAt0: Beam Attenuation, WET Labs C-Star [1/m]
# name 25 = CStarTr0: Beam Transmission, WET Labs C-Star [%]
# name 26 = flag: flag
# span 0 =        143,        608       
# span 1 = 179.589565, 179.590911       
# span 2 =    0.00984,    0.04215       
# span 3 =     0.5904,     2.5289       
# span 4 =     35.424,    151.733       
# span 5 =      1.020,     76.723       
# span 6 =  45270.448,  50610.805       
# span 7 =    28.6542,    31.6906       
# span 8 =     6.3741,    11.1078       
# span 9 =      1.000,     76.000       
# span 10 =     6.3586,    11.0827      
# span 11 =    21.8211,    24.8869      
# span 12 =     2.6284,     3.0448      
# span 13 =     3.7563,     4.3514      
# span 14 =     40.774,     43.538      
# span 15 =    114.837,    132.680      
# span 16 =    117.387,    135.982      
# span 17 =   -0.00153,    0.00358      
# span 18 =    6.41997,    7.00140      
# span 19 =    9.17478,   10.00570      
# span 20 =  280.59286,  305.09195      
# span 21 =   14.56434,   15.72213      
# span 22 = 4.5580e-02, 1.7150e+02      
# span 23 =     0.3508,     3.9213      
# span 24 =     0.6833,     1.9888      
# span 25 =    61.2457,    84.2972      
# span 26 = 0.0000e+00, 0.0000e+00      
# interval = meters: 1                  
# start_time = Jun 28 2017 14:08:23 [Instrument's time stamp, header]
# bad_flag = -9.990e-29
*END*
[from data line 54]
        527 179.590677    0.03653     2.1918    131.507     55.533  50534.663    31.6704     6.5497     55.000     6.5414    24.8554     3.0326     4.3339     43.491    132.152    135.437    0.00006    6.97293    9.96501  303.85845   15.66334 4.6266e-02     0.4490     1.6297    66.5376 0.0000e+00
        530 179.590686    0.03675     2.2047    132.284     56.537  50534.279    31.6685     6.5438     56.000     6.5316    24.8547     3.0342     4.3361     43.507    132.219    135.505    0.00021    6.97397    9.96650  303.90405   15.66552 4.6156e-02     0.4360     1.6529    66.1522 0.0000e+00
        533 179.590695    0.03695     2.2172    133.035     57.543  50531.873    31.6639     6.5304     57.000     6.5136    24.8528     3.0355     4.3381     43.511    132.278    135.565    0.00016    6.97635    9.96991  304.00833   15.67050 4.6423e-02     0.4261     1.6645    65.9603 0.0000e+00
        536 179.590704    0.03718     2.2308    133.848     58.555  50551.337    31.6741     6.5151     58.000     6.5067    24.8627     3.0363     4.3392     43.510    132.311    135.601    0.00003    6.97837    9.97280  304.09363   15.67453 4.6203e-02     0.4162     1.6473    66.2454 0.0000e+00
        540 179.590714    0.03741     2.2445    134.669     59.567  50545.982    31.6688     6.5094     59.000     6.4940    24.8593     3.0378     4.3414     43.526    132.381    135.672    0.00011    6.97954    9.97447  304.14545   15.67703 4.5827e-02     0.4464     1.6408    66.3504 0.0000e+00
        543 179.590723    0.03763     2.2577    135.460     60.567  50556.555    31.6723     6.4917     60.000     6.4768    24.8643     3.0399     4.3442     43.536    132.467    135.760    0.00011    6.98224    9.97832  304.26168   15.68255 4.5580e-02     0.4061     1.6515    66.1751 0.0000e+00
        547 179.590734    0.03789     2.2734    136.406     61.585  50554.447    31.6659     6.4678     61.000     6.4495    24.8622     3.0418     4.3470     43.538    132.549    135.844    0.00002    6.98644    9.98432  304.44522   15.69133 4.6314e-02     0.4156     1.6040    66.9667 0.0000e+00
        550 179.590745    0.03816     2.2895    137.369     62.595  50586.227    31.6860     6.4596     62.000     6.4558    24.8791     3.0398     4.3443     43.508    132.465    135.760   -0.00020    6.98685    9.98492  304.45817   15.69186 4.5775e-02     0.4018     1.5828    67.3212 0.0000e+00
        554 179.590756    0.03843     2.3058    138.349     63.603  50565.481    31.6685     6.4455     63.000     6.4256    24.8671     3.0396     4.3439     43.486    132.455    135.750   -0.00053    6.98995    9.98934  304.59668   15.69853 4.5957e-02     0.4158     1.6049    66.9505 0.0000e+00
        559 179.590769    0.03873     2.3236    139.414     64.614  50591.577    31.6822     6.4247     64.000     6.4178    24.8805     3.0429     4.3487     43.516    132.598    135.896   -0.00015    6.99270    9.99327  304.71250   15.70400 4.6050e-02     0.3950     1.5677    67.5756 0.0000e+00
        563 179.590781    0.03902     2.3414    140.482     65.625  50603.815    31.6906     6.4268     65.000     6.4277    24.8869     3.0428     4.3484     43.518    132.590    135.889   -0.00009    6.99199    9.99225  304.67956   15.70240 4.6109e-02     0.3940     1.5928    67.1524 0.0000e+00
        567 179.590793    0.03932     2.3588    141.530     66.638  50593.251    31.6850     6.4384     66.000     6.4324    24.8811     3.0415     4.3466     43.511    132.538    135.835   -0.00019    6.99034    9.98990  304.60981   15.69910 4.5791e-02     0.3981     1.6511    66.1821 0.0000e+00
        571 179.590804    0.03957     2.3742    142.451     67.643  50586.921    31.6796     6.4357     67.000     6.4255    24.8772     3.0422     4.3476     43.516    132.567    135.865   -0.00010    6.99103    9.99088  304.64058   15.70058 4.6000e-02     0.3659     1.6451    66.2798 0.0000e+00
        574 179.590813    0.03980     2.3882    143.292     68.656  50597.695    31.6853     6.4287     68.000     6.4235    24.8825     3.0426     4.3481     43.515    132.582    135.881   -0.00012    6.99190    9.99214  304.67763   15.70233 4.5796e-02     0.3568     1.6631    65.9828 0.0000e+00
        577 179.590823    0.04003     2.4018    144.110     69.656  50598.703    31.6858     6.4304     69.000     6.4259    24.8827     3.0398     4.3441     43.477    132.461    135.756   -0.00045    6.99160    9.99170  304.66409   15.70168 4.6093e-02     0.4304     1.6673    65.9131 0.0000e+00
        581 179.590834    0.04031     2.4183    145.097     70.674  50595.547    31.6835     6.4319     70.000     6.4248    24.8807     3.0400     4.3445     43.482    132.471    135.767   -0.00044    6.99148    9.99153  304.65930   15.70146 4.6102e-02     0.3696     1.6530    66.1512 0.0000e+00
        585 179.590846    0.04058     2.4347    146.083     71.680  50578.427    31.6696     6.4240     71.000     6.4045    24.8708     3.0407     4.3455     43.479    132.501    135.796   -0.00021    6.99341    9.99428  304.74632   15.70566 4.6196e-02     0.3816     1.6085    66.8913 0.0000e+00
        590 179.590858    0.04088     2.4530    147.180     72.692  50600.775    31.6804     6.4012     72.000     6.3928    24.8821     3.0440     4.3501     43.506    132.643    135.944   -0.00016    6.99663    9.99889  304.88350   15.71216 4.6178e-02     0.3915     1.4777    69.1163 0.0000e+00
        594 179.590872    0.04119     2.4717    148.303     73.703  50606.799    31.6835     6.3983     73.000     6.3921    24.8849     3.0448     4.3514     43.517    132.680    135.982    0.00007    6.99695    9.99933  304.89624   15.71276 4.6288e-02     0.3781     1.4449    69.6824 0.0000e+00
        599 179.590884    0.04150     2.4897    149.383     74.712  50598.313    31.6767     6.3960     74.000     6.3841    24.8799     3.0437     4.3497     43.496    132.631    135.931   -0.00023    6.99764   10.00033  304.92789   15.71430 4.6106e-02     0.3657     1.4342    69.8693 0.0000e+00
        603 179.590897    0.04181     2.5083    150.498     75.723  50610.805    31.6836     6.3891     75.000     6.3824    24.8862     3.0409     4.3458     43.451    132.509    135.807   -0.00053    6.99845   10.00147  304.96118   15.71586 4.6090e-02     0.3508     1.4467    69.6513 0.0000e+00
        608 179.590911    0.04215     2.5289    151.733     76.723  50599.831    31.6727     6.3741     76.000     6.3586    24.8794     3.0430     4.3488     43.464    132.603    135.902   -0.00037    7.00140   10.00570  305.09195   15.72213 4.6155e-02     0.3674     1.5936    67.1664 0.0000e+00
