CTD-processing/allCTD/CNV/2017_04-19_t3_s07_cast131_4141.cnv
* Sea-Bird SBE19plus Data File:
* FileName = P:\My Documents\kasitsna\Research-KBL\Oceanography-AK\CTD-Data-ALL-to-2017-02\2017-CTD-KachemakBay-CookInlet\2017-04-19-CookInlet-Tran3-AnchorPt\2017-04-19-CookInlet-Tran3-cast131.hex
* Software Version 1.59
* Temperature SN =  4141
* Conductivity SN =  4141
* System UpLoad Time = Apr 20 2017 00:37:55
** Cook Inlet LTM Transect 3 Anchor Pt east to west
** Date: 2017-04-19
** Station: (eg. 9-01): 3-07
** Start time (AKDT): 22:33
** Depth (m): 110.9
** Comment: R/V Alaska Dreamcatcher
** Comment:
# nquan = 27
# nvalues = 109                         
# units = specified
# name 0 = scan: Scan Count
# name 1 = timeJ: Julian Days
# name 2 = timeH: Time, Elapsed [hours]
# name 3 = timeM: Time, Elapsed [minutes]
# name 4 = timeS: Time, Elapsed [seconds]
# name 5 = prdM: Pressure, Strain Gauge [db]
# name 6 = specc: Specific Conductance [uS/cm]
# name 7 = sal00: Salinity, Practical [PSU]
# name 8 = tv290C: Temperature [ITS-90, deg C]
# name 9 = depSM: Depth [salt water, m], lat = 59.00
# name 10 = potemp090C: Potential Temperature [ITS-90, deg C]
# name 11 = sigma-é00: Density [sigma-theta, kg/m^3]
# name 12 = sbeox0ML/L: Oxygen, SBE 43 [ml/l]
# name 13 = sbeox0Mg/L: Oxygen, SBE 43 [mg/l]
# name 14 = sbeox0PS: Oxygen, SBE 43 [% saturation]
# name 15 = sbox0Mm/Kg: Oxygen, SBE 43 [umol/kg]
# name 16 = sbeox0Mm/L: Oxygen, SBE 43 [umol/l]
# name 17 = sbox0dV/dT: Oxygen, SBE 43 [dov/dt]
# name 18 = oxsolML/L: Oxygen Saturation, Garcia & Gordon [ml/l]
# name 19 = oxsolMg/L: Oxygen Saturation, Garcia & Gordon [mg/l]
# name 20 = oxsolMm/Kg: Oxygen Saturation, Garcia & Gordon [umol/kg]
# name 21 = n2satMg/L: Nitrogen Saturation [mg/l]
# name 22 = par: PAR/Irradiance, Biospherical/Licor
# name 23 = wetStar: Fluorescence, WET Labs WETstar [mg/m^3]
# name 24 = CStarAt0: Beam Attenuation, WET Labs C-Star [1/m]
# name 25 = CStarTr0: Beam Transmission, WET Labs C-Star [%]
# name 26 = flag: flag
# span 0 =        138,        664       
# span 1 = 109.939933, 109.941457       
# span 2 =    0.00949,    0.04607       
# span 3 =     0.5693,     2.7645       
# span 4 =     34.160,    165.872       
# span 5 =      1.017,    109.996       
# span 6 =  50084.091,  51334.880       
# span 7 =    30.6043,    31.4845       
# span 8 =     2.2825,     3.3131       
# span 9 =      1.000,    109.000       
# span 10 =     2.2826,     3.3068      
# span 11 =    24.3805,    25.0550      
# span 12 =     3.7647,     4.1340      
# span 13 =     5.3801,     5.9079      
# span 14 =     49.113,     54.789      
# span 15 =    164.127,    180.107      
# span 16 =    168.130,    184.620      
# span 17 =   -0.00089,    0.00341      
# span 18 =    7.54505,    7.78020      
# span 19 =   10.78264,   11.11868      
# span 20 =  328.72674,  339.13617      
# span 21 =   16.84770,   17.34493      
# span 22 = 3.6350e-02, 3.6382e-02      
# span 23 =     0.2574,     0.7165      
# span 24 =     1.7850,     5.6392      
# span 25 =    24.4164,    63.3580      
# span 26 = 0.0000e+00, 0.0000e+00      
# interval = meters: 1                  
# start_time = Apr 19 2017 22:32:56 [Instrument's time stamp, header]
# bad_flag = -9.990e-29
*END*
[from data line 54]
        451 109.940840    0.03126     1.8757    112.542     55.526  51152.816    31.3023     2.9836     55.000     2.9798    24.9360     4.0700     5.8165     53.438    177.345    181.767    0.00122    7.61631   10.88447  331.86897   16.99771 3.6382e-02     0.4903     2.8931    48.5159 0.0000e+00
        455 109.940851    0.03154     1.8923    113.540     56.535  51164.586    31.3096     2.9831     56.000     2.9846    24.9419     4.0758     5.8247     53.516    177.594    182.025    0.00128    7.61602   10.88405  331.85425   16.99698 3.6382e-02     0.4698     2.8931    48.5172 0.0000e+00
        459 109.940862    0.03182     1.9089    114.534     57.546  51198.569    31.3355     2.9963     57.000     3.0099    24.9614     4.0780     5.8278     53.572    177.686    182.122    0.00135    7.61220   10.87859  331.68142   16.98867 3.6382e-02     0.5120     2.9014    48.4163 0.0000e+00
        463 109.940874    0.03209     1.9254    115.522     58.556  51232.387    31.3685     3.0370     58.000     3.0533    24.9844     4.0790     5.8294     53.652    177.731    182.172    0.00164    7.60278   10.86513  331.26371   16.96869 3.6382e-02     0.4749     2.9985    47.2563 0.0000e+00
        467 109.940885    0.03236     1.9418    116.509     59.566  51202.792    31.3564     3.0693     59.000     3.0692    24.9721     4.0736     5.8217     53.620    177.498    181.931    0.00100    7.59730   10.85731  331.02897   16.95758 3.6382e-02     0.4867     3.0626    46.5032 0.0000e+00
        471 109.940897    0.03264     1.9582    117.494     60.575  51203.670    31.3580     3.0751     60.000     3.0740    24.9729     4.0760     5.8252     53.660    177.603    182.038    0.00072    7.59614   10.85563  330.97778   16.95515 3.6382e-02     0.4982     3.0911    46.1734 0.0000e+00
        475 109.940908    0.03291     1.9743    118.460     61.584  51198.526    31.3548     3.0784     61.000     3.0743    24.9701     4.0796     5.8301     53.710    177.755    182.195    0.00095    7.59566   10.85496  330.95825   16.95423 3.6382e-02     0.5251     3.0837    46.2595 0.0000e+00
        479 109.940919    0.03317     1.9904    119.422     62.594  51188.578    31.3469     3.0755     62.000     3.0670    24.9639     4.0805     5.8314     53.714    177.795    182.233    0.00074    7.59665   10.85638  331.00344   16.95642 3.6382e-02     0.5999     3.1162    45.8852 0.0000e+00
        483 109.940931    0.03345     2.0071    120.427     63.604  51207.892    31.3574     3.0679     63.000     3.0689    24.9730     4.0841     5.8366     53.756    177.952    182.397    0.00068    7.59752   10.85761  331.03803   16.95801 3.6382e-02     0.5332     3.0536    46.6084 0.0000e+00
        487 109.940943    0.03374     2.0244    121.465     64.614  51211.646    31.3616     3.0764     64.000     3.0772    24.9756     4.0866     5.8401     53.802    178.060    182.506    0.00083    7.59569   10.85501  330.95775   16.95418 3.6382e-02     0.5079     3.0359    46.8161 0.0000e+00
        491 109.940955    0.03402     2.0411    122.464     65.625  51224.888    31.3736     3.0901     65.000     3.0921    24.9841     4.0858     5.8390     53.813    178.022    182.470    0.00066    7.59249   10.85043  330.81546   16.94737 3.6382e-02     0.4726     3.1542    45.4499 0.0000e+00
        495 109.940966    0.03429     2.0572    123.434     66.633  51224.913    31.3753     3.0985     66.000     3.0994    24.9847     4.0864     5.8399     53.833    178.048    182.497    0.00052    7.59084   10.84806  330.74313   16.94393 3.6382e-02     0.4844     3.1499    45.5005 0.0000e+00
        499 109.940977    0.03455     2.0734    124.405     67.644  51235.302    31.3843     3.1082     67.000     3.1112    24.9912     4.0896     5.8445     53.893    178.191    182.644    0.00082    7.58852   10.84476  330.64043   16.93902 3.6382e-02     0.5129     3.1955    44.9840 0.0000e+00
        502 109.940988    0.03482     2.0894    125.366     68.652  51225.578    31.3802     3.1194     68.000     3.1162    24.9869     4.0918     5.8476     53.935    178.286    182.741    0.00094    7.58662   10.84205  330.55893   16.93516 3.6382e-02     0.4931     3.2250    44.6535 0.0000e+00
        506 109.940999    0.03510     2.1059    126.356     69.663  51221.552    31.3767     3.1188     69.000     3.1148    24.9842     4.0933     5.8497     53.951    178.350    182.806    0.00068    7.58694   10.84249  330.57344   16.93586 3.6382e-02     0.5632     3.2247    44.6562 0.0000e+00
        510 109.941011    0.03538     2.1225    127.352     70.673  51252.364    31.3984     3.1237     70.000     3.1287    25.0010     4.0932     5.8495     53.964    178.341    182.800    0.00063    7.58490   10.83957  330.47907   16.93129 3.6382e-02     0.5460     3.2028    44.9012 0.0000e+00
        514 109.941022    0.03564     2.1387    128.321     71.682  51255.462    31.4044     3.1408     71.000     3.1447    25.0043     4.0949     5.8521     54.013    178.417    182.878    0.00068    7.58136   10.83453  330.32422   16.92392 3.6382e-02     0.5226     3.2548    44.3228 0.0000e+00
        518 109.941034    0.03592     2.1553    129.315     72.691  51247.683    31.4022     3.1545     72.000     3.1524    25.0014     4.1016     5.8616     54.118    178.709    183.177    0.00126    7.57891   10.83102  330.21820   16.91889 3.6382e-02     0.4921     3.3034    43.7871 0.0000e+00
        522 109.941046    0.03620     2.1723    130.339     73.702  51243.890    31.3997     3.1569     73.000     3.1527    24.9992     4.1047     5.8661     54.162    178.846    183.317    0.00138    7.57858   10.83055  330.20466   16.91825 3.6382e-02     0.5393     3.2946    43.8827 0.0000e+00
        526 109.941057    0.03649     2.1894    131.362     74.712  51249.875    31.4035     3.1580     74.000     3.1559    25.0022     4.1002     5.8596     54.105    178.647    183.114    0.00034    7.57817   10.82996  330.18566   16.91734 3.6382e-02     0.5841     3.3007    43.8169 0.0000e+00
        530 109.941069    0.03677     2.2059    132.353     75.722  51247.616    31.4024     3.1614     75.000     3.1574    25.0010     4.1020     5.8620     54.132    178.723    183.192    0.00037    7.57760   10.82914  330.16102   16.91617 3.6382e-02     0.6104     3.3434    43.3511 0.0000e+00
        534 109.941080    0.03703     2.2218    133.306     76.731  51257.259    31.4090     3.1641     76.000     3.1631    25.0061     4.1051     5.8666     54.180    178.860    183.333    0.00061    7.57676   10.82794  330.12287   16.91434 3.6382e-02     0.5387     3.3935    42.8118 0.0000e+00
        538 109.941091    0.03729     2.2377    134.263     77.741  51250.830    31.4051     3.1675     77.000     3.1630    25.0027     4.1124     5.8770     54.280    179.181    183.661    0.00118    7.57631   10.82731  330.10458   16.91348 3.6382e-02     0.5416     3.3983    42.7599 0.0000e+00
        542 109.941102    0.03757     2.2540    135.238     78.751  51263.204    31.4132     3.1687     78.000     3.1681    25.0091     4.1132     5.8781     54.294    179.211    183.693    0.00099    7.57566   10.82638  330.07423   16.91201 3.6382e-02     0.5494     3.4210    42.5183 0.0000e+00
        546 109.941113    0.03784     2.2701    136.205     79.759  51247.564    31.4032     3.1732     79.000     3.1657    25.0008     4.1139     5.8792     54.307    179.247    183.728    0.00066    7.57534   10.82594  330.06328   16.91153 3.6382e-02     0.4981     3.4315    42.4062 0.0000e+00
        550 109.941125    0.03811     2.2867    137.202     80.771  51258.062    31.4087     3.1686     80.000     3.1665    25.0055     4.1146     5.8803     54.312    179.277    183.760    0.00049    7.57592   10.82674  330.08656   16.91261 3.6382e-02     0.7165     3.4402    42.3178 0.0000e+00
        554 109.941136    0.03839     2.3034    138.203     81.781  51296.744    31.4380     3.1829     81.000     3.1932    25.0277     4.1158     5.8819     54.358    179.326    183.814    0.00065    7.57172   10.82074  329.89633   16.90345 3.6382e-02     0.5801     3.3777    42.9820 0.0000e+00
        558 109.941148    0.03867     2.3201    139.204     82.791  51283.702    31.4351     3.2076     82.000     3.2068    25.0232     4.1153     5.8812     54.383    179.302    183.788    0.00069    7.56724   10.81434  329.70248   16.89425 3.6382e-02     0.5018     3.5529    41.1367 0.0000e+00
        562 109.941159    0.03894     2.3364    140.184     83.801  51281.259    31.4343     3.2130     83.000     3.2118    25.0222     4.1137     5.8789     54.369    179.234    183.719    0.00024    7.56629   10.81297  329.66140   16.89231 3.6382e-02     0.5638     3.6357    40.2965 0.0000e+00
        566 109.941171    0.03921     2.3526    141.157     84.809  51316.823    31.4609     3.2250     84.000     3.2343    25.0424     4.1148     5.8804     54.408    179.274    183.764    0.00050    7.56265   10.80779  329.49660   16.88437 3.6382e-02     0.5482     3.7150    39.5074 0.0000e+00
        570 109.941182    0.03949     2.3693    142.157     85.821  51297.856    31.4539     3.2495     85.000     3.2462    25.0347     4.1153     5.8812     54.446    179.300    183.789    0.00058    7.55845   10.80177  329.31569   16.87580 3.6382e-02     0.6224     3.9317    37.4226 0.0000e+00
        574 109.941194    0.03976     2.3855    143.128     86.832  51297.667    31.4533     3.2497     86.000     3.2475    25.0342     4.1158     5.8819     54.453    179.322    183.811    0.00045    7.55843   10.80175  329.31522   16.87577 3.6382e-02     0.5586     3.9875    36.9038 0.0000e+00
        577 109.941205    0.04002     2.4010    144.063     87.838  51309.045    31.4626     3.2581     87.000     3.2580    25.0410     4.1162     5.8826     54.474    179.342    183.833    0.00041    7.55637   10.79882  329.22367   16.87139 3.6382e-02     0.5346     4.0497    36.3355 0.0000e+00
        581 109.941216    0.04029     2.4174    145.046     88.848  51302.687    31.4598     3.2657     88.000     3.2614    25.0380     4.1198     5.8876     54.530    179.496    183.990    0.00066    7.55510   10.79699  329.16893   16.86880 3.6382e-02     0.4800     4.1072    35.8166 0.0000e+00
        585 109.941227    0.04057     2.4339    146.034     89.860  51311.722    31.4661     3.2684     89.000     3.2671    25.0427     4.1165     5.8830     54.493    179.354    183.845    0.00027    7.55428   10.79582  329.13180   16.86701 3.6382e-02     0.4899     4.0945    35.9303 0.0000e+00
        589 109.941238    0.04083     2.4502    147.013     90.869  51317.198    31.4715     3.2772     90.000     3.2759    25.0464     4.1152     5.8810     54.489    179.293    183.784   -0.00006    7.55235   10.79306  329.04655   16.86294 3.6382e-02     0.4900     4.1940    35.0479 0.0000e+00
        593 109.941250    0.04111     2.4669    148.014     91.879  51327.308    31.4802     3.2862     91.000     3.2865    25.0525     4.1155     5.8814     54.507    179.304    183.796    0.00016    7.55022   10.79002  328.95179   16.85840 3.6382e-02     0.5155     4.3447    33.7635 0.0000e+00
        597 109.941262    0.04139     2.4835    149.011     92.890  51330.468    31.4845     3.2966     92.000     3.2963    25.0550     4.1159     5.8820     54.529    179.323    183.815    0.00017    7.54806   10.78693  328.85696   16.85388 3.6382e-02     0.4970     4.5863    31.7825 0.0000e+00
        601 109.941273    0.04167     2.4997    149.984     93.898  51319.646    31.4787     3.3045     93.000     3.2989    25.0497     4.1174     5.8842     54.558    179.392    183.885    0.00034    7.54687   10.78524  328.80700   16.85153 3.6382e-02     0.5055     4.7252    30.6882 0.0000e+00
        605 109.941285    0.04194     2.5161    150.969     94.910  51323.092    31.4805     3.3047     94.000     3.2998    25.0512     4.1181     5.8852     54.568    179.419    183.914    0.00030    7.54676   10.78507  328.80130   16.85125 3.6382e-02     0.5963     4.7962    30.1513 0.0000e+00
        609 109.941295    0.04220     2.5323    151.937     95.918  51321.930    31.4793     3.3048     95.000     3.2992    25.0501     4.1208     5.8891     54.603    179.537    184.034    0.00033    7.54681   10.78514  328.80378   16.85138 3.6382e-02     0.5194     4.8369    29.8451 0.0000e+00
        613 109.941307    0.04248     2.5487    152.921     96.928  51325.356    31.4812     3.3056     96.000     3.3006    25.0517     4.1212     5.8896     54.611    179.556    184.053    0.00041    7.54655   10.78476  328.79189   16.85079 3.6382e-02     0.5219     4.8878    29.4661 0.0000e+00
        617 109.941319    0.04276     2.5657    153.942     97.941  51326.093    31.4815     3.3067     97.000     3.3014    25.0518     4.1198     5.8877     54.594    179.496    183.992   -0.00003    7.54633   10.78446  328.78256   16.85036 3.6382e-02     0.5265     4.8575    29.6908 0.0000e+00
        621 109.941330    0.04304     2.5822    154.932     98.948  51325.683    31.4808     3.3071     98.000     3.3015    25.0512     4.1210     5.8893     54.609    179.545    184.043    0.00007    7.54629   10.78440  328.78079   16.85027 3.6382e-02     0.5219     4.8833    29.4989 0.0000e+00
        625 109.941342    0.04331     2.5986    155.914     99.957  51326.704    31.4811     3.3076     99.000     3.3019    25.0514     4.1197     5.8875     54.594    179.492    183.989   -0.00006    7.54619   10.78426  328.77654   16.85007 3.6382e-02     0.5550     4.9285    29.1672 0.0000e+00
        629 109.941353    0.04358     2.6149    156.895    100.970  51326.330    31.4803     3.3074    100.000     3.3009    25.0508     4.1178     5.8847     54.566    179.403    183.897   -0.00041    7.54626   10.78436  328.77980   16.85023 3.6382e-02     0.5976     4.9029    29.3553 0.0000e+00
        632 109.941364    0.04385     2.6311    157.867    101.978  51327.964    31.4807     3.3066    101.000     3.3006    25.0511     4.1212     5.8895     54.611    179.553    184.050    0.00006    7.54640   10.78457  328.78581   16.85052 3.6382e-02     0.6408     4.9096    29.3060 0.0000e+00
        636 109.941376    0.04413     2.6477    158.860    102.988  51327.190    31.4795     3.3062    102.000     3.2998    25.0503     4.1197     5.8875     54.591    179.490    183.987   -0.00020    7.54653   10.78475  328.79182   16.85080 3.6382e-02     0.5488     4.8348    29.8653 0.0000e+00
        640 109.941387    0.04440     2.6642    159.854    103.998  51330.035    31.4809     3.3060    103.000     3.3004    25.0514     4.1183     5.8854     54.572    179.427    183.922   -0.00038    7.54651   10.78471  328.79029   16.85073 3.6382e-02     0.5832     4.8194    29.9817 0.0000e+00
        644 109.941399    0.04468     2.6808    160.850    105.008  51332.303    31.4822     3.3075    104.000     3.3025    25.0524     4.1232     5.8925     54.640    179.642    184.143    0.00019    7.54615   10.78421  328.77472   16.84998 3.6382e-02     0.5526     5.0367    28.3936 0.0000e+00
        648 109.941410    0.04495     2.6973    161.838    106.019  51334.199    31.4837     3.3099    105.000     3.3050    25.0533     4.1209     5.8892     54.614    179.543    184.042   -0.00001    7.54564   10.78347  328.75191   16.84889 3.6382e-02     0.6524     5.2958    26.6201 0.0000e+00
        652 109.941422    0.04523     2.7137    162.820    107.028  51333.303    31.4831     3.3120    106.000     3.3060    25.0526     4.1197     5.8875     54.600    179.489    183.986   -0.00025    7.54527   10.78295  328.73630   16.84816 3.6382e-02     0.5674     5.6292    24.4894 0.0000e+00
        656 109.941433    0.04551     2.7303    163.819    108.036  51334.880    31.4838     3.3125    107.000     3.3066    25.0531     4.1215     5.8900     54.625    179.567    184.066   -0.00009    7.54513   10.78274  328.72963   16.84783 3.6382e-02     0.6142     5.6004    24.6571 0.0000e+00
