CTD-processing/allCTD/CNV/2017_04-18_t6_s12_cast081_4141.cnv
* Sea-Bird SBE19plus Data File:
* FileName = P:\My Documents\kasitsna\Research-KBL\Oceanography-AK\CTD-Data-ALL-to-2017-02\2017-CTD-KachemakBay-CookInlet\2017-04-18-CookInlet-Tran6-Douglas\2017-04-18-CookInlet-Tran6-cast081.hex
* Software Version 1.59
* Temperature SN =  4141
* Conductivity SN =  4141
* System UpLoad Time = Apr 18 2017 22:59:51
** Cook Inlet LTM Transect 6 Douglas east to west
** Date: (YYYY-MM-DD): 2017-04-18
** Station: (eg. 9-01): 6-12
** Start time (AKDT): 16:16
** Depth (m): 140.2
** Comment: R/V Alaska Dreamcatcher
** Comment:
# nquan = 27
# nvalues = 138                         
# units = specified
# name 0 = scan: Scan Count
# name 1 = timeJ: Julian Days
# name 2 = timeH: Time, Elapsed [hours]
# name 3 = timeM: Time, Elapsed [minutes]
# name 4 = timeS: Time, Elapsed [seconds]
# name 5 = prdM: Pressure, Strain Gauge [db]
# name 6 = specc: Specific Conductance [uS/cm]
# name 7 = sal00: Salinity, Practical [PSU]
# name 8 = tv290C: Temperature [ITS-90, deg C]
# name 9 = depSM: Depth [salt water, m], lat = 59.00
# name 10 = potemp090C: Potential Temperature [ITS-90, deg C]
# name 11 = sigma-é00: Density [sigma-theta, kg/m^3]
# name 12 = sbeox0ML/L: Oxygen, SBE 43 [ml/l]
# name 13 = sbeox0Mg/L: Oxygen, SBE 43 [mg/l]
# name 14 = sbeox0PS: Oxygen, SBE 43 [% saturation]
# name 15 = sbox0Mm/Kg: Oxygen, SBE 43 [umol/kg]
# name 16 = sbeox0Mm/L: Oxygen, SBE 43 [umol/l]
# name 17 = sbox0dV/dT: Oxygen, SBE 43 [dov/dt]
# name 18 = oxsolML/L: Oxygen Saturation, Garcia & Gordon [ml/l]
# name 19 = oxsolMg/L: Oxygen Saturation, Garcia & Gordon [mg/l]
# name 20 = oxsolMm/Kg: Oxygen Saturation, Garcia & Gordon [umol/kg]
# name 21 = n2satMg/L: Nitrogen Saturation [mg/l]
# name 22 = par: PAR/Irradiance, Biospherical/Licor
# name 23 = wetStar: Fluorescence, WET Labs WETstar [mg/m^3]
# name 24 = CStarAt0: Beam Attenuation, WET Labs C-Star [1/m]
# name 25 = CStarTr0: Beam Transmission, WET Labs C-Star [%]
# name 26 = flag: flag
# span 0 =         51,        753       
# span 1 = 108.677921, 108.679954       
# span 2 =    0.00345,    0.05221       
# span 3 =     0.2069,     3.1329       
# span 4 =     12.413,    187.974       
# span 5 =      1.004,    139.253       
# span 6 =  51583.737,  51908.364       
# span 7 =    32.1481,    32.3271       
# span 8 =     5.1819,     5.2986       
# span 9 =      1.000,    138.000       
# span 10 =     5.1836,     5.2897      
# span 11 =    25.3948,    25.5256      
# span 12 =     3.5632,     3.9498      
# span 13 =     5.0922,     5.6447      
# span 14 =     49.640,     55.229      
# span 15 =    155.191,    172.008      
# span 16 =    159.133,    176.399      
# span 17 =   -0.00152,    0.00386      
# span 18 =    7.15002,    7.17813      
# span 19 =   10.21809,   10.25827      
# span 20 =  311.37318,  312.63409      
# span 21 =   16.01876,   16.07951      
# span 22 = 3.6382e-02, 4.7236e+01      
# span 23 =     0.4450,     2.1512      
# span 24 =     0.2844,     1.3629      
# span 25 =    73.0484,    93.1380      
# span 26 = 0.0000e+00, 0.0000e+00      
# interval = meters: 1                  
# start_time = Apr 18 2017 16:16:00 [Instrument's time stamp, header]
# bad_flag = -9.990e-29
*END*
[from data line 108]
        652 108.679662    0.04523     2.7139    162.834    110.054  51866.573    32.3146     5.2979    109.000     5.2894    25.5145     3.9280     5.6135     54.932    171.058    175.423    0.00069    7.15057   10.21888  311.39937   16.02005 3.6382e-02     1.8211     0.3316    92.0437 0.0000e+00
        656 108.679674    0.04550     2.7300    163.799    111.075  51868.298    32.3152     5.2975    110.000     5.2887    25.5150     3.9263     5.6111     54.909    170.986    175.348    0.00039    7.15062   10.21894  311.40105   16.02012 3.6382e-02     1.9460     0.3310    92.0570 0.0000e+00
        659 108.679683    0.04571     2.7432    164.589    112.086  51869.512    32.3154     5.2970    111.000     5.2884    25.5152     3.9246     5.6088     54.885    170.915    175.276   -0.00013    7.15068   10.21904  311.40377   16.02025 3.6382e-02     1.7628     0.3300    92.0810 0.0000e+00
        662 108.679690    0.04590     2.7543    165.255    113.080  51871.623    32.3164     5.2968    112.000     5.2881    25.5160     3.9276     5.6128     54.925    171.040    175.404    0.00010    7.15067   10.21902  311.40316   16.02022 3.6382e-02     2.0090     0.3445    91.7469 0.0000e+00
        665 108.679700    0.04613     2.7679    166.075    114.091  51872.796    32.3166     5.2965    113.000     5.2879    25.5163     3.9313     5.6181     54.977    171.201    175.570    0.00049    7.15070   10.21907  311.40428   16.02027 3.6382e-02     1.7207     0.3472    91.6867 0.0000e+00
        669 108.679712    0.04642     2.7850    167.102    115.116  51873.382    32.3165     5.2966    114.000     5.2880    25.5162     3.9316     5.6187     54.983    171.218    175.587    0.00047    7.15069   10.21906  311.40401   16.02026 3.6382e-02     1.8766     0.3276    92.1372 0.0000e+00
        673 108.679721    0.04665     2.7989    167.934    116.122  51874.859    32.3171     5.2969    115.000     5.2880    25.5167     3.9298     5.6160     54.957    171.138    175.505   -0.00009    7.15062   10.21895  311.40083   16.02011 3.6382e-02     1.8172     0.3316    92.0440 0.0000e+00
        676 108.679730    0.04685     2.8109    168.656    117.125  51875.873    32.3174     5.2969    116.000     5.2881    25.5168     3.9328     5.6204     55.000    171.269    175.640    0.00018    7.15061   10.21893  311.40024   16.02008 3.6382e-02     1.7968     0.3336    91.9985 0.0000e+00
        679 108.679739    0.04706     2.8237    169.424    118.132  51877.296    32.3178     5.2970    117.000     5.2881    25.5172     3.9370     5.6265     55.060    171.454    175.828    0.00067    7.15057   10.21887  311.39825   16.01998 3.6382e-02     1.5743     0.3360    91.9447 0.0000e+00
        682 108.679749    0.04731     2.8384    170.307    119.145  51878.727    32.3183     5.2971    118.000     5.2879    25.5176     3.9347     5.6232     55.027    171.354    175.727    0.00030    7.15054   10.21884  311.39689   16.01991 3.6382e-02     1.6685     0.3283    92.1207 0.0000e+00
        686 108.679760    0.04757     2.8541    171.244    120.158  51882.054    32.3202     5.2969    119.000     5.2878    25.5190     3.9296     5.6159     54.956    171.132    175.499   -0.00057    7.15047   10.21874  311.39362   16.01975 3.6382e-02     1.8273     0.3220    92.2649 0.0000e+00
        690 108.679771    0.04784     2.8703    172.220    121.168  51882.050    32.3196     5.2971    120.000     5.2879    25.5186     3.9363     5.6254     55.049    171.421    175.795    0.00013    7.15048   10.21873  311.39366   16.01976 3.6382e-02     1.7782     0.3211    92.2879 0.0000e+00
        694 108.679782    0.04810     2.8856    173.136    122.184  51882.206    32.3192     5.2969    121.000     5.2874    25.5183     3.9369     5.6263     55.058    171.450    175.824    0.00040    7.15052   10.21881  311.39586   16.01987 3.6382e-02     1.5905     0.3229    92.2451 0.0000e+00
        697 108.679791    0.04831     2.8985    173.910    123.186  51883.820    32.3197     5.2965    122.000     5.2870    25.5188     3.9350     5.6236     55.031    171.365    175.739   -0.00017    7.15057   10.21887  311.39759   16.01994 3.6382e-02     1.7441     0.3282    92.1231 0.0000e+00
        700 108.679800    0.04853     2.9121    174.726    124.191  51884.306    32.3195     5.2963    123.000     5.2874    25.5187     3.9391     5.6293     55.087    171.541    175.918    0.00028    7.15060   10.21892  311.39935   16.02002 3.6382e-02     1.6707     0.3360    91.9431 0.0000e+00
        704 108.679812    0.04882     2.9289    175.733    125.211  51885.199    32.3199     5.2971    124.000     5.2875    25.5188     3.9399     5.6304     55.100    171.575    175.954    0.00036    7.15046   10.21873  311.39328   16.01975 3.6382e-02     1.6296     0.3222    92.2616 0.0000e+00
        708 108.679822    0.04907     2.9442    176.652    126.227  51885.704    32.3196     5.2968    125.000     5.2873    25.5187     3.9384     5.6284     55.079    171.512    175.890   -0.00006    7.15051   10.21879  311.39525   16.01983 3.6382e-02     1.7711     0.3268    92.1554 0.0000e+00
        711 108.679831    0.04928     2.9563    177.375    127.229  51884.566    32.3183     5.2968    126.000     5.2869    25.5177     3.9421     5.6336     55.130    171.673    176.054    0.00030    7.15058   10.21888  311.39846   16.02000 3.6382e-02     1.8096     0.3307    92.0664 0.0000e+00
        713 108.679839    0.04947     2.9686    178.114    128.229  51888.206    32.3204     5.2972    127.000     5.2880    25.5194     3.9449     5.6376     55.170    171.794    176.178    0.00054    7.15041   10.21865  311.39065   16.01961 3.6382e-02     1.7918     0.3303    92.0736 0.0000e+00
        717 108.679851    0.04974     2.9848    179.088    129.248  51889.189    32.3207     5.2977    128.000     5.2883    25.5195     3.9467     5.6402     55.196    171.873    176.259    0.00066    7.15031   10.21851  311.38638   16.01940 3.6382e-02     1.7738     0.3401    91.8498 0.0000e+00
        721 108.679862    0.05002     3.0013    180.076    130.264  51889.565    32.3207     5.2986    129.000     5.2886    25.5194     3.9372     5.6267     55.065    171.462    175.837   -0.00068    7.15015   10.21827  311.37930   16.01907 3.6382e-02     1.7642     0.3497    91.6328 0.0000e+00
        724 108.679871    0.05024     3.0146    180.874    131.266  51889.476    32.3200     5.2979    130.000     5.2875    25.5189     3.9378     5.6275     55.072    171.487    175.864   -0.00071    7.15031   10.21850  311.38637   16.01940 3.6382e-02     1.6328     0.3378    91.9028 0.0000e+00
        728 108.679880    0.05047     3.0281    181.684    132.275  51892.739    32.3216     5.2975    131.000     5.2877    25.5203     3.9438     5.6361     55.156    171.747    176.130    0.00015    7.15031   10.21851  311.38618   16.01939 3.6382e-02     1.8925     0.3330    92.0128 0.0000e+00
        731 108.679891    0.05072     3.0434    182.606    133.291  51896.765    32.3241     5.2984    132.000     5.2888    25.5222     3.9457     5.6389     55.185    171.831    176.217    0.00041    7.15002   10.21809  311.37318   16.01876 3.6382e-02     1.8915     0.3322    92.0314 0.0000e+00
        735 108.679902    0.05097     3.0583    183.498    134.302  51891.197    32.3197     5.2979    133.000     5.2830    25.5187     3.9404     5.6312     55.108    171.598    175.977   -0.00032    7.15033   10.21853  311.38744   16.01946 3.6382e-02     1.7085     0.3254    92.1882 0.0000e+00
        738 108.679910    0.05119     3.0714    184.287    135.308  51900.575    32.3242     5.2914    134.000     5.2798    25.5231     3.9429     5.6348     55.136    171.707    176.090   -0.00042    7.15121   10.21979  311.42461   16.02121 3.6382e-02     1.6303     0.3377    91.9043 0.0000e+00
        741 108.679920    0.05142     3.0850    185.102    136.314  51903.430    32.3253     5.2895    135.000     5.2783    25.5241     3.9462     5.6395     55.180    171.851    176.237    0.00019    7.15149   10.22019  311.43638   16.02177 3.6382e-02     1.6752     0.3361    91.9406 0.0000e+00
        745 108.679931    0.05168     3.1005    186.029    137.329  51905.005    32.3257     5.2885    136.000     5.2779    25.5246     3.9498     5.6447     55.229    172.008    176.399    0.00052    7.15164   10.22041  311.44288   16.02208 3.6382e-02     1.6332     0.3352    91.9619 0.0000e+00
        749 108.679942    0.05193     3.1162    186.970    138.333  51906.151    32.3259     5.2884    137.000     5.2779    25.5248     3.9467     5.6402     55.186    171.871    176.257   -0.00003    7.15164   10.22041  311.44300   16.02208 3.6382e-02     1.5458     0.3265    92.1609 0.0000e+00
        753 108.679954    0.05221     3.1329    187.974    139.253  51908.364    32.3271     5.2882    138.000     5.2775    25.5256     3.9430     5.6347     55.133    171.705    176.089   -0.00098    7.15162   10.22037  311.44152   16.02200 3.6382e-02     1.7131     0.3357    91.9505 0.0000e+00
