CTD-processing/allCTD/CNV/2017_04-19_t3_s10_cast128_4141.cnv
* Sea-Bird SBE19plus Data File:
* FileName = P:\My Documents\kasitsna\Research-KBL\Oceanography-AK\CTD-Data-ALL-to-2017-02\2017-CTD-KachemakBay-CookInlet\2017-04-19-CookInlet-Tran3-AnchorPt\2017-04-19-CookInlet-Tran3-cast128.hex
* Software Version 1.59
* Temperature SN =  4141
* Conductivity SN =  4141
* System UpLoad Time = Apr 20 2017 00:35:29
** Cook Inlet LTM Transect 3 Anchor Pt east to west
** Date: 2017-04-19
** Station: (eg. 9-01): 3-10
** Start time (AKDT): 21:23
** Depth (m): 49.4
** Comment: R/V Alaska Dreamcatcher
** Comment:
# nquan = 27
# nvalues = 49                          
# units = specified
# name 0 = scan: Scan Count
# name 1 = timeJ: Julian Days
# name 2 = timeH: Time, Elapsed [hours]
# name 3 = timeM: Time, Elapsed [minutes]
# name 4 = timeS: Time, Elapsed [seconds]
# name 5 = prdM: Pressure, Strain Gauge [db]
# name 6 = specc: Specific Conductance [uS/cm]
# name 7 = sal00: Salinity, Practical [PSU]
# name 8 = tv290C: Temperature [ITS-90, deg C]
# name 9 = depSM: Depth [salt water, m], lat = 59.00
# name 10 = potemp090C: Potential Temperature [ITS-90, deg C]
# name 11 = sigma-é00: Density [sigma-theta, kg/m^3]
# name 12 = sbeox0ML/L: Oxygen, SBE 43 [ml/l]
# name 13 = sbeox0Mg/L: Oxygen, SBE 43 [mg/l]
# name 14 = sbeox0PS: Oxygen, SBE 43 [% saturation]
# name 15 = sbox0Mm/Kg: Oxygen, SBE 43 [umol/kg]
# name 16 = sbeox0Mm/L: Oxygen, SBE 43 [umol/l]
# name 17 = sbox0dV/dT: Oxygen, SBE 43 [dov/dt]
# name 18 = oxsolML/L: Oxygen Saturation, Garcia & Gordon [ml/l]
# name 19 = oxsolMg/L: Oxygen Saturation, Garcia & Gordon [mg/l]
# name 20 = oxsolMm/Kg: Oxygen Saturation, Garcia & Gordon [umol/kg]
# name 21 = n2satMg/L: Nitrogen Saturation [mg/l]
# name 22 = par: PAR/Irradiance, Biospherical/Licor
# name 23 = wetStar: Fluorescence, WET Labs WETstar [mg/m^3]
# name 24 = CStarAt0: Beam Attenuation, WET Labs C-Star [1/m]
# name 25 = CStarTr0: Beam Transmission, WET Labs C-Star [%]
# name 26 = flag: flag
# span 0 =         82,        426       
# span 1 = 109.891393, 109.892387       
# span 2 =    0.00564,    0.02952       
# span 3 =     0.3386,     1.7713       
# span 4 =     20.318,    106.279       
# span 5 =      1.014,     49.430       
# span 6 =  51234.883,  51408.669       
# span 7 =    31.5777,    31.6837       
# span 8 =     3.6768,     3.7927       
# span 9 =      1.000,     49.000       
# span 10 =     3.6761,     3.7891      
# span 11 =    25.0887,    25.1692      
# span 12 =     3.5782,     3.8499      
# span 13 =     5.1136,     5.5018      
# span 14 =     47.959,     51.700      
# span 15 =    155.887,    167.713      
# span 16 =    159.802,    171.934      
# span 17 =   -0.00018,    0.00381      
# span 18 =    7.44662,    7.47026      
# span 19 =   10.64196,   10.67575      
# span 20 =  324.40191,  325.44088      
# span 21 =   16.64133,   16.69092      
# span 22 = 3.6353e-02, 9.2017e+00      
# span 23 =     0.2749,     0.6883      
# span 24 =     1.0674,     1.6448      
# span 25 =    67.1562,    76.6210      
# span 26 = 0.0000e+00, 0.0000e+00      
# interval = meters: 1                  
# start_time = Apr 19 2017 21:23:16 [Instrument's time stamp, header]
# bad_flag = -9.990e-29
*END*
         82 109.891393    0.00564     0.3386     20.318      1.014  51293.136    31.6152     3.7298      1.000     3.7385    25.1198     3.5911     5.1321     48.130    156.450    160.380    0.00051    7.46137   10.66304  325.05919   16.67284 9.2017e+00     0.2749     1.6448    67.1562 0.0000e+00
        244 109.891862    0.01690     1.0142     60.852      2.024  51267.185    31.5983     3.7369      2.000     3.7456    25.1058     3.5782     5.1136     47.959    155.887    159.802   -0.00018    7.46096   10.66245  325.04561   16.67226 5.9792e+00     0.5919     1.0674    76.6210 0.0000e+00
        252 109.891883    0.01742     1.0451     62.706      3.028  51234.883    31.5777     3.7443      3.000     3.7345    25.0887     3.5815     5.1183     48.005    156.035    159.949    0.00028    7.46065   10.66200  325.03751   16.67196 4.1430e+00     0.5689     1.0866    76.2125 0.0000e+00
        255 109.891893    0.01765     1.0592     63.551      4.037  51272.389    31.5992     3.7304      4.000     3.7307    25.1071     3.5839     5.1218     48.029    156.139    160.060    0.00039    7.46208   10.66406  325.09432   16.67458 2.9820e+00     0.6065     1.1105    75.7572 0.0000e+00
        259 109.891903    0.01790     1.0737     64.421      5.046  51275.380    31.6011     3.7317      5.000     3.7276    25.1085     3.5833     5.1209     48.023    156.111    160.030    0.00025    7.46175   10.66359  325.07958   16.67386 2.2253e+00     0.5986     1.1016    75.9256 0.0000e+00
        262 109.891914    0.01814     1.0886     65.317      6.055  51272.031    31.5945     3.7166      6.000     3.6983    25.1047     3.5850     5.1234     48.026    156.189    160.110    0.00001    7.46486   10.66803  325.21604   16.68038 1.6538e+00     0.6162     1.1121    75.7290 0.0000e+00
        266 109.891924    0.01840     1.1039     66.233      7.069  51306.860    31.6098     3.6845      7.000     3.6761    25.1198     3.5924     5.1339     48.091    156.505    160.436    0.00051    7.46995   10.67531  325.43305   16.69063 1.2390e+00     0.6883     1.1256    75.4743 0.0000e+00
        270 109.891935    0.01865     1.1188     67.127      8.075  51342.939    31.6320     3.6768      8.000     3.6791    25.1382     3.5964     5.1396     48.143    156.677    160.614    0.00075    7.47026   10.67575  325.44088   16.69092 9.5530e-01     0.5837     1.1347    75.3004 0.0000e+00
        273 109.891945    0.01890     1.1339     68.032      9.085  51345.659    31.6345     3.6818      9.000     3.6824    25.1397     3.5984     5.1425     48.178    156.766    160.707    0.00077    7.46920   10.67423  325.39412   16.68869 7.4009e-01     0.5739     1.1422    75.1598 0.0000e+00
        277 109.891955    0.01915     1.1487     68.923     10.096  51345.477    31.6344     3.6836     10.000     3.6835    25.1394     3.6040     5.1505     48.254    157.010    160.957    0.00116    7.46888   10.67378  325.38050   16.68803 5.7972e-01     0.5935     1.1487    75.0381 0.0000e+00
        280 109.891965    0.01939     1.1631     69.787     11.101  51349.300    31.6367     3.6848     11.000     3.6858    25.1413     3.6064     5.1538     48.287    157.109    161.059    0.00119    7.46854   10.67328  325.36479   16.68728 4.4835e-01     0.6098     1.1558    74.9054 0.0000e+00
        284 109.891975    0.01964     1.1785     70.709     12.113  51349.135    31.6367     3.6873     12.000     3.6877    25.1410     3.6099     5.1589     48.337    157.264    161.218    0.00112    7.46808   10.67263  325.34489   16.68633 3.4893e-01     0.6026     1.1513    74.9889 0.0000e+00
        288 109.891987    0.01991     1.1949     71.696     13.125  51365.817    31.6488     3.6920     13.000     3.6974    25.1501     3.6135     5.1641     48.396    157.420    161.379    0.00123    7.46661   10.67054  325.27812   16.68312 2.7156e-01     0.5630     1.1346    75.3024 0.0000e+00
        292 109.891998    0.02018     1.2109     72.653     14.131  51355.138    31.6434     3.7018     14.000     3.7015    25.1450     3.6204     5.1740     48.498    157.723    161.688    0.00168    7.46508   10.66834  325.21307   16.68004 2.1259e-01     0.5611     1.1418    75.1666 0.0000e+00
        295 109.892009    0.02045     1.2270     73.618     15.143  51373.734    31.6566     3.7062     15.000     3.7124    25.1550     3.6265     5.1827     48.589    157.986    161.960    0.00188    7.46362   10.66626  325.14633   16.67681 1.6767e-01     0.5867     1.1425    75.1543 0.0000e+00
        299 109.892020    0.02071     1.2426     74.555     16.151  51361.123    31.6503     3.7179     16.000     3.7158    25.1491     3.6316     5.1899     48.669    158.207    162.186    0.00206    7.46180   10.66366  325.06884   16.67315 1.3282e-01     0.6832     1.1523    74.9699 0.0000e+00
        303 109.892031    0.02097     1.2585     75.508     17.160  51342.032    31.6352     3.7110     17.000     3.7038    25.1376     3.6369     5.1975     48.727    158.442    162.425    0.00174    7.46384   10.66657  325.16121   16.67761 1.0646e-01     0.5787     1.1379    75.2406 0.0000e+00
        307 109.892043    0.02125     1.2749     76.492     18.171  51384.772    31.6623     3.7054     18.000     3.7151    25.1597     3.6478     5.2131     48.876    158.915    162.913    0.00253    7.46346   10.66603  325.13777   16.67639 8.5732e-02     0.5774     1.1306    75.3781 0.0000e+00
        311 109.892054    0.02152     1.2909     77.454     19.180  51387.674    31.6695     3.7283     19.000     3.7342    25.1632     3.6478     5.2130     48.905    158.911    162.909    0.00198    7.45893   10.65955  324.93913   16.66691 7.0228e-02     0.5781     1.1446    75.1153 0.0000e+00
        315 109.892065    0.02178     1.3067     78.403     20.191  51374.666    31.6623     3.7374     20.000     3.7376    25.1567     3.6571     5.2264     49.039    159.320    163.328    0.00246    7.45763   10.65769  324.88457   16.66434 5.8467e-02     0.6045     1.1514    74.9876 0.0000e+00
        318 109.892076    0.02204     1.3224     79.343     21.198  51376.218    31.6635     3.7401     21.000     3.7403    25.1575     3.6647     5.2372     49.143    159.647    163.663    0.00252    7.45708   10.65692  324.86064   16.66321 5.0440e-02     0.5900     1.1614    74.8002 0.0000e+00
        322 109.892087    0.02231     1.3385     80.312     22.208  51381.894    31.6677     3.7438     22.000     3.7458    25.1605     3.6762     5.2536     49.304    160.151    164.180    0.00315    7.45618   10.65562  324.82025   16.66127 4.4299e-02     0.5574     1.1550    74.9212 0.0000e+00
        326 109.892098    0.02258     1.3548     81.289     23.219  51380.853    31.6682     3.7507     23.000     3.7504    25.1603     3.6820     5.2619     49.390    160.402    164.438    0.00290    7.45490   10.65380  324.76484   16.65863 3.9837e-02     0.5500     1.1370    75.2574 0.0000e+00
        330 109.892109    0.02285     1.3708     82.246     24.226  51378.227    31.6660     3.7510     24.000     3.7507    25.1585     3.6914     5.2754     49.516    160.813    164.859    0.00303    7.45496   10.65388  324.76758   16.65877 3.6788e-02     0.5637     1.1481    75.0482 0.0000e+00
        334 109.892120    0.02311     1.3867     83.200     25.240  51376.220    31.6650     3.7542     25.000     3.7515    25.1573     3.6966     5.2828     49.589    161.039    165.090    0.00280    7.45443   10.65313  324.74513   16.65771 3.6353e-02     0.5808     1.1476    75.0580 0.0000e+00
        338 109.892131    0.02337     1.4023     84.137     26.246  51379.648    31.6662     3.7519     26.000     3.7506    25.1585     3.7051     5.2949     49.701    161.407    165.468    0.00280    7.45479   10.65363  324.76019   16.65842 3.6382e-02     0.5434     1.1520    74.9758 0.0000e+00
        341 109.892142    0.02364     1.4185     85.112     27.256  51380.648    31.6665     3.7525     27.000     3.7511    25.1587     3.7121     5.3050     49.796    161.714    165.783    0.00272    7.45464   10.65343  324.75400   16.65812 3.6382e-02     0.5398     1.1488    75.0368 0.0000e+00
        345 109.892154    0.02392     1.4351     86.103     28.267  51379.061    31.6649     3.7524     28.000     3.7500    25.1574     3.7171     5.3122     49.863    161.933    166.007    0.00252    7.45477   10.65361  324.75975   16.65840 3.6382e-02     0.5748     1.1363    75.2709 0.0000e+00
        349 109.892165    0.02419     1.4511     87.065     29.277  51382.033    31.6662     3.7518     29.000     3.7506    25.1586     3.7244     5.3225     49.959    162.247    166.329    0.00237    7.45481   10.65367  324.76131   16.65848 3.6382e-02     0.5436     1.1322    75.3474 0.0000e+00
        353 109.892176    0.02445     1.4668     88.008     30.285  51387.536    31.6701     3.7542     30.000     3.7539    25.1615     3.7410     5.3462     50.187    162.971    167.071    0.00354    7.45417   10.65275  324.73231   16.65708 3.6382e-02     0.5820     1.1348    75.2995 0.0000e+00
        357 109.892187    0.02471     1.4828     88.967     31.295  51382.085    31.6662     3.7557     31.000     3.7532    25.1582     3.7452     5.3523     50.244    163.157    167.261    0.00324    7.45408   10.65263  324.72957   16.65697 3.6382e-02     0.5803     1.1326    75.3421 0.0000e+00
        361 109.892198    0.02498     1.4988     89.925     32.304  51384.545    31.6672     3.7553     32.000     3.7533    25.1591     3.7446     5.3513     50.234    163.126    167.230    0.00203    7.45411   10.65267  324.73067   16.65702 3.6382e-02     0.5906     1.1315    75.3613 0.0000e+00
        365 109.892210    0.02525     1.5146     90.877     33.314  51389.138    31.6699     3.7556     33.000     3.7552    25.1612     3.7509     5.3605     50.322    163.405    167.516    0.00208    7.45392   10.65240  324.72204   16.65659 3.6382e-02     0.6067     1.1168    75.6403 0.0000e+00
        368 109.892220    0.02551     1.5306     91.837     34.323  51389.551    31.6706     3.7591     34.000     3.7585    25.1614     3.7578     5.3704     50.419    163.707    167.826    0.00224    7.45324   10.65142  324.69196   16.65516 3.6382e-02     0.5529     1.0878    76.1899 0.0000e+00
        372 109.892232    0.02578     1.5467     92.804     35.333  51393.265    31.6735     3.7629     35.000     3.7627    25.1634     3.7611     5.3750     50.469    163.850    167.973    0.00207    7.45240   10.65023  324.65481   16.65338 3.6382e-02     0.5567     1.1113    75.7425 0.0000e+00
        376 109.892243    0.02605     1.5631     93.785     36.344  51402.758    31.6807     3.7681     36.000     3.7715    25.1686     3.7670     5.3834     50.556    164.102    168.232    0.00194    7.45109   10.64836  324.59628   16.65056 3.6382e-02     0.5961     1.1355    75.2865 0.0000e+00
        380 109.892254    0.02632     1.5793     94.760     37.352  51397.355    31.6792     3.7788     37.000     3.7782    25.1664     3.7896     5.4157     50.873    165.089    169.244    0.00381    7.44921   10.64567  324.51504   16.64671 3.6382e-02     0.5807     1.1337    75.3201 0.0000e+00
        384 109.892266    0.02659     1.5953     95.719     38.363  51389.185    31.6734     3.7801     38.000     3.7757    25.1618     3.7841     5.4079     50.798    164.850    168.998    0.00281    7.44926   10.64574  324.51868   16.64691 3.6382e-02     0.5685     1.1583    74.8576 0.0000e+00
        388 109.892276    0.02685     1.6110     96.657     39.373  51396.011    31.6768     3.7773     39.000     3.7755    25.1648     3.7843     5.4082     50.800    164.860    169.009    0.00129    7.44961   10.64624  324.53264   16.64756 3.6382e-02     0.5730     1.1595    74.8351 0.0000e+00
        391 109.892287    0.02710     1.6262     97.570     40.381  51396.645    31.6772     3.7789     40.000     3.7774    25.1649     3.8002     5.4309     51.014    165.551    169.717    0.00290    7.44929   10.64578  324.51872   16.64690 3.6382e-02     0.6171     1.1551    74.9164 0.0000e+00
        395 109.892297    0.02736     1.6415     98.488     41.390  51396.309    31.6768     3.7805     41.000     3.7779    25.1644     3.8031     5.4351     51.057    165.680    169.850    0.00242    7.44902   10.64539  324.50707   16.64635 3.6382e-02     0.5810     1.1573    74.8779 0.0000e+00
        399 109.892308    0.02762     1.6573     99.440     42.401  51398.423    31.6778     3.7808     42.000     3.7788    25.1652     3.8097     5.4444     51.144    165.964    170.141    0.00230    7.44891   10.64525  324.50244   16.64612 3.6382e-02     0.5446     1.1522    74.9723 0.0000e+00
        403 109.892319    0.02789     1.6733    100.395     43.409  51395.420    31.6753     3.7811     43.000     3.7776    25.1632     3.8237     5.4644     51.332    166.574    170.766    0.00307    7.44900   10.64536  324.50647   16.64632 3.6382e-02     0.5864     1.1563    74.8947 0.0000e+00
        406 109.892330    0.02816     1.6893    101.358     44.421  51398.225    31.6764     3.7798     44.000     3.7771    25.1642     3.8277     5.4702     51.385    166.749    170.945    0.00284    7.44918   10.64563  324.51426   16.64669 3.6382e-02     0.5718     1.1506    75.0024 0.0000e+00
        410 109.892342    0.02842     1.7050    102.302     45.429  51407.009    31.6824     3.7819     45.000     3.7822    25.1687     3.8280     5.4705     51.392    166.759    170.956    0.00186    7.44848   10.64463  324.48245   16.64515 3.6382e-02     0.6208     1.1653    74.7284 0.0000e+00
        414 109.892352    0.02868     1.7209    103.256     46.438  51398.443    31.6772     3.7867     46.000     3.7826    25.1642     3.8352     5.4810     51.494    167.078    171.281    0.00213    7.44787   10.64375  324.45704   16.64396 3.6382e-02     0.6169     1.1725    74.5928 0.0000e+00
        418 109.892364    0.02896     1.7376    104.254     47.449  51403.749    31.6799     3.7850     47.000     3.7831    25.1665     3.8390     5.4863     51.543    167.241    171.450    0.00196    7.44806   10.64402  324.46463   16.64431 3.6382e-02     0.5711     1.1223    75.5344 0.0000e+00
        422 109.892376    0.02924     1.7542    105.251     48.459  51408.669    31.6837     3.7891     48.000     3.7880    25.1692     3.8434     5.4925     51.608    167.430    171.644    0.00166    7.44712   10.64267  324.42275   16.64231 3.6382e-02     0.6045     1.1839    74.3838 0.0000e+00
        426 109.892387    0.02952     1.7713    106.279     49.430  51403.689    31.6807     3.7927     49.000     3.7891    25.1665     3.8499     5.5018     51.700    167.713    171.934    0.00208    7.44662   10.64196  324.40191   16.64133 3.6382e-02     0.5918     1.2312    73.5051 0.0000e+00
