CTD-processing/allCTD/CNV/2017_08-24_alongbay_skb06_cast008_4141.cnv
* Sea-Bird SBE19plus Data File:
* FileName = C:\Users\Kim.Powell\Desktop\Not Processed\2017\2017_08\2017_08-24_TRANSECT_STATION_cast008.hex
* Software Version 1.59
* Temperature SN =  4141
* Conductivity SN =  4141
* System UpLoad Time = Sep 22 2017 08:26:52
** 2017_08-24
** Station: KB06
** Start Time: 15:35
** Depth (m): 102
** Comment: Edgecumbe
** Comment:
# nquan = 27
# nvalues = 101                         
# units = specified
# name 0 = scan: Scan Count
# name 1 = timeJ: Julian Days
# name 2 = timeH: Time, Elapsed [hours]
# name 3 = timeM: Time, Elapsed [minutes]
# name 4 = timeS: Time, Elapsed [seconds]
# name 5 = prdM: Pressure, Strain Gauge [db]
# name 6 = specc: Specific Conductance [uS/cm]
# name 7 = sal00: Salinity, Practical [PSU]
# name 8 = tv290C: Temperature [ITS-90, deg C]
# name 9 = depSM: Depth [salt water, m], lat = 59.00
# name 10 = potemp090C: Potential Temperature [ITS-90, deg C]
# name 11 = sigma-é00: Density [sigma-theta, kg/m^3]
# name 12 = sbeox0ML/L: Oxygen, SBE 43 [ml/l]
# name 13 = sbeox0Mg/L: Oxygen, SBE 43 [mg/l]
# name 14 = sbeox0PS: Oxygen, SBE 43 [% saturation]
# name 15 = sbox0Mm/Kg: Oxygen, SBE 43 [umol/kg]
# name 16 = sbeox0Mm/L: Oxygen, SBE 43 [umol/l]
# name 17 = sbox0dV/dT: Oxygen, SBE 43 [dov/dt]
# name 18 = oxsolML/L: Oxygen Saturation, Garcia & Gordon [ml/l]
# name 19 = oxsolMg/L: Oxygen Saturation, Garcia & Gordon [mg/l]
# name 20 = oxsolMm/Kg: Oxygen Saturation, Garcia & Gordon [umol/kg]
# name 21 = n2satMg/L: Nitrogen Saturation [mg/l]
# name 22 = par: PAR/Irradiance, Biospherical/Licor
# name 23 = wetStar: Fluorescence, WET Labs WETstar [mg/m^3]
# name 24 = CStarAt0: Beam Attenuation, WET Labs C-Star [1/m]
# name 25 = CStarTr0: Beam Transmission, WET Labs C-Star [%]
# name 26 = flag: flag
# span 0 =        150,        678       
# span 1 = 236.649933, 236.651461       
# span 2 =    0.01035,    0.04702       
# span 3 =     0.6209,     2.8212       
# span 4 =     37.253,    169.275       
# span 5 =      1.012,    101.972       
# span 6 =  46421.828,  49702.905       
# span 7 =    29.4837,    31.5214       
# span 8 =     9.3616,    11.3119       
# span 9 =      1.000,    101.000       
# span 10 =     9.3515,    11.2754      
# span 11 =    22.4303,    24.3410      
# span 12 =     2.3628,     2.5292      
# span 13 =     3.3767,     3.6144      
# span 14 =     37.108,     38.625      
# span 15 =    103.208,    110.268      
# span 16 =    105.523,    112.952      
# span 17 =   -0.00083,    0.00149      
# span 18 =    6.35826,    6.54844      
# span 19 =    9.08659,    9.35837      
# span 20 =  277.73033,  285.50380      
# span 21 =   14.42391,   14.78766      
# span 22 = 4.8367e-02, 7.6701e+01      
# span 23 =     0.2346,     3.2341      
# span 24 =     0.6033,     5.0064      
# span 25 =    28.6101,    85.9998      
# span 26 = 0.0000e+00, 0.0000e+00      
# interval = meters: 1                  
# start_time = Aug 24 2017 15:35:17 [Instrument's time stamp, header]
# bad_flag = -9.990e-29
*END*
[from data line 54]
        490 236.650916    0.03393     2.0358    122.149     55.525  49372.966    31.3771     9.8854     55.000     9.8562    24.1441     2.4826     3.5478     38.314    108.257    110.870    0.00007    6.47936    9.25965  282.54642   14.64680 4.8646e-02     0.3727     0.9541    78.7792 0.0000e+00
        493 236.650927    0.03419     2.0514    123.084     56.536  49401.841    31.3911     9.8396     56.000     9.8153    24.1624     2.4856     3.5521     38.326    108.386    111.004    0.00020    6.48530    9.26815  282.80045   14.65889 4.8672e-02     0.3700     0.9826    78.2194 0.0000e+00
        497 236.650938    0.03445     2.0670    124.020     57.547  49430.399    31.4071     9.8110     57.000     9.7990    24.1795     2.4891     3.5573     38.361    108.541    111.165    0.00024    6.48869    9.27299  282.94350   14.66567 4.8581e-02     0.3615     1.0159    77.5713 0.0000e+00
        501 236.650948    0.03470     2.0823    124.938     58.556  49441.729    31.4136     9.8033     58.000     9.7973    24.1859     2.4931     3.5628     38.416    108.710    111.339    0.00081    6.48952    9.27417  282.97792   14.66729 4.9156e-02     0.3547     1.0258    77.3787 0.0000e+00
        504 236.650959    0.03495     2.0971    125.828     59.566  49439.440    31.4118     9.8049     59.000     9.7956    24.1843     2.4903     3.5589     38.375    108.591    111.217    0.00014    6.48936    9.27395  282.97152   14.66699 4.8829e-02     0.3385     1.0233    77.4279 0.0000e+00
        508 236.650969    0.03520     2.1119    126.713     60.575  49440.473    31.4109     9.7963     60.000     9.7807    24.1850     2.4879     3.5554     38.330    108.485    111.108   -0.00045    6.49064    9.27577  283.02673   14.66963 4.8999e-02     0.3365     1.0240    77.4145 0.0000e+00
        511 236.650979    0.03545     2.1269    127.616     61.585  49453.974    31.4184     9.7831     61.000     9.7708    24.1929     2.4897     3.5581     38.350    108.566    111.193   -0.00027    6.49219    9.27799  283.09249   14.67275 4.8541e-02     0.3380     1.0351    77.1995 0.0000e+00
        515 236.650990    0.03569     2.1415    128.493     62.597  49454.793    31.4169     9.7708     62.000     9.7490    24.1937     2.4919     3.5612     38.372    108.661    111.290    0.00006    6.49402    9.28061  283.17204   14.67657 4.9231e-02     0.3301     1.0332    77.2370 0.0000e+00
        518 236.650999    0.03592     2.1552    129.315     63.604  49463.339    31.4189     9.7433     63.000     9.7176    24.1997     2.4953     3.5660     38.401    108.805    111.438    0.00022    6.49786    9.28610  283.33780   14.68448 4.8685e-02     0.3239     1.0620    76.6814 0.0000e+00
        522 236.651009    0.03615     2.1691    130.148     64.612  49492.762    31.4361     9.7201     64.000     9.7100    24.2169     2.4989     3.5712     38.442    108.963    111.601    0.00051    6.50044    9.28977  283.44550   14.68957 4.8825e-02     0.3200     1.0928    76.0944 0.0000e+00
        525 236.651019    0.03640     2.1838    131.028     65.622  49498.871    31.4395     9.7162     65.000     9.7086    24.2201     2.4985     3.5705     38.432    108.942    111.580    0.00036    6.50087    9.29039  283.46318   14.69039 4.8442e-02     0.3065     1.0938    76.0756 0.0000e+00
        529 236.651030    0.03666     2.1996    131.979     66.630  49499.802    31.4397     9.7157     66.000     9.7081    24.2204     2.4985     3.5706     38.433    108.943    111.582    0.00005    6.50093    9.29048  283.46593   14.69053 4.8832e-02     0.3016     1.0923    76.1038 0.0000e+00
        533 236.651043    0.03697     2.2185    133.112     67.642  49500.735    31.4397     9.7149     67.000     9.7076    24.2206     2.4985     3.5706     38.432    108.945    111.584    0.00010    6.50105    9.29065  283.47092   14.69077 4.8842e-02     0.3003     1.0901    76.1454 0.0000e+00
        538 236.651056    0.03730     2.2378    134.269     68.658  49500.796    31.4394     9.7150     68.000     9.7073    24.2204     2.4981     3.5701     38.426    108.926    111.565   -0.00017    6.50105    9.29065  283.47116   14.69078 4.8932e-02     0.3100     1.0828    76.2848 0.0000e+00
        542 236.651068    0.03757     2.2544    135.266     69.660  49500.712    31.4388     9.7143     69.000     9.7061    24.2201     2.5012     3.5745     38.473    109.063    111.705    0.00036    6.50117    9.29082  283.47647   14.69104 4.9139e-02     0.3067     1.0920    76.1083 0.0000e+00
        546 236.651080    0.03787     2.2720    136.318     70.673  49501.950    31.4391     9.7131     70.000     9.7034    24.2205     2.5002     3.5731     38.457    109.020    111.660    0.00004    6.50132    9.29103  283.48284   14.69134 4.8928e-02     0.3036     1.0938    76.0753 0.0000e+00
        550 236.651092    0.03815     2.2891    137.345     71.679  49490.049    31.4286     9.7003     71.000     9.6771    24.2144     2.5018     3.5753     38.468    109.088    111.730    0.00001    6.50360    9.29430  283.58415   14.69623 4.8630e-02     0.3019     1.1109    75.7508 0.0000e+00
        555 236.651105    0.03847     2.3081    138.487     72.693  49505.508    31.4343     9.6640     72.000     9.6382    24.2246     2.5052     3.5802     38.491    109.237    111.884    0.00023    6.50856    9.30138  283.79727   14.70640 4.8576e-02     0.3006     1.1802    74.4523 0.0000e+00
        560 236.651119    0.03879     2.3271    139.628     73.706  49539.072    31.4523     9.6249     73.000     9.6030    24.2450     2.5086     3.5851     38.515    109.383    112.035    0.00027    6.51340    9.30830  284.00277   14.71615 4.8818e-02     0.2951     1.2601    72.9770 0.0000e+00
        564 236.651130    0.03907     2.3440    140.639     74.709  49560.430    31.4635     9.5992     74.000     9.5839    24.2579     2.5092     3.5859     38.505    109.407    112.061    0.00006    6.51662    9.31291  284.13982   14.72266 4.8873e-02     0.2896     1.1629    74.7743 0.0000e+00
        568 236.651142    0.03936     2.3614    141.686     75.724  49570.381    31.4683     9.5862     75.000     9.5730    24.2636     2.5094     3.5863     38.499    109.418    112.073   -0.00013    6.51827    9.31526  284.21007   14.72601 4.9082e-02     0.2785     1.1124    75.7212 0.0000e+00
        572 236.651154    0.03965     2.3789    142.732     76.729  49574.559    31.4689     9.5722     76.000     9.5567    24.2664     2.5116     3.5893     38.519    109.510    112.167    0.00012    6.52027    9.31812  284.29650   14.73013 4.8612e-02     0.2662     1.1381    75.2383 0.0000e+00
        576 236.651167    0.03996     2.3976    143.855     77.744  49586.623    31.4754     9.5603     77.000     9.5504    24.2733     2.5109     3.5883     38.501    109.480    112.137   -0.00028    6.52171    9.32017  284.35727   14.73302 4.8980e-02     0.2618     1.1641    74.7508 0.0000e+00
        580 236.651179    0.04024     2.4145    144.871     78.750  49589.365    31.4766     9.5580     78.000     9.5488    24.2746     2.5137     3.5923     38.542    109.601    112.262    0.00027    6.52199    9.32058  284.36928   14.73359 4.8820e-02     0.2622     1.1841    74.3757 0.0000e+00
        585 236.651192    0.04055     2.4329    145.973     79.762  49590.500    31.4767     9.5561     79.000     9.5453    24.2751     2.5124     3.5905     38.521    109.546    112.205   -0.00008    6.52225    9.32094  284.38033   14.73412 4.8952e-02     0.2555     1.1917    74.2356 0.0000e+00
        589 236.651204    0.04084     2.4504    147.027     80.775  49587.186    31.4730     9.5491     80.000     9.5325    24.2733     2.5127     3.5907     38.516    109.553    112.212   -0.00015    6.52342    9.32262  284.43182   14.73659 4.8755e-02     0.2458     1.2345    73.4468 0.0000e+00
        593 236.651214    0.04108     2.4651    147.905     81.777  49595.306    31.4764     9.5354     81.000     9.5206    24.2782     2.5167     3.5966     38.569    109.732    112.396    0.00025    6.52525    9.32523  284.51026   14.74033 4.9020e-02     0.2556     1.3936    70.5860 0.0000e+00
        597 236.651226    0.04136     2.4816    148.899     82.791  49604.431    31.4812     9.5258     82.000     9.5146    24.2833     2.5161     3.5958     38.552    109.705    112.369    0.00011    6.52642    9.32691  284.55980   14.74268 4.9009e-02     0.2550     1.5225    68.3435 0.0000e+00
        601 236.651238    0.04165     2.4988    149.927     83.798  49608.623    31.4830     9.5213     83.000     9.5106    24.2856     2.5160     3.5957     38.548    109.702    112.367   -0.00014    6.52700    9.32772  284.58421   14.74384 4.8612e-02     0.2553     1.5354    68.1241 0.0000e+00
        605 236.651250    0.04195     2.5168    151.006     84.816  49608.939    31.4822     9.5169     84.000     9.5038    24.2856     2.5155     3.5950     38.537    109.682    112.345   -0.00009    6.52767    9.32869  284.61338   14.74524 4.9143e-02     0.2504     1.4867    68.9578 0.0000e+00
        609 236.651261    0.04220     2.5324    151.943     85.820  49612.936    31.4837     9.5096     85.000     9.4976    24.2879     2.5143     3.5932     38.512    109.627    112.289   -0.00057    6.52866    9.33010  284.65606   14.74728 4.8560e-02     0.2463     1.5158    68.4584 0.0000e+00
        612 236.651271    0.04246     2.5479    152.872     86.828  49615.086    31.4841     9.5045     86.000     9.4910    24.2890     2.5171     3.5971     38.550    109.746    112.412    0.00005    6.52936    9.33111  284.68630   14.74872 4.8747e-02     0.2504     1.5455    67.9514 0.0000e+00
        616 236.651283    0.04273     2.5639    153.837     87.841  49615.205    31.4822     9.4937     87.000     9.4745    24.2893     2.5180     3.5985     38.555    109.788    112.455    0.00003    6.53100    9.33346  284.75806   14.75216 4.9355e-02     0.2452     1.6455    66.2840 0.0000e+00
        620 236.651293    0.04299     2.5794    154.763     88.850  49617.293    31.4804     9.4725     88.000     9.4480    24.2913     2.5185     3.5991     38.543    109.808    112.476   -0.00020    6.53413    9.33793  284.89397   14.75867 4.8367e-02     0.2507     1.9291    61.7418 0.0000e+00
        624 236.651304    0.04324     2.5950    155.699     89.857  49639.414    31.4920     9.4473     89.000     9.4261    24.3045     2.5230     3.6056     38.594    110.002    112.676    0.00021    6.53728    9.34242  285.02739   14.76500 4.9039e-02     0.2480     2.1520    58.3882 0.0000e+00
        628 236.651316    0.04353     2.6118    156.710     90.871  49659.027    31.5028     9.4276     90.000     9.4120    24.3160     2.5229     3.6054     38.578    109.996    112.671    0.00019    6.53967    9.34584  285.12851   14.76979 4.8878e-02     0.2507     2.1802    57.9807 0.0000e+00
        632 236.651327    0.04380     2.6277    157.662     91.879  49663.510    31.5036     9.4134     91.000     9.3964    24.3188     2.5242     3.6074     38.587    110.056    112.731   -0.00009    6.54169    9.34873  285.21584   14.77396 4.9146e-02     0.2427     2.2366    57.1718 0.0000e+00
        636 236.651339    0.04408     2.6447    158.682     92.886  49670.472    31.5063     9.4010     92.000     9.3820    24.3230     2.5253     3.6090     38.594    110.103    112.781    0.00009    6.54338    9.35114  285.28806   14.77741 4.8949e-02     0.2426     2.3360    55.7691 0.0000e+00
        640 236.651352    0.04440     2.6641    159.846     93.900  49686.426    31.5138     9.3766     93.000     9.3603    24.3326     2.5241     3.6072     38.556    110.048    112.726   -0.00043    6.54659    9.35573  285.42539   14.78394 4.8986e-02     0.2346     2.7827    49.9942 0.0000e+00
        645 236.651366    0.04471     2.6827    160.962     94.910  49695.808    31.5186     9.3673     94.000     9.3555    24.3379     2.5282     3.6131     38.612    110.227    112.910    0.00020    6.54773    9.35735  285.47363   14.78622 4.9057e-02     0.2427     3.3945    42.8316 0.0000e+00
        649 236.651378    0.04501     2.7007    162.042     95.918  49699.099    31.5201     9.3640     95.000     9.3529    24.3395     2.5281     3.6129     38.608    110.223    112.906    0.00008    6.54814    9.35795  285.49118   14.78706 4.8977e-02     0.2540     3.5941    40.7250 0.0000e+00
        654 236.651391    0.04532     2.7188    163.131     96.931  49700.956    31.5207     9.3622     96.000     9.3515    24.3403     2.5273     3.6118     38.594    110.188    112.870   -0.00014    6.54838    9.35829  285.50135   14.78755 4.9119e-02     0.2497     3.7119    39.5356 0.0000e+00
        658 236.651402    0.04560     2.7358    164.146     97.939  49702.668    31.5214     9.3616     97.000     9.3515    24.3410     2.5255     3.6091     38.566    110.108    112.788   -0.00039    6.54844    9.35837  285.50380   14.78766 4.9182e-02     0.2529     3.9452    37.3058 0.0000e+00
        662 236.651414    0.04588     2.7531    165.186     98.949  49702.905    31.5212     9.3627     98.000     9.3528    24.3407     2.5265     3.6107     38.582    110.153    112.834   -0.00026    6.54829    9.35816  285.49741   14.78736 4.8823e-02     0.2583     4.3002    34.1301 0.0000e+00
        666 236.651426    0.04617     2.7702    166.209     99.957  49701.504    31.5200     9.3640     99.000     9.3540    24.3396     2.5292     3.6144     38.624    110.268    112.952    0.00029    6.54814    9.35795  285.49124   14.78707 4.9649e-02     0.2572     4.6710    31.1113 0.0000e+00
        671 236.651442    0.04655     2.7931    167.588    100.965  49701.651    31.5198     9.3654    100.000     9.3552    24.3392     2.5268     3.6110     38.588    110.163    112.844   -0.00017    6.54795    9.35769  285.48324   14.78668 4.9149e-02     0.2761     4.9593    28.9485 0.0000e+00
        678 236.651461    0.04702     2.8212    169.275    101.972  49700.728    31.5191     9.3675    101.000     9.3570    24.3383     2.5290     3.6143     38.625    110.263    112.946    0.00018    6.54768    9.35728  285.47138   14.78612 5.0829e-02     0.2811     5.0064    28.6101 0.0000e+00
