CTD-processing/allCTD/CNV/2017_10-20_alongbay_skb03_cast066_4141.cnv
* Sea-Bird SBE19plus Data File:
* FileName = C:\Users\Kim.Powell\Desktop\Not Processed\2017\2017_10-20_AlongBay\2017_10-20_AlongBay_STATION_cast066.hex
* Software Version 1.59
* Temperature SN =  4141
* Conductivity SN =  4141
* System UpLoad Time = Oct 20 2017 15:54:12
** 2017_10-20
** Station: KB03
** Start Time: 11:21
** Depth (m): 106.7
** Comment: Edgecumbe
** Comment:
# nquan = 27
# nvalues = 84                          
# units = specified
# name 0 = scan: Scan Count
# name 1 = timeJ: Julian Days
# name 2 = timeH: Time, Elapsed [hours]
# name 3 = timeM: Time, Elapsed [minutes]
# name 4 = timeS: Time, Elapsed [seconds]
# name 5 = prdM: Pressure, Strain Gauge [db]
# name 6 = specc: Specific Conductance [uS/cm]
# name 7 = sal00: Salinity, Practical [PSU]
# name 8 = tv290C: Temperature [ITS-90, deg C]
# name 9 = depSM: Depth [salt water, m], lat = 59.00
# name 10 = potemp090C: Potential Temperature [ITS-90, deg C]
# name 11 = sigma-é00: Density [sigma-theta, kg/m^3]
# name 12 = sbeox0ML/L: Oxygen, SBE 43 [ml/l]
# name 13 = sbeox0Mg/L: Oxygen, SBE 43 [mg/l]
# name 14 = sbeox0PS: Oxygen, SBE 43 [% saturation]
# name 15 = sbox0Mm/Kg: Oxygen, SBE 43 [umol/kg]
# name 16 = sbeox0Mm/L: Oxygen, SBE 43 [umol/l]
# name 17 = sbox0dV/dT: Oxygen, SBE 43 [dov/dt]
# name 18 = oxsolML/L: Oxygen Saturation, Garcia & Gordon [ml/l]
# name 19 = oxsolMg/L: Oxygen Saturation, Garcia & Gordon [mg/l]
# name 20 = oxsolMm/Kg: Oxygen Saturation, Garcia & Gordon [umol/kg]
# name 21 = n2satMg/L: Nitrogen Saturation [mg/l]
# name 22 = par: PAR/Irradiance, Biospherical/Licor
# name 23 = wetStar: Fluorescence, WET Labs WETstar [mg/m^3]
# name 24 = CStarAt0: Beam Attenuation, WET Labs C-Star [1/m]
# name 25 = CStarTr0: Beam Transmission, WET Labs C-Star [%]
# name 26 = flag: flag
# span 0 =        217,        788       
# span 1 = 293.473402, 293.475055       
# span 2 =    0.01498,    0.05464       
# span 3 =     0.8989,     3.2786       
# span 4 =     53.932,    196.716       
# span 5 =      1.018,     84.802       
# span 6 =  48326.823,  48812.290       
# span 7 =    30.5270,    30.9537       
# span 8 =     8.8831,     9.7653       
# span 9 =      1.000,     84.000       
# span 10 =     8.9795,     9.7567      
# span 11 =    23.6326,    23.8344      
# span 12 =     2.8918,     2.9644      
# span 13 =     4.1328,     4.2365      
# span 14 =     43.401,     45.062      
# span 15 =    126.168,    129.320      
# span 16 =    129.150,    132.391      
# span 17 =   -0.00135,    0.00092      
# span 18 =    6.51441,    6.66261      
# span 19 =    9.30974,    9.52154      
# span 20 =  284.16218,  290.68192      
# span 21 =   14.72582,   15.03909      
# span 22 = 3.6378e-02, 6.4172e+01      
# span 23 =     0.4388,     1.0630      
# span 24 =     0.4012,     0.6604      
# span 25 =    84.7812,    90.4569      
# span 26 = 0.0000e+00, 0.0000e+00      
# interval = meters: 1                  
# start_time = Oct 20 2017 11:20:48 [Instrument's time stamp, header]
# bad_flag = -9.990e-29
*END*
[from data line 54]
        651 293.474658    0.04513     2.7080    162.478     55.529  48676.818    30.8573     9.6563     55.000     9.6496    23.7752     2.9279     4.1842     44.810    127.722    130.759   -0.00026    6.53384    9.33751  285.02458   14.76743 1.6457e-01     0.7027     0.4259    89.8987 0.0000e+00
        654 293.474668    0.04537     2.7218    163.309     56.531  48671.270    30.8525     9.6526     56.000     9.6431    23.7720     2.9261     4.1817     44.779    127.646    130.681   -0.00056    6.53457    9.33856  285.05760   14.76902 1.4857e-01     0.6875     0.4259    89.8995 0.0000e+00
        658 293.474680    0.04564     2.7383    164.301     57.541  48679.262    30.8570     9.6474     57.000     9.6414    23.7764     2.9266     4.1823     44.782    127.664    130.699   -0.00053    6.53513    9.33936  285.08106   14.77013 1.3448e-01     0.6710     0.4318    89.7687 0.0000e+00
        663 293.474693    0.04597     2.7581    165.483     58.557  48673.234    30.8520     9.6446     58.000     9.6370    23.7729     2.9303     4.1878     44.836    127.832    130.871    0.00013    6.53575    9.34024  285.10867   14.77147 1.2197e-01     0.6442     0.4305    89.7967 0.0000e+00
        667 293.474706    0.04628     2.7767    166.605     59.565  48715.141    30.8820     9.6518     59.000     9.6621    23.7952     2.9290     4.1859     44.832    127.770    130.811    0.00015    6.53345    9.33696  285.00225   14.76626 1.1077e-01     0.6778     0.4280    89.8528 0.0000e+00
        672 293.474718    0.04657     2.7941    167.643     60.580  48713.328    30.8845     9.6847     60.000     9.6874    23.7920     2.9227     4.1768     44.767    127.494    130.527   -0.00065    6.52861    9.33003  284.79180   14.75618 1.0063e-01     0.7254     0.4362    89.6673 0.0000e+00
        675 293.474729    0.04683     2.8095    168.571     61.578  48727.073    30.8961     9.7031     61.000     9.7071    23.7982     2.9204     4.1736     44.754    127.394    130.426   -0.00060    6.52548    9.32557  284.65382   14.74954 9.1880e-02     0.6361     0.4509    89.3396 0.0000e+00
        680 293.474743    0.04717     2.8305    169.832     62.597  48740.417    30.9077     9.7235     62.000     9.7274    23.8040     2.9205     4.1736     44.778    127.395    130.428   -0.00028    6.52206    9.32068  284.50292   14.74228 8.4014e-02     0.6297     0.4674    88.9723 0.0000e+00
        685 293.474757    0.04750     2.8499    170.992     63.606  48758.743    30.9239     9.7522     63.000     9.7511    23.8120     2.9203     4.1733     44.808    127.386    130.419    0.00031    6.51727    9.31383  284.29162   14.73211 7.6460e-02     0.6040     0.5065    88.1067 0.0000e+00
        689 293.474769    0.04779     2.8670    172.019     64.610  48758.663    30.9246     9.7614     64.000     9.7554    23.8111     2.9169     4.1684     44.764    127.236    130.265   -0.00047    6.51592    9.31190  284.23292   14.72930 6.9902e-02     0.5996     0.5350    87.4813 0.0000e+00
        694 293.474782    0.04810     2.8856    173.136     65.627  48760.740    30.9258     9.7627     65.000     9.7555    23.8118     2.9180     4.1701     44.785    127.288    130.319   -0.00007    6.51568    9.31156  284.22236   14.72879 6.4131e-02     0.5566     0.5407    87.3559 0.0000e+00
        698 293.474794    0.04839     2.9034    174.205     66.633  48764.779    30.9282     9.7625     66.000     9.7554    23.8138     2.9137     4.1639     44.718    127.098    130.125   -0.00071    6.51561    9.31145  284.21864   14.72860 5.9167e-02     0.5021     0.5472    87.2147 0.0000e+00
        702 293.474806    0.04869     2.9214    175.284     67.643  48767.591    30.9298     9.7627     67.000     9.7554    23.8150     2.9166     4.1682     44.764    127.227    130.257   -0.00017    6.51552    9.31132  284.21430   14.72839 5.4512e-02     0.4963     0.5555    87.0335 0.0000e+00
        706 293.474819    0.04899     2.9393    176.360     68.655  48770.412    30.9314     9.7628     68.000     9.7554    23.8162     2.9186     4.1709     44.795    127.313    130.345    0.00026    6.51544    9.31122  284.21071   14.72821 5.1093e-02     0.4950     0.5626    86.8796 0.0000e+00
        710 293.474830    0.04927     2.9559    177.351     69.664  48773.115    30.9329     9.7629     69.000     9.7555    23.8174     2.9136     4.1638     44.719    127.095    130.121   -0.00058    6.51535    9.31110  284.20672   14.72801 4.7589e-02     0.4848     0.5739    86.6332 0.0000e+00
        714 293.474842    0.04953     2.9721    178.328     70.665  48774.687    30.9336     9.7631     70.000     9.7555    23.8180     2.9141     4.1645     44.726    127.114    130.141   -0.00048    6.51531    9.31102  284.20444   14.72790 4.5055e-02     0.5088     0.5706    86.7058 0.0000e+00
        719 293.474857    0.04989     2.9937    179.620     71.688  48780.387    30.9371     9.7632     71.000     9.7555    23.8207     2.9139     4.1643     44.725    127.107    130.135   -0.00026    6.51513    9.31077  284.19602   14.72748 4.2422e-02     0.4802     0.5709    86.6994 0.0000e+00
        724 293.474870    0.05020     3.0118    180.709     72.687  48782.938    30.9386     9.7633     72.000     9.7553    23.8219     2.9123     4.1620     44.702    127.038    130.064   -0.00050    6.51507    9.31068  284.19297   14.72733 4.0612e-02     0.4896     0.5781    86.5423 0.0000e+00
        729 293.474885    0.05057     3.0343    182.056     73.708  48787.741    30.9415     9.7632     73.000     9.7553    23.8242     2.9141     4.1646     44.729    127.116    130.144   -0.00008    6.51495    9.31053  284.18743   14.72705 3.8861e-02     0.4715     0.5838    86.4205 0.0000e+00
        734 293.474898    0.05087     3.0526    183.155     74.710  48790.106    30.9428     9.7635     74.000     9.7556    23.8251     2.9089     4.1570     44.650    126.887    129.911   -0.00065    6.51485    9.31038  284.18274   14.72683 3.7522e-02     0.5512     0.5960    86.1569 0.0000e+00
        738 293.474911    0.05120     3.0718    184.309     75.720  48792.677    30.9442     9.7640     75.000     9.7560    23.8262     2.9094     4.1579     44.659    126.911    129.935   -0.00062    6.51473    9.31020  284.17686   14.72654 3.6398e-02     0.5078     0.5974    86.1262 0.0000e+00
        743 293.474926    0.05155     3.0929    185.575     76.732  48794.375    30.9451     9.7645     76.000     9.7565    23.8268     2.9123     4.1620     44.704    127.037    130.064    0.00007    6.51462    9.31004  284.17176   14.72629 3.6378e-02     0.4773     0.5995    86.0821 0.0000e+00
        748 293.474938    0.05186     3.1115    186.691     77.745  48797.099    30.9466     9.7650     77.000     9.7567    23.8279     2.9095     4.1579     44.661    126.914    129.937   -0.00027    6.51449    9.30985  284.16590   14.72600 3.6382e-02     0.4821     0.6027    86.0133 0.0000e+00
        752 293.474950    0.05213     3.1279    187.672     78.750  48798.947    30.9475     9.7653     78.000     9.7566    23.8286     2.9064     4.1535     44.615    126.780    129.801   -0.00090    6.51441    9.30974  284.16218   14.72582 3.6382e-02     0.4884     0.6111    85.8332 0.0000e+00
        756 293.474964    0.05246     3.1478    188.866     79.756  48802.272    30.9493     9.7641     79.000     9.7548    23.8302     2.9064     4.1535     44.614    126.779    129.799   -0.00056    6.51450    9.30987  284.16572   14.72599 3.6382e-02     0.4763     0.6216    85.6073 0.0000e+00
        763 293.474982    0.05290     3.1735    190.411     80.780  48805.620    30.9510     9.7623     80.000     9.7529    23.8318     2.9087     4.1569     44.649    126.881    129.905    0.00004    6.51469    9.31014  284.17359   14.72636 3.6382e-02     0.5051     0.6235    85.5668 0.0000e+00
        767 293.474993    0.05317     3.1902    191.413     81.779  48808.263    30.9522     9.7610     81.000     9.7520    23.8331     2.9064     4.1535     44.611    126.777    129.798   -0.00039    6.51482    9.31032  284.17882   14.72660 3.6382e-02     0.4388     0.6460    85.0866 0.0000e+00
        771 293.475005    0.05345     3.2070    192.417     82.795  48809.406    30.9526     9.7608     82.000     9.7517    23.8334     2.9023     4.1477     44.550    126.600    129.618   -0.00090    6.51483    9.31034  284.17950   14.72663 3.6382e-02     0.4435     0.6518    84.9626 0.0000e+00
        775 293.475016    0.05372     3.2231    193.387     83.794  48810.420    30.9528     9.7605     83.000     9.7512    23.8337     2.9069     4.1541     44.618    126.798    129.820   -0.00018    6.51487    9.31040  284.18109   14.72671 3.6382e-02     0.4624     0.6604    84.7812 0.0000e+00
        788 293.475055    0.05464     3.2786    196.716     84.802  48812.290    30.9537     9.7604     84.000     9.7513    23.8344     2.9037     4.1496     44.570    126.660    129.679   -0.00013    6.51485    9.31037  284.17997   14.72665 3.6382e-02     0.4807     0.6565    84.8634 0.0000e+00
