CTD-processing/allCTD/CNV/2017_03-28_alongbay_skb08_cast054_4141.cnv
* Sea-Bird SBE19plus Data File:
* FileName = C:\Users\jwschloemer\Documents\CTD Data\2017_03_28_alongbay\2017_03_28_alongbay_cast054.hex
* Software Version 1.59
* Temperature SN =  4141
* Conductivity SN =  4141
* System UpLoad Time = Apr 03 2017 16:20:30
** Cook Inlet LTM Kbay Along Bay
** Date: 2017-03-28
** Station:KB08
** Start Time (AKST):13:51
** Depth (m):85
** Comment: R/V Edgecumbe
# nquan = 27
# nvalues = 73                          
# units = specified
# name 0 = scan: Scan Count
# name 1 = timeJ: Julian Days
# name 2 = timeH: Time, Elapsed [hours]
# name 3 = timeM: Time, Elapsed [minutes]
# name 4 = timeS: Time, Elapsed [seconds]
# name 5 = prdM: Pressure, Strain Gauge [db]
# name 6 = specc: Specific Conductance [uS/cm]
# name 7 = sal00: Salinity, Practical [PSU]
# name 8 = tv290C: Temperature [ITS-90, deg C]
# name 9 = depSM: Depth [salt water, m], lat = 59.00
# name 10 = potemp090C: Potential Temperature [ITS-90, deg C]
# name 11 = sigma-é00: Density [sigma-theta, kg/m^3]
# name 12 = sbeox0ML/L: Oxygen, SBE 43 [ml/l]
# name 13 = sbeox0Mg/L: Oxygen, SBE 43 [mg/l]
# name 14 = sbeox0PS: Oxygen, SBE 43 [% saturation]
# name 15 = sbox0Mm/Kg: Oxygen, SBE 43 [umol/kg]
# name 16 = sbeox0Mm/L: Oxygen, SBE 43 [umol/l]
# name 17 = sbox0dV/dT: Oxygen, SBE 43 [dov/dt]
# name 18 = oxsolML/L: Oxygen Saturation, Garcia & Gordon [ml/l]
# name 19 = oxsolMg/L: Oxygen Saturation, Garcia & Gordon [mg/l]
# name 20 = oxsolMm/Kg: Oxygen Saturation, Garcia & Gordon [umol/kg]
# name 21 = n2satMg/L: Nitrogen Saturation [mg/l]
# name 22 = par: PAR/Irradiance, Biospherical/Licor
# name 23 = wetStar: Fluorescence, WET Labs WETstar [mg/m^3]
# name 24 = CStarAt0: Beam Attenuation, WET Labs C-Star [1/m]
# name 25 = CStarTr0: Beam Transmission, WET Labs C-Star [%]
# name 26 = flag: flag
# span 0 =        253,        684       
# span 1 =  87.536726,  87.537971       
# span 2 =    0.01753,    0.04741       
# span 3 =     1.0519,     2.8445       
# span 4 =     63.115,    170.671       
# span 5 =      1.019,     73.701       
# span 6 =  52107.483,  52185.022       
# span 7 =    31.8801,    31.9887       
# span 8 =     2.5723,     3.0955       
# span 9 =      1.000,     73.000       
# span 10 =     2.5719,     3.0919      
# span 11 =    25.4274,    25.4771      
# span 12 =     3.2703,     3.4600      
# span 13 =     4.6735,     4.9448      
# span 14 =     42.687,     45.765      
# span 15 =    142.425,    150.687      
# span 16 =    146.048,    154.526      
# span 17 =   -0.00069,    0.00231      
# span 18 =    7.55993,    7.66430      
# span 19 =   10.80389,   10.95304      
# span 20 =  329.24024,  333.79756      
# span 21 =   16.87009,   17.08699      
# span 22 = 4.3463e-02, 2.4992e+02      
# span 23 =     0.8342,     2.9480      
# span 24 =     0.8103,     1.1235      
# span 25 =    75.5117,    81.6619      
# span 26 = 0.0000e+00, 0.0000e+00      
# interval = meters: 1                  
# start_time = Mar 28 2017 12:51:50 [Instrument's time stamp, header]
# bad_flag = -9.990e-29
*END*
        253  87.536726    0.01753     1.0519     63.115      1.019  52153.190    31.8987     2.5862      1.000     2.6030    25.4437     3.2703     4.6735     42.687    142.425    146.048    0.00040    7.66096   10.94827  333.64897   17.07987 2.4992e+02     0.8342     1.0348    80.6628 0.0000e+00
        346  87.536995    0.02399     1.4393     86.358      2.017  52115.477    31.8817     2.6181      2.000     2.6129    25.4276     3.2833     4.6921     42.886    142.994    146.631    0.00226    7.65572   10.94078  333.42611   17.06936 1.9999e+02     1.1102     0.8393    81.1699 0.0000e+00
        354  87.537016    0.02449     1.4695     88.168      3.033  52129.138    31.8883     2.6104      3.000     2.6102    25.4335     3.2894     4.7008     42.959    143.258    146.901    0.00231    7.65683   10.94238  333.47276   17.07154 1.5220e+02     1.0804     0.8321    81.2196 0.0000e+00
        358  87.537028    0.02479     1.4878     89.267      4.034  52120.249    31.8801     2.6047      4.000     2.5986    25.4274     3.2888     4.6999     42.943    143.233    146.875    0.00135    7.65836   10.94457  333.54151   17.07484 1.1939e+02     1.3797     0.8400    81.0578 0.0000e+00
        363  87.537043    0.02513     1.5077     90.463      5.050  52136.330    31.8879     2.5954      5.000     2.5956    25.4343     3.2963     4.7108     43.035    143.562    147.213    0.00131    7.65972   10.94651  333.59839   17.07751 9.3808e+01     1.4351     0.8235    81.3929 0.0000e+00
        367  87.537056    0.02545     1.5268     91.606      6.056  52130.618    31.8830     2.5936      6.000     2.5904    25.4306     3.3048     4.7230     43.142    143.935    147.595    0.00188    7.66033   10.94739  333.62628   17.07885 7.6427e+01     2.2888     0.8262    81.3385 0.0000e+00
        372  87.537069    0.02576     1.5457     92.740      7.067  52134.042    31.8827     2.5865      7.000     2.5828    25.4310     3.3121     4.7333     43.229    144.250    147.919    0.00190    7.66172   10.94936  333.68652   17.08172 6.0241e+01     2.3333     0.8310    81.2427 0.0000e+00
        377  87.537082    0.02609     1.5652     93.913      8.075  52137.793    31.8832     2.5811      8.000     2.5786    25.4318     3.3140     4.7360     43.248    144.333    148.003    0.00138    7.66273   10.95080  333.73004   17.08378 4.8775e+01     2.6342     0.8207    81.4515 0.0000e+00
        381  87.537096    0.02642     1.5850     95.100      9.087  52142.475    31.8844     2.5757      9.000     2.5738    25.4332     3.3202     4.7450     43.324    144.604    148.282    0.00139    7.66369   10.95218  333.77147   17.08574 3.8846e+01     2.4927     0.8318    81.2260 0.0000e+00
        386  87.537109    0.02672     1.6032     96.191     10.093  52145.754    31.8853     2.5729     10.000     2.5719    25.4341     3.3262     4.7535     43.400    144.866    148.550    0.00159    7.66419   10.95290  333.79310   17.08677 3.1214e+01     2.9480     0.8274    81.3141 0.0000e+00
        390  87.537122    0.02704     1.6225     97.348     11.107  52146.947    31.8853     2.5723     11.000     2.5725    25.4342     3.3326     4.7627     43.483    145.145    148.836    0.00157    7.66430   10.95304  333.79756   17.08699 2.4847e+01     2.8633     0.8281    81.3009 0.0000e+00
        395  87.537135    0.02735     1.6411     98.468     12.110  52156.706    31.8931     2.5784     12.000     2.5821    25.4399     3.3405     4.7739     43.594    145.484    149.185    0.00198    7.66272   10.95079  333.72714   17.08361 1.9975e+01     2.8841     0.8227    81.4100 0.0000e+00
        400  87.537150    0.02771     1.6623     99.739     13.129  52147.396    31.8883     2.5860     13.000     2.5853    25.4356     3.3424     4.7766     43.626    145.570    149.272    0.00146    7.66152   10.94908  333.67631   17.08121 1.5749e+01     2.8868     0.8294    81.2742 0.0000e+00
        404  87.537162    0.02801     1.6807    100.839     14.131  52146.018    31.8861     2.5831     14.000     2.5805    25.4340     3.3528     4.7915     43.758    146.022    149.737    0.00196    7.66219   10.95005  333.70614   17.08264 1.2622e+01     2.5933     0.8292    81.2779 0.0000e+00
        409  87.537177    0.02835     1.7011    102.064     15.142  52163.961    31.8978     2.5836     15.000     2.5883    25.4433     3.3571     4.7976     43.818    146.209    149.929    0.00166    7.66147   10.94900  333.67136   17.08094 9.9822e+00     2.5461     0.8294    81.2730 0.0000e+00
        414  87.537190    0.02868     1.7207    103.239     16.153  52162.014    31.8997     2.5969     16.000     2.6014    25.4438     3.3619     4.8044     43.895    146.414    150.140    0.00178    7.65883   10.94523  333.55627   17.07546 7.9235e+00     2.7403     0.8357    81.1457 0.0000e+00
        418  87.537203    0.02899     1.7391    104.349     17.160  52159.719    31.9006     2.6075     17.000     2.6108    25.4436     3.3706     4.8169     44.021    146.797    150.531    0.00195    7.65676   10.94228  333.46643   17.07120 6.2523e+00     2.6581     0.8569    80.7168 0.0000e+00
        423  87.537216    0.02931     1.7583    105.497     18.172  52150.614    31.8952     2.6121     18.000     2.6122    25.4389     3.3755     4.8240     44.089    147.011    150.751    0.00213    7.65616   10.94143  333.44188   17.07005 4.9736e+00     2.8870     0.8456    80.9448 0.0000e+00
        427  87.537229    0.02961     1.7770    106.619     19.181  52185.022    31.9213     2.6247     19.000     2.6433    25.4588     3.3741     4.8219     44.092    146.946    150.687    0.00113    7.65238   10.93601  333.27046   17.06180 3.9298e+00     2.7883     0.8571    80.7117 0.0000e+00
        432  87.537242    0.02993     1.7955    107.732     20.190  52160.501    31.9152     2.6642     20.000     2.6738    25.4508     3.3791     4.8291     44.199    147.165    150.911    0.00177    7.64514   10.92566  332.95777   17.04697 3.1272e+00     2.6411     0.8595    80.6650 0.0000e+00
        436  87.537255    0.03024     1.8143    108.858     21.199  52149.321    31.9126     2.6845     21.000     2.6895    25.4472     3.3832     4.8350     44.274    147.345    151.094    0.00165    7.64141   10.92033  332.79649   17.03932 2.4674e+00     2.7274     0.8648    80.5581 0.0000e+00
        441  87.537268    0.03055     1.8331    109.983     22.209  52140.774    31.9101     2.6980     22.000     2.6995    25.4441     3.3883     4.8421     44.355    147.565    151.319    0.00178    7.63897   10.91685  332.69139   17.03434 1.9664e+00     2.5727     0.8626    80.6013 0.0000e+00
        446  87.537282    0.03087     1.8521    111.129     23.219  52157.643    31.9230     2.7053     23.000     2.7170    25.4537     3.3893     4.8435     44.379    147.604    151.361    0.00139    7.63689   10.91389  332.59799   17.02986 1.5534e+00     2.0934     0.8694    80.4648 0.0000e+00
        450  87.537295    0.03119     1.8715    112.287     24.229  52144.645    31.9217     2.7347     24.000     2.7404    25.4504     3.3928     4.8486     44.458    147.760    151.521    0.00143    7.63137   10.90598  332.35808   17.01846 1.2357e+00     2.2650     0.8648    80.5568 0.0000e+00
        455  87.537308    0.03150     1.8898    113.388     25.237  52134.791    31.9175     2.7454     25.000     2.7479    25.4461     3.3982     4.8563     44.540    147.996    151.761    0.00169    7.62952   10.90336  332.27952   17.01475 9.5464e-01     2.2206     0.8783    80.2869 0.0000e+00
        459  87.537321    0.03182     1.9090    114.540     26.247  52180.538    31.9550     2.7715     26.000     2.7984    25.4740     3.3982     4.8565     44.582    147.997    151.766    0.00136    7.62262   10.89349  331.96976   16.99988 7.6506e-01     2.3792     0.8700    80.4541 0.0000e+00
        464  87.537334    0.03214     1.9284    115.701     27.256  52134.693    31.9386     2.8269     27.000     2.8325    25.4564     3.3959     4.8530     44.607    147.895    151.660    0.00116    7.61296   10.87968  331.55450   16.98022 6.1027e-01     2.4926     0.8623    80.6072 0.0000e+00
        468  87.537348    0.03246     1.9474    116.845     28.266  52158.994    31.9582     2.8405     28.000     2.8619    25.4709     3.3990     4.8574     44.668    148.027    151.797    0.00123    7.60936   10.87453  331.39304   16.97248 4.8439e-01     2.1916     0.8599    80.6560 0.0000e+00
        473  87.537361    0.03278     1.9667    118.002     29.276  52144.266    31.9646     2.9028     29.000     2.9165    25.4709     3.3924     4.8481     44.653    147.743    151.506    0.00074    7.59724   10.85722  330.86549   16.94739 3.8712e-01     2.1097     0.8499    80.8585 0.0000e+00
        478  87.537374    0.03310     1.9857    119.140     30.285  52107.483    31.9445     2.9224     30.000     2.9200    25.4533     3.4002     4.8592     44.772    148.085    151.854    0.00127    7.59458   10.85341  330.75500   16.94222 3.1051e-01     1.9049     0.8455    80.9466 0.0000e+00
        482  87.537388    0.03341     2.0050    120.303     31.296  52112.824    31.9476     2.9223     31.000     2.9213    25.4557     3.4011     4.8605     44.783    148.121    151.892    0.00109    7.59444   10.85321  330.74826   16.94188 2.5189e-01     1.5754     0.8523    80.8094 0.0000e+00
        487  87.537401    0.03374     2.0244    121.466     32.305  52123.206    31.9551     2.9262     32.000     2.9300    25.4614     3.4038     4.8643     44.825    148.237    152.011    0.00092    7.59333   10.85164  330.69827   16.93948 2.0486e-01     1.8219     0.8468    80.9206 0.0000e+00
        491  87.537414    0.03405     2.0428    122.569     33.313  52121.501    31.9567     2.9382     33.000     2.9419    25.4616     3.4102     4.8735     44.925    148.519    152.301    0.00131    7.59098   10.84827  330.59565   16.93460 1.6798e-01     1.6577     0.8422    81.0143 0.0000e+00
        496  87.537427    0.03437     2.0621    123.723     34.323  52114.091    31.9547     2.9516     34.000     2.9509    25.4590     3.4134     4.8779     44.980    148.654    152.438    0.00142    7.58854   10.84478  330.49026   16.92960 1.3820e-01     1.6645     0.8331    81.1998 0.0000e+00
        501  87.537441    0.03470     2.0822    124.931     35.334  52108.243    31.9500     2.9507     35.000     2.9476    25.4553     3.4139     4.8788     44.986    148.682    152.467    0.00087    7.58896   10.84538  330.50956   16.93054 1.1695e-01     1.8082     0.8415    81.0270 0.0000e+00
        505  87.537455    0.03503     2.1016    126.095     36.342  52127.421    31.9629     2.9525     36.000     2.9582    25.4655     3.4181     4.8848     45.046    148.861    152.651    0.00105    7.58796   10.84395  330.46286   16.92827 1.0010e-01     1.9071     0.8389    81.0801 0.0000e+00
        510  87.537468    0.03535     2.1207    127.240     37.352  52119.993    31.9616     2.9681     37.000     2.9711    25.4631     3.4170     4.8831     45.048    148.811    152.600    0.00067    7.58508   10.83983  330.33815   16.92234 8.6987e-02     1.8344     0.8323    81.2144 0.0000e+00
        515  87.537482    0.03567     2.1402    128.415     38.362  52132.626    31.9747     2.9872     38.000     2.9961    25.4719     3.4189     4.8859     45.098    148.893    152.686    0.00081    7.58080   10.83373  330.14918   16.91331 7.6676e-02     1.7240     0.8241    81.3829 0.0000e+00
        519  87.537495    0.03600     2.1604    129.624     39.373  52112.602    31.9660     3.0072     39.000     3.0068    25.4633     3.4186     4.8855     45.115    148.884    152.675    0.00069    7.57750   10.82899  330.00774   16.90663 6.8655e-02     1.7115     0.8176    81.5137 0.0000e+00
        524  87.537509    0.03633     2.1799    130.795     40.380  52108.536    31.9635     3.0100     40.000     3.0075    25.4611     3.4210     4.8890     45.149    148.989    152.782    0.00056    7.57709   10.82842  329.99113   16.90585 6.3338e-02     1.6726     0.8140    81.5870 0.0000e+00
        529  87.537523    0.03667     2.1999    131.992     41.391  52108.037    31.9621     3.0082     41.000     3.0049    25.4601     3.4273     4.8980     45.230    149.265    153.065    0.00106    7.57750   10.82902  330.00937   16.90672 5.8924e-02     1.5298     0.8103    81.6619 0.0000e+00
        534  87.537537    0.03698     2.2192    133.150     42.399  52136.923    31.9825     3.0134     42.000     3.0244    25.4760     3.4306     4.9026     45.285    149.403    153.209    0.00105    7.57548   10.82611  329.91575   16.90219 5.5467e-02     1.3765     0.8462    80.9341 0.0000e+00
        539  87.537551    0.03733     2.2402    134.410     43.413  52108.215    31.9717     3.0478     43.000     3.0423    25.4645     3.4248     4.8944     45.244    149.155    152.953    0.00048    7.56957   10.81767  329.66223   16.89018 5.2897e-02     1.4961     0.8883    80.0853 0.0000e+00
        543  87.537564    0.03765     2.2592    135.550     44.419  52133.486    31.9869     3.0426     44.000     3.0517    25.4771     3.4282     4.8992     45.288    149.299    153.103    0.00037    7.56976   10.81794  329.66653   16.89033 5.0595e-02     1.5009     0.9225    79.4062 0.0000e+00
        548  87.537578    0.03798     2.2785    136.709     45.429  52113.116    31.9789     3.0661     45.000     3.0641    25.4687     3.4347     4.9084     45.397    149.581    153.391    0.00114    7.56577   10.81224  329.49547   16.88224 4.9059e-02     1.3817     0.9438    78.9820 0.0000e+00
        553  87.537591    0.03830     2.2982    137.889     46.438  52114.429    31.9795     3.0668     46.000     3.0647    25.4691     3.4316     4.9040     45.357    149.447    153.253    0.00047    7.56560   10.81200  329.48789   16.88187 4.7868e-02     1.6041     0.9477    78.9061 0.0000e+00
        557  87.537605    0.03864     2.3183    139.096     47.450  52116.179    31.9804     3.0681     47.000     3.0667    25.4698     3.4356     4.9098     45.413    149.623    153.434    0.00063    7.56530   10.81158  329.47499   16.88126 4.6925e-02     1.5041     0.9367    79.1232 0.0000e+00
        562  87.537619    0.03896     2.3376    140.256     48.457  52116.406    31.9810     3.0717     48.000     3.0701    25.4699     3.4329     4.9060     45.382    149.507    153.315    0.00014    7.56461   10.81058  329.44451   16.87980 4.6099e-02     1.4219     0.9609    78.6452 0.0000e+00
        567  87.537633    0.03930     2.3576    141.458     49.469  52118.416    31.9825     3.0743     49.000     3.0727    25.4709     3.4386     4.9141     45.459    149.752    153.566    0.00064    7.56404   10.80977  329.41949   16.87861 4.5544e-02     1.4229     0.9536    78.7904 0.0000e+00
        572  87.537646    0.03962     2.3773    142.641     50.478  52118.021    31.9825     3.0771     50.000     3.0749    25.4706     3.4380     4.9132     45.455    149.728    153.541    0.00036    7.56352   10.80903  329.39697   16.87754 4.5128e-02     1.7198     0.9693    78.4800 0.0000e+00
        576  87.537660    0.03995     2.3972    143.829     51.487  52117.033    31.9815     3.0778     51.000     3.0746    25.4698     3.4411     4.9176     45.496    149.861    153.678    0.00052    7.56344   10.80891  329.39361   16.87739 4.4747e-02     1.3776     0.9815    78.2404 0.0000e+00
        581  87.537675    0.04030     2.4177    145.061     52.499  52117.383    31.9810     3.0771     52.000     3.0740    25.4694     3.4450     4.9232     45.546    150.030    153.851    0.00061    7.56359   10.80913  329.40042   16.87771 4.4485e-02     1.2037     0.9605    78.6518 0.0000e+00
        586  87.537688    0.04062     2.4369    146.213     53.505  52120.559    31.9827     3.0772     53.000     3.0745    25.4708     3.4466     4.9255     45.569    150.104    153.927    0.00063    7.56349   10.80898  329.39540   16.87746 4.4477e-02     1.4683     0.9661    78.5432 0.0000e+00
