CTD-processing/allCTD/CNV/2017_11-07_alongbay_skb06_cast099_4141.cnv
* Sea-Bird SBE19plus Data File:
* FileName = C:\Users\Kim.Powell\Desktop\Not Processed\2017\2017_11-07_AlongBay,T9_4141\2017_11-07_TRANSECT_STATION_cast099.hex
* Software Version 1.59
* Temperature SN =  4141
* Conductivity SN =  4141
* System UpLoad Time = Nov 09 2017 10:29:47
** 2017_11-07
** Station: KB06
** Start Time: 12:19
** Depth (m): 99.7
** Comment: Edgecumbe
** Comment: CTD time 1 hr off for daylight savings time
# nquan = 27
# nvalues = 86                          
# units = specified
# name 0 = scan: Scan Count
# name 1 = timeJ: Julian Days
# name 2 = timeH: Time, Elapsed [hours]
# name 3 = timeM: Time, Elapsed [minutes]
# name 4 = timeS: Time, Elapsed [seconds]
# name 5 = prdM: Pressure, Strain Gauge [db]
# name 6 = specc: Specific Conductance [uS/cm]
# name 7 = sal00: Salinity, Practical [PSU]
# name 8 = tv290C: Temperature [ITS-90, deg C]
# name 9 = depSM: Depth [salt water, m], lat = 59.00
# name 10 = potemp090C: Potential Temperature [ITS-90, deg C]
# name 11 = sigma-é00: Density [sigma-theta, kg/m^3]
# name 12 = sbeox0ML/L: Oxygen, SBE 43 [ml/l]
# name 13 = sbeox0Mg/L: Oxygen, SBE 43 [mg/l]
# name 14 = sbeox0PS: Oxygen, SBE 43 [% saturation]
# name 15 = sbox0Mm/Kg: Oxygen, SBE 43 [umol/kg]
# name 16 = sbeox0Mm/L: Oxygen, SBE 43 [umol/l]
# name 17 = sbox0dV/dT: Oxygen, SBE 43 [dov/dt]
# name 18 = oxsolML/L: Oxygen Saturation, Garcia & Gordon [ml/l]
# name 19 = oxsolMg/L: Oxygen Saturation, Garcia & Gordon [mg/l]
# name 20 = oxsolMm/Kg: Oxygen Saturation, Garcia & Gordon [umol/kg]
# name 21 = n2satMg/L: Nitrogen Saturation [mg/l]
# name 22 = par: PAR/Irradiance, Biospherical/Licor
# name 23 = wetStar: Fluorescence, WET Labs WETstar [mg/m^3]
# name 24 = CStarAt0: Beam Attenuation, WET Labs C-Star [1/m]
# name 25 = CStarTr0: Beam Transmission, WET Labs C-Star [%]
# name 26 = flag: flag
# span 0 =        408,        844       
# span 1 = 311.555668, 311.556930       
# span 2 =    0.02826,    0.05854       
# span 3 =     1.6957,     3.5125       
# span 4 =    101.742,    210.750       
# span 5 =      1.019,     86.778       
# span 6 =  48218.517,  48823.160       
# span 7 =    30.1851,    30.8578       
# span 8 =     7.0887,     9.0149       
# span 9 =      1.000,     86.000       
# span 10 =     7.3050,     9.0061      
# span 11 =    23.6174,    23.8800      
# span 12 =     2.7666,     2.8543      
# span 13 =     3.9537,     4.0791      
# span 14 =     40.947,     41.849      
# span 15 =    120.701,    124.530      
# span 16 =    123.556,    127.471      
# span 17 =   -0.00074,    0.00260      
# span 18 =    6.62740,    6.95374      
# span 19 =    9.47121,    9.93759      
# span 20 =  289.07788,  303.38870      
# span 21 =   14.96120,   15.64706      
# span 22 = 4.1774e-02, 4.1328e+01      
# span 23 =     0.2586,     0.8793      
# span 24 =     0.4274,     2.6511      
# span 25 =    51.3993,    89.8675      
# span 26 = 0.0000e+00, 0.0000e+00      
# interval = meters: 1                  
# start_time = Nov 07 2017 13:18:28 [Instrument's time stamp, header]
# bad_flag = -9.990e-29
*END*
[from data line 54]
        677 311.556446    0.04692     2.8150    168.901     55.533  48729.844    30.7932     8.9055     55.000     8.8984    23.8410     2.7762     3.9675     41.771    121.100    123.987   -0.00008    6.64632    9.49826  289.91303   15.00136 4.2788e-02     0.3992     0.5123    87.9791 0.0000e+00
        682 311.556460    0.04727     2.8365    170.193     56.536  48733.914    30.7951     8.9011     56.000     8.8937    23.8431     2.7788     3.9712     41.806    121.211    124.101    0.00015    6.64690    9.49909  289.93772   15.00253 4.2227e-02     0.3499     0.4855    88.5713 0.0000e+00
        687 311.556476    0.04763     2.8580    171.478     57.538  48738.639    30.7973     8.8970     57.000     8.8903    23.8456     2.7747     3.9654     41.742    121.035    123.921   -0.00063    6.64740    9.49980  289.95873   15.00352 4.2020e-02     0.3604     0.4812    88.6658 0.0000e+00
        693 311.556492    0.04803     2.8814    172.886     58.561  48740.619    30.7981     8.8955     58.000     8.8897    23.8464     2.7768     3.9683     41.772    121.124    124.012   -0.00012    6.64760    9.50008  289.96712   15.00392 4.2133e-02     0.3935     0.4597    89.1436 0.0000e+00
        698 311.556506    0.04837     2.9021    174.125     59.562  48740.804    30.7979     8.8962     59.000     8.8900    23.8461     2.7777     3.9696     41.785    121.162    124.051   -0.00004    6.64751    9.49996  289.96344   15.00375 4.2050e-02     0.3730     0.4642    89.0437 0.0000e+00
        703 311.556521    0.04873     2.9237    175.423     60.573  48742.867    30.7987     8.8951     60.000     8.8887    23.8470     2.7804     3.9735     41.826    121.282    124.175    0.00032    6.64763    9.50014  289.96849   15.00398 4.2127e-02     0.4911     0.4449    89.4731 0.0000e+00
        708 311.556536    0.04909     2.9452    176.714     61.589  48742.324    30.7978     8.8942     61.000     8.8871    23.8464     2.7788     3.9711     41.799    121.208    124.098   -0.00002    6.64781    9.50038  289.97631   15.00437 4.2057e-02     0.2835     0.4477    89.4109 0.0000e+00
        713 311.556550    0.04942     2.9653    177.917     62.591  48745.479    30.7994     8.8928     62.000     8.8873    23.8478     2.7797     3.9725     41.813    121.251    124.143   -0.00002    6.64793    9.50056  289.98127   15.00459 4.2039e-02     0.3826     0.4373    89.6440 0.0000e+00
        718 311.556565    0.04978     2.9872    179.230     63.609  48746.405    30.8001     8.8963     63.000     8.8908    23.8479     2.7777     3.9696     41.786    121.162    124.051   -0.00036    6.64739    9.49979  289.95764   15.00347 4.2098e-02     0.6642     0.4332    89.7362 0.0000e+00
        723 311.556580    0.05015     3.0087    180.525     64.614  48745.218    30.7990     8.8975     64.000     8.8909    23.8469     2.7801     3.9730     41.823    121.267    124.160    0.00016    6.64726    9.49961  289.95245   15.00322 4.1850e-02     0.3559     0.4279    89.8536 0.0000e+00
        728 311.556595    0.05050     3.0296    181.779     65.619  48747.976    30.8006     8.8983     65.000     8.8929    23.8480     2.7777     3.9697     41.789    121.165    124.054   -0.00026    6.64707    9.49932  289.94344   15.00278 4.2149e-02     0.2789     0.4362    89.6691 0.0000e+00
        734 311.556611    0.05087     3.0527    183.161     66.637  48746.810    30.7997     8.9010     66.000     8.8944    23.8469     2.7786     3.9708     41.803    121.198    124.088   -0.00014    6.64671    9.49881  289.92814   15.00205 4.1919e-02     0.4814     0.4352    89.6913 0.0000e+00
        738 311.556624    0.05121     3.0727    184.359     67.644  48747.237    30.7996     8.9009     67.000     8.8931    23.8469     2.7785     3.9707     41.802    121.197    124.087   -0.00003    6.64673    9.49885  289.92910   15.00210 4.1851e-02     0.3963     0.4274    89.8675 0.0000e+00
        744 311.556640    0.05159     3.0950    185.703     68.655  48749.447    30.8001     8.8968     68.000     8.8893    23.8479     2.7797     3.9725     41.817    121.249    124.140   -0.00008    6.64731    9.49967  289.95400   15.00328 4.1926e-02     0.4712     0.4439    89.4964 0.0000e+00
        749 311.556654    0.05193     3.1157    186.945     69.659  48747.300    30.7982     8.8967     69.000     8.8862    23.8465     2.7778     3.9698     41.787    121.167    124.056   -0.00010    6.64743    9.49984  289.95961   15.00357 4.2138e-02     0.3364     0.4501    89.3588 0.0000e+00
        754 311.556671    0.05231     3.1388    188.331     70.677  48752.710    30.8004     8.8889     70.000     8.8809    23.8494     2.7769     3.9685     41.767    121.127    124.016   -0.00050    6.64848    9.50134  290.00471   15.00571 4.1774e-02     0.2908     0.4446    89.4809 0.0000e+00
        759 311.556684    0.05263     3.1577    189.459     71.672  48753.775    30.8005     8.8870     71.000     8.8788    23.8498     2.7801     3.9731     41.814    121.268    124.160    0.00018    6.64875    9.50173  290.01643   15.00627 4.1900e-02     0.2929     0.4552    89.2434 0.0000e+00
        765 311.556702    0.05308     3.1845    191.068     72.705  48756.469    30.8016     8.8846     72.000     8.8768    23.8510     2.7816     3.9751     41.834    121.330    124.225    0.00013    6.64907    9.50218  290.02988   15.00691 4.1843e-02     0.4190     0.4399    89.5849 0.0000e+00
        770 311.556716    0.05339     3.2037    192.223     73.695  48757.514    30.8018     8.8844     73.000     8.8771    23.8512     2.7794     3.9721     41.802    121.238    124.129   -0.00021    6.64908    9.50220  290.03039   15.00693 4.1872e-02     0.4798     0.4512    89.3342 0.0000e+00
        776 311.556732    0.05379     3.2276    193.659     74.713  48756.992    30.8011     8.8848     74.000     8.8772    23.8506     2.7781     3.9702     41.783    121.183    124.073   -0.00030    6.64905    9.50216  290.02932   15.00688 4.1968e-02     0.4118     0.4479    89.4056 0.0000e+00
        781 311.556748    0.05417     3.2498    194.989     75.721  48757.284    30.8009     8.8844     75.000     8.8767    23.8505     2.7795     3.9722     41.802    121.240    124.132   -0.00013    6.64913    9.50227  290.03272   15.00705 4.1823e-02     0.3543     0.4505    89.3494 0.0000e+00
        787 311.556765    0.05457     3.2743    196.457     76.733  48764.099    30.8055     8.8868     76.000     8.8802    23.8538     2.7801     3.9730     41.815    121.266    124.159    0.00006    6.64858    9.50149  290.00775   15.00584 4.1857e-02     0.4212     0.4497    89.3674 0.0000e+00
        792 311.556780    0.05494     3.2964    197.782     77.738  48773.883    30.8123     8.8892     77.000     8.8859    23.8587     2.7791     3.9716     41.803    121.222    124.114   -0.00015    6.64792    9.50055  289.97777   15.00438 4.1824e-02     0.3442     0.4557    89.2321 0.0000e+00
        798 311.556798    0.05537     3.3222    199.332     78.757  48789.225    30.8251     8.9070     78.000     8.9040    23.8661     2.7784     3.9705     41.812    121.187    124.079   -0.00004    6.64474    9.49599  289.83654   14.99758 4.1897e-02     0.3607     0.4919    88.4290 0.0000e+00
        803 311.556811    0.05569     3.3415    200.491     79.748  48795.239    30.8306     8.9194     79.000     8.9168    23.8686     2.7763     3.9675     41.794    121.097    123.987   -0.00028    6.64265    9.49302  289.74524   14.99319 4.1977e-02     0.3630     0.5310    87.5696 0.0000e+00
        810 311.556832    0.05617     3.3705    202.227     80.789  48793.856    30.8308     8.9307     80.000     8.9271    23.8670     2.7772     3.9689     41.819    121.138    124.029    0.00015    6.64097    9.49061  289.67197   14.98969 4.1893e-02     0.2586     0.5542    87.0618 0.0000e+00
        815 311.556846    0.05654     3.3922    203.531     81.779  48798.201    30.8358     8.9476     81.000     8.9428    23.8683     2.7755     3.9664     41.810    121.063    123.952   -0.00007    6.63825    9.48672  289.55281   14.98398 4.1945e-02     0.3721     0.5988    86.0967 0.0000e+00
        821 311.556863    0.05694     3.4164    204.981     82.785  48802.100    30.8394     8.9567     82.000     8.9517    23.8698     2.7735     3.9635     41.789    120.974    123.862   -0.00030    6.63675    9.48458  289.48711   14.98083 4.1785e-02     0.2946     0.6734    84.5082 0.0000e+00
        827 311.556880    0.05735     3.4410    206.458     83.802  48796.787    30.8360     8.9619     83.000     8.9543    23.8663     2.7747     3.9653     41.812    121.030    123.919   -0.00001    6.63612    9.48368  289.46079   14.97958 4.1932e-02     0.3456     0.6987    83.9729 0.0000e+00
        832 311.556896    0.05774     3.4643    207.861     84.805  48823.160    30.8554     8.9720     84.000     8.9764    23.8800     2.7739     3.9642     41.814    120.994    123.883   -0.00007    6.63379    9.48035  289.35513   14.97445 4.1907e-02     0.3418     0.7760    82.3727 0.0000e+00
        839 311.556916    0.05820     3.4922    209.535     85.829  48819.639    30.8578     9.0103     85.000     9.0045    23.8762     2.7738     3.9640     41.849    120.989    123.878    0.00038    6.62803    9.47212  289.10516   14.96249 4.1885e-02     0.3351     0.8498    80.8600 0.0000e+00
        844 311.556930    0.05854     3.5125    210.750     86.778  48817.868    30.8569     9.0149     86.000     9.0061    23.8747     2.7693     3.9576     41.785    120.791    123.675   -0.00074    6.62740    9.47121  289.07788   14.96120 4.1979e-02     0.2959     0.7671    82.5468 0.0000e+00
