CTD-processing/allCTD/CNV/2017_04-19_t3_s03_cast135_4141.cnv
* Sea-Bird SBE19plus Data File:
* FileName = P:\My Documents\kasitsna\Research-KBL\Oceanography-AK\CTD-Data-ALL-to-2017-02\2017-CTD-KachemakBay-CookInlet\2017-04-19-CookInlet-Tran3-AnchorPt\2017-04-19-CookInlet-Tran3-cast135.hex
* Software Version 1.59
* Temperature SN =  4141
* Conductivity SN =  4141
* System UpLoad Time = Apr 20 2017 00:40:28
** Cook Inlet LTM Transect 3 Anchor Pt east to west
** Date: 2017-04-19
** Station: (eg. 9-01): 3-03
** Start time (AKDT): 23:48
** Depth (m): 32.9
** Comment: R/V Alaska Dreamcatcher
** Comment:
# nquan = 27
# nvalues = 33                          
# units = specified
# name 0 = scan: Scan Count
# name 1 = timeJ: Julian Days
# name 2 = timeH: Time, Elapsed [hours]
# name 3 = timeM: Time, Elapsed [minutes]
# name 4 = timeS: Time, Elapsed [seconds]
# name 5 = prdM: Pressure, Strain Gauge [db]
# name 6 = specc: Specific Conductance [uS/cm]
# name 7 = sal00: Salinity, Practical [PSU]
# name 8 = tv290C: Temperature [ITS-90, deg C]
# name 9 = depSM: Depth [salt water, m], lat = 59.00
# name 10 = potemp090C: Potential Temperature [ITS-90, deg C]
# name 11 = sigma-é00: Density [sigma-theta, kg/m^3]
# name 12 = sbeox0ML/L: Oxygen, SBE 43 [ml/l]
# name 13 = sbeox0Mg/L: Oxygen, SBE 43 [mg/l]
# name 14 = sbeox0PS: Oxygen, SBE 43 [% saturation]
# name 15 = sbox0Mm/Kg: Oxygen, SBE 43 [umol/kg]
# name 16 = sbeox0Mm/L: Oxygen, SBE 43 [umol/l]
# name 17 = sbox0dV/dT: Oxygen, SBE 43 [dov/dt]
# name 18 = oxsolML/L: Oxygen Saturation, Garcia & Gordon [ml/l]
# name 19 = oxsolMg/L: Oxygen Saturation, Garcia & Gordon [mg/l]
# name 20 = oxsolMm/Kg: Oxygen Saturation, Garcia & Gordon [umol/kg]
# name 21 = n2satMg/L: Nitrogen Saturation [mg/l]
# name 22 = par: PAR/Irradiance, Biospherical/Licor
# name 23 = wetStar: Fluorescence, WET Labs WETstar [mg/m^3]
# name 24 = CStarAt0: Beam Attenuation, WET Labs C-Star [1/m]
# name 25 = CStarTr0: Beam Transmission, WET Labs C-Star [%]
# name 26 = flag: flag
# span 0 =        138,        382       
# span 1 = 109.992074, 109.992782       
# span 2 =    0.00950,    0.02649       
# span 3 =     0.5701,     1.5891       
# span 4 =     34.208,     95.347       
# span 5 =      1.013,     33.294       
# span 6 =  50461.055,  50536.742       
# span 7 =    30.7068,    30.7508       
# span 8 =     2.3825,     2.4239       
# span 9 =      1.000,     33.000       
# span 10 =     2.3826,     2.4224      
# span 11 =    24.5060,    24.5390      
# span 12 =     3.8620,     4.0505      
# span 13 =     5.5192,     5.7887      
# span 14 =     49.759,     52.246      
# span 15 =    168.351,    176.567      
# span 16 =    172.476,    180.900      
# span 17 =   -0.00136,    0.00264      
# span 18 =    7.75291,    7.76268      
# span 19 =   11.07968,   11.09365      
# span 20 =  337.95202,  338.38551      
# span 21 =   17.28876,   17.30946      
# span 22 = 3.6382e-02, 3.6383e-02      
# span 23 =     0.3367,     0.6051      
# span 24 =     3.9433,     5.2456      
# span 25 =    26.9399,    37.1959      
# span 26 = 0.0000e+00, 0.0000e+00      
# interval = meters: 1                  
# start_time = Apr 19 2017 23:48:01 [Instrument's time stamp, header]
# bad_flag = -9.990e-29
*END*
        138 109.992074    0.00950     0.5701     34.208      1.013  50485.635    30.7286     2.4085      1.000     2.3932    24.5222     3.8686     5.5286     49.872    168.637    172.772   -0.00136    7.75708   11.08564  338.13945   17.29774 3.6383e-02     0.3367     4.6544    33.1032 0.0000e+00
        250 109.992400    0.01732     1.0392     62.353      2.020  50461.055    30.7068     2.3921      2.000     2.3847    24.5060     3.8620     5.5192     49.759    168.351    172.476    0.00036    7.76143   11.09186  338.33429   17.30708 3.6382e-02     0.5522     3.9433    37.1959 0.0000e+00
        249 109.992397    0.01724     1.0346     62.077      3.028  50483.450    30.7186     2.3825      3.000     2.3826    24.5162     3.8642     5.5223     49.779    168.446    172.575    0.00041    7.76268   11.09365  338.38551   17.30946 3.6382e-02     0.5232     4.0990    35.8875 0.0000e+00
        254 109.992410    0.01756     1.0537     63.222      4.038  50485.111    30.7198     2.3845      4.000     2.3874    24.5170     3.8653     5.5238     49.795    168.491    172.622    0.00022    7.76221   11.09297  338.36459   17.30847 3.6382e-02     0.4344     4.1153    35.7466 0.0000e+00
        258 109.992423    0.01788     1.0724     64.343      5.049  50489.352    30.7245     2.3935      5.000     2.3976    24.5201     3.8685     5.5285     49.850    168.632    172.766    0.00065    7.76020   11.09011  338.27618   17.30425 3.6382e-02     0.4295     4.2911    34.2097 0.0000e+00
        263 109.992435    0.01816     1.0900     65.401      6.054  50484.596    30.7226     2.4003      6.000     2.4007    24.5181     3.8746     5.5372     49.937    168.899    173.041    0.00088    7.75899   11.08838  338.22404   17.30178 3.6382e-02     0.4436     4.4541    32.8429 0.0000e+00
        267 109.992448    0.01847     1.1085     66.508      7.066  50481.659    30.7203     2.4007      7.000     2.3999    24.5162     3.8842     5.5510     50.061    169.319    173.470    0.00171    7.75904   11.08844  338.22656   17.30191 3.6382e-02     0.4481     4.4771    32.6519 0.0000e+00
        272 109.992461    0.01879     1.1272     67.631      8.076  50479.555    30.7178     2.3988      8.000     2.3962    24.5144     3.8848     5.5518     50.066    169.346    173.497    0.00109    7.75954   11.08915  338.24889   17.30298 3.6382e-02     0.4673     4.4564    32.8240 0.0000e+00
        276 109.992474    0.01910     1.1459     68.753      9.086  50483.727    30.7193     2.3958      9.000     2.3956    24.5158     3.8938     5.5646     50.178    169.736    173.897    0.00156    7.76004   11.08988  338.27045   17.30400 3.6382e-02     0.4722     4.4260    33.0719 0.0000e+00
        280 109.992486    0.01940     1.1638     69.831     10.096  50485.348    30.7202     2.3969     10.000     2.3970    24.5164     3.8967     5.5687     50.216    169.860    174.025    0.00138    7.75979   11.08951  338.25934   17.30347 3.6382e-02     0.4402     4.4697    32.7137 0.0000e+00
        285 109.992499    0.01969     1.1814     70.882     11.103  50486.235    30.7205     2.3980     11.000     2.3977    24.5166     3.9021     5.5765     50.288    170.099    174.269    0.00140    7.75955   11.08917  338.24868   17.30297 3.6382e-02     0.4270     4.5679    31.9192 0.0000e+00
        289 109.992511    0.02000     1.1998     71.986     12.114  50489.318    30.7222     2.3988     12.000     2.3996    24.5180     3.9086     5.5858     50.373    170.382    174.560    0.00162    7.75932   11.08884  338.23814   17.30245 3.6382e-02     0.4524     4.5435    32.1145 0.0000e+00
        293 109.992524    0.02031     1.2185     73.107     13.123  50501.993    30.7317     2.4039     13.000     2.4066    24.5251     3.9159     5.5963     50.477    170.699    174.885    0.00182    7.75780   11.08667  338.16971   17.29917 3.6382e-02     0.4816     4.5254    32.2611 0.0000e+00
        298 109.992537    0.02062     1.2370     74.219     14.132  50501.677    30.7323     2.4088     14.000     2.4099    24.5252     3.9217     5.6045     50.558    170.949    175.141    0.00193    7.75681   11.08526  338.12673   17.29713 3.6382e-02     0.4726     4.6650    31.1544 0.0000e+00
        302 109.992550    0.02092     1.2553     75.316     15.143  50505.419    30.7355     2.4133     15.000     2.4139    24.5275     3.9241     5.6078     50.595    171.051    175.247    0.00153    7.75577   11.08377  338.08037   17.29491 3.6382e-02     0.5114     4.7535    30.4775 0.0000e+00
        307 109.992563    0.02122     1.2731     76.384     16.150  50498.987    30.7311     2.4151     16.000     2.4136    24.5239     3.9294     5.6156     50.666    171.287    175.488    0.00149    7.75565   11.08359  338.07627   17.29473 3.6382e-02     0.4863     4.7942    30.1682 0.0000e+00
        311 109.992575    0.02153     1.2917     77.505     17.161  50512.648    30.7400     2.4162     17.000     2.4179    24.5309     3.9458     5.6390     50.882    172.001    176.221    0.00264    7.75497   11.08262  338.04419   17.29317 3.6382e-02     0.6051     4.7682    30.3623 0.0000e+00
        316 109.992589    0.02184     1.3105     78.630     18.173  50512.566    30.7407     2.4209     18.000     2.4206    24.5311     3.9484     5.6428     50.922    172.115    176.337    0.00222    7.75400   11.08125  338.00230   17.29119 3.6382e-02     0.4907     4.8925    29.4325 0.0000e+00
        320 109.992600    0.02213     1.3280     79.681     19.178  50508.987    30.7380     2.4216     19.000     2.4201    24.5289     3.9524     5.6483     50.972    172.286    176.512    0.00169    7.75401   11.08127  338.00348   17.29126 3.6382e-02     0.4518     4.9974    28.6706 0.0000e+00
        324 109.992613    0.02243     1.3461     80.764     20.189  50512.446    30.7396     2.4207     20.000     2.4197    24.5302     3.9654     5.6670     51.140    172.857    177.097    0.00249    7.75411   11.08139  338.00700   17.29141 3.6382e-02     0.4917     4.9749    28.8342 0.0000e+00
        329 109.992626    0.02275     1.3647     81.884     21.199  50511.747    30.7386     2.4207     21.000     2.4198    24.5294     3.9727     5.6774     51.234    173.175    177.423    0.00239    7.75415   11.08147  338.00949   17.29154 3.6382e-02     0.4916     4.9079    29.3212 0.0000e+00
        333 109.992639    0.02306     1.3837     83.023     22.209  50515.162    30.7404     2.4211     22.000     2.4200    24.5309     3.9760     5.6821     51.277    173.318    177.569    0.00199    7.75398   11.08122  338.00143   17.29115 3.6382e-02     0.5078     4.9234    29.2052 0.0000e+00
        338 109.992652    0.02337     1.4024     84.143     23.219  50513.772    30.7388     2.4207     23.000     2.4191    24.5297     3.9824     5.6913     51.359    173.597    177.855    0.00183    7.75415   11.08146  338.00918   17.29152 3.6382e-02     0.4491     4.9751    28.8296 0.0000e+00
        342 109.992665    0.02368     1.4207     85.239     24.228  50519.614    30.7422     2.4205     24.000     2.4201    24.5324     3.9948     5.7090     51.519    174.137    178.409    0.00248    7.75400   11.08124  338.00151   17.29114 3.6382e-02     0.4692     4.9952    28.6854 0.0000e+00
        346 109.992678    0.02399     1.4392     86.351     25.236  50529.019    30.7486     2.4226     25.000     2.4220    24.5373     3.9983     5.7140     51.570    174.289    178.566    0.00213    7.75326   11.08019  337.96787   17.28952 3.6382e-02     0.4515     5.0379    28.3813 0.0000e+00
        351 109.992691    0.02431     1.4583     87.496     26.249  50529.640    30.7487     2.4235     26.000     2.4223    24.5373     4.0009     5.7175     51.603    174.397    178.677    0.00159    7.75307   11.07991  337.95932   17.28911 3.6382e-02     0.5464     5.0379    28.3816 0.0000e+00
        355 109.992704    0.02461     1.4765     88.588     27.256  50530.656    30.7489     2.4236     27.000     2.4222    24.5375     4.0115     5.7328     51.741    174.863    179.154    0.00210    7.75304   11.07987  337.95824   17.28906 3.6382e-02     0.5257     5.1652    27.4936 0.0000e+00
        360 109.992716    0.02491     1.4946     89.676     28.266  50531.964    30.7492     2.4236     28.000     2.4223    24.5378     4.0159     5.7392     51.798    175.056    179.352    0.00188    7.75302   11.07985  337.95742   17.28902 3.6382e-02     0.5073     5.1570    27.5492 0.0000e+00
        364 109.992729    0.02522     1.5131     90.788     29.276  50532.623    30.7492     2.4238     29.000     2.4224    24.5377     4.0265     5.7542     51.934    175.514    179.820    0.00229    7.75299   11.07980  337.95591   17.28895 3.6382e-02     0.5228     5.1065    27.8981 0.0000e+00
        369 109.992742    0.02553     1.5319     91.916     30.286  50534.299    30.7498     2.4238     30.000     2.4223    24.5382     4.0328     5.7633     52.016    175.792    180.106    0.00205    7.75295   11.07974  337.95400   17.28885 3.6382e-02     0.4772     5.1273    27.7536 0.0000e+00
        373 109.992755    0.02584     1.5508     93.046     31.295  50536.557    30.7508     2.4237     31.000     2.4222    24.5390     4.0424     5.7769     52.140    176.207    180.531    0.00248    7.75293   11.07970  337.95256   17.28879 3.6382e-02     0.4675     5.0685    28.1656 0.0000e+00
        378 109.992768    0.02616     1.5697     94.183     32.304  50536.742    30.7505     2.4239     32.000     2.4223    24.5387     4.0403     5.7740     52.114    176.119    180.440    0.00132    7.75291   11.07968  337.95202   17.28876 3.6382e-02     0.5314     5.0636    28.2015 0.0000e+00
        382 109.992782    0.02649     1.5891     95.347     33.294  50536.724    30.7498     2.4237     33.000     2.4218    24.5383     4.0505     5.7887     52.246    176.567    180.900    0.00181    7.75298   11.07979  337.95528   17.28892 3.6382e-02     0.5324     5.2456    26.9399 0.0000e+00
