CTD-processing/allCTD/CNV/2017_02-07_subbays_tutka6_cast044_4141.cnv
* Sea-Bird SBE19plus Data File:
* FileName = C:\Users\jwschloemer\Documents\CTD Data\2017_02_07_alongbay\2017_02_07_alongbay_cast044.hex
* Software Version 1.59
* Temperature SN =  4141
* Conductivity SN =  4141
* System UpLoad Time = Mar 06 2017 12:53:16
** Cook Inlet LTM Kbay Along Bay
** Date: 2017-02-07
** Station:Tutka6
** Start Time (AKST):15:35
** Depth (m):133
** Comment: R/V Edgecumb
# nquan = 27
# nvalues = 124                         
# units = specified
# name 0 = scan: Scan Count
# name 1 = timeJ: Julian Days
# name 2 = timeH: Time, Elapsed [hours]
# name 3 = timeM: Time, Elapsed [minutes]
# name 4 = timeS: Time, Elapsed [seconds]
# name 5 = prdM: Pressure, Strain Gauge [db]
# name 6 = specc: Specific Conductance [uS/cm]
# name 7 = sal00: Salinity, Practical [PSU]
# name 8 = tv290C: Temperature [ITS-90, deg C]
# name 9 = depSM: Depth [salt water, m], lat = 59.00
# name 10 = potemp090C: Potential Temperature [ITS-90, deg C]
# name 11 = sigma-é00: Density [sigma-theta, kg/m^3]
# name 12 = sbeox0ML/L: Oxygen, SBE 43 [ml/l]
# name 13 = sbeox0Mg/L: Oxygen, SBE 43 [mg/l]
# name 14 = sbeox0PS: Oxygen, SBE 43 [% saturation]
# name 15 = sbox0Mm/Kg: Oxygen, SBE 43 [umol/kg]
# name 16 = sbeox0Mm/L: Oxygen, SBE 43 [umol/l]
# name 17 = sbox0dV/dT: Oxygen, SBE 43 [dov/dt]
# name 18 = oxsolML/L: Oxygen Saturation, Garcia & Gordon [ml/l]
# name 19 = oxsolMg/L: Oxygen Saturation, Garcia & Gordon [mg/l]
# name 20 = oxsolMm/Kg: Oxygen Saturation, Garcia & Gordon [umol/kg]
# name 21 = n2satMg/L: Nitrogen Saturation [mg/l]
# name 22 = par: PAR/Irradiance, Biospherical/Licor
# name 23 = wetStar: Fluorescence, WET Labs WETstar [mg/m^3]
# name 24 = CStarAt0: Beam Attenuation, WET Labs C-Star [1/m]
# name 25 = CStarTr0: Beam Transmission, WET Labs C-Star [%]
# name 26 = flag: flag
# span 0 =        188,        932       
# span 1 =  38.650577,  38.652730       
# span 2 =    0.01301,    0.06466       
# span 3 =     0.7809,     3.8799       
# span 4 =     46.855,    232.796       
# span 5 =      1.005,    125.146       
# span 6 =  50656.241,  51133.947       
# span 7 =    31.0258,    31.5967       
# span 8 =     3.1025,     4.4856       
# span 9 =      1.000,    124.000       
# span 10 =     3.2026,     4.4849      
# span 11 =    24.7055,    25.0381      
# span 12 =     3.0887,     3.3229      
# span 13 =     4.4140,     4.7487      
# span 14 =     42.103,     43.678      
# span 15 =    134.571,    144.820      
# span 16 =    137.941,    148.399      
# span 17 =   -0.00143,    0.00080      
# span 18 =    7.32938,    7.60816      
# span 19 =   10.47442,   10.87282      
# span 20 =  319.34419,  331.58851      
# span 21 =   16.40125,   16.98550      
# span 22 = 3.6382e-02, 3.1687e+01      
# span 23 =     0.3653,     1.3201      
# span 24 =     0.3788,     1.9816      
# span 25 =    65.8011,    90.9632      
# span 26 = 0.0000e+00, 0.0000e+00      
# interval = meters: 1                  
# start_time = Feb 07 2017 15:36:03 [Instrument's time stamp, header]
# bad_flag = -9.990e-29
*END*
[from data line 54]
        582  38.651717    0.04038     2.4226    145.359     55.526  51026.202    31.5664     4.4093     55.000     4.4058    25.0159     3.1539     4.5072     42.961    137.416    140.853    0.00030    7.34133   10.49150  319.86213   16.42589 6.3177e-02     0.5224     0.4158    90.1262 0.0000e+00
        588  38.651732    0.04075     2.4450    146.698     56.537  51024.369    31.5647     4.4094     56.000     4.4051    25.0146     3.1498     4.5013     42.904    137.236    140.669   -0.00030    7.34141   10.49160  319.86589   16.42607 5.8028e-02     0.5275     0.4132    90.1845 0.0000e+00
        593  38.651747    0.04110     2.4659    147.954     57.545  51025.696    31.5649     4.4086     57.000     4.4049    25.0148     3.1500     4.5017     42.907    137.247    140.681   -0.00024    7.34154   10.49179  319.87153   16.42634 5.3774e-02     0.5423     0.4139    90.1697 0.0000e+00
        598  38.651762    0.04145     2.4870    149.221     58.557  51026.500    31.5651     4.4091     58.000     4.4051    25.0149     3.1481     4.4989     42.881    137.164    140.594   -0.00037    7.34143   10.49165  319.86696   16.42613 5.0167e-02     0.5134     0.4148    90.1501 0.0000e+00
        603  38.651776    0.04180     2.5078    150.468     59.566  51026.311    31.5644     4.4089     59.000     4.4049    25.0144     3.1507     4.5027     42.917    137.278    140.711   -0.00011    7.34149   10.49173  319.86979   16.42626 4.7004e-02     0.5039     0.4176    90.0871 0.0000e+00
        608  38.651790    0.04214     2.5284    151.701     60.576  51027.603    31.5648     4.4089     60.000     4.4051    25.0147     3.1537     4.5070     42.958    137.408    140.845    0.00036    7.34147   10.49170  319.86858   16.42620 4.4324e-02     0.5030     0.4164    90.1145 0.0000e+00
        613  38.651805    0.04247     2.5484    152.906     61.584  51028.468    31.5650     4.4093     61.000     4.4052    25.0149     3.1500     4.5017     42.908    137.248    140.681   -0.00032    7.34140   10.49159  319.86540   16.42605 4.2053e-02     0.5016     0.4145    90.1550 0.0000e+00
        617  38.651818    0.04281     2.5682    154.093     62.594  51029.647    31.5652     4.4093     62.000     4.4054    25.0151     3.1475     4.4980     42.873    137.136    140.566   -0.00048    7.34138   10.49157  319.86466   16.42602 3.9944e-02     0.5152     0.4160    90.1225 0.0000e+00
        622  38.651832    0.04314     2.5884    155.303     63.604  51035.734    31.5693     4.4109     63.000     4.4076    25.0181     3.1445     4.4938     42.835    137.005    140.433   -0.00069    7.34091   10.49089  319.84297   16.42497 3.8363e-02     0.5071     0.4155    90.1327 0.0000e+00
        627  38.651846    0.04348     2.6087    156.520     64.614  51033.445    31.5675     4.4119     64.000     4.4074    25.0166     3.1476     4.4983     42.878    137.143    140.574   -0.00020    7.34081   10.49076  319.83950   16.42481 3.6993e-02     0.4894     0.4173    90.0927 0.0000e+00
        632  38.651860    0.04381     2.6288    157.728     65.624  51040.836    31.5721     4.4124     65.000     4.4086    25.0202     3.1440     4.4931     42.831    136.985    140.412   -0.00044    7.34050   10.49030  319.82441   16.42407 3.6399e-02     0.4914     0.4195    90.0423 0.0000e+00
        637  38.651874    0.04415     2.6489    158.933     66.633  51041.636    31.5723     4.4133     66.000     4.4090    25.0204     3.1403     4.4879     42.783    136.824    140.248   -0.00079    7.34033   10.49006  319.81710   16.42372 3.6382e-02     0.5471     0.4223    89.9802 0.0000e+00
        642  38.651888    0.04449     2.6694    160.162     67.643  51042.336    31.5724     4.4137     67.000     4.4093    25.0204     3.1434     4.4924     42.825    136.960    140.388   -0.00020    7.34025   10.48996  319.81391   16.42357 3.6382e-02     0.5353     0.4236    89.9513 0.0000e+00
        647  38.651903    0.04483     2.6901    161.404     68.654  51042.667    31.5723     4.4141     68.000     4.4096    25.0202     3.1373     4.4835     42.741    136.692    140.112   -0.00084    7.34019   10.48986  319.81103   16.42344 3.6382e-02     0.5109     0.4230    89.9649 0.0000e+00
        652  38.651917    0.04518     2.7106    162.638     69.662  51044.224    31.5729     4.4144     69.000     4.4099    25.0207     3.1399     4.4871     42.777    136.803    140.226   -0.00030    7.34010   10.48973  319.80688   16.42323 3.6382e-02     0.5013     0.4231    89.9640 0.0000e+00
        657  38.651932    0.04553     2.7315    163.891     70.673  51044.940    31.5729     4.4146     70.000     4.4099    25.0207     3.1369     4.4829     42.736    136.672    140.092   -0.00060    7.34006   10.48968  319.80546   16.42317 3.6382e-02     0.4944     0.4247    89.9261 0.0000e+00
        662  38.651946    0.04587     2.7526    165.159     71.683  51046.082    31.5732     4.4145     71.000     4.4094    25.0209     3.1385     4.4852     42.758    136.742    140.164   -0.00023    7.34007   10.48969  319.80539   16.42317 3.6382e-02     0.5089     0.4242    89.9369 0.0000e+00
        667  38.651961    0.04622     2.7733    166.395     72.691  51048.918    31.5744     4.4134     72.000     4.4082    25.0219     3.1381     4.4846     42.752    136.726    140.147   -0.00017    7.34021   10.48990  319.81144   16.42345 3.6382e-02     0.5011     0.4265    89.8870 0.0000e+00
        672  38.651975    0.04658     2.7948    167.688     73.703  51050.782    31.5750     4.4129     73.000     4.4078    25.0225     3.1361     4.4817     42.724    136.638    140.057   -0.00043    7.34027   10.48998  319.81402   16.42357 3.6382e-02     0.5054     0.4262    89.8935 0.0000e+00
        677  38.651990    0.04693     2.8156    168.939     74.712  51052.174    31.5754     4.4127     74.000     4.4076    25.0229     3.1314     4.4751     42.661    136.435    139.849   -0.00083    7.34028   10.49000  319.81426   16.42358 3.6382e-02     0.4955     0.4283    89.8451 0.0000e+00
        682  38.652004    0.04727     2.8361    170.166     75.722  51053.538    31.5758     4.4124     75.000     4.4071    25.0232     3.1345     4.4795     42.702    136.569    139.986   -0.00026    7.34033   10.49007  319.81626   16.42367 3.6382e-02     0.5230     0.4302    89.8042 0.0000e+00
        687  38.652019    0.04761     2.8566    171.395     76.732  51056.114    31.5769     4.4119     76.000     4.4066    25.0242     3.1342     4.4791     42.698    136.557    139.974   -0.00023    7.34035   10.49009  319.81672   16.42369 3.6382e-02     0.5154     0.4287    89.8366 0.0000e+00
        692  38.652033    0.04796     2.8772    172.630     77.742  51056.799    31.5768     4.4116     77.000     4.4064    25.0241     3.1283     4.4707     42.618    136.299    139.709   -0.00074    7.34040   10.49016  319.81900   16.42380 3.6382e-02     0.5324     0.4284    89.8447 0.0000e+00
        696  38.652047    0.04829     2.8974    173.846     78.750  51058.052    31.5772     4.4117     78.000     4.4066    25.0244     3.1276     4.4696     42.608    136.268    139.678   -0.00079    7.34037   10.49013  319.81771   16.42374 3.6382e-02     0.5305     0.4326    89.7492 0.0000e+00
        701  38.652061    0.04864     2.9184    175.106     79.761  51058.527    31.5771     4.4119     79.000     4.4065    25.0243     3.1250     4.4658     42.572    136.154    139.561   -0.00074    7.34034   10.49007  319.81614   16.42366 3.6382e-02     0.5377     0.4304    89.7986 0.0000e+00
        706  38.652076    0.04898     2.9389    176.335     80.770  51059.896    31.5775     4.4118     80.000     4.4064    25.0247     3.1289     4.4715     42.626    136.325    139.736   -0.00007    7.34033   10.49007  319.81612   16.42366 3.6382e-02     0.5237     0.4333    89.7339 0.0000e+00
        711  38.652090    0.04933     2.9598    177.588     81.780  51060.742    31.5777     4.4121     81.000     4.4068    25.0247     3.1253     4.4663     42.577    136.166    139.574   -0.00055    7.34027   10.48998  319.81309   16.42351 3.6382e-02     0.5163     0.4308    89.7899 0.0000e+00
        716  38.652105    0.04968     2.9811    178.868     82.790  51061.982    31.5780     4.4123     82.000     4.4068    25.0250     3.1222     4.4619     42.535    136.032    139.436   -0.00067    7.34023   10.48992  319.81120   16.42342 3.6382e-02     0.5130     0.4310    89.7842 0.0000e+00
        722  38.652120    0.05004     3.0026    180.154     83.800  51063.371    31.5785     4.4125     83.000     4.4071    25.0254     3.1235     4.4638     42.553    136.088    139.494   -0.00030    7.34016   10.48982  319.80828   16.42328 3.6382e-02     0.5121     0.4328    89.7458 0.0000e+00
        727  38.652135    0.05040     3.0241    181.446     84.811  51064.824    31.5791     4.4130     84.000     4.4074    25.0258     3.1203     4.4593     42.510    135.951    139.353   -0.00057    7.34004   10.48965  319.80295   16.42303 3.6382e-02     0.5123     0.4340    89.7174 0.0000e+00
        732  38.652150    0.05075     3.0454    182.722     85.819  51065.441    31.5791     4.4132     85.000     4.4075    25.0258     3.1172     4.4548     42.468    135.815    139.214   -0.00075    7.34002   10.48963  319.80222   16.42299 3.6382e-02     0.5226     0.4325    89.7506 0.0000e+00
        737  38.652165    0.05112     3.0673    184.038     86.831  51064.424    31.5780     4.4138     86.000     4.4082    25.0249     3.1153     4.4520     42.442    135.731    139.128   -0.00076    7.33996   10.48955  319.79993   16.42288 3.6382e-02     0.5192     0.4306    89.7943 0.0000e+00
        742  38.652180    0.05149     3.0893    185.357     87.841  51066.750    31.5794     4.4149     87.000     4.4095    25.0259     3.1149     4.4514     42.439    135.713    139.109   -0.00048    7.33969   10.48915  319.78766   16.42229 3.6382e-02     0.5232     0.4315    89.7741 0.0000e+00
        748  38.652195    0.05184     3.1105    186.631     88.848  51072.323    31.5830     4.4161     88.000     4.4108    25.0286     3.1149     4.4515     42.441    135.713    139.110   -0.00035    7.33930   10.48860  319.76983   16.42143 3.6382e-02     0.5241     0.4314    89.7759 0.0000e+00
        753  38.652210    0.05221     3.1325    187.950     89.860  51076.578    31.5856     4.4173     89.000     4.4114    25.0306     3.1127     4.4484     42.413    135.618    139.013   -0.00050    7.33897   10.48811  319.75459   16.42070 3.6382e-02     0.5075     0.4397    89.5907 0.0000e+00
        758  38.652225    0.05256     3.1537    189.225     90.869  51078.177    31.5863     4.4178     90.000     4.4120    25.0311     3.1114     4.4466     42.397    135.563    138.956   -0.00051    7.33883   10.48792  319.74831   16.42040 3.6382e-02     0.5214     0.4442    89.4888 0.0000e+00
        763  38.652239    0.05291     3.1745    190.472     91.879  51078.024    31.5859     4.4184     91.000     4.4123    25.0308     3.1093     4.4436     42.369    135.472    138.864   -0.00054    7.33875   10.48780  319.74500   16.42024 3.6382e-02     0.5256     0.4499    89.3616 0.0000e+00
        768  38.652254    0.05325     3.1952    191.712     92.889  51078.883    31.5860     4.4186     92.000     4.4124    25.0308     3.1080     4.4417     42.352    135.416    138.806   -0.00060    7.33872   10.48776  319.74357   16.42017 3.6382e-02     0.5340     0.4466    89.4364 0.0000e+00
        773  38.652268    0.05360     3.2159    192.953     93.899  51079.984    31.5863     4.4187     93.000     4.4124    25.0310     3.1101     4.4446     42.379    135.504    138.897   -0.00017    7.33868   10.48770  319.74184   16.42009 3.6382e-02     0.5450     0.4460    89.4497 0.0000e+00
        778  38.652282    0.05394     3.2366    194.194     94.909  51080.442    31.5861     4.4188     94.000     4.4125    25.0309     3.1028     4.4341     42.280    135.185    138.569   -0.00086    7.33868   10.48770  319.74181   16.42009 3.6382e-02     0.5210     0.4477    89.4104 0.0000e+00
        783  38.652297    0.05429     3.2575    195.452     95.917  51081.902    31.5867     4.4193     95.000     4.4131    25.0314     3.1020     4.4330     42.270    135.150    138.534   -0.00085    7.33855   10.48752  319.73616   16.41982 3.6382e-02     0.5261     0.4486    89.3907 0.0000e+00
        788  38.652312    0.05465     3.2790    196.742     96.929  51083.941    31.5878     4.4201     96.000     4.4138    25.0321     3.1080     4.4417     42.354    135.415    138.805    0.00014    7.33835   10.48724  319.72729   16.41939 3.6382e-02     0.5297     0.4496    89.3703 0.0000e+00
        793  38.652326    0.05500     3.3002    198.011     97.939  51085.043    31.5882     4.4206     97.000     4.4141    25.0324     3.1017     4.4326     42.267    135.139    138.521   -0.00049    7.33826   10.48711  319.72321   16.41919 3.6382e-02     0.5222     0.4522    89.3118 0.0000e+00
        798  38.652341    0.05536     3.3214    199.283     98.949  51085.003    31.5877     4.4208     98.000     4.4141    25.0320     3.1005     4.4310     42.252    135.088    138.470   -0.00058    7.33823   10.48706  319.72204   16.41914 3.6382e-02     0.5105     0.4553    89.2414 0.0000e+00
        803  38.652356    0.05570     3.3422    200.530     99.958  51084.689    31.5869     4.4205     99.000     4.4138    25.0314     3.1022     4.4333     42.273    135.159    138.542   -0.00028    7.33833   10.48720  319.72638   16.41935 3.6382e-02     0.5334     0.4544    89.2630 0.0000e+00
        808  38.652371    0.05606     3.3636    201.813    100.970  51086.779    31.5878     4.4205    100.000     4.4137    25.0321     3.0966     4.4254     42.198    134.918    138.296   -0.00077    7.33829   10.48715  319.72458   16.41927 3.6382e-02     0.5267     0.4521    89.3118 0.0000e+00
        813  38.652385    0.05640     3.3841    203.048    101.978  51087.892    31.5882     4.4207    101.000     4.4142    25.0324     3.0965     4.4252     42.197    134.912    138.290   -0.00055    7.33823   10.48706  319.72171   16.41913 3.6382e-02     0.5197     0.4510    89.3381 0.0000e+00
        818  38.652400    0.05676     3.4055    204.328    102.989  51089.428    31.5890     4.4221    102.000     4.4154    25.0330     3.0993     4.4292     42.236    135.034    138.414   -0.00014    7.33795   10.48664  319.70910   16.41852 3.6382e-02     0.5245     0.4615    89.1047 0.0000e+00
        823  38.652414    0.05710     3.4261    205.563    103.997  51088.292    31.5877     4.4218    103.000     4.4146    25.0318     3.0966     4.4253     42.199    134.917    138.294   -0.00039    7.33806   10.48682  319.71459   16.41879 3.6382e-02     0.5216     0.4588    89.1626 0.0000e+00
        828  38.652429    0.05745     3.4473    206.836    105.008  51089.246    31.5878     4.4216    104.000     4.4144    25.0320     3.0946     4.4225     42.172    134.831    138.206   -0.00048    7.33809   10.48687  319.71618   16.41886 3.6382e-02     0.5324     0.4532    89.2873 0.0000e+00
        833  38.652443    0.05781     3.4685    208.108    106.018  51097.517    31.5933     4.4231    105.000     4.4180    25.0362     3.0973     4.4264     42.212    134.948    138.327   -0.00009    7.33755   10.48609  319.69109   16.41765 3.6382e-02     0.5149     0.4624    89.0844 0.0000e+00
        839  38.652458    0.05816     3.4898    209.390    107.027  51097.430    31.5936     4.4269    106.000     4.4203    25.0361     3.0959     4.4244     42.197    134.886    138.263   -0.00015    7.33686   10.48511  319.66105   16.41622 3.6382e-02     0.5157     0.4733    88.8406 0.0000e+00
        844  38.652473    0.05853     3.5117    210.704    108.038  51098.314    31.5940     4.4282    107.000     4.4211    25.0363     3.0960     4.4245     42.199    134.890    138.267   -0.00018    7.33661   10.48474  319.65001   16.41569 3.6382e-02     0.5395     0.4747    88.8106 0.0000e+00
