CTD-processing/allCTD/CNV/2017_04-19_t7_s01_cast099_4141.cnv
* Sea-Bird SBE19plus Data File:
* FileName = P:\My Documents\kasitsna\Research-KBL\Oceanography-AK\CTD-Data-ALL-to-2017-02\2017-CTD-KachemakBay-CookInlet\2017-04-19-CookInlet-Tran7-Augustine\2017-04-19-CookInlet-Tran7-cast099.hex
* Software Version 1.59
* Temperature SN =  4141
* Conductivity SN =  4141
* System UpLoad Time = Apr 19 2017 16:34:11
** Cook Inlet LTM Transect 7 Augustine west to east
** Date: 2017-04-19
** Station: (eg. 9-01): 7-01
** Start time (AKDT): 08:20
** Depth (m): 29.6
** Comment: R/V Alaska Dreamcatcher
** Comment:
# nquan = 27
# nvalues = 30                          
# units = specified
# name 0 = scan: Scan Count
# name 1 = timeJ: Julian Days
# name 2 = timeH: Time, Elapsed [hours]
# name 3 = timeM: Time, Elapsed [minutes]
# name 4 = timeS: Time, Elapsed [seconds]
# name 5 = prdM: Pressure, Strain Gauge [db]
# name 6 = specc: Specific Conductance [uS/cm]
# name 7 = sal00: Salinity, Practical [PSU]
# name 8 = tv290C: Temperature [ITS-90, deg C]
# name 9 = depSM: Depth [salt water, m], lat = 59.00
# name 10 = potemp090C: Potential Temperature [ITS-90, deg C]
# name 11 = sigma-é00: Density [sigma-theta, kg/m^3]
# name 12 = sbeox0ML/L: Oxygen, SBE 43 [ml/l]
# name 13 = sbeox0Mg/L: Oxygen, SBE 43 [mg/l]
# name 14 = sbeox0PS: Oxygen, SBE 43 [% saturation]
# name 15 = sbox0Mm/Kg: Oxygen, SBE 43 [umol/kg]
# name 16 = sbeox0Mm/L: Oxygen, SBE 43 [umol/l]
# name 17 = sbox0dV/dT: Oxygen, SBE 43 [dov/dt]
# name 18 = oxsolML/L: Oxygen Saturation, Garcia & Gordon [ml/l]
# name 19 = oxsolMg/L: Oxygen Saturation, Garcia & Gordon [mg/l]
# name 20 = oxsolMm/Kg: Oxygen Saturation, Garcia & Gordon [umol/kg]
# name 21 = n2satMg/L: Nitrogen Saturation [mg/l]
# name 22 = par: PAR/Irradiance, Biospherical/Licor
# name 23 = wetStar: Fluorescence, WET Labs WETstar [mg/m^3]
# name 24 = CStarAt0: Beam Attenuation, WET Labs C-Star [1/m]
# name 25 = CStarTr0: Beam Transmission, WET Labs C-Star [%]
# name 26 = flag: flag
# span 0 =        103,        351       
# span 1 = 109.347551, 109.348271       
# span 2 =    0.00707,    0.02433       
# span 3 =     0.4240,     1.4597       
# span 4 =     25.439,     87.585       
# span 5 =      1.018,     30.240       
# span 6 =  50364.176,  51604.000       
# span 7 =    30.9273,    31.6705       
# span 8 =     2.8719,     3.7582       
# span 9 =      1.000,     30.000       
# span 10 =     2.8708,     3.5832      
# span 11 =    24.5932,    25.2139      
# span 12 =     3.2275,     3.4523      
# span 13 =     4.6125,     4.9338      
# span 14 =     43.251,     45.233      
# span 15 =    140.622,    150.432      
# span 16 =    144.142,    154.183      
# span 17 =   -0.00119,    0.00344      
# span 18 =    7.46179,    7.63830      
# span 19 =   10.66365,   10.91590      
# span 20 =  325.10523,  332.82888      
# span 21 =   16.67545,   17.04337      
# span 22 = 3.1345e-01, 7.4718e+01      
# span 23 =     0.2904,     0.7859      
# span 24 =     0.6858,     1.2223      
# span 25 =    74.1054,    84.2434      
# span 26 = 0.0000e+00, 0.0000e+00      
# interval = meters: 1                  
# start_time = Apr 19 2017 08:20:03 [Instrument's time stamp, header]
# bad_flag = -9.990e-29
*END*
        103 109.347551    0.00707     0.4240     25.439      1.018  51130.068    31.5086     3.7582      1.000     3.5832    25.0322     3.2275     4.6125     43.251    140.622    144.142    0.00022    7.46179   10.66365  325.10523   16.67545 7.4718e+01     0.2904     1.2223    74.1054 0.0000e+00
        272 109.348040    0.01879     1.1272     67.632      2.019  50364.176    30.9273     3.5007      2.000     3.3300    24.5932     3.3685     4.8139     44.685    146.824    150.435   -0.00033    7.53855   10.77333  328.59036   16.84345 4.4171e+01     0.4901     1.0186    77.4667 0.0000e+00
        260 109.348005    0.01797     1.0782     64.690      3.028  50843.810    31.1937     3.2677      3.000     3.2368    24.8254     3.3827     4.8343     44.696    147.414    151.074    0.00069    7.56839   10.81598  329.81642   16.90063 3.6442e+01     0.7202     1.0032    77.8180 0.0000e+00
        263 109.348016    0.01821     1.0931     65.587      4.041  50867.817    31.1985     3.2250      4.000     3.1853    24.8329     3.4004     4.8595     44.883    148.182    151.862    0.00193    7.57617   10.82709  330.15280   16.91660 2.8787e+01     0.5182     0.9952    77.9738 0.0000e+00
        267 109.348026    0.01844     1.1068     66.410      5.048  50872.500    31.1824     3.1516      5.000     3.1076    24.8262     3.4205     4.8883     45.062    149.061    152.761    0.00296    7.59080   10.84801  330.79272   16.94707 2.5274e+01     0.4422     1.0065    77.7536 0.0000e+00
        270 109.348035    0.01867     1.1204     67.227      6.054  50898.768    31.1810     3.0789      6.000     3.0306    24.8312     3.4389     4.9146     45.222    149.863    153.584    0.00344    7.60458   10.86771  331.39172   16.97552 2.2268e+01     0.4550     1.0199    77.4938 0.0000e+00
        273 109.348045    0.01891     1.1348     68.088      7.066  50965.585    31.2066     3.0056      7.000     2.9765    24.8576     3.4440     4.9219     45.214    150.080    153.811    0.00269    7.61713   10.88564  331.92991   17.00098 1.9884e+01     0.4650     1.0385    77.1337 0.0000e+00
        277 109.348055    0.01916     1.1495     68.970      8.077  51023.548    31.2336     2.9611      8.000     2.9498    24.8828     3.4355     4.9097     45.061    149.707    153.432    0.00056    7.62415   10.89567  332.22769   17.01502 1.8072e+01     0.6400     1.0489    76.9338 0.0000e+00
        280 109.348065    0.01940     1.1640     69.839      9.088  51044.235    31.2432     2.9464      9.000     2.9428    24.8917     3.4353     4.9095     45.046    149.697    153.423   -0.00003    7.62642   10.89893  332.32409   17.01956 1.5373e+01     0.4793     1.0527    76.8600 0.0000e+00
        284 109.348075    0.01962     1.1772     70.633     10.094  51036.909    31.2366     2.9420     10.000     2.9383    24.8868     3.4461     4.9248     45.180    150.165    153.903    0.00096    7.62762   10.90063  332.37777   17.02213 1.3438e+01     0.5393     1.0660    76.6053 0.0000e+00
        287 109.348083    0.01984     1.1903     71.419     11.103  51060.454    31.2504     2.9361     11.000     2.9278    24.8983     3.4493     4.9294     45.219    150.305    154.047    0.00128    7.62803   10.90121  332.39176   17.02275 1.1476e+01     0.6282     1.0789    76.3579 0.0000e+00
        290 109.348093    0.02006     1.2038     72.227     12.115  51078.480    31.2587     2.9231     12.000     2.9106    24.9058     3.4492     4.9292     45.206    150.298    154.041    0.00076    7.63007   10.90414  332.47843   17.02683 9.3645e+00     0.7859     1.0822    76.2965 0.0000e+00
        293 109.348102    0.02029     1.2173     73.035     13.122  51096.359    31.2649     2.9031     13.000     2.8887    24.9126     3.4489     4.9287     45.180    150.281    154.025    0.00028    7.63353   10.90908  332.62675   17.03385 7.7922e+00     0.6675     1.0906    76.1359 0.0000e+00
        296 109.348112    0.02052     1.2311     73.867     14.130  51120.982    31.2756     2.8824     14.000     2.8746    24.9228     3.4455     4.9241     45.118    150.137    153.879   -0.00036    7.63691   10.91391  332.77080   17.04065 6.5817e+00     0.6753     1.0831    76.2788 0.0000e+00
        300 109.348122    0.02076     1.2457     74.743     15.145  51138.952    31.2846     2.8727     15.000     2.8708    24.9307     3.4489     4.9289     45.153    150.283    154.029   -0.00019    7.63830   10.91590  332.82888   17.04337 5.4713e+00     0.6599     1.0848    76.2460 0.0000e+00
        303 109.348132    0.02099     1.2597     75.585     16.152  51149.160    31.2908     2.8719     16.000     2.8727    24.9357     3.4523     4.9338     45.200    150.432    154.183    0.00036    7.63811   10.91563  332.81899   17.04288 4.5152e+00     0.6817     1.0693    76.5425 0.0000e+00
        307 109.348141    0.02122     1.2730     76.380     17.160  51147.522    31.2897     2.8739     17.000     2.8730    24.9346     3.4469     4.9260     45.130    150.195    153.940   -0.00033    7.63781   10.91518  332.80588   17.04226 3.7606e+00     0.7193     1.0714    76.5027 0.0000e+00
        310 109.348150    0.02145     1.2867     77.200     18.168  51158.267    31.2965     2.8742     18.000     2.8754    24.9401     3.4469     4.9261     45.133    150.196    153.942   -0.00034    7.63739   10.91459  332.78582   17.04128 3.0293e+00     0.6683     1.0717    76.4951 0.0000e+00
        313 109.348161    0.02169     1.3013     78.078     19.180  51168.135    31.3041     2.8797     19.000     2.8830    24.9457     3.4436     4.9212     45.096    150.045    153.788   -0.00051    7.63594   10.91253  332.72116   17.03817 2.4198e+00     0.7128     1.0531    76.8530 0.0000e+00
        317 109.348170    0.02193     1.3158     78.947     20.191  51166.030    31.3039     2.8865     20.000     2.8870    24.9450     3.4428     4.9201     45.095    150.013    153.756   -0.00059    7.63466   10.91070  332.66569   17.03554 1.9832e+00     0.6448     1.0417    77.0732 0.0000e+00
        320 109.348181    0.02216     1.3299     79.793     21.198  51172.436    31.3084     2.8889     21.000     2.8889    24.9484     3.4425     4.9198     45.095    150.004    153.746   -0.00039    7.63397   10.90970  332.63430   17.03404 1.6161e+00     0.5818     1.0384    77.1358 0.0000e+00
        324 109.348191    0.02241     1.3444     80.663     22.209  51215.142    31.3381     2.8942     22.000     2.9063    24.9716     3.4426     4.9197     45.110    149.999    153.745   -0.00021    7.63141   10.90605  332.51560   17.02827 1.3508e+00     0.6005     1.0277    77.3420 0.0000e+00
        327 109.348200    0.02265     1.3586     81.518     23.222  51217.086    31.3455     2.9195     23.000     2.9272    24.9756     3.4393     4.9152     45.099    149.859    153.601   -0.00026    7.62623   10.89863  332.28798   17.01744 1.1190e+00     0.7063     0.9995    77.8887 0.0000e+00
        330 109.348210    0.02288     1.3725     82.350     24.226  51231.183    31.3583     2.9336     24.000     2.9475    24.9846     3.4375     4.9125     45.094    149.776    153.518   -0.00035    7.62289   10.89387  332.13967   17.01034 9.4389e-01     0.5971     0.9816    78.2396 0.0000e+00
        334 109.348220    0.02312     1.3872     83.234     25.237  51418.117    31.4943     2.9726     25.000     3.0204    25.0899     3.4240     4.8932     45.002    149.171    152.914   -0.00077    7.60844   10.87322  331.47624   16.97828 7.9008e-01     0.5968     0.9303    79.2520 0.0000e+00
        337 109.348230    0.02336     1.4021     84.124     26.249  51570.186    31.6200     3.0615     26.000     3.1230    25.1828     3.4103     4.8737     44.961    148.564    152.306   -0.00119    7.58517   10.83996  330.43224   16.92818 6.2311e-01     0.5440     0.8278    81.3066 0.0000e+00
        341 109.348241    0.02360     1.4163     84.979     27.257  51604.000    31.6705     3.1690     27.000     3.1989    25.2139     3.4037     4.8642     45.008    148.270    152.008   -0.00043    7.56235   10.80736  329.42863   16.88029 6.7268e-01     0.5234     0.7165    83.6007 0.0000e+00
        344 109.348250    0.02384     1.4301     85.808     28.267  51570.200    31.6588     3.2141     28.000     3.2229    25.2007     3.4017     4.8615     45.029    148.186    151.921   -0.00007    7.55454   10.79619  329.09212   16.86435 5.4494e-01     0.5983     0.6858    84.2434 0.0000e+00
        348 109.348260    0.02407     1.4441     86.649     29.273  51562.966    31.6571     3.2286     29.000     3.2314    25.1982     3.4042     4.8649     45.077    148.294    152.030    0.00023    7.55192   10.79244  328.97868   16.85896 4.1014e-01     0.6452     0.6862    84.2376 0.0000e+00
        351 109.348271    0.02433     1.4597     87.585     30.240  51556.898    31.6546     3.2366     30.000     3.2353    25.1955     3.4154     4.8808     45.233    148.780    152.528    0.00129    7.55053   10.79046  328.91963   16.85617 3.1345e-01     0.7633     0.7096    83.7449 0.0000e+00
