CTD-processing/allCTD/CNV/2017_07-24_t9_s06_cast206_4141.cnv
* Sea-Bird SBE19plus Data File:
* FileName = P:\My Documents\kasitsna\Research-KBL\Oceanography-AK\CTD-Data-ALL-to-2017-02\2017-CTD-KachemakBay-CookInlet\2017-07-24-CookInlet-Tran9-HomerSpit\2017-07-24-CookInlet-Tran9-cast206.hex
* Software Version 1.59
* Temperature SN =  4141
* Conductivity SN =  4141
* System UpLoad Time = Jul 24 2017 19:43:40
** Cook Inlet LTM Transect 9 Homer Spit north to south
** Date: 2017-07-24
** Station: (eg. 9-01): 9-06
** Start time (AKDT): 10:00
** Depth (m): 95.7
** Comment: R/V Edgecumbe.  Quarterly survey.
** Comment:
# nquan = 27
# nvalues = 78                          
# units = specified
# name 0 = scan: Scan Count
# name 1 = timeJ: Julian Days
# name 2 = timeH: Time, Elapsed [hours]
# name 3 = timeM: Time, Elapsed [minutes]
# name 4 = timeS: Time, Elapsed [seconds]
# name 5 = prdM: Pressure, Strain Gauge [db]
# name 6 = specc: Specific Conductance [uS/cm]
# name 7 = sal00: Salinity, Practical [PSU]
# name 8 = tv290C: Temperature [ITS-90, deg C]
# name 9 = depSM: Depth [salt water, m], lat = 59.00
# name 10 = potemp090C: Potential Temperature [ITS-90, deg C]
# name 11 = sigma-é00: Density [sigma-theta, kg/m^3]
# name 12 = sbeox0ML/L: Oxygen, SBE 43 [ml/l]
# name 13 = sbeox0Mg/L: Oxygen, SBE 43 [mg/l]
# name 14 = sbeox0PS: Oxygen, SBE 43 [% saturation]
# name 15 = sbox0Mm/Kg: Oxygen, SBE 43 [umol/kg]
# name 16 = sbeox0Mm/L: Oxygen, SBE 43 [umol/l]
# name 17 = sbox0dV/dT: Oxygen, SBE 43 [dov/dt]
# name 18 = oxsolML/L: Oxygen Saturation, Garcia & Gordon [ml/l]
# name 19 = oxsolMg/L: Oxygen Saturation, Garcia & Gordon [mg/l]
# name 20 = oxsolMm/Kg: Oxygen Saturation, Garcia & Gordon [umol/kg]
# name 21 = n2satMg/L: Nitrogen Saturation [mg/l]
# name 22 = par: PAR/Irradiance, Biospherical/Licor
# name 23 = wetStar: Fluorescence, WET Labs WETstar [mg/m^3]
# name 24 = CStarAt0: Beam Attenuation, WET Labs C-Star [1/m]
# name 25 = CStarTr0: Beam Transmission, WET Labs C-Star [%]
# name 26 = flag: flag
# span 0 =        497,       1253       
# span 1 = 205.418867, 205.421053       
# span 2 =    0.03448,    0.08695       
# span 3 =     2.0687,     5.2166       
# span 4 =    124.124,    312.996       
# span 5 =      1.020,     78.751       
# span 6 =  45042.413,  50125.973       
# span 7 =    28.5109,    31.6559       
# span 8 =     8.1976,    11.2693       
# span 9 =      1.000,     78.000       
# span 10 =     8.1899,    11.2272      
# span 11 =    21.6825,    24.6213      
# span 12 =     2.6662,     3.0031      
# span 13 =     3.8103,     4.2917      
# span 14 =     41.638,     44.749      
# span 15 =    116.546,    130.897      
# span 16 =    119.073,    134.119      
# span 17 =   -0.00128,    0.00250      
# span 18 =    6.38799,    6.71513      
# span 19 =    9.12908,    9.59660      
# span 20 =  279.10638,  292.69140      
# span 21 =   14.49138,   15.13056      
# span 22 = 5.0794e-02, 1.5777e+02      
# span 23 =     0.4526,     2.4717      
# span 24 =     0.6385,     2.0958      
# span 25 =    60.2543,    85.2462      
# span 26 = 0.0000e+00, 0.0000e+00      
# interval = meters: 1                  
# start_time = Jul 24 2017 10:01:06 [Instrument's time stamp, header]
# bad_flag = -9.990e-29
*END*
        497 205.418867    0.03448     2.0687    124.124      1.020  45042.413    28.5109    11.2693      1.000    11.2272    21.6825     2.6662     3.8103     41.638    116.546    119.073    0.00068    6.40342    9.15112  279.90761   14.53212 1.5777e+02     1.9092     2.0958    60.2543 0.0000e+00
        612 205.419199    0.04245     2.5466    152.797      2.021  45884.590    29.0952    11.2094      2.000    11.1633    22.1464     2.7171     3.8830     42.535    118.718    121.347    0.00141    6.38799    9.12908  279.10638   14.49138 9.2495e+01     1.9450     1.3736    70.6988 0.0000e+00
        605 205.419177    0.04193     2.5155    150.931      3.028  46684.185    29.6337    10.9873      3.000    10.9136    22.6026     2.7259     3.8957     42.615    119.051    121.741    0.00233    6.39673    9.14158  279.36389   14.50153 6.1031e+01     2.0318     1.0501    76.8997 0.0000e+00
        610 205.419192    0.04227     2.5362    152.172      4.042  46919.381    29.7851    10.8587      4.000    10.8096    22.7421     2.7346     3.9079     42.672    119.411    122.126    0.00159    6.40836    9.15819  279.83353   14.52340 4.6060e+01     2.1027     1.0325    77.2492 0.0000e+00
        614 205.419205    0.04258     2.5549    153.296      5.041  47085.621    29.8901    10.7533      5.000    10.7107    22.8416     2.7427     3.9196     42.730    119.755    122.490    0.00161    6.41871    9.17297  280.25785   14.54328 3.3429e+01     2.2559     0.9826    78.2213 0.0000e+00
        620 205.419223    0.04301     2.5808    154.846      6.066  47289.646    30.0200    10.6330      6.000    10.5889    22.9627     2.7513     3.9319     42.788    120.116    122.874    0.00106    6.43014    9.18931  280.72370   14.56506 2.5793e+01     2.3276     0.9400    79.0559 0.0000e+00
        625 205.419235    0.04331     2.5987    155.922      7.062  47448.302    30.1173    10.5113      7.000    10.4443    23.0588     2.7669     3.9542     42.943    120.784    123.569    0.00209    6.44317    9.20793  281.26625   14.59062 2.0508e+01     2.3739     0.9367    79.1224 0.0000e+00
        630 205.419251    0.04368     2.6211    157.265      8.077  47749.291    30.3116    10.3627      8.000    10.3190    23.2347     2.7766     3.9681     43.008    121.187    124.003    0.00168    6.45603    9.22631  281.77927   14.61439 1.5656e+01     2.4717     0.9353    79.1487 0.0000e+00
        635 205.419266    0.04406     2.6433    158.601      9.085  48053.384    30.5093    10.2288      9.000    10.1801    23.4107     2.7865     3.9822     43.090    121.600    124.447    0.00147    6.46672    9.24159  282.19737   14.63359 1.2034e+01     2.4634     0.9138    79.5759 0.0000e+00
        641 205.419282    0.04442     2.6654    159.927     10.096  48264.915    30.6447    10.1206     10.000    10.0810    23.5339     2.7956     3.9952     43.166    121.983    124.853    0.00159    6.47642    9.25545  282.58632   14.65165 9.4527e+00     2.2856     0.8884    80.0836 0.0000e+00
        646 205.419296    0.04477     2.6860    161.161     11.099  48485.478    30.7897    10.0396     11.000    10.0155    23.6602     2.7988     3.9997     43.179    122.105    124.994    0.00089    6.48189    9.26327  282.79019   14.66082 7.2755e+00     2.0900     0.8804    80.2430 0.0000e+00
        652 205.419313    0.04519     2.7113    162.680     12.117  48624.665    30.8787     9.9694     12.000     9.9443    23.7409     2.8049     4.0084     43.231    122.361    125.266    0.00082    6.48815    9.27222  283.04110   14.67246 5.4693e+00     2.0688     0.8634    80.5864 0.0000e+00
        657 205.419330    0.04558     2.7349    164.095     13.124  48781.637    30.9772     9.8774     13.000     9.8274    23.8326     2.8115     4.0179     43.272    122.638    125.560    0.00076    6.49714    9.28507  283.40809   14.68962 4.3585e+00     1.8335     0.8160    81.5467 0.0000e+00
        663 205.419345    0.04594     2.7566    165.399     14.132  48948.080    31.0796     9.7647     14.000     9.7455    23.9306     2.8169     4.0256     43.277    122.861    125.801    0.00036    6.50897    9.30197  283.89687   14.71259 3.4451e+00     1.7783     0.7730    82.4288 0.0000e+00
        668 205.419361    0.04632     2.7794    166.761     15.141  49006.931    31.1151     9.7217     15.000     9.7092    23.9652     2.8203     4.0305     43.298    123.006    125.954    0.00034    6.51365    9.30866  284.09132   14.72174 2.6732e+00     1.7505     0.7571    82.7578 0.0000e+00
        674 205.419379    0.04676     2.8052    168.313     16.153  49078.303    31.1609     9.6908     16.000     9.6807    24.0060     2.8187     4.0282     43.257    122.933    125.884   -0.00034    6.51616    9.31224  284.18938   14.72624 2.1165e+00     1.6970     0.7450    83.0065 0.0000e+00
        680 205.419394    0.04712     2.8273    169.636     17.161  49106.884    31.1785     9.6749     17.000     9.6653    24.0223     2.8213     4.0319     43.286    123.042    125.999    0.00015    6.51769    9.31444  284.25188   14.72917 1.6899e+00     1.6400     0.7435    83.0378 0.0000e+00
        685 205.419410    0.04750     2.8501    171.008     18.169  49145.423    31.2014     9.6461     18.000     9.6267    24.0448     2.8204     4.0305     43.251    122.999    125.957   -0.00030    6.52087    9.31897  284.38388   14.73539 1.3507e+00     1.6513     0.7320    83.2771 0.0000e+00
        691 205.419426    0.04791     2.8742    172.452     19.182  49176.792    31.2146     9.5816     19.000     9.5528    24.0653     2.8217     4.0325     43.214    123.055    126.016   -0.00072    6.52958    9.33143  284.75841   14.75324 1.0744e+00     1.6266     0.7399    83.1119 0.0000e+00
        696 205.419443    0.04828     2.8972    173.832     20.189  49179.515    31.1984     9.4490     20.000     9.3742    24.0736     2.8322     4.0475     43.244    123.514    126.487   -0.00017    6.54942    9.35977  285.62102   14.79456 8.4969e-01     1.5947     0.7762    82.3619 0.0000e+00
        702 205.419460    0.04871     2.9229    175.372     21.197  49323.660    31.2769     9.2826     21.000     9.2566    24.1610     2.8425     4.0622     43.263    123.952    126.947   -0.00007    6.57024    9.38953  286.50475   14.83649 6.5842e-01     1.5244     0.8265    81.3338 0.0000e+00
        709 205.419478    0.04914     2.9481    176.888     22.213  49367.332    31.2996     9.2272     22.000     9.2024    24.1873     2.8454     4.0664     43.261    124.076    127.077   -0.00007    6.57735    9.39969  286.80732   14.85086 5.2233e-01     1.3965     0.8496    80.8642 0.0000e+00
        714 205.419493    0.04949     2.9696    178.176     23.217  49423.018    31.3291     9.1605     23.000     9.1410    24.2207     2.8473     4.0690     43.233    124.151    127.159   -0.00039    6.58585    9.41185  287.16888   14.86802 4.1790e-01     1.3478     0.8708    80.4361 0.0000e+00
        719 205.419509    0.04988     2.9929    179.577     24.224  49459.939    31.3488     9.1186     24.000     9.0957    24.2425     2.8482     4.0704     43.213    124.192    127.203   -0.00047    6.59115    9.41941  287.39343   14.87868 3.2669e-01     1.2825     0.8775    80.3013 0.0000e+00
        726 205.419528    0.05035     3.0208    181.249     25.242  49532.094    31.3895     9.0508     25.000     9.0335    24.2849     2.8480     4.0701     43.156    124.177    127.192   -0.00079    6.59935    9.43113  287.73934   14.89504 2.4838e-01     1.2081     0.8753    80.3466 0.0000e+00
        732 205.419546    0.05075     3.0452    182.710     26.247  49607.704    31.4320     8.9786     26.000     8.9401    24.3291     2.8524     4.0764     43.165    124.363    127.389   -0.00046    6.60814    9.44370  288.11028   14.91260 1.9829e-01     1.1488     0.8625    80.6042 0.0000e+00
        737 205.419561    0.05114     3.0687    184.124     27.255  49701.911    31.4878     8.9093     27.000     8.8987    24.3834     2.8558     4.0812     43.165    124.502    127.538   -0.00035    6.61597    9.45489  288.43648   14.92797 1.6272e-01     1.1114     0.8528    80.7995 0.0000e+00
        743 205.419578    0.05153     3.0917    185.503     28.270  49723.441    31.5008     8.8973     28.000     8.8941    24.3954     2.8537     4.0783     43.126    124.413    127.448   -0.00053    6.61719    9.45663  288.48614   14.93029 1.3404e-01     1.0188     0.8529    80.7974 0.0000e+00
        748 205.419593    0.05190     3.1143    186.856     29.273  49726.989    31.5027     8.8967     29.000     8.8936    24.3970     2.8515     4.0751     43.092    124.315    127.348   -0.00067    6.61719    9.45662  288.48525   14.93023 1.1188e-01     0.9872     0.8426    81.0057 0.0000e+00
        755 205.419612    0.05236     3.1416    188.497     30.284  49738.032    31.5102     8.8975     30.000     8.8960    24.4027     2.8504     4.0734     43.077    124.264    127.296   -0.00058    6.61675    9.45599  288.46451   14.92922 9.4980e-02     0.9761     0.8374    81.1110 0.0000e+00
        762 205.419631    0.05282     3.1689    190.134     31.302  49745.659    31.5157     8.9016     31.000     8.8992    24.4065     2.8498     4.0727     43.075    124.241    127.273   -0.00029    6.61591    9.45479  288.42698   14.92740 8.3580e-02     0.9782     0.8319    81.2239 0.0000e+00
        766 205.419645    0.05314     3.1883    191.296     32.296  49747.709    31.5170     8.9032     32.000     8.8995    24.4072     2.8525     4.0766     43.118    124.359    127.394    0.00022    6.61563    9.45440  288.41471   14.92681 7.5754e-02     0.9953     0.8349    81.1607 0.0000e+00
        772 205.419662    0.05354     3.2127    192.765     33.318  49754.668    31.5215     8.9036     33.000     8.9006    24.4107     2.8427     4.0625     42.970    123.927    126.953   -0.00128    6.61538    9.45404  288.40274   14.92622 6.9518e-02     1.0001     0.8181    81.5029 0.0000e+00
        778 205.419680    0.05398     3.2385    194.309     34.323  49759.386    31.5244     8.9044     34.000     8.9013    24.4129     2.8472     4.0690     43.041    124.126    127.157   -0.00011    6.61513    9.45368  288.39118   14.92566 6.4819e-02     0.9829     0.8045    81.7817 0.0000e+00
        784 205.419697    0.05439     3.2636    195.815     35.332  49772.603    31.5337     8.9072     35.000     8.9063    24.4197     2.8432     4.0631     42.985    123.949    126.976   -0.00063    6.61432    9.45253  288.35410   14.92385 6.1340e-02     0.9849     0.7900    82.0784 0.0000e+00
        790 205.419714    0.05479     3.2875    197.248     36.341  49793.790    31.5496     8.9177     36.000     8.9176    24.4307     2.8431     4.0631     42.999    123.946    126.974   -0.00027    6.61208    9.44933  288.25345   14.91897 5.9091e-02     1.0213     0.7560    82.7786 0.0000e+00
        796 205.419731    0.05522     3.3131    198.787     37.357  49786.636    31.5451     8.9244     37.000     8.9191    24.4261     2.8413     4.0605     42.976    123.866    126.892   -0.00036    6.61129    9.44820  288.22040   14.91741 5.7116e-02     1.0848     0.7568    82.7634 0.0000e+00
        802 205.419747    0.05560     3.3360    200.161     38.360  49802.534    31.5560     8.9256     38.000     8.9246    24.4345     2.8403     4.0591     42.966    123.823    126.849   -0.00036    6.61064    9.44727  288.18963   14.91589 5.5750e-02     1.0850     0.7440    83.0279 0.0000e+00
        808 205.419765    0.05603     3.3619    201.713     39.372  49806.466    31.5593     8.9318     39.000     8.9296    24.4361     2.8373     4.0548     42.927    123.691    126.714   -0.00060    6.60960    9.44577  288.14346   14.91367 5.4635e-02     1.0522     0.7212    83.5020 0.0000e+00
        814 205.419782    0.05645     3.3869    203.212     40.380  49821.734    31.5706     8.9392     40.000     8.9388    24.4438     2.8385     4.0565     42.954    123.742    126.767   -0.00010    6.60802    9.44353  288.07285   14.91025 5.3812e-02     1.0258     0.7033    83.8749 0.0000e+00
        820 205.419800    0.05688     3.4125    204.752     41.397  49833.419    31.5801     8.9506     41.000     8.9490    24.4495     2.8352     4.0518     42.919    123.599    126.620   -0.00035    6.60593    9.44054  287.98006   14.90578 5.3290e-02     1.0320     0.6880    84.1980 0.0000e+00
        825 205.419815    0.05721     3.4330    205.980     42.397  49838.491    31.5841     8.9569     42.000     8.9552    24.4517     2.8357     4.0524     42.933    123.617    126.640   -0.00030    6.60485    9.43898  287.93199   14.90347 5.2817e-02     1.0412     0.6816    84.3329 0.0000e+00
        831 205.419831    0.05761     3.4564    207.382     43.410  49840.198    31.5856     8.9621     43.000     8.9581    24.4520     2.8359     4.0528     42.942    123.628    126.652    0.00002    6.60403    9.43781  287.89608   14.90175 5.2346e-02     1.0496     0.6657    84.6684 0.0000e+00
        836 205.419848    0.05801     3.4806    208.834     44.423  49842.789    31.5871     8.9633     44.000     8.9591    24.4531     2.8342     4.0503     42.917    123.552    126.573   -0.00039    6.60378    9.43745  287.88482   14.90120 5.2041e-02     1.0516     0.6710    84.5574 0.0000e+00
        841 205.419862    0.05835     3.5013    210.079     45.425  49847.490    31.5901     8.9640     45.000     8.9593    24.4554     2.8363     4.0534     42.951    123.646    126.670    0.00013    6.60355    9.43713  287.87435   14.90069 5.1774e-02     1.0605     0.6582    84.8281 0.0000e+00
        848 205.419880    0.05879     3.5277    211.660     46.446  49850.821    31.5919     8.9631     46.000     8.9574    24.4569     2.8336     4.0494     42.909    123.525    126.547   -0.00040    6.60360    9.43719  287.87592   14.90076 5.1545e-02     1.1007     0.6546    84.9033 0.0000e+00
        853 205.419895    0.05914     3.5482    212.892     47.445  49850.586    31.5906     8.9590     47.000     8.9510    24.4566     2.8364     4.0535     42.948    123.650    126.674    0.00004    6.60426    9.43814  287.90493   14.90215 5.1435e-02     1.0615     0.6636    84.7132 0.0000e+00
        858 205.419911    0.05953     3.5719    214.316     48.462  49851.964    31.5899     8.9501     48.000     8.9411    24.4574     2.8351     4.0516     42.919    123.591    126.614   -0.00025    6.60560    9.44006  287.96316   14.90493 5.1230e-02     1.0609     0.6578    84.8355 0.0000e+00
        863 205.419926    0.05988     3.5930    215.578     49.468  49855.475    31.5901     8.9374     49.000     8.9231    24.4595     2.8386     4.0566     42.961    123.746    126.773    0.00008    6.60745    9.44271  288.04342   14.90877 5.1060e-02     1.0482     0.6689    84.6012 0.0000e+00
        869 205.419941    0.06025     3.6149    216.896     50.475  49858.744    31.5880     8.9099     50.000     8.8887    24.4620     2.8389     4.0571     42.938    123.759    126.787   -0.00004    6.61160    9.44864  288.22354   14.91739 5.1094e-02     1.0431     0.6385    85.2462 0.0000e+00
        875 205.419959    0.06069     3.6413    218.479     51.488  49886.096    31.5991     8.8572     51.000     8.8438    24.4788     2.8408     4.0597     42.919    123.837    126.867   -0.00038    6.61889    9.45906  288.53661   14.93230 5.1053e-02     1.0039     0.6491    85.0213 0.0000e+00
        881 205.419976    0.06108     3.6648    219.888     52.504  49910.841    31.6146     8.8473     52.000     8.8431    24.4924     2.8459     4.0670     42.990    124.056    127.094    0.00042    6.61969    9.46020  288.56750   14.93372 5.1026e-02     0.9429     0.6444    85.1201 0.0000e+00
        885 205.419989    0.06141     3.6846    221.077     53.502  49910.722    31.6144     8.8492     53.000     8.8443    24.4919     2.8464     4.0677     43.000    124.079    127.118    0.00037    6.61942    9.45982  288.55615   14.93318 5.0978e-02     0.9243     0.6448    85.1120 0.0000e+00
