CTD-processing/allCTD/CNV/2017_04-19_t7_s16_cast114_4141.cnv
* Sea-Bird SBE19plus Data File:
* FileName = P:\My Documents\kasitsna\Research-KBL\Oceanography-AK\CTD-Data-ALL-to-2017-02\2017-CTD-KachemakBay-CookInlet\2017-04-19-CookInlet-Tran7-Augustine\2017-04-19-CookInlet-Tran7-cast114.hex
* Software Version 1.59
* Temperature SN =  4141
* Conductivity SN =  4141
* System UpLoad Time = Apr 19 2017 16:44:35
** Cook Inlet LTM Transect 7 Augustine west to east
** Date: 2017-04-19
** Station: (eg. 9-01): 7-16
** Start time (AKDT): 13:36
** Depth (m): 85
** Comment: R/V Alaska Dreamcatcher
** Comment:
# nquan = 27
# nvalues = 82                          
# units = specified
# name 0 = scan: Scan Count
# name 1 = timeJ: Julian Days
# name 2 = timeH: Time, Elapsed [hours]
# name 3 = timeM: Time, Elapsed [minutes]
# name 4 = timeS: Time, Elapsed [seconds]
# name 5 = prdM: Pressure, Strain Gauge [db]
# name 6 = specc: Specific Conductance [uS/cm]
# name 7 = sal00: Salinity, Practical [PSU]
# name 8 = tv290C: Temperature [ITS-90, deg C]
# name 9 = depSM: Depth [salt water, m], lat = 59.00
# name 10 = potemp090C: Potential Temperature [ITS-90, deg C]
# name 11 = sigma-é00: Density [sigma-theta, kg/m^3]
# name 12 = sbeox0ML/L: Oxygen, SBE 43 [ml/l]
# name 13 = sbeox0Mg/L: Oxygen, SBE 43 [mg/l]
# name 14 = sbeox0PS: Oxygen, SBE 43 [% saturation]
# name 15 = sbox0Mm/Kg: Oxygen, SBE 43 [umol/kg]
# name 16 = sbeox0Mm/L: Oxygen, SBE 43 [umol/l]
# name 17 = sbox0dV/dT: Oxygen, SBE 43 [dov/dt]
# name 18 = oxsolML/L: Oxygen Saturation, Garcia & Gordon [ml/l]
# name 19 = oxsolMg/L: Oxygen Saturation, Garcia & Gordon [mg/l]
# name 20 = oxsolMm/Kg: Oxygen Saturation, Garcia & Gordon [umol/kg]
# name 21 = n2satMg/L: Nitrogen Saturation [mg/l]
# name 22 = par: PAR/Irradiance, Biospherical/Licor
# name 23 = wetStar: Fluorescence, WET Labs WETstar [mg/m^3]
# name 24 = CStarAt0: Beam Attenuation, WET Labs C-Star [1/m]
# name 25 = CStarTr0: Beam Transmission, WET Labs C-Star [%]
# name 26 = flag: flag
# span 0 =         90,        591       
# span 1 = 109.567272, 109.568721       
# span 2 =    0.00619,    0.04096       
# span 3 =     0.3715,     2.4580       
# span 4 =     22.291,    147.482       
# span 5 =      1.008,     82.769       
# span 6 =  51400.408,  51691.651       
# span 7 =    32.0705,    32.1438       
# span 8 =     4.8782,     5.5807       
# span 9 =      1.000,     82.000       
# span 10 =     4.8752,     5.5623      
# span 11 =    25.3074,    25.4082      
# span 12 =     3.3222,     3.6879      
# span 13 =     4.7478,     5.2703      
# span 14 =     46.511,     51.000      
# span 15 =    144.707,    160.618      
# span 16 =    148.369,    164.699      
# span 17 =   -0.00061,    0.00333      
# span 18 =    7.11092,    7.23271      
# span 19 =   10.16221,   10.33627      
# span 20 =  309.72380,  315.01347      
# span 21 =   15.94092,   16.19297      
# span 22 = 2.4889e-01, 7.7464e+02      
# span 23 =     0.1294,     0.7333      
# span 24 =     0.2129,     0.3662      
# span 25 =    91.4795,    94.8165      
# span 26 = 0.0000e+00, 0.0000e+00      
# interval = meters: 1                  
# start_time = Apr 19 2017 13:36:30 [Instrument's time stamp, header]
# bad_flag = -9.990e-29
*END*
[from data line 54]
        476 109.568387    0.03296     1.9774    118.646     55.525  51658.194    32.1061     4.8795     55.000     4.8755    25.3951     3.6587     5.2286     50.587    159.348    163.395    0.00113    7.23241   10.33584  315.00017   16.19233 2.7337e+00     0.5302     0.2425    94.1191 0.0000e+00
        480 109.568400    0.03325     1.9952    119.714     56.536  51659.715    32.1067     4.8797     56.000     4.8758    25.3955     3.6570     5.2263     50.565    159.279    163.324    0.00047    7.23234   10.33574  314.99692   16.19219 2.4870e+00     0.5668     0.2418    94.1350 0.0000e+00
        484 109.568412    0.03356     2.0137    120.819     57.545  51659.803    32.1063     4.8799     57.000     4.8757    25.3953     3.6667     5.2400     50.698    159.698    163.754    0.00119    7.23233   10.33572  314.99643   16.19216 2.2688e+00     0.5370     0.2383    94.2157 0.0000e+00
        489 109.568425    0.03388     2.0326    121.955     58.557  51661.334    32.1069     4.8798     58.000     4.8758    25.3956     3.6684     5.2425     50.723    159.774    163.831    0.00111    7.23231   10.33570  314.99544   16.19210 2.0706e+00     0.5501     0.2435    94.0948 0.0000e+00
        493 109.568438    0.03417     2.0500    123.001     59.568  51664.101    32.1083     4.8802     59.000     4.8761    25.3968     3.6625     5.2340     50.641    159.514    163.565    0.00002    7.23218   10.33551  314.98940   16.19181 1.8914e+00     0.5441     0.2394    94.1913 0.0000e+00
        497 109.568448    0.03443     2.0656    123.938     60.573  51666.271    32.1095     4.8807     60.000     4.8766    25.3977     3.6664     5.2397     50.697    159.687    163.743    0.00029    7.23203   10.33529  314.98266   16.19149 1.7325e+00     0.5168     0.2433    94.0996 0.0000e+00
        501 109.568460    0.03470     2.0822    124.934     61.583  51667.088    32.1097     4.8812     61.000     4.8768    25.3977     3.6727     5.2486     50.784    159.959    164.022    0.00091    7.23195   10.33518  314.97918   16.19133 1.5839e+00     0.5350     0.2429    94.1078 0.0000e+00
        505 109.568472    0.03501     2.1005    126.030     62.595  51665.002    32.1076     4.8809     62.000     4.8762    25.3962     3.6730     5.2491     50.788    159.975    164.038    0.00070    7.23209   10.33538  314.98556   16.19163 1.4445e+00     0.4511     0.2372    94.2418 0.0000e+00
        509 109.568485    0.03531     2.1186    127.118     63.603  51666.394    32.1080     4.8806     63.000     4.8761    25.3965     3.6761     5.2535     50.830    160.108    164.175    0.00062    7.23212   10.33542  314.98678   16.19169 1.3161e+00     0.5314     0.2478    93.9930 0.0000e+00
        514 109.568498    0.03562     2.1370    128.220     64.617  51668.477    32.1090     4.8808     64.000     4.8764    25.3973     3.6740     5.2505     50.801    160.016    164.080    0.00036    7.23203   10.33530  314.98285   16.19150 1.2015e+00     0.6062     0.2469    94.0130 0.0000e+00
        518 109.568510    0.03591     2.1545    129.272     65.624  51669.051    32.1090     4.8811     65.000     4.8764    25.3972     3.6747     5.2516     50.812    160.049    164.114    0.00013    7.23198   10.33523  314.98080   16.19140 1.0970e+00     0.5733     0.2423    94.1216 0.0000e+00
        522 109.568522    0.03620     2.1720    130.322     66.632  51671.429    32.1101     4.8814     66.000     4.8770    25.3982     3.6728     5.2487     50.786    159.962    164.026   -0.00020    7.23188   10.33509  314.97622   16.19118 1.0042e+00     0.5639     0.2388    94.2041 0.0000e+00
        527 109.568535    0.03651     2.1902    131.411     67.644  51675.498    32.1126     4.8823     67.000     4.8776    25.4000     3.6775     5.2555     50.853    160.169    164.237    0.00031    7.23162   10.33470  314.96371   16.19057 9.1871e-01     0.5350     0.2380    94.2244 0.0000e+00
        531 109.568548    0.03681     2.2085    132.512     68.654  51673.522    32.1108     4.8824     68.000     4.8775    25.3985     3.6794     5.2582     50.878    160.249    164.320    0.00044    7.23167   10.33478  314.96658   16.19072 8.4242e-01     0.5046     0.2387    94.2062 0.0000e+00
        535 109.568560    0.03710     2.2263    133.577     69.664  51677.098    32.1128     4.8824     69.000     4.8777    25.4002     3.6792     5.2579     50.876    160.242    164.311    0.00026    7.23158   10.33464  314.96213   16.19049 7.7143e-01     0.5080     0.2390    94.1998 0.0000e+00
        539 109.568572    0.03738     2.2431    134.585     70.674  51680.124    32.1145     4.8831     70.000     4.8782    25.4014     3.6798     5.2588     50.887    160.270    164.341    0.00013    7.23138   10.33436  314.95308   16.19006 7.0798e-01     0.5640     0.2385    94.2116 0.0000e+00
        543 109.568583    0.03766     2.2593    135.558     71.681  51680.512    32.1143     4.8834     71.000     4.8783    25.4013     3.6836     5.2642     50.939    160.434    164.509    0.00053    7.23134   10.33431  314.95137   16.18998 6.4455e-01     0.5750     0.2410    94.1520 0.0000e+00
        547 109.568595    0.03794     2.2761    136.565     72.690  51681.295    32.1144     4.8834     72.000     4.8782    25.4013     3.6816     5.2614     50.912    160.349    164.422    0.00015    7.23133   10.33430  314.95098   16.18996 5.9184e-01     0.5538     0.2393    94.1927 0.0000e+00
        552 109.568607    0.03824     2.2946    137.677     73.702  51681.360    32.1139     4.8834     73.000     4.8781    25.4010     3.6808     5.2602     50.901    160.313    164.385   -0.00015    7.23135   10.33433  314.95201   16.19001 5.4301e-01     0.5455     0.2391    94.1964 0.0000e+00
        556 109.568621    0.03856     2.3136    138.815     74.711  51682.597    32.1143     4.8834     74.000     4.8780    25.4012     3.6811     5.2606     50.904    160.324    164.396   -0.00005    7.23133   10.33429  314.95116   16.18997 4.9550e-01     0.5376     0.2425    94.1180 0.0000e+00
        561 109.568634    0.03888     2.3326    139.956     75.722  51683.100    32.1141     4.8834     75.000     4.8781    25.4011     3.6835     5.2642     50.939    160.433    164.508    0.00013    7.23133   10.33429  314.95118   16.18997 4.5337e-01     0.5582     0.2379    94.2258 0.0000e+00
        565 109.568647    0.03920     2.3516    141.096     76.733  51684.298    32.1145     4.8836     76.000     4.8781    25.4014     3.6838     5.2645     50.942    160.441    164.517    0.00012    7.23128   10.33423  314.94901   16.18987 4.1546e-01     0.5091     0.2389    94.2034 0.0000e+00
        570 109.568659    0.03949     2.3696    142.175     77.743  51686.281    32.1153     4.8836     77.000     4.8780    25.4021     3.6854     5.2668     50.964    160.511    164.588    0.00018    7.23125   10.33418  314.94723   16.18978 3.8310e-01     0.6411     0.2420    94.1283 0.0000e+00
        574 109.568671    0.03976     2.3860    143.157     78.753  51685.877    32.1146     4.8838     78.000     4.8781    25.4014     3.6846     5.2657     50.954    160.478    164.554    0.00002    7.23126   10.33420  314.94793   16.18982 3.5356e-01     0.5101     0.2544    93.8373 0.0000e+00
        577 109.568682    0.04002     2.4015    144.089     79.759  51686.829    32.1147     4.8838     79.000     4.8781    25.4016     3.6862     5.2679     50.976    160.546    164.624    0.00003    7.23125   10.33418  314.94731   16.18978 3.2477e-01     0.5512     0.2398    94.1822 0.0000e+00
        581 109.568693    0.04031     2.4183    145.099     80.769  51687.292    32.1146     4.8838     80.000     4.8781    25.4015     3.6876     5.2699     50.995    160.608    164.688    0.00026    7.23124   10.33417  314.94714   16.18978 2.9748e-01     0.5932     0.2413    94.1470 0.0000e+00
        586 109.568706    0.04062     2.4373    146.235     81.779  51691.004    32.1167     4.8841     81.000     4.8783    25.4032     3.6829     5.2633     50.932    160.405    164.480   -0.00044    7.23110   10.33397  314.94056   16.18945 2.7181e-01     0.5464     0.2405    94.1651 0.0000e+00
        591 109.568721    0.04096     2.4580    147.482     82.769  51691.651    32.1166     4.8843     82.000     4.8784    25.4032     3.6879     5.2703     51.000    160.618    164.699    0.00001    7.23107   10.33392  314.93897   16.18938 2.4889e-01     0.5143     0.2406    94.1637 0.0000e+00
