CTD-processing/allCTD/CNV/2017_04-19_t7_s15_cast113_4141.cnv
* Sea-Bird SBE19plus Data File:
* FileName = P:\My Documents\kasitsna\Research-KBL\Oceanography-AK\CTD-Data-ALL-to-2017-02\2017-CTD-KachemakBay-CookInlet\2017-04-19-CookInlet-Tran7-Augustine\2017-04-19-CookInlet-Tran7-cast113.hex
* Software Version 1.59
* Temperature SN =  4141
* Conductivity SN =  4141
* System UpLoad Time = Apr 19 2017 16:43:54
** Cook Inlet LTM Transect 7 Augustine west to east
** Date: 2017-04-19
** Station: (eg. 9-01): 7-15
** Start time (AKDT): 13:15
** Depth (m): 71.6
** Comment: R/V Alaska Dreamcatcher
** Comment: Crossed a convergence just past the station (kelp, birds)
# nquan = 27
# nvalues = 71                          
# units = specified
# name 0 = scan: Scan Count
# name 1 = timeJ: Julian Days
# name 2 = timeH: Time, Elapsed [hours]
# name 3 = timeM: Time, Elapsed [minutes]
# name 4 = timeS: Time, Elapsed [seconds]
# name 5 = prdM: Pressure, Strain Gauge [db]
# name 6 = specc: Specific Conductance [uS/cm]
# name 7 = sal00: Salinity, Practical [PSU]
# name 8 = tv290C: Temperature [ITS-90, deg C]
# name 9 = depSM: Depth [salt water, m], lat = 59.00
# name 10 = potemp090C: Potential Temperature [ITS-90, deg C]
# name 11 = sigma-é00: Density [sigma-theta, kg/m^3]
# name 12 = sbeox0ML/L: Oxygen, SBE 43 [ml/l]
# name 13 = sbeox0Mg/L: Oxygen, SBE 43 [mg/l]
# name 14 = sbeox0PS: Oxygen, SBE 43 [% saturation]
# name 15 = sbox0Mm/Kg: Oxygen, SBE 43 [umol/kg]
# name 16 = sbeox0Mm/L: Oxygen, SBE 43 [umol/l]
# name 17 = sbox0dV/dT: Oxygen, SBE 43 [dov/dt]
# name 18 = oxsolML/L: Oxygen Saturation, Garcia & Gordon [ml/l]
# name 19 = oxsolMg/L: Oxygen Saturation, Garcia & Gordon [mg/l]
# name 20 = oxsolMm/Kg: Oxygen Saturation, Garcia & Gordon [umol/kg]
# name 21 = n2satMg/L: Nitrogen Saturation [mg/l]
# name 22 = par: PAR/Irradiance, Biospherical/Licor
# name 23 = wetStar: Fluorescence, WET Labs WETstar [mg/m^3]
# name 24 = CStarAt0: Beam Attenuation, WET Labs C-Star [1/m]
# name 25 = CStarTr0: Beam Transmission, WET Labs C-Star [%]
# name 26 = flag: flag
# span 0 =        135,        510       
# span 1 = 109.553188, 109.554275       
# span 2 =    0.00930,    0.03538       
# span 3 =     0.5577,     2.1226       
# span 4 =     33.460,    127.355       
# span 5 =      1.013,     71.665       
# span 6 =  51450.619,  51691.686       
# span 7 =    32.0727,    32.1339       
# span 8 =     4.8335,     5.3845       
# span 9 =      1.000,     71.000       
# span 10 =     4.8284,     5.3431      
# span 11 =    25.3298,    25.4061      
# span 12 =     3.3262,     3.6985      
# span 13 =     4.7534,     5.2856      
# span 14 =     46.465,     51.084      
# span 15 =    144.876,    161.084      
# span 16 =    148.546,    165.176      
# span 17 =   -0.00049,    0.00361      
# span 18 =    7.14614,    7.24017      
# span 19 =   10.21255,   10.34693      
# span 20 =  311.26193,  315.33555      
# span 21 =   16.01436,   16.20829      
# span 22 = 5.1969e-01, 1.1193e+03      
# span 23 =     0.1242,     1.0785      
# span 24 =     0.2152,     0.2994      
# span 25 =    92.7877,    94.8001      
# span 26 = 0.0000e+00, 0.0000e+00      
# interval = meters: 1                  
# start_time = Apr 19 2017 13:16:02 [Instrument's time stamp, header]
# bad_flag = -9.990e-29
*END*
        135 109.553188    0.00930     0.5577     33.460      1.013  51450.619    32.1002     5.3845      1.000     5.3431    25.3342     3.3529     4.7916     46.919    146.040    149.739   -0.00047    7.14614   10.21255  311.26193   16.01436 7.9708e+02     0.1694     0.2159    94.1357 0.0000e+00
        253 109.553531    0.01752     1.0513     63.078      2.021  51455.117    32.0878     5.3154      2.000     5.2780    25.3320     3.3262     4.7534     46.465    144.876    148.546   -0.00006    7.15843   10.23011  311.79692   16.03989 1.1193e+03     0.1484     0.2152    94.8001 0.0000e+00
        251 109.553523    0.01734     1.0402     62.415      3.028  51460.476    32.0727     5.2302      3.000     5.1654    25.3298     3.3391     4.7720     46.546    145.440    149.125    0.00044    7.17367   10.25190  312.46170   16.07161 8.1512e+02     0.1246     0.2235    94.5681 0.0000e+00
        254 109.553534    0.01760     1.0561     63.365      4.037  51524.007    32.0896     5.1078      4.000     5.0618    25.3567     3.3466     4.7826     46.520    145.762    149.458   -0.00007    7.19384   10.28071  313.33170   16.11296 6.2899e+02     0.1454     0.2332    94.3359 0.0000e+00
        258 109.553546    0.01787     1.0723     64.337      5.045  51598.641    32.1250     5.0362      5.000     5.0179    25.3926     3.3561     4.7962     46.584    146.173    149.885    0.00037    7.20442   10.29584  313.78160   16.13424 6.2979e+02     0.1318     0.2360    94.2708 0.0000e+00
        262 109.553557    0.01816     1.0895     65.368      6.057  51622.340    32.1339     5.0047      6.000     4.9935    25.4031     3.3592     4.8007     46.595    146.307    150.024    0.00033    7.20941   10.30298  313.99597   16.14441 4.1593e+02     0.1316     0.2379    94.2264 0.0000e+00
        267 109.553570    0.01844     1.1067     66.405      7.068  51626.971    32.1318     4.9832      7.000     4.9735    25.4038     3.3582     4.7993     46.557    146.264    149.980   -0.00022    7.21323   10.30843  314.16197   16.15232 4.3163e+02     0.1626     0.2350    94.2940 0.0000e+00
        271 109.553581    0.01873     1.1238     67.424      8.077  51633.958    32.1322     4.9654      8.000     4.9583    25.4061     3.3644     4.8080     46.622    146.530    150.253    0.00033    7.21628   10.31279  314.29425   16.15862 3.1816e+02     0.1395     0.2327    94.3469 0.0000e+00
        275 109.553593    0.01900     1.1400     68.400      9.085  51633.868    32.1291     4.9542      9.000     4.9488    25.4048     3.3640     4.8076     46.604    146.517    150.239    0.00011    7.21838   10.31578  314.38567   16.16298 3.0931e+02     0.1406     0.2353    94.2886 0.0000e+00
        278 109.553603    0.01927     1.1557     69.339     10.094  51623.316    32.1195     4.9457     10.000     4.9395    25.3981     3.3609     4.8030     46.548    146.379    150.097   -0.00049    7.22030   10.31853  314.47176   16.16712 2.6887e+02     0.1242     0.2379    94.2259 0.0000e+00
        282 109.553615    0.01953     1.1719     70.312     11.102  51611.177    32.1083     4.9352     11.000     4.9314    25.3905     3.3660     4.8104     46.604    146.605    150.327   -0.00009    7.22266   10.32191  314.57687   16.17217 2.4872e+02     0.1601     0.2391    94.1996 0.0000e+00
        286 109.553627    0.01981     1.1890     71.338     12.114  51613.766    32.1087     4.9308     12.000     4.9290    25.3912     3.3796     4.8298     46.787    147.196    150.934    0.00144    7.22340   10.32296  314.60886   16.17369 2.2122e+02     0.2055     0.2387    94.2076 0.0000e+00
        290 109.553638    0.02010     1.2062     72.373     13.124  51613.546    32.1077     4.9292     13.000     4.9267    25.3906     3.3807     4.8313     46.799    147.241    150.979    0.00134    7.22372   10.32342  314.62311   16.17437 1.9201e+02     0.2516     0.2373    94.2409 0.0000e+00
        295 109.553651    0.02039     1.2231     73.384     14.131  51612.491    32.1053     4.9244     14.000     4.9203    25.3893     3.3861     4.8391     46.869    147.480    151.225    0.00111    7.22468   10.32479  314.66508   16.17638 1.7299e+02     0.2453     0.2419    94.1314 0.0000e+00
        299 109.553662    0.02067     1.2401     74.407     15.142  51617.046    32.1069     4.9196     15.000     4.9166    25.3911     3.3927     4.8485     46.954    147.763    151.516    0.00169    7.22543   10.32586  314.69706   16.17790 1.4661e+02     0.2509     0.2376    94.2312 0.0000e+00
        303 109.553674    0.02095     1.2573     75.436     16.152  51618.126    32.1063     4.9155     16.000     4.9115    25.3910     3.3994     4.8581     47.044    148.059    151.819    0.00169    7.22615   10.32690  314.72878   16.17941 1.3631e+02     0.2928     0.2411    94.1499 0.0000e+00
        307 109.553685    0.02123     1.2736     76.418     17.165  51621.176    32.1065     4.9097     17.000     4.9051    25.3918     3.4078     4.8702     47.154    148.428    152.196    0.00211    7.22716   10.32834  314.77246   16.18149 1.2666e+02     0.3271     0.2431    94.1045 0.0000e+00
        310 109.553695    0.02147     1.2882     77.291     18.171  51622.816    32.1058     4.9035     18.000     4.8981    25.3919     3.4179     4.8845     47.285    148.863    152.642    0.00263    7.22826   10.32990  314.82013   16.18376 1.0968e+02     0.4501     0.2495    93.9528 0.0000e+00
        313 109.553705    0.02170     1.3021     78.124     19.179  51627.447    32.1069     4.8966     19.000     4.8927    25.3936     3.4246     4.8941     47.370    149.154    152.942    0.00272    7.22940   10.33154  314.86947   16.18611 1.0616e+02     0.3439     0.2507    93.9248 0.0000e+00
        317 109.553715    0.02194     1.3165     78.992     20.189  51633.242    32.1097     4.8936     20.000     4.8919    25.3961     3.4317     4.9041     47.465    149.461    153.257    0.00263    7.22979   10.33210  314.88547   16.18686 8.9423e+01     0.4611     0.2537    93.8546 0.0000e+00
        321 109.553726    0.02221     1.3324     79.947     21.194  51632.293    32.1083     4.8925     21.000     4.8894    25.3951     3.4407     4.9171     47.588    149.854    153.660    0.00288    7.23005   10.33247  314.89725   16.18742 8.4907e+01     0.4688     0.2470    94.0117 0.0000e+00
        325 109.553739    0.02250     1.3503     81.016     22.211  51634.914    32.1090     4.8895     22.000     4.8871    25.3960     3.4505     4.9311     47.720    150.281    154.097    0.00307    7.23053   10.33315  314.91783   16.18840 7.4744e+01     0.4927     0.2411    94.1497 0.0000e+00
        329 109.553750    0.02278     1.3670     82.017     23.220  51636.947    32.1096     4.8884     23.000     4.8865    25.3967     3.4592     4.9436     47.840    150.661    154.487    0.00297    7.23069   10.33338  314.92486   16.18873 6.5887e+01     0.5523     0.2429    94.1086 0.0000e+00
        333 109.553762    0.02306     1.3833     82.998     24.227  51636.967    32.1090     4.8878     24.000     4.8853    25.3962     3.4722     4.9621     48.019    151.227    155.068    0.00361    7.23082   10.33357  314.93051   16.18900 6.0422e+01     0.6042     0.2500    93.9411 0.0000e+00
        337 109.553773    0.02332     1.3996     83.977     25.240  51637.441    32.1084     4.8860     25.000     4.8828    25.3960     3.4809     4.9745     48.136    151.603    155.454    0.00358    7.23115   10.33403  314.94484   16.18969 5.5584e+01     0.6397     0.2494    93.9540 0.0000e+00
        341 109.553784    0.02358     1.4149     84.893     26.246  51636.676    32.1068     4.8832     26.000     4.8786    25.3949     3.4879     4.9846     48.230    151.912    155.769    0.00317    7.23174   10.33488  314.97070   16.19092 4.8158e+01     0.7778     0.2413    94.1473 0.0000e+00
        344 109.553794    0.02384     1.4301     85.806     27.259  51640.845    32.1080     4.8779     27.000     4.8743    25.3965     3.4986     4.9998     48.373    152.377    156.248    0.00351    7.23258   10.33609  315.00701   16.19265 4.4662e+01     0.7004     0.2403    94.1687 0.0000e+00
        348 109.553804    0.02407     1.4441     86.646     28.269  51644.014    32.1092     4.8757     28.000     4.8730    25.3976     3.5040     5.0076     48.446    152.613    156.488    0.00316    7.23291   10.33656  315.02101   16.19331 4.1089e+01     0.6718     0.2501    93.9389 0.0000e+00
        351 109.553813    0.02429     1.4574     87.443     29.272  51645.927    32.1097     4.8747     29.000     4.8723    25.3983     3.5149     5.0231     48.595    153.088    156.976    0.00354    7.23305   10.33675  315.02678   16.19359 3.5438e+01     0.7057     0.2482    93.9837 0.0000e+00
        354 109.553823    0.02454     1.4725     88.349     30.281  51646.557    32.1096     4.8741     30.000     4.8712    25.3981     3.5230     5.0348     48.707    153.441    157.339    0.00359    7.23318   10.33693  315.03221   16.19385 3.2709e+01     0.8495     0.2441    94.0795 0.0000e+00
        359 109.553836    0.02484     1.4907     89.440     31.294  51647.337    32.1089     4.8710     31.000     4.8671    25.3979     3.5291     5.0435     48.787    153.707    157.611    0.00299    7.23375   10.33774  315.05722   16.19503 2.9355e+01     0.6480     0.2441    94.0797 0.0000e+00
        363 109.553849    0.02516     1.5093     90.558     32.308  51642.814    32.1040     4.8655     32.000     4.8574    25.3947     3.5386     5.0570     48.910    154.120    158.034    0.00294    7.23492   10.33943  315.10946   16.19754 2.6272e+01     0.5758     0.2564    93.7923 0.0000e+00
        367 109.553860    0.02543     1.5255     91.529     33.318  51653.035    32.1083     4.8552     33.000     4.8506    25.3992     3.5445     5.0654     48.981    154.377    158.297    0.00271    7.23653   10.34172  315.17812   16.20079 2.3763e+01     0.7074     0.2603    93.6989 0.0000e+00
        370 109.553870    0.02566     1.5394     92.367     34.323  51657.012    32.1100     4.8527     34.000     4.8500    25.4008     3.5542     5.0793     49.112    154.799    158.731    0.00285    7.23687   10.34221  315.19247   16.20147 2.1376e+01     0.6972     0.2495    93.9534 0.0000e+00
        374 109.553880    0.02589     1.5538     93.228     35.332  51659.122    32.1108     4.8525     35.000     4.8503    25.4015     3.5638     5.0930     49.245    155.216    159.158    0.00334    7.23685   10.34218  315.19143   16.20142 1.9317e+01     0.7201     0.2478    93.9933 0.0000e+00
        378 109.553891    0.02616     1.5694     94.164     36.342  51659.676    32.1109     4.8531     36.000     4.8508    25.4015     3.5677     5.0985     49.299    155.383    159.330    0.00282    7.23675   10.34204  315.18698   16.20120 1.7608e+01     0.5810     0.2505    93.9291 0.0000e+00
        382 109.553902    0.02643     1.5856     95.134     37.353  51659.542    32.1103     4.8536     37.000     4.8509    25.4011     3.5729     5.1059     49.372    155.612    159.564    0.00244    7.23669   10.34195  315.18454   16.20109 1.5959e+01     0.6711     0.2470    94.0109 0.0000e+00
        385 109.553913    0.02669     1.6009     96.056     38.362  51659.824    32.1100     4.8534     38.000     4.8504    25.4008     3.5820     5.1190     49.496    156.008    159.970    0.00277    7.23674   10.34203  315.18691   16.20121 1.4389e+01     0.7209     0.2503    93.9344 0.0000e+00
        389 109.553924    0.02694     1.6163     96.976     39.369  51660.662    32.1099     4.8528     39.000     4.8500    25.4009     3.5879     5.1274     49.578    156.265    160.234    0.00268    7.23684   10.34216  315.19106   16.20140 1.3012e+01     0.6703     0.2514    93.9103 0.0000e+00
        393 109.553934    0.02721     1.6328     97.965     40.382  51661.721    32.1102     4.8530     40.000     4.8498    25.4010     3.5930     5.1349     49.649    156.489    160.464    0.00239    7.23680   10.34210  315.18921   16.20132 1.1819e+01     0.6231     0.2457    94.0418 0.0000e+00
        397 109.553946    0.02748     1.6491     98.943     41.392  51662.165    32.1097     4.8518     41.000     4.8487    25.4008     3.5987     5.1429     49.726    156.737    160.718    0.00224    7.23703   10.34244  315.19922   16.20179 1.0782e+01     0.6589     0.2456    94.0441 0.0000e+00
        400 109.553957    0.02774     1.6645     99.871     42.400  51663.324    32.1100     4.8519     42.000     4.8487    25.4010     3.6044     5.1511     49.806    156.986    160.974    0.00226    7.23701   10.34241  315.19830   16.20175 9.7709e+00     0.6801     0.2486    93.9761 0.0000e+00
        404 109.553968    0.02800     1.6799    100.793     43.413  51664.569    32.1103     4.8519     43.000     4.8492    25.4013     3.6076     5.1556     49.849    157.124    161.115    0.00200    7.23699   10.34238  315.19744   16.20171 8.8443e+00     0.7081     0.2444    94.0735 0.0000e+00
        408 109.553978    0.02824     1.6943    101.659     44.420  51662.615    32.1086     4.8520     44.000     4.8473    25.3999     3.6138     5.1645     49.935    157.395    161.393    0.00196    7.23706   10.34249  315.20117   16.20189 7.9828e+00     0.8065     0.2542    93.8428 0.0000e+00
        411 109.553988    0.02848     1.7092    102.550     45.426  51664.021    32.1084     4.8491     45.000     4.8446    25.4001     3.6208     5.1745     50.028    157.701    161.706    0.00228    7.23756   10.34321  315.22297   16.20293 7.2221e+00     0.7056     0.2501    93.9382 0.0000e+00
        415 109.554000    0.02877     1.7260    103.561     46.438  51668.203    32.1105     4.8478     46.000     4.8448    25.4018     3.6237     5.1786     50.067    157.825    161.834    0.00189    7.23769   10.34339  315.22790   16.20316 6.5334e+00     0.6949     0.2551    93.8215 0.0000e+00
        420 109.554012    0.02907     1.7443    104.660     47.450  51665.506    32.1079     4.8469     47.000     4.8417    25.3999     3.6256     5.1814     50.092    157.910    161.921    0.00129    7.23796   10.34378  315.24058   16.20377 5.9273e+00     0.6526     0.2482    93.9843 0.0000e+00
        424 109.554024    0.02936     1.7617    105.703     48.461  51669.632    32.1096     4.8440     48.000     4.8398    25.4015     3.6355     5.1956     50.226    158.341    162.363    0.00200    7.23840   10.34441  315.25894   16.20463 5.3621e+00     0.6703     0.2528    93.8761 0.0000e+00
        428 109.554035    0.02962     1.7776    106.656     49.471  51672.215    32.1108     4.8433     49.000     4.8402    25.4026     3.6381     5.1992     50.261    158.452    162.476    0.00165    7.23845   10.34448  315.26100   16.20473 4.8925e+00     0.6631     0.2534    93.8629 0.0000e+00
        431 109.554046    0.02987     1.7924    107.544     50.479  51671.544    32.1099     4.8440     50.000     4.8400    25.4018     3.6426     5.2056     50.323    158.649    162.679    0.00169    7.23837   10.34436  315.25757   16.20457 4.4598e+00     0.7406     0.2630    93.6375 0.0000e+00
        435 109.554056    0.03011     1.8067    108.403     51.488  51670.001    32.1079     4.8422     51.000     4.8369    25.4005     3.6438     5.2074     50.338    158.703    162.734    0.00135    7.23879   10.34495  315.27588   16.20545 4.0673e+00     0.7534     0.2604    93.6991 0.0000e+00
        438 109.554066    0.03035     1.8211    109.267     52.495  51674.162    32.1098     4.8400     52.000     4.8362    25.4022     3.6469     5.2119     50.378    158.837    162.871    0.00120    7.23907   10.34535  315.28776   16.20601 3.6760e+00     0.7998     0.2591    93.7273 0.0000e+00
        442 109.554076    0.03060     1.8361    110.167     53.507  51675.373    32.1101     4.8397     53.000     4.8355    25.4025     3.6484     5.2138     50.398    158.900    162.936    0.00106    7.23913   10.34543  315.29022   16.20612 3.3296e+00     0.7118     0.2618    93.6647 0.0000e+00
