CTD-processing/allCTD/CNV/2017_12-14_alongbay_skb06_cast130_4141.cnv
* Sea-Bird SBE19plus Data File:
* FileName = C:\Users\Kim.Powell\Desktop\Not Processed\2017\2017_12-XX_4141\2017_12-14_TANSECT_STATION_cast130.hex
* Software Version 1.59
* Temperature SN =  4141
* Conductivity SN =  4141
* System UpLoad Time = Dec 18 2017 08:29:08
** 2017_12-14
** Station: KB06
** Start Time: 13:52
** Depth (m): 103
** Comment:**CTD recorded date as April 18
** Comment:
# nquan = 27
# nvalues = 91                          
# units = specified
# name 0 = scan: Scan Count
# name 1 = timeJ: Julian Days
# name 2 = timeH: Time, Elapsed [hours]
# name 3 = timeM: Time, Elapsed [minutes]
# name 4 = timeS: Time, Elapsed [seconds]
# name 5 = prdM: Pressure, Strain Gauge [db]
# name 6 = specc: Specific Conductance [uS/cm]
# name 7 = sal00: Salinity, Practical [PSU]
# name 8 = tv290C: Temperature [ITS-90, deg C]
# name 9 = depSM: Depth [salt water, m], lat = 59.00
# name 10 = potemp090C: Potential Temperature [ITS-90, deg C]
# name 11 = sigma-é00: Density [sigma-theta, kg/m^3]
# name 12 = sbeox0ML/L: Oxygen, SBE 43 [ml/l]
# name 13 = sbeox0Mg/L: Oxygen, SBE 43 [mg/l]
# name 14 = sbeox0PS: Oxygen, SBE 43 [% saturation]
# name 15 = sbox0Mm/Kg: Oxygen, SBE 43 [umol/kg]
# name 16 = sbeox0Mm/L: Oxygen, SBE 43 [umol/l]
# name 17 = sbox0dV/dT: Oxygen, SBE 43 [dov/dt]
# name 18 = oxsolML/L: Oxygen Saturation, Garcia & Gordon [ml/l]
# name 19 = oxsolMg/L: Oxygen Saturation, Garcia & Gordon [mg/l]
# name 20 = oxsolMm/Kg: Oxygen Saturation, Garcia & Gordon [umol/kg]
# name 21 = n2satMg/L: Nitrogen Saturation [mg/l]
# name 22 = par: PAR/Irradiance, Biospherical/Licor
# name 23 = wetStar: Fluorescence, WET Labs WETstar [mg/m^3]
# name 24 = CStarAt0: Beam Attenuation, WET Labs C-Star [1/m]
# name 25 = CStarTr0: Beam Transmission, WET Labs C-Star [%]
# name 26 = flag: flag
# span 0 =        315,        741       
# span 1 = 108.578813, 108.580045       
# span 2 =    0.02178,    0.05137       
# span 3 =     1.3069,     3.0820       
# span 4 =     78.413,    184.922       
# span 5 =      1.016,     91.837       
# span 6 =  48544.504,  50127.353       
# span 7 =    30.0760,    31.4140       
# span 8 =     5.2533,     6.7846       
# span 9 =      1.000,     91.000       
# span 10 =     5.3003,     6.7766      
# span 11 =    23.7473,    24.6242      
# span 12 =     2.9651,     3.0663      
# span 13 =     4.2374,     4.3821      
# span 14 =     42.193,     43.002      
# span 15 =    129.240,    133.766      
# span 16 =    132.422,    136.943      
# span 17 =   -0.00113,    0.00221      
# span 18 =    6.94677,    7.26596      
# span 19 =    9.92763,   10.38377      
# span 20 =  302.78726,  316.97013      
# span 21 =   15.61332,   16.29441      
# span 22 = 3.6382e-02, 1.4562e+01      
# span 23 =     0.2200,     0.3824      
# span 24 =     0.4887,     2.5763      
# span 25 =    52.5148,    88.4990      
# span 26 = 0.0000e+00, 0.0000e+00      
# interval = meters: 1                  
# start_time = Apr 18 2017 13:52:11 [Instrument's time stamp, header]
# bad_flag = -9.990e-29
*END*
        315 108.578813    0.02178     1.3069     78.413      1.016  48544.504    30.0760     5.2533      1.000     5.3003    23.7473     3.0663     4.3821     42.202    133.766    136.943   -0.00022    7.26596   10.38377  316.97013   16.29441 1.4562e+01     0.3282     2.5763    52.5148 0.0000e+00
        319 108.578824    0.02206     1.3237     79.422      2.018  49013.834    30.4232     5.3852      2.000     5.4901    24.0075     3.0506     4.3595     42.214    133.044    136.238   -0.00010    7.22638   10.32721  315.16372   16.20701 8.3850e+00     0.3382     2.5444    52.9385 0.0000e+00
        323 108.578836    0.02234     1.3407     80.443      3.027  49368.292    30.7097     5.6074      3.000     5.7014    24.2093     3.0272     4.3261     42.193    131.999    135.194   -0.00004    7.17457   10.25317  312.84229   16.09530 5.4294e+00     0.3824     2.1169    58.9386 0.0000e+00
        327 108.578848    0.02265     1.3587     81.519      4.039  49392.665    30.7608     5.7861      4.000     5.8328    24.2294     3.0221     4.3189     42.316    131.775    134.969    0.00082    7.14182   10.20638  311.40872   16.02682 4.0014e+00     0.3281     1.6332    66.4972 0.0000e+00
        331 108.578861    0.02294     1.3765     82.588      5.047  49392.500    30.7735     5.8552      5.000     5.8518    24.2315     3.0290     4.3288     42.485    132.075    135.276    0.00221    7.12958   10.18888  310.87394   16.00131 3.0955e+00     0.3204     1.4089    70.3200 0.0000e+00
        336 108.578873    0.02323     1.3939     83.637      6.055  49385.902    30.7603     5.8129      6.000     5.7672    24.2259     3.0390     4.3430     42.579    132.510    135.720    0.00218    7.13734   10.19997  311.21399   16.01756 2.3947e+00     0.3415     1.3114    72.0486 0.0000e+00
        340 108.578886    0.02355     1.4129     84.772      7.067  49478.620    30.8104     5.7437      7.000     5.7387    24.2734     3.0458     4.3527     42.619    132.801    136.025    0.00178    7.14662   10.21325  311.60460   16.03595 1.8494e+00     0.3315     1.2767    72.6744 0.0000e+00
        345 108.578899    0.02386     1.4317     85.904      8.078  49493.973    30.8195     5.7389      8.000     5.7391    24.2812     3.0482     4.3561     42.649    132.903    136.130    0.00133    7.14701   10.21380  311.61927   16.03661 1.4413e+00     0.3129     1.2781    72.6489 0.0000e+00
        349 108.578912    0.02416     1.4493     86.957      9.082  49495.235    30.8202     5.7403      9.000     5.7398    24.2815     3.0469     4.3543     42.633    132.848    136.074    0.00072    7.14674   10.21341  311.60728   16.03604 1.1105e+00     0.3049     1.2827    72.5652 0.0000e+00
        354 108.578926    0.02450     1.4699     88.196     10.098  49498.519    30.8220     5.7402     10.000     5.7381    24.2829     3.0467     4.3540     42.631    132.839    136.064    0.00035    7.14668   10.21332  311.60405   16.03588 8.5389e-01     0.3129     1.2756    72.6946 0.0000e+00
        358 108.578938    0.02480     1.4881     89.285     11.104  49601.534    30.8920     5.7382     11.000     5.7444    24.3386     3.0483     4.3563     42.671    132.903    136.137    0.00055    7.14369   10.20904  311.45660   16.02857 6.5306e-01     0.3028     1.2684    72.8278 0.0000e+00
        363 108.578953    0.02514     1.5086     90.513     12.113  49634.096    30.9176     5.7569     12.000     5.7617    24.3566     3.0453     4.3521     42.656    132.771    136.004    0.00021    7.13932   10.20280  311.26053   16.01912 5.0731e-01     0.3094     1.2026    74.0357 0.0000e+00
        368 108.578968    0.02551     1.5302     91.815     13.131  49662.792    30.9397     5.7718     13.000     5.7780    24.3724     3.0439     4.3502     42.658    132.710    135.944    0.00004    7.13574   10.19770  311.10028   16.01140 3.9015e-01     0.2868     1.1467    75.0758 0.0000e+00
        373 108.578981    0.02582     1.5493     92.958     14.129  49677.121    30.9522     5.7875     14.000     5.7933    24.3805     3.0430     4.3487     42.663    132.664    135.899    0.00008    7.13252   10.19308  310.95694   16.00452 3.1120e-01     0.2976     1.1085    75.7967 0.0000e+00
        378 108.578997    0.02619     1.5717     94.302     15.144  49720.311    30.9861     5.8113     15.000     5.8281    24.4044     3.0430     4.3488     42.698    132.664    135.902    0.00026    7.12690   10.18504  310.70465   15.99237 2.4461e-01     0.2915     1.0824    76.2924 0.0000e+00
        383 108.579011    0.02654     1.5920     95.520     16.153  49805.406    31.0560     5.8717     16.000     5.9133    24.4527     3.0344     4.3365     42.658    132.283    135.518   -0.00012    7.11344   10.16582  310.10346   15.96345 1.9677e-01     0.3164     1.0568    76.7815 0.0000e+00
        388 108.579025    0.02687     1.6123     96.739     17.159  49830.697    31.0944     5.9835     17.000     6.0169    24.4699     3.0290     4.3288     42.705    132.044    135.276    0.00018    7.09292   10.13649  309.20373   15.92043 1.5882e-01     0.3165     0.9580    78.7110 0.0000e+00
        392 108.579038    0.02718     1.6312     97.874     18.173  49789.783    31.0787     6.0515     18.000     6.0592    24.4495     3.0278     4.3270     42.750    131.992    135.220    0.00084    7.08231   10.12133  308.74731   15.89875 1.3213e-01     0.2839     0.8718    80.4168 0.0000e+00
        397 108.579051    0.02749     1.6494     98.962     19.177  49792.921    31.0834     6.0669     19.000     6.0782    24.4513     3.0275     4.3264     42.763    131.977    135.204    0.00039    7.07952   10.11734  308.62521   15.89292 1.1061e-01     0.3036     0.8687    80.4789 0.0000e+00
        402 108.579064    0.02782     1.6693    100.156     20.197  49901.734    31.1677     6.1181     20.000     6.1804    24.5118     3.0287     4.3282     42.855    132.023    135.260    0.00113    7.06707   10.09954  308.06393   15.86583 9.3339e-02     0.2709     0.8469    80.9188 0.0000e+00
        406 108.579076    0.02810     1.6861    101.165     21.193  49886.110    31.1802     6.2442     21.000     6.2779    24.5064     3.0164     4.3108     42.812    131.490    134.713    0.00048    7.04563   10.06890  307.13090   15.82131 8.0855e-02     0.2726     0.8160    81.5468 0.0000e+00
        411 108.579090    0.02844     1.7067    102.400     22.218  49853.224    31.1691     6.3091     22.000     6.3181    24.4898     3.0109     4.3028     42.796    131.250    134.465    0.00013    7.03543   10.05434  306.69159   15.80043 7.0329e-02     0.2520     0.7804    82.2760 0.0000e+00
        415 108.579102    0.02874     1.7242    103.452     23.211  49856.495    31.1747     6.3294     23.000     6.3317    24.4917     3.0165     4.3109     42.898    131.497    134.718    0.00080    7.03184   10.04920  306.53424   15.79290 6.3160e-02     0.2740     0.7619    82.6562 0.0000e+00
        420 108.579118    0.02911     1.7461    104.769     24.240  49894.051    31.2023     6.3405     24.000     6.3517    24.5121     3.0188     4.3141     42.949    131.593    134.819    0.00115    7.02872   10.04475  306.39224   15.78602 5.6564e-02     0.2710     0.7397    83.1174 0.0000e+00
        424 108.579130    0.02939     1.7635    105.810     25.231  49886.613    31.2009     6.3632     25.000     6.3643    24.5082     3.0155     4.3095     42.926    131.452    134.674    0.00041    7.02507   10.03954  306.23469   15.77852 5.2351e-02     0.2860     0.7197    83.5348 0.0000e+00
        430 108.579146    0.02978     1.7871    107.228     26.260  49891.305    31.2048     6.3691     26.000     6.3703    24.5105     3.0171     4.3116     42.954    131.518    134.741    0.00032    7.02392   10.03788  306.18328   15.77606 4.7803e-02     0.2571     0.7026    83.8911 0.0000e+00
        434 108.579159    0.03009     1.8056    108.334     27.253  49923.823    31.2299     6.3864     27.000     6.3942    24.5283     3.0178     4.3128     42.990    131.550    134.776    0.00064    7.01991   10.03216  306.00356   15.76739 4.5173e-02     0.2656     0.6966    84.0185 0.0000e+00
        440 108.579174    0.03047     1.8280    109.679     28.264  49933.635    31.2410     6.4120     28.000     6.4190    24.5339     3.0130     4.3059     42.950    131.339    134.561   -0.00011    7.01520   10.02543  305.79668   15.75748 4.2786e-02     0.2892     0.6782    84.4048 0.0000e+00
        445 108.579190    0.03082     1.8495    110.971     29.277  49928.461    31.2404     6.4305     29.000     6.4329    24.5311     3.0131     4.3059     42.969    131.342    134.564    0.00020    7.01220   10.02113  305.66648   15.75128 4.0820e-02     0.3037     0.6574    84.8437 0.0000e+00
        450 108.579205    0.03120     1.8722    112.331     30.286  49953.548    31.2615     6.4531     30.000     6.4610    24.5450     3.0109     4.3029     42.966    131.246    134.467   -0.00006    7.00753   10.01446  305.45884   15.74130 3.9148e-02     0.2607     0.6508    84.9834 0.0000e+00
        456 108.579221    0.03158     1.8944    113.665     31.289  49950.897    31.2629     6.4738     31.000     6.4758    24.5436     3.0091     4.3002     42.962    131.166    134.385   -0.00000    7.00407   10.00953  305.30868   15.73413 3.7966e-02     0.2563     0.6465    85.0771 0.0000e+00
        462 108.579238    0.03200     1.9200    115.201     32.310  49961.267    31.2720     6.4866     32.000     6.4880    24.5491     3.0100     4.3015     42.990    131.203    134.424    0.00011    7.00157   10.00595  305.19790   15.72881 3.6798e-02     0.2693     0.6374    85.2692 0.0000e+00
        467 108.579254    0.03237     1.9421    116.525     33.313  49974.874    31.2832     6.4989     33.000     6.5010    24.5564     3.0097     4.3012     43.002    131.192    134.413    0.00019    6.99905   10.00234  305.08570   15.72342 3.6418e-02     0.2552     0.6300    85.4293 0.0000e+00
        473 108.579270    0.03275     1.9650    117.902     34.323  49975.121    31.2850     6.5102     34.000     6.5089    24.5565     3.0052     4.2947     42.949    130.994    134.210   -0.00046    6.99712    9.99959  305.00182   15.71942 3.6383e-02     0.2514     0.6113    85.8278 0.0000e+00
        478 108.579285    0.03313     1.9876    119.255     35.335  49974.800    31.2849     6.5132     35.000     6.5105    24.5560     3.0071     4.2976     42.981    131.083    134.302   -0.00003    6.99664    9.99890  304.98088   15.71842 3.6382e-02     0.2609     0.6038    85.9900 0.0000e+00
        483 108.579300    0.03347     2.0083    120.500     36.341  49984.446    31.2914     6.5153     36.000     6.5151    24.5610     3.0062     4.2961     42.970    131.035    134.255   -0.00008    6.99598    9.99796  304.95079   15.71696 3.6382e-02     0.2716     0.6097    85.8628 0.0000e+00
        488 108.579315    0.03385     2.0309    121.856     37.357  49983.595    31.2915     6.5215     37.000     6.5192    24.5602     3.0027     4.2911     42.926    130.884    134.099   -0.00054    6.99497    9.99652  304.90693   15.71487 3.6382e-02     0.2376     0.5975    86.1245 0.0000e+00
        493 108.579329    0.03418     2.0504    123.027     38.353  49986.938    31.2937     6.5235     38.000     6.5215    24.5617     3.0044     4.2936     42.953    130.959    134.175   -0.00017    6.99455    9.99590  304.88778   15.71395 3.6382e-02     0.2695     0.5904    86.2764 0.0000e+00
        499 108.579345    0.03456     2.0737    124.419     39.387  49987.236    31.2939     6.5263     39.000     6.5235    24.5616     2.9977     4.2840     42.860    130.669    133.878   -0.00078    6.99408    9.99524  304.86744   15.71298 3.6382e-02     0.2489     0.5932    86.2180 0.0000e+00
        502 108.579356    0.03481     2.0888    125.330     40.370  49990.029    31.2957     6.5274     40.000     6.5248    24.5628     3.0003     4.2877     42.899    130.781    133.993   -0.00048    6.99383    9.99488  304.85617   15.71243 3.6382e-02     0.2516     0.5987    86.0999 0.0000e+00
        507 108.579370    0.03516     2.1097    126.579     41.402  49996.288    31.2999     6.5295     41.000     6.5279    24.5659     2.9961     4.2817     42.842    130.597    133.804   -0.00059    6.99328    9.99410  304.83159   15.71124 3.6382e-02     0.2364     0.5865    86.3621 0.0000e+00
        511 108.579381    0.03542     2.1252    127.510     42.396  50003.212    31.3051     6.5343     42.000     6.5332    24.5694     2.9938     4.2784     42.816    130.497    133.703   -0.00083    6.99226    9.99265  304.78621   15.70906 3.6382e-02     0.2485     0.5843    86.4078 0.0000e+00
        515 108.579393    0.03572     2.1435    128.609     43.412  50005.233    31.3069     6.5391     43.000     6.5369    24.5702     2.9907     4.2739     42.776    130.360    133.562   -0.00090    6.99140    9.99141  304.74836   15.70724 3.6382e-02     0.2432     0.5769    86.5702 0.0000e+00
        520 108.579406    0.03602     2.1613    129.678     44.419  50009.789    31.3102     6.5423     44.000     6.5408    24.5724     2.9896     4.2724     42.764    130.312    133.514   -0.00082    6.99073    9.99046  304.71858   15.70581 3.6382e-02     0.2359     0.5717    86.6820 0.0000e+00
        524 108.579419    0.03633     2.1797    130.782     45.436  50012.914    31.3128     6.5471     45.000     6.5452    24.5738     2.9837     4.2641     42.687    130.057    133.253   -0.00108    6.98983    9.98918  304.67883   15.70390 3.6382e-02     0.2680     0.5688    86.7441 0.0000e+00
        528 108.579430    0.03660     2.1956    131.736     46.428  50011.284    31.3118     6.5503     46.000     6.5466    24.5727     2.9829     4.2629     42.678    130.022    133.217   -0.00113    6.98935    9.98848  304.65807   15.70292 3.6382e-02     0.2473     0.5754    86.6019 0.0000e+00
        533 108.579445    0.03695     2.2172    133.030     47.464  50012.929    31.3124     6.5501     47.000     6.5467    24.5732     2.9808     4.2598     42.648    129.929    133.122   -0.00078    6.98936    9.98849  304.65830   15.70293 3.6382e-02     0.2384     0.5726    86.6645 0.0000e+00
        537 108.579455    0.03719     2.2315    133.893     48.441  50018.761    31.3163     6.5522     48.000     6.5504    24.5760     2.9815     4.2609     42.661    129.961    133.155   -0.00068    6.98883    9.98774  304.63452   15.70178 3.6382e-02     0.2278     0.5900    86.2854 0.0000e+00
        542 108.579470    0.03757     2.2540    135.240     49.480  50017.252    31.3157     6.5570     49.000     6.5532    24.5749     2.9761     4.2531     42.588    129.724    132.912   -0.00090    6.98809    9.98668  304.60247   15.70026 3.6382e-02     0.2585     0.5778    86.5491 0.0000e+00
        546 108.579482    0.03784     2.2704    136.225     50.467  50017.000    31.3151     6.5572     50.000     6.5531    24.5744     2.9781     4.2561     42.618    129.814    133.003   -0.00060    6.98807    9.98665  304.60188   15.70023 3.6382e-02     0.2586     0.5823    86.4538 0.0000e+00
        551 108.579497    0.03819     2.2915    137.493     51.500  50017.659    31.3151     6.5574     51.000     6.5531    24.5745     2.9753     4.2519     42.576    129.687    132.874   -0.00046    6.98803    9.98659  304.60012   15.70015 3.6382e-02     0.2478     0.5719    86.6776 0.0000e+00
        556 108.579510    0.03851     2.3105    138.628     52.496  50018.625    31.3153     6.5573     52.000     6.5532    24.5747     2.9784     4.2565     42.622    129.827    133.018   -0.00018    6.98805    9.98662  304.60075   15.70018 3.6382e-02     0.2488     0.5690    86.7415 0.0000e+00
        560 108.579523    0.03883     2.3300    139.798     53.503  50044.100    31.3333     6.5616     53.000     6.5673    24.5883     2.9745     4.2510     42.575    129.655    132.843   -0.00044    6.98653    9.98444  304.53039   15.69675 3.6382e-02     0.2452     0.5703    86.7132 0.0000e+00
