CTD-processing/allCTD/CNV/2017_07-25_t4_s10_cast233_4141.cnv
* Sea-Bird SBE19plus Data File:
* FileName = P:\My Documents\kasitsna\Research-KBL\Oceanography-AK\CTD-Data-ALL-to-2017-02\2017-CTD-KachemakBay-CookInlet\2017-07-25-CookInlet-Tran4-Barabara\2017-07-25-CookInlet-Tran4-cast233.hex
* Software Version 1.59
* Temperature SN =  4141
* Conductivity SN =  4141
* System UpLoad Time = Jul 25 2017 19:48:03
** Cook Inlet LTM Transect 4 Barabara south to north
** Date: 2017-07-25
** Station: (eg. 9-01): 9-10
** Start time (AKDT): 11:52
** Depth (m): 14.3
** Comment: R/V Edgecumbe.  Quarterly survey.
** Comment:
# nquan = 27
# nvalues = 13                          
# units = specified
# name 0 = scan: Scan Count
# name 1 = timeJ: Julian Days
# name 2 = timeH: Time, Elapsed [hours]
# name 3 = timeM: Time, Elapsed [minutes]
# name 4 = timeS: Time, Elapsed [seconds]
# name 5 = prdM: Pressure, Strain Gauge [db]
# name 6 = specc: Specific Conductance [uS/cm]
# name 7 = sal00: Salinity, Practical [PSU]
# name 8 = tv290C: Temperature [ITS-90, deg C]
# name 9 = depSM: Depth [salt water, m], lat = 59.00
# name 10 = potemp090C: Potential Temperature [ITS-90, deg C]
# name 11 = sigma-é00: Density [sigma-theta, kg/m^3]
# name 12 = sbeox0ML/L: Oxygen, SBE 43 [ml/l]
# name 13 = sbeox0Mg/L: Oxygen, SBE 43 [mg/l]
# name 14 = sbeox0PS: Oxygen, SBE 43 [% saturation]
# name 15 = sbox0Mm/Kg: Oxygen, SBE 43 [umol/kg]
# name 16 = sbeox0Mm/L: Oxygen, SBE 43 [umol/l]
# name 17 = sbox0dV/dT: Oxygen, SBE 43 [dov/dt]
# name 18 = oxsolML/L: Oxygen Saturation, Garcia & Gordon [ml/l]
# name 19 = oxsolMg/L: Oxygen Saturation, Garcia & Gordon [mg/l]
# name 20 = oxsolMm/Kg: Oxygen Saturation, Garcia & Gordon [umol/kg]
# name 21 = n2satMg/L: Nitrogen Saturation [mg/l]
# name 22 = par: PAR/Irradiance, Biospherical/Licor
# name 23 = wetStar: Fluorescence, WET Labs WETstar [mg/m^3]
# name 24 = CStarAt0: Beam Attenuation, WET Labs C-Star [1/m]
# name 25 = CStarTr0: Beam Transmission, WET Labs C-Star [%]
# name 26 = flag: flag
# span 0 =        437,        498       
# span 1 = 206.496505, 206.496681       
# span 2 =    0.03029,    0.03452       
# span 3 =     1.8174,     2.0714       
# span 4 =    109.044,    124.281       
# span 5 =      1.019,     13.113       
# span 6 =  46256.546,  48763.046       
# span 7 =    29.4077,    31.0518       
# span 8 =    10.5969,    11.7185       
# span 9 =      1.000,     13.000       
# span 10 =    10.5859,    11.6616      
# span 11 =    22.3003,    23.7720      
# span 12 =     2.5985,     2.6513      
# span 13 =     3.7135,     3.7889      
# span 14 =     41.206,     41.471      
# span 15 =    113.520,    115.655      
# span 16 =    116.051,    118.404      
# span 17 =   -0.00047,    0.00130      
# span 18 =    6.30619,    6.39298      
# span 19 =    9.01218,    9.13621      
# span 20 =  275.49102,  278.88104      
# span 21 =   14.31695,   14.47269      
# span 22 = 3.3043e+00, 1.7715e+02      
# span 23 =     1.3070,     4.8220      
# span 24 =     0.9604,     1.4134      
# span 25 =    70.2450,    78.6557      
# span 26 = 0.0000e+00, 0.0000e+00      
# interval = meters: 1                  
# start_time = Jul 25 2017 11:53:09 [Instrument's time stamp, header]
# bad_flag = -9.990e-29
*END*
        437 206.496505    0.03029     1.8174    109.044      1.019  46256.546    29.4077    11.7185      1.000    11.6616    22.3003     2.5985     3.7135     41.206    113.520    116.051    0.00042    6.30619    9.01218  275.49102   14.31695 1.7715e+02     1.3070     1.1772    74.4948 0.0000e+00
        442 206.496520    0.03065     1.8392    110.355      2.020  46651.364    29.6597    11.4587      2.000    11.3532    22.5415     2.6155     3.7378     41.311    114.232    116.807    0.00130    6.33123    9.04797  276.51968   14.36522 1.1097e+02     1.3403     1.3442    71.4658 0.0000e+00
        448 206.496536    0.03102     1.8615    111.693      3.025  46974.989    29.8619    11.2110      3.000    11.1393    22.7415     2.6220     3.7471     41.248    114.496    117.100   -0.00006    6.35680    9.08450  277.58191   14.41528 6.7354e+01     2.4984     1.4134    70.2450 0.0000e+00
        453 206.496552    0.03142     1.8848    113.090      4.048  47440.121    30.1752    11.0748      4.000    11.0696    23.0085     2.6227     3.7480     41.219    114.494    117.128   -0.00047    6.36277    9.09303  277.76995   14.42302 4.3749e+01     4.8220     1.3034    72.1933 0.0000e+00
        457 206.496564    0.03170     1.9021    114.124      5.039  47665.334    30.3307    11.0472      5.000    11.0302    23.1342     2.6233     3.7489     41.244    114.505    117.154   -0.00008    6.36027    9.08945  277.62676   14.41554 3.1856e+01     4.5861     1.2548    73.0769 0.0000e+00
        464 206.496582    0.03212     1.9273    115.639      6.066  47805.786    30.4254    11.0098      6.000    10.9835    23.2141     2.6219     3.7470     41.215    114.437    117.094   -0.00036    6.36156    9.09130  277.66133   14.41681 2.3280e+01     3.6309     1.2104    73.8893 0.0000e+00
        468 206.496595    0.03244     1.9463    116.779      7.064  48065.007    30.5954    10.8958      7.000    10.8300    23.3660     2.6292     3.7574     41.273    114.739    117.420    0.00012    6.37033    9.10383  278.00292   14.43248 1.7353e+01     2.8864     1.0751    76.4408 0.0000e+00
        473 206.496609    0.03278     1.9666    117.999      8.073  48278.990    30.7334    10.7824      8.000    10.7649    23.4926     2.6381     3.7701     41.347    115.113    117.818    0.00080    6.38032    9.11811  278.40452   14.45116 1.3337e+01     2.4508     0.9604    78.6557 0.0000e+00
        479 206.496625    0.03317     1.9899    119.394      9.093  48379.679    30.8016    10.7607      9.000    10.7671    23.5495     2.6381     3.7701     41.347    115.107    117.818    0.00033    6.38055    9.11844  278.39925   14.45063 1.0321e+01     2.3819     0.9658    78.5524 0.0000e+00
        483 206.496638    0.03347     2.0084    120.505     10.088  48390.351    30.8096    10.7681     10.000    10.7630    23.5544     2.6369     3.7683     41.335    115.052    117.762    0.00004    6.37920    9.11652  278.33903   14.44772 7.7964e+00     2.2974     1.0896    76.1576 0.0000e+00
        488 206.496653    0.03384     2.0301    121.805     11.110  48420.209    30.8291    10.7586     11.000    10.7446    23.5713     2.6385     3.7707     41.358    115.124    117.837    0.00020    6.37971    9.11725  278.35690   14.44849 5.8624e+00     2.1253     1.1428    75.1489 0.0000e+00
        493 206.496666    0.03415     2.0491    122.946     12.112  48607.657    30.9533    10.6897     12.000    10.6415    23.6796     2.6425     3.7763     41.391    115.283    118.013    0.00030    6.38417    9.12363  278.52190   14.45590 4.3640e+00     2.1283     1.0984    75.9921 0.0000e+00
        498 206.496681    0.03452     2.0714    124.281     13.113  48763.046    31.0518    10.5969     13.000    10.5859    23.7720     2.6513     3.7889     41.471    115.655    118.404    0.00090    6.39298    9.13621  278.88104   14.47269 3.3043e+00     2.0495     0.9685    78.4960 0.0000e+00
