CTD-processing/allCTD/CNV/2017_12-14_t9_s05_cast121_4141.cnv
* Sea-Bird SBE19plus Data File:
* FileName = C:\Users\Kim.Powell\Desktop\Not Processed\2017\2017_12-XX_4141\2017_12-14_TANSECT_STATION_cast121.hex
* Software Version 1.59
* Temperature SN =  4141
* Conductivity SN =  4141
* System UpLoad Time = Dec 18 2017 08:16:24
** 2017_12-14
** Station: 9-05
** Start Time: 11:35
** Depth (m): 100.6
** Comment: ** CTD recorded date as April 18
** Comment:
# nquan = 27
# nvalues = 91                          
# units = specified
# name 0 = scan: Scan Count
# name 1 = timeJ: Julian Days
# name 2 = timeH: Time, Elapsed [hours]
# name 3 = timeM: Time, Elapsed [minutes]
# name 4 = timeS: Time, Elapsed [seconds]
# name 5 = prdM: Pressure, Strain Gauge [db]
# name 6 = specc: Specific Conductance [uS/cm]
# name 7 = sal00: Salinity, Practical [PSU]
# name 8 = tv290C: Temperature [ITS-90, deg C]
# name 9 = depSM: Depth [salt water, m], lat = 59.00
# name 10 = potemp090C: Potential Temperature [ITS-90, deg C]
# name 11 = sigma-é00: Density [sigma-theta, kg/m^3]
# name 12 = sbeox0ML/L: Oxygen, SBE 43 [ml/l]
# name 13 = sbeox0Mg/L: Oxygen, SBE 43 [mg/l]
# name 14 = sbeox0PS: Oxygen, SBE 43 [% saturation]
# name 15 = sbox0Mm/Kg: Oxygen, SBE 43 [umol/kg]
# name 16 = sbeox0Mm/L: Oxygen, SBE 43 [umol/l]
# name 17 = sbox0dV/dT: Oxygen, SBE 43 [dov/dt]
# name 18 = oxsolML/L: Oxygen Saturation, Garcia & Gordon [ml/l]
# name 19 = oxsolMg/L: Oxygen Saturation, Garcia & Gordon [mg/l]
# name 20 = oxsolMm/Kg: Oxygen Saturation, Garcia & Gordon [umol/kg]
# name 21 = n2satMg/L: Nitrogen Saturation [mg/l]
# name 22 = par: PAR/Irradiance, Biospherical/Licor
# name 23 = wetStar: Fluorescence, WET Labs WETstar [mg/m^3]
# name 24 = CStarAt0: Beam Attenuation, WET Labs C-Star [1/m]
# name 25 = CStarTr0: Beam Transmission, WET Labs C-Star [%]
# name 26 = flag: flag
# span 0 =        330,        765       
# span 1 = 108.483939, 108.485196       
# span 2 =    0.02287,    0.05303       
# span 3 =     1.3722,     3.1819       
# span 4 =     82.329,    190.915       
# span 5 =      1.014,     91.877       
# span 6 =  48439.812,  50133.774       
# span 7 =    29.9427,    31.4163       
# span 8 =     4.9437,     6.7822       
# span 9 =      1.000,     91.000       
# span 10 =     5.0884,     6.7745      
# span 11 =    23.6740,    24.6283      
# span 12 =     2.8209,     2.9368      
# span 13 =     4.0314,     4.1970      
# span 14 =     39.947,     40.660      
# span 15 =    122.955,    128.126      
# span 16 =    125.981,    131.159      
# span 17 =   -0.00049,    0.00157      
# span 18 =    6.94710,    7.32677      
# span 19 =    9.92811,   10.47068      
# span 20 =  302.80146,  319.64654      
# span 21 =   15.61399,   16.42229      
# span 22 = 3.6377e-02, 3.3351e+01      
# span 23 =     0.2350,     0.3744      
# span 24 =     0.5135,     2.7375      
# span 25 =    50.4395,    87.9518      
# span 26 = 0.0000e+00, 0.0000e+00      
# interval = meters: 1                  
# start_time = Apr 18 2017 11:35:30 [Instrument's time stamp, header]
# bad_flag = -9.990e-29
*END*
        330 108.483939    0.02287     1.3722     82.329      1.014  48439.812    29.9427     4.9437      1.000     5.0884    23.6740     2.9368     4.1970     40.084    128.126    131.159    0.00026    7.32677   10.47068  319.64654   16.42229 3.3351e+01     0.3457     2.7375    50.4395 0.0000e+00
        336 108.483956    0.02327     1.3962     83.769      2.019  49040.857    30.4326     5.3401      2.000     5.4282    24.0199     2.8922     4.1332     39.982    126.136    129.166   -0.00045    7.23369   10.33766  315.47862   16.22195 1.8085e+01     0.3744     2.5075    53.4502 0.0000e+00
        342 108.483973    0.02367     1.4202     85.213      3.031  49134.818    30.5559     5.6415      3.000     5.6915    24.0840     2.8666     4.0967     39.947    125.012    128.023   -0.00049    7.17611   10.25537  312.94789   16.10097 1.0784e+01     0.3711     2.1558    58.3499 0.0000e+00
        347 108.483988    0.02405     1.4428     86.565      4.035  49041.955    30.4845     5.6044      4.000     5.5823    24.0317     2.8816     4.1181     40.101    125.673    128.693    0.00081    7.18584   10.26928  313.38836   16.12223 7.2860e+00     0.3534     1.9440    61.5166 0.0000e+00
        353 108.484005    0.02444     1.4667     88.000      5.050  49156.419    30.5588     5.5848      5.000     5.6010    24.0927     2.8906     4.1309     40.227    126.056    129.093    0.00157    7.18563   10.26898  313.36037   16.12059 4.7934e+00     0.3302     2.0155    60.4178 0.0000e+00
        358 108.484018    0.02477     1.4863     89.179      6.055  49328.937    30.6886     5.6448      6.000     5.6956    24.1885     2.8821     4.1188     40.201    125.674    128.714    0.00085    7.16921   10.24553  312.61551   16.08459 3.2517e+00     0.3564     1.9627    61.2256 0.0000e+00
        363 108.484033    0.02512     1.5073     90.438      7.069  49383.006    30.7497     5.7702      7.000     5.7890    24.2224     2.8690     4.1001     40.153    125.098    128.128    0.00003    7.14504   10.21097  311.55078   16.03364 2.2956e+00     0.3258     1.7019    65.3671 0.0000e+00
        367 108.484046    0.02543     1.5257     91.543      8.074  49350.916    30.7308     5.7896      8.000     5.7802    24.2053     2.8706     4.1024     40.189    125.172    128.202    0.00031    7.14266   10.20757  311.45237   16.02903 1.7025e+00     0.3498     1.5064    68.6283 0.0000e+00
        372 108.484059    0.02575     1.5450     92.701      9.084  49373.965    30.7421     5.7680      9.000     5.7572    24.2167     2.8773     4.1119     40.265    125.460    128.498    0.00080    7.14578   10.21204  311.58510   16.03531 1.2737e+00     0.3265     1.4282    69.9760 0.0000e+00
        377 108.484073    0.02609     1.5656     93.938     10.098  49402.324    30.7561     5.7422     10.000     5.7342    24.2307     2.8782     4.1132     40.258    125.500    128.541    0.00038    7.14948   10.21732  311.74193   16.04271 9.5369e-01     0.3399     1.3880    70.6800 0.0000e+00
        381 108.484086    0.02640     1.5839     95.035     11.102  49418.853    30.7648     5.7308     11.000     5.7271    24.2389     2.8778     4.1127     40.245    125.484    128.526    0.00013    7.15099   10.21948  311.80552   16.04571 7.2698e-01     0.3556     1.3652    71.0842 0.0000e+00
        386 108.484100    0.02675     1.6047     96.281     12.115  49433.094    30.7730     5.7247     12.000     5.7221    24.2461     2.8784     4.1135     40.248    125.505    128.548   -0.00002    7.15163   10.22038  311.83088   16.04688 5.4509e-01     0.3300     1.3517    71.3257 0.0000e+00
        391 108.484115    0.02708     1.6251     97.505     13.122  49438.845    30.7754     5.7192     13.000     5.7153    24.2486     2.8777     4.1125     40.233    125.473    128.516   -0.00012    7.15245   10.22157  311.86595   16.04854 4.1173e-01     0.3522     1.3678    71.0391 0.0000e+00
        396 108.484129    0.02743     1.6457     98.743     14.140  49487.892    30.8079     5.7154     14.000     5.7161    24.2747     2.8769     4.1113     40.228    125.439    128.484   -0.00020    7.15154   10.22027  311.81854   16.04615 3.0497e-01     0.3139     1.3872    70.6946 0.0000e+00
        400 108.484142    0.02774     1.6643     99.859     15.138  49510.487    30.8231     5.7162     15.000     5.7133    24.2868     2.8792     4.1147     40.265    125.537    128.586    0.00012    7.15069   10.21905  311.77765   16.04414 2.3326e-01     0.3248     1.3017    72.2240 0.0000e+00
        406 108.484158    0.02812     1.6870    101.221     16.160  49528.850    30.8344     5.7116     16.000     5.7096    24.2962     2.8758     4.1099     40.217    125.390    128.436   -0.00033    7.15093   10.21939  311.78518   16.04445 1.7606e-01     0.3294     1.2431    73.2865 0.0000e+00
        410 108.484170    0.02842     1.7053    102.319     17.158  49536.506    30.8393     5.7121     17.000     5.7115    24.3000     2.8753     4.1091     40.210    125.363    128.410   -0.00037    7.15062   10.21895  311.77051   16.04373 1.3867e-01     0.3413     1.2273    73.5780 0.0000e+00
        415 108.484185    0.02878     1.7266    103.599     18.174  49547.834    30.8470     5.7141     18.000     5.7162    24.3058     2.8740     4.1072     40.196    125.305    128.351   -0.00039    7.14990   10.21793  311.73764   16.04214 1.0848e-01     0.3375     1.2171    73.7656 0.0000e+00
        420 108.484198    0.02909     1.7450    104.697     19.178  49581.573    30.8725     5.7284     19.000     5.7384    24.3244     2.8732     4.1062     40.206    125.273    128.320   -0.00023    7.14627   10.21273  311.57351   16.03422 8.7856e-02     0.3278     1.1968    74.1420 0.0000e+00
        425 108.484212    0.02942     1.7655    105.928     20.194  49650.537    30.9274     5.7687     20.000     5.8009    24.3631     2.8735     4.1065     40.263    125.278    128.330    0.00029    7.13686   10.19928  311.15149   16.01389 7.2645e-02     0.3258     1.1596    74.8350 0.0000e+00
        429 108.484225    0.02972     1.7833    107.000     21.199  49768.601    31.0245     5.8523     21.000     5.9114    24.4301     2.8668     4.0970     40.275    124.978    128.032    0.00038    7.11819   10.17261  310.31736   15.97376 6.1749e-02     0.3180     1.1029    75.9042 0.0000e+00
        434 108.484238    0.03004     1.8022    108.130     22.207  49782.709    31.0571     5.9739     22.000     6.0132    24.4417     2.8592     4.0861     40.291    124.644    127.691    0.00032    7.09627   10.14129  309.35839   15.92795 5.4464e-02     0.3333     0.9623    78.6214 0.0000e+00
        438 108.484251    0.03036     1.8215    109.288     23.221  49784.011    31.0746     6.0636     23.000     6.0947    24.4449     2.8589     4.0856     40.377    124.631    127.679    0.00096    7.08050   10.11875  308.66978   15.89507 4.9413e-02     0.3051     0.9117    79.6179 0.0000e+00
        443 108.484264    0.03066     1.8397    110.384     24.225  49778.592    31.0828     6.1284     24.000     6.1516    24.4435     2.8576     4.0838     40.422    124.574    127.619    0.00112    7.06935   10.10281  308.18405   15.87190 4.5756e-02     0.3179     0.8771    80.3117 0.0000e+00
        447 108.484278    0.03099     1.8597    111.579     25.241  49758.317    31.0782     6.1809     25.000     6.1909    24.4336     2.8585     4.0850     40.484    124.614    127.658    0.00109    7.06086   10.09067  307.81681   15.85442 4.2829e-02     0.3015     0.8647    80.5593 0.0000e+00
        452 108.484290    0.03129     1.8773    112.638     26.244  49766.485    31.0886     6.2091     26.000     6.2211    24.4385     2.8572     4.0832     40.495    124.556    127.601    0.00087    7.05570   10.08330  307.59048   15.84359 4.0698e-02     0.3038     0.8532    80.7908 0.0000e+00
        456 108.484304    0.03162     1.8973    113.835     27.259  49788.900    31.1110     6.2483     27.000     6.2633    24.4514     2.8558     4.0812     40.518    124.496    127.541    0.00080    7.04817   10.07254  307.25852   15.82768 3.9097e-02     0.2885     0.8428    81.0011 0.0000e+00
        461 108.484316    0.03193     1.9155    114.930     28.266  49794.241    31.1201     6.2796     28.000     6.2946    24.4547     2.8504     4.0734     40.473    124.259    127.298    0.00001    7.04259   10.06456  307.01389   15.81599 3.7680e-02     0.2940     0.8306    81.2494 0.0000e+00
        465 108.484329    0.03223     1.9340    116.037     29.273  49823.208    31.1478     6.3236     29.000     6.3408    24.4713     2.8501     4.0731     40.518    124.245    127.285    0.00038    7.03404   10.05235  306.63656   15.79789 3.6715e-02     0.3029     0.8098    81.6739 0.0000e+00
        470 108.484343    0.03257     1.9543    117.256     30.289  49831.458    31.1609     6.3663     30.000     6.3727    24.4764     2.8434     4.0635     40.467    123.952    126.986   -0.00014    7.02641   10.04145  306.30264   15.78192 3.6377e-02     0.2936     0.7712    82.4640 0.0000e+00
        474 108.484356    0.03287     1.9723    118.336     31.292  49817.699    31.1532     6.3784     31.000     6.3767    24.4689     2.8423     4.0620     40.462    123.909    126.941   -0.00023    7.02479   10.03912  306.23377   15.77867 3.6382e-02     0.2960     0.7674    82.5432 0.0000e+00
        479 108.484369    0.03319     1.9916    119.494     32.305  49818.811    31.1536     6.3791     32.000     6.3767    24.4691     2.8440     4.0645     40.487    123.983    127.016   -0.00003    7.02465   10.03892  306.22778   15.77839 3.6382e-02     0.2749     0.7575    82.7472 0.0000e+00
        484 108.484383    0.03352     2.0112    120.674     33.312  49823.828    31.1569     6.3806     33.000     6.3786    24.4715     2.8432     4.0632     40.477    123.943    126.977   -0.00001    7.02426   10.03837  306.21005   15.77753 3.6382e-02     0.2905     0.7527    82.8465 0.0000e+00
        489 108.484397    0.03387     2.0320    121.921     34.326  49830.854    31.1617     6.3830     34.000     6.3826    24.4750     2.8432     4.0632     40.480    123.942    126.976   -0.00020    7.02364   10.03748  306.18180   15.77616 3.6382e-02     0.2795     0.7508    82.8857 0.0000e+00
        493 108.484411    0.03419     2.0512    123.073     35.332  49855.148    31.1797     6.3920     35.000     6.3999    24.4881     2.8427     4.0625     40.487    123.922    126.956    0.00002    7.02133   10.03417  306.07687   15.77109 3.6382e-02     0.2750     0.7481    82.9418 0.0000e+00
        498 108.484424    0.03451     2.0710    124.257     36.344  49921.237    31.2314     6.4268     36.000     6.4513    24.5246     2.8385     4.0564     40.472    123.729    126.763   -0.00023    7.01324   10.02261  305.71351   15.75356 3.6382e-02     0.2877     0.6935    84.0848 0.0000e+00
        502 108.484437    0.03482     2.0895    125.369     37.350  49949.347    31.2622     6.4913     37.000     6.5042    24.5409     2.8361     4.0530     40.508    123.625    126.659    0.00022    7.00125   10.00548  305.18632   15.72830 3.6382e-02     0.2904     0.6476    85.0526 0.0000e+00
        507 108.484451    0.03516     2.1096    126.577     38.366  49933.025    31.2549     6.5150     38.000     6.5127    24.5322     2.8300     4.0444     40.442    123.364    126.390   -0.00044    6.99773   10.00046  305.03564   15.72115 3.6382e-02     0.2549     0.6398    85.2179 0.0000e+00
        512 108.484464    0.03546     2.1272    127.630     39.365  49948.009    31.2653     6.5178     39.000     6.5184    24.5400     2.8308     4.0455     40.459    123.396    126.424   -0.00024    6.99680    9.99912  304.99245   15.71905 3.6382e-02     0.2666     0.6604    84.7810 0.0000e+00
        517 108.484478    0.03580     2.1482    128.893     40.387  49948.405    31.2668     6.5270     40.000     6.5259    24.5400     2.8327     4.0482     40.495    123.479    126.509    0.00010    6.99522    9.99687  304.92375   15.71577 3.6382e-02     0.2624     0.6382    85.2526 0.0000e+00
        521 108.484491    0.03610     2.1660    129.959     41.388  49956.774    31.2729     6.5318     41.000     6.5317    24.5443     2.8316     4.0466     40.485    123.429    126.458    0.00013    6.99417    9.99537  304.87671   15.71350 3.6382e-02     0.3062     0.6498    85.0071 0.0000e+00
        525 108.484503    0.03642     2.1851    131.105     42.400  49965.554    31.2801     6.5402     42.000     6.5416    24.5490     2.8307     4.0453     40.482    123.390    126.419   -0.00018    6.99245    9.99292  304.80055   15.70984 3.6382e-02     0.2647     0.6442    85.1258 0.0000e+00
        530 108.484518    0.03675     2.2052    132.310     43.411  49999.694    31.3063     6.5566     43.000     6.5657    24.5675     2.8305     4.0450     40.501    123.377    126.408    0.00015    6.98857    9.98737  304.62590   15.70141 3.6382e-02     0.2610     0.6375    85.2696 0.0000e+00
        535 108.484531    0.03707     2.2244    133.462     44.419  50024.182    31.3289     6.5901     44.000     6.6010    24.5811     2.8279     4.0413     40.502    123.264    126.294    0.00001    6.98210    9.97811  304.33940   15.68766 3.6382e-02     0.2784     0.6281    85.4693 0.0000e+00
        540 108.484545    0.03740     2.2442    134.652     45.433  50037.286    31.3432     6.6215     45.000     6.6305    24.5885     2.8240     4.0357     40.480    123.093    126.120   -0.00023    6.97633    9.96988  304.08610   15.67553 3.6382e-02     0.2627     0.6169    85.7080 0.0000e+00
        544 108.484557    0.03771     2.2624    135.745     46.434  50044.318    31.3526     6.6486     46.000     6.6541    24.5924     2.8234     4.0348     40.498    123.063    126.090   -0.00002    6.97151    9.96298  303.87452   15.66540 3.6382e-02     0.2671     0.5970    86.1359 0.0000e+00
        549 108.484572    0.03807     2.2839    137.036     47.454  50036.834    31.3502     6.6671     47.000     6.6643    24.5883     2.8225     4.0337     40.503    123.028    126.054    0.00002    6.96862    9.95886  303.75000   15.65947 3.6382e-02     0.2643     0.5711    86.6956 0.0000e+00
        554 108.484585    0.03838     2.3028    138.168     48.457  50037.820    31.3502     6.6656     48.000     6.6593    24.5884     2.8227     4.0339     40.504    123.035    126.061   -0.00003    6.96888    9.95922  303.76100   15.66000 3.6382e-02     0.2596     0.5765    86.5776 0.0000e+00
        559 108.484600    0.03872     2.3232    139.391     49.468  50050.864    31.3581     6.6620     49.000     6.6583    24.5951     2.8232     4.0346     40.510    123.056    126.082   -0.00000    6.96908    9.95951  303.76787   15.66029 3.6382e-02     0.2624     0.5778    86.5517 0.0000e+00
        564 108.484613    0.03907     2.3439    140.632     50.481  50055.699    31.3613     6.6637     50.000     6.6614    24.5974     2.8220     4.0329     40.496    123.006    126.031   -0.00021    6.96868    9.95893  303.74957   15.65941 3.6382e-02     0.2627     0.5736    86.6423 0.0000e+00
        568 108.484627    0.03939     2.3632    141.791     51.486  50058.835    31.3638     6.6684     51.000     6.6648    24.5989     2.8253     4.0377     40.549    123.152    126.181    0.00028    6.96780    9.95767  303.71069   15.65755 3.6382e-02     0.2694     0.5845    86.4061 0.0000e+00
        573 108.484641    0.03971     2.3829    142.971     52.498  50062.491    31.3662     6.6699     52.000     6.6663    24.6005     2.8228     4.0340     40.514    123.038    126.065   -0.00009    6.96743    9.95715  303.69434   15.65676 3.6382e-02     0.2690     0.5762    86.5852 0.0000e+00
        578 108.484655    0.04005     2.4027    144.165     53.510  50067.784    31.3698     6.6723     53.000     6.6694    24.6031     2.8234     4.0349     40.526    123.065    126.093   -0.00011    6.96689    9.95638  303.67011   15.65559 3.6382e-02     0.2649     0.5850    86.3938 0.0000e+00
