CTD-processing/allCTD/CNV/2017_04-19_t3_s01_cast137_4141.cnv
* Sea-Bird SBE19plus Data File:
* FileName = P:\My Documents\kasitsna\Research-KBL\Oceanography-AK\CTD-Data-ALL-to-2017-02\2017-CTD-KachemakBay-CookInlet\2017-04-19-CookInlet-Tran3-AnchorPt\2017-04-19-CookInlet-Tran3-cast137.hex
* Software Version 1.59
* Temperature SN =  4141
* Conductivity SN =  4141
* System UpLoad Time = Apr 20 2017 00:41:32
** Cook Inlet LTM Transect 3 Anchor Pt east to west
** Date: 2017-04-19
** Station: (eg. 9-01): 3-01
** Start time (AKDT): 00:11
** Depth (m): 21
** Comment: R/V Alaska Dreamcatcher
** Comment:
# nquan = 27
# nvalues = 22                          
# units = specified
# name 0 = scan: Scan Count
# name 1 = timeJ: Julian Days
# name 2 = timeH: Time, Elapsed [hours]
# name 3 = timeM: Time, Elapsed [minutes]
# name 4 = timeS: Time, Elapsed [seconds]
# name 5 = prdM: Pressure, Strain Gauge [db]
# name 6 = specc: Specific Conductance [uS/cm]
# name 7 = sal00: Salinity, Practical [PSU]
# name 8 = tv290C: Temperature [ITS-90, deg C]
# name 9 = depSM: Depth [salt water, m], lat = 59.00
# name 10 = potemp090C: Potential Temperature [ITS-90, deg C]
# name 11 = sigma-é00: Density [sigma-theta, kg/m^3]
# name 12 = sbeox0ML/L: Oxygen, SBE 43 [ml/l]
# name 13 = sbeox0Mg/L: Oxygen, SBE 43 [mg/l]
# name 14 = sbeox0PS: Oxygen, SBE 43 [% saturation]
# name 15 = sbox0Mm/Kg: Oxygen, SBE 43 [umol/kg]
# name 16 = sbeox0Mm/L: Oxygen, SBE 43 [umol/l]
# name 17 = sbox0dV/dT: Oxygen, SBE 43 [dov/dt]
# name 18 = oxsolML/L: Oxygen Saturation, Garcia & Gordon [ml/l]
# name 19 = oxsolMg/L: Oxygen Saturation, Garcia & Gordon [mg/l]
# name 20 = oxsolMm/Kg: Oxygen Saturation, Garcia & Gordon [umol/kg]
# name 21 = n2satMg/L: Nitrogen Saturation [mg/l]
# name 22 = par: PAR/Irradiance, Biospherical/Licor
# name 23 = wetStar: Fluorescence, WET Labs WETstar [mg/m^3]
# name 24 = CStarAt0: Beam Attenuation, WET Labs C-Star [1/m]
# name 25 = CStarTr0: Beam Transmission, WET Labs C-Star [%]
# name 26 = flag: flag
# span 0 =        109,        331       
# span 1 = 110.008843, 110.009486       
# span 2 =    0.00750,    0.02295       
# span 3 =     0.4502,     1.3768       
# span 4 =     27.013,     82.605       
# span 5 =      1.014,     22.151       
# span 6 =  50042.688,  50384.367       
# span 7 =    30.4315,    30.6343       
# span 8 =     2.3537,     2.4651       
# span 9 =      1.000,     22.000       
# span 10 =     2.3521,     2.4649      
# span 11 =    24.2853,    24.4511      
# span 12 =     3.8794,     4.0262      
# span 13 =     5.5440,     5.7537      
# span 14 =     49.998,     51.798      
# span 15 =    169.129,    175.513      
# span 16 =    173.254,    179.804      
# span 17 =    0.00003,    0.00347      
# span 18 =    7.75626,    7.77962      
# span 19 =   11.08448,   11.11786      
# span 20 =  338.14581,  339.19808      
# span 21 =   17.29867,   17.34917      
# span 22 = 3.6382e-02, 3.6383e-02      
# span 23 =     0.3192,     0.7422      
# span 24 =     3.5462,     5.0195      
# span 25 =    28.5024,    41.2109      
# span 26 = 0.0000e+00, 0.0000e+00      
# interval = meters: 1                  
# start_time = Apr 20 2017 00:12:17 [Instrument's time stamp, header]
# bad_flag = -9.990e-29
*END*
        109 110.008843    0.00750     0.4502     27.013      1.014  50064.601    30.4354     2.3729      1.000     2.3993    24.2906     3.8985     5.5714     50.112    169.979    174.109    0.00003    7.77962   11.11786  339.19808   17.34917 3.6383e-02     0.3192     3.9236    37.4873 0.0000e+00
        257 110.009271    0.01779     1.0673     64.036      2.021  50045.894    30.4315     2.4030      2.000     2.4454    24.2853     3.8869     5.5546     49.998    169.469    173.585    0.00035    7.77397   11.10978  338.95383   17.33759 3.6382e-02     0.5020     3.5462    41.2109 0.0000e+00
        254 110.009261    0.01754     1.0524     63.145      3.028  50042.688    30.4454     2.4651      3.000     2.4649    24.2919     3.8836     5.5501     50.040    169.330    173.443    0.00067    7.76105   11.09133  338.38856   17.31071 3.6382e-02     0.5556     3.8444    38.2508 0.0000e+00
        258 110.009274    0.01784     1.0701     64.209      4.039  50238.199    30.5733     2.4549      4.000     2.4381    24.3948     3.8794     5.5440     50.017    169.129    173.254    0.00020    7.75626   11.08448  338.14581   17.29867 3.6382e-02     0.4786     4.1308    35.6037 0.0000e+00
        262 110.009285    0.01813     1.0876     65.259      5.047  50276.087    30.5892     2.4219      5.000     2.4120    24.4100     3.8863     5.5539     50.069    169.425    173.561    0.00034    7.76186   11.09248  338.38476   17.30994 3.6382e-02     0.4690     4.2759    34.3361 0.0000e+00
        266 110.009298    0.01842     1.1054     66.325      6.056  50304.842    30.6040     2.4071      6.000     2.4047    24.4229     3.8944     5.5654     50.159    169.776    173.922    0.00098    7.76396   11.09548  338.47223   17.31403 3.6382e-02     0.5058     4.3527    33.6843 0.0000e+00
        271 110.009310    0.01872     1.1234     67.401      7.069  50310.123    30.6061     2.4036      7.000     2.4023    24.4248     3.9040     5.5792     50.280    170.196    174.354    0.00150    7.76455   11.09632  338.49723   17.31521 3.6382e-02     0.4873     4.3514    33.6947 0.0000e+00
        275 110.009322    0.01901     1.1406     68.435      8.074  50315.733    30.6089     2.4019      8.000     2.4008    24.4271     3.9097     5.5873     50.351    170.442    174.605    0.00166    7.76473   11.09658  338.50432   17.31554 3.6382e-02     0.4941     4.4823    32.6098 0.0000e+00
        279 110.009334    0.01930     1.1580     69.479      9.085  50318.097    30.6096     2.4006      9.000     2.3990    24.4278     3.9112     5.5895     50.370    170.510    174.675    0.00127    7.76495   11.09688  338.51345   17.31597 3.6382e-02     0.5780     4.4882    32.5611 0.0000e+00
        283 110.009346    0.01958     1.1749     70.492     10.095  50320.620    30.6093     2.3953     10.000     2.3888    24.4279     3.9194     5.6012     50.469    170.869    175.042    0.00153    7.76599   11.09839  338.55915   17.31814 3.6382e-02     0.5609     4.5693    31.9093 0.0000e+00
        287 110.009358    0.01985     1.1913     71.480     11.103  50338.597    30.6184     2.3862     11.000     2.3853    24.4358     3.9276     5.6129     50.566    171.223    175.408    0.00186    7.76730   11.10026  338.61352   17.32068 3.6382e-02     0.5601     4.6698    31.1148 0.0000e+00
        291 110.009369    0.02013     1.2079     72.477     12.115  50337.599    30.6173     2.3864     12.000     2.3842    24.4349     3.9315     5.6186     50.617    171.395    175.583    0.00172    7.76732   11.10027  338.61429   17.32073 3.6382e-02     0.5339     4.6757    31.0726 0.0000e+00
        295 110.009381    0.02041     1.2244     73.464     13.123  50343.092    30.6190     2.3813     13.000     2.3784    24.4367     3.9446     5.6372     50.778    171.962    176.165    0.00225    7.76821   11.10156  338.65302   17.32256 3.6382e-02     0.5735     4.7209    30.7226 0.0000e+00
        299 110.009392    0.02068     1.2409     74.456     14.133  50346.953    30.6202     2.3780     14.000     2.3758    24.4379     3.9547     5.6517     50.906    172.405    176.617    0.00285    7.76880   11.10240  338.67828   17.32375 3.6382e-02     0.6139     4.7821    30.2600 0.0000e+00
        303 110.009403    0.02096     1.2575     75.450     15.144  50349.625    30.6206     2.3748     15.000     2.3725    24.4385     3.9558     5.6532     50.914    172.451    176.665    0.00195    7.76939   11.10324  338.70365   17.32496 3.6382e-02     0.5248     4.7621    30.4159 0.0000e+00
        307 110.009415    0.02123     1.2738     76.427     16.150  50351.962    30.6207     2.3714     16.000     2.3678    24.4388     3.9679     5.6705     51.067    172.980    177.208    0.00239    7.77007   11.10420  338.73296   17.32635 3.6382e-02     0.5172     4.7507    30.4951 0.0000e+00
        311 110.009426    0.02151     1.2902     77.416     17.162  50363.468    30.6261     2.3649     17.000     2.3607    24.4436     3.9760     5.6821     51.164    173.331    177.568    0.00274    7.77105   11.10560  338.77399   17.32827 3.6382e-02     0.5246     4.8121    30.0403 0.0000e+00
        315 110.009438    0.02177     1.3063     78.377     18.171  50373.321    30.6309     2.3601     18.000     2.3582    24.4478     3.9835     5.6928     51.256    173.657    177.903    0.00229    7.77175   11.10661  338.80349   17.32965 3.6382e-02     0.6002     4.9210    29.2241 0.0000e+00
        318 110.009448    0.02203     1.3222     79.331     19.178  50378.165    30.6331     2.3581     19.000     2.3564    24.4497     3.9992     5.7153     51.456    174.341    178.604    0.00347    7.77201   11.10698  338.81410   17.33015 3.6382e-02     0.5240     4.9452    29.0572 0.0000e+00
        322 110.009460    0.02231     1.3387     80.324     20.190  50380.838    30.6342     2.3575     20.000     2.3564    24.4506     4.0035     5.7214     51.511    174.529    178.796    0.00278    7.77209   11.10709  338.81696   17.33028 3.6382e-02     0.5921     4.8383    29.8342 0.0000e+00
        326 110.009472    0.02260     1.3559     81.356     21.191  50378.986    30.6323     2.3567     21.000     2.3546    24.4491     4.0129     5.7347     51.630    174.936    179.212    0.00287    7.77232   11.10743  338.82792   17.33081 3.6382e-02     0.5593     4.9038    29.3491 0.0000e+00
        331 110.009486    0.02295     1.3768     82.605     22.151  50384.367    30.6343     2.3537     22.000     2.3521    24.4511     4.0262     5.7537     51.798    175.513    179.804    0.00291    7.77279   11.10811  338.84793   17.33175 3.6382e-02     0.7422     5.0195    28.5024 0.0000e+00
