CTD-processing/allCTD/CNV/2017_04-19_t7_s22_cast120_4141.cnv
* Sea-Bird SBE19plus Data File:
* FileName = P:\My Documents\kasitsna\Research-KBL\Oceanography-AK\CTD-Data-ALL-to-2017-02\2017-CTD-KachemakBay-CookInlet\2017-04-19-CookInlet-Tran7-Augustine\2017-04-19-CookInlet-Tran7-cast120.hex
* Software Version 1.59
* Temperature SN =  4141
* Conductivity SN =  4141
* System UpLoad Time = Apr 19 2017 16:49:11
** Cook Inlet LTM Transect 7 Augustine west to east
** Date: 2017-04-19
** Station: (eg. 9-01): 7-22
** Start time (AKDT): 15:43
** Depth (m): 74
** Comment: R/V Alaska Dreamcatcher
** Comment:
# nquan = 27
# nvalues = 73                          
# units = specified
# name 0 = scan: Scan Count
# name 1 = timeJ: Julian Days
# name 2 = timeH: Time, Elapsed [hours]
# name 3 = timeM: Time, Elapsed [minutes]
# name 4 = timeS: Time, Elapsed [seconds]
# name 5 = prdM: Pressure, Strain Gauge [db]
# name 6 = specc: Specific Conductance [uS/cm]
# name 7 = sal00: Salinity, Practical [PSU]
# name 8 = tv290C: Temperature [ITS-90, deg C]
# name 9 = depSM: Depth [salt water, m], lat = 59.00
# name 10 = potemp090C: Potential Temperature [ITS-90, deg C]
# name 11 = sigma-é00: Density [sigma-theta, kg/m^3]
# name 12 = sbeox0ML/L: Oxygen, SBE 43 [ml/l]
# name 13 = sbeox0Mg/L: Oxygen, SBE 43 [mg/l]
# name 14 = sbeox0PS: Oxygen, SBE 43 [% saturation]
# name 15 = sbox0Mm/Kg: Oxygen, SBE 43 [umol/kg]
# name 16 = sbeox0Mm/L: Oxygen, SBE 43 [umol/l]
# name 17 = sbox0dV/dT: Oxygen, SBE 43 [dov/dt]
# name 18 = oxsolML/L: Oxygen Saturation, Garcia & Gordon [ml/l]
# name 19 = oxsolMg/L: Oxygen Saturation, Garcia & Gordon [mg/l]
# name 20 = oxsolMm/Kg: Oxygen Saturation, Garcia & Gordon [umol/kg]
# name 21 = n2satMg/L: Nitrogen Saturation [mg/l]
# name 22 = par: PAR/Irradiance, Biospherical/Licor
# name 23 = wetStar: Fluorescence, WET Labs WETstar [mg/m^3]
# name 24 = CStarAt0: Beam Attenuation, WET Labs C-Star [1/m]
# name 25 = CStarTr0: Beam Transmission, WET Labs C-Star [%]
# name 26 = flag: flag
# span 0 =        112,        523       
# span 1 = 109.655576, 109.656765       
# span 2 =    0.00772,    0.03626       
# span 3 =     0.4631,     2.1756       
# span 4 =     27.783,    130.536       
# span 5 =      1.013,     73.685       
# span 6 =  51178.702,  51604.372       
# span 7 =    31.9323,    32.0862       
# span 8 =     4.9611,     5.7419       
# span 9 =      1.000,     73.000       
# span 10 =     4.9562,     5.6976      
# span 11 =    25.1898,    25.3648      
# span 12 =     3.3310,     3.7701      
# span 13 =     4.7604,     5.3879      
# span 14 =     46.668,     52.222      
# span 15 =    145.108,    164.209      
# span 16 =    148.763,    168.374      
# span 17 =   -0.00092,    0.00577      
# span 18 =    7.09130,    7.21962      
# span 19 =   10.13417,   10.31755      
# span 20 =  308.91276,  314.45227      
# span 21 =   15.90290,   16.16637      
# span 22 = 7.1518e-02, 2.7840e+02      
# span 23 =     0.4645,     2.3001      
# span 24 =     0.2826,     0.4028      
# span 25 =    90.4200,    93.1775      
# span 26 = 0.0000e+00, 0.0000e+00      
# interval = meters: 1                  
# start_time = Apr 19 2017 15:43:34 [Instrument's time stamp, header]
# bad_flag = -9.990e-29
*END*
        112 109.655576    0.00772     0.4631     27.783      1.013  51179.991    31.9898     5.7419      1.000     5.6976    25.2053     3.3428     4.7772     47.140    145.619    149.288    0.00011    7.09130   10.13417  308.91276   15.90290 2.7840e+02     0.4746     0.4028    90.4200 0.0000e+00
        265 109.656019    0.01833     1.0997     65.984      2.026  51178.702    31.9323     5.4855      2.000     5.3668    25.1898     3.3310     4.7604     46.673    145.108    148.763    0.00030    7.13694   10.19939  310.90343   15.99797 2.4044e+01     0.8569     0.3439    91.7619 0.0000e+00
        249 109.655972    0.01721     1.0329     61.972      3.028  51379.255    32.0348     5.3143      3.000     5.2678    25.2903     3.3529     4.7918     46.822    146.051    149.744    0.00086    7.16113   10.23399  311.92769   16.04633 4.5494e+01     0.4925     0.3483    91.6612 0.0000e+00
        253 109.655983    0.01748     1.0486     62.916      4.037  51452.119    32.0691     5.2423      4.000     5.2206    25.3255     3.3494     4.7866     46.702    145.888    149.582   -0.00043    7.17177   10.24918  312.38004   16.06773 3.9025e+01     0.5338     0.3389    91.8776 0.0000e+00
        256 109.655994    0.01774     1.0646     63.875      5.048  51475.341    32.0767     5.2054      5.000     5.1872    25.3356     3.3615     4.8039     46.832    146.413    150.123    0.00035    7.17773   10.25770  312.63662   16.07992 3.4575e+01     0.5786     0.3309    92.0612 0.0000e+00
        260 109.656005    0.01801     1.0806     64.834      6.056  51492.820    32.0814     5.1733      6.000     5.1613    25.3429     3.3629     4.8059     46.817    146.474    150.186    0.00045    7.18299   10.26522  312.86375   16.09072 3.2055e+01     0.5512     0.3303    92.0745 0.0000e+00
        264 109.656017    0.01828     1.0969     65.811      7.065  51506.560    32.0862     5.1542      7.000     5.1465    25.3489     3.3623     4.8050     46.789    146.446    150.159   -0.00010    7.18604   10.26957  312.99452   16.09692 3.0905e+01     0.5261     0.3365    91.9322 0.0000e+00
        268 109.656028    0.01856     1.1135     66.809      8.077  51508.850    32.0847     5.1423      8.000     5.1374    25.3490     3.3584     4.7995     46.721    146.279    149.987   -0.00080    7.18813   10.27256  313.08559   16.10127 3.1593e+01     0.5199     0.3268    92.1555 0.0000e+00
        272 109.656039    0.01882     1.1294     67.762      9.086  51472.210    32.0567     5.1320      9.000     5.1177    25.3280     3.3560     4.7961     46.668    146.178    149.880   -0.00092    7.19124   10.27701  313.22750   16.10814 3.2621e+01     0.4645     0.3330    92.0135 0.0000e+00
        276 109.656049    0.01908     1.1448     68.687     10.093  51462.632    32.0431     5.1017     10.000     5.0726    25.3205     3.3782     4.8277     46.938    147.142    150.869    0.00110    7.19712   10.28540  313.48544   16.12047 3.3977e+01     0.5533     0.3294    92.0966 0.0000e+00
        280 109.656061    0.01935     1.1606     69.635     11.103  51482.417    32.0430     5.0413     11.000     5.0139    25.3272     3.3886     4.8427     47.016    147.599    151.337    0.00185    7.20751   10.30024  313.93605   16.14192 3.7799e+01     0.8323     0.3350    91.9656 0.0000e+00
        283 109.656072    0.01960     1.1764     70.584     12.115  51525.730    32.0636     5.0016     12.000     4.9903    25.3479     3.3980     4.8560     47.107    148.003    151.755    0.00180    7.21333   10.30857  314.18359   16.15363 4.1403e+01     1.1223     0.3324    92.0261 0.0000e+00
        287 109.656082    0.01986     1.1918     71.508     13.122  51546.717    32.0742     4.9861     13.000     4.9837    25.3580     3.4108     4.8744     47.271    148.561    152.328    0.00264    7.21550   10.31166  314.27462   16.15792 4.7430e+01     1.4032     0.3266    92.1607 0.0000e+00
        291 109.656094    0.02013     1.2077     72.462     14.132  51549.747    32.0754     4.9842     14.000     4.9834    25.3591     3.4164     4.8824     47.347    148.804    152.577    0.00262    7.21579   10.31209  314.28706   16.15851 5.3395e+01     1.4595     0.3217    92.2709 0.0000e+00
        295 109.656104    0.02040     1.2239     73.432     15.142  51549.156    32.0745     4.9847     15.000     4.9835    25.3583     3.4197     4.8871     47.393    148.948    152.725    0.00210    7.21574   10.31200  314.28502   16.15841 5.1608e+01     1.6261     0.3198    92.3169 0.0000e+00
        299 109.656116    0.02067     1.2403     74.420     16.150  51549.536    32.0742     4.9843     16.000     4.9826    25.3581     3.4342     4.9077     47.592    149.576    153.368    0.00297    7.21582   10.31214  314.28899   16.15860 5.2183e+01     1.9214     0.3268    92.1560 0.0000e+00
        303 109.656128    0.02095     1.2572     75.431     17.163  51550.220    32.0740     4.9836     17.000     4.9821    25.3581     3.4473     4.9266     47.774    150.152    153.959    0.00371    7.21596   10.31233  314.29463   16.15886 4.3538e+01     1.6344     0.3260    92.1729 0.0000e+00
        306 109.656138    0.02121     1.2729     76.373     18.172  51551.113    32.0740     4.9832     18.000     4.9816    25.3581     3.4621     4.9477     47.978    150.794    154.618    0.00417    7.21604   10.31244  314.29819   16.15904 4.1091e+01     1.6197     0.3220    92.2673 0.0000e+00
        310 109.656149    0.02147     1.2880     77.280     19.179  51552.213    32.0743     4.9829     19.000     4.9816    25.3584     3.4761     4.9677     48.171    151.403    155.242    0.00475    7.21605   10.31245  314.29876   16.15906 3.7983e+01     1.5316     0.3159    92.4057 0.0000e+00
        314 109.656160    0.02173     1.3036     78.219     20.189  51552.676    32.0741     4.9831     20.000     4.9818    25.3582     3.4861     4.9821     48.311    151.841    155.691    0.00457    7.21604   10.31243  314.29803   16.15903 3.2461e+01     1.5721     0.3238    92.2231 0.0000e+00
        318 109.656171    0.02199     1.3199     79.193     21.198  51557.090    32.0770     4.9845     21.000     4.9866    25.3604     3.5045     5.0082     48.567    152.638    156.508    0.00512    7.21567   10.31190  314.28117   16.15822 2.9915e+01     1.4657     0.3245    92.2075 0.0000e+00
        322 109.656183    0.02227     1.3363     80.178     22.209  51552.814    32.0752     4.9922     22.000     4.9922    25.3581     3.5209     5.0317     48.803    153.353    157.242    0.00577    7.21440   10.31009  314.22690   16.15564 2.6016e+01     1.8966     0.3308    92.0636 0.0000e+00
        326 109.656194    0.02254     1.3523     81.136     23.220  51545.718    32.0697     4.9915     23.000     4.9867    25.3539     3.5330     5.0490     48.969    153.882    157.783    0.00536    7.21480   10.31067  314.24552   16.15655 2.3432e+01     1.9074     0.3310    92.0588 0.0000e+00
        329 109.656205    0.02280     1.3677     82.062     24.227  51551.498    32.0723     4.9875     24.000     4.9851    25.3563     3.5413     5.0609     49.080    154.244    158.155    0.00477    7.21537   10.31147  314.26939   16.15768 2.0888e+01     1.7282     0.3302    92.0772 0.0000e+00
        333 109.656215    0.02306     1.3833     82.997     25.238  51554.154    32.0734     4.9867     25.000     4.9849    25.3573     3.5534     5.0782     49.247    154.770    158.695    0.00464    7.21545   10.31159  314.27282   16.15784 1.7610e+01     1.6428     0.3287    92.1116 0.0000e+00
        337 109.656226    0.02331     1.3990     83.942     26.247  51554.977    32.0735     4.9868     26.000     4.9856    25.3574     3.5684     5.0996     49.455    155.425    159.366    0.00511    7.21542   10.31155  314.27145   16.15777 1.5935e+01     1.7380     0.3284    92.1166 0.0000e+00
        341 109.656237    0.02358     1.4147     84.885     27.257  51555.682    32.0739     4.9889     27.000     4.9882    25.3575     3.5788     5.1144     49.601    155.876    159.827    0.00489    7.21504   10.31102  314.25525   16.15700 1.3821e+01     2.0463     0.3242    92.2158 0.0000e+00
        344 109.656248    0.02384     1.4305     85.831     28.266  51552.338    32.0714     4.9903     28.000     4.9874    25.3554     3.5872     5.1264     49.719    156.242    160.204    0.00431    7.21492   10.31084  314.25045   16.15678 1.2168e+01     2.3001     0.3302    92.0750 0.0000e+00
        348 109.656259    0.02412     1.4467     86.804     29.276  51555.120    32.0726     4.9890     29.000     4.9869    25.3564     3.5971     5.1407     49.856    156.675    160.649    0.00425    7.21509   10.31109  314.25749   16.15711 1.0619e+01     1.8553     0.3273    92.1437 0.0000e+00
        352 109.656270    0.02438     1.4627     87.764     30.286  51554.978    32.0720     4.9891     30.000     4.9867    25.3560     3.6050     5.1520     49.964    157.018    161.000    0.00375    7.21510   10.31110  314.25821   16.15715 9.3956e+00     1.8091     0.3273    92.1438 0.0000e+00
        356 109.656281    0.02464     1.4785     88.708     31.294  51556.253    32.0723     4.9886     31.000     4.9858    25.3563     3.6117     5.1614     50.056    157.307    161.296    0.00347    7.21517   10.31120  314.26086   16.15727 8.2079e+00     1.7593     0.3292    92.0992 0.0000e+00
        360 109.656293    0.02491     1.4948     89.690     32.303  51555.922    32.0712     4.9873     32.000     4.9837    25.3555     3.6198     5.1731     50.167    157.662    161.660    0.00325    7.21545   10.31159  314.27336   16.15787 7.1723e+00     2.0186     0.3366    91.9301 0.0000e+00
        364 109.656304    0.02520     1.5119     90.711     33.314  51559.443    32.0727     4.9853     33.000     4.9826    25.3570     3.6241     5.1793     50.225    157.851    161.855    0.00269    7.21573   10.31200  314.28495   16.15842 6.3249e+00     1.8319     0.3219    92.2667 0.0000e+00
        368 109.656317    0.02549     1.5291     91.746     34.324  51561.218    32.0735     4.9855     34.000     4.9838    25.3576     3.6375     5.1982     50.411    158.430    162.448    0.00326    7.21565   10.31188  314.28136   16.15825 5.5282e+00     1.8339     0.3230    92.2436 0.0000e+00
        372 109.656328    0.02576     1.5460     92.763     35.334  51561.491    32.0735     4.9869     35.000     4.9848    25.3574     3.6407     5.2029     50.457    158.572    162.593    0.00294    7.21541   10.31154  314.27101   16.15775 4.8549e+00     1.8142     0.3294    92.0941 0.0000e+00
        376 109.656340    0.02604     1.5625     93.751     36.343  51561.557    32.0733     4.9881     36.000     4.9860    25.3572     3.6544     5.2225     50.649    159.170    163.206    0.00308    7.21521   10.31125  314.26245   16.15735 4.2844e+00     1.6511     0.3288    92.1084 0.0000e+00
        380 109.656351    0.02632     1.5793     94.755     37.353  51558.886    32.0710     4.9881     37.000     4.9840    25.3553     3.6610     5.2319     50.738    159.455    163.498    0.00317    7.21533   10.31144  314.26850   16.15764 3.7700e+00     1.7607     0.3224    92.2564 0.0000e+00
        384 109.656363    0.02660     1.5956     95.736     38.364  51563.806    32.0734     4.9860     38.000     4.9841    25.3574     3.6709     5.2460     50.874    159.887    163.941    0.00306    7.21556   10.31176  314.27758   16.15806 3.3111e+00     1.8620     0.3177    92.3649 0.0000e+00
        388 109.656373    0.02685     1.6111     96.663     39.371  51561.000    32.0712     4.9869     39.000     4.9826    25.3556     3.6773     5.2552     50.963    160.166    164.227    0.00314    7.21552   10.31169  314.27620   16.15801 2.9217e+00     1.7287     0.3267    92.1580 0.0000e+00
        391 109.656384    0.02711     1.6268     97.606     40.381  51563.405    32.0716     4.9837     40.000     4.9796    25.3563     3.6833     5.2638     51.043    160.428    164.496    0.00266    7.21605   10.31246  314.29948   16.15912 2.5834e+00     1.8879     0.3245    92.2094 0.0000e+00
        395 109.656396    0.02739     1.6433     98.597     41.390  51565.838    32.0723     4.9819     41.000     4.9783    25.3572     3.6906     5.2742     51.142    160.745    164.821    0.00278    7.21633   10.31286  314.31129   16.15967 2.2760e+00     1.5670     0.3229    92.2455 0.0000e+00
        400 109.656408    0.02769     1.6611     99.667     42.401  51566.349    32.0720     4.9807     42.000     4.9771    25.3570     3.6930     5.2777     51.175    160.853    164.932    0.00208    7.21656   10.31319  314.32147   16.16016 2.0044e+00     1.6020     0.3273    92.1452 0.0000e+00
        404 109.656421    0.02799     1.6789    100.734     43.413  51567.990    32.0724     4.9796     43.000     4.9759    25.3574     3.6951     5.2807     51.202    160.942    165.023    0.00157    7.21672   10.31341  314.32804   16.16047 1.7639e+00     1.5649     0.3237    92.2270 0.0000e+00
        408 109.656432    0.02825     1.6951    101.709     44.420  51570.065    32.0731     4.9786     44.000     4.9750    25.3581     3.6988     5.2860     51.252    161.103    165.187    0.00139    7.21687   10.31362  314.33429   16.16077 1.5697e+00     1.4891     0.3060    92.6374 0.0000e+00
        412 109.656443    0.02851     1.7110    102.660     45.429  51572.145    32.0739     4.9781     45.000     4.9748    25.3588     3.7004     5.2881     51.273    161.170    165.257    0.00122    7.21691   10.31369  314.33615   16.16085 1.3858e+00     1.4952     0.3104    92.5337 0.0000e+00
        415 109.656454    0.02878     1.7270    103.623     46.440  51571.776    32.0731     4.9781     46.000     4.9744    25.3582     3.7027     5.2916     51.306    161.275    165.365    0.00097    7.21695   10.31375  314.33816   16.16095 1.2235e+00     1.4940     0.3106    92.5285 0.0000e+00
        419 109.656465    0.02905     1.7431    104.584     47.446  51571.695    32.0722     4.9767     47.000     4.9717    25.3577     3.7079     5.2989     51.375    161.498    165.593    0.00122    7.21723   10.31414  314.35026   16.16153 1.0818e+00     1.6709     0.3101    92.5398 0.0000e+00
        423 109.656477    0.02934     1.7603    105.618     48.459  51576.684    32.0749     4.9753     48.000     4.9727    25.3599     3.7125     5.3056     51.439    161.700    165.801    0.00134    7.21734   10.31430  314.35433   16.16172 9.5910e-01     1.7967     0.3102    92.5370 0.0000e+00
        428 109.656489    0.02963     1.7779    106.675     49.471  51576.077    32.0742     4.9762     49.000     4.9729    25.3592     3.7142     5.3080     51.463    161.777    165.879    0.00112    7.21722   10.31413  314.34943   16.16149 8.4984e-01     1.5313     0.3054    92.6484 0.0000e+00
        432 109.656501    0.02991     1.7944    107.667     50.479  51576.332    32.0740     4.9771     50.000     4.9738    25.3590     3.7148     5.3087     51.471    161.796    165.899    0.00070    7.21707   10.31392  314.34317   16.16119 7.5144e-01     1.4114     0.3108    92.5254 0.0000e+00
        436 109.656512    0.03018     1.8104    108.626     51.489  51577.281    32.0743     4.9778     51.000     4.9746    25.3593     3.7195     5.3155     51.538    162.004    166.112    0.00097    7.21694   10.31373  314.33732   16.16090 6.6880e-01     1.4905     0.3131    92.4710 0.0000e+00
        439 109.656523    0.03044     1.8263    109.578     52.497  51577.423    32.0744     4.9797     52.000     4.9769    25.3590     3.7281     5.3279     51.661    162.382    166.500    0.00171    7.21661   10.31325  314.32265   16.16021 5.8937e-01     1.6266     0.3212    92.2847 0.0000e+00
        443 109.656534    0.03071     1.8426    110.559     53.506  51572.629    32.0704     4.9789     53.000     4.9722    25.3560     3.7304     5.3311     51.690    162.481    166.600    0.00144    7.21694   10.31372  314.33792   16.16095 5.2431e-01     1.8374     0.3131    92.4718 0.0000e+00
