CTD-processing/allCTD/CNV/2017_04-18_t6_s22_cast091_4141.cnv
* Sea-Bird SBE19plus Data File:
* FileName = P:\My Documents\kasitsna\Research-KBL\Oceanography-AK\CTD-Data-ALL-to-2017-02\2017-CTD-KachemakBay-CookInlet\2017-04-18-CookInlet-Tran6-Douglas\2017-04-18-CookInlet-Tran6-cast091.hex
* Software Version 1.59
* Temperature SN =  4141
* Conductivity SN =  4141
* System UpLoad Time = Apr 18 2017 23:10:30
** Cook Inlet LTM Transect 6 Douglas east to west
** Date: (YYYY-MM-DD): 2017-04-18
** Station: (eg. 9-01): 6-22
** Start time (AKDT): 19:59
** Depth (m): 169.2
** Comment: R/V Alaska Dreamcatcher
** Comment:
# nquan = 27
# nvalues = 165                         
# units = specified
# name 0 = scan: Scan Count
# name 1 = timeJ: Julian Days
# name 2 = timeH: Time, Elapsed [hours]
# name 3 = timeM: Time, Elapsed [minutes]
# name 4 = timeS: Time, Elapsed [seconds]
# name 5 = prdM: Pressure, Strain Gauge [db]
# name 6 = specc: Specific Conductance [uS/cm]
# name 7 = sal00: Salinity, Practical [PSU]
# name 8 = tv290C: Temperature [ITS-90, deg C]
# name 9 = depSM: Depth [salt water, m], lat = 59.00
# name 10 = potemp090C: Potential Temperature [ITS-90, deg C]
# name 11 = sigma-é00: Density [sigma-theta, kg/m^3]
# name 12 = sbeox0ML/L: Oxygen, SBE 43 [ml/l]
# name 13 = sbeox0Mg/L: Oxygen, SBE 43 [mg/l]
# name 14 = sbeox0PS: Oxygen, SBE 43 [% saturation]
# name 15 = sbox0Mm/Kg: Oxygen, SBE 43 [umol/kg]
# name 16 = sbeox0Mm/L: Oxygen, SBE 43 [umol/l]
# name 17 = sbox0dV/dT: Oxygen, SBE 43 [dov/dt]
# name 18 = oxsolML/L: Oxygen Saturation, Garcia & Gordon [ml/l]
# name 19 = oxsolMg/L: Oxygen Saturation, Garcia & Gordon [mg/l]
# name 20 = oxsolMm/Kg: Oxygen Saturation, Garcia & Gordon [umol/kg]
# name 21 = n2satMg/L: Nitrogen Saturation [mg/l]
# name 22 = par: PAR/Irradiance, Biospherical/Licor
# name 23 = wetStar: Fluorescence, WET Labs WETstar [mg/m^3]
# name 24 = CStarAt0: Beam Attenuation, WET Labs C-Star [1/m]
# name 25 = CStarTr0: Beam Transmission, WET Labs C-Star [%]
# name 26 = flag: flag
# span 0 =        251,       1047       
# span 1 = 108.834092, 108.836396       
# span 2 =    0.01738,    0.07266       
# span 3 =     1.0427,     4.3593       
# span 4 =     62.563,    261.554       
# span 5 =      1.005,    166.605       
# span 6 =  51614.089,  52218.571       
# span 7 =    32.1565,    32.5230       
# span 8 =     4.9564,     5.3215       
# span 9 =      1.000,    165.000       
# span 10 =     4.9520,     5.3114      
# span 11 =    25.4074,    25.6836      
# span 12 =     3.4369,     3.9640      
# span 13 =     4.9117,     5.6649      
# span 14 =     47.829,     54.966      
# span 15 =    149.690,    172.633      
# span 16 =    153.494,    177.031      
# span 17 =   -0.00208,    0.01470      
# span 18 =    7.13965,    7.21446      
# span 19 =   10.20328,   10.31018      
# span 20 =  310.88985,  314.19734      
# span 21 =   15.99520,   16.15373      
# span 22 = 3.6381e-02, 3.5009e+01      
# span 23 =     0.4358,     2.4192      
# span 24 =     0.2162,     0.5533      
# span 25 =    87.0809,    94.7397      
# span 26 = 0.0000e+00, 0.0000e+00      
# interval = meters: 1                  
# start_time = Apr 18 2017 20:00:03 [Instrument's time stamp, header]
# bad_flag = -9.990e-29
*END*
[from data line 108]
        839 108.835793    0.05820     3.4919    209.515    110.063  52064.209    32.4521     5.3030    109.000     5.3016    25.6227     3.8846     5.5515     54.382    169.151    173.485   -0.00090    7.14315   10.20828  311.04323   16.00253 3.6382e-02     1.3555     0.2785    93.2756 0.0000e+00
        842 108.835802    0.05842     3.5051    210.306    111.073  52052.252    32.4454     5.3128    110.000     5.3027    25.6164     3.8835     5.5499     54.376    169.104    173.435   -0.00079    7.14179   10.20635  310.98647   15.99986 3.6382e-02     1.0895     0.2796    93.2482 0.0000e+00
        845 108.835810    0.05862     3.5172    211.032    112.069  52049.271    32.4421     5.3088    111.000     5.2968    25.6141     3.8902     5.5596     54.465    169.399    173.739    0.00005    7.14263   10.20752  311.02305   16.00161 3.6382e-02     1.3974     0.2742    93.3743 0.0000e+00
        849 108.835822    0.05889     3.5331    211.988    113.081  52055.691    32.4448     5.3035    112.000     5.2932    25.6169     3.8877     5.5560     54.424    169.290    173.627   -0.00018    7.14341   10.20865  311.05655   16.00319 3.6382e-02     1.3117     0.2765    93.3222 0.0000e+00
        854 108.835836    0.05923     3.5540    213.238    114.108  52061.245    32.4475     5.3006    113.000     5.2922    25.6195     3.8859     5.5533     54.396    169.211    173.545   -0.00044    7.14376   10.20915  311.07090   16.00387 3.6382e-02     0.9780     0.2656    93.5754 0.0000e+00
        857 108.835846    0.05947     3.5686    214.118    115.112  52068.146    32.4520     5.3018    114.000     5.2953    25.6229     3.8856     5.5529     54.394    169.194    173.529   -0.00040    7.14335   10.20856  311.05192   16.00294 3.6382e-02     0.9506     0.2734    93.3942 0.0000e+00
        861 108.835855    0.05969     3.5813    214.881    116.115  52081.121    32.4614     5.3061    115.000     5.3038    25.6298     3.8862     5.5538     54.412    169.222    173.558   -0.00030    7.14217   10.20688  310.99863   16.00037 3.6382e-02     0.9941     0.2708    93.4533 0.0000e+00
        864 108.835864    0.05992     3.5951    215.703    117.122  52080.198    32.4626     5.3168    116.000     5.3114    25.6296     3.8897     5.5588     54.476    169.375    173.716    0.00027    7.14030   10.20420  310.91709   15.99648 3.6382e-02     0.9995     0.2645    93.6013 0.0000e+00
        868 108.835877    0.06020     3.6118    216.710    118.139  52075.149    32.4597     5.3215    117.000     5.3112    25.6266     3.8851     5.5521     54.415    169.173    173.507   -0.00010    7.13965   10.20328  310.88985   15.99520 3.6382e-02     0.9793     0.2619    93.6622 0.0000e+00
        872 108.835888    0.06048     3.6287    217.722    119.153  52076.621    32.4594     5.3179    118.000     5.3070    25.6269     3.8799     5.5447     54.338    168.945    173.275   -0.00103    7.14028   10.20417  310.91712   15.99649 3.6382e-02     1.0114     0.2613    93.6751 0.0000e+00
        875 108.835898    0.06071     3.6427    218.560    120.158  52081.792    32.4620     5.3158    119.000     5.3062    25.6292     3.8845     5.5515     54.402    169.150    173.485   -0.00033    7.14051   10.20450  310.92633   15.99692 3.6382e-02     1.0681     0.2640    93.6120 0.0000e+00
        879 108.835907    0.06094     3.6564    219.386    121.166  52083.027    32.4622     5.3148    120.000     5.3048    25.6295     3.8845     5.5513     54.399    169.146    173.481   -0.00015    7.14066   10.20471  310.93265   15.99722 3.6382e-02     0.9162     0.2658    93.5694 0.0000e+00
        882 108.835917    0.06119     3.6712    220.272    122.177  52085.250    32.4629     5.3134    121.000     5.3035    25.6302     3.8813     5.5468     54.354    169.008    173.340   -0.00053    7.14086   10.20500  310.94138   15.99763 3.6382e-02     0.8247     0.2669    93.5458 0.0000e+00
        886 108.835928    0.06144     3.6866    221.196    123.188  52087.657    32.4639     5.3123    122.000     5.3019    25.6310     3.8801     5.5450     54.336    168.955    173.285   -0.00072    7.14101   10.20522  310.94751   15.99792 3.6382e-02     0.8814     0.2643    93.6055 0.0000e+00
        889 108.835939    0.06170     3.7018    222.108    124.199  52091.083    32.4653     5.3105    123.000     5.3006    25.6324     3.8827     5.5487     54.370    169.067    173.400   -0.00027    7.14123   10.20554  310.95699   15.99836 3.6382e-02     0.9419     0.2644    93.6046 0.0000e+00
        893 108.835949    0.06195     3.7173    223.037    125.209  52093.084    32.4660     5.3099    124.000     5.3004    25.6331     3.8848     5.5518     54.399    169.160    173.497   -0.00001    7.14130   10.20563  310.95950   15.99849 3.6382e-02     0.9668     0.2656    93.5748 0.0000e+00
        897 108.835961    0.06221     3.7328    223.967    126.216  52093.739    32.4660     5.3099    125.000     5.2998    25.6331     3.8807     5.5459     54.341    168.980    173.312   -0.00043    7.14131   10.20566  310.96016   15.99852 3.6382e-02     0.8290     0.2734    93.3931 0.0000e+00
        901 108.835971    0.06248     3.7487    224.921    127.230  52099.144    32.4691     5.3092    126.000     5.2998    25.6356     3.8791     5.5436     54.319    168.909    173.239   -0.00076    7.14128   10.20560  310.95792   15.99840 3.6382e-02     0.8686     0.2789    93.2659 0.0000e+00
        904 108.835982    0.06273     3.7638    225.830    128.241  52101.539    32.4704     5.3098    127.000     5.2993    25.6366     3.8819     5.5476     54.360    169.032    173.365   -0.00020    7.14112   10.20537  310.95062   15.99804 3.6382e-02     0.8310     0.2667    93.5508 0.0000e+00
        908 108.835991    0.06296     3.7776    226.659    129.248  52101.830    32.4697     5.3079    128.000     5.2964    25.6363     3.8823     5.5482     54.362    169.049    173.383   -0.00012    7.14148   10.20588  310.96649   15.99881 3.6382e-02     0.9597     0.2671    93.5391 0.0000e+00
        911 108.836001    0.06320     3.7919    227.514    130.257  52105.749    32.4713     5.3052    129.000     5.2942    25.6378     3.8813     5.5467     54.346    169.005    173.338   -0.00036    7.14186   10.20643  310.98251   15.99957 3.6382e-02     0.8288     0.2671    93.5392 0.0000e+00
        915 108.836012    0.06346     3.8075    228.452    131.265  52108.835    32.4726     5.3037    130.000     5.2934    25.6390     3.8834     5.5497     54.374    169.097    173.433   -0.00009    7.14205   10.20671  310.99066   15.99995 3.6382e-02     0.7892     0.2662    93.5625 0.0000e+00
        919 108.836024    0.06375     3.8252    229.510    132.281  52110.922    32.4734     5.3032    131.000     5.2933    25.6398     3.8816     5.5473     54.349    169.020    173.354   -0.00020    7.14209   10.20676  310.99213   16.00001 3.6382e-02     0.7598     0.2616    93.6677 0.0000e+00
        923 108.836036    0.06403     3.8415    230.493    133.293  52112.980    32.4744     5.3036    132.000     5.2931    25.6406     3.8740     5.5362     54.242    168.685    173.011   -0.00117    7.14197   10.20659  310.98667   15.99975 3.6382e-02     0.8574     0.2687    93.5042 0.0000e+00
        926 108.836046    0.06427     3.8557    231.343    134.302  52106.447    32.4691     5.3023    133.000     5.2870    25.6364     3.8784     5.5426     54.300    168.878    173.207   -0.00066    7.14247   10.20731  311.00956   16.00086 3.6382e-02     0.8069     0.2675    93.5325 0.0000e+00
        930 108.836055    0.06448     3.8691    232.146    135.301  52112.024    32.4706     5.2936    134.000     5.2803    25.6386     3.8828     5.5489     54.352    169.072    173.407    0.00009    7.14387   10.20930  311.06972   16.00371 3.6382e-02     0.8151     0.2718    93.4310 0.0000e+00
        934 108.836068    0.06479     3.8875    233.248    136.316  52124.754    32.4782     5.2907    135.000     5.2813    25.6450     3.8776     5.5415     54.279    168.846    173.176   -0.00059    7.14397   10.20944  311.07206   16.00380 3.6382e-02     0.7530     0.2746    93.3652 0.0000e+00
        939 108.836081    0.06512     3.9072    234.435    137.339  52128.682    32.4809     5.2930    136.000     5.2827    25.6469     3.8765     5.5399     54.266    168.795    173.125   -0.00061    7.14347   10.20873  311.04980   16.00273 3.6382e-02     0.8536     0.2532    93.8662 0.0000e+00
        942 108.836091    0.06535     3.9209    235.251    138.343  52125.377    32.4781     5.2926    137.000     5.2803    25.6447     3.8811     5.5466     54.330    168.998    173.332    0.00005    7.14366   10.20901  311.05904   16.00318 3.6382e-02     0.7682     0.2479    93.9913 0.0000e+00
        945 108.836100    0.06556     3.9333    235.997    139.345  52128.525    32.4792     5.2900    138.000     5.2778    25.6459     3.8790     5.5434     54.296    168.901    173.233   -0.00017    7.14405   10.20957  311.07557   16.00396 3.6382e-02     0.7172     0.2426    94.1136 0.0000e+00
        948 108.836109    0.06579     3.9476    236.855    140.353  52127.681    32.4774     5.2868    139.000     5.2735    25.6449     3.8812     5.5466     54.322    168.999    173.333   -0.00018    7.14467   10.21045  311.10301   16.00528 3.6382e-02     0.6767     0.2459    94.0375 0.0000e+00
        953 108.836122    0.06609     3.9656    237.938    141.371  52131.514    32.4783     5.2811    140.000     5.2685    25.6462     3.8817     5.5473     54.322    169.021    173.356    0.00000    7.14561   10.21179  311.14335   16.00720 3.6382e-02     0.8474     0.2424    94.1204 0.0000e+00
        957 108.836134    0.06639     3.9831    238.985    142.383  52132.548    32.4778     5.2777    141.000     5.2649    25.6462     3.8796     5.5444     54.289    168.933    173.265   -0.00055    7.14622   10.21266  311.16965   16.00845 3.6382e-02     0.8312     0.2475    93.9999 0.0000e+00
        961 108.836145    0.06664     3.9981    239.884    143.392  52135.217    32.4784     5.2746    142.000     5.2609    25.6471     3.8822     5.5481     54.322    169.045    173.380   -0.00012    7.14671   10.21336  311.19092   16.00946 3.6382e-02     0.7859     0.2457    94.0432 0.0000e+00
        964 108.836154    0.06687     4.0120    240.721    144.400  52130.703    32.4735     5.2684    143.000     5.2516    25.6438     3.8780     5.5421     54.253    168.863    173.193   -0.00054    7.14800   10.21520  311.24779   16.01219 3.6382e-02     0.9810     0.2462    94.0311 0.0000e+00
        967 108.836164    0.06710     4.0260    241.558    145.404  52143.269    32.4797     5.2600    144.000     5.2473    25.6498     3.8788     5.5431     54.255    168.892    173.224   -0.00069    7.14914   10.21682  311.29558   16.01444 3.6382e-02     0.7852     0.2450    94.0595 0.0000e+00
        972 108.836177    0.06740     4.0442    242.650    146.418  52173.636    32.5015     5.2657    145.000     5.2629    25.6663     3.8791     5.5435     54.274    168.903    173.238   -0.00028    7.14713   10.21396  311.20338   16.00996 3.6382e-02     0.9646     0.2509    93.9196 0.0000e+00
        976 108.836190    0.06773     4.0638    243.828    147.439  52146.536    32.4850     5.2777    146.000     5.2607    25.6519     3.8789     5.5433     54.282    168.898    173.231   -0.00023    7.14586   10.21216  311.15258   16.00761 3.6382e-02     0.8799     0.2561    93.7979 0.0000e+00
        980 108.836200    0.06797     4.0778    244.666    148.444  52166.822    32.4966     5.2695    147.000     5.2602    25.6621     3.8762     5.5394     54.238    168.780    173.110   -0.00045    7.14670   10.21335  311.18603   16.00915 3.6382e-02     0.8273     0.2574    93.7689 0.0000e+00
        983 108.836209    0.06817     4.0905    245.430    149.445  52177.371    32.5044     5.2741    148.000     5.2666    25.6677     3.8783     5.5425     54.276    168.871    173.205   -0.00037    7.14555   10.21171  311.13437   16.00667 3.6382e-02     0.8048     0.2636    93.6215 0.0000e+00
        986 108.836219    0.06842     4.1051    246.304    150.456  52169.496    32.4995     5.2785    149.000     5.2679    25.6633     3.8805     5.5457     54.311    168.968    173.304    0.00020    7.14504   10.21097  311.11317   16.00567 3.6382e-02     0.7847     0.2637    93.6191 0.0000e+00
        990 108.836231    0.06871     4.1225    247.352    151.472  52182.889    32.5092     5.2831    150.000     5.2760    25.6705     3.8740     5.5364     54.228    168.683    173.013   -0.00066    7.14380   10.20920  311.05687   16.00295 3.6382e-02     0.7440     0.2679    93.5220 0.0000e+00
        994 108.836242    0.06899     4.1393    248.358    152.487  52178.338    32.5069     5.2896    151.000     5.2784    25.6681     3.8764     5.5397     54.270    168.786    173.118   -0.00026    7.14280   10.20778  311.01464   16.00095 3.6382e-02     0.7044     0.2795    93.2503 0.0000e+00
        998 108.836252    0.06922     4.1529    249.173    153.493  52178.465    32.5067     5.2898    152.000     5.2774    25.6677     3.8782     5.5423     54.296    168.866    173.201    0.00008    7.14277   10.20773  311.01300   16.00087 3.6382e-02     0.6564     0.2789    93.2648 0.0000e+00
       1001 108.836261    0.06943     4.1658    249.945    154.495  52181.677    32.5080     5.2884    153.000     5.2753    25.6690     3.8813     5.5467     54.337    168.998    173.337    0.00029    7.14294   10.20797  311.02012   16.00120 3.6382e-02     0.6557     0.2781    93.2826 0.0000e+00
       1005 108.836272    0.06969     4.1816    250.894    155.507  52185.852    32.5099     5.2860    154.000     5.2736    25.6708     3.8772     5.5410     54.279    168.824    173.158   -0.00019    7.14327   10.20845  311.03401   16.00187 3.6382e-02     0.9557     0.2731    93.3997 0.0000e+00
       1009 108.836286    0.07002     4.2011    252.067    156.528  52188.909    32.5112     5.2850    155.000     5.2706    25.6720     3.8763     5.5396     54.264    168.781    173.114   -0.00047    7.14337   10.20860  311.03814   16.00206 3.6382e-02     0.9248     0.2826    93.1791 0.0000e+00
       1013 108.836296    0.07029     4.2171    253.026    157.531  52194.603    32.5133     5.2785    156.000     5.2632    25.6743     3.8779     5.5420     54.279    168.854    173.189   -0.00015    7.14438   10.21005  311.08145   16.00411 3.6382e-02     0.7319     0.3104    92.5322 0.0000e+00
       1017 108.836308    0.07055     4.2329    253.974    158.541  52203.143    32.5177     5.2739    157.000     5.2611    25.6784     3.8815     5.5470     54.325    169.007    173.346    0.00007    7.14495   10.21085  311.10496   16.00521 3.6382e-02     0.6631     0.3239    92.2221 0.0000e+00
       1021 108.836319    0.07083     4.2500    255.001    159.557  52203.666    32.5169     5.2711    158.000     5.2559    25.6781     3.8802     5.5452     54.303    168.951    173.290    0.00005    7.14547   10.21158  311.12716   16.00627 3.6382e-02     1.0312     0.3286    92.1126 0.0000e+00
       1024 108.836329    0.07107     4.2643    255.858    160.562  52211.737    32.5210     5.2667    159.000     5.2536    25.6818     3.8776     5.5414     54.262    168.836    173.172   -0.00058    7.14601   10.21237  311.14997   16.00734 3.6382e-02     1.0690     0.4161    90.1232 0.0000e+00
       1028 108.836340    0.07132     4.2789    256.735    161.571  52215.098    32.5226     5.2656    160.000     5.2531    25.6832     3.8807     5.5460     54.305    168.974    173.314   -0.00001    7.14613   10.21254  311.15493   16.00757 3.6382e-02     0.8964     0.4546    89.2571 0.0000e+00
       1032 108.836350    0.07158     4.2946    257.677    162.585  52215.414    32.5223     5.2655    161.000     5.2530    25.6830     3.8835     5.5499     54.344    169.096    173.439    0.00015    7.14617   10.21258  311.15639   16.00764 3.6382e-02     0.8218     0.4582    89.1757 0.0000e+00
