CTD-processing/allCTD/CNV/2017_04-20_alongbay_skb08_cast155_4141.cnv
* Sea-Bird SBE19plus Data File:
* FileName = P:\My Documents\kasitsna\Research-KBL\Oceanography-AK\CTD-Data-ALL-to-2017-02\2017-CTD-KachemakBay-CookInlet\2017-04-20-CookInlet-AlongKachemakBay\2017-04-20-CookInlet-AlongKachemakBay-cast155.hex
* Software Version 1.59
* Temperature SN =  4141
* Conductivity SN =  4141
* System UpLoad Time = Apr 24 2017 17:26:59
** Cook Inlet Along Kachemak Bay Line west to east
** Date: 2017-04-20
** Station: (eg. 9-01): KB08
** Start time (AKDT): 20:20
** Depth (m): 80.5
** Comment: R/V Alaska Dreamcatcher
** Comment:
# nquan = 27
# nvalues = 79                          
# units = specified
# name 0 = scan: Scan Count
# name 1 = timeJ: Julian Days
# name 2 = timeH: Time, Elapsed [hours]
# name 3 = timeM: Time, Elapsed [minutes]
# name 4 = timeS: Time, Elapsed [seconds]
# name 5 = prdM: Pressure, Strain Gauge [db]
# name 6 = specc: Specific Conductance [uS/cm]
# name 7 = sal00: Salinity, Practical [PSU]
# name 8 = tv290C: Temperature [ITS-90, deg C]
# name 9 = depSM: Depth [salt water, m], lat = 59.00
# name 10 = potemp090C: Potential Temperature [ITS-90, deg C]
# name 11 = sigma-é00: Density [sigma-theta, kg/m^3]
# name 12 = sbeox0ML/L: Oxygen, SBE 43 [ml/l]
# name 13 = sbeox0Mg/L: Oxygen, SBE 43 [mg/l]
# name 14 = sbeox0PS: Oxygen, SBE 43 [% saturation]
# name 15 = sbox0Mm/Kg: Oxygen, SBE 43 [umol/kg]
# name 16 = sbeox0Mm/L: Oxygen, SBE 43 [umol/l]
# name 17 = sbox0dV/dT: Oxygen, SBE 43 [dov/dt]
# name 18 = oxsolML/L: Oxygen Saturation, Garcia & Gordon [ml/l]
# name 19 = oxsolMg/L: Oxygen Saturation, Garcia & Gordon [mg/l]
# name 20 = oxsolMm/Kg: Oxygen Saturation, Garcia & Gordon [umol/kg]
# name 21 = n2satMg/L: Nitrogen Saturation [mg/l]
# name 22 = par: PAR/Irradiance, Biospherical/Licor
# name 23 = wetStar: Fluorescence, WET Labs WETstar [mg/m^3]
# name 24 = CStarAt0: Beam Attenuation, WET Labs C-Star [1/m]
# name 25 = CStarTr0: Beam Transmission, WET Labs C-Star [%]
# name 26 = flag: flag
# span 0 =         80,        529       
# span 1 = 110.847729, 110.849029       
# span 2 =    0.00549,    0.03670       
# span 3 =     0.3293,     2.2019       
# span 4 =     19.759,    132.114       
# span 5 =      1.017,     79.755       
# span 6 =  49625.936,  51965.798       
# span 7 =    30.9594,    31.9368       
# span 8 =     3.2424,     5.9811       
# span 9 =      1.000,     79.000       
# span 10 =     3.2207,     5.9777      
# span 11 =    24.3635,    25.3977      
# span 12 =     3.3349,     4.0430      
# span 13 =     4.7660,     5.7778      
# span 14 =     46.950,     53.645      
# span 15 =    145.392,    176.087      
# span 16 =    148.938,    180.558      
# span 17 =   -0.00224,    0.00447      
# span 18 =    7.09968,    7.53647      
# span 19 =   10.14615,   10.77037      
# span 20 =  309.53033,  328.24253      
# span 21 =   15.93654,   16.82298      
# span 22 = 3.6382e-02, 4.4619e+01      
# span 23 =     0.8286,    23.3734      
# span 24 =     0.7177,     3.9590      
# span 25 =    41.8218,    83.5751      
# span 26 = 0.0000e+00, 0.0000e+00      
# interval = meters: 1                  
# start_time = Apr 20 2017 20:20:24 [Instrument's time stamp, header]
# bad_flag = -9.990e-29
*END*
[from data line 54]
        438 110.848764    0.03035     1.8208    109.246     55.526  51869.200    31.9295     3.5329     55.000     3.5287    25.3884     3.9179     5.5991     52.367    170.643    174.975    0.00203    7.48159   10.69195  325.85504   16.70942 3.6382e-02     1.2146     1.1773    74.5039 0.0000e+00
        442 110.848775    0.03061     1.8367    110.201     56.536  51871.832    31.9307     3.5325     56.000     3.5291    25.3894     3.9277     5.6130     52.497    171.065    175.409    0.00239    7.48161   10.69196  325.85521   16.70942 3.6382e-02     1.0995     1.1784    74.4844 0.0000e+00
        446 110.848787    0.03087     1.8524    111.147     57.547  51863.710    31.9239     3.5299     57.000     3.5220    25.3842     3.9314     5.6183     52.542    171.230    175.575    0.00210    7.48243   10.69314  325.89286   16.71124 3.6382e-02     1.3508     1.1821    74.4146 0.0000e+00
        449 110.848797    0.03113     1.8680    112.079     58.554  51872.651    31.9277     3.5226     58.000     3.5175    25.3878     3.9427     5.6345     52.685    171.724    176.083    0.00258    7.48357   10.69477  325.94135   16.71352 3.6382e-02     1.2988     1.1867    74.3290 0.0000e+00
        453 110.848808    0.03140     1.8840    113.041     59.566  51875.243    31.9283     3.5203     59.000     3.5160    25.3886     3.9502     5.6452     52.782    172.046    176.414    0.00261    7.48397   10.69533  325.95833   16.71433 3.6382e-02     1.1261     1.1937    74.1992 0.0000e+00
        457 110.848819    0.03166     1.8995    113.968     60.574  51879.173    31.9304     3.5197     60.000     3.5171    25.3903     3.9529     5.6492     52.818    172.166    176.537    0.00224    7.48397   10.69534  325.95792   16.71430 3.6382e-02     1.1017     1.1981    74.1172 0.0000e+00
        461 110.848830    0.03192     1.9150    114.898     61.584  51877.335    31.9288     3.5208     61.000     3.5165    25.3889     3.9530     5.6492     52.821    172.170    176.541    0.00149    7.48386   10.69518  325.95371   16.71410 3.6382e-02     1.2135     1.1870    74.3240 0.0000e+00
        465 110.848841    0.03219     1.9313    115.875     62.597  51877.445    31.9282     3.5197     62.000     3.5144    25.3884     3.9586     5.6572     52.893    172.413    176.791    0.00153    7.48409   10.69552  325.96377   16.71459 3.6382e-02     1.2263     1.1825    74.4066 0.0000e+00
        468 110.848852    0.03244     1.9467    116.802     63.605  51874.855    31.9248     3.5157     63.000     3.5074    25.3862     3.9648     5.6661     52.970    172.682    177.066    0.00172    7.48499   10.69681  326.00373   16.71650 3.6382e-02     1.0244     1.1917    74.2347 0.0000e+00
        472 110.848862    0.03270     1.9617    117.702     64.613  51877.276    31.9238     3.5071     64.000     3.4983    25.3862     3.9675     5.6699     52.994    172.800    177.187    0.00151    7.48662   10.69912  326.07446   16.71987 3.6382e-02     0.9258     1.2007    74.0683 0.0000e+00
        476 110.848873    0.03296     1.9774    118.643     65.622  51885.887    31.9273     3.5002     65.000     3.4942    25.3896     3.9705     5.6743     53.027    172.933    177.324    0.00109    7.48771   10.70069  326.12134   16.72208 3.6382e-02     1.1033     1.2351    73.4353 0.0000e+00
        479 110.848884    0.03322     1.9932    119.591     66.634  51887.008    31.9264     3.4957     66.000     3.4883    25.3894     3.9811     5.6895     53.163    173.397    177.799    0.00190    7.48859   10.70194  326.15936   16.72390 3.6382e-02     1.0872     1.2593    72.9933 0.0000e+00
        483 110.848895    0.03348     2.0087    120.520     67.643  51886.384    31.9236     3.4884     67.000     3.4764    25.3877     3.9876     5.6987     53.239    173.677    178.086    0.00197    7.49008   10.70408  326.22497   16.72703 3.6382e-02     1.1621     1.3032    72.1940 0.0000e+00
        487 110.848905    0.03374     2.0244    121.461     68.653  51895.841    31.9254     3.4722     68.000     3.4620    25.3907     3.9940     5.7079     53.304    173.957    178.373    0.00188    7.49299   10.70823  326.35057   16.73298 3.6382e-02     1.0712     1.4106    70.2838 0.0000e+00
        491 110.848917    0.03400     2.0399    122.397     69.663  51903.486    31.9278     3.4633     69.000     3.4552    25.3933     3.9953     5.7097     53.310    174.012    178.430    0.00134    7.49449   10.71038  326.41521   16.73605 3.6382e-02     1.0682     1.4314    69.9169 0.0000e+00
        494 110.848927    0.03426     2.0555    123.327     70.673  51907.382    31.9282     3.4566     70.000     3.4487    25.3943     4.0056     5.7245     53.439    174.461    178.892    0.00192    7.49572   10.71213  326.46839   16.73858 3.6382e-02     1.0652     1.4502    69.5892 0.0000e+00
        498 110.848938    0.03451     2.0710    124.257     71.682  51911.168    31.9285     3.4497     71.000     3.4432    25.3951     4.0088     5.7290     53.473    174.601    179.035    0.00174    7.49694   10.71389  326.52146   16.74110 3.6382e-02     1.0740     1.4735    69.1865 0.0000e+00
        502 110.848949    0.03478     2.0867    125.202     72.691  51917.221    31.9312     3.4465     72.000     3.4412    25.3977     4.0077     5.7274     53.455    174.551    178.984    0.00093    7.49744   10.71458  326.54195   16.74206 3.6382e-02     1.0140     1.4681    69.2800 0.0000e+00
        506 110.848960    0.03506     2.1033    126.198     73.702  51917.002    31.9300     3.4444     73.000     3.4386    25.3969     4.0125     5.7343     53.516    174.761    179.200    0.00108    7.49787   10.71521  326.56136   16.74299 3.6382e-02     0.9847     1.4417    69.7391 0.0000e+00
        510 110.848972    0.03533     2.1196    127.177     74.712  51917.062    31.9288     3.4413     74.000     3.4337    25.3961     4.0156     5.7386     53.552    174.894    179.335    0.00107    7.49851   10.71612  326.58941   16.74433 3.6382e-02     1.2330     1.4518    69.5614 0.0000e+00
        514 110.848983    0.03559     2.1355    128.132     75.721  51917.373    31.9265     3.4336     75.000     3.4244    25.3950     4.0159     5.7391     53.545    174.907    179.349    0.00058    7.50004   10.71830  326.65617   16.74751 3.6382e-02     0.9959     1.5000    68.7307 0.0000e+00
        518 110.848995    0.03587     2.1522    129.130     76.732  51919.071    31.9249     3.4251     76.000     3.4124    25.3945     4.0180     5.7421     53.561    174.998    179.442    0.00057    7.50170   10.72068  326.72868   16.75096 3.6382e-02     0.8286     1.5723    67.4976 0.0000e+00
        521 110.849006    0.03614     2.1687    130.120     77.741  51903.719    31.9091     3.4061     77.000     3.3759    25.3837     4.0191     5.7437     53.545    175.048    179.492    0.00014    7.50600   10.72683  326.91983   16.76011 3.6382e-02     0.9933     1.7306    64.8890 0.0000e+00
        525 110.849017    0.03642     2.1850    131.098     78.750  51875.333    31.8694     3.3291     78.000     3.2725    25.3588     4.0321     5.7624     53.602    175.623    180.076    0.00034    7.52231   10.75014  327.63793   16.79440 3.6382e-02     1.6296     1.9653    61.1930 0.0000e+00
        529 110.849029    0.03670     2.2019    132.114     79.755  51965.798    31.9077     3.2424     79.000     3.2207    25.3969     4.0430     5.7778     53.645    176.087    180.558    0.00062    7.53647   10.77037  328.24253   16.82298 3.6382e-02     1.1278     2.2742    56.6568 0.0000e+00
