CTD-processing/allCTD/CNV/2017_10-17_t9_s10_cast064_4141.cnv
* Sea-Bird SBE19plus Data File:
* FileName = C:\Users\Kim.Powell\Desktop\Not Processed\2017\2017_10-17\2017_10-17_TRANSECT_STATION_cast064.hex
* Software Version 1.59
* Temperature SN =  4141
* Conductivity SN =  4141
* System UpLoad Time = Oct 20 2017 09:06:49
** Transect:
** 2017_10-17
** Station: 9-10
** Start Time: 15:31
** Depth (m): 63.7
** Comment: Edgecumbe
** Comment:
# nquan = 27
# nvalues = 62                          
# units = specified
# name 0 = scan: Scan Count
# name 1 = timeJ: Julian Days
# name 2 = timeH: Time, Elapsed [hours]
# name 3 = timeM: Time, Elapsed [minutes]
# name 4 = timeS: Time, Elapsed [seconds]
# name 5 = prdM: Pressure, Strain Gauge [db]
# name 6 = specc: Specific Conductance [uS/cm]
# name 7 = sal00: Salinity, Practical [PSU]
# name 8 = tv290C: Temperature [ITS-90, deg C]
# name 9 = depSM: Depth [salt water, m], lat = 59.00
# name 10 = potemp090C: Potential Temperature [ITS-90, deg C]
# name 11 = sigma-é00: Density [sigma-theta, kg/m^3]
# name 12 = sbeox0ML/L: Oxygen, SBE 43 [ml/l]
# name 13 = sbeox0Mg/L: Oxygen, SBE 43 [mg/l]
# name 14 = sbeox0PS: Oxygen, SBE 43 [% saturation]
# name 15 = sbox0Mm/Kg: Oxygen, SBE 43 [umol/kg]
# name 16 = sbeox0Mm/L: Oxygen, SBE 43 [umol/l]
# name 17 = sbox0dV/dT: Oxygen, SBE 43 [dov/dt]
# name 18 = oxsolML/L: Oxygen Saturation, Garcia & Gordon [ml/l]
# name 19 = oxsolMg/L: Oxygen Saturation, Garcia & Gordon [mg/l]
# name 20 = oxsolMm/Kg: Oxygen Saturation, Garcia & Gordon [umol/kg]
# name 21 = n2satMg/L: Nitrogen Saturation [mg/l]
# name 22 = par: PAR/Irradiance, Biospherical/Licor
# name 23 = wetStar: Fluorescence, WET Labs WETstar [mg/m^3]
# name 24 = CStarAt0: Beam Attenuation, WET Labs C-Star [1/m]
# name 25 = CStarTr0: Beam Transmission, WET Labs C-Star [%]
# name 26 = flag: flag
# span 0 =        171,        557       
# span 1 = 290.647471, 290.648588       
# span 2 =    0.01181,    0.03860       
# span 3 =     0.7083,     2.3160       
# span 4 =     42.498,    138.962       
# span 5 =      1.015,     62.585       
# span 6 =  43807.062,  49029.697       
# span 7 =    27.3263,    31.1108       
# span 8 =     8.3030,    10.0324       
# span 9 =      1.000,     62.000       
# span 10 =     8.3327,    10.0281      
# span 11 =    21.2052,    23.9630      
# span 12 =     2.4244,     2.5579      
# span 13 =     3.4647,     3.6555      
# span 14 =     37.044,     37.722      
# span 15 =    105.792,    111.839      
# span 16 =    108.272,    114.236      
# span 17 =   -0.00069,    0.00120      
# span 18 =    6.49106,    6.88045      
# span 19 =    9.27638,    9.83285      
# span 20 =  283.22135,  300.90043      
# span 21 =   14.68205,   15.54034      
# span 22 = 4.4863e-02, 1.7382e+02      
# span 23 =     0.2448,     1.5217      
# span 24 =     0.8493,     1.9370      
# span 25 =    61.6160,    80.8715      
# span 26 = 0.0000e+00, 0.0000e+00      
# interval = meters: 1                  
# start_time = Oct 17 2017 15:31:39 [Instrument's time stamp, header]
# bad_flag = -9.990e-29
*END*
        171 290.647471    0.01181     0.7083     42.498      1.015  43807.062    27.3263     8.3666      1.000     8.3327    21.2052     2.5548     3.6510     37.131    111.727    114.097   -0.00014    6.88045    9.83285  300.90043   15.54034 1.7382e+02     0.6561     1.4400    70.1284 0.0000e+00
        288 290.647811    0.01996     1.1976     71.856      2.021  44211.132    27.5958     8.3030      2.000     8.4057    21.4248     2.5579     3.6555     37.188    111.839    114.236    0.00070    6.87837    9.82988  300.74466   15.53177 1.6788e+02     0.8787     1.2876    72.4603 0.0000e+00
        288 290.647809    0.01992     1.1955     71.728      3.024  44151.192    27.5763     8.4749      3.000     8.4921    21.3860     2.5406     3.6307     37.076    111.086    113.462   -0.00050    6.85240    9.79277  299.62053   15.47822 1.1843e+02     0.7800     1.1114    75.7488 0.0000e+00
        294 290.647826    0.02032     1.2192     73.150      4.041  44149.058    27.5782     8.5043      4.000     8.5065    21.3835     2.5367     3.6251     37.044    110.916    113.288   -0.00069    6.84773    9.78609  299.41706   15.46850 8.1961e+01     0.7995     1.0446    77.0172 0.0000e+00
        299 290.647841    0.02069     1.2414     74.487      5.045  44307.002    27.6888     8.5208      5.000     8.5437    21.4677     2.5418     3.6325     37.160    111.133    113.518    0.00063    6.84027    9.77542  299.06596   15.45128 5.9242e+01     0.9581     1.0388    77.1271 0.0000e+00
        304 290.647856    0.02105     1.2628     75.770      6.061  44506.774    27.8345     8.5850      6.000     8.5965    21.5727     2.5337     3.6209     37.130    110.766    113.155    0.00011    6.82388    9.75200  298.31875   15.41501 4.3026e+01     1.0761     1.0365    77.1719 0.0000e+00
        309 290.647869    0.02137     1.2819     76.913      7.063  44462.336    27.8048     8.5956      7.000     8.5922    21.5480     2.5386     3.6279     37.203    110.981    113.372    0.00066    6.82357    9.75155  298.31235   15.41483 3.1871e+01     1.3000     1.0299    77.3009 0.0000e+00
        314 290.647884    0.02172     1.3031     78.188      8.083  44593.816    27.8945     8.5908      8.000     8.6288    21.6189     2.5323     3.6189     37.129    110.701    113.094   -0.00026    6.82035    9.74695  298.15088   15.40675 2.3457e+01     1.5217     1.0289    77.3191 0.0000e+00
        318 290.647896    0.02201     1.3206     79.236      9.081  45902.138    28.8309     8.8297      9.000     9.0538    22.3168     2.5039     3.5784     37.135    109.384    111.826   -0.00013    6.74282    9.63616  294.56090   15.23144 1.7609e+01     1.4815     0.9972    77.9369 0.0000e+00
        323 290.647911    0.02236     1.3415     80.490     10.097  46355.606    29.2107     9.3389     10.000     9.4739    22.5382     2.4652     3.5230     37.070    107.669    110.095   -0.00048    6.65005    9.50359  290.44538   15.03328 1.3520e+01     1.4970     0.8894    80.0645 0.0000e+00
        327 290.647923    0.02266     1.3596     81.577     11.103  46894.779    29.6183     9.5924     11.000     9.6401    22.8175     2.4437     3.4924     37.052    106.703    109.138   -0.00059    6.59541    9.42549  287.97977   14.91376 1.0596e+01     1.4265     0.8493    80.8715 0.0000e+00
        332 290.647938    0.02302     1.3808     82.849     12.114  47108.745    29.7773     9.6713     12.000     9.6935    22.9294     2.4437     3.4923     37.155    106.690    109.137    0.00066    6.57716    9.39942  287.15178   14.87353 8.3457e+00     1.2300     0.8727    80.3972 0.0000e+00
        337 290.647952    0.02336     1.4018     84.107     13.126  47715.148    30.2134     9.7648     13.000     9.8182    23.2548     2.4373     3.4831     37.237    106.375    108.849    0.00117    6.54527    9.35384  285.66851   14.80083 6.4249e+00     0.9933     0.8907    80.0378 0.0000e+00
        342 290.647965    0.02365     1.4188     85.130     14.130  47785.936    30.2731     9.8494     14.000     9.8840    23.2880     2.4351     3.4801     37.288    106.279    108.754    0.00120    6.53058    9.33286  285.01839   14.76950 5.0451e+00     0.9026     0.8995    79.8621 0.0000e+00
        346 290.647978    0.02396     1.4377     86.262     15.146  48106.265    30.5114     9.9598     15.000     9.9984    23.4561     2.4261     3.4671     37.297    105.867    108.350    0.00095    6.50481    9.29602  283.84680   14.71249 3.9766e+00     0.6110     0.8826    80.2002 0.0000e+00
        350 290.647989    0.02425     1.4546     87.279     16.145  48093.170    30.5083    10.0131     16.000    10.0232    23.4451     2.4244     3.4647     37.313    105.792    108.272    0.00065    6.49734    9.28534  283.52385   14.69706 3.1422e+00     0.5111     0.8725    80.4015 0.0000e+00
        355 290.648003    0.02457     1.4745     88.472     17.163  48167.842    30.5628    10.0324     17.000    10.0281    23.4845     2.4249     3.4655     37.351    105.813    108.298    0.00077    6.49233    9.27819  283.29448   14.68586 2.4882e+00     0.4410     0.8597    80.6596 0.0000e+00
        359 290.648016    0.02489     1.4934     89.607     18.173  48283.994    30.6423    10.0180     18.000     9.9996    23.5488     2.4263     3.4675     37.379    105.866    108.359    0.00057    6.49106    9.27638  283.22135   14.68205 1.9720e+00     0.3826     0.8785    80.2816 0.0000e+00
        364 290.648028    0.02518     1.5104     90.626     19.181  48370.526    30.6987     9.9845     19.000     9.9691    23.5982     2.4284     3.4704     37.397    105.951    108.451    0.00065    6.49349    9.27984  283.31351   14.68623 1.5526e+00     0.3700     0.9397    79.0653 0.0000e+00
        368 290.648040    0.02547     1.5283     91.697     20.187  48486.354    30.7758     9.9527     20.000     9.9375    23.6635     2.4264     3.4675     37.359    105.856    108.362   -0.00007    6.49480    9.28172  283.35281   14.68780 1.2201e+00     0.3399     1.0720    76.5001 0.0000e+00
        373 290.648054    0.02580     1.5480     92.882     21.204  48529.855    30.8033     9.9313     21.000     9.9272    23.6885     2.4295     3.4719     37.395    105.989    108.500    0.00015    6.49671    9.28445  283.42912   14.69133 9.2188e-01     0.3245     1.1642    74.7479 0.0000e+00
        377 290.648066    0.02608     1.5648     93.890     22.204  48486.793    30.7722     9.9284     22.000     9.9254    23.6647     2.4295     3.4720     37.386    105.993    108.501    0.00013    6.49842    9.28690  283.51040   14.69535 6.9732e-01     0.3351     1.1654    74.7260 0.0000e+00
        381 290.648079    0.02640     1.5840     95.039     23.222  48475.751    30.7638     9.9265     23.000     9.9236    23.6585     2.4299     3.4726     37.388    106.010    108.518   -0.00001    6.49905    9.28778  283.53922   14.69676 5.2695e-01     0.3129     1.1447    75.1136 0.0000e+00
        386 290.648092    0.02671     1.6022     96.131     24.227  48473.955    30.7622     9.9274     24.000     9.9252    23.6571     2.4286     3.4708     37.370    105.957    108.463   -0.00024    6.49898    9.28770  283.53698   14.69666 4.0454e-01     0.3163     1.1478    75.0550 0.0000e+00
        390 290.648105    0.02701     1.6208     97.248     25.240  48501.794    30.7815     9.9282     25.000     9.9262    23.6720     2.4295     3.4721     37.389    105.995    108.504   -0.00005    6.49806    9.28638  283.49262   14.69446 3.0647e-01     0.3836     1.1457    75.0953 0.0000e+00
        394 290.648116    0.02730     1.6379     98.271     26.241  48482.236    30.7675     9.9296     26.000     9.9288    23.6609     2.4336     3.4779     37.450    106.174    108.687    0.00050    6.49845    9.28692  283.51229   14.69546 2.3927e-01     0.3335     1.1585    74.8564 0.0000e+00
        399 290.648131    0.02764     1.6582     99.494     27.266  48433.387    30.7335     9.9365     27.000     9.9348    23.6333     2.4311     3.4743     37.408    106.068    108.575   -0.00010    6.49888    9.28755  283.53884   14.69687 1.8542e-01     0.3537     1.1047    75.8676 0.0000e+00
        403 290.648142    0.02791     1.6746    100.479     28.264  48424.543    30.7272     9.9385     28.000     9.9371    23.6281     2.4358     3.4810     37.480    106.271    108.782    0.00053    6.49886    9.28752  283.53970   14.69694 1.4748e-01     0.3548     1.1136    75.6996 0.0000e+00
        407 290.648155    0.02822     1.6932    101.593     29.275  48406.908    30.7150     9.9438     29.000     9.9432    23.6177     2.4348     3.4796     37.467    106.230    108.739    0.00024    6.49861    9.28717  283.53170   14.69660 1.1952e-01     0.3215     1.0690    76.5482 0.0000e+00
        412 290.648169    0.02855     1.7130    102.780     30.289  48430.578    30.7311     9.9429     30.000     9.9333    23.6305     2.4330     3.4770     37.442    106.150    108.658   -0.00024    6.49807    9.28640  283.50446   14.69523 9.9964e-02     0.3433     1.0668    76.5907 0.0000e+00
        416 290.648180    0.02883     1.7298    103.786     31.286  48452.872    30.7450     9.9317     31.000     9.9301    23.6431     2.4331     3.4772     37.438    106.153    108.663   -0.00017    6.49908    9.28784  283.54527   14.69713 8.4819e-02     0.3635     1.1349    75.2984 0.0000e+00
        422 290.648196    0.02921     1.7522    105.135     32.313  48424.104    30.7257     9.9421     32.000     9.9387    23.6263     2.4342     3.4787     37.458    106.201    108.710   -0.00003    6.49839    9.28686  283.51976   14.69598 7.3613e-02     0.3549     1.0697    76.5353 0.0000e+00
        426 290.648209    0.02951     1.7707    106.244     33.310  48442.333    30.7374     9.9370     33.000     9.9346    23.6363     2.4359     3.4812     37.484    106.277    108.789    0.00018    6.49865    9.28722  283.52807   14.69633 6.6174e-02     0.3250     1.1183    75.6118 0.0000e+00
        431 290.648222    0.02983     1.7901    107.405     34.328  48425.723    30.7259     9.9421     34.000     9.9378    23.6266     2.4361     3.4815     37.488    106.286    108.797    0.00017    6.49840    9.28686  283.51980   14.69598 6.0460e-02     0.3417     1.0594    76.7333 0.0000e+00
        435 290.648235    0.03014     1.8083    108.498     35.331  48423.163    30.7233     9.9391     35.000     9.9345    23.6251     2.4364     3.4818     37.489    106.297    108.808    0.00004    6.49893    9.28762  283.54339   14.69712 5.6677e-02     0.3518     1.0733    76.4677 0.0000e+00
        440 290.648248    0.03046     1.8277    109.660     36.349  48422.959    30.7226     9.9380     36.000     9.9340    23.6247     2.4343     3.4789     37.457    106.209    108.718   -0.00035    6.49911    9.28788  283.55145   14.69751 5.3406e-02     0.3182     1.1158    75.6579 0.0000e+00
        443 290.648259    0.03072     1.8432    110.595     37.347  48413.387    30.7155     9.9378     37.000     9.9324    23.6192     2.4382     3.4845     37.515    106.380    108.893    0.00026    6.49944    9.28835  283.56745   14.69831 5.1707e-02     0.3653     1.1695    74.6494 0.0000e+00
        448 290.648272    0.03103     1.8616    111.698     38.366  48408.675    30.7111     9.9330     38.000     9.9273    23.6166     2.4420     3.4899     37.568    106.543    109.060    0.00057    6.50032    9.28959  283.60619   14.70018 4.9676e-02     0.3395     1.2251    73.6190 0.0000e+00
        452 290.648284    0.03132     1.8792    112.754     39.370  48519.245    30.7872     9.9224     39.000     9.8990    23.6777     2.4393     3.4860     37.535    106.419    108.939    0.00024    6.49864    9.28721  283.51642   14.69558 4.8720e-02     0.3645     1.2023    74.0410 0.0000e+00
        456 290.648297    0.03162     1.8972    113.832     40.381  48572.662    30.8200     9.8885     40.000     9.8892    23.7087     2.4401     3.4872     37.529    106.454    108.978   -0.00023    6.50211    9.29216  283.65886   14.70226 4.7714e-02     0.3586     1.3025    72.2117 0.0000e+00
        461 290.648310    0.03195     1.9170    115.019     41.391  48610.500    30.8463     9.8884     41.000     9.8667    23.7293     2.4416     3.4892     37.556    106.512    109.040    0.00026    6.50104    9.29064  283.60673   14.69966 4.6828e-02     0.3394     1.3239    71.8253 0.0000e+00
        466 290.648325    0.03228     1.9371    116.227     42.404  48792.698    30.9675     9.8363     42.000     9.8082    23.8322     2.4415     3.4891     37.542    106.500    109.037   -0.00025    6.50342    9.29403  283.68155   14.70274 4.6292e-02     0.3539     1.5881    67.2330 0.0000e+00
        470 290.648335    0.03256     1.9533    117.199     43.409  48862.976    31.0120     9.8015     43.000     9.7850    23.8726     2.4455     3.4949     37.586    106.671    109.217    0.00035    6.50653    9.29848  283.80646   14.70854 4.6253e-02     0.3259     1.8196    63.4483 0.0000e+00
        474 290.648348    0.03286     1.9712    118.271     44.419  48919.401    31.0483     9.7774     44.000     9.7663    23.9047     2.4481     3.4986     37.614    106.780    109.332    0.00043    6.50845    9.30123  283.88136   14.71198 4.5687e-02     0.3457     1.8635    62.7583 0.0000e+00
        479 290.648361    0.03317     1.9903    119.418     45.434  48938.901    31.0602     9.7667     45.000     9.7602    23.9158     2.4458     3.4953     37.574    106.680    109.231   -0.00024    6.50951    9.30273  283.92423   14.71398 4.5417e-02     0.2835     1.8853    62.4176 0.0000e+00
        483 290.648373    0.03345     2.0069    120.413     46.436  48943.261    31.0625     9.7640     46.000     9.7569    23.9179     2.4464     3.4962     37.581    106.706    109.258   -0.00007    6.50978    9.30313  283.93574   14.71452 4.5106e-02     0.2888     1.9370    61.6160 0.0000e+00
        487 290.648386    0.03375     2.0252    121.511     47.449  48949.898    31.0662     9.7597     47.000     9.7535    23.9216     2.4456     3.4950     37.565    106.668    109.220   -0.00031    6.51025    9.30380  283.95511   14.71543 4.5203e-02     0.2804     1.8511    62.9552 0.0000e+00
        492 290.648399    0.03407     2.0438    122.628     48.465  48957.051    31.0703     9.7565     48.000     9.7478    23.9254     2.4494     3.5004     37.621    106.833    109.389    0.00027    6.51052    9.30418  283.96578   14.71593 4.5317e-02     0.3215     1.8161    63.5072 0.0000e+00
        495 290.648409    0.03432     2.0590    123.542     49.466  48966.359    31.0758     9.7513     49.000     9.7450    23.9304     2.4495     3.5006     37.621    106.839    109.396    0.00028    6.51105    9.30494  283.98753   14.71695 4.5435e-02     0.3236     1.8883    62.3739 0.0000e+00
        499 290.648421    0.03460     2.0759    124.553     50.477  48973.893    31.0803     9.7483     50.000     9.7397    23.9345     2.4499     3.5011     37.626    106.854    109.412    0.00010    6.51129    9.30528  283.99683   14.71737 4.5183e-02     0.2956     1.8874    62.3847 0.0000e+00
        504 290.648434    0.03491     2.0944    125.661     51.487  48986.902    31.0881     9.7411     51.000     9.7321    23.9417     2.4487     3.4994     37.603    106.802    109.360   -0.00018    6.51199    9.30627  284.02523   14.71869 4.5002e-02     0.2677     1.8622    62.7807 0.0000e+00
        508 290.648447    0.03522     2.1132    126.791     52.498  49001.689    31.0971     9.7332     52.000     9.7247    23.9500     2.4485     3.4990     37.594    106.789    109.346   -0.00029    6.51275    9.30737  284.05622   14.72014 4.5208e-02     0.2676     1.8049    63.6858 0.0000e+00
        512 290.648459    0.03552     2.1309    127.852     53.504  49008.341    31.1008     9.7290     53.000     9.7229    23.9536     2.4511     3.5028     37.632    106.905    109.465    0.00014    6.51319    9.30800  284.07460   14.72100 4.5158e-02     0.2693     1.8075    63.6425 0.0000e+00
