CTD-processing/allCTD/CNV/2017_09-22_alongbay_skb05_cast030_4141.cnv
* Sea-Bird SBE19plus Data File:
* FileName = C:\Users\Kim.Powell\Desktop\Not Processed\2017\2017_09-22\2017_09-22_TRANSECT_STATION_cast030.hex
* Software Version 1.59
* Temperature SN =  4141
* Conductivity SN =  4141
* System UpLoad Time = Oct 11 2017 10:39:37
** 2017_09-22
** Station: KB05
** Start Time: 12:13
** Depth (m): 162.5
** Comment:
** Comment:
# nquan = 27
# nvalues = 128                         
# units = specified
# name 0 = scan: Scan Count
# name 1 = timeJ: Julian Days
# name 2 = timeH: Time, Elapsed [hours]
# name 3 = timeM: Time, Elapsed [minutes]
# name 4 = timeS: Time, Elapsed [seconds]
# name 5 = prdM: Pressure, Strain Gauge [db]
# name 6 = specc: Specific Conductance [uS/cm]
# name 7 = sal00: Salinity, Practical [PSU]
# name 8 = tv290C: Temperature [ITS-90, deg C]
# name 9 = depSM: Depth [salt water, m], lat = 59.00
# name 10 = potemp090C: Potential Temperature [ITS-90, deg C]
# name 11 = sigma-é00: Density [sigma-theta, kg/m^3]
# name 12 = sbeox0ML/L: Oxygen, SBE 43 [ml/l]
# name 13 = sbeox0Mg/L: Oxygen, SBE 43 [mg/l]
# name 14 = sbeox0PS: Oxygen, SBE 43 [% saturation]
# name 15 = sbox0Mm/Kg: Oxygen, SBE 43 [umol/kg]
# name 16 = sbeox0Mm/L: Oxygen, SBE 43 [umol/l]
# name 17 = sbox0dV/dT: Oxygen, SBE 43 [dov/dt]
# name 18 = oxsolML/L: Oxygen Saturation, Garcia & Gordon [ml/l]
# name 19 = oxsolMg/L: Oxygen Saturation, Garcia & Gordon [mg/l]
# name 20 = oxsolMm/Kg: Oxygen Saturation, Garcia & Gordon [umol/kg]
# name 21 = n2satMg/L: Nitrogen Saturation [mg/l]
# name 22 = par: PAR/Irradiance, Biospherical/Licor
# name 23 = wetStar: Fluorescence, WET Labs WETstar [mg/m^3]
# name 24 = CStarAt0: Beam Attenuation, WET Labs C-Star [1/m]
# name 25 = CStarTr0: Beam Transmission, WET Labs C-Star [%]
# name 26 = flag: flag
# span 0 =        339,       1064       
# span 1 = 265.510514, 265.512614       
# span 2 =    0.02345,    0.07385       
# span 3 =     1.4074,     4.4312       
# span 4 =     84.442,    265.871       
# span 5 =      1.025,    129.244       
# span 6 =  43047.373,  48539.482       
# span 7 =    27.0994,    30.8023       
# span 8 =    10.2288,    11.1247       
# span 9 =      1.000,    128.000       
# span 10 =    10.2138,    11.1254      
# span 11 =    20.6196,    23.6411      
# span 12 =     2.5205,     2.6119      
# span 13 =     3.6020,     3.7327      
# span 14 =     39.111,     40.777      
# span 15 =    110.107,    113.990      
# span 16 =    112.565,    116.649      
# span 17 =   -0.00085,    0.00145      
# span 18 =    6.37295,    6.48836      
# span 19 =    9.10758,    9.27251      
# span 20 =  278.18945,  283.91569      
# span 21 =   14.44266,   14.72976      
# span 22 = 4.9510e-02, 6.1091e+01      
# span 23 =     0.3060,     2.8047      
# span 24 =     0.5591,     1.4346      
# span 25 =    69.8461,    86.9555      
# span 26 = 0.0000e+00, 0.0000e+00      
# interval = meters: 1                  
# start_time = Sep 22 2017 12:13:44 [Instrument's time stamp, header]
# bad_flag = -9.990e-29
*END*
[from data line 108]
        964 265.512324    0.06689     4.0133    240.799    110.063  48464.767    30.7608    10.2558    109.000    10.2425    23.6041     2.6050     3.7228     40.371    113.654    116.337   -0.00015    6.45253    9.22131  281.52497   14.60043 5.0456e-02     0.6406     0.6836    84.2914 0.0000e+00
        968 265.512336    0.06718     4.0310    241.858    111.065  48473.283    30.7661    10.2535    110.000    10.2399    23.6086     2.6054     3.7233     40.377    113.672    116.356   -0.00023    6.45263    9.22145  281.52801   14.60055 5.0478e-02     0.6726     0.7225    83.4762 0.0000e+00
        973 265.512350    0.06752     4.0511    243.064    112.075  48480.642    30.7706    10.2509    111.000    10.2377    23.6125     2.6076     3.7265     40.410    113.770    116.456    0.00017    6.45282    9.22172  281.53517   14.60088 5.0361e-02     0.6217     0.7978    81.9207 0.0000e+00
        979 265.512367    0.06791     4.0745    244.471    113.089  48484.634    30.7728    10.2499    112.000    10.2372    23.6145     2.6052     3.7231     40.372    113.664    116.348   -0.00032    6.45287    9.22179  281.53665   14.60094 5.0516e-02     0.6092     0.8280    81.3034 0.0000e+00
        984 265.512381    0.06827     4.0960    245.762    114.102  48486.654    30.7738    10.2495    113.000    10.2366    23.6153     2.6049     3.7227     40.368    113.652    116.336   -0.00023    6.45289    9.22182  281.53734   14.60097 5.0308e-02     0.5823     0.8694    80.4639 0.0000e+00
        989 265.512395    0.06858     4.1147    246.882    115.105  48488.094    30.7743    10.2490    114.000    10.2358    23.6158     2.6061     3.7244     40.386    113.702    116.387   -0.00010    6.45293    9.22188  281.53887   14.60104 5.0446e-02     0.6605     0.8880    80.0915 0.0000e+00
        994 265.512410    0.06896     4.1375    248.251    116.116  48492.449    30.7768    10.2473    115.000    10.2334    23.6180     2.6072     3.7260     40.403    113.753    116.440    0.00013    6.45306    9.22207  281.54425   14.60129 5.0528e-02     0.6050     0.8975    79.9020 0.0000e+00
       1000 265.512428    0.06937     4.1624    249.745    117.133  48501.154    30.7820    10.2433    116.000    10.2274    23.6228     2.6069     3.7254     40.394    113.733    116.421   -0.00022    6.45342    9.22259  281.55857   14.60195 5.0628e-02     0.6658     0.8880    80.0917 0.0000e+00
       1005 265.512441    0.06970     4.1820    250.920    118.135  48512.404    30.7888    10.2376    117.000    10.2232    23.6290     2.6071     3.7258     40.396    113.746    116.434   -0.00006    6.45394    9.22333  281.57968   14.60293 5.0409e-02     0.6151     0.9257    79.3398 0.0000e+00
       1010 265.512458    0.07010     4.2062    252.375    119.148  48515.551    30.7904    10.2359    118.000    10.2227    23.6306     2.6065     3.7248     40.384    113.717    116.404   -0.00017    6.45411    9.22357  281.58676   14.60326 5.0526e-02     0.7022     0.9343    79.1708 0.0000e+00
       1017 265.512476    0.07053     4.2315    253.889    120.162  48515.700    30.7901    10.2360    119.000    10.2226    23.6303     2.6047     3.7224     40.358    113.641    116.326   -0.00038    6.45411    9.22357  281.58648   14.60326 5.0433e-02     0.6055     0.9557    78.7485 0.0000e+00
       1021 265.512490    0.07086     4.2520    255.121    121.164  48516.103    30.7900    10.2361    120.000    10.2226    23.6302     2.6066     3.7250     40.386    113.722    116.409   -0.00003    6.45410    9.22355  281.58596   14.60323 5.0653e-02     0.7306     0.9578    78.7071 0.0000e+00
       1027 265.512507    0.07128     4.2770    256.623    122.184  48517.808    30.7907    10.2359    121.000    10.2220    23.6309     2.6053     3.7233     40.367    113.668    116.354   -0.00027    6.45410    9.22355  281.58586   14.60322 5.0499e-02     0.6149     0.9247    79.3609 0.0000e+00
       1032 265.512521    0.07163     4.2976    257.859    123.185  48519.188    30.7913    10.2355    122.000    10.2217    23.6314     2.6058     3.7239     40.374    113.687    116.374   -0.00014    6.45413    9.22360  281.58723   14.60329 5.0471e-02     0.6695     0.9689    78.4876 0.0000e+00
       1038 265.512538    0.07201     4.3210    259.260    124.201  48520.174    30.7915    10.2353    123.000    10.2214    23.6316     2.6097     3.7296     40.436    113.862    116.552    0.00040    6.45415    9.22362  281.58779   14.60331 5.0554e-02     0.6762     0.9637    78.5904 0.0000e+00
       1043 265.512552    0.07235     4.3413    260.479    125.208  48523.157    30.7932    10.2347    124.000    10.2199    23.6330     2.6056     3.7237     40.370    113.679    116.366   -0.00023    6.45418    9.22366  281.58867   14.60335 5.0844e-02     0.7100     0.9944    77.9886 0.0000e+00
       1048 265.512566    0.07270     4.3619    261.714    126.217  48526.707    30.7950    10.2330    125.000    10.2187    23.6347     2.6053     3.7232     40.365    113.668    116.354   -0.00043    6.45434    9.22389  281.59518   14.60365 5.0856e-02     0.6115     0.9973    77.9330 0.0000e+00
       1053 265.512582    0.07309     4.3851    263.107    127.227  48530.295    30.7970    10.2320    126.000    10.2171    23.6365     2.6077     3.7266     40.401    113.769    116.458    0.00010    6.45438    9.22396  281.59681   14.60372 5.0623e-02     0.6347     0.9859    78.1550 0.0000e+00
       1059 265.512599    0.07349     4.4098    264.587    128.242  48536.913    30.8010    10.2298    127.000    10.2150    23.6400     2.6046     3.7221     40.352    113.632    116.319   -0.00043    6.45454    9.22418  281.60266   14.60399 5.0377e-02     0.6758     0.9916    78.0453 0.0000e+00
       1064 265.512614    0.07385     4.4312    265.871    129.244  48539.482    30.8023    10.2288    128.000    10.2138    23.6411     2.6093     3.7290     40.425    113.841    116.532    0.00032    6.45462    9.22430  281.60580   14.60413 5.0807e-02     0.6381     0.9974    77.9309 0.0000e+00
