CTD-processing/allCTD/CNV/2017_02-07_t9_s02_cast034_4141.cnv
* Sea-Bird SBE19plus Data File:
* FileName = C:\Users\jwschloemer\Documents\CTD Data\2017_02_07_T9\2017_02_07_T9_cast034.hex
* Software Version 1.59
* Temperature SN =  4141
* Conductivity SN =  4141
* System UpLoad Time = Mar 06 2017 11:24:14
** Cook Inlet LTM Homer Along Bay
** Date: 2017-01-11
** Station:02
** Start Time (AKST):12:02
** Depth (m):79
** Comment: R/V Edgecumbe
# nquan = 27
# nvalues = 74                          
# units = specified
# name 0 = scan: Scan Count
# name 1 = timeJ: Julian Days
# name 2 = timeH: Time, Elapsed [hours]
# name 3 = timeM: Time, Elapsed [minutes]
# name 4 = timeS: Time, Elapsed [seconds]
# name 5 = prdM: Pressure, Strain Gauge [db]
# name 6 = specc: Specific Conductance [uS/cm]
# name 7 = sal00: Salinity, Practical [PSU]
# name 8 = tv290C: Temperature [ITS-90, deg C]
# name 9 = depSM: Depth [salt water, m], lat = 59.00
# name 10 = potemp090C: Potential Temperature [ITS-90, deg C]
# name 11 = sigma-é00: Density [sigma-theta, kg/m^3]
# name 12 = sbeox0ML/L: Oxygen, SBE 43 [ml/l]
# name 13 = sbeox0Mg/L: Oxygen, SBE 43 [mg/l]
# name 14 = sbeox0PS: Oxygen, SBE 43 [% saturation]
# name 15 = sbox0Mm/Kg: Oxygen, SBE 43 [umol/kg]
# name 16 = sbeox0Mm/L: Oxygen, SBE 43 [umol/l]
# name 17 = sbox0dV/dT: Oxygen, SBE 43 [dov/dt]
# name 18 = oxsolML/L: Oxygen Saturation, Garcia & Gordon [ml/l]
# name 19 = oxsolMg/L: Oxygen Saturation, Garcia & Gordon [mg/l]
# name 20 = oxsolMm/Kg: Oxygen Saturation, Garcia & Gordon [umol/kg]
# name 21 = n2satMg/L: Nitrogen Saturation [mg/l]
# name 22 = par: PAR/Irradiance, Biospherical/Licor
# name 23 = wetStar: Fluorescence, WET Labs WETstar [mg/m^3]
# name 24 = CStarAt0: Beam Attenuation, WET Labs C-Star [1/m]
# name 25 = CStarTr0: Beam Transmission, WET Labs C-Star [%]
# name 26 = flag: flag
# span 0 =        172,        626       
# span 1 =  38.502415,  38.503731       
# span 2 =    0.01185,    0.04343       
# span 3 =     0.7112,     2.6062       
# span 4 =     42.672,    156.371       
# span 5 =      1.020,     74.709       
# span 6 =  51008.850,  51445.065       
# span 7 =    31.3635,    31.7191       
# span 8 =     3.4680,     4.6208       
# span 9 =      1.000,     74.000       
# span 10 =     3.4799,     4.6171      
# span 11 =    24.9409,    25.2016      
# span 12 =     3.0758,     3.2603      
# span 13 =     4.3955,     4.6594      
# span 14 =     41.483,     44.669      
# span 15 =    134.004,    142.044      
# span 16 =    137.362,    145.607      
# span 17 =   -0.00093,    0.00318      
# span 18 =    7.29828,    7.51891      
# span 19 =   10.42997,   10.74527      
# span 20 =  317.96476,  327.60499      
# span 21 =   16.33515,   16.79459      
# span 22 = 3.6382e-02, 5.3504e+01      
# span 23 =     0.3492,     0.5463      
# span 24 =     0.4297,     4.4956      
# span 25 =    49.4826,    89.8145      
# span 26 = 0.0000e+00, 0.0000e+00      
# interval = meters: 1                  
# start_time = Feb 07 2017 12:02:46 [Instrument's time stamp, header]
# bad_flag = -9.990e-29
*END*
        172  38.502415    0.01185     0.7112     42.672      1.020  51008.850    31.3635     3.4949      1.000     3.4799    24.9409     3.1300     4.4730     41.636    136.382    139.783    0.00022    7.51739   10.74310  327.55713   16.79259 5.3504e+01     0.3562     4.4956    49.4826 0.0000e+00
        300  38.502788    0.02080     1.2479     74.872      2.020  51119.966    31.4317     3.4680      2.000     3.5212    24.9975     3.1191     4.4574     41.483    135.901    139.298    0.00081    7.51891   10.74527  327.60499   16.79459 4.3036e+01     0.4752     0.9622    76.4082 0.0000e+00
        298  38.502781    0.02064     1.2382     74.293      3.028  51445.065    31.7191     3.7391      3.000     3.9084    25.2016     3.0975     4.4266     41.552    134.933    138.333    0.00131    7.45451   10.65324  324.73460   16.65698 3.5651e+01     0.5004     0.8116    81.6355 0.0000e+00
        303  38.502794    0.02095     1.2570     75.422      4.039  51134.144    31.5749     4.0191      4.000     4.0504    25.0606     3.0758     4.3955     41.503    134.004    137.362    0.00054    7.41083   10.59081  322.87609   16.56920 3.0570e+01     0.5036     0.7643    82.6065 0.0000e+00
        307  38.502807    0.02126     1.2756     76.538      5.045  51081.464    31.5484     4.0617      5.000     4.0684    25.0355     3.0884     4.4137     41.710    134.560    137.930    0.00190    7.40445   10.58171  322.60629   16.55648 2.6825e+01     0.5028     0.6845    84.2741 0.0000e+00
        312  38.502821    0.02159     1.2954     77.721      6.059  51075.368    31.5475     4.0776      6.000     4.0805    25.0333     3.1042     4.4362     41.939    135.248    138.633    0.00318    7.40164   10.57769  322.48444   16.55069 2.3799e+01     0.4977     0.6182    85.6805 0.0000e+00
        316  38.502834    0.02190     1.3139     78.833      7.063  51100.660    31.5669     4.0889      7.000     4.1064    25.0476     3.1057     4.4384     41.977    135.313    138.702    0.00248    7.39863   10.57339  322.34901   16.54417 2.0922e+01     0.5186     0.6142    85.7667 0.0000e+00
        321  38.502848    0.02224     1.3345     80.072      8.078  51152.985    31.6176     4.1547      8.000     4.1985    25.0815     3.1051     4.4375     42.050    135.281    138.674    0.00213    7.38428   10.55288  321.71307   16.51372 1.8340e+01     0.5268     0.5975    86.1245 0.0000e+00
        326  38.502862    0.02256     1.3538     81.227      9.082  51132.179    31.6261     4.2536      9.000     4.2862    25.0785     3.1008     4.4314     42.095    135.093    138.481    0.00174    7.36614   10.52695  320.92353   16.47613 1.6038e+01     0.5463     0.5958    86.1626 0.0000e+00
        331  38.502876    0.02293     1.3756     82.533     10.098  51092.968    31.6152     4.3244     10.000     4.3403    25.0629     3.1030     4.4346     42.195    135.194    138.582    0.00189    7.35403   10.50965  320.40081   16.45131 1.3961e+01     0.5067     0.5857    86.3793 0.0000e+00
        336  38.502891    0.02326     1.3956     83.737     11.100  51114.658    31.6410     4.3740     11.000     4.3971    25.0784     3.1101     4.4445     42.349    135.498    138.896    0.00249    7.34391   10.49518  319.95503   16.43000 1.2153e+01     0.4757     0.5742    86.6292 0.0000e+00
        341  38.502906    0.02363     1.4178     85.066     12.118  51107.868    31.6480     4.4270     12.000     4.4484    25.0786     3.1141     4.4504     42.461    135.676    139.078    0.00240    7.33415   10.48124  319.52990   16.40975 1.0539e+01     0.4758     0.5603    86.9303 0.0000e+00
        346  38.502919    0.02395     1.4370     86.220     13.120  51092.946    31.6490     4.4784     13.000     4.4901    25.0742     3.1186     4.4567     42.574    135.868    139.275    0.00254    7.32501   10.46817  319.13265   16.39084 9.1740e+00     0.4561     0.5469    87.2216 0.0000e+00
        351  38.502933    0.02429     1.4573     87.439     14.135  51083.610    31.6477     4.5030     14.000     4.5085    25.0707     3.1241     4.4647     42.675    136.111    139.523    0.00242    7.32072   10.46204  318.94710   16.38202 7.9719e+00     0.4500     0.5321    87.5431 0.0000e+00
        355  38.502946    0.02460     1.4761     88.566     15.141  51072.865    31.6423     4.5139     15.000     4.5137    25.0654     3.1302     4.4734     42.768    136.376    139.795    0.00233    7.31905   10.45965  318.87596   16.37866 6.9255e+00     0.4326     0.5253    87.6925 0.0000e+00
        360  38.502960    0.02492     1.4954     89.726     16.154  51105.414    31.6667     4.5253     16.000     4.5396    25.0835     3.1372     4.4834     42.882    136.679    140.107    0.00246    7.31584   10.45506  318.73030   16.37163 6.0319e+00     0.4123     0.4983    88.2880 0.0000e+00
        364  38.502972    0.02522     1.5129     90.775     17.159  51088.819    31.6616     4.5549     17.000     4.5588    25.0764     3.1411     4.4890     42.965    136.850    140.282    0.00226    7.31087   10.44797  318.51630   16.36147 5.2800e+00     0.4028     0.4667    88.9882 0.0000e+00
        369  38.502985    0.02552     1.5313     91.876     18.172  51082.543    31.6587     4.5635     18.000     4.5634    25.0732     3.1498     4.5014     43.092    137.229    140.670    0.00262    7.30948   10.44598  318.45673   16.35864 4.6473e+00     0.4015     0.4597    89.1442 0.0000e+00
        373  38.502998    0.02582     1.5496     92.976     19.180  51083.456    31.6594     4.5658     19.000     4.5654    25.0736     3.1521     4.5047     43.126    137.332    140.775    0.00204    7.30904   10.44535  318.43737   16.35772 4.0914e+00     0.3872     0.4524    89.3066 0.0000e+00
        377  38.503010    0.02613     1.5678     94.066     20.189  51084.161    31.6598     4.5676     20.000     4.5669    25.0737     3.1571     4.5118     43.196    137.548    140.996    0.00178    7.30871   10.44487  318.42272   16.35703 3.6013e+00     0.3998     0.4518    89.3201 0.0000e+00
        382  38.503023    0.02644     1.5863     95.180     21.200  51086.334    31.6611     4.5691     21.000     4.5683    25.0745     3.1626     4.5196     43.273    137.785    141.240    0.00193    7.30839   10.44442  318.40876   16.35636 3.1725e+00     0.3950     0.4465    89.4393 0.0000e+00
        386  38.503035    0.02675     1.6046     96.274     22.210  51089.489    31.6632     4.5709     22.000     4.5699    25.0761     3.1627     4.5199     43.277    137.792    141.247    0.00116    7.30796   10.44381  318.38972   16.35544 2.7899e+00     0.3982     0.4415    89.5502 0.0000e+00
        390  38.503048    0.02704     1.6223     97.340     23.215  51088.559    31.6621     4.5717     23.000     4.5698    25.0752     3.1730     4.5345     43.419    138.240    141.706    0.00190    7.30788   10.44369  318.38630   16.35528 2.4646e+00     0.3864     0.4374    89.6404 0.0000e+00
        395  38.503061    0.02736     1.6416     98.494     24.231  51091.785    31.6637     4.5710     24.000     4.5692    25.0765     3.1770     4.5402     43.473    138.413    141.884    0.00175    7.30793   10.44375  318.38785   16.35535 2.1732e+00     0.3878     0.4371    89.6493 0.0000e+00
        399  38.503073    0.02765     1.6587     99.525     25.234  51092.634    31.6637     4.5706     25.000     4.5681    25.0765     3.1815     4.5467     43.534    138.609    142.085    0.00157    7.30800   10.44386  318.39096   16.35550 1.9146e+00     0.3911     0.4435    89.5059 0.0000e+00
        404  38.503086    0.02797     1.6779    100.676     26.249  51095.768    31.6650     4.5692     26.000     4.5670    25.0777     3.1837     4.5498     43.564    138.706    142.184    0.00141    7.30818   10.44411  318.39821   16.35584 1.6875e+00     0.3903     0.4408    89.5649 0.0000e+00
        408  38.503099    0.02827     1.6961    101.764     27.255  51100.006    31.6672     4.5685     27.000     4.5666    25.0796     3.1875     4.5552     43.615    138.869    142.352    0.00112    7.30819   10.44413  318.39841   16.35584 1.4854e+00     0.3941     0.4392    89.6009 0.0000e+00
        413  38.503113    0.02859     1.7155    102.932     28.270  51101.526    31.6679     4.5688     28.000     4.5669    25.0800     3.1954     4.5664     43.724    139.214    142.705    0.00176    7.30810   10.44401  318.39465   16.35565 1.3136e+00     0.3827     0.4366    89.6583 0.0000e+00
        417  38.503125    0.02890     1.7337    104.023     29.272  51101.970    31.6677     4.5687     29.000     4.5665    25.0799     3.1954     4.5665     43.723    139.214    142.705    0.00104    7.30812   10.44403  318.39528   16.35569 1.1571e+00     0.3927     0.4404    89.5759 0.0000e+00
        422  38.503139    0.02923     1.7536    105.216     30.289  51103.133    31.6679     4.5683     30.000     4.5661    25.0801     3.2010     4.5746     43.801    139.459    142.957    0.00130    7.30819   10.44413  318.39802   16.35582 1.0202e+00     0.4069     0.4349    89.6980 0.0000e+00
        426  38.503152    0.02954     1.7726    106.358     31.293  51105.752    31.6691     4.5684     31.000     4.5670    25.0811     3.2034     4.5780     43.833    139.563    143.063    0.00106    7.30811   10.44402  318.39443   16.35564 9.0260e-01     0.3974     0.4297    89.8145 0.0000e+00
        431  38.503166    0.02988     1.7930    107.578     32.307  51112.788    31.6743     4.5720     32.000     4.5724    25.0849     3.2108     4.5886     43.940    139.885    143.394    0.00149    7.30722   10.44274  318.35442   16.35372 7.9216e-01     0.3996     0.4496    89.3692 0.0000e+00
        436  38.503180    0.03021     1.8122    108.733     33.311  51109.847    31.6728     4.5766     33.000     4.5753    25.0832     3.2117     4.5898     43.957    139.925    143.434    0.00115    7.30649   10.44169  318.32295   16.35223 6.9644e-01     0.4162     0.4685    88.9472 0.0000e+00
        441  38.503194    0.03055     1.8330    109.981     34.326  51109.815    31.6727     4.5785     34.000     4.5765    25.0830     3.2156     4.5955     44.013    140.096    143.610    0.00113    7.30615   10.44123  318.30873   16.35155 6.1052e-01     0.4263     0.4746    88.8122 0.0000e+00
        445  38.503207    0.03086     1.8518    111.107     35.332  51109.206    31.6719     4.5792     35.000     4.5767    25.0823     3.2165     4.5967     44.025    140.134    143.649    0.00072    7.30607   10.44111  318.30554   16.35140 5.3415e-01     0.4073     0.4828    88.6299 0.0000e+00
        450  38.503221    0.03119     1.8714    112.282     36.345  51111.122    31.6728     4.5795     36.000     4.5774    25.0829     3.2219     4.6044     44.099    140.370    143.891    0.00115    7.30597   10.44096  318.30085   16.35118 4.6917e-01     0.4057     0.4824    88.6392 0.0000e+00
        454  38.503233    0.03149     1.8892    113.352     37.351  51114.494    31.6750     4.5810     37.000     4.5801    25.0845     3.2211     4.6033     44.091    140.335    143.855    0.00056    7.30560   10.44043  318.28397   16.35036 4.1104e-01     0.4071     0.4869    88.5381 0.0000e+00
        459  38.503246    0.03180     1.9080    114.480     38.363  51111.010    31.6725     4.5826     38.000     4.5797    25.0824     3.2224     4.6052     44.110    140.393    143.914    0.00056    7.30543   10.44020  318.27763   16.35007 3.5953e-01     0.4114     0.4917    88.4323 0.0000e+00
        463  38.503259    0.03210     1.9260    115.563     39.370  51109.283    31.6707     4.5823     39.000     4.5777    25.0810     3.2245     4.6082     44.138    140.484    144.007    0.00044    7.30558   10.44041  318.28452   16.35041 3.1479e-01     0.4100     0.4942    88.3766 0.0000e+00
        468  38.503272    0.03241     1.9445    116.670     40.381  51112.576    31.6717     4.5790     40.000     4.5759    25.0821     3.2270     4.6116     44.168    140.589    144.115    0.00060    7.30612   10.44118  318.30761   16.35150 2.7718e-01     0.4148     0.4766    88.7687 0.0000e+00
        472  38.503284    0.03272     1.9631    117.785     41.392  51113.156    31.6716     4.5786     41.000     4.5755    25.0821     3.2281     4.6133     44.184    140.642    144.169    0.00043    7.30618   10.44126  318.31008   16.35162 2.4444e-01     0.4005     0.4737    88.8303 0.0000e+00
        477  38.503298    0.03303     1.9814    118.884     42.398  51114.802    31.6719     4.5776     42.000     4.5745    25.0825     3.2327     4.6198     44.244    140.838    144.370    0.00070    7.30636   10.44152  318.31782   16.35199 2.1614e-01     0.4054     0.4680    88.9589 0.0000e+00
        481  38.503310    0.03334     2.0005    120.028     43.412  51116.057    31.6724     4.5778     43.000     4.5751    25.0828     3.2329     4.6201     44.248    140.848    144.381    0.00060    7.30630   10.44144  318.31528   16.35186 1.9130e-01     0.4078     0.4655    89.0133 0.0000e+00
        485  38.503323    0.03364     2.0186    121.116     44.416  51117.712    31.6731     4.5784     44.000     4.5762    25.0834     3.2340     4.6217     44.263    140.896    144.430    0.00029    7.30616   10.44123  318.30870   16.35155 1.6926e-01     0.4148     0.4651    89.0239 0.0000e+00
        490  38.503337    0.03398     2.0385    122.309     45.433  51121.417    31.6761     4.5828     45.000     4.5818    25.0853     3.2400     4.6302     44.351    141.156    144.697    0.00094    7.30523   10.43991  318.26780   16.34959 1.5013e-01     0.4002     0.4799    88.6946 0.0000e+00
        495  38.503350    0.03428     2.0569    123.412     46.436  51119.410    31.6749     4.5853     46.000     4.5830    25.0840     3.2415     4.6325     44.374    141.223    144.765    0.00082    7.30484   10.43935  318.25121   16.34880 1.3280e-01     0.3951     0.4928    88.4097 0.0000e+00
        500  38.503364    0.03462     2.0773    124.641     47.453  51122.871    31.6775     4.5887     47.000     4.5873    25.0857     3.2440     4.6361     44.414    141.332    144.878    0.00077    7.30413   10.43833  318.21959   16.34729 1.1725e-01     0.4066     0.5062    88.1121 0.0000e+00
        504  38.503377    0.03494     2.0965    125.790     48.457  51117.055    31.6734     4.5910     48.000     4.5865    25.0824     3.2428     4.6342     44.398    141.279    144.823    0.00034    7.30392   10.43803  318.21136   16.34692 1.0430e-01     0.3915     0.5159    87.9010 0.0000e+00
        509  38.503391    0.03528     2.1166    126.998     49.467  51119.840    31.6743     4.5883     49.000     4.5855    25.0833     3.2476     4.6410     44.460    141.485    145.034    0.00060    7.30435   10.43864  318.22972   16.34778 9.3235e-02     0.3817     0.4982    88.2894 0.0000e+00
        514  38.503406    0.03562     2.1375    128.248     50.481  51124.196    31.6777     4.5922     50.000     4.5897    25.0856     3.2465     4.6396     44.452    141.441    144.989    0.00034    7.30350   10.43742  318.19205   16.34598 8.3472e-02     0.3824     0.5141    87.9397 0.0000e+00
        519  38.503419    0.03595     2.1574    129.446     51.484  51117.646    31.6723     4.5907     51.000     4.5854    25.0815     3.2487     4.6427     44.479    141.537    145.087    0.00041    7.30401   10.43817  318.21583   16.34713 7.5587e-02     0.3895     0.5083    88.0665 0.0000e+00
        524  38.503434    0.03630     2.1782    130.690     52.500  51122.848    31.6748     4.5881     52.000     4.5846    25.0838     3.2485     4.6423     44.473    141.526    145.076    0.00017    7.30436   10.43866  318.23037   16.34782 6.8690e-02     0.3894     0.5038    88.1662 0.0000e+00
        528  38.503447    0.03663     2.1976    131.856     53.506  51123.618    31.6749     4.5885     53.000     4.5850    25.0838     3.2484     4.6422     44.472    141.522    145.072   -0.00002    7.30427   10.43854  318.22662   16.34764 6.2811e-02     0.3907     0.5038    88.1647 0.0000e+00
