CTD-processing/allCTD/CNV/2017_10-17_t4_s04_cast051_4141.cnv
* Sea-Bird SBE19plus Data File:
* FileName = C:\Users\Kim.Powell\Desktop\Not Processed\2017\2017_10-17\2017_10-17_TRANSECT_STATION_cast051.hex
* Software Version 1.59
* Temperature SN =  4141
* Conductivity SN =  4141
* System UpLoad Time = Oct 20 2017 08:49:31
** Transect:
** 2017_10-17
** Station: 4-04
** Start Time: 12:28
** Depth (m): 90.2
** Comment: Edgecumbe
** Comment:
# nquan = 27
# nvalues = 87                          
# units = specified
# name 0 = scan: Scan Count
# name 1 = timeJ: Julian Days
# name 2 = timeH: Time, Elapsed [hours]
# name 3 = timeM: Time, Elapsed [minutes]
# name 4 = timeS: Time, Elapsed [seconds]
# name 5 = prdM: Pressure, Strain Gauge [db]
# name 6 = specc: Specific Conductance [uS/cm]
# name 7 = sal00: Salinity, Practical [PSU]
# name 8 = tv290C: Temperature [ITS-90, deg C]
# name 9 = depSM: Depth [salt water, m], lat = 59.00
# name 10 = potemp090C: Potential Temperature [ITS-90, deg C]
# name 11 = sigma-é00: Density [sigma-theta, kg/m^3]
# name 12 = sbeox0ML/L: Oxygen, SBE 43 [ml/l]
# name 13 = sbeox0Mg/L: Oxygen, SBE 43 [mg/l]
# name 14 = sbeox0PS: Oxygen, SBE 43 [% saturation]
# name 15 = sbox0Mm/Kg: Oxygen, SBE 43 [umol/kg]
# name 16 = sbeox0Mm/L: Oxygen, SBE 43 [umol/l]
# name 17 = sbox0dV/dT: Oxygen, SBE 43 [dov/dt]
# name 18 = oxsolML/L: Oxygen Saturation, Garcia & Gordon [ml/l]
# name 19 = oxsolMg/L: Oxygen Saturation, Garcia & Gordon [mg/l]
# name 20 = oxsolMm/Kg: Oxygen Saturation, Garcia & Gordon [umol/kg]
# name 21 = n2satMg/L: Nitrogen Saturation [mg/l]
# name 22 = par: PAR/Irradiance, Biospherical/Licor
# name 23 = wetStar: Fluorescence, WET Labs WETstar [mg/m^3]
# name 24 = CStarAt0: Beam Attenuation, WET Labs C-Star [1/m]
# name 25 = CStarTr0: Beam Transmission, WET Labs C-Star [%]
# name 26 = flag: flag
# span 0 =         96,        784       
# span 1 = 290.519940, 290.521929       
# span 2 =    0.00662,    0.05436       
# span 3 =     0.3975,     3.2613       
# span 4 =     23.849,    195.677       
# span 5 =      1.012,     87.826       
# span 6 =  47147.781,  48955.431       
# span 7 =    29.7731,    31.0493       
# span 8 =     9.3890,    10.1276       
# span 9 =      1.000,     87.000       
# span 10 =     9.4489,    10.1273      
# span 11 =    22.9696,    23.9155      
# span 12 =     2.6764,     2.7172      
# span 13 =     3.8249,     3.8832      
# span 14 =     40.586,     41.551      
# span 15 =    116.808,    118.618      
# span 16 =    119.529,    121.351      
# span 17 =   -0.00079,    0.00190      
# span 18 =    6.48773,    6.61857      
# span 19 =    9.27162,    9.45861      
# span 20 =  283.14449,  288.94820      
# span 21 =   14.67956,   14.95941      
# span 22 = 3.9127e-02, 8.6568e+01      
# span 23 =     0.3817,     1.9300      
# span 24 =     0.2507,     1.1357      
# span 25 =    75.2842,    93.9232      
# span 26 = 0.0000e+00, 0.0000e+00      
# interval = meters: 1                  
# start_time = Oct 17 2017 12:28:19 [Instrument's time stamp, header]
# bad_flag = -9.990e-29
*END*
[from data line 54]
        632 290.521491    0.04384     2.6305    157.830     55.522  48678.909    30.8797     9.8194     55.000     9.8075    23.7667     2.6964     3.8534     41.422    117.624    120.419   -0.00009    6.50950    9.30273  283.96534   14.71668 1.7675e-01     0.6132     0.2748    93.3605 0.0000e+00
        637 290.521505    0.04417     2.6502    159.011     56.542  48685.949    30.8829     9.8086     56.000     9.8002    23.7709     2.6947     3.8510     41.388    117.552    120.346   -0.00039    6.51090    9.30472  284.02534   14.71954 1.6050e-01     0.5715     0.2806    93.2271 0.0000e+00
        641 290.521517    0.04447     2.6682    160.094     57.544  48691.770    30.8862     9.8055     57.000     9.7983    23.7740     2.6964     3.8534     41.411    117.624    120.421   -0.00016    6.51121    9.30518  284.03820   14.72013 1.4802e-01     0.6250     0.2833    93.1620 0.0000e+00
        646 290.521532    0.04481     2.6888    161.326     58.555  48693.199    30.8864     9.8025     58.000     9.7947    23.7746     2.6955     3.8522     41.395    117.587    120.382   -0.00030    6.51164    9.30578  284.05632   14.72101 1.3567e-01     0.7388     0.2837    93.1536 0.0000e+00
        651 290.521545    0.04513     2.7080    162.478     59.568  48696.532    30.8880     9.8005     59.000     9.7938    23.7763     2.6994     3.8577     41.454    117.756    120.556    0.00028    6.51185    9.30608  284.06525   14.72142 1.2459e-01     0.6500     0.2883    93.0457 0.0000e+00
        655 290.521557    0.04542     2.7251    163.504     60.571  48696.528    30.8875     9.7993     60.000     9.7911    23.7760     2.6981     3.8558     41.432    117.698    120.496    0.00006    6.51205    9.30637  284.07404   14.72185 1.1511e-01     0.6792     0.2909    92.9869 0.0000e+00
        660 290.521570    0.04574     2.7444    164.662     61.586  48709.737    30.8952     9.7909     61.000     9.7804    23.7835     2.6976     3.8551     41.419    117.674    120.473   -0.00031    6.51292    9.30761  284.10992   14.72353 1.0594e-01     0.6373     0.3009    92.7546 0.0000e+00
        664 290.521584    0.04606     2.7637    165.819     62.593  48743.676    30.9184     9.7883     62.000     9.7835    23.8019     2.7004     3.8591     41.466    117.796    120.600    0.00035    6.51232    9.30676  284.07868   14.72195 9.8704e-02     0.6225     0.3192    92.3316 0.0000e+00
        669 290.521598    0.04641     2.7847    167.081     63.605  48744.617    30.9189     9.7908     63.000     9.7840    23.8020     2.7004     3.8592     41.468    117.797    120.601    0.00014    6.51196    9.30624  284.06281   14.72118 9.1336e-02     0.5759     0.3174    92.3735 0.0000e+00
        674 290.521613    0.04677     2.8062    168.370     64.613  48751.514    30.9235     9.7915     64.000     9.7849    23.8054     2.6985     3.8564     41.440    117.710    120.513   -0.00023    6.51165    9.30580  284.04861   14.72049 8.5259e-02     0.5169     0.3200    92.3124 0.0000e+00
        680 290.521629    0.04714     2.8288    169.731     65.625  48752.247    30.9234     9.7908     65.000     9.7824    23.8055     2.6984     3.8562     41.439    117.706    120.509   -0.00020    6.51175    9.30594  284.05279   14.72069 7.9611e-02     0.5314     0.3180    92.3575 0.0000e+00
        686 290.521645    0.04754     2.8521    171.128     66.634  48756.499    30.9254     9.7861     66.000     9.7770    23.8078     2.7001     3.8587     41.462    117.782    120.587    0.00003    6.51235    9.30680  284.07835   14.72190 7.4778e-02     0.4628     0.3250    92.1969 0.0000e+00
        691 290.521660    0.04790     2.8738    172.429     67.647  48762.173    30.9286     9.7829     67.000     9.7752    23.8108     2.7002     3.8588     41.460    117.785    120.589    0.00009    6.51267    9.30726  284.09124   14.72251 7.0281e-02     0.4500     0.3385    91.8868 0.0000e+00
        695 290.521673    0.04820     2.8923    173.536     68.648  48765.791    30.9301     9.7781     68.000     9.7632    23.8128     2.6991     3.8573     41.441    117.741    120.545   -0.00033    6.51330    9.30815  284.11814   14.72378 6.6612e-02     0.4291     0.3343    91.9814 0.0000e+00
        700 290.521688    0.04856     2.9137    174.821     69.669  48794.997    30.9475     9.7576     69.000     9.7442    23.8297     2.7022     3.8617     41.473    117.869    120.678    0.00008    6.51550    9.31130  284.20967   14.72809 6.3270e-02     0.4646     0.3600    91.3924 0.0000e+00
        705 290.521700    0.04886     2.9313    175.876     70.671  48819.598    30.9632     9.7482     70.000     9.7367    23.8435     2.7025     3.8622     41.473    117.882    120.693    0.00002    6.51620    9.31231  284.23641   14.72931 6.0087e-02     0.4687     0.3777    90.9887 0.0000e+00
        709 290.521713    0.04917     2.9500    176.999     71.686  48868.769    30.9960     9.7374     71.000     9.7241    23.8708     2.7028     3.8625     41.476    117.890    120.704   -0.00002    6.51638    9.31254  284.23626   14.72917 5.7092e-02     0.4103     0.4466    89.4379 0.0000e+00
        713 290.521725    0.04945     2.9670    178.018     72.687  48901.661    31.0175     9.7277     72.000     9.7167    23.8891     2.7044     3.8649     41.499    117.961    120.778    0.00013    6.51686    9.31325  284.25245   14.72986 5.4856e-02     0.3925     0.5564    87.0171 0.0000e+00
        718 290.521739    0.04979     2.9876    179.254     73.712  48920.856    31.0298     9.7217     73.000     9.7132    23.8997     2.7015     3.8606     41.451    117.831    120.647   -0.00036    6.51722    9.31375  284.26498   14.73040 5.2245e-02     0.4420     0.6309    85.4070 0.0000e+00
        722 290.521751    0.05007     3.0043    180.261     74.704  48927.026    31.0335     9.7209     74.000     9.7124    23.9028     2.7017     3.8609     41.455    117.840    120.656   -0.00035    6.51717    9.31369  284.26224   14.73026 4.9814e-02     0.3823     0.6798    84.3712 0.0000e+00
        727 290.521766    0.05043     3.0258    181.545     75.729  48937.274    31.0403     9.7201     75.000     9.7115    23.9081     2.7051     3.8658     41.508    117.987    120.809    0.00028    6.51699    9.31344  284.25307   14.72979 4.7765e-02     0.4005     0.7211    83.5078 0.0000e+00
        731 290.521778    0.05072     3.0435    182.607     76.725  48948.027    31.0473     9.7190     76.000     9.7107    23.9138     2.7038     3.8639     41.489    117.928    120.749   -0.00000    6.51686    9.31324  284.24561   14.72941 4.6159e-02     0.3817     0.8864    80.1248 0.0000e+00
        736 290.521792    0.05107     3.0643    183.859     77.746  48948.193    31.0469     9.7190     77.000     9.7106    23.9136     2.7040     3.8643     41.492    117.941    120.762   -0.00007    6.51687    9.31326  284.24621   14.72944 4.4139e-02     0.4529     0.9102    79.6481 0.0000e+00
        741 290.521805    0.05137     3.0822    184.934     78.748  48949.776    31.0476     9.7190     78.000     9.7105    23.9142     2.7021     3.8616     41.463    117.857    120.676   -0.00031    6.51685    9.31324  284.24522   14.72939 4.3215e-02     0.3987     0.9149    79.5547 0.0000e+00
        746 290.521819    0.05171     3.1023    186.138     79.762  48950.713    31.0479     9.7190     79.000     9.7103    23.9143     2.7015     3.8607     41.455    117.833    120.651   -0.00043    6.51684    9.31321  284.24438   14.72935 4.2326e-02     0.4023     0.9078    79.6971 0.0000e+00
        750 290.521832    0.05202     3.1217    187.299     80.771  48951.869    31.0482     9.7188     80.000     9.7099    23.9147     2.7049     3.8655     41.505    117.977    120.799    0.00015    6.51686    9.31325  284.24543   14.72940 4.1506e-02     0.4251     0.9039    79.7743 0.0000e+00
        755 290.521846    0.05236     3.1418    188.509     81.780  48953.914    31.0492     9.7185     81.000     9.7097    23.9155     2.7051     3.8658     41.509    117.988    120.809    0.00020    6.51686    9.31325  284.24510   14.72938 4.0772e-02     0.4123     0.8895    80.0623 0.0000e+00
        760 290.521861    0.05271     3.1626    189.755     82.792  48954.529    31.0492     9.7184     82.000     9.7095    23.9155     2.7038     3.8640     41.489    117.931    120.751   -0.00018    6.51687    9.31326  284.24558   14.72940 4.0275e-02     0.3947     0.9062    79.7286 0.0000e+00
        765 290.521874    0.05303     3.1818    190.909     83.799  48955.130    31.0493     9.7193     83.000     9.7110    23.9155     2.7063     3.8676     41.528    118.040    120.864    0.00020    6.51673    9.31307  284.23962   14.72912 3.9867e-02     0.4199     0.9549    78.7671 0.0000e+00
        769 290.521888    0.05336     3.2020    192.122     84.811  48954.095    31.0483     9.7203     84.000     9.7112    23.9146     2.7058     3.8668     41.521    118.018    120.840    0.00001    6.51664    9.31293  284.23561   14.72893 3.9657e-02     0.4018     1.0303    77.2902 0.0000e+00
        774 290.521901    0.05369     3.2212    193.271     85.820  48955.349    31.0488     9.7209     85.000     9.7118    23.9149     2.7067     3.8680     41.535    118.055    120.879    0.00019    6.51654    9.31278  284.23117   14.72872 3.9428e-02     0.4123     1.0655    76.6162 0.0000e+00
        779 290.521915    0.05401     3.2402    194.412     86.829  48955.294    31.0484     9.7212     86.000     9.7119    23.9145     2.7062     3.8673     41.528    118.034    120.856   -0.00014    6.51651    9.31274  284.23001   14.72866 3.9173e-02     0.4157     1.1014    75.9302 0.0000e+00
        784 290.521929    0.05436     3.2613    195.677     87.826  48955.431    31.0481     9.7217     87.000     9.7126    23.9143     2.7076     3.8694     41.551    118.098    120.922    0.00013    6.51645    9.31266  284.22749   14.72854 3.9127e-02     0.4020     1.1357    75.2842 0.0000e+00
