CTD-processing/allCTD/CNV/2017_06-28_t9_s08_cast192_4141.cnv
* Sea-Bird SBE19plus Data File:
* FileName = C:\Users\Kim.Powell\Desktop\2017_06-28_4141\T9\2017_06-28_T9_cast192.hex
* Software Version 1.59
* Temperature SN =  4141
* Conductivity SN =  4141
* System UpLoad Time = Jul 21 2017 10:52:43
** CookInlet LTM Transect 9
** 2017_06-28
** Station: 9-08
** Start Time: 12:51
** Depth: 90m
** Comment: Barnacle
** Comment:
# nquan = 27
# nvalues = 90                          
# units = specified
# name 0 = scan: Scan Count
# name 1 = timeJ: Julian Days
# name 2 = timeH: Time, Elapsed [hours]
# name 3 = timeM: Time, Elapsed [minutes]
# name 4 = timeS: Time, Elapsed [seconds]
# name 5 = prdM: Pressure, Strain Gauge [db]
# name 6 = specc: Specific Conductance [uS/cm]
# name 7 = sal00: Salinity, Practical [PSU]
# name 8 = tv290C: Temperature [ITS-90, deg C]
# name 9 = depSM: Depth [salt water, m], lat = 59.00
# name 10 = potemp090C: Potential Temperature [ITS-90, deg C]
# name 11 = sigma-é00: Density [sigma-theta, kg/m^3]
# name 12 = sbeox0ML/L: Oxygen, SBE 43 [ml/l]
# name 13 = sbeox0Mg/L: Oxygen, SBE 43 [mg/l]
# name 14 = sbeox0PS: Oxygen, SBE 43 [% saturation]
# name 15 = sbox0Mm/Kg: Oxygen, SBE 43 [umol/kg]
# name 16 = sbeox0Mm/L: Oxygen, SBE 43 [umol/l]
# name 17 = sbox0dV/dT: Oxygen, SBE 43 [dov/dt]
# name 18 = oxsolML/L: Oxygen Saturation, Garcia & Gordon [ml/l]
# name 19 = oxsolMg/L: Oxygen Saturation, Garcia & Gordon [mg/l]
# name 20 = oxsolMm/Kg: Oxygen Saturation, Garcia & Gordon [umol/kg]
# name 21 = n2satMg/L: Nitrogen Saturation [mg/l]
# name 22 = par: PAR/Irradiance, Biospherical/Licor
# name 23 = wetStar: Fluorescence, WET Labs WETstar [mg/m^3]
# name 24 = CStarAt0: Beam Attenuation, WET Labs C-Star [1/m]
# name 25 = CStarTr0: Beam Transmission, WET Labs C-Star [%]
# name 26 = flag: flag
# span 0 =        125,        724       
# span 1 = 179.536307, 179.538041       
# span 2 =    0.00859,    0.05023       
# span 3 =     0.5150,     3.0138       
# span 4 =     30.900,    180.830       
# span 5 =      1.014,     90.873       
# span 6 =  45384.226,  50604.155       
# span 7 =    28.7417,    31.7176       
# span 8 =     6.5667,    11.1831       
# span 9 =      1.000,     90.000       
# span 10 =     6.5583,    11.1825      
# span 11 =    21.8763,    24.8896      
# span 12 =     2.7050,     3.0700      
# span 13 =     3.8657,     4.3873      
# span 14 =     42.226,     44.156      
# span 15 =    118.218,    133.778      
# span 16 =    120.804,    137.106      
# span 17 =   -0.00588,    0.00175      
# span 18 =    6.40597,    6.96918      
# span 19 =    9.15476,    9.95965      
# span 20 =  279.96584,  303.69228      
# span 21 =   14.53396,   15.65535      
# span 22 = 4.5102e-02, 2.4908e+02      
# span 23 =     0.4598,     3.1822      
# span 24 =     0.8028,     1.9417      
# span 25 =    61.5445,    81.8127      
# span 26 = 0.0000e+00, 0.0000e+00      
# interval = meters: 1                  
# start_time = Jun 28 2017 12:51:46 [Instrument's time stamp, header]
# bad_flag = -9.990e-29
*END*
        125 179.536307    0.00859     0.5150     30.900      1.014  45384.226    28.7417    11.1831      1.000    11.1825    21.8763     2.7050     3.8657     42.226    118.218    120.804   -0.00588    6.40597    9.15476  279.96584   14.53396 2.4908e+02     0.4598     1.4824    68.8830 0.0000e+00
        407 179.537125    0.02823     1.6937    101.621      2.032  45605.168    28.8906    11.1255      2.000    11.0354    22.0018     2.7241     3.8930     42.511    119.037    121.657    0.00175    6.40785    9.15746  280.01401   14.53566 1.4238e+02     1.2097     1.3681    71.0541 0.0000e+00
        382 179.537052    0.02648     1.5888     95.326      3.025  45862.995    29.0473    10.8955      3.000    10.8070    22.1623     2.7366     3.9109     42.537    119.566    122.216    0.00068    6.43339    9.19396  281.08559   14.58633 1.0318e+02     1.1851     1.2582    73.0137 0.0000e+00
        387 179.537065    0.02679     1.6070     96.418      4.042  46000.958    29.1279    10.7456      4.000    10.7201    22.2501     2.7497     3.9296     42.625    120.130    122.802    0.00144    6.45101    9.21913  281.83112   14.62168 7.7715e+01     1.4338     1.2518    73.1289 0.0000e+00
        391 179.537077    0.02705     1.6235     97.410      5.045  46035.485    29.1478    10.7084      5.000    10.7063    22.2717     2.7410     3.9172     42.462    119.748    122.415   -0.00060    6.45539    9.22540  282.01670   14.63049 5.8197e+01     1.9081     1.2705    72.7869 0.0000e+00
        395 179.537090    0.02737     1.6425     98.549      6.059  46023.359    29.1377    10.6981      6.000    10.6860    22.2656     2.7407     3.9168     42.444    119.735    122.401   -0.00092    6.45724    9.22805  282.09944   14.63448 4.4700e+01     2.3528     1.2846    72.5326 0.0000e+00
        399 179.537102    0.02767     1.6600     99.597      7.061  46038.639    29.1461    10.6796      7.000    10.6397    22.2752     2.7423     3.9189     42.453    119.800    122.468   -0.00053    6.45950    9.23128  282.19551   14.63905 3.2908e+01     2.5240     1.3862    70.7138 0.0000e+00
        404 179.537114    0.02797     1.6780    100.682      8.076  46601.468    29.5017    10.3367      8.000     9.9629    22.6080     2.7636     3.9494     42.559    120.691    123.420    0.00045    6.49333    9.27962  283.58072   14.70386 2.4582e+01     2.6526     1.4708    69.2393 0.0000e+00
        408 179.537128    0.02828     1.6971    101.825      9.087  47700.694    30.1732     9.5172      9.000     9.2951    23.2621     2.8122     4.0190     42.720    122.739    125.594    0.00131    6.58293    9.40768  287.31020   14.87948 1.7805e+01     2.7533     1.3290    71.7361 0.0000e+00
        413 179.537140    0.02858     1.7148    102.886     10.089  48252.069    30.5000     9.0657     10.000     8.8196    23.5867     2.8363     4.0533     42.746    123.748    126.667    0.00120    6.63521    9.48238  289.49998   14.98280 1.3108e+01     3.1822     1.2176    73.7577 0.0000e+00
        418 179.537155    0.02895     1.7367    104.203     11.110  48863.662    30.8603     8.5840     11.000     8.5343    23.9407     2.8500     4.0730     42.593    124.308    127.284   -0.00115    6.69142    9.56271  291.85185   15.09370 9.9101e+00     2.8066     1.1075    75.8144 0.0000e+00
        422 179.537167    0.02924     1.7540    105.242     12.109  48932.557    30.8957     8.5000     12.000     8.4237    23.9807     2.8520     4.0758     42.550    124.385    127.368   -0.00116    6.70256    9.57864  292.32633   15.11621 7.4097e+00     2.4438     1.1730    74.5862 0.0000e+00
        427 179.537181    0.02955     1.7734    106.404     13.126  49073.186    30.9673     8.3221     13.000     8.2304    24.0626     2.8616     4.0895     42.543    124.796    127.799   -0.00110    6.72637    9.61266  293.34106   15.16438 5.6230e+00     2.1806     1.1071    75.8241 0.0000e+00
        431 179.537193    0.02985     1.7911    107.464     14.130  49258.939    31.0652     8.1141     14.000     8.0134    24.1692     2.8775     4.1123     42.607    125.479    128.512   -0.00001    6.75376    9.65181  294.50515   15.21957 4.2504e+00     2.1608     1.0480    76.9554 0.0000e+00
        435 179.537206    0.03017     1.8100    108.600     15.144  49488.780    31.1966     7.9291     15.000     7.8922    24.2984     2.8861     4.1246     42.591    125.836    128.894   -0.00045    6.77633    9.68405  295.45182   15.26423 3.3055e+00     1.9260     1.0290    77.3185 0.0000e+00
        440 179.537219    0.03047     1.8282    109.694     16.152  49547.666    31.2273     7.8668     16.000     7.8082    24.3314     2.8947     4.1367     42.665    126.204    129.275    0.00029    6.78457    9.69583  295.80163   15.28080 2.5307e+00     1.6110     1.1063    75.8373 0.0000e+00
        444 179.537230    0.03074     1.8447    110.682     17.161  49693.651    31.3065     7.7277     17.000     7.6695    24.4129     2.9070     4.1545     42.735    126.735    129.829    0.00082    6.80257    9.72155  296.56276   15.31680 1.9686e+00     1.6022     1.0248    77.4388 0.0000e+00
        448 179.537243    0.03104     1.8627    111.760     18.167  49825.628    31.3840     7.6399     18.000     7.6189    24.4858     2.9122     4.1617     42.745    126.948    130.056    0.00050    6.81276    9.73612  296.98605   15.33669 1.5415e+00     1.6071     0.8028    81.8127 0.0000e+00
        453 179.537256    0.03137     1.8823    112.938     19.187  49869.517    31.4079     7.6021     19.000     7.5907    24.5098     2.9119     4.1614     42.712    126.934    130.046    0.00003    6.81757    9.74299  297.18859   15.34625 1.2002e+00     1.3159     0.8138    81.5917 0.0000e+00
        457 179.537267    0.03164     1.8983    113.896     20.186  49887.145    31.4171     7.5861     20.000     7.5771    24.5193     2.9152     4.1661     42.747    127.077    130.193    0.00009    6.81966    9.74596  297.27672   15.35043 9.3680e-01     1.5113     0.8204    81.4567 0.0000e+00
        461 179.537279    0.03193     1.9155    114.930     21.198  49894.639    31.4187     7.5667     21.000     7.5498    24.5232     2.9215     4.1750     42.820    127.349    130.472    0.00079    6.82262    9.75020  297.40468   15.35653 7.3259e-01     1.3735     0.8185    81.5022 0.0000e+00
        465 179.537293    0.03224     1.9345    116.070     22.213  49962.359    31.4609     7.5385     22.000     7.5388    24.5602     2.9256     4.1809     42.864    127.524    130.655    0.00077    6.82513    9.75378  297.50328   15.36106 5.7233e-01     1.2480     1.1304    75.5057 0.0000e+00
        469 179.537304    0.03252     1.9511    117.064     23.217  49980.647    31.4749     7.5492     23.000     7.5399    24.5697     2.9262     4.1817     42.887    127.547    130.680    0.00080    6.82283    9.75050  297.40034   15.35609 4.4704e-01     1.2853     1.3544    71.2885 0.0000e+00
        473 179.537315    0.03279     1.9673    118.038     24.229  49958.940    31.4545     7.5204     24.000     7.4893    24.5577     2.9306     4.1882     42.919    127.744    130.881    0.00069    6.82822    9.75822  297.63920   15.36757 3.5090e-01     1.3073     1.3591    71.1939 0.0000e+00
        477 179.537326    0.03305     1.9829    118.976     25.236  50073.701    31.5265     7.4748     25.000     7.4903    24.6205     2.9370     4.1972     42.988    128.015    131.167    0.00099    6.83214    9.76381  297.79152   15.37454 2.7284e-01     1.4126     1.3618    71.1452 0.0000e+00
        481 179.537337    0.03330     1.9983    119.899     26.245  50067.321    31.5290     7.5191     26.000     7.4902    24.6165     2.9361     4.1961     43.020    127.978    131.129    0.00102    6.82509    9.75373  297.48544   15.35993 2.1865e-01     1.3289     1.3565    71.2402 0.0000e+00
        484 179.537348    0.03357     2.0143    120.856     27.259  50057.900    31.5038     7.4103     27.000     7.3437    24.6114     2.9451     4.2088     43.036    128.367    131.527    0.00075    6.84325    9.77969  298.27858   15.39788 1.7524e-01     1.4852     1.3635    71.1138 0.0000e+00
        488 179.537358    0.03383     2.0297    121.785     28.265  50163.135    31.5610     7.3178     28.000     7.2915    24.6689     2.9558     4.2242     43.118    128.829    132.007    0.00110    6.85520    9.79677  298.78266   15.42169 1.4276e-01     1.5837     1.3851    70.7319 0.0000e+00
        492 179.537370    0.03409     2.0455    122.729     29.277  50166.988    31.5558     7.2743     29.000     7.2323    24.6707     2.9615     4.2323     43.156    129.078    132.262    0.00113    6.86227    9.80689  299.09074   15.43641 1.1720e-01     1.2680     1.3859    70.7184 0.0000e+00
        495 179.537380    0.03434     2.0603    123.618     30.287  50246.134    31.6001     7.2137     30.000     7.2055    24.7136     2.9653     4.2377     43.163    129.234    132.429    0.00070    6.86986    9.81772  299.40846   15.45139 9.9188e-02     1.2059     1.3580    71.2129 0.0000e+00
        499 179.537390    0.03457     2.0747    124.479     31.296  50282.587    31.6252     7.2146     31.000     7.2168    24.7333     2.9668     4.2399     43.195    129.302    132.500    0.00082    6.86858    9.81589  299.34704   15.44836 8.6812e-02     1.0857     1.3802    70.8192 0.0000e+00
        502 179.537400    0.03482     2.0891    125.346     32.302  50260.452    31.6095     7.2154     32.000     7.2027    24.7208     2.9704     4.2450     43.243    129.458    132.659    0.00086    6.86916    9.81671  299.37574   15.44980 7.5749e-02     1.0218     1.3464    71.4192 0.0000e+00
        506 179.537410    0.03507     2.1044    126.263     33.316  50270.802    31.6131     7.1974     33.000     7.1886    24.7261     2.9745     4.2509     43.285    129.636    132.841    0.00107    6.87183    9.82053  299.49070   15.45527 6.8409e-02     1.1289     1.3100    72.0731 0.0000e+00
        510 179.537421    0.03533     2.1196    127.175     34.319  50277.876    31.6161     7.1886     34.000     7.1822    24.7296     2.9745     4.2509     43.277    129.635    132.840    0.00057    6.87309    9.82234  299.54474   15.45783 6.2256e-02     1.2643     1.2906    72.4238 0.0000e+00
        514 179.537432    0.03560     2.1360    128.157     35.338  50277.762    31.6142     7.1809     35.000     7.1704    24.7292     2.9765     4.2537     43.298    129.722    132.930    0.00049    6.87440    9.82420  299.60171   15.46056 5.8998e-02     1.0761     1.2916    72.4051 0.0000e+00
        517 179.537443    0.03584     2.1508    129.048     36.344  50284.434    31.6158     7.1662     36.000     7.1552    24.7324     2.9833     4.2633     43.382    130.017    133.232    0.00091    6.87665    9.82742  299.69877   15.46518 5.5240e-02     1.1398     1.3184    71.9230 0.0000e+00
        521 179.537454    0.03610     2.1660    129.959     37.353  50286.711    31.6142     7.1506     37.000     7.1352    24.7332     2.9848     4.2656     43.390    130.086    133.303    0.00100    6.87918    9.83105  299.80910   15.47045 5.3579e-02     1.1802     1.3410    71.5163 0.0000e+00
        524 179.537463    0.03635     2.1809    130.856     38.362  50295.183    31.6154     7.1264     38.000     7.1050    24.7374     2.9899     4.2729     43.439    130.306    133.529    0.00075    6.88297    9.83646  299.97300   15.47827 5.1387e-02     1.0214     1.3571    71.2282 0.0000e+00
        528 179.537474    0.03660     2.1960    131.763     39.372  50295.564    31.6089     7.0900     39.000     7.0551    24.7371     2.9979     4.2843     43.516    130.654    133.886    0.00140    6.88904    9.84512  300.23750   15.49091 4.9997e-02     0.9542     1.3732    70.9438 0.0000e+00
        532 179.537485    0.03686     2.2116    132.694     40.380  50304.337    31.6029     7.0234     40.000     6.9717    24.7411     3.0036     4.2926     43.532    130.905    134.145    0.00100    6.89989    9.86064  300.70937   15.51344 4.9316e-02     0.9778     1.4418    69.7355 0.0000e+00
        536 179.537496    0.03713     2.2279    133.675     41.392  50337.412    31.6074     6.9215     41.000     6.8610    24.7580     3.0101     4.3017     43.523    131.182    134.430    0.00046    6.91594    9.88357  301.40376   15.54654 4.7806e-02     0.9444     1.5046    68.6526 0.0000e+00
        539 179.537507    0.03739     2.2437    134.621     42.403  50429.520    31.6553     6.8340     42.000     6.8156    24.8071     3.0148     4.3085     43.519    131.384    134.643    0.00020    6.92778    9.90048  301.90494   15.57025 4.8007e-02     0.7921     1.6214    66.6757 0.0000e+00
        543 179.537517    0.03764     2.2585    135.510     43.411  50454.963    31.6690     6.8143     43.000     6.8078    24.8205     3.0187     4.3140     43.558    131.549    134.814    0.00035    6.93030    9.90410  302.01124   15.57526 4.6695e-02     0.7077     1.6519    66.1685 0.0000e+00
        546 179.537527    0.03788     2.2727    136.364     44.415  50456.926    31.6692     6.8103     44.000     6.8037    24.8211     3.0196     4.3152     43.566    131.586    134.852    0.00042    6.93093    9.90499  302.03842   15.57655 4.6834e-02     0.6792     1.6706    65.8592 0.0000e+00
        550 179.537538    0.03814     2.2883    137.298     45.434  50452.666    31.6643     6.8022     45.000     6.7906    24.8183     3.0217     4.3184     43.588    131.681    134.949    0.00028    6.93246    9.90718  302.10575   15.57979 4.6202e-02     0.6174     1.6728    65.8234 0.0000e+00
        554 179.537548    0.03837     2.3025    138.148     46.441  50458.623    31.6656     6.7893     46.000     6.7787    24.8210     3.0277     4.3269     43.662    131.943    135.217    0.00082    6.93449    9.91008  302.19338   15.58396 4.6378e-02     0.6503     1.6690    65.8860 0.0000e+00
        557 179.537557    0.03860     2.3159    138.955     47.444  50466.795    31.6691     6.7799     47.000     6.7733    24.8250     3.0279     4.3272     43.656    131.951    135.226    0.00067    6.93581    9.91197  302.24989   15.58664 4.5769e-02     0.6657     1.6650    65.9520 0.0000e+00
        560 179.537568    0.03884     2.3305    139.830     48.463  50472.059    31.6716     6.7761     48.000     6.7707    24.8275     3.0264     4.3250     43.631    131.884    135.158    0.00008    6.93630    9.91268  302.27075   15.58763 4.6593e-02     0.5751     1.6674    65.9125 0.0000e+00
        564 179.537577    0.03907     2.3440    140.641     49.466  50449.996    31.6545     6.7687     49.000     6.7408    24.8149     3.0289     4.3285     43.654    131.992    135.267    0.00018    6.93828    9.91551  302.36080   15.59199 4.5493e-02     0.6573     1.6763    65.7662 0.0000e+00
        567 179.537587    0.03931     2.3581    141.486     50.475  50482.686    31.6686     6.7241     50.000     6.7038    24.8318     3.0363     4.3393     43.721    132.317    135.602    0.00061    6.94481    9.92483  302.64019   15.60526 4.5655e-02     0.6706     1.6814    65.6830 0.0000e+00
        571 179.537597    0.03955     2.3733    142.399     51.489  50492.121    31.6686     6.6906     51.000     6.6622    24.8361     3.0409     4.3458     43.754    132.518    135.809    0.00081    6.95021    9.93255  302.87438   15.61642 4.5594e-02     0.6127     1.7223    65.0162 0.0000e+00
        574 179.537608    0.03980     2.3883    143.298     52.498  50537.122    31.6933     6.6575     52.000     6.6489    24.8599     3.0427     4.3484     43.753    132.593    135.889    0.00044    6.95442    9.93856  303.05068   15.62473 4.5752e-02     0.5667     1.7636    64.3458 0.0000e+00
        578 179.537618    0.04005     2.4031    144.184     53.504  50544.466    31.6969     6.6523     53.000     6.6467    24.8634     3.0403     4.3450     43.714    132.488    135.781   -0.00004    6.95510    9.93954  303.07932   15.62608 4.5320e-02     0.5318     1.7863    63.9821 0.0000e+00
